run_id,protocol,serializer,compression,zstd_dict,crc_ok,seq_id,payload_size_bytes,wire_size_bytes,ts_created_ns,ts_serialized_ns,ts_compressed_ns,ts_sent_ns,ts_received_ns,ts_decompressed_ns,ts_deserialized_ns,ts_processed_ns,ntp_offset_sender_ns,ntp_offset_receiver_ns,e2e_delay_us,serialization_us,compression_us,transport_us,decompression_us,deserialization_us,processing_us,jitter_us,is_out_of_order,is_duplicate,seq_gap
B3_zmq_pushpull,zmq_tcp,none,none,,1,0,512,584,1785153436462178000,1785153436462178000,1785153436462178000,1785153436462180000,1785153436462588000,1785153436462594000,1785153436462594000,1785153436462594000,121932490,121652369,127.879,0.000,0.000,2.000,6.000,0.000,0.000,0.000,0,0,0
B3_zmq_pushpull,zmq_tcp,none,none,,1,1,512,584,1785153436462202000,1785153436462202000,1785153436462202000,1785153436462204000,1785153436462590000,1785153436462599000,1785153436462599000,1785153436462599000,121932490,121652369,105.879,0.000,0.000,2.000,9.000,0.000,0.000,0.000,0,0,0
B3_zmq_pushpull,zmq_tcp,none,none,,1,2,512,584,1785153436463429000,1785153436463429000,1785153436463429000,1785153436463430000,1785153436463599000,1785153436463604000,1785153436463604000,1785153436463604000,121932490,121652369,-111.121,0.000,0.000,1.000,5.000,0.000,0.000,0.000,0,0,0
B3_zmq_pushpull,zmq_tcp,none,none,,1,3,512,584,1785153436464372000,1785153436464372000,1785153436464372000,1785153436464373000,1785153436464436000,1785153436464439000,1785153436464439000,1785153436464439000,121932490,121652369,-217.121,0.000,0.000,1.000,3.000,0.000,0.000,0.000,0,0,0
B3_zmq_pushpull,zmq_tcp,none,none,,1,4,512,584,1785153436465383000,1785153436465383000,1785153436465383000,1785153436465384000,1785153436465552000,1785153436465555000,1785153436465555000,1785153436465555000,121932490,121652369,-112.121,0.000,0.000,1.000,3.000,0.000,0.000,0.000,0,0,0
B3_zmq_pushpull,zmq_tcp,none,none,,1,5,512,584,1785153436466377000,1785153436466377000,1785153436466377000,1785153436466378000,1785153436466505000,1785153436466508000,1785153436466508000,1785153436466508000,121932490,121652369,-153.121,0.000,0.000,1.000,3.000,0.000,0.000,0.000,0,0,0
B3_zmq_pushpull,zmq_tcp,none,none,,1,6,512,584,1785153436467382000,1785153436467382000,1785153436467382000,1785153436467383000,1785153436467461000,1785153436467464000,1785153436467466000,1785153436467466000,121932490,121652369,-202.121,0.000,0.000,1.000,3.000,2.000,0.000,0.000,0,0,0
B3_zmq_pushpull,zmq_tcp,none,none,,1,7,512,584,1785153436468380000,1785153436468382000,1785153436468382000,1785153436468383000,1785153436468430000,1785153436468433000,1785153436468433000,1785153436468433000,121932490,121652369,-233.121,2.000,0.000,1.000,3.000,0.000,0.000,0.000,0,0,0
B3_zmq_pushpull,zmq_tcp,none,none,,1,8,512,584,1785153436469379000,1785153436469379000,1785153436469382000,1785153436469383000,1785153436469551000,1785153436469559000,1785153436469559000,1785153436469559000,121932490,121652369,-112.121,0.000,3.000,1.000,8.000,0.000,0.000,0.000,0,0,0
B3_zmq_pushpull,zmq_tcp,none,none,,1,9,512,584,1785153436470378000,1785153436470378000,1785153436470378000,1785153436470379000,1785153436470543000,1785153436470547000,1785153436470547000,1785153436470547000,121932490,121652369,-116.121,0.000,0.000,1.000,4.000,0.000,0.000,0.000,0,0,0
B3_zmq_pushpull,zmq_tcp,none,none,,1,10,512,584,1785153436471381000,1785153436471381000,1785153436471381000,1785153436471382000,1785153436471535000,1785153436471538000,1785153436471539000,1785153436471539000,121932490,121652369,-127.121,0.000,0.000,1.000,3.000,1.000,0.000,0.000,0,0,0
B3_zmq_pushpull,zmq_tcp,none,none,,1,11,512,584,1785153436472237000,1785153436472237000,1785153436472237000,1785153436472238000,1785153436472395000,1785153436472398000,1785153436472398000,1785153436472398000,121932490,121652369,-123.121,0.000,0.000,1.000,3.000,0.000,0.000,0.000,0,0,0
B3_zmq_pushpull,zmq_tcp,none,none,,1,12,512,584,1785153436473259000,1785153436473259000,1785153436473259000,1785153436473260000,1785153436473413000,1785153436473416000,1785153436473416000,1785153436473416000,121932490,121652369,-127.121,0.000,0.000,1.000,3.000,0.000,0.000,0.000,0,0,0
B3_zmq_pushpull,zmq_tcp,none,none,,1,13,512,584,1785153436474407000,1785153436474408000,1785153436474408000,1785153436474409000,1785153436474530000,1785153436474533000,1785153436474533000,1785153436474533000,121932490,121652369,-159.121,1.000,0.000,1.000,3.000,0.000,0.000,0.000,0,0,0
B3_zmq_pushpull,zmq_tcp,none,none,,1,14,512,584,1785153436475375000,1785153436475375000,1785153436475375000,1785153436475376000,1785153436475544000,1785153436475547000,1785153436475547000,1785153436475547000,121932490,121652369,-112.121,0.000,0.000,1.000,3.000,0.000,0.000,0.000,0,0,0
B3_zmq_pushpull,zmq_tcp,none,none,,1,15,512,584,1785153436476382000,1785153436476382000,1785153436476382000,1785153436476383000,1785153436476545000,1785153436476548000,1785153436476548000,1785153436476548000,121932490,121652369,-118.121,0.000,0.000,1.000,3.000,0.000,0.000,0.000,0,0,0
B3_zmq_pushpull,zmq_tcp,none,none,,1,16,512,584,1785153436477377000,1785153436477377000,1785153436477377000,1785153436477378000,1785153436477532000,1785153436477535000,1785153436477536000,1785153436477536000,121932490,121652369,-126.121,0.000,0.000,1.000,3.000,1.000,0.000,0.000,0,0,0
B3_zmq_pushpull,zmq_tcp,none,none,,1,17,512,584,1785153436478382000,1785153436478382000,1785153436478382000,1785153436478383000,1785153436478542000,1785153436478546000,1785153436478546000,1785153436478546000,121932490,121652369,-121.121,0.000,0.000,1.000,4.000,0.000,0.000,0.000,0,0,0
B3_zmq_pushpull,zmq_tcp,none,none,,1,18,512,584,1785153436479383000,1785153436479383000,1785153436479383000,1785153436479384000,1785153436479560000,1785153436479563000,1785153436479563000,1785153436479563000,121932490,121652369,-104.121,0.000,0.000,1.000,3.000,0.000,0.000,0.000,0,0,0
B3_zmq_pushpull,zmq_tcp,none,none,,1,19,512,584,1785153436480380000,1785153436480381000,1785153436480381000,1785153436480382000,1785153436480563000,1785153436480566000,1785153436480566000,1785153436480566000,121932490,121652369,-99.121,1.000,0.000,1.000,3.000,0.000,0.000,0.000,0,0,0
B3_zmq_pushpull,zmq_tcp,none,none,,1,20,512,584,1785153436481381000,1785153436481381000,1785153436481381000,1785153436481382000,1785153436481429000,1785153436481433000,1785153436481433000,1785153436481433000,121932490,121652369,-233.121,0.000,0.000,1.000,4.000,0.000,0.000,0.000,0,0,0
B3_zmq_pushpull,zmq_tcp,none,none,,1,21,512,584,1785153436482283000,1785153436482283000,1785153436482283000,1785153436482284000,1785153436482437000,1785153436482440000,1785153436482440000,1785153436482440000,121932490,121652369,-127.121,0.000,0.000,1.000,3.000,0.000,0.000,0.000,0,0,0
B3_zmq_pushpull,zmq_tcp,none,none,,1,22,512,584,1785153436483289000,1785153436483289000,1785153436483289000,1785153436483290000,1785153436483445000,1785153436483448000,1785153436483448000,1785153436483448000,121932490,121652369,-125.121,0.000,0.000,1.000,3.000,0.000,0.000,0.000,0,0,0
B3_zmq_pushpull,zmq_tcp,none,none,,1,23,512,584,1785153436484302000,1785153436484302000,1785153436484302000,1785153436484303000,1785153436484459000,1785153436484462000,1785153436484462000,1785153436484462000,121932490,121652369,-124.121,0.000,0.000,1.000,3.000,0.000,0.000,0.000,0,0,0
B3_zmq_pushpull,zmq_tcp,none,none,,1,24,512,584,1785153436485401000,1785153436485402000,1785153436485402000,1785153436485403000,1785153436485469000,1785153436485472000,1785153436485472000,1785153436485472000,121932490,121652369,-214.121,1.000,0.000,1.000,3.000,0.000,0.000,0.000,0,0,0
B3_zmq_pushpull,zmq_tcp,none,none,,1,25,512,584,1785153436486375000,1785153436486375000,1785153436486375000,1785153436486376000,1785153436486474000,1785153436486477000,1785153436486477000,1785153436486477000,121932490,121652369,-182.121,0.000,0.000,1.000,3.000,0.000,0.000,0.000,0,0,0
B3_zmq_pushpull,zmq_tcp,none,none,,1,26,512,584,1785153436487381000,1785153436487381000,1785153436487381000,1785153436487382000,1785153436487474000,1785153436487477000,1785153436487477000,1785153436487477000,121932490,121652369,-188.121,0.000,0.000,1.000,3.000,0.000,0.000,0.000,0,0,0
B3_zmq_pushpull,zmq_tcp,none,none,,1,27,512,584,1785153436488380000,1785153436488381000,1785153436488381000,1785153436488382000,1785153436488471000,1785153436488474000,1785153436488474000,1785153436488474000,121932490,121652369,-191.121,1.000,0.000,1.000,3.000,0.000,0.000,0.000,0,0,0
B3_zmq_pushpull,zmq_tcp,none,none,,1,28,512,584,1785153436489380000,1785153436489380000,1785153436489381000,1785153436489382000,1785153436489437000,1785153436489440000,1785153436489441000,1785153436489441000,121932490,121652369,-225.121,0.000,1.000,1.000,3.000,1.000,0.000,0.000,0,0,0
B3_zmq_pushpull,zmq_tcp,none,none,,1,29,512,584,1785153436490272000,1785153436490272000,1785153436490273000,1785153436490273000,1785153436490420000,1785153436490423000,1785153436490423000,1785153436490423000,121932490,121652369,-133.121,0.000,1.000,0.000,3.000,0.000,0.000,0.000,0,0,0
B3_zmq_pushpull,zmq_tcp,none,none,,1,30,512,584,1785153436491410000,1785153436491410000,1785153436491410000,1785153436491411000,1785153436491576000,1785153436491579000,1785153436491579000,1785153436491579000,121932490,121652369,-115.121,0.000,0.000,1.000,3.000,0.000,0.000,0.000,0,0,0
B3_zmq_pushpull,zmq_tcp,none,none,,1,31,512,584,1785153436492287000,1785153436492287000,1785153436492287000,1785153436492288000,1785153436492449000,1785153436492452000,1785153436492452000,1785153436492452000,121932490,121652369,-119.121,0.000,0.000,1.000,3.000,0.000,0.000,0.000,0,0,0
B3_zmq_pushpull,zmq_tcp,none,none,,1,32,512,584,1785153436493405000,1785153436493405000,1785153436493405000,1785153436493406000,1785153436493564000,1785153436493568000,1785153436493568000,1785153436493568000,121932490,121652369,-122.121,0.000,0.000,1.000,4.000,0.000,0.000,0.000,0,0,0
B3_zmq_pushpull,zmq_tcp,none,none,,1,33,512,584,1785153436494272000,1785153436494272000,1785153436494272000,1785153436494273000,1785153436494418000,1785153436494421000,1785153436494421000,1785153436494421000,121932490,121652369,-135.121,0.000,0.000,1.000,3.000,0.000,0.000,0.000,0,0,0
B3_zmq_pushpull,zmq_tcp,none,none,,1,34,512,584,1785153436495408000,1785153436495409000,1785153436495409000,1785153436495410000,1785153436495563000,1785153436495566000,1785153436495566000,1785153436495566000,121932490,121652369,-127.121,1.000,0.000,1.000,3.000,0.000,0.000,0.000,0,0,0
B3_zmq_pushpull,zmq_tcp,none,none,,1,35,512,584,1785153436496374000,1785153436496374000,1785153436496374000,1785153436496375000,1785153436496427000,1785153436496431000,1785153436496431000,1785153436496431000,121932490,121652369,-228.121,0.000,0.000,1.000,4.000,0.000,0.000,0.000,0,0,0
B3_zmq_pushpull,zmq_tcp,none,none,,1,36,512,584,1785153436497382000,1785153436497383000,1785153436497383000,1785153436497384000,1785153436497565000,1785153436497568000,1785153436497568000,1785153436497568000,121932490,121652369,-99.121,1.000,0.000,1.000,3.000,0.000,0.000,0.000,0,0,0
B3_zmq_pushpull,zmq_tcp,none,none,,1,37,512,584,1785153436498274000,1785153436498275000,1785153436498275000,1785153436498276000,1785153436498432000,1785153436498435000,1785153436498435000,1785153436498435000,121932490,121652369,-124.121,1.000,0.000,1.000,3.000,0.000,0.000,0.000,0,0,0
B3_zmq_pushpull,zmq_tcp,none,none,,1,38,512,584,1785153436499409000,1785153436499409000,1785153436499409000,1785153436499410000,1785153436499572000,1785153436499575000,1785153436499575000,1785153436499575000,121932490,121652369,-118.121,0.000,0.000,1.000,3.000,0.000,0.000,0.000,0,0,0
B3_zmq_pushpull,zmq_tcp,none,none,,1,39,512,584,1785153436500376000,1785153436500377000,1785153436500377000,1785153436500378000,1785153436500428000,1785153436500431000,1785153436500431000,1785153436500431000,121932490,121652369,-230.121,1.000,0.000,1.000,3.000,0.000,0.000,0.000,0,0,0
B3_zmq_pushpull,zmq_tcp,none,none,,1,40,512,584,1785153436501382000,1785153436501383000,1785153436501383000,1785153436501384000,1785153436501567000,1785153436501570000,1785153436501570000,1785153436501570000,121932490,121652369,-97.121,1.000,0.000,1.000,3.000,0.000,0.000,0.000,0,0,0
B3_zmq_pushpull,zmq_tcp,none,none,,1,41,512,584,1785153436502257000,1785153436502257000,1785153436502257000,1785153436502258000,1785153436502411000,1785153436502413000,1785153436502413000,1785153436502413000,121932490,121652369,-127.121,0.000,0.000,1.000,2.000,0.000,0.000,0.000,0,0,0
B3_zmq_pushpull,zmq_tcp,none,none,,1,42,512,584,1785153436503255000,1785153436503256000,1785153436503256000,1785153436503257000,1785153436503409000,1785153436503412000,1785153436503412000,1785153436503412000,121932490,121652369,-128.121,1.000,0.000,1.000,3.000,0.000,0.000,0.000,0,0,0
B3_zmq_pushpull,zmq_tcp,none,none,,1,43,512,584,1785153436504209000,1785153436504209000,1785153436504209000,1785153436504210000,1785153436504364000,1785153436504367000,1785153436504367000,1785153436504367000,121932490,121652369,-126.121,0.000,0.000,1.000,3.000,0.000,0.000,0.000,0,0,0
B3_zmq_pushpull,zmq_tcp,none,none,,1,44,512,584,1785153436505211000,1785153436505212000,1785153436505212000,1785153436505213000,1785153436505361000,1785153436505364000,1785153436505364000,1785153436505364000,121932490,121652369,-132.121,1.000,0.000,1.000,3.000,0.000,0.000,0.000,0,0,0
B3_zmq_pushpull,zmq_tcp,none,none,,1,45,512,584,1785153436506426000,1785153436506426000,1785153436506426000,1785153436506427000,1785153436506505000,1785153436506508000,1785153436506508000,1785153436506508000,121932490,121652369,-202.121,0.000,0.000,1.000,3.000,0.000,0.000,0.000,0,0,0
B3_zmq_pushpull,zmq_tcp,none,none,,1,46,512,584,1785153436507370000,1785153436507370000,1785153436507370000,1785153436507371000,1785153436507516000,1785153436507519000,1785153436507519000,1785153436507519000,121932490,121652369,-135.121,0.000,0.000,1.000,3.000,0.000,0.000,0.000,0,0,0
B3_zmq_pushpull,zmq_tcp,none,none,,1,47,512,584,1785153436508211000,1785153436508211000,1785153436508211000,1785153436508212000,1785153436508365000,1785153436508368000,1785153436508368000,1785153436508368000,121932490,121652369,-127.121,0.000,0.000,1.000,3.000,0.000,0.000,0.000,0,0,0
B3_zmq_pushpull,zmq_tcp,none,none,,1,48,512,584,1785153436509423000,1785153436509423000,1785153436509423000,1785153436509424000,1785153436509503000,1785153436509505000,1785153436509505000,1785153436509505000,121932490,121652369,-201.121,0.000,0.000,1.000,2.000,0.000,0.000,0.000,0,0,0
B3_zmq_pushpull,zmq_tcp,none,none,,1,49,512,584,1785153436510367000,1785153436510367000,1785153436510367000,1785153436510368000,1785153436510497000,1785153436510500000,1785153436510500000,1785153436510500000,121932490,121652369,-151.121,0.000,0.000,1.000,3.000,0.000,0.000,0.000,0,0,0
B3_zmq_pushpull,zmq_tcp,none,none,,1,50,512,584,1785153436511352000,1785153436511353000,1785153436511353000,1785153436511354000,1785153436511496000,1785153436511499000,1785153436511499000,1785153436511499000,121932490,121652369,-138.121,1.000,0.000,1.000,3.000,0.000,0.000,0.000,0,0,0
B3_zmq_pushpull,zmq_tcp,none,none,,1,51,512,584,1785153436512206000,1785153436512206000,1785153436512206000,1785153436512207000,1785153436512368000,1785153436512371000,1785153436512371000,1785153436512371000,121932490,121652369,-119.121,0.000,0.000,1.000,3.000,0.000,0.000,0.000,0,0,0
B3_zmq_pushpull,zmq_tcp,none,none,,1,52,512,584,1785153436513221000,1785153436513221000,1785153436513221000,1785153436513222000,1785153436513379000,1785153436513381000,1785153436513381000,1785153436513381000,121932490,121652369,-123.121,0.000,0.000,1.000,2.000,0.000,0.000,0.000,0,0,0
B3_zmq_pushpull,zmq_tcp,none,none,,1,53,512,584,1785153436514226000,1785153436514226000,1785153436514226000,1785153436514227000,1785153436514383000,1785153436514386000,1785153436514386000,1785153436514386000,121932490,121652369,-124.121,0.000,0.000,1.000,3.000,0.000,0.000,0.000,0,0,0
B3_zmq_pushpull,zmq_tcp,none,none,,1,54,512,584,1785153436515236000,1785153436515237000,1785153436515237000,1785153436515238000,1785153436515391000,1785153436515394000,1785153436515394000,1785153436515394000,121932490,121652369,-127.121,1.000,0.000,1.000,3.000,0.000,0.000,0.000,0,0,0
B3_zmq_pushpull,zmq_tcp,none,none,,1,55,512,584,1785153436516416000,1785153436516416000,1785153436516416000,1785153436516417000,1785153436516527000,1785153436516529000,1785153436516529000,1785153436516529000,121932490,121652369,-170.121,0.000,0.000,1.000,2.000,0.000,0.000,0.000,0,0,0
B3_zmq_pushpull,zmq_tcp,none,none,,1,56,512,584,1785153436517370000,1785153436517370000,1785153436517370000,1785153436517371000,1785153436517528000,1785153436517531000,1785153436517531000,1785153436517531000,121932490,121652369,-123.121,0.000,0.000,1.000,3.000,0.000,0.000,0.000,0,0,0
B3_zmq_pushpull,zmq_tcp,none,none,,1,57,512,584,1785153436518385000,1785153436518385000,1785153436518385000,1785153436518386000,1785153436518539000,1785153436518541000,1785153436518541000,1785153436518542000,121932490,121652369,-127.121,0.000,0.000,1.000,2.000,0.000,1.000,0.000,0,0,0
B3_zmq_pushpull,zmq_tcp,none,none,,1,58,512,584,1785153436519257000,1785153436519257000,1785153436519257000,1785153436519258000,1785153436519415000,1785153436519417000,1785153436519417000,1785153436519417000,121932490,121652369,-123.121,0.000,0.000,1.000,2.000,0.000,0.000,0.000,0,0,0
B3_zmq_pushpull,zmq_tcp,none,none,,1,59,512,584,1785153436520411000,1785153436520411000,1785153436520411000,1785153436520412000,1785153436520551000,1785153436520553000,1785153436520553000,1785153436520553000,121932490,121652369,-141.121,0.000,0.000,1.000,2.000,0.000,0.000,0.000,0,0,0
B3_zmq_pushpull,zmq_tcp,none,none,,1,60,512,584,1785153436521372000,1785153436521372000,1785153436521373000,1785153436521373000,1785153436521552000,1785153436521555000,1785153436521555000,1785153436521555000,121932490,121652369,-101.121,0.000,1.000,0.000,3.000,0.000,0.000,0.000,0,0,0
B3_zmq_pushpull,zmq_tcp,none,none,,1,61,512,584,1785153436522384000,1785153436522384000,1785153436522384000,1785153436522385000,1785153436522556000,1785153436522559000,1785153436522559000,1785153436522559000,121932490,121652369,-109.121,0.000,0.000,1.000,3.000,0.000,0.000,0.000,0,0,0
B3_zmq_pushpull,zmq_tcp,none,none,,1,62,512,584,1785153436523381000,1785153436523381000,1785153436523381000,1785153436523382000,1785153436523426000,1785153436523430000,1785153436523430000,1785153436523430000,121932490,121652369,-236.121,0.000,0.000,1.000,4.000,0.000,0.000,0.000,0,0,0
B3_zmq_pushpull,zmq_tcp,none,none,,1,63,512,584,1785153436524382000,1785153436524382000,1785153436524382000,1785153436524383000,1785153436524438000,1785153436524441000,1785153436524441000,1785153436524441000,121932490,121652369,-225.121,0.000,0.000,1.000,3.000,0.000,0.000,0.000,0,0,0
B3_zmq_pushpull,zmq_tcp,none,none,,1,64,512,584,1785153436525379000,1785153436525379000,1785153436525379000,1785153436525380000,1785153436525453000,1785153436525455000,1785153436525455000,1785153436525455000,121932490,121652369,-207.121,0.000,0.000,1.000,2.000,0.000,0.000,0.000,0,0,0
B3_zmq_pushpull,zmq_tcp,none,none,,1,65,512,584,1785153436526381000,1785153436526381000,1785153436526381000,1785153436526382000,1785153436526464000,1785153436526467000,1785153436526467000,1785153436526467000,121932490,121652369,-198.121,0.000,0.000,1.000,3.000,0.000,0.000,0.000,0,0,0
B3_zmq_pushpull,zmq_tcp,none,none,,1,66,512,584,1785153436527381000,1785153436527381000,1785153436527381000,1785153436527382000,1785153436527460000,1785153436527463000,1785153436527463000,1785153436527463000,121932490,121652369,-202.121,0.000,0.000,1.000,3.000,0.000,0.000,0.000,0,0,0
B3_zmq_pushpull,zmq_tcp,none,none,,1,67,512,584,1785153436528382000,1785153436528382000,1785153436528382000,1785153436528383000,1785153436528444000,1785153436528448000,1785153436528448000,1785153436528448000,121932490,121652369,-219.121,0.000,0.000,1.000,4.000,0.000,0.000,0.000,0,0,0
B3_zmq_pushpull,zmq_tcp,none,none,,1,68,512,584,1785153436529377000,1785153436529377000,1785153436529377000,1785153436529378000,1785153436529442000,1785153436529445000,1785153436529445000,1785153436529445000,121932490,121652369,-216.121,0.000,0.000,1.000,3.000,0.000,0.000,0.000,0,0,0
B3_zmq_pushpull,zmq_tcp,none,none,,1,69,512,584,1785153436530382000,1785153436530383000,1785153436530383000,1785153436530384000,1785153436530440000,1785153436530443000,1785153436530443000,1785153436530443000,121932490,121652369,-224.121,1.000,0.000,1.000,3.000,0.000,0.000,0.000,0,0,0
B3_zmq_pushpull,zmq_tcp,none,none,,1,70,512,584,1785153436531381000,1785153436531381000,1785153436531381000,1785153436531382000,1785153436531435000,1785153436531438000,1785153436531438000,1785153436531438000,121932490,121652369,-227.121,0.000,0.000,1.000,3.000,0.000,0.000,0.000,0,0,0
B3_zmq_pushpull,zmq_tcp,none,none,,1,71,512,584,1785153436532384000,1785153436532384000,1785153436532384000,1785153436532385000,1785153436532441000,1785153436532446000,1785153436532446000,1785153436532446000,121932490,121652369,-224.121,0.000,0.000,1.000,5.000,0.000,0.000,0.000,0,0,0
B3_zmq_pushpull,zmq_tcp,none,none,,1,72,512,584,1785153436533375000,1785153436533375000,1785153436533376000,1785153436533376000,1785153436533432000,1785153436533436000,1785153436533436000,1785153436533436000,121932490,121652369,-224.121,0.000,1.000,0.000,4.000,0.000,0.000,0.000,0,0,0
B3_zmq_pushpull,zmq_tcp,none,none,,1,73,512,584,1785153436534384000,1785153436534384000,1785153436534385000,1785153436534385000,1785153436534575000,1785153436534577000,1785153436534577000,1785153436534577000,121932490,121652369,-90.121,0.000,1.000,0.000,2.000,0.000,0.000,0.000,0,0,0
B3_zmq_pushpull,zmq_tcp,none,none,,1,74,512,584,1785153436535385000,1785153436535385000,1785153436535385000,1785153436535386000,1785153436535565000,1785153436535568000,1785153436535568000,1785153436535568000,121932490,121652369,-101.121,0.000,0.000,1.000,3.000,0.000,0.000,0.000,0,0,0
B3_zmq_pushpull,zmq_tcp,none,none,,1,75,512,584,1785153436536377000,1785153436536377000,1785153436536377000,1785153436536378000,1785153436536549000,1785153436536552000,1785153436536552000,1785153436536552000,121932490,121652369,-109.121,0.000,0.000,1.000,3.000,0.000,0.000,0.000,0,0,0
B3_zmq_pushpull,zmq_tcp,none,none,,1,76,512,584,1785153436537381000,1785153436537381000,1785153436537381000,1785153436537382000,1785153436537536000,1785153436537539000,1785153436537539000,1785153436537539000,121932490,121652369,-126.121,0.000,0.000,1.000,3.000,0.000,0.000,0.000,0,0,0
B3_zmq_pushpull,zmq_tcp,none,none,,1,77,512,584,1785153436538380000,1785153436538380000,1785153436538380000,1785153436538381000,1785153436538523000,1785153436538525000,1785153436538525000,1785153436538525000,121932490,121652369,-138.121,0.000,0.000,1.000,2.000,0.000,0.000,0.000,0,0,0
B3_zmq_pushpull,zmq_tcp,none,none,,1,78,512,584,1785153436539380000,1785153436539380000,1785153436539380000,1785153436539381000,1785153436539539000,1785153436539541000,1785153436539541000,1785153436539541000,121932490,121652369,-122.121,0.000,0.000,1.000,2.000,0.000,0.000,0.000,0,0,0
B3_zmq_pushpull,zmq_tcp,none,none,,1,79,512,584,1785153436540255000,1785153436540255000,1785153436540255000,1785153436540256000,1785153436540413000,1785153436540416000,1785153436540416000,1785153436540416000,121932490,121652369,-123.121,0.000,0.000,1.000,3.000,0.000,0.000,0.000,0,0,0
B3_zmq_pushpull,zmq_tcp,none,none,,1,80,512,584,1785153436541412000,1785153436541412000,1785153436541412000,1785153436541413000,1785153436541559000,1785153436541561000,1785153436541561000,1785153436541561000,121932490,121652369,-134.121,0.000,0.000,1.000,2.000,0.000,0.000,0.000,0,0,0
B3_zmq_pushpull,zmq_tcp,none,none,,1,81,512,584,1785153436542375000,1785153436542375000,1785153436542375000,1785153436542376000,1785153436542564000,1785153436542567000,1785153436542567000,1785153436542567000,121932490,121652369,-92.121,0.000,0.000,1.000,3.000,0.000,0.000,0.000,0,0,0
B3_zmq_pushpull,zmq_tcp,none,none,,1,82,512,584,1785153436543275000,1785153436543275000,1785153436543275000,1785153436543276000,1785153436543429000,1785153436543432000,1785153436543432000,1785153436543432000,121932490,121652369,-127.121,0.000,0.000,1.000,3.000,0.000,0.000,0.000,0,0,0
B3_zmq_pushpull,zmq_tcp,none,none,,1,83,512,584,1785153436544281000,1785153436544281000,1785153436544281000,1785153436544282000,1785153436544433000,1785153436544436000,1785153436544436000,1785153436544436000,121932490,121652369,-129.121,0.000,0.000,1.000,3.000,0.000,0.000,0.000,0,0,0
B3_zmq_pushpull,zmq_tcp,none,none,,1,84,512,584,1785153436545274000,1785153436545274000,1785153436545274000,1785153436545275000,1785153436545428000,1785153436545431000,1785153436545431000,1785153436545431000,121932490,121652369,-127.121,0.000,0.000,1.000,3.000,0.000,0.000,0.000,0,0,0
B3_zmq_pushpull,zmq_tcp,none,none,,1,85,512,584,1785153436546284000,1785153436546284000,1785153436546284000,1785153436546286000,1785153436546439000,1785153436546442000,1785153436546442000,1785153436546442000,121932490,121652369,-127.121,0.000,0.000,2.000,3.000,0.000,0.000,0.000,0,0,0
B3_zmq_pushpull,zmq_tcp,none,none,,1,86,512,584,1785153436547290000,1785153436547291000,1785153436547291000,1785153436547292000,1785153436547451000,1785153436547454000,1785153436547454000,1785153436547454000,121932490,121652369,-121.121,1.000,0.000,1.000,3.000,0.000,0.000,0.000,0,0,0
B3_zmq_pushpull,zmq_tcp,none,none,,1,87,512,584,1785153436548306000,1785153436548306000,1785153436548306000,1785153436548307000,1785153436548467000,1785153436548470000,1785153436548470000,1785153436548470000,121932490,121652369,-120.121,0.000,0.000,1.000,3.000,0.000,0.000,0.000,0,0,0
B3_zmq_pushpull,zmq_tcp,none,none,,1,88,512,584,1785153436549399000,1785153436549399000,1785153436549400000,1785153436549401000,1785153436549463000,1785153436549467000,1785153436549467000,1785153436549467000,121932490,121652369,-218.121,0.000,1.000,1.000,4.000,0.000,0.000,0.000,0,0,0
B3_zmq_pushpull,zmq_tcp,none,none,,1,89,512,584,1785153436550373000,1785153436550373000,1785153436550373000,1785153436550374000,1785153436550468000,1785153436550471000,1785153436550471000,1785153436550471000,121932490,121652369,-186.121,0.000,0.000,1.000,3.000,0.000,0.000,0.000,0,0,0
B3_zmq_pushpull,zmq_tcp,none,none,,1,90,512,584,1785153436551383000,1785153436551383000,1785153436551383000,1785153436551384000,1785153436551463000,1785153436551466000,1785153436551466000,1785153436551466000,121932490,121652369,-201.121,0.000,0.000,1.000,3.000,0.000,0.000,0.000,0,0,0
B3_zmq_pushpull,zmq_tcp,none,none,,1,91,512,584,1785153436552381000,1785153436552381000,1785153436552381000,1785153436552382000,1785153436552460000,1785153436552463000,1785153436552463000,1785153436552463000,121932490,121652369,-202.121,0.000,0.000,1.000,3.000,0.000,0.000,0.000,0,0,0
B3_zmq_pushpull,zmq_tcp,none,none,,1,92,512,584,1785153436553381000,1785153436553381000,1785153436553381000,1785153436553382000,1785153436553472000,1785153436553475000,1785153436553475000,1785153436553475000,121932490,121652369,-190.121,0.000,0.000,1.000,3.000,0.000,0.000,0.000,0,0,0
B3_zmq_pushpull,zmq_tcp,none,none,,1,93,512,584,1785153436554379000,1785153436554380000,1785153436554380000,1785153436554381000,1785153436554462000,1785153436554464000,1785153436554465000,1785153436554465000,121932490,121652369,-199.121,1.000,0.000,1.000,2.000,1.000,0.000,0.000,0,0,0
B3_zmq_pushpull,zmq_tcp,none,none,,1,94,512,584,1785153436555383000,1785153436555383000,1785153436555383000,1785153436555384000,1785153436555470000,1785153436555472000,1785153436555472000,1785153436555472000,121932490,121652369,-194.121,0.000,0.000,1.000,2.000,0.000,0.000,0.000,0,0,0
B3_zmq_pushpull,zmq_tcp,none,none,,1,95,512,584,1785153436556382000,1785153436556382000,1785153436556382000,1785153436556383000,1785153436556486000,1785153436556488000,1785153436556488000,1785153436556489000,121932490,121652369,-177.121,0.000,0.000,1.000,2.000,0.000,1.000,0.000,0,0,0
B3_zmq_pushpull,zmq_tcp,none,none,,1,96,512,584,1785153436557378000,1785153436557378000,1785153436557378000,1785153436557379000,1785153436557479000,1785153436557482000,1785153436557482000,1785153436557482000,121932490,121652369,-180.121,0.000,0.000,1.000,3.000,0.000,0.000,0.000,0,0,0
B3_zmq_pushpull,zmq_tcp,none,none,,1,97,512,584,1785153436558382000,1785153436558382000,1785153436558382000,1785153436558383000,1785153436558468000,1785153436558471000,1785153436558471000,1785153436558471000,121932490,121652369,-195.121,0.000,0.000,1.000,3.000,0.000,0.000,0.000,0,0,0
B3_zmq_pushpull,zmq_tcp,none,none,,1,98,512,584,1785153436559381000,1785153436559381000,1785153436559381000,1785153436559382000,1785153436559472000,1785153436559475000,1785153436559475000,1785153436559475000,121932490,121652369,-190.121,0.000,0.000,1.000,3.000,0.000,0.000,0.000,0,0,0
B3_zmq_pushpull,zmq_tcp,none,none,,1,99,512,584,1785153436560384000,1785153436560384000,1785153436560384000,1785153436560385000,1785153436560471000,1785153436560474000,1785153436560474000,1785153436560474000,121932490,121652369,-194.121,0.000,0.000,1.000,3.000,0.000,0.000,0.000,0,0,0
B3_zmq_pushpull,zmq_tcp,none,none,,1,100,512,584,1785153436561377000,1785153436561377000,1785153436561377000,1785153436561378000,1785153436561475000,1785153436561478000,1785153436561478000,1785153436561478000,121932490,121652369,-183.121,0.000,0.000,1.000,3.000,0.000,0.000,0.000,0,0,0
B3_zmq_pushpull,zmq_tcp,none,none,,1,101,512,584,1785153436562385000,1785153436562385000,1785153436562385000,1785153436562386000,1785153436562478000,1785153436562481000,1785153436562481000,1785153436562481000,121932490,121652369,-188.121,0.000,0.000,1.000,3.000,0.000,0.000,0.000,0,0,0
B3_zmq_pushpull,zmq_tcp,none,none,,1,102,512,584,1785153436563380000,1785153436563381000,1785153436563381000,1785153436563382000,1785153436563492000,1785153436563495000,1785153436563495000,1785153436563495000,121932490,121652369,-170.121,1.000,0.000,1.000,3.000,0.000,0.000,0.000,0,0,0
B3_zmq_pushpull,zmq_tcp,none,none,,1,103,512,584,1785153436564380000,1785153436564381000,1785153436564381000,1785153436564382000,1785153436564500000,1785153436564503000,1785153436564503000,1785153436564503000,121932490,121652369,-162.121,1.000,0.000,1.000,3.000,0.000,0.000,0.000,0,0,0
B3_zmq_pushpull,zmq_tcp,none,none,,1,104,512,584,1785153436565378000,1785153436565378000,1785153436565378000,1785153436565379000,1785153436565504000,1785153436565507000,1785153436565507000,1785153436565507000,121932490,121652369,-155.121,0.000,0.000,1.000,3.000,0.000,0.000,0.000,0,0,0
B3_zmq_pushpull,zmq_tcp,none,none,,1,105,512,584,1785153436566382000,1785153436566382000,1785153436566382000,1785153436566383000,1785153436566512000,1785153436566515000,1785153436566515000,1785153436566515000,121932490,121652369,-151.121,0.000,0.000,1.000,3.000,0.000,0.000,0.000,0,0,0
B3_zmq_pushpull,zmq_tcp,none,none,,1,106,512,584,1785153436567381000,1785153436567381000,1785153436567381000,1785153436567382000,1785153436567530000,1785153436567533000,1785153436567533000,1785153436567533000,121932490,121652369,-132.121,0.000,0.000,1.000,3.000,0.000,0.000,0.000,0,0,0
B3_zmq_pushpull,zmq_tcp,none,none,,1,107,512,584,1785153436568380000,1785153436568380000,1785153436568381000,1785153436568381000,1785153436568539000,1785153436568542000,1785153436568542000,1785153436568542000,121932490,121652369,-122.121,0.000,1.000,0.000,3.000,0.000,0.000,0.000,0,0,0
B3_zmq_pushpull,zmq_tcp,none,none,,1,108,512,584,1785153436569381000,1785153436569381000,1785153436569381000,1785153436569382000,1785153436569552000,1785153436569556000,1785153436569556000,1785153436569556000,121932490,121652369,-110.121,0.000,0.000,1.000,4.000,0.000,0.000,0.000,0,0,0
B3_zmq_pushpull,zmq_tcp,none,none,,1,109,512,584,1785153436570381000,1785153436570382000,1785153436570382000,1785153436570383000,1785153436570572000,1785153436570575000,1785153436570575000,1785153436570575000,121932490,121652369,-91.121,1.000,0.000,1.000,3.000,0.000,0.000,0.000,0,0,0
B3_zmq_pushpull,zmq_tcp,none,none,,1,110,512,584,1785153436571381000,1785153436571381000,1785153436571381000,1785153436571382000,1785153436571426000,1785153436571430000,1785153436571430000,1785153436571430000,121932490,121652369,-236.121,0.000,0.000,1.000,4.000,0.000,0.000,0.000,0,0,0
B3_zmq_pushpull,zmq_tcp,none,none,,1,111,512,584,1785153436572381000,1785153436572381000,1785153436572381000,1785153436572382000,1785153436572439000,1785153436572443000,1785153436572443000,1785153436572443000,121932490,121652369,-223.121,0.000,0.000,1.000,4.000,0.000,0.000,0.000,0,0,0
B3_zmq_pushpull,zmq_tcp,none,none,,1,112,512,584,1785153436573378000,1785153436573378000,1785153436573378000,1785153436573379000,1785153436573426000,1785153436573429000,1785153436573429000,1785153436573429000,121932490,121652369,-233.121,0.000,0.000,1.000,3.000,0.000,0.000,0.000,0,0,0
B3_zmq_pushpull,zmq_tcp,none,none,,1,113,512,584,1785153436574383000,1785153436574383000,1785153436574383000,1785153436574384000,1785153436574444000,1785153436574447000,1785153436574447000,1785153436574447000,121932490,121652369,-220.121,0.000,0.000,1.000,3.000,0.000,0.000,0.000,0,0,0
B3_zmq_pushpull,zmq_tcp,none,none,,1,114,512,584,1785153436575381000,1785153436575381000,1785153436575381000,1785153436575382000,1785153436575450000,1785153436575452000,1785153436575452000,1785153436575452000,121932490,121652369,-212.121,0.000,0.000,1.000,2.000,0.000,0.000,0.000,0,0,0
B3_zmq_pushpull,zmq_tcp,none,none,,1,115,512,584,1785153436576384000,1785153436576384000,1785153436576384000,1785153436576385000,1785153436576465000,1785153436576467000,1785153436576467000,1785153436576467000,121932490,121652369,-200.121,0.000,0.000,1.000,2.000,0.000,0.000,0.000,0,0,0
B3_zmq_pushpull,zmq_tcp,none,none,,1,116,512,584,1785153436577377000,1785153436577377000,1785153436577377000,1785153436577379000,1785153436577470000,1785153436577474000,1785153436577474000,1785153436577474000,121932490,121652369,-189.121,0.000,0.000,2.000,4.000,0.000,0.000,0.000,0,0,0
B3_zmq_pushpull,zmq_tcp,none,none,,1,117,512,584,1785153436578384000,1785153436578384000,1785153436578384000,1785153436578386000,1785153436578470000,1785153436578473000,1785153436578473000,1785153436578473000,121932490,121652369,-196.121,0.000,0.000,2.000,3.000,0.000,0.000,0.000,0,0,0
B3_zmq_pushpull,zmq_tcp,none,none,,1,118,512,584,1785153436579381000,1785153436579381000,1785153436579381000,1785153436579382000,1785153436579488000,1785153436579492000,1785153436579492000,1785153436579492000,121932490,121652369,-174.121,0.000,0.000,1.000,4.000,0.000,0.000,0.000,0,0,0
B3_zmq_pushpull,zmq_tcp,none,none,,1,119,512,584,1785153436580381000,1785153436580381000,1785153436580381000,1785153436580382000,1785153436580498000,1785153436580501000,1785153436580501000,1785153436580501000,121932490,121652369,-164.121,0.000,0.000,1.000,3.000,0.000,0.000,0.000,0,0,0
B3_zmq_pushpull,zmq_tcp,none,none,,1,120,512,584,1785153436581378000,1785153436581378000,1785153436581378000,1785153436581379000,1785153436581507000,1785153436581510000,1785153436581510000,1785153436581510000,121932490,121652369,-152.121,0.000,0.000,1.000,3.000,0.000,0.000,0.000,0,0,0
B3_zmq_pushpull,zmq_tcp,none,none,,1,121,512,584,1785153436582383000,1785153436582383000,1785153436582383000,1785153436582384000,1785153436582515000,1785153436582518000,1785153436582518000,1785153436582518000,121932490,121652369,-149.121,0.000,0.000,1.000,3.000,0.000,0.000,0.000,0,0,0
B3_zmq_pushpull,zmq_tcp,none,none,,1,122,512,584,1785153436583381000,1785153436583381000,1785153436583381000,1785153436583382000,1785153436583523000,1785153436583526000,1785153436583526000,1785153436583526000,121932490,121652369,-139.121,0.000,0.000,1.000,3.000,0.000,0.000,0.000,0,0,0
B3_zmq_pushpull,zmq_tcp,none,none,,1,123,512,584,1785153436584381000,1785153436584381000,1785153436584381000,1785153436584382000,1785153436584509000,1785153436584512000,1785153436584512000,1785153436584512000,121932490,121652369,-153.121,0.000,0.000,1.000,3.000,0.000,0.000,0.000,0,0,0
B3_zmq_pushpull,zmq_tcp,none,none,,1,124,512,584,1785153436585378000,1785153436585378000,1785153436585378000,1785153436585379000,1785153436585493000,1785153436585496000,1785153436585496000,1785153436585496000,121932490,121652369,-166.121,0.000,0.000,1.000,3.000,0.000,0.000,0.000,0,0,0
B3_zmq_pushpull,zmq_tcp,none,none,,1,125,512,584,1785153436586382000,1785153436586383000,1785153436586383000,1785153436586384000,1785153436586472000,1785153436586475000,1785153436586475000,1785153436586475000,121932490,121652369,-192.121,1.000,0.000,1.000,3.000,0.000,0.000,0.000,0,0,0
B3_zmq_pushpull,zmq_tcp,none,none,,1,126,512,584,1785153436587382000,1785153436587382000,1785153436587382000,1785153436587383000,1785153436587483000,1785153436587486000,1785153436587486000,1785153436587486000,121932490,121652369,-180.121,0.000,0.000,1.000,3.000,0.000,0.000,0.000,0,0,0
B3_zmq_pushpull,zmq_tcp,none,none,,1,127,512,584,1785153436588379000,1785153436588380000,1785153436588380000,1785153436588381000,1785153436588491000,1785153436588494000,1785153436588494000,1785153436588494000,121932490,121652369,-170.121,1.000,0.000,1.000,3.000,0.000,0.000,0.000,0,0,0
B3_zmq_pushpull,zmq_tcp,none,none,,1,128,512,584,1785153436589385000,1785153436589385000,1785153436589385000,1785153436589386000,1785153436589484000,1785153436589487000,1785153436589487000,1785153436589487000,121932490,121652369,-182.121,0.000,0.000,1.000,3.000,0.000,0.000,0.000,0,0,0
B3_zmq_pushpull,zmq_tcp,none,none,,1,129,512,584,1785153436590382000,1785153436590382000,1785153436590382000,1785153436590383000,1785153436590498000,1785153436590501000,1785153436590501000,1785153436590501000,121932490,121652369,-165.121,0.000,0.000,1.000,3.000,0.000,0.000,0.000,0,0,0
B3_zmq_pushpull,zmq_tcp,none,none,,1,130,512,584,1785153436591383000,1785153436591383000,1785153436591383000,1785153436591384000,1785153436591492000,1785153436591495000,1785153436591495000,1785153436591495000,121932490,121652369,-172.121,0.000,0.000,1.000,3.000,0.000,0.000,0.000,0,0,0
B3_zmq_pushpull,zmq_tcp,none,none,,1,131,512,584,1785153436592377000,1785153436592377000,1785153436592377000,1785153436592378000,1785153436592500000,1785153436592503000,1785153436592503000,1785153436592503000,121932490,121652369,-158.121,0.000,0.000,1.000,3.000,0.000,0.000,0.000,0,0,0
B3_zmq_pushpull,zmq_tcp,none,none,,1,132,512,584,1785153436593382000,1785153436593382000,1785153436593382000,1785153436593383000,1785153436593507000,1785153436593510000,1785153436593510000,1785153436593510000,121932490,121652369,-156.121,0.000,0.000,1.000,3.000,0.000,0.000,0.000,0,0,0
B3_zmq_pushpull,zmq_tcp,none,none,,1,133,512,584,1785153436594381000,1785153436594381000,1785153436594381000,1785153436594382000,1785153436594495000,1785153436594498000,1785153436594498000,1785153436594498000,121932490,121652369,-167.121,0.000,0.000,1.000,3.000,0.000,0.000,0.000,0,0,0
B3_zmq_pushpull,zmq_tcp,none,none,,1,134,512,584,1785153436595383000,1785153436595383000,1785153436595383000,1785153436595384000,1785153436595518000,1785153436595521000,1785153436595521000,1785153436595521000,121932490,121652369,-146.121,0.000,0.000,1.000,3.000,0.000,0.000,0.000,0,0,0
B3_zmq_pushpull,zmq_tcp,none,none,,1,135,512,584,1785153436596378000,1785153436596378000,1785153436596378000,1785153436596379000,1785153436596518000,1785153436596521000,1785153436596521000,1785153436596521000,121932490,121652369,-141.121,0.000,0.000,1.000,3.000,0.000,0.000,0.000,0,0,0
B3_zmq_pushpull,zmq_tcp,none,none,,1,136,512,584,1785153436597383000,1785153436597383000,1785153436597383000,1785153436597384000,1785153436597537000,1785153436597539000,1785153436597539000,1785153436597539000,121932490,121652369,-127.121,0.000,0.000,1.000,2.000,0.000,0.000,0.000,0,0,0
B3_zmq_pushpull,zmq_tcp,none,none,,1,137,512,584,1785153436598381000,1785153436598381000,1785153436598381000,1785153436598382000,1785153436598545000,1785153436598547000,1785153436598547000,1785153436598547000,121932490,121652369,-117.121,0.000,0.000,1.000,2.000,0.000,0.000,0.000,0,0,0
B3_zmq_pushpull,zmq_tcp,none,none,,1,138,512,584,1785153436599381000,1785153436599381000,1785153436599381000,1785153436599382000,1785153436599553000,1785153436599555000,1785153436599555000,1785153436599555000,121932490,121652369,-109.121,0.000,0.000,1.000,2.000,0.000,0.000,0.000,0,0,0
B3_zmq_pushpull,zmq_tcp,none,none,,1,139,512,584,1785153436600378000,1785153436600379000,1785153436600379000,1785153436600380000,1785153436600543000,1785153436600546000,1785153436600546000,1785153436600546000,121932490,121652369,-117.121,1.000,0.000,1.000,3.000,0.000,0.000,0.000,0,0,0
B3_zmq_pushpull,zmq_tcp,none,none,,1,140,512,584,1785153436601257000,1785153436601257000,1785153436601257000,1785153436601258000,1785153436601412000,1785153436601415000,1785153436601415000,1785153436601415000,121932490,121652369,-126.121,0.000,0.000,1.000,3.000,0.000,0.000,0.000,0,0,0
B3_zmq_pushpull,zmq_tcp,none,none,,1,141,512,584,1785153436602266000,1785153436602266000,1785153436602266000,1785153436602267000,1785153436602428000,1785153436602436000,1785153436602436000,1785153436602436000,121932490,121652369,-119.121,0.000,0.000,1.000,8.000,0.000,0.000,0.000,0,0,0
B3_zmq_pushpull,zmq_tcp,none,none,,1,142,512,584,1785153436603411000,1785153436603412000,1785153436603412000,1785153436603413000,1785153436603575000,1785153436603578000,1785153436603578000,1785153436603578000,121932490,121652369,-118.121,1.000,0.000,1.000,3.000,0.000,0.000,0.000,0,0,0
B3_zmq_pushpull,zmq_tcp,none,none,,1,143,512,584,1785153436604279000,1785153436604279000,1785153436604279000,1785153436604280000,1785153436604438000,1785153436604441000,1785153436604441000,1785153436604441000,121932490,121652369,-122.121,0.000,0.000,1.000,3.000,0.000,0.000,0.000,0,0,0
B3_zmq_pushpull,zmq_tcp,none,none,,1,144,512,584,1785153436605409000,1785153436605409000,1785153436605409000,1785153436605410000,1785153436605593000,1785153436605596000,1785153436605596000,1785153436605596000,121932490,121652369,-97.121,0.000,0.000,1.000,3.000,0.000,0.000,0.000,0,0,0
B3_zmq_pushpull,zmq_tcp,none,none,,1,145,512,584,1785153436606374000,1785153436606375000,1785153436606375000,1785153436606376000,1785153436606448000,1785153436606451000,1785153436606451000,1785153436606451000,121932490,121652369,-208.121,1.000,0.000,1.000,3.000,0.000,0.000,0.000,0,0,0
B3_zmq_pushpull,zmq_tcp,none,none,,1,146,512,584,1785153436607384000,1785153436607384000,1785153436607384000,1785153436607385000,1785153436607445000,1785153436607447000,1785153436607447000,1785153436607447000,121932490,121652369,-220.121,0.000,0.000,1.000,2.000,0.000,0.000,0.000,0,0,0
B3_zmq_pushpull,zmq_tcp,none,none,,1,147,512,584,1785153436608297000,1785153436608297000,1785153436608297000,1785153436608298000,1785153436608451000,1785153436608454000,1785153436608454000,1785153436608454000,121932490,121652369,-127.121,0.000,0.000,1.000,3.000,0.000,0.000,0.000,0,0,0
B3_zmq_pushpull,zmq_tcp,none,none,,1,148,512,584,1785153436609300000,1785153436609300000,1785153436609300000,1785153436609301000,1785153436609440000,1785153436609443000,1785153436609443000,1785153436609443000,121932490,121652369,-141.121,0.000,0.000,1.000,3.000,0.000,0.000,0.000,0,0,0
B3_zmq_pushpull,zmq_tcp,none,none,,1,149,512,584,1785153436610402000,1785153436610402000,1785153436610403000,1785153436610403000,1785153436610456000,1785153436610460000,1785153436610460000,1785153436610460000,121932490,121652369,-227.121,0.000,1.000,0.000,4.000,0.000,0.000,0.000,0,0,0
B3_zmq_pushpull,zmq_tcp,none,none,,1,150,512,584,1785153436611377000,1785153436611377000,1785153436611377000,1785153436611378000,1785153436611453000,1785153436611456000,1785153436611456000,1785153436611456000,121932490,121652369,-205.121,0.000,0.000,1.000,3.000,0.000,0.000,0.000,0,0,0
B3_zmq_pushpull,zmq_tcp,none,none,,1,151,512,584,1785153436612382000,1785153436612382000,1785153436612382000,1785153436612383000,1785153436612462000,1785153436612464000,1785153436612465000,1785153436612465000,121932490,121652369,-201.121,0.000,0.000,1.000,2.000,1.000,0.000,0.000,0,0,0
B3_zmq_pushpull,zmq_tcp,none,none,,1,152,512,584,1785153436613381000,1785153436613381000,1785153436613381000,1785153436613382000,1785153436613467000,1785153436613470000,1785153436613470000,1785153436613470000,121932490,121652369,-195.121,0.000,0.000,1.000,3.000,0.000,0.000,0.000,0,0,0
B3_zmq_pushpull,zmq_tcp,none,none,,1,153,512,584,1785153436614381000,1785153436614381000,1785153436614381000,1785153436614382000,1785153436614453000,1785153436614455000,1785153436614455000,1785153436614455000,121932490,121652369,-209.121,0.000,0.000,1.000,2.000,0.000,0.000,0.000,0,0,0
B3_zmq_pushpull,zmq_tcp,none,none,,1,154,512,584,1785153436615381000,1785153436615381000,1785153436615381000,1785153436615382000,1785153436615466000,1785153436615469000,1785153436615469000,1785153436615469000,121932490,121652369,-196.121,0.000,0.000,1.000,3.000,0.000,0.000,0.000,0,0,0
B3_zmq_pushpull,zmq_tcp,none,none,,1,155,512,584,1785153436616301000,1785153436616302000,1785153436616302000,1785153436616303000,1785153436616461000,1785153436616463000,1785153436616463000,1785153436616463000,121932490,121652369,-122.121,1.000,0.000,1.000,2.000,0.000,0.000,0.000,0,0,0
B3_zmq_pushpull,zmq_tcp,none,none,,1,156,512,584,1785153436617308000,1785153436617308000,1785153436617308000,1785153436617309000,1785153436617457000,1785153436617461000,1785153436617461000,1785153436617461000,121932490,121652369,-132.121,0.000,0.000,1.000,4.000,0.000,0.000,0.000,0,0,0
B3_zmq_pushpull,zmq_tcp,none,none,,1,157,512,584,1785153436618305000,1785153436618306000,1785153436618306000,1785153436618307000,1785153436618450000,1785153436618453000,1785153436618453000,1785153436618453000,121932490,121652369,-137.121,1.000,0.000,1.000,3.000,0.000,0.000,0.000,0,0,0
B3_zmq_pushpull,zmq_tcp,none,none,,1,158,512,584,1785153436619304000,1785153436619305000,1785153436619305000,1785153436619306000,1785153436619459000,1785153436619462000,1785153436619462000,1785153436619462000,121932490,121652369,-127.121,1.000,0.000,1.000,3.000,0.000,0.000,0.000,0,0,0
B3_zmq_pushpull,zmq_tcp,none,none,,1,159,512,584,1785153436620401000,1785153436620401000,1785153436620401000,1785153436620402000,1785153436620451000,1785153436620454000,1785153436620454000,1785153436620454000,121932490,121652369,-231.121,0.000,0.000,1.000,3.000,0.000,0.000,0.000,0,0,0
B3_zmq_pushpull,zmq_tcp,none,none,,1,160,512,584,1785153436621376000,1785153436621376000,1785153436621376000,1785153436621377000,1785153436621441000,1785153436621444000,1785153436621444000,1785153436621444000,121932490,121652369,-216.121,0.000,0.000,1.000,3.000,0.000,0.000,0.000,0,0,0
B3_zmq_pushpull,zmq_tcp,none,none,,1,161,512,584,1785153436622289000,1785153436622289000,1785153436622289000,1785153436622290000,1785153436622445000,1785153436622448000,1785153436622448000,1785153436622448000,121932490,121652369,-125.121,0.000,0.000,1.000,3.000,0.000,0.000,0.000,0,0,0
B3_zmq_pushpull,zmq_tcp,none,none,,1,162,512,584,1785153436623405000,1785153436623405000,1785153436623405000,1785153436623406000,1785153436623589000,1785153436623591000,1785153436623591000,1785153436623591000,121932490,121652369,-97.121,0.000,0.000,1.000,2.000,0.000,0.000,0.000,0,0,0
B3_zmq_pushpull,zmq_tcp,none,none,,1,163,512,584,1785153436624376000,1785153436624376000,1785153436624376000,1785153436624377000,1785153436624447000,1785153436624450000,1785153436624450000,1785153436624450000,121932490,121652369,-210.121,0.000,0.000,1.000,3.000,0.000,0.000,0.000,0,0,0
B3_zmq_pushpull,zmq_tcp,none,none,,1,164,512,584,1785153436625384000,1785153436625384000,1785153436625384000,1785153436625385000,1785153436625455000,1785153436625458000,1785153436625458000,1785153436625458000,121932490,121652369,-210.121,0.000,0.000,1.000,3.000,0.000,0.000,0.000,0,0,0
B3_zmq_pushpull,zmq_tcp,none,none,,1,165,512,584,1785153436626375000,1785153436626375000,1785153436626375000,1785153436626376000,1785153436626564000,1785153436626567000,1785153436626567000,1785153436626568000,121932490,121652369,-92.121,0.000,0.000,1.000,3.000,0.000,1.000,0.000,0,0,0
B3_zmq_pushpull,zmq_tcp,none,none,,1,166,512,584,1785153436627246000,1785153436627246000,1785153436627246000,1785153436627247000,1785153436627397000,1785153436627400000,1785153436627400000,1785153436627400000,121932490,121652369,-130.121,0.000,0.000,1.000,3.000,0.000,0.000,0.000,0,0,0
B3_zmq_pushpull,zmq_tcp,none,none,,1,167,512,584,1785153436628231000,1785153436628231000,1785153436628231000,1785153436628232000,1785153436628384000,1785153436628386000,1785153436628386000,1785153436628386000,121932490,121652369,-128.121,0.000,0.000,1.000,2.000,0.000,0.000,0.000,0,0,0
B3_zmq_pushpull,zmq_tcp,none,none,,1,168,512,584,1785153436629214000,1785153436629214000,1785153436629214000,1785153436629215000,1785153436629368000,1785153436629371000,1785153436629371000,1785153436629371000,121932490,121652369,-127.121,0.000,0.000,1.000,3.000,0.000,0.000,0.000,0,0,0
B3_zmq_pushpull,zmq_tcp,none,none,,1,169,512,584,1785153436630199000,1785153436630199000,1785153436630199000,1785153436630200000,1785153436630360000,1785153436630362000,1785153436630362000,1785153436630362000,121932490,121652369,-120.121,0.000,0.000,1.000,2.000,0.000,0.000,0.000,0,0,0
B3_zmq_pushpull,zmq_tcp,none,none,,1,170,512,584,1785153436631428000,1785153436631428000,1785153436631428000,1785153436631429000,1785153436631604000,1785153436631607000,1785153436631607000,1785153436631607000,121932490,121652369,-105.121,0.000,0.000,1.000,3.000,0.000,0.000,0.000,0,0,0
B3_zmq_pushpull,zmq_tcp,none,none,,1,171,512,584,1785153436632302000,1785153436632303000,1785153436632303000,1785153436632304000,1785153436632458000,1785153436632461000,1785153436632461000,1785153436632461000,121932490,121652369,-126.121,1.000,0.000,1.000,3.000,0.000,0.000,0.000,0,0,0
B3_zmq_pushpull,zmq_tcp,none,none,,1,172,512,584,1785153436633303000,1785153436633304000,1785153436633304000,1785153436633305000,1785153436633457000,1785153436633460000,1785153436633460000,1785153436633460000,121932490,121652369,-128.121,1.000,0.000,1.000,3.000,0.000,0.000,0.000,0,0,0
B3_zmq_pushpull,zmq_tcp,none,none,,1,173,512,584,1785153436634400000,1785153436634400000,1785153436634400000,1785153436634401000,1785153436634566000,1785153436634570000,1785153436634570000,1785153436634570000,121932490,121652369,-115.121,0.000,0.000,1.000,4.000,0.000,0.000,0.000,0,0,0
B3_zmq_pushpull,zmq_tcp,none,none,,1,174,512,584,1785153436635376000,1785153436635376000,1785153436635376000,1785153436635377000,1785153436635549000,1785153436635552000,1785153436635552000,1785153436635552000,121932490,121652369,-108.121,0.000,0.000,1.000,3.000,0.000,0.000,0.000,0,0,0
B3_zmq_pushpull,zmq_tcp,none,none,,1,175,512,584,1785153436636246000,1785153436636246000,1785153436636246000,1785153436636248000,1785153436636380000,1785153436636382000,1785153436636383000,1785153436636383000,121932490,121652369,-148.121,0.000,0.000,2.000,2.000,1.000,0.000,0.000,0,0,0
B3_zmq_pushpull,zmq_tcp,none,none,,1,176,512,584,1785153436637418000,1785153436637418000,1785153436637418000,1785153436637419000,1785153436637505000,1785153436637508000,1785153436637508000,1785153436637508000,121932490,121652369,-194.121,0.000,0.000,1.000,3.000,0.000,0.000,0.000,0,0,0
B3_zmq_pushpull,zmq_tcp,none,none,,1,177,512,584,1785153436638371000,1785153436638371000,1785153436638371000,1785153436638372000,1785153436638478000,1785153436638481000,1785153436638481000,1785153436638481000,121932490,121652369,-174.121,0.000,0.000,1.000,3.000,0.000,0.000,0.000,0,0,0
B3_zmq_pushpull,zmq_tcp,none,none,,1,178,512,584,1785153436639385000,1785153436639385000,1785153436639385000,1785153436639386000,1785153436639474000,1785153436639477000,1785153436639477000,1785153436639477000,121932490,121652369,-192.121,0.000,0.000,1.000,3.000,0.000,0.000,0.000,0,0,0
B3_zmq_pushpull,zmq_tcp,none,none,,1,179,512,584,1785153436640337000,1785153436640337000,1785153436640338000,1785153436640338000,1785153436640458000,1785153436640461000,1785153436640462000,1785153436640462000,121932490,121652369,-160.121,0.000,1.000,0.000,3.000,1.000,0.000,0.000,0,0,0
B3_zmq_pushpull,zmq_tcp,none,none,,1,180,512,584,1785153436641391000,1785153436641392000,1785153436641392000,1785153436641393000,1785153436641440000,1785153436641444000,1785153436641444000,1785153436641444000,121932490,121652369,-233.121,1.000,0.000,1.000,4.000,0.000,0.000,0.000,0,0,0
B3_zmq_pushpull,zmq_tcp,none,none,,1,181,512,584,1785153436642377000,1785153436642377000,1785153436642377000,1785153436642378000,1785153436642422000,1785153436642425000,1785153436642425000,1785153436642425000,121932490,121652369,-236.121,0.000,0.000,1.000,3.000,0.000,0.000,0.000,0,0,0
B3_zmq_pushpull,zmq_tcp,none,none,,1,182,512,584,1785153436643382000,1785153436643382000,1785153436643382000,1785153436643383000,1785153436643536000,1785153436643539000,1785153436643539000,1785153436643539000,121932490,121652369,-127.121,0.000,0.000,1.000,3.000,0.000,0.000,0.000,0,0,0
B3_zmq_pushpull,zmq_tcp,none,none,,1,183,512,584,1785153436644231000,1785153436644231000,1785153436644231000,1785153436644232000,1785153436644386000,1785153436644389000,1785153436644389000,1785153436644389000,121932490,121652369,-126.121,0.000,0.000,1.000,3.000,0.000,0.000,0.000,0,0,0
B3_zmq_pushpull,zmq_tcp,none,none,,1,184,512,584,1785153436645217000,1785153436645217000,1785153436645217000,1785153436645218000,1785153436645365000,1785153436645368000,1785153436645368000,1785153436645368000,121932490,121652369,-133.121,0.000,0.000,1.000,3.000,0.000,0.000,0.000,0,0,0
B3_zmq_pushpull,zmq_tcp,none,none,,1,185,512,584,1785153436646421000,1785153436646421000,1785153436646422000,1785153436646422000,1785153436646598000,1785153436646601000,1785153436646601000,1785153436646601000,121932490,121652369,-104.121,0.000,1.000,0.000,3.000,0.000,0.000,0.000,0,0,0
B3_zmq_pushpull,zmq_tcp,none,none,,1,186,512,584,1785153436647367000,1785153436647367000,1785153436647367000,1785153436647368000,1785153436647442000,1785153436647445000,1785153436647445000,1785153436647445000,121932490,121652369,-206.121,0.000,0.000,1.000,3.000,0.000,0.000,0.000,0,0,0
B3_zmq_pushpull,zmq_tcp,none,none,,1,187,512,584,1785153436648384000,1785153436648384000,1785153436648384000,1785153436648385000,1785153436648425000,1785153436648428000,1785153436648428000,1785153436648428000,121932490,121652369,-240.121,0.000,0.000,1.000,3.000,0.000,0.000,0.000,0,0,0
B3_zmq_pushpull,zmq_tcp,none,none,,1,188,512,584,1785153436649380000,1785153436649380000,1785153436649380000,1785153436649381000,1785153436649538000,1785153436649542000,1785153436649542000,1785153436649542000,121932490,121652369,-123.121,0.000,0.000,1.000,4.000,0.000,0.000,0.000,0,0,0
B3_zmq_pushpull,zmq_tcp,none,none,,1,189,512,584,1785153436650224000,1785153436650224000,1785153436650224000,1785153436650225000,1785153436650377000,1785153436650380000,1785153436650380000,1785153436650380000,121932490,121652369,-128.121,0.000,0.000,1.000,3.000,0.000,0.000,0.000,0,0,0
B3_zmq_pushpull,zmq_tcp,none,none,,1,190,512,584,1785153436651200000,1785153436651200000,1785153436651200000,1785153436651201000,1785153436651350000,1785153436651354000,1785153436651354000,1785153436651354000,121932490,121652369,-131.121,0.000,0.000,1.000,4.000,0.000,0.000,0.000,0,0,0
B3_zmq_pushpull,zmq_tcp,none,none,,1,191,512,584,1785153436652295000,1785153436652295000,1785153436652295000,1785153436652296000,1785153436652449000,1785153436652452000,1785153436652452000,1785153436652452000,121932490,121652369,-127.121,0.000,0.000,1.000,3.000,0.000,0.000,0.000,0,0,0
B3_zmq_pushpull,zmq_tcp,none,none,,1,192,512,584,1785153436653407000,1785153436653407000,1785153436653407000,1785153436653408000,1785153436653569000,1785153436653572000,1785153436653572000,1785153436653572000,121932490,121652369,-119.121,0.000,0.000,1.000,3.000,0.000,0.000,0.000,0,0,0
B3_zmq_pushpull,zmq_tcp,none,none,,1,193,512,584,1785153436654269000,1785153436654270000,1785153436654270000,1785153436654271000,1785153436654426000,1785153436654429000,1785153436654429000,1785153436654429000,121932490,121652369,-125.121,1.000,0.000,1.000,3.000,0.000,0.000,0.000,0,0,0
B3_zmq_pushpull,zmq_tcp,none,none,,1,194,512,584,1785153436655408000,1785153436655408000,1785153436655408000,1785153436655409000,1785153436655536000,1785153436655539000,1785153436655539000,1785153436655539000,121932490,121652369,-153.121,0.000,0.000,1.000,3.000,0.000,0.000,0.000,0,0,0
B3_zmq_pushpull,zmq_tcp,none,none,,1,195,512,584,1785153436656216000,1785153436656217000,1785153436656217000,1785153436656218000,1785153436656368000,1785153436656370000,1785153436656371000,1785153436656371000,121932490,121652369,-130.121,1.000,0.000,1.000,2.000,1.000,0.000,0.000,0,0,0
B3_zmq_pushpull,zmq_tcp,none,none,,1,196,512,584,1785153436657200000,1785153436657201000,1785153436657201000,1785153436657202000,1785153436657352000,1785153436657355000,1785153436657355000,1785153436657355000,121932490,121652369,-130.121,1.000,0.000,1.000,3.000,0.000,0.000,0.000,0,0,0
B3_zmq_pushpull,zmq_tcp,none,none,,1,197,512,584,1785153436658189000,1785153436658189000,1785153436658189000,1785153436658190000,1785153436658349000,1785153436658352000,1785153436658352000,1785153436658352000,121932490,121652369,-121.121,0.000,0.000,1.000,3.000,0.000,0.000,0.000,0,0,0
B3_zmq_pushpull,zmq_tcp,none,none,,1,198,512,584,1785153436659430000,1785153436659430000,1785153436659430000,1785153436659431000,1785153436659616000,1785153436659618000,1785153436659619000,1785153436659619000,121932490,121652369,-95.121,0.000,0.000,1.000,2.000,1.000,0.000,0.000,0,0,0
B3_zmq_pushpull,zmq_tcp,none,none,,1,199,512,584,1785153436660368000,1785153436660368000,1785153436660368000,1785153436660369000,1785153436660463000,1785153436660466000,1785153436660466000,1785153436660466000,121932490,121652369,-186.121,0.000,0.000,1.000,3.000,0.000,0.000,0.000,0,0,0
B3_zmq_pushpull,zmq_tcp,none,none,,1,200,512,584,1785153436661384000,1785153436661384000,1785153436661384000,1785153436661385000,1785153436661452000,1785153436661455000,1785153436661455000,1785153436661455000,121932490,121652369,-213.121,0.000,0.000,1.000,3.000,0.000,0.000,0.000,0,0,0
B3_zmq_pushpull,zmq_tcp,none,none,,1,201,512,584,1785153436662381000,1785153436662381000,1785153436662381000,1785153436662382000,1785153436662431000,1785153436662434000,1785153436662434000,1785153436662434000,121932490,121652369,-231.121,0.000,0.000,1.000,3.000,0.000,0.000,0.000,0,0,0
B3_zmq_pushpull,zmq_tcp,none,none,,1,202,512,584,1785153436663231000,1785153436663231000,1785153436663231000,1785153436663232000,1785153436663384000,1785153436663386000,1785153436663386000,1785153436663386000,121932490,121652369,-128.121,0.000,0.000,1.000,2.000,0.000,0.000,0.000,0,0,0
B3_zmq_pushpull,zmq_tcp,none,none,,1,203,512,584,1785153436664214000,1785153436664214000,1785153436664214000,1785153436664215000,1785153436664366000,1785153436664369000,1785153436664369000,1785153436664369000,121932490,121652369,-129.121,0.000,0.000,1.000,3.000,0.000,0.000,0.000,0,0,0
B3_zmq_pushpull,zmq_tcp,none,none,,1,204,512,584,1785153436665201000,1785153436665201000,1785153436665201000,1785153436665202000,1785153436665361000,1785153436665364000,1785153436665364000,1785153436665364000,121932490,121652369,-121.121,0.000,0.000,1.000,3.000,0.000,0.000,0.000,0,0,0
B3_zmq_pushpull,zmq_tcp,none,none,,1,205,512,584,1785153436666428000,1785153436666428000,1785153436666428000,1785153436666429000,1785153436666491000,1785153436666493000,1785153436666493000,1785153436666493000,121932490,121652369,-218.121,0.000,0.000,1.000,2.000,0.000,0.000,0.000,0,0,0
B3_zmq_pushpull,zmq_tcp,none,none,,1,206,512,584,1785153436667368000,1785153436667368000,1785153436667368000,1785153436667369000,1785153436667481000,1785153436667484000,1785153436667484000,1785153436667484000,121932490,121652369,-168.121,0.000,0.000,1.000,3.000,0.000,0.000,0.000,0,0,0
B3_zmq_pushpull,zmq_tcp,none,none,,1,207,512,584,1785153436668381000,1785153436668381000,1785153436668381000,1785153436668382000,1785153436668455000,1785153436668457000,1785153436668457000,1785153436668457000,121932490,121652369,-207.121,0.000,0.000,1.000,2.000,0.000,0.000,0.000,0,0,0
B3_zmq_pushpull,zmq_tcp,none,none,,1,208,512,584,1785153436669381000,1785153436669381000,1785153436669381000,1785153436669382000,1785153436669426000,1785153436669430000,1785153436669430000,1785153436669430000,121932490,121652369,-236.121,0.000,0.000,1.000,4.000,0.000,0.000,0.000,0,0,0
B3_zmq_pushpull,zmq_tcp,none,none,,1,209,512,584,1785153436670381000,1785153436670381000,1785153436670381000,1785153436670382000,1785153436670548000,1785153436670551000,1785153436670551000,1785153436670551000,121932490,121652369,-114.121,0.000,0.000,1.000,3.000,0.000,0.000,0.000,0,0,0
B3_zmq_pushpull,zmq_tcp,none,none,,1,210,512,584,1785153436671258000,1785153436671258000,1785153436671259000,1785153436671260000,1785153436671403000,1785153436671406000,1785153436671407000,1785153436671407000,121932490,121652369,-137.121,0.000,1.000,1.000,3.000,1.000,0.000,0.000,0,0,0
B3_zmq_pushpull,zmq_tcp,none,none,,1,211,512,584,1785153436672414000,1785153436672415000,1785153436672415000,1785153436672416000,1785153436672541000,1785153436672545000,1785153436672545000,1785153436672545000,121932490,121652369,-155.121,1.000,0.000,1.000,4.000,0.000,0.000,0.000,0,0,0
B3_zmq_pushpull,zmq_tcp,none,none,,1,212,512,584,1785153436673375000,1785153436673375000,1785153436673375000,1785153436673376000,1785153436673536000,1785153436673539000,1785153436673539000,1785153436673539000,121932490,121652369,-120.121,0.000,0.000,1.000,3.000,0.000,0.000,0.000,0,0,0
B3_zmq_pushpull,zmq_tcp,none,none,,1,213,512,584,1785153436674386000,1785153436674386000,1785153436674386000,1785153436674387000,1785153436674516000,1785153436674519000,1785153436674519000,1785153436674519000,121932490,121652369,-151.121,0.000,0.000,1.000,3.000,0.000,0.000,0.000,0,0,0
B3_zmq_pushpull,zmq_tcp,none,none,,1,214,512,584,1785153436675379000,1785153436675379000,1785153436675379000,1785153436675380000,1785153436675512000,1785153436675517000,1785153436675517000,1785153436675517000,121932490,121652369,-148.121,0.000,0.000,1.000,5.000,0.000,0.000,0.000,0,0,0
B3_zmq_pushpull,zmq_tcp,none,none,,1,215,512,584,1785153436676383000,1785153436676383000,1785153436676383000,1785153436676384000,1785153436676508000,1785153436676511000,1785153436676511000,1785153436676511000,121932490,121652369,-156.121,0.000,0.000,1.000,3.000,0.000,0.000,0.000,0,0,0
B3_zmq_pushpull,zmq_tcp,none,none,,1,216,512,584,1785153436677381000,1785153436677381000,1785153436677381000,1785153436677382000,1785153436677503000,1785153436677506000,1785153436677506000,1785153436677506000,121932490,121652369,-159.121,0.000,0.000,1.000,3.000,0.000,0.000,0.000,0,0,0
B3_zmq_pushpull,zmq_tcp,none,none,,1,217,512,584,1785153436678381000,1785153436678381000,1785153436678381000,1785153436678382000,1785153436678509000,1785153436678512000,1785153436678512000,1785153436678512000,121932490,121652369,-153.121,0.000,0.000,1.000,3.000,0.000,0.000,0.000,0,0,0
B3_zmq_pushpull,zmq_tcp,none,none,,1,218,512,584,1785153436679378000,1785153436679378000,1785153436679378000,1785153436679379000,1785153436679510000,1785153436679513000,1785153436679513000,1785153436679513000,121932490,121652369,-149.121,0.000,0.000,1.000,3.000,0.000,0.000,0.000,0,0,0
B3_zmq_pushpull,zmq_tcp,none,none,,1,219,512,584,1785153436680383000,1785153436680383000,1785153436680383000,1785153436680384000,1785153436680509000,1785153436680512000,1785153436680512000,1785153436680512000,121932490,121652369,-155.121,0.000,0.000,1.000,3.000,0.000,0.000,0.000,0,0,0
B3_zmq_pushpull,zmq_tcp,none,none,,1,220,512,584,1785153436681381000,1785153436681381000,1785153436681381000,1785153436681382000,1785153436681519000,1785153436681522000,1785153436681522000,1785153436681522000,121932490,121652369,-143.121,0.000,0.000,1.000,3.000,0.000,0.000,0.000,0,0,0
B3_zmq_pushpull,zmq_tcp,none,none,,1,221,512,584,1785153436682381000,1785153436682381000,1785153436682381000,1785153436682382000,1785153436682502000,1785153436682505000,1785153436682505000,1785153436682505000,121932490,121652369,-160.121,0.000,0.000,1.000,3.000,0.000,0.000,0.000,0,0,0
B3_zmq_pushpull,zmq_tcp,none,none,,1,222,512,584,1785153436683379000,1785153436683379000,1785153436683379000,1785153436683380000,1785153436683497000,1785153436683499000,1785153436683499000,1785153436683499000,121932490,121652369,-163.121,0.000,0.000,1.000,2.000,0.000,0.000,0.000,0,0,0
B3_zmq_pushpull,zmq_tcp,none,none,,1,223,512,584,1785153436684383000,1785153436684383000,1785153436684383000,1785153436684384000,1785153436684493000,1785153436684496000,1785153436684496000,1785153436684496000,121932490,121652369,-171.121,0.000,0.000,1.000,3.000,0.000,0.000,0.000,0,0,0
B3_zmq_pushpull,zmq_tcp,none,none,,1,224,512,584,1785153436685381000,1785153436685381000,1785153436685381000,1785153436685382000,1785153436685513000,1785153436685515000,1785153436685515000,1785153436685515000,121932490,121652369,-149.121,0.000,0.000,1.000,2.000,0.000,0.000,0.000,0,0,0
B3_zmq_pushpull,zmq_tcp,none,none,,1,225,512,584,1785153436686384000,1785153436686384000,1785153436686384000,1785153436686385000,1785153436686515000,1785153436686518000,1785153436686518000,1785153436686518000,121932490,121652369,-150.121,0.000,0.000,1.000,3.000,0.000,0.000,0.000,0,0,0
B3_zmq_pushpull,zmq_tcp,none,none,,1,226,512,584,1785153436687380000,1785153436687380000,1785153436687380000,1785153436687381000,1785153436687517000,1785153436687519000,1785153436687520000,1785153436687520000,121932490,121652369,-144.121,0.000,0.000,1.000,2.000,1.000,0.000,0.000,0,0,0
B3_zmq_pushpull,zmq_tcp,none,none,,1,227,512,584,1785153436688382000,1785153436688382000,1785153436688382000,1785153436688383000,1785153436688541000,1785153436688544000,1785153436688544000,1785153436688544000,121932490,121652369,-122.121,0.000,0.000,1.000,3.000,0.000,0.000,0.000,0,0,0
B3_zmq_pushpull,zmq_tcp,none,none,,1,228,512,584,1785153436689382000,1785153436689382000,1785153436689382000,1785153436689383000,1785153436689546000,1785153436689549000,1785153436689549000,1785153436689549000,121932490,121652369,-117.121,0.000,0.000,1.000,3.000,0.000,0.000,0.000,0,0,0
B3_zmq_pushpull,zmq_tcp,none,none,,1,229,512,584,1785153436690381000,1785153436690382000,1785153436690382000,1785153436690383000,1785153436690554000,1785153436690557000,1785153436690557000,1785153436690557000,121932490,121652369,-109.121,1.000,0.000,1.000,3.000,0.000,0.000,0.000,0,0,0
B3_zmq_pushpull,zmq_tcp,none,none,,1,230,512,584,1785153436691381000,1785153436691382000,1785153436691382000,1785153436691383000,1785153436691426000,1785153436691431000,1785153436691431000,1785153436691431000,121932490,121652369,-237.121,1.000,0.000,1.000,5.000,0.000,0.000,0.000,0,0,0
B3_zmq_pushpull,zmq_tcp,none,none,,1,231,512,584,1785153436692281000,1785153436692281000,1785153436692281000,1785153436692282000,1785153436692441000,1785153436692445000,1785153436692445000,1785153436692445000,121932490,121652369,-121.121,0.000,0.000,1.000,4.000,0.000,0.000,0.000,0,0,0
B3_zmq_pushpull,zmq_tcp,none,none,,1,232,512,584,1785153436693411000,1785153436693411000,1785153436693411000,1785153436693412000,1785153436693605000,1785153436693608000,1785153436693608000,1785153436693608000,121932490,121652369,-87.121,0.000,0.000,1.000,3.000,0.000,0.000,0.000,0,0,0
B3_zmq_pushpull,zmq_tcp,none,none,,1,233,512,584,1785153436694373000,1785153436694374000,1785153436694374000,1785153436694375000,1785153436694481000,1785153436694483000,1785153436694484000,1785153436694484000,121932490,121652369,-174.121,1.000,0.000,1.000,2.000,1.000,0.000,0.000,0,0,0
B3_zmq_pushpull,zmq_tcp,none,none,,1,234,512,584,1785153436695385000,1785153436695385000,1785153436695385000,1785153436695386000,1785153436695465000,1785153436695467000,1785153436695467000,1785153436695467000,121932490,121652369,-201.121,0.000,0.000,1.000,2.000,0.000,0.000,0.000,0,0,0
B3_zmq_pushpull,zmq_tcp,none,none,,1,235,512,584,1785153436696381000,1785153436696382000,1785153436696382000,1785153436696383000,1785153436696470000,1785153436696473000,1785153436696473000,1785153436696473000,121932490,121652369,-193.121,1.000,0.000,1.000,3.000,0.000,0.000,0.000,0,0,0
B3_zmq_pushpull,zmq_tcp,none,none,,1,236,512,584,1785153436697381000,1785153436697382000,1785153436697382000,1785153436697382000,1785153436697476000,1785153436697478000,1785153436697478000,1785153436697478000,121932490,121652369,-186.121,1.000,0.000,0.000,2.000,0.000,0.000,0.000,0,0,0
B3_zmq_pushpull,zmq_tcp,none,none,,1,237,512,584,1785153436698379000,1785153436698379000,1785153436698379000,1785153436698380000,1785153436698481000,1785153436698484000,1785153436698484000,1785153436698484000,121932490,121652369,-179.121,0.000,0.000,1.000,3.000,0.000,0.000,0.000,0,0,0
B3_zmq_pushpull,zmq_tcp,none,none,,1,238,512,584,1785153436699384000,1785153436699384000,1785153436699384000,1785153436699385000,1785153436699484000,1785153436699486000,1785153436699486000,1785153436699486000,121932490,121652369,-181.121,0.000,0.000,1.000,2.000,0.000,0.000,0.000,0,0,0
B3_zmq_pushpull,zmq_tcp,none,none,,1,239,512,584,1785153436700381000,1785153436700382000,1785153436700382000,1785153436700383000,1785153436700489000,1785153436700491000,1785153436700492000,1785153436700492000,121932490,121652369,-174.121,1.000,0.000,1.000,2.000,1.000,0.000,0.000,0,0,0
B3_zmq_pushpull,zmq_tcp,none,none,,1,240,512,584,1785153436701384000,1785153436701384000,1785153436701384000,1785153436701385000,1785153436701489000,1785153436701492000,1785153436701492000,1785153436701492000,121932490,121652369,-176.121,0.000,0.000,1.000,3.000,0.000,0.000,0.000,0,0,0
B3_zmq_pushpull,zmq_tcp,none,none,,1,241,512,584,1785153436702381000,1785153436702382000,1785153436702382000,1785153436702383000,1785153436702504000,1785153436702506000,1785153436702506000,1785153436702506000,121932490,121652369,-159.121,1.000,0.000,1.000,2.000,0.000,0.000,0.000,0,0,0
B3_zmq_pushpull,zmq_tcp,none,none,,1,242,512,584,1785153436703381000,1785153436703381000,1785153436703381000,1785153436703382000,1785153436703502000,1785153436703505000,1785153436703505000,1785153436703505000,121932490,121652369,-160.121,0.000,0.000,1.000,3.000,0.000,0.000,0.000,0,0,0
B3_zmq_pushpull,zmq_tcp,none,none,,1,243,512,584,1785153436704381000,1785153436704381000,1785153436704381000,1785153436704382000,1785153436704498000,1785153436704501000,1785153436704501000,1785153436704501000,121932490,121652369,-164.121,0.000,0.000,1.000,3.000,0.000,0.000,0.000,0,0,0
B3_zmq_pushpull,zmq_tcp,none,none,,1,244,512,584,1785153436705381000,1785153436705382000,1785153436705382000,1785153436705383000,1785153436705492000,1785153436705494000,1785153436705494000,1785153436705494000,121932490,121652369,-171.121,1.000,0.000,1.000,2.000,0.000,0.000,0.000,0,0,0
B3_zmq_pushpull,zmq_tcp,none,none,,1,245,512,584,1785153436706381000,1785153436706381000,1785153436706381000,1785153436706382000,1785153436706507000,1785153436706510000,1785153436706510000,1785153436706510000,121932490,121652369,-155.121,0.000,0.000,1.000,3.000,0.000,0.000,0.000,0,0,0
B3_zmq_pushpull,zmq_tcp,none,none,,1,246,512,584,1785153436707351000,1785153436707351000,1785153436707351000,1785153436707352000,1785153436707492000,1785153436707494000,1785153436707495000,1785153436707495000,121932490,121652369,-140.121,0.000,0.000,1.000,2.000,1.000,0.000,0.000,0,0,0
B3_zmq_pushpull,zmq_tcp,none,none,,1,247,512,584,1785153436708392000,1785153436708392000,1785153436708393000,1785153436708393000,1785153436708495000,1785153436708498000,1785153436708498000,1785153436708498000,121932490,121652369,-178.121,0.000,1.000,0.000,3.000,0.000,0.000,0.000,0,0,0
B3_zmq_pushpull,zmq_tcp,none,none,,1,248,512,584,1785153436709379000,1785153436709379000,1785153436709379000,1785153436709380000,1785153436709497000,1785153436709500000,1785153436709500000,1785153436709500000,121932490,121652369,-163.121,0.000,0.000,1.000,3.000,0.000,0.000,0.000,0,0,0
B3_zmq_pushpull,zmq_tcp,none,none,,1,249,512,584,1785153436710195000,1785153436710195000,1785153436710195000,1785153436710196000,1785153436710341000,1785153436710344000,1785153436710344000,1785153436710344000,121932490,121652369,-135.121,0.000,0.000,1.000,3.000,0.000,0.000,0.000,0,0,0
B3_zmq_pushpull,zmq_tcp,none,none,,1,250,512,584,1785153436711428000,1785153436711428000,1785153436711428000,1785153436711429000,1785153436711485000,1785153436711488000,1785153436711488000,1785153436711488000,121932490,121652369,-224.121,0.000,0.000,1.000,3.000,0.000,0.000,0.000,0,0,0
B3_zmq_pushpull,zmq_tcp,none,none,,1,251,512,584,1785153436712196000,1785153436712197000,1785153436712197000,1785153436712198000,1785153436712350000,1785153436712353000,1785153436712353000,1785153436712353000,121932490,121652369,-128.121,1.000,0.000,1.000,3.000,0.000,0.000,0.000,0,0,0
B3_zmq_pushpull,zmq_tcp,none,none,,1,252,512,584,1785153436713191000,1785153436713191000,1785153436713191000,1785153436713192000,1785153436713340000,1785153436713343000,1785153436713343000,1785153436713343000,121932490,121652369,-132.121,0.000,0.000,1.000,3.000,0.000,0.000,0.000,0,0,0
B3_zmq_pushpull,zmq_tcp,none,none,,1,253,512,584,1785153436714430000,1785153436714430000,1785153436714430000,1785153436714431000,1785153436714629000,1785153436714632000,1785153436714632000,1785153436714632000,121932490,121652369,-82.121,0.000,0.000,1.000,3.000,0.000,0.000,0.000,0,0,0
B3_zmq_pushpull,zmq_tcp,none,none,,1,254,512,584,1785153436715199000,1785153436715200000,1785153436715200000,1785153436715201000,1785153436715349000,1785153436715351000,1785153436715351000,1785153436715351000,121932490,121652369,-132.121,1.000,0.000,1.000,2.000,0.000,0.000,0.000,0,0,0
B3_zmq_pushpull,zmq_tcp,none,none,,1,255,512,584,1785153436716427000,1785153436716427000,1785153436716427000,1785153436716428000,1785153436716482000,1785153436716484000,1785153436716484000,1785153436716484000,121932490,121652369,-226.121,0.000,0.000,1.000,2.000,0.000,0.000,0.000,0,0,0
B3_zmq_pushpull,zmq_tcp,none,none,,1,256,512,584,1785153436717371000,1785153436717371000,1785153436717371000,1785153436717372000,1785153436717493000,1785153436717496000,1785153436717496000,1785153436717496000,121932490,121652369,-159.121,0.000,0.000,1.000,3.000,0.000,0.000,0.000,0,0,0
B3_zmq_pushpull,zmq_tcp,none,none,,1,257,512,584,1785153436718384000,1785153436718384000,1785153436718384000,1785153436718385000,1785153436718472000,1785153436718475000,1785153436718475000,1785153436718475000,121932490,121652369,-193.121,0.000,0.000,1.000,3.000,0.000,0.000,0.000,0,0,0
B3_zmq_pushpull,zmq_tcp,none,none,,1,258,512,584,1785153436719378000,1785153436719378000,1785153436719378000,1785153436719379000,1785153436719457000,1785153436719460000,1785153436719460000,1785153436719460000,121932490,121652369,-202.121,0.000,0.000,1.000,3.000,0.000,0.000,0.000,0,0,0
B3_zmq_pushpull,zmq_tcp,none,none,,1,259,512,584,1785153436720383000,1785153436720383000,1785153436720383000,1785153436720384000,1785153436720435000,1785153436720439000,1785153436720439000,1785153436720439000,121932490,121652369,-229.121,0.000,0.000,1.000,4.000,0.000,0.000,0.000,0,0,0
B3_zmq_pushpull,zmq_tcp,none,none,,1,260,512,584,1785153436721382000,1785153436721382000,1785153436721382000,1785153436721383000,1785153436721426000,1785153436721428000,1785153436721428000,1785153436721428000,121932490,121652369,-237.121,0.000,0.000,1.000,2.000,0.000,0.000,0.000,0,0,0
B3_zmq_pushpull,zmq_tcp,none,none,,1,261,512,584,1785153436722383000,1785153436722383000,1785153436722383000,1785153436722384000,1785153436722566000,1785153436722568000,1785153436722568000,1785153436722568000,121932490,121652369,-98.121,0.000,0.000,1.000,2.000,0.000,0.000,0.000,0,0,0
B3_zmq_pushpull,zmq_tcp,none,none,,1,262,512,584,1785153436723379000,1785153436723379000,1785153436723379000,1785153436723380000,1785153436723427000,1785153436723430000,1785153436723430000,1785153436723430000,121932490,121652369,-233.121,0.000,0.000,1.000,3.000,0.000,0.000,0.000,0,0,0
B3_zmq_pushpull,zmq_tcp,none,none,,1,263,512,584,1785153436724383000,1785153436724383000,1785153436724383000,1785153436724384000,1785153436724429000,1785153436724432000,1785153436724432000,1785153436724432000,121932490,121652369,-235.121,0.000,0.000,1.000,3.000,0.000,0.000,0.000,0,0,0
B3_zmq_pushpull,zmq_tcp,none,none,,1,264,512,584,1785153436725382000,1785153436725382000,1785153436725382000,1785153436725383000,1785153436725415000,1785153436725419000,1785153436725419000,1785153436725419000,121932490,121652369,-248.121,0.000,0.000,1.000,4.000,0.000,0.000,0.000,0,0,0
B3_zmq_pushpull,zmq_tcp,none,none,,1,265,512,584,1785153436726382000,1785153436726382000,1785153436726382000,1785153436726383000,1785153436726565000,1785153436726568000,1785153436726568000,1785153436726568000,121932490,121652369,-98.121,0.000,0.000,1.000,3.000,0.000,0.000,0.000,0,0,0
B3_zmq_pushpull,zmq_tcp,none,none,,1,266,512,584,1785153436727378000,1785153436727378000,1785153436727378000,1785153436727379000,1785153436727530000,1785153436727533000,1785153436727533000,1785153436727533000,121932490,121652369,-129.121,0.000,0.000,1.000,3.000,0.000,0.000,0.000,0,0,0
B3_zmq_pushpull,zmq_tcp,none,none,,1,267,512,584,1785153436728383000,1785153436728383000,1785153436728383000,1785153436728384000,1785153436728536000,1785153436728538000,1785153436728538000,1785153436728538000,121932490,121652369,-128.121,0.000,0.000,1.000,2.000,0.000,0.000,0.000,0,0,0
B3_zmq_pushpull,zmq_tcp,none,none,,1,268,512,584,1785153436729381000,1785153436729381000,1785153436729381000,1785153436729382000,1785153436729529000,1785153436729532000,1785153436729532000,1785153436729532000,121932490,121652369,-133.121,0.000,0.000,1.000,3.000,0.000,0.000,0.000,0,0,0
B3_zmq_pushpull,zmq_tcp,none,none,,1,269,512,584,1785153436730381000,1785153436730381000,1785153436730381000,1785153436730382000,1785153436730525000,1785153436730528000,1785153436730528000,1785153436730528000,121932490,121652369,-137.121,0.000,0.000,1.000,3.000,0.000,0.000,0.000,0,0,0
B3_zmq_pushpull,zmq_tcp,none,none,,1,270,512,584,1785153436731381000,1785153436731381000,1785153436731381000,1785153436731382000,1785153436731524000,1785153436731526000,1785153436731526000,1785153436731526000,121932490,121652369,-138.121,0.000,0.000,1.000,2.000,0.000,0.000,0.000,0,0,0
B3_zmq_pushpull,zmq_tcp,none,none,,1,271,512,584,1785153436732382000,1785153436732382000,1785153436732382000,1785153436732383000,1785153436732528000,1785153436732530000,1785153436732530000,1785153436732530000,121932490,121652369,-135.121,0.000,0.000,1.000,2.000,0.000,0.000,0.000,0,0,0
B3_zmq_pushpull,zmq_tcp,none,none,,1,272,512,584,1785153436733382000,1785153436733382000,1785153436733382000,1785153436733383000,1785153436733527000,1785153436733530000,1785153436733530000,1785153436733530000,121932490,121652369,-136.121,0.000,0.000,1.000,3.000,0.000,0.000,0.000,0,0,0
B3_zmq_pushpull,zmq_tcp,none,none,,1,273,512,584,1785153436734381000,1785153436734381000,1785153436734381000,1785153436734382000,1785153436734539000,1785153436734543000,1785153436734543000,1785153436734543000,121932490,121652369,-123.121,0.000,0.000,1.000,4.000,0.000,0.000,0.000,0,0,0
B3_zmq_pushpull,zmq_tcp,none,none,,1,274,512,584,1785153436735230000,1785153436735231000,1785153436735231000,1785153436735232000,1785153436735379000,1785153436735382000,1785153436735382000,1785153436735382000,121932490,121652369,-133.121,1.000,0.000,1.000,3.000,0.000,0.000,0.000,0,0,0
B3_zmq_pushpull,zmq_tcp,none,none,,1,275,512,584,1785153436736419000,1785153436736419000,1785153436736419000,1785153436736420000,1785153436736538000,1785153436736541000,1785153436736541000,1785153436736541000,121932490,121652369,-162.121,0.000,0.000,1.000,3.000,0.000,0.000,0.000,0,0,0
B3_zmq_pushpull,zmq_tcp,none,none,,1,276,512,584,1785153436737373000,1785153436737373000,1785153436737373000,1785153436737374000,1785153436737423000,1785153436737428000,1785153436737428000,1785153436737428000,121932490,121652369,-231.121,0.000,0.000,1.000,5.000,0.000,0.000,0.000,0,0,0
B3_zmq_pushpull,zmq_tcp,none,none,,1,277,512,584,1785153436738384000,1785153436738385000,1785153436738385000,1785153436738386000,1785153436738422000,1785153436738427000,1785153436738427000,1785153436738427000,121932490,121652369,-244.121,1.000,0.000,1.000,5.000,0.000,0.000,0.000,0,0,0
B3_zmq_pushpull,zmq_tcp,none,none,,1,278,512,584,1785153436739382000,1785153436739382000,1785153436739382000,1785153436739383000,1785153436739431000,1785153436739434000,1785153436739434000,1785153436739434000,121932490,121652369,-232.121,0.000,0.000,1.000,3.000,0.000,0.000,0.000,0,0,0
B3_zmq_pushpull,zmq_tcp,none,none,,1,279,512,584,1785153436740382000,1785153436740382000,1785153436740382000,1785153436740383000,1785153436740441000,1785153436740445000,1785153436740445000,1785153436740445000,121932490,121652369,-222.121,0.000,0.000,1.000,4.000,0.000,0.000,0.000,0,0,0
B3_zmq_pushpull,zmq_tcp,none,none,,1,280,512,584,1785153436741383000,1785153436741384000,1785153436741384000,1785153436741385000,1785153436741431000,1785153436741434000,1785153436741434000,1785153436741434000,121932490,121652369,-234.121,1.000,0.000,1.000,3.000,0.000,0.000,0.000,0,0,0
B3_zmq_pushpull,zmq_tcp,none,none,,1,281,512,584,1785153436742382000,1785153436742382000,1785153436742382000,1785153436742383000,1785153436742427000,1785153436742430000,1785153436742430000,1785153436742430000,121932490,121652369,-236.121,0.000,0.000,1.000,3.000,0.000,0.000,0.000,0,0,0
B3_zmq_pushpull,zmq_tcp,none,none,,1,282,512,584,1785153436743383000,1785153436743383000,1785153436743383000,1785153436743384000,1785153436743435000,1785153436743438000,1785153436743438000,1785153436743438000,121932490,121652369,-229.121,0.000,0.000,1.000,3.000,0.000,0.000,0.000,0,0,0
B3_zmq_pushpull,zmq_tcp,none,none,,1,283,512,584,1785153436744291000,1785153436744291000,1785153436744292000,1785153436744293000,1785153436744449000,1785153436744452000,1785153436744452000,1785153436744452000,121932490,121652369,-124.121,0.000,1.000,1.000,3.000,0.000,0.000,0.000,0,0,0
B3_zmq_pushpull,zmq_tcp,none,none,,1,284,512,584,1785153436745305000,1785153436745305000,1785153436745305000,1785153436745306000,1785153436745451000,1785153436745454000,1785153436745454000,1785153436745454000,121932490,121652369,-135.121,0.000,0.000,1.000,3.000,0.000,0.000,0.000,0,0,0
B3_zmq_pushpull,zmq_tcp,none,none,,1,285,512,584,1785153436746400000,1785153436746401000,1785153436746401000,1785153436746402000,1785153436746449000,1785153436746452000,1785153436746452000,1785153436746452000,121932490,121652369,-233.121,1.000,0.000,1.000,3.000,0.000,0.000,0.000,0,0,0
B3_zmq_pushpull,zmq_tcp,none,none,,1,286,512,584,1785153436747376000,1785153436747377000,1785153436747377000,1785153436747378000,1785153436747457000,1785153436747460000,1785153436747460000,1785153436747460000,121932490,121652369,-201.121,1.000,0.000,1.000,3.000,0.000,0.000,0.000,0,0,0
B3_zmq_pushpull,zmq_tcp,none,none,,1,287,512,584,1785153436748383000,1785153436748383000,1785153436748383000,1785153436748384000,1785153436748468000,1785153436748471000,1785153436748471000,1785153436748471000,121932490,121652369,-196.121,0.000,0.000,1.000,3.000,0.000,0.000,0.000,0,0,0
B3_zmq_pushpull,zmq_tcp,none,none,,1,288,512,584,1785153436749383000,1785153436749383000,1785153436749383000,1785153436749384000,1785153436749485000,1785153436749488000,1785153436749488000,1785153436749488000,121932490,121652369,-179.121,0.000,0.000,1.000,3.000,0.000,0.000,0.000,0,0,0
B3_zmq_pushpull,zmq_tcp,none,none,,1,289,512,584,1785153436750381000,1785153436750382000,1785153436750382000,1785153436750383000,1785153436750501000,1785153436750504000,1785153436750504000,1785153436750504000,121932490,121652369,-162.121,1.000,0.000,1.000,3.000,0.000,0.000,0.000,0,0,0
B3_zmq_pushpull,zmq_tcp,none,none,,1,290,512,584,1785153436751382000,1785153436751382000,1785153436751382000,1785153436751383000,1785153436751509000,1785153436751512000,1785153436751512000,1785153436751512000,121932490,121652369,-154.121,0.000,0.000,1.000,3.000,0.000,0.000,0.000,0,0,0
B3_zmq_pushpull,zmq_tcp,none,none,,1,291,512,584,1785153436752381000,1785153436752381000,1785153436752381000,1785153436752382000,1785153436752521000,1785153436752524000,1785153436752524000,1785153436752524000,121932490,121652369,-141.121,0.000,0.000,1.000,3.000,0.000,0.000,0.000,0,0,0
B3_zmq_pushpull,zmq_tcp,none,none,,1,292,512,584,1785153436753382000,1785153436753382000,1785153436753382000,1785153436753383000,1785153436753528000,1785153436753531000,1785153436753531000,1785153436753531000,121932490,121652369,-135.121,0.000,0.000,1.000,3.000,0.000,0.000,0.000,0,0,0
B3_zmq_pushpull,zmq_tcp,none,none,,1,293,512,584,1785153436754381000,1785153436754381000,1785153436754381000,1785153436754382000,1785153436754526000,1785153436754529000,1785153436754529000,1785153436754529000,121932490,121652369,-136.121,0.000,0.000,1.000,3.000,0.000,0.000,0.000,0,0,0
B3_zmq_pushpull,zmq_tcp,none,none,,1,294,512,584,1785153436755378000,1785153436755378000,1785153436755378000,1785153436755379000,1785153436755535000,1785153436755537000,1785153436755537000,1785153436755537000,121932490,121652369,-124.121,0.000,0.000,1.000,2.000,0.000,0.000,0.000,0,0,0
B3_zmq_pushpull,zmq_tcp,none,none,,1,295,512,584,1785153436756382000,1785153436756382000,1785153436756383000,1785153436756383000,1785153436756525000,1785153436756528000,1785153436756528000,1785153436756528000,121932490,121652369,-138.121,0.000,1.000,0.000,3.000,0.000,0.000,0.000,0,0,0
B3_zmq_pushpull,zmq_tcp,none,none,,1,296,512,584,1785153436757231000,1785153436757231000,1785153436757231000,1785153436757232000,1785153436757387000,1785153436757389000,1785153436757389000,1785153436757389000,121932490,121652369,-125.121,0.000,0.000,1.000,2.000,0.000,0.000,0.000,0,0,0
B3_zmq_pushpull,zmq_tcp,none,none,,1,297,512,584,1785153436758420000,1785153436758420000,1785153436758420000,1785153436758421000,1785153436758539000,1785153436758541000,1785153436758541000,1785153436758541000,121932490,121652369,-162.121,0.000,0.000,1.000,2.000,0.000,0.000,0.000,0,0,0
B3_zmq_pushpull,zmq_tcp,none,none,,1,298,512,584,1785153436759370000,1785153436759370000,1785153436759370000,1785153436759371000,1785153436759417000,1785153436759421000,1785153436759421000,1785153436759421000,121932490,121652369,-234.121,0.000,0.000,1.000,4.000,0.000,0.000,0.000,0,0,0
B3_zmq_pushpull,zmq_tcp,none,none,,1,299,512,584,1785153436760261000,1785153436760261000,1785153436760261000,1785153436760262000,1785153436760406000,1785153436760408000,1785153436760408000,1785153436760408000,121932490,121652369,-136.121,0.000,0.000,1.000,2.000,0.000,0.000,0.000,0,0,0
B3_zmq_pushpull,zmq_tcp,none,none,,1,300,512,584,1785153436761251000,1785153436761251000,1785153436761251000,1785153436761252000,1785153436761396000,1785153436761399000,1785153436761399000,1785153436761399000,121932490,121652369,-136.121,0.000,0.000,1.000,3.000,0.000,0.000,0.000,0,0,0
B3_zmq_pushpull,zmq_tcp,none,none,,1,301,512,584,1785153436762415000,1785153436762415000,1785153436762415000,1785153436762416000,1785153436762531000,1785153436762533000,1785153436762533000,1785153436762533000,121932490,121652369,-165.121,0.000,0.000,1.000,2.000,0.000,0.000,0.000,0,0,0
B3_zmq_pushpull,zmq_tcp,none,none,,1,302,512,584,1785153436763371000,1785153436763372000,1785153436763372000,1785153436763373000,1785153436763541000,1785153436763549000,1785153436763549000,1785153436763549000,121932490,121652369,-112.121,1.000,0.000,1.000,8.000,0.000,0.000,0.000,0,0,0
B3_zmq_pushpull,zmq_tcp,none,none,,1,303,512,584,1785153436764384000,1785153436764385000,1785153436764385000,1785153436764386000,1785153436764553000,1785153436764556000,1785153436764556000,1785153436764556000,121932490,121652369,-113.121,1.000,0.000,1.000,3.000,0.000,0.000,0.000,0,0,0
B3_zmq_pushpull,zmq_tcp,none,none,,1,304,512,584,1785153436765384000,1785153436765385000,1785153436765385000,1785153436765386000,1785153436765556000,1785153436765559000,1785153436765559000,1785153436765559000,121932490,121652369,-110.121,1.000,0.000,1.000,3.000,0.000,0.000,0.000,0,0,0
B3_zmq_pushpull,zmq_tcp,none,none,,1,305,512,584,1785153436766282000,1785153436766282000,1785153436766282000,1785153436766283000,1785153436766424000,1785153436766427000,1785153436766427000,1785153436766427000,121932490,121652369,-139.121,0.000,0.000,1.000,3.000,0.000,0.000,0.000,0,0,0
B3_zmq_pushpull,zmq_tcp,none,none,,1,306,512,584,1785153436767257000,1785153436767257000,1785153436767257000,1785153436767258000,1785153436767411000,1785153436767414000,1785153436767414000,1785153436767414000,121932490,121652369,-127.121,0.000,0.000,1.000,3.000,0.000,0.000,0.000,0,0,0
B3_zmq_pushpull,zmq_tcp,none,none,,1,307,512,584,1785153436768255000,1785153436768255000,1785153436768255000,1785153436768256000,1785153436768399000,1785153436768401000,1785153436768401000,1785153436768401000,121932490,121652369,-137.121,0.000,0.000,1.000,2.000,0.000,0.000,0.000,0,0,0
B3_zmq_pushpull,zmq_tcp,none,none,,1,308,512,584,1785153436769415000,1785153436769416000,1785153436769416000,1785153436769417000,1785153436769539000,1785153436769541000,1785153436769541000,1785153436769541000,121932490,121652369,-158.121,1.000,0.000,1.000,2.000,0.000,0.000,0.000,0,0,0
B3_zmq_pushpull,zmq_tcp,none,none,,1,309,512,584,1785153436770249000,1785153436770249000,1785153436770249000,1785153436770250000,1785153436770407000,1785153436770410000,1785153436770410000,1785153436770410000,121932490,121652369,-123.121,0.000,0.000,1.000,3.000,0.000,0.000,0.000,0,0,0
B3_zmq_pushpull,zmq_tcp,none,none,,1,310,512,584,1785153436771417000,1785153436771418000,1785153436771418000,1785153436771419000,1785153436771540000,1785153436771543000,1785153436771543000,1785153436771543000,121932490,121652369,-159.121,1.000,0.000,1.000,3.000,0.000,0.000,0.000,0,0,0
B3_zmq_pushpull,zmq_tcp,none,none,,1,311,512,584,1785153436772374000,1785153436772374000,1785153436772374000,1785153436772375000,1785153436772549000,1785153436772552000,1785153436772552000,1785153436772552000,121932490,121652369,-106.121,0.000,0.000,1.000,3.000,0.000,0.000,0.000,0,0,0
B3_zmq_pushpull,zmq_tcp,none,none,,1,312,512,584,1785153436773383000,1785153436773384000,1785153436773384000,1785153436773385000,1785153436773539000,1785153436773542000,1785153436773542000,1785153436773542000,121932490,121652369,-126.121,1.000,0.000,1.000,3.000,0.000,0.000,0.000,0,0,0
B3_zmq_pushpull,zmq_tcp,none,none,,1,313,512,584,1785153436774378000,1785153436774378000,1785153436774378000,1785153436774379000,1785153436774540000,1785153436774543000,1785153436774543000,1785153436774543000,121932490,121652369,-119.121,0.000,0.000,1.000,3.000,0.000,0.000,0.000,0,0,0
B3_zmq_pushpull,zmq_tcp,none,none,,1,314,512,584,1785153436775383000,1785153436775383000,1785153436775383000,1785153436775384000,1785153436775528000,1785153436775531000,1785153436775531000,1785153436775531000,121932490,121652369,-136.121,0.000,0.000,1.000,3.000,0.000,0.000,0.000,0,0,0
B3_zmq_pushpull,zmq_tcp,none,none,,1,315,512,584,1785153436776382000,1785153436776382000,1785153436776382000,1785153436776383000,1785153436776527000,1785153436776531000,1785153436776531000,1785153436776531000,121932490,121652369,-136.121,0.000,0.000,1.000,4.000,0.000,0.000,0.000,0,0,0
B3_zmq_pushpull,zmq_tcp,none,none,,1,316,512,584,1785153436777382000,1785153436777382000,1785153436777382000,1785153436777383000,1785153436777522000,1785153436777524000,1785153436777524000,1785153436777524000,121932490,121652369,-141.121,0.000,0.000,1.000,2.000,0.000,0.000,0.000,0,0,0
B3_zmq_pushpull,zmq_tcp,none,none,,1,317,512,584,1785153436778379000,1785153436778379000,1785153436778379000,1785153436778380000,1785153436778517000,1785153436778520000,1785153436778520000,1785153436778520000,121932490,121652369,-143.121,0.000,0.000,1.000,3.000,0.000,0.000,0.000,0,0,0
B3_zmq_pushpull,zmq_tcp,none,none,,1,318,512,584,1785153436779385000,1785153436779385000,1785153436779385000,1785153436779386000,1785153436779532000,1785153436779535000,1785153436779535000,1785153436779535000,121932490,121652369,-134.121,0.000,0.000,1.000,3.000,0.000,0.000,0.000,0,0,0
B3_zmq_pushpull,zmq_tcp,none,none,,1,319,512,584,1785153436780382000,1785153436780382000,1785153436780382000,1785153436780383000,1785153436780516000,1785153436780519000,1785153436780519000,1785153436780519000,121932490,121652369,-147.121,0.000,0.000,1.000,3.000,0.000,0.000,0.000,0,0,0
B3_zmq_pushpull,zmq_tcp,none,none,,1,320,512,584,1785153436781382000,1785153436781382000,1785153436781382000,1785153436781383000,1785153436781505000,1785153436781508000,1785153436781508000,1785153436781508000,121932490,121652369,-158.121,0.000,0.000,1.000,3.000,0.000,0.000,0.000,0,0,0
B3_zmq_pushpull,zmq_tcp,none,none,,1,321,512,584,1785153436782381000,1785153436782381000,1785153436782381000,1785153436782382000,1785153436782493000,1785153436782496000,1785153436782496000,1785153436782496000,121932490,121652369,-169.121,0.000,0.000,1.000,3.000,0.000,0.000,0.000,0,0,0
B3_zmq_pushpull,zmq_tcp,none,none,,1,322,512,584,1785153436783382000,1785153436783382000,1785153436783382000,1785153436783383000,1785153436783515000,1785153436783518000,1785153436783518000,1785153436783518000,121932490,121652369,-148.121,0.000,0.000,1.000,3.000,0.000,0.000,0.000,0,0,0
B3_zmq_pushpull,zmq_tcp,none,none,,1,323,512,584,1785153436784382000,1785153436784382000,1785153436784382000,1785153436784383000,1785153436784519000,1785153436784521000,1785153436784522000,1785153436784522000,121932490,121652369,-144.121,0.000,0.000,1.000,2.000,1.000,0.000,0.000,0,0,0
B3_zmq_pushpull,zmq_tcp,none,none,,1,324,512,584,1785153436785383000,1785153436785383000,1785153436785383000,1785153436785384000,1785153436785516000,1785153436785519000,1785153436785519000,1785153436785519000,121932490,121652369,-148.121,0.000,0.000,1.000,3.000,0.000,0.000,0.000,0,0,0
B3_zmq_pushpull,zmq_tcp,none,none,,1,325,512,584,1785153436786380000,1785153436786380000,1785153436786380000,1785153436786381000,1785153436786527000,1785153436786530000,1785153436786530000,1785153436786530000,121932490,121652369,-134.121,0.000,0.000,1.000,3.000,0.000,0.000,0.000,0,0,0
B3_zmq_pushpull,zmq_tcp,none,none,,1,326,512,584,1785153436787383000,1785153436787383000,1785153436787384000,1785153436787384000,1785153436787528000,1785153436787531000,1785153436787531000,1785153436787531000,121932490,121652369,-136.121,0.000,1.000,0.000,3.000,0.000,0.000,0.000,0,0,0
B3_zmq_pushpull,zmq_tcp,none,none,,1,327,512,584,1785153436788381000,1785153436788381000,1785153436788381000,1785153436788382000,1785153436788523000,1785153436788525000,1785153436788526000,1785153436788526000,121932490,121652369,-139.121,0.000,0.000,1.000,2.000,1.000,0.000,0.000,0,0,0
B3_zmq_pushpull,zmq_tcp,none,none,,1,328,512,584,1785153436789382000,1785153436789382000,1785153436789382000,1785153436789383000,1785153436789513000,1785153436789516000,1785153436789516000,1785153436789516000,121932490,121652369,-150.121,0.000,0.000,1.000,3.000,0.000,0.000,0.000,0,0,0
B3_zmq_pushpull,zmq_tcp,none,none,,1,329,512,584,1785153436790384000,1785153436790384000,1785153436790384000,1785153436790385000,1785153436790505000,1785153436790508000,1785153436790508000,1785153436790508000,121932490,121652369,-160.121,0.000,0.000,1.000,3.000,0.000,0.000,0.000,0,0,0
B3_zmq_pushpull,zmq_tcp,none,none,,1,330,512,584,1785153436791382000,1785153436791382000,1785153436791382000,1785153436791383000,1785153436791524000,1785153436791527000,1785153436791527000,1785153436791527000,121932490,121652369,-139.121,0.000,0.000,1.000,3.000,0.000,0.000,0.000,0,0,0
B3_zmq_pushpull,zmq_tcp,none,none,,1,331,512,584,1785153436792382000,1785153436792382000,1785153436792382000,1785153436792383000,1785153436792528000,1785153436792531000,1785153436792531000,1785153436792531000,121932490,121652369,-135.121,0.000,0.000,1.000,3.000,0.000,0.000,0.000,0,0,0
B3_zmq_pushpull,zmq_tcp,none,none,,1,332,512,584,1785153436793385000,1785153436793385000,1785153436793385000,1785153436793386000,1785153436793525000,1785153436793528000,1785153436793528000,1785153436793528000,121932490,121652369,-141.121,0.000,0.000,1.000,3.000,0.000,0.000,0.000,0,0,0
B3_zmq_pushpull,zmq_tcp,none,none,,1,333,512,584,1785153436794380000,1785153436794380000,1785153436794381000,1785153436794381000,1785153436794517000,1785153436794521000,1785153436794521000,1785153436794521000,121932490,121652369,-144.121,0.000,1.000,0.000,4.000,0.000,0.000,0.000,0,0,0
B3_zmq_pushpull,zmq_tcp,none,none,,1,334,512,584,1785153436795383000,1785153436795383000,1785153436795383000,1785153436795384000,1785153436795512000,1785153436795515000,1785153436795515000,1785153436795515000,121932490,121652369,-152.121,0.000,0.000,1.000,3.000,0.000,0.000,0.000,0,0,0
B3_zmq_pushpull,zmq_tcp,none,none,,1,335,512,584,1785153436796383000,1785153436796383000,1785153436796383000,1785153436796384000,1785153436796495000,1785153436796498000,1785153436796498000,1785153436796498000,121932490,121652369,-169.121,0.000,0.000,1.000,3.000,0.000,0.000,0.000,0,0,0
B3_zmq_pushpull,zmq_tcp,none,none,,1,336,512,584,1785153436797382000,1785153436797382000,1785153436797382000,1785153436797383000,1785153436797500000,1785153436797503000,1785153436797503000,1785153436797503000,121932490,121652369,-163.121,0.000,0.000,1.000,3.000,0.000,0.000,0.000,0,0,0
B3_zmq_pushpull,zmq_tcp,none,none,,1,337,512,584,1785153436798380000,1785153436798381000,1785153436798381000,1785153436798382000,1785153436798512000,1785153436798515000,1785153436798515000,1785153436798516000,121932490,121652369,-150.121,1.000,0.000,1.000,3.000,0.000,1.000,0.000,0,0,0
B3_zmq_pushpull,zmq_tcp,none,none,,1,338,512,584,1785153436799216000,1785153436799216000,1785153436799216000,1785153436799217000,1785153436799376000,1785153436799379000,1785153436799379000,1785153436799379000,121932490,121652369,-121.121,0.000,0.000,1.000,3.000,0.000,0.000,0.000,0,0,0
B3_zmq_pushpull,zmq_tcp,none,none,,1,339,512,584,1785153436800428000,1785153436800428000,1785153436800428000,1785153436800429000,1785153436800531000,1785153436800534000,1785153436800534000,1785153436800534000,121932490,121652369,-178.121,0.000,0.000,1.000,3.000,0.000,0.000,0.000,0,0,0
B3_zmq_pushpull,zmq_tcp,none,none,,1,340,512,584,1785153436801370000,1785153436801370000,1785153436801370000,1785153436801371000,1785153436801539000,1785153436801542000,1785153436801542000,1785153436801542000,121932490,121652369,-112.121,0.000,0.000,1.000,3.000,0.000,0.000,0.000,0,0,0
B3_zmq_pushpull,zmq_tcp,none,none,,1,341,512,584,1785153436802387000,1785153436802387000,1785153436802387000,1785153436802388000,1785153436802542000,1785153436802544000,1785153436802544000,1785153436802544000,121932490,121652369,-126.121,0.000,0.000,1.000,2.000,0.000,0.000,0.000,0,0,0
B3_zmq_pushpull,zmq_tcp,none,none,,1,342,512,584,1785153436803386000,1785153436803386000,1785153436803386000,1785153436803387000,1785153436803556000,1785153436803559000,1785153436803559000,1785153436803559000,121932490,121652369,-111.121,0.000,0.000,1.000,3.000,0.000,0.000,0.000,0,0,0
B3_zmq_pushpull,zmq_tcp,none,none,,1,343,512,584,1785153436804387000,1785153436804387000,1785153436804387000,1785153436804388000,1785153436804572000,1785153436804575000,1785153436804575000,1785153436804575000,121932490,121652369,-96.121,0.000,0.000,1.000,3.000,0.000,0.000,0.000,0,0,0
B3_zmq_pushpull,zmq_tcp,none,none,,1,344,512,584,1785153436805379000,1785153436805380000,1785153436805380000,1785153436805381000,1785153436805444000,1785153436805447000,1785153436805447000,1785153436805447000,121932490,121652369,-217.121,1.000,0.000,1.000,3.000,0.000,0.000,0.000,0,0,0
B3_zmq_pushpull,zmq_tcp,none,none,,1,345,512,584,1785153436806292000,1785153436806292000,1785153436806292000,1785153436806293000,1785153436806442000,1785153436806445000,1785153436806445000,1785153436806445000,121932490,121652369,-131.121,0.000,0.000,1.000,3.000,0.000,0.000,0.000,0,0,0
B3_zmq_pushpull,zmq_tcp,none,none,,1,346,512,584,1785153436807288000,1785153436807288000,1785153436807288000,1785153436807289000,1785153436807447000,1785153436807451000,1785153436807451000,1785153436807451000,121932490,121652369,-122.121,0.000,0.000,1.000,4.000,0.000,0.000,0.000,0,0,0
B3_zmq_pushpull,zmq_tcp,none,none,,1,347,512,584,1785153436808406000,1785153436808406000,1785153436808406000,1785153436808407000,1785153436808463000,1785153436808466000,1785153436808466000,1785153436808466000,121932490,121652369,-224.121,0.000,0.000,1.000,3.000,0.000,0.000,0.000,0,0,0
B3_zmq_pushpull,zmq_tcp,none,none,,1,348,512,584,1785153436809373000,1785153436809373000,1785153436809373000,1785153436809374000,1785153436809468000,1785153436809471000,1785153436809472000,1785153436809472000,121932490,121652369,-186.121,0.000,0.000,1.000,3.000,1.000,0.000,0.000,0,0,0
B3_zmq_pushpull,zmq_tcp,none,none,,1,349,512,584,1785153436810290000,1785153436810290000,1785153436810290000,1785153436810291000,1785153436810446000,1785153436810448000,1785153436810448000,1785153436810448000,121932490,121652369,-125.121,0.000,0.000,1.000,2.000,0.000,0.000,0.000,0,0,0
B3_zmq_pushpull,zmq_tcp,none,none,,1,350,512,584,1785153436811407000,1785153436811407000,1785153436811407000,1785153436811408000,1785153436811609000,1785153436811612000,1785153436811612000,1785153436811612000,121932490,121652369,-79.121,0.000,0.000,1.000,3.000,0.000,0.000,0.000,0,0,0
B3_zmq_pushpull,zmq_tcp,none,none,,1,351,512,584,1785153436812190000,1785153436812190000,1785153436812190000,1785153436812191000,1785153436812331000,1785153436812334000,1785153436812334000,1785153436812334000,121932490,121652369,-140.121,0.000,0.000,1.000,3.000,0.000,0.000,0.000,0,0,0
B3_zmq_pushpull,zmq_tcp,none,none,,1,352,512,584,1785153436813431000,1785153436813431000,1785153436813431000,1785153436813432000,1785153436813493000,1785153436813496000,1785153436813496000,1785153436813496000,121932490,121652369,-219.121,0.000,0.000,1.000,3.000,0.000,0.000,0.000,0,0,0
B3_zmq_pushpull,zmq_tcp,none,none,,1,353,512,584,1785153436814201000,1785153436814202000,1785153436814202000,1785153436814203000,1785153436814357000,1785153436814360000,1785153436814360000,1785153436814360000,121932490,121652369,-126.121,1.000,0.000,1.000,3.000,0.000,0.000,0.000,0,0,0
B3_zmq_pushpull,zmq_tcp,none,none,,1,354,512,584,1785153436815428000,1785153436815428000,1785153436815428000,1785153436815429000,1785153436815493000,1785153436815496000,1785153436815496000,1785153436815496000,121932490,121652369,-216.121,0.000,0.000,1.000,3.000,0.000,0.000,0.000,0,0,0
B3_zmq_pushpull,zmq_tcp,none,none,,1,355,512,584,1785153436816202000,1785153436816202000,1785153436816202000,1785153436816203000,1785153436816358000,1785153436816361000,1785153436816361000,1785153436816361000,121932490,121652369,-125.121,0.000,0.000,1.000,3.000,0.000,0.000,0.000,0,0,0
B3_zmq_pushpull,zmq_tcp,none,none,,1,356,512,584,1785153436817427000,1785153436817428000,1785153436817428000,1785153436817429000,1785153436817505000,1785153436817507000,1785153436817507000,1785153436817507000,121932490,121652369,-204.121,1.000,0.000,1.000,2.000,0.000,0.000,0.000,0,0,0
B3_zmq_pushpull,zmq_tcp,none,none,,1,357,512,584,1785153436818371000,1785153436818372000,1785153436818372000,1785153436818373000,1785153436818516000,1785153436818519000,1785153436818519000,1785153436818519000,121932490,121652369,-137.121,1.000,0.000,1.000,3.000,0.000,0.000,0.000,0,0,0
B3_zmq_pushpull,zmq_tcp,none,none,,1,358,512,584,1785153436819385000,1785153436819385000,1785153436819385000,1785153436819386000,1785153436819503000,1785153436819506000,1785153436819506000,1785153436819506000,121932490,121652369,-163.121,0.000,0.000,1.000,3.000,0.000,0.000,0.000,0,0,0
B3_zmq_pushpull,zmq_tcp,none,none,,1,359,512,584,1785153436820212000,1785153436820212000,1785153436820212000,1785153436820213000,1785153436820367000,1785153436820370000,1785153436820370000,1785153436820370000,121932490,121652369,-126.121,0.000,0.000,1.000,3.000,0.000,0.000,0.000,0,0,0
B3_zmq_pushpull,zmq_tcp,none,none,,1,360,512,584,1785153436821425000,1785153436821425000,1785153436821425000,1785153436821426000,1785153436821520000,1785153436821523000,1785153436821523000,1785153436821523000,121932490,121652369,-186.121,0.000,0.000,1.000,3.000,0.000,0.000,0.000,0,0,0
B3_zmq_pushpull,zmq_tcp,none,none,,1,361,512,584,1785153436822372000,1785153436822372000,1785153436822372000,1785153436822373000,1785153436822520000,1785153436822523000,1785153436822523000,1785153436822523000,121932490,121652369,-133.121,0.000,0.000,1.000,3.000,0.000,0.000,0.000,0,0,0
B3_zmq_pushpull,zmq_tcp,none,none,,1,362,512,584,1785153436823221000,1785153436823222000,1785153436823222000,1785153436823223000,1785153436823375000,1785153436823378000,1785153436823378000,1785153436823378000,121932490,121652369,-128.121,1.000,0.000,1.000,3.000,0.000,0.000,0.000,0,0,0
B3_zmq_pushpull,zmq_tcp,none,none,,1,363,512,584,1785153436824421000,1785153436824421000,1785153436824422000,1785153436824422000,1785153436824523000,1785153436824526000,1785153436824526000,1785153436824526000,121932490,121652369,-179.121,0.000,1.000,0.000,3.000,0.000,0.000,0.000,0,0,0
B3_zmq_pushpull,zmq_tcp,none,none,,1,364,512,584,1785153436825373000,1785153436825373000,1785153436825373000,1785153436825374000,1785153436825516000,1785153436825520000,1785153436825520000,1785153436825520000,121932490,121652369,-138.121,0.000,0.000,1.000,4.000,0.000,0.000,0.000,0,0,0
B3_zmq_pushpull,zmq_tcp,none,none,,1,365,512,584,1785153436826230000,1785153436826231000,1785153436826231000,1785153436826232000,1785153436826390000,1785153436826393000,1785153436826393000,1785153436826393000,121932490,121652369,-122.121,1.000,0.000,1.000,3.000,0.000,0.000,0.000,0,0,0
B3_zmq_pushpull,zmq_tcp,none,none,,1,366,512,584,1785153436827242000,1785153436827242000,1785153436827243000,1785153436827243000,1785153436827402000,1785153436827404000,1785153436827404000,1785153436827404000,121932490,121652369,-121.121,0.000,1.000,0.000,2.000,0.000,0.000,0.000,0,0,0
B3_zmq_pushpull,zmq_tcp,none,none,,1,367,512,584,1785153436828239000,1785153436828239000,1785153436828239000,1785153436828240000,1785153436828392000,1785153436828395000,1785153436828395000,1785153436828395000,121932490,121652369,-128.121,0.000,0.000,1.000,3.000,0.000,0.000,0.000,0,0,0
B3_zmq_pushpull,zmq_tcp,none,none,,1,368,512,584,1785153436829418000,1785153436829418000,1785153436829418000,1785153436829419000,1785153436829531000,1785153436829534000,1785153436829534000,1785153436829534000,121932490,121652369,-168.121,0.000,0.000,1.000,3.000,0.000,0.000,0.000,0,0,0
B3_zmq_pushpull,zmq_tcp,none,none,,1,369,512,584,1785153436830371000,1785153436830372000,1785153436830372000,1785153436830373000,1785153436830529000,1785153436830532000,1785153436830532000,1785153436830532000,121932490,121652369,-124.121,1.000,0.000,1.000,3.000,0.000,0.000,0.000,0,0,0
B3_zmq_pushpull,zmq_tcp,none,none,,1,370,512,584,1785153436831384000,1785153436831384000,1785153436831384000,1785153436831385000,1785153436831535000,1785153436831539000,1785153436831539000,1785153436831539000,121932490,121652369,-130.121,0.000,0.000,1.000,4.000,0.000,0.000,0.000,0,0,0
B3_zmq_pushpull,zmq_tcp,none,none,,1,371,512,584,1785153436832382000,1785153436832382000,1785153436832382000,1785153436832383000,1785153436832535000,1785153436832538000,1785153436832538000,1785153436832538000,121932490,121652369,-128.121,0.000,0.000,1.000,3.000,0.000,0.000,0.000,0,0,0
B3_zmq_pushpull,zmq_tcp,none,none,,1,372,512,584,1785153436833383000,1785153436833383000,1785153436833383000,1785153436833384000,1785153436833527000,1785153436833530000,1785153436833530000,1785153436833530000,121932490,121652369,-137.121,0.000,0.000,1.000,3.000,0.000,0.000,0.000,0,0,0
B3_zmq_pushpull,zmq_tcp,none,none,,1,373,512,584,1785153436834378000,1785153436834379000,1785153436834379000,1785153436834380000,1785153436834515000,1785153436834518000,1785153436834518000,1785153436834518000,121932490,121652369,-145.121,1.000,0.000,1.000,3.000,0.000,0.000,0.000,0,0,0
B3_zmq_pushpull,zmq_tcp,none,none,,1,374,512,584,1785153436835215000,1785153436835216000,1785153436835216000,1785153436835217000,1785153436835373000,1785153436835376000,1785153436835376000,1785153436835376000,121932490,121652369,-124.121,1.000,0.000,1.000,3.000,0.000,0.000,0.000,0,0,0
B3_zmq_pushpull,zmq_tcp,none,none,,1,375,512,584,1785153436836360000,1785153436836361000,1785153436836361000,1785153436836362000,1785153436836505000,1785153436836508000,1785153436836508000,1785153436836508000,121932490,121652369,-137.121,1.000,0.000,1.000,3.000,0.000,0.000,0.000,0,0,0
B3_zmq_pushpull,zmq_tcp,none,none,,1,376,512,584,1785153436837389000,1785153436837389000,1785153436837389000,1785153436837390000,1785153436837490000,1785153436837493000,1785153436837493000,1785153436837493000,121932490,121652369,-180.121,0.000,0.000,1.000,3.000,0.000,0.000,0.000,0,0,0
B3_zmq_pushpull,zmq_tcp,none,none,,1,377,512,584,1785153436838381000,1785153436838381000,1785153436838381000,1785153436838382000,1785153436838507000,1785153436838510000,1785153436838510000,1785153436838510000,121932490,121652369,-155.121,0.000,0.000,1.000,3.000,0.000,0.000,0.000,0,0,0
B3_zmq_pushpull,zmq_tcp,none,none,,1,378,512,584,1785153436839383000,1785153436839384000,1785153436839384000,1785153436839385000,1785153436839527000,1785153436839534000,1785153436839534000,1785153436839534000,121932490,121652369,-138.121,1.000,0.000,1.000,7.000,0.000,0.000,0.000,0,0,0
B3_zmq_pushpull,zmq_tcp,none,none,,1,379,512,584,1785153436840382000,1785153436840382000,1785153436840382000,1785153436840383000,1785153436840535000,1785153436840538000,1785153436840538000,1785153436840538000,121932490,121652369,-128.121,0.000,0.000,1.000,3.000,0.000,0.000,0.000,0,0,0
B3_zmq_pushpull,zmq_tcp,none,none,,1,380,512,584,1785153436841385000,1785153436841385000,1785153436841385000,1785153436841386000,1785153436841556000,1785153436841559000,1785153436841559000,1785153436841559000,121932490,121652369,-110.121,0.000,0.000,1.000,3.000,0.000,0.000,0.000,0,0,0
B3_zmq_pushpull,zmq_tcp,none,none,,1,381,512,584,1785153436842278000,1785153436842278000,1785153436842278000,1785153436842279000,1785153436842435000,1785153436842438000,1785153436842438000,1785153436842438000,121932490,121652369,-124.121,0.000,0.000,1.000,3.000,0.000,0.000,0.000,0,0,0
B3_zmq_pushpull,zmq_tcp,none,none,,1,382,512,584,1785153436843409000,1785153436843409000,1785153436843409000,1785153436843410000,1785153436843452000,1785153436843455000,1785153436843456000,1785153436843456000,121932490,121652369,-238.121,0.000,0.000,1.000,3.000,1.000,0.000,0.000,0,0,0
B3_zmq_pushpull,zmq_tcp,none,none,,1,383,512,584,1785153436844376000,1785153436844376000,1785153436844376000,1785153436844377000,1785153436844453000,1785153436844456000,1785153436844456000,1785153436844456000,121932490,121652369,-204.121,0.000,0.000,1.000,3.000,0.000,0.000,0.000,0,0,0
B3_zmq_pushpull,zmq_tcp,none,none,,1,384,512,584,1785153436845300000,1785153436845301000,1785153436845301000,1785153436845302000,1785153436845455000,1785153436845458000,1785153436845458000,1785153436845458000,121932490,121652369,-127.121,1.000,0.000,1.000,3.000,0.000,0.000,0.000,0,0,0
B3_zmq_pushpull,zmq_tcp,none,none,,1,385,512,584,1785153436846192000,1785153436846192000,1785153436846192000,1785153436846193000,1785153436846338000,1785153436846340000,1785153436846340000,1785153436846340000,121932490,121652369,-135.121,0.000,0.000,1.000,2.000,0.000,0.000,0.000,0,0,0
B3_zmq_pushpull,zmq_tcp,none,none,,1,386,512,584,1785153436847186000,1785153436847186000,1785153436847186000,1785153436847187000,1785153436847332000,1785153436847335000,1785153436847335000,1785153436847335000,121932490,121652369,-135.121,0.000,0.000,1.000,3.000,0.000,0.000,0.000,0,0,0
B3_zmq_pushpull,zmq_tcp,none,none,,1,387,512,584,1785153436848185000,1785153436848185000,1785153436848185000,1785153436848186000,1785153436848321000,1785153436848324000,1785153436848324000,1785153436848324000,121932490,121652369,-145.121,0.000,0.000,1.000,3.000,0.000,0.000,0.000,0,0,0
B3_zmq_pushpull,zmq_tcp,none,none,,1,388,512,584,1785153436849192000,1785153436849193000,1785153436849193000,1785153436849193000,1785153436849334000,1785153436849337000,1785153436849337000,1785153436849337000,121932490,121652369,-139.121,1.000,0.000,0.000,3.000,0.000,0.000,0.000,0,0,0
B3_zmq_pushpull,zmq_tcp,none,none,,1,389,512,584,1785153436850304000,1785153436850305000,1785153436850305000,1785153436850306000,1785153436850461000,1785153436850463000,1785153436850463000,1785153436850463000,121932490,121652369,-125.121,1.000,0.000,1.000,2.000,0.000,0.000,0.000,0,0,0
B3_zmq_pushpull,zmq_tcp,none,none,,1,390,512,584,1785153436851402000,1785153436851402000,1785153436851403000,1785153436851403000,1785153436851455000,1785153436851458000,1785153436851458000,1785153436851458000,121932490,121652369,-228.121,0.000,1.000,0.000,3.000,0.000,0.000,0.000,0,0,0
B3_zmq_pushpull,zmq_tcp,none,none,,1,391,512,584,1785153436852378000,1785153436852378000,1785153436852378000,1785153436852379000,1785153436852458000,1785153436852460000,1785153436852460000,1785153436852460000,121932490,121652369,-201.121,0.000,0.000,1.000,2.000,0.000,0.000,0.000,0,0,0
B3_zmq_pushpull,zmq_tcp,none,none,,1,392,512,584,1785153436853380000,1785153436853380000,1785153436853380000,1785153436853381000,1785153436853461000,1785153436853464000,1785153436853464000,1785153436853464000,121932490,121652369,-200.121,0.000,0.000,1.000,3.000,0.000,0.000,0.000,0,0,0
B3_zmq_pushpull,zmq_tcp,none,none,,1,393,512,584,1785153436854386000,1785153436854386000,1785153436854386000,1785153436854387000,1785153436854479000,1785153436854482000,1785153436854482000,1785153436854483000,121932490,121652369,-188.121,0.000,0.000,1.000,3.000,0.000,1.000,0.000,0,0,0
B3_zmq_pushpull,zmq_tcp,none,none,,1,394,512,584,1785153436855382000,1785153436855383000,1785153436855383000,1785153436855384000,1785153436855470000,1785153436855474000,1785153436855474000,1785153436855474000,121932490,121652369,-194.121,1.000,0.000,1.000,4.000,0.000,0.000,0.000,0,0,0
B3_zmq_pushpull,zmq_tcp,none,none,,1,395,512,584,1785153436856302000,1785153436856302000,1785153436856302000,1785153436856303000,1785153436856456000,1785153436856459000,1785153436856459000,1785153436856459000,121932490,121652369,-127.121,0.000,0.000,1.000,3.000,0.000,0.000,0.000,0,0,0
B3_zmq_pushpull,zmq_tcp,none,none,,1,396,512,584,1785153436857402000,1785153436857403000,1785153436857403000,1785153436857404000,1785153436857448000,1785153436857452000,1785153436857452000,1785153436857452000,121932490,121652369,-236.121,1.000,0.000,1.000,4.000,0.000,0.000,0.000,0,0,0
B3_zmq_pushpull,zmq_tcp,none,none,,1,397,512,584,1785153436858377000,1785153436858377000,1785153436858377000,1785153436858378000,1785153436858455000,1785153436858458000,1785153436858458000,1785153436858458000,121932490,121652369,-203.121,0.000,0.000,1.000,3.000,0.000,0.000,0.000,0,0,0
B3_zmq_pushpull,zmq_tcp,none,none,,1,398,512,584,1785153436859315000,1785153436859315000,1785153436859315000,1785153436859316000,1785153436859464000,1785153436859467000,1785153436859467000,1785153436859467000,121932490,121652369,-132.121,0.000,0.000,1.000,3.000,0.000,0.000,0.000,0,0,0
B3_zmq_pushpull,zmq_tcp,none,none,,1,399,512,584,1785153436860397000,1785153436860397000,1785153436860397000,1785153436860398000,1785153436860470000,1785153436860473000,1785153436860473000,1785153436860473000,121932490,121652369,-208.121,0.000,0.000,1.000,3.000,0.000,0.000,0.000,0,0,0
B3_zmq_pushpull,zmq_tcp,none,none,,1,400,512,584,1785153436861346000,1785153436861347000,1785153436861347000,1785153436861348000,1785153436861488000,1785153436861491000,1785153436861491000,1785153436861491000,121932490,121652369,-140.121,1.000,0.000,1.000,3.000,0.000,0.000,0.000,0,0,0
B3_zmq_pushpull,zmq_tcp,none,none,,1,401,512,584,1785153436862201000,1785153436862201000,1785153436862201000,1785153436862202000,1785153436862357000,1785153436862359000,1785153436862359000,1785153436862359000,121932490,121652369,-125.121,0.000,0.000,1.000,2.000,0.000,0.000,0.000,0,0,0
B3_zmq_pushpull,zmq_tcp,none,none,,1,402,512,584,1785153436863219000,1785153436863220000,1785153436863220000,1785153436863221000,1785153436863374000,1785153436863377000,1785153436863377000,1785153436863377000,121932490,121652369,-127.121,1.000,0.000,1.000,3.000,0.000,0.000,0.000,0,0,0
B3_zmq_pushpull,zmq_tcp,none,none,,1,403,512,584,1785153436864216000,1785153436864216000,1785153436864216000,1785153436864217000,1785153436864371000,1785153436864374000,1785153436864374000,1785153436864374000,121932490,121652369,-126.121,0.000,0.000,1.000,3.000,0.000,0.000,0.000,0,0,0
B3_zmq_pushpull,zmq_tcp,none,none,,1,404,512,584,1785153436865424000,1785153436865424000,1785153436865424000,1785153436865425000,1785153436865522000,1785153436865525000,1785153436865525000,1785153436865525000,121932490,121652369,-183.121,0.000,0.000,1.000,3.000,0.000,0.000,0.000,0,0,0
B3_zmq_pushpull,zmq_tcp,none,none,,1,405,512,584,1785153436866372000,1785153436866372000,1785153436866372000,1785153436866373000,1785153436866542000,1785153436866545000,1785153436866545000,1785153436866545000,121932490,121652369,-111.121,0.000,0.000,1.000,3.000,0.000,0.000,0.000,0,0,0
B3_zmq_pushpull,zmq_tcp,none,none,,1,406,512,584,1785153436867383000,1785153436867383000,1785153436867383000,1785153436867384000,1785153436867538000,1785153436867541000,1785153436867541000,1785153436867541000,121932490,121652369,-126.121,0.000,0.000,1.000,3.000,0.000,0.000,0.000,0,0,0
B3_zmq_pushpull,zmq_tcp,none,none,,1,407,512,584,1785153436868255000,1785153436868255000,1785153436868255000,1785153436868256000,1785153436868418000,1785153436868421000,1785153436868421000,1785153436868421000,121932490,121652369,-118.121,0.000,0.000,1.000,3.000,0.000,0.000,0.000,0,0,0
B3_zmq_pushpull,zmq_tcp,none,none,,1,408,512,584,1785153436869416000,1785153436869416000,1785153436869416000,1785153436869417000,1785153436869545000,1785153436869547000,1785153436869547000,1785153436869547000,121932490,121652369,-152.121,0.000,0.000,1.000,2.000,0.000,0.000,0.000,0,0,0
B3_zmq_pushpull,zmq_tcp,none,none,,1,409,512,584,1785153436870372000,1785153436870372000,1785153436870372000,1785153436870373000,1785153436870517000,1785153436870520000,1785153436870520000,1785153436870520000,121932490,121652369,-136.121,0.000,0.000,1.000,3.000,0.000,0.000,0.000,0,0,0
B3_zmq_pushpull,zmq_tcp,none,none,,1,410,512,584,1785153436871385000,1785153436871385000,1785153436871385000,1785153436871386000,1785153436871514000,1785153436871516000,1785153436871516000,1785153436871516000,121932490,121652369,-152.121,0.000,0.000,1.000,2.000,0.000,0.000,0.000,0,0,0
B3_zmq_pushpull,zmq_tcp,none,none,,1,411,512,584,1785153436872382000,1785153436872382000,1785153436872382000,1785153436872383000,1785153436872509000,1785153436872511000,1785153436872511000,1785153436872511000,121932490,121652369,-154.121,0.000,0.000,1.000,2.000,0.000,0.000,0.000,0,0,0
B3_zmq_pushpull,zmq_tcp,none,none,,1,412,512,584,1785153436873382000,1785153436873382000,1785153436873382000,1785153436873383000,1785153436873526000,1785153436873529000,1785153436873529000,1785153436873529000,121932490,121652369,-137.121,0.000,0.000,1.000,3.000,0.000,0.000,0.000,0,0,0
B3_zmq_pushpull,zmq_tcp,none,none,,1,413,512,584,1785153436874380000,1785153436874380000,1785153436874380000,1785153436874381000,1785153436874533000,1785153436874535000,1785153436874535000,1785153436874535000,121932490,121652369,-128.121,0.000,0.000,1.000,2.000,0.000,0.000,0.000,0,0,0
B3_zmq_pushpull,zmq_tcp,none,none,,1,414,512,584,1785153436875384000,1785153436875384000,1785153436875384000,1785153436875385000,1785153436875533000,1785153436875535000,1785153436875535000,1785153436875535000,121932490,121652369,-132.121,0.000,0.000,1.000,2.000,0.000,0.000,0.000,0,0,0
B3_zmq_pushpull,zmq_tcp,none,none,,1,415,512,584,1785153436876382000,1785153436876383000,1785153436876383000,1785153436876384000,1785153436876539000,1785153436876542000,1785153436876542000,1785153436876542000,121932490,121652369,-125.121,1.000,0.000,1.000,3.000,0.000,0.000,0.000,0,0,0
B3_zmq_pushpull,zmq_tcp,none,none,,1,416,512,584,1785153436877381000,1785153436877381000,1785153436877381000,1785153436877382000,1785153436877531000,1785153436877534000,1785153436877534000,1785153436877534000,121932490,121652369,-131.121,0.000,0.000,1.000,3.000,0.000,0.000,0.000,0,0,0
B3_zmq_pushpull,zmq_tcp,none,none,,1,417,512,584,1785153436878382000,1785153436878383000,1785153436878383000,1785153436878384000,1785153436878527000,1785153436878530000,1785153436878530000,1785153436878530000,121932490,121652369,-137.121,1.000,0.000,1.000,3.000,0.000,0.000,0.000,0,0,0
B3_zmq_pushpull,zmq_tcp,none,none,,1,418,512,584,1785153436879382000,1785153436879382000,1785153436879382000,1785153436879383000,1785153436879514000,1785153436879517000,1785153436879517000,1785153436879517000,121932490,121652369,-149.121,0.000,0.000,1.000,3.000,0.000,0.000,0.000,0,0,0
B3_zmq_pushpull,zmq_tcp,none,none,,1,419,512,584,1785153436880382000,1785153436880382000,1785153436880382000,1785153436880383000,1785153436880525000,1785153436880527000,1785153436880527000,1785153436880527000,121932490,121652369,-138.121,0.000,0.000,1.000,2.000,0.000,0.000,0.000,0,0,0
B3_zmq_pushpull,zmq_tcp,none,none,,1,420,512,584,1785153436881381000,1785153436881382000,1785153436881382000,1785153436881383000,1785153436881534000,1785153436881537000,1785153436881537000,1785153436881537000,121932490,121652369,-129.121,1.000,0.000,1.000,3.000,0.000,0.000,0.000,0,0,0
B3_zmq_pushpull,zmq_tcp,none,none,,1,421,512,584,1785153436882237000,1785153436882238000,1785153436882238000,1785153436882239000,1785153436882397000,1785153436882399000,1785153436882399000,1785153436882399000,121932490,121652369,-122.121,1.000,0.000,1.000,2.000,0.000,0.000,0.000,0,0,0
B3_zmq_pushpull,zmq_tcp,none,none,,1,422,512,584,1785153436883421000,1785153436883421000,1785153436883421000,1785153436883422000,1785153436883523000,1785153436883526000,1785153436883526000,1785153436883526000,121932490,121652369,-179.121,0.000,0.000,1.000,3.000,0.000,0.000,0.000,0,0,0
B3_zmq_pushpull,zmq_tcp,none,none,,1,423,512,584,1785153436884370000,1785153436884370000,1785153436884370000,1785153436884371000,1785153436884522000,1785153436884525000,1785153436884525000,1785153436884525000,121932490,121652369,-129.121,0.000,0.000,1.000,3.000,0.000,0.000,0.000,0,0,0
B3_zmq_pushpull,zmq_tcp,none,none,,1,424,512,584,1785153436885385000,1785153436885386000,1785153436885386000,1785153436885387000,1785153436885527000,1785153436885530000,1785153436885530000,1785153436885530000,121932490,121652369,-140.121,1.000,0.000,1.000,3.000,0.000,0.000,0.000,0,0,0
B3_zmq_pushpull,zmq_tcp,none,none,,1,425,512,584,1785153436886382000,1785153436886383000,1785153436886383000,1785153436886384000,1785153436886531000,1785153436886534000,1785153436886534000,1785153436886534000,121932490,121652369,-133.121,1.000,0.000,1.000,3.000,0.000,0.000,0.000,0,0,0
B3_zmq_pushpull,zmq_tcp,none,none,,1,426,512,584,1785153436887383000,1785153436887383000,1785153436887383000,1785153436887384000,1785153436887559000,1785153436887562000,1785153436887562000,1785153436887562000,121932490,121652369,-105.121,0.000,0.000,1.000,3.000,0.000,0.000,0.000,0,0,0
B3_zmq_pushpull,zmq_tcp,none,none,,1,427,512,584,1785153436888378000,1785153436888379000,1785153436888379000,1785153436888380000,1785153436888560000,1785153436888563000,1785153436888563000,1785153436888563000,121932490,121652369,-100.121,1.000,0.000,1.000,3.000,0.000,0.000,0.000,0,0,0
B3_zmq_pushpull,zmq_tcp,none,none,,1,428,512,584,1785153436889274000,1785153436889274000,1785153436889275000,1785153436889275000,1785153436889426000,1785153436889429000,1785153436889429000,1785153436889429000,121932490,121652369,-129.121,0.000,1.000,0.000,3.000,0.000,0.000,0.000,0,0,0
B3_zmq_pushpull,zmq_tcp,none,none,,1,429,512,584,1785153436890410000,1785153436890410000,1785153436890410000,1785153436890411000,1785153436890547000,1785153436890550000,1785153436890550000,1785153436890550000,121932490,121652369,-144.121,0.000,0.000,1.000,3.000,0.000,0.000,0.000,0,0,0
B3_zmq_pushpull,zmq_tcp,none,none,,1,430,512,584,1785153436891375000,1785153436891375000,1785153436891375000,1785153436891376000,1785153436891419000,1785153436891422000,1785153436891422000,1785153436891422000,121932490,121652369,-237.121,0.000,0.000,1.000,3.000,0.000,0.000,0.000,0,0,0
B3_zmq_pushpull,zmq_tcp,none,none,,1,431,512,584,1785153436892275000,1785153436892275000,1785153436892275000,1785153436892276000,1785153436892429000,1785153436892431000,1785153436892431000,1785153436892431000,121932490,121652369,-127.121,0.000,0.000,1.000,2.000,0.000,0.000,0.000,0,0,0
B3_zmq_pushpull,zmq_tcp,none,none,,1,432,512,584,1785153436893409000,1785153436893409000,1785153436893409000,1785153436893410000,1785153436893571000,1785153436893574000,1785153436893574000,1785153436893574000,121932490,121652369,-119.121,0.000,0.000,1.000,3.000,0.000,0.000,0.000,0,0,0
B3_zmq_pushpull,zmq_tcp,none,none,,1,433,512,584,1785153436894379000,1785153436894379000,1785153436894379000,1785153436894380000,1785153436894444000,1785153436894448000,1785153436894448000,1785153436894448000,121932490,121652369,-216.121,0.000,0.000,1.000,4.000,0.000,0.000,0.000,0,0,0
B3_zmq_pushpull,zmq_tcp,none,none,,1,434,512,584,1785153436895386000,1785153436895386000,1785153436895386000,1785153436895387000,1785153436895458000,1785153436895461000,1785153436895461000,1785153436895461000,121932490,121652369,-209.121,0.000,0.000,1.000,3.000,0.000,0.000,0.000,0,0,0
B3_zmq_pushpull,zmq_tcp,none,none,,1,435,512,584,1785153436896382000,1785153436896383000,1785153436896383000,1785153436896384000,1785153436896467000,1785153436896470000,1785153436896470000,1785153436896470000,121932490,121652369,-197.121,1.000,0.000,1.000,3.000,0.000,0.000,0.000,0,0,0
B3_zmq_pushpull,zmq_tcp,none,none,,1,436,512,584,1785153436897385000,1785153436897385000,1785153436897385000,1785153436897386000,1785153436897463000,1785153436897466000,1785153436897466000,1785153436897466000,121932490,121652369,-203.121,0.000,0.000,1.000,3.000,0.000,0.000,0.000,0,0,0
B3_zmq_pushpull,zmq_tcp,none,none,,1,437,512,584,1785153436898379000,1785153436898379000,1785153436898379000,1785153436898380000,1785153436898473000,1785153436898476000,1785153436898476000,1785153436898476000,121932490,121652369,-187.121,0.000,0.000,1.000,3.000,0.000,0.000,0.000,0,0,0
B3_zmq_pushpull,zmq_tcp,none,none,,1,438,512,584,1785153436899189000,1785153436899189000,1785153436899189000,1785153436899190000,1785153436899330000,1785153436899333000,1785153436899333000,1785153436899333000,121932490,121652369,-140.121,0.000,0.000,1.000,3.000,0.000,0.000,0.000,0,0,0
B3_zmq_pushpull,zmq_tcp,none,none,,1,439,512,584,1785153436900185000,1785153436900185000,1785153436900185000,1785153436900186000,1785153436900317000,1785153436900321000,1785153436900321000,1785153436900321000,121932490,121652369,-149.121,0.000,0.000,1.000,4.000,0.000,0.000,0.000,0,0,0
B3_zmq_pushpull,zmq_tcp,none,none,,1,440,512,584,1785153436901435000,1785153436901435000,1785153436901435000,1785153436901436000,1785153436901599000,1785153436901602000,1785153436901602000,1785153436901602000,121932490,121652369,-117.121,0.000,0.000,1.000,3.000,0.000,0.000,0.000,0,0,0
B3_zmq_pushpull,zmq_tcp,none,none,,1,441,512,584,1785153436902366000,1785153436902367000,1785153436902367000,1785153436902368000,1785153436902454000,1785153436902457000,1785153436902457000,1785153436902457000,121932490,121652369,-194.121,1.000,0.000,1.000,3.000,0.000,0.000,0.000,0,0,0
B3_zmq_pushpull,zmq_tcp,none,none,,1,442,512,584,1785153436903389000,1785153436903389000,1785153436903389000,1785153436903391000,1785153436903449000,1785153436903451000,1785153436903451000,1785153436903451000,121932490,121652369,-222.121,0.000,0.000,2.000,2.000,0.000,0.000,0.000,0,0,0
B3_zmq_pushpull,zmq_tcp,none,none,,1,443,512,584,1785153436904381000,1785153436904381000,1785153436904381000,1785153436904382000,1785153436904465000,1785153436904467000,1785153436904467000,1785153436904467000,121932490,121652369,-197.121,0.000,0.000,1.000,2.000,0.000,0.000,0.000,0,0,0
B3_zmq_pushpull,zmq_tcp,none,none,,1,444,512,584,1785153436905383000,1785153436905383000,1785153436905383000,1785153436905384000,1785153436905465000,1785153436905467000,1785153436905467000,1785153436905467000,121932490,121652369,-199.121,0.000,0.000,1.000,2.000,0.000,0.000,0.000,0,0,0
B3_zmq_pushpull,zmq_tcp,none,none,,1,445,512,584,1785153436906380000,1785153436906380000,1785153436906380000,1785153436906381000,1785153436906462000,1785153436906465000,1785153436906465000,1785153436906465000,121932490,121652369,-199.121,0.000,0.000,1.000,3.000,0.000,0.000,0.000,0,0,0
B3_zmq_pushpull,zmq_tcp,none,none,,1,446,512,584,1785153436907384000,1785153436907384000,1785153436907384000,1785153436907385000,1785153436907454000,1785153436907457000,1785153436907457000,1785153436907457000,121932490,121652369,-211.121,0.000,0.000,1.000,3.000,0.000,0.000,0.000,0,0,0
B3_zmq_pushpull,zmq_tcp,none,none,,1,447,512,584,1785153436908383000,1785153436908383000,1785153436908383000,1785153436908384000,1785153436908467000,1785153436908470000,1785153436908470000,1785153436908470000,121932490,121652369,-197.121,0.000,0.000,1.000,3.000,0.000,0.000,0.000,0,0,0
B3_zmq_pushpull,zmq_tcp,none,none,,1,448,512,584,1785153436909385000,1785153436909385000,1785153436909385000,1785153436909386000,1785153436909469000,1785153436909471000,1785153436909471000,1785153436909472000,121932490,121652369,-197.121,0.000,0.000,1.000,2.000,0.000,1.000,0.000,0,0,0
B3_zmq_pushpull,zmq_tcp,none,none,,1,449,512,584,1785153436910381000,1785153436910381000,1785153436910381000,1785153436910382000,1785153436910477000,1785153436910480000,1785153436910480000,1785153436910480000,121932490,121652369,-185.121,0.000,0.000,1.000,3.000,0.000,0.000,0.000,0,0,0
B3_zmq_pushpull,zmq_tcp,none,none,,1,450,512,584,1785153436911385000,1785153436911385000,1785153436911385000,1785153436911386000,1785153436911497000,1785153436911499000,1785153436911499000,1785153436911499000,121932490,121652369,-169.121,0.000,0.000,1.000,2.000,0.000,0.000,0.000,0,0,0
B3_zmq_pushpull,zmq_tcp,none,none,,1,451,512,584,1785153436912382000,1785153436912383000,1785153436912383000,1785153436912384000,1785153436912504000,1785153436912508000,1785153436912508000,1785153436912508000,121932490,121652369,-160.121,1.000,0.000,1.000,4.000,0.000,0.000,0.000,0,0,0
B3_zmq_pushpull,zmq_tcp,none,none,,1,452,512,584,1785153436913201000,1785153436913201000,1785153436913201000,1785153436913202000,1785153436913354000,1785153436913357000,1785153436913357000,1785153436913357000,121932490,121652369,-128.121,0.000,0.000,1.000,3.000,0.000,0.000,0.000,0,0,0
B3_zmq_pushpull,zmq_tcp,none,none,,1,453,512,584,1785153436914426000,1785153436914426000,1785153436914426000,1785153436914427000,1785153436914501000,1785153436914503000,1785153436914503000,1785153436914503000,121932490,121652369,-206.121,0.000,0.000,1.000,2.000,0.000,0.000,0.000,0,0,0
B3_zmq_pushpull,zmq_tcp,none,none,,1,454,512,584,1785153436915372000,1785153436915372000,1785153436915372000,1785153436915373000,1785153436915511000,1785153436915514000,1785153436915514000,1785153436915514000,121932490,121652369,-142.121,0.000,0.000,1.000,3.000,0.000,0.000,0.000,0,0,0
B3_zmq_pushpull,zmq_tcp,none,none,,1,455,512,584,1785153436916388000,1785153436916388000,1785153436916388000,1785153436916389000,1785153436916507000,1785153436916510000,1785153436916510000,1785153436916510000,121932490,121652369,-162.121,0.000,0.000,1.000,3.000,0.000,0.000,0.000,0,0,0
B3_zmq_pushpull,zmq_tcp,none,none,,1,456,512,584,1785153436917382000,1785153436917383000,1785153436917383000,1785153436917384000,1785153436917525000,1785153436917527000,1785153436917527000,1785153436917527000,121932490,121652369,-139.121,1.000,0.000,1.000,2.000,0.000,0.000,0.000,0,0,0
B3_zmq_pushpull,zmq_tcp,none,none,,1,457,512,584,1785153436918383000,1785153436918383000,1785153436918383000,1785153436918384000,1785153436918532000,1785153436918536000,1785153436918536000,1785153436918536000,121932490,121652369,-132.121,0.000,0.000,1.000,4.000,0.000,0.000,0.000,0,0,0
B3_zmq_pushpull,zmq_tcp,none,none,,1,458,512,584,1785153436919237000,1785153436919237000,1785153436919237000,1785153436919238000,1785153436919390000,1785153436919393000,1785153436919393000,1785153436919394000,121932490,121652369,-128.121,0.000,0.000,1.000,3.000,0.000,1.000,0.000,0,0,0
B3_zmq_pushpull,zmq_tcp,none,none,,1,459,512,584,1785153436920235000,1785153436920235000,1785153436920236000,1785153436920236000,1785153436920389000,1785153436920391000,1785153436920391000,1785153436920392000,121932490,121652369,-127.121,0.000,1.000,0.000,2.000,0.000,1.000,0.000,0,0,0
B3_zmq_pushpull,zmq_tcp,none,none,,1,460,512,584,1785153436921418000,1785153436921419000,1785153436921419000,1785153436921420000,1785153436921537000,1785153436921539000,1785153436921539000,1785153436921539000,121932490,121652369,-163.121,1.000,0.000,1.000,2.000,0.000,0.000,0.000,0,0,0
B3_zmq_pushpull,zmq_tcp,none,none,,1,461,512,584,1785153436922373000,1785153436922374000,1785153436922374000,1785153436922375000,1785153436922553000,1785153436922555000,1785153436922556000,1785153436922556000,121932490,121652369,-102.121,1.000,0.000,1.000,2.000,1.000,0.000,0.000,0,0,0
B3_zmq_pushpull,zmq_tcp,none,none,,1,462,512,584,1785153436923267000,1785153436923267000,1785153436923267000,1785153436923268000,1785153436923416000,1785153436923419000,1785153436923419000,1785153436923419000,121932490,121652369,-132.121,0.000,0.000,1.000,3.000,0.000,0.000,0.000,0,0,0
B3_zmq_pushpull,zmq_tcp,none,none,,1,463,512,584,1785153436924408000,1785153436924408000,1785153436924408000,1785153436924409000,1785153436924552000,1785153436924555000,1785153436924555000,1785153436924555000,121932490,121652369,-137.121,0.000,0.000,1.000,3.000,0.000,0.000,0.000,0,0,0
B3_zmq_pushpull,zmq_tcp,none,none,,1,464,512,584,1785153436925377000,1785153436925377000,1785153436925377000,1785153436925378000,1785153436925551000,1785153436925553000,1785153436925553000,1785153436925553000,121932490,121652369,-107.121,0.000,0.000,1.000,2.000,0.000,0.000,0.000,0,0,0
B3_zmq_pushpull,zmq_tcp,none,none,,1,465,512,584,1785153436926383000,1785153436926383000,1785153436926383000,1785153436926384000,1785153436926533000,1785153436926537000,1785153436926537000,1785153436926537000,121932490,121652369,-131.121,0.000,0.000,1.000,4.000,0.000,0.000,0.000,0,0,0
B3_zmq_pushpull,zmq_tcp,none,none,,1,466,512,584,1785153436927379000,1785153436927379000,1785153436927379000,1785153436927380000,1785153436927500000,1785153436927503000,1785153436927503000,1785153436927503000,121932490,121652369,-160.121,0.000,0.000,1.000,3.000,0.000,0.000,0.000,0,0,0
B3_zmq_pushpull,zmq_tcp,none,none,,1,467,512,584,1785153436928190000,1785153436928190000,1785153436928190000,1785153436928191000,1785153436928343000,1785153436928345000,1785153436928345000,1785153436928345000,121932490,121652369,-128.121,0.000,0.000,1.000,2.000,0.000,0.000,0.000,0,0,0
B3_zmq_pushpull,zmq_tcp,none,none,,1,468,512,584,1785153436929186000,1785153436929186000,1785153436929186000,1785153436929187000,1785153436929344000,1785153436929347000,1785153436929347000,1785153436929347000,121932490,121652369,-123.121,0.000,0.000,1.000,3.000,0.000,0.000,0.000,0,0,0
B3_zmq_pushpull,zmq_tcp,none,none,,1,469,512,584,1785153436930303000,1785153436930303000,1785153436930304000,1785153436930304000,1785153436930463000,1785153436930465000,1785153436930465000,1785153436930465000,121932490,121652369,-121.121,0.000,1.000,0.000,2.000,0.000,0.000,0.000,0,0,0
B3_zmq_pushpull,zmq_tcp,none,none,,1,470,512,584,1785153436931404000,1785153436931404000,1785153436931404000,1785153436931405000,1785153436931593000,1785153436931596000,1785153436931596000,1785153436931596000,121932490,121652369,-92.121,0.000,0.000,1.000,3.000,0.000,0.000,0.000,0,0,0
B3_zmq_pushpull,zmq_tcp,none,none,,1,471,512,584,1785153436932380000,1785153436932380000,1785153436932380000,1785153436932381000,1785153436932422000,1785153436932426000,1785153436932426000,1785153436932426000,121932490,121652369,-239.121,0.000,0.000,1.000,4.000,0.000,0.000,0.000,0,0,0
B3_zmq_pushpull,zmq_tcp,none,none,,1,472,512,584,1785153436933261000,1785153436933261000,1785153436933261000,1785153436933262000,1785153436933413000,1785153436933416000,1785153436933416000,1785153436933416000,121932490,121652369,-129.121,0.000,0.000,1.000,3.000,0.000,0.000,0.000,0,0,0
B3_zmq_pushpull,zmq_tcp,none,none,,1,473,512,584,1785153436934238000,1785153436934238000,1785153436934238000,1785153436934240000,1785153436934372000,1785153436934375000,1785153436934375000,1785153436934375000,121932490,121652369,-148.121,0.000,0.000,2.000,3.000,0.000,0.000,0.000,0,0,0
B3_zmq_pushpull,zmq_tcp,none,none,,1,474,512,584,1785153436935415000,1785153436935415000,1785153436935415000,1785153436935416000,1785153436935468000,1785153436935472000,1785153436935472000,1785153436935472000,121932490,121652369,-228.121,0.000,0.000,1.000,4.000,0.000,0.000,0.000,0,0,0
B3_zmq_pushpull,zmq_tcp,none,none,,1,475,512,584,1785153436936190000,1785153436936190000,1785153436936190000,1785153436936191000,1785153436936335000,1785153436936337000,1785153436936337000,1785153436936337000,121932490,121652369,-136.121,0.000,0.000,1.000,2.000,0.000,0.000,0.000,0,0,0
B3_zmq_pushpull,zmq_tcp,none,none,,1,476,512,584,1785153436937307000,1785153436937307000,1785153436937308000,1785153436937308000,1785153436937456000,1785153436937458000,1785153436937458000,1785153436937458000,121932490,121652369,-132.121,0.000,1.000,0.000,2.000,0.000,0.000,0.000,0,0,0
B3_zmq_pushpull,zmq_tcp,none,none,,1,477,512,584,1785153436938400000,1785153436938400000,1785153436938400000,1785153436938401000,1785153436938579000,1785153436938581000,1785153436938581000,1785153436938581000,121932490,121652369,-102.121,0.000,0.000,1.000,2.000,0.000,0.000,0.000,0,0,0
B3_zmq_pushpull,zmq_tcp,none,none,,1,478,512,584,1785153436939270000,1785153436939270000,1785153436939270000,1785153436939271000,1785153436939409000,1785153436939412000,1785153436939412000,1785153436939412000,121932490,121652369,-142.121,0.000,0.000,1.000,3.000,0.000,0.000,0.000,0,0,0
B3_zmq_pushpull,zmq_tcp,none,none,,1,479,512,584,1785153436940410000,1785153436940410000,1785153436940410000,1785153436940411000,1785153436940518000,1785153436940522000,1785153436940522000,1785153436940522000,121932490,121652369,-173.121,0.000,0.000,1.000,4.000,0.000,0.000,0.000,0,0,0
B3_zmq_pushpull,zmq_tcp,none,none,,1,480,512,584,1785153436941375000,1785153436941375000,1785153436941375000,1785153436941376000,1785153436941488000,1785153436941491000,1785153436941491000,1785153436941491000,121932490,121652369,-168.121,0.000,0.000,1.000,3.000,0.000,0.000,0.000,0,0,0
B3_zmq_pushpull,zmq_tcp,none,none,,1,481,512,584,1785153436942384000,1785153436942384000,1785153436942384000,1785153436942385000,1785153436942455000,1785153436942457000,1785153436942457000,1785153436942457000,121932490,121652369,-210.121,0.000,0.000,1.000,2.000,0.000,0.000,0.000,0,0,0
B3_zmq_pushpull,zmq_tcp,none,none,,1,482,512,584,1785153436943384000,1785153436943385000,1785153436943385000,1785153436943386000,1785153436943559000,1785153436943561000,1785153436943561000,1785153436943561000,121932490,121652369,-107.121,1.000,0.000,1.000,2.000,0.000,0.000,0.000,0,0,0
B3_zmq_pushpull,zmq_tcp,none,none,,1,483,512,584,1785153436944247000,1785153436944248000,1785153436944248000,1785153436944248000,1785153436944404000,1785153436944407000,1785153436944407000,1785153436944407000,121932490,121652369,-124.121,1.000,0.000,0.000,3.000,0.000,0.000,0.000,0,0,0
B3_zmq_pushpull,zmq_tcp,none,none,,1,484,512,584,1785153436945246000,1785153436945247000,1785153436945247000,1785153436945248000,1785153436945396000,1785153436945399000,1785153436945399000,1785153436945399000,121932490,121652369,-132.121,1.000,0.000,1.000,3.000,0.000,0.000,0.000,0,0,0
B3_zmq_pushpull,zmq_tcp,none,none,,1,485,512,584,1785153436946416000,1785153436946416000,1785153436946417000,1785153436946417000,1785153436946528000,1785153436946531000,1785153436946531000,1785153436946531000,121932490,121652369,-169.121,0.000,1.000,0.000,3.000,0.000,0.000,0.000,0,0,0
B3_zmq_pushpull,zmq_tcp,none,none,,1,486,512,584,1785153436947374000,1785153436947374000,1785153436947374000,1785153436947375000,1785153436947512000,1785153436947515000,1785153436947515000,1785153436947515000,121932490,121652369,-143.121,0.000,0.000,1.000,3.000,0.000,0.000,0.000,0,0,0
B3_zmq_pushpull,zmq_tcp,none,none,,1,487,512,584,1785153436948198000,1785153436948198000,1785153436948198000,1785153436948199000,1785153436948340000,1785153436948343000,1785153436948343000,1785153436948343000,121932490,121652369,-139.121,0.000,0.000,1.000,3.000,0.000,0.000,0.000,0,0,0
B3_zmq_pushpull,zmq_tcp,none,none,,1,488,512,584,1785153436949302000,1785153436949302000,1785153436949302000,1785153436949304000,1785153436949451000,1785153436949453000,1785153436949453000,1785153436949453000,121932490,121652369,-133.121,0.000,0.000,2.000,2.000,0.000,0.000,0.000,0,0,0
B3_zmq_pushpull,zmq_tcp,none,none,,1,489,512,584,1785153436950402000,1785153436950402000,1785153436950402000,1785153436950403000,1785153436950582000,1785153436950585000,1785153436950585000,1785153436950585000,121932490,121652369,-101.121,0.000,0.000,1.000,3.000,0.000,0.000,0.000,0,0,0
B3_zmq_pushpull,zmq_tcp,none,none,,1,490,512,584,1785153436951283000,1785153436951284000,1785153436951284000,1785153436951285000,1785153436951443000,1785153436951446000,1785153436951446000,1785153436951446000,121932490,121652369,-122.121,1.000,0.000,1.000,3.000,0.000,0.000,0.000,0,0,0
B3_zmq_pushpull,zmq_tcp,none,none,,1,491,512,584,1785153436952285000,1785153436952285000,1785153436952285000,1785153436952286000,1785153436952447000,1785153436952450000,1785153436952450000,1785153436952450000,121932490,121652369,-119.121,0.000,0.000,1.000,3.000,0.000,0.000,0.000,0,0,0
B3_zmq_pushpull,zmq_tcp,none,none,,1,492,512,584,1785153436953408000,1785153436953408000,1785153436953408000,1785153436953410000,1785153436953481000,1785153436953485000,1785153436953485000,1785153436953485000,121932490,121652369,-209.121,0.000,0.000,2.000,4.000,0.000,0.000,0.000,0,0,0
B3_zmq_pushpull,zmq_tcp,none,none,,1,493,512,584,1785153436954375000,1785153436954375000,1785153436954375000,1785153436954376000,1785153436954460000,1785153436954463000,1785153436954463000,1785153436954463000,121932490,121652369,-196.121,0.000,0.000,1.000,3.000,0.000,0.000,0.000,0,0,0
B3_zmq_pushpull,zmq_tcp,none,none,,1,494,512,584,1785153436955386000,1785153436955386000,1785153436955386000,1785153436955387000,1785153436955433000,1785153436955436000,1785153436955436000,1785153436955436000,121932490,121652369,-234.121,0.000,0.000,1.000,3.000,0.000,0.000,0.000,0,0,0
B3_zmq_pushpull,zmq_tcp,none,none,,1,495,512,584,1785153436956384000,1785153436956384000,1785153436956385000,1785153436956385000,1785153436956434000,1785153436956438000,1785153436956438000,1785153436956438000,121932490,121652369,-231.121,0.000,1.000,0.000,4.000,0.000,0.000,0.000,0,0,0
B3_zmq_pushpull,zmq_tcp,none,none,,1,496,512,584,1785153436957268000,1785153436957268000,1785153436957268000,1785153436957269000,1785153436957413000,1785153436957416000,1785153436957416000,1785153436957416000,121932490,121652369,-136.121,0.000,0.000,1.000,3.000,0.000,0.000,0.000,0,0,0
B3_zmq_pushpull,zmq_tcp,none,none,,1,497,512,584,1785153436958408000,1785153436958408000,1785153436958408000,1785153436958409000,1785153436958541000,1785153436958544000,1785153436958544000,1785153436958544000,121932490,121652369,-148.121,0.000,0.000,1.000,3.000,0.000,0.000,0.000,0,0,0
B3_zmq_pushpull,zmq_tcp,none,none,,1,498,512,584,1785153436959378000,1785153436959379000,1785153436959379000,1785153436959380000,1785153436959556000,1785153436959559000,1785153436959559000,1785153436959559000,121932490,121652369,-104.121,1.000,0.000,1.000,3.000,0.000,0.000,0.000,0,0,0
B3_zmq_pushpull,zmq_tcp,none,none,,1,499,512,584,1785153436960386000,1785153436960386000,1785153436960386000,1785153436960387000,1785153436960587000,1785153436960593000,1785153436960593000,1785153436960593000,121932490,121652369,-80.121,0.000,0.000,1.000,6.000,0.000,0.000,0.000,0,0,0
B3_zmq_pushpull,zmq_tcp,none,none,,1,500,512,584,1785153436961379000,1785153436961379000,1785153436961379000,1785153436961380000,1785153436961446000,1785153436961449000,1785153436961449000,1785153436961449000,121932490,121652369,-214.121,0.000,0.000,1.000,3.000,0.000,0.000,0.000,0,0,0
B3_zmq_pushpull,zmq_tcp,none,none,,1,501,512,584,1785153436962384000,1785153436962385000,1785153436962385000,1785153436962386000,1785153436962431000,1785153436962434000,1785153436962434000,1785153436962434000,121932490,121652369,-235.121,1.000,0.000,1.000,3.000,0.000,0.000,0.000,0,0,0
B3_zmq_pushpull,zmq_tcp,none,none,,1,502,512,584,1785153436963384000,1785153436963384000,1785153436963384000,1785153436963385000,1785153436963425000,1785153436963428000,1785153436963428000,1785153436963428000,121932490,121652369,-240.121,0.000,0.000,1.000,3.000,0.000,0.000,0.000,0,0,0
B3_zmq_pushpull,zmq_tcp,none,none,,1,503,512,584,1785153436964279000,1785153436964280000,1785153436964280000,1785153436964281000,1785153436964437000,1785153436964440000,1785153436964440000,1785153436964440000,121932490,121652369,-124.121,1.000,0.000,1.000,3.000,0.000,0.000,0.000,0,0,0
B3_zmq_pushpull,zmq_tcp,none,none,,1,504,512,584,1785153436965306000,1785153436965306000,1785153436965306000,1785153436965307000,1785153436965466000,1785153436965471000,1785153436965471000,1785153436965471000,121932490,121652369,-121.121,0.000,0.000,1.000,5.000,0.000,0.000,0.000,0,0,0
B3_zmq_pushpull,zmq_tcp,none,none,,1,505,512,584,1785153436966404000,1785153436966404000,1785153436966404000,1785153436966405000,1785153436966468000,1785153436966471000,1785153436966471000,1785153436966471000,121932490,121652369,-217.121,0.000,0.000,1.000,3.000,0.000,0.000,0.000,0,0,0
B3_zmq_pushpull,zmq_tcp,none,none,,1,506,512,584,1785153436967292000,1785153436967292000,1785153436967292000,1785153436967293000,1785153436967449000,1785153436967452000,1785153436967452000,1785153436967452000,121932490,121652369,-124.121,0.000,0.000,1.000,3.000,0.000,0.000,0.000,0,0,0
B3_zmq_pushpull,zmq_tcp,none,none,,1,507,512,584,1785153436968403000,1785153436968403000,1785153436968403000,1785153436968404000,1785153436968450000,1785153436968454000,1785153436968454000,1785153436968454000,121932490,121652369,-234.121,0.000,0.000,1.000,4.000,0.000,0.000,0.000,0,0,0
B3_zmq_pushpull,zmq_tcp,none,none,,1,508,512,584,1785153436969302000,1785153436969302000,1785153436969302000,1785153436969303000,1785153436969459000,1785153436969463000,1785153436969463000,1785153436969463000,121932490,121652369,-124.121,0.000,0.000,1.000,4.000,0.000,0.000,0.000,0,0,0
B3_zmq_pushpull,zmq_tcp,none,none,,1,509,512,584,1785153436970404000,1785153436970404000,1785153436970404000,1785153436970405000,1785153436970483000,1785153436970485000,1785153436970485000,1785153436970485000,121932490,121652369,-202.121,0.000,0.000,1.000,2.000,0.000,0.000,0.000,0,0,0
B3_zmq_pushpull,zmq_tcp,none,none,,1,510,512,584,1785153436971375000,1785153436971375000,1785153436971375000,1785153436971376000,1785153436971491000,1785153436971493000,1785153436971493000,1785153436971493000,121932490,121652369,-165.121,0.000,0.000,1.000,2.000,0.000,0.000,0.000,0,0,0
B3_zmq_pushpull,zmq_tcp,none,none,,1,511,512,584,1785153436972387000,1785153436972387000,1785153436972387000,1785153436972388000,1785153436972508000,1785153436972511000,1785153436972511000,1785153436972511000,121932490,121652369,-160.121,0.000,0.000,1.000,3.000,0.000,0.000,0.000,0,0,0
B3_zmq_pushpull,zmq_tcp,none,none,,1,512,512,584,1785153436973383000,1785153436973383000,1785153436973383000,1785153436973384000,1785153436973523000,1785153436973525000,1785153436973525000,1785153436973525000,121932490,121652369,-141.121,0.000,0.000,1.000,2.000,0.000,0.000,0.000,0,0,0
B3_zmq_pushpull,zmq_tcp,none,none,,1,513,512,584,1785153436974383000,1785153436974384000,1785153436974384000,1785153436974385000,1785153436974535000,1785153436974537000,1785153436974537000,1785153436974537000,121932490,121652369,-130.121,1.000,0.000,1.000,2.000,0.000,0.000,0.000,0,0,0
B3_zmq_pushpull,zmq_tcp,none,none,,1,514,512,584,1785153436975382000,1785153436975382000,1785153436975382000,1785153436975383000,1785153436975545000,1785153436975548000,1785153436975548000,1785153436975548000,121932490,121652369,-118.121,0.000,0.000,1.000,3.000,0.000,0.000,0.000,0,0,0
B3_zmq_pushpull,zmq_tcp,none,none,,1,515,512,584,1785153436976383000,1785153436976383000,1785153436976383000,1785153436976384000,1785153436976548000,1785153436976551000,1785153436976551000,1785153436976551000,121932490,121652369,-116.121,0.000,0.000,1.000,3.000,0.000,0.000,0.000,0,0,0
B3_zmq_pushpull,zmq_tcp,none,none,,1,516,512,584,1785153436977384000,1785153436977384000,1785153436977384000,1785153436977385000,1785153436977552000,1785153436977555000,1785153436977555000,1785153436977555000,121932490,121652369,-113.121,0.000,0.000,1.000,3.000,0.000,0.000,0.000,0,0,0
B3_zmq_pushpull,zmq_tcp,none,none,,1,517,512,584,1785153436978385000,1785153436978385000,1785153436978385000,1785153436978386000,1785153436978583000,1785153436978585000,1785153436978585000,1785153436978585000,121932490,121652369,-83.121,0.000,0.000,1.000,2.000,0.000,0.000,0.000,0,0,0
B3_zmq_pushpull,zmq_tcp,none,none,,1,518,512,584,1785153436979301000,1785153436979301000,1785153436979301000,1785153436979302000,1785153436979461000,1785153436979464000,1785153436979464000,1785153436979464000,121932490,121652369,-121.121,0.000,0.000,1.000,3.000,0.000,0.000,0.000,0,0,0
B3_zmq_pushpull,zmq_tcp,none,none,,1,519,512,584,1785153436980302000,1785153436980302000,1785153436980302000,1785153436980303000,1785153436980463000,1785153436980466000,1785153436980466000,1785153436980466000,121932490,121652369,-120.121,0.000,0.000,1.000,3.000,0.000,0.000,0.000,0,0,0
B3_zmq_pushpull,zmq_tcp,none,none,,1,520,512,584,1785153436981309000,1785153436981309000,1785153436981309000,1785153436981310000,1785153436981465000,1785153436981468000,1785153436981468000,1785153436981468000,121932490,121652369,-125.121,0.000,0.000,1.000,3.000,0.000,0.000,0.000,0,0,0
B3_zmq_pushpull,zmq_tcp,none,none,,1,521,512,584,1785153436982312000,1785153436982313000,1785153436982313000,1785153436982314000,1785153436982459000,1785153436982461000,1785153436982461000,1785153436982461000,121932490,121652369,-135.121,1.000,0.000,1.000,2.000,0.000,0.000,0.000,0,0,0
B3_zmq_pushpull,zmq_tcp,none,none,,1,522,512,584,1785153436983398000,1785153436983398000,1785153436983398000,1785153436983399000,1785153436983445000,1785153436983448000,1785153436983448000,1785153436983448000,121932490,121652369,-234.121,0.000,0.000,1.000,3.000,0.000,0.000,0.000,0,0,0
B3_zmq_pushpull,zmq_tcp,none,none,,1,523,512,584,1785153436984381000,1785153436984381000,1785153436984381000,1785153436984382000,1785153436984431000,1785153436984435000,1785153436984435000,1785153436984435000,121932490,121652369,-231.121,0.000,0.000,1.000,4.000,0.000,0.000,0.000,0,0,0
B3_zmq_pushpull,zmq_tcp,none,none,,1,524,512,584,1785153436985387000,1785153436985387000,1785153436985387000,1785153436985388000,1785153436985447000,1785153436985450000,1785153436985450000,1785153436985450000,121932490,121652369,-221.121,0.000,0.000,1.000,3.000,0.000,0.000,0.000,0,0,0
B3_zmq_pushpull,zmq_tcp,none,none,,1,525,512,584,1785153436986384000,1785153436986385000,1785153436986385000,1785153436986386000,1785153436986452000,1785153436986454000,1785153436986454000,1785153436986454000,121932490,121652369,-214.121,1.000,0.000,1.000,2.000,0.000,0.000,0.000,0,0,0
B3_zmq_pushpull,zmq_tcp,none,none,,1,526,512,584,1785153436987383000,1785153436987383000,1785153436987383000,1785153436987384000,1785153436987462000,1785153436987465000,1785153436987465000,1785153436987465000,121932490,121652369,-202.121,0.000,0.000,1.000,3.000,0.000,0.000,0.000,0,0,0
B3_zmq_pushpull,zmq_tcp,none,none,,1,527,512,584,1785153436988386000,1785153436988386000,1785153436988386000,1785153436988387000,1785153436988465000,1785153436988468000,1785153436988468000,1785153436988468000,121932490,121652369,-202.121,0.000,0.000,1.000,3.000,0.000,0.000,0.000,0,0,0
B3_zmq_pushpull,zmq_tcp,none,none,,1,528,512,584,1785153436989383000,1785153436989383000,1785153436989383000,1785153436989384000,1785153436989472000,1785153436989475000,1785153436989475000,1785153436989475000,121932490,121652369,-192.121,0.000,0.000,1.000,3.000,0.000,0.000,0.000,0,0,0
B3_zmq_pushpull,zmq_tcp,none,none,,1,529,512,584,1785153436990381000,1785153436990381000,1785153436990381000,1785153436990382000,1785153436990469000,1785153436990472000,1785153436990472000,1785153436990472000,121932490,121652369,-193.121,0.000,0.000,1.000,3.000,0.000,0.000,0.000,0,0,0
B3_zmq_pushpull,zmq_tcp,none,none,,1,530,512,584,1785153436991384000,1785153436991384000,1785153436991384000,1785153436991385000,1785153436991484000,1785153436991487000,1785153436991487000,1785153436991487000,121932490,121652369,-181.121,0.000,0.000,1.000,3.000,0.000,0.000,0.000,0,0,0
B3_zmq_pushpull,zmq_tcp,none,none,,1,531,512,584,1785153436992386000,1785153436992386000,1785153436992386000,1785153436992387000,1785153436992505000,1785153436992508000,1785153436992509000,1785153436992509000,121932490,121652369,-162.121,0.000,0.000,1.000,3.000,1.000,0.000,0.000,0,0,0
B3_zmq_pushpull,zmq_tcp,none,none,,1,532,512,584,1785153436993379000,1785153436993379000,1785153436993379000,1785153436993380000,1785153436993485000,1785153436993488000,1785153436993488000,1785153436993488000,121932490,121652369,-175.121,0.000,0.000,1.000,3.000,0.000,0.000,0.000,0,0,0
B3_zmq_pushpull,zmq_tcp,none,none,,1,533,512,584,1785153436994192000,1785153436994192000,1785153436994192000,1785153436994193000,1785153436994355000,1785153436994358000,1785153436994358000,1785153436994358000,121932490,121652369,-118.121,0.000,0.000,1.000,3.000,0.000,0.000,0.000,0,0,0
B3_zmq_pushpull,zmq_tcp,none,none,,1,534,512,584,1785153436995432000,1785153436995432000,1785153436995433000,1785153436995434000,1785153436995476000,1785153436995480000,1785153436995480000,1785153436995480000,121932490,121652369,-238.121,0.000,1.000,1.000,4.000,0.000,0.000,0.000,0,0,0
B3_zmq_pushpull,zmq_tcp,none,none,,1,535,512,584,1785153436996370000,1785153436996370000,1785153436996370000,1785153436996371000,1785153436996469000,1785153436996472000,1785153436996472000,1785153436996472000,121932490,121652369,-182.121,0.000,0.000,1.000,3.000,0.000,0.000,0.000,0,0,0
B3_zmq_pushpull,zmq_tcp,none,none,,1,536,512,584,1785153436997387000,1785153436997387000,1785153436997387000,1785153436997388000,1785153436997467000,1785153436997469000,1785153436997469000,1785153436997469000,121932490,121652369,-201.121,0.000,0.000,1.000,2.000,0.000,0.000,0.000,0,0,0
B3_zmq_pushpull,zmq_tcp,none,none,,1,537,512,584,1785153436998383000,1785153436998383000,1785153436998383000,1785153436998384000,1785153436998468000,1785153436998470000,1785153436998470000,1785153436998470000,121932490,121652369,-196.121,0.000,0.000,1.000,2.000,0.000,0.000,0.000,0,0,0
B3_zmq_pushpull,zmq_tcp,none,none,,1,538,512,584,1785153436999383000,1785153436999383000,1785153436999383000,1785153436999384000,1785153436999485000,1785153436999493000,1785153436999493000,1785153436999493000,121932490,121652369,-179.121,0.000,0.000,1.000,8.000,0.000,0.000,0.000,0,0,0
B3_zmq_pushpull,zmq_tcp,none,none,,1,539,512,584,1785153437000384000,1785153437000384000,1785153437000384000,1785153437000385000,1785153437000511000,1785153437000514000,1785153437000514000,1785153437000515000,121932490,121652369,-154.121,0.000,0.000,1.000,3.000,0.000,1.000,0.000,0,0,0
B3_zmq_pushpull,zmq_tcp,none,none,,1,540,512,584,1785153437001202000,1785153437001203000,1785153437001203000,1785153437001204000,1785153437001363000,1785153437001366000,1785153437001366000,1785153437001366000,121932490,121652369,-121.121,1.000,0.000,1.000,3.000,0.000,0.000,0.000,0,0,0
B3_zmq_pushpull,zmq_tcp,none,none,,1,541,512,584,1785153437002429000,1785153437002429000,1785153437002429000,1785153437002430000,1785153437002505000,1785153437002507000,1785153437002508000,1785153437002508000,121932490,121652369,-205.121,0.000,0.000,1.000,2.000,1.000,0.000,0.000,0,0,0
B3_zmq_pushpull,zmq_tcp,none,none,,1,542,512,584,1785153437003367000,1785153437003368000,1785153437003368000,1785153437003369000,1785153437003511000,1785153437003513000,1785153437003513000,1785153437003513000,121932490,121652369,-138.121,1.000,0.000,1.000,2.000,0.000,0.000,0.000,0,0,0
B3_zmq_pushpull,zmq_tcp,none,none,,1,543,512,584,1785153437004388000,1785153437004388000,1785153437004388000,1785153437004389000,1785153437004509000,1785153437004513000,1785153437004513000,1785153437004513000,121932490,121652369,-160.121,0.000,0.000,1.000,4.000,0.000,0.000,0.000,0,0,0
B3_zmq_pushpull,zmq_tcp,none,none,,1,544,512,584,1785153437005224000,1785153437005224000,1785153437005224000,1785153437005225000,1785153437005380000,1785153437005383000,1785153437005383000,1785153437005383000,121932490,121652369,-125.121,0.000,0.000,1.000,3.000,0.000,0.000,0.000,0,0,0
B3_zmq_pushpull,zmq_tcp,none,none,,1,545,512,584,1785153437006426000,1785153437006426000,1785153437006426000,1785153437006427000,1785153437006520000,1785153437006523000,1785153437006523000,1785153437006523000,121932490,121652369,-187.121,0.000,0.000,1.000,3.000,0.000,0.000,0.000,0,0,0
B3_zmq_pushpull,zmq_tcp,none,none,,1,546,512,584,1785153437007372000,1785153437007372000,1785153437007372000,1785153437007373000,1785153437007519000,1785153437007521000,1785153437007521000,1785153437007521000,121932490,121652369,-134.121,0.000,0.000,1.000,2.000,0.000,0.000,0.000,0,0,0
B3_zmq_pushpull,zmq_tcp,none,none,,1,547,512,584,1785153437008387000,1785153437008387000,1785153437008387000,1785153437008388000,1785153437008509000,1785153437008512000,1785153437008512000,1785153437008512000,121932490,121652369,-159.121,0.000,0.000,1.000,3.000,0.000,0.000,0.000,0,0,0
B3_zmq_pushpull,zmq_tcp,none,none,,1,548,512,584,1785153437009383000,1785153437009383000,1785153437009383000,1785153437009384000,1785153437009505000,1785153437009510000,1785153437009510000,1785153437009510000,121932490,121652369,-159.121,0.000,0.000,1.000,5.000,0.000,0.000,0.000,0,0,0
B3_zmq_pushpull,zmq_tcp,none,none,,1,549,512,584,1785153437010204000,1785153437010204000,1785153437010204000,1785153437010205000,1785153437010349000,1785153437010352000,1785153437010352000,1785153437010352000,121932490,121652369,-136.121,0.000,0.000,1.000,3.000,0.000,0.000,0.000,0,0,0
B3_zmq_pushpull,zmq_tcp,none,none,,1,550,512,584,1785153437011425000,1785153437011425000,1785153437011425000,1785153437011426000,1785153437011499000,1785153437011501000,1785153437011501000,1785153437011501000,121932490,121652369,-207.121,0.000,0.000,1.000,2.000,0.000,0.000,0.000,0,0,0
B3_zmq_pushpull,zmq_tcp,none,none,,1,551,512,584,1785153437012373000,1785153437012373000,1785153437012373000,1785153437012374000,1785153437012511000,1785153437012513000,1785153437012513000,1785153437012513000,121932490,121652369,-143.121,0.000,0.000,1.000,2.000,0.000,0.000,0.000,0,0,0
B3_zmq_pushpull,zmq_tcp,none,none,,1,552,512,584,1785153437013386000,1785153437013386000,1785153437013386000,1785153437013387000,1785153437013512000,1785153437013515000,1785153437013515000,1785153437013515000,121932490,121652369,-155.121,0.000,0.000,1.000,3.000,0.000,0.000,0.000,0,0,0
B3_zmq_pushpull,zmq_tcp,none,none,,1,553,512,584,1785153437014385000,1785153437014385000,1785153437014385000,1785153437014386000,1785153437014520000,1785153437014523000,1785153437014523000,1785153437014523000,121932490,121652369,-146.121,0.000,0.000,1.000,3.000,0.000,0.000,0.000,0,0,0
B3_zmq_pushpull,zmq_tcp,none,none,,1,554,512,584,1785153437015383000,1785153437015383000,1785153437015383000,1785153437015384000,1785153437015527000,1785153437015529000,1785153437015529000,1785153437015529000,121932490,121652369,-137.121,0.000,0.000,1.000,2.000,0.000,0.000,0.000,0,0,0
B3_zmq_pushpull,zmq_tcp,none,none,,1,555,512,584,1785153437016384000,1785153437016384000,1785153437016384000,1785153437016385000,1785153437016529000,1785153437016532000,1785153437016532000,1785153437016532000,121932490,121652369,-136.121,0.000,0.000,1.000,3.000,0.000,0.000,0.000,0,0,0
B3_zmq_pushpull,zmq_tcp,none,none,,1,556,512,584,1785153437017383000,1785153437017384000,1785153437017384000,1785153437017385000,1785153437017528000,1785153437017531000,1785153437017531000,1785153437017531000,121932490,121652369,-137.121,1.000,0.000,1.000,3.000,0.000,0.000,0.000,0,0,0
B3_zmq_pushpull,zmq_tcp,none,none,,1,557,512,584,1785153437018381000,1785153437018381000,1785153437018381000,1785153437018382000,1785153437018525000,1785153437018528000,1785153437018528000,1785153437018528000,121932490,121652369,-137.121,0.000,0.000,1.000,3.000,0.000,0.000,0.000,0,0,0
B3_zmq_pushpull,zmq_tcp,none,none,,1,558,512,584,1785153437019384000,1785153437019385000,1785153437019385000,1785153437019386000,1785153437019524000,1785153437019527000,1785153437019527000,1785153437019527000,121932490,121652369,-142.121,1.000,0.000,1.000,3.000,0.000,0.000,0.000,0,0,0
B3_zmq_pushpull,zmq_tcp,none,none,,1,559,512,584,1785153437020383000,1785153437020383000,1785153437020383000,1785153437020384000,1785153437020528000,1785153437020531000,1785153437020531000,1785153437020531000,121932490,121652369,-136.121,0.000,0.000,1.000,3.000,0.000,0.000,0.000,0,0,0
B3_zmq_pushpull,zmq_tcp,none,none,,1,560,512,584,1785153437021383000,1785153437021383000,1785153437021383000,1785153437021384000,1785153437021527000,1785153437021529000,1785153437021529000,1785153437021529000,121932490,121652369,-137.121,0.000,0.000,1.000,2.000,0.000,0.000,0.000,0,0,0
B3_zmq_pushpull,zmq_tcp,none,none,,1,561,512,584,1785153437022381000,1785153437022381000,1785153437022381000,1785153437022382000,1785153437022534000,1785153437022537000,1785153437022537000,1785153437022537000,121932490,121652369,-128.121,0.000,0.000,1.000,3.000,0.000,0.000,0.000,0,0,0
B3_zmq_pushpull,zmq_tcp,none,none,,1,562,512,584,1785153437023385000,1785153437023385000,1785153437023385000,1785153437023386000,1785153437023553000,1785153437023556000,1785153437023556000,1785153437023556000,121932490,121652369,-113.121,0.000,0.000,1.000,3.000,0.000,0.000,0.000,0,0,0
B3_zmq_pushpull,zmq_tcp,none,none,,1,563,512,584,1785153437024257000,1785153437024257000,1785153437024257000,1785153437024258000,1785153437024415000,1785153437024418000,1785153437024418000,1785153437024418000,121932490,121652369,-123.121,0.000,0.000,1.000,3.000,0.000,0.000,0.000,0,0,0
B3_zmq_pushpull,zmq_tcp,none,none,,1,564,512,584,1785153437025415000,1785153437025415000,1785153437025415000,1785153437025416000,1785153437025538000,1785153437025541000,1785153437025541000,1785153437025541000,121932490,121652369,-158.121,0.000,0.000,1.000,3.000,0.000,0.000,0.000,0,0,0
B3_zmq_pushpull,zmq_tcp,none,none,,1,565,512,584,1785153437026246000,1785153437026246000,1785153437026246000,1785153437026247000,1785153437026403000,1785153437026406000,1785153437026406000,1785153437026406000,121932490,121652369,-124.121,0.000,0.000,1.000,3.000,0.000,0.000,0.000,0,0,0
B3_zmq_pushpull,zmq_tcp,none,none,,1,566,512,584,1785153437027418000,1785153437027418000,1785153437027418000,1785153437027419000,1785153437027547000,1785153437027549000,1785153437027550000,1785153437027550000,121932490,121652369,-152.121,0.000,0.000,1.000,2.000,1.000,0.000,0.000,0,0,0
B3_zmq_pushpull,zmq_tcp,none,none,,1,567,512,584,1785153437028376000,1785153437028376000,1785153437028376000,1785153437028377000,1785153437028555000,1785153437028558000,1785153437028558000,1785153437028558000,121932490,121652369,-102.121,0.000,0.000,1.000,3.000,0.000,0.000,0.000,0,0,0
B3_zmq_pushpull,zmq_tcp,none,none,,1,568,512,584,1785153437029248000,1785153437029248000,1785153437029248000,1785153437029249000,1785153437029402000,1785153437029404000,1785153437029404000,1785153437029404000,121932490,121652369,-127.121,0.000,0.000,1.000,2.000,0.000,0.000,0.000,0,0,0
B3_zmq_pushpull,zmq_tcp,none,none,,1,569,512,584,1785153437030417000,1785153437030417000,1785153437030417000,1785153437030418000,1785153437030538000,1785153437030541000,1785153437030541000,1785153437030541000,121932490,121652369,-160.121,0.000,0.000,1.000,3.000,0.000,0.000,0.000,0,0,0
B3_zmq_pushpull,zmq_tcp,none,none,,1,570,512,584,1785153437031374000,1785153437031374000,1785153437031374000,1785153437031375000,1785153437031533000,1785153437031537000,1785153437031537000,1785153437031537000,121932490,121652369,-122.121,0.000,0.000,1.000,4.000,0.000,0.000,0.000,0,0,0
B3_zmq_pushpull,zmq_tcp,none,none,,1,571,512,584,1785153437032386000,1785153437032386000,1785153437032386000,1785153437032387000,1785153437032531000,1785153437032535000,1785153437032535000,1785153437032536000,121932490,121652369,-136.121,0.000,0.000,1.000,4.000,0.000,1.000,0.000,0,0,0
B3_zmq_pushpull,zmq_tcp,none,none,,1,572,512,584,1785153437033380000,1785153437033380000,1785153437033381000,1785153437033381000,1785153437033527000,1785153437033530000,1785153437033530000,1785153437033530000,121932490,121652369,-134.121,0.000,1.000,0.000,3.000,0.000,0.000,0.000,0,0,0
B3_zmq_pushpull,zmq_tcp,none,none,,1,573,512,584,1785153437034385000,1785153437034385000,1785153437034385000,1785153437034386000,1785153437034547000,1785153437034550000,1785153437034550000,1785153437034550000,121932490,121652369,-119.121,0.000,0.000,1.000,3.000,0.000,0.000,0.000,0,0,0
B3_zmq_pushpull,zmq_tcp,none,none,,1,574,512,584,1785153437035251000,1785153437035251000,1785153437035251000,1785153437035252000,1785153437035409000,1785153437035411000,1785153437035412000,1785153437035412000,121932490,121652369,-123.121,0.000,0.000,1.000,2.000,1.000,0.000,0.000,0,0,0
B3_zmq_pushpull,zmq_tcp,none,none,,1,575,512,584,1785153437036261000,1785153437036262000,1785153437036262000,1785153437036263000,1785153437036423000,1785153437036426000,1785153437036426000,1785153437036426000,121932490,121652369,-120.121,1.000,0.000,1.000,3.000,0.000,0.000,0.000,0,0,0
B3_zmq_pushpull,zmq_tcp,none,none,,1,576,512,584,1785153437037410000,1785153437037410000,1785153437037410000,1785153437037411000,1785153437037567000,1785153437037570000,1785153437037570000,1785153437037570000,121932490,121652369,-124.121,0.000,0.000,1.000,3.000,0.000,0.000,0.000,0,0,0
B3_zmq_pushpull,zmq_tcp,none,none,,1,577,512,584,1785153437038377000,1785153437038377000,1785153437038377000,1785153437038378000,1785153437038424000,1785153437038428000,1785153437038428000,1785153437038428000,121932490,121652369,-234.121,0.000,0.000,1.000,4.000,0.000,0.000,0.000,0,0,0
B3_zmq_pushpull,zmq_tcp,none,none,,1,578,512,584,1785153437039386000,1785153437039386000,1785153437039386000,1785153437039387000,1785153437039567000,1785153437039570000,1785153437039570000,1785153437039570000,121932490,121652369,-100.121,0.000,0.000,1.000,3.000,0.000,0.000,0.000,0,0,0
B3_zmq_pushpull,zmq_tcp,none,none,,1,579,512,584,1785153437040273000,1785153437040274000,1785153437040274000,1785153437040275000,1785153437040435000,1785153437040438000,1785153437040438000,1785153437040438000,121932490,121652369,-120.121,1.000,0.000,1.000,3.000,0.000,0.000,0.000,0,0,0
B3_zmq_pushpull,zmq_tcp,none,none,,1,580,512,584,1785153437041417000,1785153437041417000,1785153437041417000,1785153437041418000,1785153437041595000,1785153437041598000,1785153437041598000,1785153437041598000,121932490,121652369,-103.121,0.000,0.000,1.000,3.000,0.000,0.000,0.000,0,0,0
B3_zmq_pushpull,zmq_tcp,none,none,,1,581,512,584,1785153437042375000,1785153437042376000,1785153437042376000,1785153437042377000,1785153437042457000,1785153437042459000,1785153437042459000,1785153437042459000,121932490,121652369,-200.121,1.000,0.000,1.000,2.000,0.000,0.000,0.000,0,0,0
B3_zmq_pushpull,zmq_tcp,none,none,,1,582,512,584,1785153437043389000,1785153437043389000,1785153437043389000,1785153437043390000,1785153437043460000,1785153437043465000,1785153437043465000,1785153437043465000,121932490,121652369,-210.121,0.000,0.000,1.000,5.000,0.000,0.000,0.000,0,0,0
B3_zmq_pushpull,zmq_tcp,none,none,,1,583,512,584,1785153437044299000,1785153437044299000,1785153437044299000,1785153437044300000,1785153437044455000,1785153437044458000,1785153437044458000,1785153437044458000,121932490,121652369,-125.121,0.000,0.000,1.000,3.000,0.000,0.000,0.000,0,0,0
B3_zmq_pushpull,zmq_tcp,none,none,,1,584,512,584,1785153437045405000,1785153437045405000,1785153437045405000,1785153437045406000,1785153437045448000,1785153437045450000,1785153437045450000,1785153437045450000,121932490,121652369,-238.121,0.000,0.000,1.000,2.000,0.000,0.000,0.000,0,0,0
B3_zmq_pushpull,zmq_tcp,none,none,,1,585,512,584,1785153437046378000,1785153437046378000,1785153437046378000,1785153437046379000,1785153437046417000,1785153437046421000,1785153437046421000,1785153437046421000,121932490,121652369,-242.121,0.000,0.000,1.000,4.000,0.000,0.000,0.000,0,0,0
B3_zmq_pushpull,zmq_tcp,none,none,,1,586,512,584,1785153437047386000,1785153437047386000,1785153437047386000,1785153437047387000,1785153437047561000,1785153437047564000,1785153437047564000,1785153437047564000,121932490,121652369,-106.121,0.000,0.000,1.000,3.000,0.000,0.000,0.000,0,0,0
B3_zmq_pushpull,zmq_tcp,none,none,,1,587,512,584,1785153437048272000,1785153437048272000,1785153437048272000,1785153437048273000,1785153437048430000,1785153437048433000,1785153437048433000,1785153437048433000,121932490,121652369,-123.121,0.000,0.000,1.000,3.000,0.000,0.000,0.000,0,0,0
B3_zmq_pushpull,zmq_tcp,none,none,,1,588,512,584,1785153437049254000,1785153437049254000,1785153437049254000,1785153437049255000,1785153437049411000,1785153437049414000,1785153437049414000,1785153437049414000,121932490,121652369,-124.121,0.000,0.000,1.000,3.000,0.000,0.000,0.000,0,0,0
B3_zmq_pushpull,zmq_tcp,none,none,,1,589,512,584,1785153437050243000,1785153437050243000,1785153437050243000,1785153437050244000,1785153437050401000,1785153437050403000,1785153437050403000,1785153437050403000,121932490,121652369,-123.121,0.000,0.000,1.000,2.000,0.000,0.000,0.000,0,0,0
B3_zmq_pushpull,zmq_tcp,none,none,,1,590,512,584,1785153437051222000,1785153437051223000,1785153437051223000,1785153437051224000,1785153437051374000,1785153437051376000,1785153437051376000,1785153437051377000,121932490,121652369,-130.121,1.000,0.000,1.000,2.000,0.000,1.000,0.000,0,0,0
B3_zmq_pushpull,zmq_tcp,none,none,,1,591,512,584,1785153437052191000,1785153437052191000,1785153437052191000,1785153437052192000,1785153437052345000,1785153437052347000,1785153437052347000,1785153437052347000,121932490,121652369,-127.121,0.000,0.000,1.000,2.000,0.000,0.000,0.000,0,0,0
B3_zmq_pushpull,zmq_tcp,none,none,,1,592,512,584,1785153437053301000,1785153437053301000,1785153437053301000,1785153437053302000,1785153437053454000,1785153437053456000,1785153437053456000,1785153437053456000,121932490,121652369,-128.121,0.000,0.000,1.000,2.000,0.000,0.000,0.000,0,0,0
B3_zmq_pushpull,zmq_tcp,none,none,,1,593,512,584,1785153437054287000,1785153437054287000,1785153437054287000,1785153437054288000,1785153437054430000,1785153437054433000,1785153437054433000,1785153437054433000,121932490,121652369,-138.121,0.000,0.000,1.000,3.000,0.000,0.000,0.000,0,0,0
B3_zmq_pushpull,zmq_tcp,none,none,,1,594,512,584,1785153437055404000,1785153437055404000,1785153437055404000,1785153437055405000,1785153437055561000,1785153437055563000,1785153437055563000,1785153437055563000,121932490,121652369,-124.121,0.000,0.000,1.000,2.000,0.000,0.000,0.000,0,0,0
B3_zmq_pushpull,zmq_tcp,none,none,,1,595,512,584,1785153437056378000,1785153437056378000,1785153437056378000,1785153437056379000,1785153437056545000,1785153437056548000,1785153437056548000,1785153437056548000,121932490,121652369,-114.121,0.000,0.000,1.000,3.000,0.000,0.000,0.000,0,0,0
B3_zmq_pushpull,zmq_tcp,none,none,,1,596,512,584,1785153437057255000,1785153437057255000,1785153437057255000,1785153437057256000,1785153437057409000,1785153437057411000,1785153437057411000,1785153437057411000,121932490,121652369,-127.121,0.000,0.000,1.000,2.000,0.000,0.000,0.000,0,0,0
B3_zmq_pushpull,zmq_tcp,none,none,,1,597,512,584,1785153437058240000,1785153437058240000,1785153437058240000,1785153437058241000,1785153437058390000,1785153437058393000,1785153437058393000,1785153437058393000,121932490,121652369,-131.121,0.000,0.000,1.000,3.000,0.000,0.000,0.000,0,0,0
B3_zmq_pushpull,zmq_tcp,none,none,,1,598,512,584,1785153437059229000,1785153437059229000,1785153437059229000,1785153437059230000,1785153437059381000,1785153437059383000,1785153437059383000,1785153437059383000,121932490,121652369,-129.121,0.000,0.000,1.000,2.000,0.000,0.000,0.000,0,0,0
B3_zmq_pushpull,zmq_tcp,none,none,,1,599,512,584,1785153437060216000,1785153437060216000,1785153437060216000,1785153437060217000,1785153437060369000,1785153437060371000,1785153437060371000,1785153437060371000,121932490,121652369,-128.121,0.000,0.000,1.000,2.000,0.000,0.000,0.000,0,0,0
B3_zmq_pushpull,zmq_tcp,none,none,,1,600,512,584,1785153437061425000,1785153437061425000,1785153437061425000,1785153437061426000,1785153437061497000,1785153437061499000,1785153437061499000,1785153437061499000,121932490,121652369,-209.121,0.000,0.000,1.000,2.000,0.000,0.000,0.000,0,0,0
B3_zmq_pushpull,zmq_tcp,none,none,,1,601,512,584,1785153437062370000,1785153437062370000,1785153437062370000,1785153437062371000,1785153437062489000,1785153437062491000,1785153437062491000,1785153437062491000,121932490,121652369,-162.121,0.000,0.000,1.000,2.000,0.000,0.000,0.000,0,0,0
B3_zmq_pushpull,zmq_tcp,none,none,,1,602,512,584,1785153437063386000,1785153437063386000,1785153437063386000,1785153437063387000,1785153437063495000,1785153437063498000,1785153437063498000,1785153437063498000,121932490,121652369,-172.121,0.000,0.000,1.000,3.000,0.000,0.000,0.000,0,0,0
B3_zmq_pushpull,zmq_tcp,none,none,,1,603,512,584,1785153437064382000,1785153437064382000,1785153437064382000,1785153437064383000,1785153437064494000,1785153437064497000,1785153437064497000,1785153437064497000,121932490,121652369,-169.121,0.000,0.000,1.000,3.000,0.000,0.000,0.000,0,0,0
B3_zmq_pushpull,zmq_tcp,none,none,,1,604,512,584,1785153437065383000,1785153437065383000,1785153437065383000,1785153437065384000,1785153437065481000,1785153437065484000,1785153437065484000,1785153437065484000,121932490,121652369,-183.121,0.000,0.000,1.000,3.000,0.000,0.000,0.000,0,0,0
B3_zmq_pushpull,zmq_tcp,none,none,,1,605,512,584,1785153437066379000,1785153437066380000,1785153437066380000,1785153437066381000,1785153437066469000,1785153437066471000,1785153437066471000,1785153437066471000,121932490,121652369,-192.121,1.000,0.000,1.000,2.000,0.000,0.000,0.000,0,0,0
B3_zmq_pushpull,zmq_tcp,none,none,,1,606,512,584,1785153437067384000,1785153437067384000,1785153437067384000,1785153437067385000,1785153437067451000,1785153437067454000,1785153437067454000,1785153437067454000,121932490,121652369,-214.121,0.000,0.000,1.000,3.000,0.000,0.000,0.000,0,0,0
B3_zmq_pushpull,zmq_tcp,none,none,,1,607,512,584,1785153437068383000,1785153437068383000,1785153437068383000,1785153437068384000,1785153437068425000,1785153437068428000,1785153437068428000,1785153437068428000,121932490,121652369,-239.121,0.000,0.000,1.000,3.000,0.000,0.000,0.000,0,0,0
B3_zmq_pushpull,zmq_tcp,none,none,,1,608,512,584,1785153437069383000,1785153437069383000,1785153437069383000,1785153437069384000,1785153437069559000,1785153437069562000,1785153437069562000,1785153437069562000,121932490,121652369,-105.121,0.000,0.000,1.000,3.000,0.000,0.000,0.000,0,0,0
B3_zmq_pushpull,zmq_tcp,none,none,,1,609,512,584,1785153437070380000,1785153437070380000,1785153437070380000,1785153437070381000,1785153437070545000,1785153437070547000,1785153437070547000,1785153437070547000,121932490,121652369,-116.121,0.000,0.000,1.000,2.000,0.000,0.000,0.000,0,0,0
B3_zmq_pushpull,zmq_tcp,none,none,,1,610,512,584,1785153437071384000,1785153437071384000,1785153437071384000,1785153437071385000,1785153437071529000,1785153437071531000,1785153437071531000,1785153437071531000,121932490,121652369,-136.121,0.000,0.000,1.000,2.000,0.000,0.000,0.000,0,0,0
B3_zmq_pushpull,zmq_tcp,none,none,,1,611,512,584,1785153437072382000,1785153437072382000,1785153437072382000,1785153437072383000,1785153437072499000,1785153437072503000,1785153437072503000,1785153437072503000,121932490,121652369,-164.121,0.000,0.000,1.000,4.000,0.000,0.000,0.000,0,0,0
B3_zmq_pushpull,zmq_tcp,none,none,,1,612,512,584,1785153437073196000,1785153437073196000,1785153437073196000,1785153437073197000,1785153437073349000,1785153437073351000,1785153437073351000,1785153437073351000,121932490,121652369,-128.121,0.000,0.000,1.000,2.000,0.000,0.000,0.000,0,0,0
B3_zmq_pushpull,zmq_tcp,none,none,,1,613,512,584,1785153437074307000,1785153437074307000,1785153437074307000,1785153437074308000,1785153437074449000,1785153437074452000,1785153437074452000,1785153437074452000,121932490,121652369,-139.121,0.000,0.000,1.000,3.000,0.000,0.000,0.000,0,0,0
B3_zmq_pushpull,zmq_tcp,none,none,,1,614,512,584,1785153437075406000,1785153437075406000,1785153437075406000,1785153437075407000,1785153437075461000,1785153437075464000,1785153437075464000,1785153437075464000,121932490,121652369,-226.121,0.000,0.000,1.000,3.000,0.000,0.000,0.000,0,0,0
B3_zmq_pushpull,zmq_tcp,none,none,,1,615,512,584,1785153437076377000,1785153437076377000,1785153437076377000,1785153437076378000,1785153437076586000,1785153437076589000,1785153437076589000,1785153437076589000,121932490,121652369,-72.121,0.000,0.000,1.000,3.000,0.000,0.000,0.000,0,0,0
B3_zmq_pushpull,zmq_tcp,none,none,,1,616,512,584,1785153437077274000,1785153437077274000,1785153437077274000,1785153437077275000,1785153437077426000,1785153437077428000,1785153437077428000,1785153437077428000,121932490,121652369,-129.121,0.000,0.000,1.000,2.000,0.000,0.000,0.000,0,0,0
B3_zmq_pushpull,zmq_tcp,none,none,,1,617,512,584,1785153437078410000,1785153437078411000,1785153437078411000,1785153437078412000,1785153437078561000,1785153437078564000,1785153437078564000,1785153437078564000,121932490,121652369,-131.121,1.000,0.000,1.000,3.000,0.000,0.000,0.000,0,0,0
B3_zmq_pushpull,zmq_tcp,none,none,,1,618,512,584,1785153437079376000,1785153437079376000,1785153437079376000,1785153437079377000,1785153437079416000,1785153437079419000,1785153437079419000,1785153437079419000,121932490,121652369,-241.121,0.000,0.000,1.000,3.000,0.000,0.000,0.000,0,0,0
B3_zmq_pushpull,zmq_tcp,none,none,,1,619,512,584,1785153437080385000,1785153437080385000,1785153437080385000,1785153437080386000,1785153437080553000,1785153437080555000,1785153437080555000,1785153437080555000,121932490,121652369,-113.121,0.000,0.000,1.000,2.000,0.000,0.000,0.000,0,0,0
B3_zmq_pushpull,zmq_tcp,none,none,,1,620,512,584,1785153437081257000,1785153437081257000,1785153437081257000,1785153437081258000,1785153437081414000,1785153437081417000,1785153437081417000,1785153437081417000,121932490,121652369,-124.121,0.000,0.000,1.000,3.000,0.000,0.000,0.000,0,0,0
B3_zmq_pushpull,zmq_tcp,none,none,,1,621,512,584,1785153437082248000,1785153437082248000,1785153437082248000,1785153437082249000,1785153437082406000,1785153437082409000,1785153437082410000,1785153437082410000,121932490,121652369,-123.121,0.000,0.000,1.000,3.000,1.000,0.000,0.000,0,0,0
B3_zmq_pushpull,zmq_tcp,none,none,,1,622,512,584,1785153437083379000,1785153437083379000,1785153437083379000,1785153437083381000,1785153437083523000,1785153437083526000,1785153437083526000,1785153437083526000,121932490,121652369,-138.121,0.000,0.000,2.000,3.000,0.000,0.000,0.000,0,0,0
B3_zmq_pushpull,zmq_tcp,none,none,,1,623,512,584,1785153437084214000,1785153437084214000,1785153437084215000,1785153437084216000,1785153437084365000,1785153437084367000,1785153437084367000,1785153437084367000,121932490,121652369,-131.121,0.000,1.000,1.000,2.000,0.000,0.000,0.000,0,0,0
B3_zmq_pushpull,zmq_tcp,none,none,,1,624,512,584,1785153437085429000,1785153437085429000,1785153437085429000,1785153437085430000,1785153437085622000,1785153437085625000,1785153437085625000,1785153437085625000,121932490,121652369,-88.121,0.000,0.000,1.000,3.000,0.000,0.000,0.000,0,0,0
B3_zmq_pushpull,zmq_tcp,none,none,,1,625,512,584,1785153437086376000,1785153437086376000,1785153437086376000,1785153437086377000,1785153437086472000,1785153437086475000,1785153437086475000,1785153437086475000,121932490,121652369,-185.121,0.000,0.000,1.000,3.000,0.000,0.000,0.000,0,0,0
B3_zmq_pushpull,zmq_tcp,none,none,,1,626,512,584,1785153437087187000,1785153437087187000,1785153437087187000,1785153437087188000,1785153437087338000,1785153437087341000,1785153437087341000,1785153437087341000,121932490,121652369,-130.121,0.000,0.000,1.000,3.000,0.000,0.000,0.000,0,0,0
B3_zmq_pushpull,zmq_tcp,none,none,,1,627,512,584,1785153437088438000,1785153437088438000,1785153437088438000,1785153437088439000,1785153437088617000,1785153437088619000,1785153437088619000,1785153437088619000,121932490,121652369,-102.121,0.000,0.000,1.000,2.000,0.000,0.000,0.000,0,0,0
B3_zmq_pushpull,zmq_tcp,none,none,,1,628,512,584,1785153437089368000,1785153437089368000,1785153437089368000,1785153437089369000,1785153437089489000,1785153437089492000,1785153437089492000,1785153437089492000,121932490,121652369,-160.121,0.000,0.000,1.000,3.000,0.000,0.000,0.000,0,0,0
B3_zmq_pushpull,zmq_tcp,none,none,,1,629,512,584,1785153437090193000,1785153437090194000,1785153437090194000,1785153437090195000,1785153437090355000,1785153437090358000,1785153437090358000,1785153437090358000,121932490,121652369,-120.121,1.000,0.000,1.000,3.000,0.000,0.000,0.000,0,0,0
B3_zmq_pushpull,zmq_tcp,none,none,,1,630,512,584,1785153437091432000,1785153437091432000,1785153437091432000,1785153437091433000,1785153437091501000,1785153437091505000,1785153437091505000,1785153437091505000,121932490,121652369,-212.121,0.000,0.000,1.000,4.000,0.000,0.000,0.000,0,0,0
B3_zmq_pushpull,zmq_tcp,none,none,,1,631,512,584,1785153437092373000,1785153437092373000,1785153437092373000,1785153437092374000,1785153437092511000,1785153437092515000,1785153437092515000,1785153437092515000,121932490,121652369,-143.121,0.000,0.000,1.000,4.000,0.000,0.000,0.000,0,0,0
B3_zmq_pushpull,zmq_tcp,none,none,,1,632,512,584,1785153437093385000,1785153437093385000,1785153437093385000,1785153437093386000,1785153437093502000,1785153437093505000,1785153437093505000,1785153437093505000,121932490,121652369,-164.121,0.000,0.000,1.000,3.000,0.000,0.000,0.000,0,0,0
B3_zmq_pushpull,zmq_tcp,none,none,,1,633,512,584,1785153437094211000,1785153437094212000,1785153437094212000,1785153437094213000,1785153437094370000,1785153437094372000,1785153437094372000,1785153437094372000,121932490,121652369,-123.121,1.000,0.000,1.000,2.000,0.000,0.000,0.000,0,0,0
B3_zmq_pushpull,zmq_tcp,none,none,,1,634,512,584,1785153437095209000,1785153437095209000,1785153437095209000,1785153437095210000,1785153437095380000,1785153437095383000,1785153437095383000,1785153437095383000,121932490,121652369,-110.121,0.000,0.000,1.000,3.000,0.000,0.000,0.000,0,0,0
B3_zmq_pushpull,zmq_tcp,none,none,,1,635,512,584,1785153437096430000,1785153437096430000,1785153437096431000,1785153437096431000,1785153437096529000,1785153437096531000,1785153437096531000,1785153437096531000,121932490,121652369,-182.121,0.000,1.000,0.000,2.000,0.000,0.000,0.000,0,0,0
B3_zmq_pushpull,zmq_tcp,none,none,,1,636,512,584,1785153437097372000,1785153437097373000,1785153437097373000,1785153437097374000,1785153437097535000,1785153437097539000,1785153437097539000,1785153437097539000,121932490,121652369,-119.121,1.000,0.000,1.000,4.000,0.000,0.000,0.000,0,0,0
B3_zmq_pushpull,zmq_tcp,none,none,,1,637,512,584,1785153437098386000,1785153437098387000,1785153437098387000,1785153437098388000,1785153437098550000,1785153437098553000,1785153437098553000,1785153437098553000,121932490,121652369,-118.121,1.000,0.000,1.000,3.000,0.000,0.000,0.000,0,0,0
B3_zmq_pushpull,zmq_tcp,none,none,,1,638,512,584,1785153437099384000,1785153437099384000,1785153437099384000,1785153437099385000,1785153437099560000,1785153437099563000,1785153437099563000,1785153437099563000,121932490,121652369,-105.121,0.000,0.000,1.000,3.000,0.000,0.000,0.000,0,0,0
B3_zmq_pushpull,zmq_tcp,none,none,,1,639,512,584,1785153437100384000,1785153437100384000,1785153437100384000,1785153437100385000,1785153437100567000,1785153437100570000,1785153437100570000,1785153437100570000,121932490,121652369,-98.121,0.000,0.000,1.000,3.000,0.000,0.000,0.000,0,0,0
B3_zmq_pushpull,zmq_tcp,none,none,,1,640,512,584,1785153437101278000,1785153437101278000,1785153437101278000,1785153437101279000,1785153437101434000,1785153437101437000,1785153437101437000,1785153437101437000,121932490,121652369,-125.121,0.000,0.000,1.000,3.000,0.000,0.000,0.000,0,0,0
B3_zmq_pushpull,zmq_tcp,none,none,,1,641,512,584,1785153437102412000,1785153437102412000,1785153437102412000,1785153437102413000,1785153437102582000,1785153437102586000,1785153437102586000,1785153437102586000,121932490,121652369,-111.121,0.000,0.000,1.000,4.000,0.000,0.000,0.000,0,0,0
B3_zmq_pushpull,zmq_tcp,none,none,,1,642,512,584,1785153437103377000,1785153437103377000,1785153437103377000,1785153437103378000,1785153437103438000,1785153437103441000,1785153437103441000,1785153437103441000,121932490,121652369,-220.121,0.000,0.000,1.000,3.000,0.000,0.000,0.000,0,0,0
B3_zmq_pushpull,zmq_tcp,none,none,,1,643,512,584,1785153437104385000,1785153437104385000,1785153437104385000,1785153437104386000,1785153437104451000,1785153437104454000,1785153437104454000,1785153437104454000,121932490,121652369,-215.121,0.000,0.000,1.000,3.000,0.000,0.000,0.000,0,0,0
B3_zmq_pushpull,zmq_tcp,none,none,,1,644,512,584,1785153437105187000,1785153437105188000,1785153437105188000,1785153437105189000,1785153437105334000,1785153437105337000,1785153437105337000,1785153437105337000,121932490,121652369,-135.121,1.000,0.000,1.000,3.000,0.000,0.000,0.000,0,0,0
B3_zmq_pushpull,zmq_tcp,none,none,,1,645,512,584,1785153437106187000,1785153437106187000,1785153437106187000,1785153437106188000,1785153437106346000,1785153437106349000,1785153437106349000,1785153437106349000,121932490,121652369,-122.121,0.000,0.000,1.000,3.000,0.000,0.000,0.000,0,0,0
B3_zmq_pushpull,zmq_tcp,none,none,,1,646,512,584,1785153437107435000,1785153437107435000,1785153437107435000,1785153437107436000,1785153437107593000,1785153437107597000,1785153437107597000,1785153437107597000,121932490,121652369,-123.121,0.000,0.000,1.000,4.000,0.000,0.000,0.000,0,0,0
B3_zmq_pushpull,zmq_tcp,none,none,,1,647,512,584,1785153437108368000,1785153437108368000,1785153437108368000,1785153437108369000,1785153437108449000,1785153437108451000,1785153437108452000,1785153437108452000,121932490,121652369,-200.121,0.000,0.000,1.000,2.000,1.000,0.000,0.000,0,0,0
B3_zmq_pushpull,zmq_tcp,none,none,,1,648,512,584,1785153437109388000,1785153437109388000,1785153437109389000,1785153437109389000,1785153437109461000,1785153437109464000,1785153437109464000,1785153437109464000,121932490,121652369,-208.121,0.000,1.000,0.000,3.000,0.000,0.000,0.000,0,0,0
B3_zmq_pushpull,zmq_tcp,none,none,,1,649,512,584,1785153437110382000,1785153437110383000,1785153437110383000,1785153437110384000,1785153437110475000,1785153437110478000,1785153437110478000,1785153437110478000,121932490,121652369,-189.121,1.000,0.000,1.000,3.000,0.000,0.000,0.000,0,0,0
B3_zmq_pushpull,zmq_tcp,none,none,,1,650,512,584,1785153437111383000,1785153437111384000,1785153437111384000,1785153437111385000,1785153437111491000,1785153437111494000,1785153437111494000,1785153437111494000,121932490,121652369,-174.121,1.000,0.000,1.000,3.000,0.000,0.000,0.000,0,0,0
B3_zmq_pushpull,zmq_tcp,none,none,,1,651,512,584,1785153437112380000,1785153437112380000,1785153437112380000,1785153437112381000,1785153437112504000,1785153437112507000,1785153437112507000,1785153437112507000,121932490,121652369,-157.121,0.000,0.000,1.000,3.000,0.000,0.000,0.000,0,0,0
B3_zmq_pushpull,zmq_tcp,none,none,,1,652,512,584,1785153437113388000,1785153437113388000,1785153437113389000,1785153437113389000,1785153437113514000,1785153437113517000,1785153437113517000,1785153437113517000,121932490,121652369,-155.121,0.000,1.000,0.000,3.000,0.000,0.000,0.000,0,0,0
B3_zmq_pushpull,zmq_tcp,none,none,,1,653,512,584,1785153437114382000,1785153437114382000,1785153437114383000,1785153437114383000,1785153437114525000,1785153437114528000,1785153437114528000,1785153437114528000,121932490,121652369,-138.121,0.000,1.000,0.000,3.000,0.000,0.000,0.000,0,0,0
B3_zmq_pushpull,zmq_tcp,none,none,,1,654,512,584,1785153437115385000,1785153437115385000,1785153437115385000,1785153437115386000,1785153437115522000,1785153437115525000,1785153437115525000,1785153437115525000,121932490,121652369,-144.121,0.000,0.000,1.000,3.000,0.000,0.000,0.000,0,0,0
B3_zmq_pushpull,zmq_tcp,none,none,,1,655,512,584,1785153437116382000,1785153437116382000,1785153437116382000,1785153437116383000,1785153437116536000,1785153437116538000,1785153437116539000,1785153437116539000,121932490,121652369,-127.121,0.000,0.000,1.000,2.000,1.000,0.000,0.000,0,0,0
B3_zmq_pushpull,zmq_tcp,none,none,,1,656,512,584,1785153437117385000,1785153437117385000,1785153437117385000,1785153437117386000,1785153437117558000,1785153437117561000,1785153437117561000,1785153437117561000,121932490,121652369,-108.121,0.000,0.000,1.000,3.000,0.000,0.000,0.000,0,0,0
B3_zmq_pushpull,zmq_tcp,none,none,,1,657,512,584,1785153437118247000,1785153437118247000,1785153437118247000,1785153437118248000,1785153437118409000,1785153437118411000,1785153437118411000,1785153437118411000,121932490,121652369,-119.121,0.000,0.000,1.000,2.000,0.000,0.000,0.000,0,0,0
B3_zmq_pushpull,zmq_tcp,none,none,,1,658,512,584,1785153437119419000,1785153437119420000,1785153437119420000,1785153437119421000,1785153437119557000,1785153437119559000,1785153437119559000,1785153437119559000,121932490,121652369,-144.121,1.000,0.000,1.000,2.000,0.000,0.000,0.000,0,0,0
B3_zmq_pushpull,zmq_tcp,none,none,,1,659,512,584,1785153437120377000,1785153437120377000,1785153437120377000,1785153437120378000,1785153437120550000,1785153437120553000,1785153437120553000,1785153437120553000,121932490,121652369,-108.121,0.000,0.000,1.000,3.000,0.000,0.000,0.000,0,0,0
B3_zmq_pushpull,zmq_tcp,none,none,,1,660,512,584,1785153437121385000,1785153437121385000,1785153437121386000,1785153437121386000,1785153437121551000,1785153437121554000,1785153437121554000,1785153437121554000,121932490,121652369,-115.121,0.000,1.000,0.000,3.000,0.000,0.000,0.000,0,0,0
B3_zmq_pushpull,zmq_tcp,none,none,,1,661,512,584,1785153437122259000,1785153437122260000,1785153437122260000,1785153437122261000,1785153437122416000,1785153437122419000,1785153437122419000,1785153437122419000,121932490,121652369,-125.121,1.000,0.000,1.000,3.000,0.000,0.000,0.000,0,0,0
B3_zmq_pushpull,zmq_tcp,none,none,,1,662,512,584,1785153437123265000,1785153437123265000,1785153437123265000,1785153437123266000,1785153437123422000,1785153437123426000,1785153437123426000,1785153437123426000,121932490,121652369,-124.121,0.000,0.000,1.000,4.000,0.000,0.000,0.000,0,0,0
B3_zmq_pushpull,zmq_tcp,none,none,,1,663,512,584,1785153437124281000,1785153437124281000,1785153437124281000,1785153437124282000,1785153437124442000,1785153437124445000,1785153437124445000,1785153437124445000,121932490,121652369,-120.121,0.000,0.000,1.000,3.000,0.000,0.000,0.000,0,0,0
B3_zmq_pushpull,zmq_tcp,none,none,,1,664,512,584,1785153437125409000,1785153437125409000,1785153437125409000,1785153437125410000,1785153437125587000,1785153437125590000,1785153437125590000,1785153437125590000,121932490,121652369,-103.121,0.000,0.000,1.000,3.000,0.000,0.000,0.000,0,0,0
B3_zmq_pushpull,zmq_tcp,none,none,,1,665,512,584,1785153437126298000,1785153437126299000,1785153437126299000,1785153437126300000,1785153437126454000,1785153437126458000,1785153437126459000,1785153437126459000,121932490,121652369,-126.121,1.000,0.000,1.000,4.000,1.000,0.000,0.000,0,0,0
B3_zmq_pushpull,zmq_tcp,none,none,,1,666,512,584,1785153437127403000,1785153437127403000,1785153437127403000,1785153437127404000,1785153437127584000,1785153437127587000,1785153437127587000,1785153437127587000,121932490,121652369,-100.121,0.000,0.000,1.000,3.000,0.000,0.000,0.000,0,0,0
B3_zmq_pushpull,zmq_tcp,none,none,,1,667,512,584,1785153437128288000,1785153437128288000,1785153437128288000,1785153437128289000,1785153437128432000,1785153437128435000,1785153437128435000,1785153437128435000,121932490,121652369,-137.121,0.000,0.000,1.000,3.000,0.000,0.000,0.000,0,0,0
B3_zmq_pushpull,zmq_tcp,none,none,,1,668,512,584,1785153437129407000,1785153437129407000,1785153437129407000,1785153437129408000,1785153437129567000,1785153437129570000,1785153437129570000,1785153437129570000,121932490,121652369,-121.121,0.000,0.000,1.000,3.000,0.000,0.000,0.000,0,0,0
B3_zmq_pushpull,zmq_tcp,none,none,,1,669,512,584,1785153437130378000,1785153437130379000,1785153437130379000,1785153437130380000,1785153437130567000,1785153437130570000,1785153437130570000,1785153437130570000,121932490,121652369,-93.121,1.000,0.000,1.000,3.000,0.000,0.000,0.000,0,0,0
B3_zmq_pushpull,zmq_tcp,none,none,,1,670,512,584,1785153437131384000,1785153437131384000,1785153437131384000,1785153437131385000,1785153437131573000,1785153437131576000,1785153437131576000,1785153437131576000,121932490,121652369,-92.121,0.000,0.000,1.000,3.000,0.000,0.000,0.000,0,0,0
B3_zmq_pushpull,zmq_tcp,none,none,,1,671,512,584,1785153437132281000,1785153437132282000,1785153437132282000,1785153437132283000,1785153437132442000,1785153437132445000,1785153437132445000,1785153437132445000,121932490,121652369,-121.121,1.000,0.000,1.000,3.000,0.000,0.000,0.000,0,0,0
B3_zmq_pushpull,zmq_tcp,none,none,,1,672,512,584,1785153437133409000,1785153437133409000,1785153437133409000,1785153437133410000,1785153437133575000,1785153437133578000,1785153437133578000,1785153437133578000,121932490,121652369,-115.121,0.000,0.000,1.000,3.000,0.000,0.000,0.000,0,0,0
B3_zmq_pushpull,zmq_tcp,none,none,,1,673,512,584,1785153437134377000,1785153437134377000,1785153437134377000,1785153437134378000,1785153437134450000,1785153437134454000,1785153437134454000,1785153437134454000,121932490,121652369,-208.121,0.000,0.000,1.000,4.000,0.000,0.000,0.000,0,0,0
B3_zmq_pushpull,zmq_tcp,none,none,,1,674,512,584,1785153437135385000,1785153437135385000,1785153437135385000,1785153437135386000,1785153437135459000,1785153437135462000,1785153437135462000,1785153437135462000,121932490,121652369,-207.121,0.000,0.000,1.000,3.000,0.000,0.000,0.000,0,0,0
B3_zmq_pushpull,zmq_tcp,none,none,,1,675,512,584,1785153437136384000,1785153437136384000,1785153437136384000,1785153437136385000,1785153437136458000,1785153437136461000,1785153437136461000,1785153437136461000,121932490,121652369,-207.121,0.000,0.000,1.000,3.000,0.000,0.000,0.000,0,0,0
B3_zmq_pushpull,zmq_tcp,none,none,,1,676,512,584,1785153437137388000,1785153437137388000,1785153437137388000,1785153437137389000,1785153437137470000,1785153437137473000,1785153437137473000,1785153437137473000,121932490,121652369,-199.121,0.000,0.000,1.000,3.000,0.000,0.000,0.000,0,0,0
B3_zmq_pushpull,zmq_tcp,none,none,,1,677,512,584,1785153437138380000,1785153437138380000,1785153437138380000,1785153437138381000,1785153437138486000,1785153437138489000,1785153437138489000,1785153437138489000,121932490,121652369,-175.121,0.000,0.000,1.000,3.000,0.000,0.000,0.000,0,0,0
B3_zmq_pushpull,zmq_tcp,none,none,,1,678,512,584,1785153437139385000,1785153437139385000,1785153437139385000,1785153437139386000,1785153437139495000,1785153437139498000,1785153437139498000,1785153437139498000,121932490,121652369,-171.121,0.000,0.000,1.000,3.000,0.000,0.000,0.000,0,0,0
B3_zmq_pushpull,zmq_tcp,none,none,,1,679,512,584,1785153437140386000,1785153437140386000,1785153437140386000,1785153437140387000,1785153437140479000,1785153437140482000,1785153437140482000,1785153437140482000,121932490,121652369,-188.121,0.000,0.000,1.000,3.000,0.000,0.000,0.000,0,0,0
B3_zmq_pushpull,zmq_tcp,none,none,,1,680,512,584,1785153437141383000,1785153437141384000,1785153437141384000,1785153437141385000,1785153437141478000,1785153437141483000,1785153437141483000,1785153437141484000,121932490,121652369,-187.121,1.000,0.000,1.000,5.000,0.000,1.000,0.000,0,0,0
B3_zmq_pushpull,zmq_tcp,none,none,,1,681,512,584,1785153437142188000,1785153437142188000,1785153437142188000,1785153437142189000,1785153437142329000,1785153437142331000,1785153437142331000,1785153437142331000,121932490,121652369,-140.121,0.000,0.000,1.000,2.000,0.000,0.000,0.000,0,0,0
B3_zmq_pushpull,zmq_tcp,none,none,,1,682,512,584,1785153437143303000,1785153437143303000,1785153437143303000,1785153437143304000,1785153437143457000,1785153437143459000,1785153437143459000,1785153437143459000,121932490,121652369,-127.121,0.000,0.000,1.000,2.000,0.000,0.000,0.000,0,0,0
B3_zmq_pushpull,zmq_tcp,none,none,,1,683,512,584,1785153437144404000,1785153437144404000,1785153437144404000,1785153437144405000,1785153437144595000,1785153437144598000,1785153437144598000,1785153437144598000,121932490,121652369,-90.121,0.000,0.000,1.000,3.000,0.000,0.000,0.000,0,0,0
B3_zmq_pushpull,zmq_tcp,none,none,,1,684,512,584,1785153437145288000,1785153437145288000,1785153437145288000,1785153437145289000,1785153437145450000,1785153437145453000,1785153437145453000,1785153437145453000,121932490,121652369,-119.121,0.000,0.000,1.000,3.000,0.000,0.000,0.000,0,0,0
B3_zmq_pushpull,zmq_tcp,none,none,,1,685,512,584,1785153437146409000,1785153437146409000,1785153437146409000,1785153437146410000,1785153437146470000,1785153437146473000,1785153437146473000,1785153437146473000,121932490,121652369,-220.121,0.000,0.000,1.000,3.000,0.000,0.000,0.000,0,0,0
B3_zmq_pushpull,zmq_tcp,none,none,,1,686,512,584,1785153437147377000,1785153437147377000,1785153437147377000,1785153437147378000,1785153437147473000,1785153437147475000,1785153437147475000,1785153437147475000,121932490,121652369,-185.121,0.000,0.000,1.000,2.000,0.000,0.000,0.000,0,0,0
B3_zmq_pushpull,zmq_tcp,none,none,,1,687,512,584,1785153437148387000,1785153437148387000,1785153437148387000,1785153437148388000,1785153437148453000,1785153437148457000,1785153437148457000,1785153437148457000,121932490,121652369,-215.121,0.000,0.000,1.000,4.000,0.000,0.000,0.000,0,0,0
B3_zmq_pushpull,zmq_tcp,none,none,,1,688,512,584,1785153437149299000,1785153437149299000,1785153437149299000,1785153437149300000,1785153437149453000,1785153437149455000,1785153437149455000,1785153437149455000,121932490,121652369,-127.121,0.000,0.000,1.000,2.000,0.000,0.000,0.000,0,0,0
B3_zmq_pushpull,zmq_tcp,none,none,,1,689,512,584,1785153437150405000,1785153437150405000,1785153437150405000,1785153437150406000,1785153437150450000,1785153437150453000,1785153437150453000,1785153437150453000,121932490,121652369,-236.121,0.000,0.000,1.000,3.000,0.000,0.000,0.000,0,0,0
B3_zmq_pushpull,zmq_tcp,none,none,,1,690,512,584,1785153437151381000,1785153437151381000,1785153437151381000,1785153437151382000,1785153437151431000,1785153437151434000,1785153437151434000,1785153437151434000,121932490,121652369,-231.121,0.000,0.000,1.000,3.000,0.000,0.000,0.000,0,0,0
B3_zmq_pushpull,zmq_tcp,none,none,,1,691,512,584,1785153437152386000,1785153437152386000,1785153437152386000,1785153437152387000,1785153437152566000,1785153437152569000,1785153437152569000,1785153437152569000,121932490,121652369,-101.121,0.000,0.000,1.000,3.000,0.000,0.000,0.000,0,0,0
B3_zmq_pushpull,zmq_tcp,none,none,,1,692,512,584,1785153437153277000,1785153437153277000,1785153437153277000,1785153437153278000,1785153437153435000,1785153437153438000,1785153437153438000,1785153437153438000,121932490,121652369,-123.121,0.000,0.000,1.000,3.000,0.000,0.000,0.000,0,0,0
B3_zmq_pushpull,zmq_tcp,none,none,,1,693,512,584,1785153437154413000,1785153437154413000,1785153437154413000,1785153437154414000,1785153437154582000,1785153437154585000,1785153437154585000,1785153437154585000,121932490,121652369,-112.121,0.000,0.000,1.000,3.000,0.000,0.000,0.000,0,0,0
B3_zmq_pushpull,zmq_tcp,none,none,,1,694,512,584,1785153437155377000,1785153437155377000,1785153437155377000,1785153437155378000,1785153437155423000,1785153437155427000,1785153437155427000,1785153437155427000,121932490,121652369,-235.121,0.000,0.000,1.000,4.000,0.000,0.000,0.000,0,0,0
B3_zmq_pushpull,zmq_tcp,none,none,,1,695,512,584,1785153437156385000,1785153437156385000,1785153437156386000,1785153437156386000,1785153437156557000,1785153437156559000,1785153437156559000,1785153437156559000,121932490,121652369,-109.121,0.000,1.000,0.000,2.000,0.000,0.000,0.000,0,0,0
B3_zmq_pushpull,zmq_tcp,none,none,,1,696,512,584,1785153437157380000,1785153437157380000,1785153437157381000,1785153437157381000,1785153437157425000,1785153437157428000,1785153437157428000,1785153437157428000,121932490,121652369,-236.121,0.000,1.000,0.000,3.000,0.000,0.000,0.000,0,0,0
B3_zmq_pushpull,zmq_tcp,none,none,,1,697,512,584,1785153437158388000,1785153437158388000,1785153437158388000,1785153437158389000,1785153437158575000,1785153437158578000,1785153437158578000,1785153437158578000,121932490,121652369,-94.121,0.000,0.000,1.000,3.000,0.000,0.000,0.000,0,0,0
B3_zmq_pushpull,zmq_tcp,none,none,,1,698,512,584,1785153437159291000,1785153437159291000,1785153437159291000,1785153437159292000,1785153437159453000,1785153437159456000,1785153437159457000,1785153437159457000,121932490,121652369,-119.121,0.000,0.000,1.000,3.000,1.000,0.000,0.000,0,0,0
B3_zmq_pushpull,zmq_tcp,none,none,,1,699,512,584,1785153437160408000,1785153437160408000,1785153437160408000,1785153437160409000,1785153437160581000,1785153437160583000,1785153437160583000,1785153437160583000,121932490,121652369,-108.121,0.000,0.000,1.000,2.000,0.000,0.000,0.000,0,0,0
B3_zmq_pushpull,zmq_tcp,none,none,,1,700,512,584,1785153437161298000,1785153437161298000,1785153437161298000,1785153437161299000,1785153437161458000,1785153437161461000,1785153437161461000,1785153437161461000,121932490,121652369,-121.121,0.000,0.000,1.000,3.000,0.000,0.000,0.000,0,0,0
B3_zmq_pushpull,zmq_tcp,none,none,,1,701,512,584,1785153437162314000,1785153437162314000,1785153437162314000,1785153437162315000,1785153437162469000,1785153437162472000,1785153437162472000,1785153437162472000,121932490,121652369,-126.121,0.000,0.000,1.000,3.000,0.000,0.000,0.000,0,0,0
B3_zmq_pushpull,zmq_tcp,none,none,,1,702,512,584,1785153437163313000,1785153437163313000,1785153437163313000,1785153437163314000,1785153437163466000,1785153437163469000,1785153437163469000,1785153437163469000,121932490,121652369,-128.121,0.000,0.000,1.000,3.000,0.000,0.000,0.000,0,0,0
B3_zmq_pushpull,zmq_tcp,none,none,,1,703,512,584,1785153437164403000,1785153437164403000,1785153437164403000,1785153437164404000,1785153437164454000,1785153437164456000,1785153437164456000,1785153437164456000,121932490,121652369,-230.121,0.000,0.000,1.000,2.000,0.000,0.000,0.000,0,0,0
B3_zmq_pushpull,zmq_tcp,none,none,,1,704,512,584,1785153437165379000,1785153437165379000,1785153437165379000,1785153437165380000,1785153437165469000,1785153437165472000,1785153437165472000,1785153437165472000,121932490,121652369,-191.121,0.000,0.000,1.000,3.000,0.000,0.000,0.000,0,0,0
B3_zmq_pushpull,zmq_tcp,none,none,,1,705,512,584,1785153437166386000,1785153437166386000,1785153437166386000,1785153437166387000,1785153437166473000,1785153437166476000,1785153437166476000,1785153437166476000,121932490,121652369,-194.121,0.000,0.000,1.000,3.000,0.000,0.000,0.000,0,0,0
B3_zmq_pushpull,zmq_tcp,none,none,,1,706,512,584,1785153437167384000,1785153437167384000,1785153437167384000,1785153437167385000,1785153437167454000,1785153437167457000,1785153437167457000,1785153437167457000,121932490,121652369,-211.121,0.000,0.000,1.000,3.000,0.000,0.000,0.000,0,0,0
B3_zmq_pushpull,zmq_tcp,none,none,,1,707,512,584,1785153437168386000,1785153437168387000,1785153437168387000,1785153437168388000,1785153437168457000,1785153437168461000,1785153437168461000,1785153437168461000,121932490,121652369,-211.121,1.000,0.000,1.000,4.000,0.000,0.000,0.000,0,0,0
B3_zmq_pushpull,zmq_tcp,none,none,,1,708,512,584,1785153437169384000,1785153437169384000,1785153437169384000,1785153437169385000,1785153437169459000,1785153437169462000,1785153437169462000,1785153437169462000,121932490,121652369,-206.121,0.000,0.000,1.000,3.000,0.000,0.000,0.000,0,0,0
B3_zmq_pushpull,zmq_tcp,none,none,,1,709,512,584,1785153437170384000,1785153437170384000,1785153437170384000,1785153437170385000,1785153437170458000,1785153437170461000,1785153437170461000,1785153437170461000,121932490,121652369,-207.121,0.000,0.000,1.000,3.000,0.000,0.000,0.000,0,0,0
B3_zmq_pushpull,zmq_tcp,none,none,,1,710,512,584,1785153437171384000,1785153437171384000,1785153437171384000,1785153437171385000,1785153437171465000,1785153437171468000,1785153437171468000,1785153437171468000,121932490,121652369,-200.121,0.000,0.000,1.000,3.000,0.000,0.000,0.000,0,0,0
B3_zmq_pushpull,zmq_tcp,none,none,,1,711,512,584,1785153437172186000,1785153437172186000,1785153437172187000,1785153437172188000,1785153437172328000,1785153437172331000,1785153437172331000,1785153437172331000,121932490,121652369,-140.121,0.000,1.000,1.000,3.000,0.000,0.000,0.000,0,0,0
B3_zmq_pushpull,zmq_tcp,none,none,,1,712,512,584,1785153437173286000,1785153437173286000,1785153437173286000,1785153437173287000,1785153437173446000,1785153437173449000,1785153437173449000,1785153437173449000,121932490,121652369,-121.121,0.000,0.000,1.000,3.000,0.000,0.000,0.000,0,0,0
B3_zmq_pushpull,zmq_tcp,none,none,,1,713,512,584,1785153437174411000,1785153437174411000,1785153437174411000,1785153437174412000,1785153437174592000,1785153437174594000,1785153437174594000,1785153437174594000,121932490,121652369,-100.121,0.000,0.000,1.000,2.000,0.000,0.000,0.000,0,0,0
B3_zmq_pushpull,zmq_tcp,none,none,,1,714,512,584,1785153437175302000,1785153437175302000,1785153437175302000,1785153437175303000,1785153437175461000,1785153437175464000,1785153437175464000,1785153437175464000,121932490,121652369,-122.121,0.000,0.000,1.000,3.000,0.000,0.000,0.000,0,0,0
B3_zmq_pushpull,zmq_tcp,none,none,,1,715,512,584,1785153437176309000,1785153437176309000,1785153437176309000,1785153437176310000,1785153437176463000,1785153437176466000,1785153437176466000,1785153437176467000,121932490,121652369,-127.121,0.000,0.000,1.000,3.000,0.000,1.000,0.000,0,0,0
B3_zmq_pushpull,zmq_tcp,none,none,,1,716,512,584,1785153437177403000,1785153437177403000,1785153437177403000,1785153437177404000,1785153437177454000,1785153437177457000,1785153437177457000,1785153437177457000,121932490,121652369,-230.121,0.000,0.000,1.000,3.000,0.000,0.000,0.000,0,0,0
B3_zmq_pushpull,zmq_tcp,none,none,,1,717,512,584,1785153437178380000,1785153437178381000,1785153437178381000,1785153437178382000,1785153437178451000,1785153437178454000,1785153437178454000,1785153437178454000,121932490,121652369,-211.121,1.000,0.000,1.000,3.000,0.000,0.000,0.000,0,0,0
B3_zmq_pushpull,zmq_tcp,none,none,,1,718,512,584,1785153437179381000,1785153437179381000,1785153437179382000,1785153437179382000,1785153437179460000,1785153437179463000,1785153437179463000,1785153437179463000,121932490,121652369,-202.121,0.000,1.000,0.000,3.000,0.000,0.000,0.000,0,0,0
B3_zmq_pushpull,zmq_tcp,none,none,,1,719,512,584,1785153437180386000,1785153437180386000,1785153437180386000,1785153437180387000,1785153437180478000,1785153437180481000,1785153437180481000,1785153437180481000,121932490,121652369,-189.121,0.000,0.000,1.000,3.000,0.000,0.000,0.000,0,0,0
B3_zmq_pushpull,zmq_tcp,none,none,,1,720,512,584,1785153437181384000,1785153437181384000,1785153437181384000,1785153437181385000,1785153437181495000,1785153437181498000,1785153437181498000,1785153437181498000,121932490,121652369,-170.121,0.000,0.000,1.000,3.000,0.000,0.000,0.000,0,0,0
B3_zmq_pushpull,zmq_tcp,none,none,,1,721,512,584,1785153437182385000,1785153437182385000,1785153437182385000,1785153437182386000,1785153437182497000,1785153437182500000,1785153437182500000,1785153437182500000,121932490,121652369,-169.121,0.000,0.000,1.000,3.000,0.000,0.000,0.000,0,0,0
B3_zmq_pushpull,zmq_tcp,none,none,,1,722,512,584,1785153437183384000,1785153437183384000,1785153437183384000,1785153437183385000,1785153437183516000,1785153437183518000,1785153437183518000,1785153437183518000,121932490,121652369,-149.121,0.000,0.000,1.000,2.000,0.000,0.000,0.000,0,0,0
B3_zmq_pushpull,zmq_tcp,none,none,,1,723,512,584,1785153437184384000,1785153437184384000,1785153437184384000,1785153437184385000,1785153437184521000,1785153437184524000,1785153437184524000,1785153437184524000,121932490,121652369,-144.121,0.000,0.000,1.000,3.000,0.000,0.000,0.000,0,0,0
B3_zmq_pushpull,zmq_tcp,none,none,,1,724,512,584,1785153437185384000,1785153437185384000,1785153437185384000,1785153437185385000,1785153437185518000,1785153437185521000,1785153437185521000,1785153437185521000,121932490,121652369,-147.121,0.000,0.000,1.000,3.000,0.000,0.000,0.000,0,0,0
B3_zmq_pushpull,zmq_tcp,none,none,,1,725,512,584,1785153437186387000,1785153437186387000,1785153437186387000,1785153437186388000,1785153437186524000,1785153437186526000,1785153437186526000,1785153437186526000,121932490,121652369,-144.121,0.000,0.000,1.000,2.000,0.000,0.000,0.000,0,0,0
B3_zmq_pushpull,zmq_tcp,none,none,,1,726,512,584,1785153437187384000,1785153437187384000,1785153437187384000,1785153437187385000,1785153437187530000,1785153437187533000,1785153437187533000,1785153437187533000,121932490,121652369,-135.121,0.000,0.000,1.000,3.000,0.000,0.000,0.000,0,0,0
B3_zmq_pushpull,zmq_tcp,none,none,,1,727,512,584,1785153437188385000,1785153437188385000,1785153437188385000,1785153437188386000,1785153437188549000,1785153437188552000,1785153437188552000,1785153437188552000,121932490,121652369,-117.121,0.000,0.000,1.000,3.000,0.000,0.000,0.000,0,0,0
B3_zmq_pushpull,zmq_tcp,none,none,,1,728,512,584,1785153437189264000,1785153437189264000,1785153437189264000,1785153437189265000,1785153437189412000,1785153437189414000,1785153437189414000,1785153437189414000,121932490,121652369,-133.121,0.000,0.000,1.000,2.000,0.000,0.000,0.000,0,0,0
B3_zmq_pushpull,zmq_tcp,none,none,,1,729,512,584,1785153437190414000,1785153437190415000,1785153437190415000,1785153437190416000,1785153437190530000,1785153437190533000,1785153437190533000,1785153437190533000,121932490,121652369,-166.121,1.000,0.000,1.000,3.000,0.000,0.000,0.000,0,0,0
B3_zmq_pushpull,zmq_tcp,none,none,,1,730,512,584,1785153437191376000,1785153437191376000,1785153437191377000,1785153437191377000,1785153437191520000,1785153437191522000,1785153437191522000,1785153437191522000,121932490,121652369,-137.121,0.000,1.000,0.000,2.000,0.000,0.000,0.000,0,0,0
B3_zmq_pushpull,zmq_tcp,none,none,,1,731,512,584,1785153437192387000,1785153437192387000,1785153437192387000,1785153437192388000,1785153437192525000,1785153437192528000,1785153437192528000,1785153437192528000,121932490,121652369,-143.121,0.000,0.000,1.000,3.000,0.000,0.000,0.000,0,0,0
B3_zmq_pushpull,zmq_tcp,none,none,,1,732,512,584,1785153437193383000,1785153437193383000,1785153437193383000,1785153437193384000,1785153437193546000,1785153437193549000,1785153437193549000,1785153437193549000,121932490,121652369,-118.121,0.000,0.000,1.000,3.000,0.000,0.000,0.000,0,0,0
B3_zmq_pushpull,zmq_tcp,none,none,,1,733,512,584,1785153437194385000,1785153437194385000,1785153437194385000,1785153437194386000,1785153437194564000,1785153437194566000,1785153437194566000,1785153437194566000,121932490,121652369,-102.121,0.000,0.000,1.000,2.000,0.000,0.000,0.000,0,0,0
B3_zmq_pushpull,zmq_tcp,none,none,,1,734,512,584,1785153437195384000,1785153437195384000,1785153437195384000,1785153437195385000,1785153437195443000,1785153437195447000,1785153437195447000,1785153437195447000,121932490,121652369,-222.121,0.000,0.000,1.000,4.000,0.000,0.000,0.000,0,0,0
B3_zmq_pushpull,zmq_tcp,none,none,,1,735,512,584,1785153437196387000,1785153437196387000,1785153437196387000,1785153437196388000,1785153437196462000,1785153437196465000,1785153437196465000,1785153437196465000,121932490,121652369,-206.121,0.000,0.000,1.000,3.000,0.000,0.000,0.000,0,0,0
B3_zmq_pushpull,zmq_tcp,none,none,,1,736,512,584,1785153437197189000,1785153437197189000,1785153437197189000,1785153437197190000,1785153437197330000,1785153437197333000,1785153437197333000,1785153437197333000,121932490,121652369,-140.121,0.000,0.000,1.000,3.000,0.000,0.000,0.000,0,0,0
B3_zmq_pushpull,zmq_tcp,none,none,,1,737,512,584,1785153437198433000,1785153437198434000,1785153437198434000,1785153437198435000,1785153437198470000,1785153437198473000,1785153437198473000,1785153437198473000,121932490,121652369,-245.121,1.000,0.000,1.000,3.000,0.000,0.000,0.000,0,0,0
B3_zmq_pushpull,zmq_tcp,none,none,,1,738,512,584,1785153437199372000,1785153437199372000,1785153437199372000,1785153437199373000,1785153437199449000,1785153437199452000,1785153437199452000,1785153437199452000,121932490,121652369,-204.121,0.000,0.000,1.000,3.000,0.000,0.000,0.000,0,0,0
B3_zmq_pushpull,zmq_tcp,none,none,,1,739,512,584,1785153437200278000,1785153437200278000,1785153437200278000,1785153437200279000,1785153437200427000,1785153437200430000,1785153437200430000,1785153437200430000,121932490,121652369,-132.121,0.000,0.000,1.000,3.000,0.000,0.000,0.000,0,0,0
B3_zmq_pushpull,zmq_tcp,none,none,,1,740,512,584,1785153437201409000,1785153437201410000,1785153437201410000,1785153437201411000,1785153437201588000,1785153437201590000,1785153437201590000,1785153437201590000,121932490,121652369,-103.121,1.000,0.000,1.000,2.000,0.000,0.000,0.000,0,0,0
B3_zmq_pushpull,zmq_tcp,none,none,,1,741,512,584,1785153437202377000,1785153437202378000,1785153437202378000,1785153437202379000,1785153437202456000,1785153437202459000,1785153437202459000,1785153437202459000,121932490,121652369,-203.121,1.000,0.000,1.000,3.000,0.000,0.000,0.000,0,0,0
B3_zmq_pushpull,zmq_tcp,none,none,,1,742,512,584,1785153437203391000,1785153437203391000,1785153437203391000,1785153437203392000,1785153437203456000,1785153437203458000,1785153437203458000,1785153437203458000,121932490,121652369,-216.121,0.000,0.000,1.000,2.000,0.000,0.000,0.000,0,0,0
B3_zmq_pushpull,zmq_tcp,none,none,,1,743,512,584,1785153437204303000,1785153437204303000,1785153437204303000,1785153437204304000,1785153437204461000,1785153437204464000,1785153437204464000,1785153437204464000,121932490,121652369,-123.121,0.000,0.000,1.000,3.000,0.000,0.000,0.000,0,0,0
B3_zmq_pushpull,zmq_tcp,none,none,,1,744,512,584,1785153437205405000,1785153437205405000,1785153437205405000,1785153437205406000,1785153437205458000,1785153437205461000,1785153437205461000,1785153437205461000,121932490,121652369,-228.121,0.000,0.000,1.000,3.000,0.000,0.000,0.000,0,0,0
B3_zmq_pushpull,zmq_tcp,none,none,,1,745,512,584,1785153437206379000,1785153437206379000,1785153437206379000,1785153437206381000,1785153437206446000,1785153437206449000,1785153437206449000,1785153437206449000,121932490,121652369,-215.121,0.000,0.000,2.000,3.000,0.000,0.000,0.000,0,0,0
B3_zmq_pushpull,zmq_tcp,none,none,,1,746,512,584,1785153437207389000,1785153437207389000,1785153437207389000,1785153437207390000,1785153437207443000,1785153437207447000,1785153437207447000,1785153437207447000,121932490,121652369,-227.121,0.000,0.000,1.000,4.000,0.000,0.000,0.000,0,0,0
B3_zmq_pushpull,zmq_tcp,none,none,,1,747,512,584,1785153437208380000,1785153437208380000,1785153437208380000,1785153437208381000,1785153437208439000,1785153437208442000,1785153437208442000,1785153437208442000,121932490,121652369,-222.121,0.000,0.000,1.000,3.000,0.000,0.000,0.000,0,0,0
B3_zmq_pushpull,zmq_tcp,none,none,,1,748,512,584,1785153437209386000,1785153437209387000,1785153437209387000,1785153437209388000,1785153437209450000,1785153437209453000,1785153437209453000,1785153437209453000,121932490,121652369,-218.121,1.000,0.000,1.000,3.000,0.000,0.000,0.000,0,0,0
B3_zmq_pushpull,zmq_tcp,none,none,,1,749,512,584,1785153437210384000,1785153437210384000,1785153437210384000,1785153437210385000,1785153437210450000,1785153437210454000,1785153437210454000,1785153437210454000,121932490,121652369,-215.121,0.000,0.000,1.000,4.000,0.000,0.000,0.000,0,0,0
B3_zmq_pushpull,zmq_tcp,none,none,,1,750,512,584,1785153437211384000,1785153437211384000,1785153437211384000,1785153437211385000,1785153437211445000,1785153437211448000,1785153437211448000,1785153437211448000,121932490,121652369,-220.121,0.000,0.000,1.000,3.000,0.000,0.000,0.000,0,0,0
B3_zmq_pushpull,zmq_tcp,none,none,,1,751,512,584,1785153437212381000,1785153437212382000,1785153437212382000,1785153437212383000,1785153437212441000,1785153437212444000,1785153437212444000,1785153437212444000,121932490,121652369,-222.121,1.000,0.000,1.000,3.000,0.000,0.000,0.000,0,0,0
B3_zmq_pushpull,zmq_tcp,none,none,,1,752,512,584,1785153437213386000,1785153437213386000,1785153437213386000,1785153437213387000,1785153437213430000,1785153437213434000,1785153437213434000,1785153437213434000,121932490,121652369,-237.121,0.000,0.000,1.000,4.000,0.000,0.000,0.000,0,0,0
B3_zmq_pushpull,zmq_tcp,none,none,,1,753,512,584,1785153437214384000,1785153437214384000,1785153437214384000,1785153437214385000,1785153437214448000,1785153437214450000,1785153437214450000,1785153437214450000,121932490,121652369,-217.121,0.000,0.000,1.000,2.000,0.000,0.000,0.000,0,0,0
B3_zmq_pushpull,zmq_tcp,none,none,,1,754,512,584,1785153437215385000,1785153437215385000,1785153437215385000,1785153437215386000,1785153437215465000,1785153437215468000,1785153437215468000,1785153437215468000,121932490,121652369,-201.121,0.000,0.000,1.000,3.000,0.000,0.000,0.000,0,0,0
B3_zmq_pushpull,zmq_tcp,none,none,,1,755,512,584,1785153437216192000,1785153437216192000,1785153437216192000,1785153437216193000,1785153437216333000,1785153437216336000,1785153437216336000,1785153437216336000,121932490,121652369,-140.121,0.000,0.000,1.000,3.000,0.000,0.000,0.000,0,0,0
B3_zmq_pushpull,zmq_tcp,none,none,,1,756,512,584,1785153437217195000,1785153437217195000,1785153437217195000,1785153437217196000,1785153437217347000,1785153437217350000,1785153437217350000,1785153437217350000,121932490,121652369,-129.121,0.000,0.000,1.000,3.000,0.000,0.000,0.000,0,0,0
B3_zmq_pushpull,zmq_tcp,none,none,,1,757,512,584,1785153437218432000,1785153437218433000,1785153437218433000,1785153437218434000,1785153437218490000,1785153437218494000,1785153437218494000,1785153437218494000,121932490,121652369,-224.121,1.000,0.000,1.000,4.000,0.000,0.000,0.000,0,0,0
B3_zmq_pushpull,zmq_tcp,none,none,,1,758,512,584,1785153437219369000,1785153437219369000,1785153437219370000,1785153437219370000,1785153437219478000,1785153437219481000,1785153437219481000,1785153437219481000,121932490,121652369,-172.121,0.000,1.000,0.000,3.000,0.000,0.000,0.000,0,0,0
B3_zmq_pushpull,zmq_tcp,none,none,,1,759,512,584,1785153437220388000,1785153437220388000,1785153437220388000,1785153437220389000,1785153437220465000,1785153437220468000,1785153437220468000,1785153437220468000,121932490,121652369,-204.121,0.000,0.000,1.000,3.000,0.000,0.000,0.000,0,0,0
B3_zmq_pushpull,zmq_tcp,none,none,,1,760,512,584,1785153437221387000,1785153437221387000,1785153437221387000,1785153437221388000,1785153437221474000,1785153437221477000,1785153437221477000,1785153437221477000,121932490,121652369,-194.121,0.000,0.000,1.000,3.000,0.000,0.000,0.000,0,0,0
B3_zmq_pushpull,zmq_tcp,none,none,,1,761,512,584,1785153437222384000,1785153437222384000,1785153437222384000,1785153437222385000,1785153437222481000,1785153437222484000,1785153437222484000,1785153437222484000,121932490,121652369,-184.121,0.000,0.000,1.000,3.000,0.000,0.000,0.000,0,0,0
B3_zmq_pushpull,zmq_tcp,none,none,,1,762,512,584,1785153437223192000,1785153437223192000,1785153437223192000,1785153437223193000,1785153437223334000,1785153437223337000,1785153437223337000,1785153437223337000,121932490,121652369,-139.121,0.000,0.000,1.000,3.000,0.000,0.000,0.000,0,0,0
B3_zmq_pushpull,zmq_tcp,none,none,,1,763,512,584,1785153437224188000,1785153437224188000,1785153437224188000,1785153437224189000,1785153437224326000,1785153437224328000,1785153437224328000,1785153437224328000,121932490,121652369,-143.121,0.000,0.000,1.000,2.000,0.000,0.000,0.000,0,0,0
B3_zmq_pushpull,zmq_tcp,none,none,,1,764,512,584,1785153437225434000,1785153437225434000,1785153437225434000,1785153437225435000,1785153437225618000,1785153437225622000,1785153437225622000,1785153437225622000,121932490,121652369,-97.121,0.000,0.000,1.000,4.000,0.000,0.000,0.000,0,0,0
B3_zmq_pushpull,zmq_tcp,none,none,,1,765,512,584,1785153437226368000,1785153437226368000,1785153437226368000,1785153437226369000,1785153437226472000,1785153437226474000,1785153437226474000,1785153437226474000,121932490,121652369,-177.121,0.000,0.000,1.000,2.000,0.000,0.000,0.000,0,0,0
B3_zmq_pushpull,zmq_tcp,none,none,,1,766,512,584,1785153437227387000,1785153437227388000,1785153437227388000,1785153437227389000,1785153437227460000,1785153437227462000,1785153437227462000,1785153437227462000,121932490,121652369,-209.121,1.000,0.000,1.000,2.000,0.000,0.000,0.000,0,0,0
B3_zmq_pushpull,zmq_tcp,none,none,,1,767,512,584,1785153437228384000,1785153437228384000,1785153437228384000,1785153437228385000,1785153437228478000,1785153437228481000,1785153437228481000,1785153437228481000,121932490,121652369,-187.121,0.000,0.000,1.000,3.000,0.000,0.000,0.000,0,0,0
B3_zmq_pushpull,zmq_tcp,none,none,,1,768,512,584,1785153437229387000,1785153437229387000,1785153437229387000,1785153437229388000,1785153437229488000,1785153437229490000,1785153437229490000,1785153437229490000,121932490,121652369,-180.121,0.000,0.000,1.000,2.000,0.000,0.000,0.000,0,0,0
B3_zmq_pushpull,zmq_tcp,none,none,,1,769,512,584,1785153437230388000,1785153437230388000,1785153437230388000,1785153437230389000,1785153437230498000,1785153437230501000,1785153437230501000,1785153437230501000,121932490,121652369,-171.121,0.000,0.000,1.000,3.000,0.000,0.000,0.000,0,0,0
B3_zmq_pushpull,zmq_tcp,none,none,,1,770,512,584,1785153437231387000,1785153437231387000,1785153437231387000,1785153437231388000,1785153437231504000,1785153437231506000,1785153437231506000,1785153437231506000,121932490,121652369,-164.121,0.000,0.000,1.000,2.000,0.000,0.000,0.000,0,0,0
B3_zmq_pushpull,zmq_tcp,none,none,,1,771,512,584,1785153437232384000,1785153437232384000,1785153437232384000,1785153437232385000,1785153437232508000,1785153437232511000,1785153437232511000,1785153437232511000,121932490,121652369,-157.121,0.000,0.000,1.000,3.000,0.000,0.000,0.000,0,0,0
B3_zmq_pushpull,zmq_tcp,none,none,,1,772,512,584,1785153437233384000,1785153437233384000,1785153437233384000,1785153437233385000,1785153437233504000,1785153437233506000,1785153437233506000,1785153437233506000,121932490,121652369,-161.121,0.000,0.000,1.000,2.000,0.000,0.000,0.000,0,0,0
B3_zmq_pushpull,zmq_tcp,none,none,,1,773,512,584,1785153437234381000,1785153437234381000,1785153437234382000,1785153437234382000,1785153437234503000,1785153437234505000,1785153437234505000,1785153437234505000,121932490,121652369,-159.121,0.000,1.000,0.000,2.000,0.000,0.000,0.000,0,0,0
B3_zmq_pushpull,zmq_tcp,none,none,,1,774,512,584,1785153437235388000,1785153437235388000,1785153437235388000,1785153437235389000,1785153437235516000,1785153437235518000,1785153437235518000,1785153437235518000,121932490,121652369,-153.121,0.000,0.000,1.000,2.000,0.000,0.000,0.000,0,0,0
B3_zmq_pushpull,zmq_tcp,none,none,,1,775,512,584,1785153437236225000,1785153437236225000,1785153437236225000,1785153437236226000,1785153437236384000,1785153437236386000,1785153437236386000,1785153437236386000,121932490,121652369,-122.121,0.000,0.000,1.000,2.000,0.000,0.000,0.000,0,0,0
B3_zmq_pushpull,zmq_tcp,none,none,,1,776,512,584,1785153437237427000,1785153437237427000,1785153437237427000,1785153437237428000,1785153437237534000,1785153437237537000,1785153437237537000,1785153437237537000,121932490,121652369,-174.121,0.000,0.000,1.000,3.000,0.000,0.000,0.000,0,0,0
B3_zmq_pushpull,zmq_tcp,none,none,,1,777,512,584,1785153437238371000,1785153437238371000,1785153437238371000,1785153437238372000,1785153437238548000,1785153437238550000,1785153437238550000,1785153437238550000,121932490,121652369,-104.121,0.000,0.000,1.000,2.000,0.000,0.000,0.000,0,0,0
B3_zmq_pushpull,zmq_tcp,none,none,,1,778,512,584,1785153437239388000,1785153437239389000,1785153437239389000,1785153437239390000,1785153437239560000,1785153437239563000,1785153437239563000,1785153437239563000,121932490,121652369,-110.121,1.000,0.000,1.000,3.000,0.000,0.000,0.000,0,0,0
B3_zmq_pushpull,zmq_tcp,none,none,,1,779,512,584,1785153437240383000,1785153437240383000,1785153437240383000,1785153437240384000,1785153437240429000,1785153437240432000,1785153437240432000,1785153437240432000,121932490,121652369,-235.121,0.000,0.000,1.000,3.000,0.000,0.000,0.000,0,0,0
B3_zmq_pushpull,zmq_tcp,none,none,,1,780,512,584,1785153437241386000,1785153437241386000,1785153437241386000,1785153437241387000,1785153437241437000,1785153437241440000,1785153437241440000,1785153437241440000,121932490,121652369,-230.121,0.000,0.000,1.000,3.000,0.000,0.000,0.000,0,0,0
B3_zmq_pushpull,zmq_tcp,none,none,,1,781,512,584,1785153437242387000,1785153437242388000,1785153437242388000,1785153437242389000,1785153437242441000,1785153437242444000,1785153437242444000,1785153437242444000,121932490,121652369,-228.121,1.000,0.000,1.000,3.000,0.000,0.000,0.000,0,0,0
B3_zmq_pushpull,zmq_tcp,none,none,,1,782,512,584,1785153437243386000,1785153437243386000,1785153437243386000,1785153437243387000,1785153437243446000,1785153437243449000,1785153437243449000,1785153437243449000,121932490,121652369,-221.121,0.000,0.000,1.000,3.000,0.000,0.000,0.000,0,0,0
B3_zmq_pushpull,zmq_tcp,none,none,,1,783,512,584,1785153437244384000,1785153437244385000,1785153437244385000,1785153437244386000,1785153437244449000,1785153437244452000,1785153437244452000,1785153437244452000,121932490,121652369,-217.121,1.000,0.000,1.000,3.000,0.000,0.000,0.000,0,0,0
B3_zmq_pushpull,zmq_tcp,none,none,,1,784,512,584,1785153437245387000,1785153437245387000,1785153437245387000,1785153437245388000,1785153437245457000,1785153437245460000,1785153437245460000,1785153437245461000,121932490,121652369,-211.121,0.000,0.000,1.000,3.000,0.000,1.000,0.000,0,0,0
B3_zmq_pushpull,zmq_tcp,none,none,,1,785,512,584,1785153437246383000,1785153437246383000,1785153437246383000,1785153437246384000,1785153437246465000,1785153437246468000,1785153437246468000,1785153437246468000,121932490,121652369,-199.121,0.000,0.000,1.000,3.000,0.000,0.000,0.000,0,0,0
B3_zmq_pushpull,zmq_tcp,none,none,,1,786,512,584,1785153437247384000,1785153437247385000,1785153437247385000,1785153437247386000,1785153437247461000,1785153437247464000,1785153437247464000,1785153437247464000,121932490,121652369,-205.121,1.000,0.000,1.000,3.000,0.000,0.000,0.000,0,0,0
B3_zmq_pushpull,zmq_tcp,none,none,,1,787,512,584,1785153437248385000,1785153437248385000,1785153437248385000,1785153437248386000,1785153437248448000,1785153437248451000,1785153437248451000,1785153437248451000,121932490,121652369,-218.121,0.000,0.000,1.000,3.000,0.000,0.000,0.000,0,0,0
B3_zmq_pushpull,zmq_tcp,none,none,,1,788,512,584,1785153437249387000,1785153437249387000,1785153437249387000,1785153437249388000,1785153437249462000,1785153437249465000,1785153437249465000,1785153437249465000,121932490,121652369,-206.121,0.000,0.000,1.000,3.000,0.000,0.000,0.000,0,0,0
B3_zmq_pushpull,zmq_tcp,none,none,,1,789,512,584,1785153437250381000,1785153437250381000,1785153437250381000,1785153437250382000,1785153437250479000,1785153437250482000,1785153437250482000,1785153437250482000,121932490,121652369,-183.121,0.000,0.000,1.000,3.000,0.000,0.000,0.000,0,0,0
B3_zmq_pushpull,zmq_tcp,none,none,,1,790,512,584,1785153437251388000,1785153437251388000,1785153437251388000,1785153437251389000,1785153437251499000,1785153437251501000,1785153437251501000,1785153437251501000,121932490,121652369,-170.121,0.000,0.000,1.000,2.000,0.000,0.000,0.000,0,0,0
B3_zmq_pushpull,zmq_tcp,none,none,,1,791,512,584,1785153437252386000,1785153437252387000,1785153437252387000,1785153437252388000,1785153437252511000,1785153437252513000,1785153437252513000,1785153437252513000,121932490,121652369,-157.121,1.000,0.000,1.000,2.000,0.000,0.000,0.000,0,0,0
B3_zmq_pushpull,zmq_tcp,none,none,,1,792,512,584,1785153437253384000,1785153437253384000,1785153437253384000,1785153437253385000,1785153437253514000,1785153437253517000,1785153437253517000,1785153437253517000,121932490,121652369,-151.121,0.000,0.000,1.000,3.000,0.000,0.000,0.000,0,0,0
B3_zmq_pushpull,zmq_tcp,none,none,,1,793,512,584,1785153437254382000,1785153437254382000,1785153437254382000,1785153437254383000,1785153437254510000,1785153437254513000,1785153437254513000,1785153437254513000,121932490,121652369,-153.121,0.000,0.000,1.000,3.000,0.000,0.000,0.000,0,0,0
B3_zmq_pushpull,zmq_tcp,none,none,,1,794,512,584,1785153437255386000,1785153437255386000,1785153437255386000,1785153437255387000,1785153437255511000,1785153437255513000,1785153437255513000,1785153437255513000,121932490,121652369,-156.121,0.000,0.000,1.000,2.000,0.000,0.000,0.000,0,0,0
B3_zmq_pushpull,zmq_tcp,none,none,,1,795,512,584,1785153437256387000,1785153437256387000,1785153437256387000,1785153437256388000,1785153437256520000,1785153437256523000,1785153437256523000,1785153437256523000,121932490,121652369,-148.121,0.000,0.000,1.000,3.000,0.000,0.000,0.000,0,0,0
B3_zmq_pushpull,zmq_tcp,none,none,,1,796,512,584,1785153437257382000,1785153437257382000,1785153437257382000,1785153437257383000,1785153437257529000,1785153437257532000,1785153437257532000,1785153437257532000,121932490,121652369,-134.121,0.000,0.000,1.000,3.000,0.000,0.000,0.000,0,0,0
B3_zmq_pushpull,zmq_tcp,none,none,,1,797,512,584,1785153437258386000,1785153437258386000,1785153437258386000,1785153437258387000,1785153437258536000,1785153437258539000,1785153437258539000,1785153437258539000,121932490,121652369,-131.121,0.000,0.000,1.000,3.000,0.000,0.000,0.000,0,0,0
B3_zmq_pushpull,zmq_tcp,none,none,,1,798,512,584,1785153437259389000,1785153437259389000,1785153437259389000,1785153437259390000,1785153437259549000,1785153437259552000,1785153437259552000,1785153437259552000,121932490,121652369,-121.121,0.000,0.000,1.000,3.000,0.000,0.000,0.000,0,0,0
B3_zmq_pushpull,zmq_tcp,none,none,,1,799,512,584,1785153437260261000,1785153437260261000,1785153437260261000,1785153437260262000,1785153437260417000,1785153437260421000,1785153437260421000,1785153437260421000,121932490,121652369,-125.121,0.000,0.000,1.000,4.000,0.000,0.000,0.000,0,0,0
B3_zmq_pushpull,zmq_tcp,none,none,,1,800,512,584,1785153437261263000,1785153437261263000,1785153437261263000,1785153437261264000,1785153437261419000,1785153437261421000,1785153437261421000,1785153437261421000,121932490,121652369,-125.121,0.000,0.000,1.000,2.000,0.000,0.000,0.000,0,0,0
B3_zmq_pushpull,zmq_tcp,none,none,,1,801,512,584,1785153437262253000,1785153437262253000,1785153437262253000,1785153437262254000,1785153437262409000,1785153437262412000,1785153437262412000,1785153437262412000,121932490,121652369,-125.121,0.000,0.000,1.000,3.000,0.000,0.000,0.000,0,0,0
B3_zmq_pushpull,zmq_tcp,none,none,,1,802,512,584,1785153437263418000,1785153437263418000,1785153437263418000,1785153437263419000,1785153437263543000,1785153437263546000,1785153437263546000,1785153437263546000,121932490,121652369,-156.121,0.000,0.000,1.000,3.000,0.000,0.000,0.000,0,0,0
B3_zmq_pushpull,zmq_tcp,none,none,,1,803,512,584,1785153437264372000,1785153437264373000,1785153437264373000,1785153437264374000,1785153437264555000,1785153437264557000,1785153437264557000,1785153437264557000,121932490,121652369,-99.121,1.000,0.000,1.000,2.000,0.000,0.000,0.000,0,0,0
B3_zmq_pushpull,zmq_tcp,none,none,,1,804,512,584,1785153437265388000,1785153437265388000,1785153437265388000,1785153437265389000,1785153437265580000,1785153437265583000,1785153437265583000,1785153437265583000,121932490,121652369,-89.121,0.000,0.000,1.000,3.000,0.000,0.000,0.000,0,0,0
B3_zmq_pushpull,zmq_tcp,none,none,,1,805,512,584,1785153437266384000,1785153437266384000,1785153437266384000,1785153437266385000,1785153437266553000,1785153437266555000,1785153437266555000,1785153437266555000,121932490,121652369,-112.121,0.000,0.000,1.000,2.000,0.000,0.000,0.000,0,0,0
B3_zmq_pushpull,zmq_tcp,none,none,,1,806,512,584,1785153437267268000,1785153437267268000,1785153437267268000,1785153437267269000,1785153437267421000,1785153437267424000,1785153437267424000,1785153437267424000,121932490,121652369,-128.121,0.000,0.000,1.000,3.000,0.000,0.000,0.000,0,0,0
B3_zmq_pushpull,zmq_tcp,none,none,,1,807,512,584,1785153437268411000,1785153437268411000,1785153437268411000,1785153437268412000,1785153437268549000,1785153437268552000,1785153437268552000,1785153437268552000,121932490,121652369,-143.121,0.000,0.000,1.000,3.000,0.000,0.000,0.000,0,0,0
B3_zmq_pushpull,zmq_tcp,none,none,,1,808,512,584,1785153437269378000,1785153437269378000,1785153437269378000,1785153437269379000,1785153437269549000,1785153437269552000,1785153437269552000,1785153437269552000,121932490,121652369,-110.121,0.000,0.000,1.000,3.000,0.000,0.000,0.000,0,0,0
B3_zmq_pushpull,zmq_tcp,none,none,,1,809,512,584,1785153437270257000,1785153437270257000,1785153437270257000,1785153437270258000,1785153437270405000,1785153437270408000,1785153437270408000,1785153437270408000,121932490,121652369,-133.121,0.000,0.000,1.000,3.000,0.000,0.000,0.000,0,0,0
B3_zmq_pushpull,zmq_tcp,none,none,,1,810,512,584,1785153437271419000,1785153437271419000,1785153437271419000,1785153437271420000,1785153437271544000,1785153437271547000,1785153437271547000,1785153437271547000,121932490,121652369,-156.121,0.000,0.000,1.000,3.000,0.000,0.000,0.000,0,0,0
B3_zmq_pushpull,zmq_tcp,none,none,,1,811,512,584,1785153437272373000,1785153437272373000,1785153437272373000,1785153437272374000,1785153437272559000,1785153437272562000,1785153437272562000,1785153437272562000,121932490,121652369,-95.121,0.000,0.000,1.000,3.000,0.000,0.000,0.000,0,0,0
B3_zmq_pushpull,zmq_tcp,none,none,,1,812,512,584,1785153437273264000,1785153437273264000,1785153437273264000,1785153437273265000,1785153437273420000,1785153437273423000,1785153437273423000,1785153437273423000,121932490,121652369,-125.121,0.000,0.000,1.000,3.000,0.000,0.000,0.000,0,0,0
B3_zmq_pushpull,zmq_tcp,none,none,,1,813,512,584,1785153437274251000,1785153437274251000,1785153437274251000,1785153437274252000,1785153437274394000,1785153437274397000,1785153437274397000,1785153437274397000,121932490,121652369,-138.121,0.000,0.000,1.000,3.000,0.000,0.000,0.000,0,0,0
B3_zmq_pushpull,zmq_tcp,none,none,,1,814,512,584,1785153437275417000,1785153437275417000,1785153437275417000,1785153437275418000,1785153437275494000,1785153437275496000,1785153437275496000,1785153437275496000,121932490,121652369,-204.121,0.000,0.000,1.000,2.000,0.000,0.000,0.000,0,0,0
B3_zmq_pushpull,zmq_tcp,none,none,,1,815,512,584,1785153437276373000,1785153437276373000,1785153437276373000,1785153437276374000,1785153437276475000,1785153437276478000,1785153437276478000,1785153437276478000,121932490,121652369,-179.121,0.000,0.000,1.000,3.000,0.000,0.000,0.000,0,0,0
B3_zmq_pushpull,zmq_tcp,none,none,,1,816,512,584,1785153437277390000,1785153437277390000,1785153437277390000,1785153437277391000,1785153437277466000,1785153437277468000,1785153437277468000,1785153437277468000,121932490,121652369,-205.121,0.000,0.000,1.000,2.000,0.000,0.000,0.000,0,0,0
B3_zmq_pushpull,zmq_tcp,none,none,,1,817,512,584,1785153437278382000,1785153437278382000,1785153437278382000,1785153437278383000,1785153437278431000,1785153437278434000,1785153437278434000,1785153437278435000,121932490,121652369,-232.121,0.000,0.000,1.000,3.000,0.000,1.000,0.000,0,0,0
B3_zmq_pushpull,zmq_tcp,none,none,,1,818,512,584,1785153437279386000,1785153437279386000,1785153437279386000,1785153437279387000,1785153437279588000,1785153437279591000,1785153437279591000,1785153437279591000,121932490,121652369,-79.121,0.000,0.000,1.000,3.000,0.000,0.000,0.000,0,0,0
B3_zmq_pushpull,zmq_tcp,none,none,,1,819,512,584,1785153437280379000,1785153437280379000,1785153437280380000,1785153437280380000,1785153437280552000,1785153437280555000,1785153437280555000,1785153437280555000,121932490,121652369,-108.121,0.000,1.000,0.000,3.000,0.000,0.000,0.000,0,0,0
B3_zmq_pushpull,zmq_tcp,none,none,,1,820,512,584,1785153437281385000,1785153437281385000,1785153437281385000,1785153437281386000,1785153437281522000,1785153437281524000,1785153437281524000,1785153437281524000,121932490,121652369,-144.121,0.000,0.000,1.000,2.000,0.000,0.000,0.000,0,0,0
B3_zmq_pushpull,zmq_tcp,none,none,,1,821,512,584,1785153437282383000,1785153437282383000,1785153437282383000,1785153437282384000,1785153437282507000,1785153437282510000,1785153437282510000,1785153437282510000,121932490,121652369,-157.121,0.000,0.000,1.000,3.000,0.000,0.000,0.000,0,0,0
B3_zmq_pushpull,zmq_tcp,none,none,,1,822,512,584,1785153437283384000,1785153437283384000,1785153437283384000,1785153437283385000,1785153437283499000,1785153437283502000,1785153437283502000,1785153437283502000,121932490,121652369,-166.121,0.000,0.000,1.000,3.000,0.000,0.000,0.000,0,0,0
B3_zmq_pushpull,zmq_tcp,none,none,,1,823,512,584,1785153437284383000,1785153437284383000,1785153437284383000,1785153437284384000,1785153437284467000,1785153437284470000,1785153437284470000,1785153437284470000,121932490,121652369,-197.121,0.000,0.000,1.000,3.000,0.000,0.000,0.000,0,0,0
B3_zmq_pushpull,zmq_tcp,none,none,,1,824,512,584,1785153437285385000,1785153437285385000,1785153437285385000,1785153437285386000,1785153437285571000,1785153437285574000,1785153437285574000,1785153437285574000,121932490,121652369,-95.121,0.000,0.000,1.000,3.000,0.000,0.000,0.000,0,0,0
B3_zmq_pushpull,zmq_tcp,none,none,,1,825,512,584,1785153437286274000,1785153437286274000,1785153437286274000,1785153437286275000,1785153437286434000,1785153437286436000,1785153437286437000,1785153437286437000,121932490,121652369,-121.121,0.000,0.000,1.000,2.000,1.000,0.000,0.000,0,0,0
B3_zmq_pushpull,zmq_tcp,none,none,,1,826,512,584,1785153437287245000,1785153437287245000,1785153437287245000,1785153437287246000,1785153437287392000,1785153437287395000,1785153437287395000,1785153437287395000,121932490,121652369,-134.121,0.000,0.000,1.000,3.000,0.000,0.000,0.000,0,0,0
B3_zmq_pushpull,zmq_tcp,none,none,,1,827,512,584,1785153437288227000,1785153437288227000,1785153437288227000,1785153437288228000,1785153437288370000,1785153437288373000,1785153437288373000,1785153437288373000,121932490,121652369,-138.121,0.000,0.000,1.000,3.000,0.000,0.000,0.000,0,0,0
B3_zmq_pushpull,zmq_tcp,none,none,,1,828,512,584,1785153437289423000,1785153437289424000,1785153437289424000,1785153437289425000,1785153437289474000,1785153437289476000,1785153437289476000,1785153437289476000,121932490,121652369,-231.121,1.000,0.000,1.000,2.000,0.000,0.000,0.000,0,0,0
B3_zmq_pushpull,zmq_tcp,none,none,,1,829,512,584,1785153437290374000,1785153437290374000,1785153437290374000,1785153437290375000,1785153437290458000,1785153437290461000,1785153437290461000,1785153437290461000,121932490,121652369,-197.121,0.000,0.000,1.000,3.000,0.000,0.000,0.000,0,0,0
B3_zmq_pushpull,zmq_tcp,none,none,,1,830,512,584,1785153437291384000,1785153437291384000,1785153437291384000,1785153437291385000,1785153437291456000,1785153437291459000,1785153437291459000,1785153437291459000,121932490,121652369,-209.121,0.000,0.000,1.000,3.000,0.000,0.000,0.000,0,0,0
B3_zmq_pushpull,zmq_tcp,none,none,,1,831,512,584,1785153437292384000,1785153437292384000,1785153437292384000,1785153437292385000,1785153437292451000,1785153437292454000,1785153437292454000,1785153437292454000,121932490,121652369,-214.121,0.000,0.000,1.000,3.000,0.000,0.000,0.000,0,0,0
B3_zmq_pushpull,zmq_tcp,none,none,,1,832,512,584,1785153437293386000,1785153437293386000,1785153437293386000,1785153437293387000,1785153437293563000,1785153437293566000,1785153437293566000,1785153437293566000,121932490,121652369,-104.121,0.000,0.000,1.000,3.000,0.000,0.000,0.000,0,0,0
B3_zmq_pushpull,zmq_tcp,none,none,,1,833,512,584,1785153437294381000,1785153437294381000,1785153437294381000,1785153437294382000,1785153437294538000,1785153437294542000,1785153437294542000,1785153437294542000,121932490,121652369,-124.121,0.000,0.000,1.000,4.000,0.000,0.000,0.000,0,0,0
B3_zmq_pushpull,zmq_tcp,none,none,,1,834,512,584,1785153437295385000,1785153437295385000,1785153437295385000,1785153437295386000,1785153437295512000,1785153437295515000,1785153437295516000,1785153437295516000,121932490,121652369,-154.121,0.000,0.000,1.000,3.000,1.000,0.000,0.000,0,0,0
B3_zmq_pushpull,zmq_tcp,none,none,,1,835,512,584,1785153437296383000,1785153437296384000,1785153437296384000,1785153437296385000,1785153437296494000,1785153437296497000,1785153437296497000,1785153437296497000,121932490,121652369,-171.121,1.000,0.000,1.000,3.000,0.000,0.000,0.000,0,0,0
B3_zmq_pushpull,zmq_tcp,none,none,,1,836,512,584,1785153437297384000,1785153437297384000,1785153437297384000,1785153437297385000,1785153437297478000,1785153437297481000,1785153437297481000,1785153437297481000,121932490,121652369,-187.121,0.000,0.000,1.000,3.000,0.000,0.000,0.000,0,0,0
B3_zmq_pushpull,zmq_tcp,none,none,,1,837,512,584,1785153437298381000,1785153437298381000,1785153437298381000,1785153437298382000,1785153437298460000,1785153437298463000,1785153437298463000,1785153437298463000,121932490,121652369,-202.121,0.000,0.000,1.000,3.000,0.000,0.000,0.000,0,0,0
B3_zmq_pushpull,zmq_tcp,none,none,,1,838,512,584,1785153437299270000,1785153437299270000,1785153437299270000,1785153437299271000,1785153437299424000,1785153437299427000,1785153437299427000,1785153437299427000,121932490,121652369,-127.121,0.000,0.000,1.000,3.000,0.000,0.000,0.000,0,0,0
B3_zmq_pushpull,zmq_tcp,none,none,,1,839,512,584,1785153437300252000,1785153437300252000,1785153437300252000,1785153437300253000,1785153437300410000,1785153437300412000,1785153437300413000,1785153437300413000,121932490,121652369,-123.121,0.000,0.000,1.000,2.000,1.000,0.000,0.000,0,0,0
B3_zmq_pushpull,zmq_tcp,none,none,,1,840,512,584,1785153437301417000,1785153437301417000,1785153437301417000,1785153437301418000,1785153437301522000,1785153437301526000,1785153437301526000,1785153437301526000,121932490,121652369,-176.121,0.000,0.000,1.000,4.000,0.000,0.000,0.000,0,0,0
B3_zmq_pushpull,zmq_tcp,none,none,,1,841,512,584,1785153437302375000,1785153437302376000,1785153437302376000,1785153437302377000,1785153437302503000,1785153437302506000,1785153437302506000,1785153437302506000,121932490,121652369,-154.121,1.000,0.000,1.000,3.000,0.000,0.000,0.000,0,0,0
B3_zmq_pushpull,zmq_tcp,none,none,,1,842,512,584,1785153437303386000,1785153437303386000,1785153437303386000,1785153437303387000,1785153437303490000,1785153437303492000,1785153437303492000,1785153437303492000,121932490,121652369,-177.121,0.000,0.000,1.000,2.000,0.000,0.000,0.000,0,0,0
B3_zmq_pushpull,zmq_tcp,none,none,,1,843,512,584,1785153437304383000,1785153437304384000,1785153437304384000,1785153437304385000,1785153437304480000,1785153437304482000,1785153437304482000,1785153437304482000,121932490,121652369,-185.121,1.000,0.000,1.000,2.000,0.000,0.000,0.000,0,0,0
B3_zmq_pushpull,zmq_tcp,none,none,,1,844,512,584,1785153437305386000,1785153437305386000,1785153437305386000,1785153437305387000,1785153437305474000,1785153437305476000,1785153437305476000,1785153437305476000,121932490,121652369,-193.121,0.000,0.000,1.000,2.000,0.000,0.000,0.000,0,0,0
B3_zmq_pushpull,zmq_tcp,none,none,,1,845,512,584,1785153437306383000,1785153437306383000,1785153437306383000,1785153437306384000,1785153437306452000,1785153437306455000,1785153437306455000,1785153437306455000,121932490,121652369,-212.121,0.000,0.000,1.000,3.000,0.000,0.000,0.000,0,0,0
B3_zmq_pushpull,zmq_tcp,none,none,,1,846,512,584,1785153437307385000,1785153437307385000,1785153437307385000,1785153437307386000,1785153437307432000,1785153437307435000,1785153437307435000,1785153437307435000,121932490,121652369,-234.121,0.000,0.000,1.000,3.000,0.000,0.000,0.000,0,0,0
B3_zmq_pushpull,zmq_tcp,none,none,,1,847,512,584,1785153437308273000,1785153437308273000,1785153437308273000,1785153437308274000,1785153437308430000,1785153437308432000,1785153437308433000,1785153437308433000,121932490,121652369,-124.121,0.000,0.000,1.000,2.000,1.000,0.000,0.000,0,0,0
B3_zmq_pushpull,zmq_tcp,none,none,,1,848,512,584,1785153437309411000,1785153437309411000,1785153437309412000,1785153437309412000,1785153437309548000,1785153437309551000,1785153437309551000,1785153437309551000,121932490,121652369,-144.121,0.000,1.000,0.000,3.000,0.000,0.000,0.000,0,0,0
B3_zmq_pushpull,zmq_tcp,none,none,,1,849,512,584,1785153437310377000,1785153437310377000,1785153437310377000,1785153437310378000,1785153437310517000,1785153437310519000,1785153437310519000,1785153437310519000,121932490,121652369,-141.121,0.000,0.000,1.000,2.000,0.000,0.000,0.000,0,0,0
B3_zmq_pushpull,zmq_tcp,none,none,,1,850,512,584,1785153437311207000,1785153437311207000,1785153437311208000,1785153437311208000,1785153437311359000,1785153437311362000,1785153437311362000,1785153437311362000,121932490,121652369,-129.121,0.000,1.000,0.000,3.000,0.000,0.000,0.000,0,0,0
B3_zmq_pushpull,zmq_tcp,none,none,,1,851,512,584,1785153437312205000,1785153437312205000,1785153437312205000,1785153437312206000,1785153437312339000,1785153437312342000,1785153437312342000,1785153437312342000,121932490,121652369,-147.121,0.000,0.000,1.000,3.000,0.000,0.000,0.000,0,0,0
B3_zmq_pushpull,zmq_tcp,none,none,,1,852,512,584,1785153437313311000,1785153437313311000,1785153437313311000,1785153437313312000,1785153437313459000,1785153437313462000,1785153437313462000,1785153437313462000,121932490,121652369,-133.121,0.000,0.000,1.000,3.000,0.000,0.000,0.000,0,0,0
B3_zmq_pushpull,zmq_tcp,none,none,,1,853,512,584,1785153437314403000,1785153437314404000,1785153437314404000,1785153437314405000,1785153437314587000,1785153437314590000,1785153437314590000,1785153437314590000,121932490,121652369,-98.121,1.000,0.000,1.000,3.000,0.000,0.000,0.000,0,0,0
B3_zmq_pushpull,zmq_tcp,none,none,,1,854,512,584,1785153437315381000,1785153437315381000,1785153437315381000,1785153437315382000,1785153437315567000,1785153437315570000,1785153437315570000,1785153437315570000,121932490,121652369,-95.121,0.000,0.000,1.000,3.000,0.000,0.000,0.000,0,0,0
B3_zmq_pushpull,zmq_tcp,none,none,,1,855,512,584,1785153437316269000,1785153437316269000,1785153437316269000,1785153437316270000,1785153437316425000,1785153437316427000,1785153437316427000,1785153437316427000,121932490,121652369,-125.121,0.000,0.000,1.000,2.000,0.000,0.000,0.000,0,0,0
B3_zmq_pushpull,zmq_tcp,none,none,,1,856,512,584,1785153437317413000,1785153437317413000,1785153437317413000,1785153437317414000,1785153437317539000,1785153437317542000,1785153437317542000,1785153437317542000,121932490,121652369,-155.121,0.000,0.000,1.000,3.000,0.000,0.000,0.000,0,0,0
B3_zmq_pushpull,zmq_tcp,none,none,,1,857,512,584,1785153437318374000,1785153437318374000,1785153437318375000,1785153437318375000,1785153437318531000,1785153437318534000,1785153437318534000,1785153437318534000,121932490,121652369,-124.121,0.000,1.000,0.000,3.000,0.000,0.000,0.000,0,0,0
B3_zmq_pushpull,zmq_tcp,none,none,,1,858,512,584,1785153437319217000,1785153437319217000,1785153437319217000,1785153437319218000,1785153437319365000,1785153437319369000,1785153437319369000,1785153437319369000,121932490,121652369,-133.121,0.000,0.000,1.000,4.000,0.000,0.000,0.000,0,0,0
B3_zmq_pushpull,zmq_tcp,none,none,,1,859,512,584,1785153437320426000,1785153437320426000,1785153437320426000,1785153437320427000,1785153437320495000,1785153437320498000,1785153437320498000,1785153437320498000,121932490,121652369,-212.121,0.000,0.000,1.000,3.000,0.000,0.000,0.000,0,0,0
B3_zmq_pushpull,zmq_tcp,none,none,,1,860,512,584,1785153437321372000,1785153437321372000,1785153437321372000,1785153437321373000,1785153437321481000,1785153437321483000,1785153437321483000,1785153437321483000,121932490,121652369,-172.121,0.000,0.000,1.000,2.000,0.000,0.000,0.000,0,0,0
B3_zmq_pushpull,zmq_tcp,none,none,,1,861,512,584,1785153437322389000,1785153437322389000,1785153437322389000,1785153437322390000,1785153437322473000,1785153437322476000,1785153437322476000,1785153437322476000,121932490,121652369,-197.121,0.000,0.000,1.000,3.000,0.000,0.000,0.000,0,0,0
B3_zmq_pushpull,zmq_tcp,none,none,,1,862,512,584,1785153437323382000,1785153437323382000,1785153437323382000,1785153437323383000,1785153437323450000,1785153437323452000,1785153437323453000,1785153437323453000,121932490,121652369,-213.121,0.000,0.000,1.000,2.000,1.000,0.000,0.000,0,0,0
B3_zmq_pushpull,zmq_tcp,none,none,,1,863,512,584,1785153437324385000,1785153437324385000,1785153437324386000,1785153437324386000,1785153437324443000,1785153437324446000,1785153437324446000,1785153437324446000,121932490,121652369,-223.121,0.000,1.000,0.000,3.000,0.000,0.000,0.000,0,0,0
B3_zmq_pushpull,zmq_tcp,none,none,,1,864,512,584,1785153437325381000,1785153437325381000,1785153437325381000,1785153437325382000,1785153437325565000,1785153437325567000,1785153437325567000,1785153437325567000,121932490,121652369,-97.121,0.000,0.000,1.000,2.000,0.000,0.000,0.000,0,0,0
B3_zmq_pushpull,zmq_tcp,none,none,,1,865,512,584,1785153437326387000,1785153437326388000,1785153437326388000,1785153437326389000,1785153437326559000,1785153437326562000,1785153437326562000,1785153437326562000,121932490,121652369,-110.121,1.000,0.000,1.000,3.000,0.000,0.000,0.000,0,0,0
B3_zmq_pushpull,zmq_tcp,none,none,,1,866,512,584,1785153437327384000,1785153437327384000,1785153437327384000,1785153437327385000,1785153437327527000,1785153437327529000,1785153437327529000,1785153437327529000,121932490,121652369,-138.121,0.000,0.000,1.000,2.000,0.000,0.000,0.000,0,0,0
B3_zmq_pushpull,zmq_tcp,none,none,,1,867,512,584,1785153437328232000,1785153437328232000,1785153437328232000,1785153437328233000,1785153437328391000,1785153437328394000,1785153437328394000,1785153437328394000,121932490,121652369,-122.121,0.000,0.000,1.000,3.000,0.000,0.000,0.000,0,0,0
B3_zmq_pushpull,zmq_tcp,none,none,,1,868,512,584,1785153437329422000,1785153437329422000,1785153437329422000,1785153437329423000,1785153437329500000,1785153437329503000,1785153437329503000,1785153437329503000,121932490,121652369,-203.121,0.000,0.000,1.000,3.000,0.000,0.000,0.000,0,0,0
B3_zmq_pushpull,zmq_tcp,none,none,,1,869,512,584,1785153437330344000,1785153437330344000,1785153437330344000,1785153437330345000,1785153437330497000,1785153437330499000,1785153437330499000,1785153437330499000,121932490,121652369,-128.121,0.000,0.000,1.000,2.000,0.000,0.000,0.000,0,0,0
B3_zmq_pushpull,zmq_tcp,none,none,,1,870,512,584,1785153437331192000,1785153437331192000,1785153437331192000,1785153437331193000,1785153437331345000,1785153437331347000,1785153437331347000,1785153437331347000,121932490,121652369,-128.121,0.000,0.000,1.000,2.000,0.000,0.000,0.000,0,0,0
B3_zmq_pushpull,zmq_tcp,none,none,,1,871,512,584,1785153437332196000,1785153437332196000,1785153437332196000,1785153437332197000,1785153437332339000,1785153437332342000,1785153437332343000,1785153437332343000,121932490,121652369,-138.121,0.000,0.000,1.000,3.000,1.000,0.000,0.000,0,0,0
B3_zmq_pushpull,zmq_tcp,none,none,,1,872,512,584,1785153437333428000,1785153437333428000,1785153437333428000,1785153437333429000,1785153437333600000,1785153437333603000,1785153437333603000,1785153437333603000,121932490,121652369,-109.121,0.000,0.000,1.000,3.000,0.000,0.000,0.000,0,0,0
B3_zmq_pushpull,zmq_tcp,none,none,,1,873,512,584,1785153437334301000,1785153437334301000,1785153437334301000,1785153437334302000,1785153437334461000,1785153437334463000,1785153437334463000,1785153437334463000,121932490,121652369,-121.121,0.000,0.000,1.000,2.000,0.000,0.000,0.000,0,0,0
B3_zmq_pushpull,zmq_tcp,none,none,,1,874,512,584,1785153437335405000,1785153437335405000,1785153437335405000,1785153437335406000,1785153437335594000,1785153437335597000,1785153437335597000,1785153437335597000,121932490,121652369,-92.121,0.000,0.000,1.000,3.000,0.000,0.000,0.000,0,0,0
B3_zmq_pushpull,zmq_tcp,none,none,,1,875,512,584,1785153437336378000,1785153437336378000,1785153437336378000,1785153437336379000,1785153437336456000,1785153437336459000,1785153437336459000,1785153437336459000,121932490,121652369,-203.121,0.000,0.000,1.000,3.000,0.000,0.000,0.000,0,0,0
B3_zmq_pushpull,zmq_tcp,none,none,,1,876,512,584,1785153437337386000,1785153437337386000,1785153437337386000,1785153437337387000,1785153437337437000,1785153437337439000,1785153437337439000,1785153437337439000,121932490,121652369,-230.121,0.000,0.000,1.000,2.000,0.000,0.000,0.000,0,0,0
B3_zmq_pushpull,zmq_tcp,none,none,,1,877,512,584,1785153437338384000,1785153437338384000,1785153437338384000,1785153437338385000,1785153437338429000,1785153437338432000,1785153437338432000,1785153437338432000,121932490,121652369,-236.121,0.000,0.000,1.000,3.000,0.000,0.000,0.000,0,0,0
B3_zmq_pushpull,zmq_tcp,none,none,,1,878,512,584,1785153437339273000,1785153437339273000,1785153437339273000,1785153437339274000,1785153437339429000,1785153437339432000,1785153437339432000,1785153437339432000,121932490,121652369,-125.121,0.000,0.000,1.000,3.000,0.000,0.000,0.000,0,0,0
B3_zmq_pushpull,zmq_tcp,none,none,,1,879,512,584,1785153437340255000,1785153437340255000,1785153437340255000,1785153437340256000,1785153437340415000,1785153437340418000,1785153437340418000,1785153437340418000,121932490,121652369,-121.121,0.000,0.000,1.000,3.000,0.000,0.000,0.000,0,0,0
B3_zmq_pushpull,zmq_tcp,none,none,,1,880,512,584,1785153437341416000,1785153437341416000,1785153437341416000,1785153437341417000,1785153437341535000,1785153437341538000,1785153437341538000,1785153437341538000,121932490,121652369,-162.121,0.000,0.000,1.000,3.000,0.000,0.000,0.000,0,0,0
B3_zmq_pushpull,zmq_tcp,none,none,,1,881,512,584,1785153437342379000,1785153437342379000,1785153437342379000,1785153437342380000,1785153437342538000,1785153437342541000,1785153437342541000,1785153437342541000,121932490,121652369,-122.121,0.000,0.000,1.000,3.000,0.000,0.000,0.000,0,0,0
B3_zmq_pushpull,zmq_tcp,none,none,,1,882,512,584,1785153437343385000,1785153437343385000,1785153437343385000,1785153437343386000,1785153437343538000,1785153437343541000,1785153437343541000,1785153437343541000,121932490,121652369,-128.121,0.000,0.000,1.000,3.000,0.000,0.000,0.000,0,0,0
B3_zmq_pushpull,zmq_tcp,none,none,,1,883,512,584,1785153437344225000,1785153437344226000,1785153437344226000,1785153437344227000,1785153437344377000,1785153437344379000,1785153437344379000,1785153437344379000,121932490,121652369,-130.121,1.000,0.000,1.000,2.000,0.000,0.000,0.000,0,0,0
B3_zmq_pushpull,zmq_tcp,none,none,,1,884,512,584,1785153437345215000,1785153437345215000,1785153437345215000,1785153437345216000,1785153437345361000,1785153437345363000,1785153437345364000,1785153437345364000,121932490,121652369,-135.121,0.000,0.000,1.000,2.000,1.000,0.000,0.000,0,0,0
B3_zmq_pushpull,zmq_tcp,none,none,,1,885,512,584,1785153437346427000,1785153437346427000,1785153437346427000,1785153437346428000,1785153437346480000,1785153437346484000,1785153437346485000,1785153437346485000,121932490,121652369,-228.121,0.000,0.000,1.000,4.000,1.000,0.000,0.000,0,0,0
B3_zmq_pushpull,zmq_tcp,none,none,,1,886,512,584,1785153437347370000,1785153437347370000,1785153437347370000,1785153437347371000,1785153437347468000,1785153437347471000,1785153437347471000,1785153437347471000,121932490,121652369,-183.121,0.000,0.000,1.000,3.000,0.000,0.000,0.000,0,0,0
B3_zmq_pushpull,zmq_tcp,none,none,,1,887,512,584,1785153437348390000,1785153437348390000,1785153437348390000,1785153437348391000,1785153437348585000,1785153437348587000,1785153437348587000,1785153437348587000,121932490,121652369,-86.121,0.000,0.000,1.000,2.000,0.000,0.000,0.000,0,0,0
B3_zmq_pushpull,zmq_tcp,none,none,,1,888,512,584,1785153437349264000,1785153437349264000,1785153437349264000,1785153437349265000,1785153437349411000,1785153437349414000,1785153437349414000,1785153437349414000,121932490,121652369,-134.121,0.000,0.000,1.000,3.000,0.000,0.000,0.000,0,0,0
B3_zmq_pushpull,zmq_tcp,none,none,,1,889,512,584,1785153437350251000,1785153437350251000,1785153437350251000,1785153437350252000,1785153437350403000,1785153437350407000,1785153437350407000,1785153437350407000,121932490,121652369,-129.121,0.000,0.000,1.000,4.000,0.000,0.000,0.000,0,0,0
B3_zmq_pushpull,zmq_tcp,none,none,,1,890,512,584,1785153437351219000,1785153437351219000,1785153437351219000,1785153437351220000,1785153437351373000,1785153437351375000,1785153437351375000,1785153437351375000,121932490,121652369,-127.121,0.000,0.000,1.000,2.000,0.000,0.000,0.000,0,0,0
B3_zmq_pushpull,zmq_tcp,none,none,,1,891,512,584,1785153437352212000,1785153437352212000,1785153437352212000,1785153437352214000,1785153437352367000,1785153437352370000,1785153437352370000,1785153437352370000,121932490,121652369,-127.121,0.000,0.000,2.000,3.000,0.000,0.000,0.000,0,0,0
B3_zmq_pushpull,zmq_tcp,none,none,,1,892,512,584,1785153437353429000,1785153437353429000,1785153437353429000,1785153437353430000,1785153437353501000,1785153437353505000,1785153437353505000,1785153437353505000,121932490,121652369,-209.121,0.000,0.000,1.000,4.000,0.000,0.000,0.000,0,0,0
B3_zmq_pushpull,zmq_tcp,none,none,,1,893,512,584,1785153437354370000,1785153437354371000,1785153437354371000,1785153437354372000,1785153437354497000,1785153437354504000,1785153437354504000,1785153437354504000,121932490,121652369,-155.121,1.000,0.000,1.000,7.000,0.000,0.000,0.000,0,0,0
B3_zmq_pushpull,zmq_tcp,none,none,,1,894,512,584,1785153437355389000,1785153437355389000,1785153437355389000,1785153437355390000,1785153437355486000,1785153437355489000,1785153437355489000,1785153437355489000,121932490,121652369,-184.121,0.000,0.000,1.000,3.000,0.000,0.000,0.000,0,0,0
B3_zmq_pushpull,zmq_tcp,none,none,,1,895,512,584,1785153437356385000,1785153437356385000,1785153437356385000,1785153437356386000,1785153437356466000,1785153437356469000,1785153437356469000,1785153437356469000,121932490,121652369,-200.121,0.000,0.000,1.000,3.000,0.000,0.000,0.000,0,0,0
B3_zmq_pushpull,zmq_tcp,none,none,,1,896,512,584,1785153437357385000,1785153437357385000,1785153437357385000,1785153437357386000,1785153437357450000,1785153437357453000,1785153437357453000,1785153437357453000,121932490,121652369,-216.121,0.000,0.000,1.000,3.000,0.000,0.000,0.000,0,0,0
B3_zmq_pushpull,zmq_tcp,none,none,,1,897,512,584,1785153437358381000,1785153437358381000,1785153437358381000,1785153437358382000,1785153437358431000,1785153437358435000,1785153437358435000,1785153437358435000,121932490,121652369,-231.121,0.000,0.000,1.000,4.000,0.000,0.000,0.000,0,0,0
B3_zmq_pushpull,zmq_tcp,none,none,,1,898,512,584,1785153437359386000,1785153437359386000,1785153437359386000,1785153437359387000,1785153437359544000,1785153437359547000,1785153437359547000,1785153437359547000,121932490,121652369,-123.121,0.000,0.000,1.000,3.000,0.000,0.000,0.000,0,0,0
B3_zmq_pushpull,zmq_tcp,none,none,,1,899,512,584,1785153437360384000,1785153437360384000,1785153437360384000,1785153437360385000,1785153437360522000,1785153437360525000,1785153437360525000,1785153437360525000,121932490,121652369,-143.121,0.000,0.000,1.000,3.000,0.000,0.000,0.000,0,0,0
B3_zmq_pushpull,zmq_tcp,none,none,,1,900,512,584,1785153437361385000,1785153437361386000,1785153437361386000,1785153437361387000,1785153437361517000,1785153437361519000,1785153437361519000,1785153437361519000,121932490,121652369,-150.121,1.000,0.000,1.000,2.000,0.000,0.000,0.000,0,0,0
B3_zmq_pushpull,zmq_tcp,none,none,,1,901,512,584,1785153437362384000,1785153437362384000,1785153437362384000,1785153437362385000,1785153437362503000,1785153437362506000,1785153437362506000,1785153437362506000,121932490,121652369,-162.121,0.000,0.000,1.000,3.000,0.000,0.000,0.000,0,0,0
B3_zmq_pushpull,zmq_tcp,none,none,,1,902,512,584,1785153437363386000,1785153437363387000,1785153437363387000,1785153437363388000,1785153437363486000,1785153437363489000,1785153437363489000,1785153437363489000,121932490,121652369,-182.121,1.000,0.000,1.000,3.000,0.000,0.000,0.000,0,0,0
B3_zmq_pushpull,zmq_tcp,none,none,,1,903,512,584,1785153437364384000,1785153437364384000,1785153437364384000,1785153437364385000,1785153437364469000,1785153437364472000,1785153437364472000,1785153437364472000,121932490,121652369,-196.121,0.000,0.000,1.000,3.000,0.000,0.000,0.000,0,0,0
B3_zmq_pushpull,zmq_tcp,none,none,,1,904,512,584,1785153437365385000,1785153437365385000,1785153437365385000,1785153437365386000,1785153437365445000,1785153437365448000,1785153437365448000,1785153437365448000,121932490,121652369,-221.121,0.000,0.000,1.000,3.000,0.000,0.000,0.000,0,0,0
B3_zmq_pushpull,zmq_tcp,none,none,,1,905,512,584,1785153437366381000,1785153437366381000,1785153437366381000,1785153437366382000,1785153437366425000,1785153437366428000,1785153437366428000,1785153437366428000,121932490,121652369,-237.121,0.000,0.000,1.000,3.000,0.000,0.000,0.000,0,0,0
B3_zmq_pushpull,zmq_tcp,none,none,,1,906,512,584,1785153437367388000,1785153437367388000,1785153437367388000,1785153437367389000,1785153437367567000,1785153437367570000,1785153437367570000,1785153437367570000,121932490,121652369,-102.121,0.000,0.000,1.000,3.000,0.000,0.000,0.000,0,0,0
B3_zmq_pushpull,zmq_tcp,none,none,,1,907,512,584,1785153437368385000,1785153437368385000,1785153437368385000,1785153437368386000,1785153437368542000,1785153437368545000,1785153437368545000,1785153437368545000,121932490,121652369,-124.121,0.000,0.000,1.000,3.000,0.000,0.000,0.000,0,0,0
B3_zmq_pushpull,zmq_tcp,none,none,,1,908,512,584,1785153437369384000,1785153437369384000,1785153437369384000,1785153437369385000,1785153437369537000,1785153437369539000,1785153437369539000,1785153437369539000,121932490,121652369,-128.121,0.000,0.000,1.000,2.000,0.000,0.000,0.000,0,0,0
B3_zmq_pushpull,zmq_tcp,none,none,,1,909,512,584,1785153437370381000,1785153437370382000,1785153437370382000,1785153437370383000,1785153437370535000,1785153437370538000,1785153437370538000,1785153437370538000,121932490,121652369,-128.121,1.000,0.000,1.000,3.000,0.000,0.000,0.000,0,0,0
B3_zmq_pushpull,zmq_tcp,none,none,,1,910,512,584,1785153437371385000,1785153437371386000,1785153437371386000,1785153437371387000,1785153437371534000,1785153437371537000,1785153437371537000,1785153437371537000,121932490,121652369,-133.121,1.000,0.000,1.000,3.000,0.000,0.000,0.000,0,0,0
B3_zmq_pushpull,zmq_tcp,none,none,,1,911,512,584,1785153437372224000,1785153437372225000,1785153437372225000,1785153437372226000,1785153437372379000,1785153437372382000,1785153437372382000,1785153437372382000,121932490,121652369,-127.121,1.000,0.000,1.000,3.000,0.000,0.000,0.000,0,0,0
B3_zmq_pushpull,zmq_tcp,none,none,,1,912,512,584,1785153437373424000,1785153437373425000,1785153437373425000,1785153437373426000,1785153437373483000,1785153437373487000,1785153437373487000,1785153437373487000,121932490,121652369,-223.121,1.000,0.000,1.000,4.000,0.000,0.000,0.000,0,0,0
B3_zmq_pushpull,zmq_tcp,none,none,,1,913,512,584,1785153437374371000,1785153437374371000,1785153437374371000,1785153437374372000,1785153437374475000,1785153437374478000,1785153437374478000,1785153437374478000,121932490,121652369,-177.121,0.000,0.000,1.000,3.000,0.000,0.000,0.000,0,0,0
B3_zmq_pushpull,zmq_tcp,none,none,,1,914,512,584,1785153437375390000,1785153437375391000,1785153437375391000,1785153437375392000,1785153437375448000,1785153437375451000,1785153437375451000,1785153437375451000,121932490,121652369,-224.121,1.000,0.000,1.000,3.000,0.000,0.000,0.000,0,0,0
B3_zmq_pushpull,zmq_tcp,none,none,,1,915,512,584,1785153437376383000,1785153437376383000,1785153437376383000,1785153437376384000,1785153437376562000,1785153437376565000,1785153437376565000,1785153437376565000,121932490,121652369,-102.121,0.000,0.000,1.000,3.000,0.000,0.000,0.000,0,0,0
B3_zmq_pushpull,zmq_tcp,none,none,,1,916,512,584,1785153437377387000,1785153437377387000,1785153437377387000,1785153437377388000,1785153437377562000,1785153437377565000,1785153437377565000,1785153437377565000,121932490,121652369,-106.121,0.000,0.000,1.000,3.000,0.000,0.000,0.000,0,0,0
B3_zmq_pushpull,zmq_tcp,none,none,,1,917,512,584,1785153437378384000,1785153437378384000,1785153437378384000,1785153437378385000,1785153437378548000,1785153437378550000,1785153437378550000,1785153437378550000,121932490,121652369,-117.121,0.000,0.000,1.000,2.000,0.000,0.000,0.000,0,0,0
B3_zmq_pushpull,zmq_tcp,none,none,,1,918,512,584,1785153437379386000,1785153437379386000,1785153437379386000,1785153437379387000,1785153437379528000,1785153437379530000,1785153437379530000,1785153437379530000,121932490,121652369,-139.121,0.000,0.000,1.000,2.000,0.000,0.000,0.000,0,0,0
B3_zmq_pushpull,zmq_tcp,none,none,,1,919,512,584,1785153437380385000,1785153437380385000,1785153437380385000,1785153437380386000,1785153437380506000,1785153437380509000,1785153437380509000,1785153437380509000,121932490,121652369,-160.121,0.000,0.000,1.000,3.000,0.000,0.000,0.000,0,0,0
B3_zmq_pushpull,zmq_tcp,none,none,,1,920,512,584,1785153437381384000,1785153437381384000,1785153437381384000,1785153437381385000,1785153437381502000,1785153437381505000,1785153437381505000,1785153437381505000,121932490,121652369,-163.121,0.000,0.000,1.000,3.000,0.000,0.000,0.000,0,0,0
B3_zmq_pushpull,zmq_tcp,none,none,,1,921,512,584,1785153437382384000,1785153437382384000,1785153437382384000,1785153437382385000,1785153437382502000,1785153437382505000,1785153437382505000,1785153437382505000,121932490,121652369,-163.121,0.000,0.000,1.000,3.000,0.000,0.000,0.000,0,0,0
B3_zmq_pushpull,zmq_tcp,none,none,,1,922,512,584,1785153437383387000,1785153437383387000,1785153437383387000,1785153437383388000,1785153437383502000,1785153437383505000,1785153437383505000,1785153437383505000,121932490,121652369,-166.121,0.000,0.000,1.000,3.000,0.000,0.000,0.000,0,0,0
B3_zmq_pushpull,zmq_tcp,none,none,,1,923,512,584,1785153437384389000,1785153437384389000,1785153437384389000,1785153437384390000,1785153437384488000,1785153437384492000,1785153437384492000,1785153437384492000,121932490,121652369,-182.121,0.000,0.000,1.000,4.000,0.000,0.000,0.000,0,0,0
B3_zmq_pushpull,zmq_tcp,none,none,,1,924,512,584,1785153437385190000,1785153437385190000,1785153437385190000,1785153437385191000,1785153437385344000,1785153437385347000,1785153437385347000,1785153437385347000,121932490,121652369,-127.121,0.000,0.000,1.000,3.000,0.000,0.000,0.000,0,0,0
B3_zmq_pushpull,zmq_tcp,none,none,,1,925,512,584,1785153437386194000,1785153437386194000,1785153437386194000,1785153437386195000,1785153437386334000,1785153437386337000,1785153437386337000,1785153437386337000,121932490,121652369,-141.121,0.000,0.000,1.000,3.000,0.000,0.000,0.000,0,0,0
B3_zmq_pushpull,zmq_tcp,none,none,,1,926,512,584,1785153437387307000,1785153437387307000,1785153437387307000,1785153437387308000,1785153437387460000,1785153437387462000,1785153437387462000,1785153437387462000,121932490,121652369,-128.121,0.000,0.000,1.000,2.000,0.000,0.000,0.000,0,0,0
B3_zmq_pushpull,zmq_tcp,none,none,,1,927,512,584,1785153437388298000,1785153437388298000,1785153437388298000,1785153437388299000,1785153437388456000,1785153437388458000,1785153437388458000,1785153437388458000,121932490,121652369,-123.121,0.000,0.000,1.000,2.000,0.000,0.000,0.000,0,0,0
B3_zmq_pushpull,zmq_tcp,none,none,,1,928,512,584,1785153437389405000,1785153437389405000,1785153437389405000,1785153437389406000,1785153437389567000,1785153437389570000,1785153437389570000,1785153437389570000,121932490,121652369,-119.121,0.000,0.000,1.000,3.000,0.000,0.000,0.000,0,0,0
B3_zmq_pushpull,zmq_tcp,none,none,,1,929,512,584,1785153437390380000,1785153437390380000,1785153437390380000,1785153437390381000,1785153437390572000,1785153437390574000,1785153437390574000,1785153437390574000,121932490,121652369,-89.121,0.000,0.000,1.000,2.000,0.000,0.000,0.000,0,0,0
B3_zmq_pushpull,zmq_tcp,none,none,,1,930,512,584,1785153437391265000,1785153437391266000,1785153437391266000,1785153437391266000,1785153437391425000,1785153437391428000,1785153437391428000,1785153437391428000,121932490,121652369,-121.121,1.000,0.000,0.000,3.000,0.000,0.000,0.000,0,0,0
B3_zmq_pushpull,zmq_tcp,none,none,,1,931,512,584,1785153437392413000,1785153437392413000,1785153437392413000,1785153437392414000,1785153437392548000,1785153437392551000,1785153437392551000,1785153437392551000,121932490,121652369,-146.121,0.000,0.000,1.000,3.000,0.000,0.000,0.000,0,0,0
B3_zmq_pushpull,zmq_tcp,none,none,,1,932,512,584,1785153437393375000,1785153437393375000,1785153437393375000,1785153437393376000,1785153437393549000,1785153437393552000,1785153437393552000,1785153437393552000,121932490,121652369,-107.121,0.000,0.000,1.000,3.000,0.000,0.000,0.000,0,0,0
B3_zmq_pushpull,zmq_tcp,none,none,,1,933,512,584,1785153437394387000,1785153437394387000,1785153437394387000,1785153437394388000,1785153437394546000,1785153437394549000,1785153437394549000,1785153437394549000,121932490,121652369,-122.121,0.000,0.000,1.000,3.000,0.000,0.000,0.000,0,0,0
B3_zmq_pushpull,zmq_tcp,none,none,,1,934,512,584,1785153437395245000,1785153437395245000,1785153437395245000,1785153437395246000,1785153437395402000,1785153437395405000,1785153437395405000,1785153437395405000,121932490,121652369,-124.121,0.000,0.000,1.000,3.000,0.000,0.000,0.000,0,0,0
B3_zmq_pushpull,zmq_tcp,none,none,,1,935,512,584,1785153437396420000,1785153437396420000,1785153437396420000,1785153437396421000,1785153437396516000,1785153437396519000,1785153437396519000,1785153437396519000,121932490,121652369,-185.121,0.000,0.000,1.000,3.000,0.000,0.000,0.000,0,0,0
B3_zmq_pushpull,zmq_tcp,none,none,,1,936,512,584,1785153437397374000,1785153437397374000,1785153437397374000,1785153437397375000,1785153437397505000,1785153437397508000,1785153437397508000,1785153437397508000,121932490,121652369,-150.121,0.000,0.000,1.000,3.000,0.000,0.000,0.000,0,0,0
B3_zmq_pushpull,zmq_tcp,none,none,,1,937,512,584,1785153437398387000,1785153437398387000,1785153437398387000,1785153437398388000,1785153437398497000,1785153437398501000,1785153437398501000,1785153437398501000,121932490,121652369,-171.121,0.000,0.000,1.000,4.000,0.000,0.000,0.000,0,0,0
B3_zmq_pushpull,zmq_tcp,none,none,,1,938,512,584,1785153437399199000,1785153437399200000,1785153437399200000,1785153437399201000,1785153437399352000,1785153437399355000,1785153437399355000,1785153437399355000,121932490,121652369,-129.121,1.000,0.000,1.000,3.000,0.000,0.000,0.000,0,0,0
B3_zmq_pushpull,zmq_tcp,none,none,,1,939,512,584,1785153437400188000,1785153437400189000,1785153437400189000,1785153437400190000,1785153437400341000,1785153437400344000,1785153437400344000,1785153437400344000,121932490,121652369,-129.121,1.000,0.000,1.000,3.000,0.000,0.000,0.000,0,0,0
B3_zmq_pushpull,zmq_tcp,none,none,,1,940,512,584,1785153437401308000,1785153437401309000,1785153437401309000,1785153437401310000,1785153437401460000,1785153437401462000,1785153437401462000,1785153437401462000,121932490,121652369,-130.121,1.000,0.000,1.000,2.000,0.000,0.000,0.000,0,0,0
B3_zmq_pushpull,zmq_tcp,none,none,,1,941,512,584,1785153437402284000,1785153437402285000,1785153437402285000,1785153437402286000,1785153437402444000,1785153437402446000,1785153437402446000,1785153437402446000,121932490,121652369,-122.121,1.000,0.000,1.000,2.000,0.000,0.000,0.000,0,0,0
B3_zmq_pushpull,zmq_tcp,none,none,,1,942,512,584,1785153437403275000,1785153437403275000,1785153437403275000,1785153437403276000,1785153437403436000,1785153437403438000,1785153437403438000,1785153437403438000,121932490,121652369,-120.121,0.000,0.000,1.000,2.000,0.000,0.000,0.000,0,0,0
B3_zmq_pushpull,zmq_tcp,none,none,,1,943,512,584,1785153437404411000,1785153437404411000,1785153437404411000,1785153437404412000,1785153437404541000,1785153437404544000,1785153437404544000,1785153437404544000,121932490,121652369,-151.121,0.000,0.000,1.000,3.000,0.000,0.000,0.000,0,0,0
B3_zmq_pushpull,zmq_tcp,none,none,,1,944,512,584,1785153437405379000,1785153437405379000,1785153437405379000,1785153437405380000,1785153437405542000,1785153437405545000,1785153437405545000,1785153437405545000,121932490,121652369,-118.121,0.000,0.000,1.000,3.000,0.000,0.000,0.000,0,0,0
B3_zmq_pushpull,zmq_tcp,none,none,,1,945,512,584,1785153437406240000,1785153437406240000,1785153437406241000,1785153437406241000,1785153437406392000,1785153437406394000,1785153437406394000,1785153437406394000,121932490,121652369,-129.121,0.000,1.000,0.000,2.000,0.000,0.000,0.000,0,0,0
B3_zmq_pushpull,zmq_tcp,none,none,,1,946,512,584,1785153437407227000,1785153437407227000,1785153437407227000,1785153437407228000,1785153437407380000,1785153437407382000,1785153437407382000,1785153437407382000,121932490,121652369,-128.121,0.000,0.000,1.000,2.000,0.000,0.000,0.000,0,0,0
B3_zmq_pushpull,zmq_tcp,none,none,,1,947,512,584,1785153437408421000,1785153437408422000,1785153437408422000,1785153437408423000,1785153437408512000,1785153437408514000,1785153437408514000,1785153437408514000,121932490,121652369,-191.121,1.000,0.000,1.000,2.000,0.000,0.000,0.000,0,0,0
B3_zmq_pushpull,zmq_tcp,none,none,,1,948,512,584,1785153437409376000,1785153437409376000,1785153437409376000,1785153437409377000,1785153437409492000,1785153437409494000,1785153437409494000,1785153437409494000,121932490,121652369,-165.121,0.000,0.000,1.000,2.000,0.000,0.000,0.000,0,0,0
B3_zmq_pushpull,zmq_tcp,none,none,,1,949,512,584,1785153437410389000,1785153437410389000,1785153437410389000,1785153437410390000,1785153437410461000,1785153437410464000,1785153437410464000,1785153437410464000,121932490,121652369,-209.121,0.000,0.000,1.000,3.000,0.000,0.000,0.000,0,0,0
B3_zmq_pushpull,zmq_tcp,none,none,,1,950,512,584,1785153437411382000,1785153437411382000,1785153437411382000,1785153437411383000,1785153437411451000,1785153437411455000,1785153437411455000,1785153437411455000,121932490,121652369,-212.121,0.000,0.000,1.000,4.000,0.000,0.000,0.000,0,0,0
B3_zmq_pushpull,zmq_tcp,none,none,,1,951,512,584,1785153437412386000,1785153437412387000,1785153437412387000,1785153437412388000,1785153437412449000,1785153437412452000,1785153437412452000,1785153437412452000,121932490,121652369,-219.121,1.000,0.000,1.000,3.000,0.000,0.000,0.000,0,0,0
B3_zmq_pushpull,zmq_tcp,none,none,,1,952,512,584,1785153437413384000,1785153437413384000,1785153437413384000,1785153437413385000,1785153437413432000,1785153437413435000,1785153437413435000,1785153437413435000,121932490,121652369,-233.121,0.000,0.000,1.000,3.000,0.000,0.000,0.000,0,0,0
B3_zmq_pushpull,zmq_tcp,none,none,,1,953,512,584,1785153437414384000,1785153437414384000,1785153437414384000,1785153437414385000,1785153437414550000,1785153437414553000,1785153437414553000,1785153437414553000,121932490,121652369,-115.121,0.000,0.000,1.000,3.000,0.000,0.000,0.000,0,0,0
B3_zmq_pushpull,zmq_tcp,none,none,,1,954,512,584,1785153437415382000,1785153437415382000,1785153437415382000,1785153437415383000,1785153437415532000,1785153437415535000,1785153437415535000,1785153437415535000,121932490,121652369,-131.121,0.000,0.000,1.000,3.000,0.000,0.000,0.000,0,0,0
B3_zmq_pushpull,zmq_tcp,none,none,,1,955,512,584,1785153437416385000,1785153437416386000,1785153437416386000,1785153437416387000,1785153437416517000,1785153437416520000,1785153437416520000,1785153437416520000,121932490,121652369,-150.121,1.000,0.000,1.000,3.000,0.000,0.000,0.000,0,0,0
B3_zmq_pushpull,zmq_tcp,none,none,,1,956,512,584,1785153437417373000,1785153437417373000,1785153437417373000,1785153437417374000,1785153437417516000,1785153437417518000,1785153437417518000,1785153437417518000,121932490,121652369,-138.121,0.000,0.000,1.000,2.000,0.000,0.000,0.000,0,0,0
B3_zmq_pushpull,zmq_tcp,none,none,,1,957,512,584,1785153437418206000,1785153437418207000,1785153437418207000,1785153437418208000,1785153437418363000,1785153437418366000,1785153437418366000,1785153437418366000,121932490,121652369,-125.121,1.000,0.000,1.000,3.000,0.000,0.000,0.000,0,0,0
B3_zmq_pushpull,zmq_tcp,none,none,,1,958,512,584,1785153437419429000,1785153437419429000,1785153437419429000,1785153437419430000,1785153437419484000,1785153437419487000,1785153437419487000,1785153437419487000,121932490,121652369,-226.121,0.000,0.000,1.000,3.000,0.000,0.000,0.000,0,0,0
B3_zmq_pushpull,zmq_tcp,none,none,,1,959,512,584,1785153437420373000,1785153437420374000,1785153437420374000,1785153437420375000,1785153437420464000,1785153437420466000,1785153437420466000,1785153437420467000,121932490,121652369,-191.121,1.000,0.000,1.000,2.000,0.000,1.000,0.000,0,0,0
B3_zmq_pushpull,zmq_tcp,none,none,,1,960,512,584,1785153437421387000,1785153437421387000,1785153437421387000,1785153437421388000,1785153437421448000,1785153437421451000,1785153437421451000,1785153437421451000,121932490,121652369,-220.121,0.000,0.000,1.000,3.000,0.000,0.000,0.000,0,0,0
B3_zmq_pushpull,zmq_tcp,none,none,,1,961,512,584,1785153437422382000,1785153437422382000,1785153437422382000,1785153437422383000,1785153437422430000,1785153437422435000,1785153437422435000,1785153437422435000,121932490,121652369,-233.121,0.000,0.000,1.000,5.000,0.000,0.000,0.000,0,0,0
B3_zmq_pushpull,zmq_tcp,none,none,,1,962,512,584,1785153437423266000,1785153437423266000,1785153437423266000,1785153437423267000,1785153437423426000,1785153437423429000,1785153437423429000,1785153437423429000,121932490,121652369,-121.121,0.000,0.000,1.000,3.000,0.000,0.000,0.000,0,0,0
B3_zmq_pushpull,zmq_tcp,none,none,,1,963,512,584,1785153437424415000,1785153437424415000,1785153437424415000,1785153437424416000,1785153437424552000,1785153437424554000,1785153437424554000,1785153437424554000,121932490,121652369,-144.121,0.000,0.000,1.000,2.000,0.000,0.000,0.000,0,0,0
B3_zmq_pushpull,zmq_tcp,none,none,,1,964,512,584,1785153437425376000,1785153437425376000,1785153437425376000,1785153437425377000,1785153437425541000,1785153437425544000,1785153437425544000,1785153437425544000,121932490,121652369,-116.121,0.000,0.000,1.000,3.000,0.000,0.000,0.000,0,0,0
B3_zmq_pushpull,zmq_tcp,none,none,,1,965,512,584,1785153437426242000,1785153437426243000,1785153437426243000,1785153437426244000,1785153437426390000,1785153437426393000,1785153437426393000,1785153437426393000,121932490,121652369,-134.121,1.000,0.000,1.000,3.000,0.000,0.000,0.000,0,0,0
B3_zmq_pushpull,zmq_tcp,none,none,,1,966,512,584,1785153437427210000,1785153437427210000,1785153437427210000,1785153437427211000,1785153437427364000,1785153437427366000,1785153437427367000,1785153437427367000,121932490,121652369,-127.121,0.000,0.000,1.000,2.000,1.000,0.000,0.000,0,0,0
B3_zmq_pushpull,zmq_tcp,none,none,,1,967,512,584,1785153437428189000,1785153437428189000,1785153437428189000,1785153437428190000,1785153437428333000,1785153437428336000,1785153437428336000,1785153437428336000,121932490,121652369,-137.121,0.000,0.000,1.000,3.000,0.000,0.000,0.000,0,0,0
B3_zmq_pushpull,zmq_tcp,none,none,,1,968,512,584,1785153437429432000,1785153437429432000,1785153437429432000,1785153437429433000,1785153437429585000,1785153437429588000,1785153437429588000,1785153437429588000,121932490,121652369,-128.121,0.000,0.000,1.000,3.000,0.000,0.000,0.000,0,0,0
B3_zmq_pushpull,zmq_tcp,none,none,,1,969,512,584,1785153437430375000,1785153437430375000,1785153437430375000,1785153437430376000,1785153437430426000,1785153437430429000,1785153437430429000,1785153437430430000,121932490,121652369,-230.121,0.000,0.000,1.000,3.000,0.000,1.000,0.000,0,0,0
B3_zmq_pushpull,zmq_tcp,none,none,,1,970,512,584,1785153437431387000,1785153437431387000,1785153437431387000,1785153437431388000,1785153437431552000,1785153437431554000,1785153437431554000,1785153437431554000,121932490,121652369,-116.121,0.000,0.000,1.000,2.000,0.000,0.000,0.000,0,0,0
B3_zmq_pushpull,zmq_tcp,none,none,,1,971,512,584,1785153437432240000,1785153437432241000,1785153437432241000,1785153437432242000,1785153437432398000,1785153437432401000,1785153437432401000,1785153437432401000,121932490,121652369,-124.121,1.000,0.000,1.000,3.000,0.000,0.000,0.000,0,0,0
B3_zmq_pushpull,zmq_tcp,none,none,,1,972,512,584,1785153437433228000,1785153437433229000,1785153437433229000,1785153437433230000,1785153437433389000,1785153437433392000,1785153437433392000,1785153437433392000,121932490,121652369,-121.121,1.000,0.000,1.000,3.000,0.000,0.000,0.000,0,0,0
B3_zmq_pushpull,zmq_tcp,none,none,,1,973,512,584,1785153437434423000,1785153437434423000,1785153437434423000,1785153437434424000,1785153437434513000,1785153437434516000,1785153437434516000,1785153437434516000,121932490,121652369,-191.121,0.000,0.000,1.000,3.000,0.000,0.000,0.000,0,0,0
B3_zmq_pushpull,zmq_tcp,none,none,,1,974,512,584,1785153437435372000,1785153437435372000,1785153437435372000,1785153437435373000,1785153437435491000,1785153437435493000,1785153437435493000,1785153437435493000,121932490,121652369,-162.121,0.000,0.000,1.000,2.000,0.000,0.000,0.000,0,0,0
B3_zmq_pushpull,zmq_tcp,none,none,,1,975,512,584,1785153437436388000,1785153437436388000,1785153437436388000,1785153437436389000,1785153437436463000,1785153437436465000,1785153437436465000,1785153437436465000,121932490,121652369,-206.121,0.000,0.000,1.000,2.000,0.000,0.000,0.000,0,0,0
B3_zmq_pushpull,zmq_tcp,none,none,,1,976,512,584,1785153437437384000,1785153437437384000,1785153437437384000,1785153437437385000,1785153437437451000,1785153437437453000,1785153437437453000,1785153437437453000,121932490,121652369,-214.121,0.000,0.000,1.000,2.000,0.000,0.000,0.000,0,0,0
B3_zmq_pushpull,zmq_tcp,none,none,,1,977,512,584,1785153437438389000,1785153437438389000,1785153437438389000,1785153437438390000,1785153437438576000,1785153437438578000,1785153437438578000,1785153437438578000,121932490,121652369,-94.121,0.000,0.000,1.000,2.000,0.000,0.000,0.000,0,0,0
B3_zmq_pushpull,zmq_tcp,none,none,,1,978,512,584,1785153437439383000,1785153437439383000,1785153437439383000,1785153437439384000,1785153437439572000,1785153437439575000,1785153437439575000,1785153437439575000,121932490,121652369,-92.121,0.000,0.000,1.000,3.000,0.000,0.000,0.000,0,0,0
B3_zmq_pushpull,zmq_tcp,none,none,,1,979,512,584,1785153437440258000,1785153437440259000,1785153437440259000,1785153437440260000,1785153437440401000,1785153437440404000,1785153437440404000,1785153437440404000,121932490,121652369,-139.121,1.000,0.000,1.000,3.000,0.000,0.000,0.000,0,0,0
B3_zmq_pushpull,zmq_tcp,none,none,,1,980,512,584,1785153437441417000,1785153437441417000,1785153437441417000,1785153437441418000,1785153437441527000,1785153437441529000,1785153437441529000,1785153437441529000,121932490,121652369,-171.121,0.000,0.000,1.000,2.000,0.000,0.000,0.000,0,0,0
B3_zmq_pushpull,zmq_tcp,none,none,,1,981,512,584,1785153437442373000,1785153437442374000,1785153437442374000,1785153437442375000,1785153437442503000,1785153437442506000,1785153437442506000,1785153437442506000,121932490,121652369,-152.121,1.000,0.000,1.000,3.000,0.000,0.000,0.000,0,0,0
B3_zmq_pushpull,zmq_tcp,none,none,,1,982,512,584,1785153437443307000,1785153437443307000,1785153437443307000,1785153437443308000,1785153437443448000,1785153437443451000,1785153437443451000,1785153437443451000,121932490,121652369,-140.121,0.000,0.000,1.000,3.000,0.000,0.000,0.000,0,0,0
B3_zmq_pushpull,zmq_tcp,none,none,,1,983,512,584,1785153437444280000,1785153437444280000,1785153437444280000,1785153437444281000,1785153437444429000,1785153437444432000,1785153437444432000,1785153437444432000,121932490,121652369,-132.121,0.000,0.000,1.000,3.000,0.000,0.000,0.000,0,0,0
B3_zmq_pushpull,zmq_tcp,none,none,,1,984,512,584,1785153437445411000,1785153437445411000,1785153437445411000,1785153437445412000,1785153437445552000,1785153437445555000,1785153437445555000,1785153437445555000,121932490,121652369,-140.121,0.000,0.000,1.000,3.000,0.000,0.000,0.000,0,0,0
B3_zmq_pushpull,zmq_tcp,none,none,,1,985,512,584,1785153437446377000,1785153437446378000,1785153437446378000,1785153437446379000,1785153437446520000,1785153437446523000,1785153437446524000,1785153437446524000,121932490,121652369,-139.121,1.000,0.000,1.000,3.000,1.000,0.000,0.000,0,0,0
B3_zmq_pushpull,zmq_tcp,none,none,,1,986,512,584,1785153437447194000,1785153437447194000,1785153437447194000,1785153437447195000,1785153437447347000,1785153437447350000,1785153437447350000,1785153437447350000,121932490,121652369,-128.121,0.000,0.000,1.000,3.000,0.000,0.000,0.000,0,0,0
B3_zmq_pushpull,zmq_tcp,none,none,,1,987,512,584,1785153437448310000,1785153437448310000,1785153437448310000,1785153437448311000,1785153437448452000,1785153437448455000,1785153437448455000,1785153437448455000,121932490,121652369,-139.121,0.000,0.000,1.000,3.000,0.000,0.000,0.000,0,0,0
B3_zmq_pushpull,zmq_tcp,none,none,,1,988,512,584,1785153437449287000,1785153437449287000,1785153437449288000,1785153437449288000,1785153437449430000,1785153437449433000,1785153437449433000,1785153437449433000,121932490,121652369,-138.121,0.000,1.000,0.000,3.000,0.000,0.000,0.000,0,0,0
B3_zmq_pushpull,zmq_tcp,none,none,,1,989,512,584,1785153437450260000,1785153437450260000,1785153437450260000,1785153437450261000,1785153437450411000,1785153437450413000,1785153437450413000,1785153437450413000,121932490,121652369,-130.121,0.000,0.000,1.000,2.000,0.000,0.000,0.000,0,0,0
B3_zmq_pushpull,zmq_tcp,none,none,,1,990,512,584,1785153437451238000,1785153437451238000,1785153437451238000,1785153437451239000,1785153437451383000,1785153437451386000,1785153437451386000,1785153437451386000,121932490,121652369,-136.121,0.000,0.000,1.000,3.000,0.000,0.000,0.000,0,0,0
B3_zmq_pushpull,zmq_tcp,none,none,,1,991,512,584,1785153437452425000,1785153437452426000,1785153437452426000,1785153437452427000,1785153437452492000,1785153437452495000,1785153437452495000,1785153437452495000,121932490,121652369,-215.121,1.000,0.000,1.000,3.000,0.000,0.000,0.000,0,0,0
B3_zmq_pushpull,zmq_tcp,none,none,,1,992,512,584,1785153437453374000,1785153437453374000,1785153437453374000,1785153437453375000,1785153437453461000,1785153437453464000,1785153437453464000,1785153437453464000,121932490,121652369,-194.121,0.000,0.000,1.000,3.000,0.000,0.000,0.000,0,0,0
B3_zmq_pushpull,zmq_tcp,none,none,,1,993,512,584,1785153437454188000,1785153437454188000,1785153437454188000,1785153437454189000,1785153437454331000,1785153437454334000,1785153437454334000,1785153437454334000,121932490,121652369,-138.121,0.000,0.000,1.000,3.000,0.000,0.000,0.000,0,0,0
B3_zmq_pushpull,zmq_tcp,none,none,,1,994,512,584,1785153437455312000,1785153437455312000,1785153437455312000,1785153437455313000,1785153437455456000,1785153437455461000,1785153437455461000,1785153437455461000,121932490,121652369,-137.121,0.000,0.000,1.000,5.000,0.000,0.000,0.000,0,0,0
B3_zmq_pushpull,zmq_tcp,none,none,,1,995,512,584,1785153437456403000,1785153437456403000,1785153437456404000,1785153437456405000,1785153437456579000,1785153437456582000,1785153437456582000,1785153437456582000,121932490,121652369,-106.121,0.000,1.000,1.000,3.000,0.000,0.000,0.000,0,0,0
B3_zmq_pushpull,zmq_tcp,none,none,,1,996,512,584,1785153437457376000,1785153437457376000,1785153437457376000,1785153437457377000,1785153437457429000,1785153437457433000,1785153437457433000,1785153437457433000,121932490,121652369,-228.121,0.000,0.000,1.000,4.000,0.000,0.000,0.000,0,0,0
B3_zmq_pushpull,zmq_tcp,none,none,,1,997,512,584,1785153437458388000,1785153437458388000,1785153437458388000,1785153437458389000,1785153437458434000,1785153437458437000,1785153437458437000,1785153437458437000,121932490,121652369,-235.121,0.000,0.000,1.000,3.000,0.000,0.000,0.000,0,0,0
B3_zmq_pushpull,zmq_tcp,none,none,,1,998,512,584,1785153437459385000,1785153437459386000,1785153437459386000,1785153437459387000,1785153437459433000,1785153437459436000,1785153437459436000,1785153437459436000,121932490,121652369,-234.121,1.000,0.000,1.000,3.000,0.000,0.000,0.000,0,0,0
B3_zmq_pushpull,zmq_tcp,none,none,,1,999,512,584,1785153437460387000,1785153437460387000,1785153437460387000,1785153437460388000,1785153437460453000,1785153437460460000,1785153437460460000,1785153437460460000,121932490,121652369,-215.121,0.000,0.000,1.000,7.000,0.000,0.000,0.000,0,0,0
B3_zmq_pushpull,zmq_tcp,none,none,,1,1000,512,584,1785153437461384000,1785153437461384000,1785153437461384000,1785153437461385000,1785153437461450000,1785153437461454000,1785153437461454000,1785153437461454000,121932490,121652369,-215.121,0.000,0.000,1.000,4.000,0.000,0.000,0.000,0,0,0
B3_zmq_pushpull,zmq_tcp,none,none,,1,1001,512,584,1785153437462286000,1785153437462286000,1785153437462286000,1785153437462287000,1785153437462440000,1785153437462442000,1785153437462442000,1785153437462442000,121932490,121652369,-127.121,0.000,0.000,1.000,2.000,0.000,0.000,0.000,0,0,0
B3_zmq_pushpull,zmq_tcp,none,none,,1,1002,512,584,1785153437463411000,1785153437463411000,1785153437463411000,1785153437463412000,1785153437463566000,1785153437463569000,1785153437463569000,1785153437463569000,121932490,121652369,-126.121,0.000,0.000,1.000,3.000,0.000,0.000,0.000,0,0,0
B3_zmq_pushpull,zmq_tcp,none,none,,1,1003,512,584,1785153437464270000,1785153437464270000,1785153437464270000,1785153437464271000,1785153437464426000,1785153437464429000,1785153437464429000,1785153437464429000,121932490,121652369,-125.121,0.000,0.000,1.000,3.000,0.000,0.000,0.000,0,0,0
B3_zmq_pushpull,zmq_tcp,none,none,,1,1004,512,584,1785153437465282000,1785153437465282000,1785153437465282000,1785153437465283000,1785153437465441000,1785153437465444000,1785153437465444000,1785153437465444000,121932490,121652369,-122.121,0.000,0.000,1.000,3.000,0.000,0.000,0.000,0,0,0
B3_zmq_pushpull,zmq_tcp,none,none,,1,1005,512,584,1785153437466413000,1785153437466413000,1785153437466413000,1785153437466414000,1785153437466596000,1785153437466598000,1785153437466598000,1785153437466598000,121932490,121652369,-98.121,0.000,0.000,1.000,2.000,0.000,0.000,0.000,0,0,0
B3_zmq_pushpull,zmq_tcp,none,none,,1,1006,512,584,1785153437467379000,1785153437467379000,1785153437467379000,1785153437467380000,1785153437467446000,1785153437467449000,1785153437467449000,1785153437467449000,121932490,121652369,-214.121,0.000,0.000,1.000,3.000,0.000,0.000,0.000,0,0,0
B3_zmq_pushpull,zmq_tcp,none,none,,1,1007,512,584,1785153437468387000,1785153437468387000,1785153437468387000,1785153437468388000,1785153437468456000,1785153437468458000,1785153437468458000,1785153437468458000,121932490,121652369,-212.121,0.000,0.000,1.000,2.000,0.000,0.000,0.000,0,0,0
B3_zmq_pushpull,zmq_tcp,none,none,,1,1008,512,584,1785153437469386000,1785153437469386000,1785153437469386000,1785153437469387000,1785153437469450000,1785153437469453000,1785153437469453000,1785153437469453000,121932490,121652369,-217.121,0.000,0.000,1.000,3.000,0.000,0.000,0.000,0,0,0
B3_zmq_pushpull,zmq_tcp,none,none,,1,1009,512,584,1785153437470305000,1785153437470306000,1785153437470306000,1785153437470307000,1785153437470446000,1785153437470449000,1785153437470449000,1785153437470449000,121932490,121652369,-141.121,1.000,0.000,1.000,3.000,0.000,0.000,0.000,0,0,0
B3_zmq_pushpull,zmq_tcp,none,none,,1,1010,512,584,1785153437471293000,1785153437471293000,1785153437471294000,1785153437471294000,1785153437471452000,1785153437471454000,1785153437471454000,1785153437471454000,121932490,121652369,-122.121,0.000,1.000,0.000,2.000,0.000,0.000,0.000,0,0,0
B3_zmq_pushpull,zmq_tcp,none,none,,1,1011,512,584,1785153437472408000,1785153437472408000,1785153437472408000,1785153437472409000,1785153437472466000,1785153437472468000,1785153437472468000,1785153437472469000,121932490,121652369,-223.121,0.000,0.000,1.000,2.000,0.000,1.000,0.000,0,0,0
B3_zmq_pushpull,zmq_tcp,none,none,,1,1012,512,584,1785153437473380000,1785153437473380000,1785153437473380000,1785153437473381000,1785153437473488000,1785153437473490000,1785153437473490000,1785153437473490000,121932490,121652369,-173.121,0.000,0.000,1.000,2.000,0.000,0.000,0.000,0,0,0
B3_zmq_pushpull,zmq_tcp,none,none,,1,1013,512,584,1785153437474388000,1785153437474388000,1785153437474388000,1785153437474389000,1785153437474501000,1785153437474504000,1785153437474504000,1785153437474504000,121932490,121652369,-168.121,0.000,0.000,1.000,3.000,0.000,0.000,0.000,0,0,0
B3_zmq_pushpull,zmq_tcp,none,none,,1,1014,512,584,1785153437475385000,1785153437475385000,1785153437475385000,1785153437475386000,1785153437475499000,1785153437475501000,1785153437475501000,1785153437475501000,121932490,121652369,-167.121,0.000,0.000,1.000,2.000,0.000,0.000,0.000,0,0,0
B3_zmq_pushpull,zmq_tcp,none,none,,1,1015,512,584,1785153437476385000,1785153437476385000,1785153437476385000,1785153437476386000,1785153437476494000,1785153437476497000,1785153437476497000,1785153437476497000,121932490,121652369,-172.121,0.000,0.000,1.000,3.000,0.000,0.000,0.000,0,0,0
B3_zmq_pushpull,zmq_tcp,none,none,,1,1016,512,584,1785153437477383000,1785153437477383000,1785153437477383000,1785153437477384000,1785153437477500000,1785153437477502000,1785153437477502000,1785153437477502000,121932490,121652369,-164.121,0.000,0.000,1.000,2.000,0.000,0.000,0.000,0,0,0
B3_zmq_pushpull,zmq_tcp,none,none,,1,1017,512,584,1785153437478386000,1785153437478387000,1785153437478387000,1785153437478388000,1785153437478517000,1785153437478520000,1785153437478520000,1785153437478520000,121932490,121652369,-151.121,1.000,0.000,1.000,3.000,0.000,0.000,0.000,0,0,0
B3_zmq_pushpull,zmq_tcp,none,none,,1,1018,512,584,1785153437479385000,1785153437479385000,1785153437479385000,1785153437479386000,1785153437479508000,1785153437479510000,1785153437479510000,1785153437479510000,121932490,121652369,-158.121,0.000,0.000,1.000,2.000,0.000,0.000,0.000,0,0,0
B3_zmq_pushpull,zmq_tcp,none,none,,1,1019,512,584,1785153437480387000,1785153437480387000,1785153437480387000,1785153437480388000,1785153437480492000,1785153437480494000,1785153437480494000,1785153437480494000,121932490,121652369,-176.121,0.000,0.000,1.000,2.000,0.000,0.000,0.000,0,0,0
B3_zmq_pushpull,zmq_tcp,none,none,,1,1020,512,584,1785153437481384000,1785153437481384000,1785153437481384000,1785153437481385000,1785153437481497000,1785153437481500000,1785153437481500000,1785153437481500000,121932490,121652369,-168.121,0.000,0.000,1.000,3.000,0.000,0.000,0.000,0,0,0
B3_zmq_pushpull,zmq_tcp,none,none,,1,1021,512,584,1785153437482388000,1785153437482388000,1785153437482388000,1785153437482389000,1785153437482500000,1785153437482503000,1785153437482503000,1785153437482503000,121932490,121652369,-169.121,0.000,0.000,1.000,3.000,0.000,0.000,0.000,0,0,0
B3_zmq_pushpull,zmq_tcp,none,none,,1,1022,512,584,1785153437483385000,1785153437483385000,1785153437483385000,1785153437483386000,1785153437483497000,1785153437483500000,1785153437483500000,1785153437483500000,121932490,121652369,-169.121,0.000,0.000,1.000,3.000,0.000,0.000,0.000,0,0,0
B3_zmq_pushpull,zmq_tcp,none,none,,1,1023,512,584,1785153437484385000,1785153437484385000,1785153437484385000,1785153437484386000,1785153437484496000,1785153437484499000,1785153437484499000,1785153437484499000,121932490,121652369,-170.121,0.000,0.000,1.000,3.000,0.000,0.000,0.000,0,0,0
B3_zmq_pushpull,zmq_tcp,none,none,,1,1024,512,584,1785153437485383000,1785153437485383000,1785153437485383000,1785153437485384000,1785153437485487000,1785153437485490000,1785153437485490000,1785153437485490000,121932490,121652369,-177.121,0.000,0.000,1.000,3.000,0.000,0.000,0.000,0,0,0
B3_zmq_pushpull,zmq_tcp,none,none,,1,1025,512,584,1785153437486389000,1785153437486390000,1785153437486390000,1785153437486391000,1785153437486464000,1785153437486466000,1785153437486466000,1785153437486467000,121932490,121652369,-207.121,1.000,0.000,1.000,2.000,0.000,1.000,0.000,0,0,0
B3_zmq_pushpull,zmq_tcp,none,none,,1,1026,512,584,1785153437487193000,1785153437487194000,1785153437487194000,1785153437487195000,1785153437487338000,1785153437487341000,1785153437487341000,1785153437487341000,121932490,121652369,-137.121,1.000,0.000,1.000,3.000,0.000,0.000,0.000,0,0,0
B3_zmq_pushpull,zmq_tcp,none,none,,1,1027,512,584,1785153437488194000,1785153437488194000,1785153437488194000,1785153437488195000,1785153437488354000,1785153437488357000,1785153437488357000,1785153437488357000,121932490,121652369,-121.121,0.000,0.000,1.000,3.000,0.000,0.000,0.000,0,0,0
B3_zmq_pushpull,zmq_tcp,none,none,,1,1028,512,584,1785153437489433000,1785153437489433000,1785153437489433000,1785153437489434000,1785153437489474000,1785153437489477000,1785153437489477000,1785153437489477000,121932490,121652369,-240.121,0.000,0.000,1.000,3.000,0.000,0.000,0.000,0,0,0
B3_zmq_pushpull,zmq_tcp,none,none,,1,1029,512,584,1785153437490373000,1785153437490374000,1785153437490374000,1785153437490375000,1785153437490469000,1785153437490472000,1785153437490472000,1785153437490472000,121932490,121652369,-186.121,1.000,0.000,1.000,3.000,0.000,0.000,0.000,0,0,0
B3_zmq_pushpull,zmq_tcp,none,none,,1,1030,512,584,1785153437491390000,1785153437491390000,1785153437491391000,1785153437491391000,1785153437491446000,1785153437491449000,1785153437491449000,1785153437491449000,121932490,121652369,-225.121,0.000,1.000,0.000,3.000,0.000,0.000,0.000,0,0,0
B3_zmq_pushpull,zmq_tcp,none,none,,1,1031,512,584,1785153437492382000,1785153437492382000,1785153437492382000,1785153437492383000,1785153437492448000,1785153437492451000,1785153437492451000,1785153437492451000,121932490,121652369,-215.121,0.000,0.000,1.000,3.000,0.000,0.000,0.000,0,0,0
B3_zmq_pushpull,zmq_tcp,none,none,,1,1032,512,584,1785153437493296000,1785153437493296000,1785153437493296000,1785153437493297000,1785153437493444000,1785153437493447000,1785153437493447000,1785153437493447000,121932490,121652369,-133.121,0.000,0.000,1.000,3.000,0.000,0.000,0.000,0,0,0
B3_zmq_pushpull,zmq_tcp,none,none,,1,1033,512,584,1785153437494411000,1785153437494411000,1785153437494411000,1785153437494412000,1785153437494580000,1785153437494582000,1785153437494582000,1785153437494582000,121932490,121652369,-112.121,0.000,0.000,1.000,2.000,0.000,0.000,0.000,0,0,0
B3_zmq_pushpull,zmq_tcp,none,none,,1,1034,512,584,1785153437495279000,1785153437495279000,1785153437495279000,1785153437495280000,1785153437495438000,1785153437495441000,1785153437495441000,1785153437495441000,121932490,121652369,-122.121,0.000,0.000,1.000,3.000,0.000,0.000,0.000,0,0,0
B3_zmq_pushpull,zmq_tcp,none,none,,1,1035,512,584,1785153437496300000,1785153437496300000,1785153437496300000,1785153437496301000,1785153437496454000,1785153437496457000,1785153437496457000,1785153437496457000,121932490,121652369,-127.121,0.000,0.000,1.000,3.000,0.000,0.000,0.000,0,0,0
B3_zmq_pushpull,zmq_tcp,none,none,,1,1036,512,584,1785153437497407000,1785153437497407000,1785153437497407000,1785153437497408000,1785153437497451000,1785153437497454000,1785153437497454000,1785153437497454000,121932490,121652369,-237.121,0.000,0.000,1.000,3.000,0.000,0.000,0.000,0,0,0
B3_zmq_pushpull,zmq_tcp,none,none,,1,1037,512,584,1785153437498380000,1785153437498380000,1785153437498380000,1785153437498381000,1785153437498436000,1785153437498438000,1785153437498438000,1785153437498438000,121932490,121652369,-225.121,0.000,0.000,1.000,2.000,0.000,0.000,0.000,0,0,0
B3_zmq_pushpull,zmq_tcp,none,none,,1,1038,512,584,1785153437499387000,1785153437499388000,1785153437499388000,1785153437499389000,1785153437499432000,1785153437499435000,1785153437499435000,1785153437499435000,121932490,121652369,-237.121,1.000,0.000,1.000,3.000,0.000,0.000,0.000,0,0,0
B3_zmq_pushpull,zmq_tcp,none,none,,1,1039,512,584,1785153437500386000,1785153437500386000,1785153437500386000,1785153437500387000,1785153437500581000,1785153437500584000,1785153437500584000,1785153437500584000,121932490,121652369,-86.121,0.000,0.000,1.000,3.000,0.000,0.000,0.000,0,0,0
B3_zmq_pushpull,zmq_tcp,none,none,,1,1040,512,584,1785153437501388000,1785153437501388000,1785153437501388000,1785153437501389000,1785153437501455000,1785153437501458000,1785153437501458000,1785153437501458000,121932490,121652369,-214.121,0.000,0.000,1.000,3.000,0.000,0.000,0.000,0,0,0
B3_zmq_pushpull,zmq_tcp,none,none,,1,1041,512,584,1785153437502297000,1785153437502297000,1785153437502297000,1785153437502298000,1785153437502457000,1785153437502460000,1785153437502460000,1785153437502460000,121932490,121652369,-121.121,0.000,0.000,1.000,3.000,0.000,0.000,0.000,0,0,0
B3_zmq_pushpull,zmq_tcp,none,none,,1,1042,512,584,1785153437503409000,1785153437503409000,1785153437503409000,1785153437503410000,1785153437503453000,1785153437503456000,1785153437503456000,1785153437503456000,121932490,121652369,-237.121,0.000,0.000,1.000,3.000,0.000,0.000,0.000,0,0,0
B3_zmq_pushpull,zmq_tcp,none,none,,1,1043,512,584,1785153437504380000,1785153437504380000,1785153437504380000,1785153437504381000,1785153437504450000,1785153437504453000,1785153437504453000,1785153437504453000,121932490,121652369,-211.121,0.000,0.000,1.000,3.000,0.000,0.000,0.000,0,0,0
B3_zmq_pushpull,zmq_tcp,none,none,,1,1044,512,584,1785153437505387000,1785153437505387000,1785153437505387000,1785153437505388000,1785153437505448000,1785153437505452000,1785153437505452000,1785153437505452000,121932490,121652369,-220.121,0.000,0.000,1.000,4.000,0.000,0.000,0.000,0,0,0
B3_zmq_pushpull,zmq_tcp,none,none,,1,1045,512,584,1785153437506384000,1785153437506384000,1785153437506384000,1785153437506385000,1785153437506469000,1785153437506472000,1785153437506472000,1785153437506472000,121932490,121652369,-196.121,0.000,0.000,1.000,3.000,0.000,0.000,0.000,0,0,0
B3_zmq_pushpull,zmq_tcp,none,none,,1,1046,512,584,1785153437507388000,1785153437507388000,1785153437507388000,1785153437507389000,1785153437507472000,1785153437507475000,1785153437507475000,1785153437507475000,121932490,121652369,-197.121,0.000,0.000,1.000,3.000,0.000,0.000,0.000,0,0,0
B3_zmq_pushpull,zmq_tcp,none,none,,1,1047,512,584,1785153437508385000,1785153437508385000,1785153437508385000,1785153437508386000,1785153437508473000,1785153437508476000,1785153437508476000,1785153437508476000,121932490,121652369,-193.121,0.000,0.000,1.000,3.000,0.000,0.000,0.000,0,0,0
B3_zmq_pushpull,zmq_tcp,none,none,,1,1048,512,584,1785153437509388000,1785153437509388000,1785153437509388000,1785153437509389000,1785153437509484000,1785153437509487000,1785153437509487000,1785153437509487000,121932490,121652369,-185.121,0.000,0.000,1.000,3.000,0.000,0.000,0.000,0,0,0
B3_zmq_pushpull,zmq_tcp,none,none,,1,1049,512,584,1785153437510382000,1785153437510382000,1785153437510382000,1785153437510383000,1785153437510484000,1785153437510487000,1785153437510487000,1785153437510487000,121932490,121652369,-179.121,0.000,0.000,1.000,3.000,0.000,0.000,0.000,0,0,0
B3_zmq_pushpull,zmq_tcp,none,none,,1,1050,512,584,1785153437511387000,1785153437511387000,1785153437511387000,1785153437511388000,1785153437511482000,1785153437511485000,1785153437511485000,1785153437511485000,121932490,121652369,-186.121,0.000,0.000,1.000,3.000,0.000,0.000,0.000,0,0,0
B3_zmq_pushpull,zmq_tcp,none,none,,1,1051,512,584,1785153437512386000,1785153437512386000,1785153437512386000,1785153437512387000,1785153437512479000,1785153437512481000,1785153437512481000,1785153437512481000,121932490,121652369,-188.121,0.000,0.000,1.000,2.000,0.000,0.000,0.000,0,0,0
B3_zmq_pushpull,zmq_tcp,none,none,,1,1052,512,584,1785153437513390000,1785153437513390000,1785153437513390000,1785153437513391000,1785153437513492000,1785153437513494000,1785153437513495000,1785153437513495000,121932490,121652369,-179.121,0.000,0.000,1.000,2.000,1.000,0.000,0.000,0,0,0
B3_zmq_pushpull,zmq_tcp,none,none,,1,1053,512,584,1785153437514384000,1785153437514385000,1785153437514385000,1785153437514386000,1785153437514502000,1785153437514505000,1785153437514505000,1785153437514505000,121932490,121652369,-164.121,1.000,0.000,1.000,3.000,0.000,0.000,0.000,0,0,0
B3_zmq_pushpull,zmq_tcp,none,none,,1,1054,512,584,1785153437515219000,1785153437515219000,1785153437515219000,1785153437515220000,1785153437515377000,1785153437515380000,1785153437515380000,1785153437515380000,121932490,121652369,-123.121,0.000,0.000,1.000,3.000,0.000,0.000,0.000,0,0,0
B3_zmq_pushpull,zmq_tcp,none,none,,1,1055,512,584,1785153437516225000,1785153437516225000,1785153437516225000,1785153437516226000,1785153437516382000,1785153437516384000,1785153437516384000,1785153437516384000,121932490,121652369,-124.121,0.000,0.000,1.000,2.000,0.000,0.000,0.000,0,0,0
B3_zmq_pushpull,zmq_tcp,none,none,,1,1056,512,584,1785153437517235000,1785153437517236000,1785153437517236000,1785153437517237000,1785153437517392000,1785153437517395000,1785153437517395000,1785153437517395000,121932490,121652369,-125.121,1.000,0.000,1.000,3.000,0.000,0.000,0.000,0,0,0
B3_zmq_pushpull,zmq_tcp,none,none,,1,1057,512,584,1785153437518245000,1785153437518245000,1785153437518245000,1785153437518246000,1785153437518389000,1785153437518392000,1785153437518392000,1785153437518392000,121932490,121652369,-137.121,0.000,0.000,1.000,3.000,0.000,0.000,0.000,0,0,0
B3_zmq_pushpull,zmq_tcp,none,none,,1,1058,512,584,1785153437519422000,1785153437519422000,1785153437519422000,1785153437519423000,1785153437519517000,1785153437519520000,1785153437519520000,1785153437519520000,121932490,121652369,-186.121,0.000,0.000,1.000,3.000,0.000,0.000,0.000,0,0,0
B3_zmq_pushpull,zmq_tcp,none,none,,1,1059,512,584,1785153437520378000,1785153437520378000,1785153437520378000,1785153437520379000,1785153437520528000,1785153437520530000,1785153437520531000,1785153437520531000,121932490,121652369,-131.121,0.000,0.000,1.000,2.000,1.000,0.000,0.000,0,0,0
B3_zmq_pushpull,zmq_tcp,none,none,,1,1060,512,584,1785153437521235000,1785153437521235000,1785153437521235000,1785153437521236000,1785153437521389000,1785153437521391000,1785153437521391000,1785153437521391000,121932490,121652369,-127.121,0.000,0.000,1.000,2.000,0.000,0.000,0.000,0,0,0
B3_zmq_pushpull,zmq_tcp,none,none,,1,1061,512,584,1785153437522424000,1785153437522424000,1785153437522424000,1785153437522425000,1785153437522527000,1785153437522529000,1785153437522529000,1785153437522529000,121932490,121652369,-178.121,0.000,0.000,1.000,2.000,0.000,0.000,0.000,0,0,0
B3_zmq_pushpull,zmq_tcp,none,none,,1,1062,512,584,1785153437523381000,1785153437523381000,1785153437523381000,1785153437523382000,1785153437523541000,1785153437523544000,1785153437523544000,1785153437523544000,121932490,121652369,-121.121,0.000,0.000,1.000,3.000,0.000,0.000,0.000,0,0,0
B3_zmq_pushpull,zmq_tcp,none,none,,1,1063,512,584,1785153437524251000,1785153437524251000,1785153437524251000,1785153437524252000,1785153437524405000,1785153437524408000,1785153437524408000,1785153437524408000,121932490,121652369,-127.121,0.000,0.000,1.000,3.000,0.000,0.000,0.000,0,0,0
B3_zmq_pushpull,zmq_tcp,none,none,,1,1064,512,584,1785153437525420000,1785153437525420000,1785153437525420000,1785153437525421000,1785153437525541000,1785153437525544000,1785153437525544000,1785153437525544000,121932490,121652369,-160.121,0.000,0.000,1.000,3.000,0.000,0.000,0.000,0,0,0
B3_zmq_pushpull,zmq_tcp,none,none,,1,1065,512,584,1785153437526234000,1785153437526234000,1785153437526234000,1785153437526235000,1785153437526379000,1785153437526382000,1785153437526382000,1785153437526382000,121932490,121652369,-136.121,0.000,0.000,1.000,3.000,0.000,0.000,0.000,0,0,0
B3_zmq_pushpull,zmq_tcp,none,none,,1,1066,512,584,1785153437527231000,1785153437527231000,1785153437527231000,1785153437527232000,1785153437527385000,1785153437527388000,1785153437527388000,1785153437527388000,121932490,121652369,-127.121,0.000,0.000,1.000,3.000,0.000,0.000,0.000,0,0,0
B3_zmq_pushpull,zmq_tcp,none,none,,1,1067,512,584,1785153437528219000,1785153437528219000,1785153437528219000,1785153437528220000,1785153437528368000,1785153437528371000,1785153437528371000,1785153437528371000,121932490,121652369,-132.121,0.000,0.000,1.000,3.000,0.000,0.000,0.000,0,0,0
B3_zmq_pushpull,zmq_tcp,none,none,,1,1068,512,584,1785153437529428000,1785153437529428000,1785153437529428000,1785153437529429000,1785153437529485000,1785153437529487000,1785153437529487000,1785153437529487000,121932490,121652369,-224.121,0.000,0.000,1.000,2.000,0.000,0.000,0.000,0,0,0
B3_zmq_pushpull,zmq_tcp,none,none,,1,1069,512,584,1785153437530375000,1785153437530375000,1785153437530375000,1785153437530376000,1785153437530473000,1785153437530476000,1785153437530476000,1785153437530476000,121932490,121652369,-183.121,0.000,0.000,1.000,3.000,0.000,0.000,0.000,0,0,0
B3_zmq_pushpull,zmq_tcp,none,none,,1,1070,512,584,1785153437531386000,1785153437531386000,1785153437531386000,1785153437531387000,1785153437531473000,1785153437531476000,1785153437531476000,1785153437531476000,121932490,121652369,-194.121,0.000,0.000,1.000,3.000,0.000,0.000,0.000,0,0,0
B3_zmq_pushpull,zmq_tcp,none,none,,1,1071,512,584,1785153437532386000,1785153437532386000,1785153437532386000,1785153437532387000,1785153437532468000,1785153437532470000,1785153437532471000,1785153437532471000,121932490,121652369,-199.121,0.000,0.000,1.000,2.000,1.000,0.000,0.000,0,0,0
B3_zmq_pushpull,zmq_tcp,none,none,,1,1072,512,584,1785153437533386000,1785153437533386000,1785153437533386000,1785153437533387000,1785153437533445000,1785153437533448000,1785153437533448000,1785153437533448000,121932490,121652369,-222.121,0.000,0.000,1.000,3.000,0.000,0.000,0.000,0,0,0
B3_zmq_pushpull,zmq_tcp,none,none,,1,1073,512,584,1785153437534386000,1785153437534386000,1785153437534386000,1785153437534387000,1785153437534445000,1785153437534448000,1785153437534448000,1785153437534448000,121932490,121652369,-222.121,0.000,0.000,1.000,3.000,0.000,0.000,0.000,0,0,0
B3_zmq_pushpull,zmq_tcp,none,none,,1,1074,512,584,1785153437535388000,1785153437535388000,1785153437535388000,1785153437535389000,1785153437535449000,1785153437535452000,1785153437535452000,1785153437535452000,121932490,121652369,-220.121,0.000,0.000,1.000,3.000,0.000,0.000,0.000,0,0,0
B3_zmq_pushpull,zmq_tcp,none,none,,1,1075,512,584,1785153437536386000,1785153437536386000,1785153437536386000,1785153437536387000,1785153437536435000,1785153437536438000,1785153437536438000,1785153437536438000,121932490,121652369,-232.121,0.000,0.000,1.000,3.000,0.000,0.000,0.000,0,0,0
B3_zmq_pushpull,zmq_tcp,none,none,,1,1076,512,584,1785153437537277000,1785153437537277000,1785153437537277000,1785153437537278000,1785153437537435000,1785153437537437000,1785153437537437000,1785153437537437000,121932490,121652369,-123.121,0.000,0.000,1.000,2.000,0.000,0.000,0.000,0,0,0
B3_zmq_pushpull,zmq_tcp,none,none,,1,1077,512,584,1785153437538413000,1785153437538413000,1785153437538413000,1785153437538414000,1785153437538584000,1785153437538587000,1785153437538587000,1785153437538587000,121932490,121652369,-110.121,0.000,0.000,1.000,3.000,0.000,0.000,0.000,0,0,0
B3_zmq_pushpull,zmq_tcp,none,none,,1,1078,512,584,1785153437539379000,1785153437539379000,1785153437539379000,1785153437539380000,1785153437539440000,1785153437539443000,1785153437539443000,1785153437539443000,121932490,121652369,-220.121,0.000,0.000,1.000,3.000,0.000,0.000,0.000,0,0,0
B3_zmq_pushpull,zmq_tcp,none,none,,1,1079,512,584,1785153437540389000,1785153437540389000,1785153437540389000,1785153437540390000,1785153437540446000,1785153437540449000,1785153437540449000,1785153437540449000,121932490,121652369,-224.121,0.000,0.000,1.000,3.000,0.000,0.000,0.000,0,0,0
B3_zmq_pushpull,zmq_tcp,none,none,,1,1080,512,584,1785153437541270000,1785153437541270000,1785153437541270000,1785153437541271000,1785153437541428000,1785153437541431000,1785153437541431000,1785153437541431000,121932490,121652369,-123.121,0.000,0.000,1.000,3.000,0.000,0.000,0.000,0,0,0
B3_zmq_pushpull,zmq_tcp,none,none,,1,1081,512,584,1785153437542415000,1785153437542415000,1785153437542415000,1785153437542416000,1785153437542564000,1785153437542567000,1785153437542567000,1785153437542567000,121932490,121652369,-132.121,0.000,0.000,1.000,3.000,0.000,0.000,0.000,0,0,0
B3_zmq_pushpull,zmq_tcp,none,none,,1,1082,512,584,1785153437543285000,1785153437543286000,1785153437543286000,1785153437543287000,1785153437543444000,1785153437543447000,1785153437543447000,1785153437543447000,121932490,121652369,-123.121,1.000,0.000,1.000,3.000,0.000,0.000,0.000,0,0,0
B3_zmq_pushpull,zmq_tcp,none,none,,1,1083,512,584,1785153437544412000,1785153437544413000,1785153437544413000,1785153437544414000,1785153437544591000,1785153437544594000,1785153437544595000,1785153437544595000,121932490,121652369,-103.121,1.000,0.000,1.000,3.000,1.000,0.000,0.000,0,0,0
B3_zmq_pushpull,zmq_tcp,none,none,,1,1084,512,584,1785153437545377000,1785153437545377000,1785153437545377000,1785153437545378000,1785153437545431000,1785153437545434000,1785153437545434000,1785153437545434000,121932490,121652369,-227.121,0.000,0.000,1.000,3.000,0.000,0.000,0.000,0,0,0
B3_zmq_pushpull,zmq_tcp,none,none,,1,1085,512,584,1785153437546275000,1785153437546276000,1785153437546276000,1785153437546277000,1785153437546429000,1785153437546432000,1785153437546432000,1785153437546432000,121932490,121652369,-128.121,1.000,0.000,1.000,3.000,0.000,0.000,0.000,0,0,0
B3_zmq_pushpull,zmq_tcp,none,none,,1,1086,512,584,1785153437547414000,1785153437547414000,1785153437547414000,1785153437547415000,1785153437547563000,1785153437547565000,1785153437547566000,1785153437547566000,121932490,121652369,-132.121,0.000,0.000,1.000,2.000,1.000,0.000,0.000,0,0,0
B3_zmq_pushpull,zmq_tcp,none,none,,1,1087,512,584,1785153437548377000,1785153437548377000,1785153437548377000,1785153437548378000,1785153437548560000,1785153437548563000,1785153437548563000,1785153437548563000,121932490,121652369,-98.121,0.000,0.000,1.000,3.000,0.000,0.000,0.000,0,0,0
B3_zmq_pushpull,zmq_tcp,none,none,,1,1088,512,584,1785153437549268000,1785153437549268000,1785153437549268000,1785153437549269000,1785153437549419000,1785153437549421000,1785153437549421000,1785153437549421000,121932490,121652369,-130.121,0.000,0.000,1.000,2.000,0.000,0.000,0.000,0,0,0
B3_zmq_pushpull,zmq_tcp,none,none,,1,1089,512,584,1785153437550263000,1785153437550263000,1785153437550263000,1785153437550264000,1785153437550408000,1785153437550411000,1785153437550411000,1785153437550411000,121932490,121652369,-136.121,0.000,0.000,1.000,3.000,0.000,0.000,0.000,0,0,0
B3_zmq_pushpull,zmq_tcp,none,none,,1,1090,512,584,1785153437551416000,1785153437551416000,1785153437551416000,1785153437551417000,1785153437551557000,1785153437551560000,1785153437551560000,1785153437551560000,121932490,121652369,-140.121,0.000,0.000,1.000,3.000,0.000,0.000,0.000,0,0,0
B3_zmq_pushpull,zmq_tcp,none,none,,1,1091,512,584,1785153437552375000,1785153437552375000,1785153437552375000,1785153437552376000,1785153437552417000,1785153437552420000,1785153437552420000,1785153437552420000,121932490,121652369,-239.121,0.000,0.000,1.000,3.000,0.000,0.000,0.000,0,0,0
B3_zmq_pushpull,zmq_tcp,none,none,,1,1092,512,584,1785153437553389000,1785153437553389000,1785153437553389000,1785153437553390000,1785153437553432000,1785153437553435000,1785153437553435000,1785153437553435000,121932490,121652369,-238.121,0.000,0.000,1.000,3.000,0.000,0.000,0.000,0,0,0
B3_zmq_pushpull,zmq_tcp,none,none,,1,1093,512,584,1785153437554385000,1785153437554385000,1785153437554386000,1785153437554386000,1785153437554439000,1785153437554442000,1785153437554442000,1785153437554442000,121932490,121652369,-227.121,0.000,1.000,0.000,3.000,0.000,0.000,0.000,0,0,0
B3_zmq_pushpull,zmq_tcp,none,none,,1,1094,512,584,1785153437555388000,1785153437555389000,1785153437555389000,1785153437555390000,1785153437555449000,1785153437555453000,1785153437555453000,1785153437555453000,121932490,121652369,-221.121,1.000,0.000,1.000,4.000,0.000,0.000,0.000,0,0,0
B3_zmq_pushpull,zmq_tcp,none,none,,1,1095,512,584,1785153437556382000,1785153437556382000,1785153437556382000,1785153437556383000,1785153437556459000,1785153437556462000,1785153437556462000,1785153437556462000,121932490,121652369,-204.121,0.000,0.000,1.000,3.000,0.000,0.000,0.000,0,0,0
B3_zmq_pushpull,zmq_tcp,none,none,,1,1096,512,584,1785153437557388000,1785153437557388000,1785153437557388000,1785153437557389000,1785153437557573000,1785153437557576000,1785153437557576000,1785153437557576000,121932490,121652369,-96.121,0.000,0.000,1.000,3.000,0.000,0.000,0.000,0,0,0
B3_zmq_pushpull,zmq_tcp,none,none,,1,1097,512,584,1785153437558280000,1785153437558280000,1785153437558280000,1785153437558281000,1785153437558436000,1785153437558439000,1785153437558439000,1785153437558439000,121932490,121652369,-125.121,0.000,0.000,1.000,3.000,0.000,0.000,0.000,0,0,0
B3_zmq_pushpull,zmq_tcp,none,none,,1,1098,512,584,1785153437559413000,1785153437559413000,1785153437559413000,1785153437559414000,1785153437559588000,1785153437559591000,1785153437559591000,1785153437559591000,121932490,121652369,-106.121,0.000,0.000,1.000,3.000,0.000,0.000,0.000,0,0,0
B3_zmq_pushpull,zmq_tcp,none,none,,1,1099,512,584,1785153437560378000,1785153437560378000,1785153437560378000,1785153437560379000,1785153437560446000,1785153437560450000,1785153437560450000,1785153437560450000,121932490,121652369,-213.121,0.000,0.000,1.000,4.000,0.000,0.000,0.000,0,0,0
B3_zmq_pushpull,zmq_tcp,none,none,,1,1100,512,584,1785153437561389000,1785153437561389000,1785153437561389000,1785153437561390000,1785153437561454000,1785153437561457000,1785153437561457000,1785153437561457000,121932490,121652369,-216.121,0.000,0.000,1.000,3.000,0.000,0.000,0.000,0,0,0
B3_zmq_pushpull,zmq_tcp,none,none,,1,1101,512,584,1785153437562299000,1785153437562299000,1785153437562299000,1785153437562300000,1785153437562446000,1785153437562449000,1785153437562449000,1785153437562449000,121932490,121652369,-134.121,0.000,0.000,1.000,3.000,0.000,0.000,0.000,0,0,0
B3_zmq_pushpull,zmq_tcp,none,none,,1,1102,512,584,1785153437563408000,1785153437563408000,1785153437563408000,1785153437563409000,1785153437563586000,1785153437563589000,1785153437563589000,1785153437563589000,121932490,121652369,-103.121,0.000,0.000,1.000,3.000,0.000,0.000,0.000,0,0,0
B3_zmq_pushpull,zmq_tcp,none,none,,1,1103,512,584,1785153437564379000,1785153437564379000,1785153437564379000,1785153437564380000,1785153437564434000,1785153437564437000,1785153437564437000,1785153437564437000,121932490,121652369,-226.121,0.000,0.000,1.000,3.000,0.000,0.000,0.000,0,0,0
B3_zmq_pushpull,zmq_tcp,none,none,,1,1104,512,584,1785153437565387000,1785153437565387000,1785153437565387000,1785153437565388000,1785153437565573000,1785153437565576000,1785153437565576000,1785153437565576000,121932490,121652369,-95.121,0.000,0.000,1.000,3.000,0.000,0.000,0.000,0,0,0
B3_zmq_pushpull,zmq_tcp,none,none,,1,1105,512,584,1785153437566280000,1785153437566280000,1785153437566280000,1785153437566281000,1785153437566435000,1785153437566438000,1785153437566438000,1785153437566438000,121932490,121652369,-126.121,0.000,0.000,1.000,3.000,0.000,0.000,0.000,0,0,0
B3_zmq_pushpull,zmq_tcp,none,none,,1,1106,512,584,1785153437567266000,1785153437567266000,1785153437567266000,1785153437567267000,1785153437567420000,1785153437567423000,1785153437567423000,1785153437567423000,121932490,121652369,-127.121,0.000,0.000,1.000,3.000,0.000,0.000,0.000,0,0,0
B3_zmq_pushpull,zmq_tcp,none,none,,1,1107,512,584,1785153437568261000,1785153437568261000,1785153437568261000,1785153437568262000,1785153437568415000,1785153437568417000,1785153437568417000,1785153437568417000,121932490,121652369,-127.121,0.000,0.000,1.000,2.000,0.000,0.000,0.000,0,0,0
B3_zmq_pushpull,zmq_tcp,none,none,,1,1108,512,584,1785153437569270000,1785153437569270000,1785153437569270000,1785153437569271000,1785153437569429000,1785153437569437000,1785153437569437000,1785153437569437000,121932490,121652369,-122.121,0.000,0.000,1.000,8.000,0.000,0.000,0.000,0,0,0
B3_zmq_pushpull,zmq_tcp,none,none,,1,1109,512,584,1785153437570415000,1785153437570416000,1785153437570416000,1785153437570417000,1785153437570565000,1785153437570569000,1785153437570569000,1785153437570569000,121932490,121652369,-132.121,1.000,0.000,1.000,4.000,0.000,0.000,0.000,0,0,0
B3_zmq_pushpull,zmq_tcp,none,none,,1,1110,512,584,1785153437571255000,1785153437571255000,1785153437571255000,1785153437571256000,1785153437571412000,1785153437571415000,1785153437571415000,1785153437571415000,121932490,121652369,-124.121,0.000,0.000,1.000,3.000,0.000,0.000,0.000,0,0,0
B3_zmq_pushpull,zmq_tcp,none,none,,1,1111,512,584,1785153437572421000,1785153437572422000,1785153437572422000,1785153437572423000,1785153437572553000,1785153437572556000,1785153437572556000,1785153437572556000,121932490,121652369,-150.121,1.000,0.000,1.000,3.000,0.000,0.000,0.000,0,0,0
B3_zmq_pushpull,zmq_tcp,none,none,,1,1112,512,584,1785153437573378000,1785153437573378000,1785153437573378000,1785153437573379000,1785153437573418000,1785153437573421000,1785153437573421000,1785153437573421000,121932490,121652369,-241.121,0.000,0.000,1.000,3.000,0.000,0.000,0.000,0,0,0
B3_zmq_pushpull,zmq_tcp,none,none,,1,1113,512,584,1785153437574389000,1785153437574389000,1785153437574389000,1785153437574390000,1785153437574540000,1785153437574543000,1785153437574543000,1785153437574543000,121932490,121652369,-130.121,0.000,0.000,1.000,3.000,0.000,0.000,0.000,0,0,0
B3_zmq_pushpull,zmq_tcp,none,none,,1,1114,512,584,1785153437575382000,1785153437575383000,1785153437575383000,1785153437575384000,1785153437575544000,1785153437575547000,1785153437575547000,1785153437575547000,121932490,121652369,-120.121,1.000,0.000,1.000,3.000,0.000,0.000,0.000,0,0,0
B3_zmq_pushpull,zmq_tcp,none,none,,1,1115,512,584,1785153437576387000,1785153437576388000,1785153437576388000,1785153437576389000,1785153437576544000,1785153437576547000,1785153437576547000,1785153437576547000,121932490,121652369,-125.121,1.000,0.000,1.000,3.000,0.000,0.000,0.000,0,0,0
B3_zmq_pushpull,zmq_tcp,none,none,,1,1116,512,584,1785153437577250000,1785153437577250000,1785153437577250000,1785153437577251000,1785153437577399000,1785153437577402000,1785153437577402000,1785153437577402000,121932490,121652369,-132.121,0.000,0.000,1.000,3.000,0.000,0.000,0.000,0,0,0
B3_zmq_pushpull,zmq_tcp,none,none,,1,1117,512,584,1785153437578241000,1785153437578241000,1785153437578241000,1785153437578242000,1785153437578397000,1785153437578400000,1785153437578400000,1785153437578400000,121932490,121652369,-125.121,0.000,0.000,1.000,3.000,0.000,0.000,0.000,0,0,0
B3_zmq_pushpull,zmq_tcp,none,none,,1,1118,512,584,1785153437579236000,1785153437579236000,1785153437579236000,1785153437579237000,1785153437579393000,1785153437579396000,1785153437579396000,1785153437579396000,121932490,121652369,-124.121,0.000,0.000,1.000,3.000,0.000,0.000,0.000,0,0,0
B3_zmq_pushpull,zmq_tcp,none,none,,1,1119,512,584,1785153437580240000,1785153437580241000,1785153437580241000,1785153437580242000,1785153437580386000,1785153437580389000,1785153437580389000,1785153437580389000,121932490,121652369,-136.121,1.000,0.000,1.000,3.000,0.000,0.000,0.000,0,0,0
B3_zmq_pushpull,zmq_tcp,none,none,,1,1120,512,584,1785153437581229000,1785153437581229000,1785153437581229000,1785153437581230000,1785153437581384000,1785153437581387000,1785153437581387000,1785153437581387000,121932490,121652369,-126.121,0.000,0.000,1.000,3.000,0.000,0.000,0.000,0,0,0
B3_zmq_pushpull,zmq_tcp,none,none,,1,1121,512,584,1785153437582378000,1785153437582378000,1785153437582378000,1785153437582379000,1785153437582532000,1785153437582535000,1785153437582535000,1785153437582535000,121932490,121652369,-127.121,0.000,0.000,1.000,3.000,0.000,0.000,0.000,0,0,0
B3_zmq_pushpull,zmq_tcp,none,none,,1,1122,512,584,1785153437583233000,1785153437583233000,1785153437583233000,1785153437583234000,1785153437583395000,1785153437583397000,1785153437583397000,1785153437583398000,121932490,121652369,-119.121,0.000,0.000,1.000,2.000,0.000,1.000,0.000,0,0,0
B3_zmq_pushpull,zmq_tcp,none,none,,1,1123,512,584,1785153437584427000,1785153437584427000,1785153437584427000,1785153437584428000,1785153437584538000,1785153437584541000,1785153437584541000,1785153437584541000,121932490,121652369,-170.121,0.000,0.000,1.000,3.000,0.000,0.000,0.000,0,0,0
B3_zmq_pushpull,zmq_tcp,none,none,,1,1124,512,584,1785153437585377000,1785153437585377000,1785153437585377000,1785153437585378000,1785153437585539000,1785153437585542000,1785153437585542000,1785153437585542000,121932490,121652369,-119.121,0.000,0.000,1.000,3.000,0.000,0.000,0.000,0,0,0
B3_zmq_pushpull,zmq_tcp,none,none,,1,1125,512,584,1785153437586386000,1785153437586387000,1785153437586387000,1785153437586388000,1785153437586529000,1785153437586533000,1785153437586533000,1785153437586533000,121932490,121652369,-139.121,1.000,0.000,1.000,4.000,0.000,0.000,0.000,0,0,0
B3_zmq_pushpull,zmq_tcp,none,none,,1,1126,512,584,1785153437587232000,1785153437587232000,1785153437587232000,1785153437587233000,1785153437587385000,1785153437587388000,1785153437587388000,1785153437587388000,121932490,121652369,-128.121,0.000,0.000,1.000,3.000,0.000,0.000,0.000,0,0,0
B3_zmq_pushpull,zmq_tcp,none,none,,1,1127,512,584,1785153437588228000,1785153437588228000,1785153437588228000,1785153437588229000,1785153437588382000,1785153437588384000,1785153437588384000,1785153437588384000,121932490,121652369,-127.121,0.000,0.000,1.000,2.000,0.000,0.000,0.000,0,0,0
B3_zmq_pushpull,zmq_tcp,none,none,,1,1128,512,584,1785153437589213000,1785153437589213000,1785153437589213000,1785153437589214000,1785153437589367000,1785153437589369000,1785153437589369000,1785153437589369000,121932490,121652369,-127.121,0.000,0.000,1.000,2.000,0.000,0.000,0.000,0,0,0
B3_zmq_pushpull,zmq_tcp,none,none,,1,1129,512,584,1785153437590201000,1785153437590202000,1785153437590202000,1785153437590203000,1785153437590361000,1785153437590364000,1785153437590364000,1785153437590364000,121932490,121652369,-122.121,1.000,0.000,1.000,3.000,0.000,0.000,0.000,0,0,0
B3_zmq_pushpull,zmq_tcp,none,none,,1,1130,512,584,1785153437591429000,1785153437591429000,1785153437591429000,1785153437591430000,1785153437591499000,1785153437591501000,1785153437591501000,1785153437591501000,121932490,121652369,-211.121,0.000,0.000,1.000,2.000,0.000,0.000,0.000,0,0,0
B3_zmq_pushpull,zmq_tcp,none,none,,1,1131,512,584,1785153437592378000,1785153437592378000,1785153437592378000,1785153437592379000,1785153437592494000,1785153437592498000,1785153437592498000,1785153437592498000,121932490,121652369,-165.121,0.000,0.000,1.000,4.000,0.000,0.000,0.000,0,0,0
B3_zmq_pushpull,zmq_tcp,none,none,,1,1132,512,584,1785153437593200000,1785153437593200000,1785153437593200000,1785153437593201000,1785153437593359000,1785153437593362000,1785153437593362000,1785153437593362000,121932490,121652369,-122.121,0.000,0.000,1.000,3.000,0.000,0.000,0.000,0,0,0
B3_zmq_pushpull,zmq_tcp,none,none,,1,1133,512,584,1785153437594212000,1785153437594212000,1785153437594212000,1785153437594213000,1785153437594366000,1785153437594368000,1785153437594369000,1785153437594369000,121932490,121652369,-127.121,0.000,0.000,1.000,2.000,1.000,0.000,0.000,0,0,0
B3_zmq_pushpull,zmq_tcp,none,none,,1,1134,512,584,1785153437595426000,1785153437595426000,1785153437595426000,1785153437595427000,1785153437595511000,1785153437595514000,1785153437595514000,1785153437595514000,121932490,121652369,-196.121,0.000,0.000,1.000,3.000,0.000,0.000,0.000,0,0,0
B3_zmq_pushpull,zmq_tcp,none,none,,1,1135,512,584,1785153437596377000,1785153437596377000,1785153437596377000,1785153437596378000,1785153437596510000,1785153437596512000,1785153437596512000,1785153437596512000,121932490,121652369,-148.121,0.000,0.000,1.000,2.000,0.000,0.000,0.000,0,0,0
B3_zmq_pushpull,zmq_tcp,none,none,,1,1136,512,584,1785153437597388000,1785153437597389000,1785153437597389000,1785153437597390000,1785153437597503000,1785153437597505000,1785153437597506000,1785153437597506000,121932490,121652369,-167.121,1.000,0.000,1.000,2.000,1.000,0.000,0.000,0,0,0
B3_zmq_pushpull,zmq_tcp,none,none,,1,1137,512,584,1785153437598381000,1785153437598382000,1785153437598382000,1785153437598383000,1785153437598522000,1785153437598525000,1785153437598525000,1785153437598525000,121932490,121652369,-141.121,1.000,0.000,1.000,3.000,0.000,0.000,0.000,0,0,0
B3_zmq_pushpull,zmq_tcp,none,none,,1,1138,512,584,1785153437599232000,1785153437599232000,1785153437599232000,1785153437599233000,1785153437599392000,1785153437599399000,1785153437599399000,1785153437599399000,121932490,121652369,-121.121,0.000,0.000,1.000,7.000,0.000,0.000,0.000,0,0,0
B3_zmq_pushpull,zmq_tcp,none,none,,1,1139,512,584,1785153437600426000,1785153437600426000,1785153437600426000,1785153437600427000,1785153437600558000,1785153437600560000,1785153437600560000,1785153437600560000,121932490,121652369,-149.121,0.000,0.000,1.000,2.000,0.000,0.000,0.000,0,0,0
B3_zmq_pushpull,zmq_tcp,none,none,,1,1140,512,584,1785153437601375000,1785153437601376000,1785153437601376000,1785153437601377000,1785153437601408000,1785153437601410000,1785153437601410000,1785153437601410000,121932490,121652369,-249.121,1.000,0.000,1.000,2.000,0.000,0.000,0.000,0,0,0
B3_zmq_pushpull,zmq_tcp,none,none,,1,1141,512,584,1785153437602252000,1785153437602252000,1785153437602252000,1785153437602253000,1785153437602406000,1785153437602408000,1785153437602408000,1785153437602408000,121932490,121652369,-127.121,0.000,0.000,1.000,2.000,0.000,0.000,0.000,0,0,0
B3_zmq_pushpull,zmq_tcp,none,none,,1,1142,512,584,1785153437603247000,1785153437603247000,1785153437603247000,1785153437603248000,1785153437603402000,1785153437603404000,1785153437603404000,1785153437603404000,121932490,121652369,-126.121,0.000,0.000,1.000,2.000,0.000,0.000,0.000,0,0,0
B3_zmq_pushpull,zmq_tcp,none,none,,1,1143,512,584,1785153437604423000,1785153437604424000,1785153437604424000,1785153437604425000,1785153437604531000,1785153437604534000,1785153437604534000,1785153437604534000,121932490,121652369,-174.121,1.000,0.000,1.000,3.000,0.000,0.000,0.000,0,0,0
B3_zmq_pushpull,zmq_tcp,none,none,,1,1144,512,584,1785153437605377000,1785153437605377000,1785153437605377000,1785153437605378000,1785153437605544000,1785153437605547000,1785153437605547000,1785153437605547000,121932490,121652369,-114.121,0.000,0.000,1.000,3.000,0.000,0.000,0.000,0,0,0
B3_zmq_pushpull,zmq_tcp,none,none,,1,1145,512,584,1785153437606388000,1785153437606388000,1785153437606388000,1785153437606389000,1785153437606566000,1785153437606568000,1785153437606568000,1785153437606568000,121932490,121652369,-103.121,0.000,0.000,1.000,2.000,0.000,0.000,0.000,0,0,0
B3_zmq_pushpull,zmq_tcp,none,none,,1,1146,512,584,1785153437607387000,1785153437607387000,1785153437607387000,1785153437607388000,1785153437607425000,1785153437607428000,1785153437607428000,1785153437607428000,121932490,121652369,-243.121,0.000,0.000,1.000,3.000,0.000,0.000,0.000,0,0,0
B3_zmq_pushpull,zmq_tcp,none,none,,1,1147,512,584,1785153437608386000,1785153437608386000,1785153437608386000,1785153437608387000,1785153437608548000,1785153437608551000,1785153437608551000,1785153437608551000,121932490,121652369,-119.121,0.000,0.000,1.000,3.000,0.000,0.000,0.000,0,0,0
B3_zmq_pushpull,zmq_tcp,none,none,,1,1148,512,584,1785153437609383000,1785153437609384000,1785153437609384000,1785153437609385000,1785153437609544000,1785153437609547000,1785153437609547000,1785153437609547000,121932490,121652369,-121.121,1.000,0.000,1.000,3.000,0.000,0.000,0.000,0,0,0
B3_zmq_pushpull,zmq_tcp,none,none,,1,1149,512,584,1785153437610387000,1785153437610387000,1785153437610387000,1785153437610388000,1785153437610542000,1785153437610546000,1785153437610546000,1785153437610546000,121932490,121652369,-126.121,0.000,0.000,1.000,4.000,0.000,0.000,0.000,0,0,0
B3_zmq_pushpull,zmq_tcp,none,none,,1,1150,512,584,1785153437611271000,1785153437611272000,1785153437611272000,1785153437611273000,1785153437611403000,1785153437611406000,1785153437611406000,1785153437611406000,121932490,121652369,-150.121,1.000,0.000,1.000,3.000,0.000,0.000,0.000,0,0,0
B3_zmq_pushpull,zmq_tcp,none,none,,1,1151,512,584,1785153437612415000,1785153437612415000,1785153437612415000,1785153437612416000,1785153437612554000,1785153437612556000,1785153437612557000,1785153437612557000,121932490,121652369,-142.121,0.000,0.000,1.000,2.000,1.000,0.000,0.000,0,0,0
B3_zmq_pushpull,zmq_tcp,none,none,,1,1152,512,584,1785153437613378000,1785153437613378000,1785153437613378000,1785153437613379000,1785153437613558000,1785153437613560000,1785153437613560000,1785153437613560000,121932490,121652369,-101.121,0.000,0.000,1.000,2.000,0.000,0.000,0.000,0,0,0
B3_zmq_pushpull,zmq_tcp,none,none,,1,1153,512,584,1785153437614263000,1785153437614263000,1785153437614263000,1785153437614264000,1785153437614420000,1785153437614423000,1785153437614423000,1785153437614423000,121932490,121652369,-124.121,0.000,0.000,1.000,3.000,0.000,0.000,0.000,0,0,0
B3_zmq_pushpull,zmq_tcp,none,none,,1,1154,512,584,1785153437615417000,1785153437615417000,1785153437615417000,1785153437615418000,1785153437615546000,1785153437615549000,1785153437615549000,1785153437615549000,121932490,121652369,-152.121,0.000,0.000,1.000,3.000,0.000,0.000,0.000,0,0,0
B3_zmq_pushpull,zmq_tcp,none,none,,1,1155,512,584,1785153437616374000,1785153437616375000,1785153437616375000,1785153437616376000,1785153437616513000,1785153437616515000,1785153437616515000,1785153437616516000,121932490,121652369,-143.121,1.000,0.000,1.000,2.000,0.000,1.000,0.000,0,0,0
B3_zmq_pushpull,zmq_tcp,none,none,,1,1156,512,584,1785153437617388000,1785153437617388000,1785153437617388000,1785153437617389000,1785153437617490000,1785153437617493000,1785153437617493000,1785153437617493000,121932490,121652369,-179.121,0.000,0.000,1.000,3.000,0.000,0.000,0.000,0,0,0
B3_zmq_pushpull,zmq_tcp,none,none,,1,1157,512,584,1785153437618387000,1785153437618387000,1785153437618387000,1785153437618388000,1785153437618469000,1785153437618473000,1785153437618473000,1785153437618473000,121932490,121652369,-199.121,0.000,0.000,1.000,4.000,0.000,0.000,0.000,0,0,0
B3_zmq_pushpull,zmq_tcp,none,none,,1,1158,512,584,1785153437619309000,1785153437619309000,1785153437619309000,1785153437619310000,1785153437619469000,1785153437619471000,1785153437619471000,1785153437619471000,121932490,121652369,-121.121,0.000,0.000,1.000,2.000,0.000,0.000,0.000,0,0,0
B3_zmq_pushpull,zmq_tcp,none,none,,1,1159,512,584,1785153437620310000,1785153437620310000,1785153437620310000,1785153437620311000,1785153437620470000,1785153437620475000,1785153437620475000,1785153437620475000,121932490,121652369,-121.121,0.000,0.000,1.000,5.000,0.000,0.000,0.000,0,0,0
B3_zmq_pushpull,zmq_tcp,none,none,,1,1160,512,584,1785153437621310000,1785153437621310000,1785153437621310000,1785153437621311000,1785153437621455000,1785153437621458000,1785153437621458000,1785153437621458000,121932490,121652369,-136.121,0.000,0.000,1.000,3.000,0.000,0.000,0.000,0,0,0
B3_zmq_pushpull,zmq_tcp,none,none,,1,1161,512,584,1785153437622404000,1785153437622404000,1785153437622404000,1785153437622405000,1785153437622579000,1785153437622582000,1785153437622582000,1785153437622582000,121932490,121652369,-106.121,0.000,0.000,1.000,3.000,0.000,0.000,0.000,0,0,0
B3_zmq_pushpull,zmq_tcp,none,none,,1,1162,512,584,1785153437623378000,1785153437623378000,1785153437623378000,1785153437623379000,1785153437623566000,1785153437623569000,1785153437623569000,1785153437623569000,121932490,121652369,-93.121,0.000,0.000,1.000,3.000,0.000,0.000,0.000,0,0,0
B3_zmq_pushpull,zmq_tcp,none,none,,1,1163,512,584,1785153437624388000,1785153437624389000,1785153437624389000,1785153437624390000,1785153437624557000,1785153437624560000,1785153437624560000,1785153437624560000,121932490,121652369,-113.121,1.000,0.000,1.000,3.000,0.000,0.000,0.000,0,0,0
B3_zmq_pushpull,zmq_tcp,none,none,,1,1164,512,584,1785153437625386000,1785153437625386000,1785153437625386000,1785153437625387000,1785153437625536000,1785153437625539000,1785153437625539000,1785153437625539000,121932490,121652369,-131.121,0.000,0.000,1.000,3.000,0.000,0.000,0.000,0,0,0
B3_zmq_pushpull,zmq_tcp,none,none,,1,1165,512,584,1785153437626218000,1785153437626218000,1785153437626218000,1785153437626219000,1785153437626380000,1785153437626383000,1785153437626383000,1785153437626383000,121932490,121652369,-119.121,0.000,0.000,1.000,3.000,0.000,0.000,0.000,0,0,0
B3_zmq_pushpull,zmq_tcp,none,none,,1,1166,512,584,1785153437627426000,1785153437627426000,1785153437627426000,1785153437627427000,1785153437627617000,1785153437627619000,1785153437627619000,1785153437627620000,121932490,121652369,-90.121,0.000,0.000,1.000,2.000,0.000,1.000,0.000,0,0,0
B3_zmq_pushpull,zmq_tcp,none,none,,1,1167,512,584,1785153437628301000,1785153437628301000,1785153437628302000,1785153437628302000,1785153437628461000,1785153437628464000,1785153437628464000,1785153437628464000,121932490,121652369,-121.121,0.000,1.000,0.000,3.000,0.000,0.000,0.000,0,0,0
B3_zmq_pushpull,zmq_tcp,none,none,,1,1168,512,584,1785153437629407000,1785153437629407000,1785153437629407000,1785153437629408000,1785153437629593000,1785153437629596000,1785153437629596000,1785153437629596000,121932490,121652369,-95.121,0.000,0.000,1.000,3.000,0.000,0.000,0.000,0,0,0
B3_zmq_pushpull,zmq_tcp,none,none,,1,1169,512,584,1785153437630378000,1785153437630378000,1785153437630378000,1785153437630379000,1785153437630430000,1785153437630433000,1785153437630433000,1785153437630433000,121932490,121652369,-229.121,0.000,0.000,1.000,3.000,0.000,0.000,0.000,0,0,0
B3_zmq_pushpull,zmq_tcp,none,none,,1,1170,512,584,1785153437631389000,1785153437631389000,1785153437631389000,1785153437631390000,1785153437631545000,1785153437631548000,1785153437631548000,1785153437631548000,121932490,121652369,-125.121,0.000,0.000,1.000,3.000,0.000,0.000,0.000,0,0,0
B3_zmq_pushpull,zmq_tcp,none,none,,1,1171,512,584,1785153437632385000,1785153437632385000,1785153437632385000,1785153437632386000,1785153437632521000,1785153437632524000,1785153437632524000,1785153437632524000,121932490,121652369,-145.121,0.000,0.000,1.000,3.000,0.000,0.000,0.000,0,0,0
B3_zmq_pushpull,zmq_tcp,none,none,,1,1172,512,584,1785153437633385000,1785153437633385000,1785153437633385000,1785153437633386000,1785153437633529000,1785153437633531000,1785153437633532000,1785153437633532000,121932490,121652369,-137.121,0.000,0.000,1.000,2.000,1.000,0.000,0.000,0,0,0
B3_zmq_pushpull,zmq_tcp,none,none,,1,1173,512,584,1785153437634225000,1785153437634226000,1785153437634226000,1785153437634227000,1785153437634386000,1785153437634389000,1785153437634389000,1785153437634389000,121932490,121652369,-121.121,1.000,0.000,1.000,3.000,0.000,0.000,0.000,0,0,0
B3_zmq_pushpull,zmq_tcp,none,none,,1,1174,512,584,1785153437635428000,1785153437635428000,1785153437635428000,1785153437635429000,1785153437635504000,1785153437635509000,1785153437635509000,1785153437635509000,121932490,121652369,-205.121,0.000,0.000,1.000,5.000,0.000,0.000,0.000,0,0,0
B3_zmq_pushpull,zmq_tcp,none,none,,1,1175,512,584,1785153437636376000,1785153437636376000,1785153437636376000,1785153437636377000,1785153437636482000,1785153437636485000,1785153437636485000,1785153437636485000,121932490,121652369,-175.121,0.000,0.000,1.000,3.000,0.000,0.000,0.000,0,0,0
B3_zmq_pushpull,zmq_tcp,none,none,,1,1176,512,584,1785153437637388000,1785153437637388000,1785153437637388000,1785153437637389000,1785153437637461000,1785153437637463000,1785153437637463000,1785153437637463000,121932490,121652369,-208.121,0.000,0.000,1.000,2.000,0.000,0.000,0.000,0,0,0
B3_zmq_pushpull,zmq_tcp,none,none,,1,1177,512,584,1785153437638382000,1785153437638382000,1785153437638382000,1785153437638383000,1785153437638448000,1785153437638450000,1785153437638450000,1785153437638450000,121932490,121652369,-215.121,0.000,0.000,1.000,2.000,0.000,0.000,0.000,0,0,0
B3_zmq_pushpull,zmq_tcp,none,none,,1,1178,512,584,1785153437639387000,1785153437639387000,1785153437639387000,1785153437639388000,1785153437639437000,1785153437639441000,1785153437639441000,1785153437639441000,121932490,121652369,-231.121,0.000,0.000,1.000,4.000,0.000,0.000,0.000,0,0,0
B3_zmq_pushpull,zmq_tcp,none,none,,1,1179,512,584,1785153437640275000,1785153437640275000,1785153437640275000,1785153437640276000,1785153437640434000,1785153437640437000,1785153437640437000,1785153437640437000,121932490,121652369,-122.121,0.000,0.000,1.000,3.000,0.000,0.000,0.000,0,0,0
B3_zmq_pushpull,zmq_tcp,none,none,,1,1180,512,584,1785153437641274000,1785153437641274000,1785153437641274000,1785153437641275000,1785153437641430000,1785153437641433000,1785153437641433000,1785153437641433000,121932490,121652369,-125.121,0.000,0.000,1.000,3.000,0.000,0.000,0.000,0,0,0
B3_zmq_pushpull,zmq_tcp,none,none,,1,1181,512,584,1785153437642258000,1785153437642258000,1785153437642258000,1785153437642259000,1785153437642412000,1785153437642414000,1785153437642414000,1785153437642414000,121932490,121652369,-127.121,0.000,0.000,1.000,2.000,0.000,0.000,0.000,0,0,0
B3_zmq_pushpull,zmq_tcp,none,none,,1,1182,512,584,1785153437643242000,1785153437643242000,1785153437643242000,1785153437643243000,1785153437643396000,1785153437643400000,1785153437643400000,1785153437643400000,121932490,121652369,-127.121,0.000,0.000,1.000,4.000,0.000,0.000,0.000,0,0,0
B3_zmq_pushpull,zmq_tcp,none,none,,1,1183,512,584,1785153437644421000,1785153437644421000,1785153437644421000,1785153437644422000,1785153437644496000,1785153437644498000,1785153437644498000,1785153437644498000,121932490,121652369,-206.121,0.000,0.000,1.000,2.000,0.000,0.000,0.000,0,0,0
B3_zmq_pushpull,zmq_tcp,none,none,,1,1184,512,584,1785153437645373000,1785153437645373000,1785153437645373000,1785153437645374000,1785153437645468000,1785153437645470000,1785153437645470000,1785153437645470000,121932490,121652369,-186.121,0.000,0.000,1.000,2.000,0.000,0.000,0.000,0,0,0
B3_zmq_pushpull,zmq_tcp,none,none,,1,1185,512,584,1785153437646312000,1785153437646312000,1785153437646312000,1785153437646313000,1785153437646475000,1785153437646478000,1785153437646478000,1785153437646478000,121932490,121652369,-118.121,0.000,0.000,1.000,3.000,0.000,0.000,0.000,0,0,0
B3_zmq_pushpull,zmq_tcp,none,none,,1,1186,512,584,1785153437647407000,1785153437647407000,1785153437647407000,1785153437647408000,1785153437647471000,1785153437647473000,1785153437647473000,1785153437647474000,121932490,121652369,-217.121,0.000,0.000,1.000,2.000,0.000,1.000,0.000,0,0,0
B3_zmq_pushpull,zmq_tcp,none,none,,1,1187,512,584,1785153437648380000,1785153437648380000,1785153437648380000,1785153437648381000,1785153437648455000,1785153437648457000,1785153437648457000,1785153437648457000,121932490,121652369,-206.121,0.000,0.000,1.000,2.000,0.000,0.000,0.000,0,0,0
B3_zmq_pushpull,zmq_tcp,none,none,,1,1188,512,584,1785153437649387000,1785153437649387000,1785153437649387000,1785153437649388000,1785153437649576000,1785153437649579000,1785153437649579000,1785153437649579000,121932490,121652369,-92.121,0.000,0.000,1.000,3.000,0.000,0.000,0.000,0,0,0
B3_zmq_pushpull,zmq_tcp,none,none,,1,1189,512,584,1785153437650274000,1785153437650274000,1785153437650274000,1785153437650275000,1785153437650419000,1785153437650421000,1785153437650421000,1785153437650421000,121932490,121652369,-136.121,0.000,0.000,1.000,2.000,0.000,0.000,0.000,0,0,0
B3_zmq_pushpull,zmq_tcp,none,none,,1,1190,512,584,1785153437651413000,1785153437651413000,1785153437651413000,1785153437651414000,1785153437651528000,1785153437651530000,1785153437651530000,1785153437651530000,121932490,121652369,-166.121,0.000,0.000,1.000,2.000,0.000,0.000,0.000,0,0,0
B3_zmq_pushpull,zmq_tcp,none,none,,1,1191,512,584,1785153437652379000,1785153437652379000,1785153437652379000,1785153437652380000,1785153437652510000,1785153437652513000,1785153437652513000,1785153437652513000,121932490,121652369,-150.121,0.000,0.000,1.000,3.000,0.000,0.000,0.000,0,0,0
B3_zmq_pushpull,zmq_tcp,none,none,,1,1192,512,584,1785153437653390000,1785153437653391000,1785153437653391000,1785153437653391000,1785153437653504000,1785153437653506000,1785153437653506000,1785153437653506000,121932490,121652369,-167.121,1.000,0.000,0.000,2.000,0.000,0.000,0.000,0,0,0
B3_zmq_pushpull,zmq_tcp,none,none,,1,1193,512,584,1785153437654384000,1785153437654384000,1785153437654384000,1785153437654385000,1785153437654461000,1785153437654464000,1785153437654464000,1785153437654464000,121932490,121652369,-204.121,0.000,0.000,1.000,3.000,0.000,0.000,0.000,0,0,0
B3_zmq_pushpull,zmq_tcp,none,none,,1,1194,512,584,1785153437655389000,1785153437655389000,1785153437655389000,1785153437655390000,1785153437655456000,1785153437655459000,1785153437655459000,1785153437655459000,121932490,121652369,-214.121,0.000,0.000,1.000,3.000,0.000,0.000,0.000,0,0,0
B3_zmq_pushpull,zmq_tcp,none,none,,1,1195,512,584,1785153437656386000,1785153437656386000,1785153437656386000,1785153437656387000,1785153437656432000,1785153437656436000,1785153437656436000,1785153437656436000,121932490,121652369,-235.121,0.000,0.000,1.000,4.000,0.000,0.000,0.000,0,0,0
B3_zmq_pushpull,zmq_tcp,none,none,,1,1196,512,584,1785153437657386000,1785153437657386000,1785153437657386000,1785153437657387000,1785153437657540000,1785153437657542000,1785153437657542000,1785153437657542000,121932490,121652369,-127.121,0.000,0.000,1.000,2.000,0.000,0.000,0.000,0,0,0
B3_zmq_pushpull,zmq_tcp,none,none,,1,1197,512,584,1785153437658235000,1785153437658235000,1785153437658235000,1785153437658236000,1785153437658386000,1785153437658389000,1785153437658389000,1785153437658389000,121932490,121652369,-130.121,0.000,0.000,1.000,3.000,0.000,0.000,0.000,0,0,0
B3_zmq_pushpull,zmq_tcp,none,none,,1,1198,512,584,1785153437659425000,1785153437659425000,1785153437659425000,1785153437659426000,1785153437659498000,1785153437659501000,1785153437659501000,1785153437659501000,121932490,121652369,-208.121,0.000,0.000,1.000,3.000,0.000,0.000,0.000,0,0,0
B3_zmq_pushpull,zmq_tcp,none,none,,1,1199,512,584,1785153437660373000,1785153437660373000,1785153437660373000,1785153437660374000,1785153437660484000,1785153437660488000,1785153437660488000,1785153437660488000,121932490,121652369,-170.121,0.000,0.000,1.000,4.000,0.000,0.000,0.000,0,0,0
B3_zmq_pushpull,zmq_tcp,none,none,,1,1200,512,584,1785153437661392000,1785153437661392000,1785153437661392000,1785153437661393000,1785153437661460000,1785153437661463000,1785153437661463000,1785153437661463000,121932490,121652369,-213.121,0.000,0.000,1.000,3.000,0.000,0.000,0.000,0,0,0
B3_zmq_pushpull,zmq_tcp,none,none,,1,1201,512,584,1785153437662384000,1785153437662384000,1785153437662384000,1785153437662385000,1785153437662574000,1785153437662577000,1785153437662577000,1785153437662577000,121932490,121652369,-91.121,0.000,0.000,1.000,3.000,0.000,0.000,0.000,0,0,0
B3_zmq_pushpull,zmq_tcp,none,none,,1,1202,512,584,1785153437663386000,1785153437663386000,1785153437663386000,1785153437663387000,1785153437663561000,1785153437663564000,1785153437663564000,1785153437663564000,121932490,121652369,-106.121,0.000,0.000,1.000,3.000,0.000,0.000,0.000,0,0,0
B3_zmq_pushpull,zmq_tcp,none,none,,1,1203,512,584,1785153437664383000,1785153437664383000,1785153437664383000,1785153437664384000,1785153437664556000,1785153437664558000,1785153437664558000,1785153437664558000,121932490,121652369,-108.121,0.000,0.000,1.000,2.000,0.000,0.000,0.000,0,0,0
B3_zmq_pushpull,zmq_tcp,none,none,,1,1204,512,584,1785153437665387000,1785153437665387000,1785153437665387000,1785153437665388000,1785153437665558000,1785153437665561000,1785153437665561000,1785153437665561000,121932490,121652369,-110.121,0.000,0.000,1.000,3.000,0.000,0.000,0.000,0,0,0
B3_zmq_pushpull,zmq_tcp,none,none,,1,1205,512,584,1785153437666386000,1785153437666386000,1785153437666386000,1785153437666387000,1785153437666536000,1785153437666539000,1785153437666539000,1785153437666539000,121932490,121652369,-131.121,0.000,0.000,1.000,3.000,0.000,0.000,0.000,0,0,0
B3_zmq_pushpull,zmq_tcp,none,none,,1,1206,512,584,1785153437667386000,1785153437667386000,1785153437667386000,1785153437667387000,1785153437667531000,1785153437667534000,1785153437667534000,1785153437667534000,121932490,121652369,-136.121,0.000,0.000,1.000,3.000,0.000,0.000,0.000,0,0,0
B3_zmq_pushpull,zmq_tcp,none,none,,1,1207,512,584,1785153437668383000,1785153437668383000,1785153437668383000,1785153437668384000,1785153437668522000,1785153437668525000,1785153437668525000,1785153437668525000,121932490,121652369,-142.121,0.000,0.000,1.000,3.000,0.000,0.000,0.000,0,0,0
B3_zmq_pushpull,zmq_tcp,none,none,,1,1208,512,584,1785153437669387000,1785153437669387000,1785153437669387000,1785153437669388000,1785153437669530000,1785153437669533000,1785153437669533000,1785153437669533000,121932490,121652369,-138.121,0.000,0.000,1.000,3.000,0.000,0.000,0.000,0,0,0
B3_zmq_pushpull,zmq_tcp,none,none,,1,1209,512,584,1785153437670231000,1785153437670231000,1785153437670231000,1785153437670232000,1785153437670386000,1785153437670389000,1785153437670389000,1785153437670389000,121932490,121652369,-126.121,0.000,0.000,1.000,3.000,0.000,0.000,0.000,0,0,0
B3_zmq_pushpull,zmq_tcp,none,none,,1,1210,512,584,1785153437671232000,1785153437671232000,1785153437671232000,1785153437671233000,1785153437671375000,1785153437671378000,1785153437671378000,1785153437671378000,121932490,121652369,-138.121,0.000,0.000,1.000,3.000,0.000,0.000,0.000,0,0,0
B3_zmq_pushpull,zmq_tcp,none,none,,1,1211,512,584,1785153437672215000,1785153437672215000,1785153437672215000,1785153437672216000,1785153437672370000,1785153437672373000,1785153437672373000,1785153437672373000,121932490,121652369,-126.121,0.000,0.000,1.000,3.000,0.000,0.000,0.000,0,0,0
B3_zmq_pushpull,zmq_tcp,none,none,,1,1212,512,584,1785153437673204000,1785153437673204000,1785153437673204000,1785153437673205000,1785153437673356000,1785153437673358000,1785153437673358000,1785153437673358000,121932490,121652369,-129.121,0.000,0.000,1.000,2.000,0.000,0.000,0.000,0,0,0
B3_zmq_pushpull,zmq_tcp,none,none,,1,1213,512,584,1785153437674199000,1785153437674199000,1785153437674199000,1785153437674200000,1785153437674334000,1785153437674337000,1785153437674337000,1785153437674337000,121932490,121652369,-146.121,0.000,0.000,1.000,3.000,0.000,0.000,0.000,0,0,0
B3_zmq_pushpull,zmq_tcp,none,none,,1,1214,512,584,1785153437675189000,1785153437675189000,1785153437675189000,1785153437675191000,1785153437675333000,1785153437675336000,1785153437675336000,1785153437675336000,121932490,121652369,-138.121,0.000,0.000,2.000,3.000,0.000,0.000,0.000,0,0,0
B3_zmq_pushpull,zmq_tcp,none,none,,1,1215,512,584,1785153437676314000,1785153437676314000,1785153437676314000,1785153437676315000,1785153437676473000,1785153437676476000,1785153437676476000,1785153437676476000,121932490,121652369,-122.121,0.000,0.000,1.000,3.000,0.000,0.000,0.000,0,0,0
B3_zmq_pushpull,zmq_tcp,none,none,,1,1216,512,584,1785153437677314000,1785153437677314000,1785153437677314000,1785153437677315000,1785153437677459000,1785153437677461000,1785153437677462000,1785153437677462000,121932490,121652369,-136.121,0.000,0.000,1.000,2.000,1.000,0.000,0.000,0,0,0
B3_zmq_pushpull,zmq_tcp,none,none,,1,1217,512,584,1785153437678404000,1785153437678404000,1785153437678405000,1785153437678406000,1785153437678559000,1785153437678562000,1785153437678562000,1785153437678562000,121932490,121652369,-127.121,0.000,1.000,1.000,3.000,0.000,0.000,0.000,0,0,0
B3_zmq_pushpull,zmq_tcp,none,none,,1,1218,512,584,1785153437679379000,1785153437679379000,1785153437679379000,1785153437679380000,1785153437679530000,1785153437679534000,1785153437679534000,1785153437679534000,121932490,121652369,-130.121,0.000,0.000,1.000,4.000,0.000,0.000,0.000,0,0,0
B3_zmq_pushpull,zmq_tcp,none,none,,1,1219,512,584,1785153437680388000,1785153437680388000,1785153437680388000,1785153437680389000,1785153437680506000,1785153437680509000,1785153437680509000,1785153437680509000,121932490,121652369,-163.121,0.000,0.000,1.000,3.000,0.000,0.000,0.000,0,0,0
B3_zmq_pushpull,zmq_tcp,none,none,,1,1220,512,584,1785153437681388000,1785153437681388000,1785153437681389000,1785153437681390000,1785153437681497000,1785153437681500000,1785153437681500000,1785153437681500000,121932490,121652369,-173.121,0.000,1.000,1.000,3.000,0.000,0.000,0.000,0,0,0
B3_zmq_pushpull,zmq_tcp,none,none,,1,1221,512,584,1785153437682385000,1785153437682386000,1785153437682386000,1785153437682387000,1785153437682478000,1785153437682483000,1785153437682483000,1785153437682483000,121932490,121652369,-189.121,1.000,0.000,1.000,5.000,0.000,0.000,0.000,0,0,0
B3_zmq_pushpull,zmq_tcp,none,none,,1,1222,512,584,1785153437683388000,1785153437683388000,1785153437683388000,1785153437683389000,1785153437683578000,1785153437683581000,1785153437683581000,1785153437683581000,121932490,121652369,-91.121,0.000,0.000,1.000,3.000,0.000,0.000,0.000,0,0,0
B3_zmq_pushpull,zmq_tcp,none,none,,1,1223,512,584,1785153437684386000,1785153437684386000,1785153437684386000,1785153437684387000,1785153437684433000,1785153437684436000,1785153437684436000,1785153437684436000,121932490,121652369,-234.121,0.000,0.000,1.000,3.000,0.000,0.000,0.000,0,0,0
B3_zmq_pushpull,zmq_tcp,none,none,,1,1224,512,584,1785153437685385000,1785153437685386000,1785153437685386000,1785153437685387000,1785153437685430000,1785153437685434000,1785153437685434000,1785153437685434000,121932490,121652369,-237.121,1.000,0.000,1.000,4.000,0.000,0.000,0.000,0,0,0
B3_zmq_pushpull,zmq_tcp,none,none,,1,1225,512,584,1785153437686386000,1785153437686386000,1785153437686386000,1785153437686387000,1785153437686540000,1785153437686543000,1785153437686543000,1785153437686543000,121932490,121652369,-127.121,0.000,0.000,1.000,3.000,0.000,0.000,0.000,0,0,0
B3_zmq_pushpull,zmq_tcp,none,none,,1,1226,512,584,1785153437687225000,1785153437687226000,1785153437687226000,1785153437687227000,1785153437687379000,1785153437687381000,1785153437687381000,1785153437687381000,121932490,121652369,-128.121,1.000,0.000,1.000,2.000,0.000,0.000,0.000,0,0,0
B3_zmq_pushpull,zmq_tcp,none,none,,1,1227,512,584,1785153437688225000,1785153437688225000,1785153437688226000,1785153437688227000,1785153437688376000,1785153437688378000,1785153437688379000,1785153437688379000,121932490,121652369,-131.121,0.000,1.000,1.000,2.000,1.000,0.000,0.000,0,0,0
B3_zmq_pushpull,zmq_tcp,none,none,,1,1228,512,584,1785153437689222000,1785153437689222000,1785153437689222000,1785153437689223000,1785153437689380000,1785153437689383000,1785153437689383000,1785153437689383000,121932490,121652369,-123.121,0.000,0.000,1.000,3.000,0.000,0.000,0.000,0,0,0
B3_zmq_pushpull,zmq_tcp,none,none,,1,1229,512,584,1785153437690223000,1785153437690223000,1785153437690224000,1785153437690224000,1785153437690377000,1785153437690380000,1785153437690380000,1785153437690380000,121932490,121652369,-127.121,0.000,1.000,0.000,3.000,0.000,0.000,0.000,0,0,0
B3_zmq_pushpull,zmq_tcp,none,none,,1,1230,512,584,1785153437691220000,1785153437691220000,1785153437691221000,1785153437691221000,1785153437691374000,1785153437691377000,1785153437691377000,1785153437691377000,121932490,121652369,-127.121,0.000,1.000,0.000,3.000,0.000,0.000,0.000,0,0,0
B3_zmq_pushpull,zmq_tcp,none,none,,1,1231,512,584,1785153437692216000,1785153437692216000,1785153437692216000,1785153437692217000,1785153437692360000,1785153437692362000,1785153437692362000,1785153437692363000,121932490,121652369,-137.121,0.000,0.000,1.000,2.000,0.000,1.000,0.000,0,0,0
B3_zmq_pushpull,zmq_tcp,none,none,,1,1232,512,584,1785153437693428000,1785153437693428000,1785153437693428000,1785153437693429000,1785153437693613000,1785153437693616000,1785153437693616000,1785153437693616000,121932490,121652369,-96.121,0.000,0.000,1.000,3.000,0.000,0.000,0.000,0,0,0
B3_zmq_pushpull,zmq_tcp,none,none,,1,1233,512,584,1785153437694373000,1785153437694373000,1785153437694373000,1785153437694374000,1785153437694454000,1785153437694457000,1785153437694457000,1785153437694457000,121932490,121652369,-200.121,0.000,0.000,1.000,3.000,0.000,0.000,0.000,0,0,0
B3_zmq_pushpull,zmq_tcp,none,none,,1,1234,512,584,1785153437695389000,1785153437695390000,1785153437695390000,1785153437695391000,1785153437695581000,1785153437695584000,1785153437695584000,1785153437695584000,121932490,121652369,-90.121,1.000,0.000,1.000,3.000,0.000,0.000,0.000,0,0,0
B3_zmq_pushpull,zmq_tcp,none,none,,1,1235,512,584,1785153437696386000,1785153437696387000,1785153437696387000,1785153437696388000,1785153437696575000,1785153437696577000,1785153437696577000,1785153437696577000,121932490,121652369,-93.121,1.000,0.000,1.000,2.000,0.000,0.000,0.000,0,0,0
B3_zmq_pushpull,zmq_tcp,none,none,,1,1236,512,584,1785153437697386000,1785153437697386000,1785153437697386000,1785153437697387000,1785153437697564000,1785153437697566000,1785153437697566000,1785153437697566000,121932490,121652369,-103.121,0.000,0.000,1.000,2.000,0.000,0.000,0.000,0,0,0
B3_zmq_pushpull,zmq_tcp,none,none,,1,1237,512,584,1785153437698386000,1785153437698387000,1785153437698387000,1785153437698388000,1785153437698535000,1785153437698537000,1785153437698537000,1785153437698538000,121932490,121652369,-133.121,1.000,0.000,1.000,2.000,0.000,1.000,0.000,0,0,0
B3_zmq_pushpull,zmq_tcp,none,none,,1,1238,512,584,1785153437699386000,1785153437699386000,1785153437699386000,1785153437699387000,1785153437699511000,1785153437699513000,1785153437699513000,1785153437699513000,121932490,121652369,-156.121,0.000,0.000,1.000,2.000,0.000,0.000,0.000,0,0,0
B3_zmq_pushpull,zmq_tcp,none,none,,1,1239,512,584,1785153437700386000,1785153437700386000,1785153437700386000,1785153437700387000,1785153437700477000,1785153437700480000,1785153437700480000,1785153437700480000,121932490,121652369,-190.121,0.000,0.000,1.000,3.000,0.000,0.000,0.000,0,0,0
B3_zmq_pushpull,zmq_tcp,none,none,,1,1240,512,584,1785153437701386000,1785153437701386000,1785153437701386000,1785153437701387000,1785153437701460000,1785153437701463000,1785153437701463000,1785153437701463000,121932490,121652369,-207.121,0.000,0.000,1.000,3.000,0.000,0.000,0.000,0,0,0
B3_zmq_pushpull,zmq_tcp,none,none,,1,1241,512,584,1785153437702386000,1785153437702386000,1785153437702386000,1785153437702387000,1785153437702560000,1785153437702562000,1785153437702562000,1785153437702562000,121932490,121652369,-107.121,0.000,0.000,1.000,2.000,0.000,0.000,0.000,0,0,0
B3_zmq_pushpull,zmq_tcp,none,none,,1,1242,512,584,1785153437703386000,1785153437703386000,1785153437703386000,1785153437703387000,1785153437703548000,1785153437703551000,1785153437703551000,1785153437703551000,121932490,121652369,-119.121,0.000,0.000,1.000,3.000,0.000,0.000,0.000,0,0,0
B3_zmq_pushpull,zmq_tcp,none,none,,1,1243,512,584,1785153437704388000,1785153437704388000,1785153437704388000,1785153437704389000,1785153437704542000,1785153437704545000,1785153437704545000,1785153437704545000,121932490,121652369,-127.121,0.000,0.000,1.000,3.000,0.000,0.000,0.000,0,0,0
B3_zmq_pushpull,zmq_tcp,none,none,,1,1244,512,584,1785153437705384000,1785153437705384000,1785153437705384000,1785153437705385000,1785153437705503000,1785153437705506000,1785153437705506000,1785153437705506000,121932490,121652369,-162.121,0.000,0.000,1.000,3.000,0.000,0.000,0.000,0,0,0
B3_zmq_pushpull,zmq_tcp,none,none,,1,1245,512,584,1785153437706387000,1785153437706387000,1785153437706387000,1785153437706388000,1785153437706464000,1785153437706466000,1785153437706467000,1785153437706467000,121932490,121652369,-204.121,0.000,0.000,1.000,2.000,1.000,0.000,0.000,0,0,0
B3_zmq_pushpull,zmq_tcp,none,none,,1,1246,512,584,1785153437707387000,1785153437707387000,1785153437707387000,1785153437707389000,1785153437707437000,1785153437707441000,1785153437707441000,1785153437707441000,121932490,121652369,-232.121,0.000,0.000,2.000,4.000,0.000,0.000,0.000,0,0,0
B3_zmq_pushpull,zmq_tcp,none,none,,1,1247,512,584,1785153437708386000,1785153437708387000,1785153437708387000,1785153437708388000,1785153437708569000,1785153437708572000,1785153437708572000,1785153437708572000,121932490,121652369,-99.121,1.000,0.000,1.000,3.000,0.000,0.000,0.000,0,0,0
B3_zmq_pushpull,zmq_tcp,none,none,,1,1248,512,584,1785153437709383000,1785153437709383000,1785153437709383000,1785153437709384000,1785153437709440000,1785153437709443000,1785153437709443000,1785153437709443000,121932490,121652369,-224.121,0.000,0.000,1.000,3.000,0.000,0.000,0.000,0,0,0
B3_zmq_pushpull,zmq_tcp,none,none,,1,1249,512,584,1785153437710392000,1785153437710392000,1785153437710392000,1785153437710393000,1785153437710577000,1785153437710580000,1785153437710580000,1785153437710580000,121932490,121652369,-96.121,0.000,0.000,1.000,3.000,0.000,0.000,0.000,0,0,0
B3_zmq_pushpull,zmq_tcp,none,none,,1,1250,512,584,1785153437711384000,1785153437711384000,1785153437711385000,1785153437711385000,1785153437711577000,1785153437711580000,1785153437711580000,1785153437711580000,121932490,121652369,-88.121,0.000,1.000,0.000,3.000,0.000,0.000,0.000,0,0,0
B3_zmq_pushpull,zmq_tcp,none,none,,1,1251,512,584,1785153437712267000,1785153437712268000,1785153437712268000,1785153437712269000,1785153437712411000,1785153437712413000,1785153437712413000,1785153437712413000,121932490,121652369,-138.121,1.000,0.000,1.000,2.000,0.000,0.000,0.000,0,0,0
B3_zmq_pushpull,zmq_tcp,none,none,,1,1252,512,584,1785153437713412000,1785153437713412000,1785153437713412000,1785153437713413000,1785153437713515000,1785153437713517000,1785153437713517000,1785153437713517000,121932490,121652369,-178.121,0.000,0.000,1.000,2.000,0.000,0.000,0.000,0,0,0
B3_zmq_pushpull,zmq_tcp,none,none,,1,1253,512,584,1785153437714379000,1785153437714379000,1785153437714379000,1785153437714380000,1785153437714496000,1785153437714498000,1785153437714498000,1785153437714498000,121932490,121652369,-164.121,0.000,0.000,1.000,2.000,0.000,0.000,0.000,0,0,0
B3_zmq_pushpull,zmq_tcp,none,none,,1,1254,512,584,1785153437715388000,1785153437715388000,1785153437715388000,1785153437715389000,1785153437715485000,1785153437715488000,1785153437715488000,1785153437715488000,121932490,121652369,-184.121,0.000,0.000,1.000,3.000,0.000,0.000,0.000,0,0,0
B3_zmq_pushpull,zmq_tcp,none,none,,1,1255,512,584,1785153437716386000,1785153437716387000,1785153437716387000,1785153437716388000,1785153437716472000,1785153437716475000,1785153437716475000,1785153437716475000,121932490,121652369,-196.121,1.000,0.000,1.000,3.000,0.000,0.000,0.000,0,0,0
B3_zmq_pushpull,zmq_tcp,none,none,,1,1256,512,584,1785153437717388000,1785153437717389000,1785153437717389000,1785153437717390000,1785153437717475000,1785153437717477000,1785153437717477000,1785153437717477000,121932490,121652369,-195.121,1.000,0.000,1.000,2.000,0.000,0.000,0.000,0,0,0
B3_zmq_pushpull,zmq_tcp,none,none,,1,1257,512,584,1785153437718387000,1785153437718387000,1785153437718387000,1785153437718388000,1785153437718462000,1785153437718465000,1785153437718465000,1785153437718465000,121932490,121652369,-206.121,0.000,0.000,1.000,3.000,0.000,0.000,0.000,0,0,0
B3_zmq_pushpull,zmq_tcp,none,none,,1,1258,512,584,1785153437719386000,1785153437719386000,1785153437719386000,1785153437719387000,1785153437719442000,1785153437719445000,1785153437719445000,1785153437719445000,121932490,121652369,-225.121,0.000,0.000,1.000,3.000,0.000,0.000,0.000,0,0,0
B3_zmq_pushpull,zmq_tcp,none,none,,1,1259,512,584,1785153437720383000,1785153437720383000,1785153437720383000,1785153437720384000,1785153437720427000,1785153437720430000,1785153437720430000,1785153437720430000,121932490,121652369,-237.121,0.000,0.000,1.000,3.000,0.000,0.000,0.000,0,0,0
B3_zmq_pushpull,zmq_tcp,none,none,,1,1260,512,584,1785153437721283000,1785153437721283000,1785153437721283000,1785153437721284000,1785153437721421000,1785153437721424000,1785153437721424000,1785153437721424000,121932490,121652369,-143.121,0.000,0.000,1.000,3.000,0.000,0.000,0.000,0,0,0
B3_zmq_pushpull,zmq_tcp,none,none,,1,1261,512,584,1785153437722240000,1785153437722240000,1785153437722240000,1785153437722241000,1785153437722396000,1785153437722399000,1785153437722399000,1785153437722399000,121932490,121652369,-125.121,0.000,0.000,1.000,3.000,0.000,0.000,0.000,0,0,0
B3_zmq_pushpull,zmq_tcp,none,none,,1,1262,512,584,1785153437723214000,1785153437723214000,1785153437723214000,1785153437723215000,1785153437723363000,1785153437723366000,1785153437723366000,1785153437723366000,121932490,121652369,-132.121,0.000,0.000,1.000,3.000,0.000,0.000,0.000,0,0,0
B3_zmq_pushpull,zmq_tcp,none,none,,1,1263,512,584,1785153437724198000,1785153437724198000,1785153437724198000,1785153437724199000,1785153437724343000,1785153437724345000,1785153437724345000,1785153437724345000,121932490,121652369,-136.121,0.000,0.000,1.000,2.000,0.000,0.000,0.000,0,0,0
B3_zmq_pushpull,zmq_tcp,none,none,,1,1264,512,584,1785153437725310000,1785153437725310000,1785153437725310000,1785153437725311000,1785153437725471000,1785153437725473000,1785153437725473000,1785153437725473000,121932490,121652369,-120.121,0.000,0.000,1.000,2.000,0.000,0.000,0.000,0,0,0
B3_zmq_pushpull,zmq_tcp,none,none,,1,1265,512,584,1785153437726404000,1785153437726405000,1785153437726405000,1785153437726406000,1785153437726453000,1785153437726457000,1785153437726457000,1785153437726457000,121932490,121652369,-233.121,1.000,0.000,1.000,4.000,0.000,0.000,0.000,0,0,0
B3_zmq_pushpull,zmq_tcp,none,none,,1,1266,512,584,1785153437727382000,1785153437727382000,1785153437727382000,1785153437727383000,1785153437727433000,1785153437727435000,1785153437727435000,1785153437727435000,121932490,121652369,-230.121,0.000,0.000,1.000,2.000,0.000,0.000,0.000,0,0,0
B3_zmq_pushpull,zmq_tcp,none,none,,1,1267,512,584,1785153437728387000,1785153437728387000,1785153437728387000,1785153437728388000,1785153437728559000,1785153437728562000,1785153437728562000,1785153437728562000,121932490,121652369,-109.121,0.000,0.000,1.000,3.000,0.000,0.000,0.000,0,0,0
B3_zmq_pushpull,zmq_tcp,none,none,,1,1268,512,584,1785153437729390000,1785153437729390000,1785153437729390000,1785153437729391000,1785153437729565000,1785153437729568000,1785153437729568000,1785153437729568000,121932490,121652369,-106.121,0.000,0.000,1.000,3.000,0.000,0.000,0.000,0,0,0
B3_zmq_pushpull,zmq_tcp,none,none,,1,1269,512,584,1785153437730388000,1785153437730388000,1785153437730389000,1785153437730389000,1785153437730553000,1785153437730556000,1785153437730556000,1785153437730556000,121932490,121652369,-116.121,0.000,1.000,0.000,3.000,0.000,0.000,0.000,0,0,0
B3_zmq_pushpull,zmq_tcp,none,none,,1,1270,512,584,1785153437731385000,1785153437731385000,1785153437731385000,1785153437731386000,1785153437731533000,1785153437731537000,1785153437731537000,1785153437731537000,121932490,121652369,-133.121,0.000,0.000,1.000,4.000,0.000,0.000,0.000,0,0,0
B3_zmq_pushpull,zmq_tcp,none,none,,1,1271,512,584,1785153437732388000,1785153437732388000,1785153437732388000,1785153437732389000,1785153437732523000,1785153437732525000,1785153437732525000,1785153437732525000,121932490,121652369,-146.121,0.000,0.000,1.000,2.000,0.000,0.000,0.000,0,0,0
B3_zmq_pushpull,zmq_tcp,none,none,,1,1272,512,584,1785153437733386000,1785153437733386000,1785153437733386000,1785153437733387000,1785153437733527000,1785153437733530000,1785153437733530000,1785153437733530000,121932490,121652369,-140.121,0.000,0.000,1.000,3.000,0.000,0.000,0.000,0,0,0
B3_zmq_pushpull,zmq_tcp,none,none,,1,1273,512,584,1785153437734386000,1785153437734386000,1785153437734386000,1785153437734387000,1785153437734508000,1785153437734511000,1785153437734511000,1785153437734511000,121932490,121652369,-159.121,0.000,0.000,1.000,3.000,0.000,0.000,0.000,0,0,0
B3_zmq_pushpull,zmq_tcp,none,none,,1,1274,512,584,1785153437735383000,1785153437735383000,1785153437735383000,1785153437735384000,1785153437735491000,1785153437735493000,1785153437735493000,1785153437735493000,121932490,121652369,-173.121,0.000,0.000,1.000,2.000,0.000,0.000,0.000,0,0,0
B3_zmq_pushpull,zmq_tcp,none,none,,1,1275,512,584,1785153437736390000,1785153437736390000,1785153437736390000,1785153437736391000,1785153437736468000,1785153437736471000,1785153437736471000,1785153437736471000,121932490,121652369,-203.121,0.000,0.000,1.000,3.000,0.000,0.000,0.000,0,0,0
B3_zmq_pushpull,zmq_tcp,none,none,,1,1276,512,584,1785153437737387000,1785153437737387000,1785153437737387000,1785153437737388000,1785153437737464000,1785153437737468000,1785153437737468000,1785153437737468000,121932490,121652369,-204.121,0.000,0.000,1.000,4.000,0.000,0.000,0.000,0,0,0
B3_zmq_pushpull,zmq_tcp,none,none,,1,1277,512,584,1785153437738385000,1785153437738385000,1785153437738385000,1785153437738386000,1785153437738469000,1785153437738472000,1785153437738472000,1785153437738472000,121932490,121652369,-197.121,0.000,0.000,1.000,3.000,0.000,0.000,0.000,0,0,0
B3_zmq_pushpull,zmq_tcp,none,none,,1,1278,512,584,1785153437739387000,1785153437739387000,1785153437739387000,1785153437739388000,1785153437739454000,1785153437739457000,1785153437739457000,1785153437739457000,121932490,121652369,-214.121,0.000,0.000,1.000,3.000,0.000,0.000,0.000,0,0,0
B3_zmq_pushpull,zmq_tcp,none,none,,1,1279,512,584,1785153437740306000,1785153437740306000,1785153437740306000,1785153437740307000,1785153437740458000,1785153437740461000,1785153437740461000,1785153437740461000,121932490,121652369,-129.121,0.000,0.000,1.000,3.000,0.000,0.000,0.000,0,0,0
B3_zmq_pushpull,zmq_tcp,none,none,,1,1280,512,584,1785153437741406000,1785153437741406000,1785153437741406000,1785153437741407000,1785153437741579000,1785153437741582000,1785153437741582000,1785153437741582000,121932490,121652369,-108.121,0.000,0.000,1.000,3.000,0.000,0.000,0.000,0,0,0
B3_zmq_pushpull,zmq_tcp,none,none,,1,1281,512,584,1785153437742378000,1785153437742378000,1785153437742378000,1785153437742379000,1785153437742548000,1785153437742551000,1785153437742551000,1785153437742551000,121932490,121652369,-111.121,0.000,0.000,1.000,3.000,0.000,0.000,0.000,0,0,0
B3_zmq_pushpull,zmq_tcp,none,none,,1,1282,512,584,1785153437743239000,1785153437743239000,1785153437743239000,1785153437743240000,1785153437743399000,1785153437743401000,1785153437743401000,1785153437743401000,121932490,121652369,-121.121,0.000,0.000,1.000,2.000,0.000,0.000,0.000,0,0,0
B3_zmq_pushpull,zmq_tcp,none,none,,1,1283,512,584,1785153437744226000,1785153437744227000,1785153437744227000,1785153437744228000,1785153437744367000,1785153437744369000,1785153437744369000,1785153437744369000,121932490,121652369,-141.121,1.000,0.000,1.000,2.000,0.000,0.000,0.000,0,0,0
B3_zmq_pushpull,zmq_tcp,none,none,,1,1284,512,584,1785153437745426000,1785153437745426000,1785153437745426000,1785153437745427000,1785153437745492000,1785153437745495000,1785153437745495000,1785153437745495000,121932490,121652369,-215.121,0.000,0.000,1.000,3.000,0.000,0.000,0.000,0,0,0
B3_zmq_pushpull,zmq_tcp,none,none,,1,1285,512,584,1785153437746379000,1785153437746379000,1785153437746379000,1785153437746380000,1785153437746463000,1785153437746465000,1785153437746465000,1785153437746465000,121932490,121652369,-197.121,0.000,0.000,1.000,2.000,0.000,0.000,0.000,0,0,0
B3_zmq_pushpull,zmq_tcp,none,none,,1,1286,512,584,1785153437747388000,1785153437747389000,1785153437747389000,1785153437747390000,1785153437747443000,1785153437747445000,1785153437747445000,1785153437747445000,121932490,121652369,-227.121,1.000,0.000,1.000,2.000,0.000,0.000,0.000,0,0,0
B3_zmq_pushpull,zmq_tcp,none,none,,1,1287,512,584,1785153437748386000,1785153437748386000,1785153437748386000,1785153437748387000,1785153437748536000,1785153437748539000,1785153437748539000,1785153437748539000,121932490,121652369,-131.121,0.000,0.000,1.000,3.000,0.000,0.000,0.000,0,0,0
B3_zmq_pushpull,zmq_tcp,none,none,,1,1288,512,584,1785153437749230000,1785153437749230000,1785153437749230000,1785153437749231000,1785153437749383000,1785153437749386000,1785153437749386000,1785153437749386000,121932490,121652369,-128.121,0.000,0.000,1.000,3.000,0.000,0.000,0.000,0,0,0
B3_zmq_pushpull,zmq_tcp,none,none,,1,1289,512,584,1785153437750215000,1785153437750215000,1785153437750215000,1785153437750216000,1785153437750361000,1785153437750364000,1785153437750364000,1785153437750364000,121932490,121652369,-135.121,0.000,0.000,1.000,3.000,0.000,0.000,0.000,0,0,0
B3_zmq_pushpull,zmq_tcp,none,none,,1,1290,512,584,1785153437751430000,1785153437751430000,1785153437751430000,1785153437751431000,1785153437751616000,1785153437751619000,1785153437751619000,1785153437751619000,121932490,121652369,-95.121,0.000,0.000,1.000,3.000,0.000,0.000,0.000,0,0,0
B3_zmq_pushpull,zmq_tcp,none,none,,1,1291,512,584,1785153437752378000,1785153437752378000,1785153437752378000,1785153437752379000,1785153437752455000,1785153437752458000,1785153437752458000,1785153437752458000,121932490,121652369,-204.121,0.000,0.000,1.000,3.000,0.000,0.000,0.000,0,0,0
B3_zmq_pushpull,zmq_tcp,none,none,,1,1292,512,584,1785153437753388000,1785153437753389000,1785153437753389000,1785153437753390000,1785153437753450000,1785153437753454000,1785153437753454000,1785153437753454000,121932490,121652369,-220.121,1.000,0.000,1.000,4.000,0.000,0.000,0.000,0,0,0
B3_zmq_pushpull,zmq_tcp,none,none,,1,1293,512,584,1785153437754386000,1785153437754386000,1785153437754386000,1785153437754387000,1785153437754434000,1785153437754437000,1785153437754437000,1785153437754437000,121932490,121652369,-233.121,0.000,0.000,1.000,3.000,0.000,0.000,0.000,0,0,0
B3_zmq_pushpull,zmq_tcp,none,none,,1,1294,512,584,1785153437755264000,1785153437755264000,1785153437755264000,1785153437755265000,1785153437755398000,1785153437755400000,1785153437755400000,1785153437755400000,121932490,121652369,-147.121,0.000,0.000,1.000,2.000,0.000,0.000,0.000,0,0,0
B3_zmq_pushpull,zmq_tcp,none,none,,1,1295,512,584,1785153437756416000,1785153437756417000,1785153437756417000,1785153437756418000,1785153437756528000,1785153437756531000,1785153437756531000,1785153437756531000,121932490,121652369,-170.121,1.000,0.000,1.000,3.000,0.000,0.000,0.000,0,0,0
B3_zmq_pushpull,zmq_tcp,none,none,,1,1296,512,584,1785153437757378000,1785153437757378000,1785153437757378000,1785153437757379000,1785153437757508000,1785153437757511000,1785153437757511000,1785153437757511000,121932490,121652369,-151.121,0.000,0.000,1.000,3.000,0.000,0.000,0.000,0,0,0
B3_zmq_pushpull,zmq_tcp,none,none,,1,1297,512,584,1785153437758391000,1785153437758391000,1785153437758391000,1785153437758392000,1785153437758490000,1785153437758492000,1785153437758492000,1785153437758492000,121932490,121652369,-182.121,0.000,0.000,1.000,2.000,0.000,0.000,0.000,0,0,0
B3_zmq_pushpull,zmq_tcp,none,none,,1,1298,512,584,1785153437759387000,1785153437759387000,1785153437759387000,1785153437759388000,1785153437759487000,1785153437759489000,1785153437759489000,1785153437759489000,121932490,121652369,-181.121,0.000,0.000,1.000,2.000,0.000,0.000,0.000,0,0,0
B3_zmq_pushpull,zmq_tcp,none,none,,1,1299,512,584,1785153437760388000,1785153437760389000,1785153437760389000,1785153437760390000,1785153437760470000,1785153437760473000,1785153437760473000,1785153437760473000,121932490,121652369,-200.121,1.000,0.000,1.000,3.000,0.000,0.000,0.000,0,0,0
B3_zmq_pushpull,zmq_tcp,none,none,,1,1300,512,584,1785153437761385000,1785153437761385000,1785153437761385000,1785153437761386000,1785153437761454000,1785153437761457000,1785153437761457000,1785153437761457000,121932490,121652369,-212.121,0.000,0.000,1.000,3.000,0.000,0.000,0.000,0,0,0
B3_zmq_pushpull,zmq_tcp,none,none,,1,1301,512,584,1785153437762285000,1785153437762285000,1785153437762285000,1785153437762287000,1785153437762430000,1785153437762432000,1785153437762432000,1785153437762432000,121932490,121652369,-137.121,0.000,0.000,2.000,2.000,0.000,0.000,0.000,0,0,0
B3_zmq_pushpull,zmq_tcp,none,none,,1,1302,512,584,1785153437763411000,1785153437763411000,1785153437763412000,1785153437763412000,1785153437763559000,1785153437763561000,1785153437763561000,1785153437763561000,121932490,121652369,-133.121,0.000,1.000,0.000,2.000,0.000,0.000,0.000,0,0,0
B3_zmq_pushpull,zmq_tcp,none,none,,1,1303,512,584,1785153437764378000,1785153437764378000,1785153437764378000,1785153437764379000,1785153437764547000,1785153437764550000,1785153437764550000,1785153437764550000,121932490,121652369,-112.121,0.000,0.000,1.000,3.000,0.000,0.000,0.000,0,0,0
B3_zmq_pushpull,zmq_tcp,none,none,,1,1304,512,584,1785153437765388000,1785153437765389000,1785153437765389000,1785153437765390000,1785153437765556000,1785153437765559000,1785153437765559000,1785153437765559000,121932490,121652369,-114.121,1.000,0.000,1.000,3.000,0.000,0.000,0.000,0,0,0
B3_zmq_pushpull,zmq_tcp,none,none,,1,1305,512,584,1785153437766388000,1785153437766388000,1785153437766388000,1785153437766389000,1785153437766538000,1785153437766540000,1785153437766540000,1785153437766540000,121932490,121652369,-131.121,0.000,0.000,1.000,2.000,0.000,0.000,0.000,0,0,0
B3_zmq_pushpull,zmq_tcp,none,none,,1,1306,512,584,1785153437767386000,1785153437767386000,1785153437767386000,1785153437767387000,1785153437767519000,1785153437767521000,1785153437767521000,1785153437767521000,121932490,121652369,-148.121,0.000,0.000,1.000,2.000,0.000,0.000,0.000,0,0,0
B3_zmq_pushpull,zmq_tcp,none,none,,1,1307,512,584,1785153437768386000,1785153437768386000,1785153437768386000,1785153437768387000,1785153437768490000,1785153437768495000,1785153437768495000,1785153437768495000,121932490,121652369,-177.121,0.000,0.000,1.000,5.000,0.000,0.000,0.000,0,0,0
B3_zmq_pushpull,zmq_tcp,none,none,,1,1308,512,584,1785153437769387000,1785153437769387000,1785153437769387000,1785153437769388000,1785153437769459000,1785153437769462000,1785153437769462000,1785153437769462000,121932490,121652369,-209.121,0.000,0.000,1.000,3.000,0.000,0.000,0.000,0,0,0
B3_zmq_pushpull,zmq_tcp,none,none,,1,1309,512,584,1785153437770386000,1785153437770386000,1785153437770386000,1785153437770387000,1785153437770450000,1785153437770452000,1785153437770452000,1785153437770452000,121932490,121652369,-217.121,0.000,0.000,1.000,2.000,0.000,0.000,0.000,0,0,0
B3_zmq_pushpull,zmq_tcp,none,none,,1,1310,512,584,1785153437771386000,1785153437771386000,1785153437771386000,1785153437771387000,1785153437771560000,1785153437771563000,1785153437771563000,1785153437771563000,121932490,121652369,-107.121,0.000,0.000,1.000,3.000,0.000,0.000,0.000,0,0,0
B3_zmq_pushpull,zmq_tcp,none,none,,1,1311,512,584,1785153437772257000,1785153437772257000,1785153437772257000,1785153437772258000,1785153437772412000,1785153437772415000,1785153437772416000,1785153437772416000,121932490,121652369,-126.121,0.000,0.000,1.000,3.000,1.000,0.000,0.000,0,0,0
B3_zmq_pushpull,zmq_tcp,none,none,,1,1312,512,584,1785153437773420000,1785153437773421000,1785153437773421000,1785153437773422000,1785153437773551000,1785153437773554000,1785153437773554000,1785153437773554000,121932490,121652369,-151.121,1.000,0.000,1.000,3.000,0.000,0.000,0.000,0,0,0
B3_zmq_pushpull,zmq_tcp,none,none,,1,1313,512,584,1785153437774378000,1785153437774378000,1785153437774378000,1785153437774379000,1785153437774538000,1785153437774540000,1785153437774540000,1785153437774540000,121932490,121652369,-121.121,0.000,0.000,1.000,2.000,0.000,0.000,0.000,0,0,0
B3_zmq_pushpull,zmq_tcp,none,none,,1,1314,512,584,1785153437775390000,1785153437775390000,1785153437775390000,1785153437775391000,1785153437775511000,1785153437775515000,1785153437775515000,1785153437775515000,121932490,121652369,-160.121,0.000,0.000,1.000,4.000,0.000,0.000,0.000,0,0,0
B3_zmq_pushpull,zmq_tcp,none,none,,1,1315,512,584,1785153437776382000,1785153437776382000,1785153437776382000,1785153437776383000,1785153437776487000,1785153437776490000,1785153437776490000,1785153437776490000,121932490,121652369,-176.121,0.000,0.000,1.000,3.000,0.000,0.000,0.000,0,0,0
B3_zmq_pushpull,zmq_tcp,none,none,,1,1316,512,584,1785153437777388000,1785153437777388000,1785153437777389000,1785153437777389000,1785153437777460000,1785153437777463000,1785153437777463000,1785153437777463000,121932490,121652369,-209.121,0.000,1.000,0.000,3.000,0.000,0.000,0.000,0,0,0
B3_zmq_pushpull,zmq_tcp,none,none,,1,1317,512,584,1785153437778386000,1785153437778386000,1785153437778386000,1785153437778387000,1785153437778440000,1785153437778443000,1785153437778443000,1785153437778443000,121932490,121652369,-227.121,0.000,0.000,1.000,3.000,0.000,0.000,0.000,0,0,0
B3_zmq_pushpull,zmq_tcp,none,none,,1,1318,512,584,1785153437779388000,1785153437779389000,1785153437779389000,1785153437779390000,1785153437779568000,1785153437779571000,1785153437779571000,1785153437779571000,121932490,121652369,-102.121,1.000,0.000,1.000,3.000,0.000,0.000,0.000,0,0,0
B3_zmq_pushpull,zmq_tcp,none,none,,1,1319,512,584,1785153437780253000,1785153437780253000,1785153437780253000,1785153437780254000,1785153437780412000,1785153437780415000,1785153437780415000,1785153437780415000,121932490,121652369,-122.121,0.000,0.000,1.000,3.000,0.000,0.000,0.000,0,0,0
B3_zmq_pushpull,zmq_tcp,none,none,,1,1320,512,584,1785153437781242000,1785153437781243000,1785153437781243000,1785153437781244000,1785153437781400000,1785153437781403000,1785153437781403000,1785153437781404000,121932490,121652369,-124.121,1.000,0.000,1.000,3.000,0.000,1.000,0.000,0,0,0
B3_zmq_pushpull,zmq_tcp,none,none,,1,1321,512,584,1785153437782225000,1785153437782225000,1785153437782225000,1785153437782226000,1785153437782379000,1785153437782382000,1785153437782382000,1785153437782382000,121932490,121652369,-127.121,0.000,0.000,1.000,3.000,0.000,0.000,0.000,0,0,0
B3_zmq_pushpull,zmq_tcp,none,none,,1,1322,512,584,1785153437783213000,1785153437783213000,1785153437783213000,1785153437783214000,1785153437783366000,1785153437783368000,1785153437783368000,1785153437783368000,121932490,121652369,-128.121,0.000,0.000,1.000,2.000,0.000,0.000,0.000,0,0,0
B3_zmq_pushpull,zmq_tcp,none,none,,1,1323,512,584,1785153437784426000,1785153437784426000,1785153437784426000,1785153437784427000,1785153437784479000,1785153437784481000,1785153437784481000,1785153437784481000,121932490,121652369,-228.121,0.000,0.000,1.000,2.000,0.000,0.000,0.000,0,0,0
B3_zmq_pushpull,zmq_tcp,none,none,,1,1324,512,584,1785153437785379000,1785153437785379000,1785153437785379000,1785153437785380000,1785153437785466000,1785153437785469000,1785153437785469000,1785153437785469000,121932490,121652369,-194.121,0.000,0.000,1.000,3.000,0.000,0.000,0.000,0,0,0
B3_zmq_pushpull,zmq_tcp,none,none,,1,1325,512,584,1785153437786389000,1785153437786389000,1785153437786389000,1785153437786390000,1785153437786466000,1785153437786469000,1785153437786469000,1785153437786469000,121932490,121652369,-204.121,0.000,0.000,1.000,3.000,0.000,0.000,0.000,0,0,0
B3_zmq_pushpull,zmq_tcp,none,none,,1,1326,512,584,1785153437787387000,1785153437787387000,1785153437787387000,1785153437787388000,1785153437787571000,1785153437787574000,1785153437787574000,1785153437787574000,121932490,121652369,-97.121,0.000,0.000,1.000,3.000,0.000,0.000,0.000,0,0,0
B3_zmq_pushpull,zmq_tcp,none,none,,1,1327,512,584,1785153437788269000,1785153437788269000,1785153437788269000,1785153437788270000,1785153437788428000,1785153437788431000,1785153437788431000,1785153437788431000,121932490,121652369,-122.121,0.000,0.000,1.000,3.000,0.000,0.000,0.000,0,0,0
B3_zmq_pushpull,zmq_tcp,none,none,,1,1328,512,584,1785153437789248000,1785153437789248000,1785153437789248000,1785153437789249000,1785153437789399000,1785153437789402000,1785153437789402000,1785153437789402000,121932490,121652369,-130.121,0.000,0.000,1.000,3.000,0.000,0.000,0.000,0,0,0
B3_zmq_pushpull,zmq_tcp,none,none,,1,1329,512,584,1785153437790214000,1785153437790214000,1785153437790214000,1785153437790215000,1785153437790367000,1785153437790370000,1785153437790370000,1785153437790370000,121932490,121652369,-128.121,0.000,0.000,1.000,3.000,0.000,0.000,0.000,0,0,0
B3_zmq_pushpull,zmq_tcp,none,none,,1,1330,512,584,1785153437791426000,1785153437791426000,1785153437791426000,1785153437791427000,1785153437791478000,1785153437791481000,1785153437791481000,1785153437791481000,121932490,121652369,-229.121,0.000,0.000,1.000,3.000,0.000,0.000,0.000,0,0,0
B3_zmq_pushpull,zmq_tcp,none,none,,1,1331,512,584,1785153437792377000,1785153437792377000,1785153437792377000,1785153437792378000,1785153437792476000,1785153437792479000,1785153437792479000,1785153437792479000,121932490,121652369,-182.121,0.000,0.000,1.000,3.000,0.000,0.000,0.000,0,0,0
B3_zmq_pushpull,zmq_tcp,none,none,,1,1332,512,584,1785153437793391000,1785153437793391000,1785153437793391000,1785153437793392000,1785153437793472000,1785153437793475000,1785153437793475000,1785153437793475000,121932490,121652369,-200.121,0.000,0.000,1.000,3.000,0.000,0.000,0.000,0,0,0
B3_zmq_pushpull,zmq_tcp,none,none,,1,1333,512,584,1785153437794382000,1785153437794382000,1785153437794382000,1785153437794383000,1785153437794457000,1785153437794460000,1785153437794460000,1785153437794460000,121932490,121652369,-206.121,0.000,0.000,1.000,3.000,0.000,0.000,0.000,0,0,0
B3_zmq_pushpull,zmq_tcp,none,none,,1,1334,512,584,1785153437795390000,1785153437795390000,1785153437795390000,1785153437795391000,1785153437795439000,1785153437795441000,1785153437795441000,1785153437795441000,121932490,121652369,-232.121,0.000,0.000,1.000,2.000,0.000,0.000,0.000,0,0,0
B3_zmq_pushpull,zmq_tcp,none,none,,1,1335,512,584,1785153437796386000,1785153437796386000,1785153437796386000,1785153437796387000,1785153437796432000,1785153437796435000,1785153437796435000,1785153437796435000,121932490,121652369,-235.121,0.000,0.000,1.000,3.000,0.000,0.000,0.000,0,0,0
B3_zmq_pushpull,zmq_tcp,none,none,,1,1336,512,584,1785153437797386000,1785153437797386000,1785153437797386000,1785153437797387000,1785153437797552000,1785153437797555000,1785153437797555000,1785153437797555000,121932490,121652369,-115.121,0.000,0.000,1.000,3.000,0.000,0.000,0.000,0,0,0
B3_zmq_pushpull,zmq_tcp,none,none,,1,1337,512,584,1785153437798383000,1785153437798383000,1785153437798383000,1785153437798384000,1785153437798544000,1785153437798547000,1785153437798547000,1785153437798547000,121932490,121652369,-120.121,0.000,0.000,1.000,3.000,0.000,0.000,0.000,0,0,0
B3_zmq_pushpull,zmq_tcp,none,none,,1,1338,512,584,1785153437799245000,1785153437799246000,1785153437799246000,1785153437799247000,1785153437799392000,1785153437799395000,1785153437799395000,1785153437799395000,121932490,121652369,-135.121,1.000,0.000,1.000,3.000,0.000,0.000,0.000,0,0,0
B3_zmq_pushpull,zmq_tcp,none,none,,1,1339,512,584,1785153437800424000,1785153437800424000,1785153437800424000,1785153437800425000,1785153437800518000,1785153437800521000,1785153437800521000,1785153437800521000,121932490,121652369,-187.121,0.000,0.000,1.000,3.000,0.000,0.000,0.000,0,0,0
B3_zmq_pushpull,zmq_tcp,none,none,,1,1340,512,584,1785153437801377000,1785153437801377000,1785153437801377000,1785153437801378000,1785153437801524000,1785153437801527000,1785153437801527000,1785153437801527000,121932490,121652369,-134.121,0.000,0.000,1.000,3.000,0.000,0.000,0.000,0,0,0
B3_zmq_pushpull,zmq_tcp,none,none,,1,1341,512,584,1785153437802389000,1785153437802389000,1785153437802389000,1785153437802390000,1785153437802506000,1785153437802509000,1785153437802509000,1785153437802509000,121932490,121652369,-164.121,0.000,0.000,1.000,3.000,0.000,0.000,0.000,0,0,0
B3_zmq_pushpull,zmq_tcp,none,none,,1,1342,512,584,1785153437803386000,1785153437803386000,1785153437803386000,1785153437803387000,1785153437803496000,1785153437803499000,1785153437803499000,1785153437803499000,121932490,121652369,-171.121,0.000,0.000,1.000,3.000,0.000,0.000,0.000,0,0,0
B3_zmq_pushpull,zmq_tcp,none,none,,1,1343,512,584,1785153437804386000,1785153437804386000,1785153437804386000,1785153437804387000,1785153437804463000,1785153437804466000,1785153437804466000,1785153437804466000,121932490,121652369,-204.121,0.000,0.000,1.000,3.000,0.000,0.000,0.000,0,0,0
B3_zmq_pushpull,zmq_tcp,none,none,,1,1344,512,584,1785153437805296000,1785153437805296000,1785153437805296000,1785153437805297000,1785153437805447000,1785153437805450000,1785153437805450000,1785153437805450000,121932490,121652369,-130.121,0.000,0.000,1.000,3.000,0.000,0.000,0.000,0,0,0
B3_zmq_pushpull,zmq_tcp,none,none,,1,1345,512,584,1785153437806280000,1785153437806280000,1785153437806280000,1785153437806281000,1785153437806439000,1785153437806442000,1785153437806442000,1785153437806442000,121932490,121652369,-122.121,0.000,0.000,1.000,3.000,0.000,0.000,0.000,0,0,0
B3_zmq_pushpull,zmq_tcp,none,none,,1,1346,512,584,1785153437807272000,1785153437807272000,1785153437807272000,1785153437807273000,1785153437807430000,1785153437807432000,1785153437807432000,1785153437807432000,121932490,121652369,-123.121,0.000,0.000,1.000,2.000,0.000,0.000,0.000,0,0,0
B3_zmq_pushpull,zmq_tcp,none,none,,1,1347,512,584,1785153437808274000,1785153437808275000,1785153437808275000,1785153437808276000,1785153437808435000,1785153437808438000,1785153437808438000,1785153437808438000,121932490,121652369,-121.121,1.000,0.000,1.000,3.000,0.000,0.000,0.000,0,0,0
B3_zmq_pushpull,zmq_tcp,none,none,,1,1348,512,584,1785153437809414000,1785153437809415000,1785153437809415000,1785153437809416000,1785153437809553000,1785153437809557000,1785153437809557000,1785153437809557000,121932490,121652369,-143.121,1.000,0.000,1.000,4.000,0.000,0.000,0.000,0,0,0
B3_zmq_pushpull,zmq_tcp,none,none,,1,1349,512,584,1785153437810380000,1785153437810380000,1785153437810380000,1785153437810381000,1785153437810535000,1785153437810538000,1785153437810538000,1785153437810538000,121932490,121652369,-126.121,0.000,0.000,1.000,3.000,0.000,0.000,0.000,0,0,0
B3_zmq_pushpull,zmq_tcp,none,none,,1,1350,512,584,1785153437811388000,1785153437811388000,1785153437811388000,1785153437811389000,1785153437811538000,1785153437811541000,1785153437811541000,1785153437811541000,121932490,121652369,-131.121,0.000,0.000,1.000,3.000,0.000,0.000,0.000,0,0,0
B3_zmq_pushpull,zmq_tcp,none,none,,1,1351,512,584,1785153437812386000,1785153437812386000,1785153437812386000,1785153437812387000,1785153437812540000,1785153437812543000,1785153437812543000,1785153437812543000,121932490,121652369,-127.121,0.000,0.000,1.000,3.000,0.000,0.000,0.000,0,0,0
B3_zmq_pushpull,zmq_tcp,none,none,,1,1352,512,584,1785153437813387000,1785153437813387000,1785153437813387000,1785153437813388000,1785153437813543000,1785153437813546000,1785153437813546000,1785153437813546000,121932490,121652369,-125.121,0.000,0.000,1.000,3.000,0.000,0.000,0.000,0,0,0
B3_zmq_pushpull,zmq_tcp,none,none,,1,1353,512,584,1785153437814387000,1785153437814387000,1785153437814387000,1785153437814388000,1785153437814513000,1785153437814515000,1785153437814515000,1785153437814515000,121932490,121652369,-155.121,0.000,0.000,1.000,2.000,0.000,0.000,0.000,0,0,0
B3_zmq_pushpull,zmq_tcp,none,none,,1,1354,512,584,1785153437815387000,1785153437815387000,1785153437815387000,1785153437815388000,1785153437815493000,1785153437815496000,1785153437815496000,1785153437815496000,121932490,121652369,-175.121,0.000,0.000,1.000,3.000,0.000,0.000,0.000,0,0,0
B3_zmq_pushpull,zmq_tcp,none,none,,1,1355,512,584,1785153437816385000,1785153437816385000,1785153437816385000,1785153437816386000,1785153437816503000,1785153437816506000,1785153437816506000,1785153437816506000,121932490,121652369,-163.121,0.000,0.000,1.000,3.000,0.000,0.000,0.000,0,0,0
B3_zmq_pushpull,zmq_tcp,none,none,,1,1356,512,584,1785153437817388000,1785153437817388000,1785153437817388000,1785153437817389000,1785153437817488000,1785153437817491000,1785153437817491000,1785153437817491000,121932490,121652369,-181.121,0.000,0.000,1.000,3.000,0.000,0.000,0.000,0,0,0
B3_zmq_pushpull,zmq_tcp,none,none,,1,1357,512,584,1785153437818387000,1785153437818387000,1785153437818387000,1785153437818388000,1785153437818477000,1785153437818480000,1785153437818480000,1785153437818480000,121932490,121652369,-191.121,0.000,0.000,1.000,3.000,0.000,0.000,0.000,0,0,0
B3_zmq_pushpull,zmq_tcp,none,none,,1,1358,512,584,1785153437819387000,1785153437819387000,1785153437819387000,1785153437819388000,1785153437819447000,1785153437819451000,1785153437819451000,1785153437819451000,121932490,121652369,-221.121,0.000,0.000,1.000,4.000,0.000,0.000,0.000,0,0,0
B3_zmq_pushpull,zmq_tcp,none,none,,1,1359,512,584,1785153437820384000,1785153437820385000,1785153437820385000,1785153437820386000,1785153437820544000,1785153437820546000,1785153437820546000,1785153437820546000,121932490,121652369,-122.121,1.000,0.000,1.000,2.000,0.000,0.000,0.000,0,0,0
B3_zmq_pushpull,zmq_tcp,none,none,,1,1360,512,584,1785153437821388000,1785153437821388000,1785153437821388000,1785153437821389000,1785153437821532000,1785153437821535000,1785153437821535000,1785153437821535000,121932490,121652369,-137.121,0.000,0.000,1.000,3.000,0.000,0.000,0.000,0,0,0
B3_zmq_pushpull,zmq_tcp,none,none,,1,1361,512,584,1785153437822387000,1785153437822387000,1785153437822387000,1785153437822388000,1785153437822511000,1785153437822514000,1785153437822514000,1785153437822514000,121932490,121652369,-157.121,0.000,0.000,1.000,3.000,0.000,0.000,0.000,0,0,0
B3_zmq_pushpull,zmq_tcp,none,none,,1,1362,512,584,1785153437823387000,1785153437823387000,1785153437823387000,1785153437823388000,1785153437823494000,1785153437823497000,1785153437823497000,1785153437823497000,121932490,121652369,-174.121,0.000,0.000,1.000,3.000,0.000,0.000,0.000,0,0,0
B3_zmq_pushpull,zmq_tcp,none,none,,1,1363,512,584,1785153437824386000,1785153437824386000,1785153437824386000,1785153437824387000,1785153437824482000,1785153437824484000,1785153437824485000,1785153437824485000,121932490,121652369,-185.121,0.000,0.000,1.000,2.000,1.000,0.000,0.000,0,0,0
B3_zmq_pushpull,zmq_tcp,none,none,,1,1364,512,584,1785153437825386000,1785153437825386000,1785153437825386000,1785153437825387000,1785153437825461000,1785153437825463000,1785153437825463000,1785153437825463000,121932490,121652369,-206.121,0.000,0.000,1.000,2.000,0.000,0.000,0.000,0,0,0
B3_zmq_pushpull,zmq_tcp,none,none,,1,1365,512,584,1785153437826386000,1785153437826386000,1785153437826386000,1785153437826387000,1785153437826440000,1785153437826443000,1785153437826443000,1785153437826443000,121932490,121652369,-227.121,0.000,0.000,1.000,3.000,0.000,0.000,0.000,0,0,0
B3_zmq_pushpull,zmq_tcp,none,none,,1,1366,512,584,1785153437827386000,1785153437827386000,1785153437827386000,1785153437827387000,1785153437827563000,1785153437827566000,1785153437827566000,1785153437827566000,121932490,121652369,-104.121,0.000,0.000,1.000,3.000,0.000,0.000,0.000,0,0,0
B3_zmq_pushpull,zmq_tcp,none,none,,1,1367,512,584,1785153437828383000,1785153437828384000,1785153437828384000,1785153437828385000,1785153437828551000,1785153437828555000,1785153437828555000,1785153437828555000,121932490,121652369,-114.121,1.000,0.000,1.000,4.000,0.000,0.000,0.000,0,0,0
B3_zmq_pushpull,zmq_tcp,none,none,,1,1368,512,584,1785153437829388000,1785153437829388000,1785153437829388000,1785153437829389000,1785153437829530000,1785153437829533000,1785153437829533000,1785153437829533000,121932490,121652369,-139.121,0.000,0.000,1.000,3.000,0.000,0.000,0.000,0,0,0
B3_zmq_pushpull,zmq_tcp,none,none,,1,1369,512,584,1785153437830387000,1785153437830387000,1785153437830387000,1785153437830388000,1785153437830507000,1785153437830510000,1785153437830510000,1785153437830510000,121932490,121652369,-161.121,0.000,0.000,1.000,3.000,0.000,0.000,0.000,0,0,0
B3_zmq_pushpull,zmq_tcp,none,none,,1,1370,512,584,1785153437831387000,1785153437831387000,1785153437831387000,1785153437831388000,1785153437831482000,1785153437831485000,1785153437831485000,1785153437831485000,121932490,121652369,-186.121,0.000,0.000,1.000,3.000,0.000,0.000,0.000,0,0,0
B3_zmq_pushpull,zmq_tcp,none,none,,1,1371,512,584,1785153437832387000,1785153437832388000,1785153437832388000,1785153437832389000,1785153437832459000,1785153437832462000,1785153437832462000,1785153437832462000,121932490,121652369,-210.121,1.000,0.000,1.000,3.000,0.000,0.000,0.000,0,0,0
B3_zmq_pushpull,zmq_tcp,none,none,,1,1372,512,584,1785153437833386000,1785153437833386000,1785153437833386000,1785153437833387000,1785153437833456000,1785153437833459000,1785153437833459000,1785153437833459000,121932490,121652369,-211.121,0.000,0.000,1.000,3.000,0.000,0.000,0.000,0,0,0
B3_zmq_pushpull,zmq_tcp,none,none,,1,1373,512,584,1785153437834387000,1785153437834387000,1785153437834387000,1785153437834388000,1785153437834565000,1785153437834568000,1785153437834568000,1785153437834568000,121932490,121652369,-103.121,0.000,0.000,1.000,3.000,0.000,0.000,0.000,0,0,0
B3_zmq_pushpull,zmq_tcp,none,none,,1,1374,512,584,1785153437835271000,1785153437835271000,1785153437835271000,1785153437835272000,1785153437835425000,1785153437835429000,1785153437835429000,1785153437835429000,121932490,121652369,-127.121,0.000,0.000,1.000,4.000,0.000,0.000,0.000,0,0,0
B3_zmq_pushpull,zmq_tcp,none,none,,1,1375,512,584,1785153437836263000,1785153437836264000,1785153437836264000,1785153437836265000,1785153437836418000,1785153437836421000,1785153437836421000,1785153437836421000,121932490,121652369,-127.121,1.000,0.000,1.000,3.000,0.000,0.000,0.000,0,0,0
B3_zmq_pushpull,zmq_tcp,none,none,,1,1376,512,584,1785153437837423000,1785153437837424000,1785153437837424000,1785153437837425000,1785153437837539000,1785153437837544000,1785153437837544000,1785153437837544000,121932490,121652369,-166.121,1.000,0.000,1.000,5.000,0.000,0.000,0.000,0,0,0
B3_zmq_pushpull,zmq_tcp,none,none,,1,1377,512,584,1785153437838234000,1785153437838234000,1785153437838234000,1785153437838236000,1785153437838390000,1785153437838393000,1785153437838393000,1785153437838393000,121932490,121652369,-126.121,0.000,0.000,2.000,3.000,0.000,0.000,0.000,0,0,0
B3_zmq_pushpull,zmq_tcp,none,none,,1,1378,512,584,1785153437839230000,1785153437839230000,1785153437839230000,1785153437839231000,1785153437839383000,1785153437839386000,1785153437839386000,1785153437839386000,121932490,121652369,-128.121,0.000,0.000,1.000,3.000,0.000,0.000,0.000,0,0,0
B3_zmq_pushpull,zmq_tcp,none,none,,1,1379,512,584,1785153437840429000,1785153437840429000,1785153437840429000,1785153437840430000,1785153437840519000,1785153437840521000,1785153437840521000,1785153437840521000,121932490,121652369,-191.121,0.000,0.000,1.000,2.000,0.000,0.000,0.000,0,0,0
B3_zmq_pushpull,zmq_tcp,none,none,,1,1380,512,584,1785153437841375000,1785153437841375000,1785153437841375000,1785153437841376000,1785153437841535000,1785153437841538000,1785153437841538000,1785153437841538000,121932490,121652369,-121.121,0.000,0.000,1.000,3.000,0.000,0.000,0.000,0,0,0
B3_zmq_pushpull,zmq_tcp,none,none,,1,1381,512,584,1785153437842391000,1785153437842391000,1785153437842392000,1785153437842392000,1785153437842536000,1785153437842539000,1785153437842539000,1785153437842539000,121932490,121652369,-136.121,0.000,1.000,0.000,3.000,0.000,0.000,0.000,0,0,0
B3_zmq_pushpull,zmq_tcp,none,none,,1,1382,512,584,1785153437843388000,1785153437843388000,1785153437843388000,1785153437843389000,1785153437843547000,1785153437843551000,1785153437843551000,1785153437843551000,121932490,121652369,-122.121,0.000,0.000,1.000,4.000,0.000,0.000,0.000,0,0,0
B3_zmq_pushpull,zmq_tcp,none,none,,1,1383,512,584,1785153437844245000,1785153437844245000,1785153437844245000,1785153437844246000,1785153437844400000,1785153437844403000,1785153437844403000,1785153437844403000,121932490,121652369,-126.121,0.000,0.000,1.000,3.000,0.000,0.000,0.000,0,0,0
B3_zmq_pushpull,zmq_tcp,none,none,,1,1384,512,584,1785153437845421000,1785153437845421000,1785153437845421000,1785153437845422000,1785153437845522000,1785153437845525000,1785153437845525000,1785153437845525000,121932490,121652369,-180.121,0.000,0.000,1.000,3.000,0.000,0.000,0.000,0,0,0
B3_zmq_pushpull,zmq_tcp,none,none,,1,1385,512,584,1785153437846240000,1785153437846241000,1785153437846241000,1785153437846242000,1785153437846384000,1785153437846388000,1785153437846388000,1785153437846389000,121932490,121652369,-138.121,1.000,0.000,1.000,4.000,0.000,1.000,0.000,0,0,0
B3_zmq_pushpull,zmq_tcp,none,none,,1,1386,512,584,1785153437847427000,1785153437847427000,1785153437847427000,1785153437847428000,1785153437847548000,1785153437847551000,1785153437847551000,1785153437847551000,121932490,121652369,-160.121,0.000,0.000,1.000,3.000,0.000,0.000,0.000,0,0,0
B3_zmq_pushpull,zmq_tcp,none,none,,1,1387,512,584,1785153437848380000,1785153437848380000,1785153437848380000,1785153437848381000,1785153437848564000,1785153437848567000,1785153437848567000,1785153437848567000,121932490,121652369,-97.121,0.000,0.000,1.000,3.000,0.000,0.000,0.000,0,0,0
B3_zmq_pushpull,zmq_tcp,none,none,,1,1388,512,584,1785153437849390000,1785153437849390000,1785153437849390000,1785153437849391000,1785153437849582000,1785153437849585000,1785153437849585000,1785153437849585000,121932490,121652369,-89.121,0.000,0.000,1.000,3.000,0.000,0.000,0.000,0,0,0
B3_zmq_pushpull,zmq_tcp,none,none,,1,1389,512,584,1785153437850387000,1785153437850387000,1785153437850388000,1785153437850388000,1785153437850457000,1785153437850459000,1785153437850459000,1785153437850459000,121932490,121652369,-211.121,0.000,1.000,0.000,2.000,0.000,0.000,0.000,0,0,0
B3_zmq_pushpull,zmq_tcp,none,none,,1,1390,512,584,1785153437851290000,1785153437851290000,1785153437851290000,1785153437851291000,1785153437851447000,1785153437851450000,1785153437851450000,1785153437851450000,121932490,121652369,-124.121,0.000,0.000,1.000,3.000,0.000,0.000,0.000,0,0,0
B3_zmq_pushpull,zmq_tcp,none,none,,1,1391,512,584,1785153437852410000,1785153437852410000,1785153437852410000,1785153437852411000,1785153437852459000,1785153437852462000,1785153437852462000,1785153437852462000,121932490,121652369,-232.121,0.000,0.000,1.000,3.000,0.000,0.000,0.000,0,0,0
B3_zmq_pushpull,zmq_tcp,none,none,,1,1392,512,584,1785153437853383000,1785153437853383000,1785153437853383000,1785153437853384000,1785153437853464000,1785153437853466000,1785153437853466000,1785153437853466000,121932490,121652369,-200.121,0.000,0.000,1.000,2.000,0.000,0.000,0.000,0,0,0
B3_zmq_pushpull,zmq_tcp,none,none,,1,1393,512,584,1785153437854390000,1785153437854390000,1785153437854390000,1785153437854391000,1785153437854479000,1785153437854482000,1785153437854482000,1785153437854482000,121932490,121652369,-192.121,0.000,0.000,1.000,3.000,0.000,0.000,0.000,0,0,0
B3_zmq_pushpull,zmq_tcp,none,none,,1,1394,512,584,1785153437855383000,1785153437855383000,1785153437855384000,1785153437855384000,1785153437855484000,1785153437855487000,1785153437855487000,1785153437855487000,121932490,121652369,-180.121,0.000,1.000,0.000,3.000,0.000,0.000,0.000,0,0,0
B3_zmq_pushpull,zmq_tcp,none,none,,1,1395,512,584,1785153437856389000,1785153437856389000,1785153437856389000,1785153437856390000,1785153437856501000,1785153437856503000,1785153437856503000,1785153437856503000,121932490,121652369,-169.121,0.000,0.000,1.000,2.000,0.000,0.000,0.000,0,0,0
B3_zmq_pushpull,zmq_tcp,none,none,,1,1396,512,584,1785153437857387000,1785153437857388000,1785153437857388000,1785153437857389000,1785153437857507000,1785153437857510000,1785153437857510000,1785153437857510000,121932490,121652369,-162.121,1.000,0.000,1.000,3.000,0.000,0.000,0.000,0,0,0
B3_zmq_pushpull,zmq_tcp,none,none,,1,1397,512,584,1785153437858387000,1785153437858388000,1785153437858388000,1785153437858388000,1785153437858517000,1785153437858520000,1785153437858520000,1785153437858520000,121932490,121652369,-151.121,1.000,0.000,0.000,3.000,0.000,0.000,0.000,0,0,0
B3_zmq_pushpull,zmq_tcp,none,none,,1,1398,512,584,1785153437859385000,1785153437859385000,1785153437859385000,1785153437859386000,1785153437859521000,1785153437859524000,1785153437859524000,1785153437859524000,121932490,121652369,-145.121,0.000,0.000,1.000,3.000,0.000,0.000,0.000,0,0,0
B3_zmq_pushpull,zmq_tcp,none,none,,1,1399,512,584,1785153437860389000,1785153437860389000,1785153437860389000,1785153437860390000,1785153437860534000,1785153437860537000,1785153437860537000,1785153437860537000,121932490,121652369,-136.121,0.000,0.000,1.000,3.000,0.000,0.000,0.000,0,0,0
B3_zmq_pushpull,zmq_tcp,none,none,,1,1400,512,584,1785153437861387000,1785153437861387000,1785153437861387000,1785153437861388000,1785153437861546000,1785153437861549000,1785153437861549000,1785153437861549000,121932490,121652369,-122.121,0.000,0.000,1.000,3.000,0.000,0.000,0.000,0,0,0
B3_zmq_pushpull,zmq_tcp,none,none,,1,1401,512,584,1785153437862390000,1785153437862391000,1785153437862391000,1785153437862392000,1785153437862559000,1785153437862562000,1785153437862562000,1785153437862562000,121932490,121652369,-113.121,1.000,0.000,1.000,3.000,0.000,0.000,0.000,0,0,0
B3_zmq_pushpull,zmq_tcp,none,none,,1,1402,512,584,1785153437863387000,1785153437863387000,1785153437863387000,1785153437863388000,1785153437863435000,1785153437863438000,1785153437863439000,1785153437863439000,121932490,121652369,-233.121,0.000,0.000,1.000,3.000,1.000,0.000,0.000,0,0,0
B3_zmq_pushpull,zmq_tcp,none,none,,1,1403,512,584,1785153437864293000,1785153437864294000,1785153437864294000,1785153437864295000,1785153437864452000,1785153437864455000,1785153437864455000,1785153437864455000,121932490,121652369,-123.121,1.000,0.000,1.000,3.000,0.000,0.000,0.000,0,0,0
B3_zmq_pushpull,zmq_tcp,none,none,,1,1404,512,584,1785153437865412000,1785153437865412000,1785153437865412000,1785153437865413000,1785153437865569000,1785153437865571000,1785153437865571000,1785153437865571000,121932490,121652369,-124.121,0.000,0.000,1.000,2.000,0.000,0.000,0.000,0,0,0
B3_zmq_pushpull,zmq_tcp,none,none,,1,1405,512,584,1785153437866378000,1785153437866379000,1785153437866379000,1785153437866380000,1785153437866426000,1785153437866429000,1785153437866429000,1785153437866429000,121932490,121652369,-234.121,1.000,0.000,1.000,3.000,0.000,0.000,0.000,0,0,0
B3_zmq_pushpull,zmq_tcp,none,none,,1,1406,512,584,1785153437867390000,1785153437867391000,1785153437867391000,1785153437867392000,1785153437867439000,1785153437867443000,1785153437867443000,1785153437867443000,121932490,121652369,-233.121,1.000,0.000,1.000,4.000,0.000,0.000,0.000,0,0,0
B3_zmq_pushpull,zmq_tcp,none,none,,1,1407,512,584,1785153437868309000,1785153437868310000,1785153437868310000,1785153437868311000,1785153437868462000,1785153437868465000,1785153437868465000,1785153437868465000,121932490,121652369,-129.121,1.000,0.000,1.000,3.000,0.000,0.000,0.000,0,0,0
B3_zmq_pushpull,zmq_tcp,none,none,,1,1408,512,584,1785153437869306000,1785153437869306000,1785153437869306000,1785153437869307000,1785153437869466000,1785153437869469000,1785153437869469000,1785153437869469000,121932490,121652369,-121.121,0.000,0.000,1.000,3.000,0.000,0.000,0.000,0,0,0
B3_zmq_pushpull,zmq_tcp,none,none,,1,1409,512,584,1785153437870193000,1785153437870194000,1785153437870194000,1785153437870195000,1785153437870341000,1785153437870343000,1785153437870343000,1785153437870343000,121932490,121652369,-134.121,1.000,0.000,1.000,2.000,0.000,0.000,0.000,0,0,0
B3_zmq_pushpull,zmq_tcp,none,none,,1,1410,512,584,1785153437871442000,1785153437871442000,1785153437871442000,1785153437871443000,1785153437871498000,1785153437871501000,1785153437871501000,1785153437871501000,121932490,121652369,-225.121,0.000,0.000,1.000,3.000,0.000,0.000,0.000,0,0,0
B3_zmq_pushpull,zmq_tcp,none,none,,1,1411,512,584,1785153437872374000,1785153437872374000,1785153437872374000,1785153437872375000,1785153437872499000,1785153437872502000,1785153437872502000,1785153437872502000,121932490,121652369,-156.121,0.000,0.000,1.000,3.000,0.000,0.000,0.000,0,0,0
B3_zmq_pushpull,zmq_tcp,none,none,,1,1412,512,584,1785153437873387000,1785153437873388000,1785153437873388000,1785153437873389000,1785153437873491000,1785153437873494000,1785153437873494000,1785153437873494000,121932490,121652369,-178.121,1.000,0.000,1.000,3.000,0.000,0.000,0.000,0,0,0
B3_zmq_pushpull,zmq_tcp,none,none,,1,1413,512,584,1785153437874387000,1785153437874388000,1785153437874388000,1785153437874389000,1785153437874490000,1785153437874493000,1785153437874493000,1785153437874493000,121932490,121652369,-179.121,1.000,0.000,1.000,3.000,0.000,0.000,0.000,0,0,0
B3_zmq_pushpull,zmq_tcp,none,none,,1,1414,512,584,1785153437875390000,1785153437875390000,1785153437875390000,1785153437875391000,1785153437875510000,1785153437875513000,1785153437875513000,1785153437875513000,121932490,121652369,-161.121,0.000,0.000,1.000,3.000,0.000,0.000,0.000,0,0,0
B3_zmq_pushpull,zmq_tcp,none,none,,1,1415,512,584,1785153437876386000,1785153437876386000,1785153437876386000,1785153437876387000,1785153437876509000,1785153437876511000,1785153437876511000,1785153437876511000,121932490,121652369,-158.121,0.000,0.000,1.000,2.000,0.000,0.000,0.000,0,0,0
B3_zmq_pushpull,zmq_tcp,none,none,,1,1416,512,584,1785153437877387000,1785153437877388000,1785153437877388000,1785153437877389000,1785153437877519000,1785153437877522000,1785153437877522000,1785153437877522000,121932490,121652369,-150.121,1.000,0.000,1.000,3.000,0.000,0.000,0.000,0,0,0
B3_zmq_pushpull,zmq_tcp,none,none,,1,1417,512,584,1785153437878389000,1785153437878389000,1785153437878389000,1785153437878390000,1785153437878527000,1785153437878531000,1785153437878531000,1785153437878531000,121932490,121652369,-143.121,0.000,0.000,1.000,4.000,0.000,0.000,0.000,0,0,0
B3_zmq_pushpull,zmq_tcp,none,none,,1,1418,512,584,1785153437879236000,1785153437879236000,1785153437879237000,1785153437879237000,1785153437879382000,1785153437879385000,1785153437879385000,1785153437879385000,121932490,121652369,-135.121,0.000,1.000,0.000,3.000,0.000,0.000,0.000,0,0,0
B3_zmq_pushpull,zmq_tcp,none,none,,1,1419,512,584,1785153437880422000,1785153437880422000,1785153437880422000,1785153437880423000,1785153437880525000,1785153437880527000,1785153437880527000,1785153437880527000,121932490,121652369,-178.121,0.000,0.000,1.000,2.000,0.000,0.000,0.000,0,0,0
B3_zmq_pushpull,zmq_tcp,none,none,,1,1420,512,584,1785153437881380000,1785153437881380000,1785153437881380000,1785153437881381000,1785153437881515000,1785153437881518000,1785153437881518000,1785153437881518000,121932490,121652369,-146.121,0.000,0.000,1.000,3.000,0.000,0.000,0.000,0,0,0
B3_zmq_pushpull,zmq_tcp,none,none,,1,1421,512,584,1785153437882391000,1785153437882391000,1785153437882391000,1785153437882392000,1785153437882533000,1785153437882536000,1785153437882536000,1785153437882536000,121932490,121652369,-139.121,0.000,0.000,1.000,3.000,0.000,0.000,0.000,0,0,0
B3_zmq_pushpull,zmq_tcp,none,none,,1,1422,512,584,1785153437883236000,1785153437883236000,1785153437883236000,1785153437883237000,1785153437883398000,1785153437883401000,1785153437883401000,1785153437883401000,121932490,121652369,-119.121,0.000,0.000,1.000,3.000,0.000,0.000,0.000,0,0,0
B3_zmq_pushpull,zmq_tcp,none,none,,1,1423,512,584,1785153437884429000,1785153437884429000,1785153437884429000,1785153437884430000,1785153437884559000,1785153437884562000,1785153437884562000,1785153437884562000,121932490,121652369,-151.121,0.000,0.000,1.000,3.000,0.000,0.000,0.000,0,0,0
B3_zmq_pushpull,zmq_tcp,none,none,,1,1424,512,584,1785153437885383000,1785153437885383000,1785153437885383000,1785153437885384000,1785153437885422000,1785153437885427000,1785153437885427000,1785153437885427000,121932490,121652369,-242.121,0.000,0.000,1.000,5.000,0.000,0.000,0.000,0,0,0
B3_zmq_pushpull,zmq_tcp,none,none,,1,1425,512,584,1785153437886270000,1785153437886270000,1785153437886270000,1785153437886271000,1785153437886426000,1785153437886429000,1785153437886429000,1785153437886429000,121932490,121652369,-125.121,0.000,0.000,1.000,3.000,0.000,0.000,0.000,0,0,0
B3_zmq_pushpull,zmq_tcp,none,none,,1,1426,512,584,1785153437887413000,1785153437887413000,1785153437887414000,1785153437887414000,1785153437887558000,1785153437887562000,1785153437887562000,1785153437887562000,121932490,121652369,-136.121,0.000,1.000,0.000,4.000,0.000,0.000,0.000,0,0,0
B3_zmq_pushpull,zmq_tcp,none,none,,1,1427,512,584,1785153437888262000,1785153437888262000,1785153437888262000,1785153437888263000,1785153437888422000,1785153437888424000,1785153437888424000,1785153437888424000,121932490,121652369,-121.121,0.000,0.000,1.000,2.000,0.000,0.000,0.000,0,0,0
B3_zmq_pushpull,zmq_tcp,none,none,,1,1428,512,584,1785153437889419000,1785153437889419000,1785153437889419000,1785153437889420000,1785153437889576000,1785153437889579000,1785153437889579000,1785153437889579000,121932490,121652369,-124.121,0.000,0.000,1.000,3.000,0.000,0.000,0.000,0,0,0
B3_zmq_pushpull,zmq_tcp,none,none,,1,1429,512,584,1785153437890378000,1785153437890378000,1785153437890378000,1785153437890379000,1785153437890438000,1785153437890441000,1785153437890441000,1785153437890441000,121932490,121652369,-221.121,0.000,0.000,1.000,3.000,0.000,0.000,0.000,0,0,0
B3_zmq_pushpull,zmq_tcp,none,none,,1,1430,512,584,1785153437891391000,1785153437891391000,1785153437891391000,1785153437891392000,1785153437891447000,1785153437891452000,1785153437891452000,1785153437891452000,121932490,121652369,-225.121,0.000,0.000,1.000,5.000,0.000,0.000,0.000,0,0,0
B3_zmq_pushpull,zmq_tcp,none,none,,1,1431,512,584,1785153437892388000,1785153437892388000,1785153437892388000,1785153437892389000,1785153437892577000,1785153437892579000,1785153437892579000,1785153437892579000,121932490,121652369,-92.121,0.000,0.000,1.000,2.000,0.000,0.000,0.000,0,0,0
B3_zmq_pushpull,zmq_tcp,none,none,,1,1432,512,584,1785153437893286000,1785153437893286000,1785153437893286000,1785153437893287000,1785153437893442000,1785153437893445000,1785153437893445000,1785153437893445000,121932490,121652369,-125.121,0.000,0.000,1.000,3.000,0.000,0.000,0.000,0,0,0
B3_zmq_pushpull,zmq_tcp,none,none,,1,1433,512,584,1785153437894411000,1785153437894411000,1785153437894411000,1785153437894412000,1785153437894583000,1785153437894586000,1785153437894586000,1785153437894586000,121932490,121652369,-109.121,0.000,0.000,1.000,3.000,0.000,0.000,0.000,0,0,0
B3_zmq_pushpull,zmq_tcp,none,none,,1,1434,512,584,1785153437895276000,1785153437895277000,1785153437895277000,1785153437895278000,1785153437895431000,1785153437895434000,1785153437895434000,1785153437895434000,121932490,121652369,-127.121,1.000,0.000,1.000,3.000,0.000,0.000,0.000,0,0,0
B3_zmq_pushpull,zmq_tcp,none,none,,1,1435,512,584,1785153437896416000,1785153437896416000,1785153437896416000,1785153437896417000,1785153437896564000,1785153437896567000,1785153437896567000,1785153437896567000,121932490,121652369,-133.121,0.000,0.000,1.000,3.000,0.000,0.000,0.000,0,0,0
B3_zmq_pushpull,zmq_tcp,none,none,,1,1436,512,584,1785153437897381000,1785153437897381000,1785153437897381000,1785153437897382000,1785153437897441000,1785153437897444000,1785153437897444000,1785153437897444000,121932490,121652369,-221.121,0.000,0.000,1.000,3.000,0.000,0.000,0.000,0,0,0
B3_zmq_pushpull,zmq_tcp,none,none,,1,1437,512,584,1785153437898390000,1785153437898390000,1785153437898390000,1785153437898391000,1785153437898578000,1785153437898580000,1785153437898580000,1785153437898580000,121932490,121652369,-93.121,0.000,0.000,1.000,2.000,0.000,0.000,0.000,0,0,0
B3_zmq_pushpull,zmq_tcp,none,none,,1,1438,512,584,1785153437899388000,1785153437899388000,1785153437899388000,1785153437899389000,1785153437899453000,1785153437899456000,1785153437899456000,1785153437899456000,121932490,121652369,-216.121,0.000,0.000,1.000,3.000,0.000,0.000,0.000,0,0,0
B3_zmq_pushpull,zmq_tcp,none,none,,1,1439,512,584,1785153437900388000,1785153437900388000,1785153437900388000,1785153437900389000,1785153437900453000,1785153437900456000,1785153437900456000,1785153437900456000,121932490,121652369,-216.121,0.000,0.000,1.000,3.000,0.000,0.000,0.000,0,0,0
B3_zmq_pushpull,zmq_tcp,none,none,,1,1440,512,584,1785153437901385000,1785153437901385000,1785153437901386000,1785153437901386000,1785153437901431000,1785153437901435000,1785153437901435000,1785153437901435000,121932490,121652369,-235.121,0.000,1.000,0.000,4.000,0.000,0.000,0.000,0,0,0
B3_zmq_pushpull,zmq_tcp,none,none,,1,1441,512,584,1785153437902391000,1785153437902391000,1785153437902391000,1785153437902392000,1785153437902447000,1785153437902450000,1785153437902450000,1785153437902450000,121932490,121652369,-225.121,0.000,0.000,1.000,3.000,0.000,0.000,0.000,0,0,0
B3_zmq_pushpull,zmq_tcp,none,none,,1,1442,512,584,1785153437903388000,1785153437903388000,1785153437903388000,1785153437903389000,1785153437903463000,1785153437903467000,1785153437903467000,1785153437903467000,121932490,121652369,-206.121,0.000,0.000,1.000,4.000,0.000,0.000,0.000,0,0,0
B3_zmq_pushpull,zmq_tcp,none,none,,1,1443,512,584,1785153437904388000,1785153437904388000,1785153437904388000,1785153437904389000,1785153437904453000,1785153437904455000,1785153437904455000,1785153437904455000,121932490,121652369,-216.121,0.000,0.000,1.000,2.000,0.000,0.000,0.000,0,0,0
B3_zmq_pushpull,zmq_tcp,none,none,,1,1444,512,584,1785153437905387000,1785153437905387000,1785153437905387000,1785153437905388000,1785153437905447000,1785153437905450000,1785153437905450000,1785153437905450000,121932490,121652369,-221.121,0.000,0.000,1.000,3.000,0.000,0.000,0.000,0,0,0
B3_zmq_pushpull,zmq_tcp,none,none,,1,1445,512,584,1785153437906388000,1785153437906388000,1785153437906388000,1785153437906389000,1785153437906578000,1785153437906581000,1785153437906581000,1785153437906581000,121932490,121652369,-91.121,0.000,0.000,1.000,3.000,0.000,0.000,0.000,0,0,0
B3_zmq_pushpull,zmq_tcp,none,none,,1,1446,512,584,1785153437907295000,1785153437907295000,1785153437907295000,1785153437907296000,1785153437907451000,1785153437907454000,1785153437907454000,1785153437907454000,121932490,121652369,-125.121,0.000,0.000,1.000,3.000,0.000,0.000,0.000,0,0,0
B3_zmq_pushpull,zmq_tcp,none,none,,1,1447,512,584,1785153437908412000,1785153437908412000,1785153437908412000,1785153437908413000,1785153437908583000,1785153437908586000,1785153437908586000,1785153437908586000,121932490,121652369,-110.121,0.000,0.000,1.000,3.000,0.000,0.000,0.000,0,0,0
B3_zmq_pushpull,zmq_tcp,none,none,,1,1448,512,584,1785153437909381000,1785153437909381000,1785153437909381000,1785153437909382000,1785153437909446000,1785153437909449000,1785153437909449000,1785153437909449000,121932490,121652369,-216.121,0.000,0.000,1.000,3.000,0.000,0.000,0.000,0,0,0
B3_zmq_pushpull,zmq_tcp,none,none,,1,1449,512,584,1785153437910310000,1785153437910310000,1785153437910310000,1785153437910311000,1785153437910469000,1785153437910471000,1785153437910471000,1785153437910471000,121932490,121652369,-122.121,0.000,0.000,1.000,2.000,0.000,0.000,0.000,0,0,0
B3_zmq_pushpull,zmq_tcp,none,none,,1,1450,512,584,1785153437911410000,1785153437911410000,1785153437911410000,1785153437911411000,1785153437911479000,1785153437911483000,1785153437911483000,1785153437911483000,121932490,121652369,-212.121,0.000,0.000,1.000,4.000,0.000,0.000,0.000,0,0,0
B3_zmq_pushpull,zmq_tcp,none,none,,1,1451,512,584,1785153437912383000,1785153437912383000,1785153437912383000,1785153437912384000,1785153437912479000,1785153437912482000,1785153437912482000,1785153437912482000,121932490,121652369,-185.121,0.000,0.000,1.000,3.000,0.000,0.000,0.000,0,0,0
B3_zmq_pushpull,zmq_tcp,none,none,,1,1452,512,584,1785153437913388000,1785153437913388000,1785153437913388000,1785153437913389000,1785153437913479000,1785153437913482000,1785153437913482000,1785153437913482000,121932490,121652369,-190.121,0.000,0.000,1.000,3.000,0.000,0.000,0.000,0,0,0
B3_zmq_pushpull,zmq_tcp,none,none,,1,1453,512,584,1785153437914388000,1785153437914388000,1785153437914388000,1785153437914389000,1785153437914478000,1785153437914481000,1785153437914481000,1785153437914481000,121932490,121652369,-191.121,0.000,0.000,1.000,3.000,0.000,0.000,0.000,0,0,0
B3_zmq_pushpull,zmq_tcp,none,none,,1,1454,512,584,1785153437915388000,1785153437915388000,1785153437915388000,1785153437915389000,1785153437915459000,1785153437915463000,1785153437915463000,1785153437915463000,121932490,121652369,-210.121,0.000,0.000,1.000,4.000,0.000,0.000,0.000,0,0,0
B3_zmq_pushpull,zmq_tcp,none,none,,1,1455,512,584,1785153437916295000,1785153437916295000,1785153437916295000,1785153437916296000,1785153437916452000,1785153437916455000,1785153437916455000,1785153437916455000,121932490,121652369,-124.121,0.000,0.000,1.000,3.000,0.000,0.000,0.000,0,0,0
B3_zmq_pushpull,zmq_tcp,none,none,,1,1456,512,584,1785153437917318000,1785153437917318000,1785153437917318000,1785153437917319000,1785153437917479000,1785153437917482000,1785153437917482000,1785153437917482000,121932490,121652369,-120.121,0.000,0.000,1.000,3.000,0.000,0.000,0.000,0,0,0
B3_zmq_pushpull,zmq_tcp,none,none,,1,1457,512,584,1785153437918405000,1785153437918405000,1785153437918406000,1785153437918406000,1785153437918473000,1785153437918476000,1785153437918476000,1785153437918476000,121932490,121652369,-213.121,0.000,1.000,0.000,3.000,0.000,0.000,0.000,0,0,0
B3_zmq_pushpull,zmq_tcp,none,none,,1,1458,512,584,1785153437919192000,1785153437919192000,1785153437919192000,1785153437919193000,1785153437919341000,1785153437919343000,1785153437919344000,1785153437919344000,121932490,121652369,-132.121,0.000,0.000,1.000,2.000,1.000,0.000,0.000,0,0,0
B3_zmq_pushpull,zmq_tcp,none,none,,1,1459,512,584,1785153437920311000,1785153437920311000,1785153437920312000,1785153437920312000,1785153437920461000,1785153437920464000,1785153437920464000,1785153437920464000,121932490,121652369,-131.121,0.000,1.000,0.000,3.000,0.000,0.000,0.000,0,0,0
B3_zmq_pushpull,zmq_tcp,none,none,,1,1460,512,584,1785153437921302000,1785153437921302000,1785153437921302000,1785153437921303000,1785153437921458000,1785153437921461000,1785153437921461000,1785153437921461000,121932490,121652369,-125.121,0.000,0.000,1.000,3.000,0.000,0.000,0.000,0,0,0
B3_zmq_pushpull,zmq_tcp,none,none,,1,1461,512,584,1785153437922409000,1785153437922410000,1785153437922410000,1785153437922411000,1785153437922593000,1785153437922595000,1785153437922595000,1785153437922595000,121932490,121652369,-98.121,1.000,0.000,1.000,2.000,0.000,0.000,0.000,0,0,0
B3_zmq_pushpull,zmq_tcp,none,none,,1,1462,512,584,1785153437923381000,1785153437923381000,1785153437923381000,1785153437923382000,1785153437923468000,1785153437923470000,1785153437923471000,1785153437923471000,121932490,121652369,-194.121,0.000,0.000,1.000,2.000,1.000,0.000,0.000,0,0,0
B3_zmq_pushpull,zmq_tcp,none,none,,1,1463,512,584,1785153437924391000,1785153437924392000,1785153437924392000,1785153437924393000,1785153437924497000,1785153437924500000,1785153437924500000,1785153437924500000,121932490,121652369,-176.121,1.000,0.000,1.000,3.000,0.000,0.000,0.000,0,0,0
B3_zmq_pushpull,zmq_tcp,none,none,,1,1464,512,584,1785153437925389000,1785153437925389000,1785153437925389000,1785153437925390000,1785153437925493000,1785153437925496000,1785153437925496000,1785153437925496000,121932490,121652369,-177.121,0.000,0.000,1.000,3.000,0.000,0.000,0.000,0,0,0
B3_zmq_pushpull,zmq_tcp,none,none,,1,1465,512,584,1785153437926388000,1785153437926388000,1785153437926388000,1785153437926389000,1785153437926506000,1785153437926509000,1785153437926509000,1785153437926509000,121932490,121652369,-163.121,0.000,0.000,1.000,3.000,0.000,0.000,0.000,0,0,0
B3_zmq_pushpull,zmq_tcp,none,none,,1,1466,512,584,1785153437927388000,1785153437927388000,1785153437927388000,1785153437927389000,1785153437927510000,1785153437927513000,1785153437927513000,1785153437927513000,121932490,121652369,-159.121,0.000,0.000,1.000,3.000,0.000,0.000,0.000,0,0,0
B3_zmq_pushpull,zmq_tcp,none,none,,1,1467,512,584,1785153437928388000,1785153437928388000,1785153437928388000,1785153437928389000,1785153437928521000,1785153437928524000,1785153437928524000,1785153437928524000,121932490,121652369,-148.121,0.000,0.000,1.000,3.000,0.000,0.000,0.000,0,0,0
B3_zmq_pushpull,zmq_tcp,none,none,,1,1468,512,584,1785153437929388000,1785153437929388000,1785153437929388000,1785153437929389000,1785153437929520000,1785153437929522000,1785153437929522000,1785153437929522000,121932490,121652369,-149.121,0.000,0.000,1.000,2.000,0.000,0.000,0.000,0,0,0
B3_zmq_pushpull,zmq_tcp,none,none,,1,1469,512,584,1785153437930388000,1785153437930388000,1785153437930388000,1785153437930389000,1785153437930504000,1785153437930506000,1785153437930506000,1785153437930506000,121932490,121652369,-165.121,0.000,0.000,1.000,2.000,0.000,0.000,0.000,0,0,0
B3_zmq_pushpull,zmq_tcp,none,none,,1,1470,512,584,1785153437931386000,1785153437931386000,1785153437931386000,1785153437931387000,1785153437931521000,1785153437931524000,1785153437931524000,1785153437931524000,121932490,121652369,-146.121,0.000,0.000,1.000,3.000,0.000,0.000,0.000,0,0,0
B3_zmq_pushpull,zmq_tcp,none,none,,1,1471,512,584,1785153437932392000,1785153437932392000,1785153437932392000,1785153437932393000,1785153437932533000,1785153437932536000,1785153437932536000,1785153437932536000,121932490,121652369,-140.121,0.000,0.000,1.000,3.000,0.000,0.000,0.000,0,0,0
B3_zmq_pushpull,zmq_tcp,none,none,,1,1472,512,584,1785153437933389000,1785153437933389000,1785153437933389000,1785153437933390000,1785153437933533000,1785153437933536000,1785153437933536000,1785153437933536000,121932490,121652369,-137.121,0.000,0.000,1.000,3.000,0.000,0.000,0.000,0,0,0
B3_zmq_pushpull,zmq_tcp,none,none,,1,1473,512,584,1785153437934384000,1785153437934384000,1785153437934384000,1785153437934385000,1785153437934534000,1785153437934537000,1785153437934537000,1785153437934537000,121932490,121652369,-131.121,0.000,0.000,1.000,3.000,0.000,0.000,0.000,0,0,0
B3_zmq_pushpull,zmq_tcp,none,none,,1,1474,512,584,1785153437935388000,1785153437935388000,1785153437935388000,1785153437935389000,1785153437935521000,1785153437935524000,1785153437935524000,1785153437935524000,121932490,121652369,-148.121,0.000,0.000,1.000,3.000,0.000,0.000,0.000,0,0,0
B3_zmq_pushpull,zmq_tcp,none,none,,1,1475,512,584,1785153437936387000,1785153437936387000,1785153437936387000,1785153437936388000,1785153437936496000,1785153437936499000,1785153437936499000,1785153437936499000,121932490,121652369,-172.121,0.000,0.000,1.000,3.000,0.000,0.000,0.000,0,0,0
B3_zmq_pushpull,zmq_tcp,none,none,,1,1476,512,584,1785153437937387000,1785153437937387000,1785153437937387000,1785153437937388000,1785153437937474000,1785153437937478000,1785153437937478000,1785153437937478000,121932490,121652369,-194.121,0.000,0.000,1.000,4.000,0.000,0.000,0.000,0,0,0
B3_zmq_pushpull,zmq_tcp,none,none,,1,1477,512,584,1785153437938384000,1785153437938384000,1785153437938384000,1785153437938385000,1785153437938460000,1785153437938462000,1785153437938462000,1785153437938462000,121932490,121652369,-205.121,0.000,0.000,1.000,2.000,0.000,0.000,0.000,0,0,0
B3_zmq_pushpull,zmq_tcp,none,none,,1,1478,512,584,1785153437939391000,1785153437939391000,1785153437939391000,1785153437939392000,1785153437939580000,1785153437939582000,1785153437939582000,1785153437939582000,121932490,121652369,-92.121,0.000,0.000,1.000,2.000,0.000,0.000,0.000,0,0,0
B3_zmq_pushpull,zmq_tcp,none,none,,1,1479,512,584,1785153437940385000,1785153437940385000,1785153437940386000,1785153437940386000,1785153437940569000,1785153437940572000,1785153437940572000,1785153437940572000,121932490,121652369,-97.121,0.000,1.000,0.000,3.000,0.000,0.000,0.000,0,0,0
B3_zmq_pushpull,zmq_tcp,none,none,,1,1480,512,584,1785153437941388000,1785153437941388000,1785153437941388000,1785153437941389000,1785153437941549000,1785153437941552000,1785153437941552000,1785153437941552000,121932490,121652369,-120.121,0.000,0.000,1.000,3.000,0.000,0.000,0.000,0,0,0
B3_zmq_pushpull,zmq_tcp,none,none,,1,1481,512,584,1785153437942385000,1785153437942385000,1785153437942385000,1785153437942386000,1785153437942529000,1785153437942532000,1785153437942532000,1785153437942532000,121932490,121652369,-137.121,0.000,0.000,1.000,3.000,0.000,0.000,0.000,0,0,0
B3_zmq_pushpull,zmq_tcp,none,none,,1,1482,512,584,1785153437943223000,1785153437943224000,1785153437943224000,1785153437943225000,1785153437943384000,1785153437943387000,1785153437943387000,1785153437943387000,121932490,121652369,-121.121,1.000,0.000,1.000,3.000,0.000,0.000,0.000,0,0,0
B3_zmq_pushpull,zmq_tcp,none,none,,1,1483,512,584,1785153437944238000,1785153437944238000,1785153437944238000,1785153437944239000,1785153437944399000,1785153437944401000,1785153437944401000,1785153437944401000,121932490,121652369,-120.121,0.000,0.000,1.000,2.000,0.000,0.000,0.000,0,0,0
B3_zmq_pushpull,zmq_tcp,none,none,,1,1484,512,584,1785153437945427000,1785153437945427000,1785153437945427000,1785153437945428000,1785153437945510000,1785153437945513000,1785153437945513000,1785153437945513000,121932490,121652369,-198.121,0.000,0.000,1.000,3.000,0.000,0.000,0.000,0,0,0
B3_zmq_pushpull,zmq_tcp,none,none,,1,1485,512,584,1785153437946374000,1785153437946374000,1785153437946374000,1785153437946375000,1785153437946481000,1785153437946485000,1785153437946485000,1785153437946485000,121932490,121652369,-174.121,0.000,0.000,1.000,4.000,0.000,0.000,0.000,0,0,0
B3_zmq_pushpull,zmq_tcp,none,none,,1,1486,512,584,1785153437947394000,1785153437947394000,1785153437947394000,1785153437947395000,1785153437947581000,1785153437947584000,1785153437947584000,1785153437947584000,121932490,121652369,-94.121,0.000,0.000,1.000,3.000,0.000,0.000,0.000,0,0,0
B3_zmq_pushpull,zmq_tcp,none,none,,1,1487,512,584,1785153437948386000,1785153437948386000,1785153437948386000,1785153437948387000,1785153437948569000,1785153437948573000,1785153437948573000,1785153437948573000,121932490,121652369,-98.121,0.000,0.000,1.000,4.000,0.000,0.000,0.000,0,0,0
B3_zmq_pushpull,zmq_tcp,none,none,,1,1488,512,584,1785153437949388000,1785153437949388000,1785153437949388000,1785153437949389000,1785153437949549000,1785153437949553000,1785153437949553000,1785153437949553000,121932490,121652369,-120.121,0.000,0.000,1.000,4.000,0.000,0.000,0.000,0,0,0
B3_zmq_pushpull,zmq_tcp,none,none,,1,1489,512,584,1785153437950243000,1785153437950244000,1785153437950244000,1785153437950245000,1785153437950399000,1785153437950402000,1785153437950402000,1785153437950402000,121932490,121652369,-126.121,1.000,0.000,1.000,3.000,0.000,0.000,0.000,0,0,0
B3_zmq_pushpull,zmq_tcp,none,none,,1,1490,512,584,1785153437951236000,1785153437951236000,1785153437951236000,1785153437951238000,1785153437951397000,1785153437951400000,1785153437951400000,1785153437951400000,121932490,121652369,-121.121,0.000,0.000,2.000,3.000,0.000,0.000,0.000,0,0,0
B3_zmq_pushpull,zmq_tcp,none,none,,1,1491,512,584,1785153437952426000,1785153437952426000,1785153437952426000,1785153437952428000,1785153437952533000,1785153437952537000,1785153437952537000,1785153437952537000,121932490,121652369,-175.121,0.000,0.000,2.000,4.000,0.000,0.000,0.000,0,0,0
B3_zmq_pushpull,zmq_tcp,none,none,,1,1492,512,584,1785153437953378000,1785153437953379000,1785153437953379000,1785153437953380000,1785153437953537000,1785153437953541000,1785153437953541000,1785153437953541000,121932490,121652369,-123.121,1.000,0.000,1.000,4.000,0.000,0.000,0.000,0,0,0
B3_zmq_pushpull,zmq_tcp,none,none,,1,1493,512,584,1785153437954249000,1785153437954249000,1785153437954249000,1785153437954250000,1785153437954403000,1785153437954407000,1785153437954407000,1785153437954407000,121932490,121652369,-127.121,0.000,0.000,1.000,4.000,0.000,0.000,0.000,0,0,0
B3_zmq_pushpull,zmq_tcp,none,none,,1,1494,512,584,1785153437955244000,1785153437955244000,1785153437955244000,1785153437955245000,1785153437955405000,1785153437955408000,1785153437955408000,1785153437955408000,121932490,121652369,-120.121,0.000,0.000,1.000,3.000,0.000,0.000,0.000,0,0,0
B3_zmq_pushpull,zmq_tcp,none,none,,1,1495,512,584,1785153437956426000,1785153437956426000,1785153437956426000,1785153437956427000,1785153437956548000,1785153437956551000,1785153437956551000,1785153437956551000,121932490,121652369,-159.121,0.000,0.000,1.000,3.000,0.000,0.000,0.000,0,0,0
B3_zmq_pushpull,zmq_tcp,none,none,,1,1496,512,584,1785153437957376000,1785153437957376000,1785153437957377000,1785153437957377000,1785153437957423000,1785153437957427000,1785153437957427000,1785153437957427000,121932490,121652369,-234.121,0.000,1.000,0.000,4.000,0.000,0.000,0.000,0,0,0
B3_zmq_pushpull,zmq_tcp,none,none,,1,1497,512,584,1785153437958393000,1785153437958393000,1785153437958393000,1785153437958394000,1785153437958550000,1785153437958553000,1785153437958553000,1785153437958553000,121932490,121652369,-124.121,0.000,0.000,1.000,3.000,0.000,0.000,0.000,0,0,0
B3_zmq_pushpull,zmq_tcp,none,none,,1,1498,512,584,1785153437959388000,1785153437959388000,1785153437959388000,1785153437959389000,1785153437959560000,1785153437959564000,1785153437959564000,1785153437959564000,121932490,121652369,-109.121,0.000,0.000,1.000,4.000,0.000,0.000,0.000,0,0,0
B3_zmq_pushpull,zmq_tcp,none,none,,1,1499,512,584,1785153437960280000,1785153437960280000,1785153437960280000,1785153437960282000,1785153437960420000,1785153437960427000,1785153437960427000,1785153437960427000,121932490,121652369,-142.121,0.000,0.000,2.000,7.000,0.000,0.000,0.000,0,0,0
B3_zmq_pushpull,zmq_tcp,none,none,,1,1500,512,584,1785153437961283000,1785153437961284000,1785153437961284000,1785153437961285000,1785153437961438000,1785153437961441000,1785153437961441000,1785153437961441000,121932490,121652369,-127.121,1.000,0.000,1.000,3.000,0.000,0.000,0.000,0,0,0
B3_zmq_pushpull,zmq_tcp,none,none,,1,1501,512,584,1785153437962418000,1785153437962418000,1785153437962418000,1785153437962419000,1785153437962585000,1785153437962590000,1785153437962590000,1785153437962590000,121932490,121652369,-114.121,0.000,0.000,1.000,5.000,0.000,0.000,0.000,0,0,0
B3_zmq_pushpull,zmq_tcp,none,none,,1,1502,512,584,1785153437963383000,1785153437963383000,1785153437963383000,1785153437963384000,1785153437963589000,1785153437963593000,1785153437963593000,1785153437963593000,121932490,121652369,-75.121,0.000,0.000,1.000,4.000,0.000,0.000,0.000,0,0,0
B3_zmq_pushpull,zmq_tcp,none,none,,1,1503,512,584,1785153437964294000,1785153437964294000,1785153437964294000,1785153437964295000,1785153437964452000,1785153437964454000,1785153437964454000,1785153437964454000,121932490,121652369,-123.121,0.000,0.000,1.000,2.000,0.000,0.000,0.000,0,0,0
B3_zmq_pushpull,zmq_tcp,none,none,,1,1504,512,584,1785153437965416000,1785153437965416000,1785153437965416000,1785153437965417000,1785153437965596000,1785153437965599000,1785153437965600000,1785153437965600000,121932490,121652369,-101.121,0.000,0.000,1.000,3.000,1.000,0.000,0.000,0,0,0
B3_zmq_pushpull,zmq_tcp,none,none,,1,1505,512,584,1785153437966291000,1785153437966292000,1785153437966292000,1785153437966293000,1785153437966445000,1785153437966448000,1785153437966448000,1785153437966448000,121932490,121652369,-128.121,1.000,0.000,1.000,3.000,0.000,0.000,0.000,0,0,0
B3_zmq_pushpull,zmq_tcp,none,none,,1,1506,512,584,1785153437967288000,1785153437967288000,1785153437967288000,1785153437967289000,1785153437967444000,1785153437967446000,1785153437967446000,1785153437967446000,121932490,121652369,-125.121,0.000,0.000,1.000,2.000,0.000,0.000,0.000,0,0,0
B3_zmq_pushpull,zmq_tcp,none,none,,1,1507,512,584,1785153437968295000,1785153437968295000,1785153437968295000,1785153437968296000,1785153437968450000,1785153437968453000,1785153437968453000,1785153437968453000,121932490,121652369,-126.121,0.000,0.000,1.000,3.000,0.000,0.000,0.000,0,0,0
B3_zmq_pushpull,zmq_tcp,none,none,,1,1508,512,584,1785153437969299000,1785153437969299000,1785153437969299000,1785153437969300000,1785153437969456000,1785153437969459000,1785153437969459000,1785153437969459000,121932490,121652369,-124.121,0.000,0.000,1.000,3.000,0.000,0.000,0.000,0,0,0
B3_zmq_pushpull,zmq_tcp,none,none,,1,1509,512,584,1785153437970411000,1785153437970411000,1785153437970411000,1785153437970412000,1785153437970465000,1785153437970469000,1785153437970469000,1785153437970469000,121932490,121652369,-227.121,0.000,0.000,1.000,4.000,0.000,0.000,0.000,0,0,0
B3_zmq_pushpull,zmq_tcp,none,none,,1,1510,512,584,1785153437971380000,1785153437971380000,1785153437971380000,1785153437971381000,1785153437971472000,1785153437971474000,1785153437971474000,1785153437971474000,121932490,121652369,-189.121,0.000,0.000,1.000,2.000,0.000,0.000,0.000,0,0,0
B3_zmq_pushpull,zmq_tcp,none,none,,1,1511,512,584,1785153437972392000,1785153437972393000,1785153437972393000,1785153437972394000,1785153437972462000,1785153437972466000,1785153437972466000,1785153437972466000,121932490,121652369,-212.121,1.000,0.000,1.000,4.000,0.000,0.000,0.000,0,0,0
B3_zmq_pushpull,zmq_tcp,none,none,,1,1512,512,584,1785153437973387000,1785153437973387000,1785153437973387000,1785153437973388000,1785153437973440000,1785153437973443000,1785153437973443000,1785153437973443000,121932490,121652369,-228.121,0.000,0.000,1.000,3.000,0.000,0.000,0.000,0,0,0
B3_zmq_pushpull,zmq_tcp,none,none,,1,1513,512,584,1785153437974389000,1785153437974389000,1785153437974389000,1785153437974390000,1785153437974593000,1785153437974596000,1785153437974596000,1785153437974596000,121932490,121652369,-77.121,0.000,0.000,1.000,3.000,0.000,0.000,0.000,0,0,0
B3_zmq_pushpull,zmq_tcp,none,none,,1,1514,512,584,1785153437975385000,1785153437975386000,1785153437975386000,1785153437975387000,1785153437975464000,1785153437975467000,1785153437975467000,1785153437975467000,121932490,121652369,-203.121,1.000,0.000,1.000,3.000,0.000,0.000,0.000,0,0,0
B3_zmq_pushpull,zmq_tcp,none,none,,1,1515,512,584,1785153437976391000,1785153437976391000,1785153437976391000,1785153437976392000,1785153437976461000,1785153437976464000,1785153437976464000,1785153437976464000,121932490,121652369,-211.121,0.000,0.000,1.000,3.000,0.000,0.000,0.000,0,0,0
B3_zmq_pushpull,zmq_tcp,none,none,,1,1516,512,584,1785153437977388000,1785153437977388000,1785153437977388000,1785153437977389000,1785153437977469000,1785153437977472000,1785153437977472000,1785153437977472000,121932490,121652369,-200.121,0.000,0.000,1.000,3.000,0.000,0.000,0.000,0,0,0
B3_zmq_pushpull,zmq_tcp,none,none,,1,1517,512,584,1785153437978388000,1785153437978388000,1785153437978388000,1785153437978389000,1785153437978466000,1785153437978469000,1785153437978469000,1785153437978469000,121932490,121652369,-203.121,0.000,0.000,1.000,3.000,0.000,0.000,0.000,0,0,0
B3_zmq_pushpull,zmq_tcp,none,none,,1,1518,512,584,1785153437979386000,1785153437979386000,1785153437979386000,1785153437979387000,1785153437979472000,1785153437979474000,1785153437979474000,1785153437979474000,121932490,121652369,-195.121,0.000,0.000,1.000,2.000,0.000,0.000,0.000,0,0,0
B3_zmq_pushpull,zmq_tcp,none,none,,1,1519,512,584,1785153437980391000,1785153437980391000,1785153437980391000,1785153437980392000,1785153437980489000,1785153437980492000,1785153437980492000,1785153437980492000,121932490,121652369,-183.121,0.000,0.000,1.000,3.000,0.000,0.000,0.000,0,0,0
B3_zmq_pushpull,zmq_tcp,none,none,,1,1520,512,584,1785153437981388000,1785153437981388000,1785153437981388000,1785153437981389000,1785153437981490000,1785153437981494000,1785153437981494000,1785153437981494000,121932490,121652369,-179.121,0.000,0.000,1.000,4.000,0.000,0.000,0.000,0,0,0
B3_zmq_pushpull,zmq_tcp,none,none,,1,1521,512,584,1785153437982389000,1785153437982389000,1785153437982389000,1785153437982390000,1785153437982500000,1785153437982502000,1785153437982502000,1785153437982502000,121932490,121652369,-170.121,0.000,0.000,1.000,2.000,0.000,0.000,0.000,0,0,0
B3_zmq_pushpull,zmq_tcp,none,none,,1,1522,512,584,1785153437983386000,1785153437983387000,1785153437983387000,1785153437983387000,1785153437983512000,1785153437983515000,1785153437983515000,1785153437983515000,121932490,121652369,-155.121,1.000,0.000,0.000,3.000,0.000,0.000,0.000,0,0,0
B3_zmq_pushpull,zmq_tcp,none,none,,1,1523,512,584,1785153437984390000,1785153437984390000,1785153437984390000,1785153437984391000,1785153437984512000,1785153437984515000,1785153437984515000,1785153437984515000,121932490,121652369,-159.121,0.000,0.000,1.000,3.000,0.000,0.000,0.000,0,0,0
B3_zmq_pushpull,zmq_tcp,none,none,,1,1524,512,584,1785153437985388000,1785153437985388000,1785153437985388000,1785153437985389000,1785153437985501000,1785153437985504000,1785153437985504000,1785153437985504000,121932490,121652369,-168.121,0.000,0.000,1.000,3.000,0.000,0.000,0.000,0,0,0
B3_zmq_pushpull,zmq_tcp,none,none,,1,1525,512,584,1785153437986388000,1785153437986388000,1785153437986388000,1785153437986389000,1785153437986524000,1785153437986526000,1785153437986526000,1785153437986526000,121932490,121652369,-145.121,0.000,0.000,1.000,2.000,0.000,0.000,0.000,0,0,0
B3_zmq_pushpull,zmq_tcp,none,none,,1,1526,512,584,1785153437987385000,1785153437987386000,1785153437987386000,1785153437987387000,1785153437987533000,1785153437987536000,1785153437987536000,1785153437987536000,121932490,121652369,-134.121,1.000,0.000,1.000,3.000,0.000,0.000,0.000,0,0,0
B3_zmq_pushpull,zmq_tcp,none,none,,1,1527,512,584,1785153437988389000,1785153437988389000,1785153437988389000,1785153437988390000,1785153437988530000,1785153437988533000,1785153437988533000,1785153437988533000,121932490,121652369,-140.121,0.000,0.000,1.000,3.000,0.000,0.000,0.000,0,0,0
B3_zmq_pushpull,zmq_tcp,none,none,,1,1528,512,584,1785153437989388000,1785153437989388000,1785153437989388000,1785153437989389000,1785153437989522000,1785153437989525000,1785153437989525000,1785153437989525000,121932490,121652369,-147.121,0.000,0.000,1.000,3.000,0.000,0.000,0.000,0,0,0
B3_zmq_pushpull,zmq_tcp,none,none,,1,1529,512,584,1785153437990388000,1785153437990388000,1785153437990388000,1785153437990389000,1785153437990520000,1785153437990523000,1785153437990523000,1785153437990523000,121932490,121652369,-149.121,0.000,0.000,1.000,3.000,0.000,0.000,0.000,0,0,0
B3_zmq_pushpull,zmq_tcp,none,none,,1,1530,512,584,1785153437991388000,1785153437991388000,1785153437991388000,1785153437991389000,1785153437991516000,1785153437991518000,1785153437991518000,1785153437991518000,121932490,121652369,-153.121,0.000,0.000,1.000,2.000,0.000,0.000,0.000,0,0,0
B3_zmq_pushpull,zmq_tcp,none,none,,1,1531,512,584,1785153437992388000,1785153437992388000,1785153437992388000,1785153437992389000,1785153437992503000,1785153437992506000,1785153437992506000,1785153437992506000,121932490,121652369,-166.121,0.000,0.000,1.000,3.000,0.000,0.000,0.000,0,0,0
B3_zmq_pushpull,zmq_tcp,none,none,,1,1532,512,584,1785153437993388000,1785153437993388000,1785153437993388000,1785153437993389000,1785153437993505000,1785153437993508000,1785153437993508000,1785153437993508000,121932490,121652369,-164.121,0.000,0.000,1.000,3.000,0.000,0.000,0.000,0,0,0
B3_zmq_pushpull,zmq_tcp,none,none,,1,1533,512,584,1785153437994218000,1785153437994218000,1785153437994218000,1785153437994219000,1785153437994376000,1785153437994378000,1785153437994378000,1785153437994378000,121932490,121652369,-123.121,0.000,0.000,1.000,2.000,0.000,0.000,0.000,0,0,0
B3_zmq_pushpull,zmq_tcp,none,none,,1,1534,512,584,1785153437995216000,1785153437995217000,1785153437995217000,1785153437995218000,1785153437995374000,1785153437995377000,1785153437995377000,1785153437995377000,121932490,121652369,-124.121,1.000,0.000,1.000,3.000,0.000,0.000,0.000,0,0,0
B3_zmq_pushpull,zmq_tcp,none,none,,1,1535,512,584,1785153437996220000,1785153437996220000,1785153437996220000,1785153437996221000,1785153437996377000,1785153437996380000,1785153437996380000,1785153437996380000,121932490,121652369,-124.121,0.000,0.000,1.000,3.000,0.000,0.000,0.000,0,0,0
B3_zmq_pushpull,zmq_tcp,none,none,,1,1536,512,584,1785153437997233000,1785153437997233000,1785153437997233000,1785153437997234000,1785153437997386000,1785153437997389000,1785153437997389000,1785153437997389000,121932490,121652369,-128.121,0.000,0.000,1.000,3.000,0.000,0.000,0.000,0,0,0
B3_zmq_pushpull,zmq_tcp,none,none,,1,1537,512,584,1785153437998238000,1785153437998238000,1785153437998238000,1785153437998239000,1785153437998384000,1785153437998386000,1785153437998386000,1785153437998386000,121932490,121652369,-135.121,0.000,0.000,1.000,2.000,0.000,0.000,0.000,0,0,0
B3_zmq_pushpull,zmq_tcp,none,none,,1,1538,512,584,1785153437999425000,1785153437999425000,1785153437999425000,1785153437999426000,1785153437999516000,1785153437999519000,1785153437999519000,1785153437999519000,121932490,121652369,-190.121,0.000,0.000,1.000,3.000,0.000,0.000,0.000,0,0,0
B3_zmq_pushpull,zmq_tcp,none,none,,1,1539,512,584,1785153438000382000,1785153438000382000,1785153438000382000,1785153438000383000,1785153438000512000,1785153438000515000,1785153438000515000,1785153438000515000,121932490,121652369,-151.121,0.000,0.000,1.000,3.000,0.000,0.000,0.000,0,0,0
B3_zmq_pushpull,zmq_tcp,none,none,,1,1540,512,584,1785153438001389000,1785153438001389000,1785153438001390000,1785153438001390000,1785153438001521000,1785153438001524000,1785153438001524000,1785153438001524000,121932490,121652369,-149.121,0.000,1.000,0.000,3.000,0.000,0.000,0.000,0,0,0
B3_zmq_pushpull,zmq_tcp,none,none,,1,1541,512,584,1785153438002389000,1785153438002389000,1785153438002389000,1785153438002390000,1785153438002545000,1785153438002548000,1785153438002548000,1785153438002548000,121932490,121652369,-125.121,0.000,0.000,1.000,3.000,0.000,0.000,0.000,0,0,0
B3_zmq_pushpull,zmq_tcp,none,none,,1,1542,512,584,1785153438003255000,1785153438003255000,1785153438003255000,1785153438003256000,1785153438003402000,1785153438003405000,1785153438003405000,1785153438003405000,121932490,121652369,-134.121,0.000,0.000,1.000,3.000,0.000,0.000,0.000,0,0,0
B3_zmq_pushpull,zmq_tcp,none,none,,1,1543,512,584,1785153438004423000,1785153438004423000,1785153438004423000,1785153438004424000,1785153438004530000,1785153438004533000,1785153438004533000,1785153438004533000,121932490,121652369,-174.121,0.000,0.000,1.000,3.000,0.000,0.000,0.000,0,0,0
B3_zmq_pushpull,zmq_tcp,none,none,,1,1544,512,584,1785153438005376000,1785153438005376000,1785153438005376000,1785153438005377000,1785153438005534000,1785153438005537000,1785153438005537000,1785153438005537000,121932490,121652369,-123.121,0.000,0.000,1.000,3.000,0.000,0.000,0.000,0,0,0
B3_zmq_pushpull,zmq_tcp,none,none,,1,1545,512,584,1785153438006392000,1785153438006392000,1785153438006392000,1785153438006393000,1785153438006521000,1785153438006524000,1785153438006524000,1785153438006524000,121932490,121652369,-152.121,0.000,0.000,1.000,3.000,0.000,0.000,0.000,0,0,0
B3_zmq_pushpull,zmq_tcp,none,none,,1,1546,512,584,1785153438007388000,1785153438007388000,1785153438007388000,1785153438007389000,1785153438007531000,1785153438007533000,1785153438007533000,1785153438007533000,121932490,121652369,-138.121,0.000,0.000,1.000,2.000,0.000,0.000,0.000,0,0,0
B3_zmq_pushpull,zmq_tcp,none,none,,1,1547,512,584,1785153438008387000,1785153438008388000,1785153438008388000,1785153438008389000,1785153438008533000,1785153438008536000,1785153438008536000,1785153438008536000,121932490,121652369,-136.121,1.000,0.000,1.000,3.000,0.000,0.000,0.000,0,0,0
B3_zmq_pushpull,zmq_tcp,none,none,,1,1548,512,584,1785153438009385000,1785153438009385000,1785153438009386000,1785153438009386000,1785153438009512000,1785153438009515000,1785153438009515000,1785153438009515000,121932490,121652369,-154.121,0.000,1.000,0.000,3.000,0.000,0.000,0.000,0,0,0
B3_zmq_pushpull,zmq_tcp,none,none,,1,1549,512,584,1785153438010391000,1785153438010391000,1785153438010391000,1785153438010392000,1785153438010511000,1785153438010514000,1785153438010514000,1785153438010514000,121932490,121652369,-161.121,0.000,0.000,1.000,3.000,0.000,0.000,0.000,0,0,0
B3_zmq_pushpull,zmq_tcp,none,none,,1,1550,512,584,1785153438011388000,1785153438011388000,1785153438011388000,1785153438011389000,1785153438011513000,1785153438011516000,1785153438011516000,1785153438011516000,121932490,121652369,-156.121,0.000,0.000,1.000,3.000,0.000,0.000,0.000,0,0,0
B3_zmq_pushpull,zmq_tcp,none,none,,1,1551,512,584,1785153438012388000,1785153438012388000,1785153438012388000,1785153438012389000,1785153438012509000,1785153438012512000,1785153438012512000,1785153438012512000,121932490,121652369,-160.121,0.000,0.000,1.000,3.000,0.000,0.000,0.000,0,0,0
B3_zmq_pushpull,zmq_tcp,none,none,,1,1552,512,584,1785153438013385000,1785153438013385000,1785153438013386000,1785153438013386000,1785153438013504000,1785153438013507000,1785153438013507000,1785153438013507000,121932490,121652369,-162.121,0.000,1.000,0.000,3.000,0.000,0.000,0.000,0,0,0
B3_zmq_pushpull,zmq_tcp,none,none,,1,1553,512,584,1785153438014390000,1785153438014390000,1785153438014390000,1785153438014391000,1785153438014515000,1785153438014518000,1785153438014518000,1785153438014518000,121932490,121652369,-156.121,0.000,0.000,1.000,3.000,0.000,0.000,0.000,0,0,0
B3_zmq_pushpull,zmq_tcp,none,none,,1,1554,512,584,1785153438015389000,1785153438015389000,1785153438015389000,1785153438015390000,1785153438015512000,1785153438015514000,1785153438015514000,1785153438015514000,121932490,121652369,-158.121,0.000,0.000,1.000,2.000,0.000,0.000,0.000,0,0,0
B3_zmq_pushpull,zmq_tcp,none,none,,1,1555,512,584,1785153438016386000,1785153438016386000,1785153438016386000,1785153438016387000,1785153438016520000,1785153438016522000,1785153438016522000,1785153438016522000,121932490,121652369,-147.121,0.000,0.000,1.000,2.000,0.000,0.000,0.000,0,0,0
B3_zmq_pushpull,zmq_tcp,none,none,,1,1556,512,584,1785153438017392000,1785153438017393000,1785153438017393000,1785153438017394000,1785153438017521000,1785153438017524000,1785153438017524000,1785153438017524000,121932490,121652369,-153.121,1.000,0.000,1.000,3.000,0.000,0.000,0.000,0,0,0
B3_zmq_pushpull,zmq_tcp,none,none,,1,1557,512,584,1785153438018387000,1785153438018387000,1785153438018387000,1785153438018388000,1785153438018513000,1785153438018516000,1785153438018516000,1785153438018516000,121932490,121652369,-155.121,0.000,0.000,1.000,3.000,0.000,0.000,0.000,0,0,0
B3_zmq_pushpull,zmq_tcp,none,none,,1,1558,512,584,1785153438019389000,1785153438019389000,1785153438019389000,1785153438019390000,1785153438019508000,1785153438019510000,1785153438019510000,1785153438019510000,121932490,121652369,-162.121,0.000,0.000,1.000,2.000,0.000,0.000,0.000,0,0,0
B3_zmq_pushpull,zmq_tcp,none,none,,1,1559,512,584,1785153438020387000,1785153438020387000,1785153438020387000,1785153438020388000,1785153438020513000,1785153438020516000,1785153438020516000,1785153438020516000,121932490,121652369,-155.121,0.000,0.000,1.000,3.000,0.000,0.000,0.000,0,0,0
B3_zmq_pushpull,zmq_tcp,none,none,,1,1560,512,584,1785153438021389000,1785153438021389000,1785153438021389000,1785153438021390000,1785153438021522000,1785153438021525000,1785153438021525000,1785153438021525000,121932490,121652369,-148.121,0.000,0.000,1.000,3.000,0.000,0.000,0.000,0,0,0
B3_zmq_pushpull,zmq_tcp,none,none,,1,1561,512,584,1785153438022389000,1785153438022389000,1785153438022389000,1785153438022390000,1785153438022526000,1785153438022529000,1785153438022529000,1785153438022529000,121932490,121652369,-144.121,0.000,0.000,1.000,3.000,0.000,0.000,0.000,0,0,0
B3_zmq_pushpull,zmq_tcp,none,none,,1,1562,512,584,1785153438023388000,1785153438023388000,1785153438023388000,1785153438023389000,1785153438023541000,1785153438023544000,1785153438023544000,1785153438023544000,121932490,121652369,-128.121,0.000,0.000,1.000,3.000,0.000,0.000,0.000,0,0,0
B3_zmq_pushpull,zmq_tcp,none,none,,1,1563,512,584,1785153438024389000,1785153438024389000,1785153438024389000,1785153438024390000,1785153438024552000,1785153438024554000,1785153438024554000,1785153438024554000,121932490,121652369,-118.121,0.000,0.000,1.000,2.000,0.000,0.000,0.000,0,0,0
B3_zmq_pushpull,zmq_tcp,none,none,,1,1564,512,584,1785153438025389000,1785153438025389000,1785153438025389000,1785153438025390000,1785153438025552000,1785153438025555000,1785153438025555000,1785153438025555000,121932490,121652369,-118.121,0.000,0.000,1.000,3.000,0.000,0.000,0.000,0,0,0
B3_zmq_pushpull,zmq_tcp,none,none,,1,1565,512,584,1785153438026388000,1785153438026388000,1785153438026389000,1785153438026389000,1785153438026538000,1785153438026541000,1785153438026541000,1785153438026541000,121932490,121652369,-131.121,0.000,1.000,0.000,3.000,0.000,0.000,0.000,0,0,0
B3_zmq_pushpull,zmq_tcp,none,none,,1,1566,512,584,1785153438027386000,1785153438027386000,1785153438027386000,1785153438027387000,1785153438027533000,1785153438027536000,1785153438027536000,1785153438027536000,121932490,121652369,-134.121,0.000,0.000,1.000,3.000,0.000,0.000,0.000,0,0,0
B3_zmq_pushpull,zmq_tcp,none,none,,1,1567,512,584,1785153438028394000,1785153438028394000,1785153438028394000,1785153438028395000,1785153438028553000,1785153438028556000,1785153438028556000,1785153438028556000,121932490,121652369,-122.121,0.000,0.000,1.000,3.000,0.000,0.000,0.000,0,0,0
B3_zmq_pushpull,zmq_tcp,none,none,,1,1568,512,584,1785153438029389000,1785153438029390000,1785153438029390000,1785153438029391000,1785153438029573000,1785153438029576000,1785153438029576000,1785153438029576000,121932490,121652369,-98.121,1.000,0.000,1.000,3.000,0.000,0.000,0.000,0,0,0
B3_zmq_pushpull,zmq_tcp,none,none,,1,1569,512,584,1785153438030387000,1785153438030387000,1785153438030387000,1785153438030388000,1785153438030573000,1785153438030576000,1785153438030576000,1785153438030576000,121932490,121652369,-95.121,0.000,0.000,1.000,3.000,0.000,0.000,0.000,0,0,0
B3_zmq_pushpull,zmq_tcp,none,none,,1,1570,512,584,1785153438031388000,1785153438031388000,1785153438031388000,1785153438031389000,1785153438031573000,1785153438031576000,1785153438031576000,1785153438031576000,121932490,121652369,-96.121,0.000,0.000,1.000,3.000,0.000,0.000,0.000,0,0,0
B3_zmq_pushpull,zmq_tcp,none,none,,1,1571,512,584,1785153438032389000,1785153438032389000,1785153438032389000,1785153438032390000,1785153438032551000,1785153438032554000,1785153438032554000,1785153438032554000,121932490,121652369,-119.121,0.000,0.000,1.000,3.000,0.000,0.000,0.000,0,0,0
B3_zmq_pushpull,zmq_tcp,none,none,,1,1572,512,584,1785153438033253000,1785153438033253000,1785153438033253000,1785153438033254000,1785153438033407000,1785153438033409000,1785153438033409000,1785153438033409000,121932490,121652369,-127.121,0.000,0.000,1.000,2.000,0.000,0.000,0.000,0,0,0
B3_zmq_pushpull,zmq_tcp,none,none,,1,1573,512,584,1785153438034420000,1785153438034420000,1785153438034420000,1785153438034421000,1785153438034542000,1785153438034545000,1785153438034545000,1785153438034545000,121932490,121652369,-159.121,0.000,0.000,1.000,3.000,0.000,0.000,0.000,0,0,0
B3_zmq_pushpull,zmq_tcp,none,none,,1,1574,512,584,1785153438035380000,1785153438035380000,1785153438035380000,1785153438035381000,1785153438035540000,1785153438035543000,1785153438035543000,1785153438035543000,121932490,121652369,-121.121,0.000,0.000,1.000,3.000,0.000,0.000,0.000,0,0,0
B3_zmq_pushpull,zmq_tcp,none,none,,1,1575,512,584,1785153438036254000,1785153438036255000,1785153438036255000,1785153438036256000,1785153438036415000,1785153438036417000,1785153438036417000,1785153438036417000,121932490,121652369,-121.121,1.000,0.000,1.000,2.000,0.000,0.000,0.000,0,0,0
B3_zmq_pushpull,zmq_tcp,none,none,,1,1576,512,584,1785153438037419000,1785153438037419000,1785153438037419000,1785153438037420000,1785153438037543000,1785153438037545000,1785153438037545000,1785153438037545000,121932490,121652369,-157.121,0.000,0.000,1.000,2.000,0.000,0.000,0.000,0,0,0
B3_zmq_pushpull,zmq_tcp,none,none,,1,1577,512,584,1785153438038382000,1785153438038382000,1785153438038382000,1785153438038383000,1785153438038541000,1785153438038544000,1785153438038544000,1785153438038544000,121932490,121652369,-122.121,0.000,0.000,1.000,3.000,0.000,0.000,0.000,0,0,0
B3_zmq_pushpull,zmq_tcp,none,none,,1,1578,512,584,1785153438039390000,1785153438039390000,1785153438039390000,1785153438039391000,1785153438039537000,1785153438039540000,1785153438039540000,1785153438039540000,121932490,121652369,-134.121,0.000,0.000,1.000,3.000,0.000,0.000,0.000,0,0,0
B3_zmq_pushpull,zmq_tcp,none,none,,1,1579,512,584,1785153438040384000,1785153438040385000,1785153438040385000,1785153438040386000,1785153438040542000,1785153438040544000,1785153438040544000,1785153438040544000,121932490,121652369,-124.121,1.000,0.000,1.000,2.000,0.000,0.000,0.000,0,0,0
B3_zmq_pushpull,zmq_tcp,none,none,,1,1580,512,584,1785153438041390000,1785153438041390000,1785153438041390000,1785153438041391000,1785153438041537000,1785153438041540000,1785153438041540000,1785153438041540000,121932490,121652369,-134.121,0.000,0.000,1.000,3.000,0.000,0.000,0.000,0,0,0
B3_zmq_pushpull,zmq_tcp,none,none,,1,1581,512,584,1785153438042388000,1785153438042389000,1785153438042389000,1785153438042390000,1785153438042539000,1785153438042547000,1785153438042547000,1785153438042547000,121932490,121652369,-131.121,1.000,0.000,1.000,8.000,0.000,0.000,0.000,0,0,0
B3_zmq_pushpull,zmq_tcp,none,none,,1,1582,512,584,1785153438043388000,1785153438043388000,1785153438043388000,1785153438043389000,1785153438043532000,1785153438043535000,1785153438043535000,1785153438043535000,121932490,121652369,-137.121,0.000,0.000,1.000,3.000,0.000,0.000,0.000,0,0,0
B3_zmq_pushpull,zmq_tcp,none,none,,1,1583,512,584,1785153438044388000,1785153438044388000,1785153438044388000,1785153438044389000,1785153438044531000,1785153438044533000,1785153438044533000,1785153438044533000,121932490,121652369,-138.121,0.000,0.000,1.000,2.000,0.000,0.000,0.000,0,0,0
B3_zmq_pushpull,zmq_tcp,none,none,,1,1584,512,584,1785153438045389000,1785153438045389000,1785153438045389000,1785153438045390000,1785153438045543000,1785153438045545000,1785153438045545000,1785153438045545000,121932490,121652369,-127.121,0.000,0.000,1.000,2.000,0.000,0.000,0.000,0,0,0
B3_zmq_pushpull,zmq_tcp,none,none,,1,1585,512,584,1785153438046247000,1785153438046247000,1785153438046247000,1785153438046248000,1785153438046391000,1785153438046393000,1785153438046393000,1785153438046393000,121932490,121652369,-137.121,0.000,0.000,1.000,2.000,0.000,0.000,0.000,0,0,0
B3_zmq_pushpull,zmq_tcp,none,none,,1,1586,512,584,1785153438047424000,1785153438047425000,1785153438047425000,1785153438047426000,1785153438047528000,1785153438047531000,1785153438047531000,1785153438047531000,121932490,121652369,-178.121,1.000,0.000,1.000,3.000,0.000,0.000,0.000,0,0,0
B3_zmq_pushpull,zmq_tcp,none,none,,1,1587,512,584,1785153438048377000,1785153438048377000,1785153438048377000,1785153438048378000,1785153438048532000,1785153438048535000,1785153438048535000,1785153438048535000,121932490,121652369,-126.121,0.000,0.000,1.000,3.000,0.000,0.000,0.000,0,0,0
B3_zmq_pushpull,zmq_tcp,none,none,,1,1588,512,584,1785153438049391000,1785153438049391000,1785153438049391000,1785153438049392000,1785153438049530000,1785153438049533000,1785153438049533000,1785153438049533000,121932490,121652369,-142.121,0.000,0.000,1.000,3.000,0.000,0.000,0.000,0,0,0
B3_zmq_pushpull,zmq_tcp,none,none,,1,1589,512,584,1785153438050388000,1785153438050388000,1785153438050388000,1785153438050389000,1785153438050535000,1785153438050537000,1785153438050537000,1785153438050537000,121932490,121652369,-134.121,0.000,0.000,1.000,2.000,0.000,0.000,0.000,0,0,0
B3_zmq_pushpull,zmq_tcp,none,none,,1,1590,512,584,1785153438051388000,1785153438051388000,1785153438051388000,1785153438051389000,1785153438051547000,1785153438051549000,1785153438051549000,1785153438051549000,121932490,121652369,-122.121,0.000,0.000,1.000,2.000,0.000,0.000,0.000,0,0,0
B3_zmq_pushpull,zmq_tcp,none,none,,1,1591,512,584,1785153438052254000,1785153438052254000,1785153438052254000,1785153438052255000,1785153438052413000,1785153438052416000,1785153438052416000,1785153438052416000,121932490,121652369,-122.121,0.000,0.000,1.000,3.000,0.000,0.000,0.000,0,0,0
B3_zmq_pushpull,zmq_tcp,none,none,,1,1592,512,584,1785153438053421000,1785153438053422000,1785153438053422000,1785153438053423000,1785153438053557000,1785153438053560000,1785153438053560000,1785153438053560000,121932490,121652369,-146.121,1.000,0.000,1.000,3.000,0.000,0.000,0.000,0,0,0
B3_zmq_pushpull,zmq_tcp,none,none,,1,1593,512,584,1785153438054380000,1785153438054381000,1785153438054381000,1785153438054382000,1785153438054545000,1785153438054548000,1785153438054548000,1785153438054548000,121932490,121652369,-117.121,1.000,0.000,1.000,3.000,0.000,0.000,0.000,0,0,0
B3_zmq_pushpull,zmq_tcp,none,none,,1,1594,512,584,1785153438055245000,1785153438055246000,1785153438055246000,1785153438055247000,1785153438055389000,1785153438055392000,1785153438055392000,1785153438055392000,121932490,121652369,-138.121,1.000,0.000,1.000,3.000,0.000,0.000,0.000,0,0,0
B3_zmq_pushpull,zmq_tcp,none,none,,1,1595,512,584,1785153438056422000,1785153438056422000,1785153438056422000,1785153438056423000,1785153438056533000,1785153438056536000,1785153438056536000,1785153438056536000,121932490,121652369,-170.121,0.000,0.000,1.000,3.000,0.000,0.000,0.000,0,0,0
B3_zmq_pushpull,zmq_tcp,none,none,,1,1596,512,584,1785153438057380000,1785153438057381000,1785153438057381000,1785153438057382000,1785153438057520000,1785153438057523000,1785153438057523000,1785153438057523000,121932490,121652369,-142.121,1.000,0.000,1.000,3.000,0.000,0.000,0.000,0,0,0
B3_zmq_pushpull,zmq_tcp,none,none,,1,1597,512,584,1785153438058391000,1785153438058391000,1785153438058391000,1785153438058392000,1785153438058528000,1785153438058531000,1785153438058531000,1785153438058531000,121932490,121652369,-144.121,0.000,0.000,1.000,3.000,0.000,0.000,0.000,0,0,0
B3_zmq_pushpull,zmq_tcp,none,none,,1,1598,512,584,1785153438059387000,1785153438059387000,1785153438059387000,1785153438059388000,1785153438059541000,1785153438059544000,1785153438059544000,1785153438059544000,121932490,121652369,-127.121,0.000,0.000,1.000,3.000,0.000,0.000,0.000,0,0,0
B3_zmq_pushpull,zmq_tcp,none,none,,1,1599,512,584,1785153438060388000,1785153438060389000,1785153438060389000,1785153438060390000,1785153438060551000,1785153438060553000,1785153438060553000,1785153438060553000,121932490,121652369,-119.121,1.000,0.000,1.000,2.000,0.000,0.000,0.000,0,0,0
B3_zmq_pushpull,zmq_tcp,none,none,,1,1600,512,584,1785153438061388000,1785153438061389000,1785153438061389000,1785153438061390000,1785153438061560000,1785153438061563000,1785153438061563000,1785153438061563000,121932490,121652369,-110.121,1.000,0.000,1.000,3.000,0.000,0.000,0.000,0,0,0
B3_zmq_pushpull,zmq_tcp,none,none,,1,1601,512,584,1785153438062269000,1785153438062269000,1785153438062269000,1785153438062270000,1785153438062413000,1785153438062416000,1785153438062416000,1785153438062416000,121932490,121652369,-137.121,0.000,0.000,1.000,3.000,0.000,0.000,0.000,0,0,0
B3_zmq_pushpull,zmq_tcp,none,none,,1,1602,512,584,1785153438063417000,1785153438063417000,1785153438063417000,1785153438063418000,1785153438063559000,1785153438063561000,1785153438063561000,1785153438063561000,121932490,121652369,-139.121,0.000,0.000,1.000,2.000,0.000,0.000,0.000,0,0,0
B3_zmq_pushpull,zmq_tcp,none,none,,1,1603,512,584,1785153438064382000,1785153438064382000,1785153438064382000,1785153438064383000,1785153438064433000,1785153438064436000,1785153438064436000,1785153438064436000,121932490,121652369,-230.121,0.000,0.000,1.000,3.000,0.000,0.000,0.000,0,0,0
B3_zmq_pushpull,zmq_tcp,none,none,,1,1604,512,584,1785153438065390000,1785153438065390000,1785153438065390000,1785153438065391000,1785153438065448000,1785153438065451000,1785153438065451000,1785153438065451000,121932490,121652369,-223.121,0.000,0.000,1.000,3.000,0.000,0.000,0.000,0,0,0
B3_zmq_pushpull,zmq_tcp,none,none,,1,1605,512,584,1785153438066385000,1785153438066385000,1785153438066385000,1785153438066386000,1785153438066448000,1785153438066451000,1785153438066451000,1785153438066451000,121932490,121652369,-218.121,0.000,0.000,1.000,3.000,0.000,0.000,0.000,0,0,0
B3_zmq_pushpull,zmq_tcp,none,none,,1,1606,512,584,1785153438067390000,1785153438067390000,1785153438067390000,1785153438067391000,1785153438067434000,1785153438067438000,1785153438067438000,1785153438067438000,121932490,121652369,-237.121,0.000,0.000,1.000,4.000,0.000,0.000,0.000,0,0,0
B3_zmq_pushpull,zmq_tcp,none,none,,1,1607,512,584,1785153438068389000,1785153438068389000,1785153438068389000,1785153438068390000,1785153438068430000,1785153438068432000,1785153438068433000,1785153438068433000,121932490,121652369,-240.121,0.000,0.000,1.000,2.000,1.000,0.000,0.000,0,0,0
B3_zmq_pushpull,zmq_tcp,none,none,,1,1608,512,584,1785153438069389000,1785153438069389000,1785153438069389000,1785153438069390000,1785153438069445000,1785153438069449000,1785153438069449000,1785153438069449000,121932490,121652369,-225.121,0.000,0.000,1.000,4.000,0.000,0.000,0.000,0,0,0
B3_zmq_pushpull,zmq_tcp,none,none,,1,1609,512,584,1785153438070386000,1785153438070386000,1785153438070386000,1785153438070387000,1785153438070447000,1785153438070450000,1785153438070451000,1785153438070451000,121932490,121652369,-220.121,0.000,0.000,1.000,3.000,1.000,0.000,0.000,0,0,0
B3_zmq_pushpull,zmq_tcp,none,none,,1,1610,512,584,1785153438071392000,1785153438071393000,1785153438071393000,1785153438071394000,1785153438071464000,1785153438071467000,1785153438071467000,1785153438071467000,121932490,121652369,-210.121,1.000,0.000,1.000,3.000,0.000,0.000,0.000,0,0,0
B3_zmq_pushpull,zmq_tcp,none,none,,1,1611,512,584,1785153438072389000,1785153438072389000,1785153438072389000,1785153438072390000,1785153438072479000,1785153438072481000,1785153438072481000,1785153438072482000,121932490,121652369,-191.121,0.000,0.000,1.000,2.000,0.000,1.000,0.000,0,0,0
B3_zmq_pushpull,zmq_tcp,none,none,,1,1612,512,584,1785153438073390000,1785153438073390000,1785153438073390000,1785153438073391000,1785153438073492000,1785153438073495000,1785153438073495000,1785153438073495000,121932490,121652369,-179.121,0.000,0.000,1.000,3.000,0.000,0.000,0.000,0,0,0
B3_zmq_pushpull,zmq_tcp,none,none,,1,1613,512,584,1785153438074386000,1785153438074386000,1785153438074386000,1785153438074387000,1785153438074491000,1785153438074494000,1785153438074494000,1785153438074494000,121932490,121652369,-176.121,0.000,0.000,1.000,3.000,0.000,0.000,0.000,0,0,0
B3_zmq_pushpull,zmq_tcp,none,none,,1,1614,512,584,1785153438075390000,1785153438075390000,1785153438075390000,1785153438075391000,1785153438075487000,1785153438075489000,1785153438075489000,1785153438075489000,121932490,121652369,-184.121,0.000,0.000,1.000,2.000,0.000,0.000,0.000,0,0,0
B3_zmq_pushpull,zmq_tcp,none,none,,1,1615,512,584,1785153438076389000,1785153438076389000,1785153438076389000,1785153438076390000,1785153438076481000,1785153438076484000,1785153438076484000,1785153438076484000,121932490,121652369,-189.121,0.000,0.000,1.000,3.000,0.000,0.000,0.000,0,0,0
B3_zmq_pushpull,zmq_tcp,none,none,,1,1616,512,584,1785153438077390000,1785153438077390000,1785153438077390000,1785153438077391000,1785153438077488000,1785153438077491000,1785153438077491000,1785153438077491000,121932490,121652369,-183.121,0.000,0.000,1.000,3.000,0.000,0.000,0.000,0,0,0
B3_zmq_pushpull,zmq_tcp,none,none,,1,1617,512,584,1785153438078386000,1785153438078386000,1785153438078386000,1785153438078387000,1785153438078488000,1785153438078491000,1785153438078491000,1785153438078491000,121932490,121652369,-179.121,0.000,0.000,1.000,3.000,0.000,0.000,0.000,0,0,0
B3_zmq_pushpull,zmq_tcp,none,none,,1,1618,512,584,1785153438079392000,1785153438079393000,1785153438079393000,1785153438079394000,1785153438079492000,1785153438079495000,1785153438079495000,1785153438079495000,121932490,121652369,-182.121,1.000,0.000,1.000,3.000,0.000,0.000,0.000,0,0,0
B3_zmq_pushpull,zmq_tcp,none,none,,1,1619,512,584,1785153438080391000,1785153438080391000,1785153438080391000,1785153438080392000,1785153438080488000,1785153438080491000,1785153438080491000,1785153438080491000,121932490,121652369,-184.121,0.000,0.000,1.000,3.000,0.000,0.000,0.000,0,0,0
B3_zmq_pushpull,zmq_tcp,none,none,,1,1620,512,584,1785153438081384000,1785153438081384000,1785153438081385000,1785153438081385000,1785153438081496000,1785153438081499000,1785153438081499000,1785153438081499000,121932490,121652369,-169.121,0.000,1.000,0.000,3.000,0.000,0.000,0.000,0,0,0
B3_zmq_pushpull,zmq_tcp,none,none,,1,1621,512,584,1785153438082390000,1785153438082390000,1785153438082390000,1785153438082391000,1785153438082500000,1785153438082503000,1785153438082503000,1785153438082503000,121932490,121652369,-171.121,0.000,0.000,1.000,3.000,0.000,0.000,0.000,0,0,0
B3_zmq_pushpull,zmq_tcp,none,none,,1,1622,512,584,1785153438083389000,1785153438083389000,1785153438083389000,1785153438083390000,1785153438083497000,1785153438083500000,1785153438083500000,1785153438083500000,121932490,121652369,-173.121,0.000,0.000,1.000,3.000,0.000,0.000,0.000,0,0,0
B3_zmq_pushpull,zmq_tcp,none,none,,1,1623,512,584,1785153438084389000,1785153438084389000,1785153438084389000,1785153438084390000,1785153438084492000,1785153438084495000,1785153438084495000,1785153438084495000,121932490,121652369,-178.121,0.000,0.000,1.000,3.000,0.000,0.000,0.000,0,0,0
B3_zmq_pushpull,zmq_tcp,none,none,,1,1624,512,584,1785153438085388000,1785153438085388000,1785153438085389000,1785153438085389000,1785153438085509000,1785153438085512000,1785153438085512000,1785153438085512000,121932490,121652369,-160.121,0.000,1.000,0.000,3.000,0.000,0.000,0.000,0,0,0
B3_zmq_pushpull,zmq_tcp,none,none,,1,1625,512,584,1785153438086388000,1785153438086388000,1785153438086388000,1785153438086389000,1785153438086511000,1785153438086514000,1785153438086514000,1785153438086514000,121932490,121652369,-158.121,0.000,0.000,1.000,3.000,0.000,0.000,0.000,0,0,0
B3_zmq_pushpull,zmq_tcp,none,none,,1,1626,512,584,1785153438087391000,1785153438087391000,1785153438087391000,1785153438087392000,1785153438087531000,1785153438087533000,1785153438087534000,1785153438087534000,121932490,121652369,-141.121,0.000,0.000,1.000,2.000,1.000,0.000,0.000,0,0,0
B3_zmq_pushpull,zmq_tcp,none,none,,1,1627,512,584,1785153438088386000,1785153438088387000,1785153438088387000,1785153438088388000,1785153438088529000,1785153438088532000,1785153438088532000,1785153438088532000,121932490,121652369,-139.121,1.000,0.000,1.000,3.000,0.000,0.000,0.000,0,0,0
B3_zmq_pushpull,zmq_tcp,none,none,,1,1628,512,584,1785153438089390000,1785153438089390000,1785153438089390000,1785153438089391000,1785153438089535000,1785153438089538000,1785153438089538000,1785153438089538000,121932490,121652369,-136.121,0.000,0.000,1.000,3.000,0.000,0.000,0.000,0,0,0
B3_zmq_pushpull,zmq_tcp,none,none,,1,1629,512,584,1785153438090388000,1785153438090388000,1785153438090388000,1785153438090389000,1785153438090532000,1785153438090535000,1785153438090535000,1785153438090535000,121932490,121652369,-137.121,0.000,0.000,1.000,3.000,0.000,0.000,0.000,0,0,0
B3_zmq_pushpull,zmq_tcp,none,none,,1,1630,512,584,1785153438091389000,1785153438091389000,1785153438091389000,1785153438091390000,1785153438091551000,1785153438091553000,1785153438091554000,1785153438091554000,121932490,121652369,-119.121,0.000,0.000,1.000,2.000,1.000,0.000,0.000,0,0,0
B3_zmq_pushpull,zmq_tcp,none,none,,1,1631,512,584,1785153438092265000,1785153438092265000,1785153438092265000,1785153438092266000,1785153438092423000,1785153438092426000,1785153438092426000,1785153438092426000,121932490,121652369,-123.121,0.000,0.000,1.000,3.000,0.000,0.000,0.000,0,0,0
B3_zmq_pushpull,zmq_tcp,none,none,,1,1632,512,584,1785153438093419000,1785153438093419000,1785153438093419000,1785153438093420000,1785153438093580000,1785153438093583000,1785153438093583000,1785153438093583000,121932490,121652369,-120.121,0.000,0.000,1.000,3.000,0.000,0.000,0.000,0,0,0
B3_zmq_pushpull,zmq_tcp,none,none,,1,1633,512,584,1785153438094382000,1785153438094382000,1785153438094382000,1785153438094383000,1785153438094449000,1785153438094452000,1785153438094452000,1785153438094452000,121932490,121652369,-214.121,0.000,0.000,1.000,3.000,0.000,0.000,0.000,0,0,0
B3_zmq_pushpull,zmq_tcp,none,none,,1,1634,512,584,1785153438095391000,1785153438095391000,1785153438095391000,1785153438095392000,1785153438095445000,1785153438095448000,1785153438095448000,1785153438095448000,121932490,121652369,-227.121,0.000,0.000,1.000,3.000,0.000,0.000,0.000,0,0,0
B3_zmq_pushpull,zmq_tcp,none,none,,1,1635,512,584,1785153438096286000,1785153438096286000,1785153438096287000,1785153438096287000,1785153438096440000,1785153438096443000,1785153438096443000,1785153438096443000,121932490,121652369,-127.121,0.000,1.000,0.000,3.000,0.000,0.000,0.000,0,0,0
B3_zmq_pushpull,zmq_tcp,none,none,,1,1636,512,584,1785153438097294000,1785153438097294000,1785153438097294000,1785153438097295000,1785153438097438000,1785153438097440000,1785153438097440000,1785153438097440000,121932490,121652369,-137.121,0.000,0.000,1.000,2.000,0.000,0.000,0.000,0,0,0
B3_zmq_pushpull,zmq_tcp,none,none,,1,1637,512,584,1785153438098413000,1785153438098413000,1785153438098413000,1785153438098414000,1785153438098578000,1785153438098580000,1785153438098580000,1785153438098580000,121932490,121652369,-116.121,0.000,0.000,1.000,2.000,0.000,0.000,0.000,0,0,0
B3_zmq_pushpull,zmq_tcp,none,none,,1,1638,512,584,1785153438099283000,1785153438099283000,1785153438099283000,1785153438099284000,1785153438099443000,1785153438099445000,1785153438099446000,1785153438099446000,121932490,121652369,-121.121,0.000,0.000,1.000,2.000,1.000,0.000,0.000,0,0,0
B3_zmq_pushpull,zmq_tcp,none,none,,1,1639,512,584,1785153438100415000,1785153438100416000,1785153438100416000,1785153438100417000,1785153438100585000,1785153438100588000,1785153438100588000,1785153438100588000,121932490,121652369,-112.121,1.000,0.000,1.000,3.000,0.000,0.000,0.000,0,0,0
B3_zmq_pushpull,zmq_tcp,none,none,,1,1640,512,584,1785153438101383000,1785153438101383000,1785153438101383000,1785153438101384000,1785153438101452000,1785153438101455000,1785153438101455000,1785153438101455000,121932490,121652369,-212.121,0.000,0.000,1.000,3.000,0.000,0.000,0.000,0,0,0
B3_zmq_pushpull,zmq_tcp,none,none,,1,1641,512,584,1785153438102390000,1785153438102390000,1785153438102390000,1785153438102391000,1785153438102556000,1785153438102558000,1785153438102558000,1785153438102558000,121932490,121652369,-115.121,0.000,0.000,1.000,2.000,0.000,0.000,0.000,0,0,0
B3_zmq_pushpull,zmq_tcp,none,none,,1,1642,512,584,1785153438103267000,1785153438103267000,1785153438103267000,1785153438103268000,1785153438103414000,1785153438103417000,1785153438103417000,1785153438103417000,121932490,121652369,-134.121,0.000,0.000,1.000,3.000,0.000,0.000,0.000,0,0,0
B3_zmq_pushpull,zmq_tcp,none,none,,1,1643,512,584,1785153438104419000,1785153438104419000,1785153438104419000,1785153438104420000,1785153438104551000,1785153438104554000,1785153438104554000,1785153438104554000,121932490,121652369,-149.121,0.000,0.000,1.000,3.000,0.000,0.000,0.000,0,0,0
B3_zmq_pushpull,zmq_tcp,none,none,,1,1644,512,584,1785153438105382000,1785153438105382000,1785153438105382000,1785153438105383000,1785153438105527000,1785153438105531000,1785153438105531000,1785153438105531000,121932490,121652369,-136.121,0.000,0.000,1.000,4.000,0.000,0.000,0.000,0,0,0
B3_zmq_pushpull,zmq_tcp,none,none,,1,1645,512,584,1785153438106226000,1785153438106227000,1785153438106227000,1785153438106228000,1785153438106375000,1785153438106378000,1785153438106378000,1785153438106378000,121932490,121652369,-133.121,1.000,0.000,1.000,3.000,0.000,0.000,0.000,0,0,0
B3_zmq_pushpull,zmq_tcp,none,none,,1,1646,512,584,1785153438107232000,1785153438107232000,1785153438107232000,1785153438107233000,1785153438107380000,1785153438107383000,1785153438107383000,1785153438107383000,121932490,121652369,-133.121,0.000,0.000,1.000,3.000,0.000,0.000,0.000,0,0,0
B3_zmq_pushpull,zmq_tcp,none,none,,1,1647,512,584,1785153438108236000,1785153438108236000,1785153438108236000,1785153438108237000,1785153438108390000,1785153438108392000,1785153438108392000,1785153438108392000,121932490,121652369,-127.121,0.000,0.000,1.000,2.000,0.000,0.000,0.000,0,0,0
B3_zmq_pushpull,zmq_tcp,none,none,,1,1648,512,584,1785153438109244000,1785153438109244000,1785153438109244000,1785153438109245000,1785153438109398000,1785153438109400000,1785153438109400000,1785153438109400000,121932490,121652369,-127.121,0.000,0.000,1.000,2.000,0.000,0.000,0.000,0,0,0
B3_zmq_pushpull,zmq_tcp,none,none,,1,1649,512,584,1785153438110422000,1785153438110422000,1785153438110422000,1785153438110423000,1785153438110543000,1785153438110546000,1785153438110546000,1785153438110546000,121932490,121652369,-160.121,0.000,0.000,1.000,3.000,0.000,0.000,0.000,0,0,0
B3_zmq_pushpull,zmq_tcp,none,none,,1,1650,512,584,1785153438111381000,1785153438111381000,1785153438111381000,1785153438111382000,1785153438111543000,1785153438111547000,1785153438111547000,1785153438111547000,121932490,121652369,-119.121,0.000,0.000,1.000,4.000,0.000,0.000,0.000,0,0,0
B3_zmq_pushpull,zmq_tcp,none,none,,1,1651,512,584,1785153438112391000,1785153438112391000,1785153438112391000,1785153438112392000,1785153438112520000,1785153438112524000,1785153438112524000,1785153438112524000,121932490,121652369,-152.121,0.000,0.000,1.000,4.000,0.000,0.000,0.000,0,0,0
B3_zmq_pushpull,zmq_tcp,none,none,,1,1652,512,584,1785153438113387000,1785153438113388000,1785153438113388000,1785153438113389000,1785153438113538000,1785153438113542000,1785153438113542000,1785153438113542000,121932490,121652369,-131.121,1.000,0.000,1.000,4.000,0.000,0.000,0.000,0,0,0
B3_zmq_pushpull,zmq_tcp,none,none,,1,1653,512,584,1785153438114392000,1785153438114393000,1785153438114393000,1785153438114394000,1785153438114552000,1785153438114555000,1785153438114555000,1785153438114555000,121932490,121652369,-122.121,1.000,0.000,1.000,3.000,0.000,0.000,0.000,0,0,0
B3_zmq_pushpull,zmq_tcp,none,none,,1,1654,512,584,1785153438115390000,1785153438115390000,1785153438115390000,1785153438115391000,1785153438115539000,1785153438115541000,1785153438115541000,1785153438115541000,121932490,121652369,-132.121,0.000,0.000,1.000,2.000,0.000,0.000,0.000,0,0,0
B3_zmq_pushpull,zmq_tcp,none,none,,1,1655,512,584,1785153438116388000,1785153438116388000,1785153438116388000,1785153438116389000,1785153438116530000,1785153438116532000,1785153438116532000,1785153438116532000,121932490,121652369,-139.121,0.000,0.000,1.000,2.000,0.000,0.000,0.000,0,0,0
B3_zmq_pushpull,zmq_tcp,none,none,,1,1656,512,584,1785153438117386000,1785153438117386000,1785153438117386000,1785153438117387000,1785153438117515000,1785153438117518000,1785153438117518000,1785153438117518000,121932490,121652369,-152.121,0.000,0.000,1.000,3.000,0.000,0.000,0.000,0,0,0
B3_zmq_pushpull,zmq_tcp,none,none,,1,1657,512,584,1785153438118390000,1785153438118390000,1785153438118390000,1785153438118391000,1785153438118493000,1785153438118496000,1785153438118496000,1785153438118496000,121932490,121652369,-178.121,0.000,0.000,1.000,3.000,0.000,0.000,0.000,0,0,0
B3_zmq_pushpull,zmq_tcp,none,none,,1,1658,512,584,1785153438119192000,1785153438119192000,1785153438119192000,1785153438119193000,1785153438119351000,1785153438119354000,1785153438119354000,1785153438119354000,121932490,121652369,-122.121,0.000,0.000,1.000,3.000,0.000,0.000,0.000,0,0,0
B3_zmq_pushpull,zmq_tcp,none,none,,1,1659,512,584,1785153438120193000,1785153438120193000,1785153438120193000,1785153438120194000,1785153438120339000,1785153438120342000,1785153438120342000,1785153438120342000,121932490,121652369,-135.121,0.000,0.000,1.000,3.000,0.000,0.000,0.000,0,0,0
B3_zmq_pushpull,zmq_tcp,none,none,,1,1660,512,584,1785153438121303000,1785153438121303000,1785153438121303000,1785153438121304000,1785153438121453000,1785153438121455000,1785153438121455000,1785153438121455000,121932490,121652369,-131.121,0.000,0.000,1.000,2.000,0.000,0.000,0.000,0,0,0
B3_zmq_pushpull,zmq_tcp,none,none,,1,1661,512,584,1785153438122280000,1785153438122281000,1785153438122281000,1785153438122282000,1785153438122430000,1785153438122433000,1785153438122433000,1785153438122433000,121932490,121652369,-132.121,1.000,0.000,1.000,3.000,0.000,0.000,0.000,0,0,0
B3_zmq_pushpull,zmq_tcp,none,none,,1,1662,512,584,1785153438123416000,1785153438123416000,1785153438123416000,1785153438123417000,1785153438123547000,1785153438123553000,1785153438123553000,1785153438123553000,121932490,121652369,-150.121,0.000,0.000,1.000,6.000,0.000,0.000,0.000,0,0,0
B3_zmq_pushpull,zmq_tcp,none,none,,1,1663,512,584,1785153438124379000,1785153438124379000,1785153438124379000,1785153438124380000,1785153438124530000,1785153438124533000,1785153438124533000,1785153438124533000,121932490,121652369,-130.121,0.000,0.000,1.000,3.000,0.000,0.000,0.000,0,0,0
B3_zmq_pushpull,zmq_tcp,none,none,,1,1664,512,584,1785153438125219000,1785153438125219000,1785153438125219000,1785153438125220000,1785153438125370000,1785153438125373000,1785153438125373000,1785153438125373000,121932490,121652369,-130.121,0.000,0.000,1.000,3.000,0.000,0.000,0.000,0,0,0
B3_zmq_pushpull,zmq_tcp,none,none,,1,1665,512,584,1785153438126191000,1785153438126191000,1785153438126191000,1785153438126192000,1785153438126343000,1785153438126346000,1785153438126346000,1785153438126346000,121932490,121652369,-129.121,0.000,0.000,1.000,3.000,0.000,0.000,0.000,0,0,0
B3_zmq_pushpull,zmq_tcp,none,none,,1,1666,512,584,1785153438127303000,1785153438127303000,1785153438127303000,1785153438127304000,1785153438127461000,1785153438127463000,1785153438127463000,1785153438127463000,121932490,121652369,-123.121,0.000,0.000,1.000,2.000,0.000,0.000,0.000,0,0,0
B3_zmq_pushpull,zmq_tcp,none,none,,1,1667,512,584,1785153438128288000,1785153438128288000,1785153438128288000,1785153438128289000,1785153438128437000,1785153438128439000,1785153438128439000,1785153438128439000,121932490,121652369,-132.121,0.000,0.000,1.000,2.000,0.000,0.000,0.000,0,0,0
B3_zmq_pushpull,zmq_tcp,none,none,,1,1668,512,584,1785153438129414000,1785153438129414000,1785153438129414000,1785153438129415000,1785153438129571000,1785153438129574000,1785153438129574000,1785153438129574000,121932490,121652369,-124.121,0.000,0.000,1.000,3.000,0.000,0.000,0.000,0,0,0
B3_zmq_pushpull,zmq_tcp,none,none,,1,1669,512,584,1785153438130383000,1785153438130383000,1785153438130383000,1785153438130384000,1785153438130561000,1785153438130565000,1785153438130565000,1785153438130565000,121932490,121652369,-103.121,0.000,0.000,1.000,4.000,0.000,0.000,0.000,0,0,0
B3_zmq_pushpull,zmq_tcp,none,none,,1,1670,512,584,1785153438131256000,1785153438131257000,1785153438131257000,1785153438131258000,1785153438131411000,1785153438131414000,1785153438131414000,1785153438131414000,121932490,121652369,-127.121,1.000,0.000,1.000,3.000,0.000,0.000,0.000,0,0,0
B3_zmq_pushpull,zmq_tcp,none,none,,1,1671,512,584,1785153438132422000,1785153438132422000,1785153438132422000,1785153438132423000,1785153438132522000,1785153438132525000,1785153438132525000,1785153438132525000,121932490,121652369,-181.121,0.000,0.000,1.000,3.000,0.000,0.000,0.000,0,0,0
B3_zmq_pushpull,zmq_tcp,none,none,,1,1672,512,584,1785153438133380000,1785153438133380000,1785153438133380000,1785153438133381000,1785153438133518000,1785153438133521000,1785153438133521000,1785153438133521000,121932490,121652369,-143.121,0.000,0.000,1.000,3.000,0.000,0.000,0.000,0,0,0
B3_zmq_pushpull,zmq_tcp,none,none,,1,1673,512,584,1785153438134393000,1785153438134393000,1785153438134393000,1785153438134394000,1785153438134507000,1785153438134510000,1785153438134510000,1785153438134510000,121932490,121652369,-167.121,0.000,0.000,1.000,3.000,0.000,0.000,0.000,0,0,0
B3_zmq_pushpull,zmq_tcp,none,none,,1,1674,512,584,1785153438135386000,1785153438135387000,1785153438135387000,1785153438135388000,1785153438135502000,1785153438135505000,1785153438135505000,1785153438135505000,121932490,121652369,-166.121,1.000,0.000,1.000,3.000,0.000,0.000,0.000,0,0,0
B3_zmq_pushpull,zmq_tcp,none,none,,1,1675,512,584,1785153438136390000,1785153438136390000,1785153438136390000,1785153438136391000,1785153438136498000,1785153438136500000,1785153438136500000,1785153438136500000,121932490,121652369,-173.121,0.000,0.000,1.000,2.000,0.000,0.000,0.000,0,0,0
B3_zmq_pushpull,zmq_tcp,none,none,,1,1676,512,584,1785153438137388000,1785153438137388000,1785153438137388000,1785153438137389000,1785153438137479000,1785153438137483000,1785153438137483000,1785153438137483000,121932490,121652369,-190.121,0.000,0.000,1.000,4.000,0.000,0.000,0.000,0,0,0
B3_zmq_pushpull,zmq_tcp,none,none,,1,1677,512,584,1785153438138388000,1785153438138388000,1785153438138388000,1785153438138389000,1785153438138447000,1785153438138450000,1785153438138450000,1785153438138450000,121932490,121652369,-222.121,0.000,0.000,1.000,3.000,0.000,0.000,0.000,0,0,0
B3_zmq_pushpull,zmq_tcp,none,none,,1,1678,512,584,1785153438139386000,1785153438139386000,1785153438139386000,1785153438139387000,1785153438139561000,1785153438139563000,1785153438139564000,1785153438139564000,121932490,121652369,-106.121,0.000,0.000,1.000,2.000,1.000,0.000,0.000,0,0,0
B3_zmq_pushpull,zmq_tcp,none,none,,1,1679,512,584,1785153438140269000,1785153438140269000,1785153438140269000,1785153438140270000,1785153438140428000,1785153438140430000,1785153438140430000,1785153438140430000,121932490,121652369,-122.121,0.000,0.000,1.000,2.000,0.000,0.000,0.000,0,0,0
B3_zmq_pushpull,zmq_tcp,none,none,,1,1680,512,584,1785153438141418000,1785153438141419000,1785153438141419000,1785153438141419000,1785153438141548000,1785153438141550000,1785153438141550000,1785153438141550000,121932490,121652369,-151.121,1.000,0.000,0.000,2.000,0.000,0.000,0.000,0,0,0
B3_zmq_pushpull,zmq_tcp,none,none,,1,1681,512,584,1785153438142382000,1785153438142382000,1785153438142382000,1785153438142383000,1785153438142550000,1785153438142553000,1785153438142553000,1785153438142553000,121932490,121652369,-113.121,0.000,0.000,1.000,3.000,0.000,0.000,0.000,0,0,0
B3_zmq_pushpull,zmq_tcp,none,none,,1,1682,512,584,1785153438143248000,1785153438143248000,1785153438143248000,1785153438143249000,1785153438143398000,1785153438143401000,1785153438143401000,1785153438143401000,121932490,121652369,-131.121,0.000,0.000,1.000,3.000,0.000,0.000,0.000,0,0,0
B3_zmq_pushpull,zmq_tcp,none,none,,1,1683,512,584,1785153438144232000,1785153438144232000,1785153438144232000,1785153438144233000,1785153438144385000,1785153438144388000,1785153438144388000,1785153438144388000,121932490,121652369,-128.121,0.000,0.000,1.000,3.000,0.000,0.000,0.000,0,0,0
B3_zmq_pushpull,zmq_tcp,none,none,,1,1684,512,584,1785153438145428000,1785153438145428000,1785153438145428000,1785153438145429000,1785153438145487000,1785153438145490000,1785153438145490000,1785153438145490000,121932490,121652369,-222.121,0.000,0.000,1.000,3.000,0.000,0.000,0.000,0,0,0
B3_zmq_pushpull,zmq_tcp,none,none,,1,1685,512,584,1785153438146376000,1785153438146376000,1785153438146377000,1785153438146377000,1785153438146457000,1785153438146460000,1785153438146460000,1785153438146460000,121932490,121652369,-200.121,0.000,1.000,0.000,3.000,0.000,0.000,0.000,0,0,0
B3_zmq_pushpull,zmq_tcp,none,none,,1,1686,512,584,1785153438147396000,1785153438147396000,1785153438147396000,1785153438147397000,1785153438147562000,1785153438147565000,1785153438147565000,1785153438147565000,121932490,121652369,-115.121,0.000,0.000,1.000,3.000,0.000,0.000,0.000,0,0,0
B3_zmq_pushpull,zmq_tcp,none,none,,1,1687,512,584,1785153438148388000,1785153438148389000,1785153438148389000,1785153438148390000,1785153438148550000,1785153438148553000,1785153438148553000,1785153438148553000,121932490,121652369,-120.121,1.000,0.000,1.000,3.000,0.000,0.000,0.000,0,0,0
B3_zmq_pushpull,zmq_tcp,none,none,,1,1688,512,584,1785153438149388000,1785153438149388000,1785153438149388000,1785153438149389000,1785153438149537000,1785153438149539000,1785153438149539000,1785153438149539000,121932490,121652369,-132.121,0.000,0.000,1.000,2.000,0.000,0.000,0.000,0,0,0
B3_zmq_pushpull,zmq_tcp,none,none,,1,1689,512,584,1785153438150387000,1785153438150387000,1785153438150387000,1785153438150388000,1785153438150510000,1785153438150513000,1785153438150513000,1785153438150513000,121932490,121652369,-158.121,0.000,0.000,1.000,3.000,0.000,0.000,0.000,0,0,0
B3_zmq_pushpull,zmq_tcp,none,none,,1,1690,512,584,1785153438151389000,1785153438151389000,1785153438151389000,1785153438151390000,1785153438151469000,1785153438151471000,1785153438151471000,1785153438151471000,121932490,121652369,-201.121,0.000,0.000,1.000,2.000,0.000,0.000,0.000,0,0,0
B3_zmq_pushpull,zmq_tcp,none,none,,1,1691,512,584,1785153438152388000,1785153438152388000,1785153438152388000,1785153438152389000,1785153438152445000,1785153438152448000,1785153438152448000,1785153438152448000,121932490,121652369,-224.121,0.000,0.000,1.000,3.000,0.000,0.000,0.000,0,0,0
B3_zmq_pushpull,zmq_tcp,none,none,,1,1692,512,584,1785153438153389000,1785153438153389000,1785153438153389000,1785153438153390000,1785153438153446000,1785153438153450000,1785153438153450000,1785153438153450000,121932490,121652369,-224.121,0.000,0.000,1.000,4.000,0.000,0.000,0.000,0,0,0
B3_zmq_pushpull,zmq_tcp,none,none,,1,1693,512,584,1785153438154385000,1785153438154386000,1785153438154386000,1785153438154387000,1785153438154564000,1785153438154567000,1785153438154567000,1785153438154567000,121932490,121652369,-103.121,1.000,0.000,1.000,3.000,0.000,0.000,0.000,0,0,0
B3_zmq_pushpull,zmq_tcp,none,none,,1,1694,512,584,1785153438155253000,1785153438155253000,1785153438155253000,1785153438155254000,1785153438155412000,1785153438155414000,1785153438155414000,1785153438155414000,121932490,121652369,-122.121,0.000,0.000,1.000,2.000,0.000,0.000,0.000,0,0,0
B3_zmq_pushpull,zmq_tcp,none,none,,1,1695,512,584,1785153438156422000,1785153438156422000,1785153438156422000,1785153438156423000,1785153438156536000,1785153438156538000,1785153438156538000,1785153438156538000,121932490,121652369,-167.121,0.000,0.000,1.000,2.000,0.000,0.000,0.000,0,0,0
B3_zmq_pushpull,zmq_tcp,none,none,,1,1696,512,584,1785153438157380000,1785153438157380000,1785153438157380000,1785153438157381000,1785153438157521000,1785153438157524000,1785153438157524000,1785153438157524000,121932490,121652369,-140.121,0.000,0.000,1.000,3.000,0.000,0.000,0.000,0,0,0
B3_zmq_pushpull,zmq_tcp,none,none,,1,1697,512,584,1785153438158391000,1785153438158391000,1785153438158391000,1785153438158392000,1785153438158500000,1785153438158502000,1785153438158502000,1785153438158502000,121932490,121652369,-172.121,0.000,0.000,1.000,2.000,0.000,0.000,0.000,0,0,0
B3_zmq_pushpull,zmq_tcp,none,none,,1,1698,512,584,1785153438159388000,1785153438159388000,1785153438159388000,1785153438159389000,1785153438159476000,1785153438159478000,1785153438159478000,1785153438159478000,121932490,121652369,-193.121,0.000,0.000,1.000,2.000,0.000,0.000,0.000,0,0,0
B3_zmq_pushpull,zmq_tcp,none,none,,1,1699,512,584,1785153438160389000,1785153438160389000,1785153438160389000,1785153438160390000,1785153438160473000,1785153438160476000,1785153438160476000,1785153438160476000,121932490,121652369,-197.121,0.000,0.000,1.000,3.000,0.000,0.000,0.000,0,0,0
B3_zmq_pushpull,zmq_tcp,none,none,,1,1700,512,584,1785153438161385000,1785153438161385000,1785153438161385000,1785153438161386000,1785153438161430000,1785153438161433000,1785153438161433000,1785153438161433000,121932490,121652369,-236.121,0.000,0.000,1.000,3.000,0.000,0.000,0.000,0,0,0
B3_zmq_pushpull,zmq_tcp,none,none,,1,1701,512,584,1785153438162391000,1785153438162391000,1785153438162391000,1785153438162392000,1785153438162554000,1785153438162557000,1785153438162557000,1785153438162557000,121932490,121652369,-118.121,0.000,0.000,1.000,3.000,0.000,0.000,0.000,0,0,0
B3_zmq_pushpull,zmq_tcp,none,none,,1,1702,512,584,1785153438163388000,1785153438163388000,1785153438163388000,1785153438163389000,1785153438163532000,1785153438163534000,1785153438163534000,1785153438163534000,121932490,121652369,-137.121,0.000,0.000,1.000,2.000,0.000,0.000,0.000,0,0,0
B3_zmq_pushpull,zmq_tcp,none,none,,1,1703,512,584,1785153438164390000,1785153438164391000,1785153438164391000,1785153438164392000,1785153438164510000,1785153438164513000,1785153438164513000,1785153438164513000,121932490,121652369,-162.121,1.000,0.000,1.000,3.000,0.000,0.000,0.000,0,0,0
B3_zmq_pushpull,zmq_tcp,none,none,,1,1704,512,584,1785153438165388000,1785153438165388000,1785153438165388000,1785153438165389000,1785153438165480000,1785153438165482000,1785153438165482000,1785153438165482000,121932490,121652369,-189.121,0.000,0.000,1.000,2.000,0.000,0.000,0.000,0,0,0
B3_zmq_pushpull,zmq_tcp,none,none,,1,1705,512,584,1785153438166388000,1785153438166388000,1785153438166388000,1785153438166389000,1785153438166446000,1785153438166449000,1785153438166449000,1785153438166449000,121932490,121652369,-223.121,0.000,0.000,1.000,3.000,0.000,0.000,0.000,0,0,0
B3_zmq_pushpull,zmq_tcp,none,none,,1,1706,512,584,1785153438167389000,1785153438167389000,1785153438167389000,1785153438167390000,1785153438167429000,1785153438167432000,1785153438167432000,1785153438167432000,121932490,121652369,-241.121,0.000,0.000,1.000,3.000,0.000,0.000,0.000,0,0,0
B3_zmq_pushpull,zmq_tcp,none,none,,1,1707,512,584,1785153438168391000,1785153438168391000,1785153438168391000,1785153438168392000,1785153438168558000,1785153438168561000,1785153438168561000,1785153438168561000,121932490,121652369,-114.121,0.000,0.000,1.000,3.000,0.000,0.000,0.000,0,0,0
B3_zmq_pushpull,zmq_tcp,none,none,,1,1708,512,584,1785153438169387000,1785153438169387000,1785153438169387000,1785153438169388000,1785153438169558000,1785153438169561000,1785153438169561000,1785153438169561000,121932490,121652369,-110.121,0.000,0.000,1.000,3.000,0.000,0.000,0.000,0,0,0
B3_zmq_pushpull,zmq_tcp,none,none,,1,1709,512,584,1785153438170253000,1785153438170253000,1785153438170254000,1785153438170254000,1785153438170413000,1785153438170416000,1785153438170416000,1785153438170416000,121932490,121652369,-121.121,0.000,1.000,0.000,3.000,0.000,0.000,0.000,0,0,0
B3_zmq_pushpull,zmq_tcp,none,none,,1,1710,512,584,1785153438171422000,1785153438171422000,1785153438171422000,1785153438171423000,1785153438171534000,1785153438171537000,1785153438171538000,1785153438171538000,121932490,121652369,-169.121,0.000,0.000,1.000,3.000,1.000,0.000,0.000,0,0,0
B3_zmq_pushpull,zmq_tcp,none,none,,1,1711,512,584,1785153438172218000,1785153438172218000,1785153438172218000,1785153438172220000,1785153438172361000,1785153438172364000,1785153438172364000,1785153438172364000,121932490,121652369,-139.121,0.000,0.000,2.000,3.000,0.000,0.000,0.000,0,0,0
B3_zmq_pushpull,zmq_tcp,none,none,,1,1712,512,584,1785153438173431000,1785153438173431000,1785153438173431000,1785153438173432000,1785153438173590000,1785153438173593000,1785153438173593000,1785153438173593000,121932490,121652369,-122.121,0.000,0.000,1.000,3.000,0.000,0.000,0.000,0,0,0
B3_zmq_pushpull,zmq_tcp,none,none,,1,1713,512,584,1785153438174378000,1785153438174378000,1785153438174378000,1785153438174379000,1785153438174440000,1785153438174442000,1785153438174442000,1785153438174442000,121932490,121652369,-219.121,0.000,0.000,1.000,2.000,0.000,0.000,0.000,0,0,0
B3_zmq_pushpull,zmq_tcp,none,none,,1,1714,512,584,1785153438175393000,1785153438175393000,1785153438175393000,1785153438175394000,1785153438175566000,1785153438175569000,1785153438175569000,1785153438175569000,121932490,121652369,-108.121,0.000,0.000,1.000,3.000,0.000,0.000,0.000,0,0,0
B3_zmq_pushpull,zmq_tcp,none,none,,1,1715,512,584,1785153438176282000,1785153438176283000,1785153438176283000,1785153438176283000,1785153438176428000,1785153438176430000,1785153438176430000,1785153438176430000,121932490,121652369,-135.121,1.000,0.000,0.000,2.000,0.000,0.000,0.000,0,0,0
B3_zmq_pushpull,zmq_tcp,none,none,,1,1716,512,584,1785153438177415000,1785153438177415000,1785153438177415000,1785153438177416000,1785153438177533000,1785153438177536000,1785153438177536000,1785153438177536000,121932490,121652369,-163.121,0.000,0.000,1.000,3.000,0.000,0.000,0.000,0,0,0
B3_zmq_pushpull,zmq_tcp,none,none,,1,1717,512,584,1785153438178381000,1785153438178381000,1785153438178382000,1785153438178382000,1785153438178513000,1785153438178516000,1785153438178516000,1785153438178516000,121932490,121652369,-149.121,0.000,1.000,0.000,3.000,0.000,0.000,0.000,0,0,0
B3_zmq_pushpull,zmq_tcp,none,none,,1,1718,512,584,1785153438179391000,1785153438179391000,1785153438179391000,1785153438179392000,1785153438179489000,1785153438179492000,1785153438179492000,1785153438179492000,121932490,121652369,-183.121,0.000,0.000,1.000,3.000,0.000,0.000,0.000,0,0,0
B3_zmq_pushpull,zmq_tcp,none,none,,1,1719,512,584,1785153438180385000,1785153438180385000,1785153438180386000,1785153438180386000,1785153438180446000,1785153438180449000,1785153438180449000,1785153438180449000,121932490,121652369,-220.121,0.000,1.000,0.000,3.000,0.000,0.000,0.000,0,0,0
B3_zmq_pushpull,zmq_tcp,none,none,,1,1720,512,584,1785153438181390000,1785153438181390000,1785153438181390000,1785153438181391000,1785153438181434000,1785153438181438000,1785153438181438000,1785153438181438000,121932490,121652369,-237.121,0.000,0.000,1.000,4.000,0.000,0.000,0.000,0,0,0
B3_zmq_pushpull,zmq_tcp,none,none,,1,1721,512,584,1785153438182281000,1785153438182281000,1785153438182281000,1785153438182282000,1785153438182429000,1785153438182432000,1785153438182432000,1785153438182432000,121932490,121652369,-133.121,0.000,0.000,1.000,3.000,0.000,0.000,0.000,0,0,0
B3_zmq_pushpull,zmq_tcp,none,none,,1,1722,512,584,1785153438183415000,1785153438183415000,1785153438183415000,1785153438183416000,1785153438183557000,1785153438183560000,1785153438183560000,1785153438183560000,121932490,121652369,-139.121,0.000,0.000,1.000,3.000,0.000,0.000,0.000,0,0,0
B3_zmq_pushpull,zmq_tcp,none,none,,1,1723,512,584,1785153438184384000,1785153438184384000,1785153438184384000,1785153438184385000,1785153438184559000,1785153438184562000,1785153438184562000,1785153438184562000,121932490,121652369,-106.121,0.000,0.000,1.000,3.000,0.000,0.000,0.000,0,0,0
B3_zmq_pushpull,zmq_tcp,none,none,,1,1724,512,584,1785153438185390000,1785153438185390000,1785153438185390000,1785153438185391000,1785153438185544000,1785153438185547000,1785153438185547000,1785153438185547000,121932490,121652369,-127.121,0.000,0.000,1.000,3.000,0.000,0.000,0.000,0,0,0
B3_zmq_pushpull,zmq_tcp,none,none,,1,1725,512,584,1785153438186388000,1785153438186388000,1785153438186388000,1785153438186389000,1785153438186532000,1785153438186534000,1785153438186534000,1785153438186534000,121932490,121652369,-137.121,0.000,0.000,1.000,2.000,0.000,0.000,0.000,0,0,0
B3_zmq_pushpull,zmq_tcp,none,none,,1,1726,512,584,1785153438187388000,1785153438187388000,1785153438187388000,1785153438187389000,1785153438187489000,1785153438187492000,1785153438187492000,1785153438187492000,121932490,121652369,-180.121,0.000,0.000,1.000,3.000,0.000,0.000,0.000,0,0,0
B3_zmq_pushpull,zmq_tcp,none,none,,1,1727,512,584,1785153438188388000,1785153438188388000,1785153438188388000,1785153438188389000,1785153438188472000,1785153438188474000,1785153438188474000,1785153438188474000,121932490,121652369,-197.121,0.000,0.000,1.000,2.000,0.000,0.000,0.000,0,0,0
B3_zmq_pushpull,zmq_tcp,none,none,,1,1728,512,584,1785153438189389000,1785153438189389000,1785153438189390000,1785153438189390000,1785153438189472000,1785153438189475000,1785153438189475000,1785153438189475000,121932490,121652369,-198.121,0.000,1.000,0.000,3.000,0.000,0.000,0.000,0,0,0
B3_zmq_pushpull,zmq_tcp,none,none,,1,1729,512,584,1785153438190390000,1785153438190390000,1785153438190390000,1785153438190391000,1785153438190472000,1785153438190475000,1785153438190475000,1785153438190475000,121932490,121652369,-199.121,0.000,0.000,1.000,3.000,0.000,0.000,0.000,0,0,0
B3_zmq_pushpull,zmq_tcp,none,none,,1,1730,512,584,1785153438191387000,1785153438191387000,1785153438191387000,1785153438191388000,1785153438191453000,1785153438191456000,1785153438191456000,1785153438191456000,121932490,121652369,-215.121,0.000,0.000,1.000,3.000,0.000,0.000,0.000,0,0,0
B3_zmq_pushpull,zmq_tcp,none,none,,1,1731,512,584,1785153438192389000,1785153438192389000,1785153438192389000,1785153438192390000,1785153438192441000,1785153438192446000,1785153438192446000,1785153438192446000,121932490,121652369,-229.121,0.000,0.000,1.000,5.000,0.000,0.000,0.000,0,0,0
B3_zmq_pushpull,zmq_tcp,none,none,,1,1732,512,584,1785153438193269000,1785153438193269000,1785153438193269000,1785153438193270000,1785153438193422000,1785153438193425000,1785153438193425000,1785153438193425000,121932490,121652369,-128.121,0.000,0.000,1.000,3.000,0.000,0.000,0.000,0,0,0
B3_zmq_pushpull,zmq_tcp,none,none,,1,1733,512,584,1785153438194239000,1785153438194239000,1785153438194239000,1785153438194240000,1785153438194392000,1785153438194394000,1785153438194394000,1785153438194394000,121932490,121652369,-128.121,0.000,0.000,1.000,2.000,0.000,0.000,0.000,0,0,0
B3_zmq_pushpull,zmq_tcp,none,none,,1,1734,512,584,1785153438195213000,1785153438195213000,1785153438195213000,1785153438195214000,1785153438195374000,1785153438195377000,1785153438195377000,1785153438195377000,121932490,121652369,-120.121,0.000,0.000,1.000,3.000,0.000,0.000,0.000,0,0,0
B3_zmq_pushpull,zmq_tcp,none,none,,1,1735,512,584,1785153438196205000,1785153438196205000,1785153438196205000,1785153438196206000,1785153438196354000,1785153438196357000,1785153438196357000,1785153438196357000,121932490,121652369,-132.121,0.000,0.000,1.000,3.000,0.000,0.000,0.000,0,0,0
B3_zmq_pushpull,zmq_tcp,none,none,,1,1736,512,584,1785153438197435000,1785153438197435000,1785153438197435000,1785153438197436000,1785153438197629000,1785153438197632000,1785153438197632000,1785153438197632000,121932490,121652369,-87.121,0.000,0.000,1.000,3.000,0.000,0.000,0.000,0,0,0
B3_zmq_pushpull,zmq_tcp,none,none,,1,1737,512,584,1785153438198198000,1785153438198198000,1785153438198198000,1785153438198199000,1785153438198342000,1785153438198345000,1785153438198345000,1785153438198345000,121932490,121652369,-137.121,0.000,0.000,1.000,3.000,0.000,0.000,0.000,0,0,0
B3_zmq_pushpull,zmq_tcp,none,none,,1,1738,512,584,1785153438199307000,1785153438199307000,1785153438199307000,1785153438199308000,1785153438199451000,1785153438199454000,1785153438199454000,1785153438199454000,121932490,121652369,-137.121,0.000,0.000,1.000,3.000,0.000,0.000,0.000,0,0,0
B3_zmq_pushpull,zmq_tcp,none,none,,1,1739,512,584,1785153438200408000,1785153438200408000,1785153438200408000,1785153438200409000,1785153438200569000,1785153438200572000,1785153438200572000,1785153438200572000,121932490,121652369,-120.121,0.000,0.000,1.000,3.000,0.000,0.000,0.000,0,0,0
B3_zmq_pushpull,zmq_tcp,none,none,,1,1740,512,584,1785153438201231000,1785153438201231000,1785153438201231000,1785153438201232000,1785153438201385000,1785153438201388000,1785153438201388000,1785153438201388000,121932490,121652369,-127.121,0.000,0.000,1.000,3.000,0.000,0.000,0.000,0,0,0
B3_zmq_pushpull,zmq_tcp,none,none,,1,1741,512,584,1785153438202225000,1785153438202225000,1785153438202225000,1785153438202226000,1785153438202379000,1785153438202381000,1785153438202381000,1785153438202381000,121932490,121652369,-127.121,0.000,0.000,1.000,2.000,0.000,0.000,0.000,0,0,0
B3_zmq_pushpull,zmq_tcp,none,none,,1,1742,512,584,1785153438203217000,1785153438203217000,1785153438203217000,1785153438203218000,1785153438203375000,1785153438203377000,1785153438203377000,1785153438203377000,121932490,121652369,-123.121,0.000,0.000,1.000,2.000,0.000,0.000,0.000,0,0,0
B3_zmq_pushpull,zmq_tcp,none,none,,1,1743,512,584,1785153438204193000,1785153438204193000,1785153438204193000,1785153438204194000,1785153438204355000,1785153438204357000,1785153438204357000,1785153438204357000,121932490,121652369,-119.121,0.000,0.000,1.000,2.000,0.000,0.000,0.000,0,0,0
B3_zmq_pushpull,zmq_tcp,none,none,,1,1744,512,584,1785153438205318000,1785153438205318000,1785153438205319000,1785153438205319000,1785153438205476000,1785153438205478000,1785153438205479000,1785153438205479000,121932490,121652369,-123.121,0.000,1.000,0.000,2.000,1.000,0.000,0.000,0,0,0
B3_zmq_pushpull,zmq_tcp,none,none,,1,1745,512,584,1785153438206403000,1785153438206403000,1785153438206403000,1785153438206404000,1785153438206449000,1785153438206453000,1785153438206453000,1785153438206453000,121932490,121652369,-235.121,0.000,0.000,1.000,4.000,0.000,0.000,0.000,0,0,0
B3_zmq_pushpull,zmq_tcp,none,none,,1,1746,512,584,1785153438207270000,1785153438207270000,1785153438207270000,1785153438207271000,1785153438207428000,1785153438207430000,1785153438207430000,1785153438207430000,121932490,121652369,-123.121,0.000,0.000,1.000,2.000,0.000,0.000,0.000,0,0,0
B3_zmq_pushpull,zmq_tcp,none,none,,1,1747,512,584,1785153438208262000,1785153438208262000,1785153438208263000,1785153438208264000,1785153438208407000,1785153438208409000,1785153438208409000,1785153438208409000,121932490,121652369,-137.121,0.000,1.000,1.000,2.000,0.000,0.000,0.000,0,0,0
B3_zmq_pushpull,zmq_tcp,none,none,,1,1748,512,584,1785153438209422000,1785153438209422000,1785153438209422000,1785153438209423000,1785153438209535000,1785153438209537000,1785153438209537000,1785153438209537000,121932490,121652369,-168.121,0.000,0.000,1.000,2.000,0.000,0.000,0.000,0,0,0
B3_zmq_pushpull,zmq_tcp,none,none,,1,1749,512,584,1785153438210377000,1785153438210378000,1785153438210378000,1785153438210379000,1785153438210519000,1785153438210521000,1785153438210521000,1785153438210521000,121932490,121652369,-140.121,1.000,0.000,1.000,2.000,0.000,0.000,0.000,0,0,0
B3_zmq_pushpull,zmq_tcp,none,none,,1,1750,512,584,1785153438211394000,1785153438211394000,1785153438211394000,1785153438211395000,1785153438211517000,1785153438211520000,1785153438211520000,1785153438211520000,121932490,121652369,-158.121,0.000,0.000,1.000,3.000,0.000,0.000,0.000,0,0,0
B3_zmq_pushpull,zmq_tcp,none,none,,1,1751,512,584,1785153438212388000,1785153438212388000,1785153438212388000,1785153438212389000,1785153438212508000,1785153438212510000,1785153438212510000,1785153438212510000,121932490,121652369,-161.121,0.000,0.000,1.000,2.000,0.000,0.000,0.000,0,0,0
B3_zmq_pushpull,zmq_tcp,none,none,,1,1752,512,584,1785153438213388000,1785153438213388000,1785153438213388000,1785153438213389000,1785153438213472000,1785153438213475000,1785153438213475000,1785153438213475000,121932490,121652369,-197.121,0.000,0.000,1.000,3.000,0.000,0.000,0.000,0,0,0
B3_zmq_pushpull,zmq_tcp,none,none,,1,1753,512,584,1785153438214386000,1785153438214386000,1785153438214386000,1785153438214387000,1785153438214448000,1785153438214450000,1785153438214450000,1785153438214450000,121932490,121652369,-219.121,0.000,0.000,1.000,2.000,0.000,0.000,0.000,0,0,0
B3_zmq_pushpull,zmq_tcp,none,none,,1,1754,512,584,1785153438215390000,1785153438215390000,1785153438215391000,1785153438215391000,1785153438215560000,1785153438215562000,1785153438215562000,1785153438215563000,121932490,121652369,-111.121,0.000,1.000,0.000,2.000,0.000,1.000,0.000,0,0,0
B3_zmq_pushpull,zmq_tcp,none,none,,1,1755,512,584,1785153438216388000,1785153438216389000,1785153438216389000,1785153438216389000,1785153438216537000,1785153438216539000,1785153438216539000,1785153438216539000,121932490,121652369,-132.121,1.000,0.000,0.000,2.000,0.000,0.000,0.000,0,0,0
B3_zmq_pushpull,zmq_tcp,none,none,,1,1756,512,584,1785153438217389000,1785153438217389000,1785153438217389000,1785153438217390000,1785153438217527000,1785153438217529000,1785153438217529000,1785153438217529000,121932490,121652369,-143.121,0.000,0.000,1.000,2.000,0.000,0.000,0.000,0,0,0
B3_zmq_pushpull,zmq_tcp,none,none,,1,1757,512,584,1785153438218388000,1785153438218388000,1785153438218388000,1785153438218389000,1785153438218501000,1785153438218504000,1785153438218504000,1785153438218504000,121932490,121652369,-168.121,0.000,0.000,1.000,3.000,0.000,0.000,0.000,0,0,0
B3_zmq_pushpull,zmq_tcp,none,none,,1,1758,512,584,1785153438219391000,1785153438219391000,1785153438219391000,1785153438219392000,1785153438219503000,1785153438219505000,1785153438219505000,1785153438219505000,121932490,121652369,-169.121,0.000,0.000,1.000,2.000,0.000,0.000,0.000,0,0,0
B3_zmq_pushpull,zmq_tcp,none,none,,1,1759,512,584,1785153438220387000,1785153438220387000,1785153438220387000,1785153438220388000,1785153438220493000,1785153438220496000,1785153438220496000,1785153438220496000,121932490,121652369,-175.121,0.000,0.000,1.000,3.000,0.000,0.000,0.000,0,0,0
B3_zmq_pushpull,zmq_tcp,none,none,,1,1760,512,584,1785153438221390000,1785153438221390000,1785153438221390000,1785153438221391000,1785153438221480000,1785153438221482000,1785153438221482000,1785153438221483000,121932490,121652369,-191.121,0.000,0.000,1.000,2.000,0.000,1.000,0.000,0,0,0
B3_zmq_pushpull,zmq_tcp,none,none,,1,1761,512,584,1785153438222388000,1785153438222388000,1785153438222388000,1785153438222389000,1785153438222455000,1785153438222457000,1785153438222457000,1785153438222457000,121932490,121652369,-214.121,0.000,0.000,1.000,2.000,0.000,0.000,0.000,0,0,0
B3_zmq_pushpull,zmq_tcp,none,none,,1,1762,512,584,1785153438223391000,1785153438223391000,1785153438223391000,1785153438223392000,1785153438223577000,1785153438223580000,1785153438223580000,1785153438223580000,121932490,121652369,-95.121,0.000,0.000,1.000,3.000,0.000,0.000,0.000,0,0,0
B3_zmq_pushpull,zmq_tcp,none,none,,1,1763,512,584,1785153438224386000,1785153438224386000,1785153438224386000,1785153438224387000,1785153438224569000,1785153438224571000,1785153438224571000,1785153438224571000,121932490,121652369,-98.121,0.000,0.000,1.000,2.000,0.000,0.000,0.000,0,0,0
B3_zmq_pushpull,zmq_tcp,none,none,,1,1764,512,584,1785153438225390000,1785153438225390000,1785153438225390000,1785153438225391000,1785153438225553000,1785153438225556000,1785153438225556000,1785153438225556000,121932490,121652369,-118.121,0.000,0.000,1.000,3.000,0.000,0.000,0.000,0,0,0
B3_zmq_pushpull,zmq_tcp,none,none,,1,1765,512,584,1785153438226242000,1785153438226242000,1785153438226242000,1785153438226243000,1785153438226391000,1785153438226393000,1785153438226393000,1785153438226393000,121932490,121652369,-132.121,0.000,0.000,1.000,2.000,0.000,0.000,0.000,0,0,0
B3_zmq_pushpull,zmq_tcp,none,none,,1,1766,512,584,1785153438227426000,1785153438227426000,1785153438227426000,1785153438227427000,1785153438227501000,1785153438227504000,1785153438227504000,1785153438227504000,121932490,121652369,-206.121,0.000,0.000,1.000,3.000,0.000,0.000,0.000,0,0,0
B3_zmq_pushpull,zmq_tcp,none,none,,1,1767,512,584,1785153438228376000,1785153438228376000,1785153438228376000,1785153438228377000,1785153438228487000,1785153438228489000,1785153438228489000,1785153438228489000,121932490,121652369,-170.121,0.000,0.000,1.000,2.000,0.000,0.000,0.000,0,0,0
B3_zmq_pushpull,zmq_tcp,none,none,,1,1768,512,584,1785153438229392000,1785153438229392000,1785153438229392000,1785153438229393000,1785153438229449000,1785153438229452000,1785153438229452000,1785153438229452000,121932490,121652369,-224.121,0.000,0.000,1.000,3.000,0.000,0.000,0.000,0,0,0
B3_zmq_pushpull,zmq_tcp,none,none,,1,1769,512,584,1785153438230388000,1785153438230388000,1785153438230388000,1785153438230389000,1785153438230563000,1785153438230565000,1785153438230565000,1785153438230565000,121932490,121652369,-106.121,0.000,0.000,1.000,2.000,0.000,0.000,0.000,0,0,0
B3_zmq_pushpull,zmq_tcp,none,none,,1,1770,512,584,1785153438231390000,1785153438231390000,1785153438231390000,1785153438231391000,1785153438231559000,1785153438231561000,1785153438231561000,1785153438231561000,121932490,121652369,-112.121,0.000,0.000,1.000,2.000,0.000,0.000,0.000,0,0,0
B3_zmq_pushpull,zmq_tcp,none,none,,1,1771,512,584,1785153438232389000,1785153438232389000,1785153438232389000,1785153438232390000,1785153438232545000,1785153438232548000,1785153438232548000,1785153438232548000,121932490,121652369,-125.121,0.000,0.000,1.000,3.000,0.000,0.000,0.000,0,0,0
B3_zmq_pushpull,zmq_tcp,none,none,,1,1772,512,584,1785153438233391000,1785153438233391000,1785153438233391000,1785153438233392000,1785153438233544000,1785153438233547000,1785153438233547000,1785153438233547000,121932490,121652369,-128.121,0.000,0.000,1.000,3.000,0.000,0.000,0.000,0,0,0
B3_zmq_pushpull,zmq_tcp,none,none,,1,1773,512,584,1785153438234388000,1785153438234388000,1785153438234388000,1785153438234389000,1785153438234508000,1785153438234511000,1785153438234511000,1785153438234511000,121932490,121652369,-161.121,0.000,0.000,1.000,3.000,0.000,0.000,0.000,0,0,0
B3_zmq_pushpull,zmq_tcp,none,none,,1,1774,512,584,1785153438235390000,1785153438235390000,1785153438235390000,1785153438235391000,1785153438235485000,1785153438235488000,1785153438235488000,1785153438235488000,121932490,121652369,-186.121,0.000,0.000,1.000,3.000,0.000,0.000,0.000,0,0,0
B3_zmq_pushpull,zmq_tcp,none,none,,1,1775,512,584,1785153438236386000,1785153438236386000,1785153438236386000,1785153438236387000,1785153438236432000,1785153438236435000,1785153438236435000,1785153438236435000,121932490,121652369,-235.121,0.000,0.000,1.000,3.000,0.000,0.000,0.000,0,0,0
B3_zmq_pushpull,zmq_tcp,none,none,,1,1776,512,584,1785153438237392000,1785153438237392000,1785153438237392000,1785153438237393000,1785153438237447000,1785153438237450000,1785153438237450000,1785153438237450000,121932490,121652369,-226.121,0.000,0.000,1.000,3.000,0.000,0.000,0.000,0,0,0
B3_zmq_pushpull,zmq_tcp,none,none,,1,1777,512,584,1785153438238291000,1785153438238291000,1785153438238291000,1785153438238292000,1785153438238435000,1785153438238437000,1785153438238437000,1785153438238437000,121932490,121652369,-137.121,0.000,0.000,1.000,2.000,0.000,0.000,0.000,0,0,0
B3_zmq_pushpull,zmq_tcp,none,none,,1,1778,512,584,1785153438239267000,1785153438239267000,1785153438239268000,1785153438239268000,1785153438239428000,1785153438239431000,1785153438239431000,1785153438239431000,121932490,121652369,-120.121,0.000,1.000,0.000,3.000,0.000,0.000,0.000,0,0,0
B3_zmq_pushpull,zmq_tcp,none,none,,1,1779,512,584,1785153438240418000,1785153438240418000,1785153438240418000,1785153438240419000,1785153438240559000,1785153438240561000,1785153438240561000,1785153438240561000,121932490,121652369,-140.121,0.000,0.000,1.000,2.000,0.000,0.000,0.000,0,0,0
B3_zmq_pushpull,zmq_tcp,none,none,,1,1780,512,584,1785153438241382000,1785153438241382000,1785153438241382000,1785153438241383000,1785153438241525000,1785153438241528000,1785153438241528000,1785153438241528000,121932490,121652369,-138.121,0.000,0.000,1.000,3.000,0.000,0.000,0.000,0,0,0
B3_zmq_pushpull,zmq_tcp,none,none,,1,1781,512,584,1785153438242221000,1785153438242221000,1785153438242221000,1785153438242223000,1785153438242365000,1785153438242368000,1785153438242368000,1785153438242368000,121932490,121652369,-138.121,0.000,0.000,2.000,3.000,0.000,0.000,0.000,0,0,0
B3_zmq_pushpull,zmq_tcp,none,none,,1,1782,512,584,1785153438243431000,1785153438243431000,1785153438243431000,1785153438243432000,1785153438243485000,1785153438243489000,1785153438243489000,1785153438243489000,121932490,121652369,-227.121,0.000,0.000,1.000,4.000,0.000,0.000,0.000,0,0,0
B3_zmq_pushpull,zmq_tcp,none,none,,1,1783,512,584,1785153438244375000,1785153438244375000,1785153438244375000,1785153438244376000,1785153438244489000,1785153438244492000,1785153438244492000,1785153438244492000,121932490,121652369,-167.121,0.000,0.000,1.000,3.000,0.000,0.000,0.000,0,0,0
B3_zmq_pushpull,zmq_tcp,none,none,,1,1784,512,584,1785153438245394000,1785153438245394000,1785153438245394000,1785153438245395000,1785153438245473000,1785153438245476000,1785153438245476000,1785153438245476000,121932490,121652369,-202.121,0.000,0.000,1.000,3.000,0.000,0.000,0.000,0,0,0
B3_zmq_pushpull,zmq_tcp,none,none,,1,1785,512,584,1785153438246387000,1785153438246387000,1785153438246387000,1785153438246388000,1785153438246477000,1785153438246480000,1785153438246480000,1785153438246480000,121932490,121652369,-191.121,0.000,0.000,1.000,3.000,0.000,0.000,0.000,0,0,0
B3_zmq_pushpull,zmq_tcp,none,none,,1,1786,512,584,1785153438247392000,1785153438247392000,1785153438247392000,1785153438247393000,1785153438247484000,1785153438247487000,1785153438247487000,1785153438247487000,121932490,121652369,-189.121,0.000,0.000,1.000,3.000,0.000,0.000,0.000,0,0,0
B3_zmq_pushpull,zmq_tcp,none,none,,1,1787,512,584,1785153438248387000,1785153438248387000,1785153438248387000,1785153438248388000,1785153438248469000,1785153438248472000,1785153438248472000,1785153438248472000,121932490,121652369,-199.121,0.000,0.000,1.000,3.000,0.000,0.000,0.000,0,0,0
B3_zmq_pushpull,zmq_tcp,none,none,,1,1788,512,584,1785153438249390000,1785153438249390000,1785153438249390000,1785153438249391000,1785153438249460000,1785153438249463000,1785153438249463000,1785153438249463000,121932490,121652369,-211.121,0.000,0.000,1.000,3.000,0.000,0.000,0.000,0,0,0
B3_zmq_pushpull,zmq_tcp,none,none,,1,1789,512,584,1785153438250388000,1785153438250388000,1785153438250389000,1785153438250389000,1785153438250435000,1785153438250438000,1785153438250438000,1785153438250438000,121932490,121652369,-234.121,0.000,1.000,0.000,3.000,0.000,0.000,0.000,0,0,0
B3_zmq_pushpull,zmq_tcp,none,none,,1,1790,512,584,1785153438251261000,1785153438251261000,1785153438251261000,1785153438251262000,1785153438251419000,1785153438251421000,1785153438251421000,1785153438251421000,121932490,121652369,-123.121,0.000,0.000,1.000,2.000,0.000,0.000,0.000,0,0,0
B3_zmq_pushpull,zmq_tcp,none,none,,1,1791,512,584,1785153438252262000,1785153438252262000,1785153438252262000,1785153438252263000,1785153438252420000,1785153438252423000,1785153438252423000,1785153438252423000,121932490,121652369,-123.121,0.000,0.000,1.000,3.000,0.000,0.000,0.000,0,0,0
B3_zmq_pushpull,zmq_tcp,none,none,,1,1792,512,584,1785153438253269000,1785153438253269000,1785153438253269000,1785153438253270000,1785153438253421000,1785153438253426000,1785153438253426000,1785153438253426000,121932490,121652369,-129.121,0.000,0.000,1.000,5.000,0.000,0.000,0.000,0,0,0
B3_zmq_pushpull,zmq_tcp,none,none,,1,1793,512,584,1785153438254421000,1785153438254422000,1785153438254422000,1785153438254423000,1785153438254533000,1785153438254541000,1785153438254541000,1785153438254541000,121932490,121652369,-170.121,1.000,0.000,1.000,8.000,0.000,0.000,0.000,0,0,0
B3_zmq_pushpull,zmq_tcp,none,none,,1,1794,512,584,1785153438255381000,1785153438255381000,1785153438255381000,1785153438255382000,1785153438255533000,1785153438255537000,1785153438255537000,1785153438255537000,121932490,121652369,-129.121,0.000,0.000,1.000,4.000,0.000,0.000,0.000,0,0,0
B3_zmq_pushpull,zmq_tcp,none,none,,1,1795,512,584,1785153438256229000,1785153438256229000,1785153438256229000,1785153438256230000,1785153438256381000,1785153438256384000,1785153438256384000,1785153438256384000,121932490,121652369,-129.121,0.000,0.000,1.000,3.000,0.000,0.000,0.000,0,0,0
B3_zmq_pushpull,zmq_tcp,none,none,,1,1796,512,584,1785153438257212000,1785153438257212000,1785153438257212000,1785153438257213000,1785153438257365000,1785153438257368000,1785153438257368000,1785153438257368000,121932490,121652369,-128.121,0.000,0.000,1.000,3.000,0.000,0.000,0.000,0,0,0
B3_zmq_pushpull,zmq_tcp,none,none,,1,1797,512,584,1785153438258195000,1785153438258195000,1785153438258196000,1785153438258196000,1785153438258336000,1785153438258339000,1785153438258339000,1785153438258339000,121932490,121652369,-140.121,0.000,1.000,0.000,3.000,0.000,0.000,0.000,0,0,0
B3_zmq_pushpull,zmq_tcp,none,none,,1,1798,512,584,1785153438259300000,1785153438259300000,1785153438259300000,1785153438259301000,1785153438259457000,1785153438259460000,1785153438259460000,1785153438259460000,121932490,121652369,-124.121,0.000,0.000,1.000,3.000,0.000,0.000,0.000,0,0,0
B3_zmq_pushpull,zmq_tcp,none,none,,1,1799,512,584,1785153438260290000,1785153438260290000,1785153438260290000,1785153438260291000,1785153438260448000,1785153438260456000,1785153438260456000,1785153438260456000,121932490,121652369,-123.121,0.000,0.000,1.000,8.000,0.000,0.000,0.000,0,0,0
B3_zmq_pushpull,zmq_tcp,none,none,,1,1800,512,584,1785153438261295000,1785153438261296000,1785153438261296000,1785153438261297000,1785153438261456000,1785153438261459000,1785153438261459000,1785153438261459000,121932490,121652369,-121.121,1.000,0.000,1.000,3.000,0.000,0.000,0.000,0,0,0
B3_zmq_pushpull,zmq_tcp,none,none,,1,1801,512,584,1785153438262412000,1785153438262413000,1785153438262413000,1785153438262414000,1785153438262580000,1785153438262584000,1785153438262584000,1785153438262584000,121932490,121652369,-114.121,1.000,0.000,1.000,4.000,0.000,0.000,0.000,0,0,0
B3_zmq_pushpull,zmq_tcp,none,none,,1,1802,512,584,1785153438263383000,1785153438263383000,1785153438263383000,1785153438263384000,1785153438263537000,1785153438263541000,1785153438263541000,1785153438263541000,121932490,121652369,-127.121,0.000,0.000,1.000,4.000,0.000,0.000,0.000,0,0,0
B3_zmq_pushpull,zmq_tcp,none,none,,1,1803,512,584,1785153438264391000,1785153438264391000,1785153438264391000,1785153438264392000,1785153438264517000,1785153438264521000,1785153438264521000,1785153438264521000,121932490,121652369,-155.121,0.000,0.000,1.000,4.000,0.000,0.000,0.000,0,0,0
B3_zmq_pushpull,zmq_tcp,none,none,,1,1804,512,584,1785153438265386000,1785153438265386000,1785153438265386000,1785153438265387000,1785153438265492000,1785153438265495000,1785153438265495000,1785153438265495000,121932490,121652369,-175.121,0.000,0.000,1.000,3.000,0.000,0.000,0.000,0,0,0
B3_zmq_pushpull,zmq_tcp,none,none,,1,1805,512,584,1785153438266391000,1785153438266391000,1785153438266391000,1785153438266392000,1785153438266483000,1785153438266485000,1785153438266485000,1785153438266485000,121932490,121652369,-189.121,0.000,0.000,1.000,2.000,0.000,0.000,0.000,0,0,0
B3_zmq_pushpull,zmq_tcp,none,none,,1,1806,512,584,1785153438267388000,1785153438267389000,1785153438267389000,1785153438267390000,1785153438267467000,1785153438267469000,1785153438267470000,1785153438267470000,121932490,121652369,-203.121,1.000,0.000,1.000,2.000,1.000,0.000,0.000,0,0,0
B3_zmq_pushpull,zmq_tcp,none,none,,1,1807,512,584,1785153438268390000,1785153438268390000,1785153438268390000,1785153438268391000,1785153438268575000,1785153438268578000,1785153438268578000,1785153438268578000,121932490,121652369,-96.121,0.000,0.000,1.000,3.000,0.000,0.000,0.000,0,0,0
B3_zmq_pushpull,zmq_tcp,none,none,,1,1808,512,584,1785153438269386000,1785153438269386000,1785153438269386000,1785153438269387000,1785153438269433000,1785153438269436000,1785153438269436000,1785153438269436000,121932490,121652369,-234.121,0.000,0.000,1.000,3.000,0.000,0.000,0.000,0,0,0
B3_zmq_pushpull,zmq_tcp,none,none,,1,1809,512,584,1785153438270391000,1785153438270391000,1785153438270391000,1785153438270392000,1785153438270563000,1785153438270566000,1785153438270566000,1785153438270566000,121932490,121652369,-109.121,0.000,0.000,1.000,3.000,0.000,0.000,0.000,0,0,0
B3_zmq_pushpull,zmq_tcp,none,none,,1,1810,512,584,1785153438271389000,1785153438271389000,1785153438271389000,1785153438271390000,1785153438271560000,1785153438271563000,1785153438271563000,1785153438271563000,121932490,121652369,-110.121,0.000,0.000,1.000,3.000,0.000,0.000,0.000,0,0,0
B3_zmq_pushpull,zmq_tcp,none,none,,1,1811,512,584,1785153438272389000,1785153438272389000,1785153438272389000,1785153438272390000,1785153438272540000,1785153438272543000,1785153438272543000,1785153438272543000,121932490,121652369,-130.121,0.000,0.000,1.000,3.000,0.000,0.000,0.000,0,0,0
B3_zmq_pushpull,zmq_tcp,none,none,,1,1812,512,584,1785153438273386000,1785153438273386000,1785153438273386000,1785153438273387000,1785153438273538000,1785153438273540000,1785153438273540000,1785153438273540000,121932490,121652369,-129.121,0.000,0.000,1.000,2.000,0.000,0.000,0.000,0,0,0
B3_zmq_pushpull,zmq_tcp,none,none,,1,1813,512,584,1785153438274245000,1785153438274245000,1785153438274245000,1785153438274246000,1785153438274403000,1785153438274406000,1785153438274406000,1785153438274406000,121932490,121652369,-123.121,0.000,0.000,1.000,3.000,0.000,0.000,0.000,0,0,0
B3_zmq_pushpull,zmq_tcp,none,none,,1,1814,512,584,1785153438275226000,1785153438275226000,1785153438275226000,1785153438275227000,1785153438275383000,1785153438275386000,1785153438275386000,1785153438275386000,121932490,121652369,-124.121,0.000,0.000,1.000,3.000,0.000,0.000,0.000,0,0,0
B3_zmq_pushpull,zmq_tcp,none,none,,1,1815,512,584,1785153438276430000,1785153438276430000,1785153438276430000,1785153438276431000,1785153438276497000,1785153438276501000,1785153438276501000,1785153438276501000,121932490,121652369,-214.121,0.000,0.000,1.000,4.000,0.000,0.000,0.000,0,0,0
B3_zmq_pushpull,zmq_tcp,none,none,,1,1816,512,584,1785153438277375000,1785153438277375000,1785153438277375000,1785153438277376000,1785153438277467000,1785153438277470000,1785153438277470000,1785153438277470000,121932490,121652369,-189.121,0.000,0.000,1.000,3.000,0.000,0.000,0.000,0,0,0
B3_zmq_pushpull,zmq_tcp,none,none,,1,1817,512,584,1785153438278393000,1785153438278393000,1785153438278393000,1785153438278394000,1785153438278438000,1785153438278442000,1785153438278442000,1785153438278442000,121932490,121652369,-236.121,0.000,0.000,1.000,4.000,0.000,0.000,0.000,0,0,0
B3_zmq_pushpull,zmq_tcp,none,none,,1,1818,512,584,1785153438279388000,1785153438279389000,1785153438279389000,1785153438279390000,1785153438279446000,1785153438279449000,1785153438279449000,1785153438279449000,121932490,121652369,-224.121,1.000,0.000,1.000,3.000,0.000,0.000,0.000,0,0,0
B3_zmq_pushpull,zmq_tcp,none,none,,1,1819,512,584,1785153438280389000,1785153438280389000,1785153438280389000,1785153438280390000,1785153438280450000,1785153438280452000,1785153438280452000,1785153438280452000,121932490,121652369,-220.121,0.000,0.000,1.000,2.000,0.000,0.000,0.000,0,0,0
B3_zmq_pushpull,zmq_tcp,none,none,,1,1820,512,584,1785153438281389000,1785153438281389000,1785153438281389000,1785153438281390000,1785153438281458000,1785153438281460000,1785153438281461000,1785153438281461000,121932490,121652369,-212.121,0.000,0.000,1.000,2.000,1.000,0.000,0.000,0,0,0
B3_zmq_pushpull,zmq_tcp,none,none,,1,1821,512,584,1785153438282286000,1785153438282286000,1785153438282286000,1785153438282287000,1785153438282439000,1785153438282442000,1785153438282442000,1785153438282442000,121932490,121652369,-128.121,0.000,0.000,1.000,3.000,0.000,0.000,0.000,0,0,0
B3_zmq_pushpull,zmq_tcp,none,none,,1,1822,512,584,1785153438283265000,1785153438283265000,1785153438283266000,1785153438283267000,1785153438283408000,1785153438283411000,1785153438283411000,1785153438283411000,121932490,121652369,-139.121,0.000,1.000,1.000,3.000,0.000,0.000,0.000,0,0,0
B3_zmq_pushpull,zmq_tcp,none,none,,1,1823,512,584,1785153438284419000,1785153438284419000,1785153438284419000,1785153438284420000,1785153438284534000,1785153438284536000,1785153438284536000,1785153438284536000,121932490,121652369,-166.121,0.000,0.000,1.000,2.000,0.000,0.000,0.000,0,0,0
B3_zmq_pushpull,zmq_tcp,none,none,,1,1824,512,584,1785153438285378000,1785153438285378000,1785153438285378000,1785153438285379000,1785153438285524000,1785153438285527000,1785153438285527000,1785153438285527000,121932490,121652369,-135.121,0.000,0.000,1.000,3.000,0.000,0.000,0.000,0,0,0
B3_zmq_pushpull,zmq_tcp,none,none,,1,1825,512,584,1785153438286394000,1785153438286394000,1785153438286394000,1785153438286395000,1785153438286519000,1785153438286522000,1785153438286522000,1785153438286522000,121932490,121652369,-156.121,0.000,0.000,1.000,3.000,0.000,0.000,0.000,0,0,0
B3_zmq_pushpull,zmq_tcp,none,none,,1,1826,512,584,1785153438287388000,1785153438287389000,1785153438287389000,1785153438287390000,1785153438287500000,1785153438287503000,1785153438287503000,1785153438287503000,121932490,121652369,-170.121,1.000,0.000,1.000,3.000,0.000,0.000,0.000,0,0,0
B3_zmq_pushpull,zmq_tcp,none,none,,1,1827,512,584,1785153438288391000,1785153438288391000,1785153438288391000,1785153438288392000,1785153438288474000,1785153438288477000,1785153438288477000,1785153438288477000,121932490,121652369,-198.121,0.000,0.000,1.000,3.000,0.000,0.000,0.000,0,0,0
B3_zmq_pushpull,zmq_tcp,none,none,,1,1828,512,584,1785153438289385000,1785153438289385000,1785153438289385000,1785153438289386000,1785153438289484000,1785153438289488000,1785153438289488000,1785153438289488000,121932490,121652369,-182.121,0.000,0.000,1.000,4.000,0.000,0.000,0.000,0,0,0
B3_zmq_pushpull,zmq_tcp,none,none,,1,1829,512,584,1785153438290390000,1785153438290390000,1785153438290390000,1785153438290391000,1785153438290484000,1785153438290489000,1785153438290489000,1785153438290489000,121932490,121652369,-187.121,0.000,0.000,1.000,5.000,0.000,0.000,0.000,0,0,0
B3_zmq_pushpull,zmq_tcp,none,none,,1,1830,512,584,1785153438291389000,1785153438291389000,1785153438291389000,1785153438291390000,1785153438291460000,1785153438291463000,1785153438291463000,1785153438291463000,121932490,121652369,-210.121,0.000,0.000,1.000,3.000,0.000,0.000,0.000,0,0,0
B3_zmq_pushpull,zmq_tcp,none,none,,1,1831,512,584,1785153438292389000,1785153438292389000,1785153438292389000,1785153438292390000,1785153438292448000,1785153438292452000,1785153438292452000,1785153438292452000,121932490,121652369,-222.121,0.000,0.000,1.000,4.000,0.000,0.000,0.000,0,0,0
B3_zmq_pushpull,zmq_tcp,none,none,,1,1832,512,584,1785153438293301000,1785153438293301000,1785153438293301000,1785153438293302000,1785153438293453000,1785153438293456000,1785153438293456000,1785153438293456000,121932490,121652369,-129.121,0.000,0.000,1.000,3.000,0.000,0.000,0.000,0,0,0
B3_zmq_pushpull,zmq_tcp,none,none,,1,1833,512,584,1785153438294414000,1785153438294414000,1785153438294414000,1785153438294415000,1785153438294595000,1785153438294598000,1785153438294598000,1785153438294598000,121932490,121652369,-100.121,0.000,0.000,1.000,3.000,0.000,0.000,0.000,0,0,0
B3_zmq_pushpull,zmq_tcp,none,none,,1,1834,512,584,1785153438295383000,1785153438295383000,1785153438295383000,1785153438295384000,1785153438295576000,1785153438295579000,1785153438295579000,1785153438295579000,121932490,121652369,-88.121,0.000,0.000,1.000,3.000,0.000,0.000,0.000,0,0,0
B3_zmq_pushpull,zmq_tcp,none,none,,1,1835,512,584,1785153438296272000,1785153438296272000,1785153438296272000,1785153438296273000,1785153438296423000,1785153438296426000,1785153438296426000,1785153438296426000,121932490,121652369,-130.121,0.000,0.000,1.000,3.000,0.000,0.000,0.000,0,0,0
B3_zmq_pushpull,zmq_tcp,none,none,,1,1836,512,584,1785153438297418000,1785153438297418000,1785153438297418000,1785153438297419000,1785153438297534000,1785153438297537000,1785153438297537000,1785153438297537000,121932490,121652369,-165.121,0.000,0.000,1.000,3.000,0.000,0.000,0.000,0,0,0
B3_zmq_pushpull,zmq_tcp,none,none,,1,1837,512,584,1785153438298382000,1785153438298382000,1785153438298382000,1785153438298383000,1785153438298511000,1785153438298514000,1785153438298514000,1785153438298514000,121932490,121652369,-152.121,0.000,0.000,1.000,3.000,0.000,0.000,0.000,0,0,0
B3_zmq_pushpull,zmq_tcp,none,none,,1,1838,512,584,1785153438299391000,1785153438299391000,1785153438299391000,1785153438299392000,1785153438299484000,1785153438299488000,1785153438299488000,1785153438299488000,121932490,121652369,-188.121,0.000,0.000,1.000,4.000,0.000,0.000,0.000,0,0,0
B3_zmq_pushpull,zmq_tcp,none,none,,1,1839,512,584,1785153438300388000,1785153438300388000,1785153438300388000,1785153438300389000,1785153438300469000,1785153438300472000,1785153438300472000,1785153438300472000,121932490,121652369,-200.121,0.000,0.000,1.000,3.000,0.000,0.000,0.000,0,0,0
B3_zmq_pushpull,zmq_tcp,none,none,,1,1840,512,584,1785153438301391000,1785153438301391000,1785153438301391000,1785153438301392000,1785153438301585000,1785153438301588000,1785153438301588000,1785153438301588000,121932490,121652369,-87.121,0.000,0.000,1.000,3.000,0.000,0.000,0.000,0,0,0
B3_zmq_pushpull,zmq_tcp,none,none,,1,1841,512,584,1785153438302291000,1785153438302291000,1785153438302291000,1785153438302292000,1785153438302450000,1785153438302452000,1785153438302452000,1785153438302452000,121932490,121652369,-122.121,0.000,0.000,1.000,2.000,0.000,0.000,0.000,0,0,0
B3_zmq_pushpull,zmq_tcp,none,none,,1,1842,512,584,1785153438303289000,1785153438303289000,1785153438303289000,1785153438303290000,1785153438303443000,1785153438303446000,1785153438303446000,1785153438303446000,121932490,121652369,-127.121,0.000,0.000,1.000,3.000,0.000,0.000,0.000,0,0,0
B3_zmq_pushpull,zmq_tcp,none,none,,1,1843,512,584,1785153438304413000,1785153438304413000,1785153438304413000,1785153438304414000,1785153438304549000,1785153438304552000,1785153438304552000,1785153438304552000,121932490,121652369,-145.121,0.000,0.000,1.000,3.000,0.000,0.000,0.000,0,0,0
B3_zmq_pushpull,zmq_tcp,none,none,,1,1844,512,584,1785153438305384000,1785153438305384000,1785153438305384000,1785153438305385000,1785153438305527000,1785153438305530000,1785153438305530000,1785153438305530000,121932490,121652369,-138.121,0.000,0.000,1.000,3.000,0.000,0.000,0.000,0,0,0
B3_zmq_pushpull,zmq_tcp,none,none,,1,1845,512,584,1785153438306390000,1785153438306390000,1785153438306390000,1785153438306391000,1785153438306510000,1785153438306513000,1785153438306513000,1785153438306513000,121932490,121652369,-161.121,0.000,0.000,1.000,3.000,0.000,0.000,0.000,0,0,0
B3_zmq_pushpull,zmq_tcp,none,none,,1,1846,512,584,1785153438307386000,1785153438307386000,1785153438307386000,1785153438307387000,1785153438307494000,1785153438307496000,1785153438307496000,1785153438307496000,121932490,121652369,-173.121,0.000,0.000,1.000,2.000,0.000,0.000,0.000,0,0,0
B3_zmq_pushpull,zmq_tcp,none,none,,1,1847,512,584,1785153438308392000,1785153438308392000,1785153438308392000,1785153438308393000,1785153438308486000,1785153438308488000,1785153438308488000,1785153438308488000,121932490,121652369,-187.121,0.000,0.000,1.000,2.000,0.000,0.000,0.000,0,0,0
B3_zmq_pushpull,zmq_tcp,none,none,,1,1848,512,584,1785153438309387000,1785153438309387000,1785153438309387000,1785153438309388000,1785153438309480000,1785153438309483000,1785153438309483000,1785153438309483000,121932490,121652369,-188.121,0.000,0.000,1.000,3.000,0.000,0.000,0.000,0,0,0
B3_zmq_pushpull,zmq_tcp,none,none,,1,1849,512,584,1785153438310392000,1785153438310392000,1785153438310392000,1785153438310393000,1785153438310484000,1785153438310489000,1785153438310489000,1785153438310489000,121932490,121652369,-189.121,0.000,0.000,1.000,5.000,0.000,0.000,0.000,0,0,0
B3_zmq_pushpull,zmq_tcp,none,none,,1,1850,512,584,1785153438311387000,1785153438311387000,1785153438311387000,1785153438311388000,1785153438311455000,1785153438311458000,1785153438311458000,1785153438311458000,121932490,121652369,-213.121,0.000,0.000,1.000,3.000,0.000,0.000,0.000,0,0,0
B3_zmq_pushpull,zmq_tcp,none,none,,1,1851,512,584,1785153438312390000,1785153438312390000,1785153438312390000,1785153438312391000,1785153438312432000,1785153438312436000,1785153438312436000,1785153438312436000,121932490,121652369,-239.121,0.000,0.000,1.000,4.000,0.000,0.000,0.000,0,0,0
B3_zmq_pushpull,zmq_tcp,none,none,,1,1852,512,584,1785153438313389000,1785153438313389000,1785153438313389000,1785153438313390000,1785153438313554000,1785153438313563000,1785153438313563000,1785153438313563000,121932490,121652369,-116.121,0.000,0.000,1.000,9.000,0.000,0.000,0.000,0,0,0
B3_zmq_pushpull,zmq_tcp,none,none,,1,1853,512,584,1785153438314391000,1785153438314391000,1785153438314391000,1785153438314392000,1785153438314564000,1785153438314567000,1785153438314567000,1785153438314567000,121932490,121652369,-108.121,0.000,0.000,1.000,3.000,0.000,0.000,0.000,0,0,0
B3_zmq_pushpull,zmq_tcp,none,none,,1,1854,512,584,1785153438315387000,1785153438315387000,1785153438315387000,1785153438315388000,1785153438315519000,1785153438315522000,1785153438315522000,1785153438315522000,121932490,121652369,-149.121,0.000,0.000,1.000,3.000,0.000,0.000,0.000,0,0,0
B3_zmq_pushpull,zmq_tcp,none,none,,1,1855,512,584,1785153438316391000,1785153438316391000,1785153438316391000,1785153438316392000,1785153438316486000,1785153438316488000,1785153438316488000,1785153438316488000,121932490,121652369,-186.121,0.000,0.000,1.000,2.000,0.000,0.000,0.000,0,0,0
B3_zmq_pushpull,zmq_tcp,none,none,,1,1856,512,584,1785153438317389000,1785153438317389000,1785153438317389000,1785153438317390000,1785153438317454000,1785153438317457000,1785153438317457000,1785153438317457000,121932490,121652369,-216.121,0.000,0.000,1.000,3.000,0.000,0.000,0.000,0,0,0
B3_zmq_pushpull,zmq_tcp,none,none,,1,1857,512,584,1785153438318389000,1785153438318389000,1785153438318389000,1785153438318390000,1785153438318562000,1785153438318564000,1785153438318564000,1785153438318564000,121932490,121652369,-108.121,0.000,0.000,1.000,2.000,0.000,0.000,0.000,0,0,0
B3_zmq_pushpull,zmq_tcp,none,none,,1,1858,512,584,1785153438319386000,1785153438319386000,1785153438319386000,1785153438319387000,1785153438319538000,1785153438319541000,1785153438319541000,1785153438319541000,121932490,121652369,-129.121,0.000,0.000,1.000,3.000,0.000,0.000,0.000,0,0,0
B3_zmq_pushpull,zmq_tcp,none,none,,1,1859,512,584,1785153438320235000,1785153438320236000,1785153438320236000,1785153438320237000,1785153438320392000,1785153438320395000,1785153438320395000,1785153438320395000,121932490,121652369,-125.121,1.000,0.000,1.000,3.000,0.000,0.000,0.000,0,0,0
B3_zmq_pushpull,zmq_tcp,none,none,,1,1860,512,584,1785153438321225000,1785153438321225000,1785153438321225000,1785153438321226000,1785153438321386000,1785153438321388000,1785153438321389000,1785153438321389000,121932490,121652369,-120.121,0.000,0.000,1.000,2.000,1.000,0.000,0.000,0,0,0
B3_zmq_pushpull,zmq_tcp,none,none,,1,1861,512,584,1785153438322435000,1785153438322435000,1785153438322435000,1785153438322436000,1785153438322511000,1785153438322514000,1785153438322514000,1785153438322514000,121932490,121652369,-205.121,0.000,0.000,1.000,3.000,0.000,0.000,0.000,0,0,0
B3_zmq_pushpull,zmq_tcp,none,none,,1,1862,512,584,1785153438323377000,1785153438323377000,1785153438323377000,1785153438323378000,1785153438323500000,1785153438323503000,1785153438323503000,1785153438323503000,121932490,121652369,-158.121,0.000,0.000,1.000,3.000,0.000,0.000,0.000,0,0,0
B3_zmq_pushpull,zmq_tcp,none,none,,1,1863,512,584,1785153438324393000,1785153438324393000,1785153438324393000,1785153438324394000,1785153438324478000,1785153438324482000,1785153438324482000,1785153438324482000,121932490,121652369,-196.121,0.000,0.000,1.000,4.000,0.000,0.000,0.000,0,0,0
B3_zmq_pushpull,zmq_tcp,none,none,,1,1864,512,584,1785153438325389000,1785153438325389000,1785153438325389000,1785153438325390000,1785153438325459000,1785153438325462000,1785153438325462000,1785153438325462000,121932490,121652369,-211.121,0.000,0.000,1.000,3.000,0.000,0.000,0.000,0,0,0
B3_zmq_pushpull,zmq_tcp,none,none,,1,1865,512,584,1785153438326389000,1785153438326389000,1785153438326389000,1785153438326390000,1785153438326438000,1785153438326441000,1785153438326441000,1785153438326441000,121932490,121652369,-232.121,0.000,0.000,1.000,3.000,0.000,0.000,0.000,0,0,0
B3_zmq_pushpull,zmq_tcp,none,none,,1,1866,512,584,1785153438327390000,1785153438327391000,1785153438327391000,1785153438327392000,1785153438327560000,1785153438327563000,1785153438327563000,1785153438327563000,121932490,121652369,-112.121,1.000,0.000,1.000,3.000,0.000,0.000,0.000,0,0,0
B3_zmq_pushpull,zmq_tcp,none,none,,1,1867,512,584,1785153438328391000,1785153438328391000,1785153438328391000,1785153438328392000,1785153438328561000,1785153438328563000,1785153438328563000,1785153438328563000,121932490,121652369,-111.121,0.000,0.000,1.000,2.000,0.000,0.000,0.000,0,0,0
B3_zmq_pushpull,zmq_tcp,none,none,,1,1868,512,584,1785153438329390000,1785153438329391000,1785153438329391000,1785153438329392000,1785153438329541000,1785153438329544000,1785153438329545000,1785153438329545000,121932490,121652369,-131.121,1.000,0.000,1.000,3.000,1.000,0.000,0.000,0,0,0
B3_zmq_pushpull,zmq_tcp,none,none,,1,1869,512,584,1785153438330250000,1785153438330251000,1785153438330251000,1785153438330252000,1785153438330413000,1785153438330415000,1785153438330415000,1785153438330415000,121932490,121652369,-119.121,1.000,0.000,1.000,2.000,0.000,0.000,0.000,0,0,0
B3_zmq_pushpull,zmq_tcp,none,none,,1,1870,512,584,1785153438331424000,1785153438331425000,1785153438331425000,1785153438331426000,1785153438331532000,1785153438331535000,1785153438331535000,1785153438331535000,121932490,121652369,-174.121,1.000,0.000,1.000,3.000,0.000,0.000,0.000,0,0,0
B3_zmq_pushpull,zmq_tcp,none,none,,1,1871,512,584,1785153438332381000,1785153438332381000,1785153438332381000,1785153438332382000,1785153438332500000,1785153438332503000,1785153438332503000,1785153438332503000,121932490,121652369,-162.121,0.000,0.000,1.000,3.000,0.000,0.000,0.000,0,0,0
B3_zmq_pushpull,zmq_tcp,none,none,,1,1872,512,584,1785153438333392000,1785153438333392000,1785153438333392000,1785153438333393000,1785153438333458000,1785153438333460000,1785153438333460000,1785153438333460000,121932490,121652369,-215.121,0.000,0.000,1.000,2.000,0.000,0.000,0.000,0,0,0
B3_zmq_pushpull,zmq_tcp,none,none,,1,1873,512,584,1785153438334389000,1785153438334389000,1785153438334389000,1785153438334390000,1785153438334444000,1785153438334447000,1785153438334447000,1785153438334447000,121932490,121652369,-226.121,0.000,0.000,1.000,3.000,0.000,0.000,0.000,0,0,0
B3_zmq_pushpull,zmq_tcp,none,none,,1,1874,512,584,1785153438335389000,1785153438335389000,1785153438335389000,1785153438335390000,1785153438335453000,1785153438335455000,1785153438335455000,1785153438335455000,121932490,121652369,-217.121,0.000,0.000,1.000,2.000,0.000,0.000,0.000,0,0,0
B3_zmq_pushpull,zmq_tcp,none,none,,1,1875,512,584,1785153438336392000,1785153438336392000,1785153438336392000,1785153438336393000,1785153438336449000,1785153438336452000,1785153438336452000,1785153438336452000,121932490,121652369,-224.121,0.000,0.000,1.000,3.000,0.000,0.000,0.000,0,0,0
B3_zmq_pushpull,zmq_tcp,none,none,,1,1876,512,584,1785153438337273000,1785153438337273000,1785153438337273000,1785153438337274000,1785153438337429000,1785153438337431000,1785153438337431000,1785153438337431000,121932490,121652369,-125.121,0.000,0.000,1.000,2.000,0.000,0.000,0.000,0,0,0
B3_zmq_pushpull,zmq_tcp,none,none,,1,1877,512,584,1785153438338261000,1785153438338262000,1785153438338262000,1785153438338263000,1785153438338414000,1785153438338417000,1785153438338417000,1785153438338417000,121932490,121652369,-129.121,1.000,0.000,1.000,3.000,0.000,0.000,0.000,0,0,0
B3_zmq_pushpull,zmq_tcp,none,none,,1,1878,512,584,1785153438339251000,1785153438339251000,1785153438339251000,1785153438339252000,1785153438339403000,1785153438339406000,1785153438339406000,1785153438339406000,121932490,121652369,-129.121,0.000,0.000,1.000,3.000,0.000,0.000,0.000,0,0,0
B3_zmq_pushpull,zmq_tcp,none,none,,1,1879,512,584,1785153438340239000,1785153438340239000,1785153438340239000,1785153438340240000,1785153438340390000,1785153438340393000,1785153438340393000,1785153438340393000,121932490,121652369,-130.121,0.000,0.000,1.000,3.000,0.000,0.000,0.000,0,0,0
B3_zmq_pushpull,zmq_tcp,none,none,,1,1880,512,584,1785153438341223000,1785153438341224000,1785153438341224000,1785153438341225000,1785153438341371000,1785153438341373000,1785153438341373000,1785153438341373000,121932490,121652369,-134.121,1.000,0.000,1.000,2.000,0.000,0.000,0.000,0,0,0
B3_zmq_pushpull,zmq_tcp,none,none,,1,1881,512,584,1785153438342208000,1785153438342208000,1785153438342208000,1785153438342209000,1785153438342355000,1785153438342363000,1785153438342363000,1785153438342363000,121932490,121652369,-134.121,0.000,0.000,1.000,8.000,0.000,0.000,0.000,0,0,0
B3_zmq_pushpull,zmq_tcp,none,none,,1,1882,512,584,1785153438343435000,1785153438343435000,1785153438343435000,1785153438343436000,1785153438343613000,1785153438343615000,1785153438343615000,1785153438343615000,121932490,121652369,-103.121,0.000,0.000,1.000,2.000,0.000,0.000,0.000,0,0,0
B3_zmq_pushpull,zmq_tcp,none,none,,1,1883,512,584,1785153438344380000,1785153438344380000,1785153438344380000,1785153438344381000,1785153438344457000,1785153438344459000,1785153438344459000,1785153438344460000,121932490,121652369,-204.121,0.000,0.000,1.000,2.000,0.000,1.000,0.000,0,0,0
B3_zmq_pushpull,zmq_tcp,none,none,,1,1884,512,584,1785153438345390000,1785153438345390000,1785153438345390000,1785153438345391000,1785153438345449000,1785153438345452000,1785153438345452000,1785153438345452000,121932490,121652369,-222.121,0.000,0.000,1.000,3.000,0.000,0.000,0.000,0,0,0
B3_zmq_pushpull,zmq_tcp,none,none,,1,1885,512,584,1785153438346280000,1785153438346280000,1785153438346280000,1785153438346281000,1785153438346434000,1785153438346437000,1785153438346437000,1785153438346437000,121932490,121652369,-127.121,0.000,0.000,1.000,3.000,0.000,0.000,0.000,0,0,0
B3_zmq_pushpull,zmq_tcp,none,none,,1,1886,512,584,1785153438347417000,1785153438347417000,1785153438347417000,1785153438347418000,1785153438347545000,1785153438347547000,1785153438347547000,1785153438347547000,121932490,121652369,-153.121,0.000,0.000,1.000,2.000,0.000,0.000,0.000,0,0,0
B3_zmq_pushpull,zmq_tcp,none,none,,1,1887,512,584,1785153438348381000,1785153438348381000,1785153438348381000,1785153438348382000,1785153438348534000,1785153438348537000,1785153438348537000,1785153438348537000,121932490,121652369,-128.121,0.000,0.000,1.000,3.000,0.000,0.000,0.000,0,0,0
B3_zmq_pushpull,zmq_tcp,none,none,,1,1888,512,584,1785153438349217000,1785153438349218000,1785153438349218000,1785153438349219000,1785153438349374000,1785153438349377000,1785153438349377000,1785153438349377000,121932490,121652369,-125.121,1.000,0.000,1.000,3.000,0.000,0.000,0.000,0,0,0
B3_zmq_pushpull,zmq_tcp,none,none,,1,1889,512,584,1785153438350208000,1785153438350208000,1785153438350208000,1785153438350209000,1785153438350369000,1785153438350371000,1785153438350371000,1785153438350371000,121932490,121652369,-120.121,0.000,0.000,1.000,2.000,0.000,0.000,0.000,0,0,0
B3_zmq_pushpull,zmq_tcp,none,none,,1,1890,512,584,1785153438351436000,1785153438351437000,1785153438351437000,1785153438351438000,1785153438351623000,1785153438351626000,1785153438351626000,1785153438351626000,121932490,121652369,-95.121,1.000,0.000,1.000,3.000,0.000,0.000,0.000,0,0,0
B3_zmq_pushpull,zmq_tcp,none,none,,1,1891,512,584,1785153438352377000,1785153438352377000,1785153438352377000,1785153438352378000,1785153438352465000,1785153438352467000,1785153438352467000,1785153438352467000,121932490,121652369,-193.121,0.000,0.000,1.000,2.000,0.000,0.000,0.000,0,0,0
B3_zmq_pushpull,zmq_tcp,none,none,,1,1892,512,584,1785153438353393000,1785153438353393000,1785153438353393000,1785153438353394000,1785153438353438000,1785153438353441000,1785153438353441000,1785153438353441000,121932490,121652369,-236.121,0.000,0.000,1.000,3.000,0.000,0.000,0.000,0,0,0
B3_zmq_pushpull,zmq_tcp,none,none,,1,1893,512,584,1785153438354389000,1785153438354389000,1785153438354389000,1785153438354390000,1785153438354561000,1785153438354563000,1785153438354563000,1785153438354563000,121932490,121652369,-109.121,0.000,0.000,1.000,2.000,0.000,0.000,0.000,0,0,0
B3_zmq_pushpull,zmq_tcp,none,none,,1,1894,512,584,1785153438355389000,1785153438355390000,1785153438355390000,1785153438355391000,1785153438355558000,1785153438355561000,1785153438355561000,1785153438355561000,121932490,121652369,-113.121,1.000,0.000,1.000,3.000,0.000,0.000,0.000,0,0,0
B3_zmq_pushpull,zmq_tcp,none,none,,1,1895,512,584,1785153438356389000,1785153438356389000,1785153438356389000,1785153438356390000,1785153438356549000,1785153438356551000,1785153438356551000,1785153438356551000,121932490,121652369,-121.121,0.000,0.000,1.000,2.000,0.000,0.000,0.000,0,0,0
B3_zmq_pushpull,zmq_tcp,none,none,,1,1896,512,584,1785153438357392000,1785153438357392000,1785153438357392000,1785153438357393000,1785153438357551000,1785153438357554000,1785153438357554000,1785153438357554000,121932490,121652369,-122.121,0.000,0.000,1.000,3.000,0.000,0.000,0.000,0,0,0
B3_zmq_pushpull,zmq_tcp,none,none,,1,1897,512,584,1785153438358389000,1785153438358389000,1785153438358389000,1785153438358390000,1785153438358555000,1785153438358558000,1785153438358558000,1785153438358558000,121932490,121652369,-115.121,0.000,0.000,1.000,3.000,0.000,0.000,0.000,0,0,0
B3_zmq_pushpull,zmq_tcp,none,none,,1,1898,512,584,1785153438359390000,1785153438359390000,1785153438359390000,1785153438359391000,1785153438359530000,1785153438359533000,1785153438359533000,1785153438359533000,121932490,121652369,-141.121,0.000,0.000,1.000,3.000,0.000,0.000,0.000,0,0,0
B3_zmq_pushpull,zmq_tcp,none,none,,1,1899,512,584,1785153438360386000,1785153438360386000,1785153438360386000,1785153438360387000,1785153438360518000,1785153438360521000,1785153438360521000,1785153438360521000,121932490,121652369,-149.121,0.000,0.000,1.000,3.000,0.000,0.000,0.000,0,0,0
B3_zmq_pushpull,zmq_tcp,none,none,,1,1900,512,584,1785153438361390000,1785153438361390000,1785153438361390000,1785153438361391000,1785153438361478000,1785153438361481000,1785153438361481000,1785153438361481000,121932490,121652369,-193.121,0.000,0.000,1.000,3.000,0.000,0.000,0.000,0,0,0
B3_zmq_pushpull,zmq_tcp,none,none,,1,1901,512,584,1785153438362389000,1785153438362389000,1785153438362389000,1785153438362390000,1785153438362479000,1785153438362482000,1785153438362482000,1785153438362482000,121932490,121652369,-191.121,0.000,0.000,1.000,3.000,0.000,0.000,0.000,0,0,0
B3_zmq_pushpull,zmq_tcp,none,none,,1,1902,512,584,1785153438363393000,1785153438363393000,1785153438363394000,1785153438363394000,1785153438363464000,1785153438363467000,1785153438363467000,1785153438363467000,121932490,121652369,-210.121,0.000,1.000,0.000,3.000,0.000,0.000,0.000,0,0,0
B3_zmq_pushpull,zmq_tcp,none,none,,1,1903,512,584,1785153438364385000,1785153438364385000,1785153438364385000,1785153438364386000,1785153438364573000,1785153438364576000,1785153438364576000,1785153438364576000,121932490,121652369,-93.121,0.000,0.000,1.000,3.000,0.000,0.000,0.000,0,0,0
B3_zmq_pushpull,zmq_tcp,none,none,,1,1904,512,584,1785153438365263000,1785153438365263000,1785153438365263000,1785153438365264000,1785153438365419000,1785153438365422000,1785153438365422000,1785153438365422000,121932490,121652369,-125.121,0.000,0.000,1.000,3.000,0.000,0.000,0.000,0,0,0
B3_zmq_pushpull,zmq_tcp,none,none,,1,1905,512,584,1785153438366422000,1785153438366422000,1785153438366422000,1785153438366423000,1785153438366522000,1785153438366525000,1785153438366525000,1785153438366525000,121932490,121652369,-181.121,0.000,0.000,1.000,3.000,0.000,0.000,0.000,0,0,0
B3_zmq_pushpull,zmq_tcp,none,none,,1,1906,512,584,1785153438367378000,1785153438367378000,1785153438367378000,1785153438367379000,1785153438367510000,1785153438367513000,1785153438367513000,1785153438367513000,121932490,121652369,-149.121,0.000,0.000,1.000,3.000,0.000,0.000,0.000,0,0,0
B3_zmq_pushpull,zmq_tcp,none,none,,1,1907,512,584,1785153438368195000,1785153438368195000,1785153438368195000,1785153438368196000,1785153438368325000,1785153438368328000,1785153438368328000,1785153438368328000,121932490,121652369,-151.121,0.000,0.000,1.000,3.000,0.000,0.000,0.000,0,0,0
B3_zmq_pushpull,zmq_tcp,none,none,,1,1908,512,584,1785153438369299000,1785153438369299000,1785153438369299000,1785153438369300000,1785153438369457000,1785153438369459000,1785153438369459000,1785153438369459000,121932490,121652369,-123.121,0.000,0.000,1.000,2.000,0.000,0.000,0.000,0,0,0
B3_zmq_pushpull,zmq_tcp,none,none,,1,1909,512,584,1785153438370412000,1785153438370412000,1785153438370412000,1785153438370413000,1785153438370579000,1785153438370582000,1785153438370582000,1785153438370582000,121932490,121652369,-114.121,0.000,0.000,1.000,3.000,0.000,0.000,0.000,0,0,0
B3_zmq_pushpull,zmq_tcp,none,none,,1,1910,512,584,1785153438371386000,1785153438371386000,1785153438371386000,1785153438371387000,1785153438371575000,1785153438371578000,1785153438371578000,1785153438371578000,121932490,121652369,-92.121,0.000,0.000,1.000,3.000,0.000,0.000,0.000,0,0,0
B3_zmq_pushpull,zmq_tcp,none,none,,1,1911,512,584,1785153438372254000,1785153438372254000,1785153438372254000,1785153438372255000,1785153438372414000,1785153438372417000,1785153438372417000,1785153438372417000,121932490,121652369,-121.121,0.000,0.000,1.000,3.000,0.000,0.000,0.000,0,0,0
B3_zmq_pushpull,zmq_tcp,none,none,,1,1912,512,584,1785153438373424000,1785153438373424000,1785153438373424000,1785153438373425000,1785153438373539000,1785153438373542000,1785153438373542000,1785153438373542000,121932490,121652369,-166.121,0.000,0.000,1.000,3.000,0.000,0.000,0.000,0,0,0
B3_zmq_pushpull,zmq_tcp,none,none,,1,1913,512,584,1785153438374378000,1785153438374378000,1785153438374378000,1785153438374379000,1785153438374505000,1785153438374507000,1785153438374507000,1785153438374507000,121932490,121652369,-154.121,0.000,0.000,1.000,2.000,0.000,0.000,0.000,0,0,0
B3_zmq_pushpull,zmq_tcp,none,none,,1,1914,512,584,1785153438375392000,1785153438375392000,1785153438375392000,1785153438375393000,1785153438375477000,1785153438375480000,1785153438375480000,1785153438375480000,121932490,121652369,-196.121,0.000,0.000,1.000,3.000,0.000,0.000,0.000,0,0,0
B3_zmq_pushpull,zmq_tcp,none,none,,1,1915,512,584,1785153438376389000,1785153438376389000,1785153438376389000,1785153438376390000,1785153438376446000,1785153438376450000,1785153438376450000,1785153438376450000,121932490,121652369,-224.121,0.000,0.000,1.000,4.000,0.000,0.000,0.000,0,0,0
B3_zmq_pushpull,zmq_tcp,none,none,,1,1916,512,584,1785153438377300000,1785153438377300000,1785153438377300000,1785153438377301000,1785153438377458000,1785153438377461000,1785153438377461000,1785153438377461000,121932490,121652369,-123.121,0.000,0.000,1.000,3.000,0.000,0.000,0.000,0,0,0
B3_zmq_pushpull,zmq_tcp,none,none,,1,1917,512,584,1785153438378284000,1785153438378284000,1785153438378284000,1785153438378285000,1785153438378431000,1785153438378434000,1785153438378434000,1785153438378434000,121932490,121652369,-134.121,0.000,0.000,1.000,3.000,0.000,0.000,0.000,0,0,0
B3_zmq_pushpull,zmq_tcp,none,none,,1,1918,512,584,1785153438379416000,1785153438379416000,1785153438379416000,1785153438379417000,1785153438379557000,1785153438379559000,1785153438379559000,1785153438379559000,121932490,121652369,-140.121,0.000,0.000,1.000,2.000,0.000,0.000,0.000,0,0,0
B3_zmq_pushpull,zmq_tcp,none,none,,1,1919,512,584,1785153438380382000,1785153438380383000,1785153438380383000,1785153438380384000,1785153438380551000,1785153438380554000,1785153438380554000,1785153438380554000,121932490,121652369,-113.121,1.000,0.000,1.000,3.000,0.000,0.000,0.000,0,0,0
B3_zmq_pushpull,zmq_tcp,none,none,,1,1920,512,584,1785153438381389000,1785153438381389000,1785153438381389000,1785153438381390000,1785153438381519000,1785153438381522000,1785153438381522000,1785153438381522000,121932490,121652369,-151.121,0.000,0.000,1.000,3.000,0.000,0.000,0.000,0,0,0
B3_zmq_pushpull,zmq_tcp,none,none,,1,1921,512,584,1785153438382389000,1785153438382389000,1785153438382389000,1785153438382390000,1785153438382495000,1785153438382498000,1785153438382498000,1785153438382498000,121932490,121652369,-175.121,0.000,0.000,1.000,3.000,0.000,0.000,0.000,0,0,0
B3_zmq_pushpull,zmq_tcp,none,none,,1,1922,512,584,1785153438383391000,1785153438383391000,1785153438383391000,1785153438383392000,1785153438383477000,1785153438383479000,1785153438383479000,1785153438383479000,121932490,121652369,-195.121,0.000,0.000,1.000,2.000,0.000,0.000,0.000,0,0,0
B3_zmq_pushpull,zmq_tcp,none,none,,1,1923,512,584,1785153438384385000,1785153438384385000,1785153438384385000,1785153438384386000,1785153438384469000,1785153438384471000,1785153438384471000,1785153438384471000,121932490,121652369,-197.121,0.000,0.000,1.000,2.000,0.000,0.000,0.000,0,0,0
B3_zmq_pushpull,zmq_tcp,none,none,,1,1924,512,584,1785153438385393000,1785153438385393000,1785153438385393000,1785153438385394000,1785153438385579000,1785153438385582000,1785153438385582000,1785153438385582000,121932490,121652369,-95.121,0.000,0.000,1.000,3.000,0.000,0.000,0.000,0,0,0
B3_zmq_pushpull,zmq_tcp,none,none,,1,1925,512,584,1785153438386388000,1785153438386388000,1785153438386388000,1785153438386389000,1785153438386558000,1785153438386561000,1785153438386561000,1785153438386561000,121932490,121652369,-111.121,0.000,0.000,1.000,3.000,0.000,0.000,0.000,0,0,0
B3_zmq_pushpull,zmq_tcp,none,none,,1,1926,512,584,1785153438387263000,1785153438387263000,1785153438387263000,1785153438387264000,1785153438387415000,1785153438387418000,1785153438387418000,1785153438387418000,121932490,121652369,-129.121,0.000,0.000,1.000,3.000,0.000,0.000,0.000,0,0,0
B3_zmq_pushpull,zmq_tcp,none,none,,1,1927,512,584,1785153438388250000,1785153438388250000,1785153438388250000,1785153438388251000,1785153438388394000,1785153438388397000,1785153438388397000,1785153438388397000,121932490,121652369,-137.121,0.000,0.000,1.000,3.000,0.000,0.000,0.000,0,0,0
B3_zmq_pushpull,zmq_tcp,none,none,,1,1928,512,584,1785153438389426000,1785153438389426000,1785153438389426000,1785153438389427000,1785153438389524000,1785153438389526000,1785153438389526000,1785153438389526000,121932490,121652369,-183.121,0.000,0.000,1.000,2.000,0.000,0.000,0.000,0,0,0
B3_zmq_pushpull,zmq_tcp,none,none,,1,1929,512,584,1785153438390381000,1785153438390381000,1785153438390381000,1785153438390382000,1785153438390510000,1785153438390513000,1785153438390513000,1785153438390513000,121932490,121652369,-152.121,0.000,0.000,1.000,3.000,0.000,0.000,0.000,0,0,0
B3_zmq_pushpull,zmq_tcp,none,none,,1,1930,512,584,1785153438391394000,1785153438391395000,1785153438391395000,1785153438391396000,1785153438391513000,1785153438391515000,1785153438391515000,1785153438391515000,121932490,121652369,-163.121,1.000,0.000,1.000,2.000,0.000,0.000,0.000,0,0,0
B3_zmq_pushpull,zmq_tcp,none,none,,1,1931,512,584,1785153438392388000,1785153438392389000,1785153438392389000,1785153438392390000,1785153438392494000,1785153438392497000,1785153438392497000,1785153438392497000,121932490,121652369,-176.121,1.000,0.000,1.000,3.000,0.000,0.000,0.000,0,0,0
B3_zmq_pushpull,zmq_tcp,none,none,,1,1932,512,584,1785153438393391000,1785153438393391000,1785153438393391000,1785153438393392000,1785153438393492000,1785153438393494000,1785153438393494000,1785153438393494000,121932490,121652369,-180.121,0.000,0.000,1.000,2.000,0.000,0.000,0.000,0,0,0
B3_zmq_pushpull,zmq_tcp,none,none,,1,1933,512,584,1785153438394386000,1785153438394386000,1785153438394386000,1785153438394387000,1785153438394483000,1785153438394486000,1785153438394486000,1785153438394486000,121932490,121652369,-184.121,0.000,0.000,1.000,3.000,0.000,0.000,0.000,0,0,0
B3_zmq_pushpull,zmq_tcp,none,none,,1,1934,512,584,1785153438395391000,1785153438395391000,1785153438395391000,1785153438395392000,1785153438395452000,1785153438395455000,1785153438395455000,1785153438395455000,121932490,121652369,-220.121,0.000,0.000,1.000,3.000,0.000,0.000,0.000,0,0,0
B3_zmq_pushpull,zmq_tcp,none,none,,1,1935,512,584,1785153438396390000,1785153438396390000,1785153438396390000,1785153438396391000,1785153438396444000,1785153438396447000,1785153438396447000,1785153438396447000,121932490,121652369,-227.121,0.000,0.000,1.000,3.000,0.000,0.000,0.000,0,0,0
B3_zmq_pushpull,zmq_tcp,none,none,,1,1936,512,584,1785153438397390000,1785153438397390000,1785153438397390000,1785153438397391000,1785153438397569000,1785153438397571000,1785153438397571000,1785153438397571000,121932490,121652369,-102.121,0.000,0.000,1.000,2.000,0.000,0.000,0.000,0,0,0
B3_zmq_pushpull,zmq_tcp,none,none,,1,1937,512,584,1785153438398387000,1785153438398387000,1785153438398387000,1785153438398388000,1785153438398524000,1785153438398527000,1785153438398527000,1785153438398527000,121932490,121652369,-144.121,0.000,0.000,1.000,3.000,0.000,0.000,0.000,0,0,0
B3_zmq_pushpull,zmq_tcp,none,none,,1,1938,512,584,1785153438399228000,1785153438399228000,1785153438399228000,1785153438399229000,1785153438399383000,1785153438399386000,1785153438399386000,1785153438399386000,121932490,121652369,-126.121,0.000,0.000,1.000,3.000,0.000,0.000,0.000,0,0,0
B3_zmq_pushpull,zmq_tcp,none,none,,1,1939,512,584,1785153438400224000,1785153438400224000,1785153438400224000,1785153438400225000,1785153438400382000,1785153438400385000,1785153438400385000,1785153438400385000,121932490,121652369,-123.121,0.000,0.000,1.000,3.000,0.000,0.000,0.000,0,0,0
B3_zmq_pushpull,zmq_tcp,none,none,,1,1940,512,584,1785153438401206000,1785153438401206000,1785153438401206000,1785153438401207000,1785153438401358000,1785153438401362000,1785153438401362000,1785153438401362000,121932490,121652369,-129.121,0.000,0.000,1.000,4.000,0.000,0.000,0.000,0,0,0
B3_zmq_pushpull,zmq_tcp,none,none,,1,1941,512,584,1785153438402434000,1785153438402434000,1785153438402434000,1785153438402435000,1785153438402481000,1785153438402484000,1785153438402485000,1785153438402485000,121932490,121652369,-234.121,0.000,0.000,1.000,3.000,1.000,0.000,0.000,0,0,0
B3_zmq_pushpull,zmq_tcp,none,none,,1,1942,512,584,1785153438403378000,1785153438403379000,1785153438403379000,1785153438403380000,1785153438403467000,1785153438403470000,1785153438403470000,1785153438403471000,121932490,121652369,-193.121,1.000,0.000,1.000,3.000,0.000,1.000,0.000,0,0,0
B3_zmq_pushpull,zmq_tcp,none,none,,1,1943,512,584,1785153438404278000,1785153438404278000,1785153438404278000,1785153438404279000,1785153438404425000,1785153438404427000,1785153438404427000,1785153438404427000,121932490,121652369,-134.121,0.000,0.000,1.000,2.000,0.000,0.000,0.000,0,0,0
B3_zmq_pushpull,zmq_tcp,none,none,,1,1944,512,584,1785153438405266000,1785153438405266000,1785153438405266000,1785153438405267000,1785153438405426000,1785153438405429000,1785153438405429000,1785153438405429000,121932490,121652369,-121.121,0.000,0.000,1.000,3.000,0.000,0.000,0.000,0,0,0
B3_zmq_pushpull,zmq_tcp,none,none,,1,1945,512,584,1785153438406420000,1785153438406420000,1785153438406420000,1785153438406421000,1785153438406557000,1785153438406560000,1785153438406560000,1785153438406560000,121932490,121652369,-144.121,0.000,0.000,1.000,3.000,0.000,0.000,0.000,0,0,0
B3_zmq_pushpull,zmq_tcp,none,none,,1,1946,512,584,1785153438407382000,1785153438407382000,1785153438407382000,1785153438407383000,1785153438407541000,1785153438407544000,1785153438407544000,1785153438407544000,121932490,121652369,-122.121,0.000,0.000,1.000,3.000,0.000,0.000,0.000,0,0,0
B3_zmq_pushpull,zmq_tcp,none,none,,1,1947,512,584,1785153438408391000,1785153438408391000,1785153438408391000,1785153438408392000,1785153438408526000,1785153438408529000,1785153438408529000,1785153438408529000,121932490,121652369,-146.121,0.000,0.000,1.000,3.000,0.000,0.000,0.000,0,0,0
B3_zmq_pushpull,zmq_tcp,none,none,,1,1948,512,584,1785153438409389000,1785153438409389000,1785153438409389000,1785153438409390000,1785153438409512000,1785153438409514000,1785153438409514000,1785153438409514000,121932490,121652369,-158.121,0.000,0.000,1.000,2.000,0.000,0.000,0.000,0,0,0
B3_zmq_pushpull,zmq_tcp,none,none,,1,1949,512,584,1785153438410353000,1785153438410353000,1785153438410353000,1785153438410354000,1785153438410496000,1785153438410499000,1785153438410499000,1785153438410499000,121932490,121652369,-138.121,0.000,0.000,1.000,3.000,0.000,0.000,0.000,0,0,0
B3_zmq_pushpull,zmq_tcp,none,none,,1,1950,512,584,1785153438411198000,1785153438411198000,1785153438411198000,1785153438411199000,1785153438411354000,1785153438411357000,1785153438411357000,1785153438411357000,121932490,121652369,-125.121,0.000,0.000,1.000,3.000,0.000,0.000,0.000,0,0,0
B3_zmq_pushpull,zmq_tcp,none,none,,1,1951,512,584,1785153438412198000,1785153438412198000,1785153438412198000,1785153438412199000,1785153438412356000,1785153438412358000,1785153438412358000,1785153438412358000,121932490,121652369,-123.121,0.000,0.000,1.000,2.000,0.000,0.000,0.000,0,0,0
B3_zmq_pushpull,zmq_tcp,none,none,,1,1952,512,584,1785153438413439000,1785153438413440000,1785153438413440000,1785153438413441000,1785153438413606000,1785153438413609000,1785153438413609000,1785153438413609000,121932490,121652369,-115.121,1.000,0.000,1.000,3.000,0.000,0.000,0.000,0,0,0
B3_zmq_pushpull,zmq_tcp,none,none,,1,1953,512,584,1785153438414377000,1785153438414378000,1785153438414378000,1785153438414379000,1785153438414440000,1785153438414443000,1785153438414443000,1785153438414443000,121932490,121652369,-219.121,1.000,0.000,1.000,3.000,0.000,0.000,0.000,0,0,0
B3_zmq_pushpull,zmq_tcp,none,none,,1,1954,512,584,1785153438415279000,1785153438415279000,1785153438415279000,1785153438415280000,1785153438415430000,1785153438415433000,1785153438415433000,1785153438415433000,121932490,121652369,-130.121,0.000,0.000,1.000,3.000,0.000,0.000,0.000,0,0,0
B3_zmq_pushpull,zmq_tcp,none,none,,1,1955,512,584,1785153438416247000,1785153438416248000,1785153438416248000,1785153438416249000,1785153438416392000,1785153438416394000,1785153438416394000,1785153438416394000,121932490,121652369,-137.121,1.000,0.000,1.000,2.000,0.000,0.000,0.000,0,0,0
B3_zmq_pushpull,zmq_tcp,none,none,,1,1956,512,584,1785153438417426000,1785153438417426000,1785153438417426000,1785153438417427000,1785153438417505000,1785153438417509000,1785153438417509000,1785153438417509000,121932490,121652369,-202.121,0.000,0.000,1.000,4.000,0.000,0.000,0.000,0,0,0
B3_zmq_pushpull,zmq_tcp,none,none,,1,1957,512,584,1785153438418378000,1785153438418379000,1785153438418379000,1785153438418380000,1785153438418474000,1785153438418477000,1785153438418477000,1785153438418477000,121932490,121652369,-186.121,1.000,0.000,1.000,3.000,0.000,0.000,0.000,0,0,0
B3_zmq_pushpull,zmq_tcp,none,none,,1,1958,512,584,1785153438419392000,1785153438419392000,1785153438419392000,1785153438419393000,1785153438419457000,1785153438419460000,1785153438419460000,1785153438419460000,121932490,121652369,-216.121,0.000,0.000,1.000,3.000,0.000,0.000,0.000,0,0,0
B3_zmq_pushpull,zmq_tcp,none,none,,1,1959,512,584,1785153438420288000,1785153438420288000,1785153438420288000,1785153438420289000,1785153438420449000,1785153438420452000,1785153438420452000,1785153438420452000,121932490,121652369,-120.121,0.000,0.000,1.000,3.000,0.000,0.000,0.000,0,0,0
B3_zmq_pushpull,zmq_tcp,none,none,,1,1960,512,584,1785153438421417000,1785153438421417000,1785153438421417000,1785153438421418000,1785153438421577000,1785153438421580000,1785153438421580000,1785153438421580000,121932490,121652369,-121.121,0.000,0.000,1.000,3.000,0.000,0.000,0.000,0,0,0
B3_zmq_pushpull,zmq_tcp,none,none,,1,1961,512,584,1785153438422381000,1785153438422381000,1785153438422381000,1785153438422382000,1785153438422552000,1785153438422557000,1785153438422557000,1785153438422557000,121932490,121652369,-110.121,0.000,0.000,1.000,5.000,0.000,0.000,0.000,0,0,0
B3_zmq_pushpull,zmq_tcp,none,none,,1,1962,512,584,1785153438423249000,1785153438423249000,1785153438423249000,1785153438423250000,1785153438423382000,1785153438423385000,1785153438423385000,1785153438423385000,121932490,121652369,-148.121,0.000,0.000,1.000,3.000,0.000,0.000,0.000,0,0,0
B3_zmq_pushpull,zmq_tcp,none,none,,1,1963,512,584,1785153438424425000,1785153438424425000,1785153438424425000,1785153438424426000,1785153438424492000,1785153438424494000,1785153438424494000,1785153438424494000,121932490,121652369,-214.121,0.000,0.000,1.000,2.000,0.000,0.000,0.000,0,0,0
B3_zmq_pushpull,zmq_tcp,none,none,,1,1964,512,584,1785153438425377000,1785153438425378000,1785153438425378000,1785153438425379000,1785153438425473000,1785153438425476000,1785153438425476000,1785153438425476000,121932490,121652369,-186.121,1.000,0.000,1.000,3.000,0.000,0.000,0.000,0,0,0
B3_zmq_pushpull,zmq_tcp,none,none,,1,1965,512,584,1785153438426396000,1785153438426396000,1785153438426396000,1785153438426397000,1785153438426463000,1785153438426466000,1785153438426466000,1785153438426466000,121932490,121652369,-214.121,0.000,0.000,1.000,3.000,0.000,0.000,0.000,0,0,0
B3_zmq_pushpull,zmq_tcp,none,none,,1,1966,512,584,1785153438427388000,1785153438427388000,1785153438427388000,1785153438427389000,1785153438427576000,1785153438427578000,1785153438427578000,1785153438427578000,121932490,121652369,-93.121,0.000,0.000,1.000,2.000,0.000,0.000,0.000,0,0,0
B3_zmq_pushpull,zmq_tcp,none,none,,1,1967,512,584,1785153438428391000,1785153438428391000,1785153438428391000,1785153438428392000,1785153438428570000,1785153438428573000,1785153438428573000,1785153438428573000,121932490,121652369,-102.121,0.000,0.000,1.000,3.000,0.000,0.000,0.000,0,0,0
B3_zmq_pushpull,zmq_tcp,none,none,,1,1968,512,584,1785153438429260000,1785153438429261000,1785153438429261000,1785153438429262000,1785153438429413000,1785153438429416000,1785153438429416000,1785153438429416000,121932490,121652369,-129.121,1.000,0.000,1.000,3.000,0.000,0.000,0.000,0,0,0
B3_zmq_pushpull,zmq_tcp,none,none,,1,1969,512,584,1785153438430250000,1785153438430250000,1785153438430250000,1785153438430251000,1785153438430400000,1785153438430403000,1785153438430403000,1785153438430403000,121932490,121652369,-131.121,0.000,0.000,1.000,3.000,0.000,0.000,0.000,0,0,0
B3_zmq_pushpull,zmq_tcp,none,none,,1,1970,512,584,1785153438431425000,1785153438431425000,1785153438431425000,1785153438431426000,1785153438431502000,1785153438431505000,1785153438431505000,1785153438431505000,121932490,121652369,-204.121,0.000,0.000,1.000,3.000,0.000,0.000,0.000,0,0,0
B3_zmq_pushpull,zmq_tcp,none,none,,1,1971,512,584,1785153438432380000,1785153438432380000,1785153438432380000,1785153438432381000,1785153438432489000,1785153438432492000,1785153438432492000,1785153438432492000,121932490,121652369,-172.121,0.000,0.000,1.000,3.000,0.000,0.000,0.000,0,0,0
B3_zmq_pushpull,zmq_tcp,none,none,,1,1972,512,584,1785153438433392000,1785153438433392000,1785153438433392000,1785153438433393000,1785153438433463000,1785153438433465000,1785153438433465000,1785153438433465000,121932490,121652369,-210.121,0.000,0.000,1.000,2.000,0.000,0.000,0.000,0,0,0
B3_zmq_pushpull,zmq_tcp,none,none,,1,1973,512,584,1785153438434390000,1785153438434390000,1785153438434390000,1785153438434391000,1785153438434446000,1785153438434449000,1785153438434449000,1785153438434449000,121932490,121652369,-225.121,0.000,0.000,1.000,3.000,0.000,0.000,0.000,0,0,0
B3_zmq_pushpull,zmq_tcp,none,none,,1,1974,512,584,1785153438435269000,1785153438435269000,1785153438435269000,1785153438435270000,1785153438435426000,1785153438435429000,1785153438435429000,1785153438435429000,121932490,121652369,-124.121,0.000,0.000,1.000,3.000,0.000,0.000,0.000,0,0,0
B3_zmq_pushpull,zmq_tcp,none,none,,1,1975,512,584,1785153438436419000,1785153438436419000,1785153438436419000,1785153438436420000,1785153438436538000,1785153438436542000,1785153438436542000,1785153438436542000,121932490,121652369,-162.121,0.000,0.000,1.000,4.000,0.000,0.000,0.000,0,0,0
B3_zmq_pushpull,zmq_tcp,none,none,,1,1976,512,584,1785153438437383000,1785153438437383000,1785153438437383000,1785153438437384000,1785153438437527000,1785153438437530000,1785153438437530000,1785153438437530000,121932490,121652369,-137.121,0.000,0.000,1.000,3.000,0.000,0.000,0.000,0,0,0
B3_zmq_pushpull,zmq_tcp,none,none,,1,1977,512,584,1785153438438392000,1785153438438392000,1785153438438392000,1785153438438393000,1785153438438497000,1785153438438500000,1785153438438500000,1785153438438500000,121932490,121652369,-176.121,0.000,0.000,1.000,3.000,0.000,0.000,0.000,0,0,0
B3_zmq_pushpull,zmq_tcp,none,none,,1,1978,512,584,1785153438439391000,1785153438439391000,1785153438439391000,1785153438439392000,1785153438439467000,1785153438439469000,1785153438439469000,1785153438439469000,121932490,121652369,-205.121,0.000,0.000,1.000,2.000,0.000,0.000,0.000,0,0,0
B3_zmq_pushpull,zmq_tcp,none,none,,1,1979,512,584,1785153438440392000,1785153438440392000,1785153438440392000,1785153438440393000,1785153438440461000,1785153438440464000,1785153438440464000,1785153438440464000,121932490,121652369,-212.121,0.000,0.000,1.000,3.000,0.000,0.000,0.000,0,0,0
B3_zmq_pushpull,zmq_tcp,none,none,,1,1980,512,584,1785153438441392000,1785153438441392000,1785153438441392000,1785153438441393000,1785153438441451000,1785153438441455000,1785153438441455000,1785153438441455000,121932490,121652369,-222.121,0.000,0.000,1.000,4.000,0.000,0.000,0.000,0,0,0
B3_zmq_pushpull,zmq_tcp,none,none,,1,1981,512,584,1785153438442389000,1785153438442390000,1785153438442390000,1785153438442391000,1785153438442568000,1785153438442570000,1785153438442570000,1785153438442570000,121932490,121652369,-103.121,1.000,0.000,1.000,2.000,0.000,0.000,0.000,0,0,0
B3_zmq_pushpull,zmq_tcp,none,none,,1,1982,512,584,1785153438443388000,1785153438443388000,1785153438443388000,1785153438443389000,1785153438443561000,1785153438443564000,1785153438443564000,1785153438443564000,121932490,121652369,-108.121,0.000,0.000,1.000,3.000,0.000,0.000,0.000,0,0,0
B3_zmq_pushpull,zmq_tcp,none,none,,1,1983,512,584,1785153438444249000,1785153438444249000,1785153438444249000,1785153438444250000,1785153438444401000,1785153438444404000,1785153438444404000,1785153438444404000,121932490,121652369,-129.121,0.000,0.000,1.000,3.000,0.000,0.000,0.000,0,0,0
B3_zmq_pushpull,zmq_tcp,none,none,,1,1984,512,584,1785153438445223000,1785153438445223000,1785153438445223000,1785153438445224000,1785153438445367000,1785153438445369000,1785153438445370000,1785153438445370000,121932490,121652369,-137.121,0.000,0.000,1.000,2.000,1.000,0.000,0.000,0,0,0
B3_zmq_pushpull,zmq_tcp,none,none,,1,1985,512,584,1785153438446215000,1785153438446215000,1785153438446215000,1785153438446216000,1785153438446373000,1785153438446376000,1785153438446376000,1785153438446376000,121932490,121652369,-123.121,0.000,0.000,1.000,3.000,0.000,0.000,0.000,0,0,0
B3_zmq_pushpull,zmq_tcp,none,none,,1,1986,512,584,1785153438447198000,1785153438447198000,1785153438447198000,1785153438447199000,1785153438447356000,1785153438447363000,1785153438447363000,1785153438447363000,121932490,121652369,-123.121,0.000,0.000,1.000,7.000,0.000,0.000,0.000,0,0,0
B3_zmq_pushpull,zmq_tcp,none,none,,1,1987,512,584,1785153438448440000,1785153438448440000,1785153438448440000,1785153438448441000,1785153438448618000,1785153438448620000,1785153438448621000,1785153438448621000,121932490,121652369,-103.121,0.000,0.000,1.000,2.000,1.000,0.000,0.000,0,0,0
B3_zmq_pushpull,zmq_tcp,none,none,,1,1988,512,584,1785153438449377000,1785153438449378000,1785153438449378000,1785153438449379000,1785153438449464000,1785153438449467000,1785153438449467000,1785153438449467000,121932490,121652369,-195.121,1.000,0.000,1.000,3.000,0.000,0.000,0.000,0,0,0
B3_zmq_pushpull,zmq_tcp,none,none,,1,1989,512,584,1785153438450389000,1785153438450390000,1785153438450390000,1785153438450391000,1785153438450454000,1785153438450458000,1785153438450458000,1785153438450458000,121932490,121652369,-217.121,1.000,0.000,1.000,4.000,0.000,0.000,0.000,0,0,0
B3_zmq_pushpull,zmq_tcp,none,none,,1,1990,512,584,1785153438451389000,1785153438451390000,1785153438451390000,1785153438451391000,1785153438451434000,1785153438451438000,1785153438451438000,1785153438451438000,121932490,121652369,-237.121,1.000,0.000,1.000,4.000,0.000,0.000,0.000,0,0,0
B3_zmq_pushpull,zmq_tcp,none,none,,1,1991,512,584,1785153438452274000,1785153438452274000,1785153438452274000,1785153438452276000,1785153438452429000,1785153438452432000,1785153438452432000,1785153438452432000,121932490,121652369,-127.121,0.000,0.000,2.000,3.000,0.000,0.000,0.000,0,0,0
B3_zmq_pushpull,zmq_tcp,none,none,,1,1992,512,584,1785153438453261000,1785153438453261000,1785153438453262000,1785153438453263000,1785153438453417000,1785153438453421000,1785153438453421000,1785153438453421000,121932490,121652369,-126.121,0.000,1.000,1.000,4.000,0.000,0.000,0.000,0,0,0
B3_zmq_pushpull,zmq_tcp,none,none,,1,1993,512,584,1785153438454259000,1785153438454259000,1785153438454260000,1785153438454261000,1785153438454435000,1785153438454439000,1785153438454439000,1785153438454439000,121932490,121652369,-106.121,0.000,1.000,1.000,4.000,0.000,0.000,0.000,0,0,0
B3_zmq_pushpull,zmq_tcp,none,none,,1,1994,512,584,1785153438455423000,1785153438455423000,1785153438455423000,1785153438455424000,1785153438455587000,1785153438455589000,1785153438455589000,1785153438455589000,121932490,121652369,-117.121,0.000,0.000,1.000,2.000,0.000,0.000,0.000,0,0,0
B3_zmq_pushpull,zmq_tcp,none,none,,1,1995,512,584,1785153438456292000,1785153438456293000,1785153438456293000,1785153438456294000,1785153438456441000,1785153438456443000,1785153438456443000,1785153438456443000,121932490,121652369,-133.121,1.000,0.000,1.000,2.000,0.000,0.000,0.000,0,0,0
B3_zmq_pushpull,zmq_tcp,none,none,,1,1996,512,584,1785153438457415000,1785153438457415000,1785153438457415000,1785153438457416000,1785153438457583000,1785153438457586000,1785153438457586000,1785153438457586000,121932490,121652369,-113.121,0.000,0.000,1.000,3.000,0.000,0.000,0.000,0,0,0
B3_zmq_pushpull,zmq_tcp,none,none,,1,1997,512,584,1785153438458386000,1785153438458386000,1785153438458386000,1785153438458387000,1785153438458445000,1785153438458447000,1785153438458447000,1785153438458447000,121932490,121652369,-222.121,0.000,0.000,1.000,2.000,0.000,0.000,0.000,0,0,0
B3_zmq_pushpull,zmq_tcp,none,none,,1,1998,512,584,1785153438459395000,1785153438459395000,1785153438459395000,1785153438459396000,1785153438459590000,1785153438459593000,1785153438459593000,1785153438459593000,121932490,121652369,-86.121,0.000,0.000,1.000,3.000,0.000,0.000,0.000,0,0,0
B3_zmq_pushpull,zmq_tcp,none,none,,1,1999,512,584,1785153438460303000,1785153438460303000,1785153438460304000,1785153438460305000,1785153438460450000,1785153438460456000,1785153438460456000,1785153438460456000,121932490,121652369,-135.121,0.000,1.000,1.000,6.000,0.000,0.000,0.000,0,0,0
B3_zmq_pushpull,zmq_tcp,none,none,,1,2000,512,584,1785153438461295000,1785153438461295000,1785153438461295000,1785153438461296000,1785153438461440000,1785153438461443000,1785153438461443000,1785153438461443000,121932490,121652369,-136.121,0.000,0.000,1.000,3.000,0.000,0.000,0.000,0,0,0
B3_zmq_pushpull,zmq_tcp,none,none,,1,2001,512,584,1785153438462276000,1785153438462276000,1785153438462276000,1785153438462277000,1785153438462424000,1785153438462427000,1785153438462427000,1785153438462427000,121932490,121652369,-133.121,0.000,0.000,1.000,3.000,0.000,0.000,0.000,0,0,0
B3_zmq_pushpull,zmq_tcp,none,none,,1,2002,512,584,1785153438463420000,1785153438463420000,1785153438463420000,1785153438463421000,1785153438463579000,1785153438463582000,1785153438463582000,1785153438463582000,121932490,121652369,-122.121,0.000,0.000,1.000,3.000,0.000,0.000,0.000,0,0,0
B3_zmq_pushpull,zmq_tcp,none,none,,1,2003,512,584,1785153438464282000,1785153438464282000,1785153438464282000,1785153438464283000,1785153438464435000,1785153438464439000,1785153438464439000,1785153438464439000,121932490,121652369,-128.121,0.000,0.000,1.000,4.000,0.000,0.000,0.000,0,0,0
B3_zmq_pushpull,zmq_tcp,none,none,,1,2004,512,584,1785153438465419000,1785153438465419000,1785153438465419000,1785153438465420000,1785153438465556000,1785153438465559000,1785153438465559000,1785153438465559000,121932490,121652369,-144.121,0.000,0.000,1.000,3.000,0.000,0.000,0.000,0,0,0
B3_zmq_pushpull,zmq_tcp,none,none,,1,2005,512,584,1785153438466384000,1785153438466385000,1785153438466385000,1785153438466386000,1785153438466427000,1785153438466431000,1785153438466431000,1785153438466431000,121932490,121652369,-239.121,1.000,0.000,1.000,4.000,0.000,0.000,0.000,0,0,0
B3_zmq_pushpull,zmq_tcp,none,none,,1,2006,512,584,1785153438467265000,1785153438467266000,1785153438467266000,1785153438467267000,1785153438467423000,1785153438467426000,1785153438467426000,1785153438467427000,121932490,121652369,-124.121,1.000,0.000,1.000,3.000,0.000,1.000,0.000,0,0,0
B3_zmq_pushpull,zmq_tcp,none,none,,1,2007,512,584,1785153438468266000,1785153438468266000,1785153438468266000,1785153438468267000,1785153438468426000,1785153438468429000,1785153438468429000,1785153438468429000,121932490,121652369,-121.121,0.000,0.000,1.000,3.000,0.000,0.000,0.000,0,0,0
B3_zmq_pushpull,zmq_tcp,none,none,,1,2008,512,584,1785153438469422000,1785153438469422000,1785153438469422000,1785153438469423000,1785153438469567000,1785153438469570000,1785153438469570000,1785153438469570000,121932490,121652369,-136.121,0.000,0.000,1.000,3.000,0.000,0.000,0.000,0,0,0
B3_zmq_pushpull,zmq_tcp,none,none,,1,2009,512,584,1785153438470383000,1785153438470383000,1785153438470383000,1785153438470384000,1785153438470569000,1785153438470572000,1785153438470572000,1785153438470572000,121932490,121652369,-95.121,0.000,0.000,1.000,3.000,0.000,0.000,0.000,0,0,0
B3_zmq_pushpull,zmq_tcp,none,none,,1,2010,512,584,1785153438471389000,1785153438471389000,1785153438471389000,1785153438471390000,1785153438471432000,1785153438471436000,1785153438471436000,1785153438471436000,121932490,121652369,-238.121,0.000,0.000,1.000,4.000,0.000,0.000,0.000,0,0,0
B3_zmq_pushpull,zmq_tcp,none,none,,1,2011,512,584,1785153438472392000,1785153438472392000,1785153438472393000,1785153438472393000,1785153438472442000,1785153438472445000,1785153438472445000,1785153438472445000,121932490,121652369,-231.121,0.000,1.000,0.000,3.000,0.000,0.000,0.000,0,0,0
B3_zmq_pushpull,zmq_tcp,none,none,,1,2012,512,584,1785153438473390000,1785153438473391000,1785153438473391000,1785153438473392000,1785153438473459000,1785153438473462000,1785153438473463000,1785153438473463000,121932490,121652369,-213.121,1.000,0.000,1.000,3.000,1.000,0.000,0.000,0,0,0
B3_zmq_pushpull,zmq_tcp,none,none,,1,2013,512,584,1785153438474390000,1785153438474391000,1785153438474391000,1785153438474392000,1785153438474476000,1785153438474478000,1785153438474478000,1785153438474478000,121932490,121652369,-196.121,1.000,0.000,1.000,2.000,0.000,0.000,0.000,0,0,0
B3_zmq_pushpull,zmq_tcp,none,none,,1,2014,512,584,1785153438475390000,1785153438475391000,1785153438475391000,1785153438475392000,1785153438475487000,1785153438475489000,1785153438475489000,1785153438475489000,121932490,121652369,-185.121,1.000,0.000,1.000,2.000,0.000,0.000,0.000,0,0,0
B3_zmq_pushpull,zmq_tcp,none,none,,1,2015,512,584,1785153438476392000,1785153438476392000,1785153438476392000,1785153438476393000,1785153438476493000,1785153438476495000,1785153438476495000,1785153438476495000,121932490,121652369,-180.121,0.000,0.000,1.000,2.000,0.000,0.000,0.000,0,0,0
B3_zmq_pushpull,zmq_tcp,none,none,,1,2016,512,584,1785153438477389000,1785153438477389000,1785153438477389000,1785153438477390000,1785153438477506000,1785153438477509000,1785153438477509000,1785153438477509000,121932490,121652369,-164.121,0.000,0.000,1.000,3.000,0.000,0.000,0.000,0,0,0
B3_zmq_pushpull,zmq_tcp,none,none,,1,2017,512,584,1785153438478392000,1785153438478392000,1785153438478392000,1785153438478393000,1785153438478503000,1785153438478506000,1785153438478506000,1785153438478506000,121932490,121652369,-170.121,0.000,0.000,1.000,3.000,0.000,0.000,0.000,0,0,0
B3_zmq_pushpull,zmq_tcp,none,none,,1,2018,512,584,1785153438479357000,1785153438479358000,1785153438479358000,1785153438479358000,1785153438479499000,1785153438479504000,1785153438479504000,1785153438479504000,121932490,121652369,-139.121,1.000,0.000,0.000,5.000,0.000,0.000,0.000,0,0,0
B3_zmq_pushpull,zmq_tcp,none,none,,1,2019,512,584,1785153438480399000,1785153438480399000,1785153438480399000,1785153438480400000,1785153438480484000,1785153438480487000,1785153438480487000,1785153438480487000,121932490,121652369,-196.121,0.000,0.000,1.000,3.000,0.000,0.000,0.000,0,0,0
B3_zmq_pushpull,zmq_tcp,none,none,,1,2020,512,584,1785153438481385000,1785153438481385000,1785153438481386000,1785153438481386000,1785153438481493000,1785153438481496000,1785153438481496000,1785153438481496000,121932490,121652369,-173.121,0.000,1.000,0.000,3.000,0.000,0.000,0.000,0,0,0
B3_zmq_pushpull,zmq_tcp,none,none,,1,2021,512,584,1785153438482393000,1785153438482393000,1785153438482393000,1785153438482394000,1785153438482500000,1785153438482502000,1785153438482502000,1785153438482502000,121932490,121652369,-174.121,0.000,0.000,1.000,2.000,0.000,0.000,0.000,0,0,0
B3_zmq_pushpull,zmq_tcp,none,none,,1,2022,512,584,1785153438483391000,1785153438483391000,1785153438483391000,1785153438483392000,1785153438483514000,1785153438483517000,1785153438483517000,1785153438483517000,121932490,121652369,-158.121,0.000,0.000,1.000,3.000,0.000,0.000,0.000,0,0,0
B3_zmq_pushpull,zmq_tcp,none,none,,1,2023,512,584,1785153438484390000,1785153438484391000,1785153438484391000,1785153438484392000,1785153438484521000,1785153438484524000,1785153438484524000,1785153438484524000,121932490,121652369,-151.121,1.000,0.000,1.000,3.000,0.000,0.000,0.000,0,0,0
B3_zmq_pushpull,zmq_tcp,none,none,,1,2024,512,584,1785153438485390000,1785153438485391000,1785153438485391000,1785153438485392000,1785153438485517000,1785153438485520000,1785153438485520000,1785153438485520000,121932490,121652369,-155.121,1.000,0.000,1.000,3.000,0.000,0.000,0.000,0,0,0
B3_zmq_pushpull,zmq_tcp,none,none,,1,2025,512,584,1785153438486390000,1785153438486391000,1785153438486391000,1785153438486391000,1785153438486512000,1785153438486515000,1785153438486515000,1785153438486515000,121932490,121652369,-159.121,1.000,0.000,0.000,3.000,0.000,0.000,0.000,0,0,0
B3_zmq_pushpull,zmq_tcp,none,none,,1,2026,512,584,1785153438487391000,1785153438487392000,1785153438487392000,1785153438487393000,1785153438487506000,1785153438487509000,1785153438487509000,1785153438487509000,121932490,121652369,-167.121,1.000,0.000,1.000,3.000,0.000,0.000,0.000,0,0,0
B3_zmq_pushpull,zmq_tcp,none,none,,1,2027,512,584,1785153438488389000,1785153438488390000,1785153438488390000,1785153438488391000,1785153438488497000,1785153438488500000,1785153438488500000,1785153438488500000,121932490,121652369,-174.121,1.000,0.000,1.000,3.000,0.000,0.000,0.000,0,0,0
B3_zmq_pushpull,zmq_tcp,none,none,,1,2028,512,584,1785153438489397000,1785153438489397000,1785153438489397000,1785153438489398000,1785153438489492000,1785153438489495000,1785153438489495000,1785153438489495000,121932490,121652369,-186.121,0.000,0.000,1.000,3.000,0.000,0.000,0.000,0,0,0
B3_zmq_pushpull,zmq_tcp,none,none,,1,2029,512,584,1785153438490197000,1785153438490197000,1785153438490197000,1785153438490198000,1785153438490342000,1785153438490345000,1785153438490345000,1785153438490345000,121932490,121652369,-136.121,0.000,0.000,1.000,3.000,0.000,0.000,0.000,0,0,0
B3_zmq_pushpull,zmq_tcp,none,none,,1,2030,512,584,1785153438491321000,1785153438491321000,1785153438491321000,1785153438491322000,1785153438491467000,1785153438491470000,1785153438491470000,1785153438491470000,121932490,121652369,-135.121,0.000,0.000,1.000,3.000,0.000,0.000,0.000,0,0,0
B3_zmq_pushpull,zmq_tcp,none,none,,1,2031,512,584,1785153438492407000,1785153438492407000,1785153438492407000,1785153438492408000,1785153438492472000,1785153438492474000,1785153438492474000,1785153438492474000,121932490,121652369,-216.121,0.000,0.000,1.000,2.000,0.000,0.000,0.000,0,0,0
B3_zmq_pushpull,zmq_tcp,none,none,,1,2032,512,584,1785153438493387000,1785153438493387000,1785153438493387000,1785153438493388000,1785153438493468000,1785153438493470000,1785153438493470000,1785153438493470000,121932490,121652369,-200.121,0.000,0.000,1.000,2.000,0.000,0.000,0.000,0,0,0
B3_zmq_pushpull,zmq_tcp,none,none,,1,2033,512,584,1785153438494392000,1785153438494392000,1785153438494392000,1785153438494393000,1785153438494482000,1785153438494485000,1785153438494485000,1785153438494485000,121932490,121652369,-191.121,0.000,0.000,1.000,3.000,0.000,0.000,0.000,0,0,0
B3_zmq_pushpull,zmq_tcp,none,none,,1,2034,512,584,1785153438495389000,1785153438495389000,1785153438495389000,1785153438495390000,1785153438495498000,1785153438495501000,1785153438495501000,1785153438495501000,121932490,121652369,-172.121,0.000,0.000,1.000,3.000,0.000,0.000,0.000,0,0,0
B3_zmq_pushpull,zmq_tcp,none,none,,1,2035,512,584,1785153438496361000,1785153438496362000,1785153438496362000,1785153438496363000,1785153438496506000,1785153438496510000,1785153438496510000,1785153438496510000,121932490,121652369,-137.121,1.000,0.000,1.000,4.000,0.000,0.000,0.000,0,0,0
B3_zmq_pushpull,zmq_tcp,none,none,,1,2036,512,584,1785153438497399000,1785153438497399000,1785153438497399000,1785153438497400000,1785153438497510000,1785153438497513000,1785153438497513000,1785153438497513000,121932490,121652369,-170.121,0.000,0.000,1.000,3.000,0.000,0.000,0.000,0,0,0
B3_zmq_pushpull,zmq_tcp,none,none,,1,2037,512,584,1785153438498388000,1785153438498388000,1785153438498388000,1785153438498389000,1785153438498504000,1785153438498507000,1785153438498507000,1785153438498507000,121932490,121652369,-165.121,0.000,0.000,1.000,3.000,0.000,0.000,0.000,0,0,0
B3_zmq_pushpull,zmq_tcp,none,none,,1,2038,512,584,1785153438499392000,1785153438499392000,1785153438499392000,1785153438499393000,1785153438499510000,1785153438499513000,1785153438499513000,1785153438499513000,121932490,121652369,-163.121,0.000,0.000,1.000,3.000,0.000,0.000,0.000,0,0,0
B3_zmq_pushpull,zmq_tcp,none,none,,1,2039,512,584,1785153438500391000,1785153438500391000,1785153438500391000,1785153438500392000,1785153438500496000,1785153438500498000,1785153438500498000,1785153438500498000,121932490,121652369,-176.121,0.000,0.000,1.000,2.000,0.000,0.000,0.000,0,0,0
B3_zmq_pushpull,zmq_tcp,none,none,,1,2040,512,584,1785153438501392000,1785153438501392000,1785153438501392000,1785153438501393000,1785153438501499000,1785153438501502000,1785153438501502000,1785153438501502000,121932490,121652369,-174.121,0.000,0.000,1.000,3.000,0.000,0.000,0.000,0,0,0
B3_zmq_pushpull,zmq_tcp,none,none,,1,2041,512,584,1785153438502386000,1785153438502386000,1785153438502386000,1785153438502387000,1785153438502501000,1785153438502504000,1785153438502504000,1785153438502504000,121932490,121652369,-166.121,0.000,0.000,1.000,3.000,0.000,0.000,0.000,0,0,0
B3_zmq_pushpull,zmq_tcp,none,none,,1,2042,512,584,1785153438503395000,1785153438503395000,1785153438503395000,1785153438503396000,1785153438503502000,1785153438503505000,1785153438503505000,1785153438503505000,121932490,121652369,-174.121,0.000,0.000,1.000,3.000,0.000,0.000,0.000,0,0,0
B3_zmq_pushpull,zmq_tcp,none,none,,1,2043,512,584,1785153438504391000,1785153438504391000,1785153438504391000,1785153438504392000,1785153438504501000,1785153438504504000,1785153438504504000,1785153438504504000,121932490,121652369,-171.121,0.000,0.000,1.000,3.000,0.000,0.000,0.000,0,0,0
B3_zmq_pushpull,zmq_tcp,none,none,,1,2044,512,584,1785153438505212000,1785153438505212000,1785153438505212000,1785153438505213000,1785153438505368000,1785153438505371000,1785153438505371000,1785153438505371000,121932490,121652369,-125.121,0.000,0.000,1.000,3.000,0.000,0.000,0.000,0,0,0
B3_zmq_pushpull,zmq_tcp,none,none,,1,2045,512,584,1785153438506433000,1785153438506433000,1785153438506433000,1785153438506434000,1785153438506494000,1785153438506497000,1785153438506497000,1785153438506497000,121932490,121652369,-220.121,0.000,0.000,1.000,3.000,0.000,0.000,0.000,0,0,0
B3_zmq_pushpull,zmq_tcp,none,none,,1,2046,512,584,1785153438507380000,1785153438507380000,1785153438507380000,1785153438507381000,1785153438507472000,1785153438507474000,1785153438507474000,1785153438507474000,121932490,121652369,-189.121,0.000,0.000,1.000,2.000,0.000,0.000,0.000,0,0,0
B3_zmq_pushpull,zmq_tcp,none,none,,1,2047,512,584,1785153438508394000,1785153438508394000,1785153438508394000,1785153438508395000,1785153438508480000,1785153438508482000,1785153438508482000,1785153438508482000,121932490,121652369,-195.121,0.000,0.000,1.000,2.000,0.000,0.000,0.000,0,0,0
B3_zmq_pushpull,zmq_tcp,none,none,,1,2048,512,584,1785153438509388000,1785153438509388000,1785153438509388000,1785153438509389000,1785153438509476000,1785153438509478000,1785153438509478000,1785153438509478000,121932490,121652369,-193.121,0.000,0.000,1.000,2.000,0.000,0.000,0.000,0,0,0
B3_zmq_pushpull,zmq_tcp,none,none,,1,2049,512,584,1785153438510392000,1785153438510392000,1785153438510392000,1785153438510393000,1785153438510489000,1785153438510491000,1785153438510491000,1785153438510491000,121932490,121652369,-184.121,0.000,0.000,1.000,2.000,0.000,0.000,0.000,0,0,0
B3_zmq_pushpull,zmq_tcp,none,none,,1,2050,512,584,1785153438511397000,1785153438511397000,1785153438511397000,1785153438511398000,1785153438511493000,1785153438511496000,1785153438511496000,1785153438511496000,121932490,121652369,-185.121,0.000,0.000,1.000,3.000,0.000,0.000,0.000,0,0,0
B3_zmq_pushpull,zmq_tcp,none,none,,1,2051,512,584,1785153438512390000,1785153438512390000,1785153438512390000,1785153438512391000,1785153438512491000,1785153438512493000,1785153438512493000,1785153438512493000,121932490,121652369,-180.121,0.000,0.000,1.000,2.000,0.000,0.000,0.000,0,0,0
B3_zmq_pushpull,zmq_tcp,none,none,,1,2052,512,584,1785153438513391000,1785153438513391000,1785153438513391000,1785153438513392000,1785153438513478000,1785153438513480000,1785153438513480000,1785153438513480000,121932490,121652369,-194.121,0.000,0.000,1.000,2.000,0.000,0.000,0.000,0,0,0
B3_zmq_pushpull,zmq_tcp,none,none,,1,2053,512,584,1785153438514391000,1785153438514391000,1785153438514391000,1785153438514392000,1785153438514482000,1785153438514485000,1785153438514485000,1785153438514485000,121932490,121652369,-190.121,0.000,0.000,1.000,3.000,0.000,0.000,0.000,0,0,0
B3_zmq_pushpull,zmq_tcp,none,none,,1,2054,512,584,1785153438515391000,1785153438515391000,1785153438515391000,1785153438515392000,1785153438515480000,1785153438515482000,1785153438515482000,1785153438515482000,121932490,121652369,-192.121,0.000,0.000,1.000,2.000,0.000,0.000,0.000,0,0,0
B3_zmq_pushpull,zmq_tcp,none,none,,1,2055,512,584,1785153438516388000,1785153438516388000,1785153438516388000,1785153438516389000,1785153438516482000,1785153438516485000,1785153438516485000,1785153438516485000,121932490,121652369,-187.121,0.000,0.000,1.000,3.000,0.000,0.000,0.000,0,0,0
B3_zmq_pushpull,zmq_tcp,none,none,,1,2056,512,584,1785153438517393000,1785153438517393000,1785153438517394000,1785153438517394000,1785153438517494000,1785153438517497000,1785153438517497000,1785153438517497000,121932490,121652369,-180.121,0.000,1.000,0.000,3.000,0.000,0.000,0.000,0,0,0
B3_zmq_pushpull,zmq_tcp,none,none,,1,2057,512,584,1785153438518391000,1785153438518391000,1785153438518391000,1785153438518392000,1785153438518509000,1785153438518512000,1785153438518512000,1785153438518512000,121932490,121652369,-163.121,0.000,0.000,1.000,3.000,0.000,0.000,0.000,0,0,0
B3_zmq_pushpull,zmq_tcp,none,none,,1,2058,512,584,1785153438519391000,1785153438519391000,1785153438519391000,1785153438519392000,1785153438519509000,1785153438519512000,1785153438519512000,1785153438519512000,121932490,121652369,-163.121,0.000,0.000,1.000,3.000,0.000,0.000,0.000,0,0,0
B3_zmq_pushpull,zmq_tcp,none,none,,1,2059,512,584,1785153438520388000,1785153438520388000,1785153438520388000,1785153438520389000,1785153438520513000,1785153438520516000,1785153438520516000,1785153438520516000,121932490,121652369,-156.121,0.000,0.000,1.000,3.000,0.000,0.000,0.000,0,0,0
B3_zmq_pushpull,zmq_tcp,none,none,,1,2060,512,584,1785153438521392000,1785153438521392000,1785153438521392000,1785153438521393000,1785153438521491000,1785153438521493000,1785153438521493000,1785153438521493000,121932490,121652369,-182.121,0.000,0.000,1.000,2.000,0.000,0.000,0.000,0,0,0
B3_zmq_pushpull,zmq_tcp,none,none,,1,2061,512,584,1785153438522391000,1785153438522391000,1785153438522391000,1785153438522392000,1785153438522505000,1785153438522508000,1785153438522508000,1785153438522508000,121932490,121652369,-167.121,0.000,0.000,1.000,3.000,0.000,0.000,0.000,0,0,0
B3_zmq_pushpull,zmq_tcp,none,none,,1,2062,512,584,1785153438523391000,1785153438523391000,1785153438523391000,1785153438523392000,1785153438523502000,1785153438523505000,1785153438523505000,1785153438523505000,121932490,121652369,-170.121,0.000,0.000,1.000,3.000,0.000,0.000,0.000,0,0,0
B3_zmq_pushpull,zmq_tcp,none,none,,1,2063,512,584,1785153438524388000,1785153438524389000,1785153438524389000,1785153438524390000,1785153438524509000,1785153438524512000,1785153438524512000,1785153438524512000,121932490,121652369,-161.121,1.000,0.000,1.000,3.000,0.000,0.000,0.000,0,0,0
B3_zmq_pushpull,zmq_tcp,none,none,,1,2064,512,584,1785153438525395000,1785153438525395000,1785153438525395000,1785153438525396000,1785153438525516000,1785153438525518000,1785153438525518000,1785153438525518000,121932490,121652369,-160.121,0.000,0.000,1.000,2.000,0.000,0.000,0.000,0,0,0
B3_zmq_pushpull,zmq_tcp,none,none,,1,2065,512,584,1785153438526391000,1785153438526391000,1785153438526391000,1785153438526392000,1785153438526524000,1785153438526526000,1785153438526526000,1785153438526526000,121932490,121652369,-148.121,0.000,0.000,1.000,2.000,0.000,0.000,0.000,0,0,0
B3_zmq_pushpull,zmq_tcp,none,none,,1,2066,512,584,1785153438527391000,1785153438527391000,1785153438527391000,1785153438527392000,1785153438527520000,1785153438527522000,1785153438527522000,1785153438527522000,121932490,121652369,-152.121,0.000,0.000,1.000,2.000,0.000,0.000,0.000,0,0,0
B3_zmq_pushpull,zmq_tcp,none,none,,1,2067,512,584,1785153438528391000,1785153438528391000,1785153438528391000,1785153438528392000,1785153438528496000,1785153438528499000,1785153438528499000,1785153438528499000,121932490,121652369,-176.121,0.000,0.000,1.000,3.000,0.000,0.000,0.000,0,0,0
B3_zmq_pushpull,zmq_tcp,none,none,,1,2068,512,584,1785153438529197000,1785153438529197000,1785153438529197000,1785153438529198000,1785153438529342000,1785153438529345000,1785153438529345000,1785153438529345000,121932490,121652369,-136.121,0.000,0.000,1.000,3.000,0.000,0.000,0.000,0,0,0
B3_zmq_pushpull,zmq_tcp,none,none,,1,2069,512,584,1785153438530305000,1785153438530305000,1785153438530305000,1785153438530306000,1785153438530452000,1785153438530454000,1785153438530454000,1785153438530454000,121932490,121652369,-134.121,0.000,0.000,1.000,2.000,0.000,0.000,0.000,0,0,0
B3_zmq_pushpull,zmq_tcp,none,none,,1,2070,512,584,1785153438531314000,1785153438531314000,1785153438531314000,1785153438531315000,1785153438531472000,1785153438531474000,1785153438531474000,1785153438531474000,121932490,121652369,-123.121,0.000,0.000,1.000,2.000,0.000,0.000,0.000,0,0,0
B3_zmq_pushpull,zmq_tcp,none,none,,1,2071,512,584,1785153438532319000,1785153438532319000,1785153438532319000,1785153438532320000,1785153438532477000,1785153438532480000,1785153438532480000,1785153438532480000,121932490,121652369,-123.121,0.000,0.000,1.000,3.000,0.000,0.000,0.000,0,0,0
B3_zmq_pushpull,zmq_tcp,none,none,,1,2072,512,584,1785153438533410000,1785153438533411000,1785153438533411000,1785153438533412000,1785153438533488000,1785153438533491000,1785153438533491000,1785153438533491000,121932490,121652369,-204.121,1.000,0.000,1.000,3.000,0.000,0.000,0.000,0,0,0
B3_zmq_pushpull,zmq_tcp,none,none,,1,2073,512,584,1785153438534387000,1785153438534387000,1785153438534387000,1785153438534388000,1785153438534492000,1785153438534494000,1785153438534494000,1785153438534494000,121932490,121652369,-176.121,0.000,0.000,1.000,2.000,0.000,0.000,0.000,0,0,0
B3_zmq_pushpull,zmq_tcp,none,none,,1,2074,512,584,1785153438535390000,1785153438535390000,1785153438535390000,1785153438535391000,1785153438535496000,1785153438535498000,1785153438535498000,1785153438535498000,121932490,121652369,-175.121,0.000,0.000,1.000,2.000,0.000,0.000,0.000,0,0,0
B3_zmq_pushpull,zmq_tcp,none,none,,1,2075,512,584,1785153438536391000,1785153438536391000,1785153438536391000,1785153438536392000,1785153438536510000,1785153438536513000,1785153438536513000,1785153438536513000,121932490,121652369,-162.121,0.000,0.000,1.000,3.000,0.000,0.000,0.000,0,0,0
B3_zmq_pushpull,zmq_tcp,none,none,,1,2076,512,584,1785153438537392000,1785153438537392000,1785153438537392000,1785153438537393000,1785153438537512000,1785153438537514000,1785153438537514000,1785153438537514000,121932490,121652369,-161.121,0.000,0.000,1.000,2.000,0.000,0.000,0.000,0,0,0
B3_zmq_pushpull,zmq_tcp,none,none,,1,2077,512,584,1785153438538390000,1785153438538390000,1785153438538390000,1785153438538391000,1785153438538500000,1785153438538502000,1785153438538502000,1785153438538502000,121932490,121652369,-171.121,0.000,0.000,1.000,2.000,0.000,0.000,0.000,0,0,0
B3_zmq_pushpull,zmq_tcp,none,none,,1,2078,512,584,1785153438539392000,1785153438539392000,1785153438539392000,1785153438539393000,1785153438539485000,1785153438539489000,1785153438539489000,1785153438539489000,121932490,121652369,-188.121,0.000,0.000,1.000,4.000,0.000,0.000,0.000,0,0,0
B3_zmq_pushpull,zmq_tcp,none,none,,1,2079,512,584,1785153438540316000,1785153438540316000,1785153438540316000,1785153438540317000,1785153438540462000,1785153438540464000,1785153438540464000,1785153438540464000,121932490,121652369,-135.121,0.000,0.000,1.000,2.000,0.000,0.000,0.000,0,0,0
B3_zmq_pushpull,zmq_tcp,none,none,,1,2080,512,584,1785153438541410000,1785153438541410000,1785153438541410000,1785153438541411000,1785153438541467000,1785153438541471000,1785153438541471000,1785153438541471000,121932490,121652369,-224.121,0.000,0.000,1.000,4.000,0.000,0.000,0.000,0,0,0
B3_zmq_pushpull,zmq_tcp,none,none,,1,2081,512,584,1785153438542383000,1785153438542383000,1785153438542383000,1785153438542384000,1785153438542456000,1785153438542458000,1785153438542459000,1785153438542459000,121932490,121652369,-208.121,0.000,0.000,1.000,2.000,1.000,0.000,0.000,0,0,0
B3_zmq_pushpull,zmq_tcp,none,none,,1,2082,512,584,1785153438543394000,1785153438543394000,1785153438543394000,1785153438543395000,1785153438543460000,1785153438543463000,1785153438543463000,1785153438543463000,121932490,121652369,-215.121,0.000,0.000,1.000,3.000,0.000,0.000,0.000,0,0,0
B3_zmq_pushpull,zmq_tcp,none,none,,1,2083,512,584,1785153438544391000,1785153438544391000,1785153438544391000,1785153438544392000,1785153438544463000,1785153438544465000,1785153438544465000,1785153438544465000,121932490,121652369,-209.121,0.000,0.000,1.000,2.000,0.000,0.000,0.000,0,0,0
B3_zmq_pushpull,zmq_tcp,none,none,,1,2084,512,584,1785153438545395000,1785153438545395000,1785153438545395000,1785153438545396000,1785153438545471000,1785153438545473000,1785153438545473000,1785153438545473000,121932490,121652369,-205.121,0.000,0.000,1.000,2.000,0.000,0.000,0.000,0,0,0
B3_zmq_pushpull,zmq_tcp,none,none,,1,2085,512,584,1785153438546313000,1785153438546313000,1785153438546313000,1785153438546314000,1785153438546471000,1785153438546473000,1785153438546473000,1785153438546473000,121932490,121652369,-123.121,0.000,0.000,1.000,2.000,0.000,0.000,0.000,0,0,0
B3_zmq_pushpull,zmq_tcp,none,none,,1,2086,512,584,1785153438547411000,1785153438547411000,1785153438547411000,1785153438547412000,1785153438547467000,1785153438547469000,1785153438547469000,1785153438547469000,121932490,121652369,-225.121,0.000,0.000,1.000,2.000,0.000,0.000,0.000,0,0,0
B3_zmq_pushpull,zmq_tcp,none,none,,1,2087,512,584,1785153438548386000,1785153438548386000,1785153438548386000,1785153438548387000,1785153438548461000,1785153438548464000,1785153438548464000,1785153438548464000,121932490,121652369,-206.121,0.000,0.000,1.000,3.000,0.000,0.000,0.000,0,0,0
B3_zmq_pushpull,zmq_tcp,none,none,,1,2088,512,584,1785153438549305000,1785153438549305000,1785153438549306000,1785153438549306000,1785153438549461000,1785153438549463000,1785153438549463000,1785153438549464000,121932490,121652369,-125.121,0.000,1.000,0.000,2.000,0.000,1.000,0.000,0,0,0
B3_zmq_pushpull,zmq_tcp,none,none,,1,2089,512,584,1785153438550313000,1785153438550313000,1785153438550313000,1785153438550314000,1785153438550472000,1785153438550475000,1785153438550475000,1785153438550475000,121932490,121652369,-122.121,0.000,0.000,1.000,3.000,0.000,0.000,0.000,0,0,0
B3_zmq_pushpull,zmq_tcp,none,none,,1,2090,512,584,1785153438551196000,1785153438551196000,1785153438551196000,1785153438551197000,1785153438551341000,1785153438551344000,1785153438551345000,1785153438551345000,121932490,121652369,-136.121,0.000,0.000,1.000,3.000,1.000,0.000,0.000,0,0,0
B3_zmq_pushpull,zmq_tcp,none,none,,1,2091,512,584,1785153438552321000,1785153438552321000,1785153438552321000,1785153438552322000,1785153438552477000,1785153438552480000,1785153438552480000,1785153438552480000,121932490,121652369,-125.121,0.000,0.000,1.000,3.000,0.000,0.000,0.000,0,0,0
B3_zmq_pushpull,zmq_tcp,none,none,,1,2092,512,584,1785153438553208000,1785153438553208000,1785153438553208000,1785153438553209000,1785153438553349000,1785153438553352000,1785153438553352000,1785153438553352000,121932490,121652369,-140.121,0.000,0.000,1.000,3.000,0.000,0.000,0.000,0,0,0
B3_zmq_pushpull,zmq_tcp,none,none,,1,2093,512,584,1785153438554438000,1785153438554438000,1785153438554438000,1785153438554439000,1785153438554486000,1785153438554491000,1785153438554491000,1785153438554491000,121932490,121652369,-233.121,0.000,0.000,1.000,5.000,0.000,0.000,0.000,0,0,0
B3_zmq_pushpull,zmq_tcp,none,none,,1,2094,512,584,1785153438555379000,1785153438555379000,1785153438555379000,1785153438555380000,1785153438555494000,1785153438555498000,1785153438555498000,1785153438555498000,121932490,121652369,-166.121,0.000,0.000,1.000,4.000,0.000,0.000,0.000,0,0,0
B3_zmq_pushpull,zmq_tcp,none,none,,1,2095,512,584,1785153438556198000,1785153438556199000,1785153438556199000,1785153438556200000,1785153438556344000,1785153438556347000,1785153438556347000,1785153438556347000,121932490,121652369,-136.121,1.000,0.000,1.000,3.000,0.000,0.000,0.000,0,0,0
B3_zmq_pushpull,zmq_tcp,none,none,,1,2096,512,584,1785153438557439000,1785153438557440000,1785153438557440000,1785153438557441000,1785153438557484000,1785153438557487000,1785153438557487000,1785153438557487000,121932490,121652369,-237.121,1.000,0.000,1.000,3.000,0.000,0.000,0.000,0,0,0
B3_zmq_pushpull,zmq_tcp,none,none,,1,2097,512,584,1785153438558379000,1785153438558379000,1785153438558379000,1785153438558380000,1785153438558488000,1785153438558491000,1785153438558491000,1785153438558491000,121932490,121652369,-172.121,0.000,0.000,1.000,3.000,0.000,0.000,0.000,0,0,0
B3_zmq_pushpull,zmq_tcp,none,none,,1,2098,512,584,1785153438559398000,1785153438559398000,1785153438559398000,1785153438559399000,1785153438559496000,1785153438559499000,1785153438559499000,1785153438559499000,121932490,121652369,-183.121,0.000,0.000,1.000,3.000,0.000,0.000,0.000,0,0,0
B3_zmq_pushpull,zmq_tcp,none,none,,1,2099,512,584,1785153438560388000,1785153438560389000,1785153438560389000,1785153438560390000,1785153438560485000,1785153438560488000,1785153438560488000,1785153438560488000,121932490,121652369,-185.121,1.000,0.000,1.000,3.000,0.000,0.000,0.000,0,0,0
B3_zmq_pushpull,zmq_tcp,none,none,,1,2100,512,584,1785153438561392000,1785153438561393000,1785153438561393000,1785153438561394000,1785153438561483000,1785153438561485000,1785153438561485000,1785153438561485000,121932490,121652369,-191.121,1.000,0.000,1.000,2.000,0.000,0.000,0.000,0,0,0
B3_zmq_pushpull,zmq_tcp,none,none,,1,2101,512,584,1785153438562391000,1785153438562391000,1785153438562391000,1785153438562392000,1785153438562488000,1785153438562491000,1785153438562491000,1785153438562491000,121932490,121652369,-184.121,0.000,0.000,1.000,3.000,0.000,0.000,0.000,0,0,0
B3_zmq_pushpull,zmq_tcp,none,none,,1,2102,512,584,1785153438563392000,1785153438563392000,1785153438563392000,1785153438563393000,1785153438563483000,1785153438563485000,1785153438563485000,1785153438563485000,121932490,121652369,-190.121,0.000,0.000,1.000,2.000,0.000,0.000,0.000,0,0,0
B3_zmq_pushpull,zmq_tcp,none,none,,1,2103,512,584,1785153438564388000,1785153438564389000,1785153438564389000,1785153438564390000,1785153438564484000,1785153438564487000,1785153438564487000,1785153438564487000,121932490,121652369,-186.121,1.000,0.000,1.000,3.000,0.000,0.000,0.000,0,0,0
B3_zmq_pushpull,zmq_tcp,none,none,,1,2104,512,584,1785153438565395000,1785153438565395000,1785153438565395000,1785153438565396000,1785153438565495000,1785153438565497000,1785153438565497000,1785153438565497000,121932490,121652369,-181.121,0.000,0.000,1.000,2.000,0.000,0.000,0.000,0,0,0
B3_zmq_pushpull,zmq_tcp,none,none,,1,2105,512,584,1785153438566391000,1785153438566391000,1785153438566391000,1785153438566392000,1785153438566502000,1785153438566504000,1785153438566504000,1785153438566504000,121932490,121652369,-170.121,0.000,0.000,1.000,2.000,0.000,0.000,0.000,0,0,0
B3_zmq_pushpull,zmq_tcp,none,none,,1,2106,512,584,1785153438567392000,1785153438567392000,1785153438567392000,1785153438567393000,1785153438567495000,1785153438567497000,1785153438567497000,1785153438567497000,121932490,121652369,-178.121,0.000,0.000,1.000,2.000,0.000,0.000,0.000,0,0,0
B3_zmq_pushpull,zmq_tcp,none,none,,1,2107,512,584,1785153438568388000,1785153438568388000,1785153438568388000,1785153438568389000,1785153438568502000,1785153438568505000,1785153438568505000,1785153438568505000,121932490,121652369,-167.121,0.000,0.000,1.000,3.000,0.000,0.000,0.000,0,0,0
B3_zmq_pushpull,zmq_tcp,none,none,,1,2108,512,584,1785153438569392000,1785153438569393000,1785153438569393000,1785153438569394000,1785153438569497000,1785153438569500000,1785153438569500000,1785153438569500000,121932490,121652369,-177.121,1.000,0.000,1.000,3.000,0.000,0.000,0.000,0,0,0
B3_zmq_pushpull,zmq_tcp,none,none,,1,2109,512,584,1785153438570392000,1785153438570392000,1785153438570392000,1785153438570393000,1785153438570483000,1785153438570487000,1785153438570487000,1785153438570487000,121932490,121652369,-190.121,0.000,0.000,1.000,4.000,0.000,0.000,0.000,0,0,0
B3_zmq_pushpull,zmq_tcp,none,none,,1,2110,512,584,1785153438571391000,1785153438571391000,1785153438571391000,1785153438571392000,1785153438571504000,1785153438571507000,1785153438571507000,1785153438571507000,121932490,121652369,-168.121,0.000,0.000,1.000,3.000,0.000,0.000,0.000,0,0,0
B3_zmq_pushpull,zmq_tcp,none,none,,1,2111,512,584,1785153438572388000,1785153438572388000,1785153438572389000,1785153438572389000,1785153438572516000,1785153438572519000,1785153438572519000,1785153438572519000,121932490,121652369,-153.121,0.000,1.000,0.000,3.000,0.000,0.000,0.000,0,0,0
B3_zmq_pushpull,zmq_tcp,none,none,,1,2112,512,584,1785153438573392000,1785153438573392000,1785153438573392000,1785153438573393000,1785153438573513000,1785153438573516000,1785153438573516000,1785153438573516000,121932490,121652369,-160.121,0.000,0.000,1.000,3.000,0.000,0.000,0.000,0,0,0
B3_zmq_pushpull,zmq_tcp,none,none,,1,2113,512,584,1785153438574391000,1785153438574391000,1785153438574391000,1785153438574392000,1785153438574521000,1785153438574524000,1785153438574524000,1785153438574524000,121932490,121652369,-151.121,0.000,0.000,1.000,3.000,0.000,0.000,0.000,0,0,0
B3_zmq_pushpull,zmq_tcp,none,none,,1,2114,512,584,1785153438575391000,1785153438575391000,1785153438575391000,1785153438575392000,1785153438575519000,1785153438575521000,1785153438575521000,1785153438575521000,121932490,121652369,-153.121,0.000,0.000,1.000,2.000,0.000,0.000,0.000,0,0,0
B3_zmq_pushpull,zmq_tcp,none,none,,1,2115,512,584,1785153438576388000,1785153438576388000,1785153438576388000,1785153438576389000,1785153438576515000,1785153438576517000,1785153438576517000,1785153438576517000,121932490,121652369,-154.121,0.000,0.000,1.000,2.000,0.000,0.000,0.000,0,0,0
B3_zmq_pushpull,zmq_tcp,none,none,,1,2116,512,584,1785153438577392000,1785153438577392000,1785153438577393000,1785153438577393000,1785153438577503000,1785153438577506000,1785153438577506000,1785153438577506000,121932490,121652369,-170.121,0.000,1.000,0.000,3.000,0.000,0.000,0.000,0,0,0
B3_zmq_pushpull,zmq_tcp,none,none,,1,2117,512,584,1785153438578391000,1785153438578391000,1785153438578391000,1785153438578392000,1785153438578489000,1785153438578492000,1785153438578492000,1785153438578492000,121932490,121652369,-183.121,0.000,0.000,1.000,3.000,0.000,0.000,0.000,0,0,0
B3_zmq_pushpull,zmq_tcp,none,none,,1,2118,512,584,1785153438579391000,1785153438579391000,1785153438579391000,1785153438579392000,1785153438579484000,1785153438579487000,1785153438579487000,1785153438579487000,121932490,121652369,-188.121,0.000,0.000,1.000,3.000,0.000,0.000,0.000,0,0,0
B3_zmq_pushpull,zmq_tcp,none,none,,1,2119,512,584,1785153438587291000,1785153438587297000,1785153438587298000,1785153438587300000,1785153438587942000,1785153438588897000,1785153438588897000,1785153438588897000,121932490,121652369,361.879,6.000,1.000,2.000,955.000,0.000,0.000,0.000,0,0,0
B3_zmq_pushpull,zmq_tcp,none,none,,1,2120,512,584,1785153438587366000,1785153438587366000,1785153438587366000,1785153438587368000,1785153438587950000,1785153438588904000,1785153438588904000,1785153438588904000,121932490,121652369,301.879,0.000,0.000,2.000,954.000,0.000,0.000,0.000,0,0,0
B3_zmq_pushpull,zmq_tcp,none,none,,1,2121,512,584,1785153438587368000,1785153438587368000,1785153438587369000,1785153438587370000,1785153438587950000,1785153438588906000,1785153438588906000,1785153438588906000,121932490,121652369,299.879,0.000,1.000,1.000,956.000,0.000,0.000,0.000,0,0,0
B3_zmq_pushpull,zmq_tcp,none,none,,1,2122,512,584,1785153438587370000,1785153438587370000,1785153438587370000,1785153438587372000,1785153438587950000,1785153438588908000,1785153438588908000,1785153438588908000,121932490,121652369,297.879,0.000,0.000,2.000,958.000,0.000,0.000,0.000,0,0,0
B3_zmq_pushpull,zmq_tcp,none,none,,1,2123,512,584,1785153438587372000,1785153438587372000,1785153438587372000,1785153438587374000,1785153438587951000,1785153438588910000,1785153438588910000,1785153438588910000,121932490,121652369,296.879,0.000,0.000,2.000,959.000,0.000,0.000,0.000,0,0,0
B3_zmq_pushpull,zmq_tcp,none,none,,1,2124,512,584,1785153438587374000,1785153438587374000,1785153438587374000,1785153438587376000,1785153438587951000,1785153438588912000,1785153438588912000,1785153438588912000,121932490,121652369,294.879,0.000,0.000,2.000,961.000,0.000,0.000,0.000,0,0,0
B3_zmq_pushpull,zmq_tcp,none,none,,1,2125,512,584,1785153438587376000,1785153438587376000,1785153438587376000,1785153438587377000,1785153438587951000,1785153438588914000,1785153438588914000,1785153438588914000,121932490,121652369,293.879,0.000,0.000,1.000,963.000,0.000,0.000,0.000,0,0,0
B3_zmq_pushpull,zmq_tcp,none,none,,1,2126,512,584,1785153438587378000,1785153438587378000,1785153438587378000,1785153438587379000,1785153438587951000,1785153438588916000,1785153438588916000,1785153438588916000,121932490,121652369,291.879,0.000,0.000,1.000,965.000,0.000,0.000,0.000,0,0,0
B3_zmq_pushpull,zmq_tcp,none,none,,1,2127,512,584,1785153438589090000,1785153438589091000,1785153438589092000,1785153438589093000,1785153438589320000,1785153438589357000,1785153438589358000,1785153438589358000,121932490,121652369,-53.121,1.000,1.000,1.000,37.000,1.000,0.000,0.000,0,0,0
B3_zmq_pushpull,zmq_tcp,none,none,,1,2128,512,584,1785153438589298000,1785153438589299000,1785153438589300000,1785153438589302000,1785153438590656000,1785153438590661000,1785153438590661000,1785153438590661000,121932490,121652369,1073.879,1.000,1.000,2.000,5.000,0.000,0.000,0.000,0,0,0
B3_zmq_pushpull,zmq_tcp,none,none,,1,2129,512,584,1785153438590456000,1785153438590456000,1785153438590456000,1785153438590458000,1785153438590882000,1785153438590893000,1785153438590893000,1785153438590893000,121932490,121652369,143.879,0.000,0.000,2.000,11.000,0.000,0.000,0.000,0,0,0
B3_zmq_pushpull,zmq_tcp,none,none,,1,2130,512,584,1785153438591392000,1785153438591394000,1785153438591395000,1785153438591397000,1785153438591608000,1785153438591617000,1785153438591617000,1785153438591617000,121932490,121652369,-69.121,2.000,1.000,2.000,9.000,0.000,0.000,0.000,0,0,0
B3_zmq_pushpull,zmq_tcp,none,none,,1,2131,512,584,1785153438592421000,1785153438592422000,1785153438592422000,1785153438592424000,1785153438592678000,1785153438592687000,1785153438592687000,1785153438592687000,121932490,121652369,-26.121,1.000,0.000,2.000,9.000,0.000,0.000,0.000,0,0,0
B3_zmq_pushpull,zmq_tcp,none,none,,1,2132,512,584,1785153438593413000,1785153438593415000,1785153438593415000,1785153438593416000,1785153438593613000,1785153438593620000,1785153438593621000,1785153438593621000,121932490,121652369,-83.121,2.000,0.000,1.000,7.000,1.000,0.000,0.000,0,0,0
B3_zmq_pushpull,zmq_tcp,none,none,,1,2133,512,584,1785153438594199000,1785153438594200000,1785153438594200000,1785153438594202000,1785153438594358000,1785153438594365000,1785153438594365000,1785153438594365000,121932490,121652369,-124.121,1.000,0.000,2.000,7.000,0.000,0.000,0.000,0,0,0
B3_zmq_pushpull,zmq_tcp,none,none,,1,2134,512,584,1785153438595452000,1785153438595453000,1785153438595454000,1785153438595456000,1785153438595653000,1785153438595661000,1785153438595662000,1785153438595662000,121932490,121652369,-83.121,1.000,1.000,2.000,8.000,1.000,0.000,0.000,0,0,0
B3_zmq_pushpull,zmq_tcp,none,none,,1,2135,512,584,1785153438596377000,1785153438596378000,1785153438596378000,1785153438596380000,1785153438596473000,1785153438596481000,1785153438596481000,1785153438596481000,121932490,121652369,-187.121,1.000,0.000,2.000,8.000,0.000,0.000,0.000,0,0,0
B3_zmq_pushpull,zmq_tcp,none,none,,1,2136,512,584,1785153438597292000,1785153438597292000,1785153438597293000,1785153438597294000,1785153438597436000,1785153438597443000,1785153438597443000,1785153438597443000,121932490,121652369,-138.121,0.000,1.000,1.000,7.000,0.000,0.000,0.000,0,0,0
B3_zmq_pushpull,zmq_tcp,none,none,,1,2137,512,584,1785153438598309000,1785153438598309000,1785153438598309000,1785153438598311000,1785153438598506000,1785153438598515000,1785153438598515000,1785153438598515000,121932490,121652369,-85.121,0.000,0.000,2.000,9.000,0.000,0.000,0.000,0,0,0
B3_zmq_pushpull,zmq_tcp,none,none,,1,2138,512,584,1785153438599240000,1785153438599242000,1785153438599242000,1785153438599244000,1785153438599404000,1785153438599411000,1785153438599411000,1785153438599411000,121932490,121652369,-120.121,2.000,0.000,2.000,7.000,0.000,0.000,0.000,0,0,0
B3_zmq_pushpull,zmq_tcp,none,none,,1,2139,512,584,1785153438600433000,1785153438600434000,1785153438600435000,1785153438600436000,1785153438600613000,1785153438600621000,1785153438600621000,1785153438600621000,121932490,121652369,-103.121,1.000,1.000,1.000,8.000,0.000,0.000,0.000,0,0,0
B3_zmq_pushpull,zmq_tcp,none,none,,1,2140,512,584,1785153438601266000,1785153438601267000,1785153438601267000,1785153438601269000,1785153438601432000,1785153438601439000,1785153438601440000,1785153438601440000,121932490,121652369,-117.121,1.000,0.000,2.000,7.000,1.000,0.000,0.000,0,0,0
B3_zmq_pushpull,zmq_tcp,none,none,,1,2141,512,584,1785153438602427000,1785153438602428000,1785153438602428000,1785153438602429000,1785153438602527000,1785153438602549000,1785153438602550000,1785153438602550000,121932490,121652369,-182.121,1.000,0.000,1.000,22.000,1.000,0.000,0.000,0,0,0
B3_zmq_pushpull,zmq_tcp,none,none,,1,2142,512,584,1785153438603438000,1785153438603439000,1785153438603440000,1785153438603442000,1785153438603876000,1785153438603881000,1785153438603881000,1785153438603881000,121932490,121652369,153.879,1.000,1.000,2.000,5.000,0.000,0.000,0.000,0,0,0
B3_zmq_pushpull,zmq_tcp,none,none,,1,2143,512,584,1785153438604240000,1785153438604241000,1785153438604242000,1785153438604243000,1785153438604385000,1785153438604389000,1785153438604389000,1785153438604389000,121932490,121652369,-138.121,1.000,1.000,1.000,4.000,0.000,0.000,0.000,0,0,0
B3_zmq_pushpull,zmq_tcp,none,none,,1,2144,512,584,1785153438605436000,1785153438605436000,1785153438605437000,1785153438605437000,1785153438605542000,1785153438605545000,1785153438605545000,1785153438605545000,121932490,121652369,-175.121,0.000,1.000,0.000,3.000,0.000,0.000,0.000,0,0,0
B3_zmq_pushpull,zmq_tcp,none,none,,1,2145,512,584,1785153438606380000,1785153438606381000,1785153438606381000,1785153438606382000,1785153438606542000,1785153438606546000,1785153438606546000,1785153438606546000,121932490,121652369,-120.121,1.000,0.000,1.000,4.000,0.000,0.000,0.000,0,0,0
B3_zmq_pushpull,zmq_tcp,none,none,,1,2146,512,584,1785153438607412000,1785153438607413000,1785153438607413000,1785153438607415000,1785153438607533000,1785153438607543000,1785153438607543000,1785153438607543000,121932490,121652369,-162.121,1.000,0.000,2.000,10.000,0.000,0.000,0.000,0,0,0
B3_zmq_pushpull,zmq_tcp,none,none,,1,2147,512,584,1785153438608385000,1785153438608387000,1785153438608387000,1785153438608390000,1785153438608603000,1785153438608614000,1785153438608615000,1785153438608615000,121932490,121652369,-67.121,2.000,0.000,3.000,11.000,1.000,0.000,0.000,0,0,0
B3_zmq_pushpull,zmq_tcp,none,none,,1,2148,512,584,1785153438609292000,1785153438609293000,1785153438609294000,1785153438609295000,1785153438609463000,1785153438609477000,1785153438609478000,1785153438609478000,121932490,121652369,-112.121,1.000,1.000,1.000,14.000,1.000,0.000,0.000,0,0,0
B3_zmq_pushpull,zmq_tcp,none,none,,1,2149,512,584,1785153438610245000,1785153438610246000,1785153438610246000,1785153438610248000,1785153438610436000,1785153438610444000,1785153438610444000,1785153438610444000,121932490,121652369,-92.121,1.000,0.000,2.000,8.000,0.000,0.000,0.000,0,0,0
B3_zmq_pushpull,zmq_tcp,none,none,,1,2150,512,584,1785153438611376000,1785153438611377000,1785153438611377000,1785153438611379000,1785153438611529000,1785153438611541000,1785153438611541000,1785153438611541000,121932490,121652369,-130.121,1.000,0.000,2.000,12.000,0.000,0.000,0.000,0,0,0
B3_zmq_pushpull,zmq_tcp,none,none,,1,2151,512,584,1785153438612391000,1785153438612392000,1785153438612392000,1785153438612394000,1785153438612565000,1785153438612569000,1785153438612569000,1785153438612569000,121932490,121652369,-109.121,1.000,0.000,2.000,4.000,0.000,0.000,0.000,0,0,0
B3_zmq_pushpull,zmq_tcp,none,none,,1,2152,512,584,1785153438613391000,1785153438613391000,1785153438613391000,1785153438613392000,1785153438613437000,1785153438613441000,1785153438613441000,1785153438613441000,121932490,121652369,-235.121,0.000,0.000,1.000,4.000,0.000,0.000,0.000,0,0,0
B3_zmq_pushpull,zmq_tcp,none,none,,1,2153,512,584,1785153438614392000,1785153438614392000,1785153438614392000,1785153438614393000,1785153438614583000,1785153438614586000,1785153438614586000,1785153438614587000,121932490,121652369,-90.121,0.000,0.000,1.000,3.000,0.000,1.000,0.000,0,0,0
B3_zmq_pushpull,zmq_tcp,none,none,,1,2154,512,584,1785153438615388000,1785153438615389000,1785153438615389000,1785153438615390000,1785153438615575000,1785153438615578000,1785153438615578000,1785153438615579000,121932490,121652369,-95.121,1.000,0.000,1.000,3.000,0.000,1.000,0.000,0,0,0
B3_zmq_pushpull,zmq_tcp,none,none,,1,2155,512,584,1785153438616395000,1785153438616395000,1785153438616395000,1785153438616396000,1785153438616579000,1785153438616583000,1785153438616583000,1785153438616583000,121932490,121652369,-97.121,0.000,0.000,1.000,4.000,0.000,0.000,0.000,0,0,0
B3_zmq_pushpull,zmq_tcp,none,none,,1,2156,512,584,1785153438617297000,1785153438617298000,1785153438617298000,1785153438617299000,1785153438617458000,1785153438617462000,1785153438617462000,1785153438617462000,121932490,121652369,-121.121,1.000,0.000,1.000,4.000,0.000,0.000,0.000,0,0,0
B3_zmq_pushpull,zmq_tcp,none,none,,1,2157,512,584,1785153438618313000,1785153438618313000,1785153438618313000,1785153438618314000,1785153438618469000,1785153438618476000,1785153438618476000,1785153438618476000,121932490,121652369,-125.121,0.000,0.000,1.000,7.000,0.000,0.000,0.000,0,0,0
B3_zmq_pushpull,zmq_tcp,none,none,,1,2158,512,584,1785153438619412000,1785153438619412000,1785153438619412000,1785153438619413000,1785153438619465000,1785153438619469000,1785153438619469000,1785153438619469000,121932490,121652369,-228.121,0.000,0.000,1.000,4.000,0.000,0.000,0.000,0,0,0
B3_zmq_pushpull,zmq_tcp,none,none,,1,2159,512,584,1785153438620386000,1785153438620386000,1785153438620386000,1785153438620387000,1785153438620464000,1785153438620467000,1785153438620467000,1785153438620467000,121932490,121652369,-203.121,0.000,0.000,1.000,3.000,0.000,0.000,0.000,0,0,0
B3_zmq_pushpull,zmq_tcp,none,none,,1,2160,512,584,1785153438621395000,1785153438621395000,1785153438621395000,1785153438621396000,1785153438621471000,1785153438621474000,1785153438621474000,1785153438621474000,121932490,121652369,-205.121,0.000,0.000,1.000,3.000,0.000,0.000,0.000,0,0,0
B3_zmq_pushpull,zmq_tcp,none,none,,1,2161,512,584,1785153438622387000,1785153438622388000,1785153438622388000,1785153438622389000,1785153438622458000,1785153438622460000,1785153438622460000,1785153438622461000,121932490,121652369,-211.121,1.000,0.000,1.000,2.000,0.000,1.000,0.000,0,0,0
B3_zmq_pushpull,zmq_tcp,none,none,,1,2162,512,584,1785153438623396000,1785153438623396000,1785153438623396000,1785153438623398000,1785153438623463000,1785153438623467000,1785153438623467000,1785153438623467000,121932490,121652369,-215.121,0.000,0.000,2.000,4.000,0.000,0.000,0.000,0,0,0
B3_zmq_pushpull,zmq_tcp,none,none,,1,2163,512,584,1785153438624390000,1785153438624390000,1785153438624390000,1785153438624391000,1785153438624470000,1785153438624472000,1785153438624472000,1785153438624472000,121932490,121652369,-201.121,0.000,0.000,1.000,2.000,0.000,0.000,0.000,0,0,0
B3_zmq_pushpull,zmq_tcp,none,none,,1,2164,512,584,1785153438625397000,1785153438625397000,1785153438625397000,1785153438625398000,1785153438625482000,1785153438625484000,1785153438625484000,1785153438625484000,121932490,121652369,-196.121,0.000,0.000,1.000,2.000,0.000,0.000,0.000,0,0,0
B3_zmq_pushpull,zmq_tcp,none,none,,1,2165,512,584,1785153438626394000,1785153438626394000,1785153438626394000,1785153438626395000,1785153438626476000,1785153438626479000,1785153438626479000,1785153438626479000,121932490,121652369,-199.121,0.000,0.000,1.000,3.000,0.000,0.000,0.000,0,0,0
B3_zmq_pushpull,zmq_tcp,none,none,,1,2166,512,584,1785153438627394000,1785153438627394000,1785153438627394000,1785153438627395000,1785153438627487000,1785153438627490000,1785153438627490000,1785153438627490000,121932490,121652369,-188.121,0.000,0.000,1.000,3.000,0.000,0.000,0.000,0,0,0
B3_zmq_pushpull,zmq_tcp,none,none,,1,2167,512,584,1785153438628395000,1785153438628395000,1785153438628395000,1785153438628396000,1785153438628475000,1785153438628478000,1785153438628478000,1785153438628478000,121932490,121652369,-201.121,0.000,0.000,1.000,3.000,0.000,0.000,0.000,0,0,0
B3_zmq_pushpull,zmq_tcp,none,none,,1,2168,512,584,1785153438629392000,1785153438629393000,1785153438629393000,1785153438629394000,1785153438629455000,1785153438629457000,1785153438629457000,1785153438629457000,121932490,121652369,-219.121,1.000,0.000,1.000,2.000,0.000,0.000,0.000,0,0,0
B3_zmq_pushpull,zmq_tcp,none,none,,1,2169,512,584,1785153438630389000,1785153438630389000,1785153438630389000,1785153438630390000,1785153438630463000,1785153438630466000,1785153438630466000,1785153438630466000,121932490,121652369,-207.121,0.000,0.000,1.000,3.000,0.000,0.000,0.000,0,0,0
B3_zmq_pushpull,zmq_tcp,none,none,,1,2170,512,584,1785153438631312000,1785153438631312000,1785153438631312000,1785153438631313000,1785153438631472000,1785153438631475000,1785153438631475000,1785153438631475000,121932490,121652369,-121.121,0.000,0.000,1.000,3.000,0.000,0.000,0.000,0,0,0
B3_zmq_pushpull,zmq_tcp,none,none,,1,2171,512,584,1785153438632412000,1785153438632412000,1785153438632412000,1785153438632413000,1785153438632481000,1785153438632485000,1785153438632485000,1785153438632485000,121932490,121652369,-212.121,0.000,0.000,1.000,4.000,0.000,0.000,0.000,0,0,0
B3_zmq_pushpull,zmq_tcp,none,none,,1,2172,512,584,1785153438633389000,1785153438633389000,1785153438633390000,1785153438633390000,1785153438633472000,1785153438633475000,1785153438633475000,1785153438633475000,121932490,121652369,-198.121,0.000,1.000,0.000,3.000,0.000,0.000,0.000,0,0,0
B3_zmq_pushpull,zmq_tcp,none,none,,1,2173,512,584,1785153438634393000,1785153438634393000,1785153438634393000,1785153438634394000,1785153438634487000,1785153438634495000,1785153438634495000,1785153438634495000,121932490,121652369,-187.121,0.000,0.000,1.000,8.000,0.000,0.000,0.000,0,0,0
B3_zmq_pushpull,zmq_tcp,none,none,,1,2174,512,584,1785153438635392000,1785153438635392000,1785153438635392000,1785153438635393000,1785153438635494000,1785153438635496000,1785153438635496000,1785153438635496000,121932490,121652369,-179.121,0.000,0.000,1.000,2.000,0.000,0.000,0.000,0,0,0
B3_zmq_pushpull,zmq_tcp,none,none,,1,2175,512,584,1785153438636391000,1785153438636392000,1785153438636392000,1785153438636393000,1785153438636499000,1785153438636502000,1785153438636502000,1785153438636502000,121932490,121652369,-174.121,1.000,0.000,1.000,3.000,0.000,0.000,0.000,0,0,0
B3_zmq_pushpull,zmq_tcp,none,none,,1,2176,512,584,1785153438637208000,1785153438637208000,1785153438637208000,1785153438637209000,1785153438637366000,1785153438637369000,1785153438637369000,1785153438637369000,121932490,121652369,-123.121,0.000,0.000,1.000,3.000,0.000,0.000,0.000,0,0,0
B3_zmq_pushpull,zmq_tcp,none,none,,1,2177,512,584,1785153438638217000,1785153438638217000,1785153438638217000,1785153438638218000,1785153438638373000,1785153438638376000,1785153438638376000,1785153438638376000,121932490,121652369,-125.121,0.000,0.000,1.000,3.000,0.000,0.000,0.000,0,0,0
B3_zmq_pushpull,zmq_tcp,none,none,,1,2178,512,584,1785153438639220000,1785153438639220000,1785153438639220000,1785153438639221000,1785153438639370000,1785153438639372000,1785153438639373000,1785153438639373000,121932490,121652369,-131.121,0.000,0.000,1.000,2.000,1.000,0.000,0.000,0,0,0
B3_zmq_pushpull,zmq_tcp,none,none,,1,2179,512,584,1785153438640438000,1785153438640438000,1785153438640438000,1785153438640439000,1785153438640520000,1785153438640523000,1785153438640523000,1785153438640523000,121932490,121652369,-199.121,0.000,0.000,1.000,3.000,0.000,0.000,0.000,0,0,0
B3_zmq_pushpull,zmq_tcp,none,none,,1,2180,512,584,1785153438641380000,1785153438641380000,1785153438641380000,1785153438641381000,1785153438641538000,1785153438641540000,1785153438641540000,1785153438641540000,121932490,121652369,-123.121,0.000,0.000,1.000,2.000,0.000,0.000,0.000,0,0,0
B3_zmq_pushpull,zmq_tcp,none,none,,1,2181,512,584,1785153438642258000,1785153438642258000,1785153438642258000,1785153438642259000,1785153438642407000,1785153438642410000,1785153438642410000,1785153438642410000,121932490,121652369,-132.121,0.000,0.000,1.000,3.000,0.000,0.000,0.000,0,0,0
B3_zmq_pushpull,zmq_tcp,none,none,,1,2182,512,584,1785153438643427000,1785153438643427000,1785153438643428000,1785153438643428000,1785153438643546000,1785153438643548000,1785153438643548000,1785153438643548000,121932490,121652369,-162.121,0.000,1.000,0.000,2.000,0.000,0.000,0.000,0,0,0
B3_zmq_pushpull,zmq_tcp,none,none,,1,2183,512,584,1785153438644384000,1785153438644384000,1785153438644384000,1785153438644385000,1785153438644536000,1785153438644539000,1785153438644539000,1785153438644539000,121932490,121652369,-129.121,0.000,0.000,1.000,3.000,0.000,0.000,0.000,0,0,0
B3_zmq_pushpull,zmq_tcp,none,none,,1,2184,512,584,1785153438645229000,1785153438645230000,1785153438645230000,1785153438645231000,1785153438645392000,1785153438645396000,1785153438645396000,1785153438645396000,121932490,121652369,-119.121,1.000,0.000,1.000,4.000,0.000,0.000,0.000,0,0,0
B3_zmq_pushpull,zmq_tcp,none,none,,1,2185,512,584,1785153438646243000,1785153438646243000,1785153438646243000,1785153438646244000,1785153438646400000,1785153438646403000,1785153438646403000,1785153438646403000,121932490,121652369,-124.121,0.000,0.000,1.000,3.000,0.000,0.000,0.000,0,0,0
B3_zmq_pushpull,zmq_tcp,none,none,,1,2186,512,584,1785153438647255000,1785153438647256000,1785153438647256000,1785153438647257000,1785153438647414000,1785153438647417000,1785153438647417000,1785153438647417000,121932490,121652369,-123.121,1.000,0.000,1.000,3.000,0.000,0.000,0.000,0,0,0
B3_zmq_pushpull,zmq_tcp,none,none,,1,2187,512,584,1785153438648426000,1785153438648426000,1785153438648426000,1785153438648427000,1785153438648568000,1785153438648571000,1785153438648571000,1785153438648571000,121932490,121652369,-139.121,0.000,0.000,1.000,3.000,0.000,0.000,0.000,0,0,0
B3_zmq_pushpull,zmq_tcp,none,none,,1,2188,512,584,1785153438649383000,1785153438649383000,1785153438649383000,1785153438649384000,1785153438649568000,1785153438649571000,1785153438649571000,1785153438649571000,121932490,121652369,-96.121,0.000,0.000,1.000,3.000,0.000,0.000,0.000,0,0,0
B3_zmq_pushpull,zmq_tcp,none,none,,1,2189,512,584,1785153438650285000,1785153438650285000,1785153438650285000,1785153438650286000,1785153438650436000,1785153438650439000,1785153438650439000,1785153438650439000,121932490,121652369,-130.121,0.000,0.000,1.000,3.000,0.000,0.000,0.000,0,0,0
B3_zmq_pushpull,zmq_tcp,none,none,,1,2190,512,584,1785153438651282000,1785153438651282000,1785153438651282000,1785153438651284000,1785153438651442000,1785153438651446000,1785153438651446000,1785153438651446000,121932490,121652369,-122.121,0.000,0.000,2.000,4.000,0.000,0.000,0.000,0,0,0
B3_zmq_pushpull,zmq_tcp,none,none,,1,2191,512,584,1785153438652420000,1785153438652420000,1785153438652420000,1785153438652421000,1785153438652599000,1785153438652603000,1785153438652603000,1785153438652603000,121932490,121652369,-102.121,0.000,0.000,1.000,4.000,0.000,0.000,0.000,0,0,0
B3_zmq_pushpull,zmq_tcp,none,none,,1,2192,512,584,1785153438653385000,1785153438653385000,1785153438653385000,1785153438653386000,1785153438653462000,1785153438653465000,1785153438653465000,1785153438653465000,121932490,121652369,-204.121,0.000,0.000,1.000,3.000,0.000,0.000,0.000,0,0,0
B3_zmq_pushpull,zmq_tcp,none,none,,1,2193,512,584,1785153438654393000,1785153438654394000,1785153438654394000,1785153438654395000,1785153438654465000,1785153438654467000,1785153438654467000,1785153438654467000,121932490,121652369,-210.121,1.000,0.000,1.000,2.000,0.000,0.000,0.000,0,0,0
B3_zmq_pushpull,zmq_tcp,none,none,,1,2194,512,584,1785153438655396000,1785153438655396000,1785153438655396000,1785153438655397000,1785153438655466000,1785153438655469000,1785153438655469000,1785153438655469000,121932490,121652369,-211.121,0.000,0.000,1.000,3.000,0.000,0.000,0.000,0,0,0
B3_zmq_pushpull,zmq_tcp,none,none,,1,2195,512,584,1785153438656393000,1785153438656393000,1785153438656393000,1785153438656394000,1785153438656479000,1785153438656482000,1785153438656482000,1785153438656482000,121932490,121652369,-195.121,0.000,0.000,1.000,3.000,0.000,0.000,0.000,0,0,0
B3_zmq_pushpull,zmq_tcp,none,none,,1,2196,512,584,1785153438657204000,1785153438657204000,1785153438657204000,1785153438657205000,1785153438657350000,1785153438657355000,1785153438657355000,1785153438657355000,121932490,121652369,-135.121,0.000,0.000,1.000,5.000,0.000,0.000,0.000,0,0,0
B3_zmq_pushpull,zmq_tcp,none,none,,1,2197,512,584,1785153438658201000,1785153438658202000,1785153438658202000,1785153438658203000,1785153438658366000,1785153438658369000,1785153438658369000,1785153438658369000,121932490,121652369,-117.121,1.000,0.000,1.000,3.000,0.000,0.000,0.000,0,0,0
B3_zmq_pushpull,zmq_tcp,none,none,,1,2198,512,584,1785153438659440000,1785153438659440000,1785153438659440000,1785153438659441000,1785153438659634000,1785153438659637000,1785153438659637000,1785153438659637000,121932490,121652369,-87.121,0.000,0.000,1.000,3.000,0.000,0.000,0.000,0,0,0
B3_zmq_pushpull,zmq_tcp,none,none,,1,2199,512,584,1785153438660375000,1785153438660375000,1785153438660375000,1785153438660376000,1785153438660507000,1785153438660510000,1785153438660510000,1785153438660510000,121932490,121652369,-149.121,0.000,0.000,1.000,3.000,0.000,0.000,0.000,0,0,0
B3_zmq_pushpull,zmq_tcp,none,none,,1,2200,512,584,1785153438661400000,1785153438661400000,1785153438661400000,1785153438661401000,1785153438661526000,1785153438661531000,1785153438661531000,1785153438661531000,121932490,121652369,-155.121,0.000,0.000,1.000,5.000,0.000,0.000,0.000,0,0,0
B3_zmq_pushpull,zmq_tcp,none,none,,1,2201,512,584,1785153438662390000,1785153438662390000,1785153438662390000,1785153438662391000,1785153438662539000,1785153438662542000,1785153438662542000,1785153438662542000,121932490,121652369,-132.121,0.000,0.000,1.000,3.000,0.000,0.000,0.000,0,0,0
B3_zmq_pushpull,zmq_tcp,none,none,,1,2202,512,584,1785153438663394000,1785153438663395000,1785153438663395000,1785153438663396000,1785153438663562000,1785153438663565000,1785153438663565000,1785153438663565000,121932490,121652369,-114.121,1.000,0.000,1.000,3.000,0.000,0.000,0.000,0,0,0
B3_zmq_pushpull,zmq_tcp,none,none,,1,2203,512,584,1785153438664388000,1785153438664388000,1785153438664388000,1785153438664389000,1785153438664573000,1785153438664576000,1785153438664576000,1785153438664576000,121932490,121652369,-96.121,0.000,0.000,1.000,3.000,0.000,0.000,0.000,0,0,0
B3_zmq_pushpull,zmq_tcp,none,none,,1,2204,512,584,1785153438665280000,1785153438665281000,1785153438665281000,1785153438665282000,1785153438665415000,1785153438665419000,1785153438665419000,1785153438665419000,121932490,121652369,-147.121,1.000,0.000,1.000,4.000,0.000,0.000,0.000,0,0,0
B3_zmq_pushpull,zmq_tcp,none,none,,1,2205,512,584,1785153438666419000,1785153438666420000,1785153438666420000,1785153438666421000,1785153438666551000,1785153438666554000,1785153438666554000,1785153438666554000,121932490,121652369,-150.121,1.000,0.000,1.000,3.000,0.000,0.000,0.000,0,0,0
B3_zmq_pushpull,zmq_tcp,none,none,,1,2206,512,584,1785153438667385000,1785153438667385000,1785153438667385000,1785153438667386000,1785153438667561000,1785153438667563000,1785153438667563000,1785153438667563000,121932490,121652369,-105.121,0.000,0.000,1.000,2.000,0.000,0.000,0.000,0,0,0
B3_zmq_pushpull,zmq_tcp,none,none,,1,2207,512,584,1785153438668393000,1785153438668393000,1785153438668393000,1785153438668394000,1785153438668559000,1785153438668562000,1785153438668562000,1785153438668562000,121932490,121652369,-115.121,0.000,0.000,1.000,3.000,0.000,0.000,0.000,0,0,0
B3_zmq_pushpull,zmq_tcp,none,none,,1,2208,512,584,1785153438669392000,1785153438669393000,1785153438669393000,1785153438669394000,1785153438669568000,1785153438669571000,1785153438669571000,1785153438669571000,121932490,121652369,-106.121,1.000,0.000,1.000,3.000,0.000,0.000,0.000,0,0,0
B3_zmq_pushpull,zmq_tcp,none,none,,1,2209,512,584,1785153438670392000,1785153438670392000,1785153438670392000,1785153438670393000,1785153438670580000,1785153438670583000,1785153438670583000,1785153438670583000,121932490,121652369,-93.121,0.000,0.000,1.000,3.000,0.000,0.000,0.000,0,0,0
B3_zmq_pushpull,zmq_tcp,none,none,,1,2210,512,584,1785153438671286000,1785153438671286000,1785153438671286000,1785153438671287000,1785153438671434000,1785153438671437000,1785153438671437000,1785153438671437000,121932490,121652369,-133.121,0.000,0.000,1.000,3.000,0.000,0.000,0.000,0,0,0
B3_zmq_pushpull,zmq_tcp,none,none,,1,2211,512,584,1785153438672342000,1785153438672343000,1785153438672343000,1785153438672344000,1785153438672449000,1785153438672453000,1785153438672453000,1785153438672453000,121932490,121652369,-175.121,1.000,0.000,1.000,4.000,0.000,0.000,0.000,0,0,0
B3_zmq_pushpull,zmq_tcp,none,none,,1,2212,512,584,1785153438673292000,1785153438673293000,1785153438673293000,1785153438673294000,1785153438673447000,1785153438673450000,1785153438673450000,1785153438673450000,121932490,121652369,-127.121,1.000,0.000,1.000,3.000,0.000,0.000,0.000,0,0,0
B3_zmq_pushpull,zmq_tcp,none,none,,1,2213,512,584,1785153438674290000,1785153438674290000,1785153438674290000,1785153438674292000,1785153438674437000,1785153438674439000,1785153438674439000,1785153438674439000,121932490,121652369,-135.121,0.000,0.000,2.000,2.000,0.000,0.000,0.000,0,0,0
B3_zmq_pushpull,zmq_tcp,none,none,,1,2214,512,584,1785153438675289000,1785153438675289000,1785153438675289000,1785153438675290000,1785153438675443000,1785153438675446000,1785153438675446000,1785153438675446000,121932490,121652369,-127.121,0.000,0.000,1.000,3.000,0.000,0.000,0.000,0,0,0
B3_zmq_pushpull,zmq_tcp,none,none,,1,2215,512,584,1785153438676419000,1785153438676419000,1785153438676419000,1785153438676420000,1785153438676589000,1785153438676592000,1785153438676592000,1785153438676592000,121932490,121652369,-111.121,0.000,0.000,1.000,3.000,0.000,0.000,0.000,0,0,0
B3_zmq_pushpull,zmq_tcp,none,none,,1,2216,512,584,1785153438677385000,1785153438677385000,1785153438677385000,1785153438677386000,1785153438677444000,1785153438677448000,1785153438677448000,1785153438677448000,121932490,121652369,-222.121,0.000,0.000,1.000,4.000,0.000,0.000,0.000,0,0,0
B3_zmq_pushpull,zmq_tcp,none,none,,1,2217,512,584,1785153438678295000,1785153438678295000,1785153438678295000,1785153438678296000,1785153438678449000,1785153438678451000,1785153438678451000,1785153438678451000,121932490,121652369,-127.121,0.000,0.000,1.000,2.000,0.000,0.000,0.000,0,0,0
B3_zmq_pushpull,zmq_tcp,none,none,,1,2218,512,584,1785153438679282000,1785153438679282000,1785153438679282000,1785153438679284000,1785153438679441000,1785153438679444000,1785153438679444000,1785153438679444000,121932490,121652369,-123.121,0.000,0.000,2.000,3.000,0.000,0.000,0.000,0,0,0
B3_zmq_pushpull,zmq_tcp,none,none,,1,2219,512,584,1785153438680279000,1785153438680279000,1785153438680279000,1785153438680280000,1785153438680425000,1785153438680427000,1785153438680427000,1785153438680427000,121932490,121652369,-135.121,0.000,0.000,1.000,2.000,0.000,0.000,0.000,0,0,0
B3_zmq_pushpull,zmq_tcp,none,none,,1,2220,512,584,1785153438681420000,1785153438681420000,1785153438681420000,1785153438681421000,1785153438681558000,1785153438681561000,1785153438681561000,1785153438681561000,121932490,121652369,-143.121,0.000,0.000,1.000,3.000,0.000,0.000,0.000,0,0,0
B3_zmq_pushpull,zmq_tcp,none,none,,1,2221,512,584,1785153438682383000,1785153438682383000,1785153438682383000,1785153438682384000,1785153438682547000,1785153438682550000,1785153438682550000,1785153438682550000,121932490,121652369,-117.121,0.000,0.000,1.000,3.000,0.000,0.000,0.000,0,0,0
B3_zmq_pushpull,zmq_tcp,none,none,,1,2222,512,584,1785153438683395000,1785153438683395000,1785153438683395000,1785153438683396000,1785153438683554000,1785153438683557000,1785153438683557000,1785153438683557000,121932490,121652369,-122.121,0.000,0.000,1.000,3.000,0.000,0.000,0.000,0,0,0
B3_zmq_pushpull,zmq_tcp,none,none,,1,2223,512,584,1785153438684391000,1785153438684391000,1785153438684391000,1785153438684392000,1785153438684566000,1785153438684569000,1785153438684569000,1785153438684569000,121932490,121652369,-106.121,0.000,0.000,1.000,3.000,0.000,0.000,0.000,0,0,0
B3_zmq_pushpull,zmq_tcp,none,none,,1,2224,512,584,1785153438685396000,1785153438685396000,1785153438685396000,1785153438685397000,1785153438685569000,1785153438685573000,1785153438685573000,1785153438685573000,121932490,121652369,-108.121,0.000,0.000,1.000,4.000,0.000,0.000,0.000,0,0,0
B3_zmq_pushpull,zmq_tcp,none,none,,1,2225,512,584,1785153438686388000,1785153438686388000,1785153438686388000,1785153438686389000,1785153438686573000,1785153438686575000,1785153438686576000,1785153438686576000,121932490,121652369,-96.121,0.000,0.000,1.000,2.000,1.000,0.000,0.000,0,0,0
B3_zmq_pushpull,zmq_tcp,none,none,,1,2226,512,584,1785153438687393000,1785153438687393000,1785153438687393000,1785153438687394000,1785153438687453000,1785153438687455000,1785153438687455000,1785153438687455000,121932490,121652369,-221.121,0.000,0.000,1.000,2.000,0.000,0.000,0.000,0,0,0
B3_zmq_pushpull,zmq_tcp,none,none,,1,2227,512,584,1785153438688397000,1785153438688397000,1785153438688397000,1785153438688398000,1785153438688585000,1785153438688587000,1785153438688587000,1785153438688587000,121932490,121652369,-93.121,0.000,0.000,1.000,2.000,0.000,0.000,0.000,0,0,0
B3_zmq_pushpull,zmq_tcp,none,none,,1,2228,512,584,1785153438689287000,1785153438689287000,1785153438689287000,1785153438689288000,1785153438689445000,1785153438689447000,1785153438689447000,1785153438689447000,121932490,121652369,-123.121,0.000,0.000,1.000,2.000,0.000,0.000,0.000,0,0,0
B3_zmq_pushpull,zmq_tcp,none,none,,1,2229,512,584,1785153438690423000,1785153438690423000,1785153438690423000,1785153438690424000,1785153438690594000,1785153438690597000,1785153438690597000,1785153438690597000,121932490,121652369,-110.121,0.000,0.000,1.000,3.000,0.000,0.000,0.000,0,0,0
B3_zmq_pushpull,zmq_tcp,none,none,,1,2230,512,584,1785153438691308000,1785153438691308000,1785153438691309000,1785153438691309000,1785153438691467000,1785153438691470000,1785153438691470000,1785153438691470000,121932490,121652369,-122.121,0.000,1.000,0.000,3.000,0.000,0.000,0.000,0,0,0
B3_zmq_pushpull,zmq_tcp,none,none,,1,2231,512,584,1785153438692416000,1785153438692416000,1785153438692416000,1785153438692417000,1785153438692484000,1785153438692488000,1785153438692488000,1785153438692488000,121932490,121652369,-213.121,0.000,0.000,1.000,4.000,0.000,0.000,0.000,0,0,0
B3_zmq_pushpull,zmq_tcp,none,none,,1,2232,512,584,1785153438693386000,1785153438693387000,1785153438693387000,1785153438693388000,1785153438693474000,1785153438693478000,1785153438693478000,1785153438693478000,121932490,121652369,-194.121,1.000,0.000,1.000,4.000,0.000,0.000,0.000,0,0,0
B3_zmq_pushpull,zmq_tcp,none,none,,1,2233,512,584,1785153438694322000,1785153438694323000,1785153438694323000,1785153438694324000,1785153438694467000,1785153438694470000,1785153438694470000,1785153438694470000,121932490,121652369,-137.121,1.000,0.000,1.000,3.000,0.000,0.000,0.000,0,0,0
B3_zmq_pushpull,zmq_tcp,none,none,,1,2234,512,584,1785153438695409000,1785153438695409000,1785153438695409000,1785153438695410000,1785153438695459000,1785153438695462000,1785153438695462000,1785153438695462000,121932490,121652369,-231.121,0.000,0.000,1.000,3.000,0.000,0.000,0.000,0,0,0
B3_zmq_pushpull,zmq_tcp,none,none,,1,2235,512,584,1785153438696305000,1785153438696305000,1785153438696305000,1785153438696306000,1785153438696459000,1785153438696462000,1785153438696462000,1785153438696462000,121932490,121652369,-127.121,0.000,0.000,1.000,3.000,0.000,0.000,0.000,0,0,0
B3_zmq_pushpull,zmq_tcp,none,none,,1,2236,512,584,1785153438697286000,1785153438697286000,1785153438697286000,1785153438697287000,1785153438697441000,1785153438697443000,1785153438697443000,1785153438697443000,121932490,121652369,-126.121,0.000,0.000,1.000,2.000,0.000,0.000,0.000,0,0,0
B3_zmq_pushpull,zmq_tcp,none,none,,1,2237,512,584,1785153438698293000,1785153438698293000,1785153438698293000,1785153438698294000,1785153438698448000,1785153438698451000,1785153438698451000,1785153438698451000,121932490,121652369,-126.121,0.000,0.000,1.000,3.000,0.000,0.000,0.000,0,0,0
B3_zmq_pushpull,zmq_tcp,none,none,,1,2238,512,584,1785153438699294000,1785153438699294000,1785153438699294000,1785153438699295000,1785153438699438000,1785153438699441000,1785153438699441000,1785153438699441000,121932490,121652369,-137.121,0.000,0.000,1.000,3.000,0.000,0.000,0.000,0,0,0
B3_zmq_pushpull,zmq_tcp,none,none,,1,2239,512,584,1785153438700265000,1785153438700265000,1785153438700265000,1785153438700266000,1785153438700440000,1785153438700443000,1785153438700443000,1785153438700443000,121932490,121652369,-106.121,0.000,0.000,1.000,3.000,0.000,0.000,0.000,0,0,0
B3_zmq_pushpull,zmq_tcp,none,none,,1,2240,512,584,1785153438701293000,1785153438701293000,1785153438701293000,1785153438701294000,1785153438701429000,1785153438701433000,1785153438701433000,1785153438701433000,121932490,121652369,-145.121,0.000,0.000,1.000,4.000,0.000,0.000,0.000,0,0,0
B3_zmq_pushpull,zmq_tcp,none,none,,1,2241,512,584,1785153438702421000,1785153438702421000,1785153438702421000,1785153438702422000,1785153438702594000,1785153438702597000,1785153438702597000,1785153438702597000,121932490,121652369,-108.121,0.000,0.000,1.000,3.000,0.000,0.000,0.000,0,0,0
B3_zmq_pushpull,zmq_tcp,none,none,,1,2242,512,584,1785153438703385000,1785153438703385000,1785153438703385000,1785153438703386000,1785153438703444000,1785153438703447000,1785153438703447000,1785153438703447000,121932490,121652369,-222.121,0.000,0.000,1.000,3.000,0.000,0.000,0.000,0,0,0
B3_zmq_pushpull,zmq_tcp,none,none,,1,2243,512,584,1785153438704393000,1785153438704393000,1785153438704393000,1785153438704394000,1785153438704456000,1785153438704459000,1785153438704459000,1785153438704459000,121932490,121652369,-218.121,0.000,0.000,1.000,3.000,0.000,0.000,0.000,0,0,0
B3_zmq_pushpull,zmq_tcp,none,none,,1,2244,512,584,1785153438705315000,1785153438705315000,1785153438705315000,1785153438705316000,1785153438705464000,1785153438705467000,1785153438705467000,1785153438705467000,121932490,121652369,-132.121,0.000,0.000,1.000,3.000,0.000,0.000,0.000,0,0,0
B3_zmq_pushpull,zmq_tcp,none,none,,1,2245,512,584,1785153438706413000,1785153438706413000,1785153438706413000,1785153438706414000,1785153438706607000,1785153438706609000,1785153438706610000,1785153438706610000,121932490,121652369,-87.121,0.000,0.000,1.000,2.000,1.000,0.000,0.000,0,0,0
B3_zmq_pushpull,zmq_tcp,none,none,,1,2246,512,584,1785153438707386000,1785153438707386000,1785153438707386000,1785153438707387000,1785153438707441000,1785153438707445000,1785153438707445000,1785153438707445000,121932490,121652369,-226.121,0.000,0.000,1.000,4.000,0.000,0.000,0.000,0,0,0
B3_zmq_pushpull,zmq_tcp,none,none,,1,2247,512,584,1785153438708400000,1785153438708400000,1785153438708400000,1785153438708401000,1785153438708442000,1785153438708444000,1785153438708444000,1785153438708444000,121932490,121652369,-239.121,0.000,0.000,1.000,2.000,0.000,0.000,0.000,0,0,0
B3_zmq_pushpull,zmq_tcp,none,none,,1,2248,512,584,1785153438709391000,1785153438709391000,1785153438709391000,1785153438709392000,1785153438709446000,1785153438709450000,1785153438709450000,1785153438709450000,121932490,121652369,-226.121,0.000,0.000,1.000,4.000,0.000,0.000,0.000,0,0,0
B3_zmq_pushpull,zmq_tcp,none,none,,1,2249,512,584,1785153438710307000,1785153438710307000,1785153438710307000,1785153438710308000,1785153438710467000,1785153438710471000,1785153438710471000,1785153438710471000,121932490,121652369,-121.121,0.000,0.000,1.000,4.000,0.000,0.000,0.000,0,0,0
B3_zmq_pushpull,zmq_tcp,none,none,,1,2250,512,584,1785153438711412000,1785153438711412000,1785153438711412000,1785153438711413000,1785153438711470000,1785153438711473000,1785153438711473000,1785153438711473000,121932490,121652369,-223.121,0.000,0.000,1.000,3.000,0.000,0.000,0.000,0,0,0
B3_zmq_pushpull,zmq_tcp,none,none,,1,2251,512,584,1785153438712308000,1785153438712308000,1785153438712308000,1785153438712309000,1785153438712457000,1785153438712460000,1785153438712460000,1785153438712460000,121932490,121652369,-132.121,0.000,0.000,1.000,3.000,0.000,0.000,0.000,0,0,0
B3_zmq_pushpull,zmq_tcp,none,none,,1,2252,512,584,1785153438713300000,1785153438713300000,1785153438713300000,1785153438713301000,1785153438713463000,1785153438713470000,1785153438713470000,1785153438713470000,121932490,121652369,-118.121,0.000,0.000,1.000,7.000,0.000,0.000,0.000,0,0,0
B3_zmq_pushpull,zmq_tcp,none,none,,1,2253,512,584,1785153438714416000,1785153438714416000,1785153438714416000,1785153438714417000,1785153438714588000,1785153438714591000,1785153438714591000,1785153438714591000,121932490,121652369,-109.121,0.000,0.000,1.000,3.000,0.000,0.000,0.000,0,0,0
B3_zmq_pushpull,zmq_tcp,none,none,,1,2254,512,584,1785153438715388000,1785153438715388000,1785153438715388000,1785153438715389000,1785153438715577000,1785153438715579000,1785153438715579000,1785153438715579000,121932490,121652369,-92.121,0.000,0.000,1.000,2.000,0.000,0.000,0.000,0,0,0
B3_zmq_pushpull,zmq_tcp,none,none,,1,2255,512,584,1785153438716394000,1785153438716394000,1785153438716394000,1785153438716395000,1785153438716578000,1785153438716581000,1785153438716581000,1785153438716581000,121932490,121652369,-97.121,0.000,0.000,1.000,3.000,0.000,0.000,0.000,0,0,0
B3_zmq_pushpull,zmq_tcp,none,none,,1,2256,512,584,1785153438717392000,1785153438717392000,1785153438717392000,1785153438717393000,1785153438717441000,1785153438717444000,1785153438717444000,1785153438717444000,121932490,121652369,-232.121,0.000,0.000,1.000,3.000,0.000,0.000,0.000,0,0,0
B3_zmq_pushpull,zmq_tcp,none,none,,1,2257,512,584,1785153438718286000,1785153438718286000,1785153438718286000,1785153438718287000,1785153438718445000,1785153438718448000,1785153438718448000,1785153438718448000,121932490,121652369,-122.121,0.000,0.000,1.000,3.000,0.000,0.000,0.000,0,0,0
B3_zmq_pushpull,zmq_tcp,none,none,,1,2258,512,584,1785153438719419000,1785153438719419000,1785153438719419000,1785153438719420000,1785153438719605000,1785153438719607000,1785153438719607000,1785153438719607000,121932490,121652369,-95.121,0.000,0.000,1.000,2.000,0.000,0.000,0.000,0,0,0
B3_zmq_pushpull,zmq_tcp,none,none,,1,2259,512,584,1785153438720388000,1785153438720388000,1785153438720388000,1785153438720389000,1785153438720448000,1785153438720451000,1785153438720451000,1785153438720451000,121932490,121652369,-221.121,0.000,0.000,1.000,3.000,0.000,0.000,0.000,0,0,0
B3_zmq_pushpull,zmq_tcp,none,none,,1,2260,512,584,1785153438721392000,1785153438721392000,1785153438721393000,1785153438721393000,1785153438721461000,1785153438721465000,1785153438721465000,1785153438721465000,121932490,121652369,-212.121,0.000,1.000,0.000,4.000,0.000,0.000,0.000,0,0,0
B3_zmq_pushpull,zmq_tcp,none,none,,1,2261,512,584,1785153438722395000,1785153438722395000,1785153438722395000,1785153438722396000,1785153438722471000,1785153438722474000,1785153438722474000,1785153438722474000,121932490,121652369,-205.121,0.000,0.000,1.000,3.000,0.000,0.000,0.000,0,0,0
B3_zmq_pushpull,zmq_tcp,none,none,,1,2262,512,584,1785153438723392000,1785153438723392000,1785153438723392000,1785153438723393000,1785153438723486000,1785153438723489000,1785153438723489000,1785153438723489000,121932490,121652369,-187.121,0.000,0.000,1.000,3.000,0.000,0.000,0.000,0,0,0
B3_zmq_pushpull,zmq_tcp,none,none,,1,2263,512,584,1785153438724395000,1785153438724395000,1785153438724395000,1785153438724396000,1785153438724501000,1785153438724504000,1785153438724504000,1785153438724504000,121932490,121652369,-175.121,0.000,0.000,1.000,3.000,0.000,0.000,0.000,0,0,0
B3_zmq_pushpull,zmq_tcp,none,none,,1,2264,512,584,1785153438725390000,1785153438725391000,1785153438725391000,1785153438725392000,1785153438725507000,1785153438725510000,1785153438725510000,1785153438725510000,121932490,121652369,-165.121,1.000,0.000,1.000,3.000,0.000,0.000,0.000,0,0,0
B3_zmq_pushpull,zmq_tcp,none,none,,1,2265,512,584,1785153438726396000,1785153438726396000,1785153438726396000,1785153438726397000,1785153438726517000,1785153438726519000,1785153438726520000,1785153438726520000,121932490,121652369,-160.121,0.000,0.000,1.000,2.000,1.000,0.000,0.000,0,0,0
B3_zmq_pushpull,zmq_tcp,none,none,,1,2266,512,584,1785153438727394000,1785153438727395000,1785153438727395000,1785153438727396000,1785153438727511000,1785153438727514000,1785153438727514000,1785153438727514000,121932490,121652369,-165.121,1.000,0.000,1.000,3.000,0.000,0.000,0.000,0,0,0
B3_zmq_pushpull,zmq_tcp,none,none,,1,2267,512,584,1785153438728392000,1785153438728392000,1785153438728392000,1785153438728393000,1785153438728505000,1785153438728508000,1785153438728508000,1785153438728508000,121932490,121652369,-168.121,0.000,0.000,1.000,3.000,0.000,0.000,0.000,0,0,0
B3_zmq_pushpull,zmq_tcp,none,none,,1,2268,512,584,1785153438729389000,1785153438729389000,1785153438729389000,1785153438729390000,1785153438729500000,1785153438729503000,1785153438729503000,1785153438729503000,121932490,121652369,-170.121,0.000,0.000,1.000,3.000,0.000,0.000,0.000,0,0,0
B3_zmq_pushpull,zmq_tcp,none,none,,1,2269,512,584,1785153438730394000,1785153438730394000,1785153438730394000,1785153438730395000,1785153438730496000,1785153438730500000,1785153438730500000,1785153438730500000,121932490,121652369,-179.121,0.000,0.000,1.000,4.000,0.000,0.000,0.000,0,0,0
B3_zmq_pushpull,zmq_tcp,none,none,,1,2270,512,584,1785153438731394000,1785153438731395000,1785153438731395000,1785153438731396000,1785153438731518000,1785153438731526000,1785153438731526000,1785153438731526000,121932490,121652369,-158.121,1.000,0.000,1.000,8.000,0.000,0.000,0.000,0,0,0
B3_zmq_pushpull,zmq_tcp,none,none,,1,2271,512,584,1785153438732388000,1785153438732389000,1785153438732389000,1785153438732390000,1785153438732539000,1785153438732542000,1785153438732542000,1785153438732542000,121932490,121652369,-131.121,1.000,0.000,1.000,3.000,0.000,0.000,0.000,0,0,0
B3_zmq_pushpull,zmq_tcp,none,none,,1,2272,512,584,1785153438733393000,1785153438733393000,1785153438733393000,1785153438733394000,1785153438733538000,1785153438733541000,1785153438733541000,1785153438733541000,121932490,121652369,-136.121,0.000,0.000,1.000,3.000,0.000,0.000,0.000,0,0,0
B3_zmq_pushpull,zmq_tcp,none,none,,1,2273,512,584,1785153438734258000,1785153438734258000,1785153438734258000,1785153438734259000,1785153438734408000,1785153438734410000,1785153438734410000,1785153438734410000,121932490,121652369,-131.121,0.000,0.000,1.000,2.000,0.000,0.000,0.000,0,0,0
B3_zmq_pushpull,zmq_tcp,none,none,,1,2274,512,584,1785153438735428000,1785153438735428000,1785153438735428000,1785153438735429000,1785153438735537000,1785153438735540000,1785153438735540000,1785153438735540000,121932490,121652369,-172.121,0.000,0.000,1.000,3.000,0.000,0.000,0.000,0,0,0
B3_zmq_pushpull,zmq_tcp,none,none,,1,2275,512,584,1785153438736246000,1785153438736246000,1785153438736246000,1785153438736247000,1785153438736405000,1785153438736408000,1785153438736408000,1785153438736408000,121932490,121652369,-122.121,0.000,0.000,1.000,3.000,0.000,0.000,0.000,0,0,0
B3_zmq_pushpull,zmq_tcp,none,none,,1,2276,512,584,1785153438737261000,1785153438737261000,1785153438737262000,1785153438737262000,1785153438737407000,1785153438737410000,1785153438737410000,1785153438737410000,121932490,121652369,-135.121,0.000,1.000,0.000,3.000,0.000,0.000,0.000,0,0,0
B3_zmq_pushpull,zmq_tcp,none,none,,1,2277,512,584,1785153438738277000,1785153438738277000,1785153438738277000,1785153438738278000,1785153438738426000,1785153438738429000,1785153438738429000,1785153438738429000,121932490,121652369,-132.121,0.000,0.000,1.000,3.000,0.000,0.000,0.000,0,0,0
B3_zmq_pushpull,zmq_tcp,none,none,,1,2278,512,584,1785153438739421000,1785153438739421000,1785153438739421000,1785153438739422000,1785153438739563000,1785153438739566000,1785153438739566000,1785153438739566000,121932490,121652369,-139.121,0.000,0.000,1.000,3.000,0.000,0.000,0.000,0,0,0
B3_zmq_pushpull,zmq_tcp,none,none,,1,2279,512,584,1785153438740382000,1785153438740382000,1785153438740382000,1785153438740383000,1785153438740568000,1785153438740570000,1785153438740570000,1785153438740570000,121932490,121652369,-95.121,0.000,0.000,1.000,2.000,0.000,0.000,0.000,0,0,0
B3_zmq_pushpull,zmq_tcp,none,none,,1,2280,512,584,1785153438741266000,1785153438741266000,1785153438741266000,1785153438741267000,1785153438741422000,1785153438741425000,1785153438741425000,1785153438741425000,121932490,121652369,-125.121,0.000,0.000,1.000,3.000,0.000,0.000,0.000,0,0,0
B3_zmq_pushpull,zmq_tcp,none,none,,1,2281,512,584,1785153438742424000,1785153438742424000,1785153438742424000,1785153438742425000,1785153438742550000,1785153438742553000,1785153438742553000,1785153438742553000,121932490,121652369,-155.121,0.000,0.000,1.000,3.000,0.000,0.000,0.000,0,0,0
B3_zmq_pushpull,zmq_tcp,none,none,,1,2282,512,584,1785153438743381000,1785153438743382000,1785153438743382000,1785153438743383000,1785153438743423000,1785153438743426000,1785153438743426000,1785153438743426000,121932490,121652369,-240.121,1.000,0.000,1.000,3.000,0.000,0.000,0.000,0,0,0
B3_zmq_pushpull,zmq_tcp,none,none,,1,2283,512,584,1785153438744277000,1785153438744277000,1785153438744277000,1785153438744278000,1785153438744433000,1785153438744436000,1785153438744436000,1785153438744436000,121932490,121652369,-125.121,0.000,0.000,1.000,3.000,0.000,0.000,0.000,0,0,0
B3_zmq_pushpull,zmq_tcp,none,none,,1,2284,512,584,1785153438745288000,1785153438745289000,1785153438745289000,1785153438745290000,1785153438745435000,1785153438745438000,1785153438745438000,1785153438745438000,121932490,121652369,-135.121,1.000,0.000,1.000,3.000,0.000,0.000,0.000,0,0,0
B3_zmq_pushpull,zmq_tcp,none,none,,1,2285,512,584,1785153438746296000,1785153438746297000,1785153438746297000,1785153438746298000,1785153438746454000,1785153438746457000,1785153438746457000,1785153438746457000,121932490,121652369,-124.121,1.000,0.000,1.000,3.000,0.000,0.000,0.000,0,0,0
B3_zmq_pushpull,zmq_tcp,none,none,,1,2286,512,584,1785153438747302000,1785153438747302000,1785153438747302000,1785153438747303000,1785153438747460000,1785153438747463000,1785153438747463000,1785153438747463000,121932490,121652369,-123.121,0.000,0.000,1.000,3.000,0.000,0.000,0.000,0,0,0
B3_zmq_pushpull,zmq_tcp,none,none,,1,2287,512,584,1785153438748415000,1785153438748416000,1785153438748416000,1785153438748417000,1785153438748600000,1785153438748602000,1785153438748602000,1785153438748602000,121932490,121652369,-97.121,1.000,0.000,1.000,2.000,0.000,0.000,0.000,0,0,0
B3_zmq_pushpull,zmq_tcp,none,none,,1,2288,512,584,1785153438749313000,1785153438749313000,1785153438749313000,1785153438749314000,1785153438749468000,1785153438749470000,1785153438749470000,1785153438749470000,121932490,121652369,-126.121,0.000,0.000,1.000,2.000,0.000,0.000,0.000,0,0,0
B3_zmq_pushpull,zmq_tcp,none,none,,1,2289,512,584,1785153438750302000,1785153438750302000,1785153438750302000,1785153438750303000,1785153438750456000,1785153438750458000,1785153438750458000,1785153438750458000,121932490,121652369,-127.121,0.000,0.000,1.000,2.000,0.000,0.000,0.000,0,0,0
B3_zmq_pushpull,zmq_tcp,none,none,,1,2290,512,584,1785153438751297000,1785153438751297000,1785153438751297000,1785153438751298000,1785153438751441000,1785153438751444000,1785153438751444000,1785153438751444000,121932490,121652369,-137.121,0.000,0.000,1.000,3.000,0.000,0.000,0.000,0,0,0
B3_zmq_pushpull,zmq_tcp,none,none,,1,2291,512,584,1785153438752416000,1785153438752416000,1785153438752416000,1785153438752417000,1785153438752602000,1785153438752605000,1785153438752605000,1785153438752605000,121932490,121652369,-95.121,0.000,0.000,1.000,3.000,0.000,0.000,0.000,0,0,0
B3_zmq_pushpull,zmq_tcp,none,none,,1,2292,512,584,1785153438753385000,1785153438753385000,1785153438753385000,1785153438753386000,1785153438753470000,1785153438753473000,1785153438753473000,1785153438753473000,121932490,121652369,-196.121,0.000,0.000,1.000,3.000,0.000,0.000,0.000,0,0,0
B3_zmq_pushpull,zmq_tcp,none,none,,1,2293,512,584,1785153438754396000,1785153438754396000,1785153438754396000,1785153438754397000,1785153438754480000,1785153438754482000,1785153438754482000,1785153438754482000,121932490,121652369,-197.121,0.000,0.000,1.000,2.000,0.000,0.000,0.000,0,0,0
B3_zmq_pushpull,zmq_tcp,none,none,,1,2294,512,584,1785153438755392000,1785153438755392000,1785153438755392000,1785153438755393000,1785153438755485000,1785153438755488000,1785153438755488000,1785153438755488000,121932490,121652369,-188.121,0.000,0.000,1.000,3.000,0.000,0.000,0.000,0,0,0
B3_zmq_pushpull,zmq_tcp,none,none,,1,2295,512,584,1785153438756394000,1785153438756394000,1785153438756394000,1785153438756395000,1785153438756490000,1785153438756493000,1785153438756493000,1785153438756493000,121932490,121652369,-185.121,0.000,0.000,1.000,3.000,0.000,0.000,0.000,0,0,0
B3_zmq_pushpull,zmq_tcp,none,none,,1,2296,512,584,1785153438757201000,1785153438757201000,1785153438757201000,1785153438757202000,1785153438757358000,1785153438757361000,1785153438757361000,1785153438757361000,121932490,121652369,-124.121,0.000,0.000,1.000,3.000,0.000,0.000,0.000,0,0,0
B3_zmq_pushpull,zmq_tcp,none,none,,1,2297,512,584,1785153438758441000,1785153438758441000,1785153438758441000,1785153438758442000,1785153438758506000,1785153438758509000,1785153438758509000,1785153438758509000,121932490,121652369,-216.121,0.000,0.000,1.000,3.000,0.000,0.000,0.000,0,0,0
B3_zmq_pushpull,zmq_tcp,none,none,,1,2298,512,584,1785153438759380000,1785153438759380000,1785153438759380000,1785153438759381000,1785153438759500000,1785153438759503000,1785153438759503000,1785153438759503000,121932490,121652369,-161.121,0.000,0.000,1.000,3.000,0.000,0.000,0.000,0,0,0
B3_zmq_pushpull,zmq_tcp,none,none,,1,2299,512,584,1785153438760397000,1785153438760397000,1785153438760397000,1785153438760398000,1785153438760489000,1785153438760492000,1785153438760492000,1785153438760492000,121932490,121652369,-189.121,0.000,0.000,1.000,3.000,0.000,0.000,0.000,0,0,0
B3_zmq_pushpull,zmq_tcp,none,none,,1,2300,512,584,1785153438761202000,1785153438761202000,1785153438761202000,1785153438761203000,1785153438761346000,1785153438761348000,1785153438761349000,1785153438761349000,121932490,121652369,-137.121,0.000,0.000,1.000,2.000,1.000,0.000,0.000,0,0,0
B3_zmq_pushpull,zmq_tcp,none,none,,1,2301,512,584,1785153438762197000,1785153438762197000,1785153438762197000,1785153438762198000,1785153438762356000,1785153438762358000,1785153438762358000,1785153438762358000,121932490,121652369,-122.121,0.000,0.000,1.000,2.000,0.000,0.000,0.000,0,0,0
B3_zmq_pushpull,zmq_tcp,none,none,,1,2302,512,584,1785153438763195000,1785153438763195000,1785153438763195000,1785153438763196000,1785153438763349000,1785153438763352000,1785153438763352000,1785153438763352000,121932490,121652369,-127.121,0.000,0.000,1.000,3.000,0.000,0.000,0.000,0,0,0
B3_zmq_pushpull,zmq_tcp,none,none,,1,2303,512,584,1785153438764195000,1785153438764195000,1785153438764195000,1785153438764196000,1785153438764336000,1785153438764338000,1785153438764338000,1785153438764338000,121932490,121652369,-140.121,0.000,0.000,1.000,2.000,0.000,0.000,0.000,0,0,0
B3_zmq_pushpull,zmq_tcp,none,none,,1,2304,512,584,1785153438765442000,1785153438765442000,1785153438765442000,1785153438765444000,1785153438765488000,1785153438765492000,1785153438765492000,1785153438765492000,121932490,121652369,-236.121,0.000,0.000,2.000,4.000,0.000,0.000,0.000,0,0,0
B3_zmq_pushpull,zmq_tcp,none,none,,1,2305,512,584,1785153438766204000,1785153438766204000,1785153438766204000,1785153438766205000,1785153438766365000,1785153438766368000,1785153438766368000,1785153438766368000,121932490,121652369,-120.121,0.000,0.000,1.000,3.000,0.000,0.000,0.000,0,0,0
B3_zmq_pushpull,zmq_tcp,none,none,,1,2306,512,584,1785153438767444000,1785153438767444000,1785153438767444000,1785153438767445000,1785153438767629000,1785153438767632000,1785153438767632000,1785153438767632000,121932490,121652369,-96.121,0.000,0.000,1.000,3.000,0.000,0.000,0.000,0,0,0
B3_zmq_pushpull,zmq_tcp,none,none,,1,2307,512,584,1785153438768197000,1785153438768197000,1785153438768197000,1785153438768198000,1785153438768356000,1785153438768358000,1785153438768358000,1785153438768359000,121932490,121652369,-122.121,0.000,0.000,1.000,2.000,0.000,1.000,0.000,0,0,0
B3_zmq_pushpull,zmq_tcp,none,none,,1,2308,512,584,1785153438769446000,1785153438769446000,1785153438769446000,1785153438769447000,1785153438769506000,1785153438769509000,1785153438769509000,1785153438769509000,121932490,121652369,-221.121,0.000,0.000,1.000,3.000,0.000,0.000,0.000,0,0,0
B3_zmq_pushpull,zmq_tcp,none,none,,1,2309,512,584,1785153438770198000,1785153438770198000,1785153438770198000,1785153438770199000,1785153438770343000,1785153438770346000,1785153438770346000,1785153438770346000,121932490,121652369,-136.121,0.000,0.000,1.000,3.000,0.000,0.000,0.000,0,0,0
B3_zmq_pushpull,zmq_tcp,none,none,,1,2310,512,584,1785153438771205000,1785153438771206000,1785153438771206000,1785153438771207000,1785153438771338000,1785153438771341000,1785153438771341000,1785153438771341000,121932490,121652369,-149.121,1.000,0.000,1.000,3.000,0.000,0.000,0.000,0,0,0
B3_zmq_pushpull,zmq_tcp,none,none,,1,2311,512,584,1785153438772305000,1785153438772305000,1785153438772305000,1785153438772306000,1785153438772465000,1785153438772468000,1785153438772468000,1785153438772468000,121932490,121652369,-121.121,0.000,0.000,1.000,3.000,0.000,0.000,0.000,0,0,0
B3_zmq_pushpull,zmq_tcp,none,none,,1,2312,512,584,1785153438773297000,1785153438773297000,1785153438773297000,1785153438773298000,1785153438773456000,1785153438773458000,1785153438773458000,1785153438773458000,121932490,121652369,-122.121,0.000,0.000,1.000,2.000,0.000,0.000,0.000,0,0,0
B3_zmq_pushpull,zmq_tcp,none,none,,1,2313,512,584,1785153438774303000,1785153438774303000,1785153438774303000,1785153438774304000,1785153438774453000,1785153438774455000,1785153438774455000,1785153438774455000,121932490,121652369,-131.121,0.000,0.000,1.000,2.000,0.000,0.000,0.000,0,0,0
B3_zmq_pushpull,zmq_tcp,none,none,,1,2314,512,584,1785153438775418000,1785153438775418000,1785153438775418000,1785153438775419000,1785153438775592000,1785153438775594000,1785153438775594000,1785153438775594000,121932490,121652369,-107.121,0.000,0.000,1.000,2.000,0.000,0.000,0.000,0,0,0
B3_zmq_pushpull,zmq_tcp,none,none,,1,2315,512,584,1785153438776386000,1785153438776386000,1785153438776386000,1785153438776387000,1785153438776453000,1785153438776456000,1785153438776456000,1785153438776456000,121932490,121652369,-214.121,0.000,0.000,1.000,3.000,0.000,0.000,0.000,0,0,0
B3_zmq_pushpull,zmq_tcp,none,none,,1,2316,512,584,1785153438777292000,1785153438777292000,1785153438777292000,1785153438777293000,1785153438777436000,1785153438777439000,1785153438777439000,1785153438777439000,121932490,121652369,-137.121,0.000,0.000,1.000,3.000,0.000,0.000,0.000,0,0,0
B3_zmq_pushpull,zmq_tcp,none,none,,1,2317,512,584,1785153438778418000,1785153438778418000,1785153438778418000,1785153438778419000,1785153438778573000,1785153438778576000,1785153438778576000,1785153438778576000,121932490,121652369,-126.121,0.000,0.000,1.000,3.000,0.000,0.000,0.000,0,0,0
B3_zmq_pushpull,zmq_tcp,none,none,,1,2318,512,584,1785153438779386000,1785153438779386000,1785153438779386000,1785153438779387000,1785153438779431000,1785153438779434000,1785153438779434000,1785153438779434000,121932490,121652369,-236.121,0.000,0.000,1.000,3.000,0.000,0.000,0.000,0,0,0
B3_zmq_pushpull,zmq_tcp,none,none,,1,2319,512,584,1785153438780396000,1785153438780396000,1785153438780396000,1785153438780397000,1785153438780454000,1785153438780458000,1785153438780459000,1785153438780459000,121932490,121652369,-223.121,0.000,0.000,1.000,4.000,1.000,0.000,0.000,0,0,0
B3_zmq_pushpull,zmq_tcp,none,none,,1,2320,512,584,1785153438781288000,1785153438781288000,1785153438781288000,1785153438781289000,1785153438781445000,1785153438781448000,1785153438781448000,1785153438781448000,121932490,121652369,-124.121,0.000,0.000,1.000,3.000,0.000,0.000,0.000,0,0,0
B3_zmq_pushpull,zmq_tcp,none,none,,1,2321,512,584,1785153438782419000,1785153438782419000,1785153438782419000,1785153438782420000,1785153438782598000,1785153438782601000,1785153438782601000,1785153438782601000,121932490,121652369,-102.121,0.000,0.000,1.000,3.000,0.000,0.000,0.000,0,0,0
B3_zmq_pushpull,zmq_tcp,none,none,,1,2322,512,584,1785153438783307000,1785153438783307000,1785153438783308000,1785153438783309000,1785153438783461000,1785153438783464000,1785153438783464000,1785153438783464000,121932490,121652369,-128.121,0.000,1.000,1.000,3.000,0.000,0.000,0.000,0,0,0
B3_zmq_pushpull,zmq_tcp,none,none,,1,2323,512,584,1785153438784414000,1785153438784414000,1785153438784414000,1785153438784415000,1785153438784466000,1785153438784469000,1785153438784469000,1785153438784469000,121932490,121652369,-229.121,0.000,0.000,1.000,3.000,0.000,0.000,0.000,0,0,0
B3_zmq_pushpull,zmq_tcp,none,none,,1,2324,512,584,1785153438785387000,1785153438785387000,1785153438785387000,1785153438785388000,1785153438785462000,1785153438785465000,1785153438785465000,1785153438785465000,121932490,121652369,-206.121,0.000,0.000,1.000,3.000,0.000,0.000,0.000,0,0,0
B3_zmq_pushpull,zmq_tcp,none,none,,1,2325,512,584,1785153438786396000,1785153438786396000,1785153438786396000,1785153438786397000,1785153438786458000,1785153438786462000,1785153438786462000,1785153438786462000,121932490,121652369,-219.121,0.000,0.000,1.000,4.000,0.000,0.000,0.000,0,0,0
B3_zmq_pushpull,zmq_tcp,none,none,,1,2326,512,584,1785153438787389000,1785153438787390000,1785153438787390000,1785153438787391000,1785153438787459000,1785153438787461000,1785153438787462000,1785153438787462000,121932490,121652369,-212.121,1.000,0.000,1.000,2.000,1.000,0.000,0.000,0,0,0
B3_zmq_pushpull,zmq_tcp,none,none,,1,2327,512,584,1785153438788394000,1785153438788394000,1785153438788394000,1785153438788395000,1785153438788484000,1785153438788486000,1785153438788486000,1785153438788486000,121932490,121652369,-191.121,0.000,0.000,1.000,2.000,0.000,0.000,0.000,0,0,0
B3_zmq_pushpull,zmq_tcp,none,none,,1,2328,512,584,1785153438789393000,1785153438789393000,1785153438789393000,1785153438789394000,1785153438789506000,1785153438789509000,1785153438789509000,1785153438789509000,121932490,121652369,-168.121,0.000,0.000,1.000,3.000,0.000,0.000,0.000,0,0,0
B3_zmq_pushpull,zmq_tcp,none,none,,1,2329,512,584,1785153438790392000,1785153438790392000,1785153438790392000,1785153438790393000,1785153438790513000,1785153438790516000,1785153438790516000,1785153438790516000,121932490,121652369,-160.121,0.000,0.000,1.000,3.000,0.000,0.000,0.000,0,0,0
B3_zmq_pushpull,zmq_tcp,none,none,,1,2330,512,584,1785153438791392000,1785153438791392000,1785153438791392000,1785153438791393000,1785153438791522000,1785153438791525000,1785153438791525000,1785153438791525000,121932490,121652369,-151.121,0.000,0.000,1.000,3.000,0.000,0.000,0.000,0,0,0
B3_zmq_pushpull,zmq_tcp,none,none,,1,2331,512,584,1785153438792392000,1785153438792392000,1785153438792392000,1785153438792393000,1785153438792528000,1785153438792532000,1785153438792532000,1785153438792532000,121932490,121652369,-145.121,0.000,0.000,1.000,4.000,0.000,0.000,0.000,0,0,0
B3_zmq_pushpull,zmq_tcp,none,none,,1,2332,512,584,1785153438793225000,1785153438793225000,1785153438793225000,1785153438793226000,1785153438793373000,1785153438793376000,1785153438793376000,1785153438793376000,121932490,121652369,-133.121,0.000,0.000,1.000,3.000,0.000,0.000,0.000,0,0,0
B3_zmq_pushpull,zmq_tcp,none,none,,1,2333,512,584,1785153438794436000,1785153438794436000,1785153438794436000,1785153438794437000,1785153438794617000,1785153438794620000,1785153438794620000,1785153438794620000,121932490,121652369,-100.121,0.000,0.000,1.000,3.000,0.000,0.000,0.000,0,0,0
B3_zmq_pushpull,zmq_tcp,none,none,,1,2334,512,584,1785153438795351000,1785153438795351000,1785153438795351000,1785153438795352000,1785153438795496000,1785153438795498000,1785153438795499000,1785153438795499000,121932490,121652369,-136.121,0.000,0.000,1.000,2.000,1.000,0.000,0.000,0,0,0
B3_zmq_pushpull,zmq_tcp,none,none,,1,2335,512,584,1785153438796210000,1785153438796210000,1785153438796210000,1785153438796211000,1785153438796370000,1785153438796373000,1785153438796373000,1785153438796373000,121932490,121652369,-121.121,0.000,0.000,1.000,3.000,0.000,0.000,0.000,0,0,0
B3_zmq_pushpull,zmq_tcp,none,none,,1,2336,512,584,1785153438797439000,1785153438797439000,1785153438797439000,1785153438797440000,1785153438797512000,1785153438797514000,1785153438797514000,1785153438797514000,121932490,121652369,-208.121,0.000,0.000,1.000,2.000,0.000,0.000,0.000,0,0,0
B3_zmq_pushpull,zmq_tcp,none,none,,1,2337,512,584,1785153438798195000,1785153438798195000,1785153438798195000,1785153438798196000,1785153438798349000,1785153438798352000,1785153438798352000,1785153438798352000,121932490,121652369,-127.121,0.000,0.000,1.000,3.000,0.000,0.000,0.000,0,0,0
B3_zmq_pushpull,zmq_tcp,none,none,,1,2338,512,584,1785153438799195000,1785153438799195000,1785153438799195000,1785153438799196000,1785153438799336000,1785153438799339000,1785153438799339000,1785153438799339000,121932490,121652369,-140.121,0.000,0.000,1.000,3.000,0.000,0.000,0.000,0,0,0
B3_zmq_pushpull,zmq_tcp,none,none,,1,2339,512,584,1785153438800442000,1785153438800442000,1785153438800442000,1785153438800443000,1785153438800597000,1785153438800600000,1785153438800600000,1785153438800600000,121932490,121652369,-126.121,0.000,0.000,1.000,3.000,0.000,0.000,0.000,0,0,0
B3_zmq_pushpull,zmq_tcp,none,none,,1,2340,512,584,1785153438801379000,1785153438801379000,1785153438801379000,1785153438801380000,1785153438801452000,1785153438801455000,1785153438801455000,1785153438801455000,121932490,121652369,-208.121,0.000,0.000,1.000,3.000,0.000,0.000,0.000,0,0,0
B3_zmq_pushpull,zmq_tcp,none,none,,1,2341,512,584,1785153438802396000,1785153438802396000,1785153438802397000,1785153438802397000,1785153438802460000,1785153438802463000,1785153438802463000,1785153438802463000,121932490,121652369,-217.121,0.000,1.000,0.000,3.000,0.000,0.000,0.000,0,0,0
B3_zmq_pushpull,zmq_tcp,none,none,,1,2342,512,584,1785153438803392000,1785153438803392000,1785153438803392000,1785153438803393000,1785153438803455000,1785153438803459000,1785153438803459000,1785153438803459000,121932490,121652369,-218.121,0.000,0.000,1.000,4.000,0.000,0.000,0.000,0,0,0
B3_zmq_pushpull,zmq_tcp,none,none,,1,2343,512,584,1785153438804392000,1785153438804392000,1785153438804393000,1785153438804393000,1785153438804469000,1785153438804472000,1785153438804472000,1785153438804472000,121932490,121652369,-204.121,0.000,1.000,0.000,3.000,0.000,0.000,0.000,0,0,0
B3_zmq_pushpull,zmq_tcp,none,none,,1,2344,512,584,1785153438805393000,1785153438805393000,1785153438805393000,1785153438805394000,1785153438805457000,1785153438805460000,1785153438805460000,1785153438805460000,121932490,121652369,-217.121,0.000,0.000,1.000,3.000,0.000,0.000,0.000,0,0,0
B3_zmq_pushpull,zmq_tcp,none,none,,1,2345,512,584,1785153438806392000,1785153438806393000,1785153438806393000,1785153438806394000,1785153438806452000,1785153438806455000,1785153438806455000,1785153438806455000,121932490,121652369,-222.121,1.000,0.000,1.000,3.000,0.000,0.000,0.000,0,0,0
B3_zmq_pushpull,zmq_tcp,none,none,,1,2346,512,584,1785153438807394000,1785153438807394000,1785153438807394000,1785153438807395000,1785153438807448000,1785153438807451000,1785153438807451000,1785153438807451000,121932490,121652369,-227.121,0.000,0.000,1.000,3.000,0.000,0.000,0.000,0,0,0
B3_zmq_pushpull,zmq_tcp,none,none,,1,2347,512,584,1785153438808390000,1785153438808390000,1785153438808390000,1785153438808391000,1785153438808457000,1785153438808460000,1785153438808460000,1785153438808460000,121932490,121652369,-214.121,0.000,0.000,1.000,3.000,0.000,0.000,0.000,0,0,0
B3_zmq_pushpull,zmq_tcp,none,none,,1,2348,512,584,1785153438809393000,1785153438809393000,1785153438809393000,1785153438809394000,1785153438809482000,1785153438809486000,1785153438809486000,1785153438809486000,121932490,121652369,-192.121,0.000,0.000,1.000,4.000,0.000,0.000,0.000,0,0,0
B3_zmq_pushpull,zmq_tcp,none,none,,1,2349,512,584,1785153438810393000,1785153438810393000,1785153438810393000,1785153438810394000,1785153438810502000,1785153438810505000,1785153438810505000,1785153438810505000,121932490,121652369,-172.121,0.000,0.000,1.000,3.000,0.000,0.000,0.000,0,0,0
B3_zmq_pushpull,zmq_tcp,none,none,,1,2350,512,584,1785153438811393000,1785153438811393000,1785153438811393000,1785153438811394000,1785153438811524000,1785153438811528000,1785153438811528000,1785153438811528000,121932490,121652369,-150.121,0.000,0.000,1.000,4.000,0.000,0.000,0.000,0,0,0
B3_zmq_pushpull,zmq_tcp,none,none,,1,2351,512,584,1785153438812390000,1785153438812390000,1785153438812390000,1785153438812391000,1785153438812529000,1785153438812532000,1785153438812532000,1785153438812532000,121932490,121652369,-142.121,0.000,0.000,1.000,3.000,0.000,0.000,0.000,0,0,0
B3_zmq_pushpull,zmq_tcp,none,none,,1,2352,512,584,1785153438813393000,1785153438813393000,1785153438813393000,1785153438813394000,1785153438813535000,1785153438813538000,1785153438813538000,1785153438813538000,121932490,121652369,-139.121,0.000,0.000,1.000,3.000,0.000,0.000,0.000,0,0,0
B3_zmq_pushpull,zmq_tcp,none,none,,1,2353,512,584,1785153438814393000,1785153438814393000,1785153438814393000,1785153438814394000,1785153438814536000,1785153438814539000,1785153438814539000,1785153438814539000,121932490,121652369,-138.121,0.000,0.000,1.000,3.000,0.000,0.000,0.000,0,0,0
B3_zmq_pushpull,zmq_tcp,none,none,,1,2354,512,584,1785153438815392000,1785153438815392000,1785153438815392000,1785153438815393000,1785153438815535000,1785153438815538000,1785153438815538000,1785153438815538000,121932490,121652369,-138.121,0.000,0.000,1.000,3.000,0.000,0.000,0.000,0,0,0
B3_zmq_pushpull,zmq_tcp,none,none,,1,2355,512,584,1785153438816391000,1785153438816391000,1785153438816391000,1785153438816392000,1785153438816549000,1785153438816552000,1785153438816552000,1785153438816552000,121932490,121652369,-123.121,0.000,0.000,1.000,3.000,0.000,0.000,0.000,0,0,0
B3_zmq_pushpull,zmq_tcp,none,none,,1,2356,512,584,1785153438817394000,1785153438817395000,1785153438817395000,1785153438817396000,1785153438817566000,1785153438817569000,1785153438817569000,1785153438817569000,121932490,121652369,-110.121,1.000,0.000,1.000,3.000,0.000,0.000,0.000,0,0,0
B3_zmq_pushpull,zmq_tcp,none,none,,1,2357,512,584,1785153438818394000,1785153438818394000,1785153438818394000,1785153438818395000,1785153438818557000,1785153438818560000,1785153438818560000,1785153438818560000,121932490,121652369,-118.121,0.000,0.000,1.000,3.000,0.000,0.000,0.000,0,0,0
B3_zmq_pushpull,zmq_tcp,none,none,,1,2358,512,584,1785153438819261000,1785153438819262000,1785153438819262000,1785153438819263000,1785153438819405000,1785153438819408000,1785153438819408000,1785153438819408000,121932490,121652369,-138.121,1.000,0.000,1.000,3.000,0.000,0.000,0.000,0,0,0
B3_zmq_pushpull,zmq_tcp,none,none,,1,2359,512,584,1785153438820426000,1785153438820426000,1785153438820426000,1785153438820427000,1785153438820551000,1785153438820553000,1785153438820553000,1785153438820553000,121932490,121652369,-156.121,0.000,0.000,1.000,2.000,0.000,0.000,0.000,0,0,0
B3_zmq_pushpull,zmq_tcp,none,none,,1,2360,512,584,1785153438821384000,1785153438821384000,1785153438821384000,1785153438821385000,1785153438821426000,1785153438821429000,1785153438821429000,1785153438821429000,121932490,121652369,-239.121,0.000,0.000,1.000,3.000,0.000,0.000,0.000,0,0,0
B3_zmq_pushpull,zmq_tcp,none,none,,1,2361,512,584,1785153438822395000,1785153438822395000,1785153438822395000,1785153438822396000,1785153438822556000,1785153438822559000,1785153438822559000,1785153438822559000,121932490,121652369,-120.121,0.000,0.000,1.000,3.000,0.000,0.000,0.000,0,0,0
B3_zmq_pushpull,zmq_tcp,none,none,,1,2362,512,584,1785153438823247000,1785153438823247000,1785153438823247000,1785153438823249000,1785153438823403000,1785153438823406000,1785153438823406000,1785153438823406000,121932490,121652369,-126.121,0.000,0.000,2.000,3.000,0.000,0.000,0.000,0,0,0
B3_zmq_pushpull,zmq_tcp,none,none,,1,2363,512,584,1785153438824243000,1785153438824243000,1785153438824243000,1785153438824244000,1785153438824400000,1785153438824403000,1785153438824403000,1785153438824403000,121932490,121652369,-124.121,0.000,0.000,1.000,3.000,0.000,0.000,0.000,0,0,0
B3_zmq_pushpull,zmq_tcp,none,none,,1,2364,512,584,1785153438825433000,1785153438825433000,1785153438825434000,1785153438825435000,1785153438825551000,1785153438825554000,1785153438825554000,1785153438825554000,121932490,121652369,-164.121,0.000,1.000,1.000,3.000,0.000,0.000,0.000,0,0,0
B3_zmq_pushpull,zmq_tcp,none,none,,1,2365,512,584,1785153438826379000,1785153438826379000,1785153438826379000,1785153438826380000,1785153438826531000,1785153438826534000,1785153438826534000,1785153438826534000,121932490,121652369,-129.121,0.000,0.000,1.000,3.000,0.000,0.000,0.000,0,0,0
B3_zmq_pushpull,zmq_tcp,none,none,,1,2366,512,584,1785153438827396000,1785153438827396000,1785153438827397000,1785153438827397000,1785153438827520000,1785153438827523000,1785153438827523000,1785153438827523000,121932490,121652369,-157.121,0.000,1.000,0.000,3.000,0.000,0.000,0.000,0,0,0
B3_zmq_pushpull,zmq_tcp,none,none,,1,2367,512,584,1785153438828392000,1785153438828392000,1785153438828392000,1785153438828393000,1785153438828530000,1785153438828532000,1785153438828532000,1785153438828532000,121932490,121652369,-143.121,0.000,0.000,1.000,2.000,0.000,0.000,0.000,0,0,0
B3_zmq_pushpull,zmq_tcp,none,none,,1,2368,512,584,1785153438829392000,1785153438829392000,1785153438829392000,1785153438829393000,1785153438829530000,1785153438829532000,1785153438829532000,1785153438829532000,121932490,121652369,-143.121,0.000,0.000,1.000,2.000,0.000,0.000,0.000,0,0,0
B3_zmq_pushpull,zmq_tcp,none,none,,1,2369,512,584,1785153438830390000,1785153438830390000,1785153438830390000,1785153438830391000,1785153438830525000,1785153438830529000,1785153438830529000,1785153438830529000,121932490,121652369,-146.121,0.000,0.000,1.000,4.000,0.000,0.000,0.000,0,0,0
B3_zmq_pushpull,zmq_tcp,none,none,,1,2370,512,584,1785153438831394000,1785153438831394000,1785153438831394000,1785153438831395000,1785153438831527000,1785153438831530000,1785153438831530000,1785153438831530000,121932490,121652369,-148.121,0.000,0.000,1.000,3.000,0.000,0.000,0.000,0,0,0
B3_zmq_pushpull,zmq_tcp,none,none,,1,2371,512,584,1785153438832393000,1785153438832393000,1785153438832393000,1785153438832394000,1785153438832542000,1785153438832545000,1785153438832545000,1785153438832545000,121932490,121652369,-132.121,0.000,0.000,1.000,3.000,0.000,0.000,0.000,0,0,0
B3_zmq_pushpull,zmq_tcp,none,none,,1,2372,512,584,1785153438833392000,1785153438833392000,1785153438833393000,1785153438833393000,1785153438833526000,1785153438833529000,1785153438833529000,1785153438833529000,121932490,121652369,-147.121,0.000,1.000,0.000,3.000,0.000,0.000,0.000,0,0,0
B3_zmq_pushpull,zmq_tcp,none,none,,1,2373,512,584,1785153438834393000,1785153438834393000,1785153438834393000,1785153438834394000,1785153438834525000,1785153438834528000,1785153438834528000,1785153438834528000,121932490,121652369,-149.121,0.000,0.000,1.000,3.000,0.000,0.000,0.000,0,0,0
B3_zmq_pushpull,zmq_tcp,none,none,,1,2374,512,584,1785153438835393000,1785153438835393000,1785153438835393000,1785153438835394000,1785153438835533000,1785153438835536000,1785153438835536000,1785153438835536000,121932490,121652369,-141.121,0.000,0.000,1.000,3.000,0.000,0.000,0.000,0,0,0
B3_zmq_pushpull,zmq_tcp,none,none,,1,2375,512,584,1785153438836236000,1785153438836236000,1785153438836236000,1785153438836237000,1785153438836392000,1785153438836395000,1785153438836395000,1785153438836395000,121932490,121652369,-125.121,0.000,0.000,1.000,3.000,0.000,0.000,0.000,0,0,0
B3_zmq_pushpull,zmq_tcp,none,none,,1,2376,512,584,1785153438837429000,1785153438837430000,1785153438837430000,1785153438837431000,1785153438837544000,1785153438837547000,1785153438837547000,1785153438837547000,121932490,121652369,-167.121,1.000,0.000,1.000,3.000,0.000,0.000,0.000,0,0,0
B3_zmq_pushpull,zmq_tcp,none,none,,1,2377,512,584,1785153438838384000,1785153438838384000,1785153438838384000,1785153438838385000,1785153438838538000,1785153438838540000,1785153438838540000,1785153438838540000,121932490,121652369,-127.121,0.000,0.000,1.000,2.000,0.000,0.000,0.000,0,0,0
B3_zmq_pushpull,zmq_tcp,none,none,,1,2378,512,584,1785153438839246000,1785153438839246000,1785153438839247000,1785153438839247000,1785153438839404000,1785153438839407000,1785153438839407000,1785153438839407000,121932490,121652369,-123.121,0.000,1.000,0.000,3.000,0.000,0.000,0.000,0,0,0
B3_zmq_pushpull,zmq_tcp,none,none,,1,2379,512,584,1785153438840240000,1785153438840241000,1785153438840241000,1785153438840242000,1785153438840399000,1785153438840401000,1785153438840402000,1785153438840402000,121932490,121652369,-123.121,1.000,0.000,1.000,2.000,1.000,0.000,0.000,0,0,0
B3_zmq_pushpull,zmq_tcp,none,none,,1,2380,512,584,1785153438841240000,1785153438841240000,1785153438841240000,1785153438841241000,1785153438841397000,1785153438841400000,1785153438841400000,1785153438841400000,121932490,121652369,-124.121,0.000,0.000,1.000,3.000,0.000,0.000,0.000,0,0,0
B3_zmq_pushpull,zmq_tcp,none,none,,1,2381,512,584,1785153438842241000,1785153438842241000,1785153438842241000,1785153438842242000,1785153438842400000,1785153438842403000,1785153438842403000,1785153438842403000,121932490,121652369,-122.121,0.000,0.000,1.000,3.000,0.000,0.000,0.000,0,0,0
B3_zmq_pushpull,zmq_tcp,none,none,,1,2382,512,584,1785153438843257000,1785153438843257000,1785153438843257000,1785153438843258000,1785153438843415000,1785153438843417000,1785153438843417000,1785153438843417000,121932490,121652369,-123.121,0.000,0.000,1.000,2.000,0.000,0.000,0.000,0,0,0
B3_zmq_pushpull,zmq_tcp,none,none,,1,2383,512,584,1785153438844275000,1785153438844275000,1785153438844275000,1785153438844276000,1785153438844432000,1785153438844435000,1785153438844435000,1785153438844435000,121932490,121652369,-124.121,0.000,0.000,1.000,3.000,0.000,0.000,0.000,0,0,0
B3_zmq_pushpull,zmq_tcp,none,none,,1,2384,512,584,1785153438845422000,1785153438845422000,1785153438845422000,1785153438845423000,1785153438845560000,1785153438845564000,1785153438845564000,1785153438845564000,121932490,121652369,-143.121,0.000,0.000,1.000,4.000,0.000,0.000,0.000,0,0,0
B3_zmq_pushpull,zmq_tcp,none,none,,1,2385,512,584,1785153438846387000,1785153438846387000,1785153438846387000,1785153438846388000,1785153438846548000,1785153438846551000,1785153438846551000,1785153438846551000,121932490,121652369,-120.121,0.000,0.000,1.000,3.000,0.000,0.000,0.000,0,0,0
B3_zmq_pushpull,zmq_tcp,none,none,,1,2386,512,584,1785153438847230000,1785153438847230000,1785153438847230000,1785153438847231000,1785153438847384000,1785153438847387000,1785153438847387000,1785153438847387000,121932490,121652369,-127.121,0.000,0.000,1.000,3.000,0.000,0.000,0.000,0,0,0
B3_zmq_pushpull,zmq_tcp,none,none,,1,2387,512,584,1785153438848434000,1785153438848434000,1785153438848434000,1785153438848435000,1785153438848513000,1785153438848516000,1785153438848516000,1785153438848516000,121932490,121652369,-202.121,0.000,0.000,1.000,3.000,0.000,0.000,0.000,0,0,0
B3_zmq_pushpull,zmq_tcp,none,none,,1,2388,512,584,1785153438849382000,1785153438849382000,1785153438849383000,1785153438849383000,1785153438849528000,1785153438849531000,1785153438849531000,1785153438849531000,121932490,121652369,-135.121,0.000,1.000,0.000,3.000,0.000,0.000,0.000,0,0,0
B3_zmq_pushpull,zmq_tcp,none,none,,1,2389,512,584,1785153438850395000,1785153438850396000,1785153438850396000,1785153438850397000,1785153438850547000,1785153438850549000,1785153438850549000,1785153438850549000,121932490,121652369,-130.121,1.000,0.000,1.000,2.000,0.000,0.000,0.000,0,0,0
B3_zmq_pushpull,zmq_tcp,none,none,,1,2390,512,584,1785153438851391000,1785153438851391000,1785153438851391000,1785153438851392000,1785153438851544000,1785153438851547000,1785153438851547000,1785153438851547000,121932490,121652369,-128.121,0.000,0.000,1.000,3.000,0.000,0.000,0.000,0,0,0
B3_zmq_pushpull,zmq_tcp,none,none,,1,2391,512,584,1785153438852393000,1785153438852393000,1785153438852393000,1785153438852394000,1785153438852532000,1785153438852535000,1785153438852535000,1785153438852535000,121932490,121652369,-142.121,0.000,0.000,1.000,3.000,0.000,0.000,0.000,0,0,0
B3_zmq_pushpull,zmq_tcp,none,none,,1,2392,512,584,1785153438853395000,1785153438853395000,1785153438853395000,1785153438853396000,1785153438853531000,1785153438853534000,1785153438853534000,1785153438853534000,121932490,121652369,-145.121,0.000,0.000,1.000,3.000,0.000,0.000,0.000,0,0,0
B3_zmq_pushpull,zmq_tcp,none,none,,1,2393,512,584,1785153438854393000,1785153438854393000,1785153438854393000,1785153438854395000,1785153438854527000,1785153438854530000,1785153438854530000,1785153438854530000,121932490,121652369,-148.121,0.000,0.000,2.000,3.000,0.000,0.000,0.000,0,0,0
B3_zmq_pushpull,zmq_tcp,none,none,,1,2394,512,584,1785153438855227000,1785153438855227000,1785153438855227000,1785153438855228000,1785153438855371000,1785153438855373000,1785153438855373000,1785153438855373000,121932490,121652369,-137.121,0.000,0.000,1.000,2.000,0.000,0.000,0.000,0,0,0
B3_zmq_pushpull,zmq_tcp,none,none,,1,2395,512,584,1785153438856434000,1785153438856435000,1785153438856435000,1785153438856436000,1785153438856504000,1785153438856508000,1785153438856508000,1785153438856508000,121932490,121652369,-212.121,1.000,0.000,1.000,4.000,0.000,0.000,0.000,0,0,0
B3_zmq_pushpull,zmq_tcp,none,none,,1,2396,512,584,1785153438857382000,1785153438857382000,1785153438857382000,1785153438857383000,1785153438857482000,1785153438857485000,1785153438857485000,1785153438857485000,121932490,121652369,-181.121,0.000,0.000,1.000,3.000,0.000,0.000,0.000,0,0,0
B3_zmq_pushpull,zmq_tcp,none,none,,1,2397,512,584,1785153438858396000,1785153438858396000,1785153438858397000,1785153438858397000,1785153438858474000,1785153438858476000,1785153438858476000,1785153438858476000,121932490,121652369,-203.121,0.000,1.000,0.000,2.000,0.000,0.000,0.000,0,0,0
B3_zmq_pushpull,zmq_tcp,none,none,,1,2398,512,584,1785153438859196000,1785153438859197000,1785153438859197000,1785153438859198000,1785153438859342000,1785153438859344000,1785153438859344000,1785153438859344000,121932490,121652369,-136.121,1.000,0.000,1.000,2.000,0.000,0.000,0.000,0,0,0
B3_zmq_pushpull,zmq_tcp,none,none,,1,2399,512,584,1785153438860204000,1785153438860204000,1785153438860204000,1785153438860205000,1785153438860349000,1785153438860352000,1785153438860352000,1785153438860352000,121932490,121652369,-136.121,0.000,0.000,1.000,3.000,0.000,0.000,0.000,0,0,0
B3_zmq_pushpull,zmq_tcp,none,none,,1,2400,512,584,1785153438861441000,1785153438861441000,1785153438861441000,1785153438861442000,1785153438861497000,1785153438861501000,1785153438861501000,1785153438861501000,121932490,121652369,-225.121,0.000,0.000,1.000,4.000,0.000,0.000,0.000,0,0,0
B3_zmq_pushpull,zmq_tcp,none,none,,1,2401,512,584,1785153438862378000,1785153438862378000,1785153438862378000,1785153438862379000,1785153438862504000,1785153438862507000,1785153438862507000,1785153438862507000,121932490,121652369,-155.121,0.000,0.000,1.000,3.000,0.000,0.000,0.000,0,0,0
B3_zmq_pushpull,zmq_tcp,none,none,,1,2402,512,584,1785153438863396000,1785153438863397000,1785153438863397000,1785153438863398000,1785153438863522000,1785153438863524000,1785153438863524000,1785153438863524000,121932490,121652369,-156.121,1.000,0.000,1.000,2.000,0.000,0.000,0.000,0,0,0
B3_zmq_pushpull,zmq_tcp,none,none,,1,2403,512,584,1785153438864394000,1785153438864394000,1785153438864394000,1785153438864395000,1785153438864515000,1785153438864518000,1785153438864518000,1785153438864518000,121932490,121652369,-160.121,0.000,0.000,1.000,3.000,0.000,0.000,0.000,0,0,0
B3_zmq_pushpull,zmq_tcp,none,none,,1,2404,512,584,1785153438865392000,1785153438865393000,1785153438865393000,1785153438865394000,1785153438865526000,1785153438865528000,1785153438865528000,1785153438865528000,121932490,121652369,-148.121,1.000,0.000,1.000,2.000,0.000,0.000,0.000,0,0,0
B3_zmq_pushpull,zmq_tcp,none,none,,1,2405,512,584,1785153438866391000,1785153438866392000,1785153438866392000,1785153438866392000,1785153438866539000,1785153438866542000,1785153438866542000,1785153438866542000,121932490,121652369,-133.121,1.000,0.000,0.000,3.000,0.000,0.000,0.000,0,0,0
B3_zmq_pushpull,zmq_tcp,none,none,,1,2406,512,584,1785153438867395000,1785153438867395000,1785153438867395000,1785153438867396000,1785153438867539000,1785153438867542000,1785153438867542000,1785153438867542000,121932490,121652369,-137.121,0.000,0.000,1.000,3.000,0.000,0.000,0.000,0,0,0
B3_zmq_pushpull,zmq_tcp,none,none,,1,2407,512,584,1785153438868393000,1785153438868394000,1785153438868394000,1785153438868395000,1785153438868550000,1785153438868552000,1785153438868552000,1785153438868552000,121932490,121652369,-125.121,1.000,0.000,1.000,2.000,0.000,0.000,0.000,0,0,0
B3_zmq_pushpull,zmq_tcp,none,none,,1,2408,512,584,1785153438869390000,1785153438869391000,1785153438869391000,1785153438869392000,1785153438869547000,1785153438869549000,1785153438869550000,1785153438869550000,121932490,121652369,-125.121,1.000,0.000,1.000,2.000,1.000,0.000,0.000,0,0,0
B3_zmq_pushpull,zmq_tcp,none,none,,1,2409,512,584,1785153438870393000,1785153438870393000,1785153438870393000,1785153438870394000,1785153438870542000,1785153438870545000,1785153438870545000,1785153438870545000,121932490,121652369,-132.121,0.000,0.000,1.000,3.000,0.000,0.000,0.000,0,0,0
B3_zmq_pushpull,zmq_tcp,none,none,,1,2410,512,584,1785153438871253000,1785153438871254000,1785153438871254000,1785153438871255000,1785153438871412000,1785153438871415000,1785153438871415000,1785153438871415000,121932490,121652369,-123.121,1.000,0.000,1.000,3.000,0.000,0.000,0.000,0,0,0
B3_zmq_pushpull,zmq_tcp,none,none,,1,2411,512,584,1785153438872430000,1785153438872430000,1785153438872430000,1785153438872431000,1785153438872568000,1785153438872571000,1785153438872571000,1785153438872571000,121932490,121652369,-143.121,0.000,0.000,1.000,3.000,0.000,0.000,0.000,0,0,0
B3_zmq_pushpull,zmq_tcp,none,none,,1,2412,512,584,1785153438873385000,1785153438873385000,1785153438873385000,1785153438873386000,1785153438873438000,1785153438873441000,1785153438873441000,1785153438873441000,121932490,121652369,-228.121,0.000,0.000,1.000,3.000,0.000,0.000,0.000,0,0,0
B3_zmq_pushpull,zmq_tcp,none,none,,1,2413,512,584,1785153438874396000,1785153438874396000,1785153438874396000,1785153438874397000,1785153438874447000,1785153438874450000,1785153438874450000,1785153438874450000,121932490,121652369,-230.121,0.000,0.000,1.000,3.000,0.000,0.000,0.000,0,0,0
B3_zmq_pushpull,zmq_tcp,none,none,,1,2414,512,584,1785153438875393000,1785153438875393000,1785153438875393000,1785153438875394000,1785153438875435000,1785153438875438000,1785153438875438000,1785153438875438000,121932490,121652369,-239.121,0.000,0.000,1.000,3.000,0.000,0.000,0.000,0,0,0
B3_zmq_pushpull,zmq_tcp,none,none,,1,2415,512,584,1785153438876393000,1785153438876393000,1785153438876393000,1785153438876394000,1785153438876447000,1785153438876451000,1785153438876451000,1785153438876451000,121932490,121652369,-227.121,0.000,0.000,1.000,4.000,0.000,0.000,0.000,0,0,0
B3_zmq_pushpull,zmq_tcp,none,none,,1,2416,512,584,1785153438877299000,1785153438877299000,1785153438877299000,1785153438877300000,1785153438877448000,1785153438877452000,1785153438877453000,1785153438877453000,121932490,121652369,-132.121,0.000,0.000,1.000,4.000,1.000,0.000,0.000,0,0,0
B3_zmq_pushpull,zmq_tcp,none,none,,1,2417,512,584,1785153438878275000,1785153438878275000,1785153438878275000,1785153438878276000,1785153438878426000,1785153438878428000,1785153438878428000,1785153438878428000,121932490,121652369,-130.121,0.000,0.000,1.000,2.000,0.000,0.000,0.000,0,0,0
B3_zmq_pushpull,zmq_tcp,none,none,,1,2418,512,584,1785153438879422000,1785153438879422000,1785153438879422000,1785153438879423000,1785153438879570000,1785153438879573000,1785153438879573000,1785153438879573000,121932490,121652369,-133.121,0.000,0.000,1.000,3.000,0.000,0.000,0.000,0,0,0
B3_zmq_pushpull,zmq_tcp,none,none,,1,2419,512,584,1785153438880386000,1785153438880386000,1785153438880386000,1785153438880387000,1785153438880431000,1785153438880434000,1785153438880434000,1785153438880434000,121932490,121652369,-236.121,0.000,0.000,1.000,3.000,0.000,0.000,0.000,0,0,0
B3_zmq_pushpull,zmq_tcp,none,none,,1,2420,512,584,1785153438881303000,1785153438881303000,1785153438881304000,1785153438881305000,1785153438881443000,1785153438881446000,1785153438881446000,1785153438881446000,121932490,121652369,-142.121,0.000,1.000,1.000,3.000,0.000,0.000,0.000,0,0,0
B3_zmq_pushpull,zmq_tcp,none,none,,1,2421,512,584,1785153438882295000,1785153438882295000,1785153438882295000,1785153438882296000,1785153438882448000,1785153438882451000,1785153438882451000,1785153438882451000,121932490,121652369,-128.121,0.000,0.000,1.000,3.000,0.000,0.000,0.000,0,0,0
B3_zmq_pushpull,zmq_tcp,none,none,,1,2422,512,584,1785153438883417000,1785153438883417000,1785153438883417000,1785153438883418000,1785153438883581000,1785153438883583000,1785153438883583000,1785153438883583000,121932490,121652369,-117.121,0.000,0.000,1.000,2.000,0.000,0.000,0.000,0,0,0
B3_zmq_pushpull,zmq_tcp,none,none,,1,2423,512,584,1785153438884385000,1785153438884385000,1785153438884385000,1785153438884386000,1785153438884450000,1785153438884452000,1785153438884452000,1785153438884452000,121932490,121652369,-216.121,0.000,0.000,1.000,2.000,0.000,0.000,0.000,0,0,0
B3_zmq_pushpull,zmq_tcp,none,none,,1,2424,512,584,1785153438885396000,1785153438885396000,1785153438885396000,1785153438885397000,1785153438885456000,1785153438885459000,1785153438885459000,1785153438885459000,121932490,121652369,-221.121,0.000,0.000,1.000,3.000,0.000,0.000,0.000,0,0,0
B3_zmq_pushpull,zmq_tcp,none,none,,1,2425,512,584,1785153438886395000,1785153438886395000,1785153438886395000,1785153438886396000,1785153438886460000,1785153438886464000,1785153438886464000,1785153438886464000,121932490,121652369,-216.121,0.000,0.000,1.000,4.000,0.000,0.000,0.000,0,0,0
B3_zmq_pushpull,zmq_tcp,none,none,,1,2426,512,584,1785153438887394000,1785153438887394000,1785153438887394000,1785153438887395000,1785153438887475000,1785153438887478000,1785153438887478000,1785153438887478000,121932490,121652369,-200.121,0.000,0.000,1.000,3.000,0.000,0.000,0.000,0,0,0
B3_zmq_pushpull,zmq_tcp,none,none,,1,2427,512,584,1785153438888392000,1785153438888392000,1785153438888392000,1785153438888393000,1785153438888463000,1785153438888466000,1785153438888466000,1785153438888466000,121932490,121652369,-210.121,0.000,0.000,1.000,3.000,0.000,0.000,0.000,0,0,0
B3_zmq_pushpull,zmq_tcp,none,none,,1,2428,512,584,1785153438889394000,1785153438889394000,1785153438889394000,1785153438889395000,1785153438889448000,1785153438889452000,1785153438889452000,1785153438889452000,121932490,121652369,-227.121,0.000,0.000,1.000,4.000,0.000,0.000,0.000,0,0,0
B3_zmq_pushpull,zmq_tcp,none,none,,1,2429,512,584,1785153438890396000,1785153438890396000,1785153438890396000,1785153438890397000,1785153438890586000,1785153438890589000,1785153438890589000,1785153438890589000,121932490,121652369,-91.121,0.000,0.000,1.000,3.000,0.000,0.000,0.000,0,0,0
B3_zmq_pushpull,zmq_tcp,none,none,,1,2430,512,584,1785153438891389000,1785153438891389000,1785153438891389000,1785153438891390000,1785153438891446000,1785153438891449000,1785153438891449000,1785153438891449000,121932490,121652369,-224.121,0.000,0.000,1.000,3.000,0.000,0.000,0.000,0,0,0
B3_zmq_pushpull,zmq_tcp,none,none,,1,2431,512,584,1785153438892395000,1785153438892395000,1785153438892396000,1785153438892397000,1785153438892453000,1785153438892457000,1785153438892457000,1785153438892457000,121932490,121652369,-224.121,0.000,1.000,1.000,4.000,0.000,0.000,0.000,0,0,0
B3_zmq_pushpull,zmq_tcp,none,none,,1,2432,512,584,1785153438893393000,1785153438893393000,1785153438893393000,1785153438893394000,1785153438893591000,1785153438893594000,1785153438893594000,1785153438893594000,121932490,121652369,-83.121,0.000,0.000,1.000,3.000,0.000,0.000,0.000,0,0,0
B3_zmq_pushpull,zmq_tcp,none,none,,1,2433,512,584,1785153438894393000,1785153438894393000,1785153438894393000,1785153438894394000,1785153438894446000,1785153438894450000,1785153438894450000,1785153438894450000,121932490,121652369,-228.121,0.000,0.000,1.000,4.000,0.000,0.000,0.000,0,0,0
B3_zmq_pushpull,zmq_tcp,none,none,,1,2434,512,584,1785153438895289000,1785153438895289000,1785153438895289000,1785153438895290000,1785153438895444000,1785153438895447000,1785153438895447000,1785153438895447000,121932490,121652369,-126.121,0.000,0.000,1.000,3.000,0.000,0.000,0.000,0,0,0
B3_zmq_pushpull,zmq_tcp,none,none,,1,2435,512,584,1785153438896420000,1785153438896420000,1785153438896420000,1785153438896421000,1785153438896590000,1785153438896593000,1785153438896593000,1785153438896593000,121932490,121652369,-111.121,0.000,0.000,1.000,3.000,0.000,0.000,0.000,0,0,0
B3_zmq_pushpull,zmq_tcp,none,none,,1,2436,512,584,1785153438897386000,1785153438897386000,1785153438897386000,1785153438897387000,1785153438897438000,1785153438897441000,1785153438897441000,1785153438897442000,121932490,121652369,-229.121,0.000,0.000,1.000,3.000,0.000,1.000,0.000,0,0,0
B3_zmq_pushpull,zmq_tcp,none,none,,1,2437,512,584,1785153438898396000,1785153438898396000,1785153438898396000,1785153438898397000,1785153438898568000,1785153438898571000,1785153438898571000,1785153438898571000,121932490,121652369,-109.121,0.000,0.000,1.000,3.000,0.000,0.000,0.000,0,0,0
B3_zmq_pushpull,zmq_tcp,none,none,,1,2438,512,584,1785153438899392000,1785153438899392000,1785153438899392000,1785153438899393000,1785153438899440000,1785153438899444000,1785153438899444000,1785153438899444000,121932490,121652369,-233.121,0.000,0.000,1.000,4.000,0.000,0.000,0.000,0,0,0
B3_zmq_pushpull,zmq_tcp,none,none,,1,2439,512,584,1785153438900285000,1785153438900285000,1785153438900285000,1785153438900286000,1785153438900443000,1785153438900446000,1785153438900446000,1785153438900446000,121932490,121652369,-123.121,0.000,0.000,1.000,3.000,0.000,0.000,0.000,0,0,0
B3_zmq_pushpull,zmq_tcp,none,none,,1,2440,512,584,1785153438901294000,1785153438901295000,1785153438901295000,1785153438901296000,1785153438901452000,1785153438901456000,1785153438901456000,1785153438901456000,121932490,121652369,-124.121,1.000,0.000,1.000,4.000,0.000,0.000,0.000,0,0,0
B3_zmq_pushpull,zmq_tcp,none,none,,1,2441,512,584,1785153438902419000,1785153438902419000,1785153438902419000,1785153438902420000,1785153438902583000,1785153438902586000,1785153438902586000,1785153438902586000,121932490,121652369,-117.121,0.000,0.000,1.000,3.000,0.000,0.000,0.000,0,0,0
B3_zmq_pushpull,zmq_tcp,none,none,,1,2442,512,584,1785153438903386000,1785153438903386000,1785153438903386000,1785153438903387000,1785153438903448000,1785153438903452000,1785153438903452000,1785153438903452000,121932490,121652369,-219.121,0.000,0.000,1.000,4.000,0.000,0.000,0.000,0,0,0
B3_zmq_pushpull,zmq_tcp,none,none,,1,2443,512,584,1785153438904396000,1785153438904396000,1785153438904396000,1785153438904397000,1785153438904455000,1785153438904458000,1785153438904458000,1785153438904458000,121932490,121652369,-222.121,0.000,0.000,1.000,3.000,0.000,0.000,0.000,0,0,0
B3_zmq_pushpull,zmq_tcp,none,none,,1,2444,512,584,1785153438905395000,1785153438905395000,1785153438905395000,1785153438905396000,1785153438905455000,1785153438905458000,1785153438905458000,1785153438905458000,121932490,121652369,-221.121,0.000,0.000,1.000,3.000,0.000,0.000,0.000,0,0,0
B3_zmq_pushpull,zmq_tcp,none,none,,1,2445,512,584,1785153438906394000,1785153438906394000,1785153438906394000,1785153438906395000,1785153438906598000,1785153438906601000,1785153438906601000,1785153438906601000,121932490,121652369,-77.121,0.000,0.000,1.000,3.000,0.000,0.000,0.000,0,0,0
B3_zmq_pushpull,zmq_tcp,none,none,,1,2446,512,584,1785153438907298000,1785153438907298000,1785153438907298000,1785153438907299000,1785153438907457000,1785153438907459000,1785153438907459000,1785153438907459000,121932490,121652369,-122.121,0.000,0.000,1.000,2.000,0.000,0.000,0.000,0,0,0
B3_zmq_pushpull,zmq_tcp,none,none,,1,2447,512,584,1785153438908421000,1785153438908421000,1785153438908421000,1785153438908422000,1785153438908463000,1785153438908466000,1785153438908466000,1785153438908466000,121932490,121652369,-239.121,0.000,0.000,1.000,3.000,0.000,0.000,0.000,0,0,0
B3_zmq_pushpull,zmq_tcp,none,none,,1,2448,512,584,1785153438909387000,1785153438909387000,1785153438909387000,1785153438909388000,1785153438909462000,1785153438909464000,1785153438909464000,1785153438909465000,121932490,121652369,-206.121,0.000,0.000,1.000,2.000,0.000,1.000,0.000,0,0,0
B3_zmq_pushpull,zmq_tcp,none,none,,1,2449,512,584,1785153438910394000,1785153438910394000,1785153438910394000,1785153438910395000,1785153438910448000,1785153438910450000,1785153438910450000,1785153438910450000,121932490,121652369,-227.121,0.000,0.000,1.000,2.000,0.000,0.000,0.000,0,0,0
B3_zmq_pushpull,zmq_tcp,none,none,,1,2450,512,584,1785153438911391000,1785153438911391000,1785153438911391000,1785153438911392000,1785153438911438000,1785153438911442000,1785153438911442000,1785153438911442000,121932490,121652369,-234.121,0.000,0.000,1.000,4.000,0.000,0.000,0.000,0,0,0
B3_zmq_pushpull,zmq_tcp,none,none,,1,2451,512,584,1785153438912292000,1785153438912293000,1785153438912293000,1785153438912293000,1785153438912442000,1785153438912445000,1785153438912445000,1785153438912445000,121932490,121652369,-131.121,1.000,0.000,0.000,3.000,0.000,0.000,0.000,0,0,0
B3_zmq_pushpull,zmq_tcp,none,none,,1,2452,512,584,1785153438913418000,1785153438913419000,1785153438913419000,1785153438913420000,1785153438913566000,1785153438913569000,1785153438913569000,1785153438913569000,121932490,121652369,-134.121,1.000,0.000,1.000,3.000,0.000,0.000,0.000,0,0,0
B3_zmq_pushpull,zmq_tcp,none,none,,1,2453,512,584,1785153438914384000,1785153438914384000,1785153438914384000,1785153438914385000,1785153438914577000,1785153438914579000,1785153438914579000,1785153438914579000,121932490,121652369,-88.121,0.000,0.000,1.000,2.000,0.000,0.000,0.000,0,0,0
B3_zmq_pushpull,zmq_tcp,none,none,,1,2454,512,584,1785153438915284000,1785153438915284000,1785153438915284000,1785153438915285000,1785153438915442000,1785153438915444000,1785153438915445000,1785153438915445000,121932490,121652369,-123.121,0.000,0.000,1.000,2.000,1.000,0.000,0.000,0,0,0
B3_zmq_pushpull,zmq_tcp,none,none,,1,2455,512,584,1785153438916305000,1785153438916305000,1785153438916305000,1785153438916306000,1785153438916459000,1785153438916462000,1785153438916462000,1785153438916462000,121932490,121652369,-127.121,0.000,0.000,1.000,3.000,0.000,0.000,0.000,0,0,0
B3_zmq_pushpull,zmq_tcp,none,none,,1,2456,512,584,1785153438917302000,1785153438917302000,1785153438917302000,1785153438917303000,1785153438917457000,1785153438917459000,1785153438917459000,1785153438917459000,121932490,121652369,-126.121,0.000,0.000,1.000,2.000,0.000,0.000,0.000,0,0,0
B3_zmq_pushpull,zmq_tcp,none,none,,1,2457,512,584,1785153438918414000,1785153438918414000,1785153438918414000,1785153438918415000,1785153438918459000,1785153438918463000,1785153438918463000,1785153438918463000,121932490,121652369,-236.121,0.000,0.000,1.000,4.000,0.000,0.000,0.000,0,0,0
B3_zmq_pushpull,zmq_tcp,none,none,,1,2458,512,584,1785153438919388000,1785153438919388000,1785153438919388000,1785153438919389000,1785153438919571000,1785153438919574000,1785153438919574000,1785153438919574000,121932490,121652369,-98.121,0.000,0.000,1.000,3.000,0.000,0.000,0.000,0,0,0
B3_zmq_pushpull,zmq_tcp,none,none,,1,2459,512,584,1785153438920394000,1785153438920395000,1785153438920395000,1785153438920396000,1785153438920573000,1785153438920576000,1785153438920576000,1785153438920576000,121932490,121652369,-103.121,1.000,0.000,1.000,3.000,0.000,0.000,0.000,0,0,0
B3_zmq_pushpull,zmq_tcp,none,none,,1,2460,512,584,1785153438921274000,1785153438921274000,1785153438921274000,1785153438921275000,1785153438921435000,1785153438921438000,1785153438921438000,1785153438921438000,121932490,121652369,-120.121,0.000,0.000,1.000,3.000,0.000,0.000,0.000,0,0,0
B3_zmq_pushpull,zmq_tcp,none,none,,1,2461,512,584,1785153438922424000,1785153438922424000,1785153438922424000,1785153438922425000,1785153438922575000,1785153438922578000,1785153438922578000,1785153438922578000,121932490,121652369,-130.121,0.000,0.000,1.000,3.000,0.000,0.000,0.000,0,0,0
B3_zmq_pushpull,zmq_tcp,none,none,,1,2462,512,584,1785153438923385000,1785153438923385000,1785153438923385000,1785153438923386000,1785153438923443000,1785153438923446000,1785153438923446000,1785153438923446000,121932490,121652369,-223.121,0.000,0.000,1.000,3.000,0.000,0.000,0.000,0,0,0
B3_zmq_pushpull,zmq_tcp,none,none,,1,2463,512,584,1785153438924396000,1785153438924396000,1785153438924396000,1785153438924397000,1785153438924569000,1785153438924571000,1785153438924571000,1785153438924571000,121932490,121652369,-108.121,0.000,0.000,1.000,2.000,0.000,0.000,0.000,0,0,0
B3_zmq_pushpull,zmq_tcp,none,none,,1,2464,512,584,1785153438925392000,1785153438925392000,1785153438925393000,1785153438925393000,1785153438925442000,1785153438925445000,1785153438925445000,1785153438925445000,121932490,121652369,-231.121,0.000,1.000,0.000,3.000,0.000,0.000,0.000,0,0,0
B3_zmq_pushpull,zmq_tcp,none,none,,1,2465,512,584,1785153438926394000,1785153438926394000,1785153438926394000,1785153438926395000,1785153438926444000,1785153438926448000,1785153438926448000,1785153438926448000,121932490,121652369,-231.121,0.000,0.000,1.000,4.000,0.000,0.000,0.000,0,0,0
B3_zmq_pushpull,zmq_tcp,none,none,,1,2466,512,584,1785153438927393000,1785153438927393000,1785153438927393000,1785153438927394000,1785153438927456000,1785153438927460000,1785153438927460000,1785153438927460000,121932490,121652369,-218.121,0.000,0.000,1.000,4.000,0.000,0.000,0.000,0,0,0
B3_zmq_pushpull,zmq_tcp,none,none,,1,2467,512,584,1785153438928393000,1785153438928393000,1785153438928393000,1785153438928394000,1785153438928468000,1785153438928471000,1785153438928471000,1785153438928471000,121932490,121652369,-206.121,0.000,0.000,1.000,3.000,0.000,0.000,0.000,0,0,0
B3_zmq_pushpull,zmq_tcp,none,none,,1,2468,512,584,1785153438929393000,1785153438929393000,1785153438929393000,1785153438929394000,1785153438929479000,1785153438929482000,1785153438929482000,1785153438929482000,121932490,121652369,-195.121,0.000,0.000,1.000,3.000,0.000,0.000,0.000,0,0,0
B3_zmq_pushpull,zmq_tcp,none,none,,1,2469,512,584,1785153438930393000,1785153438930393000,1785153438930393000,1785153438930394000,1785153438930487000,1785153438930490000,1785153438930491000,1785153438930491000,121932490,121652369,-187.121,0.000,0.000,1.000,3.000,1.000,0.000,0.000,0,0,0
B3_zmq_pushpull,zmq_tcp,none,none,,1,2470,512,584,1785153438931393000,1785153438931393000,1785153438931393000,1785153438931394000,1785153438931494000,1785153438931497000,1785153438931497000,1785153438931497000,121932490,121652369,-180.121,0.000,0.000,1.000,3.000,0.000,0.000,0.000,0,0,0
B3_zmq_pushpull,zmq_tcp,none,none,,1,2471,512,584,1785153438932394000,1785153438932394000,1785153438932394000,1785153438932395000,1785153438932501000,1785153438932503000,1785153438932503000,1785153438932503000,121932490,121652369,-174.121,0.000,0.000,1.000,2.000,0.000,0.000,0.000,0,0,0
B3_zmq_pushpull,zmq_tcp,none,none,,1,2472,512,584,1785153438933389000,1785153438933389000,1785153438933389000,1785153438933390000,1785153438933505000,1785153438933507000,1785153438933507000,1785153438933507000,121932490,121652369,-165.121,0.000,0.000,1.000,2.000,0.000,0.000,0.000,0,0,0
B3_zmq_pushpull,zmq_tcp,none,none,,1,2473,512,584,1785153438934394000,1785153438934394000,1785153438934394000,1785153438934395000,1785153438934516000,1785153438934519000,1785153438934519000,1785153438934519000,121932490,121652369,-159.121,0.000,0.000,1.000,3.000,0.000,0.000,0.000,0,0,0
B3_zmq_pushpull,zmq_tcp,none,none,,1,2474,512,584,1785153438935394000,1785153438935394000,1785153438935394000,1785153438935395000,1785153438935530000,1785153438935533000,1785153438935533000,1785153438935533000,121932490,121652369,-145.121,0.000,0.000,1.000,3.000,0.000,0.000,0.000,0,0,0
B3_zmq_pushpull,zmq_tcp,none,none,,1,2475,512,584,1785153438936393000,1785153438936393000,1785153438936393000,1785153438936394000,1785153438936542000,1785153438936545000,1785153438936545000,1785153438936545000,121932490,121652369,-132.121,0.000,0.000,1.000,3.000,0.000,0.000,0.000,0,0,0
B3_zmq_pushpull,zmq_tcp,none,none,,1,2476,512,584,1785153438937392000,1785153438937392000,1785153438937392000,1785153438937393000,1785153438937541000,1785153438937543000,1785153438937544000,1785153438937544000,121932490,121652369,-132.121,0.000,0.000,1.000,2.000,1.000,0.000,0.000,0,0,0
B3_zmq_pushpull,zmq_tcp,none,none,,1,2477,512,584,1785153438938250000,1785153438938250000,1785153438938250000,1785153438938251000,1785153438938395000,1785153438938398000,1785153438938398000,1785153438938398000,121932490,121652369,-136.121,0.000,0.000,1.000,3.000,0.000,0.000,0.000,0,0,0
B3_zmq_pushpull,zmq_tcp,none,none,,1,2478,512,584,1785153438939430000,1785153438939430000,1785153438939430000,1785153438939431000,1785153438939527000,1785153438939530000,1785153438939530000,1785153438939530000,121932490,121652369,-184.121,0.000,0.000,1.000,3.000,0.000,0.000,0.000,0,0,0
B3_zmq_pushpull,zmq_tcp,none,none,,1,2479,512,584,1785153438940381000,1785153438940381000,1785153438940381000,1785153438940382000,1785153438940535000,1785153438940538000,1785153438940538000,1785153438940538000,121932490,121652369,-127.121,0.000,0.000,1.000,3.000,0.000,0.000,0.000,0,0,0
B3_zmq_pushpull,zmq_tcp,none,none,,1,2480,512,584,1785153438941396000,1785153438941396000,1785153438941396000,1785153438941397000,1785153438941546000,1785153438941549000,1785153438941549000,1785153438941549000,121932490,121652369,-131.121,0.000,0.000,1.000,3.000,0.000,0.000,0.000,0,0,0
B3_zmq_pushpull,zmq_tcp,none,none,,1,2481,512,584,1785153438942392000,1785153438942392000,1785153438942392000,1785153438942393000,1785153438942539000,1785153438942542000,1785153438942542000,1785153438942542000,121932490,121652369,-134.121,0.000,0.000,1.000,3.000,0.000,0.000,0.000,0,0,0
B3_zmq_pushpull,zmq_tcp,none,none,,1,2482,512,584,1785153438943396000,1785153438943396000,1785153438943396000,1785153438943397000,1785153438943557000,1785153438943559000,1785153438943559000,1785153438943559000,121932490,121652369,-120.121,0.000,0.000,1.000,2.000,0.000,0.000,0.000,0,0,0
B3_zmq_pushpull,zmq_tcp,none,none,,1,2483,512,584,1785153438944389000,1785153438944389000,1785153438944389000,1785153438944390000,1785153438944558000,1785153438944561000,1785153438944561000,1785153438944561000,121932490,121652369,-112.121,0.000,0.000,1.000,3.000,0.000,0.000,0.000,0,0,0
B3_zmq_pushpull,zmq_tcp,none,none,,1,2484,512,584,1785153438945394000,1785153438945395000,1785153438945395000,1785153438945396000,1785153438945548000,1785153438945552000,1785153438945552000,1785153438945552000,121932490,121652369,-128.121,1.000,0.000,1.000,4.000,0.000,0.000,0.000,0,0,0
B3_zmq_pushpull,zmq_tcp,none,none,,1,2485,512,584,1785153438946243000,1785153438946243000,1785153438946243000,1785153438946244000,1785153438946397000,1785153438946399000,1785153438946400000,1785153438946400000,121932490,121652369,-127.121,0.000,0.000,1.000,2.000,1.000,0.000,0.000,0,0,0
B3_zmq_pushpull,zmq_tcp,none,none,,1,2486,512,584,1785153438947433000,1785153438947433000,1785153438947433000,1785153438947434000,1785153438947557000,1785153438947559000,1785153438947559000,1785153438947559000,121932490,121652369,-157.121,0.000,0.000,1.000,2.000,0.000,0.000,0.000,0,0,0
B3_zmq_pushpull,zmq_tcp,none,none,,1,2487,512,584,1785153438948383000,1785153438948383000,1785153438948383000,1785153438948384000,1785153438948570000,1785153438948573000,1785153438948573000,1785153438948573000,121932490,121652369,-94.121,0.000,0.000,1.000,3.000,0.000,0.000,0.000,0,0,0
B3_zmq_pushpull,zmq_tcp,none,none,,1,2488,512,584,1785153438949400000,1785153438949400000,1785153438949400000,1785153438949401000,1785153438949574000,1785153438949577000,1785153438949577000,1785153438949577000,121932490,121652369,-107.121,0.000,0.000,1.000,3.000,0.000,0.000,0.000,0,0,0
B3_zmq_pushpull,zmq_tcp,none,none,,1,2489,512,584,1785153438950392000,1785153438950392000,1785153438950392000,1785153438950393000,1785153438950566000,1785153438950569000,1785153438950569000,1785153438950569000,121932490,121652369,-107.121,0.000,0.000,1.000,3.000,0.000,0.000,0.000,0,0,0
B3_zmq_pushpull,zmq_tcp,none,none,,1,2490,512,584,1785153438951393000,1785153438951393000,1785153438951394000,1785153438951394000,1785153438951569000,1785153438951572000,1785153438951572000,1785153438951572000,121932490,121652369,-105.121,0.000,1.000,0.000,3.000,0.000,0.000,0.000,0,0,0
B3_zmq_pushpull,zmq_tcp,none,none,,1,2491,512,584,1785153438952392000,1785153438952392000,1785153438952392000,1785153438952393000,1785153438952432000,1785153438952435000,1785153438952435000,1785153438952435000,121932490,121652369,-241.121,0.000,0.000,1.000,3.000,0.000,0.000,0.000,0,0,0
B3_zmq_pushpull,zmq_tcp,none,none,,1,2492,512,584,1785153438953395000,1785153438953395000,1785153438953395000,1785153438953396000,1785153438953440000,1785153438953444000,1785153438953444000,1785153438953444000,121932490,121652369,-236.121,0.000,0.000,1.000,4.000,0.000,0.000,0.000,0,0,0
B3_zmq_pushpull,zmq_tcp,none,none,,1,2493,512,584,1785153438954393000,1785153438954393000,1785153438954393000,1785153438954394000,1785153438954584000,1785153438954588000,1785153438954588000,1785153438954588000,121932490,121652369,-90.121,0.000,0.000,1.000,4.000,0.000,0.000,0.000,0,0,0
B3_zmq_pushpull,zmq_tcp,none,none,,1,2494,512,584,1785153438955394000,1785153438955394000,1785153438955394000,1785153438955395000,1785153438955573000,1785153438955575000,1785153438955575000,1785153438955575000,121932490,121652369,-102.121,0.000,0.000,1.000,2.000,0.000,0.000,0.000,0,0,0
B3_zmq_pushpull,zmq_tcp,none,none,,1,2495,512,584,1785153438956391000,1785153438956391000,1785153438956391000,1785153438956392000,1785153438956450000,1785153438956453000,1785153438956453000,1785153438956453000,121932490,121652369,-222.121,0.000,0.000,1.000,3.000,0.000,0.000,0.000,0,0,0
B3_zmq_pushpull,zmq_tcp,none,none,,1,2496,512,584,1785153438957395000,1785153438957395000,1785153438957395000,1785153438957396000,1785153438957460000,1785153438957464000,1785153438957464000,1785153438957464000,121932490,121652369,-216.121,0.000,0.000,1.000,4.000,0.000,0.000,0.000,0,0,0
B3_zmq_pushpull,zmq_tcp,none,none,,1,2497,512,584,1785153438958393000,1785153438958393000,1785153438958393000,1785153438958394000,1785153438958441000,1785153438958444000,1785153438958444000,1785153438958444000,121932490,121652369,-233.121,0.000,0.000,1.000,3.000,0.000,0.000,0.000,0,0,0
B3_zmq_pushpull,zmq_tcp,none,none,,1,2498,512,584,1785153438959270000,1785153438959270000,1785153438959270000,1785153438959271000,1785153438959423000,1785153438959426000,1785153438959426000,1785153438959426000,121932490,121652369,-128.121,0.000,0.000,1.000,3.000,0.000,0.000,0.000,0,0,0
B3_zmq_pushpull,zmq_tcp,none,none,,1,2499,512,584,1785153438960265000,1785153438960265000,1785153438960265000,1785153438960266000,1785153438960422000,1785153438960428000,1785153438960428000,1785153438960428000,121932490,121652369,-124.121,0.000,0.000,1.000,6.000,0.000,0.000,0.000,0,0,0
B3_zmq_pushpull,zmq_tcp,none,none,,1,2500,512,584,1785153438961426000,1785153438961426000,1785153438961426000,1785153438961427000,1785153438961577000,1785153438961579000,1785153438961579000,1785153438961580000,121932490,121652369,-130.121,0.000,0.000,1.000,2.000,0.000,1.000,0.000,0,0,0
B3_zmq_pushpull,zmq_tcp,none,none,,1,2501,512,584,1785153438962385000,1785153438962385000,1785153438962386000,1785153438962386000,1785153438962573000,1785153438962575000,1785153438962575000,1785153438962575000,121932490,121652369,-93.121,0.000,1.000,0.000,2.000,0.000,0.000,0.000,0,0,0
B3_zmq_pushpull,zmq_tcp,none,none,,1,2502,512,584,1785153438963392000,1785153438963392000,1785153438963392000,1785153438963393000,1785153438963429000,1785153438963432000,1785153438963432000,1785153438963432000,121932490,121652369,-244.121,0.000,0.000,1.000,3.000,0.000,0.000,0.000,0,0,0
B3_zmq_pushpull,zmq_tcp,none,none,,1,2503,512,584,1785153438964258000,1785153438964258000,1785153438964258000,1785153438964259000,1785153438964416000,1785153438964418000,1785153438964418000,1785153438964418000,121932490,121652369,-123.121,0.000,0.000,1.000,2.000,0.000,0.000,0.000,0,0,0
B3_zmq_pushpull,zmq_tcp,none,none,,1,2504,512,584,1785153438965428000,1785153438965428000,1785153438965428000,1785153438965429000,1785153438965555000,1785153438965559000,1785153438965559000,1785153438965559000,121932490,121652369,-154.121,0.000,0.000,1.000,4.000,0.000,0.000,0.000,0,0,0
B3_zmq_pushpull,zmq_tcp,none,none,,1,2505,512,584,1785153438966381000,1785153438966381000,1785153438966381000,1785153438966382000,1785153438966424000,1785153438966428000,1785153438966428000,1785153438966428000,121932490,121652369,-238.121,0.000,0.000,1.000,4.000,0.000,0.000,0.000,0,0,0
B3_zmq_pushpull,zmq_tcp,none,none,,1,2506,512,584,1785153438967273000,1785153438967273000,1785153438967273000,1785153438967274000,1785153438967422000,1785153438967430000,1785153438967430000,1785153438967430000,121932490,121652369,-132.121,0.000,0.000,1.000,8.000,0.000,0.000,0.000,0,0,0
B3_zmq_pushpull,zmq_tcp,none,none,,1,2507,512,584,1785153438968423000,1785153438968423000,1785153438968423000,1785153438968424000,1785153438968572000,1785153438968574000,1785153438968574000,1785153438968574000,121932490,121652369,-132.121,0.000,0.000,1.000,2.000,0.000,0.000,0.000,0,0,0
B3_zmq_pushpull,zmq_tcp,none,none,,1,2508,512,584,1785153438969387000,1785153438969387000,1785153438969387000,1785153438969388000,1785153438969577000,1785153438969579000,1785153438969580000,1785153438969580000,121932490,121652369,-91.121,0.000,0.000,1.000,2.000,1.000,0.000,0.000,0,0,0
B3_zmq_pushpull,zmq_tcp,none,none,,1,2509,512,584,1785153438970396000,1785153438970396000,1785153438970396000,1785153438970397000,1785153438970584000,1785153438970587000,1785153438970587000,1785153438970587000,121932490,121652369,-93.121,0.000,0.000,1.000,3.000,0.000,0.000,0.000,0,0,0
B3_zmq_pushpull,zmq_tcp,none,none,,1,2510,512,584,1785153438971298000,1785153438971298000,1785153438971298000,1785153438971299000,1785153438971442000,1785153438971444000,1785153438971444000,1785153438971444000,121932490,121652369,-137.121,0.000,0.000,1.000,2.000,0.000,0.000,0.000,0,0,0
B3_zmq_pushpull,zmq_tcp,none,none,,1,2511,512,584,1785153438972283000,1785153438972283000,1785153438972284000,1785153438972284000,1785153438972441000,1785153438972444000,1785153438972444000,1785153438972444000,121932490,121652369,-123.121,0.000,1.000,0.000,3.000,0.000,0.000,0.000,0,0,0
B3_zmq_pushpull,zmq_tcp,none,none,,1,2512,512,584,1785153438973421000,1785153438973422000,1785153438973422000,1785153438973423000,1785153438973589000,1785153438973591000,1785153438973591000,1785153438973592000,121932490,121652369,-114.121,1.000,0.000,1.000,2.000,0.000,1.000,0.000,0,0,0
B3_zmq_pushpull,zmq_tcp,none,none,,1,2513,512,584,1785153438974300000,1785153438974300000,1785153438974300000,1785153438974301000,1785153438974451000,1785153438974454000,1785153438974454000,1785153438974454000,121932490,121652369,-130.121,0.000,0.000,1.000,3.000,0.000,0.000,0.000,0,0,0
B3_zmq_pushpull,zmq_tcp,none,none,,1,2514,512,584,1785153438975418000,1785153438975419000,1785153438975419000,1785153438975420000,1785153438975598000,1785153438975601000,1785153438975601000,1785153438975601000,121932490,121652369,-102.121,1.000,0.000,1.000,3.000,0.000,0.000,0.000,0,0,0
B3_zmq_pushpull,zmq_tcp,none,none,,1,2515,512,584,1785153438976391000,1785153438976391000,1785153438976391000,1785153438976392000,1785153438976454000,1785153438976457000,1785153438976457000,1785153438976457000,121932490,121652369,-218.121,0.000,0.000,1.000,3.000,0.000,0.000,0.000,0,0,0
B3_zmq_pushpull,zmq_tcp,none,none,,1,2516,512,584,1785153438977399000,1785153438977399000,1785153438977399000,1785153438977400000,1785153438977604000,1785153438977607000,1785153438977607000,1785153438977607000,121932490,121652369,-76.121,0.000,0.000,1.000,3.000,0.000,0.000,0.000,0,0,0
B3_zmq_pushpull,zmq_tcp,none,none,,1,2517,512,584,1785153438978318000,1785153438978318000,1785153438978318000,1785153438978319000,1785153438978476000,1785153438978478000,1785153438978478000,1785153438978478000,121932490,121652369,-123.121,0.000,0.000,1.000,2.000,0.000,0.000,0.000,0,0,0
B3_zmq_pushpull,zmq_tcp,none,none,,1,2518,512,584,1785153438979412000,1785153438979412000,1785153438979412000,1785153438979413000,1785153438979473000,1785153438979476000,1785153438979476000,1785153438979476000,121932490,121652369,-220.121,0.000,0.000,1.000,3.000,0.000,0.000,0.000,0,0,0
B3_zmq_pushpull,zmq_tcp,none,none,,1,2519,512,584,1785153438980389000,1785153438980390000,1785153438980390000,1785153438980391000,1785153438980463000,1785153438980466000,1785153438980466000,1785153438980466000,121932490,121652369,-208.121,1.000,0.000,1.000,3.000,0.000,0.000,0.000,0,0,0
B3_zmq_pushpull,zmq_tcp,none,none,,1,2520,512,584,1785153438981309000,1785153438981309000,1785153438981309000,1785153438981310000,1785153438981466000,1785153438981468000,1785153438981468000,1785153438981468000,121932490,121652369,-124.121,0.000,0.000,1.000,2.000,0.000,0.000,0.000,0,0,0
B3_zmq_pushpull,zmq_tcp,none,none,,1,2521,512,584,1785153438982203000,1785153438982203000,1785153438982203000,1785153438982204000,1785153438982350000,1785153438982358000,1785153438982358000,1785153438982358000,121932490,121652369,-134.121,0.000,0.000,1.000,8.000,0.000,0.000,0.000,0,0,0
B3_zmq_pushpull,zmq_tcp,none,none,,1,2522,512,584,1785153438983196000,1785153438983196000,1785153438983196000,1785153438983197000,1785153438983342000,1785153438983345000,1785153438983345000,1785153438983345000,121932490,121652369,-135.121,0.000,0.000,1.000,3.000,0.000,0.000,0.000,0,0,0
B3_zmq_pushpull,zmq_tcp,none,none,,1,2523,512,584,1785153438984199000,1785153438984199000,1785153438984199000,1785153438984200000,1785153438984342000,1785153438984345000,1785153438984345000,1785153438984345000,121932490,121652369,-138.121,0.000,0.000,1.000,3.000,0.000,0.000,0.000,0,0,0
B3_zmq_pushpull,zmq_tcp,none,none,,1,2524,512,584,1785153438985196000,1785153438985197000,1785153438985197000,1785153438985198000,1785153438985356000,1785153438985358000,1785153438985358000,1785153438985358000,121932490,121652369,-122.121,1.000,0.000,1.000,2.000,0.000,0.000,0.000,0,0,0
B3_zmq_pushpull,zmq_tcp,none,none,,1,2525,512,584,1785153438986441000,1785153438986442000,1785153438986442000,1785153438986443000,1785153438986489000,1785153438986492000,1785153438986493000,1785153438986493000,121932490,121652369,-234.121,1.000,0.000,1.000,3.000,1.000,0.000,0.000,0,0,0
B3_zmq_pushpull,zmq_tcp,none,none,,1,2526,512,584,1785153438987381000,1785153438987382000,1785153438987382000,1785153438987383000,1785153438987486000,1785153438987489000,1785153438987489000,1785153438987489000,121932490,121652369,-177.121,1.000,0.000,1.000,3.000,0.000,0.000,0.000,0,0,0
B3_zmq_pushpull,zmq_tcp,none,none,,1,2527,512,584,1785153438988397000,1785153438988397000,1785153438988397000,1785153438988398000,1785153438988493000,1785153438988496000,1785153438988496000,1785153438988496000,121932490,121652369,-185.121,0.000,0.000,1.000,3.000,0.000,0.000,0.000,0,0,0
B3_zmq_pushpull,zmq_tcp,none,none,,1,2528,512,584,1785153438989389000,1785153438989389000,1785153438989389000,1785153438989390000,1785153438989509000,1785153438989512000,1785153438989512000,1785153438989512000,121932490,121652369,-161.121,0.000,0.000,1.000,3.000,0.000,0.000,0.000,0,0,0
B3_zmq_pushpull,zmq_tcp,none,none,,1,2529,512,584,1785153438990397000,1785153438990397000,1785153438990398000,1785153438990398000,1785153438990490000,1785153438990493000,1785153438990493000,1785153438990493000,121932490,121652369,-188.121,0.000,1.000,0.000,3.000,0.000,0.000,0.000,0,0,0
B3_zmq_pushpull,zmq_tcp,none,none,,1,2530,512,584,1785153438991393000,1785153438991393000,1785153438991393000,1785153438991394000,1785153438991508000,1785153438991511000,1785153438991511000,1785153438991511000,121932490,121652369,-166.121,0.000,0.000,1.000,3.000,0.000,0.000,0.000,0,0,0
B3_zmq_pushpull,zmq_tcp,none,none,,1,2531,512,584,1785153438992393000,1785153438992393000,1785153438992393000,1785153438992394000,1785153438992518000,1785153438992522000,1785153438992522000,1785153438992522000,121932490,121652369,-156.121,0.000,0.000,1.000,4.000,0.000,0.000,0.000,0,0,0
B3_zmq_pushpull,zmq_tcp,none,none,,1,2532,512,584,1785153438993213000,1785153438993213000,1785153438993213000,1785153438993214000,1785153438993369000,1785153438993372000,1785153438993372000,1785153438993372000,121932490,121652369,-125.121,0.000,0.000,1.000,3.000,0.000,0.000,0.000,0,0,0
B3_zmq_pushpull,zmq_tcp,none,none,,1,2533,512,584,1785153438994439000,1785153438994439000,1785153438994439000,1785153438994440000,1785153438994490000,1785153438994492000,1785153438994492000,1785153438994492000,121932490,121652369,-230.121,0.000,0.000,1.000,2.000,0.000,0.000,0.000,0,0,0
B3_zmq_pushpull,zmq_tcp,none,none,,1,2534,512,584,1785153438995384000,1785153438995385000,1785153438995385000,1785153438995386000,1785153438995490000,1785153438995493000,1785153438995494000,1785153438995494000,121932490,121652369,-176.121,1.000,0.000,1.000,3.000,1.000,0.000,0.000,0,0,0
B3_zmq_pushpull,zmq_tcp,none,none,,1,2535,512,584,1785153438996197000,1785153438996198000,1785153438996198000,1785153438996198000,1785153438996349000,1785153438996352000,1785153438996352000,1785153438996352000,121932490,121652369,-129.121,1.000,0.000,0.000,3.000,0.000,0.000,0.000,0,0,0
B3_zmq_pushpull,zmq_tcp,none,none,,1,2536,512,584,1785153438997443000,1785153438997443000,1785153438997443000,1785153438997444000,1785153438997620000,1785153438997622000,1785153438997622000,1785153438997622000,121932490,121652369,-104.121,0.000,0.000,1.000,2.000,0.000,0.000,0.000,0,0,0
B3_zmq_pushpull,zmq_tcp,none,none,,1,2537,512,584,1785153438998382000,1785153438998383000,1785153438998383000,1785153438998384000,1785153438998470000,1785153438998473000,1785153438998473000,1785153438998473000,121932490,121652369,-194.121,1.000,0.000,1.000,3.000,0.000,0.000,0.000,0,0,0
B3_zmq_pushpull,zmq_tcp,none,none,,1,2538,512,584,1785153438999397000,1785153438999397000,1785153438999397000,1785153438999398000,1785153438999473000,1785153438999478000,1785153438999478000,1785153438999478000,121932490,121652369,-205.121,0.000,0.000,1.000,5.000,0.000,0.000,0.000,0,0,0
B3_zmq_pushpull,zmq_tcp,none,none,,1,2539,512,584,1785153439000323000,1785153439000324000,1785153439000324000,1785153439000325000,1785153439000477000,1785153439000480000,1785153439000480000,1785153439000480000,121932490,121652369,-128.121,1.000,0.000,1.000,3.000,0.000,0.000,0.000,0,0,0
B3_zmq_pushpull,zmq_tcp,none,none,,1,2540,512,584,1785153439001411000,1785153439001411000,1785153439001411000,1785153439001412000,1785153439001457000,1785153439001460000,1785153439001460000,1785153439001460000,121932490,121652369,-235.121,0.000,0.000,1.000,3.000,0.000,0.000,0.000,0,0,0
B3_zmq_pushpull,zmq_tcp,none,none,,1,2541,512,584,1785153439002392000,1785153439002392000,1785153439002392000,1785153439002393000,1785153439002460000,1785153439002463000,1785153439002463000,1785153439002463000,121932490,121652369,-213.121,0.000,0.000,1.000,3.000,0.000,0.000,0.000,0,0,0
B3_zmq_pushpull,zmq_tcp,none,none,,1,2542,512,584,1785153439003395000,1785153439003395000,1785153439003395000,1785153439003396000,1785153439003600000,1785153439003602000,1785153439003602000,1785153439003602000,121932490,121652369,-76.121,0.000,0.000,1.000,2.000,0.000,0.000,0.000,0,0,0
B3_zmq_pushpull,zmq_tcp,none,none,,1,2543,512,584,1785153439004391000,1785153439004391000,1785153439004391000,1785153439004392000,1785153439004577000,1785153439004580000,1785153439004580000,1785153439004580000,121932490,121652369,-95.121,0.000,0.000,1.000,3.000,0.000,0.000,0.000,0,0,0
B3_zmq_pushpull,zmq_tcp,none,none,,1,2544,512,584,1785153439005395000,1785153439005395000,1785153439005395000,1785153439005396000,1785153439005573000,1785153439005576000,1785153439005576000,1785153439005576000,121932490,121652369,-103.121,0.000,0.000,1.000,3.000,0.000,0.000,0.000,0,0,0
B3_zmq_pushpull,zmq_tcp,none,none,,1,2545,512,584,1785153439006394000,1785153439006395000,1785153439006395000,1785153439006396000,1785153439006440000,1785153439006443000,1785153439006443000,1785153439006443000,121932490,121652369,-236.121,1.000,0.000,1.000,3.000,0.000,0.000,0.000,0,0,0
B3_zmq_pushpull,zmq_tcp,none,none,,1,2546,512,584,1785153439007394000,1785153439007394000,1785153439007394000,1785153439007395000,1785153439007452000,1785153439007455000,1785153439007455000,1785153439007455000,121932490,121652369,-223.121,0.000,0.000,1.000,3.000,0.000,0.000,0.000,0,0,0
B3_zmq_pushpull,zmq_tcp,none,none,,1,2547,512,584,1785153439008305000,1785153439008305000,1785153439008305000,1785153439008306000,1785153439008461000,1785153439008464000,1785153439008464000,1785153439008464000,121932490,121652369,-125.121,0.000,0.000,1.000,3.000,0.000,0.000,0.000,0,0,0
B3_zmq_pushpull,zmq_tcp,none,none,,1,2548,512,584,1785153439009416000,1785153439009416000,1785153439009416000,1785153439009417000,1785153439009481000,1785153439009485000,1785153439009485000,1785153439009485000,121932490,121652369,-216.121,0.000,0.000,1.000,4.000,0.000,0.000,0.000,0,0,0
B3_zmq_pushpull,zmq_tcp,none,none,,1,2549,512,584,1785153439010390000,1785153439010390000,1785153439010390000,1785153439010391000,1785153439010492000,1785153439010495000,1785153439010495000,1785153439010495000,121932490,121652369,-179.121,0.000,0.000,1.000,3.000,0.000,0.000,0.000,0,0,0
B3_zmq_pushpull,zmq_tcp,none,none,,1,2550,512,584,1785153439011358000,1785153439011358000,1785153439011358000,1785153439011359000,1785153439011504000,1785153439011506000,1785153439011506000,1785153439011506000,121932490,121652369,-135.121,0.000,0.000,1.000,2.000,0.000,0.000,0.000,0,0,0
B3_zmq_pushpull,zmq_tcp,none,none,,1,2551,512,584,1785153439012400000,1785153439012400000,1785153439012400000,1785153439012401000,1785153439012509000,1785153439012512000,1785153439012512000,1785153439012512000,121932490,121652369,-172.121,0.000,0.000,1.000,3.000,0.000,0.000,0.000,0,0,0
B3_zmq_pushpull,zmq_tcp,none,none,,1,2552,512,584,1785153439013393000,1785153439013393000,1785153439013393000,1785153439013394000,1785153439013507000,1785153439013510000,1785153439013510000,1785153439013510000,121932490,121652369,-167.121,0.000,0.000,1.000,3.000,0.000,0.000,0.000,0,0,0
B3_zmq_pushpull,zmq_tcp,none,none,,1,2553,512,584,1785153439014393000,1785153439014394000,1785153439014394000,1785153439014395000,1785153439014498000,1785153439014501000,1785153439014501000,1785153439014501000,121932490,121652369,-177.121,1.000,0.000,1.000,3.000,0.000,0.000,0.000,0,0,0
B3_zmq_pushpull,zmq_tcp,none,none,,1,2554,512,584,1785153439015391000,1785153439015391000,1785153439015391000,1785153439015392000,1785153439015494000,1785153439015497000,1785153439015497000,1785153439015497000,121932490,121652369,-178.121,0.000,0.000,1.000,3.000,0.000,0.000,0.000,0,0,0
B3_zmq_pushpull,zmq_tcp,none,none,,1,2555,512,584,1785153439016394000,1785153439016394000,1785153439016394000,1785153439016395000,1785153439016493000,1785153439016497000,1785153439016497000,1785153439016497000,121932490,121652369,-182.121,0.000,0.000,1.000,4.000,0.000,0.000,0.000,0,0,0
B3_zmq_pushpull,zmq_tcp,none,none,,1,2556,512,584,1785153439017308000,1785153439017308000,1785153439017308000,1785153439017309000,1785153439017465000,1785153439017469000,1785153439017469000,1785153439017469000,121932490,121652369,-124.121,0.000,0.000,1.000,4.000,0.000,0.000,0.000,0,0,0
B3_zmq_pushpull,zmq_tcp,none,none,,1,2557,512,584,1785153439018306000,1785153439018306000,1785153439018306000,1785153439018307000,1785153439018467000,1785153439018470000,1785153439018470000,1785153439018470000,121932490,121652369,-120.121,0.000,0.000,1.000,3.000,0.000,0.000,0.000,0,0,0
B3_zmq_pushpull,zmq_tcp,none,none,,1,2558,512,584,1785153439019301000,1785153439019301000,1785153439019301000,1785153439019303000,1785153439019445000,1785153439019448000,1785153439019448000,1785153439019448000,121932490,121652369,-138.121,0.000,0.000,2.000,3.000,0.000,0.000,0.000,0,0,0
B3_zmq_pushpull,zmq_tcp,none,none,,1,2559,512,584,1785153439020416000,1785153439020416000,1785153439020416000,1785153439020417000,1785153439020460000,1785153439020464000,1785153439020464000,1785153439020464000,121932490,121652369,-237.121,0.000,0.000,1.000,4.000,0.000,0.000,0.000,0,0,0
B3_zmq_pushpull,zmq_tcp,none,none,,1,2560,512,584,1785153439021270000,1785153439021270000,1785153439021270000,1785153439021271000,1785153439021425000,1785153439021428000,1785153439021428000,1785153439021428000,121932490,121652369,-126.121,0.000,0.000,1.000,3.000,0.000,0.000,0.000,0,0,0
B3_zmq_pushpull,zmq_tcp,none,none,,1,2561,512,584,1785153439022423000,1785153439022423000,1785153439022423000,1785153439022424000,1785153439022549000,1785153439022552000,1785153439022552000,1785153439022552000,121932490,121652369,-155.121,0.000,0.000,1.000,3.000,0.000,0.000,0.000,0,0,0
B3_zmq_pushpull,zmq_tcp,none,none,,1,2562,512,584,1785153439023388000,1785153439023388000,1785153439023388000,1785153439023389000,1785153439023537000,1785153439023540000,1785153439023540000,1785153439023540000,121932490,121652369,-132.121,0.000,0.000,1.000,3.000,0.000,0.000,0.000,0,0,0
B3_zmq_pushpull,zmq_tcp,none,none,,1,2563,512,584,1785153439024396000,1785153439024396000,1785153439024397000,1785153439024397000,1785153439024501000,1785153439024504000,1785153439024504000,1785153439024504000,121932490,121652369,-176.121,0.000,1.000,0.000,3.000,0.000,0.000,0.000,0,0,0
B3_zmq_pushpull,zmq_tcp,none,none,,1,2564,512,584,1785153439025392000,1785153439025393000,1785153439025393000,1785153439025393000,1785153439025493000,1785153439025496000,1785153439025496000,1785153439025496000,121932490,121652369,-180.121,1.000,0.000,0.000,3.000,0.000,0.000,0.000,0,0,0
B3_zmq_pushpull,zmq_tcp,none,none,,1,2565,512,584,1785153439026395000,1785153439026395000,1785153439026395000,1785153439026396000,1785153439026504000,1785153439026507000,1785153439026507000,1785153439026507000,121932490,121652369,-172.121,0.000,0.000,1.000,3.000,0.000,0.000,0.000,0,0,0
B3_zmq_pushpull,zmq_tcp,none,none,,1,2566,512,584,1785153439027392000,1785153439027393000,1785153439027393000,1785153439027394000,1785153439027496000,1785153439027500000,1785153439027500000,1785153439027500000,121932490,121652369,-178.121,1.000,0.000,1.000,4.000,0.000,0.000,0.000,0,0,0
B3_zmq_pushpull,zmq_tcp,none,none,,1,2567,512,584,1785153439028392000,1785153439028392000,1785153439028392000,1785153439028393000,1785153439028464000,1785153439028467000,1785153439028467000,1785153439028467000,121932490,121652369,-209.121,0.000,0.000,1.000,3.000,0.000,0.000,0.000,0,0,0
B3_zmq_pushpull,zmq_tcp,none,none,,1,2568,512,584,1785153439029392000,1785153439029393000,1785153439029393000,1785153439029394000,1785153439029561000,1785153439029564000,1785153439029564000,1785153439029564000,121932490,121652369,-113.121,1.000,0.000,1.000,3.000,0.000,0.000,0.000,0,0,0
B3_zmq_pushpull,zmq_tcp,none,none,,1,2569,512,584,1785153439030250000,1785153439030250000,1785153439030250000,1785153439030251000,1785153439030407000,1785153439030409000,1785153439030410000,1785153439030410000,121932490,121652369,-124.121,0.000,0.000,1.000,2.000,1.000,0.000,0.000,0,0,0
B3_zmq_pushpull,zmq_tcp,none,none,,1,2570,512,584,1785153439031426000,1785153439031426000,1785153439031426000,1785153439031427000,1785153439031520000,1785153439031523000,1785153439031523000,1785153439031523000,121932490,121652369,-187.121,0.000,0.000,1.000,3.000,0.000,0.000,0.000,0,0,0
B3_zmq_pushpull,zmq_tcp,none,none,,1,2571,512,584,1785153439032386000,1785153439032386000,1785153439032387000,1785153439032387000,1785153439032519000,1785153439032522000,1785153439032522000,1785153439032522000,121932490,121652369,-148.121,0.000,1.000,0.000,3.000,0.000,0.000,0.000,0,0,0
B3_zmq_pushpull,zmq_tcp,none,none,,1,2572,512,584,1785153439033394000,1785153439033394000,1785153439033394000,1785153439033395000,1785153439033500000,1785153439033503000,1785153439033503000,1785153439033503000,121932490,121652369,-175.121,0.000,0.000,1.000,3.000,0.000,0.000,0.000,0,0,0
B3_zmq_pushpull,zmq_tcp,none,none,,1,2573,512,584,1785153439034202000,1785153439034202000,1785153439034202000,1785153439034203000,1785153439034342000,1785153439034345000,1785153439034345000,1785153439034345000,121932490,121652369,-141.121,0.000,0.000,1.000,3.000,0.000,0.000,0.000,0,0,0
B3_zmq_pushpull,zmq_tcp,none,none,,1,2574,512,584,1785153439035298000,1785153439035299000,1785153439035299000,1785153439035300000,1785153439035442000,1785153439035444000,1785153439035444000,1785153439035444000,121932490,121652369,-138.121,1.000,0.000,1.000,2.000,0.000,0.000,0.000,0,0,0
B3_zmq_pushpull,zmq_tcp,none,none,,1,2575,512,584,1785153439036417000,1785153439036417000,1785153439036417000,1785153439036418000,1785153439036560000,1785153439036563000,1785153439036563000,1785153439036563000,121932490,121652369,-138.121,0.000,0.000,1.000,3.000,0.000,0.000,0.000,0,0,0
B3_zmq_pushpull,zmq_tcp,none,none,,1,2576,512,584,1785153439037386000,1785153439037386000,1785153439037386000,1785153439037387000,1785153439037541000,1785153439037544000,1785153439037544000,1785153439037544000,121932490,121652369,-126.121,0.000,0.000,1.000,3.000,0.000,0.000,0.000,0,0,0
B3_zmq_pushpull,zmq_tcp,none,none,,1,2577,512,584,1785153439038398000,1785153439038398000,1785153439038398000,1785153439038399000,1785153439038532000,1785153439038535000,1785153439038535000,1785153439038535000,121932490,121652369,-147.121,0.000,0.000,1.000,3.000,0.000,0.000,0.000,0,0,0
B3_zmq_pushpull,zmq_tcp,none,none,,1,2578,512,584,1785153439039394000,1785153439039394000,1785153439039394000,1785153439039395000,1785153439039511000,1785153439039513000,1785153439039513000,1785153439039513000,121932490,121652369,-164.121,0.000,0.000,1.000,2.000,0.000,0.000,0.000,0,0,0
B3_zmq_pushpull,zmq_tcp,none,none,,1,2579,512,584,1785153439040394000,1785153439040395000,1785153439040395000,1785153439040396000,1785153439040483000,1785153439040486000,1785153439040486000,1785153439040486000,121932490,121652369,-193.121,1.000,0.000,1.000,3.000,0.000,0.000,0.000,0,0,0
B3_zmq_pushpull,zmq_tcp,none,none,,1,2580,512,584,1785153439041389000,1785153439041389000,1785153439041389000,1785153439041390000,1785153439041462000,1785153439041464000,1785153439041464000,1785153439041464000,121932490,121652369,-208.121,0.000,0.000,1.000,2.000,0.000,0.000,0.000,0,0,0
B3_zmq_pushpull,zmq_tcp,none,none,,1,2581,512,584,1785153439042394000,1785153439042394000,1785153439042394000,1785153439042395000,1785153439042440000,1785153439042442000,1785153439042442000,1785153439042442000,121932490,121652369,-235.121,0.000,0.000,1.000,2.000,0.000,0.000,0.000,0,0,0
B3_zmq_pushpull,zmq_tcp,none,none,,1,2582,512,584,1785153439043266000,1785153439043266000,1785153439043266000,1785153439043267000,1785153439043418000,1785153439043420000,1785153439043420000,1785153439043420000,121932490,121652369,-129.121,0.000,0.000,1.000,2.000,0.000,0.000,0.000,0,0,0
B3_zmq_pushpull,zmq_tcp,none,none,,1,2583,512,584,1785153439044266000,1785153439044266000,1785153439044266000,1785153439044267000,1785153439044423000,1785153439044425000,1785153439044426000,1785153439044426000,121932490,121652369,-124.121,0.000,0.000,1.000,2.000,1.000,0.000,0.000,0,0,0
B3_zmq_pushpull,zmq_tcp,none,none,,1,2584,512,584,1785153439045244000,1785153439045244000,1785153439045244000,1785153439045245000,1785153439045402000,1785153439045405000,1785153439045405000,1785153439045405000,121932490,121652369,-123.121,0.000,0.000,1.000,3.000,0.000,0.000,0.000,0,0,0
B3_zmq_pushpull,zmq_tcp,none,none,,1,2585,512,584,1785153439046232000,1785153439046232000,1785153439046232000,1785153439046233000,1785153439046390000,1785153439046392000,1785153439046392000,1785153439046392000,121932490,121652369,-123.121,0.000,0.000,1.000,2.000,0.000,0.000,0.000,0,0,0
B3_zmq_pushpull,zmq_tcp,none,none,,1,2586,512,584,1785153439047434000,1785153439047434000,1785153439047434000,1785153439047435000,1785153439047626000,1785153439047628000,1785153439047628000,1785153439047629000,121932490,121652369,-89.121,0.000,0.000,1.000,2.000,0.000,1.000,0.000,0,0,0
B3_zmq_pushpull,zmq_tcp,none,none,,1,2587,512,584,1785153439048198000,1785153439048198000,1785153439048198000,1785153439048199000,1785153439048328000,1785153439048331000,1785153439048331000,1785153439048331000,121932490,121652369,-151.121,0.000,0.000,1.000,3.000,0.000,0.000,0.000,0,0,0
B3_zmq_pushpull,zmq_tcp,none,none,,1,2588,512,584,1785153439049296000,1785153439049296000,1785153439049296000,1785153439049297000,1785153439049450000,1785153439049453000,1785153439049453000,1785153439049453000,121932490,121652369,-127.121,0.000,0.000,1.000,3.000,0.000,0.000,0.000,0,0,0
B3_zmq_pushpull,zmq_tcp,none,none,,1,2589,512,584,1785153439050269000,1785153439050270000,1785153439050270000,1785153439050271000,1785153439050418000,1785153439050421000,1785153439050421000,1785153439050421000,121932490,121652369,-133.121,1.000,0.000,1.000,3.000,0.000,0.000,0.000,0,0,0
B3_zmq_pushpull,zmq_tcp,none,none,,1,2590,512,584,1785153439051426000,1785153439051426000,1785153439051426000,1785153439051427000,1785153439051545000,1785153439051548000,1785153439051548000,1785153439051548000,121932490,121652369,-162.121,0.000,0.000,1.000,3.000,0.000,0.000,0.000,0,0,0
B3_zmq_pushpull,zmq_tcp,none,none,,1,2591,512,584,1785153439052385000,1785153439052385000,1785153439052385000,1785153439052386000,1785153439052539000,1785153439052542000,1785153439052542000,1785153439052542000,121932490,121652369,-127.121,0.000,0.000,1.000,3.000,0.000,0.000,0.000,0,0,0
B3_zmq_pushpull,zmq_tcp,none,none,,1,2592,512,584,1785153439053232000,1785153439053232000,1785153439053232000,1785153439053233000,1785153439053379000,1785153439053382000,1785153439053382000,1785153439053382000,121932490,121652369,-134.121,0.000,0.000,1.000,3.000,0.000,0.000,0.000,0,0,0
B3_zmq_pushpull,zmq_tcp,none,none,,1,2593,512,584,1785153439054435000,1785153439054435000,1785153439054435000,1785153439054436000,1785153439054636000,1785153439054639000,1785153439054639000,1785153439054639000,121932490,121652369,-80.121,0.000,0.000,1.000,3.000,0.000,0.000,0.000,0,0,0
B3_zmq_pushpull,zmq_tcp,none,none,,1,2594,512,584,1785153439055380000,1785153439055380000,1785153439055380000,1785153439055381000,1785153439055468000,1785153439055471000,1785153439055471000,1785153439055471000,121932490,121652369,-193.121,0.000,0.000,1.000,3.000,0.000,0.000,0.000,0,0,0
B3_zmq_pushpull,zmq_tcp,none,none,,1,2595,512,584,1785153439056397000,1785153439056397000,1785153439056397000,1785153439056398000,1785153439056447000,1785153439056450000,1785153439056450000,1785153439056450000,121932490,121652369,-231.121,0.000,0.000,1.000,3.000,0.000,0.000,0.000,0,0,0
B3_zmq_pushpull,zmq_tcp,none,none,,1,2596,512,584,1785153439057393000,1785153439057393000,1785153439057393000,1785153439057394000,1785153439057556000,1785153439057559000,1785153439057559000,1785153439057559000,121932490,121652369,-118.121,0.000,0.000,1.000,3.000,0.000,0.000,0.000,0,0,0
B3_zmq_pushpull,zmq_tcp,none,none,,1,2597,512,584,1785153439058253000,1785153439058253000,1785153439058254000,1785153439058255000,1785153439058402000,1785153439058404000,1785153439058404000,1785153439058404000,121932490,121652369,-133.121,0.000,1.000,1.000,2.000,0.000,0.000,0.000,0,0,0
B3_zmq_pushpull,zmq_tcp,none,none,,1,2598,512,584,1785153439059424000,1785153439059425000,1785153439059425000,1785153439059426000,1785153439059534000,1785153439059536000,1785153439059536000,1785153439059536000,121932490,121652369,-172.121,1.000,0.000,1.000,2.000,0.000,0.000,0.000,0,0,0
B3_zmq_pushpull,zmq_tcp,none,none,,1,2599,512,584,1785153439060386000,1785153439060386000,1785153439060386000,1785153439060387000,1785153439060530000,1785153439060532000,1785153439060532000,1785153439060532000,121932490,121652369,-137.121,0.000,0.000,1.000,2.000,0.000,0.000,0.000,0,0,0
B3_zmq_pushpull,zmq_tcp,none,none,,1,2600,512,584,1785153439061394000,1785153439061394000,1785153439061394000,1785153439061395000,1785153439061504000,1785153439061507000,1785153439061507000,1785153439061507000,121932490,121652369,-171.121,0.000,0.000,1.000,3.000,0.000,0.000,0.000,0,0,0
B3_zmq_pushpull,zmq_tcp,none,none,,1,2601,512,584,1785153439062391000,1785153439062391000,1785153439062391000,1785153439062392000,1785153439062480000,1785153439062483000,1785153439062483000,1785153439062483000,121932490,121652369,-192.121,0.000,0.000,1.000,3.000,0.000,0.000,0.000,0,0,0
B3_zmq_pushpull,zmq_tcp,none,none,,1,2602,512,584,1785153439063397000,1785153439063398000,1785153439063398000,1785153439063399000,1785153439063654000,1785153439063668000,1785153439063669000,1785153439063669000,121932490,121652369,-25.121,1.000,0.000,1.000,14.000,1.000,0.000,0.000,0,0,0
B3_zmq_pushpull,zmq_tcp,none,none,,1,2603,512,584,1785153439064393000,1785153439064393000,1785153439064393000,1785153439064394000,1785153439064552000,1785153439064558000,1785153439064558000,1785153439064558000,121932490,121652369,-122.121,0.000,0.000,1.000,6.000,0.000,0.000,0.000,0,0,0
B3_zmq_pushpull,zmq_tcp,none,none,,1,2604,512,584,1785153439065395000,1785153439065396000,1785153439065396000,1785153439065397000,1785153439065562000,1785153439065566000,1785153439065566000,1785153439065566000,121932490,121652369,-115.121,1.000,0.000,1.000,4.000,0.000,0.000,0.000,0,0,0
B3_zmq_pushpull,zmq_tcp,none,none,,1,2605,512,584,1785153439066395000,1785153439066395000,1785153439066395000,1785153439066396000,1785153439066567000,1785153439066570000,1785153439066570000,1785153439066570000,121932490,121652369,-109.121,0.000,0.000,1.000,3.000,0.000,0.000,0.000,0,0,0
B3_zmq_pushpull,zmq_tcp,none,none,,1,2606,512,584,1785153439067395000,1785153439067395000,1785153439067395000,1785153439067396000,1785153439067589000,1785153439067592000,1785153439067592000,1785153439067592000,121932490,121652369,-87.121,0.000,0.000,1.000,3.000,0.000,0.000,0.000,0,0,0
B3_zmq_pushpull,zmq_tcp,none,none,,1,2607,512,584,1785153439068307000,1785153439068307000,1785153439068307000,1785153439068308000,1785153439068468000,1785153439068472000,1785153439068472000,1785153439068472000,121932490,121652369,-120.121,0.000,0.000,1.000,4.000,0.000,0.000,0.000,0,0,0
B3_zmq_pushpull,zmq_tcp,none,none,,1,2608,512,584,1785153439069199000,1785153439069199000,1785153439069199000,1785153439069200000,1785153439069341000,1785153439069344000,1785153439069345000,1785153439069345000,121932490,121652369,-139.121,0.000,0.000,1.000,3.000,1.000,0.000,0.000,0,0,0
B3_zmq_pushpull,zmq_tcp,none,none,,1,2609,512,584,1785153439070439000,1785153439070439000,1785153439070440000,1785153439070440000,1785153439070486000,1785153439070490000,1785153439070490000,1785153439070490000,121932490,121652369,-234.121,0.000,1.000,0.000,4.000,0.000,0.000,0.000,0,0,0
B3_zmq_pushpull,zmq_tcp,none,none,,1,2610,512,584,1785153439071386000,1785153439071387000,1785153439071387000,1785153439071388000,1785153439071482000,1785153439071485000,1785153439071485000,1785153439071485000,121932490,121652369,-186.121,1.000,0.000,1.000,3.000,0.000,0.000,0.000,0,0,0
B3_zmq_pushpull,zmq_tcp,none,none,,1,2611,512,584,1785153439072395000,1785153439072395000,1785153439072395000,1785153439072396000,1785153439072599000,1785153439072602000,1785153439072602000,1785153439072602000,121932490,121652369,-77.121,0.000,0.000,1.000,3.000,0.000,0.000,0.000,0,0,0
B3_zmq_pushpull,zmq_tcp,none,none,,1,2612,512,584,1785153439073300000,1785153439073300000,1785153439073300000,1785153439073301000,1785153439073459000,1785153439073462000,1785153439073462000,1785153439073462000,121932490,121652369,-122.121,0.000,0.000,1.000,3.000,0.000,0.000,0.000,0,0,0
B3_zmq_pushpull,zmq_tcp,none,none,,1,2613,512,584,1785153439074417000,1785153439074417000,1785153439074417000,1785153439074418000,1785153439074574000,1785153439074581000,1785153439074581000,1785153439074581000,121932490,121652369,-124.121,0.000,0.000,1.000,7.000,0.000,0.000,0.000,0,0,0
B3_zmq_pushpull,zmq_tcp,none,none,,1,2614,512,584,1785153439075278000,1785153439075278000,1785153439075278000,1785153439075279000,1785153439075428000,1785153439075431000,1785153439075431000,1785153439075432000,121932490,121652369,-131.121,0.000,0.000,1.000,3.000,0.000,1.000,0.000,0,0,0
B3_zmq_pushpull,zmq_tcp,none,none,,1,2615,512,584,1785153439076243000,1785153439076243000,1785153439076243000,1785153439076244000,1785153439076394000,1785153439076397000,1785153439076397000,1785153439076397000,121932490,121652369,-130.121,0.000,0.000,1.000,3.000,0.000,0.000,0.000,0,0,0
B3_zmq_pushpull,zmq_tcp,none,none,,1,2616,512,584,1785153439077230000,1785153439077231000,1785153439077231000,1785153439077232000,1785153439077383000,1785153439077386000,1785153439077386000,1785153439077386000,121932490,121652369,-129.121,1.000,0.000,1.000,3.000,0.000,0.000,0.000,0,0,0
B3_zmq_pushpull,zmq_tcp,none,none,,1,2617,512,584,1785153439078217000,1785153439078217000,1785153439078217000,1785153439078218000,1785153439078370000,1785153439078372000,1785153439078372000,1785153439078372000,121932490,121652369,-128.121,0.000,0.000,1.000,2.000,0.000,0.000,0.000,0,0,0
B3_zmq_pushpull,zmq_tcp,none,none,,1,2618,512,584,1785153439079437000,1785153439079437000,1785153439079437000,1785153439079438000,1785153439079496000,1785153439079499000,1785153439079499000,1785153439079499000,121932490,121652369,-222.121,0.000,0.000,1.000,3.000,0.000,0.000,0.000,0,0,0
B3_zmq_pushpull,zmq_tcp,none,none,,1,2619,512,584,1785153439080381000,1785153439080381000,1785153439080381000,1785153439080382000,1785153439080494000,1785153439080497000,1785153439080497000,1785153439080497000,121932490,121652369,-168.121,0.000,0.000,1.000,3.000,0.000,0.000,0.000,0,0,0
B3_zmq_pushpull,zmq_tcp,none,none,,1,2620,512,584,1785153439081397000,1785153439081397000,1785153439081397000,1785153439081398000,1785153439081495000,1785153439081498000,1785153439081498000,1785153439081498000,121932490,121652369,-183.121,0.000,0.000,1.000,3.000,0.000,0.000,0.000,0,0,0
B3_zmq_pushpull,zmq_tcp,none,none,,1,2621,512,584,1785153439082393000,1785153439082393000,1785153439082393000,1785153439082394000,1785153439082494000,1785153439082496000,1785153439082497000,1785153439082497000,121932490,121652369,-180.121,0.000,0.000,1.000,2.000,1.000,0.000,0.000,0,0,0
B3_zmq_pushpull,zmq_tcp,none,none,,1,2622,512,584,1785153439083396000,1785153439083396000,1785153439083396000,1785153439083397000,1785153439083479000,1785153439083482000,1785153439083482000,1785153439083482000,121932490,121652369,-198.121,0.000,0.000,1.000,3.000,0.000,0.000,0.000,0,0,0
B3_zmq_pushpull,zmq_tcp,none,none,,1,2623,512,584,1785153439084391000,1785153439084391000,1785153439084391000,1785153439084392000,1785153439084472000,1785153439084475000,1785153439084475000,1785153439084475000,121932490,121652369,-200.121,0.000,0.000,1.000,3.000,0.000,0.000,0.000,0,0,0
B3_zmq_pushpull,zmq_tcp,none,none,,1,2624,512,584,1785153439085398000,1785153439085399000,1785153439085399000,1785153439085400000,1785153439085450000,1785153439085454000,1785153439085454000,1785153439085454000,121932490,121652369,-230.121,1.000,0.000,1.000,4.000,0.000,0.000,0.000,0,0,0
B3_zmq_pushpull,zmq_tcp,none,none,,1,2625,512,584,1785153439086285000,1785153439086285000,1785153439086285000,1785153439086286000,1785153439086443000,1785153439086446000,1785153439086446000,1785153439086446000,121932490,121652369,-123.121,0.000,0.000,1.000,3.000,0.000,0.000,0.000,0,0,0
B3_zmq_pushpull,zmq_tcp,none,none,,1,2626,512,584,1785153439087290000,1785153439087290000,1785153439087290000,1785153439087291000,1785153439087437000,1785153439087440000,1785153439087440000,1785153439087440000,121932490,121652369,-134.121,0.000,0.000,1.000,3.000,0.000,0.000,0.000,0,0,0
B3_zmq_pushpull,zmq_tcp,none,none,,1,2627,512,584,1785153439088416000,1785153439088416000,1785153439088416000,1785153439088417000,1785153439088571000,1785153439088574000,1785153439088574000,1785153439088574000,121932490,121652369,-126.121,0.000,0.000,1.000,3.000,0.000,0.000,0.000,0,0,0
B3_zmq_pushpull,zmq_tcp,none,none,,1,2628,512,584,1785153439089389000,1785153439089389000,1785153439089389000,1785153439089390000,1785153439089576000,1785153439089580000,1785153439089580000,1785153439089580000,121932490,121652369,-94.121,0.000,0.000,1.000,4.000,0.000,0.000,0.000,0,0,0
B3_zmq_pushpull,zmq_tcp,none,none,,1,2629,512,584,1785153439090292000,1785153439090292000,1785153439090292000,1785153439090293000,1785153439090448000,1785153439090451000,1785153439090451000,1785153439090451000,121932490,121652369,-125.121,0.000,0.000,1.000,3.000,0.000,0.000,0.000,0,0,0
B3_zmq_pushpull,zmq_tcp,none,none,,1,2630,512,584,1785153439091303000,1785153439091303000,1785153439091303000,1785153439091304000,1785153439091458000,1785153439091460000,1785153439091460000,1785153439091460000,121932490,121652369,-126.121,0.000,0.000,1.000,2.000,0.000,0.000,0.000,0,0,0
B3_zmq_pushpull,zmq_tcp,none,none,,1,2631,512,584,1785153439092417000,1785153439092417000,1785153439092417000,1785153439092418000,1785153439092558000,1785153439092561000,1785153439092561000,1785153439092561000,121932490,121652369,-140.121,0.000,0.000,1.000,3.000,0.000,0.000,0.000,0,0,0
B3_zmq_pushpull,zmq_tcp,none,none,,1,2632,512,584,1785153439093394000,1785153439093394000,1785153439093394000,1785153439093395000,1785153439093584000,1785153439093588000,1785153439093588000,1785153439093588000,121932490,121652369,-91.121,0.000,0.000,1.000,4.000,0.000,0.000,0.000,0,0,0
B3_zmq_pushpull,zmq_tcp,none,none,,1,2633,512,584,1785153439094282000,1785153439094282000,1785153439094282000,1785153439094283000,1785153439094444000,1785153439094448000,1785153439094448000,1785153439094448000,121932490,121652369,-119.121,0.000,0.000,1.000,4.000,0.000,0.000,0.000,0,0,0
B3_zmq_pushpull,zmq_tcp,none,none,,1,2634,512,584,1785153439095423000,1785153439095423000,1785153439095423000,1785153439095424000,1785153439095595000,1785153439095598000,1785153439095598000,1785153439095598000,121932490,121652369,-109.121,0.000,0.000,1.000,3.000,0.000,0.000,0.000,0,0,0
B3_zmq_pushpull,zmq_tcp,none,none,,1,2635,512,584,1785153439096305000,1785153439096305000,1785153439096305000,1785153439096306000,1785153439096466000,1785153439096468000,1785153439096468000,1785153439096468000,121932490,121652369,-120.121,0.000,0.000,1.000,2.000,0.000,0.000,0.000,0,0,0
B3_zmq_pushpull,zmq_tcp,none,none,,1,2636,512,584,1785153439097417000,1785153439097417000,1785153439097417000,1785153439097418000,1785153439097603000,1785153439097606000,1785153439097606000,1785153439097606000,121932490,121652369,-95.121,0.000,0.000,1.000,3.000,0.000,0.000,0.000,0,0,0
B3_zmq_pushpull,zmq_tcp,none,none,,1,2637,512,584,1785153439098312000,1785153439098312000,1785153439098312000,1785153439098313000,1785153439098459000,1785153439098461000,1785153439098461000,1785153439098461000,121932490,121652369,-134.121,0.000,0.000,1.000,2.000,0.000,0.000,0.000,0,0,0
B3_zmq_pushpull,zmq_tcp,none,none,,1,2638,512,584,1785153439099310000,1785153439099310000,1785153439099310000,1785153439099311000,1785153439099472000,1785153439099475000,1785153439099475000,1785153439099475000,121932490,121652369,-119.121,0.000,0.000,1.000,3.000,0.000,0.000,0.000,0,0,0
B3_zmq_pushpull,zmq_tcp,none,none,,1,2639,512,584,1785153439100416000,1785153439100416000,1785153439100416000,1785153439100417000,1785153439100480000,1785153439100486000,1785153439100486000,1785153439100486000,121932490,121652369,-217.121,0.000,0.000,1.000,6.000,0.000,0.000,0.000,0,0,0
B3_zmq_pushpull,zmq_tcp,none,none,,1,2640,512,584,1785153439101389000,1785153439101389000,1785153439101390000,1785153439101390000,1785153439101491000,1785153439101494000,1785153439101494000,1785153439101494000,121932490,121652369,-179.121,0.000,1.000,0.000,3.000,0.000,0.000,0.000,0,0,0
B3_zmq_pushpull,zmq_tcp,none,none,,1,2641,512,584,1785153439102200000,1785153439102200000,1785153439102200000,1785153439102201000,1785153439102359000,1785153439102363000,1785153439102363000,1785153439102363000,121932490,121652369,-122.121,0.000,0.000,1.000,4.000,0.000,0.000,0.000,0,0,0
B3_zmq_pushpull,zmq_tcp,none,none,,1,2642,512,584,1785153439103226000,1785153439103226000,1785153439103226000,1785153439103227000,1785153439103388000,1785153439103391000,1785153439103391000,1785153439103391000,121932490,121652369,-119.121,0.000,0.000,1.000,3.000,0.000,0.000,0.000,0,0,0
B3_zmq_pushpull,zmq_tcp,none,none,,1,2643,512,584,1785153439104438000,1785153439104438000,1785153439104438000,1785153439104439000,1785153439104544000,1785153439104547000,1785153439104547000,1785153439104547000,121932490,121652369,-175.121,0.000,0.000,1.000,3.000,0.000,0.000,0.000,0,0,0
B3_zmq_pushpull,zmq_tcp,none,none,,1,2644,512,584,1785153439105380000,1785153439105380000,1785153439105380000,1785153439105381000,1785153439105555000,1785153439105559000,1785153439105559000,1785153439105559000,121932490,121652369,-106.121,0.000,0.000,1.000,4.000,0.000,0.000,0.000,0,0,0
B3_zmq_pushpull,zmq_tcp,none,none,,1,2645,512,584,1785153439106262000,1785153439106262000,1785153439106262000,1785153439106263000,1785153439106420000,1785153439106424000,1785153439106424000,1785153439106424000,121932490,121652369,-123.121,0.000,0.000,1.000,4.000,0.000,0.000,0.000,0,0,0
B3_zmq_pushpull,zmq_tcp,none,none,,1,2646,512,584,1785153439107428000,1785153439107428000,1785153439107428000,1785153439107429000,1785153439107584000,1785153439107587000,1785153439107587000,1785153439107587000,121932490,121652369,-125.121,0.000,0.000,1.000,3.000,0.000,0.000,0.000,0,0,0
B3_zmq_pushpull,zmq_tcp,none,none,,1,2647,512,584,1785153439108388000,1785153439108388000,1785153439108388000,1785153439108389000,1785153439108587000,1785153439108590000,1785153439108590000,1785153439108590000,121932490,121652369,-82.121,0.000,0.000,1.000,3.000,0.000,0.000,0.000,0,0,0
B3_zmq_pushpull,zmq_tcp,none,none,,1,2648,512,584,1785153439109282000,1785153439109283000,1785153439109283000,1785153439109284000,1785153439109443000,1785153439109446000,1785153439109446000,1785153439109446000,121932490,121652369,-121.121,1.000,0.000,1.000,3.000,0.000,0.000,0.000,0,0,0
B3_zmq_pushpull,zmq_tcp,none,none,,1,2649,512,584,1785153439110423000,1785153439110424000,1785153439110424000,1785153439110425000,1785153439110600000,1785153439110603000,1785153439110603000,1785153439110603000,121932490,121652369,-105.121,1.000,0.000,1.000,3.000,0.000,0.000,0.000,0,0,0
B3_zmq_pushpull,zmq_tcp,none,none,,1,2650,512,584,1785153439111301000,1785153439111301000,1785153439111301000,1785153439111302000,1785153439111447000,1785153439111450000,1785153439111450000,1785153439111450000,121932490,121652369,-135.121,0.000,0.000,1.000,3.000,0.000,0.000,0.000,0,0,0
B3_zmq_pushpull,zmq_tcp,none,none,,1,2651,512,584,1785153439112417000,1785153439112418000,1785153439112418000,1785153439112418000,1785153439112598000,1785153439112601000,1785153439112601000,1785153439112601000,121932490,121652369,-100.121,1.000,0.000,0.000,3.000,0.000,0.000,0.000,0,0,0
B3_zmq_pushpull,zmq_tcp,none,none,,1,2652,512,584,1785153439113386000,1785153439113387000,1785153439113387000,1785153439113388000,1785153439113462000,1785153439113464000,1785153439113465000,1785153439113465000,121932490,121652369,-206.121,1.000,0.000,1.000,2.000,1.000,0.000,0.000,0,0,0
B3_zmq_pushpull,zmq_tcp,none,none,,1,2653,512,584,1785153439114400000,1785153439114400000,1785153439114400000,1785153439114401000,1785153439114585000,1785153439114588000,1785153439114588000,1785153439114588000,121932490,121652369,-96.121,0.000,0.000,1.000,3.000,0.000,0.000,0.000,0,0,0
B3_zmq_pushpull,zmq_tcp,none,none,,1,2654,512,584,1785153439115393000,1785153439115393000,1785153439115393000,1785153439115394000,1785153439115584000,1785153439115587000,1785153439115587000,1785153439115587000,121932490,121652369,-90.121,0.000,0.000,1.000,3.000,0.000,0.000,0.000,0,0,0
B3_zmq_pushpull,zmq_tcp,none,none,,1,2655,512,584,1785153439116395000,1785153439116395000,1785153439116395000,1785153439116396000,1785153439116588000,1785153439116591000,1785153439116591000,1785153439116591000,121932490,121652369,-88.121,0.000,0.000,1.000,3.000,0.000,0.000,0.000,0,0,0
B3_zmq_pushpull,zmq_tcp,none,none,,1,2656,512,584,1785153439117390000,1785153439117390000,1785153439117390000,1785153439117391000,1785153439117457000,1785153439117460000,1785153439117460000,1785153439117460000,121932490,121652369,-214.121,0.000,0.000,1.000,3.000,0.000,0.000,0.000,0,0,0
B3_zmq_pushpull,zmq_tcp,none,none,,1,2657,512,584,1785153439118395000,1785153439118396000,1785153439118396000,1785153439118397000,1785153439118438000,1785153439118442000,1785153439118442000,1785153439118442000,121932490,121652369,-239.121,1.000,0.000,1.000,4.000,0.000,0.000,0.000,0,0,0
B3_zmq_pushpull,zmq_tcp,none,none,,1,2658,512,584,1785153439119395000,1785153439119395000,1785153439119395000,1785153439119396000,1785153439119438000,1785153439119442000,1785153439119442000,1785153439119442000,121932490,121652369,-238.121,0.000,0.000,1.000,4.000,0.000,0.000,0.000,0,0,0
B3_zmq_pushpull,zmq_tcp,none,none,,1,2659,512,584,1785153439120395000,1785153439120395000,1785153439120395000,1785153439120396000,1785153439120575000,1785153439120578000,1785153439120578000,1785153439120578000,121932490,121652369,-101.121,0.000,0.000,1.000,3.000,0.000,0.000,0.000,0,0,0
B3_zmq_pushpull,zmq_tcp,none,none,,1,2660,512,584,1785153439121393000,1785153439121393000,1785153439121393000,1785153439121394000,1785153439121585000,1785153439121588000,1785153439121588000,1785153439121588000,121932490,121652369,-89.121,0.000,0.000,1.000,3.000,0.000,0.000,0.000,0,0,0
B3_zmq_pushpull,zmq_tcp,none,none,,1,2661,512,584,1785153439122397000,1785153439122397000,1785153439122397000,1785153439122398000,1785153439122456000,1785153439122459000,1785153439122459000,1785153439122459000,121932490,121652369,-222.121,0.000,0.000,1.000,3.000,0.000,0.000,0.000,0,0,0
B3_zmq_pushpull,zmq_tcp,none,none,,1,2662,512,584,1785153439123394000,1785153439123394000,1785153439123394000,1785153439123395000,1785153439123456000,1785153439123459000,1785153439123459000,1785153439123459000,121932490,121652369,-219.121,0.000,0.000,1.000,3.000,0.000,0.000,0.000,0,0,0
B3_zmq_pushpull,zmq_tcp,none,none,,1,2663,512,584,1785153439124395000,1785153439124395000,1785153439124395000,1785153439124396000,1785153439124470000,1785153439124473000,1785153439124473000,1785153439124473000,121932490,121652369,-206.121,0.000,0.000,1.000,3.000,0.000,0.000,0.000,0,0,0
B3_zmq_pushpull,zmq_tcp,none,none,,1,2664,512,584,1785153439125393000,1785153439125393000,1785153439125393000,1785153439125394000,1785153439125437000,1785153439125440000,1785153439125440000,1785153439125440000,121932490,121652369,-237.121,0.000,0.000,1.000,3.000,0.000,0.000,0.000,0,0,0
B3_zmq_pushpull,zmq_tcp,none,none,,1,2665,512,584,1785153439126394000,1785153439126394000,1785153439126394000,1785153439126395000,1785153439126436000,1785153439126439000,1785153439126439000,1785153439126439000,121932490,121652369,-239.121,0.000,0.000,1.000,3.000,0.000,0.000,0.000,0,0,0
B3_zmq_pushpull,zmq_tcp,none,none,,1,2666,512,584,1785153439127399000,1785153439127399000,1785153439127399000,1785153439127400000,1785153439127571000,1785153439127574000,1785153439127574000,1785153439127574000,121932490,121652369,-109.121,0.000,0.000,1.000,3.000,0.000,0.000,0.000,0,0,0
B3_zmq_pushpull,zmq_tcp,none,none,,1,2667,512,584,1785153439128261000,1785153439128261000,1785153439128261000,1785153439128262000,1785153439128419000,1785153439128426000,1785153439128426000,1785153439128426000,121932490,121652369,-123.121,0.000,0.000,1.000,7.000,0.000,0.000,0.000,0,0,0
B3_zmq_pushpull,zmq_tcp,none,none,,1,2668,512,584,1785153439129427000,1785153439129427000,1785153439129428000,1785153439129428000,1785153439129570000,1785153439129572000,1785153439129572000,1785153439129572000,121932490,121652369,-138.121,0.000,1.000,0.000,2.000,0.000,0.000,0.000,0,0,0
B3_zmq_pushpull,zmq_tcp,none,none,,1,2669,512,584,1785153439130387000,1785153439130387000,1785153439130387000,1785153439130388000,1785153439130444000,1785153439130446000,1785153439130446000,1785153439130446000,121932490,121652369,-224.121,0.000,0.000,1.000,2.000,0.000,0.000,0.000,0,0,0
B3_zmq_pushpull,zmq_tcp,none,none,,1,2670,512,584,1785153439131397000,1785153439131397000,1785153439131397000,1785153439131398000,1785153439131591000,1785153439131595000,1785153439131595000,1785153439131595000,121932490,121652369,-87.121,0.000,0.000,1.000,4.000,0.000,0.000,0.000,0,0,0
B3_zmq_pushpull,zmq_tcp,none,none,,1,2671,512,584,1785153439132393000,1785153439132393000,1785153439132393000,1785153439132394000,1785153439132450000,1785153439132452000,1785153439132452000,1785153439132452000,121932490,121652369,-224.121,0.000,0.000,1.000,2.000,0.000,0.000,0.000,0,0,0
B3_zmq_pushpull,zmq_tcp,none,none,,1,2672,512,584,1785153439133394000,1785153439133394000,1785153439133394000,1785153439133395000,1785153439133434000,1785153439133437000,1785153439133437000,1785153439133437000,121932490,121652369,-241.121,0.000,0.000,1.000,3.000,0.000,0.000,0.000,0,0,0
B3_zmq_pushpull,zmq_tcp,none,none,,1,2673,512,584,1785153439134399000,1785153439134399000,1785153439134399000,1785153439134400000,1785153439134566000,1785153439134568000,1785153439134568000,1785153439134568000,121932490,121652369,-114.121,0.000,0.000,1.000,2.000,0.000,0.000,0.000,0,0,0
B3_zmq_pushpull,zmq_tcp,none,none,,1,2674,512,584,1785153439135390000,1785153439135390000,1785153439135390000,1785153439135391000,1785153439135558000,1785153439135560000,1785153439135560000,1785153439135560000,121932490,121652369,-113.121,0.000,0.000,1.000,2.000,0.000,0.000,0.000,0,0,0
B3_zmq_pushpull,zmq_tcp,none,none,,1,2675,512,584,1785153439136263000,1785153439136263000,1785153439136263000,1785153439136264000,1785153439136420000,1785153439136423000,1785153439136423000,1785153439136423000,121932490,121652369,-124.121,0.000,0.000,1.000,3.000,0.000,0.000,0.000,0,0,0
B3_zmq_pushpull,zmq_tcp,none,none,,1,2676,512,584,1785153439137430000,1785153439137430000,1785153439137430000,1785153439137431000,1785153439137570000,1785153439137573000,1785153439137573000,1785153439137573000,121932490,121652369,-141.121,0.000,0.000,1.000,3.000,0.000,0.000,0.000,0,0,0
B3_zmq_pushpull,zmq_tcp,none,none,,1,2677,512,584,1785153439138382000,1785153439138382000,1785153439138382000,1785153439138383000,1785153439138428000,1785153439138432000,1785153439138432000,1785153439138432000,121932490,121652369,-235.121,0.000,0.000,1.000,4.000,0.000,0.000,0.000,0,0,0
B3_zmq_pushpull,zmq_tcp,none,none,,1,2678,512,584,1785153439139270000,1785153439139271000,1785153439139271000,1785153439139272000,1785153439139427000,1785153439139430000,1785153439139430000,1785153439139430000,121932490,121652369,-125.121,1.000,0.000,1.000,3.000,0.000,0.000,0.000,0,0,0
B3_zmq_pushpull,zmq_tcp,none,none,,1,2679,512,584,1785153439140425000,1785153439140425000,1785153439140425000,1785153439140426000,1785153439140556000,1785153439140559000,1785153439140559000,1785153439140559000,121932490,121652369,-150.121,0.000,0.000,1.000,3.000,0.000,0.000,0.000,0,0,0
B3_zmq_pushpull,zmq_tcp,none,none,,1,2680,512,584,1785153439141391000,1785153439141391000,1785153439141391000,1785153439141392000,1785153439141567000,1785153439141569000,1785153439141569000,1785153439141569000,121932490,121652369,-105.121,0.000,0.000,1.000,2.000,0.000,0.000,0.000,0,0,0
B3_zmq_pushpull,zmq_tcp,none,none,,1,2681,512,584,1785153439142392000,1785153439142392000,1785153439142392000,1785153439142393000,1785153439142568000,1785153439142571000,1785153439142571000,1785153439142571000,121932490,121652369,-105.121,0.000,0.000,1.000,3.000,0.000,0.000,0.000,0,0,0
B3_zmq_pushpull,zmq_tcp,none,none,,1,2682,512,584,1785153439143282000,1785153439143282000,1785153439143282000,1785153439143283000,1785153439143426000,1785153439143428000,1785153439143428000,1785153439143428000,121932490,121652369,-137.121,0.000,0.000,1.000,2.000,0.000,0.000,0.000,0,0,0
B3_zmq_pushpull,zmq_tcp,none,none,,1,2683,512,584,1785153439144427000,1785153439144427000,1785153439144427000,1785153439144428000,1785153439144588000,1785153439144591000,1785153439144591000,1785153439144591000,121932490,121652369,-120.121,0.000,0.000,1.000,3.000,0.000,0.000,0.000,0,0,0
B3_zmq_pushpull,zmq_tcp,none,none,,1,2684,512,584,1785153439145387000,1785153439145387000,1785153439145387000,1785153439145388000,1785153439145456000,1785153439145459000,1785153439145459000,1785153439145459000,121932490,121652369,-212.121,0.000,0.000,1.000,3.000,0.000,0.000,0.000,0,0,0
B3_zmq_pushpull,zmq_tcp,none,none,,1,2685,512,584,1785153439146397000,1785153439146397000,1785153439146397000,1785153439146398000,1785153439146444000,1785153439146448000,1785153439146448000,1785153439146448000,121932490,121652369,-234.121,0.000,0.000,1.000,4.000,0.000,0.000,0.000,0,0,0
B3_zmq_pushpull,zmq_tcp,none,none,,1,2686,512,584,1785153439147270000,1785153439147270000,1785153439147270000,1785153439147271000,1785153439147423000,1785153439147426000,1785153439147426000,1785153439147426000,121932490,121652369,-128.121,0.000,0.000,1.000,3.000,0.000,0.000,0.000,0,0,0
B3_zmq_pushpull,zmq_tcp,none,none,,1,2687,512,584,1785153439148426000,1785153439148426000,1785153439148426000,1785153439148427000,1785153439148564000,1785153439148567000,1785153439148567000,1785153439148567000,121932490,121652369,-143.121,0.000,0.000,1.000,3.000,0.000,0.000,0.000,0,0,0
B3_zmq_pushpull,zmq_tcp,none,none,,1,2688,512,584,1785153439149384000,1785153439149384000,1785153439149384000,1785153439149385000,1785153439149436000,1785153439149440000,1785153439149440000,1785153439149440000,121932490,121652369,-229.121,0.000,0.000,1.000,4.000,0.000,0.000,0.000,0,0,0
B3_zmq_pushpull,zmq_tcp,none,none,,1,2689,512,584,1785153439150398000,1785153439150398000,1785153439150398000,1785153439150399000,1785153439150586000,1785153439150588000,1785153439150588000,1785153439150588000,121932490,121652369,-93.121,0.000,0.000,1.000,2.000,0.000,0.000,0.000,0,0,0
B3_zmq_pushpull,zmq_tcp,none,none,,1,2690,512,584,1785153439151395000,1785153439151395000,1785153439151395000,1785153439151396000,1785153439151458000,1785153439151461000,1785153439151461000,1785153439151461000,121932490,121652369,-218.121,0.000,0.000,1.000,3.000,0.000,0.000,0.000,0,0,0
B3_zmq_pushpull,zmq_tcp,none,none,,1,2691,512,584,1785153439152318000,1785153439152318000,1785153439152318000,1785153439152319000,1785153439152471000,1785153439152474000,1785153439152474000,1785153439152474000,121932490,121652369,-128.121,0.000,0.000,1.000,3.000,0.000,0.000,0.000,0,0,0
B3_zmq_pushpull,zmq_tcp,none,none,,1,2692,512,584,1785153439153410000,1785153439153410000,1785153439153410000,1785153439153411000,1785153439153467000,1785153439153471000,1785153439153471000,1785153439153471000,121932490,121652369,-224.121,0.000,0.000,1.000,4.000,0.000,0.000,0.000,0,0,0
B3_zmq_pushpull,zmq_tcp,none,none,,1,2693,512,584,1785153439154390000,1785153439154391000,1785153439154391000,1785153439154392000,1785153439154455000,1785153439154458000,1785153439154458000,1785153439154458000,121932490,121652369,-217.121,1.000,0.000,1.000,3.000,0.000,0.000,0.000,0,0,0
B3_zmq_pushpull,zmq_tcp,none,none,,1,2694,512,584,1785153439155396000,1785153439155396000,1785153439155396000,1785153439155397000,1785153439155455000,1785153439155458000,1785153439155458000,1785153439155458000,121932490,121652369,-222.121,0.000,0.000,1.000,3.000,0.000,0.000,0.000,0,0,0
B3_zmq_pushpull,zmq_tcp,none,none,,1,2695,512,584,1785153439156320000,1785153439156320000,1785153439156320000,1785153439156321000,1785153439156478000,1785153439156481000,1785153439156481000,1785153439156481000,121932490,121652369,-123.121,0.000,0.000,1.000,3.000,0.000,0.000,0.000,0,0,0
B3_zmq_pushpull,zmq_tcp,none,none,,1,2696,512,584,1785153439157413000,1785153439157413000,1785153439157413000,1785153439157414000,1785153439157485000,1785153439157488000,1785153439157488000,1785153439157488000,121932490,121652369,-209.121,0.000,0.000,1.000,3.000,0.000,0.000,0.000,0,0,0
B3_zmq_pushpull,zmq_tcp,none,none,,1,2697,512,584,1785153439158391000,1785153439158391000,1785153439158392000,1785153439158392000,1785153439158495000,1785153439158498000,1785153439158498000,1785153439158498000,121932490,121652369,-177.121,0.000,1.000,0.000,3.000,0.000,0.000,0.000,0,0,0
B3_zmq_pushpull,zmq_tcp,none,none,,1,2698,512,584,1785153439159397000,1785153439159397000,1785153439159397000,1785153439159398000,1785153439159495000,1785153439159498000,1785153439159498000,1785153439159498000,121932490,121652369,-183.121,0.000,0.000,1.000,3.000,0.000,0.000,0.000,0,0,0
B3_zmq_pushpull,zmq_tcp,none,none,,1,2699,512,584,1785153439160393000,1785153439160393000,1785153439160393000,1785153439160394000,1785153439160492000,1785153439160495000,1785153439160495000,1785153439160495000,121932490,121652369,-182.121,0.000,0.000,1.000,3.000,0.000,0.000,0.000,0,0,0
B3_zmq_pushpull,zmq_tcp,none,none,,1,2700,512,584,1785153439161396000,1785153439161396000,1785153439161396000,1785153439161397000,1785153439161488000,1785153439161491000,1785153439161491000,1785153439161491000,121932490,121652369,-189.121,0.000,0.000,1.000,3.000,0.000,0.000,0.000,0,0,0
B3_zmq_pushpull,zmq_tcp,none,none,,1,2701,512,584,1785153439162394000,1785153439162395000,1785153439162395000,1785153439162396000,1785153439162494000,1785153439162497000,1785153439162497000,1785153439162497000,121932490,121652369,-182.121,1.000,0.000,1.000,3.000,0.000,0.000,0.000,0,0,0
B3_zmq_pushpull,zmq_tcp,none,none,,1,2702,512,584,1785153439163394000,1785153439163394000,1785153439163394000,1785153439163395000,1785153439163501000,1785153439163504000,1785153439163504000,1785153439163504000,121932490,121652369,-174.121,0.000,0.000,1.000,3.000,0.000,0.000,0.000,0,0,0
B3_zmq_pushpull,zmq_tcp,none,none,,1,2703,512,584,1785153439164394000,1785153439164394000,1785153439164394000,1785153439164395000,1785153439164519000,1785153439164522000,1785153439164522000,1785153439164522000,121932490,121652369,-156.121,0.000,0.000,1.000,3.000,0.000,0.000,0.000,0,0,0
B3_zmq_pushpull,zmq_tcp,none,none,,1,2704,512,584,1785153439165394000,1785153439165394000,1785153439165394000,1785153439165395000,1785153439165525000,1785153439165527000,1785153439165527000,1785153439165527000,121932490,121652369,-150.121,0.000,0.000,1.000,2.000,0.000,0.000,0.000,0,0,0
B3_zmq_pushpull,zmq_tcp,none,none,,1,2705,512,584,1785153439166398000,1785153439166398000,1785153439166398000,1785153439166400000,1785153439166530000,1785153439166534000,1785153439166534000,1785153439166534000,121932490,121652369,-150.121,0.000,0.000,2.000,4.000,0.000,0.000,0.000,0,0,0
B3_zmq_pushpull,zmq_tcp,none,none,,1,2706,512,584,1785153439167238000,1785153439167239000,1785153439167239000,1785153439167240000,1785153439167396000,1785153439167400000,1785153439167400000,1785153439167400000,121932490,121652369,-124.121,1.000,0.000,1.000,4.000,0.000,0.000,0.000,0,0,0
B3_zmq_pushpull,zmq_tcp,none,none,,1,2707,512,584,1785153439168434000,1785153439168434000,1785153439168434000,1785153439168435000,1785153439168548000,1785153439168552000,1785153439168552000,1785153439168552000,121932490,121652369,-167.121,0.000,0.000,1.000,4.000,0.000,0.000,0.000,0,0,0
B3_zmq_pushpull,zmq_tcp,none,none,,1,2708,512,584,1785153439169385000,1785153439169386000,1785153439169386000,1785153439169387000,1785153439169569000,1785153439169572000,1785153439169572000,1785153439169572000,121932490,121652369,-98.121,1.000,0.000,1.000,3.000,0.000,0.000,0.000,0,0,0
B3_zmq_pushpull,zmq_tcp,none,none,,1,2709,512,584,1785153439170397000,1785153439170397000,1785153439170397000,1785153439170398000,1785153439170570000,1785153439170573000,1785153439170573000,1785153439170573000,121932490,121652369,-108.121,0.000,0.000,1.000,3.000,0.000,0.000,0.000,0,0,0
B3_zmq_pushpull,zmq_tcp,none,none,,1,2710,512,584,1785153439171279000,1785153439171279000,1785153439171279000,1785153439171280000,1785153439171435000,1785153439171438000,1785153439171438000,1785153439171438000,121932490,121652369,-125.121,0.000,0.000,1.000,3.000,0.000,0.000,0.000,0,0,0
B3_zmq_pushpull,zmq_tcp,none,none,,1,2711,512,584,1785153439172425000,1785153439172425000,1785153439172425000,1785153439172426000,1785153439172588000,1785153439172591000,1785153439172591000,1785153439172591000,121932490,121652369,-118.121,0.000,0.000,1.000,3.000,0.000,0.000,0.000,0,0,0
B3_zmq_pushpull,zmq_tcp,none,none,,1,2712,512,584,1785153439173387000,1785153439173387000,1785153439173387000,1785153439173388000,1785153439173432000,1785153439173436000,1785153439173436000,1785153439173436000,121932490,121652369,-236.121,0.000,0.000,1.000,4.000,0.000,0.000,0.000,0,0,0
B3_zmq_pushpull,zmq_tcp,none,none,,1,2713,512,584,1785153439174287000,1785153439174287000,1785153439174287000,1785153439174288000,1785153439174433000,1785153439174435000,1785153439174435000,1785153439174435000,121932490,121652369,-135.121,0.000,0.000,1.000,2.000,0.000,0.000,0.000,0,0,0
B3_zmq_pushpull,zmq_tcp,none,none,,1,2714,512,584,1785153439175421000,1785153439175422000,1785153439175422000,1785153439175423000,1785153439175569000,1785153439175573000,1785153439175573000,1785153439175573000,121932490,121652369,-134.121,1.000,0.000,1.000,4.000,0.000,0.000,0.000,0,0,0
B3_zmq_pushpull,zmq_tcp,none,none,,1,2715,512,584,1785153439176388000,1785153439176388000,1785153439176388000,1785153439176389000,1785153439176458000,1785153439176461000,1785153439176461000,1785153439176461000,121932490,121652369,-211.121,0.000,0.000,1.000,3.000,0.000,0.000,0.000,0,0,0
B3_zmq_pushpull,zmq_tcp,none,none,,1,2716,512,584,1785153439177396000,1785153439177396000,1785153439177396000,1785153439177397000,1785153439177475000,1785153439177478000,1785153439177478000,1785153439177478000,121932490,121652369,-202.121,0.000,0.000,1.000,3.000,0.000,0.000,0.000,0,0,0
B3_zmq_pushpull,zmq_tcp,none,none,,1,2717,512,584,1785153439178390000,1785153439178390000,1785153439178390000,1785153439178391000,1785153439178478000,1785153439178481000,1785153439178481000,1785153439178481000,121932490,121652369,-193.121,0.000,0.000,1.000,3.000,0.000,0.000,0.000,0,0,0
B3_zmq_pushpull,zmq_tcp,none,none,,1,2718,512,584,1785153439179396000,1785153439179396000,1785153439179396000,1785153439179397000,1785153439179486000,1785153439179489000,1785153439179489000,1785153439179489000,121932490,121652369,-191.121,0.000,0.000,1.000,3.000,0.000,0.000,0.000,0,0,0
B3_zmq_pushpull,zmq_tcp,none,none,,1,2719,512,584,1785153439180397000,1785153439180397000,1785153439180397000,1785153439180398000,1785153439180499000,1785153439180502000,1785153439180502000,1785153439180503000,121932490,121652369,-179.121,0.000,0.000,1.000,3.000,0.000,1.000,0.000,0,0,0
B3_zmq_pushpull,zmq_tcp,none,none,,1,2720,512,584,1785153439181393000,1785153439181394000,1785153439181394000,1785153439181395000,1785153439181506000,1785153439181509000,1785153439181509000,1785153439181509000,121932490,121652369,-169.121,1.000,0.000,1.000,3.000,0.000,0.000,0.000,0,0,0
B3_zmq_pushpull,zmq_tcp,none,none,,1,2721,512,584,1785153439182394000,1785153439182394000,1785153439182394000,1785153439182395000,1785153439182502000,1785153439182505000,1785153439182505000,1785153439182505000,121932490,121652369,-173.121,0.000,0.000,1.000,3.000,0.000,0.000,0.000,0,0,0
B3_zmq_pushpull,zmq_tcp,none,none,,1,2722,512,584,1785153439183395000,1785153439183395000,1785153439183395000,1785153439183396000,1785153439183507000,1785153439183510000,1785153439183510000,1785153439183510000,121932490,121652369,-169.121,0.000,0.000,1.000,3.000,0.000,0.000,0.000,0,0,0
B3_zmq_pushpull,zmq_tcp,none,none,,1,2723,512,584,1785153439184396000,1785153439184396000,1785153439184396000,1785153439184397000,1785153439184521000,1785153439184524000,1785153439184524000,1785153439184524000,121932490,121652369,-156.121,0.000,0.000,1.000,3.000,0.000,0.000,0.000,0,0,0
B3_zmq_pushpull,zmq_tcp,none,none,,1,2724,512,584,1785153439185393000,1785153439185393000,1785153439185393000,1785153439185394000,1785153439185529000,1785153439185531000,1785153439185531000,1785153439185531000,121932490,121652369,-145.121,0.000,0.000,1.000,2.000,0.000,0.000,0.000,0,0,0
B3_zmq_pushpull,zmq_tcp,none,none,,1,2725,512,584,1785153439186397000,1785153439186397000,1785153439186397000,1785153439186398000,1785153439186538000,1785153439186541000,1785153439186541000,1785153439186541000,121932490,121652369,-140.121,0.000,0.000,1.000,3.000,0.000,0.000,0.000,0,0,0
B3_zmq_pushpull,zmq_tcp,none,none,,1,2726,512,584,1785153439187394000,1785153439187394000,1785153439187394000,1785153439187395000,1785153439187533000,1785153439187536000,1785153439187536000,1785153439187536000,121932490,121652369,-142.121,0.000,0.000,1.000,3.000,0.000,0.000,0.000,0,0,0
B3_zmq_pushpull,zmq_tcp,none,none,,1,2727,512,584,1785153439188394000,1785153439188394000,1785153439188394000,1785153439188395000,1785153439188533000,1785153439188535000,1785153439188535000,1785153439188535000,121932490,121652369,-142.121,0.000,0.000,1.000,2.000,0.000,0.000,0.000,0,0,0
B3_zmq_pushpull,zmq_tcp,none,none,,1,2728,512,584,1785153439189394000,1785153439189395000,1785153439189395000,1785153439189396000,1785153439189549000,1785153439189551000,1785153439189551000,1785153439189552000,121932490,121652369,-127.121,1.000,0.000,1.000,2.000,0.000,1.000,0.000,0,0,0
B3_zmq_pushpull,zmq_tcp,none,none,,1,2729,512,584,1785153439190395000,1785153439190395000,1785153439190395000,1785153439190396000,1785153439190547000,1785153439190551000,1785153439190551000,1785153439190551000,121932490,121652369,-129.121,0.000,0.000,1.000,4.000,0.000,0.000,0.000,0,0,0
B3_zmq_pushpull,zmq_tcp,none,none,,1,2730,512,584,1785153439191254000,1785153439191254000,1785153439191254000,1785153439191255000,1785153439191402000,1785153439191405000,1785153439191405000,1785153439191405000,121932490,121652369,-133.121,0.000,0.000,1.000,3.000,0.000,0.000,0.000,0,0,0
B3_zmq_pushpull,zmq_tcp,none,none,,1,2731,512,584,1785153439192430000,1785153439192430000,1785153439192430000,1785153439192431000,1785153439192553000,1785153439192555000,1785153439192555000,1785153439192555000,121932490,121652369,-158.121,0.000,0.000,1.000,2.000,0.000,0.000,0.000,0,0,0
B3_zmq_pushpull,zmq_tcp,none,none,,1,2732,512,584,1785153439193386000,1785153439193386000,1785153439193386000,1785153439193387000,1785153439193557000,1785153439193560000,1785153439193560000,1785153439193560000,121932490,121652369,-110.121,0.000,0.000,1.000,3.000,0.000,0.000,0.000,0,0,0
B3_zmq_pushpull,zmq_tcp,none,none,,1,2733,512,584,1785153439194254000,1785153439194254000,1785153439194254000,1785153439194255000,1785153439194413000,1785153439194416000,1785153439194416000,1785153439194416000,121932490,121652369,-122.121,0.000,0.000,1.000,3.000,0.000,0.000,0.000,0,0,0
B3_zmq_pushpull,zmq_tcp,none,none,,1,2734,512,584,1785153439195431000,1785153439195431000,1785153439195431000,1785153439195432000,1785153439195549000,1785153439195552000,1785153439195552000,1785153439195552000,121932490,121652369,-163.121,0.000,0.000,1.000,3.000,0.000,0.000,0.000,0,0,0
B3_zmq_pushpull,zmq_tcp,none,none,,1,2735,512,584,1785153439196259000,1785153439196259000,1785153439196259000,1785153439196260000,1785153439196416000,1785153439196421000,1785153439196421000,1785153439196421000,121932490,121652369,-124.121,0.000,0.000,1.000,5.000,0.000,0.000,0.000,0,0,0
B3_zmq_pushpull,zmq_tcp,none,none,,1,2736,512,584,1785153439197263000,1785153439197263000,1785153439197263000,1785153439197264000,1785153439197422000,1785153439197425000,1785153439197425000,1785153439197425000,121932490,121652369,-122.121,0.000,0.000,1.000,3.000,0.000,0.000,0.000,0,0,0
B3_zmq_pushpull,zmq_tcp,none,none,,1,2737,512,584,1785153439198428000,1785153439198429000,1785153439198429000,1785153439198430000,1785153439198550000,1785153439198553000,1785153439198553000,1785153439198553000,121932490,121652369,-160.121,1.000,0.000,1.000,3.000,0.000,0.000,0.000,0,0,0
B3_zmq_pushpull,zmq_tcp,none,none,,1,2738,512,584,1785153439199386000,1785153439199386000,1785153439199386000,1785153439199387000,1785153439199546000,1785153439199549000,1785153439199549000,1785153439199549000,121932490,121652369,-121.121,0.000,0.000,1.000,3.000,0.000,0.000,0.000,0,0,0
B3_zmq_pushpull,zmq_tcp,none,none,,1,2739,512,584,1785153439200396000,1785153439200396000,1785153439200396000,1785153439200397000,1785153439200566000,1785153439200569000,1785153439200569000,1785153439200569000,121932490,121652369,-111.121,0.000,0.000,1.000,3.000,0.000,0.000,0.000,0,0,0
B3_zmq_pushpull,zmq_tcp,none,none,,1,2740,512,584,1785153439201395000,1785153439201395000,1785153439201395000,1785153439201396000,1785153439201567000,1785153439201570000,1785153439201570000,1785153439201570000,121932490,121652369,-109.121,0.000,0.000,1.000,3.000,0.000,0.000,0.000,0,0,0
B3_zmq_pushpull,zmq_tcp,none,none,,1,2741,512,584,1785153439202394000,1785153439202395000,1785153439202395000,1785153439202396000,1785153439202573000,1785153439202575000,1785153439202575000,1785153439202575000,121932490,121652369,-103.121,1.000,0.000,1.000,2.000,0.000,0.000,0.000,0,0,0
B3_zmq_pushpull,zmq_tcp,none,none,,1,2742,512,584,1785153439203394000,1785153439203394000,1785153439203394000,1785153439203396000,1785153439203566000,1785153439203569000,1785153439203569000,1785153439203569000,121932490,121652369,-110.121,0.000,0.000,2.000,3.000,0.000,0.000,0.000,0,0,0
B3_zmq_pushpull,zmq_tcp,none,none,,1,2743,512,584,1785153439204395000,1785153439204395000,1785153439204395000,1785153439204396000,1785153439204574000,1785153439204577000,1785153439204577000,1785153439204577000,121932490,121652369,-102.121,0.000,0.000,1.000,3.000,0.000,0.000,0.000,0,0,0
B3_zmq_pushpull,zmq_tcp,none,none,,1,2744,512,584,1785153439205395000,1785153439205395000,1785153439205396000,1785153439205396000,1785153439205593000,1785153439205595000,1785153439205595000,1785153439205595000,121932490,121652369,-83.121,0.000,1.000,0.000,2.000,0.000,0.000,0.000,0,0,0
B3_zmq_pushpull,zmq_tcp,none,none,,1,2745,512,584,1785153439206393000,1785153439206393000,1785153439206393000,1785153439206394000,1785153439206465000,1785153439206468000,1785153439206468000,1785153439206468000,121932490,121652369,-209.121,0.000,0.000,1.000,3.000,0.000,0.000,0.000,0,0,0
B3_zmq_pushpull,zmq_tcp,none,none,,1,2746,512,584,1785153439207397000,1785153439207397000,1785153439207397000,1785153439207398000,1785153439207467000,1785153439207470000,1785153439207471000,1785153439207471000,121932490,121652369,-211.121,0.000,0.000,1.000,3.000,1.000,0.000,0.000,0,0,0
B3_zmq_pushpull,zmq_tcp,none,none,,1,2747,512,584,1785153439208393000,1785153439208394000,1785153439208394000,1785153439208395000,1785153439208478000,1785153439208481000,1785153439208482000,1785153439208482000,121932490,121652369,-197.121,1.000,0.000,1.000,3.000,1.000,0.000,0.000,0,0,0
B3_zmq_pushpull,zmq_tcp,none,none,,1,2748,512,584,1785153439209398000,1785153439209399000,1785153439209399000,1785153439209400000,1785153439209478000,1785153439209481000,1785153439209481000,1785153439209481000,121932490,121652369,-202.121,1.000,0.000,1.000,3.000,0.000,0.000,0.000,0,0,0
B3_zmq_pushpull,zmq_tcp,none,none,,1,2749,512,584,1785153439210393000,1785153439210393000,1785153439210394000,1785153439210395000,1785153439210485000,1785153439210487000,1785153439210487000,1785153439210487000,121932490,121652369,-190.121,0.000,1.000,1.000,2.000,0.000,0.000,0.000,0,0,0
B3_zmq_pushpull,zmq_tcp,none,none,,1,2750,512,584,1785153439211399000,1785153439211399000,1785153439211399000,1785153439211400000,1785153439211494000,1785153439211497000,1785153439211497000,1785153439211497000,121932490,121652369,-186.121,0.000,0.000,1.000,3.000,0.000,0.000,0.000,0,0,0
B3_zmq_pushpull,zmq_tcp,none,none,,1,2751,512,584,1785153439212393000,1785153439212393000,1785153439212393000,1785153439212394000,1785153439212503000,1785153439212506000,1785153439212506000,1785153439212506000,121932490,121652369,-171.121,0.000,0.000,1.000,3.000,0.000,0.000,0.000,0,0,0
B3_zmq_pushpull,zmq_tcp,none,none,,1,2752,512,584,1785153439213397000,1785153439213397000,1785153439213398000,1785153439213399000,1785153439213509000,1785153439213511000,1785153439213511000,1785153439213511000,121932490,121652369,-170.121,0.000,1.000,1.000,2.000,0.000,0.000,0.000,0,0,0
B3_zmq_pushpull,zmq_tcp,none,none,,1,2753,512,584,1785153439214394000,1785153439214394000,1785153439214394000,1785153439214395000,1785153439214515000,1785153439214523000,1785153439214523000,1785153439214523000,121932490,121652369,-160.121,0.000,0.000,1.000,8.000,0.000,0.000,0.000,0,0,0
B3_zmq_pushpull,zmq_tcp,none,none,,1,2754,512,584,1785153439215394000,1785153439215394000,1785153439215394000,1785153439215395000,1785153439215530000,1785153439215533000,1785153439215533000,1785153439215533000,121932490,121652369,-145.121,0.000,0.000,1.000,3.000,0.000,0.000,0.000,0,0,0
B3_zmq_pushpull,zmq_tcp,none,none,,1,2755,512,584,1785153439216394000,1785153439216394000,1785153439216395000,1785153439216395000,1785153439216524000,1785153439216527000,1785153439216527000,1785153439216527000,121932490,121652369,-151.121,0.000,1.000,0.000,3.000,0.000,0.000,0.000,0,0,0
B3_zmq_pushpull,zmq_tcp,none,none,,1,2756,512,584,1785153439217395000,1785153439217395000,1785153439217395000,1785153439217396000,1785153439217509000,1785153439217511000,1785153439217511000,1785153439217511000,121932490,121652369,-167.121,0.000,0.000,1.000,2.000,0.000,0.000,0.000,0,0,0
B3_zmq_pushpull,zmq_tcp,none,none,,1,2757,512,584,1785153439218392000,1785153439218392000,1785153439218392000,1785153439218393000,1785153439218506000,1785153439218509000,1785153439218509000,1785153439218509000,121932490,121652369,-167.121,0.000,0.000,1.000,3.000,0.000,0.000,0.000,0,0,0
B3_zmq_pushpull,zmq_tcp,none,none,,1,2758,512,584,1785153439219396000,1785153439219396000,1785153439219396000,1785153439219397000,1785153439219506000,1785153439219509000,1785153439219509000,1785153439219509000,121932490,121652369,-171.121,0.000,0.000,1.000,3.000,0.000,0.000,0.000,0,0,0
B3_zmq_pushpull,zmq_tcp,none,none,,1,2759,512,584,1785153439220395000,1785153439220395000,1785153439220395000,1785153439220396000,1785153439220493000,1785153439220495000,1785153439220495000,1785153439220496000,121932490,121652369,-183.121,0.000,0.000,1.000,2.000,0.000,1.000,0.000,0,0,0
B3_zmq_pushpull,zmq_tcp,none,none,,1,2760,512,584,1785153439221395000,1785153439221395000,1785153439221395000,1785153439221396000,1785153439221502000,1785153439221505000,1785153439221505000,1785153439221505000,121932490,121652369,-174.121,0.000,0.000,1.000,3.000,0.000,0.000,0.000,0,0,0
B3_zmq_pushpull,zmq_tcp,none,none,,1,2761,512,584,1785153439222395000,1785153439222395000,1785153439222395000,1785153439222396000,1785153439222489000,1785153439222491000,1785153439222492000,1785153439222492000,121932490,121652369,-187.121,0.000,0.000,1.000,2.000,1.000,0.000,0.000,0,0,0
B3_zmq_pushpull,zmq_tcp,none,none,,1,2762,512,584,1785153439223395000,1785153439223395000,1785153439223395000,1785153439223396000,1785153439223494000,1785153439223497000,1785153439223497000,1785153439223497000,121932490,121652369,-182.121,0.000,0.000,1.000,3.000,0.000,0.000,0.000,0,0,0
B3_zmq_pushpull,zmq_tcp,none,none,,1,2763,512,584,1785153439224395000,1785153439224395000,1785153439224395000,1785153439224396000,1785153439224490000,1785153439224493000,1785153439224493000,1785153439224493000,121932490,121652369,-186.121,0.000,0.000,1.000,3.000,0.000,0.000,0.000,0,0,0
B3_zmq_pushpull,zmq_tcp,none,none,,1,2764,512,584,1785153439225396000,1785153439225396000,1785153439225396000,1785153439225397000,1785153439225496000,1785153439225498000,1785153439225498000,1785153439225498000,121932490,121652369,-181.121,0.000,0.000,1.000,2.000,0.000,0.000,0.000,0,0,0
B3_zmq_pushpull,zmq_tcp,none,none,,1,2765,512,584,1785153439226390000,1785153439226391000,1785153439226391000,1785153439226392000,1785153439226510000,1785153439226513000,1785153439226513000,1785153439226513000,121932490,121652369,-162.121,1.000,0.000,1.000,3.000,0.000,0.000,0.000,0,0,0
B3_zmq_pushpull,zmq_tcp,none,none,,1,2766,512,584,1785153439227398000,1785153439227398000,1785153439227399000,1785153439227400000,1785153439227514000,1785153439227516000,1785153439227516000,1785153439227516000,121932490,121652369,-166.121,0.000,1.000,1.000,2.000,0.000,0.000,0.000,0,0,0
B3_zmq_pushpull,zmq_tcp,none,none,,1,2767,512,584,1785153439228395000,1785153439228395000,1785153439228395000,1785153439228396000,1785153439228515000,1785153439228518000,1785153439228518000,1785153439228518000,121932490,121652369,-161.121,0.000,0.000,1.000,3.000,0.000,0.000,0.000,0,0,0
B3_zmq_pushpull,zmq_tcp,none,none,,1,2768,512,584,1785153439229395000,1785153439229395000,1785153439229395000,1785153439229396000,1785153439229495000,1785153439229498000,1785153439229498000,1785153439229498000,121932490,121652369,-181.121,0.000,0.000,1.000,3.000,0.000,0.000,0.000,0,0,0
B3_zmq_pushpull,zmq_tcp,none,none,,1,2769,512,584,1785153439230395000,1785153439230395000,1785153439230395000,1785153439230396000,1785153439230499000,1785153439230502000,1785153439230502000,1785153439230502000,121932490,121652369,-177.121,0.000,0.000,1.000,3.000,0.000,0.000,0.000,0,0,0
B3_zmq_pushpull,zmq_tcp,none,none,,1,2770,512,584,1785153439231212000,1785153439231212000,1785153439231212000,1785153439231213000,1785153439231371000,1785153439231375000,1785153439231375000,1785153439231375000,121932490,121652369,-122.121,0.000,0.000,1.000,4.000,0.000,0.000,0.000,0,0,0
B3_zmq_pushpull,zmq_tcp,none,none,,1,2771,512,584,1785153439232206000,1785153439232206000,1785153439232206000,1785153439232207000,1785153439232366000,1785153439232369000,1785153439232369000,1785153439232369000,121932490,121652369,-121.121,0.000,0.000,1.000,3.000,0.000,0.000,0.000,0,0,0
B3_zmq_pushpull,zmq_tcp,none,none,,1,2772,512,584,1785153439233216000,1785153439233216000,1785153439233216000,1785153439233217000,1785153439233369000,1785153439233372000,1785153439233372000,1785153439233372000,121932490,121652369,-128.121,0.000,0.000,1.000,3.000,0.000,0.000,0.000,0,0,0
B3_zmq_pushpull,zmq_tcp,none,none,,1,2773,512,584,1785153439234223000,1785153439234223000,1785153439234223000,1785153439234224000,1785153439234373000,1785153439234376000,1785153439234376000,1785153439234376000,121932490,121652369,-131.121,0.000,0.000,1.000,3.000,0.000,0.000,0.000,0,0,0
B3_zmq_pushpull,zmq_tcp,none,none,,1,2774,512,584,1785153439235223000,1785153439235223000,1785153439235223000,1785153439235224000,1785153439235388000,1785153439235390000,1785153439235390000,1785153439235390000,121932490,121652369,-116.121,0.000,0.000,1.000,2.000,0.000,0.000,0.000,0,0,0
B3_zmq_pushpull,zmq_tcp,none,none,,1,2775,512,584,1785153439236436000,1785153439236436000,1785153439236436000,1785153439236437000,1785153439236513000,1785153439236516000,1785153439236516000,1785153439236516000,121932490,121652369,-204.121,0.000,0.000,1.000,3.000,0.000,0.000,0.000,0,0,0
B3_zmq_pushpull,zmq_tcp,none,none,,1,2776,512,584,1785153439237384000,1785153439237384000,1785153439237384000,1785153439237385000,1785153439237516000,1785153439237518000,1785153439237518000,1785153439237518000,121932490,121652369,-149.121,0.000,0.000,1.000,2.000,0.000,0.000,0.000,0,0,0
B3_zmq_pushpull,zmq_tcp,none,none,,1,2777,512,584,1785153439238397000,1785153439238397000,1785153439238397000,1785153439238398000,1785153439238524000,1785153439238526000,1785153439238526000,1785153439238526000,121932490,121652369,-154.121,0.000,0.000,1.000,2.000,0.000,0.000,0.000,0,0,0
B3_zmq_pushpull,zmq_tcp,none,none,,1,2778,512,584,1785153439239396000,1785153439239396000,1785153439239396000,1785153439239397000,1785153439239538000,1785153439239541000,1785153439239541000,1785153439239541000,121932490,121652369,-139.121,0.000,0.000,1.000,3.000,0.000,0.000,0.000,0,0,0
B3_zmq_pushpull,zmq_tcp,none,none,,1,2779,512,584,1785153439240394000,1785153439240394000,1785153439240394000,1785153439240395000,1785153439240540000,1785153439240542000,1785153439240542000,1785153439240542000,121932490,121652369,-135.121,0.000,0.000,1.000,2.000,0.000,0.000,0.000,0,0,0
B3_zmq_pushpull,zmq_tcp,none,none,,1,2780,512,584,1785153439241396000,1785153439241396000,1785153439241396000,1785153439241397000,1785153439241552000,1785153439241555000,1785153439241555000,1785153439241555000,121932490,121652369,-125.121,0.000,0.000,1.000,3.000,0.000,0.000,0.000,0,0,0
B3_zmq_pushpull,zmq_tcp,none,none,,1,2781,512,584,1785153439242395000,1785153439242395000,1785153439242395000,1785153439242396000,1785153439242566000,1785153439242569000,1785153439242569000,1785153439242569000,121932490,121652369,-110.121,0.000,0.000,1.000,3.000,0.000,0.000,0.000,0,0,0
B3_zmq_pushpull,zmq_tcp,none,none,,1,2782,512,584,1785153439243395000,1785153439243395000,1785153439243395000,1785153439243396000,1785153439243574000,1785153439243577000,1785153439243577000,1785153439243577000,121932490,121652369,-102.121,0.000,0.000,1.000,3.000,0.000,0.000,0.000,0,0,0
B3_zmq_pushpull,zmq_tcp,none,none,,1,2783,512,584,1785153439244392000,1785153439244392000,1785153439244392000,1785153439244393000,1785153439244562000,1785153439244565000,1785153439244565000,1785153439244565000,121932490,121652369,-111.121,0.000,0.000,1.000,3.000,0.000,0.000,0.000,0,0,0
B3_zmq_pushpull,zmq_tcp,none,none,,1,2784,512,584,1785153439245397000,1785153439245398000,1785153439245398000,1785153439245399000,1785153439245444000,1785153439245448000,1785153439245448000,1785153439245448000,121932490,121652369,-235.121,1.000,0.000,1.000,4.000,0.000,0.000,0.000,0,0,0
B3_zmq_pushpull,zmq_tcp,none,none,,1,2785,512,584,1785153439246395000,1785153439246395000,1785153439246395000,1785153439246396000,1785153439246454000,1785153439246458000,1785153439246458000,1785153439246458000,121932490,121652369,-222.121,0.000,0.000,1.000,4.000,0.000,0.000,0.000,0,0,0
B3_zmq_pushpull,zmq_tcp,none,none,,1,2786,512,584,1785153439247395000,1785153439247395000,1785153439247395000,1785153439247396000,1785153439247464000,1785153439247468000,1785153439247468000,1785153439247468000,121932490,121652369,-212.121,0.000,0.000,1.000,4.000,0.000,0.000,0.000,0,0,0
B3_zmq_pushpull,zmq_tcp,none,none,,1,2787,512,584,1785153439248393000,1785153439248394000,1785153439248394000,1785153439248395000,1785153439248464000,1785153439248467000,1785153439248467000,1785153439248467000,121932490,121652369,-211.121,1.000,0.000,1.000,3.000,0.000,0.000,0.000,0,0,0
B3_zmq_pushpull,zmq_tcp,none,none,,1,2788,512,584,1785153439249397000,1785153439249397000,1785153439249397000,1785153439249398000,1785153439249476000,1785153439249479000,1785153439249479000,1785153439249479000,121932490,121652369,-202.121,0.000,0.000,1.000,3.000,0.000,0.000,0.000,0,0,0
B3_zmq_pushpull,zmq_tcp,none,none,,1,2789,512,584,1785153439250395000,1785153439250395000,1785153439250395000,1785153439250396000,1785153439250485000,1785153439250488000,1785153439250488000,1785153439250488000,121932490,121652369,-191.121,0.000,0.000,1.000,3.000,0.000,0.000,0.000,0,0,0
B3_zmq_pushpull,zmq_tcp,none,none,,1,2790,512,584,1785153439251395000,1785153439251395000,1785153439251395000,1785153439251396000,1785153439251490000,1785153439251493000,1785153439251493000,1785153439251493000,121932490,121652369,-186.121,0.000,0.000,1.000,3.000,0.000,0.000,0.000,0,0,0
B3_zmq_pushpull,zmq_tcp,none,none,,1,2791,512,584,1785153439252393000,1785153439252394000,1785153439252394000,1785153439252395000,1785153439252498000,1785153439252500000,1785153439252500000,1785153439252500000,121932490,121652369,-177.121,1.000,0.000,1.000,2.000,0.000,0.000,0.000,0,0,0
B3_zmq_pushpull,zmq_tcp,none,none,,1,2792,512,584,1785153439253397000,1785153439253397000,1785153439253397000,1785153439253398000,1785153439253492000,1785153439253494000,1785153439253494000,1785153439253494000,121932490,121652369,-186.121,0.000,0.000,1.000,2.000,0.000,0.000,0.000,0,0,0
B3_zmq_pushpull,zmq_tcp,none,none,,1,2793,512,584,1785153439254395000,1785153439254395000,1785153439254395000,1785153439254396000,1785153439254501000,1785153439254504000,1785153439254504000,1785153439254504000,121932490,121652369,-175.121,0.000,0.000,1.000,3.000,0.000,0.000,0.000,0,0,0
B3_zmq_pushpull,zmq_tcp,none,none,,1,2794,512,584,1785153439255396000,1785153439255396000,1785153439255396000,1785153439255397000,1785153439255513000,1785153439255516000,1785153439255516000,1785153439255516000,121932490,121652369,-164.121,0.000,0.000,1.000,3.000,0.000,0.000,0.000,0,0,0
B3_zmq_pushpull,zmq_tcp,none,none,,1,2795,512,584,1785153439256393000,1785153439256393000,1785153439256393000,1785153439256394000,1785153439256524000,1785153439256527000,1785153439256527000,1785153439256527000,121932490,121652369,-150.121,0.000,0.000,1.000,3.000,0.000,0.000,0.000,0,0,0
B3_zmq_pushpull,zmq_tcp,none,none,,1,2796,512,584,1785153439257396000,1785153439257396000,1785153439257396000,1785153439257397000,1785153439257526000,1785153439257529000,1785153439257529000,1785153439257529000,121932490,121652369,-151.121,0.000,0.000,1.000,3.000,0.000,0.000,0.000,0,0,0
B3_zmq_pushpull,zmq_tcp,none,none,,1,2797,512,584,1785153439258395000,1785153439258395000,1785153439258395000,1785153439258396000,1785153439258521000,1785153439258524000,1785153439258524000,1785153439258524000,121932490,121652369,-155.121,0.000,0.000,1.000,3.000,0.000,0.000,0.000,0,0,0
B3_zmq_pushpull,zmq_tcp,none,none,,1,2798,512,584,1785153439259394000,1785153439259395000,1785153439259395000,1785153439259396000,1785153439259540000,1785153439259543000,1785153439259543000,1785153439259543000,121932490,121652369,-136.121,1.000,0.000,1.000,3.000,0.000,0.000,0.000,0,0,0
B3_zmq_pushpull,zmq_tcp,none,none,,1,2799,512,584,1785153439260391000,1785153439260392000,1785153439260392000,1785153439260393000,1785153439260534000,1785153439260537000,1785153439260537000,1785153439260537000,121932490,121652369,-139.121,1.000,0.000,1.000,3.000,0.000,0.000,0.000,0,0,0
B3_zmq_pushpull,zmq_tcp,none,none,,1,2800,512,584,1785153439261396000,1785153439261397000,1785153439261397000,1785153439261398000,1785153439261521000,1785153439261524000,1785153439261524000,1785153439261524000,121932490,121652369,-157.121,1.000,0.000,1.000,3.000,0.000,0.000,0.000,0,0,0
B3_zmq_pushpull,zmq_tcp,none,none,,1,2801,512,584,1785153439262395000,1785153439262395000,1785153439262395000,1785153439262396000,1785153439262522000,1785153439262525000,1785153439262525000,1785153439262525000,121932490,121652369,-154.121,0.000,0.000,1.000,3.000,0.000,0.000,0.000,0,0,0
B3_zmq_pushpull,zmq_tcp,none,none,,1,2802,512,584,1785153439263223000,1785153439263223000,1785153439263223000,1785153439263224000,1785153439263367000,1785153439263371000,1785153439263371000,1785153439263371000,121932490,121652369,-137.121,0.000,0.000,1.000,4.000,0.000,0.000,0.000,0,0,0
B3_zmq_pushpull,zmq_tcp,none,none,,1,2803,512,584,1785153439264436000,1785153439264436000,1785153439264436000,1785153439264437000,1785153439264499000,1785153439264502000,1785153439264502000,1785153439264502000,121932490,121652369,-218.121,0.000,0.000,1.000,3.000,0.000,0.000,0.000,0,0,0
B3_zmq_pushpull,zmq_tcp,none,none,,1,2804,512,584,1785153439265211000,1785153439265212000,1785153439265212000,1785153439265213000,1785153439265356000,1785153439265359000,1785153439265359000,1785153439265359000,121932490,121652369,-137.121,1.000,0.000,1.000,3.000,0.000,0.000,0.000,0,0,0
B3_zmq_pushpull,zmq_tcp,none,none,,1,2805,512,584,1785153439266442000,1785153439266442000,1785153439266442000,1785153439266443000,1785153439266635000,1785153439266637000,1785153439266637000,1785153439266637000,121932490,121652369,-88.121,0.000,0.000,1.000,2.000,0.000,0.000,0.000,0,0,0
B3_zmq_pushpull,zmq_tcp,none,none,,1,2806,512,584,1785153439267199000,1785153439267199000,1785153439267199000,1785153439267200000,1785153439267347000,1785153439267349000,1785153439267349000,1785153439267349000,121932490,121652369,-133.121,0.000,0.000,1.000,2.000,0.000,0.000,0.000,0,0,0
B3_zmq_pushpull,zmq_tcp,none,none,,1,2807,512,584,1785153439268317000,1785153439268317000,1785153439268317000,1785153439268318000,1785153439268477000,1785153439268479000,1785153439268479000,1785153439268479000,121932490,121652369,-121.121,0.000,0.000,1.000,2.000,0.000,0.000,0.000,0,0,0
B3_zmq_pushpull,zmq_tcp,none,none,,1,2808,512,584,1785153439269416000,1785153439269416000,1785153439269416000,1785153439269417000,1785153439269479000,1785153439269482000,1785153439269482000,1785153439269482000,121932490,121652369,-218.121,0.000,0.000,1.000,3.000,0.000,0.000,0.000,0,0,0
B3_zmq_pushpull,zmq_tcp,none,none,,1,2809,512,584,1785153439270390000,1785153439270390000,1785153439270390000,1785153439270391000,1785153439270494000,1785153439270497000,1785153439270497000,1785153439270497000,121932490,121652369,-177.121,0.000,0.000,1.000,3.000,0.000,0.000,0.000,0,0,0
B3_zmq_pushpull,zmq_tcp,none,none,,1,2810,512,584,1785153439271395000,1785153439271395000,1785153439271395000,1785153439271396000,1785153439271509000,1785153439271512000,1785153439271512000,1785153439271512000,121932490,121652369,-167.121,0.000,0.000,1.000,3.000,0.000,0.000,0.000,0,0,0
B3_zmq_pushpull,zmq_tcp,none,none,,1,2811,512,584,1785153439272395000,1785153439272395000,1785153439272395000,1785153439272396000,1785153439272515000,1785153439272518000,1785153439272518000,1785153439272518000,121932490,121652369,-161.121,0.000,0.000,1.000,3.000,0.000,0.000,0.000,0,0,0
B3_zmq_pushpull,zmq_tcp,none,none,,1,2812,512,584,1785153439273396000,1785153439273396000,1785153439273396000,1785153439273397000,1785153439273512000,1785153439273514000,1785153439273515000,1785153439273515000,121932490,121652369,-165.121,0.000,0.000,1.000,2.000,1.000,0.000,0.000,0,0,0
B3_zmq_pushpull,zmq_tcp,none,none,,1,2813,512,584,1785153439274394000,1785153439274394000,1785153439274394000,1785153439274395000,1785153439274521000,1785153439274524000,1785153439274524000,1785153439274524000,121932490,121652369,-154.121,0.000,0.000,1.000,3.000,0.000,0.000,0.000,0,0,0
B3_zmq_pushpull,zmq_tcp,none,none,,1,2814,512,584,1785153439275397000,1785153439275397000,1785153439275397000,1785153439275398000,1785153439275539000,1785153439275541000,1785153439275541000,1785153439275541000,121932490,121652369,-139.121,0.000,0.000,1.000,2.000,0.000,0.000,0.000,0,0,0
B3_zmq_pushpull,zmq_tcp,none,none,,1,2815,512,584,1785153439276402000,1785153439276402000,1785153439276402000,1785153439276403000,1785153439276564000,1785153439276567000,1785153439276567000,1785153439276567000,121932490,121652369,-119.121,0.000,0.000,1.000,3.000,0.000,0.000,0.000,0,0,0
B3_zmq_pushpull,zmq_tcp,none,none,,1,2816,512,584,1785153439277390000,1785153439277390000,1785153439277390000,1785153439277391000,1785153439277572000,1785153439277575000,1785153439277575000,1785153439277575000,121932490,121652369,-99.121,0.000,0.000,1.000,3.000,0.000,0.000,0.000,0,0,0
B3_zmq_pushpull,zmq_tcp,none,none,,1,2817,512,584,1785153439278398000,1785153439278398000,1785153439278398000,1785153439278399000,1785153439278572000,1785153439278575000,1785153439278575000,1785153439278575000,121932490,121652369,-107.121,0.000,0.000,1.000,3.000,0.000,0.000,0.000,0,0,0
B3_zmq_pushpull,zmq_tcp,none,none,,1,2818,512,584,1785153439279395000,1785153439279395000,1785153439279395000,1785153439279396000,1785153439279563000,1785153439279565000,1785153439279565000,1785153439279565000,121932490,121652369,-113.121,0.000,0.000,1.000,2.000,0.000,0.000,0.000,0,0,0
B3_zmq_pushpull,zmq_tcp,none,none,,1,2819,512,584,1785153439280266000,1785153439280267000,1785153439280267000,1785153439280268000,1785153439280424000,1785153439280427000,1785153439280427000,1785153439280427000,121932490,121652369,-124.121,1.000,0.000,1.000,3.000,0.000,0.000,0.000,0,0,0
B3_zmq_pushpull,zmq_tcp,none,none,,1,2820,512,584,1785153439281424000,1785153439281425000,1785153439281425000,1785153439281426000,1785153439281575000,1785153439281577000,1785153439281577000,1785153439281577000,121932490,121652369,-131.121,1.000,0.000,1.000,2.000,0.000,0.000,0.000,0,0,0
B3_zmq_pushpull,zmq_tcp,none,none,,1,2821,512,584,1785153439282393000,1785153439282393000,1785153439282393000,1785153439282394000,1785153439282572000,1785153439282575000,1785153439282575000,1785153439282575000,121932490,121652369,-102.121,0.000,0.000,1.000,3.000,0.000,0.000,0.000,0,0,0
B3_zmq_pushpull,zmq_tcp,none,none,,1,2822,512,584,1785153439283398000,1785153439283398000,1785153439283398000,1785153439283399000,1785153439283576000,1785153439283579000,1785153439283579000,1785153439283579000,121932490,121652369,-103.121,0.000,0.000,1.000,3.000,0.000,0.000,0.000,0,0,0
B3_zmq_pushpull,zmq_tcp,none,none,,1,2823,512,584,1785153439284395000,1785153439284395000,1785153439284395000,1785153439284396000,1785153439284443000,1785153439284447000,1785153439284448000,1785153439284448000,121932490,121652369,-233.121,0.000,0.000,1.000,4.000,1.000,0.000,0.000,0,0,0
B3_zmq_pushpull,zmq_tcp,none,none,,1,2824,512,584,1785153439285395000,1785153439285395000,1785153439285395000,1785153439285396000,1785153439285452000,1785153439285455000,1785153439285455000,1785153439285455000,121932490,121652369,-224.121,0.000,0.000,1.000,3.000,0.000,0.000,0.000,0,0,0
B3_zmq_pushpull,zmq_tcp,none,none,,1,2825,512,584,1785153439286309000,1785153439286310000,1785153439286310000,1785153439286311000,1785153439286450000,1785153439286452000,1785153439286453000,1785153439286453000,121932490,121652369,-141.121,1.000,0.000,1.000,2.000,1.000,0.000,0.000,0,0,0
B3_zmq_pushpull,zmq_tcp,none,none,,1,2826,512,584,1785153439287300000,1785153439287300000,1785153439287300000,1785153439287301000,1785153439287449000,1785153439287452000,1785153439287452000,1785153439287452000,121932490,121652369,-132.121,0.000,0.000,1.000,3.000,0.000,0.000,0.000,0,0,0
B3_zmq_pushpull,zmq_tcp,none,none,,1,2827,512,584,1785153439288421000,1785153439288421000,1785153439288421000,1785153439288422000,1785153439288593000,1785153439288596000,1785153439288596000,1785153439288596000,121932490,121652369,-109.121,0.000,0.000,1.000,3.000,0.000,0.000,0.000,0,0,0
B3_zmq_pushpull,zmq_tcp,none,none,,1,2828,512,584,1785153439289388000,1785153439289389000,1785153439289389000,1785153439289390000,1785153439289580000,1785153439289583000,1785153439289583000,1785153439289583000,121932490,121652369,-90.121,1.000,0.000,1.000,3.000,0.000,0.000,0.000,0,0,0
B3_zmq_pushpull,zmq_tcp,none,none,,1,2829,512,584,1785153439290287000,1785153439290287000,1785153439290287000,1785153439290288000,1785153439290447000,1785153439290449000,1785153439290449000,1785153439290449000,121932490,121652369,-121.121,0.000,0.000,1.000,2.000,0.000,0.000,0.000,0,0,0
B3_zmq_pushpull,zmq_tcp,none,none,,1,2830,512,584,1785153439291421000,1785153439291421000,1785153439291421000,1785153439291422000,1785153439291580000,1785153439291583000,1785153439291583000,1785153439291583000,121932490,121652369,-122.121,0.000,0.000,1.000,3.000,0.000,0.000,0.000,0,0,0
B3_zmq_pushpull,zmq_tcp,none,none,,1,2831,512,584,1785153439292387000,1785153439292387000,1785153439292387000,1785153439292388000,1785153439292435000,1785153439292438000,1785153439292438000,1785153439292438000,121932490,121652369,-233.121,0.000,0.000,1.000,3.000,0.000,0.000,0.000,0,0,0
B3_zmq_pushpull,zmq_tcp,none,none,,1,2832,512,584,1785153439293398000,1785153439293398000,1785153439293398000,1785153439293399000,1785153439293444000,1785153439293447000,1785153439293447000,1785153439293447000,121932490,121652369,-235.121,0.000,0.000,1.000,3.000,0.000,0.000,0.000,0,0,0
B3_zmq_pushpull,zmq_tcp,none,none,,1,2833,512,584,1785153439294395000,1785153439294396000,1785153439294396000,1785153439294396000,1785153439294459000,1785153439294461000,1785153439294461000,1785153439294462000,121932490,121652369,-217.121,1.000,0.000,0.000,2.000,0.000,1.000,0.000,0,0,0
B3_zmq_pushpull,zmq_tcp,none,none,,1,2834,512,584,1785153439295395000,1785153439295395000,1785153439295396000,1785153439295396000,1785153439295472000,1785153439295476000,1785153439295476000,1785153439295476000,121932490,121652369,-204.121,0.000,1.000,0.000,4.000,0.000,0.000,0.000,0,0,0
B3_zmq_pushpull,zmq_tcp,none,none,,1,2835,512,584,1785153439296322000,1785153439296322000,1785153439296322000,1785153439296323000,1785153439296483000,1785153439296485000,1785153439296485000,1785153439296485000,121932490,121652369,-120.121,0.000,0.000,1.000,2.000,0.000,0.000,0.000,0,0,0
B3_zmq_pushpull,zmq_tcp,none,none,,1,2836,512,584,1785153439297414000,1785153439297414000,1785153439297414000,1785153439297415000,1785153439297604000,1785153439297607000,1785153439297607000,1785153439297607000,121932490,121652369,-91.121,0.000,0.000,1.000,3.000,0.000,0.000,0.000,0,0,0
B3_zmq_pushpull,zmq_tcp,none,none,,1,2837,512,584,1785153439298317000,1785153439298317000,1785153439298317000,1785153439298318000,1785153439298475000,1785153439298477000,1785153439298477000,1785153439298477000,121932490,121652369,-123.121,0.000,0.000,1.000,2.000,0.000,0.000,0.000,0,0,0
B3_zmq_pushpull,zmq_tcp,none,none,,1,2838,512,584,1785153439299415000,1785153439299415000,1785153439299415000,1785153439299416000,1785153439299471000,1785153439299474000,1785153439299474000,1785153439299474000,121932490,121652369,-225.121,0.000,0.000,1.000,3.000,0.000,0.000,0.000,0,0,0
B3_zmq_pushpull,zmq_tcp,none,none,,1,2839,512,584,1785153439300325000,1785153439300325000,1785153439300325000,1785153439300326000,1785153439300485000,1785153439300488000,1785153439300488000,1785153439300488000,121932490,121652369,-121.121,0.000,0.000,1.000,3.000,0.000,0.000,0.000,0,0,0
B3_zmq_pushpull,zmq_tcp,none,none,,1,2840,512,584,1785153439301205000,1785153439301205000,1785153439301205000,1785153439301206000,1785153439301368000,1785153439301377000,1785153439301377000,1785153439301377000,121932490,121652369,-118.121,0.000,0.000,1.000,9.000,0.000,0.000,0.000,0,0,0
B3_zmq_pushpull,zmq_tcp,none,none,,1,2841,512,584,1785153439302446000,1785153439302446000,1785153439302446000,1785153439302447000,1785153439302520000,1785153439302523000,1785153439302523000,1785153439302523000,121932490,121652369,-207.121,0.000,0.000,1.000,3.000,0.000,0.000,0.000,0,0,0
B3_zmq_pushpull,zmq_tcp,none,none,,1,2842,512,584,1785153439303381000,1785153439303381000,1785153439303381000,1785153439303382000,1785153439303531000,1785153439303534000,1785153439303534000,1785153439303534000,121932490,121652369,-131.121,0.000,0.000,1.000,3.000,0.000,0.000,0.000,0,0,0
B3_zmq_pushpull,zmq_tcp,none,none,,1,2843,512,584,1785153439304241000,1785153439304241000,1785153439304241000,1785153439304242000,1785153439304401000,1785153439304404000,1785153439304404000,1785153439304404000,121932490,121652369,-121.121,0.000,0.000,1.000,3.000,0.000,0.000,0.000,0,0,0
B3_zmq_pushpull,zmq_tcp,none,none,,1,2844,512,584,1785153439305433000,1785153439305433000,1785153439305433000,1785153439305434000,1785153439305541000,1785153439305544000,1785153439305545000,1785153439305545000,121932490,121652369,-173.121,0.000,0.000,1.000,3.000,1.000,0.000,0.000,0,0,0
B3_zmq_pushpull,zmq_tcp,none,none,,1,2845,512,584,1785153439306386000,1785153439306386000,1785153439306386000,1785153439306387000,1785153439306524000,1785153439306527000,1785153439306527000,1785153439306527000,121932490,121652369,-143.121,0.000,0.000,1.000,3.000,0.000,0.000,0.000,0,0,0
B3_zmq_pushpull,zmq_tcp,none,none,,1,2846,512,584,1785153439307395000,1785153439307395000,1785153439307395000,1785153439307396000,1785153439307513000,1785153439307516000,1785153439307516000,1785153439307516000,121932490,121652369,-163.121,0.000,0.000,1.000,3.000,0.000,0.000,0.000,0,0,0
B3_zmq_pushpull,zmq_tcp,none,none,,1,2847,512,584,1785153439308398000,1785153439308398000,1785153439308398000,1785153439308399000,1785153439308513000,1785153439308516000,1785153439308516000,1785153439308516000,121932490,121652369,-166.121,0.000,0.000,1.000,3.000,0.000,0.000,0.000,0,0,0
B3_zmq_pushpull,zmq_tcp,none,none,,1,2848,512,584,1785153439309395000,1785153439309395000,1785153439309395000,1785153439309396000,1785153439309532000,1785153439309535000,1785153439309535000,1785153439309535000,121932490,121652369,-144.121,0.000,0.000,1.000,3.000,0.000,0.000,0.000,0,0,0
B3_zmq_pushpull,zmq_tcp,none,none,,1,2849,512,584,1785153439310394000,1785153439310394000,1785153439310394000,1785153439310395000,1785153439310537000,1785153439310540000,1785153439310540000,1785153439310540000,121932490,121652369,-138.121,0.000,0.000,1.000,3.000,0.000,0.000,0.000,0,0,0
B3_zmq_pushpull,zmq_tcp,none,none,,1,2850,512,584,1785153439311396000,1785153439311396000,1785153439311396000,1785153439311397000,1785153439311545000,1785153439311548000,1785153439311548000,1785153439311548000,121932490,121652369,-132.121,0.000,0.000,1.000,3.000,0.000,0.000,0.000,0,0,0
B3_zmq_pushpull,zmq_tcp,none,none,,1,2851,512,584,1785153439312260000,1785153439312260000,1785153439312260000,1785153439312261000,1785153439312418000,1785153439312421000,1785153439312421000,1785153439312421000,121932490,121652369,-123.121,0.000,0.000,1.000,3.000,0.000,0.000,0.000,0,0,0
B3_zmq_pushpull,zmq_tcp,none,none,,1,2852,512,584,1785153439313429000,1785153439313429000,1785153439313429000,1785153439313430000,1785153439313576000,1785153439313579000,1785153439313579000,1785153439313579000,121932490,121652369,-134.121,0.000,0.000,1.000,3.000,0.000,0.000,0.000,0,0,0
B3_zmq_pushpull,zmq_tcp,none,none,,1,2853,512,584,1785153439314388000,1785153439314388000,1785153439314388000,1785153439314389000,1785153439314456000,1785153439314459000,1785153439314459000,1785153439314459000,121932490,121652369,-213.121,0.000,0.000,1.000,3.000,0.000,0.000,0.000,0,0,0
B3_zmq_pushpull,zmq_tcp,none,none,,1,2854,512,584,1785153439315401000,1785153439315401000,1785153439315401000,1785153439315402000,1785153439315464000,1785153439315468000,1785153439315468000,1785153439315468000,121932490,121652369,-218.121,0.000,0.000,1.000,4.000,0.000,0.000,0.000,0,0,0
B3_zmq_pushpull,zmq_tcp,none,none,,1,2855,512,584,1785153439316395000,1785153439316395000,1785153439316395000,1785153439316396000,1785153439316487000,1785153439316489000,1785153439316489000,1785153439316489000,121932490,121652369,-189.121,0.000,0.000,1.000,2.000,0.000,0.000,0.000,0,0,0
B3_zmq_pushpull,zmq_tcp,none,none,,1,2856,512,584,1785153439317395000,1785153439317395000,1785153439317395000,1785153439317396000,1785153439317497000,1785153439317500000,1785153439317500000,1785153439317500000,121932490,121652369,-179.121,0.000,0.000,1.000,3.000,0.000,0.000,0.000,0,0,0
B3_zmq_pushpull,zmq_tcp,none,none,,1,2857,512,584,1785153439318394000,1785153439318395000,1785153439318395000,1785153439318396000,1785153439318509000,1785153439318512000,1785153439318512000,1785153439318512000,121932490,121652369,-167.121,1.000,0.000,1.000,3.000,0.000,0.000,0.000,0,0,0
B3_zmq_pushpull,zmq_tcp,none,none,,1,2858,512,584,1785153439319397000,1785153439319398000,1785153439319398000,1785153439319399000,1785153439319528000,1785153439319532000,1785153439319532000,1785153439319532000,121932490,121652369,-151.121,1.000,0.000,1.000,4.000,0.000,0.000,0.000,0,0,0
B3_zmq_pushpull,zmq_tcp,none,none,,1,2859,512,584,1785153439320395000,1785153439320395000,1785153439320396000,1785153439320396000,1785153439320532000,1785153439320535000,1785153439320535000,1785153439320535000,121932490,121652369,-144.121,0.000,1.000,0.000,3.000,0.000,0.000,0.000,0,0,0
B3_zmq_pushpull,zmq_tcp,none,none,,1,2860,512,584,1785153439321392000,1785153439321392000,1785153439321393000,1785153439321393000,1785153439321531000,1785153439321533000,1785153439321534000,1785153439321534000,121932490,121652369,-142.121,0.000,1.000,0.000,2.000,1.000,0.000,0.000,0,0,0
B3_zmq_pushpull,zmq_tcp,none,none,,1,2861,512,584,1785153439322396000,1785153439322396000,1785153439322397000,1785153439322397000,1785153439322533000,1785153439322536000,1785153439322536000,1785153439322536000,121932490,121652369,-144.121,0.000,1.000,0.000,3.000,0.000,0.000,0.000,0,0,0
B3_zmq_pushpull,zmq_tcp,none,none,,1,2862,512,584,1785153439323395000,1785153439323395000,1785153439323395000,1785153439323396000,1785153439323547000,1785153439323549000,1785153439323549000,1785153439323549000,121932490,121652369,-129.121,0.000,0.000,1.000,2.000,0.000,0.000,0.000,0,0,0
B3_zmq_pushpull,zmq_tcp,none,none,,1,2863,512,584,1785153439324398000,1785153439324398000,1785153439324398000,1785153439324399000,1785153439324567000,1785153439324569000,1785153439324570000,1785153439324570000,121932490,121652369,-112.121,0.000,0.000,1.000,2.000,1.000,0.000,0.000,0,0,0
B3_zmq_pushpull,zmq_tcp,none,none,,1,2864,512,584,1785153439325394000,1785153439325394000,1785153439325394000,1785153439325395000,1785153439325576000,1785153439325579000,1785153439325579000,1785153439325579000,121932490,121652369,-99.121,0.000,0.000,1.000,3.000,0.000,0.000,0.000,0,0,0
B3_zmq_pushpull,zmq_tcp,none,none,,1,2865,512,584,1785153439326301000,1785153439326301000,1785153439326301000,1785153439326302000,1785153439326458000,1785153439326461000,1785153439326461000,1785153439326461000,121932490,121652369,-124.121,0.000,0.000,1.000,3.000,0.000,0.000,0.000,0,0,0
B3_zmq_pushpull,zmq_tcp,none,none,,1,2866,512,584,1785153439327420000,1785153439327420000,1785153439327420000,1785153439327421000,1785153439327601000,1785153439327604000,1785153439327604000,1785153439327604000,121932490,121652369,-100.121,0.000,0.000,1.000,3.000,0.000,0.000,0.000,0,0,0
B3_zmq_pushpull,zmq_tcp,none,none,,1,2867,512,584,1785153439328386000,1785153439328386000,1785153439328386000,1785153439328387000,1785153439328459000,1785153439328462000,1785153439328462000,1785153439328462000,121932490,121652369,-208.121,0.000,0.000,1.000,3.000,0.000,0.000,0.000,0,0,0
B3_zmq_pushpull,zmq_tcp,none,none,,1,2868,512,584,1785153439329398000,1785153439329398000,1785153439329398000,1785153439329399000,1785153439329467000,1785153439329469000,1785153439329469000,1785153439329469000,121932490,121652369,-212.121,0.000,0.000,1.000,2.000,0.000,0.000,0.000,0,0,0
B3_zmq_pushpull,zmq_tcp,none,none,,1,2869,512,584,1785153439330398000,1785153439330398000,1785153439330398000,1785153439330399000,1785153439330479000,1785153439330482000,1785153439330482000,1785153439330482000,121932490,121652369,-200.121,0.000,0.000,1.000,3.000,0.000,0.000,0.000,0,0,0
B3_zmq_pushpull,zmq_tcp,none,none,,1,2870,512,584,1785153439331395000,1785153439331395000,1785153439331396000,1785153439331396000,1785153439331487000,1785153439331489000,1785153439331490000,1785153439331490000,121932490,121652369,-189.121,0.000,1.000,0.000,2.000,1.000,0.000,0.000,0,0,0
B3_zmq_pushpull,zmq_tcp,none,none,,1,2871,512,584,1785153439332397000,1785153439332397000,1785153439332397000,1785153439332398000,1785153439332490000,1785153439332492000,1785153439332492000,1785153439332492000,121932490,121652369,-188.121,0.000,0.000,1.000,2.000,0.000,0.000,0.000,0,0,0
B3_zmq_pushpull,zmq_tcp,none,none,,1,2872,512,584,1785153439333396000,1785153439333396000,1785153439333396000,1785153439333397000,1785153439333490000,1785153439333493000,1785153439333493000,1785153439333493000,121932490,121652369,-187.121,0.000,0.000,1.000,3.000,0.000,0.000,0.000,0,0,0
B3_zmq_pushpull,zmq_tcp,none,none,,1,2873,512,584,1785153439334395000,1785153439334396000,1785153439334396000,1785153439334397000,1785153439334481000,1785153439334484000,1785153439334484000,1785153439334484000,121932490,121652369,-196.121,1.000,0.000,1.000,3.000,0.000,0.000,0.000,0,0,0
B3_zmq_pushpull,zmq_tcp,none,none,,1,2874,512,584,1785153439335395000,1785153439335395000,1785153439335395000,1785153439335396000,1785153439335472000,1785153439335476000,1785153439335476000,1785153439335476000,121932490,121652369,-204.121,0.000,0.000,1.000,4.000,0.000,0.000,0.000,0,0,0
B3_zmq_pushpull,zmq_tcp,none,none,,1,2875,512,584,1785153439336393000,1785153439336393000,1785153439336393000,1785153439336394000,1785153439336487000,1785153439336490000,1785153439336490000,1785153439336490000,121932490,121652369,-187.121,0.000,0.000,1.000,3.000,0.000,0.000,0.000,0,0,0
B3_zmq_pushpull,zmq_tcp,none,none,,1,2876,512,584,1785153439337397000,1785153439337397000,1785153439337397000,1785153439337398000,1785153439337496000,1785153439337499000,1785153439337499000,1785153439337499000,121932490,121652369,-182.121,0.000,0.000,1.000,3.000,0.000,0.000,0.000,0,0,0
B3_zmq_pushpull,zmq_tcp,none,none,,1,2877,512,584,1785153439338398000,1785153439338398000,1785153439338398000,1785153439338399000,1785153439338502000,1785153439338504000,1785153439338504000,1785153439338504000,121932490,121652369,-177.121,0.000,0.000,1.000,2.000,0.000,0.000,0.000,0,0,0
B3_zmq_pushpull,zmq_tcp,none,none,,1,2878,512,584,1785153439339394000,1785153439339394000,1785153439339394000,1785153439339395000,1785153439339515000,1785153439339518000,1785153439339518000,1785153439339518000,121932490,121652369,-160.121,0.000,0.000,1.000,3.000,0.000,0.000,0.000,0,0,0
B3_zmq_pushpull,zmq_tcp,none,none,,1,2879,512,584,1785153439340396000,1785153439340396000,1785153439340396000,1785153439340397000,1785153439340524000,1785153439340527000,1785153439340527000,1785153439340527000,121932490,121652369,-153.121,0.000,0.000,1.000,3.000,0.000,0.000,0.000,0,0,0
B3_zmq_pushpull,zmq_tcp,none,none,,1,2880,512,584,1785153439341395000,1785153439341395000,1785153439341395000,1785153439341396000,1785153439341506000,1785153439341509000,1785153439341509000,1785153439341509000,121932490,121652369,-170.121,0.000,0.000,1.000,3.000,0.000,0.000,0.000,0,0,0
B3_zmq_pushpull,zmq_tcp,none,none,,1,2881,512,584,1785153439342396000,1785153439342396000,1785153439342397000,1785153439342397000,1785153439342506000,1785153439342508000,1785153439342508000,1785153439342508000,121932490,121652369,-171.121,0.000,1.000,0.000,2.000,0.000,0.000,0.000,0,0,0
B3_zmq_pushpull,zmq_tcp,none,none,,1,2882,512,584,1785153439343393000,1785153439343393000,1785153439343393000,1785153439343394000,1785153439343516000,1785153439343519000,1785153439343519000,1785153439343519000,121932490,121652369,-158.121,0.000,0.000,1.000,3.000,0.000,0.000,0.000,0,0,0
B3_zmq_pushpull,zmq_tcp,none,none,,1,2883,512,584,1785153439344399000,1785153439344399000,1785153439344399000,1785153439344400000,1785153439344520000,1785153439344523000,1785153439344523000,1785153439344523000,121932490,121652369,-160.121,0.000,0.000,1.000,3.000,0.000,0.000,0.000,0,0,0
B3_zmq_pushpull,zmq_tcp,none,none,,1,2884,512,584,1785153439345397000,1785153439345397000,1785153439345397000,1785153439345398000,1785153439345522000,1785153439345524000,1785153439345524000,1785153439345524000,121932490,121652369,-156.121,0.000,0.000,1.000,2.000,0.000,0.000,0.000,0,0,0
B3_zmq_pushpull,zmq_tcp,none,none,,1,2885,512,584,1785153439346394000,1785153439346394000,1785153439346394000,1785153439346395000,1785153439346543000,1785153439346546000,1785153439346546000,1785153439346546000,121932490,121652369,-132.121,0.000,0.000,1.000,3.000,0.000,0.000,0.000,0,0,0
B3_zmq_pushpull,zmq_tcp,none,none,,1,2886,512,584,1785153439347392000,1785153439347392000,1785153439347392000,1785153439347393000,1785153439347544000,1785153439347547000,1785153439347547000,1785153439347547000,121932490,121652369,-129.121,0.000,0.000,1.000,3.000,0.000,0.000,0.000,0,0,0
B3_zmq_pushpull,zmq_tcp,none,none,,1,2887,512,584,1785153439348396000,1785153439348396000,1785153439348396000,1785153439348397000,1785153439348550000,1785153439348552000,1785153439348552000,1785153439348552000,121932490,121652369,-127.121,0.000,0.000,1.000,2.000,0.000,0.000,0.000,0,0,0
B3_zmq_pushpull,zmq_tcp,none,none,,1,2888,512,584,1785153439349394000,1785153439349394000,1785153439349395000,1785153439349395000,1785153439349552000,1785153439349555000,1785153439349555000,1785153439349555000,121932490,121652369,-123.121,0.000,1.000,0.000,3.000,0.000,0.000,0.000,0,0,0
B3_zmq_pushpull,zmq_tcp,none,none,,1,2889,512,584,1785153439350393000,1785153439350393000,1785153439350393000,1785153439350394000,1785153439350567000,1785153439350570000,1785153439350570000,1785153439350570000,121932490,121652369,-107.121,0.000,0.000,1.000,3.000,0.000,0.000,0.000,0,0,0
B3_zmq_pushpull,zmq_tcp,none,none,,1,2890,512,584,1785153439351401000,1785153439351401000,1785153439351401000,1785153439351402000,1785153439351590000,1785153439351592000,1785153439351592000,1785153439351592000,121932490,121652369,-92.121,0.000,0.000,1.000,2.000,0.000,0.000,0.000,0,0,0
B3_zmq_pushpull,zmq_tcp,none,none,,1,2891,512,584,1785153439352394000,1785153439352394000,1785153439352394000,1785153439352395000,1785153439352462000,1785153439352464000,1785153439352465000,1785153439352465000,121932490,121652369,-213.121,0.000,0.000,1.000,2.000,1.000,0.000,0.000,0,0,0
B3_zmq_pushpull,zmq_tcp,none,none,,1,2892,512,584,1785153439353298000,1785153439353299000,1785153439353299000,1785153439353300000,1785153439353450000,1785153439353453000,1785153439353453000,1785153439353453000,121932490,121652369,-130.121,1.000,0.000,1.000,3.000,0.000,0.000,0.000,0,0,0
B3_zmq_pushpull,zmq_tcp,none,none,,1,2893,512,584,1785153439354420000,1785153439354420000,1785153439354421000,1785153439354421000,1785153439354594000,1785153439354596000,1785153439354597000,1785153439354597000,121932490,121652369,-107.121,0.000,1.000,0.000,2.000,1.000,0.000,0.000,0,0,0
B3_zmq_pushpull,zmq_tcp,none,none,,1,2894,512,584,1785153439355390000,1785153439355390000,1785153439355390000,1785153439355392000,1785153439355459000,1785153439355462000,1785153439355462000,1785153439355463000,121932490,121652369,-213.121,0.000,0.000,2.000,3.000,0.000,1.000,0.000,0,0,0
B3_zmq_pushpull,zmq_tcp,none,none,,1,2895,512,584,1785153439356397000,1785153439356397000,1785153439356397000,1785153439356398000,1785153439356468000,1785153439356471000,1785153439356471000,1785153439356471000,121932490,121652369,-210.121,0.000,0.000,1.000,3.000,0.000,0.000,0.000,0,0,0
B3_zmq_pushpull,zmq_tcp,none,none,,1,2896,512,584,1785153439357392000,1785153439357392000,1785153439357392000,1785153439357393000,1785153439357474000,1785153439357476000,1785153439357476000,1785153439357476000,121932490,121652369,-199.121,0.000,0.000,1.000,2.000,0.000,0.000,0.000,0,0,0
B3_zmq_pushpull,zmq_tcp,none,none,,1,2897,512,584,1785153439358397000,1785153439358397000,1785153439358397000,1785153439358398000,1785153439358482000,1785153439358485000,1785153439358485000,1785153439358485000,121932490,121652369,-196.121,0.000,0.000,1.000,3.000,0.000,0.000,0.000,0,0,0
B3_zmq_pushpull,zmq_tcp,none,none,,1,2898,512,584,1785153439359397000,1785153439359397000,1785153439359397000,1785153439359398000,1785153439359485000,1785153439359487000,1785153439359488000,1785153439359488000,121932490,121652369,-193.121,0.000,0.000,1.000,2.000,1.000,0.000,0.000,0,0,0
B3_zmq_pushpull,zmq_tcp,none,none,,1,2899,512,584,1785153439360395000,1785153439360395000,1785153439360395000,1785153439360396000,1785153439360491000,1785153439360494000,1785153439360494000,1785153439360494000,121932490,121652369,-185.121,0.000,0.000,1.000,3.000,0.000,0.000,0.000,0,0,0
B3_zmq_pushpull,zmq_tcp,none,none,,1,2900,512,584,1785153439361393000,1785153439361393000,1785153439361393000,1785153439361394000,1785153439361507000,1785153439361510000,1785153439361510000,1785153439361510000,121932490,121652369,-167.121,0.000,0.000,1.000,3.000,0.000,0.000,0.000,0,0,0
B3_zmq_pushpull,zmq_tcp,none,none,,1,2901,512,584,1785153439362397000,1785153439362397000,1785153439362397000,1785153439362398000,1785153439362504000,1785153439362507000,1785153439362507000,1785153439362507000,121932490,121652369,-174.121,0.000,0.000,1.000,3.000,0.000,0.000,0.000,0,0,0
B3_zmq_pushpull,zmq_tcp,none,none,,1,2902,512,584,1785153439363395000,1785153439363395000,1785153439363395000,1785153439363396000,1785153439363496000,1785153439363499000,1785153439363499000,1785153439363499000,121932490,121652369,-180.121,0.000,0.000,1.000,3.000,0.000,0.000,0.000,0,0,0
B3_zmq_pushpull,zmq_tcp,none,none,,1,2903,512,584,1785153439364396000,1785153439364396000,1785153439364396000,1785153439364397000,1785153439364490000,1785153439364492000,1785153439364492000,1785153439364492000,121932490,121652369,-187.121,0.000,0.000,1.000,2.000,0.000,0.000,0.000,0,0,0
B3_zmq_pushpull,zmq_tcp,none,none,,1,2904,512,584,1785153439365395000,1785153439365395000,1785153439365395000,1785153439365396000,1785153439365496000,1785153439365499000,1785153439365499000,1785153439365499000,121932490,121652369,-180.121,0.000,0.000,1.000,3.000,0.000,0.000,0.000,0,0,0
B3_zmq_pushpull,zmq_tcp,none,none,,1,2905,512,584,1785153439366395000,1785153439366395000,1785153439366395000,1785153439366396000,1785153439366502000,1785153439366504000,1785153439366504000,1785153439366504000,121932490,121652369,-174.121,0.000,0.000,1.000,2.000,0.000,0.000,0.000,0,0,0
B3_zmq_pushpull,zmq_tcp,none,none,,1,2906,512,584,1785153439367396000,1785153439367397000,1785153439367397000,1785153439367398000,1785153439367508000,1785153439367510000,1785153439367510000,1785153439367510000,121932490,121652369,-170.121,1.000,0.000,1.000,2.000,0.000,0.000,0.000,0,0,0
B3_zmq_pushpull,zmq_tcp,none,none,,1,2907,512,584,1785153439368394000,1785153439368394000,1785153439368394000,1785153439368395000,1785153439368491000,1785153439368494000,1785153439368494000,1785153439368494000,121932490,121652369,-184.121,0.000,0.000,1.000,3.000,0.000,0.000,0.000,0,0,0
B3_zmq_pushpull,zmq_tcp,none,none,,1,2908,512,584,1785153439369397000,1785153439369397000,1785153439369397000,1785153439369398000,1785153439369490000,1785153439369492000,1785153439369492000,1785153439369492000,121932490,121652369,-188.121,0.000,0.000,1.000,2.000,0.000,0.000,0.000,0,0,0
B3_zmq_pushpull,zmq_tcp,none,none,,1,2909,512,584,1785153439370396000,1785153439370396000,1785153439370396000,1785153439370397000,1785153439370488000,1785153439370491000,1785153439370491000,1785153439370491000,121932490,121652369,-189.121,0.000,0.000,1.000,3.000,0.000,0.000,0.000,0,0,0
B3_zmq_pushpull,zmq_tcp,none,none,,1,2910,512,584,1785153439371395000,1785153439371395000,1785153439371395000,1785153439371396000,1785153439371495000,1785153439371498000,1785153439371498000,1785153439371498000,121932490,121652369,-181.121,0.000,0.000,1.000,3.000,0.000,0.000,0.000,0,0,0
B3_zmq_pushpull,zmq_tcp,none,none,,1,2911,512,584,1785153439372199000,1785153439372199000,1785153439372199000,1785153439372200000,1785153439372359000,1785153439372362000,1785153439372362000,1785153439372362000,121932490,121652369,-121.121,0.000,0.000,1.000,3.000,0.000,0.000,0.000,0,0,0
B3_zmq_pushpull,zmq_tcp,none,none,,1,2912,512,584,1785153439373218000,1785153439373218000,1785153439373218000,1785153439373219000,1785153439373380000,1785153439373383000,1785153439373383000,1785153439373383000,121932490,121652369,-119.121,0.000,0.000,1.000,3.000,0.000,0.000,0.000,0,0,0
B3_zmq_pushpull,zmq_tcp,none,none,,1,2913,512,584,1785153439374440000,1785153439374440000,1785153439374440000,1785153439374441000,1785153439374515000,1785153439374519000,1785153439374519000,1785153439374519000,121932490,121652369,-206.121,0.000,0.000,1.000,4.000,0.000,0.000,0.000,0,0,0
B3_zmq_pushpull,zmq_tcp,none,none,,1,2914,512,584,1785153439375381000,1785153439375381000,1785153439375381000,1785153439375382000,1785153439375514000,1785153439375516000,1785153439375517000,1785153439375517000,121932490,121652369,-148.121,0.000,0.000,1.000,2.000,1.000,0.000,0.000,0,0,0
B3_zmq_pushpull,zmq_tcp,none,none,,1,2915,512,584,1785153439376399000,1785153439376399000,1785153439376399000,1785153439376400000,1785153439376510000,1785153439376512000,1785153439376512000,1785153439376512000,121932490,121652369,-170.121,0.000,0.000,1.000,2.000,0.000,0.000,0.000,0,0,0
B3_zmq_pushpull,zmq_tcp,none,none,,1,2916,512,584,1785153439377395000,1785153439377395000,1785153439377396000,1785153439377396000,1785153439377502000,1785153439377505000,1785153439377505000,1785153439377505000,121932490,121652369,-174.121,0.000,1.000,0.000,3.000,0.000,0.000,0.000,0,0,0
B3_zmq_pushpull,zmq_tcp,none,none,,1,2917,512,584,1785153439378395000,1785153439378395000,1785153439378396000,1785153439378396000,1785153439378522000,1785153439378524000,1785153439378524000,1785153439378524000,121932490,121652369,-154.121,0.000,1.000,0.000,2.000,0.000,0.000,0.000,0,0,0
B3_zmq_pushpull,zmq_tcp,none,none,,1,2918,512,584,1785153439379394000,1785153439379395000,1785153439379395000,1785153439379396000,1785153439379533000,1785153439379535000,1785153439379535000,1785153439379535000,121932490,121652369,-143.121,1.000,0.000,1.000,2.000,0.000,0.000,0.000,0,0,0
B3_zmq_pushpull,zmq_tcp,none,none,,1,2919,512,584,1785153439380394000,1785153439380394000,1785153439380394000,1785153439380395000,1785153439380527000,1785153439380530000,1785153439380530000,1785153439380530000,121932490,121652369,-148.121,0.000,0.000,1.000,3.000,0.000,0.000,0.000,0,0,0
B3_zmq_pushpull,zmq_tcp,none,none,,1,2920,512,584,1785153439381397000,1785153439381398000,1785153439381398000,1785153439381399000,1785153439381525000,1785153439381527000,1785153439381527000,1785153439381527000,121932490,121652369,-154.121,1.000,0.000,1.000,2.000,0.000,0.000,0.000,0,0,0
B3_zmq_pushpull,zmq_tcp,none,none,,1,2921,512,584,1785153439382390000,1785153439382390000,1785153439382390000,1785153439382391000,1785153439382479000,1785153439382482000,1785153439382482000,1785153439382482000,121932490,121652369,-192.121,0.000,0.000,1.000,3.000,0.000,0.000,0.000,0,0,0
B3_zmq_pushpull,zmq_tcp,none,none,,1,2922,512,584,1785153439383396000,1785153439383396000,1785153439383396000,1785153439383397000,1785153439383467000,1785153439383470000,1785153439383470000,1785153439383470000,121932490,121652369,-210.121,0.000,0.000,1.000,3.000,0.000,0.000,0.000,0,0,0
B3_zmq_pushpull,zmq_tcp,none,none,,1,2923,512,584,1785153439384395000,1785153439384395000,1785153439384395000,1785153439384396000,1785153439384447000,1785153439384450000,1785153439384450000,1785153439384450000,121932490,121652369,-229.121,0.000,0.000,1.000,3.000,0.000,0.000,0.000,0,0,0
B3_zmq_pushpull,zmq_tcp,none,none,,1,2924,512,584,1785153439385394000,1785153439385394000,1785153439385394000,1785153439385395000,1785153439385557000,1785153439385560000,1785153439385560000,1785153439385560000,121932490,121652369,-118.121,0.000,0.000,1.000,3.000,0.000,0.000,0.000,0,0,0
B3_zmq_pushpull,zmq_tcp,none,none,,1,2925,512,584,1785153439386244000,1785153439386244000,1785153439386244000,1785153439386245000,1785153439386406000,1785153439386409000,1785153439386409000,1785153439386409000,121932490,121652369,-119.121,0.000,0.000,1.000,3.000,0.000,0.000,0.000,0,0,0
B3_zmq_pushpull,zmq_tcp,none,none,,1,2926,512,584,1785153439387436000,1785153439387436000,1785153439387436000,1785153439387437000,1785153439387542000,1785153439387545000,1785153439387545000,1785153439387545000,121932490,121652369,-175.121,0.000,0.000,1.000,3.000,0.000,0.000,0.000,0,0,0
B3_zmq_pushpull,zmq_tcp,none,none,,1,2927,512,584,1785153439388385000,1785153439388386000,1785153439388386000,1785153439388387000,1785153439388531000,1785153439388534000,1785153439388534000,1785153439388534000,121932490,121652369,-136.121,1.000,0.000,1.000,3.000,0.000,0.000,0.000,0,0,0
B3_zmq_pushpull,zmq_tcp,none,none,,1,2928,512,584,1785153439389397000,1785153439389397000,1785153439389397000,1785153439389398000,1785153439389513000,1785153439389515000,1785153439389515000,1785153439389515000,121932490,121652369,-165.121,0.000,0.000,1.000,2.000,0.000,0.000,0.000,0,0,0
B3_zmq_pushpull,zmq_tcp,none,none,,1,2929,512,584,1785153439390394000,1785153439390394000,1785153439390394000,1785153439390395000,1785153439390497000,1785153439390500000,1785153439390500000,1785153439390500000,121932490,121652369,-178.121,0.000,0.000,1.000,3.000,0.000,0.000,0.000,0,0,0
B3_zmq_pushpull,zmq_tcp,none,none,,1,2930,512,584,1785153439391394000,1785153439391394000,1785153439391394000,1785153439391395000,1785153439391494000,1785153439391497000,1785153439391497000,1785153439391497000,121932490,121652369,-181.121,0.000,0.000,1.000,3.000,0.000,0.000,0.000,0,0,0
B3_zmq_pushpull,zmq_tcp,none,none,,1,2931,512,584,1785153439392394000,1785153439392394000,1785153439392394000,1785153439392395000,1785153439392485000,1785153439392487000,1785153439392487000,1785153439392487000,121932490,121652369,-190.121,0.000,0.000,1.000,2.000,0.000,0.000,0.000,0,0,0
B3_zmq_pushpull,zmq_tcp,none,none,,1,2932,512,584,1785153439393398000,1785153439393398000,1785153439393398000,1785153439393399000,1785153439393492000,1785153439393495000,1785153439393495000,1785153439393495000,121932490,121652369,-187.121,0.000,0.000,1.000,3.000,0.000,0.000,0.000,0,0,0
B3_zmq_pushpull,zmq_tcp,none,none,,1,2933,512,584,1785153439394392000,1785153439394392000,1785153439394392000,1785153439394393000,1785153439394465000,1785153439394468000,1785153439394468000,1785153439394468000,121932490,121652369,-208.121,0.000,0.000,1.000,3.000,0.000,0.000,0.000,0,0,0
B3_zmq_pushpull,zmq_tcp,none,none,,1,2934,512,584,1785153439395398000,1785153439395398000,1785153439395398000,1785153439395399000,1785153439395591000,1785153439395594000,1785153439395594000,1785153439395594000,121932490,121652369,-88.121,0.000,0.000,1.000,3.000,0.000,0.000,0.000,0,0,0
B3_zmq_pushpull,zmq_tcp,none,none,,1,2935,512,584,1785153439396298000,1785153439396298000,1785153439396298000,1785153439396299000,1785153439396455000,1785153439396458000,1785153439396459000,1785153439396459000,121932490,121652369,-124.121,0.000,0.000,1.000,3.000,1.000,0.000,0.000,0,0,0
B3_zmq_pushpull,zmq_tcp,none,none,,1,2936,512,584,1785153439397298000,1785153439397298000,1785153439397298000,1785153439397299000,1785153439397459000,1785153439397462000,1785153439397462000,1785153439397462000,121932490,121652369,-120.121,0.000,0.000,1.000,3.000,0.000,0.000,0.000,0,0,0
B3_zmq_pushpull,zmq_tcp,none,none,,1,2937,512,584,1785153439398419000,1785153439398419000,1785153439398419000,1785153439398420000,1785153439398586000,1785153439398589000,1785153439398589000,1785153439398589000,121932490,121652369,-114.121,0.000,0.000,1.000,3.000,0.000,0.000,0.000,0,0,0
B3_zmq_pushpull,zmq_tcp,none,none,,1,2938,512,584,1785153439399391000,1785153439399391000,1785153439399391000,1785153439399392000,1785153439399462000,1785153439399465000,1785153439399465000,1785153439399465000,121932490,121652369,-210.121,0.000,0.000,1.000,3.000,0.000,0.000,0.000,0,0,0
B3_zmq_pushpull,zmq_tcp,none,none,,1,2939,512,584,1785153439400397000,1785153439400397000,1785153439400397000,1785153439400398000,1785153439400470000,1785153439400473000,1785153439400473000,1785153439400473000,121932490,121652369,-208.121,0.000,0.000,1.000,3.000,0.000,0.000,0.000,0,0,0
B3_zmq_pushpull,zmq_tcp,none,none,,1,2940,512,584,1785153439401395000,1785153439401395000,1785153439401395000,1785153439401396000,1785153439401481000,1785153439401483000,1785153439401483000,1785153439401483000,121932490,121652369,-195.121,0.000,0.000,1.000,2.000,0.000,0.000,0.000,0,0,0
B3_zmq_pushpull,zmq_tcp,none,none,,1,2941,512,584,1785153439402396000,1785153439402396000,1785153439402396000,1785153439402397000,1785153439402464000,1785153439402468000,1785153439402468000,1785153439402468000,121932490,121652369,-213.121,0.000,0.000,1.000,4.000,0.000,0.000,0.000,0,0,0
B3_zmq_pushpull,zmq_tcp,none,none,,1,2942,512,584,1785153439403396000,1785153439403396000,1785153439403396000,1785153439403397000,1785153439403457000,1785153439403462000,1785153439403462000,1785153439403462000,121932490,121652369,-220.121,0.000,0.000,1.000,5.000,0.000,0.000,0.000,0,0,0
B3_zmq_pushpull,zmq_tcp,none,none,,1,2943,512,584,1785153439404396000,1785153439404396000,1785153439404396000,1785153439404397000,1785153439404456000,1785153439404459000,1785153439404459000,1785153439404459000,121932490,121652369,-221.121,0.000,0.000,1.000,3.000,0.000,0.000,0.000,0,0,0
B3_zmq_pushpull,zmq_tcp,none,none,,1,2944,512,584,1785153439405394000,1785153439405394000,1785153439405394000,1785153439405395000,1785153439405440000,1785153439405443000,1785153439405443000,1785153439405443000,121932490,121652369,-235.121,0.000,0.000,1.000,3.000,0.000,0.000,0.000,0,0,0
B3_zmq_pushpull,zmq_tcp,none,none,,1,2945,512,584,1785153439406402000,1785153439406402000,1785153439406402000,1785153439406403000,1785153439406446000,1785153439406449000,1785153439406449000,1785153439406449000,121932490,121652369,-237.121,0.000,0.000,1.000,3.000,0.000,0.000,0.000,0,0,0
B3_zmq_pushpull,zmq_tcp,none,none,,1,2946,512,584,1785153439407396000,1785153439407396000,1785153439407396000,1785153439407397000,1785153439407448000,1785153439407452000,1785153439407452000,1785153439407452000,121932490,121652369,-229.121,0.000,0.000,1.000,4.000,0.000,0.000,0.000,0,0,0
B3_zmq_pushpull,zmq_tcp,none,none,,1,2947,512,584,1785153439408396000,1785153439408396000,1785153439408396000,1785153439408397000,1785153439408601000,1785153439408603000,1785153439408603000,1785153439408603000,121932490,121652369,-76.121,0.000,0.000,1.000,2.000,0.000,0.000,0.000,0,0,0
B3_zmq_pushpull,zmq_tcp,none,none,,1,2948,512,584,1785153439409315000,1785153439409315000,1785153439409315000,1785153439409316000,1785153439409477000,1785153439409479000,1785153439409479000,1785153439409479000,121932490,121652369,-119.121,0.000,0.000,1.000,2.000,0.000,0.000,0.000,0,0,0
B3_zmq_pushpull,zmq_tcp,none,none,,1,2949,512,584,1785153439410416000,1785153439410416000,1785153439410416000,1785153439410417000,1785153439410463000,1785153439410467000,1785153439410467000,1785153439410467000,121932490,121652369,-234.121,0.000,0.000,1.000,4.000,0.000,0.000,0.000,0,0,0
B3_zmq_pushpull,zmq_tcp,none,none,,1,2950,512,584,1785153439411391000,1785153439411391000,1785153439411391000,1785153439411392000,1785153439411475000,1785153439411477000,1785153439411477000,1785153439411478000,121932490,121652369,-197.121,0.000,0.000,1.000,2.000,0.000,1.000,0.000,0,0,0
B3_zmq_pushpull,zmq_tcp,none,none,,1,2951,512,584,1785153439412397000,1785153439412397000,1785153439412397000,1785153439412398000,1785153439412466000,1785153439412469000,1785153439412470000,1785153439412470000,121932490,121652369,-212.121,0.000,0.000,1.000,3.000,1.000,0.000,0.000,0,0,0
B3_zmq_pushpull,zmq_tcp,none,none,,1,2952,512,584,1785153439413396000,1785153439413396000,1785153439413396000,1785153439413397000,1785153439413478000,1785153439413481000,1785153439413481000,1785153439413481000,121932490,121652369,-199.121,0.000,0.000,1.000,3.000,0.000,0.000,0.000,0,0,0
B3_zmq_pushpull,zmq_tcp,none,none,,1,2953,512,584,1785153439414396000,1785153439414396000,1785153439414396000,1785153439414397000,1785153439414499000,1785153439414508000,1785153439414508000,1785153439414508000,121932490,121652369,-178.121,0.000,0.000,1.000,9.000,0.000,0.000,0.000,0,0,0
B3_zmq_pushpull,zmq_tcp,none,none,,1,2954,512,584,1785153439415398000,1785153439415398000,1785153439415399000,1785153439415399000,1785153439415518000,1785153439415521000,1785153439415521000,1785153439415521000,121932490,121652369,-161.121,0.000,1.000,0.000,3.000,0.000,0.000,0.000,0,0,0
B3_zmq_pushpull,zmq_tcp,none,none,,1,2955,512,584,1785153439416394000,1785153439416394000,1785153439416394000,1785153439416395000,1785153439416526000,1785153439416529000,1785153439416529000,1785153439416529000,121932490,121652369,-149.121,0.000,0.000,1.000,3.000,0.000,0.000,0.000,0,0,0
B3_zmq_pushpull,zmq_tcp,none,none,,1,2956,512,584,1785153439417395000,1785153439417395000,1785153439417395000,1785153439417396000,1785153439417538000,1785153439417541000,1785153439417541000,1785153439417541000,121932490,121652369,-138.121,0.000,0.000,1.000,3.000,0.000,0.000,0.000,0,0,0
B3_zmq_pushpull,zmq_tcp,none,none,,1,2957,512,584,1785153439418397000,1785153439418397000,1785153439418397000,1785153439418398000,1785153439418529000,1785153439418532000,1785153439418532000,1785153439418532000,121932490,121652369,-149.121,0.000,0.000,1.000,3.000,0.000,0.000,0.000,0,0,0
B3_zmq_pushpull,zmq_tcp,none,none,,1,2958,512,584,1785153439419396000,1785153439419396000,1785153439419396000,1785153439419397000,1785153439419542000,1785153439419544000,1785153439419544000,1785153439419544000,121932490,121652369,-135.121,0.000,0.000,1.000,2.000,0.000,0.000,0.000,0,0,0
B3_zmq_pushpull,zmq_tcp,none,none,,1,2959,512,584,1785153439420395000,1785153439420396000,1785153439420396000,1785153439420396000,1785153439420550000,1785153439420553000,1785153439420553000,1785153439420553000,121932490,121652369,-126.121,1.000,0.000,0.000,3.000,0.000,0.000,0.000,0,0,0
B3_zmq_pushpull,zmq_tcp,none,none,,1,2960,512,584,1785153439421260000,1785153439421260000,1785153439421260000,1785153439421261000,1785153439421421000,1785153439421423000,1785153439421423000,1785153439421423000,121932490,121652369,-120.121,0.000,0.000,1.000,2.000,0.000,0.000,0.000,0,0,0
B3_zmq_pushpull,zmq_tcp,none,none,,1,2961,512,584,1785153439422433000,1785153439422433000,1785153439422433000,1785153439422434000,1785153439422563000,1785153439422566000,1785153439422566000,1785153439422566000,121932490,121652369,-151.121,0.000,0.000,1.000,3.000,0.000,0.000,0.000,0,0,0
B3_zmq_pushpull,zmq_tcp,none,none,,1,2962,512,584,1785153439423384000,1785153439423384000,1785153439423384000,1785153439423385000,1785153439423565000,1785153439423568000,1785153439423568000,1785153439423568000,121932490,121652369,-100.121,0.000,0.000,1.000,3.000,0.000,0.000,0.000,0,0,0
B3_zmq_pushpull,zmq_tcp,none,none,,1,2963,512,584,1785153439424271000,1785153439424271000,1785153439424271000,1785153439424272000,1785153439424429000,1785153439424431000,1785153439424431000,1785153439424431000,121932490,121652369,-123.121,0.000,0.000,1.000,2.000,0.000,0.000,0.000,0,0,0
B3_zmq_pushpull,zmq_tcp,none,none,,1,2964,512,584,1785153439425428000,1785153439425428000,1785153439425428000,1785153439425429000,1785153439425552000,1785153439425555000,1785153439425555000,1785153439425555000,121932490,121652369,-157.121,0.000,0.000,1.000,3.000,0.000,0.000,0.000,0,0,0
B3_zmq_pushpull,zmq_tcp,none,none,,1,2965,512,584,1785153439426387000,1785153439426387000,1785153439426387000,1785153439426388000,1785153439426535000,1785153439426538000,1785153439426538000,1785153439426538000,121932490,121652369,-133.121,0.000,0.000,1.000,3.000,0.000,0.000,0.000,0,0,0
B3_zmq_pushpull,zmq_tcp,none,none,,1,2966,512,584,1785153439427396000,1785153439427396000,1785153439427396000,1785153439427397000,1785153439427545000,1785153439427547000,1785153439427547000,1785153439427547000,121932490,121652369,-132.121,0.000,0.000,1.000,2.000,0.000,0.000,0.000,0,0,0
B3_zmq_pushpull,zmq_tcp,none,none,,1,2967,512,584,1785153439428400000,1785153439428401000,1785153439428401000,1785153439428402000,1785153439428559000,1785153439428562000,1785153439428562000,1785153439428562000,121932490,121652369,-123.121,1.000,0.000,1.000,3.000,0.000,0.000,0.000,0,0,0
B3_zmq_pushpull,zmq_tcp,none,none,,1,2968,512,584,1785153439429394000,1785153439429394000,1785153439429394000,1785153439429395000,1785153439429557000,1785153439429559000,1785153439429559000,1785153439429559000,121932490,121652369,-118.121,0.000,0.000,1.000,2.000,0.000,0.000,0.000,0,0,0
B3_zmq_pushpull,zmq_tcp,none,none,,1,2969,512,584,1785153439430397000,1785153439430397000,1785153439430397000,1785153439430398000,1785153439430559000,1785153439430562000,1785153439430562000,1785153439430562000,121932490,121652369,-119.121,0.000,0.000,1.000,3.000,0.000,0.000,0.000,0,0,0
B3_zmq_pushpull,zmq_tcp,none,none,,1,2970,512,584,1785153439431396000,1785153439431396000,1785153439431396000,1785153439431397000,1785153439431550000,1785153439431553000,1785153439431553000,1785153439431553000,121932490,121652369,-127.121,0.000,0.000,1.000,3.000,0.000,0.000,0.000,0,0,0
B3_zmq_pushpull,zmq_tcp,none,none,,1,2971,512,584,1785153439432396000,1785153439432396000,1785153439432396000,1785153439432397000,1785153439432548000,1785153439432551000,1785153439432551000,1785153439432551000,121932490,121652369,-129.121,0.000,0.000,1.000,3.000,0.000,0.000,0.000,0,0,0
B3_zmq_pushpull,zmq_tcp,none,none,,1,2972,512,584,1785153439433256000,1785153439433257000,1785153439433257000,1785153439433257000,1785153439433418000,1785153439433421000,1785153439433421000,1785153439433421000,121932490,121652369,-119.121,1.000,0.000,0.000,3.000,0.000,0.000,0.000,0,0,0
B3_zmq_pushpull,zmq_tcp,none,none,,1,2973,512,584,1785153439434432000,1785153439434432000,1785153439434432000,1785153439434433000,1785153439434559000,1785153439434562000,1785153439434562000,1785153439434562000,121932490,121652369,-154.121,0.000,0.000,1.000,3.000,0.000,0.000,0.000,0,0,0
B3_zmq_pushpull,zmq_tcp,none,none,,1,2974,512,584,1785153439435260000,1785153439435260000,1785153439435261000,1785153439435261000,1785153439435413000,1785153439435416000,1785153439435416000,1785153439435416000,121932490,121652369,-128.121,0.000,1.000,0.000,3.000,0.000,0.000,0.000,0,0,0
B3_zmq_pushpull,zmq_tcp,none,none,,1,2975,512,584,1785153439436267000,1785153439436267000,1785153439436267000,1785153439436268000,1785153439436429000,1785153439436432000,1785153439436432000,1785153439436432000,121932490,121652369,-119.121,0.000,0.000,1.000,3.000,0.000,0.000,0.000,0,0,0
B3_zmq_pushpull,zmq_tcp,none,none,,1,2976,512,584,1785153439437426000,1785153439437426000,1785153439437427000,1785153439437427000,1785153439437549000,1785153439437551000,1785153439437551000,1785153439437551000,121932490,121652369,-158.121,0.000,1.000,0.000,2.000,0.000,0.000,0.000,0,0,0
B3_zmq_pushpull,zmq_tcp,none,none,,1,2977,512,584,1785153439438389000,1785153439438389000,1785153439438389000,1785153439438390000,1785153439438554000,1785153439438557000,1785153439438557000,1785153439438557000,121932490,121652369,-116.121,0.000,0.000,1.000,3.000,0.000,0.000,0.000,0,0,0
B3_zmq_pushpull,zmq_tcp,none,none,,1,2978,512,584,1785153439439397000,1785153439439397000,1785153439439397000,1785153439439398000,1785153439439537000,1785153439439539000,1785153439439539000,1785153439439539000,121932490,121652369,-141.121,0.000,0.000,1.000,2.000,0.000,0.000,0.000,0,0,0
B3_zmq_pushpull,zmq_tcp,none,none,,1,2979,512,584,1785153439440392000,1785153439440392000,1785153439440392000,1785153439440393000,1785153439440530000,1785153439440533000,1785153439440533000,1785153439440533000,121932490,121652369,-143.121,0.000,0.000,1.000,3.000,0.000,0.000,0.000,0,0,0
B3_zmq_pushpull,zmq_tcp,none,none,,1,2980,512,584,1785153439441396000,1785153439441396000,1785153439441396000,1785153439441397000,1785153439441557000,1785153439441560000,1785153439441560000,1785153439441560000,121932490,121652369,-120.121,0.000,0.000,1.000,3.000,0.000,0.000,0.000,0,0,0
B3_zmq_pushpull,zmq_tcp,none,none,,1,2981,512,584,1785153439442248000,1785153439442248000,1785153439442248000,1785153439442249000,1785153439442398000,1785153439442401000,1785153439442401000,1785153439442401000,121932490,121652369,-131.121,0.000,0.000,1.000,3.000,0.000,0.000,0.000,0,0,0
B3_zmq_pushpull,zmq_tcp,none,none,,1,2982,512,584,1785153439443434000,1785153439443434000,1785153439443435000,1785153439443435000,1785153439443509000,1785153439443512000,1785153439443512000,1785153439443512000,121932490,121652369,-206.121,0.000,1.000,0.000,3.000,0.000,0.000,0.000,0,0,0
B3_zmq_pushpull,zmq_tcp,none,none,,1,2983,512,584,1785153439444388000,1785153439444388000,1785153439444388000,1785153439444389000,1785153439444496000,1785153439444498000,1785153439444498000,1785153439444498000,121932490,121652369,-173.121,0.000,0.000,1.000,2.000,0.000,0.000,0.000,0,0,0
B3_zmq_pushpull,zmq_tcp,none,none,,1,2984,512,584,1785153439445397000,1785153439445397000,1785153439445397000,1785153439445398000,1785153439445478000,1785153439445483000,1785153439445483000,1785153439445483000,121932490,121652369,-200.121,0.000,0.000,1.000,5.000,0.000,0.000,0.000,0,0,0
B3_zmq_pushpull,zmq_tcp,none,none,,1,2985,512,584,1785153439446395000,1785153439446395000,1785153439446395000,1785153439446396000,1785153439446440000,1785153439446443000,1785153439446443000,1785153439446443000,121932490,121652369,-236.121,0.000,0.000,1.000,3.000,0.000,0.000,0.000,0,0,0
B3_zmq_pushpull,zmq_tcp,none,none,,1,2986,512,584,1785153439447395000,1785153439447395000,1785153439447395000,1785153439447396000,1785153439447559000,1785153439447562000,1785153439447562000,1785153439447562000,121932490,121652369,-117.121,0.000,0.000,1.000,3.000,0.000,0.000,0.000,0,0,0
B3_zmq_pushpull,zmq_tcp,none,none,,1,2987,512,584,1785153439448274000,1785153439448274000,1785153439448274000,1785153439448275000,1785153439448430000,1785153439448433000,1785153439448433000,1785153439448433000,121932490,121652369,-125.121,0.000,0.000,1.000,3.000,0.000,0.000,0.000,0,0,0
B3_zmq_pushpull,zmq_tcp,none,none,,1,2988,512,584,1785153439449425000,1785153439449425000,1785153439449425000,1785153439449426000,1785153439449549000,1785153439449554000,1785153439449554000,1785153439449554000,121932490,121652369,-157.121,0.000,0.000,1.000,5.000,0.000,0.000,0.000,0,0,0
B3_zmq_pushpull,zmq_tcp,none,none,,1,2989,512,584,1785153439450391000,1785153439450391000,1785153439450391000,1785153439450393000,1785153439450557000,1785153439450560000,1785153439450560000,1785153439450561000,121932490,121652369,-116.121,0.000,0.000,2.000,3.000,0.000,1.000,0.000,0,0,0
B3_zmq_pushpull,zmq_tcp,none,none,,1,2990,512,584,1785153439451396000,1785153439451396000,1785153439451396000,1785153439451398000,1785153439451550000,1785153439451553000,1785153439451553000,1785153439451553000,121932490,121652369,-128.121,0.000,0.000,2.000,3.000,0.000,0.000,0.000,0,0,0
B3_zmq_pushpull,zmq_tcp,none,none,,1,2991,512,584,1785153439452254000,1785153439452254000,1785153439452254000,1785153439452256000,1785153439452409000,1785153439452412000,1785153439452412000,1785153439452412000,121932490,121652369,-127.121,0.000,0.000,2.000,3.000,0.000,0.000,0.000,0,0,0
B3_zmq_pushpull,zmq_tcp,none,none,,1,2992,512,584,1785153439453252000,1785153439453253000,1785153439453253000,1785153439453254000,1785153439453402000,1785153439453405000,1785153439453405000,1785153439453405000,121932490,121652369,-132.121,1.000,0.000,1.000,3.000,0.000,0.000,0.000,0,0,0
B3_zmq_pushpull,zmq_tcp,none,none,,1,2993,512,584,1785153439454244000,1785153439454244000,1785153439454244000,1785153439454245000,1785153439454400000,1785153439454404000,1785153439454404000,1785153439454404000,121932490,121652369,-125.121,0.000,0.000,1.000,4.000,0.000,0.000,0.000,0,0,0
B3_zmq_pushpull,zmq_tcp,none,none,,1,2994,512,584,1785153439455438000,1785153439455438000,1785153439455438000,1785153439455439000,1785153439455554000,1785153439455558000,1785153439455558000,1785153439455558000,121932490,121652369,-165.121,0.000,0.000,1.000,4.000,0.000,0.000,0.000,0,0,0
B3_zmq_pushpull,zmq_tcp,none,none,,1,2995,512,584,1785153439456383000,1785153439456383000,1785153439456383000,1785153439456384000,1785153439456552000,1785153439456555000,1785153439456555000,1785153439456555000,121932490,121652369,-112.121,0.000,0.000,1.000,3.000,0.000,0.000,0.000,0,0,0
B3_zmq_pushpull,zmq_tcp,none,none,,1,2996,512,584,1785153439457400000,1785153439457401000,1785153439457401000,1785153439457402000,1785153439457574000,1785153439457577000,1785153439457577000,1785153439457577000,121932490,121652369,-108.121,1.000,0.000,1.000,3.000,0.000,0.000,0.000,0,0,0
B3_zmq_pushpull,zmq_tcp,none,none,,1,2997,512,584,1785153439458399000,1785153439458399000,1785153439458399000,1785153439458400000,1785153439458574000,1785153439458577000,1785153439458577000,1785153439458577000,121932490,121652369,-106.121,0.000,0.000,1.000,3.000,0.000,0.000,0.000,0,0,0
B3_zmq_pushpull,zmq_tcp,none,none,,1,2998,512,584,1785153439459396000,1785153439459396000,1785153439459396000,1785153439459397000,1785153439459451000,1785153439459454000,1785153439459454000,1785153439459454000,121932490,121652369,-226.121,0.000,0.000,1.000,3.000,0.000,0.000,0.000,0,0,0
B3_zmq_pushpull,zmq_tcp,none,none,,1,2999,512,584,1785153439460394000,1785153439460394000,1785153439460394000,1785153439460395000,1785153439460449000,1785153439460456000,1785153439460456000,1785153439460456000,121932490,121652369,-226.121,0.000,0.000,1.000,7.000,0.000,0.000,0.000,0,0,0
B3_zmq_pushpull,zmq_tcp,none,none,,1,3000,512,584,1785153439461398000,1785153439461398000,1785153439461398000,1785153439461399000,1785153439461448000,1785153439461451000,1785153439461451000,1785153439461451000,121932490,121652369,-231.121,0.000,0.000,1.000,3.000,0.000,0.000,0.000,0,0,0
B3_zmq_pushpull,zmq_tcp,none,none,,1,3001,512,584,1785153439462396000,1785153439462396000,1785153439462396000,1785153439462397000,1785153439462450000,1785153439462454000,1785153439462454000,1785153439462454000,121932490,121652369,-227.121,0.000,0.000,1.000,4.000,0.000,0.000,0.000,0,0,0
B3_zmq_pushpull,zmq_tcp,none,none,,1,3002,512,584,1785153439463399000,1785153439463399000,1785153439463399000,1785153439463400000,1785153439463462000,1785153439463466000,1785153439463466000,1785153439463466000,121932490,121652369,-218.121,0.000,0.000,1.000,4.000,0.000,0.000,0.000,0,0,0
B3_zmq_pushpull,zmq_tcp,none,none,,1,3003,512,584,1785153439464393000,1785153439464394000,1785153439464394000,1785153439464395000,1785153439464462000,1785153439464465000,1785153439464465000,1785153439464465000,121932490,121652369,-213.121,1.000,0.000,1.000,3.000,0.000,0.000,0.000,0,0,0
B3_zmq_pushpull,zmq_tcp,none,none,,1,3004,512,584,1785153439465397000,1785153439465397000,1785153439465397000,1785153439465398000,1785153439465460000,1785153439465463000,1785153439465463000,1785153439465463000,121932490,121652369,-218.121,0.000,0.000,1.000,3.000,0.000,0.000,0.000,0,0,0
B3_zmq_pushpull,zmq_tcp,none,none,,1,3005,512,584,1785153439466396000,1785153439466396000,1785153439466396000,1785153439466397000,1785153439466449000,1785153439466452000,1785153439466453000,1785153439466453000,121932490,121652369,-228.121,0.000,0.000,1.000,3.000,1.000,0.000,0.000,0,0,0
B3_zmq_pushpull,zmq_tcp,none,none,,1,3006,512,584,1785153439467397000,1785153439467397000,1785153439467397000,1785153439467398000,1785153439467582000,1785153439467585000,1785153439467585000,1785153439467585000,121932490,121652369,-96.121,0.000,0.000,1.000,3.000,0.000,0.000,0.000,0,0,0
B3_zmq_pushpull,zmq_tcp,none,none,,1,3007,512,584,1785153439468394000,1785153439468394000,1785153439468394000,1785153439468395000,1785153439468450000,1785153439468454000,1785153439468454000,1785153439468454000,121932490,121652369,-225.121,0.000,0.000,1.000,4.000,0.000,0.000,0.000,0,0,0
B3_zmq_pushpull,zmq_tcp,none,none,,1,3008,512,584,1785153439469397000,1785153439469397000,1785153439469397000,1785153439469398000,1785153439469457000,1785153439469460000,1785153439469460000,1785153439469460000,121932490,121652369,-221.121,0.000,0.000,1.000,3.000,0.000,0.000,0.000,0,0,0
B3_zmq_pushpull,zmq_tcp,none,none,,1,3009,512,584,1785153439470398000,1785153439470399000,1785153439470399000,1785153439470400000,1785153439470475000,1785153439470478000,1785153439470478000,1785153439470478000,121932490,121652369,-205.121,1.000,0.000,1.000,3.000,0.000,0.000,0.000,0,0,0
B3_zmq_pushpull,zmq_tcp,none,none,,1,3010,512,584,1785153439471393000,1785153439471393000,1785153439471393000,1785153439471394000,1785153439471497000,1785153439471499000,1785153439471499000,1785153439471499000,121932490,121652369,-177.121,0.000,0.000,1.000,2.000,0.000,0.000,0.000,0,0,0
B3_zmq_pushpull,zmq_tcp,none,none,,1,3011,512,584,1785153439472400000,1785153439472400000,1785153439472400000,1785153439472401000,1785153439472514000,1785153439472517000,1785153439472517000,1785153439472517000,121932490,121652369,-167.121,0.000,0.000,1.000,3.000,0.000,0.000,0.000,0,0,0
B3_zmq_pushpull,zmq_tcp,none,none,,1,3012,512,584,1785153439473396000,1785153439473396000,1785153439473396000,1785153439473397000,1785153439473521000,1785153439473524000,1785153439473524000,1785153439473524000,121932490,121652369,-156.121,0.000,0.000,1.000,3.000,0.000,0.000,0.000,0,0,0
B3_zmq_pushpull,zmq_tcp,none,none,,1,3013,512,584,1785153439474396000,1785153439474396000,1785153439474396000,1785153439474397000,1785153439474508000,1785153439474511000,1785153439474511000,1785153439474511000,121932490,121652369,-169.121,0.000,0.000,1.000,3.000,0.000,0.000,0.000,0,0,0
B3_zmq_pushpull,zmq_tcp,none,none,,1,3014,512,584,1785153439475213000,1785153439475213000,1785153439475213000,1785153439475214000,1785153439475362000,1785153439475365000,1785153439475365000,1785153439475365000,121932490,121652369,-132.121,0.000,0.000,1.000,3.000,0.000,0.000,0.000,0,0,0
B3_zmq_pushpull,zmq_tcp,none,none,,1,3015,512,584,1785153439476444000,1785153439476444000,1785153439476444000,1785153439476444000,1785153439476489000,1785153439476492000,1785153439476492000,1785153439476492000,121932490,121652369,-235.121,0.000,0.000,0.000,3.000,0.000,0.000,0.000,0,0,0
B3_zmq_pushpull,zmq_tcp,none,none,,1,3016,512,584,1785153439477384000,1785153439477384000,1785153439477384000,1785153439477385000,1785153439477498000,1785153439477501000,1785153439477501000,1785153439477501000,121932490,121652369,-167.121,0.000,0.000,1.000,3.000,0.000,0.000,0.000,0,0,0
B3_zmq_pushpull,zmq_tcp,none,none,,1,3017,512,584,1785153439478401000,1785153439478401000,1785153439478401000,1785153439478402000,1785153439478498000,1785153439478502000,1785153439478502000,1785153439478502000,121932490,121652369,-184.121,0.000,0.000,1.000,4.000,0.000,0.000,0.000,0,0,0
B3_zmq_pushpull,zmq_tcp,none,none,,1,3018,512,584,1785153439479199000,1785153439479199000,1785153439479199000,1785153439479200000,1785153439479354000,1785153439479357000,1785153439479357000,1785153439479357000,121932490,121652369,-126.121,0.000,0.000,1.000,3.000,0.000,0.000,0.000,0,0,0
B3_zmq_pushpull,zmq_tcp,none,none,,1,3019,512,584,1785153439480210000,1785153439480211000,1785153439480211000,1785153439480212000,1785153439480351000,1785153439480355000,1785153439480355000,1785153439480355000,121932490,121652369,-141.121,1.000,0.000,1.000,4.000,0.000,0.000,0.000,0,0,0
B3_zmq_pushpull,zmq_tcp,none,none,,1,3020,512,584,1785153439481443000,1785153439481443000,1785153439481443000,1785153439481444000,1785153439481499000,1785153439481502000,1785153439481502000,1785153439481502000,121932490,121652369,-225.121,0.000,0.000,1.000,3.000,0.000,0.000,0.000,0,0,0
B3_zmq_pushpull,zmq_tcp,none,none,,1,3021,512,584,1785153439482213000,1785153439482213000,1785153439482213000,1785153439482214000,1785153439482373000,1785153439482375000,1785153439482375000,1785153439482375000,121932490,121652369,-121.121,0.000,0.000,1.000,2.000,0.000,0.000,0.000,0,0,0
B3_zmq_pushpull,zmq_tcp,none,none,,1,3022,512,584,1785153439483441000,1785153439483442000,1785153439483442000,1785153439483443000,1785153439483487000,1785153439483491000,1785153439483491000,1785153439483491000,121932490,121652369,-236.121,1.000,0.000,1.000,4.000,0.000,0.000,0.000,0,0,0
B3_zmq_pushpull,zmq_tcp,none,none,,1,3023,512,584,1785153439484201000,1785153439484201000,1785153439484201000,1785153439484202000,1785153439484349000,1785153439484352000,1785153439484352000,1785153439484352000,121932490,121652369,-133.121,0.000,0.000,1.000,3.000,0.000,0.000,0.000,0,0,0
B3_zmq_pushpull,zmq_tcp,none,none,,1,3024,512,584,1785153439485449000,1785153439485449000,1785153439485449000,1785153439485450000,1785153439485631000,1785153439485634000,1785153439485634000,1785153439485634000,121932490,121652369,-99.121,0.000,0.000,1.000,3.000,0.000,0.000,0.000,0,0,0
B3_zmq_pushpull,zmq_tcp,none,none,,1,3025,512,584,1785153439486200000,1785153439486200000,1785153439486200000,1785153439486201000,1785153439486354000,1785153439486357000,1785153439486357000,1785153439486357000,121932490,121652369,-127.121,0.000,0.000,1.000,3.000,0.000,0.000,0.000,0,0,0
B3_zmq_pushpull,zmq_tcp,none,none,,1,3026,512,584,1785153439487320000,1785153439487320000,1785153439487320000,1785153439487321000,1785153439487474000,1785153439487477000,1785153439487477000,1785153439487477000,121932490,121652369,-127.121,0.000,0.000,1.000,3.000,0.000,0.000,0.000,0,0,0
B3_zmq_pushpull,zmq_tcp,none,none,,1,3027,512,584,1785153439488316000,1785153439488316000,1785153439488317000,1785153439488317000,1785153439488470000,1785153439488473000,1785153439488473000,1785153439488473000,121932490,121652369,-127.121,0.000,1.000,0.000,3.000,0.000,0.000,0.000,0,0,0
B3_zmq_pushpull,zmq_tcp,none,none,,1,3028,512,584,1785153439489316000,1785153439489316000,1785153439489316000,1785153439489317000,1785153439489474000,1785153439489477000,1785153439489477000,1785153439489477000,121932490,121652369,-123.121,0.000,0.000,1.000,3.000,0.000,0.000,0.000,0,0,0
B3_zmq_pushpull,zmq_tcp,none,none,,1,3029,512,584,1785153439490314000,1785153439490314000,1785153439490314000,1785153439490315000,1785153439490463000,1785153439490466000,1785153439490466000,1785153439490466000,121932490,121652369,-132.121,0.000,0.000,1.000,3.000,0.000,0.000,0.000,0,0,0
B3_zmq_pushpull,zmq_tcp,none,none,,1,3030,512,584,1785153439491417000,1785153439491417000,1785153439491417000,1785153439491418000,1785153439491459000,1785153439491462000,1785153439491462000,1785153439491462000,121932490,121652369,-239.121,0.000,0.000,1.000,3.000,0.000,0.000,0.000,0,0,0
B3_zmq_pushpull,zmq_tcp,none,none,,1,3031,512,584,1785153439492392000,1785153439492392000,1785153439492392000,1785153439492393000,1785153439492467000,1785153439492470000,1785153439492470000,1785153439492470000,121932490,121652369,-206.121,0.000,0.000,1.000,3.000,0.000,0.000,0.000,0,0,0
B3_zmq_pushpull,zmq_tcp,none,none,,1,3032,512,584,1785153439493394000,1785153439493394000,1785153439493394000,1785153439493395000,1785153439493459000,1785153439493462000,1785153439493462000,1785153439493462000,121932490,121652369,-216.121,0.000,0.000,1.000,3.000,0.000,0.000,0.000,0,0,0
B3_zmq_pushpull,zmq_tcp,none,none,,1,3033,512,584,1785153439494397000,1785153439494397000,1785153439494398000,1785153439494398000,1785153439494466000,1785153439494469000,1785153439494469000,1785153439494469000,121932490,121652369,-212.121,0.000,1.000,0.000,3.000,0.000,0.000,0.000,0,0,0
B3_zmq_pushpull,zmq_tcp,none,none,,1,3034,512,584,1785153439495396000,1785153439495396000,1785153439495396000,1785153439495397000,1785153439495453000,1785153439495457000,1785153439495457000,1785153439495457000,121932490,121652369,-224.121,0.000,0.000,1.000,4.000,0.000,0.000,0.000,0,0,0
B3_zmq_pushpull,zmq_tcp,none,none,,1,3035,512,584,1785153439496396000,1785153439496396000,1785153439496396000,1785153439496397000,1785153439496440000,1785153439496442000,1785153439496442000,1785153439496442000,121932490,121652369,-237.121,0.000,0.000,1.000,2.000,0.000,0.000,0.000,0,0,0
B3_zmq_pushpull,zmq_tcp,none,none,,1,3036,512,584,1785153439497396000,1785153439497396000,1785153439497396000,1785153439497397000,1785153439497457000,1785153439497460000,1785153439497460000,1785153439497460000,121932490,121652369,-220.121,0.000,0.000,1.000,3.000,0.000,0.000,0.000,0,0,0
B3_zmq_pushpull,zmq_tcp,none,none,,1,3037,512,584,1785153439498397000,1785153439498397000,1785153439498397000,1785153439498398000,1785153439498471000,1785153439498475000,1785153439498475000,1785153439498475000,121932490,121652369,-207.121,0.000,0.000,1.000,4.000,0.000,0.000,0.000,0,0,0
B3_zmq_pushpull,zmq_tcp,none,none,,1,3038,512,584,1785153439499395000,1785153439499395000,1785153439499395000,1785153439499396000,1785153439499490000,1785153439499493000,1785153439499493000,1785153439499493000,121932490,121652369,-186.121,0.000,0.000,1.000,3.000,0.000,0.000,0.000,0,0,0
B3_zmq_pushpull,zmq_tcp,none,none,,1,3039,512,584,1785153439500396000,1785153439500396000,1785153439500396000,1785153439500397000,1785153439500487000,1785153439500490000,1785153439500490000,1785153439500490000,121932490,121652369,-190.121,0.000,0.000,1.000,3.000,0.000,0.000,0.000,0,0,0
B3_zmq_pushpull,zmq_tcp,none,none,,1,3040,512,584,1785153439501397000,1785153439501397000,1785153439501397000,1785153439501398000,1785153439501485000,1785153439501487000,1785153439501488000,1785153439501488000,121932490,121652369,-193.121,0.000,0.000,1.000,2.000,1.000,0.000,0.000,0,0,0
B3_zmq_pushpull,zmq_tcp,none,none,,1,3041,512,584,1785153439502396000,1785153439502396000,1785153439502396000,1785153439502397000,1785153439502495000,1785153439502499000,1785153439502499000,1785153439502499000,121932490,121652369,-182.121,0.000,0.000,1.000,4.000,0.000,0.000,0.000,0,0,0
B3_zmq_pushpull,zmq_tcp,none,none,,1,3042,512,584,1785153439503396000,1785153439503396000,1785153439503396000,1785153439503397000,1785153439503483000,1785153439503486000,1785153439503486000,1785153439503486000,121932490,121652369,-194.121,0.000,0.000,1.000,3.000,0.000,0.000,0.000,0,0,0
B3_zmq_pushpull,zmq_tcp,none,none,,1,3043,512,584,1785153439504396000,1785153439504396000,1785153439504396000,1785153439504397000,1785153439504492000,1785153439504499000,1785153439504499000,1785153439504500000,121932490,121652369,-185.121,0.000,0.000,1.000,7.000,0.000,1.000,0.000,0,0,0
B3_zmq_pushpull,zmq_tcp,none,none,,1,3044,512,584,1785153439505397000,1785153439505397000,1785153439505397000,1785153439505398000,1785153439505496000,1785153439505498000,1785153439505498000,1785153439505498000,121932490,121652369,-182.121,0.000,0.000,1.000,2.000,0.000,0.000,0.000,0,0,0
B3_zmq_pushpull,zmq_tcp,none,none,,1,3045,512,584,1785153439506394000,1785153439506395000,1785153439506395000,1785153439506396000,1785153439506514000,1785153439506517000,1785153439506517000,1785153439506518000,121932490,121652369,-162.121,1.000,0.000,1.000,3.000,0.000,1.000,0.000,0,0,0
B3_zmq_pushpull,zmq_tcp,none,none,,1,3046,512,584,1785153439507400000,1785153439507400000,1785153439507400000,1785153439507401000,1785153439507506000,1785153439507509000,1785153439507509000,1785153439507509000,121932490,121652369,-175.121,0.000,0.000,1.000,3.000,0.000,0.000,0.000,0,0,0
B3_zmq_pushpull,zmq_tcp,none,none,,1,3047,512,584,1785153439508396000,1785153439508396000,1785153439508396000,1785153439508397000,1785153439508513000,1785153439508516000,1785153439508516000,1785153439508516000,121932490,121652369,-164.121,0.000,0.000,1.000,3.000,0.000,0.000,0.000,0,0,0
B3_zmq_pushpull,zmq_tcp,none,none,,1,3048,512,584,1785153439509396000,1785153439509396000,1785153439509396000,1785153439509397000,1785153439509510000,1785153439509512000,1785153439509512000,1785153439509512000,121932490,121652369,-167.121,0.000,0.000,1.000,2.000,0.000,0.000,0.000,0,0,0
B3_zmq_pushpull,zmq_tcp,none,none,,1,3049,512,584,1785153439510396000,1785153439510396000,1785153439510396000,1785153439510397000,1785153439510524000,1785153439510526000,1785153439510526000,1785153439510526000,121932490,121652369,-153.121,0.000,0.000,1.000,2.000,0.000,0.000,0.000,0,0,0
B3_zmq_pushpull,zmq_tcp,none,none,,1,3050,512,584,1785153439511396000,1785153439511396000,1785153439511396000,1785153439511397000,1785153439511544000,1785153439511546000,1785153439511546000,1785153439511546000,121932490,121652369,-133.121,0.000,0.000,1.000,2.000,0.000,0.000,0.000,0,0,0
B3_zmq_pushpull,zmq_tcp,none,none,,1,3051,512,584,1785153439512395000,1785153439512396000,1785153439512396000,1785153439512397000,1785153439512539000,1785153439512542000,1785153439512542000,1785153439512542000,121932490,121652369,-138.121,1.000,0.000,1.000,3.000,0.000,0.000,0.000,0,0,0
B3_zmq_pushpull,zmq_tcp,none,none,,1,3052,512,584,1785153439513396000,1785153439513397000,1785153439513397000,1785153439513398000,1785153439513541000,1785153439513544000,1785153439513544000,1785153439513544000,121932490,121652369,-137.121,1.000,0.000,1.000,3.000,0.000,0.000,0.000,0,0,0
B3_zmq_pushpull,zmq_tcp,none,none,,1,3053,512,584,1785153439514395000,1785153439514395000,1785153439514395000,1785153439514396000,1785153439514546000,1785153439514549000,1785153439514549000,1785153439514549000,121932490,121652369,-130.121,0.000,0.000,1.000,3.000,0.000,0.000,0.000,0,0,0
B3_zmq_pushpull,zmq_tcp,none,none,,1,3054,512,584,1785153439515396000,1785153439515396000,1785153439515396000,1785153439515397000,1785153439515545000,1785153439515548000,1785153439515548000,1785153439515548000,121932490,121652369,-132.121,0.000,0.000,1.000,3.000,0.000,0.000,0.000,0,0,0
B3_zmq_pushpull,zmq_tcp,none,none,,1,3055,512,584,1785153439516396000,1785153439516396000,1785153439516396000,1785153439516397000,1785153439516544000,1785153439516546000,1785153439516546000,1785153439516546000,121932490,121652369,-133.121,0.000,0.000,1.000,2.000,0.000,0.000,0.000,0,0,0
B3_zmq_pushpull,zmq_tcp,none,none,,1,3056,512,584,1785153439517395000,1785153439517395000,1785153439517395000,1785153439517396000,1785153439517553000,1785153439517555000,1785153439517555000,1785153439517555000,121932490,121652369,-123.121,0.000,0.000,1.000,2.000,0.000,0.000,0.000,0,0,0
B3_zmq_pushpull,zmq_tcp,none,none,,1,3057,512,584,1785153439518393000,1785153439518394000,1785153439518394000,1785153439518395000,1785153439518566000,1785153439518569000,1785153439518569000,1785153439518569000,121932490,121652369,-109.121,1.000,0.000,1.000,3.000,0.000,0.000,0.000,0,0,0
B3_zmq_pushpull,zmq_tcp,none,none,,1,3058,512,584,1785153439519398000,1785153439519398000,1785153439519398000,1785153439519399000,1785153439519572000,1785153439519574000,1785153439519574000,1785153439519574000,121932490,121652369,-107.121,0.000,0.000,1.000,2.000,0.000,0.000,0.000,0,0,0
B3_zmq_pushpull,zmq_tcp,none,none,,1,3059,512,584,1785153439520396000,1785153439520396000,1785153439520396000,1785153439520397000,1785153439520569000,1785153439520572000,1785153439520572000,1785153439520572000,121932490,121652369,-108.121,0.000,0.000,1.000,3.000,0.000,0.000,0.000,0,0,0
B3_zmq_pushpull,zmq_tcp,none,none,,1,3060,512,584,1785153439521395000,1785153439521395000,1785153439521395000,1785153439521396000,1785153439521437000,1785153439521440000,1785153439521440000,1785153439521440000,121932490,121652369,-239.121,0.000,0.000,1.000,3.000,0.000,0.000,0.000,0,0,0
B3_zmq_pushpull,zmq_tcp,none,none,,1,3061,512,584,1785153439522396000,1785153439522396000,1785153439522396000,1785153439522397000,1785153439522435000,1785153439522437000,1785153439522437000,1785153439522437000,121932490,121652369,-242.121,0.000,0.000,1.000,2.000,0.000,0.000,0.000,0,0,0
B3_zmq_pushpull,zmq_tcp,none,none,,1,3062,512,584,1785153439523397000,1785153439523398000,1785153439523398000,1785153439523398000,1785153439523573000,1785153439523576000,1785153439523576000,1785153439523576000,121932490,121652369,-105.121,1.000,0.000,0.000,3.000,0.000,0.000,0.000,0,0,0
B3_zmq_pushpull,zmq_tcp,none,none,,1,3063,512,584,1785153439524264000,1785153439524265000,1785153439524265000,1785153439524266000,1785153439524419000,1785153439524422000,1785153439524422000,1785153439524422000,121932490,121652369,-127.121,1.000,0.000,1.000,3.000,0.000,0.000,0.000,0,0,0
B3_zmq_pushpull,zmq_tcp,none,none,,1,3064,512,584,1785153439525272000,1785153439525273000,1785153439525273000,1785153439525274000,1785153439525425000,1785153439525428000,1785153439525428000,1785153439525428000,121932490,121652369,-129.121,1.000,0.000,1.000,3.000,0.000,0.000,0.000,0,0,0
B3_zmq_pushpull,zmq_tcp,none,none,,1,3065,512,584,1785153439526282000,1785153439526282000,1785153439526282000,1785153439526283000,1785153439526442000,1785153439526446000,1785153439526446000,1785153439526446000,121932490,121652369,-121.121,0.000,0.000,1.000,4.000,0.000,0.000,0.000,0,0,0
B3_zmq_pushpull,zmq_tcp,none,none,,1,3066,512,584,1785153439527425000,1785153439527425000,1785153439527425000,1785153439527426000,1785153439527572000,1785153439527574000,1785153439527574000,1785153439527574000,121932490,121652369,-134.121,0.000,0.000,1.000,2.000,0.000,0.000,0.000,0,0,0
B3_zmq_pushpull,zmq_tcp,none,none,,1,3067,512,584,1785153439528389000,1785153439528389000,1785153439528389000,1785153439528390000,1785153439528430000,1785153439528434000,1785153439528434000,1785153439528434000,121932490,121652369,-240.121,0.000,0.000,1.000,4.000,0.000,0.000,0.000,0,0,0
B3_zmq_pushpull,zmq_tcp,none,none,,1,3068,512,584,1785153439529399000,1785153439529399000,1785153439529399000,1785153439529400000,1785153439529443000,1785153439529447000,1785153439529447000,1785153439529447000,121932490,121652369,-237.121,0.000,0.000,1.000,4.000,0.000,0.000,0.000,0,0,0
B3_zmq_pushpull,zmq_tcp,none,none,,1,3069,512,584,1785153439530266000,1785153439530266000,1785153439530266000,1785153439530267000,1785153439530412000,1785153439530415000,1785153439530415000,1785153439530415000,121932490,121652369,-135.121,0.000,0.000,1.000,3.000,0.000,0.000,0.000,0,0,0
B3_zmq_pushpull,zmq_tcp,none,none,,1,3070,512,584,1785153439531429000,1785153439531429000,1785153439531429000,1785153439531430000,1785153439531560000,1785153439531562000,1785153439531562000,1785153439531562000,121932490,121652369,-150.121,0.000,0.000,1.000,2.000,0.000,0.000,0.000,0,0,0
B3_zmq_pushpull,zmq_tcp,none,none,,1,3071,512,584,1785153439532388000,1785153439532388000,1785153439532388000,1785153439532389000,1785153439532556000,1785153439532558000,1785153439532558000,1785153439532558000,121932490,121652369,-113.121,0.000,0.000,1.000,2.000,0.000,0.000,0.000,0,0,0
B3_zmq_pushpull,zmq_tcp,none,none,,1,3072,512,584,1785153439533399000,1785153439533399000,1785153439533399000,1785153439533400000,1785153439533557000,1785153439533560000,1785153439533560000,1785153439533560000,121932490,121652369,-123.121,0.000,0.000,1.000,3.000,0.000,0.000,0.000,0,0,0
B3_zmq_pushpull,zmq_tcp,none,none,,1,3073,512,584,1785153439534395000,1785153439534395000,1785153439534396000,1785153439534396000,1785153439534554000,1785153439534557000,1785153439534557000,1785153439534557000,121932490,121652369,-122.121,0.000,1.000,0.000,3.000,0.000,0.000,0.000,0,0,0
B3_zmq_pushpull,zmq_tcp,none,none,,1,3074,512,584,1785153439535269000,1785153439535269000,1785153439535269000,1785153439535270000,1785153439535413000,1785153439535416000,1785153439535416000,1785153439535416000,121932490,121652369,-137.121,0.000,0.000,1.000,3.000,0.000,0.000,0.000,0,0,0
B3_zmq_pushpull,zmq_tcp,none,none,,1,3075,512,584,1785153439536427000,1785153439536427000,1785153439536427000,1785153439536428000,1785153439536530000,1785153439536533000,1785153439536533000,1785153439536533000,121932490,121652369,-178.121,0.000,0.000,1.000,3.000,0.000,0.000,0.000,0,0,0
B3_zmq_pushpull,zmq_tcp,none,none,,1,3076,512,584,1785153439537389000,1785153439537389000,1785153439537390000,1785153439537390000,1785153439537517000,1785153439537521000,1785153439537521000,1785153439537521000,121932490,121652369,-153.121,0.000,1.000,0.000,4.000,0.000,0.000,0.000,0,0,0
B3_zmq_pushpull,zmq_tcp,none,none,,1,3077,512,584,1785153439538213000,1785153439538213000,1785153439538213000,1785153439538214000,1785153439538362000,1785153439538365000,1785153439538365000,1785153439538365000,121932490,121652369,-132.121,0.000,0.000,1.000,3.000,0.000,0.000,0.000,0,0,0
B3_zmq_pushpull,zmq_tcp,none,none,,1,3078,512,584,1785153439539209000,1785153439539210000,1785153439539210000,1785153439539211000,1785153439539354000,1785153439539357000,1785153439539357000,1785153439539357000,121932490,121652369,-137.121,1.000,0.000,1.000,3.000,0.000,0.000,0.000,0,0,0
B3_zmq_pushpull,zmq_tcp,none,none,,1,3079,512,584,1785153439540200000,1785153439540201000,1785153439540201000,1785153439540202000,1785153439540358000,1785153439540361000,1785153439540361000,1785153439540361000,121932490,121652369,-124.121,1.000,0.000,1.000,3.000,0.000,0.000,0.000,0,0,0
B3_zmq_pushpull,zmq_tcp,none,none,,1,3080,512,584,1785153439541199000,1785153439541199000,1785153439541199000,1785153439541200000,1785153439541351000,1785153439541354000,1785153439541354000,1785153439541354000,121932490,121652369,-129.121,0.000,0.000,1.000,3.000,0.000,0.000,0.000,0,0,0
B3_zmq_pushpull,zmq_tcp,none,none,,1,3081,512,584,1785153439542204000,1785153439542204000,1785153439542204000,1785153439542205000,1785153439542346000,1785153439542349000,1785153439542349000,1785153439542349000,121932490,121652369,-139.121,0.000,0.000,1.000,3.000,0.000,0.000,0.000,0,0,0
B3_zmq_pushpull,zmq_tcp,none,none,,1,3082,512,584,1785153439543201000,1785153439543202000,1785153439543202000,1785153439543203000,1785153439543342000,1785153439543345000,1785153439543345000,1785153439543345000,121932490,121652369,-141.121,1.000,0.000,1.000,3.000,0.000,0.000,0.000,0,0,0
B3_zmq_pushpull,zmq_tcp,none,none,,1,3083,512,584,1785153439544326000,1785153439544326000,1785153439544326000,1785153439544327000,1785153439544479000,1785153439544482000,1785153439544482000,1785153439544482000,121932490,121652369,-128.121,0.000,0.000,1.000,3.000,0.000,0.000,0.000,0,0,0
B3_zmq_pushpull,zmq_tcp,none,none,,1,3084,512,584,1785153439545317000,1785153439545317000,1785153439545317000,1785153439545318000,1785153439545476000,1785153439545478000,1785153439545478000,1785153439545478000,121932490,121652369,-122.121,0.000,0.000,1.000,2.000,0.000,0.000,0.000,0,0,0
B3_zmq_pushpull,zmq_tcp,none,none,,1,3085,512,584,1785153439546416000,1785153439546416000,1785153439546416000,1785153439546417000,1785153439546612000,1785153439546614000,1785153439546614000,1785153439546614000,121932490,121652369,-85.121,0.000,0.000,1.000,2.000,0.000,0.000,0.000,0,0,0
B3_zmq_pushpull,zmq_tcp,none,none,,1,3086,512,584,1785153439547391000,1785153439547391000,1785153439547391000,1785153439547392000,1785153439547474000,1785153439547477000,1785153439547477000,1785153439547477000,121932490,121652369,-198.121,0.000,0.000,1.000,3.000,0.000,0.000,0.000,0,0,0
B3_zmq_pushpull,zmq_tcp,none,none,,1,3087,512,584,1785153439548398000,1785153439548398000,1785153439548398000,1785153439548399000,1785153439548493000,1785153439548496000,1785153439548496000,1785153439548496000,121932490,121652369,-186.121,0.000,0.000,1.000,3.000,0.000,0.000,0.000,0,0,0
B3_zmq_pushpull,zmq_tcp,none,none,,1,3088,512,584,1785153439549212000,1785153439549212000,1785153439549212000,1785153439549213000,1785153439549353000,1785153439549356000,1785153439549356000,1785153439549356000,121932490,121652369,-140.121,0.000,0.000,1.000,3.000,0.000,0.000,0.000,0,0,0
B3_zmq_pushpull,zmq_tcp,none,none,,1,3089,512,584,1785153439550207000,1785153439550207000,1785153439550207000,1785153439550208000,1785153439550348000,1785153439550351000,1785153439550351000,1785153439550351000,121932490,121652369,-140.121,0.000,0.000,1.000,3.000,0.000,0.000,0.000,0,0,0
B3_zmq_pushpull,zmq_tcp,none,none,,1,3090,512,584,1785153439551440000,1785153439551440000,1785153439551440000,1785153439551441000,1785153439551479000,1785153439551483000,1785153439551483000,1785153439551483000,121932490,121652369,-242.121,0.000,0.000,1.000,4.000,0.000,0.000,0.000,0,0,0
B3_zmq_pushpull,zmq_tcp,none,none,,1,3091,512,584,1785153439552204000,1785153439552204000,1785153439552204000,1785153439552205000,1785153439552349000,1785153439552352000,1785153439552352000,1785153439552352000,121932490,121652369,-136.121,0.000,0.000,1.000,3.000,0.000,0.000,0.000,0,0,0
B3_zmq_pushpull,zmq_tcp,none,none,,1,3092,512,584,1785153439553211000,1785153439553211000,1785153439553211000,1785153439553212000,1785153439553356000,1785153439553358000,1785153439553358000,1785153439553358000,121932490,121652369,-136.121,0.000,0.000,1.000,2.000,0.000,0.000,0.000,0,0,0
B3_zmq_pushpull,zmq_tcp,none,none,,1,3093,512,584,1785153439554203000,1785153439554203000,1785153439554203000,1785153439554204000,1785153439554361000,1785153439554364000,1785153439554364000,1785153439554364000,121932490,121652369,-123.121,0.000,0.000,1.000,3.000,0.000,0.000,0.000,0,0,0
B3_zmq_pushpull,zmq_tcp,none,none,,1,3094,512,584,1785153439555207000,1785153439555207000,1785153439555207000,1785153439555208000,1785153439555365000,1785153439555368000,1785153439555368000,1785153439555368000,121932490,121652369,-123.121,0.000,0.000,1.000,3.000,0.000,0.000,0.000,0,0,0
B3_zmq_pushpull,zmq_tcp,none,none,,1,3095,512,584,1785153439556444000,1785153439556444000,1785153439556444000,1785153439556445000,1785153439556501000,1785153439556505000,1785153439556505000,1785153439556505000,121932490,121652369,-224.121,0.000,0.000,1.000,4.000,0.000,0.000,0.000,0,0,0
B3_zmq_pushpull,zmq_tcp,none,none,,1,3096,512,584,1785153439557381000,1785153439557381000,1785153439557382000,1785153439557382000,1785153439557506000,1785153439557509000,1785153439557509000,1785153439557509000,121932490,121652369,-156.121,0.000,1.000,0.000,3.000,0.000,0.000,0.000,0,0,0
B3_zmq_pushpull,zmq_tcp,none,none,,1,3097,512,584,1785153439558400000,1785153439558400000,1785153439558400000,1785153439558401000,1785153439558502000,1785153439558505000,1785153439558505000,1785153439558505000,121932490,121652369,-179.121,0.000,0.000,1.000,3.000,0.000,0.000,0.000,0,0,0
B3_zmq_pushpull,zmq_tcp,none,none,,1,3098,512,584,1785153439559395000,1785153439559395000,1785153439559395000,1785153439559396000,1785153439559517000,1785153439559520000,1785153439559520000,1785153439559520000,121932490,121652369,-159.121,0.000,0.000,1.000,3.000,0.000,0.000,0.000,0,0,0
B3_zmq_pushpull,zmq_tcp,none,none,,1,3099,512,584,1785153439560397000,1785153439560398000,1785153439560398000,1785153439560399000,1785153439560528000,1785153439560532000,1785153439560532000,1785153439560532000,121932490,121652369,-151.121,1.000,0.000,1.000,4.000,0.000,0.000,0.000,0,0,0
B3_zmq_pushpull,zmq_tcp,none,none,,1,3100,512,584,1785153439561398000,1785153439561398000,1785153439561398000,1785153439561399000,1785153439561537000,1785153439561540000,1785153439561540000,1785153439561540000,121932490,121652369,-142.121,0.000,0.000,1.000,3.000,0.000,0.000,0.000,0,0,0
B3_zmq_pushpull,zmq_tcp,none,none,,1,3101,512,584,1785153439562395000,1785153439562396000,1785153439562396000,1785153439562397000,1785153439562552000,1785153439562555000,1785153439562555000,1785153439562555000,121932490,121652369,-125.121,1.000,0.000,1.000,3.000,0.000,0.000,0.000,0,0,0
B3_zmq_pushpull,zmq_tcp,none,none,,1,3102,512,584,1785153439563396000,1785153439563397000,1785153439563397000,1785153439563398000,1785153439563560000,1785153439563562000,1785153439563563000,1785153439563563000,121932490,121652369,-118.121,1.000,0.000,1.000,2.000,1.000,0.000,0.000,0,0,0
B3_zmq_pushpull,zmq_tcp,none,none,,1,3103,512,584,1785153439564396000,1785153439564396000,1785153439564397000,1785153439564397000,1785153439564545000,1785153439564548000,1785153439564548000,1785153439564548000,121932490,121652369,-132.121,0.000,1.000,0.000,3.000,0.000,0.000,0.000,0,0,0
B3_zmq_pushpull,zmq_tcp,none,none,,1,3104,512,584,1785153439565393000,1785153439565393000,1785153439565393000,1785153439565394000,1785153439565546000,1785153439565549000,1785153439565549000,1785153439565549000,121932490,121652369,-128.121,0.000,0.000,1.000,3.000,0.000,0.000,0.000,0,0,0
B3_zmq_pushpull,zmq_tcp,none,none,,1,3105,512,584,1785153439566398000,1785153439566398000,1785153439566398000,1785153439566399000,1785153439566561000,1785153439566564000,1785153439566564000,1785153439566564000,121932490,121652369,-118.121,0.000,0.000,1.000,3.000,0.000,0.000,0.000,0,0,0
B3_zmq_pushpull,zmq_tcp,none,none,,1,3106,512,584,1785153439567397000,1785153439567397000,1785153439567397000,1785153439567398000,1785153439567559000,1785153439567561000,1785153439567561000,1785153439567561000,121932490,121652369,-119.121,0.000,0.000,1.000,2.000,0.000,0.000,0.000,0,0,0
B3_zmq_pushpull,zmq_tcp,none,none,,1,3107,512,584,1785153439568398000,1785153439568398000,1785153439568398000,1785153439568399000,1785153439568563000,1785153439568565000,1785153439568565000,1785153439568565000,121932490,121652369,-116.121,0.000,0.000,1.000,2.000,0.000,0.000,0.000,0,0,0
B3_zmq_pushpull,zmq_tcp,none,none,,1,3108,512,584,1785153439569395000,1785153439569395000,1785153439569395000,1785153439569396000,1785153439569568000,1785153439569571000,1785153439569571000,1785153439569571000,121932490,121652369,-108.121,0.000,0.000,1.000,3.000,0.000,0.000,0.000,0,0,0
B3_zmq_pushpull,zmq_tcp,none,none,,1,3109,512,584,1785153439570260000,1785153439570260000,1785153439570260000,1785153439570261000,1785153439570416000,1785153439570419000,1785153439570419000,1785153439570419000,121932490,121652369,-125.121,0.000,0.000,1.000,3.000,0.000,0.000,0.000,0,0,0
B3_zmq_pushpull,zmq_tcp,none,none,,1,3110,512,584,1785153439571431000,1785153439571431000,1785153439571431000,1785153439571432000,1785153439571561000,1785153439571564000,1785153439571564000,1785153439571564000,121932490,121652369,-151.121,0.000,0.000,1.000,3.000,0.000,0.000,0.000,0,0,0
B3_zmq_pushpull,zmq_tcp,none,none,,1,3111,512,584,1785153439572263000,1785153439572264000,1785153439572264000,1785153439572265000,1785153439572420000,1785153439572422000,1785153439572423000,1785153439572423000,121932490,121652369,-125.121,1.000,0.000,1.000,2.000,1.000,0.000,0.000,0,0,0
B3_zmq_pushpull,zmq_tcp,none,none,,1,3112,512,584,1785153439573254000,1785153439573255000,1785153439573255000,1785153439573256000,1785153439573415000,1785153439573417000,1785153439573417000,1785153439573417000,121932490,121652369,-121.121,1.000,0.000,1.000,2.000,0.000,0.000,0.000,0,0,0
B3_zmq_pushpull,zmq_tcp,none,none,,1,3113,512,584,1785153439574433000,1785153439574433000,1785153439574433000,1785153439574434000,1785153439574572000,1785153439574575000,1785153439574575000,1785153439574575000,121932490,121652369,-142.121,0.000,0.000,1.000,3.000,0.000,0.000,0.000,0,0,0
B3_zmq_pushpull,zmq_tcp,none,none,,1,3114,512,584,1785153439575384000,1785153439575384000,1785153439575385000,1785153439575386000,1785153439575443000,1785153439575445000,1785153439575445000,1785153439575445000,121932490,121652369,-223.121,0.000,1.000,1.000,2.000,0.000,0.000,0.000,0,0,0
B3_zmq_pushpull,zmq_tcp,none,none,,1,3115,512,584,1785153439576400000,1785153439576400000,1785153439576400000,1785153439576401000,1785153439576441000,1785153439576445000,1785153439576445000,1785153439576445000,121932490,121652369,-240.121,0.000,0.000,1.000,4.000,0.000,0.000,0.000,0,0,0
B3_zmq_pushpull,zmq_tcp,none,none,,1,3116,512,584,1785153439577285000,1785153439577285000,1785153439577285000,1785153439577286000,1785153439577439000,1785153439577441000,1785153439577441000,1785153439577441000,121932490,121652369,-127.121,0.000,0.000,1.000,2.000,0.000,0.000,0.000,0,0,0
B3_zmq_pushpull,zmq_tcp,none,none,,1,3117,512,584,1785153439578425000,1785153439578425000,1785153439578425000,1785153439578426000,1785153439578576000,1785153439578579000,1785153439578579000,1785153439578579000,121932490,121652369,-130.121,0.000,0.000,1.000,3.000,0.000,0.000,0.000,0,0,0
B3_zmq_pushpull,zmq_tcp,none,none,,1,3118,512,584,1785153439579282000,1785153439579283000,1785153439579283000,1785153439579284000,1785153439579431000,1785153439579434000,1785153439579434000,1785153439579434000,121932490,121652369,-133.121,1.000,0.000,1.000,3.000,0.000,0.000,0.000,0,0,0
B3_zmq_pushpull,zmq_tcp,none,none,,1,3119,512,584,1785153439580430000,1785153439580430000,1785153439580430000,1785153439580431000,1785153439580581000,1785153439580584000,1785153439580584000,1785153439580584000,121932490,121652369,-130.121,0.000,0.000,1.000,3.000,0.000,0.000,0.000,0,0,0
B3_zmq_pushpull,zmq_tcp,none,none,,1,3120,512,584,1785153439581388000,1785153439581388000,1785153439581389000,1785153439581389000,1785153439581444000,1785153439581447000,1785153439581447000,1785153439581447000,121932490,121652369,-225.121,0.000,1.000,0.000,3.000,0.000,0.000,0.000,0,0,0
B3_zmq_pushpull,zmq_tcp,none,none,,1,3121,512,584,1785153439582402000,1785153439582402000,1785153439582402000,1785153439582403000,1785153439582445000,1785153439582448000,1785153439582448000,1785153439582448000,121932490,121652369,-238.121,0.000,0.000,1.000,3.000,0.000,0.000,0.000,0,0,0
B3_zmq_pushpull,zmq_tcp,none,none,,1,3122,512,584,1785153439583394000,1785153439583394000,1785153439583394000,1785153439583395000,1785153439583445000,1785153439583448000,1785153439583448000,1785153439583448000,121932490,121652369,-230.121,0.000,0.000,1.000,3.000,0.000,0.000,0.000,0,0,0
B3_zmq_pushpull,zmq_tcp,none,none,,1,3123,512,584,1785153439584299000,1785153439584299000,1785153439584299000,1785153439584300000,1785153439584443000,1785153439584445000,1785153439584445000,1785153439584445000,121932490,121652369,-137.121,0.000,0.000,1.000,2.000,0.000,0.000,0.000,0,0,0
B3_zmq_pushpull,zmq_tcp,none,none,,1,3124,512,584,1785153439585422000,1785153439585422000,1785153439585422000,1785153439585423000,1785153439585589000,1785153439585592000,1785153439585592000,1785153439585592000,121932490,121652369,-114.121,0.000,0.000,1.000,3.000,0.000,0.000,0.000,0,0,0
B3_zmq_pushpull,zmq_tcp,none,none,,1,3125,512,584,1785153439586291000,1785153439586291000,1785153439586291000,1785153439586292000,1785153439586446000,1785153439586449000,1785153439586449000,1785153439586449000,121932490,121652369,-126.121,0.000,0.000,1.000,3.000,0.000,0.000,0.000,0,0,0
B3_zmq_pushpull,zmq_tcp,none,none,,1,3126,512,584,1785153439587423000,1785153439587423000,1785153439587423000,1785153439587424000,1785153439587591000,1785153439587593000,1785153439587593000,1785153439587593000,121932490,121652369,-113.121,0.000,0.000,1.000,2.000,0.000,0.000,0.000,0,0,0
B3_zmq_pushpull,zmq_tcp,none,none,,1,3127,512,584,1785153439588390000,1785153439588391000,1785153439588391000,1785153439588392000,1785153439588567000,1785153439588569000,1785153439588569000,1785153439588569000,121932490,121652369,-105.121,1.000,0.000,1.000,2.000,0.000,0.000,0.000,0,0,0
B3_zmq_pushpull,zmq_tcp,none,none,,1,3128,512,584,1785153439589274000,1785153439589274000,1785153439589274000,1785153439589275000,1785153439589436000,1785153439589439000,1785153439589439000,1785153439589439000,121932490,121652369,-119.121,0.000,0.000,1.000,3.000,0.000,0.000,0.000,0,0,0
B3_zmq_pushpull,zmq_tcp,none,none,,1,3129,512,584,1785153439590291000,1785153439590291000,1785153439590291000,1785153439590292000,1785153439590449000,1785153439590452000,1785153439590452000,1785153439590452000,121932490,121652369,-123.121,0.000,0.000,1.000,3.000,0.000,0.000,0.000,0,0,0
B3_zmq_pushpull,zmq_tcp,none,none,,1,3130,512,584,1785153439591285000,1785153439591285000,1785153439591285000,1785153439591286000,1785153439591431000,1785153439591433000,1785153439591433000,1785153439591433000,121932490,121652369,-135.121,0.000,0.000,1.000,2.000,0.000,0.000,0.000,0,0,0
B3_zmq_pushpull,zmq_tcp,none,none,,1,3131,512,584,1785153439592425000,1785153439592425000,1785153439592425000,1785153439592426000,1785153439592569000,1785153439592572000,1785153439592572000,1785153439592572000,121932490,121652369,-137.121,0.000,0.000,1.000,3.000,0.000,0.000,0.000,0,0,0
B3_zmq_pushpull,zmq_tcp,none,none,,1,3132,512,584,1785153439593386000,1785153439593386000,1785153439593387000,1785153439593387000,1785153439593429000,1785153439593432000,1785153439593432000,1785153439593432000,121932490,121652369,-238.121,0.000,1.000,0.000,3.000,0.000,0.000,0.000,0,0,0
B3_zmq_pushpull,zmq_tcp,none,none,,1,3133,512,584,1785153439594400000,1785153439594400000,1785153439594400000,1785153439594401000,1785153439594584000,1785153439594587000,1785153439594587000,1785153439594587000,121932490,121652369,-97.121,0.000,0.000,1.000,3.000,0.000,0.000,0.000,0,0,0
B3_zmq_pushpull,zmq_tcp,none,none,,1,3134,512,584,1785153439595289000,1785153439595289000,1785153439595289000,1785153439595290000,1785153439595440000,1785153439595442000,1785153439595442000,1785153439595442000,121932490,121652369,-130.121,0.000,0.000,1.000,2.000,0.000,0.000,0.000,0,0,0
B3_zmq_pushpull,zmq_tcp,none,none,,1,3135,512,584,1785153439596424000,1785153439596424000,1785153439596425000,1785153439596425000,1785153439596583000,1785153439596585000,1785153439596585000,1785153439596585000,121932490,121652369,-122.121,0.000,1.000,0.000,2.000,0.000,0.000,0.000,0,0,0
B3_zmq_pushpull,zmq_tcp,none,none,,1,3136,512,584,1785153439597388000,1785153439597389000,1785153439597389000,1785153439597390000,1785153439597573000,1785153439597576000,1785153439597576000,1785153439597576000,121932490,121652369,-97.121,1.000,0.000,1.000,3.000,0.000,0.000,0.000,0,0,0
B3_zmq_pushpull,zmq_tcp,none,none,,1,3137,512,584,1785153439598277000,1785153439598277000,1785153439598278000,1785153439598278000,1785153439598431000,1785153439598434000,1785153439598434000,1785153439598434000,121932490,121652369,-127.121,0.000,1.000,0.000,3.000,0.000,0.000,0.000,0,0,0
B3_zmq_pushpull,zmq_tcp,none,none,,1,3138,512,584,1785153439599426000,1785153439599427000,1785153439599427000,1785153439599428000,1785153439599567000,1785153439599569000,1785153439599569000,1785153439599569000,121932490,121652369,-141.121,1.000,0.000,1.000,2.000,0.000,0.000,0.000,0,0,0
B3_zmq_pushpull,zmq_tcp,none,none,,1,3139,512,584,1785153439600386000,1785153439600386000,1785153439600386000,1785153439600387000,1785153439600429000,1785153439600432000,1785153439600433000,1785153439600433000,121932490,121652369,-238.121,0.000,0.000,1.000,3.000,1.000,0.000,0.000,0,0,0
B3_zmq_pushpull,zmq_tcp,none,none,,1,3140,512,584,1785153439601399000,1785153439601399000,1785153439601399000,1785153439601400000,1785153439601444000,1785153439601446000,1785153439601446000,1785153439601446000,121932490,121652369,-236.121,0.000,0.000,1.000,2.000,0.000,0.000,0.000,0,0,0
B3_zmq_pushpull,zmq_tcp,none,none,,1,3141,512,584,1785153439602397000,1785153439602397000,1785153439602398000,1785153439602398000,1785153439602588000,1785153439602591000,1785153439602591000,1785153439602591000,121932490,121652369,-90.121,0.000,1.000,0.000,3.000,0.000,0.000,0.000,0,0,0
B3_zmq_pushpull,zmq_tcp,none,none,,1,3142,512,584,1785153439603397000,1785153439603397000,1785153439603397000,1785153439603398000,1785153439603604000,1785153439603607000,1785153439603607000,1785153439603607000,121932490,121652369,-74.121,0.000,0.000,1.000,3.000,0.000,0.000,0.000,0,0,0
B3_zmq_pushpull,zmq_tcp,none,none,,1,3143,512,584,1785153439604309000,1785153439604309000,1785153439604309000,1785153439604310000,1785153439604467000,1785153439604469000,1785153439604469000,1785153439604469000,121932490,121652369,-123.121,0.000,0.000,1.000,2.000,0.000,0.000,0.000,0,0,0
B3_zmq_pushpull,zmq_tcp,none,none,,1,3144,512,584,1785153439605419000,1785153439605419000,1785153439605419000,1785153439605420000,1785153439605568000,1785153439605571000,1785153439605571000,1785153439605571000,121932490,121652369,-132.121,0.000,0.000,1.000,3.000,0.000,0.000,0.000,0,0,0
B3_zmq_pushpull,zmq_tcp,none,none,,1,3145,512,584,1785153439606267000,1785153439606268000,1785153439606268000,1785153439606269000,1785153439606412000,1785153439606415000,1785153439606415000,1785153439606415000,121932490,121652369,-137.121,1.000,0.000,1.000,3.000,0.000,0.000,0.000,0,0,0
B3_zmq_pushpull,zmq_tcp,none,none,,1,3146,512,584,1785153439607228000,1785153439607228000,1785153439607228000,1785153439607229000,1785153439607411000,1785153439607413000,1785153439607413000,1785153439607413000,121932490,121652369,-98.121,0.000,0.000,1.000,2.000,0.000,0.000,0.000,0,0,0
B3_zmq_pushpull,zmq_tcp,none,none,,1,3147,512,584,1785153439608437000,1785153439608437000,1785153439608437000,1785153439608438000,1785153439608553000,1785153439608556000,1785153439608556000,1785153439608556000,121932490,121652369,-165.121,0.000,0.000,1.000,3.000,0.000,0.000,0.000,0,0,0
B3_zmq_pushpull,zmq_tcp,none,none,,1,3148,512,584,1785153439609387000,1785153439609387000,1785153439609387000,1785153439609388000,1785153439609553000,1785153439609556000,1785153439609556000,1785153439609556000,121932490,121652369,-115.121,0.000,0.000,1.000,3.000,0.000,0.000,0.000,0,0,0
B3_zmq_pushpull,zmq_tcp,none,none,,1,3149,512,584,1785153439610400000,1785153439610400000,1785153439610400000,1785153439610401000,1785153439610568000,1785153439610571000,1785153439610571000,1785153439610571000,121932490,121652369,-113.121,0.000,0.000,1.000,3.000,0.000,0.000,0.000,0,0,0
B3_zmq_pushpull,zmq_tcp,none,none,,1,3150,512,584,1785153439611395000,1785153439611395000,1785153439611395000,1785153439611396000,1785153439611568000,1785153439611571000,1785153439611571000,1785153439611571000,121932490,121652369,-108.121,0.000,0.000,1.000,3.000,0.000,0.000,0.000,0,0,0
B3_zmq_pushpull,zmq_tcp,none,none,,1,3151,512,584,1785153439612398000,1785153439612398000,1785153439612398000,1785153439612399000,1785153439612561000,1785153439612563000,1785153439612564000,1785153439612564000,121932490,121652369,-118.121,0.000,0.000,1.000,2.000,1.000,0.000,0.000,0,0,0
B3_zmq_pushpull,zmq_tcp,none,none,,1,3152,512,584,1785153439613397000,1785153439613397000,1785153439613397000,1785153439613398000,1785153439613440000,1785153439613443000,1785153439613443000,1785153439613443000,121932490,121652369,-238.121,0.000,0.000,1.000,3.000,0.000,0.000,0.000,0,0,0
B3_zmq_pushpull,zmq_tcp,none,none,,1,3153,512,584,1785153439614274000,1785153439614274000,1785153439614274000,1785153439614275000,1785153439614428000,1785153439614431000,1785153439614431000,1785153439614431000,121932490,121652369,-127.121,0.000,0.000,1.000,3.000,0.000,0.000,0.000,0,0,0
B3_zmq_pushpull,zmq_tcp,none,none,,1,3154,512,584,1785153439615282000,1785153439615282000,1785153439615282000,1785153439615283000,1785153439615441000,1785153439615444000,1785153439615444000,1785153439615444000,121932490,121652369,-122.121,0.000,0.000,1.000,3.000,0.000,0.000,0.000,0,0,0
B3_zmq_pushpull,zmq_tcp,none,none,,1,3155,512,584,1785153439616270000,1785153439616270000,1785153439616270000,1785153439616271000,1785153439616426000,1785153439616429000,1785153439616429000,1785153439616429000,121932490,121652369,-125.121,0.000,0.000,1.000,3.000,0.000,0.000,0.000,0,0,0
B3_zmq_pushpull,zmq_tcp,none,none,,1,3156,512,584,1785153439617426000,1785153439617426000,1785153439617426000,1785153439617427000,1785153439617534000,1785153439617536000,1785153439617536000,1785153439617536000,121932490,121652369,-173.121,0.000,0.000,1.000,2.000,0.000,0.000,0.000,0,0,0
B3_zmq_pushpull,zmq_tcp,none,none,,1,3157,512,584,1785153439618385000,1785153439618385000,1785153439618386000,1785153439618386000,1785153439618534000,1785153439618537000,1785153439618537000,1785153439618537000,121932490,121652369,-132.121,0.000,1.000,0.000,3.000,0.000,0.000,0.000,0,0,0
B3_zmq_pushpull,zmq_tcp,none,none,,1,3158,512,584,1785153439619398000,1785153439619398000,1785153439619398000,1785153439619399000,1785153439619505000,1785153439619508000,1785153439619508000,1785153439619508000,121932490,121652369,-174.121,0.000,0.000,1.000,3.000,0.000,0.000,0.000,0,0,0
B3_zmq_pushpull,zmq_tcp,none,none,,1,3159,512,584,1785153439620395000,1785153439620396000,1785153439620396000,1785153439620397000,1785153439620463000,1785153439620466000,1785153439620466000,1785153439620466000,121932490,121652369,-214.121,1.000,0.000,1.000,3.000,0.000,0.000,0.000,0,0,0
B3_zmq_pushpull,zmq_tcp,none,none,,1,3160,512,584,1785153439621395000,1785153439621396000,1785153439621396000,1785153439621397000,1785153439621450000,1785153439621452000,1785153439621452000,1785153439621452000,121932490,121652369,-227.121,1.000,0.000,1.000,2.000,0.000,0.000,0.000,0,0,0
B3_zmq_pushpull,zmq_tcp,none,none,,1,3161,512,584,1785153439622281000,1785153439622282000,1785153439622282000,1785153439622283000,1785153439622433000,1785153439622436000,1785153439622436000,1785153439622436000,121932490,121652369,-130.121,1.000,0.000,1.000,3.000,0.000,0.000,0.000,0,0,0
B3_zmq_pushpull,zmq_tcp,none,none,,1,3162,512,584,1785153439623268000,1785153439623268000,1785153439623268000,1785153439623269000,1785153439623427000,1785153439623435000,1785153439623435000,1785153439623435000,121932490,121652369,-122.121,0.000,0.000,1.000,8.000,0.000,0.000,0.000,0,0,0
B3_zmq_pushpull,zmq_tcp,none,none,,1,3163,512,584,1785153439624271000,1785153439624271000,1785153439624271000,1785153439624272000,1785153439624431000,1785153439624434000,1785153439624434000,1785153439624434000,121932490,121652369,-121.121,0.000,0.000,1.000,3.000,0.000,0.000,0.000,0,0,0
B3_zmq_pushpull,zmq_tcp,none,none,,1,3164,512,584,1785153439625432000,1785153439625432000,1785153439625432000,1785153439625433000,1785153439625546000,1785153439625548000,1785153439625548000,1785153439625548000,121932490,121652369,-167.121,0.000,0.000,1.000,2.000,0.000,0.000,0.000,0,0,0
B3_zmq_pushpull,zmq_tcp,none,none,,1,3165,512,584,1785153439626386000,1785153439626387000,1785153439626387000,1785153439626388000,1785153439626541000,1785153439626546000,1785153439626546000,1785153439626546000,121932490,121652369,-127.121,1.000,0.000,1.000,5.000,0.000,0.000,0.000,0,0,0
B3_zmq_pushpull,zmq_tcp,none,none,,1,3166,512,584,1785153439627398000,1785153439627398000,1785153439627398000,1785153439627399000,1785153439627519000,1785153439627522000,1785153439627522000,1785153439627522000,121932490,121652369,-160.121,0.000,0.000,1.000,3.000,0.000,0.000,0.000,0,0,0
B3_zmq_pushpull,zmq_tcp,none,none,,1,3167,512,584,1785153439628396000,1785153439628397000,1785153439628397000,1785153439628398000,1785153439628513000,1785153439628515000,1785153439628515000,1785153439628515000,121932490,121652369,-165.121,1.000,0.000,1.000,2.000,0.000,0.000,0.000,0,0,0
B3_zmq_pushpull,zmq_tcp,none,none,,1,3168,512,584,1785153439629400000,1785153439629400000,1785153439629400000,1785153439629401000,1785153439629501000,1785153439629503000,1785153439629503000,1785153439629503000,121932490,121652369,-180.121,0.000,0.000,1.000,2.000,0.000,0.000,0.000,0,0,0
B3_zmq_pushpull,zmq_tcp,none,none,,1,3169,512,584,1785153439630396000,1785153439630396000,1785153439630396000,1785153439630397000,1785153439630481000,1785153439630483000,1785153439630483000,1785153439630483000,121932490,121652369,-196.121,0.000,0.000,1.000,2.000,0.000,0.000,0.000,0,0,0
B3_zmq_pushpull,zmq_tcp,none,none,,1,3170,512,584,1785153439631396000,1785153439631396000,1785153439631396000,1785153439631397000,1785153439631478000,1785153439631481000,1785153439631481000,1785153439631481000,121932490,121652369,-199.121,0.000,0.000,1.000,3.000,0.000,0.000,0.000,0,0,0
B3_zmq_pushpull,zmq_tcp,none,none,,1,3171,512,584,1785153439632400000,1785153439632400000,1785153439632400000,1785153439632401000,1785153439632482000,1785153439632485000,1785153439632485000,1785153439632485000,121932490,121652369,-199.121,0.000,0.000,1.000,3.000,0.000,0.000,0.000,0,0,0
B3_zmq_pushpull,zmq_tcp,none,none,,1,3172,512,584,1785153439633396000,1785153439633396000,1785153439633396000,1785153439633397000,1785153439633452000,1785153439633456000,1785153439633456000,1785153439633456000,121932490,121652369,-225.121,0.000,0.000,1.000,4.000,0.000,0.000,0.000,0,0,0
B3_zmq_pushpull,zmq_tcp,none,none,,1,3173,512,584,1785153439634393000,1785153439634393000,1785153439634393000,1785153439634394000,1785153439634437000,1785153439634440000,1785153439634440000,1785153439634440000,121932490,121652369,-237.121,0.000,0.000,1.000,3.000,0.000,0.000,0.000,0,0,0
B3_zmq_pushpull,zmq_tcp,none,none,,1,3174,512,584,1785153439635397000,1785153439635397000,1785153439635397000,1785153439635398000,1785153439635553000,1785153439635556000,1785153439635556000,1785153439635556000,121932490,121652369,-125.121,0.000,0.000,1.000,3.000,0.000,0.000,0.000,0,0,0
B3_zmq_pushpull,zmq_tcp,none,none,,1,3175,512,584,1785153439636240000,1785153439636240000,1785153439636240000,1785153439636241000,1785153439636395000,1785153439636398000,1785153439636398000,1785153439636398000,121932490,121652369,-126.121,0.000,0.000,1.000,3.000,0.000,0.000,0.000,0,0,0
B3_zmq_pushpull,zmq_tcp,none,none,,1,3176,512,584,1785153439637220000,1785153439637221000,1785153439637221000,1785153439637222000,1785153439637368000,1785153439637370000,1785153439637370000,1785153439637370000,121932490,121652369,-134.121,1.000,0.000,1.000,2.000,0.000,0.000,0.000,0,0,0
B3_zmq_pushpull,zmq_tcp,none,none,,1,3177,512,584,1785153439638437000,1785153439638437000,1785153439638437000,1785153439638438000,1785153439638504000,1785153439638509000,1785153439638509000,1785153439638509000,121932490,121652369,-214.121,0.000,0.000,1.000,5.000,0.000,0.000,0.000,0,0,0
B3_zmq_pushpull,zmq_tcp,none,none,,1,3178,512,584,1785153439639318000,1785153439639318000,1785153439639318000,1785153439639319000,1785153439639474000,1785153439639477000,1785153439639477000,1785153439639477000,121932490,121652369,-125.121,0.000,0.000,1.000,3.000,0.000,0.000,0.000,0,0,0
B3_zmq_pushpull,zmq_tcp,none,none,,1,3179,512,584,1785153439640416000,1785153439640416000,1785153439640416000,1785153439640417000,1785153439640593000,1785153439640596000,1785153439640596000,1785153439640596000,121932490,121652369,-104.121,0.000,0.000,1.000,3.000,0.000,0.000,0.000,0,0,0
B3_zmq_pushpull,zmq_tcp,none,none,,1,3180,512,584,1785153439641279000,1785153439641279000,1785153439641279000,1785153439641280000,1785153439641432000,1785153439641434000,1785153439641434000,1785153439641434000,121932490,121652369,-128.121,0.000,0.000,1.000,2.000,0.000,0.000,0.000,0,0,0
B3_zmq_pushpull,zmq_tcp,none,none,,1,3181,512,584,1785153439642262000,1785153439642262000,1785153439642262000,1785153439642263000,1785153439642415000,1785153439642419000,1785153439642419000,1785153439642419000,121932490,121652369,-128.121,0.000,0.000,1.000,4.000,0.000,0.000,0.000,0,0,0
B3_zmq_pushpull,zmq_tcp,none,none,,1,3182,512,584,1785153439643431000,1785153439643431000,1785153439643431000,1785153439643432000,1785153439643534000,1785153439643537000,1785153439643537000,1785153439643537000,121932490,121652369,-178.121,0.000,0.000,1.000,3.000,0.000,0.000,0.000,0,0,0
B3_zmq_pushpull,zmq_tcp,none,none,,1,3183,512,584,1785153439644384000,1785153439644384000,1785153439644385000,1785153439644386000,1785153439644503000,1785153439644506000,1785153439644506000,1785153439644506000,121932490,121652369,-163.121,0.000,1.000,1.000,3.000,0.000,0.000,0.000,0,0,0
B3_zmq_pushpull,zmq_tcp,none,none,,1,3184,512,584,1785153439645400000,1785153439645400000,1785153439645400000,1785153439645401000,1785153439645484000,1785153439645487000,1785153439645487000,1785153439645487000,121932490,121652369,-197.121,0.000,0.000,1.000,3.000,0.000,0.000,0.000,0,0,0
B3_zmq_pushpull,zmq_tcp,none,none,,1,3185,512,584,1785153439646395000,1785153439646395000,1785153439646395000,1785153439646396000,1785153439646479000,1785153439646482000,1785153439646482000,1785153439646482000,121932490,121652369,-197.121,0.000,0.000,1.000,3.000,0.000,0.000,0.000,0,0,0
B3_zmq_pushpull,zmq_tcp,none,none,,1,3186,512,584,1785153439647397000,1785153439647397000,1785153439647397000,1785153439647398000,1785153439647466000,1785153439647470000,1785153439647470000,1785153439647470000,121932490,121652369,-212.121,0.000,0.000,1.000,4.000,0.000,0.000,0.000,0,0,0
B3_zmq_pushpull,zmq_tcp,none,none,,1,3187,512,584,1785153439648392000,1785153439648392000,1785153439648392000,1785153439648393000,1785153439648434000,1785153439648438000,1785153439648438000,1785153439648438000,121932490,121652369,-239.121,0.000,0.000,1.000,4.000,0.000,0.000,0.000,0,0,0
B3_zmq_pushpull,zmq_tcp,none,none,,1,3188,512,584,1785153439649260000,1785153439649260000,1785153439649260000,1785153439649261000,1785153439649414000,1785153439649417000,1785153439649417000,1785153439649417000,121932490,121652369,-127.121,0.000,0.000,1.000,3.000,0.000,0.000,0.000,0,0,0
B3_zmq_pushpull,zmq_tcp,none,none,,1,3189,512,584,1785153439650257000,1785153439650257000,1785153439650257000,1785153439650258000,1785153439650405000,1785153439650407000,1785153439650407000,1785153439650407000,121932490,121652369,-133.121,0.000,0.000,1.000,2.000,0.000,0.000,0.000,0,0,0
B3_zmq_pushpull,zmq_tcp,none,none,,1,3190,512,584,1785153439651434000,1785153439651434000,1785153439651434000,1785153439651435000,1785153439651523000,1785153439651526000,1785153439651526000,1785153439651526000,121932490,121652369,-192.121,0.000,0.000,1.000,3.000,0.000,0.000,0.000,0,0,0
B3_zmq_pushpull,zmq_tcp,none,none,,1,3191,512,584,1785153439652386000,1785153439652386000,1785153439652386000,1785153439652387000,1785153439652490000,1785153439652493000,1785153439652493000,1785153439652493000,121932490,121652369,-177.121,0.000,0.000,1.000,3.000,0.000,0.000,0.000,0,0,0
B3_zmq_pushpull,zmq_tcp,none,none,,1,3192,512,584,1785153439653399000,1785153439653399000,1785153439653399000,1785153439653400000,1785153439653579000,1785153439653582000,1785153439653582000,1785153439653582000,121932490,121652369,-101.121,0.000,0.000,1.000,3.000,0.000,0.000,0.000,0,0,0
B3_zmq_pushpull,zmq_tcp,none,none,,1,3193,512,584,1785153439654279000,1785153439654279000,1785153439654279000,1785153439654280000,1785153439654433000,1785153439654435000,1785153439654435000,1785153439654435000,121932490,121652369,-127.121,0.000,0.000,1.000,2.000,0.000,0.000,0.000,0,0,0
B3_zmq_pushpull,zmq_tcp,none,none,,1,3194,512,584,1785153439655270000,1785153439655270000,1785153439655270000,1785153439655271000,1785153439655422000,1785153439655425000,1785153439655425000,1785153439655425000,121932490,121652369,-129.121,0.000,0.000,1.000,3.000,0.000,0.000,0.000,0,0,0
B3_zmq_pushpull,zmq_tcp,none,none,,1,3195,512,584,1785153439656260000,1785153439656260000,1785153439656260000,1785153439656261000,1785153439656419000,1785153439656422000,1785153439656422000,1785153439656422000,121932490,121652369,-122.121,0.000,0.000,1.000,3.000,0.000,0.000,0.000,0,0,0
B3_zmq_pushpull,zmq_tcp,none,none,,1,3196,512,584,1785153439657246000,1785153439657246000,1785153439657246000,1785153439657247000,1785153439657394000,1785153439657397000,1785153439657397000,1785153439657397000,121932490,121652369,-133.121,0.000,0.000,1.000,3.000,0.000,0.000,0.000,0,0,0
B3_zmq_pushpull,zmq_tcp,none,none,,1,3197,512,584,1785153439658433000,1785153439658433000,1785153439658433000,1785153439658434000,1785153439658508000,1785153439658510000,1785153439658510000,1785153439658510000,121932490,121652369,-206.121,0.000,0.000,1.000,2.000,0.000,0.000,0.000,0,0,0
B3_zmq_pushpull,zmq_tcp,none,none,,1,3198,512,584,1785153439659386000,1785153439659386000,1785153439659386000,1785153439659387000,1785153439659502000,1785153439659505000,1785153439659505000,1785153439659505000,121932490,121652369,-165.121,0.000,0.000,1.000,3.000,0.000,0.000,0.000,0,0,0
B3_zmq_pushpull,zmq_tcp,none,none,,1,3199,512,584,1785153439660399000,1785153439660399000,1785153439660399000,1785153439660400000,1785153439660474000,1785153439660477000,1785153439660477000,1785153439660477000,121932490,121652369,-206.121,0.000,0.000,1.000,3.000,0.000,0.000,0.000,0,0,0
B3_zmq_pushpull,zmq_tcp,none,none,,1,3200,512,584,1785153439661396000,1785153439661396000,1785153439661396000,1785153439661397000,1785153439661451000,1785153439661454000,1785153439661454000,1785153439661454000,121932490,121652369,-226.121,0.000,0.000,1.000,3.000,0.000,0.000,0.000,0,0,0
B3_zmq_pushpull,zmq_tcp,none,none,,1,3201,512,584,1785153439662396000,1785153439662396000,1785153439662396000,1785153439662397000,1785153439662430000,1785153439662432000,1785153439662433000,1785153439662433000,121932490,121652369,-247.121,0.000,0.000,1.000,2.000,1.000,0.000,0.000,0,0,0
B3_zmq_pushpull,zmq_tcp,none,none,,1,3202,512,584,1785153439663400000,1785153439663400000,1785153439663400000,1785153439663401000,1785153439663559000,1785153439663567000,1785153439663567000,1785153439663567000,121932490,121652369,-122.121,0.000,0.000,1.000,8.000,0.000,0.000,0.000,0,0,0
B3_zmq_pushpull,zmq_tcp,none,none,,1,3203,512,584,1785153439664264000,1785153439664264000,1785153439664264000,1785153439664265000,1785153439664422000,1785153439664425000,1785153439664425000,1785153439664425000,121932490,121652369,-123.121,0.000,0.000,1.000,3.000,0.000,0.000,0.000,0,0,0
B3_zmq_pushpull,zmq_tcp,none,none,,1,3204,512,584,1785153439665261000,1785153439665262000,1785153439665262000,1785153439665263000,1785153439665413000,1785153439665416000,1785153439665416000,1785153439665416000,121932490,121652369,-130.121,1.000,0.000,1.000,3.000,0.000,0.000,0.000,0,0,0
B3_zmq_pushpull,zmq_tcp,none,none,,1,3205,512,584,1785153439666249000,1785153439666250000,1785153439666250000,1785153439666251000,1785153439666410000,1785153439666413000,1785153439666413000,1785153439666413000,121932490,121652369,-121.121,1.000,0.000,1.000,3.000,0.000,0.000,0.000,0,0,0
B3_zmq_pushpull,zmq_tcp,none,none,,1,3206,512,584,1785153439667434000,1785153439667435000,1785153439667435000,1785153439667436000,1785153439667542000,1785153439667545000,1785153439667545000,1785153439667545000,121932490,121652369,-174.121,1.000,0.000,1.000,3.000,0.000,0.000,0.000,0,0,0
B3_zmq_pushpull,zmq_tcp,none,none,,1,3207,512,584,1785153439668387000,1785153439668387000,1785153439668387000,1785153439668388000,1785153439668530000,1785153439668533000,1785153439668533000,1785153439668533000,121932490,121652369,-138.121,0.000,0.000,1.000,3.000,0.000,0.000,0.000,0,0,0
B3_zmq_pushpull,zmq_tcp,none,none,,1,3208,512,584,1785153439669398000,1785153439669399000,1785153439669399000,1785153439669400000,1785153439669507000,1785153439669511000,1785153439669511000,1785153439669511000,121932490,121652369,-173.121,1.000,0.000,1.000,4.000,0.000,0.000,0.000,0,0,0
B3_zmq_pushpull,zmq_tcp,none,none,,1,3209,512,584,1785153439670202000,1785153439670202000,1785153439670202000,1785153439670203000,1785153439670332000,1785153439670334000,1785153439670334000,1785153439670334000,121932490,121652369,-151.121,0.000,0.000,1.000,2.000,0.000,0.000,0.000,0,0,0
B3_zmq_pushpull,zmq_tcp,none,none,,1,3210,512,584,1785153439671312000,1785153439671312000,1785153439671312000,1785153439671313000,1785153439671473000,1785153439671475000,1785153439671475000,1785153439671475000,121932490,121652369,-120.121,0.000,0.000,1.000,2.000,0.000,0.000,0.000,0,0,0
B3_zmq_pushpull,zmq_tcp,none,none,,1,3211,512,584,1785153439672420000,1785153439672420000,1785153439672420000,1785153439672421000,1785153439672602000,1785153439672605000,1785153439672605000,1785153439672605000,121932490,121652369,-99.121,0.000,0.000,1.000,3.000,0.000,0.000,0.000,0,0,0
B3_zmq_pushpull,zmq_tcp,none,none,,1,3212,512,584,1785153439673391000,1785153439673391000,1785153439673391000,1785153439673392000,1785153439673579000,1785153439673583000,1785153439673583000,1785153439673583000,121932490,121652369,-93.121,0.000,0.000,1.000,4.000,0.000,0.000,0.000,0,0,0
B3_zmq_pushpull,zmq_tcp,none,none,,1,3213,512,584,1785153439674265000,1785153439674265000,1785153439674265000,1785153439674266000,1785153439674423000,1785153439674426000,1785153439674426000,1785153439674426000,121932490,121652369,-123.121,0.000,0.000,1.000,3.000,0.000,0.000,0.000,0,0,0
B3_zmq_pushpull,zmq_tcp,none,none,,1,3214,512,584,1785153439675429000,1785153439675429000,1785153439675429000,1785153439675430000,1785153439675541000,1785153439675543000,1785153439675543000,1785153439675543000,121932490,121652369,-169.121,0.000,0.000,1.000,2.000,0.000,0.000,0.000,0,0,0
B3_zmq_pushpull,zmq_tcp,none,none,,1,3215,512,584,1785153439676231000,1785153439676231000,1785153439676231000,1785153439676232000,1785153439676382000,1785153439676385000,1785153439676385000,1785153439676385000,121932490,121652369,-130.121,0.000,0.000,1.000,3.000,0.000,0.000,0.000,0,0,0
B3_zmq_pushpull,zmq_tcp,none,none,,1,3216,512,584,1785153439677213000,1785153439677214000,1785153439677214000,1785153439677215000,1785153439677362000,1785153439677365000,1785153439677365000,1785153439677365000,121932490,121652369,-133.121,1.000,0.000,1.000,3.000,0.000,0.000,0.000,0,0,0
B3_zmq_pushpull,zmq_tcp,none,none,,1,3217,512,584,1785153439678444000,1785153439678444000,1785153439678444000,1785153439678445000,1785153439678507000,1785153439678510000,1785153439678510000,1785153439678510000,121932490,121652369,-218.121,0.000,0.000,1.000,3.000,0.000,0.000,0.000,0,0,0
B3_zmq_pushpull,zmq_tcp,none,none,,1,3218,512,584,1785153439679205000,1785153439679206000,1785153439679206000,1785153439679207000,1785153439679360000,1785153439679362000,1785153439679362000,1785153439679362000,121932490,121652369,-127.121,1.000,0.000,1.000,2.000,0.000,0.000,0.000,0,0,0
B3_zmq_pushpull,zmq_tcp,none,none,,1,3219,512,584,1785153439680323000,1785153439680323000,1785153439680323000,1785153439680324000,1785153439680474000,1785153439680476000,1785153439680476000,1785153439680476000,121932490,121652369,-130.121,0.000,0.000,1.000,2.000,0.000,0.000,0.000,0,0,0
B3_zmq_pushpull,zmq_tcp,none,none,,1,3220,512,584,1785153439681415000,1785153439681415000,1785153439681415000,1785153439681416000,1785153439681459000,1785153439681462000,1785153439681462000,1785153439681462000,121932490,121652369,-237.121,0.000,0.000,1.000,3.000,0.000,0.000,0.000,0,0,0
B3_zmq_pushpull,zmq_tcp,none,none,,1,3221,512,584,1785153439682392000,1785153439682392000,1785153439682392000,1785153439682393000,1785153439682578000,1785153439682581000,1785153439682581000,1785153439682581000,121932490,121652369,-95.121,0.000,0.000,1.000,3.000,0.000,0.000,0.000,0,0,0
B3_zmq_pushpull,zmq_tcp,none,none,,1,3222,512,584,1785153439683281000,1785153439683281000,1785153439683281000,1785153439683282000,1785153439683428000,1785153439683432000,1785153439683432000,1785153439683432000,121932490,121652369,-134.121,0.000,0.000,1.000,4.000,0.000,0.000,0.000,0,0,0
B3_zmq_pushpull,zmq_tcp,none,none,,1,3223,512,584,1785153439684425000,1785153439684425000,1785153439684425000,1785153439684426000,1785153439684525000,1785153439684528000,1785153439684528000,1785153439684528000,121932490,121652369,-181.121,0.000,0.000,1.000,3.000,0.000,0.000,0.000,0,0,0
B3_zmq_pushpull,zmq_tcp,none,none,,1,3224,512,584,1785153439685392000,1785153439685392000,1785153439685392000,1785153439685393000,1785153439685501000,1785153439685504000,1785153439685504000,1785153439685504000,121932490,121652369,-172.121,0.000,0.000,1.000,3.000,0.000,0.000,0.000,0,0,0
B3_zmq_pushpull,zmq_tcp,none,none,,1,3225,512,584,1785153439686397000,1785153439686397000,1785153439686397000,1785153439686398000,1785153439686588000,1785153439686590000,1785153439686590000,1785153439686590000,121932490,121652369,-90.121,0.000,0.000,1.000,2.000,0.000,0.000,0.000,0,0,0
B3_zmq_pushpull,zmq_tcp,none,none,,1,3226,512,584,1785153439687285000,1785153439687286000,1785153439687286000,1785153439687287000,1785153439687444000,1785153439687446000,1785153439687446000,1785153439687446000,121932490,121652369,-123.121,1.000,0.000,1.000,2.000,0.000,0.000,0.000,0,0,0
B3_zmq_pushpull,zmq_tcp,none,none,,1,3227,512,584,1785153439688283000,1785153439688283000,1785153439688284000,1785153439688284000,1785153439688427000,1785153439688430000,1785153439688430000,1785153439688430000,121932490,121652369,-137.121,0.000,1.000,0.000,3.000,0.000,0.000,0.000,0,0,0
B3_zmq_pushpull,zmq_tcp,none,none,,1,3228,512,584,1785153439689425000,1785153439689425000,1785153439689425000,1785153439689426000,1785153439689545000,1785153439689548000,1785153439689548000,1785153439689548000,121932490,121652369,-161.121,0.000,0.000,1.000,3.000,0.000,0.000,0.000,0,0,0
B3_zmq_pushpull,zmq_tcp,none,none,,1,3229,512,584,1785153439690387000,1785153439690387000,1785153439690387000,1785153439690388000,1785153439690493000,1785153439690496000,1785153439690496000,1785153439690496000,121932490,121652369,-175.121,0.000,0.000,1.000,3.000,0.000,0.000,0.000,0,0,0
B3_zmq_pushpull,zmq_tcp,none,none,,1,3230,512,584,1785153439691398000,1785153439691399000,1785153439691399000,1785153439691400000,1785153439691486000,1785153439691489000,1785153439691489000,1785153439691489000,121932490,121652369,-194.121,1.000,0.000,1.000,3.000,0.000,0.000,0.000,0,0,0
B3_zmq_pushpull,zmq_tcp,none,none,,1,3231,512,584,1785153439692398000,1785153439692399000,1785153439692399000,1785153439692400000,1785153439692476000,1785153439692478000,1785153439692478000,1785153439692478000,121932490,121652369,-204.121,1.000,0.000,1.000,2.000,0.000,0.000,0.000,0,0,0
B3_zmq_pushpull,zmq_tcp,none,none,,1,3232,512,584,1785153439693398000,1785153439693399000,1785153439693399000,1785153439693400000,1785153439693464000,1785153439693466000,1785153439693466000,1785153439693466000,121932490,121652369,-216.121,1.000,0.000,1.000,2.000,0.000,0.000,0.000,0,0,0
B3_zmq_pushpull,zmq_tcp,none,none,,1,3233,512,584,1785153439694310000,1785153439694311000,1785153439694311000,1785153439694312000,1785153439694470000,1785153439694473000,1785153439694473000,1785153439694473000,121932490,121652369,-122.121,1.000,0.000,1.000,3.000,0.000,0.000,0.000,0,0,0
B3_zmq_pushpull,zmq_tcp,none,none,,1,3234,512,584,1785153439695306000,1785153439695306000,1785153439695306000,1785153439695307000,1785153439695451000,1785153439695454000,1785153439695454000,1785153439695454000,121932490,121652369,-136.121,0.000,0.000,1.000,3.000,0.000,0.000,0.000,0,0,0
B3_zmq_pushpull,zmq_tcp,none,none,,1,3235,512,584,1785153439696419000,1785153439696419000,1785153439696419000,1785153439696420000,1785153439696571000,1785153439696574000,1785153439696574000,1785153439696574000,121932490,121652369,-129.121,0.000,0.000,1.000,3.000,0.000,0.000,0.000,0,0,0
B3_zmq_pushpull,zmq_tcp,none,none,,1,3236,512,584,1785153439697388000,1785153439697388000,1785153439697388000,1785153439697389000,1785153439697436000,1785153439697439000,1785153439697439000,1785153439697439000,121932490,121652369,-233.121,0.000,0.000,1.000,3.000,0.000,0.000,0.000,0,0,0
B3_zmq_pushpull,zmq_tcp,none,none,,1,3237,512,584,1785153439698271000,1785153439698271000,1785153439698271000,1785153439698272000,1785153439698424000,1785153439698427000,1785153439698427000,1785153439698427000,121932490,121652369,-128.121,0.000,0.000,1.000,3.000,0.000,0.000,0.000,0,0,0
B3_zmq_pushpull,zmq_tcp,none,none,,1,3238,512,584,1785153439699428000,1785153439699429000,1785153439699429000,1785153439699430000,1785153439699539000,1785153439699541000,1785153439699541000,1785153439699541000,121932490,121652369,-171.121,1.000,0.000,1.000,2.000,0.000,0.000,0.000,0,0,0
B3_zmq_pushpull,zmq_tcp,none,none,,1,3239,512,584,1785153439700385000,1785153439700386000,1785153439700386000,1785153439700387000,1785153439700529000,1785153439700532000,1785153439700532000,1785153439700532000,121932490,121652369,-138.121,1.000,0.000,1.000,3.000,0.000,0.000,0.000,0,0,0
B3_zmq_pushpull,zmq_tcp,none,none,,1,3240,512,584,1785153439701399000,1785153439701399000,1785153439701400000,1785153439701400000,1785153439701524000,1785153439701527000,1785153439701527000,1785153439701527000,121932490,121652369,-156.121,0.000,1.000,0.000,3.000,0.000,0.000,0.000,0,0,0
B3_zmq_pushpull,zmq_tcp,none,none,,1,3241,512,584,1785153439702219000,1785153439702219000,1785153439702219000,1785153439702220000,1785153439702373000,1785153439702376000,1785153439702377000,1785153439702377000,121932490,121652369,-127.121,0.000,0.000,1.000,3.000,1.000,0.000,0.000,0,0,0
B3_zmq_pushpull,zmq_tcp,none,none,,1,3242,512,584,1785153439703441000,1785153439703442000,1785153439703442000,1785153439703443000,1785153439703511000,1785153439703515000,1785153439703515000,1785153439703515000,121932490,121652369,-212.121,1.000,0.000,1.000,4.000,0.000,0.000,0.000,0,0,0
B3_zmq_pushpull,zmq_tcp,none,none,,1,3243,512,584,1785153439704383000,1785153439704383000,1785153439704383000,1785153439704384000,1785153439704497000,1785153439704500000,1785153439704500000,1785153439704500000,121932490,121652369,-167.121,0.000,0.000,1.000,3.000,0.000,0.000,0.000,0,0,0
B3_zmq_pushpull,zmq_tcp,none,none,,1,3244,512,584,1785153439705400000,1785153439705400000,1785153439705400000,1785153439705401000,1785153439705484000,1785153439705487000,1785153439705487000,1785153439705487000,121932490,121652369,-197.121,0.000,0.000,1.000,3.000,0.000,0.000,0.000,0,0,0
B3_zmq_pushpull,zmq_tcp,none,none,,1,3245,512,584,1785153439706396000,1785153439706397000,1785153439706397000,1785153439706398000,1785153439706472000,1785153439706474000,1785153439706474000,1785153439706474000,121932490,121652369,-206.121,1.000,0.000,1.000,2.000,0.000,0.000,0.000,0,0,0
B3_zmq_pushpull,zmq_tcp,none,none,,1,3246,512,584,1785153439707397000,1785153439707397000,1785153439707397000,1785153439707398000,1785153439707462000,1785153439707465000,1785153439707465000,1785153439707465000,121932490,121652369,-216.121,0.000,0.000,1.000,3.000,0.000,0.000,0.000,0,0,0
B3_zmq_pushpull,zmq_tcp,none,none,,1,3247,512,584,1785153439708394000,1785153439708394000,1785153439708394000,1785153439708395000,1785153439708453000,1785153439708455000,1785153439708455000,1785153439708456000,121932490,121652369,-222.121,0.000,0.000,1.000,2.000,0.000,1.000,0.000,0,0,0
B3_zmq_pushpull,zmq_tcp,none,none,,1,3248,512,584,1785153439709299000,1785153439709299000,1785153439709299000,1785153439709300000,1785153439709453000,1785153439709456000,1785153439709456000,1785153439709456000,121932490,121652369,-127.121,0.000,0.000,1.000,3.000,0.000,0.000,0.000,0,0,0
B3_zmq_pushpull,zmq_tcp,none,none,,1,3249,512,584,1785153439710281000,1785153439710281000,1785153439710281000,1785153439710282000,1785153439710436000,1785153439710439000,1785153439710439000,1785153439710439000,121932490,121652369,-126.121,0.000,0.000,1.000,3.000,0.000,0.000,0.000,0,0,0
B3_zmq_pushpull,zmq_tcp,none,none,,1,3250,512,584,1785153439711280000,1785153439711280000,1785153439711281000,1785153439711281000,1785153439711435000,1785153439711438000,1785153439711438000,1785153439711438000,121932490,121652369,-126.121,0.000,1.000,0.000,3.000,0.000,0.000,0.000,0,0,0
B3_zmq_pushpull,zmq_tcp,none,none,,1,3251,512,584,1785153439712276000,1785153439712277000,1785153439712277000,1785153439712278000,1785153439712419000,1785153439712421000,1785153439712421000,1785153439712421000,121932490,121652369,-139.121,1.000,0.000,1.000,2.000,0.000,0.000,0.000,0,0,0
B3_zmq_pushpull,zmq_tcp,none,none,,1,3252,512,584,1785153439713427000,1785153439713427000,1785153439713427000,1785153439713428000,1785153439713561000,1785153439713564000,1785153439713565000,1785153439713565000,121932490,121652369,-147.121,0.000,0.000,1.000,3.000,1.000,0.000,0.000,0,0,0
B3_zmq_pushpull,zmq_tcp,none,none,,1,3253,512,584,1785153439714390000,1785153439714390000,1785153439714391000,1785153439714391000,1785153439714550000,1785153439714554000,1785153439714554000,1785153439714554000,121932490,121652369,-121.121,0.000,1.000,0.000,4.000,0.000,0.000,0.000,0,0,0
B3_zmq_pushpull,zmq_tcp,none,none,,1,3254,512,584,1785153439715398000,1785153439715398000,1785153439715399000,1785153439715399000,1785153439715546000,1785153439715550000,1785153439715550000,1785153439715550000,121932490,121652369,-133.121,0.000,1.000,0.000,4.000,0.000,0.000,0.000,0,0,0
B3_zmq_pushpull,zmq_tcp,none,none,,1,3255,512,584,1785153439716396000,1785153439716396000,1785153439716396000,1785153439716397000,1785153439716521000,1785153439716523000,1785153439716523000,1785153439716523000,121932490,121652369,-156.121,0.000,0.000,1.000,2.000,0.000,0.000,0.000,0,0,0
B3_zmq_pushpull,zmq_tcp,none,none,,1,3256,512,584,1785153439717396000,1785153439717396000,1785153439717396000,1785153439717397000,1785153439717504000,1785153439717506000,1785153439717506000,1785153439717506000,121932490,121652369,-173.121,0.000,0.000,1.000,2.000,0.000,0.000,0.000,0,0,0
B3_zmq_pushpull,zmq_tcp,none,none,,1,3257,512,584,1785153439718394000,1785153439718394000,1785153439718394000,1785153439718395000,1785153439718478000,1785153439718481000,1785153439718481000,1785153439718481000,121932490,121652369,-197.121,0.000,0.000,1.000,3.000,0.000,0.000,0.000,0,0,0
B3_zmq_pushpull,zmq_tcp,none,none,,1,3258,512,584,1785153439719326000,1785153439719326000,1785153439719326000,1785153439719327000,1785153439719471000,1785153439719474000,1785153439719474000,1785153439719474000,121932490,121652369,-136.121,0.000,0.000,1.000,3.000,0.000,0.000,0.000,0,0,0
B3_zmq_pushpull,zmq_tcp,none,none,,1,3259,512,584,1785153439720307000,1785153439720307000,1785153439720307000,1785153439720308000,1785153439720464000,1785153439720466000,1785153439720466000,1785153439720466000,121932490,121652369,-124.121,0.000,0.000,1.000,2.000,0.000,0.000,0.000,0,0,0
B3_zmq_pushpull,zmq_tcp,none,none,,1,3260,512,584,1785153439721304000,1785153439721305000,1785153439721305000,1785153439721306000,1785153439721460000,1785153439721462000,1785153439721462000,1785153439721462000,121932490,121652369,-126.121,1.000,0.000,1.000,2.000,0.000,0.000,0.000,0,0,0
B3_zmq_pushpull,zmq_tcp,none,none,,1,3261,512,584,1785153439722299000,1785153439722299000,1785153439722299000,1785153439722300000,1785153439722460000,1785153439722462000,1785153439722462000,1785153439722463000,121932490,121652369,-120.121,0.000,0.000,1.000,2.000,0.000,1.000,0.000,0,0,0
B3_zmq_pushpull,zmq_tcp,none,none,,1,3262,512,584,1785153439723424000,1785153439723424000,1785153439723424000,1785153439723426000,1785153439723601000,1785153439723604000,1785153439723604000,1785153439723604000,121932490,121652369,-105.121,0.000,0.000,2.000,3.000,0.000,0.000,0.000,0,0,0
B3_zmq_pushpull,zmq_tcp,none,none,,1,3263,512,584,1785153439724307000,1785153439724307000,1785153439724307000,1785153439724308000,1785153439724465000,1785153439724468000,1785153439724468000,1785153439724468000,121932490,121652369,-123.121,0.000,0.000,1.000,3.000,0.000,0.000,0.000,0,0,0
B3_zmq_pushpull,zmq_tcp,none,none,,1,3264,512,584,1785153439725419000,1785153439725419000,1785153439725419000,1785153439725420000,1785153439725600000,1785153439725602000,1785153439725602000,1785153439725602000,121932490,121652369,-100.121,0.000,0.000,1.000,2.000,0.000,0.000,0.000,0,0,0
B3_zmq_pushpull,zmq_tcp,none,none,,1,3265,512,584,1785153439726392000,1785153439726392000,1785153439726392000,1785153439726393000,1785153439726463000,1785153439726467000,1785153439726467000,1785153439726467000,121932490,121652369,-210.121,0.000,0.000,1.000,4.000,0.000,0.000,0.000,0,0,0
B3_zmq_pushpull,zmq_tcp,none,none,,1,3266,512,584,1785153439727399000,1785153439727399000,1785153439727399000,1785153439727400000,1785153439727594000,1785153439727597000,1785153439727597000,1785153439727597000,121932490,121652369,-86.121,0.000,0.000,1.000,3.000,0.000,0.000,0.000,0,0,0
B3_zmq_pushpull,zmq_tcp,none,none,,1,3267,512,584,1785153439728301000,1785153439728301000,1785153439728301000,1785153439728302000,1785153439728458000,1785153439728461000,1785153439728461000,1785153439728461000,121932490,121652369,-124.121,0.000,0.000,1.000,3.000,0.000,0.000,0.000,0,0,0
B3_zmq_pushpull,zmq_tcp,none,none,,1,3268,512,584,1785153439729426000,1785153439729426000,1785153439729426000,1785153439729427000,1785153439729604000,1785153439729607000,1785153439729607000,1785153439729607000,121932490,121652369,-103.121,0.000,0.000,1.000,3.000,0.000,0.000,0.000,0,0,0
B3_zmq_pushpull,zmq_tcp,none,none,,1,3269,512,584,1785153439730391000,1785153439730391000,1785153439730391000,1785153439730392000,1785153439730463000,1785153439730466000,1785153439730466000,1785153439730466000,121932490,121652369,-209.121,0.000,0.000,1.000,3.000,0.000,0.000,0.000,0,0,0
B3_zmq_pushpull,zmq_tcp,none,none,,1,3270,512,584,1785153439731399000,1785153439731399000,1785153439731399000,1785153439731400000,1785153439731460000,1785153439731463000,1785153439731463000,1785153439731463000,121932490,121652369,-220.121,0.000,0.000,1.000,3.000,0.000,0.000,0.000,0,0,0
B3_zmq_pushpull,zmq_tcp,none,none,,1,3271,512,584,1785153439732394000,1785153439732394000,1785153439732394000,1785153439732395000,1785153439732464000,1785153439732467000,1785153439732467000,1785153439732467000,121932490,121652369,-211.121,0.000,0.000,1.000,3.000,0.000,0.000,0.000,0,0,0
B3_zmq_pushpull,zmq_tcp,none,none,,1,3272,512,584,1785153439733313000,1785153439733313000,1785153439733313000,1785153439733314000,1785153439733476000,1785153439733479000,1785153439733479000,1785153439733479000,121932490,121652369,-118.121,0.000,0.000,1.000,3.000,0.000,0.000,0.000,0,0,0
B3_zmq_pushpull,zmq_tcp,none,none,,1,3273,512,584,1785153439734421000,1785153439734421000,1785153439734421000,1785153439734422000,1785153439734498000,1785153439734501000,1785153439734501000,1785153439734501000,121932490,121652369,-204.121,0.000,0.000,1.000,3.000,0.000,0.000,0.000,0,0,0
B3_zmq_pushpull,zmq_tcp,none,none,,1,3274,512,584,1785153439735388000,1785153439735388000,1785153439735388000,1785153439735389000,1785153439735500000,1785153439735502000,1785153439735502000,1785153439735502000,121932490,121652369,-169.121,0.000,0.000,1.000,2.000,0.000,0.000,0.000,0,0,0
B3_zmq_pushpull,zmq_tcp,none,none,,1,3275,512,584,1785153439736405000,1785153439736405000,1785153439736405000,1785153439736406000,1785153439736506000,1785153439736509000,1785153439736509000,1785153439736509000,121932490,121652369,-180.121,0.000,0.000,1.000,3.000,0.000,0.000,0.000,0,0,0
B3_zmq_pushpull,zmq_tcp,none,none,,1,3276,512,584,1785153439737396000,1785153439737396000,1785153439737396000,1785153439737397000,1785153439737517000,1785153439737520000,1785153439737520000,1785153439737520000,121932490,121652369,-160.121,0.000,0.000,1.000,3.000,0.000,0.000,0.000,0,0,0
B3_zmq_pushpull,zmq_tcp,none,none,,1,3277,512,584,1785153439738397000,1785153439738398000,1785153439738398000,1785153439738399000,1785153439738517000,1785153439738520000,1785153439738520000,1785153439738520000,121932490,121652369,-162.121,1.000,0.000,1.000,3.000,0.000,0.000,0.000,0,0,0
B3_zmq_pushpull,zmq_tcp,none,none,,1,3278,512,584,1785153439739396000,1785153439739396000,1785153439739396000,1785153439739397000,1785153439739495000,1785153439739497000,1785153439739497000,1785153439739497000,121932490,121652369,-182.121,0.000,0.000,1.000,2.000,0.000,0.000,0.000,0,0,0
B3_zmq_pushpull,zmq_tcp,none,none,,1,3279,512,584,1785153439740396000,1785153439740396000,1785153439740396000,1785153439740397000,1785153439740475000,1785153439740477000,1785153439740477000,1785153439740477000,121932490,121652369,-202.121,0.000,0.000,1.000,2.000,0.000,0.000,0.000,0,0,0
B3_zmq_pushpull,zmq_tcp,none,none,,1,3280,512,584,1785153439741306000,1785153439741306000,1785153439741306000,1785153439741307000,1785153439741457000,1785153439741459000,1785153439741459000,1785153439741459000,121932490,121652369,-130.121,0.000,0.000,1.000,2.000,0.000,0.000,0.000,0,0,0
B3_zmq_pushpull,zmq_tcp,none,none,,1,3281,512,584,1785153439742421000,1785153439742421000,1785153439742421000,1785153439742422000,1785153439742611000,1785153439742613000,1785153439742613000,1785153439742613000,121932490,121652369,-91.121,0.000,0.000,1.000,2.000,0.000,0.000,0.000,0,0,0
B3_zmq_pushpull,zmq_tcp,none,none,,1,3282,512,584,1785153439743310000,1785153439743311000,1785153439743311000,1785153439743312000,1785153439743469000,1785153439743472000,1785153439743472000,1785153439743472000,121932490,121652369,-123.121,1.000,0.000,1.000,3.000,0.000,0.000,0.000,0,0,0
B3_zmq_pushpull,zmq_tcp,none,none,,1,3283,512,584,1785153439744420000,1785153439744420000,1785153439744420000,1785153439744422000,1785153439744607000,1785153439744610000,1785153439744610000,1785153439744610000,121932490,121652369,-95.121,0.000,0.000,2.000,3.000,0.000,0.000,0.000,0,0,0
B3_zmq_pushpull,zmq_tcp,none,none,,1,3284,512,584,1785153439745391000,1785153439745391000,1785153439745391000,1785153439745392000,1785153439745580000,1785153439745583000,1785153439745583000,1785153439745583000,121932490,121652369,-92.121,0.000,0.000,1.000,3.000,0.000,0.000,0.000,0,0,0
B3_zmq_pushpull,zmq_tcp,none,none,,1,3285,512,584,1785153439746404000,1785153439746404000,1785153439746404000,1785153439746405000,1785153439746579000,1785153439746581000,1785153439746581000,1785153439746581000,121932490,121652369,-106.121,0.000,0.000,1.000,2.000,0.000,0.000,0.000,0,0,0
B3_zmq_pushpull,zmq_tcp,none,none,,1,3286,512,584,1785153439747397000,1785153439747397000,1785153439747397000,1785153439747398000,1785153439747597000,1785153439747600000,1785153439747600000,1785153439747600000,121932490,121652369,-81.121,0.000,0.000,1.000,3.000,0.000,0.000,0.000,0,0,0
B3_zmq_pushpull,zmq_tcp,none,none,,1,3287,512,584,1785153439748398000,1785153439748398000,1785153439748398000,1785153439748399000,1785153439748459000,1785153439748462000,1785153439748462000,1785153439748462000,121932490,121652369,-220.121,0.000,0.000,1.000,3.000,0.000,0.000,0.000,0,0,0
B3_zmq_pushpull,zmq_tcp,none,none,,1,3288,512,584,1785153439749397000,1785153439749397000,1785153439749397000,1785153439749398000,1785153439749463000,1785153439749467000,1785153439749467000,1785153439749467000,121932490,121652369,-215.121,0.000,0.000,1.000,4.000,0.000,0.000,0.000,0,0,0
B3_zmq_pushpull,zmq_tcp,none,none,,1,3289,512,584,1785153439750400000,1785153439750400000,1785153439750400000,1785153439750401000,1785153439750475000,1785153439750478000,1785153439750478000,1785153439750478000,121932490,121652369,-206.121,0.000,0.000,1.000,3.000,0.000,0.000,0.000,0,0,0
B3_zmq_pushpull,zmq_tcp,none,none,,1,3290,512,584,1785153439751393000,1785153439751393000,1785153439751393000,1785153439751394000,1785153439751490000,1785153439751493000,1785153439751493000,1785153439751493000,121932490,121652369,-184.121,0.000,0.000,1.000,3.000,0.000,0.000,0.000,0,0,0
B3_zmq_pushpull,zmq_tcp,none,none,,1,3291,512,584,1785153439752400000,1785153439752400000,1785153439752400000,1785153439752401000,1785153439752484000,1785153439752487000,1785153439752487000,1785153439752487000,121932490,121652369,-197.121,0.000,0.000,1.000,3.000,0.000,0.000,0.000,0,0,0
B3_zmq_pushpull,zmq_tcp,none,none,,1,3292,512,584,1785153439753397000,1785153439753397000,1785153439753397000,1785153439753398000,1785153439753501000,1785153439753504000,1785153439753504000,1785153439753504000,121932490,121652369,-177.121,0.000,0.000,1.000,3.000,0.000,0.000,0.000,0,0,0
B3_zmq_pushpull,zmq_tcp,none,none,,1,3293,512,584,1785153439754403000,1785153439754403000,1785153439754403000,1785153439754404000,1785153439754510000,1785153439754514000,1785153439754514000,1785153439754514000,121932490,121652369,-174.121,0.000,0.000,1.000,4.000,0.000,0.000,0.000,0,0,0
B3_zmq_pushpull,zmq_tcp,none,none,,1,3294,512,584,1785153439755397000,1785153439755397000,1785153439755397000,1785153439755398000,1785153439755533000,1785153439755536000,1785153439755536000,1785153439755536000,121932490,121652369,-145.121,0.000,0.000,1.000,3.000,0.000,0.000,0.000,0,0,0
B3_zmq_pushpull,zmq_tcp,none,none,,1,3295,512,584,1785153439756398000,1785153439756398000,1785153439756398000,1785153439756399000,1785153439756548000,1785153439756550000,1785153439756550000,1785153439756550000,121932490,121652369,-131.121,0.000,0.000,1.000,2.000,0.000,0.000,0.000,0,0,0
B3_zmq_pushpull,zmq_tcp,none,none,,1,3296,512,584,1785153439757397000,1785153439757397000,1785153439757397000,1785153439757398000,1785153439757541000,1785153439757544000,1785153439757544000,1785153439757544000,121932490,121652369,-137.121,0.000,0.000,1.000,3.000,0.000,0.000,0.000,0,0,0
B3_zmq_pushpull,zmq_tcp,none,none,,1,3297,512,584,1785153439758398000,1785153439758398000,1785153439758398000,1785153439758399000,1785153439758545000,1785153439758548000,1785153439758548000,1785153439758548000,121932490,121652369,-134.121,0.000,0.000,1.000,3.000,0.000,0.000,0.000,0,0,0
B3_zmq_pushpull,zmq_tcp,none,none,,1,3298,512,584,1785153439759394000,1785153439759394000,1785153439759394000,1785153439759395000,1785153439759552000,1785153439759554000,1785153439759554000,1785153439759554000,121932490,121652369,-123.121,0.000,0.000,1.000,2.000,0.000,0.000,0.000,0,0,0
B3_zmq_pushpull,zmq_tcp,none,none,,1,3299,512,584,1785153439760399000,1785153439760399000,1785153439760399000,1785153439760400000,1785153439760534000,1785153439760537000,1785153439760537000,1785153439760537000,121932490,121652369,-146.121,0.000,0.000,1.000,3.000,0.000,0.000,0.000,0,0,0
B3_zmq_pushpull,zmq_tcp,none,none,,1,3300,512,584,1785153439761397000,1785153439761397000,1785153439761397000,1785153439761398000,1785153439761554000,1785153439761557000,1785153439761557000,1785153439761557000,121932490,121652369,-124.121,0.000,0.000,1.000,3.000,0.000,0.000,0.000,0,0,0
B3_zmq_pushpull,zmq_tcp,none,none,,1,3301,512,584,1785153439762399000,1785153439762399000,1785153439762399000,1785153439762400000,1785153439762557000,1785153439762560000,1785153439762560000,1785153439762560000,121932490,121652369,-123.121,0.000,0.000,1.000,3.000,0.000,0.000,0.000,0,0,0
B3_zmq_pushpull,zmq_tcp,none,none,,1,3302,512,584,1785153439763271000,1785153439763271000,1785153439763271000,1785153439763272000,1785153439763419000,1785153439763422000,1785153439763422000,1785153439763422000,121932490,121652369,-133.121,0.000,0.000,1.000,3.000,0.000,0.000,0.000,0,0,0
B3_zmq_pushpull,zmq_tcp,none,none,,1,3303,512,584,1785153439764248000,1785153439764248000,1785153439764248000,1785153439764249000,1785153439764409000,1785153439764412000,1785153439764412000,1785153439764412000,121932490,121652369,-120.121,0.000,0.000,1.000,3.000,0.000,0.000,0.000,0,0,0
B3_zmq_pushpull,zmq_tcp,none,none,,1,3304,512,584,1785153439765435000,1785153439765435000,1785153439765435000,1785153439765436000,1785153439765545000,1785153439765549000,1785153439765549000,1785153439765549000,121932490,121652369,-171.121,0.000,0.000,1.000,4.000,0.000,0.000,0.000,0,0,0
B3_zmq_pushpull,zmq_tcp,none,none,,1,3305,512,584,1785153439766240000,1785153439766240000,1785153439766240000,1785153439766241000,1785153439766397000,1785153439766400000,1785153439766400000,1785153439766400000,121932490,121652369,-124.121,0.000,0.000,1.000,3.000,0.000,0.000,0.000,0,0,0
B3_zmq_pushpull,zmq_tcp,none,none,,1,3306,512,584,1785153439767227000,1785153439767228000,1785153439767228000,1785153439767229000,1785153439767385000,1785153439767388000,1785153439767388000,1785153439767388000,121932490,121652369,-124.121,1.000,0.000,1.000,3.000,0.000,0.000,0.000,0,0,0
B3_zmq_pushpull,zmq_tcp,none,none,,1,3307,512,584,1785153439768441000,1785153439768441000,1785153439768441000,1785153439768442000,1785153439768537000,1785153439768539000,1785153439768539000,1785153439768539000,121932490,121652369,-185.121,0.000,0.000,1.000,2.000,0.000,0.000,0.000,0,0,0
B3_zmq_pushpull,zmq_tcp,none,none,,1,3308,512,584,1785153439769383000,1785153439769383000,1785153439769383000,1785153439769384000,1785153439769522000,1785153439769525000,1785153439769525000,1785153439769525000,121932490,121652369,-142.121,0.000,0.000,1.000,3.000,0.000,0.000,0.000,0,0,0
B3_zmq_pushpull,zmq_tcp,none,none,,1,3309,512,584,1785153439770401000,1785153439770402000,1785153439770402000,1785153439770403000,1785153439770521000,1785153439770523000,1785153439770523000,1785153439770523000,121932490,121652369,-162.121,1.000,0.000,1.000,2.000,0.000,0.000,0.000,0,0,0
B3_zmq_pushpull,zmq_tcp,none,none,,1,3310,512,584,1785153439771397000,1785153439771398000,1785153439771398000,1785153439771399000,1785153439771533000,1785153439771536000,1785153439771536000,1785153439771536000,121932490,121652369,-146.121,1.000,0.000,1.000,3.000,0.000,0.000,0.000,0,0,0
B3_zmq_pushpull,zmq_tcp,none,none,,1,3311,512,584,1785153439772398000,1785153439772398000,1785153439772398000,1785153439772399000,1785153439772545000,1785153439772548000,1785153439772548000,1785153439772548000,121932490,121652369,-134.121,0.000,0.000,1.000,3.000,0.000,0.000,0.000,0,0,0
B3_zmq_pushpull,zmq_tcp,none,none,,1,3312,512,584,1785153439773394000,1785153439773394000,1785153439773394000,1785153439773395000,1785153439773539000,1785153439773541000,1785153439773541000,1785153439773541000,121932490,121652369,-136.121,0.000,0.000,1.000,2.000,0.000,0.000,0.000,0,0,0
B3_zmq_pushpull,zmq_tcp,none,none,,1,3313,512,584,1785153439774398000,1785153439774398000,1785153439774398000,1785153439774399000,1785153439774542000,1785153439774545000,1785153439774545000,1785153439774545000,121932490,121652369,-137.121,0.000,0.000,1.000,3.000,0.000,0.000,0.000,0,0,0
B3_zmq_pushpull,zmq_tcp,none,none,,1,3314,512,584,1785153439775398000,1785153439775398000,1785153439775398000,1785153439775399000,1785153439775539000,1785153439775542000,1785153439775542000,1785153439775542000,121932490,121652369,-140.121,0.000,0.000,1.000,3.000,0.000,0.000,0.000,0,0,0
B3_zmq_pushpull,zmq_tcp,none,none,,1,3315,512,584,1785153439776398000,1785153439776398000,1785153439776398000,1785153439776399000,1785153439776538000,1785153439776541000,1785153439776541000,1785153439776541000,121932490,121652369,-141.121,0.000,0.000,1.000,3.000,0.000,0.000,0.000,0,0,0
B3_zmq_pushpull,zmq_tcp,none,none,,1,3316,512,584,1785153439777394000,1785153439777394000,1785153439777394000,1785153439777395000,1785153439777537000,1785153439777540000,1785153439777540000,1785153439777540000,121932490,121652369,-138.121,0.000,0.000,1.000,3.000,0.000,0.000,0.000,0,0,0
B3_zmq_pushpull,zmq_tcp,none,none,,1,3317,512,584,1785153439778399000,1785153439778400000,1785153439778400000,1785153439778401000,1785153439778544000,1785153439778546000,1785153439778546000,1785153439778546000,121932490,121652369,-137.121,1.000,0.000,1.000,2.000,0.000,0.000,0.000,0,0,0
B3_zmq_pushpull,zmq_tcp,none,none,,1,3318,512,584,1785153439779397000,1785153439779397000,1785153439779397000,1785153439779398000,1785153439779557000,1785153439779560000,1785153439779560000,1785153439779560000,121932490,121652369,-121.121,0.000,0.000,1.000,3.000,0.000,0.000,0.000,0,0,0
B3_zmq_pushpull,zmq_tcp,none,none,,1,3319,512,584,1785153439780398000,1785153439780398000,1785153439780398000,1785153439780399000,1785153439780542000,1785153439780546000,1785153439780546000,1785153439780546000,121932490,121652369,-137.121,0.000,0.000,1.000,4.000,0.000,0.000,0.000,0,0,0
B3_zmq_pushpull,zmq_tcp,none,none,,1,3320,512,584,1785153439781232000,1785153439781232000,1785153439781232000,1785153439781233000,1785153439781377000,1785153439781380000,1785153439781380000,1785153439781380000,121932490,121652369,-136.121,0.000,0.000,1.000,3.000,0.000,0.000,0.000,0,0,0
B3_zmq_pushpull,zmq_tcp,none,none,,1,3321,512,584,1785153439782440000,1785153439782440000,1785153439782441000,1785153439782441000,1785153439782525000,1785153439782528000,1785153439782528000,1785153439782528000,121932490,121652369,-196.121,0.000,1.000,0.000,3.000,0.000,0.000,0.000,0,0,0
B3_zmq_pushpull,zmq_tcp,none,none,,1,3322,512,584,1785153439783231000,1785153439783232000,1785153439783232000,1785153439783232000,1785153439783388000,1785153439783391000,1785153439783391000,1785153439783391000,121932490,121652369,-124.121,1.000,0.000,0.000,3.000,0.000,0.000,0.000,0,0,0
B3_zmq_pushpull,zmq_tcp,none,none,,1,3323,512,584,1785153439784248000,1785153439784248000,1785153439784248000,1785153439784249000,1785153439784409000,1785153439784412000,1785153439784412000,1785153439784412000,121932490,121652369,-120.121,0.000,0.000,1.000,3.000,0.000,0.000,0.000,0,0,0
B3_zmq_pushpull,zmq_tcp,none,none,,1,3324,512,584,1785153439785435000,1785153439785435000,1785153439785435000,1785153439785436000,1785153439785551000,1785153439785553000,1785153439785553000,1785153439785553000,121932490,121652369,-165.121,0.000,0.000,1.000,2.000,0.000,0.000,0.000,0,0,0
B3_zmq_pushpull,zmq_tcp,none,none,,1,3325,512,584,1785153439786388000,1785153439786388000,1785153439786388000,1785153439786389000,1785153439786539000,1785153439786541000,1785153439786541000,1785153439786541000,121932490,121652369,-130.121,0.000,0.000,1.000,2.000,0.000,0.000,0.000,0,0,0
B3_zmq_pushpull,zmq_tcp,none,none,,1,3326,512,584,1785153439787399000,1785153439787399000,1785153439787399000,1785153439787400000,1785153439787535000,1785153439787537000,1785153439787537000,1785153439787537000,121932490,121652369,-145.121,0.000,0.000,1.000,2.000,0.000,0.000,0.000,0,0,0
B3_zmq_pushpull,zmq_tcp,none,none,,1,3327,512,584,1785153439788394000,1785153439788394000,1785153439788394000,1785153439788395000,1785153439788543000,1785153439788549000,1785153439788549000,1785153439788549000,121932490,121652369,-132.121,0.000,0.000,1.000,6.000,0.000,0.000,0.000,0,0,0
B3_zmq_pushpull,zmq_tcp,none,none,,1,3328,512,584,1785153439789401000,1785153439789402000,1785153439789402000,1785153439789403000,1785153439789561000,1785153439789564000,1785153439789564000,1785153439789564000,121932490,121652369,-122.121,1.000,0.000,1.000,3.000,0.000,0.000,0.000,0,0,0
B3_zmq_pushpull,zmq_tcp,none,none,,1,3329,512,584,1785153439790399000,1785153439790399000,1785153439790399000,1785153439790400000,1785153439790563000,1785153439790565000,1785153439790565000,1785153439790565000,121932490,121652369,-117.121,0.000,0.000,1.000,2.000,0.000,0.000,0.000,0,0,0
B3_zmq_pushpull,zmq_tcp,none,none,,1,3330,512,584,1785153439791400000,1785153439791400000,1785153439791400000,1785153439791401000,1785153439791572000,1785153439791575000,1785153439791575000,1785153439791575000,121932490,121652369,-109.121,0.000,0.000,1.000,3.000,0.000,0.000,0.000,0,0,0
B3_zmq_pushpull,zmq_tcp,none,none,,1,3331,512,584,1785153439792396000,1785153439792396000,1785153439792396000,1785153439792397000,1785153439792577000,1785153439792579000,1785153439792580000,1785153439792580000,121932490,121652369,-100.121,0.000,0.000,1.000,2.000,1.000,0.000,0.000,0,0,0
B3_zmq_pushpull,zmq_tcp,none,none,,1,3332,512,584,1785153439793273000,1785153439793273000,1785153439793273000,1785153439793274000,1785153439793431000,1785153439793434000,1785153439793434000,1785153439793434000,121932490,121652369,-123.121,0.000,0.000,1.000,3.000,0.000,0.000,0.000,0,0,0
B3_zmq_pushpull,zmq_tcp,none,none,,1,3333,512,584,1785153439794282000,1785153439794282000,1785153439794283000,1785153439794283000,1785153439794439000,1785153439794441000,1785153439794441000,1785153439794441000,121932490,121652369,-124.121,0.000,1.000,0.000,2.000,0.000,0.000,0.000,0,0,0
B3_zmq_pushpull,zmq_tcp,none,none,,1,3334,512,584,1785153439795426000,1785153439795426000,1785153439795426000,1785153439795427000,1785153439795584000,1785153439795587000,1785153439795587000,1785153439795587000,121932490,121652369,-123.121,0.000,0.000,1.000,3.000,0.000,0.000,0.000,0,0,0
B3_zmq_pushpull,zmq_tcp,none,none,,1,3335,512,584,1785153439796391000,1785153439796391000,1785153439796391000,1785153439796392000,1785153439796588000,1785153439796591000,1785153439796591000,1785153439796591000,121932490,121652369,-84.121,0.000,0.000,1.000,3.000,0.000,0.000,0.000,0,0,0
B3_zmq_pushpull,zmq_tcp,none,none,,1,3336,512,584,1785153439797399000,1785153439797399000,1785153439797399000,1785153439797400000,1785153439797592000,1785153439797595000,1785153439797595000,1785153439797595000,121932490,121652369,-88.121,0.000,0.000,1.000,3.000,0.000,0.000,0.000,0,0,0
B3_zmq_pushpull,zmq_tcp,none,none,,1,3337,512,584,1785153439798397000,1785153439798398000,1785153439798398000,1785153439798399000,1785153439798579000,1785153439798581000,1785153439798581000,1785153439798581000,121932490,121652369,-100.121,1.000,0.000,1.000,2.000,0.000,0.000,0.000,0,0,0
B3_zmq_pushpull,zmq_tcp,none,none,,1,3338,512,584,1785153439799396000,1785153439799397000,1785153439799397000,1785153439799398000,1785153439799566000,1785153439799569000,1785153439799569000,1785153439799569000,121932490,121652369,-112.121,1.000,0.000,1.000,3.000,0.000,0.000,0.000,0,0,0
B3_zmq_pushpull,zmq_tcp,none,none,,1,3339,512,584,1785153439800400000,1785153439800400000,1785153439800400000,1785153439800401000,1785153439800559000,1785153439800562000,1785153439800562000,1785153439800562000,121932490,121652369,-122.121,0.000,0.000,1.000,3.000,0.000,0.000,0.000,0,0,0
B3_zmq_pushpull,zmq_tcp,none,none,,1,3340,512,584,1785153439801397000,1785153439801397000,1785153439801398000,1785153439801399000,1785153439801553000,1785153439801556000,1785153439801556000,1785153439801556000,121932490,121652369,-126.121,0.000,1.000,1.000,3.000,0.000,0.000,0.000,0,0,0
B3_zmq_pushpull,zmq_tcp,none,none,,1,3341,512,584,1785153439802399000,1785153439802399000,1785153439802399000,1785153439802400000,1785153439802573000,1785153439802576000,1785153439802576000,1785153439802576000,121932490,121652369,-107.121,0.000,0.000,1.000,3.000,0.000,0.000,0.000,0,0,0
B3_zmq_pushpull,zmq_tcp,none,none,,1,3342,512,584,1785153439803397000,1785153439803397000,1785153439803397000,1785153439803398000,1785153439803589000,1785153439803592000,1785153439803592000,1785153439803592000,121932490,121652369,-89.121,0.000,0.000,1.000,3.000,0.000,0.000,0.000,0,0,0
B3_zmq_pushpull,zmq_tcp,none,none,,1,3343,512,584,1785153439804401000,1785153439804401000,1785153439804401000,1785153439804402000,1785153439804592000,1785153439804595000,1785153439804595000,1785153439804595000,121932490,121652369,-90.121,0.000,0.000,1.000,3.000,0.000,0.000,0.000,0,0,0
B3_zmq_pushpull,zmq_tcp,none,none,,1,3344,512,584,1785153439805293000,1785153439805293000,1785153439805293000,1785153439805294000,1785153439805451000,1785153439805454000,1785153439805454000,1785153439805454000,121932490,121652369,-123.121,0.000,0.000,1.000,3.000,0.000,0.000,0.000,0,0,0
B3_zmq_pushpull,zmq_tcp,none,none,,1,3345,512,584,1785153439806292000,1785153439806292000,1785153439806292000,1785153439806293000,1785153439806449000,1785153439806452000,1785153439806452000,1785153439806452000,121932490,121652369,-124.121,0.000,0.000,1.000,3.000,0.000,0.000,0.000,0,0,0
B3_zmq_pushpull,zmq_tcp,none,none,,1,3346,512,584,1785153439807326000,1785153439807326000,1785153439807326000,1785153439807327000,1785153439807441000,1785153439807444000,1785153439807444000,1785153439807444000,121932490,121652369,-166.121,0.000,0.000,1.000,3.000,0.000,0.000,0.000,0,0,0
B3_zmq_pushpull,zmq_tcp,none,none,,1,3347,512,584,1785153439808415000,1785153439808415000,1785153439808416000,1785153439808416000,1785153439808572000,1785153439808575000,1785153439808575000,1785153439808575000,121932490,121652369,-124.121,0.000,1.000,0.000,3.000,0.000,0.000,0.000,0,0,0
B3_zmq_pushpull,zmq_tcp,none,none,,1,3348,512,584,1785153439809393000,1785153439809393000,1785153439809393000,1785153439809394000,1785153439809570000,1785153439809573000,1785153439809573000,1785153439809573000,121932490,121652369,-104.121,0.000,0.000,1.000,3.000,0.000,0.000,0.000,0,0,0
B3_zmq_pushpull,zmq_tcp,none,none,,1,3349,512,584,1785153439810250000,1785153439810250000,1785153439810250000,1785153439810251000,1785153439810410000,1785153439810413000,1785153439810413000,1785153439810413000,121932490,121652369,-121.121,0.000,0.000,1.000,3.000,0.000,0.000,0.000,0,0,0
B3_zmq_pushpull,zmq_tcp,none,none,,1,3350,512,584,1785153439811434000,1785153439811434000,1785153439811434000,1785153439811435000,1785153439811542000,1785153439811544000,1785153439811544000,1785153439811544000,121932490,121652369,-173.121,0.000,0.000,1.000,2.000,0.000,0.000,0.000,0,0,0
B3_zmq_pushpull,zmq_tcp,none,none,,1,3351,512,584,1785153439812387000,1785153439812387000,1785153439812388000,1785153439812388000,1785153439812544000,1785153439812547000,1785153439812547000,1785153439812547000,121932490,121652369,-124.121,0.000,1.000,0.000,3.000,0.000,0.000,0.000,0,0,0
B3_zmq_pushpull,zmq_tcp,none,none,,1,3352,512,584,1785153439813401000,1785153439813401000,1785153439813401000,1785153439813402000,1785153439813533000,1785153439813537000,1785153439813537000,1785153439813537000,121932490,121652369,-149.121,0.000,0.000,1.000,4.000,0.000,0.000,0.000,0,0,0
B3_zmq_pushpull,zmq_tcp,none,none,,1,3353,512,584,1785153439814394000,1785153439814394000,1785153439814394000,1785153439814395000,1785153439814507000,1785153439814509000,1785153439814509000,1785153439814509000,121932490,121652369,-168.121,0.000,0.000,1.000,2.000,0.000,0.000,0.000,0,0,0
B3_zmq_pushpull,zmq_tcp,none,none,,1,3354,512,584,1785153439815399000,1785153439815399000,1785153439815399000,1785153439815400000,1785153439815506000,1785153439815509000,1785153439815509000,1785153439815509000,121932490,121652369,-174.121,0.000,0.000,1.000,3.000,0.000,0.000,0.000,0,0,0
B3_zmq_pushpull,zmq_tcp,none,none,,1,3355,512,584,1785153439816397000,1785153439816397000,1785153439816397000,1785153439816398000,1785153439816499000,1785153439816502000,1785153439816502000,1785153439816502000,121932490,121652369,-179.121,0.000,0.000,1.000,3.000,0.000,0.000,0.000,0,0,0
B3_zmq_pushpull,zmq_tcp,none,none,,1,3356,512,584,1785153439817400000,1785153439817401000,1785153439817401000,1785153439817402000,1785153439817486000,1785153439817489000,1785153439817489000,1785153439817489000,121932490,121652369,-196.121,1.000,0.000,1.000,3.000,0.000,0.000,0.000,0,0,0
B3_zmq_pushpull,zmq_tcp,none,none,,1,3357,512,584,1785153439818396000,1785153439818396000,1785153439818396000,1785153439818397000,1785153439818458000,1785153439818461000,1785153439818461000,1785153439818461000,121932490,121652369,-219.121,0.000,0.000,1.000,3.000,0.000,0.000,0.000,0,0,0
B3_zmq_pushpull,zmq_tcp,none,none,,1,3358,512,584,1785153439819399000,1785153439819399000,1785153439819399000,1785153439819400000,1785153439819451000,1785153439819454000,1785153439819454000,1785153439819454000,121932490,121652369,-229.121,0.000,0.000,1.000,3.000,0.000,0.000,0.000,0,0,0
B3_zmq_pushpull,zmq_tcp,none,none,,1,3359,512,584,1785153439820398000,1785153439820398000,1785153439820398000,1785153439820399000,1785153439820583000,1785153439820586000,1785153439820586000,1785153439820586000,121932490,121652369,-96.121,0.000,0.000,1.000,3.000,0.000,0.000,0.000,0,0,0
B3_zmq_pushpull,zmq_tcp,none,none,,1,3360,512,584,1785153439821397000,1785153439821397000,1785153439821397000,1785153439821398000,1785153439821570000,1785153439821574000,1785153439821574000,1785153439821574000,121932490,121652369,-108.121,0.000,0.000,1.000,4.000,0.000,0.000,0.000,0,0,0
B3_zmq_pushpull,zmq_tcp,none,none,,1,3361,512,584,1785153439822398000,1785153439822399000,1785153439822399000,1785153439822400000,1785153439822580000,1785153439822583000,1785153439822583000,1785153439822583000,121932490,121652369,-100.121,1.000,0.000,1.000,3.000,0.000,0.000,0.000,0,0,0
B3_zmq_pushpull,zmq_tcp,none,none,,1,3362,512,584,1785153439823397000,1785153439823397000,1785153439823397000,1785153439823398000,1785153439823452000,1785153439823455000,1785153439823455000,1785153439823455000,121932490,121652369,-226.121,0.000,0.000,1.000,3.000,0.000,0.000,0.000,0,0,0
B3_zmq_pushpull,zmq_tcp,none,none,,1,3363,512,584,1785153439824398000,1785153439824398000,1785153439824398000,1785153439824399000,1785153439824471000,1785153439824474000,1785153439824474000,1785153439824474000,121932490,121652369,-208.121,0.000,0.000,1.000,3.000,0.000,0.000,0.000,0,0,0
B3_zmq_pushpull,zmq_tcp,none,none,,1,3364,512,584,1785153439825317000,1785153439825318000,1785153439825318000,1785153439825319000,1785153439825476000,1785153439825478000,1785153439825478000,1785153439825479000,121932490,121652369,-123.121,1.000,0.000,1.000,2.000,0.000,1.000,0.000,0,0,0
B3_zmq_pushpull,zmq_tcp,none,none,,1,3365,512,584,1785153439826418000,1785153439826418000,1785153439826418000,1785153439826419000,1785153439826486000,1785153439826489000,1785153439826489000,1785153439826489000,121932490,121652369,-213.121,0.000,0.000,1.000,3.000,0.000,0.000,0.000,0,0,0
B3_zmq_pushpull,zmq_tcp,none,none,,1,3366,512,584,1785153439827394000,1785153439827394000,1785153439827394000,1785153439827395000,1785153439827483000,1785153439827486000,1785153439827486000,1785153439827486000,121932490,121652369,-192.121,0.000,0.000,1.000,3.000,0.000,0.000,0.000,0,0,0
B3_zmq_pushpull,zmq_tcp,none,none,,1,3367,512,584,1785153439828399000,1785153439828400000,1785153439828400000,1785153439828401000,1785153439828467000,1785153439828470000,1785153439828470000,1785153439828470000,121932490,121652369,-214.121,1.000,0.000,1.000,3.000,0.000,0.000,0.000,0,0,0
B3_zmq_pushpull,zmq_tcp,none,none,,1,3368,512,584,1785153439829394000,1785153439829394000,1785153439829394000,1785153439829395000,1785153439829452000,1785153439829456000,1785153439829456000,1785153439829456000,121932490,121652369,-223.121,0.000,0.000,1.000,4.000,0.000,0.000,0.000,0,0,0
B3_zmq_pushpull,zmq_tcp,none,none,,1,3369,512,584,1785153439830399000,1785153439830399000,1785153439830400000,1785153439830400000,1785153439830463000,1785153439830465000,1785153439830465000,1785153439830465000,121932490,121652369,-217.121,0.000,1.000,0.000,2.000,0.000,0.000,0.000,0,0,0
B3_zmq_pushpull,zmq_tcp,none,none,,1,3370,512,584,1785153439831398000,1785153439831398000,1785153439831398000,1785153439831399000,1785153439831449000,1785153439831453000,1785153439831453000,1785153439831453000,121932490,121652369,-230.121,0.000,0.000,1.000,4.000,0.000,0.000,0.000,0,0,0
B3_zmq_pushpull,zmq_tcp,none,none,,1,3371,512,584,1785153439832303000,1785153439832303000,1785153439832303000,1785153439832304000,1785153439832458000,1785153439832460000,1785153439832460000,1785153439832460000,121932490,121652369,-126.121,0.000,0.000,1.000,2.000,0.000,0.000,0.000,0,0,0
B3_zmq_pushpull,zmq_tcp,none,none,,1,3372,512,584,1785153439833295000,1785153439833295000,1785153439833295000,1785153439833296000,1785153439833451000,1785153439833453000,1785153439833454000,1785153439833454000,121932490,121652369,-125.121,0.000,0.000,1.000,2.000,1.000,0.000,0.000,0,0,0
B3_zmq_pushpull,zmq_tcp,none,none,,1,3373,512,584,1785153439834423000,1785153439834424000,1785153439834424000,1785153439834425000,1785153439834576000,1785153439834580000,1785153439834580000,1785153439834580000,121932490,121652369,-129.121,1.000,0.000,1.000,4.000,0.000,0.000,0.000,0,0,0
B3_zmq_pushpull,zmq_tcp,none,none,,1,3374,512,584,1785153439835393000,1785153439835393000,1785153439835393000,1785153439835394000,1785153439835548000,1785153439835551000,1785153439835551000,1785153439835551000,121932490,121652369,-126.121,0.000,0.000,1.000,3.000,0.000,0.000,0.000,0,0,0
B3_zmq_pushpull,zmq_tcp,none,none,,1,3375,512,584,1785153439836250000,1785153439836250000,1785153439836250000,1785153439836251000,1785153439836407000,1785153439836411000,1785153439836411000,1785153439836411000,121932490,121652369,-124.121,0.000,0.000,1.000,4.000,0.000,0.000,0.000,0,0,0
B3_zmq_pushpull,zmq_tcp,none,none,,1,3376,512,584,1785153439837436000,1785153439837436000,1785153439837436000,1785153439837437000,1785153439837560000,1785153439837563000,1785153439837563000,1785153439837563000,121932490,121652369,-157.121,0.000,0.000,1.000,3.000,0.000,0.000,0.000,0,0,0
B3_zmq_pushpull,zmq_tcp,none,none,,1,3377,512,584,1785153439838394000,1785153439838394000,1785153439838394000,1785153439838395000,1785153439838564000,1785153439838567000,1785153439838567000,1785153439838567000,121932490,121652369,-111.121,0.000,0.000,1.000,3.000,0.000,0.000,0.000,0,0,0
B3_zmq_pushpull,zmq_tcp,none,none,,1,3378,512,584,1785153439839398000,1785153439839398000,1785153439839398000,1785153439839399000,1785153439839579000,1785153439839582000,1785153439839582000,1785153439839582000,121932490,121652369,-100.121,0.000,0.000,1.000,3.000,0.000,0.000,0.000,0,0,0
B3_zmq_pushpull,zmq_tcp,none,none,,1,3379,512,584,1785153439840398000,1785153439840398000,1785153439840398000,1785153439840399000,1785153439840590000,1785153439840594000,1785153439840594000,1785153439840594000,121932490,121652369,-89.121,0.000,0.000,1.000,4.000,0.000,0.000,0.000,0,0,0
B3_zmq_pushpull,zmq_tcp,none,none,,1,3380,512,584,1785153439841298000,1785153439841299000,1785153439841299000,1785153439841300000,1785153439841451000,1785153439841454000,1785153439841454000,1785153439841454000,121932490,121652369,-129.121,1.000,0.000,1.000,3.000,0.000,0.000,0.000,0,0,0
B3_zmq_pushpull,zmq_tcp,none,none,,1,3381,512,584,1785153439842426000,1785153439842426000,1785153439842426000,1785153439842427000,1785153439842588000,1785153439842591000,1785153439842591000,1785153439842591000,121932490,121652369,-119.121,0.000,0.000,1.000,3.000,0.000,0.000,0.000,0,0,0
B3_zmq_pushpull,zmq_tcp,none,none,,1,3382,512,584,1785153439843311000,1785153439843311000,1785153439843311000,1785153439843312000,1785153439843472000,1785153439843476000,1785153439843476000,1785153439843476000,121932490,121652369,-120.121,0.000,0.000,1.000,4.000,0.000,0.000,0.000,0,0,0
B3_zmq_pushpull,zmq_tcp,none,none,,1,3383,512,584,1785153439844202000,1785153439844203000,1785153439844203000,1785153439844204000,1785153439844348000,1785153439844351000,1785153439844351000,1785153439844351000,121932490,121652369,-136.121,1.000,0.000,1.000,3.000,0.000,0.000,0.000,0,0,0
B3_zmq_pushpull,zmq_tcp,none,none,,1,3384,512,584,1785153439845450000,1785153439845451000,1785153439845451000,1785153439845452000,1785153439845624000,1785153439845627000,1785153439845627000,1785153439845627000,121932490,121652369,-108.121,1.000,0.000,1.000,3.000,0.000,0.000,0.000,0,0,0
B3_zmq_pushpull,zmq_tcp,none,none,,1,3385,512,584,1785153439846383000,1785153439846383000,1785153439846384000,1785153439846384000,1785153439846476000,1785153439846479000,1785153439846479000,1785153439846479000,121932490,121652369,-188.121,0.000,1.000,0.000,3.000,0.000,0.000,0.000,0,0,0
B3_zmq_pushpull,zmq_tcp,none,none,,1,3386,512,584,1785153439847402000,1785153439847402000,1785153439847402000,1785153439847403000,1785153439847476000,1785153439847479000,1785153439847479000,1785153439847479000,121932490,121652369,-207.121,0.000,0.000,1.000,3.000,0.000,0.000,0.000,0,0,0
B3_zmq_pushpull,zmq_tcp,none,none,,1,3387,512,584,1785153439848397000,1785153439848397000,1785153439848397000,1785153439848398000,1785153439848463000,1785153439848466000,1785153439848466000,1785153439848466000,121932490,121652369,-215.121,0.000,0.000,1.000,3.000,0.000,0.000,0.000,0,0,0
B3_zmq_pushpull,zmq_tcp,none,none,,1,3388,512,584,1785153439849397000,1785153439849397000,1785153439849397000,1785153439849399000,1785153439849454000,1785153439849457000,1785153439849457000,1785153439849457000,121932490,121652369,-225.121,0.000,0.000,2.000,3.000,0.000,0.000,0.000,0,0,0
B3_zmq_pushpull,zmq_tcp,none,none,,1,3389,512,584,1785153439850394000,1785153439850394000,1785153439850394000,1785153439850395000,1785153439850564000,1785153439850567000,1785153439850567000,1785153439850567000,121932490,121652369,-111.121,0.000,0.000,1.000,3.000,0.000,0.000,0.000,0,0,0
B3_zmq_pushpull,zmq_tcp,none,none,,1,3390,512,584,1785153439851403000,1785153439851403000,1785153439851403000,1785153439851404000,1785153439851574000,1785153439851577000,1785153439851577000,1785153439851577000,121932490,121652369,-110.121,0.000,0.000,1.000,3.000,0.000,0.000,0.000,0,0,0
B3_zmq_pushpull,zmq_tcp,none,none,,1,3391,512,584,1785153439852397000,1785153439852397000,1785153439852397000,1785153439852398000,1785153439852581000,1785153439852584000,1785153439852585000,1785153439852585000,121932490,121652369,-97.121,0.000,0.000,1.000,3.000,1.000,0.000,0.000,0,0,0
B3_zmq_pushpull,zmq_tcp,none,none,,1,3392,512,584,1785153439853399000,1785153439853399000,1785153439853399000,1785153439853400000,1785153439853560000,1785153439853563000,1785153439853563000,1785153439853563000,121932490,121652369,-120.121,0.000,0.000,1.000,3.000,0.000,0.000,0.000,0,0,0
B3_zmq_pushpull,zmq_tcp,none,none,,1,3393,512,584,1785153439854395000,1785153439854396000,1785153439854396000,1785153439854396000,1785153439854530000,1785153439854534000,1785153439854534000,1785153439854534000,121932490,121652369,-146.121,1.000,0.000,0.000,4.000,0.000,0.000,0.000,0,0,0
B3_zmq_pushpull,zmq_tcp,none,none,,1,3394,512,584,1785153439855400000,1785153439855400000,1785153439855400000,1785153439855401000,1785153439855511000,1785153439855514000,1785153439855514000,1785153439855514000,121932490,121652369,-170.121,0.000,0.000,1.000,3.000,0.000,0.000,0.000,0,0,0
B3_zmq_pushpull,zmq_tcp,none,none,,1,3395,512,584,1785153439856397000,1785153439856397000,1785153439856397000,1785153439856398000,1785153439856492000,1785153439856495000,1785153439856495000,1785153439856495000,121932490,121652369,-186.121,0.000,0.000,1.000,3.000,0.000,0.000,0.000,0,0,0
B3_zmq_pushpull,zmq_tcp,none,none,,1,3396,512,584,1785153439857398000,1785153439857398000,1785153439857398000,1785153439857400000,1785153439857462000,1785153439857464000,1785153439857464000,1785153439857464000,121932490,121652369,-218.121,0.000,0.000,2.000,2.000,0.000,0.000,0.000,0,0,0
B3_zmq_pushpull,zmq_tcp,none,none,,1,3397,512,584,1785153439858394000,1785153439858394000,1785153439858394000,1785153439858395000,1785153439858451000,1785153439858454000,1785153439858454000,1785153439858454000,121932490,121652369,-224.121,0.000,0.000,1.000,3.000,0.000,0.000,0.000,0,0,0
B3_zmq_pushpull,zmq_tcp,none,none,,1,3398,512,584,1785153439859398000,1785153439859398000,1785153439859398000,1785153439859399000,1785153439859574000,1785153439859576000,1785153439859576000,1785153439859576000,121932490,121652369,-105.121,0.000,0.000,1.000,2.000,0.000,0.000,0.000,0,0,0
B3_zmq_pushpull,zmq_tcp,none,none,,1,3399,512,584,1785153439860398000,1785153439860398000,1785153439860398000,1785153439860399000,1785153439860570000,1785153439860573000,1785153439860573000,1785153439860573000,121932490,121652369,-109.121,0.000,0.000,1.000,3.000,0.000,0.000,0.000,0,0,0
B3_zmq_pushpull,zmq_tcp,none,none,,1,3400,512,584,1785153439861397000,1785153439861397000,1785153439861397000,1785153439861398000,1785153439861574000,1785153439861576000,1785153439861576000,1785153439861577000,121932490,121652369,-104.121,0.000,0.000,1.000,2.000,0.000,1.000,0.000,0,0,0
B3_zmq_pushpull,zmq_tcp,none,none,,1,3401,512,584,1785153439862256000,1785153439862256000,1785153439862256000,1785153439862257000,1785153439862417000,1785153439862420000,1785153439862420000,1785153439862420000,121932490,121652369,-120.121,0.000,0.000,1.000,3.000,0.000,0.000,0.000,0,0,0
B3_zmq_pushpull,zmq_tcp,none,none,,1,3402,512,584,1785153439863436000,1785153439863436000,1785153439863436000,1785153439863437000,1785153439863542000,1785153439863544000,1785153439863544000,1785153439863544000,121932490,121652369,-175.121,0.000,0.000,1.000,2.000,0.000,0.000,0.000,0,0,0
B3_zmq_pushpull,zmq_tcp,none,none,,1,3403,512,584,1785153439864389000,1785153439864389000,1785153439864389000,1785153439864390000,1785153439864539000,1785153439864543000,1785153439864543000,1785153439864543000,121932490,121652369,-131.121,0.000,0.000,1.000,4.000,0.000,0.000,0.000,0,0,0
B3_zmq_pushpull,zmq_tcp,none,none,,1,3404,512,584,1785153439865400000,1785153439865400000,1785153439865400000,1785153439865401000,1785153439865562000,1785153439865564000,1785153439865564000,1785153439865564000,121932490,121652369,-119.121,0.000,0.000,1.000,2.000,0.000,0.000,0.000,0,0,0
B3_zmq_pushpull,zmq_tcp,none,none,,1,3405,512,584,1785153439866398000,1785153439866398000,1785153439866398000,1785153439866399000,1785153439866564000,1785153439866567000,1785153439866567000,1785153439866567000,121932490,121652369,-115.121,0.000,0.000,1.000,3.000,0.000,0.000,0.000,0,0,0
B3_zmq_pushpull,zmq_tcp,none,none,,1,3406,512,584,1785153439867398000,1785153439867398000,1785153439867398000,1785153439867399000,1785153439867572000,1785153439867575000,1785153439867575000,1785153439867575000,121932490,121652369,-107.121,0.000,0.000,1.000,3.000,0.000,0.000,0.000,0,0,0
B3_zmq_pushpull,zmq_tcp,none,none,,1,3407,512,584,1785153439868400000,1785153439868400000,1785153439868400000,1785153439868401000,1785153439868571000,1785153439868574000,1785153439868574000,1785153439868574000,121932490,121652369,-110.121,0.000,0.000,1.000,3.000,0.000,0.000,0.000,0,0,0
B3_zmq_pushpull,zmq_tcp,none,none,,1,3408,512,584,1785153439869398000,1785153439869398000,1785153439869398000,1785153439869399000,1785153439869578000,1785153439869581000,1785153439869581000,1785153439869581000,121932490,121652369,-101.121,0.000,0.000,1.000,3.000,0.000,0.000,0.000,0,0,0
B3_zmq_pushpull,zmq_tcp,none,none,,1,3409,512,584,1785153439870293000,1785153439870293000,1785153439870293000,1785153439870295000,1785153439870450000,1785153439870453000,1785153439870453000,1785153439870453000,121932490,121652369,-125.121,0.000,0.000,2.000,3.000,0.000,0.000,0.000,0,0,0
B3_zmq_pushpull,zmq_tcp,none,none,,1,3410,512,584,1785153439871425000,1785153439871425000,1785153439871425000,1785153439871426000,1785153439871620000,1785153439871623000,1785153439871623000,1785153439871623000,121932490,121652369,-86.121,0.000,0.000,1.000,3.000,0.000,0.000,0.000,0,0,0
B3_zmq_pushpull,zmq_tcp,none,none,,1,3411,512,584,1785153439872329000,1785153439872329000,1785153439872329000,1785153439872330000,1785153439872480000,1785153439872483000,1785153439872483000,1785153439872483000,121932490,121652369,-130.121,0.000,0.000,1.000,3.000,0.000,0.000,0.000,0,0,0
B3_zmq_pushpull,zmq_tcp,none,none,,1,3412,512,584,1785153439873415000,1785153439873416000,1785153439873416000,1785153439873417000,1785153439873489000,1785153439873493000,1785153439873493000,1785153439873493000,121932490,121652369,-208.121,1.000,0.000,1.000,4.000,0.000,0.000,0.000,0,0,0
B3_zmq_pushpull,zmq_tcp,none,none,,1,3413,512,584,1785153439874392000,1785153439874393000,1785153439874393000,1785153439874394000,1785153439874504000,1785153439874507000,1785153439874507000,1785153439874507000,121932490,121652369,-170.121,1.000,0.000,1.000,3.000,0.000,0.000,0.000,0,0,0
B3_zmq_pushpull,zmq_tcp,none,none,,1,3414,512,584,1785153439875401000,1785153439875401000,1785153439875401000,1785153439875402000,1785153439875497000,1785153439875500000,1785153439875500000,1785153439875500000,121932490,121652369,-185.121,0.000,0.000,1.000,3.000,0.000,0.000,0.000,0,0,0
B3_zmq_pushpull,zmq_tcp,none,none,,1,3415,512,584,1785153439876359000,1785153439876360000,1785153439876360000,1785153439876361000,1785153439876506000,1785153439876509000,1785153439876509000,1785153439876509000,121932490,121652369,-135.121,1.000,0.000,1.000,3.000,0.000,0.000,0.000,0,0,0
B3_zmq_pushpull,zmq_tcp,none,none,,1,3416,512,584,1785153439877409000,1785153439877409000,1785153439877409000,1785153439877410000,1785153439877495000,1785153439877498000,1785153439877498000,1785153439877498000,121932490,121652369,-195.121,0.000,0.000,1.000,3.000,0.000,0.000,0.000,0,0,0
B3_zmq_pushpull,zmq_tcp,none,none,,1,3417,512,584,1785153439878346000,1785153439878346000,1785153439878346000,1785153439878347000,1785153439878485000,1785153439878488000,1785153439878488000,1785153439878488000,121932490,121652369,-142.121,0.000,0.000,1.000,3.000,0.000,0.000,0.000,0,0,0
B3_zmq_pushpull,zmq_tcp,none,none,,1,3418,512,584,1785153439879209000,1785153439879209000,1785153439879209000,1785153439879210000,1785153439879356000,1785153439879359000,1785153439879359000,1785153439879359000,121932490,121652369,-134.121,0.000,0.000,1.000,3.000,0.000,0.000,0.000,0,0,0
B3_zmq_pushpull,zmq_tcp,none,none,,1,3419,512,584,1785153439880214000,1785153439880214000,1785153439880214000,1785153439880215000,1785153439880362000,1785153439880365000,1785153439880365000,1785153439880365000,121932490,121652369,-133.121,0.000,0.000,1.000,3.000,0.000,0.000,0.000,0,0,0
B3_zmq_pushpull,zmq_tcp,none,none,,1,3420,512,584,1785153439881211000,1785153439881211000,1785153439881211000,1785153439881212000,1785153439881371000,1785153439881374000,1785153439881374000,1785153439881375000,121932490,121652369,-121.121,0.000,0.000,1.000,3.000,0.000,1.000,0.000,0,0,0
B3_zmq_pushpull,zmq_tcp,none,none,,1,3421,512,584,1785153439882215000,1785153439882216000,1785153439882216000,1785153439882217000,1785153439882359000,1785153439882362000,1785153439882362000,1785153439882362000,121932490,121652369,-138.121,1.000,0.000,1.000,3.000,0.000,0.000,0.000,0,0,0
B3_zmq_pushpull,zmq_tcp,none,none,,1,3422,512,584,1785153439883230000,1785153439883230000,1785153439883230000,1785153439883231000,1785153439883370000,1785153439883373000,1785153439883373000,1785153439883373000,121932490,121652369,-141.121,0.000,0.000,1.000,3.000,0.000,0.000,0.000,0,0,0
B3_zmq_pushpull,zmq_tcp,none,none,,1,3423,512,584,1785153439884215000,1785153439884215000,1785153439884215000,1785153439884216000,1785153439884367000,1785153439884370000,1785153439884370000,1785153439884370000,121932490,121652369,-129.121,0.000,0.000,1.000,3.000,0.000,0.000,0.000,0,0,0
B3_zmq_pushpull,zmq_tcp,none,none,,1,3424,512,584,1785153439885444000,1785153439885444000,1785153439885444000,1785153439885445000,1785153439885634000,1785153439885636000,1785153439885636000,1785153439885636000,121932490,121652369,-91.121,0.000,0.000,1.000,2.000,0.000,0.000,0.000,0,0,0
B3_zmq_pushpull,zmq_tcp,none,none,,1,3425,512,584,1785153439886202000,1785153439886202000,1785153439886202000,1785153439886203000,1785153439886355000,1785153439886358000,1785153439886358000,1785153439886358000,121932490,121652369,-128.121,0.000,0.000,1.000,3.000,0.000,0.000,0.000,0,0,0
B3_zmq_pushpull,zmq_tcp,none,none,,1,3426,512,584,1785153439887448000,1785153439887448000,1785153439887448000,1785153439887449000,1785153439887642000,1785153439887644000,1785153439887644000,1785153439887644000,121932490,121652369,-87.121,0.000,0.000,1.000,2.000,0.000,0.000,0.000,0,0,0
B3_zmq_pushpull,zmq_tcp,none,none,,1,3427,512,584,1785153439888211000,1785153439888211000,1785153439888212000,1785153439888212000,1785153439888358000,1785153439888360000,1785153439888360000,1785153439888360000,121932490,121652369,-134.121,0.000,1.000,0.000,2.000,0.000,0.000,0.000,0,0,0
B3_zmq_pushpull,zmq_tcp,none,none,,1,3428,512,584,1785153439889211000,1785153439889212000,1785153439889212000,1785153439889213000,1785153439889357000,1785153439889362000,1785153439889362000,1785153439889362000,121932490,121652369,-136.121,1.000,0.000,1.000,5.000,0.000,0.000,0.000,0,0,0
B3_zmq_pushpull,zmq_tcp,none,none,,1,3429,512,584,1785153439890207000,1785153439890207000,1785153439890207000,1785153439890208000,1785153439890354000,1785153439890356000,1785153439890357000,1785153439890357000,121932490,121652369,-134.121,0.000,0.000,1.000,2.000,1.000,0.000,0.000,0,0,0
B3_zmq_pushpull,zmq_tcp,none,none,,1,3430,512,584,1785153439891446000,1785153439891446000,1785153439891446000,1785153439891447000,1785153439891646000,1785153439891648000,1785153439891648000,1785153439891648000,121932490,121652369,-81.121,0.000,0.000,1.000,2.000,0.000,0.000,0.000,0,0,0
B3_zmq_pushpull,zmq_tcp,none,none,,1,3431,512,584,1785153439892383000,1785153439892383000,1785153439892384000,1785153439892384000,1785153439892511000,1785153439892514000,1785153439892514000,1785153439892514000,121932490,121652369,-153.121,0.000,1.000,0.000,3.000,0.000,0.000,0.000,0,0,0
B3_zmq_pushpull,zmq_tcp,none,none,,1,3432,512,584,1785153439893402000,1785153439893402000,1785153439893402000,1785153439893403000,1785153439893514000,1785153439893517000,1785153439893518000,1785153439893518000,121932490,121652369,-169.121,0.000,0.000,1.000,3.000,1.000,0.000,0.000,0,0,0
B3_zmq_pushpull,zmq_tcp,none,none,,1,3433,512,584,1785153439894216000,1785153439894216000,1785153439894216000,1785153439894217000,1785153439894375000,1785153439894378000,1785153439894378000,1785153439894378000,121932490,121652369,-122.121,0.000,0.000,1.000,3.000,0.000,0.000,0.000,0,0,0
B3_zmq_pushpull,zmq_tcp,none,none,,1,3434,512,584,1785153439895444000,1785153439895444000,1785153439895444000,1785153439895445000,1785153439895644000,1785153439895647000,1785153439895647000,1785153439895647000,121932490,121652369,-81.121,0.000,0.000,1.000,3.000,0.000,0.000,0.000,0,0,0
B3_zmq_pushpull,zmq_tcp,none,none,,1,3435,512,584,1785153439896388000,1785153439896388000,1785153439896388000,1785153439896389000,1785153439896530000,1785153439896532000,1785153439896532000,1785153439896532000,121932490,121652369,-139.121,0.000,0.000,1.000,2.000,0.000,0.000,0.000,0,0,0
B3_zmq_pushpull,zmq_tcp,none,none,,1,3436,512,584,1785153439897401000,1785153439897401000,1785153439897401000,1785153439897402000,1785153439897524000,1785153439897527000,1785153439897527000,1785153439897527000,121932490,121652369,-158.121,0.000,0.000,1.000,3.000,0.000,0.000,0.000,0,0,0
B3_zmq_pushpull,zmq_tcp,none,none,,1,3437,512,584,1785153439898398000,1785153439898398000,1785153439898398000,1785153439898399000,1785153439898516000,1785153439898519000,1785153439898519000,1785153439898519000,121932490,121652369,-163.121,0.000,0.000,1.000,3.000,0.000,0.000,0.000,0,0,0
B3_zmq_pushpull,zmq_tcp,none,none,,1,3438,512,584,1785153439899398000,1785153439899398000,1785153439899398000,1785153439899399000,1785153439899522000,1785153439899524000,1785153439899524000,1785153439899524000,121932490,121652369,-157.121,0.000,0.000,1.000,2.000,0.000,0.000,0.000,0,0,0
B3_zmq_pushpull,zmq_tcp,none,none,,1,3439,512,584,1785153439900245000,1785153439900245000,1785153439900245000,1785153439900246000,1785153439900403000,1785153439900406000,1785153439900406000,1785153439900406000,121932490,121652369,-123.121,0.000,0.000,1.000,3.000,0.000,0.000,0.000,0,0,0
B3_zmq_pushpull,zmq_tcp,none,none,,1,3440,512,584,1785153439901437000,1785153439901437000,1785153439901437000,1785153439901438000,1785153439901555000,1785153439901558000,1785153439901558000,1785153439901558000,121932490,121652369,-163.121,0.000,0.000,1.000,3.000,0.000,0.000,0.000,0,0,0
B3_zmq_pushpull,zmq_tcp,none,none,,1,3441,512,584,1785153439902390000,1785153439902390000,1785153439902390000,1785153439902391000,1785153439902578000,1785153439902581000,1785153439902581000,1785153439902581000,121932490,121652369,-93.121,0.000,0.000,1.000,3.000,0.000,0.000,0.000,0,0,0
B3_zmq_pushpull,zmq_tcp,none,none,,1,3442,512,584,1785153439903280000,1785153439903280000,1785153439903280000,1785153439903281000,1785153439903431000,1785153439903434000,1785153439903434000,1785153439903434000,121932490,121652369,-130.121,0.000,0.000,1.000,3.000,0.000,0.000,0.000,0,0,0
B3_zmq_pushpull,zmq_tcp,none,none,,1,3443,512,584,1785153439904259000,1785153439904259000,1785153439904259000,1785153439904260000,1785153439904401000,1785153439904404000,1785153439904404000,1785153439904404000,121932490,121652369,-139.121,0.000,0.000,1.000,3.000,0.000,0.000,0.000,0,0,0
B3_zmq_pushpull,zmq_tcp,none,none,,1,3444,512,584,1785153439905432000,1785153439905432000,1785153439905432000,1785153439905433000,1785153439905515000,1785153439905519000,1785153439905519000,1785153439905519000,121932490,121652369,-198.121,0.000,0.000,1.000,4.000,0.000,0.000,0.000,0,0,0
B3_zmq_pushpull,zmq_tcp,none,none,,1,3445,512,584,1785153439906389000,1785153439906389000,1785153439906389000,1785153439906390000,1785153439906490000,1785153439906493000,1785153439906493000,1785153439906493000,121932490,121652369,-180.121,0.000,0.000,1.000,3.000,0.000,0.000,0.000,0,0,0
B3_zmq_pushpull,zmq_tcp,none,none,,1,3446,512,584,1785153439907400000,1785153439907400000,1785153439907400000,1785153439907401000,1785153439907485000,1785153439907487000,1785153439907487000,1785153439907487000,121932490,121652369,-196.121,0.000,0.000,1.000,2.000,0.000,0.000,0.000,0,0,0
B3_zmq_pushpull,zmq_tcp,none,none,,1,3447,512,584,1785153439908397000,1785153439908397000,1785153439908397000,1785153439908398000,1785153439908468000,1785153439908471000,1785153439908471000,1785153439908471000,121932490,121652369,-210.121,0.000,0.000,1.000,3.000,0.000,0.000,0.000,0,0,0
B3_zmq_pushpull,zmq_tcp,none,none,,1,3448,512,584,1785153439909399000,1785153439909399000,1785153439909399000,1785153439909400000,1785153439909593000,1785153439909596000,1785153439909596000,1785153439909596000,121932490,121652369,-87.121,0.000,0.000,1.000,3.000,0.000,0.000,0.000,0,0,0
B3_zmq_pushpull,zmq_tcp,none,none,,1,3449,512,584,1785153439910394000,1785153439910395000,1785153439910395000,1785153439910396000,1785153439910578000,1785153439910582000,1785153439910582000,1785153439910582000,121932490,121652369,-98.121,1.000,0.000,1.000,4.000,0.000,0.000,0.000,0,0,0
B3_zmq_pushpull,zmq_tcp,none,none,,1,3450,512,584,1785153439911402000,1785153439911402000,1785153439911402000,1785153439911403000,1785153439911591000,1785153439911594000,1785153439911594000,1785153439911594000,121932490,121652369,-92.121,0.000,0.000,1.000,3.000,0.000,0.000,0.000,0,0,0
B3_zmq_pushpull,zmq_tcp,none,none,,1,3451,512,584,1785153439912283000,1785153439912283000,1785153439912283000,1785153439912284000,1785153439912427000,1785153439912429000,1785153439912429000,1785153439912429000,121932490,121652369,-137.121,0.000,0.000,1.000,2.000,0.000,0.000,0.000,0,0,0
B3_zmq_pushpull,zmq_tcp,none,none,,1,3452,512,584,1785153439913248000,1785153439913248000,1785153439913248000,1785153439913249000,1785153439913403000,1785153439913406000,1785153439913406000,1785153439913406000,121932490,121652369,-126.121,0.000,0.000,1.000,3.000,0.000,0.000,0.000,0,0,0
B3_zmq_pushpull,zmq_tcp,none,none,,1,3453,512,584,1785153439914228000,1785153439914228000,1785153439914228000,1785153439914229000,1785153439914382000,1785153439914385000,1785153439914385000,1785153439914385000,121932490,121652369,-127.121,0.000,0.000,1.000,3.000,0.000,0.000,0.000,0,0,0
B3_zmq_pushpull,zmq_tcp,none,none,,1,3454,512,584,1785153439915209000,1785153439915209000,1785153439915210000,1785153439915210000,1785153439915350000,1785153439915353000,1785153439915353000,1785153439915353000,121932490,121652369,-140.121,0.000,1.000,0.000,3.000,0.000,0.000,0.000,0,0,0
B3_zmq_pushpull,zmq_tcp,none,none,,1,3455,512,584,1785153439916204000,1785153439916204000,1785153439916204000,1785153439916205000,1785153439916345000,1785153439916347000,1785153439916347000,1785153439916347000,121932490,121652369,-140.121,0.000,0.000,1.000,2.000,0.000,0.000,0.000,0,0,0
B3_zmq_pushpull,zmq_tcp,none,none,,1,3456,512,584,1785153439917318000,1785153439917318000,1785153439917318000,1785153439917319000,1785153439917473000,1785153439917476000,1785153439917476000,1785153439917476000,121932490,121652369,-126.121,0.000,0.000,1.000,3.000,0.000,0.000,0.000,0,0,0
B3_zmq_pushpull,zmq_tcp,none,none,,1,3457,512,584,1785153439918417000,1785153439918417000,1785153439918417000,1785153439918418000,1785153439918587000,1785153439918590000,1785153439918590000,1785153439918590000,121932490,121652369,-111.121,0.000,0.000,1.000,3.000,0.000,0.000,0.000,0,0,0
B3_zmq_pushpull,zmq_tcp,none,none,,1,3458,512,584,1785153439919273000,1785153439919274000,1785153439919274000,1785153439919275000,1785153439919426000,1785153439919429000,1785153439919429000,1785153439919429000,121932490,121652369,-129.121,1.000,0.000,1.000,3.000,0.000,0.000,0.000,0,0,0
B3_zmq_pushpull,zmq_tcp,none,none,,1,3459,512,584,1785153439920253000,1785153439920254000,1785153439920254000,1785153439920255000,1785153439920412000,1785153439920414000,1785153439920414000,1785153439920414000,121932490,121652369,-123.121,1.000,0.000,1.000,2.000,0.000,0.000,0.000,0,0,0
B3_zmq_pushpull,zmq_tcp,none,none,,1,3460,512,584,1785153439921252000,1785153439921252000,1785153439921252000,1785153439921253000,1785153439921409000,1785153439921412000,1785153439921412000,1785153439921412000,121932490,121652369,-124.121,0.000,0.000,1.000,3.000,0.000,0.000,0.000,0,0,0
B3_zmq_pushpull,zmq_tcp,none,none,,1,3461,512,584,1785153439922435000,1785153439922436000,1785153439922436000,1785153439922437000,1785153439922530000,1785153439922533000,1785153439922533000,1785153439922533000,121932490,121652369,-187.121,1.000,0.000,1.000,3.000,0.000,0.000,0.000,0,0,0
B3_zmq_pushpull,zmq_tcp,none,none,,1,3462,512,584,1785153439923388000,1785153439923388000,1785153439923388000,1785153439923389000,1785153439923510000,1785153439923513000,1785153439923513000,1785153439923513000,121932490,121652369,-159.121,0.000,0.000,1.000,3.000,0.000,0.000,0.000,0,0,0
B3_zmq_pushpull,zmq_tcp,none,none,,1,3463,512,584,1785153439924402000,1785153439924402000,1785153439924402000,1785153439924403000,1785153439924498000,1785153439924501000,1785153439924501000,1785153439924501000,121932490,121652369,-185.121,0.000,0.000,1.000,3.000,0.000,0.000,0.000,0,0,0
B3_zmq_pushpull,zmq_tcp,none,none,,1,3464,512,584,1785153439925396000,1785153439925396000,1785153439925396000,1785153439925397000,1785153439925471000,1785153439925475000,1785153439925475000,1785153439925475000,121932490,121652369,-206.121,0.000,0.000,1.000,4.000,0.000,0.000,0.000,0,0,0
B3_zmq_pushpull,zmq_tcp,none,none,,1,3465,512,584,1785153439926399000,1785153439926399000,1785153439926399000,1785153439926400000,1785153439926442000,1785153439926445000,1785153439926445000,1785153439926445000,121932490,121652369,-238.121,0.000,0.000,1.000,3.000,0.000,0.000,0.000,0,0,0
B3_zmq_pushpull,zmq_tcp,none,none,,1,3466,512,584,1785153439927397000,1785153439927397000,1785153439927397000,1785153439927398000,1785153439927552000,1785153439927554000,1785153439927554000,1785153439927554000,121932490,121652369,-126.121,0.000,0.000,1.000,2.000,0.000,0.000,0.000,0,0,0
B3_zmq_pushpull,zmq_tcp,none,none,,1,3467,512,584,1785153439928244000,1785153439928244000,1785153439928244000,1785153439928245000,1785153439928398000,1785153439928401000,1785153439928401000,1785153439928401000,121932490,121652369,-127.121,0.000,0.000,1.000,3.000,0.000,0.000,0.000,0,0,0
B3_zmq_pushpull,zmq_tcp,none,none,,1,3468,512,584,1785153439929225000,1785153439929225000,1785153439929225000,1785153439929226000,1785153439929382000,1785153439929385000,1785153439929385000,1785153439929385000,121932490,121652369,-124.121,0.000,0.000,1.000,3.000,0.000,0.000,0.000,0,0,0
B3_zmq_pushpull,zmq_tcp,none,none,,1,3469,512,584,1785153439930215000,1785153439930215000,1785153439930215000,1785153439930216000,1785153439930376000,1785153439930378000,1785153439930378000,1785153439930378000,121932490,121652369,-120.121,0.000,0.000,1.000,2.000,0.000,0.000,0.000,0,0,0
B3_zmq_pushpull,zmq_tcp,none,none,,1,3470,512,584,1785153439931442000,1785153439931443000,1785153439931443000,1785153439931444000,1785153439931610000,1785153439931613000,1785153439931613000,1785153439931613000,121932490,121652369,-114.121,1.000,0.000,1.000,3.000,0.000,0.000,0.000,0,0,0
B3_zmq_pushpull,zmq_tcp,none,none,,1,3471,512,584,1785153439932385000,1785153439932385000,1785153439932386000,1785153439932386000,1785153439932465000,1785153439932468000,1785153439932468000,1785153439932468000,121932490,121652369,-201.121,0.000,1.000,0.000,3.000,0.000,0.000,0.000,0,0,0
B3_zmq_pushpull,zmq_tcp,none,none,,1,3472,512,584,1785153439933312000,1785153439933312000,1785153439933312000,1785153439933313000,1785153439933460000,1785153439933462000,1785153439933462000,1785153439933462000,121932490,121652369,-133.121,0.000,0.000,1.000,2.000,0.000,0.000,0.000,0,0,0
B3_zmq_pushpull,zmq_tcp,none,none,,1,3473,512,584,1785153439934419000,1785153439934419000,1785153439934419000,1785153439934420000,1785153439934573000,1785153439934576000,1785153439934576000,1785153439934576000,121932490,121652369,-127.121,0.000,0.000,1.000,3.000,0.000,0.000,0.000,0,0,0
B3_zmq_pushpull,zmq_tcp,none,none,,1,3474,512,584,1785153439935278000,1785153439935278000,1785153439935278000,1785153439935279000,1785153439935436000,1785153439935438000,1785153439935439000,1785153439935439000,121932490,121652369,-123.121,0.000,0.000,1.000,2.000,1.000,0.000,0.000,0,0,0
B3_zmq_pushpull,zmq_tcp,none,none,,1,3475,512,584,1785153439936430000,1785153439936430000,1785153439936430000,1785153439936431000,1785153439936587000,1785153439936590000,1785153439936590000,1785153439936590000,121932490,121652369,-124.121,0.000,0.000,1.000,3.000,0.000,0.000,0.000,0,0,0
B3_zmq_pushpull,zmq_tcp,none,none,,1,3476,512,584,1785153439937391000,1785153439937391000,1785153439937391000,1785153439937392000,1785153439937460000,1785153439937463000,1785153439937463000,1785153439937463000,121932490,121652369,-212.121,0.000,0.000,1.000,3.000,0.000,0.000,0.000,0,0,0
B3_zmq_pushpull,zmq_tcp,none,none,,1,3477,512,584,1785153439938400000,1785153439938400000,1785153439938400000,1785153439938401000,1785153439938469000,1785153439938471000,1785153439938471000,1785153439938471000,121932490,121652369,-212.121,0.000,0.000,1.000,2.000,0.000,0.000,0.000,0,0,0
B3_zmq_pushpull,zmq_tcp,none,none,,1,3478,512,584,1785153439939395000,1785153439939395000,1785153439939395000,1785153439939396000,1785153439939441000,1785153439939444000,1785153439939444000,1785153439939444000,121932490,121652369,-235.121,0.000,0.000,1.000,3.000,0.000,0.000,0.000,0,0,0
B3_zmq_pushpull,zmq_tcp,none,none,,1,3479,512,584,1785153439940400000,1785153439940400000,1785153439940400000,1785153439940401000,1785153439940573000,1785153439940575000,1785153439940575000,1785153439940575000,121932490,121652369,-108.121,0.000,0.000,1.000,2.000,0.000,0.000,0.000,0,0,0
B3_zmq_pushpull,zmq_tcp,none,none,,1,3480,512,584,1785153439941400000,1785153439941400000,1785153439941400000,1785153439941401000,1785153439941452000,1785153439941456000,1785153439941456000,1785153439941456000,121932490,121652369,-229.121,0.000,0.000,1.000,4.000,0.000,0.000,0.000,0,0,0
B3_zmq_pushpull,zmq_tcp,none,none,,1,3481,512,584,1785153439942399000,1785153439942399000,1785153439942399000,1785153439942400000,1785153439942477000,1785153439942481000,1785153439942481000,1785153439942481000,121932490,121652369,-203.121,0.000,0.000,1.000,4.000,0.000,0.000,0.000,0,0,0
B3_zmq_pushpull,zmq_tcp,none,none,,1,3482,512,584,1785153439943397000,1785153439943397000,1785153439943397000,1785153439943398000,1785153439943483000,1785153439943486000,1785153439943486000,1785153439943486000,121932490,121652369,-195.121,0.000,0.000,1.000,3.000,0.000,0.000,0.000,0,0,0
B3_zmq_pushpull,zmq_tcp,none,none,,1,3483,512,584,1785153439944399000,1785153439944399000,1785153439944399000,1785153439944400000,1785153439944493000,1785153439944495000,1785153439944495000,1785153439944495000,121932490,121652369,-187.121,0.000,0.000,1.000,2.000,0.000,0.000,0.000,0,0,0
B3_zmq_pushpull,zmq_tcp,none,none,,1,3484,512,584,1785153439945399000,1785153439945400000,1785153439945400000,1785153439945401000,1785153439945505000,1785153439945507000,1785153439945507000,1785153439945507000,121932490,121652369,-176.121,1.000,0.000,1.000,2.000,0.000,0.000,0.000,0,0,0
B3_zmq_pushpull,zmq_tcp,none,none,,1,3485,512,584,1785153439946397000,1785153439946397000,1785153439946397000,1785153439946398000,1785153439946509000,1785153439946511000,1785153439946512000,1785153439946512000,121932490,121652369,-169.121,0.000,0.000,1.000,2.000,1.000,0.000,0.000,0,0,0
B3_zmq_pushpull,zmq_tcp,none,none,,1,3486,512,584,1785153439947400000,1785153439947400000,1785153439947400000,1785153439947401000,1785153439947507000,1785153439947510000,1785153439947510000,1785153439947510000,121932490,121652369,-174.121,0.000,0.000,1.000,3.000,0.000,0.000,0.000,0,0,0
B3_zmq_pushpull,zmq_tcp,none,none,,1,3487,512,584,1785153439948398000,1785153439948398000,1785153439948398000,1785153439948399000,1785153439948514000,1785153439948517000,1785153439948517000,1785153439948517000,121932490,121652369,-165.121,0.000,0.000,1.000,3.000,0.000,0.000,0.000,0,0,0
B3_zmq_pushpull,zmq_tcp,none,none,,1,3488,512,584,1785153439949400000,1785153439949400000,1785153439949400000,1785153439949401000,1785153439949529000,1785153439949532000,1785153439949532000,1785153439949532000,121932490,121652369,-152.121,0.000,0.000,1.000,3.000,0.000,0.000,0.000,0,0,0
B3_zmq_pushpull,zmq_tcp,none,none,,1,3489,512,584,1785153439950394000,1785153439950394000,1785153439950394000,1785153439950395000,1785153439950521000,1785153439950523000,1785153439950523000,1785153439950523000,121932490,121652369,-154.121,0.000,0.000,1.000,2.000,0.000,0.000,0.000,0,0,0
B3_zmq_pushpull,zmq_tcp,none,none,,1,3490,512,584,1785153439951399000,1785153439951399000,1785153439951400000,1785153439951401000,1785153439951525000,1785153439951528000,1785153439951528000,1785153439951528000,121932490,121652369,-156.121,0.000,1.000,1.000,3.000,0.000,0.000,0.000,0,0,0
B3_zmq_pushpull,zmq_tcp,none,none,,1,3491,512,584,1785153439952401000,1785153439952401000,1785153439952401000,1785153439952402000,1785153439952524000,1785153439952529000,1785153439952529000,1785153439952529000,121932490,121652369,-158.121,0.000,0.000,1.000,5.000,0.000,0.000,0.000,0,0,0
B3_zmq_pushpull,zmq_tcp,none,none,,1,3492,512,584,1785153439953397000,1785153439953397000,1785153439953397000,1785153439953398000,1785153439953566000,1785153439953573000,1785153439953573000,1785153439953573000,121932490,121652369,-112.121,0.000,0.000,1.000,7.000,0.000,0.000,0.000,0,0,0
B3_zmq_pushpull,zmq_tcp,none,none,,1,3493,512,584,1785153439954401000,1785153439954401000,1785153439954401000,1785153439954402000,1785153439954566000,1785153439954569000,1785153439954569000,1785153439954569000,121932490,121652369,-116.121,0.000,0.000,1.000,3.000,0.000,0.000,0.000,0,0,0
B3_zmq_pushpull,zmq_tcp,none,none,,1,3494,512,584,1785153439955399000,1785153439955399000,1785153439955399000,1785153439955400000,1785153439955579000,1785153439955582000,1785153439955582000,1785153439955582000,121932490,121652369,-101.121,0.000,0.000,1.000,3.000,0.000,0.000,0.000,0,0,0
B3_zmq_pushpull,zmq_tcp,none,none,,1,3495,512,584,1785153439956401000,1785153439956401000,1785153439956401000,1785153439956403000,1785153439956578000,1785153439956581000,1785153439956582000,1785153439956582000,121932490,121652369,-105.121,0.000,0.000,2.000,3.000,1.000,0.000,0.000,0,0,0
B3_zmq_pushpull,zmq_tcp,none,none,,1,3496,512,584,1785153439957394000,1785153439957395000,1785153439957395000,1785153439957396000,1785153439957439000,1785153439957443000,1785153439957443000,1785153439957443000,121932490,121652369,-237.121,1.000,0.000,1.000,4.000,0.000,0.000,0.000,0,0,0
B3_zmq_pushpull,zmq_tcp,none,none,,1,3497,512,584,1785153439958401000,1785153439958401000,1785153439958401000,1785153439958402000,1785153439958582000,1785153439958585000,1785153439958585000,1785153439958585000,121932490,121652369,-100.121,0.000,0.000,1.000,3.000,0.000,0.000,0.000,0,0,0
B3_zmq_pushpull,zmq_tcp,none,none,,1,3498,512,584,1785153439959399000,1785153439959399000,1785153439959399000,1785153439959400000,1785153439959443000,1785153439959447000,1785153439959447000,1785153439959447000,121932490,121652369,-237.121,0.000,0.000,1.000,4.000,0.000,0.000,0.000,0,0,0
B3_zmq_pushpull,zmq_tcp,none,none,,1,3499,512,584,1785153439960399000,1785153439960399000,1785153439960399000,1785153439960400000,1785153439960457000,1785153439960463000,1785153439960463000,1785153439960463000,121932490,121652369,-223.121,0.000,0.000,1.000,6.000,0.000,0.000,0.000,0,0,0
B3_zmq_pushpull,zmq_tcp,none,none,,1,3500,512,584,1785153439961396000,1785153439961396000,1785153439961396000,1785153439961397000,1785153439961458000,1785153439961461000,1785153439961461000,1785153439961461000,121932490,121652369,-219.121,0.000,0.000,1.000,3.000,0.000,0.000,0.000,0,0,0
B3_zmq_pushpull,zmq_tcp,none,none,,1,3501,512,584,1785153439962401000,1785153439962401000,1785153439962401000,1785153439962402000,1785153439962436000,1785153439962441000,1785153439962441000,1785153439962441000,121932490,121652369,-246.121,0.000,0.000,1.000,5.000,0.000,0.000,0.000,0,0,0
B3_zmq_pushpull,zmq_tcp,none,none,,1,3502,512,584,1785153439963297000,1785153439963297000,1785153439963297000,1785153439963298000,1785153439963431000,1785153439963434000,1785153439963434000,1785153439963434000,121932490,121652369,-147.121,0.000,0.000,1.000,3.000,0.000,0.000,0.000,0,0,0
B3_zmq_pushpull,zmq_tcp,none,none,,1,3503,512,584,1785153439964424000,1785153439964424000,1785153439964424000,1785153439964425000,1785153439964577000,1785153439964579000,1785153439964579000,1785153439964579000,121932490,121652369,-128.121,0.000,0.000,1.000,2.000,0.000,0.000,0.000,0,0,0
B3_zmq_pushpull,zmq_tcp,none,none,,1,3504,512,584,1785153439965391000,1785153439965391000,1785153439965391000,1785153439965392000,1785153439965450000,1785153439965453000,1785153439965453000,1785153439965453000,121932490,121652369,-222.121,0.000,0.000,1.000,3.000,0.000,0.000,0.000,0,0,0
B3_zmq_pushpull,zmq_tcp,none,none,,1,3505,512,584,1785153439966303000,1785153439966303000,1785153439966303000,1785153439966304000,1785153439966461000,1785153439966464000,1785153439966464000,1785153439966464000,121932490,121652369,-123.121,0.000,0.000,1.000,3.000,0.000,0.000,0.000,0,0,0
B3_zmq_pushpull,zmq_tcp,none,none,,1,3506,512,584,1785153439967423000,1785153439967423000,1785153439967423000,1785153439967424000,1785153439967587000,1785153439967590000,1785153439967590000,1785153439967590000,121932490,121652369,-117.121,0.000,0.000,1.000,3.000,0.000,0.000,0.000,0,0,0
B3_zmq_pushpull,zmq_tcp,none,none,,1,3507,512,584,1785153439968393000,1785153439968393000,1785153439968393000,1785153439968394000,1785153439968441000,1785153439968444000,1785153439968444000,1785153439968444000,121932490,121652369,-233.121,0.000,0.000,1.000,3.000,0.000,0.000,0.000,0,0,0
B3_zmq_pushpull,zmq_tcp,none,none,,1,3508,512,584,1785153439969399000,1785153439969399000,1785153439969399000,1785153439969400000,1785153439969440000,1785153439969444000,1785153439969444000,1785153439969444000,121932490,121652369,-240.121,0.000,0.000,1.000,4.000,0.000,0.000,0.000,0,0,0
B3_zmq_pushpull,zmq_tcp,none,none,,1,3509,512,584,1785153439970399000,1785153439970399000,1785153439970399000,1785153439970400000,1785153439970444000,1785153439970448000,1785153439970448000,1785153439970448000,121932490,121652369,-236.121,0.000,0.000,1.000,4.000,0.000,0.000,0.000,0,0,0
B3_zmq_pushpull,zmq_tcp,none,none,,1,3510,512,584,1785153439971300000,1785153439971300000,1785153439971300000,1785153439971301000,1785153439971459000,1785153439971462000,1785153439971462000,1785153439971462000,121932490,121652369,-122.121,0.000,0.000,1.000,3.000,0.000,0.000,0.000,0,0,0
B3_zmq_pushpull,zmq_tcp,none,none,,1,3511,512,584,1785153439972301000,1785153439972302000,1785153439972302000,1785153439972303000,1785153439972462000,1785153439972465000,1785153439972465000,1785153439972465000,121932490,121652369,-121.121,1.000,0.000,1.000,3.000,0.000,0.000,0.000,0,0,0
B3_zmq_pushpull,zmq_tcp,none,none,,1,3512,512,584,1785153439973424000,1785153439973424000,1785153439973424000,1785153439973425000,1785153439973470000,1785153439973473000,1785153439973474000,1785153439973474000,121932490,121652369,-235.121,0.000,0.000,1.000,3.000,1.000,0.000,0.000,0,0,0
B3_zmq_pushpull,zmq_tcp,none,none,,1,3513,512,584,1785153439974307000,1785153439974307000,1785153439974307000,1785153439974308000,1785153439974451000,1785153439974454000,1785153439974454000,1785153439974454000,121932490,121652369,-137.121,0.000,0.000,1.000,3.000,0.000,0.000,0.000,0,0,0
B3_zmq_pushpull,zmq_tcp,none,none,,1,3514,512,584,1785153439975422000,1785153439975422000,1785153439975422000,1785153439975423000,1785153439975575000,1785153439975578000,1785153439975578000,1785153439975578000,121932490,121652369,-128.121,0.000,0.000,1.000,3.000,0.000,0.000,0.000,0,0,0
B3_zmq_pushpull,zmq_tcp,none,none,,1,3515,512,584,1785153439976260000,1785153439976260000,1785153439976260000,1785153439976261000,1785153439976410000,1785153439976412000,1785153439976412000,1785153439976413000,121932490,121652369,-131.121,0.000,0.000,1.000,2.000,0.000,1.000,0.000,0,0,0
B3_zmq_pushpull,zmq_tcp,none,none,,1,3516,512,584,1785153439977434000,1785153439977434000,1785153439977435000,1785153439977435000,1785153439977543000,1785153439977546000,1785153439977546000,1785153439977546000,121932490,121652369,-172.121,0.000,1.000,0.000,3.000,0.000,0.000,0.000,0,0,0
B3_zmq_pushpull,zmq_tcp,none,none,,1,3517,512,584,1785153439978393000,1785153439978393000,1785153439978393000,1785153439978394000,1785153439978545000,1785153439978547000,1785153439978547000,1785153439978547000,121932490,121652369,-129.121,0.000,0.000,1.000,2.000,0.000,0.000,0.000,0,0,0
B3_zmq_pushpull,zmq_tcp,none,none,,1,3518,512,584,1785153439979243000,1785153439979243000,1785153439979243000,1785153439979244000,1785153439979408000,1785153439979410000,1785153439979410000,1785153439979410000,121932490,121652369,-116.121,0.000,0.000,1.000,2.000,0.000,0.000,0.000,0,0,0
B3_zmq_pushpull,zmq_tcp,none,none,,1,3519,512,584,1785153439980437000,1785153439980437000,1785153439980437000,1785153439980438000,1785153439980545000,1785153439980547000,1785153439980547000,1785153439980547000,121932490,121652369,-173.121,0.000,0.000,1.000,2.000,0.000,0.000,0.000,0,0,0
B3_zmq_pushpull,zmq_tcp,none,none,,1,3520,512,584,1785153439981389000,1785153439981389000,1785153439981389000,1785153439981390000,1785153439981542000,1785153439981545000,1785153439981545000,1785153439981545000,121932490,121652369,-128.121,0.000,0.000,1.000,3.000,0.000,0.000,0.000,0,0,0
B3_zmq_pushpull,zmq_tcp,none,none,,1,3521,512,584,1785153439982402000,1785153439982402000,1785153439982402000,1785153439982403000,1785153439982537000,1785153439982539000,1785153439982539000,1785153439982539000,121932490,121652369,-146.121,0.000,0.000,1.000,2.000,0.000,0.000,0.000,0,0,0
B3_zmq_pushpull,zmq_tcp,none,none,,1,3522,512,584,1785153439983228000,1785153439983228000,1785153439983228000,1785153439983229000,1785153439983387000,1785153439983390000,1785153439983390000,1785153439983390000,121932490,121652369,-122.121,0.000,0.000,1.000,3.000,0.000,0.000,0.000,0,0,0
B3_zmq_pushpull,zmq_tcp,none,none,,1,3523,512,584,1785153439984442000,1785153439984443000,1785153439984443000,1785153439984444000,1785153439984534000,1785153439984537000,1785153439984537000,1785153439984537000,121932490,121652369,-190.121,1.000,0.000,1.000,3.000,0.000,0.000,0.000,0,0,0
B3_zmq_pushpull,zmq_tcp,none,none,,1,3524,512,584,1785153439985392000,1785153439985392000,1785153439985392000,1785153439985393000,1785153439985541000,1785153439985543000,1785153439985543000,1785153439985543000,121932490,121652369,-132.121,0.000,0.000,1.000,2.000,0.000,0.000,0.000,0,0,0
B3_zmq_pushpull,zmq_tcp,none,none,,1,3525,512,584,1785153439986402000,1785153439986402000,1785153439986402000,1785153439986403000,1785153439986535000,1785153439986538000,1785153439986538000,1785153439986538000,121932490,121652369,-148.121,0.000,0.000,1.000,3.000,0.000,0.000,0.000,0,0,0
B3_zmq_pushpull,zmq_tcp,none,none,,1,3526,512,584,1785153439987397000,1785153439987397000,1785153439987397000,1785153439987398000,1785153439987545000,1785153439987548000,1785153439987548000,1785153439987548000,121932490,121652369,-133.121,0.000,0.000,1.000,3.000,0.000,0.000,0.000,0,0,0
B3_zmq_pushpull,zmq_tcp,none,none,,1,3527,512,584,1785153439988399000,1785153439988399000,1785153439988399000,1785153439988400000,1785153439988544000,1785153439988546000,1785153439988546000,1785153439988546000,121932490,121652369,-136.121,0.000,0.000,1.000,2.000,0.000,0.000,0.000,0,0,0
B3_zmq_pushpull,zmq_tcp,none,none,,1,3528,512,584,1785153439989243000,1785153439989243000,1785153439989243000,1785153439989244000,1785153439989397000,1785153439989399000,1785153439989399000,1785153439989399000,121932490,121652369,-127.121,0.000,0.000,1.000,2.000,0.000,0.000,0.000,0,0,0
B3_zmq_pushpull,zmq_tcp,none,none,,1,3529,512,584,1785153439990229000,1785153439990230000,1785153439990230000,1785153439990231000,1785153439990374000,1785153439990377000,1785153439990377000,1785153439990377000,121932490,121652369,-137.121,1.000,0.000,1.000,3.000,0.000,0.000,0.000,0,0,0
B3_zmq_pushpull,zmq_tcp,none,none,,1,3530,512,584,1785153439991439000,1785153439991439000,1785153439991439000,1785153439991440000,1785153439991514000,1785153439991517000,1785153439991517000,1785153439991517000,121932490,121652369,-206.121,0.000,0.000,1.000,3.000,0.000,0.000,0.000,0,0,0
B3_zmq_pushpull,zmq_tcp,none,none,,1,3531,512,584,1785153439992390000,1785153439992390000,1785153439992390000,1785153439992391000,1785153439992517000,1785153439992519000,1785153439992519000,1785153439992519000,121932490,121652369,-154.121,0.000,0.000,1.000,2.000,0.000,0.000,0.000,0,0,0
B3_zmq_pushpull,zmq_tcp,none,none,,1,3532,512,584,1785153439993401000,1785153439993402000,1785153439993402000,1785153439993403000,1785153439993513000,1785153439993515000,1785153439993515000,1785153439993515000,121932490,121652369,-170.121,1.000,0.000,1.000,2.000,0.000,0.000,0.000,0,0,0
B3_zmq_pushpull,zmq_tcp,none,none,,1,3533,512,584,1785153439994398000,1785153439994398000,1785153439994399000,1785153439994399000,1785153439994509000,1785153439994512000,1785153439994512000,1785153439994512000,121932490,121652369,-170.121,0.000,1.000,0.000,3.000,0.000,0.000,0.000,0,0,0
B3_zmq_pushpull,zmq_tcp,none,none,,1,3534,512,584,1785153439995398000,1785153439995398000,1785153439995399000,1785153439995399000,1785153439995513000,1785153439995515000,1785153439995515000,1785153439995515000,121932490,121652369,-166.121,0.000,1.000,0.000,2.000,0.000,0.000,0.000,0,0,0
B3_zmq_pushpull,zmq_tcp,none,none,,1,3535,512,584,1785153439996398000,1785153439996398000,1785153439996398000,1785153439996399000,1785153439996518000,1785153439996521000,1785153439996521000,1785153439996521000,121932490,121652369,-161.121,0.000,0.000,1.000,3.000,0.000,0.000,0.000,0,0,0
B3_zmq_pushpull,zmq_tcp,none,none,,1,3536,512,584,1785153439997399000,1785153439997399000,1785153439997399000,1785153439997400000,1785153439997501000,1785153439997503000,1785153439997503000,1785153439997503000,121932490,121652369,-179.121,0.000,0.000,1.000,2.000,0.000,0.000,0.000,0,0,0
B3_zmq_pushpull,zmq_tcp,none,none,,1,3537,512,584,1785153439998397000,1785153439998397000,1785153439998397000,1785153439998398000,1785153439998517000,1785153439998519000,1785153439998519000,1785153439998519000,121932490,121652369,-161.121,0.000,0.000,1.000,2.000,0.000,0.000,0.000,0,0,0
B3_zmq_pushpull,zmq_tcp,none,none,,1,3538,512,584,1785153439999226000,1785153439999226000,1785153439999226000,1785153439999227000,1785153439999374000,1785153439999377000,1785153439999377000,1785153439999377000,121932490,121652369,-133.121,0.000,0.000,1.000,3.000,0.000,0.000,0.000,0,0,0
B3_zmq_pushpull,zmq_tcp,none,none,,1,3539,512,584,1785153440000443000,1785153440000444000,1785153440000444000,1785153440000445000,1785153440000626000,1785153440000629000,1785153440000629000,1785153440000629000,121932490,121652369,-99.121,1.000,0.000,1.000,3.000,0.000,0.000,0.000,0,0,0
B3_zmq_pushpull,zmq_tcp,none,none,,1,3540,512,584,1785153440001385000,1785153440001385000,1785153440001385000,1785153440001386000,1785153440001484000,1785153440001486000,1785153440001486000,1785153440001486000,121932490,121652369,-182.121,0.000,0.000,1.000,2.000,0.000,0.000,0.000,0,0,0
B3_zmq_pushpull,zmq_tcp,none,none,,1,3541,512,584,1785153440002403000,1785153440002403000,1785153440002403000,1785153440002404000,1785153440002489000,1785153440002491000,1785153440002491000,1785153440002491000,121932490,121652369,-195.121,0.000,0.000,1.000,2.000,0.000,0.000,0.000,0,0,0
B3_zmq_pushpull,zmq_tcp,none,none,,1,3542,512,584,1785153440003399000,1785153440003399000,1785153440003399000,1785153440003400000,1785153440003474000,1785153440003477000,1785153440003477000,1785153440003477000,121932490,121652369,-206.121,0.000,0.000,1.000,3.000,0.000,0.000,0.000,0,0,0
B3_zmq_pushpull,zmq_tcp,none,none,,1,3543,512,584,1785153440004399000,1785153440004399000,1785153440004399000,1785153440004400000,1785153440004464000,1785153440004468000,1785153440004468000,1785153440004468000,121932490,121652369,-216.121,0.000,0.000,1.000,4.000,0.000,0.000,0.000,0,0,0
B3_zmq_pushpull,zmq_tcp,none,none,,1,3544,512,584,1785153440005307000,1785153440005307000,1785153440005307000,1785153440005308000,1785153440005466000,1785153440005469000,1785153440005469000,1785153440005469000,121932490,121652369,-122.121,0.000,0.000,1.000,3.000,0.000,0.000,0.000,0,0,0
B3_zmq_pushpull,zmq_tcp,none,none,,1,3545,512,584,1785153440006316000,1785153440006316000,1785153440006316000,1785153440006317000,1785153440006474000,1785153440006477000,1785153440006477000,1785153440006477000,121932490,121652369,-123.121,0.000,0.000,1.000,3.000,0.000,0.000,0.000,0,0,0
B3_zmq_pushpull,zmq_tcp,none,none,,1,3546,512,584,1785153440007420000,1785153440007420000,1785153440007420000,1785153440007421000,1785153440007478000,1785153440007482000,1785153440007482000,1785153440007482000,121932490,121652369,-223.121,0.000,0.000,1.000,4.000,0.000,0.000,0.000,0,0,0
B3_zmq_pushpull,zmq_tcp,none,none,,1,3547,512,584,1785153440008320000,1785153440008320000,1785153440008320000,1785153440008321000,1785153440008465000,1785153440008468000,1785153440008468000,1785153440008468000,121932490,121652369,-136.121,0.000,0.000,1.000,3.000,0.000,0.000,0.000,0,0,0
B3_zmq_pushpull,zmq_tcp,none,none,,1,3548,512,584,1785153440009419000,1785153440009419000,1785153440009419000,1785153440009420000,1785153440009470000,1785153440009473000,1785153440009473000,1785153440009473000,121932490,121652369,-230.121,0.000,0.000,1.000,3.000,0.000,0.000,0.000,0,0,0
B3_zmq_pushpull,zmq_tcp,none,none,,1,3549,512,584,1785153440010393000,1785153440010393000,1785153440010394000,1785153440010394000,1785153440010475000,1785153440010478000,1785153440010478000,1785153440010478000,121932490,121652369,-199.121,0.000,1.000,0.000,3.000,0.000,0.000,0.000,0,0,0
B3_zmq_pushpull,zmq_tcp,none,none,,1,3550,512,584,1785153440011400000,1785153440011400000,1785153440011400000,1785153440011401000,1785153440011477000,1785153440011480000,1785153440011480000,1785153440011480000,121932490,121652369,-204.121,0.000,0.000,1.000,3.000,0.000,0.000,0.000,0,0,0
B3_zmq_pushpull,zmq_tcp,none,none,,1,3551,512,584,1785153440012397000,1785153440012398000,1785153440012398000,1785153440012399000,1785153440012493000,1785153440012500000,1785153440012500000,1785153440012500000,121932490,121652369,-186.121,1.000,0.000,1.000,7.000,0.000,0.000,0.000,0,0,0
B3_zmq_pushpull,zmq_tcp,none,none,,1,3552,512,584,1785153440013399000,1785153440013399000,1785153440013399000,1785153440013400000,1785153440013503000,1785153440013511000,1785153440013511000,1785153440013511000,121932490,121652369,-177.121,0.000,0.000,1.000,8.000,0.000,0.000,0.000,0,0,0
B3_zmq_pushpull,zmq_tcp,none,none,,1,3553,512,584,1785153440014398000,1785153440014399000,1785153440014399000,1785153440014400000,1785153440014515000,1785153440014518000,1785153440014519000,1785153440014519000,121932490,121652369,-165.121,1.000,0.000,1.000,3.000,1.000,0.000,0.000,0,0,0
B3_zmq_pushpull,zmq_tcp,none,none,,1,3554,512,584,1785153440015230000,1785153440015230000,1785153440015230000,1785153440015231000,1785153440015384000,1785153440015387000,1785153440015387000,1785153440015387000,121932490,121652369,-127.121,0.000,0.000,1.000,3.000,0.000,0.000,0.000,0,0,0
B3_zmq_pushpull,zmq_tcp,none,none,,1,3555,512,584,1785153440016235000,1785153440016235000,1785153440016235000,1785153440016236000,1785153440016379000,1785153440016383000,1785153440016383000,1785153440016383000,121932490,121652369,-137.121,0.000,0.000,1.000,4.000,0.000,0.000,0.000,0,0,0
B3_zmq_pushpull,zmq_tcp,none,none,,1,3556,512,584,1785153440017204000,1785153440017204000,1785153440017204000,1785153440017205000,1785153440017358000,1785153440017361000,1785153440017361000,1785153440017361000,121932490,121652369,-127.121,0.000,0.000,1.000,3.000,0.000,0.000,0.000,0,0,0
B3_zmq_pushpull,zmq_tcp,none,none,,1,3557,512,584,1785153440018205000,1785153440018205000,1785153440018205000,1785153440018206000,1785153440018354000,1785153440018357000,1785153440018357000,1785153440018357000,121932490,121652369,-132.121,0.000,0.000,1.000,3.000,0.000,0.000,0.000,0,0,0
B3_zmq_pushpull,zmq_tcp,none,none,,1,3558,512,584,1785153440019448000,1785153440019448000,1785153440019448000,1785153440019449000,1785153440019614000,1785153440019617000,1785153440019617000,1785153440019617000,121932490,121652369,-115.121,0.000,0.000,1.000,3.000,0.000,0.000,0.000,0,0,0
B3_zmq_pushpull,zmq_tcp,none,none,,1,3559,512,584,1785153440020383000,1785153440020383000,1785153440020384000,1785153440020384000,1785153440020493000,1785153440020495000,1785153440020496000,1785153440020496000,121932490,121652369,-171.121,0.000,1.000,0.000,2.000,1.000,0.000,0.000,0,0,0
B3_zmq_pushpull,zmq_tcp,none,none,,1,3560,512,584,1785153440021403000,1785153440021403000,1785153440021403000,1785153440021404000,1785153440021494000,1785153440021497000,1785153440021497000,1785153440021497000,121932490,121652369,-190.121,0.000,0.000,1.000,3.000,0.000,0.000,0.000,0,0,0
B3_zmq_pushpull,zmq_tcp,none,none,,1,3561,512,584,1785153440022399000,1785153440022399000,1785153440022399000,1785153440022400000,1785153440022485000,1785153440022488000,1785153440022488000,1785153440022488000,121932490,121652369,-195.121,0.000,0.000,1.000,3.000,0.000,0.000,0.000,0,0,0
B3_zmq_pushpull,zmq_tcp,none,none,,1,3562,512,584,1785153440023399000,1785153440023399000,1785153440023399000,1785153440023400000,1785153440023471000,1785153440023474000,1785153440023474000,1785153440023474000,121932490,121652369,-209.121,0.000,0.000,1.000,3.000,0.000,0.000,0.000,0,0,0
B3_zmq_pushpull,zmq_tcp,none,none,,1,3563,512,584,1785153440024396000,1785153440024396000,1785153440024396000,1785153440024397000,1785153440024477000,1785153440024480000,1785153440024480000,1785153440024480000,121932490,121652369,-200.121,0.000,0.000,1.000,3.000,0.000,0.000,0.000,0,0,0
B3_zmq_pushpull,zmq_tcp,none,none,,1,3564,512,584,1785153440025307000,1785153440025307000,1785153440025307000,1785153440025308000,1785153440025461000,1785153440025464000,1785153440025464000,1785153440025464000,121932490,121652369,-127.121,0.000,0.000,1.000,3.000,0.000,0.000,0.000,0,0,0
B3_zmq_pushpull,zmq_tcp,none,none,,1,3565,512,584,1785153440026310000,1785153440026310000,1785153440026310000,1785153440026311000,1785153440026469000,1785153440026472000,1785153440026472000,1785153440026472000,121932490,121652369,-122.121,0.000,0.000,1.000,3.000,0.000,0.000,0.000,0,0,0
B3_zmq_pushpull,zmq_tcp,none,none,,1,3566,512,584,1785153440027310000,1785153440027310000,1785153440027310000,1785153440027311000,1785153440027470000,1785153440027474000,1785153440027474000,1785153440027474000,121932490,121652369,-121.121,0.000,0.000,1.000,4.000,0.000,0.000,0.000,0,0,0
B3_zmq_pushpull,zmq_tcp,none,none,,1,3567,512,584,1785153440028421000,1785153440028421000,1785153440028421000,1785153440028422000,1785153440028602000,1785153440028605000,1785153440028605000,1785153440028605000,121932490,121652369,-100.121,0.000,0.000,1.000,3.000,0.000,0.000,0.000,0,0,0
B3_zmq_pushpull,zmq_tcp,none,none,,1,3568,512,584,1785153440029393000,1785153440029394000,1785153440029394000,1785153440029395000,1785153440029454000,1785153440029457000,1785153440029457000,1785153440029457000,121932490,121652369,-221.121,1.000,0.000,1.000,3.000,0.000,0.000,0.000,0,0,0
B3_zmq_pushpull,zmq_tcp,none,none,,1,3569,512,584,1785153440030290000,1785153440030290000,1785153440030291000,1785153440030291000,1785153440030438000,1785153440030441000,1785153440030441000,1785153440030441000,121932490,121652369,-133.121,0.000,1.000,0.000,3.000,0.000,0.000,0.000,0,0,0
B3_zmq_pushpull,zmq_tcp,none,none,,1,3570,512,584,1785153440031430000,1785153440031430000,1785153440031430000,1785153440031431000,1785153440031590000,1785153440031593000,1785153440031593000,1785153440031593000,121932490,121652369,-121.121,0.000,0.000,1.000,3.000,0.000,0.000,0.000,0,0,0
B3_zmq_pushpull,zmq_tcp,none,none,,1,3571,512,584,1785153440032392000,1785153440032392000,1785153440032392000,1785153440032393000,1785153440032461000,1785153440032464000,1785153440032464000,1785153440032464000,121932490,121652369,-212.121,0.000,0.000,1.000,3.000,0.000,0.000,0.000,0,0,0
B3_zmq_pushpull,zmq_tcp,none,none,,1,3572,512,584,1785153440033311000,1785153440033311000,1785153440033311000,1785153440033312000,1785153440033470000,1785153440033473000,1785153440033473000,1785153440033473000,121932490,121652369,-122.121,0.000,0.000,1.000,3.000,0.000,0.000,0.000,0,0,0
B3_zmq_pushpull,zmq_tcp,none,none,,1,3573,512,584,1785153440034323000,1785153440034323000,1785153440034323000,1785153440034324000,1785153440034482000,1785153440034485000,1785153440034485000,1785153440034485000,121932490,121652369,-122.121,0.000,0.000,1.000,3.000,0.000,0.000,0.000,0,0,0
B3_zmq_pushpull,zmq_tcp,none,none,,1,3574,512,584,1785153440035213000,1785153440035213000,1785153440035214000,1785153440035214000,1785153440035358000,1785153440035361000,1785153440035361000,1785153440035361000,121932490,121652369,-136.121,0.000,1.000,0.000,3.000,0.000,0.000,0.000,0,0,0
B3_zmq_pushpull,zmq_tcp,none,none,,1,3575,512,584,1785153440036212000,1785153440036212000,1785153440036213000,1785153440036214000,1785153440036352000,1785153440036355000,1785153440036355000,1785153440036355000,121932490,121652369,-142.121,0.000,1.000,1.000,3.000,0.000,0.000,0.000,0,0,0
B3_zmq_pushpull,zmq_tcp,none,none,,1,3576,512,584,1785153440037327000,1785153440037327000,1785153440037327000,1785153440037328000,1785153440037481000,1785153440037484000,1785153440037484000,1785153440037484000,121932490,121652369,-127.121,0.000,0.000,1.000,3.000,0.000,0.000,0.000,0,0,0
B3_zmq_pushpull,zmq_tcp,none,none,,1,3577,512,584,1785153440038417000,1785153440038418000,1785153440038418000,1785153440038419000,1785153440038600000,1785153440038602000,1785153440038602000,1785153440038602000,121932490,121652369,-99.121,1.000,0.000,1.000,2.000,0.000,0.000,0.000,0,0,0
B3_zmq_pushpull,zmq_tcp,none,none,,1,3578,512,584,1785153440039392000,1785153440039392000,1785153440039392000,1785153440039393000,1785153440039440000,1785153440039444000,1785153440039444000,1785153440039444000,121932490,121652369,-233.121,0.000,0.000,1.000,4.000,0.000,0.000,0.000,0,0,0
B3_zmq_pushpull,zmq_tcp,none,none,,1,3579,512,584,1785153440040299000,1785153440040300000,1785153440040300000,1785153440040301000,1785153440040449000,1785153440040452000,1785153440040452000,1785153440040452000,121932490,121652369,-132.121,1.000,0.000,1.000,3.000,0.000,0.000,0.000,0,0,0
B3_zmq_pushpull,zmq_tcp,none,none,,1,3580,512,584,1785153440041424000,1785153440041424000,1785153440041424000,1785153440041425000,1785153440041594000,1785153440041597000,1785153440041597000,1785153440041597000,121932490,121652369,-111.121,0.000,0.000,1.000,3.000,0.000,0.000,0.000,0,0,0
B3_zmq_pushpull,zmq_tcp,none,none,,1,3581,512,584,1785153440042302000,1785153440042302000,1785153440042302000,1785153440042303000,1785153440042457000,1785153440042460000,1785153440042460000,1785153440042460000,121932490,121652369,-126.121,0.000,0.000,1.000,3.000,0.000,0.000,0.000,0,0,0
B3_zmq_pushpull,zmq_tcp,none,none,,1,3582,512,584,1785153440043313000,1785153440043313000,1785153440043313000,1785153440043314000,1785153440043469000,1785153440043472000,1785153440043472000,1785153440043472000,121932490,121652369,-125.121,0.000,0.000,1.000,3.000,0.000,0.000,0.000,0,0,0
B3_zmq_pushpull,zmq_tcp,none,none,,1,3583,512,584,1785153440044420000,1785153440044420000,1785153440044420000,1785153440044421000,1785153440044476000,1785153440044478000,1785153440044478000,1785153440044478000,121932490,121652369,-225.121,0.000,0.000,1.000,2.000,0.000,0.000,0.000,0,0,0
B3_zmq_pushpull,zmq_tcp,none,none,,1,3584,512,584,1785153440045393000,1785153440045394000,1785153440045394000,1785153440045395000,1785153440045450000,1785153440045453000,1785153440045453000,1785153440045453000,121932490,121652369,-225.121,1.000,0.000,1.000,3.000,0.000,0.000,0.000,0,0,0
B3_zmq_pushpull,zmq_tcp,none,none,,1,3585,512,584,1785153440046398000,1785153440046398000,1785153440046398000,1785153440046399000,1785153440046460000,1785153440046462000,1785153440046462000,1785153440046462000,121932490,121652369,-219.121,0.000,0.000,1.000,2.000,0.000,0.000,0.000,0,0,0
B3_zmq_pushpull,zmq_tcp,none,none,,1,3586,512,584,1785153440047399000,1785153440047399000,1785153440047399000,1785153440047400000,1785153440047457000,1785153440047460000,1785153440047460000,1785153440047460000,121932490,121652369,-223.121,0.000,0.000,1.000,3.000,0.000,0.000,0.000,0,0,0
B3_zmq_pushpull,zmq_tcp,none,none,,1,3587,512,584,1785153440048317000,1785153440048317000,1785153440048317000,1785153440048318000,1785153440048476000,1785153440048478000,1785153440048478000,1785153440048478000,121932490,121652369,-122.121,0.000,0.000,1.000,2.000,0.000,0.000,0.000,0,0,0
B3_zmq_pushpull,zmq_tcp,none,none,,1,3588,512,584,1785153440049420000,1785153440049420000,1785153440049420000,1785153440049421000,1785153440049489000,1785153440049491000,1785153440049492000,1785153440049492000,121932490,121652369,-212.121,0.000,0.000,1.000,2.000,1.000,0.000,0.000,0,0,0
B3_zmq_pushpull,zmq_tcp,none,none,,1,3589,512,584,1785153440050392000,1785153440050392000,1785153440050392000,1785153440050393000,1785153440050496000,1785153440050498000,1785153440050498000,1785153440050498000,121932490,121652369,-177.121,0.000,0.000,1.000,2.000,0.000,0.000,0.000,0,0,0
B3_zmq_pushpull,zmq_tcp,none,none,,1,3590,512,584,1785153440051402000,1785153440051402000,1785153440051402000,1785153440051403000,1785153440051490000,1785153440051493000,1785153440051493000,1785153440051493000,121932490,121652369,-193.121,0.000,0.000,1.000,3.000,0.000,0.000,0.000,0,0,0
B3_zmq_pushpull,zmq_tcp,none,none,,1,3591,512,584,1785153440052399000,1785153440052399000,1785153440052399000,1785153440052401000,1785153440052465000,1785153440052468000,1785153440052468000,1785153440052468000,121932490,121652369,-216.121,0.000,0.000,2.000,3.000,0.000,0.000,0.000,0,0,0
B3_zmq_pushpull,zmq_tcp,none,none,,1,3592,512,584,1785153440053399000,1785153440053399000,1785153440053399000,1785153440053400000,1785153440053578000,1785153440053581000,1785153440053581000,1785153440053581000,121932490,121652369,-102.121,0.000,0.000,1.000,3.000,0.000,0.000,0.000,0,0,0
B3_zmq_pushpull,zmq_tcp,none,none,,1,3593,512,584,1785153440054397000,1785153440054397000,1785153440054398000,1785153440054398000,1785153440054580000,1785153440054582000,1785153440054582000,1785153440054582000,121932490,121652369,-98.121,0.000,1.000,0.000,2.000,0.000,0.000,0.000,0,0,0
B3_zmq_pushpull,zmq_tcp,none,none,,1,3594,512,584,1785153440055399000,1785153440055399000,1785153440055399000,1785153440055400000,1785153440055448000,1785153440055450000,1785153440055451000,1785153440055451000,121932490,121652369,-232.121,0.000,0.000,1.000,2.000,1.000,0.000,0.000,0,0,0
B3_zmq_pushpull,zmq_tcp,none,none,,1,3595,512,584,1785153440056399000,1785153440056399000,1785153440056400000,1785153440056400000,1785153440056566000,1785153440056569000,1785153440056569000,1785153440056569000,121932490,121652369,-114.121,0.000,1.000,0.000,3.000,0.000,0.000,0.000,0,0,0
B3_zmq_pushpull,zmq_tcp,none,none,,1,3596,512,584,1785153440057399000,1785153440057399000,1785153440057399000,1785153440057400000,1785153440057443000,1785153440057447000,1785153440057447000,1785153440057447000,121932490,121652369,-237.121,0.000,0.000,1.000,4.000,0.000,0.000,0.000,0,0,0
B3_zmq_pushpull,zmq_tcp,none,none,,1,3597,512,584,1785153440058399000,1785153440058399000,1785153440058399000,1785153440058400000,1785153440058569000,1785153440058572000,1785153440058572000,1785153440058572000,121932490,121652369,-111.121,0.000,0.000,1.000,3.000,0.000,0.000,0.000,0,0,0
B3_zmq_pushpull,zmq_tcp,none,none,,1,3598,512,584,1785153440059402000,1785153440059402000,1785153440059402000,1785153440059403000,1785153440059580000,1785153440059583000,1785153440059583000,1785153440059583000,121932490,121652369,-103.121,0.000,0.000,1.000,3.000,0.000,0.000,0.000,0,0,0
B3_zmq_pushpull,zmq_tcp,none,none,,1,3599,512,584,1785153440060402000,1785153440060402000,1785153440060402000,1785153440060403000,1785153440060446000,1785153440060450000,1785153440060450000,1785153440060450000,121932490,121652369,-237.121,0.000,0.000,1.000,4.000,0.000,0.000,0.000,0,0,0
B3_zmq_pushpull,zmq_tcp,none,none,,1,3600,512,584,1785153440061400000,1785153440061400000,1785153440061400000,1785153440061401000,1785153440061564000,1785153440061566000,1785153440061566000,1785153440061566000,121932490,121652369,-117.121,0.000,0.000,1.000,2.000,0.000,0.000,0.000,0,0,0
B3_zmq_pushpull,zmq_tcp,none,none,,1,3601,512,584,1785153440062399000,1785153440062399000,1785153440062399000,1785153440062400000,1785153440062564000,1785153440062567000,1785153440062567000,1785153440062567000,121932490,121652369,-116.121,0.000,0.000,1.000,3.000,0.000,0.000,0.000,0,0,0
B3_zmq_pushpull,zmq_tcp,none,none,,1,3602,512,584,1785153440063399000,1785153440063399000,1785153440063399000,1785153440063400000,1785153440063577000,1785153440063580000,1785153440063580000,1785153440063580000,121932490,121652369,-103.121,0.000,0.000,1.000,3.000,0.000,0.000,0.000,0,0,0
B3_zmq_pushpull,zmq_tcp,none,none,,1,3603,512,584,1785153440064396000,1785153440064396000,1785153440064397000,1785153440064397000,1785153440064438000,1785153440064441000,1785153440064441000,1785153440064441000,121932490,121652369,-239.121,0.000,1.000,0.000,3.000,0.000,0.000,0.000,0,0,0
B3_zmq_pushpull,zmq_tcp,none,none,,1,3604,512,584,1785153440065400000,1785153440065400000,1785153440065400000,1785153440065401000,1785153440065550000,1785153440065553000,1785153440065553000,1785153440065553000,121932490,121652369,-131.121,0.000,0.000,1.000,3.000,0.000,0.000,0.000,0,0,0
B3_zmq_pushpull,zmq_tcp,none,none,,1,3605,512,584,1785153440066259000,1785153440066259000,1785153440066260000,1785153440066261000,1785153440066404000,1785153440066406000,1785153440066406000,1785153440066406000,121932490,121652369,-137.121,0.000,1.000,1.000,2.000,0.000,0.000,0.000,0,0,0
B3_zmq_pushpull,zmq_tcp,none,none,,1,3606,512,584,1785153440067435000,1785153440067435000,1785153440067435000,1785153440067436000,1785153440067544000,1785153440067546000,1785153440067546000,1785153440067546000,121932490,121652369,-172.121,0.000,0.000,1.000,2.000,0.000,0.000,0.000,0,0,0
B3_zmq_pushpull,zmq_tcp,none,none,,1,3607,512,584,1785153440068387000,1785153440068388000,1785153440068388000,1785153440068389000,1785153440068549000,1785153440068552000,1785153440068552000,1785153440068552000,121932490,121652369,-120.121,1.000,0.000,1.000,3.000,0.000,0.000,0.000,0,0,0
B3_zmq_pushpull,zmq_tcp,none,none,,1,3608,512,584,1785153440069403000,1785153440069403000,1785153440069403000,1785153440069404000,1785153440069554000,1785153440069557000,1785153440069557000,1785153440069557000,121932490,121652369,-130.121,0.000,0.000,1.000,3.000,0.000,0.000,0.000,0,0,0
B3_zmq_pushpull,zmq_tcp,none,none,,1,3609,512,584,1785153440070398000,1785153440070398000,1785153440070398000,1785153440070399000,1785153440070557000,1785153440070560000,1785153440070560000,1785153440070560000,121932490,121652369,-122.121,0.000,0.000,1.000,3.000,0.000,0.000,0.000,0,0,0
B3_zmq_pushpull,zmq_tcp,none,none,,1,3610,512,584,1785153440071399000,1785153440071399000,1785153440071399000,1785153440071400000,1785153440071550000,1785153440071553000,1785153440071553000,1785153440071553000,121932490,121652369,-130.121,0.000,0.000,1.000,3.000,0.000,0.000,0.000,0,0,0
B3_zmq_pushpull,zmq_tcp,none,none,,1,3611,512,584,1785153440072397000,1785153440072397000,1785153440072397000,1785153440072398000,1785153440072527000,1785153440072529000,1785153440072529000,1785153440072529000,121932490,121652369,-151.121,0.000,0.000,1.000,2.000,0.000,0.000,0.000,0,0,0
B3_zmq_pushpull,zmq_tcp,none,none,,1,3612,512,584,1785153440073400000,1785153440073400000,1785153440073400000,1785153440073401000,1785153440073504000,1785153440073507000,1785153440073507000,1785153440073507000,121932490,121652369,-177.121,0.000,0.000,1.000,3.000,0.000,0.000,0.000,0,0,0
B3_zmq_pushpull,zmq_tcp,none,none,,1,3613,512,584,1785153440074399000,1785153440074399000,1785153440074399000,1785153440074400000,1785153440074498000,1785153440074501000,1785153440074501000,1785153440074501000,121932490,121652369,-182.121,0.000,0.000,1.000,3.000,0.000,0.000,0.000,0,0,0
B3_zmq_pushpull,zmq_tcp,none,none,,1,3614,512,584,1785153440075361000,1785153440075362000,1785153440075362000,1785153440075363000,1785153440075507000,1785153440075509000,1785153440075509000,1785153440075509000,121932490,121652369,-136.121,1.000,0.000,1.000,2.000,0.000,0.000,0.000,0,0,0
B3_zmq_pushpull,zmq_tcp,none,none,,1,3615,512,584,1785153440076207000,1785153440076208000,1785153440076208000,1785153440076209000,1785153440076364000,1785153440076368000,1785153440076368000,1785153440076368000,121932490,121652369,-125.121,1.000,0.000,1.000,4.000,0.000,0.000,0.000,0,0,0
B3_zmq_pushpull,zmq_tcp,none,none,,1,3616,512,584,1785153440077447000,1785153440077447000,1785153440077447000,1785153440077448000,1785153440077503000,1785153440077506000,1785153440077507000,1785153440077507000,121932490,121652369,-225.121,0.000,0.000,1.000,3.000,1.000,0.000,0.000,0,0,0
B3_zmq_pushpull,zmq_tcp,none,none,,1,3617,512,584,1785153440078387000,1785153440078387000,1785153440078387000,1785153440078388000,1785153440078509000,1785153440078512000,1785153440078512000,1785153440078512000,121932490,121652369,-159.121,0.000,0.000,1.000,3.000,0.000,0.000,0.000,0,0,0
B3_zmq_pushpull,zmq_tcp,none,none,,1,3618,512,584,1785153440079399000,1785153440079399000,1785153440079399000,1785153440079400000,1785153440079486000,1785153440079489000,1785153440079489000,1785153440079489000,121932490,121652369,-194.121,0.000,0.000,1.000,3.000,0.000,0.000,0.000,0,0,0
B3_zmq_pushpull,zmq_tcp,none,none,,1,3619,512,584,1785153440080399000,1785153440080399000,1785153440080399000,1785153440080400000,1785153440080472000,1785153440080475000,1785153440080475000,1785153440080475000,121932490,121652369,-208.121,0.000,0.000,1.000,3.000,0.000,0.000,0.000,0,0,0
B3_zmq_pushpull,zmq_tcp,none,none,,1,3620,512,584,1785153440081402000,1785153440081402000,1785153440081402000,1785153440081403000,1785153440081465000,1785153440081468000,1785153440081469000,1785153440081469000,121932490,121652369,-218.121,0.000,0.000,1.000,3.000,1.000,0.000,0.000,0,0,0
B3_zmq_pushpull,zmq_tcp,none,none,,1,3621,512,584,1785153440082319000,1785153440082319000,1785153440082319000,1785153440082320000,1785153440082479000,1785153440082481000,1785153440082481000,1785153440082481000,121932490,121652369,-121.121,0.000,0.000,1.000,2.000,0.000,0.000,0.000,0,0,0
B3_zmq_pushpull,zmq_tcp,none,none,,1,3622,512,584,1785153440083325000,1785153440083325000,1785153440083325000,1785153440083326000,1785153440083483000,1785153440083485000,1785153440083485000,1785153440083485000,121932490,121652369,-123.121,0.000,0.000,1.000,2.000,0.000,0.000,0.000,0,0,0
B3_zmq_pushpull,zmq_tcp,none,none,,1,3623,512,584,1785153440084418000,1785153440084418000,1785153440084418000,1785153440084419000,1785153440084489000,1785153440084492000,1785153440084492000,1785153440084492000,121932490,121652369,-210.121,0.000,0.000,1.000,3.000,0.000,0.000,0.000,0,0,0
B3_zmq_pushpull,zmq_tcp,none,none,,1,3624,512,584,1785153440085392000,1785153440085393000,1785153440085393000,1785153440085394000,1785153440085492000,1785153440085494000,1785153440085495000,1785153440085495000,121932490,121652369,-182.121,1.000,0.000,1.000,2.000,1.000,0.000,0.000,0,0,0
B3_zmq_pushpull,zmq_tcp,none,none,,1,3625,512,584,1785153440086402000,1785153440086402000,1785153440086402000,1785153440086403000,1785153440086488000,1785153440086490000,1785153440086491000,1785153440086491000,121932490,121652369,-195.121,0.000,0.000,1.000,2.000,1.000,0.000,0.000,0,0,0
B3_zmq_pushpull,zmq_tcp,none,none,,1,3626,512,584,1785153440087400000,1785153440087400000,1785153440087400000,1785153440087401000,1785153440087484000,1785153440087486000,1785153440087487000,1785153440087487000,121932490,121652369,-197.121,0.000,0.000,1.000,2.000,1.000,0.000,0.000,0,0,0
B3_zmq_pushpull,zmq_tcp,none,none,,1,3627,512,584,1785153440088402000,1785153440088402000,1785153440088402000,1785153440088403000,1785153440088484000,1785153440088486000,1785153440088487000,1785153440088487000,121932490,121652369,-199.121,0.000,0.000,1.000,2.000,1.000,0.000,0.000,0,0,0
B3_zmq_pushpull,zmq_tcp,none,none,,1,3628,512,584,1785153440089398000,1785153440089398000,1785153440089398000,1785153440089399000,1785153440089484000,1785153440089486000,1785153440089487000,1785153440089487000,121932490,121652369,-195.121,0.000,0.000,1.000,2.000,1.000,0.000,0.000,0,0,0
B3_zmq_pushpull,zmq_tcp,none,none,,1,3629,512,584,1785153440090400000,1785153440090400000,1785153440090401000,1785153440090401000,1785153440090479000,1785153440090482000,1785153440090482000,1785153440090482000,121932490,121652369,-202.121,0.000,1.000,0.000,3.000,0.000,0.000,0.000,0,0,0
B3_zmq_pushpull,zmq_tcp,none,none,,1,3630,512,584,1785153440091319000,1785153440091319000,1785153440091319000,1785153440091320000,1785153440091477000,1785153440091480000,1785153440091480000,1785153440091480000,121932490,121652369,-123.121,0.000,0.000,1.000,3.000,0.000,0.000,0.000,0,0,0
B3_zmq_pushpull,zmq_tcp,none,none,,1,3631,512,584,1785153440092419000,1785153440092419000,1785153440092419000,1785153440092420000,1785153440092596000,1785153440092599000,1785153440092599000,1785153440092599000,121932490,121652369,-104.121,0.000,0.000,1.000,3.000,0.000,0.000,0.000,0,0,0
B3_zmq_pushpull,zmq_tcp,none,none,,1,3632,512,584,1785153440093391000,1785153440093391000,1785153440093391000,1785153440093392000,1785153440093441000,1785153440093444000,1785153440093444000,1785153440093444000,121932490,121652369,-231.121,0.000,0.000,1.000,3.000,0.000,0.000,0.000,0,0,0
B3_zmq_pushpull,zmq_tcp,none,none,,1,3633,512,584,1785153440094402000,1785153440094402000,1785153440094402000,1785153440094403000,1785153440094446000,1785153440094450000,1785153440094450000,1785153440094450000,121932490,121652369,-237.121,0.000,0.000,1.000,4.000,0.000,0.000,0.000,0,0,0
B3_zmq_pushpull,zmq_tcp,none,none,,1,3634,512,584,1785153440095289000,1785153440095289000,1785153440095289000,1785153440095290000,1785153440095447000,1785153440095450000,1785153440095450000,1785153440095450000,121932490,121652369,-123.121,0.000,0.000,1.000,3.000,0.000,0.000,0.000,0,0,0
B3_zmq_pushpull,zmq_tcp,none,none,,1,3635,512,584,1785153440096266000,1785153440096266000,1785153440096266000,1785153440096267000,1785153440096424000,1785153440096427000,1785153440096427000,1785153440096427000,121932490,121652369,-123.121,0.000,0.000,1.000,3.000,0.000,0.000,0.000,0,0,0
B3_zmq_pushpull,zmq_tcp,none,none,,1,3636,512,584,1785153440097431000,1785153440097431000,1785153440097431000,1785153440097432000,1785153440097583000,1785153440097585000,1785153440097585000,1785153440097585000,121932490,121652369,-129.121,0.000,0.000,1.000,2.000,0.000,0.000,0.000,0,0,0
B3_zmq_pushpull,zmq_tcp,none,none,,1,3637,512,584,1785153440098391000,1785153440098391000,1785153440098391000,1785153440098392000,1785153440098440000,1785153440098443000,1785153440098443000,1785153440098443000,121932490,121652369,-232.121,0.000,0.000,1.000,3.000,0.000,0.000,0.000,0,0,0
B3_zmq_pushpull,zmq_tcp,none,none,,1,3638,512,584,1785153440099402000,1785153440099402000,1785153440099402000,1785153440099403000,1785153440099457000,1785153440099460000,1785153440099460000,1785153440099460000,121932490,121652369,-226.121,0.000,0.000,1.000,3.000,0.000,0.000,0.000,0,0,0
B3_zmq_pushpull,zmq_tcp,none,none,,1,3639,512,584,1785153440100300000,1785153440100300000,1785153440100300000,1785153440100301000,1785153440100445000,1785153440100448000,1785153440100448000,1785153440100448000,121932490,121652369,-136.121,0.000,0.000,1.000,3.000,0.000,0.000,0.000,0,0,0
B3_zmq_pushpull,zmq_tcp,none,none,,1,3640,512,584,1785153440101425000,1785153440101425000,1785153440101425000,1785153440101426000,1785153440101586000,1785153440101589000,1785153440101589000,1785153440101589000,121932490,121652369,-120.121,0.000,0.000,1.000,3.000,0.000,0.000,0.000,0,0,0
B3_zmq_pushpull,zmq_tcp,none,none,,1,3641,512,584,1785153440102392000,1785153440102393000,1785153440102393000,1785153440102394000,1785153440102431000,1785153440102434000,1785153440102434000,1785153440102434000,121932490,121652369,-243.121,1.000,0.000,1.000,3.000,0.000,0.000,0.000,0,0,0
B3_zmq_pushpull,zmq_tcp,none,none,,1,3642,512,584,1785153440103290000,1785153440103290000,1785153440103290000,1785153440103291000,1785153440103452000,1785153440103455000,1785153440103455000,1785153440103455000,121932490,121652369,-119.121,0.000,0.000,1.000,3.000,0.000,0.000,0.000,0,0,0
B3_zmq_pushpull,zmq_tcp,none,none,,1,3643,512,584,1785153440104426000,1785153440104426000,1785153440104426000,1785153440104427000,1785153440104589000,1785153440104593000,1785153440104593000,1785153440104593000,121932490,121652369,-118.121,0.000,0.000,1.000,4.000,0.000,0.000,0.000,0,0,0
B3_zmq_pushpull,zmq_tcp,none,none,,1,3644,512,584,1785153440105394000,1785153440105394000,1785153440105394000,1785153440105395000,1785153440105452000,1785153440105455000,1785153440105455000,1785153440105455000,121932490,121652369,-223.121,0.000,0.000,1.000,3.000,0.000,0.000,0.000,0,0,0
B3_zmq_pushpull,zmq_tcp,none,none,,1,3645,512,584,1785153440106400000,1785153440106401000,1785153440106401000,1785153440106402000,1785153440106457000,1785153440106460000,1785153440106460000,1785153440106460000,121932490,121652369,-225.121,1.000,0.000,1.000,3.000,0.000,0.000,0.000,0,0,0
B3_zmq_pushpull,zmq_tcp,none,none,,1,3646,512,584,1785153440107397000,1785153440107397000,1785153440107397000,1785153440107398000,1785153440107453000,1785153440107456000,1785153440107456000,1785153440107456000,121932490,121652369,-225.121,0.000,0.000,1.000,3.000,0.000,0.000,0.000,0,0,0
B3_zmq_pushpull,zmq_tcp,none,none,,1,3647,512,584,1785153440108400000,1785153440108401000,1785153440108401000,1785153440108402000,1785153440108442000,1785153440108446000,1785153440108446000,1785153440108446000,121932490,121652369,-240.121,1.000,0.000,1.000,4.000,0.000,0.000,0.000,0,0,0
B3_zmq_pushpull,zmq_tcp,none,none,,1,3648,512,584,1785153440109399000,1785153440109399000,1785153440109399000,1785153440109400000,1785153440109433000,1785153440109436000,1785153440109436000,1785153440109436000,121932490,121652369,-247.121,0.000,0.000,1.000,3.000,0.000,0.000,0.000,0,0,0
B3_zmq_pushpull,zmq_tcp,none,none,,1,3649,512,584,1785153440110399000,1785153440110399000,1785153440110399000,1785153440110400000,1785153440110565000,1785153440110568000,1785153440110568000,1785153440110568000,121932490,121652369,-115.121,0.000,0.000,1.000,3.000,0.000,0.000,0.000,0,0,0
B3_zmq_pushpull,zmq_tcp,none,none,,1,3650,512,584,1785153440111398000,1785153440111398000,1785153440111398000,1785153440111399000,1785153440111571000,1785153440111573000,1785153440111573000,1785153440111573000,121932490,121652369,-108.121,0.000,0.000,1.000,2.000,0.000,0.000,0.000,0,0,0
B3_zmq_pushpull,zmq_tcp,none,none,,1,3651,512,584,1785153440112400000,1785153440112400000,1785153440112400000,1785153440112401000,1785153440112445000,1785153440112448000,1785153440112448000,1785153440112449000,121932490,121652369,-236.121,0.000,0.000,1.000,3.000,0.000,1.000,0.000,0,0,0
B3_zmq_pushpull,zmq_tcp,none,none,,1,3652,512,584,1785153440113399000,1785153440113399000,1785153440113399000,1785153440113400000,1785153440113442000,1785153440113446000,1785153440113446000,1785153440113446000,121932490,121652369,-238.121,0.000,0.000,1.000,4.000,0.000,0.000,0.000,0,0,0
B3_zmq_pushpull,zmq_tcp,none,none,,1,3653,512,584,1785153440114399000,1785153440114399000,1785153440114399000,1785153440114400000,1785153440114456000,1785153440114459000,1785153440114459000,1785153440114459000,121932490,121652369,-224.121,0.000,0.000,1.000,3.000,0.000,0.000,0.000,0,0,0
B3_zmq_pushpull,zmq_tcp,none,none,,1,3654,512,584,1785153440115291000,1785153440115291000,1785153440115291000,1785153440115292000,1785153440115451000,1785153440115453000,1785153440115453000,1785153440115454000,121932490,121652369,-121.121,0.000,0.000,1.000,2.000,0.000,1.000,0.000,0,0,0
B3_zmq_pushpull,zmq_tcp,none,none,,1,3655,512,584,1785153440116427000,1785153440116428000,1785153440116428000,1785153440116429000,1785153440116615000,1785153440116618000,1785153440116618000,1785153440116618000,121932490,121652369,-94.121,1.000,0.000,1.000,3.000,0.000,0.000,0.000,0,0,0
B3_zmq_pushpull,zmq_tcp,none,none,,1,3656,512,584,1785153440117297000,1785153440117297000,1785153440117297000,1785153440117298000,1785153440117455000,1785153440117458000,1785153440117458000,1785153440117458000,121932490,121652369,-123.121,0.000,0.000,1.000,3.000,0.000,0.000,0.000,0,0,0
B3_zmq_pushpull,zmq_tcp,none,none,,1,3657,512,584,1785153440118284000,1785153440118284000,1785153440118284000,1785153440118285000,1785153440118446000,1785153440118448000,1785153440118448000,1785153440118448000,121932490,121652369,-119.121,0.000,0.000,1.000,2.000,0.000,0.000,0.000,0,0,0
B3_zmq_pushpull,zmq_tcp,none,none,,1,3658,512,584,1785153440119428000,1785153440119428000,1785153440119428000,1785153440119429000,1785153440119560000,1785153440119563000,1785153440119563000,1785153440119563000,121932490,121652369,-149.121,0.000,0.000,1.000,3.000,0.000,0.000,0.000,0,0,0
B3_zmq_pushpull,zmq_tcp,none,none,,1,3659,512,584,1785153440120392000,1785153440120392000,1785153440120392000,1785153440120393000,1785153440120534000,1785153440120539000,1785153440120539000,1785153440120539000,121932490,121652369,-139.121,0.000,0.000,1.000,5.000,0.000,0.000,0.000,0,0,0
B3_zmq_pushpull,zmq_tcp,none,none,,1,3660,512,584,1785153440121221000,1785153440121221000,1785153440121221000,1785153440121222000,1785153440121372000,1785153440121375000,1785153440121375000,1785153440121375000,121932490,121652369,-130.121,0.000,0.000,1.000,3.000,0.000,0.000,0.000,0,0,0
B3_zmq_pushpull,zmq_tcp,none,none,,1,3661,512,584,1785153440122212000,1785153440122212000,1785153440122212000,1785153440122213000,1785153440122351000,1785153440122354000,1785153440122354000,1785153440122354000,121932490,121652369,-142.121,0.000,0.000,1.000,3.000,0.000,0.000,0.000,0,0,0
B3_zmq_pushpull,zmq_tcp,none,none,,1,3662,512,584,1785153440123316000,1785153440123316000,1785153440123316000,1785153440123318000,1785153440123464000,1785153440123467000,1785153440123467000,1785153440123467000,121932490,121652369,-134.121,0.000,0.000,2.000,3.000,0.000,0.000,0.000,0,0,0
B3_zmq_pushpull,zmq_tcp,none,none,,1,3663,512,584,1785153440124301000,1785153440124301000,1785153440124301000,1785153440124302000,1785153440124459000,1785153440124462000,1785153440124462000,1785153440124462000,121932490,121652369,-123.121,0.000,0.000,1.000,3.000,0.000,0.000,0.000,0,0,0
B3_zmq_pushpull,zmq_tcp,none,none,,1,3664,512,584,1785153440125423000,1785153440125424000,1785153440125424000,1785153440125425000,1785153440125584000,1785153440125587000,1785153440125587000,1785153440125587000,121932490,121652369,-121.121,1.000,0.000,1.000,3.000,0.000,0.000,0.000,0,0,0
B3_zmq_pushpull,zmq_tcp,none,none,,1,3665,512,584,1785153440126394000,1785153440126394000,1785153440126394000,1785153440126395000,1785153440126583000,1785153440126586000,1785153440126586000,1785153440126586000,121932490,121652369,-92.121,0.000,0.000,1.000,3.000,0.000,0.000,0.000,0,0,0
B3_zmq_pushpull,zmq_tcp,none,none,,1,3666,512,584,1785153440127399000,1785153440127400000,1785153440127400000,1785153440127401000,1785153440127554000,1785153440127558000,1785153440127558000,1785153440127558000,121932490,121652369,-127.121,1.000,0.000,1.000,4.000,0.000,0.000,0.000,0,0,0
B3_zmq_pushpull,zmq_tcp,none,none,,1,3667,512,584,1785153440128398000,1785153440128398000,1785153440128398000,1785153440128399000,1785153440128533000,1785153440128535000,1785153440128535000,1785153440128535000,121932490,121652369,-146.121,0.000,0.000,1.000,2.000,0.000,0.000,0.000,0,0,0
B3_zmq_pushpull,zmq_tcp,none,none,,1,3668,512,584,1785153440129398000,1785153440129398000,1785153440129398000,1785153440129399000,1785153440129526000,1785153440129529000,1785153440129529000,1785153440129529000,121932490,121652369,-153.121,0.000,0.000,1.000,3.000,0.000,0.000,0.000,0,0,0
B3_zmq_pushpull,zmq_tcp,none,none,,1,3669,512,584,1785153440130398000,1785153440130398000,1785153440130398000,1785153440130399000,1785153440130519000,1785153440130528000,1785153440130528000,1785153440130528000,121932490,121652369,-160.121,0.000,0.000,1.000,9.000,0.000,0.000,0.000,0,0,0
B3_zmq_pushpull,zmq_tcp,none,none,,1,3670,512,584,1785153440131398000,1785153440131398000,1785153440131398000,1785153440131399000,1785153440131498000,1785153440131500000,1785153440131501000,1785153440131501000,121932490,121652369,-181.121,0.000,0.000,1.000,2.000,1.000,0.000,0.000,0,0,0
B3_zmq_pushpull,zmq_tcp,none,none,,1,3671,512,584,1785153440132400000,1785153440132401000,1785153440132401000,1785153440132402000,1785153440132469000,1785153440132473000,1785153440132473000,1785153440132473000,121932490,121652369,-213.121,1.000,0.000,1.000,4.000,0.000,0.000,0.000,0,0,0
B3_zmq_pushpull,zmq_tcp,none,none,,1,3672,512,584,1785153440133397000,1785153440133397000,1785153440133397000,1785153440133398000,1785153440133587000,1785153440133590000,1785153440133590000,1785153440133590000,121932490,121652369,-91.121,0.000,0.000,1.000,3.000,0.000,0.000,0.000,0,0,0
B3_zmq_pushpull,zmq_tcp,none,none,,1,3673,512,584,1785153440134288000,1785153440134288000,1785153440134288000,1785153440134289000,1785153440134439000,1785153440134442000,1785153440134442000,1785153440134442000,121932490,121652369,-130.121,0.000,0.000,1.000,3.000,0.000,0.000,0.000,0,0,0
B3_zmq_pushpull,zmq_tcp,none,none,,1,3674,512,584,1785153440135264000,1785153440135264000,1785153440135265000,1785153440135266000,1785153440135407000,1785153440135410000,1785153440135410000,1785153440135410000,121932490,121652369,-139.121,0.000,1.000,1.000,3.000,0.000,0.000,0.000,0,0,0
B3_zmq_pushpull,zmq_tcp,none,none,,1,3675,512,584,1785153440136432000,1785153440136432000,1785153440136432000,1785153440136433000,1785153440136534000,1785153440136536000,1785153440136536000,1785153440136536000,121932490,121652369,-179.121,0.000,0.000,1.000,2.000,0.000,0.000,0.000,0,0,0
B3_zmq_pushpull,zmq_tcp,none,none,,1,3676,512,584,1785153440137388000,1785153440137388000,1785153440137388000,1785153440137389000,1785153440137498000,1785153440137501000,1785153440137501000,1785153440137501000,121932490,121652369,-171.121,0.000,0.000,1.000,3.000,0.000,0.000,0.000,0,0,0
B3_zmq_pushpull,zmq_tcp,none,none,,1,3677,512,584,1785153440138205000,1785153440138205000,1785153440138205000,1785153440138206000,1785153440138350000,1785153440138353000,1785153440138353000,1785153440138353000,121932490,121652369,-136.121,0.000,0.000,1.000,3.000,0.000,0.000,0.000,0,0,0
B3_zmq_pushpull,zmq_tcp,none,none,,1,3678,512,584,1785153440139316000,1785153440139316000,1785153440139317000,1785153440139318000,1785153440139466000,1785153440139469000,1785153440139469000,1785153440139469000,121932490,121652369,-132.121,0.000,1.000,1.000,3.000,0.000,0.000,0.000,0,0,0
B3_zmq_pushpull,zmq_tcp,none,none,,1,3679,512,584,1785153440140420000,1785153440140420000,1785153440140420000,1785153440140421000,1785153440140597000,1785153440140600000,1785153440140600000,1785153440140600000,121932490,121652369,-104.121,0.000,0.000,1.000,3.000,0.000,0.000,0.000,0,0,0
B3_zmq_pushpull,zmq_tcp,none,none,,1,3680,512,584,1785153440141393000,1785153440141393000,1785153440141393000,1785153440141394000,1785153440141571000,1785153440141574000,1785153440141574000,1785153440141574000,121932490,121652369,-103.121,0.000,0.000,1.000,3.000,0.000,0.000,0.000,0,0,0
B3_zmq_pushpull,zmq_tcp,none,none,,1,3681,512,584,1785153440142260000,1785153440142260000,1785153440142260000,1785153440142261000,1785153440142413000,1785153440142415000,1785153440142415000,1785153440142415000,121932490,121652369,-128.121,0.000,0.000,1.000,2.000,0.000,0.000,0.000,0,0,0
B3_zmq_pushpull,zmq_tcp,none,none,,1,3682,512,584,1785153440143249000,1785153440143249000,1785153440143249000,1785153440143250000,1785153440143401000,1785153440143403000,1785153440143403000,1785153440143403000,121932490,121652369,-129.121,0.000,0.000,1.000,2.000,0.000,0.000,0.000,0,0,0
B3_zmq_pushpull,zmq_tcp,none,none,,1,3683,512,584,1785153440144244000,1785153440144244000,1785153440144244000,1785153440144245000,1785153440144402000,1785153440144405000,1785153440144405000,1785153440144405000,121932490,121652369,-123.121,0.000,0.000,1.000,3.000,0.000,0.000,0.000,0,0,0
B3_zmq_pushpull,zmq_tcp,none,none,,1,3684,512,584,1785153440145237000,1785153440145237000,1785153440145238000,1785153440145238000,1785153440145398000,1785153440145401000,1785153440145401000,1785153440145401000,121932490,121652369,-120.121,0.000,1.000,0.000,3.000,0.000,0.000,0.000,0,0,0
B3_zmq_pushpull,zmq_tcp,none,none,,1,3685,512,584,1785153440146441000,1785153440146442000,1785153440146442000,1785153440146443000,1785153440146518000,1785153440146521000,1785153440146521000,1785153440146521000,121932490,121652369,-205.121,1.000,0.000,1.000,3.000,0.000,0.000,0.000,0,0,0
B3_zmq_pushpull,zmq_tcp,none,none,,1,3686,512,584,1785153440147388000,1785153440147388000,1785153440147388000,1785153440147389000,1785153440147503000,1785153440147506000,1785153440147506000,1785153440147506000,121932490,121652369,-166.121,0.000,0.000,1.000,3.000,0.000,0.000,0.000,0,0,0
B3_zmq_pushpull,zmq_tcp,none,none,,1,3687,512,584,1785153440148398000,1785153440148398000,1785153440148398000,1785153440148400000,1785153440148465000,1785153440148468000,1785153440148468000,1785153440148468000,121932490,121652369,-215.121,0.000,0.000,2.000,3.000,0.000,0.000,0.000,0,0,0
B3_zmq_pushpull,zmq_tcp,none,none,,1,3688,512,584,1785153440149398000,1785153440149398000,1785153440149398000,1785153440149399000,1785153440149443000,1785153440149446000,1785153440149446000,1785153440149446000,121932490,121652369,-236.121,0.000,0.000,1.000,3.000,0.000,0.000,0.000,0,0,0
B3_zmq_pushpull,zmq_tcp,none,none,,1,3689,512,584,1785153440150399000,1785153440150399000,1785153440150399000,1785153440150400000,1785153440150563000,1785153440150566000,1785153440150566000,1785153440150566000,121932490,121652369,-117.121,0.000,0.000,1.000,3.000,0.000,0.000,0.000,0,0,0
B3_zmq_pushpull,zmq_tcp,none,none,,1,3690,512,584,1785153440151396000,1785153440151396000,1785153440151396000,1785153440151397000,1785153440151553000,1785153440151555000,1785153440151555000,1785153440151555000,121932490,121652369,-124.121,0.000,0.000,1.000,2.000,0.000,0.000,0.000,0,0,0
B3_zmq_pushpull,zmq_tcp,none,none,,1,3691,512,584,1785153440152402000,1785153440152402000,1785153440152402000,1785153440152403000,1785153440152528000,1785153440152530000,1785153440152530000,1785153440152530000,121932490,121652369,-155.121,0.000,0.000,1.000,2.000,0.000,0.000,0.000,0,0,0
B3_zmq_pushpull,zmq_tcp,none,none,,1,3692,512,584,1785153440153398000,1785153440153398000,1785153440153398000,1785153440153399000,1785153440153527000,1785153440153530000,1785153440153530000,1785153440153530000,121932490,121652369,-152.121,0.000,0.000,1.000,3.000,0.000,0.000,0.000,0,0,0
B3_zmq_pushpull,zmq_tcp,none,none,,1,3693,512,584,1785153440154401000,1785153440154401000,1785153440154401000,1785153440154402000,1785153440154501000,1785153440154507000,1785153440154507000,1785153440154507000,121932490,121652369,-181.121,0.000,0.000,1.000,6.000,0.000,0.000,0.000,0,0,0
B3_zmq_pushpull,zmq_tcp,none,none,,1,3694,512,584,1785153440155396000,1785153440155396000,1785153440155396000,1785153440155397000,1785153440155482000,1785153440155485000,1785153440155485000,1785153440155485000,121932490,121652369,-195.121,0.000,0.000,1.000,3.000,0.000,0.000,0.000,0,0,0
B3_zmq_pushpull,zmq_tcp,none,none,,1,3695,512,584,1785153440156400000,1785153440156400000,1785153440156400000,1785153440156401000,1785153440156451000,1785153440156453000,1785153440156453000,1785153440156453000,121932490,121652369,-230.121,0.000,0.000,1.000,2.000,0.000,0.000,0.000,0,0,0
B3_zmq_pushpull,zmq_tcp,none,none,,1,3696,512,584,1785153440157399000,1785153440157399000,1785153440157399000,1785153440157400000,1785153440157561000,1785153440157564000,1785153440157564000,1785153440157564000,121932490,121652369,-119.121,0.000,0.000,1.000,3.000,0.000,0.000,0.000,0,0,0
B3_zmq_pushpull,zmq_tcp,none,none,,1,3697,512,584,1785153440158399000,1785153440158399000,1785153440158399000,1785153440158400000,1785153440158551000,1785153440158554000,1785153440158554000,1785153440158554000,121932490,121652369,-129.121,0.000,0.000,1.000,3.000,0.000,0.000,0.000,0,0,0
B3_zmq_pushpull,zmq_tcp,none,none,,1,3698,512,584,1785153440159396000,1785153440159396000,1785153440159396000,1785153440159397000,1785153440159529000,1785153440159531000,1785153440159531000,1785153440159531000,121932490,121652369,-148.121,0.000,0.000,1.000,2.000,0.000,0.000,0.000,0,0,0
B3_zmq_pushpull,zmq_tcp,none,none,,1,3699,512,584,1785153440160402000,1785153440160402000,1785153440160402000,1785153440160403000,1785153440160526000,1785153440160529000,1785153440160529000,1785153440160529000,121932490,121652369,-157.121,0.000,0.000,1.000,3.000,0.000,0.000,0.000,0,0,0
B3_zmq_pushpull,zmq_tcp,none,none,,1,3700,512,584,1785153440161397000,1785153440161397000,1785153440161397000,1785153440161398000,1785153440161506000,1785153440161509000,1785153440161509000,1785153440161509000,121932490,121652369,-172.121,0.000,0.000,1.000,3.000,0.000,0.000,0.000,0,0,0
B3_zmq_pushpull,zmq_tcp,none,none,,1,3701,512,584,1785153440162398000,1785153440162398000,1785153440162398000,1785153440162399000,1785153440162475000,1785153440162478000,1785153440162478000,1785153440162478000,121932490,121652369,-204.121,0.000,0.000,1.000,3.000,0.000,0.000,0.000,0,0,0
B3_zmq_pushpull,zmq_tcp,none,none,,1,3702,512,584,1785153440163396000,1785153440163396000,1785153440163396000,1785153440163397000,1785153440163443000,1785153440163446000,1785153440163446000,1785153440163446000,121932490,121652369,-234.121,0.000,0.000,1.000,3.000,0.000,0.000,0.000,0,0,0
B3_zmq_pushpull,zmq_tcp,none,none,,1,3703,512,584,1785153440164265000,1785153440164265000,1785153440164265000,1785153440164266000,1785153440164418000,1785153440164421000,1785153440164421000,1785153440164421000,121932490,121652369,-128.121,0.000,0.000,1.000,3.000,0.000,0.000,0.000,0,0,0
B3_zmq_pushpull,zmq_tcp,none,none,,1,3704,512,584,1785153440165241000,1785153440165242000,1785153440165242000,1785153440165243000,1785153440165397000,1785153440165399000,1785153440165399000,1785153440165399000,121932490,121652369,-126.121,1.000,0.000,1.000,2.000,0.000,0.000,0.000,0,0,0
B3_zmq_pushpull,zmq_tcp,none,none,,1,3705,512,584,1785153440166441000,1785153440166441000,1785153440166441000,1785153440166442000,1785153440166517000,1785153440166519000,1785153440166519000,1785153440166519000,121932490,121652369,-205.121,0.000,0.000,1.000,2.000,0.000,0.000,0.000,0,0,0
B3_zmq_pushpull,zmq_tcp,none,none,,1,3706,512,584,1785153440167213000,1785153440167214000,1785153440167214000,1785153440167215000,1785153440167370000,1785153440167373000,1785153440167373000,1785153440167373000,121932490,121652369,-125.121,1.000,0.000,1.000,3.000,0.000,0.000,0.000,0,0,0
B3_zmq_pushpull,zmq_tcp,none,none,,1,3707,512,584,1785153440168203000,1785153440168203000,1785153440168203000,1785153440168204000,1785153440168359000,1785153440168362000,1785153440168362000,1785153440168362000,121932490,121652369,-125.121,0.000,0.000,1.000,3.000,0.000,0.000,0.000,0,0,0
B3_zmq_pushpull,zmq_tcp,none,none,,1,3708,512,584,1785153440169449000,1785153440169449000,1785153440169449000,1785153440169450000,1785153440169607000,1785153440169610000,1785153440169610000,1785153440169610000,121932490,121652369,-123.121,0.000,0.000,1.000,3.000,0.000,0.000,0.000,0,0,0
B3_zmq_pushpull,zmq_tcp,none,none,,1,3709,512,584,1785153440170284000,1785153440170284000,1785153440170284000,1785153440170285000,1785153440170435000,1785153440170438000,1785153440170438000,1785153440170438000,121932490,121652369,-130.121,0.000,0.000,1.000,3.000,0.000,0.000,0.000,0,0,0
B3_zmq_pushpull,zmq_tcp,none,none,,1,3710,512,584,1785153440171270000,1785153440171270000,1785153440171270000,1785153440171271000,1785153440171422000,1785153440171425000,1785153440171425000,1785153440171425000,121932490,121652369,-129.121,0.000,0.000,1.000,3.000,0.000,0.000,0.000,0,0,0
B3_zmq_pushpull,zmq_tcp,none,none,,1,3711,512,584,1785153440172252000,1785153440172252000,1785153440172252000,1785153440172253000,1785153440172405000,1785153440172408000,1785153440172408000,1785153440172408000,121932490,121652369,-128.121,0.000,0.000,1.000,3.000,0.000,0.000,0.000,0,0,0
B3_zmq_pushpull,zmq_tcp,none,none,,1,3712,512,584,1785153440173438000,1785153440173438000,1785153440173438000,1785153440173439000,1785153440173528000,1785153440173531000,1785153440173531000,1785153440173531000,121932490,121652369,-191.121,0.000,0.000,1.000,3.000,0.000,0.000,0.000,0,0,0
B3_zmq_pushpull,zmq_tcp,none,none,,1,3713,512,584,1785153440174388000,1785153440174388000,1785153440174388000,1785153440174389000,1785153440174521000,1785153440174523000,1785153440174524000,1785153440174524000,121932490,121652369,-148.121,0.000,0.000,1.000,2.000,1.000,0.000,0.000,0,0,0
B3_zmq_pushpull,zmq_tcp,none,none,,1,3714,512,584,1785153440175401000,1785153440175401000,1785153440175401000,1785153440175402000,1785153440175513000,1785153440175516000,1785153440175516000,1785153440175516000,121932490,121652369,-169.121,0.000,0.000,1.000,3.000,0.000,0.000,0.000,0,0,0
B3_zmq_pushpull,zmq_tcp,none,none,,1,3715,512,584,1785153440176398000,1785153440176398000,1785153440176399000,1785153440176399000,1785153440176503000,1785153440176506000,1785153440176506000,1785153440176506000,121932490,121652369,-176.121,0.000,1.000,0.000,3.000,0.000,0.000,0.000,0,0,0
B3_zmq_pushpull,zmq_tcp,none,none,,1,3716,512,584,1785153440177398000,1785153440177398000,1785153440177399000,1785153440177399000,1785153440177485000,1785153440177488000,1785153440177488000,1785153440177488000,121932490,121652369,-194.121,0.000,1.000,0.000,3.000,0.000,0.000,0.000,0,0,0
B3_zmq_pushpull,zmq_tcp,none,none,,1,3717,512,584,1785153440178396000,1785153440178396000,1785153440178396000,1785153440178397000,1785153440178468000,1785153440178471000,1785153440178471000,1785153440178471000,121932490,121652369,-209.121,0.000,0.000,1.000,3.000,0.000,0.000,0.000,0,0,0
B3_zmq_pushpull,zmq_tcp,none,none,,1,3718,512,584,1785153440179402000,1785153440179402000,1785153440179402000,1785153440179403000,1785153440179464000,1785153440179466000,1785153440179466000,1785153440179466000,121932490,121652369,-219.121,0.000,0.000,1.000,2.000,0.000,0.000,0.000,0,0,0
B3_zmq_pushpull,zmq_tcp,none,none,,1,3719,512,584,1785153440180397000,1785153440180397000,1785153440180397000,1785153440180398000,1785153440180459000,1785153440180462000,1785153440180462000,1785153440180462000,121932490,121652369,-219.121,0.000,0.000,1.000,3.000,0.000,0.000,0.000,0,0,0
B3_zmq_pushpull,zmq_tcp,none,none,,1,3720,512,584,1785153440181300000,1785153440181300000,1785153440181300000,1785153440181301000,1785153440181458000,1785153440181461000,1785153440181461000,1785153440181461000,121932490,121652369,-123.121,0.000,0.000,1.000,3.000,0.000,0.000,0.000,0,0,0
B3_zmq_pushpull,zmq_tcp,none,none,,1,3721,512,584,1785153440182423000,1785153440182423000,1785153440182423000,1785153440182424000,1785153440182583000,1785153440182586000,1785153440182586000,1785153440182586000,121932490,121652369,-121.121,0.000,0.000,1.000,3.000,0.000,0.000,0.000,0,0,0
B3_zmq_pushpull,zmq_tcp,none,none,,1,3722,512,584,1785153440183271000,1785153440183271000,1785153440183271000,1785153440183272000,1785153440183414000,1785153440183417000,1785153440183417000,1785153440183417000,121932490,121652369,-138.121,0.000,0.000,1.000,3.000,0.000,0.000,0.000,0,0,0
B3_zmq_pushpull,zmq_tcp,none,none,,1,3723,512,584,1785153440184430000,1785153440184430000,1785153440184431000,1785153440184431000,1785153440184538000,1785153440184541000,1785153440184541000,1785153440184541000,121932490,121652369,-173.121,0.000,1.000,0.000,3.000,0.000,0.000,0.000,0,0,0
B3_zmq_pushpull,zmq_tcp,none,none,,1,3724,512,584,1785153440185388000,1785153440185388000,1785153440185388000,1785153440185389000,1785153440185513000,1785153440185516000,1785153440185516000,1785153440185516000,121932490,121652369,-156.121,0.000,0.000,1.000,3.000,0.000,0.000,0.000,0,0,0
B3_zmq_pushpull,zmq_tcp,none,none,,1,3725,512,584,1785153440186403000,1785153440186403000,1785153440186403000,1785153440186404000,1785153440186502000,1785153440186505000,1785153440186505000,1785153440186505000,121932490,121652369,-182.121,0.000,0.000,1.000,3.000,0.000,0.000,0.000,0,0,0
B3_zmq_pushpull,zmq_tcp,none,none,,1,3726,512,584,1785153440187401000,1785153440187401000,1785153440187401000,1785153440187402000,1785153440187492000,1785153440187494000,1785153440187494000,1785153440187494000,121932490,121652369,-190.121,0.000,0.000,1.000,2.000,0.000,0.000,0.000,0,0,0
B3_zmq_pushpull,zmq_tcp,none,none,,1,3727,512,584,1785153440188398000,1785153440188399000,1785153440188399000,1785153440188400000,1785153440188471000,1785153440188474000,1785153440188474000,1785153440188474000,121932490,121652369,-209.121,1.000,0.000,1.000,3.000,0.000,0.000,0.000,0,0,0
B3_zmq_pushpull,zmq_tcp,none,none,,1,3728,512,584,1785153440189398000,1785153440189398000,1785153440189398000,1785153440189399000,1785153440189455000,1785153440189459000,1785153440189459000,1785153440189459000,121932490,121652369,-224.121,0.000,0.000,1.000,4.000,0.000,0.000,0.000,0,0,0
B3_zmq_pushpull,zmq_tcp,none,none,,1,3729,512,584,1785153440190267000,1785153440190267000,1785153440190267000,1785153440190268000,1785153440190418000,1785153440190421000,1785153440190421000,1785153440190421000,121932490,121652369,-130.121,0.000,0.000,1.000,3.000,0.000,0.000,0.000,0,0,0
B3_zmq_pushpull,zmq_tcp,none,none,,1,3730,512,584,1785153440191254000,1785153440191254000,1785153440191254000,1785153440191255000,1785153440191398000,1785153440191401000,1785153440191401000,1785153440191401000,121932490,121652369,-137.121,0.000,0.000,1.000,3.000,0.000,0.000,0.000,0,0,0
B3_zmq_pushpull,zmq_tcp,none,none,,1,3731,512,584,1785153440192434000,1785153440192435000,1785153440192435000,1785153440192436000,1785153440192526000,1785153440192529000,1785153440192529000,1785153440192529000,121932490,121652369,-190.121,1.000,0.000,1.000,3.000,0.000,0.000,0.000,0,0,0
B3_zmq_pushpull,zmq_tcp,none,none,,1,3732,512,584,1785153440193390000,1785153440193390000,1785153440193390000,1785153440193391000,1785153440193517000,1785153440193520000,1785153440193520000,1785153440193520000,121932490,121652369,-154.121,0.000,0.000,1.000,3.000,0.000,0.000,0.000,0,0,0
B3_zmq_pushpull,zmq_tcp,none,none,,1,3733,512,584,1785153440194401000,1785153440194401000,1785153440194401000,1785153440194402000,1785153440194496000,1785153440194499000,1785153440194499000,1785153440194499000,121932490,121652369,-186.121,0.000,0.000,1.000,3.000,0.000,0.000,0.000,0,0,0
B3_zmq_pushpull,zmq_tcp,none,none,,1,3734,512,584,1785153440195401000,1785153440195401000,1785153440195401000,1785153440195402000,1785153440195482000,1785153440195485000,1785153440195485000,1785153440195485000,121932490,121652369,-200.121,0.000,0.000,1.000,3.000,0.000,0.000,0.000,0,0,0
B3_zmq_pushpull,zmq_tcp,none,none,,1,3735,512,584,1785153440196399000,1785153440196399000,1785153440196399000,1785153440196400000,1785153440196449000,1785153440196453000,1785153440196453000,1785153440196453000,121932490,121652369,-231.121,0.000,0.000,1.000,4.000,0.000,0.000,0.000,0,0,0
B3_zmq_pushpull,zmq_tcp,none,none,,1,3736,512,584,1785153440197399000,1785153440197399000,1785153440197399000,1785153440197400000,1785153440197550000,1785153440197553000,1785153440197553000,1785153440197553000,121932490,121652369,-130.121,0.000,0.000,1.000,3.000,0.000,0.000,0.000,0,0,0
B3_zmq_pushpull,zmq_tcp,none,none,,1,3737,512,584,1785153440198230000,1785153440198230000,1785153440198230000,1785153440198231000,1785153440198381000,1785153440198384000,1785153440198384000,1785153440198384000,121932490,121652369,-130.121,0.000,0.000,1.000,3.000,0.000,0.000,0.000,0,0,0
B3_zmq_pushpull,zmq_tcp,none,none,,1,3738,512,584,1785153440199213000,1785153440199213000,1785153440199213000,1785153440199215000,1785153440199356000,1785153440199358000,1785153440199358000,1785153440199358000,121932490,121652369,-139.121,0.000,0.000,2.000,2.000,0.000,0.000,0.000,0,0,0
B3_zmq_pushpull,zmq_tcp,none,none,,1,3739,512,584,1785153440200447000,1785153440200447000,1785153440200447000,1785153440200448000,1785153440200621000,1785153440200624000,1785153440200624000,1785153440200624000,121932490,121652369,-107.121,0.000,0.000,1.000,3.000,0.000,0.000,0.000,0,0,0
B3_zmq_pushpull,zmq_tcp,none,none,,1,3740,512,584,1785153440201322000,1785153440201322000,1785153440201322000,1785153440201323000,1785153440201470000,1785153440201473000,1785153440201473000,1785153440201473000,121932490,121652369,-133.121,0.000,0.000,1.000,3.000,0.000,0.000,0.000,0,0,0
B3_zmq_pushpull,zmq_tcp,none,none,,1,3741,512,584,1785153440202292000,1785153440202292000,1785153440202292000,1785153440202293000,1785153440202438000,1785153440202440000,1785153440202441000,1785153440202441000,121932490,121652369,-135.121,0.000,0.000,1.000,2.000,1.000,0.000,0.000,0,0,0
B3_zmq_pushpull,zmq_tcp,none,none,,1,3742,512,584,1785153440203272000,1785153440203272000,1785153440203273000,1785153440203273000,1785153440203424000,1785153440203426000,1785153440203426000,1785153440203426000,121932490,121652369,-129.121,0.000,1.000,0.000,2.000,0.000,0.000,0.000,0,0,0
B3_zmq_pushpull,zmq_tcp,none,none,,1,3743,512,584,1785153440204239000,1785153440204239000,1785153440204239000,1785153440204240000,1785153440204382000,1785153440204385000,1785153440204385000,1785153440204385000,121932490,121652369,-138.121,0.000,0.000,1.000,3.000,0.000,0.000,0.000,0,0,0
B3_zmq_pushpull,zmq_tcp,none,none,,1,3744,512,584,1785153440205208000,1785153440205208000,1785153440205208000,1785153440205209000,1785153440205361000,1785153440205363000,1785153440205363000,1785153440205363000,121932490,121652369,-128.121,0.000,0.000,1.000,2.000,0.000,0.000,0.000,0,0,0
B3_zmq_pushpull,zmq_tcp,none,none,,1,3745,512,584,1785153440206206000,1785153440206206000,1785153440206206000,1785153440206207000,1785153440206350000,1785153440206353000,1785153440206353000,1785153440206353000,121932490,121652369,-137.121,0.000,0.000,1.000,3.000,0.000,0.000,0.000,0,0,0
B3_zmq_pushpull,zmq_tcp,none,none,,1,3746,512,584,1785153440207300000,1785153440207300000,1785153440207300000,1785153440207301000,1785153440207447000,1785153440207450000,1785153440207450000,1785153440207450000,121932490,121652369,-134.121,0.000,0.000,1.000,3.000,0.000,0.000,0.000,0,0,0
B3_zmq_pushpull,zmq_tcp,none,none,,1,3747,512,584,1785153440208424000,1785153440208424000,1785153440208424000,1785153440208425000,1785153440208576000,1785153440208578000,1785153440208578000,1785153440208578000,121932490,121652369,-129.121,0.000,0.000,1.000,2.000,0.000,0.000,0.000,0,0,0
B3_zmq_pushpull,zmq_tcp,none,none,,1,3748,512,584,1785153440209395000,1785153440209395000,1785153440209395000,1785153440209396000,1785153440209584000,1785153440209586000,1785153440209586000,1785153440209586000,121932490,121652369,-92.121,0.000,0.000,1.000,2.000,0.000,0.000,0.000,0,0,0
B3_zmq_pushpull,zmq_tcp,none,none,,1,3749,512,584,1785153440210401000,1785153440210401000,1785153440210401000,1785153440210402000,1785153440210572000,1785153440210575000,1785153440210575000,1785153440210575000,121932490,121652369,-110.121,0.000,0.000,1.000,3.000,0.000,0.000,0.000,0,0,0
B3_zmq_pushpull,zmq_tcp,none,none,,1,3750,512,584,1785153440211270000,1785153440211270000,1785153440211270000,1785153440211272000,1785153440211413000,1785153440211416000,1785153440211416000,1785153440211416000,121932490,121652369,-139.121,0.000,0.000,2.000,3.000,0.000,0.000,0.000,0,0,0
B3_zmq_pushpull,zmq_tcp,none,none,,1,3751,512,584,1785153440212431000,1785153440212431000,1785153440212432000,1785153440212432000,1785153440212528000,1785153440212532000,1785153440212532000,1785153440212532000,121932490,121652369,-184.121,0.000,1.000,0.000,4.000,0.000,0.000,0.000,0,0,0
B3_zmq_pushpull,zmq_tcp,none,none,,1,3752,512,584,1785153440213391000,1785153440213391000,1785153440213391000,1785153440213392000,1785153440213496000,1785153440213498000,1785153440213498000,1785153440213498000,121932490,121652369,-176.121,0.000,0.000,1.000,2.000,0.000,0.000,0.000,0,0,0
B3_zmq_pushpull,zmq_tcp,none,none,,1,3753,512,584,1785153440214401000,1785153440214401000,1785153440214401000,1785153440214402000,1785153440214465000,1785153440214468000,1785153440214468000,1785153440214468000,121932490,121652369,-217.121,0.000,0.000,1.000,3.000,0.000,0.000,0.000,0,0,0
B3_zmq_pushpull,zmq_tcp,none,none,,1,3754,512,584,1785153440215399000,1785153440215399000,1785153440215399000,1785153440215400000,1785153440215586000,1785153440215589000,1785153440215589000,1785153440215589000,121932490,121652369,-94.121,0.000,0.000,1.000,3.000,0.000,0.000,0.000,0,0,0
B3_zmq_pushpull,zmq_tcp,none,none,,1,3755,512,584,1785153440216399000,1785153440216399000,1785153440216399000,1785153440216400000,1785153440216588000,1785153440216590000,1785153440216590000,1785153440216590000,121932490,121652369,-92.121,0.000,0.000,1.000,2.000,0.000,0.000,0.000,0,0,0
B3_zmq_pushpull,zmq_tcp,none,none,,1,3756,512,584,1785153440217290000,1785153440217290000,1785153440217290000,1785153440217291000,1785153440217444000,1785153440217447000,1785153440217447000,1785153440217447000,121932490,121652369,-127.121,0.000,0.000,1.000,3.000,0.000,0.000,0.000,0,0,0
B3_zmq_pushpull,zmq_tcp,none,none,,1,3757,512,584,1785153440218273000,1785153440218273000,1785153440218273000,1785153440218275000,1785153440218425000,1785153440218428000,1785153440218428000,1785153440218428000,121932490,121652369,-130.121,0.000,0.000,2.000,3.000,0.000,0.000,0.000,0,0,0
B3_zmq_pushpull,zmq_tcp,none,none,,1,3758,512,584,1785153440219244000,1785153440219244000,1785153440219245000,1785153440219245000,1785153440219397000,1785153440219400000,1785153440219400000,1785153440219400000,121932490,121652369,-128.121,0.000,1.000,0.000,3.000,0.000,0.000,0.000,0,0,0
B3_zmq_pushpull,zmq_tcp,none,none,,1,3759,512,584,1785153440220235000,1785153440220235000,1785153440220235000,1785153440220236000,1785153440220394000,1785153440220397000,1785153440220397000,1785153440220397000,121932490,121652369,-122.121,0.000,0.000,1.000,3.000,0.000,0.000,0.000,0,0,0
B3_zmq_pushpull,zmq_tcp,none,none,,1,3760,512,584,1785153440221238000,1785153440221238000,1785153440221238000,1785153440221239000,1785153440221398000,1785153440221401000,1785153440221401000,1785153440221401000,121932490,121652369,-121.121,0.000,0.000,1.000,3.000,0.000,0.000,0.000,0,0,0
B3_zmq_pushpull,zmq_tcp,none,none,,1,3761,512,584,1785153440222440000,1785153440222440000,1785153440222440000,1785153440222441000,1785153440222626000,1785153440222629000,1785153440222629000,1785153440222629000,121932490,121652369,-95.121,0.000,0.000,1.000,3.000,0.000,0.000,0.000,0,0,0
B3_zmq_pushpull,zmq_tcp,none,none,,1,3762,512,584,1785153440223390000,1785153440223390000,1785153440223390000,1785153440223391000,1785153440223466000,1785153440223470000,1785153440223470000,1785153440223470000,121932490,121652369,-205.121,0.000,0.000,1.000,4.000,0.000,0.000,0.000,0,0,0
B3_zmq_pushpull,zmq_tcp,none,none,,1,3763,512,584,1785153440224271000,1785153440224271000,1785153440224271000,1785153440224272000,1785153440224422000,1785153440224426000,1785153440224426000,1785153440224426000,121932490,121652369,-130.121,0.000,0.000,1.000,4.000,0.000,0.000,0.000,0,0,0
B3_zmq_pushpull,zmq_tcp,none,none,,1,3764,512,584,1785153440225431000,1785153440225431000,1785153440225431000,1785153440225432000,1785153440225525000,1785153440225528000,1785153440225528000,1785153440225528000,121932490,121652369,-187.121,0.000,0.000,1.000,3.000,0.000,0.000,0.000,0,0,0
B3_zmq_pushpull,zmq_tcp,none,none,,1,3765,512,584,1785153440226391000,1785153440226391000,1785153440226391000,1785153440226392000,1785153440226501000,1785153440226504000,1785153440226504000,1785153440226504000,121932490,121652369,-171.121,0.000,0.000,1.000,3.000,0.000,0.000,0.000,0,0,0
B3_zmq_pushpull,zmq_tcp,none,none,,1,3766,512,584,1785153440227403000,1785153440227404000,1785153440227404000,1785153440227405000,1785153440227498000,1785153440227501000,1785153440227501000,1785153440227501000,121932490,121652369,-187.121,1.000,0.000,1.000,3.000,0.000,0.000,0.000,0,0,0
B3_zmq_pushpull,zmq_tcp,none,none,,1,3767,512,584,1785153440228399000,1785153440228399000,1785153440228399000,1785153440228400000,1785153440228478000,1785153440228481000,1785153440228481000,1785153440228481000,121932490,121652369,-202.121,0.000,0.000,1.000,3.000,0.000,0.000,0.000,0,0,0
B3_zmq_pushpull,zmq_tcp,none,none,,1,3768,512,584,1785153440229401000,1785153440229401000,1785153440229401000,1785153440229402000,1785153440229593000,1785153440229596000,1785153440229596000,1785153440229596000,121932490,121652369,-89.121,0.000,0.000,1.000,3.000,0.000,0.000,0.000,0,0,0
B3_zmq_pushpull,zmq_tcp,none,none,,1,3769,512,584,1785153440230291000,1785153440230291000,1785153440230291000,1785153440230292000,1785153440230448000,1785153440230450000,1785153440230450000,1785153440230450000,121932490,121652369,-124.121,0.000,0.000,1.000,2.000,0.000,0.000,0.000,0,0,0
B3_zmq_pushpull,zmq_tcp,none,none,,1,3770,512,584,1785153440231282000,1785153440231282000,1785153440231282000,1785153440231284000,1785153440231425000,1785153440231429000,1785153440231429000,1785153440231429000,121932490,121652369,-139.121,0.000,0.000,2.000,4.000,0.000,0.000,0.000,0,0,0
B3_zmq_pushpull,zmq_tcp,none,none,,1,3771,512,584,1785153440232428000,1785153440232428000,1785153440232428000,1785153440232429000,1785153440232542000,1785153440232544000,1785153440232544000,1785153440232544000,121932490,121652369,-167.121,0.000,0.000,1.000,2.000,0.000,0.000,0.000,0,0,0
B3_zmq_pushpull,zmq_tcp,none,none,,1,3772,512,584,1785153440233388000,1785153440233388000,1785153440233388000,1785153440233389000,1785153440233510000,1785153440233513000,1785153440233513000,1785153440233513000,121932490,121652369,-159.121,0.000,0.000,1.000,3.000,0.000,0.000,0.000,0,0,0
B3_zmq_pushpull,zmq_tcp,none,none,,1,3773,512,584,1785153440234401000,1785153440234402000,1785153440234402000,1785153440234403000,1785153440234482000,1785153440234485000,1785153440234485000,1785153440234486000,121932490,121652369,-201.121,1.000,0.000,1.000,3.000,0.000,1.000,0.000,0,0,0
B3_zmq_pushpull,zmq_tcp,none,none,,1,3774,512,584,1785153440235293000,1785153440235293000,1785153440235293000,1785153440235294000,1785153440235433000,1785153440235436000,1785153440235436000,1785153440235436000,121932490,121652369,-141.121,0.000,0.000,1.000,3.000,0.000,0.000,0.000,0,0,0
B3_zmq_pushpull,zmq_tcp,none,none,,1,3775,512,584,1785153440236255000,1785153440236255000,1785153440236255000,1785153440236256000,1785153440236416000,1785153440236418000,1785153440236418000,1785153440236418000,121932490,121652369,-120.121,0.000,0.000,1.000,2.000,0.000,0.000,0.000,0,0,0
B3_zmq_pushpull,zmq_tcp,none,none,,1,3776,512,584,1785153440237437000,1785153440237437000,1785153440237437000,1785153440237438000,1785153440237548000,1785153440237550000,1785153440237550000,1785153440237550000,121932490,121652369,-170.121,0.000,0.000,1.000,2.000,0.000,0.000,0.000,0,0,0
B3_zmq_pushpull,zmq_tcp,none,none,,1,3777,512,584,1785153440238389000,1785153440238389000,1785153440238390000,1785153440238390000,1785153440238518000,1785153440238521000,1785153440238521000,1785153440238521000,121932490,121652369,-152.121,0.000,1.000,0.000,3.000,0.000,0.000,0.000,0,0,0
B3_zmq_pushpull,zmq_tcp,none,none,,1,3778,512,584,1785153440239401000,1785153440239401000,1785153440239402000,1785153440239402000,1785153440239474000,1785153440239477000,1785153440239477000,1785153440239477000,121932490,121652369,-208.121,0.000,1.000,0.000,3.000,0.000,0.000,0.000,0,0,0
B3_zmq_pushpull,zmq_tcp,none,none,,1,3779,512,584,1785153440240395000,1785153440240395000,1785153440240395000,1785153440240396000,1785153440240454000,1785153440240457000,1785153440240457000,1785153440240457000,121932490,121652369,-222.121,0.000,0.000,1.000,3.000,0.000,0.000,0.000,0,0,0
B3_zmq_pushpull,zmq_tcp,none,none,,1,3780,512,584,1785153440241404000,1785153440241404000,1785153440241405000,1785153440241405000,1785153440241584000,1785153440241588000,1785153440241588000,1785153440241588000,121932490,121652369,-101.121,0.000,1.000,0.000,4.000,0.000,0.000,0.000,0,0,0
B3_zmq_pushpull,zmq_tcp,none,none,,1,3781,512,584,1785153440242286000,1785153440242286000,1785153440242286000,1785153440242287000,1785153440242433000,1785153440242436000,1785153440242436000,1785153440242436000,121932490,121652369,-134.121,0.000,0.000,1.000,3.000,0.000,0.000,0.000,0,0,0
B3_zmq_pushpull,zmq_tcp,none,none,,1,3782,512,584,1785153440243428000,1785153440243428000,1785153440243428000,1785153440243429000,1785153440243577000,1785153440243580000,1785153440243580000,1785153440243580000,121932490,121652369,-132.121,0.000,0.000,1.000,3.000,0.000,0.000,0.000,0,0,0
B3_zmq_pushpull,zmq_tcp,none,none,,1,3783,512,584,1785153440244389000,1785153440244390000,1785153440244390000,1785153440244391000,1785153440244548000,1785153440244551000,1785153440244551000,1785153440244551000,121932490,121652369,-123.121,1.000,0.000,1.000,3.000,0.000,0.000,0.000,0,0,0
B3_zmq_pushpull,zmq_tcp,none,none,,1,3784,512,584,1785153440245402000,1785153440245402000,1785153440245402000,1785153440245403000,1785153440245526000,1785153440245529000,1785153440245529000,1785153440245529000,121932490,121652369,-157.121,0.000,0.000,1.000,3.000,0.000,0.000,0.000,0,0,0
B3_zmq_pushpull,zmq_tcp,none,none,,1,3785,512,584,1785153440246400000,1785153440246400000,1785153440246400000,1785153440246401000,1785153440246512000,1785153440246514000,1785153440246514000,1785153440246514000,121932490,121652369,-169.121,0.000,0.000,1.000,2.000,0.000,0.000,0.000,0,0,0
B3_zmq_pushpull,zmq_tcp,none,none,,1,3786,512,584,1785153440247399000,1785153440247399000,1785153440247399000,1785153440247400000,1785153440247460000,1785153440247464000,1785153440247464000,1785153440247464000,121932490,121652369,-220.121,0.000,0.000,1.000,4.000,0.000,0.000,0.000,0,0,0
B3_zmq_pushpull,zmq_tcp,none,none,,1,3787,512,584,1785153440248402000,1785153440248402000,1785153440248402000,1785153440248403000,1785153440248566000,1785153440248569000,1785153440248569000,1785153440248569000,121932490,121652369,-117.121,0.000,0.000,1.000,3.000,0.000,0.000,0.000,0,0,0
B3_zmq_pushpull,zmq_tcp,none,none,,1,3788,512,584,1785153440249266000,1785153440249266000,1785153440249266000,1785153440249267000,1785153440249412000,1785153440249415000,1785153440249415000,1785153440249415000,121932490,121652369,-135.121,0.000,0.000,1.000,3.000,0.000,0.000,0.000,0,0,0
B3_zmq_pushpull,zmq_tcp,none,none,,1,3789,512,584,1785153440250434000,1785153440250434000,1785153440250434000,1785153440250435000,1785153440250535000,1785153440250538000,1785153440250538000,1785153440250538000,121932490,121652369,-180.121,0.000,0.000,1.000,3.000,0.000,0.000,0.000,0,0,0
B3_zmq_pushpull,zmq_tcp,none,none,,1,3790,512,584,1785153440251388000,1785153440251388000,1785153440251388000,1785153440251389000,1785153440251526000,1785153440251529000,1785153440251529000,1785153440251529000,121932490,121652369,-143.121,0.000,0.000,1.000,3.000,0.000,0.000,0.000,0,0,0
B3_zmq_pushpull,zmq_tcp,none,none,,1,3791,512,584,1785153440252401000,1785153440252402000,1785153440252402000,1785153440252403000,1785153440252509000,1785153440252512000,1785153440252512000,1785153440252512000,121932490,121652369,-174.121,1.000,0.000,1.000,3.000,0.000,0.000,0.000,0,0,0
B3_zmq_pushpull,zmq_tcp,none,none,,1,3792,512,584,1785153440253399000,1785153440253399000,1785153440253399000,1785153440253400000,1785153440253493000,1785153440253496000,1785153440253496000,1785153440253496000,121932490,121652369,-187.121,0.000,0.000,1.000,3.000,0.000,0.000,0.000,0,0,0
B3_zmq_pushpull,zmq_tcp,none,none,,1,3793,512,584,1785153440254400000,1785153440254400000,1785153440254400000,1785153440254401000,1785153440254462000,1785153440254465000,1785153440254465000,1785153440254465000,121932490,121652369,-219.121,0.000,0.000,1.000,3.000,0.000,0.000,0.000,0,0,0
B3_zmq_pushpull,zmq_tcp,none,none,,1,3794,512,584,1785153440255398000,1785153440255398000,1785153440255398000,1785153440255399000,1785153440255452000,1785153440255455000,1785153440255455000,1785153440255455000,121932490,121652369,-227.121,0.000,0.000,1.000,3.000,0.000,0.000,0.000,0,0,0
B3_zmq_pushpull,zmq_tcp,none,none,,1,3795,512,584,1785153440256403000,1785153440256403000,1785153440256403000,1785153440256404000,1785153440256579000,1785153440256581000,1785153440256581000,1785153440256581000,121932490,121652369,-105.121,0.000,0.000,1.000,2.000,0.000,0.000,0.000,0,0,0
B3_zmq_pushpull,zmq_tcp,none,none,,1,3796,512,584,1785153440257397000,1785153440257398000,1785153440257398000,1785153440257399000,1785153440257553000,1785153440257556000,1785153440257556000,1785153440257556000,121932490,121652369,-126.121,1.000,0.000,1.000,3.000,0.000,0.000,0.000,0,0,0
B3_zmq_pushpull,zmq_tcp,none,none,,1,3797,512,584,1785153440258399000,1785153440258399000,1785153440258400000,1785153440258400000,1785153440258547000,1785153440258549000,1785153440258549000,1785153440258549000,121932490,121652369,-133.121,0.000,1.000,0.000,2.000,0.000,0.000,0.000,0,0,0
B3_zmq_pushpull,zmq_tcp,none,none,,1,3798,512,584,1785153440259396000,1785153440259397000,1785153440259397000,1785153440259398000,1785153440259539000,1785153440259542000,1785153440259542000,1785153440259542000,121932490,121652369,-139.121,1.000,0.000,1.000,3.000,0.000,0.000,0.000,0,0,0
B3_zmq_pushpull,zmq_tcp,none,none,,1,3799,512,584,1785153440260400000,1785153440260400000,1785153440260400000,1785153440260401000,1785153440260505000,1785153440260508000,1785153440260508000,1785153440260508000,121932490,121652369,-176.121,0.000,0.000,1.000,3.000,0.000,0.000,0.000,0,0,0
B3_zmq_pushpull,zmq_tcp,none,none,,1,3800,512,584,1785153440261399000,1785153440261399000,1785153440261399000,1785153440261400000,1785153440261464000,1785153440261466000,1785153440261466000,1785153440261466000,121932490,121652369,-216.121,0.000,0.000,1.000,2.000,0.000,0.000,0.000,0,0,0
B3_zmq_pushpull,zmq_tcp,none,none,,1,3801,512,584,1785153440262402000,1785153440262402000,1785153440262402000,1785153440262403000,1785153440262599000,1785153440262606000,1785153440262606000,1785153440262606000,121932490,121652369,-84.121,0.000,0.000,1.000,7.000,0.000,0.000,0.000,0,0,0
B3_zmq_pushpull,zmq_tcp,none,none,,1,3802,512,584,1785153440263396000,1785153440263396000,1785153440263396000,1785153440263397000,1785153440263444000,1785153440263448000,1785153440263448000,1785153440263448000,121932490,121652369,-233.121,0.000,0.000,1.000,4.000,0.000,0.000,0.000,0,0,0
B3_zmq_pushpull,zmq_tcp,none,none,,1,3803,512,584,1785153440264402000,1785153440264402000,1785153440264402000,1785153440264403000,1785153440264567000,1785153440264569000,1785153440264569000,1785153440264569000,121932490,121652369,-116.121,0.000,0.000,1.000,2.000,0.000,0.000,0.000,0,0,0
B3_zmq_pushpull,zmq_tcp,none,none,,1,3804,512,584,1785153440265273000,1785153440265273000,1785153440265273000,1785153440265274000,1785153440265432000,1785153440265435000,1785153440265435000,1785153440265435000,121932490,121652369,-122.121,0.000,0.000,1.000,3.000,0.000,0.000,0.000,0,0,0
B3_zmq_pushpull,zmq_tcp,none,none,,1,3805,512,584,1785153440266431000,1785153440266431000,1785153440266431000,1785153440266432000,1785153440266564000,1785153440266567000,1785153440266567000,1785153440266567000,121932490,121652369,-148.121,0.000,0.000,1.000,3.000,0.000,0.000,0.000,0,0,0
B3_zmq_pushpull,zmq_tcp,none,none,,1,3806,512,584,1785153440267388000,1785153440267389000,1785153440267389000,1785153440267390000,1785153440267543000,1785153440267545000,1785153440267545000,1785153440267545000,121932490,121652369,-127.121,1.000,0.000,1.000,2.000,0.000,0.000,0.000,0,0,0
B3_zmq_pushpull,zmq_tcp,none,none,,1,3807,512,584,1785153440268222000,1785153440268222000,1785153440268222000,1785153440268223000,1785153440268372000,1785153440268375000,1785153440268375000,1785153440268375000,121932490,121652369,-131.121,0.000,0.000,1.000,3.000,0.000,0.000,0.000,0,0,0
B3_zmq_pushpull,zmq_tcp,none,none,,1,3808,512,584,1785153440269207000,1785153440269207000,1785153440269207000,1785153440269208000,1785153440269364000,1785153440269367000,1785153440269367000,1785153440269367000,121932490,121652369,-124.121,0.000,0.000,1.000,3.000,0.000,0.000,0.000,0,0,0
B3_zmq_pushpull,zmq_tcp,none,none,,1,3809,512,584,1785153440270449000,1785153440270449000,1785153440270449000,1785153440270450000,1785153440270624000,1785153440270626000,1785153440270627000,1785153440270627000,121932490,121652369,-106.121,0.000,0.000,1.000,2.000,1.000,0.000,0.000,0,0,0
B3_zmq_pushpull,zmq_tcp,none,none,,1,3810,512,584,1785153440271386000,1785153440271386000,1785153440271386000,1785153440271387000,1785153440271454000,1785153440271458000,1785153440271458000,1785153440271458000,121932490,121652369,-213.121,0.000,0.000,1.000,4.000,0.000,0.000,0.000,0,0,0
B3_zmq_pushpull,zmq_tcp,none,none,,1,3811,512,584,1785153440272405000,1785153440272405000,1785153440272405000,1785153440272406000,1785153440272569000,1785153440272571000,1785153440272571000,1785153440272571000,121932490,121652369,-117.121,0.000,0.000,1.000,2.000,0.000,0.000,0.000,0,0,0
B3_zmq_pushpull,zmq_tcp,none,none,,1,3812,512,584,1785153440273398000,1785153440273398000,1785153440273398000,1785153440273399000,1785153440273556000,1785153440273560000,1785153440273560000,1785153440273560000,121932490,121652369,-123.121,0.000,0.000,1.000,4.000,0.000,0.000,0.000,0,0,0
B3_zmq_pushpull,zmq_tcp,none,none,,1,3813,512,584,1785153440274400000,1785153440274400000,1785153440274400000,1785153440274401000,1785153440274532000,1785153440274535000,1785153440274535000,1785153440274535000,121932490,121652369,-149.121,0.000,0.000,1.000,3.000,0.000,0.000,0.000,0,0,0
B3_zmq_pushpull,zmq_tcp,none,none,,1,3814,512,584,1785153440275397000,1785153440275397000,1785153440275397000,1785153440275398000,1785153440275511000,1785153440275513000,1785153440275513000,1785153440275513000,121932490,121652369,-167.121,0.000,0.000,1.000,2.000,0.000,0.000,0.000,0,0,0
B3_zmq_pushpull,zmq_tcp,none,none,,1,3815,512,584,1785153440276403000,1785153440276403000,1785153440276403000,1785153440276404000,1785153440276508000,1785153440276511000,1785153440276511000,1785153440276511000,121932490,121652369,-176.121,0.000,0.000,1.000,3.000,0.000,0.000,0.000,0,0,0
B3_zmq_pushpull,zmq_tcp,none,none,,1,3816,512,584,1785153440277399000,1785153440277399000,1785153440277399000,1785153440277400000,1785153440277476000,1785153440277479000,1785153440277479000,1785153440277479000,121932490,121652369,-204.121,0.000,0.000,1.000,3.000,0.000,0.000,0.000,0,0,0
B3_zmq_pushpull,zmq_tcp,none,none,,1,3817,512,584,1785153440278401000,1785153440278401000,1785153440278401000,1785153440278402000,1785153440278462000,1785153440278465000,1785153440278465000,1785153440278465000,121932490,121652369,-220.121,0.000,0.000,1.000,3.000,0.000,0.000,0.000,0,0,0
B3_zmq_pushpull,zmq_tcp,none,none,,1,3818,512,584,1785153440279398000,1785153440279398000,1785153440279398000,1785153440279399000,1785153440279573000,1785153440279576000,1785153440279576000,1785153440279576000,121932490,121652369,-106.121,0.000,0.000,1.000,3.000,0.000,0.000,0.000,0,0,0
B3_zmq_pushpull,zmq_tcp,none,none,,1,3819,512,584,1785153440280399000,1785153440280399000,1785153440280399000,1785153440280400000,1785153440280563000,1785153440280565000,1785153440280565000,1785153440280565000,121932490,121652369,-117.121,0.000,0.000,1.000,2.000,0.000,0.000,0.000,0,0,0
B3_zmq_pushpull,zmq_tcp,none,none,,1,3820,512,584,1785153440281250000,1785153440281250000,1785153440281250000,1785153440281251000,1785153440281404000,1785153440281407000,1785153440281407000,1785153440281407000,121932490,121652369,-127.121,0.000,0.000,1.000,3.000,0.000,0.000,0.000,0,0,0
B3_zmq_pushpull,zmq_tcp,none,none,,1,3821,512,584,1785153440282213000,1785153440282213000,1785153440282213000,1785153440282214000,1785153440282367000,1785153440282369000,1785153440282369000,1785153440282369000,121932490,121652369,-127.121,0.000,0.000,1.000,2.000,0.000,0.000,0.000,0,0,0
B3_zmq_pushpull,zmq_tcp,none,none,,1,3822,512,584,1785153440283201000,1785153440283202000,1785153440283202000,1785153440283203000,1785153440283347000,1785153440283349000,1785153440283349000,1785153440283349000,121932490,121652369,-136.121,1.000,0.000,1.000,2.000,0.000,0.000,0.000,0,0,0
B3_zmq_pushpull,zmq_tcp,none,none,,1,3823,512,584,1785153440284322000,1785153440284322000,1785153440284322000,1785153440284323000,1785153440284480000,1785153440284484000,1785153440284484000,1785153440284484000,121932490,121652369,-123.121,0.000,0.000,1.000,4.000,0.000,0.000,0.000,0,0,0
B3_zmq_pushpull,zmq_tcp,none,none,,1,3824,512,584,1785153440285317000,1785153440285317000,1785153440285317000,1785153440285318000,1785153440285475000,1785153440285477000,1785153440285477000,1785153440285477000,121932490,121652369,-123.121,0.000,0.000,1.000,2.000,0.000,0.000,0.000,0,0,0
B3_zmq_pushpull,zmq_tcp,none,none,,1,3825,512,584,1785153440286314000,1785153440286314000,1785153440286314000,1785153440286315000,1785153440286471000,1785153440286473000,1785153440286473000,1785153440286473000,121932490,121652369,-124.121,0.000,0.000,1.000,2.000,0.000,0.000,0.000,0,0,0
B3_zmq_pushpull,zmq_tcp,none,none,,1,3826,512,584,1785153440287289000,1785153440287289000,1785153440287289000,1785153440287290000,1785153440287441000,1785153440287444000,1785153440287444000,1785153440287444000,121932490,121652369,-129.121,0.000,0.000,1.000,3.000,0.000,0.000,0.000,0,0,0
B3_zmq_pushpull,zmq_tcp,none,none,,1,3827,512,584,1785153440288278000,1785153440288278000,1785153440288278000,1785153440288279000,1785153440288431000,1785153440288433000,1785153440288433000,1785153440288433000,121932490,121652369,-128.121,0.000,0.000,1.000,2.000,0.000,0.000,0.000,0,0,0
B3_zmq_pushpull,zmq_tcp,none,none,,1,3828,512,584,1785153440289249000,1785153440289249000,1785153440289249000,1785153440289250000,1785153440289403000,1785153440289405000,1785153440289405000,1785153440289405000,121932490,121652369,-127.121,0.000,0.000,1.000,2.000,0.000,0.000,0.000,0,0,0
B3_zmq_pushpull,zmq_tcp,none,none,,1,3829,512,584,1785153440290237000,1785153440290237000,1785153440290237000,1785153440290238000,1785153440290387000,1785153440290390000,1785153440290391000,1785153440290391000,121932490,121652369,-131.121,0.000,0.000,1.000,3.000,1.000,0.000,0.000,0,0,0
B3_zmq_pushpull,zmq_tcp,none,none,,1,3830,512,584,1785153440291209000,1785153440291209000,1785153440291209000,1785153440291210000,1785153440291369000,1785153440291372000,1785153440291372000,1785153440291372000,121932490,121652369,-121.121,0.000,0.000,1.000,3.000,0.000,0.000,0.000,0,0,0
B3_zmq_pushpull,zmq_tcp,none,none,,1,3831,512,584,1785153440292449000,1785153440292449000,1785153440292449000,1785153440292450000,1785153440292635000,1785153440292637000,1785153440292637000,1785153440292637000,121932490,121652369,-95.121,0.000,0.000,1.000,2.000,0.000,0.000,0.000,0,0,0
B3_zmq_pushpull,zmq_tcp,none,none,,1,3832,512,584,1785153440293386000,1785153440293386000,1785153440293386000,1785153440293387000,1785153440293478000,1785153440293480000,1785153440293480000,1785153440293481000,121932490,121652369,-189.121,0.000,0.000,1.000,2.000,0.000,1.000,0.000,0,0,0
B3_zmq_pushpull,zmq_tcp,none,none,,1,3833,512,584,1785153440294403000,1785153440294403000,1785153440294403000,1785153440294404000,1785153440294450000,1785153440294453000,1785153440294453000,1785153440294453000,121932490,121652369,-234.121,0.000,0.000,1.000,3.000,0.000,0.000,0.000,0,0,0
B3_zmq_pushpull,zmq_tcp,none,none,,1,3834,512,584,1785153440295272000,1785153440295272000,1785153440295272000,1785153440295273000,1785153440295423000,1785153440295426000,1785153440295426000,1785153440295426000,121932490,121652369,-130.121,0.000,0.000,1.000,3.000,0.000,0.000,0.000,0,0,0
B3_zmq_pushpull,zmq_tcp,none,none,,1,3835,512,584,1785153440296432000,1785153440296432000,1785153440296432000,1785153440296433000,1785153440296547000,1785153440296550000,1785153440296550000,1785153440296550000,121932490,121652369,-166.121,0.000,0.000,1.000,3.000,0.000,0.000,0.000,0,0,0
B3_zmq_pushpull,zmq_tcp,none,none,,1,3836,512,584,1785153440297389000,1785153440297389000,1785153440297389000,1785153440297390000,1785153440297531000,1785153440297534000,1785153440297534000,1785153440297534000,121932490,121652369,-139.121,0.000,0.000,1.000,3.000,0.000,0.000,0.000,0,0,0
B3_zmq_pushpull,zmq_tcp,none,none,,1,3837,512,584,1785153440298402000,1785153440298402000,1785153440298402000,1785153440298403000,1785153440298528000,1785153440298531000,1785153440298531000,1785153440298531000,121932490,121652369,-155.121,0.000,0.000,1.000,3.000,0.000,0.000,0.000,0,0,0
B3_zmq_pushpull,zmq_tcp,none,none,,1,3838,512,584,1785153440299399000,1785153440299399000,1785153440299399000,1785153440299400000,1785153440299515000,1785153440299517000,1785153440299517000,1785153440299517000,121932490,121652369,-165.121,0.000,0.000,1.000,2.000,0.000,0.000,0.000,0,0,0
B3_zmq_pushpull,zmq_tcp,none,none,,1,3839,512,584,1785153440300399000,1785153440300399000,1785153440300399000,1785153440300400000,1785153440300493000,1785153440300496000,1785153440300496000,1785153440300496000,121932490,121652369,-187.121,0.000,0.000,1.000,3.000,0.000,0.000,0.000,0,0,0
B3_zmq_pushpull,zmq_tcp,none,none,,1,3840,512,584,1785153440301323000,1785153440301324000,1785153440301324000,1785153440301325000,1785153440301466000,1785153440301469000,1785153440301469000,1785153440301469000,121932490,121652369,-139.121,1.000,0.000,1.000,3.000,0.000,0.000,0.000,0,0,0
B3_zmq_pushpull,zmq_tcp,none,none,,1,3841,512,584,1785153440302294000,1785153440302294000,1785153440302294000,1785153440302295000,1785153440302447000,1785153440302449000,1785153440302449000,1785153440302449000,121932490,121652369,-128.121,0.000,0.000,1.000,2.000,0.000,0.000,0.000,0,0,0
B3_zmq_pushpull,zmq_tcp,none,none,,1,3842,512,584,1785153440303285000,1785153440303285000,1785153440303286000,1785153440303286000,1785153440303440000,1785153440303443000,1785153440303443000,1785153440303443000,121932490,121652369,-126.121,0.000,1.000,0.000,3.000,0.000,0.000,0.000,0,0,0
B3_zmq_pushpull,zmq_tcp,none,none,,1,3843,512,584,1785153440304427000,1785153440304427000,1785153440304427000,1785153440304428000,1785153440304550000,1785153440304553000,1785153440304553000,1785153440304553000,121932490,121652369,-158.121,0.000,0.000,1.000,3.000,0.000,0.000,0.000,0,0,0
B3_zmq_pushpull,zmq_tcp,none,none,,1,3844,512,584,1785153440305394000,1785153440305395000,1785153440305395000,1785153440305396000,1785153440305553000,1785153440305556000,1785153440305556000,1785153440305556000,121932490,121652369,-123.121,1.000,0.000,1.000,3.000,0.000,0.000,0.000,0,0,0
B3_zmq_pushpull,zmq_tcp,none,none,,1,3845,512,584,1785153440306405000,1785153440306405000,1785153440306405000,1785153440306406000,1785153440306536000,1785153440306538000,1785153440306538000,1785153440306538000,121932490,121652369,-150.121,0.000,0.000,1.000,2.000,0.000,0.000,0.000,0,0,0
B3_zmq_pushpull,zmq_tcp,none,none,,1,3846,512,584,1785153440307398000,1785153440307398000,1785153440307398000,1785153440307399000,1785153440307532000,1785153440307535000,1785153440307535000,1785153440307535000,121932490,121652369,-147.121,0.000,0.000,1.000,3.000,0.000,0.000,0.000,0,0,0
B3_zmq_pushpull,zmq_tcp,none,none,,1,3847,512,584,1785153440308400000,1785153440308401000,1785153440308401000,1785153440308402000,1785153440308500000,1785153440308503000,1785153440308503000,1785153440308503000,121932490,121652369,-182.121,1.000,0.000,1.000,3.000,0.000,0.000,0.000,0,0,0
B3_zmq_pushpull,zmq_tcp,none,none,,1,3848,512,584,1785153440309396000,1785153440309397000,1785153440309397000,1785153440309398000,1785153440309443000,1785153440309446000,1785153440309446000,1785153440309446000,121932490,121652369,-235.121,1.000,0.000,1.000,3.000,0.000,0.000,0.000,0,0,0
B3_zmq_pushpull,zmq_tcp,none,none,,1,3849,512,584,1785153440310400000,1785153440310401000,1785153440310401000,1785153440310402000,1785153440310447000,1785153440310450000,1785153440310450000,1785153440310450000,121932490,121652369,-235.121,1.000,0.000,1.000,3.000,0.000,0.000,0.000,0,0,0
B3_zmq_pushpull,zmq_tcp,none,none,,1,3850,512,584,1785153440311399000,1785153440311399000,1785153440311399000,1785153440311400000,1785153440311577000,1785153440311580000,1785153440311580000,1785153440311580000,121932490,121652369,-103.121,0.000,0.000,1.000,3.000,0.000,0.000,0.000,0,0,0
B3_zmq_pushpull,zmq_tcp,none,none,,1,3851,512,584,1785153440312282000,1785153440312282000,1785153440312282000,1785153440312283000,1785153440312439000,1785153440312442000,1785153440312442000,1785153440312442000,121932490,121652369,-124.121,0.000,0.000,1.000,3.000,0.000,0.000,0.000,0,0,0
B3_zmq_pushpull,zmq_tcp,none,none,,1,3852,512,584,1785153440313424000,1785153440313425000,1785153440313425000,1785153440313425000,1785153440313555000,1785153440313557000,1785153440313557000,1785153440313557000,121932490,121652369,-150.121,1.000,0.000,0.000,2.000,0.000,0.000,0.000,0,0,0
B3_zmq_pushpull,zmq_tcp,none,none,,1,3853,512,584,1785153440314396000,1785153440314396000,1785153440314396000,1785153440314397000,1785153440314531000,1785153440314534000,1785153440314534000,1785153440314534000,121932490,121652369,-146.121,0.000,0.000,1.000,3.000,0.000,0.000,0.000,0,0,0
B3_zmq_pushpull,zmq_tcp,none,none,,1,3854,512,584,1785153440315400000,1785153440315401000,1785153440315401000,1785153440315402000,1785153440315522000,1785153440315524000,1785153440315524000,1785153440315524000,121932490,121652369,-160.121,1.000,0.000,1.000,2.000,0.000,0.000,0.000,0,0,0
B3_zmq_pushpull,zmq_tcp,none,none,,1,3855,512,584,1785153440316396000,1785153440316397000,1785153440316397000,1785153440316398000,1785153440316511000,1785153440316513000,1785153440316513000,1785153440316513000,121932490,121652369,-167.121,1.000,0.000,1.000,2.000,0.000,0.000,0.000,0,0,0
B3_zmq_pushpull,zmq_tcp,none,none,,1,3856,512,584,1785153440317400000,1785153440317401000,1785153440317401000,1785153440317402000,1785153440317495000,1785153440317498000,1785153440317498000,1785153440317498000,121932490,121652369,-187.121,1.000,0.000,1.000,3.000,0.000,0.000,0.000,0,0,0
B3_zmq_pushpull,zmq_tcp,none,none,,1,3857,512,584,1785153440318402000,1785153440318402000,1785153440318402000,1785153440318403000,1785153440318491000,1785153440318493000,1785153440318493000,1785153440318494000,121932490,121652369,-192.121,0.000,0.000,1.000,2.000,0.000,1.000,0.000,0,0,0
B3_zmq_pushpull,zmq_tcp,none,none,,1,3858,512,584,1785153440319396000,1785153440319397000,1785153440319397000,1785153440319398000,1785153440319479000,1785153440319481000,1785153440319481000,1785153440319481000,121932490,121652369,-199.121,1.000,0.000,1.000,2.000,0.000,0.000,0.000,0,0,0
B3_zmq_pushpull,zmq_tcp,none,none,,1,3859,512,584,1785153440320403000,1785153440320403000,1785153440320403000,1785153440320404000,1785153440320492000,1785153440320495000,1785153440320495000,1785153440320495000,121932490,121652369,-192.121,0.000,0.000,1.000,3.000,0.000,0.000,0.000,0,0,0
B3_zmq_pushpull,zmq_tcp,none,none,,1,3860,512,584,1785153440321399000,1785153440321399000,1785153440321400000,1785153440321400000,1785153440321487000,1785153440321490000,1785153440321490000,1785153440321490000,121932490,121652369,-193.121,0.000,1.000,0.000,3.000,0.000,0.000,0.000,0,0,0
B3_zmq_pushpull,zmq_tcp,none,none,,1,3861,512,584,1785153440322400000,1785153440322400000,1785153440322400000,1785153440322401000,1785153440322474000,1785153440322476000,1785153440322476000,1785153440322476000,121932490,121652369,-207.121,0.000,0.000,1.000,2.000,0.000,0.000,0.000,0,0,0
B3_zmq_pushpull,zmq_tcp,none,none,,1,3862,512,584,1785153440323397000,1785153440323398000,1785153440323398000,1785153440323399000,1785153440323452000,1785153440323455000,1785153440323455000,1785153440323455000,121932490,121652369,-227.121,1.000,0.000,1.000,3.000,0.000,0.000,0.000,0,0,0
B3_zmq_pushpull,zmq_tcp,none,none,,1,3863,512,584,1785153440324401000,1785153440324401000,1785153440324402000,1785153440324402000,1785153440324587000,1785153440324590000,1785153440324590000,1785153440324590000,121932490,121652369,-95.121,0.000,1.000,0.000,3.000,0.000,0.000,0.000,0,0,0
B3_zmq_pushpull,zmq_tcp,none,none,,1,3864,512,584,1785153440325400000,1785153440325400000,1785153440325400000,1785153440325401000,1785153440325578000,1785153440325580000,1785153440325580000,1785153440325580000,121932490,121652369,-103.121,0.000,0.000,1.000,2.000,0.000,0.000,0.000,0,0,0
B3_zmq_pushpull,zmq_tcp,none,none,,1,3865,512,584,1785153440326277000,1785153440326277000,1785153440326277000,1785153440326279000,1785153440326422000,1785153440326424000,1785153440326424000,1785153440326424000,121932490,121652369,-137.121,0.000,0.000,2.000,2.000,0.000,0.000,0.000,0,0,0
B3_zmq_pushpull,zmq_tcp,none,none,,1,3866,512,584,1785153440327431000,1785153440327431000,1785153440327431000,1785153440327432000,1785153440327548000,1785153440327551000,1785153440327551000,1785153440327551000,121932490,121652369,-164.121,0.000,0.000,1.000,3.000,0.000,0.000,0.000,0,0,0
B3_zmq_pushpull,zmq_tcp,none,none,,1,3867,512,584,1785153440328392000,1785153440328392000,1785153440328392000,1785153440328393000,1785153440328527000,1785153440328530000,1785153440328530000,1785153440328530000,121932490,121652369,-146.121,0.000,0.000,1.000,3.000,0.000,0.000,0.000,0,0,0
B3_zmq_pushpull,zmq_tcp,none,none,,1,3868,512,584,1785153440329402000,1785153440329402000,1785153440329402000,1785153440329403000,1785153440329511000,1785153440329514000,1785153440329514000,1785153440329514000,121932490,121652369,-172.121,0.000,0.000,1.000,3.000,0.000,0.000,0.000,0,0,0
B3_zmq_pushpull,zmq_tcp,none,none,,1,3869,512,584,1785153440330397000,1785153440330397000,1785153440330397000,1785153440330398000,1785153440330482000,1785153440330484000,1785153440330484000,1785153440330484000,121932490,121652369,-196.121,0.000,0.000,1.000,2.000,0.000,0.000,0.000,0,0,0
B3_zmq_pushpull,zmq_tcp,none,none,,1,3870,512,584,1785153440331402000,1785153440331402000,1785153440331402000,1785153440331403000,1785153440331452000,1785153440331456000,1785153440331456000,1785153440331456000,121932490,121652369,-231.121,0.000,0.000,1.000,4.000,0.000,0.000,0.000,0,0,0
B3_zmq_pushpull,zmq_tcp,none,none,,1,3871,512,584,1785153440332283000,1785153440332283000,1785153440332283000,1785153440332284000,1785153440332436000,1785153440332439000,1785153440332439000,1785153440332439000,121932490,121652369,-128.121,0.000,0.000,1.000,3.000,0.000,0.000,0.000,0,0,0
B3_zmq_pushpull,zmq_tcp,none,none,,1,3872,512,584,1785153440333267000,1785153440333267000,1785153440333267000,1785153440333268000,1785153440333420000,1785153440333424000,1785153440333424000,1785153440333424000,121932490,121652369,-128.121,0.000,0.000,1.000,4.000,0.000,0.000,0.000,0,0,0
B3_zmq_pushpull,zmq_tcp,none,none,,1,3873,512,584,1785153440334430000,1785153440334430000,1785153440334430000,1785153440334431000,1785153440334515000,1785153440334517000,1785153440334517000,1785153440334518000,121932490,121652369,-196.121,0.000,0.000,1.000,2.000,0.000,1.000,0.000,0,0,0
B3_zmq_pushpull,zmq_tcp,none,none,,1,3874,512,584,1785153440335394000,1785153440335394000,1785153440335394000,1785153440335395000,1785153440335487000,1785153440335490000,1785153440335490000,1785153440335490000,121932490,121652369,-188.121,0.000,0.000,1.000,3.000,0.000,0.000,0.000,0,0,0
B3_zmq_pushpull,zmq_tcp,none,none,,1,3875,512,584,1785153440336402000,1785153440336402000,1785153440336402000,1785153440336403000,1785153440336480000,1785153440336483000,1785153440336483000,1785153440336483000,121932490,121652369,-203.121,0.000,0.000,1.000,3.000,0.000,0.000,0.000,0,0,0
B3_zmq_pushpull,zmq_tcp,none,none,,1,3876,512,584,1785153440337398000,1785153440337398000,1785153440337398000,1785153440337399000,1785153440337448000,1785153440337450000,1785153440337450000,1785153440337450000,121932490,121652369,-231.121,0.000,0.000,1.000,2.000,0.000,0.000,0.000,0,0,0
B3_zmq_pushpull,zmq_tcp,none,none,,1,3877,512,584,1785153440338401000,1785153440338401000,1785153440338401000,1785153440338402000,1785153440338571000,1785153440338574000,1785153440338574000,1785153440338574000,121932490,121652369,-111.121,0.000,0.000,1.000,3.000,0.000,0.000,0.000,0,0,0
B3_zmq_pushpull,zmq_tcp,none,none,,1,3878,512,584,1785153440339261000,1785153440339261000,1785153440339261000,1785153440339262000,1785153440339418000,1785153440339420000,1785153440339420000,1785153440339420000,121932490,121652369,-124.121,0.000,0.000,1.000,2.000,0.000,0.000,0.000,0,0,0
B3_zmq_pushpull,zmq_tcp,none,none,,1,3879,512,584,1785153440340257000,1785153440340257000,1785153440340257000,1785153440340258000,1785153440340414000,1785153440340416000,1785153440340416000,1785153440340416000,121932490,121652369,-124.121,0.000,0.000,1.000,2.000,0.000,0.000,0.000,0,0,0
B3_zmq_pushpull,zmq_tcp,none,none,,1,3880,512,584,1785153440341241000,1785153440341241000,1785153440341242000,1785153440341242000,1785153440341399000,1785153440341402000,1785153440341402000,1785153440341402000,121932490,121652369,-123.121,0.000,1.000,0.000,3.000,0.000,0.000,0.000,0,0,0
B3_zmq_pushpull,zmq_tcp,none,none,,1,3881,512,584,1785153440342220000,1785153440342220000,1785153440342220000,1785153440342221000,1785153440342378000,1785153440342381000,1785153440342381000,1785153440342381000,121932490,121652369,-123.121,0.000,0.000,1.000,3.000,0.000,0.000,0.000,0,0,0
B3_zmq_pushpull,zmq_tcp,none,none,,1,3882,512,584,1785153440343445000,1785153440343445000,1785153440343445000,1785153440343446000,1785153440343628000,1785153440343631000,1785153440343631000,1785153440343631000,121932490,121652369,-98.121,0.000,0.000,1.000,3.000,0.000,0.000,0.000,0,0,0
B3_zmq_pushpull,zmq_tcp,none,none,,1,3883,512,584,1785153440344387000,1785153440344387000,1785153440344387000,1785153440344388000,1785153440344476000,1785153440344479000,1785153440344479000,1785153440344479000,121932490,121652369,-192.121,0.000,0.000,1.000,3.000,0.000,0.000,0.000,0,0,0
B3_zmq_pushpull,zmq_tcp,none,none,,1,3884,512,584,1785153440345403000,1785153440345403000,1785153440345403000,1785153440345404000,1785153440345582000,1785153440345584000,1785153440345584000,1785153440345584000,121932490,121652369,-102.121,0.000,0.000,1.000,2.000,0.000,0.000,0.000,0,0,0
B3_zmq_pushpull,zmq_tcp,none,none,,1,3885,512,584,1785153440346399000,1785153440346399000,1785153440346400000,1785153440346400000,1785153440346563000,1785153440346566000,1785153440346566000,1785153440346566000,121932490,121652369,-117.121,0.000,1.000,0.000,3.000,0.000,0.000,0.000,0,0,0
B3_zmq_pushpull,zmq_tcp,none,none,,1,3886,512,584,1785153440347402000,1785153440347402000,1785153440347402000,1785153440347403000,1785153440347528000,1785153440347531000,1785153440347531000,1785153440347531000,121932490,121652369,-155.121,0.000,0.000,1.000,3.000,0.000,0.000,0.000,0,0,0
B3_zmq_pushpull,zmq_tcp,none,none,,1,3887,512,584,1785153440348395000,1785153440348395000,1785153440348395000,1785153440348396000,1785153440348508000,1785153440348511000,1785153440348511000,1785153440348511000,121932490,121652369,-168.121,0.000,0.000,1.000,3.000,0.000,0.000,0.000,0,0,0
B3_zmq_pushpull,zmq_tcp,none,none,,1,3888,512,584,1785153440349401000,1785153440349401000,1785153440349401000,1785153440349402000,1785153440349502000,1785153440349505000,1785153440349505000,1785153440349505000,121932490,121652369,-180.121,0.000,0.000,1.000,3.000,0.000,0.000,0.000,0,0,0
B3_zmq_pushpull,zmq_tcp,none,none,,1,3889,512,584,1785153440350321000,1785153440350321000,1785153440350321000,1785153440350322000,1785153440350474000,1785153440350476000,1785153440350476000,1785153440350476000,121932490,121652369,-128.121,0.000,0.000,1.000,2.000,0.000,0.000,0.000,0,0,0
B3_zmq_pushpull,zmq_tcp,none,none,,1,3890,512,584,1785153440351304000,1785153440351304000,1785153440351305000,1785153440351306000,1785153440351456000,1785153440351459000,1785153440351459000,1785153440351459000,121932490,121652369,-130.121,0.000,1.000,1.000,3.000,0.000,0.000,0.000,0,0,0
B3_zmq_pushpull,zmq_tcp,none,none,,1,3891,512,584,1785153440352292000,1785153440352292000,1785153440352292000,1785153440352294000,1785153440352426000,1785153440352429000,1785153440352429000,1785153440352429000,121932490,121652369,-148.121,0.000,0.000,2.000,3.000,0.000,0.000,0.000,0,0,0
B3_zmq_pushpull,zmq_tcp,none,none,,1,3892,512,584,1785153440353426000,1785153440353426000,1785153440353426000,1785153440353427000,1785153440353552000,1785153440353555000,1785153440353555000,1785153440353555000,121932490,121652369,-155.121,0.000,0.000,1.000,3.000,0.000,0.000,0.000,0,0,0
B3_zmq_pushpull,zmq_tcp,none,none,,1,3893,512,584,1785153440354394000,1785153440354394000,1785153440354394000,1785153440354395000,1785153440354548000,1785153440354551000,1785153440354551000,1785153440354551000,121932490,121652369,-127.121,0.000,0.000,1.000,3.000,0.000,0.000,0.000,0,0,0
B3_zmq_pushpull,zmq_tcp,none,none,,1,3894,512,584,1785153440355403000,1785153440355403000,1785153440355403000,1785153440355404000,1785153440355535000,1785153440355538000,1785153440355538000,1785153440355538000,121932490,121652369,-149.121,0.000,0.000,1.000,3.000,0.000,0.000,0.000,0,0,0
B3_zmq_pushpull,zmq_tcp,none,none,,1,3895,512,584,1785153440356399000,1785153440356400000,1785153440356400000,1785153440356401000,1785153440356499000,1785153440356502000,1785153440356502000,1785153440356502000,121932490,121652369,-182.121,1.000,0.000,1.000,3.000,0.000,0.000,0.000,0,0,0
B3_zmq_pushpull,zmq_tcp,none,none,,1,3896,512,584,1785153440357399000,1785153440357399000,1785153440357399000,1785153440357400000,1785153440357476000,1785153440357480000,1785153440357480000,1785153440357480000,121932490,121652369,-204.121,0.000,0.000,1.000,4.000,0.000,0.000,0.000,0,0,0
B3_zmq_pushpull,zmq_tcp,none,none,,1,3897,512,584,1785153440358290000,1785153440358290000,1785153440358290000,1785153440358291000,1785153440358442000,1785153440358444000,1785153440358444000,1785153440358444000,121932490,121652369,-129.121,0.000,0.000,1.000,2.000,0.000,0.000,0.000,0,0,0
B3_zmq_pushpull,zmq_tcp,none,none,,1,3898,512,584,1785153440359429000,1785153440359429000,1785153440359429000,1785153440359430000,1785153440359555000,1785153440359557000,1785153440359557000,1785153440359557000,121932490,121652369,-155.121,0.000,0.000,1.000,2.000,0.000,0.000,0.000,0,0,0
B3_zmq_pushpull,zmq_tcp,none,none,,1,3899,512,584,1785153440360394000,1785153440360394000,1785153440360394000,1785153440360395000,1785153440360540000,1785153440360543000,1785153440360543000,1785153440360543000,121932490,121652369,-135.121,0.000,0.000,1.000,3.000,0.000,0.000,0.000,0,0,0
B3_zmq_pushpull,zmq_tcp,none,none,,1,3900,512,584,1785153440361407000,1785153440361407000,1785153440361407000,1785153440361408000,1785153440361519000,1785153440361522000,1785153440361522000,1785153440361522000,121932490,121652369,-169.121,0.000,0.000,1.000,3.000,0.000,0.000,0.000,0,0,0
B3_zmq_pushpull,zmq_tcp,none,none,,1,3901,512,584,1785153440362394000,1785153440362394000,1785153440362394000,1785153440362395000,1785153440362514000,1785153440362516000,1785153440362516000,1785153440362516000,121932490,121652369,-161.121,0.000,0.000,1.000,2.000,0.000,0.000,0.000,0,0,0
B3_zmq_pushpull,zmq_tcp,none,none,,1,3902,512,584,1785153440363401000,1785153440363401000,1785153440363401000,1785153440363402000,1785153440363497000,1785153440363499000,1785153440363499000,1785153440363499000,121932490,121652369,-185.121,0.000,0.000,1.000,2.000,0.000,0.000,0.000,0,0,0
B3_zmq_pushpull,zmq_tcp,none,none,,1,3903,512,584,1785153440364400000,1785153440364400000,1785153440364400000,1785153440364401000,1785153440364463000,1785153440364466000,1785153440364466000,1785153440364466000,121932490,121652369,-218.121,0.000,0.000,1.000,3.000,0.000,0.000,0.000,0,0,0
B3_zmq_pushpull,zmq_tcp,none,none,,1,3904,512,584,1785153440365399000,1785153440365400000,1785153440365400000,1785153440365401000,1785153440365457000,1785153440365460000,1785153440365460000,1785153440365460000,121932490,121652369,-224.121,1.000,0.000,1.000,3.000,0.000,0.000,0.000,0,0,0
B3_zmq_pushpull,zmq_tcp,none,none,,1,3905,512,584,1785153440366291000,1785153440366291000,1785153440366291000,1785153440366292000,1785153440366446000,1785153440366448000,1785153440366449000,1785153440366449000,121932490,121652369,-126.121,0.000,0.000,1.000,2.000,1.000,0.000,0.000,0,0,0
B3_zmq_pushpull,zmq_tcp,none,none,,1,3906,512,584,1785153440367292000,1785153440367292000,1785153440367292000,1785153440367293000,1785153440367452000,1785153440367455000,1785153440367455000,1785153440367455000,121932490,121652369,-121.121,0.000,0.000,1.000,3.000,0.000,0.000,0.000,0,0,0
B3_zmq_pushpull,zmq_tcp,none,none,,1,3907,512,584,1785153440368427000,1785153440368428000,1785153440368428000,1785153440368429000,1785153440368557000,1785153440368560000,1785153440368560000,1785153440368560000,121932490,121652369,-152.121,1.000,0.000,1.000,3.000,0.000,0.000,0.000,0,0,0
B3_zmq_pushpull,zmq_tcp,none,none,,1,3908,512,584,1785153440369394000,1785153440369394000,1785153440369394000,1785153440369395000,1785153440369560000,1785153440369563000,1785153440369563000,1785153440369563000,121932490,121652369,-115.121,0.000,0.000,1.000,3.000,0.000,0.000,0.000,0,0,0
B3_zmq_pushpull,zmq_tcp,none,none,,1,3909,512,584,1785153440370401000,1785153440370401000,1785153440370401000,1785153440370402000,1785153440370542000,1785153440370545000,1785153440370545000,1785153440370545000,121932490,121652369,-140.121,0.000,0.000,1.000,3.000,0.000,0.000,0.000,0,0,0
B3_zmq_pushpull,zmq_tcp,none,none,,1,3910,512,584,1785153440371399000,1785153440371400000,1785153440371400000,1785153440371401000,1785153440371511000,1785153440371514000,1785153440371514000,1785153440371514000,121932490,121652369,-170.121,1.000,0.000,1.000,3.000,0.000,0.000,0.000,0,0,0
B3_zmq_pushpull,zmq_tcp,none,none,,1,3911,512,584,1785153440372401000,1785153440372401000,1785153440372401000,1785153440372402000,1785153440372478000,1785153440372480000,1785153440372480000,1785153440372480000,121932490,121652369,-204.121,0.000,0.000,1.000,2.000,0.000,0.000,0.000,0,0,0
B3_zmq_pushpull,zmq_tcp,none,none,,1,3912,512,584,1785153440373399000,1785153440373400000,1785153440373400000,1785153440373401000,1785153440373473000,1785153440373475000,1785153440373475000,1785153440373475000,121932490,121652369,-208.121,1.000,0.000,1.000,2.000,0.000,0.000,0.000,0,0,0
B3_zmq_pushpull,zmq_tcp,none,none,,1,3913,512,584,1785153440374401000,1785153440374401000,1785153440374401000,1785153440374402000,1785153440374459000,1785153440374463000,1785153440374463000,1785153440374463000,121932490,121652369,-223.121,0.000,0.000,1.000,4.000,0.000,0.000,0.000,0,0,0
B3_zmq_pushpull,zmq_tcp,none,none,,1,3914,512,584,1785153440375304000,1785153440375304000,1785153440375304000,1785153440375305000,1785153440375454000,1785153440375458000,1785153440375458000,1785153440375458000,121932490,121652369,-131.121,0.000,0.000,1.000,4.000,0.000,0.000,0.000,0,0,0
B3_zmq_pushpull,zmq_tcp,none,none,,1,3915,512,584,1785153440376292000,1785153440376292000,1785153440376292000,1785153440376293000,1785153440376450000,1785153440376453000,1785153440376453000,1785153440376453000,121932490,121652369,-123.121,0.000,0.000,1.000,3.000,0.000,0.000,0.000,0,0,0
B3_zmq_pushpull,zmq_tcp,none,none,,1,3916,512,584,1785153440377426000,1785153440377427000,1785153440377427000,1785153440377428000,1785153440377574000,1785153440377577000,1785153440377577000,1785153440377577000,121932490,121652369,-134.121,1.000,0.000,1.000,3.000,0.000,0.000,0.000,0,0,0
B3_zmq_pushpull,zmq_tcp,none,none,,1,3917,512,584,1785153440378393000,1785153440378393000,1785153440378393000,1785153440378394000,1785153440378544000,1785153440378547000,1785153440378547000,1785153440378547000,121932490,121652369,-130.121,0.000,0.000,1.000,3.000,0.000,0.000,0.000,0,0,0
B3_zmq_pushpull,zmq_tcp,none,none,,1,3918,512,584,1785153440379402000,1785153440379402000,1785153440379402000,1785153440379403000,1785153440379527000,1785153440379530000,1785153440379530000,1785153440379530000,121932490,121652369,-156.121,0.000,0.000,1.000,3.000,0.000,0.000,0.000,0,0,0
B3_zmq_pushpull,zmq_tcp,none,none,,1,3919,512,584,1785153440380397000,1785153440380397000,1785153440380397000,1785153440380398000,1785153440380511000,1785153440380519000,1785153440380519000,1785153440380519000,121932490,121652369,-167.121,0.000,0.000,1.000,8.000,0.000,0.000,0.000,0,0,0
B3_zmq_pushpull,zmq_tcp,none,none,,1,3920,512,584,1785153440381403000,1785153440381403000,1785153440381403000,1785153440381404000,1785153440381503000,1785153440381506000,1785153440381506000,1785153440381506000,121932490,121652369,-181.121,0.000,0.000,1.000,3.000,0.000,0.000,0.000,0,0,0
B3_zmq_pushpull,zmq_tcp,none,none,,1,3921,512,584,1785153440382399000,1785153440382399000,1785153440382400000,1785153440382400000,1785153440382509000,1785153440382511000,1785153440382511000,1785153440382511000,121932490,121652369,-171.121,0.000,1.000,0.000,2.000,0.000,0.000,0.000,0,0,0
B3_zmq_pushpull,zmq_tcp,none,none,,1,3922,512,584,1785153440383402000,1785153440383402000,1785153440383402000,1785153440383403000,1785153440383506000,1785153440383509000,1785153440383509000,1785153440383509000,121932490,121652369,-177.121,0.000,0.000,1.000,3.000,0.000,0.000,0.000,0,0,0
B3_zmq_pushpull,zmq_tcp,none,none,,1,3923,512,584,1785153440384398000,1785153440384398000,1785153440384398000,1785153440384399000,1785153440384507000,1785153440384510000,1785153440384510000,1785153440384510000,121932490,121652369,-172.121,0.000,0.000,1.000,3.000,0.000,0.000,0.000,0,0,0
B3_zmq_pushpull,zmq_tcp,none,none,,1,3924,512,584,1785153440385401000,1785153440385401000,1785153440385401000,1785153440385402000,1785153440385489000,1785153440385491000,1785153440385491000,1785153440385491000,121932490,121652369,-193.121,0.000,0.000,1.000,2.000,0.000,0.000,0.000,0,0,0
B3_zmq_pushpull,zmq_tcp,none,none,,1,3925,512,584,1785153440386400000,1785153440386401000,1785153440386401000,1785153440386402000,1785153440386470000,1785153440386474000,1785153440386474000,1785153440386474000,121932490,121652369,-212.121,1.000,0.000,1.000,4.000,0.000,0.000,0.000,0,0,0
B3_zmq_pushpull,zmq_tcp,none,none,,1,3926,512,584,1785153440387399000,1785153440387400000,1785153440387400000,1785153440387401000,1785153440387471000,1785153440387474000,1785153440387474000,1785153440387474000,121932490,121652369,-210.121,1.000,0.000,1.000,3.000,0.000,0.000,0.000,0,0,0
B3_zmq_pushpull,zmq_tcp,none,none,,1,3927,512,584,1785153440388311000,1785153440388311000,1785153440388311000,1785153440388312000,1785153440388466000,1785153440388469000,1785153440388469000,1785153440388469000,121932490,121652369,-126.121,0.000,0.000,1.000,3.000,0.000,0.000,0.000,0,0,0
B3_zmq_pushpull,zmq_tcp,none,none,,1,3928,512,584,1785153440389310000,1785153440389310000,1785153440389310000,1785153440389311000,1785153440389458000,1785153440389460000,1785153440389461000,1785153440389461000,121932490,121652369,-133.121,0.000,0.000,1.000,2.000,1.000,0.000,0.000,0,0,0
B3_zmq_pushpull,zmq_tcp,none,none,,1,3929,512,584,1785153440390422000,1785153440390423000,1785153440390423000,1785153440390424000,1785153440390573000,1785153440390575000,1785153440390575000,1785153440390575000,121932490,121652369,-131.121,1.000,0.000,1.000,2.000,0.000,0.000,0.000,0,0,0
B3_zmq_pushpull,zmq_tcp,none,none,,1,3930,512,584,1785153440391394000,1785153440391394000,1785153440391394000,1785153440391395000,1785153440391559000,1785153440391562000,1785153440391562000,1785153440391562000,121932490,121652369,-116.121,0.000,0.000,1.000,3.000,0.000,0.000,0.000,0,0,0
B3_zmq_pushpull,zmq_tcp,none,none,,1,3931,512,584,1785153440392255000,1785153440392255000,1785153440392255000,1785153440392256000,1785153440392389000,1785153440392392000,1785153440392392000,1785153440392392000,121932490,121652369,-147.121,0.000,0.000,1.000,3.000,0.000,0.000,0.000,0,0,0
B3_zmq_pushpull,zmq_tcp,none,none,,1,3932,512,584,1785153440393206000,1785153440393206000,1785153440393206000,1785153440393207000,1785153440393359000,1785153440393362000,1785153440393362000,1785153440393362000,121932490,121652369,-128.121,0.000,0.000,1.000,3.000,0.000,0.000,0.000,0,0,0
B3_zmq_pushpull,zmq_tcp,none,none,,1,3933,512,584,1785153440394319000,1785153440394319000,1785153440394319000,1785153440394320000,1785153440394474000,1785153440394477000,1785153440394477000,1785153440394477000,121932490,121652369,-126.121,0.000,0.000,1.000,3.000,0.000,0.000,0.000,0,0,0
B3_zmq_pushpull,zmq_tcp,none,none,,1,3934,512,584,1785153440395323000,1785153440395323000,1785153440395323000,1785153440395324000,1785153440395479000,1785153440395482000,1785153440395482000,1785153440395482000,121932490,121652369,-125.121,0.000,0.000,1.000,3.000,0.000,0.000,0.000,0,0,0
B3_zmq_pushpull,zmq_tcp,none,none,,1,3935,512,584,1785153440396316000,1785153440396316000,1785153440396316000,1785153440396317000,1785153440396472000,1785153440396475000,1785153440396475000,1785153440396475000,121932490,121652369,-125.121,0.000,0.000,1.000,3.000,0.000,0.000,0.000,0,0,0
B3_zmq_pushpull,zmq_tcp,none,none,,1,3936,512,584,1785153440397305000,1785153440397305000,1785153440397305000,1785153440397306000,1785153440397466000,1785153440397469000,1785153440397469000,1785153440397469000,121932490,121652369,-120.121,0.000,0.000,1.000,3.000,0.000,0.000,0.000,0,0,0
B3_zmq_pushpull,zmq_tcp,none,none,,1,3937,512,584,1785153440398424000,1785153440398424000,1785153440398424000,1785153440398425000,1785153440398579000,1785153440398582000,1785153440398582000,1785153440398582000,121932490,121652369,-126.121,0.000,0.000,1.000,3.000,0.000,0.000,0.000,0,0,0
B3_zmq_pushpull,zmq_tcp,none,none,,1,3938,512,584,1785153440399391000,1785153440399392000,1785153440399392000,1785153440399393000,1785153440399546000,1785153440399549000,1785153440399549000,1785153440399549000,121932490,121652369,-127.121,1.000,0.000,1.000,3.000,0.000,0.000,0.000,0,0,0
B3_zmq_pushpull,zmq_tcp,none,none,,1,3939,512,584,1785153440400403000,1785153440400403000,1785153440400403000,1785153440400404000,1785153440400535000,1785153440400538000,1785153440400538000,1785153440400538000,121932490,121652369,-149.121,0.000,0.000,1.000,3.000,0.000,0.000,0.000,0,0,0
B3_zmq_pushpull,zmq_tcp,none,none,,1,3940,512,584,1785153440401400000,1785153440401400000,1785153440401400000,1785153440401401000,1785153440401510000,1785153440401513000,1785153440401513000,1785153440401513000,121932490,121652369,-171.121,0.000,0.000,1.000,3.000,0.000,0.000,0.000,0,0,0
B3_zmq_pushpull,zmq_tcp,none,none,,1,3941,512,584,1785153440402401000,1785153440402401000,1785153440402401000,1785153440402402000,1785153440402479000,1785153440402482000,1785153440402482000,1785153440402482000,121932490,121652369,-203.121,0.000,0.000,1.000,3.000,0.000,0.000,0.000,0,0,0
B3_zmq_pushpull,zmq_tcp,none,none,,1,3942,512,584,1785153440403302000,1785153440403302000,1785153440403302000,1785153440403303000,1785153440403462000,1785153440403465000,1785153440403465000,1785153440403465000,121932490,121652369,-121.121,0.000,0.000,1.000,3.000,0.000,0.000,0.000,0,0,0
B3_zmq_pushpull,zmq_tcp,none,none,,1,3943,512,584,1785153440404425000,1785153440404425000,1785153440404425000,1785153440404426000,1785153440404585000,1785153440404587000,1785153440404587000,1785153440404587000,121932490,121652369,-121.121,0.000,0.000,1.000,2.000,0.000,0.000,0.000,0,0,0
B3_zmq_pushpull,zmq_tcp,none,none,,1,3944,512,584,1785153440405277000,1785153440405278000,1785153440405278000,1785153440405279000,1785153440405419000,1785153440405422000,1785153440405422000,1785153440405422000,121932490,121652369,-140.121,1.000,0.000,1.000,3.000,0.000,0.000,0.000,0,0,0
B3_zmq_pushpull,zmq_tcp,none,none,,1,3945,512,584,1785153440406235000,1785153440406235000,1785153440406235000,1785153440406236000,1785153440406389000,1785153440406391000,1785153440406391000,1785153440406391000,121932490,121652369,-127.121,0.000,0.000,1.000,2.000,0.000,0.000,0.000,0,0,0
B3_zmq_pushpull,zmq_tcp,none,none,,1,3946,512,584,1785153440407208000,1785153440407208000,1785153440407208000,1785153440407209000,1785153440407349000,1785153440407351000,1785153440407351000,1785153440407351000,121932490,121652369,-140.121,0.000,0.000,1.000,2.000,0.000,0.000,0.000,0,0,0
B3_zmq_pushpull,zmq_tcp,none,none,,1,3947,512,584,1785153440408320000,1785153440408320000,1785153440408320000,1785153440408321000,1785153440408479000,1785153440408483000,1785153440408483000,1785153440408483000,121932490,121652369,-122.121,0.000,0.000,1.000,4.000,0.000,0.000,0.000,0,0,0
B3_zmq_pushpull,zmq_tcp,none,none,,1,3948,512,584,1785153440409318000,1785153440409318000,1785153440409318000,1785153440409319000,1785153440409479000,1785153440409482000,1785153440409482000,1785153440409482000,121932490,121652369,-120.121,0.000,0.000,1.000,3.000,0.000,0.000,0.000,0,0,0
B3_zmq_pushpull,zmq_tcp,none,none,,1,3949,512,584,1785153440410312000,1785153440410312000,1785153440410312000,1785153440410313000,1785153440410469000,1785153440410471000,1785153440410471000,1785153440410471000,121932490,121652369,-124.121,0.000,0.000,1.000,2.000,0.000,0.000,0.000,0,0,0
B3_zmq_pushpull,zmq_tcp,none,none,,1,3950,512,584,1785153440411294000,1785153440411294000,1785153440411294000,1785153440411295000,1785153440411451000,1785153440411454000,1785153440411454000,1785153440411454000,121932490,121652369,-124.121,0.000,0.000,1.000,3.000,0.000,0.000,0.000,0,0,0
B3_zmq_pushpull,zmq_tcp,none,none,,1,3951,512,584,1785153440412426000,1785153440412426000,1785153440412426000,1785153440412427000,1785153440412550000,1785153440412553000,1785153440412553000,1785153440412553000,121932490,121652369,-157.121,0.000,0.000,1.000,3.000,0.000,0.000,0.000,0,0,0
B3_zmq_pushpull,zmq_tcp,none,none,,1,3952,512,584,1785153440413390000,1785153440413390000,1785153440413390000,1785153440413391000,1785153440413507000,1785153440413511000,1785153440413511000,1785153440413511000,121932490,121652369,-164.121,0.000,0.000,1.000,4.000,0.000,0.000,0.000,0,0,0
B3_zmq_pushpull,zmq_tcp,none,none,,1,3953,512,584,1785153440414330000,1785153440414330000,1785153440414330000,1785153440414331000,1785153440414473000,1785153440414475000,1785153440414475000,1785153440414475000,121932490,121652369,-138.121,0.000,0.000,1.000,2.000,0.000,0.000,0.000,0,0,0
B3_zmq_pushpull,zmq_tcp,none,none,,1,3954,512,584,1785153440415418000,1785153440415418000,1785153440415418000,1785153440415419000,1785153440415468000,1785153440415472000,1785153440415472000,1785153440415472000,121932490,121652369,-231.121,0.000,0.000,1.000,4.000,0.000,0.000,0.000,0,0,0
B3_zmq_pushpull,zmq_tcp,none,none,,1,3955,512,584,1785153440416297000,1785153440416298000,1785153440416298000,1785153440416299000,1785153440416449000,1785153440416451000,1785153440416451000,1785153440416451000,121932490,121652369,-130.121,1.000,0.000,1.000,2.000,0.000,0.000,0.000,0,0,0
B3_zmq_pushpull,zmq_tcp,none,none,,1,3956,512,584,1785153440417280000,1785153440417280000,1785153440417280000,1785153440417281000,1785153440417442000,1785153440417445000,1785153440417445000,1785153440417445000,121932490,121652369,-119.121,0.000,0.000,1.000,3.000,0.000,0.000,0.000,0,0,0
B3_zmq_pushpull,zmq_tcp,none,none,,1,3957,512,584,1785153440418431000,1785153440418431000,1785153440418431000,1785153440418432000,1785153440418550000,1785153440418553000,1785153440418553000,1785153440418553000,121932490,121652369,-162.121,0.000,0.000,1.000,3.000,0.000,0.000,0.000,0,0,0
B3_zmq_pushpull,zmq_tcp,none,none,,1,3958,512,584,1785153440419393000,1785153440419393000,1785153440419393000,1785153440419394000,1785153440419521000,1785153440419524000,1785153440419524000,1785153440419524000,121932490,121652369,-153.121,0.000,0.000,1.000,3.000,0.000,0.000,0.000,0,0,0
B3_zmq_pushpull,zmq_tcp,none,none,,1,3959,512,584,1785153440420400000,1785153440420400000,1785153440420400000,1785153440420401000,1785153440420506000,1785153440420509000,1785153440420509000,1785153440420509000,121932490,121652369,-175.121,0.000,0.000,1.000,3.000,0.000,0.000,0.000,0,0,0
B3_zmq_pushpull,zmq_tcp,none,none,,1,3960,512,584,1785153440421400000,1785153440421400000,1785153440421400000,1785153440421401000,1785153440421475000,1785153440421478000,1785153440421478000,1785153440421478000,121932490,121652369,-206.121,0.000,0.000,1.000,3.000,0.000,0.000,0.000,0,0,0
B3_zmq_pushpull,zmq_tcp,none,none,,1,3961,512,584,1785153440422402000,1785153440422402000,1785153440422402000,1785153440422403000,1785153440422466000,1785153440422470000,1785153440422470000,1785153440422470000,121932490,121652369,-217.121,0.000,0.000,1.000,4.000,0.000,0.000,0.000,0,0,0
B3_zmq_pushpull,zmq_tcp,none,none,,1,3962,512,584,1785153440423287000,1785153440423287000,1785153440423287000,1785153440423288000,1785153440423447000,1785153440423450000,1785153440423450000,1785153440423450000,121932490,121652369,-121.121,0.000,0.000,1.000,3.000,0.000,0.000,0.000,0,0,0
B3_zmq_pushpull,zmq_tcp,none,none,,1,3963,512,584,1785153440424428000,1785153440424428000,1785153440424428000,1785153440424429000,1785153440424571000,1785153440424574000,1785153440424574000,1785153440424574000,121932490,121652369,-138.121,0.000,0.000,1.000,3.000,0.000,0.000,0.000,0,0,0
B3_zmq_pushpull,zmq_tcp,none,none,,1,3964,512,584,1785153440425240000,1785153440425240000,1785153440425240000,1785153440425241000,1785153440425401000,1785153440425403000,1785153440425403000,1785153440425403000,121932490,121652369,-120.121,0.000,0.000,1.000,2.000,0.000,0.000,0.000,0,0,0
B3_zmq_pushpull,zmq_tcp,none,none,,1,3965,512,584,1785153440426440000,1785153440426440000,1785153440426440000,1785153440426441000,1785153440426531000,1785153440426536000,1785153440426536000,1785153440426536000,121932490,121652369,-190.121,0.000,0.000,1.000,5.000,0.000,0.000,0.000,0,0,0
B3_zmq_pushpull,zmq_tcp,none,none,,1,3966,512,584,1785153440427388000,1785153440427388000,1785153440427388000,1785153440427389000,1785153440427489000,1785153440427492000,1785153440427492000,1785153440427492000,121932490,121652369,-180.121,0.000,0.000,1.000,3.000,0.000,0.000,0.000,0,0,0
B3_zmq_pushpull,zmq_tcp,none,none,,1,3967,512,584,1785153440428404000,1785153440428404000,1785153440428404000,1785153440428405000,1785153440428449000,1785153440428452000,1785153440428452000,1785153440428452000,121932490,121652369,-236.121,0.000,0.000,1.000,3.000,0.000,0.000,0.000,0,0,0
B3_zmq_pushpull,zmq_tcp,none,none,,1,3968,512,584,1785153440429400000,1785153440429400000,1785153440429400000,1785153440429401000,1785153440429570000,1785153440429573000,1785153440429573000,1785153440429573000,121932490,121652369,-111.121,0.000,0.000,1.000,3.000,0.000,0.000,0.000,0,0,0
B3_zmq_pushpull,zmq_tcp,none,none,,1,3969,512,584,1785153440430264000,1785153440430264000,1785153440430264000,1785153440430265000,1785153440430425000,1785153440430427000,1785153440430427000,1785153440430427000,121932490,121652369,-120.121,0.000,0.000,1.000,2.000,0.000,0.000,0.000,0,0,0
B3_zmq_pushpull,zmq_tcp,none,none,,1,3970,512,584,1785153440431433000,1785153440431433000,1785153440431433000,1785153440431434000,1785153440431546000,1785153440431549000,1785153440431549000,1785153440431549000,121932490,121652369,-168.121,0.000,0.000,1.000,3.000,0.000,0.000,0.000,0,0,0
B3_zmq_pushpull,zmq_tcp,none,none,,1,3971,512,584,1785153440432394000,1785153440432394000,1785153440432395000,1785153440432395000,1785153440432521000,1785153440432524000,1785153440432524000,1785153440432524000,121932490,121652369,-154.121,0.000,1.000,0.000,3.000,0.000,0.000,0.000,0,0,0
B3_zmq_pushpull,zmq_tcp,none,none,,1,3972,512,584,1785153440433402000,1785153440433403000,1785153440433403000,1785153440433404000,1785153440433486000,1785153440433489000,1785153440433489000,1785153440433489000,121932490,121652369,-198.121,1.000,0.000,1.000,3.000,0.000,0.000,0.000,0,0,0
B3_zmq_pushpull,zmq_tcp,none,none,,1,3973,512,584,1785153440434396000,1785153440434396000,1785153440434396000,1785153440434397000,1785153440434462000,1785153440434465000,1785153440434465000,1785153440434465000,121932490,121652369,-215.121,0.000,0.000,1.000,3.000,0.000,0.000,0.000,0,0,0
B3_zmq_pushpull,zmq_tcp,none,none,,1,3974,512,584,1785153440435401000,1785153440435401000,1785153440435401000,1785153440435402000,1785153440435443000,1785153440435446000,1785153440435446000,1785153440435446000,121932490,121652369,-239.121,0.000,0.000,1.000,3.000,0.000,0.000,0.000,0,0,0
B3_zmq_pushpull,zmq_tcp,none,none,,1,3975,512,584,1785153440436403000,1785153440436403000,1785153440436403000,1785153440436404000,1785153440436555000,1785153440436558000,1785153440436558000,1785153440436558000,121932490,121652369,-129.121,0.000,0.000,1.000,3.000,0.000,0.000,0.000,0,0,0
B3_zmq_pushpull,zmq_tcp,none,none,,1,3976,512,584,1785153440437400000,1785153440437400000,1785153440437400000,1785153440437401000,1785153440437534000,1785153440437536000,1785153440437536000,1785153440437536000,121932490,121652369,-147.121,0.000,0.000,1.000,2.000,0.000,0.000,0.000,0,0,0
B3_zmq_pushpull,zmq_tcp,none,none,,1,3977,512,584,1785153440438400000,1785153440438400000,1785153440438400000,1785153440438401000,1785153440438518000,1785153440438521000,1785153440438521000,1785153440438521000,121932490,121652369,-163.121,0.000,0.000,1.000,3.000,0.000,0.000,0.000,0,0,0
B3_zmq_pushpull,zmq_tcp,none,none,,1,3978,512,584,1785153440439400000,1785153440439400000,1785153440439400000,1785153440439401000,1785153440439473000,1785153440439476000,1785153440439476000,1785153440439476000,121932490,121652369,-208.121,0.000,0.000,1.000,3.000,0.000,0.000,0.000,0,0,0
B3_zmq_pushpull,zmq_tcp,none,none,,1,3979,512,584,1785153440440400000,1785153440440401000,1785153440440401000,1785153440440402000,1785153440440584000,1785153440440587000,1785153440440587000,1785153440440587000,121932490,121652369,-98.121,1.000,0.000,1.000,3.000,0.000,0.000,0.000,0,0,0
B3_zmq_pushpull,zmq_tcp,none,none,,1,3980,512,584,1785153440441397000,1785153440441397000,1785153440441397000,1785153440441398000,1785153440441441000,1785153440441444000,1785153440441445000,1785153440441445000,121932490,121652369,-237.121,0.000,0.000,1.000,3.000,1.000,0.000,0.000,0,0,0
B3_zmq_pushpull,zmq_tcp,none,none,,1,3981,512,584,1785153440442402000,1785153440442402000,1785153440442402000,1785153440442403000,1785153440442447000,1785153440442451000,1785153440442451000,1785153440442451000,121932490,121652369,-236.121,0.000,0.000,1.000,4.000,0.000,0.000,0.000,0,0,0
B3_zmq_pushpull,zmq_tcp,none,none,,1,3982,512,584,1785153440443402000,1785153440443402000,1785153440443402000,1785153440443403000,1785153440443574000,1785153440443577000,1785153440443577000,1785153440443577000,121932490,121652369,-109.121,0.000,0.000,1.000,3.000,0.000,0.000,0.000,0,0,0
B3_zmq_pushpull,zmq_tcp,none,none,,1,3983,512,584,1785153440444397000,1785153440444398000,1785153440444398000,1785153440444399000,1785153440444573000,1785153440444576000,1785153440444576000,1785153440444576000,121932490,121652369,-106.121,1.000,0.000,1.000,3.000,0.000,0.000,0.000,0,0,0
B3_zmq_pushpull,zmq_tcp,none,none,,1,3984,512,584,1785153440445401000,1785153440445401000,1785153440445401000,1785153440445402000,1785153440445565000,1785153440445568000,1785153440445568000,1785153440445568000,121932490,121652369,-117.121,0.000,0.000,1.000,3.000,0.000,0.000,0.000,0,0,0
B3_zmq_pushpull,zmq_tcp,none,none,,1,3985,512,584,1785153440446400000,1785153440446400000,1785153440446400000,1785153440446401000,1785153440446559000,1785153440446563000,1785153440446563000,1785153440446563000,121932490,121652369,-122.121,0.000,0.000,1.000,4.000,0.000,0.000,0.000,0,0,0
B3_zmq_pushpull,zmq_tcp,none,none,,1,3986,512,584,1785153440447400000,1785153440447400000,1785153440447400000,1785153440447401000,1785153440447521000,1785153440447524000,1785153440447524000,1785153440447524000,121932490,121652369,-160.121,0.000,0.000,1.000,3.000,0.000,0.000,0.000,0,0,0
B3_zmq_pushpull,zmq_tcp,none,none,,1,3987,512,584,1785153440448397000,1785153440448397000,1785153440448397000,1785153440448398000,1785153440448496000,1785153440448498000,1785153440448498000,1785153440448498000,121932490,121652369,-182.121,0.000,0.000,1.000,2.000,0.000,0.000,0.000,0,0,0
B3_zmq_pushpull,zmq_tcp,none,none,,1,3988,512,584,1785153440449401000,1785153440449401000,1785153440449401000,1785153440449402000,1785153440449478000,1785153440449481000,1785153440449481000,1785153440449481000,121932490,121652369,-204.121,0.000,0.000,1.000,3.000,0.000,0.000,0.000,0,0,0
B3_zmq_pushpull,zmq_tcp,none,none,,1,3989,512,584,1785153440450400000,1785153440450400000,1785153440450400000,1785153440450401000,1785153440450464000,1785153440450466000,1785153440450466000,1785153440450466000,121932490,121652369,-217.121,0.000,0.000,1.000,2.000,0.000,0.000,0.000,0,0,0
B3_zmq_pushpull,zmq_tcp,none,none,,1,3990,512,584,1785153440451400000,1785153440451400000,1785153440451400000,1785153440451401000,1785153440451464000,1785153440451468000,1785153440451468000,1785153440451468000,121932490,121652369,-217.121,0.000,0.000,1.000,4.000,0.000,0.000,0.000,0,0,0
B3_zmq_pushpull,zmq_tcp,none,none,,1,3991,512,584,1785153440452315000,1785153440452315000,1785153440452315000,1785153440452316000,1785153440452472000,1785153440452474000,1785153440452474000,1785153440452474000,121932490,121652369,-124.121,0.000,0.000,1.000,2.000,0.000,0.000,0.000,0,0,0
B3_zmq_pushpull,zmq_tcp,none,none,,1,3992,512,584,1785153440453294000,1785153440453294000,1785153440453294000,1785153440453295000,1785153440453452000,1785153440453454000,1785153440453454000,1785153440453454000,121932490,121652369,-123.121,0.000,0.000,1.000,2.000,0.000,0.000,0.000,0,0,0
B3_zmq_pushpull,zmq_tcp,none,none,,1,3993,512,584,1785153440454275000,1785153440454275000,1785153440454275000,1785153440454276000,1785153440454426000,1785153440454429000,1785153440454429000,1785153440454429000,121932490,121652369,-130.121,0.000,0.000,1.000,3.000,0.000,0.000,0.000,0,0,0
B3_zmq_pushpull,zmq_tcp,none,none,,1,3994,512,584,1785153440455251000,1785153440455251000,1785153440455251000,1785153440455253000,1785153440455396000,1785153440455398000,1785153440455398000,1785153440455398000,121932490,121652369,-137.121,0.000,0.000,2.000,2.000,0.000,0.000,0.000,0,0,0
B3_zmq_pushpull,zmq_tcp,none,none,,1,3995,512,584,1785153440456235000,1785153440456235000,1785153440456235000,1785153440456236000,1785153440456389000,1785153440456392000,1785153440456392000,1785153440456392000,121932490,121652369,-127.121,0.000,0.000,1.000,3.000,0.000,0.000,0.000,0,0,0
B3_zmq_pushpull,zmq_tcp,none,none,,1,3996,512,584,1785153440457212000,1785153440457212000,1785153440457212000,1785153440457213000,1785153440457372000,1785153440457375000,1785153440457375000,1785153440457375000,121932490,121652369,-121.121,0.000,0.000,1.000,3.000,0.000,0.000,0.000,0,0,0
B3_zmq_pushpull,zmq_tcp,none,none,,1,3997,512,584,1785153440458206000,1785153440458206000,1785153440458206000,1785153440458207000,1785153440458364000,1785153440458366000,1785153440458366000,1785153440458366000,121932490,121652369,-123.121,0.000,0.000,1.000,2.000,0.000,0.000,0.000,0,0,0
B3_zmq_pushpull,zmq_tcp,none,none,,1,3998,512,584,1785153440459207000,1785153440459207000,1785153440459207000,1785153440459208000,1785153440459352000,1785153440459354000,1785153440459354000,1785153440459354000,121932490,121652369,-136.121,0.000,0.000,1.000,2.000,0.000,0.000,0.000,0,0,0
B3_zmq_pushpull,zmq_tcp,none,none,,1,3999,512,584,1785153440460320000,1785153440460320000,1785153440460320000,1785153440460321000,1785153440460483000,1785153440460490000,1785153440460490000,1785153440460490000,121932490,121652369,-118.121,0.000,0.000,1.000,7.000,0.000,0.000,0.000,0,0,0
B3_zmq_pushpull,zmq_tcp,none,none,,1,4000,512,584,1785153440461420000,1785153440461420000,1785153440461420000,1785153440461421000,1785153440461458000,1785153440461462000,1785153440461462000,1785153440461462000,121932490,121652369,-243.121,0.000,0.000,1.000,4.000,0.000,0.000,0.000,0,0,0
B3_zmq_pushpull,zmq_tcp,none,none,,1,4001,512,584,1785153440462290000,1785153440462290000,1785153440462290000,1785153440462291000,1785153440462443000,1785153440462446000,1785153440462446000,1785153440462446000,121932490,121652369,-128.121,0.000,0.000,1.000,3.000,0.000,0.000,0.000,0,0,0
B3_zmq_pushpull,zmq_tcp,none,none,,1,4002,512,584,1785153440463284000,1785153440463284000,1785153440463284000,1785153440463285000,1785153440463437000,1785153440463440000,1785153440463440000,1785153440463440000,121932490,121652369,-128.121,0.000,0.000,1.000,3.000,0.000,0.000,0.000,0,0,0
B3_zmq_pushpull,zmq_tcp,none,none,,1,4003,512,584,1785153440464259000,1785153440464259000,1785153440464259000,1785153440464260000,1785153440464417000,1785153440464420000,1785153440464420000,1785153440464420000,121932490,121652369,-123.121,0.000,0.000,1.000,3.000,0.000,0.000,0.000,0,0,0
B3_zmq_pushpull,zmq_tcp,none,none,,1,4004,512,584,1785153440465439000,1785153440465439000,1785153440465439000,1785153440465440000,1785153440465524000,1785153440465526000,1785153440465526000,1785153440465526000,121932490,121652369,-196.121,0.000,0.000,1.000,2.000,0.000,0.000,0.000,0,0,0
B3_zmq_pushpull,zmq_tcp,none,none,,1,4005,512,584,1785153440466392000,1785153440466392000,1785153440466392000,1785153440466393000,1785153440466529000,1785153440466532000,1785153440466532000,1785153440466532000,121932490,121652369,-144.121,0.000,0.000,1.000,3.000,0.000,0.000,0.000,0,0,0
B3_zmq_pushpull,zmq_tcp,none,none,,1,4006,512,584,1785153440467403000,1785153440467403000,1785153440467403000,1785153440467404000,1785153440467514000,1785153440467518000,1785153440467518000,1785153440467518000,121932490,121652369,-170.121,0.000,0.000,1.000,4.000,0.000,0.000,0.000,0,0,0
B3_zmq_pushpull,zmq_tcp,none,none,,1,4007,512,584,1785153440468400000,1785153440468400000,1785153440468400000,1785153440468401000,1785153440468485000,1785153440468488000,1785153440468488000,1785153440468488000,121932490,121652369,-196.121,0.000,0.000,1.000,3.000,0.000,0.000,0.000,0,0,0
B3_zmq_pushpull,zmq_tcp,none,none,,1,4008,512,584,1785153440469401000,1785153440469401000,1785153440469401000,1785153440469402000,1785153440469462000,1785153440469465000,1785153440469465000,1785153440469465000,121932490,121652369,-220.121,0.000,0.000,1.000,3.000,0.000,0.000,0.000,0,0,0
B3_zmq_pushpull,zmq_tcp,none,none,,1,4009,512,584,1785153440470397000,1785153440470397000,1785153440470398000,1785153440470398000,1785153440470446000,1785153440470450000,1785153440470450000,1785153440470450000,121932490,121652369,-232.121,0.000,1.000,0.000,4.000,0.000,0.000,0.000,0,0,0
B3_zmq_pushpull,zmq_tcp,none,none,,1,4010,512,584,1785153440471290000,1785153440471290000,1785153440471290000,1785153440471291000,1785153440471429000,1785153440471432000,1785153440471432000,1785153440471432000,121932490,121652369,-142.121,0.000,0.000,1.000,3.000,0.000,0.000,0.000,0,0,0
B3_zmq_pushpull,zmq_tcp,none,none,,1,4011,512,584,1785153440472428000,1785153440472428000,1785153440472428000,1785153440472429000,1785153440472561000,1785153440472564000,1785153440472564000,1785153440472564000,121932490,121652369,-148.121,0.000,0.000,1.000,3.000,0.000,0.000,0.000,0,0,0
B3_zmq_pushpull,zmq_tcp,none,none,,1,4012,512,584,1785153440473395000,1785153440473396000,1785153440473396000,1785153440473397000,1785153440473552000,1785153440473556000,1785153440473556000,1785153440473556000,121932490,121652369,-125.121,1.000,0.000,1.000,4.000,0.000,0.000,0.000,0,0,0
B3_zmq_pushpull,zmq_tcp,none,none,,1,4013,512,584,1785153440474404000,1785153440474404000,1785153440474404000,1785153440474405000,1785153440474514000,1785153440474517000,1785153440474517000,1785153440474517000,121932490,121652369,-171.121,0.000,0.000,1.000,3.000,0.000,0.000,0.000,0,0,0
B3_zmq_pushpull,zmq_tcp,none,none,,1,4014,512,584,1785153440475400000,1785153440475400000,1785153440475400000,1785153440475401000,1785153440475488000,1785153440475490000,1785153440475490000,1785153440475490000,121932490,121652369,-193.121,0.000,0.000,1.000,2.000,0.000,0.000,0.000,0,0,0
B3_zmq_pushpull,zmq_tcp,none,none,,1,4015,512,584,1785153440476400000,1785153440476401000,1785153440476401000,1785153440476402000,1785153440476457000,1785153440476460000,1785153440476460000,1785153440476460000,121932490,121652369,-225.121,1.000,0.000,1.000,3.000,0.000,0.000,0.000,0,0,0
B3_zmq_pushpull,zmq_tcp,none,none,,1,4016,512,584,1785153440477399000,1785153440477399000,1785153440477399000,1785153440477400000,1785153440477448000,1785153440477450000,1785153440477450000,1785153440477450000,121932490,121652369,-232.121,0.000,0.000,1.000,2.000,0.000,0.000,0.000,0,0,0
B3_zmq_pushpull,zmq_tcp,none,none,,1,4017,512,584,1785153440478402000,1785153440478402000,1785153440478402000,1785153440478403000,1785153440478554000,1785153440478557000,1785153440478557000,1785153440478557000,121932490,121652369,-129.121,0.000,0.000,1.000,3.000,0.000,0.000,0.000,0,0,0
B3_zmq_pushpull,zmq_tcp,none,none,,1,4018,512,584,1785153440479400000,1785153440479400000,1785153440479400000,1785153440479401000,1785153440479550000,1785153440479553000,1785153440479553000,1785153440479553000,121932490,121652369,-131.121,0.000,0.000,1.000,3.000,0.000,0.000,0.000,0,0,0
B3_zmq_pushpull,zmq_tcp,none,none,,1,4019,512,584,1785153440480237000,1785153440480237000,1785153440480237000,1785153440480238000,1785153440480386000,1785153440480389000,1785153440480389000,1785153440480389000,121932490,121652369,-132.121,0.000,0.000,1.000,3.000,0.000,0.000,0.000,0,0,0
B3_zmq_pushpull,zmq_tcp,none,none,,1,4020,512,584,1785153440481442000,1785153440481442000,1785153440481442000,1785153440481443000,1785153440481507000,1785153440481511000,1785153440481511000,1785153440481511000,121932490,121652369,-216.121,0.000,0.000,1.000,4.000,0.000,0.000,0.000,0,0,0
B3_zmq_pushpull,zmq_tcp,none,none,,1,4021,512,584,1785153440482389000,1785153440482389000,1785153440482390000,1785153440482390000,1785153440482492000,1785153440482494000,1785153440482494000,1785153440482494000,121932490,121652369,-178.121,0.000,1.000,0.000,2.000,0.000,0.000,0.000,0,0,0
B3_zmq_pushpull,zmq_tcp,none,none,,1,4022,512,584,1785153440483403000,1785153440483403000,1785153440483403000,1785153440483404000,1785153440483470000,1785153440483473000,1785153440483473000,1785153440483473000,121932490,121652369,-214.121,0.000,0.000,1.000,3.000,0.000,0.000,0.000,0,0,0
B3_zmq_pushpull,zmq_tcp,none,none,,1,4023,512,584,1785153440484399000,1785153440484399000,1785153440484399000,1785153440484400000,1785153440484461000,1785153440484464000,1785153440484464000,1785153440484464000,121932490,121652369,-219.121,0.000,0.000,1.000,3.000,0.000,0.000,0.000,0,0,0
B3_zmq_pushpull,zmq_tcp,none,none,,1,4024,512,584,1785153440485400000,1785153440485400000,1785153440485400000,1785153440485401000,1785153440485457000,1785153440485461000,1785153440485461000,1785153440485461000,121932490,121652369,-224.121,0.000,0.000,1.000,4.000,0.000,0.000,0.000,0,0,0
B3_zmq_pushpull,zmq_tcp,none,none,,1,4025,512,584,1785153440486286000,1785153440486287000,1785153440486287000,1785153440486288000,1785153440486436000,1785153440486438000,1785153440486438000,1785153440486438000,121932490,121652369,-132.121,1.000,0.000,1.000,2.000,0.000,0.000,0.000,0,0,0
B3_zmq_pushpull,zmq_tcp,none,none,,1,4026,512,584,1785153440487429000,1785153440487430000,1785153440487430000,1785153440487431000,1785153440487552000,1785153440487554000,1785153440487554000,1785153440487554000,121932490,121652369,-159.121,1.000,0.000,1.000,2.000,0.000,0.000,0.000,0,0,0
B3_zmq_pushpull,zmq_tcp,none,none,,1,4027,512,584,1785153440488396000,1785153440488396000,1785153440488396000,1785153440488397000,1785153440488543000,1785153440488546000,1785153440488546000,1785153440488546000,121932490,121652369,-134.121,0.000,0.000,1.000,3.000,0.000,0.000,0.000,0,0,0
B3_zmq_pushpull,zmq_tcp,none,none,,1,4028,512,584,1785153440489207000,1785153440489207000,1785153440489207000,1785153440489208000,1785153440489361000,1785153440489365000,1785153440489365000,1785153440489365000,121932490,121652369,-127.121,0.000,0.000,1.000,4.000,0.000,0.000,0.000,0,0,0
B3_zmq_pushpull,zmq_tcp,none,none,,1,4029,512,584,1785153440490319000,1785153440490319000,1785153440490319000,1785153440490320000,1785153440490470000,1785153440490473000,1785153440490473000,1785153440490473000,121932490,121652369,-130.121,0.000,0.000,1.000,3.000,0.000,0.000,0.000,0,0,0
B3_zmq_pushpull,zmq_tcp,none,none,,1,4030,512,584,1785153440491286000,1785153440491286000,1785153440491286000,1785153440491287000,1785153440491436000,1785153440491439000,1785153440491439000,1785153440491439000,121932490,121652369,-131.121,0.000,0.000,1.000,3.000,0.000,0.000,0.000,0,0,0
B3_zmq_pushpull,zmq_tcp,none,none,,1,4031,512,584,1785153440492267000,1785153440492268000,1785153440492268000,1785153440492269000,1785153440492422000,1785153440492425000,1785153440492426000,1785153440492426000,121932490,121652369,-127.121,1.000,0.000,1.000,3.000,1.000,0.000,0.000,0,0,0
B3_zmq_pushpull,zmq_tcp,none,none,,1,4032,512,584,1785153440493436000,1785153440493436000,1785153440493436000,1785153440493437000,1785153440493558000,1785153440493561000,1785153440493561000,1785153440493561000,121932490,121652369,-159.121,0.000,0.000,1.000,3.000,0.000,0.000,0.000,0,0,0
B3_zmq_pushpull,zmq_tcp,none,none,,1,4033,512,584,1785153440494392000,1785153440494392000,1785153440494392000,1785153440494393000,1785153440494556000,1785153440494559000,1785153440494559000,1785153440494559000,121932490,121652369,-117.121,0.000,0.000,1.000,3.000,0.000,0.000,0.000,0,0,0
B3_zmq_pushpull,zmq_tcp,none,none,,1,4034,512,584,1785153440495242000,1785153440495242000,1785153440495242000,1785153440495243000,1785153440495397000,1785153440495400000,1785153440495400000,1785153440495400000,121932490,121652369,-126.121,0.000,0.000,1.000,3.000,0.000,0.000,0.000,0,0,0
B3_zmq_pushpull,zmq_tcp,none,none,,1,4035,512,584,1785153440496225000,1785153440496225000,1785153440496225000,1785153440496226000,1785153440496365000,1785153440496368000,1785153440496368000,1785153440496368000,121932490,121652369,-141.121,0.000,0.000,1.000,3.000,0.000,0.000,0.000,0,0,0
B3_zmq_pushpull,zmq_tcp,none,none,,1,4036,512,584,1785153440497278000,1785153440497278000,1785153440497278000,1785153440497280000,1785153440497431000,1785153440497434000,1785153440497434000,1785153440497434000,121932490,121652369,-129.121,0.000,0.000,2.000,3.000,0.000,0.000,0.000,0,0,0
B3_zmq_pushpull,zmq_tcp,none,none,,1,4037,512,584,1785153440498253000,1785153440498253000,1785153440498253000,1785153440498254000,1785153440498395000,1785153440498398000,1785153440498398000,1785153440498398000,121932490,121652369,-139.121,0.000,0.000,1.000,3.000,0.000,0.000,0.000,0,0,0
B3_zmq_pushpull,zmq_tcp,none,none,,1,4038,512,584,1785153440499207000,1785153440499208000,1785153440499208000,1785153440499209000,1785153440499348000,1785153440499351000,1785153440499351000,1785153440499351000,121932490,121652369,-141.121,1.000,0.000,1.000,3.000,0.000,0.000,0.000,0,0,0
B3_zmq_pushpull,zmq_tcp,none,none,,1,4039,512,584,1785153440500207000,1785153440500207000,1785153440500207000,1785153440500208000,1785153440500352000,1785153440500355000,1785153440500355000,1785153440500355000,121932490,121652369,-136.121,0.000,0.000,1.000,3.000,0.000,0.000,0.000,0,0,0
B3_zmq_pushpull,zmq_tcp,none,none,,1,4040,512,584,1785153440501328000,1785153440501328000,1785153440501328000,1785153440501329000,1785153440501485000,1785153440501488000,1785153440501488000,1785153440501488000,121932490,121652369,-124.121,0.000,0.000,1.000,3.000,0.000,0.000,0.000,0,0,0
B3_zmq_pushpull,zmq_tcp,none,none,,1,4041,512,584,1785153440502418000,1785153440502418000,1785153440502418000,1785153440502420000,1785153440502477000,1785153440502481000,1785153440502481000,1785153440502481000,121932490,121652369,-223.121,0.000,0.000,2.000,4.000,0.000,0.000,0.000,0,0,0
B3_zmq_pushpull,zmq_tcp,none,none,,1,4042,512,584,1785153440503397000,1785153440503398000,1785153440503398000,1785153440503399000,1785153440503465000,1785153440503469000,1785153440503469000,1785153440503469000,121932490,121652369,-214.121,1.000,0.000,1.000,4.000,0.000,0.000,0.000,0,0,0
B3_zmq_pushpull,zmq_tcp,none,none,,1,4043,512,584,1785153440504314000,1785153440504315000,1785153440504315000,1785153440504316000,1785153440504463000,1785153440504472000,1785153440504472000,1785153440504472000,121932490,121652369,-133.121,1.000,0.000,1.000,9.000,0.000,0.000,0.000,0,0,0
B3_zmq_pushpull,zmq_tcp,none,none,,1,4044,512,584,1785153440505424000,1785153440505424000,1785153440505424000,1785153440505425000,1785153440505590000,1785153440505593000,1785153440505593000,1785153440505593000,121932490,121652369,-115.121,0.000,0.000,1.000,3.000,0.000,0.000,0.000,0,0,0
B3_zmq_pushpull,zmq_tcp,none,none,,1,4045,512,584,1785153440506392000,1785153440506392000,1785153440506392000,1785153440506393000,1785153440506568000,1785153440506571000,1785153440506571000,1785153440506571000,121932490,121652369,-105.121,0.000,0.000,1.000,3.000,0.000,0.000,0.000,0,0,0
B3_zmq_pushpull,zmq_tcp,none,none,,1,4046,512,584,1785153440507403000,1785153440507403000,1785153440507403000,1785153440507404000,1785153440507565000,1785153440507573000,1785153440507573000,1785153440507573000,121932490,121652369,-119.121,0.000,0.000,1.000,8.000,0.000,0.000,0.000,0,0,0
B3_zmq_pushpull,zmq_tcp,none,none,,1,4047,512,584,1785153440508402000,1785153440508402000,1785153440508402000,1785153440508403000,1785153440508592000,1785153440508599000,1785153440508599000,1785153440508599000,121932490,121652369,-91.121,0.000,0.000,1.000,7.000,0.000,0.000,0.000,0,0,0
B3_zmq_pushpull,zmq_tcp,none,none,,1,4048,512,584,1785153440509402000,1785153440509402000,1785153440509402000,1785153440509403000,1785153440509461000,1785153440509465000,1785153440509465000,1785153440509465000,121932490,121652369,-222.121,0.000,0.000,1.000,4.000,0.000,0.000,0.000,0,0,0
B3_zmq_pushpull,zmq_tcp,none,none,,1,4049,512,584,1785153440510314000,1785153440510314000,1785153440510314000,1785153440510315000,1785153440510470000,1785153440510473000,1785153440510473000,1785153440510473000,121932490,121652369,-125.121,0.000,0.000,1.000,3.000,0.000,0.000,0.000,0,0,0
B3_zmq_pushpull,zmq_tcp,none,none,,1,4050,512,584,1785153440511424000,1785153440511424000,1785153440511424000,1785153440511425000,1785153440511462000,1785153440511465000,1785153440511465000,1785153440511465000,121932490,121652369,-243.121,0.000,0.000,1.000,3.000,0.000,0.000,0.000,0,0,0
B3_zmq_pushpull,zmq_tcp,none,none,,1,4051,512,584,1785153440512396000,1785153440512396000,1785153440512396000,1785153440512397000,1785153440512484000,1785153440512486000,1785153440512486000,1785153440512486000,121932490,121652369,-193.121,0.000,0.000,1.000,2.000,0.000,0.000,0.000,0,0,0
B3_zmq_pushpull,zmq_tcp,none,none,,1,4052,512,584,1785153440513405000,1785153440513405000,1785153440513405000,1785153440513406000,1785153440513516000,1785153440513518000,1785153440513518000,1785153440513518000,121932490,121652369,-170.121,0.000,0.000,1.000,2.000,0.000,0.000,0.000,0,0,0
B3_zmq_pushpull,zmq_tcp,none,none,,1,4053,512,584,1785153440514397000,1785153440514397000,1785153440514397000,1785153440514398000,1785153440514526000,1785153440514529000,1785153440514529000,1785153440514529000,121932490,121652369,-152.121,0.000,0.000,1.000,3.000,0.000,0.000,0.000,0,0,0
B3_zmq_pushpull,zmq_tcp,none,none,,1,4054,512,584,1785153440515405000,1785153440515405000,1785153440515405000,1785153440515406000,1785153440515545000,1785153440515548000,1785153440515548000,1785153440515548000,121932490,121652369,-141.121,0.000,0.000,1.000,3.000,0.000,0.000,0.000,0,0,0
B3_zmq_pushpull,zmq_tcp,none,none,,1,4055,512,584,1785153440516402000,1785153440516402000,1785153440516402000,1785153440516403000,1785153440516554000,1785153440516558000,1785153440516558000,1785153440516558000,121932490,121652369,-129.121,0.000,0.000,1.000,4.000,0.000,0.000,0.000,0,0,0
B3_zmq_pushpull,zmq_tcp,none,none,,1,4056,512,584,1785153440517401000,1785153440517401000,1785153440517401000,1785153440517402000,1785153440517538000,1785153440517541000,1785153440517541000,1785153440517541000,121932490,121652369,-144.121,0.000,0.000,1.000,3.000,0.000,0.000,0.000,0,0,0
B3_zmq_pushpull,zmq_tcp,none,none,,1,4057,512,584,1785153440518399000,1785153440518399000,1785153440518399000,1785153440518400000,1785153440518553000,1785153440518556000,1785153440518556000,1785153440518556000,121932490,121652369,-127.121,0.000,0.000,1.000,3.000,0.000,0.000,0.000,0,0,0
B3_zmq_pushpull,zmq_tcp,none,none,,1,4058,512,584,1785153440519405000,1785153440519406000,1785153440519406000,1785153440519407000,1785153440519560000,1785153440519562000,1785153440519562000,1785153440519562000,121932490,121652369,-127.121,1.000,0.000,1.000,2.000,0.000,0.000,0.000,0,0,0
B3_zmq_pushpull,zmq_tcp,none,none,,1,4059,512,584,1785153440520400000,1785153440520400000,1785153440520400000,1785153440520401000,1785153440520574000,1785153440520577000,1785153440520577000,1785153440520577000,121932490,121652369,-107.121,0.000,0.000,1.000,3.000,0.000,0.000,0.000,0,0,0
B3_zmq_pushpull,zmq_tcp,none,none,,1,4060,512,584,1785153440521402000,1785153440521402000,1785153440521402000,1785153440521403000,1785153440521588000,1785153440521590000,1785153440521590000,1785153440521590000,121932490,121652369,-95.121,0.000,0.000,1.000,2.000,0.000,0.000,0.000,0,0,0
B3_zmq_pushpull,zmq_tcp,none,none,,1,4061,512,584,1785153440522400000,1785153440522400000,1785153440522400000,1785153440522401000,1785153440522597000,1785153440522600000,1785153440522600000,1785153440522600000,121932490,121652369,-84.121,0.000,0.000,1.000,3.000,0.000,0.000,0.000,0,0,0
B3_zmq_pushpull,zmq_tcp,none,none,,1,4062,512,584,1785153440523300000,1785153440523300000,1785153440523300000,1785153440523301000,1785153440523457000,1785153440523460000,1785153440523460000,1785153440523460000,121932490,121652369,-124.121,0.000,0.000,1.000,3.000,0.000,0.000,0.000,0,0,0
B3_zmq_pushpull,zmq_tcp,none,none,,1,4063,512,584,1785153440524426000,1785153440524426000,1785153440524426000,1785153440524427000,1785153440524593000,1785153440524601000,1785153440524601000,1785153440524601000,121932490,121652369,-114.121,0.000,0.000,1.000,8.000,0.000,0.000,0.000,0,0,0
B3_zmq_pushpull,zmq_tcp,none,none,,1,4064,512,584,1785153440525395000,1785153440525395000,1785153440525395000,1785153440525396000,1785153440525454000,1785153440525457000,1785153440525457000,1785153440525457000,121932490,121652369,-222.121,0.000,0.000,1.000,3.000,0.000,0.000,0.000,0,0,0
B3_zmq_pushpull,zmq_tcp,none,none,,1,4065,512,584,1785153440526273000,1785153440526273000,1785153440526274000,1785153440526274000,1785153440526435000,1785153440526437000,1785153440526437000,1785153440526437000,121932490,121652369,-119.121,0.000,1.000,0.000,2.000,0.000,0.000,0.000,0,0,0
B3_zmq_pushpull,zmq_tcp,none,none,,1,4066,512,584,1785153440527436000,1785153440527436000,1785153440527436000,1785153440527437000,1785153440527577000,1785153440527580000,1785153440527580000,1785153440527580000,121932490,121652369,-140.121,0.000,0.000,1.000,3.000,0.000,0.000,0.000,0,0,0
B3_zmq_pushpull,zmq_tcp,none,none,,1,4067,512,584,1785153440528390000,1785153440528390000,1785153440528390000,1785153440528391000,1785153440528578000,1785153440528581000,1785153440528581000,1785153440528581000,121932490,121652369,-93.121,0.000,0.000,1.000,3.000,0.000,0.000,0.000,0,0,0
B3_zmq_pushpull,zmq_tcp,none,none,,1,4068,512,584,1785153440529295000,1785153440529295000,1785153440529295000,1785153440529296000,1785153440529445000,1785153440529448000,1785153440529448000,1785153440529448000,121932490,121652369,-131.121,0.000,0.000,1.000,3.000,0.000,0.000,0.000,0,0,0
B3_zmq_pushpull,zmq_tcp,none,none,,1,4069,512,584,1785153440530428000,1785153440530429000,1785153440530429000,1785153440530430000,1785153440530572000,1785153440530575000,1785153440530575000,1785153440530575000,121932490,121652369,-138.121,1.000,0.000,1.000,3.000,0.000,0.000,0.000,0,0,0
B3_zmq_pushpull,zmq_tcp,none,none,,1,4070,512,584,1785153440531395000,1785153440531395000,1785153440531395000,1785153440531396000,1785153440531560000,1785153440531562000,1785153440531562000,1785153440531562000,121932490,121652369,-116.121,0.000,0.000,1.000,2.000,0.000,0.000,0.000,0,0,0
B3_zmq_pushpull,zmq_tcp,none,none,,1,4071,512,584,1785153440532401000,1785153440532401000,1785153440532401000,1785153440532402000,1785153440532558000,1785153440532561000,1785153440532561000,1785153440532561000,121932490,121652369,-124.121,0.000,0.000,1.000,3.000,0.000,0.000,0.000,0,0,0
B3_zmq_pushpull,zmq_tcp,none,none,,1,4072,512,584,1785153440533402000,1785153440533402000,1785153440533402000,1785153440533403000,1785153440533448000,1785153440533452000,1785153440533452000,1785153440533452000,121932490,121652369,-235.121,0.000,0.000,1.000,4.000,0.000,0.000,0.000,0,0,0
B3_zmq_pushpull,zmq_tcp,none,none,,1,4073,512,584,1785153440534403000,1785153440534403000,1785153440534403000,1785153440534404000,1785153440534477000,1785153440534480000,1785153440534481000,1785153440534481000,121932490,121652369,-207.121,0.000,0.000,1.000,3.000,1.000,0.000,0.000,0,0,0
B3_zmq_pushpull,zmq_tcp,none,none,,1,4074,512,584,1785153440535399000,1785153440535399000,1785153440535399000,1785153440535400000,1785153440535481000,1785153440535484000,1785153440535484000,1785153440535484000,121932490,121652369,-199.121,0.000,0.000,1.000,3.000,0.000,0.000,0.000,0,0,0
B3_zmq_pushpull,zmq_tcp,none,none,,1,4075,512,584,1785153440536403000,1785153440536403000,1785153440536403000,1785153440536404000,1785153440536486000,1785153440536489000,1785153440536489000,1785153440536489000,121932490,121652369,-198.121,0.000,0.000,1.000,3.000,0.000,0.000,0.000,0,0,0
B3_zmq_pushpull,zmq_tcp,none,none,,1,4076,512,584,1785153440537403000,1785153440537403000,1785153440537403000,1785153440537404000,1785153440537492000,1785153440537495000,1785153440537495000,1785153440537495000,121932490,121652369,-192.121,0.000,0.000,1.000,3.000,0.000,0.000,0.000,0,0,0
B3_zmq_pushpull,zmq_tcp,none,none,,1,4077,512,584,1785153440538402000,1785153440538402000,1785153440538402000,1785153440538403000,1785153440538476000,1785153440538478000,1785153440538478000,1785153440538478000,121932490,121652369,-207.121,0.000,0.000,1.000,2.000,0.000,0.000,0.000,0,0,0
B3_zmq_pushpull,zmq_tcp,none,none,,1,4078,512,584,1785153440539399000,1785153440539399000,1785153440539399000,1785153440539400000,1785153440539475000,1785153440539478000,1785153440539478000,1785153440539478000,121932490,121652369,-205.121,0.000,0.000,1.000,3.000,0.000,0.000,0.000,0,0,0
B3_zmq_pushpull,zmq_tcp,none,none,,1,4079,512,584,1785153440540405000,1785153440540405000,1785153440540405000,1785153440540406000,1785153440540477000,1785153440540480000,1785153440540480000,1785153440540480000,121932490,121652369,-209.121,0.000,0.000,1.000,3.000,0.000,0.000,0.000,0,0,0
B3_zmq_pushpull,zmq_tcp,none,none,,1,4080,512,584,1785153440541330000,1785153440541331000,1785153440541331000,1785153440541332000,1785153440541491000,1785153440541493000,1785153440541493000,1785153440541493000,121932490,121652369,-121.121,1.000,0.000,1.000,2.000,0.000,0.000,0.000,0,0,0
B3_zmq_pushpull,zmq_tcp,none,none,,1,4081,512,584,1785153440542419000,1785153440542419000,1785153440542419000,1785153440542420000,1785153440542490000,1785153440542493000,1785153440542493000,1785153440542493000,121932490,121652369,-210.121,0.000,0.000,1.000,3.000,0.000,0.000,0.000,0,0,0
B3_zmq_pushpull,zmq_tcp,none,none,,1,4082,512,584,1785153440543399000,1785153440543399000,1785153440543399000,1785153440543400000,1785153440543490000,1785153440543492000,1785153440543492000,1785153440543492000,121932490,121652369,-190.121,0.000,0.000,1.000,2.000,0.000,0.000,0.000,0,0,0
B3_zmq_pushpull,zmq_tcp,none,none,,1,4083,512,584,1785153440544403000,1785153440544403000,1785153440544403000,1785153440544404000,1785153440544480000,1785153440544483000,1785153440544483000,1785153440544483000,121932490,121652369,-204.121,0.000,0.000,1.000,3.000,0.000,0.000,0.000,0,0,0
B3_zmq_pushpull,zmq_tcp,none,none,,1,4084,512,584,1785153440545402000,1785153440545402000,1785153440545402000,1785153440545403000,1785153440545488000,1785153440545490000,1785153440545490000,1785153440545490000,121932490,121652369,-195.121,0.000,0.000,1.000,2.000,0.000,0.000,0.000,0,0,0
B3_zmq_pushpull,zmq_tcp,none,none,,1,4085,512,584,1785153440546402000,1785153440546402000,1785153440546402000,1785153440546403000,1785153440546486000,1785153440546489000,1785153440546489000,1785153440546489000,121932490,121652369,-197.121,0.000,0.000,1.000,3.000,0.000,0.000,0.000,0,0,0
B3_zmq_pushpull,zmq_tcp,none,none,,1,4086,512,584,1785153440547399000,1785153440547399000,1785153440547399000,1785153440547400000,1785153440547509000,1785153440547512000,1785153440547512000,1785153440547512000,121932490,121652369,-171.121,0.000,0.000,1.000,3.000,0.000,0.000,0.000,0,0,0
B3_zmq_pushpull,zmq_tcp,none,none,,1,4087,512,584,1785153440548403000,1785153440548403000,1785153440548403000,1785153440548404000,1785153440548521000,1785153440548524000,1785153440548524000,1785153440548524000,121932490,121652369,-163.121,0.000,0.000,1.000,3.000,0.000,0.000,0.000,0,0,0
B3_zmq_pushpull,zmq_tcp,none,none,,1,4088,512,584,1785153440549402000,1785153440549402000,1785153440549402000,1785153440549403000,1785153440549538000,1785153440549541000,1785153440549541000,1785153440549541000,121932490,121652369,-145.121,0.000,0.000,1.000,3.000,0.000,0.000,0.000,0,0,0
B3_zmq_pushpull,zmq_tcp,none,none,,1,4089,512,584,1785153440550402000,1785153440550402000,1785153440550402000,1785153440550403000,1785153440550547000,1785153440550549000,1785153440550549000,1785153440550549000,121932490,121652369,-136.121,0.000,0.000,1.000,2.000,0.000,0.000,0.000,0,0,0
B3_zmq_pushpull,zmq_tcp,none,none,,1,4090,512,584,1785153440551398000,1785153440551398000,1785153440551398000,1785153440551399000,1785153440551549000,1785153440551552000,1785153440551552000,1785153440551552000,121932490,121652369,-130.121,0.000,0.000,1.000,3.000,0.000,0.000,0.000,0,0,0
B3_zmq_pushpull,zmq_tcp,none,none,,1,4091,512,584,1785153440552402000,1785153440552402000,1785153440552402000,1785153440552403000,1785153440552527000,1785153440552530000,1785153440552530000,1785153440552530000,121932490,121652369,-156.121,0.000,0.000,1.000,3.000,0.000,0.000,0.000,0,0,0
B3_zmq_pushpull,zmq_tcp,none,none,,1,4092,512,584,1785153440553400000,1785153440553400000,1785153440553401000,1785153440553401000,1785153440553518000,1785153440553521000,1785153440553521000,1785153440553521000,121932490,121652369,-163.121,0.000,1.000,0.000,3.000,0.000,0.000,0.000,0,0,0
B3_zmq_pushpull,zmq_tcp,none,none,,1,4093,512,584,1785153440554213000,1785153440554213000,1785153440554213000,1785153440554214000,1785153440554371000,1785153440554373000,1785153440554373000,1785153440554373000,121932490,121652369,-123.121,0.000,0.000,1.000,2.000,0.000,0.000,0.000,0,0,0
B3_zmq_pushpull,zmq_tcp,none,none,,1,4094,512,584,1785153440555204000,1785153440555204000,1785153440555204000,1785153440555205000,1785153440555348000,1785153440555351000,1785153440555351000,1785153440555351000,121932490,121652369,-137.121,0.000,0.000,1.000,3.000,0.000,0.000,0.000,0,0,0
B3_zmq_pushpull,zmq_tcp,none,none,,1,4095,512,584,1785153440556319000,1785153440556320000,1785153440556320000,1785153440556321000,1785153440556473000,1785153440556476000,1785153440556476000,1785153440556476000,121932490,121652369,-128.121,1.000,0.000,1.000,3.000,0.000,0.000,0.000,0,0,0
B3_zmq_pushpull,zmq_tcp,none,none,,1,4096,512,584,1785153440557311000,1785153440557311000,1785153440557312000,1785153440557313000,1785153440557463000,1785153440557465000,1785153440557465000,1785153440557466000,121932490,121652369,-130.121,0.000,1.000,1.000,2.000,0.000,1.000,0.000,0,0,0
B3_zmq_pushpull,zmq_tcp,none,none,,1,4097,512,584,1785153440558421000,1785153440558421000,1785153440558421000,1785153440558422000,1785153440558577000,1785153440558580000,1785153440558580000,1785153440558580000,121932490,121652369,-125.121,0.000,0.000,1.000,3.000,0.000,0.000,0.000,0,0,0
B3_zmq_pushpull,zmq_tcp,none,none,,1,4098,512,584,1785153440559396000,1785153440559396000,1785153440559396000,1785153440559397000,1785153440559557000,1785153440559560000,1785153440559560000,1785153440559560000,121932490,121652369,-120.121,0.000,0.000,1.000,3.000,0.000,0.000,0.000,0,0,0
B3_zmq_pushpull,zmq_tcp,none,none,,1,4099,512,584,1785153440560402000,1785153440560402000,1785153440560402000,1785153440560403000,1785153440560538000,1785153440560541000,1785153440560541000,1785153440560541000,121932490,121652369,-145.121,0.000,0.000,1.000,3.000,0.000,0.000,0.000,0,0,0
B3_zmq_pushpull,zmq_tcp,none,none,,1,4100,512,584,1785153440561398000,1785153440561398000,1785153440561398000,1785153440561399000,1785153440561512000,1785153440561514000,1785153440561514000,1785153440561514000,121932490,121652369,-167.121,0.000,0.000,1.000,2.000,0.000,0.000,0.000,0,0,0
B3_zmq_pushpull,zmq_tcp,none,none,,1,4101,512,584,1785153440562402000,1785153440562403000,1785153440562403000,1785153440562404000,1785153440562481000,1785153440562484000,1785153440562484000,1785153440562484000,121932490,121652369,-203.121,1.000,0.000,1.000,3.000,0.000,0.000,0.000,0,0,0
B3_zmq_pushpull,zmq_tcp,none,none,,1,4102,512,584,1785153440563403000,1785153440563403000,1785153440563403000,1785153440563404000,1785153440563466000,1785153440563470000,1785153440563470000,1785153440563470000,121932490,121652369,-218.121,0.000,0.000,1.000,4.000,0.000,0.000,0.000,0,0,0
B3_zmq_pushpull,zmq_tcp,none,none,,1,4103,512,584,1785153440564398000,1785153440564398000,1785153440564398000,1785153440564399000,1785153440564582000,1785153440564585000,1785153440564585000,1785153440564585000,121932490,121652369,-97.121,0.000,0.000,1.000,3.000,0.000,0.000,0.000,0,0,0
B3_zmq_pushpull,zmq_tcp,none,none,,1,4104,512,584,1785153440565402000,1785153440565402000,1785153440565402000,1785153440565403000,1785153440565449000,1785153440565453000,1785153440565453000,1785153440565453000,121932490,121652369,-234.121,0.000,0.000,1.000,4.000,0.000,0.000,0.000,0,0,0
B3_zmq_pushpull,zmq_tcp,none,none,,1,4105,512,584,1785153440566401000,1785153440566402000,1785153440566402000,1785153440566403000,1785153440566572000,1785153440566575000,1785153440566575000,1785153440566575000,121932490,121652369,-111.121,1.000,0.000,1.000,3.000,0.000,0.000,0.000,0,0,0
B3_zmq_pushpull,zmq_tcp,none,none,,1,4106,512,584,1785153440567401000,1785153440567401000,1785153440567401000,1785153440567402000,1785153440567555000,1785153440567557000,1785153440567558000,1785153440567558000,121932490,121652369,-127.121,0.000,0.000,1.000,2.000,1.000,0.000,0.000,0,0,0
B3_zmq_pushpull,zmq_tcp,none,none,,1,4107,512,584,1785153440568398000,1785153440568399000,1785153440568399000,1785153440568400000,1785153440568546000,1785153440568551000,1785153440568551000,1785153440568551000,121932490,121652369,-134.121,1.000,0.000,1.000,5.000,0.000,0.000,0.000,0,0,0
B3_zmq_pushpull,zmq_tcp,none,none,,1,4108,512,584,1785153440569231000,1785153440569231000,1785153440569231000,1785153440569233000,1785153440569382000,1785153440569384000,1785153440569384000,1785153440569384000,121932490,121652369,-131.121,0.000,0.000,2.000,2.000,0.000,0.000,0.000,0,0,0
B3_zmq_pushpull,zmq_tcp,none,none,,1,4109,512,584,1785153440570210000,1785153440570210000,1785153440570210000,1785153440570211000,1785153440570355000,1785153440570357000,1785153440570357000,1785153440570357000,121932490,121652369,-136.121,0.000,0.000,1.000,2.000,0.000,0.000,0.000,0,0,0
B3_zmq_pushpull,zmq_tcp,none,none,,1,4110,512,584,1785153440571320000,1785153440571320000,1785153440571320000,1785153440571321000,1785153440571471000,1785153440571474000,1785153440571474000,1785153440571474000,121932490,121652369,-130.121,0.000,0.000,1.000,3.000,0.000,0.000,0.000,0,0,0
B3_zmq_pushpull,zmq_tcp,none,none,,1,4111,512,584,1785153440572312000,1785153440572312000,1785153440572312000,1785153440572313000,1785153440572463000,1785153440572466000,1785153440572466000,1785153440572466000,121932490,121652369,-130.121,0.000,0.000,1.000,3.000,0.000,0.000,0.000,0,0,0
B3_zmq_pushpull,zmq_tcp,none,none,,1,4112,512,584,1785153440573288000,1785153440573288000,1785153440573288000,1785153440573289000,1785153440573440000,1785153440573443000,1785153440573443000,1785153440573443000,121932490,121652369,-129.121,0.000,0.000,1.000,3.000,0.000,0.000,0.000,0,0,0
B3_zmq_pushpull,zmq_tcp,none,none,,1,4113,512,584,1785153440574279000,1785153440574280000,1785153440574280000,1785153440574281000,1785153440574429000,1785153440574432000,1785153440574432000,1785153440574432000,121932490,121652369,-132.121,1.000,0.000,1.000,3.000,0.000,0.000,0.000,0,0,0
B3_zmq_pushpull,zmq_tcp,none,none,,1,4114,512,584,1785153440575263000,1785153440575263000,1785153440575263000,1785153440575264000,1785153440575415000,1785153440575417000,1785153440575417000,1785153440575417000,121932490,121652369,-129.121,0.000,0.000,1.000,2.000,0.000,0.000,0.000,0,0,0
B3_zmq_pushpull,zmq_tcp,none,none,,1,4115,512,584,1785153440576434000,1785153440576434000,1785153440576435000,1785153440576435000,1785153440576531000,1785153440576533000,1785153440576533000,1785153440576534000,121932490,121652369,-184.121,0.000,1.000,0.000,2.000,0.000,1.000,0.000,0,0,0
B3_zmq_pushpull,zmq_tcp,none,none,,1,4116,512,584,1785153440577392000,1785153440577393000,1785153440577393000,1785153440577394000,1785153440577510000,1785153440577512000,1785153440577512000,1785153440577512000,121932490,121652369,-164.121,1.000,0.000,1.000,2.000,0.000,0.000,0.000,0,0,0
B3_zmq_pushpull,zmq_tcp,none,none,,1,4117,512,584,1785153440578403000,1785153440578403000,1785153440578403000,1785153440578404000,1785153440578482000,1785153440578485000,1785153440578485000,1785153440578485000,121932490,121652369,-202.121,0.000,0.000,1.000,3.000,0.000,0.000,0.000,0,0,0
B3_zmq_pushpull,zmq_tcp,none,none,,1,4118,512,584,1785153440579399000,1785153440579399000,1785153440579400000,1785153440579400000,1785153440579471000,1785153440579474000,1785153440579474000,1785153440579474000,121932490,121652369,-209.121,0.000,1.000,0.000,3.000,0.000,0.000,0.000,0,0,0
B3_zmq_pushpull,zmq_tcp,none,none,,1,4119,512,584,1785153440580282000,1785153440580282000,1785153440580282000,1785153440580283000,1785153440580434000,1785153440580436000,1785153440580436000,1785153440580436000,121932490,121652369,-129.121,0.000,0.000,1.000,2.000,0.000,0.000,0.000,0,0,0
B3_zmq_pushpull,zmq_tcp,none,none,,1,4120,512,584,1785153440581261000,1785153440581261000,1785153440581261000,1785153440581262000,1785153440581414000,1785153440581416000,1785153440581416000,1785153440581416000,121932490,121652369,-128.121,0.000,0.000,1.000,2.000,0.000,0.000,0.000,0,0,0
B3_zmq_pushpull,zmq_tcp,none,none,,1,4121,512,584,1785153440582251000,1785153440582252000,1785153440582252000,1785153440582253000,1785153440582402000,1785153440582405000,1785153440582405000,1785153440582405000,121932490,121652369,-131.121,1.000,0.000,1.000,3.000,0.000,0.000,0.000,0,0,0
B3_zmq_pushpull,zmq_tcp,none,none,,1,4122,512,584,1785153440583438000,1785153440583438000,1785153440583438000,1785153440583439000,1785153440583518000,1785153440583520000,1785153440583520000,1785153440583520000,121932490,121652369,-201.121,0.000,0.000,1.000,2.000,0.000,0.000,0.000,0,0,0
B3_zmq_pushpull,zmq_tcp,none,none,,1,4123,512,584,1785153440584394000,1785153440584394000,1785153440584394000,1785153440584395000,1785153440584518000,1785153440584521000,1785153440584521000,1785153440584521000,121932490,121652369,-157.121,0.000,0.000,1.000,3.000,0.000,0.000,0.000,0,0,0
B3_zmq_pushpull,zmq_tcp,none,none,,1,4124,512,584,1785153440585403000,1785153440585403000,1785153440585403000,1785153440585404000,1785153440585499000,1785153440585502000,1785153440585502000,1785153440585502000,121932490,121652369,-185.121,0.000,0.000,1.000,3.000,0.000,0.000,0.000,0,0,0
B3_zmq_pushpull,zmq_tcp,none,none,,1,4125,512,584,1785153440586399000,1785153440586399000,1785153440586399000,1785153440586400000,1785153440586472000,1785153440586476000,1785153440586476000,1785153440586476000,121932490,121652369,-208.121,0.000,0.000,1.000,4.000,0.000,0.000,0.000,0,0,0
B3_zmq_pushpull,zmq_tcp,none,none,,1,4126,512,584,1785153440587282000,1785153440587282000,1785153440587282000,1785153440587283000,1785153440587436000,1785153440587439000,1785153440587439000,1785153440587439000,121932490,121652369,-127.121,0.000,0.000,1.000,3.000,0.000,0.000,0.000,0,0,0
B3_zmq_pushpull,zmq_tcp,none,none,,1,4127,512,584,1785153440588276000,1785153440588276000,1785153440588276000,1785153440588277000,1785153440588428000,1785153440588431000,1785153440588431000,1785153440588431000,121932490,121652369,-129.121,0.000,0.000,1.000,3.000,0.000,0.000,0.000,0,0,0
B3_zmq_pushpull,zmq_tcp,none,none,,1,4128,512,584,1785153440589250000,1785153440589250000,1785153440589250000,1785153440589251000,1785153440589407000,1785153440589409000,1785153440589410000,1785153440589410000,121932490,121652369,-124.121,0.000,0.000,1.000,2.000,1.000,0.000,0.000,0,0,0
B3_zmq_pushpull,zmq_tcp,none,none,,1,4129,512,584,1785153440590236000,1785153440590236000,1785153440590236000,1785153440590237000,1785153440590394000,1785153440590396000,1785153440590396000,1785153440590396000,121932490,121652369,-123.121,0.000,0.000,1.000,2.000,0.000,0.000,0.000,0,0,0
B3_zmq_pushpull,zmq_tcp,none,none,,1,4130,512,584,1785153440591442000,1785153440591442000,1785153440591442000,1785153440591443000,1785153440591511000,1785153440591514000,1785153440591514000,1785153440591514000,121932490,121652369,-212.121,0.000,0.000,1.000,3.000,0.000,0.000,0.000,0,0,0
B3_zmq_pushpull,zmq_tcp,none,none,,1,4131,512,584,1785153440592392000,1785153440592393000,1785153440592393000,1785153440592394000,1785153440592470000,1785153440592473000,1785153440592473000,1785153440592473000,121932490,121652369,-204.121,1.000,0.000,1.000,3.000,0.000,0.000,0.000,0,0,0
B3_zmq_pushpull,zmq_tcp,none,none,,1,4132,512,584,1785153440593399000,1785153440593399000,1785153440593399000,1785153440593400000,1785153440593471000,1785153440593474000,1785153440593474000,1785153440593474000,121932490,121652369,-209.121,0.000,0.000,1.000,3.000,0.000,0.000,0.000,0,0,0
B3_zmq_pushpull,zmq_tcp,none,none,,1,4133,512,584,1785153440594403000,1785153440594403000,1785153440594403000,1785153440594404000,1785153440594449000,1785153440594453000,1785153440594453000,1785153440594453000,121932490,121652369,-235.121,0.000,0.000,1.000,4.000,0.000,0.000,0.000,0,0,0
B3_zmq_pushpull,zmq_tcp,none,none,,1,4134,512,584,1785153440595402000,1785153440595402000,1785153440595402000,1785153440595403000,1785153440595593000,1785153440595596000,1785153440595596000,1785153440595596000,121932490,121652369,-90.121,0.000,0.000,1.000,3.000,0.000,0.000,0.000,0,0,0
B3_zmq_pushpull,zmq_tcp,none,none,,1,4135,512,584,1785153440596399000,1785153440596399000,1785153440596399000,1785153440596400000,1785153440596451000,1785153440596454000,1785153440596454000,1785153440596454000,121932490,121652369,-229.121,0.000,0.000,1.000,3.000,0.000,0.000,0.000,0,0,0
B3_zmq_pushpull,zmq_tcp,none,none,,1,4136,512,584,1785153440597402000,1785153440597402000,1785153440597402000,1785153440597403000,1785153440597586000,1785153440597588000,1785153440597588000,1785153440597588000,121932490,121652369,-97.121,0.000,0.000,1.000,2.000,0.000,0.000,0.000,0,0,0
B3_zmq_pushpull,zmq_tcp,none,none,,1,4137,512,584,1785153440598287000,1785153440598287000,1785153440598287000,1785153440598288000,1785153440598441000,1785153440598444000,1785153440598444000,1785153440598444000,121932490,121652369,-127.121,0.000,0.000,1.000,3.000,0.000,0.000,0.000,0,0,0
B3_zmq_pushpull,zmq_tcp,none,none,,1,4138,512,584,1785153440599282000,1785153440599282000,1785153440599282000,1785153440599283000,1785153440599434000,1785153440599436000,1785153440599436000,1785153440599436000,121932490,121652369,-129.121,0.000,0.000,1.000,2.000,0.000,0.000,0.000,0,0,0
B3_zmq_pushpull,zmq_tcp,none,none,,1,4139,512,584,1785153440600270000,1785153440600270000,1785153440600271000,1785153440600271000,1785153440600422000,1785153440600425000,1785153440600425000,1785153440600425000,121932490,121652369,-129.121,0.000,1.000,0.000,3.000,0.000,0.000,0.000,0,0,0
B3_zmq_pushpull,zmq_tcp,none,none,,1,4140,512,584,1785153440601233000,1785153440601233000,1785153440601233000,1785153440601234000,1785153440601387000,1785153440601389000,1785153440601389000,1785153440601389000,121932490,121652369,-127.121,0.000,0.000,1.000,2.000,0.000,0.000,0.000,0,0,0
B3_zmq_pushpull,zmq_tcp,none,none,,1,4141,512,584,1785153440602448000,1785153440602448000,1785153440602448000,1785153440602449000,1785153440602529000,1785153440602532000,1785153440602532000,1785153440602532000,121932490,121652369,-200.121,0.000,0.000,1.000,3.000,0.000,0.000,0.000,0,0,0
B3_zmq_pushpull,zmq_tcp,none,none,,1,4142,512,584,1785153440603238000,1785153440603239000,1785153440603239000,1785153440603240000,1785153440603396000,1785153440603399000,1785153440603399000,1785153440603399000,121932490,121652369,-124.121,1.000,0.000,1.000,3.000,0.000,0.000,0.000,0,0,0
B3_zmq_pushpull,zmq_tcp,none,none,,1,4143,512,584,1785153440604243000,1785153440604243000,1785153440604243000,1785153440604244000,1785153440604400000,1785153440604403000,1785153440604403000,1785153440604403000,121932490,121652369,-124.121,0.000,0.000,1.000,3.000,0.000,0.000,0.000,0,0,0
B3_zmq_pushpull,zmq_tcp,none,none,,1,4144,512,584,1785153440605441000,1785153440605441000,1785153440605441000,1785153440605442000,1785153440605527000,1785153440605530000,1785153440605530000,1785153440605530000,121932490,121652369,-195.121,0.000,0.000,1.000,3.000,0.000,0.000,0.000,0,0,0
B3_zmq_pushpull,zmq_tcp,none,none,,1,4145,512,584,1785153440606391000,1785153440606391000,1785153440606391000,1785153440606392000,1785153440606527000,1785153440606530000,1785153440606530000,1785153440606530000,121932490,121652369,-145.121,0.000,0.000,1.000,3.000,0.000,0.000,0.000,0,0,0
B3_zmq_pushpull,zmq_tcp,none,none,,1,4146,512,584,1785153440607403000,1785153440607404000,1785153440607404000,1785153440607405000,1785153440607523000,1785153440607526000,1785153440607526000,1785153440607526000,121932490,121652369,-162.121,1.000,0.000,1.000,3.000,0.000,0.000,0.000,0,0,0
B3_zmq_pushpull,zmq_tcp,none,none,,1,4147,512,584,1785153440608401000,1785153440608401000,1785153440608401000,1785153440608402000,1785153440608511000,1785153440608514000,1785153440608514000,1785153440608514000,121932490,121652369,-171.121,0.000,0.000,1.000,3.000,0.000,0.000,0.000,0,0,0
B3_zmq_pushpull,zmq_tcp,none,none,,1,4148,512,584,1785153440609402000,1785153440609402000,1785153440609402000,1785153440609403000,1785153440609495000,1785153440609498000,1785153440609498000,1785153440609498000,121932490,121652369,-188.121,0.000,0.000,1.000,3.000,0.000,0.000,0.000,0,0,0
B3_zmq_pushpull,zmq_tcp,none,none,,1,4149,512,584,1785153440610398000,1785153440610398000,1785153440610398000,1785153440610399000,1785153440610482000,1785153440610484000,1785153440610485000,1785153440610485000,121932490,121652369,-197.121,0.000,0.000,1.000,2.000,1.000,0.000,0.000,0,0,0
B3_zmq_pushpull,zmq_tcp,none,none,,1,4150,512,584,1785153440611402000,1785153440611402000,1785153440611402000,1785153440611403000,1785153440611477000,1785153440611480000,1785153440611480000,1785153440611480000,121932490,121652369,-206.121,0.000,0.000,1.000,3.000,0.000,0.000,0.000,0,0,0
B3_zmq_pushpull,zmq_tcp,none,none,,1,4151,512,584,1785153440612403000,1785153440612403000,1785153440612403000,1785153440612404000,1785153440612619000,1785153440612622000,1785153440612622000,1785153440612622000,121932490,121652369,-65.121,0.000,0.000,1.000,3.000,0.000,0.000,0.000,0,0,0
B3_zmq_pushpull,zmq_tcp,none,none,,1,4152,512,584,1785153440613397000,1785153440613397000,1785153440613397000,1785153440613398000,1785153440613457000,1785153440613459000,1785153440613459000,1785153440613459000,121932490,121652369,-221.121,0.000,0.000,1.000,2.000,0.000,0.000,0.000,0,0,0
B3_zmq_pushpull,zmq_tcp,none,none,,1,4153,512,584,1785153440614402000,1785153440614402000,1785153440614402000,1785153440614403000,1785153440614448000,1785153440614452000,1785153440614452000,1785153440614452000,121932490,121652369,-235.121,0.000,0.000,1.000,4.000,0.000,0.000,0.000,0,0,0
B3_zmq_pushpull,zmq_tcp,none,none,,1,4154,512,584,1785153440615267000,1785153440615267000,1785153440615267000,1785153440615268000,1785153440615419000,1785153440615422000,1785153440615422000,1785153440615422000,121932490,121652369,-129.121,0.000,0.000,1.000,3.000,0.000,0.000,0.000,0,0,0
B3_zmq_pushpull,zmq_tcp,none,none,,1,4155,512,584,1785153440616435000,1785153440616436000,1785153440616436000,1785153440616437000,1785153440616540000,1785153440616543000,1785153440616543000,1785153440616543000,121932490,121652369,-177.121,1.000,0.000,1.000,3.000,0.000,0.000,0.000,0,0,0
B3_zmq_pushpull,zmq_tcp,none,none,,1,4156,512,584,1785153440617389000,1785153440617389000,1785153440617389000,1785153440617390000,1785153440617542000,1785153440617544000,1785153440617544000,1785153440617544000,121932490,121652369,-128.121,0.000,0.000,1.000,2.000,0.000,0.000,0.000,0,0,0
B3_zmq_pushpull,zmq_tcp,none,none,,1,4157,512,584,1785153440618405000,1785153440618405000,1785153440618405000,1785153440618406000,1785153440618546000,1785153440618548000,1785153440618548000,1785153440618548000,121932490,121652369,-140.121,0.000,0.000,1.000,2.000,0.000,0.000,0.000,0,0,0
B3_zmq_pushpull,zmq_tcp,none,none,,1,4158,512,584,1785153440619401000,1785153440619401000,1785153440619401000,1785153440619402000,1785153440619532000,1785153440619535000,1785153440619535000,1785153440619535000,121932490,121652369,-150.121,0.000,0.000,1.000,3.000,0.000,0.000,0.000,0,0,0
B3_zmq_pushpull,zmq_tcp,none,none,,1,4159,512,584,1785153440620407000,1785153440620407000,1785153440620407000,1785153440620409000,1785153440620536000,1785153440620540000,1785153440620540000,1785153440620540000,121932490,121652369,-153.121,0.000,0.000,2.000,4.000,0.000,0.000,0.000,0,0,0
B3_zmq_pushpull,zmq_tcp,none,none,,1,4160,512,584,1785153440621207000,1785153440621207000,1785153440621207000,1785153440621209000,1785153440621364000,1785153440621368000,1785153440621368000,1785153440621368000,121932490,121652369,-125.121,0.000,0.000,2.000,4.000,0.000,0.000,0.000,0,0,0
B3_zmq_pushpull,zmq_tcp,none,none,,1,4161,512,584,1785153440622218000,1785153440622218000,1785153440622218000,1785153440622219000,1785153440622366000,1785153440622368000,1785153440622368000,1785153440622368000,121932490,121652369,-133.121,0.000,0.000,1.000,2.000,0.000,0.000,0.000,0,0,0
B3_zmq_pushpull,zmq_tcp,none,none,,1,4162,512,584,1785153440623451000,1785153440623451000,1785153440623451000,1785153440623452000,1785153440623631000,1785153440623633000,1785153440623633000,1785153440623634000,121932490,121652369,-101.121,0.000,0.000,1.000,2.000,0.000,1.000,0.000,0,0,0
B3_zmq_pushpull,zmq_tcp,none,none,,1,4163,512,584,1785153440624390000,1785153440624390000,1785153440624390000,1785153440624391000,1785153440624503000,1785153440624506000,1785153440624506000,1785153440624506000,121932490,121652369,-168.121,0.000,0.000,1.000,3.000,0.000,0.000,0.000,0,0,0
B3_zmq_pushpull,zmq_tcp,none,none,,1,4164,512,584,1785153440625406000,1785153440625406000,1785153440625406000,1785153440625407000,1785153440625494000,1785153440625497000,1785153440625497000,1785153440625497000,121932490,121652369,-193.121,0.000,0.000,1.000,3.000,0.000,0.000,0.000,0,0,0
B3_zmq_pushpull,zmq_tcp,none,none,,1,4165,512,584,1785153440626402000,1785153440626402000,1785153440626402000,1785153440626403000,1785153440626494000,1785153440626496000,1785153440626496000,1785153440626496000,121932490,121652369,-189.121,0.000,0.000,1.000,2.000,0.000,0.000,0.000,0,0,0
B3_zmq_pushpull,zmq_tcp,none,none,,1,4166,512,584,1785153440627401000,1785153440627401000,1785153440627401000,1785153440627402000,1785153440627458000,1785153440627461000,1785153440627461000,1785153440627461000,121932490,121652369,-224.121,0.000,0.000,1.000,3.000,0.000,0.000,0.000,0,0,0
B3_zmq_pushpull,zmq_tcp,none,none,,1,4167,512,584,1785153440628398000,1785153440628398000,1785153440628398000,1785153440628399000,1785153440628444000,1785153440628448000,1785153440628448000,1785153440628448000,121932490,121652369,-235.121,0.000,0.000,1.000,4.000,0.000,0.000,0.000,0,0,0
B3_zmq_pushpull,zmq_tcp,none,none,,1,4168,512,584,1785153440629402000,1785153440629402000,1785153440629402000,1785153440629403000,1785153440629569000,1785153440629571000,1785153440629571000,1785153440629571000,121932490,121652369,-114.121,0.000,0.000,1.000,2.000,0.000,0.000,0.000,0,0,0
B3_zmq_pushpull,zmq_tcp,none,none,,1,4169,512,584,1785153440630402000,1785153440630402000,1785153440630402000,1785153440630403000,1785153440630562000,1785153440630566000,1785153440630566000,1785153440630566000,121932490,121652369,-121.121,0.000,0.000,1.000,4.000,0.000,0.000,0.000,0,0,0
B3_zmq_pushpull,zmq_tcp,none,none,,1,4170,512,584,1785153440631398000,1785153440631398000,1785153440631398000,1785153440631399000,1785153440631564000,1785153440631567000,1785153440631567000,1785153440631567000,121932490,121652369,-115.121,0.000,0.000,1.000,3.000,0.000,0.000,0.000,0,0,0
B3_zmq_pushpull,zmq_tcp,none,none,,1,4171,512,584,1785153440632403000,1785153440632403000,1785153440632403000,1785153440632404000,1785153440632570000,1785153440632573000,1785153440632573000,1785153440632573000,121932490,121652369,-114.121,0.000,0.000,1.000,3.000,0.000,0.000,0.000,0,0,0
B3_zmq_pushpull,zmq_tcp,none,none,,1,4172,512,584,1785153440633401000,1785153440633401000,1785153440633401000,1785153440633402000,1785153440633567000,1785153440633570000,1785153440633570000,1785153440633570000,121932490,121652369,-115.121,0.000,0.000,1.000,3.000,0.000,0.000,0.000,0,0,0
B3_zmq_pushpull,zmq_tcp,none,none,,1,4173,512,584,1785153440634265000,1785153440634265000,1785153440634265000,1785153440634266000,1785153440634427000,1785153440634430000,1785153440634430000,1785153440634430000,121932490,121652369,-119.121,0.000,0.000,1.000,3.000,0.000,0.000,0.000,0,0,0
B3_zmq_pushpull,zmq_tcp,none,none,,1,4174,512,584,1785153440635434000,1785153440635434000,1785153440635434000,1785153440635435000,1785153440635549000,1785153440635553000,1785153440635553000,1785153440635553000,121932490,121652369,-166.121,0.000,0.000,1.000,4.000,0.000,0.000,0.000,0,0,0
B3_zmq_pushpull,zmq_tcp,none,none,,1,4175,512,584,1785153440636393000,1785153440636393000,1785153440636393000,1785153440636394000,1785153440636527000,1785153440636530000,1785153440636530000,1785153440636530000,121932490,121652369,-147.121,0.000,0.000,1.000,3.000,0.000,0.000,0.000,0,0,0
B3_zmq_pushpull,zmq_tcp,none,none,,1,4176,512,584,1785153440637403000,1785153440637404000,1785153440637404000,1785153440637405000,1785153440637498000,1785153440637501000,1785153440637501000,1785153440637501000,121932490,121652369,-187.121,1.000,0.000,1.000,3.000,0.000,0.000,0.000,0,0,0
B3_zmq_pushpull,zmq_tcp,none,none,,1,4177,512,584,1785153440638323000,1785153440638323000,1785153440638323000,1785153440638324000,1785153440638480000,1785153440638483000,1785153440638483000,1785153440638483000,121932490,121652369,-124.121,0.000,0.000,1.000,3.000,0.000,0.000,0.000,0,0,0
B3_zmq_pushpull,zmq_tcp,none,none,,1,4178,512,584,1785153440639309000,1785153440639309000,1785153440639310000,1785153440639310000,1785153440639453000,1785153440639456000,1785153440639456000,1785153440639456000,121932490,121652369,-137.121,0.000,1.000,0.000,3.000,0.000,0.000,0.000,0,0,0
B3_zmq_pushpull,zmq_tcp,none,none,,1,4179,512,584,1785153440640426000,1785153440640426000,1785153440640426000,1785153440640427000,1785153440640554000,1785153440640557000,1785153440640557000,1785153440640557000,121932490,121652369,-153.121,0.000,0.000,1.000,3.000,0.000,0.000,0.000,0,0,0
B3_zmq_pushpull,zmq_tcp,none,none,,1,4180,512,584,1785153440641397000,1785153440641397000,1785153440641397000,1785153440641398000,1785153440641538000,1785153440641541000,1785153440641541000,1785153440641541000,121932490,121652369,-140.121,0.000,0.000,1.000,3.000,0.000,0.000,0.000,0,0,0
B3_zmq_pushpull,zmq_tcp,none,none,,1,4181,512,584,1785153440642237000,1785153440642237000,1785153440642237000,1785153440642238000,1785153440642395000,1785153440642398000,1785153440642398000,1785153440642398000,121932490,121652369,-123.121,0.000,0.000,1.000,3.000,0.000,0.000,0.000,0,0,0
B3_zmq_pushpull,zmq_tcp,none,none,,1,4182,512,584,1785153440643445000,1785153440643445000,1785153440643445000,1785153440643446000,1785153440643532000,1785153440643537000,1785153440643537000,1785153440643537000,121932490,121652369,-194.121,0.000,0.000,1.000,5.000,0.000,0.000,0.000,0,0,0
B3_zmq_pushpull,zmq_tcp,none,none,,1,4183,512,584,1785153440644389000,1785153440644389000,1785153440644389000,1785153440644390000,1785153440644535000,1785153440644539000,1785153440644539000,1785153440644539000,121932490,121652369,-135.121,0.000,0.000,1.000,4.000,0.000,0.000,0.000,0,0,0
B3_zmq_pushpull,zmq_tcp,none,none,,1,4184,512,584,1785153440645406000,1785153440645406000,1785153440645406000,1785153440645407000,1785153440645507000,1785153440645510000,1785153440645510000,1785153440645510000,121932490,121652369,-180.121,0.000,0.000,1.000,3.000,0.000,0.000,0.000,0,0,0
B3_zmq_pushpull,zmq_tcp,none,none,,1,4185,512,584,1785153440646401000,1785153440646401000,1785153440646401000,1785153440646402000,1785153440646477000,1785153440646480000,1785153440646480000,1785153440646480000,121932490,121652369,-205.121,0.000,0.000,1.000,3.000,0.000,0.000,0.000,0,0,0
B3_zmq_pushpull,zmq_tcp,none,none,,1,4186,512,584,1785153440647403000,1785153440647403000,1785153440647403000,1785153440647404000,1785153440647591000,1785153440647594000,1785153440647594000,1785153440647594000,121932490,121652369,-93.121,0.000,0.000,1.000,3.000,0.000,0.000,0.000,0,0,0
B3_zmq_pushpull,zmq_tcp,none,none,,1,4187,512,584,1785153440648403000,1785153440648404000,1785153440648404000,1785153440648405000,1785153440648565000,1785153440648568000,1785153440648568000,1785153440648568000,121932490,121652369,-120.121,1.000,0.000,1.000,3.000,0.000,0.000,0.000,0,0,0
B3_zmq_pushpull,zmq_tcp,none,none,,1,4188,512,584,1785153440649401000,1785153440649401000,1785153440649401000,1785153440649402000,1785153440649526000,1785153440649528000,1785153440649529000,1785153440649529000,121932490,121652369,-156.121,0.000,0.000,1.000,2.000,1.000,0.000,0.000,0,0,0
B3_zmq_pushpull,zmq_tcp,none,none,,1,4189,512,584,1785153440650402000,1785153440650402000,1785153440650402000,1785153440650403000,1785153440650494000,1785153440650496000,1785153440650497000,1785153440650497000,121932490,121652369,-189.121,0.000,0.000,1.000,2.000,1.000,0.000,0.000,0,0,0
B3_zmq_pushpull,zmq_tcp,none,none,,1,4190,512,584,1785153440651401000,1785153440651401000,1785153440651401000,1785153440651402000,1785153440651495000,1785153440651498000,1785153440651498000,1785153440651498000,121932490,121652369,-187.121,0.000,0.000,1.000,3.000,0.000,0.000,0.000,0,0,0
B3_zmq_pushpull,zmq_tcp,none,none,,1,4191,512,584,1785153440652398000,1785153440652398000,1785153440652398000,1785153440652399000,1785153440652484000,1785153440652486000,1785153440652486000,1785153440652486000,121932490,121652369,-195.121,0.000,0.000,1.000,2.000,0.000,0.000,0.000,0,0,0
B3_zmq_pushpull,zmq_tcp,none,none,,1,4192,512,584,1785153440653404000,1785153440653404000,1785153440653404000,1785153440653405000,1785153440653477000,1785153440653479000,1785153440653480000,1785153440653480000,121932490,121652369,-208.121,0.000,0.000,1.000,2.000,1.000,0.000,0.000,0,0,0
B3_zmq_pushpull,zmq_tcp,none,none,,1,4193,512,584,1785153440654403000,1785153440654403000,1785153440654403000,1785153440654404000,1785153440654466000,1785153440654469000,1785153440654469000,1785153440654469000,121932490,121652369,-218.121,0.000,0.000,1.000,3.000,0.000,0.000,0.000,0,0,0
B3_zmq_pushpull,zmq_tcp,none,none,,1,4194,512,584,1785153440655403000,1785153440655404000,1785153440655404000,1785153440655405000,1785153440655456000,1785153440655459000,1785153440655460000,1785153440655460000,121932490,121652369,-229.121,1.000,0.000,1.000,3.000,1.000,0.000,0.000,0,0,0
B3_zmq_pushpull,zmq_tcp,none,none,,1,4195,512,584,1785153440656269000,1785153440656269000,1785153440656269000,1785153440656270000,1785153440656411000,1785153440656415000,1785153440656415000,1785153440656415000,121932490,121652369,-139.121,0.000,0.000,1.000,4.000,0.000,0.000,0.000,0,0,0
B3_zmq_pushpull,zmq_tcp,none,none,,1,4196,512,584,1785153440657436000,1785153440657436000,1785153440657436000,1785153440657437000,1785153440657497000,1785153440657501000,1785153440657501000,1785153440657501000,121932490,121652369,-220.121,0.000,0.000,1.000,4.000,0.000,0.000,0.000,0,0,0
B3_zmq_pushpull,zmq_tcp,none,none,,1,4197,512,584,1785153440658390000,1785153440658390000,1785153440658391000,1785153440658391000,1785153440658507000,1785153440658511000,1785153440658511000,1785153440658511000,121932490,121652369,-164.121,0.000,1.000,0.000,4.000,0.000,0.000,0.000,0,0,0
B3_zmq_pushpull,zmq_tcp,none,none,,1,4198,512,584,1785153440659408000,1785153440659408000,1785153440659408000,1785153440659409000,1785153440659507000,1785153440659510000,1785153440659510000,1785153440659510000,121932490,121652369,-182.121,0.000,0.000,1.000,3.000,0.000,0.000,0.000,0,0,0
B3_zmq_pushpull,zmq_tcp,none,none,,1,4199,512,584,1785153440660400000,1785153440660400000,1785153440660400000,1785153440660401000,1785153440660504000,1785153440660507000,1785153440660507000,1785153440660507000,121932490,121652369,-177.121,0.000,0.000,1.000,3.000,0.000,0.000,0.000,0,0,0
B3_zmq_pushpull,zmq_tcp,none,none,,1,4200,512,584,1785153440661405000,1785153440661405000,1785153440661405000,1785153440661406000,1785153440661489000,1785153440661492000,1785153440661492000,1785153440661492000,121932490,121652369,-197.121,0.000,0.000,1.000,3.000,0.000,0.000,0.000,0,0,0
B3_zmq_pushpull,zmq_tcp,none,none,,1,4201,512,584,1785153440662402000,1785153440662402000,1785153440662402000,1785153440662403000,1785153440662477000,1785153440662480000,1785153440662480000,1785153440662480000,121932490,121652369,-206.121,0.000,0.000,1.000,3.000,0.000,0.000,0.000,0,0,0
B3_zmq_pushpull,zmq_tcp,none,none,,1,4202,512,584,1785153440663403000,1785153440663403000,1785153440663403000,1785153440663404000,1785153440663603000,1785153440663607000,1785153440663607000,1785153440663607000,121932490,121652369,-81.121,0.000,0.000,1.000,4.000,0.000,0.000,0.000,0,0,0
B3_zmq_pushpull,zmq_tcp,none,none,,1,4203,512,584,1785153440664405000,1785153440664405000,1785153440664405000,1785153440664406000,1785153440664465000,1785153440664468000,1785153440664468000,1785153440664468000,121932490,121652369,-221.121,0.000,0.000,1.000,3.000,0.000,0.000,0.000,0,0,0
B3_zmq_pushpull,zmq_tcp,none,none,,1,4204,512,584,1785153440665403000,1785153440665403000,1785153440665403000,1785153440665404000,1785153440665593000,1785153440665595000,1785153440665595000,1785153440665595000,121932490,121652369,-91.121,0.000,0.000,1.000,2.000,0.000,0.000,0.000,0,0,0
B3_zmq_pushpull,zmq_tcp,none,none,,1,4205,512,584,1785153440666404000,1785153440666404000,1785153440666404000,1785153440666405000,1785153440666581000,1785153440666583000,1785153440666583000,1785153440666583000,121932490,121652369,-104.121,0.000,0.000,1.000,2.000,0.000,0.000,0.000,0,0,0
B3_zmq_pushpull,zmq_tcp,none,none,,1,4206,512,584,1785153440667403000,1785153440667403000,1785153440667403000,1785153440667404000,1785153440667577000,1785153440667579000,1785153440667579000,1785153440667579000,121932490,121652369,-107.121,0.000,0.000,1.000,2.000,0.000,0.000,0.000,0,0,0
B3_zmq_pushpull,zmq_tcp,none,none,,1,4207,512,584,1785153440668401000,1785153440668401000,1785153440668401000,1785153440668402000,1785153440668566000,1785153440668569000,1785153440668569000,1785153440668569000,121932490,121652369,-116.121,0.000,0.000,1.000,3.000,0.000,0.000,0.000,0,0,0
B3_zmq_pushpull,zmq_tcp,none,none,,1,4208,512,584,1785153440669268000,1785153440669268000,1785153440669268000,1785153440669269000,1785153440669423000,1785153440669426000,1785153440669426000,1785153440669426000,121932490,121652369,-126.121,0.000,0.000,1.000,3.000,0.000,0.000,0.000,0,0,0
B3_zmq_pushpull,zmq_tcp,none,none,,1,4209,512,584,1785153440670225000,1785153440670226000,1785153440670226000,1785153440670227000,1785153440670381000,1785153440670383000,1785153440670383000,1785153440670383000,121932490,121652369,-126.121,1.000,0.000,1.000,2.000,0.000,0.000,0.000,0,0,0
B3_zmq_pushpull,zmq_tcp,none,none,,1,4210,512,584,1785153440671445000,1785153440671446000,1785153440671446000,1785153440671447000,1785153440671498000,1785153440671501000,1785153440671501000,1785153440671501000,121932490,121652369,-229.121,1.000,0.000,1.000,3.000,0.000,0.000,0.000,0,0,0
B3_zmq_pushpull,zmq_tcp,none,none,,1,4211,512,584,1785153440672390000,1785153440672391000,1785153440672391000,1785153440672392000,1785153440672493000,1785153440672497000,1785153440672497000,1785153440672497000,121932490,121652369,-179.121,1.000,0.000,1.000,4.000,0.000,0.000,0.000,0,0,0
B3_zmq_pushpull,zmq_tcp,none,none,,1,4212,512,584,1785153440673320000,1785153440673320000,1785153440673320000,1785153440673321000,1785153440673478000,1785153440673481000,1785153440673481000,1785153440673481000,121932490,121652369,-123.121,0.000,0.000,1.000,3.000,0.000,0.000,0.000,0,0,0
B3_zmq_pushpull,zmq_tcp,none,none,,1,4213,512,584,1785153440674318000,1785153440674318000,1785153440674318000,1785153440674319000,1785153440674479000,1785153440674482000,1785153440674482000,1785153440674482000,121932490,121652369,-120.121,0.000,0.000,1.000,3.000,0.000,0.000,0.000,0,0,0
B3_zmq_pushpull,zmq_tcp,none,none,,1,4214,512,584,1785153440675425000,1785153440675425000,1785153440675425000,1785153440675426000,1785153440675614000,1785153440675617000,1785153440675617000,1785153440675617000,121932490,121652369,-92.121,0.000,0.000,1.000,3.000,0.000,0.000,0.000,0,0,0
B3_zmq_pushpull,zmq_tcp,none,none,,1,4215,512,584,1785153440676396000,1785153440676396000,1785153440676396000,1785153440676397000,1785153440676449000,1785153440676452000,1785153440676452000,1785153440676452000,121932490,121652369,-228.121,0.000,0.000,1.000,3.000,0.000,0.000,0.000,0,0,0
B3_zmq_pushpull,zmq_tcp,none,none,,1,4216,512,584,1785153440677404000,1785153440677404000,1785153440677404000,1785153440677405000,1785153440677577000,1785153440677579000,1785153440677579000,1785153440677579000,121932490,121652369,-108.121,0.000,0.000,1.000,2.000,0.000,0.000,0.000,0,0,0
B3_zmq_pushpull,zmq_tcp,none,none,,1,4217,512,584,1785153440678401000,1785153440678401000,1785153440678401000,1785153440678402000,1785153440678570000,1785153440678573000,1785153440678573000,1785153440678573000,121932490,121652369,-112.121,0.000,0.000,1.000,3.000,0.000,0.000,0.000,0,0,0
B3_zmq_pushpull,zmq_tcp,none,none,,1,4218,512,584,1785153440679279000,1785153440679279000,1785153440679279000,1785153440679280000,1785153440679435000,1785153440679438000,1785153440679438000,1785153440679438000,121932490,121652369,-125.121,0.000,0.000,1.000,3.000,0.000,0.000,0.000,0,0,0
B3_zmq_pushpull,zmq_tcp,none,none,,1,4219,512,584,1785153440680284000,1785153440680284000,1785153440680285000,1785153440680285000,1785153440680444000,1785153440680447000,1785153440680447000,1785153440680447000,121932490,121652369,-121.121,0.000,1.000,0.000,3.000,0.000,0.000,0.000,0,0,0
B3_zmq_pushpull,zmq_tcp,none,none,,1,4220,512,584,1785153440681294000,1785153440681294000,1785153440681294000,1785153440681295000,1785153440681451000,1785153440681454000,1785153440681454000,1785153440681454000,121932490,121652369,-124.121,0.000,0.000,1.000,3.000,0.000,0.000,0.000,0,0,0
B3_zmq_pushpull,zmq_tcp,none,none,,1,4221,512,584,1785153440682291000,1785153440682291000,1785153440682291000,1785153440682292000,1785153440682455000,1785153440682460000,1785153440682460000,1785153440682460000,121932490,121652369,-117.121,0.000,0.000,1.000,5.000,0.000,0.000,0.000,0,0,0
B3_zmq_pushpull,zmq_tcp,none,none,,1,4222,512,584,1785153440683305000,1785153440683305000,1785153440683305000,1785153440683307000,1785153440683461000,1785153440683464000,1785153440683464000,1785153440683464000,121932490,121652369,-126.121,0.000,0.000,2.000,3.000,0.000,0.000,0.000,0,0,0
B3_zmq_pushpull,zmq_tcp,none,none,,1,4223,512,584,1785153440684425000,1785153440684426000,1785153440684426000,1785153440684427000,1785153440684573000,1785153440684575000,1785153440684575000,1785153440684575000,121932490,121652369,-134.121,1.000,0.000,1.000,2.000,0.000,0.000,0.000,0,0,0
B3_zmq_pushpull,zmq_tcp,none,none,,1,4224,512,584,1785153440685398000,1785153440685398000,1785153440685398000,1785153440685399000,1785153440685577000,1785153440685580000,1785153440685580000,1785153440685580000,121932490,121652369,-102.121,0.000,0.000,1.000,3.000,0.000,0.000,0.000,0,0,0
B3_zmq_pushpull,zmq_tcp,none,none,,1,4225,512,584,1785153440686403000,1785153440686403000,1785153440686403000,1785153440686404000,1785153440686464000,1785153440686468000,1785153440686468000,1785153440686468000,121932490,121652369,-220.121,0.000,0.000,1.000,4.000,0.000,0.000,0.000,0,0,0
B3_zmq_pushpull,zmq_tcp,none,none,,1,4226,512,584,1785153440687405000,1785153440687405000,1785153440687405000,1785153440687406000,1785153440687477000,1785153440687480000,1785153440687480000,1785153440687480000,121932490,121652369,-209.121,0.000,0.000,1.000,3.000,0.000,0.000,0.000,0,0,0
B3_zmq_pushpull,zmq_tcp,none,none,,1,4227,512,584,1785153440688403000,1785153440688403000,1785153440688403000,1785153440688404000,1785153440688478000,1785153440688481000,1785153440688481000,1785153440688481000,121932490,121652369,-206.121,0.000,0.000,1.000,3.000,0.000,0.000,0.000,0,0,0
B3_zmq_pushpull,zmq_tcp,none,none,,1,4228,512,584,1785153440689404000,1785153440689404000,1785153440689404000,1785153440689405000,1785153440689484000,1785153440689487000,1785153440689487000,1785153440689487000,121932490,121652369,-201.121,0.000,0.000,1.000,3.000,0.000,0.000,0.000,0,0,0
B3_zmq_pushpull,zmq_tcp,none,none,,1,4229,512,584,1785153440690403000,1785153440690403000,1785153440690403000,1785153440690404000,1785153440690488000,1785153440690491000,1785153440690491000,1785153440690491000,121932490,121652369,-196.121,0.000,0.000,1.000,3.000,0.000,0.000,0.000,0,0,0
B3_zmq_pushpull,zmq_tcp,none,none,,1,4230,512,584,1785153440691403000,1785153440691403000,1785153440691403000,1785153440691404000,1785153440691495000,1785153440691498000,1785153440691498000,1785153440691498000,121932490,121652369,-189.121,0.000,0.000,1.000,3.000,0.000,0.000,0.000,0,0,0
B3_zmq_pushpull,zmq_tcp,none,none,,1,4231,512,584,1785153440692403000,1785153440692403000,1785153440692403000,1785153440692404000,1785153440692489000,1785153440692491000,1785153440692491000,1785153440692491000,121932490,121652369,-195.121,0.000,0.000,1.000,2.000,0.000,0.000,0.000,0,0,0
B3_zmq_pushpull,zmq_tcp,none,none,,1,4232,512,584,1785153440693401000,1785153440693401000,1785153440693401000,1785153440693402000,1785153440693493000,1785153440693496000,1785153440693496000,1785153440693496000,121932490,121652369,-189.121,0.000,0.000,1.000,3.000,0.000,0.000,0.000,0,0,0
B3_zmq_pushpull,zmq_tcp,none,none,,1,4233,512,584,1785153440694406000,1785153440694406000,1785153440694406000,1785153440694407000,1785153440694510000,1785153440694513000,1785153440694513000,1785153440694513000,121932490,121652369,-177.121,0.000,0.000,1.000,3.000,0.000,0.000,0.000,0,0,0
B3_zmq_pushpull,zmq_tcp,none,none,,1,4234,512,584,1785153440695405000,1785153440695405000,1785153440695405000,1785153440695406000,1785153440695517000,1785153440695519000,1785153440695519000,1785153440695519000,121932490,121652369,-169.121,0.000,0.000,1.000,2.000,0.000,0.000,0.000,0,0,0
B3_zmq_pushpull,zmq_tcp,none,none,,1,4235,512,584,1785153440696398000,1785153440696398000,1785153440696398000,1785153440696399000,1785153440696531000,1785153440696534000,1785153440696534000,1785153440696534000,121932490,121652369,-148.121,0.000,0.000,1.000,3.000,0.000,0.000,0.000,0,0,0
B3_zmq_pushpull,zmq_tcp,none,none,,1,4236,512,584,1785153440697405000,1785153440697405000,1785153440697405000,1785153440697406000,1785153440697528000,1785153440697531000,1785153440697531000,1785153440697531000,121932490,121652369,-158.121,0.000,0.000,1.000,3.000,0.000,0.000,0.000,0,0,0
B3_zmq_pushpull,zmq_tcp,none,none,,1,4237,512,584,1785153440698402000,1785153440698402000,1785153440698403000,1785153440698403000,1785153440698505000,1785153440698508000,1785153440698508000,1785153440698508000,121932490,121652369,-178.121,0.000,1.000,0.000,3.000,0.000,0.000,0.000,0,0,0
B3_zmq_pushpull,zmq_tcp,none,none,,1,4238,512,584,1785153440699402000,1785153440699402000,1785153440699403000,1785153440699403000,1785153440699506000,1785153440699509000,1785153440699509000,1785153440699509000,121932490,121652369,-177.121,0.000,1.000,0.000,3.000,0.000,0.000,0.000,0,0,0
B3_zmq_pushpull,zmq_tcp,none,none,,1,4239,512,584,1785153440700401000,1785153440700401000,1785153440700401000,1785153440700402000,1785153440700503000,1785153440700506000,1785153440700506000,1785153440700506000,121932490,121652369,-179.121,0.000,0.000,1.000,3.000,0.000,0.000,0.000,0,0,0
B3_zmq_pushpull,zmq_tcp,none,none,,1,4240,512,584,1785153440701406000,1785153440701407000,1785153440701407000,1785153440701408000,1785153440701518000,1785153440701521000,1785153440701521000,1785153440701521000,121932490,121652369,-170.121,1.000,0.000,1.000,3.000,0.000,0.000,0.000,0,0,0
B3_zmq_pushpull,zmq_tcp,none,none,,1,4241,512,584,1785153440702403000,1785153440702403000,1785153440702403000,1785153440702404000,1785153440702515000,1785153440702518000,1785153440702518000,1785153440702518000,121932490,121652369,-169.121,0.000,0.000,1.000,3.000,0.000,0.000,0.000,0,0,0
B3_zmq_pushpull,zmq_tcp,none,none,,1,4242,512,584,1785153440703405000,1785153440703405000,1785153440703405000,1785153440703406000,1785153440703507000,1785153440703515000,1785153440703515000,1785153440703515000,121932490,121652369,-179.121,0.000,0.000,1.000,8.000,0.000,0.000,0.000,0,0,0
B3_zmq_pushpull,zmq_tcp,none,none,,1,4243,512,584,1785153440704398000,1785153440704399000,1785153440704399000,1785153440704400000,1785153440704503000,1785153440704506000,1785153440704506000,1785153440704506000,121932490,121652369,-177.121,1.000,0.000,1.000,3.000,0.000,0.000,0.000,0,0,0
B3_zmq_pushpull,zmq_tcp,none,none,,1,4244,512,584,1785153440705404000,1785153440705404000,1785153440705404000,1785153440705405000,1785153440705505000,1785153440705507000,1785153440705507000,1785153440705507000,121932490,121652369,-180.121,0.000,0.000,1.000,2.000,0.000,0.000,0.000,0,0,0
B3_zmq_pushpull,zmq_tcp,none,none,,1,4245,512,584,1785153440706403000,1785153440706403000,1785153440706403000,1785153440706404000,1785153440706487000,1785153440706491000,1785153440706491000,1785153440706491000,121932490,121652369,-197.121,0.000,0.000,1.000,4.000,0.000,0.000,0.000,0,0,0
B3_zmq_pushpull,zmq_tcp,none,none,,1,4246,512,584,1785153440707403000,1785153440707403000,1785153440707403000,1785153440707404000,1785153440707489000,1785153440707492000,1785153440707492000,1785153440707492000,121932490,121652369,-195.121,0.000,0.000,1.000,3.000,0.000,0.000,0.000,0,0,0
B3_zmq_pushpull,zmq_tcp,none,none,,1,4247,512,584,1785153440708399000,1785153440708399000,1785153440708399000,1785153440708400000,1785153440708485000,1785153440708487000,1785153440708487000,1785153440708487000,121932490,121652369,-195.121,0.000,0.000,1.000,2.000,0.000,0.000,0.000,0,0,0
B3_zmq_pushpull,zmq_tcp,none,none,,1,4248,512,584,1785153440709404000,1785153440709404000,1785153440709404000,1785153440709405000,1785153440709460000,1785153440709463000,1785153440709463000,1785153440709463000,121932490,121652369,-225.121,0.000,0.000,1.000,3.000,0.000,0.000,0.000,0,0,0
B3_zmq_pushpull,zmq_tcp,none,none,,1,4249,512,584,1785153440710403000,1785153440710403000,1785153440710403000,1785153440710404000,1785153440710589000,1785153440710592000,1785153440710592000,1785153440710592000,121932490,121652369,-95.121,0.000,0.000,1.000,3.000,0.000,0.000,0.000,0,0,0
B3_zmq_pushpull,zmq_tcp,none,none,,1,4250,512,584,1785153440711403000,1785153440711403000,1785153440711403000,1785153440711404000,1785153440711463000,1785153440711466000,1785153440711466000,1785153440711466000,121932490,121652369,-221.121,0.000,0.000,1.000,3.000,0.000,0.000,0.000,0,0,0
B3_zmq_pushpull,zmq_tcp,none,none,,1,4251,512,584,1785153440712400000,1785153440712400000,1785153440712400000,1785153440712401000,1785153440712469000,1785153440712472000,1785153440712472000,1785153440712472000,121932490,121652369,-212.121,0.000,0.000,1.000,3.000,0.000,0.000,0.000,0,0,0
B3_zmq_pushpull,zmq_tcp,none,none,,1,4252,512,584,1785153440713405000,1785153440713405000,1785153440713405000,1785153440713406000,1785153440713472000,1785153440713475000,1785153440713475000,1785153440713475000,121932490,121652369,-214.121,0.000,0.000,1.000,3.000,0.000,0.000,0.000,0,0,0
B3_zmq_pushpull,zmq_tcp,none,none,,1,4253,512,584,1785153440714405000,1785153440714406000,1785153440714406000,1785153440714407000,1785153440714484000,1785153440714486000,1785153440714486000,1785153440714486000,121932490,121652369,-203.121,1.000,0.000,1.000,2.000,0.000,0.000,0.000,0,0,0
B3_zmq_pushpull,zmq_tcp,none,none,,1,4254,512,584,1785153440715211000,1785153440715211000,1785153440715211000,1785153440715212000,1785153440715354000,1785153440715357000,1785153440715357000,1785153440715357000,121932490,121652369,-138.121,0.000,0.000,1.000,3.000,0.000,0.000,0.000,0,0,0
B3_zmq_pushpull,zmq_tcp,none,none,,1,4255,512,584,1785153440716212000,1785153440716212000,1785153440716212000,1785153440716213000,1785153440716371000,1785153440716375000,1785153440716375000,1785153440716375000,121932490,121652369,-122.121,0.000,0.000,1.000,4.000,0.000,0.000,0.000,0,0,0
B3_zmq_pushpull,zmq_tcp,none,none,,1,4256,512,584,1785153440717452000,1785153440717452000,1785153440717452000,1785153440717453000,1785153440717641000,1785153440717649000,1785153440717649000,1785153440717649000,121932490,121652369,-92.121,0.000,0.000,1.000,8.000,0.000,0.000,0.000,0,0,0
B3_zmq_pushpull,zmq_tcp,none,none,,1,4257,512,584,1785153440718387000,1785153440718387000,1785153440718387000,1785153440718388000,1785153440718502000,1785153440718505000,1785153440718505000,1785153440718505000,121932490,121652369,-166.121,0.000,0.000,1.000,3.000,0.000,0.000,0.000,0,0,0
B3_zmq_pushpull,zmq_tcp,none,none,,1,4258,512,584,1785153440719406000,1785153440719406000,1785153440719406000,1785153440719407000,1785153440719490000,1785153440719493000,1785153440719493000,1785153440719493000,121932490,121652369,-197.121,0.000,0.000,1.000,3.000,0.000,0.000,0.000,0,0,0
B3_zmq_pushpull,zmq_tcp,none,none,,1,4259,512,584,1785153440720400000,1785153440720400000,1785153440720400000,1785153440720401000,1785153440720473000,1785153440720477000,1785153440720477000,1785153440720477000,121932490,121652369,-208.121,0.000,0.000,1.000,4.000,0.000,0.000,0.000,0,0,0
B3_zmq_pushpull,zmq_tcp,none,none,,1,4260,512,584,1785153440721405000,1785153440721405000,1785153440721406000,1785153440721407000,1785153440721475000,1785153440721478000,1785153440721478000,1785153440721478000,121932490,121652369,-212.121,0.000,1.000,1.000,3.000,0.000,0.000,0.000,0,0,0
B3_zmq_pushpull,zmq_tcp,none,none,,1,4261,512,584,1785153440722302000,1785153440722302000,1785153440722302000,1785153440722303000,1785153440722462000,1785153440722466000,1785153440722466000,1785153440722466000,121932490,121652369,-121.121,0.000,0.000,1.000,4.000,0.000,0.000,0.000,0,0,0
B3_zmq_pushpull,zmq_tcp,none,none,,1,4262,512,584,1785153440723429000,1785153440723429000,1785153440723429000,1785153440723430000,1785153440723576000,1785153440723578000,1785153440723578000,1785153440723578000,121932490,121652369,-134.121,0.000,0.000,1.000,2.000,0.000,0.000,0.000,0,0,0
B3_zmq_pushpull,zmq_tcp,none,none,,1,4263,512,584,1785153440724396000,1785153440724397000,1785153440724397000,1785153440724398000,1785153440724561000,1785153440724564000,1785153440724564000,1785153440724564000,121932490,121652369,-117.121,1.000,0.000,1.000,3.000,0.000,0.000,0.000,0,0,0
B3_zmq_pushpull,zmq_tcp,none,none,,1,4264,512,584,1785153440725403000,1785153440725403000,1785153440725403000,1785153440725404000,1785153440725525000,1785153440725528000,1785153440725528000,1785153440725528000,121932490,121652369,-159.121,0.000,0.000,1.000,3.000,0.000,0.000,0.000,0,0,0
B3_zmq_pushpull,zmq_tcp,none,none,,1,4265,512,584,1785153440726399000,1785153440726399000,1785153440726399000,1785153440726400000,1785153440726513000,1785153440726516000,1785153440726516000,1785153440726516000,121932490,121652369,-167.121,0.000,0.000,1.000,3.000,0.000,0.000,0.000,0,0,0
B3_zmq_pushpull,zmq_tcp,none,none,,1,4266,512,584,1785153440727403000,1785153440727403000,1785153440727403000,1785153440727404000,1785153440727501000,1785153440727504000,1785153440727504000,1785153440727504000,121932490,121652369,-183.121,0.000,0.000,1.000,3.000,0.000,0.000,0.000,0,0,0
B3_zmq_pushpull,zmq_tcp,none,none,,1,4267,512,584,1785153440728404000,1785153440728404000,1785153440728404000,1785153440728405000,1785153440728492000,1785153440728494000,1785153440728494000,1785153440728495000,121932490,121652369,-193.121,0.000,0.000,1.000,2.000,0.000,1.000,0.000,0,0,0
B3_zmq_pushpull,zmq_tcp,none,none,,1,4268,512,584,1785153440729399000,1785153440729399000,1785153440729399000,1785153440729400000,1785153440729586000,1785153440729589000,1785153440729589000,1785153440729589000,121932490,121652369,-94.121,0.000,0.000,1.000,3.000,0.000,0.000,0.000,0,0,0
B3_zmq_pushpull,zmq_tcp,none,none,,1,4269,512,584,1785153440730407000,1785153440730407000,1785153440730407000,1785153440730408000,1785153440730555000,1785153440730558000,1785153440730558000,1785153440730558000,121932490,121652369,-133.121,0.000,0.000,1.000,3.000,0.000,0.000,0.000,0,0,0
B3_zmq_pushpull,zmq_tcp,none,none,,1,4270,512,584,1785153440731400000,1785153440731400000,1785153440731400000,1785153440731401000,1785153440731549000,1785153440731552000,1785153440731552000,1785153440731552000,121932490,121652369,-132.121,0.000,0.000,1.000,3.000,0.000,0.000,0.000,0,0,0
B3_zmq_pushpull,zmq_tcp,none,none,,1,4271,512,584,1785153440732401000,1785153440732401000,1785153440732401000,1785153440732402000,1785153440732522000,1785153440732525000,1785153440732525000,1785153440732525000,121932490,121652369,-160.121,0.000,0.000,1.000,3.000,0.000,0.000,0.000,0,0,0
B3_zmq_pushpull,zmq_tcp,none,none,,1,4272,512,584,1785153440733399000,1785153440733399000,1785153440733399000,1785153440733400000,1785153440733490000,1785153440733493000,1785153440733493000,1785153440733493000,121932490,121652369,-190.121,0.000,0.000,1.000,3.000,0.000,0.000,0.000,0,0,0
B3_zmq_pushpull,zmq_tcp,none,none,,1,4273,512,584,1785153440734403000,1785153440734403000,1785153440734403000,1785153440734404000,1785153440734468000,1785153440734471000,1785153440734471000,1785153440734471000,121932490,121652369,-216.121,0.000,0.000,1.000,3.000,0.000,0.000,0.000,0,0,0
B3_zmq_pushpull,zmq_tcp,none,none,,1,4274,512,584,1785153440735401000,1785153440735401000,1785153440735401000,1785153440735402000,1785153440735458000,1785153440735461000,1785153440735461000,1785153440735461000,121932490,121652369,-224.121,0.000,0.000,1.000,3.000,0.000,0.000,0.000,0,0,0
B3_zmq_pushpull,zmq_tcp,none,none,,1,4275,512,584,1785153440736301000,1785153440736301000,1785153440736301000,1785153440736302000,1785153440736458000,1785153440736461000,1785153440736461000,1785153440736461000,121932490,121652369,-124.121,0.000,0.000,1.000,3.000,0.000,0.000,0.000,0,0,0
B3_zmq_pushpull,zmq_tcp,none,none,,1,4276,512,584,1785153440737427000,1785153440737427000,1785153440737427000,1785153440737428000,1785153440737569000,1785153440737572000,1785153440737572000,1785153440737572000,121932490,121652369,-139.121,0.000,0.000,1.000,3.000,0.000,0.000,0.000,0,0,0
B3_zmq_pushpull,zmq_tcp,none,none,,1,4277,512,584,1785153440738396000,1785153440738396000,1785153440738396000,1785153440738397000,1785153440738534000,1785153440738537000,1785153440738537000,1785153440738537000,121932490,121652369,-143.121,0.000,0.000,1.000,3.000,0.000,0.000,0.000,0,0,0
B3_zmq_pushpull,zmq_tcp,none,none,,1,4278,512,584,1785153440739403000,1785153440739403000,1785153440739403000,1785153440739404000,1785153440739510000,1785153440739513000,1785153440739513000,1785153440739513000,121932490,121652369,-174.121,0.000,0.000,1.000,3.000,0.000,0.000,0.000,0,0,0
B3_zmq_pushpull,zmq_tcp,none,none,,1,4279,512,584,1785153440740401000,1785153440740401000,1785153440740402000,1785153440740402000,1785153440740481000,1785153440740484000,1785153440740484000,1785153440740484000,121932490,121652369,-201.121,0.000,1.000,0.000,3.000,0.000,0.000,0.000,0,0,0
B3_zmq_pushpull,zmq_tcp,none,none,,1,4280,512,584,1785153440741401000,1785153440741401000,1785153440741401000,1785153440741402000,1785153440741476000,1785153440741479000,1785153440741479000,1785153440741479000,121932490,121652369,-206.121,0.000,0.000,1.000,3.000,0.000,0.000,0.000,0,0,0
B3_zmq_pushpull,zmq_tcp,none,none,,1,4281,512,584,1785153440742405000,1785153440742405000,1785153440742405000,1785153440742406000,1785153440742596000,1785153440742599000,1785153440742599000,1785153440742599000,121932490,121652369,-90.121,0.000,0.000,1.000,3.000,0.000,0.000,0.000,0,0,0
B3_zmq_pushpull,zmq_tcp,none,none,,1,4282,512,584,1785153440743400000,1785153440743400000,1785153440743400000,1785153440743401000,1785153440743592000,1785153440743594000,1785153440743594000,1785153440743594000,121932490,121652369,-89.121,0.000,0.000,1.000,2.000,0.000,0.000,0.000,0,0,0
B3_zmq_pushpull,zmq_tcp,none,none,,1,4283,512,584,1785153440744285000,1785153440744286000,1785153440744286000,1785153440744287000,1785153440744434000,1785153440744437000,1785153440744437000,1785153440744437000,121932490,121652369,-133.121,1.000,0.000,1.000,3.000,0.000,0.000,0.000,0,0,0
B3_zmq_pushpull,zmq_tcp,none,none,,1,4284,512,584,1785153440745431000,1785153440745431000,1785153440745431000,1785153440745432000,1785153440745558000,1785153440745562000,1785153440745562000,1785153440745562000,121932490,121652369,-154.121,0.000,0.000,1.000,4.000,0.000,0.000,0.000,0,0,0
B3_zmq_pushpull,zmq_tcp,none,none,,1,4285,512,584,1785153440746393000,1785153440746394000,1785153440746394000,1785153440746395000,1785153440746552000,1785153440746554000,1785153440746555000,1785153440746555000,121932490,121652369,-123.121,1.000,0.000,1.000,2.000,1.000,0.000,0.000,0,0,0
B3_zmq_pushpull,zmq_tcp,none,none,,1,4286,512,584,1785153440747404000,1785153440747404000,1785153440747404000,1785153440747405000,1785153440747510000,1785153440747513000,1785153440747513000,1785153440747513000,121932490,121652369,-175.121,0.000,0.000,1.000,3.000,0.000,0.000,0.000,0,0,0
B3_zmq_pushpull,zmq_tcp,none,none,,1,4287,512,584,1785153440748401000,1785153440748402000,1785153440748402000,1785153440748403000,1785153440748498000,1785153440748501000,1785153440748501000,1785153440748501000,121932490,121652369,-185.121,1.000,0.000,1.000,3.000,0.000,0.000,0.000,0,0,0
B3_zmq_pushpull,zmq_tcp,none,none,,1,4288,512,584,1785153440749403000,1785153440749403000,1785153440749403000,1785153440749404000,1785153440749470000,1785153440749473000,1785153440749473000,1785153440749473000,121932490,121652369,-214.121,0.000,0.000,1.000,3.000,0.000,0.000,0.000,0,0,0
B3_zmq_pushpull,zmq_tcp,none,none,,1,4289,512,584,1785153440750403000,1785153440750403000,1785153440750403000,1785153440750404000,1785153440750468000,1785153440750471000,1785153440750471000,1785153440750471000,121932490,121652369,-216.121,0.000,0.000,1.000,3.000,0.000,0.000,0.000,0,0,0
B3_zmq_pushpull,zmq_tcp,none,none,,1,4290,512,584,1785153440751401000,1785153440751401000,1785153440751402000,1785153440751402000,1785153440751576000,1785153440751578000,1785153440751578000,1785153440751578000,121932490,121652369,-106.121,0.000,1.000,0.000,2.000,0.000,0.000,0.000,0,0,0
B3_zmq_pushpull,zmq_tcp,none,none,,1,4291,512,584,1785153440752402000,1785153440752402000,1785153440752402000,1785153440752403000,1785153440752540000,1785153440752543000,1785153440752543000,1785153440752543000,121932490,121652369,-143.121,0.000,0.000,1.000,3.000,0.000,0.000,0.000,0,0,0
B3_zmq_pushpull,zmq_tcp,none,none,,1,4292,512,584,1785153440753218000,1785153440753218000,1785153440753218000,1785153440753219000,1785153440753370000,1785153440753374000,1785153440753374000,1785153440753374000,121932490,121652369,-129.121,0.000,0.000,1.000,4.000,0.000,0.000,0.000,0,0,0
B3_zmq_pushpull,zmq_tcp,none,none,,1,4293,512,584,1785153440754211000,1785153440754211000,1785153440754211000,1785153440754212000,1785153440754350000,1785153440754353000,1785153440754353000,1785153440754353000,121932490,121652369,-142.121,0.000,0.000,1.000,3.000,0.000,0.000,0.000,0,0,0
B3_zmq_pushpull,zmq_tcp,none,none,,1,4294,512,584,1785153440755318000,1785153440755318000,1785153440755318000,1785153440755319000,1785153440755472000,1785153440755475000,1785153440755475000,1785153440755475000,121932490,121652369,-127.121,0.000,0.000,1.000,3.000,0.000,0.000,0.000,0,0,0
B3_zmq_pushpull,zmq_tcp,none,none,,1,4295,512,584,1785153440756308000,1785153440756309000,1785153440756309000,1785153440756310000,1785153440756462000,1785153440756465000,1785153440756465000,1785153440756465000,121932490,121652369,-128.121,1.000,0.000,1.000,3.000,0.000,0.000,0.000,0,0,0
B3_zmq_pushpull,zmq_tcp,none,none,,1,4296,512,584,1785153440757427000,1785153440757427000,1785153440757427000,1785153440757428000,1785153440757592000,1785153440757594000,1785153440757594000,1785153440757594000,121932490,121652369,-116.121,0.000,0.000,1.000,2.000,0.000,0.000,0.000,0,0,0
B3_zmq_pushpull,zmq_tcp,none,none,,1,4297,512,584,1785153440758399000,1785153440758399000,1785153440758399000,1785153440758400000,1785153440758573000,1785153440758576000,1785153440758576000,1785153440758576000,121932490,121652369,-107.121,0.000,0.000,1.000,3.000,0.000,0.000,0.000,0,0,0
B3_zmq_pushpull,zmq_tcp,none,none,,1,4298,512,584,1785153440759267000,1785153440759267000,1785153440759267000,1785153440759268000,1785153440759425000,1785153440759428000,1785153440759428000,1785153440759428000,121932490,121652369,-123.121,0.000,0.000,1.000,3.000,0.000,0.000,0.000,0,0,0
B3_zmq_pushpull,zmq_tcp,none,none,,1,4299,512,584,1785153440760260000,1785153440760261000,1785153440760261000,1785153440760262000,1785153440760413000,1785153440760417000,1785153440760417000,1785153440760417000,121932490,121652369,-129.121,1.000,0.000,1.000,4.000,0.000,0.000,0.000,0,0,0
B3_zmq_pushpull,zmq_tcp,none,none,,1,4300,512,584,1785153440761240000,1785153440761240000,1785153440761240000,1785153440761241000,1785153440761392000,1785153440761394000,1785153440761394000,1785153440761394000,121932490,121652369,-129.121,0.000,0.000,1.000,2.000,0.000,0.000,0.000,0,0,0
B3_zmq_pushpull,zmq_tcp,none,none,,1,4301,512,584,1785153440762232000,1785153440762233000,1785153440762233000,1785153440762234000,1785153440762385000,1785153440762388000,1785153440762388000,1785153440762388000,121932490,121652369,-129.121,1.000,0.000,1.000,3.000,0.000,0.000,0.000,0,0,0
B3_zmq_pushpull,zmq_tcp,none,none,,1,4302,512,584,1785153440763228000,1785153440763229000,1785153440763229000,1785153440763230000,1785153440763387000,1785153440763390000,1785153440763390000,1785153440763390000,121932490,121652369,-123.121,1.000,0.000,1.000,3.000,0.000,0.000,0.000,0,0,0
B3_zmq_pushpull,zmq_tcp,none,none,,1,4303,512,584,1785153440764448000,1785153440764448000,1785153440764448000,1785153440764449000,1785153440764508000,1785153440764510000,1785153440764511000,1785153440764511000,121932490,121652369,-221.121,0.000,0.000,1.000,2.000,1.000,0.000,0.000,0,0,0
B3_zmq_pushpull,zmq_tcp,none,none,,1,4304,512,584,1785153440765389000,1785153440765390000,1785153440765390000,1785153440765391000,1785153440765478000,1785153440765481000,1785153440765481000,1785153440765481000,121932490,121652369,-193.121,1.000,0.000,1.000,3.000,0.000,0.000,0.000,0,0,0
B3_zmq_pushpull,zmq_tcp,none,none,,1,4305,512,584,1785153440766405000,1785153440766405000,1785153440766405000,1785153440766406000,1785153440766479000,1785153440766487000,1785153440766487000,1785153440766487000,121932490,121652369,-207.121,0.000,0.000,1.000,8.000,0.000,0.000,0.000,0,0,0
B3_zmq_pushpull,zmq_tcp,none,none,,1,4306,512,584,1785153440767401000,1785153440767402000,1785153440767402000,1785153440767403000,1785153440767471000,1785153440767473000,1785153440767473000,1785153440767473000,121932490,121652369,-212.121,1.000,0.000,1.000,2.000,0.000,0.000,0.000,0,0,0
B3_zmq_pushpull,zmq_tcp,none,none,,1,4307,512,584,1785153440768401000,1785153440768402000,1785153440768402000,1785153440768403000,1785153440768463000,1785153440768466000,1785153440768466000,1785153440768466000,121932490,121652369,-220.121,1.000,0.000,1.000,3.000,0.000,0.000,0.000,0,0,0
B3_zmq_pushpull,zmq_tcp,none,none,,1,4308,512,584,1785153440769399000,1785153440769400000,1785153440769400000,1785153440769401000,1785153440769459000,1785153440769461000,1785153440769462000,1785153440769462000,121932490,121652369,-222.121,1.000,0.000,1.000,2.000,1.000,0.000,0.000,0,0,0
B3_zmq_pushpull,zmq_tcp,none,none,,1,4309,512,584,1785153440770405000,1785153440770405000,1785153440770405000,1785153440770406000,1785153440770475000,1785153440770478000,1785153440770478000,1785153440770478000,121932490,121652369,-211.121,0.000,0.000,1.000,3.000,0.000,0.000,0.000,0,0,0
B3_zmq_pushpull,zmq_tcp,none,none,,1,4310,512,584,1785153440771402000,1785153440771402000,1785153440771402000,1785153440771403000,1785153440771473000,1785153440771476000,1785153440771476000,1785153440771476000,121932490,121652369,-210.121,0.000,0.000,1.000,3.000,0.000,0.000,0.000,0,0,0
B3_zmq_pushpull,zmq_tcp,none,none,,1,4311,512,584,1785153440772306000,1785153440772306000,1785153440772306000,1785153440772307000,1785153440772461000,1785153440772464000,1785153440772464000,1785153440772464000,121932490,121652369,-126.121,0.000,0.000,1.000,3.000,0.000,0.000,0.000,0,0,0
B3_zmq_pushpull,zmq_tcp,none,none,,1,4312,512,584,1785153440773298000,1785153440773298000,1785153440773298000,1785153440773299000,1785153440773446000,1785153440773448000,1785153440773448000,1785153440773448000,121932490,121652369,-133.121,0.000,0.000,1.000,2.000,0.000,0.000,0.000,0,0,0
B3_zmq_pushpull,zmq_tcp,none,none,,1,4313,512,584,1785153440774285000,1785153440774285000,1785153440774285000,1785153440774286000,1785153440774436000,1785153440774439000,1785153440774439000,1785153440774439000,121932490,121652369,-130.121,0.000,0.000,1.000,3.000,0.000,0.000,0.000,0,0,0
B3_zmq_pushpull,zmq_tcp,none,none,,1,4314,512,584,1785153440775252000,1785153440775253000,1785153440775253000,1785153440775254000,1785153440775405000,1785153440775408000,1785153440775408000,1785153440775408000,121932490,121652369,-129.121,1.000,0.000,1.000,3.000,0.000,0.000,0.000,0,0,0
B3_zmq_pushpull,zmq_tcp,none,none,,1,4315,512,584,1785153440776223000,1785153440776223000,1785153440776223000,1785153440776224000,1785153440776376000,1785153440776379000,1785153440776379000,1785153440776379000,121932490,121652369,-128.121,0.000,0.000,1.000,3.000,0.000,0.000,0.000,0,0,0
B3_zmq_pushpull,zmq_tcp,none,none,,1,4316,512,584,1785153440777205000,1785153440777205000,1785153440777205000,1785153440777206000,1785153440777367000,1785153440777369000,1785153440777370000,1785153440777370000,121932490,121652369,-119.121,0.000,0.000,1.000,2.000,1.000,0.000,0.000,0,0,0
B3_zmq_pushpull,zmq_tcp,none,none,,1,4317,512,584,1785153440778454000,1785153440778454000,1785153440778454000,1785153440778455000,1785153440778617000,1785153440778620000,1785153440778620000,1785153440778620000,121932490,121652369,-118.121,0.000,0.000,1.000,3.000,0.000,0.000,0.000,0,0,0
B3_zmq_pushpull,zmq_tcp,none,none,,1,4318,512,584,1785153440779388000,1785153440779388000,1785153440779388000,1785153440779389000,1785153440779460000,1785153440779463000,1785153440779463000,1785153440779463000,121932490,121652369,-209.121,0.000,0.000,1.000,3.000,0.000,0.000,0.000,0,0,0
B3_zmq_pushpull,zmq_tcp,none,none,,1,4319,512,584,1785153440780267000,1785153440780267000,1785153440780267000,1785153440780268000,1785153440780425000,1785153440780428000,1785153440780428000,1785153440780428000,121932490,121652369,-123.121,0.000,0.000,1.000,3.000,0.000,0.000,0.000,0,0,0
B3_zmq_pushpull,zmq_tcp,none,none,,1,4320,512,584,1785153440781249000,1785153440781249000,1785153440781249000,1785153440781250000,1785153440781391000,1785153440781394000,1785153440781394000,1785153440781394000,121932490,121652369,-139.121,0.000,0.000,1.000,3.000,0.000,0.000,0.000,0,0,0
B3_zmq_pushpull,zmq_tcp,none,none,,1,4321,512,584,1785153440782221000,1785153440782221000,1785153440782221000,1785153440782222000,1785153440782366000,1785153440782369000,1785153440782369000,1785153440782369000,121932490,121652369,-136.121,0.000,0.000,1.000,3.000,0.000,0.000,0.000,0,0,0
B3_zmq_pushpull,zmq_tcp,none,none,,1,4322,512,584,1785153440783323000,1785153440783323000,1785153440783323000,1785153440783324000,1785153440783464000,1785153440783467000,1785153440783467000,1785153440783467000,121932490,121652369,-140.121,0.000,0.000,1.000,3.000,0.000,0.000,0.000,0,0,0
B3_zmq_pushpull,zmq_tcp,none,none,,1,4323,512,584,1785153440784306000,1785153440784306000,1785153440784306000,1785153440784307000,1785153440784473000,1785153440784477000,1785153440784477000,1785153440784477000,121932490,121652369,-114.121,0.000,0.000,1.000,4.000,0.000,0.000,0.000,0,0,0
B3_zmq_pushpull,zmq_tcp,none,none,,1,4324,512,584,1785153440785430000,1785153440785430000,1785153440785430000,1785153440785431000,1785153440785479000,1785153440785482000,1785153440785482000,1785153440785482000,121932490,121652369,-232.121,0.000,0.000,1.000,3.000,0.000,0.000,0.000,0,0,0
B3_zmq_pushpull,zmq_tcp,none,none,,1,4325,512,584,1785153440786397000,1785153440786397000,1785153440786398000,1785153440786398000,1785153440786467000,1785153440786470000,1785153440786470000,1785153440786470000,121932490,121652369,-211.121,0.000,1.000,0.000,3.000,0.000,0.000,0.000,0,0,0
B3_zmq_pushpull,zmq_tcp,none,none,,1,4326,512,584,1785153440787400000,1785153440787400000,1785153440787400000,1785153440787401000,1785153440787589000,1785153440787592000,1785153440787592000,1785153440787592000,121932490,121652369,-92.121,0.000,0.000,1.000,3.000,0.000,0.000,0.000,0,0,0
B3_zmq_pushpull,zmq_tcp,none,none,,1,4327,512,584,1785153440788403000,1785153440788403000,1785153440788403000,1785153440788404000,1785153440788543000,1785153440788545000,1785153440788545000,1785153440788545000,121932490,121652369,-141.121,0.000,0.000,1.000,2.000,0.000,0.000,0.000,0,0,0
B3_zmq_pushpull,zmq_tcp,none,none,,1,4328,512,584,1785153440789402000,1785153440789402000,1785153440789402000,1785153440789403000,1785153440789513000,1785153440789516000,1785153440789516000,1785153440789516000,121932490,121652369,-170.121,0.000,0.000,1.000,3.000,0.000,0.000,0.000,0,0,0
B3_zmq_pushpull,zmq_tcp,none,none,,1,4329,512,584,1785153440790399000,1785153440790399000,1785153440790399000,1785153440790400000,1785153440790488000,1785153440790491000,1785153440790491000,1785153440790491000,121932490,121652369,-192.121,0.000,0.000,1.000,3.000,0.000,0.000,0.000,0,0,0
B3_zmq_pushpull,zmq_tcp,none,none,,1,4330,512,584,1785153440791403000,1785153440791403000,1785153440791403000,1785153440791404000,1785153440791467000,1785153440791470000,1785153440791470000,1785153440791470000,121932490,121652369,-217.121,0.000,0.000,1.000,3.000,0.000,0.000,0.000,0,0,0
B3_zmq_pushpull,zmq_tcp,none,none,,1,4331,512,584,1785153440792402000,1785153440792402000,1785153440792402000,1785153440792403000,1785153440792588000,1785153440792591000,1785153440792591000,1785153440792591000,121932490,121652369,-95.121,0.000,0.000,1.000,3.000,0.000,0.000,0.000,0,0,0
B3_zmq_pushpull,zmq_tcp,none,none,,1,4332,512,584,1785153440793277000,1785153440793277000,1785153440793277000,1785153440793278000,1785153440793437000,1785153440793440000,1785153440793440000,1785153440793440000,121932490,121652369,-121.121,0.000,0.000,1.000,3.000,0.000,0.000,0.000,0,0,0
B3_zmq_pushpull,zmq_tcp,none,none,,1,4333,512,584,1785153440794433000,1785153440794433000,1785153440794433000,1785153440794434000,1785153440794556000,1785153440794559000,1785153440794559000,1785153440794559000,121932490,121652369,-158.121,0.000,0.000,1.000,3.000,0.000,0.000,0.000,0,0,0
B3_zmq_pushpull,zmq_tcp,none,none,,1,4334,512,584,1785153440795396000,1785153440795396000,1785153440795396000,1785153440795397000,1785153440795536000,1785153440795539000,1785153440795539000,1785153440795539000,121932490,121652369,-141.121,0.000,0.000,1.000,3.000,0.000,0.000,0.000,0,0,0
B3_zmq_pushpull,zmq_tcp,none,none,,1,4335,512,584,1785153440796403000,1785153440796403000,1785153440796403000,1785153440796404000,1785153440796507000,1785153440796509000,1785153440796509000,1785153440796509000,121932490,121652369,-177.121,0.000,0.000,1.000,2.000,0.000,0.000,0.000,0,0,0
B3_zmq_pushpull,zmq_tcp,none,none,,1,4336,512,584,1785153440797401000,1785153440797402000,1785153440797402000,1785153440797403000,1785153440797492000,1785153440797495000,1785153440797495000,1785153440797495000,121932490,121652369,-191.121,1.000,0.000,1.000,3.000,0.000,0.000,0.000,0,0,0
B3_zmq_pushpull,zmq_tcp,none,none,,1,4337,512,584,1785153440798404000,1785153440798404000,1785153440798404000,1785153440798405000,1785153440798597000,1785153440798600000,1785153440798600000,1785153440798600000,121932490,121652369,-88.121,0.000,0.000,1.000,3.000,0.000,0.000,0.000,0,0,0
B3_zmq_pushpull,zmq_tcp,none,none,,1,4338,512,584,1785153440799407000,1785153440799407000,1785153440799407000,1785153440799408000,1785153440799584000,1785153440799586000,1785153440799586000,1785153440799586000,121932490,121652369,-104.121,0.000,0.000,1.000,2.000,0.000,0.000,0.000,0,0,0
B3_zmq_pushpull,zmq_tcp,none,none,,1,4339,512,584,1785153440800272000,1785153440800272000,1785153440800273000,1785153440800274000,1785153440800421000,1785153440800424000,1785153440800424000,1785153440800424000,121932490,121652369,-133.121,0.000,1.000,1.000,3.000,0.000,0.000,0.000,0,0,0
B3_zmq_pushpull,zmq_tcp,none,none,,1,4340,512,584,1785153440801435000,1785153440801435000,1785153440801435000,1785153440801436000,1785153440801543000,1785153440801547000,1785153440801547000,1785153440801547000,121932490,121652369,-173.121,0.000,0.000,1.000,4.000,0.000,0.000,0.000,0,0,0
B3_zmq_pushpull,zmq_tcp,none,none,,1,4341,512,584,1785153440802394000,1785153440802394000,1785153440802394000,1785153440802395000,1785153440802528000,1785153440802531000,1785153440802531000,1785153440802531000,121932490,121652369,-147.121,0.000,0.000,1.000,3.000,0.000,0.000,0.000,0,0,0
B3_zmq_pushpull,zmq_tcp,none,none,,1,4342,512,584,1785153440803404000,1785153440803404000,1785153440803405000,1785153440803405000,1785153440803508000,1785153440803511000,1785153440803511000,1785153440803511000,121932490,121652369,-177.121,0.000,1.000,0.000,3.000,0.000,0.000,0.000,0,0,0
B3_zmq_pushpull,zmq_tcp,none,none,,1,4343,512,584,1785153440804399000,1785153440804399000,1785153440804399000,1785153440804400000,1785153440804469000,1785153440804472000,1785153440804472000,1785153440804472000,121932490,121652369,-211.121,0.000,0.000,1.000,3.000,0.000,0.000,0.000,0,0,0
B3_zmq_pushpull,zmq_tcp,none,none,,1,4344,512,584,1785153440805405000,1785153440805405000,1785153440805406000,1785153440805406000,1785153440805591000,1785153440805593000,1785153440805593000,1785153440805593000,121932490,121652369,-95.121,0.000,1.000,0.000,2.000,0.000,0.000,0.000,0,0,0
B3_zmq_pushpull,zmq_tcp,none,none,,1,4345,512,584,1785153440806402000,1785153440806402000,1785153440806402000,1785153440806403000,1785153440806576000,1785153440806579000,1785153440806579000,1785153440806579000,121932490,121652369,-107.121,0.000,0.000,1.000,3.000,0.000,0.000,0.000,0,0,0
B3_zmq_pushpull,zmq_tcp,none,none,,1,4346,512,584,1785153440807402000,1785153440807402000,1785153440807402000,1785153440807403000,1785153440807539000,1785153440807541000,1785153440807541000,1785153440807541000,121932490,121652369,-144.121,0.000,0.000,1.000,2.000,0.000,0.000,0.000,0,0,0
B3_zmq_pushpull,zmq_tcp,none,none,,1,4347,512,584,1785153440808399000,1785153440808399000,1785153440808399000,1785153440808400000,1785153440808522000,1785153440808525000,1785153440808525000,1785153440808525000,121932490,121652369,-158.121,0.000,0.000,1.000,3.000,0.000,0.000,0.000,0,0,0
B3_zmq_pushpull,zmq_tcp,none,none,,1,4348,512,584,1785153440809403000,1785153440809403000,1785153440809403000,1785153440809404000,1785153440809503000,1785153440809506000,1785153440809506000,1785153440809506000,121932490,121652369,-181.121,0.000,0.000,1.000,3.000,0.000,0.000,0.000,0,0,0
B3_zmq_pushpull,zmq_tcp,none,none,,1,4349,512,584,1785153440810209000,1785153440810209000,1785153440810209000,1785153440810210000,1785153440810350000,1785153440810353000,1785153440810353000,1785153440810353000,121932490,121652369,-140.121,0.000,0.000,1.000,3.000,0.000,0.000,0.000,0,0,0
B3_zmq_pushpull,zmq_tcp,none,none,,1,4350,512,584,1785153440811451000,1785153440811451000,1785153440811451000,1785153440811452000,1785153440811621000,1785153440811623000,1785153440811623000,1785153440811623000,121932490,121652369,-111.121,0.000,0.000,1.000,2.000,0.000,0.000,0.000,0,0,0
B3_zmq_pushpull,zmq_tcp,none,none,,1,4351,512,584,1785153440812321000,1785153440812321000,1785153440812321000,1785153440812322000,1785153440812465000,1785153440812468000,1785153440812468000,1785153440812468000,121932490,121652369,-137.121,0.000,0.000,1.000,3.000,0.000,0.000,0.000,0,0,0
B3_zmq_pushpull,zmq_tcp,none,none,,1,4352,512,584,1785153440813424000,1785153440813424000,1785153440813424000,1785153440813425000,1785153440813585000,1785153440813588000,1785153440813588000,1785153440813588000,121932490,121652369,-120.121,0.000,0.000,1.000,3.000,0.000,0.000,0.000,0,0,0
B3_zmq_pushpull,zmq_tcp,none,none,,1,4353,512,584,1785153440814397000,1785153440814398000,1785153440814398000,1785153440814399000,1785153440814573000,1785153440814576000,1785153440814576000,1785153440814576000,121932490,121652369,-106.121,1.000,0.000,1.000,3.000,0.000,0.000,0.000,0,0,0
B3_zmq_pushpull,zmq_tcp,none,none,,1,4354,512,584,1785153440815404000,1785153440815404000,1785153440815404000,1785153440815405000,1785153440815567000,1785153440815570000,1785153440815570000,1785153440815570000,121932490,121652369,-118.121,0.000,0.000,1.000,3.000,0.000,0.000,0.000,0,0,0
B3_zmq_pushpull,zmq_tcp,none,none,,1,4355,512,584,1785153440816399000,1785153440816399000,1785153440816399000,1785153440816400000,1785153440816562000,1785153440816565000,1785153440816565000,1785153440816565000,121932490,121652369,-118.121,0.000,0.000,1.000,3.000,0.000,0.000,0.000,0,0,0
B3_zmq_pushpull,zmq_tcp,none,none,,1,4356,512,584,1785153440817404000,1785153440817404000,1785153440817404000,1785153440817405000,1785153440817544000,1785153440817547000,1785153440817547000,1785153440817547000,121932490,121652369,-141.121,0.000,0.000,1.000,3.000,0.000,0.000,0.000,0,0,0
B3_zmq_pushpull,zmq_tcp,none,none,,1,4357,512,584,1785153440818402000,1785153440818403000,1785153440818403000,1785153440818404000,1785153440818536000,1785153440818539000,1785153440818539000,1785153440818539000,121932490,121652369,-148.121,1.000,0.000,1.000,3.000,0.000,0.000,0.000,0,0,0
B3_zmq_pushpull,zmq_tcp,none,none,,1,4358,512,584,1785153440819239000,1785153440819239000,1785153440819239000,1785153440819240000,1785153440819379000,1785153440819382000,1785153440819382000,1785153440819382000,121932490,121652369,-141.121,0.000,0.000,1.000,3.000,0.000,0.000,0.000,0,0,0
B3_zmq_pushpull,zmq_tcp,none,none,,1,4359,512,584,1785153440820441000,1785153440820441000,1785153440820441000,1785153440820442000,1785153440820498000,1785153440820501000,1785153440820501000,1785153440820501000,121932490,121652369,-224.121,0.000,0.000,1.000,3.000,0.000,0.000,0.000,0,0,0
B3_zmq_pushpull,zmq_tcp,none,none,,1,4360,512,584,1785153440821392000,1785153440821393000,1785153440821393000,1785153440821394000,1785153440821487000,1785153440821490000,1785153440821490000,1785153440821490000,121932490,121652369,-187.121,1.000,0.000,1.000,3.000,0.000,0.000,0.000,0,0,0
B3_zmq_pushpull,zmq_tcp,none,none,,1,4361,512,584,1785153440822405000,1785153440822405000,1785153440822405000,1785153440822406000,1785153440822477000,1785153440822480000,1785153440822481000,1785153440822481000,121932490,121652369,-209.121,0.000,0.000,1.000,3.000,1.000,0.000,0.000,0,0,0
B3_zmq_pushpull,zmq_tcp,none,none,,1,4362,512,584,1785153440823399000,1785153440823399000,1785153440823399000,1785153440823400000,1785153440823468000,1785153440823471000,1785153440823471000,1785153440823471000,121932490,121652369,-212.121,0.000,0.000,1.000,3.000,0.000,0.000,0.000,0,0,0
B3_zmq_pushpull,zmq_tcp,none,none,,1,4363,512,584,1785153440824403000,1785153440824403000,1785153440824403000,1785153440824404000,1785153440824457000,1785153440824460000,1785153440824460000,1785153440824460000,121932490,121652369,-227.121,0.000,0.000,1.000,3.000,0.000,0.000,0.000,0,0,0
B3_zmq_pushpull,zmq_tcp,none,none,,1,4364,512,584,1785153440825404000,1785153440825404000,1785153440825404000,1785153440825405000,1785153440825457000,1785153440825460000,1785153440825460000,1785153440825460000,121932490,121652369,-228.121,0.000,0.000,1.000,3.000,0.000,0.000,0.000,0,0,0
B3_zmq_pushpull,zmq_tcp,none,none,,1,4365,512,584,1785153440826304000,1785153440826304000,1785153440826304000,1785153440826305000,1785153440826456000,1785153440826459000,1785153440826459000,1785153440826459000,121932490,121652369,-129.121,0.000,0.000,1.000,3.000,0.000,0.000,0.000,0,0,0
B3_zmq_pushpull,zmq_tcp,none,none,,1,4366,512,584,1785153440827296000,1785153440827296000,1785153440827296000,1785153440827297000,1785153440827440000,1785153440827443000,1785153440827443000,1785153440827443000,121932490,121652369,-137.121,0.000,0.000,1.000,3.000,0.000,0.000,0.000,0,0,0
B3_zmq_pushpull,zmq_tcp,none,none,,1,4367,512,584,1785153440828428000,1785153440828428000,1785153440828429000,1785153440828429000,1785153440828562000,1785153440828564000,1785153440828564000,1785153440828564000,121932490,121652369,-147.121,0.000,1.000,0.000,2.000,0.000,0.000,0.000,0,0,0
B3_zmq_pushpull,zmq_tcp,none,none,,1,4368,512,584,1785153440829399000,1785153440829399000,1785153440829399000,1785153440829401000,1785153440829559000,1785153440829562000,1785153440829563000,1785153440829563000,121932490,121652369,-122.121,0.000,0.000,2.000,3.000,1.000,0.000,0.000,0,0,0
B3_zmq_pushpull,zmq_tcp,none,none,,1,4369,512,584,1785153440830404000,1785153440830404000,1785153440830404000,1785153440830405000,1785153440830556000,1785153440830559000,1785153440830559000,1785153440830559000,121932490,121652369,-129.121,0.000,0.000,1.000,3.000,0.000,0.000,0.000,0,0,0
B3_zmq_pushpull,zmq_tcp,none,none,,1,4370,512,584,1785153440831403000,1785153440831403000,1785153440831403000,1785153440831404000,1785153440831543000,1785153440831545000,1785153440831545000,1785153440831545000,121932490,121652369,-141.121,0.000,0.000,1.000,2.000,0.000,0.000,0.000,0,0,0
B3_zmq_pushpull,zmq_tcp,none,none,,1,4371,512,584,1785153440832403000,1785153440832403000,1785153440832403000,1785153440832404000,1785153440832543000,1785153440832545000,1785153440832545000,1785153440832545000,121932490,121652369,-141.121,0.000,0.000,1.000,2.000,0.000,0.000,0.000,0,0,0
B3_zmq_pushpull,zmq_tcp,none,none,,1,4372,512,584,1785153440833400000,1785153440833401000,1785153440833401000,1785153440833402000,1785153440833540000,1785153440833543000,1785153440833543000,1785153440833543000,121932490,121652369,-142.121,1.000,0.000,1.000,3.000,0.000,0.000,0.000,0,0,0
B3_zmq_pushpull,zmq_tcp,none,none,,1,4373,512,584,1785153440834404000,1785153440834404000,1785153440834404000,1785153440834405000,1785153440834549000,1785153440834552000,1785153440834552000,1785153440834552000,121932490,121652369,-136.121,0.000,0.000,1.000,3.000,0.000,0.000,0.000,0,0,0
B3_zmq_pushpull,zmq_tcp,none,none,,1,4374,512,584,1785153440835403000,1785153440835404000,1785153440835404000,1785153440835405000,1785153440835555000,1785153440835558000,1785153440835558000,1785153440835558000,121932490,121652369,-130.121,1.000,0.000,1.000,3.000,0.000,0.000,0.000,0,0,0
B3_zmq_pushpull,zmq_tcp,none,none,,1,4375,512,584,1785153440836404000,1785153440836404000,1785153440836404000,1785153440836405000,1785153440836565000,1785153440836568000,1785153440836569000,1785153440836569000,121932490,121652369,-120.121,0.000,0.000,1.000,3.000,1.000,0.000,0.000,0,0,0
B3_zmq_pushpull,zmq_tcp,none,none,,1,4376,512,584,1785153440837403000,1785153440837404000,1785153440837404000,1785153440837405000,1785153440837576000,1785153440837578000,1785153440837578000,1785153440837578000,121932490,121652369,-109.121,1.000,0.000,1.000,2.000,0.000,0.000,0.000,0,0,0
B3_zmq_pushpull,zmq_tcp,none,none,,1,4377,512,584,1785153440838403000,1785153440838404000,1785153440838404000,1785153440838405000,1785153440838451000,1785153440838455000,1785153440838455000,1785153440838455000,121932490,121652369,-234.121,1.000,0.000,1.000,4.000,0.000,0.000,0.000,0,0,0
B3_zmq_pushpull,zmq_tcp,none,none,,1,4378,512,584,1785153440839404000,1785153440839404000,1785153440839404000,1785153440839405000,1785153440839571000,1785153440839574000,1785153440839574000,1785153440839574000,121932490,121652369,-114.121,0.000,0.000,1.000,3.000,0.000,0.000,0.000,0,0,0
B3_zmq_pushpull,zmq_tcp,none,none,,1,4379,512,584,1785153440840399000,1785153440840399000,1785153440840399000,1785153440840400000,1785153440840575000,1785153440840578000,1785153440840578000,1785153440840578000,121932490,121652369,-105.121,0.000,0.000,1.000,3.000,0.000,0.000,0.000,0,0,0
B3_zmq_pushpull,zmq_tcp,none,none,,1,4380,512,584,1785153440841404000,1785153440841404000,1785153440841404000,1785153440841405000,1785153440841558000,1785153440841560000,1785153440841560000,1785153440841560000,121932490,121652369,-127.121,0.000,0.000,1.000,2.000,0.000,0.000,0.000,0,0,0
B3_zmq_pushpull,zmq_tcp,none,none,,1,4381,512,584,1785153440842402000,1785153440842402000,1785153440842402000,1785153440842403000,1785153440842544000,1785153440842547000,1785153440842547000,1785153440842547000,121932490,121652369,-139.121,0.000,0.000,1.000,3.000,0.000,0.000,0.000,0,0,0
B3_zmq_pushpull,zmq_tcp,none,none,,1,4382,512,584,1785153440843402000,1785153440843402000,1785153440843402000,1785153440843403000,1785153440843516000,1785153440843520000,1785153440843520000,1785153440843520000,121932490,121652369,-167.121,0.000,0.000,1.000,4.000,0.000,0.000,0.000,0,0,0
B3_zmq_pushpull,zmq_tcp,none,none,,1,4383,512,584,1785153440844399000,1785153440844399000,1785153440844400000,1785153440844400000,1785153440844478000,1785153440844481000,1785153440844481000,1785153440844481000,121932490,121652369,-202.121,0.000,1.000,0.000,3.000,0.000,0.000,0.000,0,0,0
B3_zmq_pushpull,zmq_tcp,none,none,,1,4384,512,584,1785153440845317000,1785153440845317000,1785153440845317000,1785153440845318000,1785153440845475000,1785153440845484000,1785153440845484000,1785153440845484000,121932490,121652369,-123.121,0.000,0.000,1.000,9.000,0.000,0.000,0.000,0,0,0
B3_zmq_pushpull,zmq_tcp,none,none,,1,4385,512,584,1785153440846329000,1785153440846329000,1785153440846329000,1785153440846330000,1785153440846479000,1785153440846482000,1785153440846482000,1785153440846482000,121932490,121652369,-131.121,0.000,0.000,1.000,3.000,0.000,0.000,0.000,0,0,0
B3_zmq_pushpull,zmq_tcp,none,none,,1,4386,512,584,1785153440847324000,1785153440847324000,1785153440847324000,1785153440847325000,1785153440847484000,1785153440847487000,1785153440847487000,1785153440847487000,121932490,121652369,-121.121,0.000,0.000,1.000,3.000,0.000,0.000,0.000,0,0,0
B3_zmq_pushpull,zmq_tcp,none,none,,1,4387,512,584,1785153440848422000,1785153440848422000,1785153440848422000,1785153440848423000,1785153440848597000,1785153440848600000,1785153440848600000,1785153440848600000,121932490,121652369,-106.121,0.000,0.000,1.000,3.000,0.000,0.000,0.000,0,0,0
B3_zmq_pushpull,zmq_tcp,none,none,,1,4388,512,584,1785153440849401000,1785153440849401000,1785153440849401000,1785153440849402000,1785153440849446000,1785153440849449000,1785153440849449000,1785153440849449000,121932490,121652369,-236.121,0.000,0.000,1.000,3.000,0.000,0.000,0.000,0,0,0
B3_zmq_pushpull,zmq_tcp,none,none,,1,4389,512,584,1785153440850406000,1785153440850406000,1785153440850406000,1785153440850407000,1785153440850598000,1785153440850601000,1785153440850601000,1785153440850602000,121932490,121652369,-89.121,0.000,0.000,1.000,3.000,0.000,1.000,0.000,0,0,0
B3_zmq_pushpull,zmq_tcp,none,none,,1,4390,512,584,1785153440851403000,1785153440851403000,1785153440851403000,1785153440851404000,1785153440851591000,1785153440851594000,1785153440851594000,1785153440851594000,121932490,121652369,-93.121,0.000,0.000,1.000,3.000,0.000,0.000,0.000,0,0,0
B3_zmq_pushpull,zmq_tcp,none,none,,1,4391,512,584,1785153440852402000,1785153440852402000,1785153440852402000,1785153440852403000,1785153440852578000,1785153440852580000,1785153440852580000,1785153440852580000,121932490,121652369,-105.121,0.000,0.000,1.000,2.000,0.000,0.000,0.000,0,0,0
B3_zmq_pushpull,zmq_tcp,none,none,,1,4392,512,584,1785153440853405000,1785153440853405000,1785153440853405000,1785153440853406000,1785153440853564000,1785153440853567000,1785153440853567000,1785153440853567000,121932490,121652369,-122.121,0.000,0.000,1.000,3.000,0.000,0.000,0.000,0,0,0
B3_zmq_pushpull,zmq_tcp,none,none,,1,4393,512,584,1785153440854402000,1785153440854402000,1785153440854402000,1785153440854403000,1785153440854556000,1785153440854559000,1785153440854559000,1785153440854559000,121932490,121652369,-127.121,0.000,0.000,1.000,3.000,0.000,0.000,0.000,0,0,0
B3_zmq_pushpull,zmq_tcp,none,none,,1,4394,512,584,1785153440855399000,1785153440855399000,1785153440855400000,1785153440855400000,1785153440855523000,1785153440855526000,1785153440855526000,1785153440855526000,121932490,121652369,-157.121,0.000,1.000,0.000,3.000,0.000,0.000,0.000,0,0,0
B3_zmq_pushpull,zmq_tcp,none,none,,1,4395,512,584,1785153440856403000,1785153440856403000,1785153440856404000,1785153440856404000,1785153440856495000,1785153440856498000,1785153440856498000,1785153440856498000,121932490,121652369,-189.121,0.000,1.000,0.000,3.000,0.000,0.000,0.000,0,0,0
B3_zmq_pushpull,zmq_tcp,none,none,,1,4396,512,584,1785153440857403000,1785153440857403000,1785153440857403000,1785153440857404000,1785153440857484000,1785153440857487000,1785153440857487000,1785153440857487000,121932490,121652369,-200.121,0.000,0.000,1.000,3.000,0.000,0.000,0.000,0,0,0
B3_zmq_pushpull,zmq_tcp,none,none,,1,4397,512,584,1785153440858399000,1785153440858400000,1785153440858400000,1785153440858401000,1785153440858443000,1785153440858446000,1785153440858446000,1785153440858446000,121932490,121652369,-238.121,1.000,0.000,1.000,3.000,0.000,0.000,0.000,0,0,0
B3_zmq_pushpull,zmq_tcp,none,none,,1,4398,512,584,1785153440859295000,1785153440859295000,1785153440859295000,1785153440859296000,1785153440859454000,1785153440859456000,1785153440859456000,1785153440859456000,121932490,121652369,-122.121,0.000,0.000,1.000,2.000,0.000,0.000,0.000,0,0,0
B3_zmq_pushpull,zmq_tcp,none,none,,1,4399,512,584,1785153440860306000,1785153440860307000,1785153440860307000,1785153440860308000,1785153440860462000,1785153440860465000,1785153440860465000,1785153440860465000,121932490,121652369,-126.121,1.000,0.000,1.000,3.000,0.000,0.000,0.000,0,0,0
B3_zmq_pushpull,zmq_tcp,none,none,,1,4400,512,584,1785153440861294000,1785153440861294000,1785153440861294000,1785153440861295000,1785153440861451000,1785153440861454000,1785153440861454000,1785153440861454000,121932490,121652369,-124.121,0.000,0.000,1.000,3.000,0.000,0.000,0.000,0,0,0
B3_zmq_pushpull,zmq_tcp,none,none,,1,4401,512,584,1785153440862276000,1785153440862276000,1785153440862276000,1785153440862277000,1785153440862432000,1785153440862435000,1785153440862435000,1785153440862435000,121932490,121652369,-125.121,0.000,0.000,1.000,3.000,0.000,0.000,0.000,0,0,0
B3_zmq_pushpull,zmq_tcp,none,none,,1,4402,512,584,1785153440863436000,1785153440863437000,1785153440863437000,1785153440863438000,1785153440863560000,1785153440863563000,1785153440863563000,1785153440863563000,121932490,121652369,-158.121,1.000,0.000,1.000,3.000,0.000,0.000,0.000,0,0,0
B3_zmq_pushpull,zmq_tcp,none,none,,1,4403,512,584,1785153440864394000,1785153440864394000,1785153440864394000,1785153440864395000,1785153440864534000,1785153440864537000,1785153440864537000,1785153440864537000,121932490,121652369,-141.121,0.000,0.000,1.000,3.000,0.000,0.000,0.000,0,0,0
B3_zmq_pushpull,zmq_tcp,none,none,,1,4404,512,584,1785153440865232000,1785153440865232000,1785153440865232000,1785153440865233000,1785153440865384000,1785153440865388000,1785153440865388000,1785153440865388000,121932490,121652369,-129.121,0.000,0.000,1.000,4.000,0.000,0.000,0.000,0,0,0
B3_zmq_pushpull,zmq_tcp,none,none,,1,4405,512,584,1785153440866447000,1785153440866447000,1785153440866447000,1785153440866448000,1785153440866496000,1785153440866500000,1785153440866500000,1785153440866500000,121932490,121652369,-232.121,0.000,0.000,1.000,4.000,0.000,0.000,0.000,0,0,0
B3_zmq_pushpull,zmq_tcp,none,none,,1,4406,512,584,1785153440867393000,1785153440867393000,1785153440867393000,1785153440867394000,1785153440867508000,1785153440867511000,1785153440867511000,1785153440867511000,121932490,121652369,-166.121,0.000,0.000,1.000,3.000,0.000,0.000,0.000,0,0,0
B3_zmq_pushpull,zmq_tcp,none,none,,1,4407,512,584,1785153440868410000,1785153440868410000,1785153440868410000,1785153440868411000,1785153440868480000,1785153440868483000,1785153440868483000,1785153440868483000,121932490,121652369,-211.121,0.000,0.000,1.000,3.000,0.000,0.000,0.000,0,0,0
B3_zmq_pushpull,zmq_tcp,none,none,,1,4408,512,584,1785153440869397000,1785153440869397000,1785153440869397000,1785153440869398000,1785153440869480000,1785153440869483000,1785153440869483000,1785153440869483000,121932490,121652369,-198.121,0.000,0.000,1.000,3.000,0.000,0.000,0.000,0,0,0
B3_zmq_pushpull,zmq_tcp,none,none,,1,4409,512,584,1785153440870407000,1785153440870408000,1785153440870408000,1785153440870409000,1785153440870463000,1785153440870466000,1785153440870466000,1785153440870466000,121932490,121652369,-226.121,1.000,0.000,1.000,3.000,0.000,0.000,0.000,0,0,0
B3_zmq_pushpull,zmq_tcp,none,none,,1,4410,512,584,1785153440871402000,1785153440871402000,1785153440871402000,1785153440871403000,1785153440871470000,1785153440871473000,1785153440871473000,1785153440871473000,121932490,121652369,-213.121,0.000,0.000,1.000,3.000,0.000,0.000,0.000,0,0,0
B3_zmq_pushpull,zmq_tcp,none,none,,1,4411,512,584,1785153440872403000,1785153440872403000,1785153440872403000,1785153440872404000,1785153440872589000,1785153440872592000,1785153440872592000,1785153440872592000,121932490,121652369,-95.121,0.000,0.000,1.000,3.000,0.000,0.000,0.000,0,0,0
B3_zmq_pushpull,zmq_tcp,none,none,,1,4412,512,584,1785153440873399000,1785153440873400000,1785153440873400000,1785153440873401000,1785153440873443000,1785153440873447000,1785153440873447000,1785153440873447000,121932490,121652369,-238.121,1.000,0.000,1.000,4.000,0.000,0.000,0.000,0,0,0
B3_zmq_pushpull,zmq_tcp,none,none,,1,4413,512,584,1785153440874409000,1785153440874409000,1785153440874409000,1785153440874410000,1785153440874568000,1785153440874571000,1785153440874571000,1785153440874571000,121932490,121652369,-122.121,0.000,0.000,1.000,3.000,0.000,0.000,0.000,0,0,0
B3_zmq_pushpull,zmq_tcp,none,none,,1,4414,512,584,1785153440875403000,1785153440875403000,1785153440875403000,1785153440875404000,1785153440875571000,1785153440875574000,1785153440875574000,1785153440875574000,121932490,121652369,-113.121,0.000,0.000,1.000,3.000,0.000,0.000,0.000,0,0,0
B3_zmq_pushpull,zmq_tcp,none,none,,1,4415,512,584,1785153440876402000,1785153440876402000,1785153440876402000,1785153440876403000,1785153440876551000,1785153440876554000,1785153440876554000,1785153440876554000,121932490,121652369,-132.121,0.000,0.000,1.000,3.000,0.000,0.000,0.000,0,0,0
B3_zmq_pushpull,zmq_tcp,none,none,,1,4416,512,584,1785153440877402000,1785153440877402000,1785153440877402000,1785153440877403000,1785153440877547000,1785153440877550000,1785153440877550000,1785153440877550000,121932490,121652369,-136.121,0.000,0.000,1.000,3.000,0.000,0.000,0.000,0,0,0
B3_zmq_pushpull,zmq_tcp,none,none,,1,4417,512,584,1785153440878402000,1785153440878402000,1785153440878402000,1785153440878403000,1785153440878543000,1785153440878546000,1785153440878546000,1785153440878546000,121932490,121652369,-140.121,0.000,0.000,1.000,3.000,0.000,0.000,0.000,0,0,0
B3_zmq_pushpull,zmq_tcp,none,none,,1,4418,512,584,1785153440879233000,1785153440879233000,1785153440879233000,1785153440879235000,1785153440879391000,1785153440879394000,1785153440879394000,1785153440879394000,121932490,121652369,-124.121,0.000,0.000,2.000,3.000,0.000,0.000,0.000,0,0,0
B3_zmq_pushpull,zmq_tcp,none,none,,1,4419,512,584,1785153440880447000,1785153440880447000,1785153440880447000,1785153440880448000,1785153440880528000,1785153440880531000,1785153440880531000,1785153440880531000,121932490,121652369,-200.121,0.000,0.000,1.000,3.000,0.000,0.000,0.000,0,0,0
B3_zmq_pushpull,zmq_tcp,none,none,,1,4420,512,584,1785153440881390000,1785153440881390000,1785153440881390000,1785153440881391000,1785153440881518000,1785153440881520000,1785153440881521000,1785153440881521000,121932490,121652369,-153.121,0.000,0.000,1.000,2.000,1.000,0.000,0.000,0,0,0
B3_zmq_pushpull,zmq_tcp,none,none,,1,4421,512,584,1785153440882408000,1785153440882409000,1785153440882409000,1785153440882410000,1785153440882522000,1785153440882524000,1785153440882524000,1785153440882524000,121932490,121652369,-168.121,1.000,0.000,1.000,2.000,0.000,0.000,0.000,0,0,0
B3_zmq_pushpull,zmq_tcp,none,none,,1,4422,512,584,1785153440883370000,1785153440883371000,1785153440883371000,1785153440883372000,1785153440883501000,1785153440883504000,1785153440883504000,1785153440883504000,121932490,121652369,-151.121,1.000,0.000,1.000,3.000,0.000,0.000,0.000,0,0,0
B3_zmq_pushpull,zmq_tcp,none,none,,1,4423,512,584,1785153440884205000,1785153440884205000,1785153440884206000,1785153440884206000,1785153440884349000,1785153440884351000,1785153440884351000,1785153440884351000,121932490,121652369,-137.121,0.000,1.000,0.000,2.000,0.000,0.000,0.000,0,0,0
B3_zmq_pushpull,zmq_tcp,none,none,,1,4424,512,584,1785153440885326000,1785153440885326000,1785153440885326000,1785153440885327000,1785153440885470000,1785153440885474000,1785153440885474000,1785153440885474000,121932490,121652369,-137.121,0.000,0.000,1.000,4.000,0.000,0.000,0.000,0,0,0
B3_zmq_pushpull,zmq_tcp,none,none,,1,4425,512,584,1785153440886422000,1785153440886422000,1785153440886422000,1785153440886423000,1785153440886584000,1785153440886587000,1785153440886587000,1785153440886587000,121932490,121652369,-119.121,0.000,0.000,1.000,3.000,0.000,0.000,0.000,0,0,0
B3_zmq_pushpull,zmq_tcp,none,none,,1,4426,512,584,1785153440887270000,1785153440887271000,1785153440887271000,1785153440887272000,1785153440887423000,1785153440887426000,1785153440887426000,1785153440887426000,121932490,121652369,-129.121,1.000,0.000,1.000,3.000,0.000,0.000,0.000,0,0,0
B3_zmq_pushpull,zmq_tcp,none,none,,1,4427,512,584,1785153440888435000,1785153440888436000,1785153440888436000,1785153440888436000,1785153440888551000,1785153440888554000,1785153440888554000,1785153440888554000,121932490,121652369,-165.121,1.000,0.000,0.000,3.000,0.000,0.000,0.000,0,0,0
B3_zmq_pushpull,zmq_tcp,none,none,,1,4428,512,584,1785153440889250000,1785153440889250000,1785153440889250000,1785153440889251000,1785153440889410000,1785153440889414000,1785153440889414000,1785153440889414000,121932490,121652369,-121.121,0.000,0.000,1.000,4.000,0.000,0.000,0.000,0,0,0
B3_zmq_pushpull,zmq_tcp,none,none,,1,4429,512,584,1785153440890443000,1785153440890443000,1785153440890443000,1785153440890444000,1785153440890530000,1785153440890533000,1785153440890533000,1785153440890533000,121932490,121652369,-194.121,0.000,0.000,1.000,3.000,0.000,0.000,0.000,0,0,0
B3_zmq_pushpull,zmq_tcp,none,none,,1,4430,512,584,1785153440891391000,1785153440891392000,1785153440891392000,1785153440891393000,1785153440891531000,1785153440891534000,1785153440891534000,1785153440891534000,121932490,121652369,-142.121,1.000,0.000,1.000,3.000,0.000,0.000,0.000,0,0,0
B3_zmq_pushpull,zmq_tcp,none,none,,1,4431,512,584,1785153440892406000,1785153440892406000,1785153440892406000,1785153440892407000,1785153440892523000,1785153440892526000,1785153440892526000,1785153440892526000,121932490,121652369,-164.121,0.000,0.000,1.000,3.000,0.000,0.000,0.000,0,0,0
B3_zmq_pushpull,zmq_tcp,none,none,,1,4432,512,584,1785153440893402000,1785153440893402000,1785153440893402000,1785153440893403000,1785153440893498000,1785153440893500000,1785153440893501000,1785153440893501000,121932490,121652369,-185.121,0.000,0.000,1.000,2.000,1.000,0.000,0.000,0,0,0
B3_zmq_pushpull,zmq_tcp,none,none,,1,4433,512,584,1785153440894402000,1785153440894403000,1785153440894403000,1785153440894404000,1785153440894467000,1785153440894470000,1785153440894470000,1785153440894470000,121932490,121652369,-217.121,1.000,0.000,1.000,3.000,0.000,0.000,0.000,0,0,0
B3_zmq_pushpull,zmq_tcp,none,none,,1,4434,512,584,1785153440895399000,1785153440895400000,1785153440895400000,1785153440895401000,1785153440895447000,1785153440895451000,1785153440895451000,1785153440895451000,121932490,121652369,-234.121,1.000,0.000,1.000,4.000,0.000,0.000,0.000,0,0,0
B3_zmq_pushpull,zmq_tcp,none,none,,1,4435,512,584,1785153440896287000,1785153440896287000,1785153440896287000,1785153440896288000,1785153440896447000,1785153440896450000,1785153440896450000,1785153440896450000,121932490,121652369,-121.121,0.000,0.000,1.000,3.000,0.000,0.000,0.000,0,0,0
B3_zmq_pushpull,zmq_tcp,none,none,,1,4436,512,584,1785153440897432000,1785153440897432000,1785153440897432000,1785153440897433000,1785153440897585000,1785153440897587000,1785153440897587000,1785153440897587000,121932490,121652369,-128.121,0.000,0.000,1.000,2.000,0.000,0.000,0.000,0,0,0
B3_zmq_pushpull,zmq_tcp,none,none,,1,4437,512,584,1785153440898397000,1785153440898397000,1785153440898397000,1785153440898398000,1785153440898573000,1785153440898575000,1785153440898575000,1785153440898575000,121932490,121652369,-105.121,0.000,0.000,1.000,2.000,0.000,0.000,0.000,0,0,0
B3_zmq_pushpull,zmq_tcp,none,none,,1,4438,512,584,1785153440899403000,1785153440899404000,1785153440899404000,1785153440899405000,1785153440899533000,1785153440899536000,1785153440899536000,1785153440899536000,121932490,121652369,-152.121,1.000,0.000,1.000,3.000,0.000,0.000,0.000,0,0,0
B3_zmq_pushpull,zmq_tcp,none,none,,1,4439,512,584,1785153440900225000,1785153440900225000,1785153440900225000,1785153440900226000,1785153440900379000,1785153440900382000,1785153440900382000,1785153440900382000,121932490,121652369,-127.121,0.000,0.000,1.000,3.000,0.000,0.000,0.000,0,0,0
B3_zmq_pushpull,zmq_tcp,none,none,,1,4440,512,584,1785153440901206000,1785153440901207000,1785153440901207000,1785153440901208000,1785153440901346000,1785153440901348000,1785153440901348000,1785153440901349000,121932490,121652369,-142.121,1.000,0.000,1.000,2.000,0.000,1.000,0.000,0,0,0
B3_zmq_pushpull,zmq_tcp,none,none,,1,4441,512,584,1785153440902453000,1785153440902453000,1785153440902453000,1785153440902454000,1785153440902638000,1785153440902642000,1785153440902642000,1785153440902642000,121932490,121652369,-96.121,0.000,0.000,1.000,4.000,0.000,0.000,0.000,0,0,0
B3_zmq_pushpull,zmq_tcp,none,none,,1,4442,512,584,1785153440903331000,1785153440903332000,1785153440903332000,1785153440903333000,1785153440903490000,1785153440903493000,1785153440903493000,1785153440903493000,121932490,121652369,-123.121,1.000,0.000,1.000,3.000,0.000,0.000,0.000,0,0,0
B3_zmq_pushpull,zmq_tcp,none,none,,1,4443,512,584,1785153440904316000,1785153440904316000,1785153440904316000,1785153440904317000,1785153440904478000,1785153440904481000,1785153440904481000,1785153440904481000,121932490,121652369,-119.121,0.000,0.000,1.000,3.000,0.000,0.000,0.000,0,0,0
B3_zmq_pushpull,zmq_tcp,none,none,,1,4444,512,584,1785153440905426000,1785153440905426000,1785153440905426000,1785153440905427000,1785153440905609000,1785153440905612000,1785153440905612000,1785153440905612000,121932490,121652369,-98.121,0.000,0.000,1.000,3.000,0.000,0.000,0.000,0,0,0
B3_zmq_pushpull,zmq_tcp,none,none,,1,4445,512,584,1785153440906398000,1785153440906398000,1785153440906398000,1785153440906399000,1785153440906450000,1785153440906454000,1785153440906454000,1785153440906454000,121932490,121652369,-229.121,0.000,0.000,1.000,4.000,0.000,0.000,0.000,0,0,0
B3_zmq_pushpull,zmq_tcp,none,none,,1,4446,512,584,1785153440907404000,1785153440907404000,1785153440907404000,1785153440907405000,1785153440907567000,1785153440907570000,1785153440907570000,1785153440907570000,121932490,121652369,-118.121,0.000,0.000,1.000,3.000,0.000,0.000,0.000,0,0,0
B3_zmq_pushpull,zmq_tcp,none,none,,1,4447,512,584,1785153440908400000,1785153440908400000,1785153440908400000,1785153440908401000,1785153440908548000,1785153440908551000,1785153440908551000,1785153440908551000,121932490,121652369,-133.121,0.000,0.000,1.000,3.000,0.000,0.000,0.000,0,0,0
B3_zmq_pushpull,zmq_tcp,none,none,,1,4448,512,584,1785153440909245000,1785153440909245000,1785153440909245000,1785153440909246000,1785153440909402000,1785153440909405000,1785153440909405000,1785153440909405000,121932490,121652369,-124.121,0.000,0.000,1.000,3.000,0.000,0.000,0.000,0,0,0
B3_zmq_pushpull,zmq_tcp,none,none,,1,4449,512,584,1785153440910445000,1785153440910445000,1785153440910445000,1785153440910446000,1785153440910518000,1785153440910521000,1785153440910521000,1785153440910521000,121932490,121652369,-208.121,0.000,0.000,1.000,3.000,0.000,0.000,0.000,0,0,0
B3_zmq_pushpull,zmq_tcp,none,none,,1,4450,512,584,1785153440911392000,1785153440911392000,1785153440911392000,1785153440911393000,1785153440911506000,1785153440911509000,1785153440911509000,1785153440911509000,121932490,121652369,-167.121,0.000,0.000,1.000,3.000,0.000,0.000,0.000,0,0,0
B3_zmq_pushpull,zmq_tcp,none,none,,1,4451,512,584,1785153440912406000,1785153440912406000,1785153440912406000,1785153440912407000,1785153440912502000,1785153440912504000,1785153440912505000,1785153440912505000,121932490,121652369,-185.121,0.000,0.000,1.000,2.000,1.000,0.000,0.000,0,0,0
B3_zmq_pushpull,zmq_tcp,none,none,,1,4452,512,584,1785153440913217000,1785153440913217000,1785153440913217000,1785153440913218000,1785153440913355000,1785153440913358000,1785153440913358000,1785153440913358000,121932490,121652369,-143.121,0.000,0.000,1.000,3.000,0.000,0.000,0.000,0,0,0
B3_zmq_pushpull,zmq_tcp,none,none,,1,4453,512,584,1785153440914311000,1785153440914311000,1785153440914311000,1785153440914312000,1785153440914463000,1785153440914466000,1785153440914466000,1785153440914466000,121932490,121652369,-129.121,0.000,0.000,1.000,3.000,0.000,0.000,0.000,0,0,0
B3_zmq_pushpull,zmq_tcp,none,none,,1,4454,512,584,1785153440915288000,1785153440915288000,1785153440915288000,1785153440915289000,1785153440915440000,1785153440915443000,1785153440915443000,1785153440915443000,121932490,121652369,-129.121,0.000,0.000,1.000,3.000,0.000,0.000,0.000,0,0,0
B3_zmq_pushpull,zmq_tcp,none,none,,1,4455,512,584,1785153440916432000,1785153440916433000,1785153440916433000,1785153440916434000,1785153440916591000,1785153440916594000,1785153440916594000,1785153440916594000,121932490,121652369,-123.121,1.000,0.000,1.000,3.000,0.000,0.000,0.000,0,0,0
B3_zmq_pushpull,zmq_tcp,none,none,,1,4456,512,584,1785153440917396000,1785153440917396000,1785153440917396000,1785153440917397000,1785153440917570000,1785153440917573000,1785153440917573000,1785153440917573000,121932490,121652369,-107.121,0.000,0.000,1.000,3.000,0.000,0.000,0.000,0,0,0
B3_zmq_pushpull,zmq_tcp,none,none,,1,4457,512,584,1785153440918406000,1785153440918406000,1785153440918406000,1785153440918407000,1785153440918557000,1785153440918560000,1785153440918560000,1785153440918560000,121932490,121652369,-130.121,0.000,0.000,1.000,3.000,0.000,0.000,0.000,0,0,0
B3_zmq_pushpull,zmq_tcp,none,none,,1,4458,512,584,1785153440919402000,1785153440919403000,1785153440919403000,1785153440919404000,1785153440919542000,1785153440919545000,1785153440919545000,1785153440919545000,121932490,121652369,-142.121,1.000,0.000,1.000,3.000,0.000,0.000,0.000,0,0,0
B3_zmq_pushpull,zmq_tcp,none,none,,1,4459,512,584,1785153440920402000,1785153440920402000,1785153440920402000,1785153440920403000,1785153440920532000,1785153440920536000,1785153440920536000,1785153440920536000,121932490,121652369,-151.121,0.000,0.000,1.000,4.000,0.000,0.000,0.000,0,0,0
B3_zmq_pushpull,zmq_tcp,none,none,,1,4460,512,584,1785153440921400000,1785153440921400000,1785153440921400000,1785153440921401000,1785153440921523000,1785153440921526000,1785153440921526000,1785153440921526000,121932490,121652369,-158.121,0.000,0.000,1.000,3.000,0.000,0.000,0.000,0,0,0
B3_zmq_pushpull,zmq_tcp,none,none,,1,4461,512,584,1785153440922404000,1785153440922404000,1785153440922405000,1785153440922405000,1785153440922504000,1785153440922508000,1785153440922508000,1785153440922508000,121932490,121652369,-181.121,0.000,1.000,0.000,4.000,0.000,0.000,0.000,0,0,0
B3_zmq_pushpull,zmq_tcp,none,none,,1,4462,512,584,1785153440923403000,1785153440923403000,1785153440923403000,1785153440923404000,1785153440923502000,1785153440923505000,1785153440923505000,1785153440923505000,121932490,121652369,-182.121,0.000,0.000,1.000,3.000,0.000,0.000,0.000,0,0,0
B3_zmq_pushpull,zmq_tcp,none,none,,1,4463,512,584,1785153440924400000,1785153440924400000,1785153440924400000,1785153440924401000,1785153440924501000,1785153440924503000,1785153440924503000,1785153440924503000,121932490,121652369,-180.121,0.000,0.000,1.000,2.000,0.000,0.000,0.000,0,0,0
B3_zmq_pushpull,zmq_tcp,none,none,,1,4464,512,584,1785153440925406000,1785153440925406000,1785153440925406000,1785153440925407000,1785153440925493000,1785153440925495000,1785153440925495000,1785153440925495000,121932490,121652369,-194.121,0.000,0.000,1.000,2.000,0.000,0.000,0.000,0,0,0
B3_zmq_pushpull,zmq_tcp,none,none,,1,4465,512,584,1785153440926402000,1785153440926402000,1785153440926402000,1785153440926403000,1785153440926481000,1785153440926484000,1785153440926484000,1785153440926484000,121932490,121652369,-202.121,0.000,0.000,1.000,3.000,0.000,0.000,0.000,0,0,0
B3_zmq_pushpull,zmq_tcp,none,none,,1,4466,512,584,1785153440927404000,1785153440927405000,1785153440927405000,1785153440927406000,1785153440927462000,1785153440927465000,1785153440927465000,1785153440927465000,121932490,121652369,-224.121,1.000,0.000,1.000,3.000,0.000,0.000,0.000,0,0,0
B3_zmq_pushpull,zmq_tcp,none,none,,1,4467,512,584,1785153440928289000,1785153440928290000,1785153440928290000,1785153440928291000,1785153440928441000,1785153440928443000,1785153440928443000,1785153440928443000,121932490,121652369,-130.121,1.000,0.000,1.000,2.000,0.000,0.000,0.000,0,0,0
B3_zmq_pushpull,zmq_tcp,none,none,,1,4468,512,584,1785153440929247000,1785153440929247000,1785153440929247000,1785153440929248000,1785153440929399000,1785153440929402000,1785153440929402000,1785153440929402000,121932490,121652369,-129.121,0.000,0.000,1.000,3.000,0.000,0.000,0.000,0,0,0
B3_zmq_pushpull,zmq_tcp,none,none,,1,4469,512,584,1785153440930222000,1785153440930222000,1785153440930222000,1785153440930223000,1785153440930371000,1785153440930374000,1785153440930374000,1785153440930374000,121932490,121652369,-132.121,0.000,0.000,1.000,3.000,0.000,0.000,0.000,0,0,0
B3_zmq_pushpull,zmq_tcp,none,none,,1,4470,512,584,1785153440931212000,1785153440931212000,1785153440931212000,1785153440931213000,1785153440931353000,1785153440931355000,1785153440931355000,1785153440931355000,121932490,121652369,-140.121,0.000,0.000,1.000,2.000,0.000,0.000,0.000,0,0,0
B3_zmq_pushpull,zmq_tcp,none,none,,1,4471,512,584,1785153440932208000,1785153440932208000,1785153440932208000,1785153440932209000,1785153440932353000,1785153440932355000,1785153440932355000,1785153440932355000,121932490,121652369,-136.121,0.000,0.000,1.000,2.000,0.000,0.000,0.000,0,0,0
B3_zmq_pushpull,zmq_tcp,none,none,,1,4472,512,584,1785153440933319000,1785153440933319000,1785153440933319000,1785153440933320000,1785153440933475000,1785153440933478000,1785153440933478000,1785153440933478000,121932490,121652369,-125.121,0.000,0.000,1.000,3.000,0.000,0.000,0.000,0,0,0
B3_zmq_pushpull,zmq_tcp,none,none,,1,4473,512,584,1785153440934316000,1785153440934316000,1785153440934316000,1785153440934317000,1785153440934469000,1785153440934471000,1785153440934471000,1785153440934471000,121932490,121652369,-128.121,0.000,0.000,1.000,2.000,0.000,0.000,0.000,0,0,0
B3_zmq_pushpull,zmq_tcp,none,none,,1,4474,512,584,1785153440935305000,1785153440935306000,1785153440935306000,1785153440935307000,1785153440935458000,1785153440935461000,1785153440935461000,1785153440935461000,121932490,121652369,-129.121,1.000,0.000,1.000,3.000,0.000,0.000,0.000,0,0,0
B3_zmq_pushpull,zmq_tcp,none,none,,1,4475,512,584,1785153440936293000,1785153440936293000,1785153440936293000,1785153440936294000,1785153440936445000,1785153440936447000,1785153440936447000,1785153440936447000,121932490,121652369,-129.121,0.000,0.000,1.000,2.000,0.000,0.000,0.000,0,0,0
B3_zmq_pushpull,zmq_tcp,none,none,,1,4476,512,584,1785153440937269000,1785153440937269000,1785153440937270000,1785153440937270000,1785153440937426000,1785153440937429000,1785153440937429000,1785153440937429000,121932490,121652369,-124.121,0.000,1.000,0.000,3.000,0.000,0.000,0.000,0,0,0
B3_zmq_pushpull,zmq_tcp,none,none,,1,4477,512,584,1785153440938436000,1785153440938436000,1785153440938436000,1785153440938437000,1785153440938547000,1785153440938550000,1785153440938550000,1785153440938550000,121932490,121652369,-170.121,0.000,0.000,1.000,3.000,0.000,0.000,0.000,0,0,0
B3_zmq_pushpull,zmq_tcp,none,none,,1,4478,512,584,1785153440939223000,1785153440939223000,1785153440939223000,1785153440939224000,1785153440939382000,1785153440939385000,1785153440939385000,1785153440939385000,121932490,121652369,-122.121,0.000,0.000,1.000,3.000,0.000,0.000,0.000,0,0,0
B3_zmq_pushpull,zmq_tcp,none,none,,1,4479,512,584,1785153440940450000,1785153440940450000,1785153440940450000,1785153440940451000,1785153440940503000,1785153440940506000,1785153440940506000,1785153440940506000,121932490,121652369,-228.121,0.000,0.000,1.000,3.000,0.000,0.000,0.000,0,0,0
B3_zmq_pushpull,zmq_tcp,none,none,,1,4480,512,584,1785153440941390000,1785153440941391000,1785153440941391000,1785153440941392000,1785153440941498000,1785153440941501000,1785153440941501000,1785153440941501000,121932490,121652369,-174.121,1.000,0.000,1.000,3.000,0.000,0.000,0.000,0,0,0
B3_zmq_pushpull,zmq_tcp,none,none,,1,4481,512,584,1785153440942406000,1785153440942406000,1785153440942406000,1785153440942407000,1785153440942474000,1785153440942477000,1785153440942477000,1785153440942477000,121932490,121652369,-213.121,0.000,0.000,1.000,3.000,0.000,0.000,0.000,0,0,0
B3_zmq_pushpull,zmq_tcp,none,none,,1,4482,512,584,1785153440943400000,1785153440943400000,1785153440943400000,1785153440943401000,1785153440943446000,1785153440943449000,1785153440943449000,1785153440943449000,121932490,121652369,-235.121,0.000,0.000,1.000,3.000,0.000,0.000,0.000,0,0,0
B3_zmq_pushpull,zmq_tcp,none,none,,1,4483,512,584,1785153440944404000,1785153440944404000,1785153440944404000,1785153440944405000,1785153440944556000,1785153440944559000,1785153440944559000,1785153440944559000,121932490,121652369,-129.121,0.000,0.000,1.000,3.000,0.000,0.000,0.000,0,0,0
B3_zmq_pushpull,zmq_tcp,none,none,,1,4484,512,584,1785153440945250000,1785153440945250000,1785153440945250000,1785153440945251000,1785153440945411000,1785153440945415000,1785153440945415000,1785153440945415000,121932490,121652369,-120.121,0.000,0.000,1.000,4.000,0.000,0.000,0.000,0,0,0
B3_zmq_pushpull,zmq_tcp,none,none,,1,4485,512,584,1785153440946441000,1785153440946441000,1785153440946441000,1785153440946442000,1785153440946533000,1785153440946535000,1785153440946535000,1785153440946535000,121932490,121652369,-189.121,0.000,0.000,1.000,2.000,0.000,0.000,0.000,0,0,0
B3_zmq_pushpull,zmq_tcp,none,none,,1,4486,512,584,1785153440947396000,1785153440947396000,1785153440947396000,1785153440947397000,1785153440947508000,1785153440947511000,1785153440947511000,1785153440947511000,121932490,121652369,-169.121,0.000,0.000,1.000,3.000,0.000,0.000,0.000,0,0,0
B3_zmq_pushpull,zmq_tcp,none,none,,1,4487,512,584,1785153440948405000,1785153440948405000,1785153440948405000,1785153440948406000,1785153440948481000,1785153440948484000,1785153440948484000,1785153440948484000,121932490,121652369,-205.121,0.000,0.000,1.000,3.000,0.000,0.000,0.000,0,0,0
B3_zmq_pushpull,zmq_tcp,none,none,,1,4488,512,584,1785153440949402000,1785153440949403000,1785153440949403000,1785153440949404000,1785153440949457000,1785153440949459000,1785153440949459000,1785153440949459000,121932490,121652369,-227.121,1.000,0.000,1.000,2.000,0.000,0.000,0.000,0,0,0
B3_zmq_pushpull,zmq_tcp,none,none,,1,4489,512,584,1785153440950403000,1785153440950403000,1785153440950403000,1785153440950404000,1785153440950585000,1785153440950587000,1785153440950587000,1785153440950587000,121932490,121652369,-99.121,0.000,0.000,1.000,2.000,0.000,0.000,0.000,0,0,0
B3_zmq_pushpull,zmq_tcp,none,none,,1,4490,512,584,1785153440951279000,1785153440951280000,1785153440951280000,1785153440951281000,1785153440951438000,1785153440951441000,1785153440951441000,1785153440951441000,121932490,121652369,-123.121,1.000,0.000,1.000,3.000,0.000,0.000,0.000,0,0,0
B3_zmq_pushpull,zmq_tcp,none,none,,1,4491,512,584,1785153440952434000,1785153440952434000,1785153440952434000,1785153440952435000,1785153440952564000,1785153440952567000,1785153440952567000,1785153440952567000,121932490,121652369,-151.121,0.000,0.000,1.000,3.000,0.000,0.000,0.000,0,0,0
B3_zmq_pushpull,zmq_tcp,none,none,,1,4492,512,584,1785153440953276000,1785153440953277000,1785153440953277000,1785153440953278000,1785153440953435000,1785153440953438000,1785153440953438000,1785153440953438000,121932490,121652369,-123.121,1.000,0.000,1.000,3.000,0.000,0.000,0.000,0,0,0
B3_zmq_pushpull,zmq_tcp,none,none,,1,4493,512,584,1785153440954259000,1785153440954259000,1785153440954259000,1785153440954260000,1785153440954410000,1785153440954414000,1785153440954414000,1785153440954414000,121932490,121652369,-130.121,0.000,0.000,1.000,4.000,0.000,0.000,0.000,0,0,0
B3_zmq_pushpull,zmq_tcp,none,none,,1,4494,512,584,1785153440955437000,1785153440955437000,1785153440955437000,1785153440955438000,1785153440955559000,1785153440955562000,1785153440955562000,1785153440955563000,121932490,121652369,-159.121,0.000,0.000,1.000,3.000,0.000,1.000,0.000,0,0,0
B3_zmq_pushpull,zmq_tcp,none,none,,1,4495,512,584,1785153440956262000,1785153440956262000,1785153440956262000,1785153440956263000,1785153440956416000,1785153440956419000,1785153440956419000,1785153440956419000,121932490,121652369,-127.121,0.000,0.000,1.000,3.000,0.000,0.000,0.000,0,0,0
B3_zmq_pushpull,zmq_tcp,none,none,,1,4496,512,584,1785153440957444000,1785153440957444000,1785153440957444000,1785153440957445000,1785153440957550000,1785153440957552000,1785153440957552000,1785153440957552000,121932490,121652369,-175.121,0.000,0.000,1.000,2.000,0.000,0.000,0.000,0,0,0
B3_zmq_pushpull,zmq_tcp,none,none,,1,4497,512,584,1785153440958262000,1785153440958262000,1785153440958262000,1785153440958264000,1785153440958406000,1785153440958410000,1785153440958410000,1785153440958410000,121932490,121652369,-138.121,0.000,0.000,2.000,4.000,0.000,0.000,0.000,0,0,0
B3_zmq_pushpull,zmq_tcp,none,none,,1,4498,512,584,1785153440959440000,1785153440959440000,1785153440959440000,1785153440959441000,1785153440959542000,1785153440959546000,1785153440959546000,1785153440959546000,121932490,121652369,-179.121,0.000,0.000,1.000,4.000,0.000,0.000,0.000,0,0,0
B3_zmq_pushpull,zmq_tcp,none,none,,1,4499,512,584,1785153440960393000,1785153440960394000,1785153440960394000,1785153440960395000,1785153440960554000,1785153440960560000,1785153440960560000,1785153440960560000,121932490,121652369,-121.121,1.000,0.000,1.000,6.000,0.000,0.000,0.000,0,0,0
B3_zmq_pushpull,zmq_tcp,none,none,,1,4500,512,584,1785153440961263000,1785153440961263000,1785153440961264000,1785153440961264000,1785153440961423000,1785153440961426000,1785153440961426000,1785153440961426000,121932490,121652369,-121.121,0.000,1.000,0.000,3.000,0.000,0.000,0.000,0,0,0
B3_zmq_pushpull,zmq_tcp,none,none,,1,4501,512,584,1785153440962435000,1785153440962436000,1785153440962436000,1785153440962437000,1785153440962558000,1785153440962561000,1785153440962561000,1785153440962561000,121932490,121652369,-159.121,1.000,0.000,1.000,3.000,0.000,0.000,0.000,0,0,0
B3_zmq_pushpull,zmq_tcp,none,none,,1,4502,512,584,1785153440963396000,1785153440963396000,1785153440963396000,1785153440963397000,1785153440963545000,1785153440963548000,1785153440963548000,1785153440963548000,121932490,121652369,-132.121,0.000,0.000,1.000,3.000,0.000,0.000,0.000,0,0,0
B3_zmq_pushpull,zmq_tcp,none,none,,1,4503,512,584,1785153440964406000,1785153440964406000,1785153440964406000,1785153440964407000,1785153440964543000,1785153440964546000,1785153440964546000,1785153440964546000,121932490,121652369,-144.121,0.000,0.000,1.000,3.000,0.000,0.000,0.000,0,0,0
B3_zmq_pushpull,zmq_tcp,none,none,,1,4504,512,584,1785153440965402000,1785153440965403000,1785153440965403000,1785153440965404000,1785153440965554000,1785153440965557000,1785153440965557000,1785153440965557000,121932490,121652369,-130.121,1.000,0.000,1.000,3.000,0.000,0.000,0.000,0,0,0
B3_zmq_pushpull,zmq_tcp,none,none,,1,4505,512,584,1785153440966406000,1785153440966406000,1785153440966406000,1785153440966407000,1785153440966566000,1785153440966569000,1785153440966569000,1785153440966569000,121932490,121652369,-121.121,0.000,0.000,1.000,3.000,0.000,0.000,0.000,0,0,0
B3_zmq_pushpull,zmq_tcp,none,none,,1,4506,512,584,1785153440967406000,1785153440967406000,1785153440967406000,1785153440967407000,1785153440967595000,1785153440967598000,1785153440967598000,1785153440967598000,121932490,121652369,-92.121,0.000,0.000,1.000,3.000,0.000,0.000,0.000,0,0,0
B3_zmq_pushpull,zmq_tcp,none,none,,1,4507,512,584,1785153440968296000,1785153440968296000,1785153440968296000,1785153440968297000,1785153440968455000,1785153440968458000,1785153440968458000,1785153440968458000,121932490,121652369,-122.121,0.000,0.000,1.000,3.000,0.000,0.000,0.000,0,0,0
B3_zmq_pushpull,zmq_tcp,none,none,,1,4508,512,584,1785153440969300000,1785153440969300000,1785153440969300000,1785153440969301000,1785153440969454000,1785153440969457000,1785153440969457000,1785153440969457000,121932490,121652369,-127.121,0.000,0.000,1.000,3.000,0.000,0.000,0.000,0,0,0
B3_zmq_pushpull,zmq_tcp,none,none,,1,4509,512,584,1785153440970295000,1785153440970295000,1785153440970295000,1785153440970296000,1785153440970448000,1785153440970451000,1785153440970451000,1785153440970451000,121932490,121652369,-128.121,0.000,0.000,1.000,3.000,0.000,0.000,0.000,0,0,0
B3_zmq_pushpull,zmq_tcp,none,none,,1,4510,512,584,1785153440971291000,1785153440971291000,1785153440971291000,1785153440971292000,1785153440971446000,1785153440971448000,1785153440971448000,1785153440971448000,121932490,121652369,-126.121,0.000,0.000,1.000,2.000,0.000,0.000,0.000,0,0,0
B3_zmq_pushpull,zmq_tcp,none,none,,1,4511,512,584,1785153440972292000,1785153440972292000,1785153440972292000,1785153440972293000,1785153440972450000,1785153440972452000,1785153440972452000,1785153440972452000,121932490,121652369,-123.121,0.000,0.000,1.000,2.000,0.000,0.000,0.000,0,0,0
B3_zmq_pushpull,zmq_tcp,none,none,,1,4512,512,584,1785153440973305000,1785153440973306000,1785153440973306000,1785153440973307000,1785153440973458000,1785153440973461000,1785153440973461000,1785153440973461000,121932490,121652369,-129.121,1.000,0.000,1.000,3.000,0.000,0.000,0.000,0,0,0
B3_zmq_pushpull,zmq_tcp,none,none,,1,4513,512,584,1785153440974315000,1785153440974315000,1785153440974315000,1785153440974316000,1785153440974467000,1785153440974470000,1785153440974470000,1785153440974470000,121932490,121652369,-129.121,0.000,0.000,1.000,3.000,0.000,0.000,0.000,0,0,0
B3_zmq_pushpull,zmq_tcp,none,none,,1,4514,512,584,1785153440975318000,1785153440975318000,1785153440975318000,1785153440975319000,1785153440975475000,1785153440975478000,1785153440975478000,1785153440975478000,121932490,121652369,-124.121,0.000,0.000,1.000,3.000,0.000,0.000,0.000,0,0,0
B3_zmq_pushpull,zmq_tcp,none,none,,1,4515,512,584,1785153440976424000,1785153440976424000,1785153440976424000,1785153440976425000,1785153440976468000,1785153440976472000,1785153440976472000,1785153440976472000,121932490,121652369,-237.121,0.000,0.000,1.000,4.000,0.000,0.000,0.000,0,0,0
B3_zmq_pushpull,zmq_tcp,none,none,,1,4516,512,584,1785153440977294000,1785153440977295000,1785153440977295000,1785153440977296000,1785153440977439000,1785153440977442000,1785153440977442000,1785153440977442000,121932490,121652369,-137.121,1.000,0.000,1.000,3.000,0.000,0.000,0.000,0,0,0
B3_zmq_pushpull,zmq_tcp,none,none,,1,4517,512,584,1785153440978431000,1785153440978431000,1785153440978431000,1785153440978432000,1785153440978582000,1785153440978585000,1785153440978585000,1785153440978585000,121932490,121652369,-130.121,0.000,0.000,1.000,3.000,0.000,0.000,0.000,0,0,0
B3_zmq_pushpull,zmq_tcp,none,none,,1,4518,512,584,1785153440979394000,1785153440979394000,1785153440979394000,1785153440979395000,1785153440979446000,1785153440979449000,1785153440979449000,1785153440979449000,121932490,121652369,-229.121,0.000,0.000,1.000,3.000,0.000,0.000,0.000,0,0,0
B3_zmq_pushpull,zmq_tcp,none,none,,1,4519,512,584,1785153440980406000,1785153440980407000,1785153440980407000,1785153440980408000,1785153440980569000,1785153440980572000,1785153440980572000,1785153440980572000,121932490,121652369,-119.121,1.000,0.000,1.000,3.000,0.000,0.000,0.000,0,0,0
B3_zmq_pushpull,zmq_tcp,none,none,,1,4520,512,584,1785153440981404000,1785153440981405000,1785153440981405000,1785153440981406000,1785153440981567000,1785153440981570000,1785153440981570000,1785153440981570000,121932490,121652369,-119.121,1.000,0.000,1.000,3.000,0.000,0.000,0.000,0,0,0
B3_zmq_pushpull,zmq_tcp,none,none,,1,4521,512,584,1785153440982404000,1785153440982404000,1785153440982404000,1785153440982405000,1785153440982555000,1785153440982558000,1785153440982558000,1785153440982558000,121932490,121652369,-130.121,0.000,0.000,1.000,3.000,0.000,0.000,0.000,0,0,0
B3_zmq_pushpull,zmq_tcp,none,none,,1,4522,512,584,1785153440983403000,1785153440983403000,1785153440983403000,1785153440983404000,1785153440983543000,1785153440983546000,1785153440983546000,1785153440983546000,121932490,121652369,-141.121,0.000,0.000,1.000,3.000,0.000,0.000,0.000,0,0,0
B3_zmq_pushpull,zmq_tcp,none,none,,1,4523,512,584,1785153440984403000,1785153440984404000,1785153440984404000,1785153440984405000,1785153440984530000,1785153440984533000,1785153440984533000,1785153440984533000,121932490,121652369,-155.121,1.000,0.000,1.000,3.000,0.000,0.000,0.000,0,0,0
B3_zmq_pushpull,zmq_tcp,none,none,,1,4524,512,584,1785153440985239000,1785153440985239000,1785153440985239000,1785153440985240000,1785153440985393000,1785153440985396000,1785153440985396000,1785153440985396000,121932490,121652369,-127.121,0.000,0.000,1.000,3.000,0.000,0.000,0.000,0,0,0
B3_zmq_pushpull,zmq_tcp,none,none,,1,4525,512,584,1785153440986447000,1785153440986447000,1785153440986447000,1785153440986448000,1785153440986646000,1785153440986649000,1785153440986649000,1785153440986649000,121932490,121652369,-82.121,0.000,0.000,1.000,3.000,0.000,0.000,0.000,0,0,0
B3_zmq_pushpull,zmq_tcp,none,none,,1,4526,512,584,1785153440987217000,1785153440987217000,1785153440987217000,1785153440987218000,1785153440987362000,1785153440987365000,1785153440987365000,1785153440987365000,121932490,121652369,-136.121,0.000,0.000,1.000,3.000,0.000,0.000,0.000,0,0,0
B3_zmq_pushpull,zmq_tcp,none,none,,1,4527,512,584,1785153440988213000,1785153440988214000,1785153440988214000,1785153440988215000,1785153440988369000,1785153440988371000,1785153440988371000,1785153440988371000,121932490,121652369,-126.121,1.000,0.000,1.000,2.000,0.000,0.000,0.000,0,0,0
B3_zmq_pushpull,zmq_tcp,none,none,,1,4528,512,584,1785153440989216000,1785153440989217000,1785153440989217000,1785153440989218000,1785153440989377000,1785153440989379000,1785153440989379000,1785153440989379000,121932490,121652369,-121.121,1.000,0.000,1.000,2.000,0.000,0.000,0.000,0,0,0
B3_zmq_pushpull,zmq_tcp,none,none,,1,4529,512,584,1785153440990451000,1785153440990452000,1785153440990452000,1785153440990453000,1785153440990496000,1785153440990500000,1785153440990500000,1785153440990500000,121932490,121652369,-237.121,1.000,0.000,1.000,4.000,0.000,0.000,0.000,0,0,0
B3_zmq_pushpull,zmq_tcp,none,none,,1,4530,512,584,1785153440991209000,1785153440991209000,1785153440991209000,1785153440991210000,1785153440991354000,1785153440991357000,1785153440991357000,1785153440991357000,121932490,121652369,-136.121,0.000,0.000,1.000,3.000,0.000,0.000,0.000,0,0,0
B3_zmq_pushpull,zmq_tcp,none,none,,1,4531,512,584,1785153440992211000,1785153440992211000,1785153440992211000,1785153440992212000,1785153440992354000,1785153440992357000,1785153440992357000,1785153440992357000,121932490,121652369,-138.121,0.000,0.000,1.000,3.000,0.000,0.000,0.000,0,0,0
B3_zmq_pushpull,zmq_tcp,none,none,,1,4532,512,584,1785153440993210000,1785153440993210000,1785153440993210000,1785153440993211000,1785153440993358000,1785153440993361000,1785153440993361000,1785153440993361000,121932490,121652369,-133.121,0.000,0.000,1.000,3.000,0.000,0.000,0.000,0,0,0
B3_zmq_pushpull,zmq_tcp,none,none,,1,4533,512,584,1785153440994456000,1785153440994456000,1785153440994456000,1785153440994457000,1785153440994516000,1785153440994519000,1785153440994519000,1785153440994520000,121932490,121652369,-221.121,0.000,0.000,1.000,3.000,0.000,1.000,0.000,0,0,0
B3_zmq_pushpull,zmq_tcp,none,none,,1,4534,512,584,1785153440995390000,1785153440995390000,1785153440995390000,1785153440995391000,1785153440995534000,1785153440995537000,1785153440995537000,1785153440995537000,121932490,121652369,-137.121,0.000,0.000,1.000,3.000,0.000,0.000,0.000,0,0,0
B3_zmq_pushpull,zmq_tcp,none,none,,1,4535,512,584,1785153440996410000,1785153440996410000,1785153440996410000,1785153440996411000,1785153440996538000,1785153440996541000,1785153440996541000,1785153440996541000,121932490,121652369,-153.121,0.000,0.000,1.000,3.000,0.000,0.000,0.000,0,0,0
B3_zmq_pushpull,zmq_tcp,none,none,,1,4536,512,584,1785153440997402000,1785153440997402000,1785153440997402000,1785153440997403000,1785153440997525000,1785153440997527000,1785153440997527000,1785153440997527000,121932490,121652369,-158.121,0.000,0.000,1.000,2.000,0.000,0.000,0.000,0,0,0
B3_zmq_pushpull,zmq_tcp,none,none,,1,4537,512,584,1785153440998406000,1785153440998406000,1785153440998406000,1785153440998407000,1785153440998516000,1785153440998519000,1785153440998519000,1785153440998519000,121932490,121652369,-171.121,0.000,0.000,1.000,3.000,0.000,0.000,0.000,0,0,0
B3_zmq_pushpull,zmq_tcp,none,none,,1,4538,512,584,1785153440999401000,1785153440999401000,1785153440999401000,1785153440999402000,1785153440999534000,1785153440999537000,1785153440999537000,1785153440999537000,121932490,121652369,-148.121,0.000,0.000,1.000,3.000,0.000,0.000,0.000,0,0,0
B3_zmq_pushpull,zmq_tcp,none,none,,1,4539,512,584,1785153441000406000,1785153441000406000,1785153441000406000,1785153441000407000,1785153441000541000,1785153441000543000,1785153441000543000,1785153441000543000,121932490,121652369,-146.121,0.000,0.000,1.000,2.000,0.000,0.000,0.000,0,0,0
B3_zmq_pushpull,zmq_tcp,none,none,,1,4540,512,584,1785153441001404000,1785153441001404000,1785153441001404000,1785153441001405000,1785153441001537000,1785153441001541000,1785153441001542000,1785153441001542000,121932490,121652369,-148.121,0.000,0.000,1.000,4.000,1.000,0.000,0.000,0,0,0
B3_zmq_pushpull,zmq_tcp,none,none,,1,4541,512,584,1785153441002405000,1785153441002405000,1785153441002405000,1785153441002406000,1785153441002541000,1785153441002543000,1785153441002543000,1785153441002543000,121932490,121652369,-145.121,0.000,0.000,1.000,2.000,0.000,0.000,0.000,0,0,0
B3_zmq_pushpull,zmq_tcp,none,none,,1,4542,512,584,1785153441003402000,1785153441003402000,1785153441003402000,1785153441003403000,1785153441003531000,1785153441003534000,1785153441003534000,1785153441003534000,121932490,121652369,-152.121,0.000,0.000,1.000,3.000,0.000,0.000,0.000,0,0,0
B3_zmq_pushpull,zmq_tcp,none,none,,1,4543,512,584,1785153441004405000,1785153441004405000,1785153441004405000,1785153441004406000,1785153441004530000,1785153441004533000,1785153441004533000,1785153441004533000,121932490,121652369,-156.121,0.000,0.000,1.000,3.000,0.000,0.000,0.000,0,0,0
B3_zmq_pushpull,zmq_tcp,none,none,,1,4544,512,584,1785153441005403000,1785153441005404000,1785153441005404000,1785153441005405000,1785153441005525000,1785153441005528000,1785153441005528000,1785153441005528000,121932490,121652369,-160.121,1.000,0.000,1.000,3.000,0.000,0.000,0.000,0,0,0
B3_zmq_pushpull,zmq_tcp,none,none,,1,4545,512,584,1785153441006406000,1785153441006406000,1785153441006406000,1785153441006407000,1785153441006525000,1785153441006527000,1785153441006527000,1785153441006527000,121932490,121652369,-162.121,0.000,0.000,1.000,2.000,0.000,0.000,0.000,0,0,0
B3_zmq_pushpull,zmq_tcp,none,none,,1,4546,512,584,1785153441007404000,1785153441007404000,1785153441007404000,1785153441007405000,1785153441007535000,1785153441007542000,1785153441007542000,1785153441007542000,121932490,121652369,-150.121,0.000,0.000,1.000,7.000,0.000,0.000,0.000,0,0,0
B3_zmq_pushpull,zmq_tcp,none,none,,1,4547,512,584,1785153441008405000,1785153441008405000,1785153441008405000,1785153441008406000,1785153441008537000,1785153441008539000,1785153441008539000,1785153441008539000,121932490,121652369,-149.121,0.000,0.000,1.000,2.000,0.000,0.000,0.000,0,0,0
B3_zmq_pushpull,zmq_tcp,none,none,,1,4548,512,584,1785153441009404000,1785153441009404000,1785153441009404000,1785153441009405000,1785153441009551000,1785153441009554000,1785153441009554000,1785153441009554000,121932490,121652369,-134.121,0.000,0.000,1.000,3.000,0.000,0.000,0.000,0,0,0
B3_zmq_pushpull,zmq_tcp,none,none,,1,4549,512,584,1785153441010257000,1785153441010257000,1785153441010257000,1785153441010258000,1785153441010401000,1785153441010404000,1785153441010404000,1785153441010404000,121932490,121652369,-137.121,0.000,0.000,1.000,3.000,0.000,0.000,0.000,0,0,0
B3_zmq_pushpull,zmq_tcp,none,none,,1,4550,512,584,1785153441011437000,1785153441011437000,1785153441011437000,1785153441011438000,1785153441011547000,1785153441011550000,1785153441011550000,1785153441011550000,121932490,121652369,-171.121,0.000,0.000,1.000,3.000,0.000,0.000,0.000,0,0,0
B3_zmq_pushpull,zmq_tcp,none,none,,1,4551,512,584,1785153441012396000,1785153441012396000,1785153441012396000,1785153441012397000,1785153441012549000,1785153441012552000,1785153441012552000,1785153441012552000,121932490,121652369,-128.121,0.000,0.000,1.000,3.000,0.000,0.000,0.000,0,0,0
B3_zmq_pushpull,zmq_tcp,none,none,,1,4552,512,584,1785153441013407000,1785153441013407000,1785153441013407000,1785153441013408000,1785153441013549000,1785153441013551000,1785153441013552000,1785153441013552000,121932490,121652369,-139.121,0.000,0.000,1.000,2.000,1.000,0.000,0.000,0,0,0
B3_zmq_pushpull,zmq_tcp,none,none,,1,4553,512,584,1785153441014403000,1785153441014403000,1785153441014403000,1785153441014404000,1785153441014550000,1785153441014553000,1785153441014553000,1785153441014553000,121932490,121652369,-134.121,0.000,0.000,1.000,3.000,0.000,0.000,0.000,0,0,0
B3_zmq_pushpull,zmq_tcp,none,none,,1,4554,512,584,1785153441015405000,1785153441015405000,1785153441015405000,1785153441015406000,1785153441015546000,1785153441015549000,1785153441015549000,1785153441015549000,121932490,121652369,-140.121,0.000,0.000,1.000,3.000,0.000,0.000,0.000,0,0,0
B3_zmq_pushpull,zmq_tcp,none,none,,1,4555,512,584,1785153441016404000,1785153441016405000,1785153441016405000,1785153441016406000,1785153441016561000,1785153441016564000,1785153441016564000,1785153441016564000,121932490,121652369,-125.121,1.000,0.000,1.000,3.000,0.000,0.000,0.000,0,0,0
B3_zmq_pushpull,zmq_tcp,none,none,,1,4556,512,584,1785153441017404000,1785153441017404000,1785153441017404000,1785153441017405000,1785153441017541000,1785153441017544000,1785153441017544000,1785153441017544000,121932490,121652369,-144.121,0.000,0.000,1.000,3.000,0.000,0.000,0.000,0,0,0
B3_zmq_pushpull,zmq_tcp,none,none,,1,4557,512,584,1785153441018401000,1785153441018401000,1785153441018401000,1785153441018402000,1785153441018527000,1785153441018530000,1785153441018530000,1785153441018530000,121932490,121652369,-155.121,0.000,0.000,1.000,3.000,0.000,0.000,0.000,0,0,0
B3_zmq_pushpull,zmq_tcp,none,none,,1,4558,512,584,1785153441019405000,1785153441019405000,1785153441019405000,1785153441019406000,1785153441019542000,1785153441019545000,1785153441019545000,1785153441019545000,121932490,121652369,-144.121,0.000,0.000,1.000,3.000,0.000,0.000,0.000,0,0,0
B3_zmq_pushpull,zmq_tcp,none,none,,1,4559,512,584,1785153441020404000,1785153441020404000,1785153441020404000,1785153441020405000,1785153441020542000,1785153441020545000,1785153441020545000,1785153441020545000,121932490,121652369,-143.121,0.000,0.000,1.000,3.000,0.000,0.000,0.000,0,0,0
B3_zmq_pushpull,zmq_tcp,none,none,,1,4560,512,584,1785153441021404000,1785153441021404000,1785153441021404000,1785153441021405000,1785153441021533000,1785153441021535000,1785153441021535000,1785153441021535000,121932490,121652369,-152.121,0.000,0.000,1.000,2.000,0.000,0.000,0.000,0,0,0
B3_zmq_pushpull,zmq_tcp,none,none,,1,4561,512,584,1785153441022400000,1785153441022400000,1785153441022400000,1785153441022401000,1785153441022539000,1785153441022542000,1785153441022542000,1785153441022542000,121932490,121652369,-142.121,0.000,0.000,1.000,3.000,0.000,0.000,0.000,0,0,0
B3_zmq_pushpull,zmq_tcp,none,none,,1,4562,512,584,1785153441023405000,1785153441023405000,1785153441023405000,1785153441023406000,1785153441023542000,1785153441023545000,1785153441023545000,1785153441023545000,121932490,121652369,-144.121,0.000,0.000,1.000,3.000,0.000,0.000,0.000,0,0,0
B3_zmq_pushpull,zmq_tcp,none,none,,1,4563,512,584,1785153441024405000,1785153441024405000,1785153441024405000,1785153441024406000,1785153441024545000,1785153441024548000,1785153441024548000,1785153441024548000,121932490,121652369,-141.121,0.000,0.000,1.000,3.000,0.000,0.000,0.000,0,0,0
B3_zmq_pushpull,zmq_tcp,none,none,,1,4564,512,584,1785153441025401000,1785153441025401000,1785153441025401000,1785153441025402000,1785153441025541000,1785153441025543000,1785153441025543000,1785153441025543000,121932490,121652369,-141.121,0.000,0.000,1.000,2.000,0.000,0.000,0.000,0,0,0
B3_zmq_pushpull,zmq_tcp,none,none,,1,4565,512,584,1785153441026408000,1785153441026408000,1785153441026408000,1785153441026409000,1785153441026538000,1785153441026541000,1785153441026541000,1785153441026541000,121932490,121652369,-151.121,0.000,0.000,1.000,3.000,0.000,0.000,0.000,0,0,0
B3_zmq_pushpull,zmq_tcp,none,none,,1,4566,512,584,1785153441027404000,1785153441027405000,1785153441027405000,1785153441027406000,1785153441027517000,1785153441027520000,1785153441027520000,1785153441027520000,121932490,121652369,-169.121,1.000,0.000,1.000,3.000,0.000,0.000,0.000,0,0,0
B3_zmq_pushpull,zmq_tcp,none,none,,1,4567,512,584,1785153441028407000,1785153441028407000,1785153441028407000,1785153441028408000,1785153441028512000,1785153441028515000,1785153441028515000,1785153441028515000,121932490,121652369,-176.121,0.000,0.000,1.000,3.000,0.000,0.000,0.000,0,0,0
B3_zmq_pushpull,zmq_tcp,none,none,,1,4568,512,584,1785153441029400000,1785153441029400000,1785153441029400000,1785153441029401000,1785153441029515000,1785153441029518000,1785153441029518000,1785153441029518000,121932490,121652369,-166.121,0.000,0.000,1.000,3.000,0.000,0.000,0.000,0,0,0
B3_zmq_pushpull,zmq_tcp,none,none,,1,4569,512,584,1785153441030406000,1785153441030407000,1785153441030407000,1785153441030408000,1785153441030535000,1785153441030538000,1785153441030538000,1785153441030538000,121932490,121652369,-153.121,1.000,0.000,1.000,3.000,0.000,0.000,0.000,0,0,0
B3_zmq_pushpull,zmq_tcp,none,none,,1,4570,512,584,1785153441031405000,1785153441031405000,1785153441031405000,1785153441031406000,1785153441031520000,1785153441031522000,1785153441031522000,1785153441031522000,121932490,121652369,-166.121,0.000,0.000,1.000,2.000,0.000,0.000,0.000,0,0,0
B3_zmq_pushpull,zmq_tcp,none,none,,1,4571,512,584,1785153441032404000,1785153441032404000,1785153441032404000,1785153441032405000,1785153441032525000,1785153441032527000,1785153441032527000,1785153441032528000,121932490,121652369,-160.121,0.000,0.000,1.000,2.000,0.000,1.000,0.000,0,0,0
B3_zmq_pushpull,zmq_tcp,none,none,,1,4572,512,584,1785153441033229000,1785153441033229000,1785153441033229000,1785153441033230000,1785153441033382000,1785153441033385000,1785153441033385000,1785153441033385000,121932490,121652369,-128.121,0.000,0.000,1.000,3.000,0.000,0.000,0.000,0,0,0
B3_zmq_pushpull,zmq_tcp,none,none,,1,4573,512,584,1785153441034451000,1785153441034451000,1785153441034451000,1785153441034452000,1785153441034532000,1785153441034535000,1785153441034535000,1785153441034535000,121932490,121652369,-200.121,0.000,0.000,1.000,3.000,0.000,0.000,0.000,0,0,0
B3_zmq_pushpull,zmq_tcp,none,none,,1,4574,512,584,1785153441035393000,1785153441035393000,1785153441035393000,1785153441035394000,1785153441035536000,1785153441035538000,1785153441035538000,1785153441035538000,121932490,121652369,-138.121,0.000,0.000,1.000,2.000,0.000,0.000,0.000,0,0,0
B3_zmq_pushpull,zmq_tcp,none,none,,1,4575,512,584,1785153441036406000,1785153441036406000,1785153441036407000,1785153441036407000,1785153441036554000,1785153441036557000,1785153441036557000,1785153441036557000,121932490,121652369,-133.121,0.000,1.000,0.000,3.000,0.000,0.000,0.000,0,0,0
B3_zmq_pushpull,zmq_tcp,none,none,,1,4576,512,584,1785153441037244000,1785153441037244000,1785153441037244000,1785153441037245000,1785153441037392000,1785153441037394000,1785153441037394000,1785153441037394000,121932490,121652369,-133.121,0.000,0.000,1.000,2.000,0.000,0.000,0.000,0,0,0
B3_zmq_pushpull,zmq_tcp,none,none,,1,4577,512,584,1785153441038445000,1785153441038445000,1785153441038445000,1785153441038446000,1785153441038533000,1785153441038536000,1785153441038536000,1785153441038536000,121932490,121652369,-193.121,0.000,0.000,1.000,3.000,0.000,0.000,0.000,0,0,0
B3_zmq_pushpull,zmq_tcp,none,none,,1,4578,512,584,1785153441039395000,1785153441039395000,1785153441039395000,1785153441039396000,1785153441039538000,1785153441039541000,1785153441039541000,1785153441039541000,121932490,121652369,-138.121,0.000,0.000,1.000,3.000,0.000,0.000,0.000,0,0,0
B3_zmq_pushpull,zmq_tcp,none,none,,1,4579,512,584,1785153441040406000,1785153441040407000,1785153441040407000,1785153441040408000,1785153441040525000,1785153441040528000,1785153441040528000,1785153441040528000,121932490,121652369,-163.121,1.000,0.000,1.000,3.000,0.000,0.000,0.000,0,0,0
B3_zmq_pushpull,zmq_tcp,none,none,,1,4580,512,584,1785153441041400000,1785153441041400000,1785153441041400000,1785153441041401000,1785153441041518000,1785153441041521000,1785153441041521000,1785153441041521000,121932490,121652369,-163.121,0.000,0.000,1.000,3.000,0.000,0.000,0.000,0,0,0
B3_zmq_pushpull,zmq_tcp,none,none,,1,4581,512,584,1785153441042221000,1785153441042221000,1785153441042221000,1785153441042222000,1785153441042358000,1785153441042360000,1785153441042360000,1785153441042360000,121932490,121652369,-144.121,0.000,0.000,1.000,2.000,0.000,0.000,0.000,0,0,0
B3_zmq_pushpull,zmq_tcp,none,none,,1,4582,512,584,1785153441043207000,1785153441043208000,1785153441043208000,1785153441043209000,1785153441043356000,1785153441043358000,1785153441043358000,1785153441043358000,121932490,121652369,-133.121,1.000,0.000,1.000,2.000,0.000,0.000,0.000,0,0,0
B3_zmq_pushpull,zmq_tcp,none,none,,1,4583,512,584,1785153441044455000,1785153441044455000,1785153441044455000,1785153441044456000,1785153441044654000,1785153441044657000,1785153441044657000,1785153441044657000,121932490,121652369,-82.121,0.000,0.000,1.000,3.000,0.000,0.000,0.000,0,0,0
B3_zmq_pushpull,zmq_tcp,none,none,,1,4584,512,584,1785153441045388000,1785153441045388000,1785153441045388000,1785153441045389000,1785153441045520000,1785153441045522000,1785153441045522000,1785153441045522000,121932490,121652369,-149.121,0.000,0.000,1.000,2.000,0.000,0.000,0.000,0,0,0
B3_zmq_pushpull,zmq_tcp,none,none,,1,4585,512,584,1785153441046408000,1785153441046408000,1785153441046408000,1785153441046409000,1785153441046525000,1785153441046527000,1785153441046527000,1785153441046527000,121932490,121652369,-164.121,0.000,0.000,1.000,2.000,0.000,0.000,0.000,0,0,0
B3_zmq_pushpull,zmq_tcp,none,none,,1,4586,512,584,1785153441047404000,1785153441047404000,1785153441047404000,1785153441047405000,1785153441047511000,1785153441047514000,1785153441047514000,1785153441047514000,121932490,121652369,-174.121,0.000,0.000,1.000,3.000,0.000,0.000,0.000,0,0,0
B3_zmq_pushpull,zmq_tcp,none,none,,1,4587,512,584,1785153441048405000,1785153441048406000,1785153441048406000,1785153441048407000,1785153441048513000,1785153441048516000,1785153441048516000,1785153441048516000,121932490,121652369,-174.121,1.000,0.000,1.000,3.000,0.000,0.000,0.000,0,0,0
B3_zmq_pushpull,zmq_tcp,none,none,,1,4588,512,584,1785153441049402000,1785153441049402000,1785153441049402000,1785153441049403000,1785153441049525000,1785153441049527000,1785153441049528000,1785153441049528000,121932490,121652369,-158.121,0.000,0.000,1.000,2.000,1.000,0.000,0.000,0,0,0
B3_zmq_pushpull,zmq_tcp,none,none,,1,4589,512,584,1785153441050405000,1785153441050405000,1785153441050405000,1785153441050406000,1785153441050542000,1785153441050545000,1785153441050545000,1785153441050545000,121932490,121652369,-144.121,0.000,0.000,1.000,3.000,0.000,0.000,0.000,0,0,0
B3_zmq_pushpull,zmq_tcp,none,none,,1,4590,512,584,1785153441051404000,1785153441051404000,1785153441051404000,1785153441051405000,1785153441051540000,1785153441051542000,1785153441051542000,1785153441051542000,121932490,121652369,-145.121,0.000,0.000,1.000,2.000,0.000,0.000,0.000,0,0,0
B3_zmq_pushpull,zmq_tcp,none,none,,1,4591,512,584,1785153441052404000,1785153441052404000,1785153441052404000,1785153441052405000,1785153441052528000,1785153441052530000,1785153441052530000,1785153441052530000,121932490,121652369,-157.121,0.000,0.000,1.000,2.000,0.000,0.000,0.000,0,0,0
B3_zmq_pushpull,zmq_tcp,none,none,,1,4592,512,584,1785153441053401000,1785153441053401000,1785153441053401000,1785153441053402000,1785153441053532000,1785153441053534000,1785153441053534000,1785153441053534000,121932490,121652369,-150.121,0.000,0.000,1.000,2.000,0.000,0.000,0.000,0,0,0
B3_zmq_pushpull,zmq_tcp,none,none,,1,4593,512,584,1785153441054406000,1785153441054406000,1785153441054406000,1785153441054407000,1785153441054510000,1785153441054513000,1785153441054513000,1785153441054513000,121932490,121652369,-177.121,0.000,0.000,1.000,3.000,0.000,0.000,0.000,0,0,0
B3_zmq_pushpull,zmq_tcp,none,none,,1,4594,512,584,1785153441055404000,1785153441055404000,1785153441055404000,1785153441055405000,1785153441055525000,1785153441055528000,1785153441055528000,1785153441055528000,121932490,121652369,-160.121,0.000,0.000,1.000,3.000,0.000,0.000,0.000,0,0,0
B3_zmq_pushpull,zmq_tcp,none,none,,1,4595,512,584,1785153441056221000,1785153441056221000,1785153441056221000,1785153441056222000,1785153441056370000,1785153441056373000,1785153441056373000,1785153441056373000,121932490,121652369,-132.121,0.000,0.000,1.000,3.000,0.000,0.000,0.000,0,0,0
B3_zmq_pushpull,zmq_tcp,none,none,,1,4596,512,584,1785153441057228000,1785153441057229000,1785153441057229000,1785153441057230000,1785153441057378000,1785153441057380000,1785153441057380000,1785153441057380000,121932490,121652369,-132.121,1.000,0.000,1.000,2.000,0.000,0.000,0.000,0,0,0
B3_zmq_pushpull,zmq_tcp,none,none,,1,4597,512,584,1785153441058243000,1785153441058244000,1785153441058244000,1785153441058245000,1785153441058404000,1785153441058406000,1785153441058406000,1785153441058406000,121932490,121652369,-121.121,1.000,0.000,1.000,2.000,0.000,0.000,0.000,0,0,0
B3_zmq_pushpull,zmq_tcp,none,none,,1,4598,512,584,1785153441059444000,1785153441059444000,1785153441059444000,1785153441059445000,1785153441059546000,1785153441059549000,1785153441059549000,1785153441059549000,121932490,121652369,-179.121,0.000,0.000,1.000,3.000,0.000,0.000,0.000,0,0,0
B3_zmq_pushpull,zmq_tcp,none,none,,1,4599,512,584,1785153441060391000,1785153441060391000,1785153441060391000,1785153441060392000,1785153441060534000,1785153441060537000,1785153441060537000,1785153441060537000,121932490,121652369,-138.121,0.000,0.000,1.000,3.000,0.000,0.000,0.000,0,0,0
B3_zmq_pushpull,zmq_tcp,none,none,,1,4600,512,584,1785153441061408000,1785153441061408000,1785153441061408000,1785153441061409000,1785153441061540000,1785153441061542000,1785153441061542000,1785153441061542000,121932490,121652369,-149.121,0.000,0.000,1.000,2.000,0.000,0.000,0.000,0,0,0
B3_zmq_pushpull,zmq_tcp,none,none,,1,4601,512,584,1785153441062404000,1785153441062404000,1785153441062404000,1785153441062405000,1785153441062537000,1785153441062540000,1785153441062540000,1785153441062540000,121932490,121652369,-148.121,0.000,0.000,1.000,3.000,0.000,0.000,0.000,0,0,0
B3_zmq_pushpull,zmq_tcp,none,none,,1,4602,512,584,1785153441063404000,1785153441063404000,1785153441063404000,1785153441063405000,1785153441063541000,1785153441063544000,1785153441063544000,1785153441063544000,121932490,121652369,-144.121,0.000,0.000,1.000,3.000,0.000,0.000,0.000,0,0,0
B3_zmq_pushpull,zmq_tcp,none,none,,1,4603,512,584,1785153441064260000,1785153441064260000,1785153441064260000,1785153441064261000,1785153441064417000,1785153441064420000,1785153441064420000,1785153441064420000,121932490,121652369,-124.121,0.000,0.000,1.000,3.000,0.000,0.000,0.000,0,0,0
B3_zmq_pushpull,zmq_tcp,none,none,,1,4604,512,584,1785153441065249000,1785153441065249000,1785153441065250000,1785153441065250000,1785153441065404000,1785153441065406000,1785153441065406000,1785153441065406000,121932490,121652369,-126.121,0.000,1.000,0.000,2.000,0.000,0.000,0.000,0,0,0
B3_zmq_pushpull,zmq_tcp,none,none,,1,4605,512,584,1785153441066443000,1785153441066443000,1785153441066443000,1785153441066444000,1785153441066550000,1785153441066553000,1785153441066553000,1785153441066553000,121932490,121652369,-174.121,0.000,0.000,1.000,3.000,0.000,0.000,0.000,0,0,0
B3_zmq_pushpull,zmq_tcp,none,none,,1,4606,512,584,1785153441067391000,1785153441067391000,1785153441067391000,1785153441067392000,1785153441067561000,1785153441067565000,1785153441067565000,1785153441067565000,121932490,121652369,-111.121,0.000,0.000,1.000,4.000,0.000,0.000,0.000,0,0,0
B3_zmq_pushpull,zmq_tcp,none,none,,1,4607,512,584,1785153441068408000,1785153441068408000,1785153441068408000,1785153441068409000,1785153441068595000,1785153441068597000,1785153441068597000,1785153441068597000,121932490,121652369,-94.121,0.000,0.000,1.000,2.000,0.000,0.000,0.000,0,0,0
B3_zmq_pushpull,zmq_tcp,none,none,,1,4608,512,584,1785153441069404000,1785153441069405000,1785153441069405000,1785153441069406000,1785153441069455000,1785153441069460000,1785153441069460000,1785153441069460000,121932490,121652369,-231.121,1.000,0.000,1.000,5.000,0.000,0.000,0.000,0,0,0
B3_zmq_pushpull,zmq_tcp,none,none,,1,4609,512,584,1785153441070406000,1785153441070406000,1785153441070406000,1785153441070407000,1785153441070472000,1785153441070476000,1785153441070476000,1785153441070476000,121932490,121652369,-215.121,0.000,0.000,1.000,4.000,0.000,0.000,0.000,0,0,0
B3_zmq_pushpull,zmq_tcp,none,none,,1,4610,512,584,1785153441071404000,1785153441071404000,1785153441071404000,1785153441071405000,1785153441071464000,1785153441071467000,1785153441071467000,1785153441071467000,121932490,121652369,-221.121,0.000,0.000,1.000,3.000,0.000,0.000,0.000,0,0,0
B3_zmq_pushpull,zmq_tcp,none,none,,1,4611,512,584,1785153441072404000,1785153441072404000,1785153441072404000,1785153441072405000,1785153441072464000,1785153441072467000,1785153441072467000,1785153441072467000,121932490,121652369,-221.121,0.000,0.000,1.000,3.000,0.000,0.000,0.000,0,0,0
B3_zmq_pushpull,zmq_tcp,none,none,,1,4612,512,584,1785153441073318000,1785153441073318000,1785153441073318000,1785153441073319000,1785153441073472000,1785153441073475000,1785153441073475000,1785153441073475000,121932490,121652369,-127.121,0.000,0.000,1.000,3.000,0.000,0.000,0.000,0,0,0
B3_zmq_pushpull,zmq_tcp,none,none,,1,4613,512,584,1785153441074426000,1785153441074426000,1785153441074426000,1785153441074427000,1785153441074480000,1785153441074483000,1785153441074483000,1785153441074483000,121932490,121652369,-227.121,0.000,0.000,1.000,3.000,0.000,0.000,0.000,0,0,0
B3_zmq_pushpull,zmq_tcp,none,none,,1,4614,512,584,1785153441075325000,1785153441075325000,1785153441075325000,1785153441075327000,1785153441075483000,1785153441075487000,1785153441075487000,1785153441075487000,121932490,121652369,-124.121,0.000,0.000,2.000,4.000,0.000,0.000,0.000,0,0,0
B3_zmq_pushpull,zmq_tcp,none,none,,1,4615,512,584,1785153441076216000,1785153441076216000,1785153441076217000,1785153441076218000,1785153441076362000,1785153441076365000,1785153441076365000,1785153441076365000,121932490,121652369,-136.121,0.000,1.000,1.000,3.000,0.000,0.000,0.000,0,0,0
B3_zmq_pushpull,zmq_tcp,none,none,,1,4616,512,584,1785153441077210000,1785153441077210000,1785153441077210000,1785153441077211000,1785153441077357000,1785153441077360000,1785153441077360000,1785153441077360000,121932490,121652369,-134.121,0.000,0.000,1.000,3.000,0.000,0.000,0.000,0,0,0
B3_zmq_pushpull,zmq_tcp,none,none,,1,4617,512,584,1785153441078215000,1785153441078215000,1785153441078215000,1785153441078216000,1785153441078360000,1785153441078362000,1785153441078363000,1785153441078363000,121932490,121652369,-136.121,0.000,0.000,1.000,2.000,1.000,0.000,0.000,0,0,0
B3_zmq_pushpull,zmq_tcp,none,none,,1,4618,512,584,1785153441079216000,1785153441079216000,1785153441079216000,1785153441079217000,1785153441079376000,1785153441079378000,1785153441079378000,1785153441079378000,121932490,121652369,-121.121,0.000,0.000,1.000,2.000,0.000,0.000,0.000,0,0,0
B3_zmq_pushpull,zmq_tcp,none,none,,1,4619,512,584,1785153441080219000,1785153441080219000,1785153441080219000,1785153441080220000,1785153441080373000,1785153441080377000,1785153441080377000,1785153441080377000,121932490,121652369,-127.121,0.000,0.000,1.000,4.000,0.000,0.000,0.000,0,0,0
B3_zmq_pushpull,zmq_tcp,none,none,,1,4620,512,584,1785153441081219000,1785153441081219000,1785153441081219000,1785153441081220000,1785153441081378000,1785153441081381000,1785153441081381000,1785153441081381000,121932490,121652369,-122.121,0.000,0.000,1.000,3.000,0.000,0.000,0.000,0,0,0
B3_zmq_pushpull,zmq_tcp,none,none,,1,4621,512,584,1785153441082448000,1785153441082448000,1785153441082448000,1785153441082449000,1785153441082643000,1785153441082646000,1785153441082646000,1785153441082646000,121932490,121652369,-86.121,0.000,0.000,1.000,3.000,0.000,0.000,0.000,0,0,0
B3_zmq_pushpull,zmq_tcp,none,none,,1,4622,512,584,1785153441083214000,1785153441083214000,1785153441083214000,1785153441083215000,1785153441083374000,1785153441083378000,1785153441083378000,1785153441083378000,121932490,121652369,-121.121,0.000,0.000,1.000,4.000,0.000,0.000,0.000,0,0,0
B3_zmq_pushpull,zmq_tcp,none,none,,1,4623,512,584,1785153441084223000,1785153441084223000,1785153441084223000,1785153441084224000,1785153441084381000,1785153441084384000,1785153441084384000,1785153441084384000,121932490,121652369,-123.121,0.000,0.000,1.000,3.000,0.000,0.000,0.000,0,0,0
B3_zmq_pushpull,zmq_tcp,none,none,,1,4624,512,584,1785153441085449000,1785153441085449000,1785153441085449000,1785153441085450000,1785153441085524000,1785153441085526000,1785153441085526000,1785153441085527000,121932490,121652369,-206.121,0.000,0.000,1.000,2.000,0.000,1.000,0.000,0,0,0
B3_zmq_pushpull,zmq_tcp,none,none,,1,4625,512,584,1785153441086397000,1785153441086397000,1785153441086397000,1785153441086398000,1785153441086529000,1785153441086532000,1785153441086532000,1785153441086532000,121932490,121652369,-149.121,0.000,0.000,1.000,3.000,0.000,0.000,0.000,0,0,0
B3_zmq_pushpull,zmq_tcp,none,none,,1,4626,512,584,1785153441087407000,1785153441087407000,1785153441087407000,1785153441087408000,1785153441087527000,1785153441087529000,1785153441087529000,1785153441087529000,121932490,121652369,-161.121,0.000,0.000,1.000,2.000,0.000,0.000,0.000,0,0,0
B3_zmq_pushpull,zmq_tcp,none,none,,1,4627,512,584,1785153441088400000,1785153441088400000,1785153441088400000,1785153441088401000,1785153441088513000,1785153441088515000,1785153441088515000,1785153441088515000,121932490,121652369,-168.121,0.000,0.000,1.000,2.000,0.000,0.000,0.000,0,0,0
B3_zmq_pushpull,zmq_tcp,none,none,,1,4628,512,584,1785153441089405000,1785153441089406000,1785153441089406000,1785153441089407000,1785153441089505000,1785153441089508000,1785153441089508000,1785153441089508000,121932490,121652369,-182.121,1.000,0.000,1.000,3.000,0.000,0.000,0.000,0,0,0
B3_zmq_pushpull,zmq_tcp,none,none,,1,4629,512,584,1785153441090404000,1785153441090404000,1785153441090405000,1785153441090405000,1785153441090496000,1785153441090498000,1785153441090498000,1785153441090499000,121932490,121652369,-189.121,0.000,1.000,0.000,2.000,0.000,1.000,0.000,0,0,0
B3_zmq_pushpull,zmq_tcp,none,none,,1,4630,512,584,1785153441091405000,1785153441091405000,1785153441091405000,1785153441091406000,1785153441091497000,1785153441091500000,1785153441091500000,1785153441091500000,121932490,121652369,-189.121,0.000,0.000,1.000,3.000,0.000,0.000,0.000,0,0,0
B3_zmq_pushpull,zmq_tcp,none,none,,1,4631,512,584,1785153441092403000,1785153441092403000,1785153441092403000,1785153441092404000,1785153441092508000,1785153441092510000,1785153441092510000,1785153441092510000,121932490,121652369,-176.121,0.000,0.000,1.000,2.000,0.000,0.000,0.000,0,0,0
B3_zmq_pushpull,zmq_tcp,none,none,,1,4632,512,584,1785153441093409000,1785153441093409000,1785153441093409000,1785153441093410000,1785153441093497000,1785153441093499000,1785153441093499000,1785153441093499000,121932490,121652369,-193.121,0.000,0.000,1.000,2.000,0.000,0.000,0.000,0,0,0
B3_zmq_pushpull,zmq_tcp,none,none,,1,4633,512,584,1785153441094403000,1785153441094403000,1785153441094403000,1785153441094404000,1785153441094496000,1785153441094499000,1785153441094499000,1785153441094499000,121932490,121652369,-188.121,0.000,0.000,1.000,3.000,0.000,0.000,0.000,0,0,0
B3_zmq_pushpull,zmq_tcp,none,none,,1,4634,512,584,1785153441095404000,1785153441095405000,1785153441095405000,1785153441095406000,1785153441095493000,1785153441095496000,1785153441095496000,1785153441095496000,121932490,121652369,-193.121,1.000,0.000,1.000,3.000,0.000,0.000,0.000,0,0,0
B3_zmq_pushpull,zmq_tcp,none,none,,1,4635,512,584,1785153441096402000,1785153441096402000,1785153441096403000,1785153441096403000,1785153441096472000,1785153441096474000,1785153441096475000,1785153441096475000,121932490,121652369,-211.121,0.000,1.000,0.000,2.000,1.000,0.000,0.000,0,0,0
B3_zmq_pushpull,zmq_tcp,none,none,,1,4636,512,584,1785153441097324000,1785153441097324000,1785153441097324000,1785153441097325000,1785153441097481000,1785153441097484000,1785153441097484000,1785153441097484000,121932490,121652369,-124.121,0.000,0.000,1.000,3.000,0.000,0.000,0.000,0,0,0
B3_zmq_pushpull,zmq_tcp,none,none,,1,4637,512,584,1785153441098333000,1785153441098333000,1785153441098333000,1785153441098334000,1785153441098495000,1785153441098497000,1785153441098497000,1785153441098497000,121932490,121652369,-119.121,0.000,0.000,1.000,2.000,0.000,0.000,0.000,0,0,0
B3_zmq_pushpull,zmq_tcp,none,none,,1,4638,512,584,1785153441099423000,1785153441099424000,1785153441099424000,1785153441099425000,1785153441099632000,1785153441099635000,1785153441099635000,1785153441099635000,121932490,121652369,-73.121,1.000,0.000,1.000,3.000,0.000,0.000,0.000,0,0,0
B3_zmq_pushpull,zmq_tcp,none,none,,1,4639,512,584,1785153441100207000,1785153441100207000,1785153441100207000,1785153441100208000,1785153441100352000,1785153441100355000,1785153441100355000,1785153441100355000,121932490,121652369,-136.121,0.000,0.000,1.000,3.000,0.000,0.000,0.000,0,0,0
B3_zmq_pushpull,zmq_tcp,none,none,,1,4640,512,584,1785153441101207000,1785153441101207000,1785153441101207000,1785153441101208000,1785153441101348000,1785153441101351000,1785153441101351000,1785153441101351000,121932490,121652369,-140.121,0.000,0.000,1.000,3.000,0.000,0.000,0.000,0,0,0
B3_zmq_pushpull,zmq_tcp,none,none,,1,4641,512,584,1785153441102312000,1785153441102312000,1785153441102312000,1785153441102313000,1785153441102469000,1785153441102472000,1785153441102472000,1785153441102472000,121932490,121652369,-124.121,0.000,0.000,1.000,3.000,0.000,0.000,0.000,0,0,0
B3_zmq_pushpull,zmq_tcp,none,none,,1,4642,512,584,1785153441103429000,1785153441103429000,1785153441103429000,1785153441103430000,1785153441103620000,1785153441103623000,1785153441103623000,1785153441103623000,121932490,121652369,-90.121,0.000,0.000,1.000,3.000,0.000,0.000,0.000,0,0,0
B3_zmq_pushpull,zmq_tcp,none,none,,1,4643,512,584,1785153441104395000,1785153441104395000,1785153441104395000,1785153441104396000,1785153441104487000,1785153441104489000,1785153441104489000,1785153441104489000,121932490,121652369,-189.121,0.000,0.000,1.000,2.000,0.000,0.000,0.000,0,0,0
B3_zmq_pushpull,zmq_tcp,none,none,,1,4644,512,584,1785153441105410000,1785153441105410000,1785153441105410000,1785153441105411000,1785153441105492000,1785153441105495000,1785153441105495000,1785153441105495000,121932490,121652369,-199.121,0.000,0.000,1.000,3.000,0.000,0.000,0.000,0,0,0
B3_zmq_pushpull,zmq_tcp,none,none,,1,4645,512,584,1785153441106403000,1785153441106403000,1785153441106403000,1785153441106404000,1785153441106503000,1785153441106506000,1785153441106506000,1785153441106506000,121932490,121652369,-181.121,0.000,0.000,1.000,3.000,0.000,0.000,0.000,0,0,0
B3_zmq_pushpull,zmq_tcp,none,none,,1,4646,512,584,1785153441107408000,1785153441107408000,1785153441107408000,1785153441107409000,1785153441107517000,1785153441107520000,1785153441107520000,1785153441107520000,121932490,121652369,-172.121,0.000,0.000,1.000,3.000,0.000,0.000,0.000,0,0,0
B3_zmq_pushpull,zmq_tcp,none,none,,1,4647,512,584,1785153441108402000,1785153441108402000,1785153441108402000,1785153441108403000,1785153441108516000,1785153441108519000,1785153441108519000,1785153441108519000,121932490,121652369,-167.121,0.000,0.000,1.000,3.000,0.000,0.000,0.000,0,0,0
B3_zmq_pushpull,zmq_tcp,none,none,,1,4648,512,584,1785153441109406000,1785153441109406000,1785153441109406000,1785153441109407000,1785153441109524000,1785153441109527000,1785153441109527000,1785153441109527000,121932490,121652369,-163.121,0.000,0.000,1.000,3.000,0.000,0.000,0.000,0,0,0
B3_zmq_pushpull,zmq_tcp,none,none,,1,4649,512,584,1785153441110379000,1785153441110379000,1785153441110379000,1785153441110380000,1785153441110521000,1785153441110525000,1785153441110525000,1785153441110525000,121932490,121652369,-139.121,0.000,0.000,1.000,4.000,0.000,0.000,0.000,0,0,0
B3_zmq_pushpull,zmq_tcp,none,none,,1,4650,512,584,1785153441111220000,1785153441111220000,1785153441111220000,1785153441111221000,1785153441111377000,1785153441111380000,1785153441111380000,1785153441111380000,121932490,121652369,-124.121,0.000,0.000,1.000,3.000,0.000,0.000,0.000,0,0,0
B3_zmq_pushpull,zmq_tcp,none,none,,1,4651,512,584,1785153441112213000,1785153441112213000,1785153441112213000,1785153441112214000,1785153441112375000,1785153441112377000,1785153441112377000,1785153441112377000,121932490,121652369,-119.121,0.000,0.000,1.000,2.000,0.000,0.000,0.000,0,0,0
B3_zmq_pushpull,zmq_tcp,none,none,,1,4652,512,584,1785153441113219000,1785153441113219000,1785153441113219000,1785153441113220000,1785153441113376000,1785153441113379000,1785153441113379000,1785153441113379000,121932490,121652369,-124.121,0.000,0.000,1.000,3.000,0.000,0.000,0.000,0,0,0
B3_zmq_pushpull,zmq_tcp,none,none,,1,4653,512,584,1785153441114455000,1785153441114455000,1785153441114455000,1785153441114456000,1785153441114532000,1785153441114535000,1785153441114535000,1785153441114535000,121932490,121652369,-204.121,0.000,0.000,1.000,3.000,0.000,0.000,0.000,0,0,0
B3_zmq_pushpull,zmq_tcp,none,none,,1,4654,512,584,1785153441115389000,1785153441115389000,1785153441115389000,1785153441115390000,1785153441115540000,1785153441115543000,1785153441115543000,1785153441115543000,121932490,121652369,-130.121,0.000,0.000,1.000,3.000,0.000,0.000,0.000,0,0,0
B3_zmq_pushpull,zmq_tcp,none,none,,1,4655,512,584,1785153441116408000,1785153441116408000,1785153441116408000,1785153441116409000,1785153441116535000,1785153441116537000,1785153441116537000,1785153441116537000,121932490,121652369,-154.121,0.000,0.000,1.000,2.000,0.000,0.000,0.000,0,0,0
B3_zmq_pushpull,zmq_tcp,none,none,,1,4656,512,584,1785153441117404000,1785153441117404000,1785153441117404000,1785153441117405000,1785153441117552000,1785153441117555000,1785153441117555000,1785153441117555000,121932490,121652369,-133.121,0.000,0.000,1.000,3.000,0.000,0.000,0.000,0,0,0
B3_zmq_pushpull,zmq_tcp,none,none,,1,4657,512,584,1785153441118404000,1785153441118405000,1785153441118405000,1785153441118406000,1785153441118565000,1785153441118568000,1785153441118568000,1785153441118568000,121932490,121652369,-121.121,1.000,0.000,1.000,3.000,0.000,0.000,0.000,0,0,0
B3_zmq_pushpull,zmq_tcp,none,none,,1,4658,512,584,1785153441119256000,1785153441119256000,1785153441119256000,1785153441119257000,1785153441119444000,1785153441119447000,1785153441119447000,1785153441119447000,121932490,121652369,-93.121,0.000,0.000,1.000,3.000,0.000,0.000,0.000,0,0,0
B3_zmq_pushpull,zmq_tcp,none,none,,1,4659,512,584,1785153441120441000,1785153441120441000,1785153441120441000,1785153441120442000,1785153441120597000,1785153441120600000,1785153441120600000,1785153441120600000,121932490,121652369,-125.121,0.000,0.000,1.000,3.000,0.000,0.000,0.000,0,0,0
B3_zmq_pushpull,zmq_tcp,none,none,,1,4660,512,584,1785153441121319000,1785153441121319000,1785153441121319000,1785153441121320000,1785153441121477000,1785153441121480000,1785153441121480000,1785153441121480000,121932490,121652369,-123.121,0.000,0.000,1.000,3.000,0.000,0.000,0.000,0,0,0
B3_zmq_pushpull,zmq_tcp,none,none,,1,4661,512,584,1785153441122429000,1785153441122430000,1785153441122430000,1785153441122431000,1785153441122606000,1785153441122611000,1785153441122611000,1785153441122611000,121932490,121652369,-105.121,1.000,0.000,1.000,5.000,0.000,0.000,0.000,0,0,0
B3_zmq_pushpull,zmq_tcp,none,none,,1,4662,512,584,1785153441123322000,1785153441123322000,1785153441123322000,1785153441123323000,1785153441123483000,1785153441123485000,1785153441123485000,1785153441123485000,121932490,121652369,-120.121,0.000,0.000,1.000,2.000,0.000,0.000,0.000,0,0,0
B3_zmq_pushpull,zmq_tcp,none,none,,1,4663,512,584,1785153441124428000,1785153441124429000,1785153441124429000,1785153441124430000,1785153441124489000,1785153441124493000,1785153441124493000,1785153441124493000,121932490,121652369,-221.121,1.000,0.000,1.000,4.000,0.000,0.000,0.000,0,0,0
B3_zmq_pushpull,zmq_tcp,none,none,,1,4664,512,584,1785153441125330000,1785153441125330000,1785153441125330000,1785153441125331000,1785153441125488000,1785153441125491000,1785153441125491000,1785153441125491000,121932490,121652369,-123.121,0.000,0.000,1.000,3.000,0.000,0.000,0.000,0,0,0
B3_zmq_pushpull,zmq_tcp,none,none,,1,4665,512,584,1785153441126207000,1785153441126207000,1785153441126207000,1785153441126208000,1785153441126352000,1785153441126355000,1785153441126355000,1785153441126355000,121932490,121652369,-136.121,0.000,0.000,1.000,3.000,0.000,0.000,0.000,0,0,0
B3_zmq_pushpull,zmq_tcp,none,none,,1,4666,512,584,1785153441127209000,1785153441127209000,1785153441127209000,1785153441127210000,1785153441127368000,1785153441127371000,1785153441127371000,1785153441127371000,121932490,121652369,-122.121,0.000,0.000,1.000,3.000,0.000,0.000,0.000,0,0,0
B3_zmq_pushpull,zmq_tcp,none,none,,1,4667,512,584,1785153441128214000,1785153441128214000,1785153441128214000,1785153441128215000,1785153441128371000,1785153441128373000,1785153441128373000,1785153441128373000,121932490,121652369,-124.121,0.000,0.000,1.000,2.000,0.000,0.000,0.000,0,0,0
B3_zmq_pushpull,zmq_tcp,none,none,,1,4668,512,584,1785153441129453000,1785153441129453000,1785153441129453000,1785153441129454000,1785153441129633000,1785153441129636000,1785153441129636000,1785153441129636000,121932490,121652369,-101.121,0.000,0.000,1.000,3.000,0.000,0.000,0.000,0,0,0
B3_zmq_pushpull,zmq_tcp,none,none,,1,4669,512,584,1785153441130213000,1785153441130213000,1785153441130213000,1785153441130214000,1785153441130346000,1785153441130348000,1785153441130348000,1785153441130348000,121932490,121652369,-148.121,0.000,0.000,1.000,2.000,0.000,0.000,0.000,0,0,0
B3_zmq_pushpull,zmq_tcp,none,none,,1,4670,512,584,1785153441131323000,1785153441131323000,1785153441131323000,1785153441131324000,1785153441131483000,1785153441131485000,1785153441131485000,1785153441131485000,121932490,121652369,-121.121,0.000,0.000,1.000,2.000,0.000,0.000,0.000,0,0,0
B3_zmq_pushpull,zmq_tcp,none,none,,1,4671,512,584,1785153441132425000,1785153441132425000,1785153441132425000,1785153441132426000,1785153441132485000,1785153441132488000,1785153441132488000,1785153441132488000,121932490,121652369,-221.121,0.000,0.000,1.000,3.000,0.000,0.000,0.000,0,0,0
B3_zmq_pushpull,zmq_tcp,none,none,,1,4672,512,584,1785153441133399000,1785153441133399000,1785153441133399000,1785153441133400000,1785153441133492000,1785153441133495000,1785153441133495000,1785153441133495000,121932490,121652369,-188.121,0.000,0.000,1.000,3.000,0.000,0.000,0.000,0,0,0
B3_zmq_pushpull,zmq_tcp,none,none,,1,4673,512,584,1785153441134406000,1785153441134406000,1785153441134406000,1785153441134407000,1785153441134492000,1785153441134495000,1785153441134495000,1785153441134495000,121932490,121652369,-195.121,0.000,0.000,1.000,3.000,0.000,0.000,0.000,0,0,0
B3_zmq_pushpull,zmq_tcp,none,none,,1,4674,512,584,1785153441135406000,1785153441135406000,1785153441135406000,1785153441135407000,1785153441135497000,1785153441135500000,1785153441135500000,1785153441135500000,121932490,121652369,-190.121,0.000,0.000,1.000,3.000,0.000,0.000,0.000,0,0,0
B3_zmq_pushpull,zmq_tcp,none,none,,1,4675,512,584,1785153441136405000,1785153441136405000,1785153441136405000,1785153441136406000,1785153441136493000,1785153441136496000,1785153441136496000,1785153441136496000,121932490,121652369,-193.121,0.000,0.000,1.000,3.000,0.000,0.000,0.000,0,0,0
B3_zmq_pushpull,zmq_tcp,none,none,,1,4676,512,584,1785153441137402000,1785153441137402000,1785153441137402000,1785153441137403000,1785153441137469000,1785153441137472000,1785153441137472000,1785153441137472000,121932490,121652369,-214.121,0.000,0.000,1.000,3.000,0.000,0.000,0.000,0,0,0
B3_zmq_pushpull,zmq_tcp,none,none,,1,4677,512,584,1785153441138407000,1785153441138407000,1785153441138408000,1785153441138408000,1785153441138460000,1785153441138463000,1785153441138463000,1785153441138463000,121932490,121652369,-228.121,0.000,1.000,0.000,3.000,0.000,0.000,0.000,0,0,0
B3_zmq_pushpull,zmq_tcp,none,none,,1,4678,512,584,1785153441139405000,1785153441139405000,1785153441139405000,1785153441139406000,1785153441139469000,1785153441139472000,1785153441139472000,1785153441139472000,121932490,121652369,-217.121,0.000,0.000,1.000,3.000,0.000,0.000,0.000,0,0,0
B3_zmq_pushpull,zmq_tcp,none,none,,1,4679,512,584,1785153441140410000,1785153441140410000,1785153441140410000,1785153441140411000,1785153441140604000,1785153441140607000,1785153441140607000,1785153441140607000,121932490,121652369,-87.121,0.000,0.000,1.000,3.000,0.000,0.000,0.000,0,0,0
B3_zmq_pushpull,zmq_tcp,none,none,,1,4680,512,584,1785153441141309000,1785153441141309000,1785153441141309000,1785153441141310000,1785153441141467000,1785153441141470000,1785153441141470000,1785153441141470000,121932490,121652369,-123.121,0.000,0.000,1.000,3.000,0.000,0.000,0.000,0,0,0
B3_zmq_pushpull,zmq_tcp,none,none,,1,4681,512,584,1785153441142430000,1785153441142430000,1785153441142430000,1785153441142431000,1785153441142603000,1785153441142606000,1785153441142606000,1785153441142606000,121932490,121652369,-108.121,0.000,0.000,1.000,3.000,0.000,0.000,0.000,0,0,0
B3_zmq_pushpull,zmq_tcp,none,none,,1,4682,512,584,1785153441143398000,1785153441143398000,1785153441143398000,1785153441143399000,1785153441143465000,1785153441143468000,1785153441143469000,1785153441143469000,121932490,121652369,-214.121,0.000,0.000,1.000,3.000,1.000,0.000,0.000,0,0,0
B3_zmq_pushpull,zmq_tcp,none,none,,1,4683,512,584,1785153441144300000,1785153441144300000,1785153441144300000,1785153441144301000,1785153441144456000,1785153441144459000,1785153441144459000,1785153441144459000,121932490,121652369,-125.121,0.000,0.000,1.000,3.000,0.000,0.000,0.000,0,0,0
B3_zmq_pushpull,zmq_tcp,none,none,,1,4684,512,584,1785153441145285000,1785153441145285000,1785153441145286000,1785153441145286000,1785153441145440000,1785153441145443000,1785153441145443000,1785153441145443000,121932490,121652369,-126.121,0.000,1.000,0.000,3.000,0.000,0.000,0.000,0,0,0
B3_zmq_pushpull,zmq_tcp,none,none,,1,4685,512,584,1785153441146436000,1785153441146436000,1785153441146436000,1785153441146437000,1785153441146604000,1785153441146607000,1785153441146607000,1785153441146607000,121932490,121652369,-113.121,0.000,0.000,1.000,3.000,0.000,0.000,0.000,0,0,0
B3_zmq_pushpull,zmq_tcp,none,none,,1,4686,512,584,1785153441147397000,1785153441147397000,1785153441147397000,1785153441147398000,1785153441147587000,1785153441147589000,1785153441147589000,1785153441147589000,121932490,121652369,-91.121,0.000,0.000,1.000,2.000,0.000,0.000,0.000,0,0,0
B3_zmq_pushpull,zmq_tcp,none,none,,1,4687,512,584,1785153441148297000,1785153441148297000,1785153441148297000,1785153441148298000,1785153441148450000,1785153441148453000,1785153441148453000,1785153441148453000,121932490,121652369,-128.121,0.000,0.000,1.000,3.000,0.000,0.000,0.000,0,0,0
B3_zmq_pushpull,zmq_tcp,none,none,,1,4688,512,584,1785153441149431000,1785153441149431000,1785153441149431000,1785153441149432000,1785153441149587000,1785153441149591000,1785153441149591000,1785153441149591000,121932490,121652369,-125.121,0.000,0.000,1.000,4.000,0.000,0.000,0.000,0,0,0
B3_zmq_pushpull,zmq_tcp,none,none,,1,4689,512,584,1785153441150398000,1785153441150398000,1785153441150398000,1785153441150399000,1785153441150453000,1785153441150456000,1785153441150456000,1785153441150456000,121932490,121652369,-226.121,0.000,0.000,1.000,3.000,0.000,0.000,0.000,0,0,0
B3_zmq_pushpull,zmq_tcp,none,none,,1,4690,512,584,1785153441151403000,1785153441151403000,1785153441151403000,1785153441151404000,1785153441151459000,1785153441151461000,1785153441151461000,1785153441151461000,121932490,121652369,-225.121,0.000,0.000,1.000,2.000,0.000,0.000,0.000,0,0,0
B3_zmq_pushpull,zmq_tcp,none,none,,1,4691,512,584,1785153441152406000,1785153441152406000,1785153441152406000,1785153441152407000,1785153441152451000,1785153441152454000,1785153441152454000,1785153441152454000,121932490,121652369,-236.121,0.000,0.000,1.000,3.000,0.000,0.000,0.000,0,0,0
B3_zmq_pushpull,zmq_tcp,none,none,,1,4692,512,584,1785153441153407000,1785153441153407000,1785153441153407000,1785153441153408000,1785153441153467000,1785153441153469000,1785153441153469000,1785153441153469000,121932490,121652369,-221.121,0.000,0.000,1.000,2.000,0.000,0.000,0.000,0,0,0
B3_zmq_pushpull,zmq_tcp,none,none,,1,4693,512,584,1785153441154311000,1785153441154311000,1785153441154311000,1785153441154312000,1785153441154463000,1785153441154466000,1785153441154466000,1785153441154466000,121932490,121652369,-129.121,0.000,0.000,1.000,3.000,0.000,0.000,0.000,0,0,0
B3_zmq_pushpull,zmq_tcp,none,none,,1,4694,512,584,1785153441155429000,1785153441155429000,1785153441155429000,1785153441155430000,1785153441155591000,1785153441155593000,1785153441155593000,1785153441155593000,121932490,121652369,-119.121,0.000,0.000,1.000,2.000,0.000,0.000,0.000,0,0,0
B3_zmq_pushpull,zmq_tcp,none,none,,1,4695,512,584,1785153441156291000,1785153441156291000,1785153441156291000,1785153441156292000,1785153441156446000,1785153441156448000,1785153441156448000,1785153441156448000,121932490,121652369,-126.121,0.000,0.000,1.000,2.000,0.000,0.000,0.000,0,0,0
B3_zmq_pushpull,zmq_tcp,none,none,,1,4696,512,584,1785153441157434000,1785153441157434000,1785153441157434000,1785153441157435000,1785153441157581000,1785153441157585000,1785153441157585000,1785153441157585000,121932490,121652369,-134.121,0.000,0.000,1.000,4.000,0.000,0.000,0.000,0,0,0
B3_zmq_pushpull,zmq_tcp,none,none,,1,4697,512,584,1785153441158395000,1785153441158395000,1785153441158395000,1785153441158397000,1785153441158441000,1785153441158445000,1785153441158445000,1785153441158445000,121932490,121652369,-236.121,0.000,0.000,2.000,4.000,0.000,0.000,0.000,0,0,0
B3_zmq_pushpull,zmq_tcp,none,none,,1,4698,512,584,1785153441159302000,1785153441159303000,1785153441159303000,1785153441159304000,1785153441159459000,1785153441159462000,1785153441159462000,1785153441159462000,121932490,121652369,-125.121,1.000,0.000,1.000,3.000,0.000,0.000,0.000,0,0,0
B3_zmq_pushpull,zmq_tcp,none,none,,1,4699,512,584,1785153441160431000,1785153441160432000,1785153441160432000,1785153441160433000,1785153441160604000,1785153441160607000,1785153441160607000,1785153441160607000,121932490,121652369,-109.121,1.000,0.000,1.000,3.000,0.000,0.000,0.000,0,0,0
B3_zmq_pushpull,zmq_tcp,none,none,,1,4700,512,584,1785153441161318000,1785153441161318000,1785153441161319000,1785153441161319000,1785153441161479000,1785153441161483000,1785153441161483000,1785153441161483000,121932490,121652369,-120.121,0.000,1.000,0.000,4.000,0.000,0.000,0.000,0,0,0
B3_zmq_pushpull,zmq_tcp,none,none,,1,4701,512,584,1785153441162426000,1785153441162426000,1785153441162426000,1785153441162427000,1785153441162488000,1785153441162491000,1785153441162491000,1785153441162491000,121932490,121652369,-219.121,0.000,0.000,1.000,3.000,0.000,0.000,0.000,0,0,0
B3_zmq_pushpull,zmq_tcp,none,none,,1,4702,512,584,1785153441163402000,1785153441163402000,1785153441163402000,1785153441163403000,1785153441163478000,1785153441163481000,1785153441163481000,1785153441163481000,121932490,121652369,-205.121,0.000,0.000,1.000,3.000,0.000,0.000,0.000,0,0,0
B3_zmq_pushpull,zmq_tcp,none,none,,1,4703,512,584,1785153441164406000,1785153441164407000,1785153441164407000,1785153441164408000,1785153441164465000,1785153441164469000,1785153441164469000,1785153441164469000,121932490,121652369,-223.121,1.000,0.000,1.000,4.000,0.000,0.000,0.000,0,0,0
B3_zmq_pushpull,zmq_tcp,none,none,,1,4704,512,584,1785153441165402000,1785153441165402000,1785153441165402000,1785153441165403000,1785153441165472000,1785153441165475000,1785153441165475000,1785153441165475000,121932490,121652369,-211.121,0.000,0.000,1.000,3.000,0.000,0.000,0.000,0,0,0
B3_zmq_pushpull,zmq_tcp,none,none,,1,4705,512,584,1785153441166406000,1785153441166406000,1785153441166406000,1785153441166407000,1785153441166478000,1785153441166480000,1785153441166480000,1785153441166480000,121932490,121652369,-209.121,0.000,0.000,1.000,2.000,0.000,0.000,0.000,0,0,0
B3_zmq_pushpull,zmq_tcp,none,none,,1,4706,512,584,1785153441167408000,1785153441167408000,1785153441167408000,1785153441167409000,1785153441167490000,1785153441167492000,1785153441167492000,1785153441167492000,121932490,121652369,-199.121,0.000,0.000,1.000,2.000,0.000,0.000,0.000,0,0,0
B3_zmq_pushpull,zmq_tcp,none,none,,1,4707,512,584,1785153441168406000,1785153441168406000,1785153441168406000,1785153441168407000,1785153441168492000,1785153441168495000,1785153441168495000,1785153441168495000,121932490,121652369,-195.121,0.000,0.000,1.000,3.000,0.000,0.000,0.000,0,0,0
B3_zmq_pushpull,zmq_tcp,none,none,,1,4708,512,584,1785153441169405000,1785153441169405000,1785153441169405000,1785153441169406000,1785153441169512000,1785153441169515000,1785153441169515000,1785153441169515000,121932490,121652369,-174.121,0.000,0.000,1.000,3.000,0.000,0.000,0.000,0,0,0
B3_zmq_pushpull,zmq_tcp,none,none,,1,4709,512,584,1785153441170409000,1785153441170409000,1785153441170409000,1785153441170411000,1785153441170505000,1785153441170508000,1785153441170508000,1785153441170508000,121932490,121652369,-186.121,0.000,0.000,2.000,3.000,0.000,0.000,0.000,0,0,0
B3_zmq_pushpull,zmq_tcp,none,none,,1,4710,512,584,1785153441171405000,1785153441171405000,1785153441171406000,1785153441171407000,1785153441171503000,1785153441171506000,1785153441171506000,1785153441171506000,121932490,121652369,-184.121,0.000,1.000,1.000,3.000,0.000,0.000,0.000,0,0,0
B3_zmq_pushpull,zmq_tcp,none,none,,1,4711,512,584,1785153441172406000,1785153441172406000,1785153441172406000,1785153441172407000,1785153441172511000,1785153441172514000,1785153441172514000,1785153441172514000,121932490,121652369,-176.121,0.000,0.000,1.000,3.000,0.000,0.000,0.000,0,0,0
B3_zmq_pushpull,zmq_tcp,none,none,,1,4712,512,584,1785153441173405000,1785153441173405000,1785153441173405000,1785153441173406000,1785153441173524000,1785153441173527000,1785153441173527000,1785153441173527000,121932490,121652369,-162.121,0.000,0.000,1.000,3.000,0.000,0.000,0.000,0,0,0
B3_zmq_pushpull,zmq_tcp,none,none,,1,4713,512,584,1785153441174405000,1785153441174405000,1785153441174405000,1785153441174406000,1785153441174539000,1785153441174542000,1785153441174542000,1785153441174542000,121932490,121652369,-147.121,0.000,0.000,1.000,3.000,0.000,0.000,0.000,0,0,0
B3_zmq_pushpull,zmq_tcp,none,none,,1,4714,512,584,1785153441175401000,1785153441175401000,1785153441175401000,1785153441175402000,1785153441175547000,1785153441175550000,1785153441175550000,1785153441175550000,121932490,121652369,-135.121,0.000,0.000,1.000,3.000,0.000,0.000,0.000,0,0,0
B3_zmq_pushpull,zmq_tcp,none,none,,1,4715,512,584,1785153441176406000,1785153441176406000,1785153441176406000,1785153441176407000,1785153441176555000,1785153441176558000,1785153441176558000,1785153441176558000,121932490,121652369,-132.121,0.000,0.000,1.000,3.000,0.000,0.000,0.000,0,0,0
B3_zmq_pushpull,zmq_tcp,none,none,,1,4716,512,584,1785153441177404000,1785153441177404000,1785153441177404000,1785153441177405000,1785153441177559000,1785153441177562000,1785153441177562000,1785153441177562000,121932490,121652369,-126.121,0.000,0.000,1.000,3.000,0.000,0.000,0.000,0,0,0
B3_zmq_pushpull,zmq_tcp,none,none,,1,4717,512,584,1785153441178405000,1785153441178405000,1785153441178405000,1785153441178406000,1785153441178566000,1785153441178568000,1785153441178568000,1785153441178568000,121932490,121652369,-120.121,0.000,0.000,1.000,2.000,0.000,0.000,0.000,0,0,0
B3_zmq_pushpull,zmq_tcp,none,none,,1,4718,512,584,1785153441179406000,1785153441179406000,1785153441179406000,1785153441179407000,1785153441179563000,1785153441179567000,1785153441179567000,1785153441179567000,121932490,121652369,-124.121,0.000,0.000,1.000,4.000,0.000,0.000,0.000,0,0,0
B3_zmq_pushpull,zmq_tcp,none,none,,1,4719,512,584,1785153441180405000,1785153441180405000,1785153441180405000,1785153441180406000,1785153441180592000,1785153441180595000,1785153441180595000,1785153441180595000,121932490,121652369,-94.121,0.000,0.000,1.000,3.000,0.000,0.000,0.000,0,0,0
B3_zmq_pushpull,zmq_tcp,none,none,,1,4720,512,584,1785153441181303000,1785153441181303000,1785153441181303000,1785153441181304000,1785153441181462000,1785153441181464000,1785153441181464000,1785153441181464000,121932490,121652369,-122.121,0.000,0.000,1.000,2.000,0.000,0.000,0.000,0,0,0
B3_zmq_pushpull,zmq_tcp,none,none,,1,4721,512,584,1785153441182431000,1785153441182431000,1785153441182431000,1785153441182432000,1785153441182612000,1785153441182616000,1785153441182616000,1785153441182616000,121932490,121652369,-100.121,0.000,0.000,1.000,4.000,0.000,0.000,0.000,0,0,0
B3_zmq_pushpull,zmq_tcp,none,none,,1,4722,512,584,1785153441183397000,1785153441183397000,1785153441183397000,1785153441183398000,1785153441183474000,1785153441183477000,1785153441183477000,1785153441183477000,121932490,121652369,-204.121,0.000,0.000,1.000,3.000,0.000,0.000,0.000,0,0,0
B3_zmq_pushpull,zmq_tcp,none,none,,1,4723,512,584,1785153441184409000,1785153441184409000,1785153441184409000,1785153441184410000,1785153441184492000,1785153441184495000,1785153441184495000,1785153441184495000,121932490,121652369,-198.121,0.000,0.000,1.000,3.000,0.000,0.000,0.000,0,0,0
B3_zmq_pushpull,zmq_tcp,none,none,,1,4724,512,584,1785153441185405000,1785153441185405000,1785153441185405000,1785153441185406000,1785153441185474000,1785153441185476000,1785153441185476000,1785153441185476000,121932490,121652369,-212.121,0.000,0.000,1.000,2.000,0.000,0.000,0.000,0,0,0
B3_zmq_pushpull,zmq_tcp,none,none,,1,4725,512,584,1785153441186405000,1785153441186405000,1785153441186405000,1785153441186406000,1785153441186463000,1785153441186466000,1785153441186466000,1785153441186466000,121932490,121652369,-223.121,0.000,0.000,1.000,3.000,0.000,0.000,0.000,0,0,0
B3_zmq_pushpull,zmq_tcp,none,none,,1,4726,512,584,1785153441187405000,1785153441187405000,1785153441187405000,1785153441187406000,1785153441187456000,1785153441187459000,1785153441187459000,1785153441187459000,121932490,121652369,-230.121,0.000,0.000,1.000,3.000,0.000,0.000,0.000,0,0,0
B3_zmq_pushpull,zmq_tcp,none,none,,1,4727,512,584,1785153441188293000,1785153441188293000,1785153441188293000,1785153441188294000,1785153441188454000,1785153441188457000,1785153441188457000,1785153441188457000,121932490,121652369,-120.121,0.000,0.000,1.000,3.000,0.000,0.000,0.000,0,0,0
B3_zmq_pushpull,zmq_tcp,none,none,,1,4728,512,584,1785153441189434000,1785153441189434000,1785153441189434000,1785153441189435000,1785153441189605000,1785153441189608000,1785153441189608000,1785153441189608000,121932490,121652369,-110.121,0.000,0.000,1.000,3.000,0.000,0.000,0.000,0,0,0
B3_zmq_pushpull,zmq_tcp,none,none,,1,4729,512,584,1785153441190395000,1785153441190396000,1785153441190396000,1785153441190397000,1785153441190465000,1785153441190469000,1785153441190469000,1785153441190469000,121932490,121652369,-212.121,1.000,0.000,1.000,4.000,0.000,0.000,0.000,0,0,0
B3_zmq_pushpull,zmq_tcp,none,none,,1,4730,512,584,1785153441191408000,1785153441191408000,1785153441191409000,1785153441191409000,1785153441191457000,1785153441191460000,1785153441191460000,1785153441191460000,121932490,121652369,-232.121,0.000,1.000,0.000,3.000,0.000,0.000,0.000,0,0,0
B3_zmq_pushpull,zmq_tcp,none,none,,1,4731,512,584,1785153441192404000,1785153441192404000,1785153441192404000,1785153441192405000,1785153441192452000,1785153441192456000,1785153441192456000,1785153441192456000,121932490,121652369,-233.121,0.000,0.000,1.000,4.000,0.000,0.000,0.000,0,0,0
B3_zmq_pushpull,zmq_tcp,none,none,,1,4732,512,584,1785153441193289000,1785153441193289000,1785153441193289000,1785153441193290000,1785153441193438000,1785153441193441000,1785153441193441000,1785153441193441000,121932490,121652369,-132.121,0.000,0.000,1.000,3.000,0.000,0.000,0.000,0,0,0
B3_zmq_pushpull,zmq_tcp,none,none,,1,4733,512,584,1785153441194432000,1785153441194432000,1785153441194432000,1785153441194433000,1785153441194591000,1785153441194594000,1785153441194594000,1785153441194594000,121932490,121652369,-122.121,0.000,0.000,1.000,3.000,0.000,0.000,0.000,0,0,0
B3_zmq_pushpull,zmq_tcp,none,none,,1,4734,512,584,1785153441195294000,1785153441195294000,1785153441195294000,1785153441195295000,1785153441195455000,1785153441195458000,1785153441195458000,1785153441195458000,121932490,121652369,-120.121,0.000,0.000,1.000,3.000,0.000,0.000,0.000,0,0,0
B3_zmq_pushpull,zmq_tcp,none,none,,1,4735,512,584,1785153441196297000,1785153441196297000,1785153441196297000,1785153441196298000,1785153441196458000,1785153441196461000,1785153441196461000,1785153441196461000,121932490,121652369,-120.121,0.000,0.000,1.000,3.000,0.000,0.000,0.000,0,0,0
B3_zmq_pushpull,zmq_tcp,none,none,,1,4736,512,584,1785153441197309000,1785153441197310000,1785153441197310000,1785153441197311000,1785153441197473000,1785153441197476000,1785153441197476000,1785153441197476000,121932490,121652369,-118.121,1.000,0.000,1.000,3.000,0.000,0.000,0.000,0,0,0
B3_zmq_pushpull,zmq_tcp,none,none,,1,4737,512,584,1785153441198324000,1785153441198324000,1785153441198324000,1785153441198325000,1785153441198481000,1785153441198484000,1785153441198484000,1785153441198484000,121932490,121652369,-124.121,0.000,0.000,1.000,3.000,0.000,0.000,0.000,0,0,0
B3_zmq_pushpull,zmq_tcp,none,none,,1,4738,512,584,1785153441199425000,1785153441199425000,1785153441199425000,1785153441199426000,1785153441199481000,1785153441199484000,1785153441199484000,1785153441199484000,121932490,121652369,-225.121,0.000,0.000,1.000,3.000,0.000,0.000,0.000,0,0,0
B3_zmq_pushpull,zmq_tcp,none,none,,1,4739,512,584,1785153441200397000,1785153441200397000,1785153441200397000,1785153441200398000,1785153441200479000,1785153441200482000,1785153441200482000,1785153441200482000,121932490,121652369,-199.121,0.000,0.000,1.000,3.000,0.000,0.000,0.000,0,0,0
B3_zmq_pushpull,zmq_tcp,none,none,,1,4740,512,584,1785153441201408000,1785153441201408000,1785153441201408000,1785153441201409000,1785153441201490000,1785153441201493000,1785153441201493000,1785153441201493000,121932490,121652369,-199.121,0.000,0.000,1.000,3.000,0.000,0.000,0.000,0,0,0
B3_zmq_pushpull,zmq_tcp,none,none,,1,4741,512,584,1785153441202408000,1785153441202408000,1785153441202408000,1785153441202409000,1785153441202481000,1785153441202484000,1785153441202484000,1785153441202484000,121932490,121652369,-208.121,0.000,0.000,1.000,3.000,0.000,0.000,0.000,0,0,0
B3_zmq_pushpull,zmq_tcp,none,none,,1,4742,512,584,1785153441203405000,1785153441203405000,1785153441203405000,1785153441203406000,1785153441203487000,1785153441203491000,1785153441203491000,1785153441203491000,121932490,121652369,-199.121,0.000,0.000,1.000,4.000,0.000,0.000,0.000,0,0,0
B3_zmq_pushpull,zmq_tcp,none,none,,1,4743,512,584,1785153441204370000,1785153441204371000,1785153441204371000,1785153441204372000,1785153441204517000,1785153441204519000,1785153441204519000,1785153441204519000,121932490,121652369,-135.121,1.000,0.000,1.000,2.000,0.000,0.000,0.000,0,0,0
B3_zmq_pushpull,zmq_tcp,none,none,,1,4744,512,584,1785153441205229000,1785153441205229000,1785153441205229000,1785153441205230000,1785153441205377000,1785153441205380000,1785153441205380000,1785153441205380000,121932490,121652369,-133.121,0.000,0.000,1.000,3.000,0.000,0.000,0.000,0,0,0
B3_zmq_pushpull,zmq_tcp,none,none,,1,4745,512,584,1785153441206449000,1785153441206449000,1785153441206449000,1785153441206450000,1785153441206527000,1785153441206530000,1785153441206530000,1785153441206530000,121932490,121652369,-203.121,0.000,0.000,1.000,3.000,0.000,0.000,0.000,0,0,0
B3_zmq_pushpull,zmq_tcp,none,none,,1,4746,512,584,1785153441207390000,1785153441207390000,1785153441207390000,1785153441207391000,1785153441207507000,1785153441207510000,1785153441207510000,1785153441207510000,121932490,121652369,-164.121,0.000,0.000,1.000,3.000,0.000,0.000,0.000,0,0,0
B3_zmq_pushpull,zmq_tcp,none,none,,1,4747,512,584,1785153441208409000,1785153441208409000,1785153441208409000,1785153441208410000,1785153441208516000,1785153441208519000,1785153441208519000,1785153441208520000,121932490,121652369,-174.121,0.000,0.000,1.000,3.000,0.000,1.000,0.000,0,0,0
B3_zmq_pushpull,zmq_tcp,none,none,,1,4748,512,584,1785153441209403000,1785153441209403000,1785153441209403000,1785153441209404000,1785153441209504000,1785153441209507000,1785153441209507000,1785153441209507000,121932490,121652369,-180.121,0.000,0.000,1.000,3.000,0.000,0.000,0.000,0,0,0
B3_zmq_pushpull,zmq_tcp,none,none,,1,4749,512,584,1785153441210407000,1785153441210407000,1785153441210407000,1785153441210408000,1785153441210501000,1785153441210504000,1785153441210504000,1785153441210504000,121932490,121652369,-187.121,0.000,0.000,1.000,3.000,0.000,0.000,0.000,0,0,0
B3_zmq_pushpull,zmq_tcp,none,none,,1,4750,512,584,1785153441211404000,1785153441211404000,1785153441211404000,1785153441211405000,1785153441211477000,1785153441211480000,1785153441211480000,1785153441211480000,121932490,121652369,-208.121,0.000,0.000,1.000,3.000,0.000,0.000,0.000,0,0,0
B3_zmq_pushpull,zmq_tcp,none,none,,1,4751,512,584,1785153441212406000,1785153441212406000,1785153441212406000,1785153441212407000,1785153441212490000,1785153441212493000,1785153441212493000,1785153441212493000,121932490,121652369,-197.121,0.000,0.000,1.000,3.000,0.000,0.000,0.000,0,0,0
B3_zmq_pushpull,zmq_tcp,none,none,,1,4752,512,584,1785153441213405000,1785153441213405000,1785153441213405000,1785153441213406000,1785153441213495000,1785153441213498000,1785153441213498000,1785153441213498000,121932490,121652369,-191.121,0.000,0.000,1.000,3.000,0.000,0.000,0.000,0,0,0
B3_zmq_pushpull,zmq_tcp,none,none,,1,4753,512,584,1785153441214405000,1785153441214405000,1785153441214405000,1785153441214406000,1785153441214501000,1785153441214503000,1785153441214503000,1785153441214503000,121932490,121652369,-185.121,0.000,0.000,1.000,2.000,0.000,0.000,0.000,0,0,0
B3_zmq_pushpull,zmq_tcp,none,none,,1,4754,512,584,1785153441215402000,1785153441215402000,1785153441215403000,1785153441215403000,1785153441215518000,1785153441215521000,1785153441215521000,1785153441215521000,121932490,121652369,-165.121,0.000,1.000,0.000,3.000,0.000,0.000,0.000,0,0,0
B3_zmq_pushpull,zmq_tcp,none,none,,1,4755,512,584,1785153441216407000,1785153441216407000,1785153441216407000,1785153441216408000,1785153441216523000,1785153441216526000,1785153441216526000,1785153441216526000,121932490,121652369,-165.121,0.000,0.000,1.000,3.000,0.000,0.000,0.000,0,0,0
B3_zmq_pushpull,zmq_tcp,none,none,,1,4756,512,584,1785153441217405000,1785153441217405000,1785153441217405000,1785153441217406000,1785153441217519000,1785153441217522000,1785153441217522000,1785153441217522000,121932490,121652369,-167.121,0.000,0.000,1.000,3.000,0.000,0.000,0.000,0,0,0
B3_zmq_pushpull,zmq_tcp,none,none,,1,4757,512,584,1785153441218409000,1785153441218409000,1785153441218409000,1785153441218410000,1785153441218525000,1785153441218527000,1785153441218527000,1785153441218527000,121932490,121652369,-165.121,0.000,0.000,1.000,2.000,0.000,0.000,0.000,0,0,0
B3_zmq_pushpull,zmq_tcp,none,none,,1,4758,512,584,1785153441219403000,1785153441219403000,1785153441219403000,1785153441219404000,1785153441219530000,1785153441219533000,1785153441219533000,1785153441219533000,121932490,121652369,-154.121,0.000,0.000,1.000,3.000,0.000,0.000,0.000,0,0,0
B3_zmq_pushpull,zmq_tcp,none,none,,1,4759,512,584,1785153441220406000,1785153441220406000,1785153441220406000,1785153441220407000,1785153441220534000,1785153441220537000,1785153441220537000,1785153441220537000,121932490,121652369,-153.121,0.000,0.000,1.000,3.000,0.000,0.000,0.000,0,0,0
B3_zmq_pushpull,zmq_tcp,none,none,,1,4760,512,584,1785153441221240000,1785153441221240000,1785153441221240000,1785153441221241000,1785153441221397000,1785153441221399000,1785153441221399000,1785153441221399000,121932490,121652369,-124.121,0.000,0.000,1.000,2.000,0.000,0.000,0.000,0,0,0
B3_zmq_pushpull,zmq_tcp,none,none,,1,4761,512,584,1785153441222448000,1785153441222448000,1785153441222448000,1785153441222449000,1785153441222528000,1785153441222531000,1785153441222531000,1785153441222531000,121932490,121652369,-201.121,0.000,0.000,1.000,3.000,0.000,0.000,0.000,0,0,0
B3_zmq_pushpull,zmq_tcp,none,none,,1,4762,512,584,1785153441223234000,1785153441223234000,1785153441223234000,1785153441223235000,1785153441223390000,1785153441223393000,1785153441223393000,1785153441223393000,121932490,121652369,-125.121,0.000,0.000,1.000,3.000,0.000,0.000,0.000,0,0,0
B3_zmq_pushpull,zmq_tcp,none,none,,1,4763,512,584,1785153441224448000,1785153441224448000,1785153441224449000,1785153441224449000,1785153441224530000,1785153441224533000,1785153441224533000,1785153441224533000,121932490,121652369,-199.121,0.000,1.000,0.000,3.000,0.000,0.000,0.000,0,0,0
B3_zmq_pushpull,zmq_tcp,none,none,,1,4764,512,584,1785153441225395000,1785153441225395000,1785153441225395000,1785153441225396000,1785153441225545000,1785153441225549000,1785153441225549000,1785153441225549000,121932490,121652369,-131.121,0.000,0.000,1.000,4.000,0.000,0.000,0.000,0,0,0
B3_zmq_pushpull,zmq_tcp,none,none,,1,4765,512,584,1785153441226247000,1785153441226247000,1785153441226247000,1785153441226248000,1785153441226402000,1785153441226405000,1785153441226405000,1785153441226405000,121932490,121652369,-126.121,0.000,0.000,1.000,3.000,0.000,0.000,0.000,0,0,0
B3_zmq_pushpull,zmq_tcp,none,none,,1,4766,512,584,1785153441227238000,1785153441227238000,1785153441227238000,1785153441227239000,1785153441227383000,1785153441227386000,1785153441227386000,1785153441227386000,121932490,121652369,-136.121,0.000,0.000,1.000,3.000,0.000,0.000,0.000,0,0,0
B3_zmq_pushpull,zmq_tcp,none,none,,1,4767,512,584,1785153441228453000,1785153441228453000,1785153441228453000,1785153441228454000,1785153441228513000,1785153441228516000,1785153441228516000,1785153441228516000,121932490,121652369,-221.121,0.000,0.000,1.000,3.000,0.000,0.000,0.000,0,0,0
B3_zmq_pushpull,zmq_tcp,none,none,,1,4768,512,584,1785153441229392000,1785153441229392000,1785153441229392000,1785153441229393000,1785153441229539000,1785153441229542000,1785153441229542000,1785153441229542000,121932490,121652369,-134.121,0.000,0.000,1.000,3.000,0.000,0.000,0.000,0,0,0
B3_zmq_pushpull,zmq_tcp,none,none,,1,4769,512,584,1785153441230408000,1785153441230408000,1785153441230408000,1785153441230409000,1785153441230544000,1785153441230547000,1785153441230547000,1785153441230547000,121932490,121652369,-145.121,0.000,0.000,1.000,3.000,0.000,0.000,0.000,0,0,0
B3_zmq_pushpull,zmq_tcp,none,none,,1,4770,512,584,1785153441231406000,1785153441231406000,1785153441231406000,1785153441231407000,1785153441231545000,1785153441231547000,1785153441231547000,1785153441231547000,121932490,121652369,-142.121,0.000,0.000,1.000,2.000,0.000,0.000,0.000,0,0,0
B3_zmq_pushpull,zmq_tcp,none,none,,1,4771,512,584,1785153441232405000,1785153441232405000,1785153441232405000,1785153441232406000,1785153441232530000,1785153441232533000,1785153441232533000,1785153441232533000,121932490,121652369,-156.121,0.000,0.000,1.000,3.000,0.000,0.000,0.000,0,0,0
B3_zmq_pushpull,zmq_tcp,none,none,,1,4772,512,584,1785153441233404000,1785153441233404000,1785153441233404000,1785153441233405000,1785153441233542000,1785153441233545000,1785153441233545000,1785153441233545000,121932490,121652369,-143.121,0.000,0.000,1.000,3.000,0.000,0.000,0.000,0,0,0
B3_zmq_pushpull,zmq_tcp,none,none,,1,4773,512,584,1785153441234406000,1785153441234406000,1785153441234407000,1785153441234407000,1785153441234539000,1785153441234542000,1785153441234542000,1785153441234542000,121932490,121652369,-148.121,0.000,1.000,0.000,3.000,0.000,0.000,0.000,0,0,0
B3_zmq_pushpull,zmq_tcp,none,none,,1,4774,512,584,1785153441235404000,1785153441235405000,1785153441235405000,1785153441235406000,1785153441235550000,1785153441235553000,1785153441235553000,1785153441235553000,121932490,121652369,-136.121,1.000,0.000,1.000,3.000,0.000,0.000,0.000,0,0,0
B3_zmq_pushpull,zmq_tcp,none,none,,1,4775,512,584,1785153441236405000,1785153441236405000,1785153441236405000,1785153441236406000,1785153441236549000,1785153441236551000,1785153441236551000,1785153441236551000,121932490,121652369,-137.121,0.000,0.000,1.000,2.000,0.000,0.000,0.000,0,0,0
B3_zmq_pushpull,zmq_tcp,none,none,,1,4776,512,584,1785153441237408000,1785153441237408000,1785153441237408000,1785153441237409000,1785153441237569000,1785153441237572000,1785153441237572000,1785153441237572000,121932490,121652369,-120.121,0.000,0.000,1.000,3.000,0.000,0.000,0.000,0,0,0
B3_zmq_pushpull,zmq_tcp,none,none,,1,4777,512,584,1785153441238404000,1785153441238404000,1785153441238404000,1785153441238405000,1785153441238544000,1785153441238546000,1785153441238546000,1785153441238546000,121932490,121652369,-141.121,0.000,0.000,1.000,2.000,0.000,0.000,0.000,0,0,0
B3_zmq_pushpull,zmq_tcp,none,none,,1,4778,512,584,1785153441239406000,1785153441239406000,1785153441239406000,1785153441239407000,1785153441239555000,1785153441239558000,1785153441239558000,1785153441239558000,121932490,121652369,-132.121,0.000,0.000,1.000,3.000,0.000,0.000,0.000,0,0,0
B3_zmq_pushpull,zmq_tcp,none,none,,1,4779,512,584,1785153441240404000,1785153441240404000,1785153441240404000,1785153441240405000,1785153441240567000,1785153441240570000,1785153441240570000,1785153441240570000,121932490,121652369,-118.121,0.000,0.000,1.000,3.000,0.000,0.000,0.000,0,0,0
B3_zmq_pushpull,zmq_tcp,none,none,,1,4780,512,584,1785153441241405000,1785153441241406000,1785153441241406000,1785153441241407000,1785153441241579000,1785153441241582000,1785153441241582000,1785153441241582000,121932490,121652369,-108.121,1.000,0.000,1.000,3.000,0.000,0.000,0.000,0,0,0
B3_zmq_pushpull,zmq_tcp,none,none,,1,4781,512,584,1785153441242281000,1785153441242281000,1785153441242281000,1785153441242282000,1785153441242426000,1785153441242429000,1785153441242429000,1785153441242429000,121932490,121652369,-136.121,0.000,0.000,1.000,3.000,0.000,0.000,0.000,0,0,0
B3_zmq_pushpull,zmq_tcp,none,none,,1,4782,512,584,1785153441243437000,1785153441243437000,1785153441243437000,1785153441243438000,1785153441243563000,1785153441243566000,1785153441243566000,1785153441243566000,121932490,121652369,-155.121,0.000,0.000,1.000,3.000,0.000,0.000,0.000,0,0,0
B3_zmq_pushpull,zmq_tcp,none,none,,1,4783,512,584,1785153441244395000,1785153441244395000,1785153441244395000,1785153441244396000,1785153441244566000,1785153441244569000,1785153441244569000,1785153441244569000,121932490,121652369,-110.121,0.000,0.000,1.000,3.000,0.000,0.000,0.000,0,0,0
B3_zmq_pushpull,zmq_tcp,none,none,,1,4784,512,584,1785153441245409000,1785153441245409000,1785153441245409000,1785153441245410000,1785153441245574000,1785153441245577000,1785153441245577000,1785153441245577000,121932490,121652369,-116.121,0.000,0.000,1.000,3.000,0.000,0.000,0.000,0,0,0
B3_zmq_pushpull,zmq_tcp,none,none,,1,4785,512,584,1785153441246408000,1785153441246408000,1785153441246408000,1785153441246409000,1785153441246579000,1785153441246582000,1785153441246582000,1785153441246582000,121932490,121652369,-110.121,0.000,0.000,1.000,3.000,0.000,0.000,0.000,0,0,0
B3_zmq_pushpull,zmq_tcp,none,none,,1,4786,512,584,1785153441247406000,1785153441247406000,1785153441247406000,1785153441247407000,1785153441247587000,1785153441247590000,1785153441247590000,1785153441247590000,121932490,121652369,-100.121,0.000,0.000,1.000,3.000,0.000,0.000,0.000,0,0,0
B3_zmq_pushpull,zmq_tcp,none,none,,1,4787,512,584,1785153441248288000,1785153441248289000,1785153441248289000,1785153441248290000,1785153441248445000,1785153441248447000,1785153441248448000,1785153441248448000,121932490,121652369,-125.121,1.000,0.000,1.000,2.000,1.000,0.000,0.000,0,0,0
B3_zmq_pushpull,zmq_tcp,none,none,,1,4788,512,584,1785153441249434000,1785153441249434000,1785153441249434000,1785153441249435000,1785153441249580000,1785153441249582000,1785153441249582000,1785153441249582000,121932490,121652369,-135.121,0.000,0.000,1.000,2.000,0.000,0.000,0.000,0,0,0
B3_zmq_pushpull,zmq_tcp,none,none,,1,4789,512,584,1785153441250399000,1785153441250399000,1785153441250399000,1785153441250400000,1785153441250447000,1785153441250450000,1785153441250450000,1785153441250450000,121932490,121652369,-233.121,0.000,0.000,1.000,3.000,0.000,0.000,0.000,0,0,0
B3_zmq_pushpull,zmq_tcp,none,none,,1,4790,512,584,1785153441251303000,1785153441251303000,1785153441251303000,1785153441251304000,1785153441251457000,1785153441251459000,1785153441251459000,1785153441251459000,121932490,121652369,-127.121,0.000,0.000,1.000,2.000,0.000,0.000,0.000,0,0,0
B3_zmq_pushpull,zmq_tcp,none,none,,1,4791,512,584,1785153441252429000,1785153441252430000,1785153441252430000,1785153441252431000,1785153441252575000,1785153441252578000,1785153441252578000,1785153441252578000,121932490,121652369,-136.121,1.000,0.000,1.000,3.000,0.000,0.000,0.000,0,0,0
B3_zmq_pushpull,zmq_tcp,none,none,,1,4792,512,584,1785153441253403000,1785153441253403000,1785153441253403000,1785153441253404000,1785153441253597000,1785153441253599000,1785153441253599000,1785153441253599000,121932490,121652369,-87.121,0.000,0.000,1.000,2.000,0.000,0.000,0.000,0,0,0
B3_zmq_pushpull,zmq_tcp,none,none,,1,4793,512,584,1785153441254407000,1785153441254407000,1785153441254407000,1785153441254408000,1785153441254591000,1785153441254595000,1785153441254595000,1785153441254595000,121932490,121652369,-97.121,0.000,0.000,1.000,4.000,0.000,0.000,0.000,0,0,0
B3_zmq_pushpull,zmq_tcp,none,none,,1,4794,512,584,1785153441255403000,1785153441255403000,1785153441255403000,1785153441255404000,1785153441255450000,1785153441255453000,1785153441255453000,1785153441255453000,121932490,121652369,-234.121,0.000,0.000,1.000,3.000,0.000,0.000,0.000,0,0,0
B3_zmq_pushpull,zmq_tcp,none,none,,1,4795,512,584,1785153441256407000,1785153441256407000,1785153441256407000,1785153441256408000,1785153441256579000,1785153441256583000,1785153441256583000,1785153441256583000,121932490,121652369,-109.121,0.000,0.000,1.000,4.000,0.000,0.000,0.000,0,0,0
B3_zmq_pushpull,zmq_tcp,none,none,,1,4796,512,584,1785153441257408000,1785153441257408000,1785153441257408000,1785153441257409000,1785153441257601000,1785153441257604000,1785153441257604000,1785153441257604000,121932490,121652369,-88.121,0.000,0.000,1.000,3.000,0.000,0.000,0.000,0,0,0
B3_zmq_pushpull,zmq_tcp,none,none,,1,4797,512,584,1785153441258315000,1785153441258315000,1785153441258315000,1785153441258316000,1785153441258476000,1785153441258478000,1785153441258478000,1785153441258478000,121932490,121652369,-120.121,0.000,0.000,1.000,2.000,0.000,0.000,0.000,0,0,0
B3_zmq_pushpull,zmq_tcp,none,none,,1,4798,512,584,1785153441259329000,1785153441259329000,1785153441259329000,1785153441259330000,1785153441259490000,1785153441259493000,1785153441259493000,1785153441259493000,121932490,121652369,-120.121,0.000,0.000,1.000,3.000,0.000,0.000,0.000,0,0,0
B3_zmq_pushpull,zmq_tcp,none,none,,1,4799,512,584,1785153441260424000,1785153441260424000,1785153441260424000,1785153441260425000,1785153441260602000,1785153441260605000,1785153441260605000,1785153441260605000,121932490,121652369,-103.121,0.000,0.000,1.000,3.000,0.000,0.000,0.000,0,0,0
B3_zmq_pushpull,zmq_tcp,none,none,,1,4800,512,584,1785153441261314000,1785153441261314000,1785153441261314000,1785153441261315000,1785153441261469000,1785153441261472000,1785153441261472000,1785153441261472000,121932490,121652369,-126.121,0.000,0.000,1.000,3.000,0.000,0.000,0.000,0,0,0
B3_zmq_pushpull,zmq_tcp,none,none,,1,4801,512,584,1785153441262428000,1785153441262428000,1785153441262428000,1785153441262429000,1785153441262477000,1785153441262480000,1785153441262480000,1785153441262480000,121932490,121652369,-232.121,0.000,0.000,1.000,3.000,0.000,0.000,0.000,0,0,0
B3_zmq_pushpull,zmq_tcp,none,none,,1,4802,512,584,1785153441263401000,1785153441263401000,1785153441263401000,1785153441263402000,1785153441263488000,1785153441263490000,1785153441263490000,1785153441263490000,121932490,121652369,-194.121,0.000,0.000,1.000,2.000,0.000,0.000,0.000,0,0,0
B3_zmq_pushpull,zmq_tcp,none,none,,1,4803,512,584,1785153441264407000,1785153441264407000,1785153441264407000,1785153441264408000,1785153441264477000,1785153441264481000,1785153441264481000,1785153441264481000,121932490,121652369,-211.121,0.000,0.000,1.000,4.000,0.000,0.000,0.000,0,0,0
B3_zmq_pushpull,zmq_tcp,none,none,,1,4804,512,584,1785153441265321000,1785153441265321000,1785153441265321000,1785153441265322000,1785153441265481000,1785153441265484000,1785153441265484000,1785153441265484000,121932490,121652369,-121.121,0.000,0.000,1.000,3.000,0.000,0.000,0.000,0,0,0
B3_zmq_pushpull,zmq_tcp,none,none,,1,4805,512,584,1785153441266427000,1785153441266427000,1785153441266427000,1785153441266428000,1785153441266621000,1785153441266624000,1785153441266624000,1785153441266624000,121932490,121652369,-87.121,0.000,0.000,1.000,3.000,0.000,0.000,0.000,0,0,0
B3_zmq_pushpull,zmq_tcp,none,none,,1,4806,512,584,1785153441267401000,1785153441267401000,1785153441267401000,1785153441267402000,1785153441267483000,1785153441267485000,1785153441267485000,1785153441267485000,121932490,121652369,-199.121,0.000,0.000,1.000,2.000,0.000,0.000,0.000,0,0,0
B3_zmq_pushpull,zmq_tcp,none,none,,1,4807,512,584,1785153441268407000,1785153441268407000,1785153441268407000,1785153441268408000,1785153441268484000,1785153441268488000,1785153441268488000,1785153441268488000,121932490,121652369,-204.121,0.000,0.000,1.000,4.000,0.000,0.000,0.000,0,0,0
B3_zmq_pushpull,zmq_tcp,none,none,,1,4808,512,584,1785153441269401000,1785153441269402000,1785153441269402000,1785153441269403000,1785153441269474000,1785153441269477000,1785153441269477000,1785153441269477000,121932490,121652369,-209.121,1.000,0.000,1.000,3.000,0.000,0.000,0.000,0,0,0
B3_zmq_pushpull,zmq_tcp,none,none,,1,4809,512,584,1785153441270407000,1785153441270407000,1785153441270407000,1785153441270408000,1785153441270466000,1785153441270469000,1785153441270469000,1785153441270469000,121932490,121652369,-222.121,0.000,0.000,1.000,3.000,0.000,0.000,0.000,0,0,0
B3_zmq_pushpull,zmq_tcp,none,none,,1,4810,512,584,1785153441271408000,1785153441271409000,1785153441271409000,1785153441271410000,1785153441271477000,1785153441271479000,1785153441271479000,1785153441271479000,121932490,121652369,-213.121,1.000,0.000,1.000,2.000,0.000,0.000,0.000,0,0,0
B3_zmq_pushpull,zmq_tcp,none,none,,1,4811,512,584,1785153441272310000,1785153441272310000,1785153441272310000,1785153441272311000,1785153441272469000,1785153441272472000,1785153441272472000,1785153441272472000,121932490,121652369,-122.121,0.000,0.000,1.000,3.000,0.000,0.000,0.000,0,0,0
B3_zmq_pushpull,zmq_tcp,none,none,,1,4812,512,584,1785153441273313000,1785153441273313000,1785153441273313000,1785153441273314000,1785153441273462000,1785153441273465000,1785153441273465000,1785153441273465000,121932490,121652369,-132.121,0.000,0.000,1.000,3.000,0.000,0.000,0.000,0,0,0
B3_zmq_pushpull,zmq_tcp,none,none,,1,4813,512,584,1785153441274430000,1785153441274430000,1785153441274430000,1785153441274431000,1785153441274610000,1785153441274613000,1785153441274613000,1785153441274613000,121932490,121652369,-101.121,0.000,0.000,1.000,3.000,0.000,0.000,0.000,0,0,0
B3_zmq_pushpull,zmq_tcp,none,none,,1,4814,512,584,1785153441275326000,1785153441275326000,1785153441275326000,1785153441275327000,1785153441275481000,1785153441275484000,1785153441275484000,1785153441275484000,121932490,121652369,-126.121,0.000,0.000,1.000,3.000,0.000,0.000,0.000,0,0,0
B3_zmq_pushpull,zmq_tcp,none,none,,1,4815,512,584,1785153441276426000,1785153441276426000,1785153441276426000,1785153441276427000,1785153441276469000,1785153441276472000,1785153441276472000,1785153441276472000,121932490,121652369,-238.121,0.000,0.000,1.000,3.000,0.000,0.000,0.000,0,0,0
B3_zmq_pushpull,zmq_tcp,none,none,,1,4816,512,584,1785153441277301000,1785153441277301000,1785153441277301000,1785153441277302000,1785153441277458000,1785153441277462000,1785153441277462000,1785153441277462000,121932490,121652369,-124.121,0.000,0.000,1.000,4.000,0.000,0.000,0.000,0,0,0
B3_zmq_pushpull,zmq_tcp,none,none,,1,4817,512,584,1785153441278432000,1785153441278432000,1785153441278432000,1785153441278433000,1785153441278616000,1785153441278619000,1785153441278620000,1785153441278620000,121932490,121652369,-97.121,0.000,0.000,1.000,3.000,1.000,0.000,0.000,0,0,0
B3_zmq_pushpull,zmq_tcp,none,none,,1,4818,512,584,1785153441279399000,1785153441279399000,1785153441279399000,1785153441279400000,1785153441279494000,1785153441279497000,1785153441279497000,1785153441279497000,121932490,121652369,-186.121,0.000,0.000,1.000,3.000,0.000,0.000,0.000,0,0,0
B3_zmq_pushpull,zmq_tcp,none,none,,1,4819,512,584,1785153441280407000,1785153441280407000,1785153441280407000,1785153441280408000,1785153441280502000,1785153441280505000,1785153441280505000,1785153441280505000,121932490,121652369,-186.121,0.000,0.000,1.000,3.000,0.000,0.000,0.000,0,0,0
B3_zmq_pushpull,zmq_tcp,none,none,,1,4820,512,584,1785153441281409000,1785153441281409000,1785153441281409000,1785153441281410000,1785153441281490000,1785153441281492000,1785153441281492000,1785153441281492000,121932490,121652369,-200.121,0.000,0.000,1.000,2.000,0.000,0.000,0.000,0,0,0
B3_zmq_pushpull,zmq_tcp,none,none,,1,4821,512,584,1785153441282404000,1785153441282404000,1785153441282404000,1785153441282405000,1785153441282465000,1785153441282469000,1785153441282469000,1785153441282469000,121932490,121652369,-220.121,0.000,0.000,1.000,4.000,0.000,0.000,0.000,0,0,0
B3_zmq_pushpull,zmq_tcp,none,none,,1,4822,512,584,1785153441283402000,1785153441283402000,1785153441283402000,1785153441283403000,1785153441283445000,1785153441283448000,1785153441283449000,1785153441283449000,121932490,121652369,-238.121,0.000,0.000,1.000,3.000,1.000,0.000,0.000,0,0,0
B3_zmq_pushpull,zmq_tcp,none,none,,1,4823,512,584,1785153441284407000,1785153441284407000,1785153441284407000,1785153441284408000,1785153441284567000,1785153441284569000,1785153441284569000,1785153441284569000,121932490,121652369,-121.121,0.000,0.000,1.000,2.000,0.000,0.000,0.000,0,0,0
B3_zmq_pushpull,zmq_tcp,none,none,,1,4824,512,584,1785153441285404000,1785153441285404000,1785153441285404000,1785153441285405000,1785153441285565000,1785153441285568000,1785153441285568000,1785153441285568000,121932490,121652369,-120.121,0.000,0.000,1.000,3.000,0.000,0.000,0.000,0,0,0
B3_zmq_pushpull,zmq_tcp,none,none,,1,4825,512,584,1785153441286402000,1785153441286402000,1785153441286402000,1785153441286403000,1785153441286547000,1785153441286549000,1785153441286549000,1785153441286549000,121932490,121652369,-136.121,0.000,0.000,1.000,2.000,0.000,0.000,0.000,0,0,0
B3_zmq_pushpull,zmq_tcp,none,none,,1,4826,512,584,1785153441287408000,1785153441287408000,1785153441287408000,1785153441287409000,1785153441287518000,1785153441287520000,1785153441287520000,1785153441287520000,121932490,121652369,-171.121,0.000,0.000,1.000,2.000,0.000,0.000,0.000,0,0,0
B3_zmq_pushpull,zmq_tcp,none,none,,1,4827,512,584,1785153441288405000,1785153441288405000,1785153441288405000,1785153441288406000,1785153441288498000,1785153441288501000,1785153441288501000,1785153441288501000,121932490,121652369,-188.121,0.000,0.000,1.000,3.000,0.000,0.000,0.000,0,0,0
B3_zmq_pushpull,zmq_tcp,none,none,,1,4828,512,584,1785153441289401000,1785153441289402000,1785153441289402000,1785153441289403000,1785153441289471000,1785153441289474000,1785153441289474000,1785153441289474000,121932490,121652369,-212.121,1.000,0.000,1.000,3.000,0.000,0.000,0.000,0,0,0
B3_zmq_pushpull,zmq_tcp,none,none,,1,4829,512,584,1785153441290404000,1785153441290405000,1785153441290405000,1785153441290406000,1785153441290439000,1785153441290442000,1785153441290442000,1785153441290442000,121932490,121652369,-247.121,1.000,0.000,1.000,3.000,0.000,0.000,0.000,0,0,0
B3_zmq_pushpull,zmq_tcp,none,none,,1,4830,512,584,1785153441291405000,1785153441291405000,1785153441291405000,1785153441291406000,1785153441291572000,1785153441291575000,1785153441291575000,1785153441291575000,121932490,121652369,-114.121,0.000,0.000,1.000,3.000,0.000,0.000,0.000,0,0,0
B3_zmq_pushpull,zmq_tcp,none,none,,1,4831,512,584,1785153441292258000,1785153441292258000,1785153441292258000,1785153441292259000,1785153441292412000,1785153441292415000,1785153441292415000,1785153441292415000,121932490,121652369,-127.121,0.000,0.000,1.000,3.000,0.000,0.000,0.000,0,0,0
B3_zmq_pushpull,zmq_tcp,none,none,,1,4832,512,584,1785153441293234000,1785153441293234000,1785153441293234000,1785153441293235000,1785153441293395000,1785153441293397000,1785153441293397000,1785153441293397000,121932490,121652369,-120.121,0.000,0.000,1.000,2.000,0.000,0.000,0.000,0,0,0
B3_zmq_pushpull,zmq_tcp,none,none,,1,4833,512,584,1785153441294449000,1785153441294449000,1785153441294450000,1785153441294450000,1785153441294615000,1785153441294617000,1785153441294617000,1785153441294617000,121932490,121652369,-115.121,0.000,1.000,0.000,2.000,0.000,0.000,0.000,0,0,0
B3_zmq_pushpull,zmq_tcp,none,none,,1,4834,512,584,1785153441295393000,1785153441295394000,1785153441295394000,1785153441295395000,1785153441295471000,1785153441295473000,1785153441295474000,1785153441295474000,121932490,121652369,-204.121,1.000,0.000,1.000,2.000,1.000,0.000,0.000,0,0,0
B3_zmq_pushpull,zmq_tcp,none,none,,1,4835,512,584,1785153441296405000,1785153441296405000,1785153441296405000,1785153441296406000,1785153441296455000,1785153441296458000,1785153441296458000,1785153441296458000,121932490,121652369,-231.121,0.000,0.000,1.000,3.000,0.000,0.000,0.000,0,0,0
B3_zmq_pushpull,zmq_tcp,none,none,,1,4836,512,584,1785153441297404000,1785153441297404000,1785153441297404000,1785153441297405000,1785153441297451000,1785153441297454000,1785153441297454000,1785153441297454000,121932490,121652369,-234.121,0.000,0.000,1.000,3.000,0.000,0.000,0.000,0,0,0
B3_zmq_pushpull,zmq_tcp,none,none,,1,4837,512,584,1785153441298305000,1785153441298306000,1785153441298306000,1785153441298307000,1785153441298445000,1785153441298448000,1785153441298448000,1785153441298448000,121932490,121652369,-142.121,1.000,0.000,1.000,3.000,0.000,0.000,0.000,0,0,0
B3_zmq_pushpull,zmq_tcp,none,none,,1,4838,512,584,1785153441299278000,1785153441299278000,1785153441299279000,1785153441299280000,1785153441299423000,1785153441299425000,1785153441299425000,1785153441299425000,121932490,121652369,-137.121,0.000,1.000,1.000,2.000,0.000,0.000,0.000,0,0,0
B3_zmq_pushpull,zmq_tcp,none,none,,1,4839,512,584,1785153441300438000,1785153441300438000,1785153441300438000,1785153441300439000,1785153441300556000,1785153441300559000,1785153441300559000,1785153441300559000,121932490,121652369,-163.121,0.000,0.000,1.000,3.000,0.000,0.000,0.000,0,0,0
B3_zmq_pushpull,zmq_tcp,none,none,,1,4840,512,584,1785153441301396000,1785153441301397000,1785153441301397000,1785153441301398000,1785153441301549000,1785153441301552000,1785153441301552000,1785153441301552000,121932490,121652369,-129.121,1.000,0.000,1.000,3.000,0.000,0.000,0.000,0,0,0
B3_zmq_pushpull,zmq_tcp,none,none,,1,4841,512,584,1785153441302228000,1785153441302228000,1785153441302229000,1785153441302229000,1785153441302384000,1785153441302388000,1785153441302388000,1785153441302388000,121932490,121652369,-125.121,0.000,1.000,0.000,4.000,0.000,0.000,0.000,0,0,0
B3_zmq_pushpull,zmq_tcp,none,none,,1,4842,512,584,1785153441303218000,1785153441303218000,1785153441303218000,1785153441303219000,1785153441303357000,1785153441303360000,1785153441303360000,1785153441303360000,121932490,121652369,-142.121,0.000,0.000,1.000,3.000,0.000,0.000,0.000,0,0,0
B3_zmq_pushpull,zmq_tcp,none,none,,1,4843,512,584,1785153441304315000,1785153441304315000,1785153441304316000,1785153441304316000,1785153441304468000,1785153441304471000,1785153441304471000,1785153441304471000,121932490,121652369,-128.121,0.000,1.000,0.000,3.000,0.000,0.000,0.000,0,0,0
B3_zmq_pushpull,zmq_tcp,none,none,,1,4844,512,584,1785153441305305000,1785153441305306000,1785153441305306000,1785153441305307000,1785153441305462000,1785153441305465000,1785153441305465000,1785153441305465000,121932490,121652369,-125.121,1.000,0.000,1.000,3.000,0.000,0.000,0.000,0,0,0
B3_zmq_pushpull,zmq_tcp,none,none,,1,4845,512,584,1785153441306315000,1785153441306315000,1785153441306315000,1785153441306316000,1785153441306472000,1785153441306475000,1785153441306475000,1785153441306475000,121932490,121652369,-124.121,0.000,0.000,1.000,3.000,0.000,0.000,0.000,0,0,0
B3_zmq_pushpull,zmq_tcp,none,none,,1,4846,512,584,1785153441307427000,1785153441307427000,1785153441307427000,1785153441307428000,1785153441307588000,1785153441307591000,1785153441307591000,1785153441307591000,121932490,121652369,-120.121,0.000,0.000,1.000,3.000,0.000,0.000,0.000,0,0,0
B3_zmq_pushpull,zmq_tcp,none,none,,1,4847,512,584,1785153441308401000,1785153441308401000,1785153441308401000,1785153441308402000,1785153441308583000,1785153441308585000,1785153441308585000,1785153441308585000,121932490,121652369,-99.121,0.000,0.000,1.000,2.000,0.000,0.000,0.000,0,0,0
B3_zmq_pushpull,zmq_tcp,none,none,,1,4848,512,584,1785153441309406000,1785153441309406000,1785153441309406000,1785153441309407000,1785153441309564000,1785153441309568000,1785153441309568000,1785153441309568000,121932490,121652369,-123.121,0.000,0.000,1.000,4.000,0.000,0.000,0.000,0,0,0
B3_zmq_pushpull,zmq_tcp,none,none,,1,4849,512,584,1785153441310403000,1785153441310403000,1785153441310403000,1785153441310404000,1785153441310536000,1785153441310539000,1785153441310539000,1785153441310539000,121932490,121652369,-148.121,0.000,0.000,1.000,3.000,0.000,0.000,0.000,0,0,0
B3_zmq_pushpull,zmq_tcp,none,none,,1,4850,512,584,1785153441311406000,1785153441311406000,1785153441311406000,1785153441311407000,1785153441311503000,1785153441311505000,1785153441311505000,1785153441311505000,121932490,121652369,-184.121,0.000,0.000,1.000,2.000,0.000,0.000,0.000,0,0,0
B3_zmq_pushpull,zmq_tcp,none,none,,1,4851,512,584,1785153441312404000,1785153441312404000,1785153441312404000,1785153441312405000,1785153441312484000,1785153441312487000,1785153441312487000,1785153441312487000,121932490,121652369,-201.121,0.000,0.000,1.000,3.000,0.000,0.000,0.000,0,0,0
B3_zmq_pushpull,zmq_tcp,none,none,,1,4852,512,584,1785153441313404000,1785153441313404000,1785153441313405000,1785153441313405000,1785153441313608000,1785153441313611000,1785153441313611000,1785153441313611000,121932490,121652369,-77.121,0.000,1.000,0.000,3.000,0.000,0.000,0.000,0,0,0
B3_zmq_pushpull,zmq_tcp,none,none,,1,4853,512,584,1785153441314400000,1785153441314400000,1785153441314400000,1785153441314401000,1785153441314575000,1785153441314577000,1785153441314577000,1785153441314577000,121932490,121652369,-106.121,0.000,0.000,1.000,2.000,0.000,0.000,0.000,0,0,0
B3_zmq_pushpull,zmq_tcp,none,none,,1,4854,512,584,1785153441315406000,1785153441315406000,1785153441315406000,1785153441315407000,1785153441315552000,1785153441315555000,1785153441315555000,1785153441315555000,121932490,121652369,-135.121,0.000,0.000,1.000,3.000,0.000,0.000,0.000,0,0,0
B3_zmq_pushpull,zmq_tcp,none,none,,1,4855,512,584,1785153441316404000,1785153441316404000,1785153441316405000,1785153441316405000,1785153441316541000,1785153441316544000,1785153441316544000,1785153441316544000,121932490,121652369,-144.121,0.000,1.000,0.000,3.000,0.000,0.000,0.000,0,0,0
B3_zmq_pushpull,zmq_tcp,none,none,,1,4856,512,584,1785153441317404000,1785153441317404000,1785153441317404000,1785153441317405000,1785153441317516000,1785153441317519000,1785153441317519000,1785153441317519000,121932490,121652369,-169.121,0.000,0.000,1.000,3.000,0.000,0.000,0.000,0,0,0
B3_zmq_pushpull,zmq_tcp,none,none,,1,4857,512,584,1785153441318402000,1785153441318402000,1785153441318402000,1785153441318403000,1785153441318483000,1785153441318486000,1785153441318486000,1785153441318486000,121932490,121652369,-200.121,0.000,0.000,1.000,3.000,0.000,0.000,0.000,0,0,0
B3_zmq_pushpull,zmq_tcp,none,none,,1,4858,512,584,1785153441319329000,1785153441319329000,1785153441319329000,1785153441319330000,1785153441319489000,1785153441319492000,1785153441319492000,1785153441319492000,121932490,121652369,-121.121,0.000,0.000,1.000,3.000,0.000,0.000,0.000,0,0,0
B3_zmq_pushpull,zmq_tcp,none,none,,1,4859,512,584,1785153441320425000,1785153441320425000,1785153441320425000,1785153441320426000,1785153441320616000,1785153441320619000,1785153441320619000,1785153441320619000,121932490,121652369,-90.121,0.000,0.000,1.000,3.000,0.000,0.000,0.000,0,0,0
B3_zmq_pushpull,zmq_tcp,none,none,,1,4860,512,584,1785153441321399000,1785153441321399000,1785153441321399000,1785153441321400000,1785153441321589000,1785153441321592000,1785153441321592000,1785153441321592000,121932490,121652369,-91.121,0.000,0.000,1.000,3.000,0.000,0.000,0.000,0,0,0
B3_zmq_pushpull,zmq_tcp,none,none,,1,4861,512,584,1785153441322408000,1785153441322408000,1785153441322408000,1785153441322409000,1785153441322572000,1785153441322575000,1785153441322575000,1785153441322575000,121932490,121652369,-117.121,0.000,0.000,1.000,3.000,0.000,0.000,0.000,0,0,0
B3_zmq_pushpull,zmq_tcp,none,none,,1,4862,512,584,1785153441323405000,1785153441323405000,1785153441323405000,1785153441323406000,1785153441323538000,1785153441323541000,1785153441323541000,1785153441323541000,121932490,121652369,-148.121,0.000,0.000,1.000,3.000,0.000,0.000,0.000,0,0,0
B3_zmq_pushpull,zmq_tcp,none,none,,1,4863,512,584,1785153441324404000,1785153441324405000,1785153441324405000,1785153441324406000,1785153441324522000,1785153441324524000,1785153441324524000,1785153441324524000,121932490,121652369,-164.121,1.000,0.000,1.000,2.000,0.000,0.000,0.000,0,0,0
B3_zmq_pushpull,zmq_tcp,none,none,,1,4864,512,584,1785153441325402000,1785153441325402000,1785153441325402000,1785153441325403000,1785153441325496000,1785153441325499000,1785153441325499000,1785153441325499000,121932490,121652369,-187.121,0.000,0.000,1.000,3.000,0.000,0.000,0.000,0,0,0
B3_zmq_pushpull,zmq_tcp,none,none,,1,4865,512,584,1785153441326406000,1785153441326406000,1785153441326406000,1785153441326407000,1785153441326459000,1785153441326463000,1785153441326463000,1785153441326463000,121932490,121652369,-228.121,0.000,0.000,1.000,4.000,0.000,0.000,0.000,0,0,0
B3_zmq_pushpull,zmq_tcp,none,none,,1,4866,512,584,1785153441327287000,1785153441327288000,1785153441327288000,1785153441327289000,1785153441327444000,1785153441327447000,1785153441327447000,1785153441327447000,121932490,121652369,-125.121,1.000,0.000,1.000,3.000,0.000,0.000,0.000,0,0,0
B3_zmq_pushpull,zmq_tcp,none,none,,1,4867,512,584,1785153441328277000,1785153441328277000,1785153441328277000,1785153441328278000,1785153441328435000,1785153441328437000,1785153441328437000,1785153441328437000,121932490,121652369,-123.121,0.000,0.000,1.000,2.000,0.000,0.000,0.000,0,0,0
B3_zmq_pushpull,zmq_tcp,none,none,,1,4868,512,584,1785153441329274000,1785153441329274000,1785153441329274000,1785153441329275000,1785153441329423000,1785153441329427000,1785153441329427000,1785153441329427000,121932490,121652369,-132.121,0.000,0.000,1.000,4.000,0.000,0.000,0.000,0,0,0
B3_zmq_pushpull,zmq_tcp,none,none,,1,4869,512,584,1785153441330439000,1785153441330439000,1785153441330439000,1785153441330440000,1785153441330562000,1785153441330565000,1785153441330565000,1785153441330565000,121932490,121652369,-158.121,0.000,0.000,1.000,3.000,0.000,0.000,0.000,0,0,0
B3_zmq_pushpull,zmq_tcp,none,none,,1,4870,512,584,1785153441331397000,1785153441331397000,1785153441331397000,1785153441331398000,1785153441331551000,1785153441331554000,1785153441331554000,1785153441331554000,121932490,121652369,-127.121,0.000,0.000,1.000,3.000,0.000,0.000,0.000,0,0,0
B3_zmq_pushpull,zmq_tcp,none,none,,1,4871,512,584,1785153441332403000,1785153441332403000,1785153441332403000,1785153441332404000,1785153441332528000,1785153441332531000,1785153441332531000,1785153441332531000,121932490,121652369,-156.121,0.000,0.000,1.000,3.000,0.000,0.000,0.000,0,0,0
B3_zmq_pushpull,zmq_tcp,none,none,,1,4872,512,584,1785153441333406000,1785153441333406000,1785153441333406000,1785153441333407000,1785153441333511000,1785153441333513000,1785153441333513000,1785153441333513000,121932490,121652369,-176.121,0.000,0.000,1.000,2.000,0.000,0.000,0.000,0,0,0
B3_zmq_pushpull,zmq_tcp,none,none,,1,4873,512,584,1785153441334407000,1785153441334407000,1785153441334407000,1785153441334408000,1785153441334475000,1785153441334478000,1785153441334478000,1785153441334478000,121932490,121652369,-213.121,0.000,0.000,1.000,3.000,0.000,0.000,0.000,0,0,0
B3_zmq_pushpull,zmq_tcp,none,none,,1,4874,512,584,1785153441335404000,1785153441335405000,1785153441335405000,1785153441335406000,1785153441335576000,1785153441335579000,1785153441335579000,1785153441335579000,121932490,121652369,-110.121,1.000,0.000,1.000,3.000,0.000,0.000,0.000,0,0,0
B3_zmq_pushpull,zmq_tcp,none,none,,1,4875,512,584,1785153441336272000,1785153441336272000,1785153441336272000,1785153441336273000,1785153441336410000,1785153441336412000,1785153441336412000,1785153441336413000,121932490,121652369,-143.121,0.000,0.000,1.000,2.000,0.000,1.000,0.000,0,0,0
B3_zmq_pushpull,zmq_tcp,none,none,,1,4876,512,584,1785153441337439000,1785153441337439000,1785153441337439000,1785153441337440000,1785153441337520000,1785153441337523000,1785153441337523000,1785153441337523000,121932490,121652369,-200.121,0.000,0.000,1.000,3.000,0.000,0.000,0.000,0,0,0
B3_zmq_pushpull,zmq_tcp,none,none,,1,4877,512,584,1785153441338396000,1785153441338397000,1785153441338397000,1785153441338398000,1785153441338499000,1785153441338501000,1785153441338501000,1785153441338502000,121932490,121652369,-179.121,1.000,0.000,1.000,2.000,0.000,1.000,0.000,0,0,0
B3_zmq_pushpull,zmq_tcp,none,none,,1,4878,512,584,1785153441339407000,1785153441339407000,1785153441339407000,1785153441339408000,1785153441339484000,1785153441339487000,1785153441339487000,1785153441339487000,121932490,121652369,-204.121,0.000,0.000,1.000,3.000,0.000,0.000,0.000,0,0,0
B3_zmq_pushpull,zmq_tcp,none,none,,1,4879,512,584,1785153441340404000,1785153441340405000,1785153441340405000,1785153441340406000,1785153441340465000,1785153441340468000,1785153441340468000,1785153441340468000,121932490,121652369,-221.121,1.000,0.000,1.000,3.000,0.000,0.000,0.000,0,0,0
B3_zmq_pushpull,zmq_tcp,none,none,,1,4880,512,584,1785153441341407000,1785153441341407000,1785153441341407000,1785153441341408000,1785153441341580000,1785153441341583000,1785153441341583000,1785153441341583000,121932490,121652369,-108.121,0.000,0.000,1.000,3.000,0.000,0.000,0.000,0,0,0
B3_zmq_pushpull,zmq_tcp,none,none,,1,4881,512,584,1785153441342407000,1785153441342407000,1785153441342407000,1785153441342408000,1785153441342572000,1785153441342575000,1785153441342575000,1785153441342575000,121932490,121652369,-116.121,0.000,0.000,1.000,3.000,0.000,0.000,0.000,0,0,0
B3_zmq_pushpull,zmq_tcp,none,none,,1,4882,512,584,1785153441343406000,1785153441343406000,1785153441343407000,1785153441343407000,1785153441343571000,1785153441343574000,1785153441343574000,1785153441343574000,121932490,121652369,-116.121,0.000,1.000,0.000,3.000,0.000,0.000,0.000,0,0,0
B3_zmq_pushpull,zmq_tcp,none,none,,1,4883,512,584,1785153441344273000,1785153441344273000,1785153441344273000,1785153441344274000,1785153441344415000,1785153441344419000,1785153441344419000,1785153441344419000,121932490,121652369,-139.121,0.000,0.000,1.000,4.000,0.000,0.000,0.000,0,0,0
B3_zmq_pushpull,zmq_tcp,none,none,,1,4884,512,584,1785153441345249000,1785153441345249000,1785153441345249000,1785153441345250000,1785153441345402000,1785153441345404000,1785153441345404000,1785153441345404000,121932490,121652369,-128.121,0.000,0.000,1.000,2.000,0.000,0.000,0.000,0,0,0
B3_zmq_pushpull,zmq_tcp,none,none,,1,4885,512,584,1785153441346237000,1785153441346237000,1785153441346237000,1785153441346238000,1785153441346388000,1785153441346391000,1785153441346391000,1785153441346391000,121932490,121652369,-130.121,0.000,0.000,1.000,3.000,0.000,0.000,0.000,0,0,0
B3_zmq_pushpull,zmq_tcp,none,none,,1,4886,512,584,1785153441347209000,1785153441347209000,1785153441347209000,1785153441347210000,1785153441347368000,1785153441347371000,1785153441347371000,1785153441347371000,121932490,121652369,-122.121,0.000,0.000,1.000,3.000,0.000,0.000,0.000,0,0,0
B3_zmq_pushpull,zmq_tcp,none,none,,1,4887,512,584,1785153441348213000,1785153441348213000,1785153441348213000,1785153441348214000,1785153441348358000,1785153441348360000,1785153441348360000,1785153441348360000,121932490,121652369,-136.121,0.000,0.000,1.000,2.000,0.000,0.000,0.000,0,0,0
B3_zmq_pushpull,zmq_tcp,none,none,,1,4888,512,584,1785153441349322000,1785153441349322000,1785153441349322000,1785153441349323000,1785153441349473000,1785153441349476000,1785153441349476000,1785153441349476000,121932490,121652369,-130.121,0.000,0.000,1.000,3.000,0.000,0.000,0.000,0,0,0
B3_zmq_pushpull,zmq_tcp,none,none,,1,4889,512,584,1785153441350428000,1785153441350429000,1785153441350429000,1785153441350429000,1785153441350604000,1785153441350607000,1785153441350607000,1785153441350607000,121932490,121652369,-105.121,1.000,0.000,0.000,3.000,0.000,0.000,0.000,0,0,0
B3_zmq_pushpull,zmq_tcp,none,none,,1,4890,512,584,1785153441351400000,1785153441351400000,1785153441351400000,1785153441351401000,1785153441351456000,1785153441351459000,1785153441351459000,1785153441351459000,121932490,121652369,-225.121,0.000,0.000,1.000,3.000,0.000,0.000,0.000,0,0,0
B3_zmq_pushpull,zmq_tcp,none,none,,1,4891,512,584,1785153441352407000,1785153441352407000,1785153441352407000,1785153441352408000,1785153441352576000,1785153441352579000,1785153441352579000,1785153441352579000,121932490,121652369,-112.121,0.000,0.000,1.000,3.000,0.000,0.000,0.000,0,0,0
B3_zmq_pushpull,zmq_tcp,none,none,,1,4892,512,584,1785153441353403000,1785153441353403000,1785153441353403000,1785153441353404000,1785153441353556000,1785153441353559000,1785153441353559000,1785153441353559000,121932490,121652369,-128.121,0.000,0.000,1.000,3.000,0.000,0.000,0.000,0,0,0
B3_zmq_pushpull,zmq_tcp,none,none,,1,4893,512,584,1785153441354406000,1785153441354406000,1785153441354406000,1785153441354407000,1785153441354521000,1785153441354524000,1785153441354524000,1785153441354524000,121932490,121652369,-166.121,0.000,0.000,1.000,3.000,0.000,0.000,0.000,0,0,0
B3_zmq_pushpull,zmq_tcp,none,none,,1,4894,512,584,1785153441355207000,1785153441355207000,1785153441355207000,1785153441355208000,1785153441355351000,1785153441355354000,1785153441355354000,1785153441355354000,121932490,121652369,-137.121,0.000,0.000,1.000,3.000,0.000,0.000,0.000,0,0,0
B3_zmq_pushpull,zmq_tcp,none,none,,1,4895,512,584,1785153441356308000,1785153441356308000,1785153441356308000,1785153441356309000,1785153441356467000,1785153441356470000,1785153441356470000,1785153441356470000,121932490,121652369,-122.121,0.000,0.000,1.000,3.000,0.000,0.000,0.000,0,0,0
B3_zmq_pushpull,zmq_tcp,none,none,,1,4896,512,584,1785153441357429000,1785153441357429000,1785153441357429000,1785153441357430000,1785153441357596000,1785153441357600000,1785153441357600000,1785153441357601000,121932490,121652369,-114.121,0.000,0.000,1.000,4.000,0.000,1.000,0.000,0,0,0
B3_zmq_pushpull,zmq_tcp,none,none,,1,4897,512,584,1785153441358290000,1785153441358290000,1785153441358291000,1785153441358291000,1785153441358444000,1785153441358447000,1785153441358447000,1785153441358447000,121932490,121652369,-127.121,0.000,1.000,0.000,3.000,0.000,0.000,0.000,0,0,0
B3_zmq_pushpull,zmq_tcp,none,none,,1,4898,512,584,1785153441359269000,1785153441359269000,1785153441359269000,1785153441359270000,1785153441359422000,1785153441359424000,1785153441359424000,1785153441359424000,121932490,121652369,-128.121,0.000,0.000,1.000,2.000,0.000,0.000,0.000,0,0,0
B3_zmq_pushpull,zmq_tcp,none,none,,1,4899,512,584,1785153441360439000,1785153441360439000,1785153441360439000,1785153441360440000,1785153441360570000,1785153441360572000,1785153441360572000,1785153441360572000,121932490,121652369,-150.121,0.000,0.000,1.000,2.000,0.000,0.000,0.000,0,0,0
B3_zmq_pushpull,zmq_tcp,none,none,,1,4900,512,584,1785153441361393000,1785153441361393000,1785153441361393000,1785153441361394000,1785153441361571000,1785153441361574000,1785153441361574000,1785153441361574000,121932490,121652369,-103.121,0.000,0.000,1.000,3.000,0.000,0.000,0.000,0,0,0
B3_zmq_pushpull,zmq_tcp,none,none,,1,4901,512,584,1785153441362407000,1785153441362407000,1785153441362407000,1785153441362408000,1785153441362571000,1785153441362574000,1785153441362574000,1785153441362574000,121932490,121652369,-117.121,0.000,0.000,1.000,3.000,0.000,0.000,0.000,0,0,0
B3_zmq_pushpull,zmq_tcp,none,none,,1,4902,512,584,1785153441363264000,1785153441363264000,1785153441363264000,1785153441363266000,1785153441363420000,1785153441363423000,1785153441363423000,1785153441363423000,121932490,121652369,-126.121,0.000,0.000,2.000,3.000,0.000,0.000,0.000,0,0,0
B3_zmq_pushpull,zmq_tcp,none,none,,1,4903,512,584,1785153441364443000,1785153441364443000,1785153441364444000,1785153441364444000,1785153441364515000,1785153441364518000,1785153441364518000,1785153441364518000,121932490,121652369,-209.121,0.000,1.000,0.000,3.000,0.000,0.000,0.000,0,0,0
B3_zmq_pushpull,zmq_tcp,none,none,,1,4904,512,584,1785153441365393000,1785153441365393000,1785153441365393000,1785153441365394000,1785153441365491000,1785153441365494000,1785153441365494000,1785153441365494000,121932490,121652369,-183.121,0.000,0.000,1.000,3.000,0.000,0.000,0.000,0,0,0
B3_zmq_pushpull,zmq_tcp,none,none,,1,4905,512,584,1785153441366409000,1785153441366409000,1785153441366409000,1785153441366410000,1785153441366455000,1785153441366458000,1785153441366458000,1785153441366458000,121932490,121652369,-235.121,0.000,0.000,1.000,3.000,0.000,0.000,0.000,0,0,0
B3_zmq_pushpull,zmq_tcp,none,none,,1,4906,512,584,1785153441367405000,1785153441367405000,1785153441367405000,1785153441367406000,1785153441367452000,1785153441367455000,1785153441367455000,1785153441367455000,121932490,121652369,-234.121,0.000,0.000,1.000,3.000,0.000,0.000,0.000,0,0,0
B3_zmq_pushpull,zmq_tcp,none,none,,1,4907,512,584,1785153441368288000,1785153441368288000,1785153441368288000,1785153441368289000,1785153441368446000,1785153441368448000,1785153441368448000,1785153441368448000,121932490,121652369,-123.121,0.000,0.000,1.000,2.000,0.000,0.000,0.000,0,0,0
B3_zmq_pushpull,zmq_tcp,none,none,,1,4908,512,584,1785153441369431000,1785153441369432000,1785153441369432000,1785153441369433000,1785153441369564000,1785153441369567000,1785153441369567000,1785153441369567000,121932490,121652369,-149.121,1.000,0.000,1.000,3.000,0.000,0.000,0.000,0,0,0
B3_zmq_pushpull,zmq_tcp,none,none,,1,4909,512,584,1785153441370398000,1785153441370398000,1785153441370398000,1785153441370399000,1785153441370563000,1785153441370566000,1785153441370566000,1785153441370566000,121932490,121652369,-116.121,0.000,0.000,1.000,3.000,0.000,0.000,0.000,0,0,0
B3_zmq_pushpull,zmq_tcp,none,none,,1,4910,512,584,1785153441371230000,1785153441371231000,1785153441371231000,1785153441371232000,1785153441371387000,1785153441371390000,1785153441371390000,1785153441371390000,121932490,121652369,-125.121,1.000,0.000,1.000,3.000,0.000,0.000,0.000,0,0,0
B3_zmq_pushpull,zmq_tcp,none,none,,1,4911,512,584,1785153441372451000,1785153441372451000,1785153441372451000,1785153441372452000,1785153441372636000,1785153441372639000,1785153441372639000,1785153441372639000,121932490,121652369,-96.121,0.000,0.000,1.000,3.000,0.000,0.000,0.000,0,0,0
B3_zmq_pushpull,zmq_tcp,none,none,,1,4912,512,584,1785153441373395000,1785153441373395000,1785153441373396000,1785153441373396000,1785153441373468000,1785153441373471000,1785153441373471000,1785153441373471000,121932490,121652369,-208.121,0.000,1.000,0.000,3.000,0.000,0.000,0.000,0,0,0
B3_zmq_pushpull,zmq_tcp,none,none,,1,4913,512,584,1785153441374407000,1785153441374407000,1785153441374408000,1785153441374408000,1785153441374465000,1785153441374468000,1785153441374468000,1785153441374468000,121932490,121652369,-223.121,0.000,1.000,0.000,3.000,0.000,0.000,0.000,0,0,0
B3_zmq_pushpull,zmq_tcp,none,none,,1,4914,512,584,1785153441375407000,1785153441375407000,1785153441375407000,1785153441375408000,1785153441375470000,1785153441375472000,1785153441375472000,1785153441375473000,121932490,121652369,-218.121,0.000,0.000,1.000,2.000,0.000,1.000,0.000,0,0,0
B3_zmq_pushpull,zmq_tcp,none,none,,1,4915,512,584,1785153441376405000,1785153441376405000,1785153441376405000,1785153441376406000,1785153441376571000,1785153441376574000,1785153441376574000,1785153441376574000,121932490,121652369,-115.121,0.000,0.000,1.000,3.000,0.000,0.000,0.000,0,0,0
B3_zmq_pushpull,zmq_tcp,none,none,,1,4916,512,584,1785153441377273000,1785153441377274000,1785153441377274000,1785153441377275000,1785153441377431000,1785153441377434000,1785153441377434000,1785153441377434000,121932490,121652369,-124.121,1.000,0.000,1.000,3.000,0.000,0.000,0.000,0,0,0
B3_zmq_pushpull,zmq_tcp,none,none,,1,4917,512,584,1785153441378438000,1785153441378438000,1785153441378438000,1785153441378439000,1785153441378558000,1785153441378560000,1785153441378560000,1785153441378561000,121932490,121652369,-161.121,0.000,0.000,1.000,2.000,0.000,1.000,0.000,0,0,0
B3_zmq_pushpull,zmq_tcp,none,none,,1,4918,512,584,1785153441379397000,1785153441379397000,1785153441379397000,1785153441379398000,1785153441379534000,1785153441379536000,1785153441379536000,1785153441379536000,121932490,121652369,-144.121,0.000,0.000,1.000,2.000,0.000,0.000,0.000,0,0,0
B3_zmq_pushpull,zmq_tcp,none,none,,1,4919,512,584,1785153441380407000,1785153441380407000,1785153441380407000,1785153441380408000,1785153441380508000,1785153441380511000,1785153441380511000,1785153441380511000,121932490,121652369,-180.121,0.000,0.000,1.000,3.000,0.000,0.000,0.000,0,0,0
B3_zmq_pushpull,zmq_tcp,none,none,,1,4920,512,584,1785153441381407000,1785153441381407000,1785153441381407000,1785153441381408000,1785153441381499000,1785153441381504000,1785153441381504000,1785153441381504000,121932490,121652369,-189.121,0.000,0.000,1.000,5.000,0.000,0.000,0.000,0,0,0
B3_zmq_pushpull,zmq_tcp,none,none,,1,4921,512,584,1785153441382333000,1785153441382333000,1785153441382333000,1785153441382334000,1785153441382492000,1785153441382495000,1785153441382495000,1785153441382495000,121932490,121652369,-122.121,0.000,0.000,1.000,3.000,0.000,0.000,0.000,0,0,0
B3_zmq_pushpull,zmq_tcp,none,none,,1,4922,512,584,1785153441383424000,1785153441383424000,1785153441383424000,1785153441383425000,1785153441383469000,1785153441383472000,1785153441383472000,1785153441383472000,121932490,121652369,-236.121,0.000,0.000,1.000,3.000,0.000,0.000,0.000,0,0,0
B3_zmq_pushpull,zmq_tcp,none,none,,1,4923,512,584,1785153441384399000,1785153441384399000,1785153441384400000,1785153441384400000,1785153441384462000,1785153441384465000,1785153441384465000,1785153441384465000,121932490,121652369,-218.121,0.000,1.000,0.000,3.000,0.000,0.000,0.000,0,0,0
B3_zmq_pushpull,zmq_tcp,none,none,,1,4924,512,584,1785153441385312000,1785153441385313000,1785153441385313000,1785153441385314000,1785153441385470000,1785153441385472000,1785153441385472000,1785153441385472000,121932490,121652369,-124.121,1.000,0.000,1.000,2.000,0.000,0.000,0.000,0,0,0
B3_zmq_pushpull,zmq_tcp,none,none,,1,4925,512,584,1785153441386281000,1785153441386281000,1785153441386281000,1785153441386282000,1785153441386423000,1785153441386426000,1785153441386426000,1785153441386426000,121932490,121652369,-139.121,0.000,0.000,1.000,3.000,0.000,0.000,0.000,0,0,0
B3_zmq_pushpull,zmq_tcp,none,none,,1,4926,512,584,1785153441387437000,1785153441387437000,1785153441387437000,1785153441387438000,1785153441387542000,1785153441387544000,1785153441387544000,1785153441387544000,121932490,121652369,-176.121,0.000,0.000,1.000,2.000,0.000,0.000,0.000,0,0,0
B3_zmq_pushpull,zmq_tcp,none,none,,1,4927,512,584,1785153441388394000,1785153441388394000,1785153441388394000,1785153441388395000,1785153441388508000,1785153441388511000,1785153441388511000,1785153441388511000,121932490,121652369,-167.121,0.000,0.000,1.000,3.000,0.000,0.000,0.000,0,0,0
B3_zmq_pushpull,zmq_tcp,none,none,,1,4928,512,584,1785153441389410000,1785153441389410000,1785153441389410000,1785153441389411000,1785153441389504000,1785153441389508000,1785153441389508000,1785153441389508000,121932490,121652369,-187.121,0.000,0.000,1.000,4.000,0.000,0.000,0.000,0,0,0
B3_zmq_pushpull,zmq_tcp,none,none,,1,4929,512,584,1785153441390405000,1785153441390405000,1785153441390405000,1785153441390406000,1785153441390482000,1785153441390485000,1785153441390485000,1785153441390485000,121932490,121652369,-204.121,0.000,0.000,1.000,3.000,0.000,0.000,0.000,0,0,0
B3_zmq_pushpull,zmq_tcp,none,none,,1,4930,512,584,1785153441391305000,1785153441391305000,1785153441391305000,1785153441391306000,1785153441391463000,1785153441391466000,1785153441391466000,1785153441391466000,121932490,121652369,-123.121,0.000,0.000,1.000,3.000,0.000,0.000,0.000,0,0,0
B3_zmq_pushpull,zmq_tcp,none,none,,1,4931,512,584,1785153441392281000,1785153441392282000,1785153441392282000,1785153441392283000,1785153441392430000,1785153441392433000,1785153441392433000,1785153441392433000,121932490,121652369,-133.121,1.000,0.000,1.000,3.000,0.000,0.000,0.000,0,0,0
B3_zmq_pushpull,zmq_tcp,none,none,,1,4932,512,584,1785153441393276000,1785153441393276000,1785153441393276000,1785153441393277000,1785153441393429000,1785153441393432000,1785153441393432000,1785153441393432000,121932490,121652369,-128.121,0.000,0.000,1.000,3.000,0.000,0.000,0.000,0,0,0
B3_zmq_pushpull,zmq_tcp,none,none,,1,4933,512,584,1785153441394246000,1785153441394247000,1785153441394247000,1785153441394248000,1785153441394399000,1785153441394402000,1785153441394402000,1785153441394402000,121932490,121652369,-129.121,1.000,0.000,1.000,3.000,0.000,0.000,0.000,0,0,0
B3_zmq_pushpull,zmq_tcp,none,none,,1,4934,512,584,1785153441395210000,1785153441395210000,1785153441395210000,1785153441395211000,1785153441395360000,1785153441395363000,1785153441395363000,1785153441395363000,121932490,121652369,-131.121,0.000,0.000,1.000,3.000,0.000,0.000,0.000,0,0,0
B3_zmq_pushpull,zmq_tcp,none,none,,1,4935,512,584,1785153441396317000,1785153441396317000,1785153441396317000,1785153441396318000,1785153441396478000,1785153441396480000,1785153441396480000,1785153441396480000,121932490,121652369,-120.121,0.000,0.000,1.000,2.000,0.000,0.000,0.000,0,0,0
B3_zmq_pushpull,zmq_tcp,none,none,,1,4936,512,584,1785153441397312000,1785153441397312000,1785153441397312000,1785153441397313000,1785153441397472000,1785153441397475000,1785153441397475000,1785153441397475000,121932490,121652369,-121.121,0.000,0.000,1.000,3.000,0.000,0.000,0.000,0,0,0
B3_zmq_pushpull,zmq_tcp,none,none,,1,4937,512,584,1785153441398429000,1785153441398429000,1785153441398429000,1785153441398430000,1785153441398578000,1785153441398580000,1785153441398580000,1785153441398580000,121932490,121652369,-132.121,0.000,0.000,1.000,2.000,0.000,0.000,0.000,0,0,0
B3_zmq_pushpull,zmq_tcp,none,none,,1,4938,512,584,1785153441399401000,1785153441399401000,1785153441399401000,1785153441399402000,1785153441399556000,1785153441399559000,1785153441399559000,1785153441399559000,121932490,121652369,-126.121,0.000,0.000,1.000,3.000,0.000,0.000,0.000,0,0,0
B3_zmq_pushpull,zmq_tcp,none,none,,1,4939,512,584,1785153441400258000,1785153441400258000,1785153441400258000,1785153441400259000,1785153441400400000,1785153441400403000,1785153441400403000,1785153441400403000,121932490,121652369,-139.121,0.000,0.000,1.000,3.000,0.000,0.000,0.000,0,0,0
B3_zmq_pushpull,zmq_tcp,none,none,,1,4940,512,584,1785153441401442000,1785153441401442000,1785153441401442000,1785153441401443000,1785153441401512000,1785153441401515000,1785153441401515000,1785153441401515000,121932490,121652369,-211.121,0.000,0.000,1.000,3.000,0.000,0.000,0.000,0,0,0
B3_zmq_pushpull,zmq_tcp,none,none,,1,4941,512,584,1785153441402394000,1785153441402394000,1785153441402394000,1785153441402395000,1785153441402501000,1785153441402504000,1785153441402504000,1785153441402504000,121932490,121652369,-174.121,0.000,0.000,1.000,3.000,0.000,0.000,0.000,0,0,0
B3_zmq_pushpull,zmq_tcp,none,none,,1,4942,512,584,1785153441403414000,1785153441403414000,1785153441403415000,1785153441403415000,1785153441403482000,1785153441403485000,1785153441403485000,1785153441403485000,121932490,121652369,-213.121,0.000,1.000,0.000,3.000,0.000,0.000,0.000,0,0,0
B3_zmq_pushpull,zmq_tcp,none,none,,1,4943,512,584,1785153441404312000,1785153441404313000,1785153441404313000,1785153441404314000,1785153441404471000,1785153441404474000,1785153441404474000,1785153441404474000,121932490,121652369,-123.121,1.000,0.000,1.000,3.000,0.000,0.000,0.000,0,0,0
B3_zmq_pushpull,zmq_tcp,none,none,,1,4944,512,584,1785153441405431000,1785153441405432000,1785153441405432000,1785153441405433000,1785153441405607000,1785153441405610000,1785153441405610000,1785153441405610000,121932490,121652369,-106.121,1.000,0.000,1.000,3.000,0.000,0.000,0.000,0,0,0
B3_zmq_pushpull,zmq_tcp,none,none,,1,4945,512,584,1785153441406395000,1785153441406396000,1785153441406396000,1785153441406397000,1785153441406586000,1785153441406588000,1785153441406589000,1785153441406589000,121932490,121652369,-91.121,1.000,0.000,1.000,2.000,1.000,0.000,0.000,0,0,0
B3_zmq_pushpull,zmq_tcp,none,none,,1,4946,512,584,1785153441407407000,1785153441407408000,1785153441407408000,1785153441407409000,1785153441407535000,1785153441407538000,1785153441407538000,1785153441407538000,121932490,121652369,-154.121,1.000,0.000,1.000,3.000,0.000,0.000,0.000,0,0,0
B3_zmq_pushpull,zmq_tcp,none,none,,1,4947,512,584,1785153441408405000,1785153441408405000,1785153441408405000,1785153441408406000,1785153441408521000,1785153441408523000,1785153441408523000,1785153441408523000,121932490,121652369,-165.121,0.000,0.000,1.000,2.000,0.000,0.000,0.000,0,0,0
B3_zmq_pushpull,zmq_tcp,none,none,,1,4948,512,584,1785153441409405000,1785153441409406000,1785153441409406000,1785153441409407000,1785153441409510000,1785153441409513000,1785153441409513000,1785153441409513000,121932490,121652369,-177.121,1.000,0.000,1.000,3.000,0.000,0.000,0.000,0,0,0
B3_zmq_pushpull,zmq_tcp,none,none,,1,4949,512,584,1785153441410402000,1785153441410402000,1785153441410402000,1785153441410403000,1785153441410511000,1785153441410514000,1785153441410514000,1785153441410514000,121932490,121652369,-172.121,0.000,0.000,1.000,3.000,0.000,0.000,0.000,0,0,0
B3_zmq_pushpull,zmq_tcp,none,none,,1,4950,512,584,1785153441411409000,1785153441411409000,1785153441411409000,1785153441411410000,1785153441411502000,1785153441411505000,1785153441411505000,1785153441411505000,121932490,121652369,-188.121,0.000,0.000,1.000,3.000,0.000,0.000,0.000,0,0,0
B3_zmq_pushpull,zmq_tcp,none,none,,1,4951,512,584,1785153441412406000,1785153441412406000,1785153441412406000,1785153441412407000,1785153441412499000,1785153441412502000,1785153441412502000,1785153441412502000,121932490,121652369,-188.121,0.000,0.000,1.000,3.000,0.000,0.000,0.000,0,0,0
B3_zmq_pushpull,zmq_tcp,none,none,,1,4952,512,584,1785153441413407000,1785153441413407000,1785153441413407000,1785153441413408000,1785153441413488000,1785153441413491000,1785153441413491000,1785153441413491000,121932490,121652369,-200.121,0.000,0.000,1.000,3.000,0.000,0.000,0.000,0,0,0
B3_zmq_pushpull,zmq_tcp,none,none,,1,4953,512,584,1785153441414404000,1785153441414404000,1785153441414404000,1785153441414405000,1785153441414462000,1785153441414465000,1785153441414465000,1785153441414465000,121932490,121652369,-223.121,0.000,0.000,1.000,3.000,0.000,0.000,0.000,0,0,0
B3_zmq_pushpull,zmq_tcp,none,none,,1,4954,512,584,1785153441415406000,1785153441415406000,1785153441415406000,1785153441415407000,1785153441415453000,1785153441415457000,1785153441415457000,1785153441415457000,121932490,121652369,-234.121,0.000,0.000,1.000,4.000,0.000,0.000,0.000,0,0,0
B3_zmq_pushpull,zmq_tcp,none,none,,1,4955,512,584,1785153441416405000,1785153441416405000,1785153441416405000,1785153441416406000,1785153441416454000,1785153441416457000,1785153441416457000,1785153441416457000,121932490,121652369,-232.121,0.000,0.000,1.000,3.000,0.000,0.000,0.000,0,0,0
B3_zmq_pushpull,zmq_tcp,none,none,,1,4956,512,584,1785153441417288000,1785153441417288000,1785153441417288000,1785153441417289000,1785153441417445000,1785153441417448000,1785153441417448000,1785153441417448000,121932490,121652369,-124.121,0.000,0.000,1.000,3.000,0.000,0.000,0.000,0,0,0
B3_zmq_pushpull,zmq_tcp,none,none,,1,4957,512,584,1785153441418287000,1785153441418287000,1785153441418287000,1785153441418288000,1785153441418435000,1785153441418438000,1785153441418438000,1785153441418438000,121932490,121652369,-133.121,0.000,0.000,1.000,3.000,0.000,0.000,0.000,0,0,0
B3_zmq_pushpull,zmq_tcp,none,none,,1,4958,512,584,1785153441419438000,1785153441419438000,1785153441419438000,1785153441419439000,1785153441419563000,1785153441419566000,1785153441419566000,1785153441419566000,121932490,121652369,-156.121,0.000,0.000,1.000,3.000,0.000,0.000,0.000,0,0,0
B3_zmq_pushpull,zmq_tcp,none,none,,1,4959,512,584,1785153441420397000,1785153441420397000,1785153441420397000,1785153441420398000,1785153441420550000,1785153441420553000,1785153441420553000,1785153441420553000,121932490,121652369,-128.121,0.000,0.000,1.000,3.000,0.000,0.000,0.000,0,0,0
B3_zmq_pushpull,zmq_tcp,none,none,,1,4960,512,584,1785153441421406000,1785153441421406000,1785153441421406000,1785153441421407000,1785153441421539000,1785153441421542000,1785153441421543000,1785153441421543000,121932490,121652369,-148.121,0.000,0.000,1.000,3.000,1.000,0.000,0.000,0,0,0
B3_zmq_pushpull,zmq_tcp,none,none,,1,4961,512,584,1785153441422211000,1785153441422211000,1785153441422211000,1785153441422212000,1785153441422354000,1785153441422357000,1785153441422357000,1785153441422357000,121932490,121652369,-138.121,0.000,0.000,1.000,3.000,0.000,0.000,0.000,0,0,0
B3_zmq_pushpull,zmq_tcp,none,none,,1,4962,512,584,1785153441423459000,1785153441423459000,1785153441423459000,1785153441423460000,1785153441423633000,1785153441423635000,1785153441423635000,1785153441423635000,121932490,121652369,-107.121,0.000,0.000,1.000,2.000,0.000,0.000,0.000,0,0,0
B3_zmq_pushpull,zmq_tcp,none,none,,1,4963,512,584,1785153441424389000,1785153441424389000,1785153441424389000,1785153441424390000,1785153441424482000,1785153441424486000,1785153441424486000,1785153441424486000,121932490,121652369,-188.121,0.000,0.000,1.000,4.000,0.000,0.000,0.000,0,0,0
B3_zmq_pushpull,zmq_tcp,none,none,,1,4964,512,584,1785153441425300000,1785153441425300000,1785153441425300000,1785153441425301000,1785153441425458000,1785153441425461000,1785153441425461000,1785153441425461000,121932490,121652369,-123.121,0.000,0.000,1.000,3.000,0.000,0.000,0.000,0,0,0
B3_zmq_pushpull,zmq_tcp,none,none,,1,4965,512,584,1785153441426285000,1785153441426285000,1785153441426285000,1785153441426286000,1785153441426446000,1785153441426449000,1785153441426449000,1785153441426449000,121932490,121652369,-120.121,0.000,0.000,1.000,3.000,0.000,0.000,0.000,0,0,0
B3_zmq_pushpull,zmq_tcp,none,none,,1,4966,512,584,1785153441427438000,1785153441427438000,1785153441427438000,1785153441427439000,1785153441427574000,1785153441427577000,1785153441427577000,1785153441427577000,121932490,121652369,-145.121,0.000,0.000,1.000,3.000,0.000,0.000,0.000,0,0,0
B3_zmq_pushpull,zmq_tcp,none,none,,1,4967,512,584,1785153441428397000,1785153441428397000,1785153441428397000,1785153441428398000,1785153441428553000,1785153441428555000,1785153441428555000,1785153441428555000,121932490,121652369,-125.121,0.000,0.000,1.000,2.000,0.000,0.000,0.000,0,0,0
B3_zmq_pushpull,zmq_tcp,none,none,,1,4968,512,584,1785153441429408000,1785153441429408000,1785153441429408000,1785153441429409000,1785153441429521000,1785153441429523000,1785153441429523000,1785153441429523000,121932490,121652369,-168.121,0.000,0.000,1.000,2.000,0.000,0.000,0.000,0,0,0
B3_zmq_pushpull,zmq_tcp,none,none,,1,4969,512,584,1785153441430405000,1785153441430405000,1785153441430405000,1785153441430406000,1785153441430511000,1785153441430514000,1785153441430514000,1785153441430514000,121932490,121652369,-175.121,0.000,0.000,1.000,3.000,0.000,0.000,0.000,0,0,0
B3_zmq_pushpull,zmq_tcp,none,none,,1,4970,512,584,1785153441431408000,1785153441431408000,1785153441431408000,1785153441431409000,1785153441431495000,1785153441431498000,1785153441431498000,1785153441431498000,121932490,121652369,-194.121,0.000,0.000,1.000,3.000,0.000,0.000,0.000,0,0,0
B3_zmq_pushpull,zmq_tcp,none,none,,1,4971,512,584,1785153441432403000,1785153441432404000,1785153441432404000,1785153441432405000,1785153441432484000,1785153441432486000,1785153441432486000,1785153441432486000,121932490,121652369,-201.121,1.000,0.000,1.000,2.000,0.000,0.000,0.000,0,0,0
B3_zmq_pushpull,zmq_tcp,none,none,,1,4972,512,584,1785153441433408000,1785153441433408000,1785153441433408000,1785153441433409000,1785153441433470000,1785153441433473000,1785153441433473000,1785153441433473000,121932490,121652369,-219.121,0.000,0.000,1.000,3.000,0.000,0.000,0.000,0,0,0
B3_zmq_pushpull,zmq_tcp,none,none,,1,4973,512,584,1785153441434405000,1785153441434405000,1785153441434405000,1785153441434406000,1785153441434462000,1785153441434465000,1785153441434465000,1785153441434465000,121932490,121652369,-224.121,0.000,0.000,1.000,3.000,0.000,0.000,0.000,0,0,0
B3_zmq_pushpull,zmq_tcp,none,none,,1,4974,512,584,1785153441435305000,1785153441435306000,1785153441435306000,1785153441435307000,1785153441435458000,1785153441435461000,1785153441435461000,1785153441435461000,121932490,121652369,-129.121,1.000,0.000,1.000,3.000,0.000,0.000,0.000,0,0,0
B3_zmq_pushpull,zmq_tcp,none,none,,1,4975,512,584,1785153441436283000,1785153441436283000,1785153441436283000,1785153441436284000,1785153441436435000,1785153441436438000,1785153441436438000,1785153441436438000,121932490,121652369,-129.121,0.000,0.000,1.000,3.000,0.000,0.000,0.000,0,0,0
B3_zmq_pushpull,zmq_tcp,none,none,,1,4976,512,584,1785153441437436000,1785153441437436000,1785153441437436000,1785153441437437000,1785153441437564000,1785153441437566000,1785153441437566000,1785153441437566000,121932490,121652369,-153.121,0.000,0.000,1.000,2.000,0.000,0.000,0.000,0,0,0
B3_zmq_pushpull,zmq_tcp,none,none,,1,4977,512,584,1785153441438397000,1785153441438397000,1785153441438397000,1785153441438398000,1785153441438564000,1785153441438567000,1785153441438567000,1785153441438567000,121932490,121652369,-114.121,0.000,0.000,1.000,3.000,0.000,0.000,0.000,0,0,0
B3_zmq_pushpull,zmq_tcp,none,none,,1,4978,512,584,1785153441439407000,1785153441439407000,1785153441439407000,1785153441439408000,1785153441439550000,1785153441439553000,1785153441439553000,1785153441439553000,121932490,121652369,-138.121,0.000,0.000,1.000,3.000,0.000,0.000,0.000,0,0,0
B3_zmq_pushpull,zmq_tcp,none,none,,1,4979,512,584,1785153441440253000,1785153441440253000,1785153441440253000,1785153441440254000,1785153441440411000,1785153441440414000,1785153441440414000,1785153441440414000,121932490,121652369,-123.121,0.000,0.000,1.000,3.000,0.000,0.000,0.000,0,0,0
B3_zmq_pushpull,zmq_tcp,none,none,,1,4980,512,584,1785153441441446000,1785153441441446000,1785153441441446000,1785153441441447000,1785153441441530000,1785153441441534000,1785153441441534000,1785153441441534000,121932490,121652369,-197.121,0.000,0.000,1.000,4.000,0.000,0.000,0.000,0,0,0
B3_zmq_pushpull,zmq_tcp,none,none,,1,4981,512,584,1785153441442395000,1785153441442395000,1785153441442395000,1785153441442396000,1785153441442526000,1785153441442529000,1785153441442529000,1785153441442529000,121932490,121652369,-150.121,0.000,0.000,1.000,3.000,0.000,0.000,0.000,0,0,0
B3_zmq_pushpull,zmq_tcp,none,none,,1,4982,512,584,1785153441443218000,1785153441443218000,1785153441443218000,1785153441443219000,1785153441443374000,1785153441443377000,1785153441443377000,1785153441443377000,121932490,121652369,-125.121,0.000,0.000,1.000,3.000,0.000,0.000,0.000,0,0,0
B3_zmq_pushpull,zmq_tcp,none,none,,1,4983,512,584,1785153441444223000,1785153441444224000,1785153441444224000,1785153441444225000,1785153441444382000,1785153441444385000,1785153441444385000,1785153441444385000,121932490,121652369,-123.121,1.000,0.000,1.000,3.000,0.000,0.000,0.000,0,0,0
B3_zmq_pushpull,zmq_tcp,none,none,,1,4984,512,584,1785153441445453000,1785153441445453000,1785153441445453000,1785153441445454000,1785153441445520000,1785153441445522000,1785153441445522000,1785153441445522000,121932490,121652369,-214.121,0.000,0.000,1.000,2.000,0.000,0.000,0.000,0,0,0
B3_zmq_pushpull,zmq_tcp,none,none,,1,4985,512,584,1785153441446393000,1785153441446393000,1785153441446393000,1785153441446394000,1785153441446499000,1785153441446502000,1785153441446502000,1785153441446502000,121932490,121652369,-175.121,0.000,0.000,1.000,3.000,0.000,0.000,0.000,0,0,0
B3_zmq_pushpull,zmq_tcp,none,none,,1,4986,512,584,1785153441447412000,1785153441447412000,1785153441447412000,1785153441447413000,1785153441447477000,1785153441447480000,1785153441447480000,1785153441447480000,121932490,121652369,-216.121,0.000,0.000,1.000,3.000,0.000,0.000,0.000,0,0,0
B3_zmq_pushpull,zmq_tcp,none,none,,1,4987,512,584,1785153441448405000,1785153441448405000,1785153441448405000,1785153441448406000,1785153441448461000,1785153441448464000,1785153441448464000,1785153441448464000,121932490,121652369,-225.121,0.000,0.000,1.000,3.000,0.000,0.000,0.000,0,0,0
B3_zmq_pushpull,zmq_tcp,none,none,,1,4988,512,584,1785153441449407000,1785153441449407000,1785153441449407000,1785153441449408000,1785153441449573000,1785153441449575000,1785153441449575000,1785153441449575000,121932490,121652369,-115.121,0.000,0.000,1.000,2.000,0.000,0.000,0.000,0,0,0
B3_zmq_pushpull,zmq_tcp,none,none,,1,4989,512,584,1785153441450402000,1785153441450403000,1785153441450403000,1785153441450404000,1785153441450539000,1785153441450542000,1785153441450542000,1785153441450542000,121932490,121652369,-145.121,1.000,0.000,1.000,3.000,0.000,0.000,0.000,0,0,0
B3_zmq_pushpull,zmq_tcp,none,none,,1,4990,512,584,1785153441451250000,1785153441451250000,1785153441451250000,1785153441451252000,1785153441451410000,1785153441451413000,1785153441451413000,1785153441451413000,121932490,121652369,-122.121,0.000,0.000,2.000,3.000,0.000,0.000,0.000,0,0,0
B3_zmq_pushpull,zmq_tcp,none,none,,1,4991,512,584,1785153441452451000,1785153441452451000,1785153441452451000,1785153441452453000,1785153441452543000,1785153441452547000,1785153441452547000,1785153441452547000,121932490,121652369,-190.121,0.000,0.000,2.000,4.000,0.000,0.000,0.000,0,0,0
B3_zmq_pushpull,zmq_tcp,none,none,,1,4992,512,584,1785153441453394000,1785153441453394000,1785153441453394000,1785153441453395000,1785153441453553000,1785153441453556000,1785153441453556000,1785153441453556000,121932490,121652369,-122.121,0.000,0.000,1.000,3.000,0.000,0.000,0.000,0,0,0
B3_zmq_pushpull,zmq_tcp,none,none,,1,4993,512,584,1785153441454411000,1785153441454411000,1785153441454411000,1785153441454412000,1785153441454560000,1785153441454564000,1785153441454564000,1785153441454564000,121932490,121652369,-132.121,0.000,0.000,1.000,4.000,0.000,0.000,0.000,0,0,0
B3_zmq_pushpull,zmq_tcp,none,none,,1,4994,512,584,1785153441455406000,1785153441455406000,1785153441455406000,1785153441455407000,1785153441455550000,1785153441455552000,1785153441455553000,1785153441455553000,121932490,121652369,-137.121,0.000,0.000,1.000,2.000,1.000,0.000,0.000,0,0,0
B3_zmq_pushpull,zmq_tcp,none,none,,1,4995,512,584,1785153441456406000,1785153441456406000,1785153441456407000,1785153441456407000,1785153441456555000,1785153441456558000,1785153441456558000,1785153441456558000,121932490,121652369,-132.121,0.000,1.000,0.000,3.000,0.000,0.000,0.000,0,0,0
B3_zmq_pushpull,zmq_tcp,none,none,,1,4996,512,584,1785153441457403000,1785153441457404000,1785153441457404000,1785153441457405000,1785153441457562000,1785153441457564000,1785153441457564000,1785153441457564000,121932490,121652369,-123.121,1.000,0.000,1.000,2.000,0.000,0.000,0.000,0,0,0
B3_zmq_pushpull,zmq_tcp,none,none,,1,4997,512,584,1785153441458407000,1785153441458407000,1785153441458407000,1785153441458408000,1785153441458560000,1785153441458563000,1785153441458563000,1785153441458563000,121932490,121652369,-128.121,0.000,0.000,1.000,3.000,0.000,0.000,0.000,0,0,0
B3_zmq_pushpull,zmq_tcp,none,none,,1,4998,512,584,1785153441459277000,1785153441459277000,1785153441459277000,1785153441459278000,1785153441459433000,1785153441459436000,1785153441459436000,1785153441459436000,121932490,121652369,-125.121,0.000,0.000,1.000,3.000,0.000,0.000,0.000,0,0,0
B3_zmq_pushpull,zmq_tcp,none,none,,1,4999,512,584,1785153441460438000,1785153441460438000,1785153441460439000,1785153441460439000,1785153441460586000,1785153441460593000,1785153441460593000,1785153441460593000,121932490,121652369,-133.121,0.000,1.000,0.000,7.000,0.000,0.000,0.000,0,0,0
B3_zmq_pushpull,zmq_tcp,none,none,,1,5000,512,584,1785153441461299000,1785153441461299000,1785153441461299000,1785153441461300000,1785153441461447000,1785153441461451000,1785153441461451000,1785153441461451000,121932490,121652369,-133.121,0.000,0.000,1.000,4.000,0.000,0.000,133.121,0,0,0
B3_zmq_pushpull,zmq_tcp,none,none,,1,5001,512,584,1785153441461301000,1785153441461301000,1785153441461301000,1785153441461302000,1785153441461448000,1785153441461457000,1785153441461457000,1785153441461457000,121932490,121652369,-134.121,0.000,0.000,1.000,9.000,0.000,0.000,1.000,0,0,0
B3_zmq_pushpull,zmq_tcp,none,none,,1,5002,512,584,1785153441462551000,1785153441462551000,1785153441462551000,1785153441462552000,1785153441462714000,1785153441462717000,1785153441462717000,1785153441462717000,121932490,121652369,-118.121,0.000,0.000,1.000,3.000,0.000,0.000,16.000,0,0,0
B3_zmq_pushpull,zmq_tcp,none,none,,1,5003,512,584,1785153441463424000,1785153441463424000,1785153441463424000,1785153441463426000,1785153441463580000,1785153441463583000,1785153441463583000,1785153441463583000,121932490,121652369,-126.121,0.000,0.000,2.000,3.000,0.000,0.000,8.000,0,0,0
B3_zmq_pushpull,zmq_tcp,none,none,,1,5004,512,584,1785153441464523000,1785153441464523000,1785153441464523000,1785153441464524000,1785153441464580000,1785153441464583000,1785153441464583000,1785153441464583000,121932490,121652369,-224.121,0.000,0.000,1.000,3.000,0.000,0.000,98.000,0,0,0
B3_zmq_pushpull,zmq_tcp,none,none,,1,5005,512,584,1785153441465305000,1785153441465305000,1785153441465305000,1785153441465306000,1785153441465449000,1785153441465453000,1785153441465453000,1785153441465453000,121932490,121652369,-137.121,0.000,0.000,1.000,4.000,0.000,0.000,87.000,0,0,0
B3_zmq_pushpull,zmq_tcp,none,none,,1,5006,512,584,1785153441466552000,1785153441466552000,1785153441466552000,1785153441466553000,1785153441466611000,1785153441466614000,1785153441466614000,1785153441466614000,121932490,121652369,-222.121,0.000,0.000,1.000,3.000,0.000,0.000,85.000,0,0,0
B3_zmq_pushpull,zmq_tcp,none,none,,1,5007,512,584,1785153441467489000,1785153441467489000,1785153441467489000,1785153441467490000,1785153441467631000,1785153441467634000,1785153441467634000,1785153441467634000,121932490,121652369,-139.121,0.000,0.000,1.000,3.000,0.000,0.000,83.000,0,0,0
B3_zmq_pushpull,zmq_tcp,none,none,,1,5008,512,584,1785153441468504000,1785153441468504000,1785153441468504000,1785153441468505000,1785153441468642000,1785153441468645000,1785153441468645000,1785153441468645000,121932490,121652369,-143.121,0.000,0.000,1.000,3.000,0.000,0.000,4.000,0,0,0
B3_zmq_pushpull,zmq_tcp,none,none,,1,5009,512,584,1785153441469497000,1785153441469497000,1785153441469497000,1785153441469498000,1785153441469648000,1785153441469651000,1785153441469651000,1785153441469651000,121932490,121652369,-130.121,0.000,0.000,1.000,3.000,0.000,0.000,13.000,0,0,0
B3_zmq_pushpull,zmq_tcp,none,none,,1,5010,512,584,1785153441470502000,1785153441470503000,1785153441470503000,1785153441470504000,1785153441470646000,1785153441470648000,1785153441470648000,1785153441470649000,121932490,121652369,-138.121,1.000,0.000,1.000,2.000,0.000,1.000,8.000,0,0,0
B3_zmq_pushpull,zmq_tcp,none,none,,1,5011,512,584,1785153441471500000,1785153441471500000,1785153441471500000,1785153441471501000,1785153441471642000,1785153441471644000,1785153441471644000,1785153441471644000,121932490,121652369,-139.121,0.000,0.000,1.000,2.000,0.000,0.000,1.000,0,0,0
B3_zmq_pushpull,zmq_tcp,none,none,,1,5012,512,584,1785153441472500000,1785153441472500000,1785153441472500000,1785153441472501000,1785153441472638000,1785153441472642000,1785153441472642000,1785153441472642000,121932490,121652369,-143.121,0.000,0.000,1.000,4.000,0.000,0.000,4.000,0,0,0
B3_zmq_pushpull,zmq_tcp,none,none,,1,5013,512,584,1785153441473500000,1785153441473500000,1785153441473500000,1785153441473501000,1785153441473657000,1785153441473660000,1785153441473660000,1785153441473660000,121932490,121652369,-124.121,0.000,0.000,1.000,3.000,0.000,0.000,19.000,0,0,0
B3_zmq_pushpull,zmq_tcp,none,none,,1,5014,512,584,1785153441474502000,1785153441474503000,1785153441474503000,1785153441474504000,1785153441474662000,1785153441474665000,1785153441474665000,1785153441474665000,121932490,121652369,-122.121,1.000,0.000,1.000,3.000,0.000,0.000,2.000,0,0,0
B3_zmq_pushpull,zmq_tcp,none,none,,1,5015,512,584,1785153441475501000,1785153441475501000,1785153441475501000,1785153441475502000,1785153441475675000,1785153441475678000,1785153441475678000,1785153441475678000,121932490,121652369,-107.121,0.000,0.000,1.000,3.000,0.000,0.000,15.000,0,0,0
B3_zmq_pushpull,zmq_tcp,none,none,,1,5016,512,584,1785153441476501000,1785153441476501000,1785153441476501000,1785153441476502000,1785153441476660000,1785153441476664000,1785153441476664000,1785153441476664000,121932490,121652369,-122.121,0.000,0.000,1.000,4.000,0.000,0.000,15.000,0,0,0
B3_zmq_pushpull,zmq_tcp,none,none,,1,5017,512,584,1785153441477363000,1785153441477363000,1785153441477363000,1785153441477364000,1785153441477519000,1785153441477522000,1785153441477522000,1785153441477522000,121932490,121652369,-125.121,0.000,0.000,1.000,3.000,0.000,0.000,3.000,0,0,0
B3_zmq_pushpull,zmq_tcp,none,none,,1,5018,512,584,1785153441478371000,1785153441478371000,1785153441478371000,1785153441478372000,1785153441478524000,1785153441478527000,1785153441478527000,1785153441478527000,121932490,121652369,-128.121,0.000,0.000,1.000,3.000,0.000,0.000,3.000,0,0,0
B3_zmq_pushpull,zmq_tcp,none,none,,1,5019,512,584,1785153441479377000,1785153441479377000,1785153441479377000,1785153441479378000,1785153441479535000,1785153441479538000,1785153441479538000,1785153441479538000,121932490,121652369,-123.121,0.000,0.000,1.000,3.000,0.000,0.000,5.000,0,0,0
B3_zmq_pushpull,zmq_tcp,none,none,,1,5020,512,584,1785153441480532000,1785153441480532000,1785153441480532000,1785153441480533000,1785153441480679000,1785153441480682000,1785153441480682000,1785153441480682000,121932490,121652369,-134.121,0.000,0.000,1.000,3.000,0.000,0.000,11.000,0,0,0
B3_zmq_pushpull,zmq_tcp,none,none,,1,5021,512,584,1785153441481380000,1785153441481381000,1785153441481381000,1785153441481382000,1785153441481534000,1785153441481537000,1785153441481537000,1785153441481537000,121932490,121652369,-128.121,1.000,0.000,1.000,3.000,0.000,0.000,6.000,0,0,0
B3_zmq_pushpull,zmq_tcp,none,none,,1,5022,512,584,1785153441482524000,1785153441482524000,1785153441482524000,1785153441482525000,1785153441482682000,1785153441482686000,1785153441482686000,1785153441482686000,121932490,121652369,-123.121,0.000,0.000,1.000,4.000,0.000,0.000,5.000,0,0,0
B3_zmq_pushpull,zmq_tcp,none,none,,1,5023,512,584,1785153441483492000,1785153441483492000,1785153441483492000,1785153441483493000,1785153441483555000,1785153441483558000,1785153441483558000,1785153441483558000,121932490,121652369,-218.121,0.000,0.000,1.000,3.000,0.000,0.000,95.000,0,0,0
B3_zmq_pushpull,zmq_tcp,none,none,,1,5024,512,584,1785153441484504000,1785153441484504000,1785153441484504000,1785153441484505000,1785153441484563000,1785153441484566000,1785153441484566000,1785153441484566000,121932490,121652369,-222.121,0.000,0.000,1.000,3.000,0.000,0.000,4.000,0,0,0
B3_zmq_pushpull,zmq_tcp,none,none,,1,5025,512,584,1785153441485501000,1785153441485501000,1785153441485501000,1785153441485502000,1785153441485548000,1785153441485551000,1785153441485551000,1785153441485551000,121932490,121652369,-234.121,0.000,0.000,1.000,3.000,0.000,0.000,12.000,0,0,0
B3_zmq_pushpull,zmq_tcp,none,none,,1,5026,512,584,1785153441486501000,1785153441486501000,1785153441486502000,1785153441486502000,1785153441486546000,1785153441486550000,1785153441486550000,1785153441486550000,121932490,121652369,-236.121,0.000,1.000,0.000,4.000,0.000,0.000,2.000,0,0,0
B3_zmq_pushpull,zmq_tcp,none,none,,1,5027,512,584,1785153441487409000,1785153441487409000,1785153441487409000,1785153441487410000,1785153441487567000,1785153441487570000,1785153441487570000,1785153441487570000,121932490,121652369,-123.121,0.000,0.000,1.000,3.000,0.000,0.000,113.000,0,0,0
B3_zmq_pushpull,zmq_tcp,none,none,,1,5028,512,584,1785153441488528000,1785153441488528000,1785153441488528000,1785153441488529000,1785153441488587000,1785153441488590000,1785153441488590000,1785153441488590000,121932490,121652369,-222.121,0.000,0.000,1.000,3.000,0.000,0.000,99.000,0,0,0
B3_zmq_pushpull,zmq_tcp,none,none,,1,5029,512,584,1785153441489494000,1785153441489494000,1785153441489494000,1785153441489495000,1785153441489610000,1785153441489613000,1785153441489613000,1785153441489613000,121932490,121652369,-165.121,0.000,0.000,1.000,3.000,0.000,0.000,57.000,0,0,0
B3_zmq_pushpull,zmq_tcp,none,none,,1,5030,512,584,1785153441490505000,1785153441490505000,1785153441490505000,1785153441490506000,1785153441490622000,1785153441490625000,1785153441490625000,1785153441490625000,121932490,121652369,-164.121,0.000,0.000,1.000,3.000,0.000,0.000,1.000,0,0,0
B3_zmq_pushpull,zmq_tcp,none,none,,1,5031,512,584,1785153441491498000,1785153441491498000,1785153441491498000,1785153441491499000,1785153441491621000,1785153441491624000,1785153441491624000,1785153441491624000,121932490,121652369,-158.121,0.000,0.000,1.000,3.000,0.000,0.000,6.000,0,0,0
B3_zmq_pushpull,zmq_tcp,none,none,,1,5032,512,584,1785153441492502000,1785153441492502000,1785153441492502000,1785153441492503000,1785153441492627000,1785153441492630000,1785153441492630000,1785153441492630000,121932490,121652369,-156.121,0.000,0.000,1.000,3.000,0.000,0.000,2.000,0,0,0
B3_zmq_pushpull,zmq_tcp,none,none,,1,5033,512,584,1785153441493501000,1785153441493501000,1785153441493501000,1785153441493502000,1785153441493634000,1785153441493637000,1785153441493637000,1785153441493637000,121932490,121652369,-148.121,0.000,0.000,1.000,3.000,0.000,0.000,8.000,0,0,0
B3_zmq_pushpull,zmq_tcp,none,none,,1,5034,512,584,1785153441494503000,1785153441494503000,1785153441494503000,1785153441494504000,1785153441494646000,1785153441494649000,1785153441494649000,1785153441494649000,121932490,121652369,-138.121,0.000,0.000,1.000,3.000,0.000,0.000,10.000,0,0,0
B3_zmq_pushpull,zmq_tcp,none,none,,1,5035,512,584,1785153441495497000,1785153441495497000,1785153441495497000,1785153441495498000,1785153441495651000,1785153441495654000,1785153441495654000,1785153441495654000,121932490,121652369,-127.121,0.000,0.000,1.000,3.000,0.000,0.000,11.000,0,0,0
B3_zmq_pushpull,zmq_tcp,none,none,,1,5036,512,584,1785153441496504000,1785153441496504000,1785153441496504000,1785153441496505000,1785153441496672000,1785153441496675000,1785153441496675000,1785153441496675000,121932490,121652369,-113.121,0.000,0.000,1.000,3.000,0.000,0.000,14.000,0,0,0
B3_zmq_pushpull,zmq_tcp,none,none,,1,5037,512,584,1785153441497502000,1785153441497503000,1785153441497503000,1785153441497504000,1785153441497686000,1785153441497689000,1785153441497689000,1785153441497689000,121932490,121652369,-98.121,1.000,0.000,1.000,3.000,0.000,0.000,15.000,0,0,0
B3_zmq_pushpull,zmq_tcp,none,none,,1,5038,512,584,1785153441498501000,1785153441498501000,1785153441498501000,1785153441498502000,1785153441498558000,1785153441498561000,1785153441498561000,1785153441498561000,121932490,121652369,-224.121,0.000,0.000,1.000,3.000,0.000,0.000,126.000,0,0,0
B3_zmq_pushpull,zmq_tcp,none,none,,1,5039,512,584,1785153441499391000,1785153441499391000,1785153441499391000,1785153441499392000,1785153441499545000,1785153441499547000,1785153441499547000,1785153441499547000,121932490,121652369,-127.121,0.000,0.000,1.000,2.000,0.000,0.000,97.000,0,0,0
B3_zmq_pushpull,zmq_tcp,none,none,,1,5040,512,584,1785153441500529000,1785153441500529000,1785153441500529000,1785153441500530000,1785153441500672000,1785153441500675000,1785153441500675000,1785153441500675000,121932490,121652369,-138.121,0.000,0.000,1.000,3.000,0.000,0.000,11.000,0,0,0
B3_zmq_pushpull,zmq_tcp,none,none,,1,5041,512,584,1785153441501360000,1785153441501360000,1785153441501360000,1785153441501361000,1785153441501519000,1785153441501522000,1785153441501522000,1785153441501522000,121932490,121652369,-122.121,0.000,0.000,1.000,3.000,0.000,0.000,16.000,0,0,0
B3_zmq_pushpull,zmq_tcp,none,none,,1,5042,512,584,1785153441502381000,1785153441502382000,1785153441502382000,1785153441502383000,1785153441502539000,1785153441502542000,1785153441502542000,1785153441502542000,121932490,121652369,-124.121,1.000,0.000,1.000,3.000,0.000,0.000,2.000,0,0,0
B3_zmq_pushpull,zmq_tcp,none,none,,1,5043,512,584,1785153441503530000,1785153441503530000,1785153441503530000,1785153441503531000,1785153441503666000,1785153441503669000,1785153441503669000,1785153441503669000,121932490,121652369,-145.121,0.000,0.000,1.000,3.000,0.000,0.000,21.000,0,0,0
B3_zmq_pushpull,zmq_tcp,none,none,,1,5044,512,584,1785153441504496000,1785153441504496000,1785153441504496000,1785153441504497000,1785153441504682000,1785153441504685000,1785153441504685000,1785153441504686000,121932490,121652369,-95.121,0.000,0.000,1.000,3.000,0.000,1.000,50.000,0,0,0
B3_zmq_pushpull,zmq_tcp,none,none,,1,5045,512,584,1785153441505502000,1785153441505503000,1785153441505503000,1785153441505504000,1785153441505680000,1785153441505684000,1785153441505684000,1785153441505684000,121932490,121652369,-104.121,1.000,0.000,1.000,4.000,0.000,0.000,9.000,0,0,0
B3_zmq_pushpull,zmq_tcp,none,none,,1,5046,512,584,1785153441506497000,1785153441506497000,1785153441506497000,1785153441506498000,1785153441506542000,1785153441506545000,1785153441506545000,1785153441506545000,121932490,121652369,-236.121,0.000,0.000,1.000,3.000,0.000,0.000,132.000,0,0,0
B3_zmq_pushpull,zmq_tcp,none,none,,1,5047,512,584,1785153441507503000,1785153441507503000,1785153441507503000,1785153441507504000,1785153441507663000,1785153441507666000,1785153441507666000,1785153441507666000,121932490,121652369,-121.121,0.000,0.000,1.000,3.000,0.000,0.000,115.000,0,0,0
B3_zmq_pushpull,zmq_tcp,none,none,,1,5048,512,584,1785153441508501000,1785153441508501000,1785153441508501000,1785153441508502000,1785153441508685000,1785153441508688000,1785153441508688000,1785153441508688000,121932490,121652369,-97.121,0.000,0.000,1.000,3.000,0.000,0.000,24.000,0,0,0
B3_zmq_pushpull,zmq_tcp,none,none,,1,5049,512,584,1785153441509502000,1785153441509502000,1785153441509502000,1785153441509503000,1785153441509669000,1785153441509671000,1785153441509671000,1785153441509671000,121932490,121652369,-114.121,0.000,0.000,1.000,2.000,0.000,0.000,17.000,0,0,0
B3_zmq_pushpull,zmq_tcp,none,none,,1,5050,512,584,1785153441510501000,1785153441510501000,1785153441510501000,1785153441510502000,1785153441510671000,1785153441510673000,1785153441510674000,1785153441510674000,121932490,121652369,-111.121,0.000,0.000,1.000,2.000,1.000,0.000,3.000,0,0,0
B3_zmq_pushpull,zmq_tcp,none,none,,1,5051,512,584,1785153441511502000,1785153441511502000,1785153441511502000,1785153441511503000,1785153441511664000,1785153441511667000,1785153441511667000,1785153441511667000,121932490,121652369,-119.121,0.000,0.000,1.000,3.000,0.000,0.000,8.000,0,0,0
B3_zmq_pushpull,zmq_tcp,none,none,,1,5052,512,584,1785153441512372000,1785153441512373000,1785153441512373000,1785153441512374000,1785153441512529000,1785153441512531000,1785153441512531000,1785153441512531000,121932490,121652369,-125.121,1.000,0.000,1.000,2.000,0.000,0.000,6.000,0,0,0
B3_zmq_pushpull,zmq_tcp,none,none,,1,5053,512,584,1785153441513533000,1785153441513533000,1785153441513533000,1785153441513534000,1785153441513658000,1785153441513661000,1785153441513661000,1785153441513661000,121932490,121652369,-156.121,0.000,0.000,1.000,3.000,0.000,0.000,31.000,0,0,0
B3_zmq_pushpull,zmq_tcp,none,none,,1,5054,512,584,1785153441514491000,1785153441514491000,1785153441514491000,1785153441514492000,1785153441514665000,1785153441514667000,1785153441514667000,1785153441514667000,121932490,121652369,-107.121,0.000,0.000,1.000,2.000,0.000,0.000,49.000,0,0,0
B3_zmq_pushpull,zmq_tcp,none,none,,1,5055,512,584,1785153441515508000,1785153441515508000,1785153441515508000,1785153441515509000,1785153441515667000,1785153441515670000,1785153441515670000,1785153441515670000,121932490,121652369,-122.121,0.000,0.000,1.000,3.000,0.000,0.000,15.000,0,0,0
B3_zmq_pushpull,zmq_tcp,none,none,,1,5056,512,584,1785153441516500000,1785153441516500000,1785153441516500000,1785153441516501000,1785153441516675000,1785153441516677000,1785153441516678000,1785153441516678000,121932490,121652369,-106.121,0.000,0.000,1.000,2.000,1.000,0.000,16.000,0,0,0
B3_zmq_pushpull,zmq_tcp,none,none,,1,5057,512,584,1785153441517506000,1785153441517506000,1785153441517506000,1785153441517507000,1785153441517680000,1785153441517685000,1785153441517685000,1785153441517685000,121932490,121652369,-107.121,0.000,0.000,1.000,5.000,0.000,0.000,1.000,0,0,0
B3_zmq_pushpull,zmq_tcp,none,none,,1,5058,512,584,1785153441518499000,1785153441518499000,1785153441518499000,1785153441518500000,1785153441518545000,1785153441518549000,1785153441518549000,1785153441518549000,121932490,121652369,-235.121,0.000,0.000,1.000,4.000,0.000,0.000,128.000,0,0,0
B3_zmq_pushpull,zmq_tcp,none,none,,1,5059,512,584,1785153441519503000,1785153441519503000,1785153441519503000,1785153441519504000,1785153441519553000,1785153441519556000,1785153441519556000,1785153441519556000,121932490,121652369,-231.121,0.000,0.000,1.000,3.000,0.000,0.000,4.000,0,0,0
B3_zmq_pushpull,zmq_tcp,none,none,,1,5060,512,584,1785153441520501000,1785153441520501000,1785153441520501000,1785153441520502000,1785153441520559000,1785153441520562000,1785153441520562000,1785153441520562000,121932490,121652369,-223.121,0.000,0.000,1.000,3.000,0.000,0.000,8.000,0,0,0
B3_zmq_pushpull,zmq_tcp,none,none,,1,5061,512,584,1785153441521502000,1785153441521502000,1785153441521502000,1785153441521503000,1785153441521565000,1785153441521568000,1785153441521568000,1785153441521568000,121932490,121652369,-218.121,0.000,0.000,1.000,3.000,0.000,0.000,5.000,0,0,0
B3_zmq_pushpull,zmq_tcp,none,none,,1,5062,512,584,1785153441522499000,1785153441522499000,1785153441522499000,1785153441522500000,1785153441522570000,1785153441522573000,1785153441522573000,1785153441522573000,121932490,121652369,-210.121,0.000,0.000,1.000,3.000,0.000,0.000,8.000,0,0,0
B3_zmq_pushpull,zmq_tcp,none,none,,1,5063,512,584,1785153441523504000,1785153441523504000,1785153441523504000,1785153441523505000,1785153441523573000,1785153441523576000,1785153441523576000,1785153441523576000,121932490,121652369,-212.121,0.000,0.000,1.000,3.000,0.000,0.000,2.000,0,0,0
B3_zmq_pushpull,zmq_tcp,none,none,,1,5064,512,584,1785153441524501000,1785153441524501000,1785153441524501000,1785153441524502000,1785153441524582000,1785153441524586000,1785153441524586000,1785153441524586000,121932490,121652369,-200.121,0.000,0.000,1.000,4.000,0.000,0.000,12.000,0,0,0
B3_zmq_pushpull,zmq_tcp,none,none,,1,5065,512,584,1785153441525501000,1785153441525501000,1785153441525501000,1785153441525502000,1785153441525593000,1785153441525596000,1785153441525596000,1785153441525596000,121932490,121652369,-189.121,0.000,0.000,1.000,3.000,0.000,0.000,11.000,0,0,0
B3_zmq_pushpull,zmq_tcp,none,none,,1,5066,512,584,1785153441526499000,1785153441526499000,1785153441526499000,1785153441526500000,1785153441526590000,1785153441526593000,1785153441526593000,1785153441526593000,121932490,121652369,-190.121,0.000,0.000,1.000,3.000,0.000,0.000,1.000,0,0,0
B3_zmq_pushpull,zmq_tcp,none,none,,1,5067,512,584,1785153441527504000,1785153441527504000,1785153441527504000,1785153441527505000,1785153441527589000,1785153441527591000,1785153441527591000,1785153441527591000,121932490,121652369,-196.121,0.000,0.000,1.000,2.000,0.000,0.000,6.000,0,0,0
B3_zmq_pushpull,zmq_tcp,none,none,,1,5068,512,584,1785153441528502000,1785153441528502000,1785153441528502000,1785153441528503000,1785153441528585000,1785153441528587000,1785153441528587000,1785153441528587000,121932490,121652369,-198.121,0.000,0.000,1.000,2.000,0.000,0.000,2.000,0,0,0
B3_zmq_pushpull,zmq_tcp,none,none,,1,5069,512,584,1785153441529501000,1785153441529501000,1785153441529501000,1785153441529502000,1785153441529579000,1785153441529581000,1785153441529582000,1785153441529582000,121932490,121652369,-203.121,0.000,0.000,1.000,2.000,1.000,0.000,5.000,0,0,0
B3_zmq_pushpull,zmq_tcp,none,none,,1,5070,512,584,1785153441530501000,1785153441530501000,1785153441530501000,1785153441530502000,1785153441530594000,1785153441530597000,1785153441530597000,1785153441530597000,121932490,121652369,-188.121,0.000,0.000,1.000,3.000,0.000,0.000,15.000,0,0,0
B3_zmq_pushpull,zmq_tcp,none,none,,1,5071,512,584,1785153441531502000,1785153441531502000,1785153441531502000,1785153441531503000,1785153441531597000,1785153441531599000,1785153441531599000,1785153441531600000,121932490,121652369,-186.121,0.000,0.000,1.000,2.000,0.000,1.000,2.000,0,0,0
B3_zmq_pushpull,zmq_tcp,none,none,,1,5072,512,584,1785153441532502000,1785153441532502000,1785153441532502000,1785153441532503000,1785153441532600000,1785153441532602000,1785153441532602000,1785153441532602000,121932490,121652369,-183.121,0.000,0.000,1.000,2.000,0.000,0.000,3.000,0,0,0
B3_zmq_pushpull,zmq_tcp,none,none,,1,5073,512,584,1785153441533500000,1785153441533500000,1785153441533500000,1785153441533501000,1785153441533597000,1785153441533599000,1785153441533599000,1785153441533599000,121932490,121652369,-184.121,0.000,0.000,1.000,2.000,0.000,0.000,1.000,0,0,0
B3_zmq_pushpull,zmq_tcp,none,none,,1,5074,512,584,1785153441534501000,1785153441534501000,1785153441534502000,1785153441534502000,1785153441534593000,1785153441534596000,1785153441534596000,1785153441534596000,121932490,121652369,-189.121,0.000,1.000,0.000,3.000,0.000,0.000,5.000,0,0,0
B3_zmq_pushpull,zmq_tcp,none,none,,1,5075,512,584,1785153441535504000,1785153441535504000,1785153441535504000,1785153441535505000,1785153441535607000,1785153441535610000,1785153441535610000,1785153441535610000,121932490,121652369,-178.121,0.000,0.000,1.000,3.000,0.000,0.000,11.000,0,0,0
B3_zmq_pushpull,zmq_tcp,none,none,,1,5076,512,584,1785153441536500000,1785153441536500000,1785153441536500000,1785153441536501000,1785153441536614000,1785153441536618000,1785153441536618000,1785153441536618000,121932490,121652369,-167.121,0.000,0.000,1.000,4.000,0.000,0.000,11.000,0,0,0
B3_zmq_pushpull,zmq_tcp,none,none,,1,5077,512,584,1785153441537504000,1785153441537504000,1785153441537504000,1785153441537505000,1785153441537627000,1785153441537630000,1785153441537630000,1785153441537630000,121932490,121652369,-158.121,0.000,0.000,1.000,3.000,0.000,0.000,9.000,0,0,0
B3_zmq_pushpull,zmq_tcp,none,none,,1,5078,512,584,1785153441538502000,1785153441538502000,1785153441538502000,1785153441538503000,1785153441538645000,1785153441538648000,1785153441538648000,1785153441538648000,121932490,121652369,-138.121,0.000,0.000,1.000,3.000,0.000,0.000,20.000,0,0,0
B3_zmq_pushpull,zmq_tcp,none,none,,1,5079,512,584,1785153441539501000,1785153441539502000,1785153441539502000,1785153441539503000,1785153441539653000,1785153441539656000,1785153441539656000,1785153441539656000,121932490,121652369,-130.121,1.000,0.000,1.000,3.000,0.000,0.000,8.000,0,0,0
B3_zmq_pushpull,zmq_tcp,none,none,,1,5080,512,584,1785153441540498000,1785153441540498000,1785153441540498000,1785153441540499000,1785153441540649000,1785153441540652000,1785153441540652000,1785153441540652000,121932490,121652369,-130.121,0.000,0.000,1.000,3.000,0.000,0.000,0.000,0,0,0
B3_zmq_pushpull,zmq_tcp,none,none,,1,5081,512,584,1785153441541502000,1785153441541502000,1785153441541502000,1785153441541503000,1785153441541656000,1785153441541658000,1785153441541658000,1785153441541658000,121932490,121652369,-127.121,0.000,0.000,1.000,2.000,0.000,0.000,3.000,0,0,0
B3_zmq_pushpull,zmq_tcp,none,none,,1,5082,512,584,1785153441542364000,1785153441542364000,1785153441542364000,1785153441542365000,1785153441542525000,1785153441542528000,1785153441542528000,1785153441542528000,121932490,121652369,-120.121,0.000,0.000,1.000,3.000,0.000,0.000,7.000,0,0,0
B3_zmq_pushpull,zmq_tcp,none,none,,1,5083,512,584,1785153441543536000,1785153441543536000,1785153441543536000,1785153441543537000,1785153441543667000,1785153441543670000,1785153441543670000,1785153441543670000,121932490,121652369,-150.121,0.000,0.000,1.000,3.000,0.000,0.000,30.000,0,0,0
B3_zmq_pushpull,zmq_tcp,none,none,,1,5084,512,584,1785153441544494000,1785153441544495000,1785153441544495000,1785153441544496000,1785153441544680000,1785153441544682000,1785153441544682000,1785153441544682000,121932490,121652369,-96.121,1.000,0.000,1.000,2.000,0.000,0.000,54.000,0,0,0
B3_zmq_pushpull,zmq_tcp,none,none,,1,5085,512,584,1785153441545505000,1785153441545505000,1785153441545505000,1785153441545506000,1785153441545566000,1785153441545569000,1785153441545570000,1785153441545570000,121932490,121652369,-220.121,0.000,0.000,1.000,3.000,1.000,0.000,124.000,0,0,0
B3_zmq_pushpull,zmq_tcp,none,none,,1,5086,512,584,1785153441546501000,1785153441546501000,1785153441546502000,1785153441546502000,1785153441546582000,1785153441546585000,1785153441546585000,1785153441546585000,121932490,121652369,-200.121,0.000,1.000,0.000,3.000,0.000,0.000,20.000,0,0,0
B3_zmq_pushpull,zmq_tcp,none,none,,1,5087,512,584,1785153441547501000,1785153441547502000,1785153441547502000,1785153441547503000,1785153441547589000,1785153441547592000,1785153441547592000,1785153441547592000,121932490,121652369,-194.121,1.000,0.000,1.000,3.000,0.000,0.000,6.000,0,0,0
B3_zmq_pushpull,zmq_tcp,none,none,,1,5088,512,584,1785153441548499000,1785153441548499000,1785153441548499000,1785153441548500000,1785153441548562000,1785153441548565000,1785153441548565000,1785153441548565000,121932490,121652369,-218.121,0.000,0.000,1.000,3.000,0.000,0.000,24.000,0,0,0
B3_zmq_pushpull,zmq_tcp,none,none,,1,5089,512,584,1785153441549506000,1785153441549506000,1785153441549506000,1785153441549507000,1785153441549586000,1785153441549594000,1785153441549594000,1785153441549594000,121932490,121652369,-201.121,0.000,0.000,1.000,8.000,0.000,0.000,17.000,0,0,0
B3_zmq_pushpull,zmq_tcp,none,none,,1,5090,512,584,1785153441550500000,1785153441550500000,1785153441550500000,1785153441550501000,1785153441550594000,1785153441550597000,1785153441550597000,1785153441550597000,121932490,121652369,-187.121,0.000,0.000,1.000,3.000,0.000,0.000,14.000,0,0,0
B3_zmq_pushpull,zmq_tcp,none,none,,1,5091,512,584,1785153441551502000,1785153441551502000,1785153441551503000,1785153441551503000,1785153441551599000,1785153441551601000,1785153441551601000,1785153441551601000,121932490,121652369,-184.121,0.000,1.000,0.000,2.000,0.000,0.000,3.000,0,0,0
B3_zmq_pushpull,zmq_tcp,none,none,,1,5092,512,584,1785153441552497000,1785153441552498000,1785153441552498000,1785153441552499000,1785153441552601000,1785153441552604000,1785153441552604000,1785153441552604000,121932490,121652369,-178.121,1.000,0.000,1.000,3.000,0.000,0.000,6.000,0,0,0
B3_zmq_pushpull,zmq_tcp,none,none,,1,5093,512,584,1785153441553503000,1785153441553503000,1785153441553503000,1785153441553504000,1785153441553608000,1785153441553611000,1785153441553611000,1785153441553611000,121932490,121652369,-176.121,0.000,0.000,1.000,3.000,0.000,0.000,2.000,0,0,0
B3_zmq_pushpull,zmq_tcp,none,none,,1,5094,512,584,1785153441554501000,1785153441554501000,1785153441554501000,1785153441554502000,1785153441554613000,1785153441554616000,1785153441554616000,1785153441554616000,121932490,121652369,-169.121,0.000,0.000,1.000,3.000,0.000,0.000,7.000,0,0,0
B3_zmq_pushpull,zmq_tcp,none,none,,1,5095,512,584,1785153441555502000,1785153441555502000,1785153441555502000,1785153441555503000,1785153441555601000,1785153441555604000,1785153441555604000,1785153441555604000,121932490,121652369,-182.121,0.000,0.000,1.000,3.000,0.000,0.000,13.000,0,0,0
B3_zmq_pushpull,zmq_tcp,none,none,,1,5096,512,584,1785153441556501000,1785153441556501000,1785153441556501000,1785153441556502000,1785153441556626000,1785153441556629000,1785153441556629000,1785153441556629000,121932490,121652369,-156.121,0.000,0.000,1.000,3.000,0.000,0.000,26.000,0,0,0
B3_zmq_pushpull,zmq_tcp,none,none,,1,5097,512,584,1785153441557504000,1785153441557504000,1785153441557504000,1785153441557505000,1785153441557636000,1785153441557638000,1785153441557638000,1785153441557638000,121932490,121652369,-149.121,0.000,0.000,1.000,2.000,0.000,0.000,7.000,0,0,0
B3_zmq_pushpull,zmq_tcp,none,none,,1,5098,512,584,1785153441558501000,1785153441558501000,1785153441558502000,1785153441558502000,1785153441558644000,1785153441558646000,1785153441558646000,1785153441558646000,121932490,121652369,-138.121,0.000,1.000,0.000,2.000,0.000,0.000,11.000,0,0,0
B3_zmq_pushpull,zmq_tcp,none,none,,1,5099,512,584,1785153441559504000,1785153441559504000,1785153441559504000,1785153441559505000,1785153441559650000,1785153441559660000,1785153441559660000,1785153441559660000,121932490,121652369,-135.121,0.000,0.000,1.000,10.000,0.000,0.000,3.000,0,0,0
B3_zmq_pushpull,zmq_tcp,none,none,,1,5100,512,584,1785153441560500000,1785153441560500000,1785153441560500000,1785153441560501000,1785153441560668000,1785153441560671000,1785153441560671000,1785153441560671000,121932490,121652369,-113.121,0.000,0.000,1.000,3.000,0.000,0.000,22.000,0,0,0
B3_zmq_pushpull,zmq_tcp,none,none,,1,5101,512,584,1785153441561370000,1785153441561370000,1785153441561370000,1785153441561371000,1785153441561528000,1785153441561530000,1785153441561530000,1785153441561530000,121932490,121652369,-123.121,0.000,0.000,1.000,2.000,0.000,0.000,10.000,0,0,0
B3_zmq_pushpull,zmq_tcp,none,none,,1,5102,512,584,1785153441562535000,1785153441562535000,1785153441562535000,1785153441562536000,1785153441562664000,1785153441562667000,1785153441562667000,1785153441562667000,121932490,121652369,-152.121,0.000,0.000,1.000,3.000,0.000,0.000,29.000,0,0,0
B3_zmq_pushpull,zmq_tcp,none,none,,1,5103,512,584,1785153441563358000,1785153441563358000,1785153441563358000,1785153441563359000,1785153441563520000,1785153441563522000,1785153441563522000,1785153441563522000,121932490,121652369,-119.121,0.000,0.000,1.000,2.000,0.000,0.000,33.000,0,0,0
B3_zmq_pushpull,zmq_tcp,none,none,,1,5104,512,584,1785153441564382000,1785153441564382000,1785153441564382000,1785153441564383000,1785153441564541000,1785153441564544000,1785153441564544000,1785153441564544000,121932490,121652369,-122.121,0.000,0.000,1.000,3.000,0.000,0.000,3.000,0,0,0
B3_zmq_pushpull,zmq_tcp,none,none,,1,5105,512,584,1785153441565533000,1785153441565534000,1785153441565534000,1785153441565535000,1785153441565696000,1785153441565698000,1785153441565698000,1785153441565698000,121932490,121652369,-119.121,1.000,0.000,1.000,2.000,0.000,0.000,3.000,0,0,0
B3_zmq_pushpull,zmq_tcp,none,none,,1,5106,512,584,1785153441566494000,1785153441566494000,1785153441566494000,1785153441566495000,1785153441566695000,1785153441566697000,1785153441566697000,1785153441566697000,121932490,121652369,-80.121,0.000,0.000,1.000,2.000,0.000,0.000,39.000,0,0,0
B3_zmq_pushpull,zmq_tcp,none,none,,1,5107,512,584,1785153441567401000,1785153441567401000,1785153441567401000,1785153441567402000,1785153441567556000,1785153441567558000,1785153441567558000,1785153441567558000,121932490,121652369,-126.121,0.000,0.000,1.000,2.000,0.000,0.000,46.000,0,0,0
B3_zmq_pushpull,zmq_tcp,none,none,,1,5108,512,584,1785153441568528000,1785153441568528000,1785153441568528000,1785153441568529000,1785153441568693000,1785153441568696000,1785153441568696000,1785153441568696000,121932490,121652369,-116.121,0.000,0.000,1.000,3.000,0.000,0.000,10.000,0,0,0
B3_zmq_pushpull,zmq_tcp,none,none,,1,5109,512,584,1785153441569395000,1785153441569396000,1785153441569396000,1785153441569397000,1785153441569550000,1785153441569553000,1785153441569553000,1785153441569553000,121932490,121652369,-127.121,1.000,0.000,1.000,3.000,0.000,0.000,11.000,0,0,0
B3_zmq_pushpull,zmq_tcp,none,none,,1,5110,512,584,1785153441570528000,1785153441570528000,1785153441570528000,1785153441570529000,1785153441570702000,1785153441570705000,1785153441570705000,1785153441570705000,121932490,121652369,-107.121,0.000,0.000,1.000,3.000,0.000,0.000,20.000,0,0,0
B3_zmq_pushpull,zmq_tcp,none,none,,1,5111,512,584,1785153441571496000,1785153441571496000,1785153441571496000,1785153441571497000,1785153441571550000,1785153441571553000,1785153441571553000,1785153441571553000,121932490,121652369,-227.121,0.000,0.000,1.000,3.000,0.000,0.000,120.000,0,0,0
B3_zmq_pushpull,zmq_tcp,none,none,,1,5112,512,584,1785153441572503000,1785153441572503000,1785153441572503000,1785153441572504000,1785153441572694000,1785153441572697000,1785153441572697000,1785153441572697000,121932490,121652369,-90.121,0.000,0.000,1.000,3.000,0.000,0.000,137.000,0,0,0
B3_zmq_pushpull,zmq_tcp,none,none,,1,5113,512,584,1785153441573408000,1785153441573408000,1785153441573408000,1785153441573409000,1785153441573569000,1785153441573572000,1785153441573572000,1785153441573572000,121932490,121652369,-120.121,0.000,0.000,1.000,3.000,0.000,0.000,30.000,0,0,0
B3_zmq_pushpull,zmq_tcp,none,none,,1,5114,512,584,1785153441574526000,1785153441574526000,1785153441574526000,1785153441574527000,1785153441574692000,1785153441574694000,1785153441574694000,1785153441574694000,121932490,121652369,-115.121,0.000,0.000,1.000,2.000,0.000,0.000,5.000,0,0,0
B3_zmq_pushpull,zmq_tcp,none,none,,1,5115,512,584,1785153441575492000,1785153441575492000,1785153441575492000,1785153441575493000,1785153441575545000,1785153441575548000,1785153441575548000,1785153441575548000,121932490,121652369,-228.121,0.000,0.000,1.000,3.000,0.000,0.000,113.000,0,0,0
B3_zmq_pushpull,zmq_tcp,none,none,,1,5116,512,584,1785153441576504000,1785153441576504000,1785153441576504000,1785153441576505000,1785153441576549000,1785153441576552000,1785153441576552000,1785153441576552000,121932490,121652369,-236.121,0.000,0.000,1.000,3.000,0.000,0.000,8.000,0,0,0
B3_zmq_pushpull,zmq_tcp,none,none,,1,5117,512,584,1785153441577502000,1785153441577502000,1785153441577502000,1785153441577503000,1785153441577565000,1785153441577568000,1785153441577568000,1785153441577568000,121932490,121652369,-218.121,0.000,0.000,1.000,3.000,0.000,0.000,18.000,0,0,0
B3_zmq_pushpull,zmq_tcp,none,none,,1,5118,512,584,1785153441578503000,1785153441578503000,1785153441578503000,1785153441578504000,1785153441578566000,1785153441578570000,1785153441578570000,1785153441578570000,121932490,121652369,-218.121,0.000,0.000,1.000,4.000,0.000,0.000,0.000,0,0,0
B3_zmq_pushpull,zmq_tcp,none,none,,1,5119,512,584,1785153441579498000,1785153441579498000,1785153441579498000,1785153441579499000,1785153441579577000,1785153441579580000,1785153441579580000,1785153441579580000,121932490,121652369,-202.121,0.000,0.000,1.000,3.000,0.000,0.000,16.000,0,0,0
B3_zmq_pushpull,zmq_tcp,none,none,,1,5120,512,584,1785153441580502000,1785153441580502000,1785153441580502000,1785153441580503000,1785153441580581000,1785153441580584000,1785153441580584000,1785153441580584000,121932490,121652369,-202.121,0.000,0.000,1.000,3.000,0.000,0.000,0.000,0,0,0
B3_zmq_pushpull,zmq_tcp,none,none,,1,5121,512,584,1785153441581502000,1785153441581502000,1785153441581502000,1785153441581503000,1785153441581596000,1785153441581598000,1785153441581598000,1785153441581599000,121932490,121652369,-187.121,0.000,0.000,1.000,2.000,0.000,1.000,15.000,0,0,0
B3_zmq_pushpull,zmq_tcp,none,none,,1,5122,512,584,1785153441582502000,1785153441582502000,1785153441582502000,1785153441582503000,1785153441582588000,1785153441582590000,1785153441582590000,1785153441582590000,121932490,121652369,-195.121,0.000,0.000,1.000,2.000,0.000,0.000,8.000,0,0,0
B3_zmq_pushpull,zmq_tcp,none,none,,1,5123,512,584,1785153441583499000,1785153441583499000,1785153441583499000,1785153441583500000,1785153441583570000,1785153441583572000,1785153441583572000,1785153441583572000,121932490,121652369,-210.121,0.000,0.000,1.000,2.000,0.000,0.000,15.000,0,0,0
B3_zmq_pushpull,zmq_tcp,none,none,,1,5124,512,584,1785153441584504000,1785153441584504000,1785153441584504000,1785153441584505000,1785153441584592000,1785153441584594000,1785153441584594000,1785153441584594000,121932490,121652369,-193.121,0.000,0.000,1.000,2.000,0.000,0.000,17.000,0,0,0
B3_zmq_pushpull,zmq_tcp,none,none,,1,5125,512,584,1785153441585501000,1785153441585501000,1785153441585502000,1785153441585502000,1785153441585612000,1785153441585615000,1785153441585615000,1785153441585615000,121932490,121652369,-170.121,0.000,1.000,0.000,3.000,0.000,0.000,23.000,0,0,0
B3_zmq_pushpull,zmq_tcp,none,none,,1,5126,512,584,1785153441586503000,1785153441586503000,1785153441586503000,1785153441586504000,1785153441586617000,1785153441586620000,1785153441586620000,1785153441586620000,121932490,121652369,-167.121,0.000,0.000,1.000,3.000,0.000,0.000,3.000,0,0,0
B3_zmq_pushpull,zmq_tcp,none,none,,1,5127,512,584,1785153441587497000,1785153441587497000,1785153441587497000,1785153441587498000,1785153441587630000,1785153441587633000,1785153441587633000,1785153441587633000,121932490,121652369,-148.121,0.000,0.000,1.000,3.000,0.000,0.000,19.000,0,0,0
B3_zmq_pushpull,zmq_tcp,none,none,,1,5128,512,584,1785153441588503000,1785153441588503000,1785153441588503000,1785153441588504000,1785153441588628000,1785153441588631000,1785153441588631000,1785153441588631000,121932490,121652369,-156.121,0.000,0.000,1.000,3.000,0.000,0.000,8.000,0,0,0
B3_zmq_pushpull,zmq_tcp,none,none,,1,5129,512,584,1785153441589502000,1785153441589502000,1785153441589502000,1785153441589503000,1785153441589605000,1785153441589608000,1785153441589608000,1785153441589608000,121932490,121652369,-178.121,0.000,0.000,1.000,3.000,0.000,0.000,22.000,0,0,0
B3_zmq_pushpull,zmq_tcp,none,none,,1,5130,512,584,1785153441590502000,1785153441590502000,1785153441590502000,1785153441590503000,1785153441590594000,1785153441590597000,1785153441590597000,1785153441590597000,121932490,121652369,-189.121,0.000,0.000,1.000,3.000,0.000,0.000,11.000,0,0,0
B3_zmq_pushpull,zmq_tcp,none,none,,1,5131,512,584,1785153441591497000,1785153441591497000,1785153441591498000,1785153441591498000,1785153441591607000,1785153441591610000,1785153441591610000,1785153441591610000,121932490,121652369,-171.121,0.000,1.000,0.000,3.000,0.000,0.000,18.000,0,0,0
B3_zmq_pushpull,zmq_tcp,none,none,,1,5132,512,584,1785153441592504000,1785153441592504000,1785153441592504000,1785153441592505000,1785153441592622000,1785153441592625000,1785153441592625000,1785153441592625000,121932490,121652369,-163.121,0.000,0.000,1.000,3.000,0.000,0.000,8.000,0,0,0
B3_zmq_pushpull,zmq_tcp,none,none,,1,5133,512,584,1785153441593345000,1785153441593345000,1785153441593345000,1785153441593346000,1785153441593497000,1785153441593500000,1785153441593500000,1785153441593500000,121932490,121652369,-129.121,0.000,0.000,1.000,3.000,0.000,0.000,34.000,0,0,0
B3_zmq_pushpull,zmq_tcp,none,none,,1,5134,512,584,1785153441594345000,1785153441594345000,1785153441594345000,1785153441594346000,1785153441594506000,1785153441594510000,1785153441594510000,1785153441594510000,121932490,121652369,-120.121,0.000,0.000,1.000,4.000,0.000,0.000,9.000,0,0,0
B3_zmq_pushpull,zmq_tcp,none,none,,1,5135,512,584,1785153441595540000,1785153441595540000,1785153441595540000,1785153441595541000,1785153441595635000,1785153441595637000,1785153441595637000,1785153441595637000,121932490,121652369,-186.121,0.000,0.000,1.000,2.000,0.000,0.000,66.000,0,0,0
B3_zmq_pushpull,zmq_tcp,none,none,,1,5136,512,584,1785153441596492000,1785153441596492000,1785153441596492000,1785153441596493000,1785153441596628000,1785153441596630000,1785153441596630000,1785153441596630000,121932490,121652369,-145.121,0.000,0.000,1.000,2.000,0.000,0.000,41.000,0,0,0
B3_zmq_pushpull,zmq_tcp,none,none,,1,5137,512,584,1785153441597504000,1785153441597504000,1785153441597504000,1785153441597505000,1785153441597624000,1785153441597627000,1785153441597627000,1785153441597627000,121932490,121652369,-161.121,0.000,0.000,1.000,3.000,0.000,0.000,16.000,0,0,0
B3_zmq_pushpull,zmq_tcp,none,none,,1,5138,512,584,1785153441598498000,1785153441598498000,1785153441598498000,1785153441598499000,1785153441598645000,1785153441598648000,1785153441598648000,1785153441598648000,121932490,121652369,-134.121,0.000,0.000,1.000,3.000,0.000,0.000,27.000,0,0,0
B3_zmq_pushpull,zmq_tcp,none,none,,1,5139,512,584,1785153441599502000,1785153441599502000,1785153441599502000,1785153441599503000,1785153441599649000,1785153441599652000,1785153441599652000,1785153441599652000,121932490,121652369,-134.121,0.000,0.000,1.000,3.000,0.000,0.000,0.000,0,0,0
B3_zmq_pushpull,zmq_tcp,none,none,,1,5140,512,584,1785153441600502000,1785153441600502000,1785153441600502000,1785153441600503000,1785153441600656000,1785153441600659000,1785153441600659000,1785153441600659000,121932490,121652369,-127.121,0.000,0.000,1.000,3.000,0.000,0.000,7.000,0,0,0
B3_zmq_pushpull,zmq_tcp,none,none,,1,5141,512,584,1785153441601350000,1785153441601350000,1785153441601350000,1785153441601351000,1785153441601509000,1785153441601512000,1785153441601512000,1785153441601512000,121932490,121652369,-122.121,0.000,0.000,1.000,3.000,0.000,0.000,5.000,0,0,0
B3_zmq_pushpull,zmq_tcp,none,none,,1,5142,512,584,1785153441602539000,1785153441602539000,1785153441602539000,1785153441602540000,1785153441602657000,1785153441602660000,1785153441602660000,1785153441602660000,121932490,121652369,-163.121,0.000,0.000,1.000,3.000,0.000,0.000,41.000,0,0,0
B3_zmq_pushpull,zmq_tcp,none,none,,1,5143,512,584,1785153441603492000,1785153441603493000,1785153441603493000,1785153441603494000,1785153441603656000,1785153441603659000,1785153441603659000,1785153441603659000,121932490,121652369,-118.121,1.000,0.000,1.000,3.000,0.000,0.000,45.000,0,0,0
B3_zmq_pushpull,zmq_tcp,none,none,,1,5144,512,584,1785153441604504000,1785153441604504000,1785153441604505000,1785153441604505000,1785153441604646000,1785153441604649000,1785153441604649000,1785153441604649000,121932490,121652369,-139.121,0.000,1.000,0.000,3.000,0.000,0.000,21.000,0,0,0
B3_zmq_pushpull,zmq_tcp,none,none,,1,5145,512,584,1785153441605500000,1785153441605500000,1785153441605500000,1785153441605501000,1785153441605668000,1785153441605670000,1785153441605670000,1785153441605670000,121932490,121652369,-113.121,0.000,0.000,1.000,2.000,0.000,0.000,26.000,0,0,0
B3_zmq_pushpull,zmq_tcp,none,none,,1,5146,512,584,1785153441606503000,1785153441606503000,1785153441606503000,1785153441606504000,1785153441606676000,1785153441606679000,1785153441606679000,1785153441606679000,121932490,121652369,-108.121,0.000,0.000,1.000,3.000,0.000,0.000,5.000,0,0,0
B3_zmq_pushpull,zmq_tcp,none,none,,1,5147,512,584,1785153441607382000,1785153441607383000,1785153441607383000,1785153441607384000,1785153441607537000,1785153441607540000,1785153441607540000,1785153441607540000,121932490,121652369,-127.121,1.000,0.000,1.000,3.000,0.000,0.000,19.000,0,0,0
B3_zmq_pushpull,zmq_tcp,none,none,,1,5148,512,584,1785153441608530000,1785153441608530000,1785153441608530000,1785153441608531000,1785153441608673000,1785153441608676000,1785153441608676000,1785153441608676000,121932490,121652369,-138.121,0.000,0.000,1.000,3.000,0.000,0.000,11.000,0,0,0
B3_zmq_pushpull,zmq_tcp,none,none,,1,5149,512,584,1785153441609492000,1785153441609493000,1785153441609493000,1785153441609493000,1785153441609537000,1785153441609540000,1785153441609540000,1785153441609540000,121932490,121652369,-236.121,1.000,0.000,0.000,3.000,0.000,0.000,98.000,0,0,0
B3_zmq_pushpull,zmq_tcp,none,none,,1,5150,512,584,1785153441610504000,1785153441610505000,1785153441610505000,1785153441610506000,1785153441610549000,1785153441610552000,1785153441610552000,1785153441610552000,121932490,121652369,-237.121,1.000,0.000,1.000,3.000,0.000,0.000,1.000,0,0,0
B3_zmq_pushpull,zmq_tcp,none,none,,1,5151,512,584,1785153441611502000,1785153441611502000,1785153441611502000,1785153441611503000,1785153441611563000,1785153441611565000,1785153441611565000,1785153441611565000,121932490,121652369,-220.121,0.000,0.000,1.000,2.000,0.000,0.000,17.000,0,0,0
B3_zmq_pushpull,zmq_tcp,none,none,,1,5152,512,584,1785153441612417000,1785153441612418000,1785153441612418000,1785153441612419000,1785153441612577000,1785153441612581000,1785153441612581000,1785153441612581000,121932490,121652369,-122.121,1.000,0.000,1.000,4.000,0.000,0.000,98.000,0,0,0
B3_zmq_pushpull,zmq_tcp,none,none,,1,5153,512,584,1785153441613304000,1785153441613304000,1785153441613305000,1785153441613305000,1785153441613451000,1785153441613453000,1785153441613453000,1785153441613453000,121932490,121652369,-134.121,0.000,1.000,0.000,2.000,0.000,0.000,12.000,0,0,0
B3_zmq_pushpull,zmq_tcp,none,none,,1,5154,512,584,1785153441614431000,1785153441614431000,1785153441614431000,1785153441614432000,1785153441614591000,1785153441614593000,1785153441614593000,1785153441614593000,121932490,121652369,-121.121,0.000,0.000,1.000,2.000,0.000,0.000,13.000,0,0,0
B3_zmq_pushpull,zmq_tcp,none,none,,1,5155,512,584,1785153441615425000,1785153441615425000,1785153441615425000,1785153441615426000,1785153441615585000,1785153441615588000,1785153441615588000,1785153441615588000,121932490,121652369,-121.121,0.000,0.000,1.000,3.000,0.000,0.000,0.000,0,0,0
B3_zmq_pushpull,zmq_tcp,none,none,,1,5156,512,584,1785153441616425000,1785153441616425000,1785153441616425000,1785153441616426000,1785153441616570000,1785153441616573000,1785153441616573000,1785153441616573000,121932490,121652369,-136.121,0.000,0.000,1.000,3.000,0.000,0.000,15.000,0,0,0
B3_zmq_pushpull,zmq_tcp,none,none,,1,5157,512,584,1785153441617520000,1785153441617521000,1785153441617521000,1785153441617522000,1785153441617565000,1785153441617569000,1785153441617569000,1785153441617569000,121932490,121652369,-237.121,1.000,0.000,1.000,4.000,0.000,0.000,101.000,0,0,0
B3_zmq_pushpull,zmq_tcp,none,none,,1,5158,512,584,1785153441618498000,1785153441618498000,1785153441618499000,1785153441618499000,1785153441618578000,1785153441618580000,1785153441618580000,1785153441618580000,121932490,121652369,-201.121,0.000,1.000,0.000,2.000,0.000,0.000,36.000,0,0,0
B3_zmq_pushpull,zmq_tcp,none,none,,1,5159,512,584,1785153441619502000,1785153441619502000,1785153441619502000,1785153441619503000,1785153441619588000,1785153441619591000,1785153441619591000,1785153441619591000,121932490,121652369,-195.121,0.000,0.000,1.000,3.000,0.000,0.000,6.000,0,0,0
B3_zmq_pushpull,zmq_tcp,none,none,,1,5160,512,584,1785153441620503000,1785153441620503000,1785153441620503000,1785153441620504000,1785153441620598000,1785153441620600000,1785153441620601000,1785153441620601000,121932490,121652369,-186.121,0.000,0.000,1.000,2.000,1.000,0.000,9.000,0,0,0
B3_zmq_pushpull,zmq_tcp,none,none,,1,5161,512,584,1785153441621504000,1785153441621504000,1785153441621504000,1785153441621505000,1785153441621611000,1785153441621613000,1785153441621613000,1785153441621613000,121932490,121652369,-174.121,0.000,0.000,1.000,2.000,0.000,0.000,12.000,0,0,0
B3_zmq_pushpull,zmq_tcp,none,none,,1,5162,512,584,1785153441622500000,1785153441622500000,1785153441622501000,1785153441622501000,1785153441622601000,1785153441622605000,1785153441622605000,1785153441622605000,121932490,121652369,-180.121,0.000,1.000,0.000,4.000,0.000,0.000,6.000,0,0,0
B3_zmq_pushpull,zmq_tcp,none,none,,1,5163,512,584,1785153441623502000,1785153441623502000,1785153441623502000,1785153441623503000,1785153441623573000,1785153441623576000,1785153441623576000,1785153441623576000,121932490,121652369,-210.121,0.000,0.000,1.000,3.000,0.000,0.000,30.000,0,0,0
B3_zmq_pushpull,zmq_tcp,none,none,,1,5164,512,584,1785153441624502000,1785153441624503000,1785153441624503000,1785153441624504000,1785153441624547000,1785153441624550000,1785153441624550000,1785153441624550000,121932490,121652369,-237.121,1.000,0.000,1.000,3.000,0.000,0.000,27.000,0,0,0
B3_zmq_pushpull,zmq_tcp,none,none,,1,5165,512,584,1785153441625503000,1785153441625504000,1785153441625504000,1785153441625505000,1785153441625576000,1785153441625579000,1785153441625579000,1785153441625579000,121932490,121652369,-209.121,1.000,0.000,1.000,3.000,0.000,0.000,28.000,0,0,0
B3_zmq_pushpull,zmq_tcp,none,none,,1,5166,512,584,1785153441626500000,1785153441626500000,1785153441626500000,1785153441626501000,1785153441626595000,1785153441626597000,1785153441626597000,1785153441626597000,121932490,121652369,-186.121,0.000,0.000,1.000,2.000,0.000,0.000,23.000,0,0,0
B3_zmq_pushpull,zmq_tcp,none,none,,1,5167,512,584,1785153441627502000,1785153441627502000,1785153441627502000,1785153441627503000,1785153441627584000,1785153441627587000,1785153441627587000,1785153441627587000,121932490,121652369,-199.121,0.000,0.000,1.000,3.000,0.000,0.000,13.000,0,0,0
B3_zmq_pushpull,zmq_tcp,none,none,,1,5168,512,584,1785153441628423000,1785153441628423000,1785153441628423000,1785153441628424000,1785153441628574000,1785153441628577000,1785153441628577000,1785153441628577000,121932490,121652369,-130.121,0.000,0.000,1.000,3.000,0.000,0.000,69.000,0,0,0
B3_zmq_pushpull,zmq_tcp,none,none,,1,5169,512,584,1785153441629522000,1785153441629522000,1785153441629522000,1785153441629523000,1785153441629588000,1785153441629592000,1785153441629592000,1785153441629592000,121932490,121652369,-215.121,0.000,0.000,1.000,4.000,0.000,0.000,85.000,0,0,0
B3_zmq_pushpull,zmq_tcp,none,none,,1,5170,512,584,1785153441630496000,1785153441630496000,1785153441630496000,1785153441630497000,1785153441630581000,1785153441630584000,1785153441630584000,1785153441630584000,121932490,121652369,-196.121,0.000,0.000,1.000,3.000,0.000,0.000,19.000,0,0,0
B3_zmq_pushpull,zmq_tcp,none,none,,1,5171,512,584,1785153441631503000,1785153441631504000,1785153441631504000,1785153441631505000,1785153441631585000,1785153441631588000,1785153441631588000,1785153441631588000,121932490,121652369,-200.121,1.000,0.000,1.000,3.000,0.000,0.000,4.000,0,0,0
B3_zmq_pushpull,zmq_tcp,none,none,,1,5172,512,584,1785153441632502000,1785153441632502000,1785153441632502000,1785153441632503000,1785153441632580000,1785153441632583000,1785153441632583000,1785153441632583000,121932490,121652369,-203.121,0.000,0.000,1.000,3.000,0.000,0.000,3.000,0,0,0
B3_zmq_pushpull,zmq_tcp,none,none,,1,5173,512,584,1785153441633502000,1785153441633502000,1785153441633502000,1785153441633503000,1785153441633596000,1785153441633599000,1785153441633599000,1785153441633599000,121932490,121652369,-187.121,0.000,0.000,1.000,3.000,0.000,0.000,16.000,0,0,0
B3_zmq_pushpull,zmq_tcp,none,none,,1,5174,512,584,1785153441634503000,1785153441634503000,1785153441634503000,1785153441634504000,1785153441634615000,1785153441634618000,1785153441634618000,1785153441634618000,121932490,121652369,-169.121,0.000,0.000,1.000,3.000,0.000,0.000,18.000,0,0,0
B3_zmq_pushpull,zmq_tcp,none,none,,1,5175,512,584,1785153441635502000,1785153441635502000,1785153441635502000,1785153441635503000,1785153441635627000,1785153441635630000,1785153441635630000,1785153441635630000,121932490,121652369,-156.121,0.000,0.000,1.000,3.000,0.000,0.000,13.000,0,0,0
B3_zmq_pushpull,zmq_tcp,none,none,,1,5176,512,584,1785153441636503000,1785153441636503000,1785153441636503000,1785153441636504000,1785153441636605000,1785153441636609000,1785153441636609000,1785153441636609000,121932490,121652369,-179.121,0.000,0.000,1.000,4.000,0.000,0.000,23.000,0,0,0
B3_zmq_pushpull,zmq_tcp,none,none,,1,5177,512,584,1785153441637497000,1785153441637497000,1785153441637497000,1785153441637498000,1785153441637595000,1785153441637598000,1785153441637598000,1785153441637598000,121932490,121652369,-183.121,0.000,0.000,1.000,3.000,0.000,0.000,4.000,0,0,0
B3_zmq_pushpull,zmq_tcp,none,none,,1,5178,512,584,1785153441638502000,1785153441638502000,1785153441638502000,1785153441638503000,1785153441638571000,1785153441638574000,1785153441638574000,1785153441638574000,121932490,121652369,-212.121,0.000,0.000,1.000,3.000,0.000,0.000,29.000,0,0,0
B3_zmq_pushpull,zmq_tcp,none,none,,1,5179,512,584,1785153441639502000,1785153441639502000,1785153441639502000,1785153441639503000,1785153441639549000,1785153441639552000,1785153441639552000,1785153441639552000,121932490,121652369,-234.121,0.000,0.000,1.000,3.000,0.000,0.000,22.000,0,0,0
B3_zmq_pushpull,zmq_tcp,none,none,,1,5180,512,584,1785153441640503000,1785153441640503000,1785153441640503000,1785153441640504000,1785153441640688000,1785153441640691000,1785153441640691000,1785153441640691000,121932490,121652369,-96.121,0.000,0.000,1.000,3.000,0.000,0.000,138.000,0,0,0
B3_zmq_pushpull,zmq_tcp,none,none,,1,5181,512,584,1785153441641380000,1785153441641380000,1785153441641380000,1785153441641381000,1785153441641537000,1785153441641541000,1785153441641541000,1785153441641541000,121932490,121652369,-124.121,0.000,0.000,1.000,4.000,0.000,0.000,28.000,0,0,0
B3_zmq_pushpull,zmq_tcp,none,none,,1,5182,512,584,1785153441642536000,1785153441642536000,1785153441642537000,1785153441642537000,1785153441642651000,1785153441642654000,1785153441642654000,1785153441642654000,121932490,121652369,-166.121,0.000,1.000,0.000,3.000,0.000,0.000,42.000,0,0,0
B3_zmq_pushpull,zmq_tcp,none,none,,1,5183,512,584,1785153441643357000,1785153441643358000,1785153441643358000,1785153441643359000,1785153441643514000,1785153441643517000,1785153441643518000,1785153441643518000,121932490,121652369,-125.121,1.000,0.000,1.000,3.000,1.000,0.000,41.000,0,0,0
B3_zmq_pushpull,zmq_tcp,none,none,,1,5184,512,584,1785153441644334000,1785153441644335000,1785153441644335000,1785153441644336000,1785153441644487000,1785153441644490000,1785153441644490000,1785153441644490000,121932490,121652369,-129.121,1.000,0.000,1.000,3.000,0.000,0.000,4.000,0,0,0
B3_zmq_pushpull,zmq_tcp,none,none,,1,5185,512,584,1785153441645312000,1785153441645312000,1785153441645312000,1785153441645313000,1785153441645454000,1785153441645457000,1785153441645457000,1785153441645457000,121932490,121652369,-139.121,0.000,0.000,1.000,3.000,0.000,0.000,10.000,0,0,0
B3_zmq_pushpull,zmq_tcp,none,none,,1,5186,512,584,1785153441646428000,1785153441646428000,1785153441646428000,1785153441646429000,1785153441646575000,1785153441646578000,1785153441646578000,1785153441646578000,121932490,121652369,-134.121,0.000,0.000,1.000,3.000,0.000,0.000,5.000,0,0,0
B3_zmq_pushpull,zmq_tcp,none,none,,1,5187,512,584,1785153441647525000,1785153441647525000,1785153441647525000,1785153441647526000,1785153441647708000,1785153441647711000,1785153441647711000,1785153441647711000,121932490,121652369,-98.121,0.000,0.000,1.000,3.000,0.000,0.000,36.000,0,0,0
B3_zmq_pushpull,zmq_tcp,none,none,,1,5188,512,584,1785153441648491000,1785153441648491000,1785153441648491000,1785153441648492000,1785153441648554000,1785153441648557000,1785153441648557000,1785153441648557000,121932490,121652369,-218.121,0.000,0.000,1.000,3.000,0.000,0.000,120.000,0,0,0
B3_zmq_pushpull,zmq_tcp,none,none,,1,5189,512,584,1785153441649509000,1785153441649509000,1785153441649509000,1785153441649510000,1785153441649667000,1785153441649670000,1785153441649670000,1785153441649670000,121932490,121652369,-123.121,0.000,0.000,1.000,3.000,0.000,0.000,95.000,0,0,0
B3_zmq_pushpull,zmq_tcp,none,none,,1,5190,512,584,1785153441650351000,1785153441650352000,1785153441650352000,1785153441650353000,1785153441650507000,1785153441650510000,1785153441650510000,1785153441650510000,121932490,121652369,-126.121,1.000,0.000,1.000,3.000,0.000,0.000,3.000,0,0,0
B3_zmq_pushpull,zmq_tcp,none,none,,1,5191,512,584,1785153441651538000,1785153441651538000,1785153441651538000,1785153441651539000,1785153441651615000,1785153441651620000,1785153441651620000,1785153441651620000,121932490,121652369,-204.121,0.000,0.000,1.000,5.000,0.000,0.000,78.000,0,0,0
B3_zmq_pushpull,zmq_tcp,none,none,,1,5192,512,584,1785153441652489000,1785153441652489000,1785153441652489000,1785153441652490000,1785153441652582000,1785153441652584000,1785153441652584000,1785153441652584000,121932490,121652369,-188.121,0.000,0.000,1.000,2.000,0.000,0.000,16.000,0,0,0
B3_zmq_pushpull,zmq_tcp,none,none,,1,5193,512,584,1785153441653504000,1785153441653504000,1785153441653504000,1785153441653505000,1785153441653565000,1785153441653568000,1785153441653568000,1785153441653568000,121932490,121652369,-220.121,0.000,0.000,1.000,3.000,0.000,0.000,32.000,0,0,0
B3_zmq_pushpull,zmq_tcp,none,none,,1,5194,512,584,1785153441654501000,1785153441654501000,1785153441654501000,1785153441654502000,1785153441654695000,1785153441654698000,1785153441654698000,1785153441654698000,121932490,121652369,-87.121,0.000,0.000,1.000,3.000,0.000,0.000,133.000,0,0,0
B3_zmq_pushpull,zmq_tcp,none,none,,1,5195,512,584,1785153441655503000,1785153441655503000,1785153441655503000,1785153441655504000,1785153441655680000,1785153441655683000,1785153441655683000,1785153441655683000,121932490,121652369,-104.121,0.000,0.000,1.000,3.000,0.000,0.000,17.000,0,0,0
B3_zmq_pushpull,zmq_tcp,none,none,,1,5196,512,584,1785153441656500000,1785153441656500000,1785153441656500000,1785153441656501000,1785153441656644000,1785153441656647000,1785153441656647000,1785153441656647000,121932490,121652369,-137.121,0.000,0.000,1.000,3.000,0.000,0.000,33.000,0,0,0
B3_zmq_pushpull,zmq_tcp,none,none,,1,5197,512,584,1785153441657501000,1785153441657501000,1785153441657501000,1785153441657502000,1785153441657638000,1785153441657641000,1785153441657641000,1785153441657641000,121932490,121652369,-144.121,0.000,0.000,1.000,3.000,0.000,0.000,7.000,0,0,0
B3_zmq_pushpull,zmq_tcp,none,none,,1,5198,512,584,1785153441658501000,1785153441658501000,1785153441658501000,1785153441658502000,1785153441658626000,1785153441658628000,1785153441658628000,1785153441658628000,121932490,121652369,-156.121,0.000,0.000,1.000,2.000,0.000,0.000,12.000,0,0,0
B3_zmq_pushpull,zmq_tcp,none,none,,1,5199,512,584,1785153441659504000,1785153441659504000,1785153441659504000,1785153441659505000,1785153441659607000,1785153441659610000,1785153441659610000,1785153441659610000,121932490,121652369,-178.121,0.000,0.000,1.000,3.000,0.000,0.000,22.000,0,0,0
B3_zmq_pushpull,zmq_tcp,none,none,,1,5200,512,584,1785153441660501000,1785153441660502000,1785153441660502000,1785153441660503000,1785153441660593000,1785153441660596000,1785153441660596000,1785153441660596000,121932490,121652369,-190.121,1.000,0.000,1.000,3.000,0.000,0.000,12.000,0,0,0
B3_zmq_pushpull,zmq_tcp,none,none,,1,5201,512,584,1785153441661503000,1785153441661503000,1785153441661503000,1785153441661504000,1785153441661578000,1785153441661581000,1785153441661581000,1785153441661581000,121932490,121652369,-206.121,0.000,0.000,1.000,3.000,0.000,0.000,16.000,0,0,0
B3_zmq_pushpull,zmq_tcp,none,none,,1,5202,512,584,1785153441662501000,1785153441662501000,1785153441662501000,1785153441662502000,1785153441662568000,1785153441662572000,1785153441662572000,1785153441662572000,121932490,121652369,-214.121,0.000,0.000,1.000,4.000,0.000,0.000,8.000,0,0,0
B3_zmq_pushpull,zmq_tcp,none,none,,1,5203,512,584,1785153441663503000,1785153441663503000,1785153441663503000,1785153441663504000,1785153441663680000,1785153441663683000,1785153441663683000,1785153441663683000,121932490,121652369,-104.121,0.000,0.000,1.000,3.000,0.000,0.000,110.000,0,0,0
B3_zmq_pushpull,zmq_tcp,none,none,,1,5204,512,584,1785153441664501000,1785153441664509000,1785153441664509000,1785153441664510000,1785153441664657000,1785153441664661000,1785153441664661000,1785153441664661000,121932490,121652369,-133.121,8.000,0.000,1.000,4.000,0.000,0.000,29.000,0,0,0
B3_zmq_pushpull,zmq_tcp,none,none,,1,5205,512,584,1785153441665499000,1785153441665500000,1785153441665500000,1785153441665501000,1785153441665637000,1785153441665639000,1785153441665639000,1785153441665639000,121932490,121652369,-144.121,1.000,0.000,1.000,2.000,0.000,0.000,11.000,0,0,0
B3_zmq_pushpull,zmq_tcp,none,none,,1,5206,512,584,1785153441666502000,1785153441666502000,1785153441666502000,1785153441666503000,1785153441666627000,1785153441666630000,1785153441666630000,1785153441666630000,121932490,121652369,-156.121,0.000,0.000,1.000,3.000,0.000,0.000,12.000,0,0,0
B3_zmq_pushpull,zmq_tcp,none,none,,1,5207,512,584,1785153441667506000,1785153441667506000,1785153441667506000,1785153441667507000,1785153441667607000,1785153441667610000,1785153441667610000,1785153441667610000,121932490,121652369,-180.121,0.000,0.000,1.000,3.000,0.000,0.000,24.000,0,0,0
B3_zmq_pushpull,zmq_tcp,none,none,,1,5208,512,584,1785153441668497000,1785153441668497000,1785153441668497000,1785153441668498000,1785153441668590000,1785153441668592000,1785153441668592000,1785153441668593000,121932490,121652369,-188.121,0.000,0.000,1.000,2.000,0.000,1.000,8.000,0,0,0
B3_zmq_pushpull,zmq_tcp,none,none,,1,5209,512,584,1785153441669504000,1785153441669505000,1785153441669505000,1785153441669506000,1785153441669566000,1785153441669569000,1785153441669569000,1785153441669569000,121932490,121652369,-220.121,1.000,0.000,1.000,3.000,0.000,0.000,32.000,0,0,0
B3_zmq_pushpull,zmq_tcp,none,none,,1,5210,512,584,1785153441670417000,1785153441670417000,1785153441670417000,1785153441670418000,1785153441670574000,1785153441670577000,1785153441670577000,1785153441670577000,121932490,121652369,-124.121,0.000,0.000,1.000,3.000,0.000,0.000,96.000,0,0,0
B3_zmq_pushpull,zmq_tcp,none,none,,1,5211,512,584,1785153441671523000,1785153441671523000,1785153441671523000,1785153441671524000,1785153441671682000,1785153441671685000,1785153441671685000,1785153441671685000,121932490,121652369,-122.121,0.000,0.000,1.000,3.000,0.000,0.000,2.000,0,0,0
B3_zmq_pushpull,zmq_tcp,none,none,,1,5212,512,584,1785153441672495000,1785153441672496000,1785153441672496000,1785153441672497000,1785153441672539000,1785153441672542000,1785153441672542000,1785153441672542000,121932490,121652369,-238.121,1.000,0.000,1.000,3.000,0.000,0.000,116.000,0,0,0
B3_zmq_pushpull,zmq_tcp,none,none,,1,5213,512,584,1785153441673502000,1785153441673502000,1785153441673502000,1785153441673503000,1785153441673657000,1785153441673659000,1785153441673659000,1785153441673659000,121932490,121652369,-126.121,0.000,0.000,1.000,2.000,0.000,0.000,112.000,0,0,0
B3_zmq_pushpull,zmq_tcp,none,none,,1,5214,512,584,1785153441674501000,1785153441674501000,1785153441674501000,1785153441674502000,1785153441674633000,1785153441674636000,1785153441674636000,1785153441674636000,121932490,121652369,-149.121,0.000,0.000,1.000,3.000,0.000,0.000,23.000,0,0,0
B3_zmq_pushpull,zmq_tcp,none,none,,1,5215,512,584,1785153441675340000,1785153441675340000,1785153441675340000,1785153441675341000,1785153441675497000,1785153441675499000,1785153441675499000,1785153441675499000,121932490,121652369,-124.121,0.000,0.000,1.000,2.000,0.000,0.000,25.000,0,0,0
B3_zmq_pushpull,zmq_tcp,none,none,,1,5216,512,584,1785153441676538000,1785153441676538000,1785153441676538000,1785153441676539000,1785153441676615000,1785153441676618000,1785153441676618000,1785153441676618000,121932490,121652369,-204.121,0.000,0.000,1.000,3.000,0.000,0.000,80.000,0,0,0
B3_zmq_pushpull,zmq_tcp,none,none,,1,5217,512,584,1785153441677494000,1785153441677494000,1785153441677494000,1785153441677495000,1785153441677587000,1785153441677590000,1785153441677590000,1785153441677590000,121932490,121652369,-188.121,0.000,0.000,1.000,3.000,0.000,0.000,16.000,0,0,0
B3_zmq_pushpull,zmq_tcp,none,none,,1,5218,512,584,1785153441678504000,1785153441678504000,1785153441678504000,1785153441678505000,1785153441678573000,1785153441678576000,1785153441678576000,1785153441678576000,121932490,121652369,-212.121,0.000,0.000,1.000,3.000,0.000,0.000,24.000,0,0,0
B3_zmq_pushpull,zmq_tcp,none,none,,1,5219,512,584,1785153441679498000,1785153441679498000,1785153441679498000,1785153441679499000,1785153441679546000,1785153441679550000,1785153441679550000,1785153441679550000,121932490,121652369,-233.121,0.000,0.000,1.000,4.000,0.000,0.000,21.000,0,0,0
B3_zmq_pushpull,zmq_tcp,none,none,,1,5220,512,584,1785153441680502000,1785153441680502000,1785153441680502000,1785153441680503000,1785153441680549000,1785153441680552000,1785153441680552000,1785153441680552000,121932490,121652369,-234.121,0.000,0.000,1.000,3.000,0.000,0.000,1.000,0,0,0
B3_zmq_pushpull,zmq_tcp,none,none,,1,5221,512,584,1785153441681381000,1785153441681381000,1785153441681381000,1785153441681382000,1785153441681538000,1785153441681541000,1785153441681541000,1785153441681541000,121932490,121652369,-124.121,0.000,0.000,1.000,3.000,0.000,0.000,110.000,0,0,0
B3_zmq_pushpull,zmq_tcp,none,none,,1,5222,512,584,1785153441682379000,1785153441682379000,1785153441682379000,1785153441682380000,1785153441682539000,1785153441682542000,1785153441682542000,1785153441682542000,121932490,121652369,-121.121,0.000,0.000,1.000,3.000,0.000,0.000,3.000,0,0,0
B3_zmq_pushpull,zmq_tcp,none,none,,1,5223,512,584,1785153441683534000,1785153441683534000,1785153441683534000,1785153441683535000,1785153441683674000,1785153441683677000,1785153441683677000,1785153441683677000,121932490,121652369,-141.121,0.000,0.000,1.000,3.000,0.000,0.000,20.000,0,0,0
B3_zmq_pushpull,zmq_tcp,none,none,,1,5224,512,584,1785153441684495000,1785153441684495000,1785153441684495000,1785153441684496000,1785153441684651000,1785153441684654000,1785153441684654000,1785153441684654000,121932490,121652369,-125.121,0.000,0.000,1.000,3.000,0.000,0.000,16.000,0,0,0
B3_zmq_pushpull,zmq_tcp,none,none,,1,5225,512,584,1785153441685503000,1785153441685503000,1785153441685503000,1785153441685504000,1785153441685641000,1785153441685644000,1785153441685644000,1785153441685644000,121932490,121652369,-143.121,0.000,0.000,1.000,3.000,0.000,0.000,18.000,0,0,0
B3_zmq_pushpull,zmq_tcp,none,none,,1,5226,512,584,1785153441686498000,1785153441686498000,1785153441686498000,1785153441686499000,1785153441686626000,1785153441686629000,1785153441686629000,1785153441686629000,121932490,121652369,-153.121,0.000,0.000,1.000,3.000,0.000,0.000,10.000,0,0,0
B3_zmq_pushpull,zmq_tcp,none,none,,1,5227,512,584,1785153441687502000,1785153441687502000,1785153441687502000,1785153441687503000,1785153441687594000,1785153441687597000,1785153441687597000,1785153441687597000,121932490,121652369,-189.121,0.000,0.000,1.000,3.000,0.000,0.000,36.000,0,0,0
B3_zmq_pushpull,zmq_tcp,none,none,,1,5228,512,584,1785153441688508000,1785153441688508000,1785153441688508000,1785153441688509000,1785153441688571000,1785153441688573000,1785153441688573000,1785153441688573000,121932490,121652369,-218.121,0.000,0.000,1.000,2.000,0.000,0.000,29.000,0,0,0
B3_zmq_pushpull,zmq_tcp,none,none,,1,5229,512,584,1785153441689499000,1785153441689499000,1785153441689499000,1785153441689500000,1785153441689575000,1785153441689577000,1785153441689577000,1785153441689577000,121932490,121652369,-205.121,0.000,0.000,1.000,2.000,0.000,0.000,13.000,0,0,0
B3_zmq_pushpull,zmq_tcp,none,none,,1,5230,512,584,1785153441690501000,1785153441690501000,1785153441690501000,1785153441690502000,1785153441690690000,1785153441690693000,1785153441690693000,1785153441690693000,121932490,121652369,-92.121,0.000,0.000,1.000,3.000,0.000,0.000,113.000,0,0,0
B3_zmq_pushpull,zmq_tcp,none,none,,1,5231,512,584,1785153441691501000,1785153441691501000,1785153441691501000,1785153441691502000,1785153441691559000,1785153441691562000,1785153441691562000,1785153441691562000,121932490,121652369,-223.121,0.000,0.000,1.000,3.000,0.000,0.000,131.000,0,0,0
B3_zmq_pushpull,zmq_tcp,none,none,,1,5232,512,584,1785153441692401000,1785153441692401000,1785153441692401000,1785153441692402000,1785153441692551000,1785153441692554000,1785153441692554000,1785153441692554000,121932490,121652369,-131.121,0.000,0.000,1.000,3.000,0.000,0.000,92.000,0,0,0
B3_zmq_pushpull,zmq_tcp,none,none,,1,5233,512,584,1785153441693368000,1785153441693368000,1785153441693368000,1785153441693369000,1785153441693522000,1785153441693525000,1785153441693525000,1785153441693525000,121932490,121652369,-127.121,0.000,0.000,1.000,3.000,0.000,0.000,4.000,0,0,0
B3_zmq_pushpull,zmq_tcp,none,none,,1,5234,512,584,1785153441694356000,1785153441694356000,1785153441694356000,1785153441694357000,1785153441694507000,1785153441694510000,1785153441694510000,1785153441694510000,121932490,121652369,-130.121,0.000,0.000,1.000,3.000,0.000,0.000,3.000,0,0,0
B3_zmq_pushpull,zmq_tcp,none,none,,1,5235,512,584,1785153441695354000,1785153441695354000,1785153441695354000,1785153441695355000,1785153441695502000,1785153441695505000,1785153441695505000,1785153441695505000,121932490,121652369,-133.121,0.000,0.000,1.000,3.000,0.000,0.000,3.000,0,0,0
B3_zmq_pushpull,zmq_tcp,none,none,,1,5236,512,584,1785153441696538000,1785153441696538000,1785153441696538000,1785153441696539000,1785153441696631000,1785153441696634000,1785153441696634000,1785153441696634000,121932490,121652369,-188.121,0.000,0.000,1.000,3.000,0.000,0.000,55.000,0,0,0
B3_zmq_pushpull,zmq_tcp,none,none,,1,5237,512,584,1785153441697494000,1785153441697494000,1785153441697495000,1785153441697495000,1785153441697631000,1785153441697634000,1785153441697634000,1785153441697634000,121932490,121652369,-144.121,0.000,1.000,0.000,3.000,0.000,0.000,44.000,0,0,0
B3_zmq_pushpull,zmq_tcp,none,none,,1,5238,512,584,1785153441698504000,1785153441698504000,1785153441698504000,1785153441698505000,1785153441698624000,1785153441698627000,1785153441698627000,1785153441698627000,121932490,121652369,-161.121,0.000,0.000,1.000,3.000,0.000,0.000,17.000,0,0,0
B3_zmq_pushpull,zmq_tcp,none,none,,1,5239,512,584,1785153441699502000,1785153441699502000,1785153441699502000,1785153441699503000,1785153441699614000,1785153441699617000,1785153441699617000,1785153441699617000,121932490,121652369,-169.121,0.000,0.000,1.000,3.000,0.000,0.000,8.000,0,0,0
B3_zmq_pushpull,zmq_tcp,none,none,,1,5240,512,584,1785153441700501000,1785153441700501000,1785153441700501000,1785153441700502000,1785153441700558000,1785153441700561000,1785153441700562000,1785153441700562000,121932490,121652369,-224.121,0.000,0.000,1.000,3.000,1.000,0.000,55.000,0,0,0
B3_zmq_pushpull,zmq_tcp,none,none,,1,5241,512,584,1785153441701498000,1785153441701498000,1785153441701498000,1785153441701499000,1785153441701539000,1785153441701542000,1785153441701542000,1785153441701542000,121932490,121652369,-240.121,0.000,0.000,1.000,3.000,0.000,0.000,16.000,0,0,0
B3_zmq_pushpull,zmq_tcp,none,none,,1,5242,512,584,1785153441702502000,1785153441702503000,1785153441702503000,1785153441702503000,1785153441702678000,1785153441702681000,1785153441702681000,1785153441702681000,121932490,121652369,-105.121,1.000,0.000,0.000,3.000,0.000,0.000,135.000,0,0,0
B3_zmq_pushpull,zmq_tcp,none,none,,1,5243,512,584,1785153441703368000,1785153441703369000,1785153441703369000,1785153441703370000,1785153441703514000,1785153441703517000,1785153441703517000,1785153441703517000,121932490,121652369,-136.121,1.000,0.000,1.000,3.000,0.000,0.000,31.000,0,0,0
B3_zmq_pushpull,zmq_tcp,none,none,,1,5244,512,584,1785153441704534000,1785153441704534000,1785153441704534000,1785153441704535000,1785153441704634000,1785153441704637000,1785153441704637000,1785153441704637000,121932490,121652369,-181.121,0.000,0.000,1.000,3.000,0.000,0.000,45.000,0,0,0
B3_zmq_pushpull,zmq_tcp,none,none,,1,5245,512,584,1785153441705493000,1785153441705493000,1785153441705493000,1785153441705494000,1785153441705619000,1785153441705622000,1785153441705622000,1785153441705622000,121932490,121652369,-155.121,0.000,0.000,1.000,3.000,0.000,0.000,26.000,0,0,0
B3_zmq_pushpull,zmq_tcp,none,none,,1,5246,512,584,1785153441706505000,1785153441706505000,1785153441706505000,1785153441706506000,1785153441706607000,1785153441706610000,1785153441706610000,1785153441706610000,121932490,121652369,-179.121,0.000,0.000,1.000,3.000,0.000,0.000,24.000,0,0,0
B3_zmq_pushpull,zmq_tcp,none,none,,1,5247,512,584,1785153441707501000,1785153441707501000,1785153441707501000,1785153441707502000,1785153441707597000,1785153441707599000,1785153441707599000,1785153441707599000,121932490,121652369,-185.121,0.000,0.000,1.000,2.000,0.000,0.000,6.000,0,0,0
B3_zmq_pushpull,zmq_tcp,none,none,,1,5248,512,584,1785153441708501000,1785153441708501000,1785153441708501000,1785153441708502000,1785153441708575000,1785153441708578000,1785153441708578000,1785153441708578000,121932490,121652369,-207.121,0.000,0.000,1.000,3.000,0.000,0.000,22.000,0,0,0
B3_zmq_pushpull,zmq_tcp,none,none,,1,5249,512,584,1785153441709498000,1785153441709499000,1785153441709499000,1785153441709499000,1785153441709545000,1785153441709548000,1785153441709548000,1785153441709548000,121932490,121652369,-234.121,1.000,0.000,0.000,3.000,0.000,0.000,27.000,0,0,0
B3_zmq_pushpull,zmq_tcp,none,none,,1,5250,512,584,1785153441710505000,1785153441710505000,1785153441710505000,1785153441710506000,1785153441710685000,1785153441710688000,1785153441710688000,1785153441710688000,121932490,121652369,-101.121,0.000,0.000,1.000,3.000,0.000,0.000,133.000,0,0,0
B3_zmq_pushpull,zmq_tcp,none,none,,1,5251,512,584,1785153441711501000,1785153441711501000,1785153441711501000,1785153441711502000,1785153441711671000,1785153441711674000,1785153441711674000,1785153441711674000,121932490,121652369,-111.121,0.000,0.000,1.000,3.000,0.000,0.000,10.000,0,0,0
B3_zmq_pushpull,zmq_tcp,none,none,,1,5252,512,584,1785153441712512000,1785153441712512000,1785153441712512000,1785153441712513000,1785153441712679000,1785153441712682000,1785153441712682000,1785153441712682000,121932490,121652369,-114.121,0.000,0.000,1.000,3.000,0.000,0.000,3.000,0,0,0
B3_zmq_pushpull,zmq_tcp,none,none,,1,5253,512,584,1785153441713497000,1785153441713497000,1785153441713497000,1785153441713498000,1785153441713653000,1785153441713657000,1785153441713657000,1785153441713657000,121932490,121652369,-125.121,0.000,0.000,1.000,4.000,0.000,0.000,11.000,0,0,0
B3_zmq_pushpull,zmq_tcp,none,none,,1,5254,512,584,1785153441714502000,1785153441714502000,1785153441714503000,1785153441714503000,1785153441714630000,1785153441714633000,1785153441714633000,1785153441714633000,121932490,121652369,-153.121,0.000,1.000,0.000,3.000,0.000,0.000,28.000,0,0,0
B3_zmq_pushpull,zmq_tcp,none,none,,1,5255,512,584,1785153441715502000,1785153441715502000,1785153441715502000,1785153441715503000,1785153441715609000,1785153441715612000,1785153441715612000,1785153441715612000,121932490,121652369,-174.121,0.000,0.000,1.000,3.000,0.000,0.000,21.000,0,0,0
B3_zmq_pushpull,zmq_tcp,none,none,,1,5256,512,584,1785153441716428000,1785153441716429000,1785153441716429000,1785153441716430000,1785153441716575000,1785153441716578000,1785153441716578000,1785153441716578000,121932490,121652369,-135.121,1.000,0.000,1.000,3.000,0.000,0.000,39.000,0,0,0
B3_zmq_pushpull,zmq_tcp,none,none,,1,5257,512,584,1785153441717518000,1785153441717519000,1785153441717519000,1785153441717520000,1785153441717703000,1785153441717706000,1785153441717706000,1785153441717706000,121932490,121652369,-97.121,1.000,0.000,1.000,3.000,0.000,0.000,38.000,0,0,0
B3_zmq_pushpull,zmq_tcp,none,none,,1,5258,512,584,1785153441718500000,1785153441718500000,1785153441718500000,1785153441718501000,1785153441718554000,1785153441718557000,1785153441718557000,1785153441718557000,121932490,121652369,-227.121,0.000,0.000,1.000,3.000,0.000,0.000,130.000,0,0,0
B3_zmq_pushpull,zmq_tcp,none,none,,1,5259,512,584,1785153441719503000,1785153441719503000,1785153441719503000,1785153441719504000,1785153441719694000,1785153441719697000,1785153441719697000,1785153441719697000,121932490,121652369,-90.121,0.000,0.000,1.000,3.000,0.000,0.000,137.000,0,0,0
B3_zmq_pushpull,zmq_tcp,none,none,,1,5260,512,584,1785153441720392000,1785153441720392000,1785153441720392000,1785153441720393000,1785153441720542000,1785153441720545000,1785153441720545000,1785153441720545000,121932490,121652369,-131.121,0.000,0.000,1.000,3.000,0.000,0.000,41.000,0,0,0
B3_zmq_pushpull,zmq_tcp,none,none,,1,5261,512,584,1785153441721360000,1785153441721360000,1785153441721360000,1785153441721361000,1785153441721513000,1785153441721515000,1785153441721515000,1785153441721515000,121932490,121652369,-128.121,0.000,0.000,1.000,2.000,0.000,0.000,3.000,0,0,0
B3_zmq_pushpull,zmq_tcp,none,none,,1,5262,512,584,1785153441722339000,1785153441722339000,1785153441722339000,1785153441722340000,1785153441722493000,1785153441722495000,1785153441722495000,1785153441722495000,121932490,121652369,-127.121,0.000,0.000,1.000,2.000,0.000,0.000,1.000,0,0,0
B3_zmq_pushpull,zmq_tcp,none,none,,1,5263,512,584,1785153441723543000,1785153441723543000,1785153441723543000,1785153441723544000,1785153441723635000,1785153441723639000,1785153441723639000,1785153441723639000,121932490,121652369,-189.121,0.000,0.000,1.000,4.000,0.000,0.000,62.000,0,0,0
B3_zmq_pushpull,zmq_tcp,none,none,,1,5264,512,584,1785153441724489000,1785153441724489000,1785153441724489000,1785153441724490000,1785153441724634000,1785153441724637000,1785153441724637000,1785153441724637000,121932490,121652369,-136.121,0.000,0.000,1.000,3.000,0.000,0.000,53.000,0,0,0
B3_zmq_pushpull,zmq_tcp,none,none,,1,5265,512,584,1785153441725504000,1785153441725504000,1785153441725504000,1785153441725505000,1785153441725630000,1785153441725633000,1785153441725633000,1785153441725633000,121932490,121652369,-155.121,0.000,0.000,1.000,3.000,0.000,0.000,19.000,0,0,0
B3_zmq_pushpull,zmq_tcp,none,none,,1,5266,512,584,1785153441726501000,1785153441726501000,1785153441726501000,1785153441726502000,1785153441726616000,1785153441726618000,1785153441726618000,1785153441726618000,121932490,121652369,-166.121,0.000,0.000,1.000,2.000,0.000,0.000,11.000,0,0,0
B3_zmq_pushpull,zmq_tcp,none,none,,1,5267,512,584,1785153441727501000,1785153441727501000,1785153441727501000,1785153441727502000,1785153441727602000,1785153441727605000,1785153441727605000,1785153441727605000,121932490,121652369,-180.121,0.000,0.000,1.000,3.000,0.000,0.000,14.000,0,0,0
B3_zmq_pushpull,zmq_tcp,none,none,,1,5268,512,584,1785153441728500000,1785153441728500000,1785153441728500000,1785153441728501000,1785153441728578000,1785153441728581000,1785153441728581000,1785153441728581000,121932490,121652369,-203.121,0.000,0.000,1.000,3.000,0.000,0.000,23.000,0,0,0
B3_zmq_pushpull,zmq_tcp,none,none,,1,5269,512,584,1785153441729502000,1785153441729503000,1785153441729503000,1785153441729504000,1785153441729568000,1785153441729570000,1785153441729570000,1785153441729570000,121932490,121652369,-216.121,1.000,0.000,1.000,2.000,0.000,0.000,13.000,0,0,0
B3_zmq_pushpull,zmq_tcp,none,none,,1,5270,512,584,1785153441730502000,1785153441730502000,1785153441730502000,1785153441730503000,1785153441730694000,1785153441730697000,1785153441730697000,1785153441730697000,121932490,121652369,-89.121,0.000,0.000,1.000,3.000,0.000,0.000,127.000,0,0,0
B3_zmq_pushpull,zmq_tcp,none,none,,1,5271,512,584,1785153441731499000,1785153441731499000,1785153441731499000,1785153441731500000,1785153441731654000,1785153441731657000,1785153441731657000,1785153441731657000,121932490,121652369,-126.121,0.000,0.000,1.000,3.000,0.000,0.000,37.000,0,0,0
B3_zmq_pushpull,zmq_tcp,none,none,,1,5272,512,584,1785153441732503000,1785153441732503000,1785153441732503000,1785153441732504000,1785153441732642000,1785153441732645000,1785153441732645000,1785153441732645000,121932490,121652369,-142.121,0.000,0.000,1.000,3.000,0.000,0.000,16.000,0,0,0
B3_zmq_pushpull,zmq_tcp,none,none,,1,5273,512,584,1785153441733343000,1785153441733343000,1785153441733343000,1785153441733344000,1785153441733498000,1785153441733501000,1785153441733501000,1785153441733501000,121932490,121652369,-126.121,0.000,0.000,1.000,3.000,0.000,0.000,16.000,0,0,0
B3_zmq_pushpull,zmq_tcp,none,none,,1,5274,512,584,1785153441734542000,1785153441734542000,1785153441734542000,1785153441734543000,1785153441734622000,1785153441734625000,1785153441734625000,1785153441734625000,121932490,121652369,-201.121,0.000,0.000,1.000,3.000,0.000,0.000,75.000,0,0,0
B3_zmq_pushpull,zmq_tcp,none,none,,1,5275,512,584,1785153441735318000,1785153441735318000,1785153441735318000,1785153441735319000,1785153441735469000,1785153441735472000,1785153441735472000,1785153441735472000,121932490,121652369,-130.121,0.000,0.000,1.000,3.000,0.000,0.000,71.000,0,0,0
B3_zmq_pushpull,zmq_tcp,none,none,,1,5276,512,584,1785153441736309000,1785153441736309000,1785153441736309000,1785153441736310000,1785153441736452000,1785153441736454000,1785153441736454000,1785153441736454000,121932490,121652369,-138.121,0.000,0.000,1.000,2.000,0.000,0.000,8.000,0,0,0
B3_zmq_pushpull,zmq_tcp,none,none,,1,5277,512,584,1785153441737550000,1785153441737550000,1785153441737550000,1785153441737551000,1785153441737736000,1785153441737738000,1785153441737738000,1785153441737738000,121932490,121652369,-95.121,0.000,0.000,1.000,2.000,0.000,0.000,43.000,0,0,0
B3_zmq_pushpull,zmq_tcp,none,none,,1,5278,512,584,1785153441738489000,1785153441738489000,1785153441738489000,1785153441738490000,1785153441738564000,1785153441738567000,1785153441738567000,1785153441738567000,121932490,121652369,-206.121,0.000,0.000,1.000,3.000,0.000,0.000,111.000,0,0,0
B3_zmq_pushpull,zmq_tcp,none,none,,1,5279,512,584,1785153441739508000,1785153441739508000,1785153441739508000,1785153441739509000,1785153441739690000,1785153441739693000,1785153441739693000,1785153441739693000,121932490,121652369,-99.121,0.000,0.000,1.000,3.000,0.000,0.000,107.000,0,0,0
B3_zmq_pushpull,zmq_tcp,none,none,,1,5280,512,584,1785153441740502000,1785153441740502000,1785153441740502000,1785153441740503000,1785153441740688000,1785153441740690000,1785153441740690000,1785153441740690000,121932490,121652369,-95.121,0.000,0.000,1.000,2.000,0.000,0.000,4.000,0,0,0
B3_zmq_pushpull,zmq_tcp,none,none,,1,5281,512,584,1785153441741502000,1785153441741502000,1785153441741502000,1785153441741503000,1785153441741685000,1785153441741688000,1785153441741688000,1785153441741688000,121932490,121652369,-98.121,0.000,0.000,1.000,3.000,0.000,0.000,3.000,0,0,0
B3_zmq_pushpull,zmq_tcp,none,none,,1,5282,512,584,1785153441742499000,1785153441742499000,1785153441742499000,1785153441742500000,1785153441742545000,1785153441742548000,1785153441742548000,1785153441742548000,121932490,121652369,-235.121,0.000,0.000,1.000,3.000,0.000,0.000,137.000,0,0,0
B3_zmq_pushpull,zmq_tcp,none,none,,1,5283,512,584,1785153441743383000,1785153441743383000,1785153441743383000,1785153441743384000,1785153441743536000,1785153441743538000,1785153441743538000,1785153441743538000,121932490,121652369,-128.121,0.000,0.000,1.000,2.000,0.000,0.000,107.000,0,0,0
B3_zmq_pushpull,zmq_tcp,none,none,,1,5284,512,584,1785153441744382000,1785153441744382000,1785153441744382000,1785153441744383000,1785153441744541000,1785153441744544000,1785153441744544000,1785153441744544000,121932490,121652369,-122.121,0.000,0.000,1.000,3.000,0.000,0.000,6.000,0,0,0
B3_zmq_pushpull,zmq_tcp,none,none,,1,5285,512,584,1785153441745370000,1785153441745370000,1785153441745370000,1785153441745371000,1785153441745529000,1785153441745532000,1785153441745532000,1785153441745532000,121932490,121652369,-122.121,0.000,0.000,1.000,3.000,0.000,0.000,0.000,0,0,0
B3_zmq_pushpull,zmq_tcp,none,none,,1,5286,512,584,1785153441746536000,1785153441746536000,1785153441746536000,1785153441746537000,1785153441746672000,1785153441746674000,1785153441746674000,1785153441746674000,121932490,121652369,-145.121,0.000,0.000,1.000,2.000,0.000,0.000,23.000,0,0,0
B3_zmq_pushpull,zmq_tcp,none,none,,1,5287,512,584,1785153441747494000,1785153441747494000,1785153441747494000,1785153441747495000,1785153441747640000,1785153441747642000,1785153441747642000,1785153441747642000,121932490,121652369,-135.121,0.000,0.000,1.000,2.000,0.000,0.000,10.000,0,0,0
B3_zmq_pushpull,zmq_tcp,none,none,,1,5288,512,584,1785153441748504000,1785153441748504000,1785153441748505000,1785153441748506000,1785153441748637000,1785153441748640000,1785153441748640000,1785153441748640000,121932490,121652369,-149.121,0.000,1.000,1.000,3.000,0.000,0.000,14.000,0,0,0
B3_zmq_pushpull,zmq_tcp,none,none,,1,5289,512,584,1785153441749500000,1785153441749500000,1785153441749500000,1785153441749501000,1785153441749632000,1785153441749634000,1785153441749634000,1785153441749634000,121932490,121652369,-149.121,0.000,0.000,1.000,2.000,0.000,0.000,0.000,0,0,0
B3_zmq_pushpull,zmq_tcp,none,none,,1,5290,512,584,1785153441750505000,1785153441750506000,1785153441750506000,1785153441750507000,1785153441750625000,1785153441750628000,1785153441750628000,1785153441750628000,121932490,121652369,-162.121,1.000,0.000,1.000,3.000,0.000,0.000,13.000,0,0,0
B3_zmq_pushpull,zmq_tcp,none,none,,1,5291,512,584,1785153441751505000,1785153441751505000,1785153441751505000,1785153441751506000,1785153441751634000,1785153441751637000,1785153441751637000,1785153441751637000,121932490,121652369,-152.121,0.000,0.000,1.000,3.000,0.000,0.000,10.000,0,0,0
B3_zmq_pushpull,zmq_tcp,none,none,,1,5292,512,584,1785153441752505000,1785153441752505000,1785153441752505000,1785153441752506000,1785153441752637000,1785153441752640000,1785153441752640000,1785153441752640000,121932490,121652369,-149.121,0.000,0.000,1.000,3.000,0.000,0.000,3.000,0,0,0
B3_zmq_pushpull,zmq_tcp,none,none,,1,5293,512,584,1785153441753501000,1785153441753501000,1785153441753501000,1785153441753502000,1785153441753655000,1785153441753658000,1785153441753658000,1785153441753658000,121932490,121652369,-127.121,0.000,0.000,1.000,3.000,0.000,0.000,22.000,0,0,0
B3_zmq_pushpull,zmq_tcp,none,none,,1,5294,512,584,1785153441754503000,1785153441754503000,1785153441754503000,1785153441754504000,1785153441754657000,1785153441754660000,1785153441754660000,1785153441754660000,121932490,121652369,-127.121,0.000,0.000,1.000,3.000,0.000,0.000,0.000,0,0,0
B3_zmq_pushpull,zmq_tcp,none,none,,1,5295,512,584,1785153441755503000,1785153441755503000,1785153441755503000,1785153441755504000,1785153441755658000,1785153441755661000,1785153441755661000,1785153441755661000,121932490,121652369,-126.121,0.000,0.000,1.000,3.000,0.000,0.000,1.000,0,0,0
B3_zmq_pushpull,zmq_tcp,none,none,,1,5296,512,584,1785153441756502000,1785153441756502000,1785153441756502000,1785153441756503000,1785153441756647000,1785153441756655000,1785153441756655000,1785153441756655000,121932490,121652369,-136.121,0.000,0.000,1.000,8.000,0.000,0.000,10.000,0,0,0
B3_zmq_pushpull,zmq_tcp,none,none,,1,5297,512,584,1785153441757503000,1785153441757503000,1785153441757503000,1785153441757504000,1785153441757666000,1785153441757670000,1785153441757670000,1785153441757670000,121932490,121652369,-118.121,0.000,0.000,1.000,4.000,0.000,0.000,18.000,0,0,0
B3_zmq_pushpull,zmq_tcp,none,none,,1,5298,512,584,1785153441758504000,1785153441758504000,1785153441758504000,1785153441758505000,1785153441758693000,1785153441758701000,1785153441758701000,1785153441758701000,121932490,121652369,-92.121,0.000,0.000,1.000,8.000,0.000,0.000,26.000,0,0,0
B3_zmq_pushpull,zmq_tcp,none,none,,1,5299,512,584,1785153441759503000,1785153441759503000,1785153441759503000,1785153441759504000,1785153441759558000,1785153441759561000,1785153441759561000,1785153441759561000,121932490,121652369,-226.121,0.000,0.000,1.000,3.000,0.000,0.000,134.000,0,0,0
B3_zmq_pushpull,zmq_tcp,none,none,,1,5300,512,584,1785153441760504000,1785153441760504000,1785153441760505000,1785153441760506000,1785153441760573000,1785153441760576000,1785153441760576000,1785153441760576000,121932490,121652369,-213.121,0.000,1.000,1.000,3.000,0.000,0.000,13.000,0,0,0
B3_zmq_pushpull,zmq_tcp,none,none,,1,5301,512,584,1785153441761505000,1785153441761506000,1785153441761506000,1785153441761507000,1785153441761585000,1785153441761588000,1785153441761588000,1785153441761588000,121932490,121652369,-202.121,1.000,0.000,1.000,3.000,0.000,0.000,11.000,0,0,0
B3_zmq_pushpull,zmq_tcp,none,none,,1,5302,512,584,1785153441762503000,1785153441762503000,1785153441762503000,1785153441762504000,1785153441762571000,1785153441762574000,1785153441762574000,1785153441762574000,121932490,121652369,-213.121,0.000,0.000,1.000,3.000,0.000,0.000,11.000,0,0,0
B3_zmq_pushpull,zmq_tcp,none,none,,1,5303,512,584,1785153441763502000,1785153441763502000,1785153441763502000,1785153441763503000,1785153441763560000,1785153441763562000,1785153441763562000,1785153441763562000,121932490,121652369,-223.121,0.000,0.000,1.000,2.000,0.000,0.000,10.000,0,0,0
B3_zmq_pushpull,zmq_tcp,none,none,,1,5304,512,584,1785153441764503000,1785153441764503000,1785153441764503000,1785153441764504000,1785153441764562000,1785153441764565000,1785153441764565000,1785153441764565000,121932490,121652369,-222.121,0.000,0.000,1.000,3.000,0.000,0.000,1.000,0,0,0
B3_zmq_pushpull,zmq_tcp,none,none,,1,5305,512,584,1785153441765503000,1785153441765503000,1785153441765503000,1785153441765504000,1785153441765566000,1785153441765569000,1785153441765569000,1785153441765569000,121932490,121652369,-218.121,0.000,0.000,1.000,3.000,0.000,0.000,4.000,0,0,0
B3_zmq_pushpull,zmq_tcp,none,none,,1,5306,512,584,1785153441766505000,1785153441766506000,1785153441766506000,1785153441766507000,1785153441766573000,1785153441766575000,1785153441766575000,1785153441766575000,121932490,121652369,-214.121,1.000,0.000,1.000,2.000,0.000,0.000,4.000,0,0,0
B3_zmq_pushpull,zmq_tcp,none,none,,1,5307,512,584,1785153441767501000,1785153441767502000,1785153441767502000,1785153441767503000,1785153441767568000,1785153441767570000,1785153441767570000,1785153441767570000,121932490,121652369,-215.121,1.000,0.000,1.000,2.000,0.000,0.000,1.000,0,0,0
B3_zmq_pushpull,zmq_tcp,none,none,,1,5308,512,584,1785153441768307000,1785153441768307000,1785153441768307000,1785153441768308000,1785153441768454000,1785153441768457000,1785153441768457000,1785153441768457000,121932490,121652369,-134.121,0.000,0.000,1.000,3.000,0.000,0.000,81.000,0,0,0
B3_zmq_pushpull,zmq_tcp,none,none,,1,5309,512,584,1785153441769552000,1785153441769552000,1785153441769553000,1785153441769553000,1785153441769608000,1785153441769611000,1785153441769611000,1785153441769611000,121932490,121652369,-225.121,0.000,1.000,0.000,3.000,0.000,0.000,91.000,0,0,0
B3_zmq_pushpull,zmq_tcp,none,none,,1,5310,512,584,1785153441770488000,1785153441770488000,1785153441770488000,1785153441770489000,1785153441770590000,1785153441770593000,1785153441770593000,1785153441770593000,121932490,121652369,-179.121,0.000,0.000,1.000,3.000,0.000,0.000,46.000,0,0,0
B3_zmq_pushpull,zmq_tcp,none,none,,1,5311,512,584,1785153441771506000,1785153441771506000,1785153441771506000,1785153441771507000,1785153441771557000,1785153441771560000,1785153441771560000,1785153441771560000,121932490,121652369,-230.121,0.000,0.000,1.000,3.000,0.000,0.000,51.000,0,0,0
B3_zmq_pushpull,zmq_tcp,none,none,,1,5312,512,584,1785153441772502000,1785153441772503000,1785153441772503000,1785153441772504000,1785153441772678000,1785153441772681000,1785153441772681000,1785153441772681000,121932490,121652369,-106.121,1.000,0.000,1.000,3.000,0.000,0.000,124.000,0,0,0
B3_zmq_pushpull,zmq_tcp,none,none,,1,5313,512,584,1785153441773502000,1785153441773502000,1785153441773502000,1785153441773503000,1785153441773660000,1785153441773662000,1785153441773662000,1785153441773662000,121932490,121652369,-123.121,0.000,0.000,1.000,2.000,0.000,0.000,17.000,0,0,0
B3_zmq_pushpull,zmq_tcp,none,none,,1,5314,512,584,1785153441774504000,1785153441774504000,1785153441774504000,1785153441774505000,1785153441774642000,1785153441774645000,1785153441774645000,1785153441774645000,121932490,121652369,-143.121,0.000,0.000,1.000,3.000,0.000,0.000,20.000,0,0,0
B3_zmq_pushpull,zmq_tcp,none,none,,1,5315,512,584,1785153441775501000,1785153441775502000,1785153441775502000,1785153441775503000,1785153441775620000,1785153441775622000,1785153441775622000,1785153441775622000,121932490,121652369,-163.121,1.000,0.000,1.000,2.000,0.000,0.000,20.000,0,0,0
B3_zmq_pushpull,zmq_tcp,none,none,,1,5316,512,584,1785153441776502000,1785153441776502000,1785153441776502000,1785153441776503000,1785153441776620000,1785153441776623000,1785153441776623000,1785153441776623000,121932490,121652369,-163.121,0.000,0.000,1.000,3.000,0.000,0.000,0.000,0,0,0
B3_zmq_pushpull,zmq_tcp,none,none,,1,5317,512,584,1785153441777501000,1785153441777502000,1785153441777502000,1785153441777503000,1785153441777610000,1785153441777614000,1785153441777614000,1785153441777614000,121932490,121652369,-173.121,1.000,0.000,1.000,4.000,0.000,0.000,10.000,0,0,0
B3_zmq_pushpull,zmq_tcp,none,none,,1,5318,512,584,1785153441778503000,1785153441778503000,1785153441778503000,1785153441778504000,1785153441778625000,1785153441778627000,1785153441778627000,1785153441778627000,121932490,121652369,-159.121,0.000,0.000,1.000,2.000,0.000,0.000,14.000,0,0,0
B3_zmq_pushpull,zmq_tcp,none,none,,1,5319,512,584,1785153441779502000,1785153441779503000,1785153441779503000,1785153441779504000,1785153441779623000,1785153441779626000,1785153441779626000,1785153441779626000,121932490,121652369,-161.121,1.000,0.000,1.000,3.000,0.000,0.000,2.000,0,0,0
B3_zmq_pushpull,zmq_tcp,none,none,,1,5320,512,584,1785153441780504000,1785153441780504000,1785153441780504000,1785153441780505000,1785153441780642000,1785153441780645000,1785153441780645000,1785153441780645000,121932490,121652369,-143.121,0.000,0.000,1.000,3.000,0.000,0.000,18.000,0,0,0
B3_zmq_pushpull,zmq_tcp,none,none,,1,5321,512,584,1785153441781501000,1785153441781501000,1785153441781501000,1785153441781502000,1785153441781638000,1785153441781641000,1785153441781641000,1785153441781641000,121932490,121652369,-144.121,0.000,0.000,1.000,3.000,0.000,0.000,1.000,0,0,0
B3_zmq_pushpull,zmq_tcp,none,none,,1,5322,512,584,1785153441782503000,1785153441782503000,1785153441782503000,1785153441782504000,1785153441782642000,1785153441782645000,1785153441782645000,1785153441782645000,121932490,121652369,-142.121,0.000,0.000,1.000,3.000,0.000,0.000,2.000,0,0,0
B3_zmq_pushpull,zmq_tcp,none,none,,1,5323,512,584,1785153441783503000,1785153441783503000,1785153441783503000,1785153441783504000,1785153441783628000,1785153441783630000,1785153441783630000,1785153441783630000,121932490,121652369,-156.121,0.000,0.000,1.000,2.000,0.000,0.000,14.000,0,0,0
B3_zmq_pushpull,zmq_tcp,none,none,,1,5324,512,584,1785153441784502000,1785153441784502000,1785153441784502000,1785153441784503000,1785153441784627000,1785153441784630000,1785153441784630000,1785153441784630000,121932490,121652369,-156.121,0.000,0.000,1.000,3.000,0.000,0.000,0.000,0,0,0
B3_zmq_pushpull,zmq_tcp,none,none,,1,5325,512,584,1785153441785500000,1785153441785500000,1785153441785500000,1785153441785501000,1785153441785625000,1785153441785629000,1785153441785629000,1785153441785629000,121932490,121652369,-156.121,0.000,0.000,1.000,4.000,0.000,0.000,0.000,0,0,0
B3_zmq_pushpull,zmq_tcp,none,none,,1,5326,512,584,1785153441786504000,1785153441786504000,1785153441786504000,1785153441786505000,1785153441786637000,1785153441786640000,1785153441786640000,1785153441786640000,121932490,121652369,-148.121,0.000,0.000,1.000,3.000,0.000,0.000,8.000,0,0,0
B3_zmq_pushpull,zmq_tcp,none,none,,1,5327,512,584,1785153441787504000,1785153441787505000,1785153441787505000,1785153441787506000,1785153441787654000,1785153441787657000,1785153441787657000,1785153441787657000,121932490,121652369,-132.121,1.000,0.000,1.000,3.000,0.000,0.000,16.000,0,0,0
B3_zmq_pushpull,zmq_tcp,none,none,,1,5328,512,584,1785153441788502000,1785153441788502000,1785153441788502000,1785153441788503000,1785153441788660000,1785153441788663000,1785153441788663000,1785153441788663000,121932490,121652369,-123.121,0.000,0.000,1.000,3.000,0.000,0.000,9.000,0,0,0
B3_zmq_pushpull,zmq_tcp,none,none,,1,5329,512,584,1785153441789504000,1785153441789504000,1785153441789504000,1785153441789505000,1785153441789662000,1785153441789665000,1785153441789665000,1785153441789665000,121932490,121652369,-123.121,0.000,0.000,1.000,3.000,0.000,0.000,0.000,0,0,0
B3_zmq_pushpull,zmq_tcp,none,none,,1,5330,512,584,1785153441790503000,1785153441790503000,1785153441790503000,1785153441790504000,1785153441790668000,1785153441790670000,1785153441790670000,1785153441790670000,121932490,121652369,-116.121,0.000,0.000,1.000,2.000,0.000,0.000,7.000,0,0,0
B3_zmq_pushpull,zmq_tcp,none,none,,1,5331,512,584,1785153441791503000,1785153441791503000,1785153441791503000,1785153441791505000,1785153441791654000,1785153441791657000,1785153441791657000,1785153441791657000,121932490,121652369,-131.121,0.000,0.000,2.000,3.000,0.000,0.000,15.000,0,0,0
B3_zmq_pushpull,zmq_tcp,none,none,,1,5332,512,584,1785153441792501000,1785153441792501000,1785153441792501000,1785153441792502000,1785153441792661000,1785153441792664000,1785153441792664000,1785153441792664000,121932490,121652369,-121.121,0.000,0.000,1.000,3.000,0.000,0.000,10.000,0,0,0
B3_zmq_pushpull,zmq_tcp,none,none,,1,5333,512,584,1785153441793508000,1785153441793508000,1785153441793508000,1785153441793509000,1785153441793669000,1785153441793672000,1785153441793672000,1785153441793672000,121932490,121652369,-120.121,0.000,0.000,1.000,3.000,0.000,0.000,1.000,0,0,0
B3_zmq_pushpull,zmq_tcp,none,none,,1,5334,512,584,1785153441794502000,1785153441794502000,1785153441794502000,1785153441794503000,1785153441794682000,1785153441794685000,1785153441794685000,1785153441794685000,121932490,121652369,-101.121,0.000,0.000,1.000,3.000,0.000,0.000,19.000,0,0,0
B3_zmq_pushpull,zmq_tcp,none,none,,1,5335,512,584,1785153441795508000,1785153441795509000,1785153441795509000,1785153441795510000,1785153441795685000,1785153441795688000,1785153441795688000,1785153441795688000,121932490,121652369,-105.121,1.000,0.000,1.000,3.000,0.000,0.000,4.000,0,0,0
B3_zmq_pushpull,zmq_tcp,none,none,,1,5336,512,584,1785153441796497000,1785153441796497000,1785153441796497000,1785153441796499000,1785153441796551000,1785153441796554000,1785153441796554000,1785153441796554000,121932490,121652369,-228.121,0.000,0.000,2.000,3.000,0.000,0.000,123.000,0,0,0
B3_zmq_pushpull,zmq_tcp,none,none,,1,5337,512,584,1785153441797509000,1785153441797509000,1785153441797509000,1785153441797510000,1785153441797701000,1785153441797704000,1785153441797704000,1785153441797704000,121932490,121652369,-89.121,0.000,0.000,1.000,3.000,0.000,0.000,139.000,0,0,0
B3_zmq_pushpull,zmq_tcp,none,none,,1,5338,512,584,1785153441798502000,1785153441798502000,1785153441798502000,1785153441798503000,1785153441798568000,1785153441798571000,1785153441798571000,1785153441798571000,121932490,121652369,-215.121,0.000,0.000,1.000,3.000,0.000,0.000,126.000,0,0,0
B3_zmq_pushpull,zmq_tcp,none,none,,1,5339,512,584,1785153441799504000,1785153441799504000,1785153441799504000,1785153441799505000,1785153441799589000,1785153441799592000,1785153441799592000,1785153441799592000,121932490,121652369,-196.121,0.000,0.000,1.000,3.000,0.000,0.000,19.000,0,0,0
B3_zmq_pushpull,zmq_tcp,none,none,,1,5340,512,584,1785153441800501000,1785153441800502000,1785153441800502000,1785153441800503000,1785153441800604000,1785153441800606000,1785153441800606000,1785153441800606000,121932490,121652369,-179.121,1.000,0.000,1.000,2.000,0.000,0.000,17.000,0,0,0
B3_zmq_pushpull,zmq_tcp,none,none,,1,5341,512,584,1785153441801505000,1785153441801506000,1785153441801506000,1785153441801507000,1785153441801613000,1785153441801616000,1785153441801616000,1785153441801616000,121932490,121652369,-174.121,1.000,0.000,1.000,3.000,0.000,0.000,5.000,0,0,0
B3_zmq_pushpull,zmq_tcp,none,none,,1,5342,512,584,1785153441802503000,1785153441802503000,1785153441802503000,1785153441802504000,1785153441802632000,1785153441802635000,1785153441802635000,1785153441802635000,121932490,121652369,-152.121,0.000,0.000,1.000,3.000,0.000,0.000,22.000,0,0,0
B3_zmq_pushpull,zmq_tcp,none,none,,1,5343,512,584,1785153441803503000,1785153441803503000,1785153441803503000,1785153441803504000,1785153441803641000,1785153441803650000,1785153441803650000,1785153441803650000,121932490,121652369,-143.121,0.000,0.000,1.000,9.000,0.000,0.000,9.000,0,0,0
B3_zmq_pushpull,zmq_tcp,none,none,,1,5344,512,584,1785153441804498000,1785153441804498000,1785153441804498000,1785153441804499000,1785153441804653000,1785153441804656000,1785153441804656000,1785153441804656000,121932490,121652369,-126.121,0.000,0.000,1.000,3.000,0.000,0.000,17.000,0,0,0
B3_zmq_pushpull,zmq_tcp,none,none,,1,5345,512,584,1785153441805504000,1785153441805505000,1785153441805505000,1785153441805506000,1785153441805653000,1785153441805656000,1785153441805656000,1785153441805656000,121932490,121652369,-133.121,1.000,0.000,1.000,3.000,0.000,0.000,7.000,0,0,0
B3_zmq_pushpull,zmq_tcp,none,none,,1,5346,512,584,1785153441806502000,1785153441806502000,1785153441806503000,1785153441806504000,1785153441806662000,1785153441806665000,1785153441806665000,1785153441806665000,121932490,121652369,-122.121,0.000,1.000,1.000,3.000,0.000,0.000,11.000,0,0,0
B3_zmq_pushpull,zmq_tcp,none,none,,1,5347,512,584,1785153441807504000,1785153441807504000,1785153441807504000,1785153441807505000,1785153441807689000,1785153441807692000,1785153441807692000,1785153441807692000,121932490,121652369,-96.121,0.000,0.000,1.000,3.000,0.000,0.000,26.000,0,0,0
B3_zmq_pushpull,zmq_tcp,none,none,,1,5348,512,584,1785153441808499000,1785153441808499000,1785153441808499000,1785153441808500000,1785153441808570000,1785153441808574000,1785153441808574000,1785153441808574000,121932490,121652369,-210.121,0.000,0.000,1.000,4.000,0.000,0.000,114.000,0,0,0
B3_zmq_pushpull,zmq_tcp,none,none,,1,5349,512,584,1785153441809504000,1785153441809505000,1785153441809505000,1785153441809506000,1785153441809585000,1785153441809588000,1785153441809588000,1785153441809588000,121932490,121652369,-201.121,1.000,0.000,1.000,3.000,0.000,0.000,9.000,0,0,0
B3_zmq_pushpull,zmq_tcp,none,none,,1,5350,512,584,1785153441810505000,1785153441810505000,1785153441810505000,1785153441810506000,1785153441810587000,1785153441810591000,1785153441810591000,1785153441810591000,121932490,121652369,-199.121,0.000,0.000,1.000,4.000,0.000,0.000,2.000,0,0,0
B3_zmq_pushpull,zmq_tcp,none,none,,1,5351,512,584,1785153441811503000,1785153441811503000,1785153441811503000,1785153441811504000,1785153441811588000,1785153441811591000,1785153441811591000,1785153441811591000,121932490,121652369,-196.121,0.000,0.000,1.000,3.000,0.000,0.000,3.000,0,0,0
B3_zmq_pushpull,zmq_tcp,none,none,,1,5352,512,584,1785153441812503000,1785153441812503000,1785153441812503000,1785153441812504000,1785153441812598000,1785153441812602000,1785153441812602000,1785153441812602000,121932490,121652369,-186.121,0.000,0.000,1.000,4.000,0.000,0.000,10.000,0,0,0
B3_zmq_pushpull,zmq_tcp,none,none,,1,5353,512,584,1785153441813504000,1785153441813504000,1785153441813504000,1785153441813505000,1785153441813598000,1785153441813601000,1785153441813601000,1785153441813601000,121932490,121652369,-187.121,0.000,0.000,1.000,3.000,0.000,0.000,1.000,0,0,0
B3_zmq_pushpull,zmq_tcp,none,none,,1,5354,512,584,1785153441814504000,1785153441814504000,1785153441814504000,1785153441814505000,1785153441814618000,1785153441814621000,1785153441814621000,1785153441814621000,121932490,121652369,-167.121,0.000,0.000,1.000,3.000,0.000,0.000,20.000,0,0,0
B3_zmq_pushpull,zmq_tcp,none,none,,1,5355,512,584,1785153441815500000,1785153441815500000,1785153441815500000,1785153441815501000,1785153441815639000,1785153441815643000,1785153441815643000,1785153441815643000,121932490,121652369,-142.121,0.000,0.000,1.000,4.000,0.000,0.000,25.000,0,0,0
B3_zmq_pushpull,zmq_tcp,none,none,,1,5356,512,584,1785153441816504000,1785153441816504000,1785153441816504000,1785153441816505000,1785153441816645000,1785153441816649000,1785153441816649000,1785153441816649000,121932490,121652369,-140.121,0.000,0.000,1.000,4.000,0.000,0.000,2.000,0,0,0
B3_zmq_pushpull,zmq_tcp,none,none,,1,5357,512,584,1785153441817502000,1785153441817502000,1785153441817502000,1785153441817503000,1785153441817662000,1785153441817665000,1785153441817665000,1785153441817665000,121932490,121652369,-121.121,0.000,0.000,1.000,3.000,0.000,0.000,19.000,0,0,0
B3_zmq_pushpull,zmq_tcp,none,none,,1,5358,512,584,1785153441818503000,1785153441818503000,1785153441818503000,1785153441818504000,1785153441818672000,1785153441818674000,1785153441818674000,1785153441818674000,121932490,121652369,-112.121,0.000,0.000,1.000,2.000,0.000,0.000,9.000,0,0,0
B3_zmq_pushpull,zmq_tcp,none,none,,1,5359,512,584,1785153441819501000,1785153441819501000,1785153441819501000,1785153441819502000,1785153441819548000,1785153441819551000,1785153441819551000,1785153441819551000,121932490,121652369,-234.121,0.000,0.000,1.000,3.000,0.000,0.000,122.000,0,0,0
B3_zmq_pushpull,zmq_tcp,none,none,,1,5360,512,584,1785153441820505000,1785153441820505000,1785153441820505000,1785153441820506000,1785153441820545000,1785153441820548000,1785153441820548000,1785153441820548000,121932490,121652369,-241.121,0.000,0.000,1.000,3.000,0.000,0.000,7.000,0,0,0
B3_zmq_pushpull,zmq_tcp,none,none,,1,5361,512,584,1785153441821394000,1785153441821394000,1785153441821394000,1785153441821395000,1785153441821551000,1785153441821553000,1785153441821553000,1785153441821553000,121932490,121652369,-124.121,0.000,0.000,1.000,2.000,0.000,0.000,117.000,0,0,0
B3_zmq_pushpull,zmq_tcp,none,none,,1,5362,512,584,1785153441822530000,1785153441822530000,1785153441822530000,1785153441822531000,1785153441822690000,1785153441822693000,1785153441822693000,1785153441822693000,121932490,121652369,-121.121,0.000,0.000,1.000,3.000,0.000,0.000,3.000,0,0,0
B3_zmq_pushpull,zmq_tcp,none,none,,1,5363,512,584,1785153441823498000,1785153441823498000,1785153441823498000,1785153441823499000,1785153441823565000,1785153441823568000,1785153441823568000,1785153441823568000,121932490,121652369,-214.121,0.000,0.000,1.000,3.000,0.000,0.000,93.000,0,0,0
B3_zmq_pushpull,zmq_tcp,none,none,,1,5364,512,584,1785153441824505000,1785153441824505000,1785153441824505000,1785153441824506000,1785153441824553000,1785153441824557000,1785153441824557000,1785153441824557000,121932490,121652369,-233.121,0.000,0.000,1.000,4.000,0.000,0.000,19.000,0,0,0
B3_zmq_pushpull,zmq_tcp,none,none,,1,5365,512,584,1785153441825408000,1785153441825408000,1785153441825408000,1785153441825409000,1785153441825565000,1785153441825568000,1785153441825568000,1785153441825568000,121932490,121652369,-124.121,0.000,0.000,1.000,3.000,0.000,0.000,109.000,0,0,0
B3_zmq_pushpull,zmq_tcp,none,none,,1,5366,512,584,1785153441826527000,1785153441826527000,1785153441826527000,1785153441826528000,1785153441826696000,1785153441826698000,1785153441826698000,1785153441826698000,121932490,121652369,-112.121,0.000,0.000,1.000,2.000,0.000,0.000,12.000,0,0,0
B3_zmq_pushpull,zmq_tcp,none,none,,1,5367,512,584,1785153441827399000,1785153441827399000,1785153441827399000,1785153441827400000,1785153441827556000,1785153441827559000,1785153441827559000,1785153441827559000,121932490,121652369,-124.121,0.000,0.000,1.000,3.000,0.000,0.000,12.000,0,0,0
B3_zmq_pushpull,zmq_tcp,none,none,,1,5368,512,584,1785153441828418000,1785153441828418000,1785153441828419000,1785153441828420000,1785153441828571000,1785153441828573000,1785153441828573000,1785153441828573000,121932490,121652369,-129.121,0.000,1.000,1.000,2.000,0.000,0.000,5.000,0,0,0
B3_zmq_pushpull,zmq_tcp,none,none,,1,5369,512,584,1785153441829525000,1785153441829525000,1785153441829526000,1785153441829526000,1785153441829723000,1785153441829726000,1785153441829726000,1785153441829726000,121932490,121652369,-83.121,0.000,1.000,0.000,3.000,0.000,0.000,46.000,0,0,0
B3_zmq_pushpull,zmq_tcp,none,none,,1,5370,512,584,1785153441830497000,1785153441830498000,1785153441830498000,1785153441830499000,1785153441830581000,1785153441830584000,1785153441830584000,1785153441830584000,121932490,121652369,-198.121,1.000,0.000,1.000,3.000,0.000,0.000,115.000,0,0,0
B3_zmq_pushpull,zmq_tcp,none,none,,1,5371,512,584,1785153441831502000,1785153441831502000,1785153441831502000,1785153441831503000,1785153441831599000,1785153441831603000,1785153441831603000,1785153441831603000,121932490,121652369,-184.121,0.000,0.000,1.000,4.000,0.000,0.000,14.000,0,0,0
B3_zmq_pushpull,zmq_tcp,none,none,,1,5372,512,584,1785153441832505000,1785153441832505000,1785153441832505000,1785153441832506000,1785153441832594000,1785153441832599000,1785153441832599000,1785153441832599000,121932490,121652369,-192.121,0.000,0.000,1.000,5.000,0.000,0.000,8.000,0,0,0
B3_zmq_pushpull,zmq_tcp,none,none,,1,5373,512,584,1785153441833508000,1785153441833508000,1785153441833508000,1785153441833509000,1785153441833601000,1785153441833604000,1785153441833604000,1785153441833604000,121932490,121652369,-188.121,0.000,0.000,1.000,3.000,0.000,0.000,4.000,0,0,0
B3_zmq_pushpull,zmq_tcp,none,none,,1,5374,512,584,1785153441834497000,1785153441834498000,1785153441834498000,1785153441834499000,1785153441834608000,1785153441834611000,1785153441834611000,1785153441834611000,121932490,121652369,-171.121,1.000,0.000,1.000,3.000,0.000,0.000,17.000,0,0,0
B3_zmq_pushpull,zmq_tcp,none,none,,1,5375,512,584,1785153441835505000,1785153441835505000,1785153441835505000,1785153441835506000,1785153441835621000,1785153441835624000,1785153441835624000,1785153441835624000,121932490,121652369,-165.121,0.000,0.000,1.000,3.000,0.000,0.000,6.000,0,0,0
B3_zmq_pushpull,zmq_tcp,none,none,,1,5376,512,584,1785153441836503000,1785153441836503000,1785153441836503000,1785153441836504000,1785153441836641000,1785153441836644000,1785153441836644000,1785153441836644000,121932490,121652369,-143.121,0.000,0.000,1.000,3.000,0.000,0.000,22.000,0,0,0
B3_zmq_pushpull,zmq_tcp,none,none,,1,5377,512,584,1785153441837505000,1785153441837505000,1785153441837505000,1785153441837506000,1785153441837655000,1785153441837657000,1785153441837657000,1785153441837657000,121932490,121652369,-131.121,0.000,0.000,1.000,2.000,0.000,0.000,12.000,0,0,0
B3_zmq_pushpull,zmq_tcp,none,none,,1,5378,512,584,1785153441838499000,1785153441838499000,1785153441838499000,1785153441838500000,1785153441838649000,1785153441838652000,1785153441838652000,1785153441838652000,121932490,121652369,-131.121,0.000,0.000,1.000,3.000,0.000,0.000,0.000,0,0,0
B3_zmq_pushpull,zmq_tcp,none,none,,1,5379,512,584,1785153441839337000,1785153441839337000,1785153441839337000,1785153441839338000,1785153441839492000,1785153441839495000,1785153441839495000,1785153441839495000,121932490,121652369,-126.121,0.000,0.000,1.000,3.000,0.000,0.000,5.000,0,0,0
B3_zmq_pushpull,zmq_tcp,none,none,,1,5380,512,584,1785153441840545000,1785153441840545000,1785153441840545000,1785153441840546000,1785153441840645000,1785153441840648000,1785153441840648000,1785153441840648000,121932490,121652369,-181.121,0.000,0.000,1.000,3.000,0.000,0.000,55.000,0,0,0
B3_zmq_pushpull,zmq_tcp,none,none,,1,5381,512,584,1785153441841491000,1785153441841491000,1785153441841491000,1785153441841492000,1785153441841645000,1785153441841648000,1785153441841648000,1785153441841648000,121932490,121652369,-127.121,0.000,0.000,1.000,3.000,0.000,0.000,54.000,0,0,0
B3_zmq_pushpull,zmq_tcp,none,none,,1,5382,512,584,1785153441842507000,1785153441842507000,1785153441842507000,1785153441842508000,1785153441842652000,1785153441842655000,1785153441842655000,1785153441842655000,121932490,121652369,-136.121,0.000,0.000,1.000,3.000,0.000,0.000,9.000,0,0,0
B3_zmq_pushpull,zmq_tcp,none,none,,1,5383,512,584,1785153441843503000,1785153441843503000,1785153441843503000,1785153441843504000,1785153441843663000,1785153441843665000,1785153441843665000,1785153441843665000,121932490,121652369,-121.121,0.000,0.000,1.000,2.000,0.000,0.000,15.000,0,0,0
B3_zmq_pushpull,zmq_tcp,none,none,,1,5384,512,584,1785153441844504000,1785153441844504000,1785153441844504000,1785153441844505000,1785153441844676000,1785153441844679000,1785153441844679000,1785153441844679000,121932490,121652369,-109.121,0.000,0.000,1.000,3.000,0.000,0.000,12.000,0,0,0
B3_zmq_pushpull,zmq_tcp,none,none,,1,5385,512,584,1785153441845382000,1785153441845382000,1785153441845382000,1785153441845383000,1785153441845535000,1785153441845538000,1785153441845538000,1785153441845538000,121932490,121652369,-128.121,0.000,0.000,1.000,3.000,0.000,0.000,19.000,0,0,0
B3_zmq_pushpull,zmq_tcp,none,none,,1,5386,512,584,1785153441846361000,1785153441846361000,1785153441846361000,1785153441846362000,1785153441846512000,1785153441846515000,1785153441846515000,1785153441846515000,121932490,121652369,-130.121,0.000,0.000,1.000,3.000,0.000,0.000,2.000,0,0,0
B3_zmq_pushpull,zmq_tcp,none,none,,1,5387,512,584,1785153441847537000,1785153441847538000,1785153441847538000,1785153441847539000,1785153441847635000,1785153441847639000,1785153441847639000,1785153441847639000,121932490,121652369,-184.121,1.000,0.000,1.000,4.000,0.000,0.000,54.000,0,0,0
B3_zmq_pushpull,zmq_tcp,none,none,,1,5388,512,584,1785153441848494000,1785153441848494000,1785153441848494000,1785153441848495000,1785153441848623000,1785153441848627000,1785153441848627000,1785153441848627000,121932490,121652369,-152.121,0.000,0.000,1.000,4.000,0.000,0.000,32.000,0,0,0
B3_zmq_pushpull,zmq_tcp,none,none,,1,5389,512,584,1785153441849507000,1785153441849507000,1785153441849507000,1785153441849508000,1785153441849619000,1785153441849622000,1785153441849622000,1785153441849622000,121932490,121652369,-169.121,0.000,0.000,1.000,3.000,0.000,0.000,17.000,0,0,0
B3_zmq_pushpull,zmq_tcp,none,none,,1,5390,512,584,1785153441850324000,1785153441850325000,1785153441850325000,1785153441850326000,1785153441850458000,1785153441850461000,1785153441850461000,1785153441850461000,121932490,121652369,-148.121,1.000,0.000,1.000,3.000,0.000,0.000,21.000,0,0,0
B3_zmq_pushpull,zmq_tcp,none,none,,1,5391,512,584,1785153441851424000,1785153441851424000,1785153441851424000,1785153441851425000,1785153441851582000,1785153441851584000,1785153441851584000,1785153441851584000,121932490,121652369,-123.121,0.000,0.000,1.000,2.000,0.000,0.000,25.000,0,0,0
B3_zmq_pushpull,zmq_tcp,none,none,,1,5392,512,584,1785153441852522000,1785153441852522000,1785153441852523000,1785153441852523000,1785153441852568000,1785153441852571000,1785153441852571000,1785153441852571000,121932490,121652369,-235.121,0.000,1.000,0.000,3.000,0.000,0.000,112.000,0,0,0
B3_zmq_pushpull,zmq_tcp,none,none,,1,5393,512,584,1785153441853497000,1785153441853498000,1785153441853498000,1785153441853499000,1785153441853542000,1785153441853545000,1785153441853545000,1785153441853545000,121932490,121652369,-237.121,1.000,0.000,1.000,3.000,0.000,0.000,2.000,0,0,0
B3_zmq_pushpull,zmq_tcp,none,none,,1,5394,512,584,1785153441854367000,1785153441854368000,1785153441854368000,1785153441854369000,1785153441854520000,1785153441854523000,1785153441854523000,1785153441854523000,121932490,121652369,-129.121,1.000,0.000,1.000,3.000,0.000,0.000,108.000,0,0,0
B3_zmq_pushpull,zmq_tcp,none,none,,1,5395,512,584,1785153441855358000,1785153441855358000,1785153441855358000,1785153441855359000,1785153441855517000,1785153441855519000,1785153441855519000,1785153441855519000,121932490,121652369,-122.121,0.000,0.000,1.000,2.000,0.000,0.000,7.000,0,0,0
B3_zmq_pushpull,zmq_tcp,none,none,,1,5396,512,584,1785153441856351000,1785153441856352000,1785153441856352000,1785153441856353000,1785153441856509000,1785153441856512000,1785153441856512000,1785153441856512000,121932490,121652369,-124.121,1.000,0.000,1.000,3.000,0.000,0.000,2.000,0,0,0
B3_zmq_pushpull,zmq_tcp,none,none,,1,5397,512,584,1785153441857333000,1785153441857333000,1785153441857333000,1785153441857334000,1785153441857486000,1785153441857488000,1785153441857488000,1785153441857488000,121932490,121652369,-128.121,0.000,0.000,1.000,2.000,0.000,0.000,4.000,0,0,0
B3_zmq_pushpull,zmq_tcp,none,none,,1,5398,512,584,1785153441858330000,1785153441858331000,1785153441858331000,1785153441858332000,1785153441858473000,1785153441858475000,1785153441858475000,1785153441858475000,121932490,121652369,-139.121,1.000,0.000,1.000,2.000,0.000,0.000,11.000,0,0,0
B3_zmq_pushpull,zmq_tcp,none,none,,1,5399,512,584,1785153441859546000,1785153441859547000,1785153441859547000,1785153441859548000,1785153441859748000,1785153441859751000,1785153441859751000,1785153441859751000,121932490,121652369,-80.121,1.000,0.000,1.000,3.000,0.000,0.000,59.000,0,0,0
B3_zmq_pushpull,zmq_tcp,none,none,,1,5400,512,584,1785153441860307000,1785153441860307000,1785153441860307000,1785153441860309000,1785153441860455000,1785153441860459000,1785153441860459000,1785153441860459000,121932490,121652369,-134.121,0.000,0.000,2.000,4.000,0.000,0.000,54.000,0,0,0
B3_zmq_pushpull,zmq_tcp,none,none,,1,5401,512,584,1785153441861555000,1785153441861555000,1785153441861555000,1785153441861556000,1785153441861752000,1785153441861754000,1785153441861754000,1785153441861754000,121932490,121652369,-84.121,0.000,0.000,1.000,2.000,0.000,0.000,50.000,0,0,0
B3_zmq_pushpull,zmq_tcp,none,none,,1,5402,512,584,1785153441862491000,1785153441862491000,1785153441862491000,1785153441862492000,1785153441862619000,1785153441862622000,1785153441862622000,1785153441862622000,121932490,121652369,-153.121,0.000,0.000,1.000,3.000,0.000,0.000,69.000,0,0,0
B3_zmq_pushpull,zmq_tcp,none,none,,1,5403,512,584,1785153441863510000,1785153441863510000,1785153441863510000,1785153441863511000,1785153441863635000,1785153441863638000,1785153441863638000,1785153441863638000,121932490,121652369,-156.121,0.000,0.000,1.000,3.000,0.000,0.000,3.000,0,0,0
B3_zmq_pushpull,zmq_tcp,none,none,,1,5404,512,584,1785153441864500000,1785153441864500000,1785153441864500000,1785153441864501000,1785153441864649000,1785153441864652000,1785153441864652000,1785153441864652000,121932490,121652369,-132.121,0.000,0.000,1.000,3.000,0.000,0.000,24.000,0,0,0
B3_zmq_pushpull,zmq_tcp,none,none,,1,5405,512,584,1785153441865505000,1785153441865505000,1785153441865505000,1785153441865506000,1785153441865656000,1785153441865659000,1785153441865659000,1785153441865659000,121932490,121652369,-130.121,0.000,0.000,1.000,3.000,0.000,0.000,2.000,0,0,0
B3_zmq_pushpull,zmq_tcp,none,none,,1,5406,512,584,1785153441866504000,1785153441866504000,1785153441866504000,1785153441866505000,1785153441866652000,1785153441866655000,1785153441866655000,1785153441866655000,121932490,121652369,-133.121,0.000,0.000,1.000,3.000,0.000,0.000,3.000,0,0,0
B3_zmq_pushpull,zmq_tcp,none,none,,1,5407,512,584,1785153441867503000,1785153441867503000,1785153441867503000,1785153441867504000,1785153441867641000,1785153441867644000,1785153441867644000,1785153441867644000,121932490,121652369,-143.121,0.000,0.000,1.000,3.000,0.000,0.000,10.000,0,0,0
B3_zmq_pushpull,zmq_tcp,none,none,,1,5408,512,584,1785153441868502000,1785153441868502000,1785153441868502000,1785153441868504000,1785153441868643000,1785153441868646000,1785153441868646000,1785153441868646000,121932490,121652369,-141.121,0.000,0.000,2.000,3.000,0.000,0.000,2.000,0,0,0
B3_zmq_pushpull,zmq_tcp,none,none,,1,5409,512,584,1785153441869502000,1785153441869502000,1785153441869503000,1785153441869503000,1785153441869664000,1785153441869667000,1785153441869667000,1785153441869667000,121932490,121652369,-119.121,0.000,1.000,0.000,3.000,0.000,0.000,22.000,0,0,0
B3_zmq_pushpull,zmq_tcp,none,none,,1,5410,512,584,1785153441870505000,1785153441870505000,1785153441870505000,1785153441870506000,1785153441870679000,1785153441870681000,1785153441870681000,1785153441870681000,121932490,121652369,-107.121,0.000,0.000,1.000,2.000,0.000,0.000,12.000,0,0,0
B3_zmq_pushpull,zmq_tcp,none,none,,1,5411,512,584,1785153441871499000,1785153441871500000,1785153441871500000,1785153441871501000,1785153441871692000,1785153441871695000,1785153441871695000,1785153441871695000,121932490,121652369,-89.121,1.000,0.000,1.000,3.000,0.000,0.000,18.000,0,0,0
B3_zmq_pushpull,zmq_tcp,none,none,,1,5412,512,584,1785153441872405000,1785153441872406000,1785153441872406000,1785153441872407000,1785153441872565000,1785153441872568000,1785153441872568000,1785153441872568000,121932490,121652369,-122.121,1.000,0.000,1.000,3.000,0.000,0.000,33.000,0,0,0
B3_zmq_pushpull,zmq_tcp,none,none,,1,5413,512,584,1785153441873527000,1785153441873528000,1785153441873528000,1785153441873529000,1785153441873692000,1785153441873696000,1785153441873696000,1785153441873696000,121932490,121652369,-117.121,1.000,0.000,1.000,4.000,0.000,0.000,5.000,0,0,0
B3_zmq_pushpull,zmq_tcp,none,none,,1,5414,512,584,1785153441874386000,1785153441874387000,1785153441874387000,1785153441874388000,1785153441874541000,1785153441874545000,1785153441874545000,1785153441874545000,121932490,121652369,-127.121,1.000,0.000,1.000,4.000,0.000,0.000,10.000,0,0,0
B3_zmq_pushpull,zmq_tcp,none,none,,1,5415,512,584,1785153441875532000,1785153441875532000,1785153441875532000,1785153441875533000,1785153441875673000,1785153441875676000,1785153441875676000,1785153441875676000,121932490,121652369,-140.121,0.000,0.000,1.000,3.000,0.000,0.000,13.000,0,0,0
B3_zmq_pushpull,zmq_tcp,none,none,,1,5416,512,584,1785153441876502000,1785153441876502000,1785153441876502000,1785153441876503000,1785153441876539000,1785153441876542000,1785153441876542000,1785153441876542000,121932490,121652369,-244.121,0.000,0.000,1.000,3.000,0.000,0.000,104.000,0,0,0
B3_zmq_pushpull,zmq_tcp,none,none,,1,5417,512,584,1785153441877384000,1785153441877384000,1785153441877384000,1785153441877385000,1785153441877544000,1785153441877547000,1785153441877547000,1785153441877547000,121932490,121652369,-121.121,0.000,0.000,1.000,3.000,0.000,0.000,123.000,0,0,0
B3_zmq_pushpull,zmq_tcp,none,none,,1,5418,512,584,1785153441878392000,1785153441878392000,1785153441878392000,1785153441878393000,1785153441878539000,1785153441878541000,1785153441878541000,1785153441878541000,121932490,121652369,-134.121,0.000,0.000,1.000,2.000,0.000,0.000,13.000,0,0,0
B3_zmq_pushpull,zmq_tcp,none,none,,1,5419,512,584,1785153441879389000,1785153441879389000,1785153441879389000,1785153441879390000,1785153441879549000,1785153441879552000,1785153441879552000,1785153441879552000,121932490,121652369,-121.121,0.000,0.000,1.000,3.000,0.000,0.000,13.000,0,0,0
B3_zmq_pushpull,zmq_tcp,none,none,,1,5420,512,584,1785153441880394000,1785153441880394000,1785153441880394000,1785153441880395000,1785153441880551000,1785153441880554000,1785153441880554000,1785153441880554000,121932490,121652369,-124.121,0.000,0.000,1.000,3.000,0.000,0.000,3.000,0,0,0
B3_zmq_pushpull,zmq_tcp,none,none,,1,5421,512,584,1785153441881527000,1785153441881528000,1785153441881528000,1785153441881529000,1785153441881679000,1785153441881682000,1785153441881682000,1785153441881682000,121932490,121652369,-130.121,1.000,0.000,1.000,3.000,0.000,0.000,6.000,0,0,0
B3_zmq_pushpull,zmq_tcp,none,none,,1,5422,512,584,1785153441882387000,1785153441882387000,1785153441882387000,1785153441882389000,1785153441882539000,1785153441882541000,1785153441882541000,1785153441882541000,121932490,121652369,-130.121,0.000,0.000,2.000,2.000,0.000,0.000,0.000,0,0,0
B3_zmq_pushpull,zmq_tcp,none,none,,1,5423,512,584,1785153441883533000,1785153441883533000,1785153441883533000,1785153441883534000,1785153441883686000,1785153441883689000,1785153441883689000,1785153441883689000,121932490,121652369,-128.121,0.000,0.000,1.000,3.000,0.000,0.000,2.000,0,0,0
B3_zmq_pushpull,zmq_tcp,none,none,,1,5424,512,584,1785153441884494000,1785153441884494000,1785153441884494000,1785153441884495000,1785153441884561000,1785153441884565000,1785153441884565000,1785153441884565000,121932490,121652369,-214.121,0.000,0.000,1.000,4.000,0.000,0.000,86.000,0,0,0
B3_zmq_pushpull,zmq_tcp,none,none,,1,5425,512,584,1785153441885506000,1785153441885506000,1785153441885506000,1785153441885507000,1785153441885570000,1785153441885573000,1785153441885573000,1785153441885573000,121932490,121652369,-217.121,0.000,0.000,1.000,3.000,0.000,0.000,3.000,0,0,0
B3_zmq_pushpull,zmq_tcp,none,none,,1,5426,512,584,1785153441886503000,1785153441886503000,1785153441886503000,1785153441886504000,1785153441886578000,1785153441886580000,1785153441886581000,1785153441886581000,121932490,121652369,-206.121,0.000,0.000,1.000,2.000,1.000,0.000,11.000,0,0,0
B3_zmq_pushpull,zmq_tcp,none,none,,1,5427,512,584,1785153441887503000,1785153441887504000,1785153441887504000,1785153441887505000,1785153441887588000,1785153441887591000,1785153441887591000,1785153441887591000,121932490,121652369,-197.121,1.000,0.000,1.000,3.000,0.000,0.000,9.000,0,0,0
B3_zmq_pushpull,zmq_tcp,none,none,,1,5428,512,584,1785153441888501000,1785153441888501000,1785153441888501000,1785153441888502000,1785153441888581000,1785153441888584000,1785153441888584000,1785153441888584000,121932490,121652369,-201.121,0.000,0.000,1.000,3.000,0.000,0.000,4.000,0,0,0
B3_zmq_pushpull,zmq_tcp,none,none,,1,5429,512,584,1785153441889505000,1785153441889505000,1785153441889505000,1785153441889506000,1785153441889587000,1785153441889590000,1785153441889590000,1785153441889590000,121932490,121652369,-199.121,0.000,0.000,1.000,3.000,0.000,0.000,2.000,0,0,0
B3_zmq_pushpull,zmq_tcp,none,none,,1,5430,512,584,1785153441890504000,1785153441890504000,1785153441890504000,1785153441890505000,1785153441890595000,1785153441890598000,1785153441890598000,1785153441890598000,121932490,121652369,-190.121,0.000,0.000,1.000,3.000,0.000,0.000,9.000,0,0,0
B3_zmq_pushpull,zmq_tcp,none,none,,1,5431,512,584,1785153441891499000,1785153441891499000,1785153441891499000,1785153441891500000,1785153441891607000,1785153441891610000,1785153441891610000,1785153441891610000,121932490,121652369,-173.121,0.000,0.000,1.000,3.000,0.000,0.000,17.000,0,0,0
B3_zmq_pushpull,zmq_tcp,none,none,,1,5432,512,584,1785153441892505000,1785153441892505000,1785153441892505000,1785153441892506000,1785153441892619000,1785153441892622000,1785153441892622000,1785153441892622000,121932490,121652369,-167.121,0.000,0.000,1.000,3.000,0.000,0.000,6.000,0,0,0
B3_zmq_pushpull,zmq_tcp,none,none,,1,5433,512,584,1785153441893506000,1785153441893506000,1785153441893506000,1785153441893507000,1785153441893632000,1785153441893635000,1785153441893635000,1785153441893635000,121932490,121652369,-155.121,0.000,0.000,1.000,3.000,0.000,0.000,12.000,0,0,0
B3_zmq_pushpull,zmq_tcp,none,none,,1,5434,512,584,1785153441894503000,1785153441894503000,1785153441894503000,1785153441894504000,1785153441894612000,1785153441894615000,1785153441894615000,1785153441894615000,121932490,121652369,-172.121,0.000,0.000,1.000,3.000,0.000,0.000,17.000,0,0,0
B3_zmq_pushpull,zmq_tcp,none,none,,1,5435,512,584,1785153441895503000,1785153441895504000,1785153441895504000,1785153441895505000,1785153441895600000,1785153441895603000,1785153441895603000,1785153441895603000,121932490,121652369,-185.121,1.000,0.000,1.000,3.000,0.000,0.000,13.000,0,0,0
B3_zmq_pushpull,zmq_tcp,none,none,,1,5436,512,584,1785153441896504000,1785153441896504000,1785153441896504000,1785153441896505000,1785153441896615000,1785153441896618000,1785153441896618000,1785153441896618000,121932490,121652369,-170.121,0.000,0.000,1.000,3.000,0.000,0.000,15.000,0,0,0
B3_zmq_pushpull,zmq_tcp,none,none,,1,5437,512,584,1785153441897503000,1785153441897503000,1785153441897503000,1785153441897504000,1785153441897619000,1785153441897626000,1785153441897626000,1785153441897627000,121932490,121652369,-165.121,0.000,0.000,1.000,7.000,0.000,1.000,5.000,0,0,0
B3_zmq_pushpull,zmq_tcp,none,none,,1,5438,512,584,1785153441898502000,1785153441898502000,1785153441898502000,1785153441898503000,1785153441898639000,1785153441898642000,1785153441898642000,1785153441898642000,121932490,121652369,-144.121,0.000,0.000,1.000,3.000,0.000,0.000,21.000,0,0,0
B3_zmq_pushpull,zmq_tcp,none,none,,1,5439,512,584,1785153441899503000,1785153441899503000,1785153441899503000,1785153441899504000,1785153441899637000,1785153441899640000,1785153441899640000,1785153441899640000,121932490,121652369,-147.121,0.000,0.000,1.000,3.000,0.000,0.000,3.000,0,0,0
B3_zmq_pushpull,zmq_tcp,none,none,,1,5440,512,584,1785153441900507000,1785153441900507000,1785153441900507000,1785153441900508000,1785153441900634000,1785153441900637000,1785153441900638000,1785153441900638000,121932490,121652369,-154.121,0.000,0.000,1.000,3.000,1.000,0.000,7.000,0,0,0
B3_zmq_pushpull,zmq_tcp,none,none,,1,5441,512,584,1785153441901499000,1785153441901500000,1785153441901500000,1785153441901501000,1785153441901644000,1785153441901647000,1785153441901647000,1785153441901647000,121932490,121652369,-137.121,1.000,0.000,1.000,3.000,0.000,0.000,17.000,0,0,0
B3_zmq_pushpull,zmq_tcp,none,none,,1,5442,512,584,1785153441902505000,1785153441902505000,1785153441902505000,1785153441902506000,1785153441902644000,1785153441902647000,1785153441902647000,1785153441902647000,121932490,121652369,-142.121,0.000,0.000,1.000,3.000,0.000,0.000,5.000,0,0,0
B3_zmq_pushpull,zmq_tcp,none,none,,1,5443,512,584,1785153441903503000,1785153441903504000,1785153441903504000,1785153441903505000,1785153441903644000,1785153441903647000,1785153441903647000,1785153441903647000,121932490,121652369,-141.121,1.000,0.000,1.000,3.000,0.000,0.000,1.000,0,0,0
B3_zmq_pushpull,zmq_tcp,none,none,,1,5444,512,584,1785153441904504000,1785153441904505000,1785153441904505000,1785153441904506000,1785153441904663000,1785153441904665000,1785153441904665000,1785153441904665000,121932490,121652369,-123.121,1.000,0.000,1.000,2.000,0.000,0.000,18.000,0,0,0
B3_zmq_pushpull,zmq_tcp,none,none,,1,5445,512,584,1785153441905503000,1785153441905503000,1785153441905503000,1785153441905504000,1785153441905679000,1785153441905682000,1785153441905682000,1785153441905682000,121932490,121652369,-105.121,0.000,0.000,1.000,3.000,0.000,0.000,18.000,0,0,0
B3_zmq_pushpull,zmq_tcp,none,none,,1,5446,512,584,1785153441906506000,1785153441906506000,1785153441906506000,1785153441906507000,1785153441906698000,1785153441906700000,1785153441906700000,1785153441906700000,121932490,121652369,-89.121,0.000,0.000,1.000,2.000,0.000,0.000,16.000,0,0,0
B3_zmq_pushpull,zmq_tcp,none,none,,1,5447,512,584,1785153441907408000,1785153441907408000,1785153441907408000,1785153441907409000,1785153441907559000,1785153441907562000,1785153441907562000,1785153441907562000,121932490,121652369,-130.121,0.000,0.000,1.000,3.000,0.000,0.000,41.000,0,0,0
B3_zmq_pushpull,zmq_tcp,none,none,,1,5448,512,584,1785153441908528000,1785153441908528000,1785153441908528000,1785153441908529000,1785153441908704000,1785153441908707000,1785153441908707000,1785153441908707000,121932490,121652369,-105.121,0.000,0.000,1.000,3.000,0.000,0.000,25.000,0,0,0
B3_zmq_pushpull,zmq_tcp,none,none,,1,5449,512,584,1785153441909494000,1785153441909494000,1785153441909494000,1785153441909495000,1785153441909540000,1785153441909544000,1785153441909544000,1785153441909544000,121932490,121652369,-235.121,0.000,0.000,1.000,4.000,0.000,0.000,130.000,0,0,0
B3_zmq_pushpull,zmq_tcp,none,none,,1,5450,512,584,1785153441910506000,1785153441910506000,1785153441910506000,1785153441910507000,1785153441910555000,1785153441910559000,1785153441910559000,1785153441910559000,121932490,121652369,-232.121,0.000,0.000,1.000,4.000,0.000,0.000,3.000,0,0,0
B3_zmq_pushpull,zmq_tcp,none,none,,1,5451,512,584,1785153441911421000,1785153441911422000,1785153441911422000,1785153441911423000,1785153441911578000,1785153441911581000,1785153441911581000,1785153441911581000,121932490,121652369,-125.121,1.000,0.000,1.000,3.000,0.000,0.000,107.000,0,0,0
B3_zmq_pushpull,zmq_tcp,none,none,,1,5452,512,584,1785153441912526000,1785153441912526000,1785153441912527000,1785153441912527000,1785153441912590000,1785153441912592000,1785153441912593000,1785153441912593000,121932490,121652369,-217.121,0.000,1.000,0.000,2.000,1.000,0.000,92.000,0,0,0
B3_zmq_pushpull,zmq_tcp,none,none,,1,5453,512,584,1785153441913494000,1785153441913494000,1785153441913494000,1785153441913495000,1785153441913569000,1785153441913571000,1785153441913571000,1785153441913571000,121932490,121652369,-206.121,0.000,0.000,1.000,2.000,0.000,0.000,11.000,0,0,0
B3_zmq_pushpull,zmq_tcp,none,none,,1,5454,512,584,1785153441914507000,1785153441914507000,1785153441914507000,1785153441914508000,1785153441914592000,1785153441914595000,1785153441914595000,1785153441914595000,121932490,121652369,-196.121,0.000,0.000,1.000,3.000,0.000,0.000,10.000,0,0,0
B3_zmq_pushpull,zmq_tcp,none,none,,1,5455,512,584,1785153441915502000,1785153441915502000,1785153441915502000,1785153441915503000,1785153441915583000,1785153441915586000,1785153441915586000,1785153441915586000,121932490,121652369,-200.121,0.000,0.000,1.000,3.000,0.000,0.000,4.000,0,0,0
B3_zmq_pushpull,zmq_tcp,none,none,,1,5456,512,584,1785153441916502000,1785153441916502000,1785153441916502000,1785153441916503000,1785153441916561000,1785153441916564000,1785153441916564000,1785153441916564000,121932490,121652369,-222.121,0.000,0.000,1.000,3.000,0.000,0.000,22.000,0,0,0
B3_zmq_pushpull,zmq_tcp,none,none,,1,5457,512,584,1785153441917500000,1785153441917500000,1785153441917500000,1785153441917501000,1785153441917670000,1785153441917673000,1785153441917673000,1785153441917673000,121932490,121652369,-111.121,0.000,0.000,1.000,3.000,0.000,0.000,111.000,0,0,0
B3_zmq_pushpull,zmq_tcp,none,none,,1,5458,512,584,1785153441918375000,1785153441918375000,1785153441918375000,1785153441918376000,1785153441918535000,1785153441918544000,1785153441918544000,1785153441918544000,121932490,121652369,-121.121,0.000,0.000,1.000,9.000,0.000,0.000,10.000,0,0,0
B3_zmq_pushpull,zmq_tcp,none,none,,1,5459,512,584,1785153441919534000,1785153441919534000,1785153441919534000,1785153441919535000,1785153441919658000,1785153441919661000,1785153441919661000,1785153441919661000,121932490,121652369,-157.121,0.000,0.000,1.000,3.000,0.000,0.000,36.000,0,0,0
B3_zmq_pushpull,zmq_tcp,none,none,,1,5460,512,584,1785153441920491000,1785153441920491000,1785153441920491000,1785153441920492000,1785153441920642000,1785153441920645000,1785153441920645000,1785153441920645000,121932490,121652369,-130.121,0.000,0.000,1.000,3.000,0.000,0.000,27.000,0,0,0
B3_zmq_pushpull,zmq_tcp,none,none,,1,5461,512,584,1785153441921505000,1785153441921505000,1785153441921505000,1785153441921506000,1785153441921614000,1785153441921617000,1785153441921617000,1785153441921617000,121932490,121652369,-172.121,0.000,0.000,1.000,3.000,0.000,0.000,42.000,0,0,0
B3_zmq_pushpull,zmq_tcp,none,none,,1,5462,512,584,1785153441922305000,1785153441922306000,1785153441922306000,1785153441922307000,1785153441922458000,1785153441922461000,1785153441922461000,1785153441922461000,121932490,121652369,-129.121,1.000,0.000,1.000,3.000,0.000,0.000,43.000,0,0,0
B3_zmq_pushpull,zmq_tcp,none,none,,1,5463,512,584,1785153441923413000,1785153441923413000,1785153441923413000,1785153441923414000,1785153441923567000,1785153441923570000,1785153441923570000,1785153441923570000,121932490,121652369,-127.121,0.000,0.000,1.000,3.000,0.000,0.000,2.000,0,0,0
B3_zmq_pushpull,zmq_tcp,none,none,,1,5464,512,584,1785153441924403000,1785153441924404000,1785153441924404000,1785153441924405000,1785153441924557000,1785153441924560000,1785153441924560000,1785153441924560000,121932490,121652369,-128.121,1.000,0.000,1.000,3.000,0.000,0.000,1.000,0,0,0
B3_zmq_pushpull,zmq_tcp,none,none,,1,5465,512,584,1785153441925391000,1785153441925391000,1785153441925391000,1785153441925392000,1785153441925546000,1785153441925549000,1785153441925549000,1785153441925549000,121932490,121652369,-126.121,0.000,0.000,1.000,3.000,0.000,0.000,2.000,0,0,0
B3_zmq_pushpull,zmq_tcp,none,none,,1,5466,512,584,1785153441926380000,1785153441926380000,1785153441926380000,1785153441926381000,1785153441926539000,1785153441926542000,1785153441926542000,1785153441926542000,121932490,121652369,-122.121,0.000,0.000,1.000,3.000,0.000,0.000,4.000,0,0,0
B3_zmq_pushpull,zmq_tcp,none,none,,1,5467,512,584,1785153441927355000,1785153441927355000,1785153441927355000,1785153441927356000,1785153441927513000,1785153441927515000,1785153441927515000,1785153441927515000,121932490,121652369,-123.121,0.000,0.000,1.000,2.000,0.000,0.000,1.000,0,0,0
B3_zmq_pushpull,zmq_tcp,none,none,,1,5468,512,584,1785153441928347000,1785153441928347000,1785153441928347000,1785153441928348000,1785153441928506000,1785153441928508000,1785153441928509000,1785153441928509000,121932490,121652369,-122.121,0.000,0.000,1.000,2.000,1.000,0.000,1.000,0,0,0
B3_zmq_pushpull,zmq_tcp,none,none,,1,5469,512,584,1785153441929541000,1785153441929541000,1785153441929541000,1785153441929542000,1785153441929627000,1785153441929631000,1785153441929631000,1785153441929631000,121932490,121652369,-195.121,0.000,0.000,1.000,4.000,0.000,0.000,73.000,0,0,0
B3_zmq_pushpull,zmq_tcp,none,none,,1,5470,512,584,1785153441930493000,1785153441930493000,1785153441930493000,1785153441930494000,1785153441930613000,1785153441930616000,1785153441930616000,1785153441930616000,121932490,121652369,-161.121,0.000,0.000,1.000,3.000,0.000,0.000,34.000,0,0,0
B3_zmq_pushpull,zmq_tcp,none,none,,1,5471,512,584,1785153441931315000,1785153441931316000,1785153441931316000,1785153441931317000,1785153441931454000,1785153441931457000,1785153441931457000,1785153441931457000,121932490,121652369,-143.121,1.000,0.000,1.000,3.000,0.000,0.000,18.000,0,0,0
B3_zmq_pushpull,zmq_tcp,none,none,,1,5472,512,584,1785153441932549000,1785153441932549000,1785153441932549000,1785153441932550000,1785153441932707000,1785153441932710000,1785153441932710000,1785153441932710000,121932490,121652369,-123.121,0.000,0.000,1.000,3.000,0.000,0.000,20.000,0,0,0
B3_zmq_pushpull,zmq_tcp,none,none,,1,5473,512,584,1785153441933490000,1785153441933490000,1785153441933490000,1785153441933491000,1785153441933545000,1785153441933548000,1785153441933548000,1785153441933548000,121932490,121652369,-226.121,0.000,0.000,1.000,3.000,0.000,0.000,103.000,0,0,0
B3_zmq_pushpull,zmq_tcp,none,none,,1,5474,512,584,1785153441934363000,1785153441934363000,1785153441934363000,1785153441934364000,1785153441934511000,1785153441934514000,1785153441934514000,1785153441934514000,121932490,121652369,-133.121,0.000,0.000,1.000,3.000,0.000,0.000,93.000,0,0,0
B3_zmq_pushpull,zmq_tcp,none,none,,1,5475,512,584,1785153441935535000,1785153441935535000,1785153441935535000,1785153441935536000,1785153441935631000,1785153441935634000,1785153441935634000,1785153441935634000,121932490,121652369,-185.121,0.000,0.000,1.000,3.000,0.000,0.000,52.000,0,0,0
B3_zmq_pushpull,zmq_tcp,none,none,,1,5476,512,584,1785153441936494000,1785153441936494000,1785153441936494000,1785153441936495000,1785153441936599000,1785153441936602000,1785153441936602000,1785153441936602000,121932490,121652369,-176.121,0.000,0.000,1.000,3.000,0.000,0.000,9.000,0,0,0
B3_zmq_pushpull,zmq_tcp,none,none,,1,5477,512,584,1785153441937506000,1785153441937506000,1785153441937506000,1785153441937507000,1785153441937574000,1785153441937577000,1785153441937577000,1785153441937577000,121932490,121652369,-213.121,0.000,0.000,1.000,3.000,0.000,0.000,37.000,0,0,0
B3_zmq_pushpull,zmq_tcp,none,none,,1,5478,512,584,1785153441938498000,1785153441938498000,1785153441938498000,1785153441938499000,1785153441938559000,1785153441938563000,1785153441938563000,1785153441938563000,121932490,121652369,-220.121,0.000,0.000,1.000,4.000,0.000,0.000,7.000,0,0,0
B3_zmq_pushpull,zmq_tcp,none,none,,1,5479,512,584,1785153441939508000,1785153441939508000,1785153441939508000,1785153441939509000,1785153441939681000,1785153441939685000,1785153441939686000,1785153441939686000,121932490,121652369,-108.121,0.000,0.000,1.000,4.000,1.000,0.000,112.000,0,0,0
B3_zmq_pushpull,zmq_tcp,none,none,,1,5480,512,584,1785153441940381000,1785153441940382000,1785153441940382000,1785153441940383000,1785153441940542000,1785153441940545000,1785153441940545000,1785153441940545000,121932490,121652369,-121.121,1.000,0.000,1.000,3.000,0.000,0.000,13.000,0,0,0
B3_zmq_pushpull,zmq_tcp,none,none,,1,5481,512,584,1785153441941383000,1785153441941383000,1785153441941383000,1785153441941384000,1785153441941544000,1785153441941548000,1785153441941548000,1785153441941548000,121932490,121652369,-120.121,0.000,0.000,1.000,4.000,0.000,0.000,1.000,0,0,0
B3_zmq_pushpull,zmq_tcp,none,none,,1,5482,512,584,1785153441942383000,1785153441942383000,1785153441942383000,1785153441942384000,1785153441942542000,1785153441942545000,1785153441942545000,1785153441942545000,121932490,121652369,-122.121,0.000,0.000,1.000,3.000,0.000,0.000,2.000,0,0,0
B3_zmq_pushpull,zmq_tcp,none,none,,1,5483,512,584,1785153441943533000,1785153441943533000,1785153441943533000,1785153441943534000,1785153441943661000,1785153441943664000,1785153441943664000,1785153441943664000,121932490,121652369,-153.121,0.000,0.000,1.000,3.000,0.000,0.000,31.000,0,0,0
B3_zmq_pushpull,zmq_tcp,none,none,,1,5484,512,584,1785153441944496000,1785153441944496000,1785153441944496000,1785153441944497000,1785153441944636000,1785153441944639000,1785153441944639000,1785153441944639000,121932490,121652369,-141.121,0.000,0.000,1.000,3.000,0.000,0.000,12.000,0,0,0
B3_zmq_pushpull,zmq_tcp,none,none,,1,5485,512,584,1785153441945321000,1785153441945321000,1785153441945321000,1785153441945323000,1785153441945471000,1785153441945475000,1785153441945475000,1785153441945475000,121932490,121652369,-132.121,0.000,0.000,2.000,4.000,0.000,0.000,9.000,0,0,0
B3_zmq_pushpull,zmq_tcp,none,none,,1,5486,512,584,1785153441946548000,1785153441946548000,1785153441946548000,1785153441946549000,1785153441946737000,1785153441946739000,1785153441946739000,1785153441946739000,121932490,121652369,-92.121,0.000,0.000,1.000,2.000,0.000,0.000,40.000,0,0,0
B3_zmq_pushpull,zmq_tcp,none,none,,1,5487,512,584,1785153441947308000,1785153441947308000,1785153441947308000,1785153441947309000,1785153441947453000,1785153441947457000,1785153441947457000,1785153441947457000,121932490,121652369,-136.121,0.000,0.000,1.000,4.000,0.000,0.000,44.000,0,0,0
B3_zmq_pushpull,zmq_tcp,none,none,,1,5488,512,584,1785153441948415000,1785153441948415000,1785153441948415000,1785153441948416000,1785153441948574000,1785153441948577000,1785153441948577000,1785153441948577000,121932490,121652369,-122.121,0.000,0.000,1.000,3.000,0.000,0.000,14.000,0,0,0
B3_zmq_pushpull,zmq_tcp,none,none,,1,5489,512,584,1785153441949526000,1785153441949526000,1785153441949526000,1785153441949527000,1785153441949684000,1785153441949688000,1785153441949688000,1785153441949688000,121932490,121652369,-123.121,0.000,0.000,1.000,4.000,0.000,0.000,1.000,0,0,0
B3_zmq_pushpull,zmq_tcp,none,none,,1,5490,512,584,1785153441950497000,1785153441950497000,1785153441950497000,1785153441950498000,1785153441950670000,1785153441950674000,1785153441950674000,1785153441950674000,121932490,121652369,-108.121,0.000,0.000,1.000,4.000,0.000,0.000,15.000,0,0,0
B3_zmq_pushpull,zmq_tcp,none,none,,1,5491,512,584,1785153441951504000,1785153441951504000,1785153441951504000,1785153441951505000,1785153441951667000,1785153441951670000,1785153441951670000,1785153441951670000,121932490,121652369,-118.121,0.000,0.000,1.000,3.000,0.000,0.000,10.000,0,0,0
B3_zmq_pushpull,zmq_tcp,none,none,,1,5492,512,584,1785153441952502000,1785153441952502000,1785153441952503000,1785153441952503000,1785153441952662000,1785153441952665000,1785153441952665000,1785153441952665000,121932490,121652369,-121.121,0.000,1.000,0.000,3.000,0.000,0.000,3.000,0,0,0
B3_zmq_pushpull,zmq_tcp,none,none,,1,5493,512,584,1785153441953506000,1785153441953506000,1785153441953506000,1785153441953507000,1785153441953671000,1785153441953674000,1785153441953674000,1785153441953675000,121932490,121652369,-116.121,0.000,0.000,1.000,3.000,0.000,1.000,5.000,0,0,0
B3_zmq_pushpull,zmq_tcp,none,none,,1,5494,512,584,1785153441954503000,1785153441954503000,1785153441954503000,1785153441954504000,1785153441954671000,1785153441954675000,1785153441954675000,1785153441954675000,121932490,121652369,-113.121,0.000,0.000,1.000,4.000,0.000,0.000,3.000,0,0,0
B3_zmq_pushpull,zmq_tcp,none,none,,1,5495,512,584,1785153441955505000,1785153441955506000,1785153441955506000,1785153441955507000,1785153441955667000,1785153441955670000,1785153441955670000,1785153441955670000,121932490,121652369,-120.121,1.000,0.000,1.000,3.000,0.000,0.000,7.000,0,0,0
B3_zmq_pushpull,zmq_tcp,none,none,,1,5496,512,584,1785153441956371000,1785153441956371000,1785153441956371000,1785153441956372000,1785153441956530000,1785153441956533000,1785153441956533000,1785153441956533000,121932490,121652369,-122.121,0.000,0.000,1.000,3.000,0.000,0.000,2.000,0,0,0
B3_zmq_pushpull,zmq_tcp,none,none,,1,5497,512,584,1785153441957537000,1785153441957537000,1785153441957537000,1785153441957538000,1785153441957663000,1785153441957666000,1785153441957666000,1785153441957666000,121932490,121652369,-155.121,0.000,0.000,1.000,3.000,0.000,0.000,33.000,0,0,0
B3_zmq_pushpull,zmq_tcp,none,none,,1,5498,512,584,1785153441958358000,1785153441958358000,1785153441958358000,1785153441958359000,1785153441958512000,1785153441958515000,1785153441958515000,1785153441958515000,121932490,121652369,-127.121,0.000,0.000,1.000,3.000,0.000,0.000,28.000,0,0,0
B3_zmq_pushpull,zmq_tcp,none,none,,1,5499,512,584,1785153441959540000,1785153441959540000,1785153441959540000,1785153441959541000,1785153441959661000,1785153441959668000,1785153441959668000,1785153441959668000,121932490,121652369,-160.121,0.000,0.000,1.000,7.000,0.000,0.000,33.000,0,0,0
B3_zmq_pushpull,zmq_tcp,none,none,,1,5500,512,584,1785153441960493000,1785153441960493000,1785153441960493000,1785153441960494000,1785153441960649000,1785153441960651000,1785153441960651000,1785153441960651000,121932490,121652369,-125.121,0.000,0.000,1.000,2.000,0.000,0.000,35.000,0,0,0
B3_zmq_pushpull,zmq_tcp,none,none,,1,5501,512,584,1785153441961506000,1785153441961506000,1785153441961506000,1785153441961507000,1785153441961650000,1785153441961652000,1785153441961652000,1785153441961652000,121932490,121652369,-137.121,0.000,0.000,1.000,2.000,0.000,0.000,12.000,0,0,0
B3_zmq_pushpull,zmq_tcp,none,none,,1,5502,512,584,1785153441962504000,1785153441962504000,1785153441962504000,1785153441962505000,1785153441962649000,1785153441962652000,1785153441962652000,1785153441962652000,121932490,121652369,-136.121,0.000,0.000,1.000,3.000,0.000,0.000,1.000,0,0,0
B3_zmq_pushpull,zmq_tcp,none,none,,1,5503,512,584,1785153441963504000,1785153441963504000,1785153441963504000,1785153441963505000,1785153441963647000,1785153441963650000,1785153441963650000,1785153441963650000,121932490,121652369,-138.121,0.000,0.000,1.000,3.000,0.000,0.000,2.000,0,0,0
B3_zmq_pushpull,zmq_tcp,none,none,,1,5504,512,584,1785153441964501000,1785153441964501000,1785153441964501000,1785153441964502000,1785153441964627000,1785153441964630000,1785153441964630000,1785153441964630000,121932490,121652369,-155.121,0.000,0.000,1.000,3.000,0.000,0.000,17.000,0,0,0
B3_zmq_pushpull,zmq_tcp,none,none,,1,5505,512,584,1785153441965362000,1785153441965362000,1785153441965362000,1785153441965363000,1785153441965506000,1785153441965509000,1785153441965509000,1785153441965509000,121932490,121652369,-137.121,0.000,0.000,1.000,3.000,0.000,0.000,18.000,0,0,0
B3_zmq_pushpull,zmq_tcp,none,none,,1,5506,512,584,1785153441966376000,1785153441966376000,1785153441966377000,1785153441966377000,1785153441966535000,1785153441966538000,1785153441966538000,1785153441966538000,121932490,121652369,-122.121,0.000,1.000,0.000,3.000,0.000,0.000,15.000,0,0,0
B3_zmq_pushpull,zmq_tcp,none,none,,1,5507,512,584,1785153441967536000,1785153441967536000,1785153441967536000,1785153441967537000,1785153441967689000,1785153441967691000,1785153441967691000,1785153441967692000,121932490,121652369,-128.121,0.000,0.000,1.000,2.000,0.000,1.000,6.000,0,0,0
B3_zmq_pushpull,zmq_tcp,none,none,,1,5508,512,584,1785153441968495000,1785153441968495000,1785153441968495000,1785153441968496000,1785153441968682000,1785153441968685000,1785153441968685000,1785153441968685000,121932490,121652369,-94.121,0.000,0.000,1.000,3.000,0.000,0.000,34.000,0,0,0
B3_zmq_pushpull,zmq_tcp,none,none,,1,5509,512,584,1785153441969507000,1785153441969507000,1785153441969507000,1785153441969508000,1785153441969695000,1785153441969698000,1785153441969698000,1785153441969698000,121932490,121652369,-93.121,0.000,0.000,1.000,3.000,0.000,0.000,1.000,0,0,0
B3_zmq_pushpull,zmq_tcp,none,none,,1,5510,512,584,1785153441970393000,1785153441970394000,1785153441970394000,1785153441970395000,1785153441970553000,1785153441970555000,1785153441970555000,1785153441970555000,121932490,121652369,-122.121,1.000,0.000,1.000,2.000,0.000,0.000,29.000,0,0,0
B3_zmq_pushpull,zmq_tcp,none,none,,1,5511,512,584,1785153441971402000,1785153441971402000,1785153441971402000,1785153441971403000,1785153441971558000,1785153441971561000,1785153441971562000,1785153441971562000,121932490,121652369,-125.121,0.000,0.000,1.000,3.000,1.000,0.000,3.000,0,0,0
B3_zmq_pushpull,zmq_tcp,none,none,,1,5512,512,584,1785153441972387000,1785153441972387000,1785153441972387000,1785153441972388000,1785153441972533000,1785153441972535000,1785153441972535000,1785153441972535000,121932490,121652369,-135.121,0.000,0.000,1.000,2.000,0.000,0.000,10.000,0,0,0
B3_zmq_pushpull,zmq_tcp,none,none,,1,5513,512,584,1785153441973532000,1785153441973532000,1785153441973532000,1785153441973533000,1785153441973666000,1785153441973670000,1785153441973670000,1785153441973670000,121932490,121652369,-147.121,0.000,0.000,1.000,4.000,0.000,0.000,12.000,0,0,0
B3_zmq_pushpull,zmq_tcp,none,none,,1,5514,512,584,1785153441974500000,1785153441974500000,1785153441974500000,1785153441974501000,1785153441974665000,1785153441974668000,1785153441974668000,1785153441974668000,121932490,121652369,-116.121,0.000,0.000,1.000,3.000,0.000,0.000,31.000,0,0,0
B3_zmq_pushpull,zmq_tcp,none,none,,1,5515,512,584,1785153441975504000,1785153441975505000,1785153441975505000,1785153441975505000,1785153441975666000,1785153441975669000,1785153441975669000,1785153441975669000,121932490,121652369,-119.121,1.000,0.000,0.000,3.000,0.000,0.000,3.000,0,0,0
B3_zmq_pushpull,zmq_tcp,none,none,,1,5516,512,584,1785153441976504000,1785153441976504000,1785153441976504000,1785153441976505000,1785153441976657000,1785153441976660000,1785153441976661000,1785153441976661000,121932490,121652369,-128.121,0.000,0.000,1.000,3.000,1.000,0.000,9.000,0,0,0
B3_zmq_pushpull,zmq_tcp,none,none,,1,5517,512,584,1785153441977508000,1785153441977508000,1785153441977508000,1785153441977509000,1785153441977670000,1785153441977673000,1785153441977673000,1785153441977673000,121932490,121652369,-119.121,0.000,0.000,1.000,3.000,0.000,0.000,9.000,0,0,0
B3_zmq_pushpull,zmq_tcp,none,none,,1,5518,512,584,1785153441978388000,1785153441978388000,1785153441978388000,1785153441978389000,1785153441978549000,1785153441978551000,1785153441978551000,1785153441978551000,121932490,121652369,-120.121,0.000,0.000,1.000,2.000,0.000,0.000,1.000,0,0,0
B3_zmq_pushpull,zmq_tcp,none,none,,1,5519,512,584,1785153441979533000,1785153441979533000,1785153441979533000,1785153441979534000,1785153441979706000,1785153441979709000,1785153441979709000,1785153441979709000,121932490,121652369,-108.121,0.000,0.000,1.000,3.000,0.000,0.000,12.000,0,0,0
B3_zmq_pushpull,zmq_tcp,none,none,,1,5520,512,584,1785153441980408000,1785153441980408000,1785153441980408000,1785153441980409000,1785153441980567000,1785153441980570000,1785153441980570000,1785153441980570000,121932490,121652369,-122.121,0.000,0.000,1.000,3.000,0.000,0.000,14.000,0,0,0
B3_zmq_pushpull,zmq_tcp,none,none,,1,5521,512,584,1785153441981528000,1785153441981529000,1785153441981529000,1785153441981530000,1785153441981726000,1785153441981729000,1785153441981729000,1785153441981729000,121932490,121652369,-84.121,1.000,0.000,1.000,3.000,0.000,0.000,38.000,0,0,0
B3_zmq_pushpull,zmq_tcp,none,none,,1,5522,512,584,1785153441982428000,1785153441982428000,1785153441982428000,1785153441982429000,1785153441982586000,1785153441982589000,1785153441982589000,1785153441982589000,121932490,121652369,-123.121,0.000,0.000,1.000,3.000,0.000,0.000,39.000,0,0,0
B3_zmq_pushpull,zmq_tcp,none,none,,1,5523,512,584,1785153441983526000,1785153441983526000,1785153441983527000,1785153441983527000,1785153441983596000,1785153441983599000,1785153441983599000,1785153441983599000,121932490,121652369,-211.121,0.000,1.000,0.000,3.000,0.000,0.000,88.000,0,0,0
B3_zmq_pushpull,zmq_tcp,none,none,,1,5524,512,584,1785153441984498000,1785153441984498000,1785153441984498000,1785153441984499000,1785153441984613000,1785153441984615000,1785153441984615000,1785153441984616000,121932490,121652369,-166.121,0.000,0.000,1.000,2.000,0.000,1.000,45.000,0,0,0
B3_zmq_pushpull,zmq_tcp,none,none,,1,5525,512,584,1785153441985505000,1785153441985505000,1785153441985505000,1785153441985506000,1785153441985618000,1785153441985621000,1785153441985621000,1785153441985621000,121932490,121652369,-168.121,0.000,0.000,1.000,3.000,0.000,0.000,2.000,0,0,0
B3_zmq_pushpull,zmq_tcp,none,none,,1,5526,512,584,1785153441986501000,1785153441986501000,1785153441986501000,1785153441986502000,1785153441986621000,1785153441986625000,1785153441986625000,1785153441986625000,121932490,121652369,-161.121,0.000,0.000,1.000,4.000,0.000,0.000,7.000,0,0,0
B3_zmq_pushpull,zmq_tcp,none,none,,1,5527,512,584,1785153441987505000,1785153441987505000,1785153441987505000,1785153441987506000,1785153441987642000,1785153441987645000,1785153441987645000,1785153441987645000,121932490,121652369,-144.121,0.000,0.000,1.000,3.000,0.000,0.000,17.000,0,0,0
B3_zmq_pushpull,zmq_tcp,none,none,,1,5528,512,584,1785153441988504000,1785153441988504000,1785153441988504000,1785153441988505000,1785153441988654000,1785153441988657000,1785153441988657000,1785153441988657000,121932490,121652369,-131.121,0.000,0.000,1.000,3.000,0.000,0.000,13.000,0,0,0
B3_zmq_pushpull,zmq_tcp,none,none,,1,5529,512,584,1785153441989503000,1785153441989503000,1785153441989503000,1785153441989504000,1785153441989653000,1785153441989656000,1785153441989656000,1785153441989656000,121932490,121652369,-131.121,0.000,0.000,1.000,3.000,0.000,0.000,0.000,0,0,0
B3_zmq_pushpull,zmq_tcp,none,none,,1,5530,512,584,1785153441990501000,1785153441990501000,1785153441990501000,1785153441990502000,1785153441990651000,1785153441990654000,1785153441990654000,1785153441990654000,121932490,121652369,-131.121,0.000,0.000,1.000,3.000,0.000,0.000,0.000,0,0,0
B3_zmq_pushpull,zmq_tcp,none,none,,1,5531,512,584,1785153441991505000,1785153441991505000,1785153441991505000,1785153441991506000,1785153441991653000,1785153441991656000,1785153441991656000,1785153441991656000,121932490,121652369,-133.121,0.000,0.000,1.000,3.000,0.000,0.000,2.000,0,0,0
B3_zmq_pushpull,zmq_tcp,none,none,,1,5532,512,584,1785153441992505000,1785153441992505000,1785153441992505000,1785153441992506000,1785153441992663000,1785153441992666000,1785153441992666000,1785153441992666000,121932490,121652369,-123.121,0.000,0.000,1.000,3.000,0.000,0.000,10.000,0,0,0
B3_zmq_pushpull,zmq_tcp,none,none,,1,5533,512,584,1785153441993501000,1785153441993501000,1785153441993501000,1785153441993502000,1785153441993665000,1785153441993667000,1785153441993667000,1785153441993667000,121932490,121652369,-117.121,0.000,0.000,1.000,2.000,0.000,0.000,6.000,0,0,0
B3_zmq_pushpull,zmq_tcp,none,none,,1,5534,512,584,1785153441994505000,1785153441994505000,1785153441994505000,1785153441994506000,1785153441994666000,1785153441994669000,1785153441994669000,1785153441994669000,121932490,121652369,-120.121,0.000,0.000,1.000,3.000,0.000,0.000,3.000,0,0,0
B3_zmq_pushpull,zmq_tcp,none,none,,1,5535,512,584,1785153441995383000,1785153441995383000,1785153441995383000,1785153441995384000,1785153441995543000,1785153441995546000,1785153441995546000,1785153441995546000,121932490,121652369,-121.121,0.000,0.000,1.000,3.000,0.000,0.000,1.000,0,0,0
B3_zmq_pushpull,zmq_tcp,none,none,,1,5536,512,584,1785153441996538000,1785153441996539000,1785153441996539000,1785153441996539000,1785153441996702000,1785153441996705000,1785153441996705000,1785153441996705000,121932490,121652369,-117.121,1.000,0.000,0.000,3.000,0.000,0.000,4.000,0,0,0
B3_zmq_pushpull,zmq_tcp,none,none,,1,5537,512,584,1785153441997495000,1785153441997495000,1785153441997495000,1785153441997496000,1785153441997556000,1785153441997559000,1785153441997559000,1785153441997559000,121932490,121652369,-220.121,0.000,0.000,1.000,3.000,0.000,0.000,103.000,0,0,0
B3_zmq_pushpull,zmq_tcp,none,none,,1,5538,512,584,1785153441998509000,1785153441998509000,1785153441998509000,1785153441998510000,1785153441998696000,1785153441998699000,1785153441998699000,1785153441998699000,121932490,121652369,-94.121,0.000,0.000,1.000,3.000,0.000,0.000,126.000,0,0,0
B3_zmq_pushpull,zmq_tcp,none,none,,1,5539,512,584,1785153441999502000,1785153441999502000,1785153441999502000,1785153441999503000,1785153441999699000,1785153441999702000,1785153441999702000,1785153441999702000,121932490,121652369,-84.121,0.000,0.000,1.000,3.000,0.000,0.000,10.000,0,0,0
B3_zmq_pushpull,zmq_tcp,none,none,,1,5540,512,584,1785153442000505000,1785153442000505000,1785153442000505000,1785153442000506000,1785153442000581000,1785153442000585000,1785153442000585000,1785153442000585000,121932490,121652369,-205.121,0.000,0.000,1.000,4.000,0.000,0.000,121.000,0,0,0
B3_zmq_pushpull,zmq_tcp,none,none,,1,5541,512,584,1785153442001500000,1785153442001500000,1785153442001500000,1785153442001501000,1785153442001606000,1785153442001609000,1785153442001609000,1785153442001609000,121932490,121652369,-175.121,0.000,0.000,1.000,3.000,0.000,0.000,30.000,0,0,0
B3_zmq_pushpull,zmq_tcp,none,none,,1,5542,512,584,1785153442002508000,1785153442002508000,1785153442002508000,1785153442002509000,1785153442002627000,1785153442002630000,1785153442002630000,1785153442002630000,121932490,121652369,-162.121,0.000,0.000,1.000,3.000,0.000,0.000,13.000,0,0,0
B3_zmq_pushpull,zmq_tcp,none,none,,1,5543,512,584,1785153442003502000,1785153442003503000,1785153442003503000,1785153442003504000,1785153442003645000,1785153442003648000,1785153442003648000,1785153442003648000,121932490,121652369,-139.121,1.000,0.000,1.000,3.000,0.000,0.000,23.000,0,0,0
B3_zmq_pushpull,zmq_tcp,none,none,,1,5544,512,584,1785153442004504000,1785153442004504000,1785153442004504000,1785153442004505000,1785153442004639000,1785153442004643000,1785153442004643000,1785153442004643000,121932490,121652369,-146.121,0.000,0.000,1.000,4.000,0.000,0.000,7.000,0,0,0
B3_zmq_pushpull,zmq_tcp,none,none,,1,5545,512,584,1785153442005500000,1785153442005500000,1785153442005500000,1785153442005501000,1785153442005642000,1785153442005645000,1785153442005645000,1785153442005645000,121932490,121652369,-139.121,0.000,0.000,1.000,3.000,0.000,0.000,7.000,0,0,0
B3_zmq_pushpull,zmq_tcp,none,none,,1,5546,512,584,1785153442006505000,1785153442006505000,1785153442006505000,1785153442006506000,1785153442006634000,1785153442006637000,1785153442006637000,1785153442006637000,121932490,121652369,-152.121,0.000,0.000,1.000,3.000,0.000,0.000,13.000,0,0,0
B3_zmq_pushpull,zmq_tcp,none,none,,1,5547,512,584,1785153442007504000,1785153442007504000,1785153442007504000,1785153442007505000,1785153442007637000,1785153442007640000,1785153442007640000,1785153442007640000,121932490,121652369,-148.121,0.000,0.000,1.000,3.000,0.000,0.000,4.000,0,0,0
B3_zmq_pushpull,zmq_tcp,none,none,,1,5548,512,584,1785153442008504000,1785153442008504000,1785153442008505000,1785153442008505000,1785153442008640000,1785153442008643000,1785153442008643000,1785153442008643000,121932490,121652369,-145.121,0.000,1.000,0.000,3.000,0.000,0.000,3.000,0,0,0
B3_zmq_pushpull,zmq_tcp,none,none,,1,5549,512,584,1785153442009503000,1785153442009503000,1785153442009503000,1785153442009504000,1785153442009663000,1785153442009668000,1785153442009668000,1785153442009668000,121932490,121652369,-121.121,0.000,0.000,1.000,5.000,0.000,0.000,24.000,0,0,0
B3_zmq_pushpull,zmq_tcp,none,none,,1,5550,512,584,1785153442010503000,1785153442010504000,1785153442010504000,1785153442010505000,1785153442010662000,1785153442010665000,1785153442010665000,1785153442010665000,121932490,121652369,-123.121,1.000,0.000,1.000,3.000,0.000,0.000,2.000,0,0,0
B3_zmq_pushpull,zmq_tcp,none,none,,1,5551,512,584,1785153442011509000,1785153442011509000,1785153442011509000,1785153442011510000,1785153442011665000,1785153442011668000,1785153442011668000,1785153442011668000,121932490,121652369,-125.121,0.000,0.000,1.000,3.000,0.000,0.000,2.000,0,0,0
B3_zmq_pushpull,zmq_tcp,none,none,,1,5552,512,584,1785153442012501000,1785153442012501000,1785153442012501000,1785153442012502000,1785153442012677000,1785153442012680000,1785153442012680000,1785153442012680000,121932490,121652369,-105.121,0.000,0.000,1.000,3.000,0.000,0.000,20.000,0,0,0
B3_zmq_pushpull,zmq_tcp,none,none,,1,5553,512,584,1785153442013374000,1785153442013374000,1785153442013374000,1785153442013375000,1785153442013530000,1785153442013533000,1785153442013533000,1785153442013533000,121932490,121652369,-125.121,0.000,0.000,1.000,3.000,0.000,0.000,20.000,0,0,0
B3_zmq_pushpull,zmq_tcp,none,none,,1,5554,512,584,1785153442014375000,1785153442014375000,1785153442014375000,1785153442014376000,1785153442014530000,1785153442014533000,1785153442014533000,1785153442014533000,121932490,121652369,-126.121,0.000,0.000,1.000,3.000,0.000,0.000,1.000,0,0,0
B3_zmq_pushpull,zmq_tcp,none,none,,1,5555,512,584,1785153442015536000,1785153442015536000,1785153442015536000,1785153442015537000,1785153442015684000,1785153442015686000,1785153442015687000,1785153442015687000,121932490,121652369,-133.121,0.000,0.000,1.000,2.000,1.000,0.000,7.000,0,0,0
B3_zmq_pushpull,zmq_tcp,none,none,,1,5556,512,584,1785153442016493000,1785153442016493000,1785153442016493000,1785153442016494000,1785153442016560000,1785153442016563000,1785153442016563000,1785153442016563000,121932490,121652369,-214.121,0.000,0.000,1.000,3.000,0.000,0.000,81.000,0,0,0
B3_zmq_pushpull,zmq_tcp,none,none,,1,5557,512,584,1785153442017507000,1785153442017507000,1785153442017507000,1785153442017508000,1785153442017688000,1785153442017690000,1785153442017690000,1785153442017690000,121932490,121652369,-100.121,0.000,0.000,1.000,2.000,0.000,0.000,114.000,0,0,0
B3_zmq_pushpull,zmq_tcp,none,none,,1,5558,512,584,1785153442018403000,1785153442018403000,1785153442018403000,1785153442018404000,1785153442018564000,1785153442018566000,1785153442018566000,1785153442018566000,121932490,121652369,-120.121,0.000,0.000,1.000,2.000,0.000,0.000,20.000,0,0,0
B3_zmq_pushpull,zmq_tcp,none,none,,1,5559,512,584,1785153442019412000,1785153442019412000,1785153442019412000,1785153442019413000,1785153442019570000,1785153442019573000,1785153442019573000,1785153442019573000,121932490,121652369,-123.121,0.000,0.000,1.000,3.000,0.000,0.000,3.000,0,0,0
B3_zmq_pushpull,zmq_tcp,none,none,,1,5560,512,584,1785153442020524000,1785153442020524000,1785153442020524000,1785153442020525000,1785153442020697000,1785153442020699000,1785153442020700000,1785153442020700000,121932490,121652369,-108.121,0.000,0.000,1.000,2.000,1.000,0.000,15.000,0,0,0
B3_zmq_pushpull,zmq_tcp,none,none,,1,5561,512,584,1785153442021398000,1785153442021398000,1785153442021398000,1785153442021399000,1785153442021552000,1785153442021555000,1785153442021555000,1785153442021555000,121932490,121652369,-127.121,0.000,0.000,1.000,3.000,0.000,0.000,19.000,0,0,0
B3_zmq_pushpull,zmq_tcp,none,none,,1,5562,512,584,1785153442022532000,1785153442022532000,1785153442022532000,1785153442022533000,1785153442022711000,1785153442022715000,1785153442022715000,1785153442022715000,121932490,121652369,-102.121,0.000,0.000,1.000,4.000,0.000,0.000,25.000,0,0,0
B3_zmq_pushpull,zmq_tcp,none,none,,1,5563,512,584,1785153442023493000,1785153442023493000,1785153442023494000,1785153442023494000,1785153442023586000,1785153442023589000,1785153442023589000,1785153442023589000,121932490,121652369,-188.121,0.000,1.000,0.000,3.000,0.000,0.000,86.000,0,0,0
B3_zmq_pushpull,zmq_tcp,none,none,,1,5564,512,584,1785153442024507000,1785153442024507000,1785153442024507000,1785153442024508000,1785153442024582000,1785153442024585000,1785153442024585000,1785153442024585000,121932490,121652369,-206.121,0.000,0.000,1.000,3.000,0.000,0.000,18.000,0,0,0
B3_zmq_pushpull,zmq_tcp,none,none,,1,5565,512,584,1785153442025508000,1785153442025509000,1785153442025509000,1785153442025510000,1785153442025592000,1785153442025594000,1785153442025594000,1785153442025594000,121932490,121652369,-198.121,1.000,0.000,1.000,2.000,0.000,0.000,8.000,0,0,0
B3_zmq_pushpull,zmq_tcp,none,none,,1,5566,512,584,1785153442026505000,1785153442026505000,1785153442026505000,1785153442026506000,1785153442026596000,1785153442026599000,1785153442026599000,1785153442026599000,121932490,121652369,-190.121,0.000,0.000,1.000,3.000,0.000,0.000,8.000,0,0,0
B3_zmq_pushpull,zmq_tcp,none,none,,1,5567,512,584,1785153442027423000,1785153442027423000,1785153442027424000,1785153442027424000,1785153442027580000,1785153442027583000,1785153442027583000,1785153442027583000,121932490,121652369,-124.121,0.000,1.000,0.000,3.000,0.000,0.000,66.000,0,0,0
B3_zmq_pushpull,zmq_tcp,none,none,,1,5568,512,584,1785153442028417000,1785153442028417000,1785153442028417000,1785153442028418000,1785153442028572000,1785153442028574000,1785153442028574000,1785153442028574000,121932490,121652369,-126.121,0.000,0.000,1.000,2.000,0.000,0.000,2.000,0,0,0
B3_zmq_pushpull,zmq_tcp,none,none,,1,5569,512,584,1785153442029527000,1785153442029527000,1785153442029527000,1785153442029528000,1785153442029724000,1785153442029726000,1785153442029726000,1785153442029726000,121932490,121652369,-84.121,0.000,0.000,1.000,2.000,0.000,0.000,42.000,0,0,0
B3_zmq_pushpull,zmq_tcp,none,none,,1,5570,512,584,1785153442030498000,1785153442030498000,1785153442030498000,1785153442030499000,1785153442030586000,1785153442030589000,1785153442030589000,1785153442030589000,121932490,121652369,-193.121,0.000,0.000,1.000,3.000,0.000,0.000,109.000,0,0,0
B3_zmq_pushpull,zmq_tcp,none,none,,1,5571,512,584,1785153442031505000,1785153442031505000,1785153442031505000,1785153442031506000,1785153442031605000,1785153442031607000,1785153442031607000,1785153442031608000,121932490,121652369,-181.121,0.000,0.000,1.000,2.000,0.000,1.000,12.000,0,0,0
B3_zmq_pushpull,zmq_tcp,none,none,,1,5572,512,584,1785153442032505000,1785153442032505000,1785153442032505000,1785153442032506000,1785153442032612000,1785153442032615000,1785153442032615000,1785153442032615000,121932490,121652369,-174.121,0.000,0.000,1.000,3.000,0.000,0.000,7.000,0,0,0
B3_zmq_pushpull,zmq_tcp,none,none,,1,5573,512,584,1785153442033504000,1785153442033504000,1785153442033504000,1785153442033505000,1785153442033621000,1785153442033624000,1785153442033624000,1785153442033624000,121932490,121652369,-164.121,0.000,0.000,1.000,3.000,0.000,0.000,10.000,0,0,0
B3_zmq_pushpull,zmq_tcp,none,none,,1,5574,512,584,1785153442034501000,1785153442034501000,1785153442034501000,1785153442034502000,1785153442034610000,1785153442034613000,1785153442034613000,1785153442034613000,121932490,121652369,-172.121,0.000,0.000,1.000,3.000,0.000,0.000,8.000,0,0,0
B3_zmq_pushpull,zmq_tcp,none,none,,1,5575,512,584,1785153442035505000,1785153442035505000,1785153442035505000,1785153442035506000,1785153442035616000,1785153442035618000,1785153442035618000,1785153442035618000,121932490,121652369,-170.121,0.000,0.000,1.000,2.000,0.000,0.000,2.000,0,0,0
B3_zmq_pushpull,zmq_tcp,none,none,,1,5576,512,584,1785153442036504000,1785153442036504000,1785153442036504000,1785153442036505000,1785153442036614000,1785153442036617000,1785153442036617000,1785153442036617000,121932490,121652369,-171.121,0.000,0.000,1.000,3.000,0.000,0.000,1.000,0,0,0
B3_zmq_pushpull,zmq_tcp,none,none,,1,5577,512,584,1785153442037504000,1785153442037504000,1785153442037504000,1785153442037505000,1785153442037618000,1785153442037621000,1785153442037621000,1785153442037621000,121932490,121652369,-167.121,0.000,0.000,1.000,3.000,0.000,0.000,4.000,0,0,0
B3_zmq_pushpull,zmq_tcp,none,none,,1,5578,512,584,1785153442038502000,1785153442038502000,1785153442038502000,1785153442038503000,1785153442038636000,1785153442038638000,1785153442038638000,1785153442038638000,121932490,121652369,-147.121,0.000,0.000,1.000,2.000,0.000,0.000,20.000,0,0,0
B3_zmq_pushpull,zmq_tcp,none,none,,1,5579,512,584,1785153442039504000,1785153442039504000,1785153442039504000,1785153442039505000,1785153442039632000,1785153442039634000,1785153442039634000,1785153442039634000,121932490,121652369,-153.121,0.000,0.000,1.000,2.000,0.000,0.000,6.000,0,0,0
B3_zmq_pushpull,zmq_tcp,none,none,,1,5580,512,584,1785153442040504000,1785153442040504000,1785153442040504000,1785153442040505000,1785153442040640000,1785153442040643000,1785153442040643000,1785153442040643000,121932490,121652369,-145.121,0.000,0.000,1.000,3.000,0.000,0.000,8.000,0,0,0
B3_zmq_pushpull,zmq_tcp,none,none,,1,5581,512,584,1785153442041503000,1785153442041503000,1785153442041503000,1785153442041504000,1785153442041645000,1785153442041648000,1785153442041648000,1785153442041648000,121932490,121652369,-139.121,0.000,0.000,1.000,3.000,0.000,0.000,6.000,0,0,0
B3_zmq_pushpull,zmq_tcp,none,none,,1,5582,512,584,1785153442042502000,1785153442042502000,1785153442042502000,1785153442042503000,1785153442042646000,1785153442042650000,1785153442042650000,1785153442042650000,121932490,121652369,-137.121,0.000,0.000,1.000,4.000,0.000,0.000,2.000,0,0,0
B3_zmq_pushpull,zmq_tcp,none,none,,1,5583,512,584,1785153442043357000,1785153442043358000,1785153442043358000,1785153442043359000,1785153442043518000,1785153442043522000,1785153442043522000,1785153442043522000,121932490,121652369,-121.121,1.000,0.000,1.000,4.000,0.000,0.000,16.000,0,0,0
B3_zmq_pushpull,zmq_tcp,none,none,,1,5584,512,584,1785153442044373000,1785153442044373000,1785153442044373000,1785153442044374000,1785153442044524000,1785153442044526000,1785153442044526000,1785153442044526000,121932490,121652369,-130.121,0.000,0.000,1.000,2.000,0.000,0.000,9.000,0,0,0
B3_zmq_pushpull,zmq_tcp,none,none,,1,5585,512,584,1785153442045537000,1785153442045537000,1785153442045537000,1785153442045538000,1785153442045661000,1785153442045664000,1785153442045664000,1785153442045664000,121932490,121652369,-157.121,0.000,0.000,1.000,3.000,0.000,0.000,27.000,0,0,0
B3_zmq_pushpull,zmq_tcp,none,none,,1,5586,512,584,1785153442046500000,1785153442046500000,1785153442046500000,1785153442046501000,1785153442046668000,1785153442046670000,1785153442046670000,1785153442046670000,121932490,121652369,-113.121,0.000,0.000,1.000,2.000,0.000,0.000,44.000,0,0,0
B3_zmq_pushpull,zmq_tcp,none,none,,1,5587,512,584,1785153442047504000,1785153442047504000,1785153442047505000,1785153442047505000,1785153442047660000,1785153442047663000,1785153442047663000,1785153442047663000,121932490,121652369,-125.121,0.000,1.000,0.000,3.000,0.000,0.000,12.000,0,0,0
B3_zmq_pushpull,zmq_tcp,none,none,,1,5588,512,584,1785153442048504000,1785153442048504000,1785153442048504000,1785153442048505000,1785153442048669000,1785153442048672000,1785153442048672000,1785153442048672000,121932490,121652369,-116.121,0.000,0.000,1.000,3.000,0.000,0.000,9.000,0,0,0
B3_zmq_pushpull,zmq_tcp,none,none,,1,5589,512,584,1785153442049504000,1785153442049504000,1785153442049504000,1785153442049505000,1785153442049674000,1785153442049677000,1785153442049677000,1785153442049677000,121932490,121652369,-111.121,0.000,0.000,1.000,3.000,0.000,0.000,5.000,0,0,0
B3_zmq_pushpull,zmq_tcp,none,none,,1,5590,512,584,1785153442050502000,1785153442050502000,1785153442050502000,1785153442050503000,1785153442050682000,1785153442050685000,1785153442050685000,1785153442050685000,121932490,121652369,-101.121,0.000,0.000,1.000,3.000,0.000,0.000,10.000,0,0,0
B3_zmq_pushpull,zmq_tcp,none,none,,1,5591,512,584,1785153442051400000,1785153442051401000,1785153442051401000,1785153442051402000,1785153442051561000,1785153442051564000,1785153442051564000,1785153442051564000,121932490,121652369,-121.121,1.000,0.000,1.000,3.000,0.000,0.000,20.000,0,0,0
B3_zmq_pushpull,zmq_tcp,none,none,,1,5592,512,584,1785153442052396000,1785153442052396000,1785153442052396000,1785153442052397000,1785153442052547000,1785153442052549000,1785153442052549000,1785153442052549000,121932490,121652369,-130.121,0.000,0.000,1.000,2.000,0.000,0.000,9.000,0,0,0
B3_zmq_pushpull,zmq_tcp,none,none,,1,5593,512,584,1785153442053531000,1785153442053531000,1785153442053531000,1785153442053532000,1785153442053684000,1785153442053686000,1785153442053686000,1785153442053686000,121932490,121652369,-128.121,0.000,0.000,1.000,2.000,0.000,0.000,2.000,0,0,0
B3_zmq_pushpull,zmq_tcp,none,none,,1,5594,512,584,1785153442054495000,1785153442054495000,1785153442054495000,1785153442054496000,1785153442054542000,1785153442054546000,1785153442054546000,1785153442054546000,121932490,121652369,-234.121,0.000,0.000,1.000,4.000,0.000,0.000,106.000,0,0,0
B3_zmq_pushpull,zmq_tcp,none,none,,1,5595,512,584,1785153442055507000,1785153442055507000,1785153442055507000,1785153442055508000,1785153442055553000,1785153442055556000,1785153442055556000,1785153442055556000,121932490,121652369,-235.121,0.000,0.000,1.000,3.000,0.000,0.000,1.000,0,0,0
B3_zmq_pushpull,zmq_tcp,none,none,,1,5596,512,584,1785153442056397000,1785153442056397000,1785153442056397000,1785153442056398000,1785153442056541000,1785153442056544000,1785153442056544000,1785153442056544000,121932490,121652369,-137.121,0.000,0.000,1.000,3.000,0.000,0.000,98.000,0,0,0
B3_zmq_pushpull,zmq_tcp,none,none,,1,5597,512,584,1785153442057531000,1785153442057531000,1785153442057531000,1785153442057532000,1785153442057685000,1785153442057688000,1785153442057688000,1785153442057688000,121932490,121652369,-127.121,0.000,0.000,1.000,3.000,0.000,0.000,10.000,0,0,0
B3_zmq_pushpull,zmq_tcp,none,none,,1,5598,512,584,1785153442058496000,1785153442058496000,1785153442058496000,1785153442058497000,1785153442058544000,1785153442058547000,1785153442058547000,1785153442058547000,121932490,121652369,-233.121,0.000,0.000,1.000,3.000,0.000,0.000,106.000,0,0,0
B3_zmq_pushpull,zmq_tcp,none,none,,1,5599,512,584,1785153442059388000,1785153442059388000,1785153442059388000,1785153442059389000,1785153442059548000,1785153442059550000,1785153442059550000,1785153442059550000,121932490,121652369,-121.121,0.000,0.000,1.000,2.000,0.000,0.000,112.000,0,0,0
B3_zmq_pushpull,zmq_tcp,none,none,,1,5600,512,584,1785153442060538000,1785153442060538000,1785153442060538000,1785153442060539000,1785153442060702000,1785153442060705000,1785153442060705000,1785153442060705000,121932490,121652369,-117.121,0.000,0.000,1.000,3.000,0.000,0.000,4.000,0,0,0
B3_zmq_pushpull,zmq_tcp,none,none,,1,5601,512,584,1785153442061492000,1785153442061492000,1785153442061492000,1785153442061493000,1785153442061540000,1785153442061544000,1785153442061544000,1785153442061544000,121932490,121652369,-233.121,0.000,0.000,1.000,4.000,0.000,0.000,116.000,0,0,0
B3_zmq_pushpull,zmq_tcp,none,none,,1,5602,512,584,1785153442062506000,1785153442062506000,1785153442062506000,1785153442062507000,1785153442062552000,1785153442062556000,1785153442062556000,1785153442062556000,121932490,121652369,-235.121,0.000,0.000,1.000,4.000,0.000,0.000,2.000,0,0,0
B3_zmq_pushpull,zmq_tcp,none,none,,1,5603,512,584,1785153442063504000,1785153442063504000,1785153442063504000,1785153442063505000,1785153442063669000,1785153442063672000,1785153442063672000,1785153442063672000,121932490,121652369,-116.121,0.000,0.000,1.000,3.000,0.000,0.000,119.000,0,0,0
B3_zmq_pushpull,zmq_tcp,none,none,,1,5604,512,584,1785153442064373000,1785153442064373000,1785153442064373000,1785153442064374000,1785153442064529000,1785153442064532000,1785153442064532000,1785153442064532000,121932490,121652369,-125.121,0.000,0.000,1.000,3.000,0.000,0.000,9.000,0,0,0
B3_zmq_pushpull,zmq_tcp,none,none,,1,5605,512,584,1785153442065357000,1785153442065357000,1785153442065357000,1785153442065358000,1785153442065513000,1785153442065516000,1785153442065516000,1785153442065516000,121932490,121652369,-125.121,0.000,0.000,1.000,3.000,0.000,0.000,0.000,0,0,0
B3_zmq_pushpull,zmq_tcp,none,none,,1,5606,512,584,1785153442066355000,1785153442066355000,1785153442066355000,1785153442066356000,1785153442066516000,1785153442066519000,1785153442066519000,1785153442066519000,121932490,121652369,-120.121,0.000,0.000,1.000,3.000,0.000,0.000,5.000,0,0,0
B3_zmq_pushpull,zmq_tcp,none,none,,1,5607,512,584,1785153442067540000,1785153442067540000,1785153442067541000,1785153442067541000,1785153442067630000,1785153442067634000,1785153442067634000,1785153442067634000,121932490,121652369,-191.121,0.000,1.000,0.000,4.000,0.000,0.000,71.000,0,0,0
B3_zmq_pushpull,zmq_tcp,none,none,,1,5608,512,584,1785153442068492000,1785153442068492000,1785153442068492000,1785153442068493000,1785153442068609000,1785153442068612000,1785153442068612000,1785153442068612000,121932490,121652369,-164.121,0.000,0.000,1.000,3.000,0.000,0.000,27.000,0,0,0
B3_zmq_pushpull,zmq_tcp,none,none,,1,5609,512,584,1785153442069506000,1785153442069506000,1785153442069506000,1785153442069507000,1785153442069594000,1785153442069598000,1785153442069598000,1785153442069598000,121932490,121652369,-193.121,0.000,0.000,1.000,4.000,0.000,0.000,29.000,0,0,0
B3_zmq_pushpull,zmq_tcp,none,none,,1,5610,512,584,1785153442070426000,1785153442070427000,1785153442070427000,1785153442070428000,1785153442070584000,1785153442070587000,1785153442070587000,1785153442070587000,121932490,121652369,-124.121,1.000,0.000,1.000,3.000,0.000,0.000,69.000,0,0,0
B3_zmq_pushpull,zmq_tcp,none,none,,1,5611,512,584,1785153442071412000,1785153442071412000,1785153442071412000,1785153442071413000,1785153442071565000,1785153442071570000,1785153442071570000,1785153442071570000,121932490,121652369,-128.121,0.000,0.000,1.000,5.000,0.000,0.000,4.000,0,0,0
B3_zmq_pushpull,zmq_tcp,none,none,,1,5612,512,584,1785153442072393000,1785153442072393000,1785153442072393000,1785153442072394000,1785153442072545000,1785153442072548000,1785153442072548000,1785153442072548000,121932490,121652369,-129.121,0.000,0.000,1.000,3.000,0.000,0.000,1.000,0,0,0
B3_zmq_pushpull,zmq_tcp,none,none,,1,5613,512,584,1785153442073365000,1785153442073365000,1785153442073365000,1785153442073366000,1785153442073518000,1785153442073520000,1785153442073520000,1785153442073520000,121932490,121652369,-128.121,0.000,0.000,1.000,2.000,0.000,0.000,1.000,0,0,0
B3_zmq_pushpull,zmq_tcp,none,none,,1,5614,512,584,1785153442074343000,1785153442074343000,1785153442074343000,1785153442074344000,1785153442074504000,1785153442074507000,1785153442074507000,1785153442074507000,121932490,121652369,-120.121,0.000,0.000,1.000,3.000,0.000,0.000,8.000,0,0,0
B3_zmq_pushpull,zmq_tcp,none,none,,1,5615,512,584,1785153442075544000,1785153442075544000,1785153442075544000,1785153442075545000,1785153442075625000,1785153442075628000,1785153442075628000,1785153442075628000,121932490,121652369,-200.121,0.000,0.000,1.000,3.000,0.000,0.000,80.000,0,0,0
B3_zmq_pushpull,zmq_tcp,none,none,,1,5616,512,584,1785153442076490000,1785153442076490000,1785153442076490000,1785153442076491000,1785153442076611000,1785153442076613000,1785153442076613000,1785153442076613000,121932490,121652369,-160.121,0.000,0.000,1.000,2.000,0.000,0.000,40.000,0,0,0
B3_zmq_pushpull,zmq_tcp,none,none,,1,5617,512,584,1785153442077508000,1785153442077509000,1785153442077509000,1785153442077510000,1785153442077577000,1785153442077580000,1785153442077580000,1785153442077580000,121932490,121652369,-213.121,1.000,0.000,1.000,3.000,0.000,0.000,53.000,0,0,0
B3_zmq_pushpull,zmq_tcp,none,none,,1,5618,512,584,1785153442078503000,1785153442078503000,1785153442078503000,1785153442078504000,1785153442078557000,1785153442078560000,1785153442078560000,1785153442078560000,121932490,121652369,-227.121,0.000,0.000,1.000,3.000,0.000,0.000,14.000,0,0,0
B3_zmq_pushpull,zmq_tcp,none,none,,1,5619,512,584,1785153442079401000,1785153442079401000,1785153442079401000,1785153442079402000,1785153442079553000,1785153442079556000,1785153442079556000,1785153442079556000,121932490,121652369,-129.121,0.000,0.000,1.000,3.000,0.000,0.000,98.000,0,0,0
B3_zmq_pushpull,zmq_tcp,none,none,,1,5620,512,584,1785153442080531000,1785153442080531000,1785153442080531000,1785153442080532000,1785153442080692000,1785153442080695000,1785153442080695000,1785153442080695000,121932490,121652369,-120.121,0.000,0.000,1.000,3.000,0.000,0.000,9.000,0,0,0
B3_zmq_pushpull,zmq_tcp,none,none,,1,5621,512,584,1785153442081378000,1785153442081379000,1785153442081379000,1785153442081380000,1785153442081524000,1785153442081528000,1785153442081528000,1785153442081528000,121932490,121652369,-136.121,1.000,0.000,1.000,4.000,0.000,0.000,16.000,0,0,0
B3_zmq_pushpull,zmq_tcp,none,none,,1,5622,512,584,1785153442082535000,1785153442082536000,1785153442082536000,1785153442082537000,1785153442082639000,1785153442082641000,1785153442082641000,1785153442082641000,121932490,121652369,-178.121,1.000,0.000,1.000,2.000,0.000,0.000,42.000,0,0,0
B3_zmq_pushpull,zmq_tcp,none,none,,1,5623,512,584,1785153442083334000,1785153442083334000,1785153442083334000,1785153442083335000,1785153442083487000,1785153442083489000,1785153442083489000,1785153442083489000,121932490,121652369,-128.121,0.000,0.000,1.000,2.000,0.000,0.000,50.000,0,0,0
B3_zmq_pushpull,zmq_tcp,none,none,,1,5624,512,584,1785153442084312000,1785153442084312000,1785153442084313000,1785153442084313000,1785153442084464000,1785153442084467000,1785153442084467000,1785153442084467000,121932490,121652369,-129.121,0.000,1.000,0.000,3.000,0.000,0.000,1.000,0,0,0
B3_zmq_pushpull,zmq_tcp,none,none,,1,5625,512,584,1785153442085309000,1785153442085309000,1785153442085309000,1785153442085310000,1785153442085452000,1785153442085455000,1785153442085455000,1785153442085455000,121932490,121652369,-138.121,0.000,0.000,1.000,3.000,0.000,0.000,9.000,0,0,0
B3_zmq_pushpull,zmq_tcp,none,none,,1,5626,512,584,1785153442086431000,1785153442086431000,1785153442086432000,1785153442086432000,1785153442086589000,1785153442086592000,1785153442086592000,1785153442086592000,121932490,121652369,-123.121,0.000,1.000,0.000,3.000,0.000,0.000,15.000,0,0,0
B3_zmq_pushpull,zmq_tcp,none,none,,1,5627,512,584,1785153442087417000,1785153442087417000,1785153442087417000,1785153442087418000,1785153442087576000,1785153442087579000,1785153442087579000,1785153442087579000,121932490,121652369,-122.121,0.000,0.000,1.000,3.000,0.000,0.000,1.000,0,0,0
B3_zmq_pushpull,zmq_tcp,none,none,,1,5628,512,584,1785153442088525000,1785153442088525000,1785153442088525000,1785153442088526000,1785153442088708000,1785153442088711000,1785153442088711000,1785153442088711000,121932490,121652369,-98.121,0.000,0.000,1.000,3.000,0.000,0.000,24.000,0,0,0
B3_zmq_pushpull,zmq_tcp,none,none,,1,5629,512,584,1785153442089498000,1785153442089498000,1785153442089498000,1785153442089499000,1785153442089566000,1785153442089569000,1785153442089569000,1785153442089569000,121932490,121652369,-213.121,0.000,0.000,1.000,3.000,0.000,0.000,115.000,0,0,0
B3_zmq_pushpull,zmq_tcp,none,none,,1,5630,512,584,1785153442090502000,1785153442090502000,1785153442090502000,1785153442090503000,1785153442090548000,1785153442090551000,1785153442090551000,1785153442090551000,121932490,121652369,-235.121,0.000,0.000,1.000,3.000,0.000,0.000,22.000,0,0,0
B3_zmq_pushpull,zmq_tcp,none,none,,1,5631,512,584,1785153442091505000,1785153442091505000,1785153442091505000,1785153442091506000,1785153442091554000,1785153442091557000,1785153442091557000,1785153442091557000,121932490,121652369,-232.121,0.000,0.000,1.000,3.000,0.000,0.000,3.000,0,0,0
B3_zmq_pushpull,zmq_tcp,none,none,,1,5632,512,584,1785153442092503000,1785153442092503000,1785153442092503000,1785153442092504000,1785153442092686000,1785153442092689000,1785153442092689000,1785153442092689000,121932490,121652369,-98.121,0.000,0.000,1.000,3.000,0.000,0.000,134.000,0,0,0
B3_zmq_pushpull,zmq_tcp,none,none,,1,5633,512,584,1785153442093502000,1785153442093502000,1785153442093502000,1785153442093503000,1785153442093561000,1785153442093565000,1785153442093565000,1785153442093565000,121932490,121652369,-222.121,0.000,0.000,1.000,4.000,0.000,0.000,124.000,0,0,0
B3_zmq_pushpull,zmq_tcp,none,none,,1,5634,512,584,1785153442094503000,1785153442094503000,1785153442094503000,1785153442094504000,1785153442094571000,1785153442094574000,1785153442094574000,1785153442094574000,121932490,121652369,-213.121,0.000,0.000,1.000,3.000,0.000,0.000,9.000,0,0,0
B3_zmq_pushpull,zmq_tcp,none,none,,1,5635,512,584,1785153442095405000,1785153442095405000,1785153442095405000,1785153442095406000,1785153442095549000,1785153442095552000,1785153442095552000,1785153442095552000,121932490,121652369,-137.121,0.000,0.000,1.000,3.000,0.000,0.000,76.000,0,0,0
B3_zmq_pushpull,zmq_tcp,none,none,,1,5636,512,584,1785153442096528000,1785153442096529000,1785153442096529000,1785153442096529000,1785153442096666000,1785153442096669000,1785153442096669000,1785153442096669000,121932490,121652369,-143.121,1.000,0.000,0.000,3.000,0.000,0.000,6.000,0,0,0
B3_zmq_pushpull,zmq_tcp,none,none,,1,5637,512,584,1785153442097369000,1785153442097370000,1785153442097370000,1785153442097371000,1785153442097509000,1785153442097512000,1785153442097512000,1785153442097512000,121932490,121652369,-142.121,1.000,0.000,1.000,3.000,0.000,0.000,1.000,0,0,0
B3_zmq_pushpull,zmq_tcp,none,none,,1,5638,512,584,1785153442098349000,1785153442098349000,1785153442098349000,1785153442098350000,1785153442098500000,1785153442098503000,1785153442098503000,1785153442098503000,121932490,121652369,-130.121,0.000,0.000,1.000,3.000,0.000,0.000,12.000,0,0,0
B3_zmq_pushpull,zmq_tcp,none,none,,1,5639,512,584,1785153442099331000,1785153442099331000,1785153442099331000,1785153442099333000,1785153442099492000,1785153442099495000,1785153442099495000,1785153442099495000,121932490,121652369,-121.121,0.000,0.000,2.000,3.000,0.000,0.000,9.000,0,0,0
B3_zmq_pushpull,zmq_tcp,none,none,,1,5640,512,584,1785153442100547000,1785153442100547000,1785153442100547000,1785153442100548000,1785153442100618000,1785153442100621000,1785153442100621000,1785153442100621000,121932490,121652369,-210.121,0.000,0.000,1.000,3.000,0.000,0.000,89.000,0,0,0
B3_zmq_pushpull,zmq_tcp,none,none,,1,5641,512,584,1785153442101494000,1785153442101494000,1785153442101494000,1785153442101495000,1785153442101592000,1785153442101595000,1785153442101595000,1785153442101595000,121932490,121652369,-183.121,0.000,0.000,1.000,3.000,0.000,0.000,27.000,0,0,0
B3_zmq_pushpull,zmq_tcp,none,none,,1,5642,512,584,1785153442102506000,1785153442102506000,1785153442102506000,1785153442102507000,1785153442102583000,1785153442102586000,1785153442102586000,1785153442102586000,121932490,121652369,-204.121,0.000,0.000,1.000,3.000,0.000,0.000,21.000,0,0,0
B3_zmq_pushpull,zmq_tcp,none,none,,1,5643,512,584,1785153442103503000,1785153442103504000,1785153442103504000,1785153442103505000,1785153442103584000,1785153442103587000,1785153442103587000,1785153442103587000,121932490,121652369,-201.121,1.000,0.000,1.000,3.000,0.000,0.000,3.000,0,0,0
B3_zmq_pushpull,zmq_tcp,none,none,,1,5644,512,584,1785153442104424000,1785153442104424000,1785153442104424000,1785153442104425000,1785153442104583000,1785153442104588000,1785153442104588000,1785153442104588000,121932490,121652369,-122.121,0.000,0.000,1.000,5.000,0.000,0.000,79.000,0,0,0
B3_zmq_pushpull,zmq_tcp,none,none,,1,5645,512,584,1785153442105528000,1785153442105528000,1785153442105528000,1785153442105529000,1785153442105581000,1785153442105585000,1785153442105585000,1785153442105585000,121932490,121652369,-228.121,0.000,0.000,1.000,4.000,0.000,0.000,106.000,0,0,0
B3_zmq_pushpull,zmq_tcp,none,none,,1,5646,512,584,1785153442106499000,1785153442106499000,1785153442106499000,1785153442106500000,1785153442106574000,1785153442106577000,1785153442106577000,1785153442106577000,121932490,121652369,-206.121,0.000,0.000,1.000,3.000,0.000,0.000,22.000,0,0,0
B3_zmq_pushpull,zmq_tcp,none,none,,1,5647,512,584,1785153442107506000,1785153442107506000,1785153442107506000,1785153442107507000,1785153442107700000,1785153442107702000,1785153442107703000,1785153442107703000,121932490,121652369,-87.121,0.000,0.000,1.000,2.000,1.000,0.000,119.000,0,0,0
B3_zmq_pushpull,zmq_tcp,none,none,,1,5648,512,584,1785153442108502000,1785153442108502000,1785153442108502000,1785153442108503000,1785153442108557000,1785153442108560000,1785153442108560000,1785153442108560000,121932490,121652369,-226.121,0.000,0.000,1.000,3.000,0.000,0.000,139.000,0,0,0
B3_zmq_pushpull,zmq_tcp,none,none,,1,5649,512,584,1785153442109506000,1785153442109506000,1785153442109506000,1785153442109507000,1785153442109688000,1785153442109691000,1785153442109691000,1785153442109691000,121932490,121652369,-99.121,0.000,0.000,1.000,3.000,0.000,0.000,127.000,0,0,0
B3_zmq_pushpull,zmq_tcp,none,none,,1,5650,512,584,1785153442110504000,1785153442110505000,1785153442110505000,1785153442110506000,1785153442110550000,1785153442110553000,1785153442110554000,1785153442110554000,121932490,121652369,-236.121,1.000,0.000,1.000,3.000,1.000,0.000,137.000,0,0,0
B3_zmq_pushpull,zmq_tcp,none,none,,1,5651,512,584,1785153442111505000,1785153442111505000,1785153442111505000,1785153442111506000,1785153442111553000,1785153442111556000,1785153442111556000,1785153442111556000,121932490,121652369,-233.121,0.000,0.000,1.000,3.000,0.000,0.000,3.000,0,0,0
B3_zmq_pushpull,zmq_tcp,none,none,,1,5652,512,584,1785153442112397000,1785153442112398000,1785153442112398000,1785153442112399000,1785153442112544000,1785153442112547000,1785153442112547000,1785153442112547000,121932490,121652369,-135.121,1.000,0.000,1.000,3.000,0.000,0.000,98.000,0,0,0
B3_zmq_pushpull,zmq_tcp,none,none,,1,5653,512,584,1785153442113532000,1785153442113532000,1785153442113532000,1785153442113533000,1785153442113692000,1785153442113695000,1785153442113695000,1785153442113695000,121932490,121652369,-121.121,0.000,0.000,1.000,3.000,0.000,0.000,14.000,0,0,0
B3_zmq_pushpull,zmq_tcp,none,none,,1,5654,512,584,1785153442114498000,1785153442114498000,1785153442114498000,1785153442114499000,1785153442114682000,1785153442114685000,1785153442114685000,1785153442114685000,121932490,121652369,-97.121,0.000,0.000,1.000,3.000,0.000,0.000,24.000,0,0,0
B3_zmq_pushpull,zmq_tcp,none,none,,1,5655,512,584,1785153442115506000,1785153442115506000,1785153442115507000,1785153442115507000,1785153442115700000,1785153442115702000,1785153442115702000,1785153442115702000,121932490,121652369,-87.121,0.000,1.000,0.000,2.000,0.000,0.000,10.000,0,0,0
B3_zmq_pushpull,zmq_tcp,none,none,,1,5656,512,584,1785153442116501000,1785153442116501000,1785153442116501000,1785153442116502000,1785153442116561000,1785153442116565000,1785153442116565000,1785153442116565000,121932490,121652369,-221.121,0.000,0.000,1.000,4.000,0.000,0.000,134.000,0,0,0
B3_zmq_pushpull,zmq_tcp,none,none,,1,5657,512,584,1785153442117409000,1785153442117409000,1785153442117409000,1785153442117410000,1785153442117562000,1785153442117565000,1785153442117565000,1785153442117565000,121932490,121652369,-128.121,0.000,0.000,1.000,3.000,0.000,0.000,93.000,0,0,0
B3_zmq_pushpull,zmq_tcp,none,none,,1,5658,512,584,1785153442118403000,1785153442118403000,1785153442118403000,1785153442118404000,1785153442118549000,1785153442118552000,1785153442118552000,1785153442118552000,121932490,121652369,-135.121,0.000,0.000,1.000,3.000,0.000,0.000,7.000,0,0,0
B3_zmq_pushpull,zmq_tcp,none,none,,1,5659,512,584,1785153442119399000,1785153442119399000,1785153442119399000,1785153442119400000,1785153442119557000,1785153442119560000,1785153442119560000,1785153442119560000,121932490,121652369,-123.121,0.000,0.000,1.000,3.000,0.000,0.000,12.000,0,0,0
B3_zmq_pushpull,zmq_tcp,none,none,,1,5660,512,584,1785153442120406000,1785153442120406000,1785153442120406000,1785153442120407000,1785153442120562000,1785153442120565000,1785153442120565000,1785153442120565000,121932490,121652369,-125.121,0.000,0.000,1.000,3.000,0.000,0.000,2.000,0,0,0
B3_zmq_pushpull,zmq_tcp,none,none,,1,5661,512,584,1785153442121536000,1785153442121536000,1785153442121536000,1785153442121537000,1785153442121708000,1785153442121711000,1785153442121711000,1785153442121711000,121932490,121652369,-109.121,0.000,0.000,1.000,3.000,0.000,0.000,16.000,0,0,0
B3_zmq_pushpull,zmq_tcp,none,none,,1,5662,512,584,1785153442122496000,1785153442122496000,1785153442122497000,1785153442122497000,1785153442122562000,1785153442122565000,1785153442122565000,1785153442122565000,121932490,121652369,-215.121,0.000,1.000,0.000,3.000,0.000,0.000,106.000,0,0,0
B3_zmq_pushpull,zmq_tcp,none,none,,1,5663,512,584,1785153442123508000,1785153442123508000,1785153442123509000,1785153442123509000,1785153442123694000,1785153442123697000,1785153442123697000,1785153442123697000,121932490,121652369,-95.121,0.000,1.000,0.000,3.000,0.000,0.000,120.000,0,0,0
B3_zmq_pushpull,zmq_tcp,none,none,,1,5664,512,584,1785153442124505000,1785153442124505000,1785153442124505000,1785153442124506000,1785153442124692000,1785153442124695000,1785153442124695000,1785153442124695000,121932490,121652369,-94.121,0.000,0.000,1.000,3.000,0.000,0.000,1.000,0,0,0
B3_zmq_pushpull,zmq_tcp,none,none,,1,5665,512,584,1785153442125505000,1785153442125505000,1785153442125505000,1785153442125506000,1785153442125566000,1785153442125569000,1785153442125569000,1785153442125569000,121932490,121652369,-220.121,0.000,0.000,1.000,3.000,0.000,0.000,126.000,0,0,0
B3_zmq_pushpull,zmq_tcp,none,none,,1,5666,512,584,1785153442126503000,1785153442126503000,1785153442126503000,1785153442126504000,1785153442126581000,1785153442126584000,1785153442126584000,1785153442126584000,121932490,121652369,-203.121,0.000,0.000,1.000,3.000,0.000,0.000,17.000,0,0,0
B3_zmq_pushpull,zmq_tcp,none,none,,1,5667,512,584,1785153442127508000,1785153442127508000,1785153442127508000,1785153442127509000,1785153442127580000,1785153442127583000,1785153442127583000,1785153442127583000,121932490,121652369,-209.121,0.000,0.000,1.000,3.000,0.000,0.000,6.000,0,0,0
B3_zmq_pushpull,zmq_tcp,none,none,,1,5668,512,584,1785153442128432000,1785153442128432000,1785153442128432000,1785153442128433000,1785153442128580000,1785153442128583000,1785153442128583000,1785153442128583000,121932490,121652369,-133.121,0.000,0.000,1.000,3.000,0.000,0.000,76.000,0,0,0
B3_zmq_pushpull,zmq_tcp,none,none,,1,5669,512,584,1785153442129522000,1785153442129522000,1785153442129522000,1785153442129523000,1785153442129701000,1785153442129704000,1785153442129704000,1785153442129704000,121932490,121652369,-102.121,0.000,0.000,1.000,3.000,0.000,0.000,31.000,0,0,0
B3_zmq_pushpull,zmq_tcp,none,none,,1,5670,512,584,1785153442130497000,1785153442130497000,1785153442130497000,1785153442130498000,1785153442130560000,1785153442130563000,1785153442130563000,1785153442130563000,121932490,121652369,-218.121,0.000,0.000,1.000,3.000,0.000,0.000,116.000,0,0,0
B3_zmq_pushpull,zmq_tcp,none,none,,1,5671,512,584,1785153442131507000,1785153442131507000,1785153442131507000,1785153442131508000,1785153442131565000,1785153442131568000,1785153442131568000,1785153442131568000,121932490,121652369,-223.121,0.000,0.000,1.000,3.000,0.000,0.000,5.000,0,0,0
B3_zmq_pushpull,zmq_tcp,none,none,,1,5672,512,584,1785153442132509000,1785153442132509000,1785153442132509000,1785153442132510000,1785153442132569000,1785153442132572000,1785153442132572000,1785153442132572000,121932490,121652369,-221.121,0.000,0.000,1.000,3.000,0.000,0.000,2.000,0,0,0
B3_zmq_pushpull,zmq_tcp,none,none,,1,5673,512,584,1785153442133503000,1785153442133503000,1785153442133503000,1785153442133504000,1785153442133682000,1785153442133686000,1785153442133686000,1785153442133686000,121932490,121652369,-102.121,0.000,0.000,1.000,4.000,0.000,0.000,119.000,0,0,0
B3_zmq_pushpull,zmq_tcp,none,none,,1,5674,512,584,1785153442134394000,1785153442134395000,1785153442134395000,1785153442134396000,1785153442134556000,1785153442134559000,1785153442134559000,1785153442134559000,121932490,121652369,-120.121,1.000,0.000,1.000,3.000,0.000,0.000,18.000,0,0,0
B3_zmq_pushpull,zmq_tcp,none,none,,1,5675,512,584,1785153442135535000,1785153442135535000,1785153442135535000,1785153442135536000,1785153442135703000,1785153442135705000,1785153442135705000,1785153442135705000,121932490,121652369,-113.121,0.000,0.000,1.000,2.000,0.000,0.000,7.000,0,0,0
B3_zmq_pushpull,zmq_tcp,none,none,,1,5676,512,584,1785153442136496000,1785153442136497000,1785153442136497000,1785153442136498000,1785153442136554000,1785153442136557000,1785153442136557000,1785153442136557000,121932490,121652369,-224.121,1.000,0.000,1.000,3.000,0.000,0.000,111.000,0,0,0
B3_zmq_pushpull,zmq_tcp,none,none,,1,5677,512,584,1785153442137507000,1785153442137507000,1785153442137507000,1785153442137508000,1785153442137679000,1785153442137681000,1785153442137681000,1785153442137681000,121932490,121652369,-109.121,0.000,0.000,1.000,2.000,0.000,0.000,115.000,0,0,0
B3_zmq_pushpull,zmq_tcp,none,none,,1,5678,512,584,1785153442138500000,1785153442138501000,1785153442138501000,1785153442138502000,1785153442138541000,1785153442138544000,1785153442138544000,1785153442138544000,121932490,121652369,-241.121,1.000,0.000,1.000,3.000,0.000,0.000,132.000,0,0,0
B3_zmq_pushpull,zmq_tcp,none,none,,1,5679,512,584,1785153442139506000,1785153442139506000,1785153442139506000,1785153442139507000,1785153442139548000,1785153442139551000,1785153442139551000,1785153442139551000,121932490,121652369,-239.121,0.000,0.000,1.000,3.000,0.000,0.000,2.000,0,0,0
B3_zmq_pushpull,zmq_tcp,none,none,,1,5680,512,584,1785153442140505000,1785153442140505000,1785153442140505000,1785153442140506000,1785153442140556000,1785153442140560000,1785153442140560000,1785153442140560000,121932490,121652369,-230.121,0.000,0.000,1.000,4.000,0.000,0.000,9.000,0,0,0
B3_zmq_pushpull,zmq_tcp,none,none,,1,5681,512,584,1785153442141393000,1785153442141393000,1785153442141393000,1785153442141394000,1785153442141552000,1785153442141555000,1785153442141555000,1785153442141555000,121932490,121652369,-122.121,0.000,0.000,1.000,3.000,0.000,0.000,108.000,0,0,0
B3_zmq_pushpull,zmq_tcp,none,none,,1,5682,512,584,1785153442142402000,1785153442142402000,1785153442142402000,1785153442142403000,1785153442142559000,1785153442142561000,1785153442142561000,1785153442142561000,121932490,121652369,-124.121,0.000,0.000,1.000,2.000,0.000,0.000,2.000,0,0,0
B3_zmq_pushpull,zmq_tcp,none,none,,1,5683,512,584,1785153442143420000,1785153442143420000,1785153442143420000,1785153442143421000,1785153442143577000,1785153442143580000,1785153442143580000,1785153442143580000,121932490,121652369,-124.121,0.000,0.000,1.000,3.000,0.000,0.000,0.000,0,0,0
B3_zmq_pushpull,zmq_tcp,none,none,,1,5684,512,584,1785153442144528000,1785153442144528000,1785153442144528000,1785153442144529000,1785153442144725000,1785153442144728000,1785153442144728000,1785153442144728000,121932490,121652369,-84.121,0.000,0.000,1.000,3.000,0.000,0.000,40.000,0,0,0
B3_zmq_pushpull,zmq_tcp,none,none,,1,5685,512,584,1785153442145498000,1785153442145498000,1785153442145498000,1785153442145499000,1785153442145570000,1785153442145572000,1785153442145572000,1785153442145572000,121932490,121652369,-209.121,0.000,0.000,1.000,2.000,0.000,0.000,125.000,0,0,0
B3_zmq_pushpull,zmq_tcp,none,none,,1,5686,512,584,1785153442146507000,1785153442146507000,1785153442146507000,1785153442146508000,1785153442146564000,1785153442146566000,1785153442146566000,1785153442146566000,121932490,121652369,-224.121,0.000,0.000,1.000,2.000,0.000,0.000,15.000,0,0,0
B3_zmq_pushpull,zmq_tcp,none,none,,1,5687,512,584,1785153442147505000,1785153442147505000,1785153442147505000,1785153442147506000,1785153442147551000,1785153442147554000,1785153442147554000,1785153442147554000,121932490,121652369,-235.121,0.000,0.000,1.000,3.000,0.000,0.000,11.000,0,0,0
B3_zmq_pushpull,zmq_tcp,none,none,,1,5688,512,584,1785153442148506000,1785153442148507000,1785153442148507000,1785153442148508000,1785153442148699000,1785153442148701000,1785153442148701000,1785153442148702000,121932490,121652369,-89.121,1.000,0.000,1.000,2.000,0.000,1.000,146.000,0,0,0
B3_zmq_pushpull,zmq_tcp,none,none,,1,5689,512,584,1785153442149503000,1785153442149503000,1785153442149503000,1785153442149504000,1785153442149569000,1785153442149572000,1785153442149572000,1785153442149572000,121932490,121652369,-215.121,0.000,0.000,1.000,3.000,0.000,0.000,126.000,0,0,0
B3_zmq_pushpull,zmq_tcp,none,none,,1,5690,512,584,1785153442150506000,1785153442150506000,1785153442150507000,1785153442150508000,1785153442150575000,1785153442150577000,1785153442150577000,1785153442150577000,121932490,121652369,-213.121,0.000,1.000,1.000,2.000,0.000,0.000,2.000,0,0,0
B3_zmq_pushpull,zmq_tcp,none,none,,1,5691,512,584,1785153442151505000,1785153442151506000,1785153442151506000,1785153442151507000,1785153442151587000,1785153442151590000,1785153442151590000,1785153442151590000,121932490,121652369,-200.121,1.000,0.000,1.000,3.000,0.000,0.000,13.000,0,0,0
B3_zmq_pushpull,zmq_tcp,none,none,,1,5692,512,584,1785153442152504000,1785153442152505000,1785153442152505000,1785153442152506000,1785153442152583000,1785153442152585000,1785153442152585000,1785153442152585000,121932490,121652369,-203.121,1.000,0.000,1.000,2.000,0.000,0.000,3.000,0,0,0
B3_zmq_pushpull,zmq_tcp,none,none,,1,5693,512,584,1785153442153502000,1785153442153502000,1785153442153502000,1785153442153503000,1785153442153567000,1785153442153570000,1785153442153570000,1785153442153570000,121932490,121652369,-216.121,0.000,0.000,1.000,3.000,0.000,0.000,13.000,0,0,0
B3_zmq_pushpull,zmq_tcp,none,none,,1,5694,512,584,1785153442154418000,1785153442154418000,1785153442154418000,1785153442154419000,1785153442154569000,1785153442154572000,1785153442154572000,1785153442154572000,121932490,121652369,-130.121,0.000,0.000,1.000,3.000,0.000,0.000,86.000,0,0,0
B3_zmq_pushpull,zmq_tcp,none,none,,1,5695,512,584,1785153442155529000,1785153442155529000,1785153442155529000,1785153442155530000,1785153442155692000,1785153442155695000,1785153442155695000,1785153442155695000,121932490,121652369,-118.121,0.000,0.000,1.000,3.000,0.000,0.000,12.000,0,0,0
B3_zmq_pushpull,zmq_tcp,none,none,,1,5696,512,584,1785153442156499000,1785153442156499000,1785153442156499000,1785153442156500000,1785153442156549000,1785153442156552000,1785153442156552000,1785153442156552000,121932490,121652369,-231.121,0.000,0.000,1.000,3.000,0.000,0.000,113.000,0,0,0
B3_zmq_pushpull,zmq_tcp,none,none,,1,5697,512,584,1785153442157404000,1785153442157404000,1785153442157404000,1785153442157405000,1785153442157563000,1785153442157565000,1785153442157565000,1785153442157565000,121932490,121652369,-122.121,0.000,0.000,1.000,2.000,0.000,0.000,109.000,0,0,0
B3_zmq_pushpull,zmq_tcp,none,none,,1,5698,512,584,1785153442158531000,1785153442158531000,1785153442158531000,1785153442158532000,1785153442158681000,1785153442158684000,1785153442158684000,1785153442158684000,121932490,121652369,-131.121,0.000,0.000,1.000,3.000,0.000,0.000,9.000,0,0,0
B3_zmq_pushpull,zmq_tcp,none,none,,1,5699,512,584,1785153442159495000,1785153442159495000,1785153442159495000,1785153442159496000,1785153442159531000,1785153442159534000,1785153442159534000,1785153442159534000,121932490,121652369,-245.121,0.000,0.000,1.000,3.000,0.000,0.000,114.000,0,0,0
B3_zmq_pushpull,zmq_tcp,none,none,,1,5700,512,584,1785153442160507000,1785153442160507000,1785153442160507000,1785153442160508000,1785153442160672000,1785153442160675000,1785153442160675000,1785153442160675000,121932490,121652369,-116.121,0.000,0.000,1.000,3.000,0.000,0.000,129.000,0,0,0
B3_zmq_pushpull,zmq_tcp,none,none,,1,5701,512,584,1785153442161383000,1785153442161383000,1785153442161383000,1785153442161384000,1785153442161533000,1785153442161536000,1785153442161536000,1785153442161536000,121932490,121652369,-131.121,0.000,0.000,1.000,3.000,0.000,0.000,15.000,0,0,0
B3_zmq_pushpull,zmq_tcp,none,none,,1,5702,512,584,1785153442162385000,1785153442162385000,1785153442162385000,1785153442162386000,1785153442162547000,1785153442162549000,1785153442162549000,1785153442162549000,121932490,121652369,-119.121,0.000,0.000,1.000,2.000,0.000,0.000,12.000,0,0,0
B3_zmq_pushpull,zmq_tcp,none,none,,1,5703,512,584,1785153442163387000,1785153442163387000,1785153442163387000,1785153442163388000,1785153442163537000,1785153442163540000,1785153442163540000,1785153442163540000,121932490,121652369,-131.121,0.000,0.000,1.000,3.000,0.000,0.000,12.000,0,0,0
B3_zmq_pushpull,zmq_tcp,none,none,,1,5704,512,584,1785153442164534000,1785153442164534000,1785153442164534000,1785153442164535000,1785153442164693000,1785153442164696000,1785153442164696000,1785153442164696000,121932490,121652369,-122.121,0.000,0.000,1.000,3.000,0.000,0.000,9.000,0,0,0
B3_zmq_pushpull,zmq_tcp,none,none,,1,5705,512,584,1785153442165498000,1785153442165498000,1785153442165498000,1785153442165499000,1785153442165554000,1785153442165558000,1785153442165558000,1785153442165558000,121932490,121652369,-225.121,0.000,0.000,1.000,4.000,0.000,0.000,103.000,0,0,0
B3_zmq_pushpull,zmq_tcp,none,none,,1,5706,512,584,1785153442166503000,1785153442166503000,1785153442166503000,1785153442166504000,1785153442166563000,1785153442166565000,1785153442166565000,1785153442166565000,121932490,121652369,-221.121,0.000,0.000,1.000,2.000,0.000,0.000,4.000,0,0,0
B3_zmq_pushpull,zmq_tcp,none,none,,1,5707,512,584,1785153442167505000,1785153442167505000,1785153442167505000,1785153442167506000,1785153442167568000,1785153442167571000,1785153442167571000,1785153442167571000,121932490,121652369,-218.121,0.000,0.000,1.000,3.000,0.000,0.000,3.000,0,0,0
B3_zmq_pushpull,zmq_tcp,none,none,,1,5708,512,584,1785153442168505000,1785153442168505000,1785153442168506000,1785153442168506000,1785153442168570000,1785153442168573000,1785153442168573000,1785153442168573000,121932490,121652369,-216.121,0.000,1.000,0.000,3.000,0.000,0.000,2.000,0,0,0
B3_zmq_pushpull,zmq_tcp,none,none,,1,5709,512,584,1785153442169501000,1785153442169501000,1785153442169501000,1785153442169502000,1785153442169570000,1785153442169572000,1785153442169572000,1785153442169572000,121932490,121652369,-212.121,0.000,0.000,1.000,2.000,0.000,0.000,4.000,0,0,0
B3_zmq_pushpull,zmq_tcp,none,none,,1,5710,512,584,1785153442170507000,1785153442170507000,1785153442170507000,1785153442170508000,1785153442170572000,1785153442170575000,1785153442170575000,1785153442170575000,121932490,121652369,-216.121,0.000,0.000,1.000,3.000,0.000,0.000,4.000,0,0,0
B3_zmq_pushpull,zmq_tcp,none,none,,1,5711,512,584,1785153442171505000,1785153442171505000,1785153442171505000,1785153442171506000,1785153442171569000,1785153442171572000,1785153442171572000,1785153442171572000,121932490,121652369,-217.121,0.000,0.000,1.000,3.000,0.000,0.000,1.000,0,0,0
B3_zmq_pushpull,zmq_tcp,none,none,,1,5712,512,584,1785153442172505000,1785153442172505000,1785153442172506000,1785153442172506000,1785153442172576000,1785153442172579000,1785153442172579000,1785153442172579000,121932490,121652369,-210.121,0.000,1.000,0.000,3.000,0.000,0.000,7.000,0,0,0
B3_zmq_pushpull,zmq_tcp,none,none,,1,5713,512,584,1785153442173501000,1785153442173501000,1785153442173501000,1785153442173502000,1785153442173572000,1785153442173575000,1785153442173575000,1785153442173575000,121932490,121652369,-210.121,0.000,0.000,1.000,3.000,0.000,0.000,0.000,0,0,0
B3_zmq_pushpull,zmq_tcp,none,none,,1,5714,512,584,1785153442174506000,1785153442174506000,1785153442174506000,1785153442174507000,1785153442174560000,1785153442174563000,1785153442174563000,1785153442174563000,121932490,121652369,-227.121,0.000,0.000,1.000,3.000,0.000,0.000,17.000,0,0,0
B3_zmq_pushpull,zmq_tcp,none,none,,1,5715,512,584,1785153442175505000,1785153442175505000,1785153442175505000,1785153442175506000,1785153442175568000,1785153442175571000,1785153442175571000,1785153442175571000,121932490,121652369,-218.121,0.000,0.000,1.000,3.000,0.000,0.000,9.000,0,0,0
B3_zmq_pushpull,zmq_tcp,none,none,,1,5716,512,584,1785153442176505000,1785153442176505000,1785153442176505000,1785153442176506000,1785153442176561000,1785153442176564000,1785153442176564000,1785153442176564000,121932490,121652369,-225.121,0.000,0.000,1.000,3.000,0.000,0.000,7.000,0,0,0
B3_zmq_pushpull,zmq_tcp,none,none,,1,5717,512,584,1785153442177403000,1785153442177403000,1785153442177403000,1785153442177404000,1785153442177561000,1785153442177564000,1785153442177564000,1785153442177564000,121932490,121652369,-123.121,0.000,0.000,1.000,3.000,0.000,0.000,102.000,0,0,0
B3_zmq_pushpull,zmq_tcp,none,none,,1,5718,512,584,1785153442178534000,1785153442178534000,1785153442178535000,1785153442178536000,1785153442178699000,1785153442178701000,1785153442178702000,1785153442178702000,121932490,121652369,-117.121,0.000,1.000,1.000,2.000,1.000,0.000,6.000,0,0,0
B3_zmq_pushpull,zmq_tcp,none,none,,1,5719,512,584,1785153442179497000,1785153442179497000,1785153442179497000,1785153442179498000,1785153442179541000,1785153442179545000,1785153442179545000,1785153442179545000,121932490,121652369,-237.121,0.000,0.000,1.000,4.000,0.000,0.000,120.000,0,0,0
B3_zmq_pushpull,zmq_tcp,none,none,,1,5720,512,584,1785153442180506000,1785153442180506000,1785153442180506000,1785153442180507000,1785153442180651000,1785153442180653000,1785153442180653000,1785153442180653000,121932490,121652369,-136.121,0.000,0.000,1.000,2.000,0.000,0.000,101.000,0,0,0
B3_zmq_pushpull,zmq_tcp,none,none,,1,5721,512,584,1785153442181503000,1785153442181503000,1785153442181503000,1785153442181504000,1785153442181637000,1785153442181639000,1785153442181639000,1785153442181639000,121932490,121652369,-147.121,0.000,0.000,1.000,2.000,0.000,0.000,11.000,0,0,0
B3_zmq_pushpull,zmq_tcp,none,none,,1,5722,512,584,1785153442182506000,1785153442182506000,1785153442182506000,1785153442182507000,1785153442182643000,1785153442182646000,1785153442182646000,1785153442182646000,121932490,121652369,-144.121,0.000,0.000,1.000,3.000,0.000,0.000,3.000,0,0,0
B3_zmq_pushpull,zmq_tcp,none,none,,1,5723,512,584,1785153442183504000,1785153442183504000,1785153442183504000,1785153442183505000,1785153442183648000,1785153442183651000,1785153442183651000,1785153442183651000,121932490,121652369,-137.121,0.000,0.000,1.000,3.000,0.000,0.000,7.000,0,0,0
B3_zmq_pushpull,zmq_tcp,none,none,,1,5724,512,584,1785153442184346000,1785153442184346000,1785153442184346000,1785153442184347000,1785153442184507000,1785153442184510000,1785153442184510000,1785153442184510000,121932490,121652369,-120.121,0.000,0.000,1.000,3.000,0.000,0.000,17.000,0,0,0
B3_zmq_pushpull,zmq_tcp,none,none,,1,5725,512,584,1785153442185359000,1785153442185359000,1785153442185359000,1785153442185360000,1785153442185516000,1785153442185519000,1785153442185519000,1785153442185519000,121932490,121652369,-124.121,0.000,0.000,1.000,3.000,0.000,0.000,4.000,0,0,0
B3_zmq_pushpull,zmq_tcp,none,none,,1,5726,512,584,1785153442186370000,1785153442186370000,1785153442186370000,1785153442186371000,1785153442186515000,1785153442186519000,1785153442186519000,1785153442186519000,121932490,121652369,-136.121,0.000,0.000,1.000,4.000,0.000,0.000,12.000,0,0,0
B3_zmq_pushpull,zmq_tcp,none,none,,1,5727,512,584,1785153442187349000,1785153442187349000,1785153442187349000,1785153442187350000,1785153442187504000,1785153442187507000,1785153442187507000,1785153442187507000,121932490,121652369,-126.121,0.000,0.000,1.000,3.000,0.000,0.000,10.000,0,0,0
B3_zmq_pushpull,zmq_tcp,none,none,,1,5728,512,584,1785153442188346000,1785153442188346000,1785153442188347000,1785153442188347000,1785153442188491000,1785153442188494000,1785153442188494000,1785153442188494000,121932490,121652369,-136.121,0.000,1.000,0.000,3.000,0.000,0.000,10.000,0,0,0
B3_zmq_pushpull,zmq_tcp,none,none,,1,5729,512,584,1785153442189345000,1785153442189345000,1785153442189345000,1785153442189346000,1785153442189503000,1785153442189505000,1785153442189505000,1785153442189505000,121932490,121652369,-123.121,0.000,0.000,1.000,2.000,0.000,0.000,13.000,0,0,0
B3_zmq_pushpull,zmq_tcp,none,none,,1,5730,512,584,1785153442190355000,1785153442190355000,1785153442190355000,1785153442190356000,1785153442190505000,1785153442190508000,1785153442190508000,1785153442190508000,121932490,121652369,-131.121,0.000,0.000,1.000,3.000,0.000,0.000,8.000,0,0,0
B3_zmq_pushpull,zmq_tcp,none,none,,1,5731,512,584,1785153442191354000,1785153442191354000,1785153442191354000,1785153442191355000,1785153442191512000,1785153442191515000,1785153442191515000,1785153442191515000,121932490,121652369,-123.121,0.000,0.000,1.000,3.000,0.000,0.000,8.000,0,0,0
B3_zmq_pushpull,zmq_tcp,none,none,,1,5732,512,584,1785153442192543000,1785153442192543000,1785153442192543000,1785153442192544000,1785153442192634000,1785153442192637000,1785153442192637000,1785153442192637000,121932490,121652369,-190.121,0.000,0.000,1.000,3.000,0.000,0.000,67.000,0,0,0
B3_zmq_pushpull,zmq_tcp,none,none,,1,5733,512,584,1785153442193496000,1785153442193496000,1785153442193496000,1785153442193497000,1785153442193642000,1785153442193645000,1785153442193645000,1785153442193645000,121932490,121652369,-135.121,0.000,0.000,1.000,3.000,0.000,0.000,55.000,0,0,0
B3_zmq_pushpull,zmq_tcp,none,none,,1,5734,512,584,1785153442194506000,1785153442194506000,1785153442194506000,1785153442194507000,1785153442194648000,1785153442194651000,1785153442194651000,1785153442194652000,121932490,121652369,-139.121,0.000,0.000,1.000,3.000,0.000,1.000,4.000,0,0,0
B3_zmq_pushpull,zmq_tcp,none,none,,1,5735,512,584,1785153442195350000,1785153442195351000,1785153442195351000,1785153442195352000,1785153442195504000,1785153442195507000,1785153442195507000,1785153442195507000,121932490,121652369,-128.121,1.000,0.000,1.000,3.000,0.000,0.000,11.000,0,0,0
B3_zmq_pushpull,zmq_tcp,none,none,,1,5736,512,584,1785153442196357000,1785153442196358000,1785153442196358000,1785153442196359000,1785153442196506000,1785153442196508000,1785153442196508000,1785153442196508000,121932490,121652369,-133.121,1.000,0.000,1.000,2.000,0.000,0.000,5.000,0,0,0
B3_zmq_pushpull,zmq_tcp,none,none,,1,5737,512,584,1785153442197542000,1785153442197542000,1785153442197542000,1785153442197543000,1785153442197649000,1785153442197652000,1785153442197652000,1785153442197652000,121932490,121652369,-174.121,0.000,0.000,1.000,3.000,0.000,0.000,41.000,0,0,0
B3_zmq_pushpull,zmq_tcp,none,none,,1,5738,512,584,1785153442198493000,1785153442198494000,1785153442198494000,1785153442198495000,1785153442198655000,1785153442198657000,1785153442198657000,1785153442198657000,121932490,121652369,-120.121,1.000,0.000,1.000,2.000,0.000,0.000,54.000,0,0,0
B3_zmq_pushpull,zmq_tcp,none,none,,1,5739,512,584,1785153442199507000,1785153442199508000,1785153442199508000,1785153442199509000,1785153442199671000,1785153442199674000,1785153442199674000,1785153442199674000,121932490,121652369,-118.121,1.000,0.000,1.000,3.000,0.000,0.000,2.000,0,0,0
B3_zmq_pushpull,zmq_tcp,none,none,,1,5740,512,584,1785153442200505000,1785153442200505000,1785153442200505000,1785153442200506000,1785153442200672000,1785153442200675000,1785153442200675000,1785153442200675000,121932490,121652369,-114.121,0.000,0.000,1.000,3.000,0.000,0.000,4.000,0,0,0
B3_zmq_pushpull,zmq_tcp,none,none,,1,5741,512,584,1785153442201504000,1785153442201504000,1785153442201504000,1785153442201505000,1785153442201650000,1785153442201652000,1785153442201652000,1785153442201652000,121932490,121652369,-135.121,0.000,0.000,1.000,2.000,0.000,0.000,21.000,0,0,0
B3_zmq_pushpull,zmq_tcp,none,none,,1,5742,512,584,1785153442202502000,1785153442202502000,1785153442202502000,1785153442202503000,1785153442202646000,1785153442202648000,1785153442202648000,1785153442202648000,121932490,121652369,-137.121,0.000,0.000,1.000,2.000,0.000,0.000,2.000,0,0,0
B3_zmq_pushpull,zmq_tcp,none,none,,1,5743,512,584,1785153442203512000,1785153442203512000,1785153442203512000,1785153442203513000,1785153442203635000,1785153442203638000,1785153442203638000,1785153442203638000,121932490,121652369,-158.121,0.000,0.000,1.000,3.000,0.000,0.000,21.000,0,0,0
B3_zmq_pushpull,zmq_tcp,none,none,,1,5744,512,584,1785153442204503000,1785153442204504000,1785153442204504000,1785153442204504000,1785153442204642000,1785153442204645000,1785153442204645000,1785153442204645000,121932490,121652369,-142.121,1.000,0.000,0.000,3.000,0.000,0.000,16.000,0,0,0
B3_zmq_pushpull,zmq_tcp,none,none,,1,5745,512,584,1785153442205352000,1785153442205352000,1785153442205352000,1785153442205353000,1785153442205511000,1785153442205514000,1785153442205514000,1785153442205514000,121932490,121652369,-122.121,0.000,0.000,1.000,3.000,0.000,0.000,20.000,0,0,0
B3_zmq_pushpull,zmq_tcp,none,none,,1,5746,512,584,1785153442206346000,1785153442206347000,1785153442206347000,1785153442206347000,1785153442206504000,1785153442206507000,1785153442206507000,1785153442206507000,121932490,121652369,-123.121,1.000,0.000,0.000,3.000,0.000,0.000,1.000,0,0,0
B3_zmq_pushpull,zmq_tcp,none,none,,1,5747,512,584,1785153442207356000,1785153442207357000,1785153442207357000,1785153442207358000,1785153442207511000,1785153442207514000,1785153442207514000,1785153442207514000,121932490,121652369,-127.121,1.000,0.000,1.000,3.000,0.000,0.000,4.000,0,0,0
B3_zmq_pushpull,zmq_tcp,none,none,,1,5748,512,584,1785153442208542000,1785153442208542000,1785153442208542000,1785153442208543000,1785153442208656000,1785153442208659000,1785153442208659000,1785153442208659000,121932490,121652369,-167.121,0.000,0.000,1.000,3.000,0.000,0.000,40.000,0,0,0
B3_zmq_pushpull,zmq_tcp,none,none,,1,5749,512,584,1785153442209493000,1785153442209493000,1785153442209493000,1785153442209494000,1785153442209651000,1785153442209654000,1785153442209654000,1785153442209654000,121932490,121652369,-123.121,0.000,0.000,1.000,3.000,0.000,0.000,44.000,0,0,0
B3_zmq_pushpull,zmq_tcp,none,none,,1,5750,512,584,1785153442210510000,1785153442210510000,1785153442210510000,1785153442210511000,1785153442210660000,1785153442210663000,1785153442210663000,1785153442210663000,121932490,121652369,-131.121,0.000,0.000,1.000,3.000,0.000,0.000,8.000,0,0,0
B3_zmq_pushpull,zmq_tcp,none,none,,1,5751,512,584,1785153442211504000,1785153442211504000,1785153442211504000,1785153442211505000,1785153442211667000,1785153442211670000,1785153442211670000,1785153442211670000,121932490,121652369,-118.121,0.000,0.000,1.000,3.000,0.000,0.000,13.000,0,0,0
B3_zmq_pushpull,zmq_tcp,none,none,,1,5752,512,584,1785153442212505000,1785153442212505000,1785153442212505000,1785153442212506000,1785153442212671000,1785153442212674000,1785153442212674000,1785153442212674000,121932490,121652369,-115.121,0.000,0.000,1.000,3.000,0.000,0.000,3.000,0,0,0
B3_zmq_pushpull,zmq_tcp,none,none,,1,5753,512,584,1785153442213504000,1785153442213504000,1785153442213504000,1785153442213505000,1785153442213675000,1785153442213678000,1785153442213678000,1785153442213678000,121932490,121652369,-110.121,0.000,0.000,1.000,3.000,0.000,0.000,5.000,0,0,0
B3_zmq_pushpull,zmq_tcp,none,none,,1,5754,512,584,1785153442214376000,1785153442214376000,1785153442214376000,1785153442214377000,1785153442214530000,1785153442214532000,1785153442214532000,1785153442214532000,121932490,121652369,-127.121,0.000,0.000,1.000,2.000,0.000,0.000,17.000,0,0,0
B3_zmq_pushpull,zmq_tcp,none,none,,1,5755,512,584,1785153442215380000,1785153442215380000,1785153442215380000,1785153442215381000,1785153442215534000,1785153442215536000,1785153442215536000,1785153442215536000,121932490,121652369,-127.121,0.000,0.000,1.000,2.000,0.000,0.000,0.000,0,0,0
B3_zmq_pushpull,zmq_tcp,none,none,,1,5756,512,584,1785153442216365000,1785153442216366000,1785153442216366000,1785153442216367000,1785153442216501000,1785153442216504000,1785153442216504000,1785153442216504000,121932490,121652369,-146.121,1.000,0.000,1.000,3.000,0.000,0.000,19.000,0,0,0
B3_zmq_pushpull,zmq_tcp,none,none,,1,5757,512,584,1785153442217538000,1785153442217538000,1785153442217538000,1785153442217539000,1785153442217655000,1785153442217658000,1785153442217658000,1785153442217658000,121932490,121652369,-164.121,0.000,0.000,1.000,3.000,0.000,0.000,18.000,0,0,0
B3_zmq_pushpull,zmq_tcp,none,none,,1,5758,512,584,1785153442218500000,1785153442218500000,1785153442218500000,1785153442218501000,1785153442218658000,1785153442218660000,1785153442218660000,1785153442218661000,121932490,121652369,-123.121,0.000,0.000,1.000,2.000,0.000,1.000,41.000,0,0,0
B3_zmq_pushpull,zmq_tcp,none,none,,1,5759,512,584,1785153442219510000,1785153442219510000,1785153442219510000,1785153442219511000,1785153442219639000,1785153442219642000,1785153442219642000,1785153442219642000,121932490,121652369,-152.121,0.000,0.000,1.000,3.000,0.000,0.000,29.000,0,0,0
B3_zmq_pushpull,zmq_tcp,none,none,,1,5760,512,584,1785153442220504000,1785153442220504000,1785153442220504000,1785153442220505000,1785153442220635000,1785153442220638000,1785153442220638000,1785153442220638000,121932490,121652369,-150.121,0.000,0.000,1.000,3.000,0.000,0.000,2.000,0,0,0
B3_zmq_pushpull,zmq_tcp,none,none,,1,5761,512,584,1785153442221505000,1785153442221505000,1785153442221505000,1785153442221506000,1785153442221635000,1785153442221638000,1785153442221638000,1785153442221638000,121932490,121652369,-151.121,0.000,0.000,1.000,3.000,0.000,0.000,1.000,0,0,0
B3_zmq_pushpull,zmq_tcp,none,none,,1,5762,512,584,1785153442222505000,1785153442222505000,1785153442222505000,1785153442222506000,1785153442222630000,1785153442222632000,1785153442222632000,1785153442222632000,121932490,121652369,-156.121,0.000,0.000,1.000,2.000,0.000,0.000,5.000,0,0,0
B3_zmq_pushpull,zmq_tcp,none,none,,1,5763,512,584,1785153442223491000,1785153442223492000,1785153442223492000,1785153442223493000,1785153442223632000,1785153442223635000,1785153442223635000,1785153442223635000,121932490,121652369,-141.121,1.000,0.000,1.000,3.000,0.000,0.000,15.000,0,0,0
B3_zmq_pushpull,zmq_tcp,none,none,,1,5764,512,584,1785153442224337000,1785153442224337000,1785153442224337000,1785153442224338000,1785153442224498000,1785153442224500000,1785153442224500000,1785153442224500000,121932490,121652369,-120.121,0.000,0.000,1.000,2.000,0.000,0.000,21.000,0,0,0
B3_zmq_pushpull,zmq_tcp,none,none,,1,5765,512,584,1785153442225550000,1785153442225550000,1785153442225550000,1785153442225551000,1785153442225654000,1785153442225656000,1785153442225656000,1785153442225656000,121932490,121652369,-177.121,0.000,0.000,1.000,2.000,0.000,0.000,57.000,0,0,0
B3_zmq_pushpull,zmq_tcp,none,none,,1,5766,512,584,1785153442226498000,1785153442226498000,1785153442226498000,1785153442226499000,1785153442226659000,1785153442226662000,1785153442226662000,1785153442226662000,121932490,121652369,-120.121,0.000,0.000,1.000,3.000,0.000,0.000,57.000,0,0,0
B3_zmq_pushpull,zmq_tcp,none,none,,1,5767,512,584,1785153442227507000,1785153442227507000,1785153442227507000,1785153442227508000,1785153442227663000,1785153442227666000,1785153442227666000,1785153442227666000,121932490,121652369,-125.121,0.000,0.000,1.000,3.000,0.000,0.000,5.000,0,0,0
B3_zmq_pushpull,zmq_tcp,none,none,,1,5768,512,584,1785153442228504000,1785153442228504000,1785153442228504000,1785153442228505000,1785153442228659000,1785153442228662000,1785153442228662000,1785153442228662000,121932490,121652369,-126.121,0.000,0.000,1.000,3.000,0.000,0.000,1.000,0,0,0
B3_zmq_pushpull,zmq_tcp,none,none,,1,5769,512,584,1785153442229504000,1785153442229504000,1785153442229504000,1785153442229505000,1785153442229646000,1785153442229648000,1785153442229648000,1785153442229648000,121932490,121652369,-139.121,0.000,0.000,1.000,2.000,0.000,0.000,13.000,0,0,0
B3_zmq_pushpull,zmq_tcp,none,none,,1,5770,512,584,1785153442230502000,1785153442230502000,1785153442230502000,1785153442230503000,1785153442230640000,1785153442230643000,1785153442230643000,1785153442230643000,121932490,121652369,-143.121,0.000,0.000,1.000,3.000,0.000,0.000,4.000,0,0,0
B3_zmq_pushpull,zmq_tcp,none,none,,1,5771,512,584,1785153442231507000,1785153442231508000,1785153442231508000,1785153442231509000,1785153442231640000,1785153442231643000,1785153442231643000,1785153442231643000,121932490,121652369,-149.121,1.000,0.000,1.000,3.000,0.000,0.000,6.000,0,0,0
B3_zmq_pushpull,zmq_tcp,none,none,,1,5772,512,584,1785153442232504000,1785153442232504000,1785153442232504000,1785153442232505000,1785153442232647000,1785153442232650000,1785153442232650000,1785153442232650000,121932490,121652369,-138.121,0.000,0.000,1.000,3.000,0.000,0.000,11.000,0,0,0
B3_zmq_pushpull,zmq_tcp,none,none,,1,5773,512,584,1785153442233505000,1785153442233505000,1785153442233505000,1785153442233506000,1785153442233640000,1785153442233643000,1785153442233643000,1785153442233643000,121932490,121652369,-146.121,0.000,0.000,1.000,3.000,0.000,0.000,8.000,0,0,0
B3_zmq_pushpull,zmq_tcp,none,none,,1,5774,512,584,1785153442234502000,1785153442234502000,1785153442234502000,1785153442234503000,1785153442234647000,1785153442234650000,1785153442234650000,1785153442234650000,121932490,121652369,-136.121,0.000,0.000,1.000,3.000,0.000,0.000,10.000,0,0,0
B3_zmq_pushpull,zmq_tcp,none,none,,1,5775,512,584,1785153442235505000,1785153442235506000,1785153442235506000,1785153442235507000,1785153442235659000,1785153442235662000,1785153442235662000,1785153442235662000,121932490,121652369,-128.121,1.000,0.000,1.000,3.000,0.000,0.000,8.000,0,0,0
B3_zmq_pushpull,zmq_tcp,none,none,,1,5776,512,584,1785153442236362000,1785153442236362000,1785153442236362000,1785153442236363000,1785153442236515000,1785153442236518000,1785153442236518000,1785153442236518000,121932490,121652369,-128.121,0.000,0.000,1.000,3.000,0.000,0.000,0.000,0,0,0
B3_zmq_pushpull,zmq_tcp,none,none,,1,5777,512,584,1785153442237353000,1785153442237353000,1785153442237353000,1785153442237354000,1785153442237507000,1785153442237510000,1785153442237510000,1785153442237510000,121932490,121652369,-127.121,0.000,0.000,1.000,3.000,0.000,0.000,1.000,0,0,0
B3_zmq_pushpull,zmq_tcp,none,none,,1,5778,512,584,1785153442238544000,1785153442238545000,1785153442238545000,1785153442238546000,1785153442238647000,1785153442238650000,1785153442238650000,1785153442238650000,121932490,121652369,-179.121,1.000,0.000,1.000,3.000,0.000,0.000,52.000,0,0,0
B3_zmq_pushpull,zmq_tcp,none,none,,1,5779,512,584,1785153442239496000,1785153442239496000,1785153442239496000,1785153442239497000,1785153442239654000,1785153442239656000,1785153442239657000,1785153442239657000,121932490,121652369,-123.121,0.000,0.000,1.000,2.000,1.000,0.000,56.000,0,0,0
B3_zmq_pushpull,zmq_tcp,none,none,,1,5780,512,584,1785153442240508000,1785153442240508000,1785153442240508000,1785153442240509000,1785153442240664000,1785153442240667000,1785153442240667000,1785153442240667000,121932490,121652369,-125.121,0.000,0.000,1.000,3.000,0.000,0.000,2.000,0,0,0
B3_zmq_pushpull,zmq_tcp,none,none,,1,5781,512,584,1785153442241505000,1785153442241505000,1785153442241505000,1785153442241506000,1785153442241683000,1785153442241686000,1785153442241686000,1785153442241686000,121932490,121652369,-103.121,0.000,0.000,1.000,3.000,0.000,0.000,22.000,0,0,0
B3_zmq_pushpull,zmq_tcp,none,none,,1,5782,512,584,1785153442242505000,1785153442242505000,1785153442242505000,1785153442242506000,1785153442242674000,1785153442242677000,1785153442242677000,1785153442242677000,121932490,121652369,-112.121,0.000,0.000,1.000,3.000,0.000,0.000,9.000,0,0,0
B3_zmq_pushpull,zmq_tcp,none,none,,1,5783,512,584,1785153442243505000,1785153442243505000,1785153442243505000,1785153442243506000,1785153442243662000,1785153442243664000,1785153442243664000,1785153442243664000,121932490,121652369,-124.121,0.000,0.000,1.000,2.000,0.000,0.000,12.000,0,0,0
B3_zmq_pushpull,zmq_tcp,none,none,,1,5784,512,584,1785153442244505000,1785153442244505000,1785153442244505000,1785153442244506000,1785153442244666000,1785153442244668000,1785153442244668000,1785153442244668000,121932490,121652369,-120.121,0.000,0.000,1.000,2.000,0.000,0.000,4.000,0,0,0
B3_zmq_pushpull,zmq_tcp,none,none,,1,5785,512,584,1785153442245504000,1785153442245504000,1785153442245504000,1785153442245505000,1785153442245664000,1785153442245672000,1785153442245672000,1785153442245672000,121932490,121652369,-121.121,0.000,0.000,1.000,8.000,0.000,0.000,1.000,0,0,0
B3_zmq_pushpull,zmq_tcp,none,none,,1,5786,512,584,1785153442246504000,1785153442246504000,1785153442246504000,1785153442246505000,1785153442246643000,1785153442246646000,1785153442246646000,1785153442246646000,121932490,121652369,-142.121,0.000,0.000,1.000,3.000,0.000,0.000,21.000,0,0,0
B3_zmq_pushpull,zmq_tcp,none,none,,1,5787,512,584,1785153442247505000,1785153442247505000,1785153442247505000,1785153442247506000,1785153442247655000,1785153442247658000,1785153442247658000,1785153442247658000,121932490,121652369,-131.121,0.000,0.000,1.000,3.000,0.000,0.000,11.000,0,0,0
B3_zmq_pushpull,zmq_tcp,none,none,,1,5788,512,584,1785153442248504000,1785153442248504000,1785153442248504000,1785153442248505000,1785153442248663000,1785153442248666000,1785153442248666000,1785153442248666000,121932490,121652369,-122.121,0.000,0.000,1.000,3.000,0.000,0.000,9.000,0,0,0
B3_zmq_pushpull,zmq_tcp,none,none,,1,5789,512,584,1785153442249504000,1785153442249504000,1785153442249504000,1785153442249505000,1785153442249652000,1785153442249655000,1785153442249655000,1785153442249655000,121932490,121652369,-133.121,0.000,0.000,1.000,3.000,0.000,0.000,11.000,0,0,0
B3_zmq_pushpull,zmq_tcp,none,none,,1,5790,512,584,1785153442250505000,1785153442250505000,1785153442250505000,1785153442250506000,1785153442250657000,1785153442250659000,1785153442250659000,1785153442250659000,121932490,121652369,-129.121,0.000,0.000,1.000,2.000,0.000,0.000,4.000,0,0,0
B3_zmq_pushpull,zmq_tcp,none,none,,1,5791,512,584,1785153442251504000,1785153442251505000,1785153442251505000,1785153442251506000,1785153442251644000,1785153442251648000,1785153442251648000,1785153442251648000,121932490,121652369,-142.121,1.000,0.000,1.000,4.000,0.000,0.000,13.000,0,0,0
B3_zmq_pushpull,zmq_tcp,none,none,,1,5792,512,584,1785153442252502000,1785153442252503000,1785153442252503000,1785153442252504000,1785153442252652000,1785153442252655000,1785153442252655000,1785153442252655000,121932490,121652369,-132.121,1.000,0.000,1.000,3.000,0.000,0.000,10.000,0,0,0
B3_zmq_pushpull,zmq_tcp,none,none,,1,5793,512,584,1785153442253506000,1785153442253507000,1785153442253507000,1785153442253508000,1785153442253659000,1785153442253661000,1785153442253661000,1785153442253661000,121932490,121652369,-129.121,1.000,0.000,1.000,2.000,0.000,0.000,3.000,0,0,0
B3_zmq_pushpull,zmq_tcp,none,none,,1,5794,512,584,1785153442254370000,1785153442254370000,1785153442254370000,1785153442254371000,1785153442254530000,1785153442254537000,1785153442254537000,1785153442254537000,121932490,121652369,-121.121,0.000,0.000,1.000,7.000,0.000,0.000,8.000,0,0,0
B3_zmq_pushpull,zmq_tcp,none,none,,1,5795,512,584,1785153442255390000,1785153442255390000,1785153442255390000,1785153442255391000,1785153442255538000,1785153442255541000,1785153442255541000,1785153442255541000,121932490,121652369,-133.121,0.000,0.000,1.000,3.000,0.000,0.000,12.000,0,0,0
B3_zmq_pushpull,zmq_tcp,none,none,,1,5796,512,584,1785153442256394000,1785153442256394000,1785153442256394000,1785153442256395000,1785153442256549000,1785153442256551000,1785153442256551000,1785153442256551000,121932490,121652369,-126.121,0.000,0.000,1.000,2.000,0.000,0.000,7.000,0,0,0
B3_zmq_pushpull,zmq_tcp,none,none,,1,5797,512,584,1785153442257383000,1785153442257383000,1785153442257383000,1785153442257384000,1785153442257537000,1785153442257539000,1785153442257539000,1785153442257539000,121932490,121652369,-127.121,0.000,0.000,1.000,2.000,0.000,0.000,1.000,0,0,0
B3_zmq_pushpull,zmq_tcp,none,none,,1,5798,512,584,1785153442258368000,1785153442258369000,1785153442258369000,1785153442258369000,1785153442258522000,1785153442258525000,1785153442258525000,1785153442258525000,121932490,121652369,-127.121,1.000,0.000,0.000,3.000,0.000,0.000,0.000,0,0,0
B3_zmq_pushpull,zmq_tcp,none,none,,1,5799,512,584,1785153442259372000,1785153442259373000,1785153442259373000,1785153442259374000,1785153442259530000,1785153442259533000,1785153442259533000,1785153442259533000,121932490,121652369,-124.121,1.000,0.000,1.000,3.000,0.000,0.000,3.000,0,0,0
B3_zmq_pushpull,zmq_tcp,none,none,,1,5800,512,584,1785153442260534000,1785153442260534000,1785153442260534000,1785153442260535000,1785153442260669000,1785153442260672000,1785153442260672000,1785153442260672000,121932490,121652369,-146.121,0.000,0.000,1.000,3.000,0.000,0.000,22.000,0,0,0
B3_zmq_pushpull,zmq_tcp,none,none,,1,5801,512,584,1785153442261503000,1785153442261503000,1785153442261503000,1785153442261504000,1785153442261685000,1785153442261687000,1785153442261687000,1785153442261687000,121932490,121652369,-99.121,0.000,0.000,1.000,2.000,0.000,0.000,47.000,0,0,0
B3_zmq_pushpull,zmq_tcp,none,none,,1,5802,512,584,1785153442262506000,1785153442262507000,1785153442262507000,1785153442262508000,1785153442262567000,1785153442262570000,1785153442262570000,1785153442262570000,121932490,121652369,-221.121,1.000,0.000,1.000,3.000,0.000,0.000,122.000,0,0,0
B3_zmq_pushpull,zmq_tcp,none,none,,1,5803,512,584,1785153442263504000,1785153442263504000,1785153442263504000,1785153442263505000,1785153442263563000,1785153442263566000,1785153442263566000,1785153442263566000,121932490,121652369,-222.121,0.000,0.000,1.000,3.000,0.000,0.000,1.000,0,0,0
B3_zmq_pushpull,zmq_tcp,none,none,,1,5804,512,584,1785153442264505000,1785153442264505000,1785153442264505000,1785153442264506000,1785153442264552000,1785153442264556000,1785153442264556000,1785153442264556000,121932490,121652369,-234.121,0.000,0.000,1.000,4.000,0.000,0.000,12.000,0,0,0
B3_zmq_pushpull,zmq_tcp,none,none,,1,5805,512,584,1785153442265505000,1785153442265505000,1785153442265506000,1785153442265506000,1785153442265545000,1785153442265549000,1785153442265549000,1785153442265549000,121932490,121652369,-241.121,0.000,1.000,0.000,4.000,0.000,0.000,7.000,0,0,0
B3_zmq_pushpull,zmq_tcp,none,none,,1,5806,512,584,1785153442266392000,1785153442266393000,1785153442266393000,1785153442266394000,1785153442266550000,1785153442266553000,1785153442266553000,1785153442266553000,121932490,121652369,-124.121,1.000,0.000,1.000,3.000,0.000,0.000,117.000,0,0,0
B3_zmq_pushpull,zmq_tcp,none,none,,1,5807,512,584,1785153442267532000,1785153442267532000,1785153442267532000,1785153442267533000,1785153442267713000,1785153442267715000,1785153442267715000,1785153442267715000,121932490,121652369,-100.121,0.000,0.000,1.000,2.000,0.000,0.000,24.000,0,0,0
B3_zmq_pushpull,zmq_tcp,none,none,,1,5808,512,584,1785153442268498000,1785153442268499000,1785153442268499000,1785153442268500000,1785153442268585000,1785153442268588000,1785153442268588000,1785153442268588000,121932490,121652369,-195.121,1.000,0.000,1.000,3.000,0.000,0.000,95.000,0,0,0
B3_zmq_pushpull,zmq_tcp,none,none,,1,5809,512,584,1785153442269427000,1785153442269427000,1785153442269427000,1785153442269428000,1785153442269585000,1785153442269587000,1785153442269587000,1785153442269587000,121932490,121652369,-123.121,0.000,0.000,1.000,2.000,0.000,0.000,72.000,0,0,0
B3_zmq_pushpull,zmq_tcp,none,none,,1,5810,512,584,1785153442270421000,1785153442270422000,1785153442270422000,1785153442270423000,1785153442270566000,1785153442270568000,1785153442270568000,1785153442270568000,121932490,121652369,-137.121,1.000,0.000,1.000,2.000,0.000,0.000,14.000,0,0,0
B3_zmq_pushpull,zmq_tcp,none,none,,1,5811,512,584,1785153442271418000,1785153442271418000,1785153442271418000,1785153442271419000,1785153442271571000,1785153442271574000,1785153442271574000,1785153442271574000,121932490,121652369,-128.121,0.000,0.000,1.000,3.000,0.000,0.000,9.000,0,0,0
B3_zmq_pushpull,zmq_tcp,none,none,,1,5812,512,584,1785153442272527000,1785153442272527000,1785153442272527000,1785153442272528000,1785153442272701000,1785153442272703000,1785153442272703000,1785153442272703000,121932490,121652369,-107.121,0.000,0.000,1.000,2.000,0.000,0.000,21.000,0,0,0
B3_zmq_pushpull,zmq_tcp,none,none,,1,5813,512,584,1785153442273497000,1785153442273497000,1785153442273497000,1785153442273498000,1785153442273550000,1785153442273553000,1785153442273553000,1785153442273553000,121932490,121652369,-228.121,0.000,0.000,1.000,3.000,0.000,0.000,121.000,0,0,0
B3_zmq_pushpull,zmq_tcp,none,none,,1,5814,512,584,1785153442274508000,1785153442274508000,1785153442274508000,1785153442274509000,1785153442274562000,1785153442274565000,1785153442274565000,1785153442274565000,121932490,121652369,-227.121,0.000,0.000,1.000,3.000,0.000,0.000,1.000,0,0,0
B3_zmq_pushpull,zmq_tcp,none,none,,1,5815,512,584,1785153442275418000,1785153442275419000,1785153442275419000,1785153442275420000,1785153442275566000,1785153442275569000,1785153442275569000,1785153442275569000,121932490,121652369,-134.121,1.000,0.000,1.000,3.000,0.000,0.000,93.000,0,0,0
B3_zmq_pushpull,zmq_tcp,none,none,,1,5816,512,584,1785153442276529000,1785153442276529000,1785153442276529000,1785153442276530000,1785153442276698000,1785153442276701000,1785153442276702000,1785153442276702000,121932490,121652369,-112.121,0.000,0.000,1.000,3.000,1.000,0.000,22.000,0,0,0
B3_zmq_pushpull,zmq_tcp,none,none,,1,5817,512,584,1785153442277498000,1785153442277499000,1785153442277499000,1785153442277500000,1785153442277554000,1785153442277557000,1785153442277557000,1785153442277557000,121932490,121652369,-226.121,1.000,0.000,1.000,3.000,0.000,0.000,114.000,0,0,0
B3_zmq_pushpull,zmq_tcp,none,none,,1,5818,512,584,1785153442278397000,1785153442278398000,1785153442278398000,1785153442278399000,1785153442278551000,1785153442278554000,1785153442278554000,1785153442278554000,121932490,121652369,-128.121,1.000,0.000,1.000,3.000,0.000,0.000,98.000,0,0,0
B3_zmq_pushpull,zmq_tcp,none,none,,1,5819,512,584,1785153442279404000,1785153442279404000,1785153442279404000,1785153442279405000,1785153442279559000,1785153442279562000,1785153442279562000,1785153442279562000,121932490,121652369,-126.121,0.000,0.000,1.000,3.000,0.000,0.000,2.000,0,0,0
B3_zmq_pushpull,zmq_tcp,none,none,,1,5820,512,584,1785153442280377000,1785153442280378000,1785153442280378000,1785153442280379000,1785153442280533000,1785153442280536000,1785153442280536000,1785153442280536000,121932490,121652369,-126.121,1.000,0.000,1.000,3.000,0.000,0.000,0.000,0,0,0
B3_zmq_pushpull,zmq_tcp,none,none,,1,5821,512,584,1785153442281539000,1785153442281539000,1785153442281539000,1785153442281540000,1785153442281671000,1785153442281674000,1785153442281674000,1785153442281675000,121932490,121652369,-149.121,0.000,0.000,1.000,3.000,0.000,1.000,23.000,0,0,0
B3_zmq_pushpull,zmq_tcp,none,none,,1,5822,512,584,1785153442282379000,1785153442282379000,1785153442282380000,1785153442282380000,1785153442282530000,1785153442282533000,1785153442282533000,1785153442282533000,121932490,121652369,-130.121,0.000,1.000,0.000,3.000,0.000,0.000,19.000,0,0,0
B3_zmq_pushpull,zmq_tcp,none,none,,1,5823,512,584,1785153442283538000,1785153442283538000,1785153442283539000,1785153442283539000,1785153442283648000,1785153442283651000,1785153442283651000,1785153442283651000,121932490,121652369,-171.121,0.000,1.000,0.000,3.000,0.000,0.000,41.000,0,0,0
B3_zmq_pushpull,zmq_tcp,none,none,,1,5824,512,584,1785153442284493000,1785153442284493000,1785153442284494000,1785153442284494000,1785153442284621000,1785153442284624000,1785153442284624000,1785153442284624000,121932490,121652369,-153.121,0.000,1.000,0.000,3.000,0.000,0.000,18.000,0,0,0
B3_zmq_pushpull,zmq_tcp,none,none,,1,5825,512,584,1785153442285507000,1785153442285507000,1785153442285507000,1785153442285508000,1785153442285589000,1785153442285592000,1785153442285592000,1785153442285592000,121932490,121652369,-199.121,0.000,0.000,1.000,3.000,0.000,0.000,46.000,0,0,0
B3_zmq_pushpull,zmq_tcp,none,none,,1,5826,512,584,1785153442286505000,1785153442286505000,1785153442286505000,1785153442286506000,1785153442286565000,1785153442286568000,1785153442286568000,1785153442286568000,121932490,121652369,-221.121,0.000,0.000,1.000,3.000,0.000,0.000,22.000,0,0,0
B3_zmq_pushpull,zmq_tcp,none,none,,1,5827,512,584,1785153442287507000,1785153442287507000,1785153442287507000,1785153442287508000,1785153442287561000,1785153442287565000,1785153442287565000,1785153442287565000,121932490,121652369,-227.121,0.000,0.000,1.000,4.000,0.000,0.000,6.000,0,0,0
B3_zmq_pushpull,zmq_tcp,none,none,,1,5828,512,584,1785153442288391000,1785153442288391000,1785153442288391000,1785153442288392000,1785153442288545000,1785153442288548000,1785153442288548000,1785153442288548000,121932490,121652369,-127.121,0.000,0.000,1.000,3.000,0.000,0.000,100.000,0,0,0
B3_zmq_pushpull,zmq_tcp,none,none,,1,5829,512,584,1785153442289370000,1785153442289370000,1785153442289370000,1785153442289371000,1785153442289530000,1785153442289533000,1785153442289533000,1785153442289533000,121932490,121652369,-121.121,0.000,0.000,1.000,3.000,0.000,0.000,6.000,0,0,0
B3_zmq_pushpull,zmq_tcp,none,none,,1,5830,512,584,1785153442290537000,1785153442290537000,1785153442290538000,1785153442290538000,1785153442290657000,1785153442290660000,1785153442290660000,1785153442290660000,121932490,121652369,-161.121,0.000,1.000,0.000,3.000,0.000,0.000,40.000,0,0,0
B3_zmq_pushpull,zmq_tcp,none,none,,1,5831,512,584,1785153442291496000,1785153442291496000,1785153442291496000,1785153442291497000,1785153442291620000,1785153442291622000,1785153442291623000,1785153442291623000,121932490,121652369,-157.121,0.000,0.000,1.000,2.000,1.000,0.000,4.000,0,0,0
B3_zmq_pushpull,zmq_tcp,none,none,,1,5832,512,584,1785153442292507000,1785153442292507000,1785153442292507000,1785153442292508000,1785153442292605000,1785153442292608000,1785153442292608000,1785153442292608000,121932490,121652369,-183.121,0.000,0.000,1.000,3.000,0.000,0.000,26.000,0,0,0
B3_zmq_pushpull,zmq_tcp,none,none,,1,5833,512,584,1785153442293504000,1785153442293504000,1785153442293504000,1785153442293505000,1785153442293577000,1785153442293580000,1785153442293580000,1785153442293580000,121932490,121652369,-208.121,0.000,0.000,1.000,3.000,0.000,0.000,25.000,0,0,0
B3_zmq_pushpull,zmq_tcp,none,none,,1,5834,512,584,1785153442294504000,1785153442294505000,1785153442294505000,1785153442294506000,1785153442294569000,1785153442294573000,1785153442294573000,1785153442294573000,121932490,121652369,-217.121,1.000,0.000,1.000,4.000,0.000,0.000,9.000,0,0,0
B3_zmq_pushpull,zmq_tcp,none,none,,1,5835,512,584,1785153442295392000,1785153442295392000,1785153442295392000,1785153442295393000,1785153442295548000,1785153442295550000,1785153442295550000,1785153442295550000,121932490,121652369,-125.121,0.000,0.000,1.000,2.000,0.000,0.000,92.000,0,0,0
B3_zmq_pushpull,zmq_tcp,none,none,,1,5836,512,584,1785153442296366000,1785153442296366000,1785153442296366000,1785153442296367000,1785153442296521000,1785153442296524000,1785153442296524000,1785153442296524000,121932490,121652369,-126.121,0.000,0.000,1.000,3.000,0.000,0.000,1.000,0,0,0
B3_zmq_pushpull,zmq_tcp,none,none,,1,5837,512,584,1785153442297365000,1785153442297365000,1785153442297365000,1785153442297366000,1785153442297520000,1785153442297525000,1785153442297525000,1785153442297525000,121932490,121652369,-126.121,0.000,0.000,1.000,5.000,0.000,0.000,0.000,0,0,0
B3_zmq_pushpull,zmq_tcp,none,none,,1,5838,512,584,1785153442298361000,1785153442298361000,1785153442298361000,1785153442298362000,1785153442298505000,1785153442298508000,1785153442298508000,1785153442298508000,121932490,121652369,-137.121,0.000,0.000,1.000,3.000,0.000,0.000,11.000,0,0,0
B3_zmq_pushpull,zmq_tcp,none,none,,1,5839,512,584,1785153442299537000,1785153442299538000,1785153442299538000,1785153442299539000,1785153442299620000,1785153442299622000,1785153442299622000,1785153442299622000,121932490,121652369,-199.121,1.000,0.000,1.000,2.000,0.000,0.000,62.000,0,0,0
B3_zmq_pushpull,zmq_tcp,none,none,,1,5840,512,584,1785153442300496000,1785153442300496000,1785153442300496000,1785153442300497000,1785153442300600000,1785153442300603000,1785153442300603000,1785153442300603000,121932490,121652369,-177.121,0.000,0.000,1.000,3.000,0.000,0.000,22.000,0,0,0
B3_zmq_pushpull,zmq_tcp,none,none,,1,5841,512,584,1785153442301432000,1785153442301432000,1785153442301432000,1785153442301433000,1785153442301581000,1785153442301585000,1785153442301585000,1785153442301585000,121932490,121652369,-132.121,0.000,0.000,1.000,4.000,0.000,0.000,45.000,0,0,0
B3_zmq_pushpull,zmq_tcp,none,none,,1,5842,512,584,1785153442302524000,1785153442302524000,1785153442302524000,1785153442302525000,1785153442302712000,1785153442302715000,1785153442302715000,1785153442302715000,121932490,121652369,-93.121,0.000,0.000,1.000,3.000,0.000,0.000,39.000,0,0,0
B3_zmq_pushpull,zmq_tcp,none,none,,1,5843,512,584,1785153442303499000,1785153442303499000,1785153442303499000,1785153442303500000,1785153442303565000,1785153442303568000,1785153442303568000,1785153442303568000,121932490,121652369,-215.121,0.000,0.000,1.000,3.000,0.000,0.000,122.000,0,0,0
B3_zmq_pushpull,zmq_tcp,none,none,,1,5844,512,584,1785153442304507000,1785153442304507000,1785153442304507000,1785153442304508000,1785153442304685000,1785153442304688000,1785153442304688000,1785153442304688000,121932490,121652369,-103.121,0.000,0.000,1.000,3.000,0.000,0.000,112.000,0,0,0
B3_zmq_pushpull,zmq_tcp,none,none,,1,5845,512,584,1785153442305374000,1785153442305374000,1785153442305374000,1785153442305376000,1785153442305519000,1785153442305521000,1785153442305521000,1785153442305521000,121932490,121652369,-137.121,0.000,0.000,2.000,2.000,0.000,0.000,34.000,0,0,0
B3_zmq_pushpull,zmq_tcp,none,none,,1,5846,512,584,1785153442306536000,1785153442306536000,1785153442306536000,1785153442306537000,1785153442306615000,1785153442306617000,1785153442306617000,1785153442306617000,121932490,121652369,-202.121,0.000,0.000,1.000,2.000,0.000,0.000,65.000,0,0,0
B3_zmq_pushpull,zmq_tcp,none,none,,1,5847,512,584,1785153442307497000,1785153442307497000,1785153442307497000,1785153442307498000,1785153442307587000,1785153442307590000,1785153442307590000,1785153442307590000,121932490,121652369,-191.121,0.000,0.000,1.000,3.000,0.000,0.000,11.000,0,0,0
B3_zmq_pushpull,zmq_tcp,none,none,,1,5848,512,584,1785153442308509000,1785153442308509000,1785153442308510000,1785153442308511000,1785153442308563000,1785153442308566000,1785153442308566000,1785153442308566000,121932490,121652369,-228.121,0.000,1.000,1.000,3.000,0.000,0.000,37.000,0,0,0
B3_zmq_pushpull,zmq_tcp,none,none,,1,5849,512,584,1785153442309383000,1785153442309383000,1785153442309383000,1785153442309384000,1785153442309540000,1785153442309542000,1785153442309543000,1785153442309543000,121932490,121652369,-124.121,0.000,0.000,1.000,2.000,1.000,0.000,104.000,0,0,0
B3_zmq_pushpull,zmq_tcp,none,none,,1,5850,512,584,1785153442310371000,1785153442310371000,1785153442310371000,1785153442310372000,1785153442310529000,1785153442310532000,1785153442310532000,1785153442310532000,121932490,121652369,-123.121,0.000,0.000,1.000,3.000,0.000,0.000,1.000,0,0,0
B3_zmq_pushpull,zmq_tcp,none,none,,1,5851,512,584,1785153442311370000,1785153442311370000,1785153442311370000,1785153442311371000,1785153442311524000,1785153442311527000,1785153442311527000,1785153442311527000,121932490,121652369,-127.121,0.000,0.000,1.000,3.000,0.000,0.000,4.000,0,0,0
B3_zmq_pushpull,zmq_tcp,none,none,,1,5852,512,584,1785153442312344000,1785153442312344000,1785153442312345000,1785153442312346000,1785153442312488000,1785153442312490000,1785153442312490000,1785153442312490000,121932490,121652369,-138.121,0.000,1.000,1.000,2.000,0.000,0.000,11.000,0,0,0
B3_zmq_pushpull,zmq_tcp,none,none,,1,5853,512,584,1785153442313542000,1785153442313542000,1785153442313542000,1785153442313543000,1785153442313605000,1785153442313608000,1785153442313608000,1785153442313608000,121932490,121652369,-218.121,0.000,0.000,1.000,3.000,0.000,0.000,80.000,0,0,0
B3_zmq_pushpull,zmq_tcp,none,none,,1,5854,512,584,1785153442314496000,1785153442314496000,1785153442314496000,1785153442314497000,1785153442314588000,1785153442314591000,1785153442314591000,1785153442314591000,121932490,121652369,-189.121,0.000,0.000,1.000,3.000,0.000,0.000,29.000,0,0,0
B3_zmq_pushpull,zmq_tcp,none,none,,1,5855,512,584,1785153442315415000,1785153442315415000,1785153442315415000,1785153442315416000,1785153442315565000,1785153442315569000,1785153442315569000,1785153442315569000,121932490,121652369,-131.121,0.000,0.000,1.000,4.000,0.000,0.000,58.000,0,0,0
B3_zmq_pushpull,zmq_tcp,none,none,,1,5856,512,584,1785153442316527000,1785153442316527000,1785153442316527000,1785153442316528000,1785153442316703000,1785153442316705000,1785153442316705000,1785153442316705000,121932490,121652369,-105.121,0.000,0.000,1.000,2.000,0.000,0.000,26.000,0,0,0
B3_zmq_pushpull,zmq_tcp,none,none,,1,5857,512,584,1785153442317499000,1785153442317499000,1785153442317499000,1785153442317500000,1785153442317679000,1785153442317682000,1785153442317682000,1785153442317682000,121932490,121652369,-101.121,0.000,0.000,1.000,3.000,0.000,0.000,4.000,0,0,0
B3_zmq_pushpull,zmq_tcp,none,none,,1,5858,512,584,1785153442318507000,1785153442318507000,1785153442318507000,1785153442318508000,1785153442318664000,1785153442318667000,1785153442318667000,1785153442318667000,121932490,121652369,-124.121,0.000,0.000,1.000,3.000,0.000,0.000,23.000,0,0,0
B3_zmq_pushpull,zmq_tcp,none,none,,1,5859,512,584,1785153442319502000,1785153442319502000,1785153442319502000,1785153442319503000,1785153442319649000,1785153442319652000,1785153442319652000,1785153442319652000,121932490,121652369,-134.121,0.000,0.000,1.000,3.000,0.000,0.000,10.000,0,0,0
B3_zmq_pushpull,zmq_tcp,none,none,,1,5860,512,584,1785153442320347000,1785153442320347000,1785153442320347000,1785153442320348000,1785153442320500000,1785153442320503000,1785153442320503000,1785153442320503000,121932490,121652369,-128.121,0.000,0.000,1.000,3.000,0.000,0.000,6.000,0,0,0
B3_zmq_pushpull,zmq_tcp,none,none,,1,5861,512,584,1785153442321331000,1785153442321331000,1785153442321331000,1785153442321332000,1785153442321483000,1785153442321486000,1785153442321486000,1785153442321486000,121932490,121652369,-129.121,0.000,0.000,1.000,3.000,0.000,0.000,1.000,0,0,0
B3_zmq_pushpull,zmq_tcp,none,none,,1,5862,512,584,1785153442322322000,1785153442322322000,1785153442322322000,1785153442322323000,1785153442322482000,1785153442322485000,1785153442322485000,1785153442322485000,121932490,121652369,-121.121,0.000,0.000,1.000,3.000,0.000,0.000,8.000,0,0,0
B3_zmq_pushpull,zmq_tcp,none,none,,1,5863,512,584,1785153442323308000,1785153442323308000,1785153442323308000,1785153442323309000,1785153442323459000,1785153442323462000,1785153442323462000,1785153442323462000,121932490,121652369,-130.121,0.000,0.000,1.000,3.000,0.000,0.000,9.000,0,0,0
B3_zmq_pushpull,zmq_tcp,none,none,,1,5864,512,584,1785153442324427000,1785153442324427000,1785153442324428000,1785153442324428000,1785153442324587000,1785153442324589000,1785153442324589000,1785153442324589000,121932490,121652369,-121.121,0.000,1.000,0.000,2.000,0.000,0.000,9.000,0,0,0
B3_zmq_pushpull,zmq_tcp,none,none,,1,5865,512,584,1785153442325423000,1785153442325423000,1785153442325423000,1785153442325424000,1785153442325576000,1785153442325579000,1785153442325579000,1785153442325579000,121932490,121652369,-128.121,0.000,0.000,1.000,3.000,0.000,0.000,7.000,0,0,0
B3_zmq_pushpull,zmq_tcp,none,none,,1,5866,512,584,1785153442326413000,1785153442326413000,1785153442326413000,1785153442326415000,1785153442326556000,1785153442326558000,1785153442326559000,1785153442326559000,121932490,121652369,-139.121,0.000,0.000,2.000,2.000,1.000,0.000,11.000,0,0,0
B3_zmq_pushpull,zmq_tcp,none,none,,1,5867,512,584,1785153442327527000,1785153442327527000,1785153442327527000,1785153442327528000,1785153442327652000,1785153442327655000,1785153442327655000,1785153442327655000,121932490,121652369,-156.121,0.000,0.000,1.000,3.000,0.000,0.000,17.000,0,0,0
B3_zmq_pushpull,zmq_tcp,none,none,,1,5868,512,584,1785153442328499000,1785153442328499000,1785153442328499000,1785153442328500000,1785153442328640000,1785153442328643000,1785153442328643000,1785153442328643000,121932490,121652369,-140.121,0.000,0.000,1.000,3.000,0.000,0.000,16.000,0,0,0
B3_zmq_pushpull,zmq_tcp,none,none,,1,5869,512,584,1785153442329503000,1785153442329503000,1785153442329503000,1785153442329504000,1785153442329635000,1785153442329638000,1785153442329638000,1785153442329638000,121932490,121652369,-149.121,0.000,0.000,1.000,3.000,0.000,0.000,9.000,0,0,0
B3_zmq_pushpull,zmq_tcp,none,none,,1,5870,512,584,1785153442330509000,1785153442330509000,1785153442330509000,1785153442330510000,1785153442330639000,1785153442330642000,1785153442330642000,1785153442330642000,121932490,121652369,-151.121,0.000,0.000,1.000,3.000,0.000,0.000,2.000,0,0,0
B3_zmq_pushpull,zmq_tcp,none,none,,1,5871,512,584,1785153442331321000,1785153442331321000,1785153442331321000,1785153442331322000,1785153442331483000,1785153442331485000,1785153442331485000,1785153442331485000,121932490,121652369,-119.121,0.000,0.000,1.000,2.000,0.000,0.000,32.000,0,0,0
B3_zmq_pushpull,zmq_tcp,none,none,,1,5872,512,584,1785153442332552000,1785153442332552000,1785153442332552000,1785153442332553000,1785153442332608000,1785153442332611000,1785153442332611000,1785153442332611000,121932490,121652369,-225.121,0.000,0.000,1.000,3.000,0.000,0.000,106.000,0,0,0
B3_zmq_pushpull,zmq_tcp,none,none,,1,5873,512,584,1785153442333490000,1785153442333490000,1785153442333490000,1785153442333491000,1785153442333596000,1785153442333599000,1785153442333599000,1785153442333599000,121932490,121652369,-175.121,0.000,0.000,1.000,3.000,0.000,0.000,50.000,0,0,0
B3_zmq_pushpull,zmq_tcp,none,none,,1,5874,512,584,1785153442334508000,1785153442334508000,1785153442334509000,1785153442334509000,1785153442334556000,1785153442334560000,1785153442334560000,1785153442334560000,121932490,121652369,-233.121,0.000,1.000,0.000,4.000,0.000,0.000,58.000,0,0,0
B3_zmq_pushpull,zmq_tcp,none,none,,1,5875,512,584,1785153442335504000,1785153442335504000,1785153442335505000,1785153442335505000,1785153442335555000,1785153442335559000,1785153442335559000,1785153442335559000,121932490,121652369,-230.121,0.000,1.000,0.000,4.000,0.000,0.000,3.000,0,0,0
B3_zmq_pushpull,zmq_tcp,none,none,,1,5876,512,584,1785153442336507000,1785153442336507000,1785153442336507000,1785153442336508000,1785153442336689000,1785153442336692000,1785153442336692000,1785153442336692000,121932490,121652369,-99.121,0.000,0.000,1.000,3.000,0.000,0.000,131.000,0,0,0
B3_zmq_pushpull,zmq_tcp,none,none,,1,5877,512,584,1785153442337506000,1785153442337507000,1785153442337507000,1785153442337508000,1785153442337671000,1785153442337674000,1785153442337674000,1785153442337674000,121932490,121652369,-117.121,1.000,0.000,1.000,3.000,0.000,0.000,18.000,0,0,0
B3_zmq_pushpull,zmq_tcp,none,none,,1,5878,512,584,1785153442338506000,1785153442338506000,1785153442338506000,1785153442338507000,1785153442338665000,1785153442338668000,1785153442338668000,1785153442338668000,121932490,121652369,-122.121,0.000,0.000,1.000,3.000,0.000,0.000,5.000,0,0,0
B3_zmq_pushpull,zmq_tcp,none,none,,1,5879,512,584,1785153442339505000,1785153442339505000,1785153442339505000,1785153442339506000,1785153442339655000,1785153442339657000,1785153442339657000,1785153442339657000,121932490,121652369,-131.121,0.000,0.000,1.000,2.000,0.000,0.000,9.000,0,0,0
B3_zmq_pushpull,zmq_tcp,none,none,,1,5880,512,584,1785153442340504000,1785153442340504000,1785153442340504000,1785153442340505000,1785153442340633000,1785153442340636000,1785153442340636000,1785153442340636000,121932490,121652369,-152.121,0.000,0.000,1.000,3.000,0.000,0.000,21.000,0,0,0
B3_zmq_pushpull,zmq_tcp,none,none,,1,5881,512,584,1785153442341503000,1785153442341503000,1785153442341503000,1785153442341504000,1785153442341609000,1785153442341612000,1785153442341612000,1785153442341612000,121932490,121652369,-175.121,0.000,0.000,1.000,3.000,0.000,0.000,23.000,0,0,0
B3_zmq_pushpull,zmq_tcp,none,none,,1,5882,512,584,1785153442342511000,1785153442342511000,1785153442342511000,1785153442342512000,1785153442342592000,1785153442342595000,1785153442342595000,1785153442342595000,121932490,121652369,-200.121,0.000,0.000,1.000,3.000,0.000,0.000,25.000,0,0,0
B3_zmq_pushpull,zmq_tcp,none,none,,1,5883,512,584,1785153442343506000,1785153442343506000,1785153442343506000,1785153442343507000,1785153442343580000,1785153442343583000,1785153442343583000,1785153442343583000,121932490,121652369,-207.121,0.000,0.000,1.000,3.000,0.000,0.000,7.000,0,0,0
B3_zmq_pushpull,zmq_tcp,none,none,,1,5884,512,584,1785153442344508000,1785153442344508000,1785153442344508000,1785153442344509000,1785153442344564000,1785153442344566000,1785153442344566000,1785153442344566000,121932490,121652369,-225.121,0.000,0.000,1.000,2.000,0.000,0.000,18.000,0,0,0
B3_zmq_pushpull,zmq_tcp,none,none,,1,5885,512,584,1785153442345503000,1785153442345503000,1785153442345503000,1785153442345504000,1785153442345680000,1785153442345683000,1785153442345683000,1785153442345683000,121932490,121652369,-104.121,0.000,0.000,1.000,3.000,0.000,0.000,121.000,0,0,0
B3_zmq_pushpull,zmq_tcp,none,none,,1,5886,512,584,1785153442346505000,1785153442346505000,1785153442346505000,1785153442346506000,1785153442346659000,1785153442346662000,1785153442346662000,1785153442346662000,121932490,121652369,-127.121,0.000,0.000,1.000,3.000,0.000,0.000,23.000,0,0,0
B3_zmq_pushpull,zmq_tcp,none,none,,1,5887,512,584,1785153442347504000,1785153442347504000,1785153442347505000,1785153442347505000,1785153442347633000,1785153442347636000,1785153442347636000,1785153442347636000,121932490,121652369,-152.121,0.000,1.000,0.000,3.000,0.000,0.000,25.000,0,0,0
B3_zmq_pushpull,zmq_tcp,none,none,,1,5888,512,584,1785153442348477000,1785153442348478000,1785153442348478000,1785153442348479000,1785153442348616000,1785153442348619000,1785153442348619000,1785153442348619000,121932490,121652369,-143.121,1.000,0.000,1.000,3.000,0.000,0.000,9.000,0,0,0
B3_zmq_pushpull,zmq_tcp,none,none,,1,5889,512,584,1785153442349318000,1785153442349318000,1785153442349318000,1785153442349319000,1785153442349463000,1785153442349465000,1785153442349465000,1785153442349466000,121932490,121652369,-136.121,0.000,0.000,1.000,2.000,0.000,1.000,7.000,0,0,0
B3_zmq_pushpull,zmq_tcp,none,none,,1,5890,512,584,1785153442350554000,1785153442350554000,1785153442350554000,1785153442350555000,1785153442350731000,1785153442350733000,1785153442350733000,1785153442350733000,121932490,121652369,-104.121,0.000,0.000,1.000,2.000,0.000,0.000,32.000,0,0,0
B3_zmq_pushpull,zmq_tcp,none,none,,1,5891,512,584,1785153442351491000,1785153442351491000,1785153442351491000,1785153442351492000,1785153442351574000,1785153442351576000,1785153442351576000,1785153442351576000,121932490,121652369,-198.121,0.000,0.000,1.000,2.000,0.000,0.000,94.000,0,0,0
B3_zmq_pushpull,zmq_tcp,none,none,,1,5892,512,584,1785153442352513000,1785153442352513000,1785153442352513000,1785153442352514000,1785153442352555000,1785153442352558000,1785153442352558000,1785153442352558000,121932490,121652369,-239.121,0.000,0.000,1.000,3.000,0.000,0.000,41.000,0,0,0
B3_zmq_pushpull,zmq_tcp,none,none,,1,5893,512,584,1785153442353503000,1785153442353503000,1785153442353503000,1785153442353504000,1785153442353675000,1785153442353678000,1785153442353678000,1785153442353678000,121932490,121652369,-109.121,0.000,0.000,1.000,3.000,0.000,0.000,130.000,0,0,0
B3_zmq_pushpull,zmq_tcp,none,none,,1,5894,512,584,1785153442354353000,1785153442354353000,1785153442354353000,1785153442354354000,1785153442354505000,1785153442354508000,1785153442354508000,1785153442354508000,121932490,121652369,-129.121,0.000,0.000,1.000,3.000,0.000,0.000,20.000,0,0,0
B3_zmq_pushpull,zmq_tcp,none,none,,1,5895,512,584,1785153442355330000,1785153442355331000,1785153442355331000,1785153442355332000,1785153442355483000,1785153442355485000,1785153442355485000,1785153442355485000,121932490,121652369,-129.121,1.000,0.000,1.000,2.000,0.000,0.000,0.000,0,0,0
B3_zmq_pushpull,zmq_tcp,none,none,,1,5896,512,584,1785153442356315000,1785153442356315000,1785153442356316000,1785153442356317000,1785153442356446000,1785153442356448000,1785153442356448000,1785153442356448000,121932490,121652369,-151.121,0.000,1.000,1.000,2.000,0.000,0.000,22.000,0,0,0
B3_zmq_pushpull,zmq_tcp,none,none,,1,5897,512,584,1785153442357411000,1785153442357412000,1785153442357412000,1785153442357413000,1785153442357564000,1785153442357567000,1785153442357567000,1785153442357567000,121932490,121652369,-129.121,1.000,0.000,1.000,3.000,0.000,0.000,22.000,0,0,0
B3_zmq_pushpull,zmq_tcp,none,none,,1,5898,512,584,1785153442358398000,1785153442358398000,1785153442358398000,1785153442358399000,1785153442358555000,1785153442358558000,1785153442358558000,1785153442358558000,121932490,121652369,-124.121,0.000,0.000,1.000,3.000,0.000,0.000,5.000,0,0,0
B3_zmq_pushpull,zmq_tcp,none,none,,1,5899,512,584,1785153442359531000,1785153442359531000,1785153442359531000,1785153442359532000,1785153442359667000,1785153442359670000,1785153442359670000,1785153442359670000,121932490,121652369,-145.121,0.000,0.000,1.000,3.000,0.000,0.000,21.000,0,0,0
B3_zmq_pushpull,zmq_tcp,none,none,,1,5900,512,584,1785153442360354000,1785153442360354000,1785153442360354000,1785153442360355000,1785153442360505000,1785153442360508000,1785153442360508000,1785153442360508000,121932490,121652369,-130.121,0.000,0.000,1.000,3.000,0.000,0.000,15.000,0,0,0
B3_zmq_pushpull,zmq_tcp,none,none,,1,5901,512,584,1785153442361334000,1785153442361334000,1785153442361334000,1785153442361335000,1785153442361487000,1785153442361490000,1785153442361490000,1785153442361490000,121932490,121652369,-128.121,0.000,0.000,1.000,3.000,0.000,0.000,2.000,0,0,0
B3_zmq_pushpull,zmq_tcp,none,none,,1,5902,512,584,1785153442362544000,1785153442362545000,1785153442362545000,1785153442362546000,1785153442362600000,1785153442362603000,1785153442362603000,1785153442362603000,121932490,121652369,-226.121,1.000,0.000,1.000,3.000,0.000,0.000,98.000,0,0,0
B3_zmq_pushpull,zmq_tcp,none,none,,1,5903,512,584,1785153442363495000,1785153442363495000,1785153442363495000,1785153442363496000,1785153442363585000,1785153442363588000,1785153442363588000,1785153442363588000,121932490,121652369,-191.121,0.000,0.000,1.000,3.000,0.000,0.000,35.000,0,0,0
B3_zmq_pushpull,zmq_tcp,none,none,,1,5904,512,584,1785153442364507000,1785153442364507000,1785153442364507000,1785153442364508000,1785153442364707000,1785153442364709000,1785153442364709000,1785153442364709000,121932490,121652369,-81.121,0.000,0.000,1.000,2.000,0.000,0.000,110.000,0,0,0
B3_zmq_pushpull,zmq_tcp,none,none,,1,5905,512,584,1785153442365402000,1785153442365403000,1785153442365403000,1785153442365404000,1785153442365550000,1785153442365552000,1785153442365552000,1785153442365552000,121932490,121652369,-134.121,1.000,0.000,1.000,2.000,0.000,0.000,53.000,0,0,0
B3_zmq_pushpull,zmq_tcp,none,none,,1,5906,512,584,1785153442366533000,1785153442366533000,1785153442366533000,1785153442366534000,1785153442366662000,1785153442366669000,1785153442366669000,1785153442366669000,121932490,121652369,-152.121,0.000,0.000,1.000,7.000,0.000,0.000,18.000,0,0,0
B3_zmq_pushpull,zmq_tcp,none,none,,1,5907,512,584,1785153442367498000,1785153442367498000,1785153442367498000,1785153442367499000,1785153442367650000,1785153442367652000,1785153442367653000,1785153442367653000,121932490,121652369,-129.121,0.000,0.000,1.000,2.000,1.000,0.000,23.000,0,0,0
B3_zmq_pushpull,zmq_tcp,none,none,,1,5908,512,584,1785153442368506000,1785153442368506000,1785153442368506000,1785153442368507000,1785153442368626000,1785153442368628000,1785153442368628000,1785153442368628000,121932490,121652369,-161.121,0.000,0.000,1.000,2.000,0.000,0.000,32.000,0,0,0
B3_zmq_pushpull,zmq_tcp,none,none,,1,5909,512,584,1785153442369503000,1785153442369503000,1785153442369503000,1785153442369504000,1785153442369595000,1785153442369597000,1785153442369597000,1785153442369597000,121932490,121652369,-189.121,0.000,0.000,1.000,2.000,0.000,0.000,28.000,0,0,0
B3_zmq_pushpull,zmq_tcp,none,none,,1,5910,512,584,1785153442370506000,1785153442370506000,1785153442370506000,1785153442370507000,1785153442370580000,1785153442370583000,1785153442370583000,1785153442370583000,121932490,121652369,-207.121,0.000,0.000,1.000,3.000,0.000,0.000,18.000,0,0,0
B3_zmq_pushpull,zmq_tcp,none,none,,1,5911,512,584,1785153442371510000,1785153442371510000,1785153442371510000,1785153442371511000,1785153442371688000,1785153442371691000,1785153442371691000,1785153442371691000,121932490,121652369,-103.121,0.000,0.000,1.000,3.000,0.000,0.000,104.000,0,0,0
B3_zmq_pushpull,zmq_tcp,none,none,,1,5912,512,584,1785153442372502000,1785153442372502000,1785153442372502000,1785153442372503000,1785153442372655000,1785153442372658000,1785153442372658000,1785153442372658000,121932490,121652369,-128.121,0.000,0.000,1.000,3.000,0.000,0.000,25.000,0,0,0
B3_zmq_pushpull,zmq_tcp,none,none,,1,5913,512,584,1785153442373341000,1785153442373341000,1785153442373341000,1785153442373342000,1785153442373502000,1785153442373504000,1785153442373504000,1785153442373504000,121932490,121652369,-120.121,0.000,0.000,1.000,2.000,0.000,0.000,8.000,0,0,0
B3_zmq_pushpull,zmq_tcp,none,none,,1,5914,512,584,1785153442374546000,1785153442374546000,1785153442374546000,1785153442374547000,1785153442374609000,1785153442374612000,1785153442374612000,1785153442374612000,121932490,121652369,-218.121,0.000,0.000,1.000,3.000,0.000,0.000,98.000,0,0,0
B3_zmq_pushpull,zmq_tcp,none,none,,1,5915,512,584,1785153442375491000,1785153442375491000,1785153442375491000,1785153442375492000,1785153442375587000,1785153442375589000,1785153442375590000,1785153442375590000,121932490,121652369,-185.121,0.000,0.000,1.000,2.000,1.000,0.000,33.000,0,0,0
B3_zmq_pushpull,zmq_tcp,none,none,,1,5916,512,584,1785153442376508000,1785153442376509000,1785153442376509000,1785153442376510000,1785153442376564000,1785153442376566000,1785153442376566000,1785153442376566000,121932490,121652369,-226.121,1.000,0.000,1.000,2.000,0.000,0.000,41.000,0,0,0
B3_zmq_pushpull,zmq_tcp,none,none,,1,5917,512,584,1785153442377506000,1785153442377506000,1785153442377506000,1785153442377507000,1785153442377686000,1785153442377688000,1785153442377688000,1785153442377688000,121932490,121652369,-101.121,0.000,0.000,1.000,2.000,0.000,0.000,125.000,0,0,0
B3_zmq_pushpull,zmq_tcp,none,none,,1,5918,512,584,1785153442378506000,1785153442378506000,1785153442378506000,1785153442378507000,1785153442378670000,1785153442378673000,1785153442378673000,1785153442378673000,121932490,121652369,-117.121,0.000,0.000,1.000,3.000,0.000,0.000,16.000,0,0,0
B3_zmq_pushpull,zmq_tcp,none,none,,1,5919,512,584,1785153442379354000,1785153442379354000,1785153442379354000,1785153442379355000,1785153442379507000,1785153442379510000,1785153442379510000,1785153442379510000,121932490,121652369,-128.121,0.000,0.000,1.000,3.000,0.000,0.000,11.000,0,0,0
B3_zmq_pushpull,zmq_tcp,none,none,,1,5920,512,584,1785153442380323000,1785153442380323000,1785153442380323000,1785153442380324000,1785153442380480000,1785153442380483000,1785153442380483000,1785153442380483000,121932490,121652369,-124.121,0.000,0.000,1.000,3.000,0.000,0.000,4.000,0,0,0
B3_zmq_pushpull,zmq_tcp,none,none,,1,5921,512,584,1785153442381550000,1785153442381550000,1785153442381550000,1785153442381551000,1785153442381605000,1785153442381608000,1785153442381609000,1785153442381609000,121932490,121652369,-226.121,0.000,0.000,1.000,3.000,1.000,0.000,102.000,0,0,0
B3_zmq_pushpull,zmq_tcp,none,none,,1,5922,512,584,1785153442382491000,1785153442382491000,1785153442382491000,1785153442382492000,1785153442382571000,1785153442382574000,1785153442382574000,1785153442382574000,121932490,121652369,-201.121,0.000,0.000,1.000,3.000,0.000,0.000,25.000,0,0,0
B3_zmq_pushpull,zmq_tcp,none,none,,1,5923,512,584,1785153442383509000,1785153442383509000,1785153442383509000,1785153442383510000,1785153442383549000,1785153442383552000,1785153442383552000,1785153442383552000,121932490,121652369,-241.121,0.000,0.000,1.000,3.000,0.000,0.000,40.000,0,0,0
B3_zmq_pushpull,zmq_tcp,none,none,,1,5924,512,584,1785153442384505000,1785153442384505000,1785153442384505000,1785153442384506000,1785153442384682000,1785153442384685000,1785153442384685000,1785153442384685000,121932490,121652369,-104.121,0.000,0.000,1.000,3.000,0.000,0.000,137.000,0,0,0
B3_zmq_pushpull,zmq_tcp,none,none,,1,5925,512,584,1785153442385378000,1785153442385378000,1785153442385378000,1785153442385379000,1785153442385536000,1785153442385539000,1785153442385539000,1785153442385539000,121932490,121652369,-123.121,0.000,0.000,1.000,3.000,0.000,0.000,19.000,0,0,0
B3_zmq_pushpull,zmq_tcp,none,none,,1,5926,512,584,1785153442386537000,1785153442386537000,1785153442386537000,1785153442386538000,1785153442386655000,1785153442386658000,1785153442386658000,1785153442386658000,121932490,121652369,-163.121,0.000,0.000,1.000,3.000,0.000,0.000,40.000,0,0,0
B3_zmq_pushpull,zmq_tcp,none,none,,1,5927,512,584,1785153442387497000,1785153442387497000,1785153442387497000,1785153442387498000,1785153442387635000,1785153442387638000,1785153442387638000,1785153442387638000,121932490,121652369,-143.121,0.000,0.000,1.000,3.000,0.000,0.000,20.000,0,0,0
B3_zmq_pushpull,zmq_tcp,none,none,,1,5928,512,584,1785153442388507000,1785153442388507000,1785153442388507000,1785153442388508000,1785153442388616000,1785153442388619000,1785153442388619000,1785153442388619000,121932490,121652369,-172.121,0.000,0.000,1.000,3.000,0.000,0.000,29.000,0,0,0
B3_zmq_pushpull,zmq_tcp,none,none,,1,5929,512,584,1785153442389502000,1785153442389502000,1785153442389502000,1785153442389503000,1785153442389583000,1785153442389586000,1785153442389586000,1785153442389586000,121932490,121652369,-200.121,0.000,0.000,1.000,3.000,0.000,0.000,28.000,0,0,0
B3_zmq_pushpull,zmq_tcp,none,none,,1,5930,512,584,1785153442390506000,1785153442390506000,1785153442390506000,1785153442390507000,1785153442390551000,1785153442390555000,1785153442390555000,1785153442390555000,121932490,121652369,-236.121,0.000,0.000,1.000,4.000,0.000,0.000,36.000,0,0,0
B3_zmq_pushpull,zmq_tcp,none,none,,1,5931,512,584,1785153442391507000,1785153442391508000,1785153442391508000,1785153442391509000,1785153442391704000,1785153442391707000,1785153442391707000,1785153442391707000,121932490,121652369,-85.121,1.000,0.000,1.000,3.000,0.000,0.000,151.000,0,0,0
B3_zmq_pushpull,zmq_tcp,none,none,,1,5932,512,584,1785153442392503000,1785153442392504000,1785153442392504000,1785153442392505000,1785153442392680000,1785153442392683000,1785153442392683000,1785153442392683000,121932490,121652369,-105.121,1.000,0.000,1.000,3.000,0.000,0.000,20.000,0,0,0
B3_zmq_pushpull,zmq_tcp,none,none,,1,5933,512,584,1785153442393507000,1785153442393507000,1785153442393507000,1785153442393508000,1785153442393671000,1785153442393674000,1785153442393674000,1785153442393674000,121932490,121652369,-117.121,0.000,0.000,1.000,3.000,0.000,0.000,12.000,0,0,0
B3_zmq_pushpull,zmq_tcp,none,none,,1,5934,512,584,1785153442394509000,1785153442394509000,1785153442394509000,1785153442394510000,1785153442394647000,1785153442394650000,1785153442394650000,1785153442394650000,121932490,121652369,-143.121,0.000,0.000,1.000,3.000,0.000,0.000,26.000,0,0,0
B3_zmq_pushpull,zmq_tcp,none,none,,1,5935,512,584,1785153442395501000,1785153442395501000,1785153442395501000,1785153442395502000,1785153442395638000,1785153442395641000,1785153442395641000,1785153442395641000,121932490,121652369,-144.121,0.000,0.000,1.000,3.000,0.000,0.000,1.000,0,0,0
B3_zmq_pushpull,zmq_tcp,none,none,,1,5936,512,584,1785153442396318000,1785153442396318000,1785153442396319000,1785153442396319000,1785153442396472000,1785153442396476000,1785153442396476000,1785153442396476000,121932490,121652369,-127.121,0.000,1.000,0.000,4.000,0.000,0.000,17.000,0,0,0
B3_zmq_pushpull,zmq_tcp,none,none,,1,5937,512,584,1785153442397552000,1785153442397552000,1785153442397552000,1785153442397553000,1785153442397715000,1785153442397718000,1785153442397718000,1785153442397718000,121932490,121652369,-118.121,0.000,0.000,1.000,3.000,0.000,0.000,9.000,0,0,0
B3_zmq_pushpull,zmq_tcp,none,none,,1,5938,512,584,1785153442398493000,1785153442398493000,1785153442398493000,1785153442398494000,1785153442398559000,1785153442398562000,1785153442398562000,1785153442398562000,121932490,121652369,-215.121,0.000,0.000,1.000,3.000,0.000,0.000,97.000,0,0,0
B3_zmq_pushpull,zmq_tcp,none,none,,1,5939,512,584,1785153442399510000,1785153442399510000,1785153442399510000,1785153442399511000,1785153442399672000,1785153442399675000,1785153442399675000,1785153442399675000,121932490,121652369,-119.121,0.000,0.000,1.000,3.000,0.000,0.000,96.000,0,0,0
B3_zmq_pushpull,zmq_tcp,none,none,,1,5940,512,584,1785153442400503000,1785153442400504000,1785153442400504000,1785153442400505000,1785153442400656000,1785153442400659000,1785153442400659000,1785153442400659000,121932490,121652369,-129.121,1.000,0.000,1.000,3.000,0.000,0.000,10.000,0,0,0
B3_zmq_pushpull,zmq_tcp,none,none,,1,5941,512,584,1785153442401341000,1785153442401341000,1785153442401341000,1785153442401342000,1785153442401496000,1785153442401499000,1785153442401499000,1785153442401499000,121932490,121652369,-126.121,0.000,0.000,1.000,3.000,0.000,0.000,3.000,0,0,0
B3_zmq_pushpull,zmq_tcp,none,none,,1,5942,512,584,1785153442402318000,1785153442402319000,1785153442402319000,1785153442402320000,1785153442402470000,1785153442402473000,1785153442402473000,1785153442402473000,121932490,121652369,-130.121,1.000,0.000,1.000,3.000,0.000,0.000,4.000,0,0,0
B3_zmq_pushpull,zmq_tcp,none,none,,1,5943,512,584,1785153442403552000,1785153442403552000,1785153442403552000,1785153442403553000,1785153442403693000,1785153442403695000,1785153442403695000,1785153442403695000,121932490,121652369,-140.121,0.000,0.000,1.000,2.000,0.000,0.000,10.000,0,0,0
B3_zmq_pushpull,zmq_tcp,none,none,,1,5944,512,584,1785153442404493000,1785153442404493000,1785153442404493000,1785153442404494000,1785153442404551000,1785153442404554000,1785153442404554000,1785153442404554000,121932490,121652369,-223.121,0.000,0.000,1.000,3.000,0.000,0.000,83.000,0,0,0
B3_zmq_pushpull,zmq_tcp,none,none,,1,5945,512,584,1785153442405505000,1785153442405505000,1785153442405505000,1785153442405506000,1785153442405675000,1785153442405678000,1785153442405678000,1785153442405678000,121932490,121652369,-111.121,0.000,0.000,1.000,3.000,0.000,0.000,112.000,0,0,0
B3_zmq_pushpull,zmq_tcp,none,none,,1,5946,512,584,1785153442406505000,1785153442406505000,1785153442406505000,1785153442406506000,1785153442406664000,1785153442406667000,1785153442406667000,1785153442406667000,121932490,121652369,-122.121,0.000,0.000,1.000,3.000,0.000,0.000,11.000,0,0,0
B3_zmq_pushpull,zmq_tcp,none,none,,1,5947,512,584,1785153442407508000,1785153442407508000,1785153442407508000,1785153442407509000,1785153442407667000,1785153442407670000,1785153442407670000,1785153442407670000,121932490,121652369,-122.121,0.000,0.000,1.000,3.000,0.000,0.000,0.000,0,0,0
B3_zmq_pushpull,zmq_tcp,none,none,,1,5948,512,584,1785153442408501000,1785153442408501000,1785153442408501000,1785153442408502000,1785153442408652000,1785153442408656000,1785153442408656000,1785153442408656000,121932490,121652369,-130.121,0.000,0.000,1.000,4.000,0.000,0.000,8.000,0,0,0
B3_zmq_pushpull,zmq_tcp,none,none,,1,5949,512,584,1785153442409505000,1785153442409505000,1785153442409505000,1785153442409506000,1785153442409634000,1785153442409637000,1785153442409637000,1785153442409637000,121932490,121652369,-152.121,0.000,0.000,1.000,3.000,0.000,0.000,22.000,0,0,0
B3_zmq_pushpull,zmq_tcp,none,none,,1,5950,512,584,1785153442410505000,1785153442410505000,1785153442410505000,1785153442410506000,1785153442410610000,1785153442410612000,1785153442410612000,1785153442410612000,121932490,121652369,-176.121,0.000,0.000,1.000,2.000,0.000,0.000,24.000,0,0,0
B3_zmq_pushpull,zmq_tcp,none,none,,1,5951,512,584,1785153442411505000,1785153442411506000,1785153442411506000,1785153442411507000,1785153442411580000,1785153442411583000,1785153442411583000,1785153442411583000,121932490,121652369,-207.121,1.000,0.000,1.000,3.000,0.000,0.000,31.000,0,0,0
B3_zmq_pushpull,zmq_tcp,none,none,,1,5952,512,584,1785153442412505000,1785153442412505000,1785153442412505000,1785153442412506000,1785153442412567000,1785153442412569000,1785153442412569000,1785153442412569000,121932490,121652369,-219.121,0.000,0.000,1.000,2.000,0.000,0.000,12.000,0,0,0
B3_zmq_pushpull,zmq_tcp,none,none,,1,5953,512,584,1785153442413510000,1785153442413510000,1785153442413510000,1785153442413511000,1785153442413695000,1785153442413698000,1785153442413698000,1785153442413698000,121932490,121652369,-96.121,0.000,0.000,1.000,3.000,0.000,0.000,123.000,0,0,0
B3_zmq_pushpull,zmq_tcp,none,none,,1,5954,512,584,1785153442414503000,1785153442414503000,1785153442414504000,1785153442414504000,1785153442414662000,1785153442414664000,1785153442414664000,1785153442414664000,121932490,121652369,-122.121,0.000,1.000,0.000,2.000,0.000,0.000,26.000,0,0,0
B3_zmq_pushpull,zmq_tcp,none,none,,1,5955,512,584,1785153442415506000,1785153442415506000,1785153442415506000,1785153442415507000,1785153442415644000,1785153442415647000,1785153442415647000,1785153442415647000,121932490,121652369,-143.121,0.000,0.000,1.000,3.000,0.000,0.000,21.000,0,0,0
B3_zmq_pushpull,zmq_tcp,none,none,,1,5956,512,584,1785153442416501000,1785153442416501000,1785153442416501000,1785153442416502000,1785153442416635000,1785153442416639000,1785153442416639000,1785153442416639000,121932490,121652369,-147.121,0.000,0.000,1.000,4.000,0.000,0.000,4.000,0,0,0
B3_zmq_pushpull,zmq_tcp,none,none,,1,5957,512,584,1785153442417506000,1785153442417506000,1785153442417506000,1785153442417507000,1785153442417604000,1785153442417607000,1785153442417607000,1785153442417607000,121932490,121652369,-183.121,0.000,0.000,1.000,3.000,0.000,0.000,36.000,0,0,0
B3_zmq_pushpull,zmq_tcp,none,none,,1,5958,512,584,1785153442418505000,1785153442418505000,1785153442418505000,1785153442418506000,1785153442418584000,1785153442418588000,1785153442418588000,1785153442418588000,121932490,121652369,-202.121,0.000,0.000,1.000,4.000,0.000,0.000,19.000,0,0,0
B3_zmq_pushpull,zmq_tcp,none,none,,1,5959,512,584,1785153442419405000,1785153442419405000,1785153442419405000,1785153442419406000,1785153442419563000,1785153442419566000,1785153442419566000,1785153442419566000,121932490,121652369,-123.121,0.000,0.000,1.000,3.000,0.000,0.000,79.000,0,0,0
B3_zmq_pushpull,zmq_tcp,none,none,,1,5960,512,584,1785153442420381000,1785153442420381000,1785153442420381000,1785153442420383000,1785153442420530000,1785153442420532000,1785153442420532000,1785153442420532000,121932490,121652369,-133.121,0.000,0.000,2.000,2.000,0.000,0.000,10.000,0,0,0
B3_zmq_pushpull,zmq_tcp,none,none,,1,5961,512,584,1785153442421538000,1785153442421538000,1785153442421538000,1785153442421539000,1785153442421638000,1785153442421640000,1785153442421640000,1785153442421640000,121932490,121652369,-181.121,0.000,0.000,1.000,2.000,0.000,0.000,48.000,0,0,0
B3_zmq_pushpull,zmq_tcp,none,none,,1,5962,512,584,1785153442422497000,1785153442422497000,1785153442422497000,1785153442422498000,1785153442422606000,1785153442422608000,1785153442422608000,1785153442422608000,121932490,121652369,-172.121,0.000,0.000,1.000,2.000,0.000,0.000,9.000,0,0,0
B3_zmq_pushpull,zmq_tcp,none,none,,1,5963,512,584,1785153442423505000,1785153442423505000,1785153442423505000,1785153442423506000,1785153442423576000,1785153442423579000,1785153442423579000,1785153442423579000,121932490,121652369,-210.121,0.000,0.000,1.000,3.000,0.000,0.000,38.000,0,0,0
B3_zmq_pushpull,zmq_tcp,none,none,,1,5964,512,584,1785153442424505000,1785153442424505000,1785153442424505000,1785153442424506000,1785153442424674000,1785153442424677000,1785153442424677000,1785153442424677000,121932490,121652369,-112.121,0.000,0.000,1.000,3.000,0.000,0.000,98.000,0,0,0
B3_zmq_pushpull,zmq_tcp,none,none,,1,5965,512,584,1785153442425505000,1785153442425505000,1785153442425505000,1785153442425506000,1785153442425658000,1785153442425660000,1785153442425661000,1785153442425661000,121932490,121652369,-128.121,0.000,0.000,1.000,2.000,1.000,0.000,16.000,0,0,0
B3_zmq_pushpull,zmq_tcp,none,none,,1,5966,512,584,1785153442426505000,1785153442426505000,1785153442426505000,1785153442426506000,1785153442426647000,1785153442426650000,1785153442426650000,1785153442426650000,121932490,121652369,-139.121,0.000,0.000,1.000,3.000,0.000,0.000,11.000,0,0,0
B3_zmq_pushpull,zmq_tcp,none,none,,1,5967,512,584,1785153442427505000,1785153442427505000,1785153442427505000,1785153442427506000,1785153442427627000,1785153442427630000,1785153442427630000,1785153442427630000,121932490,121652369,-159.121,0.000,0.000,1.000,3.000,0.000,0.000,20.000,0,0,0
B3_zmq_pushpull,zmq_tcp,none,none,,1,5968,512,584,1785153442428505000,1785153442428505000,1785153442428505000,1785153442428506000,1785153442428621000,1785153442428623000,1785153442428623000,1785153442428623000,121932490,121652369,-165.121,0.000,0.000,1.000,2.000,0.000,0.000,6.000,0,0,0
B3_zmq_pushpull,zmq_tcp,none,none,,1,5969,512,584,1785153442429507000,1785153442429508000,1785153442429508000,1785153442429509000,1785153442429616000,1785153442429620000,1785153442429620000,1785153442429620000,121932490,121652369,-173.121,1.000,0.000,1.000,4.000,0.000,0.000,8.000,0,0,0
B3_zmq_pushpull,zmq_tcp,none,none,,1,5970,512,584,1785153442430430000,1785153442430430000,1785153442430430000,1785153442430431000,1785153442430572000,1785153442430576000,1785153442430576000,1785153442430576000,121932490,121652369,-139.121,0.000,0.000,1.000,4.000,0.000,0.000,34.000,0,0,0
B3_zmq_pushpull,zmq_tcp,none,none,,1,5971,512,584,1785153442431523000,1785153442431524000,1785153442431524000,1785153442431525000,1785153442431698000,1785153442431701000,1785153442431701000,1785153442431701000,121932490,121652369,-107.121,1.000,0.000,1.000,3.000,0.000,0.000,32.000,0,0,0
B3_zmq_pushpull,zmq_tcp,none,none,,1,5972,512,584,1785153442432501000,1785153442432501000,1785153442432501000,1785153442432502000,1785153442432550000,1785153442432553000,1785153442432553000,1785153442432553000,121932490,121652369,-232.121,0.000,0.000,1.000,3.000,0.000,0.000,125.000,0,0,0
B3_zmq_pushpull,zmq_tcp,none,none,,1,5973,512,584,1785153442433376000,1785153442433376000,1785153442433376000,1785153442433377000,1785153442433534000,1785153442433537000,1785153442433537000,1785153442433537000,121932490,121652369,-123.121,0.000,0.000,1.000,3.000,0.000,0.000,109.000,0,0,0
B3_zmq_pushpull,zmq_tcp,none,none,,1,5974,512,584,1785153442434360000,1785153442434360000,1785153442434360000,1785153442434361000,1785153442434519000,1785153442434522000,1785153442434522000,1785153442434522000,121932490,121652369,-122.121,0.000,0.000,1.000,3.000,0.000,0.000,1.000,0,0,0
B3_zmq_pushpull,zmq_tcp,none,none,,1,5975,512,584,1785153442435547000,1785153442435547000,1785153442435547000,1785153442435548000,1785153442435641000,1785153442435643000,1785153442435643000,1785153442435643000,121932490,121652369,-187.121,0.000,0.000,1.000,2.000,0.000,0.000,65.000,0,0,0
B3_zmq_pushpull,zmq_tcp,none,none,,1,5976,512,584,1785153442436494000,1785153442436494000,1785153442436495000,1785153442436495000,1785153442436641000,1785153442436644000,1785153442436644000,1785153442436644000,121932490,121652369,-134.121,0.000,1.000,0.000,3.000,0.000,0.000,53.000,0,0,0
B3_zmq_pushpull,zmq_tcp,none,none,,1,5977,512,584,1785153442437505000,1785153442437505000,1785153442437505000,1785153442437506000,1785153442437629000,1785153442437631000,1785153442437631000,1785153442437631000,121932490,121652369,-157.121,0.000,0.000,1.000,2.000,0.000,0.000,23.000,0,0,0
B3_zmq_pushpull,zmq_tcp,none,none,,1,5978,512,584,1785153442438505000,1785153442438505000,1785153442438505000,1785153442438506000,1785153442438614000,1785153442438617000,1785153442438617000,1785153442438617000,121932490,121652369,-172.121,0.000,0.000,1.000,3.000,0.000,0.000,15.000,0,0,0
B3_zmq_pushpull,zmq_tcp,none,none,,1,5979,512,584,1785153442439505000,1785153442439505000,1785153442439505000,1785153442439506000,1785153442439579000,1785153442439582000,1785153442439582000,1785153442439582000,121932490,121652369,-207.121,0.000,0.000,1.000,3.000,0.000,0.000,35.000,0,0,0
B3_zmq_pushpull,zmq_tcp,none,none,,1,5980,512,584,1785153442440505000,1785153442440505000,1785153442440505000,1785153442440506000,1785153442440561000,1785153442440564000,1785153442440564000,1785153442440564000,121932490,121652369,-225.121,0.000,0.000,1.000,3.000,0.000,0.000,18.000,0,0,0
B3_zmq_pushpull,zmq_tcp,none,none,,1,5981,512,584,1785153442441411000,1785153442441411000,1785153442441411000,1785153442441412000,1785153442441569000,1785153442441571000,1785153442441571000,1785153442441571000,121932490,121652369,-123.121,0.000,0.000,1.000,2.000,0.000,0.000,102.000,0,0,0
B3_zmq_pushpull,zmq_tcp,none,none,,1,5982,512,584,1785153442442391000,1785153442442391000,1785153442442391000,1785153442442392000,1785153442442547000,1785153442442550000,1785153442442550000,1785153442442550000,121932490,121652369,-125.121,0.000,0.000,1.000,3.000,0.000,0.000,2.000,0,0,0
B3_zmq_pushpull,zmq_tcp,none,none,,1,5983,512,584,1785153442443397000,1785153442443397000,1785153442443397000,1785153442443398000,1785153442443553000,1785153442443558000,1785153442443558000,1785153442443558000,121932490,121652369,-125.121,0.000,0.000,1.000,5.000,0.000,0.000,0.000,0,0,0
B3_zmq_pushpull,zmq_tcp,none,none,,1,5984,512,584,1785153442444383000,1785153442444383000,1785153442444383000,1785153442444384000,1785153442444537000,1785153442444540000,1785153442444540000,1785153442444540000,121932490,121652369,-127.121,0.000,0.000,1.000,3.000,0.000,0.000,2.000,0,0,0
B3_zmq_pushpull,zmq_tcp,none,none,,1,5985,512,584,1785153442445372000,1785153442445372000,1785153442445372000,1785153442445373000,1785153442445526000,1785153442445529000,1785153442445529000,1785153442445529000,121932490,121652369,-127.121,0.000,0.000,1.000,3.000,0.000,0.000,0.000,0,0,0
B3_zmq_pushpull,zmq_tcp,none,none,,1,5986,512,584,1785153442446345000,1785153442446345000,1785153442446345000,1785153442446346000,1785153442446499000,1785153442446502000,1785153442446502000,1785153442446502000,121932490,121652369,-127.121,0.000,0.000,1.000,3.000,0.000,0.000,0.000,0,0,0
B3_zmq_pushpull,zmq_tcp,none,none,,1,5987,512,584,1785153442447329000,1785153442447329000,1785153442447329000,1785153442447330000,1785153442447477000,1785153442447480000,1785153442447480000,1785153442447480000,121932490,121652369,-133.121,0.000,0.000,1.000,3.000,0.000,0.000,6.000,0,0,0
B3_zmq_pushpull,zmq_tcp,none,none,,1,5988,512,584,1785153442448316000,1785153442448316000,1785153442448316000,1785153442448317000,1785153442448473000,1785153442448476000,1785153442448476000,1785153442448476000,121932490,121652369,-124.121,0.000,0.000,1.000,3.000,0.000,0.000,9.000,0,0,0
B3_zmq_pushpull,zmq_tcp,none,none,,1,5989,512,584,1785153442449556000,1785153442449556000,1785153442449556000,1785153442449557000,1785153442449749000,1785153442449751000,1785153442449751000,1785153442449751000,121932490,121652369,-88.121,0.000,0.000,1.000,2.000,0.000,0.000,36.000,0,0,0
B3_zmq_pushpull,zmq_tcp,none,none,,1,5990,512,584,1785153442450307000,1785153442450308000,1785153442450308000,1785153442450309000,1785153442450447000,1785153442450450000,1785153442450450000,1785153442450450000,121932490,121652369,-142.121,1.000,0.000,1.000,3.000,0.000,0.000,54.000,0,0,0
B3_zmq_pushpull,zmq_tcp,none,none,,1,5991,512,584,1785153442451419000,1785153442451419000,1785153442451419000,1785153442451420000,1785153442451570000,1785153442451574000,1785153442451574000,1785153442451574000,121932490,121652369,-130.121,0.000,0.000,1.000,4.000,0.000,0.000,12.000,0,0,0
B3_zmq_pushpull,zmq_tcp,none,none,,1,5992,512,584,1785153442452396000,1785153442452396000,1785153442452396000,1785153442452397000,1785153442452550000,1785153442452553000,1785153442452553000,1785153442452553000,121932490,121652369,-127.121,0.000,0.000,1.000,3.000,0.000,0.000,3.000,0,0,0
B3_zmq_pushpull,zmq_tcp,none,none,,1,5993,512,584,1785153442453379000,1785153442453379000,1785153442453379000,1785153442453380000,1785153442453532000,1785153442453535000,1785153442453535000,1785153442453535000,121932490,121652369,-128.121,0.000,0.000,1.000,3.000,0.000,0.000,1.000,0,0,0
B3_zmq_pushpull,zmq_tcp,none,none,,1,5994,512,584,1785153442454379000,1785153442454379000,1785153442454379000,1785153442454380000,1785153442454525000,1785153442454528000,1785153442454528000,1785153442454528000,121932490,121652369,-135.121,0.000,0.000,1.000,3.000,0.000,0.000,7.000,0,0,0
B3_zmq_pushpull,zmq_tcp,none,none,,1,5995,512,584,1785153442455540000,1785153442455541000,1785153442455541000,1785153442455542000,1785153442455660000,1785153442455662000,1785153442455662000,1785153442455662000,121932490,121652369,-162.121,1.000,0.000,1.000,2.000,0.000,0.000,27.000,0,0,0
B3_zmq_pushpull,zmq_tcp,none,none,,1,5996,512,584,1785153442456494000,1785153442456494000,1785153442456494000,1785153442456496000,1785153442456669000,1785153442456672000,1785153442456672000,1785153442456672000,121932490,121652369,-107.121,0.000,0.000,2.000,3.000,0.000,0.000,55.000,0,0,0
B3_zmq_pushpull,zmq_tcp,none,none,,1,5997,512,584,1785153442457508000,1785153442457508000,1785153442457508000,1785153442457509000,1785153442457659000,1785153442457663000,1785153442457663000,1785153442457663000,121932490,121652369,-130.121,0.000,0.000,1.000,4.000,0.000,0.000,23.000,0,0,0
B3_zmq_pushpull,zmq_tcp,none,none,,1,5998,512,584,1785153442458505000,1785153442458505000,1785153442458505000,1785153442458506000,1785153442458633000,1785153442458635000,1785153442458635000,1785153442458635000,121932490,121652369,-153.121,0.000,0.000,1.000,2.000,0.000,0.000,23.000,0,0,0
B3_zmq_pushpull,zmq_tcp,none,none,,1,5999,512,584,1785153442459505000,1785153442459505000,1785153442459505000,1785153442459506000,1785153442459609000,1785153442459616000,1785153442459616000,1785153442459616000,121932490,121652369,-177.121,0.000,0.000,1.000,7.000,0.000,0.000,24.000,0,0,0
B3_zmq_pushpull,zmq_tcp,none,none,,1,6000,512,584,1785153442460502000,1785153442460502000,1785153442460503000,1785153442460503000,1785153442460602000,1785153442460605000,1785153442460605000,1785153442460605000,121932490,121652369,-181.121,0.000,1.000,0.000,3.000,0.000,0.000,4.000,0,0,0
B3_zmq_pushpull,zmq_tcp,none,none,,1,6001,512,584,1785153442461506000,1785153442461507000,1785153442461507000,1785153442461508000,1785153442461583000,1785153442461586000,1785153442461586000,1785153442461586000,121932490,121652369,-205.121,1.000,0.000,1.000,3.000,0.000,0.000,24.000,0,0,0
B3_zmq_pushpull,zmq_tcp,none,none,,1,6002,512,584,1785153442462505000,1785153442462505000,1785153442462505000,1785153442462506000,1785153442462574000,1785153442462576000,1785153442462576000,1785153442462576000,121932490,121652369,-212.121,0.000,0.000,1.000,2.000,0.000,0.000,7.000,0,0,0
B3_zmq_pushpull,zmq_tcp,none,none,,1,6003,512,584,1785153442463505000,1785153442463505000,1785153442463505000,1785153442463506000,1785153442463565000,1785153442463568000,1785153442463568000,1785153442463568000,121932490,121652369,-221.121,0.000,0.000,1.000,3.000,0.000,0.000,9.000,0,0,0
B3_zmq_pushpull,zmq_tcp,none,none,,1,6004,512,584,1785153442464504000,1785153442464504000,1785153442464504000,1785153442464505000,1785153442464686000,1785153442464689000,1785153442464689000,1785153442464689000,121932490,121652369,-99.121,0.000,0.000,1.000,3.000,0.000,0.000,122.000,0,0,0
B3_zmq_pushpull,zmq_tcp,none,none,,1,6005,512,584,1785153442465507000,1785153442465507000,1785153442465507000,1785153442465508000,1785153442465685000,1785153442465687000,1785153442465687000,1785153442465687000,121932490,121652369,-103.121,0.000,0.000,1.000,2.000,0.000,0.000,4.000,0,0,0
B3_zmq_pushpull,zmq_tcp,none,none,,1,6006,512,584,1785153442466506000,1785153442466506000,1785153442466506000,1785153442466507000,1785153442466673000,1785153442466675000,1785153442466675000,1785153442466675000,121932490,121652369,-114.121,0.000,0.000,1.000,2.000,0.000,0.000,11.000,0,0,0
B3_zmq_pushpull,zmq_tcp,none,none,,1,6007,512,584,1785153442467504000,1785153442467504000,1785153442467504000,1785153442467505000,1785153442467658000,1785153442467661000,1785153442467661000,1785153442467661000,121932490,121652369,-127.121,0.000,0.000,1.000,3.000,0.000,0.000,13.000,0,0,0
B3_zmq_pushpull,zmq_tcp,none,none,,1,6008,512,584,1785153442468507000,1785153442468507000,1785153442468507000,1785153442468508000,1785153442468654000,1785153442468657000,1785153442468657000,1785153442468657000,121932490,121652369,-134.121,0.000,0.000,1.000,3.000,0.000,0.000,7.000,0,0,0
B3_zmq_pushpull,zmq_tcp,none,none,,1,6009,512,584,1785153442469505000,1785153442469505000,1785153442469505000,1785153442469506000,1785153442469642000,1785153442469645000,1785153442469645000,1785153442469645000,121932490,121652369,-144.121,0.000,0.000,1.000,3.000,0.000,0.000,10.000,0,0,0
B3_zmq_pushpull,zmq_tcp,none,none,,1,6010,512,584,1785153442470507000,1785153442470507000,1785153442470507000,1785153442470508000,1785153442470629000,1785153442470631000,1785153442470631000,1785153442470631000,121932490,121652369,-159.121,0.000,0.000,1.000,2.000,0.000,0.000,15.000,0,0,0
B3_zmq_pushpull,zmq_tcp,none,none,,1,6011,512,584,1785153442471505000,1785153442471505000,1785153442471505000,1785153442471506000,1785153442471605000,1785153442471608000,1785153442471608000,1785153442471608000,121932490,121652369,-181.121,0.000,0.000,1.000,3.000,0.000,0.000,22.000,0,0,0
B3_zmq_pushpull,zmq_tcp,none,none,,1,6012,512,584,1785153442472505000,1785153442472505000,1785153442472505000,1785153442472506000,1785153442472585000,1785153442472588000,1785153442472588000,1785153442472588000,121932490,121652369,-201.121,0.000,0.000,1.000,3.000,0.000,0.000,20.000,0,0,0
B3_zmq_pushpull,zmq_tcp,none,none,,1,6013,512,584,1785153442473505000,1785153442473505000,1785153442473505000,1785153442473506000,1785153442473551000,1785153442473555000,1785153442473555000,1785153442473555000,121932490,121652369,-235.121,0.000,0.000,1.000,4.000,0.000,0.000,34.000,0,0,0
B3_zmq_pushpull,zmq_tcp,none,none,,1,6014,512,584,1785153442474506000,1785153442474506000,1785153442474506000,1785153442474507000,1785153442474661000,1785153442474664000,1785153442474664000,1785153442474664000,121932490,121652369,-126.121,0.000,0.000,1.000,3.000,0.000,0.000,109.000,0,0,0
B3_zmq_pushpull,zmq_tcp,none,none,,1,6015,512,584,1785153442475503000,1785153442475503000,1785153442475503000,1785153442475504000,1785153442475651000,1785153442475654000,1785153442475654000,1785153442475654000,121932490,121652369,-133.121,0.000,0.000,1.000,3.000,0.000,0.000,7.000,0,0,0
B3_zmq_pushpull,zmq_tcp,none,none,,1,6016,512,584,1785153442476509000,1785153442476509000,1785153442476509000,1785153442476510000,1785153442476635000,1785153442476639000,1785153442476639000,1785153442476639000,121932490,121652369,-155.121,0.000,0.000,1.000,4.000,0.000,0.000,22.000,0,0,0
B3_zmq_pushpull,zmq_tcp,none,none,,1,6017,512,584,1785153442477506000,1785153442477506000,1785153442477506000,1785153442477507000,1785153442477615000,1785153442477618000,1785153442477618000,1785153442477618000,121932490,121652369,-172.121,0.000,0.000,1.000,3.000,0.000,0.000,17.000,0,0,0
B3_zmq_pushpull,zmq_tcp,none,none,,1,6018,512,584,1785153442478505000,1785153442478505000,1785153442478505000,1785153442478506000,1785153442478605000,1785153442478608000,1785153442478608000,1785153442478608000,121932490,121652369,-181.121,0.000,0.000,1.000,3.000,0.000,0.000,9.000,0,0,0
B3_zmq_pushpull,zmq_tcp,none,none,,1,6019,512,584,1785153442479505000,1785153442479505000,1785153442479505000,1785153442479506000,1785153442479594000,1785153442479597000,1785153442479597000,1785153442479597000,121932490,121652369,-192.121,0.000,0.000,1.000,3.000,0.000,0.000,11.000,0,0,0
B3_zmq_pushpull,zmq_tcp,none,none,,1,6020,512,584,1785153442480505000,1785153442480505000,1785153442480505000,1785153442480506000,1785153442480565000,1785153442480567000,1785153442480567000,1785153442480567000,121932490,121652369,-221.121,0.000,0.000,1.000,2.000,0.000,0.000,29.000,0,0,0
B3_zmq_pushpull,zmq_tcp,none,none,,1,6021,512,584,1785153442481506000,1785153442481506000,1785153442481506000,1785153442481507000,1785153442481564000,1785153442481568000,1785153442481568000,1785153442481568000,121932490,121652369,-223.121,0.000,0.000,1.000,4.000,0.000,0.000,2.000,0,0,0
B3_zmq_pushpull,zmq_tcp,none,none,,1,6022,512,584,1785153442482412000,1785153442482413000,1785153442482413000,1785153442482414000,1785153442482573000,1785153442482575000,1785153442482576000,1785153442482576000,121932490,121652369,-121.121,1.000,0.000,1.000,2.000,1.000,0.000,102.000,0,0,0
B3_zmq_pushpull,zmq_tcp,none,none,,1,6023,512,584,1785153442483529000,1785153442483529000,1785153442483529000,1785153442483530000,1785153442483577000,1785153442483581000,1785153442483581000,1785153442483581000,121932490,121652369,-233.121,0.000,0.000,1.000,4.000,0.000,0.000,112.000,0,0,0
B3_zmq_pushpull,zmq_tcp,none,none,,1,6024,512,584,1785153442484501000,1785153442484501000,1785153442484501000,1785153442484502000,1785153442484550000,1785153442484554000,1785153442484554000,1785153442484554000,121932490,121652369,-232.121,0.000,0.000,1.000,4.000,0.000,0.000,1.000,0,0,0
B3_zmq_pushpull,zmq_tcp,none,none,,1,6025,512,584,1785153442485508000,1785153442485508000,1785153442485508000,1785153442485509000,1785153442485680000,1785153442485682000,1785153442485683000,1785153442485683000,121932490,121652369,-109.121,0.000,0.000,1.000,2.000,1.000,0.000,123.000,0,0,0
B3_zmq_pushpull,zmq_tcp,none,none,,1,6026,512,584,1785153442486504000,1785153442486504000,1785153442486504000,1785153442486505000,1785153442486659000,1785153442486662000,1785153442486662000,1785153442486662000,121932490,121652369,-126.121,0.000,0.000,1.000,3.000,0.000,0.000,17.000,0,0,0
B3_zmq_pushpull,zmq_tcp,none,none,,1,6027,512,584,1785153442487505000,1785153442487505000,1785153442487505000,1785153442487506000,1785153442487625000,1785153442487627000,1785153442487627000,1785153442487627000,121932490,121652369,-161.121,0.000,0.000,1.000,2.000,0.000,0.000,35.000,0,0,0
B3_zmq_pushpull,zmq_tcp,none,none,,1,6028,512,584,1785153442488505000,1785153442488505000,1785153442488505000,1785153442488506000,1785153442488595000,1785153442488598000,1785153442488598000,1785153442488598000,121932490,121652369,-191.121,0.000,0.000,1.000,3.000,0.000,0.000,30.000,0,0,0
B3_zmq_pushpull,zmq_tcp,none,none,,1,6029,512,584,1785153442489505000,1785153442489505000,1785153442489505000,1785153442489506000,1785153442489584000,1785153442489587000,1785153442489587000,1785153442489587000,121932490,121652369,-202.121,0.000,0.000,1.000,3.000,0.000,0.000,11.000,0,0,0
B3_zmq_pushpull,zmq_tcp,none,none,,1,6030,512,584,1785153442490404000,1785153442490404000,1785153442490404000,1785153442490405000,1785153442490565000,1785153442490567000,1785153442490568000,1785153442490568000,121932490,121652369,-120.121,0.000,0.000,1.000,2.000,1.000,0.000,82.000,0,0,0
B3_zmq_pushpull,zmq_tcp,none,none,,1,6031,512,584,1785153442491531000,1785153442491531000,1785153442491531000,1785153442491532000,1785153442491682000,1785153442491685000,1785153442491685000,1785153442491685000,121932490,121652369,-130.121,0.000,0.000,1.000,3.000,0.000,0.000,10.000,0,0,0
B3_zmq_pushpull,zmq_tcp,none,none,,1,6032,512,584,1785153442492499000,1785153442492500000,1785153442492500000,1785153442492501000,1785153442492662000,1785153442492666000,1785153442492666000,1785153442492666000,121932490,121652369,-119.121,1.000,0.000,1.000,4.000,0.000,0.000,11.000,0,0,0
B3_zmq_pushpull,zmq_tcp,none,none,,1,6033,512,584,1785153442493355000,1785153442493355000,1785153442493355000,1785153442493356000,1785153442493507000,1785153442493510000,1785153442493510000,1785153442493510000,121932490,121652369,-129.121,0.000,0.000,1.000,3.000,0.000,0.000,10.000,0,0,0
B3_zmq_pushpull,zmq_tcp,none,none,,1,6034,512,584,1785153442494343000,1785153442494343000,1785153442494343000,1785153442494345000,1785153442494486000,1785153442494489000,1785153442494489000,1785153442494489000,121932490,121652369,-139.121,0.000,0.000,2.000,3.000,0.000,0.000,10.000,0,0,0
B3_zmq_pushpull,zmq_tcp,none,none,,1,6035,512,584,1785153442495548000,1785153442495548000,1785153442495548000,1785153442495549000,1785153442495596000,1785153442495599000,1785153442495599000,1785153442495599000,121932490,121652369,-233.121,0.000,0.000,1.000,3.000,0.000,0.000,94.000,0,0,0
B3_zmq_pushpull,zmq_tcp,none,none,,1,6036,512,584,1785153442496312000,1785153442496312000,1785153442496312000,1785153442496313000,1785153442496455000,1785153442496459000,1785153442496459000,1785153442496459000,121932490,121652369,-138.121,0.000,0.000,1.000,4.000,0.000,0.000,95.000,0,0,0
B3_zmq_pushpull,zmq_tcp,none,none,,1,6037,512,584,1785153442497553000,1785153442497553000,1785153442497553000,1785153442497554000,1785153442497720000,1785153442497723000,1785153442497723000,1785153442497723000,121932490,121652369,-114.121,0.000,0.000,1.000,3.000,0.000,0.000,24.000,0,0,0
B3_zmq_pushpull,zmq_tcp,none,none,,1,6038,512,584,1785153442498496000,1785153442498496000,1785153442498496000,1785153442498497000,1785153442498551000,1785153442498554000,1785153442498554000,1785153442498554000,121932490,121652369,-226.121,0.000,0.000,1.000,3.000,0.000,0.000,112.000,0,0,0
B3_zmq_pushpull,zmq_tcp,none,none,,1,6039,512,584,1785153442499509000,1785153442499509000,1785153442499509000,1785153442499510000,1785153442499680000,1785153442499682000,1785153442499682000,1785153442499682000,121932490,121652369,-110.121,0.000,0.000,1.000,2.000,0.000,0.000,116.000,0,0,0
B3_zmq_pushpull,zmq_tcp,none,none,,1,6040,512,584,1785153442500505000,1785153442500505000,1785153442500505000,1785153442500506000,1785153442500650000,1785153442500653000,1785153442500653000,1785153442500653000,121932490,121652369,-136.121,0.000,0.000,1.000,3.000,0.000,0.000,26.000,0,0,0
B3_zmq_pushpull,zmq_tcp,none,none,,1,6041,512,584,1785153442501505000,1785153442501505000,1785153442501505000,1785153442501506000,1785153442501626000,1785153442501629000,1785153442501629000,1785153442501629000,121932490,121652369,-160.121,0.000,0.000,1.000,3.000,0.000,0.000,24.000,0,0,0
B3_zmq_pushpull,zmq_tcp,none,none,,1,6042,512,584,1785153442502506000,1785153442502506000,1785153442502506000,1785153442502507000,1785153442502613000,1785153442502615000,1785153442502615000,1785153442502615000,121932490,121652369,-174.121,0.000,0.000,1.000,2.000,0.000,0.000,14.000,0,0,0
B3_zmq_pushpull,zmq_tcp,none,none,,1,6043,512,584,1785153442503505000,1785153442503505000,1785153442503505000,1785153442503506000,1785153442503610000,1785153442503613000,1785153442503613000,1785153442503613000,121932490,121652369,-176.121,0.000,0.000,1.000,3.000,0.000,0.000,2.000,0,0,0
B3_zmq_pushpull,zmq_tcp,none,none,,1,6044,512,584,1785153442504506000,1785153442504506000,1785153442504506000,1785153442504507000,1785153442504582000,1785153442504585000,1785153442504585000,1785153442504585000,121932490,121652369,-205.121,0.000,0.000,1.000,3.000,0.000,0.000,29.000,0,0,0
B3_zmq_pushpull,zmq_tcp,none,none,,1,6045,512,584,1785153442505505000,1785153442505505000,1785153442505505000,1785153442505506000,1785153442505569000,1785153442505572000,1785153442505572000,1785153442505572000,121932490,121652369,-217.121,0.000,0.000,1.000,3.000,0.000,0.000,12.000,0,0,0
B3_zmq_pushpull,zmq_tcp,none,none,,1,6046,512,584,1785153442506413000,1785153442506414000,1785153442506414000,1785153442506415000,1785153442506565000,1785153442506568000,1785153442506568000,1785153442506568000,121932490,121652369,-130.121,1.000,0.000,1.000,3.000,0.000,0.000,87.000,0,0,0
B3_zmq_pushpull,zmq_tcp,none,none,,1,6047,512,584,1785153442507403000,1785153442507403000,1785153442507403000,1785153442507404000,1785153442507556000,1785153442507558000,1785153442507558000,1785153442507558000,121932490,121652369,-128.121,0.000,0.000,1.000,2.000,0.000,0.000,2.000,0,0,0
B3_zmq_pushpull,zmq_tcp,none,none,,1,6048,512,584,1785153442508382000,1785153442508382000,1785153442508382000,1785153442508383000,1785153442508534000,1785153442508537000,1785153442508537000,1785153442508537000,121932490,121652369,-129.121,0.000,0.000,1.000,3.000,0.000,0.000,1.000,0,0,0
B3_zmq_pushpull,zmq_tcp,none,none,,1,6049,512,584,1785153442509353000,1785153442509353000,1785153442509353000,1785153442509354000,1785153442509505000,1785153442509507000,1785153442509507000,1785153442509507000,121932490,121652369,-129.121,0.000,0.000,1.000,2.000,0.000,0.000,0.000,0,0,0
B3_zmq_pushpull,zmq_tcp,none,none,,1,6050,512,584,1785153442510340000,1785153442510340000,1785153442510340000,1785153442510341000,1785153442510500000,1785153442510502000,1785153442510502000,1785153442510502000,121932490,121652369,-121.121,0.000,0.000,1.000,2.000,0.000,0.000,8.000,0,0,0
B3_zmq_pushpull,zmq_tcp,none,none,,1,6051,512,584,1785153442511338000,1785153442511338000,1785153442511338000,1785153442511339000,1785153442511492000,1785153442511495000,1785153442511495000,1785153442511495000,121932490,121652369,-127.121,0.000,0.000,1.000,3.000,0.000,0.000,6.000,0,0,0
B3_zmq_pushpull,zmq_tcp,none,none,,1,6052,512,584,1785153442512325000,1785153442512325000,1785153442512325000,1785153442512326000,1785153442512477000,1785153442512480000,1785153442512480000,1785153442512480000,121932490,121652369,-129.121,0.000,0.000,1.000,3.000,0.000,0.000,2.000,0,0,0
B3_zmq_pushpull,zmq_tcp,none,none,,1,6053,512,584,1785153442513551000,1785153442513551000,1785153442513551000,1785153442513552000,1785153442513598000,1785153442513602000,1785153442513602000,1785153442513602000,121932490,121652369,-234.121,0.000,0.000,1.000,4.000,0.000,0.000,105.000,0,0,0
B3_zmq_pushpull,zmq_tcp,none,none,,1,6054,512,584,1785153442514495000,1785153442514495000,1785153442514495000,1785153442514496000,1785153442514566000,1785153442514569000,1785153442514569000,1785153442514569000,121932490,121652369,-210.121,0.000,0.000,1.000,3.000,0.000,0.000,24.000,0,0,0
B3_zmq_pushpull,zmq_tcp,none,none,,1,6055,512,584,1785153442515509000,1785153442515509000,1785153442515509000,1785153442515510000,1785153442515678000,1785153442515681000,1785153442515681000,1785153442515681000,121932490,121652369,-112.121,0.000,0.000,1.000,3.000,0.000,0.000,98.000,0,0,0
B3_zmq_pushpull,zmq_tcp,none,none,,1,6056,512,584,1785153442516501000,1785153442516502000,1785153442516502000,1785153442516503000,1785153442516669000,1785153442516672000,1785153442516672000,1785153442516672000,121932490,121652369,-114.121,1.000,0.000,1.000,3.000,0.000,0.000,2.000,0,0,0
B3_zmq_pushpull,zmq_tcp,none,none,,1,6057,512,584,1785153442517359000,1785153442517359000,1785153442517359000,1785153442517360000,1785153442517516000,1785153442517518000,1785153442517518000,1785153442517518000,121932490,121652369,-124.121,0.000,0.000,1.000,2.000,0.000,0.000,10.000,0,0,0
B3_zmq_pushpull,zmq_tcp,none,none,,1,6058,512,584,1785153442518543000,1785153442518543000,1785153442518543000,1785153442518544000,1785153442518640000,1785153442518642000,1785153442518642000,1785153442518642000,121932490,121652369,-184.121,0.000,0.000,1.000,2.000,0.000,0.000,60.000,0,0,0
B3_zmq_pushpull,zmq_tcp,none,none,,1,6059,512,584,1785153442519499000,1785153442519499000,1785153442519499000,1785153442519500000,1785153442519612000,1785153442519614000,1785153442519614000,1785153442519614000,121932490,121652369,-168.121,0.000,0.000,1.000,2.000,0.000,0.000,16.000,0,0,0
B3_zmq_pushpull,zmq_tcp,none,none,,1,6060,512,584,1785153442520509000,1785153442520509000,1785153442520509000,1785153442520510000,1785153442520585000,1785153442520588000,1785153442520588000,1785153442520588000,121932490,121652369,-205.121,0.000,0.000,1.000,3.000,0.000,0.000,37.000,0,0,0
B3_zmq_pushpull,zmq_tcp,none,none,,1,6061,512,584,1785153442521427000,1785153442521427000,1785153442521427000,1785153442521428000,1785153442521581000,1785153442521584000,1785153442521584000,1785153442521584000,121932490,121652369,-127.121,0.000,0.000,1.000,3.000,0.000,0.000,78.000,0,0,0
B3_zmq_pushpull,zmq_tcp,none,none,,1,6062,512,584,1785153442522406000,1785153442522407000,1785153442522407000,1785153442522408000,1785153442522561000,1785153442522564000,1785153442522564000,1785153442522564000,121932490,121652369,-127.121,1.000,0.000,1.000,3.000,0.000,0.000,0.000,0,0,0
B3_zmq_pushpull,zmq_tcp,none,none,,1,6063,512,584,1785153442523532000,1785153442523532000,1785153442523532000,1785153442523533000,1785153442523678000,1785153442523681000,1785153442523681000,1785153442523681000,121932490,121652369,-135.121,0.000,0.000,1.000,3.000,0.000,0.000,8.000,0,0,0
B3_zmq_pushpull,zmq_tcp,none,none,,1,6064,512,584,1785153442524380000,1785153442524381000,1785153442524381000,1785153442524382000,1785153442524537000,1785153442524540000,1785153442524540000,1785153442524540000,121932490,121652369,-125.121,1.000,0.000,1.000,3.000,0.000,0.000,10.000,0,0,0
B3_zmq_pushpull,zmq_tcp,none,none,,1,6065,512,584,1785153442525362000,1785153442525362000,1785153442525362000,1785153442525363000,1785153442525520000,1785153442525522000,1785153442525522000,1785153442525522000,121932490,121652369,-123.121,0.000,0.000,1.000,2.000,0.000,0.000,2.000,0,0,0
B3_zmq_pushpull,zmq_tcp,none,none,,1,6066,512,584,1785153442526356000,1785153442526357000,1785153442526357000,1785153442526358000,1785153442526517000,1785153442526520000,1785153442526520000,1785153442526520000,121932490,121652369,-121.121,1.000,0.000,1.000,3.000,0.000,0.000,2.000,0,0,0
B3_zmq_pushpull,zmq_tcp,none,none,,1,6067,512,584,1785153442527543000,1785153442527543000,1785153442527543000,1785153442527544000,1785153442527629000,1785153442527632000,1785153442527632000,1785153442527632000,121932490,121652369,-195.121,0.000,0.000,1.000,3.000,0.000,0.000,74.000,0,0,0
B3_zmq_pushpull,zmq_tcp,none,none,,1,6068,512,584,1785153442528496000,1785153442528496000,1785153442528496000,1785153442528497000,1785153442528606000,1785153442528608000,1785153442528608000,1785153442528608000,121932490,121652369,-171.121,0.000,0.000,1.000,2.000,0.000,0.000,24.000,0,0,0
B3_zmq_pushpull,zmq_tcp,none,none,,1,6069,512,584,1785153442529508000,1785153442529508000,1785153442529508000,1785153442529509000,1785153442529586000,1785153442529589000,1785153442529589000,1785153442529589000,121932490,121652369,-203.121,0.000,0.000,1.000,3.000,0.000,0.000,32.000,0,0,0
B3_zmq_pushpull,zmq_tcp,none,none,,1,6070,512,584,1785153442530503000,1785153442530504000,1785153442530504000,1785153442530505000,1785153442530547000,1785153442530551000,1785153442530551000,1785153442530551000,121932490,121652369,-238.121,1.000,0.000,1.000,4.000,0.000,0.000,35.000,0,0,0
B3_zmq_pushpull,zmq_tcp,none,none,,1,6071,512,584,1785153442531382000,1785153442531382000,1785153442531382000,1785153442531383000,1785153442531540000,1785153442531542000,1785153442531542000,1785153442531542000,121932490,121652369,-123.121,0.000,0.000,1.000,2.000,0.000,0.000,115.000,0,0,0
B3_zmq_pushpull,zmq_tcp,none,none,,1,6072,512,584,1785153442532362000,1785153442532362000,1785153442532362000,1785153442532363000,1785153442532522000,1785153442532525000,1785153442532525000,1785153442532525000,121932490,121652369,-121.121,0.000,0.000,1.000,3.000,0.000,0.000,2.000,0,0,0
B3_zmq_pushpull,zmq_tcp,none,none,,1,6073,512,584,1785153442533364000,1785153442533364000,1785153442533364000,1785153442533365000,1785153442533517000,1785153442533520000,1785153442533520000,1785153442533520000,121932490,121652369,-128.121,0.000,0.000,1.000,3.000,0.000,0.000,7.000,0,0,0
B3_zmq_pushpull,zmq_tcp,none,none,,1,6074,512,584,1785153442534354000,1785153442534354000,1785153442534354000,1785153442534355000,1785153442534510000,1785153442534514000,1785153442534514000,1785153442534514000,121932490,121652369,-125.121,0.000,0.000,1.000,4.000,0.000,0.000,3.000,0,0,0
B3_zmq_pushpull,zmq_tcp,none,none,,1,6075,512,584,1785153442535339000,1785153442535340000,1785153442535340000,1785153442535341000,1785153442535482000,1785153442535485000,1785153442535485000,1785153442535485000,121932490,121652369,-139.121,1.000,0.000,1.000,3.000,0.000,0.000,14.000,0,0,0
B3_zmq_pushpull,zmq_tcp,none,none,,1,6076,512,584,1785153442536547000,1785153442536547000,1785153442536547000,1785153442536548000,1785153442536732000,1785153442536734000,1785153442536734000,1785153442536734000,121932490,121652369,-96.121,0.000,0.000,1.000,2.000,0.000,0.000,43.000,0,0,0
B3_zmq_pushpull,zmq_tcp,none,none,,1,6077,512,584,1785153442537493000,1785153442537493000,1785153442537493000,1785153442537494000,1785153442537584000,1785153442537587000,1785153442537587000,1785153442537587000,121932490,121652369,-190.121,0.000,0.000,1.000,3.000,0.000,0.000,94.000,0,0,0
B3_zmq_pushpull,zmq_tcp,none,none,,1,6078,512,584,1785153442538512000,1785153442538512000,1785153442538512000,1785153442538513000,1785153442538566000,1785153442538569000,1785153442538569000,1785153442538569000,121932490,121652369,-227.121,0.000,0.000,1.000,3.000,0.000,0.000,37.000,0,0,0
B3_zmq_pushpull,zmq_tcp,none,none,,1,6079,512,584,1785153442539507000,1785153442539507000,1785153442539507000,1785153442539508000,1785153442539688000,1785153442539691000,1785153442539691000,1785153442539691000,121932490,121652369,-100.121,0.000,0.000,1.000,3.000,0.000,0.000,127.000,0,0,0
B3_zmq_pushpull,zmq_tcp,none,none,,1,6080,512,584,1785153442540376000,1785153442540376000,1785153442540376000,1785153442540377000,1785153442540525000,1785153442540528000,1785153442540528000,1785153442540528000,121932490,121652369,-132.121,0.000,0.000,1.000,3.000,0.000,0.000,32.000,0,0,0
B3_zmq_pushpull,zmq_tcp,none,none,,1,6081,512,584,1785153442541537000,1785153442541537000,1785153442541538000,1785153442541538000,1785153442541638000,1785153442541641000,1785153442541641000,1785153442541641000,121932490,121652369,-180.121,0.000,1.000,0.000,3.000,0.000,0.000,48.000,0,0,0
B3_zmq_pushpull,zmq_tcp,none,none,,1,6082,512,584,1785153442542497000,1785153442542497000,1785153442542498000,1785153442542498000,1785153442542613000,1785153442542616000,1785153442542616000,1785153442542616000,121932490,121652369,-165.121,0.000,1.000,0.000,3.000,0.000,0.000,15.000,0,0,0
B3_zmq_pushpull,zmq_tcp,none,none,,1,6083,512,584,1785153442543507000,1785153442543507000,1785153442543507000,1785153442543508000,1785153442543590000,1785153442543593000,1785153442543593000,1785153442543593000,121932490,121652369,-198.121,0.000,0.000,1.000,3.000,0.000,0.000,33.000,0,0,0
B3_zmq_pushpull,zmq_tcp,none,none,,1,6084,512,584,1785153442544503000,1785153442544503000,1785153442544503000,1785153442544504000,1785153442544610000,1785153442544613000,1785153442544613000,1785153442544613000,121932490,121652369,-174.121,0.000,0.000,1.000,3.000,0.000,0.000,24.000,0,0,0
B3_zmq_pushpull,zmq_tcp,none,none,,1,6085,512,584,1785153442545509000,1785153442545509000,1785153442545509000,1785153442545510000,1785153442545616000,1785153442545619000,1785153442545619000,1785153442545619000,121932490,121652369,-174.121,0.000,0.000,1.000,3.000,0.000,0.000,0.000,0,0,0
B3_zmq_pushpull,zmq_tcp,none,none,,1,6086,512,584,1785153442546505000,1785153442546506000,1785153442546506000,1785153442546507000,1785153442546621000,1785153442546624000,1785153442546624000,1785153442546624000,121932490,121652369,-166.121,1.000,0.000,1.000,3.000,0.000,0.000,8.000,0,0,0
B3_zmq_pushpull,zmq_tcp,none,none,,1,6087,512,584,1785153442547507000,1785153442547508000,1785153442547508000,1785153442547508000,1785153442547617000,1785153442547619000,1785153442547619000,1785153442547619000,121932490,121652369,-171.121,1.000,0.000,0.000,2.000,0.000,0.000,5.000,0,0,0
B3_zmq_pushpull,zmq_tcp,none,none,,1,6088,512,584,1785153442548504000,1785153442548504000,1785153442548504000,1785153442548505000,1785153442548594000,1785153442548597000,1785153442548597000,1785153442548597000,121932490,121652369,-191.121,0.000,0.000,1.000,3.000,0.000,0.000,20.000,0,0,0
B3_zmq_pushpull,zmq_tcp,none,none,,1,6089,512,584,1785153442549507000,1785153442549507000,1785153442549507000,1785153442549508000,1785153442549572000,1785153442549574000,1785153442549574000,1785153442549574000,121932490,121652369,-216.121,0.000,0.000,1.000,2.000,0.000,0.000,25.000,0,0,0
B3_zmq_pushpull,zmq_tcp,none,none,,1,6090,512,584,1785153442550505000,1785153442550506000,1785153442550506000,1785153442550507000,1785153442550560000,1785153442550563000,1785153442550563000,1785153442550563000,121932490,121652369,-227.121,1.000,0.000,1.000,3.000,0.000,0.000,11.000,0,0,0
B3_zmq_pushpull,zmq_tcp,none,none,,1,6091,512,584,1785153442551508000,1785153442551508000,1785153442551508000,1785153442551509000,1785153442551682000,1785153442551684000,1785153442551684000,1785153442551684000,121932490,121652369,-107.121,0.000,0.000,1.000,2.000,0.000,0.000,120.000,0,0,0
B3_zmq_pushpull,zmq_tcp,none,none,,1,6092,512,584,1785153442552501000,1785153442552501000,1785153442552501000,1785153442552502000,1785153442552669000,1785153442552672000,1785153442552672000,1785153442552672000,121932490,121652369,-113.121,0.000,0.000,1.000,3.000,0.000,0.000,6.000,0,0,0
B3_zmq_pushpull,zmq_tcp,none,none,,1,6093,512,584,1785153442553509000,1785153442553509000,1785153442553509000,1785153442553510000,1785153442553672000,1785153442553675000,1785153442553675000,1785153442553675000,121932490,121652369,-118.121,0.000,0.000,1.000,3.000,0.000,0.000,5.000,0,0,0
B3_zmq_pushpull,zmq_tcp,none,none,,1,6094,512,584,1785153442554504000,1785153442554504000,1785153442554504000,1785153442554505000,1785153442554669000,1785153442554672000,1785153442554672000,1785153442554672000,121932490,121652369,-116.121,0.000,0.000,1.000,3.000,0.000,0.000,2.000,0,0,0
B3_zmq_pushpull,zmq_tcp,none,none,,1,6095,512,584,1785153442555506000,1785153442555506000,1785153442555506000,1785153442555507000,1785153442555674000,1785153442555678000,1785153442555678000,1785153442555678000,121932490,121652369,-113.121,0.000,0.000,1.000,4.000,0.000,0.000,3.000,0,0,0
B3_zmq_pushpull,zmq_tcp,none,none,,1,6096,512,584,1785153442556505000,1785153442556505000,1785153442556506000,1785153442556506000,1785153442556665000,1785153442556668000,1785153442556668000,1785153442556668000,121932490,121652369,-121.121,0.000,1.000,0.000,3.000,0.000,0.000,8.000,0,0,0
B3_zmq_pushpull,zmq_tcp,none,none,,1,6097,512,584,1785153442557507000,1785153442557508000,1785153442557508000,1785153442557509000,1785153442557664000,1785153442557666000,1785153442557667000,1785153442557667000,121932490,121652369,-125.121,1.000,0.000,1.000,2.000,1.000,0.000,4.000,0,0,0
B3_zmq_pushpull,zmq_tcp,none,none,,1,6098,512,584,1785153442558506000,1785153442558506000,1785153442558506000,1785153442558507000,1785153442558665000,1785153442558668000,1785153442558668000,1785153442558668000,121932490,121652369,-122.121,0.000,0.000,1.000,3.000,0.000,0.000,3.000,0,0,0
B3_zmq_pushpull,zmq_tcp,none,none,,1,6099,512,584,1785153442559510000,1785153442559510000,1785153442559510000,1785153442559511000,1785153442559668000,1785153442559670000,1785153442559670000,1785153442559670000,121932490,121652369,-123.121,0.000,0.000,1.000,2.000,0.000,0.000,1.000,0,0,0
B3_zmq_pushpull,zmq_tcp,none,none,,1,6100,512,584,1785153442560508000,1785153442560508000,1785153442560508000,1785153442560509000,1785153442560685000,1785153442560688000,1785153442560688000,1785153442560688000,121932490,121652369,-104.121,0.000,0.000,1.000,3.000,0.000,0.000,19.000,0,0,0
B3_zmq_pushpull,zmq_tcp,none,none,,1,6101,512,584,1785153442561390000,1785153442561390000,1785153442561390000,1785153442561391000,1785153442561546000,1785153442561549000,1785153442561549000,1785153442561549000,121932490,121652369,-125.121,0.000,0.000,1.000,3.000,0.000,0.000,21.000,0,0,0
B3_zmq_pushpull,zmq_tcp,none,none,,1,6102,512,584,1785153442562536000,1785153442562536000,1785153442562536000,1785153442562537000,1785153442562689000,1785153442562692000,1785153442562692000,1785153442562692000,121932490,121652369,-128.121,0.000,0.000,1.000,3.000,0.000,0.000,3.000,0,0,0
B3_zmq_pushpull,zmq_tcp,none,none,,1,6103,512,584,1785153442563496000,1785153442563496000,1785153442563496000,1785153442563497000,1785153442563542000,1785153442563546000,1785153442563546000,1785153442563546000,121932490,121652369,-235.121,0.000,0.000,1.000,4.000,0.000,0.000,107.000,0,0,0
B3_zmq_pushpull,zmq_tcp,none,none,,1,6104,512,584,1785153442564515000,1785153442564515000,1785153442564515000,1785153442564516000,1785153442564690000,1785153442564693000,1785153442564693000,1785153442564693000,121932490,121652369,-106.121,0.000,0.000,1.000,3.000,0.000,0.000,129.000,0,0,0
B3_zmq_pushpull,zmq_tcp,none,none,,1,6105,512,584,1785153442565409000,1785153442565409000,1785153442565410000,1785153442565410000,1785153442565564000,1785153442565566000,1785153442565566000,1785153442565566000,121932490,121652369,-126.121,0.000,1.000,0.000,2.000,0.000,0.000,20.000,0,0,0
B3_zmq_pushpull,zmq_tcp,none,none,,1,6106,512,584,1785153442566534000,1785153442566534000,1785153442566534000,1785153442566535000,1785153442566702000,1785153442566705000,1785153442566705000,1785153442566705000,121932490,121652369,-113.121,0.000,0.000,1.000,3.000,0.000,0.000,13.000,0,0,0
B3_zmq_pushpull,zmq_tcp,none,none,,1,6107,512,584,1785153442567413000,1785153442567413000,1785153442567413000,1785153442567414000,1785153442567573000,1785153442567576000,1785153442567576000,1785153442567576000,121932490,121652369,-121.121,0.000,0.000,1.000,3.000,0.000,0.000,8.000,0,0,0
B3_zmq_pushpull,zmq_tcp,none,none,,1,6108,512,584,1785153442568413000,1785153442568413000,1785153442568413000,1785153442568414000,1785153442568562000,1785153442568565000,1785153442568565000,1785153442568565000,121932490,121652369,-132.121,0.000,0.000,1.000,3.000,0.000,0.000,11.000,0,0,0
B3_zmq_pushpull,zmq_tcp,none,none,,1,6109,512,584,1785153442569531000,1785153442569531000,1785153442569531000,1785153442569532000,1785153442569688000,1785153442569690000,1785153442569690000,1785153442569690000,121932490,121652369,-124.121,0.000,0.000,1.000,2.000,0.000,0.000,8.000,0,0,0
B3_zmq_pushpull,zmq_tcp,none,none,,1,6110,512,584,1785153442570502000,1785153442570502000,1785153442570502000,1785153442570503000,1785153442570680000,1785153442570682000,1785153442570682000,1785153442570682000,121932490,121652369,-103.121,0.000,0.000,1.000,2.000,0.000,0.000,21.000,0,0,0
B3_zmq_pushpull,zmq_tcp,none,none,,1,6111,512,584,1785153442571506000,1785153442571506000,1785153442571506000,1785153442571507000,1785153442571671000,1785153442571674000,1785153442571674000,1785153442571674000,121932490,121652369,-116.121,0.000,0.000,1.000,3.000,0.000,0.000,13.000,0,0,0
B3_zmq_pushpull,zmq_tcp,none,none,,1,6112,512,584,1785153442572507000,1785153442572507000,1785153442572507000,1785153442572508000,1785153442572676000,1785153442572678000,1785153442572678000,1785153442572678000,121932490,121652369,-112.121,0.000,0.000,1.000,2.000,0.000,0.000,4.000,0,0,0
B3_zmq_pushpull,zmq_tcp,none,none,,1,6113,512,584,1785153442573508000,1785153442573508000,1785153442573508000,1785153442573509000,1785153442573654000,1785153442573657000,1785153442573657000,1785153442573657000,121932490,121652369,-135.121,0.000,0.000,1.000,3.000,0.000,0.000,23.000,0,0,0
B3_zmq_pushpull,zmq_tcp,none,none,,1,6114,512,584,1785153442574505000,1785153442574505000,1785153442574505000,1785153442574506000,1785153442574638000,1785153442574640000,1785153442574640000,1785153442574640000,121932490,121652369,-148.121,0.000,0.000,1.000,2.000,0.000,0.000,13.000,0,0,0
B3_zmq_pushpull,zmq_tcp,none,none,,1,6115,512,584,1785153442575507000,1785153442575507000,1785153442575507000,1785153442575508000,1785153442575640000,1785153442575642000,1785153442575642000,1785153442575642000,121932490,121652369,-148.121,0.000,0.000,1.000,2.000,0.000,0.000,0.000,0,0,0
B3_zmq_pushpull,zmq_tcp,none,none,,1,6116,512,584,1785153442576506000,1785153442576506000,1785153442576506000,1785153442576507000,1785153442576635000,1785153442576638000,1785153442576638000,1785153442576638000,121932490,121652369,-152.121,0.000,0.000,1.000,3.000,0.000,0.000,4.000,0,0,0
B3_zmq_pushpull,zmq_tcp,none,none,,1,6117,512,584,1785153442577507000,1785153442577507000,1785153442577507000,1785153442577508000,1785153442577633000,1785153442577636000,1785153442577636000,1785153442577636000,121932490,121652369,-155.121,0.000,0.000,1.000,3.000,0.000,0.000,3.000,0,0,0
B3_zmq_pushpull,zmq_tcp,none,none,,1,6118,512,584,1785153442578504000,1785153442578504000,1785153442578504000,1785153442578505000,1785153442578624000,1785153442578627000,1785153442578627000,1785153442578627000,121932490,121652369,-161.121,0.000,0.000,1.000,3.000,0.000,0.000,6.000,0,0,0
B3_zmq_pushpull,zmq_tcp,none,none,,1,6119,512,584,1785153442579508000,1785153442579508000,1785153442579508000,1785153442579509000,1785153442579639000,1785153442579641000,1785153442579641000,1785153442579641000,121932490,121652369,-150.121,0.000,0.000,1.000,2.000,0.000,0.000,11.000,0,0,0
B3_zmq_pushpull,zmq_tcp,none,none,,1,6120,512,584,1785153442580507000,1785153442580507000,1785153442580507000,1785153442580508000,1785153442580633000,1785153442580636000,1785153442580636000,1785153442580636000,121932490,121652369,-155.121,0.000,0.000,1.000,3.000,0.000,0.000,5.000,0,0,0
B3_zmq_pushpull,zmq_tcp,none,none,,1,6121,512,584,1785153442581507000,1785153442581507000,1785153442581507000,1785153442581508000,1785153442581630000,1785153442581633000,1785153442581633000,1785153442581633000,121932490,121652369,-158.121,0.000,0.000,1.000,3.000,0.000,0.000,3.000,0,0,0
B3_zmq_pushpull,zmq_tcp,none,none,,1,6122,512,584,1785153442582505000,1785153442582506000,1785153442582506000,1785153442582507000,1785153442582638000,1785153442582641000,1785153442582641000,1785153442582641000,121932490,121652369,-149.121,1.000,0.000,1.000,3.000,0.000,0.000,9.000,0,0,0
B3_zmq_pushpull,zmq_tcp,none,none,,1,6123,512,584,1785153442583506000,1785153442583506000,1785153442583506000,1785153442583507000,1785153442583648000,1785153442583651000,1785153442583651000,1785153442583651000,121932490,121652369,-139.121,0.000,0.000,1.000,3.000,0.000,0.000,10.000,0,0,0
B3_zmq_pushpull,zmq_tcp,none,none,,1,6124,512,584,1785153442584507000,1785153442584507000,1785153442584507000,1785153442584508000,1785153442584637000,1785153442584640000,1785153442584640000,1785153442584640000,121932490,121652369,-151.121,0.000,0.000,1.000,3.000,0.000,0.000,12.000,0,0,0
B3_zmq_pushpull,zmq_tcp,none,none,,1,6125,512,584,1785153442585507000,1785153442585507000,1785153442585507000,1785153442585508000,1785153442585621000,1785153442585624000,1785153442585624000,1785153442585624000,121932490,121652369,-167.121,0.000,0.000,1.000,3.000,0.000,0.000,16.000,0,0,0
B3_zmq_pushpull,zmq_tcp,none,none,,1,6126,512,584,1785153442586507000,1785153442586507000,1785153442586507000,1785153442586508000,1785153442586636000,1785153442586639000,1785153442586639000,1785153442586639000,121932490,121652369,-152.121,0.000,0.000,1.000,3.000,0.000,0.000,15.000,0,0,0
B3_zmq_pushpull,zmq_tcp,none,none,,1,6127,512,584,1785153442587507000,1785153442587507000,1785153442587507000,1785153442587508000,1785153442587641000,1785153442587644000,1785153442587644000,1785153442587644000,121932490,121652369,-147.121,0.000,0.000,1.000,3.000,0.000,0.000,5.000,0,0,0
B3_zmq_pushpull,zmq_tcp,none,none,,1,6128,512,584,1785153442588508000,1785153442588508000,1785153442588508000,1785153442588509000,1785153442588633000,1785153442588636000,1785153442588636000,1785153442588636000,121932490,121652369,-156.121,0.000,0.000,1.000,3.000,0.000,0.000,9.000,0,0,0
B3_zmq_pushpull,zmq_tcp,none,none,,1,6129,512,584,1785153442589503000,1785153442589503000,1785153442589503000,1785153442589504000,1785153442589646000,1785153442589649000,1785153442589649000,1785153442589649000,121932490,121652369,-138.121,0.000,0.000,1.000,3.000,0.000,0.000,18.000,0,0,0
B3_zmq_pushpull,zmq_tcp,none,none,,1,6130,512,584,1785153442590508000,1785153442590508000,1785153442590508000,1785153442590509000,1785153442590638000,1785153442590642000,1785153442590642000,1785153442590642000,121932490,121652369,-151.121,0.000,0.000,1.000,4.000,0.000,0.000,13.000,0,0,0
B3_zmq_pushpull,zmq_tcp,none,none,,1,6131,512,584,1785153442591507000,1785153442591507000,1785153442591507000,1785153442591508000,1785153442591636000,1785153442591638000,1785153442591638000,1785153442591638000,121932490,121652369,-152.121,0.000,0.000,1.000,2.000,0.000,0.000,1.000,0,0,0
B3_zmq_pushpull,zmq_tcp,none,none,,1,6132,512,584,1785153442592508000,1785153442592508000,1785153442592508000,1785153442592509000,1785153442592637000,1785153442592640000,1785153442592640000,1785153442592640000,121932490,121652369,-152.121,0.000,0.000,1.000,3.000,0.000,0.000,0.000,0,0,0
B3_zmq_pushpull,zmq_tcp,none,none,,1,6133,512,584,1785153442593508000,1785153442593509000,1785153442593509000,1785153442593510000,1785153442593640000,1785153442593642000,1785153442593643000,1785153442593643000,121932490,121652369,-150.121,1.000,0.000,1.000,2.000,1.000,0.000,2.000,0,0,0
B3_zmq_pushpull,zmq_tcp,none,none,,1,6134,512,584,1785153442594507000,1785153442594507000,1785153442594507000,1785153442594508000,1785153442594628000,1785153442594632000,1785153442594632000,1785153442594632000,121932490,121652369,-160.121,0.000,0.000,1.000,4.000,0.000,0.000,10.000,0,0,0
B3_zmq_pushpull,zmq_tcp,none,none,,1,6135,512,584,1785153442595507000,1785153442595507000,1785153442595507000,1785153442595508000,1785153442595631000,1785153442595634000,1785153442595634000,1785153442595634000,121932490,121652369,-157.121,0.000,0.000,1.000,3.000,0.000,0.000,3.000,0,0,0
B3_zmq_pushpull,zmq_tcp,none,none,,1,6136,512,584,1785153442596508000,1785153442596508000,1785153442596508000,1785153442596510000,1785153442596645000,1785153442596648000,1785153442596648000,1785153442596648000,121932490,121652369,-145.121,0.000,0.000,2.000,3.000,0.000,0.000,12.000,0,0,0
B3_zmq_pushpull,zmq_tcp,none,none,,1,6137,512,584,1785153442597503000,1785153442597503000,1785153442597504000,1785153442597504000,1785153442597645000,1785153442597648000,1785153442597648000,1785153442597648000,121932490,121652369,-139.121,0.000,1.000,0.000,3.000,0.000,0.000,6.000,0,0,0
B3_zmq_pushpull,zmq_tcp,none,none,,1,6138,512,584,1785153442598508000,1785153442598508000,1785153442598508000,1785153442598509000,1785153442598645000,1785153442598648000,1785153442598648000,1785153442598648000,121932490,121652369,-144.121,0.000,0.000,1.000,3.000,0.000,0.000,5.000,0,0,0
B3_zmq_pushpull,zmq_tcp,none,none,,1,6139,512,584,1785153442599491000,1785153442599491000,1785153442599491000,1785153442599492000,1785153442599633000,1785153442599636000,1785153442599636000,1785153442599636000,121932490,121652369,-139.121,0.000,0.000,1.000,3.000,0.000,0.000,5.000,0,0,0
B3_zmq_pushpull,zmq_tcp,none,none,,1,6140,512,584,1785153442600339000,1785153442600339000,1785153442600340000,1785153442600340000,1785153442600500000,1785153442600508000,1785153442600508000,1785153442600508000,121932490,121652369,-120.121,0.000,1.000,0.000,8.000,0.000,0.000,19.000,0,0,0
B3_zmq_pushpull,zmq_tcp,none,none,,1,6141,512,584,1785153442601548000,1785153442601548000,1785153442601549000,1785153442601549000,1785153442601661000,1785153442601664000,1785153442601664000,1785153442601664000,121932490,121652369,-168.121,0.000,1.000,0.000,3.000,0.000,0.000,48.000,0,0,0
B3_zmq_pushpull,zmq_tcp,none,none,,1,6142,512,584,1785153442602499000,1785153442602499000,1785153442602499000,1785153442602500000,1785153442602679000,1785153442602681000,1785153442602681000,1785153442602681000,121932490,121652369,-101.121,0.000,0.000,1.000,2.000,0.000,0.000,67.000,0,0,0
B3_zmq_pushpull,zmq_tcp,none,none,,1,6143,512,584,1785153442603510000,1785153442603510000,1785153442603510000,1785153442603511000,1785153442603675000,1785153442603678000,1785153442603678000,1785153442603678000,121932490,121652369,-116.121,0.000,0.000,1.000,3.000,0.000,0.000,15.000,0,0,0
B3_zmq_pushpull,zmq_tcp,none,none,,1,6144,512,584,1785153442604503000,1785153442604503000,1785153442604503000,1785153442604504000,1785153442604551000,1785153442604554000,1785153442604554000,1785153442604554000,121932490,121652369,-233.121,0.000,0.000,1.000,3.000,0.000,0.000,117.000,0,0,0
B3_zmq_pushpull,zmq_tcp,none,none,,1,6145,512,584,1785153442605386000,1785153442605386000,1785153442605386000,1785153442605387000,1785153442605541000,1785153442605544000,1785153442605544000,1785153442605544000,121932490,121652369,-126.121,0.000,0.000,1.000,3.000,0.000,0.000,107.000,0,0,0
B3_zmq_pushpull,zmq_tcp,none,none,,1,6146,512,584,1785153442606538000,1785153442606538000,1785153442606538000,1785153442606539000,1785153442606684000,1785153442606687000,1785153442606687000,1785153442606687000,121932490,121652369,-135.121,0.000,0.000,1.000,3.000,0.000,0.000,9.000,0,0,0
B3_zmq_pushpull,zmq_tcp,none,none,,1,6147,512,584,1785153442607496000,1785153442607497000,1785153442607497000,1785153442607498000,1785153442607551000,1785153442607555000,1785153442607555000,1785153442607555000,121932490,121652369,-227.121,1.000,0.000,1.000,4.000,0.000,0.000,92.000,0,0,0
B3_zmq_pushpull,zmq_tcp,none,none,,1,6148,512,584,1785153442608403000,1785153442608404000,1785153442608404000,1785153442608404000,1785153442608564000,1785153442608566000,1785153442608566000,1785153442608566000,121932490,121652369,-120.121,1.000,0.000,0.000,2.000,0.000,0.000,107.000,0,0,0
B3_zmq_pushpull,zmq_tcp,none,none,,1,6149,512,584,1785153442609401000,1785153442609401000,1785153442609401000,1785153442609402000,1785153442609561000,1785153442609564000,1785153442609564000,1785153442609564000,121932490,121652369,-121.121,0.000,0.000,1.000,3.000,0.000,0.000,1.000,0,0,0
B3_zmq_pushpull,zmq_tcp,none,none,,1,6150,512,584,1785153442610404000,1785153442610404000,1785153442610404000,1785153442610405000,1785153442610560000,1785153442610563000,1785153442610563000,1785153442610563000,121932490,121652369,-125.121,0.000,0.000,1.000,3.000,0.000,0.000,4.000,0,0,0
B3_zmq_pushpull,zmq_tcp,none,none,,1,6151,512,584,1785153442611401000,1785153442611401000,1785153442611401000,1785153442611402000,1785153442611552000,1785153442611555000,1785153442611555000,1785153442611555000,121932490,121652369,-130.121,0.000,0.000,1.000,3.000,0.000,0.000,5.000,0,0,0
B3_zmq_pushpull,zmq_tcp,none,none,,1,6152,512,584,1785153442612371000,1785153442612372000,1785153442612372000,1785153442612373000,1785153442612524000,1785153442612527000,1785153442612527000,1785153442612527000,121932490,121652369,-129.121,1.000,0.000,1.000,3.000,0.000,0.000,1.000,0,0,0
B3_zmq_pushpull,zmq_tcp,none,none,,1,6153,512,584,1785153442613350000,1785153442613350000,1785153442613350000,1785153442613351000,1785153442613500000,1785153442613503000,1785153442613503000,1785153442613503000,121932490,121652369,-131.121,0.000,0.000,1.000,3.000,0.000,0.000,2.000,0,0,0
B3_zmq_pushpull,zmq_tcp,none,none,,1,6154,512,584,1785153442614327000,1785153442614328000,1785153442614328000,1785153442614329000,1785153442614488000,1785153442614491000,1785153442614491000,1785153442614491000,121932490,121652369,-121.121,1.000,0.000,1.000,3.000,0.000,0.000,10.000,0,0,0
B3_zmq_pushpull,zmq_tcp,none,none,,1,6155,512,584,1785153442615320000,1785153442615320000,1785153442615320000,1785153442615321000,1785153442615468000,1785153442615471000,1785153442615471000,1785153442615471000,121932490,121652369,-133.121,0.000,0.000,1.000,3.000,0.000,0.000,12.000,0,0,0
B3_zmq_pushpull,zmq_tcp,none,none,,1,6156,512,584,1785153442616555000,1785153442616555000,1785153442616555000,1785153442616556000,1785153442616606000,1785153442616611000,1785153442616611000,1785153442616611000,121932490,121652369,-230.121,0.000,0.000,1.000,5.000,0.000,0.000,97.000,0,0,0
B3_zmq_pushpull,zmq_tcp,none,none,,1,6157,512,584,1785153442617494000,1785153442617494000,1785153442617494000,1785153442617495000,1785153442617612000,1785153442617615000,1785153442617615000,1785153442617615000,121932490,121652369,-163.121,0.000,0.000,1.000,3.000,0.000,0.000,67.000,0,0,0
B3_zmq_pushpull,zmq_tcp,none,none,,1,6158,512,584,1785153442618506000,1785153442618506000,1785153442618506000,1785153442618507000,1785153442618607000,1785153442618610000,1785153442618610000,1785153442618610000,121932490,121652369,-180.121,0.000,0.000,1.000,3.000,0.000,0.000,17.000,0,0,0
B3_zmq_pushpull,zmq_tcp,none,none,,1,6159,512,584,1785153442619506000,1785153442619506000,1785153442619506000,1785153442619507000,1785153442619586000,1785153442619588000,1785153442619588000,1785153442619588000,121932490,121652369,-201.121,0.000,0.000,1.000,2.000,0.000,0.000,21.000,0,0,0
B3_zmq_pushpull,zmq_tcp,none,none,,1,6160,512,584,1785153442620506000,1785153442620506000,1785153442620506000,1785153442620507000,1785153442620569000,1785153442620572000,1785153442620572000,1785153442620572000,121932490,121652369,-218.121,0.000,0.000,1.000,3.000,0.000,0.000,17.000,0,0,0
B3_zmq_pushpull,zmq_tcp,none,none,,1,6161,512,584,1785153442621506000,1785153442621506000,1785153442621506000,1785153442621507000,1785153442621694000,1785153442621697000,1785153442621697000,1785153442621697000,121932490,121652369,-93.121,0.000,0.000,1.000,3.000,0.000,0.000,125.000,0,0,0
B3_zmq_pushpull,zmq_tcp,none,none,,1,6162,512,584,1785153442622400000,1785153442622400000,1785153442622400000,1785153442622401000,1785153442622558000,1785153442622561000,1785153442622561000,1785153442622561000,121932490,121652369,-123.121,0.000,0.000,1.000,3.000,0.000,0.000,30.000,0,0,0
B3_zmq_pushpull,zmq_tcp,none,none,,1,6163,512,584,1785153442623533000,1785153442623533000,1785153442623533000,1785153442623534000,1785153442623680000,1785153442623683000,1785153442623683000,1785153442623683000,121932490,121652369,-134.121,0.000,0.000,1.000,3.000,0.000,0.000,11.000,0,0,0
B3_zmq_pushpull,zmq_tcp,none,none,,1,6164,512,584,1785153442624503000,1785153442624503000,1785153442624503000,1785153442624509000,1785153442624655000,1785153442624658000,1785153442624658000,1785153442624658000,121932490,121652369,-134.121,0.000,0.000,6.000,3.000,0.000,0.000,0.000,0,0,0
B3_zmq_pushpull,zmq_tcp,none,none,,1,6165,512,584,1785153442625506000,1785153442625506000,1785153442625506000,1785153442625507000,1785153442625635000,1785153442625637000,1785153442625637000,1785153442625637000,121932490,121652369,-152.121,0.000,0.000,1.000,2.000,0.000,0.000,18.000,0,0,0
B3_zmq_pushpull,zmq_tcp,none,none,,1,6166,512,584,1785153442626506000,1785153442626506000,1785153442626506000,1785153442626507000,1785153442626612000,1785153442626615000,1785153442626615000,1785153442626615000,121932490,121652369,-175.121,0.000,0.000,1.000,3.000,0.000,0.000,23.000,0,0,0
B3_zmq_pushpull,zmq_tcp,none,none,,1,6167,512,584,1785153442627507000,1785153442627507000,1785153442627507000,1785153442627508000,1785153442627590000,1785153442627592000,1785153442627592000,1785153442627592000,121932490,121652369,-198.121,0.000,0.000,1.000,2.000,0.000,0.000,23.000,0,0,0
B3_zmq_pushpull,zmq_tcp,none,none,,1,6168,512,584,1785153442628506000,1785153442628506000,1785153442628506000,1785153442628507000,1785153442628578000,1785153442628580000,1785153442628580000,1785153442628580000,121932490,121652369,-209.121,0.000,0.000,1.000,2.000,0.000,0.000,11.000,0,0,0
B3_zmq_pushpull,zmq_tcp,none,none,,1,6169,512,584,1785153442629506000,1785153442629506000,1785153442629506000,1785153442629507000,1785153442629680000,1785153442629683000,1785153442629683000,1785153442629683000,121932490,121652369,-107.121,0.000,0.000,1.000,3.000,0.000,0.000,102.000,0,0,0
B3_zmq_pushpull,zmq_tcp,none,none,,1,6170,512,584,1785153442630506000,1785153442630506000,1785153442630506000,1785153442630507000,1785153442630675000,1785153442630677000,1785153442630678000,1785153442630678000,121932490,121652369,-112.121,0.000,0.000,1.000,2.000,1.000,0.000,5.000,0,0,0
B3_zmq_pushpull,zmq_tcp,none,none,,1,6171,512,584,1785153442631506000,1785153442631506000,1785153442631506000,1785153442631507000,1785153442631666000,1785153442631669000,1785153442631669000,1785153442631669000,121932490,121652369,-121.121,0.000,0.000,1.000,3.000,0.000,0.000,9.000,0,0,0
B3_zmq_pushpull,zmq_tcp,none,none,,1,6172,512,584,1785153442632506000,1785153442632506000,1785153442632506000,1785153442632507000,1785153442632626000,1785153442632629000,1785153442632629000,1785153442632629000,121932490,121652369,-161.121,0.000,0.000,1.000,3.000,0.000,0.000,40.000,0,0,0
B3_zmq_pushpull,zmq_tcp,none,none,,1,6173,512,584,1785153442633318000,1785153442633318000,1785153442633318000,1785153442633319000,1785153442633459000,1785153442633462000,1785153442633462000,1785153442633462000,121932490,121652369,-140.121,0.000,0.000,1.000,3.000,0.000,0.000,21.000,0,0,0
B3_zmq_pushpull,zmq_tcp,none,none,,1,6174,512,584,1785153442634416000,1785153442634416000,1785153442634416000,1785153442634417000,1785153442634568000,1785153442634571000,1785153442634571000,1785153442634571000,121932490,121652369,-129.121,0.000,0.000,1.000,3.000,0.000,0.000,11.000,0,0,0
B3_zmq_pushpull,zmq_tcp,none,none,,1,6175,512,584,1785153442635420000,1785153442635420000,1785153442635420000,1785153442635421000,1785153442635576000,1785153442635579000,1785153442635579000,1785153442635579000,121932490,121652369,-125.121,0.000,0.000,1.000,3.000,0.000,0.000,4.000,0,0,0
B3_zmq_pushpull,zmq_tcp,none,none,,1,6176,512,584,1785153442636419000,1785153442636419000,1785153442636419000,1785153442636420000,1785153442636568000,1785153442636571000,1785153442636571000,1785153442636571000,121932490,121652369,-132.121,0.000,0.000,1.000,3.000,0.000,0.000,7.000,0,0,0
B3_zmq_pushpull,zmq_tcp,none,none,,1,6177,512,584,1785153442637530000,1785153442637530000,1785153442637530000,1785153442637531000,1785153442637703000,1785153442637706000,1785153442637706000,1785153442637706000,121932490,121652369,-108.121,0.000,0.000,1.000,3.000,0.000,0.000,24.000,0,0,0
B3_zmq_pushpull,zmq_tcp,none,none,,1,6178,512,584,1785153442638502000,1785153442638503000,1785153442638503000,1785153442638504000,1785153442638692000,1785153442638695000,1785153442638695000,1785153442638695000,121932490,121652369,-92.121,1.000,0.000,1.000,3.000,0.000,0.000,16.000,0,0,0
B3_zmq_pushpull,zmq_tcp,none,none,,1,6179,512,584,1785153442639389000,1785153442639389000,1785153442639389000,1785153442639390000,1785153442639540000,1785153442639543000,1785153442639543000,1785153442639543000,121932490,121652369,-130.121,0.000,0.000,1.000,3.000,0.000,0.000,38.000,0,0,0
B3_zmq_pushpull,zmq_tcp,none,none,,1,6180,512,584,1785153442640348000,1785153442640348000,1785153442640348000,1785153442640349000,1785153442640500000,1785153442640503000,1785153442640503000,1785153442640503000,121932490,121652369,-129.121,0.000,0.000,1.000,3.000,0.000,0.000,1.000,0,0,0
B3_zmq_pushpull,zmq_tcp,none,none,,1,6181,512,584,1785153442641325000,1785153442641325000,1785153442641325000,1785153442641326000,1785153442641470000,1785153442641472000,1785153442641472000,1785153442641472000,121932490,121652369,-136.121,0.000,0.000,1.000,2.000,0.000,0.000,7.000,0,0,0
B3_zmq_pushpull,zmq_tcp,none,none,,1,6182,512,584,1785153442642321000,1785153442642321000,1785153442642321000,1785153442642322000,1785153442642456000,1785153442642460000,1785153442642460000,1785153442642460000,121932490,121652369,-146.121,0.000,0.000,1.000,4.000,0.000,0.000,10.000,0,0,0
B3_zmq_pushpull,zmq_tcp,none,none,,1,6183,512,584,1785153442643433000,1785153442643433000,1785153442643433000,1785153442643434000,1785153442643594000,1785153442643596000,1785153442643596000,1785153442643596000,121932490,121652369,-120.121,0.000,0.000,1.000,2.000,0.000,0.000,26.000,0,0,0
B3_zmq_pushpull,zmq_tcp,none,none,,1,6184,512,584,1785153442644527000,1785153442644528000,1785153442644528000,1785153442644529000,1785153442644590000,1785153442644593000,1785153442644593000,1785153442644593000,121932490,121652369,-219.121,1.000,0.000,1.000,3.000,0.000,0.000,99.000,0,0,0
B3_zmq_pushpull,zmq_tcp,none,none,,1,6185,512,584,1785153442645414000,1785153442645414000,1785153442645414000,1785153442645415000,1785153442645566000,1785153442645569000,1785153442645569000,1785153442645569000,121932490,121652369,-129.121,0.000,0.000,1.000,3.000,0.000,0.000,90.000,0,0,0
B3_zmq_pushpull,zmq_tcp,none,none,,1,6186,512,584,1785153442646386000,1785153442646386000,1785153442646386000,1785153442646387000,1785153442646540000,1785153442646543000,1785153442646543000,1785153442646543000,121932490,121652369,-127.121,0.000,0.000,1.000,3.000,0.000,0.000,2.000,0,0,0
B3_zmq_pushpull,zmq_tcp,none,none,,1,6187,512,584,1785153442647375000,1785153442647375000,1785153442647375000,1785153442647376000,1785153442647519000,1785153442647522000,1785153442647522000,1785153442647522000,121932490,121652369,-137.121,0.000,0.000,1.000,3.000,0.000,0.000,10.000,0,0,0
B3_zmq_pushpull,zmq_tcp,none,none,,1,6188,512,584,1785153442648540000,1785153442648540000,1785153442648540000,1785153442648541000,1785153442648634000,1785153442648636000,1785153442648636000,1785153442648636000,121932490,121652369,-187.121,0.000,0.000,1.000,2.000,0.000,0.000,50.000,0,0,0
B3_zmq_pushpull,zmq_tcp,none,none,,1,6189,512,584,1785153442649494000,1785153442649494000,1785153442649494000,1785153442649495000,1785153442649626000,1785153442649628000,1785153442649628000,1785153442649628000,121932490,121652369,-149.121,0.000,0.000,1.000,2.000,0.000,0.000,38.000,0,0,0
B3_zmq_pushpull,zmq_tcp,none,none,,1,6190,512,584,1785153442650511000,1785153442650511000,1785153442650511000,1785153442650512000,1785153442650603000,1785153442650606000,1785153442650606000,1785153442650606000,121932490,121652369,-189.121,0.000,0.000,1.000,3.000,0.000,0.000,40.000,0,0,0
B3_zmq_pushpull,zmq_tcp,none,none,,1,6191,512,584,1785153442651507000,1785153442651507000,1785153442651507000,1785153442651508000,1785153442651571000,1785153442651574000,1785153442651574000,1785153442651574000,121932490,121652369,-217.121,0.000,0.000,1.000,3.000,0.000,0.000,28.000,0,0,0
B3_zmq_pushpull,zmq_tcp,none,none,,1,6192,512,584,1785153442652507000,1785153442652507000,1785153442652507000,1785153442652508000,1785153442652560000,1785153442652563000,1785153442652563000,1785153442652563000,121932490,121652369,-228.121,0.000,0.000,1.000,3.000,0.000,0.000,11.000,0,0,0
B3_zmq_pushpull,zmq_tcp,none,none,,1,6193,512,584,1785153442653506000,1785153442653506000,1785153442653506000,1785153442653507000,1785153442653662000,1785153442653664000,1785153442653664000,1785153442653664000,121932490,121652369,-125.121,0.000,0.000,1.000,2.000,0.000,0.000,103.000,0,0,0
B3_zmq_pushpull,zmq_tcp,none,none,,1,6194,512,584,1785153442654506000,1785153442654506000,1785153442654506000,1785153442654507000,1785153442654639000,1785153442654642000,1785153442654642000,1785153442654642000,121932490,121652369,-148.121,0.000,0.000,1.000,3.000,0.000,0.000,23.000,0,0,0
B3_zmq_pushpull,zmq_tcp,none,none,,1,6195,512,584,1785153442655506000,1785153442655506000,1785153442655506000,1785153442655507000,1785153442655619000,1785153442655622000,1785153442655622000,1785153442655622000,121932490,121652369,-168.121,0.000,0.000,1.000,3.000,0.000,0.000,20.000,0,0,0
B3_zmq_pushpull,zmq_tcp,none,none,,1,6196,512,584,1785153442656506000,1785153442656506000,1785153442656506000,1785153442656507000,1785153442656608000,1785153442656611000,1785153442656611000,1785153442656611000,121932490,121652369,-179.121,0.000,0.000,1.000,3.000,0.000,0.000,11.000,0,0,0
B3_zmq_pushpull,zmq_tcp,none,none,,1,6197,512,584,1785153442657505000,1785153442657505000,1785153442657505000,1785153442657506000,1785153442657586000,1785153442657590000,1785153442657590000,1785153442657590000,121932490,121652369,-200.121,0.000,0.000,1.000,4.000,0.000,0.000,21.000,0,0,0
B3_zmq_pushpull,zmq_tcp,none,none,,1,6198,512,584,1785153442658436000,1785153442658437000,1785153442658437000,1785153442658438000,1785153442658588000,1785153442658590000,1785153442658590000,1785153442658590000,121932490,121652369,-130.121,1.000,0.000,1.000,2.000,0.000,0.000,70.000,0,0,0
B3_zmq_pushpull,zmq_tcp,none,none,,1,6199,512,584,1785153442659524000,1785153442659524000,1785153442659524000,1785153442659525000,1785153442659587000,1785153442659591000,1785153442659591000,1785153442659592000,121932490,121652369,-218.121,0.000,0.000,1.000,4.000,0.000,1.000,88.000,0,0,0
B3_zmq_pushpull,zmq_tcp,none,none,,1,6200,512,584,1785153442660498000,1785153442660498000,1785153442660498000,1785153442660499000,1785153442660568000,1785153442660571000,1785153442660571000,1785153442660571000,121932490,121652369,-211.121,0.000,0.000,1.000,3.000,0.000,0.000,7.000,0,0,0
B3_zmq_pushpull,zmq_tcp,none,none,,1,6201,512,584,1785153442661509000,1785153442661509000,1785153442661509000,1785153442661510000,1785153442661558000,1785153442661562000,1785153442661562000,1785153442661562000,121932490,121652369,-232.121,0.000,0.000,1.000,4.000,0.000,0.000,21.000,0,0,0
B3_zmq_pushpull,zmq_tcp,none,none,,1,6202,512,584,1785153442662390000,1785153442662390000,1785153442662390000,1785153442662391000,1785153442662533000,1785153442662536000,1785153442662536000,1785153442662536000,121932490,121652369,-138.121,0.000,0.000,1.000,3.000,0.000,0.000,94.000,0,0,0
B3_zmq_pushpull,zmq_tcp,none,none,,1,6203,512,584,1785153442663535000,1785153442663535000,1785153442663536000,1785153442663536000,1785153442663658000,1785153442663660000,1785153442663660000,1785153442663660000,121932490,121652369,-158.121,0.000,1.000,0.000,2.000,0.000,0.000,20.000,0,0,0
B3_zmq_pushpull,zmq_tcp,none,none,,1,6204,512,584,1785153442664501000,1785153442664502000,1785153442664502000,1785153442664502000,1785153442664662000,1785153442664664000,1785153442664664000,1785153442664664000,121932490,121652369,-120.121,1.000,0.000,0.000,2.000,0.000,0.000,38.000,0,0,0
B3_zmq_pushpull,zmq_tcp,none,none,,1,6205,512,584,1785153442665507000,1785153442665507000,1785153442665508000,1785153442665508000,1785153442665646000,1785153442665648000,1785153442665648000,1785153442665649000,121932490,121652369,-142.121,0.000,1.000,0.000,2.000,0.000,1.000,22.000,0,0,0
B3_zmq_pushpull,zmq_tcp,none,none,,1,6206,512,584,1785153442666506000,1785153442666506000,1785153442666506000,1785153442666507000,1785153442666642000,1785153442666645000,1785153442666645000,1785153442666645000,121932490,121652369,-145.121,0.000,0.000,1.000,3.000,0.000,0.000,3.000,0,0,0
B3_zmq_pushpull,zmq_tcp,none,none,,1,6207,512,584,1785153442667506000,1785153442667506000,1785153442667506000,1785153442667507000,1785153442667600000,1785153442667603000,1785153442667603000,1785153442667603000,121932490,121652369,-187.121,0.000,0.000,1.000,3.000,0.000,0.000,42.000,0,0,0
B3_zmq_pushpull,zmq_tcp,none,none,,1,6208,512,584,1785153442668503000,1785153442668504000,1785153442668504000,1785153442668505000,1785153442668576000,1785153442668579000,1785153442668579000,1785153442668579000,121932490,121652369,-209.121,1.000,0.000,1.000,3.000,0.000,0.000,22.000,0,0,0
B3_zmq_pushpull,zmq_tcp,none,none,,1,6209,512,584,1785153442669509000,1785153442669509000,1785153442669509000,1785153442669510000,1785153442669575000,1785153442669578000,1785153442669578000,1785153442669578000,121932490,121652369,-215.121,0.000,0.000,1.000,3.000,0.000,0.000,6.000,0,0,0
B3_zmq_pushpull,zmq_tcp,none,none,,1,6210,512,584,1785153442670506000,1785153442670506000,1785153442670506000,1785153442670507000,1785153442670575000,1785153442670579000,1785153442670579000,1785153442670579000,121932490,121652369,-212.121,0.000,0.000,1.000,4.000,0.000,0.000,3.000,0,0,0
B3_zmq_pushpull,zmq_tcp,none,none,,1,6211,512,584,1785153442671508000,1785153442671508000,1785153442671508000,1785153442671509000,1785153442671583000,1785153442671586000,1785153442671586000,1785153442671586000,121932490,121652369,-206.121,0.000,0.000,1.000,3.000,0.000,0.000,6.000,0,0,0
B3_zmq_pushpull,zmq_tcp,none,none,,1,6212,512,584,1785153442672503000,1785153442672503000,1785153442672504000,1785153442672515000,1785153442672585000,1785153442672588000,1785153442672588000,1785153442672588000,121932490,121652369,-210.121,0.000,1.000,11.000,3.000,0.000,0.000,4.000,0,0,0
B3_zmq_pushpull,zmq_tcp,none,none,,1,6213,512,584,1785153442673505000,1785153442673506000,1785153442673506000,1785153442673507000,1785153442673583000,1785153442673586000,1785153442673586000,1785153442673586000,121932490,121652369,-204.121,1.000,0.000,1.000,3.000,0.000,0.000,6.000,0,0,0
B3_zmq_pushpull,zmq_tcp,none,none,,1,6214,512,584,1785153442674507000,1785153442674508000,1785153442674508000,1785153442674509000,1785153442674562000,1785153442674565000,1785153442674565000,1785153442674565000,121932490,121652369,-227.121,1.000,0.000,1.000,3.000,0.000,0.000,23.000,0,0,0
B3_zmq_pushpull,zmq_tcp,none,none,,1,6215,512,584,1785153442675506000,1785153442675506000,1785153442675506000,1785153442675507000,1785153442675686000,1785153442675688000,1785153442675688000,1785153442675688000,121932490,121652369,-101.121,0.000,0.000,1.000,2.000,0.000,0.000,126.000,0,0,0
B3_zmq_pushpull,zmq_tcp,none,none,,1,6216,512,584,1785153442676508000,1785153442676509000,1785153442676509000,1785153442676510000,1785153442676677000,1785153442676680000,1785153442676680000,1785153442676680000,121932490,121652369,-113.121,1.000,0.000,1.000,3.000,0.000,0.000,12.000,0,0,0
B3_zmq_pushpull,zmq_tcp,none,none,,1,6217,512,584,1785153442677383000,1785153442677383000,1785153442677383000,1785153442677384000,1785153442677530000,1785153442677532000,1785153442677532000,1785153442677532000,121932490,121652369,-134.121,0.000,0.000,1.000,2.000,0.000,0.000,21.000,0,0,0
B3_zmq_pushpull,zmq_tcp,none,none,,1,6218,512,584,1785153442678537000,1785153442678537000,1785153442678537000,1785153442678538000,1785153442678654000,1785153442678656000,1785153442678656000,1785153442678656000,121932490,121652369,-164.121,0.000,0.000,1.000,2.000,0.000,0.000,30.000,0,0,0
B3_zmq_pushpull,zmq_tcp,none,none,,1,6219,512,584,1785153442679499000,1785153442679499000,1785153442679499000,1785153442679500000,1785153442679644000,1785153442679647000,1785153442679647000,1785153442679647000,121932490,121652369,-136.121,0.000,0.000,1.000,3.000,0.000,0.000,28.000,0,0,0
B3_zmq_pushpull,zmq_tcp,none,none,,1,6220,512,584,1785153442680509000,1785153442680509000,1785153442680509000,1785153442680510000,1785153442680603000,1785153442680606000,1785153442680606000,1785153442680606000,121932490,121652369,-187.121,0.000,0.000,1.000,3.000,0.000,0.000,51.000,0,0,0
B3_zmq_pushpull,zmq_tcp,none,none,,1,6221,512,584,1785153442681506000,1785153442681506000,1785153442681506000,1785153442681507000,1785153442681590000,1785153442681592000,1785153442681592000,1785153442681592000,121932490,121652369,-197.121,0.000,0.000,1.000,2.000,0.000,0.000,10.000,0,0,0
B3_zmq_pushpull,zmq_tcp,none,none,,1,6222,512,584,1785153442682506000,1785153442682506000,1785153442682506000,1785153442682507000,1785153442682565000,1785153442682568000,1785153442682568000,1785153442682568000,121932490,121652369,-222.121,0.000,0.000,1.000,3.000,0.000,0.000,25.000,0,0,0
B3_zmq_pushpull,zmq_tcp,none,none,,1,6223,512,584,1785153442683504000,1785153442683504000,1785153442683504000,1785153442683505000,1785153442683551000,1785153442683555000,1785153442683555000,1785153442683555000,121932490,121652369,-234.121,0.000,0.000,1.000,4.000,0.000,0.000,12.000,0,0,0
B3_zmq_pushpull,zmq_tcp,none,none,,1,6224,512,584,1785153442684370000,1785153442684370000,1785153442684370000,1785153442684371000,1785153442684527000,1785153442684530000,1785153442684530000,1785153442684530000,121932490,121652369,-124.121,0.000,0.000,1.000,3.000,0.000,0.000,110.000,0,0,0
B3_zmq_pushpull,zmq_tcp,none,none,,1,6225,512,584,1785153442685360000,1785153442685360000,1785153442685360000,1785153442685361000,1785153442685518000,1785153442685521000,1785153442685521000,1785153442685521000,121932490,121652369,-123.121,0.000,0.000,1.000,3.000,0.000,0.000,1.000,0,0,0
B3_zmq_pushpull,zmq_tcp,none,none,,1,6226,512,584,1785153442686347000,1785153442686347000,1785153442686347000,1785153442686348000,1785153442686504000,1785153442686507000,1785153442686507000,1785153442686507000,121932490,121652369,-124.121,0.000,0.000,1.000,3.000,0.000,0.000,1.000,0,0,0
B3_zmq_pushpull,zmq_tcp,none,none,,1,6227,512,584,1785153442687545000,1785153442687545000,1785153442687545000,1785153442687546000,1785153442687632000,1785153442687636000,1785153442687636000,1785153442687636000,121932490,121652369,-194.121,0.000,0.000,1.000,4.000,0.000,0.000,70.000,0,0,0
B3_zmq_pushpull,zmq_tcp,none,none,,1,6228,512,584,1785153442688317000,1785153442688317000,1785153442688317000,1785153442688318000,1785153442688457000,1785153442688459000,1785153442688459000,1785153442688459000,121932490,121652369,-141.121,0.000,0.000,1.000,2.000,0.000,0.000,53.000,0,0,0
B3_zmq_pushpull,zmq_tcp,none,none,,1,6229,512,584,1785153442689412000,1785153442689412000,1785153442689412000,1785153442689413000,1785153442689566000,1785153442689568000,1785153442689568000,1785153442689568000,121932490,121652369,-127.121,0.000,0.000,1.000,2.000,0.000,0.000,14.000,0,0,0
B3_zmq_pushpull,zmq_tcp,none,none,,1,6230,512,584,1785153442690377000,1785153442690377000,1785153442690377000,1785153442690378000,1785153442690535000,1785153442690538000,1785153442690538000,1785153442690538000,121932490,121652369,-123.121,0.000,0.000,1.000,3.000,0.000,0.000,4.000,0,0,0
B3_zmq_pushpull,zmq_tcp,none,none,,1,6231,512,584,1785153442691365000,1785153442691365000,1785153442691365000,1785153442691366000,1785153442691523000,1785153442691526000,1785153442691526000,1785153442691526000,121932490,121652369,-123.121,0.000,0.000,1.000,3.000,0.000,0.000,0.000,0,0,0
B3_zmq_pushpull,zmq_tcp,none,none,,1,6232,512,584,1785153442692350000,1785153442692350000,1785153442692350000,1785153442692351000,1785153442692497000,1785153442692499000,1785153442692499000,1785153442692499000,121932490,121652369,-134.121,0.000,0.000,1.000,2.000,0.000,0.000,11.000,0,0,0
B3_zmq_pushpull,zmq_tcp,none,none,,1,6233,512,584,1785153442693335000,1785153442693335000,1785153442693335000,1785153442693336000,1785153442693495000,1785153442693498000,1785153442693498000,1785153442693498000,121932490,121652369,-121.121,0.000,0.000,1.000,3.000,0.000,0.000,13.000,0,0,0
B3_zmq_pushpull,zmq_tcp,none,none,,1,6234,512,584,1785153442694549000,1785153442694549000,1785153442694549000,1785153442694550000,1785153442694597000,1785153442694600000,1785153442694600000,1785153442694600000,121932490,121652369,-233.121,0.000,0.000,1.000,3.000,0.000,0.000,112.000,0,0,0
B3_zmq_pushpull,zmq_tcp,none,none,,1,6235,512,584,1785153442695434000,1785153442695435000,1785153442695435000,1785153442695436000,1785153442695587000,1785153442695590000,1785153442695590000,1785153442695591000,121932490,121652369,-129.121,1.000,0.000,1.000,3.000,0.000,1.000,104.000,0,0,0
B3_zmq_pushpull,zmq_tcp,none,none,,1,6236,512,584,1785153442696526000,1785153442696526000,1785153442696526000,1785153442696527000,1785153442696693000,1785153442696695000,1785153442696695000,1785153442696695000,121932490,121652369,-114.121,0.000,0.000,1.000,2.000,0.000,0.000,15.000,0,0,0
B3_zmq_pushpull,zmq_tcp,none,none,,1,6237,512,584,1785153442697503000,1785153442697503000,1785153442697503000,1785153442697504000,1785153442697560000,1785153442697563000,1785153442697563000,1785153442697563000,121932490,121652369,-224.121,0.000,0.000,1.000,3.000,0.000,0.000,110.000,0,0,0
B3_zmq_pushpull,zmq_tcp,none,none,,1,6238,512,584,1785153442698511000,1785153442698512000,1785153442698512000,1785153442698513000,1785153442698651000,1785153442698653000,1785153442698653000,1785153442698653000,121932490,121652369,-142.121,1.000,0.000,1.000,2.000,0.000,0.000,82.000,0,0,0
B3_zmq_pushpull,zmq_tcp,none,none,,1,6239,512,584,1785153442699507000,1785153442699507000,1785153442699507000,1785153442699508000,1785153442699642000,1785153442699645000,1785153442699645000,1785153442699645000,121932490,121652369,-146.121,0.000,0.000,1.000,3.000,0.000,0.000,4.000,0,0,0
B3_zmq_pushpull,zmq_tcp,none,none,,1,6240,512,584,1785153442700506000,1785153442700507000,1785153442700507000,1785153442700508000,1785153442700626000,1785153442700628000,1785153442700629000,1785153442700629000,121932490,121652369,-162.121,1.000,0.000,1.000,2.000,1.000,0.000,16.000,0,0,0
B3_zmq_pushpull,zmq_tcp,none,none,,1,6241,512,584,1785153442701504000,1785153442701504000,1785153442701504000,1785153442701505000,1785153442701609000,1785153442701611000,1785153442701611000,1785153442701611000,121932490,121652369,-176.121,0.000,0.000,1.000,2.000,0.000,0.000,14.000,0,0,0
B3_zmq_pushpull,zmq_tcp,none,none,,1,6242,512,584,1785153442702507000,1785153442702508000,1785153442702508000,1785153442702509000,1785153442702586000,1785153442702588000,1785153442702589000,1785153442702589000,121932490,121652369,-203.121,1.000,0.000,1.000,2.000,1.000,0.000,27.000,0,0,0
B3_zmq_pushpull,zmq_tcp,none,none,,1,6243,512,584,1785153442703507000,1785153442703507000,1785153442703507000,1785153442703508000,1785153442703557000,1785153442703560000,1785153442703560000,1785153442703560000,121932490,121652369,-231.121,0.000,0.000,1.000,3.000,0.000,0.000,28.000,0,0,0
B3_zmq_pushpull,zmq_tcp,none,none,,1,6244,512,584,1785153442704506000,1785153442704506000,1785153442704506000,1785153442704507000,1785153442704673000,1785153442704676000,1785153442704676000,1785153442704676000,121932490,121652369,-114.121,0.000,0.000,1.000,3.000,0.000,0.000,117.000,0,0,0
B3_zmq_pushpull,zmq_tcp,none,none,,1,6245,512,584,1785153442705379000,1785153442705379000,1785153442705379000,1785153442705380000,1785153442705537000,1785153442705539000,1785153442705539000,1785153442705539000,121932490,121652369,-123.121,0.000,0.000,1.000,2.000,0.000,0.000,9.000,0,0,0
B3_zmq_pushpull,zmq_tcp,none,none,,1,6246,512,584,1785153442706364000,1785153442706364000,1785153442706364000,1785153442706365000,1785153442706521000,1785153442706523000,1785153442706523000,1785153442706523000,121932490,121652369,-124.121,0.000,0.000,1.000,2.000,0.000,0.000,1.000,0,0,0
B3_zmq_pushpull,zmq_tcp,none,none,,1,6247,512,584,1785153442707365000,1785153442707365000,1785153442707365000,1785153442707366000,1785153442707522000,1785153442707525000,1785153442707525000,1785153442707525000,121932490,121652369,-124.121,0.000,0.000,1.000,3.000,0.000,0.000,0.000,0,0,0
B3_zmq_pushpull,zmq_tcp,none,none,,1,6248,512,584,1785153442708364000,1785153442708365000,1785153442708365000,1785153442708366000,1785153442708515000,1785153442708518000,1785153442708518000,1785153442708518000,121932490,121652369,-131.121,1.000,0.000,1.000,3.000,0.000,0.000,7.000,0,0,0
B3_zmq_pushpull,zmq_tcp,none,none,,1,6249,512,584,1785153442709341000,1785153442709341000,1785153442709341000,1785153442709342000,1785153442709494000,1785153442709497000,1785153442709497000,1785153442709497000,121932490,121652369,-128.121,0.000,0.000,1.000,3.000,0.000,0.000,3.000,0,0,0
B3_zmq_pushpull,zmq_tcp,none,none,,1,6250,512,584,1785153442710309000,1785153442710309000,1785153442710309000,1785153442710310000,1785153442710461000,1785153442710463000,1785153442710463000,1785153442710463000,121932490,121652369,-129.121,0.000,0.000,1.000,2.000,0.000,0.000,1.000,0,0,0
B3_zmq_pushpull,zmq_tcp,none,none,,1,6251,512,584,1785153442711309000,1785153442711309000,1785153442711309000,1785153442711310000,1785153442711444000,1785153442711447000,1785153442711447000,1785153442711447000,121932490,121652369,-146.121,0.000,0.000,1.000,3.000,0.000,0.000,17.000,0,0,0
B3_zmq_pushpull,zmq_tcp,none,none,,1,6252,512,584,1785153442712417000,1785153442712417000,1785153442712417000,1785153442712418000,1785153442712578000,1785153442712581000,1785153442712581000,1785153442712581000,121932490,121652369,-120.121,0.000,0.000,1.000,3.000,0.000,0.000,26.000,0,0,0
B3_zmq_pushpull,zmq_tcp,none,none,,1,6253,512,584,1785153442713532000,1785153442713532000,1785153442713532000,1785153442713533000,1785153442713718000,1785153442713721000,1785153442713721000,1785153442713721000,121932490,121652369,-95.121,0.000,0.000,1.000,3.000,0.000,0.000,25.000,0,0,0
B3_zmq_pushpull,zmq_tcp,none,none,,1,6254,512,584,1785153442714501000,1785153442714501000,1785153442714501000,1785153442714502000,1785153442714690000,1785153442714693000,1785153442714693000,1785153442714693000,121932490,121652369,-92.121,0.000,0.000,1.000,3.000,0.000,0.000,3.000,0,0,0
B3_zmq_pushpull,zmq_tcp,none,none,,1,6255,512,584,1785153442715508000,1785153442715508000,1785153442715508000,1785153442715509000,1785153442715674000,1785153442715677000,1785153442715677000,1785153442715677000,121932490,121652369,-115.121,0.000,0.000,1.000,3.000,0.000,0.000,23.000,0,0,0
B3_zmq_pushpull,zmq_tcp,none,none,,1,6256,512,584,1785153442716504000,1785153442716504000,1785153442716504000,1785153442716505000,1785153442716650000,1785153442716653000,1785153442716653000,1785153442716653000,121932490,121652369,-135.121,0.000,0.000,1.000,3.000,0.000,0.000,20.000,0,0,0
B3_zmq_pushpull,zmq_tcp,none,none,,1,6257,512,584,1785153442717509000,1785153442717509000,1785153442717509000,1785153442717510000,1785153442717617000,1785153442717619000,1785153442717619000,1785153442717619000,121932490,121652369,-173.121,0.000,0.000,1.000,2.000,0.000,0.000,38.000,0,0,0
B3_zmq_pushpull,zmq_tcp,none,none,,1,6258,512,584,1785153442718509000,1785153442718509000,1785153442718509000,1785153442718510000,1785153442718578000,1785153442718581000,1785153442718581000,1785153442718581000,121932490,121652369,-212.121,0.000,0.000,1.000,3.000,0.000,0.000,39.000,0,0,0
B3_zmq_pushpull,zmq_tcp,none,none,,1,6259,512,584,1785153442719505000,1785153442719505000,1785153442719505000,1785153442719506000,1785153442719690000,1785153442719693000,1785153442719693000,1785153442719693000,121932490,121652369,-96.121,0.000,0.000,1.000,3.000,0.000,0.000,116.000,0,0,0
B3_zmq_pushpull,zmq_tcp,none,none,,1,6260,512,584,1785153442720508000,1785153442720508000,1785153442720508000,1785153442720510000,1785153442720657000,1785153442720660000,1785153442720660000,1785153442720660000,121932490,121652369,-133.121,0.000,0.000,2.000,3.000,0.000,0.000,37.000,0,0,0
B3_zmq_pushpull,zmq_tcp,none,none,,1,6261,512,584,1785153442721356000,1785153442721357000,1785153442721357000,1785153442721358000,1785153442721506000,1785153442721514000,1785153442721514000,1785153442721514000,121932490,121652369,-132.121,1.000,0.000,1.000,8.000,0.000,0.000,1.000,0,0,0
B3_zmq_pushpull,zmq_tcp,none,none,,1,6262,512,584,1785153442722547000,1785153442722547000,1785153442722547000,1785153442722548000,1785153442722615000,1785153442722618000,1785153442722618000,1785153442722618000,121932490,121652369,-213.121,0.000,0.000,1.000,3.000,0.000,0.000,81.000,0,0,0
B3_zmq_pushpull,zmq_tcp,none,none,,1,6263,512,584,1785153442723494000,1785153442723494000,1785153442723494000,1785153442723495000,1785153442723585000,1785153442723588000,1785153442723588000,1785153442723588000,121932490,121652369,-190.121,0.000,0.000,1.000,3.000,0.000,0.000,23.000,0,0,0
B3_zmq_pushpull,zmq_tcp,none,none,,1,6264,512,584,1785153442724420000,1785153442724420000,1785153442724420000,1785153442724421000,1785153442724573000,1785153442724575000,1785153442724575000,1785153442724575000,121932490,121652369,-128.121,0.000,0.000,1.000,2.000,0.000,0.000,62.000,0,0,0
B3_zmq_pushpull,zmq_tcp,none,none,,1,6265,512,584,1785153442725529000,1785153442725529000,1785153442725529000,1785153442725530000,1785153442725707000,1785153442725710000,1785153442725710000,1785153442725710000,121932490,121652369,-103.121,0.000,0.000,1.000,3.000,0.000,0.000,25.000,0,0,0
B3_zmq_pushpull,zmq_tcp,none,none,,1,6266,512,584,1785153442726395000,1785153442726395000,1785153442726395000,1785153442726396000,1785153442726554000,1785153442726557000,1785153442726557000,1785153442726557000,121932490,121652369,-122.121,0.000,0.000,1.000,3.000,0.000,0.000,19.000,0,0,0
B3_zmq_pushpull,zmq_tcp,none,none,,1,6267,512,584,1785153442727535000,1785153442727535000,1785153442727535000,1785153442727536000,1785153442727697000,1785153442727700000,1785153442727700000,1785153442727700000,121932490,121652369,-119.121,0.000,0.000,1.000,3.000,0.000,0.000,3.000,0,0,0
B3_zmq_pushpull,zmq_tcp,none,none,,1,6268,512,584,1785153442728501000,1785153442728501000,1785153442728501000,1785153442728502000,1785153442728537000,1785153442728540000,1785153442728540000,1785153442728540000,121932490,121652369,-245.121,0.000,0.000,1.000,3.000,0.000,0.000,126.000,0,0,0
B3_zmq_pushpull,zmq_tcp,none,none,,1,6269,512,584,1785153442729508000,1785153442729509000,1785153442729509000,1785153442729510000,1785153442729663000,1785153442729666000,1785153442729666000,1785153442729666000,121932490,121652369,-127.121,1.000,0.000,1.000,3.000,0.000,0.000,118.000,0,0,0
B3_zmq_pushpull,zmq_tcp,none,none,,1,6270,512,584,1785153442730505000,1785153442730505000,1785153442730506000,1785153442730506000,1785153442730653000,1785153442730655000,1785153442730656000,1785153442730656000,121932490,121652369,-133.121,0.000,1.000,0.000,2.000,1.000,0.000,6.000,0,0,0
B3_zmq_pushpull,zmq_tcp,none,none,,1,6271,512,584,1785153442731508000,1785153442731508000,1785153442731508000,1785153442731509000,1785153442731634000,1785153442731637000,1785153442731637000,1785153442731637000,121932490,121652369,-155.121,0.000,0.000,1.000,3.000,0.000,0.000,22.000,0,0,0
B3_zmq_pushpull,zmq_tcp,none,none,,1,6272,512,584,1785153442732509000,1785153442732509000,1785153442732509000,1785153442732510000,1785153442732645000,1785153442732647000,1785153442732647000,1785153442732647000,121932490,121652369,-145.121,0.000,0.000,1.000,2.000,0.000,0.000,10.000,0,0,0
B3_zmq_pushpull,zmq_tcp,none,none,,1,6273,512,584,1785153442733506000,1785153442733506000,1785153442733507000,1785153442733507000,1785153442733625000,1785153442733628000,1785153442733628000,1785153442733628000,121932490,121652369,-162.121,0.000,1.000,0.000,3.000,0.000,0.000,17.000,0,0,0
B3_zmq_pushpull,zmq_tcp,none,none,,1,6274,512,584,1785153442734310000,1785153442734310000,1785153442734310000,1785153442734311000,1785153442734471000,1785153442734474000,1785153442734474000,1785153442734474000,121932490,121652369,-120.121,0.000,0.000,1.000,3.000,0.000,0.000,42.000,0,0,0
B3_zmq_pushpull,zmq_tcp,none,none,,1,6275,512,584,1785153442735558000,1785153442735558000,1785153442735558000,1785153442735559000,1785153442735731000,1785153442735734000,1785153442735734000,1785153442735734000,121932490,121652369,-108.121,0.000,0.000,1.000,3.000,0.000,0.000,12.000,0,0,0
B3_zmq_pushpull,zmq_tcp,none,none,,1,6276,512,584,1785153442736433000,1785153442736433000,1785153442736433000,1785153442736434000,1785153442736586000,1785153442736590000,1785153442736590000,1785153442736590000,121932490,121652369,-128.121,0.000,0.000,1.000,4.000,0.000,0.000,20.000,0,0,0
B3_zmq_pushpull,zmq_tcp,none,none,,1,6277,512,584,1785153442737412000,1785153442737412000,1785153442737412000,1785153442737413000,1785153442737563000,1785153442737566000,1785153442737566000,1785153442737566000,121932490,121652369,-130.121,0.000,0.000,1.000,3.000,0.000,0.000,2.000,0,0,0
B3_zmq_pushpull,zmq_tcp,none,none,,1,6278,512,584,1785153442738398000,1785153442738398000,1785153442738398000,1785153442738399000,1785153442738549000,1785153442738551000,1785153442738551000,1785153442738551000,121932490,121652369,-130.121,0.000,0.000,1.000,2.000,0.000,0.000,0.000,0,0,0
B3_zmq_pushpull,zmq_tcp,none,none,,1,6279,512,584,1785153442739392000,1785153442739393000,1785153442739393000,1785153442739394000,1785153442739551000,1785153442739554000,1785153442739554000,1785153442739554000,121932490,121652369,-123.121,1.000,0.000,1.000,3.000,0.000,0.000,7.000,0,0,0
B3_zmq_pushpull,zmq_tcp,none,none,,1,6280,512,584,1785153442740538000,1785153442740538000,1785153442740538000,1785153442740539000,1785153442740651000,1785153442740654000,1785153442740654000,1785153442740654000,121932490,121652369,-168.121,0.000,0.000,1.000,3.000,0.000,0.000,45.000,0,0,0
B3_zmq_pushpull,zmq_tcp,none,none,,1,6281,512,584,1785153442741496000,1785153442741496000,1785153442741496000,1785153442741497000,1785153442741617000,1785153442741620000,1785153442741620000,1785153442741620000,121932490,121652369,-160.121,0.000,0.000,1.000,3.000,0.000,0.000,8.000,0,0,0
B3_zmq_pushpull,zmq_tcp,none,none,,1,6282,512,584,1785153442742421000,1785153442742421000,1785153442742421000,1785153442742422000,1785153442742574000,1785153442742577000,1785153442742577000,1785153442742577000,121932490,121652369,-128.121,0.000,0.000,1.000,3.000,0.000,0.000,32.000,0,0,0
B3_zmq_pushpull,zmq_tcp,none,none,,1,6283,512,584,1785153442743399000,1785153442743399000,1785153442743399000,1785153442743401000,1785153442743542000,1785153442743545000,1785153442743545000,1785153442743545000,121932490,121652369,-139.121,0.000,0.000,2.000,3.000,0.000,0.000,11.000,0,0,0
B3_zmq_pushpull,zmq_tcp,none,none,,1,6284,512,584,1785153442744534000,1785153442744534000,1785153442744534000,1785153442744535000,1785153442744652000,1785153442744655000,1785153442744655000,1785153442744655000,121932490,121652369,-163.121,0.000,0.000,1.000,3.000,0.000,0.000,24.000,0,0,0
B3_zmq_pushpull,zmq_tcp,none,none,,1,6285,512,584,1785153442745497000,1785153442745497000,1785153442745498000,1785153442745498000,1785153442745639000,1785153442745641000,1785153442745641000,1785153442745641000,121932490,121652369,-139.121,0.000,1.000,0.000,2.000,0.000,0.000,24.000,0,0,0
B3_zmq_pushpull,zmq_tcp,none,none,,1,6286,512,584,1785153442746511000,1785153442746512000,1785153442746512000,1785153442746513000,1785153442746646000,1785153442746649000,1785153442746649000,1785153442746649000,121932490,121652369,-147.121,1.000,0.000,1.000,3.000,0.000,0.000,8.000,0,0,0
B3_zmq_pushpull,zmq_tcp,none,none,,1,6287,512,584,1785153442747505000,1785153442747505000,1785153442747505000,1785153442747506000,1785153442747622000,1785153442747625000,1785153442747625000,1785153442747625000,121932490,121652369,-164.121,0.000,0.000,1.000,3.000,0.000,0.000,17.000,0,0,0
B3_zmq_pushpull,zmq_tcp,none,none,,1,6288,512,584,1785153442748510000,1785153442748510000,1785153442748510000,1785153442748511000,1785153442748598000,1785153442748601000,1785153442748601000,1785153442748601000,121932490,121652369,-193.121,0.000,0.000,1.000,3.000,0.000,0.000,29.000,0,0,0
B3_zmq_pushpull,zmq_tcp,none,none,,1,6289,512,584,1785153442749502000,1785153442749503000,1785153442749503000,1785153442749504000,1785153442749589000,1785153442749591000,1785153442749591000,1785153442749591000,121932490,121652369,-195.121,1.000,0.000,1.000,2.000,0.000,0.000,2.000,0,0,0
B3_zmq_pushpull,zmq_tcp,none,none,,1,6290,512,584,1785153442750508000,1785153442750508000,1785153442750508000,1785153442750509000,1785153442750570000,1785153442750575000,1785153442750575000,1785153442750575000,121932490,121652369,-219.121,0.000,0.000,1.000,5.000,0.000,0.000,24.000,0,0,0
B3_zmq_pushpull,zmq_tcp,none,none,,1,6291,512,584,1785153442751506000,1785153442751507000,1785153442751507000,1785153442751508000,1785153442751550000,1785153442751552000,1785153442751552000,1785153442751552000,121932490,121652369,-238.121,1.000,0.000,1.000,2.000,0.000,0.000,19.000,0,0,0
B3_zmq_pushpull,zmq_tcp,none,none,,1,6292,512,584,1785153442752387000,1785153442752387000,1785153442752387000,1785153442752388000,1785153442752540000,1785153442752542000,1785153442752542000,1785153442752542000,121932490,121652369,-128.121,0.000,0.000,1.000,2.000,0.000,0.000,110.000,0,0,0
B3_zmq_pushpull,zmq_tcp,none,none,,1,6293,512,584,1785153442753372000,1785153442753372000,1785153442753372000,1785153442753373000,1785153442753533000,1785153442753536000,1785153442753536000,1785153442753536000,121932490,121652369,-120.121,0.000,0.000,1.000,3.000,0.000,0.000,8.000,0,0,0
B3_zmq_pushpull,zmq_tcp,none,none,,1,6294,512,584,1785153442754377000,1785153442754378000,1785153442754378000,1785153442754379000,1785153442754538000,1785153442754541000,1785153442754541000,1785153442754541000,121932490,121652369,-121.121,1.000,0.000,1.000,3.000,0.000,0.000,1.000,0,0,0
B3_zmq_pushpull,zmq_tcp,none,none,,1,6295,512,584,1785153442755540000,1785153442755540000,1785153442755540000,1785153442755541000,1785153442755672000,1785153442755674000,1785153442755674000,1785153442755674000,121932490,121652369,-149.121,0.000,0.000,1.000,2.000,0.000,0.000,28.000,0,0,0
B3_zmq_pushpull,zmq_tcp,none,none,,1,6296,512,584,1785153442756499000,1785153442756499000,1785153442756499000,1785153442756500000,1785153442756546000,1785153442756549000,1785153442756549000,1785153442756549000,121932490,121652369,-234.121,0.000,0.000,1.000,3.000,0.000,0.000,85.000,0,0,0
B3_zmq_pushpull,zmq_tcp,none,none,,1,6297,512,584,1785153442757509000,1785153442757509000,1785153442757509000,1785153442757510000,1785153442757680000,1785153442757682000,1785153442757682000,1785153442757682000,121932490,121652369,-110.121,0.000,0.000,1.000,2.000,0.000,0.000,124.000,0,0,0
B3_zmq_pushpull,zmq_tcp,none,none,,1,6298,512,584,1785153442758507000,1785153442758507000,1785153442758507000,1785153442758508000,1785153442758673000,1785153442758676000,1785153442758676000,1785153442758676000,121932490,121652369,-115.121,0.000,0.000,1.000,3.000,0.000,0.000,5.000,0,0,0
B3_zmq_pushpull,zmq_tcp,none,none,,1,6299,512,584,1785153442759368000,1785153442759368000,1785153442759368000,1785153442759369000,1785153442759522000,1785153442759527000,1785153442759527000,1785153442759527000,121932490,121652369,-127.121,0.000,0.000,1.000,5.000,0.000,0.000,12.000,0,0,0
B3_zmq_pushpull,zmq_tcp,none,none,,1,6300,512,584,1785153442760351000,1785153442760351000,1785153442760351000,1785153442760352000,1785153442760509000,1785153442760511000,1785153442760512000,1785153442760512000,121932490,121652369,-123.121,0.000,0.000,1.000,2.000,1.000,0.000,4.000,0,0,0
B3_zmq_pushpull,zmq_tcp,none,none,,1,6301,512,584,1785153442761331000,1785153442761331000,1785153442761331000,1785153442761332000,1785153442761489000,1785153442761491000,1785153442761492000,1785153442761492000,121932490,121652369,-123.121,0.000,0.000,1.000,2.000,1.000,0.000,0.000,0,0,0
B3_zmq_pushpull,zmq_tcp,none,none,,1,6302,512,584,1785153442762328000,1785153442762328000,1785153442762328000,1785153442762329000,1785153442762489000,1785153442762492000,1785153442762492000,1785153442762492000,121932490,121652369,-120.121,0.000,0.000,1.000,3.000,0.000,0.000,3.000,0,0,0
B3_zmq_pushpull,zmq_tcp,none,none,,1,6303,512,584,1785153442763553000,1785153442763553000,1785153442763554000,1785153442763554000,1785153442763610000,1785153442763614000,1785153442763614000,1785153442763614000,121932490,121652369,-224.121,0.000,1.000,0.000,4.000,0.000,0.000,104.000,0,0,0
B3_zmq_pushpull,zmq_tcp,none,none,,1,6304,512,584,1785153442764316000,1785153442764316000,1785153442764316000,1785153442764317000,1785153442764456000,1785153442764459000,1785153442764459000,1785153442764459000,121932490,121652369,-141.121,0.000,0.000,1.000,3.000,0.000,0.000,83.000,0,0,0
B3_zmq_pushpull,zmq_tcp,none,none,,1,6305,512,584,1785153442765419000,1785153442765419000,1785153442765419000,1785153442765420000,1785153442765572000,1785153442765574000,1785153442765574000,1785153442765574000,121932490,121652369,-128.121,0.000,0.000,1.000,2.000,0.000,0.000,13.000,0,0,0
B3_zmq_pushpull,zmq_tcp,none,none,,1,6306,512,584,1785153442766409000,1785153442766409000,1785153442766409000,1785153442766411000,1785153442766554000,1785153442766557000,1785153442766557000,1785153442766557000,121932490,121652369,-137.121,0.000,0.000,2.000,3.000,0.000,0.000,9.000,0,0,0
B3_zmq_pushpull,zmq_tcp,none,none,,1,6307,512,584,1785153442767535000,1785153442767535000,1785153442767535000,1785153442767536000,1785153442767689000,1785153442767691000,1785153442767691000,1785153442767692000,121932490,121652369,-127.121,0.000,0.000,1.000,2.000,0.000,1.000,10.000,0,0,0
B3_zmq_pushpull,zmq_tcp,none,none,,1,6308,512,584,1785153442768499000,1785153442768499000,1785153442768499000,1785153442768500000,1785153442768665000,1785153442768668000,1785153442768668000,1785153442768668000,121932490,121652369,-115.121,0.000,0.000,1.000,3.000,0.000,0.000,12.000,0,0,0
B3_zmq_pushpull,zmq_tcp,none,none,,1,6309,512,584,1785153442769356000,1785153442769356000,1785153442769356000,1785153442769357000,1785153442769507000,1785153442769510000,1785153442769510000,1785153442769510000,121932490,121652369,-130.121,0.000,0.000,1.000,3.000,0.000,0.000,15.000,0,0,0
B3_zmq_pushpull,zmq_tcp,none,none,,1,6310,512,584,1785153442770546000,1785153442770546000,1785153442770546000,1785153442770547000,1785153442770645000,1785153442770649000,1785153442770649000,1785153442770649000,121932490,121652369,-182.121,0.000,0.000,1.000,4.000,0.000,0.000,52.000,0,0,0
B3_zmq_pushpull,zmq_tcp,none,none,,1,6311,512,584,1785153442771495000,1785153442771495000,1785153442771495000,1785153442771496000,1785153442771617000,1785153442771620000,1785153442771620000,1785153442771620000,121932490,121652369,-159.121,0.000,0.000,1.000,3.000,0.000,0.000,23.000,0,0,0
B3_zmq_pushpull,zmq_tcp,none,none,,1,6312,512,584,1785153442772509000,1785153442772509000,1785153442772509000,1785153442772510000,1785153442772601000,1785153442772604000,1785153442772604000,1785153442772604000,121932490,121652369,-189.121,0.000,0.000,1.000,3.000,0.000,0.000,30.000,0,0,0
B3_zmq_pushpull,zmq_tcp,none,none,,1,6313,512,584,1785153442773507000,1785153442773508000,1785153442773508000,1785153442773509000,1785153442773558000,1785153442773560000,1785153442773560000,1785153442773561000,121932490,121652369,-231.121,1.000,0.000,1.000,2.000,0.000,1.000,42.000,0,0,0
B3_zmq_pushpull,zmq_tcp,none,none,,1,6314,512,584,1785153442774508000,1785153442774509000,1785153442774509000,1785153442774510000,1785153442774686000,1785153442774689000,1785153442774689000,1785153442774689000,121932490,121652369,-104.121,1.000,0.000,1.000,3.000,0.000,0.000,127.000,0,0,0
B3_zmq_pushpull,zmq_tcp,none,none,,1,6315,512,584,1785153442775505000,1785153442775505000,1785153442775505000,1785153442775506000,1785153442775670000,1785153442775673000,1785153442775673000,1785153442775673000,121932490,121652369,-116.121,0.000,0.000,1.000,3.000,0.000,0.000,12.000,0,0,0
B3_zmq_pushpull,zmq_tcp,none,none,,1,6316,512,584,1785153442776508000,1785153442776508000,1785153442776508000,1785153442776509000,1785153442776649000,1785153442776652000,1785153442776652000,1785153442776652000,121932490,121652369,-140.121,0.000,0.000,1.000,3.000,0.000,0.000,24.000,0,0,0
B3_zmq_pushpull,zmq_tcp,none,none,,1,6317,512,584,1785153442777507000,1785153442777507000,1785153442777507000,1785153442777508000,1785153442777619000,1785153442777622000,1785153442777622000,1785153442777622000,121932490,121652369,-169.121,0.000,0.000,1.000,3.000,0.000,0.000,29.000,0,0,0
B3_zmq_pushpull,zmq_tcp,none,none,,1,6318,512,584,1785153442778507000,1785153442778507000,1785153442778507000,1785153442778508000,1785153442778598000,1785153442778601000,1785153442778601000,1785153442778601000,121932490,121652369,-190.121,0.000,0.000,1.000,3.000,0.000,0.000,21.000,0,0,0
B3_zmq_pushpull,zmq_tcp,none,none,,1,6319,512,584,1785153442779504000,1785153442779504000,1785153442779504000,1785153442779505000,1785153442779554000,1785153442779557000,1785153442779557000,1785153442779557000,121932490,121652369,-231.121,0.000,0.000,1.000,3.000,0.000,0.000,41.000,0,0,0
B3_zmq_pushpull,zmq_tcp,none,none,,1,6320,512,584,1785153442780509000,1785153442780509000,1785153442780509000,1785153442780510000,1785153442780684000,1785153442780686000,1785153442780686000,1785153442780686000,121932490,121652369,-106.121,0.000,0.000,1.000,2.000,0.000,0.000,125.000,0,0,0
B3_zmq_pushpull,zmq_tcp,none,none,,1,6321,512,584,1785153442781371000,1785153442781371000,1785153442781371000,1785153442781372000,1785153442781520000,1785153442781524000,1785153442781524000,1785153442781524000,121932490,121652369,-132.121,0.000,0.000,1.000,4.000,0.000,0.000,26.000,0,0,0
B3_zmq_pushpull,zmq_tcp,none,none,,1,6322,512,584,1785153442782544000,1785153442782544000,1785153442782544000,1785153442782545000,1785153442782656000,1785153442782658000,1785153442782658000,1785153442782658000,121932490,121652369,-169.121,0.000,0.000,1.000,2.000,0.000,0.000,37.000,0,0,0
B3_zmq_pushpull,zmq_tcp,none,none,,1,6323,512,584,1785153442783498000,1785153442783498000,1785153442783498000,1785153442783499000,1785153442783628000,1785153442783630000,1785153442783630000,1785153442783630000,121932490,121652369,-151.121,0.000,0.000,1.000,2.000,0.000,0.000,18.000,0,0,0
B3_zmq_pushpull,zmq_tcp,none,none,,1,6324,512,584,1785153442784509000,1785153442784509000,1785153442784509000,1785153442784510000,1785153442784617000,1785153442784620000,1785153442784620000,1785153442784620000,121932490,121652369,-173.121,0.000,0.000,1.000,3.000,0.000,0.000,22.000,0,0,0
B3_zmq_pushpull,zmq_tcp,none,none,,1,6325,512,584,1785153442785508000,1785153442785508000,1785153442785508000,1785153442785509000,1785153442785573000,1785153442785576000,1785153442785576000,1785153442785576000,121932490,121652369,-216.121,0.000,0.000,1.000,3.000,0.000,0.000,43.000,0,0,0
B3_zmq_pushpull,zmq_tcp,none,none,,1,6326,512,584,1785153442786507000,1785153442786507000,1785153442786507000,1785153442786508000,1785153442786559000,1785153442786562000,1785153442786562000,1785153442786562000,121932490,121652369,-229.121,0.000,0.000,1.000,3.000,0.000,0.000,13.000,0,0,0
B3_zmq_pushpull,zmq_tcp,none,none,,1,6327,512,584,1785153442787506000,1785153442787506000,1785153442787507000,1785153442787507000,1785153442787670000,1785153442787673000,1785153442787673000,1785153442787673000,121932490,121652369,-117.121,0.000,1.000,0.000,3.000,0.000,0.000,112.000,0,0,0
B3_zmq_pushpull,zmq_tcp,none,none,,1,6328,512,584,1785153442788507000,1785153442788507000,1785153442788507000,1785153442788508000,1785153442788657000,1785153442788660000,1785153442788660000,1785153442788660000,121932490,121652369,-131.121,0.000,0.000,1.000,3.000,0.000,0.000,14.000,0,0,0
B3_zmq_pushpull,zmq_tcp,none,none,,1,6329,512,584,1785153442789507000,1785153442789507000,1785153442789507000,1785153442789508000,1785153442789642000,1785153442789645000,1785153442789645000,1785153442789645000,121932490,121652369,-146.121,0.000,0.000,1.000,3.000,0.000,0.000,15.000,0,0,0
B3_zmq_pushpull,zmq_tcp,none,none,,1,6330,512,584,1785153442790327000,1785153442790327000,1785153442790327000,1785153442790328000,1785153442790489000,1785153442790492000,1785153442790492000,1785153442790492000,121932490,121652369,-119.121,0.000,0.000,1.000,3.000,0.000,0.000,27.000,0,0,0
B3_zmq_pushpull,zmq_tcp,none,none,,1,6331,512,584,1785153442791551000,1785153442791551000,1785153442791551000,1785153442791552000,1785153442791598000,1785153442791602000,1785153442791602000,1785153442791602000,121932490,121652369,-234.121,0.000,0.000,1.000,4.000,0.000,0.000,115.000,0,0,0
B3_zmq_pushpull,zmq_tcp,none,none,,1,6332,512,584,1785153442792496000,1785153442792496000,1785153442792496000,1785153442792497000,1785153442792590000,1785153442792593000,1785153442792593000,1785153442792593000,121932490,121652369,-187.121,0.000,0.000,1.000,3.000,0.000,0.000,47.000,0,0,0
B3_zmq_pushpull,zmq_tcp,none,none,,1,6333,512,584,1785153442793410000,1785153442793410000,1785153442793410000,1785153442793411000,1785153442793562000,1785153442793565000,1785153442793565000,1785153442793565000,121932490,121652369,-129.121,0.000,0.000,1.000,3.000,0.000,0.000,58.000,0,0,0
B3_zmq_pushpull,zmq_tcp,none,none,,1,6334,512,584,1785153442794389000,1785153442794390000,1785153442794390000,1785153442794391000,1785153442794542000,1785153442794545000,1785153442794545000,1785153442794545000,121932490,121652369,-129.121,1.000,0.000,1.000,3.000,0.000,0.000,0.000,0,0,0
B3_zmq_pushpull,zmq_tcp,none,none,,1,6335,512,584,1785153442795376000,1785153442795376000,1785153442795376000,1785153442795377000,1785153442795533000,1785153442795536000,1785153442795536000,1785153442795536000,121932490,121652369,-124.121,0.000,0.000,1.000,3.000,0.000,0.000,5.000,0,0,0
B3_zmq_pushpull,zmq_tcp,none,none,,1,6336,512,584,1785153442796541000,1785153442796541000,1785153442796541000,1785153442796542000,1785153442796642000,1785153442796645000,1785153442796645000,1785153442796645000,121932490,121652369,-180.121,0.000,0.000,1.000,3.000,0.000,0.000,56.000,0,0,0
B3_zmq_pushpull,zmq_tcp,none,none,,1,6337,512,584,1785153442797495000,1785153442797495000,1785153442797495000,1785153442797496000,1785153442797628000,1785153442797630000,1785153442797630000,1785153442797630000,121932490,121652369,-148.121,0.000,0.000,1.000,2.000,0.000,0.000,32.000,0,0,0
B3_zmq_pushpull,zmq_tcp,none,none,,1,6338,512,584,1785153442798510000,1785153442798510000,1785153442798510000,1785153442798511000,1785153442798619000,1785153442798623000,1785153442798623000,1785153442798623000,121932490,121652369,-172.121,0.000,0.000,1.000,4.000,0.000,0.000,24.000,0,0,0
B3_zmq_pushpull,zmq_tcp,none,none,,1,6339,512,584,1785153442799507000,1785153442799507000,1785153442799507000,1785153442799508000,1785153442799582000,1785153442799585000,1785153442799585000,1785153442799585000,121932490,121652369,-206.121,0.000,0.000,1.000,3.000,0.000,0.000,34.000,0,0,0
B3_zmq_pushpull,zmq_tcp,none,none,,1,6340,512,584,1785153442800507000,1785153442800507000,1785153442800507000,1785153442800508000,1785153442800553000,1785153442800556000,1785153442800556000,1785153442800556000,121932490,121652369,-235.121,0.000,0.000,1.000,3.000,0.000,0.000,29.000,0,0,0
B3_zmq_pushpull,zmq_tcp,none,none,,1,6341,512,584,1785153442801511000,1785153442801511000,1785153442801512000,1785153442801512000,1785153442801682000,1785153442801685000,1785153442801685000,1785153442801685000,121932490,121652369,-110.121,0.000,1.000,0.000,3.000,0.000,0.000,125.000,0,0,0
B3_zmq_pushpull,zmq_tcp,none,none,,1,6342,512,584,1785153442802505000,1785153442802506000,1785153442802506000,1785153442802507000,1785153442802680000,1785153442802682000,1785153442802682000,1785153442802682000,121932490,121652369,-107.121,1.000,0.000,1.000,2.000,0.000,0.000,3.000,0,0,0
B3_zmq_pushpull,zmq_tcp,none,none,,1,6343,512,584,1785153442803360000,1785153442803361000,1785153442803361000,1785153442803362000,1785153442803512000,1785153442803514000,1785153442803514000,1785153442803514000,121932490,121652369,-130.121,1.000,0.000,1.000,2.000,0.000,0.000,23.000,0,0,0
B3_zmq_pushpull,zmq_tcp,none,none,,1,6344,512,584,1785153442804545000,1785153442804545000,1785153442804545000,1785153442804546000,1785153442804631000,1785153442804634000,1785153442804634000,1785153442804634000,121932490,121652369,-195.121,0.000,0.000,1.000,3.000,0.000,0.000,65.000,0,0,0
B3_zmq_pushpull,zmq_tcp,none,none,,1,6345,512,584,1785153442805495000,1785153442805495000,1785153442805495000,1785153442805496000,1785153442805604000,1785153442805607000,1785153442805607000,1785153442805607000,121932490,121652369,-172.121,0.000,0.000,1.000,3.000,0.000,0.000,23.000,0,0,0
B3_zmq_pushpull,zmq_tcp,none,none,,1,6346,512,584,1785153442806511000,1785153442806511000,1785153442806511000,1785153442806512000,1785153442806558000,1785153442806562000,1785153442806562000,1785153442806562000,121932490,121652369,-234.121,0.000,0.000,1.000,4.000,0.000,0.000,62.000,0,0,0
B3_zmq_pushpull,zmq_tcp,none,none,,1,6347,512,584,1785153442807507000,1785153442807507000,1785153442807507000,1785153442807508000,1785153442807550000,1785153442807554000,1785153442807554000,1785153442807554000,121932490,121652369,-238.121,0.000,0.000,1.000,4.000,0.000,0.000,4.000,0,0,0
B3_zmq_pushpull,zmq_tcp,none,none,,1,6348,512,584,1785153442808507000,1785153442808507000,1785153442808508000,1785153442808508000,1785153442808683000,1785153442808686000,1785153442808686000,1785153442808686000,121932490,121652369,-105.121,0.000,1.000,0.000,3.000,0.000,0.000,133.000,0,0,0
B3_zmq_pushpull,zmq_tcp,none,none,,1,6349,512,584,1785153442809505000,1785153442809505000,1785153442809505000,1785153442809506000,1785153442809685000,1785153442809688000,1785153442809688000,1785153442809688000,121932490,121652369,-101.121,0.000,0.000,1.000,3.000,0.000,0.000,4.000,0,0,0
B3_zmq_pushpull,zmq_tcp,none,none,,1,6350,512,584,1785153442810509000,1785153442810510000,1785153442810510000,1785153442810511000,1785153442810671000,1785153442810674000,1785153442810674000,1785153442810674000,121932490,121652369,-120.121,1.000,0.000,1.000,3.000,0.000,0.000,19.000,0,0,0
B3_zmq_pushpull,zmq_tcp,none,none,,1,6351,512,584,1785153442811352000,1785153442811352000,1785153442811352000,1785153442811353000,1785153442811508000,1785153442811511000,1785153442811511000,1785153442811511000,121932490,121652369,-125.121,0.000,0.000,1.000,3.000,0.000,0.000,5.000,0,0,0
B3_zmq_pushpull,zmq_tcp,none,none,,1,6352,512,584,1785153442812358000,1785153442812358000,1785153442812358000,1785153442812359000,1785153442812511000,1785153442812514000,1785153442812514000,1785153442812514000,121932490,121652369,-128.121,0.000,0.000,1.000,3.000,0.000,0.000,3.000,0,0,0
B3_zmq_pushpull,zmq_tcp,none,none,,1,6353,512,584,1785153442813339000,1785153442813339000,1785153442813339000,1785153442813340000,1785153442813493000,1785153442813496000,1785153442813496000,1785153442813496000,121932490,121652369,-127.121,0.000,0.000,1.000,3.000,0.000,0.000,1.000,0,0,0
B3_zmq_pushpull,zmq_tcp,none,none,,1,6354,512,584,1785153442814334000,1785153442814334000,1785153442814334000,1785153442814335000,1785153442814477000,1785153442814480000,1785153442814480000,1785153442814480000,121932490,121652369,-138.121,0.000,0.000,1.000,3.000,0.000,0.000,11.000,0,0,0
B3_zmq_pushpull,zmq_tcp,none,none,,1,6355,512,584,1785153442815552000,1785153442815552000,1785153442815552000,1785153442815553000,1785153442815617000,1785153442815619000,1785153442815620000,1785153442815620000,121932490,121652369,-216.121,0.000,0.000,1.000,2.000,1.000,0.000,78.000,0,0,0
B3_zmq_pushpull,zmq_tcp,none,none,,1,6356,512,584,1785153442816492000,1785153442816492000,1785153442816492000,1785153442816493000,1785153442816600000,1785153442816603000,1785153442816603000,1785153442816603000,121932490,121652369,-173.121,0.000,0.000,1.000,3.000,0.000,0.000,43.000,0,0,0
B3_zmq_pushpull,zmq_tcp,none,none,,1,6357,512,584,1785153442817512000,1785153442817512000,1785153442817512000,1785153442817513000,1785153442817601000,1785153442817603000,1785153442817603000,1785153442817603000,121932490,121652369,-192.121,0.000,0.000,1.000,2.000,0.000,0.000,19.000,0,0,0
B3_zmq_pushpull,zmq_tcp,none,none,,1,6358,512,584,1785153442818507000,1785153442818508000,1785153442818508000,1785153442818509000,1785153442818579000,1785153442818582000,1785153442818582000,1785153442818582000,121932490,121652369,-210.121,1.000,0.000,1.000,3.000,0.000,0.000,18.000,0,0,0
B3_zmq_pushpull,zmq_tcp,none,none,,1,6359,512,584,1785153442819508000,1785153442819508000,1785153442819508000,1785153442819509000,1785153442819570000,1785153442819573000,1785153442819573000,1785153442819573000,121932490,121652369,-219.121,0.000,0.000,1.000,3.000,0.000,0.000,9.000,0,0,0
B3_zmq_pushpull,zmq_tcp,none,none,,1,6360,512,584,1785153442820505000,1785153442820505000,1785153442820505000,1785153442820506000,1785153442820554000,1785153442820558000,1785153442820558000,1785153442820558000,121932490,121652369,-232.121,0.000,0.000,1.000,4.000,0.000,0.000,13.000,0,0,0
B3_zmq_pushpull,zmq_tcp,none,none,,1,6361,512,584,1785153442821410000,1785153442821410000,1785153442821410000,1785153442821411000,1785153442821567000,1785153442821569000,1785153442821570000,1785153442821570000,121932490,121652369,-124.121,0.000,0.000,1.000,2.000,1.000,0.000,108.000,0,0,0
B3_zmq_pushpull,zmq_tcp,none,none,,1,6362,512,584,1785153442822531000,1785153442822531000,1785153442822531000,1785153442822532000,1785153442822716000,1785153442822719000,1785153442822719000,1785153442822719000,121932490,121652369,-96.121,0.000,0.000,1.000,3.000,0.000,0.000,28.000,0,0,0
B3_zmq_pushpull,zmq_tcp,none,none,,1,6363,512,584,1785153442823499000,1785153442823499000,1785153442823499000,1785153442823500000,1785153442823557000,1785153442823560000,1785153442823560000,1785153442823560000,121932490,121652369,-223.121,0.000,0.000,1.000,3.000,0.000,0.000,127.000,0,0,0
B3_zmq_pushpull,zmq_tcp,none,none,,1,6364,512,584,1785153442824509000,1785153442824510000,1785153442824510000,1785153442824511000,1785153442824684000,1785153442824686000,1785153442824687000,1785153442824687000,121932490,121652369,-107.121,1.000,0.000,1.000,2.000,1.000,0.000,116.000,0,0,0
B3_zmq_pushpull,zmq_tcp,none,none,,1,6365,512,584,1785153442825507000,1785153442825507000,1785153442825507000,1785153442825508000,1785153442825681000,1785153442825684000,1785153442825684000,1785153442825684000,121932490,121652369,-107.121,0.000,0.000,1.000,3.000,0.000,0.000,0.000,0,0,0
B3_zmq_pushpull,zmq_tcp,none,none,,1,6366,512,584,1785153442826511000,1785153442826511000,1785153442826511000,1785153442826512000,1785153442826657000,1785153442826660000,1785153442826660000,1785153442826660000,121932490,121652369,-135.121,0.000,0.000,1.000,3.000,0.000,0.000,28.000,0,0,0
B3_zmq_pushpull,zmq_tcp,none,none,,1,6367,512,584,1785153442827503000,1785153442827503000,1785153442827504000,1785153442827504000,1785153442827655000,1785153442827658000,1785153442827658000,1785153442827658000,121932490,121652369,-129.121,0.000,1.000,0.000,3.000,0.000,0.000,6.000,0,0,0
B3_zmq_pushpull,zmq_tcp,none,none,,1,6368,512,584,1785153442828509000,1785153442828509000,1785153442828509000,1785153442828510000,1785153442828645000,1785153442828648000,1785153442828648000,1785153442828648000,121932490,121652369,-145.121,0.000,0.000,1.000,3.000,0.000,0.000,16.000,0,0,0
B3_zmq_pushpull,zmq_tcp,none,none,,1,6369,512,584,1785153442829507000,1785153442829507000,1785153442829507000,1785153442829508000,1785153442829629000,1785153442829632000,1785153442829632000,1785153442829632000,121932490,121652369,-159.121,0.000,0.000,1.000,3.000,0.000,0.000,14.000,0,0,0
B3_zmq_pushpull,zmq_tcp,none,none,,1,6370,512,584,1785153442830507000,1785153442830507000,1785153442830507000,1785153442830508000,1785153442830600000,1785153442830604000,1785153442830604000,1785153442830604000,121932490,121652369,-188.121,0.000,0.000,1.000,4.000,0.000,0.000,29.000,0,0,0
B3_zmq_pushpull,zmq_tcp,none,none,,1,6371,512,584,1785153442831507000,1785153442831507000,1785153442831507000,1785153442831508000,1785153442831569000,1785153442831572000,1785153442831572000,1785153442831572000,121932490,121652369,-219.121,0.000,0.000,1.000,3.000,0.000,0.000,31.000,0,0,0
B3_zmq_pushpull,zmq_tcp,none,none,,1,6372,512,584,1785153442832507000,1785153442832507000,1785153442832507000,1785153442832508000,1785153442832557000,1785153442832562000,1785153442832562000,1785153442832562000,121932490,121652369,-231.121,0.000,0.000,1.000,5.000,0.000,0.000,12.000,0,0,0
B3_zmq_pushpull,zmq_tcp,none,none,,1,6373,512,584,1785153442833511000,1785153442833511000,1785153442833511000,1785153442833512000,1785153442833559000,1785153442833565000,1785153442833565000,1785153442833565000,121932490,121652369,-233.121,0.000,0.000,1.000,6.000,0.000,0.000,2.000,0,0,0
B3_zmq_pushpull,zmq_tcp,none,none,,1,6374,512,584,1785153442834392000,1785153442834392000,1785153442834393000,1785153442834393000,1785153442834547000,1785153442834549000,1785153442834549000,1785153442834549000,121932490,121652369,-126.121,0.000,1.000,0.000,2.000,0.000,0.000,107.000,0,0,0
B3_zmq_pushpull,zmq_tcp,none,none,,1,6375,512,584,1785153442835538000,1785153442835538000,1785153442835538000,1785153442835539000,1785153442835701000,1785153442835704000,1785153442835704000,1785153442835704000,121932490,121652369,-118.121,0.000,0.000,1.000,3.000,0.000,0.000,8.000,0,0,0
B3_zmq_pushpull,zmq_tcp,none,none,,1,6376,512,584,1785153442836417000,1785153442836417000,1785153442836417000,1785153442836418000,1785153442836570000,1785153442836573000,1785153442836573000,1785153442836573000,121932490,121652369,-128.121,0.000,0.000,1.000,3.000,0.000,0.000,10.000,0,0,0
B3_zmq_pushpull,zmq_tcp,none,none,,1,6377,512,584,1785153442837535000,1785153442837535000,1785153442837535000,1785153442837536000,1785153442837704000,1785153442837712000,1785153442837712000,1785153442837712000,121932490,121652369,-112.121,0.000,0.000,1.000,8.000,0.000,0.000,16.000,0,0,0
B3_zmq_pushpull,zmq_tcp,none,none,,1,6378,512,584,1785153442838411000,1785153442838411000,1785153442838411000,1785153442838412000,1785153442838566000,1785153442838569000,1785153442838569000,1785153442838569000,121932490,121652369,-126.121,0.000,0.000,1.000,3.000,0.000,0.000,14.000,0,0,0
B3_zmq_pushpull,zmq_tcp,none,none,,1,6379,512,584,1785153442839536000,1785153442839536000,1785153442839536000,1785153442839537000,1785153442839579000,1785153442839582000,1785153442839582000,1785153442839582000,121932490,121652369,-238.121,0.000,0.000,1.000,3.000,0.000,0.000,112.000,0,0,0
B3_zmq_pushpull,zmq_tcp,none,none,,1,6380,512,584,1785153442840502000,1785153442840502000,1785153442840502000,1785153442840503000,1785153442840584000,1785153442840586000,1785153442840586000,1785153442840586000,121932490,121652369,-199.121,0.000,0.000,1.000,2.000,0.000,0.000,39.000,0,0,0
B3_zmq_pushpull,zmq_tcp,none,none,,1,6381,512,584,1785153442841510000,1785153442841510000,1785153442841510000,1785153442841511000,1785153442841580000,1785153442841582000,1785153442841582000,1785153442841582000,121932490,121652369,-211.121,0.000,0.000,1.000,2.000,0.000,0.000,12.000,0,0,0
B3_zmq_pushpull,zmq_tcp,none,none,,1,6382,512,584,1785153442842508000,1785153442842508000,1785153442842508000,1785153442842509000,1785153442842572000,1785153442842576000,1785153442842576000,1785153442842576000,121932490,121652369,-217.121,0.000,0.000,1.000,4.000,0.000,0.000,6.000,0,0,0
B3_zmq_pushpull,zmq_tcp,none,none,,1,6383,512,584,1785153442843434000,1785153442843434000,1785153442843434000,1785153442843435000,1785153442843584000,1785153442843587000,1785153442843587000,1785153442843587000,121932490,121652369,-131.121,0.000,0.000,1.000,3.000,0.000,0.000,86.000,0,0,0
B3_zmq_pushpull,zmq_tcp,none,none,,1,6384,512,584,1785153442844312000,1785153442844312000,1785153442844312000,1785153442844313000,1785153442844448000,1785153442844451000,1785153442844451000,1785153442844451000,121932490,121652369,-145.121,0.000,0.000,1.000,3.000,0.000,0.000,14.000,0,0,0
B3_zmq_pushpull,zmq_tcp,none,none,,1,6385,512,584,1785153442845320000,1785153442845320000,1785153442845320000,1785153442845321000,1785153442845466000,1785153442845469000,1785153442845469000,1785153442845469000,121932490,121652369,-135.121,0.000,0.000,1.000,3.000,0.000,0.000,10.000,0,0,0
B3_zmq_pushpull,zmq_tcp,none,none,,1,6386,512,584,1785153442846323000,1785153442846323000,1785153442846323000,1785153442846324000,1785153442846465000,1785153442846468000,1785153442846468000,1785153442846468000,121932490,121652369,-139.121,0.000,0.000,1.000,3.000,0.000,0.000,4.000,0,0,0
B3_zmq_pushpull,zmq_tcp,none,none,,1,6387,512,584,1785153442847328000,1785153442847328000,1785153442847328000,1785153442847329000,1785153442847483000,1785153442847486000,1785153442847486000,1785153442847486000,121932490,121652369,-126.121,0.000,0.000,1.000,3.000,0.000,0.000,13.000,0,0,0
B3_zmq_pushpull,zmq_tcp,none,none,,1,6388,512,584,1785153442848554000,1785153442848554000,1785153442848554000,1785153442848555000,1785153442848613000,1785153442848616000,1785153442848616000,1785153442848616000,121932490,121652369,-222.121,0.000,0.000,1.000,3.000,0.000,0.000,96.000,0,0,0
B3_zmq_pushpull,zmq_tcp,none,none,,1,6389,512,584,1785153442849496000,1785153442849496000,1785153442849497000,1785153442849498000,1785153442849605000,1785153442849608000,1785153442849608000,1785153442849608000,121932490,121652369,-173.121,0.000,1.000,1.000,3.000,0.000,0.000,49.000,0,0,0
B3_zmq_pushpull,zmq_tcp,none,none,,1,6390,512,584,1785153442850514000,1785153442850514000,1785153442850514000,1785153442850515000,1785153442850605000,1785153442850608000,1785153442850608000,1785153442850608000,121932490,121652369,-190.121,0.000,0.000,1.000,3.000,0.000,0.000,17.000,0,0,0
B3_zmq_pushpull,zmq_tcp,none,none,,1,6391,512,584,1785153442851507000,1785153442851507000,1785153442851507000,1785153442851508000,1785153442851621000,1785153442851624000,1785153442851624000,1785153442851624000,121932490,121652369,-167.121,0.000,0.000,1.000,3.000,0.000,0.000,23.000,0,0,0
B3_zmq_pushpull,zmq_tcp,none,none,,1,6392,512,584,1785153442852509000,1785153442852509000,1785153442852509000,1785153442852510000,1785153442852624000,1785153442852626000,1785153442852626000,1785153442852626000,121932490,121652369,-166.121,0.000,0.000,1.000,2.000,0.000,0.000,1.000,0,0,0
B3_zmq_pushpull,zmq_tcp,none,none,,1,6393,512,584,1785153442853508000,1785153442853508000,1785153442853508000,1785153442853509000,1785153442853649000,1785153442853652000,1785153442853652000,1785153442853652000,121932490,121652369,-140.121,0.000,0.000,1.000,3.000,0.000,0.000,26.000,0,0,0
B3_zmq_pushpull,zmq_tcp,none,none,,1,6394,512,584,1785153442854508000,1785153442854508000,1785153442854508000,1785153442854509000,1785153442854652000,1785153442854655000,1785153442854655000,1785153442854655000,121932490,121652369,-137.121,0.000,0.000,1.000,3.000,0.000,0.000,3.000,0,0,0
B3_zmq_pushpull,zmq_tcp,none,none,,1,6395,512,584,1785153442855354000,1785153442855354000,1785153442855354000,1785153442855355000,1785153442855500000,1785153442855503000,1785153442855503000,1785153442855503000,121932490,121652369,-135.121,0.000,0.000,1.000,3.000,0.000,0.000,2.000,0,0,0
B3_zmq_pushpull,zmq_tcp,none,none,,1,6396,512,584,1785153442856547000,1785153442856547000,1785153442856547000,1785153442856548000,1785153442856642000,1785153442856645000,1785153442856645000,1785153442856645000,121932490,121652369,-186.121,0.000,0.000,1.000,3.000,0.000,0.000,51.000,0,0,0
B3_zmq_pushpull,zmq_tcp,none,none,,1,6397,512,584,1785153442857498000,1785153442857498000,1785153442857498000,1785153442857499000,1785153442857648000,1785153442857651000,1785153442857651000,1785153442857651000,121932490,121652369,-131.121,0.000,0.000,1.000,3.000,0.000,0.000,55.000,0,0,0
B3_zmq_pushpull,zmq_tcp,none,none,,1,6398,512,584,1785153442858511000,1785153442858511000,1785153442858511000,1785153442858512000,1785153442858661000,1785153442858664000,1785153442858664000,1785153442858664000,121932490,121652369,-131.121,0.000,0.000,1.000,3.000,0.000,0.000,0.000,0,0,0
B3_zmq_pushpull,zmq_tcp,none,none,,1,6399,512,584,1785153442859376000,1785153442859376000,1785153442859376000,1785153442859377000,1785153442859539000,1785153442859541000,1785153442859541000,1785153442859541000,121932490,121652369,-118.121,0.000,0.000,1.000,2.000,0.000,0.000,13.000,0,0,0
B3_zmq_pushpull,zmq_tcp,none,none,,1,6400,512,584,1785153442860541000,1785153442860541000,1785153442860541000,1785153442860542000,1785153442860687000,1785153442860690000,1785153442860690000,1785153442860690000,121932490,121652369,-135.121,0.000,0.000,1.000,3.000,0.000,0.000,17.000,0,0,0
B3_zmq_pushpull,zmq_tcp,none,none,,1,6401,512,584,1785153442861499000,1785153442861499000,1785153442861499000,1785153442861500000,1785153442861548000,1785153442861551000,1785153442861551000,1785153442861551000,121932490,121652369,-232.121,0.000,0.000,1.000,3.000,0.000,0.000,97.000,0,0,0
B3_zmq_pushpull,zmq_tcp,none,none,,1,6402,512,584,1785153442862510000,1785153442862510000,1785153442862510000,1785153442862511000,1785153442862558000,1785153442862561000,1785153442862561000,1785153442862561000,121932490,121652369,-233.121,0.000,0.000,1.000,3.000,0.000,0.000,1.000,0,0,0
B3_zmq_pushpull,zmq_tcp,none,none,,1,6403,512,584,1785153442863508000,1785153442863509000,1785153442863509000,1785153442863510000,1785153442863580000,1785153442863583000,1785153442863583000,1785153442863583000,121932490,121652369,-210.121,1.000,0.000,1.000,3.000,0.000,0.000,23.000,0,0,0
B3_zmq_pushpull,zmq_tcp,none,none,,1,6404,512,584,1785153442864508000,1785153442864509000,1785153442864509000,1785153442864510000,1785153442864597000,1785153442864600000,1785153442864600000,1785153442864600000,121932490,121652369,-193.121,1.000,0.000,1.000,3.000,0.000,0.000,17.000,0,0,0
B3_zmq_pushpull,zmq_tcp,none,none,,1,6405,512,584,1785153442865510000,1785153442865510000,1785153442865510000,1785153442865511000,1785153442865619000,1785153442865621000,1785153442865621000,1785153442865621000,121932490,121652369,-172.121,0.000,0.000,1.000,2.000,0.000,0.000,21.000,0,0,0
B3_zmq_pushpull,zmq_tcp,none,none,,1,6406,512,584,1785153442866511000,1785153442866511000,1785153442866511000,1785153442866512000,1785153442866628000,1785153442866631000,1785153442866631000,1785153442866631000,121932490,121652369,-164.121,0.000,0.000,1.000,3.000,0.000,0.000,8.000,0,0,0
B3_zmq_pushpull,zmq_tcp,none,none,,1,6407,512,584,1785153442867508000,1785153442867508000,1785153442867508000,1785153442867509000,1785153442867640000,1785153442867643000,1785153442867643000,1785153442867643000,121932490,121652369,-149.121,0.000,0.000,1.000,3.000,0.000,0.000,15.000,0,0,0
B3_zmq_pushpull,zmq_tcp,none,none,,1,6408,512,584,1785153442868508000,1785153442868508000,1785153442868508000,1785153442868509000,1785153442868647000,1785153442868650000,1785153442868650000,1785153442868650000,121932490,121652369,-142.121,0.000,0.000,1.000,3.000,0.000,0.000,7.000,0,0,0
B3_zmq_pushpull,zmq_tcp,none,none,,1,6409,512,584,1785153442869505000,1785153442869506000,1785153442869506000,1785153442869507000,1785153442869643000,1785153442869645000,1785153442869645000,1785153442869645000,121932490,121652369,-144.121,1.000,0.000,1.000,2.000,0.000,0.000,2.000,0,0,0
B3_zmq_pushpull,zmq_tcp,none,none,,1,6410,512,584,1785153442870509000,1785153442870510000,1785153442870510000,1785153442870511000,1785153442870651000,1785153442870653000,1785153442870653000,1785153442870653000,121932490,121652369,-140.121,1.000,0.000,1.000,2.000,0.000,0.000,4.000,0,0,0
B3_zmq_pushpull,zmq_tcp,none,none,,1,6411,512,584,1785153442871508000,1785153442871508000,1785153442871508000,1785153442871509000,1785153442871665000,1785153442871668000,1785153442871668000,1785153442871668000,121932490,121652369,-124.121,0.000,0.000,1.000,3.000,0.000,0.000,16.000,0,0,0
B3_zmq_pushpull,zmq_tcp,none,none,,1,6412,512,584,1785153442872511000,1785153442872511000,1785153442872511000,1785153442872512000,1785153442872685000,1785153442872688000,1785153442872688000,1785153442872688000,121932490,121652369,-107.121,0.000,0.000,1.000,3.000,0.000,0.000,17.000,0,0,0
B3_zmq_pushpull,zmq_tcp,none,none,,1,6413,512,584,1785153442873402000,1785153442873403000,1785153442873403000,1785153442873404000,1785153442873551000,1785153442873553000,1785153442873553000,1785153442873553000,121932490,121652369,-133.121,1.000,0.000,1.000,2.000,0.000,0.000,26.000,0,0,0
B3_zmq_pushpull,zmq_tcp,none,none,,1,6414,512,584,1785153442874535000,1785153442874535000,1785153442874535000,1785153442874536000,1785153442874695000,1785153442874698000,1785153442874698000,1785153442874698000,121932490,121652369,-121.121,0.000,0.000,1.000,3.000,0.000,0.000,12.000,0,0,0
B3_zmq_pushpull,zmq_tcp,none,none,,1,6415,512,584,1785153442875501000,1785153442875501000,1785153442875501000,1785153442875502000,1785153442875692000,1785153442875695000,1785153442875695000,1785153442875695000,121932490,121652369,-90.121,0.000,0.000,1.000,3.000,0.000,0.000,31.000,0,0,0
B3_zmq_pushpull,zmq_tcp,none,none,,1,6416,512,584,1785153442876409000,1785153442876409000,1785153442876409000,1785153442876410000,1785153442876563000,1785153442876566000,1785153442876566000,1785153442876566000,121932490,121652369,-127.121,0.000,0.000,1.000,3.000,0.000,0.000,37.000,0,0,0
B3_zmq_pushpull,zmq_tcp,none,none,,1,6417,512,584,1785153442877535000,1785153442877535000,1785153442877535000,1785153442877536000,1785153442877705000,1785153442877708000,1785153442877708000,1785153442877708000,121932490,121652369,-111.121,0.000,0.000,1.000,3.000,0.000,0.000,16.000,0,0,0
B3_zmq_pushpull,zmq_tcp,none,none,,1,6418,512,584,1785153442878505000,1785153442878505000,1785153442878505000,1785153442878506000,1785153442878576000,1785153442878579000,1785153442878579000,1785153442878579000,121932490,121652369,-210.121,0.000,0.000,1.000,3.000,0.000,0.000,99.000,0,0,0
B3_zmq_pushpull,zmq_tcp,none,none,,1,6419,512,584,1785153442879510000,1785153442879510000,1785153442879510000,1785153442879511000,1785153442879579000,1785153442879584000,1785153442879584000,1785153442879584000,121932490,121652369,-212.121,0.000,0.000,1.000,5.000,0.000,0.000,2.000,0,0,0
B3_zmq_pushpull,zmq_tcp,none,none,,1,6420,512,584,1785153442880505000,1785153442880505000,1785153442880505000,1785153442880506000,1785153442880594000,1785153442880597000,1785153442880597000,1785153442880597000,121932490,121652369,-192.121,0.000,0.000,1.000,3.000,0.000,0.000,20.000,0,0,0
B3_zmq_pushpull,zmq_tcp,none,none,,1,6421,512,584,1785153442881510000,1785153442881510000,1785153442881510000,1785153442881511000,1785153442881592000,1785153442881595000,1785153442881595000,1785153442881595000,121932490,121652369,-199.121,0.000,0.000,1.000,3.000,0.000,0.000,7.000,0,0,0
B3_zmq_pushpull,zmq_tcp,none,none,,1,6422,512,584,1785153442882509000,1785153442882509000,1785153442882509000,1785153442882510000,1785153442882588000,1785153442882591000,1785153442882591000,1785153442882591000,121932490,121652369,-202.121,0.000,0.000,1.000,3.000,0.000,0.000,3.000,0,0,0
B3_zmq_pushpull,zmq_tcp,none,none,,1,6423,512,584,1785153442883508000,1785153442883509000,1785153442883509000,1785153442883510000,1785153442883584000,1785153442883587000,1785153442883587000,1785153442883587000,121932490,121652369,-206.121,1.000,0.000,1.000,3.000,0.000,0.000,4.000,0,0,0
B3_zmq_pushpull,zmq_tcp,none,none,,1,6424,512,584,1785153442884414000,1785153442884414000,1785153442884414000,1785153442884415000,1785153442884575000,1785153442884578000,1785153442884578000,1785153442884578000,121932490,121652369,-120.121,0.000,0.000,1.000,3.000,0.000,0.000,86.000,0,0,0
B3_zmq_pushpull,zmq_tcp,none,none,,1,6425,512,584,1785153442885417000,1785153442885417000,1785153442885417000,1785153442885418000,1785153442885569000,1785153442885572000,1785153442885572000,1785153442885572000,121932490,121652369,-129.121,0.000,0.000,1.000,3.000,0.000,0.000,9.000,0,0,0
B3_zmq_pushpull,zmq_tcp,none,none,,1,6426,512,584,1785153442886419000,1785153442886419000,1785153442886419000,1785153442886420000,1785153442886579000,1785153442886581000,1785153442886581000,1785153442886581000,121932490,121652369,-121.121,0.000,0.000,1.000,2.000,0.000,0.000,8.000,0,0,0
B3_zmq_pushpull,zmq_tcp,none,none,,1,6427,512,584,1785153442887531000,1785153442887532000,1785153442887532000,1785153442887533000,1785153442887723000,1785153442887726000,1785153442887726000,1785153442887726000,121932490,121652369,-90.121,1.000,0.000,1.000,3.000,0.000,0.000,31.000,0,0,0
B3_zmq_pushpull,zmq_tcp,none,none,,1,6428,512,584,1785153442888501000,1785153442888502000,1785153442888502000,1785153442888503000,1785153442888582000,1785153442888584000,1785153442888584000,1785153442888584000,121932490,121652369,-201.121,1.000,0.000,1.000,2.000,0.000,0.000,111.000,0,0,0
B3_zmq_pushpull,zmq_tcp,none,none,,1,6429,512,584,1785153442889515000,1785153442889515000,1785153442889515000,1785153442889516000,1785153442889589000,1785153442889592000,1785153442889592000,1785153442889592000,121932490,121652369,-207.121,0.000,0.000,1.000,3.000,0.000,0.000,6.000,0,0,0
B3_zmq_pushpull,zmq_tcp,none,none,,1,6430,512,584,1785153442890507000,1785153442890507000,1785153442890507000,1785153442890508000,1785153442890587000,1785153442890589000,1785153442890589000,1785153442890589000,121932490,121652369,-201.121,0.000,0.000,1.000,2.000,0.000,0.000,6.000,0,0,0
B3_zmq_pushpull,zmq_tcp,none,none,,1,6431,512,584,1785153442891510000,1785153442891510000,1785153442891510000,1785153442891511000,1785153442891585000,1785153442891588000,1785153442891588000,1785153442891588000,121932490,121652369,-206.121,0.000,0.000,1.000,3.000,0.000,0.000,5.000,0,0,0
B3_zmq_pushpull,zmq_tcp,none,none,,1,6432,512,584,1785153442892505000,1785153442892505000,1785153442892505000,1785153442892506000,1785153442892594000,1785153442892596000,1785153442892596000,1785153442892596000,121932490,121652369,-192.121,0.000,0.000,1.000,2.000,0.000,0.000,14.000,0,0,0
B3_zmq_pushpull,zmq_tcp,none,none,,1,6433,512,584,1785153442893510000,1785153442893510000,1785153442893510000,1785153442893511000,1785153442893589000,1785153442893592000,1785153442893592000,1785153442893592000,121932490,121652369,-202.121,0.000,0.000,1.000,3.000,0.000,0.000,10.000,0,0,0
B3_zmq_pushpull,zmq_tcp,none,none,,1,6434,512,584,1785153442894509000,1785153442894510000,1785153442894510000,1785153442894511000,1785153442894597000,1785153442894600000,1785153442894600000,1785153442894600000,121932490,121652369,-194.121,1.000,0.000,1.000,3.000,0.000,0.000,8.000,0,0,0
B3_zmq_pushpull,zmq_tcp,none,none,,1,6435,512,584,1785153442895509000,1785153442895509000,1785153442895509000,1785153442895510000,1785153442895607000,1785153442895609000,1785153442895609000,1785153442895609000,121932490,121652369,-183.121,0.000,0.000,1.000,2.000,0.000,0.000,11.000,0,0,0
B3_zmq_pushpull,zmq_tcp,none,none,,1,6436,512,584,1785153442896509000,1785153442896509000,1785153442896509000,1785153442896510000,1785153442896602000,1785153442896605000,1785153442896605000,1785153442896605000,121932490,121652369,-188.121,0.000,0.000,1.000,3.000,0.000,0.000,5.000,0,0,0
B3_zmq_pushpull,zmq_tcp,none,none,,1,6437,512,584,1785153442897509000,1785153442897510000,1785153442897510000,1785153442897511000,1785153442897616000,1785153442897619000,1785153442897619000,1785153442897619000,121932490,121652369,-175.121,1.000,0.000,1.000,3.000,0.000,0.000,13.000,0,0,0
B3_zmq_pushpull,zmq_tcp,none,none,,1,6438,512,584,1785153442898510000,1785153442898510000,1785153442898510000,1785153442898511000,1785153442898632000,1785153442898635000,1785153442898635000,1785153442898635000,121932490,121652369,-159.121,0.000,0.000,1.000,3.000,0.000,0.000,16.000,0,0,0
B3_zmq_pushpull,zmq_tcp,none,none,,1,6439,512,584,1785153442899507000,1785153442899507000,1785153442899507000,1785153442899508000,1785153442899644000,1785153442899647000,1785153442899647000,1785153442899647000,121932490,121652369,-144.121,0.000,0.000,1.000,3.000,0.000,0.000,15.000,0,0,0
B3_zmq_pushpull,zmq_tcp,none,none,,1,6440,512,584,1785153442900509000,1785153442900509000,1785153442900509000,1785153442900510000,1785153442900659000,1785153442900661000,1785153442900661000,1785153442900661000,121932490,121652369,-131.121,0.000,0.000,1.000,2.000,0.000,0.000,13.000,0,0,0
B3_zmq_pushpull,zmq_tcp,none,none,,1,6441,512,584,1785153442901507000,1785153442901508000,1785153442901508000,1785153442901509000,1785153442901655000,1785153442901657000,1785153442901657000,1785153442901657000,121932490,121652369,-134.121,1.000,0.000,1.000,2.000,0.000,0.000,3.000,0,0,0
B3_zmq_pushpull,zmq_tcp,none,none,,1,6442,512,584,1785153442902513000,1785153442902513000,1785153442902513000,1785153442902514000,1785153442902659000,1785153442902662000,1785153442902662000,1785153442902662000,121932490,121652369,-135.121,0.000,0.000,1.000,3.000,0.000,0.000,1.000,0,0,0
B3_zmq_pushpull,zmq_tcp,none,none,,1,6443,512,584,1785153442903506000,1785153442903506000,1785153442903506000,1785153442903507000,1785153442903668000,1785153442903671000,1785153442903671000,1785153442903671000,121932490,121652369,-119.121,0.000,0.000,1.000,3.000,0.000,0.000,16.000,0,0,0
B3_zmq_pushpull,zmq_tcp,none,none,,1,6444,512,584,1785153442904510000,1785153442904510000,1785153442904510000,1785153442904511000,1785153442904669000,1785153442904672000,1785153442904672000,1785153442904672000,121932490,121652369,-122.121,0.000,0.000,1.000,3.000,0.000,0.000,3.000,0,0,0
B3_zmq_pushpull,zmq_tcp,none,none,,1,6445,512,584,1785153442905510000,1785153442905510000,1785153442905510000,1785153442905511000,1785153442905671000,1785153442905674000,1785153442905674000,1785153442905674000,121932490,121652369,-120.121,0.000,0.000,1.000,3.000,0.000,0.000,2.000,0,0,0
B3_zmq_pushpull,zmq_tcp,none,none,,1,6446,512,584,1785153442906511000,1785153442906512000,1785153442906512000,1785153442906513000,1785153442906680000,1785153442906683000,1785153442906683000,1785153442906683000,121932490,121652369,-113.121,1.000,0.000,1.000,3.000,0.000,0.000,7.000,0,0,0
B3_zmq_pushpull,zmq_tcp,none,none,,1,6447,512,584,1785153442907385000,1785153442907386000,1785153442907386000,1785153442907387000,1785153442907538000,1785153442907540000,1785153442907540000,1785153442907540000,121932490,121652369,-129.121,1.000,0.000,1.000,2.000,0.000,0.000,16.000,0,0,0
B3_zmq_pushpull,zmq_tcp,none,none,,1,6448,512,584,1785153442908539000,1785153442908539000,1785153442908539000,1785153442908540000,1785153442908685000,1785153442908688000,1785153442908688000,1785153442908688000,121932490,121652369,-135.121,0.000,0.000,1.000,3.000,0.000,0.000,6.000,0,0,0
B3_zmq_pushpull,zmq_tcp,none,none,,1,6449,512,584,1785153442909501000,1785153442909501000,1785153442909501000,1785153442909502000,1785153442909690000,1785153442909693000,1785153442909693000,1785153442909693000,121932490,121652369,-92.121,0.000,0.000,1.000,3.000,0.000,0.000,43.000,0,0,0
B3_zmq_pushpull,zmq_tcp,none,none,,1,6450,512,584,1785153442910510000,1785153442910510000,1785153442910510000,1785153442910511000,1785153442910697000,1785153442910700000,1785153442910700000,1785153442910700000,121932490,121652369,-94.121,0.000,0.000,1.000,3.000,0.000,0.000,2.000,0,0,0
B3_zmq_pushpull,zmq_tcp,none,none,,1,6451,512,584,1785153442911505000,1785153442911505000,1785153442911505000,1785153442911506000,1785153442911680000,1785153442911683000,1785153442911683000,1785153442911683000,121932490,121652369,-106.121,0.000,0.000,1.000,3.000,0.000,0.000,12.000,0,0,0
B3_zmq_pushpull,zmq_tcp,none,none,,1,6452,512,584,1785153442912511000,1785153442912511000,1785153442912511000,1785153442912512000,1785153442912559000,1785153442912562000,1785153442912562000,1785153442912562000,121932490,121652369,-233.121,0.000,0.000,1.000,3.000,0.000,0.000,127.000,0,0,0
B3_zmq_pushpull,zmq_tcp,none,none,,1,6453,512,584,1785153442913408000,1785153442913408000,1785153442913408000,1785153442913409000,1785153442913565000,1785153442913568000,1785153442913568000,1785153442913568000,121932490,121652369,-124.121,0.000,0.000,1.000,3.000,0.000,0.000,109.000,0,0,0
B3_zmq_pushpull,zmq_tcp,none,none,,1,6454,512,584,1785153442914413000,1785153442914413000,1785153442914413000,1785153442914414000,1785153442914572000,1785153442914575000,1785153442914575000,1785153442914575000,121932490,121652369,-122.121,0.000,0.000,1.000,3.000,0.000,0.000,2.000,0,0,0
B3_zmq_pushpull,zmq_tcp,none,none,,1,6455,512,584,1785153442915531000,1785153442915531000,1785153442915531000,1785153442915532000,1785153442915721000,1785153442915724000,1785153442915724000,1785153442915724000,121932490,121652369,-91.121,0.000,0.000,1.000,3.000,0.000,0.000,31.000,0,0,0
B3_zmq_pushpull,zmq_tcp,none,none,,1,6456,512,584,1785153442916438000,1785153442916438000,1785153442916438000,1785153442916439000,1785153442916597000,1785153442916600000,1785153442916600000,1785153442916600000,121932490,121652369,-122.121,0.000,0.000,1.000,3.000,0.000,0.000,31.000,0,0,0
B3_zmq_pushpull,zmq_tcp,none,none,,1,6457,512,584,1785153442917526000,1785153442917526000,1785153442917526000,1785153442917527000,1785153442917609000,1785153442917612000,1785153442917612000,1785153442917612000,121932490,121652369,-198.121,0.000,0.000,1.000,3.000,0.000,0.000,76.000,0,0,0
B3_zmq_pushpull,zmq_tcp,none,none,,1,6458,512,584,1785153442918501000,1785153442918501000,1785153442918501000,1785153442918502000,1785153442918589000,1785153442918592000,1785153442918592000,1785153442918592000,121932490,121652369,-193.121,0.000,0.000,1.000,3.000,0.000,0.000,5.000,0,0,0
B3_zmq_pushpull,zmq_tcp,none,none,,1,6459,512,584,1785153442919512000,1785153442919512000,1785153442919512000,1785153442919513000,1785153442919587000,1785153442919589000,1785153442919589000,1785153442919590000,121932490,121652369,-206.121,0.000,0.000,1.000,2.000,0.000,1.000,13.000,0,0,0
B3_zmq_pushpull,zmq_tcp,none,none,,1,6460,512,584,1785153442920512000,1785153442920512000,1785153442920512000,1785153442920513000,1785153442920593000,1785153442920596000,1785153442920596000,1785153442920596000,121932490,121652369,-200.121,0.000,0.000,1.000,3.000,0.000,0.000,6.000,0,0,0
B3_zmq_pushpull,zmq_tcp,none,none,,1,6461,512,584,1785153442921509000,1785153442921510000,1785153442921510000,1785153442921511000,1785153442921596000,1785153442921599000,1785153442921599000,1785153442921599000,121932490,121652369,-195.121,1.000,0.000,1.000,3.000,0.000,0.000,5.000,0,0,0
B3_zmq_pushpull,zmq_tcp,none,none,,1,6462,512,584,1785153442922507000,1785153442922508000,1785153442922508000,1785153442922509000,1785153442922589000,1785153442922592000,1785153442922592000,1785153442922592000,121932490,121652369,-200.121,1.000,0.000,1.000,3.000,0.000,0.000,5.000,0,0,0
B3_zmq_pushpull,zmq_tcp,none,none,,1,6463,512,584,1785153442923511000,1785153442923512000,1785153442923512000,1785153442923513000,1785153442923594000,1785153442923596000,1785153442923596000,1785153442923596000,121932490,121652369,-199.121,1.000,0.000,1.000,2.000,0.000,0.000,1.000,0,0,0
B3_zmq_pushpull,zmq_tcp,none,none,,1,6464,512,584,1785153442924509000,1785153442924509000,1785153442924509000,1785153442924510000,1785153442924600000,1785153442924603000,1785153442924603000,1785153442924603000,121932490,121652369,-190.121,0.000,0.000,1.000,3.000,0.000,0.000,9.000,0,0,0
B3_zmq_pushpull,zmq_tcp,none,none,,1,6465,512,584,1785153442925509000,1785153442925509000,1785153442925509000,1785153442925510000,1785153442925598000,1785153442925600000,1785153442925600000,1785153442925600000,121932490,121652369,-192.121,0.000,0.000,1.000,2.000,0.000,0.000,2.000,0,0,0
B3_zmq_pushpull,zmq_tcp,none,none,,1,6466,512,584,1785153442926505000,1785153442926505000,1785153442926505000,1785153442926506000,1785153442926602000,1785153442926604000,1785153442926604000,1785153442926604000,121932490,121652369,-184.121,0.000,0.000,1.000,2.000,0.000,0.000,8.000,0,0,0
B3_zmq_pushpull,zmq_tcp,none,none,,1,6467,512,584,1785153442927513000,1785153442927513000,1785153442927513000,1785153442927514000,1785153442927606000,1785153442927608000,1785153442927608000,1785153442927608000,121932490,121652369,-188.121,0.000,0.000,1.000,2.000,0.000,0.000,4.000,0,0,0
B3_zmq_pushpull,zmq_tcp,none,none,,1,6468,512,584,1785153442928509000,1785153442928509000,1785153442928509000,1785153442928510000,1785153442928608000,1785153442928611000,1785153442928611000,1785153442928611000,121932490,121652369,-182.121,0.000,0.000,1.000,3.000,0.000,0.000,6.000,0,0,0
B3_zmq_pushpull,zmq_tcp,none,none,,1,6469,512,584,1785153442929321000,1785153442929321000,1785153442929321000,1785153442929322000,1785153442929482000,1785153442929485000,1785153442929485000,1785153442929485000,121932490,121652369,-120.121,0.000,0.000,1.000,3.000,0.000,0.000,62.000,0,0,0
B3_zmq_pushpull,zmq_tcp,none,none,,1,6470,512,584,1785153442930556000,1785153442930556000,1785153442930556000,1785153442930557000,1785153442930622000,1785153442930626000,1785153442930626000,1785153442930626000,121932490,121652369,-215.121,0.000,0.000,1.000,4.000,0.000,0.000,95.000,0,0,0
B3_zmq_pushpull,zmq_tcp,none,none,,1,6471,512,584,1785153442931497000,1785153442931497000,1785153442931497000,1785153442931498000,1785153442931607000,1785153442931609000,1785153442931609000,1785153442931610000,121932490,121652369,-171.121,0.000,0.000,1.000,2.000,0.000,1.000,44.000,0,0,0
B3_zmq_pushpull,zmq_tcp,none,none,,1,6472,512,584,1785153442932511000,1785153442932512000,1785153442932512000,1785153442932513000,1785153442932603000,1785153442932605000,1785153442932605000,1785153442932605000,121932490,121652369,-190.121,1.000,0.000,1.000,2.000,0.000,0.000,19.000,0,0,0
B3_zmq_pushpull,zmq_tcp,none,none,,1,6473,512,584,1785153442933506000,1785153442933506000,1785153442933507000,1785153442933507000,1785153442933618000,1785153442933620000,1785153442933620000,1785153442933620000,121932490,121652369,-169.121,0.000,1.000,0.000,2.000,0.000,0.000,21.000,0,0,0
B3_zmq_pushpull,zmq_tcp,none,none,,1,6474,512,584,1785153442934509000,1785153442934509000,1785153442934509000,1785153442934510000,1785153442934624000,1785153442934627000,1785153442934627000,1785153442934627000,121932490,121652369,-166.121,0.000,0.000,1.000,3.000,0.000,0.000,3.000,0,0,0
B3_zmq_pushpull,zmq_tcp,none,none,,1,6475,512,584,1785153442935510000,1785153442935510000,1785153442935510000,1785153442935511000,1785153442935624000,1785153442935626000,1785153442935626000,1785153442935626000,121932490,121652369,-167.121,0.000,0.000,1.000,2.000,0.000,0.000,1.000,0,0,0
B3_zmq_pushpull,zmq_tcp,none,none,,1,6476,512,584,1785153442936508000,1785153442936509000,1785153442936509000,1785153442936510000,1785153442936621000,1785153442936623000,1785153442936623000,1785153442936623000,121932490,121652369,-169.121,1.000,0.000,1.000,2.000,0.000,0.000,2.000,0,0,0
B3_zmq_pushpull,zmq_tcp,none,none,,1,6477,512,584,1785153442937506000,1785153442937506000,1785153442937506000,1785153442937507000,1785153442937629000,1785153442937632000,1785153442937632000,1785153442937632000,121932490,121652369,-158.121,0.000,0.000,1.000,3.000,0.000,0.000,11.000,0,0,0
B3_zmq_pushpull,zmq_tcp,none,none,,1,6478,512,584,1785153442938510000,1785153442938510000,1785153442938510000,1785153442938511000,1785153442938619000,1785153442938622000,1785153442938622000,1785153442938622000,121932490,121652369,-172.121,0.000,0.000,1.000,3.000,0.000,0.000,14.000,0,0,0
B3_zmq_pushpull,zmq_tcp,none,none,,1,6479,512,584,1785153442939509000,1785153442939509000,1785153442939509000,1785153442939510000,1785153442939616000,1785153442939619000,1785153442939619000,1785153442939619000,121932490,121652369,-174.121,0.000,0.000,1.000,3.000,0.000,0.000,2.000,0,0,0
B3_zmq_pushpull,zmq_tcp,none,none,,1,6480,512,584,1785153442940514000,1785153442940514000,1785153442940515000,1785153442940515000,1785153442940612000,1785153442940615000,1785153442940615000,1785153442940615000,121932490,121652369,-183.121,0.000,1.000,0.000,3.000,0.000,0.000,9.000,0,0,0
B3_zmq_pushpull,zmq_tcp,none,none,,1,6481,512,584,1785153442941506000,1785153442941506000,1785153442941506000,1785153442941507000,1785153442941635000,1785153442941638000,1785153442941638000,1785153442941638000,121932490,121652369,-152.121,0.000,0.000,1.000,3.000,0.000,0.000,31.000,0,0,0
B3_zmq_pushpull,zmq_tcp,none,none,,1,6482,512,584,1785153442942510000,1785153442942510000,1785153442942510000,1785153442942511000,1785153442942648000,1785153442942651000,1785153442942651000,1785153442942651000,121932490,121652369,-143.121,0.000,0.000,1.000,3.000,0.000,0.000,9.000,0,0,0
B3_zmq_pushpull,zmq_tcp,none,none,,1,6483,512,584,1785153442943511000,1785153442943511000,1785153442943511000,1785153442943512000,1785153442943636000,1785153442943639000,1785153442943639000,1785153442943639000,121932490,121652369,-156.121,0.000,0.000,1.000,3.000,0.000,0.000,13.000,0,0,0
B3_zmq_pushpull,zmq_tcp,none,none,,1,6484,512,584,1785153442944509000,1785153442944509000,1785153442944509000,1785153442944510000,1785153442944610000,1785153442944612000,1785153442944612000,1785153442944612000,121932490,121652369,-180.121,0.000,0.000,1.000,2.000,0.000,0.000,24.000,0,0,0
B3_zmq_pushpull,zmq_tcp,none,none,,1,6485,512,584,1785153442945506000,1785153442945506000,1785153442945506000,1785153442945507000,1785153442945600000,1785153442945603000,1785153442945603000,1785153442945603000,121932490,121652369,-187.121,0.000,0.000,1.000,3.000,0.000,0.000,7.000,0,0,0
B3_zmq_pushpull,zmq_tcp,none,none,,1,6486,512,584,1785153442946510000,1785153442946510000,1785153442946510000,1785153442946511000,1785153442946590000,1785153442946592000,1785153442946592000,1785153442946592000,121932490,121652369,-201.121,0.000,0.000,1.000,2.000,0.000,0.000,14.000,0,0,0
B3_zmq_pushpull,zmq_tcp,none,none,,1,6487,512,584,1785153442947510000,1785153442947510000,1785153442947510000,1785153442947511000,1785153442947610000,1785153442947612000,1785153442947612000,1785153442947612000,121932490,121652369,-181.121,0.000,0.000,1.000,2.000,0.000,0.000,20.000,0,0,0
B3_zmq_pushpull,zmq_tcp,none,none,,1,6488,512,584,1785153442948505000,1785153442948505000,1785153442948505000,1785153442948506000,1785153442948622000,1785153442948624000,1785153442948624000,1785153442948624000,121932490,121652369,-164.121,0.000,0.000,1.000,2.000,0.000,0.000,17.000,0,0,0
B3_zmq_pushpull,zmq_tcp,none,none,,1,6489,512,584,1785153442949513000,1785153442949513000,1785153442949513000,1785153442949514000,1785153442949632000,1785153442949635000,1785153442949635000,1785153442949635000,121932490,121652369,-162.121,0.000,0.000,1.000,3.000,0.000,0.000,2.000,0,0,0
B3_zmq_pushpull,zmq_tcp,none,none,,1,6490,512,584,1785153442950507000,1785153442950507000,1785153442950507000,1785153442950508000,1785153442950650000,1785153442950652000,1785153442950652000,1785153442950652000,121932490,121652369,-138.121,0.000,0.000,1.000,2.000,0.000,0.000,24.000,0,0,0
B3_zmq_pushpull,zmq_tcp,none,none,,1,6491,512,584,1785153442951508000,1785153442951508000,1785153442951508000,1785153442951510000,1785153442951646000,1785153442951651000,1785153442951651000,1785153442951651000,121932490,121652369,-144.121,0.000,0.000,2.000,5.000,0.000,0.000,6.000,0,0,0
B3_zmq_pushpull,zmq_tcp,none,none,,1,6492,512,584,1785153442952506000,1785153442952506000,1785153442952506000,1785153442952507000,1785153442952644000,1785153442952647000,1785153442952647000,1785153442952647000,121932490,121652369,-143.121,0.000,0.000,1.000,3.000,0.000,0.000,1.000,0,0,0
B3_zmq_pushpull,zmq_tcp,none,none,,1,6493,512,584,1785153442953509000,1785153442953509000,1785153442953509000,1785153442953510000,1785153442953649000,1785153442953652000,1785153442953652000,1785153442953652000,121932490,121652369,-141.121,0.000,0.000,1.000,3.000,0.000,0.000,2.000,0,0,0
B3_zmq_pushpull,zmq_tcp,none,none,,1,6494,512,584,1785153442954508000,1785153442954508000,1785153442954508000,1785153442954509000,1785153442954645000,1785153442954648000,1785153442954648000,1785153442954648000,121932490,121652369,-144.121,0.000,0.000,1.000,3.000,0.000,0.000,3.000,0,0,0
B3_zmq_pushpull,zmq_tcp,none,none,,1,6495,512,584,1785153442955510000,1785153442955510000,1785153442955510000,1785153442955511000,1785153442955656000,1785153442955659000,1785153442955659000,1785153442955659000,121932490,121652369,-135.121,0.000,0.000,1.000,3.000,0.000,0.000,9.000,0,0,0
B3_zmq_pushpull,zmq_tcp,none,none,,1,6496,512,584,1785153442956508000,1785153442956508000,1785153442956508000,1785153442956509000,1785153442956644000,1785153442956647000,1785153442956647000,1785153442956647000,121932490,121652369,-145.121,0.000,0.000,1.000,3.000,0.000,0.000,10.000,0,0,0
B3_zmq_pushpull,zmq_tcp,none,none,,1,6497,512,584,1785153442957509000,1785153442957509000,1785153442957509000,1785153442957510000,1785153442957656000,1785153442957659000,1785153442957659000,1785153442957659000,121932490,121652369,-134.121,0.000,0.000,1.000,3.000,0.000,0.000,11.000,0,0,0
B3_zmq_pushpull,zmq_tcp,none,none,,1,6498,512,584,1785153442958510000,1785153442958510000,1785153442958510000,1785153442958511000,1785153442958666000,1785153442958669000,1785153442958669000,1785153442958669000,121932490,121652369,-125.121,0.000,0.000,1.000,3.000,0.000,0.000,9.000,0,0,0
B3_zmq_pushpull,zmq_tcp,none,none,,1,6499,512,584,1785153442959511000,1785153442959511000,1785153442959512000,1785153442959513000,1785153442959662000,1785153442959669000,1785153442959669000,1785153442959669000,121932490,121652369,-131.121,0.000,1.000,1.000,7.000,0.000,0.000,6.000,0,0,0
B3_zmq_pushpull,zmq_tcp,none,none,,1,6500,512,584,1785153442960505000,1785153442960505000,1785153442960505000,1785153442960506000,1785153442960674000,1785153442960677000,1785153442960677000,1785153442960677000,121932490,121652369,-112.121,0.000,0.000,1.000,3.000,0.000,0.000,19.000,0,0,0
B3_zmq_pushpull,zmq_tcp,none,none,,1,6501,512,584,1785153442961510000,1785153442961510000,1785153442961510000,1785153442961511000,1785153442961684000,1785153442961687000,1785153442961687000,1785153442961687000,121932490,121652369,-107.121,0.000,0.000,1.000,3.000,0.000,0.000,5.000,0,0,0
B3_zmq_pushpull,zmq_tcp,none,none,,1,6502,512,584,1785153442962509000,1785153442962509000,1785153442962509000,1785153442962510000,1785153442962687000,1785153442962690000,1785153442962690000,1785153442962690000,121932490,121652369,-103.121,0.000,0.000,1.000,3.000,0.000,0.000,4.000,0,0,0
B3_zmq_pushpull,zmq_tcp,none,none,,1,6503,512,584,1785153442963509000,1785153442963509000,1785153442963509000,1785153442963510000,1785153442963695000,1785153442963698000,1785153442963698000,1785153442963698000,121932490,121652369,-95.121,0.000,0.000,1.000,3.000,0.000,0.000,8.000,0,0,0
B3_zmq_pushpull,zmq_tcp,none,none,,1,6504,512,584,1785153442964505000,1785153442964505000,1785153442964505000,1785153442964506000,1785153442964577000,1785153442964581000,1785153442964581000,1785153442964581000,121932490,121652369,-209.121,0.000,0.000,1.000,4.000,0.000,0.000,114.000,0,0,0
B3_zmq_pushpull,zmq_tcp,none,none,,1,6505,512,584,1785153442965512000,1785153442965512000,1785153442965512000,1785153442965513000,1785153442965588000,1785153442965591000,1785153442965591000,1785153442965591000,121932490,121652369,-205.121,0.000,0.000,1.000,3.000,0.000,0.000,4.000,0,0,0
B3_zmq_pushpull,zmq_tcp,none,none,,1,6506,512,584,1785153442966509000,1785153442966509000,1785153442966509000,1785153442966510000,1785153442966590000,1785153442966594000,1785153442966594000,1785153442966594000,121932490,121652369,-200.121,0.000,0.000,1.000,4.000,0.000,0.000,5.000,0,0,0
B3_zmq_pushpull,zmq_tcp,none,none,,1,6507,512,584,1785153442967510000,1785153442967510000,1785153442967510000,1785153442967511000,1785153442967579000,1785153442967581000,1785153442967582000,1785153442967582000,121932490,121652369,-212.121,0.000,0.000,1.000,2.000,1.000,0.000,12.000,0,0,0
B3_zmq_pushpull,zmq_tcp,none,none,,1,6508,512,584,1785153442968509000,1785153442968509000,1785153442968509000,1785153442968510000,1785153442968573000,1785153442968577000,1785153442968577000,1785153442968577000,121932490,121652369,-217.121,0.000,0.000,1.000,4.000,0.000,0.000,5.000,0,0,0
B3_zmq_pushpull,zmq_tcp,none,none,,1,6509,512,584,1785153442969416000,1785153442969417000,1785153442969417000,1785153442969418000,1785153442969574000,1785153442969578000,1785153442969578000,1785153442969578000,121932490,121652369,-124.121,1.000,0.000,1.000,4.000,0.000,0.000,93.000,0,0,0
B3_zmq_pushpull,zmq_tcp,none,none,,1,6510,512,584,1785153442970413000,1785153442970413000,1785153442970413000,1785153442970414000,1785153442970572000,1785153442970575000,1785153442970575000,1785153442970575000,121932490,121652369,-122.121,0.000,0.000,1.000,3.000,0.000,0.000,2.000,0,0,0
B3_zmq_pushpull,zmq_tcp,none,none,,1,6511,512,584,1785153442971420000,1785153442971420000,1785153442971420000,1785153442971421000,1785153442971574000,1785153442971581000,1785153442971581000,1785153442971581000,121932490,121652369,-127.121,0.000,0.000,1.000,7.000,0.000,0.000,5.000,0,0,0
B3_zmq_pushpull,zmq_tcp,none,none,,1,6512,512,584,1785153442972431000,1785153442972431000,1785153442972431000,1785153442972432000,1785153442972591000,1785153442972595000,1785153442972595000,1785153442972595000,121932490,121652369,-121.121,0.000,0.000,1.000,4.000,0.000,0.000,6.000,0,0,0
B3_zmq_pushpull,zmq_tcp,none,none,,1,6513,512,584,1785153442973530000,1785153442973530000,1785153442973530000,1785153442973531000,1785153442973604000,1785153442973607000,1785153442973607000,1785153442973607000,121932490,121652369,-207.121,0.000,0.000,1.000,3.000,0.000,0.000,86.000,0,0,0
B3_zmq_pushpull,zmq_tcp,none,none,,1,6514,512,584,1785153442974504000,1785153442974505000,1785153442974505000,1785153442974506000,1785153442974624000,1785153442974627000,1785153442974627000,1785153442974627000,121932490,121652369,-162.121,1.000,0.000,1.000,3.000,0.000,0.000,45.000,0,0,0
B3_zmq_pushpull,zmq_tcp,none,none,,1,6515,512,584,1785153442975507000,1785153442975507000,1785153442975507000,1785153442975508000,1785153442975619000,1785153442975622000,1785153442975622000,1785153442975622000,121932490,121652369,-169.121,0.000,0.000,1.000,3.000,0.000,0.000,7.000,0,0,0
B3_zmq_pushpull,zmq_tcp,none,none,,1,6516,512,584,1785153442976509000,1785153442976509000,1785153442976509000,1785153442976510000,1785153442976635000,1785153442976638000,1785153442976638000,1785153442976638000,121932490,121652369,-155.121,0.000,0.000,1.000,3.000,0.000,0.000,14.000,0,0,0
B3_zmq_pushpull,zmq_tcp,none,none,,1,6517,512,584,1785153442977512000,1785153442977512000,1785153442977512000,1785153442977513000,1785153442977630000,1785153442977632000,1785153442977632000,1785153442977632000,121932490,121652369,-163.121,0.000,0.000,1.000,2.000,0.000,0.000,8.000,0,0,0
B3_zmq_pushpull,zmq_tcp,none,none,,1,6518,512,584,1785153442978507000,1785153442978507000,1785153442978507000,1785153442978508000,1785153442978633000,1785153442978635000,1785153442978635000,1785153442978635000,121932490,121652369,-155.121,0.000,0.000,1.000,2.000,0.000,0.000,8.000,0,0,0
B3_zmq_pushpull,zmq_tcp,none,none,,1,6519,512,584,1785153442979510000,1785153442979510000,1785153442979510000,1785153442979511000,1785153442979640000,1785153442979643000,1785153442979643000,1785153442979643000,121932490,121652369,-151.121,0.000,0.000,1.000,3.000,0.000,0.000,4.000,0,0,0
B3_zmq_pushpull,zmq_tcp,none,none,,1,6520,512,584,1785153442980509000,1785153442980509000,1785153442980509000,1785153442980510000,1785153442980647000,1785153442980650000,1785153442980650000,1785153442980650000,121932490,121652369,-143.121,0.000,0.000,1.000,3.000,0.000,0.000,8.000,0,0,0
B3_zmq_pushpull,zmq_tcp,none,none,,1,6521,512,584,1785153442981509000,1785153442981509000,1785153442981509000,1785153442981510000,1785153442981639000,1785153442981642000,1785153442981642000,1785153442981642000,121932490,121652369,-151.121,0.000,0.000,1.000,3.000,0.000,0.000,8.000,0,0,0
B3_zmq_pushpull,zmq_tcp,none,none,,1,6522,512,584,1785153442982507000,1785153442982507000,1785153442982507000,1785153442982508000,1785153442982636000,1785153442982639000,1785153442982639000,1785153442982639000,121932490,121652369,-152.121,0.000,0.000,1.000,3.000,0.000,0.000,1.000,0,0,0
B3_zmq_pushpull,zmq_tcp,none,none,,1,6523,512,584,1785153442983515000,1785153442983515000,1785153442983515000,1785153442983516000,1785153442983652000,1785153442983655000,1785153442983655000,1785153442983655000,121932490,121652369,-144.121,0.000,0.000,1.000,3.000,0.000,0.000,8.000,0,0,0
B3_zmq_pushpull,zmq_tcp,none,none,,1,6524,512,584,1785153442984360000,1785153442984360000,1785153442984360000,1785153442984361000,1785153442984519000,1785153442984522000,1785153442984522000,1785153442984522000,121932490,121652369,-122.121,0.000,0.000,1.000,3.000,0.000,0.000,22.000,0,0,0
B3_zmq_pushpull,zmq_tcp,none,none,,1,6525,512,584,1785153442985549000,1785153442985549000,1785153442985549000,1785153442985550000,1785153442985674000,1785153442985677000,1785153442985677000,1785153442985677000,121932490,121652369,-156.121,0.000,0.000,1.000,3.000,0.000,0.000,34.000,0,0,0
B3_zmq_pushpull,zmq_tcp,none,none,,1,6526,512,584,1785153442986500000,1785153442986500000,1785153442986500000,1785153442986501000,1785153442986667000,1785153442986670000,1785153442986670000,1785153442986670000,121932490,121652369,-114.121,0.000,0.000,1.000,3.000,0.000,0.000,42.000,0,0,0
B3_zmq_pushpull,zmq_tcp,none,none,,1,6527,512,584,1785153442987512000,1785153442987512000,1785153442987512000,1785153442987513000,1785153442987657000,1785153442987659000,1785153442987659000,1785153442987659000,121932490,121652369,-136.121,0.000,0.000,1.000,2.000,0.000,0.000,22.000,0,0,0
B3_zmq_pushpull,zmq_tcp,none,none,,1,6528,512,584,1785153442988508000,1785153442988508000,1785153442988508000,1785153442988509000,1785153442988659000,1785153442988662000,1785153442988662000,1785153442988662000,121932490,121652369,-130.121,0.000,0.000,1.000,3.000,0.000,0.000,6.000,0,0,0
B3_zmq_pushpull,zmq_tcp,none,none,,1,6529,512,584,1785153442989510000,1785153442989510000,1785153442989510000,1785153442989511000,1785153442989671000,1785153442989674000,1785153442989674000,1785153442989674000,121932490,121652369,-120.121,0.000,0.000,1.000,3.000,0.000,0.000,10.000,0,0,0
B3_zmq_pushpull,zmq_tcp,none,none,,1,6530,512,584,1785153442990508000,1785153442990508000,1785153442990508000,1785153442990509000,1785153442990699000,1785153442990702000,1785153442990702000,1785153442990702000,121932490,121652369,-90.121,0.000,0.000,1.000,3.000,0.000,0.000,30.000,0,0,0
B3_zmq_pushpull,zmq_tcp,none,none,,1,6531,512,584,1785153442991509000,1785153442991509000,1785153442991509000,1785153442991510000,1785153442991566000,1785153442991569000,1785153442991569000,1785153442991569000,121932490,121652369,-224.121,0.000,0.000,1.000,3.000,0.000,0.000,134.000,0,0,0
B3_zmq_pushpull,zmq_tcp,none,none,,1,6532,512,584,1785153442992510000,1785153442992510000,1785153442992510000,1785153442992511000,1785153442992572000,1785153442992575000,1785153442992575000,1785153442992575000,121932490,121652369,-219.121,0.000,0.000,1.000,3.000,0.000,0.000,5.000,0,0,0
B3_zmq_pushpull,zmq_tcp,none,none,,1,6533,512,584,1785153442993510000,1785153442993510000,1785153442993510000,1785153442993511000,1785153442993567000,1785153442993570000,1785153442993570000,1785153442993570000,121932490,121652369,-224.121,0.000,0.000,1.000,3.000,0.000,0.000,5.000,0,0,0
B3_zmq_pushpull,zmq_tcp,none,none,,1,6534,512,584,1785153442994505000,1785153442994505000,1785153442994505000,1785153442994506000,1785153442994555000,1785153442994559000,1785153442994559000,1785153442994559000,121932490,121652369,-231.121,0.000,0.000,1.000,4.000,0.000,0.000,7.000,0,0,0
B3_zmq_pushpull,zmq_tcp,none,none,,1,6535,512,584,1785153442995510000,1785153442995510000,1785153442995510000,1785153442995511000,1785153442995560000,1785153442995563000,1785153442995563000,1785153442995563000,121932490,121652369,-231.121,0.000,0.000,1.000,3.000,0.000,0.000,0.000,0,0,0
B3_zmq_pushpull,zmq_tcp,none,none,,1,6536,512,584,1785153442996509000,1785153442996509000,1785153442996509000,1785153442996510000,1785153442996551000,1785153442996554000,1785153442996554000,1785153442996554000,121932490,121652369,-239.121,0.000,0.000,1.000,3.000,0.000,0.000,8.000,0,0,0
B3_zmq_pushpull,zmq_tcp,none,none,,1,6537,512,584,1785153442997411000,1785153442997411000,1785153442997411000,1785153442997412000,1785153442997567000,1785153442997570000,1785153442997570000,1785153442997570000,121932490,121652369,-125.121,0.000,0.000,1.000,3.000,0.000,0.000,114.000,0,0,0
B3_zmq_pushpull,zmq_tcp,none,none,,1,6538,512,584,1785153442998416000,1785153442998416000,1785153442998416000,1785153442998418000,1785153442998569000,1785153442998572000,1785153442998572000,1785153442998572000,121932490,121652369,-129.121,0.000,0.000,2.000,3.000,0.000,0.000,4.000,0,0,0
B3_zmq_pushpull,zmq_tcp,none,none,,1,6539,512,584,1785153442999424000,1785153442999424000,1785153442999424000,1785153442999425000,1785153442999582000,1785153442999584000,1785153442999584000,1785153442999584000,121932490,121652369,-123.121,0.000,0.000,1.000,2.000,0.000,0.000,6.000,0,0,0
B3_zmq_pushpull,zmq_tcp,none,none,,1,6540,512,584,1785153443000530000,1785153443000530000,1785153443000530000,1785153443000531000,1785153443000587000,1785153443000590000,1785153443000590000,1785153443000590000,121932490,121652369,-224.121,0.000,0.000,1.000,3.000,0.000,0.000,101.000,0,0,0
B3_zmq_pushpull,zmq_tcp,none,none,,1,6541,512,584,1785153443001501000,1785153443001501000,1785153443001501000,1785153443001502000,1785153443001577000,1785153443001580000,1785153443001580000,1785153443001580000,121932490,121652369,-205.121,0.000,0.000,1.000,3.000,0.000,0.000,19.000,0,0,0
B3_zmq_pushpull,zmq_tcp,none,none,,1,6542,512,584,1785153443002441000,1785153443002441000,1785153443002441000,1785153443002443000,1785153443002584000,1785153443002587000,1785153443002587000,1785153443002587000,121932490,121652369,-139.121,0.000,0.000,2.000,3.000,0.000,0.000,66.000,0,0,0
B3_zmq_pushpull,zmq_tcp,none,none,,1,6543,512,584,1785153443003438000,1785153443003438000,1785153443003438000,1785153443003439000,1785153443003598000,1785153443003601000,1785153443003601000,1785153443003601000,121932490,121652369,-121.121,0.000,0.000,1.000,3.000,0.000,0.000,18.000,0,0,0
B3_zmq_pushpull,zmq_tcp,none,none,,1,6544,512,584,1785153443004316000,1785153443004316000,1785153443004316000,1785153443004317000,1785153443004452000,1785153443004455000,1785153443004455000,1785153443004455000,121932490,121652369,-145.121,0.000,0.000,1.000,3.000,0.000,0.000,24.000,0,0,0
B3_zmq_pushpull,zmq_tcp,none,none,,1,6545,512,584,1785153443005435000,1785153443005435000,1785153443005435000,1785153443005436000,1785153443005592000,1785153443005600000,1785153443005600000,1785153443005600000,121932490,121652369,-124.121,0.000,0.000,1.000,8.000,0.000,0.000,21.000,0,0,0
B3_zmq_pushpull,zmq_tcp,none,none,,1,6546,512,584,1785153443006530000,1785153443006530000,1785153443006530000,1785153443006531000,1785153443006591000,1785153443006594000,1785153443006594000,1785153443006594000,121932490,121652369,-220.121,0.000,0.000,1.000,3.000,0.000,0.000,96.000,0,0,0
B3_zmq_pushpull,zmq_tcp,none,none,,1,6547,512,584,1785153443007504000,1785153443007504000,1785153443007504000,1785153443007505000,1785153443007596000,1785153443007599000,1785153443007599000,1785153443007599000,121932490,121652369,-189.121,0.000,0.000,1.000,3.000,0.000,0.000,31.000,0,0,0
B3_zmq_pushpull,zmq_tcp,none,none,,1,6548,512,584,1785153443008507000,1785153443008507000,1785153443008507000,1785153443008508000,1785153443008592000,1785153443008595000,1785153443008596000,1785153443008596000,121932490,121652369,-196.121,0.000,0.000,1.000,3.000,1.000,0.000,7.000,0,0,0
B3_zmq_pushpull,zmq_tcp,none,none,,1,6549,512,584,1785153443009510000,1785153443009510000,1785153443009510000,1785153443009511000,1785153443009607000,1785153443009610000,1785153443009610000,1785153443009610000,121932490,121652369,-184.121,0.000,0.000,1.000,3.000,0.000,0.000,12.000,0,0,0
B3_zmq_pushpull,zmq_tcp,none,none,,1,6550,512,584,1785153443010512000,1785153443010512000,1785153443010512000,1785153443010513000,1785153443010620000,1785153443010623000,1785153443010623000,1785153443010623000,121932490,121652369,-173.121,0.000,0.000,1.000,3.000,0.000,0.000,11.000,0,0,0
B3_zmq_pushpull,zmq_tcp,none,none,,1,6551,512,584,1785153443011507000,1785153443011507000,1785153443011508000,1785153443011508000,1785153443011620000,1785153443011623000,1785153443011623000,1785153443011623000,121932490,121652369,-168.121,0.000,1.000,0.000,3.000,0.000,0.000,5.000,0,0,0
B3_zmq_pushpull,zmq_tcp,none,none,,1,6552,512,584,1785153443012509000,1785153443012509000,1785153443012509000,1785153443012510000,1785153443012640000,1785153443012643000,1785153443012643000,1785153443012643000,121932490,121652369,-150.121,0.000,0.000,1.000,3.000,0.000,0.000,18.000,0,0,0
B3_zmq_pushpull,zmq_tcp,none,none,,1,6553,512,584,1785153443013509000,1785153443013509000,1785153443013509000,1785153443013510000,1785153443013638000,1785153443013640000,1785153443013640000,1785153443013640000,121932490,121652369,-152.121,0.000,0.000,1.000,2.000,0.000,0.000,2.000,0,0,0
B3_zmq_pushpull,zmq_tcp,none,none,,1,6554,512,584,1785153443014509000,1785153443014509000,1785153443014509000,1785153443014510000,1785153443014640000,1785153443014644000,1785153443014644000,1785153443014644000,121932490,121652369,-150.121,0.000,0.000,1.000,4.000,0.000,0.000,2.000,0,0,0
B3_zmq_pushpull,zmq_tcp,none,none,,1,6555,512,584,1785153443015506000,1785153443015506000,1785153443015506000,1785153443015507000,1785153443015616000,1785153443015619000,1785153443015619000,1785153443015619000,121932490,121652369,-171.121,0.000,0.000,1.000,3.000,0.000,0.000,21.000,0,0,0
B3_zmq_pushpull,zmq_tcp,none,none,,1,6556,512,584,1785153443016510000,1785153443016510000,1785153443016511000,1785153443016511000,1785153443016612000,1785153443016615000,1785153443016615000,1785153443016615000,121932490,121652369,-179.121,0.000,1.000,0.000,3.000,0.000,0.000,8.000,0,0,0
B3_zmq_pushpull,zmq_tcp,none,none,,1,6557,512,584,1785153443017509000,1785153443017509000,1785153443017509000,1785153443017510000,1785153443017620000,1785153443017623000,1785153443017623000,1785153443017623000,121932490,121652369,-170.121,0.000,0.000,1.000,3.000,0.000,0.000,9.000,0,0,0
B3_zmq_pushpull,zmq_tcp,none,none,,1,6558,512,584,1785153443018510000,1785153443018511000,1785153443018511000,1785153443018512000,1785153443018630000,1785153443018633000,1785153443018633000,1785153443018633000,121932490,121652369,-162.121,1.000,0.000,1.000,3.000,0.000,0.000,8.000,0,0,0
B3_zmq_pushpull,zmq_tcp,none,none,,1,6559,512,584,1785153443019318000,1785153443019318000,1785153443019318000,1785153443019319000,1785153443019467000,1785153443019470000,1785153443019470000,1785153443019470000,121932490,121652369,-132.121,0.000,0.000,1.000,3.000,0.000,0.000,30.000,0,0,0
B3_zmq_pushpull,zmq_tcp,none,none,,1,6560,512,584,1785153443020560000,1785153443020560000,1785153443020560000,1785153443020561000,1785153443020746000,1785153443020749000,1785153443020749000,1785153443020749000,121932490,121652369,-95.121,0.000,0.000,1.000,3.000,0.000,0.000,37.000,0,0,0
B3_zmq_pushpull,zmq_tcp,none,none,,1,6561,512,584,1785153443021436000,1785153443021436000,1785153443021436000,1785153443021437000,1785153443021590000,1785153443021592000,1785153443021592000,1785153443021592000,121932490,121652369,-127.121,0.000,0.000,1.000,2.000,0.000,0.000,32.000,0,0,0
B3_zmq_pushpull,zmq_tcp,none,none,,1,6562,512,584,1785153443022527000,1785153443022527000,1785153443022527000,1785153443022528000,1785153443022577000,1785153443022579000,1785153443022579000,1785153443022579000,121932490,121652369,-231.121,0.000,0.000,1.000,2.000,0.000,0.000,104.000,0,0,0
B3_zmq_pushpull,zmq_tcp,none,none,,1,6563,512,584,1785153443023504000,1785153443023504000,1785153443023504000,1785153443023505000,1785153443023567000,1785153443023570000,1785153443023570000,1785153443023570000,121932490,121652369,-218.121,0.000,0.000,1.000,3.000,0.000,0.000,13.000,0,0,0
B3_zmq_pushpull,zmq_tcp,none,none,,1,6564,512,584,1785153443024512000,1785153443024512000,1785153443024512000,1785153443024513000,1785153443024562000,1785153443024565000,1785153443024565000,1785153443024565000,121932490,121652369,-231.121,0.000,0.000,1.000,3.000,0.000,0.000,13.000,0,0,0
B3_zmq_pushpull,zmq_tcp,none,none,,1,6565,512,584,1785153443025509000,1785153443025509000,1785153443025509000,1785153443025510000,1785153443025701000,1785153443025703000,1785153443025703000,1785153443025703000,121932490,121652369,-89.121,0.000,0.000,1.000,2.000,0.000,0.000,142.000,0,0,0
B3_zmq_pushpull,zmq_tcp,none,none,,1,6566,512,584,1785153443026510000,1785153443026510000,1785153443026510000,1785153443026511000,1785153443026701000,1785153443026703000,1785153443026703000,1785153443026703000,121932490,121652369,-90.121,0.000,0.000,1.000,2.000,0.000,0.000,1.000,0,0,0
B3_zmq_pushpull,zmq_tcp,none,none,,1,6567,512,584,1785153443027507000,1785153443027507000,1785153443027507000,1785153443027508000,1785153443027566000,1785153443027568000,1785153443027568000,1785153443027568000,121932490,121652369,-222.121,0.000,0.000,1.000,2.000,0.000,0.000,132.000,0,0,0
B3_zmq_pushpull,zmq_tcp,none,none,,1,6568,512,584,1785153443028426000,1785153443028426000,1785153443028426000,1785153443028427000,1785153443028581000,1785153443028583000,1785153443028583000,1785153443028583000,121932490,121652369,-126.121,0.000,0.000,1.000,2.000,0.000,0.000,96.000,0,0,0
B3_zmq_pushpull,zmq_tcp,none,none,,1,6569,512,584,1785153443029530000,1785153443029531000,1785153443029531000,1785153443029532000,1785153443029586000,1785153443029589000,1785153443029589000,1785153443029589000,121932490,121652369,-226.121,1.000,0.000,1.000,3.000,0.000,0.000,100.000,0,0,0
B3_zmq_pushpull,zmq_tcp,none,none,,1,6570,512,584,1785153443030501000,1785153443030501000,1785153443030501000,1785153443030502000,1785153443030574000,1785153443030576000,1785153443030577000,1785153443030577000,121932490,121652369,-208.121,0.000,0.000,1.000,2.000,1.000,0.000,18.000,0,0,0
B3_zmq_pushpull,zmq_tcp,none,none,,1,6571,512,584,1785153443031513000,1785153443031513000,1785153443031513000,1785153443031514000,1785153443031567000,1785153443031575000,1785153443031575000,1785153443031575000,121932490,121652369,-227.121,0.000,0.000,1.000,8.000,0.000,0.000,19.000,0,0,0
B3_zmq_pushpull,zmq_tcp,none,none,,1,6572,512,584,1785153443032508000,1785153443032508000,1785153443032508000,1785153443032509000,1785153443032572000,1785153443032575000,1785153443032575000,1785153443032575000,121932490,121652369,-217.121,0.000,0.000,1.000,3.000,0.000,0.000,10.000,0,0,0
B3_zmq_pushpull,zmq_tcp,none,none,,1,6573,512,584,1785153443033513000,1785153443033513000,1785153443033513000,1785153443033514000,1785153443033710000,1785153443033712000,1785153443033713000,1785153443033713000,121932490,121652369,-84.121,0.000,0.000,1.000,2.000,1.000,0.000,133.000,0,0,0
B3_zmq_pushpull,zmq_tcp,none,none,,1,6574,512,584,1785153443034508000,1785153443034508000,1785153443034508000,1785153443034509000,1785153443034587000,1785153443034590000,1785153443034590000,1785153443034590000,121932490,121652369,-202.121,0.000,0.000,1.000,3.000,0.000,0.000,118.000,0,0,0
B3_zmq_pushpull,zmq_tcp,none,none,,1,6575,512,584,1785153443035509000,1785153443035509000,1785153443035509000,1785153443035510000,1785153443035586000,1785153443035589000,1785153443035589000,1785153443035589000,121932490,121652369,-204.121,0.000,0.000,1.000,3.000,0.000,0.000,2.000,0,0,0
B3_zmq_pushpull,zmq_tcp,none,none,,1,6576,512,584,1785153443036509000,1785153443036509000,1785153443036509000,1785153443036510000,1785153443036573000,1785153443036575000,1785153443036575000,1785153443036575000,121932490,121652369,-217.121,0.000,0.000,1.000,2.000,0.000,0.000,13.000,0,0,0
B3_zmq_pushpull,zmq_tcp,none,none,,1,6577,512,584,1785153443037509000,1785153443037509000,1785153443037509000,1785153443037510000,1785153443037564000,1785153443037567000,1785153443037567000,1785153443037568000,121932490,121652369,-226.121,0.000,0.000,1.000,3.000,0.000,1.000,9.000,0,0,0
B3_zmq_pushpull,zmq_tcp,none,none,,1,6578,512,584,1785153443038507000,1785153443038507000,1785153443038507000,1785153443038508000,1785153443038587000,1785153443038590000,1785153443038590000,1785153443038590000,121932490,121652369,-201.121,0.000,0.000,1.000,3.000,0.000,0.000,25.000,0,0,0
B3_zmq_pushpull,zmq_tcp,none,none,,1,6579,512,584,1785153443039510000,1785153443039511000,1785153443039511000,1785153443039512000,1785153443039598000,1785153443039601000,1785153443039601000,1785153443039601000,121932490,121652369,-194.121,1.000,0.000,1.000,3.000,0.000,0.000,7.000,0,0,0
B3_zmq_pushpull,zmq_tcp,none,none,,1,6580,512,584,1785153443040510000,1785153443040510000,1785153443040510000,1785153443040511000,1785153443040615000,1785153443040618000,1785153443040618000,1785153443040618000,121932490,121652369,-176.121,0.000,0.000,1.000,3.000,0.000,0.000,18.000,0,0,0
B3_zmq_pushpull,zmq_tcp,none,none,,1,6581,512,584,1785153443041505000,1785153443041505000,1785153443041505000,1785153443041506000,1785153443041630000,1785153443041633000,1785153443041633000,1785153443041633000,121932490,121652369,-156.121,0.000,0.000,1.000,3.000,0.000,0.000,20.000,0,0,0
B3_zmq_pushpull,zmq_tcp,none,none,,1,6582,512,584,1785153443042510000,1785153443042510000,1785153443042510000,1785153443042511000,1785153443042633000,1785153443042635000,1785153443042635000,1785153443042635000,121932490,121652369,-158.121,0.000,0.000,1.000,2.000,0.000,0.000,2.000,0,0,0
B3_zmq_pushpull,zmq_tcp,none,none,,1,6583,512,584,1785153443043508000,1785153443043508000,1785153443043508000,1785153443043509000,1785153443043627000,1785153443043630000,1785153443043630000,1785153443043630000,121932490,121652369,-162.121,0.000,0.000,1.000,3.000,0.000,0.000,4.000,0,0,0
B3_zmq_pushpull,zmq_tcp,none,none,,1,6584,512,584,1785153443044509000,1785153443044509000,1785153443044509000,1785153443044510000,1785153443044615000,1785153443044618000,1785153443044618000,1785153443044618000,121932490,121652369,-175.121,0.000,0.000,1.000,3.000,0.000,0.000,13.000,0,0,0
B3_zmq_pushpull,zmq_tcp,none,none,,1,6585,512,584,1785153443045506000,1785153443045507000,1785153443045507000,1785153443045508000,1785153443045617000,1785153443045619000,1785153443045619000,1785153443045619000,121932490,121652369,-171.121,1.000,0.000,1.000,2.000,0.000,0.000,4.000,0,0,0
B3_zmq_pushpull,zmq_tcp,none,none,,1,6586,512,584,1785153443046513000,1785153443046513000,1785153443046513000,1785153443046514000,1785153443046619000,1785153443046622000,1785153443046622000,1785153443046622000,121932490,121652369,-175.121,0.000,0.000,1.000,3.000,0.000,0.000,4.000,0,0,0
B3_zmq_pushpull,zmq_tcp,none,none,,1,6587,512,584,1785153443047510000,1785153443047510000,1785153443047510000,1785153443047511000,1785153443047629000,1785153443047631000,1785153443047631000,1785153443047631000,121932490,121652369,-162.121,0.000,0.000,1.000,2.000,0.000,0.000,13.000,0,0,0
B3_zmq_pushpull,zmq_tcp,none,none,,1,6588,512,584,1785153443048509000,1785153443048509000,1785153443048509000,1785153443048510000,1785153443048642000,1785153443048645000,1785153443048645000,1785153443048645000,121932490,121652369,-148.121,0.000,0.000,1.000,3.000,0.000,0.000,14.000,0,0,0
B3_zmq_pushpull,zmq_tcp,none,none,,1,6589,512,584,1785153443049509000,1785153443049509000,1785153443049509000,1785153443049510000,1785153443049632000,1785153443049635000,1785153443049635000,1785153443049635000,121932490,121652369,-158.121,0.000,0.000,1.000,3.000,0.000,0.000,10.000,0,0,0
B3_zmq_pushpull,zmq_tcp,none,none,,1,6590,512,584,1785153443050509000,1785153443050509000,1785153443050509000,1785153443050510000,1785153443050627000,1785153443050630000,1785153443050630000,1785153443050630000,121932490,121652369,-163.121,0.000,0.000,1.000,3.000,0.000,0.000,5.000,0,0,0
B3_zmq_pushpull,zmq_tcp,none,none,,1,6591,512,584,1785153443051509000,1785153443051509000,1785153443051509000,1785153443051510000,1785153443051631000,1785153443051634000,1785153443051634000,1785153443051634000,121932490,121652369,-159.121,0.000,0.000,1.000,3.000,0.000,0.000,4.000,0,0,0
B3_zmq_pushpull,zmq_tcp,none,none,,1,6592,512,584,1785153443052510000,1785153443052510000,1785153443052510000,1785153443052511000,1785153443052641000,1785153443052643000,1785153443052643000,1785153443052643000,121932490,121652369,-150.121,0.000,0.000,1.000,2.000,0.000,0.000,9.000,0,0,0
B3_zmq_pushpull,zmq_tcp,none,none,,1,6593,512,584,1785153443053509000,1785153443053509000,1785153443053509000,1785153443053510000,1785153443053629000,1785153443053631000,1785153443053631000,1785153443053631000,121932490,121652369,-161.121,0.000,0.000,1.000,2.000,0.000,0.000,11.000,0,0,0
B3_zmq_pushpull,zmq_tcp,none,none,,1,6594,512,584,1785153443054509000,1785153443054509000,1785153443054509000,1785153443054510000,1785153443054625000,1785153443054627000,1785153443054627000,1785153443054627000,121932490,121652369,-165.121,0.000,0.000,1.000,2.000,0.000,0.000,4.000,0,0,0
B3_zmq_pushpull,zmq_tcp,none,none,,1,6595,512,584,1785153443055509000,1785153443055509000,1785153443055509000,1785153443055510000,1785153443055625000,1785153443055628000,1785153443055628000,1785153443055628000,121932490,121652369,-165.121,0.000,0.000,1.000,3.000,0.000,0.000,0.000,0,0,0
B3_zmq_pushpull,zmq_tcp,none,none,,1,6596,512,584,1785153443056506000,1785153443056506000,1785153443056506000,1785153443056507000,1785153443056621000,1785153443056623000,1785153443056623000,1785153443056623000,121932490,121652369,-166.121,0.000,0.000,1.000,2.000,0.000,0.000,1.000,0,0,0
B3_zmq_pushpull,zmq_tcp,none,none,,1,6597,512,584,1785153443057510000,1785153443057510000,1785153443057510000,1785153443057511000,1785153443057625000,1785153443057627000,1785153443057627000,1785153443057627000,121932490,121652369,-166.121,0.000,0.000,1.000,2.000,0.000,0.000,0.000,0,0,0
B3_zmq_pushpull,zmq_tcp,none,none,,1,6598,512,584,1785153443058509000,1785153443058509000,1785153443058509000,1785153443058510000,1785153443058598000,1785153443058601000,1785153443058601000,1785153443058601000,121932490,121652369,-192.121,0.000,0.000,1.000,3.000,0.000,0.000,26.000,0,0,0
B3_zmq_pushpull,zmq_tcp,none,none,,1,6599,512,584,1785153443059511000,1785153443059511000,1785153443059511000,1785153443059512000,1785153443059611000,1785153443059613000,1785153443059614000,1785153443059614000,121932490,121652369,-181.121,0.000,0.000,1.000,2.000,1.000,0.000,11.000,0,0,0
B3_zmq_pushpull,zmq_tcp,none,none,,1,6600,512,584,1785153443060505000,1785153443060505000,1785153443060505000,1785153443060506000,1785153443060618000,1785153443060621000,1785153443060621000,1785153443060621000,121932490,121652369,-168.121,0.000,0.000,1.000,3.000,0.000,0.000,13.000,0,0,0
B3_zmq_pushpull,zmq_tcp,none,none,,1,6601,512,584,1785153443061511000,1785153443061512000,1785153443061512000,1785153443061513000,1785153443061614000,1785153443061617000,1785153443061617000,1785153443061617000,121932490,121652369,-179.121,1.000,0.000,1.000,3.000,0.000,0.000,11.000,0,0,0
B3_zmq_pushpull,zmq_tcp,none,none,,1,6602,512,584,1785153443062509000,1785153443062509000,1785153443062509000,1785153443062510000,1785153443062599000,1785153443062602000,1785153443062602000,1785153443062602000,121932490,121652369,-191.121,0.000,0.000,1.000,3.000,0.000,0.000,12.000,0,0,0
B3_zmq_pushpull,zmq_tcp,none,none,,1,6603,512,584,1785153443063509000,1785153443063509000,1785153443063509000,1785153443063510000,1785153443063609000,1785153443063611000,1785153443063611000,1785153443063611000,121932490,121652369,-181.121,0.000,0.000,1.000,2.000,0.000,0.000,10.000,0,0,0
B3_zmq_pushpull,zmq_tcp,none,none,,1,6604,512,584,1785153443064507000,1785153443064507000,1785153443064507000,1785153443064508000,1785153443064594000,1785153443064597000,1785153443064597000,1785153443064597000,121932490,121652369,-194.121,0.000,0.000,1.000,3.000,0.000,0.000,13.000,0,0,0
B3_zmq_pushpull,zmq_tcp,none,none,,1,6605,512,584,1785153443065511000,1785153443065511000,1785153443065511000,1785153443065512000,1785153443065581000,1785153443065584000,1785153443065584000,1785153443065584000,121932490,121652369,-211.121,0.000,0.000,1.000,3.000,0.000,0.000,17.000,0,0,0
B3_zmq_pushpull,zmq_tcp,none,none,,1,6606,512,584,1785153443066512000,1785153443066512000,1785153443066512000,1785153443066513000,1785153443066725000,1785153443066727000,1785153443066727000,1785153443066727000,121932490,121652369,-68.121,0.000,0.000,1.000,2.000,0.000,0.000,143.000,0,0,0
B3_zmq_pushpull,zmq_tcp,none,none,,1,6607,512,584,1785153443067507000,1785153443067507000,1785153443067507000,1785153443067508000,1785153443067585000,1785153443067588000,1785153443067588000,1785153443067588000,121932490,121652369,-203.121,0.000,0.000,1.000,3.000,0.000,0.000,135.000,0,0,0
B3_zmq_pushpull,zmq_tcp,none,none,,1,6608,512,584,1785153443068511000,1785153443068511000,1785153443068511000,1785153443068512000,1785153443068599000,1785153443068602000,1785153443068602000,1785153443068602000,121932490,121652369,-193.121,0.000,0.000,1.000,3.000,0.000,0.000,10.000,0,0,0
B3_zmq_pushpull,zmq_tcp,none,none,,1,6609,512,584,1785153443069509000,1785153443069509000,1785153443069509000,1785153443069510000,1785153443069609000,1785153443069611000,1785153443069611000,1785153443069611000,121932490,121652369,-181.121,0.000,0.000,1.000,2.000,0.000,0.000,12.000,0,0,0
B3_zmq_pushpull,zmq_tcp,none,none,,1,6610,512,584,1785153443070509000,1785153443070509000,1785153443070509000,1785153443070510000,1785153443070604000,1785153443070607000,1785153443070607000,1785153443070607000,121932490,121652369,-186.121,0.000,0.000,1.000,3.000,0.000,0.000,5.000,0,0,0
B3_zmq_pushpull,zmq_tcp,none,none,,1,6611,512,584,1785153443071507000,1785153443071507000,1785153443071507000,1785153443071508000,1785153443071610000,1785153443071613000,1785153443071613000,1785153443071613000,121932490,121652369,-178.121,0.000,0.000,1.000,3.000,0.000,0.000,8.000,0,0,0
B3_zmq_pushpull,zmq_tcp,none,none,,1,6612,512,584,1785153443072511000,1785153443072511000,1785153443072511000,1785153443072512000,1785153443072595000,1785153443072598000,1785153443072598000,1785153443072598000,121932490,121652369,-197.121,0.000,0.000,1.000,3.000,0.000,0.000,19.000,0,0,0
B3_zmq_pushpull,zmq_tcp,none,none,,1,6613,512,584,1785153443073511000,1785153443073511000,1785153443073511000,1785153443073512000,1785153443073603000,1785153443073606000,1785153443073606000,1785153443073606000,121932490,121652369,-189.121,0.000,0.000,1.000,3.000,0.000,0.000,8.000,0,0,0
B3_zmq_pushpull,zmq_tcp,none,none,,1,6614,512,584,1785153443074505000,1785153443074505000,1785153443074505000,1785153443074506000,1785153443074599000,1785153443074602000,1785153443074602000,1785153443074602000,121932490,121652369,-187.121,0.000,0.000,1.000,3.000,0.000,0.000,2.000,0,0,0
B3_zmq_pushpull,zmq_tcp,none,none,,1,6615,512,584,1785153443075513000,1785153443075513000,1785153443075513000,1785153443075514000,1785153443075589000,1785153443075591000,1785153443075592000,1785153443075592000,121932490,121652369,-205.121,0.000,0.000,1.000,2.000,1.000,0.000,18.000,0,0,0
B3_zmq_pushpull,zmq_tcp,none,none,,1,6616,512,584,1785153443076509000,1785153443076509000,1785153443076509000,1785153443076510000,1785153443076603000,1785153443076606000,1785153443076606000,1785153443076606000,121932490,121652369,-187.121,0.000,0.000,1.000,3.000,0.000,0.000,18.000,0,0,0
B3_zmq_pushpull,zmq_tcp,none,none,,1,6617,512,584,1785153443077509000,1785153443077509000,1785153443077509000,1785153443077510000,1785153443077590000,1785153443077593000,1785153443077593000,1785153443077593000,121932490,121652369,-200.121,0.000,0.000,1.000,3.000,0.000,0.000,13.000,0,0,0
B3_zmq_pushpull,zmq_tcp,none,none,,1,6618,512,584,1785153443078507000,1785153443078507000,1785153443078507000,1785153443078508000,1785153443078585000,1785153443078587000,1785153443078587000,1785153443078587000,121932490,121652369,-203.121,0.000,0.000,1.000,2.000,0.000,0.000,3.000,0,0,0
B3_zmq_pushpull,zmq_tcp,none,none,,1,6619,512,584,1785153443079511000,1785153443079511000,1785153443079511000,1785153443079512000,1785153443079581000,1785153443079583000,1785153443079583000,1785153443079583000,121932490,121652369,-211.121,0.000,0.000,1.000,2.000,0.000,0.000,8.000,0,0,0
B3_zmq_pushpull,zmq_tcp,none,none,,1,6620,512,584,1785153443080509000,1785153443080509000,1785153443080509000,1785153443080510000,1785153443080584000,1785153443080587000,1785153443080587000,1785153443080587000,121932490,121652369,-206.121,0.000,0.000,1.000,3.000,0.000,0.000,5.000,0,0,0
B3_zmq_pushpull,zmq_tcp,none,none,,1,6621,512,584,1785153443081512000,1785153443081512000,1785153443081512000,1785153443081513000,1785153443081587000,1785153443081590000,1785153443081590000,1785153443081590000,121932490,121652369,-206.121,0.000,0.000,1.000,3.000,0.000,0.000,0.000,0,0,0
B3_zmq_pushpull,zmq_tcp,none,none,,1,6622,512,584,1785153443082505000,1785153443082505000,1785153443082506000,1785153443082506000,1785153443082581000,1785153443082583000,1785153443082584000,1785153443082584000,121932490,121652369,-205.121,0.000,1.000,0.000,2.000,1.000,0.000,1.000,0,0,0
B3_zmq_pushpull,zmq_tcp,none,none,,1,6623,512,584,1785153443083513000,1785153443083513000,1785153443083513000,1785153443083515000,1785153443083579000,1785153443083583000,1785153443083583000,1785153443083583000,121932490,121652369,-216.121,0.000,0.000,2.000,4.000,0.000,0.000,11.000,0,0,0
B3_zmq_pushpull,zmq_tcp,none,none,,1,6624,512,584,1785153443084508000,1785153443084508000,1785153443084508000,1785153443084509000,1785153443084577000,1785153443084579000,1785153443084579000,1785153443084579000,121932490,121652369,-212.121,0.000,0.000,1.000,2.000,0.000,0.000,4.000,0,0,0
B3_zmq_pushpull,zmq_tcp,none,none,,1,6625,512,584,1785153443085510000,1785153443085510000,1785153443085510000,1785153443085511000,1785153443085557000,1785153443085560000,1785153443085560000,1785153443085560000,121932490,121652369,-234.121,0.000,0.000,1.000,3.000,0.000,0.000,22.000,0,0,0
B3_zmq_pushpull,zmq_tcp,none,none,,1,6626,512,584,1785153443086507000,1785153443086507000,1785153443086507000,1785153443086508000,1785153443086536000,1785153443086539000,1785153443086539000,1785153443086539000,121932490,121652369,-252.121,0.000,0.000,1.000,3.000,0.000,0.000,18.000,0,0,0
B3_zmq_pushpull,zmq_tcp,none,none,,1,6627,512,584,1785153443087375000,1785153443087375000,1785153443087375000,1785153443087377000,1785153443087527000,1785153443087531000,1785153443087531000,1785153443087531000,121932490,121652369,-130.121,0.000,0.000,2.000,4.000,0.000,0.000,122.000,0,0,0
B3_zmq_pushpull,zmq_tcp,none,none,,1,6628,512,584,1785153443088360000,1785153443088360000,1785153443088360000,1785153443088362000,1785153443088513000,1785153443088515000,1785153443088515000,1785153443088515000,121932490,121652369,-129.121,0.000,0.000,2.000,2.000,0.000,0.000,1.000,0,0,0
B3_zmq_pushpull,zmq_tcp,none,none,,1,6629,512,584,1785153443089346000,1785153443089346000,1785153443089346000,1785153443089347000,1785153443089506000,1785153443089509000,1785153443089509000,1785153443089509000,121932490,121652369,-121.121,0.000,0.000,1.000,3.000,0.000,0.000,8.000,0,0,0
B3_zmq_pushpull,zmq_tcp,none,none,,1,6630,512,584,1785153443090549000,1785153443090550000,1785153443090550000,1785153443090551000,1785153443090634000,1785153443090637000,1785153443090637000,1785153443090637000,121932490,121652369,-197.121,1.000,0.000,1.000,3.000,0.000,0.000,76.000,0,0,0
B3_zmq_pushpull,zmq_tcp,none,none,,1,6631,512,584,1785153443091500000,1785153443091500000,1785153443091500000,1785153443091501000,1785153443091621000,1785153443091624000,1785153443091624000,1785153443091624000,121932490,121652369,-160.121,0.000,0.000,1.000,3.000,0.000,0.000,37.000,0,0,0
B3_zmq_pushpull,zmq_tcp,none,none,,1,6632,512,584,1785153443092512000,1785153443092512000,1785153443092512000,1785153443092513000,1785153443092606000,1785153443092609000,1785153443092609000,1785153443092609000,121932490,121652369,-187.121,0.000,0.000,1.000,3.000,0.000,0.000,27.000,0,0,0
B3_zmq_pushpull,zmq_tcp,none,none,,1,6633,512,584,1785153443093506000,1785153443093506000,1785153443093506000,1785153443093507000,1785153443093602000,1785153443093605000,1785153443093605000,1785153443093605000,121932490,121652369,-185.121,0.000,0.000,1.000,3.000,0.000,0.000,2.000,0,0,0
B3_zmq_pushpull,zmq_tcp,none,none,,1,6634,512,584,1785153443094511000,1785153443094511000,1785153443094511000,1785153443094512000,1785153443094612000,1785153443094614000,1785153443094614000,1785153443094614000,121932490,121652369,-180.121,0.000,0.000,1.000,2.000,0.000,0.000,5.000,0,0,0
B3_zmq_pushpull,zmq_tcp,none,none,,1,6635,512,584,1785153443095512000,1785153443095512000,1785153443095512000,1785153443095513000,1785153443095606000,1785153443095609000,1785153443095609000,1785153443095609000,121932490,121652369,-187.121,0.000,0.000,1.000,3.000,0.000,0.000,7.000,0,0,0
B3_zmq_pushpull,zmq_tcp,none,none,,1,6636,512,584,1785153443096509000,1785153443096509000,1785153443096509000,1785153443096510000,1785153443096612000,1785153443096614000,1785153443096614000,1785153443096614000,121932490,121652369,-178.121,0.000,0.000,1.000,2.000,0.000,0.000,9.000,0,0,0
B3_zmq_pushpull,zmq_tcp,none,none,,1,6637,512,584,1785153443097505000,1785153443097506000,1785153443097506000,1785153443097507000,1785153443097613000,1785153443097616000,1785153443097616000,1785153443097616000,121932490,121652369,-174.121,1.000,0.000,1.000,3.000,0.000,0.000,4.000,0,0,0
B3_zmq_pushpull,zmq_tcp,none,none,,1,6638,512,584,1785153443098511000,1785153443098511000,1785153443098511000,1785153443098512000,1785153443098612000,1785153443098614000,1785153443098614000,1785153443098614000,121932490,121652369,-180.121,0.000,0.000,1.000,2.000,0.000,0.000,6.000,0,0,0
B3_zmq_pushpull,zmq_tcp,none,none,,1,6639,512,584,1785153443099509000,1785153443099510000,1785153443099510000,1785153443099511000,1785153443099617000,1785153443099619000,1785153443099619000,1785153443099620000,121932490,121652369,-174.121,1.000,0.000,1.000,2.000,0.000,1.000,6.000,0,0,0
B3_zmq_pushpull,zmq_tcp,none,none,,1,6640,512,584,1785153443100483000,1785153443100483000,1785153443100483000,1785153443100485000,1785153443100626000,1785153443100628000,1785153443100628000,1785153443100628000,121932490,121652369,-139.121,0.000,0.000,2.000,2.000,0.000,0.000,35.000,0,0,0
B3_zmq_pushpull,zmq_tcp,none,none,,1,6641,512,584,1785153443101519000,1785153443101519000,1785153443101519000,1785153443101520000,1785153443101622000,1785153443101625000,1785153443101625000,1785153443101625000,121932490,121652369,-178.121,0.000,0.000,1.000,3.000,0.000,0.000,39.000,0,0,0
B3_zmq_pushpull,zmq_tcp,none,none,,1,6642,512,584,1785153443102506000,1785153443102506000,1785153443102507000,1785153443102508000,1785153443102624000,1785153443102626000,1785153443102626000,1785153443102626000,121932490,121652369,-164.121,0.000,1.000,1.000,2.000,0.000,0.000,14.000,0,0,0
B3_zmq_pushpull,zmq_tcp,none,none,,1,6643,512,584,1785153443103511000,1785153443103511000,1785153443103511000,1785153443103512000,1785153443103646000,1785153443103649000,1785153443103649000,1785153443103649000,121932490,121652369,-146.121,0.000,0.000,1.000,3.000,0.000,0.000,18.000,0,0,0
B3_zmq_pushpull,zmq_tcp,none,none,,1,6644,512,584,1785153443104507000,1785153443104507000,1785153443104507000,1785153443104508000,1785153443104653000,1785153443104658000,1785153443104658000,1785153443104658000,121932490,121652369,-135.121,0.000,0.000,1.000,5.000,0.000,0.000,11.000,0,0,0
B3_zmq_pushpull,zmq_tcp,none,none,,1,6645,512,584,1785153443105511000,1785153443105511000,1785153443105511000,1785153443105512000,1785153443105633000,1785153443105635000,1785153443105635000,1785153443105635000,121932490,121652369,-159.121,0.000,0.000,1.000,2.000,0.000,0.000,24.000,0,0,0
B3_zmq_pushpull,zmq_tcp,none,none,,1,6646,512,584,1785153443106509000,1785153443106510000,1785153443106510000,1785153443106511000,1785153443106637000,1785153443106640000,1785153443106640000,1785153443106640000,121932490,121652369,-154.121,1.000,0.000,1.000,3.000,0.000,0.000,5.000,0,0,0
B3_zmq_pushpull,zmq_tcp,none,none,,1,6647,512,584,1785153443107509000,1785153443107510000,1785153443107510000,1785153443107511000,1785153443107629000,1785153443107632000,1785153443107632000,1785153443107632000,121932490,121652369,-162.121,1.000,0.000,1.000,3.000,0.000,0.000,8.000,0,0,0
B3_zmq_pushpull,zmq_tcp,none,none,,1,6648,512,584,1785153443108507000,1785153443108507000,1785153443108507000,1785153443108508000,1785153443108634000,1785153443108637000,1785153443108637000,1785153443108637000,121932490,121652369,-154.121,0.000,0.000,1.000,3.000,0.000,0.000,8.000,0,0,0
B3_zmq_pushpull,zmq_tcp,none,none,,1,6649,512,584,1785153443109512000,1785153443109513000,1785153443109513000,1785153443109514000,1785153443109630000,1785153443109633000,1785153443109633000,1785153443109633000,121932490,121652369,-164.121,1.000,0.000,1.000,3.000,0.000,0.000,10.000,0,0,0
B3_zmq_pushpull,zmq_tcp,none,none,,1,6650,512,584,1785153443110509000,1785153443110509000,1785153443110510000,1785153443110511000,1785153443110633000,1785153443110636000,1785153443110636000,1785153443110636000,121932490,121652369,-158.121,0.000,1.000,1.000,3.000,0.000,0.000,6.000,0,0,0
B3_zmq_pushpull,zmq_tcp,none,none,,1,6651,512,584,1785153443111512000,1785153443111512000,1785153443111513000,1785153443111513000,1785153443111629000,1785153443111632000,1785153443111632000,1785153443111632000,121932490,121652369,-164.121,0.000,1.000,0.000,3.000,0.000,0.000,6.000,0,0,0
B3_zmq_pushpull,zmq_tcp,none,none,,1,6652,512,584,1785153443112508000,1785153443112509000,1785153443112509000,1785153443112510000,1785153443112617000,1785153443112620000,1785153443112620000,1785153443112620000,121932490,121652369,-173.121,1.000,0.000,1.000,3.000,0.000,0.000,9.000,0,0,0
B3_zmq_pushpull,zmq_tcp,none,none,,1,6653,512,584,1785153443113510000,1785153443113510000,1785153443113510000,1785153443113511000,1785153443113602000,1785153443113605000,1785153443113605000,1785153443113605000,121932490,121652369,-189.121,0.000,0.000,1.000,3.000,0.000,0.000,16.000,0,0,0
B3_zmq_pushpull,zmq_tcp,none,none,,1,6654,512,584,1785153443114511000,1785153443114511000,1785153443114511000,1785153443114512000,1785153443114596000,1785153443114599000,1785153443114599000,1785153443114599000,121932490,121652369,-196.121,0.000,0.000,1.000,3.000,0.000,0.000,7.000,0,0,0
B3_zmq_pushpull,zmq_tcp,none,none,,1,6655,512,584,1785153443115509000,1785153443115509000,1785153443115509000,1785153443115510000,1785153443115573000,1785153443115576000,1785153443115576000,1785153443115576000,121932490,121652369,-217.121,0.000,0.000,1.000,3.000,0.000,0.000,21.000,0,0,0
B3_zmq_pushpull,zmq_tcp,none,none,,1,6656,512,584,1785153443116506000,1785153443116506000,1785153443116506000,1785153443116507000,1785153443116695000,1785153443116697000,1785153443116697000,1785153443116697000,121932490,121652369,-92.121,0.000,0.000,1.000,2.000,0.000,0.000,125.000,0,0,0
B3_zmq_pushpull,zmq_tcp,none,none,,1,6657,512,584,1785153443117510000,1785153443117510000,1785153443117510000,1785153443117511000,1785153443117673000,1785153443117676000,1785153443117676000,1785153443117676000,121932490,121652369,-118.121,0.000,0.000,1.000,3.000,0.000,0.000,26.000,0,0,0
B3_zmq_pushpull,zmq_tcp,none,none,,1,6658,512,584,1785153443118369000,1785153443118369000,1785153443118369000,1785153443118370000,1785153443118527000,1785153443118529000,1785153443118529000,1785153443118529000,121932490,121652369,-123.121,0.000,0.000,1.000,2.000,0.000,0.000,5.000,0,0,0
B3_zmq_pushpull,zmq_tcp,none,none,,1,6659,512,584,1785153443119358000,1785153443119358000,1785153443119358000,1785153443119359000,1785153443119511000,1785153443119516000,1785153443119516000,1785153443119516000,121932490,121652369,-128.121,0.000,0.000,1.000,5.000,0.000,0.000,5.000,0,0,0
B3_zmq_pushpull,zmq_tcp,none,none,,1,6660,512,584,1785153443120327000,1785153443120328000,1785153443120328000,1785153443120329000,1785153443120480000,1785153443120483000,1785153443120483000,1785153443120483000,121932490,121652369,-129.121,1.000,0.000,1.000,3.000,0.000,0.000,1.000,0,0,0
B3_zmq_pushpull,zmq_tcp,none,none,,1,6661,512,584,1785153443121320000,1785153443121321000,1785153443121321000,1785153443121322000,1785153443121474000,1785153443121476000,1785153443121476000,1785153443121476000,121932490,121652369,-128.121,1.000,0.000,1.000,2.000,0.000,0.000,1.000,0,0,0
B3_zmq_pushpull,zmq_tcp,none,none,,1,6662,512,584,1785153443122313000,1785153443122313000,1785153443122313000,1785153443122314000,1785153443122455000,1785153443122458000,1785153443122458000,1785153443122458000,121932490,121652369,-139.121,0.000,0.000,1.000,3.000,0.000,0.000,11.000,0,0,0
B3_zmq_pushpull,zmq_tcp,none,none,,1,6663,512,584,1785153443123411000,1785153443123412000,1785153443123412000,1785153443123413000,1785153443123572000,1785153443123575000,1785153443123575000,1785153443123575000,121932490,121652369,-121.121,1.000,0.000,1.000,3.000,0.000,0.000,18.000,0,0,0
B3_zmq_pushpull,zmq_tcp,none,none,,1,6664,512,584,1785153443124534000,1785153443124534000,1785153443124535000,1785153443124535000,1785153443124697000,1785153443124700000,1785153443124700000,1785153443124700000,121932490,121652369,-118.121,0.000,1.000,0.000,3.000,0.000,0.000,3.000,0,0,0
B3_zmq_pushpull,zmq_tcp,none,none,,1,6665,512,584,1785153443125507000,1785153443125507000,1785153443125507000,1785153443125508000,1785153443125682000,1785153443125685000,1785153443125685000,1785153443125685000,121932490,121652369,-106.121,0.000,0.000,1.000,3.000,0.000,0.000,12.000,0,0,0
B3_zmq_pushpull,zmq_tcp,none,none,,1,6666,512,584,1785153443126508000,1785153443126509000,1785153443126509000,1785153443126510000,1785153443126672000,1785153443126675000,1785153443126675000,1785153443126675000,121932490,121652369,-118.121,1.000,0.000,1.000,3.000,0.000,0.000,12.000,0,0,0
B3_zmq_pushpull,zmq_tcp,none,none,,1,6667,512,584,1785153443127506000,1785153443127506000,1785153443127506000,1785153443127507000,1785153443127628000,1785153443127631000,1785153443127631000,1785153443127631000,121932490,121652369,-159.121,0.000,0.000,1.000,3.000,0.000,0.000,41.000,0,0,0
B3_zmq_pushpull,zmq_tcp,none,none,,1,6668,512,584,1785153443128510000,1785153443128510000,1785153443128510000,1785153443128511000,1785153443128588000,1785153443128591000,1785153443128591000,1785153443128591000,121932490,121652369,-203.121,0.000,0.000,1.000,3.000,0.000,0.000,44.000,0,0,0
B3_zmq_pushpull,zmq_tcp,none,none,,1,6669,512,584,1785153443129508000,1785153443129509000,1785153443129509000,1785153443129510000,1785153443129585000,1785153443129587000,1785153443129587000,1785153443129588000,121932490,121652369,-205.121,1.000,0.000,1.000,2.000,0.000,1.000,2.000,0,0,0
B3_zmq_pushpull,zmq_tcp,none,none,,1,6670,512,584,1785153443130510000,1785153443130510000,1785153443130510000,1785153443130511000,1785153443130578000,1785153443130580000,1785153443130581000,1785153443130581000,121932490,121652369,-213.121,0.000,0.000,1.000,2.000,1.000,0.000,8.000,0,0,0
B3_zmq_pushpull,zmq_tcp,none,none,,1,6671,512,584,1785153443131410000,1785153443131410000,1785153443131410000,1785153443131411000,1785153443131568000,1785153443131571000,1785153443131571000,1785153443131571000,121932490,121652369,-123.121,0.000,0.000,1.000,3.000,0.000,0.000,90.000,0,0,0
B3_zmq_pushpull,zmq_tcp,none,none,,1,6672,512,584,1785153443132386000,1785153443132386000,1785153443132386000,1785153443132387000,1785153443132527000,1785153443132530000,1785153443132530000,1785153443132530000,121932490,121652369,-140.121,0.000,0.000,1.000,3.000,0.000,0.000,17.000,0,0,0
B3_zmq_pushpull,zmq_tcp,none,none,,1,6673,512,584,1785153443133353000,1785153443133353000,1785153443133353000,1785153443133355000,1785153443133487000,1785153443133489000,1785153443133490000,1785153443133490000,121932490,121652369,-148.121,0.000,0.000,2.000,2.000,1.000,0.000,8.000,0,0,0
B3_zmq_pushpull,zmq_tcp,none,none,,1,6674,512,584,1785153443134551000,1785153443134552000,1785153443134552000,1785153443134553000,1785153443134604000,1785153443134607000,1785153443134607000,1785153443134607000,121932490,121652369,-229.121,1.000,0.000,1.000,3.000,0.000,0.000,81.000,0,0,0
B3_zmq_pushpull,zmq_tcp,none,none,,1,6675,512,584,1785153443135316000,1785153443135316000,1785153443135317000,1785153443135318000,1785153443135468000,1785153443135471000,1785153443135471000,1785153443135471000,121932490,121652369,-130.121,0.000,1.000,1.000,3.000,0.000,0.000,99.000,0,0,0
B3_zmq_pushpull,zmq_tcp,none,none,,1,6676,512,584,1785153443136319000,1785153443136319000,1785153443136319000,1785153443136320000,1785153443136478000,1785153443136480000,1785153443136480000,1785153443136480000,121932490,121652369,-122.121,0.000,0.000,1.000,2.000,0.000,0.000,8.000,0,0,0
B3_zmq_pushpull,zmq_tcp,none,none,,1,6677,512,584,1785153443137556000,1785153443137557000,1785153443137557000,1785153443137558000,1785153443137737000,1785153443137740000,1785153443137740000,1785153443137740000,121932490,121652369,-101.121,1.000,0.000,1.000,3.000,0.000,0.000,21.000,0,0,0
B3_zmq_pushpull,zmq_tcp,none,none,,1,6678,512,584,1785153443138496000,1785153443138497000,1785153443138497000,1785153443138498000,1785153443138586000,1785153443138589000,1785153443138589000,1785153443138589000,121932490,121652369,-192.121,1.000,0.000,1.000,3.000,0.000,0.000,91.000,0,0,0
B3_zmq_pushpull,zmq_tcp,none,none,,1,6679,512,584,1785153443139512000,1785153443139513000,1785153443139513000,1785153443139513000,1785153443139586000,1785153443139589000,1785153443139590000,1785153443139590000,121932490,121652369,-207.121,1.000,0.000,0.000,3.000,1.000,0.000,15.000,0,0,0
B3_zmq_pushpull,zmq_tcp,none,none,,1,6680,512,584,1785153443140509000,1785153443140510000,1785153443140510000,1785153443140511000,1785153443140570000,1785153443140572000,1785153443140572000,1785153443140572000,121932490,121652369,-221.121,1.000,0.000,1.000,2.000,0.000,0.000,14.000,0,0,0
B3_zmq_pushpull,zmq_tcp,none,none,,1,6681,512,584,1785153443141508000,1785153443141509000,1785153443141509000,1785153443141510000,1785153443141556000,1785153443141560000,1785153443141560000,1785153443141560000,121932490,121652369,-234.121,1.000,0.000,1.000,4.000,0.000,0.000,13.000,0,0,0
B3_zmq_pushpull,zmq_tcp,none,none,,1,6682,512,584,1785153443142382000,1785153443142383000,1785153443142383000,1785153443142384000,1785153443142526000,1785153443142528000,1785153443142528000,1785153443142528000,121932490,121652369,-138.121,1.000,0.000,1.000,2.000,0.000,0.000,96.000,0,0,0
B3_zmq_pushpull,zmq_tcp,none,none,,1,6683,512,584,1785153443143540000,1785153443143541000,1785153443143541000,1785153443143542000,1785153443143652000,1785153443143655000,1785153443143655000,1785153443143655000,121932490,121652369,-170.121,1.000,0.000,1.000,3.000,0.000,0.000,32.000,0,0,0
B3_zmq_pushpull,zmq_tcp,none,none,,1,6684,512,584,1785153443144348000,1785153443144348000,1785153443144348000,1785153443144350000,1785153443144495000,1785153443144498000,1785153443144498000,1785153443144498000,121932490,121652369,-135.121,0.000,0.000,2.000,3.000,0.000,0.000,35.000,0,0,0
B3_zmq_pushpull,zmq_tcp,none,none,,1,6685,512,584,1785153443145330000,1785153443145330000,1785153443145330000,1785153443145331000,1785153443145475000,1785153443145478000,1785153443145478000,1785153443145478000,121932490,121652369,-136.121,0.000,0.000,1.000,3.000,0.000,0.000,1.000,0,0,0
B3_zmq_pushpull,zmq_tcp,none,none,,1,6686,512,584,1785153443146318000,1785153443146318000,1785153443146318000,1785153443146319000,1785153443146481000,1785153443146484000,1785153443146484000,1785153443146484000,121932490,121652369,-118.121,0.000,0.000,1.000,3.000,0.000,0.000,18.000,0,0,0
B3_zmq_pushpull,zmq_tcp,none,none,,1,6687,512,584,1785153443147560000,1785153443147560000,1785153443147560000,1785153443147562000,1785153443147627000,1785153443147630000,1785153443147630000,1785153443147630000,121932490,121652369,-215.121,0.000,0.000,2.000,3.000,0.000,0.000,97.000,0,0,0
B3_zmq_pushpull,zmq_tcp,none,none,,1,6688,512,584,1785153443148499000,1785153443148499000,1785153443148499000,1785153443148500000,1785153443148630000,1785153443148632000,1785153443148632000,1785153443148632000,121932490,121652369,-150.121,0.000,0.000,1.000,2.000,0.000,0.000,65.000,0,0,0
B3_zmq_pushpull,zmq_tcp,none,none,,1,6689,512,584,1785153443149513000,1785153443149513000,1785153443149513000,1785153443149514000,1785153443149619000,1785153443149622000,1785153443149622000,1785153443149622000,121932490,121652369,-175.121,0.000,0.000,1.000,3.000,0.000,0.000,25.000,0,0,0
B3_zmq_pushpull,zmq_tcp,none,none,,1,6690,512,584,1785153443150511000,1785153443150511000,1785153443150511000,1785153443150512000,1785153443150628000,1785153443150631000,1785153443150631000,1785153443150631000,121932490,121652369,-164.121,0.000,0.000,1.000,3.000,0.000,0.000,11.000,0,0,0
B3_zmq_pushpull,zmq_tcp,none,none,,1,6691,512,584,1785153443151510000,1785153443151510000,1785153443151510000,1785153443151511000,1785153443151637000,1785153443151640000,1785153443151640000,1785153443151640000,121932490,121652369,-154.121,0.000,0.000,1.000,3.000,0.000,0.000,10.000,0,0,0
B3_zmq_pushpull,zmq_tcp,none,none,,1,6692,512,584,1785153443152509000,1785153443152509000,1785153443152509000,1785153443152510000,1785153443152645000,1785153443152648000,1785153443152648000,1785153443152648000,121932490,121652369,-145.121,0.000,0.000,1.000,3.000,0.000,0.000,9.000,0,0,0
B3_zmq_pushpull,zmq_tcp,none,none,,1,6693,512,584,1785153443153385000,1785153443153385000,1785153443153385000,1785153443153386000,1785153443153505000,1785153443153508000,1785153443153508000,1785153443153508000,121932490,121652369,-161.121,0.000,0.000,1.000,3.000,0.000,0.000,16.000,0,0,0
B3_zmq_pushpull,zmq_tcp,none,none,,1,6694,512,584,1785153443154540000,1785153443154540000,1785153443154541000,1785153443154541000,1785153443154648000,1785153443154651000,1785153443154651000,1785153443154651000,121932490,121652369,-173.121,0.000,1.000,0.000,3.000,0.000,0.000,12.000,0,0,0
B3_zmq_pushpull,zmq_tcp,none,none,,1,6695,512,584,1785153443155498000,1785153443155498000,1785153443155498000,1785153443155499000,1785153443155655000,1785153443155658000,1785153443155658000,1785153443155658000,121932490,121652369,-124.121,0.000,0.000,1.000,3.000,0.000,0.000,49.000,0,0,0
B3_zmq_pushpull,zmq_tcp,none,none,,1,6696,512,584,1785153443156514000,1785153443156514000,1785153443156514000,1785153443156515000,1785153443156679000,1785153443156682000,1785153443156682000,1785153443156682000,121932490,121652369,-116.121,0.000,0.000,1.000,3.000,0.000,0.000,8.000,0,0,0
B3_zmq_pushpull,zmq_tcp,none,none,,1,6697,512,584,1785153443157509000,1785153443157509000,1785153443157509000,1785153443157510000,1785153443157678000,1785153443157681000,1785153443157681000,1785153443157681000,121932490,121652369,-112.121,0.000,0.000,1.000,3.000,0.000,0.000,4.000,0,0,0
B3_zmq_pushpull,zmq_tcp,none,none,,1,6698,512,584,1785153443158380000,1785153443158380000,1785153443158380000,1785153443158381000,1785153443158541000,1785153443158545000,1785153443158545000,1785153443158545000,121932490,121652369,-120.121,0.000,0.000,1.000,4.000,0.000,0.000,8.000,0,0,0
B3_zmq_pushpull,zmq_tcp,none,none,,1,6699,512,584,1785153443159383000,1785153443159383000,1785153443159383000,1785153443159384000,1785153443159528000,1785153443159531000,1785153443159531000,1785153443159531000,121932490,121652369,-136.121,0.000,0.000,1.000,3.000,0.000,0.000,16.000,0,0,0
B3_zmq_pushpull,zmq_tcp,none,none,,1,6700,512,584,1785153443160542000,1785153443160542000,1785153443160542000,1785153443160543000,1785153443160679000,1785153443160681000,1785153443160682000,1785153443160682000,121932490,121652369,-144.121,0.000,0.000,1.000,2.000,1.000,0.000,8.000,0,0,0
B3_zmq_pushpull,zmq_tcp,none,none,,1,6701,512,584,1785153443161502000,1785153443161502000,1785153443161502000,1785153443161503000,1785153443161677000,1785153443161680000,1785153443161680000,1785153443161680000,121932490,121652369,-106.121,0.000,0.000,1.000,3.000,0.000,0.000,38.000,0,0,0
B3_zmq_pushpull,zmq_tcp,none,none,,1,6702,512,584,1785153443162388000,1785153443162388000,1785153443162388000,1785153443162389000,1785153443162544000,1785153443162547000,1785153443162547000,1785153443162547000,121932490,121652369,-125.121,0.000,0.000,1.000,3.000,0.000,0.000,19.000,0,0,0
B3_zmq_pushpull,zmq_tcp,none,none,,1,6703,512,584,1785153443163541000,1785153443163541000,1785153443163541000,1785153443163542000,1785153443163692000,1785153443163701000,1785153443163701000,1785153443163701000,121932490,121652369,-130.121,0.000,0.000,1.000,9.000,0.000,0.000,5.000,0,0,0
B3_zmq_pushpull,zmq_tcp,none,none,,1,6704,512,584,1785153443164503000,1785153443164503000,1785153443164503000,1785153443164504000,1785153443164703000,1785153443164706000,1785153443164706000,1785153443164706000,121932490,121652369,-81.121,0.000,0.000,1.000,3.000,0.000,0.000,49.000,0,0,0
B3_zmq_pushpull,zmq_tcp,none,none,,1,6705,512,584,1785153443165507000,1785153443165507000,1785153443165508000,1785153443165509000,1785153443165574000,1785153443165576000,1785153443165577000,1785153443165577000,121932490,121652369,-215.121,0.000,1.000,1.000,2.000,1.000,0.000,134.000,0,0,0
B3_zmq_pushpull,zmq_tcp,none,none,,1,6706,512,584,1785153443166441000,1785153443166441000,1785153443166441000,1785153443166442000,1785153443166591000,1785153443166594000,1785153443166594000,1785153443166594000,121932490,121652369,-131.121,0.000,0.000,1.000,3.000,0.000,0.000,84.000,0,0,0
B3_zmq_pushpull,zmq_tcp,none,none,,1,6707,512,584,1785153443167527000,1785153443167527000,1785153443167527000,1785153443167528000,1785153443167589000,1785153443167593000,1785153443167593000,1785153443167593000,121932490,121652369,-219.121,0.000,0.000,1.000,4.000,0.000,0.000,88.000,0,0,0
B3_zmq_pushpull,zmq_tcp,none,none,,1,6708,512,584,1785153443168502000,1785153443168502000,1785153443168502000,1785153443168503000,1785153443168599000,1785153443168601000,1785153443168601000,1785153443168602000,121932490,121652369,-184.121,0.000,0.000,1.000,2.000,0.000,1.000,35.000,0,0,0
B3_zmq_pushpull,zmq_tcp,none,none,,1,6709,512,584,1785153443169512000,1785153443169513000,1785153443169513000,1785153443169513000,1785153443169604000,1785153443169607000,1785153443169607000,1785153443169607000,121932490,121652369,-189.121,1.000,0.000,0.000,3.000,0.000,0.000,5.000,0,0,0
B3_zmq_pushpull,zmq_tcp,none,none,,1,6710,512,584,1785153443170513000,1785153443170513000,1785153443170513000,1785153443170514000,1785153443170627000,1785153443170629000,1785153443170629000,1785153443170630000,121932490,121652369,-167.121,0.000,0.000,1.000,2.000,0.000,1.000,22.000,0,0,0
B3_zmq_pushpull,zmq_tcp,none,none,,1,6711,512,584,1785153443171511000,1785153443171511000,1785153443171511000,1785153443171512000,1785153443171639000,1785153443171641000,1785153443171641000,1785153443171642000,121932490,121652369,-153.121,0.000,0.000,1.000,2.000,0.000,1.000,14.000,0,0,0
B3_zmq_pushpull,zmq_tcp,none,none,,1,6712,512,584,1785153443172511000,1785153443172511000,1785153443172511000,1785153443172512000,1785153443172653000,1785153443172656000,1785153443172656000,1785153443172656000,121932490,121652369,-139.121,0.000,0.000,1.000,3.000,0.000,0.000,14.000,0,0,0
B3_zmq_pushpull,zmq_tcp,none,none,,1,6713,512,584,1785153443173509000,1785153443173509000,1785153443173509000,1785153443173510000,1785153443173659000,1785153443173661000,1785153443173661000,1785153443173661000,121932490,121652369,-131.121,0.000,0.000,1.000,2.000,0.000,0.000,8.000,0,0,0
B3_zmq_pushpull,zmq_tcp,none,none,,1,6714,512,584,1785153443174511000,1785153443174511000,1785153443174511000,1785153443174512000,1785153443174666000,1785153443174670000,1785153443174670000,1785153443174670000,121932490,121652369,-126.121,0.000,0.000,1.000,4.000,0.000,0.000,5.000,0,0,0
B3_zmq_pushpull,zmq_tcp,none,none,,1,6715,512,584,1785153443175369000,1785153443175369000,1785153443175369000,1785153443175370000,1785153443175513000,1785153443175516000,1785153443175516000,1785153443175516000,121932490,121652369,-137.121,0.000,0.000,1.000,3.000,0.000,0.000,11.000,0,0,0
B3_zmq_pushpull,zmq_tcp,none,none,,1,6716,512,584,1785153443176543000,1785153443176543000,1785153443176543000,1785153443176544000,1785153443176644000,1785153443176647000,1785153443176647000,1785153443176647000,121932490,121652369,-180.121,0.000,0.000,1.000,3.000,0.000,0.000,43.000,0,0,0
B3_zmq_pushpull,zmq_tcp,none,none,,1,6717,512,584,1785153443177502000,1785153443177502000,1785153443177502000,1785153443177503000,1785153443177650000,1785153443177652000,1785153443177652000,1785153443177652000,121932490,121652369,-133.121,0.000,0.000,1.000,2.000,0.000,0.000,47.000,0,0,0
B3_zmq_pushpull,zmq_tcp,none,none,,1,6718,512,584,1785153443178513000,1785153443178513000,1785153443178513000,1785153443178514000,1785153443178659000,1785153443178662000,1785153443178662000,1785153443178662000,121932490,121652369,-135.121,0.000,0.000,1.000,3.000,0.000,0.000,2.000,0,0,0
B3_zmq_pushpull,zmq_tcp,none,none,,1,6719,512,584,1785153443179505000,1785153443179505000,1785153443179506000,1785153443179506000,1785153443179651000,1785153443179654000,1785153443179654000,1785153443179654000,121932490,121652369,-135.121,0.000,1.000,0.000,3.000,0.000,0.000,0.000,0,0,0
B3_zmq_pushpull,zmq_tcp,none,none,,1,6720,512,584,1785153443180510000,1785153443180510000,1785153443180511000,1785153443180511000,1785153443180659000,1785153443180661000,1785153443180662000,1785153443180662000,121932490,121652369,-132.121,0.000,1.000,0.000,2.000,1.000,0.000,3.000,0,0,0
B3_zmq_pushpull,zmq_tcp,none,none,,1,6721,512,584,1785153443181510000,1785153443181510000,1785153443181510000,1785153443181511000,1785153443181657000,1785153443181660000,1785153443181660000,1785153443181660000,121932490,121652369,-134.121,0.000,0.000,1.000,3.000,0.000,0.000,2.000,0,0,0
B3_zmq_pushpull,zmq_tcp,none,none,,1,6722,512,584,1785153443182510000,1785153443182510000,1785153443182510000,1785153443182511000,1785153443182656000,1785153443182659000,1785153443182659000,1785153443182659000,121932490,121652369,-135.121,0.000,0.000,1.000,3.000,0.000,0.000,1.000,0,0,0
B3_zmq_pushpull,zmq_tcp,none,none,,1,6723,512,584,1785153443183507000,1785153443183507000,1785153443183507000,1785153443183508000,1785153443183638000,1785153443183640000,1785153443183640000,1785153443183640000,121932490,121652369,-150.121,0.000,0.000,1.000,2.000,0.000,0.000,15.000,0,0,0
B3_zmq_pushpull,zmq_tcp,none,none,,1,6724,512,584,1785153443184511000,1785153443184511000,1785153443184511000,1785153443184512000,1785153443184652000,1785153443184655000,1785153443184655000,1785153443184655000,121932490,121652369,-140.121,0.000,0.000,1.000,3.000,0.000,0.000,10.000,0,0,0
B3_zmq_pushpull,zmq_tcp,none,none,,1,6725,512,584,1785153443185510000,1785153443185510000,1785153443185510000,1785153443185511000,1785153443185649000,1785153443185651000,1785153443185651000,1785153443185651000,121932490,121652369,-142.121,0.000,0.000,1.000,2.000,0.000,0.000,2.000,0,0,0
B3_zmq_pushpull,zmq_tcp,none,none,,1,6726,512,584,1785153443186510000,1785153443186510000,1785153443186510000,1785153443186511000,1785153443186658000,1785153443186661000,1785153443186661000,1785153443186661000,121932490,121652369,-133.121,0.000,0.000,1.000,3.000,0.000,0.000,9.000,0,0,0
B3_zmq_pushpull,zmq_tcp,none,none,,1,6727,512,584,1785153443187510000,1785153443187510000,1785153443187510000,1785153443187511000,1785153443187674000,1785153443187676000,1785153443187676000,1785153443187676000,121932490,121652369,-117.121,0.000,0.000,1.000,2.000,0.000,0.000,16.000,0,0,0
B3_zmq_pushpull,zmq_tcp,none,none,,1,6728,512,584,1785153443188511000,1785153443188511000,1785153443188511000,1785153443188512000,1785153443188686000,1785153443188689000,1785153443188689000,1785153443188689000,121932490,121652369,-106.121,0.000,0.000,1.000,3.000,0.000,0.000,11.000,0,0,0
B3_zmq_pushpull,zmq_tcp,none,none,,1,6729,512,584,1785153443189510000,1785153443189510000,1785153443189510000,1785153443189511000,1785153443189683000,1785153443189686000,1785153443189686000,1785153443189686000,121932490,121652369,-108.121,0.000,0.000,1.000,3.000,0.000,0.000,2.000,0,0,0
B3_zmq_pushpull,zmq_tcp,none,none,,1,6730,512,584,1785153443190509000,1785153443190509000,1785153443190509000,1785153443190510000,1785153443190659000,1785153443190662000,1785153443190662000,1785153443190662000,121932490,121652369,-131.121,0.000,0.000,1.000,3.000,0.000,0.000,23.000,0,0,0
B3_zmq_pushpull,zmq_tcp,none,none,,1,6731,512,584,1785153443191506000,1785153443191506000,1785153443191506000,1785153443191507000,1785153443191635000,1785153443191638000,1785153443191638000,1785153443191638000,121932490,121652369,-152.121,0.000,0.000,1.000,3.000,0.000,0.000,21.000,0,0,0
B3_zmq_pushpull,zmq_tcp,none,none,,1,6732,512,584,1785153443192509000,1785153443192509000,1785153443192509000,1785153443192510000,1785153443192635000,1785153443192638000,1785153443192638000,1785153443192638000,121932490,121652369,-155.121,0.000,0.000,1.000,3.000,0.000,0.000,3.000,0,0,0
B3_zmq_pushpull,zmq_tcp,none,none,,1,6733,512,584,1785153443193511000,1785153443193511000,1785153443193511000,1785153443193512000,1785153443193606000,1785153443193608000,1785153443193608000,1785153443193608000,121932490,121652369,-186.121,0.000,0.000,1.000,2.000,0.000,0.000,31.000,0,0,0
B3_zmq_pushpull,zmq_tcp,none,none,,1,6734,512,584,1785153443194505000,1785153443194505000,1785153443194505000,1785153443194506000,1785153443194611000,1785153443194614000,1785153443194614000,1785153443194614000,121932490,121652369,-175.121,0.000,0.000,1.000,3.000,0.000,0.000,11.000,0,0,0
B3_zmq_pushpull,zmq_tcp,none,none,,1,6735,512,584,1785153443195511000,1785153443195511000,1785153443195511000,1785153443195512000,1785153443195617000,1785153443195619000,1785153443195619000,1785153443195619000,121932490,121652369,-175.121,0.000,0.000,1.000,2.000,0.000,0.000,0.000,0,0,0
B3_zmq_pushpull,zmq_tcp,none,none,,1,6736,512,584,1785153443196509000,1785153443196509000,1785153443196509000,1785153443196510000,1785153443196574000,1785153443196577000,1785153443196577000,1785153443196577000,121932490,121652369,-216.121,0.000,0.000,1.000,3.000,0.000,0.000,41.000,0,0,0
B3_zmq_pushpull,zmq_tcp,none,none,,1,6737,512,584,1785153443197403000,1785153443197403000,1785153443197403000,1785153443197404000,1785153443197555000,1785153443197558000,1785153443197558000,1785153443197558000,121932490,121652369,-129.121,0.000,0.000,1.000,3.000,0.000,0.000,87.000,0,0,0
B3_zmq_pushpull,zmq_tcp,none,none,,1,6738,512,584,1785153443198401000,1785153443198402000,1785153443198402000,1785153443198403000,1785153443198540000,1785153443198543000,1785153443198543000,1785153443198544000,121932490,121652369,-143.121,1.000,0.000,1.000,3.000,0.000,1.000,14.000,0,0,0
B3_zmq_pushpull,zmq_tcp,none,none,,1,6739,512,584,1785153443199538000,1785153443199538000,1785153443199538000,1785153443199539000,1785153443199676000,1785153443199679000,1785153443199679000,1785153443199679000,121932490,121652369,-143.121,0.000,0.000,1.000,3.000,0.000,0.000,0.000,0,0,0
B3_zmq_pushpull,zmq_tcp,none,none,,1,6740,512,584,1785153443200502000,1785153443200503000,1785153443200503000,1785153443200504000,1785153443200656000,1785153443200659000,1785153443200659000,1785153443200659000,121932490,121652369,-128.121,1.000,0.000,1.000,3.000,0.000,0.000,15.000,0,0,0
B3_zmq_pushpull,zmq_tcp,none,none,,1,6741,512,584,1785153443201512000,1785153443201513000,1785153443201513000,1785153443201514000,1785153443201630000,1785153443201634000,1785153443201634000,1785153443201634000,121932490,121652369,-164.121,1.000,0.000,1.000,4.000,0.000,0.000,36.000,0,0,0
B3_zmq_pushpull,zmq_tcp,none,none,,1,6742,512,584,1785153443202509000,1785153443202509000,1785153443202509000,1785153443202510000,1785153443202611000,1785153443202614000,1785153443202614000,1785153443202614000,121932490,121652369,-179.121,0.000,0.000,1.000,3.000,0.000,0.000,15.000,0,0,0
B3_zmq_pushpull,zmq_tcp,none,none,,1,6743,512,584,1785153443203509000,1785153443203509000,1785153443203509000,1785153443203510000,1785153443203587000,1785153443203590000,1785153443203590000,1785153443203590000,121932490,121652369,-203.121,0.000,0.000,1.000,3.000,0.000,0.000,24.000,0,0,0
B3_zmq_pushpull,zmq_tcp,none,none,,1,6744,512,584,1785153443204506000,1785153443204506000,1785153443204506000,1785153443204507000,1785153443204551000,1785153443204555000,1785153443204555000,1785153443204555000,121932490,121652369,-236.121,0.000,0.000,1.000,4.000,0.000,0.000,33.000,0,0,0
B3_zmq_pushpull,zmq_tcp,none,none,,1,6745,512,584,1785153443205512000,1785153443205512000,1785153443205512000,1785153443205513000,1785153443205565000,1785153443205568000,1785153443205569000,1785153443205569000,121932490,121652369,-228.121,0.000,0.000,1.000,3.000,1.000,0.000,8.000,0,0,0
B3_zmq_pushpull,zmq_tcp,none,none,,1,6746,512,584,1785153443206507000,1785153443206508000,1785153443206508000,1785153443206509000,1785153443206567000,1785153443206571000,1785153443206571000,1785153443206571000,121932490,121652369,-222.121,1.000,0.000,1.000,4.000,0.000,0.000,6.000,0,0,0
B3_zmq_pushpull,zmq_tcp,none,none,,1,6747,512,584,1785153443207391000,1785153443207391000,1785153443207391000,1785153443207392000,1785153443207551000,1785153443207554000,1785153443207554000,1785153443207554000,121932490,121652369,-121.121,0.000,0.000,1.000,3.000,0.000,0.000,101.000,0,0,0
B3_zmq_pushpull,zmq_tcp,none,none,,1,6748,512,584,1785153443208373000,1785153443208373000,1785153443208374000,1785153443208374000,1785153443208530000,1785153443208532000,1785153443208532000,1785153443208533000,121932490,121652369,-124.121,0.000,1.000,0.000,2.000,0.000,1.000,3.000,0,0,0
B3_zmq_pushpull,zmq_tcp,none,none,,1,6749,512,584,1785153443209542000,1785153443209542000,1785153443209542000,1785153443209543000,1785153443209650000,1785153443209653000,1785153443209653000,1785153443209653000,121932490,121652369,-173.121,0.000,0.000,1.000,3.000,0.000,0.000,49.000,0,0,0
B3_zmq_pushpull,zmq_tcp,none,none,,1,6750,512,584,1785153443210501000,1785153443210501000,1785153443210502000,1785153443210503000,1785153443210639000,1785153443210642000,1785153443210642000,1785153443210642000,121932490,121652369,-144.121,0.000,1.000,1.000,3.000,0.000,0.000,29.000,0,0,0
B3_zmq_pushpull,zmq_tcp,none,none,,1,6751,512,584,1785153443211339000,1785153443211340000,1785153443211340000,1785153443211341000,1785153443211490000,1785153443211493000,1785153443211493000,1785153443211493000,121932490,121652369,-131.121,1.000,0.000,1.000,3.000,0.000,0.000,13.000,0,0,0
B3_zmq_pushpull,zmq_tcp,none,none,,1,6752,512,584,1785153443212327000,1785153443212327000,1785153443212327000,1785153443212328000,1785153443212486000,1785153443212489000,1785153443212489000,1785153443212489000,121932490,121652369,-122.121,0.000,0.000,1.000,3.000,0.000,0.000,9.000,0,0,0
B3_zmq_pushpull,zmq_tcp,none,none,,1,6753,512,584,1785153443213558000,1785153443213558000,1785153443213558000,1785153443213559000,1785153443213749000,1785153443213752000,1785153443213752000,1785153443213752000,121932490,121652369,-90.121,0.000,0.000,1.000,3.000,0.000,0.000,32.000,0,0,0
B3_zmq_pushpull,zmq_tcp,none,none,,1,6754,512,584,1785153443214499000,1785153443214499000,1785153443214499000,1785153443214500000,1785153443214607000,1785153443214610000,1785153443214610000,1785153443214610000,121932490,121652369,-173.121,0.000,0.000,1.000,3.000,0.000,0.000,83.000,0,0,0
B3_zmq_pushpull,zmq_tcp,none,none,,1,6755,512,584,1785153443215514000,1785153443215514000,1785153443215514000,1785153443215515000,1785153443215585000,1785153443215588000,1785153443215588000,1785153443215588000,121932490,121652369,-210.121,0.000,0.000,1.000,3.000,0.000,0.000,37.000,0,0,0
B3_zmq_pushpull,zmq_tcp,none,none,,1,6756,512,584,1785153443216508000,1785153443216508000,1785153443216508000,1785153443216509000,1785153443216561000,1785153443216563000,1785153443216563000,1785153443216563000,121932490,121652369,-228.121,0.000,0.000,1.000,2.000,0.000,0.000,18.000,0,0,0
B3_zmq_pushpull,zmq_tcp,none,none,,1,6757,512,584,1785153443217509000,1785153443217509000,1785153443217509000,1785153443217510000,1785153443217677000,1785153443217679000,1785153443217679000,1785153443217679000,121932490,121652369,-113.121,0.000,0.000,1.000,2.000,0.000,0.000,115.000,0,0,0
B3_zmq_pushpull,zmq_tcp,none,none,,1,6758,512,584,1785153443218507000,1785153443218507000,1785153443218507000,1785153443218508000,1785153443218645000,1785153443218647000,1785153443218647000,1785153443218647000,121932490,121652369,-143.121,0.000,0.000,1.000,2.000,0.000,0.000,30.000,0,0,0
B3_zmq_pushpull,zmq_tcp,none,none,,1,6759,512,584,1785153443219515000,1785153443219515000,1785153443219515000,1785153443219516000,1785153443219647000,1785153443219650000,1785153443219650000,1785153443219650000,121932490,121652369,-149.121,0.000,0.000,1.000,3.000,0.000,0.000,6.000,0,0,0
B3_zmq_pushpull,zmq_tcp,none,none,,1,6760,512,584,1785153443220508000,1785153443220508000,1785153443220508000,1785153443220509000,1785153443220627000,1785153443220631000,1785153443220631000,1785153443220631000,121932490,121652369,-162.121,0.000,0.000,1.000,4.000,0.000,0.000,13.000,0,0,0
B3_zmq_pushpull,zmq_tcp,none,none,,1,6761,512,584,1785153443221437000,1785153443221437000,1785153443221438000,1785153443221438000,1785153443221597000,1785153443221599000,1785153443221599000,1785153443221599000,121932490,121652369,-121.121,0.000,1.000,0.000,2.000,0.000,0.000,41.000,0,0,0
B3_zmq_pushpull,zmq_tcp,none,none,,1,6762,512,584,1785153443222526000,1785153443222526000,1785153443222526000,1785153443222527000,1785153443222719000,1785153443222722000,1785153443222722000,1785153443222722000,121932490,121652369,-88.121,0.000,0.000,1.000,3.000,0.000,0.000,33.000,0,0,0
B3_zmq_pushpull,zmq_tcp,none,none,,1,6763,512,584,1785153443223505000,1785153443223505000,1785153443223505000,1785153443223506000,1785153443223554000,1785153443223558000,1785153443223558000,1785153443223558000,121932490,121652369,-232.121,0.000,0.000,1.000,4.000,0.000,0.000,144.000,0,0,0
B3_zmq_pushpull,zmq_tcp,none,none,,1,6764,512,584,1785153443224382000,1785153443224382000,1785153443224382000,1785153443224383000,1785153443224525000,1785153443224528000,1785153443224528000,1785153443224528000,121932490,121652369,-138.121,0.000,0.000,1.000,3.000,0.000,0.000,94.000,0,0,0
B3_zmq_pushpull,zmq_tcp,none,none,,1,6765,512,584,1785153443225516000,1785153443225516000,1785153443225516000,1785153443225517000,1785153443225657000,1785153443225659000,1785153443225659000,1785153443225659000,121932490,121652369,-140.121,0.000,0.000,1.000,2.000,0.000,0.000,2.000,0,0,0
B3_zmq_pushpull,zmq_tcp,none,none,,1,6766,512,584,1785153443226358000,1785153443226358000,1785153443226358000,1785153443226359000,1785153443226515000,1785153443226518000,1785153443226518000,1785153443226518000,121932490,121652369,-124.121,0.000,0.000,1.000,3.000,0.000,0.000,16.000,0,0,0
B3_zmq_pushpull,zmq_tcp,none,none,,1,6767,512,584,1785153443227550000,1785153443227550000,1785153443227550000,1785153443227551000,1785153443227618000,1785153443227622000,1785153443227622000,1785153443227622000,121932490,121652369,-213.121,0.000,0.000,1.000,4.000,0.000,0.000,89.000,0,0,0
B3_zmq_pushpull,zmq_tcp,none,none,,1,6768,512,584,1785153443228320000,1785153443228320000,1785153443228320000,1785153443228321000,1785153443228465000,1785153443228467000,1785153443228467000,1785153443228467000,121932490,121652369,-136.121,0.000,0.000,1.000,2.000,0.000,0.000,77.000,0,0,0
B3_zmq_pushpull,zmq_tcp,none,none,,1,6769,512,584,1785153443229426000,1785153443229426000,1785153443229426000,1785153443229427000,1785153443229583000,1785153443229586000,1785153443229586000,1785153443229586000,121932490,121652369,-124.121,0.000,0.000,1.000,3.000,0.000,0.000,12.000,0,0,0
B3_zmq_pushpull,zmq_tcp,none,none,,1,6770,512,584,1785153443230405000,1785153443230406000,1785153443230406000,1785153443230407000,1785153443230557000,1785153443230560000,1785153443230560000,1785153443230560000,121932490,121652369,-130.121,1.000,0.000,1.000,3.000,0.000,0.000,6.000,0,0,0
B3_zmq_pushpull,zmq_tcp,none,none,,1,6771,512,584,1785153443231383000,1785153443231383000,1785153443231383000,1785153443231384000,1785153443231534000,1785153443231537000,1785153443231537000,1785153443231537000,121932490,121652369,-130.121,0.000,0.000,1.000,3.000,0.000,0.000,0.000,0,0,0
B3_zmq_pushpull,zmq_tcp,none,none,,1,6772,512,584,1785153443232370000,1785153443232370000,1785153443232370000,1785153443232371000,1785153443232523000,1785153443232526000,1785153443232526000,1785153443232526000,121932490,121652369,-128.121,0.000,0.000,1.000,3.000,0.000,0.000,2.000,0,0,0
B3_zmq_pushpull,zmq_tcp,none,none,,1,6773,512,584,1785153443233373000,1785153443233373000,1785153443233373000,1785153443233374000,1785153443233532000,1785153443233534000,1785153443233534000,1785153443233534000,121932490,121652369,-122.121,0.000,0.000,1.000,2.000,0.000,0.000,6.000,0,0,0
B3_zmq_pushpull,zmq_tcp,none,none,,1,6774,512,584,1785153443234373000,1785153443234373000,1785153443234373000,1785153443234374000,1785153443234533000,1785153443234535000,1785153443234535000,1785153443234535000,121932490,121652369,-121.121,0.000,0.000,1.000,2.000,0.000,0.000,1.000,0,0,0
B3_zmq_pushpull,zmq_tcp,none,none,,1,6775,512,584,1785153443235549000,1785153443235549000,1785153443235549000,1785153443235550000,1785153443235658000,1785153443235662000,1785153443235662000,1785153443235662000,121932490,121652369,-172.121,0.000,0.000,1.000,4.000,0.000,0.000,51.000,0,0,0
B3_zmq_pushpull,zmq_tcp,none,none,,1,6776,512,584,1785153443236503000,1785153443236503000,1785153443236503000,1785153443236504000,1785153443236661000,1785153443236663000,1785153443236663000,1785153443236663000,121932490,121652369,-123.121,0.000,0.000,1.000,2.000,0.000,0.000,49.000,0,0,0
B3_zmq_pushpull,zmq_tcp,none,none,,1,6777,512,584,1785153443237511000,1785153443237511000,1785153443237511000,1785153443237512000,1785153443237654000,1785153443237657000,1785153443237657000,1785153443237657000,121932490,121652369,-138.121,0.000,0.000,1.000,3.000,0.000,0.000,15.000,0,0,0
B3_zmq_pushpull,zmq_tcp,none,none,,1,6778,512,584,1785153443238509000,1785153443238509000,1785153443238509000,1785153443238510000,1785153443238611000,1785153443238614000,1785153443238614000,1785153443238614000,121932490,121652369,-179.121,0.000,0.000,1.000,3.000,0.000,0.000,41.000,0,0,0
B3_zmq_pushpull,zmq_tcp,none,none,,1,6779,512,584,1785153443239510000,1785153443239510000,1785153443239510000,1785153443239511000,1785153443239591000,1785153443239594000,1785153443239594000,1785153443239594000,121932490,121652369,-200.121,0.000,0.000,1.000,3.000,0.000,0.000,21.000,0,0,0
B3_zmq_pushpull,zmq_tcp,none,none,,1,6780,512,584,1785153443240506000,1785153443240506000,1785153443240507000,1785153443240507000,1785153443240570000,1785153443240573000,1785153443240573000,1785153443240573000,121932490,121652369,-217.121,0.000,1.000,0.000,3.000,0.000,0.000,17.000,0,0,0
B3_zmq_pushpull,zmq_tcp,none,none,,1,6781,512,584,1785153443241405000,1785153443241405000,1785153443241405000,1785153443241406000,1785153443241565000,1785153443241569000,1785153443241569000,1785153443241569000,121932490,121652369,-121.121,0.000,0.000,1.000,4.000,0.000,0.000,96.000,0,0,0
B3_zmq_pushpull,zmq_tcp,none,none,,1,6782,512,584,1785153443242536000,1785153443242536000,1785153443242536000,1785153443242537000,1785153443242685000,1785153443242687000,1785153443242687000,1785153443242687000,121932490,121652369,-132.121,0.000,0.000,1.000,2.000,0.000,0.000,11.000,0,0,0
B3_zmq_pushpull,zmq_tcp,none,none,,1,6783,512,584,1785153443243501000,1785153443243501000,1785153443243501000,1785153443243502000,1785153443243666000,1785153443243669000,1785153443243669000,1785153443243669000,121932490,121652369,-116.121,0.000,0.000,1.000,3.000,0.000,0.000,16.000,0,0,0
B3_zmq_pushpull,zmq_tcp,none,none,,1,6784,512,584,1785153443244510000,1785153443244511000,1785153443244511000,1785153443244511000,1785153443244646000,1785153443244650000,1785153443244650000,1785153443244650000,121932490,121652369,-145.121,1.000,0.000,0.000,4.000,0.000,0.000,29.000,0,0,0
B3_zmq_pushpull,zmq_tcp,none,none,,1,6785,512,584,1785153443245509000,1785153443245509000,1785153443245509000,1785153443245510000,1785153443245606000,1785153443245609000,1785153443245609000,1785153443245609000,121932490,121652369,-184.121,0.000,0.000,1.000,3.000,0.000,0.000,39.000,0,0,0
B3_zmq_pushpull,zmq_tcp,none,none,,1,6786,512,584,1785153443246419000,1785153443246419000,1785153443246419000,1785153443246420000,1785153443246570000,1785153443246573000,1785153443246573000,1785153443246573000,121932490,121652369,-130.121,0.000,0.000,1.000,3.000,0.000,0.000,54.000,0,0,0
B3_zmq_pushpull,zmq_tcp,none,none,,1,6787,512,584,1785153443247403000,1785153443247403000,1785153443247403000,1785153443247404000,1785153443247554000,1785153443247557000,1785153443247557000,1785153443247557000,121932490,121652369,-130.121,0.000,0.000,1.000,3.000,0.000,0.000,0.000,0,0,0
B3_zmq_pushpull,zmq_tcp,none,none,,1,6788,512,584,1785153443248537000,1785153443248537000,1785153443248537000,1785153443248538000,1785153443248657000,1785153443248660000,1785153443248660000,1785153443248660000,121932490,121652369,-161.121,0.000,0.000,1.000,3.000,0.000,0.000,31.000,0,0,0
B3_zmq_pushpull,zmq_tcp,none,none,,1,6789,512,584,1785153443249503000,1785153443249503000,1785153443249503000,1785153443249504000,1785153443249655000,1785153443249658000,1785153443249658000,1785153443249658000,121932490,121652369,-129.121,0.000,0.000,1.000,3.000,0.000,0.000,32.000,0,0,0
B3_zmq_pushpull,zmq_tcp,none,none,,1,6790,512,584,1785153443250508000,1785153443250508000,1785153443250508000,1785153443250509000,1785153443250638000,1785153443250643000,1785153443250643000,1785153443250643000,121932490,121652369,-151.121,0.000,0.000,1.000,5.000,0.000,0.000,22.000,0,0,0
B3_zmq_pushpull,zmq_tcp,none,none,,1,6791,512,584,1785153443251510000,1785153443251511000,1785153443251511000,1785153443251512000,1785153443251627000,1785153443251630000,1785153443251630000,1785153443251630000,121932490,121652369,-165.121,1.000,0.000,1.000,3.000,0.000,0.000,14.000,0,0,0
B3_zmq_pushpull,zmq_tcp,none,none,,1,6792,512,584,1785153443252509000,1785153443252509000,1785153443252509000,1785153443252510000,1785153443252613000,1785153443252615000,1785153443252615000,1785153443252615000,121932490,121652369,-177.121,0.000,0.000,1.000,2.000,0.000,0.000,12.000,0,0,0
B3_zmq_pushpull,zmq_tcp,none,none,,1,6793,512,584,1785153443253510000,1785153443253510000,1785153443253510000,1785153443253511000,1785153443253589000,1785153443253591000,1785153443253591000,1785153443253591000,121932490,121652369,-202.121,0.000,0.000,1.000,2.000,0.000,0.000,25.000,0,0,0
B3_zmq_pushpull,zmq_tcp,none,none,,1,6794,512,584,1785153443254509000,1785153443254509000,1785153443254509000,1785153443254510000,1785153443254699000,1785153443254702000,1785153443254702000,1785153443254702000,121932490,121652369,-91.121,0.000,0.000,1.000,3.000,0.000,0.000,111.000,0,0,0
B3_zmq_pushpull,zmq_tcp,none,none,,1,6795,512,584,1785153443255511000,1785153443255512000,1785153443255512000,1785153443255513000,1785153443255686000,1785153443255689000,1785153443255689000,1785153443255689000,121932490,121652369,-107.121,1.000,0.000,1.000,3.000,0.000,0.000,16.000,0,0,0
B3_zmq_pushpull,zmq_tcp,none,none,,1,6796,512,584,1785153443256505000,1785153443256505000,1785153443256505000,1785153443256506000,1785153443256668000,1785153443256671000,1785153443256671000,1785153443256671000,121932490,121652369,-118.121,0.000,0.000,1.000,3.000,0.000,0.000,11.000,0,0,0
B3_zmq_pushpull,zmq_tcp,none,none,,1,6797,512,584,1785153443257371000,1785153443257372000,1785153443257372000,1785153443257373000,1785153443257525000,1785153443257528000,1785153443257528000,1785153443257528000,121932490,121652369,-128.121,1.000,0.000,1.000,3.000,0.000,0.000,10.000,0,0,0
B3_zmq_pushpull,zmq_tcp,none,none,,1,6798,512,584,1785153443258349000,1785153443258350000,1785153443258350000,1785153443258351000,1785153443258502000,1785153443258505000,1785153443258505000,1785153443258505000,121932490,121652369,-129.121,1.000,0.000,1.000,3.000,0.000,0.000,1.000,0,0,0
B3_zmq_pushpull,zmq_tcp,none,none,,1,6799,512,584,1785153443259328000,1785153443259328000,1785153443259328000,1785153443259329000,1785153443259481000,1785153443259484000,1785153443259484000,1785153443259484000,121932490,121652369,-128.121,0.000,0.000,1.000,3.000,0.000,0.000,1.000,0,0,0
B3_zmq_pushpull,zmq_tcp,none,none,,1,6800,512,584,1785153443260557000,1785153443260557000,1785153443260557000,1785153443260558000,1785153443260605000,1785153443260608000,1785153443260608000,1785153443260608000,121932490,121652369,-233.121,0.000,0.000,1.000,3.000,0.000,0.000,105.000,0,0,0
B3_zmq_pushpull,zmq_tcp,none,none,,1,6801,512,584,1785153443261312000,1785153443261312000,1785153443261312000,1785153443261313000,1785153443261456000,1785153443261458000,1785153443261458000,1785153443261458000,121932490,121652369,-137.121,0.000,0.000,1.000,2.000,0.000,0.000,96.000,0,0,0
B3_zmq_pushpull,zmq_tcp,none,none,,1,6802,512,584,1785153443262424000,1785153443262424000,1785153443262424000,1785153443262425000,1785153443262584000,1785153443262586000,1785153443262586000,1785153443262586000,121932490,121652369,-121.121,0.000,0.000,1.000,2.000,0.000,0.000,16.000,0,0,0
B3_zmq_pushpull,zmq_tcp,none,none,,1,6803,512,584,1785153443263411000,1785153443263411000,1785153443263411000,1785153443263412000,1785153443263569000,1785153443263572000,1785153443263572000,1785153443263572000,121932490,121652369,-123.121,0.000,0.000,1.000,3.000,0.000,0.000,2.000,0,0,0
B3_zmq_pushpull,zmq_tcp,none,none,,1,6804,512,584,1785153443264536000,1785153443264536000,1785153443264536000,1785153443264537000,1785153443264705000,1785153443264708000,1785153443264708000,1785153443264708000,121932490,121652369,-112.121,0.000,0.000,1.000,3.000,0.000,0.000,11.000,0,0,0
B3_zmq_pushpull,zmq_tcp,none,none,,1,6805,512,584,1785153443265503000,1785153443265503000,1785153443265503000,1785153443265504000,1785153443265685000,1785153443265687000,1785153443265688000,1785153443265688000,121932490,121652369,-99.121,0.000,0.000,1.000,2.000,1.000,0.000,13.000,0,0,0
B3_zmq_pushpull,zmq_tcp,none,none,,1,6806,512,584,1785153443266509000,1785153443266509000,1785153443266509000,1785153443266510000,1785153443266673000,1785153443266675000,1785153443266676000,1785153443266676000,121932490,121652369,-117.121,0.000,0.000,1.000,2.000,1.000,0.000,18.000,0,0,0
B3_zmq_pushpull,zmq_tcp,none,none,,1,6807,512,584,1785153443267360000,1785153443267360000,1785153443267360000,1785153443267361000,1785153443267516000,1785153443267519000,1785153443267519000,1785153443267519000,121932490,121652369,-125.121,0.000,0.000,1.000,3.000,0.000,0.000,8.000,0,0,0
B3_zmq_pushpull,zmq_tcp,none,none,,1,6808,512,584,1785153443268551000,1785153443268552000,1785153443268552000,1785153443268553000,1785153443268749000,1785153443268751000,1785153443268751000,1785153443268751000,121932490,121652369,-84.121,1.000,0.000,1.000,2.000,0.000,0.000,41.000,0,0,0
B3_zmq_pushpull,zmq_tcp,none,none,,1,6809,512,584,1785153443269428000,1785153443269428000,1785153443269428000,1785153443269429000,1785153443269589000,1785153443269592000,1785153443269592000,1785153443269592000,121932490,121652369,-120.121,0.000,0.000,1.000,3.000,0.000,0.000,36.000,0,0,0
B3_zmq_pushpull,zmq_tcp,none,none,,1,6810,512,584,1785153443270532000,1785153443270532000,1785153443270532000,1785153443270533000,1785153443270714000,1785153443270716000,1785153443270716000,1785153443270716000,121932490,121652369,-99.121,0.000,0.000,1.000,2.000,0.000,0.000,21.000,0,0,0
B3_zmq_pushpull,zmq_tcp,none,none,,1,6811,512,584,1785153443271412000,1785153443271412000,1785153443271412000,1785153443271413000,1785153443271573000,1785153443271576000,1785153443271576000,1785153443271576000,121932490,121652369,-120.121,0.000,0.000,1.000,3.000,0.000,0.000,21.000,0,0,0
B3_zmq_pushpull,zmq_tcp,none,none,,1,6812,512,584,1785153443272534000,1785153443272534000,1785153443272534000,1785153443272535000,1785153443272702000,1785153443272707000,1785153443272707000,1785153443272707000,121932490,121652369,-113.121,0.000,0.000,1.000,5.000,0.000,0.000,7.000,0,0,0
B3_zmq_pushpull,zmq_tcp,none,none,,1,6813,512,584,1785153443273500000,1785153443273500000,1785153443273500000,1785153443273501000,1785153443273558000,1785153443273561000,1785153443273561000,1785153443273561000,121932490,121652369,-223.121,0.000,0.000,1.000,3.000,0.000,0.000,110.000,0,0,0
B3_zmq_pushpull,zmq_tcp,none,none,,1,6814,512,584,1785153443274513000,1785153443274513000,1785153443274513000,1785153443274514000,1785153443274686000,1785153443274689000,1785153443274689000,1785153443274689000,121932490,121652369,-108.121,0.000,0.000,1.000,3.000,0.000,0.000,115.000,0,0,0
B3_zmq_pushpull,zmq_tcp,none,none,,1,6815,512,584,1785153443275509000,1785153443275509000,1785153443275509000,1785153443275510000,1785153443275683000,1785153443275685000,1785153443275685000,1785153443275685000,121932490,121652369,-107.121,0.000,0.000,1.000,2.000,0.000,0.000,1.000,0,0,0
B3_zmq_pushpull,zmq_tcp,none,none,,1,6816,512,584,1785153443276511000,1785153443276511000,1785153443276511000,1785153443276512000,1785153443276684000,1785153443276686000,1785153443276686000,1785153443276686000,121932490,121652369,-108.121,0.000,0.000,1.000,2.000,0.000,0.000,1.000,0,0,0
B3_zmq_pushpull,zmq_tcp,none,none,,1,6817,512,584,1785153443277505000,1785153443277505000,1785153443277505000,1785153443277506000,1785153443277672000,1785153443277674000,1785153443277674000,1785153443277674000,121932490,121652369,-114.121,0.000,0.000,1.000,2.000,0.000,0.000,6.000,0,0,0
B3_zmq_pushpull,zmq_tcp,none,none,,1,6818,512,584,1785153443278511000,1785153443278511000,1785153443278511000,1785153443278512000,1785153443278662000,1785153443278665000,1785153443278665000,1785153443278665000,121932490,121652369,-130.121,0.000,0.000,1.000,3.000,0.000,0.000,16.000,0,0,0
B3_zmq_pushpull,zmq_tcp,none,none,,1,6819,512,584,1785153443279509000,1785153443279509000,1785153443279509000,1785153443279510000,1785153443279641000,1785153443279644000,1785153443279644000,1785153443279644000,121932490,121652369,-149.121,0.000,0.000,1.000,3.000,0.000,0.000,19.000,0,0,0
B3_zmq_pushpull,zmq_tcp,none,none,,1,6820,512,584,1785153443280509000,1785153443280509000,1785153443280509000,1785153443280510000,1785153443280626000,1785153443280629000,1785153443280629000,1785153443280629000,121932490,121652369,-164.121,0.000,0.000,1.000,3.000,0.000,0.000,15.000,0,0,0
B3_zmq_pushpull,zmq_tcp,none,none,,1,6821,512,584,1785153443281513000,1785153443281513000,1785153443281514000,1785153443281514000,1785153443281616000,1785153443281618000,1785153443281618000,1785153443281618000,121932490,121652369,-178.121,0.000,1.000,0.000,2.000,0.000,0.000,14.000,0,0,0
B3_zmq_pushpull,zmq_tcp,none,none,,1,6822,512,584,1785153443282509000,1785153443282510000,1785153443282510000,1785153443282511000,1785153443282617000,1785153443282620000,1785153443282620000,1785153443282620000,121932490,121652369,-174.121,1.000,0.000,1.000,3.000,0.000,0.000,4.000,0,0,0
B3_zmq_pushpull,zmq_tcp,none,none,,1,6823,512,584,1785153443283509000,1785153443283509000,1785153443283509000,1785153443283510000,1785153443283611000,1785153443283613000,1785153443283613000,1785153443283613000,121932490,121652369,-179.121,0.000,0.000,1.000,2.000,0.000,0.000,5.000,0,0,0
B3_zmq_pushpull,zmq_tcp,none,none,,1,6824,512,584,1785153443284511000,1785153443284512000,1785153443284512000,1785153443284513000,1785153443284603000,1785153443284606000,1785153443284606000,1785153443284606000,121932490,121652369,-190.121,1.000,0.000,1.000,3.000,0.000,0.000,11.000,0,0,0
B3_zmq_pushpull,zmq_tcp,none,none,,1,6825,512,584,1785153443285505000,1785153443285506000,1785153443285506000,1785153443285507000,1785153443285584000,1785153443285588000,1785153443285588000,1785153443285588000,121932490,121652369,-203.121,1.000,0.000,1.000,4.000,0.000,0.000,13.000,0,0,0
B3_zmq_pushpull,zmq_tcp,none,none,,1,6826,512,584,1785153443286511000,1785153443286511000,1785153443286511000,1785153443286512000,1785153443286568000,1785153443286571000,1785153443286571000,1785153443286571000,121932490,121652369,-224.121,0.000,0.000,1.000,3.000,0.000,0.000,21.000,0,0,0
B3_zmq_pushpull,zmq_tcp,none,none,,1,6827,512,584,1785153443287509000,1785153443287509000,1785153443287509000,1785153443287510000,1785153443287556000,1785153443287559000,1785153443287559000,1785153443287559000,121932490,121652369,-234.121,0.000,0.000,1.000,3.000,0.000,0.000,10.000,0,0,0
B3_zmq_pushpull,zmq_tcp,none,none,,1,6828,512,584,1785153443288514000,1785153443288514000,1785153443288514000,1785153443288515000,1785153443288692000,1785153443288694000,1785153443288694000,1785153443288694000,121932490,121652369,-103.121,0.000,0.000,1.000,2.000,0.000,0.000,131.000,0,0,0
B3_zmq_pushpull,zmq_tcp,none,none,,1,6829,512,584,1785153443289504000,1785153443289504000,1785153443289504000,1785153443289505000,1785153443289669000,1785153443289672000,1785153443289672000,1785153443289672000,121932490,121652369,-116.121,0.000,0.000,1.000,3.000,0.000,0.000,13.000,0,0,0
B3_zmq_pushpull,zmq_tcp,none,none,,1,6830,512,584,1785153443290513000,1785153443290514000,1785153443290514000,1785153443290515000,1785153443290673000,1785153443290677000,1785153443290677000,1785153443290677000,121932490,121652369,-122.121,1.000,0.000,1.000,4.000,0.000,0.000,6.000,0,0,0
B3_zmq_pushpull,zmq_tcp,none,none,,1,6831,512,584,1785153443291375000,1785153443291375000,1785153443291375000,1785153443291376000,1785153443291536000,1785153443291539000,1785153443291539000,1785153443291539000,121932490,121652369,-120.121,0.000,0.000,1.000,3.000,0.000,0.000,2.000,0,0,0
B3_zmq_pushpull,zmq_tcp,none,none,,1,6832,512,584,1785153443292544000,1785153443292544000,1785153443292544000,1785153443292545000,1785153443292645000,1785153443292648000,1785153443292648000,1785153443292648000,121932490,121652369,-180.121,0.000,0.000,1.000,3.000,0.000,0.000,60.000,0,0,0
B3_zmq_pushpull,zmq_tcp,none,none,,1,6833,512,584,1785153443293499000,1785153443293499000,1785153443293499000,1785153443293500000,1785153443293621000,1785153443293624000,1785153443293624000,1785153443293624000,121932490,121652369,-159.121,0.000,0.000,1.000,3.000,0.000,0.000,21.000,0,0,0
B3_zmq_pushpull,zmq_tcp,none,none,,1,6834,512,584,1785153443294512000,1785153443294512000,1785153443294512000,1785153443294513000,1785153443294597000,1785153443294600000,1785153443294600000,1785153443294600000,121932490,121652369,-196.121,0.000,0.000,1.000,3.000,0.000,0.000,37.000,0,0,0
B3_zmq_pushpull,zmq_tcp,none,none,,1,6835,512,584,1785153443295511000,1785153443295511000,1785153443295511000,1785153443295512000,1785153443295592000,1785153443295594000,1785153443295594000,1785153443295594000,121932490,121652369,-200.121,0.000,0.000,1.000,2.000,0.000,0.000,4.000,0,0,0
B3_zmq_pushpull,zmq_tcp,none,none,,1,6836,512,584,1785153443296509000,1785153443296510000,1785153443296510000,1785153443296511000,1785153443296576000,1785153443296580000,1785153443296580000,1785153443296580000,121932490,121652369,-215.121,1.000,0.000,1.000,4.000,0.000,0.000,15.000,0,0,0
B3_zmq_pushpull,zmq_tcp,none,none,,1,6837,512,584,1785153443297403000,1785153443297403000,1785153443297403000,1785153443297404000,1785153443297553000,1785153443297555000,1785153443297555000,1785153443297555000,121932490,121652369,-131.121,0.000,0.000,1.000,2.000,0.000,0.000,84.000,0,0,0
B3_zmq_pushpull,zmq_tcp,none,none,,1,6838,512,584,1785153443298539000,1785153443298539000,1785153443298539000,1785153443298540000,1785153443298677000,1785153443298680000,1785153443298680000,1785153443298680000,121932490,121652369,-143.121,0.000,0.000,1.000,3.000,0.000,0.000,12.000,0,0,0
B3_zmq_pushpull,zmq_tcp,none,none,,1,6839,512,584,1785153443299503000,1785153443299503000,1785153443299504000,1785153443299504000,1785153443299655000,1785153443299658000,1785153443299658000,1785153443299658000,121932490,121652369,-129.121,0.000,1.000,0.000,3.000,0.000,0.000,14.000,0,0,0
B3_zmq_pushpull,zmq_tcp,none,none,,1,6840,512,584,1785153443300511000,1785153443300511000,1785153443300511000,1785153443300512000,1785153443300641000,1785153443300644000,1785153443300644000,1785153443300644000,121932490,121652369,-151.121,0.000,0.000,1.000,3.000,0.000,0.000,22.000,0,0,0
B3_zmq_pushpull,zmq_tcp,none,none,,1,6841,512,584,1785153443301505000,1785153443301505000,1785153443301506000,1785153443301506000,1785153443301620000,1785153443301622000,1785153443301622000,1785153443301622000,121932490,121652369,-166.121,0.000,1.000,0.000,2.000,0.000,0.000,15.000,0,0,0
B3_zmq_pushpull,zmq_tcp,none,none,,1,6842,512,584,1785153443302511000,1785153443302511000,1785153443302511000,1785153443302512000,1785153443302616000,1785153443302618000,1785153443302618000,1785153443302618000,121932490,121652369,-176.121,0.000,0.000,1.000,2.000,0.000,0.000,10.000,0,0,0
B3_zmq_pushpull,zmq_tcp,none,none,,1,6843,512,584,1785153443303509000,1785153443303509000,1785153443303509000,1785153443303510000,1785153443303607000,1785153443303610000,1785153443303610000,1785153443303610000,121932490,121652369,-183.121,0.000,0.000,1.000,3.000,0.000,0.000,7.000,0,0,0
B3_zmq_pushpull,zmq_tcp,none,none,,1,6844,512,584,1785153443304512000,1785153443304512000,1785153443304512000,1785153443304513000,1785153443304598000,1785153443304602000,1785153443304602000,1785153443304602000,121932490,121652369,-195.121,0.000,0.000,1.000,4.000,0.000,0.000,12.000,0,0,0
B3_zmq_pushpull,zmq_tcp,none,none,,1,6845,512,584,1785153443305507000,1785153443305507000,1785153443305507000,1785153443305508000,1785153443305588000,1785153443305591000,1785153443305591000,1785153443305591000,121932490,121652369,-200.121,0.000,0.000,1.000,3.000,0.000,0.000,5.000,0,0,0
B3_zmq_pushpull,zmq_tcp,none,none,,1,6846,512,584,1785153443306511000,1785153443306511000,1785153443306511000,1785153443306512000,1785153443306578000,1785153443306581000,1785153443306581000,1785153443306581000,121932490,121652369,-214.121,0.000,0.000,1.000,3.000,0.000,0.000,14.000,0,0,0
B3_zmq_pushpull,zmq_tcp,none,none,,1,6847,512,584,1785153443307509000,1785153443307509000,1785153443307510000,1785153443307510000,1785153443307554000,1785153443307558000,1785153443307558000,1785153443307558000,121932490,121652369,-236.121,0.000,1.000,0.000,4.000,0.000,0.000,22.000,0,0,0
B3_zmq_pushpull,zmq_tcp,none,none,,1,6848,512,584,1785153443308510000,1785153443308510000,1785153443308510000,1785153443308511000,1785153443308674000,1785153443308676000,1785153443308676000,1785153443308676000,121932490,121652369,-117.121,0.000,0.000,1.000,2.000,0.000,0.000,119.000,0,0,0
B3_zmq_pushpull,zmq_tcp,none,none,,1,6849,512,584,1785153443309507000,1785153443309507000,1785153443309507000,1785153443309508000,1785153443309670000,1785153443309673000,1785153443309673000,1785153443309673000,121932490,121652369,-118.121,0.000,0.000,1.000,3.000,0.000,0.000,1.000,0,0,0
B3_zmq_pushpull,zmq_tcp,none,none,,1,6850,512,584,1785153443310371000,1785153443310371000,1785153443310371000,1785153443310372000,1785153443310532000,1785153443310534000,1785153443310534000,1785153443310534000,121932490,121652369,-120.121,0.000,0.000,1.000,2.000,0.000,0.000,2.000,0,0,0
B3_zmq_pushpull,zmq_tcp,none,none,,1,6851,512,584,1785153443311544000,1785153443311544000,1785153443311544000,1785153443311545000,1785153443311644000,1785153443311646000,1785153443311646000,1785153443311646000,121932490,121652369,-181.121,0.000,0.000,1.000,2.000,0.000,0.000,61.000,0,0,0
B3_zmq_pushpull,zmq_tcp,none,none,,1,6852,512,584,1785153443312503000,1785153443312503000,1785153443312503000,1785153443312504000,1785153443312637000,1785153443312640000,1785153443312640000,1785153443312640000,121932490,121652369,-147.121,0.000,0.000,1.000,3.000,0.000,0.000,34.000,0,0,0
B3_zmq_pushpull,zmq_tcp,none,none,,1,6853,512,584,1785153443313513000,1785153443313513000,1785153443313513000,1785153443313514000,1785153443313606000,1785153443313610000,1785153443313610000,1785153443313610000,121932490,121652369,-188.121,0.000,0.000,1.000,4.000,0.000,0.000,41.000,0,0,0
B3_zmq_pushpull,zmq_tcp,none,none,,1,6854,512,584,1785153443314509000,1785153443314510000,1785153443314510000,1785153443314511000,1785153443314584000,1785153443314587000,1785153443314587000,1785153443314587000,121932490,121652369,-207.121,1.000,0.000,1.000,3.000,0.000,0.000,19.000,0,0,0
B3_zmq_pushpull,zmq_tcp,none,none,,1,6855,512,584,1785153443315412000,1785153443315413000,1785153443315413000,1785153443315414000,1785153443315566000,1785153443315569000,1785153443315569000,1785153443315569000,121932490,121652369,-128.121,1.000,0.000,1.000,3.000,0.000,0.000,79.000,0,0,0
B3_zmq_pushpull,zmq_tcp,none,none,,1,6856,512,584,1785153443316388000,1785153443316388000,1785153443316388000,1785153443316389000,1785153443316544000,1785153443316547000,1785153443316547000,1785153443316547000,121932490,121652369,-125.121,0.000,0.000,1.000,3.000,0.000,0.000,3.000,0,0,0
B3_zmq_pushpull,zmq_tcp,none,none,,1,6857,512,584,1785153443317374000,1785153443317374000,1785153443317374000,1785153443317375000,1785153443317532000,1785153443317534000,1785153443317534000,1785153443317534000,121932490,121652369,-123.121,0.000,0.000,1.000,2.000,0.000,0.000,2.000,0,0,0
B3_zmq_pushpull,zmq_tcp,none,none,,1,6858,512,584,1785153443318374000,1785153443318374000,1785153443318374000,1785153443318375000,1785153443318534000,1785153443318537000,1785153443318537000,1785153443318537000,121932490,121652369,-121.121,0.000,0.000,1.000,3.000,0.000,0.000,2.000,0,0,0
B3_zmq_pushpull,zmq_tcp,none,none,,1,6859,512,584,1785153443319544000,1785153443319544000,1785153443319544000,1785153443319545000,1785153443319658000,1785153443319661000,1785153443319661000,1785153443319661000,121932490,121652369,-167.121,0.000,0.000,1.000,3.000,0.000,0.000,46.000,0,0,0
B3_zmq_pushpull,zmq_tcp,none,none,,1,6860,512,584,1785153443320500000,1785153443320500000,1785153443320501000,1785153443320501000,1785153443320654000,1785153443320658000,1785153443320658000,1785153443320658000,121932490,121652369,-127.121,0.000,1.000,0.000,4.000,0.000,0.000,40.000,0,0,0
B3_zmq_pushpull,zmq_tcp,none,none,,1,6861,512,584,1785153443321350000,1785153443321350000,1785153443321350000,1785153443321351000,1785153443321503000,1785153443321505000,1785153443321505000,1785153443321505000,121932490,121652369,-128.121,0.000,0.000,1.000,2.000,0.000,0.000,1.000,0,0,0
B3_zmq_pushpull,zmq_tcp,none,none,,1,6862,512,584,1785153443322328000,1785153443322329000,1785153443322329000,1785153443322330000,1785153443322480000,1785153443322482000,1785153443322482000,1785153443322482000,121932490,121652369,-130.121,1.000,0.000,1.000,2.000,0.000,0.000,2.000,0,0,0
B3_zmq_pushpull,zmq_tcp,none,none,,1,6863,512,584,1785153443323330000,1785153443323330000,1785153443323330000,1785153443323332000,1785153443323478000,1785153443323482000,1785153443323482000,1785153443323482000,121932490,121652369,-134.121,0.000,0.000,2.000,4.000,0.000,0.000,4.000,0,0,0
B3_zmq_pushpull,zmq_tcp,none,none,,1,6864,512,584,1785153443324435000,1785153443324435000,1785153443324435000,1785153443324436000,1785153443324593000,1785153443324596000,1785153443324596000,1785153443324596000,121932490,121652369,-123.121,0.000,0.000,1.000,3.000,0.000,0.000,11.000,0,0,0
B3_zmq_pushpull,zmq_tcp,none,none,,1,6865,512,584,1785153443325430000,1785153443325430000,1785153443325430000,1785153443325431000,1785153443325589000,1785153443325592000,1785153443325592000,1785153443325592000,121932490,121652369,-122.121,0.000,0.000,1.000,3.000,0.000,0.000,1.000,0,0,0
B3_zmq_pushpull,zmq_tcp,none,none,,1,6866,512,584,1785153443326412000,1785153443326413000,1785153443326413000,1785153443326414000,1785153443326573000,1785153443326576000,1785153443326576000,1785153443326576000,121932490,121652369,-121.121,1.000,0.000,1.000,3.000,0.000,0.000,1.000,0,0,0
B3_zmq_pushpull,zmq_tcp,none,none,,1,6867,512,584,1785153443327534000,1785153443327534000,1785153443327534000,1785153443327535000,1785153443327673000,1785153443327676000,1785153443327676000,1785153443327676000,121932490,121652369,-142.121,0.000,0.000,1.000,3.000,0.000,0.000,21.000,0,0,0
B3_zmq_pushpull,zmq_tcp,none,none,,1,6868,512,584,1785153443328504000,1785153443328504000,1785153443328504000,1785153443328505000,1785153443328633000,1785153443328636000,1785153443328636000,1785153443328636000,121932490,121652369,-152.121,0.000,0.000,1.000,3.000,0.000,0.000,10.000,0,0,0
B3_zmq_pushpull,zmq_tcp,none,none,,1,6869,512,584,1785153443329330000,1785153443329330000,1785153443329330000,1785153443329331000,1785153443329483000,1785153443329485000,1785153443329485000,1785153443329485000,121932490,121652369,-128.121,0.000,0.000,1.000,2.000,0.000,0.000,24.000,0,0,0
B3_zmq_pushpull,zmq_tcp,none,none,,1,6870,512,584,1785153443330330000,1785153443330330000,1785153443330330000,1785153443330331000,1785153443330485000,1785153443330488000,1785153443330488000,1785153443330488000,121932490,121652369,-126.121,0.000,0.000,1.000,3.000,0.000,0.000,2.000,0,0,0
B3_zmq_pushpull,zmq_tcp,none,none,,1,6871,512,584,1785153443331552000,1785153443331552000,1785153443331552000,1785153443331553000,1785153443331748000,1785153443331751000,1785153443331751000,1785153443331751000,121932490,121652369,-85.121,0.000,0.000,1.000,3.000,0.000,0.000,41.000,0,0,0
B3_zmq_pushpull,zmq_tcp,none,none,,1,6872,512,584,1785153443332316000,1785153443332317000,1785153443332317000,1785153443332318000,1785153443332461000,1785153443332464000,1785153443332464000,1785153443332464000,121932490,121652369,-137.121,1.000,0.000,1.000,3.000,0.000,0.000,52.000,0,0,0
B3_zmq_pushpull,zmq_tcp,none,none,,1,6873,512,584,1785153443333421000,1785153443333421000,1785153443333421000,1785153443333422000,1785153443333571000,1785153443333573000,1785153443333573000,1785153443333573000,121932490,121652369,-131.121,0.000,0.000,1.000,2.000,0.000,0.000,6.000,0,0,0
B3_zmq_pushpull,zmq_tcp,none,none,,1,6874,512,584,1785153443334532000,1785153443334533000,1785153443334533000,1785153443334534000,1785153443334683000,1785153443334686000,1785153443334686000,1785153443334686000,121932490,121652369,-131.121,1.000,0.000,1.000,3.000,0.000,0.000,0.000,0,0,0
B3_zmq_pushpull,zmq_tcp,none,none,,1,6875,512,584,1785153443335504000,1785153443335505000,1785153443335505000,1785153443335506000,1785153443335654000,1785153443335657000,1785153443335657000,1785153443335657000,121932490,121652369,-132.121,1.000,0.000,1.000,3.000,0.000,0.000,1.000,0,0,0
B3_zmq_pushpull,zmq_tcp,none,none,,1,6876,512,584,1785153443336512000,1785153443336512000,1785153443336512000,1785153443336513000,1785153443336627000,1785153443336630000,1785153443336630000,1785153443336630000,121932490,121652369,-166.121,0.000,0.000,1.000,3.000,0.000,0.000,34.000,0,0,0
B3_zmq_pushpull,zmq_tcp,none,none,,1,6877,512,584,1785153443337507000,1785153443337507000,1785153443337507000,1785153443337508000,1785153443337615000,1785153443337617000,1785153443337617000,1785153443337617000,121932490,121652369,-173.121,0.000,0.000,1.000,2.000,0.000,0.000,7.000,0,0,0
B3_zmq_pushpull,zmq_tcp,none,none,,1,6878,512,584,1785153443338513000,1785153443338514000,1785153443338514000,1785153443338515000,1785153443338604000,1785153443338607000,1785153443338607000,1785153443338607000,121932490,121652369,-191.121,1.000,0.000,1.000,3.000,0.000,0.000,18.000,0,0,0
B3_zmq_pushpull,zmq_tcp,none,none,,1,6879,512,584,1785153443339508000,1785153443339508000,1785153443339508000,1785153443339509000,1785153443339574000,1785153443339577000,1785153443339577000,1785153443339577000,121932490,121652369,-215.121,0.000,0.000,1.000,3.000,0.000,0.000,24.000,0,0,0
B3_zmq_pushpull,zmq_tcp,none,none,,1,6880,512,584,1785153443340513000,1785153443340513000,1785153443340513000,1785153443340514000,1785153443340687000,1785153443340689000,1785153443340689000,1785153443340689000,121932490,121652369,-107.121,0.000,0.000,1.000,2.000,0.000,0.000,108.000,0,0,0
B3_zmq_pushpull,zmq_tcp,none,none,,1,6881,512,584,1785153443341506000,1785153443341506000,1785153443341506000,1785153443341507000,1785153443341549000,1785153443341552000,1785153443341553000,1785153443341553000,121932490,121652369,-238.121,0.000,0.000,1.000,3.000,1.000,0.000,131.000,0,0,0
B3_zmq_pushpull,zmq_tcp,none,none,,1,6882,512,584,1785153443342511000,1785153443342511000,1785153443342511000,1785153443342512000,1785153443342684000,1785153443342687000,1785153443342687000,1785153443342687000,121932490,121652369,-108.121,0.000,0.000,1.000,3.000,0.000,0.000,130.000,0,0,0
B3_zmq_pushpull,zmq_tcp,none,none,,1,6883,512,584,1785153443343510000,1785153443343510000,1785153443343510000,1785153443343511000,1785153443343681000,1785153443343684000,1785153443343684000,1785153443343684000,121932490,121652369,-110.121,0.000,0.000,1.000,3.000,0.000,0.000,2.000,0,0,0
B3_zmq_pushpull,zmq_tcp,none,none,,1,6884,512,584,1785153443344510000,1785153443344510000,1785153443344510000,1785153443344511000,1785153443344659000,1785153443344661000,1785153443344661000,1785153443344661000,121932490,121652369,-132.121,0.000,0.000,1.000,2.000,0.000,0.000,22.000,0,0,0
B3_zmq_pushpull,zmq_tcp,none,none,,1,6885,512,584,1785153443345508000,1785153443345508000,1785153443345508000,1785153443345509000,1785153443345653000,1785153443345656000,1785153443345656000,1785153443345656000,121932490,121652369,-136.121,0.000,0.000,1.000,3.000,0.000,0.000,4.000,0,0,0
B3_zmq_pushpull,zmq_tcp,none,none,,1,6886,512,584,1785153443346514000,1785153443346514000,1785153443346514000,1785153443346515000,1785153443346637000,1785153443346640000,1785153443346640000,1785153443346640000,121932490,121652369,-158.121,0.000,0.000,1.000,3.000,0.000,0.000,22.000,0,0,0
B3_zmq_pushpull,zmq_tcp,none,none,,1,6887,512,584,1785153443347512000,1785153443347512000,1785153443347512000,1785153443347513000,1785153443347603000,1785153443347605000,1785153443347605000,1785153443347605000,121932490,121652369,-190.121,0.000,0.000,1.000,2.000,0.000,0.000,32.000,0,0,0
B3_zmq_pushpull,zmq_tcp,none,none,,1,6888,512,584,1785153443348508000,1785153443348508000,1785153443348508000,1785153443348509000,1785153443348588000,1785153443348591000,1785153443348591000,1785153443348591000,121932490,121652369,-201.121,0.000,0.000,1.000,3.000,0.000,0.000,11.000,0,0,0
B3_zmq_pushpull,zmq_tcp,none,none,,1,6889,512,584,1785153443349510000,1785153443349511000,1785153443349511000,1785153443349512000,1785153443349554000,1785153443349557000,1785153443349557000,1785153443349557000,121932490,121652369,-238.121,1.000,0.000,1.000,3.000,0.000,0.000,37.000,0,0,0
B3_zmq_pushpull,zmq_tcp,none,none,,1,6890,512,584,1785153443350387000,1785153443350387000,1785153443350387000,1785153443350388000,1785153443350540000,1785153443350542000,1785153443350543000,1785153443350543000,121932490,121652369,-128.121,0.000,0.000,1.000,2.000,1.000,0.000,110.000,0,0,0
B3_zmq_pushpull,zmq_tcp,none,none,,1,6891,512,584,1785153443351541000,1785153443351541000,1785153443351541000,1785153443351542000,1785153443351696000,1785153443351703000,1785153443351703000,1785153443351703000,121932490,121652369,-126.121,0.000,0.000,1.000,7.000,0.000,0.000,2.000,0,0,0
B3_zmq_pushpull,zmq_tcp,none,none,,1,6892,512,584,1785153443352499000,1785153443352499000,1785153443352499000,1785153443352500000,1785153443352564000,1785153443352567000,1785153443352567000,1785153443352567000,121932490,121652369,-216.121,0.000,0.000,1.000,3.000,0.000,0.000,90.000,0,0,0
B3_zmq_pushpull,zmq_tcp,none,none,,1,6893,512,584,1785153443353517000,1785153443353517000,1785153443353517000,1785153443353518000,1785153443353711000,1785153443353713000,1785153443353713000,1785153443353713000,121932490,121652369,-87.121,0.000,0.000,1.000,2.000,0.000,0.000,129.000,0,0,0
B3_zmq_pushpull,zmq_tcp,none,none,,1,6894,512,584,1785153443354508000,1785153443354508000,1785153443354509000,1785153443354509000,1785153443354697000,1785153443354700000,1785153443354700000,1785153443354700000,121932490,121652369,-92.121,0.000,1.000,0.000,3.000,0.000,0.000,5.000,0,0,0
B3_zmq_pushpull,zmq_tcp,none,none,,1,6895,512,584,1785153443355379000,1785153443355379000,1785153443355379000,1785153443355380000,1785153443355529000,1785153443355532000,1785153443355532000,1785153443355532000,121932490,121652369,-131.121,0.000,0.000,1.000,3.000,0.000,0.000,39.000,0,0,0
B3_zmq_pushpull,zmq_tcp,none,none,,1,6896,512,584,1785153443356367000,1785153443356367000,1785153443356368000,1785153443356368000,1785153443356519000,1785153443356521000,1785153443356521000,1785153443356521000,121932490,121652369,-129.121,0.000,1.000,0.000,2.000,0.000,0.000,2.000,0,0,0
B3_zmq_pushpull,zmq_tcp,none,none,,1,6897,512,584,1785153443357334000,1785153443357334000,1785153443357334000,1785153443357335000,1785153443357478000,1785153443357480000,1785153443357480000,1785153443357480000,121932490,121652369,-137.121,0.000,0.000,1.000,2.000,0.000,0.000,8.000,0,0,0
B3_zmq_pushpull,zmq_tcp,none,none,,1,6898,512,584,1785153443358321000,1785153443358321000,1785153443358321000,1785153443358323000,1785153443358469000,1785153443358472000,1785153443358472000,1785153443358472000,121932490,121652369,-134.121,0.000,0.000,2.000,3.000,0.000,0.000,3.000,0,0,0
B3_zmq_pushpull,zmq_tcp,none,none,,1,6899,512,584,1785153443359560000,1785153443359560000,1785153443359560000,1785153443359561000,1785153443359614000,1785153443359617000,1785153443359617000,1785153443359617000,121932490,121652369,-227.121,0.000,0.000,1.000,3.000,0.000,0.000,93.000,0,0,0
B3_zmq_pushpull,zmq_tcp,none,none,,1,6900,512,584,1785153443360498000,1785153443360498000,1785153443360498000,1785153443360499000,1785153443360588000,1785153443360591000,1785153443360591000,1785153443360591000,121932490,121652369,-191.121,0.000,0.000,1.000,3.000,0.000,0.000,36.000,0,0,0
B3_zmq_pushpull,zmq_tcp,none,none,,1,6901,512,584,1785153443361516000,1785153443361516000,1785153443361516000,1785153443361517000,1785153443361692000,1785153443361695000,1785153443361695000,1785153443361695000,121932490,121652369,-105.121,0.000,0.000,1.000,3.000,0.000,0.000,86.000,0,0,0
B3_zmq_pushpull,zmq_tcp,none,none,,1,6902,512,584,1785153443362381000,1785153443362381000,1785153443362381000,1785153443362382000,1785153443362523000,1785153443362526000,1785153443362526000,1785153443362526000,121932490,121652369,-139.121,0.000,0.000,1.000,3.000,0.000,0.000,34.000,0,0,0
B3_zmq_pushpull,zmq_tcp,none,none,,1,6903,512,584,1785153443363361000,1785153443363361000,1785153443363361000,1785153443363362000,1785153443363494000,1785153443363496000,1785153443363496000,1785153443363496000,121932490,121652369,-148.121,0.000,0.000,1.000,2.000,0.000,0.000,9.000,0,0,0
B3_zmq_pushpull,zmq_tcp,none,none,,1,6904,512,584,1785153443364544000,1785153443364544000,1785153443364545000,1785153443364545000,1785153443364612000,1785153443364615000,1785153443364615000,1785153443364615000,121932490,121652369,-213.121,0.000,1.000,0.000,3.000,0.000,0.000,65.000,0,0,0
B3_zmq_pushpull,zmq_tcp,none,none,,1,6905,512,584,1785153443365504000,1785153443365504000,1785153443365504000,1785153443365505000,1785153443365612000,1785153443365615000,1785153443365615000,1785153443365615000,121932490,121652369,-173.121,0.000,0.000,1.000,3.000,0.000,0.000,40.000,0,0,0
B3_zmq_pushpull,zmq_tcp,none,none,,1,6906,512,584,1785153443366511000,1785153443366511000,1785153443366511000,1785153443366512000,1785153443366605000,1785153443366608000,1785153443366608000,1785153443366608000,121932490,121652369,-187.121,0.000,0.000,1.000,3.000,0.000,0.000,14.000,0,0,0
B3_zmq_pushpull,zmq_tcp,none,none,,1,6907,512,584,1785153443367511000,1785153443367511000,1785153443367511000,1785153443367512000,1785153443367605000,1785153443367608000,1785153443367609000,1785153443367609000,121932490,121652369,-187.121,0.000,0.000,1.000,3.000,1.000,0.000,0.000,0,0,0
B3_zmq_pushpull,zmq_tcp,none,none,,1,6908,512,584,1785153443368510000,1785153443368510000,1785153443368510000,1785153443368511000,1785153443368603000,1785153443368605000,1785153443368605000,1785153443368605000,121932490,121652369,-188.121,0.000,0.000,1.000,2.000,0.000,0.000,1.000,0,0,0
B3_zmq_pushpull,zmq_tcp,none,none,,1,6909,512,584,1785153443369510000,1785153443369510000,1785153443369510000,1785153443369511000,1785153443369573000,1785153443369576000,1785153443369576000,1785153443369576000,121932490,121652369,-218.121,0.000,0.000,1.000,3.000,0.000,0.000,30.000,0,0,0
B3_zmq_pushpull,zmq_tcp,none,none,,1,6910,512,584,1785153443370510000,1785153443370510000,1785153443370510000,1785153443370511000,1785153443370693000,1785153443370696000,1785153443370696000,1785153443370696000,121932490,121652369,-98.121,0.000,0.000,1.000,3.000,0.000,0.000,120.000,0,0,0
B3_zmq_pushpull,zmq_tcp,none,none,,1,6911,512,584,1785153443371507000,1785153443371507000,1785153443371507000,1785153443371508000,1785153443371552000,1785153443371556000,1785153443371556000,1785153443371556000,121932490,121652369,-236.121,0.000,0.000,1.000,4.000,0.000,0.000,138.000,0,0,0
B3_zmq_pushpull,zmq_tcp,none,none,,1,6912,512,584,1785153443372511000,1785153443372511000,1785153443372511000,1785153443372512000,1785153443372687000,1785153443372689000,1785153443372689000,1785153443372689000,121932490,121652369,-105.121,0.000,0.000,1.000,2.000,0.000,0.000,131.000,0,0,0
B3_zmq_pushpull,zmq_tcp,none,none,,1,6913,512,584,1785153443373512000,1785153443373512000,1785153443373512000,1785153443373513000,1785153443373691000,1785153443373693000,1785153443373694000,1785153443373694000,121932490,121652369,-102.121,0.000,0.000,1.000,2.000,1.000,0.000,3.000,0,0,0
B3_zmq_pushpull,zmq_tcp,none,none,,1,6914,512,584,1785153443374506000,1785153443374506000,1785153443374506000,1785153443374507000,1785153443374667000,1785153443374669000,1785153443374669000,1785153443374670000,121932490,121652369,-120.121,0.000,0.000,1.000,2.000,0.000,1.000,18.000,0,0,0
B3_zmq_pushpull,zmq_tcp,none,none,,1,6915,512,584,1785153443375512000,1785153443375512000,1785153443375512000,1785153443375513000,1785153443375657000,1785153443375660000,1785153443375660000,1785153443375660000,121932490,121652369,-136.121,0.000,0.000,1.000,3.000,0.000,0.000,16.000,0,0,0
B3_zmq_pushpull,zmq_tcp,none,none,,1,6916,512,584,1785153443376510000,1785153443376510000,1785153443376510000,1785153443376511000,1785153443376640000,1785153443376644000,1785153443376644000,1785153443376644000,121932490,121652369,-151.121,0.000,0.000,1.000,4.000,0.000,0.000,15.000,0,0,0
B3_zmq_pushpull,zmq_tcp,none,none,,1,6917,512,584,1785153443377510000,1785153443377510000,1785153443377510000,1785153443377511000,1785153443377617000,1785153443377620000,1785153443377620000,1785153443377620000,121932490,121652369,-174.121,0.000,0.000,1.000,3.000,0.000,0.000,23.000,0,0,0
B3_zmq_pushpull,zmq_tcp,none,none,,1,6918,512,584,1785153443378510000,1785153443378510000,1785153443378510000,1785153443378511000,1785153443378600000,1785153443378604000,1785153443378604000,1785153443378604000,121932490,121652369,-191.121,0.000,0.000,1.000,4.000,0.000,0.000,17.000,0,0,0
B3_zmq_pushpull,zmq_tcp,none,none,,1,6919,512,584,1785153443379512000,1785153443379512000,1785153443379512000,1785153443379513000,1785153443379577000,1785153443379581000,1785153443379581000,1785153443379581000,121932490,121652369,-216.121,0.000,0.000,1.000,4.000,0.000,0.000,25.000,0,0,0
B3_zmq_pushpull,zmq_tcp,none,none,,1,6920,512,584,1785153443380510000,1785153443380510000,1785153443380510000,1785153443380511000,1785153443380566000,1785153443380569000,1785153443380569000,1785153443380569000,121932490,121652369,-225.121,0.000,0.000,1.000,3.000,0.000,0.000,9.000,0,0,0
B3_zmq_pushpull,zmq_tcp,none,none,,1,6921,512,584,1785153443381512000,1785153443381512000,1785153443381512000,1785153443381513000,1785153443381702000,1785153443381704000,1785153443381704000,1785153443381704000,121932490,121652369,-91.121,0.000,0.000,1.000,2.000,0.000,0.000,134.000,0,0,0
B3_zmq_pushpull,zmq_tcp,none,none,,1,6922,512,584,1785153443382508000,1785153443382509000,1785153443382509000,1785153443382509000,1785153443382559000,1785153443382562000,1785153443382562000,1785153443382562000,121932490,121652369,-230.121,1.000,0.000,0.000,3.000,0.000,0.000,139.000,0,0,0
B3_zmq_pushpull,zmq_tcp,none,none,,1,6923,512,584,1785153443383510000,1785153443383510000,1785153443383510000,1785153443383511000,1785153443383556000,1785153443383560000,1785153443383560000,1785153443383560000,121932490,121652369,-235.121,0.000,0.000,1.000,4.000,0.000,0.000,5.000,0,0,0
B3_zmq_pushpull,zmq_tcp,none,none,,1,6924,512,584,1785153443384510000,1785153443384510000,1785153443384510000,1785153443384511000,1785153443384546000,1785153443384549000,1785153443384549000,1785153443384549000,121932490,121652369,-245.121,0.000,0.000,1.000,3.000,0.000,0.000,10.000,0,0,0
B3_zmq_pushpull,zmq_tcp,none,none,,1,6925,512,584,1785153443385366000,1785153443385366000,1785153443385366000,1785153443385367000,1785153443385520000,1785153443385523000,1785153443385523000,1785153443385523000,121932490,121652369,-127.121,0.000,0.000,1.000,3.000,0.000,0.000,118.000,0,0,0
B3_zmq_pushpull,zmq_tcp,none,none,,1,6926,512,584,1785153443386358000,1785153443386358000,1785153443386358000,1785153443386359000,1785153443386519000,1785153443386521000,1785153443386521000,1785153443386521000,121932490,121652369,-120.121,0.000,0.000,1.000,2.000,0.000,0.000,7.000,0,0,0
B3_zmq_pushpull,zmq_tcp,none,none,,1,6927,512,584,1785153443387341000,1785153443387341000,1785153443387341000,1785153443387342000,1785153443387502000,1785153443387504000,1785153443387504000,1785153443387504000,121932490,121652369,-120.121,0.000,0.000,1.000,2.000,0.000,0.000,0.000,0,0,0
B3_zmq_pushpull,zmq_tcp,none,none,,1,6928,512,584,1785153443388552000,1785153443388553000,1785153443388553000,1785153443388554000,1785153443388745000,1785153443388748000,1785153443388748000,1785153443388748000,121932490,121652369,-89.121,1.000,0.000,1.000,3.000,0.000,0.000,31.000,0,0,0
B3_zmq_pushpull,zmq_tcp,none,none,,1,6929,512,584,1785153443389500000,1785153443389500000,1785153443389500000,1785153443389501000,1785153443389595000,1785153443389597000,1785153443389598000,1785153443389598000,121932490,121652369,-186.121,0.000,0.000,1.000,2.000,1.000,0.000,97.000,0,0,0
B3_zmq_pushpull,zmq_tcp,none,none,,1,6930,512,584,1785153443390512000,1785153443390513000,1785153443390513000,1785153443390514000,1785153443390563000,1785153443390566000,1785153443390566000,1785153443390566000,121932490,121652369,-231.121,1.000,0.000,1.000,3.000,0.000,0.000,45.000,0,0,0
B3_zmq_pushpull,zmq_tcp,none,none,,1,6931,512,584,1785153443391401000,1785153443391401000,1785153443391401000,1785153443391402000,1785153443391553000,1785153443391556000,1785153443391556000,1785153443391556000,121932490,121652369,-129.121,0.000,0.000,1.000,3.000,0.000,0.000,102.000,0,0,0
B3_zmq_pushpull,zmq_tcp,none,none,,1,6932,512,584,1785153443392361000,1785153443392361000,1785153443392361000,1785153443392362000,1785153443392505000,1785153443392508000,1785153443392508000,1785153443392508000,121932490,121652369,-137.121,0.000,0.000,1.000,3.000,0.000,0.000,8.000,0,0,0
B3_zmq_pushpull,zmq_tcp,none,none,,1,6933,512,584,1785153443393354000,1785153443393354000,1785153443393354000,1785153443393355000,1785153443393514000,1785153443393516000,1785153443393516000,1785153443393516000,121932490,121652369,-121.121,0.000,0.000,1.000,2.000,0.000,0.000,16.000,0,0,0
B3_zmq_pushpull,zmq_tcp,none,none,,1,6934,512,584,1785153443394341000,1785153443394341000,1785153443394341000,1785153443394342000,1785153443394500000,1785153443394503000,1785153443394503000,1785153443394503000,121932490,121652369,-122.121,0.000,0.000,1.000,3.000,0.000,0.000,1.000,0,0,0
B3_zmq_pushpull,zmq_tcp,none,none,,1,6935,512,584,1785153443395337000,1785153443395337000,1785153443395337000,1785153443395338000,1785153443395492000,1785153443395495000,1785153443395495000,1785153443395495000,121932490,121652369,-126.121,0.000,0.000,1.000,3.000,0.000,0.000,4.000,0,0,0
B3_zmq_pushpull,zmq_tcp,none,none,,1,6936,512,584,1785153443396320000,1785153443396320000,1785153443396320000,1785153443396321000,1785153443396468000,1785153443396471000,1785153443396471000,1785153443396471000,121932490,121652369,-133.121,0.000,0.000,1.000,3.000,0.000,0.000,7.000,0,0,0
B3_zmq_pushpull,zmq_tcp,none,none,,1,6937,512,584,1785153443397437000,1785153443397437000,1785153443397437000,1785153443397438000,1785153443397590000,1785153443397593000,1785153443397593000,1785153443397593000,121932490,121652369,-128.121,0.000,0.000,1.000,3.000,0.000,0.000,5.000,0,0,0
B3_zmq_pushpull,zmq_tcp,none,none,,1,6938,512,584,1785153443398417000,1785153443398417000,1785153443398417000,1785153443398418000,1785153443398558000,1785153443398561000,1785153443398561000,1785153443398561000,121932490,121652369,-140.121,0.000,0.000,1.000,3.000,0.000,0.000,12.000,0,0,0
B3_zmq_pushpull,zmq_tcp,none,none,,1,6939,512,584,1785153443399388000,1785153443399388000,1785153443399388000,1785153443399389000,1785153443399541000,1785153443399544000,1785153443399544000,1785153443399544000,121932490,121652369,-128.121,0.000,0.000,1.000,3.000,0.000,0.000,12.000,0,0,0
B3_zmq_pushpull,zmq_tcp,none,none,,1,6940,512,584,1785153443400375000,1785153443400375000,1785153443400375000,1785153443400376000,1785153443400534000,1785153443400536000,1785153443400536000,1785153443400536000,121932490,121652369,-122.121,0.000,0.000,1.000,2.000,0.000,0.000,6.000,0,0,0
B3_zmq_pushpull,zmq_tcp,none,none,,1,6941,512,584,1785153443401546000,1785153443401546000,1785153443401546000,1785153443401547000,1785153443401667000,1785153443401670000,1785153443401670000,1785153443401670000,121932490,121652369,-160.121,0.000,0.000,1.000,3.000,0.000,0.000,38.000,0,0,0
B3_zmq_pushpull,zmq_tcp,none,none,,1,6942,512,584,1785153443402506000,1785153443402507000,1785153443402507000,1785153443402508000,1785153443402655000,1785153443402658000,1785153443402658000,1785153443402658000,121932490,121652369,-133.121,1.000,0.000,1.000,3.000,0.000,0.000,27.000,0,0,0
B3_zmq_pushpull,zmq_tcp,none,none,,1,6943,512,584,1785153443403346000,1785153443403346000,1785153443403346000,1785153443403347000,1785153443403506000,1785153443403508000,1785153443403508000,1785153443403508000,121932490,121652369,-121.121,0.000,0.000,1.000,2.000,0.000,0.000,12.000,0,0,0
B3_zmq_pushpull,zmq_tcp,none,none,,1,6944,512,584,1785153443404551000,1785153443404551000,1785153443404551000,1785153443404552000,1785153443404624000,1785153443404627000,1785153443404627000,1785153443404627000,121932490,121652369,-208.121,0.000,0.000,1.000,3.000,0.000,0.000,87.000,0,0,0
B3_zmq_pushpull,zmq_tcp,none,none,,1,6945,512,584,1785153443405501000,1785153443405501000,1785153443405501000,1785153443405502000,1785153443405602000,1785153443405604000,1785153443405604000,1785153443405604000,121932490,121652369,-180.121,0.000,0.000,1.000,2.000,0.000,0.000,28.000,0,0,0
B3_zmq_pushpull,zmq_tcp,none,none,,1,6946,512,584,1785153443406518000,1785153443406518000,1785153443406518000,1785153443406519000,1785153443406583000,1785153443406586000,1785153443406586000,1785153443406586000,121932490,121652369,-216.121,0.000,0.000,1.000,3.000,0.000,0.000,36.000,0,0,0
B3_zmq_pushpull,zmq_tcp,none,none,,1,6947,512,584,1785153443407505000,1785153443407505000,1785153443407505000,1785153443407506000,1785153443407585000,1785153443407588000,1785153443407588000,1785153443407588000,121932490,121652369,-201.121,0.000,0.000,1.000,3.000,0.000,0.000,15.000,0,0,0
B3_zmq_pushpull,zmq_tcp,none,none,,1,6948,512,584,1785153443408415000,1785153443408415000,1785153443408415000,1785153443408416000,1785153443408572000,1785153443408575000,1785153443408575000,1785153443408575000,121932490,121652369,-124.121,0.000,0.000,1.000,3.000,0.000,0.000,77.000,0,0,0
B3_zmq_pushpull,zmq_tcp,none,none,,1,6949,512,584,1785153443409405000,1785153443409405000,1785153443409405000,1785153443409406000,1785153443409563000,1785153443409566000,1785153443409566000,1785153443409566000,121932490,121652369,-123.121,0.000,0.000,1.000,3.000,0.000,0.000,1.000,0,0,0
B3_zmq_pushpull,zmq_tcp,none,none,,1,6950,512,584,1785153443410391000,1785153443410391000,1785153443410391000,1785153443410392000,1785153443410540000,1785153443410543000,1785153443410543000,1785153443410543000,121932490,121652369,-132.121,0.000,0.000,1.000,3.000,0.000,0.000,9.000,0,0,0
B3_zmq_pushpull,zmq_tcp,none,none,,1,6951,512,584,1785153443411537000,1785153443411537000,1785153443411537000,1785153443411538000,1785153443411647000,1785153443411650000,1785153443411650000,1785153443411650000,121932490,121652369,-171.121,0.000,0.000,1.000,3.000,0.000,0.000,39.000,0,0,0
B3_zmq_pushpull,zmq_tcp,none,none,,1,6952,512,584,1785153443412503000,1785153443412503000,1785153443412503000,1785153443412504000,1785153443412622000,1785153443412624000,1785153443412624000,1785153443412624000,121932490,121652369,-162.121,0.000,0.000,1.000,2.000,0.000,0.000,9.000,0,0,0
B3_zmq_pushpull,zmq_tcp,none,none,,1,6953,512,584,1785153443413512000,1785153443413512000,1785153443413512000,1785153443413513000,1785153443413582000,1785153443413585000,1785153443413585000,1785153443413585000,121932490,121652369,-211.121,0.000,0.000,1.000,3.000,0.000,0.000,49.000,0,0,0
B3_zmq_pushpull,zmq_tcp,none,none,,1,6954,512,584,1785153443414507000,1785153443414507000,1785153443414507000,1785153443414508000,1785153443414578000,1785153443414580000,1785153443414580000,1785153443414580000,121932490,121652369,-210.121,0.000,0.000,1.000,2.000,0.000,0.000,1.000,0,0,0
B3_zmq_pushpull,zmq_tcp,none,none,,1,6955,512,584,1785153443415513000,1785153443415513000,1785153443415513000,1785153443415514000,1785153443415706000,1785153443415708000,1785153443415708000,1785153443415708000,121932490,121652369,-88.121,0.000,0.000,1.000,2.000,0.000,0.000,122.000,0,0,0
B3_zmq_pushpull,zmq_tcp,none,none,,1,6956,512,584,1785153443416510000,1785153443416510000,1785153443416510000,1785153443416511000,1785153443416700000,1785153443416703000,1785153443416703000,1785153443416703000,121932490,121652369,-91.121,0.000,0.000,1.000,3.000,0.000,0.000,3.000,0,0,0
B3_zmq_pushpull,zmq_tcp,none,none,,1,6957,512,584,1785153443417510000,1785153443417510000,1785153443417510000,1785153443417511000,1785153443417568000,1785153443417572000,1785153443417572000,1785153443417572000,121932490,121652369,-223.121,0.000,0.000,1.000,4.000,0.000,0.000,132.000,0,0,0
B3_zmq_pushpull,zmq_tcp,none,none,,1,6958,512,584,1785153443418507000,1785153443418507000,1785153443418507000,1785153443418508000,1785153443418558000,1785153443418561000,1785153443418561000,1785153443418561000,121932490,121652369,-230.121,0.000,0.000,1.000,3.000,0.000,0.000,7.000,0,0,0
B3_zmq_pushpull,zmq_tcp,none,none,,1,6959,512,584,1785153443419511000,1785153443419511000,1785153443419511000,1785153443419512000,1785153443419555000,1785153443419558000,1785153443419558000,1785153443419558000,121932490,121652369,-237.121,0.000,0.000,1.000,3.000,0.000,0.000,7.000,0,0,0
B3_zmq_pushpull,zmq_tcp,none,none,,1,6960,512,584,1785153443420405000,1785153443420405000,1785153443420405000,1785153443420406000,1785153443420564000,1785153443420567000,1785153443420567000,1785153443420567000,121932490,121652369,-122.121,0.000,0.000,1.000,3.000,0.000,0.000,115.000,0,0,0
B3_zmq_pushpull,zmq_tcp,none,none,,1,6961,512,584,1785153443421386000,1785153443421386000,1785153443421387000,1785153443421387000,1785153443421543000,1785153443421546000,1785153443421546000,1785153443421546000,121932490,121652369,-124.121,0.000,1.000,0.000,3.000,0.000,0.000,2.000,0,0,0
B3_zmq_pushpull,zmq_tcp,none,none,,1,6962,512,584,1785153443422370000,1785153443422370000,1785153443422371000,1785153443422371000,1785153443422530000,1785153443422532000,1785153443422532000,1785153443422532000,121932490,121652369,-121.121,0.000,1.000,0.000,2.000,0.000,0.000,3.000,0,0,0
B3_zmq_pushpull,zmq_tcp,none,none,,1,6963,512,584,1785153443423548000,1785153443423548000,1785153443423548000,1785153443423549000,1785153443423670000,1785153443423672000,1785153443423672000,1785153443423672000,121932490,121652369,-159.121,0.000,0.000,1.000,2.000,0.000,0.000,38.000,0,0,0
B3_zmq_pushpull,zmq_tcp,none,none,,1,6964,512,584,1785153443424501000,1785153443424501000,1785153443424501000,1785153443424502000,1785153443424651000,1785153443424654000,1785153443424654000,1785153443424654000,121932490,121652369,-131.121,0.000,0.000,1.000,3.000,0.000,0.000,28.000,0,0,0
B3_zmq_pushpull,zmq_tcp,none,none,,1,6965,512,584,1785153443425510000,1785153443425510000,1785153443425510000,1785153443425511000,1785153443425611000,1785153443425614000,1785153443425614000,1785153443425614000,121932490,121652369,-180.121,0.000,0.000,1.000,3.000,0.000,0.000,49.000,0,0,0
B3_zmq_pushpull,zmq_tcp,none,none,,1,6966,512,584,1785153443426510000,1785153443426510000,1785153443426510000,1785153443426511000,1785153443426596000,1785153443426599000,1785153443426599000,1785153443426599000,121932490,121652369,-195.121,0.000,0.000,1.000,3.000,0.000,0.000,15.000,0,0,0
B3_zmq_pushpull,zmq_tcp,none,none,,1,6967,512,584,1785153443427510000,1785153443427510000,1785153443427510000,1785153443427511000,1785153443427586000,1785153443427588000,1785153443427588000,1785153443427588000,121932490,121652369,-205.121,0.000,0.000,1.000,2.000,0.000,0.000,10.000,0,0,0
B3_zmq_pushpull,zmq_tcp,none,none,,1,6968,512,584,1785153443428508000,1785153443428508000,1785153443428508000,1785153443428509000,1785153443428576000,1785153443428580000,1785153443428580000,1785153443428580000,121932490,121652369,-213.121,0.000,0.000,1.000,4.000,0.000,0.000,8.000,0,0,0
B3_zmq_pushpull,zmq_tcp,none,none,,1,6969,512,584,1785153443429419000,1785153443429419000,1785153443429419000,1785153443429420000,1785153443429579000,1785153443429582000,1785153443429582000,1785153443429582000,121932490,121652369,-121.121,0.000,0.000,1.000,3.000,0.000,0.000,92.000,0,0,0
B3_zmq_pushpull,zmq_tcp,none,none,,1,6970,512,584,1785153443430534000,1785153443430534000,1785153443430535000,1785153443430535000,1785153443430722000,1785153443430724000,1785153443430724000,1785153443430724000,121932490,121652369,-93.121,0.000,1.000,0.000,2.000,0.000,0.000,28.000,0,0,0
B3_zmq_pushpull,zmq_tcp,none,none,,1,6971,512,584,1785153443431501000,1785153443431501000,1785153443431501000,1785153443431502000,1785153443431567000,1785153443431572000,1785153443431572000,1785153443431572000,121932490,121652369,-215.121,0.000,0.000,1.000,5.000,0.000,0.000,122.000,0,0,0
B3_zmq_pushpull,zmq_tcp,none,none,,1,6972,512,584,1785153443432514000,1785153443432514000,1785153443432514000,1785153443432515000,1785153443432561000,1785153443432567000,1785153443432567000,1785153443432567000,121932490,121652369,-234.121,0.000,0.000,1.000,6.000,0.000,0.000,19.000,0,0,0
B3_zmq_pushpull,zmq_tcp,none,none,,1,6973,512,584,1785153443433373000,1785153443433373000,1785153443433373000,1785153443433374000,1785153443433526000,1785153443433529000,1785153443433529000,1785153443433529000,121932490,121652369,-128.121,0.000,0.000,1.000,3.000,0.000,0.000,106.000,0,0,0
B3_zmq_pushpull,zmq_tcp,none,none,,1,6974,512,584,1785153443434355000,1785153443434355000,1785153443434355000,1785153443434356000,1785153443434508000,1785153443434512000,1785153443434512000,1785153443434512000,121932490,121652369,-128.121,0.000,0.000,1.000,4.000,0.000,0.000,0.000,0,0,0
B3_zmq_pushpull,zmq_tcp,none,none,,1,6975,512,584,1785153443435549000,1785153443435549000,1785153443435549000,1785153443435550000,1785153443435639000,1785153443435642000,1785153443435642000,1785153443435642000,121932490,121652369,-191.121,0.000,0.000,1.000,3.000,0.000,0.000,63.000,0,0,0
B3_zmq_pushpull,zmq_tcp,none,none,,1,6976,512,584,1785153443436501000,1785153443436501000,1785153443436501000,1785153443436502000,1785153443436612000,1785153443436615000,1785153443436615000,1785153443436615000,121932490,121652369,-170.121,0.000,0.000,1.000,3.000,0.000,0.000,21.000,0,0,0
B3_zmq_pushpull,zmq_tcp,none,none,,1,6977,512,584,1785153443437513000,1785153443437513000,1785153443437513000,1785153443437514000,1785153443437583000,1785153443437586000,1785153443437586000,1785153443437586000,121932490,121652369,-211.121,0.000,0.000,1.000,3.000,0.000,0.000,41.000,0,0,0
B3_zmq_pushpull,zmq_tcp,none,none,,1,6978,512,584,1785153443438510000,1785153443438510000,1785153443438510000,1785153443438511000,1785153443438678000,1785153443438681000,1785153443438681000,1785153443438681000,121932490,121652369,-113.121,0.000,0.000,1.000,3.000,0.000,0.000,98.000,0,0,0
B3_zmq_pushpull,zmq_tcp,none,none,,1,6979,512,584,1785153443439511000,1785153443439511000,1785153443439511000,1785153443439512000,1785153443439652000,1785153443439655000,1785153443439655000,1785153443439655000,121932490,121652369,-140.121,0.000,0.000,1.000,3.000,0.000,0.000,27.000,0,0,0
B3_zmq_pushpull,zmq_tcp,none,none,,1,6980,512,584,1785153443440510000,1785153443440510000,1785153443440510000,1785153443440511000,1785153443440612000,1785153443440615000,1785153443440615000,1785153443440615000,121932490,121652369,-179.121,0.000,0.000,1.000,3.000,0.000,0.000,39.000,0,0,0
B3_zmq_pushpull,zmq_tcp,none,none,,1,6981,512,584,1785153443441510000,1785153443441510000,1785153443441510000,1785153443441511000,1785153443441603000,1785153443441606000,1785153443441606000,1785153443441606000,121932490,121652369,-188.121,0.000,0.000,1.000,3.000,0.000,0.000,9.000,0,0,0
B3_zmq_pushpull,zmq_tcp,none,none,,1,6982,512,584,1785153443442510000,1785153443442510000,1785153443442510000,1785153443442511000,1785153443442611000,1785153443442614000,1785153443442614000,1785153443442614000,121932490,121652369,-180.121,0.000,0.000,1.000,3.000,0.000,0.000,8.000,0,0,0
B3_zmq_pushpull,zmq_tcp,none,none,,1,6983,512,584,1785153443443510000,1785153443443510000,1785153443443510000,1785153443443511000,1785153443443580000,1785153443443584000,1785153443443584000,1785153443443584000,121932490,121652369,-211.121,0.000,0.000,1.000,4.000,0.000,0.000,31.000,0,0,0
B3_zmq_pushpull,zmq_tcp,none,none,,1,6984,512,584,1785153443444512000,1785153443444512000,1785153443444512000,1785153443444513000,1785153443444715000,1785153443444718000,1785153443444718000,1785153443444718000,121932490,121652369,-78.121,0.000,0.000,1.000,3.000,0.000,0.000,133.000,0,0,0
B3_zmq_pushpull,zmq_tcp,none,none,,1,6985,512,584,1785153443445506000,1785153443445507000,1785153443445507000,1785153443445508000,1785153443445567000,1785153443445570000,1785153443445570000,1785153443445570000,121932490,121652369,-221.121,1.000,0.000,1.000,3.000,0.000,0.000,143.000,0,0,0
B3_zmq_pushpull,zmq_tcp,none,none,,1,6986,512,584,1785153443446511000,1785153443446512000,1785153443446512000,1785153443446513000,1785153443446559000,1785153443446561000,1785153443446561000,1785153443446561000,121932490,121652369,-234.121,1.000,0.000,1.000,2.000,0.000,0.000,13.000,0,0,0
B3_zmq_pushpull,zmq_tcp,none,none,,1,6987,512,584,1785153443447510000,1785153443447510000,1785153443447510000,1785153443447511000,1785153443447682000,1785153443447685000,1785153443447685000,1785153443447685000,121932490,121652369,-109.121,0.000,0.000,1.000,3.000,0.000,0.000,125.000,0,0,0
B3_zmq_pushpull,zmq_tcp,none,none,,1,6988,512,584,1785153443448515000,1785153443448515000,1785153443448515000,1785153443448516000,1785153443448674000,1785153443448676000,1785153443448677000,1785153443448677000,121932490,121652369,-122.121,0.000,0.000,1.000,2.000,1.000,0.000,13.000,0,0,0
B3_zmq_pushpull,zmq_tcp,none,none,,1,6989,512,584,1785153443449509000,1785153443449509000,1785153443449509000,1785153443449510000,1785153443449675000,1785153443449678000,1785153443449678000,1785153443449678000,121932490,121652369,-115.121,0.000,0.000,1.000,3.000,0.000,0.000,7.000,0,0,0
B3_zmq_pushpull,zmq_tcp,none,none,,1,6990,512,584,1785153443450512000,1785153443450512000,1785153443450512000,1785153443450513000,1785153443450660000,1785153443450663000,1785153443450663000,1785153443450663000,121932490,121652369,-133.121,0.000,0.000,1.000,3.000,0.000,0.000,18.000,0,0,0
B3_zmq_pushpull,zmq_tcp,none,none,,1,6991,512,584,1785153443451510000,1785153443451510000,1785153443451510000,1785153443451511000,1785153443451639000,1785153443451642000,1785153443451642000,1785153443451642000,121932490,121652369,-152.121,0.000,0.000,1.000,3.000,0.000,0.000,19.000,0,0,0
B3_zmq_pushpull,zmq_tcp,none,none,,1,6992,512,584,1785153443452511000,1785153443452511000,1785153443452511000,1785153443452512000,1785153443452632000,1785153443452635000,1785153443452635000,1785153443452635000,121932490,121652369,-160.121,0.000,0.000,1.000,3.000,0.000,0.000,8.000,0,0,0
B3_zmq_pushpull,zmq_tcp,none,none,,1,6993,512,584,1785153443453507000,1785153443453508000,1785153443453508000,1785153443453509000,1785153443453619000,1785153443453622000,1785153443453622000,1785153443453622000,121932490,121652369,-170.121,1.000,0.000,1.000,3.000,0.000,0.000,10.000,0,0,0
B3_zmq_pushpull,zmq_tcp,none,none,,1,6994,512,584,1785153443454324000,1785153443454324000,1785153443454324000,1785153443454325000,1785153443454463000,1785153443454466000,1785153443454466000,1785153443454466000,121932490,121652369,-142.121,0.000,0.000,1.000,3.000,0.000,0.000,28.000,0,0,0
B3_zmq_pushpull,zmq_tcp,none,none,,1,6995,512,584,1785153443455418000,1785153443455418000,1785153443455419000,1785153443455420000,1785153443455576000,1785153443455584000,1785153443455584000,1785153443455584000,121932490,121652369,-124.121,0.000,1.000,1.000,8.000,0.000,0.000,18.000,0,0,0
B3_zmq_pushpull,zmq_tcp,none,none,,1,6996,512,584,1785153443456425000,1785153443456425000,1785153443456425000,1785153443456426000,1785153443456585000,1785153443456588000,1785153443456589000,1785153443456589000,121932490,121652369,-121.121,0.000,0.000,1.000,3.000,1.000,0.000,3.000,0,0,0
B3_zmq_pushpull,zmq_tcp,none,none,,1,6997,512,584,1785153443457424000,1785153443457424000,1785153443457424000,1785153443457426000,1785153443457585000,1785153443457588000,1785153443457588000,1785153443457588000,121932490,121652369,-121.121,0.000,0.000,2.000,3.000,0.000,0.000,0.000,0,0,0
B3_zmq_pushpull,zmq_tcp,none,none,,1,6998,512,584,1785153443458532000,1785153443458532000,1785153443458532000,1785153443458533000,1785153443458723000,1785153443458726000,1785153443458726000,1785153443458726000,121932490,121652369,-90.121,0.000,0.000,1.000,3.000,0.000,0.000,31.000,0,0,0
B3_zmq_pushpull,zmq_tcp,none,none,,1,6999,512,584,1785153443459506000,1785153443459506000,1785153443459506000,1785153443459507000,1785153443459569000,1785153443459576000,1785153443459576000,1785153443459576000,121932490,121652369,-218.121,0.000,0.000,1.000,7.000,0.000,0.000,128.000,0,0,0
B3_zmq_pushpull,zmq_tcp,none,none,,1,7000,512,584,1785153443460413000,1785153443460414000,1785153443460414000,1785153443460415000,1785153443460555000,1785153443460558000,1785153443460558000,1785153443460558000,121932490,121652369,-140.121,1.000,0.000,1.000,3.000,0.000,0.000,78.000,0,0,0
B3_zmq_pushpull,zmq_tcp,none,none,,1,7001,512,584,1785153443461536000,1785153443461536000,1785153443461536000,1785153443461537000,1785153443461666000,1785153443461669000,1785153443461669000,1785153443461669000,121932490,121652369,-151.121,0.000,0.000,1.000,3.000,0.000,0.000,11.000,0,0,0
B3_zmq_pushpull,zmq_tcp,none,none,,1,7002,512,584,1785153443462505000,1785153443462505000,1785153443462505000,1785153443462506000,1785153443462667000,1785153443462670000,1785153443462670000,1785153443462670000,121932490,121652369,-119.121,0.000,0.000,1.000,3.000,0.000,0.000,32.000,0,0,0
B3_zmq_pushpull,zmq_tcp,none,none,,1,7003,512,584,1785153443463512000,1785153443463512000,1785153443463512000,1785153443463513000,1785153443463667000,1785153443463671000,1785153443463671000,1785153443463671000,121932490,121652369,-126.121,0.000,0.000,1.000,4.000,0.000,0.000,7.000,0,0,0
B3_zmq_pushpull,zmq_tcp,none,none,,1,7004,512,584,1785153443464509000,1785153443464509000,1785153443464509000,1785153443464510000,1785153443464655000,1785153443464658000,1785153443464658000,1785153443464658000,121932490,121652369,-135.121,0.000,0.000,1.000,3.000,0.000,0.000,9.000,0,0,0
B3_zmq_pushpull,zmq_tcp,none,none,,1,7005,512,584,1785153443465513000,1785153443465513000,1785153443465513000,1785153443465514000,1785153443465646000,1785153443465650000,1785153443465650000,1785153443465650000,121932490,121652369,-148.121,0.000,0.000,1.000,4.000,0.000,0.000,13.000,0,0,0
B3_zmq_pushpull,zmq_tcp,none,none,,1,7006,512,584,1785153443466512000,1785153443466512000,1785153443466512000,1785153443466513000,1785153443466648000,1785153443466651000,1785153443466651000,1785153443466651000,121932490,121652369,-145.121,0.000,0.000,1.000,3.000,0.000,0.000,3.000,0,0,0
B3_zmq_pushpull,zmq_tcp,none,none,,1,7007,512,584,1785153443467511000,1785153443467512000,1785153443467512000,1785153443467513000,1785153443467646000,1785153443467648000,1785153443467648000,1785153443467648000,121932490,121652369,-147.121,1.000,0.000,1.000,2.000,0.000,0.000,2.000,0,0,0
B3_zmq_pushpull,zmq_tcp,none,none,,1,7008,512,584,1785153443468508000,1785153443468509000,1785153443468509000,1785153443468510000,1785153443468634000,1785153443468636000,1785153443468636000,1785153443468636000,121932490,121652369,-156.121,1.000,0.000,1.000,2.000,0.000,0.000,9.000,0,0,0
B3_zmq_pushpull,zmq_tcp,none,none,,1,7009,512,584,1785153443469515000,1785153443469515000,1785153443469515000,1785153443469516000,1785153443469635000,1785153443469638000,1785153443469638000,1785153443469638000,121932490,121652369,-161.121,0.000,0.000,1.000,3.000,0.000,0.000,5.000,0,0,0
B3_zmq_pushpull,zmq_tcp,none,none,,1,7010,512,584,1785153443470511000,1785153443470512000,1785153443470512000,1785153443470513000,1785153443470648000,1785153443470651000,1785153443470651000,1785153443470651000,121932490,121652369,-145.121,1.000,0.000,1.000,3.000,0.000,0.000,16.000,0,0,0
B3_zmq_pushpull,zmq_tcp,none,none,,1,7011,512,584,1785153443471512000,1785153443471512000,1785153443471512000,1785153443471513000,1785153443471626000,1785153443471628000,1785153443471629000,1785153443471629000,121932490,121652369,-167.121,0.000,0.000,1.000,2.000,1.000,0.000,22.000,0,0,0
B3_zmq_pushpull,zmq_tcp,none,none,,1,7012,512,584,1785153443472508000,1785153443472508000,1785153443472508000,1785153443472509000,1785153443472651000,1785153443472654000,1785153443472654000,1785153443472654000,121932490,121652369,-138.121,0.000,0.000,1.000,3.000,0.000,0.000,29.000,0,0,0
B3_zmq_pushpull,zmq_tcp,none,none,,1,7013,512,584,1785153443473513000,1785153443473513000,1785153443473513000,1785153443473514000,1785153443473668000,1785153443473671000,1785153443473671000,1785153443473671000,121932490,121652369,-126.121,0.000,0.000,1.000,3.000,0.000,0.000,12.000,0,0,0
B3_zmq_pushpull,zmq_tcp,none,none,,1,7014,512,584,1785153443474372000,1785153443474372000,1785153443474372000,1785153443474373000,1785153443474527000,1785153443474530000,1785153443474530000,1785153443474530000,121932490,121652369,-126.121,0.000,0.000,1.000,3.000,0.000,0.000,0.000,0,0,0
B3_zmq_pushpull,zmq_tcp,none,none,,1,7015,512,584,1785153443475546000,1785153443475546000,1785153443475546000,1785153443475547000,1785153443475663000,1785153443475666000,1785153443475666000,1785153443475666000,121932490,121652369,-164.121,0.000,0.000,1.000,3.000,0.000,0.000,38.000,0,0,0
B3_zmq_pushpull,zmq_tcp,none,none,,1,7016,512,584,1785153443476505000,1785153443476505000,1785153443476505000,1785153443476507000,1785153443476668000,1785153443476671000,1785153443476671000,1785153443476671000,121932490,121652369,-119.121,0.000,0.000,2.000,3.000,0.000,0.000,45.000,0,0,0
B3_zmq_pushpull,zmq_tcp,none,none,,1,7017,512,584,1785153443477514000,1785153443477515000,1785153443477515000,1785153443477516000,1785153443477672000,1785153443477675000,1785153443477675000,1785153443477675000,121932490,121652369,-124.121,1.000,0.000,1.000,3.000,0.000,0.000,5.000,0,0,0
B3_zmq_pushpull,zmq_tcp,none,none,,1,7018,512,584,1785153443478512000,1785153443478512000,1785153443478512000,1785153443478513000,1785153443478676000,1785153443478679000,1785153443478679000,1785153443478679000,121932490,121652369,-117.121,0.000,0.000,1.000,3.000,0.000,0.000,7.000,0,0,0
B3_zmq_pushpull,zmq_tcp,none,none,,1,7019,512,584,1785153443479512000,1785153443479512000,1785153443479512000,1785153443479513000,1785153443479669000,1785153443479671000,1785153443479671000,1785153443479671000,121932490,121652369,-124.121,0.000,0.000,1.000,2.000,0.000,0.000,7.000,0,0,0
B3_zmq_pushpull,zmq_tcp,none,none,,1,7020,512,584,1785153443480511000,1785153443480511000,1785153443480511000,1785153443480512000,1785153443480678000,1785153443480681000,1785153443480681000,1785153443480681000,121932490,121652369,-114.121,0.000,0.000,1.000,3.000,0.000,0.000,10.000,0,0,0
B3_zmq_pushpull,zmq_tcp,none,none,,1,7021,512,584,1785153443481512000,1785153443481512000,1785153443481512000,1785153443481513000,1785153443481679000,1785153443481682000,1785153443481682000,1785153443481682000,121932490,121652369,-114.121,0.000,0.000,1.000,3.000,0.000,0.000,0.000,0,0,0
B3_zmq_pushpull,zmq_tcp,none,none,,1,7022,512,584,1785153443482512000,1785153443482512000,1785153443482512000,1785153443482513000,1785153443482682000,1785153443482685000,1785153443482685000,1785153443482685000,121932490,121652369,-111.121,0.000,0.000,1.000,3.000,0.000,0.000,3.000,0,0,0
B3_zmq_pushpull,zmq_tcp,none,none,,1,7023,512,584,1785153443483386000,1785153443483386000,1785153443483386000,1785153443483387000,1785153443483534000,1785153443483536000,1785153443483536000,1785153443483536000,121932490,121652369,-133.121,0.000,0.000,1.000,2.000,0.000,0.000,22.000,0,0,0
B3_zmq_pushpull,zmq_tcp,none,none,,1,7024,512,584,1785153443484545000,1785153443484545000,1785153443484545000,1785153443484546000,1785153443484687000,1785153443484690000,1785153443484690000,1785153443484690000,121932490,121652369,-139.121,0.000,0.000,1.000,3.000,0.000,0.000,6.000,0,0,0
B3_zmq_pushpull,zmq_tcp,none,none,,1,7025,512,584,1785153443485504000,1785153443485504000,1785153443485504000,1785153443485505000,1785153443485693000,1785153443485696000,1785153443485696000,1785153443485696000,121932490,121652369,-92.121,0.000,0.000,1.000,3.000,0.000,0.000,47.000,0,0,0
B3_zmq_pushpull,zmq_tcp,none,none,,1,7026,512,584,1785153443486396000,1785153443486396000,1785153443486396000,1785153443486397000,1785153443486559000,1785153443486562000,1785153443486562000,1785153443486562000,121932490,121652369,-118.121,0.000,0.000,1.000,3.000,0.000,0.000,26.000,0,0,0
B3_zmq_pushpull,zmq_tcp,none,none,,1,7027,512,584,1785153443487402000,1785153443487402000,1785153443487402000,1785153443487403000,1785153443487548000,1785153443487551000,1785153443487551000,1785153443487551000,121932490,121652369,-135.121,0.000,0.000,1.000,3.000,0.000,0.000,17.000,0,0,0
B3_zmq_pushpull,zmq_tcp,none,none,,1,7028,512,584,1785153443488543000,1785153443488543000,1785153443488543000,1785153443488544000,1785153443488679000,1785153443488682000,1785153443488682000,1785153443488682000,121932490,121652369,-145.121,0.000,0.000,1.000,3.000,0.000,0.000,10.000,0,0,0
B3_zmq_pushpull,zmq_tcp,none,none,,1,7029,512,584,1785153443489398000,1785153443489398000,1785153443489398000,1785153443489399000,1785153443489548000,1785153443489551000,1785153443489551000,1785153443489551000,121932490,121652369,-131.121,0.000,0.000,1.000,3.000,0.000,0.000,14.000,0,0,0
B3_zmq_pushpull,zmq_tcp,none,none,,1,7030,512,584,1785153443490543000,1785153443490543000,1785153443490543000,1785153443490544000,1785153443490693000,1785153443490695000,1785153443490695000,1785153443490695000,121932490,121652369,-131.121,0.000,0.000,1.000,2.000,0.000,0.000,0.000,0,0,0
B3_zmq_pushpull,zmq_tcp,none,none,,1,7031,512,584,1785153443491509000,1785153443491509000,1785153443491509000,1785153443491510000,1785153443491690000,1785153443491693000,1785153443491693000,1785153443491693000,121932490,121652369,-100.121,0.000,0.000,1.000,3.000,0.000,0.000,31.000,0,0,0
B3_zmq_pushpull,zmq_tcp,none,none,,1,7032,512,584,1785153443492512000,1785153443492512000,1785153443492513000,1785153443492514000,1785153443492705000,1785153443492708000,1785153443492708000,1785153443492708000,121932490,121652369,-89.121,0.000,1.000,1.000,3.000,0.000,0.000,11.000,0,0,0
B3_zmq_pushpull,zmq_tcp,none,none,,1,7033,512,584,1785153443493520000,1785153443493520000,1785153443493520000,1785153443493521000,1785153443493715000,1785153443493718000,1785153443493718000,1785153443493718000,121932490,121652369,-86.121,0.000,0.000,1.000,3.000,0.000,0.000,3.000,0,0,0
B3_zmq_pushpull,zmq_tcp,none,none,,1,7034,512,584,1785153443494441000,1785153443494441000,1785153443494441000,1785153443494442000,1785153443494574000,1785153443494577000,1785153443494577000,1785153443494577000,121932490,121652369,-148.121,0.000,0.000,1.000,3.000,0.000,0.000,62.000,0,0,0
B3_zmq_pushpull,zmq_tcp,none,none,,1,7035,512,584,1785153443495530000,1785153443495530000,1785153443495530000,1785153443495531000,1785153443495580000,1785153443495583000,1785153443495583000,1785153443495583000,121932490,121652369,-231.121,0.000,0.000,1.000,3.000,0.000,0.000,83.000,0,0,0
B3_zmq_pushpull,zmq_tcp,none,none,,1,7036,512,584,1785153443496431000,1785153443496431000,1785153443496431000,1785153443496432000,1785153443496586000,1785153443496589000,1785153443496589000,1785153443496589000,121932490,121652369,-126.121,0.000,0.000,1.000,3.000,0.000,0.000,105.000,0,0,0
B3_zmq_pushpull,zmq_tcp,none,none,,1,7037,512,584,1785153443497535000,1785153443497535000,1785153443497535000,1785153443497536000,1785153443497590000,1785153443497594000,1785153443497594000,1785153443497594000,121932490,121652369,-226.121,0.000,0.000,1.000,4.000,0.000,0.000,100.000,0,0,0
B3_zmq_pushpull,zmq_tcp,none,none,,1,7038,512,584,1785153443498506000,1785153443498506000,1785153443498506000,1785153443498507000,1785153443498609000,1785153443498611000,1785153443498611000,1785153443498611000,121932490,121652369,-178.121,0.000,0.000,1.000,2.000,0.000,0.000,48.000,0,0,0
B3_zmq_pushpull,zmq_tcp,none,none,,1,7039,512,584,1785153443499514000,1785153443499514000,1785153443499514000,1785153443499515000,1785153443499630000,1785153443499633000,1785153443499633000,1785153443499633000,121932490,121652369,-165.121,0.000,0.000,1.000,3.000,0.000,0.000,13.000,0,0,0
B3_zmq_pushpull,zmq_tcp,none,none,,1,7040,512,584,1785153443500510000,1785153443500511000,1785153443500511000,1785153443500512000,1785153443500646000,1785153443500648000,1785153443500648000,1785153443500648000,121932490,121652369,-146.121,1.000,0.000,1.000,2.000,0.000,0.000,19.000,0,0,0
B3_zmq_pushpull,zmq_tcp,none,none,,1,7041,512,584,1785153443501512000,1785153443501512000,1785153443501512000,1785153443501513000,1785153443501647000,1785153443501650000,1785153443501650000,1785153443501650000,121932490,121652369,-146.121,0.000,0.000,1.000,3.000,0.000,0.000,0.000,0,0,0
B3_zmq_pushpull,zmq_tcp,none,none,,1,7042,512,584,1785153443502512000,1785153443502512000,1785153443502512000,1785153443502513000,1785153443502630000,1785153443502633000,1785153443502633000,1785153443502633000,121932490,121652369,-163.121,0.000,0.000,1.000,3.000,0.000,0.000,17.000,0,0,0
B3_zmq_pushpull,zmq_tcp,none,none,,1,7043,512,584,1785153443503513000,1785153443503513000,1785153443503513000,1785153443503514000,1785153443503629000,1785153443503632000,1785153443503632000,1785153443503632000,121932490,121652369,-165.121,0.000,0.000,1.000,3.000,0.000,0.000,2.000,0,0,0
B3_zmq_pushpull,zmq_tcp,none,none,,1,7044,512,584,1785153443504507000,1785153443504508000,1785153443504508000,1785153443504509000,1785153443504634000,1785153443504637000,1785153443504637000,1785153443504637000,121932490,121652369,-155.121,1.000,0.000,1.000,3.000,0.000,0.000,10.000,0,0,0
B3_zmq_pushpull,zmq_tcp,none,none,,1,7045,512,584,1785153443505514000,1785153443505514000,1785153443505514000,1785153443505515000,1785153443505637000,1785153443505639000,1785153443505639000,1785153443505639000,121932490,121652369,-158.121,0.000,0.000,1.000,2.000,0.000,0.000,3.000,0,0,0
B3_zmq_pushpull,zmq_tcp,none,none,,1,7046,512,584,1785153443506511000,1785153443506512000,1785153443506512000,1785153443506513000,1785153443506631000,1785153443506634000,1785153443506634000,1785153443506634000,121932490,121652369,-162.121,1.000,0.000,1.000,3.000,0.000,0.000,4.000,0,0,0
B3_zmq_pushpull,zmq_tcp,none,none,,1,7047,512,584,1785153443507514000,1785153443507514000,1785153443507514000,1785153443507515000,1785153443507631000,1785153443507635000,1785153443507635000,1785153443507635000,121932490,121652369,-164.121,0.000,0.000,1.000,4.000,0.000,0.000,2.000,0,0,0
B3_zmq_pushpull,zmq_tcp,none,none,,1,7048,512,584,1785153443508335000,1785153443508335000,1785153443508335000,1785153443508336000,1785153443508491000,1785153443508494000,1785153443508494000,1785153443508494000,121932490,121652369,-125.121,0.000,0.000,1.000,3.000,0.000,0.000,39.000,0,0,0
B3_zmq_pushpull,zmq_tcp,none,none,,1,7049,512,584,1785153443509556000,1785153443509556000,1785153443509556000,1785153443509557000,1785153443509630000,1785153443509633000,1785153443509633000,1785153443509633000,121932490,121652369,-207.121,0.000,0.000,1.000,3.000,0.000,0.000,82.000,0,0,0
B3_zmq_pushpull,zmq_tcp,none,none,,1,7050,512,584,1785153443510501000,1785153443510501000,1785153443510501000,1785153443510502000,1785153443510622000,1785153443510625000,1785153443510625000,1785153443510625000,121932490,121652369,-160.121,0.000,0.000,1.000,3.000,0.000,0.000,47.000,0,0,0
B3_zmq_pushpull,zmq_tcp,none,none,,1,7051,512,584,1785153443511514000,1785153443511514000,1785153443511514000,1785153443511515000,1785153443511631000,1785153443511634000,1785153443511634000,1785153443511634000,121932490,121652369,-164.121,0.000,0.000,1.000,3.000,0.000,0.000,4.000,0,0,0
B3_zmq_pushpull,zmq_tcp,none,none,,1,7052,512,584,1785153443512510000,1785153443512510000,1785153443512510000,1785153443512511000,1785153443512630000,1785153443512633000,1785153443512633000,1785153443512633000,121932490,121652369,-161.121,0.000,0.000,1.000,3.000,0.000,0.000,3.000,0,0,0
B3_zmq_pushpull,zmq_tcp,none,none,,1,7053,512,584,1785153443513344000,1785153443513344000,1785153443513344000,1785153443513345000,1785153443513503000,1785153443513506000,1785153443513506000,1785153443513506000,121932490,121652369,-122.121,0.000,0.000,1.000,3.000,0.000,0.000,39.000,0,0,0
B3_zmq_pushpull,zmq_tcp,none,none,,1,7054,512,584,1785153443514554000,1785153443514554000,1785153443514554000,1785153443514555000,1785153443514645000,1785153443514647000,1785153443514647000,1785153443514647000,121932490,121652369,-190.121,0.000,0.000,1.000,2.000,0.000,0.000,68.000,0,0,0
B3_zmq_pushpull,zmq_tcp,none,none,,1,7055,512,584,1785153443515501000,1785153443515501000,1785153443515501000,1785153443515502000,1785153443515649000,1785153443515651000,1785153443515652000,1785153443515652000,121932490,121652369,-133.121,0.000,0.000,1.000,2.000,1.000,0.000,57.000,0,0,0
B3_zmq_pushpull,zmq_tcp,none,none,,1,7056,512,584,1785153443516514000,1785153443516514000,1785153443516514000,1785153443516515000,1785153443516654000,1785153443516657000,1785153443516657000,1785153443516657000,121932490,121652369,-141.121,0.000,0.000,1.000,3.000,0.000,0.000,8.000,0,0,0
B3_zmq_pushpull,zmq_tcp,none,none,,1,7057,512,584,1785153443517511000,1785153443517511000,1785153443517512000,1785153443517512000,1785153443517647000,1785153443517650000,1785153443517650000,1785153443517650000,121932490,121652369,-145.121,0.000,1.000,0.000,3.000,0.000,0.000,4.000,0,0,0
B3_zmq_pushpull,zmq_tcp,none,none,,1,7058,512,584,1785153443518512000,1785153443518512000,1785153443518512000,1785153443518513000,1785153443518646000,1785153443518649000,1785153443518649000,1785153443518649000,121932490,121652369,-147.121,0.000,0.000,1.000,3.000,0.000,0.000,2.000,0,0,0
B3_zmq_pushpull,zmq_tcp,none,none,,1,7059,512,584,1785153443519514000,1785153443519514000,1785153443519514000,1785153443519515000,1785153443519671000,1785153443519674000,1785153443519674000,1785153443519674000,121932490,121652369,-124.121,0.000,0.000,1.000,3.000,0.000,0.000,23.000,0,0,0
B3_zmq_pushpull,zmq_tcp,none,none,,1,7060,512,584,1785153443520511000,1785153443520511000,1785153443520511000,1785153443520512000,1785153443520673000,1785153443520675000,1785153443520675000,1785153443520675000,121932490,121652369,-119.121,0.000,0.000,1.000,2.000,0.000,0.000,5.000,0,0,0
B3_zmq_pushpull,zmq_tcp,none,none,,1,7061,512,584,1785153443521513000,1785153443521513000,1785153443521513000,1785153443521514000,1785153443521693000,1785153443521696000,1785153443521696000,1785153443521696000,121932490,121652369,-101.121,0.000,0.000,1.000,3.000,0.000,0.000,18.000,0,0,0
B3_zmq_pushpull,zmq_tcp,none,none,,1,7062,512,584,1785153443522404000,1785153443522404000,1785153443522404000,1785153443522405000,1785153443522558000,1785153443522561000,1785153443522561000,1785153443522561000,121932490,121652369,-127.121,0.000,0.000,1.000,3.000,0.000,0.000,26.000,0,0,0
B3_zmq_pushpull,zmq_tcp,none,none,,1,7063,512,584,1785153443523540000,1785153443523540000,1785153443523540000,1785153443523541000,1785153443523713000,1785153443523715000,1785153443523715000,1785153443523715000,121932490,121652369,-108.121,0.000,0.000,1.000,2.000,0.000,0.000,19.000,0,0,0
B3_zmq_pushpull,zmq_tcp,none,none,,1,7064,512,584,1785153443524505000,1785153443524506000,1785153443524506000,1785153443524507000,1785153443524553000,1785153443524556000,1785153443524556000,1785153443524556000,121932490,121652369,-234.121,1.000,0.000,1.000,3.000,0.000,0.000,126.000,0,0,0
B3_zmq_pushpull,zmq_tcp,none,none,,1,7065,512,584,1785153443525513000,1785153443525513000,1785153443525514000,1785153443525514000,1785153443525702000,1785153443525704000,1785153443525704000,1785153443525704000,121932490,121652369,-92.121,0.000,1.000,0.000,2.000,0.000,0.000,142.000,0,0,0
B3_zmq_pushpull,zmq_tcp,none,none,,1,7066,512,584,1785153443526508000,1785153443526508000,1785153443526508000,1785153443526509000,1785153443526698000,1785153443526701000,1785153443526701000,1785153443526701000,121932490,121652369,-91.121,0.000,0.000,1.000,3.000,0.000,0.000,1.000,0,0,0
B3_zmq_pushpull,zmq_tcp,none,none,,1,7067,512,584,1785153443527419000,1785153443527419000,1785153443527419000,1785153443527420000,1785153443527579000,1785153443527582000,1785153443527582000,1785153443527582000,121932490,121652369,-121.121,0.000,0.000,1.000,3.000,0.000,0.000,30.000,0,0,0
B3_zmq_pushpull,zmq_tcp,none,none,,1,7068,512,584,1785153443528536000,1785153443528536000,1785153443528536000,1785153443528537000,1785153443528711000,1785153443528714000,1785153443528714000,1785153443528714000,121932490,121652369,-106.121,0.000,0.000,1.000,3.000,0.000,0.000,15.000,0,0,0
B3_zmq_pushpull,zmq_tcp,none,none,,1,7069,512,584,1785153443529505000,1785153443529505000,1785153443529506000,1785153443529506000,1785153443529575000,1785153443529578000,1785153443529578000,1785153443529578000,121932490,121652369,-211.121,0.000,1.000,0.000,3.000,0.000,0.000,105.000,0,0,0
B3_zmq_pushpull,zmq_tcp,none,none,,1,7070,512,584,1785153443530513000,1785153443530513000,1785153443530514000,1785153443530515000,1785153443530579000,1785153443530582000,1785153443530582000,1785153443530582000,121932490,121652369,-216.121,0.000,1.000,1.000,3.000,0.000,0.000,5.000,0,0,0
B3_zmq_pushpull,zmq_tcp,none,none,,1,7071,512,584,1785153443531512000,1785153443531512000,1785153443531512000,1785153443531513000,1785153443531562000,1785153443531565000,1785153443531565000,1785153443531565000,121932490,121652369,-231.121,0.000,0.000,1.000,3.000,0.000,0.000,15.000,0,0,0
B3_zmq_pushpull,zmq_tcp,none,none,,1,7072,512,584,1785153443532517000,1785153443532517000,1785153443532517000,1785153443532518000,1785153443532571000,1785153443532574000,1785153443532574000,1785153443532574000,121932490,121652369,-227.121,0.000,0.000,1.000,3.000,0.000,0.000,4.000,0,0,0
B3_zmq_pushpull,zmq_tcp,none,none,,1,7073,512,584,1785153443533426000,1785153443533426000,1785153443533426000,1785153443533427000,1785153443533586000,1785153443533589000,1785153443533589000,1785153443533589000,121932490,121652369,-121.121,0.000,0.000,1.000,3.000,0.000,0.000,106.000,0,0,0
B3_zmq_pushpull,zmq_tcp,none,none,,1,7074,512,584,1785153443534443000,1785153443534443000,1785153443534443000,1785153443534444000,1785153443534602000,1785153443534605000,1785153443534605000,1785153443534605000,121932490,121652369,-122.121,0.000,0.000,1.000,3.000,0.000,0.000,1.000,0,0,0
B3_zmq_pushpull,zmq_tcp,none,none,,1,7075,512,584,1785153443535532000,1785153443535532000,1785153443535532000,1785153443535533000,1785153443535609000,1785153443535612000,1785153443535612000,1785153443535612000,121932490,121652369,-204.121,0.000,0.000,1.000,3.000,0.000,0.000,82.000,0,0,0
B3_zmq_pushpull,zmq_tcp,none,none,,1,7076,512,584,1785153443536505000,1785153443536505000,1785153443536505000,1785153443536506000,1785153443536604000,1785153443536607000,1785153443536607000,1785153443536607000,121932490,121652369,-182.121,0.000,0.000,1.000,3.000,0.000,0.000,22.000,0,0,0
B3_zmq_pushpull,zmq_tcp,none,none,,1,7077,512,584,1785153443537513000,1785153443537513000,1785153443537513000,1785153443537514000,1785153443537594000,1785153443537597000,1785153443537597000,1785153443537597000,121932490,121652369,-200.121,0.000,0.000,1.000,3.000,0.000,0.000,18.000,0,0,0
B3_zmq_pushpull,zmq_tcp,none,none,,1,7078,512,584,1785153443538422000,1785153443538422000,1785153443538422000,1785153443538423000,1785153443538566000,1785153443538569000,1785153443538569000,1785153443538569000,121932490,121652369,-137.121,0.000,0.000,1.000,3.000,0.000,0.000,63.000,0,0,0
B3_zmq_pushpull,zmq_tcp,none,none,,1,7079,512,584,1785153443539539000,1785153443539539000,1785153443539539000,1785153443539540000,1785153443539710000,1785153443539713000,1785153443539713000,1785153443539713000,121932490,121652369,-110.121,0.000,0.000,1.000,3.000,0.000,0.000,27.000,0,0,0
B3_zmq_pushpull,zmq_tcp,none,none,,1,7080,512,584,1785153443540501000,1785153443540502000,1785153443540502000,1785153443540502000,1785153443540551000,1785153443540555000,1785153443540555000,1785153443540555000,121932490,121652369,-231.121,1.000,0.000,0.000,4.000,0.000,0.000,121.000,0,0,0
B3_zmq_pushpull,zmq_tcp,none,none,,1,7081,512,584,1785153443541516000,1785153443541516000,1785153443541516000,1785153443541517000,1785153443541702000,1785153443541705000,1785153443541705000,1785153443541705000,121932490,121652369,-95.121,0.000,0.000,1.000,3.000,0.000,0.000,136.000,0,0,0
B3_zmq_pushpull,zmq_tcp,none,none,,1,7082,512,584,1785153443542396000,1785153443542396000,1785153443542396000,1785153443542397000,1785153443542555000,1785153443542558000,1785153443542558000,1785153443542558000,121932490,121652369,-122.121,0.000,0.000,1.000,3.000,0.000,0.000,27.000,0,0,0
B3_zmq_pushpull,zmq_tcp,none,none,,1,7083,512,584,1785153443543541000,1785153443543542000,1785153443543542000,1785153443543543000,1785153443543690000,1785153443543693000,1785153443543693000,1785153443543693000,121932490,121652369,-133.121,1.000,0.000,1.000,3.000,0.000,0.000,11.000,0,0,0
B3_zmq_pushpull,zmq_tcp,none,none,,1,7084,512,584,1785153443544501000,1785153443544501000,1785153443544501000,1785153443544502000,1785153443544547000,1785153443544551000,1785153443544551000,1785153443544551000,121932490,121652369,-235.121,0.000,0.000,1.000,4.000,0.000,0.000,102.000,0,0,0
B3_zmq_pushpull,zmq_tcp,none,none,,1,7085,512,584,1785153443545386000,1785153443545386000,1785153443545386000,1785153443545387000,1785153443545541000,1785153443545543000,1785153443545543000,1785153443545543000,121932490,121652369,-126.121,0.000,0.000,1.000,2.000,0.000,0.000,109.000,0,0,0
B3_zmq_pushpull,zmq_tcp,none,none,,1,7086,512,584,1785153443546544000,1785153443546544000,1785153443546544000,1785153443546545000,1785153443546694000,1785153443546697000,1785153443546697000,1785153443546697000,121932490,121652369,-131.121,0.000,0.000,1.000,3.000,0.000,0.000,5.000,0,0,0
B3_zmq_pushpull,zmq_tcp,none,none,,1,7087,512,584,1785153443547502000,1785153443547503000,1785153443547503000,1785153443547504000,1785153443547566000,1785153443547570000,1785153443547570000,1785153443547570000,121932490,121652369,-218.121,1.000,0.000,1.000,4.000,0.000,0.000,87.000,0,0,0
B3_zmq_pushpull,zmq_tcp,none,none,,1,7088,512,584,1785153443548515000,1785153443548515000,1785153443548515000,1785153443548516000,1785153443548697000,1785153443548699000,1785153443548699000,1785153443548699000,121932490,121652369,-99.121,0.000,0.000,1.000,2.000,0.000,0.000,119.000,0,0,0
B3_zmq_pushpull,zmq_tcp,none,none,,1,7089,512,584,1785153443549419000,1785153443549419000,1785153443549419000,1785153443549420000,1785153443549579000,1785153443549582000,1785153443549582000,1785153443549582000,121932490,121652369,-121.121,0.000,0.000,1.000,3.000,0.000,0.000,22.000,0,0,0
B3_zmq_pushpull,zmq_tcp,none,none,,1,7090,512,584,1785153443550535000,1785153443550535000,1785153443550535000,1785153443550536000,1785153443550711000,1785153443550714000,1785153443550714000,1785153443550714000,121932490,121652369,-105.121,0.000,0.000,1.000,3.000,0.000,0.000,16.000,0,0,0
B3_zmq_pushpull,zmq_tcp,none,none,,1,7091,512,584,1785153443551414000,1785153443551414000,1785153443551414000,1785153443551415000,1785153443551570000,1785153443551573000,1785153443551573000,1785153443551573000,121932490,121652369,-125.121,0.000,0.000,1.000,3.000,0.000,0.000,20.000,0,0,0
B3_zmq_pushpull,zmq_tcp,none,none,,1,7092,512,584,1785153443552536000,1785153443552536000,1785153443552536000,1785153443552537000,1785153443552710000,1785153443552713000,1785153443552713000,1785153443552713000,121932490,121652369,-107.121,0.000,0.000,1.000,3.000,0.000,0.000,18.000,0,0,0
B3_zmq_pushpull,zmq_tcp,none,none,,1,7093,512,584,1785153443553433000,1785153443553433000,1785153443553433000,1785153443553434000,1785153443553593000,1785153443553596000,1785153443553596000,1785153443553596000,121932490,121652369,-121.121,0.000,0.000,1.000,3.000,0.000,0.000,14.000,0,0,0
B3_zmq_pushpull,zmq_tcp,none,none,,1,7094,512,584,1785153443554535000,1785153443554535000,1785153443554535000,1785153443554536000,1785153443554708000,1785153443554710000,1785153443554710000,1785153443554711000,121932490,121652369,-108.121,0.000,0.000,1.000,2.000,0.000,1.000,13.000,0,0,0
B3_zmq_pushpull,zmq_tcp,none,none,,1,7095,512,584,1785153443555505000,1785153443555505000,1785153443555506000,1785153443555506000,1785153443555569000,1785153443555572000,1785153443555572000,1785153443555572000,121932490,121652369,-217.121,0.000,1.000,0.000,3.000,0.000,0.000,109.000,0,0,0
B3_zmq_pushpull,zmq_tcp,none,none,,1,7096,512,584,1785153443556421000,1785153443556421000,1785153443556421000,1785153443556422000,1785153443556580000,1785153443556583000,1785153443556583000,1785153443556583000,121932490,121652369,-122.121,0.000,0.000,1.000,3.000,0.000,0.000,95.000,0,0,0
B3_zmq_pushpull,zmq_tcp,none,none,,1,7097,512,584,1785153443557535000,1785153443557535000,1785153443557535000,1785153443557536000,1785153443557585000,1785153443557588000,1785153443557588000,1785153443557588000,121932490,121652369,-231.121,0.000,0.000,1.000,3.000,0.000,0.000,109.000,0,0,0
B3_zmq_pushpull,zmq_tcp,none,none,,1,7098,512,584,1785153443558428000,1785153443558429000,1785153443558429000,1785153443558430000,1785153443558585000,1785153443558587000,1785153443558587000,1785153443558587000,121932490,121652369,-125.121,1.000,0.000,1.000,2.000,0.000,0.000,106.000,0,0,0
B3_zmq_pushpull,zmq_tcp,none,none,,1,7099,512,584,1785153443559532000,1785153443559532000,1785153443559532000,1785153443559533000,1785153443559578000,1785153443559582000,1785153443559582000,1785153443559582000,121932490,121652369,-235.121,0.000,0.000,1.000,4.000,0.000,0.000,110.000,0,0,0
B3_zmq_pushpull,zmq_tcp,none,none,,1,7100,512,584,1785153443560415000,1785153443560415000,1785153443560415000,1785153443560416000,1785153443560571000,1785153443560574000,1785153443560574000,1785153443560574000,121932490,121652369,-125.121,0.000,0.000,1.000,3.000,0.000,0.000,110.000,0,0,0
B3_zmq_pushpull,zmq_tcp,none,none,,1,7101,512,584,1785153443561540000,1785153443561540000,1785153443561540000,1785153443561541000,1785153443561729000,1785153443561731000,1785153443561732000,1785153443561732000,121932490,121652369,-92.121,0.000,0.000,1.000,2.000,1.000,0.000,33.000,0,0,0
B3_zmq_pushpull,zmq_tcp,none,none,,1,7102,512,584,1785153443562503000,1785153443562503000,1785153443562503000,1785153443562504000,1785153443562585000,1785153443562588000,1785153443562588000,1785153443562588000,121932490,121652369,-199.121,0.000,0.000,1.000,3.000,0.000,0.000,107.000,0,0,0
B3_zmq_pushpull,zmq_tcp,none,none,,1,7103,512,584,1785153443563519000,1785153443563519000,1785153443563519000,1785153443563520000,1785153443563582000,1785153443563584000,1785153443563584000,1785153443563584000,121932490,121652369,-218.121,0.000,0.000,1.000,2.000,0.000,0.000,19.000,0,0,0
B3_zmq_pushpull,zmq_tcp,none,none,,1,7104,512,584,1785153443564512000,1785153443564512000,1785153443564512000,1785153443564513000,1785153443564588000,1785153443564591000,1785153443564591000,1785153443564591000,121932490,121652369,-205.121,0.000,0.000,1.000,3.000,0.000,0.000,13.000,0,0,0
B3_zmq_pushpull,zmq_tcp,none,none,,1,7105,512,584,1785153443565512000,1785153443565512000,1785153443565512000,1785153443565513000,1785153443565593000,1785153443565596000,1785153443565596000,1785153443565596000,121932490,121652369,-200.121,0.000,0.000,1.000,3.000,0.000,0.000,5.000,0,0,0
B3_zmq_pushpull,zmq_tcp,none,none,,1,7106,512,584,1785153443566510000,1785153443566510000,1785153443566511000,1785153443566511000,1785153443566589000,1785153443566591000,1785153443566592000,1785153443566592000,121932490,121652369,-202.121,0.000,1.000,0.000,2.000,1.000,0.000,2.000,0,0,0
B3_zmq_pushpull,zmq_tcp,none,none,,1,7107,512,584,1785153443567512000,1785153443567512000,1785153443567512000,1785153443567513000,1785153443567600000,1785153443567602000,1785153443567602000,1785153443567602000,121932490,121652369,-193.121,0.000,0.000,1.000,2.000,0.000,0.000,9.000,0,0,0
B3_zmq_pushpull,zmq_tcp,none,none,,1,7108,512,584,1785153443568515000,1785153443568515000,1785153443568516000,1785153443568516000,1785153443568592000,1785153443568595000,1785153443568595000,1785153443568595000,121932490,121652369,-204.121,0.000,1.000,0.000,3.000,0.000,0.000,11.000,0,0,0
B3_zmq_pushpull,zmq_tcp,none,none,,1,7109,512,584,1785153443569509000,1785153443569510000,1785153443569510000,1785153443569511000,1785153443569585000,1785153443569588000,1785153443569588000,1785153443569588000,121932490,121652369,-206.121,1.000,0.000,1.000,3.000,0.000,0.000,2.000,0,0,0
B3_zmq_pushpull,zmq_tcp,none,none,,1,7110,512,584,1785153443570516000,1785153443570516000,1785153443570516000,1785153443570517000,1785153443570578000,1785153443570581000,1785153443570581000,1785153443570581000,121932490,121652369,-219.121,0.000,0.000,1.000,3.000,0.000,0.000,13.000,0,0,0
B3_zmq_pushpull,zmq_tcp,none,none,,1,7111,512,584,1785153443571511000,1785153443571511000,1785153443571511000,1785153443571512000,1785153443571558000,1785153443571562000,1785153443571562000,1785153443571562000,121932490,121652369,-234.121,0.000,0.000,1.000,4.000,0.000,0.000,15.000,0,0,0
B3_zmq_pushpull,zmq_tcp,none,none,,1,7112,512,584,1785153443572512000,1785153443572512000,1785153443572512000,1785153443572513000,1785153443572566000,1785153443572569000,1785153443572569000,1785153443572569000,121932490,121652369,-227.121,0.000,0.000,1.000,3.000,0.000,0.000,7.000,0,0,0
B3_zmq_pushpull,zmq_tcp,none,none,,1,7113,512,584,1785153443573511000,1785153443573511000,1785153443573511000,1785153443573512000,1785153443573572000,1785153443573574000,1785153443573574000,1785153443573574000,121932490,121652369,-220.121,0.000,0.000,1.000,2.000,0.000,0.000,7.000,0,0,0
B3_zmq_pushpull,zmq_tcp,none,none,,1,7114,512,584,1785153443574513000,1785153443574513000,1785153443574513000,1785153443574514000,1785153443574588000,1785153443574591000,1785153443574591000,1785153443574591000,121932490,121652369,-206.121,0.000,0.000,1.000,3.000,0.000,0.000,14.000,0,0,0
B3_zmq_pushpull,zmq_tcp,none,none,,1,7115,512,584,1785153443575512000,1785153443575512000,1785153443575512000,1785153443575513000,1785153443575589000,1785153443575592000,1785153443575592000,1785153443575592000,121932490,121652369,-204.121,0.000,0.000,1.000,3.000,0.000,0.000,2.000,0,0,0
B3_zmq_pushpull,zmq_tcp,none,none,,1,7116,512,584,1785153443576513000,1785153443576513000,1785153443576513000,1785153443576514000,1785153443576595000,1785153443576598000,1785153443576598000,1785153443576598000,121932490,121652369,-199.121,0.000,0.000,1.000,3.000,0.000,0.000,5.000,0,0,0
B3_zmq_pushpull,zmq_tcp,none,none,,1,7117,512,584,1785153443577507000,1785153443577507000,1785153443577507000,1785153443577508000,1785153443577576000,1785153443577579000,1785153443577579000,1785153443577579000,121932490,121652369,-212.121,0.000,0.000,1.000,3.000,0.000,0.000,13.000,0,0,0
B3_zmq_pushpull,zmq_tcp,none,none,,1,7118,512,584,1785153443578512000,1785153443578512000,1785153443578512000,1785153443578513000,1785153443578567000,1785153443578570000,1785153443578570000,1785153443578570000,121932490,121652369,-226.121,0.000,0.000,1.000,3.000,0.000,0.000,14.000,0,0,0
B3_zmq_pushpull,zmq_tcp,none,none,,1,7119,512,584,1785153443579511000,1785153443579511000,1785153443579511000,1785153443579512000,1785153443579562000,1785153443579566000,1785153443579566000,1785153443579566000,121932490,121652369,-230.121,0.000,0.000,1.000,4.000,0.000,0.000,4.000,0,0,0
B3_zmq_pushpull,zmq_tcp,none,none,,1,7120,512,584,1785153443580511000,1785153443580511000,1785153443580511000,1785153443580512000,1785153443580557000,1785153443580560000,1785153443580560000,1785153443580560000,121932490,121652369,-235.121,0.000,0.000,1.000,3.000,0.000,0.000,5.000,0,0,0
B3_zmq_pushpull,zmq_tcp,none,none,,1,7121,512,584,1785153443581511000,1785153443581511000,1785153443581511000,1785153443581512000,1785153443581681000,1785153443581684000,1785153443581684000,1785153443581684000,121932490,121652369,-111.121,0.000,0.000,1.000,3.000,0.000,0.000,124.000,0,0,0
B3_zmq_pushpull,zmq_tcp,none,none,,1,7122,512,584,1785153443582513000,1785153443582513000,1785153443582513000,1785153443582514000,1785153443582678000,1785153443582681000,1785153443582681000,1785153443582681000,121932490,121652369,-116.121,0.000,0.000,1.000,3.000,0.000,0.000,5.000,0,0,0
B3_zmq_pushpull,zmq_tcp,none,none,,1,7123,512,584,1785153443583511000,1785153443583512000,1785153443583512000,1785153443583513000,1785153443583655000,1785153443583657000,1785153443583657000,1785153443583657000,121932490,121652369,-138.121,1.000,0.000,1.000,2.000,0.000,0.000,22.000,0,0,0
B3_zmq_pushpull,zmq_tcp,none,none,,1,7124,512,584,1785153443584508000,1785153443584508000,1785153443584509000,1785153443584509000,1785153443584648000,1785153443584651000,1785153443584651000,1785153443584651000,121932490,121652369,-141.121,0.000,1.000,0.000,3.000,0.000,0.000,3.000,0,0,0
B3_zmq_pushpull,zmq_tcp,none,none,,1,7125,512,584,1785153443585327000,1785153443585327000,1785153443585327000,1785153443585328000,1785153443585480000,1785153443585482000,1785153443585482000,1785153443585482000,121932490,121652369,-128.121,0.000,0.000,1.000,2.000,0.000,0.000,13.000,0,0,0
B3_zmq_pushpull,zmq_tcp,none,none,,1,7126,512,584,1785153443586320000,1785153443586321000,1785153443586321000,1785153443586322000,1785153443586461000,1785153443586464000,1785153443586464000,1785153443586464000,121932490,121652369,-141.121,1.000,0.000,1.000,3.000,0.000,0.000,13.000,0,0,0
B3_zmq_pushpull,zmq_tcp,none,none,,1,7127,512,584,1785153443587432000,1785153443587432000,1785153443587432000,1785153443587433000,1785153443587585000,1785153443587587000,1785153443587587000,1785153443587588000,121932490,121652369,-128.121,0.000,0.000,1.000,2.000,0.000,1.000,13.000,0,0,0
B3_zmq_pushpull,zmq_tcp,none,none,,1,7128,512,584,1785153443588434000,1785153443588434000,1785153443588434000,1785153443588435000,1785153443588596000,1785153443588599000,1785153443588599000,1785153443588599000,121932490,121652369,-119.121,0.000,0.000,1.000,3.000,0.000,0.000,9.000,0,0,0
B3_zmq_pushpull,zmq_tcp,none,none,,1,7129,512,584,1785153443589531000,1785153443589531000,1785153443589531000,1785153443589532000,1785153443589721000,1785153443589724000,1785153443589724000,1785153443589724000,121932490,121652369,-91.121,0.000,0.000,1.000,3.000,0.000,0.000,28.000,0,0,0
B3_zmq_pushpull,zmq_tcp,none,none,,1,7130,512,584,1785153443590508000,1785153443590508000,1785153443590508000,1785153443590509000,1785153443590578000,1785153443590581000,1785153443590581000,1785153443590581000,121932490,121652369,-211.121,0.000,0.000,1.000,3.000,0.000,0.000,120.000,0,0,0
B3_zmq_pushpull,zmq_tcp,none,none,,1,7131,512,584,1785153443591511000,1785153443591511000,1785153443591511000,1785153443591512000,1785153443591691000,1785153443591694000,1785153443591694000,1785153443591694000,121932490,121652369,-101.121,0.000,0.000,1.000,3.000,0.000,0.000,110.000,0,0,0
B3_zmq_pushpull,zmq_tcp,none,none,,1,7132,512,584,1785153443592511000,1785153443592511000,1785153443592511000,1785153443592512000,1785153443592547000,1785153443592550000,1785153443592550000,1785153443592550000,121932490,121652369,-245.121,0.000,0.000,1.000,3.000,0.000,0.000,144.000,0,0,0
B3_zmq_pushpull,zmq_tcp,none,none,,1,7133,512,584,1785153443593511000,1785153443593511000,1785153443593511000,1785153443593512000,1785153443593659000,1785153443593662000,1785153443593662000,1785153443593662000,121932490,121652369,-133.121,0.000,0.000,1.000,3.000,0.000,0.000,112.000,0,0,0
B3_zmq_pushpull,zmq_tcp,none,none,,1,7134,512,584,1785153443594352000,1785153443594352000,1785153443594352000,1785153443594353000,1785153443594504000,1785153443594507000,1785153443594507000,1785153443594507000,121932490,121652369,-129.121,0.000,0.000,1.000,3.000,0.000,0.000,4.000,0,0,0
B3_zmq_pushpull,zmq_tcp,none,none,,1,7135,512,584,1785153443595338000,1785153443595338000,1785153443595338000,1785153443595339000,1785153443595495000,1785153443595497000,1785153443595497000,1785153443595497000,121932490,121652369,-124.121,0.000,0.000,1.000,2.000,0.000,0.000,5.000,0,0,0
B3_zmq_pushpull,zmq_tcp,none,none,,1,7136,512,584,1785153443596334000,1785153443596334000,1785153443596334000,1785153443596335000,1785153443596489000,1785153443596492000,1785153443596492000,1785153443596492000,121932490,121652369,-126.121,0.000,0.000,1.000,3.000,0.000,0.000,2.000,0,0,0
B3_zmq_pushpull,zmq_tcp,none,none,,1,7137,512,584,1785153443597555000,1785153443597555000,1785153443597555000,1785153443597556000,1785153443597732000,1785153443597735000,1785153443597735000,1785153443597735000,121932490,121652369,-104.121,0.000,0.000,1.000,3.000,0.000,0.000,22.000,0,0,0
B3_zmq_pushpull,zmq_tcp,none,none,,1,7138,512,584,1785153443598499000,1785153443598499000,1785153443598499000,1785153443598500000,1785153443598575000,1785153443598577000,1785153443598577000,1785153443598577000,121932490,121652369,-205.121,0.000,0.000,1.000,2.000,0.000,0.000,101.000,0,0,0
B3_zmq_pushpull,zmq_tcp,none,none,,1,7139,512,584,1785153443599515000,1785153443599515000,1785153443599515000,1785153443599516000,1785153443599557000,1785153443599561000,1785153443599561000,1785153443599561000,121932490,121652369,-239.121,0.000,0.000,1.000,4.000,0.000,0.000,34.000,0,0,0
B3_zmq_pushpull,zmq_tcp,none,none,,1,7140,512,584,1785153443600511000,1785153443600511000,1785153443600511000,1785153443600512000,1785153443600561000,1785153443600564000,1785153443600565000,1785153443600565000,121932490,121652369,-231.121,0.000,0.000,1.000,3.000,1.000,0.000,8.000,0,0,0
B3_zmq_pushpull,zmq_tcp,none,none,,1,7141,512,584,1785153443601405000,1785153443601405000,1785153443601405000,1785153443601406000,1785153443601547000,1785153443601550000,1785153443601550000,1785153443601550000,121932490,121652369,-139.121,0.000,0.000,1.000,3.000,0.000,0.000,92.000,0,0,0
B3_zmq_pushpull,zmq_tcp,none,none,,1,7142,512,584,1785153443602399000,1785153443602399000,1785153443602399000,1785153443602400000,1785153443602555000,1785153443602558000,1785153443602558000,1785153443602558000,121932490,121652369,-125.121,0.000,0.000,1.000,3.000,0.000,0.000,14.000,0,0,0
B3_zmq_pushpull,zmq_tcp,none,none,,1,7143,512,584,1785153443603539000,1785153443603539000,1785153443603539000,1785153443603540000,1785153443603683000,1785153443603685000,1785153443603685000,1785153443603685000,121932490,121652369,-137.121,0.000,0.000,1.000,2.000,0.000,0.000,12.000,0,0,0
B3_zmq_pushpull,zmq_tcp,none,none,,1,7144,512,584,1785153443604368000,1785153443604368000,1785153443604368000,1785153443604369000,1785153443604527000,1785153443604529000,1785153443604529000,1785153443604529000,121932490,121652369,-122.121,0.000,0.000,1.000,2.000,0.000,0.000,15.000,0,0,0
B3_zmq_pushpull,zmq_tcp,none,none,,1,7145,512,584,1785153443605357000,1785153443605357000,1785153443605357000,1785153443605358000,1785153443605513000,1785153443605516000,1785153443605516000,1785153443605516000,121932490,121652369,-125.121,0.000,0.000,1.000,3.000,0.000,0.000,3.000,0,0,0
B3_zmq_pushpull,zmq_tcp,none,none,,1,7146,512,584,1785153443606353000,1785153443606353000,1785153443606353000,1785153443606354000,1785153443606504000,1785153443606507000,1785153443606507000,1785153443606507000,121932490,121652369,-130.121,0.000,0.000,1.000,3.000,0.000,0.000,5.000,0,0,0
B3_zmq_pushpull,zmq_tcp,none,none,,1,7147,512,584,1785153443607329000,1785153443607329000,1785153443607329000,1785153443607330000,1785153443607481000,1785153443607484000,1785153443607485000,1785153443607485000,121932490,121652369,-129.121,0.000,0.000,1.000,3.000,1.000,0.000,1.000,0,0,0
B3_zmq_pushpull,zmq_tcp,none,none,,1,7148,512,584,1785153443608557000,1785153443608557000,1785153443608558000,1785153443608558000,1785153443608611000,1785153443608614000,1785153443608614000,1785153443608614000,121932490,121652369,-227.121,0.000,1.000,0.000,3.000,0.000,0.000,98.000,0,0,0
B3_zmq_pushpull,zmq_tcp,none,none,,1,7149,512,584,1785153443609437000,1785153443609437000,1785153443609437000,1785153443609438000,1785153443609599000,1785153443609603000,1785153443609603000,1785153443609603000,121932490,121652369,-119.121,0.000,0.000,1.000,4.000,0.000,0.000,108.000,0,0,0
B3_zmq_pushpull,zmq_tcp,none,none,,1,7150,512,584,1785153443610532000,1785153443610532000,1785153443610532000,1785153443610533000,1785153443610585000,1785153443610588000,1785153443610588000,1785153443610588000,121932490,121652369,-228.121,0.000,0.000,1.000,3.000,0.000,0.000,109.000,0,0,0
B3_zmq_pushpull,zmq_tcp,none,none,,1,7151,512,584,1785153443611506000,1785153443611506000,1785153443611506000,1785153443611507000,1785153443611675000,1785153443611677000,1785153443611677000,1785153443611677000,121932490,121652369,-112.121,0.000,0.000,1.000,2.000,0.000,0.000,116.000,0,0,0
B3_zmq_pushpull,zmq_tcp,none,none,,1,7152,512,584,1785153443612512000,1785153443612512000,1785153443612512000,1785153443612513000,1785153443612639000,1785153443612642000,1785153443612642000,1785153443612642000,121932490,121652369,-154.121,0.000,0.000,1.000,3.000,0.000,0.000,42.000,0,0,0
B3_zmq_pushpull,zmq_tcp,none,none,,1,7153,512,584,1785153443613508000,1785153443613508000,1785153443613508000,1785153443613509000,1785153443613624000,1785153443613627000,1785153443613627000,1785153443613627000,121932490,121652369,-165.121,0.000,0.000,1.000,3.000,0.000,0.000,11.000,0,0,0
B3_zmq_pushpull,zmq_tcp,none,none,,1,7154,512,584,1785153443614512000,1785153443614512000,1785153443614513000,1785153443614513000,1785153443614601000,1785153443614604000,1785153443614604000,1785153443614604000,121932490,121652369,-192.121,0.000,1.000,0.000,3.000,0.000,0.000,27.000,0,0,0
B3_zmq_pushpull,zmq_tcp,none,none,,1,7155,512,584,1785153443615511000,1785153443615511000,1785153443615511000,1785153443615512000,1785153443615604000,1785153443615607000,1785153443615607000,1785153443615607000,121932490,121652369,-188.121,0.000,0.000,1.000,3.000,0.000,0.000,4.000,0,0,0
B3_zmq_pushpull,zmq_tcp,none,none,,1,7156,512,584,1785153443616513000,1785153443616513000,1785153443616513000,1785153443616514000,1785153443616700000,1785153443616703000,1785153443616703000,1785153443616703000,121932490,121652369,-94.121,0.000,0.000,1.000,3.000,0.000,0.000,94.000,0,0,0
B3_zmq_pushpull,zmq_tcp,none,none,,1,7157,512,584,1785153443617510000,1785153443617510000,1785153443617510000,1785153443617511000,1785153443617699000,1785153443617701000,1785153443617701000,1785153443617701000,121932490,121652369,-92.121,0.000,0.000,1.000,2.000,0.000,0.000,2.000,0,0,0
B3_zmq_pushpull,zmq_tcp,none,none,,1,7158,512,584,1785153443618385000,1785153443618385000,1785153443618385000,1785153443618386000,1785153443618545000,1785153443618549000,1785153443618549000,1785153443618549000,121932490,121652369,-121.121,0.000,0.000,1.000,4.000,0.000,0.000,29.000,0,0,0
B3_zmq_pushpull,zmq_tcp,none,none,,1,7159,512,584,1785153443619361000,1785153443619361000,1785153443619361000,1785153443619362000,1785153443619516000,1785153443619519000,1785153443619519000,1785153443619519000,121932490,121652369,-126.121,0.000,0.000,1.000,3.000,0.000,0.000,5.000,0,0,0
B3_zmq_pushpull,zmq_tcp,none,none,,1,7160,512,584,1785153443620347000,1785153443620348000,1785153443620348000,1785153443620348000,1785153443620500000,1785153443620505000,1785153443620505000,1785153443620505000,121932490,121652369,-128.121,1.000,0.000,0.000,5.000,0.000,0.000,2.000,0,0,0
B3_zmq_pushpull,zmq_tcp,none,none,,1,7161,512,584,1785153443621438000,1785153443621438000,1785153443621438000,1785153443621439000,1785153443621582000,1785153443621584000,1785153443621584000,1785153443621584000,121932490,121652369,-137.121,0.000,0.000,1.000,2.000,0.000,0.000,9.000,0,0,0
B3_zmq_pushpull,zmq_tcp,none,none,,1,7162,512,584,1785153443622408000,1785153443622408000,1785153443622408000,1785153443622409000,1785153443622560000,1785153443622563000,1785153443622563000,1785153443622563000,121932490,121652369,-129.121,0.000,0.000,1.000,3.000,0.000,0.000,8.000,0,0,0
B3_zmq_pushpull,zmq_tcp,none,none,,1,7163,512,584,1785153443623386000,1785153443623386000,1785153443623386000,1785153443623387000,1785153443623544000,1785153443623547000,1785153443623547000,1785153443623547000,121932490,121652369,-123.121,0.000,0.000,1.000,3.000,0.000,0.000,6.000,0,0,0
B3_zmq_pushpull,zmq_tcp,none,none,,1,7164,512,584,1785153443624540000,1785153443624540000,1785153443624540000,1785153443624541000,1785153443624696000,1785153443624699000,1785153443624699000,1785153443624699000,121932490,121652369,-125.121,0.000,0.000,1.000,3.000,0.000,0.000,2.000,0,0,0
B3_zmq_pushpull,zmq_tcp,none,none,,1,7165,512,584,1785153443625394000,1785153443625394000,1785153443625394000,1785153443625395000,1785153443625553000,1785153443625556000,1785153443625556000,1785153443625556000,121932490,121652369,-122.121,0.000,0.000,1.000,3.000,0.000,0.000,3.000,0,0,0
B3_zmq_pushpull,zmq_tcp,none,none,,1,7166,512,584,1785153443626540000,1785153443626540000,1785153443626541000,1785153443626541000,1785153443626668000,1785153443626671000,1785153443626671000,1785153443626671000,121932490,121652369,-153.121,0.000,1.000,0.000,3.000,0.000,0.000,31.000,0,0,0
B3_zmq_pushpull,zmq_tcp,none,none,,1,7167,512,584,1785153443627502000,1785153443627502000,1785153443627502000,1785153443627503000,1785153443627638000,1785153443627641000,1785153443627641000,1785153443627641000,121932490,121652369,-145.121,0.000,0.000,1.000,3.000,0.000,0.000,8.000,0,0,0
B3_zmq_pushpull,zmq_tcp,none,none,,1,7168,512,584,1785153443628514000,1785153443628514000,1785153443628514000,1785153443628515000,1785153443628600000,1785153443628603000,1785153443628603000,1785153443628603000,121932490,121652369,-195.121,0.000,0.000,1.000,3.000,0.000,0.000,50.000,0,0,0
B3_zmq_pushpull,zmq_tcp,none,none,,1,7169,512,584,1785153443629511000,1785153443629511000,1785153443629511000,1785153443629512000,1785153443629578000,1785153443629581000,1785153443629581000,1785153443629581000,121932490,121652369,-214.121,0.000,0.000,1.000,3.000,0.000,0.000,19.000,0,0,0
B3_zmq_pushpull,zmq_tcp,none,none,,1,7170,512,584,1785153443630513000,1785153443630513000,1785153443630513000,1785153443630514000,1785153443630707000,1785153443630709000,1785153443630709000,1785153443630709000,121932490,121652369,-87.121,0.000,0.000,1.000,2.000,0.000,0.000,127.000,0,0,0
B3_zmq_pushpull,zmq_tcp,none,none,,1,7171,512,584,1785153443631507000,1785153443631507000,1785153443631507000,1785153443631508000,1785153443631695000,1785153443631697000,1785153443631697000,1785153443631698000,121932490,121652369,-93.121,0.000,0.000,1.000,2.000,0.000,1.000,6.000,0,0,0
B3_zmq_pushpull,zmq_tcp,none,none,,1,7172,512,584,1785153443632513000,1785153443632513000,1785153443632513000,1785153443632514000,1785153443632667000,1785153443632669000,1785153443632669000,1785153443632669000,121932490,121652369,-127.121,0.000,0.000,1.000,2.000,0.000,0.000,34.000,0,0,0
B3_zmq_pushpull,zmq_tcp,none,none,,1,7173,512,584,1785153443633358000,1785153443633358000,1785153443633358000,1785153443633359000,1785153443633517000,1785153443633521000,1785153443633521000,1785153443633521000,121932490,121652369,-122.121,0.000,0.000,1.000,4.000,0.000,0.000,5.000,0,0,0
B3_zmq_pushpull,zmq_tcp,none,none,,1,7174,512,584,1785153443634549000,1785153443634550000,1785153443634550000,1785153443634551000,1785153443634643000,1785153443634646000,1785153443634646000,1785153443634646000,121932490,121652369,-188.121,1.000,0.000,1.000,3.000,0.000,0.000,66.000,0,0,0
B3_zmq_pushpull,zmq_tcp,none,none,,1,7175,512,584,1785153443635329000,1785153443635329000,1785153443635329000,1785153443635330000,1785153443635482000,1785153443635484000,1785153443635484000,1785153443635484000,121932490,121652369,-128.121,0.000,0.000,1.000,2.000,0.000,0.000,60.000,0,0,0
B3_zmq_pushpull,zmq_tcp,none,none,,1,7176,512,584,1785153443636320000,1785153443636320000,1785153443636320000,1785153443636321000,1785153443636464000,1785153443636467000,1785153443636467000,1785153443636467000,121932490,121652369,-137.121,0.000,0.000,1.000,3.000,0.000,0.000,9.000,0,0,0
B3_zmq_pushpull,zmq_tcp,none,none,,1,7177,512,584,1785153443637317000,1785153443637317000,1785153443637317000,1785153443637318000,1785153443637460000,1785153443637463000,1785153443637463000,1785153443637463000,121932490,121652369,-138.121,0.000,0.000,1.000,3.000,0.000,0.000,1.000,0,0,0
B3_zmq_pushpull,zmq_tcp,none,none,,1,7178,512,584,1785153443638317000,1785153443638317000,1785153443638317000,1785153443638318000,1785153443638461000,1785153443638464000,1785153443638464000,1785153443638464000,121932490,121652369,-137.121,0.000,0.000,1.000,3.000,0.000,0.000,1.000,0,0,0
B3_zmq_pushpull,zmq_tcp,none,none,,1,7179,512,584,1785153443639433000,1785153443639433000,1785153443639433000,1785153443639434000,1785153443639580000,1785153443639583000,1785153443639583000,1785153443639583000,121932490,121652369,-134.121,0.000,0.000,1.000,3.000,0.000,0.000,3.000,0,0,0
B3_zmq_pushpull,zmq_tcp,none,none,,1,7180,512,584,1785153443640416000,1785153443640416000,1785153443640417000,1785153443640418000,1785153443640556000,1785153443640559000,1785153443640559000,1785153443640559000,121932490,121652369,-142.121,0.000,1.000,1.000,3.000,0.000,0.000,8.000,0,0,0
B3_zmq_pushpull,zmq_tcp,none,none,,1,7181,512,584,1785153443641374000,1785153443641374000,1785153443641374000,1785153443641375000,1785153443641529000,1785153443641532000,1785153443641532000,1785153443641532000,121932490,121652369,-126.121,0.000,0.000,1.000,3.000,0.000,0.000,16.000,0,0,0
B3_zmq_pushpull,zmq_tcp,none,none,,1,7182,512,584,1785153443642355000,1785153443642356000,1785153443642356000,1785153443642357000,1785153443642508000,1785153443642511000,1785153443642511000,1785153443642511000,121932490,121652369,-129.121,1.000,0.000,1.000,3.000,0.000,0.000,3.000,0,0,0
B3_zmq_pushpull,zmq_tcp,none,none,,1,7183,512,584,1785153443643345000,1785153443643345000,1785153443643345000,1785153443643346000,1785153443643500000,1785153443643503000,1785153443643503000,1785153443643503000,121932490,121652369,-126.121,0.000,0.000,1.000,3.000,0.000,0.000,3.000,0,0,0
B3_zmq_pushpull,zmq_tcp,none,none,,1,7184,512,584,1785153443644340000,1785153443644340000,1785153443644340000,1785153443644341000,1785153443644500000,1785153443644503000,1785153443644503000,1785153443644503000,121932490,121652369,-121.121,0.000,0.000,1.000,3.000,0.000,0.000,5.000,0,0,0
B3_zmq_pushpull,zmq_tcp,none,none,,1,7185,512,584,1785153443645556000,1785153443645556000,1785153443645556000,1785153443645557000,1785153443645748000,1785153443645757000,1785153443645757000,1785153443645757000,121932490,121652369,-89.121,0.000,0.000,1.000,9.000,0.000,0.000,32.000,0,0,0
B3_zmq_pushpull,zmq_tcp,none,none,,1,7186,512,584,1785153443646499000,1785153443646499000,1785153443646499000,1785153443646500000,1785153443646597000,1785153443646600000,1785153443646600000,1785153443646600000,121932490,121652369,-183.121,0.000,0.000,1.000,3.000,0.000,0.000,94.000,0,0,0
B3_zmq_pushpull,zmq_tcp,none,none,,1,7187,512,584,1785153443647516000,1785153443647516000,1785153443647516000,1785153443647517000,1785153443647562000,1785153443647565000,1785153443647565000,1785153443647565000,121932490,121652369,-235.121,0.000,0.000,1.000,3.000,0.000,0.000,52.000,0,0,0
B3_zmq_pushpull,zmq_tcp,none,none,,1,7188,512,584,1785153443648511000,1785153443648511000,1785153443648511000,1785153443648512000,1785153443648686000,1785153443648688000,1785153443648688000,1785153443648688000,121932490,121652369,-106.121,0.000,0.000,1.000,2.000,0.000,0.000,129.000,0,0,0
B3_zmq_pushpull,zmq_tcp,none,none,,1,7189,512,584,1785153443649511000,1785153443649511000,1785153443649511000,1785153443649512000,1785153443649670000,1785153443649672000,1785153443649672000,1785153443649672000,121932490,121652369,-122.121,0.000,0.000,1.000,2.000,0.000,0.000,16.000,0,0,0
B3_zmq_pushpull,zmq_tcp,none,none,,1,7190,512,584,1785153443650351000,1785153443650351000,1785153443650351000,1785153443650352000,1785153443650504000,1785153443650507000,1785153443650507000,1785153443650507000,121932490,121652369,-128.121,0.000,0.000,1.000,3.000,0.000,0.000,6.000,0,0,0
B3_zmq_pushpull,zmq_tcp,none,none,,1,7191,512,584,1785153443651344000,1785153443651344000,1785153443651344000,1785153443651345000,1785153443651503000,1785153443651505000,1785153443651505000,1785153443651506000,121932490,121652369,-122.121,0.000,0.000,1.000,2.000,0.000,1.000,6.000,0,0,0
B3_zmq_pushpull,zmq_tcp,none,none,,1,7192,512,584,1785153443652554000,1785153443652554000,1785153443652554000,1785153443652555000,1785153443652637000,1785153443652639000,1785153443652640000,1785153443652640000,121932490,121652369,-198.121,0.000,0.000,1.000,2.000,1.000,0.000,76.000,0,0,0
B3_zmq_pushpull,zmq_tcp,none,none,,1,7193,512,584,1785153443653503000,1785153443653503000,1785153443653503000,1785153443653504000,1785153443653622000,1785153443653624000,1785153443653624000,1785153443653624000,121932490,121652369,-162.121,0.000,0.000,1.000,2.000,0.000,0.000,36.000,0,0,0
B3_zmq_pushpull,zmq_tcp,none,none,,1,7194,512,584,1785153443654515000,1785153443654515000,1785153443654515000,1785153443654516000,1785153443654603000,1785153443654606000,1785153443654606000,1785153443654606000,121932490,121652369,-193.121,0.000,0.000,1.000,3.000,0.000,0.000,31.000,0,0,0
B3_zmq_pushpull,zmq_tcp,none,none,,1,7195,512,584,1785153443655511000,1785153443655511000,1785153443655511000,1785153443655512000,1785153443655583000,1785153443655585000,1785153443655585000,1785153443655586000,121932490,121652369,-209.121,0.000,0.000,1.000,2.000,0.000,1.000,16.000,0,0,0
B3_zmq_pushpull,zmq_tcp,none,none,,1,7196,512,584,1785153443656511000,1785153443656511000,1785153443656511000,1785153443656512000,1785153443656570000,1785153443656573000,1785153443656573000,1785153443656573000,121932490,121652369,-222.121,0.000,0.000,1.000,3.000,0.000,0.000,13.000,0,0,0
B3_zmq_pushpull,zmq_tcp,none,none,,1,7197,512,584,1785153443657396000,1785153443657396000,1785153443657396000,1785153443657397000,1785153443657541000,1785153443657543000,1785153443657543000,1785153443657543000,121932490,121652369,-136.121,0.000,0.000,1.000,2.000,0.000,0.000,86.000,0,0,0
B3_zmq_pushpull,zmq_tcp,none,none,,1,7198,512,584,1785153443658541000,1785153443658541000,1785153443658541000,1785153443658542000,1785153443658675000,1785153443658678000,1785153443658678000,1785153443658678000,121932490,121652369,-147.121,0.000,0.000,1.000,3.000,0.000,0.000,11.000,0,0,0
B3_zmq_pushpull,zmq_tcp,none,none,,1,7199,512,584,1785153443659507000,1785153443659507000,1785153443659507000,1785153443659508000,1785153443659667000,1785153443659670000,1785153443659670000,1785153443659670000,121932490,121652369,-121.121,0.000,0.000,1.000,3.000,0.000,0.000,26.000,0,0,0
B3_zmq_pushpull,zmq_tcp,none,none,,1,7200,512,584,1785153443660513000,1785153443660513000,1785153443660513000,1785153443660514000,1785153443660642000,1785153443660644000,1785153443660644000,1785153443660644000,121932490,121652369,-152.121,0.000,0.000,1.000,2.000,0.000,0.000,31.000,0,0,0
B3_zmq_pushpull,zmq_tcp,none,none,,1,7201,512,584,1785153443661509000,1785153443661509000,1785153443661509000,1785153443661510000,1785153443661632000,1785153443661635000,1785153443661635000,1785153443661635000,121932490,121652369,-158.121,0.000,0.000,1.000,3.000,0.000,0.000,6.000,0,0,0
B3_zmq_pushpull,zmq_tcp,none,none,,1,7202,512,584,1785153443662512000,1785153443662513000,1785153443662513000,1785153443662514000,1785153443662610000,1785153443662612000,1785153443662612000,1785153443662612000,121932490,121652369,-184.121,1.000,0.000,1.000,2.000,0.000,0.000,26.000,0,0,0
B3_zmq_pushpull,zmq_tcp,none,none,,1,7203,512,584,1785153443663511000,1785153443663511000,1785153443663511000,1785153443663512000,1785153443663578000,1785153443663580000,1785153443663580000,1785153443663580000,121932490,121652369,-214.121,0.000,0.000,1.000,2.000,0.000,0.000,30.000,0,0,0
B3_zmq_pushpull,zmq_tcp,none,none,,1,7204,512,584,1785153443664395000,1785153443664395000,1785153443664395000,1785153443664396000,1785153443664551000,1785153443664554000,1785153443664554000,1785153443664554000,121932490,121652369,-125.121,0.000,0.000,1.000,3.000,0.000,0.000,89.000,0,0,0
B3_zmq_pushpull,zmq_tcp,none,none,,1,7205,512,584,1785153443665390000,1785153443665390000,1785153443665390000,1785153443665391000,1785153443665551000,1785153443665554000,1785153443665554000,1785153443665554000,121932490,121652369,-120.121,0.000,0.000,1.000,3.000,0.000,0.000,5.000,0,0,0
B3_zmq_pushpull,zmq_tcp,none,none,,1,7206,512,584,1785153443666542000,1785153443666542000,1785153443666542000,1785153443666543000,1785153443666682000,1785153443666684000,1785153443666684000,1785153443666684000,121932490,121652369,-141.121,0.000,0.000,1.000,2.000,0.000,0.000,21.000,0,0,0
B3_zmq_pushpull,zmq_tcp,none,none,,1,7207,512,584,1785153443667504000,1785153443667504000,1785153443667504000,1785153443667505000,1785153443667662000,1785153443667664000,1785153443667664000,1785153443667664000,121932490,121652369,-123.121,0.000,0.000,1.000,2.000,0.000,0.000,18.000,0,0,0
B3_zmq_pushpull,zmq_tcp,none,none,,1,7208,512,584,1785153443668352000,1785153443668353000,1785153443668353000,1785153443668354000,1785153443668495000,1785153443668498000,1785153443668498000,1785153443668498000,121932490,121652369,-139.121,1.000,0.000,1.000,3.000,0.000,0.000,16.000,0,0,0
B3_zmq_pushpull,zmq_tcp,none,none,,1,7209,512,584,1785153443669551000,1785153443669551000,1785153443669551000,1785153443669552000,1785153443669611000,1785153443669614000,1785153443669614000,1785153443669614000,121932490,121652369,-221.121,0.000,0.000,1.000,3.000,0.000,0.000,82.000,0,0,0
B3_zmq_pushpull,zmq_tcp,none,none,,1,7210,512,584,1785153443670502000,1785153443670502000,1785153443670502000,1785153443670503000,1785153443670576000,1785153443670579000,1785153443670579000,1785153443670579000,121932490,121652369,-207.121,0.000,0.000,1.000,3.000,0.000,0.000,14.000,0,0,0
B3_zmq_pushpull,zmq_tcp,none,none,,1,7211,512,584,1785153443671517000,1785153443671517000,1785153443671517000,1785153443671518000,1785153443671574000,1785153443671577000,1785153443671577000,1785153443671577000,121932490,121652369,-224.121,0.000,0.000,1.000,3.000,0.000,0.000,17.000,0,0,0
B3_zmq_pushpull,zmq_tcp,none,none,,1,7212,512,584,1785153443672418000,1785153443672418000,1785153443672418000,1785153443672419000,1785153443672578000,1785153443672580000,1785153443672580000,1785153443672580000,121932490,121652369,-121.121,0.000,0.000,1.000,2.000,0.000,0.000,103.000,0,0,0
B3_zmq_pushpull,zmq_tcp,none,none,,1,7213,512,584,1785153443673420000,1785153443673420000,1785153443673420000,1785153443673421000,1785153443673580000,1785153443673583000,1785153443673583000,1785153443673583000,121932490,121652369,-121.121,0.000,0.000,1.000,3.000,0.000,0.000,0.000,0,0,0
B3_zmq_pushpull,zmq_tcp,none,none,,1,7214,512,584,1785153443674534000,1785153443674534000,1785153443674534000,1785153443674535000,1785153443674696000,1785153443674699000,1785153443674699000,1785153443674699000,121932490,121652369,-119.121,0.000,0.000,1.000,3.000,0.000,0.000,2.000,0,0,0
B3_zmq_pushpull,zmq_tcp,none,none,,1,7215,512,584,1785153443675507000,1785153443675507000,1785153443675507000,1785153443675508000,1785153443675551000,1785153443675554000,1785153443675554000,1785153443675554000,121932490,121652369,-237.121,0.000,0.000,1.000,3.000,0.000,0.000,118.000,0,0,0
B3_zmq_pushpull,zmq_tcp,none,none,,1,7216,512,584,1785153443676513000,1785153443676513000,1785153443676513000,1785153443676514000,1785153443676683000,1785153443676686000,1785153443676686000,1785153443676686000,121932490,121652369,-111.121,0.000,0.000,1.000,3.000,0.000,0.000,126.000,0,0,0
B3_zmq_pushpull,zmq_tcp,none,none,,1,7217,512,584,1785153443677512000,1785153443677512000,1785153443677512000,1785153443677513000,1785153443677650000,1785153443677652000,1785153443677652000,1785153443677652000,121932490,121652369,-143.121,0.000,0.000,1.000,2.000,0.000,0.000,32.000,0,0,0
B3_zmq_pushpull,zmq_tcp,none,none,,1,7218,512,584,1785153443678353000,1785153443678353000,1785153443678353000,1785153443678354000,1785153443678508000,1785153443678511000,1785153443678511000,1785153443678511000,121932490,121652369,-126.121,0.000,0.000,1.000,3.000,0.000,0.000,17.000,0,0,0
B3_zmq_pushpull,zmq_tcp,none,none,,1,7219,512,584,1785153443679340000,1785153443679340000,1785153443679340000,1785153443679341000,1785153443679500000,1785153443679503000,1785153443679503000,1785153443679503000,121932490,121652369,-121.121,0.000,0.000,1.000,3.000,0.000,0.000,5.000,0,0,0
B3_zmq_pushpull,zmq_tcp,none,none,,1,7220,512,584,1785153443680557000,1785153443680557000,1785153443680557000,1785153443680558000,1785153443680623000,1785153443680625000,1785153443680625000,1785153443680625000,121932490,121652369,-215.121,0.000,0.000,1.000,2.000,0.000,0.000,94.000,0,0,0
B3_zmq_pushpull,zmq_tcp,none,none,,1,7221,512,584,1785153443681503000,1785153443681503000,1785153443681503000,1785153443681504000,1785153443681618000,1785153443681620000,1785153443681620000,1785153443681620000,121932490,121652369,-166.121,0.000,0.000,1.000,2.000,0.000,0.000,49.000,0,0,0
B3_zmq_pushpull,zmq_tcp,none,none,,1,7222,512,584,1785153443682513000,1785153443682513000,1785153443682513000,1785153443682514000,1785153443682588000,1785153443682591000,1785153443682591000,1785153443682591000,121932490,121652369,-206.121,0.000,0.000,1.000,3.000,0.000,0.000,40.000,0,0,0
B3_zmq_pushpull,zmq_tcp,none,none,,1,7223,512,584,1785153443683511000,1785153443683512000,1785153443683512000,1785153443683512000,1785153443683671000,1785153443683674000,1785153443683674000,1785153443683674000,121932490,121652369,-121.121,1.000,0.000,0.000,3.000,0.000,0.000,85.000,0,0,0
B3_zmq_pushpull,zmq_tcp,none,none,,1,7224,512,584,1785153443684511000,1785153443684511000,1785153443684512000,1785153443684512000,1785153443684636000,1785153443684639000,1785153443684639000,1785153443684639000,121932490,121652369,-156.121,0.000,1.000,0.000,3.000,0.000,0.000,35.000,0,0,0
B3_zmq_pushpull,zmq_tcp,none,none,,1,7225,512,584,1785153443685509000,1785153443685509000,1785153443685509000,1785153443685510000,1785153443685624000,1785153443685627000,1785153443685627000,1785153443685627000,121932490,121652369,-166.121,0.000,0.000,1.000,3.000,0.000,0.000,10.000,0,0,0
B3_zmq_pushpull,zmq_tcp,none,none,,1,7226,512,584,1785153443686513000,1785153443686513000,1785153443686513000,1785153443686514000,1785153443686626000,1785153443686628000,1785153443686628000,1785153443686628000,121932490,121652369,-168.121,0.000,0.000,1.000,2.000,0.000,0.000,2.000,0,0,0
B3_zmq_pushpull,zmq_tcp,none,none,,1,7227,512,584,1785153443687514000,1785153443687514000,1785153443687514000,1785153443687515000,1785153443687614000,1785153443687617000,1785153443687617000,1785153443687617000,121932490,121652369,-181.121,0.000,0.000,1.000,3.000,0.000,0.000,13.000,0,0,0
B3_zmq_pushpull,zmq_tcp,none,none,,1,7228,512,584,1785153443688510000,1785153443688510000,1785153443688510000,1785153443688511000,1785153443688612000,1785153443688615000,1785153443688615000,1785153443688615000,121932490,121652369,-179.121,0.000,0.000,1.000,3.000,0.000,0.000,2.000,0,0,0
B3_zmq_pushpull,zmq_tcp,none,none,,1,7229,512,584,1785153443689511000,1785153443689511000,1785153443689512000,1785153443689512000,1785153443689598000,1785153443689601000,1785153443689601000,1785153443689601000,121932490,121652369,-194.121,0.000,1.000,0.000,3.000,0.000,0.000,15.000,0,0,0
B3_zmq_pushpull,zmq_tcp,none,none,,1,7230,512,584,1785153443690512000,1785153443690512000,1785153443690512000,1785153443690513000,1785153443690576000,1785153443690579000,1785153443690579000,1785153443690579000,121932490,121652369,-217.121,0.000,0.000,1.000,3.000,0.000,0.000,23.000,0,0,0
B3_zmq_pushpull,zmq_tcp,none,none,,1,7231,512,584,1785153443691511000,1785153443691511000,1785153443691512000,1785153443691512000,1785153443691569000,1785153443691572000,1785153443691572000,1785153443691572000,121932490,121652369,-223.121,0.000,1.000,0.000,3.000,0.000,0.000,6.000,0,0,0
B3_zmq_pushpull,zmq_tcp,none,none,,1,7232,512,584,1785153443692511000,1785153443692511000,1785153443692511000,1785153443692512000,1785153443692556000,1785153443692559000,1785153443692559000,1785153443692559000,121932490,121652369,-236.121,0.000,0.000,1.000,3.000,0.000,0.000,13.000,0,0,0
B3_zmq_pushpull,zmq_tcp,none,none,,1,7233,512,584,1785153443693514000,1785153443693514000,1785153443693514000,1785153443693515000,1785153443693690000,1785153443693692000,1785153443693692000,1785153443693692000,121932490,121652369,-105.121,0.000,0.000,1.000,2.000,0.000,0.000,131.000,0,0,0
B3_zmq_pushpull,zmq_tcp,none,none,,1,7234,512,584,1785153443694510000,1785153443694510000,1785153443694510000,1785153443694511000,1785153443694675000,1785153443694680000,1785153443694680000,1785153443694680000,121932490,121652369,-116.121,0.000,0.000,1.000,5.000,0.000,0.000,11.000,0,0,0
B3_zmq_pushpull,zmq_tcp,none,none,,1,7235,512,584,1785153443695514000,1785153443695514000,1785153443695514000,1785153443695515000,1785153443695639000,1785153443695642000,1785153443695642000,1785153443695642000,121932490,121652369,-156.121,0.000,0.000,1.000,3.000,0.000,0.000,40.000,0,0,0
B3_zmq_pushpull,zmq_tcp,none,none,,1,7236,512,584,1785153443696511000,1785153443696512000,1785153443696512000,1785153443696513000,1785153443696616000,1785153443696620000,1785153443696620000,1785153443696620000,121932490,121652369,-177.121,1.000,0.000,1.000,4.000,0.000,0.000,21.000,0,0,0
B3_zmq_pushpull,zmq_tcp,none,none,,1,7237,512,584,1785153443697437000,1785153443697437000,1785153443697437000,1785153443697438000,1785153443697590000,1785153443697592000,1785153443697592000,1785153443697592000,121932490,121652369,-128.121,0.000,0.000,1.000,2.000,0.000,0.000,49.000,0,0,0
B3_zmq_pushpull,zmq_tcp,none,none,,1,7238,512,584,1785153443698424000,1785153443698424000,1785153443698424000,1785153443698425000,1785153443698575000,1785153443698578000,1785153443698578000,1785153443698578000,121932490,121652369,-130.121,0.000,0.000,1.000,3.000,0.000,0.000,2.000,0,0,0
B3_zmq_pushpull,zmq_tcp,none,none,,1,7239,512,584,1785153443699405000,1785153443699406000,1785153443699406000,1785153443699407000,1785153443699554000,1785153443699556000,1785153443699556000,1785153443699556000,121932490,121652369,-133.121,1.000,0.000,1.000,2.000,0.000,0.000,3.000,0,0,0
B3_zmq_pushpull,zmq_tcp,none,none,,1,7240,512,584,1785153443700534000,1785153443700534000,1785153443700534000,1785153443700535000,1785153443700676000,1785153443700679000,1785153443700679000,1785153443700679000,121932490,121652369,-139.121,0.000,0.000,1.000,3.000,0.000,0.000,6.000,0,0,0
B3_zmq_pushpull,zmq_tcp,none,none,,1,7241,512,584,1785153443701508000,1785153443701508000,1785153443701508000,1785153443701509000,1785153443701663000,1785153443701666000,1785153443701666000,1785153443701666000,121932490,121652369,-126.121,0.000,0.000,1.000,3.000,0.000,0.000,13.000,0,0,0
B3_zmq_pushpull,zmq_tcp,none,none,,1,7242,512,584,1785153443702360000,1785153443702361000,1785153443702361000,1785153443702362000,1785153443702502000,1785153443702505000,1785153443702505000,1785153443702505000,121932490,121652369,-140.121,1.000,0.000,1.000,3.000,0.000,0.000,14.000,0,0,0
B3_zmq_pushpull,zmq_tcp,none,none,,1,7243,512,584,1785153443703335000,1785153443703335000,1785153443703335000,1785153443703336000,1785153443703486000,1785153443703489000,1785153443703489000,1785153443703489000,121932490,121652369,-130.121,0.000,0.000,1.000,3.000,0.000,0.000,10.000,0,0,0
B3_zmq_pushpull,zmq_tcp,none,none,,1,7244,512,584,1785153443704440000,1785153443704440000,1785153443704440000,1785153443704441000,1785153443704592000,1785153443704595000,1785153443704595000,1785153443704595000,121932490,121652369,-129.121,0.000,0.000,1.000,3.000,0.000,0.000,1.000,0,0,0
B3_zmq_pushpull,zmq_tcp,none,none,,1,7245,512,584,1785153443705431000,1785153443705431000,1785153443705431000,1785153443705432000,1785153443705574000,1785153443705576000,1785153443705576000,1785153443705577000,121932490,121652369,-138.121,0.000,0.000,1.000,2.000,0.000,1.000,9.000,0,0,0
B3_zmq_pushpull,zmq_tcp,none,none,,1,7246,512,584,1785153443706532000,1785153443706532000,1785153443706533000,1785153443706533000,1785153443706707000,1785153443706710000,1785153443706710000,1785153443706710000,121932490,121652369,-106.121,0.000,1.000,0.000,3.000,0.000,0.000,32.000,0,0,0
B3_zmq_pushpull,zmq_tcp,none,none,,1,7247,512,584,1785153443707503000,1785153443707504000,1785153443707504000,1785153443707505000,1785153443707565000,1785153443707568000,1785153443707568000,1785153443707568000,121932490,121652369,-220.121,1.000,0.000,1.000,3.000,0.000,0.000,114.000,0,0,0
B3_zmq_pushpull,zmq_tcp,none,none,,1,7248,512,584,1785153443708516000,1785153443708516000,1785153443708516000,1785153443708517000,1785153443708701000,1785153443708703000,1785153443708703000,1785153443708703000,121932490,121652369,-96.121,0.000,0.000,1.000,2.000,0.000,0.000,124.000,0,0,0
B3_zmq_pushpull,zmq_tcp,none,none,,1,7249,512,584,1785153443709512000,1785153443709512000,1785153443709512000,1785153443709513000,1785153443709555000,1785153443709559000,1785153443709560000,1785153443709560000,121932490,121652369,-238.121,0.000,0.000,1.000,4.000,1.000,0.000,142.000,0,0,0
B3_zmq_pushpull,zmq_tcp,none,none,,1,7250,512,584,1785153443710513000,1785153443710513000,1785153443710513000,1785153443710514000,1785153443710684000,1785153443710688000,1785153443710688000,1785153443710688000,121932490,121652369,-110.121,0.000,0.000,1.000,4.000,0.000,0.000,128.000,0,0,0
B3_zmq_pushpull,zmq_tcp,none,none,,1,7251,512,584,1785153443711510000,1785153443711510000,1785153443711510000,1785153443711511000,1785153443711682000,1785153443711685000,1785153443711685000,1785153443711685000,121932490,121652369,-109.121,0.000,0.000,1.000,3.000,0.000,0.000,1.000,0,0,0
B3_zmq_pushpull,zmq_tcp,none,none,,1,7252,512,584,1785153443712518000,1785153443712518000,1785153443712519000,1785153443712519000,1785153443712668000,1785153443712671000,1785153443712671000,1785153443712671000,121932490,121652369,-131.121,0.000,1.000,0.000,3.000,0.000,0.000,22.000,0,0,0
B3_zmq_pushpull,zmq_tcp,none,none,,1,7253,512,584,1785153443713510000,1785153443713511000,1785153443713511000,1785153443713511000,1785153443713661000,1785153443713663000,1785153443713663000,1785153443713663000,121932490,121652369,-130.121,1.000,0.000,0.000,2.000,0.000,0.000,1.000,0,0,0
B3_zmq_pushpull,zmq_tcp,none,none,,1,7254,512,584,1785153443714512000,1785153443714512000,1785153443714512000,1785153443714513000,1785153443714663000,1785153443714666000,1785153443714666000,1785153443714666000,121932490,121652369,-130.121,0.000,0.000,1.000,3.000,0.000,0.000,0.000,0,0,0
B3_zmq_pushpull,zmq_tcp,none,none,,1,7255,512,584,1785153443715513000,1785153443715513000,1785153443715513000,1785153443715514000,1785153443715649000,1785153443715651000,1785153443715651000,1785153443715651000,121932490,121652369,-145.121,0.000,0.000,1.000,2.000,0.000,0.000,15.000,0,0,0
B3_zmq_pushpull,zmq_tcp,none,none,,1,7256,512,584,1785153443716513000,1785153443716513000,1785153443716513000,1785153443716514000,1785153443716618000,1785153443716621000,1785153443716621000,1785153443716621000,121932490,121652369,-176.121,0.000,0.000,1.000,3.000,0.000,0.000,31.000,0,0,0
B3_zmq_pushpull,zmq_tcp,none,none,,1,7257,512,584,1785153443717511000,1785153443717512000,1785153443717512000,1785153443717513000,1785153443717579000,1785153443717581000,1785153443717581000,1785153443717581000,121932490,121652369,-214.121,1.000,0.000,1.000,2.000,0.000,0.000,38.000,0,0,0
B3_zmq_pushpull,zmq_tcp,none,none,,1,7258,512,584,1785153443718512000,1785153443718512000,1785153443718512000,1785153443718513000,1785153443718559000,1785153443718562000,1785153443718563000,1785153443718563000,121932490,121652369,-234.121,0.000,0.000,1.000,3.000,1.000,0.000,20.000,0,0,0
B3_zmq_pushpull,zmq_tcp,none,none,,1,7259,512,584,1785153443719512000,1785153443719512000,1785153443719512000,1785153443719513000,1785153443719690000,1785153443719693000,1785153443719693000,1785153443719693000,121932490,121652369,-103.121,0.000,0.000,1.000,3.000,0.000,0.000,131.000,0,0,0
B3_zmq_pushpull,zmq_tcp,none,none,,1,7260,512,584,1785153443720514000,1785153443720514000,1785153443720514000,1785153443720515000,1785153443720675000,1785153443720678000,1785153443720678000,1785153443720678000,121932490,121652369,-120.121,0.000,0.000,1.000,3.000,0.000,0.000,17.000,0,0,0
B3_zmq_pushpull,zmq_tcp,none,none,,1,7261,512,584,1785153443721512000,1785153443721512000,1785153443721512000,1785153443721513000,1785153443721665000,1785153443721667000,1785153443721667000,1785153443721667000,121932490,121652369,-128.121,0.000,0.000,1.000,2.000,0.000,0.000,8.000,0,0,0
B3_zmq_pushpull,zmq_tcp,none,none,,1,7262,512,584,1785153443722513000,1785153443722514000,1785153443722514000,1785153443722515000,1785153443722653000,1785153443722655000,1785153443722655000,1785153443722655000,121932490,121652369,-142.121,1.000,0.000,1.000,2.000,0.000,0.000,14.000,0,0,0
B3_zmq_pushpull,zmq_tcp,none,none,,1,7263,512,584,1785153443723511000,1785153443723512000,1785153443723512000,1785153443723513000,1785153443723651000,1785153443723654000,1785153443723654000,1785153443723654000,121932490,121652369,-142.121,1.000,0.000,1.000,3.000,0.000,0.000,0.000,0,0,0
B3_zmq_pushpull,zmq_tcp,none,none,,1,7264,512,584,1785153443724511000,1785153443724512000,1785153443724512000,1785153443724513000,1785153443724643000,1785153443724647000,1785153443724647000,1785153443724647000,121932490,121652369,-150.121,1.000,0.000,1.000,4.000,0.000,0.000,8.000,0,0,0
B3_zmq_pushpull,zmq_tcp,none,none,,1,7265,512,584,1785153443725317000,1785153443725317000,1785153443725317000,1785153443725318000,1785153443725457000,1785153443725459000,1785153443725459000,1785153443725459000,121932490,121652369,-141.121,0.000,0.000,1.000,2.000,0.000,0.000,9.000,0,0,0
B3_zmq_pushpull,zmq_tcp,none,none,,1,7266,512,584,1785153443726421000,1785153443726421000,1785153443726421000,1785153443726422000,1785153443726571000,1785153443726574000,1785153443726574000,1785153443726574000,121932490,121652369,-131.121,0.000,0.000,1.000,3.000,0.000,0.000,10.000,0,0,0
B3_zmq_pushpull,zmq_tcp,none,none,,1,7267,512,584,1785153443727396000,1785153443727396000,1785153443727396000,1785153443727397000,1785153443727551000,1785153443727554000,1785153443727554000,1785153443727554000,121932490,121652369,-126.121,0.000,0.000,1.000,3.000,0.000,0.000,5.000,0,0,0
B3_zmq_pushpull,zmq_tcp,none,none,,1,7268,512,584,1785153443728388000,1785153443728388000,1785153443728388000,1785153443728389000,1785153443728543000,1785153443728546000,1785153443728546000,1785153443728546000,121932490,121652369,-126.121,0.000,0.000,1.000,3.000,0.000,0.000,0.000,0,0,0
B3_zmq_pushpull,zmq_tcp,none,none,,1,7269,512,584,1785153443729544000,1785153443729544000,1785153443729544000,1785153443729545000,1785153443729673000,1785153443729675000,1785153443729675000,1785153443729675000,121932490,121652369,-152.121,0.000,0.000,1.000,2.000,0.000,0.000,26.000,0,0,0
B3_zmq_pushpull,zmq_tcp,none,none,,1,7270,512,584,1785153443730502000,1785153443730502000,1785153443730502000,1785153443730503000,1785153443730649000,1785153443730652000,1785153443730652000,1785153443730652000,121932490,121652369,-134.121,0.000,0.000,1.000,3.000,0.000,0.000,18.000,0,0,0
B3_zmq_pushpull,zmq_tcp,none,none,,1,7271,512,584,1785153443731514000,1785153443731514000,1785153443731514000,1785153443731515000,1785153443731628000,1785153443731630000,1785153443731630000,1785153443731630000,121932490,121652369,-167.121,0.000,0.000,1.000,2.000,0.000,0.000,33.000,0,0,0
B3_zmq_pushpull,zmq_tcp,none,none,,1,7272,512,584,1785153443732512000,1785153443732512000,1785153443732512000,1785153443732513000,1785153443732595000,1785153443732598000,1785153443732598000,1785153443732598000,121932490,121652369,-198.121,0.000,0.000,1.000,3.000,0.000,0.000,31.000,0,0,0
B3_zmq_pushpull,zmq_tcp,none,none,,1,7273,512,584,1785153443733517000,1785153443733517000,1785153443733517000,1785153443733518000,1785153443733575000,1785153443733577000,1785153443733577000,1785153443733577000,121932490,121652369,-223.121,0.000,0.000,1.000,2.000,0.000,0.000,25.000,0,0,0
B3_zmq_pushpull,zmq_tcp,none,none,,1,7274,512,584,1785153443734432000,1785153443734433000,1785153443734433000,1785153443734434000,1785153443734582000,1785153443734585000,1785153443734585000,1785153443734585000,121932490,121652369,-132.121,1.000,0.000,1.000,3.000,0.000,0.000,91.000,0,0,0
B3_zmq_pushpull,zmq_tcp,none,none,,1,7275,512,584,1785153443735532000,1785153443735532000,1785153443735532000,1785153443735533000,1785153443735709000,1785153443735711000,1785153443735711000,1785153443735711000,121932490,121652369,-104.121,0.000,0.000,1.000,2.000,0.000,0.000,28.000,0,0,0
B3_zmq_pushpull,zmq_tcp,none,none,,1,7276,512,584,1785153443736510000,1785153443736510000,1785153443736510000,1785153443736511000,1785153443736697000,1785153443736699000,1785153443736699000,1785153443736699000,121932490,121652369,-94.121,0.000,0.000,1.000,2.000,0.000,0.000,10.000,0,0,0
B3_zmq_pushpull,zmq_tcp,none,none,,1,7277,512,584,1785153443737513000,1785153443737513000,1785153443737513000,1785153443737514000,1785153443737673000,1785153443737676000,1785153443737676000,1785153443737676000,121932490,121652369,-121.121,0.000,0.000,1.000,3.000,0.000,0.000,27.000,0,0,0
B3_zmq_pushpull,zmq_tcp,none,none,,1,7278,512,584,1785153443738359000,1785153443738359000,1785153443738359000,1785153443738361000,1785153443738502000,1785153443738505000,1785153443738505000,1785153443738505000,121932490,121652369,-139.121,0.000,0.000,2.000,3.000,0.000,0.000,18.000,0,0,0
B3_zmq_pushpull,zmq_tcp,none,none,,1,7279,512,584,1785153443739550000,1785153443739550000,1785153443739550000,1785153443739551000,1785153443739602000,1785153443739605000,1785153443739605000,1785153443739605000,121932490,121652369,-229.121,0.000,0.000,1.000,3.000,0.000,0.000,90.000,0,0,0
B3_zmq_pushpull,zmq_tcp,none,none,,1,7280,512,584,1785153443740502000,1785153443740502000,1785153443740502000,1785153443740503000,1785153443740581000,1785153443740583000,1785153443740583000,1785153443740583000,121932490,121652369,-202.121,0.000,0.000,1.000,2.000,0.000,0.000,27.000,0,0,0
B3_zmq_pushpull,zmq_tcp,none,none,,1,7281,512,584,1785153443741514000,1785153443741514000,1785153443741514000,1785153443741515000,1785153443741570000,1785153443741575000,1785153443741575000,1785153443741575000,121932490,121652369,-225.121,0.000,0.000,1.000,5.000,0.000,0.000,23.000,0,0,0
B3_zmq_pushpull,zmq_tcp,none,none,,1,7282,512,584,1785153443742513000,1785153443742513000,1785153443742513000,1785153443742514000,1785153443742699000,1785153443742702000,1785153443742702000,1785153443742702000,121932490,121652369,-95.121,0.000,0.000,1.000,3.000,0.000,0.000,130.000,0,0,0
B3_zmq_pushpull,zmq_tcp,none,none,,1,7283,512,584,1785153443743512000,1785153443743512000,1785153443743512000,1785153443743513000,1785153443743685000,1785153443743687000,1785153443743687000,1785153443743687000,121932490,121652369,-108.121,0.000,0.000,1.000,2.000,0.000,0.000,13.000,0,0,0
B3_zmq_pushpull,zmq_tcp,none,none,,1,7284,512,584,1785153443744512000,1785153443744512000,1785153443744512000,1785153443744513000,1785153443744682000,1785153443744685000,1785153443744685000,1785153443744685000,121932490,121652369,-111.121,0.000,0.000,1.000,3.000,0.000,0.000,3.000,0,0,0
B3_zmq_pushpull,zmq_tcp,none,none,,1,7285,512,584,1785153443745377000,1785153443745377000,1785153443745378000,1785153443745378000,1785153443745529000,1785153443745532000,1785153443745532000,1785153443745532000,121932490,121652369,-129.121,0.000,1.000,0.000,3.000,0.000,0.000,18.000,0,0,0
B3_zmq_pushpull,zmq_tcp,none,none,,1,7286,512,584,1785153443746542000,1785153443746542000,1785153443746543000,1785153443746543000,1785153443746639000,1785153443746642000,1785153443746642000,1785153443746642000,121932490,121652369,-184.121,0.000,1.000,0.000,3.000,0.000,0.000,55.000,0,0,0
B3_zmq_pushpull,zmq_tcp,none,none,,1,7287,512,584,1785153443747505000,1785153443747505000,1785153443747505000,1785153443747506000,1785153443747617000,1785153443747619000,1785153443747620000,1785153443747620000,121932490,121652369,-169.121,0.000,0.000,1.000,2.000,1.000,0.000,15.000,0,0,0
B3_zmq_pushpull,zmq_tcp,none,none,,1,7288,512,584,1785153443748517000,1785153443748517000,1785153443748517000,1785153443748518000,1785153443748598000,1785153443748601000,1785153443748601000,1785153443748601000,121932490,121652369,-200.121,0.000,0.000,1.000,3.000,0.000,0.000,31.000,0,0,0
B3_zmq_pushpull,zmq_tcp,none,none,,1,7289,512,584,1785153443749508000,1785153443749508000,1785153443749508000,1785153443749509000,1785153443749601000,1785153443749603000,1785153443749603000,1785153443749603000,121932490,121652369,-188.121,0.000,0.000,1.000,2.000,0.000,0.000,12.000,0,0,0
B3_zmq_pushpull,zmq_tcp,none,none,,1,7290,512,584,1785153443750515000,1785153443750515000,1785153443750515000,1785153443750516000,1785153443750597000,1785153443750600000,1785153443750600000,1785153443750600000,121932490,121652369,-199.121,0.000,0.000,1.000,3.000,0.000,0.000,11.000,0,0,0
B3_zmq_pushpull,zmq_tcp,none,none,,1,7291,512,584,1785153443751510000,1785153443751511000,1785153443751511000,1785153443751512000,1785153443751575000,1785153443751579000,1785153443751579000,1785153443751579000,121932490,121652369,-217.121,1.000,0.000,1.000,4.000,0.000,0.000,18.000,0,0,0
B3_zmq_pushpull,zmq_tcp,none,none,,1,7292,512,584,1785153443752512000,1785153443752512000,1785153443752512000,1785153443752513000,1785153443752573000,1785153443752577000,1785153443752577000,1785153443752577000,121932490,121652369,-220.121,0.000,0.000,1.000,4.000,0.000,0.000,3.000,0,0,0
B3_zmq_pushpull,zmq_tcp,none,none,,1,7293,512,584,1785153443753373000,1785153443753374000,1785153443753374000,1785153443753375000,1785153443753516000,1785153443753518000,1785153443753518000,1785153443753518000,121932490,121652369,-139.121,1.000,0.000,1.000,2.000,0.000,0.000,81.000,0,0,0
B3_zmq_pushpull,zmq_tcp,none,none,,1,7294,512,584,1785153443754343000,1785153443754343000,1785153443754344000,1785153443754344000,1785153443754495000,1785153443754498000,1785153443754498000,1785153443754498000,121932490,121652369,-129.121,0.000,1.000,0.000,3.000,0.000,0.000,10.000,0,0,0
B3_zmq_pushpull,zmq_tcp,none,none,,1,7295,512,584,1785153443755345000,1785153443755345000,1785153443755346000,1785153443755346000,1785153443755503000,1785153443755506000,1785153443755506000,1785153443755506000,121932490,121652369,-123.121,0.000,1.000,0.000,3.000,0.000,0.000,6.000,0,0,0
B3_zmq_pushpull,zmq_tcp,none,none,,1,7296,512,584,1785153443756344000,1785153443756344000,1785153443756344000,1785153443756345000,1785153443756492000,1785153443756495000,1785153443756495000,1785153443756495000,121932490,121652369,-133.121,0.000,0.000,1.000,3.000,0.000,0.000,10.000,0,0,0
B3_zmq_pushpull,zmq_tcp,none,none,,1,7297,512,584,1785153443757319000,1785153443757320000,1785153443757320000,1785153443757321000,1785153443757478000,1785153443757481000,1785153443757481000,1785153443757481000,121932490,121652369,-123.121,1.000,0.000,1.000,3.000,0.000,0.000,10.000,0,0,0
B3_zmq_pushpull,zmq_tcp,none,none,,1,7298,512,584,1785153443758432000,1785153443758433000,1785153443758433000,1785153443758434000,1785153443758583000,1785153443758586000,1785153443758586000,1785153443758586000,121932490,121652369,-131.121,1.000,0.000,1.000,3.000,0.000,0.000,8.000,0,0,0
B3_zmq_pushpull,zmq_tcp,none,none,,1,7299,512,584,1785153443759532000,1785153443759532000,1785153443759532000,1785153443759533000,1785153443759707000,1785153443759711000,1785153443759711000,1785153443759711000,121932490,121652369,-106.121,0.000,0.000,1.000,4.000,0.000,0.000,25.000,0,0,0
B3_zmq_pushpull,zmq_tcp,none,none,,1,7300,512,584,1785153443760504000,1785153443760504000,1785153443760504000,1785153443760505000,1785153443760547000,1785153443760550000,1785153443760550000,1785153443760550000,121932490,121652369,-238.121,0.000,0.000,1.000,3.000,0.000,0.000,132.000,0,0,0
B3_zmq_pushpull,zmq_tcp,none,none,,1,7301,512,584,1785153443761515000,1785153443761515000,1785153443761515000,1785153443761516000,1785153443761678000,1785153443761681000,1785153443761681000,1785153443761681000,121932490,121652369,-118.121,0.000,0.000,1.000,3.000,0.000,0.000,120.000,0,0,0
B3_zmq_pushpull,zmq_tcp,none,none,,1,7302,512,584,1785153443762513000,1785153443762513000,1785153443762513000,1785153443762514000,1785153443762661000,1785153443762664000,1785153443762664000,1785153443762664000,121932490,121652369,-133.121,0.000,0.000,1.000,3.000,0.000,0.000,15.000,0,0,0
B3_zmq_pushpull,zmq_tcp,none,none,,1,7303,512,584,1785153443763512000,1785153443763512000,1785153443763512000,1785153443763513000,1785153443763647000,1785153443763650000,1785153443763651000,1785153443763651000,121932490,121652369,-146.121,0.000,0.000,1.000,3.000,1.000,0.000,13.000,0,0,0
B3_zmq_pushpull,zmq_tcp,none,none,,1,7304,512,584,1785153443764333000,1785153443764333000,1785153443764333000,1785153443764334000,1785153443764490000,1785153443764493000,1785153443764493000,1785153443764493000,121932490,121652369,-124.121,0.000,0.000,1.000,3.000,0.000,0.000,22.000,0,0,0
B3_zmq_pushpull,zmq_tcp,none,none,,1,7305,512,584,1785153443765320000,1785153443765320000,1785153443765320000,1785153443765321000,1785153443765465000,1785153443765467000,1785153443765467000,1785153443765467000,121932490,121652369,-136.121,0.000,0.000,1.000,2.000,0.000,0.000,12.000,0,0,0
B3_zmq_pushpull,zmq_tcp,none,none,,1,7306,512,584,1785153443766427000,1785153443766427000,1785153443766427000,1785153443766429000,1785153443766571000,1785153443766574000,1785153443766574000,1785153443766574000,121932490,121652369,-138.121,0.000,0.000,2.000,3.000,0.000,0.000,2.000,0,0,0
B3_zmq_pushpull,zmq_tcp,none,none,,1,7307,512,584,1785153443767533000,1785153443767533000,1785153443767533000,1785153443767534000,1785153443767697000,1785153443767699000,1785153443767699000,1785153443767700000,121932490,121652369,-117.121,0.000,0.000,1.000,2.000,0.000,1.000,21.000,0,0,0
B3_zmq_pushpull,zmq_tcp,none,none,,1,7308,512,584,1785153443768507000,1785153443768507000,1785153443768507000,1785153443768508000,1785153443768687000,1785153443768690000,1785153443768690000,1785153443768690000,121932490,121652369,-101.121,0.000,0.000,1.000,3.000,0.000,0.000,16.000,0,0,0
B3_zmq_pushpull,zmq_tcp,none,none,,1,7309,512,584,1785153443769514000,1785153443769514000,1785153443769514000,1785153443769515000,1785153443769677000,1785153443769680000,1785153443769680000,1785153443769680000,121932490,121652369,-118.121,0.000,0.000,1.000,3.000,0.000,0.000,17.000,0,0,0
B3_zmq_pushpull,zmq_tcp,none,none,,1,7310,512,584,1785153443770378000,1785153443770378000,1785153443770378000,1785153443770379000,1785153443770533000,1785153443770536000,1785153443770536000,1785153443770536000,121932490,121652369,-126.121,0.000,0.000,1.000,3.000,0.000,0.000,8.000,0,0,0
B3_zmq_pushpull,zmq_tcp,none,none,,1,7311,512,584,1785153443771547000,1785153443771547000,1785153443771547000,1785153443771548000,1785153443771641000,1785153443771643000,1785153443771643000,1785153443771643000,121932490,121652369,-187.121,0.000,0.000,1.000,2.000,0.000,0.000,61.000,0,0,0
B3_zmq_pushpull,zmq_tcp,none,none,,1,7312,512,584,1785153443772500000,1785153443772500000,1785153443772500000,1785153443772501000,1785153443772625000,1785153443772628000,1785153443772628000,1785153443772628000,121932490,121652369,-156.121,0.000,0.000,1.000,3.000,0.000,0.000,31.000,0,0,0
B3_zmq_pushpull,zmq_tcp,none,none,,1,7313,512,584,1785153443773518000,1785153443773518000,1785153443773518000,1785153443773519000,1785153443773625000,1785153443773629000,1785153443773629000,1785153443773629000,121932490,121652369,-174.121,0.000,0.000,1.000,4.000,0.000,0.000,18.000,0,0,0
B3_zmq_pushpull,zmq_tcp,none,none,,1,7314,512,584,1785153443774514000,1785153443774515000,1785153443774515000,1785153443774516000,1785153443774621000,1785153443774624000,1785153443774624000,1785153443774624000,121932490,121652369,-175.121,1.000,0.000,1.000,3.000,0.000,0.000,1.000,0,0,0
B3_zmq_pushpull,zmq_tcp,none,none,,1,7315,512,584,1785153443775327000,1785153443775327000,1785153443775327000,1785153443775328000,1785153443775467000,1785153443775470000,1785153443775470000,1785153443775470000,121932490,121652369,-141.121,0.000,0.000,1.000,3.000,0.000,0.000,34.000,0,0,0
B3_zmq_pushpull,zmq_tcp,none,none,,1,7316,512,584,1785153443776318000,1785153443776319000,1785153443776319000,1785153443776320000,1785153443776472000,1785153443776475000,1785153443776475000,1785153443776475000,121932490,121652369,-128.121,1.000,0.000,1.000,3.000,0.000,0.000,13.000,0,0,0
B3_zmq_pushpull,zmq_tcp,none,none,,1,7317,512,584,1785153443777317000,1785153443777317000,1785153443777317000,1785153443777318000,1785153443777462000,1785153443777465000,1785153443777465000,1785153443777465000,121932490,121652369,-136.121,0.000,0.000,1.000,3.000,0.000,0.000,8.000,0,0,0
B3_zmq_pushpull,zmq_tcp,none,none,,1,7318,512,584,1785153443778563000,1785153443778564000,1785153443778564000,1785153443778565000,1785153443778741000,1785153443778744000,1785153443778744000,1785153443778744000,121932490,121652369,-104.121,1.000,0.000,1.000,3.000,0.000,0.000,32.000,0,0,0
B3_zmq_pushpull,zmq_tcp,none,none,,1,7319,512,584,1785153443779439000,1785153443779439000,1785153443779439000,1785153443779440000,1785153443779602000,1785153443779605000,1785153443779605000,1785153443779605000,121932490,121652369,-118.121,0.000,0.000,1.000,3.000,0.000,0.000,14.000,0,0,0
B3_zmq_pushpull,zmq_tcp,none,none,,1,7320,512,584,1785153443780531000,1785153443780531000,1785153443780531000,1785153443780532000,1785153443780593000,1785153443780596000,1785153443780596000,1785153443780596000,121932490,121652369,-219.121,0.000,0.000,1.000,3.000,0.000,0.000,101.000,0,0,0
B3_zmq_pushpull,zmq_tcp,none,none,,1,7321,512,584,1785153443781508000,1785153443781508000,1785153443781508000,1785153443781509000,1785153443781568000,1785153443781570000,1785153443781570000,1785153443781570000,121932490,121652369,-221.121,0.000,0.000,1.000,2.000,0.000,0.000,2.000,0,0,0
B3_zmq_pushpull,zmq_tcp,none,none,,1,7322,512,584,1785153443782515000,1785153443782516000,1785153443782516000,1785153443782517000,1785153443782700000,1785153443782702000,1785153443782702000,1785153443782702000,121932490,121652369,-97.121,1.000,0.000,1.000,2.000,0.000,0.000,124.000,0,0,0
B3_zmq_pushpull,zmq_tcp,none,none,,1,7323,512,584,1785153443783509000,1785153443783509000,1785153443783509000,1785153443783510000,1785153443783697000,1785153443783700000,1785153443783700000,1785153443783700000,121932490,121652369,-93.121,0.000,0.000,1.000,3.000,0.000,0.000,4.000,0,0,0
B3_zmq_pushpull,zmq_tcp,none,none,,1,7324,512,584,1785153443784516000,1785153443784516000,1785153443784516000,1785153443784517000,1785153443784680000,1785153443784682000,1785153443784682000,1785153443784682000,121932490,121652369,-117.121,0.000,0.000,1.000,2.000,0.000,0.000,24.000,0,0,0
B3_zmq_pushpull,zmq_tcp,none,none,,1,7325,512,584,1785153443785513000,1785153443785513000,1785153443785513000,1785153443785514000,1785153443785648000,1785153443785650000,1785153443785650000,1785153443785650000,121932490,121652369,-146.121,0.000,0.000,1.000,2.000,0.000,0.000,29.000,0,0,0
B3_zmq_pushpull,zmq_tcp,none,none,,1,7326,512,584,1785153443786514000,1785153443786514000,1785153443786514000,1785153443786515000,1785153443786629000,1785153443786631000,1785153443786631000,1785153443786631000,121932490,121652369,-166.121,0.000,0.000,1.000,2.000,0.000,0.000,20.000,0,0,0
B3_zmq_pushpull,zmq_tcp,none,none,,1,7327,512,584,1785153443787508000,1785153443787508000,1785153443787508000,1785153443787509000,1785153443787602000,1785153443787605000,1785153443787605000,1785153443787605000,121932490,121652369,-187.121,0.000,0.000,1.000,3.000,0.000,0.000,21.000,0,0,0
B3_zmq_pushpull,zmq_tcp,none,none,,1,7328,512,584,1785153443788513000,1785153443788513000,1785153443788514000,1785153443788514000,1785153443788559000,1785153443788563000,1785153443788563000,1785153443788563000,121932490,121652369,-235.121,0.000,1.000,0.000,4.000,0.000,0.000,48.000,0,0,0
B3_zmq_pushpull,zmq_tcp,none,none,,1,7329,512,584,1785153443789386000,1785153443789386000,1785153443789386000,1785153443789387000,1785153443789540000,1785153443789543000,1785153443789543000,1785153443789543000,121932490,121652369,-127.121,0.000,0.000,1.000,3.000,0.000,0.000,108.000,0,0,0
B3_zmq_pushpull,zmq_tcp,none,none,,1,7330,512,584,1785153443790382000,1785153443790382000,1785153443790382000,1785153443790383000,1785153443790540000,1785153443790542000,1785153443790542000,1785153443790542000,121932490,121652369,-123.121,0.000,0.000,1.000,2.000,0.000,0.000,4.000,0,0,0
B3_zmq_pushpull,zmq_tcp,none,none,,1,7331,512,584,1785153443791371000,1785153443791371000,1785153443791371000,1785153443791372000,1785153443791519000,1785153443791523000,1785153443791523000,1785153443791523000,121932490,121652369,-133.121,0.000,0.000,1.000,4.000,0.000,0.000,10.000,0,0,0
B3_zmq_pushpull,zmq_tcp,none,none,,1,7332,512,584,1785153443792551000,1785153443792551000,1785153443792551000,1785153443792552000,1785153443792644000,1785153443792646000,1785153443792646000,1785153443792646000,121932490,121652369,-188.121,0.000,0.000,1.000,2.000,0.000,0.000,55.000,0,0,0
B3_zmq_pushpull,zmq_tcp,none,none,,1,7333,512,584,1785153443793503000,1785153443793504000,1785153443793504000,1785153443793505000,1785153443793629000,1785153443793632000,1785153443793632000,1785153443793632000,121932490,121652369,-156.121,1.000,0.000,1.000,3.000,0.000,0.000,32.000,0,0,0
B3_zmq_pushpull,zmq_tcp,none,none,,1,7334,512,584,1785153443794517000,1785153443794517000,1785153443794517000,1785153443794518000,1785153443794630000,1785153443794633000,1785153443794633000,1785153443794633000,121932490,121652369,-168.121,0.000,0.000,1.000,3.000,0.000,0.000,12.000,0,0,0
B3_zmq_pushpull,zmq_tcp,none,none,,1,7335,512,584,1785153443795316000,1785153443795317000,1785153443795317000,1785153443795318000,1785153443795473000,1785153443795476000,1785153443795476000,1785153443795476000,121932490,121652369,-125.121,1.000,0.000,1.000,3.000,0.000,0.000,43.000,0,0,0
B3_zmq_pushpull,zmq_tcp,none,none,,1,7336,512,584,1785153443796563000,1785153443796563000,1785153443796563000,1785153443796564000,1785153443796732000,1785153443796734000,1785153443796734000,1785153443796734000,121932490,121652369,-112.121,0.000,0.000,1.000,2.000,0.000,0.000,13.000,0,0,0
B3_zmq_pushpull,zmq_tcp,none,none,,1,7337,512,584,1785153443797422000,1785153443797422000,1785153443797423000,1785153443797424000,1785153443797573000,1785153443797576000,1785153443797576000,1785153443797576000,121932490,121652369,-131.121,0.000,1.000,1.000,3.000,0.000,0.000,19.000,0,0,0
B3_zmq_pushpull,zmq_tcp,none,none,,1,7338,512,584,1785153443798411000,1785153443798411000,1785153443798411000,1785153443798412000,1785153443798573000,1785153443798575000,1785153443798575000,1785153443798575000,121932490,121652369,-119.121,0.000,0.000,1.000,2.000,0.000,0.000,12.000,0,0,0
B3_zmq_pushpull,zmq_tcp,none,none,,1,7339,512,584,1785153443799544000,1785153443799544000,1785153443799544000,1785153443799545000,1785153443799721000,1785153443799724000,1785153443799724000,1785153443799724000,121932490,121652369,-104.121,0.000,0.000,1.000,3.000,0.000,0.000,15.000,0,0,0
B3_zmq_pushpull,zmq_tcp,none,none,,1,7340,512,584,1785153443800424000,1785153443800425000,1785153443800425000,1785153443800426000,1785153443800581000,1785153443800584000,1785153443800584000,1785153443800584000,121932490,121652369,-125.121,1.000,0.000,1.000,3.000,0.000,0.000,21.000,0,0,0
B3_zmq_pushpull,zmq_tcp,none,none,,1,7341,512,584,1785153443801420000,1785153443801420000,1785153443801420000,1785153443801421000,1785153443801578000,1785153443801581000,1785153443801581000,1785153443801581000,121932490,121652369,-123.121,0.000,0.000,1.000,3.000,0.000,0.000,2.000,0,0,0
B3_zmq_pushpull,zmq_tcp,none,none,,1,7342,512,584,1785153443802537000,1785153443802538000,1785153443802538000,1785153443802539000,1785153443802585000,1785153443802589000,1785153443802589000,1785153443802589000,121932490,121652369,-234.121,1.000,0.000,1.000,4.000,0.000,0.000,111.000,0,0,0
B3_zmq_pushpull,zmq_tcp,none,none,,1,7343,512,584,1785153443803508000,1785153443803508000,1785153443803509000,1785153443803509000,1785153443803581000,1785153443803584000,1785153443803584000,1785153443803584000,121932490,121652369,-208.121,0.000,1.000,0.000,3.000,0.000,0.000,26.000,0,0,0
B3_zmq_pushpull,zmq_tcp,none,none,,1,7344,512,584,1785153443804511000,1785153443804511000,1785153443804511000,1785153443804512000,1785153443804581000,1785153443804585000,1785153443804585000,1785153443804585000,121932490,121652369,-211.121,0.000,0.000,1.000,4.000,0.000,0.000,3.000,0,0,0
B3_zmq_pushpull,zmq_tcp,none,none,,1,7345,512,584,1785153443805516000,1785153443805516000,1785153443805516000,1785153443805518000,1785153443805706000,1785153443805709000,1785153443805709000,1785153443805709000,121932490,121652369,-92.121,0.000,0.000,2.000,3.000,0.000,0.000,119.000,0,0,0
B3_zmq_pushpull,zmq_tcp,none,none,,1,7346,512,584,1785153443806512000,1785153443806512000,1785153443806512000,1785153443806513000,1785153443806707000,1785153443806710000,1785153443806710000,1785153443806710000,121932490,121652369,-86.121,0.000,0.000,1.000,3.000,0.000,0.000,6.000,0,0,0
B3_zmq_pushpull,zmq_tcp,none,none,,1,7347,512,584,1785153443807512000,1785153443807512000,1785153443807512000,1785153443807513000,1785153443807574000,1785153443807577000,1785153443807578000,1785153443807578000,121932490,121652369,-219.121,0.000,0.000,1.000,3.000,1.000,0.000,133.000,0,0,0
B3_zmq_pushpull,zmq_tcp,none,none,,1,7348,512,584,1785153443808513000,1785153443808514000,1785153443808514000,1785153443808515000,1785153443808561000,1785153443808564000,1785153443808564000,1785153443808564000,121932490,121652369,-234.121,1.000,0.000,1.000,3.000,0.000,0.000,15.000,0,0,0
B3_zmq_pushpull,zmq_tcp,none,none,,1,7349,512,584,1785153443809512000,1785153443809512000,1785153443809512000,1785153443809513000,1785153443809570000,1785153443809573000,1785153443809573000,1785153443809573000,121932490,121652369,-223.121,0.000,0.000,1.000,3.000,0.000,0.000,11.000,0,0,0
B3_zmq_pushpull,zmq_tcp,none,none,,1,7350,512,584,1785153443810513000,1785153443810513000,1785153443810513000,1785153443810514000,1785153443810680000,1785153443810682000,1785153443810682000,1785153443810683000,121932490,121652369,-114.121,0.000,0.000,1.000,2.000,0.000,1.000,109.000,0,0,0
B3_zmq_pushpull,zmq_tcp,none,none,,1,7351,512,584,1785153443811509000,1785153443811510000,1785153443811510000,1785153443811511000,1785153443811672000,1785153443811676000,1785153443811676000,1785153443811676000,121932490,121652369,-119.121,1.000,0.000,1.000,4.000,0.000,0.000,5.000,0,0,0
B3_zmq_pushpull,zmq_tcp,none,none,,1,7352,512,584,1785153443812514000,1785153443812514000,1785153443812514000,1785153443812515000,1785153443812661000,1785153443812664000,1785153443812664000,1785153443812664000,121932490,121652369,-134.121,0.000,0.000,1.000,3.000,0.000,0.000,15.000,0,0,0
B3_zmq_pushpull,zmq_tcp,none,none,,1,7353,512,584,1785153443813368000,1785153443813368000,1785153443813368000,1785153443813369000,1785153443813512000,1785153443813514000,1785153443813514000,1785153443813514000,121932490,121652369,-137.121,0.000,0.000,1.000,2.000,0.000,0.000,3.000,0,0,0
B3_zmq_pushpull,zmq_tcp,none,none,,1,7354,512,584,1785153443814548000,1785153443814548000,1785153443814548000,1785153443814549000,1785153443814629000,1785153443814632000,1785153443814632000,1785153443814632000,121932490,121652369,-200.121,0.000,0.000,1.000,3.000,0.000,0.000,63.000,0,0,0
B3_zmq_pushpull,zmq_tcp,none,none,,1,7355,512,584,1785153443815503000,1785153443815503000,1785153443815503000,1785153443815504000,1785153443815617000,1785153443815620000,1785153443815620000,1785153443815620000,121932490,121652369,-167.121,0.000,0.000,1.000,3.000,0.000,0.000,33.000,0,0,0
B3_zmq_pushpull,zmq_tcp,none,none,,1,7356,512,584,1785153443816515000,1785153443816515000,1785153443816515000,1785153443816516000,1785153443816598000,1785153443816600000,1785153443816600000,1785153443816601000,121932490,121652369,-198.121,0.000,0.000,1.000,2.000,0.000,1.000,31.000,0,0,0
B3_zmq_pushpull,zmq_tcp,none,none,,1,7357,512,584,1785153443817413000,1785153443817413000,1785153443817413000,1785153443817415000,1785153443817569000,1785153443817572000,1785153443817572000,1785153443817572000,121932490,121652369,-126.121,0.000,0.000,2.000,3.000,0.000,0.000,72.000,0,0,0
B3_zmq_pushpull,zmq_tcp,none,none,,1,7358,512,584,1785153443818539000,1785153443818539000,1785153443818539000,1785153443818540000,1785153443818674000,1785153443818677000,1785153443818677000,1785153443818677000,121932490,121652369,-146.121,0.000,0.000,1.000,3.000,0.000,0.000,20.000,0,0,0
B3_zmq_pushpull,zmq_tcp,none,none,,1,7359,512,584,1785153443819503000,1785153443819503000,1785153443819503000,1785153443819504000,1785153443819654000,1785153443819657000,1785153443819657000,1785153443819657000,121932490,121652369,-130.121,0.000,0.000,1.000,3.000,0.000,0.000,16.000,0,0,0
B3_zmq_pushpull,zmq_tcp,none,none,,1,7360,512,584,1785153443820515000,1785153443820515000,1785153443820515000,1785153443820516000,1785153443820642000,1785153443820645000,1785153443820645000,1785153443820645000,121932490,121652369,-154.121,0.000,0.000,1.000,3.000,0.000,0.000,24.000,0,0,0
B3_zmq_pushpull,zmq_tcp,none,none,,1,7361,512,584,1785153443821351000,1785153443821352000,1785153443821352000,1785153443821353000,1785153443821496000,1785153443821498000,1785153443821498000,1785153443821498000,121932490,121652369,-137.121,1.000,0.000,1.000,2.000,0.000,0.000,17.000,0,0,0
B3_zmq_pushpull,zmq_tcp,none,none,,1,7362,512,584,1785153443822552000,1785153443822552000,1785153443822552000,1785153443822553000,1785153443822611000,1785153443822614000,1785153443822614000,1785153443822614000,121932490,121652369,-222.121,0.000,0.000,1.000,3.000,0.000,0.000,85.000,0,0,0
B3_zmq_pushpull,zmq_tcp,none,none,,1,7363,512,584,1785153443823501000,1785153443823502000,1785153443823502000,1785153443823502000,1785153443823572000,1785153443823574000,1785153443823574000,1785153443823574000,121932490,121652369,-210.121,1.000,0.000,0.000,2.000,0.000,0.000,12.000,0,0,0
B3_zmq_pushpull,zmq_tcp,none,none,,1,7364,512,584,1785153443824515000,1785153443824515000,1785153443824515000,1785153443824516000,1785153443824562000,1785153443824566000,1785153443824566000,1785153443824566000,121932490,121652369,-234.121,0.000,0.000,1.000,4.000,0.000,0.000,24.000,0,0,0
B3_zmq_pushpull,zmq_tcp,none,none,,1,7365,512,584,1785153443825512000,1785153443825512000,1785153443825512000,1785153443825513000,1785153443825565000,1785153443825568000,1785153443825568000,1785153443825569000,121932490,121652369,-228.121,0.000,0.000,1.000,3.000,0.000,1.000,6.000,0,0,0
B3_zmq_pushpull,zmq_tcp,none,none,,1,7366,512,584,1785153443826512000,1785153443826512000,1785153443826512000,1785153443826513000,1785153443826704000,1785153443826706000,1785153443826706000,1785153443826706000,121932490,121652369,-89.121,0.000,0.000,1.000,2.000,0.000,0.000,139.000,0,0,0
B3_zmq_pushpull,zmq_tcp,none,none,,1,7367,512,584,1785153443827509000,1785153443827510000,1785153443827510000,1785153443827511000,1785153443827563000,1785153443827567000,1785153443827567000,1785153443827567000,121932490,121652369,-228.121,1.000,0.000,1.000,4.000,0.000,0.000,139.000,0,0,0
B3_zmq_pushpull,zmq_tcp,none,none,,1,7368,512,584,1785153443828390000,1785153443828390000,1785153443828390000,1785153443828391000,1785153443828547000,1785153443828550000,1785153443828550000,1785153443828550000,121932490,121652369,-124.121,0.000,0.000,1.000,3.000,0.000,0.000,104.000,0,0,0
B3_zmq_pushpull,zmq_tcp,none,none,,1,7369,512,584,1785153443829544000,1785153443829544000,1785153443829544000,1785153443829545000,1785153443829656000,1785153443829658000,1785153443829659000,1785153443829659000,121932490,121652369,-169.121,0.000,0.000,1.000,2.000,1.000,0.000,45.000,0,0,0
B3_zmq_pushpull,zmq_tcp,none,none,,1,7370,512,584,1785153443830501000,1785153443830502000,1785153443830502000,1785153443830503000,1785153443830629000,1785153443830632000,1785153443830632000,1785153443830632000,121932490,121652369,-154.121,1.000,0.000,1.000,3.000,0.000,0.000,15.000,0,0,0
B3_zmq_pushpull,zmq_tcp,none,none,,1,7371,512,584,1785153443831516000,1785153443831516000,1785153443831516000,1785153443831517000,1785153443831613000,1785153443831616000,1785153443831616000,1785153443831616000,121932490,121652369,-184.121,0.000,0.000,1.000,3.000,0.000,0.000,30.000,0,0,0
B3_zmq_pushpull,zmq_tcp,none,none,,1,7372,512,584,1785153443832512000,1785153443832512000,1785153443832512000,1785153443832513000,1785153443832608000,1785153443832611000,1785153443832611000,1785153443832611000,121932490,121652369,-185.121,0.000,0.000,1.000,3.000,0.000,0.000,1.000,0,0,0
B3_zmq_pushpull,zmq_tcp,none,none,,1,7373,512,584,1785153443833513000,1785153443833513000,1785153443833513000,1785153443833514000,1785153443833601000,1785153443833605000,1785153443833605000,1785153443833605000,121932490,121652369,-193.121,0.000,0.000,1.000,4.000,0.000,0.000,8.000,0,0,0
B3_zmq_pushpull,zmq_tcp,none,none,,1,7374,512,584,1785153443834510000,1785153443834510000,1785153443834510000,1785153443834511000,1785153443834602000,1785153443834605000,1785153443834605000,1785153443834605000,121932490,121652369,-189.121,0.000,0.000,1.000,3.000,0.000,0.000,4.000,0,0,0
B3_zmq_pushpull,zmq_tcp,none,none,,1,7375,512,584,1785153443835514000,1785153443835515000,1785153443835515000,1785153443835515000,1785153443835596000,1785153443835599000,1785153443835599000,1785153443835599000,121932490,121652369,-199.121,1.000,0.000,0.000,3.000,0.000,0.000,10.000,0,0,0
B3_zmq_pushpull,zmq_tcp,none,none,,1,7376,512,584,1785153443836513000,1785153443836513000,1785153443836513000,1785153443836514000,1785153443836597000,1785153443836600000,1785153443836600000,1785153443836600000,121932490,121652369,-197.121,0.000,0.000,1.000,3.000,0.000,0.000,2.000,0,0,0
B3_zmq_pushpull,zmq_tcp,none,none,,1,7377,512,584,1785153443837438000,1785153443837438000,1785153443837438000,1785153443837440000,1785153443837583000,1785153443837585000,1785153443837585000,1785153443837585000,121932490,121652369,-137.121,0.000,0.000,2.000,2.000,0.000,0.000,60.000,0,0,0
B3_zmq_pushpull,zmq_tcp,none,none,,1,7378,512,584,1785153443838528000,1785153443838528000,1785153443838528000,1785153443838529000,1785153443838573000,1785153443838576000,1785153443838576000,1785153443838576000,121932490,121652369,-236.121,0.000,0.000,1.000,3.000,0.000,0.000,99.000,0,0,0
B3_zmq_pushpull,zmq_tcp,none,none,,1,7379,512,584,1785153443839414000,1785153443839414000,1785153443839414000,1785153443839415000,1785153443839574000,1785153443839578000,1785153443839578000,1785153443839578000,121932490,121652369,-121.121,0.000,0.000,1.000,4.000,0.000,0.000,115.000,0,0,0
B3_zmq_pushpull,zmq_tcp,none,none,,1,7380,512,584,1785153443840537000,1785153443840538000,1785153443840538000,1785153443840539000,1785153443840710000,1785153443840713000,1785153443840713000,1785153443840713000,121932490,121652369,-109.121,1.000,0.000,1.000,3.000,0.000,0.000,12.000,0,0,0
B3_zmq_pushpull,zmq_tcp,none,none,,1,7381,512,584,1785153443841506000,1785153443841506000,1785153443841506000,1785153443841507000,1785153443841696000,1785153443841699000,1785153443841699000,1785153443841699000,121932490,121652369,-91.121,0.000,0.000,1.000,3.000,0.000,0.000,18.000,0,0,0
B3_zmq_pushpull,zmq_tcp,none,none,,1,7382,512,584,1785153443842515000,1785153443842515000,1785153443842515000,1785153443842517000,1785153443842672000,1785153443842675000,1785153443842675000,1785153443842675000,121932490,121652369,-125.121,0.000,0.000,2.000,3.000,0.000,0.000,34.000,0,0,0
B3_zmq_pushpull,zmq_tcp,none,none,,1,7383,512,584,1785153443843513000,1785153443843513000,1785153443843513000,1785153443843514000,1785153443843665000,1785153443843668000,1785153443843668000,1785153443843668000,121932490,121652369,-129.121,0.000,0.000,1.000,3.000,0.000,0.000,4.000,0,0,0
B3_zmq_pushpull,zmq_tcp,none,none,,1,7384,512,584,1785153443844512000,1785153443844513000,1785153443844513000,1785153443844514000,1785153443844656000,1785153443844658000,1785153443844659000,1785153443844659000,121932490,121652369,-138.121,1.000,0.000,1.000,2.000,1.000,0.000,9.000,0,0,0
B3_zmq_pushpull,zmq_tcp,none,none,,1,7385,512,584,1785153443845510000,1785153443845510000,1785153443845510000,1785153443845511000,1785153443845647000,1785153443845649000,1785153443845649000,1785153443845649000,121932490,121652369,-144.121,0.000,0.000,1.000,2.000,0.000,0.000,6.000,0,0,0
B3_zmq_pushpull,zmq_tcp,none,none,,1,7386,512,584,1785153443846514000,1785153443846514000,1785153443846514000,1785153443846515000,1785153443846635000,1785153443846637000,1785153443846637000,1785153443846637000,121932490,121652369,-160.121,0.000,0.000,1.000,2.000,0.000,0.000,16.000,0,0,0
B3_zmq_pushpull,zmq_tcp,none,none,,1,7387,512,584,1785153443847513000,1785153443847513000,1785153443847513000,1785153443847514000,1785153443847631000,1785153443847633000,1785153443847633000,1785153443847633000,121932490,121652369,-163.121,0.000,0.000,1.000,2.000,0.000,0.000,3.000,0,0,0
B3_zmq_pushpull,zmq_tcp,none,none,,1,7388,512,584,1785153443848512000,1785153443848512000,1785153443848512000,1785153443848513000,1785153443848622000,1785153443848625000,1785153443848625000,1785153443848625000,121932490,121652369,-171.121,0.000,0.000,1.000,3.000,0.000,0.000,8.000,0,0,0
B3_zmq_pushpull,zmq_tcp,none,none,,1,7389,512,584,1785153443849358000,1785153443849359000,1785153443849359000,1785153443849360000,1785153443849475000,1785153443849478000,1785153443849478000,1785153443849478000,121932490,121652369,-165.121,1.000,0.000,1.000,3.000,0.000,0.000,6.000,0,0,0
B3_zmq_pushpull,zmq_tcp,none,none,,1,7390,512,584,1785153443850473000,1785153443850474000,1785153443850474000,1785153443850475000,1785153443850608000,1785153443850611000,1785153443850611000,1785153443850611000,121932490,121652369,-147.121,1.000,0.000,1.000,3.000,0.000,0.000,18.000,0,0,0
B3_zmq_pushpull,zmq_tcp,none,none,,1,7391,512,584,1785153443851441000,1785153443851441000,1785153443851441000,1785153443851442000,1785153443851597000,1785153443851600000,1785153443851600000,1785153443851600000,121932490,121652369,-125.121,0.000,0.000,1.000,3.000,0.000,0.000,22.000,0,0,0
B3_zmq_pushpull,zmq_tcp,none,none,,1,7392,512,584,1785153443852421000,1785153443852421000,1785153443852421000,1785153443852422000,1785153443852574000,1785153443852577000,1785153443852577000,1785153443852577000,121932490,121652369,-128.121,0.000,0.000,1.000,3.000,0.000,0.000,3.000,0,0,0
B3_zmq_pushpull,zmq_tcp,none,none,,1,7393,512,584,1785153443853395000,1785153443853395000,1785153443853395000,1785153443853396000,1785153443853552000,1785153443853555000,1785153443853555000,1785153443853555000,121932490,121652369,-124.121,0.000,0.000,1.000,3.000,0.000,0.000,4.000,0,0,0
B3_zmq_pushpull,zmq_tcp,none,none,,1,7394,512,584,1785153443854383000,1785153443854383000,1785153443854383000,1785153443854384000,1785153443854543000,1785153443854545000,1785153443854545000,1785153443854545000,121932490,121652369,-121.121,0.000,0.000,1.000,2.000,0.000,0.000,3.000,0,0,0
B3_zmq_pushpull,zmq_tcp,none,none,,1,7395,512,584,1785153443855548000,1785153443855548000,1785153443855548000,1785153443855549000,1785153443855650000,1785153443855654000,1785153443855654000,1785153443855654000,121932490,121652369,-179.121,0.000,0.000,1.000,4.000,0.000,0.000,58.000,0,0,0
B3_zmq_pushpull,zmq_tcp,none,none,,1,7396,512,584,1785153443856500000,1785153443856501000,1785153443856501000,1785153443856502000,1785153443856645000,1785153443856648000,1785153443856648000,1785153443856648000,121932490,121652369,-137.121,1.000,0.000,1.000,3.000,0.000,0.000,42.000,0,0,0
B3_zmq_pushpull,zmq_tcp,none,none,,1,7397,512,584,1785153443857515000,1785153443857515000,1785153443857515000,1785153443857516000,1785153443857613000,1785153443857616000,1785153443857616000,1785153443857616000,121932490,121652369,-183.121,0.000,0.000,1.000,3.000,0.000,0.000,46.000,0,0,0
B3_zmq_pushpull,zmq_tcp,none,none,,1,7398,512,584,1785153443858512000,1785153443858513000,1785153443858513000,1785153443858514000,1785153443858579000,1785153443858581000,1785153443858581000,1785153443858581000,121932490,121652369,-215.121,1.000,0.000,1.000,2.000,0.000,0.000,32.000,0,0,0
B3_zmq_pushpull,zmq_tcp,none,none,,1,7399,512,584,1785153443859423000,1785153443859423000,1785153443859423000,1785153443859424000,1785153443859581000,1785153443859584000,1785153443859584000,1785153443859584000,121932490,121652369,-123.121,0.000,0.000,1.000,3.000,0.000,0.000,92.000,0,0,0
B3_zmq_pushpull,zmq_tcp,none,none,,1,7400,512,584,1785153443860411000,1785153443860411000,1785153443860411000,1785153443860412000,1785153443860565000,1785153443860568000,1785153443860568000,1785153443860568000,121932490,121652369,-127.121,0.000,0.000,1.000,3.000,0.000,0.000,4.000,0,0,0
B3_zmq_pushpull,zmq_tcp,none,none,,1,7401,512,584,1785153443861383000,1785153443861384000,1785153443861384000,1785153443861385000,1785153443861536000,1785153443861539000,1785153443861539000,1785153443861539000,121932490,121652369,-129.121,1.000,0.000,1.000,3.000,0.000,0.000,2.000,0,0,0
B3_zmq_pushpull,zmq_tcp,none,none,,1,7402,512,584,1785153443862373000,1785153443862373000,1785153443862373000,1785153443862374000,1785153443862515000,1785153443862518000,1785153443862518000,1785153443862518000,121932490,121652369,-139.121,0.000,0.000,1.000,3.000,0.000,0.000,10.000,0,0,0
B3_zmq_pushpull,zmq_tcp,none,none,,1,7403,512,584,1785153443863358000,1785153443863358000,1785153443863359000,1785153443863359000,1785153443863512000,1785153443863515000,1785153443863515000,1785153443863515000,121932490,121652369,-127.121,0.000,1.000,0.000,3.000,0.000,0.000,12.000,0,0,0
B3_zmq_pushpull,zmq_tcp,none,none,,1,7404,512,584,1785153443864339000,1785153443864339000,1785153443864339000,1785153443864340000,1785153443864491000,1785153443864493000,1785153443864493000,1785153443864493000,121932490,121652369,-129.121,0.000,0.000,1.000,2.000,0.000,0.000,2.000,0,0,0
B3_zmq_pushpull,zmq_tcp,none,none,,1,7405,512,584,1785153443865317000,1785153443865317000,1785153443865317000,1785153443865318000,1785153443865469000,1785153443865473000,1785153443865473000,1785153443865473000,121932490,121652369,-129.121,0.000,0.000,1.000,4.000,0.000,0.000,0.000,0,0,0
B3_zmq_pushpull,zmq_tcp,none,none,,1,7406,512,584,1785153443866439000,1785153443866439000,1785153443866439000,1785153443866440000,1785153443866596000,1785153443866599000,1785153443866599000,1785153443866599000,121932490,121652369,-124.121,0.000,0.000,1.000,3.000,0.000,0.000,5.000,0,0,0
B3_zmq_pushpull,zmq_tcp,none,none,,1,7407,512,584,1785153443867438000,1785153443867438000,1785153443867438000,1785153443867439000,1785153443867599000,1785153443867601000,1785153443867601000,1785153443867601000,121932490,121652369,-120.121,0.000,0.000,1.000,2.000,0.000,0.000,4.000,0,0,0
B3_zmq_pushpull,zmq_tcp,none,none,,1,7408,512,584,1785153443868537000,1785153443868537000,1785153443868537000,1785153443868539000,1785153443868727000,1785153443868729000,1785153443868729000,1785153443868729000,121932490,121652369,-92.121,0.000,0.000,2.000,2.000,0.000,0.000,28.000,0,0,0
B3_zmq_pushpull,zmq_tcp,none,none,,1,7409,512,584,1785153443869507000,1785153443869507000,1785153443869507000,1785153443869508000,1785153443869578000,1785153443869582000,1785153443869582000,1785153443869582000,121932490,121652369,-210.121,0.000,0.000,1.000,4.000,0.000,0.000,118.000,0,0,0
B3_zmq_pushpull,zmq_tcp,none,none,,1,7410,512,584,1785153443870414000,1785153443870414000,1785153443870414000,1785153443870415000,1785153443870572000,1785153443870575000,1785153443870575000,1785153443870575000,121932490,121652369,-123.121,0.000,0.000,1.000,3.000,0.000,0.000,87.000,0,0,0
B3_zmq_pushpull,zmq_tcp,none,none,,1,7411,512,584,1785153443871405000,1785153443871405000,1785153443871405000,1785153443871406000,1785153443871564000,1785153443871567000,1785153443871567000,1785153443871567000,121932490,121652369,-122.121,0.000,0.000,1.000,3.000,0.000,0.000,1.000,0,0,0
B3_zmq_pushpull,zmq_tcp,none,none,,1,7412,512,584,1785153443872394000,1785153443872395000,1785153443872395000,1785153443872396000,1785153443872549000,1785153443872552000,1785153443872552000,1785153443872552000,121932490,121652369,-127.121,1.000,0.000,1.000,3.000,0.000,0.000,5.000,0,0,0
B3_zmq_pushpull,zmq_tcp,none,none,,1,7413,512,584,1785153443873392000,1785153443873392000,1785153443873392000,1785153443873393000,1785153443873540000,1785153443873543000,1785153443873543000,1785153443873543000,121932490,121652369,-133.121,0.000,0.000,1.000,3.000,0.000,0.000,6.000,0,0,0
B3_zmq_pushpull,zmq_tcp,none,none,,1,7414,512,584,1785153443874382000,1785153443874382000,1785153443874383000,1785153443874383000,1785153443874541000,1785153443874545000,1785153443874545000,1785153443874545000,121932490,121652369,-122.121,0.000,1.000,0.000,4.000,0.000,0.000,11.000,0,0,0
B3_zmq_pushpull,zmq_tcp,none,none,,1,7415,512,584,1785153443875357000,1785153443875357000,1785153443875357000,1785153443875358000,1785153443875509000,1785153443875514000,1785153443875514000,1785153443875514000,121932490,121652369,-129.121,0.000,0.000,1.000,5.000,0.000,0.000,7.000,0,0,0
B3_zmq_pushpull,zmq_tcp,none,none,,1,7416,512,584,1785153443876333000,1785153443876333000,1785153443876333000,1785153443876334000,1785153443876494000,1785153443876497000,1785153443876497000,1785153443876497000,121932490,121652369,-120.121,0.000,0.000,1.000,3.000,0.000,0.000,9.000,0,0,0
B3_zmq_pushpull,zmq_tcp,none,none,,1,7417,512,584,1785153443877325000,1785153443877325000,1785153443877325000,1785153443877326000,1785153443877477000,1785153443877481000,1785153443877481000,1785153443877481000,121932490,121652369,-129.121,0.000,0.000,1.000,4.000,0.000,0.000,9.000,0,0,0
B3_zmq_pushpull,zmq_tcp,none,none,,1,7418,512,584,1785153443878444000,1785153443878444000,1785153443878444000,1785153443878446000,1785153443878603000,1785153443878606000,1785153443878606000,1785153443878607000,121932490,121652369,-123.121,0.000,0.000,2.000,3.000,0.000,1.000,6.000,0,0,0
B3_zmq_pushpull,zmq_tcp,none,none,,1,7419,512,584,1785153443879530000,1785153443879530000,1785153443879530000,1785153443879531000,1785153443879591000,1785153443879595000,1785153443879595000,1785153443879595000,121932490,121652369,-220.121,0.000,0.000,1.000,4.000,0.000,0.000,97.000,0,0,0
B3_zmq_pushpull,zmq_tcp,none,none,,1,7420,512,584,1785153443880510000,1785153443880511000,1785153443880511000,1785153443880512000,1785153443880596000,1785153443880599000,1785153443880599000,1785153443880599000,121932490,121652369,-196.121,1.000,0.000,1.000,3.000,0.000,0.000,24.000,0,0,0
B3_zmq_pushpull,zmq_tcp,none,none,,1,7421,512,584,1785153443881511000,1785153443881511000,1785153443881511000,1785153443881513000,1785153443881709000,1785153443881712000,1785153443881712000,1785153443881712000,121932490,121652369,-84.121,0.000,0.000,2.000,3.000,0.000,0.000,112.000,0,0,0
B3_zmq_pushpull,zmq_tcp,none,none,,1,7422,512,584,1785153443882516000,1785153443882516000,1785153443882516000,1785153443882517000,1785153443882699000,1785153443882701000,1785153443882701000,1785153443882701000,121932490,121652369,-98.121,0.000,0.000,1.000,2.000,0.000,0.000,14.000,0,0,0
B3_zmq_pushpull,zmq_tcp,none,none,,1,7423,512,584,1785153443883511000,1785153443883512000,1785153443883512000,1785153443883513000,1785153443883656000,1785153443883660000,1785153443883660000,1785153443883660000,121932490,121652369,-137.121,1.000,0.000,1.000,4.000,0.000,0.000,39.000,0,0,0
B3_zmq_pushpull,zmq_tcp,none,none,,1,7424,512,584,1785153443884367000,1785153443884367000,1785153443884367000,1785153443884368000,1785153443884520000,1785153443884523000,1785153443884523000,1785153443884523000,121932490,121652369,-128.121,0.000,0.000,1.000,3.000,0.000,0.000,9.000,0,0,0
B3_zmq_pushpull,zmq_tcp,none,none,,1,7425,512,584,1785153443885550000,1785153443885550000,1785153443885550000,1785153443885551000,1785153443885636000,1785153443885639000,1785153443885639000,1785153443885639000,121932490,121652369,-195.121,0.000,0.000,1.000,3.000,0.000,0.000,67.000,0,0,0
B3_zmq_pushpull,zmq_tcp,none,none,,1,7426,512,584,1785153443886503000,1785153443886503000,1785153443886503000,1785153443886504000,1785153443886632000,1785153443886635000,1785153443886635000,1785153443886635000,121932490,121652369,-152.121,0.000,0.000,1.000,3.000,0.000,0.000,43.000,0,0,0
B3_zmq_pushpull,zmq_tcp,none,none,,1,7427,512,584,1785153443887523000,1785153443887523000,1785153443887523000,1785153443887524000,1785153443887637000,1785153443887642000,1785153443887642000,1785153443887642000,121932490,121652369,-167.121,0.000,0.000,1.000,5.000,0.000,0.000,15.000,0,0,0
B3_zmq_pushpull,zmq_tcp,none,none,,1,7428,512,584,1785153443888512000,1785153443888512000,1785153443888512000,1785153443888513000,1785153443888632000,1785153443888635000,1785153443888635000,1785153443888635000,121932490,121652369,-161.121,0.000,0.000,1.000,3.000,0.000,0.000,6.000,0,0,0
B3_zmq_pushpull,zmq_tcp,none,none,,1,7429,512,584,1785153443889516000,1785153443889516000,1785153443889516000,1785153443889517000,1785153443889625000,1785153443889628000,1785153443889628000,1785153443889628000,121932490,121652369,-172.121,0.000,0.000,1.000,3.000,0.000,0.000,11.000,0,0,0
B3_zmq_pushpull,zmq_tcp,none,none,,1,7430,512,584,1785153443890521000,1785153443890522000,1785153443890522000,1785153443890523000,1785153443890618000,1785153443890621000,1785153443890621000,1785153443890621000,121932490,121652369,-185.121,1.000,0.000,1.000,3.000,0.000,0.000,13.000,0,0,0
B3_zmq_pushpull,zmq_tcp,none,none,,1,7431,512,584,1785153443891512000,1785153443891512000,1785153443891512000,1785153443891513000,1785153443891592000,1785153443891596000,1785153443891596000,1785153443891596000,121932490,121652369,-201.121,0.000,0.000,1.000,4.000,0.000,0.000,16.000,0,0,0
B3_zmq_pushpull,zmq_tcp,none,none,,1,7432,512,584,1785153443892512000,1785153443892513000,1785153443892513000,1785153443892514000,1785153443892581000,1785153443892584000,1785153443892584000,1785153443892584000,121932490,121652369,-213.121,1.000,0.000,1.000,3.000,0.000,0.000,12.000,0,0,0
B3_zmq_pushpull,zmq_tcp,none,none,,1,7433,512,584,1785153443893513000,1785153443893513000,1785153443893513000,1785153443893514000,1785153443893578000,1785153443893580000,1785153443893580000,1785153443893580000,121932490,121652369,-216.121,0.000,0.000,1.000,2.000,0.000,0.000,3.000,0,0,0
B3_zmq_pushpull,zmq_tcp,none,none,,1,7434,512,584,1785153443894515000,1785153443894515000,1785153443894516000,1785153443894516000,1785153443894708000,1785153443894711000,1785153443894711000,1785153443894711000,121932490,121652369,-88.121,0.000,1.000,0.000,3.000,0.000,0.000,128.000,0,0,0
B3_zmq_pushpull,zmq_tcp,none,none,,1,7435,512,584,1785153443895509000,1785153443895509000,1785153443895509000,1785153443895510000,1785153443895693000,1785153443895696000,1785153443895696000,1785153443895696000,121932490,121652369,-97.121,0.000,0.000,1.000,3.000,0.000,0.000,9.000,0,0,0
B3_zmq_pushpull,zmq_tcp,none,none,,1,7436,512,584,1785153443896514000,1785153443896514000,1785153443896514000,1785153443896515000,1785153443896699000,1785153443896701000,1785153443896701000,1785153443896702000,121932490,121652369,-96.121,0.000,0.000,1.000,2.000,0.000,1.000,1.000,0,0,0
B3_zmq_pushpull,zmq_tcp,none,none,,1,7437,512,584,1785153443897515000,1785153443897515000,1785153443897515000,1785153443897516000,1785153443897688000,1785153443897691000,1785153443897691000,1785153443897691000,121932490,121652369,-108.121,0.000,0.000,1.000,3.000,0.000,0.000,12.000,0,0,0
B3_zmq_pushpull,zmq_tcp,none,none,,1,7438,512,584,1785153443898513000,1785153443898513000,1785153443898513000,1785153443898514000,1785153443898678000,1785153443898680000,1785153443898681000,1785153443898681000,121932490,121652369,-116.121,0.000,0.000,1.000,2.000,1.000,0.000,8.000,0,0,0
B3_zmq_pushpull,zmq_tcp,none,none,,1,7439,512,584,1785153443899510000,1785153443899510000,1785153443899510000,1785153443899511000,1785153443899658000,1785153443899660000,1785153443899660000,1785153443899660000,121932490,121652369,-133.121,0.000,0.000,1.000,2.000,0.000,0.000,17.000,0,0,0
B3_zmq_pushpull,zmq_tcp,none,none,,1,7440,512,584,1785153443900349000,1785153443900349000,1785153443900349000,1785153443900350000,1785153443900507000,1785153443900510000,1785153443900510000,1785153443900510000,121932490,121652369,-123.121,0.000,0.000,1.000,3.000,0.000,0.000,10.000,0,0,0
B3_zmq_pushpull,zmq_tcp,none,none,,1,7441,512,584,1785153443901554000,1785153443901554000,1785153443901554000,1785153443901555000,1785153443901646000,1785153443901648000,1785153443901648000,1785153443901648000,121932490,121652369,-189.121,0.000,0.000,1.000,2.000,0.000,0.000,66.000,0,0,0
B3_zmq_pushpull,zmq_tcp,none,none,,1,7442,512,584,1785153443902499000,1785153443902500000,1785153443902500000,1785153443902501000,1785153443902647000,1785153443902650000,1785153443902650000,1785153443902650000,121932490,121652369,-134.121,1.000,0.000,1.000,3.000,0.000,0.000,55.000,0,0,0
B3_zmq_pushpull,zmq_tcp,none,none,,1,7443,512,584,1785153443903521000,1785153443903521000,1785153443903521000,1785153443903522000,1785153443903620000,1785153443903623000,1785153443903623000,1785153443903623000,121932490,121652369,-182.121,0.000,0.000,1.000,3.000,0.000,0.000,48.000,0,0,0
B3_zmq_pushpull,zmq_tcp,none,none,,1,7444,512,584,1785153443904513000,1785153443904513000,1785153443904513000,1785153443904514000,1785153443904625000,1785153443904628000,1785153443904628000,1785153443904628000,121932490,121652369,-169.121,0.000,0.000,1.000,3.000,0.000,0.000,13.000,0,0,0
B3_zmq_pushpull,zmq_tcp,none,none,,1,7445,512,584,1785153443905513000,1785153443905513000,1785153443905513000,1785153443905514000,1785153443905622000,1785153443905624000,1785153443905624000,1785153443905624000,121932490,121652369,-172.121,0.000,0.000,1.000,2.000,0.000,0.000,3.000,0,0,0
B3_zmq_pushpull,zmq_tcp,none,none,,1,7446,512,584,1785153443906513000,1785153443906513000,1785153443906513000,1785153443906514000,1785153443906604000,1785153443906607000,1785153443906607000,1785153443906607000,121932490,121652369,-190.121,0.000,0.000,1.000,3.000,0.000,0.000,18.000,0,0,0
B3_zmq_pushpull,zmq_tcp,none,none,,1,7447,512,584,1785153443907512000,1785153443907513000,1785153443907513000,1785153443907514000,1785153443907571000,1785153443907574000,1785153443907574000,1785153443907574000,121932490,121652369,-223.121,1.000,0.000,1.000,3.000,0.000,0.000,33.000,0,0,0
B3_zmq_pushpull,zmq_tcp,none,none,,1,7448,512,584,1785153443908515000,1785153443908515000,1785153443908515000,1785153443908516000,1785153443908584000,1785153443908586000,1785153443908586000,1785153443908586000,121932490,121652369,-212.121,0.000,0.000,1.000,2.000,0.000,0.000,11.000,0,0,0
B3_zmq_pushpull,zmq_tcp,none,none,,1,7449,512,584,1785153443909508000,1785153443909509000,1785153443909509000,1785153443909510000,1785153443909572000,1785153443909575000,1785153443909575000,1785153443909575000,121932490,121652369,-218.121,1.000,0.000,1.000,3.000,0.000,0.000,6.000,0,0,0
B3_zmq_pushpull,zmq_tcp,none,none,,1,7450,512,584,1785153443910432000,1785153443910432000,1785153443910432000,1785153443910433000,1785153443910592000,1785153443910595000,1785153443910595000,1785153443910595000,121932490,121652369,-121.121,0.000,0.000,1.000,3.000,0.000,0.000,97.000,0,0,0
B3_zmq_pushpull,zmq_tcp,none,none,,1,7451,512,584,1785153443911533000,1785153443911533000,1785153443911533000,1785153443911534000,1785153443911723000,1785153443911726000,1785153443911726000,1785153443911726000,121932490,121652369,-91.121,0.000,0.000,1.000,3.000,0.000,0.000,30.000,0,0,0
B3_zmq_pushpull,zmq_tcp,none,none,,1,7452,512,584,1785153443912508000,1785153443912508000,1785153443912508000,1785153443912509000,1785153443912698000,1785153443912702000,1785153443912702000,1785153443912702000,121932490,121652369,-91.121,0.000,0.000,1.000,4.000,0.000,0.000,0.000,0,0,0
B3_zmq_pushpull,zmq_tcp,none,none,,1,7453,512,584,1785153443913514000,1785153443913514000,1785153443913514000,1785153443913515000,1785153443913684000,1785153443913687000,1785153443913687000,1785153443913687000,121932490,121652369,-111.121,0.000,0.000,1.000,3.000,0.000,0.000,20.000,0,0,0
B3_zmq_pushpull,zmq_tcp,none,none,,1,7454,512,584,1785153443914515000,1785153443914515000,1785153443914515000,1785153443914516000,1785153443914686000,1785153443914688000,1785153443914688000,1785153443914688000,121932490,121652369,-110.121,0.000,0.000,1.000,2.000,0.000,0.000,1.000,0,0,0
B3_zmq_pushpull,zmq_tcp,none,none,,1,7455,512,584,1785153443915517000,1785153443915517000,1785153443915517000,1785153443915518000,1785153443915690000,1785153443915697000,1785153443915697000,1785153443915697000,121932490,121652369,-108.121,0.000,0.000,1.000,7.000,0.000,0.000,2.000,0,0,0
B3_zmq_pushpull,zmq_tcp,none,none,,1,7456,512,584,1785153443916378000,1785153443916378000,1785153443916378000,1785153443916379000,1785153443916536000,1785153443916539000,1785153443916539000,1785153443916539000,121932490,121652369,-123.121,0.000,0.000,1.000,3.000,0.000,0.000,15.000,0,0,0
B3_zmq_pushpull,zmq_tcp,none,none,,1,7457,512,584,1785153443917364000,1785153443917364000,1785153443917364000,1785153443917365000,1785153443917522000,1785153443917526000,1785153443917526000,1785153443917526000,121932490,121652369,-123.121,0.000,0.000,1.000,4.000,0.000,0.000,0.000,0,0,0
B3_zmq_pushpull,zmq_tcp,none,none,,1,7458,512,584,1785153443918359000,1785153443918359000,1785153443918359000,1785153443918360000,1785153443918504000,1785153443918507000,1785153443918507000,1785153443918507000,121932490,121652369,-136.121,0.000,0.000,1.000,3.000,0.000,0.000,13.000,0,0,0
B3_zmq_pushpull,zmq_tcp,none,none,,1,7459,512,584,1785153443919551000,1785153443919551000,1785153443919551000,1785153443919552000,1785153443919628000,1785153443919631000,1785153443919631000,1785153443919631000,121932490,121652369,-204.121,0.000,0.000,1.000,3.000,0.000,0.000,68.000,0,0,0
B3_zmq_pushpull,zmq_tcp,none,none,,1,7460,512,584,1785153443920501000,1785153443920501000,1785153443920501000,1785153443920502000,1785153443920605000,1785153443920607000,1785153443920608000,1785153443920608000,121932490,121652369,-177.121,0.000,0.000,1.000,2.000,1.000,0.000,27.000,0,0,0
B3_zmq_pushpull,zmq_tcp,none,none,,1,7461,512,584,1785153443921517000,1785153443921517000,1785153443921517000,1785153443921518000,1785153443921587000,1785153443921590000,1785153443921590000,1785153443921590000,121932490,121652369,-211.121,0.000,0.000,1.000,3.000,0.000,0.000,34.000,0,0,0
B3_zmq_pushpull,zmq_tcp,none,none,,1,7462,512,584,1785153443922513000,1785153443922513000,1785153443922513000,1785153443922514000,1785153443922700000,1785153443922703000,1785153443922703000,1785153443922703000,121932490,121652369,-94.121,0.000,0.000,1.000,3.000,0.000,0.000,117.000,0,0,0
B3_zmq_pushpull,zmq_tcp,none,none,,1,7463,512,584,1785153443923513000,1785153443923513000,1785153443923513000,1785153443923514000,1785153443923694000,1785153443923696000,1785153443923696000,1785153443923696000,121932490,121652369,-100.121,0.000,0.000,1.000,2.000,0.000,0.000,6.000,0,0,0
B3_zmq_pushpull,zmq_tcp,none,none,,1,7464,512,584,1785153443924514000,1785153443924515000,1785153443924515000,1785153443924516000,1785153443924690000,1785153443924692000,1785153443924692000,1785153443924692000,121932490,121652369,-106.121,1.000,0.000,1.000,2.000,0.000,0.000,6.000,0,0,0
B3_zmq_pushpull,zmq_tcp,none,none,,1,7465,512,584,1785153443925378000,1785153443925378000,1785153443925378000,1785153443925379000,1785153443925536000,1785153443925539000,1785153443925539000,1785153443925539000,121932490,121652369,-123.121,0.000,0.000,1.000,3.000,0.000,0.000,17.000,0,0,0
B3_zmq_pushpull,zmq_tcp,none,none,,1,7466,512,584,1785153443926546000,1785153443926546000,1785153443926546000,1785153443926547000,1785153443926651000,1785153443926654000,1785153443926654000,1785153443926654000,121932490,121652369,-176.121,0.000,0.000,1.000,3.000,0.000,0.000,53.000,0,0,0
B3_zmq_pushpull,zmq_tcp,none,none,,1,7467,512,584,1785153443927502000,1785153443927502000,1785153443927502000,1785153443927503000,1785153443927608000,1785153443927611000,1785153443927611000,1785153443927611000,121932490,121652369,-175.121,0.000,0.000,1.000,3.000,0.000,0.000,1.000,0,0,0
B3_zmq_pushpull,zmq_tcp,none,none,,1,7468,512,584,1785153443928516000,1785153443928516000,1785153443928516000,1785153443928517000,1785153443928586000,1785153443928588000,1785153443928588000,1785153443928588000,121932490,121652369,-211.121,0.000,0.000,1.000,2.000,0.000,0.000,36.000,0,0,0
B3_zmq_pushpull,zmq_tcp,none,none,,1,7469,512,584,1785153443929513000,1785153443929513000,1785153443929513000,1785153443929514000,1785153443929574000,1785153443929576000,1785153443929576000,1785153443929576000,121932490,121652369,-220.121,0.000,0.000,1.000,2.000,0.000,0.000,9.000,0,0,0
B3_zmq_pushpull,zmq_tcp,none,none,,1,7470,512,584,1785153443930515000,1785153443930515000,1785153443930516000,1785153443930516000,1785153443930692000,1785153443930695000,1785153443930695000,1785153443930695000,121932490,121652369,-104.121,0.000,1.000,0.000,3.000,0.000,0.000,116.000,0,0,0
B3_zmq_pushpull,zmq_tcp,none,none,,1,7471,512,584,1785153443931511000,1785153443931511000,1785153443931511000,1785153443931512000,1785153443931674000,1785153443931677000,1785153443931677000,1785153443931677000,121932490,121652369,-118.121,0.000,0.000,1.000,3.000,0.000,0.000,14.000,0,0,0
B3_zmq_pushpull,zmq_tcp,none,none,,1,7472,512,584,1785153443932515000,1785153443932515000,1785153443932515000,1785153443932516000,1785153443932650000,1785153443932652000,1785153443932652000,1785153443932652000,121932490,121652369,-146.121,0.000,0.000,1.000,2.000,0.000,0.000,28.000,0,0,0
B3_zmq_pushpull,zmq_tcp,none,none,,1,7473,512,584,1785153443933513000,1785153443933513000,1785153443933513000,1785153443933514000,1785153443933639000,1785153443933642000,1785153443933642000,1785153443933642000,121932490,121652369,-155.121,0.000,0.000,1.000,3.000,0.000,0.000,9.000,0,0,0
B3_zmq_pushpull,zmq_tcp,none,none,,1,7474,512,584,1785153443934513000,1785153443934513000,1785153443934513000,1785153443934514000,1785153443934607000,1785153443934610000,1785153443934610000,1785153443934610000,121932490,121652369,-187.121,0.000,0.000,1.000,3.000,0.000,0.000,32.000,0,0,0
B3_zmq_pushpull,zmq_tcp,none,none,,1,7475,512,584,1785153443935511000,1785153443935511000,1785153443935511000,1785153443935512000,1785153443935575000,1785153443935577000,1785153443935577000,1785153443935577000,121932490,121652369,-217.121,0.000,0.000,1.000,2.000,0.000,0.000,30.000,0,0,0
B3_zmq_pushpull,zmq_tcp,none,none,,1,7476,512,584,1785153443936516000,1785153443936516000,1785153443936516000,1785153443936517000,1785153443936559000,1785153443936562000,1785153443936562000,1785153443936562000,121932490,121652369,-238.121,0.000,0.000,1.000,3.000,0.000,0.000,21.000,0,0,0
B3_zmq_pushpull,zmq_tcp,none,none,,1,7477,512,584,1785153443937511000,1785153443937511000,1785153443937512000,1785153443937512000,1785153443937675000,1785153443937678000,1785153443937678000,1785153443937678000,121932490,121652369,-117.121,0.000,1.000,0.000,3.000,0.000,0.000,121.000,0,0,0
B3_zmq_pushpull,zmq_tcp,none,none,,1,7478,512,584,1785153443938514000,1785153443938514000,1785153443938514000,1785153443938515000,1785153443938658000,1785153443938661000,1785153443938661000,1785153443938661000,121932490,121652369,-137.121,0.000,0.000,1.000,3.000,0.000,0.000,20.000,0,0,0
B3_zmq_pushpull,zmq_tcp,none,none,,1,7479,512,584,1785153443939343000,1785153443939343000,1785153443939344000,1785153443939345000,1785153443939503000,1785153443939506000,1785153443939506000,1785153443939506000,121932490,121652369,-122.121,0.000,1.000,1.000,3.000,0.000,0.000,15.000,0,0,0
B3_zmq_pushpull,zmq_tcp,none,none,,1,7480,512,584,1785153443940555000,1785153443940556000,1785153443940556000,1785153443940557000,1785153443940639000,1785153443940642000,1785153443940642000,1785153443940642000,121932490,121652369,-198.121,1.000,0.000,1.000,3.000,0.000,0.000,76.000,0,0,0
B3_zmq_pushpull,zmq_tcp,none,none,,1,7481,512,584,1785153443941502000,1785153443941502000,1785153443941502000,1785153443941503000,1785153443941598000,1785153443941600000,1785153443941600000,1785153443941600000,121932490,121652369,-185.121,0.000,0.000,1.000,2.000,0.000,0.000,13.000,0,0,0
B3_zmq_pushpull,zmq_tcp,none,none,,1,7482,512,584,1785153443942516000,1785153443942516000,1785153443942516000,1785153443942517000,1785153443942577000,1785153443942580000,1785153443942580000,1785153443942580000,121932490,121652369,-220.121,0.000,0.000,1.000,3.000,0.000,0.000,35.000,0,0,0
B3_zmq_pushpull,zmq_tcp,none,none,,1,7483,512,584,1785153443943509000,1785153443943509000,1785153443943509000,1785153443943510000,1785153443943557000,1785153443943560000,1785153443943560000,1785153443943560000,121932490,121652369,-233.121,0.000,0.000,1.000,3.000,0.000,0.000,13.000,0,0,0
B3_zmq_pushpull,zmq_tcp,none,none,,1,7484,512,584,1785153443944514000,1785153443944514000,1785153443944514000,1785153443944515000,1785153443944674000,1785153443944676000,1785153443944676000,1785153443944676000,121932490,121652369,-121.121,0.000,0.000,1.000,2.000,0.000,0.000,112.000,0,0,0
B3_zmq_pushpull,zmq_tcp,none,none,,1,7485,512,584,1785153443945515000,1785153443945515000,1785153443945515000,1785153443945516000,1785153443945632000,1785153443945636000,1785153443945636000,1785153443945636000,121932490,121652369,-164.121,0.000,0.000,1.000,4.000,0.000,0.000,43.000,0,0,0
B3_zmq_pushpull,zmq_tcp,none,none,,1,7486,512,584,1785153443946326000,1785153443946326000,1785153443946326000,1785153443946327000,1785153443946480000,1785153443946483000,1785153443946483000,1785153443946483000,121932490,121652369,-127.121,0.000,0.000,1.000,3.000,0.000,0.000,37.000,0,0,0
B3_zmq_pushpull,zmq_tcp,none,none,,1,7487,512,584,1785153443947320000,1785153443947320000,1785153443947320000,1785153443947321000,1785153443947472000,1785153443947475000,1785153443947475000,1785153443947475000,121932490,121652369,-129.121,0.000,0.000,1.000,3.000,0.000,0.000,2.000,0,0,0
B3_zmq_pushpull,zmq_tcp,none,none,,1,7488,512,584,1785153443948437000,1785153443948437000,1785153443948437000,1785153443948438000,1785153443948590000,1785153443948592000,1785153443948592000,1785153443948592000,121932490,121652369,-128.121,0.000,0.000,1.000,2.000,0.000,0.000,1.000,0,0,0
B3_zmq_pushpull,zmq_tcp,none,none,,1,7489,512,584,1785153443949424000,1785153443949425000,1785153443949425000,1785153443949426000,1785153443949577000,1785153443949579000,1785153443949579000,1785153443949579000,121932490,121652369,-129.121,1.000,0.000,1.000,2.000,0.000,0.000,1.000,0,0,0
B3_zmq_pushpull,zmq_tcp,none,none,,1,7490,512,584,1785153443950408000,1785153443950408000,1785153443950408000,1785153443950409000,1785153443950568000,1785153443950571000,1785153443950571000,1785153443950571000,121932490,121652369,-121.121,0.000,0.000,1.000,3.000,0.000,0.000,8.000,0,0,0
B3_zmq_pushpull,zmq_tcp,none,none,,1,7491,512,584,1785153443951545000,1785153443951545000,1785153443951545000,1785153443951546000,1785153443951704000,1785153443951708000,1785153443951708000,1785153443951708000,121932490,121652369,-122.121,0.000,0.000,1.000,4.000,0.000,0.000,1.000,0,0,0
B3_zmq_pushpull,zmq_tcp,none,none,,1,7492,512,584,1785153443952505000,1785153443952505000,1785153443952505000,1785153443952506000,1785153443952569000,1785153443952572000,1785153443952572000,1785153443952572000,121932490,121652369,-217.121,0.000,0.000,1.000,3.000,0.000,0.000,95.000,0,0,0
B3_zmq_pushpull,zmq_tcp,none,none,,1,7493,512,584,1785153443953515000,1785153443953516000,1785153443953516000,1785153443953517000,1785153443953571000,1785153443953575000,1785153443953575000,1785153443953575000,121932490,121652369,-226.121,1.000,0.000,1.000,4.000,0.000,0.000,9.000,0,0,0
B3_zmq_pushpull,zmq_tcp,none,none,,1,7494,512,584,1785153443954513000,1785153443954513000,1785153443954513000,1785153443954514000,1785153443954557000,1785153443954561000,1785153443954561000,1785153443954561000,121932490,121652369,-237.121,0.000,0.000,1.000,4.000,0.000,0.000,11.000,0,0,0
B3_zmq_pushpull,zmq_tcp,none,none,,1,7495,512,584,1785153443955514000,1785153443955514000,1785153443955514000,1785153443955515000,1785153443955685000,1785153443955687000,1785153443955687000,1785153443955687000,121932490,121652369,-110.121,0.000,0.000,1.000,2.000,0.000,0.000,127.000,0,0,0
B3_zmq_pushpull,zmq_tcp,none,none,,1,7496,512,584,1785153443956391000,1785153443956391000,1785153443956391000,1785153443956392000,1785153443956551000,1785153443956554000,1785153443956554000,1785153443956554000,121932490,121652369,-121.121,0.000,0.000,1.000,3.000,0.000,0.000,11.000,0,0,0
B3_zmq_pushpull,zmq_tcp,none,none,,1,7497,512,584,1785153443957396000,1785153443957396000,1785153443957396000,1785153443957397000,1785153443957541000,1785153443957544000,1785153443957544000,1785153443957544000,121932490,121652369,-136.121,0.000,0.000,1.000,3.000,0.000,0.000,15.000,0,0,0
B3_zmq_pushpull,zmq_tcp,none,none,,1,7498,512,584,1785153443958543000,1785153443958543000,1785153443958543000,1785153443958544000,1785153443958660000,1785153443958662000,1785153443958662000,1785153443958662000,121932490,121652369,-164.121,0.000,0.000,1.000,2.000,0.000,0.000,28.000,0,0,0
B3_zmq_pushpull,zmq_tcp,none,none,,1,7499,512,584,1785153443959502000,1785153443959502000,1785153443959502000,1785153443959503000,1785153443959658000,1785153443959665000,1785153443959665000,1785153443959665000,121932490,121652369,-125.121,0.000,0.000,1.000,7.000,0.000,0.000,39.000,0,0,0
B3_zmq_pushpull,zmq_tcp,none,none,,1,7500,512,584,1785153443960517000,1785153443960517000,1785153443960517000,1785153443960518000,1785153443960669000,1785153443960673000,1785153443960673000,1785153443960673000,121932490,121652369,-129.121,0.000,0.000,1.000,4.000,0.000,0.000,4.000,0,0,0
B3_zmq_pushpull,zmq_tcp,none,none,,1,7501,512,584,1785153443961514000,1785153443961514000,1785153443961514000,1785153443961515000,1785153443961649000,1785153443961652000,1785153443961652000,1785153443961652000,121932490,121652369,-146.121,0.000,0.000,1.000,3.000,0.000,0.000,17.000,0,0,0
B3_zmq_pushpull,zmq_tcp,none,none,,1,7502,512,584,1785153443962513000,1785153443962513000,1785153443962513000,1785153443962514000,1785153443962649000,1785153443962652000,1785153443962652000,1785153443962652000,121932490,121652369,-145.121,0.000,0.000,1.000,3.000,0.000,0.000,1.000,0,0,0
B3_zmq_pushpull,zmq_tcp,none,none,,1,7503,512,584,1785153443963510000,1785153443963510000,1785153443963510000,1785153443963511000,1785153443963655000,1785153443963658000,1785153443963658000,1785153443963658000,121932490,121652369,-136.121,0.000,0.000,1.000,3.000,0.000,0.000,9.000,0,0,0
B3_zmq_pushpull,zmq_tcp,none,none,,1,7504,512,584,1785153443964345000,1785153443964345000,1785153443964345000,1785153443964346000,1785153443964494000,1785153443964497000,1785153443964497000,1785153443964497000,121932490,121652369,-132.121,0.000,0.000,1.000,3.000,0.000,0.000,4.000,0,0,0
B3_zmq_pushpull,zmq_tcp,none,none,,1,7505,512,584,1785153443965340000,1785153443965340000,1785153443965340000,1785153443965341000,1785153443965497000,1785153443965500000,1785153443965500000,1785153443965500000,121932490,121652369,-124.121,0.000,0.000,1.000,3.000,0.000,0.000,8.000,0,0,0
B3_zmq_pushpull,zmq_tcp,none,none,,1,7506,512,584,1785153443966348000,1785153443966348000,1785153443966348000,1785153443966349000,1785153443966505000,1785153443966509000,1785153443966509000,1785153443966509000,121932490,121652369,-124.121,0.000,0.000,1.000,4.000,0.000,0.000,0.000,0,0,0
B3_zmq_pushpull,zmq_tcp,none,none,,1,7507,512,584,1785153443967332000,1785153443967332000,1785153443967332000,1785153443967333000,1785153443967481000,1785153443967484000,1785153443967484000,1785153443967484000,121932490,121652369,-132.121,0.000,0.000,1.000,3.000,0.000,0.000,8.000,0,0,0
B3_zmq_pushpull,zmq_tcp,none,none,,1,7508,512,584,1785153443968560000,1785153443968560000,1785153443968560000,1785153443968561000,1785153443968631000,1785153443968633000,1785153443968633000,1785153443968633000,121932490,121652369,-210.121,0.000,0.000,1.000,2.000,0.000,0.000,78.000,0,0,0
B3_zmq_pushpull,zmq_tcp,none,none,,1,7509,512,584,1785153443969503000,1785153443969503000,1785153443969503000,1785153443969504000,1785153443969617000,1785153443969620000,1785153443969620000,1785153443969620000,121932490,121652369,-167.121,0.000,0.000,1.000,3.000,0.000,0.000,43.000,0,0,0
B3_zmq_pushpull,zmq_tcp,none,none,,1,7510,512,584,1785153443970515000,1785153443970515000,1785153443970515000,1785153443970516000,1785153443970619000,1785153443970621000,1785153443970621000,1785153443970621000,121932490,121652369,-177.121,0.000,0.000,1.000,2.000,0.000,0.000,10.000,0,0,0
B3_zmq_pushpull,zmq_tcp,none,none,,1,7511,512,584,1785153443971516000,1785153443971516000,1785153443971516000,1785153443971517000,1785153443971612000,1785153443971615000,1785153443971615000,1785153443971615000,121932490,121652369,-185.121,0.000,0.000,1.000,3.000,0.000,0.000,8.000,0,0,0
B3_zmq_pushpull,zmq_tcp,none,none,,1,7512,512,584,1785153443972514000,1785153443972514000,1785153443972514000,1785153443972515000,1785153443972608000,1785153443972611000,1785153443972611000,1785153443972611000,121932490,121652369,-187.121,0.000,0.000,1.000,3.000,0.000,0.000,2.000,0,0,0
B3_zmq_pushpull,zmq_tcp,none,none,,1,7513,512,584,1785153443973516000,1785153443973516000,1785153443973516000,1785153443973517000,1785153443973600000,1785153443973603000,1785153443973603000,1785153443973603000,121932490,121652369,-197.121,0.000,0.000,1.000,3.000,0.000,0.000,10.000,0,0,0
B3_zmq_pushpull,zmq_tcp,none,none,,1,7514,512,584,1785153443974514000,1785153443974514000,1785153443974514000,1785153443974515000,1785153443974588000,1785153443974591000,1785153443974591000,1785153443974591000,121932490,121652369,-207.121,0.000,0.000,1.000,3.000,0.000,0.000,10.000,0,0,0
B3_zmq_pushpull,zmq_tcp,none,none,,1,7515,512,584,1785153443975514000,1785153443975514000,1785153443975514000,1785153443975515000,1785153443975587000,1785153443975589000,1785153443975589000,1785153443975590000,121932490,121652369,-208.121,0.000,0.000,1.000,2.000,0.000,1.000,1.000,0,0,0
B3_zmq_pushpull,zmq_tcp,none,none,,1,7516,512,584,1785153443976514000,1785153443976514000,1785153443976514000,1785153443976515000,1785153443976568000,1785153443976571000,1785153443976571000,1785153443976571000,121932490,121652369,-227.121,0.000,0.000,1.000,3.000,0.000,0.000,19.000,0,0,0
B3_zmq_pushpull,zmq_tcp,none,none,,1,7517,512,584,1785153443977511000,1785153443977511000,1785153443977511000,1785153443977513000,1785153443977570000,1785153443977573000,1785153443977573000,1785153443977573000,121932490,121652369,-223.121,0.000,0.000,2.000,3.000,0.000,0.000,4.000,0,0,0
B3_zmq_pushpull,zmq_tcp,none,none,,1,7518,512,584,1785153443978516000,1785153443978516000,1785153443978516000,1785153443978517000,1785153443978588000,1785153443978591000,1785153443978591000,1785153443978591000,121932490,121652369,-209.121,0.000,0.000,1.000,3.000,0.000,0.000,14.000,0,0,0
B3_zmq_pushpull,zmq_tcp,none,none,,1,7519,512,584,1785153443979516000,1785153443979516000,1785153443979516000,1785153443979517000,1785153443979591000,1785153443979594000,1785153443979594000,1785153443979594000,121932490,121652369,-206.121,0.000,0.000,1.000,3.000,0.000,0.000,3.000,0,0,0
B3_zmq_pushpull,zmq_tcp,none,none,,1,7520,512,584,1785153443980513000,1785153443980513000,1785153443980513000,1785153443980514000,1785153443980611000,1785153443980614000,1785153443980614000,1785153443980614000,121932490,121652369,-183.121,0.000,0.000,1.000,3.000,0.000,0.000,23.000,0,0,0
B3_zmq_pushpull,zmq_tcp,none,none,,1,7521,512,584,1785153443981516000,1785153443981516000,1785153443981516000,1785153443981517000,1785153443981613000,1785153443981616000,1785153443981616000,1785153443981616000,121932490,121652369,-184.121,0.000,0.000,1.000,3.000,0.000,0.000,1.000,0,0,0
B3_zmq_pushpull,zmq_tcp,none,none,,1,7522,512,584,1785153443982514000,1785153443982514000,1785153443982514000,1785153443982515000,1785153443982609000,1785153443982612000,1785153443982612000,1785153443982612000,121932490,121652369,-186.121,0.000,0.000,1.000,3.000,0.000,0.000,2.000,0,0,0
B3_zmq_pushpull,zmq_tcp,none,none,,1,7523,512,584,1785153443983514000,1785153443983514000,1785153443983514000,1785153443983515000,1785153443983608000,1785153443983611000,1785153443983611000,1785153443983611000,121932490,121652369,-187.121,0.000,0.000,1.000,3.000,0.000,0.000,1.000,0,0,0
B3_zmq_pushpull,zmq_tcp,none,none,,1,7524,512,584,1785153443984511000,1785153443984511000,1785153443984511000,1785153443984512000,1785153443984626000,1785153443984628000,1785153443984628000,1785153443984628000,121932490,121652369,-166.121,0.000,0.000,1.000,2.000,0.000,0.000,21.000,0,0,0
B3_zmq_pushpull,zmq_tcp,none,none,,1,7525,512,584,1785153443985518000,1785153443985518000,1785153443985518000,1785153443985519000,1785153443985619000,1785153443985621000,1785153443985621000,1785153443985621000,121932490,121652369,-180.121,0.000,0.000,1.000,2.000,0.000,0.000,14.000,0,0,0
B3_zmq_pushpull,zmq_tcp,none,none,,1,7526,512,584,1785153443986482000,1785153443986482000,1785153443986482000,1785153443986483000,1785153443986627000,1785153443986630000,1785153443986630000,1785153443986630000,121932490,121652369,-136.121,0.000,0.000,1.000,3.000,0.000,0.000,44.000,0,0,0
B3_zmq_pushpull,zmq_tcp,none,none,,1,7527,512,584,1785153443987337000,1785153443987337000,1785153443987337000,1785153443987338000,1785153443987498000,1785153443987500000,1785153443987500000,1785153443987500000,121932490,121652369,-120.121,0.000,0.000,1.000,2.000,0.000,0.000,16.000,0,0,0
B3_zmq_pushpull,zmq_tcp,none,none,,1,7528,512,584,1785153443988341000,1785153443988341000,1785153443988341000,1785153443988342000,1785153443988492000,1785153443988494000,1785153443988495000,1785153443988495000,121932490,121652369,-130.121,0.000,0.000,1.000,2.000,1.000,0.000,10.000,0,0,0
B3_zmq_pushpull,zmq_tcp,none,none,,1,7529,512,584,1785153443989336000,1785153443989336000,1785153443989336000,1785153443989337000,1785153443989490000,1785153443989492000,1785153443989492000,1785153443989492000,121932490,121652369,-127.121,0.000,0.000,1.000,2.000,0.000,0.000,3.000,0,0,0
B3_zmq_pushpull,zmq_tcp,none,none,,1,7530,512,584,1785153443990559000,1785153443990560000,1785153443990560000,1785153443990561000,1785153443990616000,1785153443990619000,1785153443990619000,1785153443990619000,121932490,121652369,-225.121,1.000,0.000,1.000,3.000,0.000,0.000,98.000,0,0,0
B3_zmq_pushpull,zmq_tcp,none,none,,1,7531,512,584,1785153443991499000,1785153443991499000,1785153443991499000,1785153443991500000,1785153443991626000,1785153443991629000,1785153443991629000,1785153443991629000,121932490,121652369,-154.121,0.000,0.000,1.000,3.000,0.000,0.000,71.000,0,0,0
B3_zmq_pushpull,zmq_tcp,none,none,,1,7532,512,584,1785153443992517000,1785153443992517000,1785153443992517000,1785153443992518000,1785153443992638000,1785153443992641000,1785153443992641000,1785153443992641000,121932490,121652369,-160.121,0.000,0.000,1.000,3.000,0.000,0.000,6.000,0,0,0
B3_zmq_pushpull,zmq_tcp,none,none,,1,7533,512,584,1785153443993514000,1785153443993514000,1785153443993514000,1785153443993515000,1785153443993662000,1785153443993664000,1785153443993664000,1785153443993664000,121932490,121652369,-133.121,0.000,0.000,1.000,2.000,0.000,0.000,27.000,0,0,0
B3_zmq_pushpull,zmq_tcp,none,none,,1,7534,512,584,1785153443994516000,1785153443994517000,1785153443994517000,1785153443994518000,1785153443994663000,1785153443994666000,1785153443994666000,1785153443994667000,121932490,121652369,-135.121,1.000,0.000,1.000,3.000,0.000,1.000,2.000,0,0,0
B3_zmq_pushpull,zmq_tcp,none,none,,1,7535,512,584,1785153443995510000,1785153443995510000,1785153443995510000,1785153443995511000,1785153443995676000,1785153443995679000,1785153443995679000,1785153443995679000,121932490,121652369,-115.121,0.000,0.000,1.000,3.000,0.000,0.000,20.000,0,0,0
B3_zmq_pushpull,zmq_tcp,none,none,,1,7536,512,584,1785153443996516000,1785153443996516000,1785153443996516000,1785153443996517000,1785153443996675000,1785153443996678000,1785153443996678000,1785153443996678000,121932490,121652369,-122.121,0.000,0.000,1.000,3.000,0.000,0.000,7.000,0,0,0
B3_zmq_pushpull,zmq_tcp,none,none,,1,7537,512,584,1785153443997514000,1785153443997514000,1785153443997514000,1785153443997515000,1785153443997672000,1785153443997675000,1785153443997675000,1785153443997675000,121932490,121652369,-123.121,0.000,0.000,1.000,3.000,0.000,0.000,1.000,0,0,0
B3_zmq_pushpull,zmq_tcp,none,none,,1,7538,512,584,1785153443998514000,1785153443998514000,1785153443998514000,1785153443998515000,1785153443998692000,1785153443998695000,1785153443998695000,1785153443998695000,121932490,121652369,-103.121,0.000,0.000,1.000,3.000,0.000,0.000,20.000,0,0,0
B3_zmq_pushpull,zmq_tcp,none,none,,1,7539,512,584,1785153443999514000,1785153443999514000,1785153443999514000,1785153443999515000,1785153443999566000,1785153443999569000,1785153443999569000,1785153443999569000,121932490,121652369,-229.121,0.000,0.000,1.000,3.000,0.000,0.000,126.000,0,0,0
B3_zmq_pushpull,zmq_tcp,none,none,,1,7540,512,584,1785153444000514000,1785153444000514000,1785153444000514000,1785153444000515000,1785153444000580000,1785153444000584000,1785153444000584000,1785153444000584000,121932490,121652369,-215.121,0.000,0.000,1.000,4.000,0.000,0.000,14.000,0,0,0
B3_zmq_pushpull,zmq_tcp,none,none,,1,7541,512,584,1785153444001517000,1785153444001517000,1785153444001517000,1785153444001518000,1785153444001598000,1785153444001600000,1785153444001600000,1785153444001600000,121932490,121652369,-200.121,0.000,0.000,1.000,2.000,0.000,0.000,15.000,0,0,0
B3_zmq_pushpull,zmq_tcp,none,none,,1,7542,512,584,1785153444002514000,1785153444002514000,1785153444002514000,1785153444002515000,1785153444002600000,1785153444002603000,1785153444002603000,1785153444002603000,121932490,121652369,-195.121,0.000,0.000,1.000,3.000,0.000,0.000,5.000,0,0,0
B3_zmq_pushpull,zmq_tcp,none,none,,1,7543,512,584,1785153444003514000,1785153444003514000,1785153444003514000,1785153444003515000,1785153444003599000,1785153444003603000,1785153444003603000,1785153444003603000,121932490,121652369,-196.121,0.000,0.000,1.000,4.000,0.000,0.000,1.000,0,0,0
B3_zmq_pushpull,zmq_tcp,none,none,,1,7544,512,584,1785153444004514000,1785153444004514000,1785153444004514000,1785153444004515000,1785153444004599000,1785153444004602000,1785153444004602000,1785153444004602000,121932490,121652369,-196.121,0.000,0.000,1.000,3.000,0.000,0.000,0.000,0,0,0
B3_zmq_pushpull,zmq_tcp,none,none,,1,7545,512,584,1785153444005517000,1785153444005517000,1785153444005517000,1785153444005518000,1785153444005599000,1785153444005602000,1785153444005602000,1785153444005602000,121932490,121652369,-199.121,0.000,0.000,1.000,3.000,0.000,0.000,3.000,0,0,0
B3_zmq_pushpull,zmq_tcp,none,none,,1,7546,512,584,1785153444006511000,1785153444006511000,1785153444006512000,1785153444006513000,1785153444006603000,1785153444006606000,1785153444006606000,1785153444006606000,121932490,121652369,-190.121,0.000,1.000,1.000,3.000,0.000,0.000,9.000,0,0,0
B3_zmq_pushpull,zmq_tcp,none,none,,1,7547,512,584,1785153444007517000,1785153444007517000,1785153444007517000,1785153444007518000,1785153444007615000,1785153444007618000,1785153444007618000,1785153444007618000,121932490,121652369,-183.121,0.000,0.000,1.000,3.000,0.000,0.000,7.000,0,0,0
B3_zmq_pushpull,zmq_tcp,none,none,,1,7548,512,584,1785153444008516000,1785153444008516000,1785153444008516000,1785153444008517000,1785153444008624000,1785153444008627000,1785153444008627000,1785153444008627000,121932490,121652369,-173.121,0.000,0.000,1.000,3.000,0.000,0.000,10.000,0,0,0
B3_zmq_pushpull,zmq_tcp,none,none,,1,7549,512,584,1785153444009515000,1785153444009515000,1785153444009515000,1785153444009516000,1785153444009623000,1785153444009626000,1785153444009626000,1785153444009626000,121932490,121652369,-173.121,0.000,0.000,1.000,3.000,0.000,0.000,0.000,0,0,0
B3_zmq_pushpull,zmq_tcp,none,none,,1,7550,512,584,1785153444010510000,1785153444010510000,1785153444010510000,1785153444010511000,1785153444010630000,1785153444010632000,1785153444010632000,1785153444010632000,121932490,121652369,-161.121,0.000,0.000,1.000,2.000,0.000,0.000,12.000,0,0,0
B3_zmq_pushpull,zmq_tcp,none,none,,1,7551,512,584,1785153444011515000,1785153444011515000,1785153444011515000,1785153444011516000,1785153444011627000,1785153444011630000,1785153444011630000,1785153444011630000,121932490,121652369,-169.121,0.000,0.000,1.000,3.000,0.000,0.000,8.000,0,0,0
B3_zmq_pushpull,zmq_tcp,none,none,,1,7552,512,584,1785153444012516000,1785153444012516000,1785153444012516000,1785153444012517000,1785153444012626000,1785153444012630000,1785153444012630000,1785153444012630000,121932490,121652369,-171.121,0.000,0.000,1.000,4.000,0.000,0.000,2.000,0,0,0
B3_zmq_pushpull,zmq_tcp,none,none,,1,7553,512,584,1785153444013514000,1785153444013514000,1785153444013514000,1785153444013515000,1785153444013647000,1785153444013650000,1785153444013650000,1785153444013650000,121932490,121652369,-148.121,0.000,0.000,1.000,3.000,0.000,0.000,23.000,0,0,0
B3_zmq_pushpull,zmq_tcp,none,none,,1,7554,512,584,1785153444014514000,1785153444014515000,1785153444014515000,1785153444014516000,1785153444014662000,1785153444014664000,1785153444014664000,1785153444014664000,121932490,121652369,-134.121,1.000,0.000,1.000,2.000,0.000,0.000,14.000,0,0,0
B3_zmq_pushpull,zmq_tcp,none,none,,1,7555,512,584,1785153444015514000,1785153444015514000,1785153444015514000,1785153444015515000,1785153444015668000,1785153444015671000,1785153444015671000,1785153444015671000,121932490,121652369,-127.121,0.000,0.000,1.000,3.000,0.000,0.000,7.000,0,0,0
B3_zmq_pushpull,zmq_tcp,none,none,,1,7556,512,584,1785153444016372000,1785153444016372000,1785153444016372000,1785153444016373000,1785153444016530000,1785153444016533000,1785153444016533000,1785153444016533000,121932490,121652369,-123.121,0.000,0.000,1.000,3.000,0.000,0.000,4.000,0,0,0
B3_zmq_pushpull,zmq_tcp,none,none,,1,7557,512,584,1785153444017382000,1785153444017383000,1785153444017383000,1785153444017384000,1785153444017536000,1785153444017539000,1785153444017539000,1785153444017539000,121932490,121652369,-128.121,1.000,0.000,1.000,3.000,0.000,0.000,5.000,0,0,0
B3_zmq_pushpull,zmq_tcp,none,none,,1,7558,512,584,1785153444018369000,1785153444018369000,1785153444018369000,1785153444018370000,1785153444018514000,1785153444018517000,1785153444018517000,1785153444018517000,121932490,121652369,-136.121,0.000,0.000,1.000,3.000,0.000,0.000,8.000,0,0,0
B3_zmq_pushpull,zmq_tcp,none,none,,1,7559,512,584,1785153444019550000,1785153444019551000,1785153444019551000,1785153444019552000,1785153444019652000,1785153444019655000,1785153444019655000,1785153444019655000,121932490,121652369,-180.121,1.000,0.000,1.000,3.000,0.000,0.000,44.000,0,0,0
B3_zmq_pushpull,zmq_tcp,none,none,,1,7560,512,584,1785153444020503000,1785153444020503000,1785153444020504000,1785153444020504000,1785153444020666000,1785153444020668000,1785153444020668000,1785153444020668000,121932490,121652369,-118.121,0.000,1.000,0.000,2.000,0.000,0.000,62.000,0,0,0
B3_zmq_pushpull,zmq_tcp,none,none,,1,7561,512,584,1785153444021517000,1785153444021517000,1785153444021517000,1785153444021518000,1785153444021670000,1785153444021672000,1785153444021672000,1785153444021672000,121932490,121652369,-128.121,0.000,0.000,1.000,2.000,0.000,0.000,10.000,0,0,0
B3_zmq_pushpull,zmq_tcp,none,none,,1,7562,512,584,1785153444022515000,1785153444022515000,1785153444022515000,1785153444022516000,1785153444022676000,1785153444022679000,1785153444022679000,1785153444022679000,121932490,121652369,-120.121,0.000,0.000,1.000,3.000,0.000,0.000,8.000,0,0,0
B3_zmq_pushpull,zmq_tcp,none,none,,1,7563,512,584,1785153444023513000,1785153444023513000,1785153444023513000,1785153444023514000,1785153444023668000,1785153444023671000,1785153444023671000,1785153444023671000,121932490,121652369,-126.121,0.000,0.000,1.000,3.000,0.000,0.000,6.000,0,0,0
B3_zmq_pushpull,zmq_tcp,none,none,,1,7564,512,584,1785153444024512000,1785153444024512000,1785153444024512000,1785153444024513000,1785153444024680000,1785153444024683000,1785153444024683000,1785153444024683000,121932490,121652369,-113.121,0.000,0.000,1.000,3.000,0.000,0.000,13.000,0,0,0
B3_zmq_pushpull,zmq_tcp,none,none,,1,7565,512,584,1785153444025516000,1785153444025516000,1785153444025516000,1785153444025517000,1785153444025678000,1785153444025681000,1785153444025681000,1785153444025681000,121932490,121652369,-119.121,0.000,0.000,1.000,3.000,0.000,0.000,6.000,0,0,0
B3_zmq_pushpull,zmq_tcp,none,none,,1,7566,512,584,1785153444026514000,1785153444026514000,1785153444026515000,1785153444026515000,1785153444026674000,1785153444026677000,1785153444026677000,1785153444026677000,121932490,121652369,-121.121,0.000,1.000,0.000,3.000,0.000,0.000,2.000,0,0,0
B3_zmq_pushpull,zmq_tcp,none,none,,1,7567,512,584,1785153444027514000,1785153444027514000,1785153444027514000,1785153444027515000,1785153444027668000,1785153444027671000,1785153444027671000,1785153444027671000,121932490,121652369,-127.121,0.000,0.000,1.000,3.000,0.000,0.000,6.000,0,0,0
B3_zmq_pushpull,zmq_tcp,none,none,,1,7568,512,584,1785153444028515000,1785153444028515000,1785153444028516000,1785153444028516000,1785153444028671000,1785153444028674000,1785153444028674000,1785153444028674000,121932490,121652369,-125.121,0.000,1.000,0.000,3.000,0.000,0.000,2.000,0,0,0
B3_zmq_pushpull,zmq_tcp,none,none,,1,7569,512,584,1785153444029514000,1785153444029514000,1785153444029514000,1785153444029515000,1785153444029682000,1785153444029684000,1785153444029684000,1785153444029684000,121932490,121652369,-113.121,0.000,0.000,1.000,2.000,0.000,0.000,12.000,0,0,0
B3_zmq_pushpull,zmq_tcp,none,none,,1,7570,512,584,1785153444030515000,1785153444030515000,1785153444030515000,1785153444030516000,1785153444030672000,1785153444030675000,1785153444030675000,1785153444030675000,121932490,121652369,-124.121,0.000,0.000,1.000,3.000,0.000,0.000,11.000,0,0,0
B3_zmq_pushpull,zmq_tcp,none,none,,1,7571,512,584,1785153444031510000,1785153444031510000,1785153444031511000,1785153444031511000,1785153444031668000,1785153444031671000,1785153444031671000,1785153444031671000,121932490,121652369,-123.121,0.000,1.000,0.000,3.000,0.000,0.000,1.000,0,0,0
B3_zmq_pushpull,zmq_tcp,none,none,,1,7572,512,584,1785153444032515000,1785153444032515000,1785153444032516000,1785153444032516000,1785153444032655000,1785153444032658000,1785153444032658000,1785153444032658000,121932490,121652369,-141.121,0.000,1.000,0.000,3.000,0.000,0.000,18.000,0,0,0
B3_zmq_pushpull,zmq_tcp,none,none,,1,7573,512,584,1785153444033514000,1785153444033514000,1785153444033514000,1785153444033515000,1785153444033663000,1785153444033666000,1785153444033666000,1785153444033666000,121932490,121652369,-132.121,0.000,0.000,1.000,3.000,0.000,0.000,9.000,0,0,0
B3_zmq_pushpull,zmq_tcp,none,none,,1,7574,512,584,1785153444034516000,1785153444034516000,1785153444034516000,1785153444034517000,1785153444034664000,1785153444034667000,1785153444034667000,1785153444034667000,121932490,121652369,-133.121,0.000,0.000,1.000,3.000,0.000,0.000,1.000,0,0,0
B3_zmq_pushpull,zmq_tcp,none,none,,1,7575,512,584,1785153444035512000,1785153444035512000,1785153444035512000,1785153444035513000,1785153444035664000,1785153444035667000,1785153444035667000,1785153444035667000,121932490,121652369,-129.121,0.000,0.000,1.000,3.000,0.000,0.000,4.000,0,0,0
B3_zmq_pushpull,zmq_tcp,none,none,,1,7576,512,584,1785153444036517000,1785153444036517000,1785153444036517000,1785153444036518000,1785153444036664000,1785153444036667000,1785153444036667000,1785153444036667000,121932490,121652369,-134.121,0.000,0.000,1.000,3.000,0.000,0.000,5.000,0,0,0
B3_zmq_pushpull,zmq_tcp,none,none,,1,7577,512,584,1785153444037514000,1785153444037514000,1785153444037515000,1785153444037515000,1785153444037644000,1785153444037647000,1785153444037647000,1785153444037647000,121932490,121652369,-151.121,0.000,1.000,0.000,3.000,0.000,0.000,17.000,0,0,0
B3_zmq_pushpull,zmq_tcp,none,none,,1,7578,512,584,1785153444038514000,1785153444038514000,1785153444038515000,1785153444038515000,1785153444038632000,1785153444038635000,1785153444038635000,1785153444038635000,121932490,121652369,-163.121,0.000,1.000,0.000,3.000,0.000,0.000,12.000,0,0,0
B3_zmq_pushpull,zmq_tcp,none,none,,1,7579,512,584,1785153444039511000,1785153444039512000,1785153444039512000,1785153444039512000,1785153444039636000,1785153444039639000,1785153444039639000,1785153444039639000,121932490,121652369,-156.121,1.000,0.000,0.000,3.000,0.000,0.000,7.000,0,0,0
B3_zmq_pushpull,zmq_tcp,none,none,,1,7580,512,584,1785153444040515000,1785153444040516000,1785153444040516000,1785153444040517000,1785153444040643000,1785153444040646000,1785153444040646000,1785153444040646000,121932490,121652369,-154.121,1.000,0.000,1.000,3.000,0.000,0.000,2.000,0,0,0
B3_zmq_pushpull,zmq_tcp,none,none,,1,7581,512,584,1785153444041514000,1785153444041514000,1785153444041514000,1785153444041515000,1785153444041638000,1785153444041641000,1785153444041641000,1785153444041641000,121932490,121652369,-157.121,0.000,0.000,1.000,3.000,0.000,0.000,3.000,0,0,0
B3_zmq_pushpull,zmq_tcp,none,none,,1,7582,512,584,1785153444042514000,1785153444042515000,1785153444042515000,1785153444042516000,1785153444042656000,1785153444042659000,1785153444042659000,1785153444042659000,121932490,121652369,-140.121,1.000,0.000,1.000,3.000,0.000,0.000,17.000,0,0,0
B3_zmq_pushpull,zmq_tcp,none,none,,1,7583,512,584,1785153444043513000,1785153444043513000,1785153444043513000,1785153444043514000,1785153444043662000,1785153444043664000,1785153444043664000,1785153444043664000,121932490,121652369,-132.121,0.000,0.000,1.000,2.000,0.000,0.000,8.000,0,0,0
B3_zmq_pushpull,zmq_tcp,none,none,,1,7584,512,584,1785153444044515000,1785153444044515000,1785153444044515000,1785153444044516000,1785153444044663000,1785153444044666000,1785153444044666000,1785153444044666000,121932490,121652369,-133.121,0.000,0.000,1.000,3.000,0.000,0.000,1.000,0,0,0
B3_zmq_pushpull,zmq_tcp,none,none,,1,7585,512,584,1785153444045514000,1785153444045514000,1785153444045514000,1785153444045515000,1785153444045667000,1785153444045670000,1785153444045670000,1785153444045670000,121932490,121652369,-128.121,0.000,0.000,1.000,3.000,0.000,0.000,5.000,0,0,0
B3_zmq_pushpull,zmq_tcp,none,none,,1,7586,512,584,1785153444046377000,1785153444046377000,1785153444046377000,1785153444046378000,1785153444046522000,1785153444046525000,1785153444046525000,1785153444046525000,121932490,121652369,-136.121,0.000,0.000,1.000,3.000,0.000,0.000,8.000,0,0,0
B3_zmq_pushpull,zmq_tcp,none,none,,1,7587,512,584,1785153444047376000,1785153444047376000,1785153444047376000,1785153444047377000,1785153444047535000,1785153444047538000,1785153444047538000,1785153444047538000,121932490,121652369,-122.121,0.000,0.000,1.000,3.000,0.000,0.000,14.000,0,0,0
B3_zmq_pushpull,zmq_tcp,none,none,,1,7588,512,584,1785153444048550000,1785153444048550000,1785153444048550000,1785153444048551000,1785153444048652000,1785153444048655000,1785153444048655000,1785153444048655000,121932490,121652369,-179.121,0.000,0.000,1.000,3.000,0.000,0.000,57.000,0,0,0
B3_zmq_pushpull,zmq_tcp,none,none,,1,7589,512,584,1785153444049505000,1785153444049505000,1785153444049505000,1785153444049506000,1785153444049657000,1785153444049659000,1785153444049659000,1785153444049659000,121932490,121652369,-129.121,0.000,0.000,1.000,2.000,0.000,0.000,50.000,0,0,0
B3_zmq_pushpull,zmq_tcp,none,none,,1,7590,512,584,1785153444050517000,1785153444050517000,1785153444050517000,1785153444050518000,1785153444050665000,1785153444050667000,1785153444050667000,1785153444050667000,121932490,121652369,-133.121,0.000,0.000,1.000,2.000,0.000,0.000,4.000,0,0,0
B3_zmq_pushpull,zmq_tcp,none,none,,1,7591,512,584,1785153444051514000,1785153444051515000,1785153444051515000,1785153444051516000,1785153444051661000,1785153444051663000,1785153444051663000,1785153444051663000,121932490,121652369,-135.121,1.000,0.000,1.000,2.000,0.000,0.000,2.000,0,0,0
B3_zmq_pushpull,zmq_tcp,none,none,,1,7592,512,584,1785153444052514000,1785153444052514000,1785153444052514000,1785153444052515000,1785153444052647000,1785153444052650000,1785153444052650000,1785153444052650000,121932490,121652369,-148.121,0.000,0.000,1.000,3.000,0.000,0.000,13.000,0,0,0
B3_zmq_pushpull,zmq_tcp,none,none,,1,7593,512,584,1785153444053511000,1785153444053512000,1785153444053512000,1785153444053513000,1785153444053642000,1785153444053644000,1785153444053644000,1785153444053644000,121932490,121652369,-151.121,1.000,0.000,1.000,2.000,0.000,0.000,3.000,0,0,0
B3_zmq_pushpull,zmq_tcp,none,none,,1,7594,512,584,1785153444054515000,1785153444054516000,1785153444054516000,1785153444054517000,1785153444054651000,1785153444054654000,1785153444054654000,1785153444054654000,121932490,121652369,-146.121,1.000,0.000,1.000,3.000,0.000,0.000,5.000,0,0,0
B3_zmq_pushpull,zmq_tcp,none,none,,1,7595,512,584,1785153444055514000,1785153444055514000,1785153444055514000,1785153444055515000,1785153444055661000,1785153444055663000,1785153444055663000,1785153444055663000,121932490,121652369,-134.121,0.000,0.000,1.000,2.000,0.000,0.000,12.000,0,0,0
B3_zmq_pushpull,zmq_tcp,none,none,,1,7596,512,584,1785153444056514000,1785153444056514000,1785153444056514000,1785153444056515000,1785153444056657000,1785153444056660000,1785153444056660000,1785153444056660000,121932490,121652369,-138.121,0.000,0.000,1.000,3.000,0.000,0.000,4.000,0,0,0
B3_zmq_pushpull,zmq_tcp,none,none,,1,7597,512,584,1785153444057511000,1785153444057511000,1785153444057511000,1785153444057512000,1785153444057657000,1785153444057659000,1785153444057659000,1785153444057659000,121932490,121652369,-135.121,0.000,0.000,1.000,2.000,0.000,0.000,3.000,0,0,0
B3_zmq_pushpull,zmq_tcp,none,none,,1,7598,512,584,1785153444058516000,1785153444058516000,1785153444058516000,1785153444058517000,1785153444058663000,1785153444058666000,1785153444058666000,1785153444058666000,121932490,121652369,-134.121,0.000,0.000,1.000,3.000,0.000,0.000,1.000,0,0,0
B3_zmq_pushpull,zmq_tcp,none,none,,1,7599,512,584,1785153444059514000,1785153444059515000,1785153444059515000,1785153444059516000,1785153444059650000,1785153444059653000,1785153444059653000,1785153444059653000,121932490,121652369,-146.121,1.000,0.000,1.000,3.000,0.000,0.000,12.000,0,0,0
B3_zmq_pushpull,zmq_tcp,none,none,,1,7600,512,584,1785153444060345000,1785153444060345000,1785153444060345000,1785153444060346000,1785153444060489000,1785153444060491000,1785153444060491000,1785153444060491000,121932490,121652369,-137.121,0.000,0.000,1.000,2.000,0.000,0.000,9.000,0,0,0
B3_zmq_pushpull,zmq_tcp,none,none,,1,7601,512,584,1785153444061557000,1785153444061557000,1785153444061557000,1785153444061558000,1785153444061631000,1785153444061634000,1785153444061634000,1785153444061634000,121932490,121652369,-207.121,0.000,0.000,1.000,3.000,0.000,0.000,70.000,0,0,0
B3_zmq_pushpull,zmq_tcp,none,none,,1,7602,512,584,1785153444062506000,1785153444062506000,1785153444062506000,1785153444062507000,1785153444062642000,1785153444062645000,1785153444062645000,1785153444062645000,121932490,121652369,-145.121,0.000,0.000,1.000,3.000,0.000,0.000,62.000,0,0,0
B3_zmq_pushpull,zmq_tcp,none,none,,1,7603,512,584,1785153444063517000,1785153444063517000,1785153444063517000,1785153444063518000,1785153444063647000,1785153444063650000,1785153444063650000,1785153444063650000,121932490,121652369,-151.121,0.000,0.000,1.000,3.000,0.000,0.000,6.000,0,0,0
B3_zmq_pushpull,zmq_tcp,none,none,,1,7604,512,584,1785153444064513000,1785153444064513000,1785153444064513000,1785153444064514000,1785153444064643000,1785153444064646000,1785153444064646000,1785153444064646000,121932490,121652369,-151.121,0.000,0.000,1.000,3.000,0.000,0.000,0.000,0,0,0
B3_zmq_pushpull,zmq_tcp,none,none,,1,7605,512,584,1785153444065514000,1785153444065514000,1785153444065514000,1785153444065515000,1785153444065637000,1785153444065639000,1785153444065639000,1785153444065639000,121932490,121652369,-158.121,0.000,0.000,1.000,2.000,0.000,0.000,7.000,0,0,0
B3_zmq_pushpull,zmq_tcp,none,none,,1,7606,512,584,1785153444066514000,1785153444066514000,1785153444066515000,1785153444066515000,1785153444066633000,1785153444066635000,1785153444066635000,1785153444066635000,121932490,121652369,-162.121,0.000,1.000,0.000,2.000,0.000,0.000,4.000,0,0,0
B3_zmq_pushpull,zmq_tcp,none,none,,1,7607,512,584,1785153444067514000,1785153444067514000,1785153444067514000,1785153444067515000,1785153444067637000,1785153444067640000,1785153444067640000,1785153444067640000,121932490,121652369,-158.121,0.000,0.000,1.000,3.000,0.000,0.000,4.000,0,0,0
B3_zmq_pushpull,zmq_tcp,none,none,,1,7608,512,584,1785153444068512000,1785153444068512000,1785153444068512000,1785153444068513000,1785153444068638000,1785153444068641000,1785153444068641000,1785153444068641000,121932490,121652369,-155.121,0.000,0.000,1.000,3.000,0.000,0.000,3.000,0,0,0
B3_zmq_pushpull,zmq_tcp,none,none,,1,7609,512,584,1785153444069516000,1785153444069516000,1785153444069516000,1785153444069517000,1785153444069638000,1785153444069641000,1785153444069641000,1785153444069641000,121932490,121652369,-159.121,0.000,0.000,1.000,3.000,0.000,0.000,4.000,0,0,0
B3_zmq_pushpull,zmq_tcp,none,none,,1,7610,512,584,1785153444070516000,1785153444070516000,1785153444070516000,1785153444070517000,1785153444070648000,1785153444070651000,1785153444070651000,1785153444070651000,121932490,121652369,-149.121,0.000,0.000,1.000,3.000,0.000,0.000,10.000,0,0,0
B3_zmq_pushpull,zmq_tcp,none,none,,1,7611,512,584,1785153444071513000,1785153444071513000,1785153444071513000,1785153444071514000,1785153444071666000,1785153444071669000,1785153444071669000,1785153444071669000,121932490,121652369,-128.121,0.000,0.000,1.000,3.000,0.000,0.000,21.000,0,0,0
B3_zmq_pushpull,zmq_tcp,none,none,,1,7612,512,584,1785153444072514000,1785153444072515000,1785153444072515000,1785153444072516000,1785153444072653000,1785153444072655000,1785153444072655000,1785153444072655000,121932490,121652369,-143.121,1.000,0.000,1.000,2.000,0.000,0.000,15.000,0,0,0
B3_zmq_pushpull,zmq_tcp,none,none,,1,7613,512,584,1785153444073514000,1785153444073514000,1785153444073514000,1785153444073515000,1785153444073647000,1785153444073650000,1785153444073650000,1785153444073650000,121932490,121652369,-148.121,0.000,0.000,1.000,3.000,0.000,0.000,5.000,0,0,0
B3_zmq_pushpull,zmq_tcp,none,none,,1,7614,512,584,1785153444074515000,1785153444074515000,1785153444074515000,1785153444074516000,1785153444074632000,1785153444074635000,1785153444074635000,1785153444074635000,121932490,121652369,-164.121,0.000,0.000,1.000,3.000,0.000,0.000,16.000,0,0,0
B3_zmq_pushpull,zmq_tcp,none,none,,1,7615,512,584,1785153444075512000,1785153444075512000,1785153444075512000,1785153444075513000,1785153444075638000,1785153444075641000,1785153444075641000,1785153444075641000,121932490,121652369,-155.121,0.000,0.000,1.000,3.000,0.000,0.000,9.000,0,0,0
B3_zmq_pushpull,zmq_tcp,none,none,,1,7616,512,584,1785153444076518000,1785153444076519000,1785153444076519000,1785153444076520000,1785153444076635000,1785153444076638000,1785153444076638000,1785153444076638000,121932490,121652369,-165.121,1.000,0.000,1.000,3.000,0.000,0.000,10.000,0,0,0
B3_zmq_pushpull,zmq_tcp,none,none,,1,7617,512,584,1785153444077513000,1785153444077514000,1785153444077514000,1785153444077515000,1785153444077642000,1785153444077645000,1785153444077645000,1785153444077645000,121932490,121652369,-153.121,1.000,0.000,1.000,3.000,0.000,0.000,12.000,0,0,0
B3_zmq_pushpull,zmq_tcp,none,none,,1,7618,512,584,1785153444078519000,1785153444078519000,1785153444078519000,1785153444078520000,1785153444078657000,1785153444078659000,1785153444078659000,1785153444078659000,121932490,121652369,-143.121,0.000,0.000,1.000,2.000,0.000,0.000,10.000,0,0,0
B3_zmq_pushpull,zmq_tcp,none,none,,1,7619,512,584,1785153444079508000,1785153444079508000,1785153444079508000,1785153444079509000,1785153444079650000,1785153444079653000,1785153444079653000,1785153444079653000,121932490,121652369,-139.121,0.000,0.000,1.000,3.000,0.000,0.000,4.000,0,0,0
B3_zmq_pushpull,zmq_tcp,none,none,,1,7620,512,584,1785153444080516000,1785153444080516000,1785153444080516000,1785153444080517000,1785153444080645000,1785153444080647000,1785153444080647000,1785153444080647000,121932490,121652369,-152.121,0.000,0.000,1.000,2.000,0.000,0.000,13.000,0,0,0
B3_zmq_pushpull,zmq_tcp,none,none,,1,7621,512,584,1785153444081514000,1785153444081514000,1785153444081514000,1785153444081515000,1785153444081640000,1785153444081642000,1785153444081642000,1785153444081642000,121932490,121652369,-155.121,0.000,0.000,1.000,2.000,0.000,0.000,3.000,0,0,0
B3_zmq_pushpull,zmq_tcp,none,none,,1,7622,512,584,1785153444082514000,1785153444082514000,1785153444082514000,1785153444082515000,1785153444082635000,1785153444082638000,1785153444082638000,1785153444082638000,121932490,121652369,-160.121,0.000,0.000,1.000,3.000,0.000,0.000,5.000,0,0,0
B3_zmq_pushpull,zmq_tcp,none,none,,1,7623,512,584,1785153444083514000,1785153444083514000,1785153444083515000,1785153444083515000,1785153444083627000,1785153444083630000,1785153444083630000,1785153444083630000,121932490,121652369,-168.121,0.000,1.000,0.000,3.000,0.000,0.000,8.000,0,0,0
B3_zmq_pushpull,zmq_tcp,none,none,,1,7624,512,584,1785153444084514000,1785153444084514000,1785153444084514000,1785153444084515000,1785153444084627000,1785153444084630000,1785153444084630000,1785153444084630000,121932490,121652369,-168.121,0.000,0.000,1.000,3.000,0.000,0.000,0.000,0,0,0
B3_zmq_pushpull,zmq_tcp,none,none,,1,7625,512,584,1785153444085515000,1785153444085515000,1785153444085515000,1785153444085516000,1785153444085631000,1785153444085633000,1785153444085633000,1785153444085633000,121932490,121652369,-165.121,0.000,0.000,1.000,2.000,0.000,0.000,3.000,0,0,0
B3_zmq_pushpull,zmq_tcp,none,none,,1,7626,512,584,1785153444086513000,1785153444086513000,1785153444086513000,1785153444086514000,1785153444086617000,1785153444086619000,1785153444086619000,1785153444086619000,121932490,121652369,-177.121,0.000,0.000,1.000,2.000,0.000,0.000,12.000,0,0,0
B3_zmq_pushpull,zmq_tcp,none,none,,1,7627,512,584,1785153444087515000,1785153444087515000,1785153444087515000,1785153444087516000,1785153444087613000,1785153444087616000,1785153444087616000,1785153444087616000,121932490,121652369,-183.121,0.000,0.000,1.000,3.000,0.000,0.000,6.000,0,0,0
B3_zmq_pushpull,zmq_tcp,none,none,,1,7628,512,584,1785153444088515000,1785153444088515000,1785153444088515000,1785153444088516000,1785153444088621000,1785153444088624000,1785153444088624000,1785153444088624000,121932490,121652369,-175.121,0.000,0.000,1.000,3.000,0.000,0.000,8.000,0,0,0
B3_zmq_pushpull,zmq_tcp,none,none,,1,7629,512,584,1785153444089491000,1785153444089491000,1785153444089491000,1785153444089492000,1785153444089633000,1785153444089635000,1785153444089636000,1785153444089636000,121932490,121652369,-139.121,0.000,0.000,1.000,2.000,1.000,0.000,36.000,0,0,0
B3_zmq_pushpull,zmq_tcp,none,none,,1,7630,512,584,1785153444090517000,1785153444090517000,1785153444090517000,1785153444090518000,1785153444090647000,1785153444090650000,1785153444090650000,1785153444090650000,121932490,121652369,-151.121,0.000,0.000,1.000,3.000,0.000,0.000,12.000,0,0,0
B3_zmq_pushpull,zmq_tcp,none,none,,1,7631,512,584,1785153444091517000,1785153444091517000,1785153444091518000,1785153444091518000,1785153444091631000,1785153444091634000,1785153444091634000,1785153444091634000,121932490,121652369,-167.121,0.000,1.000,0.000,3.000,0.000,0.000,16.000,0,0,0
B3_zmq_pushpull,zmq_tcp,none,none,,1,7632,512,584,1785153444092515000,1785153444092515000,1785153444092515000,1785153444092516000,1785153444092606000,1785153444092609000,1785153444092609000,1785153444092609000,121932490,121652369,-190.121,0.000,0.000,1.000,3.000,0.000,0.000,23.000,0,0,0
B3_zmq_pushpull,zmq_tcp,none,none,,1,7633,512,584,1785153444093513000,1785153444093513000,1785153444093513000,1785153444093514000,1785153444093585000,1785153444093587000,1785153444093587000,1785153444093587000,121932490,121652369,-209.121,0.000,0.000,1.000,2.000,0.000,0.000,19.000,0,0,0
B3_zmq_pushpull,zmq_tcp,none,none,,1,7634,512,584,1785153444094516000,1785153444094516000,1785153444094516000,1785153444094517000,1785153444094579000,1785153444094582000,1785153444094582000,1785153444094582000,121932490,121652369,-218.121,0.000,0.000,1.000,3.000,0.000,0.000,9.000,0,0,0
B3_zmq_pushpull,zmq_tcp,none,none,,1,7635,512,584,1785153444095515000,1785153444095515000,1785153444095515000,1785153444095516000,1785153444095583000,1785153444095586000,1785153444095586000,1785153444095586000,121932490,121652369,-213.121,0.000,0.000,1.000,3.000,0.000,0.000,5.000,0,0,0
B3_zmq_pushpull,zmq_tcp,none,none,,1,7636,512,584,1785153444096515000,1785153444096515000,1785153444096515000,1785153444096516000,1785153444096589000,1785153444096592000,1785153444096592000,1785153444096592000,121932490,121652369,-207.121,0.000,0.000,1.000,3.000,0.000,0.000,6.000,0,0,0
B3_zmq_pushpull,zmq_tcp,none,none,,1,7637,512,584,1785153444097512000,1785153444097512000,1785153444097512000,1785153444097513000,1785153444097589000,1785153444097591000,1785153444097591000,1785153444097591000,121932490,121652369,-204.121,0.000,0.000,1.000,2.000,0.000,0.000,3.000,0,0,0
B3_zmq_pushpull,zmq_tcp,none,none,,1,7638,512,584,1785153444098516000,1785153444098516000,1785153444098516000,1785153444098518000,1785153444098582000,1785153444098585000,1785153444098585000,1785153444098585000,121932490,121652369,-216.121,0.000,0.000,2.000,3.000,0.000,0.000,12.000,0,0,0
B3_zmq_pushpull,zmq_tcp,none,none,,1,7639,512,584,1785153444099515000,1785153444099515000,1785153444099515000,1785153444099516000,1785153444099578000,1785153444099581000,1785153444099581000,1785153444099581000,121932490,121652369,-218.121,0.000,0.000,1.000,3.000,0.000,0.000,2.000,0,0,0
B3_zmq_pushpull,zmq_tcp,none,none,,1,7640,512,584,1785153444100515000,1785153444100515000,1785153444100515000,1785153444100516000,1785153444100574000,1785153444100577000,1785153444100577000,1785153444100577000,121932490,121652369,-222.121,0.000,0.000,1.000,3.000,0.000,0.000,4.000,0,0,0
B3_zmq_pushpull,zmq_tcp,none,none,,1,7641,512,584,1785153444101418000,1785153444101418000,1785153444101418000,1785153444101419000,1785153444101571000,1785153444101574000,1785153444101574000,1785153444101574000,121932490,121652369,-128.121,0.000,0.000,1.000,3.000,0.000,0.000,94.000,0,0,0
B3_zmq_pushpull,zmq_tcp,none,none,,1,7642,512,584,1785153444102422000,1785153444102422000,1785153444102422000,1785153444102423000,1785153444102578000,1785153444102581000,1785153444102581000,1785153444102581000,121932490,121652369,-125.121,0.000,0.000,1.000,3.000,0.000,0.000,3.000,0,0,0
B3_zmq_pushpull,zmq_tcp,none,none,,1,7643,512,584,1785153444103538000,1785153444103539000,1785153444103539000,1785153444103540000,1785153444103724000,1785153444103727000,1785153444103727000,1785153444103727000,121932490,121652369,-96.121,1.000,0.000,1.000,3.000,0.000,0.000,29.000,0,0,0
B3_zmq_pushpull,zmq_tcp,none,none,,1,7644,512,584,1785153444104509000,1785153444104509000,1785153444104509000,1785153444104510000,1785153444104571000,1785153444104574000,1785153444104574000,1785153444104574000,121932490,121652369,-219.121,0.000,0.000,1.000,3.000,0.000,0.000,123.000,0,0,0
B3_zmq_pushpull,zmq_tcp,none,none,,1,7645,512,584,1785153444105409000,1785153444105409000,1785153444105409000,1785153444105410000,1785153444105559000,1785153444105562000,1785153444105562000,1785153444105562000,121932490,121652369,-131.121,0.000,0.000,1.000,3.000,0.000,0.000,88.000,0,0,0
B3_zmq_pushpull,zmq_tcp,none,none,,1,7646,512,584,1785153444106540000,1785153444106540000,1785153444106540000,1785153444106541000,1785153444106680000,1785153444106682000,1785153444106682000,1785153444106682000,121932490,121652369,-141.121,0.000,0.000,1.000,2.000,0.000,0.000,10.000,0,0,0
B3_zmq_pushpull,zmq_tcp,none,none,,1,7647,512,584,1785153444107507000,1785153444107507000,1785153444107507000,1785153444107508000,1785153444107664000,1785153444107667000,1785153444107667000,1785153444107667000,121932490,121652369,-124.121,0.000,0.000,1.000,3.000,0.000,0.000,17.000,0,0,0
B3_zmq_pushpull,zmq_tcp,none,none,,1,7648,512,584,1785153444108516000,1785153444108516000,1785153444108516000,1785153444108517000,1785153444108640000,1785153444108642000,1785153444108643000,1785153444108643000,121932490,121652369,-157.121,0.000,0.000,1.000,2.000,1.000,0.000,33.000,0,0,0
B3_zmq_pushpull,zmq_tcp,none,none,,1,7649,512,584,1785153444109514000,1785153444109514000,1785153444109514000,1785153444109515000,1785153444109619000,1785153444109621000,1785153444109621000,1785153444109621000,121932490,121652369,-176.121,0.000,0.000,1.000,2.000,0.000,0.000,19.000,0,0,0
B3_zmq_pushpull,zmq_tcp,none,none,,1,7650,512,584,1785153444110514000,1785153444110514000,1785153444110514000,1785153444110515000,1785153444110609000,1785153444110612000,1785153444110612000,1785153444110612000,121932490,121652369,-186.121,0.000,0.000,1.000,3.000,0.000,0.000,10.000,0,0,0
B3_zmq_pushpull,zmq_tcp,none,none,,1,7651,512,584,1785153444111432000,1785153444111432000,1785153444111432000,1785153444111433000,1785153444111581000,1785153444111584000,1785153444111584000,1785153444111584000,121932490,121652369,-132.121,0.000,0.000,1.000,3.000,0.000,0.000,54.000,0,0,0
B3_zmq_pushpull,zmq_tcp,none,none,,1,7652,512,584,1785153444112536000,1785153444112536000,1785153444112536000,1785153444112537000,1785153444112702000,1785153444112705000,1785153444112705000,1785153444112705000,121932490,121652369,-115.121,0.000,0.000,1.000,3.000,0.000,0.000,17.000,0,0,0
B3_zmq_pushpull,zmq_tcp,none,none,,1,7653,512,584,1785153444113510000,1785153444113510000,1785153444113511000,1785153444113511000,1785153444113692000,1785153444113695000,1785153444113695000,1785153444113695000,121932490,121652369,-99.121,0.000,1.000,0.000,3.000,0.000,0.000,16.000,0,0,0
B3_zmq_pushpull,zmq_tcp,none,none,,1,7654,512,584,1785153444114515000,1785153444114515000,1785153444114515000,1785153444114516000,1785153444114684000,1785153444114688000,1785153444114688000,1785153444114688000,121932490,121652369,-112.121,0.000,0.000,1.000,4.000,0.000,0.000,13.000,0,0,0
B3_zmq_pushpull,zmq_tcp,none,none,,1,7655,512,584,1785153444115510000,1785153444115510000,1785153444115510000,1785153444115511000,1785153444115671000,1785153444115674000,1785153444115674000,1785153444115674000,121932490,121652369,-120.121,0.000,0.000,1.000,3.000,0.000,0.000,8.000,0,0,0
B3_zmq_pushpull,zmq_tcp,none,none,,1,7656,512,584,1785153444116353000,1785153444116353000,1785153444116353000,1785153444116354000,1785153444116505000,1785153444116508000,1785153444116508000,1785153444116508000,121932490,121652369,-129.121,0.000,0.000,1.000,3.000,0.000,0.000,9.000,0,0,0
B3_zmq_pushpull,zmq_tcp,none,none,,1,7657,512,584,1785153444117554000,1785153444117554000,1785153444117554000,1785153444117555000,1785153444117641000,1785153444117644000,1785153444117644000,1785153444117644000,121932490,121652369,-194.121,0.000,0.000,1.000,3.000,0.000,0.000,65.000,0,0,0
B3_zmq_pushpull,zmq_tcp,none,none,,1,7658,512,584,1785153444118503000,1785153444118503000,1785153444118503000,1785153444118504000,1785153444118641000,1785153444118644000,1785153444118644000,1785153444118644000,121932490,121652369,-143.121,0.000,0.000,1.000,3.000,0.000,0.000,51.000,0,0,0
B3_zmq_pushpull,zmq_tcp,none,none,,1,7659,512,584,1785153444119516000,1785153444119516000,1785153444119516000,1785153444119517000,1785153444119645000,1785153444119648000,1785153444119648000,1785153444119648000,121932490,121652369,-152.121,0.000,0.000,1.000,3.000,0.000,0.000,9.000,0,0,0
B3_zmq_pushpull,zmq_tcp,none,none,,1,7660,512,584,1785153444120514000,1785153444120514000,1785153444120514000,1785153444120515000,1785153444120622000,1785153444120624000,1785153444120625000,1785153444120625000,121932490,121652369,-173.121,0.000,0.000,1.000,2.000,1.000,0.000,21.000,0,0,0
B3_zmq_pushpull,zmq_tcp,none,none,,1,7661,512,584,1785153444121514000,1785153444121514000,1785153444121514000,1785153444121515000,1785153444121609000,1785153444121612000,1785153444121612000,1785153444121612000,121932490,121652369,-186.121,0.000,0.000,1.000,3.000,0.000,0.000,13.000,0,0,0
B3_zmq_pushpull,zmq_tcp,none,none,,1,7662,512,584,1785153444122514000,1785153444122514000,1785153444122514000,1785153444122515000,1785153444122584000,1785153444122587000,1785153444122587000,1785153444122587000,121932490,121652369,-211.121,0.000,0.000,1.000,3.000,0.000,0.000,25.000,0,0,0
B3_zmq_pushpull,zmq_tcp,none,none,,1,7663,512,584,1785153444123514000,1785153444123514000,1785153444123514000,1785153444123515000,1785153444123581000,1785153444123585000,1785153444123585000,1785153444123585000,121932490,121652369,-214.121,0.000,0.000,1.000,4.000,0.000,0.000,3.000,0,0,0
B3_zmq_pushpull,zmq_tcp,none,none,,1,7664,512,584,1785153444124515000,1785153444124516000,1785153444124516000,1785153444124517000,1785153444124581000,1785153444124584000,1785153444124584000,1785153444124584000,121932490,121652369,-216.121,1.000,0.000,1.000,3.000,0.000,0.000,2.000,0,0,0
B3_zmq_pushpull,zmq_tcp,none,none,,1,7665,512,584,1785153444125515000,1785153444125515000,1785153444125515000,1785153444125516000,1785153444125579000,1785153444125582000,1785153444125582000,1785153444125582000,121932490,121652369,-217.121,0.000,0.000,1.000,3.000,0.000,0.000,1.000,0,0,0
B3_zmq_pushpull,zmq_tcp,none,none,,1,7666,512,584,1785153444126514000,1785153444126514000,1785153444126514000,1785153444126515000,1785153444126583000,1785153444126585000,1785153444126585000,1785153444126585000,121932490,121652369,-212.121,0.000,0.000,1.000,2.000,0.000,0.000,5.000,0,0,0
B3_zmq_pushpull,zmq_tcp,none,none,,1,7667,512,584,1785153444127520000,1785153444127520000,1785153444127520000,1785153444127521000,1785153444127733000,1785153444127737000,1785153444127737000,1785153444127737000,121932490,121652369,-68.121,0.000,0.000,1.000,4.000,0.000,0.000,144.000,0,0,0
B3_zmq_pushpull,zmq_tcp,none,none,,1,7668,512,584,1785153444128512000,1785153444128512000,1785153444128512000,1785153444128513000,1785153444128707000,1785153444128710000,1785153444128710000,1785153444128710000,121932490,121652369,-86.121,0.000,0.000,1.000,3.000,0.000,0.000,18.000,0,0,0
B3_zmq_pushpull,zmq_tcp,none,none,,1,7669,512,584,1785153444129432000,1785153444129433000,1785153444129433000,1785153444129434000,1785153444129584000,1785153444129586000,1785153444129586000,1785153444129586000,121932490,121652369,-130.121,1.000,0.000,1.000,2.000,0.000,0.000,44.000,0,0,0
B3_zmq_pushpull,zmq_tcp,none,none,,1,7670,512,584,1785153444130536000,1785153444130537000,1785153444130537000,1785153444130537000,1785153444130597000,1785153444130601000,1785153444130601000,1785153444130601000,121932490,121652369,-220.121,1.000,0.000,0.000,4.000,0.000,0.000,90.000,0,0,0
B3_zmq_pushpull,zmq_tcp,none,none,,1,7671,512,584,1785153444131513000,1785153444131513000,1785153444131514000,1785153444131514000,1785153444131612000,1785153444131614000,1785153444131615000,1785153444131615000,121932490,121652369,-182.121,0.000,1.000,0.000,2.000,1.000,0.000,38.000,0,0,0
B3_zmq_pushpull,zmq_tcp,none,none,,1,7672,512,584,1785153444132515000,1785153444132515000,1785153444132515000,1785153444132516000,1785153444132625000,1785153444132628000,1785153444132628000,1785153444132628000,121932490,121652369,-171.121,0.000,0.000,1.000,3.000,0.000,0.000,11.000,0,0,0
B3_zmq_pushpull,zmq_tcp,none,none,,1,7673,512,584,1785153444133517000,1785153444133518000,1785153444133518000,1785153444133519000,1785153444133634000,1785153444133637000,1785153444133637000,1785153444133637000,121932490,121652369,-165.121,1.000,0.000,1.000,3.000,0.000,0.000,6.000,0,0,0
B3_zmq_pushpull,zmq_tcp,none,none,,1,7674,512,584,1785153444134519000,1785153444134519000,1785153444134520000,1785153444134520000,1785153444134645000,1785153444134648000,1785153444134648000,1785153444134648000,121932490,121652369,-155.121,0.000,1.000,0.000,3.000,0.000,0.000,10.000,0,0,0
B3_zmq_pushpull,zmq_tcp,none,none,,1,7675,512,584,1785153444135512000,1785153444135512000,1785153444135512000,1785153444135513000,1785153444135644000,1785153444135647000,1785153444135647000,1785153444135647000,121932490,121652369,-149.121,0.000,0.000,1.000,3.000,0.000,0.000,6.000,0,0,0
B3_zmq_pushpull,zmq_tcp,none,none,,1,7676,512,584,1785153444136516000,1785153444136516000,1785153444136516000,1785153444136517000,1785153444136649000,1785153444136652000,1785153444136652000,1785153444136652000,121932490,121652369,-148.121,0.000,0.000,1.000,3.000,0.000,0.000,1.000,0,0,0
B3_zmq_pushpull,zmq_tcp,none,none,,1,7677,512,584,1785153444137515000,1785153444137515000,1785153444137515000,1785153444137516000,1785153444137643000,1785153444137646000,1785153444137646000,1785153444137646000,121932490,121652369,-153.121,0.000,0.000,1.000,3.000,0.000,0.000,5.000,0,0,0
B3_zmq_pushpull,zmq_tcp,none,none,,1,7678,512,584,1785153444138514000,1785153444138514000,1785153444138514000,1785153444138515000,1785153444138647000,1785153444138649000,1785153444138649000,1785153444138649000,121932490,121652369,-148.121,0.000,0.000,1.000,2.000,0.000,0.000,5.000,0,0,0
B3_zmq_pushpull,zmq_tcp,none,none,,1,7679,512,584,1785153444139514000,1785153444139514000,1785153444139514000,1785153444139515000,1785153444139657000,1785153444139660000,1785153444139660000,1785153444139660000,121932490,121652369,-138.121,0.000,0.000,1.000,3.000,0.000,0.000,10.000,0,0,0
B3_zmq_pushpull,zmq_tcp,none,none,,1,7680,512,584,1785153444140514000,1785153444140514000,1785153444140514000,1785153444140515000,1785153444140677000,1785153444140680000,1785153444140680000,1785153444140680000,121932490,121652369,-118.121,0.000,0.000,1.000,3.000,0.000,0.000,20.000,0,0,0
B3_zmq_pushpull,zmq_tcp,none,none,,1,7681,512,584,1785153444141392000,1785153444141392000,1785153444141392000,1785153444141393000,1785153444141553000,1785153444141556000,1785153444141556000,1785153444141556000,121932490,121652369,-120.121,0.000,0.000,1.000,3.000,0.000,0.000,2.000,0,0,0
B3_zmq_pushpull,zmq_tcp,none,none,,1,7682,512,584,1785153444142548000,1785153444142548000,1785153444142548000,1785153444142550000,1785153444142683000,1785153444142685000,1785153444142685000,1785153444142685000,121932490,121652369,-147.121,0.000,0.000,2.000,2.000,0.000,0.000,27.000,0,0,0
B3_zmq_pushpull,zmq_tcp,none,none,,1,7683,512,584,1785153444143398000,1785153444143399000,1785153444143399000,1785153444143400000,1785153444143557000,1785153444143560000,1785153444143560000,1785153444143560000,121932490,121652369,-123.121,1.000,0.000,1.000,3.000,0.000,0.000,24.000,0,0,0
B3_zmq_pushpull,zmq_tcp,none,none,,1,7684,512,584,1785153444144545000,1785153444144545000,1785153444144545000,1785153444144546000,1785153444144722000,1785153444144726000,1785153444144726000,1785153444144726000,121932490,121652369,-104.121,0.000,0.000,1.000,4.000,0.000,0.000,19.000,0,0,0
B3_zmq_pushpull,zmq_tcp,none,none,,1,7685,512,584,1785153444145433000,1785153444145433000,1785153444145433000,1785153444145434000,1785153444145583000,1785153444145585000,1785153444145585000,1785153444145585000,121932490,121652369,-131.121,0.000,0.000,1.000,2.000,0.000,0.000,27.000,0,0,0
B3_zmq_pushpull,zmq_tcp,none,none,,1,7686,512,584,1785153444146540000,1785153444146540000,1785153444146540000,1785153444146541000,1785153444146731000,1785153444146734000,1785153444146734000,1785153444146734000,121932490,121652369,-90.121,0.000,0.000,1.000,3.000,0.000,0.000,41.000,0,0,0
B3_zmq_pushpull,zmq_tcp,none,none,,1,7687,512,584,1785153444147508000,1785153444147508000,1785153444147508000,1785153444147509000,1785153444147592000,1785153444147595000,1785153444147595000,1785153444147595000,121932490,121652369,-197.121,0.000,0.000,1.000,3.000,0.000,0.000,107.000,0,0,0
B3_zmq_pushpull,zmq_tcp,none,none,,1,7688,512,584,1785153444148518000,1785153444148518000,1785153444148518000,1785153444148519000,1785153444148597000,1785153444148600000,1785153444148600000,1785153444148600000,121932490,121652369,-202.121,0.000,0.000,1.000,3.000,0.000,0.000,5.000,0,0,0
B3_zmq_pushpull,zmq_tcp,none,none,,1,7689,512,584,1785153444149515000,1785153444149515000,1785153444149515000,1785153444149516000,1785153444149605000,1785153444149608000,1785153444149608000,1785153444149608000,121932490,121652369,-191.121,0.000,0.000,1.000,3.000,0.000,0.000,11.000,0,0,0
B3_zmq_pushpull,zmq_tcp,none,none,,1,7690,512,584,1785153444150514000,1785153444150514000,1785153444150514000,1785153444150516000,1785153444150587000,1785153444150590000,1785153444150590000,1785153444150590000,121932490,121652369,-209.121,0.000,0.000,2.000,3.000,0.000,0.000,18.000,0,0,0
B3_zmq_pushpull,zmq_tcp,none,none,,1,7691,512,584,1785153444151320000,1785153444151321000,1785153444151321000,1785153444151322000,1785153444151467000,1785153444151470000,1785153444151470000,1785153444151470000,121932490,121652369,-135.121,1.000,0.000,1.000,3.000,0.000,0.000,74.000,0,0,0
B3_zmq_pushpull,zmq_tcp,none,none,,1,7692,512,584,1785153444152319000,1785153444152320000,1785153444152320000,1785153444152321000,1785153444152479000,1785153444152482000,1785153444152482000,1785153444152482000,121932490,121652369,-122.121,1.000,0.000,1.000,3.000,0.000,0.000,13.000,0,0,0
B3_zmq_pushpull,zmq_tcp,none,none,,1,7693,512,584,1785153444153329000,1785153444153329000,1785153444153329000,1785153444153330000,1785153444153489000,1785153444153492000,1785153444153492000,1785153444153492000,121932490,121652369,-121.121,0.000,0.000,1.000,3.000,0.000,0.000,1.000,0,0,0
B3_zmq_pushpull,zmq_tcp,none,none,,1,7694,512,584,1785153444154562000,1785153444154562000,1785153444154562000,1785153444154563000,1785153444154771000,1785153444154773000,1785153444154773000,1785153444154773000,121932490,121652369,-72.121,0.000,0.000,1.000,2.000,0.000,0.000,49.000,0,0,0
B3_zmq_pushpull,zmq_tcp,none,none,,1,7695,512,584,1785153444155330000,1785153444155330000,1785153444155331000,1785153444155331000,1785153444155491000,1785153444155493000,1785153444155493000,1785153444155493000,121932490,121652369,-120.121,0.000,1.000,0.000,2.000,0.000,0.000,48.000,0,0,0
B3_zmq_pushpull,zmq_tcp,none,none,,1,7696,512,584,1785153444156562000,1785153444156562000,1785153444156562000,1785153444156563000,1785153444156640000,1785153444156643000,1785153444156643000,1785153444156643000,121932490,121652369,-203.121,0.000,0.000,1.000,3.000,0.000,0.000,83.000,0,0,0
B3_zmq_pushpull,zmq_tcp,none,none,,1,7697,512,584,1785153444157334000,1785153444157334000,1785153444157334000,1785153444157335000,1785153444157489000,1785153444157492000,1785153444157492000,1785153444157492000,121932490,121652369,-126.121,0.000,0.000,1.000,3.000,0.000,0.000,77.000,0,0,0
B3_zmq_pushpull,zmq_tcp,none,none,,1,7698,512,584,1785153444158566000,1785153444158566000,1785153444158566000,1785153444158567000,1785153444158644000,1785153444158647000,1785153444158647000,1785153444158647000,121932490,121652369,-203.121,0.000,0.000,1.000,3.000,0.000,0.000,77.000,0,0,0
B3_zmq_pushpull,zmq_tcp,none,none,,1,7699,512,584,1785153444159499000,1785153444159499000,1785153444159499000,1785153444159500000,1785153444159652000,1785153444159655000,1785153444159655000,1785153444159655000,121932490,121652369,-128.121,0.000,0.000,1.000,3.000,0.000,0.000,75.000,0,0,0
B3_zmq_pushpull,zmq_tcp,none,none,,1,7700,512,584,1785153444160519000,1785153444160519000,1785153444160519000,1785153444160520000,1785153444160657000,1785153444160660000,1785153444160660000,1785153444160660000,121932490,121652369,-143.121,0.000,0.000,1.000,3.000,0.000,0.000,15.000,0,0,0
B3_zmq_pushpull,zmq_tcp,none,none,,1,7701,512,584,1785153444161513000,1785153444161513000,1785153444161513000,1785153444161514000,1785153444161668000,1785153444161671000,1785153444161671000,1785153444161671000,121932490,121652369,-126.121,0.000,0.000,1.000,3.000,0.000,0.000,17.000,0,0,0
B3_zmq_pushpull,zmq_tcp,none,none,,1,7702,512,584,1785153444162516000,1785153444162517000,1785153444162517000,1785153444162518000,1785153444162677000,1785153444162680000,1785153444162680000,1785153444162680000,121932490,121652369,-121.121,1.000,0.000,1.000,3.000,0.000,0.000,5.000,0,0,0
B3_zmq_pushpull,zmq_tcp,none,none,,1,7703,512,584,1785153444163513000,1785153444163513000,1785153444163513000,1785153444163514000,1785153444163685000,1785153444163688000,1785153444163688000,1785153444163688000,121932490,121652369,-109.121,0.000,0.000,1.000,3.000,0.000,0.000,12.000,0,0,0
B3_zmq_pushpull,zmq_tcp,none,none,,1,7704,512,584,1785153444164517000,1785153444164517000,1785153444164517000,1785153444164518000,1785153444164681000,1785153444164684000,1785153444164684000,1785153444164684000,121932490,121652369,-117.121,0.000,0.000,1.000,3.000,0.000,0.000,8.000,0,0,0
B3_zmq_pushpull,zmq_tcp,none,none,,1,7705,512,584,1785153444165518000,1785153444165518000,1785153444165518000,1785153444165519000,1785153444165700000,1785153444165703000,1785153444165703000,1785153444165703000,121932490,121652369,-99.121,0.000,0.000,1.000,3.000,0.000,0.000,18.000,0,0,0
B3_zmq_pushpull,zmq_tcp,none,none,,1,7706,512,584,1785153444166515000,1785153444166515000,1785153444166515000,1785153444166516000,1785153444166703000,1785153444166705000,1785153444166705000,1785153444166705000,121932490,121652369,-93.121,0.000,0.000,1.000,2.000,0.000,0.000,6.000,0,0,0
B3_zmq_pushpull,zmq_tcp,none,none,,1,7707,512,584,1785153444167515000,1785153444167515000,1785153444167515000,1785153444167516000,1785153444167715000,1785153444167717000,1785153444167717000,1785153444167717000,121932490,121652369,-81.121,0.000,0.000,1.000,2.000,0.000,0.000,12.000,0,0,0
B3_zmq_pushpull,zmq_tcp,none,none,,1,7708,512,584,1785153444168516000,1785153444168516000,1785153444168516000,1785153444168517000,1785153444168571000,1785153444168576000,1785153444168576000,1785153444168576000,121932490,121652369,-226.121,0.000,0.000,1.000,5.000,0.000,0.000,145.000,0,0,0
B3_zmq_pushpull,zmq_tcp,none,none,,1,7709,512,584,1785153444169517000,1785153444169517000,1785153444169517000,1785153444169519000,1785153444169703000,1785153444169706000,1785153444169706000,1785153444169706000,121932490,121652369,-96.121,0.000,0.000,2.000,3.000,0.000,0.000,130.000,0,0,0
B3_zmq_pushpull,zmq_tcp,none,none,,1,7710,512,584,1785153444170514000,1785153444170514000,1785153444170514000,1785153444170515000,1785153444170691000,1785153444170693000,1785153444170693000,1785153444170693000,121932490,121652369,-104.121,0.000,0.000,1.000,2.000,0.000,0.000,8.000,0,0,0
B3_zmq_pushpull,zmq_tcp,none,none,,1,7711,512,584,1785153444171398000,1785153444171398000,1785153444171398000,1785153444171399000,1785153444171557000,1785153444171561000,1785153444171561000,1785153444171561000,121932490,121652369,-122.121,0.000,0.000,1.000,4.000,0.000,0.000,18.000,0,0,0
B3_zmq_pushpull,zmq_tcp,none,none,,1,7712,512,584,1785153444172547000,1785153444172548000,1785153444172548000,1785153444172549000,1785153444172704000,1785153444172707000,1785153444172707000,1785153444172707000,121932490,121652369,-125.121,1.000,0.000,1.000,3.000,0.000,0.000,3.000,0,0,0
B3_zmq_pushpull,zmq_tcp,none,none,,1,7713,512,584,1785153444173506000,1785153444173506000,1785153444173506000,1785153444173507000,1785153444173701000,1785153444173704000,1785153444173704000,1785153444173704000,121932490,121652369,-86.121,0.000,0.000,1.000,3.000,0.000,0.000,39.000,0,0,0
B3_zmq_pushpull,zmq_tcp,none,none,,1,7714,512,584,1785153444174407000,1785153444174408000,1785153444174408000,1785153444174409000,1785153444174569000,1785153444174572000,1785153444174572000,1785153444174572000,121932490,121652369,-120.121,1.000,0.000,1.000,3.000,0.000,0.000,34.000,0,0,0
B3_zmq_pushpull,zmq_tcp,none,none,,1,7715,512,584,1785153444175548000,1785153444175548000,1785153444175548000,1785153444175549000,1785153444175723000,1785153444175725000,1785153444175725000,1785153444175725000,121932490,121652369,-106.121,0.000,0.000,1.000,2.000,0.000,0.000,14.000,0,0,0
B3_zmq_pushpull,zmq_tcp,none,none,,1,7716,512,584,1785153444176426000,1785153444176426000,1785153444176426000,1785153444176427000,1785153444176589000,1785153444176592000,1785153444176592000,1785153444176592000,121932490,121652369,-118.121,0.000,0.000,1.000,3.000,0.000,0.000,12.000,0,0,0
B3_zmq_pushpull,zmq_tcp,none,none,,1,7717,512,584,1785153444177537000,1785153444177537000,1785153444177537000,1785153444177538000,1785153444177596000,1785153444177599000,1785153444177599000,1785153444177599000,121932490,121652369,-222.121,0.000,0.000,1.000,3.000,0.000,0.000,104.000,0,0,0
B3_zmq_pushpull,zmq_tcp,none,none,,1,7718,512,584,1785153444178512000,1785153444178513000,1785153444178513000,1785153444178514000,1785153444178586000,1785153444178591000,1785153444178591000,1785153444178591000,121932490,121652369,-208.121,1.000,0.000,1.000,5.000,0.000,0.000,14.000,0,0,0
B3_zmq_pushpull,zmq_tcp,none,none,,1,7719,512,584,1785153444181909000,1785153444181911000,1785153444181912000,1785153444181917000,1785153444184924000,1785153444185417000,1785153444185418000,1785153444185418000,121932490,121652369,2726.879,2.000,1.000,5.000,493.000,1.000,0.000,2935.000,0,0,0
B3_zmq_pushpull,zmq_tcp,none,none,,1,7720,512,584,1785153444183435000,1785153444183435000,1785153444183435000,1785153444183437000,1785153444184927000,1785153444185424000,1785153444185424000,1785153444185424000,121932490,121652369,1209.879,0.000,0.000,2.000,497.000,0.000,0.000,1517.000,0,0,0
B3_zmq_pushpull,zmq_tcp,none,none,,1,7721,512,584,1785153444183437000,1785153444183437000,1785153444183437000,1785153444183438000,1785153444184927000,1785153444185427000,1785153444185427000,1785153444185427000,121932490,121652369,1208.879,0.000,0.000,1.000,500.000,0.000,0.000,1.000,0,0,0
B3_zmq_pushpull,zmq_tcp,none,none,,1,7722,512,584,1785153444183439000,1785153444183439000,1785153444183439000,1785153444183440000,1785153444184927000,1785153444185429000,1785153444185429000,1785153444185429000,121932490,121652369,1206.879,0.000,0.000,1.000,502.000,0.000,0.000,2.000,0,0,0
B3_zmq_pushpull,zmq_tcp,none,none,,1,7723,512,584,1785153444183440000,1785153444183440000,1785153444183440000,1785153444183441000,1785153444184928000,1785153444185584000,1785153444185584000,1785153444185584000,121932490,121652369,1206.879,0.000,0.000,1.000,656.000,0.000,0.000,0.000,0,0,0
B3_zmq_pushpull,zmq_tcp,none,none,,1,7724,512,584,1785153444184900000,1785153444184901000,1785153444184902000,1785153444184903000,1785153444186636000,1785153444186686000,1785153444186686000,1785153444186686000,121932490,121652369,1452.879,1.000,1.000,1.000,50.000,0.000,0.000,246.000,0,0,0
B3_zmq_pushpull,zmq_tcp,none,none,,1,7725,512,584,1785153444185606000,1785153444185607000,1785153444185607000,1785153444185608000,1785153444186856000,1785153444186863000,1785153444186863000,1785153444186863000,121932490,121652369,967.879,1.000,0.000,1.000,7.000,0.000,0.000,485.000,0,0,0
B3_zmq_pushpull,zmq_tcp,none,none,,1,7726,512,584,1785153444186553000,1785153444186553000,1785153444186553000,1785153444186556000,1785153444186858000,1785153444186869000,1785153444186869000,1785153444186869000,121932490,121652369,21.879,0.000,0.000,3.000,11.000,0.000,0.000,946.000,0,0,0
B3_zmq_pushpull,zmq_tcp,none,none,,1,7727,512,584,1785153444187543000,1785153444187544000,1785153444187544000,1785153444187546000,1785153444187766000,1785153444187774000,1785153444187774000,1785153444187774000,121932490,121652369,-60.121,1.000,0.000,2.000,8.000,0.000,0.000,82.000,0,0,0
B3_zmq_pushpull,zmq_tcp,none,none,,1,7728,512,584,1785153444188423000,1785153444188424000,1785153444188424000,1785153444188426000,1785153444188587000,1785153444188595000,1785153444188596000,1785153444188596000,121932490,121652369,-119.121,1.000,0.000,2.000,8.000,1.000,0.000,59.000,0,0,0
B3_zmq_pushpull,zmq_tcp,none,none,,1,7729,512,584,1785153444189393000,1785153444189394000,1785153444189394000,1785153444189396000,1785153444189556000,1785153444189564000,1785153444189564000,1785153444189564000,121932490,121652369,-120.121,1.000,0.000,2.000,8.000,0.000,0.000,1.000,0,0,0
B3_zmq_pushpull,zmq_tcp,none,none,,1,7730,512,584,1785153444190611000,1785153444190612000,1785153444190612000,1785153444190614000,1785153444190815000,1785153444190823000,1785153444190823000,1785153444190824000,121932490,121652369,-79.121,1.000,0.000,2.000,8.000,0.000,1.000,41.000,0,0,0
B3_zmq_pushpull,zmq_tcp,none,none,,1,7731,512,584,1785153444191493000,1785153444191494000,1785153444191494000,1785153444191496000,1785153444191567000,1785153444191574000,1785153444191574000,1785153444191574000,121932490,121652369,-209.121,1.000,0.000,2.000,7.000,0.000,0.000,130.000,0,0,0
B3_zmq_pushpull,zmq_tcp,none,none,,1,7732,512,584,1785153444192523000,1785153444192524000,1785153444192524000,1785153444192526000,1785153444192634000,1785153444192641000,1785153444192641000,1785153444192641000,121932490,121652369,-172.121,1.000,0.000,2.000,7.000,0.000,0.000,37.000,0,0,0
B3_zmq_pushpull,zmq_tcp,none,none,,1,7733,512,584,1785153444193456000,1785153444193457000,1785153444193457000,1785153444193458000,1785153444193642000,1785153444193650000,1785153444193651000,1785153444193651000,121932490,121652369,-96.121,1.000,0.000,1.000,8.000,1.000,0.000,76.000,0,0,0
B3_zmq_pushpull,zmq_tcp,none,none,,1,7734,512,584,1785153444194535000,1785153444194536000,1785153444194536000,1785153444194538000,1785153444194616000,1785153444194623000,1785153444194623000,1785153444194623000,121932490,121652369,-202.121,1.000,0.000,2.000,7.000,0.000,0.000,106.000,0,0,0
B3_zmq_pushpull,zmq_tcp,none,none,,1,7735,512,584,1785153444195343000,1785153444195344000,1785153444195344000,1785153444195345000,1785153444195527000,1785153444195535000,1785153444195535000,1785153444195535000,121932490,121652369,-98.121,1.000,0.000,1.000,8.000,0.000,0.000,104.000,0,0,0
B3_zmq_pushpull,zmq_tcp,none,none,,1,7736,512,584,1785153444196560000,1785153444196561000,1785153444196561000,1785153444196563000,1785153444196724000,1785153444196732000,1785153444196733000,1785153444196733000,121932490,121652369,-119.121,1.000,0.000,2.000,8.000,1.000,0.000,21.000,0,0,0
B3_zmq_pushpull,zmq_tcp,none,none,,1,7737,512,584,1785153444197408000,1785153444197409000,1785153444197409000,1785153444197411000,1785153444197656000,1785153444197664000,1785153444197665000,1785153444197665000,121932490,121652369,-35.121,1.000,0.000,2.000,8.000,1.000,0.000,84.000,0,0,0
B3_zmq_pushpull,zmq_tcp,none,none,,1,7738,512,584,1785153444198658000,1785153444198658000,1785153444198659000,1785153444198660000,1785153444198948000,1785153444198957000,1785153444198957000,1785153444198957000,121932490,121652369,7.879,0.000,1.000,1.000,9.000,0.000,0.000,43.000,0,0,0
B3_zmq_pushpull,zmq_tcp,none,none,,1,7739,512,584,1785153444199516000,1785153444199518000,1785153444199518000,1785153444199520000,1785153444199828000,1785153444199838000,1785153444199838000,1785153444199838000,121932490,121652369,27.879,2.000,0.000,2.000,10.000,0.000,0.000,20.000,0,0,0
B3_zmq_pushpull,zmq_tcp,none,none,,1,7740,512,584,1785153444200491000,1785153444200492000,1785153444200492000,1785153444200493000,1785153444200673000,1785153444200683000,1785153444200683000,1785153444200683000,121932490,121652369,-100.121,1.000,0.000,1.000,10.000,0.000,0.000,128.000,0,0,0
B3_zmq_pushpull,zmq_tcp,none,none,,1,7741,512,584,1785153444201644000,1785153444201645000,1785153444201645000,1785153444201646000,1785153444202070000,1785153444202085000,1785153444202086000,1785153444202086000,121932490,121652369,143.879,1.000,0.000,1.000,15.000,1.000,0.000,244.000,0,0,0
B3_zmq_pushpull,zmq_tcp,none,none,,1,7742,512,584,1785153444202535000,1785153444202537000,1785153444202537000,1785153444202539000,1785153444202959000,1785153444202971000,1785153444202971000,1785153444202971000,121932490,121652369,139.879,2.000,0.000,2.000,12.000,0.000,0.000,4.000,0,0,0
B3_zmq_pushpull,zmq_tcp,none,none,,1,7743,512,584,1785153444203555000,1785153444203555000,1785153444203556000,1785153444203558000,1785153444203752000,1785153444203772000,1785153444203772000,1785153444203772000,121932490,121652369,-86.121,0.000,1.000,2.000,20.000,0.000,0.000,226.000,0,0,0
B3_zmq_pushpull,zmq_tcp,none,none,,1,7744,512,584,1785153444204503000,1785153444204504000,1785153444204504000,1785153444204505000,1785153444204666000,1785153444204672000,1785153444204672000,1785153444204672000,121932490,121652369,-119.121,1.000,0.000,1.000,6.000,0.000,0.000,33.000,0,0,0
B3_zmq_pushpull,zmq_tcp,none,none,,1,7745,512,584,1785153444205517000,1785153444205518000,1785153444205518000,1785153444205519000,1785153444205600000,1785153444205606000,1785153444205606000,1785153444205606000,121932490,121652369,-199.121,1.000,0.000,1.000,6.000,0.000,0.000,80.000,0,0,0
B3_zmq_pushpull,zmq_tcp,none,none,,1,7746,512,584,1785153444206516000,1785153444206517000,1785153444206517000,1785153444206518000,1785153444206636000,1785153444206641000,1785153444206641000,1785153444206641000,121932490,121652369,-162.121,1.000,0.000,1.000,5.000,0.000,0.000,37.000,0,0,0
B3_zmq_pushpull,zmq_tcp,none,none,,1,7747,512,584,1785153444207519000,1785153444207519000,1785153444207519000,1785153444207521000,1785153444207616000,1785153444207619000,1785153444207619000,1785153444207619000,121932490,121652369,-185.121,0.000,0.000,2.000,3.000,0.000,0.000,23.000,0,0,0
B3_zmq_pushpull,zmq_tcp,none,none,,1,7748,512,584,1785153444208541000,1785153444208543000,1785153444208543000,1785153444208545000,1785153444208688000,1785153444208699000,1785153444208699000,1785153444208699000,121932490,121652369,-137.121,2.000,0.000,2.000,11.000,0.000,0.000,48.000,0,0,0
B3_zmq_pushpull,zmq_tcp,none,none,,1,7749,512,584,1785153444209507000,1785153444209509000,1785153444209509000,1785153444209511000,1785153444209604000,1785153444209612000,1785153444209612000,1785153444209613000,121932490,121652369,-187.121,2.000,0.000,2.000,8.000,0.000,1.000,50.000,0,0,0
B3_zmq_pushpull,zmq_tcp,none,none,,1,7750,512,584,1785153444210530000,1785153444210531000,1785153444210531000,1785153444210533000,1785153444210673000,1785153444210683000,1785153444210683000,1785153444210683000,121932490,121652369,-140.121,1.000,0.000,2.000,10.000,0.000,0.000,47.000,0,0,0
B3_zmq_pushpull,zmq_tcp,none,none,,1,7751,512,584,1785153444211498000,1785153444211499000,1785153444211499000,1785153444211501000,1785153444211643000,1785153444211651000,1785153444211652000,1785153444211652000,121932490,121652369,-138.121,1.000,0.000,2.000,8.000,1.000,0.000,2.000,0,0,0
B3_zmq_pushpull,zmq_tcp,none,none,,1,7752,512,584,1785153444212521000,1785153444212522000,1785153444212522000,1785153444212524000,1785153444212810000,1785153444212819000,1785153444212819000,1785153444212819000,121932490,121652369,5.879,1.000,0.000,2.000,9.000,0.000,0.000,144.000,0,0,0
B3_zmq_pushpull,zmq_tcp,none,none,,1,7753,512,584,1785153444213516000,1785153444213518000,1785153444213518000,1785153444213520000,1785153444213723000,1785153444213728000,1785153444213728000,1785153444213728000,121932490,121652369,-77.121,2.000,0.000,2.000,5.000,0.000,0.000,83.000,0,0,0
B3_zmq_pushpull,zmq_tcp,none,none,,1,7754,512,584,1785153444214519000,1785153444214520000,1785153444214520000,1785153444214522000,1785153444214583000,1785153444214586000,1785153444214586000,1785153444214586000,121932490,121652369,-219.121,1.000,0.000,2.000,3.000,0.000,0.000,142.000,0,0,0
B3_zmq_pushpull,zmq_tcp,none,none,,1,7755,512,584,1785153444215510000,1785153444215511000,1785153444215511000,1785153444215512000,1785153444215590000,1785153444215593000,1785153444215593000,1785153444215593000,121932490,121652369,-202.121,1.000,0.000,1.000,3.000,0.000,0.000,17.000,0,0,0
B3_zmq_pushpull,zmq_tcp,none,none,,1,7756,512,584,1785153444216518000,1785153444216518000,1785153444216518000,1785153444216519000,1785153444216599000,1785153444216602000,1785153444216602000,1785153444216602000,121932490,121652369,-200.121,0.000,0.000,1.000,3.000,0.000,0.000,2.000,0,0,0
B3_zmq_pushpull,zmq_tcp,none,none,,1,7757,512,584,1785153444217514000,1785153444217515000,1785153444217515000,1785153444217516000,1785153444217601000,1785153444217605000,1785153444217605000,1785153444217605000,121932490,121652369,-195.121,1.000,0.000,1.000,4.000,0.000,0.000,5.000,0,0,0
B3_zmq_pushpull,zmq_tcp,none,none,,1,7758,512,584,1785153444218517000,1785153444218517000,1785153444218517000,1785153444218519000,1785153444218606000,1785153444218609000,1785153444218609000,1785153444218609000,121932490,121652369,-193.121,0.000,0.000,2.000,3.000,0.000,0.000,2.000,0,0,0
B3_zmq_pushpull,zmq_tcp,none,none,,1,7759,512,584,1785153444219511000,1785153444219511000,1785153444219511000,1785153444219512000,1785153444219606000,1785153444219609000,1785153444219610000,1785153444219610000,121932490,121652369,-186.121,0.000,0.000,1.000,3.000,1.000,0.000,7.000,0,0,0
B3_zmq_pushpull,zmq_tcp,none,none,,1,7760,512,584,1785153444220517000,1785153444220517000,1785153444220517000,1785153444220518000,1785153444220623000,1785153444220626000,1785153444220626000,1785153444220626000,121932490,121652369,-175.121,0.000,0.000,1.000,3.000,0.000,0.000,11.000,0,0,0
B3_zmq_pushpull,zmq_tcp,none,none,,1,7761,512,584,1785153444221516000,1785153444221516000,1785153444221516000,1785153444221517000,1785153444221611000,1785153444221614000,1785153444221614000,1785153444221614000,121932490,121652369,-186.121,0.000,0.000,1.000,3.000,0.000,0.000,11.000,0,0,0
B3_zmq_pushpull,zmq_tcp,none,none,,1,7762,512,584,1785153444222515000,1785153444222516000,1785153444222516000,1785153444222517000,1785153444222612000,1785153444222615000,1785153444222615000,1785153444222615000,121932490,121652369,-185.121,1.000,0.000,1.000,3.000,0.000,0.000,1.000,0,0,0
B3_zmq_pushpull,zmq_tcp,none,none,,1,7763,512,584,1785153444223514000,1785153444223514000,1785153444223514000,1785153444223515000,1785153444223620000,1785153444223623000,1785153444223623000,1785153444223623000,121932490,121652369,-175.121,0.000,0.000,1.000,3.000,0.000,0.000,10.000,0,0,0
B3_zmq_pushpull,zmq_tcp,none,none,,1,7764,512,584,1785153444224520000,1785153444224520000,1785153444224520000,1785153444224521000,1785153444224633000,1785153444224637000,1785153444224637000,1785153444224637000,121932490,121652369,-168.121,0.000,0.000,1.000,4.000,0.000,0.000,7.000,0,0,0
B3_zmq_pushpull,zmq_tcp,none,none,,1,7765,512,584,1785153444225341000,1785153444225341000,1785153444225341000,1785153444225342000,1785153444225502000,1785153444225506000,1785153444225506000,1785153444225506000,121932490,121652369,-120.121,0.000,0.000,1.000,4.000,0.000,0.000,48.000,0,0,0
B3_zmq_pushpull,zmq_tcp,none,none,,1,7766,512,584,1785153444226368000,1785153444226369000,1785153444226369000,1785153444226370000,1785153444226525000,1785153444226528000,1785153444226528000,1785153444226528000,121932490,121652369,-125.121,1.000,0.000,1.000,3.000,0.000,0.000,5.000,0,0,0
B3_zmq_pushpull,zmq_tcp,none,none,,1,7767,512,584,1785153444227364000,1785153444227364000,1785153444227364000,1785153444227365000,1785153444227521000,1785153444227524000,1785153444227524000,1785153444227524000,121932490,121652369,-124.121,0.000,0.000,1.000,3.000,0.000,0.000,1.000,0,0,0
B3_zmq_pushpull,zmq_tcp,none,none,,1,7768,512,584,1785153444228554000,1785153444228554000,1785153444228554000,1785153444228555000,1785153444228677000,1785153444228680000,1785153444228680000,1785153444228680000,121932490,121652369,-158.121,0.000,0.000,1.000,3.000,0.000,0.000,34.000,0,0,0
B3_zmq_pushpull,zmq_tcp,none,none,,1,7769,512,584,1785153444229506000,1785153444229506000,1785153444229506000,1785153444229507000,1785153444229661000,1785153444229664000,1785153444229664000,1785153444229664000,121932490,121652369,-126.121,0.000,0.000,1.000,3.000,0.000,0.000,32.000,0,0,0
B3_zmq_pushpull,zmq_tcp,none,none,,1,7770,512,584,1785153444230514000,1785153444230514000,1785153444230514000,1785153444230515000,1785153444230665000,1785153444230668000,1785153444230668000,1785153444230668000,121932490,121652369,-130.121,0.000,0.000,1.000,3.000,0.000,0.000,4.000,0,0,0
B3_zmq_pushpull,zmq_tcp,none,none,,1,7771,512,584,1785153444231517000,1785153444231518000,1785153444231518000,1785153444231519000,1785153444231663000,1785153444231666000,1785153444231666000,1785153444231666000,121932490,121652369,-136.121,1.000,0.000,1.000,3.000,0.000,0.000,6.000,0,0,0
B3_zmq_pushpull,zmq_tcp,none,none,,1,7772,512,584,1785153444232521000,1785153444232521000,1785153444232521000,1785153444232522000,1785153444232649000,1785153444232651000,1785153444232651000,1785153444232651000,121932490,121652369,-153.121,0.000,0.000,1.000,2.000,0.000,0.000,17.000,0,0,0
B3_zmq_pushpull,zmq_tcp,none,none,,1,7773,512,584,1785153444233513000,1785153444233513000,1785153444233513000,1785153444233514000,1785153444233669000,1785153444233672000,1785153444233672000,1785153444233672000,121932490,121652369,-125.121,0.000,0.000,1.000,3.000,0.000,0.000,28.000,0,0,0
B3_zmq_pushpull,zmq_tcp,none,none,,1,7774,512,584,1785153444234393000,1785153444234393000,1785153444234393000,1785153444234394000,1785153444234551000,1785153444234554000,1785153444234554000,1785153444234554000,121932490,121652369,-123.121,0.000,0.000,1.000,3.000,0.000,0.000,2.000,0,0,0
B3_zmq_pushpull,zmq_tcp,none,none,,1,7775,512,584,1785153444235546000,1785153444235546000,1785153444235546000,1785153444235547000,1785153444235691000,1785153444235694000,1785153444235694000,1785153444235694000,121932490,121652369,-136.121,0.000,0.000,1.000,3.000,0.000,0.000,13.000,0,0,0
B3_zmq_pushpull,zmq_tcp,none,none,,1,7776,512,584,1785153444236507000,1785153444236507000,1785153444236507000,1785153444236508000,1785153444236557000,1785153444236561000,1785153444236561000,1785153444236561000,121932490,121652369,-231.121,0.000,0.000,1.000,4.000,0.000,0.000,95.000,0,0,0
B3_zmq_pushpull,zmq_tcp,none,none,,1,7777,512,584,1785153444237521000,1785153444237521000,1785153444237521000,1785153444237522000,1785153444237695000,1785153444237697000,1785153444237697000,1785153444237697000,121932490,121652369,-107.121,0.000,0.000,1.000,2.000,0.000,0.000,124.000,0,0,0
B3_zmq_pushpull,zmq_tcp,none,none,,1,7778,512,584,1785153444238413000,1785153444238413000,1785153444238413000,1785153444238414000,1785153444238558000,1785153444238561000,1785153444238561000,1785153444238561000,121932490,121652369,-136.121,0.000,0.000,1.000,3.000,0.000,0.000,29.000,0,0,0
B3_zmq_pushpull,zmq_tcp,none,none,,1,7779,512,584,1785153444239541000,1785153444239541000,1785153444239541000,1785153444239542000,1785153444239700000,1785153444239704000,1785153444239704000,1785153444239704000,121932490,121652369,-122.121,0.000,0.000,1.000,4.000,0.000,0.000,14.000,0,0,0
B3_zmq_pushpull,zmq_tcp,none,none,,1,7780,512,584,1785153444240419000,1785153444240419000,1785153444240419000,1785153444240420000,1785153444240570000,1785153444240573000,1785153444240573000,1785153444240573000,121932490,121652369,-130.121,0.000,0.000,1.000,3.000,0.000,0.000,8.000,0,0,0
B3_zmq_pushpull,zmq_tcp,none,none,,1,7781,512,584,1785153444241540000,1785153444241540000,1785153444241540000,1785153444241541000,1785153444241727000,1785153444241730000,1785153444241730000,1785153444241730000,121932490,121652369,-94.121,0.000,0.000,1.000,3.000,0.000,0.000,36.000,0,0,0
B3_zmq_pushpull,zmq_tcp,none,none,,1,7782,512,584,1785153444242509000,1785153444242509000,1785153444242509000,1785153444242510000,1785153444242604000,1785153444242613000,1785153444242613000,1785153444242613000,121932490,121652369,-186.121,0.000,0.000,1.000,9.000,0.000,0.000,92.000,0,0,0
B3_zmq_pushpull,zmq_tcp,none,none,,1,7783,512,584,1785153444243518000,1785153444243518000,1785153444243518000,1785153444243519000,1785153444243614000,1785153444243616000,1785153444243616000,1785153444243616000,121932490,121652369,-185.121,0.000,0.000,1.000,2.000,0.000,0.000,1.000,0,0,0
B3_zmq_pushpull,zmq_tcp,none,none,,1,7784,512,584,1785153444244332000,1785153444244332000,1785153444244332000,1785153444244333000,1785153444244478000,1785153444244481000,1785153444244481000,1785153444244481000,121932490,121652369,-135.121,0.000,0.000,1.000,3.000,0.000,0.000,50.000,0,0,0
B3_zmq_pushpull,zmq_tcp,none,none,,1,7785,512,584,1785153444245564000,1785153444245564000,1785153444245564000,1785153444245565000,1785153444245616000,1785153444245619000,1785153444245619000,1785153444245619000,121932490,121652369,-229.121,0.000,0.000,1.000,3.000,0.000,0.000,94.000,0,0,0
B3_zmq_pushpull,zmq_tcp,none,none,,1,7786,512,584,1785153444246504000,1785153444246504000,1785153444246504000,1785153444246505000,1785153444246618000,1785153444246620000,1785153444246621000,1785153444246621000,121932490,121652369,-167.121,0.000,0.000,1.000,2.000,1.000,0.000,62.000,0,0,0
B3_zmq_pushpull,zmq_tcp,none,none,,1,7787,512,584,1785153444247518000,1785153444247518000,1785153444247518000,1785153444247519000,1785153444247623000,1785153444247626000,1785153444247626000,1785153444247626000,121932490,121652369,-176.121,0.000,0.000,1.000,3.000,0.000,0.000,9.000,0,0,0
B3_zmq_pushpull,zmq_tcp,none,none,,1,7788,512,584,1785153444248514000,1785153444248514000,1785153444248514000,1785153444248515000,1785153444248631000,1785153444248634000,1785153444248634000,1785153444248634000,121932490,121652369,-164.121,0.000,0.000,1.000,3.000,0.000,0.000,12.000,0,0,0
B3_zmq_pushpull,zmq_tcp,none,none,,1,7789,512,584,1785153444249515000,1785153444249515000,1785153444249515000,1785153444249516000,1785153444249648000,1785153444249651000,1785153444249651000,1785153444249651000,121932490,121652369,-148.121,0.000,0.000,1.000,3.000,0.000,0.000,16.000,0,0,0
B3_zmq_pushpull,zmq_tcp,none,none,,1,7790,512,584,1785153444250515000,1785153444250515000,1785153444250515000,1785153444250516000,1785153444250656000,1785153444250659000,1785153444250659000,1785153444250659000,121932490,121652369,-140.121,0.000,0.000,1.000,3.000,0.000,0.000,8.000,0,0,0
B3_zmq_pushpull,zmq_tcp,none,none,,1,7791,512,584,1785153444251516000,1785153444251516000,1785153444251516000,1785153444251517000,1785153444251670000,1785153444251672000,1785153444251672000,1785153444251672000,121932490,121652369,-127.121,0.000,0.000,1.000,2.000,0.000,0.000,13.000,0,0,0
B3_zmq_pushpull,zmq_tcp,none,none,,1,7792,512,584,1785153444252513000,1785153444252514000,1785153444252514000,1785153444252515000,1785153444252667000,1785153444252670000,1785153444252670000,1785153444252670000,121932490,121652369,-128.121,1.000,0.000,1.000,3.000,0.000,0.000,1.000,0,0,0
B3_zmq_pushpull,zmq_tcp,none,none,,1,7793,512,584,1785153444253516000,1785153444253516000,1785153444253516000,1785153444253517000,1785153444253664000,1785153444253667000,1785153444253667000,1785153444253667000,121932490,121652369,-133.121,0.000,0.000,1.000,3.000,0.000,0.000,5.000,0,0,0
B3_zmq_pushpull,zmq_tcp,none,none,,1,7794,512,584,1785153444254515000,1785153444254516000,1785153444254516000,1785153444254517000,1785153444254682000,1785153444254689000,1785153444254689000,1785153444254689000,121932490,121652369,-115.121,1.000,0.000,1.000,7.000,0.000,0.000,18.000,0,0,0
B3_zmq_pushpull,zmq_tcp,none,none,,1,7795,512,584,1785153444255518000,1785153444255518000,1785153444255518000,1785153444255519000,1785153444255676000,1785153444255679000,1785153444255679000,1785153444255679000,121932490,121652369,-123.121,0.000,0.000,1.000,3.000,0.000,0.000,8.000,0,0,0
B3_zmq_pushpull,zmq_tcp,none,none,,1,7796,512,584,1785153444256514000,1785153444256514000,1785153444256514000,1785153444256515000,1785153444256678000,1785153444256681000,1785153444256681000,1785153444256681000,121932490,121652369,-117.121,0.000,0.000,1.000,3.000,0.000,0.000,6.000,0,0,0
B3_zmq_pushpull,zmq_tcp,none,none,,1,7797,512,584,1785153444257519000,1785153444257519000,1785153444257519000,1785153444257520000,1785153444257684000,1785153444257688000,1785153444257688000,1785153444257688000,121932490,121652369,-116.121,0.000,0.000,1.000,4.000,0.000,0.000,1.000,0,0,0
B3_zmq_pushpull,zmq_tcp,none,none,,1,7798,512,584,1785153444258384000,1785153444258384000,1785153444258384000,1785153444258385000,1785153444258543000,1785153444258546000,1785153444258546000,1785153444258546000,121932490,121652369,-122.121,0.000,0.000,1.000,3.000,0.000,0.000,6.000,0,0,0
B3_zmq_pushpull,zmq_tcp,none,none,,1,7799,512,584,1785153444259551000,1785153444259551000,1785153444259551000,1785153444259552000,1785153444259663000,1785153444259666000,1785153444259666000,1785153444259666000,121932490,121652369,-169.121,0.000,0.000,1.000,3.000,0.000,0.000,47.000,0,0,0
B3_zmq_pushpull,zmq_tcp,none,none,,1,7800,512,584,1785153444260362000,1785153444260362000,1785153444260362000,1785153444260364000,1785153444260517000,1785153444260520000,1785153444260520000,1785153444260520000,121932490,121652369,-127.121,0.000,0.000,2.000,3.000,0.000,0.000,42.000,0,0,0
B3_zmq_pushpull,zmq_tcp,none,none,,1,7801,512,584,1785153444261369000,1785153444261369000,1785153444261369000,1785153444261370000,1785153444261516000,1785153444261519000,1785153444261519000,1785153444261519000,121932490,121652369,-134.121,0.000,0.000,1.000,3.000,0.000,0.000,7.000,0,0,0
B3_zmq_pushpull,zmq_tcp,none,none,,1,7802,512,584,1785153444262555000,1785153444262555000,1785153444262555000,1785153444262556000,1785153444262642000,1785153444262644000,1785153444262645000,1785153444262645000,121932490,121652369,-194.121,0.000,0.000,1.000,2.000,1.000,0.000,60.000,0,0,0
B3_zmq_pushpull,zmq_tcp,none,none,,1,7803,512,584,1785153444263359000,1785153444263359000,1785153444263360000,1785153444263360000,1785153444263510000,1785153444263513000,1785153444263513000,1785153444263513000,121932490,121652369,-130.121,0.000,1.000,0.000,3.000,0.000,0.000,64.000,0,0,0
B3_zmq_pushpull,zmq_tcp,none,none,,1,7804,512,584,1785153444264557000,1785153444264557000,1785153444264557000,1785153444264558000,1785153444264662000,1785153444264664000,1785153444264664000,1785153444264664000,121932490,121652369,-176.121,0.000,0.000,1.000,2.000,0.000,0.000,46.000,0,0,0
B3_zmq_pushpull,zmq_tcp,none,none,,1,7805,512,584,1785153444265506000,1785153444265506000,1785153444265506000,1785153444265507000,1785153444265675000,1785153444265678000,1785153444265678000,1785153444265678000,121932490,121652369,-112.121,0.000,0.000,1.000,3.000,0.000,0.000,64.000,0,0,0
B3_zmq_pushpull,zmq_tcp,none,none,,1,7806,512,584,1785153444266389000,1785153444266389000,1785153444266389000,1785153444266390000,1785153444266547000,1785153444266551000,1785153444266551000,1785153444266551000,121932490,121652369,-123.121,0.000,0.000,1.000,4.000,0.000,0.000,11.000,0,0,0
B3_zmq_pushpull,zmq_tcp,none,none,,1,7807,512,584,1785153444267399000,1785153444267399000,1785153444267399000,1785153444267400000,1785153444267560000,1785153444267568000,1785153444267568000,1785153444267568000,121932490,121652369,-120.121,0.000,0.000,1.000,8.000,0.000,0.000,3.000,0,0,0
B3_zmq_pushpull,zmq_tcp,none,none,,1,7808,512,584,1785153444268545000,1785153444268545000,1785153444268545000,1785153444268546000,1785153444268730000,1785153444268732000,1785153444268732000,1785153444268732000,121932490,121652369,-96.121,0.000,0.000,1.000,2.000,0.000,0.000,24.000,0,0,0
B3_zmq_pushpull,zmq_tcp,none,none,,1,7809,512,584,1785153444269510000,1785153444269510000,1785153444269510000,1785153444269511000,1785153444269594000,1785153444269596000,1785153444269596000,1785153444269596000,121932490,121652369,-197.121,0.000,0.000,1.000,2.000,0.000,0.000,101.000,0,0,0
B3_zmq_pushpull,zmq_tcp,none,none,,1,7810,512,584,1785153444270515000,1785153444270516000,1785153444270516000,1785153444270517000,1785153444270582000,1785153444270584000,1785153444270585000,1785153444270585000,121932490,121652369,-215.121,1.000,0.000,1.000,2.000,1.000,0.000,18.000,0,0,0
B3_zmq_pushpull,zmq_tcp,none,none,,1,7811,512,584,1785153444271516000,1785153444271517000,1785153444271517000,1785153444271518000,1785153444271593000,1785153444271595000,1785153444271595000,1785153444271595000,121932490,121652369,-205.121,1.000,0.000,1.000,2.000,0.000,0.000,10.000,0,0,0
B3_zmq_pushpull,zmq_tcp,none,none,,1,7812,512,584,1785153444272515000,1785153444272516000,1785153444272516000,1785153444272517000,1785153444272592000,1785153444272595000,1785153444272595000,1785153444272595000,121932490,121652369,-205.121,1.000,0.000,1.000,3.000,0.000,0.000,0.000,0,0,0
B3_zmq_pushpull,zmq_tcp,none,none,,1,7813,512,584,1785153444273329000,1785153444273329000,1785153444273329000,1785153444273330000,1785153444273472000,1785153444273475000,1785153444273475000,1785153444273475000,121932490,121652369,-138.121,0.000,0.000,1.000,3.000,0.000,0.000,67.000,0,0,0
B3_zmq_pushpull,zmq_tcp,none,none,,1,7814,512,584,1785153444274569000,1785153444274569000,1785153444274569000,1785153444274570000,1785153444274742000,1785153444274745000,1785153444274745000,1785153444274745000,121932490,121652369,-108.121,0.000,0.000,1.000,3.000,0.000,0.000,30.000,0,0,0
B3_zmq_pushpull,zmq_tcp,none,none,,1,7815,512,584,1785153444275327000,1785153444275328000,1785153444275328000,1785153444275329000,1785153444275472000,1785153444275476000,1785153444275476000,1785153444275476000,121932490,121652369,-137.121,1.000,0.000,1.000,4.000,0.000,0.000,29.000,0,0,0
B3_zmq_pushpull,zmq_tcp,none,none,,1,7816,512,584,1785153444276320000,1785153444276321000,1785153444276321000,1785153444276322000,1785153444276479000,1785153444276482000,1785153444276482000,1785153444276482000,121932490,121652369,-123.121,1.000,0.000,1.000,3.000,0.000,0.000,14.000,0,0,0
B3_zmq_pushpull,zmq_tcp,none,none,,1,7817,512,584,1785153444277341000,1785153444277341000,1785153444277341000,1785153444277342000,1785153444277491000,1785153444277493000,1785153444277493000,1785153444277493000,121932490,121652369,-131.121,0.000,0.000,1.000,2.000,0.000,0.000,8.000,0,0,0
B3_zmq_pushpull,zmq_tcp,none,none,,1,7818,512,584,1785153444278344000,1785153444278344000,1785153444278344000,1785153444278345000,1785153444278503000,1785153444278506000,1785153444278506000,1785153444278506000,121932490,121652369,-122.121,0.000,0.000,1.000,3.000,0.000,0.000,9.000,0,0,0
B3_zmq_pushpull,zmq_tcp,none,none,,1,7819,512,584,1785153444279561000,1785153444279561000,1785153444279561000,1785153444279562000,1785153444279667000,1785153444279670000,1785153444279670000,1785153444279670000,121932490,121652369,-175.121,0.000,0.000,1.000,3.000,0.000,0.000,53.000,0,0,0
B3_zmq_pushpull,zmq_tcp,none,none,,1,7820,512,584,1785153444280504000,1785153444280504000,1785153444280504000,1785153444280505000,1785153444280682000,1785153444280685000,1785153444280685000,1785153444280685000,121932490,121652369,-103.121,0.000,0.000,1.000,3.000,0.000,0.000,72.000,0,0,0
B3_zmq_pushpull,zmq_tcp,none,none,,1,7821,512,584,1785153444281396000,1785153444281396000,1785153444281396000,1785153444281397000,1785153444281556000,1785153444281559000,1785153444281559000,1785153444281559000,121932490,121652369,-121.121,0.000,0.000,1.000,3.000,0.000,0.000,18.000,0,0,0
B3_zmq_pushpull,zmq_tcp,none,none,,1,7822,512,584,1785153444282403000,1785153444282403000,1785153444282403000,1785153444282404000,1785153444282552000,1785153444282555000,1785153444282555000,1785153444282555000,121932490,121652369,-132.121,0.000,0.000,1.000,3.000,0.000,0.000,11.000,0,0,0
B3_zmq_pushpull,zmq_tcp,none,none,,1,7823,512,584,1785153444283413000,1785153444283413000,1785153444283413000,1785153444283414000,1785153444283567000,1785153444283570000,1785153444283570000,1785153444283570000,121932490,121652369,-127.121,0.000,0.000,1.000,3.000,0.000,0.000,5.000,0,0,0
B3_zmq_pushpull,zmq_tcp,none,none,,1,7824,512,584,1785153444284424000,1785153444284424000,1785153444284424000,1785153444284425000,1785153444284582000,1785153444284584000,1785153444284584000,1785153444284584000,121932490,121652369,-123.121,0.000,0.000,1.000,2.000,0.000,0.000,4.000,0,0,0
B3_zmq_pushpull,zmq_tcp,none,none,,1,7825,512,584,1785153444285435000,1785153444285435000,1785153444285435000,1785153444285436000,1785153444285592000,1785153444285595000,1785153444285595000,1785153444285595000,121932490,121652369,-124.121,0.000,0.000,1.000,3.000,0.000,0.000,1.000,0,0,0
B3_zmq_pushpull,zmq_tcp,none,none,,1,7826,512,584,1785153444286319000,1785153444286320000,1785153444286320000,1785153444286321000,1785153444286464000,1785153444286467000,1785153444286467000,1785153444286467000,121932490,121652369,-137.121,1.000,0.000,1.000,3.000,0.000,0.000,13.000,0,0,0
B3_zmq_pushpull,zmq_tcp,none,none,,1,7827,512,584,1785153444287446000,1785153444287447000,1785153444287447000,1785153444287448000,1785153444287601000,1785153444287604000,1785153444287604000,1785153444287604000,121932490,121652369,-127.121,1.000,0.000,1.000,3.000,0.000,0.000,10.000,0,0,0
B3_zmq_pushpull,zmq_tcp,none,none,,1,7828,512,584,1785153444288534000,1785153444288534000,1785153444288534000,1785153444288535000,1785153444288596000,1785153444288599000,1785153444288599000,1785153444288599000,121932490,121652369,-219.121,0.000,0.000,1.000,3.000,0.000,0.000,92.000,0,0,0
B3_zmq_pushpull,zmq_tcp,none,none,,1,7829,512,584,1785153444289513000,1785153444289513000,1785153444289513000,1785153444289514000,1785153444289603000,1785153444289606000,1785153444289606000,1785153444289606000,121932490,121652369,-191.121,0.000,0.000,1.000,3.000,0.000,0.000,28.000,0,0,0
B3_zmq_pushpull,zmq_tcp,none,none,,1,7830,512,584,1785153444290518000,1785153444290518000,1785153444290518000,1785153444290519000,1785153444290600000,1785153444290603000,1785153444290603000,1785153444290603000,121932490,121652369,-199.121,0.000,0.000,1.000,3.000,0.000,0.000,8.000,0,0,0
B3_zmq_pushpull,zmq_tcp,none,none,,1,7831,512,584,1785153444291512000,1785153444291512000,1785153444291512000,1785153444291513000,1785153444291608000,1785153444291611000,1785153444291611000,1785153444291611000,121932490,121652369,-185.121,0.000,0.000,1.000,3.000,0.000,0.000,14.000,0,0,0
B3_zmq_pushpull,zmq_tcp,none,none,,1,7832,512,584,1785153444292518000,1785153444292518000,1785153444292518000,1785153444292519000,1785153444292607000,1785153444292610000,1785153444292610000,1785153444292610000,121932490,121652369,-192.121,0.000,0.000,1.000,3.000,0.000,0.000,7.000,0,0,0
B3_zmq_pushpull,zmq_tcp,none,none,,1,7833,512,584,1785153444293516000,1785153444293516000,1785153444293516000,1785153444293517000,1785153444293597000,1785153444293600000,1785153444293600000,1785153444293600000,121932490,121652369,-200.121,0.000,0.000,1.000,3.000,0.000,0.000,8.000,0,0,0
B3_zmq_pushpull,zmq_tcp,none,none,,1,7834,512,584,1785153444294517000,1785153444294517000,1785153444294517000,1785153444294518000,1785153444294590000,1785153444294593000,1785153444294593000,1785153444294593000,121932490,121652369,-208.121,0.000,0.000,1.000,3.000,0.000,0.000,8.000,0,0,0
B3_zmq_pushpull,zmq_tcp,none,none,,1,7835,512,584,1785153444295428000,1785153444295428000,1785153444295428000,1785153444295429000,1785153444295576000,1785153444295579000,1785153444295579000,1785153444295579000,121932490,121652369,-133.121,0.000,0.000,1.000,3.000,0.000,0.000,75.000,0,0,0
B3_zmq_pushpull,zmq_tcp,none,none,,1,7836,512,584,1785153444296539000,1785153444296540000,1785153444296540000,1785153444296541000,1785153444296714000,1785153444296717000,1785153444296717000,1785153444296717000,121932490,121652369,-107.121,1.000,0.000,1.000,3.000,0.000,0.000,26.000,0,0,0
B3_zmq_pushpull,zmq_tcp,none,none,,1,7837,512,584,1785153444297416000,1785153444297416000,1785153444297416000,1785153444297417000,1785153444297569000,1785153444297572000,1785153444297573000,1785153444297573000,121932490,121652369,-128.121,0.000,0.000,1.000,3.000,1.000,0.000,21.000,0,0,0
B3_zmq_pushpull,zmq_tcp,none,none,,1,7838,512,584,1785153444298544000,1785153444298544000,1785153444298544000,1785153444298545000,1785153444298711000,1785153444298713000,1785153444298713000,1785153444298713000,121932490,121652369,-114.121,0.000,0.000,1.000,2.000,0.000,0.000,14.000,0,0,0
B3_zmq_pushpull,zmq_tcp,none,none,,1,7839,512,584,1785153444299508000,1785153444299508000,1785153444299508000,1785153444299509000,1785153444299569000,1785153444299573000,1785153444299573000,1785153444299573000,121932490,121652369,-220.121,0.000,0.000,1.000,4.000,0.000,0.000,106.000,0,0,0
B3_zmq_pushpull,zmq_tcp,none,none,,1,7840,512,584,1785153444300519000,1785153444300519000,1785153444300519000,1785153444300520000,1785153444300703000,1785153444300706000,1785153444300706000,1785153444300706000,121932490,121652369,-97.121,0.000,0.000,1.000,3.000,0.000,0.000,123.000,0,0,0
B3_zmq_pushpull,zmq_tcp,none,none,,1,7841,512,584,1785153444301422000,1785153444301422000,1785153444301422000,1785153444301424000,1785153444301585000,1785153444301588000,1785153444301588000,1785153444301588000,121932490,121652369,-119.121,0.000,0.000,2.000,3.000,0.000,0.000,22.000,0,0,0
B3_zmq_pushpull,zmq_tcp,none,none,,1,7842,512,584,1785153444302541000,1785153444302541000,1785153444302541000,1785153444302542000,1785153444302699000,1785153444302702000,1785153444302702000,1785153444302702000,121932490,121652369,-123.121,0.000,0.000,1.000,3.000,0.000,0.000,4.000,0,0,0
B3_zmq_pushpull,zmq_tcp,none,none,,1,7843,512,584,1785153444303402000,1785153444303402000,1785153444303402000,1785153444303403000,1785153444303553000,1785153444303555000,1785153444303555000,1785153444303555000,121932490,121652369,-130.121,0.000,0.000,1.000,2.000,0.000,0.000,7.000,0,0,0
B3_zmq_pushpull,zmq_tcp,none,none,,1,7844,512,584,1785153444304545000,1785153444304545000,1785153444304545000,1785153444304546000,1785153444304687000,1785153444304690000,1785153444304690000,1785153444304690000,121932490,121652369,-139.121,0.000,0.000,1.000,3.000,0.000,0.000,9.000,0,0,0
B3_zmq_pushpull,zmq_tcp,none,none,,1,7845,512,584,1785153444305510000,1785153444305510000,1785153444305510000,1785153444305511000,1785153444305552000,1785153444305555000,1785153444305555000,1785153444305555000,121932490,121652369,-239.121,0.000,0.000,1.000,3.000,0.000,0.000,100.000,0,0,0
B3_zmq_pushpull,zmq_tcp,none,none,,1,7846,512,584,1785153444306517000,1785153444306517000,1785153444306517000,1785153444306519000,1785153444306704000,1785153444306707000,1785153444306707000,1785153444306707000,121932490,121652369,-95.121,0.000,0.000,2.000,3.000,0.000,0.000,144.000,0,0,0
B3_zmq_pushpull,zmq_tcp,none,none,,1,7847,512,584,1785153444307516000,1785153444307516000,1785153444307516000,1785153444307517000,1785153444307706000,1785153444307709000,1785153444307709000,1785153444307709000,121932490,121652369,-91.121,0.000,0.000,1.000,3.000,0.000,0.000,4.000,0,0,0
B3_zmq_pushpull,zmq_tcp,none,none,,1,7848,512,584,1785153444308518000,1785153444308518000,1785153444308518000,1785153444308519000,1785153444308704000,1785153444308711000,1785153444308712000,1785153444308712000,121932490,121652369,-95.121,0.000,0.000,1.000,7.000,1.000,0.000,4.000,0,0,0
B3_zmq_pushpull,zmq_tcp,none,none,,1,7849,512,584,1785153444309516000,1785153444309516000,1785153444309516000,1785153444309517000,1785153444309703000,1785153444309706000,1785153444309706000,1785153444309706000,121932490,121652369,-94.121,0.000,0.000,1.000,3.000,0.000,0.000,1.000,0,0,0
B3_zmq_pushpull,zmq_tcp,none,none,,1,7850,512,584,1785153444310517000,1785153444310517000,1785153444310517000,1785153444310518000,1785153444310711000,1785153444310714000,1785153444310714000,1785153444310714000,121932490,121652369,-87.121,0.000,0.000,1.000,3.000,0.000,0.000,7.000,0,0,0
B3_zmq_pushpull,zmq_tcp,none,none,,1,7851,512,584,1785153444311514000,1785153444311515000,1785153444311515000,1785153444311516000,1785153444311570000,1785153444311573000,1785153444311573000,1785153444311573000,121932490,121652369,-226.121,1.000,0.000,1.000,3.000,0.000,0.000,139.000,0,0,0
B3_zmq_pushpull,zmq_tcp,none,none,,1,7852,512,584,1785153444312520000,1785153444312520000,1785153444312520000,1785153444312522000,1785153444312586000,1785153444312589000,1785153444312589000,1785153444312589000,121932490,121652369,-216.121,0.000,0.000,2.000,3.000,0.000,0.000,10.000,0,0,0
B3_zmq_pushpull,zmq_tcp,none,none,,1,7853,512,584,1785153444313514000,1785153444313515000,1785153444313515000,1785153444313515000,1785153444313596000,1785153444313599000,1785153444313599000,1785153444313599000,121932490,121652369,-199.121,1.000,0.000,0.000,3.000,0.000,0.000,17.000,0,0,0
B3_zmq_pushpull,zmq_tcp,none,none,,1,7854,512,584,1785153444314517000,1785153444314517000,1785153444314517000,1785153444314518000,1785153444314611000,1785153444314615000,1785153444314615000,1785153444314615000,121932490,121652369,-187.121,0.000,0.000,1.000,4.000,0.000,0.000,12.000,0,0,0
B3_zmq_pushpull,zmq_tcp,none,none,,1,7855,512,584,1785153444315442000,1785153444315442000,1785153444315442000,1785153444315444000,1785153444315591000,1785153444315594000,1785153444315594000,1785153444315594000,121932490,121652369,-133.121,0.000,0.000,2.000,3.000,0.000,0.000,54.000,0,0,0
B3_zmq_pushpull,zmq_tcp,none,none,,1,7856,512,584,1785153444316536000,1785153444316536000,1785153444316536000,1785153444316537000,1785153444316603000,1785153444316607000,1785153444316607000,1785153444316607000,121932490,121652369,-214.121,0.000,0.000,1.000,4.000,0.000,0.000,81.000,0,0,0
B3_zmq_pushpull,zmq_tcp,none,none,,1,7857,512,584,1785153444317480000,1785153444317480000,1785153444317480000,1785153444317481000,1785153444317625000,1785153444317627000,1785153444317627000,1785153444317627000,121932490,121652369,-136.121,0.000,0.000,1.000,2.000,0.000,0.000,78.000,0,0,0
B3_zmq_pushpull,zmq_tcp,none,none,,1,7858,512,584,1785153444318326000,1785153444318327000,1785153444318327000,1785153444318328000,1785153444318485000,1785153444318487000,1785153444318487000,1785153444318487000,121932490,121652369,-123.121,1.000,0.000,1.000,2.000,0.000,0.000,13.000,0,0,0
B3_zmq_pushpull,zmq_tcp,none,none,,1,7859,512,584,1785153444319330000,1785153444319330000,1785153444319330000,1785153444319331000,1785153444319478000,1785153444319481000,1785153444319481000,1785153444319481000,121932490,121652369,-133.121,0.000,0.000,1.000,3.000,0.000,0.000,10.000,0,0,0
B3_zmq_pushpull,zmq_tcp,none,none,,1,7860,512,584,1785153444320563000,1785153444320564000,1785153444320564000,1785153444320565000,1785153444320620000,1785153444320623000,1785153444320623000,1785153444320623000,121932490,121652369,-225.121,1.000,0.000,1.000,3.000,0.000,0.000,92.000,0,0,0
B3_zmq_pushpull,zmq_tcp,none,none,,1,7861,512,584,1785153444321504000,1785153444321504000,1785153444321504000,1785153444321505000,1785153444321618000,1785153444321621000,1785153444321621000,1785153444321621000,121932490,121652369,-167.121,0.000,0.000,1.000,3.000,0.000,0.000,58.000,0,0,0
B3_zmq_pushpull,zmq_tcp,none,none,,1,7862,512,584,1785153444322515000,1785153444322515000,1785153444322515000,1785153444322517000,1785153444322616000,1785153444322619000,1785153444322619000,1785153444322619000,121932490,121652369,-181.121,0.000,0.000,2.000,3.000,0.000,0.000,14.000,0,0,0
B3_zmq_pushpull,zmq_tcp,none,none,,1,7863,512,584,1785153444323515000,1785153444323515000,1785153444323516000,1785153444323516000,1785153444323613000,1785153444323615000,1785153444323615000,1785153444323615000,121932490,121652369,-183.121,0.000,1.000,0.000,2.000,0.000,0.000,2.000,0,0,0
B3_zmq_pushpull,zmq_tcp,none,none,,1,7864,512,584,1785153444324485000,1785153444324485000,1785153444324485000,1785153444324486000,1785153444324630000,1785153444324633000,1785153444324633000,1785153444324633000,121932490,121652369,-136.121,0.000,0.000,1.000,3.000,0.000,0.000,47.000,0,0,0
B3_zmq_pushpull,zmq_tcp,none,none,,1,7865,512,584,1785153444325328000,1785153444325328000,1785153444325328000,1785153444325329000,1785153444325477000,1785153444325480000,1785153444325480000,1785153444325480000,121932490,121652369,-132.121,0.000,0.000,1.000,3.000,0.000,0.000,4.000,0,0,0
B3_zmq_pushpull,zmq_tcp,none,none,,1,7866,512,584,1785153444326333000,1785153444326333000,1785153444326334000,1785153444326334000,1785153444326493000,1785153444326500000,1785153444326500000,1785153444326500000,121932490,121652369,-121.121,0.000,1.000,0.000,7.000,0.000,0.000,11.000,0,0,0
B3_zmq_pushpull,zmq_tcp,none,none,,1,7867,512,584,1785153444327358000,1785153444327358000,1785153444327358000,1785153444327359000,1785153444327517000,1785153444327519000,1785153444327519000,1785153444327519000,121932490,121652369,-122.121,0.000,0.000,1.000,2.000,0.000,0.000,1.000,0,0,0
B3_zmq_pushpull,zmq_tcp,none,none,,1,7868,512,584,1785153444328557000,1785153444328557000,1785153444328557000,1785153444328558000,1785153444328649000,1785153444328652000,1785153444328652000,1785153444328652000,121932490,121652369,-189.121,0.000,0.000,1.000,3.000,0.000,0.000,67.000,0,0,0
B3_zmq_pushpull,zmq_tcp,none,none,,1,7869,512,584,1785153444329340000,1785153444329340000,1785153444329340000,1785153444329341000,1785153444329497000,1785153444329500000,1785153444329500000,1785153444329500000,121932490,121652369,-124.121,0.000,0.000,1.000,3.000,0.000,0.000,65.000,0,0,0
B3_zmq_pushpull,zmq_tcp,none,none,,1,7870,512,584,1785153444330561000,1785153444330561000,1785153444330561000,1785153444330562000,1785153444330634000,1785153444330637000,1785153444330637000,1785153444330637000,121932490,121652369,-208.121,0.000,0.000,1.000,3.000,0.000,0.000,84.000,0,0,0
B3_zmq_pushpull,zmq_tcp,none,none,,1,7871,512,584,1785153444331505000,1785153444331505000,1785153444331505000,1785153444331506000,1785153444331651000,1785153444331654000,1785153444331654000,1785153444331654000,121932490,121652369,-135.121,0.000,0.000,1.000,3.000,0.000,0.000,73.000,0,0,0
B3_zmq_pushpull,zmq_tcp,none,none,,1,7872,512,584,1785153444332518000,1785153444332518000,1785153444332518000,1785153444332519000,1785153444332661000,1785153444332664000,1785153444332664000,1785153444332664000,121932490,121652369,-138.121,0.000,0.000,1.000,3.000,0.000,0.000,3.000,0,0,0
B3_zmq_pushpull,zmq_tcp,none,none,,1,7873,512,584,1785153444333516000,1785153444333516000,1785153444333516000,1785153444333517000,1785153444333674000,1785153444333677000,1785153444333677000,1785153444333677000,121932490,121652369,-123.121,0.000,0.000,1.000,3.000,0.000,0.000,15.000,0,0,0
B3_zmq_pushpull,zmq_tcp,none,none,,1,7874,512,584,1785153444334519000,1785153444334519000,1785153444334519000,1785153444334520000,1785153444334706000,1785153444334709000,1785153444334709000,1785153444334709000,121932490,121652369,-94.121,0.000,0.000,1.000,3.000,0.000,0.000,29.000,0,0,0
B3_zmq_pushpull,zmq_tcp,none,none,,1,7875,512,584,1785153444335516000,1785153444335516000,1785153444335516000,1785153444335517000,1785153444335576000,1785153444335579000,1785153444335579000,1785153444335579000,121932490,121652369,-221.121,0.000,0.000,1.000,3.000,0.000,0.000,127.000,0,0,0
B3_zmq_pushpull,zmq_tcp,none,none,,1,7876,512,584,1785153444336516000,1785153444336516000,1785153444336516000,1785153444336517000,1785153444336584000,1785153444336587000,1785153444336587000,1785153444336587000,121932490,121652369,-213.121,0.000,0.000,1.000,3.000,0.000,0.000,8.000,0,0,0
B3_zmq_pushpull,zmq_tcp,none,none,,1,7877,512,584,1785153444337513000,1785153444337513000,1785153444337514000,1785153444337515000,1785153444337579000,1785153444337582000,1785153444337582000,1785153444337582000,121932490,121652369,-216.121,0.000,1.000,1.000,3.000,0.000,0.000,3.000,0,0,0
B3_zmq_pushpull,zmq_tcp,none,none,,1,7878,512,584,1785153444338518000,1785153444338518000,1785153444338518000,1785153444338519000,1785153444338580000,1785153444338583000,1785153444338583000,1785153444338583000,121932490,121652369,-219.121,0.000,0.000,1.000,3.000,0.000,0.000,3.000,0,0,0
B3_zmq_pushpull,zmq_tcp,none,none,,1,7879,512,584,1785153444339516000,1785153444339517000,1785153444339517000,1785153444339518000,1785153444339592000,1785153444339595000,1785153444339595000,1785153444339595000,121932490,121652369,-206.121,1.000,0.000,1.000,3.000,0.000,0.000,13.000,0,0,0
B3_zmq_pushpull,zmq_tcp,none,none,,1,7880,512,584,1785153444340515000,1785153444340515000,1785153444340515000,1785153444340516000,1785153444340598000,1785153444340601000,1785153444340601000,1785153444340601000,121932490,121652369,-198.121,0.000,0.000,1.000,3.000,0.000,0.000,8.000,0,0,0
B3_zmq_pushpull,zmq_tcp,none,none,,1,7881,512,584,1785153444341516000,1785153444341516000,1785153444341516000,1785153444341517000,1785153444341606000,1785153444341609000,1785153444341609000,1785153444341609000,121932490,121652369,-191.121,0.000,0.000,1.000,3.000,0.000,0.000,7.000,0,0,0
B3_zmq_pushpull,zmq_tcp,none,none,,1,7882,512,584,1785153444342517000,1785153444342517000,1785153444342518000,1785153444342518000,1785153444342622000,1785153444342625000,1785153444342625000,1785153444342625000,121932490,121652369,-176.121,0.000,1.000,0.000,3.000,0.000,0.000,15.000,0,0,0
B3_zmq_pushpull,zmq_tcp,none,none,,1,7883,512,584,1785153444343487000,1785153444343488000,1785153444343488000,1785153444343489000,1785153444343630000,1785153444343634000,1785153444343634000,1785153444343634000,121932490,121652369,-139.121,1.000,0.000,1.000,4.000,0.000,0.000,37.000,0,0,0
B3_zmq_pushpull,zmq_tcp,none,none,,1,7884,512,584,1785153444344523000,1785153444344523000,1785153444344523000,1785153444344524000,1785153444344631000,1785153444344634000,1785153444344634000,1785153444344634000,121932490,121652369,-173.121,0.000,0.000,1.000,3.000,0.000,0.000,34.000,0,0,0
B3_zmq_pushpull,zmq_tcp,none,none,,1,7885,512,584,1785153444345514000,1785153444345515000,1785153444345515000,1785153444345516000,1785153444345639000,1785153444345642000,1785153444345642000,1785153444345642000,121932490,121652369,-157.121,1.000,0.000,1.000,3.000,0.000,0.000,16.000,0,0,0
B3_zmq_pushpull,zmq_tcp,none,none,,1,7886,512,584,1785153444346517000,1785153444346517000,1785153444346517000,1785153444346518000,1785153444346639000,1785153444346642000,1785153444346642000,1785153444346642000,121932490,121652369,-159.121,0.000,0.000,1.000,3.000,0.000,0.000,2.000,0,0,0
B3_zmq_pushpull,zmq_tcp,none,none,,1,7887,512,584,1785153444347514000,1785153444347515000,1785153444347515000,1785153444347516000,1785153444347654000,1785153444347657000,1785153444347657000,1785153444347657000,121932490,121652369,-142.121,1.000,0.000,1.000,3.000,0.000,0.000,17.000,0,0,0
B3_zmq_pushpull,zmq_tcp,none,none,,1,7888,512,584,1785153444348517000,1785153444348517000,1785153444348517000,1785153444348518000,1785153444348675000,1785153444348678000,1785153444348678000,1785153444348678000,121932490,121652369,-123.121,0.000,0.000,1.000,3.000,0.000,0.000,19.000,0,0,0
B3_zmq_pushpull,zmq_tcp,none,none,,1,7889,512,584,1785153444349516000,1785153444349516000,1785153444349516000,1785153444349517000,1785153444349667000,1785153444349670000,1785153444349670000,1785153444349670000,121932490,121652369,-130.121,0.000,0.000,1.000,3.000,0.000,0.000,7.000,0,0,0
B3_zmq_pushpull,zmq_tcp,none,none,,1,7890,512,584,1785153444350383000,1785153444350383000,1785153444350383000,1785153444350384000,1785153444350529000,1785153444350532000,1785153444350532000,1785153444350532000,121932490,121652369,-135.121,0.000,0.000,1.000,3.000,0.000,0.000,5.000,0,0,0
B3_zmq_pushpull,zmq_tcp,none,none,,1,7891,512,584,1785153444351548000,1785153444351548000,1785153444351548000,1785153444351549000,1785153444351666000,1785153444351669000,1785153444351669000,1785153444351669000,121932490,121652369,-163.121,0.000,0.000,1.000,3.000,0.000,0.000,28.000,0,0,0
B3_zmq_pushpull,zmq_tcp,none,none,,1,7892,512,584,1785153444352507000,1785153444352508000,1785153444352508000,1785153444352509000,1785153444352666000,1785153444352669000,1785153444352669000,1785153444352669000,121932490,121652369,-123.121,1.000,0.000,1.000,3.000,0.000,0.000,40.000,0,0,0
B3_zmq_pushpull,zmq_tcp,none,none,,1,7893,512,584,1785153444353519000,1785153444353519000,1785153444353519000,1785153444353520000,1785153444353670000,1785153444353673000,1785153444353673000,1785153444353673000,121932490,121652369,-130.121,0.000,0.000,1.000,3.000,0.000,0.000,7.000,0,0,0
B3_zmq_pushpull,zmq_tcp,none,none,,1,7894,512,584,1785153444354515000,1785153444354515000,1785153444354515000,1785153444354516000,1785153444354671000,1785153444354674000,1785153444354674000,1785153444354674000,121932490,121652369,-125.121,0.000,0.000,1.000,3.000,0.000,0.000,5.000,0,0,0
B3_zmq_pushpull,zmq_tcp,none,none,,1,7895,512,584,1785153444355516000,1785153444355516000,1785153444355516000,1785153444355517000,1785153444355689000,1785153444355691000,1785153444355691000,1785153444355691000,121932490,121652369,-108.121,0.000,0.000,1.000,2.000,0.000,0.000,17.000,0,0,0
B3_zmq_pushpull,zmq_tcp,none,none,,1,7896,512,584,1785153444356517000,1785153444356517000,1785153444356517000,1785153444356518000,1785153444356705000,1785153444356708000,1785153444356708000,1785153444356708000,121932490,121652369,-93.121,0.000,0.000,1.000,3.000,0.000,0.000,15.000,0,0,0
B3_zmq_pushpull,zmq_tcp,none,none,,1,7897,512,584,1785153444357516000,1785153444357517000,1785153444357517000,1785153444357517000,1785153444357571000,1785153444357575000,1785153444357575000,1785153444357575000,121932490,121652369,-226.121,1.000,0.000,0.000,4.000,0.000,0.000,133.000,0,0,0
B3_zmq_pushpull,zmq_tcp,none,none,,1,7898,512,584,1785153444358513000,1785153444358514000,1785153444358514000,1785153444358514000,1785153444358569000,1785153444358572000,1785153444358572000,1785153444358572000,121932490,121652369,-225.121,1.000,0.000,0.000,3.000,0.000,0.000,1.000,0,0,0
B3_zmq_pushpull,zmq_tcp,none,none,,1,7899,512,584,1785153444359517000,1785153444359517000,1785153444359517000,1785153444359518000,1785153444359576000,1785153444359579000,1785153444359579000,1785153444359579000,121932490,121652369,-222.121,0.000,0.000,1.000,3.000,0.000,0.000,3.000,0,0,0
B3_zmq_pushpull,zmq_tcp,none,none,,1,7900,512,584,1785153444360520000,1785153444360521000,1785153444360521000,1785153444360522000,1785153444360585000,1785153444360588000,1785153444360588000,1785153444360588000,121932490,121652369,-217.121,1.000,0.000,1.000,3.000,0.000,0.000,5.000,0,0,0
B3_zmq_pushpull,zmq_tcp,none,none,,1,7901,512,584,1785153444361513000,1785153444361513000,1785153444361513000,1785153444361514000,1785153444361598000,1785153444361601000,1785153444361601000,1785153444361601000,121932490,121652369,-196.121,0.000,0.000,1.000,3.000,0.000,0.000,21.000,0,0,0
B3_zmq_pushpull,zmq_tcp,none,none,,1,7902,512,584,1785153444362519000,1785153444362519000,1785153444362519000,1785153444362520000,1785153444362621000,1785153444362624000,1785153444362624000,1785153444362624000,121932490,121652369,-179.121,0.000,0.000,1.000,3.000,0.000,0.000,17.000,0,0,0
B3_zmq_pushpull,zmq_tcp,none,none,,1,7903,512,584,1785153444363321000,1785153444363321000,1785153444363322000,1785153444363322000,1785153444363458000,1785153444363461000,1785153444363461000,1785153444363461000,121932490,121652369,-144.121,0.000,1.000,0.000,3.000,0.000,0.000,35.000,0,0,0
B3_zmq_pushpull,zmq_tcp,none,none,,1,7904,512,584,1785153444364442000,1785153444364442000,1785153444364442000,1785153444364443000,1785153444364595000,1785153444364598000,1785153444364598000,1785153444364598000,121932490,121652369,-128.121,0.000,0.000,1.000,3.000,0.000,0.000,16.000,0,0,0
B3_zmq_pushpull,zmq_tcp,none,none,,1,7905,512,584,1785153444365446000,1785153444365446000,1785153444365446000,1785153444365447000,1785153444365601000,1785153444365604000,1785153444365604000,1785153444365604000,121932490,121652369,-126.121,0.000,0.000,1.000,3.000,0.000,0.000,2.000,0,0,0
B3_zmq_pushpull,zmq_tcp,none,none,,1,7906,512,584,1785153444366534000,1785153444366534000,1785153444366534000,1785153444366535000,1785153444366724000,1785153444366726000,1785153444366726000,1785153444366726000,121932490,121652369,-91.121,0.000,0.000,1.000,2.000,0.000,0.000,35.000,0,0,0
B3_zmq_pushpull,zmq_tcp,none,none,,1,7907,512,584,1785153444367432000,1785153444367432000,1785153444367432000,1785153444367433000,1785153444367592000,1785153444367595000,1785153444367595000,1785153444367595000,121932490,121652369,-121.121,0.000,0.000,1.000,3.000,0.000,0.000,30.000,0,0,0
B3_zmq_pushpull,zmq_tcp,none,none,,1,7908,512,584,1785153444368424000,1785153444368425000,1785153444368425000,1785153444368426000,1785153444368582000,1785153444368585000,1785153444368585000,1785153444368585000,121932490,121652369,-124.121,1.000,0.000,1.000,3.000,0.000,0.000,3.000,0,0,0
B3_zmq_pushpull,zmq_tcp,none,none,,1,7909,512,584,1785153444369430000,1785153444369430000,1785153444369430000,1785153444369431000,1785153444369590000,1785153444369593000,1785153444369593000,1785153444369593000,121932490,121652369,-121.121,0.000,0.000,1.000,3.000,0.000,0.000,3.000,0,0,0
B3_zmq_pushpull,zmq_tcp,none,none,,1,7910,512,584,1785153444370538000,1785153444370538000,1785153444370538000,1785153444370539000,1785153444370589000,1785153444370592000,1785153444370592000,1785153444370592000,121932490,121652369,-230.121,0.000,0.000,1.000,3.000,0.000,0.000,109.000,0,0,0
B3_zmq_pushpull,zmq_tcp,none,none,,1,7911,512,584,1785153444371511000,1785153444371511000,1785153444371511000,1785153444371512000,1785153444371597000,1785153444371600000,1785153444371600000,1785153444371601000,121932490,121652369,-195.121,0.000,0.000,1.000,3.000,0.000,1.000,35.000,0,0,0
B3_zmq_pushpull,zmq_tcp,none,none,,1,7912,512,584,1785153444372431000,1785153444372431000,1785153444372431000,1785153444372432000,1785153444372576000,1785153444372579000,1785153444372579000,1785153444372579000,121932490,121652369,-136.121,0.000,0.000,1.000,3.000,0.000,0.000,59.000,0,0,0
B3_zmq_pushpull,zmq_tcp,none,none,,1,7913,512,584,1785153444373538000,1785153444373538000,1785153444373538000,1785153444373539000,1785153444373581000,1785153444373584000,1785153444373584000,1785153444373584000,121932490,121652369,-238.121,0.000,0.000,1.000,3.000,0.000,0.000,102.000,0,0,0
B3_zmq_pushpull,zmq_tcp,none,none,,1,7914,512,584,1785153444374513000,1785153444374514000,1785153444374514000,1785153444374515000,1785153444374570000,1785153444374573000,1785153444374573000,1785153444374573000,121932490,121652369,-225.121,1.000,0.000,1.000,3.000,0.000,0.000,13.000,0,0,0
B3_zmq_pushpull,zmq_tcp,none,none,,1,7915,512,584,1785153444375519000,1785153444375519000,1785153444375519000,1785153444375520000,1785153444375582000,1785153444375585000,1785153444375585000,1785153444375585000,121932490,121652369,-218.121,0.000,0.000,1.000,3.000,0.000,0.000,7.000,0,0,0
B3_zmq_pushpull,zmq_tcp,none,none,,1,7916,512,584,1785153444376516000,1785153444376516000,1785153444376516000,1785153444376517000,1785153444376578000,1785153444376581000,1785153444376581000,1785153444376581000,121932490,121652369,-219.121,0.000,0.000,1.000,3.000,0.000,0.000,1.000,0,0,0
B3_zmq_pushpull,zmq_tcp,none,none,,1,7917,512,584,1785153444377428000,1785153444377429000,1785153444377429000,1785153444377430000,1785153444377586000,1785153444377589000,1785153444377589000,1785153444377589000,121932490,121652369,-124.121,1.000,0.000,1.000,3.000,0.000,0.000,95.000,0,0,0
B3_zmq_pushpull,zmq_tcp,none,none,,1,7918,512,584,1785153444378439000,1785153444378439000,1785153444378439000,1785153444378440000,1785153444378593000,1785153444378596000,1785153444378596000,1785153444378596000,121932490,121652369,-127.121,0.000,0.000,1.000,3.000,0.000,0.000,3.000,0,0,0
B3_zmq_pushpull,zmq_tcp,none,none,,1,7919,512,584,1785153444379435000,1785153444379436000,1785153444379436000,1785153444379437000,1785153444379592000,1785153444379594000,1785153444379594000,1785153444379594000,121932490,121652369,-125.121,1.000,0.000,1.000,2.000,0.000,0.000,2.000,0,0,0
B3_zmq_pushpull,zmq_tcp,none,none,,1,7920,512,584,1785153444380536000,1785153444380536000,1785153444380537000,1785153444380537000,1785153444380581000,1785153444380584000,1785153444380584000,1785153444380584000,121932490,121652369,-236.121,0.000,1.000,0.000,3.000,0.000,0.000,111.000,0,0,0
B3_zmq_pushpull,zmq_tcp,none,none,,1,7921,512,584,1785153444381512000,1785153444381512000,1785153444381512000,1785153444381513000,1785153444381597000,1785153444381600000,1785153444381600000,1785153444381600000,121932490,121652369,-196.121,0.000,0.000,1.000,3.000,0.000,0.000,40.000,0,0,0
B3_zmq_pushpull,zmq_tcp,none,none,,1,7922,512,584,1785153444382512000,1785153444382512000,1785153444382512000,1785153444382513000,1785153444382602000,1785153444382605000,1785153444382605000,1785153444382605000,121932490,121652369,-191.121,0.000,0.000,1.000,3.000,0.000,0.000,5.000,0,0,0
B3_zmq_pushpull,zmq_tcp,none,none,,1,7923,512,584,1785153444383518000,1785153444383518000,1785153444383518000,1785153444383519000,1785153444383614000,1785153444383617000,1785153444383617000,1785153444383617000,121932490,121652369,-185.121,0.000,0.000,1.000,3.000,0.000,0.000,6.000,0,0,0
B3_zmq_pushpull,zmq_tcp,none,none,,1,7924,512,584,1785153444384516000,1785153444384516000,1785153444384516000,1785153444384517000,1785153444384618000,1785153444384621000,1785153444384621000,1785153444384621000,121932490,121652369,-179.121,0.000,0.000,1.000,3.000,0.000,0.000,6.000,0,0,0
B3_zmq_pushpull,zmq_tcp,none,none,,1,7925,512,584,1785153444385514000,1785153444385514000,1785153444385514000,1785153444385515000,1785153444385634000,1785153444385637000,1785153444385637000,1785153444385637000,121932490,121652369,-161.121,0.000,0.000,1.000,3.000,0.000,0.000,18.000,0,0,0
B3_zmq_pushpull,zmq_tcp,none,none,,1,7926,512,584,1785153444386343000,1785153444386343000,1785153444386343000,1785153444386344000,1785153444386497000,1785153444386500000,1785153444386500000,1785153444386500000,121932490,121652369,-127.121,0.000,0.000,1.000,3.000,0.000,0.000,34.000,0,0,0
B3_zmq_pushpull,zmq_tcp,none,none,,1,7927,512,584,1785153444387330000,1785153444387330000,1785153444387330000,1785153444387331000,1785153444387484000,1785153444387487000,1785153444387487000,1785153444387487000,121932490,121652369,-127.121,0.000,0.000,1.000,3.000,0.000,0.000,0.000,0,0,0
B3_zmq_pushpull,zmq_tcp,none,none,,1,7928,512,584,1785153444388565000,1785153444388565000,1785153444388566000,1785153444388566000,1785153444388753000,1785153444388756000,1785153444388756000,1785153444388756000,121932490,121652369,-93.121,0.000,1.000,0.000,3.000,0.000,0.000,34.000,0,0,0
B3_zmq_pushpull,zmq_tcp,none,none,,1,7929,512,584,1785153444389326000,1785153444389326000,1785153444389326000,1785153444389327000,1785153444389484000,1785153444389486000,1785153444389486000,1785153444389486000,121932490,121652369,-123.121,0.000,0.000,1.000,2.000,0.000,0.000,30.000,0,0,0
B3_zmq_pushpull,zmq_tcp,none,none,,1,7930,512,584,1785153444390322000,1785153444390322000,1785153444390322000,1785153444390323000,1785153444390471000,1785153444390475000,1785153444390475000,1785153444390475000,121932490,121652369,-132.121,0.000,0.000,1.000,4.000,0.000,0.000,9.000,0,0,0
B3_zmq_pushpull,zmq_tcp,none,none,,1,7931,512,584,1785153444391568000,1785153444391568000,1785153444391568000,1785153444391569000,1785153444391737000,1785153444391740000,1785153444391740000,1785153444391740000,121932490,121652369,-112.121,0.000,0.000,1.000,3.000,0.000,0.000,20.000,0,0,0
B3_zmq_pushpull,zmq_tcp,none,none,,1,7932,512,584,1785153444392500000,1785153444392500000,1785153444392500000,1785153444392501000,1785153444392596000,1785153444392598000,1785153444392598000,1785153444392598000,121932490,121652369,-185.121,0.000,0.000,1.000,2.000,0.000,0.000,73.000,0,0,0
B3_zmq_pushpull,zmq_tcp,none,none,,1,7933,512,584,1785153444393436000,1785153444393437000,1785153444393437000,1785153444393438000,1785153444393590000,1785153444393593000,1785153444393593000,1785153444393593000,121932490,121652369,-128.121,1.000,0.000,1.000,3.000,0.000,0.000,57.000,0,0,0
B3_zmq_pushpull,zmq_tcp,none,none,,1,7934,512,584,1785153444394441000,1785153444394441000,1785153444394441000,1785153444394442000,1785153444394597000,1785153444394600000,1785153444394600000,1785153444394600000,121932490,121652369,-125.121,0.000,0.000,1.000,3.000,0.000,0.000,3.000,0,0,0
B3_zmq_pushpull,zmq_tcp,none,none,,1,7935,512,584,1785153444395535000,1785153444395535000,1785153444395535000,1785153444395536000,1785153444395613000,1785153444395616000,1785153444395616000,1785153444395616000,121932490,121652369,-203.121,0.000,0.000,1.000,3.000,0.000,0.000,78.000,0,0,0
B3_zmq_pushpull,zmq_tcp,none,none,,1,7936,512,584,1785153444396445000,1785153444396445000,1785153444396445000,1785153444396446000,1785153444396602000,1785153444396605000,1785153444396605000,1785153444396605000,121932490,121652369,-124.121,0.000,0.000,1.000,3.000,0.000,0.000,79.000,0,0,0
B3_zmq_pushpull,zmq_tcp,none,none,,1,7937,512,584,1785153444397536000,1785153444397536000,1785153444397536000,1785153444397537000,1785153444397610000,1785153444397613000,1785153444397613000,1785153444397613000,121932490,121652369,-207.121,0.000,0.000,1.000,3.000,0.000,0.000,83.000,0,0,0
B3_zmq_pushpull,zmq_tcp,none,none,,1,7938,512,584,1785153444398511000,1785153444398511000,1785153444398511000,1785153444398512000,1785153444398608000,1785153444398610000,1785153444398610000,1785153444398610000,121932490,121652369,-184.121,0.000,0.000,1.000,2.000,0.000,0.000,23.000,0,0,0
B3_zmq_pushpull,zmq_tcp,none,none,,1,7939,512,584,1785153444399518000,1785153444399518000,1785153444399518000,1785153444399519000,1785153444399610000,1785153444399613000,1785153444399613000,1785153444399613000,121932490,121652369,-189.121,0.000,0.000,1.000,3.000,0.000,0.000,5.000,0,0,0
B3_zmq_pushpull,zmq_tcp,none,none,,1,7940,512,584,1785153444400513000,1785153444400513000,1785153444400513000,1785153444400514000,1785153444400614000,1785153444400617000,1785153444400617000,1785153444400617000,121932490,121652369,-180.121,0.000,0.000,1.000,3.000,0.000,0.000,9.000,0,0,0
B3_zmq_pushpull,zmq_tcp,none,none,,1,7941,512,584,1785153444401328000,1785153444401328000,1785153444401328000,1785153444401329000,1785153444401469000,1785153444401472000,1785153444401472000,1785153444401472000,121932490,121652369,-140.121,0.000,0.000,1.000,3.000,0.000,0.000,40.000,0,0,0
B3_zmq_pushpull,zmq_tcp,none,none,,1,7942,512,584,1785153444402331000,1785153444402331000,1785153444402331000,1785153444402332000,1785153444402468000,1785153444402470000,1785153444402470000,1785153444402470000,121932490,121652369,-144.121,0.000,0.000,1.000,2.000,0.000,0.000,4.000,0,0,0
B3_zmq_pushpull,zmq_tcp,none,none,,1,7943,512,584,1785153444403323000,1785153444403323000,1785153444403323000,1785153444403324000,1785153444403482000,1785153444403485000,1785153444403485000,1785153444403485000,121932490,121652369,-122.121,0.000,0.000,1.000,3.000,0.000,0.000,22.000,0,0,0
B3_zmq_pushpull,zmq_tcp,none,none,,1,7944,512,584,1785153444404564000,1785153444404564000,1785153444404564000,1785153444404565000,1785153444404625000,1785153444404627000,1785153444404628000,1785153444404628000,121932490,121652369,-220.121,0.000,0.000,1.000,2.000,1.000,0.000,98.000,0,0,0
B3_zmq_pushpull,zmq_tcp,none,none,,1,7945,512,584,1785153444405341000,1785153444405341000,1785153444405341000,1785153444405342000,1785153444405501000,1785153444405504000,1785153444405504000,1785153444405504000,121932490,121652369,-121.121,0.000,0.000,1.000,3.000,0.000,0.000,99.000,0,0,0
B3_zmq_pushpull,zmq_tcp,none,none,,1,7946,512,584,1785153444406560000,1785153444406560000,1785153444406560000,1785153444406561000,1785153444406643000,1785153444406645000,1785153444406646000,1785153444406646000,121932490,121652369,-198.121,0.000,0.000,1.000,2.000,1.000,0.000,77.000,0,0,0
B3_zmq_pushpull,zmq_tcp,none,none,,1,7947,512,584,1785153444407503000,1785153444407503000,1785153444407503000,1785153444407504000,1785153444407649000,1785153444407652000,1785153444407652000,1785153444407652000,121932490,121652369,-135.121,0.000,0.000,1.000,3.000,0.000,0.000,63.000,0,0,0
B3_zmq_pushpull,zmq_tcp,none,none,,1,7948,512,584,1785153444408521000,1785153444408521000,1785153444408521000,1785153444408522000,1785153444408635000,1785153444408637000,1785153444408637000,1785153444408637000,121932490,121652369,-167.121,0.000,0.000,1.000,2.000,0.000,0.000,32.000,0,0,0
B3_zmq_pushpull,zmq_tcp,none,none,,1,7949,512,584,1785153444409517000,1785153444409517000,1785153444409517000,1785153444409518000,1785153444409632000,1785153444409634000,1785153444409634000,1785153444409634000,121932490,121652369,-166.121,0.000,0.000,1.000,2.000,0.000,0.000,1.000,0,0,0
B3_zmq_pushpull,zmq_tcp,none,none,,1,7950,512,584,1785153444410516000,1785153444410516000,1785153444410516000,1785153444410517000,1785153444410649000,1785153444410652000,1785153444410652000,1785153444410652000,121932490,121652369,-148.121,0.000,0.000,1.000,3.000,0.000,0.000,18.000,0,0,0
B3_zmq_pushpull,zmq_tcp,none,none,,1,7951,512,584,1785153444411516000,1785153444411516000,1785153444411516000,1785153444411517000,1785153444411657000,1785153444411660000,1785153444411660000,1785153444411660000,121932490,121652369,-140.121,0.000,0.000,1.000,3.000,0.000,0.000,8.000,0,0,0
B3_zmq_pushpull,zmq_tcp,none,none,,1,7952,512,584,1785153444412516000,1785153444412516000,1785153444412516000,1785153444412517000,1785153444412653000,1785153444412656000,1785153444412656000,1785153444412656000,121932490,121652369,-144.121,0.000,0.000,1.000,3.000,0.000,0.000,4.000,0,0,0
B3_zmq_pushpull,zmq_tcp,none,none,,1,7953,512,584,1785153444413357000,1785153444413357000,1785153444413357000,1785153444413358000,1785153444413510000,1785153444413513000,1785153444413513000,1785153444413513000,121932490,121652369,-128.121,0.000,0.000,1.000,3.000,0.000,0.000,16.000,0,0,0
B3_zmq_pushpull,zmq_tcp,none,none,,1,7954,512,584,1785153444414556000,1785153444414556000,1785153444414556000,1785153444414557000,1785153444414656000,1785153444414658000,1785153444414658000,1785153444414658000,121932490,121652369,-181.121,0.000,0.000,1.000,2.000,0.000,0.000,53.000,0,0,0
B3_zmq_pushpull,zmq_tcp,none,none,,1,7955,512,584,1785153444415505000,1785153444415505000,1785153444415506000,1785153444415506000,1785153444415641000,1785153444415644000,1785153444415644000,1785153444415644000,121932490,121652369,-145.121,0.000,1.000,0.000,3.000,0.000,0.000,36.000,0,0,0
B3_zmq_pushpull,zmq_tcp,none,none,,1,7956,512,584,1785153444416519000,1785153444416519000,1785153444416519000,1785153444416520000,1785153444416649000,1785153444416658000,1785153444416658000,1785153444416658000,121932490,121652369,-151.121,0.000,0.000,1.000,9.000,0.000,0.000,6.000,0,0,0
B3_zmq_pushpull,zmq_tcp,none,none,,1,7957,512,584,1785153444417369000,1785153444417369000,1785153444417369000,1785153444417370000,1785153444417528000,1785153444417531000,1785153444417531000,1785153444417531000,121932490,121652369,-122.121,0.000,0.000,1.000,3.000,0.000,0.000,29.000,0,0,0
B3_zmq_pushpull,zmq_tcp,none,none,,1,7958,512,584,1785153444418553000,1785153444418553000,1785153444418554000,1785153444418554000,1785153444418686000,1785153444418694000,1785153444418694000,1785153444418694000,121932490,121652369,-148.121,0.000,1.000,0.000,8.000,0.000,0.000,26.000,0,0,0
B3_zmq_pushpull,zmq_tcp,none,none,,1,7959,512,584,1785153444419506000,1785153444419506000,1785153444419506000,1785153444419507000,1785153444419697000,1785153444419700000,1785153444419700000,1785153444419700000,121932490,121652369,-90.121,0.000,0.000,1.000,3.000,0.000,0.000,58.000,0,0,0
B3_zmq_pushpull,zmq_tcp,none,none,,1,7960,512,584,1785153444420519000,1785153444420519000,1785153444420519000,1785153444420520000,1785153444420562000,1785153444420566000,1785153444420566000,1785153444420566000,121932490,121652369,-238.121,0.000,0.000,1.000,4.000,0.000,0.000,148.000,0,0,0
B3_zmq_pushpull,zmq_tcp,none,none,,1,7961,512,584,1785153444421516000,1785153444421517000,1785153444421517000,1785153444421518000,1785153444421559000,1785153444421563000,1785153444421563000,1785153444421563000,121932490,121652369,-239.121,1.000,0.000,1.000,4.000,0.000,0.000,1.000,0,0,0
B3_zmq_pushpull,zmq_tcp,none,none,,1,7962,512,584,1785153444422520000,1785153444422520000,1785153444422520000,1785153444422521000,1785153444422691000,1785153444422694000,1785153444422694000,1785153444422694000,121932490,121652369,-110.121,0.000,0.000,1.000,3.000,0.000,0.000,129.000,0,0,0
B3_zmq_pushpull,zmq_tcp,none,none,,1,7963,512,584,1785153444423515000,1785153444423515000,1785153444423515000,1785153444423516000,1785153444423698000,1785153444423701000,1785153444423701000,1785153444423701000,121932490,121652369,-98.121,0.000,0.000,1.000,3.000,0.000,0.000,12.000,0,0,0
B3_zmq_pushpull,zmq_tcp,none,none,,1,7964,512,584,1785153444424516000,1785153444424517000,1785153444424517000,1785153444424518000,1785153444424697000,1785153444424700000,1785153444424700000,1785153444424700000,121932490,121652369,-101.121,1.000,0.000,1.000,3.000,0.000,0.000,3.000,0,0,0
B3_zmq_pushpull,zmq_tcp,none,none,,1,7965,512,584,1785153444425519000,1785153444425519000,1785153444425519000,1785153444425520000,1785153444425707000,1785153444425709000,1785153444425709000,1785153444425709000,121932490,121652369,-93.121,0.000,0.000,1.000,2.000,0.000,0.000,8.000,0,0,0
B3_zmq_pushpull,zmq_tcp,none,none,,1,7966,512,584,1785153444426516000,1785153444426517000,1785153444426517000,1785153444426518000,1785153444426704000,1785153444426708000,1785153444426708000,1785153444426708000,121932490,121652369,-94.121,1.000,0.000,1.000,4.000,0.000,0.000,1.000,0,0,0
B3_zmq_pushpull,zmq_tcp,none,none,,1,7967,512,584,1785153444427515000,1785153444427515000,1785153444427515000,1785153444427516000,1785153444427568000,1785153444427571000,1785153444427571000,1785153444427571000,121932490,121652369,-228.121,0.000,0.000,1.000,3.000,0.000,0.000,134.000,0,0,0
B3_zmq_pushpull,zmq_tcp,none,none,,1,7968,512,584,1785153444428516000,1785153444428517000,1785153444428517000,1785153444428518000,1785153444428561000,1785153444428565000,1785153444428565000,1785153444428565000,121932490,121652369,-237.121,1.000,0.000,1.000,4.000,0.000,0.000,9.000,0,0,0
B3_zmq_pushpull,zmq_tcp,none,none,,1,7969,512,584,1785153444429519000,1785153444429519000,1785153444429519000,1785153444429520000,1785153444429565000,1785153444429569000,1785153444429569000,1785153444429569000,121932490,121652369,-235.121,0.000,0.000,1.000,4.000,0.000,0.000,2.000,0,0,0
B3_zmq_pushpull,zmq_tcp,none,none,,1,7970,512,584,1785153444430515000,1785153444430515000,1785153444430515000,1785153444430516000,1785153444430573000,1785153444430577000,1785153444430577000,1785153444430577000,121932490,121652369,-223.121,0.000,0.000,1.000,4.000,0.000,0.000,12.000,0,0,0
B3_zmq_pushpull,zmq_tcp,none,none,,1,7971,512,584,1785153444431518000,1785153444431518000,1785153444431518000,1785153444431519000,1785153444431582000,1785153444431586000,1785153444431586000,1785153444431586000,121932490,121652369,-217.121,0.000,0.000,1.000,4.000,0.000,0.000,6.000,0,0,0
B3_zmq_pushpull,zmq_tcp,none,none,,1,7972,512,584,1785153444432519000,1785153444432519000,1785153444432519000,1785153444432520000,1785153444432590000,1785153444432593000,1785153444432593000,1785153444432593000,121932490,121652369,-210.121,0.000,0.000,1.000,3.000,0.000,0.000,7.000,0,0,0
B3_zmq_pushpull,zmq_tcp,none,none,,1,7973,512,584,1785153444433517000,1785153444433518000,1785153444433518000,1785153444433519000,1785153444433608000,1785153444433610000,1785153444433611000,1785153444433611000,121932490,121652369,-191.121,1.000,0.000,1.000,2.000,1.000,0.000,19.000,0,0,0
B3_zmq_pushpull,zmq_tcp,none,none,,1,7974,512,584,1785153444434515000,1785153444434515000,1785153444434515000,1785153444434516000,1785153444434601000,1785153444434604000,1785153444434604000,1785153444434604000,121932490,121652369,-195.121,0.000,0.000,1.000,3.000,0.000,0.000,4.000,0,0,0
B3_zmq_pushpull,zmq_tcp,none,none,,1,7975,512,584,1785153444435516000,1785153444435517000,1785153444435517000,1785153444435518000,1785153444435607000,1785153444435609000,1785153444435609000,1785153444435609000,121932490,121652369,-191.121,1.000,0.000,1.000,2.000,0.000,0.000,4.000,0,0,0
B3_zmq_pushpull,zmq_tcp,none,none,,1,7976,512,584,1785153444436516000,1785153444436517000,1785153444436517000,1785153444436518000,1785153444436619000,1785153444436621000,1785153444436621000,1785153444436621000,121932490,121652369,-179.121,1.000,0.000,1.000,2.000,0.000,0.000,12.000,0,0,0
B3_zmq_pushpull,zmq_tcp,none,none,,1,7977,512,584,1785153444437519000,1785153444437519000,1785153444437519000,1785153444437520000,1785153444437631000,1785153444437634000,1785153444437634000,1785153444437634000,121932490,121652369,-169.121,0.000,0.000,1.000,3.000,0.000,0.000,10.000,0,0,0
B3_zmq_pushpull,zmq_tcp,none,none,,1,7978,512,584,1785153444438515000,1785153444438515000,1785153444438515000,1785153444438516000,1785153444438632000,1785153444438634000,1785153444438634000,1785153444438635000,121932490,121652369,-164.121,0.000,0.000,1.000,2.000,0.000,1.000,5.000,0,0,0
B3_zmq_pushpull,zmq_tcp,none,none,,1,7979,512,584,1785153444439516000,1785153444439516000,1785153444439516000,1785153444439517000,1785153444439632000,1785153444439634000,1785153444439634000,1785153444439634000,121932490,121652369,-165.121,0.000,0.000,1.000,2.000,0.000,0.000,1.000,0,0,0
B3_zmq_pushpull,zmq_tcp,none,none,,1,7980,512,584,1785153444440518000,1785153444440518000,1785153444440518000,1785153444440519000,1785153444440634000,1785153444440637000,1785153444440637000,1785153444440637000,121932490,121652369,-165.121,0.000,0.000,1.000,3.000,0.000,0.000,0.000,0,0,0
B3_zmq_pushpull,zmq_tcp,none,none,,1,7981,512,584,1785153444441516000,1785153444441516000,1785153444441516000,1785153444441517000,1785153444441639000,1785153444441641000,1785153444441641000,1785153444441641000,121932490,121652369,-158.121,0.000,0.000,1.000,2.000,0.000,0.000,7.000,0,0,0
B3_zmq_pushpull,zmq_tcp,none,none,,1,7982,512,584,1785153444442513000,1785153444442513000,1785153444442513000,1785153444442515000,1785153444442638000,1785153444442641000,1785153444442641000,1785153444442641000,121932490,121652369,-157.121,0.000,0.000,2.000,3.000,0.000,0.000,1.000,0,0,0
B3_zmq_pushpull,zmq_tcp,none,none,,1,7983,512,584,1785153444443518000,1785153444443518000,1785153444443518000,1785153444443519000,1785153444443642000,1785153444443644000,1785153444443644000,1785153444443644000,121932490,121652369,-157.121,0.000,0.000,1.000,2.000,0.000,0.000,0.000,0,0,0
B3_zmq_pushpull,zmq_tcp,none,none,,1,7984,512,584,1785153444444518000,1785153444444518000,1785153444444518000,1785153444444519000,1785153444444640000,1785153444444643000,1785153444444643000,1785153444444643000,121932490,121652369,-159.121,0.000,0.000,1.000,3.000,0.000,0.000,2.000,0,0,0
B3_zmq_pushpull,zmq_tcp,none,none,,1,7985,512,584,1785153444445515000,1785153444445515000,1785153444445515000,1785153444445516000,1785153444445632000,1785153444445635000,1785153444445635000,1785153444445635000,121932490,121652369,-164.121,0.000,0.000,1.000,3.000,0.000,0.000,5.000,0,0,0
B3_zmq_pushpull,zmq_tcp,none,none,,1,7986,512,584,1785153444446519000,1785153444446519000,1785153444446519000,1785153444446520000,1785153444446612000,1785153444446615000,1785153444446615000,1785153444446615000,121932490,121652369,-188.121,0.000,0.000,1.000,3.000,0.000,0.000,24.000,0,0,0
B3_zmq_pushpull,zmq_tcp,none,none,,1,7987,512,584,1785153444447516000,1785153444447516000,1785153444447516000,1785153444447517000,1785153444447622000,1785153444447624000,1785153444447624000,1785153444447624000,121932490,121652369,-175.121,0.000,0.000,1.000,2.000,0.000,0.000,13.000,0,0,0
B3_zmq_pushpull,zmq_tcp,none,none,,1,7988,512,584,1785153444448490000,1785153444448490000,1785153444448490000,1785153444448492000,1785153444448633000,1785153444448636000,1785153444448636000,1785153444448636000,121932490,121652369,-139.121,0.000,0.000,2.000,3.000,0.000,0.000,36.000,0,0,0
B3_zmq_pushpull,zmq_tcp,none,none,,1,7989,512,584,1785153444449344000,1785153444449344000,1785153444449344000,1785153444449345000,1785153444449499000,1785153444449501000,1785153444449501000,1785153444449501000,121932490,121652369,-126.121,0.000,0.000,1.000,2.000,0.000,0.000,13.000,0,0,0
B3_zmq_pushpull,zmq_tcp,none,none,,1,7990,512,584,1785153444450561000,1785153444450561000,1785153444450561000,1785153444450562000,1785153444450649000,1785153444450652000,1785153444450652000,1785153444450652000,121932490,121652369,-193.121,0.000,0.000,1.000,3.000,0.000,0.000,67.000,0,0,0
B3_zmq_pushpull,zmq_tcp,none,none,,1,7991,512,584,1785153444451506000,1785153444451506000,1785153444451506000,1785153444451507000,1785153444451670000,1785153444451672000,1785153444451672000,1785153444451672000,121932490,121652369,-117.121,0.000,0.000,1.000,2.000,0.000,0.000,76.000,0,0,0
B3_zmq_pushpull,zmq_tcp,none,none,,1,7992,512,584,1785153444452519000,1785153444452519000,1785153444452519000,1785153444452520000,1785153444452679000,1785153444452681000,1785153444452681000,1785153444452681000,121932490,121652369,-121.121,0.000,0.000,1.000,2.000,0.000,0.000,4.000,0,0,0
B3_zmq_pushpull,zmq_tcp,none,none,,1,7993,512,584,1785153444453519000,1785153444453520000,1785153444453520000,1785153444453521000,1785153444453688000,1785153444453691000,1785153444453691000,1785153444453691000,121932490,121652369,-113.121,1.000,0.000,1.000,3.000,0.000,0.000,8.000,0,0,0
B3_zmq_pushpull,zmq_tcp,none,none,,1,7994,512,584,1785153444454517000,1785153444454518000,1785153444454518000,1785153444454519000,1785153444454696000,1785153444454698000,1785153444454698000,1785153444454698000,121932490,121652369,-103.121,1.000,0.000,1.000,2.000,0.000,0.000,10.000,0,0,0
B3_zmq_pushpull,zmq_tcp,none,none,,1,7995,512,584,1785153444455403000,1785153444455403000,1785153444455403000,1785153444455404000,1785153444455557000,1785153444455561000,1785153444455561000,1785153444455561000,121932490,121652369,-127.121,0.000,0.000,1.000,4.000,0.000,0.000,24.000,0,0,0
B3_zmq_pushpull,zmq_tcp,none,none,,1,7996,512,584,1785153444456403000,1785153444456403000,1785153444456403000,1785153444456404000,1785153444456559000,1785153444456562000,1785153444456562000,1785153444456562000,121932490,121652369,-125.121,0.000,0.000,1.000,3.000,0.000,0.000,2.000,0,0,0
B3_zmq_pushpull,zmq_tcp,none,none,,1,7997,512,584,1785153444457400000,1785153444457400000,1785153444457400000,1785153444457401000,1785153444457556000,1785153444457559000,1785153444457559000,1785153444457559000,121932490,121652369,-125.121,0.000,0.000,1.000,3.000,0.000,0.000,0.000,0,0,0
B3_zmq_pushpull,zmq_tcp,none,none,,1,7998,512,584,1785153444458547000,1785153444458547000,1785153444458547000,1785153444458548000,1785153444458713000,1785153444458716000,1785153444458716000,1785153444458716000,121932490,121652369,-115.121,0.000,0.000,1.000,3.000,0.000,0.000,10.000,0,0,0
B3_zmq_pushpull,zmq_tcp,none,none,,1,7999,512,584,1785153444459506000,1785153444459506000,1785153444459506000,1785153444459507000,1785153444459705000,1785153444459711000,1785153444459711000,1785153444459711000,121932490,121652369,-82.121,0.000,0.000,1.000,6.000,0.000,0.000,33.000,0,0,0
B3_zmq_pushpull,zmq_tcp,none,none,,1,8000,512,584,1785153444460412000,1785153444460412000,1785153444460412000,1785153444460413000,1785153444460571000,1785153444460573000,1785153444460574000,1785153444460574000,121932490,121652369,-122.121,0.000,0.000,1.000,2.000,1.000,0.000,40.000,0,0,0
B3_zmq_pushpull,zmq_tcp,none,none,,1,8001,512,584,1785153444461433000,1785153444461434000,1785153444461434000,1785153444461435000,1785153444461587000,1785153444461590000,1785153444461590000,1785153444461590000,121932490,121652369,-128.121,1.000,0.000,1.000,3.000,0.000,0.000,6.000,0,0,0
B3_zmq_pushpull,zmq_tcp,none,none,,1,8002,512,584,1785153444462541000,1785153444462541000,1785153444462541000,1785153444462542000,1785153444462735000,1785153444462737000,1785153444462737000,1785153444462737000,121932490,121652369,-87.121,0.000,0.000,1.000,2.000,0.000,0.000,41.000,0,0,0
B3_zmq_pushpull,zmq_tcp,none,none,,1,8003,512,584,1785153444463507000,1785153444463507000,1785153444463507000,1785153444463508000,1785153444463583000,1785153444463586000,1785153444463586000,1785153444463586000,121932490,121652369,-205.121,0.000,0.000,1.000,3.000,0.000,0.000,118.000,0,0,0
B3_zmq_pushpull,zmq_tcp,none,none,,1,8004,512,584,1785153444464520000,1785153444464520000,1785153444464520000,1785153444464521000,1785153444464588000,1785153444464596000,1785153444464596000,1785153444464596000,121932490,121652369,-213.121,0.000,0.000,1.000,8.000,0.000,0.000,8.000,0,0,0
B3_zmq_pushpull,zmq_tcp,none,none,,1,8005,512,584,1785153444465515000,1785153444465516000,1785153444465516000,1785153444465517000,1785153444465589000,1785153444465591000,1785153444465591000,1785153444465591000,121932490,121652369,-208.121,1.000,0.000,1.000,2.000,0.000,0.000,5.000,0,0,0
B3_zmq_pushpull,zmq_tcp,none,none,,1,8006,512,584,1785153444466519000,1785153444466519000,1785153444466520000,1785153444466520000,1785153444466598000,1785153444466600000,1785153444466600000,1785153444466600000,121932490,121652369,-202.121,0.000,1.000,0.000,2.000,0.000,0.000,6.000,0,0,0
B3_zmq_pushpull,zmq_tcp,none,none,,1,8007,512,584,1785153444467513000,1785153444467513000,1785153444467513000,1785153444467514000,1785153444467608000,1785153444467611000,1785153444467611000,1785153444467611000,121932490,121652369,-186.121,0.000,0.000,1.000,3.000,0.000,0.000,16.000,0,0,0
B3_zmq_pushpull,zmq_tcp,none,none,,1,8008,512,584,1785153444468519000,1785153444468519000,1785153444468519000,1785153444468520000,1785153444468623000,1785153444468626000,1785153444468626000,1785153444468626000,121932490,121652369,-177.121,0.000,0.000,1.000,3.000,0.000,0.000,9.000,0,0,0
B3_zmq_pushpull,zmq_tcp,none,none,,1,8009,512,584,1785153444469516000,1785153444469517000,1785153444469517000,1785153444469518000,1785153444469628000,1785153444469631000,1785153444469631000,1785153444469631000,121932490,121652369,-170.121,1.000,0.000,1.000,3.000,0.000,0.000,7.000,0,0,0
B3_zmq_pushpull,zmq_tcp,none,none,,1,8010,512,584,1785153444470516000,1785153444470516000,1785153444470517000,1785153444470518000,1785153444470617000,1785153444470620000,1785153444470620000,1785153444470620000,121932490,121652369,-181.121,0.000,1.000,1.000,3.000,0.000,0.000,11.000,0,0,0
B3_zmq_pushpull,zmq_tcp,none,none,,1,8011,512,584,1785153444471514000,1785153444471514000,1785153444471514000,1785153444471515000,1785153444471621000,1785153444471624000,1785153444471624000,1785153444471624000,121932490,121652369,-174.121,0.000,0.000,1.000,3.000,0.000,0.000,7.000,0,0,0
B3_zmq_pushpull,zmq_tcp,none,none,,1,8012,512,584,1785153444472518000,1785153444472518000,1785153444472518000,1785153444472519000,1785153444472627000,1785153444472630000,1785153444472630000,1785153444472630000,121932490,121652369,-172.121,0.000,0.000,1.000,3.000,0.000,0.000,2.000,0,0,0
B3_zmq_pushpull,zmq_tcp,none,none,,1,8013,512,584,1785153444473517000,1785153444473517000,1785153444473517000,1785153444473518000,1785153444473624000,1785153444473627000,1785153444473627000,1785153444473627000,121932490,121652369,-174.121,0.000,0.000,1.000,3.000,0.000,0.000,2.000,0,0,0
B3_zmq_pushpull,zmq_tcp,none,none,,1,8014,512,584,1785153444474518000,1785153444474518000,1785153444474518000,1785153444474519000,1785153444474611000,1785153444474614000,1785153444474614000,1785153444474614000,121932490,121652369,-188.121,0.000,0.000,1.000,3.000,0.000,0.000,14.000,0,0,0
B3_zmq_pushpull,zmq_tcp,none,none,,1,8015,512,584,1785153444475515000,1785153444475515000,1785153444475515000,1785153444475516000,1785153444475611000,1785153444475614000,1785153444475614000,1785153444475614000,121932490,121652369,-185.121,0.000,0.000,1.000,3.000,0.000,0.000,3.000,0,0,0
B3_zmq_pushpull,zmq_tcp,none,none,,1,8016,512,584,1785153444476517000,1785153444476517000,1785153444476517000,1785153444476518000,1785153444476616000,1785153444476619000,1785153444476619000,1785153444476619000,121932490,121652369,-182.121,0.000,0.000,1.000,3.000,0.000,0.000,3.000,0,0,0
B3_zmq_pushpull,zmq_tcp,none,none,,1,8017,512,584,1785153444477517000,1785153444477518000,1785153444477518000,1785153444477519000,1785153444477599000,1785153444477601000,1785153444477602000,1785153444477602000,121932490,121652369,-200.121,1.000,0.000,1.000,2.000,1.000,0.000,18.000,0,0,0
B3_zmq_pushpull,zmq_tcp,none,none,,1,8018,512,584,1785153444478516000,1785153444478517000,1785153444478517000,1785153444478518000,1785153444478612000,1785153444478615000,1785153444478615000,1785153444478615000,121932490,121652369,-186.121,1.000,0.000,1.000,3.000,0.000,0.000,14.000,0,0,0
B3_zmq_pushpull,zmq_tcp,none,none,,1,8019,512,584,1785153444479514000,1785153444479514000,1785153444479514000,1785153444479515000,1785153444479606000,1785153444479608000,1785153444479608000,1785153444479608000,121932490,121652369,-189.121,0.000,0.000,1.000,2.000,0.000,0.000,3.000,0,0,0
B3_zmq_pushpull,zmq_tcp,none,none,,1,8020,512,584,1785153444480521000,1785153444480521000,1785153444480521000,1785153444480522000,1785153444480618000,1785153444480620000,1785153444480620000,1785153444480620000,121932490,121652369,-184.121,0.000,0.000,1.000,2.000,0.000,0.000,5.000,0,0,0
B3_zmq_pushpull,zmq_tcp,none,none,,1,8021,512,584,1785153444481516000,1785153444481517000,1785153444481517000,1785153444481518000,1785153444481635000,1785153444481637000,1785153444481638000,1785153444481638000,121932490,121652369,-163.121,1.000,0.000,1.000,2.000,1.000,0.000,21.000,0,0,0
B3_zmq_pushpull,zmq_tcp,none,none,,1,8022,512,584,1785153444482518000,1785153444482518000,1785153444482519000,1785153444482519000,1785153444482615000,1785153444482618000,1785153444482618000,1785153444482618000,121932490,121652369,-184.121,0.000,1.000,0.000,3.000,0.000,0.000,21.000,0,0,0
B3_zmq_pushpull,zmq_tcp,none,none,,1,8023,512,584,1785153444483514000,1785153444483514000,1785153444483514000,1785153444483515000,1785153444483596000,1785153444483600000,1785153444483600000,1785153444483600000,121932490,121652369,-199.121,0.000,0.000,1.000,4.000,0.000,0.000,15.000,0,0,0
B3_zmq_pushpull,zmq_tcp,none,none,,1,8024,512,584,1785153444484521000,1785153444484521000,1785153444484521000,1785153444484522000,1785153444484600000,1785153444484603000,1785153444484603000,1785153444484603000,121932490,121652369,-202.121,0.000,0.000,1.000,3.000,0.000,0.000,3.000,0,0,0
B3_zmq_pushpull,zmq_tcp,none,none,,1,8025,512,584,1785153444485520000,1785153444485520000,1785153444485520000,1785153444485521000,1785153444485608000,1785153444485611000,1785153444485611000,1785153444485611000,121932490,121652369,-193.121,0.000,0.000,1.000,3.000,0.000,0.000,9.000,0,0,0
B3_zmq_pushpull,zmq_tcp,none,none,,1,8026,512,584,1785153444486516000,1785153444486517000,1785153444486517000,1785153444486518000,1785153444486612000,1785153444486615000,1785153444486615000,1785153444486615000,121932490,121652369,-186.121,1.000,0.000,1.000,3.000,0.000,0.000,7.000,0,0,0
B3_zmq_pushpull,zmq_tcp,none,none,,1,8027,512,584,1785153444487517000,1785153444487517000,1785153444487517000,1785153444487518000,1785153444487622000,1785153444487624000,1785153444487624000,1785153444487624000,121932490,121652369,-176.121,0.000,0.000,1.000,2.000,0.000,0.000,10.000,0,0,0
B3_zmq_pushpull,zmq_tcp,none,none,,1,8028,512,584,1785153444488518000,1785153444488518000,1785153444488518000,1785153444488519000,1785153444488639000,1785153444488644000,1785153444488644000,1785153444488644000,121932490,121652369,-160.121,0.000,0.000,1.000,5.000,0.000,0.000,16.000,0,0,0
B3_zmq_pushpull,zmq_tcp,none,none,,1,8029,512,584,1785153444489517000,1785153444489517000,1785153444489517000,1785153444489518000,1785153444489642000,1785153444489645000,1785153444489645000,1785153444489645000,121932490,121652369,-156.121,0.000,0.000,1.000,3.000,0.000,0.000,4.000,0,0,0
B3_zmq_pushpull,zmq_tcp,none,none,,1,8030,512,584,1785153444490515000,1785153444490515000,1785153444490515000,1785153444490516000,1785153444490638000,1785153444490640000,1785153444490640000,1785153444490640000,121932490,121652369,-158.121,0.000,0.000,1.000,2.000,0.000,0.000,2.000,0,0,0
B3_zmq_pushpull,zmq_tcp,none,none,,1,8031,512,584,1785153444491517000,1785153444491517000,1785153444491517000,1785153444491518000,1785153444491634000,1785153444491636000,1785153444491636000,1785153444491636000,121932490,121652369,-164.121,0.000,0.000,1.000,2.000,0.000,0.000,6.000,0,0,0
B3_zmq_pushpull,zmq_tcp,none,none,,1,8032,512,584,1785153444492519000,1785153444492519000,1785153444492519000,1785153444492520000,1785153444492647000,1785153444492650000,1785153444492650000,1785153444492650000,121932490,121652369,-153.121,0.000,0.000,1.000,3.000,0.000,0.000,11.000,0,0,0
B3_zmq_pushpull,zmq_tcp,none,none,,1,8033,512,584,1785153444493515000,1785153444493515000,1785153444493515000,1785153444493516000,1785153444493651000,1785153444493653000,1785153444493654000,1785153444493654000,121932490,121652369,-145.121,0.000,0.000,1.000,2.000,1.000,0.000,8.000,0,0,0
B3_zmq_pushpull,zmq_tcp,none,none,,1,8034,512,584,1785153444494517000,1785153444494517000,1785153444494517000,1785153444494518000,1785153444494666000,1785153444494668000,1785153444494668000,1785153444494668000,121932490,121652369,-132.121,0.000,0.000,1.000,2.000,0.000,0.000,13.000,0,0,0
B3_zmq_pushpull,zmq_tcp,none,none,,1,8035,512,584,1785153444495517000,1785153444495517000,1785153444495517000,1785153444495518000,1785153444495667000,1785153444495670000,1785153444495670000,1785153444495670000,121932490,121652369,-131.121,0.000,0.000,1.000,3.000,0.000,0.000,1.000,0,0,0
B3_zmq_pushpull,zmq_tcp,none,none,,1,8036,512,584,1785153444496516000,1785153444496517000,1785153444496517000,1785153444496518000,1785153444496682000,1785153444496684000,1785153444496684000,1785153444496684000,121932490,121652369,-116.121,1.000,0.000,1.000,2.000,0.000,0.000,15.000,0,0,0
B3_zmq_pushpull,zmq_tcp,none,none,,1,8037,512,584,1785153444497514000,1785153444497514000,1785153444497514000,1785153444497515000,1785153444497687000,1785153444497690000,1785153444497690000,1785153444497690000,121932490,121652369,-108.121,0.000,0.000,1.000,3.000,0.000,0.000,8.000,0,0,0
B3_zmq_pushpull,zmq_tcp,none,none,,1,8038,512,584,1785153444498518000,1785153444498518000,1785153444498518000,1785153444498519000,1785153444498564000,1785153444498568000,1785153444498568000,1785153444498568000,121932490,121652369,-235.121,0.000,0.000,1.000,4.000,0.000,0.000,127.000,0,0,0
B3_zmq_pushpull,zmq_tcp,none,none,,1,8039,512,584,1785153444499428000,1785153444499428000,1785153444499428000,1785153444499429000,1785153444499588000,1785153444499591000,1785153444499591000,1785153444499591000,121932490,121652369,-121.121,0.000,0.000,1.000,3.000,0.000,0.000,114.000,0,0,0
B3_zmq_pushpull,zmq_tcp,none,none,,1,8040,512,584,1785153444500544000,1785153444500544000,1785153444500544000,1785153444500545000,1785153444500732000,1785153444500735000,1785153444500735000,1785153444500735000,121932490,121652369,-93.121,0.000,0.000,1.000,3.000,0.000,0.000,28.000,0,0,0
B3_zmq_pushpull,zmq_tcp,none,none,,1,8041,512,584,1785153444501506000,1785153444501506000,1785153444501506000,1785153444501507000,1785153444501599000,1785153444501602000,1785153444501602000,1785153444501602000,121932490,121652369,-188.121,0.000,0.000,1.000,3.000,0.000,0.000,95.000,0,0,0
B3_zmq_pushpull,zmq_tcp,none,none,,1,8042,512,584,1785153444502524000,1785153444502524000,1785153444502524000,1785153444502525000,1785153444502612000,1785153444502615000,1785153444502615000,1785153444502615000,121932490,121652369,-193.121,0.000,0.000,1.000,3.000,0.000,0.000,5.000,0,0,0
B3_zmq_pushpull,zmq_tcp,none,none,,1,8043,512,584,1785153444503515000,1785153444503515000,1785153444503515000,1785153444503516000,1785153444503616000,1785153444503620000,1785153444503620000,1785153444503620000,121932490,121652369,-180.121,0.000,0.000,1.000,4.000,0.000,0.000,13.000,0,0,0
B3_zmq_pushpull,zmq_tcp,none,none,,1,8044,512,584,1785153444504518000,1785153444504518000,1785153444504518000,1785153444504519000,1785153444504626000,1785153444504628000,1785153444504628000,1785153444504628000,121932490,121652369,-173.121,0.000,0.000,1.000,2.000,0.000,0.000,7.000,0,0,0
B3_zmq_pushpull,zmq_tcp,none,none,,1,8045,512,584,1785153444505514000,1785153444505514000,1785153444505514000,1785153444505515000,1785153444505616000,1785153444505618000,1785153444505619000,1785153444505619000,121932490,121652369,-179.121,0.000,0.000,1.000,2.000,1.000,0.000,6.000,0,0,0
B3_zmq_pushpull,zmq_tcp,none,none,,1,8046,512,584,1785153444506518000,1785153444506518000,1785153444506518000,1785153444506519000,1785153444506628000,1785153444506631000,1785153444506631000,1785153444506631000,121932490,121652369,-171.121,0.000,0.000,1.000,3.000,0.000,0.000,8.000,0,0,0
B3_zmq_pushpull,zmq_tcp,none,none,,1,8047,512,584,1785153444507518000,1785153444507518000,1785153444507518000,1785153444507519000,1785153444507634000,1785153444507637000,1785153444507637000,1785153444507637000,121932490,121652369,-165.121,0.000,0.000,1.000,3.000,0.000,0.000,6.000,0,0,0
B3_zmq_pushpull,zmq_tcp,none,none,,1,8048,512,584,1785153444508517000,1785153444508517000,1785153444508517000,1785153444508518000,1785153444508647000,1785153444508650000,1785153444508650000,1785153444508650000,121932490,121652369,-151.121,0.000,0.000,1.000,3.000,0.000,0.000,14.000,0,0,0
B3_zmq_pushpull,zmq_tcp,none,none,,1,8049,512,584,1785153444509515000,1785153444509515000,1785153444509515000,1785153444509516000,1785153444509661000,1785153444509664000,1785153444509664000,1785153444509664000,121932490,121652369,-135.121,0.000,0.000,1.000,3.000,0.000,0.000,16.000,0,0,0
B3_zmq_pushpull,zmq_tcp,none,none,,1,8050,512,584,1785153444510519000,1785153444510519000,1785153444510520000,1785153444510520000,1785153444510680000,1785153444510683000,1785153444510683000,1785153444510683000,121932490,121652369,-120.121,0.000,1.000,0.000,3.000,0.000,0.000,15.000,0,0,0
B3_zmq_pushpull,zmq_tcp,none,none,,1,8051,512,584,1785153444511391000,1785153444511391000,1785153444511391000,1785153444511392000,1785153444511548000,1785153444511551000,1785153444511551000,1785153444511551000,121932490,121652369,-124.121,0.000,0.000,1.000,3.000,0.000,0.000,4.000,0,0,0
B3_zmq_pushpull,zmq_tcp,none,none,,1,8052,512,584,1785153444512389000,1785153444512389000,1785153444512389000,1785153444512390000,1785153444512546000,1785153444512548000,1785153444512548000,1785153444512548000,121932490,121652369,-124.121,0.000,0.000,1.000,2.000,0.000,0.000,0.000,0,0,0
B3_zmq_pushpull,zmq_tcp,none,none,,1,8053,512,584,1785153444513398000,1785153444513398000,1785153444513398000,1785153444513399000,1785153444513556000,1785153444513559000,1785153444513559000,1785153444513559000,121932490,121652369,-123.121,0.000,0.000,1.000,3.000,0.000,0.000,1.000,0,0,0
B3_zmq_pushpull,zmq_tcp,none,none,,1,8054,512,584,1785153444514546000,1785153444514546000,1785153444514546000,1785153444514547000,1785153444514708000,1785153444514711000,1785153444514711000,1785153444514711000,121932490,121652369,-119.121,0.000,0.000,1.000,3.000,0.000,0.000,4.000,0,0,0
B3_zmq_pushpull,zmq_tcp,none,none,,1,8055,512,584,1785153444515513000,1785153444515513000,1785153444515513000,1785153444515514000,1785153444515712000,1785153444515715000,1785153444515715000,1785153444515715000,121932490,121652369,-82.121,0.000,0.000,1.000,3.000,0.000,0.000,37.000,0,0,0
B3_zmq_pushpull,zmq_tcp,none,none,,1,8056,512,584,1785153444516517000,1785153444516517000,1785153444516517000,1785153444516518000,1785153444516576000,1785153444516580000,1785153444516580000,1785153444516580000,121932490,121652369,-222.121,0.000,0.000,1.000,4.000,0.000,0.000,140.000,0,0,0
B3_zmq_pushpull,zmq_tcp,none,none,,1,8057,512,584,1785153444517418000,1785153444517418000,1785153444517418000,1785153444517419000,1785153444517576000,1785153444517579000,1785153444517579000,1785153444517579000,121932490,121652369,-123.121,0.000,0.000,1.000,3.000,0.000,0.000,99.000,0,0,0
B3_zmq_pushpull,zmq_tcp,none,none,,1,8058,512,584,1785153444518542000,1785153444518542000,1785153444518543000,1785153444518543000,1785153444518703000,1785153444518706000,1785153444518706000,1785153444518706000,121932490,121652369,-120.121,0.000,1.000,0.000,3.000,0.000,0.000,3.000,0,0,0
B3_zmq_pushpull,zmq_tcp,none,none,,1,8059,512,584,1785153444519506000,1785153444519507000,1785153444519507000,1785153444519508000,1785153444519571000,1785153444519574000,1785153444519574000,1785153444519574000,121932490,121652369,-217.121,1.000,0.000,1.000,3.000,0.000,0.000,97.000,0,0,0
B3_zmq_pushpull,zmq_tcp,none,none,,1,8060,512,584,1785153444520519000,1785153444520519000,1785153444520519000,1785153444520520000,1785153444520581000,1785153444520585000,1785153444520585000,1785153444520585000,121932490,121652369,-219.121,0.000,0.000,1.000,4.000,0.000,0.000,2.000,0,0,0
B3_zmq_pushpull,zmq_tcp,none,none,,1,8061,512,584,1785153444521517000,1785153444521517000,1785153444521517000,1785153444521518000,1785153444521596000,1785153444521599000,1785153444521599000,1785153444521599000,121932490,121652369,-202.121,0.000,0.000,1.000,3.000,0.000,0.000,17.000,0,0,0
B3_zmq_pushpull,zmq_tcp,none,none,,1,8062,512,584,1785153444522517000,1785153444522517000,1785153444522517000,1785153444522518000,1785153444522612000,1785153444522615000,1785153444522615000,1785153444522615000,121932490,121652369,-186.121,0.000,0.000,1.000,3.000,0.000,0.000,16.000,0,0,0
B3_zmq_pushpull,zmq_tcp,none,none,,1,8063,512,584,1785153444523325000,1785153444523325000,1785153444523325000,1785153444523326000,1785153444523472000,1785153444523475000,1785153444523475000,1785153444523475000,121932490,121652369,-134.121,0.000,0.000,1.000,3.000,0.000,0.000,52.000,0,0,0
B3_zmq_pushpull,zmq_tcp,none,none,,1,8064,512,584,1785153444524446000,1785153444524446000,1785153444524446000,1785153444524448000,1785153444524606000,1785153444524609000,1785153444524609000,1785153444524609000,121932490,121652369,-122.121,0.000,0.000,2.000,3.000,0.000,0.000,12.000,0,0,0
B3_zmq_pushpull,zmq_tcp,none,none,,1,8065,512,584,1785153444525537000,1785153444525537000,1785153444525537000,1785153444525538000,1785153444525606000,1785153444525609000,1785153444525609000,1785153444525609000,121932490,121652369,-212.121,0.000,0.000,1.000,3.000,0.000,0.000,90.000,0,0,0
B3_zmq_pushpull,zmq_tcp,none,none,,1,8066,512,584,1785153444526512000,1785153444526512000,1785153444526512000,1785153444526513000,1785153444526590000,1785153444526592000,1785153444526592000,1785153444526592000,121932490,121652369,-203.121,0.000,0.000,1.000,2.000,0.000,0.000,9.000,0,0,0
B3_zmq_pushpull,zmq_tcp,none,none,,1,8067,512,584,1785153444527519000,1785153444527519000,1785153444527519000,1785153444527520000,1785153444527588000,1785153444527591000,1785153444527591000,1785153444527591000,121932490,121652369,-212.121,0.000,0.000,1.000,3.000,0.000,0.000,9.000,0,0,0
B3_zmq_pushpull,zmq_tcp,none,none,,1,8068,512,584,1785153444528517000,1785153444528517000,1785153444528517000,1785153444528518000,1785153444528597000,1785153444528599000,1785153444528599000,1785153444528599000,121932490,121652369,-201.121,0.000,0.000,1.000,2.000,0.000,0.000,11.000,0,0,0
B3_zmq_pushpull,zmq_tcp,none,none,,1,8069,512,584,1785153444529521000,1785153444529521000,1785153444529521000,1785153444529522000,1785153444529593000,1785153444529596000,1785153444529596000,1785153444529596000,121932490,121652369,-209.121,0.000,0.000,1.000,3.000,0.000,0.000,8.000,0,0,0
B3_zmq_pushpull,zmq_tcp,none,none,,1,8070,512,584,1785153444530444000,1785153444530444000,1785153444530444000,1785153444530445000,1785153444530607000,1785153444530611000,1785153444530611000,1785153444530611000,121932490,121652369,-118.121,0.000,0.000,1.000,4.000,0.000,0.000,91.000,0,0,0
B3_zmq_pushpull,zmq_tcp,none,none,,1,8071,512,584,1785153444531536000,1785153444531536000,1785153444531536000,1785153444531537000,1785153444531615000,1785153444531618000,1785153444531618000,1785153444531618000,121932490,121652369,-202.121,0.000,0.000,1.000,3.000,0.000,0.000,84.000,0,0,0
B3_zmq_pushpull,zmq_tcp,none,none,,1,8072,512,584,1785153444532513000,1785153444532513000,1785153444532513000,1785153444532514000,1785153444532610000,1785153444532612000,1785153444532612000,1785153444532612000,121932490,121652369,-184.121,0.000,0.000,1.000,2.000,0.000,0.000,18.000,0,0,0
B3_zmq_pushpull,zmq_tcp,none,none,,1,8073,512,584,1785153444533518000,1785153444533518000,1785153444533518000,1785153444533519000,1785153444533594000,1785153444533596000,1785153444533596000,1785153444533597000,121932490,121652369,-205.121,0.000,0.000,1.000,2.000,0.000,1.000,21.000,0,0,0
B3_zmq_pushpull,zmq_tcp,none,none,,1,8074,512,584,1785153444534515000,1785153444534515000,1785153444534515000,1785153444534516000,1785153444534594000,1785153444534597000,1785153444534597000,1785153444534597000,121932490,121652369,-202.121,0.000,0.000,1.000,3.000,0.000,0.000,3.000,0,0,0
B3_zmq_pushpull,zmq_tcp,none,none,,1,8075,512,584,1785153444535518000,1785153444535518000,1785153444535518000,1785153444535519000,1785153444535606000,1785153444535609000,1785153444535609000,1785153444535609000,121932490,121652369,-193.121,0.000,0.000,1.000,3.000,0.000,0.000,9.000,0,0,0
B3_zmq_pushpull,zmq_tcp,none,none,,1,8076,512,584,1785153444536517000,1785153444536517000,1785153444536517000,1785153444536518000,1785153444536624000,1785153444536633000,1785153444536633000,1785153444536633000,121932490,121652369,-174.121,0.000,0.000,1.000,9.000,0.000,0.000,19.000,0,0,0
B3_zmq_pushpull,zmq_tcp,none,none,,1,8077,512,584,1785153444537518000,1785153444537518000,1785153444537518000,1785153444537519000,1785153444537642000,1785153444537645000,1785153444537645000,1785153444537645000,121932490,121652369,-157.121,0.000,0.000,1.000,3.000,0.000,0.000,17.000,0,0,0
B3_zmq_pushpull,zmq_tcp,none,none,,1,8078,512,584,1785153444538516000,1785153444538516000,1785153444538516000,1785153444538517000,1785153444538632000,1785153444538635000,1785153444538635000,1785153444538635000,121932490,121652369,-165.121,0.000,0.000,1.000,3.000,0.000,0.000,8.000,0,0,0
B3_zmq_pushpull,zmq_tcp,none,none,,1,8079,512,584,1785153444539517000,1785153444539517000,1785153444539517000,1785153444539518000,1785153444539633000,1785153444539636000,1785153444539636000,1785153444539636000,121932490,121652369,-165.121,0.000,0.000,1.000,3.000,0.000,0.000,0.000,0,0,0
B3_zmq_pushpull,zmq_tcp,none,none,,1,8080,512,584,1785153444540517000,1785153444540517000,1785153444540517000,1785153444540518000,1785153444540628000,1785153444540631000,1785153444540631000,1785153444540631000,121932490,121652369,-170.121,0.000,0.000,1.000,3.000,0.000,0.000,5.000,0,0,0
B3_zmq_pushpull,zmq_tcp,none,none,,1,8081,512,584,1785153444541518000,1785153444541518000,1785153444541518000,1785153444541519000,1785153444541647000,1785153444541655000,1785153444541655000,1785153444541655000,121932490,121652369,-152.121,0.000,0.000,1.000,8.000,0.000,0.000,18.000,0,0,0
B3_zmq_pushpull,zmq_tcp,none,none,,1,8082,512,584,1785153444542513000,1785153444542513000,1785153444542513000,1785153444542514000,1785153444542639000,1785153444542642000,1785153444542642000,1785153444542642000,121932490,121652369,-155.121,0.000,0.000,1.000,3.000,0.000,0.000,3.000,0,0,0
B3_zmq_pushpull,zmq_tcp,none,none,,1,8083,512,584,1785153444543518000,1785153444543518000,1785153444543518000,1785153444543519000,1785153444543645000,1785153444543648000,1785153444543648000,1785153444543648000,121932490,121652369,-154.121,0.000,0.000,1.000,3.000,0.000,0.000,1.000,0,0,0
B3_zmq_pushpull,zmq_tcp,none,none,,1,8084,512,584,1785153444544516000,1785153444544516000,1785153444544516000,1785153444544517000,1785153444544660000,1785153444544663000,1785153444544663000,1785153444544663000,121932490,121652369,-137.121,0.000,0.000,1.000,3.000,0.000,0.000,17.000,0,0,0
B3_zmq_pushpull,zmq_tcp,none,none,,1,8085,512,584,1785153444545373000,1785153444545374000,1785153444545374000,1785153444545375000,1785153444545509000,1785153444545512000,1785153444545512000,1785153444545512000,121932490,121652369,-146.121,1.000,0.000,1.000,3.000,0.000,0.000,9.000,0,0,0
B3_zmq_pushpull,zmq_tcp,none,none,,1,8086,512,584,1785153444546550000,1785153444546550000,1785153444546550000,1785153444546551000,1785153444546636000,1785153444546639000,1785153444546639000,1785153444546639000,121932490,121652369,-195.121,0.000,0.000,1.000,3.000,0.000,0.000,49.000,0,0,0
B3_zmq_pushpull,zmq_tcp,none,none,,1,8087,512,584,1785153444547510000,1785153444547510000,1785153444547510000,1785153444547511000,1785153444547635000,1785153444547638000,1785153444547638000,1785153444547638000,121932490,121652369,-156.121,0.000,0.000,1.000,3.000,0.000,0.000,39.000,0,0,0
B3_zmq_pushpull,zmq_tcp,none,none,,1,8088,512,584,1785153444548518000,1785153444548518000,1785153444548518000,1785153444548519000,1785153444548658000,1785153444548660000,1785153444548660000,1785153444548660000,121932490,121652369,-141.121,0.000,0.000,1.000,2.000,0.000,0.000,15.000,0,0,0
B3_zmq_pushpull,zmq_tcp,none,none,,1,8089,512,584,1785153444549513000,1785153444549513000,1785153444549513000,1785153444549514000,1785153444549673000,1785153444549676000,1785153444549676000,1785153444549676000,121932490,121652369,-121.121,0.000,0.000,1.000,3.000,0.000,0.000,20.000,0,0,0
B3_zmq_pushpull,zmq_tcp,none,none,,1,8090,512,584,1785153444550373000,1785153444550373000,1785153444550373000,1785153444550374000,1785153444550519000,1785153444550522000,1785153444550522000,1785153444550522000,121932490,121652369,-135.121,0.000,0.000,1.000,3.000,0.000,0.000,14.000,0,0,0
B3_zmq_pushpull,zmq_tcp,none,none,,1,8091,512,584,1785153444551556000,1785153444551556000,1785153444551556000,1785153444551557000,1785153444551660000,1785153444551663000,1785153444551663000,1785153444551663000,121932490,121652369,-177.121,0.000,0.000,1.000,3.000,0.000,0.000,42.000,0,0,0
B3_zmq_pushpull,zmq_tcp,none,none,,1,8092,512,584,1785153444552505000,1785153444552506000,1785153444552506000,1785153444552507000,1785153444552661000,1785153444552663000,1785153444552663000,1785153444552663000,121932490,121652369,-126.121,1.000,0.000,1.000,2.000,0.000,0.000,51.000,0,0,0
B3_zmq_pushpull,zmq_tcp,none,none,,1,8093,512,584,1785153444553362000,1785153444553362000,1785153444553362000,1785153444553363000,1785153444553506000,1785153444553509000,1785153444553509000,1785153444553509000,121932490,121652369,-137.121,0.000,0.000,1.000,3.000,0.000,0.000,11.000,0,0,0
B3_zmq_pushpull,zmq_tcp,none,none,,1,8094,512,584,1785153444554556000,1785153444554556000,1785153444554556000,1785153444554557000,1785153444554653000,1785153444554662000,1785153444554662000,1785153444554662000,121932490,121652369,-184.121,0.000,0.000,1.000,9.000,0.000,0.000,47.000,0,0,0
B3_zmq_pushpull,zmq_tcp,none,none,,1,8095,512,584,1785153444555349000,1785153444555349000,1785153444555349000,1785153444555350000,1785153444555503000,1785153444555506000,1785153444555506000,1785153444555506000,121932490,121652369,-127.121,0.000,0.000,1.000,3.000,0.000,0.000,57.000,0,0,0
B3_zmq_pushpull,zmq_tcp,none,none,,1,8096,512,584,1785153444556354000,1785153444556354000,1785153444556354000,1785153444556355000,1785153444556514000,1785153444556517000,1785153444556517000,1785153444556517000,121932490,121652369,-121.121,0.000,0.000,1.000,3.000,0.000,0.000,6.000,0,0,0
B3_zmq_pushpull,zmq_tcp,none,none,,1,8097,512,584,1785153444557561000,1785153444557561000,1785153444557561000,1785153444557562000,1785153444557639000,1785153444557641000,1785153444557641000,1785153444557641000,121932490,121652369,-203.121,0.000,0.000,1.000,2.000,0.000,0.000,82.000,0,0,0
B3_zmq_pushpull,zmq_tcp,none,none,,1,8098,512,584,1785153444558506000,1785153444558506000,1785153444558506000,1785153444558507000,1785153444558642000,1785153444558645000,1785153444558645000,1785153444558645000,121932490,121652369,-145.121,0.000,0.000,1.000,3.000,0.000,0.000,58.000,0,0,0
B3_zmq_pushpull,zmq_tcp,none,none,,1,8099,512,584,1785153444559331000,1785153444559331000,1785153444559331000,1785153444559332000,1785153444559485000,1785153444559488000,1785153444559488000,1785153444559488000,121932490,121652369,-127.121,0.000,0.000,1.000,3.000,0.000,0.000,18.000,0,0,0
B3_zmq_pushpull,zmq_tcp,none,none,,1,8100,512,584,1785153444560564000,1785153444560564000,1785153444560564000,1785153444560565000,1785153444560605000,1785153444560608000,1785153444560608000,1785153444560608000,121932490,121652369,-240.121,0.000,0.000,1.000,3.000,0.000,0.000,113.000,0,0,0
B3_zmq_pushpull,zmq_tcp,none,none,,1,8101,512,584,1785153444561505000,1785153444561505000,1785153444561505000,1785153444561506000,1785153444561603000,1785153444561605000,1785153444561605000,1785153444561606000,121932490,121652369,-183.121,0.000,0.000,1.000,2.000,0.000,1.000,57.000,0,0,0
B3_zmq_pushpull,zmq_tcp,none,none,,1,8102,512,584,1785153444562520000,1785153444562520000,1785153444562520000,1785153444562521000,1785153444562617000,1785153444562619000,1785153444562619000,1785153444562619000,121932490,121652369,-184.121,0.000,0.000,1.000,2.000,0.000,0.000,1.000,0,0,0
B3_zmq_pushpull,zmq_tcp,none,none,,1,8103,512,584,1785153444563513000,1785153444563513000,1785153444563513000,1785153444563514000,1785153444563621000,1785153444563623000,1785153444563623000,1785153444563623000,121932490,121652369,-173.121,0.000,0.000,1.000,2.000,0.000,0.000,11.000,0,0,0
B3_zmq_pushpull,zmq_tcp,none,none,,1,8104,512,584,1785153444564519000,1785153444564519000,1785153444564519000,1785153444564520000,1785153444564606000,1785153444564609000,1785153444564609000,1785153444564609000,121932490,121652369,-194.121,0.000,0.000,1.000,3.000,0.000,0.000,21.000,0,0,0
B3_zmq_pushpull,zmq_tcp,none,none,,1,8105,512,584,1785153444565518000,1785153444565518000,1785153444565518000,1785153444565519000,1785153444565618000,1785153444565621000,1785153444565621000,1785153444565621000,121932490,121652369,-181.121,0.000,0.000,1.000,3.000,0.000,0.000,13.000,0,0,0
B3_zmq_pushpull,zmq_tcp,none,none,,1,8106,512,584,1785153444566517000,1785153444566517000,1785153444566517000,1785153444566518000,1785153444566609000,1785153444566611000,1785153444566611000,1785153444566611000,121932490,121652369,-189.121,0.000,0.000,1.000,2.000,0.000,0.000,8.000,0,0,0
B3_zmq_pushpull,zmq_tcp,none,none,,1,8107,512,584,1785153444567516000,1785153444567516000,1785153444567516000,1785153444567517000,1785153444567599000,1785153444567602000,1785153444567602000,1785153444567602000,121932490,121652369,-198.121,0.000,0.000,1.000,3.000,0.000,0.000,9.000,0,0,0
B3_zmq_pushpull,zmq_tcp,none,none,,1,8108,512,584,1785153444568443000,1785153444568443000,1785153444568443000,1785153444568444000,1785153444568599000,1785153444568602000,1785153444568602000,1785153444568602000,121932490,121652369,-125.121,0.000,0.000,1.000,3.000,0.000,0.000,73.000,0,0,0
B3_zmq_pushpull,zmq_tcp,none,none,,1,8109,512,584,1785153444569539000,1785153444569539000,1785153444569539000,1785153444569540000,1785153444569602000,1785153444569606000,1785153444569606000,1785153444569606000,121932490,121652369,-218.121,0.000,0.000,1.000,4.000,0.000,0.000,93.000,0,0,0
B3_zmq_pushpull,zmq_tcp,none,none,,1,8110,512,584,1785153444570508000,1785153444570508000,1785153444570508000,1785153444570509000,1785153444570606000,1785153444570609000,1785153444570609000,1785153444570609000,121932490,121652369,-183.121,0.000,0.000,1.000,3.000,0.000,0.000,35.000,0,0,0
B3_zmq_pushpull,zmq_tcp,none,none,,1,8111,512,584,1785153444571523000,1785153444571523000,1785153444571523000,1785153444571524000,1785153444571606000,1785153444571609000,1785153444571609000,1785153444571609000,121932490,121652369,-198.121,0.000,0.000,1.000,3.000,0.000,0.000,15.000,0,0,0
B3_zmq_pushpull,zmq_tcp,none,none,,1,8112,512,584,1785153444572516000,1785153444572516000,1785153444572516000,1785153444572517000,1785153444572619000,1785153444572622000,1785153444572622000,1785153444572622000,121932490,121652369,-178.121,0.000,0.000,1.000,3.000,0.000,0.000,20.000,0,0,0
B3_zmq_pushpull,zmq_tcp,none,none,,1,8113,512,584,1785153444573517000,1785153444573517000,1785153444573517000,1785153444573518000,1785153444573633000,1785153444573636000,1785153444573636000,1785153444573636000,121932490,121652369,-165.121,0.000,0.000,1.000,3.000,0.000,0.000,13.000,0,0,0
B3_zmq_pushpull,zmq_tcp,none,none,,1,8114,512,584,1785153444574514000,1785153444574515000,1785153444574515000,1785153444574516000,1785153444574630000,1785153444574633000,1785153444574633000,1785153444574633000,121932490,121652369,-166.121,1.000,0.000,1.000,3.000,0.000,0.000,1.000,0,0,0
B3_zmq_pushpull,zmq_tcp,none,none,,1,8115,512,584,1785153444575518000,1785153444575518000,1785153444575518000,1785153444575519000,1785153444575639000,1785153444575642000,1785153444575642000,1785153444575642000,121932490,121652369,-160.121,0.000,0.000,1.000,3.000,0.000,0.000,6.000,0,0,0
B3_zmq_pushpull,zmq_tcp,none,none,,1,8116,512,584,1785153444576517000,1785153444576517000,1785153444576517000,1785153444576518000,1785153444576654000,1785153444576657000,1785153444576657000,1785153444576657000,121932490,121652369,-144.121,0.000,0.000,1.000,3.000,0.000,0.000,16.000,0,0,0
B3_zmq_pushpull,zmq_tcp,none,none,,1,8117,512,584,1785153444577517000,1785153444577518000,1785153444577518000,1785153444577519000,1785153444577671000,1785153444577674000,1785153444577674000,1785153444577674000,121932490,121652369,-128.121,1.000,0.000,1.000,3.000,0.000,0.000,16.000,0,0,0
B3_zmq_pushpull,zmq_tcp,none,none,,1,8118,512,584,1785153444578516000,1785153444578516000,1785153444578516000,1785153444578517000,1785153444578672000,1785153444578675000,1785153444578675000,1785153444578675000,121932490,121652369,-125.121,0.000,0.000,1.000,3.000,0.000,0.000,3.000,0,0,0
B3_zmq_pushpull,zmq_tcp,none,none,,1,8119,512,584,1785153444579519000,1785153444579519000,1785153444579519000,1785153444579520000,1785153444579686000,1785153444579689000,1785153444579689000,1785153444579689000,121932490,121652369,-114.121,0.000,0.000,1.000,3.000,0.000,0.000,11.000,0,0,0
B3_zmq_pushpull,zmq_tcp,none,none,,1,8120,512,584,1785153444580517000,1785153444580517000,1785153444580517000,1785153444580518000,1785153444580563000,1785153444580567000,1785153444580567000,1785153444580567000,121932490,121652369,-235.121,0.000,0.000,1.000,4.000,0.000,0.000,121.000,0,0,0
B3_zmq_pushpull,zmq_tcp,none,none,,1,8121,512,584,1785153444581415000,1785153444581415000,1785153444581415000,1785153444581416000,1785153444581569000,1785153444581571000,1785153444581571000,1785153444581571000,121932490,121652369,-127.121,0.000,0.000,1.000,2.000,0.000,0.000,108.000,0,0,0
B3_zmq_pushpull,zmq_tcp,none,none,,1,8122,512,584,1785153444582411000,1785153444582411000,1785153444582411000,1785153444582412000,1785153444582557000,1785153444582559000,1785153444582559000,1785153444582559000,121932490,121652369,-135.121,0.000,0.000,1.000,2.000,0.000,0.000,8.000,0,0,0
B3_zmq_pushpull,zmq_tcp,none,none,,1,8123,512,584,1785153444583543000,1785153444583543000,1785153444583543000,1785153444583544000,1785153444583678000,1785153444583681000,1785153444583681000,1785153444583681000,121932490,121652369,-146.121,0.000,0.000,1.000,3.000,0.000,0.000,11.000,0,0,0
B3_zmq_pushpull,zmq_tcp,none,none,,1,8124,512,584,1785153444584511000,1785153444584511000,1785153444584511000,1785153444584512000,1785153444584702000,1785153444584705000,1785153444584705000,1785153444584705000,121932490,121652369,-90.121,0.000,0.000,1.000,3.000,0.000,0.000,56.000,0,0,0
B3_zmq_pushpull,zmq_tcp,none,none,,1,8125,512,584,1785153444585519000,1785153444585519000,1785153444585519000,1785153444585520000,1785153444585705000,1785153444585707000,1785153444585707000,1785153444585707000,121932490,121652369,-95.121,0.000,0.000,1.000,2.000,0.000,0.000,5.000,0,0,0
B3_zmq_pushpull,zmq_tcp,none,none,,1,8126,512,584,1785153444586517000,1785153444586517000,1785153444586517000,1785153444586518000,1785153444586571000,1785153444586574000,1785153444586574000,1785153444586574000,121932490,121652369,-227.121,0.000,0.000,1.000,3.000,0.000,0.000,132.000,0,0,0
B3_zmq_pushpull,zmq_tcp,none,none,,1,8127,512,584,1785153444587517000,1785153444587517000,1785153444587517000,1785153444587518000,1785153444587572000,1785153444587576000,1785153444587576000,1785153444587576000,121932490,121652369,-226.121,0.000,0.000,1.000,4.000,0.000,0.000,1.000,0,0,0
B3_zmq_pushpull,zmq_tcp,none,none,,1,8128,512,584,1785153444588515000,1785153444588515000,1785153444588515000,1785153444588516000,1785153444588572000,1785153444588577000,1785153444588577000,1785153444588577000,121932490,121652369,-224.121,0.000,0.000,1.000,5.000,0.000,0.000,2.000,0,0,0
B3_zmq_pushpull,zmq_tcp,none,none,,1,8129,512,584,1785153444589519000,1785153444589519000,1785153444589519000,1785153444589520000,1785153444589587000,1785153444589591000,1785153444589591000,1785153444589591000,121932490,121652369,-213.121,0.000,0.000,1.000,4.000,0.000,0.000,11.000,0,0,0
B3_zmq_pushpull,zmq_tcp,none,none,,1,8130,512,584,1785153444590518000,1785153444590518000,1785153444590518000,1785153444590519000,1785153444590597000,1785153444590600000,1785153444590600000,1785153444590600000,121932490,121652369,-202.121,0.000,0.000,1.000,3.000,0.000,0.000,11.000,0,0,0
B3_zmq_pushpull,zmq_tcp,none,none,,1,8131,512,584,1785153444591516000,1785153444591516000,1785153444591516000,1785153444591517000,1785153444591618000,1785153444591621000,1785153444591621000,1785153444591621000,121932490,121652369,-179.121,0.000,0.000,1.000,3.000,0.000,0.000,23.000,0,0,0
B3_zmq_pushpull,zmq_tcp,none,none,,1,8132,512,584,1785153444592518000,1785153444592518000,1785153444592518000,1785153444592519000,1785153444592617000,1785153444592620000,1785153444592620000,1785153444592620000,121932490,121652369,-182.121,0.000,0.000,1.000,3.000,0.000,0.000,3.000,0,0,0
B3_zmq_pushpull,zmq_tcp,none,none,,1,8133,512,584,1785153444593517000,1785153444593517000,1785153444593517000,1785153444593518000,1785153444593627000,1785153444593630000,1785153444593630000,1785153444593630000,121932490,121652369,-171.121,0.000,0.000,1.000,3.000,0.000,0.000,11.000,0,0,0
B3_zmq_pushpull,zmq_tcp,none,none,,1,8134,512,584,1785153444594518000,1785153444594518000,1785153444594518000,1785153444594519000,1785153444594624000,1785153444594627000,1785153444594627000,1785153444594627000,121932490,121652369,-175.121,0.000,0.000,1.000,3.000,0.000,0.000,4.000,0,0,0
B3_zmq_pushpull,zmq_tcp,none,none,,1,8135,512,584,1785153444595513000,1785153444595513000,1785153444595513000,1785153444595514000,1785153444595630000,1785153444595633000,1785153444595633000,1785153444595633000,121932490,121652369,-164.121,0.000,0.000,1.000,3.000,0.000,0.000,11.000,0,0,0
B3_zmq_pushpull,zmq_tcp,none,none,,1,8136,512,584,1785153444596521000,1785153444596521000,1785153444596521000,1785153444596522000,1785153444596634000,1785153444596637000,1785153444596637000,1785153444596637000,121932490,121652369,-168.121,0.000,0.000,1.000,3.000,0.000,0.000,4.000,0,0,0
B3_zmq_pushpull,zmq_tcp,none,none,,1,8137,512,584,1785153444597518000,1785153444597518000,1785153444597519000,1785153444597519000,1785153444597658000,1785153444597661000,1785153444597661000,1785153444597661000,121932490,121652369,-141.121,0.000,1.000,0.000,3.000,0.000,0.000,27.000,0,0,0
B3_zmq_pushpull,zmq_tcp,none,none,,1,8138,512,584,1785153444598514000,1785153444598514000,1785153444598514000,1785153444598515000,1785153444598668000,1785153444598670000,1785153444598670000,1785153444598670000,121932490,121652369,-127.121,0.000,0.000,1.000,2.000,0.000,0.000,14.000,0,0,0
B3_zmq_pushpull,zmq_tcp,none,none,,1,8139,512,584,1785153444599370000,1785153444599370000,1785153444599370000,1785153444599371000,1785153444599530000,1785153444599533000,1785153444599533000,1785153444599533000,121932490,121652369,-121.121,0.000,0.000,1.000,3.000,0.000,0.000,6.000,0,0,0
B3_zmq_pushpull,zmq_tcp,none,none,,1,8140,512,584,1785153444600556000,1785153444600556000,1785153444600556000,1785153444600557000,1785153444600650000,1785153444600653000,1785153444600653000,1785153444600653000,121932490,121652369,-187.121,0.000,0.000,1.000,3.000,0.000,0.000,66.000,0,0,0
B3_zmq_pushpull,zmq_tcp,none,none,,1,8141,512,584,1785153444601504000,1785153444601504000,1785153444601504000,1785153444601505000,1785153444601649000,1785153444601652000,1785153444601652000,1785153444601652000,121932490,121652369,-136.121,0.000,0.000,1.000,3.000,0.000,0.000,51.000,0,0,0
B3_zmq_pushpull,zmq_tcp,none,none,,1,8142,512,584,1785153444602335000,1785153444602336000,1785153444602336000,1785153444602337000,1785153444602491000,1785153444602494000,1785153444602494000,1785153444602494000,121932490,121652369,-126.121,1.000,0.000,1.000,3.000,0.000,0.000,10.000,0,0,0
B3_zmq_pushpull,zmq_tcp,none,none,,1,8143,512,584,1785153444603565000,1785153444603565000,1785153444603565000,1785153444603566000,1785153444603648000,1785153444603650000,1785153444603650000,1785153444603650000,121932490,121652369,-198.121,0.000,0.000,1.000,2.000,0.000,0.000,72.000,0,0,0
B3_zmq_pushpull,zmq_tcp,none,none,,1,8144,512,584,1785153444604504000,1785153444604505000,1785153444604505000,1785153444604506000,1785153444604664000,1785153444604667000,1785153444604667000,1785153444604667000,121932490,121652369,-122.121,1.000,0.000,1.000,3.000,0.000,0.000,76.000,0,0,0
B3_zmq_pushpull,zmq_tcp,none,none,,1,8145,512,584,1785153444605522000,1785153444605522000,1785153444605522000,1785153444605523000,1785153444605676000,1785153444605678000,1785153444605678000,1785153444605678000,121932490,121652369,-127.121,0.000,0.000,1.000,2.000,0.000,0.000,5.000,0,0,0
B3_zmq_pushpull,zmq_tcp,none,none,,1,8146,512,584,1785153444606517000,1785153444606517000,1785153444606517000,1785153444606518000,1785153444606690000,1785153444606693000,1785153444606693000,1785153444606693000,121932490,121652369,-108.121,0.000,0.000,1.000,3.000,0.000,0.000,19.000,0,0,0
B3_zmq_pushpull,zmq_tcp,none,none,,1,8147,512,584,1785153444607518000,1785153444607518000,1785153444607518000,1785153444607519000,1785153444607696000,1785153444607698000,1785153444607698000,1785153444607698000,121932490,121652369,-103.121,0.000,0.000,1.000,2.000,0.000,0.000,5.000,0,0,0
B3_zmq_pushpull,zmq_tcp,none,none,,1,8148,512,584,1785153444608516000,1785153444608516000,1785153444608516000,1785153444608517000,1785153444608559000,1785153444608563000,1785153444608563000,1785153444608563000,121932490,121652369,-238.121,0.000,0.000,1.000,4.000,0.000,0.000,135.000,0,0,0
B3_zmq_pushpull,zmq_tcp,none,none,,1,8149,512,584,1785153444609518000,1785153444609518000,1785153444609518000,1785153444609519000,1785153444609567000,1785153444609571000,1785153444609571000,1785153444609571000,121932490,121652369,-232.121,0.000,0.000,1.000,4.000,0.000,0.000,6.000,0,0,0
B3_zmq_pushpull,zmq_tcp,none,none,,1,8150,512,584,1785153444610522000,1785153444610522000,1785153444610522000,1785153444610523000,1785153444610716000,1785153444610725000,1785153444610725000,1785153444610725000,121932490,121652369,-87.121,0.000,0.000,1.000,9.000,0.000,0.000,145.000,0,0,0
B3_zmq_pushpull,zmq_tcp,none,none,,1,8151,512,584,1785153444611446000,1785153444611446000,1785153444611446000,1785153444611447000,1785153444611604000,1785153444611607000,1785153444611607000,1785153444611607000,121932490,121652369,-123.121,0.000,0.000,1.000,3.000,0.000,0.000,36.000,0,0,0
B3_zmq_pushpull,zmq_tcp,none,none,,1,8152,512,584,1785153444612331000,1785153444612331000,1785153444612331000,1785153444612332000,1785153444612478000,1785153444612481000,1785153444612481000,1785153444612481000,121932490,121652369,-134.121,0.000,0.000,1.000,3.000,0.000,0.000,11.000,0,0,0
B3_zmq_pushpull,zmq_tcp,none,none,,1,8153,512,584,1785153444613328000,1785153444613328000,1785153444613328000,1785153444613329000,1785153444613466000,1785153444613469000,1785153444613469000,1785153444613469000,121932490,121652369,-143.121,0.000,0.000,1.000,3.000,0.000,0.000,9.000,0,0,0
B3_zmq_pushpull,zmq_tcp,none,none,,1,8154,512,584,1785153444614565000,1785153444614566000,1785153444614566000,1785153444614567000,1785153444614749000,1785153444614752000,1785153444614752000,1785153444614752000,121932490,121652369,-98.121,1.000,0.000,1.000,3.000,0.000,0.000,45.000,0,0,0
B3_zmq_pushpull,zmq_tcp,none,none,,1,8155,512,584,1785153444615502000,1785153444615503000,1785153444615503000,1785153444615504000,1785153444615613000,1785153444615616000,1785153444615616000,1785153444615616000,121932490,121652369,-171.121,1.000,0.000,1.000,3.000,0.000,0.000,73.000,0,0,0
B3_zmq_pushpull,zmq_tcp,none,none,,1,8156,512,584,1785153444616320000,1785153444616320000,1785153444616320000,1785153444616321000,1785153444616464000,1785153444616468000,1785153444616468000,1785153444616468000,121932490,121652369,-137.121,0.000,0.000,1.000,4.000,0.000,0.000,34.000,0,0,0
B3_zmq_pushpull,zmq_tcp,none,none,,1,8157,512,584,1785153444617572000,1785153444617572000,1785153444617572000,1785153444617574000,1785153444617734000,1785153444617737000,1785153444617737000,1785153444617737000,121932490,121652369,-120.121,0.000,0.000,2.000,3.000,0.000,0.000,17.000,0,0,0
B3_zmq_pushpull,zmq_tcp,none,none,,1,8158,512,584,1785153444618504000,1785153444618504000,1785153444618504000,1785153444618505000,1785153444618612000,1785153444618615000,1785153444618615000,1785153444618615000,121932490,121652369,-173.121,0.000,0.000,1.000,3.000,0.000,0.000,53.000,0,0,0
B3_zmq_pushpull,zmq_tcp,none,none,,1,8159,512,584,1785153444619524000,1785153444619524000,1785153444619524000,1785153444619525000,1785153444619622000,1785153444619625000,1785153444619625000,1785153444619625000,121932490,121652369,-183.121,0.000,0.000,1.000,3.000,0.000,0.000,10.000,0,0,0
B3_zmq_pushpull,zmq_tcp,none,none,,1,8160,512,584,1785153444620516000,1785153444620516000,1785153444620517000,1785153444620517000,1785153444620632000,1785153444620634000,1785153444620634000,1785153444620634000,121932490,121652369,-165.121,0.000,1.000,0.000,2.000,0.000,0.000,18.000,0,0,0
B3_zmq_pushpull,zmq_tcp,none,none,,1,8161,512,584,1785153444621517000,1785153444621517000,1785153444621518000,1785153444621518000,1785153444621644000,1785153444621646000,1785153444621646000,1785153444621646000,121932490,121652369,-154.121,0.000,1.000,0.000,2.000,0.000,0.000,11.000,0,0,0
B3_zmq_pushpull,zmq_tcp,none,none,,1,8162,512,584,1785153444622515000,1785153444622515000,1785153444622515000,1785153444622516000,1785153444622636000,1785153444622639000,1785153444622639000,1785153444622639000,121932490,121652369,-160.121,0.000,0.000,1.000,3.000,0.000,0.000,6.000,0,0,0
B3_zmq_pushpull,zmq_tcp,none,none,,1,8163,512,584,1785153444623519000,1785153444623519000,1785153444623519000,1785153444623520000,1785153444623633000,1785153444623636000,1785153444623636000,1785153444623636000,121932490,121652369,-167.121,0.000,0.000,1.000,3.000,0.000,0.000,7.000,0,0,0
B3_zmq_pushpull,zmq_tcp,none,none,,1,8164,512,584,1785153444624344000,1785153444624344000,1785153444624344000,1785153444624345000,1785153444624502000,1785153444624505000,1785153444624505000,1785153444624505000,121932490,121652369,-123.121,0.000,0.000,1.000,3.000,0.000,0.000,44.000,0,0,0
B3_zmq_pushpull,zmq_tcp,none,none,,1,8165,512,584,1785153444625565000,1785153444625565000,1785153444625565000,1785153444625566000,1785153444625652000,1785153444625656000,1785153444625656000,1785153444625656000,121932490,121652369,-194.121,0.000,0.000,1.000,4.000,0.000,0.000,71.000,0,0,0
B3_zmq_pushpull,zmq_tcp,none,none,,1,8166,512,584,1785153444626504000,1785153444626504000,1785153444626504000,1785153444626505000,1785153444626661000,1785153444626664000,1785153444626664000,1785153444626664000,121932490,121652369,-124.121,0.000,0.000,1.000,3.000,0.000,0.000,70.000,0,0,0
B3_zmq_pushpull,zmq_tcp,none,none,,1,8167,512,584,1785153444627521000,1785153444627522000,1785153444627522000,1785153444627523000,1785153444627666000,1785153444627670000,1785153444627670000,1785153444627670000,121932490,121652369,-137.121,1.000,0.000,1.000,4.000,0.000,0.000,13.000,0,0,0
B3_zmq_pushpull,zmq_tcp,none,none,,1,8168,512,584,1785153444628359000,1785153444628359000,1785153444628359000,1785153444628360000,1785153444628510000,1785153444628514000,1785153444628514000,1785153444628514000,121932490,121652369,-130.121,0.000,0.000,1.000,4.000,0.000,0.000,7.000,0,0,0
B3_zmq_pushpull,zmq_tcp,none,none,,1,8169,512,584,1785153444629558000,1785153444629558000,1785153444629558000,1785153444629559000,1785153444629648000,1785153444629650000,1785153444629650000,1785153444629650000,121932490,121652369,-191.121,0.000,0.000,1.000,2.000,0.000,0.000,61.000,0,0,0
B3_zmq_pushpull,zmq_tcp,none,none,,1,8170,512,584,1785153444630509000,1785153444630509000,1785153444630509000,1785153444630510000,1785153444630672000,1785153444630674000,1785153444630674000,1785153444630674000,121932490,121652369,-118.121,0.000,0.000,1.000,2.000,0.000,0.000,73.000,0,0,0
B3_zmq_pushpull,zmq_tcp,none,none,,1,8171,512,584,1785153444631519000,1785153444631519000,1785153444631519000,1785153444631520000,1785153444631678000,1785153444631681000,1785153444631681000,1785153444631681000,121932490,121652369,-122.121,0.000,0.000,1.000,3.000,0.000,0.000,4.000,0,0,0
B3_zmq_pushpull,zmq_tcp,none,none,,1,8172,512,584,1785153444632520000,1785153444632520000,1785153444632520000,1785153444632521000,1785153444632697000,1785153444632700000,1785153444632700000,1785153444632700000,121932490,121652369,-104.121,0.000,0.000,1.000,3.000,0.000,0.000,18.000,0,0,0
B3_zmq_pushpull,zmq_tcp,none,none,,1,8173,512,584,1785153444633520000,1785153444633520000,1785153444633520000,1785153444633521000,1785153444633705000,1785153444633708000,1785153444633708000,1785153444633708000,121932490,121652369,-96.121,0.000,0.000,1.000,3.000,0.000,0.000,8.000,0,0,0
B3_zmq_pushpull,zmq_tcp,none,none,,1,8174,512,584,1785153444634516000,1785153444634517000,1785153444634517000,1785153444634518000,1785153444634582000,1785153444634586000,1785153444634586000,1785153444634586000,121932490,121652369,-216.121,1.000,0.000,1.000,4.000,0.000,0.000,120.000,0,0,0
B3_zmq_pushpull,zmq_tcp,none,none,,1,8175,512,584,1785153444635433000,1785153444635433000,1785153444635433000,1785153444635434000,1785153444635594000,1785153444635597000,1785153444635597000,1785153444635597000,121932490,121652369,-120.121,0.000,0.000,1.000,3.000,0.000,0.000,96.000,0,0,0
B3_zmq_pushpull,zmq_tcp,none,none,,1,8176,512,584,1785153444636442000,1785153444636442000,1785153444636442000,1785153444636443000,1785153444636598000,1785153444636602000,1785153444636602000,1785153444636602000,121932490,121652369,-125.121,0.000,0.000,1.000,4.000,0.000,0.000,5.000,0,0,0
B3_zmq_pushpull,zmq_tcp,none,none,,1,8177,512,584,1785153444637536000,1785153444637536000,1785153444637537000,1785153444637537000,1785153444637597000,1785153444637600000,1785153444637600000,1785153444637600000,121932490,121652369,-220.121,0.000,1.000,0.000,3.000,0.000,0.000,95.000,0,0,0
B3_zmq_pushpull,zmq_tcp,none,none,,1,8178,512,584,1785153444638512000,1785153444638513000,1785153444638513000,1785153444638514000,1785153444638599000,1785153444638602000,1785153444638602000,1785153444638602000,121932490,121652369,-195.121,1.000,0.000,1.000,3.000,0.000,0.000,25.000,0,0,0
B3_zmq_pushpull,zmq_tcp,none,none,,1,8179,512,584,1785153444639519000,1785153444639519000,1785153444639519000,1785153444639520000,1785153444639589000,1785153444639593000,1785153444639593000,1785153444639593000,121932490,121652369,-211.121,0.000,0.000,1.000,4.000,0.000,0.000,16.000,0,0,0
B3_zmq_pushpull,zmq_tcp,none,none,,1,8180,512,584,1785153444640518000,1785153444640518000,1785153444640518000,1785153444640519000,1785153444640591000,1785153444640594000,1785153444640594000,1785153444640594000,121932490,121652369,-208.121,0.000,0.000,1.000,3.000,0.000,0.000,3.000,0,0,0
B3_zmq_pushpull,zmq_tcp,none,none,,1,8181,512,584,1785153444641522000,1785153444641522000,1785153444641522000,1785153444641523000,1785153444641608000,1785153444641611000,1785153444641611000,1785153444641611000,121932490,121652369,-195.121,0.000,0.000,1.000,3.000,0.000,0.000,13.000,0,0,0
B3_zmq_pushpull,zmq_tcp,none,none,,1,8182,512,584,1785153444642514000,1785153444642514000,1785153444642514000,1785153444642515000,1785153444642584000,1785153444642587000,1785153444642587000,1785153444642587000,121932490,121652369,-211.121,0.000,0.000,1.000,3.000,0.000,0.000,16.000,0,0,0
B3_zmq_pushpull,zmq_tcp,none,none,,1,8183,512,584,1785153444643519000,1785153444643519000,1785153444643519000,1785153444643520000,1785153444643572000,1785153444643574000,1785153444643575000,1785153444643575000,121932490,121652369,-228.121,0.000,0.000,1.000,2.000,1.000,0.000,17.000,0,0,0
B3_zmq_pushpull,zmq_tcp,none,none,,1,8184,512,584,1785153444644521000,1785153444644521000,1785153444644521000,1785153444644522000,1785153444644583000,1785153444644585000,1785153444644585000,1785153444644585000,121932490,121652369,-219.121,0.000,0.000,1.000,2.000,0.000,0.000,9.000,0,0,0
B3_zmq_pushpull,zmq_tcp,none,none,,1,8185,512,584,1785153444645519000,1785153444645519000,1785153444645519000,1785153444645520000,1785153444645603000,1785153444645606000,1785153444645606000,1785153444645606000,121932490,121652369,-197.121,0.000,0.000,1.000,3.000,0.000,0.000,22.000,0,0,0
B3_zmq_pushpull,zmq_tcp,none,none,,1,8186,512,584,1785153444646519000,1785153444646519000,1785153444646519000,1785153444646520000,1785153444646616000,1785153444646619000,1785153444646619000,1785153444646619000,121932490,121652369,-184.121,0.000,0.000,1.000,3.000,0.000,0.000,13.000,0,0,0
B3_zmq_pushpull,zmq_tcp,none,none,,1,8187,512,584,1785153444647517000,1785153444647517000,1785153444647518000,1785153444647518000,1785153444647616000,1785153444647618000,1785153444647618000,1785153444647618000,121932490,121652369,-182.121,0.000,1.000,0.000,2.000,0.000,0.000,2.000,0,0,0
B3_zmq_pushpull,zmq_tcp,none,none,,1,8188,512,584,1785153444648520000,1785153444648520000,1785153444648520000,1785153444648521000,1785153444648629000,1785153444648632000,1785153444648632000,1785153444648632000,121932490,121652369,-172.121,0.000,0.000,1.000,3.000,0.000,0.000,10.000,0,0,0
B3_zmq_pushpull,zmq_tcp,none,none,,1,8189,512,584,1785153444649514000,1785153444649514000,1785153444649514000,1785153444649515000,1785153444649653000,1785153444649657000,1785153444649657000,1785153444649657000,121932490,121652369,-142.121,0.000,0.000,1.000,4.000,0.000,0.000,30.000,0,0,0
B3_zmq_pushpull,zmq_tcp,none,none,,1,8190,512,584,1785153444650520000,1785153444650520000,1785153444650520000,1785153444650521000,1785153444650667000,1785153444650669000,1785153444650669000,1785153444650669000,121932490,121652369,-134.121,0.000,0.000,1.000,2.000,0.000,0.000,8.000,0,0,0
B3_zmq_pushpull,zmq_tcp,none,none,,1,8191,512,584,1785153444651517000,1785153444651517000,1785153444651517000,1785153444651518000,1785153444651663000,1785153444651666000,1785153444651666000,1785153444651666000,121932490,121652369,-135.121,0.000,0.000,1.000,3.000,0.000,0.000,1.000,0,0,0
B3_zmq_pushpull,zmq_tcp,none,none,,1,8192,512,584,1785153444652518000,1785153444652518000,1785153444652518000,1785153444652519000,1785153444652688000,1785153444652691000,1785153444652691000,1785153444652691000,121932490,121652369,-111.121,0.000,0.000,1.000,3.000,0.000,0.000,24.000,0,0,0
B3_zmq_pushpull,zmq_tcp,none,none,,1,8193,512,584,1785153444653521000,1785153444653521000,1785153444653521000,1785153444653522000,1785153444653699000,1785153444653701000,1785153444653701000,1785153444653701000,121932490,121652369,-103.121,0.000,0.000,1.000,2.000,0.000,0.000,8.000,0,0,0
B3_zmq_pushpull,zmq_tcp,none,none,,1,8194,512,584,1785153444654404000,1785153444654404000,1785153444654404000,1785153444654405000,1785153444654564000,1785153444654567000,1785153444654567000,1785153444654567000,121932490,121652369,-121.121,0.000,0.000,1.000,3.000,0.000,0.000,18.000,0,0,0
B3_zmq_pushpull,zmq_tcp,none,none,,1,8195,512,584,1785153444655546000,1785153444655546000,1785153444655546000,1785153444655547000,1785153444655700000,1785153444655702000,1785153444655702000,1785153444655702000,121932490,121652369,-127.121,0.000,0.000,1.000,2.000,0.000,0.000,6.000,0,0,0
B3_zmq_pushpull,zmq_tcp,none,none,,1,8196,512,584,1785153444656507000,1785153444656508000,1785153444656508000,1785153444656509000,1785153444656700000,1785153444656704000,1785153444656704000,1785153444656704000,121932490,121652369,-89.121,1.000,0.000,1.000,4.000,0.000,0.000,38.000,0,0,0
B3_zmq_pushpull,zmq_tcp,none,none,,1,8197,512,584,1785153444657521000,1785153444657521000,1785153444657521000,1785153444657522000,1785153444657575000,1785153444657580000,1785153444657580000,1785153444657580000,121932490,121652369,-227.121,0.000,0.000,1.000,5.000,0.000,0.000,138.000,0,0,0
B3_zmq_pushpull,zmq_tcp,none,none,,1,8198,512,584,1785153444658519000,1785153444658520000,1785153444658520000,1785153444658521000,1785153444658712000,1785153444658715000,1785153444658715000,1785153444658715000,121932490,121652369,-89.121,1.000,0.000,1.000,3.000,0.000,0.000,138.000,0,0,0
B3_zmq_pushpull,zmq_tcp,none,none,,1,8199,512,584,1785153444659431000,1785153444659431000,1785153444659431000,1785153444659432000,1785153444659592000,1785153444659597000,1785153444659597000,1785153444659597000,121932490,121652369,-120.121,0.000,0.000,1.000,5.000,0.000,0.000,31.000,0,0,0
B3_zmq_pushpull,zmq_tcp,none,none,,1,8200,512,584,1785153444660436000,1785153444660436000,1785153444660436000,1785153444660437000,1785153444660597000,1785153444660600000,1785153444660600000,1785153444660600000,121932490,121652369,-120.121,0.000,0.000,1.000,3.000,0.000,0.000,0.000,0,0,0
B3_zmq_pushpull,zmq_tcp,none,none,,1,8201,512,584,1785153444661543000,1785153444661543000,1785153444661543000,1785153444661544000,1785153444661610000,1785153444661614000,1785153444661614000,1785153444661614000,121932490,121652369,-214.121,0.000,0.000,1.000,4.000,0.000,0.000,94.000,0,0,0
B3_zmq_pushpull,zmq_tcp,none,none,,1,8202,512,584,1785153444662511000,1785153444662511000,1785153444662511000,1785153444662512000,1785153444662618000,1785153444662621000,1785153444662621000,1785153444662621000,121932490,121652369,-174.121,0.000,0.000,1.000,3.000,0.000,0.000,40.000,0,0,0
B3_zmq_pushpull,zmq_tcp,none,none,,1,8203,512,584,1785153444663519000,1785153444663519000,1785153444663519000,1785153444663520000,1785153444663627000,1785153444663630000,1785153444663630000,1785153444663630000,121932490,121652369,-173.121,0.000,0.000,1.000,3.000,0.000,0.000,1.000,0,0,0
B3_zmq_pushpull,zmq_tcp,none,none,,1,8204,512,584,1785153444664518000,1785153444664518000,1785153444664518000,1785153444664519000,1785153444664615000,1785153444664618000,1785153444664618000,1785153444664618000,121932490,121652369,-184.121,0.000,0.000,1.000,3.000,0.000,0.000,11.000,0,0,0
B3_zmq_pushpull,zmq_tcp,none,none,,1,8205,512,584,1785153444665518000,1785153444665518000,1785153444665518000,1785153444665519000,1785153444665623000,1785153444665626000,1785153444665626000,1785153444665626000,121932490,121652369,-176.121,0.000,0.000,1.000,3.000,0.000,0.000,8.000,0,0,0
B3_zmq_pushpull,zmq_tcp,none,none,,1,8206,512,584,1785153444666515000,1785153444666515000,1785153444666515000,1785153444666516000,1785153444666633000,1785153444666636000,1785153444666636000,1785153444666636000,121932490,121652369,-163.121,0.000,0.000,1.000,3.000,0.000,0.000,13.000,0,0,0
B3_zmq_pushpull,zmq_tcp,none,none,,1,8207,512,584,1785153444667518000,1785153444667518000,1785153444667518000,1785153444667520000,1785153444667649000,1785153444667653000,1785153444667653000,1785153444667653000,121932490,121652369,-151.121,0.000,0.000,2.000,4.000,0.000,0.000,12.000,0,0,0
B3_zmq_pushpull,zmq_tcp,none,none,,1,8208,512,584,1785153444668518000,1785153444668518000,1785153444668518000,1785153444668519000,1785153444668655000,1785153444668657000,1785153444668658000,1785153444668658000,121932490,121652369,-144.121,0.000,0.000,1.000,2.000,1.000,0.000,7.000,0,0,0
B3_zmq_pushpull,zmq_tcp,none,none,,1,8209,512,584,1785153444669518000,1785153444669518000,1785153444669518000,1785153444669519000,1785153444669668000,1785153444669671000,1785153444669671000,1785153444669671000,121932490,121652369,-131.121,0.000,0.000,1.000,3.000,0.000,0.000,13.000,0,0,0
B3_zmq_pushpull,zmq_tcp,none,none,,1,8210,512,584,1785153444670517000,1785153444670517000,1785153444670517000,1785153444670518000,1785153444670672000,1785153444670675000,1785153444670675000,1785153444670675000,121932490,121652369,-126.121,0.000,0.000,1.000,3.000,0.000,0.000,5.000,0,0,0
B3_zmq_pushpull,zmq_tcp,none,none,,1,8211,512,584,1785153444671383000,1785153444671383000,1785153444671383000,1785153444671384000,1785153444671537000,1785153444671540000,1785153444671540000,1785153444671540000,121932490,121652369,-127.121,0.000,0.000,1.000,3.000,0.000,0.000,1.000,0,0,0
B3_zmq_pushpull,zmq_tcp,none,none,,1,8212,512,584,1785153444672552000,1785153444672552000,1785153444672552000,1785153444672553000,1785153444672668000,1785153444672671000,1785153444672671000,1785153444672671000,121932490,121652369,-165.121,0.000,0.000,1.000,3.000,0.000,0.000,38.000,0,0,0
B3_zmq_pushpull,zmq_tcp,none,none,,1,8213,512,584,1785153444673511000,1785153444673512000,1785153444673512000,1785153444673513000,1785153444673680000,1785153444673683000,1785153444673683000,1785153444673683000,121932490,121652369,-113.121,1.000,0.000,1.000,3.000,0.000,0.000,52.000,0,0,0
B3_zmq_pushpull,zmq_tcp,none,none,,1,8214,512,584,1785153444674520000,1785153444674520000,1785153444674520000,1785153444674521000,1785153444674668000,1785153444674671000,1785153444674671000,1785153444674671000,121932490,121652369,-133.121,0.000,0.000,1.000,3.000,0.000,0.000,20.000,0,0,0
B3_zmq_pushpull,zmq_tcp,none,none,,1,8215,512,584,1785153444675517000,1785153444675517000,1785153444675517000,1785153444675518000,1785153444675651000,1785153444675654000,1785153444675654000,1785153444675654000,121932490,121652369,-147.121,0.000,0.000,1.000,3.000,0.000,0.000,14.000,0,0,0
B3_zmq_pushpull,zmq_tcp,none,none,,1,8216,512,584,1785153444676519000,1785153444676519000,1785153444676519000,1785153444676520000,1785153444676619000,1785153444676622000,1785153444676622000,1785153444676622000,121932490,121652369,-181.121,0.000,0.000,1.000,3.000,0.000,0.000,34.000,0,0,0
B3_zmq_pushpull,zmq_tcp,none,none,,1,8217,512,584,1785153444677514000,1785153444677515000,1785153444677515000,1785153444677516000,1785153444677588000,1785153444677591000,1785153444677591000,1785153444677591000,121932490,121652369,-208.121,1.000,0.000,1.000,3.000,0.000,0.000,27.000,0,0,0
B3_zmq_pushpull,zmq_tcp,none,none,,1,8218,512,584,1785153444678518000,1785153444678518000,1785153444678518000,1785153444678519000,1785153444678566000,1785153444678569000,1785153444678569000,1785153444678569000,121932490,121652369,-233.121,0.000,0.000,1.000,3.000,0.000,0.000,25.000,0,0,0
B3_zmq_pushpull,zmq_tcp,none,none,,1,8219,512,584,1785153444679396000,1785153444679396000,1785153444679396000,1785153444679398000,1785153444679550000,1785153444679553000,1785153444679553000,1785153444679553000,121932490,121652369,-128.121,0.000,0.000,2.000,3.000,0.000,0.000,105.000,0,0,0
B3_zmq_pushpull,zmq_tcp,none,none,,1,8220,512,584,1785153444680392000,1785153444680392000,1785153444680392000,1785153444680393000,1785153444680540000,1785153444680543000,1785153444680543000,1785153444680543000,121932490,121652369,-133.121,0.000,0.000,1.000,3.000,0.000,0.000,5.000,0,0,0
B3_zmq_pushpull,zmq_tcp,none,none,,1,8221,512,584,1785153444681364000,1785153444681364000,1785153444681364000,1785153444681365000,1785153444681522000,1785153444681524000,1785153444681524000,1785153444681524000,121932490,121652369,-123.121,0.000,0.000,1.000,2.000,0.000,0.000,10.000,0,0,0
B3_zmq_pushpull,zmq_tcp,none,none,,1,8222,512,584,1785153444682555000,1785153444682555000,1785153444682555000,1785153444682556000,1785153444682642000,1785153444682645000,1785153444682645000,1785153444682645000,121932490,121652369,-194.121,0.000,0.000,1.000,3.000,0.000,0.000,71.000,0,0,0
B3_zmq_pushpull,zmq_tcp,none,none,,1,8223,512,584,1785153444683507000,1785153444683507000,1785153444683507000,1785153444683508000,1785153444683638000,1785153444683642000,1785153444683642000,1785153444683642000,121932490,121652369,-150.121,0.000,0.000,1.000,4.000,0.000,0.000,44.000,0,0,0
B3_zmq_pushpull,zmq_tcp,none,none,,1,8224,512,584,1785153444684518000,1785153444684519000,1785153444684519000,1785153444684520000,1785153444684639000,1785153444684643000,1785153444684643000,1785153444684643000,121932490,121652369,-161.121,1.000,0.000,1.000,4.000,0.000,0.000,11.000,0,0,0
B3_zmq_pushpull,zmq_tcp,none,none,,1,8225,512,584,1785153444685517000,1785153444685517000,1785153444685517000,1785153444685518000,1785153444685626000,1785153444685628000,1785153444685628000,1785153444685628000,121932490,121652369,-172.121,0.000,0.000,1.000,2.000,0.000,0.000,11.000,0,0,0
B3_zmq_pushpull,zmq_tcp,none,none,,1,8226,512,584,1785153444686516000,1785153444686517000,1785153444686517000,1785153444686518000,1785153444686619000,1785153444686622000,1785153444686622000,1785153444686622000,121932490,121652369,-179.121,1.000,0.000,1.000,3.000,0.000,0.000,7.000,0,0,0
B3_zmq_pushpull,zmq_tcp,none,none,,1,8227,512,584,1785153444687516000,1785153444687516000,1785153444687516000,1785153444687517000,1785153444687631000,1785153444687634000,1785153444687634000,1785153444687634000,121932490,121652369,-166.121,0.000,0.000,1.000,3.000,0.000,0.000,13.000,0,0,0
B3_zmq_pushpull,zmq_tcp,none,none,,1,8228,512,584,1785153444688517000,1785153444688517000,1785153444688517000,1785153444688518000,1785153444688623000,1785153444688626000,1785153444688626000,1785153444688626000,121932490,121652369,-175.121,0.000,0.000,1.000,3.000,0.000,0.000,9.000,0,0,0
B3_zmq_pushpull,zmq_tcp,none,none,,1,8229,512,584,1785153444689519000,1785153444689519000,1785153444689519000,1785153444689520000,1785153444689624000,1785153444689627000,1785153444689627000,1785153444689627000,121932490,121652369,-176.121,0.000,0.000,1.000,3.000,0.000,0.000,1.000,0,0,0
B3_zmq_pushpull,zmq_tcp,none,none,,1,8230,512,584,1785153444690515000,1785153444690515000,1785153444690515000,1785153444690516000,1785153444690627000,1785153444690630000,1785153444690630000,1785153444690630000,121932490,121652369,-169.121,0.000,0.000,1.000,3.000,0.000,0.000,7.000,0,0,0
B3_zmq_pushpull,zmq_tcp,none,none,,1,8231,512,584,1785153444691518000,1785153444691518000,1785153444691518000,1785153444691519000,1785153444691615000,1785153444691618000,1785153444691618000,1785153444691618000,121932490,121652369,-184.121,0.000,0.000,1.000,3.000,0.000,0.000,15.000,0,0,0
B3_zmq_pushpull,zmq_tcp,none,none,,1,8232,512,584,1785153444692517000,1785153444692517000,1785153444692517000,1785153444692518000,1785153444692595000,1785153444692598000,1785153444692598000,1785153444692598000,121932490,121652369,-203.121,0.000,0.000,1.000,3.000,0.000,0.000,19.000,0,0,0
B3_zmq_pushpull,zmq_tcp,none,none,,1,8233,512,584,1785153444693517000,1785153444693517000,1785153444693517000,1785153444693518000,1785153444693587000,1785153444693590000,1785153444693590000,1785153444693590000,121932490,121652369,-211.121,0.000,0.000,1.000,3.000,0.000,0.000,8.000,0,0,0
B3_zmq_pushpull,zmq_tcp,none,none,,1,8234,512,584,1785153444694515000,1785153444694515000,1785153444694515000,1785153444694516000,1785153444694584000,1785153444694587000,1785153444694587000,1785153444694587000,121932490,121652369,-212.121,0.000,0.000,1.000,3.000,0.000,0.000,1.000,0,0,0
B3_zmq_pushpull,zmq_tcp,none,none,,1,8235,512,584,1785153444695520000,1785153444695521000,1785153444695521000,1785153444695522000,1785153444695582000,1785153444695585000,1785153444695585000,1785153444695585000,121932490,121652369,-220.121,1.000,0.000,1.000,3.000,0.000,0.000,8.000,0,0,0
B3_zmq_pushpull,zmq_tcp,none,none,,1,8236,512,584,1785153444696517000,1785153444696517000,1785153444696517000,1785153444696518000,1785153444696714000,1785153444696717000,1785153444696717000,1785153444696717000,121932490,121652369,-84.121,0.000,0.000,1.000,3.000,0.000,0.000,136.000,0,0,0
B3_zmq_pushpull,zmq_tcp,none,none,,1,8237,512,584,1785153444697519000,1785153444697519000,1785153444697519000,1785153444697520000,1785153444697704000,1785153444697707000,1785153444697707000,1785153444697707000,121932490,121652369,-96.121,0.000,0.000,1.000,3.000,0.000,0.000,12.000,0,0,0
B3_zmq_pushpull,zmq_tcp,none,none,,1,8238,512,584,1785153444698517000,1785153444698517000,1785153444698517000,1785153444698518000,1785153444698564000,1785153444698567000,1785153444698568000,1785153444698568000,121932490,121652369,-234.121,0.000,0.000,1.000,3.000,1.000,0.000,138.000,0,0,0
B3_zmq_pushpull,zmq_tcp,none,none,,1,8239,512,584,1785153444699517000,1785153444699517000,1785153444699517000,1785153444699518000,1785153444699688000,1785153444699691000,1785153444699691000,1785153444699691000,121932490,121652369,-110.121,0.000,0.000,1.000,3.000,0.000,0.000,124.000,0,0,0
B3_zmq_pushpull,zmq_tcp,none,none,,1,8240,512,584,1785153444700384000,1785153444700384000,1785153444700384000,1785153444700385000,1785153444700538000,1785153444700540000,1785153444700540000,1785153444700540000,121932490,121652369,-127.121,0.000,0.000,1.000,2.000,0.000,0.000,17.000,0,0,0
B3_zmq_pushpull,zmq_tcp,none,none,,1,8241,512,584,1785153444701359000,1785153444701360000,1785153444701360000,1785153444701361000,1785153444701503000,1785153444701506000,1785153444701506000,1785153444701506000,121932490,121652369,-138.121,1.000,0.000,1.000,3.000,0.000,0.000,11.000,0,0,0
B3_zmq_pushpull,zmq_tcp,none,none,,1,8242,512,584,1785153444702553000,1785153444702553000,1785153444702553000,1785153444702554000,1785153444702630000,1785153444702633000,1785153444702633000,1785153444702633000,121932490,121652369,-204.121,0.000,0.000,1.000,3.000,0.000,0.000,66.000,0,0,0
B3_zmq_pushpull,zmq_tcp,none,none,,1,8243,512,584,1785153444703511000,1785153444703511000,1785153444703511000,1785153444703512000,1785153444703608000,1785153444703611000,1785153444703611000,1785153444703611000,121932490,121652369,-184.121,0.000,0.000,1.000,3.000,0.000,0.000,20.000,0,0,0
B3_zmq_pushpull,zmq_tcp,none,none,,1,8244,512,584,1785153444704518000,1785153444704518000,1785153444704518000,1785153444704519000,1785153444704607000,1785153444704611000,1785153444704611000,1785153444704611000,121932490,121652369,-192.121,0.000,0.000,1.000,4.000,0.000,0.000,8.000,0,0,0
B3_zmq_pushpull,zmq_tcp,none,none,,1,8245,512,584,1785153444705515000,1785153444705515000,1785153444705516000,1785153444705516000,1785153444705583000,1785153444705586000,1785153444705586000,1785153444705586000,121932490,121652369,-213.121,0.000,1.000,0.000,3.000,0.000,0.000,21.000,0,0,0
B3_zmq_pushpull,zmq_tcp,none,none,,1,8246,512,584,1785153444706518000,1785153444706518000,1785153444706518000,1785153444706519000,1785153444706560000,1785153444706564000,1785153444706564000,1785153444706564000,121932490,121652369,-239.121,0.000,0.000,1.000,4.000,0.000,0.000,26.000,0,0,0
B3_zmq_pushpull,zmq_tcp,none,none,,1,8247,512,584,1785153444707518000,1785153444707518000,1785153444707518000,1785153444707519000,1785153444707688000,1785153444707691000,1785153444707691000,1785153444707691000,121932490,121652369,-111.121,0.000,0.000,1.000,3.000,0.000,0.000,128.000,0,0,0
B3_zmq_pushpull,zmq_tcp,none,none,,1,8248,512,584,1785153444708517000,1785153444708517000,1785153444708517000,1785153444708518000,1785153444708682000,1785153444708684000,1785153444708684000,1785153444708684000,121932490,121652369,-116.121,0.000,0.000,1.000,2.000,0.000,0.000,5.000,0,0,0
B3_zmq_pushpull,zmq_tcp,none,none,,1,8249,512,584,1785153444709515000,1785153444709515000,1785153444709515000,1785153444709516000,1785153444709690000,1785153444709692000,1785153444709692000,1785153444709692000,121932490,121652369,-106.121,0.000,0.000,1.000,2.000,0.000,0.000,10.000,0,0,0
B3_zmq_pushpull,zmq_tcp,none,none,,1,8250,512,584,1785153444710518000,1785153444710518000,1785153444710519000,1785153444710519000,1785153444710676000,1785153444710679000,1785153444710679000,1785153444710679000,121932490,121652369,-123.121,0.000,1.000,0.000,3.000,0.000,0.000,17.000,0,0,0
B3_zmq_pushpull,zmq_tcp,none,none,,1,8251,512,584,1785153444711517000,1785153444711517000,1785153444711517000,1785153444711518000,1785153444711682000,1785153444711684000,1785153444711684000,1785153444711684000,121932490,121652369,-116.121,0.000,0.000,1.000,2.000,0.000,0.000,7.000,0,0,0
B3_zmq_pushpull,zmq_tcp,none,none,,1,8252,512,584,1785153444712370000,1785153444712370000,1785153444712370000,1785153444712371000,1785153444712523000,1785153444712526000,1785153444712526000,1785153444712526000,121932490,121652369,-128.121,0.000,0.000,1.000,3.000,0.000,0.000,12.000,0,0,0
B3_zmq_pushpull,zmq_tcp,none,none,,1,8253,512,584,1785153444713551000,1785153444713551000,1785153444713552000,1785153444713552000,1785153444713636000,1785153444713639000,1785153444713639000,1785153444713639000,121932490,121652369,-196.121,0.000,1.000,0.000,3.000,0.000,0.000,68.000,0,0,0
B3_zmq_pushpull,zmq_tcp,none,none,,1,8254,512,584,1785153444714511000,1785153444714511000,1785153444714511000,1785153444714512000,1785153444714628000,1785153444714632000,1785153444714632000,1785153444714632000,121932490,121652369,-164.121,0.000,0.000,1.000,4.000,0.000,0.000,32.000,0,0,0
B3_zmq_pushpull,zmq_tcp,none,none,,1,8255,512,584,1785153444715520000,1785153444715520000,1785153444715520000,1785153444715521000,1785153444715624000,1785153444715627000,1785153444715627000,1785153444715627000,121932490,121652369,-177.121,0.000,0.000,1.000,3.000,0.000,0.000,13.000,0,0,0
B3_zmq_pushpull,zmq_tcp,none,none,,1,8256,512,584,1785153444716514000,1785153444716514000,1785153444716514000,1785153444716515000,1785153444716615000,1785153444716618000,1785153444716618000,1785153444716618000,121932490,121652369,-180.121,0.000,0.000,1.000,3.000,0.000,0.000,3.000,0,0,0
B3_zmq_pushpull,zmq_tcp,none,none,,1,8257,512,584,1785153444717522000,1785153444717522000,1785153444717522000,1785153444717523000,1785153444717614000,1785153444717616000,1785153444717616000,1785153444717616000,121932490,121652369,-189.121,0.000,0.000,1.000,2.000,0.000,0.000,9.000,0,0,0
B3_zmq_pushpull,zmq_tcp,none,none,,1,8258,512,584,1785153444718324000,1785153444718324000,1785153444718324000,1785153444718326000,1785153444718482000,1785153444718484000,1785153444718484000,1785153444718484000,121932490,121652369,-124.121,0.000,0.000,2.000,2.000,0.000,0.000,65.000,0,0,0
B3_zmq_pushpull,zmq_tcp,none,none,,1,8259,512,584,1785153444719565000,1785153444719565000,1785153444719565000,1785153444719566000,1785153444719622000,1785153444719625000,1785153444719625000,1785153444719625000,121932490,121652369,-224.121,0.000,0.000,1.000,3.000,0.000,0.000,100.000,0,0,0
B3_zmq_pushpull,zmq_tcp,none,none,,1,8260,512,584,1785153444720502000,1785153444720502000,1785153444720502000,1785153444720503000,1785153444720610000,1785153444720612000,1785153444720612000,1785153444720612000,121932490,121652369,-173.121,0.000,0.000,1.000,2.000,0.000,0.000,51.000,0,0,0
B3_zmq_pushpull,zmq_tcp,none,none,,1,8261,512,584,1785153444721521000,1785153444721521000,1785153444721521000,1785153444721522000,1785153444721579000,1785153444721582000,1785153444721582000,1785153444721582000,121932490,121652369,-223.121,0.000,0.000,1.000,3.000,0.000,0.000,50.000,0,0,0
B3_zmq_pushpull,zmq_tcp,none,none,,1,8262,512,584,1785153444722517000,1785153444722517000,1785153444722517000,1785153444722518000,1785153444722566000,1785153444722569000,1785153444722569000,1785153444722569000,121932490,121652369,-232.121,0.000,0.000,1.000,3.000,0.000,0.000,9.000,0,0,0
B3_zmq_pushpull,zmq_tcp,none,none,,1,8263,512,584,1785153444723517000,1785153444723517000,1785153444723517000,1785153444723518000,1785153444723691000,1785153444723694000,1785153444723694000,1785153444723694000,121932490,121652369,-107.121,0.000,0.000,1.000,3.000,0.000,0.000,125.000,0,0,0
B3_zmq_pushpull,zmq_tcp,none,none,,1,8264,512,584,1785153444724518000,1785153444724518000,1785153444724518000,1785153444724519000,1785153444724666000,1785153444724668000,1785153444724668000,1785153444724668000,121932490,121652369,-133.121,0.000,0.000,1.000,2.000,0.000,0.000,26.000,0,0,0
B3_zmq_pushpull,zmq_tcp,none,none,,1,8265,512,584,1785153444725517000,1785153444725517000,1785153444725517000,1785153444725518000,1785153444725647000,1785153444725650000,1785153444725650000,1785153444725650000,121932490,121652369,-151.121,0.000,0.000,1.000,3.000,0.000,0.000,18.000,0,0,0
B3_zmq_pushpull,zmq_tcp,none,none,,1,8266,512,584,1785153444726518000,1785153444726518000,1785153444726518000,1785153444726519000,1785153444726606000,1785153444726609000,1785153444726609000,1785153444726609000,121932490,121652369,-193.121,0.000,0.000,1.000,3.000,0.000,0.000,42.000,0,0,0
B3_zmq_pushpull,zmq_tcp,none,none,,1,8267,512,584,1785153444727514000,1785153444727514000,1785153444727514000,1785153444727515000,1785153444727582000,1785153444727584000,1785153444727584000,1785153444727584000,121932490,121652369,-213.121,0.000,0.000,1.000,2.000,0.000,0.000,20.000,0,0,0
B3_zmq_pushpull,zmq_tcp,none,none,,1,8268,512,584,1785153444728523000,1785153444728524000,1785153444728524000,1785153444728525000,1785153444728571000,1785153444728574000,1785153444728574000,1785153444728574000,121932490,121652369,-234.121,1.000,0.000,1.000,3.000,0.000,0.000,21.000,0,0,0
B3_zmq_pushpull,zmq_tcp,none,none,,1,8269,512,584,1785153444729421000,1785153444729422000,1785153444729422000,1785153444729423000,1785153444729581000,1785153444729583000,1785153444729583000,1785153444729583000,121932490,121652369,-122.121,1.000,0.000,1.000,2.000,0.000,0.000,112.000,0,0,0
B3_zmq_pushpull,zmq_tcp,none,none,,1,8270,512,584,1785153444730431000,1785153444730431000,1785153444730431000,1785153444730432000,1785153444730590000,1785153444730592000,1785153444730593000,1785153444730593000,121932490,121652369,-122.121,0.000,0.000,1.000,2.000,1.000,0.000,0.000,0,0,0
B3_zmq_pushpull,zmq_tcp,none,none,,1,8271,512,584,1785153444731538000,1785153444731538000,1785153444731538000,1785153444731539000,1785153444731715000,1785153444731718000,1785153444731718000,1785153444731718000,121932490,121652369,-104.121,0.000,0.000,1.000,3.000,0.000,0.000,18.000,0,0,0
B3_zmq_pushpull,zmq_tcp,none,none,,1,8272,512,584,1785153444732513000,1785153444732513000,1785153444732513000,1785153444732514000,1785153444732559000,1785153444732562000,1785153444732562000,1785153444732562000,121932490,121652369,-235.121,0.000,0.000,1.000,3.000,0.000,0.000,131.000,0,0,0
B3_zmq_pushpull,zmq_tcp,none,none,,1,8273,512,584,1785153444733518000,1785153444733518000,1785153444733518000,1785153444733519000,1785153444733667000,1785153444733670000,1785153444733670000,1785153444733670000,121932490,121652369,-132.121,0.000,0.000,1.000,3.000,0.000,0.000,103.000,0,0,0
B3_zmq_pushpull,zmq_tcp,none,none,,1,8274,512,584,1785153444734515000,1785153444734515000,1785153444734515000,1785153444734516000,1785153444734640000,1785153444734644000,1785153444734644000,1785153444734644000,121932490,121652369,-156.121,0.000,0.000,1.000,4.000,0.000,0.000,24.000,0,0,0
B3_zmq_pushpull,zmq_tcp,none,none,,1,8275,512,584,1785153444735328000,1785153444735328000,1785153444735328000,1785153444735329000,1785153444735484000,1785153444735488000,1785153444735488000,1785153444735488000,121932490,121652369,-125.121,0.000,0.000,1.000,4.000,0.000,0.000,31.000,0,0,0
B3_zmq_pushpull,zmq_tcp,none,none,,1,8276,512,584,1785153444736332000,1785153444736332000,1785153444736332000,1785153444736333000,1785153444736467000,1785153444736470000,1785153444736470000,1785153444736470000,121932490,121652369,-146.121,0.000,0.000,1.000,3.000,0.000,0.000,21.000,0,0,0
B3_zmq_pushpull,zmq_tcp,none,none,,1,8277,512,584,1785153444737328000,1785153444737328000,1785153444737328000,1785153444737329000,1785153444737473000,1785153444737480000,1785153444737480000,1785153444737480000,121932490,121652369,-136.121,0.000,0.000,1.000,7.000,0.000,0.000,10.000,0,0,0
B3_zmq_pushpull,zmq_tcp,none,none,,1,8278,512,584,1785153444738330000,1785153444738330000,1785153444738330000,1785153444738331000,1785153444738470000,1785153444738473000,1785153444738473000,1785153444738473000,121932490,121652369,-141.121,0.000,0.000,1.000,3.000,0.000,0.000,5.000,0,0,0
B3_zmq_pushpull,zmq_tcp,none,none,,1,8279,512,584,1785153444739323000,1785153444739323000,1785153444739323000,1785153444739324000,1785153444739467000,1785153444739470000,1785153444739470000,1785153444739470000,121932490,121652369,-137.121,0.000,0.000,1.000,3.000,0.000,0.000,4.000,0,0,0
B3_zmq_pushpull,zmq_tcp,none,none,,1,8280,512,584,1785153444740323000,1785153444740323000,1785153444740324000,1785153444740325000,1785153444740461000,1785153444740463000,1785153444740463000,1785153444740463000,121932490,121652369,-144.121,0.000,1.000,1.000,2.000,0.000,0.000,7.000,0,0,0
B3_zmq_pushpull,zmq_tcp,none,none,,1,8281,512,584,1785153444741436000,1785153444741436000,1785153444741436000,1785153444741437000,1785153444741591000,1785153444741594000,1785153444741594000,1785153444741594000,121932490,121652369,-126.121,0.000,0.000,1.000,3.000,0.000,0.000,18.000,0,0,0
B3_zmq_pushpull,zmq_tcp,none,none,,1,8282,512,584,1785153444742425000,1785153444742425000,1785153444742425000,1785153444742426000,1785153444742582000,1785153444742585000,1785153444742585000,1785153444742585000,121932490,121652369,-124.121,0.000,0.000,1.000,3.000,0.000,0.000,2.000,0,0,0
B3_zmq_pushpull,zmq_tcp,none,none,,1,8283,512,584,1785153444743429000,1785153444743430000,1785153444743430000,1785153444743431000,1785153444743587000,1785153444743591000,1785153444743591000,1785153444743591000,121932490,121652369,-124.121,1.000,0.000,1.000,4.000,0.000,0.000,0.000,0,0,0
B3_zmq_pushpull,zmq_tcp,none,none,,1,8284,512,584,1785153444744542000,1785153444744542000,1785153444744543000,1785153444744543000,1785153444744719000,1785153444744722000,1785153444744722000,1785153444744722000,121932490,121652369,-104.121,0.000,1.000,0.000,3.000,0.000,0.000,20.000,0,0,0
B3_zmq_pushpull,zmq_tcp,none,none,,1,8285,512,584,1785153444745510000,1785153444745510000,1785153444745510000,1785153444745511000,1785153444745694000,1785153444745696000,1785153444745696000,1785153444745696000,121932490,121652369,-97.121,0.000,0.000,1.000,2.000,0.000,0.000,7.000,0,0,0
B3_zmq_pushpull,zmq_tcp,none,none,,1,8286,512,584,1785153444746399000,1785153444746399000,1785153444746399000,1785153444746400000,1785153444746566000,1785153444746571000,1785153444746571000,1785153444746571000,121932490,121652369,-114.121,0.000,0.000,1.000,5.000,0.000,0.000,17.000,0,0,0
B3_zmq_pushpull,zmq_tcp,none,none,,1,8287,512,584,1785153444747550000,1785153444747550000,1785153444747550000,1785153444747552000,1785153444747686000,1785153444747689000,1785153444747689000,1785153444747689000,121932490,121652369,-146.121,0.000,0.000,2.000,3.000,0.000,0.000,32.000,0,0,0
B3_zmq_pushpull,zmq_tcp,none,none,,1,8288,512,584,1785153444748511000,1785153444748511000,1785153444748511000,1785153444748512000,1785153444748678000,1785153444748680000,1785153444748680000,1785153444748680000,121932490,121652369,-114.121,0.000,0.000,1.000,2.000,0.000,0.000,32.000,0,0,0
B3_zmq_pushpull,zmq_tcp,none,none,,1,8289,512,584,1785153444749518000,1785153444749518000,1785153444749518000,1785153444749519000,1785153444749679000,1785153444749682000,1785153444749682000,1785153444749682000,121932490,121652369,-120.121,0.000,0.000,1.000,3.000,0.000,0.000,6.000,0,0,0
B3_zmq_pushpull,zmq_tcp,none,none,,1,8290,512,584,1785153444750521000,1785153444750522000,1785153444750522000,1785153444750523000,1785153444750686000,1785153444750688000,1785153444750688000,1785153444750688000,121932490,121652369,-117.121,1.000,0.000,1.000,2.000,0.000,0.000,3.000,0,0,0
B3_zmq_pushpull,zmq_tcp,none,none,,1,8291,512,584,1785153444751517000,1785153444751517000,1785153444751517000,1785153444751518000,1785153444751696000,1785153444751698000,1785153444751699000,1785153444751699000,121932490,121652369,-102.121,0.000,0.000,1.000,2.000,1.000,0.000,15.000,0,0,0
B3_zmq_pushpull,zmq_tcp,none,none,,1,8292,512,584,1785153444752412000,1785153444752412000,1785153444752412000,1785153444752413000,1785153444752576000,1785153444752580000,1785153444752580000,1785153444752580000,121932490,121652369,-117.121,0.000,0.000,1.000,4.000,0.000,0.000,15.000,0,0,0
B3_zmq_pushpull,zmq_tcp,none,none,,1,8293,512,584,1785153444753546000,1785153444753547000,1785153444753547000,1785153444753548000,1785153444753707000,1785153444753710000,1785153444753710000,1785153444753710000,121932490,121652369,-121.121,1.000,0.000,1.000,3.000,0.000,0.000,4.000,0,0,0
B3_zmq_pushpull,zmq_tcp,none,none,,1,8294,512,584,1785153444754511000,1785153444754511000,1785153444754511000,1785153444754512000,1785153444754558000,1785153444754562000,1785153444754562000,1785153444754562000,121932490,121652369,-234.121,0.000,0.000,1.000,4.000,0.000,0.000,113.000,0,0,0
B3_zmq_pushpull,zmq_tcp,none,none,,1,8295,512,584,1785153444755520000,1785153444755520000,1785153444755520000,1785153444755521000,1785153444755570000,1785153444755573000,1785153444755573000,1785153444755573000,121932490,121652369,-231.121,0.000,0.000,1.000,3.000,0.000,0.000,3.000,0,0,0
B3_zmq_pushpull,zmq_tcp,none,none,,1,8296,512,584,1785153444756516000,1785153444756516000,1785153444756516000,1785153444756517000,1785153444756566000,1785153444756570000,1785153444756570000,1785153444756570000,121932490,121652369,-231.121,0.000,0.000,1.000,4.000,0.000,0.000,0.000,0,0,0
B3_zmq_pushpull,zmq_tcp,none,none,,1,8297,512,584,1785153444757518000,1785153444757518000,1785153444757518000,1785153444757519000,1785153444757578000,1785153444757581000,1785153444757581000,1785153444757581000,121932490,121652369,-221.121,0.000,0.000,1.000,3.000,0.000,0.000,10.000,0,0,0
B3_zmq_pushpull,zmq_tcp,none,none,,1,8298,512,584,1785153444758518000,1785153444758518000,1785153444758518000,1785153444758519000,1785153444758573000,1785153444758576000,1785153444758577000,1785153444758577000,121932490,121652369,-226.121,0.000,0.000,1.000,3.000,1.000,0.000,5.000,0,0,0
B3_zmq_pushpull,zmq_tcp,none,none,,1,8299,512,584,1785153444759423000,1785153444759423000,1785153444759423000,1785153444759424000,1785153444759577000,1785153444759581000,1785153444759581000,1785153444759581000,121932490,121652369,-127.121,0.000,0.000,1.000,4.000,0.000,0.000,99.000,0,0,0
B3_zmq_pushpull,zmq_tcp,none,none,,1,8300,512,584,1785153444760416000,1785153444760416000,1785153444760416000,1785153444760417000,1785153444760575000,1785153444760577000,1785153444760577000,1785153444760578000,121932490,121652369,-122.121,0.000,0.000,1.000,2.000,0.000,1.000,5.000,0,0,0
B3_zmq_pushpull,zmq_tcp,none,none,,1,8301,512,584,1785153444761423000,1785153444761423000,1785153444761423000,1785153444761425000,1785153444761582000,1785153444761585000,1785153444761585000,1785153444761585000,121932490,121652369,-123.121,0.000,0.000,2.000,3.000,0.000,0.000,1.000,0,0,0
B3_zmq_pushpull,zmq_tcp,none,none,,1,8302,512,584,1785153444762544000,1785153444762544000,1785153444762544000,1785153444762545000,1785153444762719000,1785153444762722000,1785153444762722000,1785153444762722000,121932490,121652369,-106.121,0.000,0.000,1.000,3.000,0.000,0.000,17.000,0,0,0
B3_zmq_pushpull,zmq_tcp,none,none,,1,8303,512,584,1785153444763510000,1785153444763510000,1785153444763510000,1785153444763511000,1785153444763560000,1785153444763563000,1785153444763563000,1785153444763563000,121932490,121652369,-231.121,0.000,0.000,1.000,3.000,0.000,0.000,125.000,0,0,0
B3_zmq_pushpull,zmq_tcp,none,none,,1,8304,512,584,1785153444764522000,1785153444764522000,1785153444764522000,1785153444764523000,1785153444764706000,1785153444764709000,1785153444764709000,1785153444764709000,121932490,121652369,-97.121,0.000,0.000,1.000,3.000,0.000,0.000,134.000,0,0,0
B3_zmq_pushpull,zmq_tcp,none,none,,1,8305,512,584,1785153444765400000,1785153444765400000,1785153444765400000,1785153444765401000,1785153444765560000,1785153444765563000,1785153444765563000,1785153444765563000,121932490,121652369,-121.121,0.000,0.000,1.000,3.000,0.000,0.000,24.000,0,0,0
B3_zmq_pushpull,zmq_tcp,none,none,,1,8306,512,584,1785153444766549000,1785153444766549000,1785153444766549000,1785153444766550000,1785153444766712000,1785153444766715000,1785153444766715000,1785153444766715000,121932490,121652369,-118.121,0.000,0.000,1.000,3.000,0.000,0.000,3.000,0,0,0
B3_zmq_pushpull,zmq_tcp,none,none,,1,8307,512,584,1785153444767514000,1785153444767514000,1785153444767514000,1785153444767515000,1785153444767582000,1785153444767585000,1785153444767586000,1785153444767586000,121932490,121652369,-213.121,0.000,0.000,1.000,3.000,1.000,0.000,95.000,0,0,0
B3_zmq_pushpull,zmq_tcp,none,none,,1,8308,512,584,1785153444768520000,1785153444768520000,1785153444768520000,1785153444768521000,1785153444768582000,1785153444768584000,1785153444768584000,1785153444768584000,121932490,121652369,-219.121,0.000,0.000,1.000,2.000,0.000,0.000,6.000,0,0,0
B3_zmq_pushpull,zmq_tcp,none,none,,1,8309,512,584,1785153444769518000,1785153444769519000,1785153444769519000,1785153444769520000,1785153444769570000,1785153444769572000,1785153444769572000,1785153444769573000,121932490,121652369,-230.121,1.000,0.000,1.000,2.000,0.000,1.000,11.000,0,0,0
B3_zmq_pushpull,zmq_tcp,none,none,,1,8310,512,584,1785153444770518000,1785153444770519000,1785153444770519000,1785153444770520000,1785153444770576000,1785153444770579000,1785153444770579000,1785153444770579000,121932490,121652369,-224.121,1.000,0.000,1.000,3.000,0.000,0.000,6.000,0,0,0
B3_zmq_pushpull,zmq_tcp,none,none,,1,8311,512,584,1785153444771428000,1785153444771428000,1785153444771428000,1785153444771429000,1785153444771590000,1785153444771593000,1785153444771593000,1785153444771593000,121932490,121652369,-119.121,0.000,0.000,1.000,3.000,0.000,0.000,105.000,0,0,0
B3_zmq_pushpull,zmq_tcp,none,none,,1,8312,512,584,1785153444772321000,1785153444772321000,1785153444772321000,1785153444772322000,1785153444772468000,1785153444772471000,1785153444772471000,1785153444772471000,121932490,121652369,-134.121,0.000,0.000,1.000,3.000,0.000,0.000,15.000,0,0,0
B3_zmq_pushpull,zmq_tcp,none,none,,1,8313,512,584,1785153444773324000,1785153444773324000,1785153444773324000,1785153444773326000,1785153444773477000,1785153444773480000,1785153444773480000,1785153444773480000,121932490,121652369,-129.121,0.000,0.000,2.000,3.000,0.000,0.000,5.000,0,0,0
B3_zmq_pushpull,zmq_tcp,none,none,,1,8314,512,584,1785153444774326000,1785153444774326000,1785153444774326000,1785153444774327000,1785153444774472000,1785153444774475000,1785153444774475000,1785153444774475000,121932490,121652369,-135.121,0.000,0.000,1.000,3.000,0.000,0.000,6.000,0,0,0
B3_zmq_pushpull,zmq_tcp,none,none,,1,8315,512,584,1785153444775438000,1785153444775438000,1785153444775438000,1785153444775439000,1785153444775592000,1785153444775595000,1785153444775595000,1785153444775595000,121932490,121652369,-127.121,0.000,0.000,1.000,3.000,0.000,0.000,8.000,0,0,0
B3_zmq_pushpull,zmq_tcp,none,none,,1,8316,512,584,1785153444776539000,1785153444776539000,1785153444776539000,1785153444776540000,1785153444776584000,1785153444776588000,1785153444776588000,1785153444776588000,121932490,121652369,-236.121,0.000,0.000,1.000,4.000,0.000,0.000,109.000,0,0,0
B3_zmq_pushpull,zmq_tcp,none,none,,1,8317,512,584,1785153444777444000,1785153444777445000,1785153444777445000,1785153444777446000,1785153444777602000,1785153444777605000,1785153444777605000,1785153444777605000,121932490,121652369,-124.121,1.000,0.000,1.000,3.000,0.000,0.000,112.000,0,0,0
B3_zmq_pushpull,zmq_tcp,none,none,,1,8318,512,584,1785153444778537000,1785153444778537000,1785153444778537000,1785153444778538000,1785153444778614000,1785153444778617000,1785153444778617000,1785153444778617000,121932490,121652369,-204.121,0.000,0.000,1.000,3.000,0.000,0.000,80.000,0,0,0
B3_zmq_pushpull,zmq_tcp,none,none,,1,8319,512,584,1785153444779514000,1785153444779514000,1785153444779514000,1785153444779515000,1785153444779633000,1785153444779635000,1785153444779635000,1785153444779635000,121932490,121652369,-162.121,0.000,0.000,1.000,2.000,0.000,0.000,42.000,0,0,0
B3_zmq_pushpull,zmq_tcp,none,none,,1,8320,512,584,1785153444780521000,1785153444780521000,1785153444780521000,1785153444780522000,1785153444780633000,1785153444780635000,1785153444780635000,1785153444780635000,121932490,121652369,-169.121,0.000,0.000,1.000,2.000,0.000,0.000,7.000,0,0,0
B3_zmq_pushpull,zmq_tcp,none,none,,1,8321,512,584,1785153444781517000,1785153444781517000,1785153444781517000,1785153444781518000,1785153444781632000,1785153444781635000,1785153444781635000,1785153444781635000,121932490,121652369,-166.121,0.000,0.000,1.000,3.000,0.000,0.000,3.000,0,0,0
B3_zmq_pushpull,zmq_tcp,none,none,,1,8322,512,584,1785153444782520000,1785153444782520000,1785153444782520000,1785153444782521000,1785153444782634000,1785153444782638000,1785153444782638000,1785153444782638000,121932490,121652369,-167.121,0.000,0.000,1.000,4.000,0.000,0.000,1.000,0,0,0
B3_zmq_pushpull,zmq_tcp,none,none,,1,8323,512,584,1785153444783336000,1785153444783336000,1785153444783336000,1785153444783337000,1785153444783483000,1785153444783487000,1785153444783487000,1785153444783487000,121932490,121652369,-134.121,0.000,0.000,1.000,4.000,0.000,0.000,33.000,0,0,0
B3_zmq_pushpull,zmq_tcp,none,none,,1,8324,512,584,1785153444784331000,1785153444784331000,1785153444784332000,1785153444784332000,1785153444784476000,1785153444784480000,1785153444784480000,1785153444784480000,121932490,121652369,-136.121,0.000,1.000,0.000,4.000,0.000,0.000,2.000,0,0,0
B3_zmq_pushpull,zmq_tcp,none,none,,1,8325,512,584,1785153444785565000,1785153444785566000,1785153444785566000,1785153444785567000,1785153444785633000,1785153444785635000,1785153444785635000,1785153444785635000,121932490,121652369,-214.121,1.000,0.000,1.000,2.000,0.000,0.000,78.000,0,0,0
B3_zmq_pushpull,zmq_tcp,none,none,,1,8326,512,584,1785153444786336000,1785153444786336000,1785153444786336000,1785153444786337000,1785153444786497000,1785153444786499000,1785153444786499000,1785153444786499000,121932490,121652369,-120.121,0.000,0.000,1.000,2.000,0.000,0.000,94.000,0,0,0
B3_zmq_pushpull,zmq_tcp,none,none,,1,8327,512,584,1785153444787565000,1785153444787565000,1785153444787565000,1785153444787566000,1785153444787761000,1785153444787764000,1785153444787764000,1785153444787764000,121932490,121652369,-85.121,0.000,0.000,1.000,3.000,0.000,0.000,35.000,0,0,0
B3_zmq_pushpull,zmq_tcp,none,none,,1,8328,512,584,1785153444788506000,1785153444788506000,1785153444788506000,1785153444788507000,1785153444788594000,1785153444788596000,1785153444788596000,1785153444788596000,121932490,121652369,-193.121,0.000,0.000,1.000,2.000,0.000,0.000,108.000,0,0,0
B3_zmq_pushpull,zmq_tcp,none,none,,1,8329,512,584,1785153444789446000,1785153444789446000,1785153444789446000,1785153444789447000,1785153444789589000,1785153444789592000,1785153444789592000,1785153444789592000,121932490,121652369,-138.121,0.000,0.000,1.000,3.000,0.000,0.000,55.000,0,0,0
B3_zmq_pushpull,zmq_tcp,none,none,,1,8330,512,584,1785153444790536000,1785153444790536000,1785153444790536000,1785153444790537000,1785153444790695000,1785153444790698000,1785153444790698000,1785153444790698000,121932490,121652369,-122.121,0.000,0.000,1.000,3.000,0.000,0.000,16.000,0,0,0
B3_zmq_pushpull,zmq_tcp,none,none,,1,8331,512,584,1785153444791519000,1785153444791519000,1785153444791519000,1785153444791520000,1785153444791689000,1785153444791698000,1785153444791698000,1785153444791698000,121932490,121652369,-111.121,0.000,0.000,1.000,9.000,0.000,0.000,11.000,0,0,0
B3_zmq_pushpull,zmq_tcp,none,none,,1,8332,512,584,1785153444792513000,1785153444792513000,1785153444792514000,1785153444792514000,1785153444792705000,1785153444792710000,1785153444792710000,1785153444792710000,121932490,121652369,-89.121,0.000,1.000,0.000,5.000,0.000,0.000,22.000,0,0,0
B3_zmq_pushpull,zmq_tcp,none,none,,1,8333,512,584,1785153444793524000,1785153444793524000,1785153444793524000,1785153444793525000,1785153444793714000,1785153444793717000,1785153444793717000,1785153444793717000,121932490,121652369,-91.121,0.000,0.000,1.000,3.000,0.000,0.000,2.000,0,0,0
B3_zmq_pushpull,zmq_tcp,none,none,,1,8334,512,584,1785153444794517000,1785153444794517000,1785153444794517000,1785153444794518000,1785153444794569000,1785153444794572000,1785153444794572000,1785153444794572000,121932490,121652369,-229.121,0.000,0.000,1.000,3.000,0.000,0.000,138.000,0,0,0
B3_zmq_pushpull,zmq_tcp,none,none,,1,8335,512,584,1785153444795521000,1785153444795521000,1785153444795521000,1785153444795522000,1785153444795696000,1785153444795700000,1785153444795700000,1785153444795700000,121932490,121652369,-106.121,0.000,0.000,1.000,4.000,0.000,0.000,123.000,0,0,0
B3_zmq_pushpull,zmq_tcp,none,none,,1,8336,512,584,1785153444796514000,1785153444796514000,1785153444796514000,1785153444796515000,1785153444796667000,1785153444796670000,1785153444796670000,1785153444796670000,121932490,121652369,-128.121,0.000,0.000,1.000,3.000,0.000,0.000,22.000,0,0,0
B3_zmq_pushpull,zmq_tcp,none,none,,1,8337,512,584,1785153444797519000,1785153444797519000,1785153444797520000,1785153444797521000,1785153444797650000,1785153444797653000,1785153444797653000,1785153444797653000,121932490,121652369,-151.121,0.000,1.000,1.000,3.000,0.000,0.000,23.000,0,0,0
B3_zmq_pushpull,zmq_tcp,none,none,,1,8338,512,584,1785153444798518000,1785153444798518000,1785153444798518000,1785153444798519000,1785153444798669000,1785153444798671000,1785153444798671000,1785153444798672000,121932490,121652369,-130.121,0.000,0.000,1.000,2.000,0.000,1.000,21.000,0,0,0
B3_zmq_pushpull,zmq_tcp,none,none,,1,8339,512,584,1785153444799517000,1785153444799518000,1785153444799518000,1785153444799519000,1785153444799658000,1785153444799661000,1785153444799661000,1785153444799661000,121932490,121652369,-141.121,1.000,0.000,1.000,3.000,0.000,0.000,11.000,0,0,0
B3_zmq_pushpull,zmq_tcp,none,none,,1,8340,512,584,1785153444800517000,1785153444800517000,1785153444800517000,1785153444800518000,1785153444800641000,1785153444800643000,1785153444800643000,1785153444800644000,121932490,121652369,-157.121,0.000,0.000,1.000,2.000,0.000,1.000,16.000,0,0,0
B3_zmq_pushpull,zmq_tcp,none,none,,1,8341,512,584,1785153444801520000,1785153444801520000,1785153444801520000,1785153444801521000,1785153444801633000,1785153444801636000,1785153444801636000,1785153444801636000,121932490,121652369,-168.121,0.000,0.000,1.000,3.000,0.000,0.000,11.000,0,0,0
B3_zmq_pushpull,zmq_tcp,none,none,,1,8342,512,584,1785153444802517000,1785153444802517000,1785153444802517000,1785153444802518000,1785153444802615000,1785153444802618000,1785153444802618000,1785153444802618000,121932490,121652369,-183.121,0.000,0.000,1.000,3.000,0.000,0.000,15.000,0,0,0
B3_zmq_pushpull,zmq_tcp,none,none,,1,8343,512,584,1785153444803517000,1785153444803517000,1785153444803517000,1785153444803518000,1785153444803596000,1785153444803598000,1785153444803598000,1785153444803598000,121932490,121652369,-202.121,0.000,0.000,1.000,2.000,0.000,0.000,19.000,0,0,0
B3_zmq_pushpull,zmq_tcp,none,none,,1,8344,512,584,1785153444804517000,1785153444804518000,1785153444804518000,1785153444804519000,1785153444804584000,1785153444804586000,1785153444804586000,1785153444804586000,121932490,121652369,-215.121,1.000,0.000,1.000,2.000,0.000,0.000,13.000,0,0,0
B3_zmq_pushpull,zmq_tcp,none,none,,1,8345,512,584,1785153444805519000,1785153444805519000,1785153444805520000,1785153444805520000,1785153444805585000,1785153444805588000,1785153444805588000,1785153444805588000,121932490,121652369,-215.121,0.000,1.000,0.000,3.000,0.000,0.000,0.000,0,0,0
B3_zmq_pushpull,zmq_tcp,none,none,,1,8346,512,584,1785153444806520000,1785153444806520000,1785153444806520000,1785153444806521000,1785153444806589000,1785153444806592000,1785153444806592000,1785153444806592000,121932490,121652369,-212.121,0.000,0.000,1.000,3.000,0.000,0.000,3.000,0,0,0
B3_zmq_pushpull,zmq_tcp,none,none,,1,8347,512,584,1785153444807519000,1785153444807519000,1785153444807519000,1785153444807520000,1785153444807594000,1785153444807597000,1785153444807597000,1785153444807597000,121932490,121652369,-206.121,0.000,0.000,1.000,3.000,0.000,0.000,6.000,0,0,0
B3_zmq_pushpull,zmq_tcp,none,none,,1,8348,512,584,1785153444808517000,1785153444808518000,1785153444808518000,1785153444808519000,1785153444808584000,1785153444808587000,1785153444808588000,1785153444808588000,121932490,121652369,-215.121,1.000,0.000,1.000,3.000,1.000,0.000,9.000,0,0,0
B3_zmq_pushpull,zmq_tcp,none,none,,1,8349,512,584,1785153444809518000,1785153444809518000,1785153444809518000,1785153444809519000,1785153444809734000,1785153444809737000,1785153444809737000,1785153444809737000,121932490,121652369,-65.121,0.000,0.000,1.000,3.000,0.000,0.000,150.000,0,0,0
B3_zmq_pushpull,zmq_tcp,none,none,,1,8350,512,584,1785153444810518000,1785153444810518000,1785153444810518000,1785153444810519000,1785153444810591000,1785153444810594000,1785153444810594000,1785153444810594000,121932490,121652369,-208.121,0.000,0.000,1.000,3.000,0.000,0.000,143.000,0,0,0
B3_zmq_pushpull,zmq_tcp,none,none,,1,8351,512,584,1785153444811516000,1785153444811516000,1785153444811516000,1785153444811517000,1785153444811584000,1785153444811587000,1785153444811587000,1785153444811587000,121932490,121652369,-213.121,0.000,0.000,1.000,3.000,0.000,0.000,5.000,0,0,0
B3_zmq_pushpull,zmq_tcp,none,none,,1,8352,512,584,1785153444812520000,1785153444812520000,1785153444812520000,1785153444812521000,1785153444812588000,1785153444812591000,1785153444812591000,1785153444812591000,121932490,121652369,-213.121,0.000,0.000,1.000,3.000,0.000,0.000,0.000,0,0,0
B3_zmq_pushpull,zmq_tcp,none,none,,1,8353,512,584,1785153444813518000,1785153444813518000,1785153444813519000,1785153444813520000,1785153444813596000,1785153444813599000,1785153444813599000,1785153444813599000,121932490,121652369,-204.121,0.000,1.000,1.000,3.000,0.000,0.000,9.000,0,0,0
B3_zmq_pushpull,zmq_tcp,none,none,,1,8354,512,584,1785153444814516000,1785153444814516000,1785153444814516000,1785153444814517000,1785153444814576000,1785153444814579000,1785153444814579000,1785153444814579000,121932490,121652369,-221.121,0.000,0.000,1.000,3.000,0.000,0.000,17.000,0,0,0
B3_zmq_pushpull,zmq_tcp,none,none,,1,8355,512,584,1785153444815519000,1785153444815520000,1785153444815520000,1785153444815521000,1785153444815570000,1785153444815573000,1785153444815573000,1785153444815573000,121932490,121652369,-231.121,1.000,0.000,1.000,3.000,0.000,0.000,10.000,0,0,0
B3_zmq_pushpull,zmq_tcp,none,none,,1,8356,512,584,1785153444816519000,1785153444816519000,1785153444816519000,1785153444816520000,1785153444816688000,1785153444816691000,1785153444816691000,1785153444816691000,121932490,121652369,-112.121,0.000,0.000,1.000,3.000,0.000,0.000,119.000,0,0,0
B3_zmq_pushpull,zmq_tcp,none,none,,1,8357,512,584,1785153444817518000,1785153444817518000,1785153444817518000,1785153444817519000,1785153444817685000,1785153444817687000,1785153444817687000,1785153444817688000,121932490,121652369,-114.121,0.000,0.000,1.000,2.000,0.000,1.000,2.000,0,0,0
B3_zmq_pushpull,zmq_tcp,none,none,,1,8358,512,584,1785153444818515000,1785153444818515000,1785153444818516000,1785153444818517000,1785153444818693000,1785153444818696000,1785153444818696000,1785153444818696000,121932490,121652369,-104.121,0.000,1.000,1.000,3.000,0.000,0.000,10.000,0,0,0
B3_zmq_pushpull,zmq_tcp,none,none,,1,8359,512,584,1785153444819519000,1785153444819519000,1785153444819519000,1785153444819520000,1785153444819669000,1785153444819672000,1785153444819672000,1785153444819672000,121932490,121652369,-131.121,0.000,0.000,1.000,3.000,0.000,0.000,27.000,0,0,0
B3_zmq_pushpull,zmq_tcp,none,none,,1,8360,512,584,1785153444820518000,1785153444820518000,1785153444820518000,1785153444820519000,1785153444820668000,1785153444820671000,1785153444820671000,1785153444820671000,121932490,121652369,-131.121,0.000,0.000,1.000,3.000,0.000,0.000,0.000,0,0,0
B3_zmq_pushpull,zmq_tcp,none,none,,1,8361,512,584,1785153444821518000,1785153444821518000,1785153444821518000,1785153444821519000,1785153444821658000,1785153444821661000,1785153444821661000,1785153444821661000,121932490,121652369,-141.121,0.000,0.000,1.000,3.000,0.000,0.000,10.000,0,0,0
B3_zmq_pushpull,zmq_tcp,none,none,,1,8362,512,584,1785153444822515000,1785153444822515000,1785153444822515000,1785153444822516000,1785153444822650000,1785153444822653000,1785153444822654000,1785153444822654000,121932490,121652369,-146.121,0.000,0.000,1.000,3.000,1.000,0.000,5.000,0,0,0
B3_zmq_pushpull,zmq_tcp,none,none,,1,8363,512,584,1785153444823521000,1785153444823522000,1785153444823522000,1785153444823523000,1785153444823656000,1785153444823659000,1785153444823659000,1785153444823659000,121932490,121652369,-147.121,1.000,0.000,1.000,3.000,0.000,0.000,1.000,0,0,0
B3_zmq_pushpull,zmq_tcp,none,none,,1,8364,512,584,1785153444824518000,1785153444824518000,1785153444824518000,1785153444824519000,1785153444824666000,1785153444824671000,1785153444824671000,1785153444824671000,121932490,121652369,-133.121,0.000,0.000,1.000,5.000,0.000,0.000,14.000,0,0,0
B3_zmq_pushpull,zmq_tcp,none,none,,1,8365,512,584,1785153444825519000,1785153444825519000,1785153444825519000,1785153444825520000,1785153444825673000,1785153444825676000,1785153444825676000,1785153444825676000,121932490,121652369,-127.121,0.000,0.000,1.000,3.000,0.000,0.000,6.000,0,0,0
B3_zmq_pushpull,zmq_tcp,none,none,,1,8366,512,584,1785153444826515000,1785153444826515000,1785153444826515000,1785153444826516000,1785153444826669000,1785153444826672000,1785153444826672000,1785153444826672000,121932490,121652369,-127.121,0.000,0.000,1.000,3.000,0.000,0.000,0.000,0,0,0
B3_zmq_pushpull,zmq_tcp,none,none,,1,8367,512,584,1785153444827519000,1785153444827519000,1785153444827519000,1785153444827520000,1785153444827670000,1785153444827673000,1785153444827673000,1785153444827673000,121932490,121652369,-130.121,0.000,0.000,1.000,3.000,0.000,0.000,3.000,0,0,0
B3_zmq_pushpull,zmq_tcp,none,none,,1,8368,512,584,1785153444828517000,1785153444828518000,1785153444828518000,1785153444828519000,1785153444828641000,1785153444828644000,1785153444828644000,1785153444828644000,121932490,121652369,-158.121,1.000,0.000,1.000,3.000,0.000,0.000,28.000,0,0,0
B3_zmq_pushpull,zmq_tcp,none,none,,1,8369,512,584,1785153444829517000,1785153444829518000,1785153444829518000,1785153444829519000,1785153444829629000,1785153444829632000,1785153444829632000,1785153444829632000,121932490,121652369,-170.121,1.000,0.000,1.000,3.000,0.000,0.000,12.000,0,0,0
B3_zmq_pushpull,zmq_tcp,none,none,,1,8370,512,584,1785153444830517000,1785153444830517000,1785153444830517000,1785153444830519000,1785153444830621000,1785153444830625000,1785153444830625000,1785153444830625000,121932490,121652369,-178.121,0.000,0.000,2.000,4.000,0.000,0.000,8.000,0,0,0
B3_zmq_pushpull,zmq_tcp,none,none,,1,8371,512,584,1785153444831518000,1785153444831518000,1785153444831518000,1785153444831519000,1785153444831618000,1785153444831621000,1785153444831621000,1785153444831621000,121932490,121652369,-181.121,0.000,0.000,1.000,3.000,0.000,0.000,3.000,0,0,0
B3_zmq_pushpull,zmq_tcp,none,none,,1,8372,512,584,1785153444832517000,1785153444832517000,1785153444832518000,1785153444832518000,1785153444832595000,1785153444832598000,1785153444832598000,1785153444832598000,121932490,121652369,-203.121,0.000,1.000,0.000,3.000,0.000,0.000,22.000,0,0,0
B3_zmq_pushpull,zmq_tcp,none,none,,1,8373,512,584,1785153444833520000,1785153444833520000,1785153444833520000,1785153444833521000,1785153444833606000,1785153444833609000,1785153444833609000,1785153444833609000,121932490,121652369,-195.121,0.000,0.000,1.000,3.000,0.000,0.000,8.000,0,0,0
B3_zmq_pushpull,zmq_tcp,none,none,,1,8374,512,584,1785153444834521000,1785153444834521000,1785153444834521000,1785153444834522000,1785153444834596000,1785153444834599000,1785153444834599000,1785153444834599000,121932490,121652369,-206.121,0.000,0.000,1.000,3.000,0.000,0.000,11.000,0,0,0
B3_zmq_pushpull,zmq_tcp,none,none,,1,8375,512,584,1785153444835520000,1785153444835520000,1785153444835520000,1785153444835521000,1785153444835708000,1785153444835710000,1785153444835710000,1785153444835710000,121932490,121652369,-93.121,0.000,0.000,1.000,2.000,0.000,0.000,113.000,0,0,0
B3_zmq_pushpull,zmq_tcp,none,none,,1,8376,512,584,1785153444836517000,1785153444836518000,1785153444836518000,1785153444836519000,1785153444836710000,1785153444836714000,1785153444836714000,1785153444836714000,121932490,121652369,-89.121,1.000,0.000,1.000,4.000,0.000,0.000,4.000,0,0,0
B3_zmq_pushpull,zmq_tcp,none,none,,1,8377,512,584,1785153444837407000,1785153444837407000,1785153444837408000,1785153444837409000,1785153444837561000,1785153444837564000,1785153444837564000,1785153444837564000,121932490,121652369,-128.121,0.000,1.000,1.000,3.000,0.000,0.000,39.000,0,0,0
B3_zmq_pushpull,zmq_tcp,none,none,,1,8378,512,584,1785153444838399000,1785153444838399000,1785153444838399000,1785153444838400000,1785153444838552000,1785153444838554000,1785153444838554000,1785153444838555000,121932490,121652369,-128.121,0.000,0.000,1.000,2.000,0.000,1.000,0.000,0,0,0
B3_zmq_pushpull,zmq_tcp,none,none,,1,8379,512,584,1785153444839383000,1785153444839383000,1785153444839383000,1785153444839384000,1785153444839541000,1785153444839544000,1785153444839544000,1785153444839544000,121932490,121652369,-123.121,0.000,0.000,1.000,3.000,0.000,0.000,5.000,0,0,0
B3_zmq_pushpull,zmq_tcp,none,none,,1,8380,512,584,1785153444840405000,1785153444840405000,1785153444840405000,1785153444840406000,1785153444840565000,1785153444840568000,1785153444840568000,1785153444840568000,121932490,121652369,-121.121,0.000,0.000,1.000,3.000,0.000,0.000,2.000,0,0,0
B3_zmq_pushpull,zmq_tcp,none,none,,1,8381,512,584,1785153444841422000,1785153444841423000,1785153444841423000,1785153444841424000,1785153444841584000,1785153444841587000,1785153444841587000,1785153444841587000,121932490,121652369,-120.121,1.000,0.000,1.000,3.000,0.000,0.000,1.000,0,0,0
B3_zmq_pushpull,zmq_tcp,none,none,,1,8382,512,584,1785153444842542000,1785153444842542000,1785153444842542000,1785153444842543000,1785153444842715000,1785153444842717000,1785153444842717000,1785153444842717000,121932490,121652369,-108.121,0.000,0.000,1.000,2.000,0.000,0.000,12.000,0,0,0
B3_zmq_pushpull,zmq_tcp,none,none,,1,8383,512,584,1785153444843515000,1785153444843515000,1785153444843515000,1785153444843516000,1785153444843690000,1785153444843698000,1785153444843698000,1785153444843698000,121932490,121652369,-106.121,0.000,0.000,1.000,8.000,0.000,0.000,2.000,0,0,0
B3_zmq_pushpull,zmq_tcp,none,none,,1,8384,512,584,1785153444844519000,1785153444844520000,1785153444844520000,1785153444844521000,1785153444844692000,1785153444844695000,1785153444844695000,1785153444844695000,121932490,121652369,-109.121,1.000,0.000,1.000,3.000,0.000,0.000,3.000,0,0,0
B3_zmq_pushpull,zmq_tcp,none,none,,1,8385,512,584,1785153444845519000,1785153444845519000,1785153444845519000,1785153444845520000,1785153444845685000,1785153444845688000,1785153444845688000,1785153444845688000,121932490,121652369,-115.121,0.000,0.000,1.000,3.000,0.000,0.000,6.000,0,0,0
B3_zmq_pushpull,zmq_tcp,none,none,,1,8386,512,584,1785153444846518000,1785153444846518000,1785153444846518000,1785153444846519000,1785153444846680000,1785153444846683000,1785153444846683000,1785153444846683000,121932490,121652369,-119.121,0.000,0.000,1.000,3.000,0.000,0.000,4.000,0,0,0
B3_zmq_pushpull,zmq_tcp,none,none,,1,8387,512,584,1785153444847519000,1785153444847519000,1785153444847519000,1785153444847520000,1785153444847677000,1785153444847680000,1785153444847680000,1785153444847680000,121932490,121652369,-123.121,0.000,0.000,1.000,3.000,0.000,0.000,4.000,0,0,0
B3_zmq_pushpull,zmq_tcp,none,none,,1,8388,512,584,1785153444848518000,1785153444848518000,1785153444848518000,1785153444848519000,1785153444848666000,1785153444848670000,1785153444848670000,1785153444848670000,121932490,121652369,-133.121,0.000,0.000,1.000,4.000,0.000,0.000,10.000,0,0,0
B3_zmq_pushpull,zmq_tcp,none,none,,1,8389,512,584,1785153444849515000,1785153444849516000,1785153444849516000,1785153444849517000,1785153444849664000,1785153444849666000,1785153444849666000,1785153444849666000,121932490,121652369,-133.121,1.000,0.000,1.000,2.000,0.000,0.000,0.000,0,0,0
B3_zmq_pushpull,zmq_tcp,none,none,,1,8390,512,584,1785153444850519000,1785153444850519000,1785153444850519000,1785153444850520000,1785153444850652000,1785153444850654000,1785153444850654000,1785153444850654000,121932490,121652369,-148.121,0.000,0.000,1.000,2.000,0.000,0.000,15.000,0,0,0
B3_zmq_pushpull,zmq_tcp,none,none,,1,8391,512,584,1785153444851518000,1785153444851518000,1785153444851518000,1785153444851519000,1785153444851652000,1785153444851655000,1785153444851655000,1785153444851655000,121932490,121652369,-147.121,0.000,0.000,1.000,3.000,0.000,0.000,1.000,0,0,0
B3_zmq_pushpull,zmq_tcp,none,none,,1,8392,512,584,1785153444852517000,1785153444852518000,1785153444852518000,1785153444852519000,1785153444852638000,1785153444852641000,1785153444852641000,1785153444852641000,121932490,121652369,-161.121,1.000,0.000,1.000,3.000,0.000,0.000,14.000,0,0,0
B3_zmq_pushpull,zmq_tcp,none,none,,1,8393,512,584,1785153444853517000,1785153444853518000,1785153444853518000,1785153444853519000,1785153444853626000,1785153444853629000,1785153444853629000,1785153444853629000,121932490,121652369,-173.121,1.000,0.000,1.000,3.000,0.000,0.000,12.000,0,0,0
B3_zmq_pushpull,zmq_tcp,none,none,,1,8394,512,584,1785153444854517000,1785153444854518000,1785153444854518000,1785153444854519000,1785153444854596000,1785153444854599000,1785153444854599000,1785153444854600000,121932490,121652369,-203.121,1.000,0.000,1.000,3.000,0.000,1.000,30.000,0,0,0
B3_zmq_pushpull,zmq_tcp,none,none,,1,8395,512,584,1785153444855432000,1785153444855432000,1785153444855432000,1785153444855433000,1785153444855589000,1785153444855592000,1785153444855592000,1785153444855592000,121932490,121652369,-124.121,0.000,0.000,1.000,3.000,0.000,0.000,79.000,0,0,0
B3_zmq_pushpull,zmq_tcp,none,none,,1,8396,512,584,1785153444856411000,1785153444856412000,1785153444856412000,1785153444856413000,1785153444856567000,1785153444856570000,1785153444856570000,1785153444856570000,121932490,121652369,-126.121,1.000,0.000,1.000,3.000,0.000,0.000,2.000,0,0,0
B3_zmq_pushpull,zmq_tcp,none,none,,1,8397,512,584,1785153444857545000,1785153444857545000,1785153444857545000,1785153444857546000,1785153444857700000,1785153444857703000,1785153444857703000,1785153444857703000,121932490,121652369,-126.121,0.000,0.000,1.000,3.000,0.000,0.000,0.000,0,0,0
B3_zmq_pushpull,zmq_tcp,none,none,,1,8398,512,584,1785153444858511000,1785153444858512000,1785153444858512000,1785153444858513000,1785153444858560000,1785153444858564000,1785153444858564000,1785153444858564000,121932490,121652369,-233.121,1.000,0.000,1.000,4.000,0.000,0.000,107.000,0,0,0
B3_zmq_pushpull,zmq_tcp,none,none,,1,8399,512,584,1785153444859520000,1785153444859520000,1785153444859520000,1785153444859521000,1785153444859566000,1785153444859570000,1785153444859570000,1785153444859570000,121932490,121652369,-235.121,0.000,0.000,1.000,4.000,0.000,0.000,2.000,0,0,0
B3_zmq_pushpull,zmq_tcp,none,none,,1,8400,512,584,1785153444860397000,1785153444860397000,1785153444860397000,1785153444860398000,1785153444860551000,1785153444860553000,1785153444860553000,1785153444860553000,121932490,121652369,-127.121,0.000,0.000,1.000,2.000,0.000,0.000,108.000,0,0,0
B3_zmq_pushpull,zmq_tcp,none,none,,1,8401,512,584,1785153444861548000,1785153444861548000,1785153444861548000,1785153444861549000,1785153444861679000,1785153444861682000,1785153444861682000,1785153444861682000,121932490,121652369,-150.121,0.000,0.000,1.000,3.000,0.000,0.000,23.000,0,0,0
B3_zmq_pushpull,zmq_tcp,none,none,,1,8402,512,584,1785153444862511000,1785153444862511000,1785153444862511000,1785153444862512000,1785153444862669000,1785153444862672000,1785153444862672000,1785153444862672000,121932490,121652369,-123.121,0.000,0.000,1.000,3.000,0.000,0.000,27.000,0,0,0
B3_zmq_pushpull,zmq_tcp,none,none,,1,8403,512,584,1785153444863520000,1785153444863520000,1785153444863520000,1785153444863521000,1785153444863658000,1785153444863661000,1785153444863661000,1785153444863661000,121932490,121652369,-143.121,0.000,0.000,1.000,3.000,0.000,0.000,20.000,0,0,0
B3_zmq_pushpull,zmq_tcp,none,none,,1,8404,512,584,1785153444864515000,1785153444864515000,1785153444864515000,1785153444864516000,1785153444864639000,1785153444864641000,1785153444864641000,1785153444864641000,121932490,121652369,-157.121,0.000,0.000,1.000,2.000,0.000,0.000,14.000,0,0,0
B3_zmq_pushpull,zmq_tcp,none,none,,1,8405,512,584,1785153444865522000,1785153444865522000,1785153444865522000,1785153444865523000,1785153444865625000,1785153444865628000,1785153444865628000,1785153444865628000,121932490,121652369,-178.121,0.000,0.000,1.000,3.000,0.000,0.000,21.000,0,0,0
B3_zmq_pushpull,zmq_tcp,none,none,,1,8406,512,584,1785153444866522000,1785153444866523000,1785153444866523000,1785153444866524000,1785153444866604000,1785153444866607000,1785153444866607000,1785153444866607000,121932490,121652369,-200.121,1.000,0.000,1.000,3.000,0.000,0.000,22.000,0,0,0
B3_zmq_pushpull,zmq_tcp,none,none,,1,8407,512,584,1785153444867320000,1785153444867321000,1785153444867321000,1785153444867322000,1785153444867465000,1785153444867468000,1785153444867468000,1785153444867468000,121932490,121652369,-137.121,1.000,0.000,1.000,3.000,0.000,0.000,63.000,0,0,0
B3_zmq_pushpull,zmq_tcp,none,none,,1,8408,512,584,1785153444868441000,1785153444868441000,1785153444868441000,1785153444868442000,1785153444868595000,1785153444868598000,1785153444868598000,1785153444868598000,121932490,121652369,-127.121,0.000,0.000,1.000,3.000,0.000,0.000,10.000,0,0,0
B3_zmq_pushpull,zmq_tcp,none,none,,1,8409,512,584,1785153444869409000,1785153444869409000,1785153444869409000,1785153444869410000,1785153444869560000,1785153444869563000,1785153444869563000,1785153444869563000,121932490,121652369,-130.121,0.000,0.000,1.000,3.000,0.000,0.000,3.000,0,0,0
B3_zmq_pushpull,zmq_tcp,none,none,,1,8410,512,584,1785153444870382000,1785153444870382000,1785153444870382000,1785153444870383000,1785153444870536000,1785153444870539000,1785153444870539000,1785153444870539000,121932490,121652369,-127.121,0.000,0.000,1.000,3.000,0.000,0.000,3.000,0,0,0
B3_zmq_pushpull,zmq_tcp,none,none,,1,8411,512,584,1785153444871371000,1785153444871371000,1785153444871371000,1785153444871372000,1785153444871527000,1785153444871530000,1785153444871530000,1785153444871530000,121932490,121652369,-125.121,0.000,0.000,1.000,3.000,0.000,0.000,2.000,0,0,0
B3_zmq_pushpull,zmq_tcp,none,none,,1,8412,512,584,1785153444872343000,1785153444872343000,1785153444872343000,1785153444872344000,1785153444872496000,1785153444872499000,1785153444872499000,1785153444872499000,121932490,121652369,-128.121,0.000,0.000,1.000,3.000,0.000,0.000,3.000,0,0,0
B3_zmq_pushpull,zmq_tcp,none,none,,1,8413,512,584,1785153444873331000,1785153444873331000,1785153444873331000,1785153444873332000,1785153444873484000,1785153444873487000,1785153444873487000,1785153444873487000,121932490,121652369,-128.121,0.000,0.000,1.000,3.000,0.000,0.000,0.000,0,0,0
B3_zmq_pushpull,zmq_tcp,none,none,,1,8414,512,584,1785153444874322000,1785153444874322000,1785153444874322000,1785153444874323000,1785153444874482000,1785153444874486000,1785153444874486000,1785153444874486000,121932490,121652369,-121.121,0.000,0.000,1.000,4.000,0.000,0.000,7.000,0,0,0
B3_zmq_pushpull,zmq_tcp,none,none,,1,8415,512,584,1785153444875565000,1785153444875565000,1785153444875565000,1785153444875566000,1785153444875613000,1785153444875617000,1785153444875617000,1785153444875617000,121932490,121652369,-233.121,0.000,0.000,1.000,4.000,0.000,0.000,112.000,0,0,0
B3_zmq_pushpull,zmq_tcp,none,none,,1,8416,512,584,1785153444876507000,1785153444876508000,1785153444876508000,1785153444876509000,1785153444876613000,1785153444876616000,1785153444876616000,1785153444876616000,121932490,121652369,-176.121,1.000,0.000,1.000,3.000,0.000,0.000,57.000,0,0,0
B3_zmq_pushpull,zmq_tcp,none,none,,1,8417,512,584,1785153444877523000,1785153444877523000,1785153444877523000,1785153444877524000,1785153444877605000,1785153444877608000,1785153444877608000,1785153444877608000,121932490,121652369,-199.121,0.000,0.000,1.000,3.000,0.000,0.000,23.000,0,0,0
B3_zmq_pushpull,zmq_tcp,none,none,,1,8418,512,584,1785153444878516000,1785153444878516000,1785153444878516000,1785153444878517000,1785153444878595000,1785153444878598000,1785153444878598000,1785153444878598000,121932490,121652369,-202.121,0.000,0.000,1.000,3.000,0.000,0.000,3.000,0,0,0
B3_zmq_pushpull,zmq_tcp,none,none,,1,8419,512,584,1785153444879518000,1785153444879518000,1785153444879518000,1785153444879519000,1785153444879574000,1785153444879577000,1785153444879577000,1785153444879577000,121932490,121652369,-225.121,0.000,0.000,1.000,3.000,0.000,0.000,23.000,0,0,0
B3_zmq_pushpull,zmq_tcp,none,none,,1,8420,512,584,1785153444880518000,1785153444880518000,1785153444880518000,1785153444880519000,1785153444880697000,1785153444880700000,1785153444880700000,1785153444880700000,121932490,121652369,-102.121,0.000,0.000,1.000,3.000,0.000,0.000,123.000,0,0,0
B3_zmq_pushpull,zmq_tcp,none,none,,1,8421,512,584,1785153444881394000,1785153444881394000,1785153444881395000,1785153444881396000,1785153444881537000,1785153444881540000,1785153444881540000,1785153444881540000,121932490,121652369,-139.121,0.000,1.000,1.000,3.000,0.000,0.000,37.000,0,0,0
B3_zmq_pushpull,zmq_tcp,none,none,,1,8422,512,584,1785153444882546000,1785153444882546000,1785153444882546000,1785153444882547000,1785153444882683000,1785153444882685000,1785153444882685000,1785153444882685000,121932490,121652369,-144.121,0.000,0.000,1.000,2.000,0.000,0.000,5.000,0,0,0
B3_zmq_pushpull,zmq_tcp,none,none,,1,8423,512,584,1785153444883511000,1785153444883512000,1785153444883512000,1785153444883513000,1785153444883680000,1785153444883683000,1785153444883683000,1785153444883683000,121932490,121652369,-113.121,1.000,0.000,1.000,3.000,0.000,0.000,31.000,0,0,0
B3_zmq_pushpull,zmq_tcp,none,none,,1,8424,512,584,1785153444884521000,1785153444884521000,1785153444884521000,1785153444884522000,1785153444884675000,1785153444884678000,1785153444884678000,1785153444884678000,121932490,121652369,-127.121,0.000,0.000,1.000,3.000,0.000,0.000,14.000,0,0,0
B3_zmq_pushpull,zmq_tcp,none,none,,1,8425,512,584,1785153444885514000,1785153444885514000,1785153444885514000,1785153444885515000,1785153444885652000,1785153444885655000,1785153444885655000,1785153444885655000,121932490,121652369,-143.121,0.000,0.000,1.000,3.000,0.000,0.000,16.000,0,0,0
B3_zmq_pushpull,zmq_tcp,none,none,,1,8426,512,584,1785153444886353000,1785153444886353000,1785153444886354000,1785153444886355000,1785153444886493000,1785153444886496000,1785153444886496000,1785153444886496000,121932490,121652369,-142.121,0.000,1.000,1.000,3.000,0.000,0.000,1.000,0,0,0
B3_zmq_pushpull,zmq_tcp,none,none,,1,8427,512,584,1785153444887331000,1785153444887331000,1785153444887331000,1785153444887332000,1785153444887480000,1785153444887483000,1785153444887483000,1785153444887483000,121932490,121652369,-132.121,0.000,0.000,1.000,3.000,0.000,0.000,10.000,0,0,0
B3_zmq_pushpull,zmq_tcp,none,none,,1,8428,512,584,1785153444888567000,1785153444888567000,1785153444888567000,1785153444888568000,1785153444888763000,1785153444888765000,1785153444888765000,1785153444888765000,121932490,121652369,-85.121,0.000,0.000,1.000,2.000,0.000,0.000,47.000,0,0,0
B3_zmq_pushpull,zmq_tcp,none,none,,1,8429,512,584,1785153444889506000,1785153444889506000,1785153444889506000,1785153444889507000,1785153444889617000,1785153444889620000,1785153444889620000,1785153444889620000,121932490,121652369,-170.121,0.000,0.000,1.000,3.000,0.000,0.000,85.000,0,0,0
B3_zmq_pushpull,zmq_tcp,none,none,,1,8430,512,584,1785153444890525000,1785153444890525000,1785153444890525000,1785153444890526000,1785153444890608000,1785153444890611000,1785153444890611000,1785153444890611000,121932490,121652369,-198.121,0.000,0.000,1.000,3.000,0.000,0.000,28.000,0,0,0
B3_zmq_pushpull,zmq_tcp,none,none,,1,8431,512,584,1785153444891516000,1785153444891516000,1785153444891517000,1785153444891517000,1785153444891596000,1785153444891599000,1785153444891599000,1785153444891599000,121932490,121652369,-201.121,0.000,1.000,0.000,3.000,0.000,0.000,3.000,0,0,0
B3_zmq_pushpull,zmq_tcp,none,none,,1,8432,512,584,1785153444892522000,1785153444892522000,1785153444892523000,1785153444892523000,1785153444892707000,1785153444892710000,1785153444892710000,1785153444892710000,121932490,121652369,-96.121,0.000,1.000,0.000,3.000,0.000,0.000,105.000,0,0,0
B3_zmq_pushpull,zmq_tcp,none,none,,1,8433,512,584,1785153444893516000,1785153444893517000,1785153444893517000,1785153444893518000,1785153444893669000,1785153444893672000,1785153444893672000,1785153444893672000,121932490,121652369,-129.121,1.000,0.000,1.000,3.000,0.000,0.000,33.000,0,0,0
B3_zmq_pushpull,zmq_tcp,none,none,,1,8434,512,584,1785153444894519000,1785153444894519000,1785153444894519000,1785153444894520000,1785153444894647000,1785153444894649000,1785153444894649000,1785153444894649000,121932490,121652369,-153.121,0.000,0.000,1.000,2.000,0.000,0.000,24.000,0,0,0
B3_zmq_pushpull,zmq_tcp,none,none,,1,8435,512,584,1785153444895518000,1785153444895518000,1785153444895518000,1785153444895519000,1785153444895623000,1785153444895625000,1785153444895625000,1785153444895625000,121932490,121652369,-176.121,0.000,0.000,1.000,2.000,0.000,0.000,23.000,0,0,0
B3_zmq_pushpull,zmq_tcp,none,none,,1,8436,512,584,1785153444896518000,1785153444896518000,1785153444896518000,1785153444896519000,1785153444896612000,1785153444896616000,1785153444896616000,1785153444896616000,121932490,121652369,-187.121,0.000,0.000,1.000,4.000,0.000,0.000,11.000,0,0,0
B3_zmq_pushpull,zmq_tcp,none,none,,1,8437,512,584,1785153444897515000,1785153444897515000,1785153444897515000,1785153444897516000,1785153444897592000,1785153444897595000,1785153444897595000,1785153444897595000,121932490,121652369,-204.121,0.000,0.000,1.000,3.000,0.000,0.000,17.000,0,0,0
B3_zmq_pushpull,zmq_tcp,none,none,,1,8438,512,584,1785153444898522000,1785153444898522000,1785153444898522000,1785153444898523000,1785153444898584000,1785153444898587000,1785153444898587000,1785153444898587000,121932490,121652369,-219.121,0.000,0.000,1.000,3.000,0.000,0.000,15.000,0,0,0
B3_zmq_pushpull,zmq_tcp,none,none,,1,8439,512,584,1785153444899427000,1785153444899427000,1785153444899427000,1785153444899428000,1785153444899584000,1785153444899587000,1785153444899587000,1785153444899587000,121932490,121652369,-124.121,0.000,0.000,1.000,3.000,0.000,0.000,95.000,0,0,0
B3_zmq_pushpull,zmq_tcp,none,none,,1,8440,512,584,1785153444900541000,1785153444900541000,1785153444900541000,1785153444900542000,1785153444900715000,1785153444900718000,1785153444900718000,1785153444900718000,121932490,121652369,-107.121,0.000,0.000,1.000,3.000,0.000,0.000,17.000,0,0,0
B3_zmq_pushpull,zmq_tcp,none,none,,1,8441,512,584,1785153444901510000,1785153444901510000,1785153444901510000,1785153444901511000,1785153444901566000,1785153444901569000,1785153444901569000,1785153444901569000,121932490,121652369,-225.121,0.000,0.000,1.000,3.000,0.000,0.000,118.000,0,0,0
B3_zmq_pushpull,zmq_tcp,none,none,,1,8442,512,584,1785153444902521000,1785153444902521000,1785153444902521000,1785153444902523000,1785153444902566000,1785153444902570000,1785153444902570000,1785153444902570000,121932490,121652369,-237.121,0.000,0.000,2.000,4.000,0.000,0.000,12.000,0,0,0
B3_zmq_pushpull,zmq_tcp,none,none,,1,8443,512,584,1785153444903518000,1785153444903518000,1785153444903518000,1785153444903519000,1785153444903571000,1785153444903574000,1785153444903574000,1785153444903574000,121932490,121652369,-228.121,0.000,0.000,1.000,3.000,0.000,0.000,9.000,0,0,0
B3_zmq_pushpull,zmq_tcp,none,none,,1,8444,512,584,1785153444904416000,1785153444904416000,1785153444904416000,1785153444904417000,1785153444904571000,1785153444904573000,1785153444904573000,1785153444904574000,121932490,121652369,-126.121,0.000,0.000,1.000,2.000,0.000,1.000,102.000,0,0,0
B3_zmq_pushpull,zmq_tcp,none,none,,1,8445,512,584,1785153444905545000,1785153444905545000,1785153444905545000,1785153444905546000,1785153444905711000,1785153444905713000,1785153444905713000,1785153444905713000,121932490,121652369,-115.121,0.000,0.000,1.000,2.000,0.000,0.000,11.000,0,0,0
B3_zmq_pushpull,zmq_tcp,none,none,,1,8446,512,584,1785153444906392000,1785153444906393000,1785153444906393000,1785153444906394000,1785153444906551000,1785153444906554000,1785153444906554000,1785153444906554000,121932490,121652369,-123.121,1.000,0.000,1.000,3.000,0.000,0.000,8.000,0,0,0
B3_zmq_pushpull,zmq_tcp,none,none,,1,8447,512,584,1785153444907387000,1785153444907387000,1785153444907387000,1785153444907388000,1785153444907538000,1785153444907540000,1785153444907541000,1785153444907541000,121932490,121652369,-130.121,0.000,0.000,1.000,2.000,1.000,0.000,7.000,0,0,0
B3_zmq_pushpull,zmq_tcp,none,none,,1,8448,512,584,1785153444908361000,1785153444908361000,1785153444908361000,1785153444908362000,1785153444908513000,1785153444908516000,1785153444908516000,1785153444908516000,121932490,121652369,-129.121,0.000,0.000,1.000,3.000,0.000,0.000,1.000,0,0,0
B3_zmq_pushpull,zmq_tcp,none,none,,1,8449,512,584,1785153444909348000,1785153444909348000,1785153444909348000,1785153444909349000,1785153444909491000,1785153444909493000,1785153444909493000,1785153444909493000,121932490,121652369,-138.121,0.000,0.000,1.000,2.000,0.000,0.000,9.000,0,0,0
B3_zmq_pushpull,zmq_tcp,none,none,,1,8450,512,584,1785153444910561000,1785153444910561000,1785153444910561000,1785153444910562000,1785153444910609000,1785153444910612000,1785153444910612000,1785153444910612000,121932490,121652369,-233.121,0.000,0.000,1.000,3.000,0.000,0.000,95.000,0,0,0
B3_zmq_pushpull,zmq_tcp,none,none,,1,8451,512,584,1785153444911321000,1785153444911321000,1785153444911321000,1785153444911322000,1785153444911456000,1785153444911459000,1785153444911459000,1785153444911459000,121932490,121652369,-146.121,0.000,0.000,1.000,3.000,0.000,0.000,87.000,0,0,0
B3_zmq_pushpull,zmq_tcp,none,none,,1,8452,512,584,1785153444912432000,1785153444912432000,1785153444912432000,1785153444912433000,1785153444912581000,1785153444912584000,1785153444912584000,1785153444912584000,121932490,121652369,-132.121,0.000,0.000,1.000,3.000,0.000,0.000,14.000,0,0,0
B3_zmq_pushpull,zmq_tcp,none,none,,1,8453,512,584,1785153444913538000,1785153444913538000,1785153444913538000,1785153444913539000,1785153444913705000,1785153444913708000,1785153444913708000,1785153444913708000,121932490,121652369,-114.121,0.000,0.000,1.000,3.000,0.000,0.000,18.000,0,0,0
B3_zmq_pushpull,zmq_tcp,none,none,,1,8454,512,584,1785153444914394000,1785153444914394000,1785153444914395000,1785153444914395000,1785153444914539000,1785153444914542000,1785153444914542000,1785153444914542000,121932490,121652369,-136.121,0.000,1.000,0.000,3.000,0.000,0.000,22.000,0,0,0
B3_zmq_pushpull,zmq_tcp,none,none,,1,8455,512,584,1785153444915373000,1785153444915373000,1785153444915373000,1785153444915374000,1785153444915525000,1785153444915528000,1785153444915528000,1785153444915528000,121932490,121652369,-129.121,0.000,0.000,1.000,3.000,0.000,0.000,7.000,0,0,0
B3_zmq_pushpull,zmq_tcp,none,none,,1,8456,512,584,1785153444916354000,1785153444916354000,1785153444916354000,1785153444916355000,1785153444916512000,1785153444916515000,1785153444916515000,1785153444916515000,121932490,121652369,-123.121,0.000,0.000,1.000,3.000,0.000,0.000,6.000,0,0,0
B3_zmq_pushpull,zmq_tcp,none,none,,1,8457,512,584,1785153444917354000,1785153444917354000,1785153444917354000,1785153444917355000,1785153444917513000,1785153444917520000,1785153444917520000,1785153444917520000,121932490,121652369,-122.121,0.000,0.000,1.000,7.000,0.000,0.000,1.000,0,0,0
B3_zmq_pushpull,zmq_tcp,none,none,,1,8458,512,584,1785153444918562000,1785153444918562000,1785153444918562000,1785153444918563000,1785153444918638000,1785153444918641000,1785153444918641000,1785153444918641000,121932490,121652369,-205.121,0.000,0.000,1.000,3.000,0.000,0.000,83.000,0,0,0
B3_zmq_pushpull,zmq_tcp,none,none,,1,8459,512,584,1785153444919507000,1785153444919507000,1785153444919507000,1785153444919508000,1785153444919631000,1785153444919634000,1785153444919634000,1785153444919634000,121932490,121652369,-157.121,0.000,0.000,1.000,3.000,0.000,0.000,48.000,0,0,0
B3_zmq_pushpull,zmq_tcp,none,none,,1,8460,512,584,1785153444920523000,1785153444920523000,1785153444920523000,1785153444920524000,1785153444920631000,1785153444920633000,1785153444920633000,1785153444920633000,121932490,121652369,-173.121,0.000,0.000,1.000,2.000,0.000,0.000,16.000,0,0,0
B3_zmq_pushpull,zmq_tcp,none,none,,1,8461,512,584,1785153444921519000,1785153444921519000,1785153444921519000,1785153444921520000,1785153444921611000,1785153444921614000,1785153444921614000,1785153444921614000,121932490,121652369,-189.121,0.000,0.000,1.000,3.000,0.000,0.000,16.000,0,0,0
B3_zmq_pushpull,zmq_tcp,none,none,,1,8462,512,584,1785153444922518000,1785153444922519000,1785153444922519000,1785153444922520000,1785153444922604000,1785153444922607000,1785153444922607000,1785153444922607000,121932490,121652369,-196.121,1.000,0.000,1.000,3.000,0.000,0.000,7.000,0,0,0
B3_zmq_pushpull,zmq_tcp,none,none,,1,8463,512,584,1785153444923517000,1785153444923517000,1785153444923517000,1785153444923518000,1785153444923587000,1785153444923589000,1785153444923590000,1785153444923590000,121932490,121652369,-211.121,0.000,0.000,1.000,2.000,1.000,0.000,15.000,0,0,0
B3_zmq_pushpull,zmq_tcp,none,none,,1,8464,512,584,1785153444924522000,1785153444924522000,1785153444924522000,1785153444924523000,1785153444924583000,1785153444924585000,1785153444924585000,1785153444924585000,121932490,121652369,-220.121,0.000,0.000,1.000,2.000,0.000,0.000,9.000,0,0,0
B3_zmq_pushpull,zmq_tcp,none,none,,1,8465,512,584,1785153444925404000,1785153444925405000,1785153444925405000,1785153444925406000,1785153444925564000,1785153444925567000,1785153444925567000,1785153444925567000,121932490,121652369,-122.121,1.000,0.000,1.000,3.000,0.000,0.000,98.000,0,0,0
B3_zmq_pushpull,zmq_tcp,none,none,,1,8466,512,584,1785153444926546000,1785153444926546000,1785153444926546000,1785153444926547000,1785153444926689000,1785153444926692000,1785153444926692000,1785153444926692000,121932490,121652369,-138.121,0.000,0.000,1.000,3.000,0.000,0.000,16.000,0,0,0
B3_zmq_pushpull,zmq_tcp,none,none,,1,8467,512,584,1785153444927381000,1785153444927381000,1785153444927381000,1785153444927382000,1785153444927535000,1785153444927538000,1785153444927538000,1785153444927538000,121932490,121652369,-127.121,0.000,0.000,1.000,3.000,0.000,0.000,11.000,0,0,0
B3_zmq_pushpull,zmq_tcp,none,none,,1,8468,512,584,1785153444928363000,1785153444928364000,1785153444928364000,1785153444928365000,1785153444928516000,1785153444928519000,1785153444928519000,1785153444928519000,121932490,121652369,-129.121,1.000,0.000,1.000,3.000,0.000,0.000,2.000,0,0,0
B3_zmq_pushpull,zmq_tcp,none,none,,1,8469,512,584,1785153444929353000,1785153444929353000,1785153444929353000,1785153444929354000,1785153444929496000,1785153444929499000,1785153444929499000,1785153444929499000,121932490,121652369,-138.121,0.000,0.000,1.000,3.000,0.000,0.000,9.000,0,0,0
B3_zmq_pushpull,zmq_tcp,none,none,,1,8470,512,584,1785153444930561000,1785153444930561000,1785153444930561000,1785153444930562000,1785153444930643000,1785153444930646000,1785153444930646000,1785153444930646000,121932490,121652369,-199.121,0.000,0.000,1.000,3.000,0.000,0.000,61.000,0,0,0
B3_zmq_pushpull,zmq_tcp,none,none,,1,8471,512,584,1785153444931505000,1785153444931505000,1785153444931505000,1785153444931506000,1785153444931648000,1785153444931651000,1785153444931651000,1785153444931651000,121932490,121652369,-138.121,0.000,0.000,1.000,3.000,0.000,0.000,61.000,0,0,0
B3_zmq_pushpull,zmq_tcp,none,none,,1,8472,512,584,1785153444932328000,1785153444932328000,1785153444932328000,1785153444932329000,1785153444932484000,1785153444932487000,1785153444932487000,1785153444932487000,121932490,121652369,-125.121,0.000,0.000,1.000,3.000,0.000,0.000,13.000,0,0,0
B3_zmq_pushpull,zmq_tcp,none,none,,1,8473,512,584,1785153444933566000,1785153444933566000,1785153444933566000,1785153444933567000,1785153444933741000,1785153444933744000,1785153444933744000,1785153444933744000,121932490,121652369,-106.121,0.000,0.000,1.000,3.000,0.000,0.000,19.000,0,0,0
B3_zmq_pushpull,zmq_tcp,none,none,,1,8474,512,584,1785153444934410000,1785153444934410000,1785153444934410000,1785153444934411000,1785153444934567000,1785153444934570000,1785153444934570000,1785153444934570000,121932490,121652369,-124.121,0.000,0.000,1.000,3.000,0.000,0.000,18.000,0,0,0
B3_zmq_pushpull,zmq_tcp,none,none,,1,8475,512,584,1785153444935391000,1785153444935391000,1785153444935392000,1785153444935393000,1785153444935535000,1785153444935538000,1785153444935538000,1785153444935538000,121932490,121652369,-138.121,0.000,1.000,1.000,3.000,0.000,0.000,14.000,0,0,0
B3_zmq_pushpull,zmq_tcp,none,none,,1,8476,512,584,1785153444936550000,1785153444936550000,1785153444936550000,1785153444936551000,1785153444936644000,1785153444936647000,1785153444936647000,1785153444936647000,121932490,121652369,-187.121,0.000,0.000,1.000,3.000,0.000,0.000,49.000,0,0,0
B3_zmq_pushpull,zmq_tcp,none,none,,1,8477,512,584,1785153444937510000,1785153444937510000,1785153444937510000,1785153444937511000,1785153444937634000,1785153444937638000,1785153444937638000,1785153444937638000,121932490,121652369,-157.121,0.000,0.000,1.000,4.000,0.000,0.000,30.000,0,0,0
B3_zmq_pushpull,zmq_tcp,none,none,,1,8478,512,584,1785153444938519000,1785153444938519000,1785153444938519000,1785153444938520000,1785153444938626000,1785153444938628000,1785153444938628000,1785153444938628000,121932490,121652369,-174.121,0.000,0.000,1.000,2.000,0.000,0.000,17.000,0,0,0
B3_zmq_pushpull,zmq_tcp,none,none,,1,8479,512,584,1785153444939519000,1785153444939520000,1785153444939520000,1785153444939521000,1785153444939616000,1785153444939619000,1785153444939619000,1785153444939619000,121932490,121652369,-185.121,1.000,0.000,1.000,3.000,0.000,0.000,11.000,0,0,0
B3_zmq_pushpull,zmq_tcp,none,none,,1,8480,512,584,1785153444940518000,1785153444940518000,1785153444940518000,1785153444940519000,1785153444940615000,1785153444940618000,1785153444940618000,1785153444940618000,121932490,121652369,-184.121,0.000,0.000,1.000,3.000,0.000,0.000,1.000,0,0,0
B3_zmq_pushpull,zmq_tcp,none,none,,1,8481,512,584,1785153444941517000,1785153444941517000,1785153444941517000,1785153444941518000,1785153444941620000,1785153444941623000,1785153444941624000,1785153444941624000,121932490,121652369,-178.121,0.000,0.000,1.000,3.000,1.000,0.000,6.000,0,0,0
B3_zmq_pushpull,zmq_tcp,none,none,,1,8482,512,584,1785153444942520000,1785153444942521000,1785153444942521000,1785153444942522000,1785153444942611000,1785153444942614000,1785153444942614000,1785153444942614000,121932490,121652369,-191.121,1.000,0.000,1.000,3.000,0.000,0.000,13.000,0,0,0
B3_zmq_pushpull,zmq_tcp,none,none,,1,8483,512,584,1785153444943519000,1785153444943519000,1785153444943519000,1785153444943520000,1785153444943600000,1785153444943603000,1785153444943603000,1785153444943603000,121932490,121652369,-200.121,0.000,0.000,1.000,3.000,0.000,0.000,9.000,0,0,0
B3_zmq_pushpull,zmq_tcp,none,none,,1,8484,512,584,1785153444944516000,1785153444944516000,1785153444944516000,1785153444944517000,1785153444944562000,1785153444944566000,1785153444944566000,1785153444944566000,121932490,121652369,-235.121,0.000,0.000,1.000,4.000,0.000,0.000,35.000,0,0,0
B3_zmq_pushpull,zmq_tcp,none,none,,1,8485,512,584,1785153444945521000,1785153444945521000,1785153444945521000,1785153444945522000,1785153444945676000,1785153444945679000,1785153444945679000,1785153444945679000,121932490,121652369,-126.121,0.000,0.000,1.000,3.000,0.000,0.000,109.000,0,0,0
B3_zmq_pushpull,zmq_tcp,none,none,,1,8486,512,584,1785153444946518000,1785153444946518000,1785153444946518000,1785153444946519000,1785153444946661000,1785153444946664000,1785153444946664000,1785153444946664000,121932490,121652369,-138.121,0.000,0.000,1.000,3.000,0.000,0.000,12.000,0,0,0
B3_zmq_pushpull,zmq_tcp,none,none,,1,8487,512,584,1785153444947356000,1785153444947356000,1785153444947356000,1785153444947357000,1785153444947510000,1785153444947512000,1785153444947512000,1785153444947512000,121932490,121652369,-127.121,0.000,0.000,1.000,2.000,0.000,0.000,11.000,0,0,0
B3_zmq_pushpull,zmq_tcp,none,none,,1,8488,512,584,1785153444948344000,1785153444948344000,1785153444948344000,1785153444948346000,1785153444948478000,1785153444948481000,1785153444948481000,1785153444948481000,121932490,121652369,-148.121,0.000,0.000,2.000,3.000,0.000,0.000,21.000,0,0,0
B3_zmq_pushpull,zmq_tcp,none,none,,1,8489,512,584,1785153444949445000,1785153444949446000,1785153444949446000,1785153444949447000,1785153444949599000,1785153444949602000,1785153444949602000,1785153444949602000,121932490,121652369,-128.121,1.000,0.000,1.000,3.000,0.000,0.000,20.000,0,0,0
B3_zmq_pushpull,zmq_tcp,none,none,,1,8490,512,584,1785153444950537000,1785153444950537000,1785153444950537000,1785153444950538000,1785153444950587000,1785153444950590000,1785153444950590000,1785153444950590000,121932490,121652369,-231.121,0.000,0.000,1.000,3.000,0.000,0.000,103.000,0,0,0
B3_zmq_pushpull,zmq_tcp,none,none,,1,8491,512,584,1785153444951407000,1785153444951408000,1785153444951408000,1785153444951409000,1785153444951566000,1785153444951569000,1785153444951569000,1785153444951569000,121932490,121652369,-123.121,1.000,0.000,1.000,3.000,0.000,0.000,108.000,0,0,0
B3_zmq_pushpull,zmq_tcp,none,none,,1,8492,512,584,1785153444952546000,1785153444952547000,1785153444952547000,1785153444952548000,1785153444952688000,1785153444952691000,1785153444952691000,1785153444952691000,121932490,121652369,-140.121,1.000,0.000,1.000,3.000,0.000,0.000,17.000,0,0,0
B3_zmq_pushpull,zmq_tcp,none,none,,1,8493,512,584,1785153444953513000,1785153444953513000,1785153444953513000,1785153444953514000,1785153444953695000,1785153444953699000,1785153444953699000,1785153444953699000,121932490,121652369,-99.121,0.000,0.000,1.000,4.000,0.000,0.000,41.000,0,0,0
B3_zmq_pushpull,zmq_tcp,none,none,,1,8494,512,584,1785153444954524000,1785153444954524000,1785153444954524000,1785153444954525000,1785153444954699000,1785153444954702000,1785153444954702000,1785153444954702000,121932490,121652369,-106.121,0.000,0.000,1.000,3.000,0.000,0.000,7.000,0,0,0
B3_zmq_pushpull,zmq_tcp,none,none,,1,8495,512,584,1785153444955517000,1785153444955518000,1785153444955518000,1785153444955519000,1785153444955566000,1785153444955570000,1785153444955570000,1785153444955570000,121932490,121652369,-233.121,1.000,0.000,1.000,4.000,0.000,0.000,127.000,0,0,0
B3_zmq_pushpull,zmq_tcp,none,none,,1,8496,512,584,1785153444956518000,1785153444956518000,1785153444956518000,1785153444956519000,1785153444956683000,1785153444956686000,1785153444956686000,1785153444956686000,121932490,121652369,-116.121,0.000,0.000,1.000,3.000,0.000,0.000,117.000,0,0,0
B3_zmq_pushpull,zmq_tcp,none,none,,1,8497,512,584,1785153444957518000,1785153444957518000,1785153444957518000,1785153444957519000,1785153444957682000,1785153444957685000,1785153444957685000,1785153444957685000,121932490,121652369,-117.121,0.000,0.000,1.000,3.000,0.000,0.000,1.000,0,0,0
B3_zmq_pushpull,zmq_tcp,none,none,,1,8498,512,584,1785153444958390000,1785153444958390000,1785153444958390000,1785153444958391000,1785153444958538000,1785153444958541000,1785153444958541000,1785153444958541000,121932490,121652369,-133.121,0.000,0.000,1.000,3.000,0.000,0.000,16.000,0,0,0
B3_zmq_pushpull,zmq_tcp,none,none,,1,8499,512,584,1785153444959377000,1785153444959377000,1785153444959377000,1785153444959378000,1785153444959531000,1785153444959538000,1785153444959538000,1785153444959538000,121932490,121652369,-127.121,0.000,0.000,1.000,7.000,0.000,0.000,6.000,0,0,0
B3_zmq_pushpull,zmq_tcp,none,none,,1,8500,512,584,1785153444960556000,1785153444960556000,1785153444960556000,1785153444960557000,1785153444960658000,1785153444960661000,1785153444960661000,1785153444960661000,121932490,121652369,-179.121,0.000,0.000,1.000,3.000,0.000,0.000,52.000,0,0,0
B3_zmq_pushpull,zmq_tcp,none,none,,1,8501,512,584,1785153444961369000,1785153444961370000,1785153444961370000,1785153444961371000,1785153444961513000,1785153444961516000,1785153444961516000,1785153444961516000,121932490,121652369,-138.121,1.000,0.000,1.000,3.000,0.000,0.000,41.000,0,0,0
B3_zmq_pushpull,zmq_tcp,none,none,,1,8502,512,584,1785153444962365000,1785153444962365000,1785153444962366000,1785153444962367000,1785153444962519000,1785153444962522000,1785153444962522000,1785153444962522000,121932490,121652369,-128.121,0.000,1.000,1.000,3.000,0.000,0.000,10.000,0,0,0
B3_zmq_pushpull,zmq_tcp,none,none,,1,8503,512,584,1785153444963352000,1785153444963352000,1785153444963353000,1785153444963353000,1785153444963511000,1785153444963513000,1785153444963514000,1785153444963514000,121932490,121652369,-122.121,0.000,1.000,0.000,2.000,1.000,0.000,6.000,0,0,0
B3_zmq_pushpull,zmq_tcp,none,none,,1,8504,512,584,1785153444964560000,1785153444964561000,1785153444964561000,1785153444964562000,1785153444964663000,1785153444964665000,1785153444964665000,1785153444964665000,121932490,121652369,-179.121,1.000,0.000,1.000,2.000,0.000,0.000,57.000,0,0,0
B3_zmq_pushpull,zmq_tcp,none,none,,1,8505,512,584,1785153444965379000,1785153444965379000,1785153444965379000,1785153444965380000,1785153444965537000,1785153444965541000,1785153444965541000,1785153444965541000,121932490,121652369,-123.121,0.000,0.000,1.000,4.000,0.000,0.000,56.000,0,0,0
B3_zmq_pushpull,zmq_tcp,none,none,,1,8506,512,584,1785153444966551000,1785153444966552000,1785153444966552000,1785153444966553000,1785153444966673000,1785153444966675000,1785153444966675000,1785153444966675000,121932490,121652369,-160.121,1.000,0.000,1.000,2.000,0.000,0.000,37.000,0,0,0
B3_zmq_pushpull,zmq_tcp,none,none,,1,8507,512,584,1785153444967512000,1785153444967512000,1785153444967512000,1785153444967513000,1785153444967679000,1785153444967682000,1785153444967682000,1785153444967682000,121932490,121652369,-114.121,0.000,0.000,1.000,3.000,0.000,0.000,46.000,0,0,0
B3_zmq_pushpull,zmq_tcp,none,none,,1,8508,512,584,1785153444968523000,1785153444968523000,1785153444968523000,1785153444968524000,1785153444968682000,1785153444968685000,1785153444968685000,1785153444968685000,121932490,121652369,-122.121,0.000,0.000,1.000,3.000,0.000,0.000,8.000,0,0,0
B3_zmq_pushpull,zmq_tcp,none,none,,1,8509,512,584,1785153444969519000,1785153444969520000,1785153444969520000,1785153444969521000,1785153444969567000,1785153444969570000,1785153444969570000,1785153444969570000,121932490,121652369,-234.121,1.000,0.000,1.000,3.000,0.000,0.000,112.000,0,0,0
B3_zmq_pushpull,zmq_tcp,none,none,,1,8510,512,584,1785153444970519000,1785153444970519000,1785153444970519000,1785153444970520000,1785153444970577000,1785153444970580000,1785153444970580000,1785153444970580000,121932490,121652369,-223.121,0.000,0.000,1.000,3.000,0.000,0.000,11.000,0,0,0
B3_zmq_pushpull,zmq_tcp,none,none,,1,8511,512,584,1785153444971519000,1785153444971519000,1785153444971519000,1785153444971520000,1785153444971575000,1785153444971578000,1785153444971578000,1785153444971578000,121932490,121652369,-225.121,0.000,0.000,1.000,3.000,0.000,0.000,2.000,0,0,0
B3_zmq_pushpull,zmq_tcp,none,none,,1,8512,512,584,1785153444972519000,1785153444972519000,1785153444972519000,1785153444972520000,1785153444972577000,1785153444972580000,1785153444972580000,1785153444972580000,121932490,121652369,-223.121,0.000,0.000,1.000,3.000,0.000,0.000,2.000,0,0,0
B3_zmq_pushpull,zmq_tcp,none,none,,1,8513,512,584,1785153444973517000,1785153444973517000,1785153444973517000,1785153444973518000,1785153444973563000,1785153444973566000,1785153444973566000,1785153444973566000,121932490,121652369,-235.121,0.000,0.000,1.000,3.000,0.000,0.000,12.000,0,0,0
B3_zmq_pushpull,zmq_tcp,none,none,,1,8514,512,584,1785153444974521000,1785153444974521000,1785153444974521000,1785153444974522000,1785153444974579000,1785153444974582000,1785153444974582000,1785153444974582000,121932490,121652369,-223.121,0.000,0.000,1.000,3.000,0.000,0.000,12.000,0,0,0
B3_zmq_pushpull,zmq_tcp,none,none,,1,8515,512,584,1785153444975522000,1785153444975522000,1785153444975522000,1785153444975523000,1785153444975587000,1785153444975589000,1785153444975589000,1785153444975589000,121932490,121652369,-216.121,0.000,0.000,1.000,2.000,0.000,0.000,7.000,0,0,0
B3_zmq_pushpull,zmq_tcp,none,none,,1,8516,512,584,1785153444976518000,1785153444976518000,1785153444976518000,1785153444976519000,1785153444976591000,1785153444976593000,1785153444976593000,1785153444976593000,121932490,121652369,-208.121,0.000,0.000,1.000,2.000,0.000,0.000,8.000,0,0,0
B3_zmq_pushpull,zmq_tcp,none,none,,1,8517,512,584,1785153444977519000,1785153444977519000,1785153444977520000,1785153444977520000,1785153444977601000,1785153444977604000,1785153444977604000,1785153444977604000,121932490,121652369,-199.121,0.000,1.000,0.000,3.000,0.000,0.000,9.000,0,0,0
B3_zmq_pushpull,zmq_tcp,none,none,,1,8518,512,584,1785153444978519000,1785153444978519000,1785153444978519000,1785153444978520000,1785153444978605000,1785153444978608000,1785153444978608000,1785153444978608000,121932490,121652369,-195.121,0.000,0.000,1.000,3.000,0.000,0.000,4.000,0,0,0
B3_zmq_pushpull,zmq_tcp,none,none,,1,8519,512,584,1785153444979520000,1785153444979520000,1785153444979520000,1785153444979521000,1785153444979600000,1785153444979603000,1785153444979603000,1785153444979603000,121932490,121652369,-201.121,0.000,0.000,1.000,3.000,0.000,0.000,6.000,0,0,0
B3_zmq_pushpull,zmq_tcp,none,none,,1,8520,512,584,1785153444980518000,1785153444980518000,1785153444980518000,1785153444980519000,1785153444980608000,1785153444980611000,1785153444980611000,1785153444980611000,121932490,121652369,-191.121,0.000,0.000,1.000,3.000,0.000,0.000,10.000,0,0,0
B3_zmq_pushpull,zmq_tcp,none,none,,1,8521,512,584,1785153444981519000,1785153444981519000,1785153444981519000,1785153444981520000,1785153444981623000,1785153444981625000,1785153444981625000,1785153444981625000,121932490,121652369,-177.121,0.000,0.000,1.000,2.000,0.000,0.000,14.000,0,0,0
B3_zmq_pushpull,zmq_tcp,none,none,,1,8522,512,584,1785153444982489000,1785153444982489000,1785153444982489000,1785153444982490000,1785153444982635000,1785153444982637000,1785153444982638000,1785153444982638000,121932490,121652369,-135.121,0.000,0.000,1.000,2.000,1.000,0.000,42.000,0,0,0
B3_zmq_pushpull,zmq_tcp,none,none,,1,8523,512,584,1785153444983341000,1785153444983341000,1785153444983341000,1785153444983342000,1785153444983501000,1785153444983504000,1785153444983504000,1785153444983504000,121932490,121652369,-121.121,0.000,0.000,1.000,3.000,0.000,0.000,14.000,0,0,0
B3_zmq_pushpull,zmq_tcp,none,none,,1,8524,512,584,1785153444984563000,1785153444984564000,1785153444984564000,1785153444984565000,1785153444984645000,1785153444984648000,1785153444984648000,1785153444984648000,121932490,121652369,-200.121,1.000,0.000,1.000,3.000,0.000,0.000,79.000,0,0,0
B3_zmq_pushpull,zmq_tcp,none,none,,1,8525,512,584,1785153444985508000,1785153444985509000,1785153444985509000,1785153444985510000,1785153444985634000,1785153444985637000,1785153444985637000,1785153444985637000,121932490,121652369,-156.121,1.000,0.000,1.000,3.000,0.000,0.000,44.000,0,0,0
B3_zmq_pushpull,zmq_tcp,none,none,,1,8526,512,584,1785153444986526000,1785153444986526000,1785153444986526000,1785153444986527000,1785153444986633000,1785153444986636000,1785153444986636000,1785153444986636000,121932490,121652369,-174.121,0.000,0.000,1.000,3.000,0.000,0.000,18.000,0,0,0
B3_zmq_pushpull,zmq_tcp,none,none,,1,8527,512,584,1785153444987515000,1785153444987515000,1785153444987515000,1785153444987516000,1785153444987633000,1785153444987636000,1785153444987636000,1785153444987636000,121932490,121652369,-163.121,0.000,0.000,1.000,3.000,0.000,0.000,11.000,0,0,0
B3_zmq_pushpull,zmq_tcp,none,none,,1,8528,512,584,1785153444988521000,1785153444988521000,1785153444988521000,1785153444988522000,1785153444988617000,1785153444988620000,1785153444988620000,1785153444988620000,121932490,121652369,-185.121,0.000,0.000,1.000,3.000,0.000,0.000,22.000,0,0,0
B3_zmq_pushpull,zmq_tcp,none,none,,1,8529,512,584,1785153444989521000,1785153444989521000,1785153444989521000,1785153444989522000,1785153444989641000,1785153444989644000,1785153444989644000,1785153444989644000,121932490,121652369,-161.121,0.000,0.000,1.000,3.000,0.000,0.000,24.000,0,0,0
B3_zmq_pushpull,zmq_tcp,none,none,,1,8530,512,584,1785153444990519000,1785153444990520000,1785153444990520000,1785153444990521000,1785153444990640000,1785153444990643000,1785153444990643000,1785153444990643000,121932490,121652369,-161.121,1.000,0.000,1.000,3.000,0.000,0.000,0.000,0,0,0
B3_zmq_pushpull,zmq_tcp,none,none,,1,8531,512,584,1785153444991518000,1785153444991518000,1785153444991518000,1785153444991519000,1785153444991628000,1785153444991631000,1785153444991631000,1785153444991631000,121932490,121652369,-171.121,0.000,0.000,1.000,3.000,0.000,0.000,10.000,0,0,0
B3_zmq_pushpull,zmq_tcp,none,none,,1,8532,512,584,1785153444992520000,1785153444992520000,1785153444992520000,1785153444992521000,1785153444992615000,1785153444992618000,1785153444992618000,1785153444992618000,121932490,121652369,-186.121,0.000,0.000,1.000,3.000,0.000,0.000,15.000,0,0,0
B3_zmq_pushpull,zmq_tcp,none,none,,1,8533,512,584,1785153444993324000,1785153444993324000,1785153444993324000,1785153444993325000,1785153444993469000,1785153444993473000,1785153444993473000,1785153444993473000,121932490,121652369,-136.121,0.000,0.000,1.000,4.000,0.000,0.000,50.000,0,0,0
B3_zmq_pushpull,zmq_tcp,none,none,,1,8534,512,584,1785153444994569000,1785153444994569000,1785153444994569000,1785153444994570000,1785153444994760000,1785153444994763000,1785153444994763000,1785153444994764000,121932490,121652369,-90.121,0.000,0.000,1.000,3.000,0.000,1.000,46.000,0,0,0
B3_zmq_pushpull,zmq_tcp,none,none,,1,8535,512,584,1785153444995504000,1785153444995504000,1785153444995504000,1785153444995505000,1785153444995636000,1785153444995639000,1785153444995639000,1785153444995639000,121932490,121652369,-149.121,0.000,0.000,1.000,3.000,0.000,0.000,59.000,0,0,0
B3_zmq_pushpull,zmq_tcp,none,none,,1,8536,512,584,1785153444996526000,1785153444996526000,1785153444996526000,1785153444996528000,1785153444996646000,1785153444996648000,1785153444996648000,1785153444996648000,121932490,121652369,-162.121,0.000,0.000,2.000,2.000,0.000,0.000,13.000,0,0,0
B3_zmq_pushpull,zmq_tcp,none,none,,1,8537,512,584,1785153444997361000,1785153444997361000,1785153444997362000,1785153444997363000,1785153444997505000,1785153444997508000,1785153444997508000,1785153444997508000,121932490,121652369,-138.121,0.000,1.000,1.000,3.000,0.000,0.000,24.000,0,0,0
B3_zmq_pushpull,zmq_tcp,none,none,,1,8538,512,584,1785153444998350000,1785153444998351000,1785153444998351000,1785153444998352000,1785153444998504000,1785153444998507000,1785153444998507000,1785153444998507000,121932490,121652369,-128.121,1.000,0.000,1.000,3.000,0.000,0.000,10.000,0,0,0
B3_zmq_pushpull,zmq_tcp,none,none,,1,8539,512,584,1785153444999356000,1785153444999356000,1785153444999356000,1785153444999357000,1785153444999501000,1785153444999504000,1785153444999504000,1785153444999504000,121932490,121652369,-136.121,0.000,0.000,1.000,3.000,0.000,0.000,8.000,0,0,0
B3_zmq_pushpull,zmq_tcp,none,none,,1,8540,512,584,1785153445000561000,1785153445000561000,1785153445000561000,1785153445000562000,1785153445000633000,1785153445000636000,1785153445000636000,1785153445000636000,121932490,121652369,-209.121,0.000,0.000,1.000,3.000,0.000,0.000,73.000,0,0,0
B3_zmq_pushpull,zmq_tcp,none,none,,1,8541,512,584,1785153445001332000,1785153445001332000,1785153445001332000,1785153445001333000,1785153445001491000,1785153445001494000,1785153445001494000,1785153445001494000,121932490,121652369,-122.121,0.000,0.000,1.000,3.000,0.000,0.000,87.000,0,0,0
B3_zmq_pushpull,zmq_tcp,none,none,,1,8542,512,584,1785153445002342000,1785153445002342000,1785153445002342000,1785153445002343000,1785153445002496000,1785153445002498000,1785153445002498000,1785153445002498000,121932490,121652369,-127.121,0.000,0.000,1.000,2.000,0.000,0.000,5.000,0,0,0
B3_zmq_pushpull,zmq_tcp,none,none,,1,8543,512,584,1785153445003566000,1785153445003566000,1785153445003566000,1785153445003567000,1785153445003647000,1785153445003655000,1785153445003655000,1785153445003655000,121932490,121652369,-200.121,0.000,0.000,1.000,8.000,0.000,0.000,73.000,0,0,0
B3_zmq_pushpull,zmq_tcp,none,none,,1,8544,512,584,1785153445004507000,1785153445004507000,1785153445004507000,1785153445004508000,1785153445004645000,1785153445004649000,1785153445004649000,1785153445004649000,121932490,121652369,-143.121,0.000,0.000,1.000,4.000,0.000,0.000,57.000,0,0,0
B3_zmq_pushpull,zmq_tcp,none,none,,1,8545,512,584,1785153445005522000,1785153445005522000,1785153445005522000,1785153445005523000,1785153445005636000,1785153445005639000,1785153445005639000,1785153445005639000,121932490,121652369,-167.121,0.000,0.000,1.000,3.000,0.000,0.000,24.000,0,0,0
B3_zmq_pushpull,zmq_tcp,none,none,,1,8546,512,584,1785153445006515000,1785153445006516000,1785153445006516000,1785153445006517000,1785153445006626000,1785153445006629000,1785153445006629000,1785153445006629000,121932490,121652369,-171.121,1.000,0.000,1.000,3.000,0.000,0.000,4.000,0,0,0
B3_zmq_pushpull,zmq_tcp,none,none,,1,8547,512,584,1785153445007521000,1785153445007521000,1785153445007521000,1785153445007522000,1785153445007633000,1785153445007636000,1785153445007636000,1785153445007636000,121932490,121652369,-169.121,0.000,0.000,1.000,3.000,0.000,0.000,2.000,0,0,0
B3_zmq_pushpull,zmq_tcp,none,none,,1,8548,512,584,1785153445008519000,1785153445008519000,1785153445008519000,1785153445008520000,1785153445008649000,1785153445008652000,1785153445008652000,1785153445008652000,121932490,121652369,-151.121,0.000,0.000,1.000,3.000,0.000,0.000,18.000,0,0,0
B3_zmq_pushpull,zmq_tcp,none,none,,1,8549,512,584,1785153445009522000,1785153445009522000,1785153445009522000,1785153445009523000,1785153445009648000,1785153445009651000,1785153445009651000,1785153445009651000,121932490,121652369,-155.121,0.000,0.000,1.000,3.000,0.000,0.000,4.000,0,0,0
B3_zmq_pushpull,zmq_tcp,none,none,,1,8550,512,584,1785153445010515000,1785153445010515000,1785153445010515000,1785153445010516000,1785153445010658000,1785153445010660000,1785153445010660000,1785153445010660000,121932490,121652369,-138.121,0.000,0.000,1.000,2.000,0.000,0.000,17.000,0,0,0
B3_zmq_pushpull,zmq_tcp,none,none,,1,8551,512,584,1785153445011525000,1785153445011525000,1785153445011526000,1785153445011526000,1785153445011665000,1785153445011668000,1785153445011668000,1785153445011668000,121932490,121652369,-141.121,0.000,1.000,0.000,3.000,0.000,0.000,3.000,0,0,0
B3_zmq_pushpull,zmq_tcp,none,none,,1,8552,512,584,1785153445012518000,1785153445012518000,1785153445012518000,1785153445012519000,1785153445012646000,1785153445012649000,1785153445012649000,1785153445012649000,121932490,121652369,-153.121,0.000,0.000,1.000,3.000,0.000,0.000,12.000,0,0,0
B3_zmq_pushpull,zmq_tcp,none,none,,1,8553,512,584,1785153445013519000,1785153445013519000,1785153445013519000,1785153445013520000,1785153445013643000,1785153445013646000,1785153445013646000,1785153445013646000,121932490,121652369,-157.121,0.000,0.000,1.000,3.000,0.000,0.000,4.000,0,0,0
B3_zmq_pushpull,zmq_tcp,none,none,,1,8554,512,584,1785153445014518000,1785153445014518000,1785153445014518000,1785153445014519000,1785153445014657000,1785153445014660000,1785153445014660000,1785153445014660000,121932490,121652369,-142.121,0.000,0.000,1.000,3.000,0.000,0.000,15.000,0,0,0
B3_zmq_pushpull,zmq_tcp,none,none,,1,8555,512,584,1785153445015519000,1785153445015520000,1785153445015520000,1785153445015521000,1785153445015673000,1785153445015676000,1785153445015676000,1785153445015676000,121932490,121652369,-128.121,1.000,0.000,1.000,3.000,0.000,0.000,14.000,0,0,0
B3_zmq_pushpull,zmq_tcp,none,none,,1,8556,512,584,1785153445016519000,1785153445016519000,1785153445016519000,1785153445016520000,1785153445016658000,1785153445016660000,1785153445016660000,1785153445016660000,121932490,121652369,-142.121,0.000,0.000,1.000,2.000,0.000,0.000,14.000,0,0,0
B3_zmq_pushpull,zmq_tcp,none,none,,1,8557,512,584,1785153445017519000,1785153445017519000,1785153445017519000,1785153445017520000,1785153445017662000,1785153445017664000,1785153445017664000,1785153445017664000,121932490,121652369,-138.121,0.000,0.000,1.000,2.000,0.000,0.000,4.000,0,0,0
B3_zmq_pushpull,zmq_tcp,none,none,,1,8558,512,584,1785153445018517000,1785153445018517000,1785153445018517000,1785153445018518000,1785153445018651000,1785153445018654000,1785153445018654000,1785153445018654000,121932490,121652369,-147.121,0.000,0.000,1.000,3.000,0.000,0.000,9.000,0,0,0
B3_zmq_pushpull,zmq_tcp,none,none,,1,8559,512,584,1785153445019520000,1785153445019521000,1785153445019521000,1785153445019522000,1785153445019636000,1785153445019639000,1785153445019639000,1785153445019639000,121932490,121652369,-166.121,1.000,0.000,1.000,3.000,0.000,0.000,19.000,0,0,0
B3_zmq_pushpull,zmq_tcp,none,none,,1,8560,512,584,1785153445020519000,1785153445020519000,1785153445020519000,1785153445020520000,1785153445020642000,1785153445020644000,1785153445020644000,1785153445020644000,121932490,121652369,-158.121,0.000,0.000,1.000,2.000,0.000,0.000,8.000,0,0,0
B3_zmq_pushpull,zmq_tcp,none,none,,1,8561,512,584,1785153445021519000,1785153445021519000,1785153445021519000,1785153445021520000,1785153445021656000,1785153445021659000,1785153445021659000,1785153445021659000,121932490,121652369,-144.121,0.000,0.000,1.000,3.000,0.000,0.000,14.000,0,0,0
B3_zmq_pushpull,zmq_tcp,none,none,,1,8562,512,584,1785153445022521000,1785153445022521000,1785153445022521000,1785153445022522000,1785153445022684000,1785153445022692000,1785153445022692000,1785153445022692000,121932490,121652369,-118.121,0.000,0.000,1.000,8.000,0.000,0.000,26.000,0,0,0
B3_zmq_pushpull,zmq_tcp,none,none,,1,8563,512,584,1785153445023519000,1785153445023520000,1785153445023520000,1785153445023521000,1785153445023690000,1785153445023692000,1785153445023692000,1785153445023692000,121932490,121652369,-111.121,1.000,0.000,1.000,2.000,0.000,0.000,7.000,0,0,0
B3_zmq_pushpull,zmq_tcp,none,none,,1,8564,512,584,1785153445024400000,1785153445024400000,1785153445024400000,1785153445024401000,1785153445024556000,1785153445024558000,1785153445024559000,1785153445024559000,121932490,121652369,-125.121,0.000,0.000,1.000,2.000,1.000,0.000,14.000,0,0,0
B3_zmq_pushpull,zmq_tcp,none,none,,1,8565,512,584,1785153445025550000,1785153445025550000,1785153445025550000,1785153445025551000,1785153445025699000,1785153445025702000,1785153445025702000,1785153445025702000,121932490,121652369,-132.121,0.000,0.000,1.000,3.000,0.000,0.000,7.000,0,0,0
B3_zmq_pushpull,zmq_tcp,none,none,,1,8566,512,584,1785153445026512000,1785153445026512000,1785153445026512000,1785153445026513000,1785153445026564000,1785153445026567000,1785153445026567000,1785153445026567000,121932490,121652369,-229.121,0.000,0.000,1.000,3.000,0.000,0.000,97.000,0,0,0
B3_zmq_pushpull,zmq_tcp,none,none,,1,8567,512,584,1785153445027522000,1785153445027522000,1785153445027522000,1785153445027523000,1785153445027554000,1785153445027557000,1785153445027557000,1785153445027557000,121932490,121652369,-249.121,0.000,0.000,1.000,3.000,0.000,0.000,20.000,0,0,0
B3_zmq_pushpull,zmq_tcp,none,none,,1,8568,512,584,1785153445028522000,1785153445028522000,1785153445028522000,1785153445028523000,1785153445028567000,1785153445028570000,1785153445028571000,1785153445028571000,121932490,121652369,-236.121,0.000,0.000,1.000,3.000,1.000,0.000,13.000,0,0,0
B3_zmq_pushpull,zmq_tcp,none,none,,1,8569,512,584,1785153445029425000,1785153445029425000,1785153445029425000,1785153445029426000,1785153445029583000,1785153445029586000,1785153445029586000,1785153445029586000,121932490,121652369,-123.121,0.000,0.000,1.000,3.000,0.000,0.000,113.000,0,0,0
B3_zmq_pushpull,zmq_tcp,none,none,,1,8570,512,584,1785153445030437000,1785153445030437000,1785153445030437000,1785153445030438000,1785153445030596000,1785153445030600000,1785153445030600000,1785153445030600000,121932490,121652369,-122.121,0.000,0.000,1.000,4.000,0.000,0.000,1.000,0,0,0
B3_zmq_pushpull,zmq_tcp,none,none,,1,8571,512,584,1785153445031543000,1785153445031543000,1785153445031543000,1785153445031544000,1785153445031594000,1785153445031598000,1785153445031598000,1785153445031598000,121932490,121652369,-230.121,0.000,0.000,1.000,4.000,0.000,0.000,108.000,0,0,0
B3_zmq_pushpull,zmq_tcp,none,none,,1,8572,512,584,1785153445032514000,1785153445032514000,1785153445032514000,1785153445032515000,1785153445032596000,1785153445032599000,1785153445032599000,1785153445032599000,121932490,121652369,-199.121,0.000,0.000,1.000,3.000,0.000,0.000,31.000,0,0,0
B3_zmq_pushpull,zmq_tcp,none,none,,1,8573,512,584,1785153445033518000,1785153445033518000,1785153445033518000,1785153445033519000,1785153445033600000,1785153445033603000,1785153445033603000,1785153445033603000,121932490,121652369,-199.121,0.000,0.000,1.000,3.000,0.000,0.000,0.000,0,0,0
B3_zmq_pushpull,zmq_tcp,none,none,,1,8574,512,584,1785153445034520000,1785153445034520000,1785153445034520000,1785153445034521000,1785153445034599000,1785153445034602000,1785153445034602000,1785153445034602000,121932490,121652369,-202.121,0.000,0.000,1.000,3.000,0.000,0.000,3.000,0,0,0
B3_zmq_pushpull,zmq_tcp,none,none,,1,8575,512,584,1785153445035520000,1785153445035520000,1785153445035520000,1785153445035521000,1785153445035606000,1785153445035609000,1785153445035609000,1785153445035609000,121932490,121652369,-195.121,0.000,0.000,1.000,3.000,0.000,0.000,7.000,0,0,0
B3_zmq_pushpull,zmq_tcp,none,none,,1,8576,512,584,1785153445036521000,1785153445036521000,1785153445036521000,1785153445036522000,1785153445036611000,1785153445036614000,1785153445036614000,1785153445036614000,121932490,121652369,-191.121,0.000,0.000,1.000,3.000,0.000,0.000,4.000,0,0,0
B3_zmq_pushpull,zmq_tcp,none,none,,1,8577,512,584,1785153445037520000,1785153445037520000,1785153445037520000,1785153445037521000,1785153445037631000,1785153445037634000,1785153445037634000,1785153445037634000,121932490,121652369,-170.121,0.000,0.000,1.000,3.000,0.000,0.000,21.000,0,0,0
B3_zmq_pushpull,zmq_tcp,none,none,,1,8578,512,584,1785153445038522000,1785153445038522000,1785153445038522000,1785153445038523000,1785153445038650000,1785153445038652000,1785153445038652000,1785153445038652000,121932490,121652369,-153.121,0.000,0.000,1.000,2.000,0.000,0.000,17.000,0,0,0
B3_zmq_pushpull,zmq_tcp,none,none,,1,8579,512,584,1785153445039518000,1785153445039519000,1785153445039519000,1785153445039520000,1785153445039646000,1785153445039649000,1785153445039649000,1785153445039649000,121932490,121652369,-154.121,1.000,0.000,1.000,3.000,0.000,0.000,1.000,0,0,0
B3_zmq_pushpull,zmq_tcp,none,none,,1,8580,512,584,1785153445040519000,1785153445040519000,1785153445040519000,1785153445040520000,1785153445040654000,1785153445040656000,1785153445040656000,1785153445040656000,121932490,121652369,-146.121,0.000,0.000,1.000,2.000,0.000,0.000,8.000,0,0,0
B3_zmq_pushpull,zmq_tcp,none,none,,1,8581,512,584,1785153445041519000,1785153445041519000,1785153445041519000,1785153445041520000,1785153445041650000,1785153445041652000,1785153445041652000,1785153445041652000,121932490,121652369,-150.121,0.000,0.000,1.000,2.000,0.000,0.000,4.000,0,0,0
B3_zmq_pushpull,zmq_tcp,none,none,,1,8582,512,584,1785153445042520000,1785153445042520000,1785153445042520000,1785153445042521000,1785153445042668000,1785153445042671000,1785153445042671000,1785153445042671000,121932490,121652369,-133.121,0.000,0.000,1.000,3.000,0.000,0.000,17.000,0,0,0
B3_zmq_pushpull,zmq_tcp,none,none,,1,8583,512,584,1785153445043518000,1785153445043518000,1785153445043518000,1785153445043520000,1785153445043672000,1785153445043675000,1785153445043675000,1785153445043675000,121932490,121652369,-128.121,0.000,0.000,2.000,3.000,0.000,0.000,5.000,0,0,0
B3_zmq_pushpull,zmq_tcp,none,none,,1,8584,512,584,1785153445044519000,1785153445044519000,1785153445044519000,1785153445044520000,1785153445044666000,1785153445044668000,1785153445044668000,1785153445044668000,121932490,121652369,-134.121,0.000,0.000,1.000,2.000,0.000,0.000,6.000,0,0,0
B3_zmq_pushpull,zmq_tcp,none,none,,1,8585,512,584,1785153445045519000,1785153445045519000,1785153445045519000,1785153445045520000,1785153445045663000,1785153445045666000,1785153445045666000,1785153445045666000,121932490,121652369,-137.121,0.000,0.000,1.000,3.000,0.000,0.000,3.000,0,0,0
B3_zmq_pushpull,zmq_tcp,none,none,,1,8586,512,584,1785153445046520000,1785153445046520000,1785153445046520000,1785153445046521000,1785153445046656000,1785153445046659000,1785153445046659000,1785153445046659000,121932490,121652369,-145.121,0.000,0.000,1.000,3.000,0.000,0.000,8.000,0,0,0
B3_zmq_pushpull,zmq_tcp,none,none,,1,8587,512,584,1785153445047517000,1785153445047517000,1785153445047517000,1785153445047518000,1785153445047651000,1785153445047654000,1785153445047654000,1785153445047654000,121932490,121652369,-147.121,0.000,0.000,1.000,3.000,0.000,0.000,2.000,0,0,0
B3_zmq_pushpull,zmq_tcp,none,none,,1,8588,512,584,1785153445048521000,1785153445048521000,1785153445048522000,1785153445048522000,1785153445048647000,1785153445048650000,1785153445048650000,1785153445048650000,121932490,121652369,-155.121,0.000,1.000,0.000,3.000,0.000,0.000,8.000,0,0,0
B3_zmq_pushpull,zmq_tcp,none,none,,1,8589,512,584,1785153445049519000,1785153445049520000,1785153445049520000,1785153445049521000,1785153445049656000,1785153445049658000,1785153445049658000,1785153445049658000,121932490,121652369,-145.121,1.000,0.000,1.000,2.000,0.000,0.000,10.000,0,0,0
B3_zmq_pushpull,zmq_tcp,none,none,,1,8590,512,584,1785153445050522000,1785153445050522000,1785153445050522000,1785153445050523000,1785153445050660000,1785153445050663000,1785153445050663000,1785153445050663000,121932490,121652369,-143.121,0.000,0.000,1.000,3.000,0.000,0.000,2.000,0,0,0
B3_zmq_pushpull,zmq_tcp,none,none,,1,8591,512,584,1785153445051515000,1785153445051516000,1785153445051516000,1785153445051517000,1785153445051655000,1785153445051658000,1785153445051658000,1785153445051658000,121932490,121652369,-142.121,1.000,0.000,1.000,3.000,0.000,0.000,1.000,0,0,0
B3_zmq_pushpull,zmq_tcp,none,none,,1,8592,512,584,1785153445052521000,1785153445052521000,1785153445052521000,1785153445052522000,1785153445052666000,1785153445052668000,1785153445052668000,1785153445052668000,121932490,121652369,-136.121,0.000,0.000,1.000,2.000,0.000,0.000,6.000,0,0,0
B3_zmq_pushpull,zmq_tcp,none,none,,1,8593,512,584,1785153445053519000,1785153445053520000,1785153445053520000,1785153445053521000,1785153445053654000,1785153445053657000,1785153445053657000,1785153445053657000,121932490,121652369,-147.121,1.000,0.000,1.000,3.000,0.000,0.000,11.000,0,0,0
B3_zmq_pushpull,zmq_tcp,none,none,,1,8594,512,584,1785153445054519000,1785153445054520000,1785153445054520000,1785153445054521000,1785153445054642000,1785153445054645000,1785153445054645000,1785153445054645000,121932490,121652369,-159.121,1.000,0.000,1.000,3.000,0.000,0.000,12.000,0,0,0
B3_zmq_pushpull,zmq_tcp,none,none,,1,8595,512,584,1785153445055517000,1785153445055517000,1785153445055517000,1785153445055518000,1785153445055628000,1785153445055631000,1785153445055631000,1785153445055631000,121932490,121652369,-170.121,0.000,0.000,1.000,3.000,0.000,0.000,11.000,0,0,0
B3_zmq_pushpull,zmq_tcp,none,none,,1,8596,512,584,1785153445056523000,1785153445056524000,1785153445056524000,1785153445056525000,1785153445056642000,1785153445056644000,1785153445056644000,1785153445056644000,121932490,121652369,-163.121,1.000,0.000,1.000,2.000,0.000,0.000,7.000,0,0,0
B3_zmq_pushpull,zmq_tcp,none,none,,1,8597,512,584,1785153445057518000,1785153445057518000,1785153445057518000,1785153445057519000,1785153445057650000,1785153445057652000,1785153445057652000,1785153445057652000,121932490,121652369,-149.121,0.000,0.000,1.000,2.000,0.000,0.000,14.000,0,0,0
B3_zmq_pushpull,zmq_tcp,none,none,,1,8598,512,584,1785153445058520000,1785153445058521000,1785153445058521000,1785153445058522000,1785153445058660000,1785153445058663000,1785153445058663000,1785153445058663000,121932490,121652369,-142.121,1.000,0.000,1.000,3.000,0.000,0.000,7.000,0,0,0
B3_zmq_pushpull,zmq_tcp,none,none,,1,8599,512,584,1785153445059518000,1785153445059519000,1785153445059519000,1785153445059520000,1785153445059668000,1785153445059671000,1785153445059671000,1785153445059671000,121932490,121652369,-132.121,1.000,0.000,1.000,3.000,0.000,0.000,10.000,0,0,0
B3_zmq_pushpull,zmq_tcp,none,none,,1,8600,512,584,1785153445060521000,1785153445060521000,1785153445060521000,1785153445060522000,1785153445060672000,1785153445060675000,1785153445060675000,1785153445060675000,121932490,121652369,-130.121,0.000,0.000,1.000,3.000,0.000,0.000,2.000,0,0,0
B3_zmq_pushpull,zmq_tcp,none,none,,1,8601,512,584,1785153445061520000,1785153445061520000,1785153445061520000,1785153445061521000,1785153445061678000,1785153445061680000,1785153445061680000,1785153445061680000,121932490,121652369,-123.121,0.000,0.000,1.000,2.000,0.000,0.000,7.000,0,0,0
B3_zmq_pushpull,zmq_tcp,none,none,,1,8602,512,584,1785153445062390000,1785153445062390000,1785153445062390000,1785153445062391000,1785153445062553000,1785153445062556000,1785153445062556000,1785153445062556000,121932490,121652369,-118.121,0.000,0.000,1.000,3.000,0.000,0.000,5.000,0,0,0
B3_zmq_pushpull,zmq_tcp,none,none,,1,8603,512,584,1785153445063403000,1785153445063403000,1785153445063403000,1785153445063404000,1785153445063564000,1785153445063567000,1785153445063567000,1785153445063567000,121932490,121652369,-120.121,0.000,0.000,1.000,3.000,0.000,0.000,2.000,0,0,0
B3_zmq_pushpull,zmq_tcp,none,none,,1,8604,512,584,1785153445064551000,1785153445064551000,1785153445064551000,1785153445064552000,1785153445064713000,1785153445064716000,1785153445064716000,1785153445064716000,121932490,121652369,-119.121,0.000,0.000,1.000,3.000,0.000,0.000,1.000,0,0,0
B3_zmq_pushpull,zmq_tcp,none,none,,1,8605,512,584,1785153445065512000,1785153445065512000,1785153445065512000,1785153445065513000,1785153445065579000,1785153445065581000,1785153445065581000,1785153445065581000,121932490,121652369,-214.121,0.000,0.000,1.000,2.000,0.000,0.000,95.000,0,0,0
B3_zmq_pushpull,zmq_tcp,none,none,,1,8606,512,584,1785153445066524000,1785153445066524000,1785153445066524000,1785153445066525000,1785153445066587000,1785153445066590000,1785153445066590000,1785153445066590000,121932490,121652369,-218.121,0.000,0.000,1.000,3.000,0.000,0.000,4.000,0,0,0
B3_zmq_pushpull,zmq_tcp,none,none,,1,8607,512,584,1785153445067448000,1785153445067448000,1785153445067448000,1785153445067450000,1785153445067604000,1785153445067607000,1785153445067607000,1785153445067607000,121932490,121652369,-126.121,0.000,0.000,2.000,3.000,0.000,0.000,92.000,0,0,0
B3_zmq_pushpull,zmq_tcp,none,none,,1,8608,512,584,1785153445068440000,1785153445068440000,1785153445068440000,1785153445068441000,1785153445068595000,1785153445068598000,1785153445068598000,1785153445068598000,121932490,121652369,-126.121,0.000,0.000,1.000,3.000,0.000,0.000,0.000,0,0,0
B3_zmq_pushpull,zmq_tcp,none,none,,1,8609,512,584,1785153445069449000,1785153445069449000,1785153445069449000,1785153445069450000,1785153445069609000,1785153445069611000,1785153445069611000,1785153445069611000,121932490,121652369,-121.121,0.000,0.000,1.000,2.000,0.000,0.000,5.000,0,0,0
B3_zmq_pushpull,zmq_tcp,none,none,,1,8610,512,584,1785153445070536000,1785153445070536000,1785153445070536000,1785153445070537000,1785153445070622000,1785153445070625000,1785153445070625000,1785153445070625000,121932490,121652369,-195.121,0.000,0.000,1.000,3.000,0.000,0.000,74.000,0,0,0
B3_zmq_pushpull,zmq_tcp,none,none,,1,8611,512,584,1785153445071516000,1785153445071516000,1785153445071516000,1785153445071517000,1785153445071622000,1785153445071625000,1785153445071625000,1785153445071625000,121932490,121652369,-175.121,0.000,0.000,1.000,3.000,0.000,0.000,20.000,0,0,0
B3_zmq_pushpull,zmq_tcp,none,none,,1,8612,512,584,1785153445072521000,1785153445072521000,1785153445072521000,1785153445072522000,1785153445072626000,1785153445072629000,1785153445072629000,1785153445072629000,121932490,121652369,-176.121,0.000,0.000,1.000,3.000,0.000,0.000,1.000,0,0,0
B3_zmq_pushpull,zmq_tcp,none,none,,1,8613,512,584,1785153445073517000,1785153445073517000,1785153445073517000,1785153445073518000,1785153445073637000,1785153445073640000,1785153445073640000,1785153445073640000,121932490,121652369,-161.121,0.000,0.000,1.000,3.000,0.000,0.000,15.000,0,0,0
B3_zmq_pushpull,zmq_tcp,none,none,,1,8614,512,584,1785153445074521000,1785153445074521000,1785153445074521000,1785153445074522000,1785153445074642000,1785153445074645000,1785153445074645000,1785153445074645000,121932490,121652369,-160.121,0.000,0.000,1.000,3.000,0.000,0.000,1.000,0,0,0
B3_zmq_pushpull,zmq_tcp,none,none,,1,8615,512,584,1785153445075520000,1785153445075520000,1785153445075520000,1785153445075521000,1785153445075631000,1785153445075634000,1785153445075634000,1785153445075634000,121932490,121652369,-170.121,0.000,0.000,1.000,3.000,0.000,0.000,10.000,0,0,0
B3_zmq_pushpull,zmq_tcp,none,none,,1,8616,512,584,1785153445076520000,1785153445076520000,1785153445076520000,1785153445076521000,1785153445076655000,1785153445076659000,1785153445076659000,1785153445076659000,121932490,121652369,-146.121,0.000,0.000,1.000,4.000,0.000,0.000,24.000,0,0,0
B3_zmq_pushpull,zmq_tcp,none,none,,1,8617,512,584,1785153445077517000,1785153445077517000,1785153445077517000,1785153445077518000,1785153445077673000,1785153445077675000,1785153445077675000,1785153445077675000,121932490,121652369,-125.121,0.000,0.000,1.000,2.000,0.000,0.000,21.000,0,0,0
B3_zmq_pushpull,zmq_tcp,none,none,,1,8618,512,584,1785153445078523000,1785153445078523000,1785153445078523000,1785153445078524000,1785153445078669000,1785153445078671000,1785153445078671000,1785153445078671000,121932490,121652369,-135.121,0.000,0.000,1.000,2.000,0.000,0.000,10.000,0,0,0
B3_zmq_pushpull,zmq_tcp,none,none,,1,8619,512,584,1785153445079520000,1785153445079520000,1785153445079520000,1785153445079521000,1785153445079683000,1785153445079686000,1785153445079686000,1785153445079686000,121932490,121652369,-118.121,0.000,0.000,1.000,3.000,0.000,0.000,17.000,0,0,0
B3_zmq_pushpull,zmq_tcp,none,none,,1,8620,512,584,1785153445080519000,1785153445080519000,1785153445080519000,1785153445080520000,1785153445080669000,1785153445080671000,1785153445080671000,1785153445080671000,121932490,121652369,-131.121,0.000,0.000,1.000,2.000,0.000,0.000,13.000,0,0,0
B3_zmq_pushpull,zmq_tcp,none,none,,1,8621,512,584,1785153445081381000,1785153445081381000,1785153445081381000,1785153445081382000,1785153445081535000,1785153445081538000,1785153445081538000,1785153445081538000,121932490,121652369,-127.121,0.000,0.000,1.000,3.000,0.000,0.000,4.000,0,0,0
B3_zmq_pushpull,zmq_tcp,none,none,,1,8622,512,584,1785153445082555000,1785153445082555000,1785153445082555000,1785153445082556000,1785153445082663000,1785153445082666000,1785153445082666000,1785153445082666000,121932490,121652369,-173.121,0.000,0.000,1.000,3.000,0.000,0.000,46.000,0,0,0
B3_zmq_pushpull,zmq_tcp,none,none,,1,8623,512,584,1785153445083512000,1785153445083512000,1785153445083512000,1785153445083513000,1785153445083656000,1785153445083659000,1785153445083659000,1785153445083659000,121932490,121652369,-137.121,0.000,0.000,1.000,3.000,0.000,0.000,36.000,0,0,0
B3_zmq_pushpull,zmq_tcp,none,none,,1,8624,512,584,1785153445084525000,1785153445084525000,1785153445084525000,1785153445084526000,1785153445084658000,1785153445084661000,1785153445084661000,1785153445084661000,121932490,121652369,-148.121,0.000,0.000,1.000,3.000,0.000,0.000,11.000,0,0,0
B3_zmq_pushpull,zmq_tcp,none,none,,1,8625,512,584,1785153445085373000,1785153445085373000,1785153445085373000,1785153445085374000,1785153445085531000,1785153445085534000,1785153445085534000,1785153445085534000,121932490,121652369,-123.121,0.000,0.000,1.000,3.000,0.000,0.000,25.000,0,0,0
B3_zmq_pushpull,zmq_tcp,none,none,,1,8626,512,584,1785153445086559000,1785153445086559000,1785153445086559000,1785153445086560000,1785153445086683000,1785153445086686000,1785153445086686000,1785153445086686000,121932490,121652369,-157.121,0.000,0.000,1.000,3.000,0.000,0.000,34.000,0,0,0
B3_zmq_pushpull,zmq_tcp,none,none,,1,8627,512,584,1785153445087512000,1785153445087512000,1785153445087512000,1785153445087513000,1785153445087678000,1785153445087681000,1785153445087681000,1785153445087681000,121932490,121652369,-115.121,0.000,0.000,1.000,3.000,0.000,0.000,42.000,0,0,0
B3_zmq_pushpull,zmq_tcp,none,none,,1,8628,512,584,1785153445088523000,1785153445088523000,1785153445088523000,1785153445088524000,1785153445088686000,1785153445088689000,1785153445088689000,1785153445088689000,121932490,121652369,-118.121,0.000,0.000,1.000,3.000,0.000,0.000,3.000,0,0,0
B3_zmq_pushpull,zmq_tcp,none,none,,1,8629,512,584,1785153445089517000,1785153445089517000,1785153445089517000,1785153445089518000,1785153445089549000,1785153445089554000,1785153445089554000,1785153445089554000,121932490,121652369,-249.121,0.000,0.000,1.000,5.000,0.000,0.000,131.000,0,0,0
B3_zmq_pushpull,zmq_tcp,none,none,,1,8630,512,584,1785153445090404000,1785153445090404000,1785153445090404000,1785153445090405000,1785153445090546000,1785153445090549000,1785153445090549000,1785153445090549000,121932490,121652369,-139.121,0.000,0.000,1.000,3.000,0.000,0.000,110.000,0,0,0
B3_zmq_pushpull,zmq_tcp,none,none,,1,8631,512,584,1785153445091549000,1785153445091549000,1785153445091549000,1785153445091550000,1785153445091690000,1785153445091693000,1785153445091693000,1785153445091693000,121932490,121652369,-140.121,0.000,0.000,1.000,3.000,0.000,0.000,1.000,0,0,0
B3_zmq_pushpull,zmq_tcp,none,none,,1,8632,512,584,1785153445092509000,1785153445092509000,1785153445092509000,1785153445092510000,1785153445092690000,1785153445092693000,1785153445092693000,1785153445092693000,121932490,121652369,-100.121,0.000,0.000,1.000,3.000,0.000,0.000,40.000,0,0,0
B3_zmq_pushpull,zmq_tcp,none,none,,1,8633,512,584,1785153445093527000,1785153445093528000,1785153445093528000,1785153445093529000,1785153445093690000,1785153445093697000,1785153445093697000,1785153445093698000,121932490,121652369,-119.121,1.000,0.000,1.000,7.000,0.000,1.000,19.000,0,0,0
B3_zmq_pushpull,zmq_tcp,none,none,,1,8634,512,584,1785153445094521000,1785153445094521000,1785153445094521000,1785153445094522000,1785153445094698000,1785153445094700000,1785153445094700000,1785153445094700000,121932490,121652369,-104.121,0.000,0.000,1.000,2.000,0.000,0.000,15.000,0,0,0
B3_zmq_pushpull,zmq_tcp,none,none,,1,8635,512,584,1785153445095520000,1785153445095520000,1785153445095520000,1785153445095521000,1785153445095575000,1785153445095579000,1785153445095579000,1785153445095579000,121932490,121652369,-226.121,0.000,0.000,1.000,4.000,0.000,0.000,122.000,0,0,0
B3_zmq_pushpull,zmq_tcp,none,none,,1,8636,512,584,1785153445096517000,1785153445096517000,1785153445096517000,1785153445096518000,1785153445096588000,1785153445096591000,1785153445096591000,1785153445096591000,121932490,121652369,-210.121,0.000,0.000,1.000,3.000,0.000,0.000,16.000,0,0,0
B3_zmq_pushpull,zmq_tcp,none,none,,1,8637,512,584,1785153445097520000,1785153445097520000,1785153445097520000,1785153445097521000,1785153445097596000,1785153445097599000,1785153445097599000,1785153445097599000,121932490,121652369,-205.121,0.000,0.000,1.000,3.000,0.000,0.000,5.000,0,0,0
B3_zmq_pushpull,zmq_tcp,none,none,,1,8638,512,584,1785153445098520000,1785153445098520000,1785153445098520000,1785153445098521000,1785153445098593000,1785153445098597000,1785153445098597000,1785153445098597000,121932490,121652369,-208.121,0.000,0.000,1.000,4.000,0.000,0.000,3.000,0,0,0
B3_zmq_pushpull,zmq_tcp,none,none,,1,8639,512,584,1785153445099521000,1785153445099521000,1785153445099521000,1785153445099522000,1785153445099605000,1785153445099608000,1785153445099608000,1785153445099608000,121932490,121652369,-197.121,0.000,0.000,1.000,3.000,0.000,0.000,11.000,0,0,0
B3_zmq_pushpull,zmq_tcp,none,none,,1,8640,512,584,1785153445100519000,1785153445100519000,1785153445100519000,1785153445100520000,1785153445100605000,1785153445100607000,1785153445100607000,1785153445100607000,121932490,121652369,-195.121,0.000,0.000,1.000,2.000,0.000,0.000,2.000,0,0,0
B3_zmq_pushpull,zmq_tcp,none,none,,1,8641,512,584,1785153445101521000,1785153445101521000,1785153445101521000,1785153445101522000,1785153445101611000,1785153445101614000,1785153445101614000,1785153445101614000,121932490,121652369,-191.121,0.000,0.000,1.000,3.000,0.000,0.000,4.000,0,0,0
B3_zmq_pushpull,zmq_tcp,none,none,,1,8642,512,584,1785153445102520000,1785153445102520000,1785153445102520000,1785153445102521000,1785153445102613000,1785153445102615000,1785153445102615000,1785153445102615000,121932490,121652369,-188.121,0.000,0.000,1.000,2.000,0.000,0.000,3.000,0,0,0
B3_zmq_pushpull,zmq_tcp,none,none,,1,8643,512,584,1785153445103520000,1785153445103520000,1785153445103520000,1785153445103521000,1785153445103610000,1785153445103613000,1785153445103614000,1785153445103614000,121932490,121652369,-191.121,0.000,0.000,1.000,3.000,1.000,0.000,3.000,0,0,0
B3_zmq_pushpull,zmq_tcp,none,none,,1,8644,512,584,1785153445104519000,1785153445104519000,1785153445104519000,1785153445104520000,1785153445104611000,1785153445104613000,1785153445104613000,1785153445104613000,121932490,121652369,-189.121,0.000,0.000,1.000,2.000,0.000,0.000,2.000,0,0,0
B3_zmq_pushpull,zmq_tcp,none,none,,1,8645,512,584,1785153445105521000,1785153445105521000,1785153445105521000,1785153445105522000,1785153445105623000,1785153445105626000,1785153445105626000,1785153445105626000,121932490,121652369,-179.121,0.000,0.000,1.000,3.000,0.000,0.000,10.000,0,0,0
B3_zmq_pushpull,zmq_tcp,none,none,,1,8646,512,584,1785153445106520000,1785153445106520000,1785153445106520000,1785153445106521000,1785153445106638000,1785153445106641000,1785153445106641000,1785153445106641000,121932490,121652369,-163.121,0.000,0.000,1.000,3.000,0.000,0.000,16.000,0,0,0
B3_zmq_pushpull,zmq_tcp,none,none,,1,8647,512,584,1785153445107522000,1785153445107522000,1785153445107522000,1785153445107523000,1785153445107650000,1785153445107653000,1785153445107653000,1785153445107653000,121932490,121652369,-153.121,0.000,0.000,1.000,3.000,0.000,0.000,10.000,0,0,0
B3_zmq_pushpull,zmq_tcp,none,none,,1,8648,512,584,1785153445108518000,1785153445108518000,1785153445108519000,1785153445108519000,1785153445108650000,1785153445108653000,1785153445108653000,1785153445108653000,121932490,121652369,-149.121,0.000,1.000,0.000,3.000,0.000,0.000,4.000,0,0,0
B3_zmq_pushpull,zmq_tcp,none,none,,1,8649,512,584,1785153445109520000,1785153445109520000,1785153445109520000,1785153445109521000,1785153445109657000,1785153445109660000,1785153445109660000,1785153445109660000,121932490,121652369,-144.121,0.000,0.000,1.000,3.000,0.000,0.000,5.000,0,0,0
B3_zmq_pushpull,zmq_tcp,none,none,,1,8650,512,584,1785153445110520000,1785153445110520000,1785153445110520000,1785153445110521000,1785153445110654000,1785153445110657000,1785153445110657000,1785153445110657000,121932490,121652369,-147.121,0.000,0.000,1.000,3.000,0.000,0.000,3.000,0,0,0
B3_zmq_pushpull,zmq_tcp,none,none,,1,8651,512,584,1785153445111519000,1785153445111520000,1785153445111520000,1785153445111521000,1785153445111665000,1785153445111667000,1785153445111668000,1785153445111668000,121932490,121652369,-136.121,1.000,0.000,1.000,2.000,1.000,0.000,11.000,0,0,0
B3_zmq_pushpull,zmq_tcp,none,none,,1,8652,512,584,1785153445112518000,1785153445112518000,1785153445112518000,1785153445112519000,1785153445112654000,1785153445112657000,1785153445112657000,1785153445112657000,121932490,121652369,-145.121,0.000,0.000,1.000,3.000,0.000,0.000,9.000,0,0,0
B3_zmq_pushpull,zmq_tcp,none,none,,1,8653,512,584,1785153445113521000,1785153445113521000,1785153445113521000,1785153445113522000,1785153445113651000,1785153445113654000,1785153445113654000,1785153445113654000,121932490,121652369,-151.121,0.000,0.000,1.000,3.000,0.000,0.000,6.000,0,0,0
B3_zmq_pushpull,zmq_tcp,none,none,,1,8654,512,584,1785153445114520000,1785153445114520000,1785153445114520000,1785153445114521000,1785153445114661000,1785153445114663000,1785153445114664000,1785153445114664000,121932490,121652369,-140.121,0.000,0.000,1.000,2.000,1.000,0.000,11.000,0,0,0
B3_zmq_pushpull,zmq_tcp,none,none,,1,8655,512,584,1785153445115521000,1785153445115521000,1785153445115521000,1785153445115522000,1785153445115661000,1785153445115664000,1785153445115664000,1785153445115664000,121932490,121652369,-141.121,0.000,0.000,1.000,3.000,0.000,0.000,1.000,0,0,0
B3_zmq_pushpull,zmq_tcp,none,none,,1,8656,512,584,1785153445116516000,1785153445116516000,1785153445116516000,1785153445116517000,1785153445116653000,1785153445116656000,1785153445116656000,1785153445116656000,121932490,121652369,-144.121,0.000,0.000,1.000,3.000,0.000,0.000,3.000,0,0,0
B3_zmq_pushpull,zmq_tcp,none,none,,1,8657,512,584,1785153445117521000,1785153445117521000,1785153445117521000,1785153445117522000,1785153445117643000,1785153445117646000,1785153445117646000,1785153445117646000,121932490,121652369,-159.121,0.000,0.000,1.000,3.000,0.000,0.000,15.000,0,0,0
B3_zmq_pushpull,zmq_tcp,none,none,,1,8658,512,584,1785153445118520000,1785153445118520000,1785153445118520000,1785153445118521000,1785153445118642000,1785153445118645000,1785153445118645000,1785153445118645000,121932490,121652369,-159.121,0.000,0.000,1.000,3.000,0.000,0.000,0.000,0,0,0
B3_zmq_pushpull,zmq_tcp,none,none,,1,8659,512,584,1785153445119521000,1785153445119521000,1785153445119521000,1785153445119522000,1785153445119627000,1785153445119629000,1785153445119629000,1785153445119629000,121932490,121652369,-175.121,0.000,0.000,1.000,2.000,0.000,0.000,16.000,0,0,0
B3_zmq_pushpull,zmq_tcp,none,none,,1,8660,512,584,1785153445120515000,1785153445120515000,1785153445120515000,1785153445120516000,1785153445120600000,1785153445120603000,1785153445120603000,1785153445120603000,121932490,121652369,-196.121,0.000,0.000,1.000,3.000,0.000,0.000,21.000,0,0,0
B3_zmq_pushpull,zmq_tcp,none,none,,1,8661,512,584,1785153445121427000,1785153445121427000,1785153445121428000,1785153445121428000,1785153445121575000,1785153445121577000,1785153445121577000,1785153445121577000,121932490,121652369,-133.121,0.000,1.000,0.000,2.000,0.000,0.000,63.000,0,0,0
B3_zmq_pushpull,zmq_tcp,none,none,,1,8662,512,584,1785153445122543000,1785153445122543000,1785153445122543000,1785153445122544000,1785153445122699000,1785153445122701000,1785153445122701000,1785153445122701000,121932490,121652369,-125.121,0.000,0.000,1.000,2.000,0.000,0.000,8.000,0,0,0
B3_zmq_pushpull,zmq_tcp,none,none,,1,8663,512,584,1785153445123403000,1785153445123403000,1785153445123403000,1785153445123405000,1785153445123555000,1785153445123557000,1785153445123557000,1785153445123557000,121932490,121652369,-130.121,0.000,0.000,2.000,2.000,0.000,0.000,5.000,0,0,0
B3_zmq_pushpull,zmq_tcp,none,none,,1,8664,512,584,1785153445124361000,1785153445124361000,1785153445124361000,1785153445124362000,1785153445124513000,1785153445124516000,1785153445124516000,1785153445124516000,121932490,121652369,-129.121,0.000,0.000,1.000,3.000,0.000,0.000,1.000,0,0,0
B3_zmq_pushpull,zmq_tcp,none,none,,1,8665,512,584,1785153445125559000,1785153445125559000,1785153445125559000,1785153445125560000,1785153445125651000,1785153445125653000,1785153445125653000,1785153445125653000,121932490,121652369,-189.121,0.000,0.000,1.000,2.000,0.000,0.000,60.000,0,0,0
B3_zmq_pushpull,zmq_tcp,none,none,,1,8666,512,584,1785153445126507000,1785153445126507000,1785153445126507000,1785153445126508000,1785153445126641000,1785153445126644000,1785153445126644000,1785153445126644000,121932490,121652369,-147.121,0.000,0.000,1.000,3.000,0.000,0.000,42.000,0,0,0
B3_zmq_pushpull,zmq_tcp,none,none,,1,8667,512,584,1785153445127525000,1785153445127525000,1785153445127525000,1785153445127526000,1785153445127615000,1785153445127618000,1785153445127618000,1785153445127618000,121932490,121652369,-191.121,0.000,0.000,1.000,3.000,0.000,0.000,44.000,0,0,0
B3_zmq_pushpull,zmq_tcp,none,none,,1,8668,512,584,1785153445128517000,1785153445128518000,1785153445128518000,1785153445128519000,1785153445128615000,1785153445128617000,1785153445128617000,1785153445128617000,121932490,121652369,-184.121,1.000,0.000,1.000,2.000,0.000,0.000,7.000,0,0,0
B3_zmq_pushpull,zmq_tcp,none,none,,1,8669,512,584,1785153445129526000,1785153445129526000,1785153445129526000,1785153445129528000,1785153445129610000,1785153445129614000,1785153445129614000,1785153445129614000,121932490,121652369,-198.121,0.000,0.000,2.000,4.000,0.000,0.000,14.000,0,0,0
B3_zmq_pushpull,zmq_tcp,none,none,,1,8670,512,584,1785153445130422000,1785153445130422000,1785153445130422000,1785153445130424000,1785153445130582000,1785153445130585000,1785153445130585000,1785153445130585000,121932490,121652369,-122.121,0.000,0.000,2.000,3.000,0.000,0.000,76.000,0,0,0
B3_zmq_pushpull,zmq_tcp,none,none,,1,8671,512,584,1785153445131442000,1785153445131442000,1785153445131442000,1785153445131443000,1785153445131601000,1785153445131604000,1785153445131604000,1785153445131604000,121932490,121652369,-122.121,0.000,0.000,1.000,3.000,0.000,0.000,0.000,0,0,0
B3_zmq_pushpull,zmq_tcp,none,none,,1,8672,512,584,1785153445132446000,1785153445132446000,1785153445132446000,1785153445132447000,1785153445132606000,1785153445132609000,1785153445132609000,1785153445132609000,121932490,121652369,-121.121,0.000,0.000,1.000,3.000,0.000,0.000,1.000,0,0,0
B3_zmq_pushpull,zmq_tcp,none,none,,1,8673,512,584,1785153445133542000,1785153445133542000,1785153445133542000,1785153445133543000,1785153445133631000,1785153445133635000,1785153445133635000,1785153445133635000,121932490,121652369,-192.121,0.000,0.000,1.000,4.000,0.000,0.000,71.000,0,0,0
B3_zmq_pushpull,zmq_tcp,none,none,,1,8674,512,584,1785153445134515000,1785153445134515000,1785153445134515000,1785153445134516000,1785153445134640000,1785153445134642000,1785153445134642000,1785153445134642000,121932490,121652369,-156.121,0.000,0.000,1.000,2.000,0.000,0.000,36.000,0,0,0
B3_zmq_pushpull,zmq_tcp,none,none,,1,8675,512,584,1785153445135524000,1785153445135524000,1785153445135524000,1785153445135525000,1785153445135660000,1785153445135662000,1785153445135662000,1785153445135662000,121932490,121652369,-145.121,0.000,0.000,1.000,2.000,0.000,0.000,11.000,0,0,0
B3_zmq_pushpull,zmq_tcp,none,none,,1,8676,512,584,1785153445136520000,1785153445136520000,1785153445136520000,1785153445136521000,1785153445136662000,1785153445136666000,1785153445136666000,1785153445136666000,121932490,121652369,-139.121,0.000,0.000,1.000,4.000,0.000,0.000,6.000,0,0,0
B3_zmq_pushpull,zmq_tcp,none,none,,1,8677,512,584,1785153445137522000,1785153445137522000,1785153445137522000,1785153445137523000,1785153445137661000,1785153445137664000,1785153445137664000,1785153445137664000,121932490,121652369,-142.121,0.000,0.000,1.000,3.000,0.000,0.000,3.000,0,0,0
B3_zmq_pushpull,zmq_tcp,none,none,,1,8678,512,584,1785153445138516000,1785153445138516000,1785153445138516000,1785153445138517000,1785153445138648000,1785153445138650000,1785153445138650000,1785153445138650000,121932490,121652369,-149.121,0.000,0.000,1.000,2.000,0.000,0.000,7.000,0,0,0
B3_zmq_pushpull,zmq_tcp,none,none,,1,8679,512,584,1785153445139363000,1785153445139363000,1785153445139363000,1785153445139364000,1785153445139516000,1785153445139519000,1785153445139519000,1785153445139519000,121932490,121652369,-128.121,0.000,0.000,1.000,3.000,0.000,0.000,21.000,0,0,0
B3_zmq_pushpull,zmq_tcp,none,none,,1,8680,512,584,1785153445140562000,1785153445140562000,1785153445140562000,1785153445140563000,1785153445140661000,1785153445140664000,1785153445140664000,1785153445140664000,121932490,121652369,-182.121,0.000,0.000,1.000,3.000,0.000,0.000,54.000,0,0,0
B3_zmq_pushpull,zmq_tcp,none,none,,1,8681,512,584,1785153445141512000,1785153445141512000,1785153445141512000,1785153445141513000,1785153445141661000,1785153445141666000,1785153445141666000,1785153445141666000,121932490,121652369,-132.121,0.000,0.000,1.000,5.000,0.000,0.000,50.000,0,0,0
B3_zmq_pushpull,zmq_tcp,none,none,,1,8682,512,584,1785153445142522000,1785153445142522000,1785153445142522000,1785153445142523000,1785153445142652000,1785153445142655000,1785153445142655000,1785153445142655000,121932490,121652369,-151.121,0.000,0.000,1.000,3.000,0.000,0.000,19.000,0,0,0
B3_zmq_pushpull,zmq_tcp,none,none,,1,8683,512,584,1785153445143519000,1785153445143519000,1785153445143519000,1785153445143520000,1785153445143655000,1785153445143657000,1785153445143657000,1785153445143657000,121932490,121652369,-145.121,0.000,0.000,1.000,2.000,0.000,0.000,6.000,0,0,0
B3_zmq_pushpull,zmq_tcp,none,none,,1,8684,512,584,1785153445144520000,1785153445144520000,1785153445144520000,1785153445144521000,1785153445144643000,1785153445144646000,1785153445144646000,1785153445144646000,121932490,121652369,-158.121,0.000,0.000,1.000,3.000,0.000,0.000,13.000,0,0,0
B3_zmq_pushpull,zmq_tcp,none,none,,1,8685,512,584,1785153445145516000,1785153445145516000,1785153445145516000,1785153445145517000,1785153445145615000,1785153445145617000,1785153445145617000,1785153445145617000,121932490,121652369,-182.121,0.000,0.000,1.000,2.000,0.000,0.000,24.000,0,0,0
B3_zmq_pushpull,zmq_tcp,none,none,,1,8686,512,584,1785153445146521000,1785153445146521000,1785153445146521000,1785153445146522000,1785153445146584000,1785153445146587000,1785153445146587000,1785153445146587000,121932490,121652369,-218.121,0.000,0.000,1.000,3.000,0.000,0.000,36.000,0,0,0
B3_zmq_pushpull,zmq_tcp,none,none,,1,8687,512,584,1785153445147521000,1785153445147521000,1785153445147521000,1785153445147522000,1785153445147581000,1785153445147584000,1785153445147584000,1785153445147584000,121932490,121652369,-221.121,0.000,0.000,1.000,3.000,0.000,0.000,3.000,0,0,0
B3_zmq_pushpull,zmq_tcp,none,none,,1,8688,512,584,1785153445148518000,1785153445148518000,1785153445148518000,1785153445148519000,1785153445148587000,1785153445148590000,1785153445148590000,1785153445148590000,121932490,121652369,-212.121,0.000,0.000,1.000,3.000,0.000,0.000,9.000,0,0,0
B3_zmq_pushpull,zmq_tcp,none,none,,1,8689,512,584,1785153445149524000,1785153445149524000,1785153445149524000,1785153445149525000,1785153445149721000,1785153445149724000,1785153445149724000,1785153445149724000,121932490,121652369,-84.121,0.000,0.000,1.000,3.000,0.000,0.000,128.000,0,0,0
B3_zmq_pushpull,zmq_tcp,none,none,,1,8690,512,584,1785153445150419000,1785153445150419000,1785153445150419000,1785153445150420000,1785153445150575000,1785153445150577000,1785153445150577000,1785153445150577000,121932490,121652369,-125.121,0.000,0.000,1.000,2.000,0.000,0.000,41.000,0,0,0
B3_zmq_pushpull,zmq_tcp,none,none,,1,8691,512,584,1785153445151544000,1785153445151544000,1785153445151545000,1785153445151545000,1785153445151694000,1785153445151697000,1785153445151697000,1785153445151697000,121932490,121652369,-131.121,0.000,1.000,0.000,3.000,0.000,0.000,6.000,0,0,0
B3_zmq_pushpull,zmq_tcp,none,none,,1,8692,512,584,1785153445152401000,1785153445152401000,1785153445152401000,1785153445152402000,1785153445152557000,1785153445152560000,1785153445152561000,1785153445152561000,121932490,121652369,-125.121,0.000,0.000,1.000,3.000,1.000,0.000,6.000,0,0,0
B3_zmq_pushpull,zmq_tcp,none,none,,1,8693,512,584,1785153445153548000,1785153445153548000,1785153445153549000,1785153445153549000,1785153445153680000,1785153445153683000,1785153445153683000,1785153445153683000,121932490,121652369,-149.121,0.000,1.000,0.000,3.000,0.000,0.000,24.000,0,0,0
B3_zmq_pushpull,zmq_tcp,none,none,,1,8694,512,584,1785153445154512000,1785153445154512000,1785153445154513000,1785153445154513000,1785153445154654000,1785153445154657000,1785153445154657000,1785153445154657000,121932490,121652369,-139.121,0.000,1.000,0.000,3.000,0.000,0.000,10.000,0,0,0
B3_zmq_pushpull,zmq_tcp,none,none,,1,8695,512,584,1785153445155523000,1785153445155523000,1785153445155523000,1785153445155524000,1785153445155659000,1785153445155661000,1785153445155661000,1785153445155661000,121932490,121652369,-145.121,0.000,0.000,1.000,2.000,0.000,0.000,6.000,0,0,0
B3_zmq_pushpull,zmq_tcp,none,none,,1,8696,512,584,1785153445156520000,1785153445156520000,1785153445156520000,1785153445156521000,1785153445156654000,1785153445156657000,1785153445156657000,1785153445156657000,121932490,121652369,-147.121,0.000,0.000,1.000,3.000,0.000,0.000,2.000,0,0,0
B3_zmq_pushpull,zmq_tcp,none,none,,1,8697,512,584,1785153445157525000,1785153445157525000,1785153445157525000,1785153445157526000,1785153445157663000,1785153445157666000,1785153445157666000,1785153445157666000,121932490,121652369,-143.121,0.000,0.000,1.000,3.000,0.000,0.000,4.000,0,0,0
B3_zmq_pushpull,zmq_tcp,none,none,,1,8698,512,584,1785153445158520000,1785153445158520000,1785153445158520000,1785153445158521000,1785153445158654000,1785153445158657000,1785153445158657000,1785153445158657000,121932490,121652369,-147.121,0.000,0.000,1.000,3.000,0.000,0.000,4.000,0,0,0
B3_zmq_pushpull,zmq_tcp,none,none,,1,8699,512,584,1785153445159520000,1785153445159520000,1785153445159520000,1785153445159521000,1785153445159658000,1785153445159661000,1785153445159661000,1785153445159661000,121932490,121652369,-143.121,0.000,0.000,1.000,3.000,0.000,0.000,4.000,0,0,0
B3_zmq_pushpull,zmq_tcp,none,none,,1,8700,512,584,1785153445160519000,1785153445160519000,1785153445160519000,1785153445160520000,1785153445160657000,1785153445160660000,1785153445160660000,1785153445160660000,121932490,121652369,-143.121,0.000,0.000,1.000,3.000,0.000,0.000,0.000,0,0,0
B3_zmq_pushpull,zmq_tcp,none,none,,1,8701,512,584,1785153445161520000,1785153445161520000,1785153445161520000,1785153445161521000,1785153445161660000,1785153445161662000,1785153445161663000,1785153445161663000,121932490,121652369,-141.121,0.000,0.000,1.000,2.000,1.000,0.000,2.000,0,0,0
B3_zmq_pushpull,zmq_tcp,none,none,,1,8702,512,584,1785153445162520000,1785153445162520000,1785153445162520000,1785153445162521000,1785153445162668000,1785153445162670000,1785153445162671000,1785153445162671000,121932490,121652369,-133.121,0.000,0.000,1.000,2.000,1.000,0.000,8.000,0,0,0
B3_zmq_pushpull,zmq_tcp,none,none,,1,8703,512,584,1785153445163520000,1785153445163520000,1785153445163520000,1785153445163521000,1785153445163664000,1785153445163666000,1785153445163667000,1785153445163667000,121932490,121652369,-137.121,0.000,0.000,1.000,2.000,1.000,0.000,4.000,0,0,0
B3_zmq_pushpull,zmq_tcp,none,none,,1,8704,512,584,1785153445164365000,1785153445164365000,1785153445164365000,1785153445164366000,1785153445164527000,1785153445164529000,1785153445164529000,1785153445164529000,121932490,121652369,-119.121,0.000,0.000,1.000,2.000,0.000,0.000,18.000,0,0,0
B3_zmq_pushpull,zmq_tcp,none,none,,1,8705,512,584,1785153445165560000,1785153445165560000,1785153445165560000,1785153445165561000,1785153445165671000,1785153445165673000,1785153445165674000,1785153445165674000,121932490,121652369,-170.121,0.000,0.000,1.000,2.000,1.000,0.000,51.000,0,0,0
B3_zmq_pushpull,zmq_tcp,none,none,,1,8706,512,584,1785153445166512000,1785153445166512000,1785153445166512000,1785153445166513000,1785153445166666000,1785153445166669000,1785153445166669000,1785153445166669000,121932490,121652369,-127.121,0.000,0.000,1.000,3.000,0.000,0.000,43.000,0,0,0
B3_zmq_pushpull,zmq_tcp,none,none,,1,8707,512,584,1785153445167522000,1785153445167523000,1785153445167523000,1785153445167523000,1785153445167675000,1785153445167677000,1785153445167677000,1785153445167677000,121932490,121652369,-128.121,1.000,0.000,0.000,2.000,0.000,0.000,1.000,0,0,0
B3_zmq_pushpull,zmq_tcp,none,none,,1,8708,512,584,1785153445168517000,1785153445168517000,1785153445168517000,1785153445168518000,1785153445168680000,1785153445168683000,1785153445168683000,1785153445168683000,121932490,121652369,-118.121,0.000,0.000,1.000,3.000,0.000,0.000,10.000,0,0,0
B3_zmq_pushpull,zmq_tcp,none,none,,1,8709,512,584,1785153445169388000,1785153445169388000,1785153445169388000,1785153445169389000,1785153445169540000,1785153445169542000,1785153445169543000,1785153445169543000,121932490,121652369,-129.121,0.000,0.000,1.000,2.000,1.000,0.000,11.000,0,0,0
B3_zmq_pushpull,zmq_tcp,none,none,,1,8710,512,584,1785153445170555000,1785153445170555000,1785153445170555000,1785153445170556000,1785153445170673000,1785153445170676000,1785153445170676000,1785153445170676000,121932490,121652369,-163.121,0.000,0.000,1.000,3.000,0.000,0.000,34.000,0,0,0
B3_zmq_pushpull,zmq_tcp,none,none,,1,8711,512,584,1785153445171510000,1785153445171510000,1785153445171510000,1785153445171511000,1785153445171664000,1785153445171667000,1785153445171667000,1785153445171667000,121932490,121652369,-127.121,0.000,0.000,1.000,3.000,0.000,0.000,36.000,0,0,0
B3_zmq_pushpull,zmq_tcp,none,none,,1,8712,512,584,1785153445172364000,1785153445172364000,1785153445172364000,1785153445172365000,1785153445172507000,1785153445172509000,1785153445172509000,1785153445172510000,121932490,121652369,-138.121,0.000,0.000,1.000,2.000,0.000,1.000,11.000,0,0,0
B3_zmq_pushpull,zmq_tcp,none,none,,1,8713,512,584,1785153445173559000,1785153445173559000,1785153445173559000,1785153445173560000,1785153445173603000,1785153445173606000,1785153445173606000,1785153445173606000,121932490,121652369,-237.121,0.000,0.000,1.000,3.000,0.000,0.000,99.000,0,0,0
B3_zmq_pushpull,zmq_tcp,none,none,,1,8714,512,584,1785153445174511000,1785153445174511000,1785153445174511000,1785153445174512000,1785153445174597000,1785153445174600000,1785153445174600000,1785153445174600000,121932490,121652369,-195.121,0.000,0.000,1.000,3.000,0.000,0.000,42.000,0,0,0
B3_zmq_pushpull,zmq_tcp,none,none,,1,8715,512,584,1785153445175522000,1785153445175522000,1785153445175522000,1785153445175523000,1785153445175584000,1785153445175587000,1785153445175587000,1785153445175587000,121932490,121652369,-219.121,0.000,0.000,1.000,3.000,0.000,0.000,24.000,0,0,0
B3_zmq_pushpull,zmq_tcp,none,none,,1,8716,512,584,1785153445176430000,1785153445176430000,1785153445176430000,1785153445176431000,1785153445176589000,1785153445176592000,1785153445176592000,1785153445176592000,121932490,121652369,-122.121,0.000,0.000,1.000,3.000,0.000,0.000,97.000,0,0,0
B3_zmq_pushpull,zmq_tcp,none,none,,1,8717,512,584,1785153445177542000,1785153445177542000,1785153445177542000,1785153445177543000,1785153445177708000,1785153445177711000,1785153445177711000,1785153445177711000,121932490,121652369,-115.121,0.000,0.000,1.000,3.000,0.000,0.000,7.000,0,0,0
B3_zmq_pushpull,zmq_tcp,none,none,,1,8718,512,584,1785153445178514000,1785153445178514000,1785153445178515000,1785153445178515000,1785153445178700000,1785153445178703000,1785153445178703000,1785153445178703000,121932490,121652369,-95.121,0.000,1.000,0.000,3.000,0.000,0.000,20.000,0,0,0
B3_zmq_pushpull,zmq_tcp,none,none,,1,8719,512,584,1785153445179388000,1785153445179388000,1785153445179388000,1785153445179389000,1785153445179541000,1785153445179544000,1785153445179544000,1785153445179544000,121932490,121652369,-128.121,0.000,0.000,1.000,3.000,0.000,0.000,33.000,0,0,0
B3_zmq_pushpull,zmq_tcp,none,none,,1,8720,512,584,1785153445180368000,1785153445180368000,1785153445180368000,1785153445180369000,1785153445180519000,1785153445180521000,1785153445180521000,1785153445180521000,121932490,121652369,-130.121,0.000,0.000,1.000,2.000,0.000,0.000,2.000,0,0,0
B3_zmq_pushpull,zmq_tcp,none,none,,1,8721,512,584,1785153445181360000,1785153445181360000,1785153445181360000,1785153445181361000,1785153445181516000,1785153445181519000,1785153445181519000,1785153445181519000,121932490,121652369,-125.121,0.000,0.000,1.000,3.000,0.000,0.000,5.000,0,0,0
B3_zmq_pushpull,zmq_tcp,none,none,,1,8722,512,584,1785153445182352000,1785153445182352000,1785153445182353000,1785153445182353000,1785153445182512000,1785153445182515000,1785153445182515000,1785153445182515000,121932490,121652369,-121.121,0.000,1.000,0.000,3.000,0.000,0.000,4.000,0,0,0
B3_zmq_pushpull,zmq_tcp,none,none,,1,8723,512,584,1785153445183563000,1785153445183563000,1785153445183564000,1785153445183564000,1785153445183643000,1785153445183646000,1785153445183646000,1785153445183646000,121932490,121652369,-201.121,0.000,1.000,0.000,3.000,0.000,0.000,80.000,0,0,0
B3_zmq_pushpull,zmq_tcp,none,none,,1,8724,512,584,1785153445184514000,1785153445184514000,1785153445184514000,1785153445184515000,1785153445184612000,1785153445184615000,1785153445184615000,1785153445184615000,121932490,121652369,-183.121,0.000,0.000,1.000,3.000,0.000,0.000,18.000,0,0,0
B3_zmq_pushpull,zmq_tcp,none,none,,1,8725,512,584,1785153445185437000,1785153445185437000,1785153445185437000,1785153445185438000,1785153445185591000,1785153445185594000,1785153445185594000,1785153445185594000,121932490,121652369,-127.121,0.000,0.000,1.000,3.000,0.000,0.000,56.000,0,0,0
B3_zmq_pushpull,zmq_tcp,none,none,,1,8726,512,584,1785153445186420000,1785153445186420000,1785153445186420000,1785153445186421000,1785153445186563000,1785153445186566000,1785153445186566000,1785153445186566000,121932490,121652369,-138.121,0.000,0.000,1.000,3.000,0.000,0.000,11.000,0,0,0
B3_zmq_pushpull,zmq_tcp,none,none,,1,8727,512,584,1785153445187381000,1785153445187381000,1785153445187381000,1785153445187382000,1785153445187532000,1785153445187535000,1785153445187535000,1785153445187535000,121932490,121652369,-130.121,0.000,0.000,1.000,3.000,0.000,0.000,8.000,0,0,0
B3_zmq_pushpull,zmq_tcp,none,none,,1,8728,512,584,1785153445188366000,1785153445188366000,1785153445188366000,1785153445188367000,1785153445188522000,1785153445188525000,1785153445188525000,1785153445188525000,121932490,121652369,-125.121,0.000,0.000,1.000,3.000,0.000,0.000,5.000,0,0,0
B3_zmq_pushpull,zmq_tcp,none,none,,1,8729,512,584,1785153445189558000,1785153445189558000,1785153445189558000,1785153445189559000,1785153445189648000,1785153445189651000,1785153445189651000,1785153445189651000,121932490,121652369,-191.121,0.000,0.000,1.000,3.000,0.000,0.000,66.000,0,0,0
B3_zmq_pushpull,zmq_tcp,none,none,,1,8730,512,584,1785153445190476000,1785153445190476000,1785153445190476000,1785153445190477000,1785153445190634000,1785153445190636000,1785153445190636000,1785153445190636000,121932490,121652369,-123.121,0.000,0.000,1.000,2.000,0.000,0.000,68.000,0,0,0
B3_zmq_pushpull,zmq_tcp,none,none,,1,8731,512,584,1785153445191530000,1785153445191530000,1785153445191530000,1785153445191531000,1785153445191617000,1785153445191622000,1785153445191622000,1785153445191622000,121932490,121652369,-194.121,0.000,0.000,1.000,5.000,0.000,0.000,71.000,0,0,0
B3_zmq_pushpull,zmq_tcp,none,none,,1,8732,512,584,1785153445192515000,1785153445192515000,1785153445192515000,1785153445192516000,1785153445192602000,1785153445192605000,1785153445192605000,1785153445192605000,121932490,121652369,-194.121,0.000,0.000,1.000,3.000,0.000,0.000,0.000,0,0,0
B3_zmq_pushpull,zmq_tcp,none,none,,1,8733,512,584,1785153445193521000,1785153445193521000,1785153445193521000,1785153445193522000,1785153445193590000,1785153445193592000,1785153445193592000,1785153445193592000,121932490,121652369,-212.121,0.000,0.000,1.000,2.000,0.000,0.000,18.000,0,0,0
B3_zmq_pushpull,zmq_tcp,none,none,,1,8734,512,584,1785153445194519000,1785153445194519000,1785153445194519000,1785153445194520000,1785153445194564000,1785153445194567000,1785153445194568000,1785153445194568000,121932490,121652369,-236.121,0.000,0.000,1.000,3.000,1.000,0.000,24.000,0,0,0
B3_zmq_pushpull,zmq_tcp,none,none,,1,8735,512,584,1785153445195519000,1785153445195519000,1785153445195519000,1785153445195520000,1785153445195703000,1785153445195706000,1785153445195706000,1785153445195706000,121932490,121652369,-97.121,0.000,0.000,1.000,3.000,0.000,0.000,139.000,0,0,0
B3_zmq_pushpull,zmq_tcp,none,none,,1,8736,512,584,1785153445196519000,1785153445196519000,1785153445196519000,1785153445196520000,1785153445196690000,1785153445196692000,1785153445196692000,1785153445196692000,121932490,121652369,-110.121,0.000,0.000,1.000,2.000,0.000,0.000,13.000,0,0,0
B3_zmq_pushpull,zmq_tcp,none,none,,1,8737,512,584,1785153445197519000,1785153445197520000,1785153445197520000,1785153445197521000,1785153445197674000,1785153445197676000,1785153445197676000,1785153445197676000,121932490,121652369,-127.121,1.000,0.000,1.000,2.000,0.000,0.000,17.000,0,0,0
B3_zmq_pushpull,zmq_tcp,none,none,,1,8738,512,584,1785153445198520000,1785153445198520000,1785153445198520000,1785153445198521000,1785153445198677000,1785153445198679000,1785153445198679000,1785153445198679000,121932490,121652369,-124.121,0.000,0.000,1.000,2.000,0.000,0.000,3.000,0,0,0
B3_zmq_pushpull,zmq_tcp,none,none,,1,8739,512,584,1785153445199382000,1785153445199382000,1785153445199383000,1785153445199383000,1785153445199535000,1785153445199538000,1785153445199538000,1785153445199538000,121932490,121652369,-128.121,0.000,1.000,0.000,3.000,0.000,0.000,4.000,0,0,0
B3_zmq_pushpull,zmq_tcp,none,none,,1,8740,512,584,1785153445200362000,1785153445200362000,1785153445200362000,1785153445200363000,1785153445200515000,1785153445200518000,1785153445200518000,1785153445200518000,121932490,121652369,-128.121,0.000,0.000,1.000,3.000,0.000,0.000,0.000,0,0,0
B3_zmq_pushpull,zmq_tcp,none,none,,1,8741,512,584,1785153445201349000,1785153445201349000,1785153445201349000,1785153445201350000,1785153445201502000,1785153445201504000,1785153445201504000,1785153445201504000,121932490,121652369,-128.121,0.000,0.000,1.000,2.000,0.000,0.000,0.000,0,0,0
B3_zmq_pushpull,zmq_tcp,none,none,,1,8742,512,584,1785153445202355000,1785153445202355000,1785153445202355000,1785153445202356000,1785153445202503000,1785153445202506000,1785153445202506000,1785153445202506000,121932490,121652369,-133.121,0.000,0.000,1.000,3.000,0.000,0.000,5.000,0,0,0
B3_zmq_pushpull,zmq_tcp,none,none,,1,8743,512,584,1785153445203559000,1785153445203559000,1785153445203559000,1785153445203560000,1785153445203630000,1785153445203633000,1785153445203633000,1785153445203633000,121932490,121652369,-210.121,0.000,0.000,1.000,3.000,0.000,0.000,77.000,0,0,0
B3_zmq_pushpull,zmq_tcp,none,none,,1,8744,512,584,1785153445204510000,1785153445204510000,1785153445204510000,1785153445204511000,1785153445204631000,1785153445204634000,1785153445204634000,1785153445204634000,121932490,121652369,-160.121,0.000,0.000,1.000,3.000,0.000,0.000,50.000,0,0,0
B3_zmq_pushpull,zmq_tcp,none,none,,1,8745,512,584,1785153445205522000,1785153445205522000,1785153445205522000,1785153445205523000,1785153445205612000,1785153445205615000,1785153445205615000,1785153445205615000,121932490,121652369,-191.121,0.000,0.000,1.000,3.000,0.000,0.000,31.000,0,0,0
B3_zmq_pushpull,zmq_tcp,none,none,,1,8746,512,584,1785153445206518000,1785153445206518000,1785153445206518000,1785153445206519000,1785153445206618000,1785153445206622000,1785153445206622000,1785153445206622000,121932490,121652369,-181.121,0.000,0.000,1.000,4.000,0.000,0.000,10.000,0,0,0
B3_zmq_pushpull,zmq_tcp,none,none,,1,8747,512,584,1785153445207519000,1785153445207519000,1785153445207519000,1785153445207520000,1785153445207602000,1785153445207604000,1785153445207604000,1785153445207604000,121932490,121652369,-198.121,0.000,0.000,1.000,2.000,0.000,0.000,17.000,0,0,0
B3_zmq_pushpull,zmq_tcp,none,none,,1,8748,512,584,1785153445208519000,1785153445208519000,1785153445208519000,1785153445208520000,1785153445208567000,1785153445208571000,1785153445208571000,1785153445208571000,121932490,121652369,-233.121,0.000,0.000,1.000,4.000,0.000,0.000,35.000,0,0,0
B3_zmq_pushpull,zmq_tcp,none,none,,1,8749,512,584,1785153445209519000,1785153445209519000,1785153445209519000,1785153445209520000,1785153445209575000,1785153445209579000,1785153445209579000,1785153445209579000,121932490,121652369,-225.121,0.000,0.000,1.000,4.000,0.000,0.000,8.000,0,0,0
B3_zmq_pushpull,zmq_tcp,none,none,,1,8750,512,584,1785153445210517000,1785153445210517000,1785153445210517000,1785153445210518000,1785153445210570000,1785153445210573000,1785153445210573000,1785153445210573000,121932490,121652369,-228.121,0.000,0.000,1.000,3.000,0.000,0.000,3.000,0,0,0
B3_zmq_pushpull,zmq_tcp,none,none,,1,8751,512,584,1785153445211521000,1785153445211521000,1785153445211521000,1785153445211522000,1785153445211703000,1785153445211706000,1785153445211706000,1785153445211706000,121932490,121652369,-99.121,0.000,0.000,1.000,3.000,0.000,0.000,129.000,0,0,0
B3_zmq_pushpull,zmq_tcp,none,none,,1,8752,512,584,1785153445212519000,1785153445212519000,1785153445212520000,1785153445212520000,1785153445212710000,1785153445212712000,1785153445212712000,1785153445212712000,121932490,121652369,-90.121,0.000,1.000,0.000,2.000,0.000,0.000,9.000,0,0,0
B3_zmq_pushpull,zmq_tcp,none,none,,1,8753,512,584,1785153445213390000,1785153445213390000,1785153445213390000,1785153445213391000,1785153445213543000,1785153445213546000,1785153445213546000,1785153445213546000,121932490,121652369,-128.121,0.000,0.000,1.000,3.000,0.000,0.000,38.000,0,0,0
B3_zmq_pushpull,zmq_tcp,none,none,,1,8754,512,584,1785153445214381000,1785153445214381000,1785153445214381000,1785153445214382000,1785153445214532000,1785153445214536000,1785153445214536000,1785153445214536000,121932490,121652369,-130.121,0.000,0.000,1.000,4.000,0.000,0.000,2.000,0,0,0
B3_zmq_pushpull,zmq_tcp,none,none,,1,8755,512,584,1785153445215554000,1785153445215554000,1785153445215554000,1785153445215555000,1785153445215640000,1785153445215646000,1785153445215646000,1785153445215646000,121932490,121652369,-195.121,0.000,0.000,1.000,6.000,0.000,0.000,65.000,0,0,0
B3_zmq_pushpull,zmq_tcp,none,none,,1,8756,512,584,1785153445216348000,1785153445216349000,1785153445216349000,1785153445216350000,1785153445216498000,1785153445216501000,1785153445216501000,1785153445216502000,121932490,121652369,-132.121,1.000,0.000,1.000,3.000,0.000,1.000,63.000,0,0,0
B3_zmq_pushpull,zmq_tcp,none,none,,1,8757,512,584,1785153445217432000,1785153445217432000,1785153445217432000,1785153445217433000,1785153445217583000,1785153445217586000,1785153445217586000,1785153445217586000,121932490,121652369,-130.121,0.000,0.000,1.000,3.000,0.000,0.000,2.000,0,0,0
B3_zmq_pushpull,zmq_tcp,none,none,,1,8758,512,584,1785153445218397000,1785153445218397000,1785153445218397000,1785153445218398000,1785153445218549000,1785153445218552000,1785153445218552000,1785153445218552000,121932490,121652369,-129.121,0.000,0.000,1.000,3.000,0.000,0.000,1.000,0,0,0
B3_zmq_pushpull,zmq_tcp,none,none,,1,8759,512,584,1785153445219551000,1785153445219552000,1785153445219552000,1785153445219553000,1785153445219659000,1785153445219662000,1785153445219662000,1785153445219662000,121932490,121652369,-174.121,1.000,0.000,1.000,3.000,0.000,0.000,45.000,0,0,0
B3_zmq_pushpull,zmq_tcp,none,none,,1,8760,512,584,1785153445220511000,1785153445220511000,1785153445220512000,1785153445220512000,1785153445220613000,1785153445220615000,1785153445220615000,1785153445220615000,121932490,121652369,-179.121,0.000,1.000,0.000,2.000,0.000,0.000,5.000,0,0,0
B3_zmq_pushpull,zmq_tcp,none,none,,1,8761,512,584,1785153445221518000,1785153445221518000,1785153445221518000,1785153445221519000,1785153445221563000,1785153445221567000,1785153445221567000,1785153445221567000,121932490,121652369,-236.121,0.000,0.000,1.000,4.000,0.000,0.000,57.000,0,0,0
B3_zmq_pushpull,zmq_tcp,none,none,,1,8762,512,584,1785153445222519000,1785153445222519000,1785153445222520000,1785153445222520000,1785153445222695000,1785153445222698000,1785153445222698000,1785153445222698000,121932490,121652369,-105.121,0.000,1.000,0.000,3.000,0.000,0.000,131.000,0,0,0
B3_zmq_pushpull,zmq_tcp,none,none,,1,8763,512,584,1785153445223520000,1785153445223520000,1785153445223520000,1785153445223521000,1785153445223682000,1785153445223684000,1785153445223684000,1785153445223684000,121932490,121652369,-119.121,0.000,0.000,1.000,2.000,0.000,0.000,14.000,0,0,0
B3_zmq_pushpull,zmq_tcp,none,none,,1,8764,512,584,1785153445224515000,1785153445224516000,1785153445224516000,1785153445224517000,1785153445224656000,1785153445224659000,1785153445224659000,1785153445224659000,121932490,121652369,-141.121,1.000,0.000,1.000,3.000,0.000,0.000,22.000,0,0,0
B3_zmq_pushpull,zmq_tcp,none,none,,1,8765,512,584,1785153445225522000,1785153445225522000,1785153445225522000,1785153445225523000,1785153445225639000,1785153445225641000,1785153445225641000,1785153445225641000,121932490,121652369,-164.121,0.000,0.000,1.000,2.000,0.000,0.000,23.000,0,0,0
B3_zmq_pushpull,zmq_tcp,none,none,,1,8766,512,584,1785153445226519000,1785153445226519000,1785153445226520000,1785153445226520000,1785153445226639000,1785153445226642000,1785153445226642000,1785153445226642000,121932490,121652369,-161.121,0.000,1.000,0.000,3.000,0.000,0.000,3.000,0,0,0
B3_zmq_pushpull,zmq_tcp,none,none,,1,8767,512,584,1785153445227519000,1785153445227520000,1785153445227520000,1785153445227521000,1785153445227626000,1785153445227629000,1785153445227629000,1785153445227629000,121932490,121652369,-175.121,1.000,0.000,1.000,3.000,0.000,0.000,14.000,0,0,0
B3_zmq_pushpull,zmq_tcp,none,none,,1,8768,512,584,1785153445228517000,1785153445228517000,1785153445228517000,1785153445228518000,1785153445228602000,1785153445228604000,1785153445228604000,1785153445228604000,121932490,121652369,-196.121,0.000,0.000,1.000,2.000,0.000,0.000,21.000,0,0,0
B3_zmq_pushpull,zmq_tcp,none,none,,1,8769,512,584,1785153445229521000,1785153445229522000,1785153445229522000,1785153445229523000,1785153445229569000,1785153445229574000,1785153445229574000,1785153445229574000,121932490,121652369,-234.121,1.000,0.000,1.000,5.000,0.000,0.000,38.000,0,0,0
B3_zmq_pushpull,zmq_tcp,none,none,,1,8770,512,584,1785153445230406000,1785153445230407000,1785153445230407000,1785153445230408000,1785153445230566000,1785153445230568000,1785153445230568000,1785153445230568000,121932490,121652369,-122.121,1.000,0.000,1.000,2.000,0.000,0.000,112.000,0,0,0
B3_zmq_pushpull,zmq_tcp,none,none,,1,8771,512,584,1785153445231402000,1785153445231403000,1785153445231403000,1785153445231404000,1785153445231565000,1785153445231569000,1785153445231569000,1785153445231569000,121932490,121652369,-119.121,1.000,0.000,1.000,4.000,0.000,0.000,3.000,0,0,0
B3_zmq_pushpull,zmq_tcp,none,none,,1,8772,512,584,1785153445232404000,1785153445232404000,1785153445232404000,1785153445232405000,1785153445232564000,1785153445232567000,1785153445232567000,1785153445232567000,121932490,121652369,-121.121,0.000,0.000,1.000,3.000,0.000,0.000,2.000,0,0,0
B3_zmq_pushpull,zmq_tcp,none,none,,1,8773,512,584,1785153445233551000,1785153445233551000,1785153445233551000,1785153445233552000,1785153445233656000,1785153445233658000,1785153445233658000,1785153445233658000,121932490,121652369,-176.121,0.000,0.000,1.000,2.000,0.000,0.000,55.000,0,0,0
B3_zmq_pushpull,zmq_tcp,none,none,,1,8774,512,584,1785153445234512000,1785153445234512000,1785153445234512000,1785153445234514000,1785153445234651000,1785153445234654000,1785153445234654000,1785153445234654000,121932490,121652369,-143.121,0.000,0.000,2.000,3.000,0.000,0.000,33.000,0,0,0
B3_zmq_pushpull,zmq_tcp,none,none,,1,8775,512,584,1785153445235355000,1785153445235355000,1785153445235355000,1785153445235356000,1785153445235515000,1785153445235518000,1785153445235518000,1785153445235518000,121932490,121652369,-121.121,0.000,0.000,1.000,3.000,0.000,0.000,22.000,0,0,0
B3_zmq_pushpull,zmq_tcp,none,none,,1,8776,512,584,1785153445236465000,1785153445236465000,1785153445236465000,1785153445236466000,1785153445236619000,1785153445236623000,1785153445236623000,1785153445236623000,121932490,121652369,-127.121,0.000,0.000,1.000,4.000,0.000,0.000,6.000,0,0,0
B3_zmq_pushpull,zmq_tcp,none,none,,1,8777,512,584,1785153445237533000,1785153445237533000,1785153445237533000,1785153445237534000,1785153445237609000,1785153445237612000,1785153445237612000,1785153445237612000,121932490,121652369,-205.121,0.000,0.000,1.000,3.000,0.000,0.000,78.000,0,0,0
B3_zmq_pushpull,zmq_tcp,none,none,,1,8778,512,584,1785153445238513000,1785153445238513000,1785153445238513000,1785153445238514000,1785153445238595000,1785153445238598000,1785153445238598000,1785153445238598000,121932490,121652369,-199.121,0.000,0.000,1.000,3.000,0.000,0.000,6.000,0,0,0
B3_zmq_pushpull,zmq_tcp,none,none,,1,8779,512,584,1785153445239523000,1785153445239523000,1785153445239523000,1785153445239524000,1785153445239595000,1785153445239598000,1785153445239598000,1785153445239598000,121932490,121652369,-209.121,0.000,0.000,1.000,3.000,0.000,0.000,10.000,0,0,0
B3_zmq_pushpull,zmq_tcp,none,none,,1,8780,512,584,1785153445240521000,1785153445240521000,1785153445240521000,1785153445240522000,1785153445240585000,1785153445240589000,1785153445240589000,1785153445240589000,121932490,121652369,-217.121,0.000,0.000,1.000,4.000,0.000,0.000,8.000,0,0,0
B3_zmq_pushpull,zmq_tcp,none,none,,1,8781,512,584,1785153445241520000,1785153445241520000,1785153445241520000,1785153445241521000,1785153445241695000,1785153445241698000,1785153445241698000,1785153445241698000,121932490,121652369,-106.121,0.000,0.000,1.000,3.000,0.000,0.000,111.000,0,0,0
B3_zmq_pushpull,zmq_tcp,none,none,,1,8782,512,584,1785153445242387000,1785153445242387000,1785153445242387000,1785153445242388000,1785153445242541000,1785153445242543000,1785153445242543000,1785153445242543000,121932490,121652369,-127.121,0.000,0.000,1.000,2.000,0.000,0.000,21.000,0,0,0
B3_zmq_pushpull,zmq_tcp,none,none,,1,8783,512,584,1785153445243553000,1785153445243553000,1785153445243553000,1785153445243554000,1785153445243673000,1785153445243675000,1785153445243675000,1785153445243675000,121932490,121652369,-161.121,0.000,0.000,1.000,2.000,0.000,0.000,34.000,0,0,0
B3_zmq_pushpull,zmq_tcp,none,none,,1,8784,512,584,1785153445244512000,1785153445244512000,1785153445244512000,1785153445244513000,1785153445244651000,1785153445244654000,1785153445244654000,1785153445244654000,121932490,121652369,-142.121,0.000,0.000,1.000,3.000,0.000,0.000,19.000,0,0,0
B3_zmq_pushpull,zmq_tcp,none,none,,1,8785,512,584,1785153445245523000,1785153445245523000,1785153445245523000,1785153445245524000,1785153445245642000,1785153445245644000,1785153445245644000,1785153445245644000,121932490,121652369,-162.121,0.000,0.000,1.000,2.000,0.000,0.000,20.000,0,0,0
B3_zmq_pushpull,zmq_tcp,none,none,,1,8786,512,584,1785153445246518000,1785153445246518000,1785153445246518000,1785153445246519000,1785153445246619000,1785153445246622000,1785153445246622000,1785153445246622000,121932490,121652369,-180.121,0.000,0.000,1.000,3.000,0.000,0.000,18.000,0,0,0
B3_zmq_pushpull,zmq_tcp,none,none,,1,8787,512,584,1785153445247524000,1785153445247524000,1785153445247524000,1785153445247525000,1785153445247604000,1785153445247607000,1785153445247607000,1785153445247607000,121932490,121652369,-201.121,0.000,0.000,1.000,3.000,0.000,0.000,21.000,0,0,0
B3_zmq_pushpull,zmq_tcp,none,none,,1,8788,512,584,1785153445248520000,1785153445248520000,1785153445248520000,1785153445248521000,1785153445248564000,1785153445248568000,1785153445248569000,1785153445248569000,121932490,121652369,-237.121,0.000,0.000,1.000,4.000,1.000,0.000,36.000,0,0,0
B3_zmq_pushpull,zmq_tcp,none,none,,1,8789,512,584,1785153445249397000,1785153445249397000,1785153445249397000,1785153445249398000,1785153445249539000,1785153445249542000,1785153445249542000,1785153445249542000,121932490,121652369,-139.121,0.000,0.000,1.000,3.000,0.000,0.000,98.000,0,0,0
B3_zmq_pushpull,zmq_tcp,none,none,,1,8790,512,584,1785153445250548000,1785153445250548000,1785153445250548000,1785153445250549000,1785153445250655000,1785153445250658000,1785153445250658000,1785153445250658000,121932490,121652369,-174.121,0.000,0.000,1.000,3.000,0.000,0.000,35.000,0,0,0
B3_zmq_pushpull,zmq_tcp,none,none,,1,8791,512,584,1785153445251359000,1785153445251359000,1785153445251359000,1785153445251360000,1785153445251509000,1785153445251513000,1785153445251513000,1785153445251514000,121932490,121652369,-131.121,0.000,0.000,1.000,4.000,0.000,1.000,43.000,0,0,0
B3_zmq_pushpull,zmq_tcp,none,none,,1,8792,512,584,1785153445252560000,1785153445252560000,1785153445252560000,1785153445252561000,1785153445252758000,1785153445252760000,1785153445252760000,1785153445252761000,121932490,121652369,-83.121,0.000,0.000,1.000,2.000,0.000,1.000,48.000,0,0,0
B3_zmq_pushpull,zmq_tcp,none,none,,1,8793,512,584,1785153445253508000,1785153445253508000,1785153445253508000,1785153445253509000,1785153445253613000,1785153445253615000,1785153445253615000,1785153445253615000,121932490,121652369,-176.121,0.000,0.000,1.000,2.000,0.000,0.000,93.000,0,0,0
B3_zmq_pushpull,zmq_tcp,none,none,,1,8794,512,584,1785153445254522000,1785153445254522000,1785153445254522000,1785153445254523000,1785153445254584000,1785153445254586000,1785153445254586000,1785153445254587000,121932490,121652369,-219.121,0.000,0.000,1.000,2.000,0.000,1.000,43.000,0,0,0
B3_zmq_pushpull,zmq_tcp,none,none,,1,8795,512,584,1785153445255520000,1785153445255520000,1785153445255520000,1785153445255521000,1785153445255555000,1785153445255559000,1785153445255559000,1785153445255559000,121932490,121652369,-246.121,0.000,0.000,1.000,4.000,0.000,0.000,27.000,0,0,0
B3_zmq_pushpull,zmq_tcp,none,none,,1,8796,512,584,1785153445256520000,1785153445256520000,1785153445256520000,1785153445256521000,1785153445256663000,1785153445256666000,1785153445256666000,1785153445256666000,121932490,121652369,-138.121,0.000,0.000,1.000,3.000,0.000,0.000,108.000,0,0,0
B3_zmq_pushpull,zmq_tcp,none,none,,1,8797,512,584,1785153445257517000,1785153445257517000,1785153445257517000,1785153445257518000,1785153445257643000,1785153445257646000,1785153445257646000,1785153445257646000,121932490,121652369,-155.121,0.000,0.000,1.000,3.000,0.000,0.000,17.000,0,0,0
B3_zmq_pushpull,zmq_tcp,none,none,,1,8798,512,584,1785153445258521000,1785153445258521000,1785153445258521000,1785153445258522000,1785153445258639000,1785153445258642000,1785153445258642000,1785153445258642000,121932490,121652369,-163.121,0.000,0.000,1.000,3.000,0.000,0.000,8.000,0,0,0
B3_zmq_pushpull,zmq_tcp,none,none,,1,8799,512,584,1785153445259489000,1785153445259489000,1785153445259490000,1785153445259491000,1785153445259634000,1785153445259637000,1785153445259637000,1785153445259637000,121932490,121652369,-137.121,0.000,1.000,1.000,3.000,0.000,0.000,26.000,0,0,0
B3_zmq_pushpull,zmq_tcp,none,none,,1,8800,512,584,1785153445260337000,1785153445260337000,1785153445260337000,1785153445260338000,1785153445260491000,1785153445260494000,1785153445260494000,1785153445260494000,121932490,121652369,-127.121,0.000,0.000,1.000,3.000,0.000,0.000,10.000,0,0,0
B3_zmq_pushpull,zmq_tcp,none,none,,1,8801,512,584,1785153445261567000,1785153445261567000,1785153445261567000,1785153445261568000,1785153445261635000,1785153445261638000,1785153445261638000,1785153445261638000,121932490,121652369,-213.121,0.000,0.000,1.000,3.000,0.000,0.000,86.000,0,0,0
B3_zmq_pushpull,zmq_tcp,none,none,,1,8802,512,584,1785153445262509000,1785153445262509000,1785153445262509000,1785153445262510000,1785153445262626000,1785153445262629000,1785153445262629000,1785153445262629000,121932490,121652369,-164.121,0.000,0.000,1.000,3.000,0.000,0.000,49.000,0,0,0
B3_zmq_pushpull,zmq_tcp,none,none,,1,8803,512,584,1785153445263522000,1785153445263522000,1785153445263522000,1785153445263523000,1785153445263613000,1785153445263617000,1785153445263617000,1785153445263617000,121932490,121652369,-190.121,0.000,0.000,1.000,4.000,0.000,0.000,26.000,0,0,0
B3_zmq_pushpull,zmq_tcp,none,none,,1,8804,512,584,1785153445264517000,1785153445264517000,1785153445264517000,1785153445264518000,1785153445264614000,1785153445264617000,1785153445264617000,1785153445264617000,121932490,121652369,-184.121,0.000,0.000,1.000,3.000,0.000,0.000,6.000,0,0,0
B3_zmq_pushpull,zmq_tcp,none,none,,1,8805,512,584,1785153445265521000,1785153445265521000,1785153445265521000,1785153445265522000,1785153445265609000,1785153445265611000,1785153445265611000,1785153445265611000,121932490,121652369,-193.121,0.000,0.000,1.000,2.000,0.000,0.000,9.000,0,0,0
B3_zmq_pushpull,zmq_tcp,none,none,,1,8806,512,584,1785153445266521000,1785153445266521000,1785153445266521000,1785153445266522000,1785153445266591000,1785153445266594000,1785153445266594000,1785153445266594000,121932490,121652369,-211.121,0.000,0.000,1.000,3.000,0.000,0.000,18.000,0,0,0
B3_zmq_pushpull,zmq_tcp,none,none,,1,8807,512,584,1785153445267520000,1785153445267520000,1785153445267520000,1785153445267521000,1785153445267583000,1785153445267585000,1785153445267585000,1785153445267585000,121932490,121652369,-218.121,0.000,0.000,1.000,2.000,0.000,0.000,7.000,0,0,0
B3_zmq_pushpull,zmq_tcp,none,none,,1,8808,512,584,1785153445268401000,1785153445268401000,1785153445268401000,1785153445268402000,1785153445268556000,1785153445268558000,1785153445268558000,1785153445268558000,121932490,121652369,-126.121,0.000,0.000,1.000,2.000,0.000,0.000,92.000,0,0,0
B3_zmq_pushpull,zmq_tcp,none,none,,1,8809,512,584,1785153445269380000,1785153445269380000,1785153445269380000,1785153445269382000,1785153445269525000,1785153445269529000,1785153445269529000,1785153445269529000,121932490,121652369,-137.121,0.000,0.000,2.000,4.000,0.000,0.000,11.000,0,0,0
B3_zmq_pushpull,zmq_tcp,none,none,,1,8810,512,584,1785153445270555000,1785153445270555000,1785153445270555000,1785153445270556000,1785153445270663000,1785153445270666000,1785153445270666000,1785153445270666000,121932490,121652369,-173.121,0.000,0.000,1.000,3.000,0.000,0.000,36.000,0,0,0
B3_zmq_pushpull,zmq_tcp,none,none,,1,8811,512,584,1785153445271508000,1785153445271508000,1785153445271508000,1785153445271509000,1785153445271656000,1785153445271660000,1785153445271660000,1785153445271660000,121932490,121652369,-133.121,0.000,0.000,1.000,4.000,0.000,0.000,40.000,0,0,0
B3_zmq_pushpull,zmq_tcp,none,none,,1,8812,512,584,1785153445272360000,1785153445272360000,1785153445272360000,1785153445272361000,1785153445272516000,1785153445272518000,1785153445272518000,1785153445272518000,121932490,121652369,-125.121,0.000,0.000,1.000,2.000,0.000,0.000,8.000,0,0,0
B3_zmq_pushpull,zmq_tcp,none,none,,1,8813,512,584,1785153445273337000,1785153445273337000,1785153445273337000,1785153445273338000,1785153445273495000,1785153445273498000,1785153445273498000,1785153445273498000,121932490,121652369,-123.121,0.000,0.000,1.000,3.000,0.000,0.000,2.000,0,0,0
B3_zmq_pushpull,zmq_tcp,none,none,,1,8814,512,584,1785153445274323000,1785153445274323000,1785153445274323000,1785153445274324000,1785153445274481000,1785153445274483000,1785153445274483000,1785153445274483000,121932490,121652369,-123.121,0.000,0.000,1.000,2.000,0.000,0.000,0.000,0,0,0
B3_zmq_pushpull,zmq_tcp,none,none,,1,8815,512,584,1785153445275335000,1785153445275335000,1785153445275335000,1785153445275337000,1785153445275477000,1785153445275480000,1785153445275480000,1785153445275480000,121932490,121652369,-140.121,0.000,0.000,2.000,3.000,0.000,0.000,17.000,0,0,0
B3_zmq_pushpull,zmq_tcp,none,none,,1,8816,512,584,1785153445276572000,1785153445276572000,1785153445276572000,1785153445276573000,1785153445276745000,1785153445276747000,1785153445276747000,1785153445276747000,121932490,121652369,-108.121,0.000,0.000,1.000,2.000,0.000,0.000,32.000,0,0,0
B3_zmq_pushpull,zmq_tcp,none,none,,1,8817,512,584,1785153445277506000,1785153445277507000,1785153445277507000,1785153445277508000,1785153445277714000,1785153445277717000,1785153445277717000,1785153445277717000,121932490,121652369,-74.121,1.000,0.000,1.000,3.000,0.000,0.000,34.000,0,0,0
B3_zmq_pushpull,zmq_tcp,none,none,,1,8818,512,584,1785153445278523000,1785153445278523000,1785153445278523000,1785153445278524000,1785153445278710000,1785153445278713000,1785153445278713000,1785153445278713000,121932490,121652369,-94.121,0.000,0.000,1.000,3.000,0.000,0.000,20.000,0,0,0
B3_zmq_pushpull,zmq_tcp,none,none,,1,8819,512,584,1785153445279520000,1785153445279520000,1785153445279520000,1785153445279521000,1785153445279709000,1785153445279711000,1785153445279711000,1785153445279711000,121932490,121652369,-92.121,0.000,0.000,1.000,2.000,0.000,0.000,2.000,0,0,0
B3_zmq_pushpull,zmq_tcp,none,none,,1,8820,512,584,1785153445280522000,1785153445280523000,1785153445280523000,1785153445280524000,1785153445280702000,1785153445280706000,1785153445280706000,1785153445280706000,121932490,121652369,-102.121,1.000,0.000,1.000,4.000,0.000,0.000,10.000,0,0,0
B3_zmq_pushpull,zmq_tcp,none,none,,1,8821,512,584,1785153445281521000,1785153445281521000,1785153445281521000,1785153445281522000,1785153445281679000,1785153445281682000,1785153445281682000,1785153445281682000,121932490,121652369,-123.121,0.000,0.000,1.000,3.000,0.000,0.000,21.000,0,0,0
B3_zmq_pushpull,zmq_tcp,none,none,,1,8822,512,584,1785153445282520000,1785153445282520000,1785153445282520000,1785153445282521000,1785153445282665000,1785153445282668000,1785153445282668000,1785153445282668000,121932490,121652369,-136.121,0.000,0.000,1.000,3.000,0.000,0.000,13.000,0,0,0
B3_zmq_pushpull,zmq_tcp,none,none,,1,8823,512,584,1785153445283520000,1785153445283520000,1785153445283520000,1785153445283521000,1785153445283662000,1785153445283665000,1785153445283665000,1785153445283665000,121932490,121652369,-139.121,0.000,0.000,1.000,3.000,0.000,0.000,3.000,0,0,0
B3_zmq_pushpull,zmq_tcp,none,none,,1,8824,512,584,1785153445284520000,1785153445284520000,1785153445284520000,1785153445284521000,1785153445284638000,1785153445284641000,1785153445284641000,1785153445284641000,121932490,121652369,-163.121,0.000,0.000,1.000,3.000,0.000,0.000,24.000,0,0,0
B3_zmq_pushpull,zmq_tcp,none,none,,1,8825,512,584,1785153445285520000,1785153445285520000,1785153445285520000,1785153445285521000,1785153445285615000,1785153445285617000,1785153445285617000,1785153445285617000,121932490,121652369,-186.121,0.000,0.000,1.000,2.000,0.000,0.000,23.000,0,0,0
B3_zmq_pushpull,zmq_tcp,none,none,,1,8826,512,584,1785153445286523000,1785153445286523000,1785153445286523000,1785153445286524000,1785153445286578000,1785153445286581000,1785153445286581000,1785153445286581000,121932490,121652369,-226.121,0.000,0.000,1.000,3.000,0.000,0.000,40.000,0,0,0
B3_zmq_pushpull,zmq_tcp,none,none,,1,8827,512,584,1785153445287518000,1785153445287519000,1785153445287519000,1785153445287520000,1785153445287707000,1785153445287710000,1785153445287710000,1785153445287710000,121932490,121652369,-93.121,1.000,0.000,1.000,3.000,0.000,0.000,133.000,0,0,0
B3_zmq_pushpull,zmq_tcp,none,none,,1,8828,512,584,1785153445288520000,1785153445288520000,1785153445288520000,1785153445288521000,1785153445288688000,1785153445288691000,1785153445288691000,1785153445288691000,121932490,121652369,-113.121,0.000,0.000,1.000,3.000,0.000,0.000,20.000,0,0,0
B3_zmq_pushpull,zmq_tcp,none,none,,1,8829,512,584,1785153445289521000,1785153445289522000,1785153445289522000,1785153445289523000,1785153445289679000,1785153445289682000,1785153445289682000,1785153445289682000,121932490,121652369,-124.121,1.000,0.000,1.000,3.000,0.000,0.000,11.000,0,0,0
B3_zmq_pushpull,zmq_tcp,none,none,,1,8830,512,584,1785153445290375000,1785153445290375000,1785153445290375000,1785153445290376000,1785153445290529000,1785153445290531000,1785153445290532000,1785153445290532000,121932490,121652369,-127.121,0.000,0.000,1.000,2.000,1.000,0.000,3.000,0,0,0
B3_zmq_pushpull,zmq_tcp,none,none,,1,8831,512,584,1785153445291556000,1785153445291557000,1785153445291557000,1785153445291558000,1785153445291655000,1785153445291658000,1785153445291658000,1785153445291658000,121932490,121652369,-183.121,1.000,0.000,1.000,3.000,0.000,0.000,56.000,0,0,0
B3_zmq_pushpull,zmq_tcp,none,none,,1,8832,512,584,1785153445292508000,1785153445292508000,1785153445292508000,1785153445292509000,1785153445292644000,1785153445292648000,1785153445292648000,1785153445292648000,121932490,121652369,-145.121,0.000,0.000,1.000,4.000,0.000,0.000,38.000,0,0,0
B3_zmq_pushpull,zmq_tcp,none,none,,1,8833,512,584,1785153445293524000,1785153445293524000,1785153445293524000,1785153445293525000,1785153445293627000,1785153445293630000,1785153445293630000,1785153445293630000,121932490,121652369,-178.121,0.000,0.000,1.000,3.000,0.000,0.000,33.000,0,0,0
B3_zmq_pushpull,zmq_tcp,none,none,,1,8834,512,584,1785153445294524000,1785153445294524000,1785153445294524000,1785153445294525000,1785153445294613000,1785153445294615000,1785153445294615000,1785153445294615000,121932490,121652369,-192.121,0.000,0.000,1.000,2.000,0.000,0.000,14.000,0,0,0
B3_zmq_pushpull,zmq_tcp,none,none,,1,8835,512,584,1785153445295520000,1785153445295520000,1785153445295520000,1785153445295521000,1785153445295595000,1785153445295598000,1785153445295598000,1785153445295598000,121932490,121652369,-206.121,0.000,0.000,1.000,3.000,0.000,0.000,14.000,0,0,0
B3_zmq_pushpull,zmq_tcp,none,none,,1,8836,512,584,1785153445296429000,1785153445296429000,1785153445296429000,1785153445296430000,1785153445296576000,1785153445296579000,1785153445296579000,1785153445296579000,121932490,121652369,-134.121,0.000,0.000,1.000,3.000,0.000,0.000,72.000,0,0,0
B3_zmq_pushpull,zmq_tcp,none,none,,1,8837,512,584,1785153445297542000,1785153445297543000,1785153445297543000,1785153445297544000,1785153445297697000,1785153445297701000,1785153445297701000,1785153445297701000,121932490,121652369,-127.121,1.000,0.000,1.000,4.000,0.000,0.000,7.000,0,0,0
B3_zmq_pushpull,zmq_tcp,none,none,,1,8838,512,584,1785153445298514000,1785153445298515000,1785153445298515000,1785153445298516000,1785153445298681000,1785153445298684000,1785153445298684000,1785153445298684000,121932490,121652369,-115.121,1.000,0.000,1.000,3.000,0.000,0.000,12.000,0,0,0
B3_zmq_pushpull,zmq_tcp,none,none,,1,8839,512,584,1785153445299380000,1785153445299380000,1785153445299380000,1785153445299381000,1785153445299528000,1785153445299531000,1785153445299531000,1785153445299531000,121932490,121652369,-133.121,0.000,0.000,1.000,3.000,0.000,0.000,18.000,0,0,0
B3_zmq_pushpull,zmq_tcp,none,none,,1,8840,512,584,1785153445300367000,1785153445300367000,1785153445300367000,1785153445300368000,1785153445300527000,1785153445300530000,1785153445300530000,1785153445300530000,121932490,121652369,-121.121,0.000,0.000,1.000,3.000,0.000,0.000,12.000,0,0,0
B3_zmq_pushpull,zmq_tcp,none,none,,1,8841,512,584,1785153445301558000,1785153445301558000,1785153445301559000,1785153445301559000,1785153445301645000,1785153445301647000,1785153445301647000,1785153445301647000,121932490,121652369,-194.121,0.000,1.000,0.000,2.000,0.000,0.000,73.000,0,0,0
B3_zmq_pushpull,zmq_tcp,none,none,,1,8842,512,584,1785153445302513000,1785153445302513000,1785153445302513000,1785153445302514000,1785153445302634000,1785153445302637000,1785153445302637000,1785153445302637000,121932490,121652369,-160.121,0.000,0.000,1.000,3.000,0.000,0.000,34.000,0,0,0
B3_zmq_pushpull,zmq_tcp,none,none,,1,8843,512,584,1785153445303521000,1785153445303521000,1785153445303521000,1785153445303522000,1785153445303627000,1785153445303630000,1785153445303630000,1785153445303630000,121932490,121652369,-175.121,0.000,0.000,1.000,3.000,0.000,0.000,15.000,0,0,0
B3_zmq_pushpull,zmq_tcp,none,none,,1,8844,512,584,1785153445304520000,1785153445304520000,1785153445304520000,1785153445304521000,1785153445304618000,1785153445304621000,1785153445304621000,1785153445304621000,121932490,121652369,-183.121,0.000,0.000,1.000,3.000,0.000,0.000,8.000,0,0,0
B3_zmq_pushpull,zmq_tcp,none,none,,1,8845,512,584,1785153445305520000,1785153445305520000,1785153445305520000,1785153445305521000,1785153445305575000,1785153445305578000,1785153445305578000,1785153445305578000,121932490,121652369,-226.121,0.000,0.000,1.000,3.000,0.000,0.000,43.000,0,0,0
B3_zmq_pushpull,zmq_tcp,none,none,,1,8846,512,584,1785153445306521000,1785153445306522000,1785153445306522000,1785153445306523000,1785153445306575000,1785153445306578000,1785153445306578000,1785153445306578000,121932490,121652369,-228.121,1.000,0.000,1.000,3.000,0.000,0.000,2.000,0,0,0
B3_zmq_pushpull,zmq_tcp,none,none,,1,8847,512,584,1785153445307520000,1785153445307520000,1785153445307520000,1785153445307521000,1785153445307582000,1785153445307585000,1785153445307585000,1785153445307585000,121932490,121652369,-219.121,0.000,0.000,1.000,3.000,0.000,0.000,9.000,0,0,0
B3_zmq_pushpull,zmq_tcp,none,none,,1,8848,512,584,1785153445308522000,1785153445308522000,1785153445308522000,1785153445308523000,1785153445308712000,1785153445308714000,1785153445308714000,1785153445308714000,121932490,121652369,-91.121,0.000,0.000,1.000,2.000,0.000,0.000,128.000,0,0,0
B3_zmq_pushpull,zmq_tcp,none,none,,1,8849,512,584,1785153445309516000,1785153445309516000,1785153445309516000,1785153445309517000,1785153445309714000,1785153445309717000,1785153445309717000,1785153445309717000,121932490,121652369,-83.121,0.000,0.000,1.000,3.000,0.000,0.000,8.000,0,0,0
B3_zmq_pushpull,zmq_tcp,none,none,,1,8850,512,584,1785153445310521000,1785153445310521000,1785153445310521000,1785153445310522000,1785153445310573000,1785153445310577000,1785153445310577000,1785153445310577000,121932490,121652369,-229.121,0.000,0.000,1.000,4.000,0.000,0.000,146.000,0,0,0
B3_zmq_pushpull,zmq_tcp,none,none,,1,8851,512,584,1785153445311520000,1785153445311520000,1785153445311520000,1785153445311521000,1785153445311561000,1785153445311564000,1785153445311564000,1785153445311564000,121932490,121652369,-240.121,0.000,0.000,1.000,3.000,0.000,0.000,11.000,0,0,0
B3_zmq_pushpull,zmq_tcp,none,none,,1,8852,512,584,1785153445312520000,1785153445312520000,1785153445312520000,1785153445312521000,1785153445312698000,1785153445312701000,1785153445312701000,1785153445312701000,121932490,121652369,-103.121,0.000,0.000,1.000,3.000,0.000,0.000,137.000,0,0,0
B3_zmq_pushpull,zmq_tcp,none,none,,1,8853,512,584,1785153445313517000,1785153445313517000,1785153445313517000,1785153445313518000,1785153445313701000,1785153445313704000,1785153445313704000,1785153445313704000,121932490,121652369,-97.121,0.000,0.000,1.000,3.000,0.000,0.000,6.000,0,0,0
B3_zmq_pushpull,zmq_tcp,none,none,,1,8854,512,584,1785153445314522000,1785153445314523000,1785153445314523000,1785153445314524000,1785153445314702000,1785153445314705000,1785153445314705000,1785153445314705000,121932490,121652369,-102.121,1.000,0.000,1.000,3.000,0.000,0.000,5.000,0,0,0
B3_zmq_pushpull,zmq_tcp,none,none,,1,8855,512,584,1785153445315390000,1785153445315390000,1785153445315390000,1785153445315391000,1785153445315550000,1785153445315553000,1785153445315553000,1785153445315553000,121932490,121652369,-121.121,0.000,0.000,1.000,3.000,0.000,0.000,19.000,0,0,0
B3_zmq_pushpull,zmq_tcp,none,none,,1,8856,512,584,1785153445316554000,1785153445316555000,1785153445316555000,1785153445316556000,1785153445316676000,1785153445316678000,1785153445316678000,1785153445316678000,121932490,121652369,-160.121,1.000,0.000,1.000,2.000,0.000,0.000,39.000,0,0,0
B3_zmq_pushpull,zmq_tcp,none,none,,1,8857,512,584,1785153445317508000,1785153445317508000,1785153445317508000,1785153445317509000,1785153445317648000,1785153445317650000,1785153445317650000,1785153445317650000,121932490,121652369,-141.121,0.000,0.000,1.000,2.000,0.000,0.000,19.000,0,0,0
B3_zmq_pushpull,zmq_tcp,none,none,,1,8858,512,584,1785153445318523000,1785153445318523000,1785153445318523000,1785153445318524000,1785153445318632000,1785153445318634000,1785153445318634000,1785153445318634000,121932490,121652369,-172.121,0.000,0.000,1.000,2.000,0.000,0.000,31.000,0,0,0
B3_zmq_pushpull,zmq_tcp,none,none,,1,8859,512,584,1785153445319520000,1785153445319520000,1785153445319520000,1785153445319521000,1785153445319606000,1785153445319609000,1785153445319609000,1785153445319609000,121932490,121652369,-195.121,0.000,0.000,1.000,3.000,0.000,0.000,23.000,0,0,0
B3_zmq_pushpull,zmq_tcp,none,none,,1,8860,512,584,1785153445320523000,1785153445320523000,1785153445320523000,1785153445320524000,1785153445320600000,1785153445320602000,1785153445320602000,1785153445320602000,121932490,121652369,-204.121,0.000,0.000,1.000,2.000,0.000,0.000,9.000,0,0,0
B3_zmq_pushpull,zmq_tcp,none,none,,1,8861,512,584,1785153445321517000,1785153445321517000,1785153445321517000,1785153445321518000,1785153445321695000,1785153445321698000,1785153445321698000,1785153445321698000,121932490,121652369,-103.121,0.000,0.000,1.000,3.000,0.000,0.000,101.000,0,0,0
B3_zmq_pushpull,zmq_tcp,none,none,,1,8862,512,584,1785153445322524000,1785153445322524000,1785153445322524000,1785153445322525000,1785153445322688000,1785153445322690000,1785153445322690000,1785153445322690000,121932490,121652369,-117.121,0.000,0.000,1.000,2.000,0.000,0.000,14.000,0,0,0
B3_zmq_pushpull,zmq_tcp,none,none,,1,8863,512,584,1785153445323520000,1785153445323520000,1785153445323520000,1785153445323521000,1785153445323673000,1785153445323676000,1785153445323676000,1785153445323676000,121932490,121652369,-128.121,0.000,0.000,1.000,3.000,0.000,0.000,11.000,0,0,0
B3_zmq_pushpull,zmq_tcp,none,none,,1,8864,512,584,1785153445324368000,1785153445324368000,1785153445324368000,1785153445324369000,1785153445324520000,1785153445324522000,1785153445324522000,1785153445324522000,121932490,121652369,-129.121,0.000,0.000,1.000,2.000,0.000,0.000,1.000,0,0,0
B3_zmq_pushpull,zmq_tcp,none,none,,1,8865,512,584,1785153445325347000,1785153445325347000,1785153445325347000,1785153445325349000,1785153445325493000,1785153445325497000,1785153445325497000,1785153445325497000,121932490,121652369,-136.121,0.000,0.000,2.000,4.000,0.000,0.000,7.000,0,0,0
B3_zmq_pushpull,zmq_tcp,none,none,,1,8866,512,584,1785153445326566000,1785153445326566000,1785153445326566000,1785153445326567000,1785153445326628000,1785153445326631000,1785153445326631000,1785153445326631000,121932490,121652369,-219.121,0.000,0.000,1.000,3.000,0.000,0.000,83.000,0,0,0
B3_zmq_pushpull,zmq_tcp,none,none,,1,8867,512,584,1785153445327333000,1785153445327333000,1785153445327333000,1785153445327334000,1785153445327490000,1785153445327493000,1785153445327493000,1785153445327493000,121932490,121652369,-124.121,0.000,0.000,1.000,3.000,0.000,0.000,95.000,0,0,0
B3_zmq_pushpull,zmq_tcp,none,none,,1,8868,512,584,1785153445328339000,1785153445328339000,1785153445328339000,1785153445328340000,1785153445328501000,1785153445328503000,1785153445328503000,1785153445328503000,121932490,121652369,-119.121,0.000,0.000,1.000,2.000,0.000,0.000,5.000,0,0,0
B3_zmq_pushpull,zmq_tcp,none,none,,1,8869,512,584,1785153445329564000,1785153445329564000,1785153445329564000,1785153445329565000,1785153445329754000,1785153445329757000,1785153445329757000,1785153445329757000,121932490,121652369,-91.121,0.000,0.000,1.000,3.000,0.000,0.000,28.000,0,0,0
B3_zmq_pushpull,zmq_tcp,none,none,,1,8870,512,584,1785153445330327000,1785153445330327000,1785153445330327000,1785153445330328000,1785153445330493000,1785153445330496000,1785153445330496000,1785153445330496000,121932490,121652369,-115.121,0.000,0.000,1.000,3.000,0.000,0.000,24.000,0,0,0
B3_zmq_pushpull,zmq_tcp,none,none,,1,8871,512,584,1785153445331342000,1785153445331342000,1785153445331342000,1785153445331343000,1785153445331486000,1785153445331489000,1785153445331489000,1785153445331489000,121932490,121652369,-137.121,0.000,0.000,1.000,3.000,0.000,0.000,22.000,0,0,0
B3_zmq_pushpull,zmq_tcp,none,none,,1,8872,512,584,1785153445332563000,1785153445332563000,1785153445332563000,1785153445332564000,1785153445332625000,1785153445332627000,1785153445332627000,1785153445332627000,121932490,121652369,-219.121,0.000,0.000,1.000,2.000,0.000,0.000,82.000,0,0,0
B3_zmq_pushpull,zmq_tcp,none,none,,1,8873,512,584,1785153445333510000,1785153445333511000,1785153445333511000,1785153445333512000,1785153445333625000,1785153445333627000,1785153445333628000,1785153445333628000,121932490,121652369,-167.121,1.000,0.000,1.000,2.000,1.000,0.000,52.000,0,0,0
B3_zmq_pushpull,zmq_tcp,none,none,,1,8874,512,584,1785153445334525000,1785153445334525000,1785153445334525000,1785153445334526000,1785153445334634000,1785153445334637000,1785153445334637000,1785153445334637000,121932490,121652369,-172.121,0.000,0.000,1.000,3.000,0.000,0.000,5.000,0,0,0
B3_zmq_pushpull,zmq_tcp,none,none,,1,8875,512,584,1785153445335332000,1785153445335332000,1785153445335333000,1785153445335333000,1785153445335497000,1785153445335500000,1785153445335500000,1785153445335500000,121932490,121652369,-116.121,0.000,1.000,0.000,3.000,0.000,0.000,56.000,0,0,0
B3_zmq_pushpull,zmq_tcp,none,none,,1,8876,512,584,1785153445336570000,1785153445336570000,1785153445336570000,1785153445336571000,1785153445336656000,1785153445336658000,1785153445336658000,1785153445336658000,121932490,121652369,-195.121,0.000,0.000,1.000,2.000,0.000,0.000,79.000,0,0,0
B3_zmq_pushpull,zmq_tcp,none,none,,1,8877,512,584,1785153445337511000,1785153445337511000,1785153445337511000,1785153445337512000,1785153445337671000,1785153445337674000,1785153445337674000,1785153445337674000,121932490,121652369,-121.121,0.000,0.000,1.000,3.000,0.000,0.000,74.000,0,0,0
B3_zmq_pushpull,zmq_tcp,none,none,,1,8878,512,584,1785153445338524000,1785153445338524000,1785153445338524000,1785153445338525000,1785153445338679000,1785153445338683000,1785153445338683000,1785153445338683000,121932490,121652369,-126.121,0.000,0.000,1.000,4.000,0.000,0.000,5.000,0,0,0
B3_zmq_pushpull,zmq_tcp,none,none,,1,8879,512,584,1785153445339517000,1785153445339518000,1785153445339518000,1785153445339519000,1785153445339667000,1785153445339670000,1785153445339670000,1785153445339670000,121932490,121652369,-132.121,1.000,0.000,1.000,3.000,0.000,0.000,6.000,0,0,0
B3_zmq_pushpull,zmq_tcp,none,none,,1,8880,512,584,1785153445340522000,1785153445340522000,1785153445340522000,1785153445340523000,1785153445340674000,1785153445340677000,1785153445340677000,1785153445340677000,121932490,121652369,-129.121,0.000,0.000,1.000,3.000,0.000,0.000,3.000,0,0,0
B3_zmq_pushpull,zmq_tcp,none,none,,1,8881,512,584,1785153445341374000,1785153445341374000,1785153445341374000,1785153445341375000,1785153445341520000,1785153445341525000,1785153445341525000,1785153445341525000,121932490,121652369,-135.121,0.000,0.000,1.000,5.000,0.000,0.000,6.000,0,0,0
B3_zmq_pushpull,zmq_tcp,none,none,,1,8882,512,584,1785153445342356000,1785153445342356000,1785153445342357000,1785153445342357000,1785153445342505000,1785153445342507000,1785153445342507000,1785153445342507000,121932490,121652369,-132.121,0.000,1.000,0.000,2.000,0.000,0.000,3.000,0,0,0
B3_zmq_pushpull,zmq_tcp,none,none,,1,8883,512,584,1785153445343332000,1785153445343333000,1785153445343333000,1785153445343334000,1785153445343481000,1785153445343483000,1785153445343483000,1785153445343483000,121932490,121652369,-133.121,1.000,0.000,1.000,2.000,0.000,0.000,1.000,0,0,0
B3_zmq_pushpull,zmq_tcp,none,none,,1,8884,512,584,1785153445344327000,1785153445344327000,1785153445344327000,1785153445344328000,1785153445344485000,1785153445344488000,1785153445344488000,1785153445344488000,121932490,121652369,-123.121,0.000,0.000,1.000,3.000,0.000,0.000,10.000,0,0,0
B3_zmq_pushpull,zmq_tcp,none,none,,1,8885,512,584,1785153445345442000,1785153445345442000,1785153445345442000,1785153445345444000,1785153445345590000,1785153445345593000,1785153445345593000,1785153445345593000,121932490,121652369,-134.121,0.000,0.000,2.000,3.000,0.000,0.000,11.000,0,0,0
B3_zmq_pushpull,zmq_tcp,none,none,,1,8886,512,584,1785153445346539000,1785153445346539000,1785153445346539000,1785153445346540000,1785153445346714000,1785153445346717000,1785153445346717000,1785153445346717000,121932490,121652369,-106.121,0.000,0.000,1.000,3.000,0.000,0.000,28.000,0,0,0
B3_zmq_pushpull,zmq_tcp,none,none,,1,8887,512,584,1785153445347414000,1785153445347414000,1785153445347414000,1785153445347416000,1785153445347554000,1785153445347557000,1785153445347557000,1785153445347557000,121932490,121652369,-142.121,0.000,0.000,2.000,3.000,0.000,0.000,36.000,0,0,0
B3_zmq_pushpull,zmq_tcp,none,none,,1,8888,512,584,1785153445348548000,1785153445348548000,1785153445348548000,1785153445348549000,1785153445348691000,1785153445348694000,1785153445348694000,1785153445348694000,121932490,121652369,-138.121,0.000,0.000,1.000,3.000,0.000,0.000,4.000,0,0,0
B3_zmq_pushpull,zmq_tcp,none,none,,1,8889,512,584,1785153445349519000,1785153445349519000,1785153445349519000,1785153445349520000,1785153445349693000,1785153445349695000,1785153445349695000,1785153445349696000,121932490,121652369,-107.121,0.000,0.000,1.000,2.000,0.000,1.000,31.000,0,0,0
B3_zmq_pushpull,zmq_tcp,none,none,,1,8890,512,584,1785153445350524000,1785153445350524000,1785153445350524000,1785153445350525000,1785153445350687000,1785153445350690000,1785153445350690000,1785153445350690000,121932490,121652369,-118.121,0.000,0.000,1.000,3.000,0.000,0.000,11.000,0,0,0
B3_zmq_pushpull,zmq_tcp,none,none,,1,8891,512,584,1785153445351527000,1785153445351527000,1785153445351527000,1785153445351528000,1785153445351692000,1785153445351695000,1785153445351695000,1785153445351695000,121932490,121652369,-116.121,0.000,0.000,1.000,3.000,0.000,0.000,2.000,0,0,0
B3_zmq_pushpull,zmq_tcp,none,none,,1,8892,512,584,1785153445352403000,1785153445352403000,1785153445352404000,1785153445352404000,1785153445352560000,1785153445352563000,1785153445352563000,1785153445352563000,121932490,121652369,-124.121,0.000,1.000,0.000,3.000,0.000,0.000,8.000,0,0,0
B3_zmq_pushpull,zmq_tcp,none,none,,1,8893,512,584,1785153445353547000,1785153445353547000,1785153445353547000,1785153445353548000,1785153445353704000,1785153445353706000,1785153445353706000,1785153445353706000,121932490,121652369,-124.121,0.000,0.000,1.000,2.000,0.000,0.000,0.000,0,0,0
B3_zmq_pushpull,zmq_tcp,none,none,,1,8894,512,584,1785153445354515000,1785153445354515000,1785153445354515000,1785153445354516000,1785153445354561000,1785153445354564000,1785153445354564000,1785153445354564000,121932490,121652369,-235.121,0.000,0.000,1.000,3.000,0.000,0.000,111.000,0,0,0
B3_zmq_pushpull,zmq_tcp,none,none,,1,8895,512,584,1785153445355418000,1785153445355419000,1785153445355419000,1785153445355420000,1785153445355580000,1785153445355582000,1785153445355582000,1785153445355582000,121932490,121652369,-120.121,1.000,0.000,1.000,2.000,0.000,0.000,115.000,0,0,0
B3_zmq_pushpull,zmq_tcp,none,none,,1,8896,512,584,1785153445356544000,1785153445356544000,1785153445356544000,1785153445356545000,1785153445356695000,1785153445356698000,1785153445356698000,1785153445356698000,121932490,121652369,-130.121,0.000,0.000,1.000,3.000,0.000,0.000,10.000,0,0,0
B3_zmq_pushpull,zmq_tcp,none,none,,1,8897,512,584,1785153445357517000,1785153445357517000,1785153445357517000,1785153445357518000,1785153445357709000,1785153445357711000,1785153445357712000,1785153445357712000,121932490,121652369,-89.121,0.000,0.000,1.000,2.000,1.000,0.000,41.000,0,0,0
B3_zmq_pushpull,zmq_tcp,none,none,,1,8898,512,584,1785153445358422000,1785153445358422000,1785153445358422000,1785153445358423000,1785153445358584000,1785153445358586000,1785153445358586000,1785153445358586000,121932490,121652369,-119.121,0.000,0.000,1.000,2.000,0.000,0.000,30.000,0,0,0
B3_zmq_pushpull,zmq_tcp,none,none,,1,8899,512,584,1785153445359544000,1785153445359544000,1785153445359544000,1785153445359545000,1785153445359588000,1785153445359591000,1785153445359591000,1785153445359591000,121932490,121652369,-237.121,0.000,0.000,1.000,3.000,0.000,0.000,118.000,0,0,0
B3_zmq_pushpull,zmq_tcp,none,none,,1,8900,512,584,1785153445360516000,1785153445360516000,1785153445360516000,1785153445360517000,1785153445360594000,1785153445360597000,1785153445360597000,1785153445360597000,121932490,121652369,-203.121,0.000,0.000,1.000,3.000,0.000,0.000,34.000,0,0,0
B3_zmq_pushpull,zmq_tcp,none,none,,1,8901,512,584,1785153445361525000,1785153445361525000,1785153445361526000,1785153445361527000,1785153445361600000,1785153445361604000,1785153445361604000,1785153445361604000,121932490,121652369,-207.121,0.000,1.000,1.000,4.000,0.000,0.000,4.000,0,0,0
B3_zmq_pushpull,zmq_tcp,none,none,,1,8902,512,584,1785153445362339000,1785153445362339000,1785153445362339000,1785153445362340000,1785153445362478000,1785153445362481000,1785153445362481000,1785153445362481000,121932490,121652369,-142.121,0.000,0.000,1.000,3.000,0.000,0.000,65.000,0,0,0
B3_zmq_pushpull,zmq_tcp,none,none,,1,8903,512,584,1785153445363567000,1785153445363567000,1785153445363568000,1785153445363569000,1785153445363639000,1785153445363642000,1785153445363642000,1785153445363642000,121932490,121652369,-210.121,0.000,1.000,1.000,3.000,0.000,0.000,68.000,0,0,0
B3_zmq_pushpull,zmq_tcp,none,none,,1,8904,512,584,1785153445364509000,1785153445364510000,1785153445364510000,1785153445364511000,1785153445364654000,1785153445364657000,1785153445364657000,1785153445364657000,121932490,121652369,-137.121,1.000,0.000,1.000,3.000,0.000,0.000,73.000,0,0,0
B3_zmq_pushpull,zmq_tcp,none,none,,1,8905,512,584,1785153445365527000,1785153445365527000,1785153445365527000,1785153445365528000,1785153445365669000,1785153445365672000,1785153445365672000,1785153445365672000,121932490,121652369,-139.121,0.000,0.000,1.000,3.000,0.000,0.000,2.000,0,0,0
B3_zmq_pushpull,zmq_tcp,none,none,,1,8906,512,584,1785153445366519000,1785153445366519000,1785153445366519000,1785153445366521000,1785153445366676000,1785153445366679000,1785153445366679000,1785153445366679000,121932490,121652369,-125.121,0.000,0.000,2.000,3.000,0.000,0.000,14.000,0,0,0
B3_zmq_pushpull,zmq_tcp,none,none,,1,8907,512,584,1785153445367373000,1785153445367373000,1785153445367373000,1785153445367374000,1785153445367534000,1785153445367537000,1785153445367537000,1785153445367537000,121932490,121652369,-120.121,0.000,0.000,1.000,3.000,0.000,0.000,5.000,0,0,0
B3_zmq_pushpull,zmq_tcp,none,none,,1,8908,512,584,1785153445368559000,1785153445368559000,1785153445368559000,1785153445368560000,1785153445368683000,1785153445368685000,1785153445368685000,1785153445368685000,121932490,121652369,-157.121,0.000,0.000,1.000,2.000,0.000,0.000,37.000,0,0,0
B3_zmq_pushpull,zmq_tcp,none,none,,1,8909,512,584,1785153445369510000,1785153445369511000,1785153445369511000,1785153445369512000,1785153445369687000,1785153445369691000,1785153445369691000,1785153445369691000,121932490,121652369,-105.121,1.000,0.000,1.000,4.000,0.000,0.000,52.000,0,0,0
B3_zmq_pushpull,zmq_tcp,none,none,,1,8910,512,584,1785153445370386000,1785153445370386000,1785153445370386000,1785153445370387000,1785153445370542000,1785153445370545000,1785153445370545000,1785153445370545000,121932490,121652369,-125.121,0.000,0.000,1.000,3.000,0.000,0.000,20.000,0,0,0
B3_zmq_pushpull,zmq_tcp,none,none,,1,8911,512,584,1785153445371557000,1785153445371557000,1785153445371557000,1785153445371558000,1785153445371689000,1785153445371692000,1785153445371692000,1785153445371692000,121932490,121652369,-149.121,0.000,0.000,1.000,3.000,0.000,0.000,24.000,0,0,0
B3_zmq_pushpull,zmq_tcp,none,none,,1,8912,512,584,1785153445372513000,1785153445372513000,1785153445372513000,1785153445372515000,1785153445372677000,1785153445372680000,1785153445372680000,1785153445372680000,121932490,121652369,-118.121,0.000,0.000,2.000,3.000,0.000,0.000,31.000,0,0,0
B3_zmq_pushpull,zmq_tcp,none,none,,1,8913,512,584,1785153445373522000,1785153445373522000,1785153445373522000,1785153445373524000,1785153445373672000,1785153445373674000,1785153445373674000,1785153445373674000,121932490,121652369,-132.121,0.000,0.000,2.000,2.000,0.000,0.000,14.000,0,0,0
B3_zmq_pushpull,zmq_tcp,none,none,,1,8914,512,584,1785153445374520000,1785153445374521000,1785153445374521000,1785153445374522000,1785153445374666000,1785153445374669000,1785153445374669000,1785153445374669000,121932490,121652369,-136.121,1.000,0.000,1.000,3.000,0.000,0.000,4.000,0,0,0
B3_zmq_pushpull,zmq_tcp,none,none,,1,8915,512,584,1785153445375374000,1785153445375375000,1785153445375375000,1785153445375376000,1785153445375534000,1785153445375537000,1785153445375537000,1785153445375537000,121932490,121652369,-122.121,1.000,0.000,1.000,3.000,0.000,0.000,14.000,0,0,0
B3_zmq_pushpull,zmq_tcp,none,none,,1,8916,512,584,1785153445376559000,1785153445376559000,1785153445376559000,1785153445376560000,1785153445376666000,1785153445376670000,1785153445376670000,1785153445376670000,121932490,121652369,-174.121,0.000,0.000,1.000,4.000,0.000,0.000,52.000,0,0,0
B3_zmq_pushpull,zmq_tcp,none,none,,1,8917,512,584,1785153445377367000,1785153445377368000,1785153445377368000,1785153445377369000,1785153445377532000,1785153445377534000,1785153445377534000,1785153445377534000,121932490,121652369,-117.121,1.000,0.000,1.000,2.000,0.000,0.000,57.000,0,0,0
B3_zmq_pushpull,zmq_tcp,none,none,,1,8918,512,584,1785153445378560000,1785153445378560000,1785153445378560000,1785153445378561000,1785153445378685000,1785153445378688000,1785153445378688000,1785153445378688000,121932490,121652369,-156.121,0.000,0.000,1.000,3.000,0.000,0.000,39.000,0,0,0
B3_zmq_pushpull,zmq_tcp,none,none,,1,8919,512,584,1785153445379387000,1785153445379387000,1785153445379387000,1785153445379388000,1785153445379548000,1785153445379550000,1785153445379550000,1785153445379550000,121932490,121652369,-120.121,0.000,0.000,1.000,2.000,0.000,0.000,36.000,0,0,0
B3_zmq_pushpull,zmq_tcp,none,none,,1,8920,512,584,1785153445380401000,1785153445380401000,1785153445380401000,1785153445380402000,1785153445380558000,1785153445380561000,1785153445380561000,1785153445380561000,121932490,121652369,-124.121,0.000,0.000,1.000,3.000,0.000,0.000,4.000,0,0,0
B3_zmq_pushpull,zmq_tcp,none,none,,1,8921,512,584,1785153445381547000,1785153445381547000,1785153445381547000,1785153445381548000,1785153445381690000,1785153445381693000,1785153445381693000,1785153445381693000,121932490,121652369,-138.121,0.000,0.000,1.000,3.000,0.000,0.000,14.000,0,0,0
B3_zmq_pushpull,zmq_tcp,none,none,,1,8922,512,584,1785153445382515000,1785153445382515000,1785153445382515000,1785153445382516000,1785153445382688000,1785153445382691000,1785153445382691000,1785153445382691000,121932490,121652369,-108.121,0.000,0.000,1.000,3.000,0.000,0.000,30.000,0,0,0
B3_zmq_pushpull,zmq_tcp,none,none,,1,8923,512,584,1785153445383526000,1785153445383526000,1785153445383526000,1785153445383527000,1785153445383714000,1785153445383716000,1785153445383716000,1785153445383716000,121932490,121652369,-93.121,0.000,0.000,1.000,2.000,0.000,0.000,15.000,0,0,0
B3_zmq_pushpull,zmq_tcp,none,none,,1,8924,512,584,1785153445384517000,1785153445384517000,1785153445384517000,1785153445384518000,1785153445384578000,1785153445384581000,1785153445384581000,1785153445384581000,121932490,121652369,-220.121,0.000,0.000,1.000,3.000,0.000,0.000,127.000,0,0,0
B3_zmq_pushpull,zmq_tcp,none,none,,1,8925,512,584,1785153445385527000,1785153445385527000,1785153445385527000,1785153445385528000,1785153445385593000,1785153445385596000,1785153445385596000,1785153445385596000,121932490,121652369,-215.121,0.000,0.000,1.000,3.000,0.000,0.000,5.000,0,0,0
B3_zmq_pushpull,zmq_tcp,none,none,,1,8926,512,584,1785153445386520000,1785153445386520000,1785153445386520000,1785153445386521000,1785153445386609000,1785153445386612000,1785153445386612000,1785153445386612000,121932490,121652369,-192.121,0.000,0.000,1.000,3.000,0.000,0.000,23.000,0,0,0
B3_zmq_pushpull,zmq_tcp,none,none,,1,8927,512,584,1785153445387521000,1785153445387521000,1785153445387522000,1785153445387522000,1785153445387626000,1785153445387629000,1785153445387629000,1785153445387629000,121932490,121652369,-176.121,0.000,1.000,0.000,3.000,0.000,0.000,16.000,0,0,0
B3_zmq_pushpull,zmq_tcp,none,none,,1,8928,512,584,1785153445388519000,1785153445388519000,1785153445388519000,1785153445388520000,1785153445388610000,1785153445388613000,1785153445388613000,1785153445388613000,121932490,121652369,-190.121,0.000,0.000,1.000,3.000,0.000,0.000,14.000,0,0,0
B3_zmq_pushpull,zmq_tcp,none,none,,1,8929,512,584,1785153445389523000,1785153445389523000,1785153445389523000,1785153445389524000,1785153445389624000,1785153445389626000,1785153445389626000,1785153445389627000,121932490,121652369,-180.121,0.000,0.000,1.000,2.000,0.000,1.000,10.000,0,0,0
B3_zmq_pushpull,zmq_tcp,none,none,,1,8930,512,584,1785153445390526000,1785153445390526000,1785153445390526000,1785153445390527000,1785153445390634000,1785153445390637000,1785153445390637000,1785153445390637000,121932490,121652369,-173.121,0.000,0.000,1.000,3.000,0.000,0.000,7.000,0,0,0
B3_zmq_pushpull,zmq_tcp,none,none,,1,8931,512,584,1785153445391521000,1785153445391522000,1785153445391522000,1785153445391523000,1785153445391634000,1785153445391637000,1785153445391637000,1785153445391637000,121932490,121652369,-169.121,1.000,0.000,1.000,3.000,0.000,0.000,4.000,0,0,0
B3_zmq_pushpull,zmq_tcp,none,none,,1,8932,512,584,1785153445392520000,1785153445392520000,1785153445392520000,1785153445392521000,1785153445392636000,1785153445392639000,1785153445392639000,1785153445392639000,121932490,121652369,-165.121,0.000,0.000,1.000,3.000,0.000,0.000,4.000,0,0,0
B3_zmq_pushpull,zmq_tcp,none,none,,1,8933,512,584,1785153445393520000,1785153445393520000,1785153445393520000,1785153445393521000,1785153445393620000,1785153445393623000,1785153445393623000,1785153445393623000,121932490,121652369,-181.121,0.000,0.000,1.000,3.000,0.000,0.000,16.000,0,0,0
B3_zmq_pushpull,zmq_tcp,none,none,,1,8934,512,584,1785153445394327000,1785153445394327000,1785153445394327000,1785153445394329000,1785153445394467000,1785153445394470000,1785153445394470000,1785153445394470000,121932490,121652369,-142.121,0.000,0.000,2.000,3.000,0.000,0.000,39.000,0,0,0
B3_zmq_pushpull,zmq_tcp,none,none,,1,8935,512,584,1785153445395566000,1785153445395566000,1785153445395566000,1785153445395567000,1785153445395737000,1785153445395740000,1785153445395740000,1785153445395740000,121932490,121652369,-110.121,0.000,0.000,1.000,3.000,0.000,0.000,32.000,0,0,0
B3_zmq_pushpull,zmq_tcp,none,none,,1,8936,512,584,1785153445396510000,1785153445396510000,1785153445396510000,1785153445396511000,1785153445396582000,1785153445396585000,1785153445396585000,1785153445396585000,121932490,121652369,-209.121,0.000,0.000,1.000,3.000,0.000,0.000,99.000,0,0,0
B3_zmq_pushpull,zmq_tcp,none,none,,1,8937,512,584,1785153445397528000,1785153445397528000,1785153445397528000,1785153445397529000,1785153445397593000,1785153445397596000,1785153445397596000,1785153445397596000,121932490,121652369,-216.121,0.000,0.000,1.000,3.000,0.000,0.000,7.000,0,0,0
B3_zmq_pushpull,zmq_tcp,none,none,,1,8938,512,584,1785153445398518000,1785153445398518000,1785153445398518000,1785153445398519000,1785153445398584000,1785153445398587000,1785153445398587000,1785153445398587000,121932490,121652369,-215.121,0.000,0.000,1.000,3.000,0.000,0.000,1.000,0,0,0
B3_zmq_pushpull,zmq_tcp,none,none,,1,8939,512,584,1785153445399522000,1785153445399522000,1785153445399522000,1785153445399523000,1785153445399585000,1785153445399588000,1785153445399588000,1785153445399588000,121932490,121652369,-218.121,0.000,0.000,1.000,3.000,0.000,0.000,3.000,0,0,0
B3_zmq_pushpull,zmq_tcp,none,none,,1,8940,512,584,1785153445400421000,1785153445400421000,1785153445400421000,1785153445400422000,1785153445400564000,1785153445400567000,1785153445400567000,1785153445400567000,121932490,121652369,-138.121,0.000,0.000,1.000,3.000,0.000,0.000,80.000,0,0,0
B3_zmq_pushpull,zmq_tcp,none,none,,1,8941,512,584,1785153445401546000,1785153445401546000,1785153445401546000,1785153445401547000,1785153445401664000,1785153445401667000,1785153445401667000,1785153445401667000,121932490,121652369,-163.121,0.000,0.000,1.000,3.000,0.000,0.000,25.000,0,0,0
B3_zmq_pushpull,zmq_tcp,none,none,,1,8942,512,584,1785153445402511000,1785153445402511000,1785153445402511000,1785153445402512000,1785153445402639000,1785153445402641000,1785153445402641000,1785153445402641000,121932490,121652369,-153.121,0.000,0.000,1.000,2.000,0.000,0.000,10.000,0,0,0
B3_zmq_pushpull,zmq_tcp,none,none,,1,8943,512,584,1785153445403528000,1785153445403529000,1785153445403529000,1785153445403530000,1785153445403639000,1785153445403642000,1785153445403642000,1785153445403642000,121932490,121652369,-171.121,1.000,0.000,1.000,3.000,0.000,0.000,18.000,0,0,0
B3_zmq_pushpull,zmq_tcp,none,none,,1,8944,512,584,1785153445404519000,1785153445404519000,1785153445404519000,1785153445404520000,1785153445404640000,1785153445404643000,1785153445404643000,1785153445404643000,121932490,121652369,-160.121,0.000,0.000,1.000,3.000,0.000,0.000,11.000,0,0,0
B3_zmq_pushpull,zmq_tcp,none,none,,1,8945,512,584,1785153445405524000,1785153445405524000,1785153445405524000,1785153445405525000,1785153445405637000,1785153445405640000,1785153445405640000,1785153445405640000,121932490,121652369,-168.121,0.000,0.000,1.000,3.000,0.000,0.000,8.000,0,0,0
B3_zmq_pushpull,zmq_tcp,none,none,,1,8946,512,584,1785153445406521000,1785153445406521000,1785153445406521000,1785153445406522000,1785153445406639000,1785153445406642000,1785153445406642000,1785153445406642000,121932490,121652369,-163.121,0.000,0.000,1.000,3.000,0.000,0.000,5.000,0,0,0
B3_zmq_pushpull,zmq_tcp,none,none,,1,8947,512,584,1785153445407523000,1785153445407523000,1785153445407523000,1785153445407524000,1785153445407641000,1785153445407644000,1785153445407644000,1785153445407644000,121932490,121652369,-163.121,0.000,0.000,1.000,3.000,0.000,0.000,0.000,0,0,0
B3_zmq_pushpull,zmq_tcp,none,none,,1,8948,512,584,1785153445408521000,1785153445408521000,1785153445408521000,1785153445408522000,1785153445408622000,1785153445408625000,1785153445408625000,1785153445408625000,121932490,121652369,-180.121,0.000,0.000,1.000,3.000,0.000,0.000,17.000,0,0,0
B3_zmq_pushpull,zmq_tcp,none,none,,1,8949,512,584,1785153445409520000,1785153445409520000,1785153445409520000,1785153445409521000,1785153445409612000,1785153445409615000,1785153445409615000,1785153445409615000,121932490,121652369,-189.121,0.000,0.000,1.000,3.000,0.000,0.000,9.000,0,0,0
B3_zmq_pushpull,zmq_tcp,none,none,,1,8950,512,584,1785153445410518000,1785153445410518000,1785153445410518000,1785153445410519000,1785153445410581000,1785153445410584000,1785153445410584000,1785153445410584000,121932490,121652369,-218.121,0.000,0.000,1.000,3.000,0.000,0.000,29.000,0,0,0
B3_zmq_pushpull,zmq_tcp,none,none,,1,8951,512,584,1785153445411522000,1785153445411522000,1785153445411522000,1785153445411523000,1785153445411584000,1785153445411587000,1785153445411587000,1785153445411587000,121932490,121652369,-219.121,0.000,0.000,1.000,3.000,0.000,0.000,1.000,0,0,0
B3_zmq_pushpull,zmq_tcp,none,none,,1,8952,512,584,1785153445412520000,1785153445412520000,1785153445412521000,1785153445412521000,1785153445412587000,1785153445412590000,1785153445412590000,1785153445412590000,121932490,121652369,-214.121,0.000,1.000,0.000,3.000,0.000,0.000,5.000,0,0,0
B3_zmq_pushpull,zmq_tcp,none,none,,1,8953,512,584,1785153445413522000,1785153445413522000,1785153445413522000,1785153445413523000,1785153445413588000,1785153445413591000,1785153445413591000,1785153445413591000,121932490,121652369,-215.121,0.000,0.000,1.000,3.000,0.000,0.000,1.000,0,0,0
B3_zmq_pushpull,zmq_tcp,none,none,,1,8954,512,584,1785153445414523000,1785153445414523000,1785153445414523000,1785153445414524000,1785153445414589000,1785153445414593000,1785153445414593000,1785153445414593000,121932490,121652369,-215.121,0.000,0.000,1.000,4.000,0.000,0.000,0.000,0,0,0
B3_zmq_pushpull,zmq_tcp,none,none,,1,8955,512,584,1785153445415523000,1785153445415523000,1785153445415523000,1785153445415525000,1785153445415709000,1785153445415712000,1785153445415712000,1785153445415712000,121932490,121652369,-96.121,0.000,0.000,2.000,3.000,0.000,0.000,119.000,0,0,0
B3_zmq_pushpull,zmq_tcp,none,none,,1,8956,512,584,1785153445416516000,1785153445416516000,1785153445416517000,1785153445416517000,1785153445416711000,1785153445416713000,1785153445416713000,1785153445416713000,121932490,121652369,-86.121,0.000,1.000,0.000,2.000,0.000,0.000,10.000,0,0,0
B3_zmq_pushpull,zmq_tcp,none,none,,1,8957,512,584,1785153445417402000,1785153445417402000,1785153445417402000,1785153445417403000,1785153445417552000,1785153445417555000,1785153445417555000,1785153445417555000,121932490,121652369,-131.121,0.000,0.000,1.000,3.000,0.000,0.000,45.000,0,0,0
B3_zmq_pushpull,zmq_tcp,none,none,,1,8958,512,584,1785153445418387000,1785153445418387000,1785153445418387000,1785153445418388000,1785153445418535000,1785153445418537000,1785153445418537000,1785153445418537000,121932490,121652369,-133.121,0.000,0.000,1.000,2.000,0.000,0.000,2.000,0,0,0
B3_zmq_pushpull,zmq_tcp,none,none,,1,8959,512,584,1785153445419538000,1785153445419538000,1785153445419539000,1785153445419540000,1785153445419683000,1785153445419686000,1785153445419686000,1785153445419686000,121932490,121652369,-137.121,0.000,1.000,1.000,3.000,0.000,0.000,4.000,0,0,0
B3_zmq_pushpull,zmq_tcp,none,none,,1,8960,512,584,1785153445420379000,1785153445420380000,1785153445420380000,1785153445420381000,1785153445420537000,1785153445420541000,1785153445420541000,1785153445420541000,121932490,121652369,-124.121,1.000,0.000,1.000,4.000,0.000,0.000,13.000,0,0,0
B3_zmq_pushpull,zmq_tcp,none,none,,1,8961,512,584,1785153445421557000,1785153445421557000,1785153445421557000,1785153445421558000,1785153445421659000,1785153445421662000,1785153445421662000,1785153445421662000,121932490,121652369,-179.121,0.000,0.000,1.000,3.000,0.000,0.000,55.000,0,0,0
B3_zmq_pushpull,zmq_tcp,none,none,,1,8962,512,584,1785153445422512000,1785153445422512000,1785153445422513000,1785153445422513000,1785153445422625000,1785153445422628000,1785153445422628000,1785153445422628000,121932490,121652369,-168.121,0.000,1.000,0.000,3.000,0.000,0.000,11.000,0,0,0
B3_zmq_pushpull,zmq_tcp,none,none,,1,8963,512,584,1785153445423523000,1785153445423523000,1785153445423523000,1785153445423524000,1785153445423581000,1785153445423584000,1785153445423584000,1785153445423584000,121932490,121652369,-223.121,0.000,0.000,1.000,3.000,0.000,0.000,55.000,0,0,0
B3_zmq_pushpull,zmq_tcp,none,none,,1,8964,512,584,1785153445424518000,1785153445424518000,1785153445424518000,1785153445424519000,1785153445424579000,1785153445424583000,1785153445424583000,1785153445424583000,121932490,121652369,-220.121,0.000,0.000,1.000,4.000,0.000,0.000,3.000,0,0,0
B3_zmq_pushpull,zmq_tcp,none,none,,1,8965,512,584,1785153445425523000,1785153445425523000,1785153445425523000,1785153445425524000,1785153445425684000,1785153445425687000,1785153445425687000,1785153445425687000,121932490,121652369,-120.121,0.000,0.000,1.000,3.000,0.000,0.000,100.000,0,0,0
B3_zmq_pushpull,zmq_tcp,none,none,,1,8966,512,584,1785153445426521000,1785153445426521000,1785153445426521000,1785153445426522000,1785153445426679000,1785153445426681000,1785153445426681000,1785153445426681000,121932490,121652369,-123.121,0.000,0.000,1.000,2.000,0.000,0.000,3.000,0,0,0
B3_zmq_pushpull,zmq_tcp,none,none,,1,8967,512,584,1785153445427521000,1785153445427521000,1785153445427521000,1785153445427522000,1785153445427672000,1785153445427675000,1785153445427675000,1785153445427675000,121932490,121652369,-130.121,0.000,0.000,1.000,3.000,0.000,0.000,7.000,0,0,0
B3_zmq_pushpull,zmq_tcp,none,none,,1,8968,512,584,1785153445428522000,1785153445428523000,1785153445428523000,1785153445428524000,1785153445428633000,1785153445428636000,1785153445428636000,1785153445428636000,121932490,121652369,-171.121,1.000,0.000,1.000,3.000,0.000,0.000,41.000,0,0,0
B3_zmq_pushpull,zmq_tcp,none,none,,1,8969,512,584,1785153445429520000,1785153445429520000,1785153445429521000,1785153445429521000,1785153445429604000,1785153445429607000,1785153445429607000,1785153445429607000,121932490,121652369,-197.121,0.000,1.000,0.000,3.000,0.000,0.000,26.000,0,0,0
B3_zmq_pushpull,zmq_tcp,none,none,,1,8970,512,584,1785153445430522000,1785153445430522000,1785153445430522000,1785153445430523000,1785153445430579000,1785153445430582000,1785153445430582000,1785153445430582000,121932490,121652369,-224.121,0.000,0.000,1.000,3.000,0.000,0.000,27.000,0,0,0
B3_zmq_pushpull,zmq_tcp,none,none,,1,8971,512,584,1785153445431518000,1785153445431518000,1785153445431518000,1785153445431519000,1785153445431569000,1785153445431572000,1785153445431572000,1785153445431572000,121932490,121652369,-230.121,0.000,0.000,1.000,3.000,0.000,0.000,6.000,0,0,0
B3_zmq_pushpull,zmq_tcp,none,none,,1,8972,512,584,1785153445432523000,1785153445432523000,1785153445432523000,1785153445432524000,1785153445432696000,1785153445432699000,1785153445432699000,1785153445432699000,121932490,121652369,-108.121,0.000,0.000,1.000,3.000,0.000,0.000,122.000,0,0,0
B3_zmq_pushpull,zmq_tcp,none,none,,1,8973,512,584,1785153445433521000,1785153445433521000,1785153445433521000,1785153445433522000,1785153445433669000,1785153445433672000,1785153445433672000,1785153445433672000,121932490,121652369,-133.121,0.000,0.000,1.000,3.000,0.000,0.000,25.000,0,0,0
B3_zmq_pushpull,zmq_tcp,none,none,,1,8974,512,584,1785153445434523000,1785153445434523000,1785153445434523000,1785153445434524000,1785153445434643000,1785153445434646000,1785153445434646000,1785153445434646000,121932490,121652369,-161.121,0.000,0.000,1.000,3.000,0.000,0.000,28.000,0,0,0
B3_zmq_pushpull,zmq_tcp,none,none,,1,8975,512,584,1785153445435519000,1785153445435519000,1785153445435519000,1785153445435520000,1785153445435632000,1785153445435635000,1785153445435635000,1785153445435635000,121932490,121652369,-168.121,0.000,0.000,1.000,3.000,0.000,0.000,7.000,0,0,0
B3_zmq_pushpull,zmq_tcp,none,none,,1,8976,512,584,1785153445436520000,1785153445436521000,1785153445436521000,1785153445436522000,1785153445436607000,1785153445436610000,1785153445436610000,1785153445436610000,121932490,121652369,-195.121,1.000,0.000,1.000,3.000,0.000,0.000,27.000,0,0,0
B3_zmq_pushpull,zmq_tcp,none,none,,1,8977,512,584,1785153445437521000,1785153445437521000,1785153445437521000,1785153445437522000,1785153445437585000,1785153445437588000,1785153445437588000,1785153445437588000,121932490,121652369,-217.121,0.000,0.000,1.000,3.000,0.000,0.000,22.000,0,0,0
B3_zmq_pushpull,zmq_tcp,none,none,,1,8978,512,584,1785153445438521000,1785153445438521000,1785153445438521000,1785153445438522000,1785153445438582000,1785153445438585000,1785153445438585000,1785153445438585000,121932490,121652369,-220.121,0.000,0.000,1.000,3.000,0.000,0.000,3.000,0,0,0
B3_zmq_pushpull,zmq_tcp,none,none,,1,8979,512,584,1785153445439425000,1785153445439425000,1785153445439425000,1785153445439426000,1785153445439587000,1785153445439590000,1785153445439590000,1785153445439590000,121932490,121652369,-119.121,0.000,0.000,1.000,3.000,0.000,0.000,101.000,0,0,0
B3_zmq_pushpull,zmq_tcp,none,none,,1,8980,512,584,1785153445440544000,1785153445440545000,1785153445440545000,1785153445440546000,1785153445440719000,1785153445440721000,1785153445440722000,1785153445440722000,121932490,121652369,-107.121,1.000,0.000,1.000,2.000,1.000,0.000,12.000,0,0,0
B3_zmq_pushpull,zmq_tcp,none,none,,1,8981,512,584,1785153445441515000,1785153445441515000,1785153445441515000,1785153445441516000,1785153445441700000,1785153445441703000,1785153445441703000,1785153445441703000,121932490,121652369,-96.121,0.000,0.000,1.000,3.000,0.000,0.000,11.000,0,0,0
B3_zmq_pushpull,zmq_tcp,none,none,,1,8982,512,584,1785153445442523000,1785153445442523000,1785153445442523000,1785153445442524000,1785153445442668000,1785153445442671000,1785153445442672000,1785153445442672000,121932490,121652369,-136.121,0.000,0.000,1.000,3.000,1.000,0.000,40.000,0,0,0
B3_zmq_pushpull,zmq_tcp,none,none,,1,8983,512,584,1785153445443349000,1785153445443349000,1785153445443349000,1785153445443350000,1785153445443502000,1785153445443504000,1785153445443504000,1785153445443504000,121932490,121652369,-128.121,0.000,0.000,1.000,2.000,0.000,0.000,8.000,0,0,0
B3_zmq_pushpull,zmq_tcp,none,none,,1,8984,512,584,1785153445444327000,1785153445444328000,1785153445444328000,1785153445444329000,1785153445444471000,1785153445444475000,1785153445444475000,1785153445444475000,121932490,121652369,-138.121,1.000,0.000,1.000,4.000,0.000,0.000,10.000,0,0,0
B3_zmq_pushpull,zmq_tcp,none,none,,1,8985,512,584,1785153445445572000,1785153445445573000,1785153445445573000,1785153445445574000,1785153445445732000,1785153445445735000,1785153445445735000,1785153445445735000,121932490,121652369,-122.121,1.000,0.000,1.000,3.000,0.000,0.000,16.000,0,0,0
B3_zmq_pushpull,zmq_tcp,none,none,,1,8986,512,584,1785153445446507000,1785153445446507000,1785153445446507000,1785153445446508000,1785153445446696000,1785153445446699000,1785153445446699000,1785153445446699000,121932490,121652369,-92.121,0.000,0.000,1.000,3.000,0.000,0.000,30.000,0,0,0
B3_zmq_pushpull,zmq_tcp,none,none,,1,8987,512,584,1785153445447525000,1785153445447525000,1785153445447525000,1785153445447526000,1785153445447688000,1785153445447691000,1785153445447691000,1785153445447691000,121932490,121652369,-118.121,0.000,0.000,1.000,3.000,0.000,0.000,26.000,0,0,0
B3_zmq_pushpull,zmq_tcp,none,none,,1,8988,512,584,1785153445448523000,1785153445448523000,1785153445448523000,1785153445448524000,1785153445448683000,1785153445448685000,1785153445448685000,1785153445448685000,121932490,121652369,-121.121,0.000,0.000,1.000,2.000,0.000,0.000,3.000,0,0,0
B3_zmq_pushpull,zmq_tcp,none,none,,1,8989,512,584,1785153445449521000,1785153445449521000,1785153445449521000,1785153445449522000,1785153445449667000,1785153445449669000,1785153445449670000,1785153445449670000,121932490,121652369,-135.121,0.000,0.000,1.000,2.000,1.000,0.000,14.000,0,0,0
B3_zmq_pushpull,zmq_tcp,none,none,,1,8990,512,584,1785153445450518000,1785153445450518000,1785153445450518000,1785153445450519000,1785153445450642000,1785153445450647000,1785153445450647000,1785153445450647000,121932490,121652369,-157.121,0.000,0.000,1.000,5.000,0.000,0.000,22.000,0,0,0
B3_zmq_pushpull,zmq_tcp,none,none,,1,8991,512,584,1785153445451522000,1785153445451522000,1785153445451522000,1785153445451523000,1785153445451619000,1785153445451622000,1785153445451622000,1785153445451622000,121932490,121652369,-184.121,0.000,0.000,1.000,3.000,0.000,0.000,27.000,0,0,0
B3_zmq_pushpull,zmq_tcp,none,none,,1,8992,512,584,1785153445452524000,1785153445452525000,1785153445452525000,1785153445452526000,1785153445452585000,1785153445452589000,1785153445452589000,1785153445452589000,121932490,121652369,-221.121,1.000,0.000,1.000,4.000,0.000,0.000,37.000,0,0,0
B3_zmq_pushpull,zmq_tcp,none,none,,1,8993,512,584,1785153445453518000,1785153445453518000,1785153445453518000,1785153445453519000,1785153445453703000,1785153445453706000,1785153445453706000,1785153445453706000,121932490,121652369,-96.121,0.000,0.000,1.000,3.000,0.000,0.000,125.000,0,0,0
B3_zmq_pushpull,zmq_tcp,none,none,,1,8994,512,584,1785153445454524000,1785153445454524000,1785153445454525000,1785153445454525000,1785153445454575000,1785153445454579000,1785153445454579000,1785153445454579000,121932490,121652369,-230.121,0.000,1.000,0.000,4.000,0.000,0.000,134.000,0,0,0
B3_zmq_pushpull,zmq_tcp,none,none,,1,8995,512,584,1785153445455521000,1785153445455521000,1785153445455521000,1785153445455522000,1785153445455573000,1785153445455576000,1785153445455576000,1785153445455576000,121932490,121652369,-229.121,0.000,0.000,1.000,3.000,0.000,0.000,1.000,0,0,0
B3_zmq_pushpull,zmq_tcp,none,none,,1,8996,512,584,1785153445456522000,1785153445456522000,1785153445456522000,1785153445456523000,1785153445456589000,1785153445456593000,1785153445456593000,1785153445456593000,121932490,121652369,-214.121,0.000,0.000,1.000,4.000,0.000,0.000,15.000,0,0,0
B3_zmq_pushpull,zmq_tcp,none,none,,1,8997,512,584,1785153445457519000,1785153445457519000,1785153445457519000,1785153445457520000,1785153445457592000,1785153445457595000,1785153445457595000,1785153445457595000,121932490,121652369,-208.121,0.000,0.000,1.000,3.000,0.000,0.000,6.000,0,0,0
B3_zmq_pushpull,zmq_tcp,none,none,,1,8998,512,584,1785153445458523000,1785153445458524000,1785153445458524000,1785153445458525000,1785153445458591000,1785153445458593000,1785153445458593000,1785153445458594000,121932490,121652369,-214.121,1.000,0.000,1.000,2.000,0.000,1.000,6.000,0,0,0
B3_zmq_pushpull,zmq_tcp,none,none,,1,8999,512,584,1785153445459521000,1785153445459521000,1785153445459521000,1785153445459522000,1785153445459594000,1785153445459601000,1785153445459601000,1785153445459601000,121932490,121652369,-208.121,0.000,0.000,1.000,7.000,0.000,0.000,6.000,0,0,0
B3_zmq_pushpull,zmq_tcp,none,none,,1,9000,512,584,1785153445460445000,1785153445460446000,1785153445460446000,1785153445460447000,1785153445460603000,1785153445460605000,1785153445460605000,1785153445460605000,121932490,121652369,-124.121,1.000,0.000,1.000,2.000,0.000,0.000,84.000,0,0,0
B3_zmq_pushpull,zmq_tcp,none,none,,1,9001,512,584,1785153445461447000,1785153445461447000,1785153445461447000,1785153445461448000,1785153445461603000,1785153445461605000,1785153445461606000,1785153445461606000,121932490,121652369,-125.121,0.000,0.000,1.000,2.000,1.000,0.000,1.000,0,0,0
B3_zmq_pushpull,zmq_tcp,none,none,,1,9002,512,584,1785153445462451000,1785153445462451000,1785153445462451000,1785153445462452000,1785153445462605000,1785153445462608000,1785153445462608000,1785153445462608000,121932490,121652369,-127.121,0.000,0.000,1.000,3.000,0.000,0.000,2.000,0,0,0
B3_zmq_pushpull,zmq_tcp,none,none,,1,9003,512,584,1785153445463541000,1785153445463541000,1785153445463541000,1785153445463542000,1785153445463606000,1785153445463610000,1785153445463610000,1785153445463610000,121932490,121652369,-216.121,0.000,0.000,1.000,4.000,0.000,0.000,89.000,0,0,0
B3_zmq_pushpull,zmq_tcp,none,none,,1,9004,512,584,1785153445464514000,1785153445464514000,1785153445464514000,1785153445464515000,1785153445464608000,1785153445464611000,1785153445464611000,1785153445464611000,121932490,121652369,-187.121,0.000,0.000,1.000,3.000,0.000,0.000,29.000,0,0,0
B3_zmq_pushpull,zmq_tcp,none,none,,1,9005,512,584,1785153445465525000,1785153445465525000,1785153445465525000,1785153445465526000,1785153445465597000,1785153445465600000,1785153445465600000,1785153445465600000,121932490,121652369,-209.121,0.000,0.000,1.000,3.000,0.000,0.000,22.000,0,0,0
B3_zmq_pushpull,zmq_tcp,none,none,,1,9006,512,584,1785153445466522000,1785153445466522000,1785153445466522000,1785153445466523000,1785153445466597000,1785153445466600000,1785153445466600000,1785153445466600000,121932490,121652369,-206.121,0.000,0.000,1.000,3.000,0.000,0.000,3.000,0,0,0
B3_zmq_pushpull,zmq_tcp,none,none,,1,9007,512,584,1785153445467522000,1785153445467522000,1785153445467522000,1785153445467523000,1785153445467616000,1785153445467619000,1785153445467619000,1785153445467619000,121932490,121652369,-187.121,0.000,0.000,1.000,3.000,0.000,0.000,19.000,0,0,0
B3_zmq_pushpull,zmq_tcp,none,none,,1,9008,512,584,1785153445468333000,1785153445468333000,1785153445468333000,1785153445468334000,1785153445468487000,1785153445468489000,1785153445468489000,1785153445468489000,121932490,121652369,-127.121,0.000,0.000,1.000,2.000,0.000,0.000,60.000,0,0,0
B3_zmq_pushpull,zmq_tcp,none,none,,1,9009,512,584,1785153445469330000,1785153445469330000,1785153445469330000,1785153445469331000,1785153445469481000,1785153445469484000,1785153445469484000,1785153445469484000,121932490,121652369,-130.121,0.000,0.000,1.000,3.000,0.000,0.000,3.000,0,0,0
B3_zmq_pushpull,zmq_tcp,none,none,,1,9010,512,584,1785153445470338000,1785153445470338000,1785153445470338000,1785153445470340000,1785153445470491000,1785153445470494000,1785153445470494000,1785153445470494000,121932490,121652369,-129.121,0.000,0.000,2.000,3.000,0.000,0.000,1.000,0,0,0
B3_zmq_pushpull,zmq_tcp,none,none,,1,9011,512,584,1785153445471567000,1785153445471567000,1785153445471568000,1785153445471568000,1785153445471621000,1785153445471625000,1785153445471625000,1785153445471625000,121932490,121652369,-227.121,0.000,1.000,0.000,4.000,0.000,0.000,98.000,0,0,0
B3_zmq_pushpull,zmq_tcp,none,none,,1,9012,512,584,1785153445472507000,1785153445472507000,1785153445472507000,1785153445472508000,1785153445472620000,1785153445472623000,1785153445472623000,1785153445472623000,121932490,121652369,-168.121,0.000,0.000,1.000,3.000,0.000,0.000,59.000,0,0,0
B3_zmq_pushpull,zmq_tcp,none,none,,1,9013,512,584,1785153445473526000,1785153445473526000,1785153445473526000,1785153445473527000,1785153445473632000,1785153445473635000,1785153445473635000,1785153445473635000,121932490,121652369,-175.121,0.000,0.000,1.000,3.000,0.000,0.000,7.000,0,0,0
B3_zmq_pushpull,zmq_tcp,none,none,,1,9014,512,584,1785153445474523000,1785153445474523000,1785153445474523000,1785153445474524000,1785153445474655000,1785153445474657000,1785153445474657000,1785153445474657000,121932490,121652369,-149.121,0.000,0.000,1.000,2.000,0.000,0.000,26.000,0,0,0
B3_zmq_pushpull,zmq_tcp,none,none,,1,9015,512,584,1785153445475521000,1785153445475522000,1785153445475522000,1785153445475523000,1785153445475649000,1785153445475652000,1785153445475652000,1785153445475652000,121932490,121652369,-154.121,1.000,0.000,1.000,3.000,0.000,0.000,5.000,0,0,0
B3_zmq_pushpull,zmq_tcp,none,none,,1,9016,512,584,1785153445476523000,1785153445476523000,1785153445476523000,1785153445476524000,1785153445476663000,1785153445476665000,1785153445476665000,1785153445476665000,121932490,121652369,-141.121,0.000,0.000,1.000,2.000,0.000,0.000,13.000,0,0,0
B3_zmq_pushpull,zmq_tcp,none,none,,1,9017,512,584,1785153445477522000,1785153445477522000,1785153445477522000,1785153445477523000,1785153445477663000,1785153445477666000,1785153445477666000,1785153445477666000,121932490,121652369,-140.121,0.000,0.000,1.000,3.000,0.000,0.000,1.000,0,0,0
B3_zmq_pushpull,zmq_tcp,none,none,,1,9018,512,584,1785153445478358000,1785153445478358000,1785153445478358000,1785153445478359000,1785153445478515000,1785153445478517000,1785153445478517000,1785153445478517000,121932490,121652369,-124.121,0.000,0.000,1.000,2.000,0.000,0.000,16.000,0,0,0
B3_zmq_pushpull,zmq_tcp,none,none,,1,9019,512,584,1785153445479355000,1785153445479356000,1785153445479356000,1785153445479357000,1785153445479511000,1785153445479513000,1785153445479513000,1785153445479513000,121932490,121652369,-126.121,1.000,0.000,1.000,2.000,0.000,0.000,2.000,0,0,0
B3_zmq_pushpull,zmq_tcp,none,none,,1,9020,512,584,1785153445480344000,1785153445480344000,1785153445480344000,1785153445480345000,1785153445480499000,1785153445480501000,1785153445480501000,1785153445480501000,121932490,121652369,-126.121,0.000,0.000,1.000,2.000,0.000,0.000,0.000,0,0,0
B3_zmq_pushpull,zmq_tcp,none,none,,1,9021,512,584,1785153445481566000,1785153445481566000,1785153445481566000,1785153445481567000,1785153445481639000,1785153445481641000,1785153445481641000,1785153445481641000,121932490,121652369,-208.121,0.000,0.000,1.000,2.000,0.000,0.000,82.000,0,0,0
B3_zmq_pushpull,zmq_tcp,none,none,,1,9022,512,584,1785153445482511000,1785153445482511000,1785153445482511000,1785153445482512000,1785153445482645000,1785153445482648000,1785153445482648000,1785153445482648000,121932490,121652369,-147.121,0.000,0.000,1.000,3.000,0.000,0.000,61.000,0,0,0
B3_zmq_pushpull,zmq_tcp,none,none,,1,9023,512,584,1785153445483523000,1785153445483523000,1785153445483523000,1785153445483524000,1785153445483641000,1785153445483644000,1785153445483644000,1785153445483644000,121932490,121652369,-163.121,0.000,0.000,1.000,3.000,0.000,0.000,16.000,0,0,0
B3_zmq_pushpull,zmq_tcp,none,none,,1,9024,512,584,1785153445484524000,1785153445484524000,1785153445484524000,1785153445484525000,1785153445484656000,1785153445484659000,1785153445484659000,1785153445484659000,121932490,121652369,-149.121,0.000,0.000,1.000,3.000,0.000,0.000,14.000,0,0,0
B3_zmq_pushpull,zmq_tcp,none,none,,1,9025,512,584,1785153445485522000,1785153445485522000,1785153445485522000,1785153445485523000,1785153445485652000,1785153445485655000,1785153445485655000,1785153445485655000,121932490,121652369,-151.121,0.000,0.000,1.000,3.000,0.000,0.000,2.000,0,0,0
B3_zmq_pushpull,zmq_tcp,none,none,,1,9026,512,584,1785153445486519000,1785153445486519000,1785153445486519000,1785153445486520000,1785153445486639000,1785153445486641000,1785153445486641000,1785153445486641000,121932490,121652369,-161.121,0.000,0.000,1.000,2.000,0.000,0.000,10.000,0,0,0
B3_zmq_pushpull,zmq_tcp,none,none,,1,9027,512,584,1785153445487523000,1785153445487523000,1785153445487523000,1785153445487524000,1785153445487620000,1785153445487623000,1785153445487623000,1785153445487623000,121932490,121652369,-184.121,0.000,0.000,1.000,3.000,0.000,0.000,23.000,0,0,0
B3_zmq_pushpull,zmq_tcp,none,none,,1,9028,512,584,1785153445488522000,1785153445488522000,1785153445488522000,1785153445488523000,1785153445488637000,1785153445488639000,1785153445488639000,1785153445488639000,121932490,121652369,-166.121,0.000,0.000,1.000,2.000,0.000,0.000,18.000,0,0,0
B3_zmq_pushpull,zmq_tcp,none,none,,1,9029,512,584,1785153445489522000,1785153445489522000,1785153445489522000,1785153445489523000,1785153445489652000,1785153445489655000,1785153445489655000,1785153445489655000,121932490,121652369,-151.121,0.000,0.000,1.000,3.000,0.000,0.000,15.000,0,0,0
B3_zmq_pushpull,zmq_tcp,none,none,,1,9030,512,584,1785153445490523000,1785153445490523000,1785153445490523000,1785153445490524000,1785153445490663000,1785153445490665000,1785153445490665000,1785153445490665000,121932490,121652369,-141.121,0.000,0.000,1.000,2.000,0.000,0.000,10.000,0,0,0
B3_zmq_pushpull,zmq_tcp,none,none,,1,9031,512,584,1785153445491521000,1785153445491521000,1785153445491521000,1785153445491522000,1785153445491663000,1785153445491666000,1785153445491666000,1785153445491666000,121932490,121652369,-139.121,0.000,0.000,1.000,3.000,0.000,0.000,2.000,0,0,0
B3_zmq_pushpull,zmq_tcp,none,none,,1,9032,512,584,1785153445492522000,1785153445492522000,1785153445492522000,1785153445492523000,1785153445492660000,1785153445492663000,1785153445492663000,1785153445492663000,121932490,121652369,-143.121,0.000,0.000,1.000,3.000,0.000,0.000,4.000,0,0,0
B3_zmq_pushpull,zmq_tcp,none,none,,1,9033,512,584,1785153445493522000,1785153445493522000,1785153445493522000,1785153445493523000,1785153445493636000,1785153445493639000,1785153445493639000,1785153445493639000,121932490,121652369,-167.121,0.000,0.000,1.000,3.000,0.000,0.000,24.000,0,0,0
B3_zmq_pushpull,zmq_tcp,none,none,,1,9034,512,584,1785153445494521000,1785153445494521000,1785153445494522000,1785153445494522000,1785153445494639000,1785153445494641000,1785153445494641000,1785153445494641000,121932490,121652369,-163.121,0.000,1.000,0.000,2.000,0.000,0.000,4.000,0,0,0
B3_zmq_pushpull,zmq_tcp,none,none,,1,9035,512,584,1785153445495523000,1785153445495523000,1785153445495523000,1785153445495524000,1785153445495630000,1785153445495633000,1785153445495633000,1785153445495633000,121932490,121652369,-174.121,0.000,0.000,1.000,3.000,0.000,0.000,11.000,0,0,0
B3_zmq_pushpull,zmq_tcp,none,none,,1,9036,512,584,1785153445496326000,1785153445496326000,1785153445496326000,1785153445496327000,1785153445496484000,1785153445496487000,1785153445496487000,1785153445496487000,121932490,121652369,-123.121,0.000,0.000,1.000,3.000,0.000,0.000,51.000,0,0,0
B3_zmq_pushpull,zmq_tcp,none,none,,1,9037,512,584,1785153445497571000,1785153445497571000,1785153445497571000,1785153445497572000,1785153445497759000,1785153445497761000,1785153445497761000,1785153445497761000,121932490,121652369,-93.121,0.000,0.000,1.000,2.000,0.000,0.000,30.000,0,0,0
B3_zmq_pushpull,zmq_tcp,none,none,,1,9038,512,584,1785153445498506000,1785153445498506000,1785153445498506000,1785153445498507000,1785153445498607000,1785153445498609000,1785153445498610000,1785153445498610000,121932490,121652369,-180.121,0.000,0.000,1.000,2.000,1.000,0.000,87.000,0,0,0
B3_zmq_pushpull,zmq_tcp,none,none,,1,9039,512,584,1785153445499526000,1785153445499526000,1785153445499526000,1785153445499527000,1785153445499601000,1785153445499604000,1785153445499604000,1785153445499604000,121932490,121652369,-206.121,0.000,0.000,1.000,3.000,0.000,0.000,26.000,0,0,0
B3_zmq_pushpull,zmq_tcp,none,none,,1,9040,512,584,1785153445500521000,1785153445500521000,1785153445500521000,1785153445500522000,1785153445500588000,1785153445500591000,1785153445500591000,1785153445500591000,121932490,121652369,-214.121,0.000,0.000,1.000,3.000,0.000,0.000,8.000,0,0,0
B3_zmq_pushpull,zmq_tcp,none,none,,1,9041,512,584,1785153445501523000,1785153445501523000,1785153445501523000,1785153445501524000,1785153445501571000,1785153445501575000,1785153445501575000,1785153445501575000,121932490,121652369,-233.121,0.000,0.000,1.000,4.000,0.000,0.000,19.000,0,0,0
B3_zmq_pushpull,zmq_tcp,none,none,,1,9042,512,584,1785153445502521000,1785153445502522000,1785153445502522000,1785153445502523000,1785153445502588000,1785153445502591000,1785153445502591000,1785153445502591000,121932490,121652369,-215.121,1.000,0.000,1.000,3.000,0.000,0.000,18.000,0,0,0
B3_zmq_pushpull,zmq_tcp,none,none,,1,9043,512,584,1785153445503523000,1785153445503523000,1785153445503523000,1785153445503524000,1785153445503592000,1785153445503595000,1785153445503595000,1785153445503595000,121932490,121652369,-212.121,0.000,0.000,1.000,3.000,0.000,0.000,3.000,0,0,0
B3_zmq_pushpull,zmq_tcp,none,none,,1,9044,512,584,1785153445504522000,1785153445504522000,1785153445504522000,1785153445504523000,1785153445504586000,1785153445504590000,1785153445504590000,1785153445504590000,121932490,121652369,-217.121,0.000,0.000,1.000,4.000,0.000,0.000,5.000,0,0,0
B3_zmq_pushpull,zmq_tcp,none,none,,1,9045,512,584,1785153445505524000,1785153445505524000,1785153445505524000,1785153445505525000,1785153445505568000,1785153445505571000,1785153445505571000,1785153445505571000,121932490,121652369,-237.121,0.000,0.000,1.000,3.000,0.000,0.000,20.000,0,0,0
B3_zmq_pushpull,zmq_tcp,none,none,,1,9046,512,584,1785153445506405000,1785153445506405000,1785153445506405000,1785153445506406000,1785153445506559000,1785153445506562000,1785153445506562000,1785153445506562000,121932490,121652369,-127.121,0.000,0.000,1.000,3.000,0.000,0.000,110.000,0,0,0
B3_zmq_pushpull,zmq_tcp,none,none,,1,9047,512,584,1785153445507400000,1785153445507400000,1785153445507400000,1785153445507401000,1785153445507547000,1785153445507550000,1785153445507550000,1785153445507550000,121932490,121652369,-134.121,0.000,0.000,1.000,3.000,0.000,0.000,7.000,0,0,0
B3_zmq_pushpull,zmq_tcp,none,none,,1,9048,512,584,1785153445508383000,1785153445508383000,1785153445508383000,1785153445508384000,1785153445508535000,1785153445508537000,1785153445508537000,1785153445508537000,121932490,121652369,-129.121,0.000,0.000,1.000,2.000,0.000,0.000,5.000,0,0,0
B3_zmq_pushpull,zmq_tcp,none,none,,1,9049,512,584,1785153445509558000,1785153445509558000,1785153445509558000,1785153445509559000,1785153445509696000,1785153445509699000,1785153445509699000,1785153445509699000,121932490,121652369,-143.121,0.000,0.000,1.000,3.000,0.000,0.000,14.000,0,0,0
B3_zmq_pushpull,zmq_tcp,none,none,,1,9050,512,584,1785153445510510000,1785153445510510000,1785153445510510000,1785153445510511000,1785153445510563000,1785153445510565000,1785153445510565000,1785153445510565000,121932490,121652369,-228.121,0.000,0.000,1.000,2.000,0.000,0.000,85.000,0,0,0
B3_zmq_pushpull,zmq_tcp,none,none,,1,9051,512,584,1785153445511527000,1785153445511528000,1785153445511528000,1785153445511529000,1785153445511701000,1785153445511704000,1785153445511704000,1785153445511704000,121932490,121652369,-108.121,1.000,0.000,1.000,3.000,0.000,0.000,120.000,0,0,0
B3_zmq_pushpull,zmq_tcp,none,none,,1,9052,512,584,1785153445512521000,1785153445512521000,1785153445512521000,1785153445512522000,1785153445512572000,1785153445512576000,1785153445512576000,1785153445512577000,121932490,121652369,-230.121,0.000,0.000,1.000,4.000,0.000,1.000,122.000,0,0,0
B3_zmq_pushpull,zmq_tcp,none,none,,1,9053,512,584,1785153445513523000,1785153445513523000,1785153445513523000,1785153445513524000,1785153445513699000,1785153445513702000,1785153445513702000,1785153445513702000,121932490,121652369,-105.121,0.000,0.000,1.000,3.000,0.000,0.000,125.000,0,0,0
B3_zmq_pushpull,zmq_tcp,none,none,,1,9054,512,584,1785153445514519000,1785153445514520000,1785153445514520000,1785153445514521000,1785153445514564000,1785153445514567000,1785153445514567000,1785153445514567000,121932490,121652369,-237.121,1.000,0.000,1.000,3.000,0.000,0.000,132.000,0,0,0
B3_zmq_pushpull,zmq_tcp,none,none,,1,9055,512,584,1785153445515524000,1785153445515524000,1785153445515524000,1785153445515525000,1785153445515575000,1785153445515578000,1785153445515578000,1785153445515578000,121932490,121652369,-230.121,0.000,0.000,1.000,3.000,0.000,0.000,7.000,0,0,0
B3_zmq_pushpull,zmq_tcp,none,none,,1,9056,512,584,1785153445516522000,1785153445516522000,1785153445516522000,1785153445516523000,1785153445516584000,1785153445516587000,1785153445516587000,1785153445516587000,121932490,121652369,-219.121,0.000,0.000,1.000,3.000,0.000,0.000,11.000,0,0,0
B3_zmq_pushpull,zmq_tcp,none,none,,1,9057,512,584,1785153445517436000,1785153445517436000,1785153445517436000,1785153445517437000,1785153445517595000,1785153445517598000,1785153445517598000,1785153445517598000,121932490,121652369,-122.121,0.000,0.000,1.000,3.000,0.000,0.000,97.000,0,0,0
B3_zmq_pushpull,zmq_tcp,none,none,,1,9058,512,584,1785153445518542000,1785153445518543000,1785153445518543000,1785153445518544000,1785153445518606000,1785153445518609000,1785153445518609000,1785153445518609000,121932490,121652369,-218.121,1.000,0.000,1.000,3.000,0.000,0.000,96.000,0,0,0
B3_zmq_pushpull,zmq_tcp,none,none,,1,9059,512,584,1785153445519517000,1785153445519518000,1785153445519518000,1785153445519519000,1785153445519605000,1785153445519608000,1785153445519608000,1785153445519608000,121932490,121652369,-194.121,1.000,0.000,1.000,3.000,0.000,0.000,24.000,0,0,0
B3_zmq_pushpull,zmq_tcp,none,none,,1,9060,512,584,1785153445520523000,1785153445520524000,1785153445520524000,1785153445520525000,1785153445520609000,1785153445520612000,1785153445520612000,1785153445520612000,121932490,121652369,-196.121,1.000,0.000,1.000,3.000,0.000,0.000,2.000,0,0,0
B3_zmq_pushpull,zmq_tcp,none,none,,1,9061,512,584,1785153445521519000,1785153445521520000,1785153445521520000,1785153445521521000,1785153445521605000,1785153445521608000,1785153445521608000,1785153445521608000,121932490,121652369,-196.121,1.000,0.000,1.000,3.000,0.000,0.000,0.000,0,0,0
B3_zmq_pushpull,zmq_tcp,none,none,,1,9062,512,584,1785153445522523000,1785153445522524000,1785153445522524000,1785153445522525000,1785153445522607000,1785153445522609000,1785153445522609000,1785153445522609000,121932490,121652369,-198.121,1.000,0.000,1.000,2.000,0.000,0.000,2.000,0,0,0
B3_zmq_pushpull,zmq_tcp,none,none,,1,9063,512,584,1785153445523525000,1785153445523525000,1785153445523525000,1785153445523526000,1785153445523618000,1785153445523620000,1785153445523620000,1785153445523620000,121932490,121652369,-188.121,0.000,0.000,1.000,2.000,0.000,0.000,10.000,0,0,0
B3_zmq_pushpull,zmq_tcp,none,none,,1,9064,512,584,1785153445524518000,1785153445524518000,1785153445524518000,1785153445524519000,1785153445524618000,1785153445524620000,1785153445524620000,1785153445524620000,121932490,121652369,-181.121,0.000,0.000,1.000,2.000,0.000,0.000,7.000,0,0,0
B3_zmq_pushpull,zmq_tcp,none,none,,1,9065,512,584,1785153445525526000,1785153445525526000,1785153445525526000,1785153445525527000,1785153445525611000,1785153445525613000,1785153445525613000,1785153445525614000,121932490,121652369,-196.121,0.000,0.000,1.000,2.000,0.000,1.000,15.000,0,0,0
B3_zmq_pushpull,zmq_tcp,none,none,,1,9066,512,584,1785153445526521000,1785153445526521000,1785153445526521000,1785153445526522000,1785153445526625000,1785153445526628000,1785153445526628000,1785153445526628000,121932490,121652369,-177.121,0.000,0.000,1.000,3.000,0.000,0.000,19.000,0,0,0
B3_zmq_pushpull,zmq_tcp,none,none,,1,9067,512,584,1785153445527522000,1785153445527522000,1785153445527522000,1785153445527523000,1785153445527620000,1785153445527623000,1785153445527623000,1785153445527623000,121932490,121652369,-183.121,0.000,0.000,1.000,3.000,0.000,0.000,6.000,0,0,0
B3_zmq_pushpull,zmq_tcp,none,none,,1,9068,512,584,1785153445528520000,1785153445528520000,1785153445528520000,1785153445528521000,1785153445528606000,1785153445528609000,1785153445528609000,1785153445528609000,121932490,121652369,-195.121,0.000,0.000,1.000,3.000,0.000,0.000,12.000,0,0,0
B3_zmq_pushpull,zmq_tcp,none,none,,1,9069,512,584,1785153445529524000,1785153445529524000,1785153445529524000,1785153445529525000,1785153445529590000,1785153445529593000,1785153445529593000,1785153445529593000,121932490,121652369,-215.121,0.000,0.000,1.000,3.000,0.000,0.000,20.000,0,0,0
B3_zmq_pushpull,zmq_tcp,none,none,,1,9070,512,584,1785153445530522000,1785153445530522000,1785153445530523000,1785153445530523000,1785153445530598000,1785153445530600000,1785153445530600000,1785153445530600000,121932490,121652369,-205.121,0.000,1.000,0.000,2.000,0.000,0.000,10.000,0,0,0
B3_zmq_pushpull,zmq_tcp,none,none,,1,9071,512,584,1785153445531520000,1785153445531520000,1785153445531520000,1785153445531521000,1785153445531599000,1785153445531602000,1785153445531602000,1785153445531602000,121932490,121652369,-202.121,0.000,0.000,1.000,3.000,0.000,0.000,3.000,0,0,0
B3_zmq_pushpull,zmq_tcp,none,none,,1,9072,512,584,1785153445532523000,1785153445532524000,1785153445532524000,1785153445532525000,1785153445532603000,1785153445532605000,1785153445532606000,1785153445532606000,121932490,121652369,-202.121,1.000,0.000,1.000,2.000,1.000,0.000,0.000,0,0,0
B3_zmq_pushpull,zmq_tcp,none,none,,1,9073,512,584,1785153445533523000,1785153445533523000,1785153445533523000,1785153445533524000,1785153445533609000,1785153445533613000,1785153445533613000,1785153445533613000,121932490,121652369,-195.121,0.000,0.000,1.000,4.000,0.000,0.000,7.000,0,0,0
B3_zmq_pushpull,zmq_tcp,none,none,,1,9074,512,584,1785153445534522000,1785153445534522000,1785153445534522000,1785153445534523000,1785153445534605000,1785153445534609000,1785153445534609000,1785153445534609000,121932490,121652369,-198.121,0.000,0.000,1.000,4.000,0.000,0.000,3.000,0,0,0
B3_zmq_pushpull,zmq_tcp,none,none,,1,9075,512,584,1785153445535520000,1785153445535520000,1785153445535520000,1785153445535521000,1785153445535595000,1785153445535598000,1785153445535598000,1785153445535598000,121932490,121652369,-206.121,0.000,0.000,1.000,3.000,0.000,0.000,8.000,0,0,0
B3_zmq_pushpull,zmq_tcp,none,none,,1,9076,512,584,1785153445536524000,1785153445536524000,1785153445536525000,1785153445536526000,1785153445536605000,1785153445536608000,1785153445536608000,1785153445536608000,121932490,121652369,-201.121,0.000,1.000,1.000,3.000,0.000,0.000,5.000,0,0,0
B3_zmq_pushpull,zmq_tcp,none,none,,1,9077,512,584,1785153445537522000,1785153445537522000,1785153445537522000,1785153445537523000,1785153445537602000,1785153445537604000,1785153445537604000,1785153445537604000,121932490,121652369,-201.121,0.000,0.000,1.000,2.000,0.000,0.000,0.000,0,0,0
B3_zmq_pushpull,zmq_tcp,none,none,,1,9078,512,584,1785153445538522000,1785153445538523000,1785153445538523000,1785153445538524000,1785153445538608000,1785153445538611000,1785153445538611000,1785153445538611000,121932490,121652369,-196.121,1.000,0.000,1.000,3.000,0.000,0.000,5.000,0,0,0
B3_zmq_pushpull,zmq_tcp,none,none,,1,9079,512,584,1785153445539521000,1785153445539521000,1785153445539521000,1785153445539522000,1785153445539607000,1785153445539610000,1785153445539610000,1785153445539610000,121932490,121652369,-195.121,0.000,0.000,1.000,3.000,0.000,0.000,1.000,0,0,0
B3_zmq_pushpull,zmq_tcp,none,none,,1,9080,512,584,1785153445540524000,1785153445540524000,1785153445540524000,1785153445540525000,1785153445540599000,1785153445540602000,1785153445540602000,1785153445540602000,121932490,121652369,-206.121,0.000,0.000,1.000,3.000,0.000,0.000,11.000,0,0,0
B3_zmq_pushpull,zmq_tcp,none,none,,1,9081,512,584,1785153445541522000,1785153445541522000,1785153445541522000,1785153445541523000,1785153445541604000,1785153445541607000,1785153445541607000,1785153445541607000,121932490,121652369,-199.121,0.000,0.000,1.000,3.000,0.000,0.000,7.000,0,0,0
B3_zmq_pushpull,zmq_tcp,none,none,,1,9082,512,584,1785153445542522000,1785153445542522000,1785153445542523000,1785153445542523000,1785153445542574000,1785153445542578000,1785153445542578000,1785153445542578000,121932490,121652369,-229.121,0.000,1.000,0.000,4.000,0.000,0.000,30.000,0,0,0
B3_zmq_pushpull,zmq_tcp,none,none,,1,9083,512,584,1785153445543521000,1785153445543521000,1785153445543521000,1785153445543522000,1785153445543574000,1785153445543577000,1785153445543578000,1785153445543578000,121932490,121652369,-228.121,0.000,0.000,1.000,3.000,1.000,0.000,1.000,0,0,0
B3_zmq_pushpull,zmq_tcp,none,none,,1,9084,512,584,1785153445544437000,1785153445544437000,1785153445544437000,1785153445544439000,1785153445544583000,1785153445544586000,1785153445544586000,1785153445544586000,121932490,121652369,-136.121,0.000,0.000,2.000,3.000,0.000,0.000,92.000,0,0,0
B3_zmq_pushpull,zmq_tcp,none,none,,1,9085,512,584,1785153445545435000,1785153445545435000,1785153445545435000,1785153445545436000,1785153445545595000,1785153445545598000,1785153445545598000,1785153445545598000,121932490,121652369,-121.121,0.000,0.000,1.000,3.000,0.000,0.000,15.000,0,0,0
B3_zmq_pushpull,zmq_tcp,none,none,,1,9086,512,584,1785153445546327000,1785153445546327000,1785153445546327000,1785153445546328000,1785153445546472000,1785153445546475000,1785153445546475000,1785153445546475000,121932490,121652369,-136.121,0.000,0.000,1.000,3.000,0.000,0.000,15.000,0,0,0
B3_zmq_pushpull,zmq_tcp,none,none,,1,9087,512,584,1785153445547571000,1785153445547571000,1785153445547571000,1785153445547572000,1785153445547627000,1785153445547630000,1785153445547630000,1785153445547630000,121932490,121652369,-225.121,0.000,0.000,1.000,3.000,0.000,0.000,89.000,0,0,0
B3_zmq_pushpull,zmq_tcp,none,none,,1,9088,512,584,1785153445548510000,1785153445548510000,1785153445548510000,1785153445548511000,1785153445548623000,1785153445548626000,1785153445548626000,1785153445548626000,121932490,121652369,-168.121,0.000,0.000,1.000,3.000,0.000,0.000,57.000,0,0,0
B3_zmq_pushpull,zmq_tcp,none,none,,1,9089,512,584,1785153445549525000,1785153445549525000,1785153445549525000,1785153445549526000,1785153445549618000,1785153445549620000,1785153445549620000,1785153445549620000,121932490,121652369,-188.121,0.000,0.000,1.000,2.000,0.000,0.000,20.000,0,0,0
B3_zmq_pushpull,zmq_tcp,none,none,,1,9090,512,584,1785153445550519000,1785153445550519000,1785153445550519000,1785153445550520000,1785153445550623000,1785153445550626000,1785153445550626000,1785153445550626000,121932490,121652369,-177.121,0.000,0.000,1.000,3.000,0.000,0.000,11.000,0,0,0
B3_zmq_pushpull,zmq_tcp,none,none,,1,9091,512,584,1785153445551524000,1785153445551524000,1785153445551524000,1785153445551525000,1785153445551616000,1785153445551619000,1785153445551619000,1785153445551619000,121932490,121652369,-189.121,0.000,0.000,1.000,3.000,0.000,0.000,12.000,0,0,0
B3_zmq_pushpull,zmq_tcp,none,none,,1,9092,512,584,1785153445552522000,1785153445552522000,1785153445552522000,1785153445552523000,1785153445552631000,1785153445552634000,1785153445552634000,1785153445552634000,121932490,121652369,-172.121,0.000,0.000,1.000,3.000,0.000,0.000,17.000,0,0,0
B3_zmq_pushpull,zmq_tcp,none,none,,1,9093,512,584,1785153445553522000,1785153445553522000,1785153445553522000,1785153445553523000,1785153445553639000,1785153445553642000,1785153445553642000,1785153445553642000,121932490,121652369,-164.121,0.000,0.000,1.000,3.000,0.000,0.000,8.000,0,0,0
B3_zmq_pushpull,zmq_tcp,none,none,,1,9094,512,584,1785153445554518000,1785153445554518000,1785153445554519000,1785153445554519000,1785153445554640000,1785153445554643000,1785153445554643000,1785153445554643000,121932490,121652369,-159.121,0.000,1.000,0.000,3.000,0.000,0.000,5.000,0,0,0
B3_zmq_pushpull,zmq_tcp,none,none,,1,9095,512,584,1785153445555524000,1785153445555524000,1785153445555524000,1785153445555525000,1785153445555627000,1785153445555630000,1785153445555630000,1785153445555630000,121932490,121652369,-178.121,0.000,0.000,1.000,3.000,0.000,0.000,19.000,0,0,0
B3_zmq_pushpull,zmq_tcp,none,none,,1,9096,512,584,1785153445556522000,1785153445556522000,1785153445556522000,1785153445556523000,1785153445556618000,1785153445556620000,1785153445556620000,1785153445556620000,121932490,121652369,-185.121,0.000,0.000,1.000,2.000,0.000,0.000,7.000,0,0,0
B3_zmq_pushpull,zmq_tcp,none,none,,1,9097,512,584,1785153445557522000,1785153445557522000,1785153445557522000,1785153445557523000,1785153445557634000,1785153445557637000,1785153445557637000,1785153445557637000,121932490,121652369,-169.121,0.000,0.000,1.000,3.000,0.000,0.000,16.000,0,0,0
B3_zmq_pushpull,zmq_tcp,none,none,,1,9098,512,584,1785153445558520000,1785153445558521000,1785153445558521000,1785153445558521000,1785153445558638000,1785153445558641000,1785153445558641000,1785153445558641000,121932490,121652369,-163.121,1.000,0.000,0.000,3.000,0.000,0.000,6.000,0,0,0
B3_zmq_pushpull,zmq_tcp,none,none,,1,9099,512,584,1785153445559524000,1785153445559524000,1785153445559524000,1785153445559525000,1785153445559607000,1785153445559610000,1785153445559610000,1785153445559610000,121932490,121652369,-198.121,0.000,0.000,1.000,3.000,0.000,0.000,35.000,0,0,0
B3_zmq_pushpull,zmq_tcp,none,none,,1,9100,512,584,1785153445560525000,1785153445560525000,1785153445560525000,1785153445560526000,1785153445560616000,1785153445560619000,1785153445560619000,1785153445560619000,121932490,121652369,-190.121,0.000,0.000,1.000,3.000,0.000,0.000,8.000,0,0,0
B3_zmq_pushpull,zmq_tcp,none,none,,1,9101,512,584,1785153445561325000,1785153445561325000,1785153445561326000,1785153445561326000,1785153445561479000,1785153445561482000,1785153445561482000,1785153445561482000,121932490,121652369,-127.121,0.000,1.000,0.000,3.000,0.000,0.000,63.000,0,0,0
B3_zmq_pushpull,zmq_tcp,none,none,,1,9102,512,584,1785153445562331000,1785153445562331000,1785153445562331000,1785153445562332000,1785153445562487000,1785153445562490000,1785153445562490000,1785153445562490000,121932490,121652369,-125.121,0.000,0.000,1.000,3.000,0.000,0.000,2.000,0,0,0
B3_zmq_pushpull,zmq_tcp,none,none,,1,9103,512,584,1785153445563570000,1785153445563570000,1785153445563570000,1785153445563571000,1785153445563619000,1785153445563622000,1785153445563622000,1785153445563622000,121932490,121652369,-232.121,0.000,0.000,1.000,3.000,0.000,0.000,107.000,0,0,0
B3_zmq_pushpull,zmq_tcp,none,none,,1,9104,512,584,1785153445564509000,1785153445564509000,1785153445564509000,1785153445564510000,1785153445564623000,1785153445564626000,1785153445564626000,1785153445564626000,121932490,121652369,-167.121,0.000,0.000,1.000,3.000,0.000,0.000,65.000,0,0,0
B3_zmq_pushpull,zmq_tcp,none,none,,1,9105,512,584,1785153445565529000,1785153445565529000,1785153445565529000,1785153445565530000,1785153445565628000,1785153445565631000,1785153445565631000,1785153445565631000,121932490,121652369,-182.121,0.000,0.000,1.000,3.000,0.000,0.000,15.000,0,0,0
B3_zmq_pushpull,zmq_tcp,none,none,,1,9106,512,584,1785153445566521000,1785153445566521000,1785153445566521000,1785153445566522000,1785153445566638000,1785153445566641000,1785153445566641000,1785153445566641000,121932490,121652369,-164.121,0.000,0.000,1.000,3.000,0.000,0.000,18.000,0,0,0
B3_zmq_pushpull,zmq_tcp,none,none,,1,9107,512,584,1785153445567496000,1785153445567496000,1785153445567496000,1785153445567497000,1785153445567640000,1785153445567643000,1785153445567643000,1785153445567643000,121932490,121652369,-137.121,0.000,0.000,1.000,3.000,0.000,0.000,27.000,0,0,0
B3_zmq_pushpull,zmq_tcp,none,none,,1,9108,512,584,1785153445568337000,1785153445568337000,1785153445568337000,1785153445568338000,1785153445568482000,1785153445568485000,1785153445568485000,1785153445568485000,121932490,121652369,-136.121,0.000,0.000,1.000,3.000,0.000,0.000,1.000,0,0,0
B3_zmq_pushpull,zmq_tcp,none,none,,1,9109,512,584,1785153445569569000,1785153445569569000,1785153445569569000,1785153445569570000,1785153445569628000,1785153445569631000,1785153445569631000,1785153445569631000,121932490,121652369,-222.121,0.000,0.000,1.000,3.000,0.000,0.000,86.000,0,0,0
B3_zmq_pushpull,zmq_tcp,none,none,,1,9110,512,584,1785153445570510000,1785153445570510000,1785153445570510000,1785153445570511000,1785153445570634000,1785153445570636000,1785153445570636000,1785153445570636000,121932490,121652369,-157.121,0.000,0.000,1.000,2.000,0.000,0.000,65.000,0,0,0
B3_zmq_pushpull,zmq_tcp,none,none,,1,9111,512,584,1785153445571525000,1785153445571525000,1785153445571525000,1785153445571526000,1785153445571630000,1785153445571637000,1785153445571637000,1785153445571637000,121932490,121652369,-176.121,0.000,0.000,1.000,7.000,0.000,0.000,19.000,0,0,0
B3_zmq_pushpull,zmq_tcp,none,none,,1,9112,512,584,1785153445572523000,1785153445572523000,1785153445572523000,1785153445572524000,1785153445572627000,1785153445572630000,1785153445572630000,1785153445572630000,121932490,121652369,-177.121,0.000,0.000,1.000,3.000,0.000,0.000,1.000,0,0,0
B3_zmq_pushpull,zmq_tcp,none,none,,1,9113,512,584,1785153445573523000,1785153445573523000,1785153445573523000,1785153445573524000,1785153445573622000,1785153445573624000,1785153445573624000,1785153445573624000,121932490,121652369,-182.121,0.000,0.000,1.000,2.000,0.000,0.000,5.000,0,0,0
B3_zmq_pushpull,zmq_tcp,none,none,,1,9114,512,584,1785153445574518000,1785153445574518000,1785153445574519000,1785153445574519000,1785153445574618000,1785153445574622000,1785153445574622000,1785153445574622000,121932490,121652369,-181.121,0.000,1.000,0.000,4.000,0.000,0.000,1.000,0,0,0
B3_zmq_pushpull,zmq_tcp,none,none,,1,9115,512,584,1785153445575522000,1785153445575522000,1785153445575522000,1785153445575523000,1785153445575618000,1785153445575621000,1785153445575621000,1785153445575621000,121932490,121652369,-185.121,0.000,0.000,1.000,3.000,0.000,0.000,4.000,0,0,0
B3_zmq_pushpull,zmq_tcp,none,none,,1,9116,512,584,1785153445576334000,1785153445576334000,1785153445576334000,1785153445576335000,1785153445576475000,1785153445576478000,1785153445576478000,1785153445576478000,121932490,121652369,-140.121,0.000,0.000,1.000,3.000,0.000,0.000,45.000,0,0,0
B3_zmq_pushpull,zmq_tcp,none,none,,1,9117,512,584,1785153445577440000,1785153445577440000,1785153445577440000,1785153445577441000,1785153445577585000,1785153445577587000,1785153445577587000,1785153445577587000,121932490,121652369,-136.121,0.000,0.000,1.000,2.000,0.000,0.000,4.000,0,0,0
B3_zmq_pushpull,zmq_tcp,none,none,,1,9118,512,584,1785153445578540000,1785153445578540000,1785153445578540000,1785153445578541000,1785153445578584000,1785153445578587000,1785153445578587000,1785153445578587000,121932490,121652369,-237.121,0.000,0.000,1.000,3.000,0.000,0.000,101.000,0,0,0
B3_zmq_pushpull,zmq_tcp,none,none,,1,9119,512,584,1785153445579518000,1785153445579518000,1785153445579518000,1785153445579519000,1785153445579701000,1785153445579703000,1785153445579703000,1785153445579703000,121932490,121652369,-98.121,0.000,0.000,1.000,2.000,0.000,0.000,139.000,0,0,0
B3_zmq_pushpull,zmq_tcp,none,none,,1,9120,512,584,1785153445580402000,1785153445580402000,1785153445580402000,1785153445580403000,1785153445580561000,1785153445580563000,1785153445580563000,1785153445580563000,121932490,121652369,-122.121,0.000,0.000,1.000,2.000,0.000,0.000,24.000,0,0,0
B3_zmq_pushpull,zmq_tcp,none,none,,1,9121,512,584,1785153445581553000,1785153445581553000,1785153445581553000,1785153445581554000,1785153445581717000,1785153445581720000,1785153445581720000,1785153445581720000,121932490,121652369,-117.121,0.000,0.000,1.000,3.000,0.000,0.000,5.000,0,0,0
B3_zmq_pushpull,zmq_tcp,none,none,,1,9122,512,584,1785153445582513000,1785153445582513000,1785153445582513000,1785153445582514000,1785153445582572000,1785153445582575000,1785153445582575000,1785153445582575000,121932490,121652369,-222.121,0.000,0.000,1.000,3.000,0.000,0.000,105.000,0,0,0
B3_zmq_pushpull,zmq_tcp,none,none,,1,9123,512,584,1785153445583525000,1785153445583525000,1785153445583525000,1785153445583526000,1785153445583568000,1785153445583570000,1785153445583570000,1785153445583570000,121932490,121652369,-238.121,0.000,0.000,1.000,2.000,0.000,0.000,16.000,0,0,0
B3_zmq_pushpull,zmq_tcp,none,none,,1,9124,512,584,1785153445584522000,1785153445584522000,1785153445584523000,1785153445584523000,1785153445584565000,1785153445584568000,1785153445584568000,1785153445584568000,121932490,121652369,-238.121,0.000,1.000,0.000,3.000,0.000,0.000,0.000,0,0,0
B3_zmq_pushpull,zmq_tcp,none,none,,1,9125,512,584,1785153445585523000,1785153445585523000,1785153445585523000,1785153445585524000,1785153445585573000,1785153445585575000,1785153445585575000,1785153445585575000,121932490,121652369,-231.121,0.000,0.000,1.000,2.000,0.000,0.000,7.000,0,0,0
B3_zmq_pushpull,zmq_tcp,none,none,,1,9126,512,584,1785153445586411000,1785153445586411000,1785153445586411000,1785153445586412000,1785153445586565000,1785153445586567000,1785153445586567000,1785153445586567000,121932490,121652369,-127.121,0.000,0.000,1.000,2.000,0.000,0.000,104.000,0,0,0
B3_zmq_pushpull,zmq_tcp,none,none,,1,9127,512,584,1785153445587416000,1785153445587416000,1785153445587416000,1785153445587417000,1785153445587561000,1785153445587563000,1785153445587563000,1785153445587563000,121932490,121652369,-136.121,0.000,0.000,1.000,2.000,0.000,0.000,9.000,0,0,0
B3_zmq_pushpull,zmq_tcp,none,none,,1,9128,512,584,1785153445588549000,1785153445588549000,1785153445588549000,1785153445588550000,1785153445588697000,1785153445588699000,1785153445588699000,1785153445588699000,121932490,121652369,-133.121,0.000,0.000,1.000,2.000,0.000,0.000,3.000,0,0,0
B3_zmq_pushpull,zmq_tcp,none,none,,1,9129,512,584,1785153445589516000,1785153445589516000,1785153445589516000,1785153445589517000,1785153445589686000,1785153445589689000,1785153445589689000,1785153445589689000,121932490,121652369,-111.121,0.000,0.000,1.000,3.000,0.000,0.000,22.000,0,0,0
B3_zmq_pushpull,zmq_tcp,none,none,,1,9130,512,584,1785153445590376000,1785153445590376000,1785153445590376000,1785153445590377000,1785153445590521000,1785153445590524000,1785153445590524000,1785153445590524000,121932490,121652369,-136.121,0.000,0.000,1.000,3.000,0.000,0.000,25.000,0,0,0
B3_zmq_pushpull,zmq_tcp,none,none,,1,9131,512,584,1785153445591372000,1785153445591372000,1785153445591373000,1785153445591374000,1785153445591509000,1785153445591512000,1785153445591512000,1785153445591512000,121932490,121652369,-145.121,0.000,1.000,1.000,3.000,0.000,0.000,9.000,0,0,0
B3_zmq_pushpull,zmq_tcp,none,none,,1,9132,512,584,1785153445592347000,1785153445592347000,1785153445592347000,1785153445592348000,1785153445592502000,1785153445592505000,1785153445592505000,1785153445592505000,121932490,121652369,-126.121,0.000,0.000,1.000,3.000,0.000,0.000,19.000,0,0,0
B3_zmq_pushpull,zmq_tcp,none,none,,1,9133,512,584,1785153445593565000,1785153445593565000,1785153445593565000,1785153445593566000,1785153445593754000,1785153445593757000,1785153445593757000,1785153445593757000,121932490,121652369,-92.121,0.000,0.000,1.000,3.000,0.000,0.000,34.000,0,0,0
B3_zmq_pushpull,zmq_tcp,none,none,,1,9134,512,584,1785153445594512000,1785153445594512000,1785153445594512000,1785153445594513000,1785153445594617000,1785153445594619000,1785153445594619000,1785153445594619000,121932490,121652369,-176.121,0.000,0.000,1.000,2.000,0.000,0.000,84.000,0,0,0
B3_zmq_pushpull,zmq_tcp,none,none,,1,9135,512,584,1785153445595525000,1785153445595525000,1785153445595526000,1785153445595526000,1785153445595611000,1785153445595614000,1785153445595614000,1785153445595614000,121932490,121652369,-195.121,0.000,1.000,0.000,3.000,0.000,0.000,19.000,0,0,0
B3_zmq_pushpull,zmq_tcp,none,none,,1,9136,512,584,1785153445596518000,1785153445596519000,1785153445596519000,1785153445596520000,1785153445596601000,1785153445596603000,1785153445596603000,1785153445596603000,121932490,121652369,-199.121,1.000,0.000,1.000,2.000,0.000,0.000,4.000,0,0,0
B3_zmq_pushpull,zmq_tcp,none,none,,1,9137,512,584,1785153445597524000,1785153445597524000,1785153445597524000,1785153445597525000,1785153445597604000,1785153445597607000,1785153445597607000,1785153445597607000,121932490,121652369,-201.121,0.000,0.000,1.000,3.000,0.000,0.000,2.000,0,0,0
B3_zmq_pushpull,zmq_tcp,none,none,,1,9138,512,584,1785153445598522000,1785153445598523000,1785153445598523000,1785153445598524000,1785153445598600000,1785153445598603000,1785153445598603000,1785153445598603000,121932490,121652369,-204.121,1.000,0.000,1.000,3.000,0.000,0.000,3.000,0,0,0
B3_zmq_pushpull,zmq_tcp,none,none,,1,9139,512,584,1785153445599524000,1785153445599524000,1785153445599524000,1785153445599525000,1785153445599614000,1785153445599616000,1785153445599617000,1785153445599617000,121932490,121652369,-191.121,0.000,0.000,1.000,2.000,1.000,0.000,13.000,0,0,0
B3_zmq_pushpull,zmq_tcp,none,none,,1,9140,512,584,1785153445600518000,1785153445600519000,1785153445600519000,1785153445600520000,1785153445600613000,1785153445600616000,1785153445600616000,1785153445600616000,121932490,121652369,-187.121,1.000,0.000,1.000,3.000,0.000,0.000,4.000,0,0,0
B3_zmq_pushpull,zmq_tcp,none,none,,1,9141,512,584,1785153445601525000,1785153445601525000,1785153445601525000,1785153445601526000,1785153445601619000,1785153445601622000,1785153445601622000,1785153445601622000,121932490,121652369,-187.121,0.000,0.000,1.000,3.000,0.000,0.000,0.000,0,0,0
B3_zmq_pushpull,zmq_tcp,none,none,,1,9142,512,584,1785153445602522000,1785153445602523000,1785153445602523000,1785153445602524000,1785153445602629000,1785153445602631000,1785153445602631000,1785153445602631000,121932490,121652369,-175.121,1.000,0.000,1.000,2.000,0.000,0.000,12.000,0,0,0
B3_zmq_pushpull,zmq_tcp,none,none,,1,9143,512,584,1785153445603522000,1785153445603522000,1785153445603522000,1785153445603523000,1785153445603611000,1785153445603614000,1785153445603614000,1785153445603614000,121932490,121652369,-192.121,0.000,0.000,1.000,3.000,0.000,0.000,17.000,0,0,0
B3_zmq_pushpull,zmq_tcp,none,none,,1,9144,512,584,1785153445604520000,1785153445604520000,1785153445604520000,1785153445604521000,1785153445604597000,1785153445604599000,1785153445604599000,1785153445604599000,121932490,121652369,-204.121,0.000,0.000,1.000,2.000,0.000,0.000,12.000,0,0,0
B3_zmq_pushpull,zmq_tcp,none,none,,1,9145,512,584,1785153445605524000,1785153445605524000,1785153445605524000,1785153445605525000,1785153445605584000,1785153445605586000,1785153445605586000,1785153445605586000,121932490,121652369,-221.121,0.000,0.000,1.000,2.000,0.000,0.000,17.000,0,0,0
B3_zmq_pushpull,zmq_tcp,none,none,,1,9146,512,584,1785153445606523000,1785153445606523000,1785153445606523000,1785153445606524000,1785153445606594000,1785153445606596000,1785153445606596000,1785153445606597000,121932490,121652369,-210.121,0.000,0.000,1.000,2.000,0.000,1.000,11.000,0,0,0
B3_zmq_pushpull,zmq_tcp,none,none,,1,9147,512,584,1785153445607522000,1785153445607522000,1785153445607522000,1785153445607524000,1785153445607598000,1785153445607601000,1785153445607601000,1785153445607601000,121932490,121652369,-206.121,0.000,0.000,2.000,3.000,0.000,0.000,4.000,0,0,0
B3_zmq_pushpull,zmq_tcp,none,none,,1,9148,512,584,1785153445608523000,1785153445608523000,1785153445608523000,1785153445608524000,1785153445608601000,1785153445608604000,1785153445608604000,1785153445608604000,121932490,121652369,-203.121,0.000,0.000,1.000,3.000,0.000,0.000,3.000,0,0,0
B3_zmq_pushpull,zmq_tcp,none,none,,1,9149,512,584,1785153445609523000,1785153445609523000,1785153445609523000,1785153445609524000,1785153445609606000,1785153445609609000,1785153445609609000,1785153445609609000,121932490,121652369,-198.121,0.000,0.000,1.000,3.000,0.000,0.000,5.000,0,0,0
B3_zmq_pushpull,zmq_tcp,none,none,,1,9150,512,584,1785153445610523000,1785153445610523000,1785153445610523000,1785153445610524000,1785153445610582000,1785153445610585000,1785153445610585000,1785153445610585000,121932490,121652369,-222.121,0.000,0.000,1.000,3.000,0.000,0.000,24.000,0,0,0
B3_zmq_pushpull,zmq_tcp,none,none,,1,9151,512,584,1785153445611522000,1785153445611522000,1785153445611522000,1785153445611523000,1785153445611566000,1785153445611569000,1785153445611569000,1785153445611569000,121932490,121652369,-237.121,0.000,0.000,1.000,3.000,0.000,0.000,15.000,0,0,0
B3_zmq_pushpull,zmq_tcp,none,none,,1,9152,512,584,1785153445612523000,1785153445612523000,1785153445612523000,1785153445612524000,1785153445612566000,1785153445612570000,1785153445612570000,1785153445612570000,121932490,121652369,-238.121,0.000,0.000,1.000,4.000,0.000,0.000,1.000,0,0,0
B3_zmq_pushpull,zmq_tcp,none,none,,1,9153,512,584,1785153445613524000,1785153445613524000,1785153445613524000,1785153445613525000,1785153445613711000,1785153445613714000,1785153445613714000,1785153445613714000,121932490,121652369,-94.121,0.000,0.000,1.000,3.000,0.000,0.000,144.000,0,0,0
B3_zmq_pushpull,zmq_tcp,none,none,,1,9154,512,584,1785153445614521000,1785153445614521000,1785153445614521000,1785153445614522000,1785153445614581000,1785153445614583000,1785153445614583000,1785153445614583000,121932490,121652369,-221.121,0.000,0.000,1.000,2.000,0.000,0.000,127.000,0,0,0
B3_zmq_pushpull,zmq_tcp,none,none,,1,9155,512,584,1785153445615417000,1785153445615417000,1785153445615417000,1785153445615418000,1785153445615577000,1785153445615579000,1785153445615579000,1785153445615579000,121932490,121652369,-121.121,0.000,0.000,1.000,2.000,0.000,0.000,100.000,0,0,0
B3_zmq_pushpull,zmq_tcp,none,none,,1,9156,512,584,1785153445616549000,1785153445616549000,1785153445616549000,1785153445616550000,1785153445616711000,1785153445616714000,1785153445616714000,1785153445616714000,121932490,121652369,-119.121,0.000,0.000,1.000,3.000,0.000,0.000,2.000,0,0,0
B3_zmq_pushpull,zmq_tcp,none,none,,1,9157,512,584,1785153445617516000,1785153445617516000,1785153445617516000,1785153445617517000,1785153445617581000,1785153445617583000,1785153445617584000,1785153445617584000,121932490,121652369,-216.121,0.000,0.000,1.000,2.000,1.000,0.000,97.000,0,0,0
B3_zmq_pushpull,zmq_tcp,none,none,,1,9158,512,584,1785153445618524000,1785153445618524000,1785153445618524000,1785153445618525000,1785153445618575000,1785153445618578000,1785153445618578000,1785153445618578000,121932490,121652369,-230.121,0.000,0.000,1.000,3.000,0.000,0.000,14.000,0,0,0
B3_zmq_pushpull,zmq_tcp,none,none,,1,9159,512,584,1785153445619522000,1785153445619522000,1785153445619522000,1785153445619523000,1785153445619576000,1785153445619579000,1785153445619579000,1785153445619579000,121932490,121652369,-227.121,0.000,0.000,1.000,3.000,0.000,0.000,3.000,0,0,0
B3_zmq_pushpull,zmq_tcp,none,none,,1,9160,512,584,1785153445620415000,1785153445620415000,1785153445620415000,1785153445620416000,1785153445620572000,1785153445620574000,1785153445620575000,1785153445620575000,121932490,121652369,-124.121,0.000,0.000,1.000,2.000,1.000,0.000,103.000,0,0,0
B3_zmq_pushpull,zmq_tcp,none,none,,1,9161,512,584,1785153445621548000,1785153445621548000,1785153445621548000,1785153445621549000,1785153445621704000,1785153445621706000,1785153445621706000,1785153445621706000,121932490,121652369,-125.121,0.000,0.000,1.000,2.000,0.000,0.000,1.000,0,0,0
B3_zmq_pushpull,zmq_tcp,none,none,,1,9162,512,584,1785153445622515000,1785153445622515000,1785153445622515000,1785153445622516000,1785153445622705000,1785153445622708000,1785153445622708000,1785153445622708000,121932490,121652369,-91.121,0.000,0.000,1.000,3.000,0.000,0.000,34.000,0,0,0
B3_zmq_pushpull,zmq_tcp,none,none,,1,9163,512,584,1785153445623406000,1785153445623406000,1785153445623406000,1785153445623407000,1785153445623562000,1785153445623565000,1785153445623565000,1785153445623565000,121932490,121652369,-125.121,0.000,0.000,1.000,3.000,0.000,0.000,34.000,0,0,0
B3_zmq_pushpull,zmq_tcp,none,none,,1,9164,512,584,1785153445624383000,1785153445624383000,1785153445624383000,1785153445624384000,1785153445624538000,1785153445624541000,1785153445624541000,1785153445624541000,121932490,121652369,-126.121,0.000,0.000,1.000,3.000,0.000,0.000,1.000,0,0,0
B3_zmq_pushpull,zmq_tcp,none,none,,1,9165,512,584,1785153445625348000,1785153445625349000,1785153445625349000,1785153445625350000,1785153445625502000,1785153445625505000,1785153445625505000,1785153445625505000,121932490,121652369,-128.121,1.000,0.000,1.000,3.000,0.000,0.000,2.000,0,0,0
B3_zmq_pushpull,zmq_tcp,none,none,,1,9166,512,584,1785153445626327000,1785153445626327000,1785153445626328000,1785153445626329000,1785153445626480000,1785153445626482000,1785153445626482000,1785153445626482000,121932490,121652369,-129.121,0.000,1.000,1.000,2.000,0.000,0.000,1.000,0,0,0
B3_zmq_pushpull,zmq_tcp,none,none,,1,9167,512,584,1785153445627327000,1785153445627327000,1785153445627327000,1785153445627328000,1785153445627472000,1785153445627474000,1785153445627474000,1785153445627474000,121932490,121652369,-136.121,0.000,0.000,1.000,2.000,0.000,0.000,7.000,0,0,0
B3_zmq_pushpull,zmq_tcp,none,none,,1,9168,512,584,1785153445628326000,1785153445628326000,1785153445628326000,1785153445628327000,1785153445628471000,1785153445628473000,1785153445628473000,1785153445628473000,121932490,121652369,-136.121,0.000,0.000,1.000,2.000,0.000,0.000,0.000,0,0,0
B3_zmq_pushpull,zmq_tcp,none,none,,1,9169,512,584,1785153445629327000,1785153445629327000,1785153445629327000,1785153445629328000,1785153445629472000,1785153445629474000,1785153445629474000,1785153445629474000,121932490,121652369,-136.121,0.000,0.000,1.000,2.000,0.000,0.000,0.000,0,0,0
B3_zmq_pushpull,zmq_tcp,none,none,,1,9170,512,584,1785153445630438000,1785153445630438000,1785153445630438000,1785153445630439000,1785153445630597000,1785153445630600000,1785153445630600000,1785153445630600000,121932490,121652369,-122.121,0.000,0.000,1.000,3.000,0.000,0.000,14.000,0,0,0
B3_zmq_pushpull,zmq_tcp,none,none,,1,9171,512,584,1785153445631439000,1785153445631439000,1785153445631439000,1785153445631440000,1785153445631592000,1785153445631595000,1785153445631595000,1785153445631595000,121932490,121652369,-128.121,0.000,0.000,1.000,3.000,0.000,0.000,6.000,0,0,0
B3_zmq_pushpull,zmq_tcp,none,none,,1,9172,512,584,1785153445632418000,1785153445632418000,1785153445632418000,1785153445632419000,1785153445632570000,1785153445632573000,1785153445632573000,1785153445632573000,121932490,121652369,-129.121,0.000,0.000,1.000,3.000,0.000,0.000,1.000,0,0,0
B3_zmq_pushpull,zmq_tcp,none,none,,1,9173,512,584,1785153445633399000,1785153445633399000,1785153445633399000,1785153445633400000,1785153445633549000,1785153445633552000,1785153445633552000,1785153445633552000,121932490,121652369,-131.121,0.000,0.000,1.000,3.000,0.000,0.000,2.000,0,0,0
B3_zmq_pushpull,zmq_tcp,none,none,,1,9174,512,584,1785153445634374000,1785153445634374000,1785153445634374000,1785153445634375000,1785153445634533000,1785153445634536000,1785153445634536000,1785153445634536000,121932490,121652369,-122.121,0.000,0.000,1.000,3.000,0.000,0.000,9.000,0,0,0
B3_zmq_pushpull,zmq_tcp,none,none,,1,9175,512,584,1785153445635561000,1785153445635562000,1785153445635562000,1785153445635563000,1785153445635654000,1785153445635657000,1785153445635657000,1785153445635657000,121932490,121652369,-189.121,1.000,0.000,1.000,3.000,0.000,0.000,67.000,0,0,0
B3_zmq_pushpull,zmq_tcp,none,none,,1,9176,512,584,1785153445636511000,1785153445636512000,1785153445636512000,1785153445636513000,1785153445636657000,1785153445636660000,1785153445636660000,1785153445636660000,121932490,121652369,-136.121,1.000,0.000,1.000,3.000,0.000,0.000,53.000,0,0,0
B3_zmq_pushpull,zmq_tcp,none,none,,1,9177,512,584,1785153445637527000,1785153445637527000,1785153445637527000,1785153445637528000,1785153445637657000,1785153445637660000,1785153445637660000,1785153445637660000,121932490,121652369,-151.121,0.000,0.000,1.000,3.000,0.000,0.000,15.000,0,0,0
B3_zmq_pushpull,zmq_tcp,none,none,,1,9178,512,584,1785153445638520000,1785153445638520000,1785153445638520000,1785153445638521000,1785153445638627000,1785153445638630000,1785153445638630000,1785153445638630000,121932490,121652369,-174.121,0.000,0.000,1.000,3.000,0.000,0.000,23.000,0,0,0
B3_zmq_pushpull,zmq_tcp,none,none,,1,9179,512,584,1785153445639331000,1785153445639331000,1785153445639331000,1785153445639332000,1785153445639487000,1785153445639489000,1785153445639489000,1785153445639489000,121932490,121652369,-125.121,0.000,0.000,1.000,2.000,0.000,0.000,49.000,0,0,0
B3_zmq_pushpull,zmq_tcp,none,none,,1,9180,512,584,1785153445640324000,1785153445640325000,1785153445640325000,1785153445640326000,1785153445640464000,1785153445640467000,1785153445640467000,1785153445640467000,121932490,121652369,-142.121,1.000,0.000,1.000,3.000,0.000,0.000,17.000,0,0,0
B3_zmq_pushpull,zmq_tcp,none,none,,1,9181,512,584,1785153445641438000,1785153445641438000,1785153445641438000,1785153445641439000,1785153445641599000,1785153445641601000,1785153445641601000,1785153445641601000,121932490,121652369,-120.121,0.000,0.000,1.000,2.000,0.000,0.000,22.000,0,0,0
B3_zmq_pushpull,zmq_tcp,none,none,,1,9182,512,584,1785153445642543000,1785153445642543000,1785153445642543000,1785153445642544000,1785153445642720000,1785153445642723000,1785153445642723000,1785153445642723000,121932490,121652369,-104.121,0.000,0.000,1.000,3.000,0.000,0.000,16.000,0,0,0
B3_zmq_pushpull,zmq_tcp,none,none,,1,9183,512,584,1785153445643514000,1785153445643514000,1785153445643514000,1785153445643515000,1785153445643570000,1785153445643573000,1785153445643574000,1785153445643574000,121932490,121652369,-225.121,0.000,0.000,1.000,3.000,1.000,0.000,121.000,0,0,0
B3_zmq_pushpull,zmq_tcp,none,none,,1,9184,512,584,1785153445644380000,1785153445644380000,1785153445644380000,1785153445644381000,1785153445644540000,1785153445644542000,1785153445644543000,1785153445644543000,121932490,121652369,-121.121,0.000,0.000,1.000,2.000,1.000,0.000,104.000,0,0,0
B3_zmq_pushpull,zmq_tcp,none,none,,1,9185,512,584,1785153445645557000,1785153445645558000,1785153445645558000,1785153445645559000,1785153445645659000,1785153445645661000,1785153445645661000,1785153445645661000,121932490,121652369,-180.121,1.000,0.000,1.000,2.000,0.000,0.000,59.000,0,0,0
B3_zmq_pushpull,zmq_tcp,none,none,,1,9186,512,584,1785153445646510000,1785153445646510000,1785153445646510000,1785153445646511000,1785153445646625000,1785153445646628000,1785153445646628000,1785153445646628000,121932490,121652369,-166.121,0.000,0.000,1.000,3.000,0.000,0.000,14.000,0,0,0
B3_zmq_pushpull,zmq_tcp,none,none,,1,9187,512,584,1785153445647525000,1785153445647526000,1785153445647526000,1785153445647527000,1785153445647600000,1785153445647603000,1785153445647603000,1785153445647603000,121932490,121652369,-207.121,1.000,0.000,1.000,3.000,0.000,0.000,41.000,0,0,0
B3_zmq_pushpull,zmq_tcp,none,none,,1,9188,512,584,1785153445648427000,1785153445648428000,1785153445648428000,1785153445648429000,1785153445648583000,1785153445648585000,1785153445648585000,1785153445648585000,121932490,121652369,-126.121,1.000,0.000,1.000,2.000,0.000,0.000,81.000,0,0,0
B3_zmq_pushpull,zmq_tcp,none,none,,1,9189,512,584,1785153445649548000,1785153445649548000,1785153445649549000,1785153445649550000,1785153445649709000,1785153445649712000,1785153445649712000,1785153445649712000,121932490,121652369,-121.121,0.000,1.000,1.000,3.000,0.000,0.000,5.000,0,0,0
B3_zmq_pushpull,zmq_tcp,none,none,,1,9190,512,584,1785153445650514000,1785153445650514000,1785153445650514000,1785153445650515000,1785153445650665000,1785153445650668000,1785153445650668000,1785153445650668000,121932490,121652369,-130.121,0.000,0.000,1.000,3.000,0.000,0.000,9.000,0,0,0
B3_zmq_pushpull,zmq_tcp,none,none,,1,9191,512,584,1785153445651526000,1785153445651526000,1785153445651526000,1785153445651527000,1785153445651621000,1785153445651624000,1785153445651624000,1785153445651624000,121932490,121652369,-186.121,0.000,0.000,1.000,3.000,0.000,0.000,56.000,0,0,0
B3_zmq_pushpull,zmq_tcp,none,none,,1,9192,512,584,1785153445652522000,1785153445652522000,1785153445652522000,1785153445652523000,1785153445652600000,1785153445652603000,1785153445652603000,1785153445652603000,121932490,121652369,-203.121,0.000,0.000,1.000,3.000,0.000,0.000,17.000,0,0,0
B3_zmq_pushpull,zmq_tcp,none,none,,1,9193,512,584,1785153445653522000,1785153445653522000,1785153445653522000,1785153445653523000,1785153445653680000,1785153445653683000,1785153445653683000,1785153445653683000,121932490,121652369,-123.121,0.000,0.000,1.000,3.000,0.000,0.000,80.000,0,0,0
B3_zmq_pushpull,zmq_tcp,none,none,,1,9194,512,584,1785153445654377000,1785153445654377000,1785153445654377000,1785153445654378000,1785153445654528000,1785153445654531000,1785153445654531000,1785153445654531000,121932490,121652369,-130.121,0.000,0.000,1.000,3.000,0.000,0.000,7.000,0,0,0
B3_zmq_pushpull,zmq_tcp,none,none,,1,9195,512,584,1785153445655363000,1785153445655363000,1785153445655364000,1785153445655365000,1785153445655524000,1785153445655527000,1785153445655527000,1785153445655527000,121932490,121652369,-121.121,0.000,1.000,1.000,3.000,0.000,0.000,9.000,0,0,0
B3_zmq_pushpull,zmq_tcp,none,none,,1,9196,512,584,1785153445656562000,1785153445656562000,1785153445656562000,1785153445656563000,1785153445656653000,1785153445656656000,1785153445656656000,1785153445656656000,121932490,121652369,-190.121,0.000,0.000,1.000,3.000,0.000,0.000,69.000,0,0,0
B3_zmq_pushpull,zmq_tcp,none,none,,1,9197,512,584,1785153445657511000,1785153445657511000,1785153445657511000,1785153445657512000,1785153445657632000,1785153445657635000,1785153445657635000,1785153445657635000,121932490,121652369,-160.121,0.000,0.000,1.000,3.000,0.000,0.000,30.000,0,0,0
B3_zmq_pushpull,zmq_tcp,none,none,,1,9198,512,584,1785153445658525000,1785153445658525000,1785153445658525000,1785153445658526000,1785153445658601000,1785153445658605000,1785153445658605000,1785153445658605000,121932490,121652369,-205.121,0.000,0.000,1.000,4.000,0.000,0.000,45.000,0,0,0
B3_zmq_pushpull,zmq_tcp,none,none,,1,9199,512,584,1785153445659522000,1785153445659522000,1785153445659522000,1785153445659523000,1785153445659569000,1785153445659571000,1785153445659572000,1785153445659572000,121932490,121652369,-234.121,0.000,0.000,1.000,2.000,1.000,0.000,29.000,0,0,0
B3_zmq_pushpull,zmq_tcp,none,none,,1,9200,512,584,1785153445660522000,1785153445660522000,1785153445660522000,1785153445660523000,1785153445660669000,1785153445660672000,1785153445660672000,1785153445660672000,121932490,121652369,-134.121,0.000,0.000,1.000,3.000,0.000,0.000,100.000,0,0,0
B3_zmq_pushpull,zmq_tcp,none,none,,1,9201,512,584,1785153445661367000,1785153445661368000,1785153445661368000,1785153445661369000,1785153445661520000,1785153445661523000,1785153445661523000,1785153445661523000,121932490,121652369,-129.121,1.000,0.000,1.000,3.000,0.000,0.000,5.000,0,0,0
B3_zmq_pushpull,zmq_tcp,none,none,,1,9202,512,584,1785153445662354000,1785153445662354000,1785153445662355000,1785153445662355000,1785153445662511000,1785153445662514000,1785153445662514000,1785153445662514000,121932490,121652369,-124.121,0.000,1.000,0.000,3.000,0.000,0.000,5.000,0,0,0
B3_zmq_pushpull,zmq_tcp,none,none,,1,9203,512,584,1785153445663567000,1785153445663567000,1785153445663567000,1785153445663568000,1785153445663653000,1785153445663656000,1785153445663656000,1785153445663656000,121932490,121652369,-195.121,0.000,0.000,1.000,3.000,0.000,0.000,71.000,0,0,0
B3_zmq_pushpull,zmq_tcp,none,none,,1,9204,512,584,1785153445664507000,1785153445664507000,1785153445664507000,1785153445664508000,1785153445664660000,1785153445664663000,1785153445664663000,1785153445664663000,121932490,121652369,-128.121,0.000,0.000,1.000,3.000,0.000,0.000,67.000,0,0,0
B3_zmq_pushpull,zmq_tcp,none,none,,1,9205,512,584,1785153445665358000,1785153445665358000,1785153445665358000,1785153445665359000,1785153445665509000,1785153445665512000,1785153445665512000,1785153445665512000,121932490,121652369,-130.121,0.000,0.000,1.000,3.000,0.000,0.000,2.000,0,0,0
B3_zmq_pushpull,zmq_tcp,none,none,,1,9206,512,584,1785153445666333000,1785153445666333000,1785153445666333000,1785153445666335000,1785153445666479000,1785153445666483000,1785153445666483000,1785153445666483000,121932490,121652369,-136.121,0.000,0.000,2.000,4.000,0.000,0.000,6.000,0,0,0
B3_zmq_pushpull,zmq_tcp,none,none,,1,9207,512,584,1785153445667570000,1785153445667570000,1785153445667570000,1785153445667571000,1785153445667745000,1785153445667748000,1785153445667748000,1785153445667748000,121932490,121652369,-106.121,0.000,0.000,1.000,3.000,0.000,0.000,30.000,0,0,0
B3_zmq_pushpull,zmq_tcp,none,none,,1,9208,512,584,1785153445668508000,1785153445668508000,1785153445668508000,1785153445668509000,1785153445668577000,1785153445668580000,1785153445668580000,1785153445668580000,121932490,121652369,-212.121,0.000,0.000,1.000,3.000,0.000,0.000,106.000,0,0,0
B3_zmq_pushpull,zmq_tcp,none,none,,1,9209,512,584,1785153445669526000,1785153445669526000,1785153445669526000,1785153445669527000,1785153445669702000,1785153445669704000,1785153445669704000,1785153445669704000,121932490,121652369,-105.121,0.000,0.000,1.000,2.000,0.000,0.000,107.000,0,0,0
B3_zmq_pushpull,zmq_tcp,none,none,,1,9210,512,584,1785153445670527000,1785153445670527000,1785153445670527000,1785153445670528000,1785153445670685000,1785153445670688000,1785153445670688000,1785153445670688000,121932490,121652369,-123.121,0.000,0.000,1.000,3.000,0.000,0.000,18.000,0,0,0
B3_zmq_pushpull,zmq_tcp,none,none,,1,9211,512,584,1785153445671521000,1785153445671521000,1785153445671521000,1785153445671522000,1785153445671672000,1785153445671675000,1785153445671675000,1785153445671675000,121932490,121652369,-130.121,0.000,0.000,1.000,3.000,0.000,0.000,7.000,0,0,0
B3_zmq_pushpull,zmq_tcp,none,none,,1,9212,512,584,1785153445672522000,1785153445672522000,1785153445672522000,1785153445672523000,1785153445672650000,1785153445672653000,1785153445672653000,1785153445672653000,121932490,121652369,-153.121,0.000,0.000,1.000,3.000,0.000,0.000,23.000,0,0,0
B3_zmq_pushpull,zmq_tcp,none,none,,1,9213,512,584,1785153445673522000,1785153445673522000,1785153445673522000,1785153445673523000,1785153445673600000,1785153445673603000,1785153445673603000,1785153445673603000,121932490,121652369,-203.121,0.000,0.000,1.000,3.000,0.000,0.000,50.000,0,0,0
B3_zmq_pushpull,zmq_tcp,none,none,,1,9214,512,584,1785153445674522000,1785153445674522000,1785153445674522000,1785153445674523000,1785153445674580000,1785153445674584000,1785153445674584000,1785153445674584000,121932490,121652369,-223.121,0.000,0.000,1.000,4.000,0.000,0.000,20.000,0,0,0
B3_zmq_pushpull,zmq_tcp,none,none,,1,9215,512,584,1785153445675520000,1785153445675520000,1785153445675520000,1785153445675521000,1785153445675575000,1785153445675578000,1785153445675578000,1785153445675578000,121932490,121652369,-226.121,0.000,0.000,1.000,3.000,0.000,0.000,3.000,0,0,0
B3_zmq_pushpull,zmq_tcp,none,none,,1,9216,512,584,1785153445676525000,1785153445676525000,1785153445676525000,1785153445676526000,1785153445676705000,1785153445676713000,1785153445676713000,1785153445676713000,121932490,121652369,-101.121,0.000,0.000,1.000,8.000,0.000,0.000,125.000,0,0,0
B3_zmq_pushpull,zmq_tcp,none,none,,1,9217,512,584,1785153445677520000,1785153445677520000,1785153445677521000,1785153445677521000,1785153445677716000,1785153445677719000,1785153445677719000,1785153445677719000,121932490,121652369,-85.121,0.000,1.000,0.000,3.000,0.000,0.000,16.000,0,0,0
B3_zmq_pushpull,zmq_tcp,none,none,,1,9218,512,584,1785153445678524000,1785153445678524000,1785153445678524000,1785153445678525000,1785153445678704000,1785153445678707000,1785153445678707000,1785153445678707000,121932490,121652369,-101.121,0.000,0.000,1.000,3.000,0.000,0.000,16.000,0,0,0
B3_zmq_pushpull,zmq_tcp,none,none,,1,9219,512,584,1785153445679519000,1785153445679519000,1785153445679519000,1785153445679520000,1785153445679687000,1785153445679690000,1785153445679690000,1785153445679690000,121932490,121652369,-113.121,0.000,0.000,1.000,3.000,0.000,0.000,12.000,0,0,0
B3_zmq_pushpull,zmq_tcp,none,none,,1,9220,512,584,1785153445680523000,1785153445680523000,1785153445680523000,1785153445680524000,1785153445680681000,1785153445680685000,1785153445680685000,1785153445680685000,121932490,121652369,-123.121,0.000,0.000,1.000,4.000,0.000,0.000,10.000,0,0,0
B3_zmq_pushpull,zmq_tcp,none,none,,1,9221,512,584,1785153445681353000,1785153445681353000,1785153445681353000,1785153445681354000,1785153445681507000,1785153445681509000,1785153445681509000,1785153445681509000,121932490,121652369,-127.121,0.000,0.000,1.000,2.000,0.000,0.000,4.000,0,0,0
B3_zmq_pushpull,zmq_tcp,none,none,,1,9222,512,584,1785153445682336000,1785153445682337000,1785153445682337000,1785153445682338000,1785153445682488000,1785153445682491000,1785153445682491000,1785153445682491000,121932490,121652369,-130.121,1.000,0.000,1.000,3.000,0.000,0.000,3.000,0,0,0
B3_zmq_pushpull,zmq_tcp,none,none,,1,9223,512,584,1785153445683568000,1785153445683569000,1785153445683569000,1785153445683570000,1785153445683752000,1785153445683755000,1785153445683755000,1785153445683755000,121932490,121652369,-98.121,1.000,0.000,1.000,3.000,0.000,0.000,32.000,0,0,0
B3_zmq_pushpull,zmq_tcp,none,none,,1,9224,512,584,1785153445684446000,1785153445684446000,1785153445684446000,1785153445684447000,1785153445684594000,1785153445684597000,1785153445684597000,1785153445684597000,121932490,121652369,-133.121,0.000,0.000,1.000,3.000,0.000,0.000,35.000,0,0,0
B3_zmq_pushpull,zmq_tcp,none,none,,1,9225,512,584,1785153445685431000,1785153445685432000,1785153445685432000,1785153445685433000,1785153445685591000,1785153445685593000,1785153445685593000,1785153445685593000,121932490,121652369,-122.121,1.000,0.000,1.000,2.000,0.000,0.000,11.000,0,0,0
B3_zmq_pushpull,zmq_tcp,none,none,,1,9226,512,584,1785153445686440000,1785153445686440000,1785153445686440000,1785153445686441000,1785153445686591000,1785153445686594000,1785153445686594000,1785153445686594000,121932490,121652369,-130.121,0.000,0.000,1.000,3.000,0.000,0.000,8.000,0,0,0
B3_zmq_pushpull,zmq_tcp,none,none,,1,9227,512,584,1785153445687406000,1785153445687406000,1785153445687406000,1785153445687407000,1785153445687557000,1785153445687560000,1785153445687560000,1785153445687560000,121932490,121652369,-130.121,0.000,0.000,1.000,3.000,0.000,0.000,0.000,0,0,0
B3_zmq_pushpull,zmq_tcp,none,none,,1,9228,512,584,1785153445688374000,1785153445688374000,1785153445688374000,1785153445688375000,1785153445688525000,1785153445688528000,1785153445688528000,1785153445688528000,121932490,121652369,-130.121,0.000,0.000,1.000,3.000,0.000,0.000,0.000,0,0,0
B3_zmq_pushpull,zmq_tcp,none,none,,1,9229,512,584,1785153445689362000,1785153445689362000,1785153445689362000,1785153445689364000,1785153445689507000,1785153445689509000,1785153445689509000,1785153445689509000,121932490,121652369,-137.121,0.000,0.000,2.000,2.000,0.000,0.000,7.000,0,0,0
B3_zmq_pushpull,zmq_tcp,none,none,,1,9230,512,584,1785153445690562000,1785153445690562000,1785153445690562000,1785153445690563000,1785153445690642000,1785153445690645000,1785153445690645000,1785153445690645000,121932490,121652369,-201.121,0.000,0.000,1.000,3.000,0.000,0.000,64.000,0,0,0
B3_zmq_pushpull,zmq_tcp,none,none,,1,9231,512,584,1785153445691512000,1785153445691513000,1785153445691513000,1785153445691514000,1785153445691647000,1785153445691650000,1785153445691650000,1785153445691650000,121932490,121652369,-147.121,1.000,0.000,1.000,3.000,0.000,0.000,54.000,0,0,0
B3_zmq_pushpull,zmq_tcp,none,none,,1,9232,512,584,1785153445692527000,1785153445692527000,1785153445692527000,1785153445692528000,1785153445692628000,1785153445692631000,1785153445692631000,1785153445692631000,121932490,121652369,-180.121,0.000,0.000,1.000,3.000,0.000,0.000,33.000,0,0,0
B3_zmq_pushpull,zmq_tcp,none,none,,1,9233,512,584,1785153445693521000,1785153445693522000,1785153445693522000,1785153445693523000,1785153445693624000,1785153445693627000,1785153445693627000,1785153445693627000,121932490,121652369,-179.121,1.000,0.000,1.000,3.000,0.000,0.000,1.000,0,0,0
B3_zmq_pushpull,zmq_tcp,none,none,,1,9234,512,584,1785153445694522000,1785153445694522000,1785153445694522000,1785153445694523000,1785153445694599000,1785153445694601000,1785153445694601000,1785153445694601000,121932490,121652369,-204.121,0.000,0.000,1.000,2.000,0.000,0.000,25.000,0,0,0
B3_zmq_pushpull,zmq_tcp,none,none,,1,9235,512,584,1785153445695522000,1785153445695522000,1785153445695522000,1785153445695523000,1785153445695568000,1785153445695572000,1785153445695572000,1785153445695572000,121932490,121652369,-235.121,0.000,0.000,1.000,4.000,0.000,0.000,31.000,0,0,0
B3_zmq_pushpull,zmq_tcp,none,none,,1,9236,512,584,1785153445696523000,1785153445696523000,1785153445696523000,1785153445696524000,1785153445696702000,1785153445696705000,1785153445696705000,1785153445696706000,121932490,121652369,-102.121,0.000,0.000,1.000,3.000,0.000,1.000,133.000,0,0,0
B3_zmq_pushpull,zmq_tcp,none,none,,1,9237,512,584,1785153445697396000,1785153445697396000,1785153445697396000,1785153445697397000,1785153445697538000,1785153445697540000,1785153445697541000,1785153445697541000,121932490,121652369,-139.121,0.000,0.000,1.000,2.000,1.000,0.000,37.000,0,0,0
B3_zmq_pushpull,zmq_tcp,none,none,,1,9238,512,584,1785153445698556000,1785153445698556000,1785153445698556000,1785153445698557000,1785153445698668000,1785153445698671000,1785153445698671000,1785153445698671000,121932490,121652369,-169.121,0.000,0.000,1.000,3.000,0.000,0.000,30.000,0,0,0
B3_zmq_pushpull,zmq_tcp,none,none,,1,9239,512,584,1785153445699514000,1785153445699514000,1785153445699514000,1785153445699515000,1785153445699651000,1785153445699654000,1785153445699654000,1785153445699654000,121932490,121652369,-144.121,0.000,0.000,1.000,3.000,0.000,0.000,25.000,0,0,0
B3_zmq_pushpull,zmq_tcp,none,none,,1,9240,512,584,1785153445700524000,1785153445700525000,1785153445700525000,1785153445700526000,1785153445700640000,1785153445700643000,1785153445700643000,1785153445700643000,121932490,121652369,-166.121,1.000,0.000,1.000,3.000,0.000,0.000,22.000,0,0,0
B3_zmq_pushpull,zmq_tcp,none,none,,1,9241,512,584,1785153445701521000,1785153445701521000,1785153445701522000,1785153445701522000,1785153445701626000,1785153445701628000,1785153445701628000,1785153445701628000,121932490,121652369,-176.121,0.000,1.000,0.000,2.000,0.000,0.000,10.000,0,0,0
B3_zmq_pushpull,zmq_tcp,none,none,,1,9242,512,584,1785153445702424000,1785153445702424000,1785153445702424000,1785153445702425000,1785153445702575000,1785153445702577000,1785153445702577000,1785153445702577000,121932490,121652369,-130.121,0.000,0.000,1.000,2.000,0.000,0.000,46.000,0,0,0
B3_zmq_pushpull,zmq_tcp,none,none,,1,9243,512,584,1785153445703395000,1785153445703395000,1785153445703395000,1785153445703396000,1785153445703551000,1785153445703554000,1785153445703554000,1785153445703554000,121932490,121652369,-125.121,0.000,0.000,1.000,3.000,0.000,0.000,5.000,0,0,0
B3_zmq_pushpull,zmq_tcp,none,none,,1,9244,512,584,1785153445704381000,1785153445704381000,1785153445704381000,1785153445704382000,1785153445704542000,1785153445704544000,1785153445704544000,1785153445704544000,121932490,121652369,-120.121,0.000,0.000,1.000,2.000,0.000,0.000,5.000,0,0,0
B3_zmq_pushpull,zmq_tcp,none,none,,1,9245,512,584,1785153445705557000,1785153445705557000,1785153445705557000,1785153445705558000,1785153445705664000,1785153445705667000,1785153445705667000,1785153445705667000,121932490,121652369,-174.121,0.000,0.000,1.000,3.000,0.000,0.000,54.000,0,0,0
B3_zmq_pushpull,zmq_tcp,none,none,,1,9246,512,584,1785153445706514000,1785153445706515000,1785153445706515000,1785153445706516000,1785153445706664000,1785153445706667000,1785153445706667000,1785153445706667000,121932490,121652369,-132.121,1.000,0.000,1.000,3.000,0.000,0.000,42.000,0,0,0
B3_zmq_pushpull,zmq_tcp,none,none,,1,9247,512,584,1785153445707525000,1785153445707525000,1785153445707525000,1785153445707526000,1785153445707652000,1785153445707655000,1785153445707655000,1785153445707655000,121932490,121652369,-154.121,0.000,0.000,1.000,3.000,0.000,0.000,22.000,0,0,0
B3_zmq_pushpull,zmq_tcp,none,none,,1,9248,512,584,1785153445708518000,1785153445708518000,1785153445708518000,1785153445708519000,1785153445708638000,1785153445708640000,1785153445708640000,1785153445708640000,121932490,121652369,-161.121,0.000,0.000,1.000,2.000,0.000,0.000,7.000,0,0,0
B3_zmq_pushpull,zmq_tcp,none,none,,1,9249,512,584,1785153445709523000,1785153445709523000,1785153445709523000,1785153445709524000,1785153445709614000,1785153445709616000,1785153445709616000,1785153445709616000,121932490,121652369,-190.121,0.000,0.000,1.000,2.000,0.000,0.000,29.000,0,0,0
B3_zmq_pushpull,zmq_tcp,none,none,,1,9250,512,584,1785153445710523000,1785153445710523000,1785153445710523000,1785153445710524000,1785153445710610000,1785153445710612000,1785153445710612000,1785153445710612000,121932490,121652369,-194.121,0.000,0.000,1.000,2.000,0.000,0.000,4.000,0,0,0
B3_zmq_pushpull,zmq_tcp,none,none,,1,9251,512,584,1785153445711523000,1785153445711524000,1785153445711524000,1785153445711525000,1785153445711603000,1785153445711606000,1785153445711606000,1785153445711606000,121932490,121652369,-202.121,1.000,0.000,1.000,3.000,0.000,0.000,8.000,0,0,0
B3_zmq_pushpull,zmq_tcp,none,none,,1,9252,512,584,1785153445712520000,1785153445712520000,1785153445712520000,1785153445712521000,1785153445712606000,1785153445712608000,1785153445712608000,1785153445712608000,121932490,121652369,-195.121,0.000,0.000,1.000,2.000,0.000,0.000,7.000,0,0,0
B3_zmq_pushpull,zmq_tcp,none,none,,1,9253,512,584,1785153445713523000,1785153445713523000,1785153445713523000,1785153445713524000,1785153445713591000,1785153445713595000,1785153445713595000,1785153445713595000,121932490,121652369,-213.121,0.000,0.000,1.000,4.000,0.000,0.000,18.000,0,0,0
B3_zmq_pushpull,zmq_tcp,none,none,,1,9254,512,584,1785153445714523000,1785153445714523000,1785153445714523000,1785153445714524000,1785153445714583000,1785153445714586000,1785153445714587000,1785153445714587000,121932490,121652369,-221.121,0.000,0.000,1.000,3.000,1.000,0.000,8.000,0,0,0
B3_zmq_pushpull,zmq_tcp,none,none,,1,9255,512,584,1785153445715393000,1785153445715393000,1785153445715393000,1785153445715394000,1785153445715537000,1785153445715539000,1785153445715539000,1785153445715539000,121932490,121652369,-137.121,0.000,0.000,1.000,2.000,0.000,0.000,84.000,0,0,0
B3_zmq_pushpull,zmq_tcp,none,none,,1,9256,512,584,1785153445716374000,1785153445716374000,1785153445716374000,1785153445716375000,1785153445716527000,1785153445716530000,1785153445716530000,1785153445716530000,121932490,121652369,-128.121,0.000,0.000,1.000,3.000,0.000,0.000,9.000,0,0,0
B3_zmq_pushpull,zmq_tcp,none,none,,1,9257,512,584,1785153445717354000,1785153445717354000,1785153445717354000,1785153445717356000,1785153445717499000,1785153445717502000,1785153445717502000,1785153445717502000,121932490,121652369,-137.121,0.000,0.000,2.000,3.000,0.000,0.000,9.000,0,0,0
B3_zmq_pushpull,zmq_tcp,none,none,,1,9258,512,584,1785153445718570000,1785153445718570000,1785153445718570000,1785153445718571000,1785153445718644000,1785153445718647000,1785153445718647000,1785153445718647000,121932490,121652369,-207.121,0.000,0.000,1.000,3.000,0.000,0.000,70.000,0,0,0
B3_zmq_pushpull,zmq_tcp,none,none,,1,9259,512,584,1785153445719509000,1785153445719509000,1785153445719509000,1785153445719510000,1785153445719634000,1785153445719636000,1785153445719636000,1785153445719636000,121932490,121652369,-156.121,0.000,0.000,1.000,2.000,0.000,0.000,51.000,0,0,0
B3_zmq_pushpull,zmq_tcp,none,none,,1,9260,512,584,1785153445720526000,1785153445720526000,1785153445720526000,1785153445720527000,1785153445720628000,1785153445720631000,1785153445720632000,1785153445720632000,121932490,121652369,-179.121,0.000,0.000,1.000,3.000,1.000,0.000,23.000,0,0,0
B3_zmq_pushpull,zmq_tcp,none,none,,1,9261,512,584,1785153445721444000,1785153445721444000,1785153445721444000,1785153445721445000,1785153445721595000,1785153445721598000,1785153445721598000,1785153445721598000,121932490,121652369,-130.121,0.000,0.000,1.000,3.000,0.000,0.000,49.000,0,0,0
B3_zmq_pushpull,zmq_tcp,none,none,,1,9262,512,584,1785153445722421000,1785153445722421000,1785153445722421000,1785153445722422000,1785153445722575000,1785153445722578000,1785153445722578000,1785153445722578000,121932490,121652369,-127.121,0.000,0.000,1.000,3.000,0.000,0.000,3.000,0,0,0
B3_zmq_pushpull,zmq_tcp,none,none,,1,9263,512,584,1785153445723381000,1785153445723382000,1785153445723382000,1785153445723383000,1785153445723524000,1785153445723527000,1785153445723527000,1785153445723527000,121932490,121652369,-139.121,1.000,0.000,1.000,3.000,0.000,0.000,12.000,0,0,0
B3_zmq_pushpull,zmq_tcp,none,none,,1,9264,512,584,1785153445724561000,1785153445724561000,1785153445724561000,1785153445724562000,1785153445724666000,1785153445724668000,1785153445724668000,1785153445724668000,121932490,121652369,-176.121,0.000,0.000,1.000,2.000,0.000,0.000,37.000,0,0,0
B3_zmq_pushpull,zmq_tcp,none,none,,1,9265,512,584,1785153445725513000,1785153445725513000,1785153445725513000,1785153445725514000,1785153445725656000,1785153445725659000,1785153445725659000,1785153445725659000,121932490,121652369,-138.121,0.000,0.000,1.000,3.000,0.000,0.000,38.000,0,0,0
B3_zmq_pushpull,zmq_tcp,none,none,,1,9266,512,584,1785153445726340000,1785153445726341000,1785153445726341000,1785153445726342000,1785153445726498000,1785153445726500000,1785153445726500000,1785153445726500000,121932490,121652369,-124.121,1.000,0.000,1.000,2.000,0.000,0.000,14.000,0,0,0
B3_zmq_pushpull,zmq_tcp,none,none,,1,9267,512,584,1785153445727325000,1785153445727325000,1785153445727325000,1785153445727326000,1785153445727473000,1785153445727476000,1785153445727476000,1785153445727476000,121932490,121652369,-133.121,0.000,0.000,1.000,3.000,0.000,0.000,9.000,0,0,0
B3_zmq_pushpull,zmq_tcp,none,none,,1,9268,512,584,1785153445728451000,1785153445728451000,1785153445728452000,1785153445728453000,1785153445728594000,1785153445728596000,1785153445728596000,1785153445728596000,121932490,121652369,-139.121,0.000,1.000,1.000,2.000,0.000,0.000,6.000,0,0,0
B3_zmq_pushpull,zmq_tcp,none,none,,1,9269,512,584,1785153445729428000,1785153445729428000,1785153445729428000,1785153445729430000,1785153445729571000,1785153445729574000,1785153445729574000,1785153445729574000,121932490,121652369,-139.121,0.000,0.000,2.000,3.000,0.000,0.000,0.000,0,0,0
B3_zmq_pushpull,zmq_tcp,none,none,,1,9270,512,584,1785153445730544000,1785153445730544000,1785153445730545000,1785153445730545000,1785153445730668000,1785153445730671000,1785153445730671000,1785153445730671000,121932490,121652369,-157.121,0.000,1.000,0.000,3.000,0.000,0.000,18.000,0,0,0
B3_zmq_pushpull,zmq_tcp,none,none,,1,9271,512,584,1785153445731517000,1785153445731517000,1785153445731517000,1785153445731518000,1785153445731643000,1785153445731646000,1785153445731646000,1785153445731646000,121932490,121652369,-155.121,0.000,0.000,1.000,3.000,0.000,0.000,2.000,0,0,0
B3_zmq_pushpull,zmq_tcp,none,none,,1,9272,512,584,1785153445732523000,1785153445732523000,1785153445732524000,1785153445732524000,1785153445732634000,1785153445732636000,1785153445732636000,1785153445732636000,121932490,121652369,-170.121,0.000,1.000,0.000,2.000,0.000,0.000,15.000,0,0,0
B3_zmq_pushpull,zmq_tcp,none,none,,1,9273,512,584,1785153445733521000,1785153445733521000,1785153445733521000,1785153445733522000,1785153445733602000,1785153445733604000,1785153445733604000,1785153445733604000,121932490,121652369,-200.121,0.000,0.000,1.000,2.000,0.000,0.000,30.000,0,0,0
B3_zmq_pushpull,zmq_tcp,none,none,,1,9274,512,584,1785153445734524000,1785153445734525000,1785153445734525000,1785153445734526000,1785153445734593000,1785153445734597000,1785153445734597000,1785153445734597000,121932490,121652369,-213.121,1.000,0.000,1.000,4.000,0.000,0.000,13.000,0,0,0
B3_zmq_pushpull,zmq_tcp,none,none,,1,9275,512,584,1785153445735408000,1785153445735408000,1785153445735408000,1785153445735409000,1785153445735551000,1785153445735554000,1785153445735554000,1785153445735554000,121932490,121652369,-138.121,0.000,0.000,1.000,3.000,0.000,0.000,75.000,0,0,0
B3_zmq_pushpull,zmq_tcp,none,none,,1,9276,512,584,1785153445736551000,1785153445736551000,1785153445736551000,1785153445736552000,1785153445736648000,1785153445736651000,1785153445736651000,1785153445736651000,121932490,121652369,-184.121,0.000,0.000,1.000,3.000,0.000,0.000,46.000,0,0,0
B3_zmq_pushpull,zmq_tcp,none,none,,1,9277,512,584,1785153445737513000,1785153445737513000,1785153445737514000,1785153445737514000,1785153445737626000,1785153445737628000,1785153445737628000,1785153445737628000,121932490,121652369,-168.121,0.000,1.000,0.000,2.000,0.000,0.000,16.000,0,0,0
B3_zmq_pushpull,zmq_tcp,none,none,,1,9278,512,584,1785153445738525000,1785153445738526000,1785153445738526000,1785153445738527000,1785153445738611000,1785153445738614000,1785153445738614000,1785153445738614000,121932490,121652369,-196.121,1.000,0.000,1.000,3.000,0.000,0.000,28.000,0,0,0
B3_zmq_pushpull,zmq_tcp,none,none,,1,9279,512,584,1785153445739522000,1785153445739522000,1785153445739523000,1785153445739523000,1785153445739594000,1785153445739596000,1785153445739596000,1785153445739596000,121932490,121652369,-209.121,0.000,1.000,0.000,2.000,0.000,0.000,13.000,0,0,0
B3_zmq_pushpull,zmq_tcp,none,none,,1,9280,512,584,1785153445740522000,1785153445740522000,1785153445740522000,1785153445740523000,1785153445740718000,1785153445740720000,1785153445740720000,1785153445740720000,121932490,121652369,-85.121,0.000,0.000,1.000,2.000,0.000,0.000,124.000,0,0,0
B3_zmq_pushpull,zmq_tcp,none,none,,1,9281,512,584,1785153445741525000,1785153445741525000,1785153445741525000,1785153445741526000,1785153445741710000,1785153445741717000,1785153445741717000,1785153445741717000,121932490,121652369,-96.121,0.000,0.000,1.000,7.000,0.000,0.000,11.000,0,0,0
B3_zmq_pushpull,zmq_tcp,none,none,,1,9282,512,584,1785153445742522000,1785153445742522000,1785153445742522000,1785153445742523000,1785153445742684000,1785153445742687000,1785153445742687000,1785153445742687000,121932490,121652369,-119.121,0.000,0.000,1.000,3.000,0.000,0.000,23.000,0,0,0
B3_zmq_pushpull,zmq_tcp,none,none,,1,9283,512,584,1785153445743372000,1785153445743372000,1785153445743372000,1785153445743374000,1785153445743506000,1785153445743509000,1785153445743509000,1785153445743509000,121932490,121652369,-148.121,0.000,0.000,2.000,3.000,0.000,0.000,29.000,0,0,0
B3_zmq_pushpull,zmq_tcp,none,none,,1,9284,512,584,1785153445744327000,1785153445744327000,1785153445744327000,1785153445744328000,1785153445744470000,1785153445744473000,1785153445744473000,1785153445744473000,121932490,121652369,-138.121,0.000,0.000,1.000,3.000,0.000,0.000,10.000,0,0,0
B3_zmq_pushpull,zmq_tcp,none,none,,1,9285,512,584,1785153445745328000,1785153445745328000,1785153445745328000,1785153445745329000,1785153445745469000,1785153445745471000,1785153445745471000,1785153445745471000,121932490,121652369,-140.121,0.000,0.000,1.000,2.000,0.000,0.000,2.000,0,0,0
B3_zmq_pushpull,zmq_tcp,none,none,,1,9286,512,584,1785153445746429000,1785153445746430000,1785153445746430000,1785153445746431000,1785153445746588000,1785153445746592000,1785153445746592000,1785153445746592000,121932490,121652369,-123.121,1.000,0.000,1.000,4.000,0.000,0.000,17.000,0,0,0
B3_zmq_pushpull,zmq_tcp,none,none,,1,9287,512,584,1785153445747548000,1785153445747548000,1785153445747548000,1785153445747549000,1785153445747712000,1785153445747715000,1785153445747715000,1785153445747715000,121932490,121652369,-117.121,0.000,0.000,1.000,3.000,0.000,0.000,6.000,0,0,0
B3_zmq_pushpull,zmq_tcp,none,none,,1,9288,512,584,1785153445748511000,1785153445748512000,1785153445748512000,1785153445748513000,1785153445748568000,1785153445748571000,1785153445748571000,1785153445748571000,121932490,121652369,-225.121,1.000,0.000,1.000,3.000,0.000,0.000,108.000,0,0,0
B3_zmq_pushpull,zmq_tcp,none,none,,1,9289,512,584,1785153445749526000,1785153445749526000,1785153445749526000,1785153445749527000,1785153445749574000,1785153445749577000,1785153445749577000,1785153445749577000,121932490,121652369,-233.121,0.000,0.000,1.000,3.000,0.000,0.000,8.000,0,0,0
B3_zmq_pushpull,zmq_tcp,none,none,,1,9290,512,584,1785153445750400000,1785153445750400000,1785153445750400000,1785153445750401000,1785153445750551000,1785153445750554000,1785153445750554000,1785153445750554000,121932490,121652369,-130.121,0.000,0.000,1.000,3.000,0.000,0.000,103.000,0,0,0
B3_zmq_pushpull,zmq_tcp,none,none,,1,9291,512,584,1785153445751366000,1785153445751367000,1785153445751367000,1785153445751368000,1785153445751520000,1785153445751524000,1785153445751524000,1785153445751524000,121932490,121652369,-128.121,1.000,0.000,1.000,4.000,0.000,0.000,2.000,0,0,0
B3_zmq_pushpull,zmq_tcp,none,none,,1,9292,512,584,1785153445752561000,1785153445752561000,1785153445752561000,1785153445752562000,1785153445752642000,1785153445752644000,1785153445752644000,1785153445752644000,121932490,121652369,-200.121,0.000,0.000,1.000,2.000,0.000,0.000,72.000,0,0,0
B3_zmq_pushpull,zmq_tcp,none,none,,1,9293,512,584,1785153445753515000,1785153445753515000,1785153445753515000,1785153445753516000,1785153445753635000,1785153445753638000,1785153445753638000,1785153445753638000,121932490,121652369,-161.121,0.000,0.000,1.000,3.000,0.000,0.000,39.000,0,0,0
B3_zmq_pushpull,zmq_tcp,none,none,,1,9294,512,584,1785153445754525000,1785153445754525000,1785153445754525000,1785153445754526000,1785153445754616000,1785153445754619000,1785153445754619000,1785153445754619000,121932490,121652369,-190.121,0.000,0.000,1.000,3.000,0.000,0.000,29.000,0,0,0
B3_zmq_pushpull,zmq_tcp,none,none,,1,9295,512,584,1785153445755521000,1785153445755521000,1785153445755521000,1785153445755522000,1785153445755598000,1785153445755601000,1785153445755601000,1785153445755601000,121932490,121652369,-204.121,0.000,0.000,1.000,3.000,0.000,0.000,14.000,0,0,0
B3_zmq_pushpull,zmq_tcp,none,none,,1,9296,512,584,1785153445756524000,1785153445756525000,1785153445756525000,1785153445756526000,1785153445756577000,1785153445756580000,1785153445756580000,1785153445756580000,121932490,121652369,-229.121,1.000,0.000,1.000,3.000,0.000,0.000,25.000,0,0,0
B3_zmq_pushpull,zmq_tcp,none,none,,1,9297,512,584,1785153445757523000,1785153445757523000,1785153445757523000,1785153445757524000,1785153445757694000,1785153445757696000,1785153445757696000,1785153445757696000,121932490,121652369,-110.121,0.000,0.000,1.000,2.000,0.000,0.000,119.000,0,0,0
B3_zmq_pushpull,zmq_tcp,none,none,,1,9298,512,584,1785153445758522000,1785153445758522000,1785153445758522000,1785153445758523000,1785153445758664000,1785153445758666000,1785153445758666000,1785153445758666000,121932490,121652369,-139.121,0.000,0.000,1.000,2.000,0.000,0.000,29.000,0,0,0
B3_zmq_pushpull,zmq_tcp,none,none,,1,9299,512,584,1785153445759525000,1785153445759525000,1785153445759525000,1785153445759526000,1785153445759649000,1785153445759651000,1785153445759651000,1785153445759651000,121932490,121652369,-157.121,0.000,0.000,1.000,2.000,0.000,0.000,18.000,0,0,0
B3_zmq_pushpull,zmq_tcp,none,none,,1,9300,512,584,1785153445760522000,1785153445760522000,1785153445760522000,1785153445760523000,1785153445760644000,1785153445760647000,1785153445760647000,1785153445760647000,121932490,121652369,-159.121,0.000,0.000,1.000,3.000,0.000,0.000,2.000,0,0,0
B3_zmq_pushpull,zmq_tcp,none,none,,1,9301,512,584,1785153445761525000,1785153445761525000,1785153445761525000,1785153445761526000,1785153445761621000,1785153445761623000,1785153445761623000,1785153445761623000,121932490,121652369,-185.121,0.000,0.000,1.000,2.000,0.000,0.000,26.000,0,0,0
B3_zmq_pushpull,zmq_tcp,none,none,,1,9302,512,584,1785153445762518000,1785153445762518000,1785153445762518000,1785153445762519000,1785153445762611000,1785153445762614000,1785153445762614000,1785153445762614000,121932490,121652369,-188.121,0.000,0.000,1.000,3.000,0.000,0.000,3.000,0,0,0
B3_zmq_pushpull,zmq_tcp,none,none,,1,9303,512,584,1785153445763524000,1785153445763524000,1785153445763524000,1785153445763525000,1785153445763590000,1785153445763593000,1785153445763593000,1785153445763593000,121932490,121652369,-215.121,0.000,0.000,1.000,3.000,0.000,0.000,27.000,0,0,0
B3_zmq_pushpull,zmq_tcp,none,none,,1,9304,512,584,1785153445764522000,1785153445764522000,1785153445764523000,1785153445764523000,1785153445764575000,1785153445764578000,1785153445764578000,1785153445764578000,121932490,121652369,-228.121,0.000,1.000,0.000,3.000,0.000,0.000,13.000,0,0,0
B3_zmq_pushpull,zmq_tcp,none,none,,1,9305,512,584,1785153445765522000,1785153445765522000,1785153445765522000,1785153445765523000,1785153445765707000,1785153445765710000,1785153445765710000,1785153445765710000,121932490,121652369,-96.121,0.000,0.000,1.000,3.000,0.000,0.000,132.000,0,0,0
B3_zmq_pushpull,zmq_tcp,none,none,,1,9306,512,584,1785153445766525000,1785153445766525000,1785153445766525000,1785153445766526000,1785153445766698000,1785153445766701000,1785153445766701000,1785153445766701000,121932490,121652369,-108.121,0.000,0.000,1.000,3.000,0.000,0.000,12.000,0,0,0
B3_zmq_pushpull,zmq_tcp,none,none,,1,9307,512,584,1785153445767525000,1785153445767525000,1785153445767525000,1785153445767526000,1785153445767694000,1785153445767697000,1785153445767697000,1785153445767697000,121932490,121652369,-112.121,0.000,0.000,1.000,3.000,0.000,0.000,4.000,0,0,0
B3_zmq_pushpull,zmq_tcp,none,none,,1,9308,512,584,1785153445768522000,1785153445768522000,1785153445768522000,1785153445768523000,1785153445768689000,1785153445768692000,1785153445768692000,1785153445768692000,121932490,121652369,-114.121,0.000,0.000,1.000,3.000,0.000,0.000,2.000,0,0,0
B3_zmq_pushpull,zmq_tcp,none,none,,1,9309,512,584,1785153445769525000,1785153445769525000,1785153445769525000,1785153445769526000,1785153445769690000,1785153445769693000,1785153445769693000,1785153445769693000,121932490,121652369,-116.121,0.000,0.000,1.000,3.000,0.000,0.000,2.000,0,0,0
B3_zmq_pushpull,zmq_tcp,none,none,,1,9310,512,584,1785153445770520000,1785153445770520000,1785153445770520000,1785153445770521000,1785153445770687000,1785153445770690000,1785153445770690000,1785153445770690000,121932490,121652369,-114.121,0.000,0.000,1.000,3.000,0.000,0.000,2.000,0,0,0
B3_zmq_pushpull,zmq_tcp,none,none,,1,9311,512,584,1785153445771524000,1785153445771524000,1785153445771524000,1785153445771525000,1785153445771669000,1785153445771671000,1785153445771671000,1785153445771671000,121932490,121652369,-136.121,0.000,0.000,1.000,2.000,0.000,0.000,22.000,0,0,0
B3_zmq_pushpull,zmq_tcp,none,none,,1,9312,512,584,1785153445772522000,1785153445772522000,1785153445772522000,1785153445772523000,1785153445772648000,1785153445772651000,1785153445772651000,1785153445772651000,121932490,121652369,-155.121,0.000,0.000,1.000,3.000,0.000,0.000,19.000,0,0,0
B3_zmq_pushpull,zmq_tcp,none,none,,1,9313,512,584,1785153445773525000,1785153445773525000,1785153445773525000,1785153445773526000,1785153445773641000,1785153445773643000,1785153445773643000,1785153445773643000,121932490,121652369,-165.121,0.000,0.000,1.000,2.000,0.000,0.000,10.000,0,0,0
B3_zmq_pushpull,zmq_tcp,none,none,,1,9314,512,584,1785153445774519000,1785153445774520000,1785153445774520000,1785153445774521000,1785153445774641000,1785153445774643000,1785153445774643000,1785153445774643000,121932490,121652369,-160.121,1.000,0.000,1.000,2.000,0.000,0.000,5.000,0,0,0
B3_zmq_pushpull,zmq_tcp,none,none,,1,9315,512,584,1785153445775525000,1785153445775525000,1785153445775525000,1785153445775526000,1785153445775625000,1785153445775627000,1785153445775627000,1785153445775627000,121932490,121652369,-181.121,0.000,0.000,1.000,2.000,0.000,0.000,21.000,0,0,0
B3_zmq_pushpull,zmq_tcp,none,none,,1,9316,512,584,1785153445776522000,1785153445776522000,1785153445776522000,1785153445776523000,1785153445776604000,1785153445776606000,1785153445776606000,1785153445776606000,121932490,121652369,-199.121,0.000,0.000,1.000,2.000,0.000,0.000,18.000,0,0,0
B3_zmq_pushpull,zmq_tcp,none,none,,1,9317,512,584,1785153445777522000,1785153445777522000,1785153445777522000,1785153445777523000,1785153445777602000,1785153445777605000,1785153445777605000,1785153445777605000,121932490,121652369,-201.121,0.000,0.000,1.000,3.000,0.000,0.000,2.000,0,0,0
B3_zmq_pushpull,zmq_tcp,none,none,,1,9318,512,584,1785153445778520000,1785153445778520000,1785153445778520000,1785153445778521000,1785153445778568000,1785153445778571000,1785153445778571000,1785153445778571000,121932490,121652369,-233.121,0.000,0.000,1.000,3.000,0.000,0.000,32.000,0,0,0
B3_zmq_pushpull,zmq_tcp,none,none,,1,9319,512,584,1785153445779524000,1785153445779524000,1785153445779524000,1785153445779525000,1785153445779693000,1785153445779695000,1785153445779695000,1785153445779695000,121932490,121652369,-112.121,0.000,0.000,1.000,2.000,0.000,0.000,121.000,0,0,0
B3_zmq_pushpull,zmq_tcp,none,none,,1,9320,512,584,1785153445780388000,1785153445780388000,1785153445780388000,1785153445780389000,1785153445780545000,1785153445780547000,1785153445780547000,1785153445780547000,121932490,121652369,-124.121,0.000,0.000,1.000,2.000,0.000,0.000,12.000,0,0,0
B3_zmq_pushpull,zmq_tcp,none,none,,1,9321,512,584,1785153445781558000,1785153445781558000,1785153445781558000,1785153445781559000,1785153445781671000,1785153445781674000,1785153445781674000,1785153445781674000,121932490,121652369,-168.121,0.000,0.000,1.000,3.000,0.000,0.000,44.000,0,0,0
B3_zmq_pushpull,zmq_tcp,none,none,,1,9322,512,584,1785153445782510000,1785153445782511000,1785153445782511000,1785153445782512000,1785153445782653000,1785153445782655000,1785153445782655000,1785153445782655000,121932490,121652369,-139.121,1.000,0.000,1.000,2.000,0.000,0.000,29.000,0,0,0
B3_zmq_pushpull,zmq_tcp,none,none,,1,9323,512,584,1785153445783338000,1785153445783338000,1785153445783338000,1785153445783339000,1785153445783498000,1785153445783501000,1785153445783501000,1785153445783501000,121932490,121652369,-121.121,0.000,0.000,1.000,3.000,0.000,0.000,18.000,0,0,0
B3_zmq_pushpull,zmq_tcp,none,none,,1,9324,512,584,1785153445784330000,1785153445784331000,1785153445784331000,1785153445784332000,1785153445784470000,1785153445784473000,1785153445784473000,1785153445784473000,121932490,121652369,-142.121,1.000,0.000,1.000,3.000,0.000,0.000,21.000,0,0,0
B3_zmq_pushpull,zmq_tcp,none,none,,1,9325,512,584,1785153445785425000,1785153445785425000,1785153445785425000,1785153445785426000,1785153445785577000,1785153445785579000,1785153445785579000,1785153445785579000,121932490,121652369,-129.121,0.000,0.000,1.000,2.000,0.000,0.000,13.000,0,0,0
B3_zmq_pushpull,zmq_tcp,none,none,,1,9326,512,584,1785153445786376000,1785153445786376000,1785153445786376000,1785153445786377000,1785153445786530000,1785153445786535000,1785153445786535000,1785153445786535000,121932490,121652369,-127.121,0.000,0.000,1.000,5.000,0.000,0.000,2.000,0,0,0
B3_zmq_pushpull,zmq_tcp,none,none,,1,9327,512,584,1785153445787562000,1785153445787563000,1785153445787563000,1785153445787564000,1785153445787633000,1785153445787636000,1785153445787636000,1785153445787636000,121932490,121652369,-211.121,1.000,0.000,1.000,3.000,0.000,0.000,84.000,0,0,0
B3_zmq_pushpull,zmq_tcp,none,none,,1,9328,512,584,1785153445788513000,1785153445788513000,1785153445788513000,1785153445788514000,1785153445788625000,1785153445788627000,1785153445788627000,1785153445788627000,121932490,121652369,-169.121,0.000,0.000,1.000,2.000,0.000,0.000,42.000,0,0,0
B3_zmq_pushpull,zmq_tcp,none,none,,1,9329,512,584,1785153445789524000,1785153445789524000,1785153445789524000,1785153445789525000,1785153445789622000,1785153445789625000,1785153445789625000,1785153445789625000,121932490,121652369,-183.121,0.000,0.000,1.000,3.000,0.000,0.000,14.000,0,0,0
B3_zmq_pushpull,zmq_tcp,none,none,,1,9330,512,584,1785153445790522000,1785153445790522000,1785153445790522000,1785153445790523000,1785153445790622000,1785153445790625000,1785153445790625000,1785153445790625000,121932490,121652369,-181.121,0.000,0.000,1.000,3.000,0.000,0.000,2.000,0,0,0
B3_zmq_pushpull,zmq_tcp,none,none,,1,9331,512,584,1785153445791522000,1785153445791522000,1785153445791522000,1785153445791523000,1785153445791594000,1785153445791597000,1785153445791597000,1785153445791597000,121932490,121652369,-209.121,0.000,0.000,1.000,3.000,0.000,0.000,28.000,0,0,0
B3_zmq_pushpull,zmq_tcp,none,none,,1,9332,512,584,1785153445792520000,1785153445792520000,1785153445792520000,1785153445792521000,1785153445792570000,1785153445792573000,1785153445792573000,1785153445792573000,121932490,121652369,-231.121,0.000,0.000,1.000,3.000,0.000,0.000,22.000,0,0,0
B3_zmq_pushpull,zmq_tcp,none,none,,1,9333,512,584,1785153445793524000,1785153445793525000,1785153445793525000,1785153445793526000,1785153445793702000,1785153445793706000,1785153445793706000,1785153445793706000,121932490,121652369,-104.121,1.000,0.000,1.000,4.000,0.000,0.000,127.000,0,0,0
B3_zmq_pushpull,zmq_tcp,none,none,,1,9334,512,584,1785153445794522000,1785153445794523000,1785153445794523000,1785153445794524000,1785153445794709000,1785153445794713000,1785153445794713000,1785153445794713000,121932490,121652369,-95.121,1.000,0.000,1.000,4.000,0.000,0.000,9.000,0,0,0
B3_zmq_pushpull,zmq_tcp,none,none,,1,9335,512,584,1785153445795402000,1785153445795402000,1785153445795402000,1785153445795403000,1785153445795565000,1785153445795567000,1785153445795567000,1785153445795567000,121932490,121652369,-118.121,0.000,0.000,1.000,2.000,0.000,0.000,23.000,0,0,0
B3_zmq_pushpull,zmq_tcp,none,none,,1,9336,512,584,1785153445796555000,1785153445796555000,1785153445796555000,1785153445796556000,1785153445796679000,1785153445796682000,1785153445796682000,1785153445796682000,121932490,121652369,-157.121,0.000,0.000,1.000,3.000,0.000,0.000,39.000,0,0,0
B3_zmq_pushpull,zmq_tcp,none,none,,1,9337,512,584,1785153445797515000,1785153445797515000,1785153445797515000,1785153445797516000,1785153445797645000,1785153445797648000,1785153445797648000,1785153445797648000,121932490,121652369,-151.121,0.000,0.000,1.000,3.000,0.000,0.000,6.000,0,0,0
B3_zmq_pushpull,zmq_tcp,none,none,,1,9338,512,584,1785153445798525000,1785153445798525000,1785153445798525000,1785153445798526000,1785153445798611000,1785153445798614000,1785153445798614000,1785153445798614000,121932490,121652369,-195.121,0.000,0.000,1.000,3.000,0.000,0.000,44.000,0,0,0
B3_zmq_pushpull,zmq_tcp,none,none,,1,9339,512,584,1785153445799520000,1785153445799520000,1785153445799520000,1785153445799521000,1785153445799578000,1785153445799581000,1785153445799581000,1785153445799581000,121932490,121652369,-223.121,0.000,0.000,1.000,3.000,0.000,0.000,28.000,0,0,0
B3_zmq_pushpull,zmq_tcp,none,none,,1,9340,512,584,1785153445800528000,1785153445800528000,1785153445800528000,1785153445800529000,1785153445800689000,1785153445800692000,1785153445800692000,1785153445800692000,121932490,121652369,-120.121,0.000,0.000,1.000,3.000,0.000,0.000,103.000,0,0,0
B3_zmq_pushpull,zmq_tcp,none,none,,1,9341,512,584,1785153445801388000,1785153445801388000,1785153445801388000,1785153445801389000,1785153445801543000,1785153445801546000,1785153445801546000,1785153445801546000,121932490,121652369,-126.121,0.000,0.000,1.000,3.000,0.000,0.000,6.000,0,0,0
B3_zmq_pushpull,zmq_tcp,none,none,,1,9342,512,584,1785153445802352000,1785153445802352000,1785153445802352000,1785153445802353000,1785153445802512000,1785153445802514000,1785153445802514000,1785153445802514000,121932490,121652369,-121.121,0.000,0.000,1.000,2.000,0.000,0.000,5.000,0,0,0
B3_zmq_pushpull,zmq_tcp,none,none,,1,9343,512,584,1785153445803567000,1785153445803567000,1785153445803568000,1785153445803568000,1785153445803643000,1785153445803646000,1785153445803646000,1785153445803646000,121932490,121652369,-205.121,0.000,1.000,0.000,3.000,0.000,0.000,84.000,0,0,0
B3_zmq_pushpull,zmq_tcp,none,none,,1,9344,512,584,1785153445804512000,1785153445804512000,1785153445804512000,1785153445804513000,1785153445804643000,1785153445804646000,1785153445804646000,1785153445804646000,121932490,121652369,-150.121,0.000,0.000,1.000,3.000,0.000,0.000,55.000,0,0,0
B3_zmq_pushpull,zmq_tcp,none,none,,1,9345,512,584,1785153445805525000,1785153445805525000,1785153445805525000,1785153445805526000,1785153445805625000,1785153445805628000,1785153445805628000,1785153445805628000,121932490,121652369,-181.121,0.000,0.000,1.000,3.000,0.000,0.000,31.000,0,0,0
B3_zmq_pushpull,zmq_tcp,none,none,,1,9346,512,584,1785153445806520000,1785153445806520000,1785153445806520000,1785153445806521000,1785153445806582000,1785153445806585000,1785153445806585000,1785153445806585000,121932490,121652369,-219.121,0.000,0.000,1.000,3.000,0.000,0.000,38.000,0,0,0
B3_zmq_pushpull,zmq_tcp,none,none,,1,9347,512,584,1785153445807400000,1785153445807400000,1785153445807400000,1785153445807401000,1785153445807554000,1785153445807557000,1785153445807557000,1785153445807557000,121932490,121652369,-127.121,0.000,0.000,1.000,3.000,0.000,0.000,92.000,0,0,0
B3_zmq_pushpull,zmq_tcp,none,none,,1,9348,512,584,1785153445808376000,1785153445808376000,1785153445808376000,1785153445808377000,1785153445808519000,1785153445808522000,1785153445808522000,1785153445808522000,121932490,121652369,-138.121,0.000,0.000,1.000,3.000,0.000,0.000,11.000,0,0,0
B3_zmq_pushpull,zmq_tcp,none,none,,1,9349,512,584,1785153445809361000,1785153445809362000,1785153445809362000,1785153445809363000,1785153445809506000,1785153445809509000,1785153445809509000,1785153445809509000,121932490,121652369,-137.121,1.000,0.000,1.000,3.000,0.000,0.000,1.000,0,0,0
B3_zmq_pushpull,zmq_tcp,none,none,,1,9350,512,584,1785153445810484000,1785153445810484000,1785153445810484000,1785153445810485000,1785153445810626000,1785153445810629000,1785153445810629000,1785153445810629000,121932490,121652369,-139.121,0.000,0.000,1.000,3.000,0.000,0.000,2.000,0,0,0
B3_zmq_pushpull,zmq_tcp,none,none,,1,9351,512,584,1785153445811534000,1785153445811534000,1785153445811534000,1785153445811535000,1785153445811613000,1785153445811616000,1785153445811616000,1785153445811616000,121932490,121652369,-202.121,0.000,0.000,1.000,3.000,0.000,0.000,63.000,0,0,0
B3_zmq_pushpull,zmq_tcp,none,none,,1,9352,512,584,1785153445812521000,1785153445812521000,1785153445812521000,1785153445812522000,1785153445812596000,1785153445812599000,1785153445812599000,1785153445812599000,121932490,121652369,-206.121,0.000,0.000,1.000,3.000,0.000,0.000,4.000,0,0,0
B3_zmq_pushpull,zmq_tcp,none,none,,1,9353,512,584,1785153445813522000,1785153445813522000,1785153445813522000,1785153445813523000,1785153445813593000,1785153445813596000,1785153445813596000,1785153445813596000,121932490,121652369,-210.121,0.000,0.000,1.000,3.000,0.000,0.000,4.000,0,0,0
B3_zmq_pushpull,zmq_tcp,none,none,,1,9354,512,584,1785153445814525000,1785153445814525000,1785153445814525000,1785153445814526000,1785153445814706000,1785153445814709000,1785153445814709000,1785153445814709000,121932490,121652369,-100.121,0.000,0.000,1.000,3.000,0.000,0.000,110.000,0,0,0
B3_zmq_pushpull,zmq_tcp,none,none,,1,9355,512,584,1785153445815419000,1785153445815419000,1785153445815419000,1785153445815420000,1785153445815573000,1785153445815576000,1785153445815576000,1785153445815576000,121932490,121652369,-127.121,0.000,0.000,1.000,3.000,0.000,0.000,27.000,0,0,0
B3_zmq_pushpull,zmq_tcp,none,none,,1,9356,512,584,1785153445816424000,1785153445816424000,1785153445816425000,1785153445816425000,1785153445816578000,1785153445816581000,1785153445816581000,1785153445816581000,121932490,121652369,-127.121,0.000,1.000,0.000,3.000,0.000,0.000,0.000,0,0,0
B3_zmq_pushpull,zmq_tcp,none,none,,1,9357,512,584,1785153445817547000,1785153445817547000,1785153445817547000,1785153445817548000,1785153445817701000,1785153445817703000,1785153445817703000,1785153445817703000,121932490,121652369,-127.121,0.000,0.000,1.000,2.000,0.000,0.000,0.000,0,0,0
B3_zmq_pushpull,zmq_tcp,none,none,,1,9358,512,584,1785153445818518000,1785153445818518000,1785153445818518000,1785153445818519000,1785153445818689000,1785153445818692000,1785153445818692000,1785153445818692000,121932490,121652369,-110.121,0.000,0.000,1.000,3.000,0.000,0.000,17.000,0,0,0
B3_zmq_pushpull,zmq_tcp,none,none,,1,9359,512,584,1785153445819382000,1785153445819382000,1785153445819382000,1785153445819383000,1785153445819534000,1785153445819537000,1785153445819537000,1785153445819537000,121932490,121652369,-129.121,0.000,0.000,1.000,3.000,0.000,0.000,19.000,0,0,0
B3_zmq_pushpull,zmq_tcp,none,none,,1,9360,512,584,1785153445820371000,1785153445820371000,1785153445820371000,1785153445820372000,1785153445820525000,1785153445820527000,1785153445820527000,1785153445820527000,121932490,121652369,-127.121,0.000,0.000,1.000,2.000,0.000,0.000,2.000,0,0,0
B3_zmq_pushpull,zmq_tcp,none,none,,1,9361,512,584,1785153445821368000,1785153445821368000,1785153445821369000,1785153445821369000,1785153445821522000,1785153445821525000,1785153445821525000,1785153445821525000,121932490,121652369,-127.121,0.000,1.000,0.000,3.000,0.000,0.000,0.000,0,0,0
B3_zmq_pushpull,zmq_tcp,none,none,,1,9362,512,584,1785153445822350000,1785153445822350000,1785153445822350000,1785153445822351000,1785153445822504000,1785153445822506000,1785153445822506000,1785153445822506000,121932490,121652369,-127.121,0.000,0.000,1.000,2.000,0.000,0.000,0.000,0,0,0
B3_zmq_pushpull,zmq_tcp,none,none,,1,9363,512,584,1785153445823336000,1785153445823336000,1785153445823336000,1785153445823337000,1785153445823481000,1785153445823483000,1785153445823484000,1785153445823484000,121932490,121652369,-136.121,0.000,0.000,1.000,2.000,1.000,0.000,9.000,0,0,0
B3_zmq_pushpull,zmq_tcp,none,none,,1,9364,512,584,1785153445824327000,1785153445824327000,1785153445824327000,1785153445824328000,1785153445824467000,1785153445824470000,1785153445824470000,1785153445824470000,121932490,121652369,-141.121,0.000,0.000,1.000,3.000,0.000,0.000,5.000,0,0,0
B3_zmq_pushpull,zmq_tcp,none,none,,1,9365,512,584,1785153445825326000,1785153445825326000,1785153445825326000,1785153445825327000,1785153445825461000,1785153445825464000,1785153445825464000,1785153445825464000,121932490,121652369,-146.121,0.000,0.000,1.000,3.000,0.000,0.000,5.000,0,0,0
B3_zmq_pushpull,zmq_tcp,none,none,,1,9366,512,584,1785153445826572000,1785153445826572000,1785153445826572000,1785153445826573000,1785153445826720000,1785153445826724000,1785153445826724000,1785153445826724000,121932490,121652369,-133.121,0.000,0.000,1.000,4.000,0.000,0.000,13.000,0,0,0
B3_zmq_pushpull,zmq_tcp,none,none,,1,9367,512,584,1785153445827409000,1785153445827409000,1785153445827409000,1785153445827410000,1785153445827562000,1785153445827566000,1785153445827566000,1785153445827566000,121932490,121652369,-128.121,0.000,0.000,1.000,4.000,0.000,0.000,5.000,0,0,0
B3_zmq_pushpull,zmq_tcp,none,none,,1,9368,512,584,1785153445828548000,1785153445828549000,1785153445828549000,1785153445828550000,1785153445828680000,1785153445828682000,1785153445828682000,1785153445828682000,121932490,121652369,-150.121,1.000,0.000,1.000,2.000,0.000,0.000,22.000,0,0,0
B3_zmq_pushpull,zmq_tcp,none,none,,1,9369,512,584,1785153445829516000,1785153445829516000,1785153445829516000,1785153445829517000,1785153445829673000,1785153445829676000,1785153445829676000,1785153445829676000,121932490,121652369,-124.121,0.000,0.000,1.000,3.000,0.000,0.000,26.000,0,0,0
B3_zmq_pushpull,zmq_tcp,none,none,,1,9370,512,584,1785153445830525000,1785153445830525000,1785153445830525000,1785153445830526000,1785153445830652000,1785153445830654000,1785153445830654000,1785153445830654000,121932490,121652369,-154.121,0.000,0.000,1.000,2.000,0.000,0.000,30.000,0,0,0
B3_zmq_pushpull,zmq_tcp,none,none,,1,9371,512,584,1785153445831521000,1785153445831521000,1785153445831521000,1785153445831522000,1785153445831610000,1785153445831613000,1785153445831613000,1785153445831613000,121932490,121652369,-192.121,0.000,0.000,1.000,3.000,0.000,0.000,38.000,0,0,0
B3_zmq_pushpull,zmq_tcp,none,none,,1,9372,512,584,1785153445832526000,1785153445832526000,1785153445832526000,1785153445832527000,1785153445832588000,1785153445832590000,1785153445832590000,1785153445832590000,121932490,121652369,-219.121,0.000,0.000,1.000,2.000,0.000,0.000,27.000,0,0,0
B3_zmq_pushpull,zmq_tcp,none,none,,1,9373,512,584,1785153445833523000,1785153445833523000,1785153445833523000,1785153445833524000,1785153445833701000,1785153445833703000,1785153445833704000,1785153445833704000,121932490,121652369,-103.121,0.000,0.000,1.000,2.000,1.000,0.000,116.000,0,0,0
B3_zmq_pushpull,zmq_tcp,none,none,,1,9374,512,584,1785153445834523000,1785153445834523000,1785153445834523000,1785153445834524000,1785153445834685000,1785153445834689000,1785153445834689000,1785153445834689000,121932490,121652369,-119.121,0.000,0.000,1.000,4.000,0.000,0.000,16.000,0,0,0
B3_zmq_pushpull,zmq_tcp,none,none,,1,9375,512,584,1785153445835517000,1785153445835518000,1785153445835518000,1785153445835519000,1785153445835688000,1785153445835691000,1785153445835691000,1785153445835691000,121932490,121652369,-111.121,1.000,0.000,1.000,3.000,0.000,0.000,8.000,0,0,0
B3_zmq_pushpull,zmq_tcp,none,none,,1,9376,512,584,1785153445836524000,1785153445836524000,1785153445836524000,1785153445836525000,1785153445836678000,1785153445836681000,1785153445836681000,1785153445836681000,121932490,121652369,-127.121,0.000,0.000,1.000,3.000,0.000,0.000,16.000,0,0,0
B3_zmq_pushpull,zmq_tcp,none,none,,1,9377,512,584,1785153445837522000,1785153445837523000,1785153445837523000,1785153445837524000,1785153445837662000,1785153445837665000,1785153445837665000,1785153445837665000,121932490,121652369,-142.121,1.000,0.000,1.000,3.000,0.000,0.000,15.000,0,0,0
B3_zmq_pushpull,zmq_tcp,none,none,,1,9378,512,584,1785153445838527000,1785153445838527000,1785153445838527000,1785153445838528000,1785153445838645000,1785153445838647000,1785153445838647000,1785153445838647000,121932490,121652369,-163.121,0.000,0.000,1.000,2.000,0.000,0.000,21.000,0,0,0
B3_zmq_pushpull,zmq_tcp,none,none,,1,9379,512,584,1785153445839519000,1785153445839519000,1785153445839519000,1785153445839520000,1785153445839635000,1785153445839639000,1785153445839639000,1785153445839639000,121932490,121652369,-165.121,0.000,0.000,1.000,4.000,0.000,0.000,2.000,0,0,0
B3_zmq_pushpull,zmq_tcp,none,none,,1,9380,512,584,1785153445840454000,1785153445840454000,1785153445840454000,1785153445840455000,1785153445840608000,1785153445840611000,1785153445840611000,1785153445840611000,121932490,121652369,-127.121,0.000,0.000,1.000,3.000,0.000,0.000,38.000,0,0,0
B3_zmq_pushpull,zmq_tcp,none,none,,1,9381,512,584,1785153445841452000,1785153445841452000,1785153445841452000,1785153445841453000,1785153445841607000,1785153445841610000,1785153445841610000,1785153445841610000,121932490,121652369,-126.121,0.000,0.000,1.000,3.000,0.000,0.000,1.000,0,0,0
B3_zmq_pushpull,zmq_tcp,none,none,,1,9382,512,584,1785153445842451000,1785153445842451000,1785153445842451000,1785153445842453000,1785153445842596000,1785153445842598000,1785153445842598000,1785153445842598000,121932490,121652369,-137.121,0.000,0.000,2.000,2.000,0.000,0.000,11.000,0,0,0
B3_zmq_pushpull,zmq_tcp,none,none,,1,9383,512,584,1785153445843541000,1785153445843541000,1785153445843541000,1785153445843542000,1785153445843718000,1785153445843721000,1785153445843721000,1785153445843721000,121932490,121652369,-104.121,0.000,0.000,1.000,3.000,0.000,0.000,33.000,0,0,0
B3_zmq_pushpull,zmq_tcp,none,none,,1,9384,512,584,1785153445844522000,1785153445844522000,1785153445844522000,1785153445844523000,1785153445844572000,1785153445844575000,1785153445844575000,1785153445844575000,121932490,121652369,-231.121,0.000,0.000,1.000,3.000,0.000,0.000,127.000,0,0,0
B3_zmq_pushpull,zmq_tcp,none,none,,1,9385,512,584,1785153445845527000,1785153445845527000,1785153445845527000,1785153445845528000,1785153445845689000,1785153445845692000,1785153445845692000,1785153445845692000,121932490,121652369,-119.121,0.000,0.000,1.000,3.000,0.000,0.000,112.000,0,0,0
B3_zmq_pushpull,zmq_tcp,none,none,,1,9386,512,584,1785153445846519000,1785153445846519000,1785153445846520000,1785153445846520000,1785153445846690000,1785153445846693000,1785153445846693000,1785153445846693000,121932490,121652369,-110.121,0.000,1.000,0.000,3.000,0.000,0.000,9.000,0,0,0
B3_zmq_pushpull,zmq_tcp,none,none,,1,9387,512,584,1785153445847524000,1785153445847524000,1785153445847524000,1785153445847525000,1785153445847661000,1785153445847664000,1785153445847664000,1785153445847664000,121932490,121652369,-144.121,0.000,0.000,1.000,3.000,0.000,0.000,34.000,0,0,0
B3_zmq_pushpull,zmq_tcp,none,none,,1,9388,512,584,1785153445848523000,1785153445848523000,1785153445848523000,1785153445848525000,1785153445848628000,1785153445848631000,1785153445848631000,1785153445848631000,121932490,121652369,-177.121,0.000,0.000,2.000,3.000,0.000,0.000,33.000,0,0,0
B3_zmq_pushpull,zmq_tcp,none,none,,1,9389,512,584,1785153445849523000,1785153445849523000,1785153445849523000,1785153445849524000,1785153445849625000,1785153445849628000,1785153445849628000,1785153445849628000,121932490,121652369,-179.121,0.000,0.000,1.000,3.000,0.000,0.000,2.000,0,0,0
B3_zmq_pushpull,zmq_tcp,none,none,,1,9390,512,584,1785153445850522000,1785153445850523000,1785153445850523000,1785153445850524000,1785153445850598000,1785153445850601000,1785153445850601000,1785153445850601000,121932490,121652369,-206.121,1.000,0.000,1.000,3.000,0.000,0.000,27.000,0,0,0
B3_zmq_pushpull,zmq_tcp,none,none,,1,9391,512,584,1785153445851523000,1785153445851523000,1785153445851523000,1785153445851524000,1785153445851606000,1785153445851609000,1785153445851609000,1785153445851609000,121932490,121652369,-198.121,0.000,0.000,1.000,3.000,0.000,0.000,8.000,0,0,0
B3_zmq_pushpull,zmq_tcp,none,none,,1,9392,512,584,1785153445852525000,1785153445852525000,1785153445852525000,1785153445852526000,1785153445852602000,1785153445852605000,1785153445852605000,1785153445852606000,121932490,121652369,-204.121,0.000,0.000,1.000,3.000,0.000,1.000,6.000,0,0,0
B3_zmq_pushpull,zmq_tcp,none,none,,1,9393,512,584,1785153445853521000,1785153445853521000,1785153445853521000,1785153445853522000,1785153445853590000,1785153445853593000,1785153445853593000,1785153445853593000,121932490,121652369,-212.121,0.000,0.000,1.000,3.000,0.000,0.000,8.000,0,0,0
B3_zmq_pushpull,zmq_tcp,none,none,,1,9394,512,584,1785153445854524000,1785153445854524000,1785153445854524000,1785153445854525000,1785153445854569000,1785153445854572000,1785153445854572000,1785153445854572000,121932490,121652369,-236.121,0.000,0.000,1.000,3.000,0.000,0.000,24.000,0,0,0
B3_zmq_pushpull,zmq_tcp,none,none,,1,9395,512,584,1785153445855523000,1785153445855523000,1785153445855523000,1785153445855524000,1785153445855668000,1785153445855670000,1785153445855670000,1785153445855670000,121932490,121652369,-136.121,0.000,0.000,1.000,2.000,0.000,0.000,100.000,0,0,0
B3_zmq_pushpull,zmq_tcp,none,none,,1,9396,512,584,1785153445856523000,1785153445856524000,1785153445856524000,1785153445856525000,1785153445856660000,1785153445856664000,1785153445856664000,1785153445856664000,121932490,121652369,-145.121,1.000,0.000,1.000,4.000,0.000,0.000,9.000,0,0,0
B3_zmq_pushpull,zmq_tcp,none,none,,1,9397,512,584,1785153445857522000,1785153445857522000,1785153445857522000,1785153445857523000,1785153445857652000,1785153445857655000,1785153445857655000,1785153445857655000,121932490,121652369,-151.121,0.000,0.000,1.000,3.000,0.000,0.000,6.000,0,0,0
B3_zmq_pushpull,zmq_tcp,none,none,,1,9398,512,584,1785153445858525000,1785153445858525000,1785153445858525000,1785153445858526000,1785153445858657000,1785153445858660000,1785153445858660000,1785153445858660000,121932490,121652369,-149.121,0.000,0.000,1.000,3.000,0.000,0.000,2.000,0,0,0
B3_zmq_pushpull,zmq_tcp,none,none,,1,9399,512,584,1785153445859523000,1785153445859523000,1785153445859523000,1785153445859524000,1785153445859653000,1785153445859656000,1785153445859656000,1785153445859656000,121932490,121652369,-151.121,0.000,0.000,1.000,3.000,0.000,0.000,2.000,0,0,0
B3_zmq_pushpull,zmq_tcp,none,none,,1,9400,512,584,1785153445860351000,1785153445860351000,1785153445860351000,1785153445860352000,1785153445860504000,1785153445860507000,1785153445860507000,1785153445860507000,121932490,121652369,-128.121,0.000,0.000,1.000,3.000,0.000,0.000,23.000,0,0,0
B3_zmq_pushpull,zmq_tcp,none,none,,1,9401,512,584,1785153445861328000,1785153445861329000,1785153445861329000,1785153445861330000,1785153445861480000,1785153445861482000,1785153445861482000,1785153445861482000,121932490,121652369,-130.121,1.000,0.000,1.000,2.000,0.000,0.000,2.000,0,0,0
B3_zmq_pushpull,zmq_tcp,none,none,,1,9402,512,584,1785153445862572000,1785153445862572000,1785153445862572000,1785153445862573000,1785153445862752000,1785153445862754000,1785153445862754000,1785153445862754000,121932490,121652369,-101.121,0.000,0.000,1.000,2.000,0.000,0.000,29.000,0,0,0
B3_zmq_pushpull,zmq_tcp,none,none,,1,9403,512,584,1785153445863450000,1785153445863451000,1785153445863451000,1785153445863452000,1785153445863595000,1785153445863598000,1785153445863598000,1785153445863598000,121932490,121652369,-137.121,1.000,0.000,1.000,3.000,0.000,0.000,36.000,0,0,0
B3_zmq_pushpull,zmq_tcp,none,none,,1,9404,512,584,1785153445864537000,1785153445864537000,1785153445864537000,1785153445864538000,1785153445864597000,1785153445864600000,1785153445864600000,1785153445864600000,121932490,121652369,-221.121,0.000,0.000,1.000,3.000,0.000,0.000,84.000,0,0,0
B3_zmq_pushpull,zmq_tcp,none,none,,1,9405,512,584,1785153445865520000,1785153445865520000,1785153445865520000,1785153445865521000,1785153445865592000,1785153445865595000,1785153445865595000,1785153445865595000,121932490,121652369,-209.121,0.000,0.000,1.000,3.000,0.000,0.000,12.000,0,0,0
B3_zmq_pushpull,zmq_tcp,none,none,,1,9406,512,584,1785153445866529000,1785153445866529000,1785153445866529000,1785153445866530000,1785153445866609000,1785153445866612000,1785153445866612000,1785153445866612000,121932490,121652369,-201.121,0.000,0.000,1.000,3.000,0.000,0.000,8.000,0,0,0
B3_zmq_pushpull,zmq_tcp,none,none,,1,9407,512,584,1785153445867520000,1785153445867520000,1785153445867520000,1785153445867521000,1785153445867610000,1785153445867613000,1785153445867613000,1785153445867613000,121932490,121652369,-191.121,0.000,0.000,1.000,3.000,0.000,0.000,10.000,0,0,0
B3_zmq_pushpull,zmq_tcp,none,none,,1,9408,512,584,1785153445868524000,1785153445868524000,1785153445868524000,1785153445868525000,1785153445868601000,1785153445868604000,1785153445868604000,1785153445868604000,121932490,121652369,-204.121,0.000,0.000,1.000,3.000,0.000,0.000,13.000,0,0,0
B3_zmq_pushpull,zmq_tcp,none,none,,1,9409,512,584,1785153445869523000,1785153445869523000,1785153445869523000,1785153445869524000,1785153445869578000,1785153445869581000,1785153445869581000,1785153445869581000,121932490,121652369,-226.121,0.000,0.000,1.000,3.000,0.000,0.000,22.000,0,0,0
B3_zmq_pushpull,zmq_tcp,none,none,,1,9410,512,584,1785153445870523000,1785153445870523000,1785153445870523000,1785153445870524000,1785153445870693000,1785153445870696000,1785153445870696000,1785153445870696000,121932490,121652369,-111.121,0.000,0.000,1.000,3.000,0.000,0.000,115.000,0,0,0
B3_zmq_pushpull,zmq_tcp,none,none,,1,9411,512,584,1785153445871520000,1785153445871520000,1785153445871520000,1785153445871521000,1785153445871690000,1785153445871694000,1785153445871694000,1785153445871694000,121932490,121652369,-111.121,0.000,0.000,1.000,4.000,0.000,0.000,0.000,0,0,0
B3_zmq_pushpull,zmq_tcp,none,none,,1,9412,512,584,1785153445872380000,1785153445872380000,1785153445872380000,1785153445872381000,1785153445872538000,1785153445872541000,1785153445872541000,1785153445872541000,121932490,121652369,-123.121,0.000,0.000,1.000,3.000,0.000,0.000,12.000,0,0,0
B3_zmq_pushpull,zmq_tcp,none,none,,1,9413,512,584,1785153445873559000,1785153445873560000,1785153445873560000,1785153445873561000,1785153445873642000,1785153445873646000,1785153445873646000,1785153445873646000,121932490,121652369,-199.121,1.000,0.000,1.000,4.000,0.000,0.000,76.000,0,0,0
B3_zmq_pushpull,zmq_tcp,none,none,,1,9414,512,584,1785153445874346000,1785153445874346000,1785153445874346000,1785153445874348000,1785153445874500000,1785153445874503000,1785153445874503000,1785153445874503000,121932490,121652369,-128.121,0.000,0.000,2.000,3.000,0.000,0.000,71.000,0,0,0
B3_zmq_pushpull,zmq_tcp,none,none,,1,9415,512,584,1785153445875568000,1785153445875569000,1785153445875569000,1785153445875570000,1785153445875625000,1785153445875629000,1785153445875629000,1785153445875629000,121932490,121652369,-225.121,1.000,0.000,1.000,4.000,0.000,0.000,97.000,0,0,0
B3_zmq_pushpull,zmq_tcp,none,none,,1,9416,512,584,1785153445876516000,1785153445876516000,1785153445876516000,1785153445876517000,1785153445876620000,1785153445876622000,1785153445876623000,1785153445876623000,121932490,121652369,-177.121,0.000,0.000,1.000,2.000,1.000,0.000,48.000,0,0,0
B3_zmq_pushpull,zmq_tcp,none,none,,1,9417,512,584,1785153445877527000,1785153445877527000,1785153445877527000,1785153445877528000,1785153445877610000,1785153445877613000,1785153445877613000,1785153445877613000,121932490,121652369,-198.121,0.000,0.000,1.000,3.000,0.000,0.000,21.000,0,0,0
B3_zmq_pushpull,zmq_tcp,none,none,,1,9418,512,584,1785153445878523000,1785153445878523000,1785153445878523000,1785153445878524000,1785153445878616000,1785153445878618000,1785153445878618000,1785153445878618000,121932490,121652369,-188.121,0.000,0.000,1.000,2.000,0.000,0.000,10.000,0,0,0
B3_zmq_pushpull,zmq_tcp,none,none,,1,9419,512,584,1785153445879524000,1785153445879524000,1785153445879524000,1785153445879525000,1785153445879633000,1785153445879636000,1785153445879636000,1785153445879636000,121932490,121652369,-172.121,0.000,0.000,1.000,3.000,0.000,0.000,16.000,0,0,0
B3_zmq_pushpull,zmq_tcp,none,none,,1,9420,512,584,1785153445880525000,1785153445880526000,1785153445880526000,1785153445880527000,1785153445880641000,1785153445880645000,1785153445880645000,1785153445880645000,121932490,121652369,-166.121,1.000,0.000,1.000,4.000,0.000,0.000,6.000,0,0,0
B3_zmq_pushpull,zmq_tcp,none,none,,1,9421,512,584,1785153445881524000,1785153445881524000,1785153445881524000,1785153445881525000,1785153445881652000,1785153445881655000,1785153445881655000,1785153445881655000,121932490,121652369,-153.121,0.000,0.000,1.000,3.000,0.000,0.000,13.000,0,0,0
B3_zmq_pushpull,zmq_tcp,none,none,,1,9422,512,584,1785153445882521000,1785153445882521000,1785153445882521000,1785153445882522000,1785153445882650000,1785153445882653000,1785153445882653000,1785153445882653000,121932490,121652369,-152.121,0.000,0.000,1.000,3.000,0.000,0.000,1.000,0,0,0
B3_zmq_pushpull,zmq_tcp,none,none,,1,9423,512,584,1785153445883526000,1785153445883526000,1785153445883526000,1785153445883527000,1785153445883651000,1785153445883654000,1785153445883654000,1785153445883654000,121932490,121652369,-156.121,0.000,0.000,1.000,3.000,0.000,0.000,4.000,0,0,0
B3_zmq_pushpull,zmq_tcp,none,none,,1,9424,512,584,1785153445884523000,1785153445884523000,1785153445884523000,1785153445884524000,1785153445884658000,1785153445884661000,1785153445884661000,1785153445884661000,121932490,121652369,-146.121,0.000,0.000,1.000,3.000,0.000,0.000,10.000,0,0,0
B3_zmq_pushpull,zmq_tcp,none,none,,1,9425,512,584,1785153445885523000,1785153445885523000,1785153445885523000,1785153445885524000,1785153445885647000,1785153445885649000,1785153445885649000,1785153445885649000,121932490,121652369,-157.121,0.000,0.000,1.000,2.000,0.000,0.000,11.000,0,0,0
B3_zmq_pushpull,zmq_tcp,none,none,,1,9426,512,584,1785153445886524000,1785153445886524000,1785153445886524000,1785153445886525000,1785153445886644000,1785153445886646000,1785153445886647000,1785153445886647000,121932490,121652369,-161.121,0.000,0.000,1.000,2.000,1.000,0.000,4.000,0,0,0
B3_zmq_pushpull,zmq_tcp,none,none,,1,9427,512,584,1785153445887523000,1785153445887523000,1785153445887523000,1785153445887524000,1785153445887630000,1785153445887634000,1785153445887634000,1785153445887634000,121932490,121652369,-174.121,0.000,0.000,1.000,4.000,0.000,0.000,13.000,0,0,0
B3_zmq_pushpull,zmq_tcp,none,none,,1,9428,512,584,1785153445888326000,1785153445888326000,1785153445888326000,1785153445888327000,1785153445888477000,1785153445888480000,1785153445888480000,1785153445888480000,121932490,121652369,-130.121,0.000,0.000,1.000,3.000,0.000,0.000,44.000,0,0,0
B3_zmq_pushpull,zmq_tcp,none,none,,1,9429,512,584,1785153445889426000,1785153445889426000,1785153445889426000,1785153445889427000,1785153445889579000,1785153445889581000,1785153445889581000,1785153445889581000,121932490,121652369,-128.121,0.000,0.000,1.000,2.000,0.000,0.000,2.000,0,0,0
B3_zmq_pushpull,zmq_tcp,none,none,,1,9430,512,584,1785153445890418000,1785153445890418000,1785153445890418000,1785153445890419000,1785153445890571000,1785153445890573000,1785153445890573000,1785153445890573000,121932490,121652369,-128.121,0.000,0.000,1.000,2.000,0.000,0.000,0.000,0,0,0
B3_zmq_pushpull,zmq_tcp,none,none,,1,9431,512,584,1785153445891394000,1785153445891394000,1785153445891394000,1785153445891395000,1785153445891551000,1785153445891553000,1785153445891553000,1785153445891553000,121932490,121652369,-124.121,0.000,0.000,1.000,2.000,0.000,0.000,4.000,0,0,0
B3_zmq_pushpull,zmq_tcp,none,none,,1,9432,512,584,1785153445892558000,1785153445892558000,1785153445892558000,1785153445892559000,1785153445892667000,1785153445892669000,1785153445892669000,1785153445892669000,121932490,121652369,-172.121,0.000,0.000,1.000,2.000,0.000,0.000,48.000,0,0,0
B3_zmq_pushpull,zmq_tcp,none,none,,1,9433,512,584,1785153445893513000,1785153445893514000,1785153445893514000,1785153445893515000,1785153445893651000,1785153445893653000,1785153445893653000,1785153445893653000,121932490,121652369,-144.121,1.000,0.000,1.000,2.000,0.000,0.000,28.000,0,0,0
B3_zmq_pushpull,zmq_tcp,none,none,,1,9434,512,584,1785153445894527000,1785153445894528000,1785153445894528000,1785153445894529000,1785153445894613000,1785153445894616000,1785153445894616000,1785153445894616000,121932490,121652369,-196.121,1.000,0.000,1.000,3.000,0.000,0.000,52.000,0,0,0
B3_zmq_pushpull,zmq_tcp,none,none,,1,9435,512,584,1785153445895522000,1785153445895522000,1785153445895522000,1785153445895523000,1785153445895595000,1785153445895598000,1785153445895598000,1785153445895598000,121932490,121652369,-208.121,0.000,0.000,1.000,3.000,0.000,0.000,12.000,0,0,0
B3_zmq_pushpull,zmq_tcp,none,none,,1,9436,512,584,1785153445896525000,1785153445896525000,1785153445896525000,1785153445896526000,1785153445896704000,1785153445896706000,1785153445896706000,1785153445896706000,121932490,121652369,-102.121,0.000,0.000,1.000,2.000,0.000,0.000,106.000,0,0,0
B3_zmq_pushpull,zmq_tcp,none,none,,1,9437,512,584,1785153445897520000,1785153445897521000,1785153445897521000,1785153445897522000,1785153445897672000,1785153445897675000,1785153445897675000,1785153445897675000,121932490,121652369,-130.121,1.000,0.000,1.000,3.000,0.000,0.000,28.000,0,0,0
B3_zmq_pushpull,zmq_tcp,none,none,,1,9438,512,584,1785153445898524000,1785153445898525000,1785153445898525000,1785153445898526000,1785153445898675000,1785153445898677000,1785153445898677000,1785153445898677000,121932490,121652369,-131.121,1.000,0.000,1.000,2.000,0.000,0.000,1.000,0,0,0
B3_zmq_pushpull,zmq_tcp,none,none,,1,9439,512,584,1785153445899521000,1785153445899522000,1785153445899522000,1785153445899523000,1785153445899648000,1785153445899651000,1785153445899651000,1785153445899651000,121932490,121652369,-155.121,1.000,0.000,1.000,3.000,0.000,0.000,24.000,0,0,0
B3_zmq_pushpull,zmq_tcp,none,none,,1,9440,512,584,1785153445900527000,1785153445900527000,1785153445900527000,1785153445900528000,1785153445900643000,1785153445900646000,1785153445900646000,1785153445900646000,121932490,121652369,-165.121,0.000,0.000,1.000,3.000,0.000,0.000,10.000,0,0,0
B3_zmq_pushpull,zmq_tcp,none,none,,1,9441,512,584,1785153445901517000,1785153445901518000,1785153445901518000,1785153445901519000,1785153445901613000,1785153445901616000,1785153445901616000,1785153445901616000,121932490,121652369,-186.121,1.000,0.000,1.000,3.000,0.000,0.000,21.000,0,0,0
B3_zmq_pushpull,zmq_tcp,none,none,,1,9442,512,584,1785153445902524000,1785153445902524000,1785153445902524000,1785153445902525000,1785153445902608000,1785153445902611000,1785153445902611000,1785153445902611000,121932490,121652369,-197.121,0.000,0.000,1.000,3.000,0.000,0.000,11.000,0,0,0
B3_zmq_pushpull,zmq_tcp,none,none,,1,9443,512,584,1785153445903523000,1785153445903523000,1785153445903523000,1785153445903524000,1785153445903584000,1785153445903586000,1785153445903587000,1785153445903587000,121932490,121652369,-220.121,0.000,0.000,1.000,2.000,1.000,0.000,23.000,0,0,0
B3_zmq_pushpull,zmq_tcp,none,none,,1,9444,512,584,1785153445904523000,1785153445904523000,1785153445904523000,1785153445904524000,1785153445904701000,1785153445904704000,1785153445904704000,1785153445904704000,121932490,121652369,-103.121,0.000,0.000,1.000,3.000,0.000,0.000,117.000,0,0,0
B3_zmq_pushpull,zmq_tcp,none,none,,1,9445,512,584,1785153445905521000,1785153445905521000,1785153445905521000,1785153445905522000,1785153445905683000,1785153445905686000,1785153445905686000,1785153445905686000,121932490,121652369,-119.121,0.000,0.000,1.000,3.000,0.000,0.000,16.000,0,0,0
B3_zmq_pushpull,zmq_tcp,none,none,,1,9446,512,584,1785153445906525000,1785153445906525000,1785153445906525000,1785153445906526000,1785153445906676000,1785153445906679000,1785153445906679000,1785153445906679000,121932490,121652369,-130.121,0.000,0.000,1.000,3.000,0.000,0.000,11.000,0,0,0
B3_zmq_pushpull,zmq_tcp,none,none,,1,9447,512,584,1785153445907523000,1785153445907523000,1785153445907523000,1785153445907524000,1785153445907660000,1785153445907663000,1785153445907663000,1785153445907663000,121932490,121652369,-144.121,0.000,0.000,1.000,3.000,0.000,0.000,14.000,0,0,0
B3_zmq_pushpull,zmq_tcp,none,none,,1,9448,512,584,1785153445908525000,1785153445908525000,1785153445908525000,1785153445908526000,1785153445908651000,1785153445908653000,1785153445908653000,1785153445908653000,121932490,121652369,-155.121,0.000,0.000,1.000,2.000,0.000,0.000,11.000,0,0,0
B3_zmq_pushpull,zmq_tcp,none,none,,1,9449,512,584,1785153445909522000,1785153445909522000,1785153445909522000,1785153445909523000,1785153445909611000,1785153445909614000,1785153445909614000,1785153445909614000,121932490,121652369,-192.121,0.000,0.000,1.000,3.000,0.000,0.000,37.000,0,0,0
B3_zmq_pushpull,zmq_tcp,none,none,,1,9450,512,584,1785153445910524000,1785153445910524000,1785153445910524000,1785153445910525000,1785153445910577000,1785153445910580000,1785153445910580000,1785153445910580000,121932490,121652369,-228.121,0.000,0.000,1.000,3.000,0.000,0.000,36.000,0,0,0
B3_zmq_pushpull,zmq_tcp,none,none,,1,9451,512,584,1785153445911523000,1785153445911523000,1785153445911523000,1785153445911524000,1785153445911568000,1785153445911572000,1785153445911572000,1785153445911572000,121932490,121652369,-236.121,0.000,0.000,1.000,4.000,0.000,0.000,8.000,0,0,0
B3_zmq_pushpull,zmq_tcp,none,none,,1,9452,512,584,1785153445912423000,1785153445912423000,1785153445912423000,1785153445912424000,1785153445912578000,1785153445912581000,1785153445912581000,1785153445912581000,121932490,121652369,-126.121,0.000,0.000,1.000,3.000,0.000,0.000,110.000,0,0,0
B3_zmq_pushpull,zmq_tcp,none,none,,1,9453,512,584,1785153445913546000,1785153445913547000,1785153445913547000,1785153445913548000,1785153445913700000,1785153445913703000,1785153445913703000,1785153445913703000,121932490,121652369,-128.121,1.000,0.000,1.000,3.000,0.000,0.000,2.000,0,0,0
B3_zmq_pushpull,zmq_tcp,none,none,,1,9454,512,584,1785153445914518000,1785153445914518000,1785153445914518000,1785153445914519000,1785153445914655000,1785153445914657000,1785153445914657000,1785153445914657000,121932490,121652369,-144.121,0.000,0.000,1.000,2.000,0.000,0.000,16.000,0,0,0
B3_zmq_pushpull,zmq_tcp,none,none,,1,9455,512,584,1785153445915527000,1785153445915527000,1785153445915527000,1785153445915528000,1785153445915648000,1785153445915651000,1785153445915651000,1785153445915651000,121932490,121652369,-160.121,0.000,0.000,1.000,3.000,0.000,0.000,16.000,0,0,0
B3_zmq_pushpull,zmq_tcp,none,none,,1,9456,512,584,1785153445916519000,1785153445916519000,1785153445916519000,1785153445916520000,1785153445916629000,1785153445916632000,1785153445916632000,1785153445916632000,121932490,121652369,-171.121,0.000,0.000,1.000,3.000,0.000,0.000,11.000,0,0,0
B3_zmq_pushpull,zmq_tcp,none,none,,1,9457,512,584,1785153445917526000,1785153445917526000,1785153445917526000,1785153445917527000,1785153445917615000,1785153445917617000,1785153445917617000,1785153445917617000,121932490,121652369,-192.121,0.000,0.000,1.000,2.000,0.000,0.000,21.000,0,0,0
B3_zmq_pushpull,zmq_tcp,none,none,,1,9458,512,584,1785153445918523000,1785153445918523000,1785153445918523000,1785153445918524000,1785153445918580000,1785153445918583000,1785153445918583000,1785153445918583000,121932490,121652369,-224.121,0.000,0.000,1.000,3.000,0.000,0.000,32.000,0,0,0
B3_zmq_pushpull,zmq_tcp,none,none,,1,9459,512,584,1785153445919528000,1785153445919528000,1785153445919528000,1785153445919529000,1785153445919712000,1785153445919715000,1785153445919715000,1785153445919715000,121932490,121652369,-97.121,0.000,0.000,1.000,3.000,0.000,0.000,127.000,0,0,0
B3_zmq_pushpull,zmq_tcp,none,none,,1,9460,512,584,1785153445920405000,1785153445920405000,1785153445920405000,1785153445920406000,1785153445920564000,1785153445920567000,1785153445920567000,1785153445920567000,121932490,121652369,-122.121,0.000,0.000,1.000,3.000,0.000,0.000,25.000,0,0,0
B3_zmq_pushpull,zmq_tcp,none,none,,1,9461,512,584,1785153445921553000,1785153445921553000,1785153445921553000,1785153445921554000,1785153445921699000,1785153445921702000,1785153445921702000,1785153445921702000,121932490,121652369,-135.121,0.000,0.000,1.000,3.000,0.000,0.000,13.000,0,0,0
B3_zmq_pushpull,zmq_tcp,none,none,,1,9462,512,584,1785153445922516000,1785153445922516000,1785153445922517000,1785153445922517000,1785153445922685000,1785153445922688000,1785153445922688000,1785153445922688000,121932490,121652369,-112.121,0.000,1.000,0.000,3.000,0.000,0.000,23.000,0,0,0
B3_zmq_pushpull,zmq_tcp,none,none,,1,9463,512,584,1785153445923526000,1785153445923526000,1785153445923526000,1785153445923527000,1785153445923676000,1785153445923679000,1785153445923679000,1785153445923679000,121932490,121652369,-131.121,0.000,0.000,1.000,3.000,0.000,0.000,19.000,0,0,0
B3_zmq_pushpull,zmq_tcp,none,none,,1,9464,512,584,1785153445924519000,1785153445924519000,1785153445924519000,1785153445924520000,1785153445924651000,1785153445924653000,1785153445924653000,1785153445924653000,121932490,121652369,-149.121,0.000,0.000,1.000,2.000,0.000,0.000,18.000,0,0,0
B3_zmq_pushpull,zmq_tcp,none,none,,1,9465,512,584,1785153445925524000,1785153445925524000,1785153445925524000,1785153445925525000,1785153445925617000,1785153445925620000,1785153445925620000,1785153445925620000,121932490,121652369,-188.121,0.000,0.000,1.000,3.000,0.000,0.000,39.000,0,0,0
B3_zmq_pushpull,zmq_tcp,none,none,,1,9466,512,584,1785153445926523000,1785153445926523000,1785153445926523000,1785153445926524000,1785153445926612000,1785153445926615000,1785153445926615000,1785153445926615000,121932490,121652369,-192.121,0.000,0.000,1.000,3.000,0.000,0.000,4.000,0,0,0
B3_zmq_pushpull,zmq_tcp,none,none,,1,9467,512,584,1785153445927525000,1785153445927526000,1785153445927526000,1785153445927527000,1785153445927591000,1785153445927594000,1785153445927594000,1785153445927594000,121932490,121652369,-216.121,1.000,0.000,1.000,3.000,0.000,0.000,24.000,0,0,0
B3_zmq_pushpull,zmq_tcp,none,none,,1,9468,512,584,1785153445928522000,1785153445928522000,1785153445928522000,1785153445928523000,1785153445928591000,1785153445928595000,1785153445928595000,1785153445928595000,121932490,121652369,-212.121,0.000,0.000,1.000,4.000,0.000,0.000,4.000,0,0,0
B3_zmq_pushpull,zmq_tcp,none,none,,1,9469,512,584,1785153445929526000,1785153445929526000,1785153445929526000,1785153445929527000,1785153445929715000,1785153445929717000,1785153445929717000,1785153445929717000,121932490,121652369,-92.121,0.000,0.000,1.000,2.000,0.000,0.000,120.000,0,0,0
B3_zmq_pushpull,zmq_tcp,none,none,,1,9470,512,584,1785153445930522000,1785153445930522000,1785153445930522000,1785153445930523000,1785153445930568000,1785153445930572000,1785153445930572000,1785153445930572000,121932490,121652369,-235.121,0.000,0.000,1.000,4.000,0.000,0.000,143.000,0,0,0
B3_zmq_pushpull,zmq_tcp,none,none,,1,9471,512,584,1785153445931524000,1785153445931525000,1785153445931525000,1785153445931525000,1785153445931703000,1785153445931705000,1785153445931705000,1785153445931705000,121932490,121652369,-102.121,1.000,0.000,0.000,2.000,0.000,0.000,133.000,0,0,0
B3_zmq_pushpull,zmq_tcp,none,none,,1,9472,512,584,1785153445932401000,1785153445932401000,1785153445932401000,1785153445932402000,1785153445932553000,1785153445932556000,1785153445932556000,1785153445932556000,121932490,121652369,-129.121,0.000,0.000,1.000,3.000,0.000,0.000,27.000,0,0,0
B3_zmq_pushpull,zmq_tcp,none,none,,1,9473,512,584,1785153445933394000,1785153445933394000,1785153445933394000,1785153445933395000,1785153445933553000,1785153445933556000,1785153445933556000,1785153445933556000,121932490,121652369,-122.121,0.000,0.000,1.000,3.000,0.000,0.000,7.000,0,0,0
B3_zmq_pushpull,zmq_tcp,none,none,,1,9474,512,584,1785153445934556000,1785153445934557000,1785153445934557000,1785153445934558000,1785153445934677000,1785153445934680000,1785153445934680000,1785153445934680000,121932490,121652369,-161.121,1.000,0.000,1.000,3.000,0.000,0.000,39.000,0,0,0
B3_zmq_pushpull,zmq_tcp,none,none,,1,9475,512,584,1785153445935511000,1785153445935511000,1785153445935511000,1785153445935512000,1785153445935645000,1785153445935648000,1785153445935648000,1785153445935648000,121932490,121652369,-147.121,0.000,0.000,1.000,3.000,0.000,0.000,14.000,0,0,0
B3_zmq_pushpull,zmq_tcp,none,none,,1,9476,512,584,1785153445936526000,1785153445936527000,1785153445936527000,1785153445936528000,1785153445936624000,1785153445936626000,1785153445936626000,1785153445936626000,121932490,121652369,-184.121,1.000,0.000,1.000,2.000,0.000,0.000,37.000,0,0,0
B3_zmq_pushpull,zmq_tcp,none,none,,1,9477,512,584,1785153445937523000,1785153445937523000,1785153445937523000,1785153445937524000,1785153445937610000,1785153445937613000,1785153445937613000,1785153445937613000,121932490,121652369,-194.121,0.000,0.000,1.000,3.000,0.000,0.000,10.000,0,0,0
B3_zmq_pushpull,zmq_tcp,none,none,,1,9478,512,584,1785153445938523000,1785153445938523000,1785153445938523000,1785153445938524000,1785153445938597000,1785153445938600000,1785153445938600000,1785153445938600000,121932490,121652369,-207.121,0.000,0.000,1.000,3.000,0.000,0.000,13.000,0,0,0
B3_zmq_pushpull,zmq_tcp,none,none,,1,9479,512,584,1785153445939520000,1785153445939521000,1785153445939521000,1785153445939522000,1785153445939565000,1785153445939569000,1785153445939569000,1785153445939569000,121932490,121652369,-237.121,1.000,0.000,1.000,4.000,0.000,0.000,30.000,0,0,0
B3_zmq_pushpull,zmq_tcp,none,none,,1,9480,512,584,1785153445940524000,1785153445940525000,1785153445940525000,1785153445940526000,1785153445940692000,1785153445940695000,1785153445940695000,1785153445940695000,121932490,121652369,-114.121,1.000,0.000,1.000,3.000,0.000,0.000,123.000,0,0,0
B3_zmq_pushpull,zmq_tcp,none,none,,1,9481,512,584,1785153445941525000,1785153445941525000,1785153445941525000,1785153445941526000,1785153445941685000,1785153445941688000,1785153445941688000,1785153445941688000,121932490,121652369,-121.121,0.000,0.000,1.000,3.000,0.000,0.000,7.000,0,0,0
B3_zmq_pushpull,zmq_tcp,none,none,,1,9482,512,584,1785153445942374000,1785153445942374000,1785153445942374000,1785153445942375000,1785153445942532000,1785153445942535000,1785153445942535000,1785153445942535000,121932490,121652369,-123.121,0.000,0.000,1.000,3.000,0.000,0.000,2.000,0,0,0
B3_zmq_pushpull,zmq_tcp,none,none,,1,9483,512,584,1785153445943345000,1785153445943345000,1785153445943345000,1785153445943346000,1785153445943501000,1785153445943504000,1785153445943504000,1785153445943504000,121932490,121652369,-125.121,0.000,0.000,1.000,3.000,0.000,0.000,2.000,0,0,0
B3_zmq_pushpull,zmq_tcp,none,none,,1,9484,512,584,1785153445944334000,1785153445944334000,1785153445944334000,1785153445944335000,1785153445944473000,1785153445944476000,1785153445944476000,1785153445944476000,121932490,121652369,-142.121,0.000,0.000,1.000,3.000,0.000,0.000,17.000,0,0,0
B3_zmq_pushpull,zmq_tcp,none,none,,1,9485,512,584,1785153445945429000,1785153445945429000,1785153445945429000,1785153445945430000,1785153445945580000,1785153445945583000,1785153445945583000,1785153445945583000,121932490,121652369,-130.121,0.000,0.000,1.000,3.000,0.000,0.000,12.000,0,0,0
B3_zmq_pushpull,zmq_tcp,none,none,,1,9486,512,584,1785153445946545000,1785153445946545000,1785153445946545000,1785153445946546000,1785153445946684000,1785153445946687000,1785153445946687000,1785153445946687000,121932490,121652369,-142.121,0.000,0.000,1.000,3.000,0.000,0.000,12.000,0,0,0
B3_zmq_pushpull,zmq_tcp,none,none,,1,9487,512,584,1785153445947520000,1785153445947520000,1785153445947520000,1785153445947521000,1785153445947674000,1785153445947676000,1785153445947676000,1785153445947676000,121932490,121652369,-127.121,0.000,0.000,1.000,2.000,0.000,0.000,15.000,0,0,0
B3_zmq_pushpull,zmq_tcp,none,none,,1,9488,512,584,1785153445948524000,1785153445948525000,1785153445948525000,1785153445948526000,1785153445948644000,1785153445948647000,1785153445948647000,1785153445948647000,121932490,121652369,-162.121,1.000,0.000,1.000,3.000,0.000,0.000,35.000,0,0,0
B3_zmq_pushpull,zmq_tcp,none,none,,1,9489,512,584,1785153445949527000,1785153445949527000,1785153445949527000,1785153445949528000,1785153445949624000,1785153445949626000,1785153445949626000,1785153445949626000,121932490,121652369,-184.121,0.000,0.000,1.000,2.000,0.000,0.000,22.000,0,0,0
B3_zmq_pushpull,zmq_tcp,none,none,,1,9490,512,584,1785153445950523000,1785153445950523000,1785153445950523000,1785153445950524000,1785153445950611000,1785153445950613000,1785153445950613000,1785153445950613000,121932490,121652369,-193.121,0.000,0.000,1.000,2.000,0.000,0.000,9.000,0,0,0
B3_zmq_pushpull,zmq_tcp,none,none,,1,9491,512,584,1785153445951527000,1785153445951527000,1785153445951527000,1785153445951528000,1785153445951615000,1785153445951618000,1785153445951618000,1785153445951618000,121932490,121652369,-193.121,0.000,0.000,1.000,3.000,0.000,0.000,0.000,0,0,0
B3_zmq_pushpull,zmq_tcp,none,none,,1,9492,512,584,1785153445952518000,1785153445952518000,1785153445952518000,1785153445952519000,1785153445952612000,1785153445952614000,1785153445952614000,1785153445952614000,121932490,121652369,-187.121,0.000,0.000,1.000,2.000,0.000,0.000,6.000,0,0,0
B3_zmq_pushpull,zmq_tcp,none,none,,1,9493,512,584,1785153445953526000,1785153445953526000,1785153445953526000,1785153445953527000,1785153445953606000,1785153445953609000,1785153445953609000,1785153445953609000,121932490,121652369,-201.121,0.000,0.000,1.000,3.000,0.000,0.000,14.000,0,0,0
B3_zmq_pushpull,zmq_tcp,none,none,,1,9494,512,584,1785153445954523000,1785153445954523000,1785153445954524000,1785153445954524000,1785153445954583000,1785153445954585000,1785153445954585000,1785153445954585000,121932490,121652369,-221.121,0.000,1.000,0.000,2.000,0.000,0.000,20.000,0,0,0
B3_zmq_pushpull,zmq_tcp,none,none,,1,9495,512,584,1785153445955525000,1785153445955525000,1785153445955525000,1785153445955526000,1785153445955712000,1785153445955715000,1785153445955715000,1785153445955715000,121932490,121652369,-94.121,0.000,0.000,1.000,3.000,0.000,0.000,127.000,0,0,0
B3_zmq_pushpull,zmq_tcp,none,none,,1,9496,512,584,1785153445956423000,1785153445956423000,1785153445956423000,1785153445956424000,1785153445956578000,1785153445956581000,1785153445956581000,1785153445956581000,121932490,121652369,-126.121,0.000,0.000,1.000,3.000,0.000,0.000,32.000,0,0,0
B3_zmq_pushpull,zmq_tcp,none,none,,1,9497,512,584,1785153445957550000,1785153445957550000,1785153445957550000,1785153445957551000,1785153445957598000,1785153445957602000,1785153445957602000,1785153445957602000,121932490,121652369,-233.121,0.000,0.000,1.000,4.000,0.000,0.000,107.000,0,0,0
B3_zmq_pushpull,zmq_tcp,none,none,,1,9498,512,584,1785153445958518000,1785153445958518000,1785153445958518000,1785153445958519000,1785153445958593000,1785153445958596000,1785153445958596000,1785153445958596000,121932490,121652369,-206.121,0.000,0.000,1.000,3.000,0.000,0.000,27.000,0,0,0
B3_zmq_pushpull,zmq_tcp,none,none,,1,9499,512,584,1785153445959526000,1785153445959526000,1785153445959526000,1785153445959527000,1785153445959599000,1785153445959606000,1785153445959606000,1785153445959606000,121932490,121652369,-208.121,0.000,0.000,1.000,7.000,0.000,0.000,2.000,0,0,0
B3_zmq_pushpull,zmq_tcp,none,none,,1,9500,512,584,1785153445960523000,1785153445960523000,1785153445960523000,1785153445960524000,1785153445960599000,1785153445960601000,1785153445960601000,1785153445960601000,121932490,121652369,-205.121,0.000,0.000,1.000,2.000,0.000,0.000,3.000,0,0,0
B3_zmq_pushpull,zmq_tcp,none,none,,1,9501,512,584,1785153445961524000,1785153445961524000,1785153445961525000,1785153445961525000,1785153445961594000,1785153445961598000,1785153445961598000,1785153445961598000,121932490,121652369,-211.121,0.000,1.000,0.000,4.000,0.000,0.000,6.000,0,0,0
B3_zmq_pushpull,zmq_tcp,none,none,,1,9502,512,584,1785153445962436000,1785153445962436000,1785153445962436000,1785153445962437000,1785153445962584000,1785153445962587000,1785153445962587000,1785153445962587000,121932490,121652369,-133.121,0.000,0.000,1.000,3.000,0.000,0.000,78.000,0,0,0
B3_zmq_pushpull,zmq_tcp,none,none,,1,9503,512,584,1785153445963548000,1785153445963548000,1785153445963548000,1785153445963549000,1785153445963714000,1785153445963717000,1785153445963717000,1785153445963717000,121932490,121652369,-115.121,0.000,0.000,1.000,3.000,0.000,0.000,18.000,0,0,0
B3_zmq_pushpull,zmq_tcp,none,none,,1,9504,512,584,1785153445964515000,1785153445964515000,1785153445964515000,1785153445964516000,1785153445964579000,1785153445964582000,1785153445964583000,1785153445964583000,121932490,121652369,-217.121,0.000,0.000,1.000,3.000,1.000,0.000,102.000,0,0,0
B3_zmq_pushpull,zmq_tcp,none,none,,1,9505,512,584,1785153445965408000,1785153445965408000,1785153445965408000,1785153445965409000,1785153445965543000,1785153445965546000,1785153445965546000,1785153445965546000,121932490,121652369,-146.121,0.000,0.000,1.000,3.000,0.000,0.000,71.000,0,0,0
B3_zmq_pushpull,zmq_tcp,none,none,,1,9506,512,584,1785153445966553000,1785153445966554000,1785153445966554000,1785153445966555000,1785153445966680000,1785153445966682000,1785153445966682000,1785153445966682000,121932490,121652369,-155.121,1.000,0.000,1.000,2.000,0.000,0.000,9.000,0,0,0
B3_zmq_pushpull,zmq_tcp,none,none,,1,9507,512,584,1785153445967514000,1785153445967515000,1785153445967515000,1785153445967516000,1785153445967676000,1785153445967680000,1785153445967680000,1785153445967680000,121932490,121652369,-120.121,1.000,0.000,1.000,4.000,0.000,0.000,35.000,0,0,0
B3_zmq_pushpull,zmq_tcp,none,none,,1,9508,512,584,1785153445968527000,1785153445968527000,1785153445968527000,1785153445968528000,1785153445968680000,1785153445968683000,1785153445968683000,1785153445968683000,121932490,121652369,-128.121,0.000,0.000,1.000,3.000,0.000,0.000,8.000,0,0,0
B3_zmq_pushpull,zmq_tcp,none,none,,1,9509,512,584,1785153445969527000,1785153445969528000,1785153445969528000,1785153445969529000,1785153445969686000,1785153445969689000,1785153445969689000,1785153445969689000,121932490,121652369,-123.121,1.000,0.000,1.000,3.000,0.000,0.000,5.000,0,0,0
B3_zmq_pushpull,zmq_tcp,none,none,,1,9510,512,584,1785153445970522000,1785153445970523000,1785153445970523000,1785153445970523000,1785153445970684000,1785153445970687000,1785153445970687000,1785153445970687000,121932490,121652369,-119.121,1.000,0.000,0.000,3.000,0.000,0.000,4.000,0,0,0
B3_zmq_pushpull,zmq_tcp,none,none,,1,9511,512,584,1785153445971381000,1785153445971381000,1785153445971381000,1785153445971382000,1785153445971539000,1785153445971541000,1785153445971541000,1785153445971541000,121932490,121652369,-123.121,0.000,0.000,1.000,2.000,0.000,0.000,4.000,0,0,0
B3_zmq_pushpull,zmq_tcp,none,none,,1,9512,512,584,1785153445972560000,1785153445972561000,1785153445972561000,1785153445972562000,1785153445972649000,1785153445972653000,1785153445972653000,1785153445972653000,121932490,121652369,-193.121,1.000,0.000,1.000,4.000,0.000,0.000,70.000,0,0,0
B3_zmq_pushpull,zmq_tcp,none,none,,1,9513,512,584,1785153445973342000,1785153445973342000,1785153445973343000,1785153445973343000,1785153445973486000,1785153445973489000,1785153445973489000,1785153445973489000,121932490,121652369,-137.121,0.000,1.000,0.000,3.000,0.000,0.000,56.000,0,0,0
B3_zmq_pushpull,zmq_tcp,none,none,,1,9514,512,584,1785153445974570000,1785153445974570000,1785153445974570000,1785153445974571000,1785153445974623000,1785153445974628000,1785153445974628000,1785153445974628000,121932490,121652369,-228.121,0.000,0.000,1.000,5.000,0.000,0.000,91.000,0,0,0
B3_zmq_pushpull,zmq_tcp,none,none,,1,9515,512,584,1785153445975512000,1785153445975513000,1785153445975513000,1785153445975514000,1785153445975617000,1785153445975620000,1785153445975620000,1785153445975620000,121932490,121652369,-177.121,1.000,0.000,1.000,3.000,0.000,0.000,51.000,0,0,0
B3_zmq_pushpull,zmq_tcp,none,none,,1,9516,512,584,1785153445976528000,1785153445976528000,1785153445976528000,1785153445976529000,1785153445976595000,1785153445976598000,1785153445976598000,1785153445976598000,121932490,121652369,-214.121,0.000,0.000,1.000,3.000,0.000,0.000,37.000,0,0,0
B3_zmq_pushpull,zmq_tcp,none,none,,1,9517,512,584,1785153445977523000,1785153445977523000,1785153445977523000,1785153445977524000,1785153445977600000,1785153445977603000,1785153445977603000,1785153445977603000,121932490,121652369,-204.121,0.000,0.000,1.000,3.000,0.000,0.000,10.000,0,0,0
B3_zmq_pushpull,zmq_tcp,none,none,,1,9518,512,584,1785153445978441000,1785153445978442000,1785153445978442000,1785153445978443000,1785153445978596000,1785153445978599000,1785153445978599000,1785153445978599000,121932490,121652369,-127.121,1.000,0.000,1.000,3.000,0.000,0.000,77.000,0,0,0
B3_zmq_pushpull,zmq_tcp,none,none,,1,9519,512,584,1785153445979446000,1785153445979447000,1785153445979447000,1785153445979448000,1785153445979600000,1785153445979603000,1785153445979603000,1785153445979603000,121932490,121652369,-128.121,1.000,0.000,1.000,3.000,0.000,0.000,1.000,0,0,0
B3_zmq_pushpull,zmq_tcp,none,none,,1,9520,512,584,1785153445980444000,1785153445980444000,1785153445980444000,1785153445980445000,1785153445980588000,1785153445980591000,1785153445980591000,1785153445980591000,121932490,121652369,-137.121,0.000,0.000,1.000,3.000,0.000,0.000,9.000,0,0,0
B3_zmq_pushpull,zmq_tcp,none,none,,1,9521,512,584,1785153445981545000,1785153445981545000,1785153445981545000,1785153445981546000,1785153445981591000,1785153445981594000,1785153445981594000,1785153445981594000,121932490,121652369,-235.121,0.000,0.000,1.000,3.000,0.000,0.000,98.000,0,0,0
B3_zmq_pushpull,zmq_tcp,none,none,,1,9522,512,584,1785153445982518000,1785153445982518000,1785153445982518000,1785153445982519000,1785153445982600000,1785153445982603000,1785153445982603000,1785153445982603000,121932490,121652369,-199.121,0.000,0.000,1.000,3.000,0.000,0.000,36.000,0,0,0
B3_zmq_pushpull,zmq_tcp,none,none,,1,9523,512,584,1785153445983526000,1785153445983526000,1785153445983526000,1785153445983527000,1785153445983591000,1785153445983593000,1785153445983593000,1785153445983593000,121932490,121652369,-216.121,0.000,0.000,1.000,2.000,0.000,0.000,17.000,0,0,0
B3_zmq_pushpull,zmq_tcp,none,none,,1,9524,512,584,1785153445984449000,1785153445984449000,1785153445984449000,1785153445984450000,1785153445984604000,1785153445984607000,1785153445984607000,1785153445984607000,121932490,121652369,-126.121,0.000,0.000,1.000,3.000,0.000,0.000,90.000,0,0,0
B3_zmq_pushpull,zmq_tcp,none,none,,1,9525,512,584,1785153445985543000,1785153445985543000,1785153445985543000,1785153445985544000,1785153445985597000,1785153445985600000,1785153445985600000,1785153445985600000,121932490,121652369,-227.121,0.000,0.000,1.000,3.000,0.000,0.000,101.000,0,0,0
B3_zmq_pushpull,zmq_tcp,none,none,,1,9526,512,584,1785153445986518000,1785153445986518000,1785153445986518000,1785153445986519000,1785153445986596000,1785153445986599000,1785153445986599000,1785153445986599000,121932490,121652369,-203.121,0.000,0.000,1.000,3.000,0.000,0.000,24.000,0,0,0
B3_zmq_pushpull,zmq_tcp,none,none,,1,9527,512,584,1785153445987526000,1785153445987526000,1785153445987526000,1785153445987527000,1785153445987591000,1785153445987593000,1785153445987593000,1785153445987593000,121932490,121652369,-216.121,0.000,0.000,1.000,2.000,0.000,0.000,13.000,0,0,0
B3_zmq_pushpull,zmq_tcp,none,none,,1,9528,512,584,1785153445988525000,1785153445988525000,1785153445988525000,1785153445988526000,1785153445988568000,1785153445988572000,1785153445988572000,1785153445988572000,121932490,121652369,-238.121,0.000,0.000,1.000,4.000,0.000,0.000,22.000,0,0,0
B3_zmq_pushpull,zmq_tcp,none,none,,1,9529,512,584,1785153445989524000,1785153445989525000,1785153445989525000,1785153445989526000,1785153445989588000,1785153445989591000,1785153445989591000,1785153445989591000,121932490,121652369,-218.121,1.000,0.000,1.000,3.000,0.000,0.000,20.000,0,0,0
B3_zmq_pushpull,zmq_tcp,none,none,,1,9530,512,584,1785153445990526000,1785153445990526000,1785153445990526000,1785153445990527000,1785153445990712000,1785153445990715000,1785153445990715000,1785153445990715000,121932490,121652369,-95.121,0.000,0.000,1.000,3.000,0.000,0.000,123.000,0,0,0
B3_zmq_pushpull,zmq_tcp,none,none,,1,9531,512,584,1785153445991420000,1785153445991420000,1785153445991420000,1785153445991421000,1785153445991579000,1785153445991581000,1785153445991581000,1785153445991581000,121932490,121652369,-122.121,0.000,0.000,1.000,2.000,0.000,0.000,27.000,0,0,0
B3_zmq_pushpull,zmq_tcp,none,none,,1,9532,512,584,1785153445992551000,1785153445992551000,1785153445992551000,1785153445992552000,1785153445992724000,1785153445992727000,1785153445992727000,1785153445992727000,121932490,121652369,-108.121,0.000,0.000,1.000,3.000,0.000,0.000,14.000,0,0,0
B3_zmq_pushpull,zmq_tcp,none,none,,1,9533,512,584,1785153445993515000,1785153445993515000,1785153445993515000,1785153445993516000,1785153445993577000,1785153445993580000,1785153445993581000,1785153445993581000,121932490,121652369,-219.121,0.000,0.000,1.000,3.000,1.000,0.000,111.000,0,0,0
B3_zmq_pushpull,zmq_tcp,none,none,,1,9534,512,584,1785153445994413000,1785153445994413000,1785153445994413000,1785153445994414000,1785153445994567000,1785153445994569000,1785153445994569000,1785153445994569000,121932490,121652369,-127.121,0.000,0.000,1.000,2.000,0.000,0.000,92.000,0,0,0
B3_zmq_pushpull,zmq_tcp,none,none,,1,9535,512,584,1785153445995397000,1785153445995397000,1785153445995397000,1785153445995398000,1785153445995549000,1785153445995551000,1785153445995551000,1785153445995551000,121932490,121652369,-129.121,0.000,0.000,1.000,2.000,0.000,0.000,2.000,0,0,0
B3_zmq_pushpull,zmq_tcp,none,none,,1,9536,512,584,1785153445996393000,1785153445996393000,1785153445996393000,1785153445996394000,1785153445996551000,1785153445996553000,1785153445996553000,1785153445996553000,121932490,121652369,-123.121,0.000,0.000,1.000,2.000,0.000,0.000,6.000,0,0,0
B3_zmq_pushpull,zmq_tcp,none,none,,1,9537,512,584,1785153445997389000,1785153445997389000,1785153445997389000,1785153445997390000,1785153445997537000,1785153445997540000,1785153445997540000,1785153445997540000,121932490,121652369,-133.121,0.000,0.000,1.000,3.000,0.000,0.000,10.000,0,0,0
B3_zmq_pushpull,zmq_tcp,none,none,,1,9538,512,584,1785153445998560000,1785153445998560000,1785153445998560000,1785153445998561000,1785153445998688000,1785153445998691000,1785153445998691000,1785153445998691000,121932490,121652369,-153.121,0.000,0.000,1.000,3.000,0.000,0.000,20.000,0,0,0
B3_zmq_pushpull,zmq_tcp,none,none,,1,9539,512,584,1785153445999517000,1785153445999517000,1785153445999517000,1785153445999518000,1785153445999687000,1785153445999689000,1785153445999689000,1785153445999690000,121932490,121652369,-111.121,0.000,0.000,1.000,2.000,0.000,1.000,42.000,0,0,0
B3_zmq_pushpull,zmq_tcp,none,none,,1,9540,512,584,1785153446000523000,1785153446000523000,1785153446000523000,1785153446000524000,1785153446000673000,1785153446000676000,1785153446000676000,1785153446000676000,121932490,121652369,-131.121,0.000,0.000,1.000,3.000,0.000,0.000,20.000,0,0,0
B3_zmq_pushpull,zmq_tcp,none,none,,1,9541,512,584,1785153446001524000,1785153446001525000,1785153446001525000,1785153446001526000,1785153446001680000,1785153446001683000,1785153446001683000,1785153446001683000,121932490,121652369,-126.121,1.000,0.000,1.000,3.000,0.000,0.000,5.000,0,0,0
B3_zmq_pushpull,zmq_tcp,none,none,,1,9542,512,584,1785153446002528000,1785153446002528000,1785153446002528000,1785153446002529000,1785153446002687000,1785153446002689000,1785153446002689000,1785153446002689000,121932490,121652369,-122.121,0.000,0.000,1.000,2.000,0.000,0.000,4.000,0,0,0
B3_zmq_pushpull,zmq_tcp,none,none,,1,9543,512,584,1785153446003394000,1785153446003394000,1785153446003394000,1785153446003395000,1785153446003534000,1785153446003537000,1785153446003537000,1785153446003537000,121932490,121652369,-141.121,0.000,0.000,1.000,3.000,0.000,0.000,19.000,0,0,0
B3_zmq_pushpull,zmq_tcp,none,none,,1,9544,512,584,1785153446004559000,1785153446004559000,1785153446004559000,1785153446004560000,1785153446004673000,1785153446004676000,1785153446004676000,1785153446004676000,121932490,121652369,-167.121,0.000,0.000,1.000,3.000,0.000,0.000,26.000,0,0,0
B3_zmq_pushpull,zmq_tcp,none,none,,1,9545,512,584,1785153446005516000,1785153446005516000,1785153446005516000,1785153446005517000,1785153446005675000,1785153446005678000,1785153446005678000,1785153446005678000,121932490,121652369,-122.121,0.000,0.000,1.000,3.000,0.000,0.000,45.000,0,0,0
B3_zmq_pushpull,zmq_tcp,none,none,,1,9546,512,584,1785153446006527000,1785153446006527000,1785153446006527000,1785153446006528000,1785153446006675000,1785153446006677000,1785153446006677000,1785153446006678000,121932490,121652369,-133.121,0.000,0.000,1.000,2.000,0.000,1.000,11.000,0,0,0
B3_zmq_pushpull,zmq_tcp,none,none,,1,9547,512,584,1785153446007521000,1785153446007521000,1785153446007521000,1785153446007522000,1785153446007671000,1785153446007673000,1785153446007673000,1785153446007673000,121932490,121652369,-131.121,0.000,0.000,1.000,2.000,0.000,0.000,2.000,0,0,0
B3_zmq_pushpull,zmq_tcp,none,none,,1,9548,512,584,1785153446008525000,1785153446008525000,1785153446008525000,1785153446008526000,1785153446008669000,1785153446008672000,1785153446008672000,1785153446008672000,121932490,121652369,-137.121,0.000,0.000,1.000,3.000,0.000,0.000,6.000,0,0,0
B3_zmq_pushpull,zmq_tcp,none,none,,1,9549,512,584,1785153446009525000,1785153446009525000,1785153446009525000,1785153446009526000,1785153446009673000,1785153446009676000,1785153446009676000,1785153446009676000,121932490,121652369,-133.121,0.000,0.000,1.000,3.000,0.000,0.000,4.000,0,0,0
B3_zmq_pushpull,zmq_tcp,none,none,,1,9550,512,584,1785153446010527000,1785153446010528000,1785153446010528000,1785153446010529000,1785153446010681000,1785153446010684000,1785153446010684000,1785153446010684000,121932490,121652369,-128.121,1.000,0.000,1.000,3.000,0.000,0.000,5.000,0,0,0
B3_zmq_pushpull,zmq_tcp,none,none,,1,9551,512,584,1785153446011392000,1785153446011392000,1785153446011392000,1785153446011393000,1785153446011536000,1785153446011538000,1785153446011538000,1785153446011538000,121932490,121652369,-137.121,0.000,0.000,1.000,2.000,0.000,0.000,9.000,0,0,0
B3_zmq_pushpull,zmq_tcp,none,none,,1,9552,512,584,1785153446012398000,1785153446012398000,1785153446012398000,1785153446012399000,1785153446012560000,1785153446012563000,1785153446012563000,1785153446012563000,121932490,121652369,-119.121,0.000,0.000,1.000,3.000,0.000,0.000,18.000,0,0,0
B3_zmq_pushpull,zmq_tcp,none,none,,1,9553,512,584,1785153446013396000,1785153446013396000,1785153446013396000,1785153446013397000,1785153446013553000,1785153446013556000,1785153446013556000,1785153446013556000,121932490,121652369,-124.121,0.000,0.000,1.000,3.000,0.000,0.000,5.000,0,0,0
B3_zmq_pushpull,zmq_tcp,none,none,,1,9554,512,584,1785153446014556000,1785153446014556000,1785153446014557000,1785153446014557000,1785153446014676000,1785153446014679000,1785153446014679000,1785153446014679000,121932490,121652369,-161.121,0.000,1.000,0.000,3.000,0.000,0.000,37.000,0,0,0
B3_zmq_pushpull,zmq_tcp,none,none,,1,9555,512,584,1785153446015378000,1785153446015378000,1785153446015378000,1785153446015379000,1785153446015535000,1785153446015537000,1785153446015538000,1785153446015538000,121932490,121652369,-124.121,0.000,0.000,1.000,2.000,1.000,0.000,37.000,0,0,0
B3_zmq_pushpull,zmq_tcp,none,none,,1,9556,512,584,1785153446016380000,1785153446016381000,1785153446016381000,1785153446016382000,1785153446016539000,1785153446016541000,1785153446016541000,1785153446016541000,121932490,121652369,-123.121,1.000,0.000,1.000,2.000,0.000,0.000,1.000,0,0,0
B3_zmq_pushpull,zmq_tcp,none,none,,1,9557,512,584,1785153446017560000,1785153446017560000,1785153446017561000,1785153446017561000,1785153446017680000,1785153446017683000,1785153446017683000,1785153446017683000,121932490,121652369,-161.121,0.000,1.000,0.000,3.000,0.000,0.000,38.000,0,0,0
B3_zmq_pushpull,zmq_tcp,none,none,,1,9558,512,584,1785153446018518000,1785153446018519000,1785153446018519000,1785153446018520000,1785153446018693000,1785153446018696000,1785153446018696000,1785153446018696000,121932490,121652369,-107.121,1.000,0.000,1.000,3.000,0.000,0.000,54.000,0,0,0
B3_zmq_pushpull,zmq_tcp,none,none,,1,9559,512,584,1785153446019526000,1785153446019526000,1785153446019526000,1785153446019527000,1785153446019696000,1785153446019699000,1785153446019699000,1785153446019699000,121932490,121652369,-111.121,0.000,0.000,1.000,3.000,0.000,0.000,4.000,0,0,0
B3_zmq_pushpull,zmq_tcp,none,none,,1,9560,512,584,1785153446020526000,1785153446020526000,1785153446020527000,1785153446020527000,1785153446020699000,1785153446020702000,1785153446020703000,1785153446020703000,121932490,121652369,-108.121,0.000,1.000,0.000,3.000,1.000,0.000,3.000,0,0,0
B3_zmq_pushpull,zmq_tcp,none,none,,1,9561,512,584,1785153446021390000,1785153446021390000,1785153446021390000,1785153446021391000,1785153446021544000,1785153446021546000,1785153446021546000,1785153446021546000,121932490,121652369,-127.121,0.000,0.000,1.000,2.000,0.000,0.000,19.000,0,0,0
B3_zmq_pushpull,zmq_tcp,none,none,,1,9562,512,584,1785153446022386000,1785153446022386000,1785153446022386000,1785153446022387000,1785153446022540000,1785153446022543000,1785153446022543000,1785153446022543000,121932490,121652369,-127.121,0.000,0.000,1.000,3.000,0.000,0.000,0.000,0,0,0
B3_zmq_pushpull,zmq_tcp,none,none,,1,9563,512,584,1785153446023395000,1785153446023395000,1785153446023395000,1785153446023396000,1785153446023544000,1785153446023547000,1785153446023547000,1785153446023547000,121932490,121652369,-132.121,0.000,0.000,1.000,3.000,0.000,0.000,5.000,0,0,0
B3_zmq_pushpull,zmq_tcp,none,none,,1,9564,512,584,1785153446024559000,1785153446024559000,1785153446024559000,1785153446024560000,1785153446024700000,1785153446024703000,1785153446024703000,1785153446024703000,121932490,121652369,-140.121,0.000,0.000,1.000,3.000,0.000,0.000,8.000,0,0,0
B3_zmq_pushpull,zmq_tcp,none,none,,1,9565,512,584,1785153446025515000,1785153446025516000,1785153446025516000,1785153446025517000,1785153446025687000,1785153446025691000,1785153446025691000,1785153446025691000,121932490,121652369,-110.121,1.000,0.000,1.000,4.000,0.000,0.000,30.000,0,0,0
B3_zmq_pushpull,zmq_tcp,none,none,,1,9566,512,584,1785153446026528000,1785153446026528000,1785153446026528000,1785153446026529000,1785153446026690000,1785153446026693000,1785153446026693000,1785153446026693000,121932490,121652369,-119.121,0.000,0.000,1.000,3.000,0.000,0.000,9.000,0,0,0
B3_zmq_pushpull,zmq_tcp,none,none,,1,9567,512,584,1785153446027523000,1785153446027524000,1785153446027524000,1785153446027525000,1785153446027667000,1785153446027670000,1785153446027670000,1785153446027670000,121932490,121652369,-138.121,1.000,0.000,1.000,3.000,0.000,0.000,19.000,0,0,0
B3_zmq_pushpull,zmq_tcp,none,none,,1,9568,512,584,1785153446028525000,1785153446028525000,1785153446028525000,1785153446028526000,1785153446028671000,1785153446028673000,1785153446028673000,1785153446028673000,121932490,121652369,-135.121,0.000,0.000,1.000,2.000,0.000,0.000,3.000,0,0,0
B3_zmq_pushpull,zmq_tcp,none,none,,1,9569,512,584,1785153446029380000,1785153446029380000,1785153446029380000,1785153446029381000,1785153446029537000,1785153446029540000,1785153446029540000,1785153446029540000,121932490,121652369,-124.121,0.000,0.000,1.000,3.000,0.000,0.000,11.000,0,0,0
B3_zmq_pushpull,zmq_tcp,none,none,,1,9570,512,584,1785153446030393000,1785153446030393000,1785153446030393000,1785153446030394000,1785153446030548000,1785153446030551000,1785153446030551000,1785153446030551000,121932490,121652369,-126.121,0.000,0.000,1.000,3.000,0.000,0.000,2.000,0,0,0
B3_zmq_pushpull,zmq_tcp,none,none,,1,9571,512,584,1785153446031394000,1785153446031394000,1785153446031395000,1785153446031396000,1785153446031547000,1785153446031550000,1785153446031550000,1785153446031550000,121932490,121652369,-129.121,0.000,1.000,1.000,3.000,0.000,0.000,3.000,0,0,0
B3_zmq_pushpull,zmq_tcp,none,none,,1,9572,512,584,1785153446032400000,1785153446032400000,1785153446032400000,1785153446032401000,1785153446032557000,1785153446032561000,1785153446032561000,1785153446032561000,121932490,121652369,-124.121,0.000,0.000,1.000,4.000,0.000,0.000,5.000,0,0,0
B3_zmq_pushpull,zmq_tcp,none,none,,1,9573,512,584,1785153446033556000,1785153446033556000,1785153446033556000,1785153446033557000,1785153446033716000,1785153446033719000,1785153446033719000,1785153446033719000,121932490,121652369,-121.121,0.000,0.000,1.000,3.000,0.000,0.000,3.000,0,0,0
B3_zmq_pushpull,zmq_tcp,none,none,,1,9574,512,584,1785153446034415000,1785153446034415000,1785153446034415000,1785153446034416000,1785153446034570000,1785153446034572000,1785153446034572000,1785153446034572000,121932490,121652369,-126.121,0.000,0.000,1.000,2.000,0.000,0.000,5.000,0,0,0
B3_zmq_pushpull,zmq_tcp,none,none,,1,9575,512,584,1785153446035552000,1785153446035552000,1785153446035552000,1785153446035553000,1785153446035696000,1785153446035699000,1785153446035699000,1785153446035699000,121932490,121652369,-137.121,0.000,0.000,1.000,3.000,0.000,0.000,11.000,0,0,0
B3_zmq_pushpull,zmq_tcp,none,none,,1,9576,512,584,1785153446036405000,1785153446036405000,1785153446036405000,1785153446036406000,1785153446036559000,1785153446036562000,1785153446036562000,1785153446036562000,121932490,121652369,-127.121,0.000,0.000,1.000,3.000,0.000,0.000,10.000,0,0,0
B3_zmq_pushpull,zmq_tcp,none,none,,1,9577,512,584,1785153446037405000,1785153446037405000,1785153446037405000,1785153446037406000,1785153446037562000,1785153446037565000,1785153446037565000,1785153446037565000,121932490,121652369,-124.121,0.000,0.000,1.000,3.000,0.000,0.000,3.000,0,0,0
B3_zmq_pushpull,zmq_tcp,none,none,,1,9578,512,584,1785153446038409000,1785153446038409000,1785153446038409000,1785153446038410000,1785153446038566000,1785153446038568000,1785153446038568000,1785153446038568000,121932490,121652369,-124.121,0.000,0.000,1.000,2.000,0.000,0.000,0.000,0,0,0
B3_zmq_pushpull,zmq_tcp,none,none,,1,9579,512,584,1785153446039425000,1785153446039425000,1785153446039426000,1785153446039426000,1785153446039590000,1785153446039592000,1785153446039592000,1785153446039592000,121932490,121652369,-116.121,0.000,1.000,0.000,2.000,0.000,0.000,8.000,0,0,0
B3_zmq_pushpull,zmq_tcp,none,none,,1,9580,512,584,1785153446040418000,1785153446040418000,1785153446040419000,1785153446040419000,1785153446040576000,1785153446040579000,1785153446040579000,1785153446040579000,121932490,121652369,-123.121,0.000,1.000,0.000,3.000,0.000,0.000,7.000,0,0,0
B3_zmq_pushpull,zmq_tcp,none,none,,1,9581,512,584,1785153446041424000,1785153446041424000,1785153446041424000,1785153446041425000,1785153446041569000,1785153446041572000,1785153446041572000,1785153446041572000,121932490,121652369,-136.121,0.000,0.000,1.000,3.000,0.000,0.000,13.000,0,0,0
B3_zmq_pushpull,zmq_tcp,none,none,,1,9582,512,584,1785153446042550000,1785153446042550000,1785153446042550000,1785153446042551000,1785153446042718000,1785153446042720000,1785153446042720000,1785153446042720000,121932490,121652369,-113.121,0.000,0.000,1.000,2.000,0.000,0.000,23.000,0,0,0
B3_zmq_pushpull,zmq_tcp,none,none,,1,9583,512,584,1785153446043519000,1785153446043519000,1785153446043519000,1785153446043520000,1785153446043561000,1785153446043564000,1785153446043564000,1785153446043565000,121932490,121652369,-239.121,0.000,0.000,1.000,3.000,0.000,1.000,126.000,0,0,0
B3_zmq_pushpull,zmq_tcp,none,none,,1,9584,512,584,1785153446044529000,1785153446044529000,1785153446044530000,1785153446044530000,1785153446044577000,1785153446044580000,1785153446044580000,1785153446044580000,121932490,121652369,-233.121,0.000,1.000,0.000,3.000,0.000,0.000,6.000,0,0,0
B3_zmq_pushpull,zmq_tcp,none,none,,1,9585,512,584,1785153446045412000,1785153446045412000,1785153446045413000,1785153446045413000,1785153446045571000,1785153446045574000,1785153446045574000,1785153446045574000,121932490,121652369,-122.121,0.000,1.000,0.000,3.000,0.000,0.000,111.000,0,0,0
B3_zmq_pushpull,zmq_tcp,none,none,,1,9586,512,584,1785153446046553000,1785153446046553000,1785153446046553000,1785153446046554000,1785153446046726000,1785153446046728000,1785153446046728000,1785153446046728000,121932490,121652369,-108.121,0.000,0.000,1.000,2.000,0.000,0.000,14.000,0,0,0
B3_zmq_pushpull,zmq_tcp,none,none,,1,9587,512,584,1785153446047520000,1785153446047520000,1785153446047521000,1785153446047521000,1785153446047591000,1785153446047594000,1785153446047594000,1785153446047594000,121932490,121652369,-210.121,0.000,1.000,0.000,3.000,0.000,0.000,102.000,0,0,0
B3_zmq_pushpull,zmq_tcp,none,none,,1,9588,512,584,1785153446048418000,1785153446048418000,1785153446048418000,1785153446048419000,1785153446048572000,1785153446048575000,1785153446048575000,1785153446048575000,121932490,121652369,-127.121,0.000,0.000,1.000,3.000,0.000,0.000,83.000,0,0,0
B3_zmq_pushpull,zmq_tcp,none,none,,1,9589,512,584,1785153446049552000,1785153446049552000,1785153446049552000,1785153446049553000,1785153446049710000,1785153446049712000,1785153446049712000,1785153446049712000,121932490,121652369,-123.121,0.000,0.000,1.000,2.000,0.000,0.000,4.000,0,0,0
B3_zmq_pushpull,zmq_tcp,none,none,,1,9590,512,584,1785153446050518000,1785153446050518000,1785153446050518000,1785153446050519000,1785153446050563000,1785153446050566000,1785153446050566000,1785153446050566000,121932490,121652369,-236.121,0.000,0.000,1.000,3.000,0.000,0.000,113.000,0,0,0
B3_zmq_pushpull,zmq_tcp,none,none,,1,9591,512,584,1785153446051531000,1785153446051531000,1785153446051531000,1785153446051532000,1785153446051575000,1785153446051579000,1785153446051579000,1785153446051579000,121932490,121652369,-237.121,0.000,0.000,1.000,4.000,0.000,0.000,1.000,0,0,0
B3_zmq_pushpull,zmq_tcp,none,none,,1,9592,512,584,1785153446052523000,1785153446052524000,1785153446052524000,1785153446052525000,1785153446052596000,1785153446052599000,1785153446052599000,1785153446052599000,121932490,121652369,-209.121,1.000,0.000,1.000,3.000,0.000,0.000,28.000,0,0,0
B3_zmq_pushpull,zmq_tcp,none,none,,1,9593,512,584,1785153446053526000,1785153446053526000,1785153446053526000,1785153446053527000,1785153446053592000,1785153446053596000,1785153446053596000,1785153446053596000,121932490,121652369,-215.121,0.000,0.000,1.000,4.000,0.000,0.000,6.000,0,0,0
B3_zmq_pushpull,zmq_tcp,none,none,,1,9594,512,584,1785153446054434000,1785153446054434000,1785153446054434000,1785153446054435000,1785153446054582000,1785153446054584000,1785153446054584000,1785153446054584000,121932490,121652369,-133.121,0.000,0.000,1.000,2.000,0.000,0.000,82.000,0,0,0
B3_zmq_pushpull,zmq_tcp,none,none,,1,9595,512,584,1785153446055548000,1785153446055548000,1785153446055548000,1785153446055549000,1785153446055710000,1785153446055712000,1785153446055712000,1785153446055712000,121932490,121652369,-119.121,0.000,0.000,1.000,2.000,0.000,0.000,14.000,0,0,0
B3_zmq_pushpull,zmq_tcp,none,none,,1,9596,512,584,1785153446056418000,1785153446056419000,1785153446056419000,1785153446056420000,1785153446056573000,1785153446056576000,1785153446056576000,1785153446056576000,121932490,121652369,-127.121,1.000,0.000,1.000,3.000,0.000,0.000,8.000,0,0,0
B3_zmq_pushpull,zmq_tcp,none,none,,1,9597,512,584,1785153446057551000,1785153446057552000,1785153446057552000,1785153446057553000,1785153446057703000,1785153446057706000,1785153446057706000,1785153446057706000,121932490,121652369,-130.121,1.000,0.000,1.000,3.000,0.000,0.000,3.000,0,0,0
B3_zmq_pushpull,zmq_tcp,none,none,,1,9598,512,584,1785153446058516000,1785153446058516000,1785153446058516000,1785153446058517000,1785153446058571000,1785153446058574000,1785153446058574000,1785153446058574000,121932490,121652369,-226.121,0.000,0.000,1.000,3.000,0.000,0.000,96.000,0,0,0
B3_zmq_pushpull,zmq_tcp,none,none,,1,9599,512,584,1785153446059529000,1785153446059529000,1785153446059529000,1785153446059530000,1785153446059572000,1785153446059576000,1785153446059576000,1785153446059576000,121932490,121652369,-238.121,0.000,0.000,1.000,4.000,0.000,0.000,12.000,0,0,0
B3_zmq_pushpull,zmq_tcp,none,none,,1,9600,512,584,1785153446060421000,1785153446060421000,1785153446060421000,1785153446060422000,1785153446060572000,1785153446060575000,1785153446060575000,1785153446060575000,121932490,121652369,-130.121,0.000,0.000,1.000,3.000,0.000,0.000,108.000,0,0,0
B3_zmq_pushpull,zmq_tcp,none,none,,1,9601,512,584,1785153446061552000,1785153446061552000,1785153446061552000,1785153446061553000,1785153446061724000,1785153446061727000,1785153446061727000,1785153446061727000,121932490,121652369,-109.121,0.000,0.000,1.000,3.000,0.000,0.000,21.000,0,0,0
B3_zmq_pushpull,zmq_tcp,none,none,,1,9602,512,584,1785153446062517000,1785153446062517000,1785153446062517000,1785153446062518000,1785153446062588000,1785153446062591000,1785153446062591000,1785153446062591000,121932490,121652369,-210.121,0.000,0.000,1.000,3.000,0.000,0.000,101.000,0,0,0
B3_zmq_pushpull,zmq_tcp,none,none,,1,9603,512,584,1785153446063528000,1785153446063528000,1785153446063528000,1785153446063529000,1785153446063584000,1785153446063587000,1785153446063587000,1785153446063587000,121932490,121652369,-225.121,0.000,0.000,1.000,3.000,0.000,0.000,15.000,0,0,0
B3_zmq_pushpull,zmq_tcp,none,none,,1,9604,512,584,1785153446064525000,1785153446064525000,1785153446064525000,1785153446064526000,1785153446064569000,1785153446064573000,1785153446064573000,1785153446064573000,121932490,121652369,-237.121,0.000,0.000,1.000,4.000,0.000,0.000,12.000,0,0,0
B3_zmq_pushpull,zmq_tcp,none,none,,1,9605,512,584,1785153446065526000,1785153446065526000,1785153446065526000,1785153446065527000,1785153446065586000,1785153446065589000,1785153446065589000,1785153446065589000,121932490,121652369,-221.121,0.000,0.000,1.000,3.000,0.000,0.000,16.000,0,0,0
B3_zmq_pushpull,zmq_tcp,none,none,,1,9606,512,584,1785153446066522000,1785153446066522000,1785153446066522000,1785153446066523000,1785153446066602000,1785153446066604000,1785153446066604000,1785153446066604000,121932490,121652369,-201.121,0.000,0.000,1.000,2.000,0.000,0.000,20.000,0,0,0
B3_zmq_pushpull,zmq_tcp,none,none,,1,9607,512,584,1785153446067528000,1785153446067528000,1785153446067528000,1785153446067529000,1785153446067591000,1785153446067594000,1785153446067594000,1785153446067594000,121932490,121652369,-218.121,0.000,0.000,1.000,3.000,0.000,0.000,17.000,0,0,0
B3_zmq_pushpull,zmq_tcp,none,none,,1,9608,512,584,1785153446068525000,1785153446068525000,1785153446068525000,1785153446068526000,1785153446068600000,1785153446068603000,1785153446068603000,1785153446068603000,121932490,121652369,-206.121,0.000,0.000,1.000,3.000,0.000,0.000,12.000,0,0,0
B3_zmq_pushpull,zmq_tcp,none,none,,1,9609,512,584,1785153446069525000,1785153446069525000,1785153446069525000,1785153446069526000,1785153446069612000,1785153446069615000,1785153446069615000,1785153446069615000,121932490,121652369,-194.121,0.000,0.000,1.000,3.000,0.000,0.000,12.000,0,0,0
B3_zmq_pushpull,zmq_tcp,none,none,,1,9610,512,584,1785153446070522000,1785153446070522000,1785153446070522000,1785153446070523000,1785153446070610000,1785153446070612000,1785153446070612000,1785153446070612000,121932490,121652369,-193.121,0.000,0.000,1.000,2.000,0.000,0.000,1.000,0,0,0
B3_zmq_pushpull,zmq_tcp,none,none,,1,9611,512,584,1785153446071526000,1785153446071526000,1785153446071526000,1785153446071527000,1785153446071616000,1785153446071619000,1785153446071619000,1785153446071619000,121932490,121652369,-191.121,0.000,0.000,1.000,3.000,0.000,0.000,2.000,0,0,0
B3_zmq_pushpull,zmq_tcp,none,none,,1,9612,512,584,1785153446072525000,1785153446072525000,1785153446072525000,1785153446072526000,1785153446072622000,1785153446072624000,1785153446072624000,1785153446072624000,121932490,121652369,-184.121,0.000,0.000,1.000,2.000,0.000,0.000,7.000,0,0,0
B3_zmq_pushpull,zmq_tcp,none,none,,1,9613,512,584,1785153446073527000,1785153446073528000,1785153446073528000,1785153446073529000,1785153446073634000,1785153446073636000,1785153446073636000,1785153446073636000,121932490,121652369,-175.121,1.000,0.000,1.000,2.000,0.000,0.000,9.000,0,0,0
B3_zmq_pushpull,zmq_tcp,none,none,,1,9614,512,584,1785153446074521000,1785153446074521000,1785153446074521000,1785153446074522000,1785153446074632000,1785153446074640000,1785153446074640000,1785153446074640000,121932490,121652369,-170.121,0.000,0.000,1.000,8.000,0.000,0.000,5.000,0,0,0
B3_zmq_pushpull,zmq_tcp,none,none,,1,9615,512,584,1785153446075528000,1785153446075529000,1785153446075529000,1785153446075530000,1785153446075647000,1785153446075650000,1785153446075650000,1785153446075650000,121932490,121652369,-163.121,1.000,0.000,1.000,3.000,0.000,0.000,7.000,0,0,0
B3_zmq_pushpull,zmq_tcp,none,none,,1,9616,512,584,1785153446076523000,1785153446076523000,1785153446076523000,1785153446076524000,1785153446076638000,1785153446076640000,1785153446076641000,1785153446076641000,121932490,121652369,-166.121,0.000,0.000,1.000,2.000,1.000,0.000,3.000,0,0,0
B3_zmq_pushpull,zmq_tcp,none,none,,1,9617,512,584,1785153446077530000,1785153446077530000,1785153446077530000,1785153446077532000,1785153446077635000,1785153446077638000,1785153446077638000,1785153446077638000,121932490,121652369,-177.121,0.000,0.000,2.000,3.000,0.000,0.000,11.000,0,0,0
B3_zmq_pushpull,zmq_tcp,none,none,,1,9618,512,584,1785153446078344000,1785153446078344000,1785153446078345000,1785153446078345000,1785153446078498000,1785153446078500000,1785153446078500000,1785153446078500000,121932490,121652369,-127.121,0.000,1.000,0.000,2.000,0.000,0.000,50.000,0,0,0
B3_zmq_pushpull,zmq_tcp,none,none,,1,9619,512,584,1785153446079572000,1785153446079572000,1785153446079572000,1785153446079573000,1785153446079656000,1785153446079659000,1785153446079659000,1785153446079659000,121932490,121652369,-197.121,0.000,0.000,1.000,3.000,0.000,0.000,70.000,0,0,0
B3_zmq_pushpull,zmq_tcp,none,none,,1,9620,512,584,1785153446080512000,1785153446080512000,1785153446080513000,1785153446080518000,1785153446080656000,1785153446080659000,1785153446080659000,1785153446080659000,121932490,121652369,-142.121,0.000,1.000,5.000,3.000,0.000,0.000,55.000,0,0,0
B3_zmq_pushpull,zmq_tcp,none,none,,1,9621,512,584,1785153446081530000,1785153446081530000,1785153446081530000,1785153446081531000,1785153446081671000,1785153446081674000,1785153446081674000,1785153446081674000,121932490,121652369,-140.121,0.000,0.000,1.000,3.000,0.000,0.000,2.000,0,0,0
B3_zmq_pushpull,zmq_tcp,none,none,,1,9622,512,584,1785153446082524000,1785153446082524000,1785153446082524000,1785153446082525000,1785153446082672000,1785153446082675000,1785153446082675000,1785153446082675000,121932490,121652369,-133.121,0.000,0.000,1.000,3.000,0.000,0.000,7.000,0,0,0
B3_zmq_pushpull,zmq_tcp,none,none,,1,9623,512,584,1785153446083525000,1785153446083525000,1785153446083525000,1785153446083526000,1785153446083674000,1785153446083676000,1785153446083676000,1785153446083676000,121932490,121652369,-132.121,0.000,0.000,1.000,2.000,0.000,0.000,1.000,0,0,0
B3_zmq_pushpull,zmq_tcp,none,none,,1,9624,512,584,1785153446084524000,1785153446084524000,1785153446084524000,1785153446084525000,1785153446084680000,1785153446084683000,1785153446084683000,1785153446084683000,121932490,121652369,-125.121,0.000,0.000,1.000,3.000,0.000,0.000,7.000,0,0,0
B3_zmq_pushpull,zmq_tcp,none,none,,1,9625,512,584,1785153446085382000,1785153446085382000,1785153446085382000,1785153446085383000,1785153446085537000,1785153446085540000,1785153446085540000,1785153446085540000,121932490,121652369,-126.121,0.000,0.000,1.000,3.000,0.000,0.000,1.000,0,0,0
B3_zmq_pushpull,zmq_tcp,none,none,,1,9626,512,584,1785153446086390000,1785153446086390000,1785153446086390000,1785153446086391000,1785153446086547000,1785153446086550000,1785153446086550000,1785153446086550000,121932490,121652369,-124.121,0.000,0.000,1.000,3.000,0.000,0.000,2.000,0,0,0
B3_zmq_pushpull,zmq_tcp,none,none,,1,9627,512,584,1785153446087561000,1785153446087561000,1785153446087561000,1785153446087562000,1785153446087702000,1785153446087704000,1785153446087704000,1785153446087704000,121932490,121652369,-140.121,0.000,0.000,1.000,2.000,0.000,0.000,16.000,0,0,0
B3_zmq_pushpull,zmq_tcp,none,none,,1,9628,512,584,1785153446088516000,1785153446088516000,1785153446088516000,1785153446088517000,1785153446088714000,1785153446088716000,1785153446088717000,1785153446088717000,121932490,121652369,-83.121,0.000,0.000,1.000,2.000,1.000,0.000,57.000,0,0,0
B3_zmq_pushpull,zmq_tcp,none,none,,1,9629,512,584,1785153446089529000,1785153446089529000,1785153446089529000,1785153446089530000,1785153446089716000,1785153446089720000,1785153446089720000,1785153446089720000,121932490,121652369,-94.121,0.000,0.000,1.000,4.000,0.000,0.000,11.000,0,0,0
B3_zmq_pushpull,zmq_tcp,none,none,,1,9630,512,584,1785153446090420000,1785153446090420000,1785153446090420000,1785153446090421000,1785153446090574000,1785153446090577000,1785153446090577000,1785153446090577000,121932490,121652369,-127.121,0.000,0.000,1.000,3.000,0.000,0.000,33.000,0,0,0
B3_zmq_pushpull,zmq_tcp,none,none,,1,9631,512,584,1785153446091416000,1785153446091416000,1785153446091416000,1785153446091417000,1785153446091570000,1785153446091573000,1785153446091573000,1785153446091573000,121932490,121652369,-127.121,0.000,0.000,1.000,3.000,0.000,0.000,0.000,0,0,0
B3_zmq_pushpull,zmq_tcp,none,none,,1,9632,512,584,1785153446092553000,1785153446092553000,1785153446092553000,1785153446092554000,1785153446092700000,1785153446092702000,1785153446092702000,1785153446092702000,121932490,121652369,-134.121,0.000,0.000,1.000,2.000,0.000,0.000,7.000,0,0,0
B3_zmq_pushpull,zmq_tcp,none,none,,1,9633,512,584,1785153446093520000,1785153446093520000,1785153446093520000,1785153446093521000,1785153446093695000,1785153446093698000,1785153446093698000,1785153446093698000,121932490,121652369,-106.121,0.000,0.000,1.000,3.000,0.000,0.000,28.000,0,0,0
B3_zmq_pushpull,zmq_tcp,none,none,,1,9634,512,584,1785153446094529000,1785153446094529000,1785153446094529000,1785153446094530000,1785153446094699000,1785153446094702000,1785153446094702000,1785153446094702000,121932490,121652369,-111.121,0.000,0.000,1.000,3.000,0.000,0.000,5.000,0,0,0
B3_zmq_pushpull,zmq_tcp,none,none,,1,9635,512,584,1785153446095526000,1785153446095526000,1785153446095526000,1785153446095527000,1785153446095713000,1785153446095715000,1785153446095715000,1785153446095715000,121932490,121652369,-94.121,0.000,0.000,1.000,2.000,0.000,0.000,17.000,0,0,0
B3_zmq_pushpull,zmq_tcp,none,none,,1,9636,512,584,1785153446096427000,1785153446096427000,1785153446096427000,1785153446096428000,1785153446096576000,1785153446096578000,1785153446096578000,1785153446096578000,121932490,121652369,-132.121,0.000,0.000,1.000,2.000,0.000,0.000,38.000,0,0,0
B3_zmq_pushpull,zmq_tcp,none,none,,1,9637,512,584,1785153446097549000,1785153446097549000,1785153446097549000,1785153446097550000,1785153446097700000,1785153446097703000,1785153446097703000,1785153446097703000,121932490,121652369,-130.121,0.000,0.000,1.000,3.000,0.000,0.000,2.000,0,0,0
B3_zmq_pushpull,zmq_tcp,none,none,,1,9638,512,584,1785153446098520000,1785153446098520000,1785153446098520000,1785153446098521000,1785153446098676000,1785153446098679000,1785153446098679000,1785153446098679000,121932490,121652369,-125.121,0.000,0.000,1.000,3.000,0.000,0.000,5.000,0,0,0
B3_zmq_pushpull,zmq_tcp,none,none,,1,9639,512,584,1785153446099526000,1785153446099527000,1785153446099527000,1785153446099528000,1785153446099672000,1785153446099675000,1785153446099675000,1785153446099675000,121932490,121652369,-136.121,1.000,0.000,1.000,3.000,0.000,0.000,11.000,0,0,0
B3_zmq_pushpull,zmq_tcp,none,none,,1,9640,512,584,1785153446100373000,1785153446100374000,1785153446100374000,1785153446100375000,1785153446100531000,1785153446100534000,1785153446100534000,1785153446100534000,121932490,121652369,-124.121,1.000,0.000,1.000,3.000,0.000,0.000,12.000,0,0,0
B3_zmq_pushpull,zmq_tcp,none,none,,1,9641,512,584,1785153446101379000,1785153446101379000,1785153446101379000,1785153446101380000,1785153446101536000,1785153446101540000,1785153446101540000,1785153446101540000,121932490,121652369,-124.121,0.000,0.000,1.000,4.000,0.000,0.000,0.000,0,0,0
B3_zmq_pushpull,zmq_tcp,none,none,,1,9642,512,584,1785153446102562000,1785153446102562000,1785153446102562000,1785153446102563000,1785153446102685000,1785153446102687000,1785153446102687000,1785153446102687000,121932490,121652369,-158.121,0.000,0.000,1.000,2.000,0.000,0.000,34.000,0,0,0
B3_zmq_pushpull,zmq_tcp,none,none,,1,9643,512,584,1785153446103517000,1785153446103517000,1785153446103517000,1785153446103518000,1785153446103683000,1785153446103686000,1785153446103686000,1785153446103686000,121932490,121652369,-115.121,0.000,0.000,1.000,3.000,0.000,0.000,43.000,0,0,0
B3_zmq_pushpull,zmq_tcp,none,none,,1,9644,512,584,1785153446104395000,1785153446104395000,1785153446104395000,1785153446104396000,1785153446104541000,1785153446104544000,1785153446104544000,1785153446104544000,121932490,121652369,-135.121,0.000,0.000,1.000,3.000,0.000,0.000,20.000,0,0,0
B3_zmq_pushpull,zmq_tcp,none,none,,1,9645,512,584,1785153446105392000,1785153446105392000,1785153446105392000,1785153446105393000,1785153446105546000,1785153446105548000,1785153446105548000,1785153446105548000,121932490,121652369,-127.121,0.000,0.000,1.000,2.000,0.000,0.000,8.000,0,0,0
B3_zmq_pushpull,zmq_tcp,none,none,,1,9646,512,584,1785153446106396000,1785153446106397000,1785153446106397000,1785153446106398000,1785153446106550000,1785153446106553000,1785153446106553000,1785153446106553000,121932490,121652369,-128.121,1.000,0.000,1.000,3.000,0.000,0.000,1.000,0,0,0
B3_zmq_pushpull,zmq_tcp,none,none,,1,9647,512,584,1785153446107554000,1785153446107554000,1785153446107554000,1785153446107555000,1785153446107697000,1785153446107699000,1785153446107699000,1785153446107699000,121932490,121652369,-138.121,0.000,0.000,1.000,2.000,0.000,0.000,10.000,0,0,0
B3_zmq_pushpull,zmq_tcp,none,none,,1,9648,512,584,1785153446108520000,1785153446108520000,1785153446108520000,1785153446108521000,1785153446108701000,1785153446108703000,1785153446108703000,1785153446108703000,121932490,121652369,-100.121,0.000,0.000,1.000,2.000,0.000,0.000,38.000,0,0,0
B3_zmq_pushpull,zmq_tcp,none,none,,1,9649,512,584,1785153446109527000,1785153446109527000,1785153446109527000,1785153446109528000,1785153446109709000,1785153446109711000,1785153446109711000,1785153446109711000,121932490,121652369,-99.121,0.000,0.000,1.000,2.000,0.000,0.000,1.000,0,0,0
B3_zmq_pushpull,zmq_tcp,none,none,,1,9650,512,584,1785153446110408000,1785153446110408000,1785153446110408000,1785153446110409000,1785153446110567000,1785153446110570000,1785153446110570000,1785153446110570000,121932490,121652369,-122.121,0.000,0.000,1.000,3.000,0.000,0.000,23.000,0,0,0
B3_zmq_pushpull,zmq_tcp,none,none,,1,9651,512,584,1785153446111409000,1785153446111410000,1785153446111410000,1785153446111411000,1785153446111554000,1785153446111557000,1785153446111557000,1785153446111557000,121932490,121652369,-137.121,1.000,0.000,1.000,3.000,0.000,0.000,15.000,0,0,0
B3_zmq_pushpull,zmq_tcp,none,none,,1,9652,512,584,1785153446112404000,1785153446112404000,1785153446112404000,1785153446112405000,1785153446112558000,1785153446112561000,1785153446112561000,1785153446112561000,121932490,121652369,-127.121,0.000,0.000,1.000,3.000,0.000,0.000,10.000,0,0,0
B3_zmq_pushpull,zmq_tcp,none,none,,1,9653,512,584,1785153446113383000,1785153446113384000,1785153446113384000,1785153446113385000,1785153446113526000,1785153446113529000,1785153446113529000,1785153446113529000,121932490,121652369,-139.121,1.000,0.000,1.000,3.000,0.000,0.000,12.000,0,0,0
B3_zmq_pushpull,zmq_tcp,none,none,,1,9654,512,584,1785153446114558000,1785153446114558000,1785153446114558000,1785153446114559000,1785153446114643000,1785153446114646000,1785153446114646000,1785153446114646000,121932490,121652369,-196.121,0.000,0.000,1.000,3.000,0.000,0.000,57.000,0,0,0
B3_zmq_pushpull,zmq_tcp,none,none,,1,9655,512,584,1785153446115516000,1785153446115516000,1785153446115516000,1785153446115517000,1785153446115633000,1785153446115636000,1785153446115636000,1785153446115636000,121932490,121652369,-164.121,0.000,0.000,1.000,3.000,0.000,0.000,32.000,0,0,0
B3_zmq_pushpull,zmq_tcp,none,none,,1,9656,512,584,1785153446116529000,1785153446116529000,1785153446116529000,1785153446116530000,1785153446116608000,1785153446116610000,1785153446116611000,1785153446116611000,121932490,121652369,-202.121,0.000,0.000,1.000,2.000,1.000,0.000,38.000,0,0,0
B3_zmq_pushpull,zmq_tcp,none,none,,1,9657,512,584,1785153446117523000,1785153446117523000,1785153446117523000,1785153446117524000,1785153446117572000,1785153446117575000,1785153446117575000,1785153446117575000,121932490,121652369,-232.121,0.000,0.000,1.000,3.000,0.000,0.000,30.000,0,0,0
B3_zmq_pushpull,zmq_tcp,none,none,,1,9658,512,584,1785153446118412000,1785153446118413000,1785153446118413000,1785153446118413000,1785153446118564000,1785153446118566000,1785153446118566000,1785153446118566000,121932490,121652369,-129.121,1.000,0.000,0.000,2.000,0.000,0.000,103.000,0,0,0
B3_zmq_pushpull,zmq_tcp,none,none,,1,9659,512,584,1785153446119379000,1785153446119379000,1785153446119379000,1785153446119380000,1785153446119532000,1785153446119534000,1785153446119534000,1785153446119534000,121932490,121652369,-128.121,0.000,0.000,1.000,2.000,0.000,0.000,1.000,0,0,0
B3_zmq_pushpull,zmq_tcp,none,none,,1,9660,512,584,1785153446120358000,1785153446120358000,1785153446120359000,1785153446120359000,1785153446120513000,1785153446120516000,1785153446120516000,1785153446120516000,121932490,121652369,-126.121,0.000,1.000,0.000,3.000,0.000,0.000,2.000,0,0,0
B3_zmq_pushpull,zmq_tcp,none,none,,1,9661,512,584,1785153446121350000,1785153446121350000,1785153446121350000,1785153446121351000,1785153446121502000,1785153446121505000,1785153446121505000,1785153446121505000,121932490,121652369,-129.121,0.000,0.000,1.000,3.000,0.000,0.000,3.000,0,0,0
B3_zmq_pushpull,zmq_tcp,none,none,,1,9662,512,584,1785153446122332000,1785153446122332000,1785153446122332000,1785153446122333000,1785153446122476000,1785153446122478000,1785153446122478000,1785153446122478000,121932490,121652369,-137.121,0.000,0.000,1.000,2.000,0.000,0.000,8.000,0,0,0
B3_zmq_pushpull,zmq_tcp,none,none,,1,9663,512,584,1785153446123577000,1785153446123578000,1785153446123578000,1785153446123579000,1785153446123736000,1785153446123738000,1785153446123738000,1785153446123738000,121932490,121652369,-123.121,1.000,0.000,1.000,2.000,0.000,0.000,14.000,0,0,0
B3_zmq_pushpull,zmq_tcp,none,none,,1,9664,512,584,1785153446124515000,1785153446124515000,1785153446124515000,1785153446124516000,1785153446124585000,1785153446124588000,1785153446124588000,1785153446124588000,121932490,121652369,-211.121,0.000,0.000,1.000,3.000,0.000,0.000,88.000,0,0,0
B3_zmq_pushpull,zmq_tcp,none,none,,1,9665,512,584,1785153446125423000,1785153446125424000,1785153446125424000,1785153446125425000,1785153446125557000,1785153446125560000,1785153446125560000,1785153446125560000,121932490,121652369,-148.121,1.000,0.000,1.000,3.000,0.000,0.000,63.000,0,0,0
B3_zmq_pushpull,zmq_tcp,none,none,,1,9666,512,584,1785153446126549000,1785153446126550000,1785153446126550000,1785153446126550000,1785153446126682000,1785153446126685000,1785153446126685000,1785153446126685000,121932490,121652369,-148.121,1.000,0.000,0.000,3.000,0.000,0.000,0.000,0,0,0
B3_zmq_pushpull,zmq_tcp,none,none,,1,9667,512,584,1785153446127519000,1785153446127519000,1785153446127519000,1785153446127520000,1785153446127654000,1785153446127657000,1785153446127657000,1785153446127657000,121932490,121652369,-146.121,0.000,0.000,1.000,3.000,0.000,0.000,2.000,0,0,0
B3_zmq_pushpull,zmq_tcp,none,none,,1,9668,512,584,1785153446128523000,1785153446128523000,1785153446128523000,1785153446128524000,1785153446128631000,1785153446128634000,1785153446128634000,1785153446128634000,121932490,121652369,-173.121,0.000,0.000,1.000,3.000,0.000,0.000,27.000,0,0,0
B3_zmq_pushpull,zmq_tcp,none,none,,1,9669,512,584,1785153446129525000,1785153446129525000,1785153446129526000,1785153446129526000,1785153446129621000,1785153446129624000,1785153446129624000,1785153446129624000,121932490,121652369,-185.121,0.000,1.000,0.000,3.000,0.000,0.000,12.000,0,0,0
B3_zmq_pushpull,zmq_tcp,none,none,,1,9670,512,584,1785153446130527000,1785153446130527000,1785153446130527000,1785153446130528000,1785153446130718000,1785153446130721000,1785153446130721000,1785153446130721000,121932490,121652369,-90.121,0.000,0.000,1.000,3.000,0.000,0.000,95.000,0,0,0
B3_zmq_pushpull,zmq_tcp,none,none,,1,9671,512,584,1785153446131520000,1785153446131520000,1785153446131520000,1785153446131521000,1785153446131694000,1785153446131697000,1785153446131697000,1785153446131697000,121932490,121652369,-107.121,0.000,0.000,1.000,3.000,0.000,0.000,17.000,0,0,0
B3_zmq_pushpull,zmq_tcp,none,none,,1,9672,512,584,1785153446132525000,1785153446132526000,1785153446132526000,1785153446132527000,1785153446132672000,1785153446132676000,1785153446132676000,1785153446132676000,121932490,121652369,-135.121,1.000,0.000,1.000,4.000,0.000,0.000,28.000,0,0,0
B3_zmq_pushpull,zmq_tcp,none,none,,1,9673,512,584,1785153446133367000,1785153446133367000,1785153446133367000,1785153446133368000,1785153446133518000,1785153446133521000,1785153446133521000,1785153446133521000,121932490,121652369,-130.121,0.000,0.000,1.000,3.000,0.000,0.000,5.000,0,0,0
B3_zmq_pushpull,zmq_tcp,none,none,,1,9674,512,584,1785153446134336000,1785153446134336000,1785153446134336000,1785153446134337000,1785153446134488000,1785153446134490000,1785153446134490000,1785153446134490000,121932490,121652369,-129.121,0.000,0.000,1.000,2.000,0.000,0.000,1.000,0,0,0
B3_zmq_pushpull,zmq_tcp,none,none,,1,9675,512,584,1785153446135331000,1785153446135332000,1785153446135332000,1785153446135333000,1785153446135480000,1785153446135482000,1785153446135482000,1785153446135482000,121932490,121652369,-133.121,1.000,0.000,1.000,2.000,0.000,0.000,4.000,0,0,0
B3_zmq_pushpull,zmq_tcp,none,none,,1,9676,512,584,1785153446136573000,1785153446136573000,1785153446136573000,1785153446136574000,1785153446136756000,1785153446136759000,1785153446136759000,1785153446136759000,121932490,121652369,-98.121,0.000,0.000,1.000,3.000,0.000,0.000,35.000,0,0,0
B3_zmq_pushpull,zmq_tcp,none,none,,1,9677,512,584,1785153446137452000,1785153446137452000,1785153446137452000,1785153446137453000,1785153446137601000,1785153446137604000,1785153446137604000,1785153446137604000,121932490,121652369,-132.121,0.000,0.000,1.000,3.000,0.000,0.000,34.000,0,0,0
B3_zmq_pushpull,zmq_tcp,none,none,,1,9678,512,584,1785153446138543000,1785153446138543000,1785153446138544000,1785153446138544000,1785153446138593000,1785153446138596000,1785153446138596000,1785153446138596000,121932490,121652369,-231.121,0.000,1.000,0.000,3.000,0.000,0.000,99.000,0,0,0
B3_zmq_pushpull,zmq_tcp,none,none,,1,9679,512,584,1785153446139437000,1785153446139437000,1785153446139437000,1785153446139438000,1785153446139588000,1785153446139591000,1785153446139591000,1785153446139591000,121932490,121652369,-130.121,0.000,0.000,1.000,3.000,0.000,0.000,101.000,0,0,0
B3_zmq_pushpull,zmq_tcp,none,none,,1,9680,512,584,1785153446140547000,1785153446140547000,1785153446140547000,1785153446140548000,1785153446140710000,1785153446140713000,1785153446140713000,1785153446140713000,121932490,121652369,-118.121,0.000,0.000,1.000,3.000,0.000,0.000,12.000,0,0,0
B3_zmq_pushpull,zmq_tcp,none,none,,1,9681,512,584,1785153446141516000,1785153446141516000,1785153446141516000,1785153446141517000,1785153446141563000,1785153446141566000,1785153446141566000,1785153446141566000,121932490,121652369,-234.121,0.000,0.000,1.000,3.000,0.000,0.000,116.000,0,0,0
B3_zmq_pushpull,zmq_tcp,none,none,,1,9682,512,584,1785153446142401000,1785153446142401000,1785153446142401000,1785153446142402000,1785153446142559000,1785153446142566000,1785153446142566000,1785153446142566000,121932490,121652369,-123.121,0.000,0.000,1.000,7.000,0.000,0.000,111.000,0,0,0
B3_zmq_pushpull,zmq_tcp,none,none,,1,9683,512,584,1785153446143386000,1785153446143386000,1785153446143386000,1785153446143387000,1785153446143543000,1785153446143545000,1785153446143545000,1785153446143545000,121932490,121652369,-124.121,0.000,0.000,1.000,2.000,0.000,0.000,1.000,0,0,0
B3_zmq_pushpull,zmq_tcp,none,none,,1,9684,512,584,1785153446144378000,1785153446144378000,1785153446144378000,1785153446144379000,1785153446144536000,1785153446144538000,1785153446144538000,1785153446144538000,121932490,121652369,-123.121,0.000,0.000,1.000,2.000,0.000,0.000,1.000,0,0,0
B3_zmq_pushpull,zmq_tcp,none,none,,1,9685,512,584,1785153446145557000,1785153446145558000,1785153446145558000,1785153446145559000,1785153446145658000,1785153446145661000,1785153446145661000,1785153446145661000,121932490,121652369,-181.121,1.000,0.000,1.000,3.000,0.000,0.000,58.000,0,0,0
B3_zmq_pushpull,zmq_tcp,none,none,,1,9686,512,584,1785153446146516000,1785153446146516000,1785153446146516000,1785153446146517000,1785153446146619000,1785153446146622000,1785153446146622000,1785153446146622000,121932490,121652369,-178.121,0.000,0.000,1.000,3.000,0.000,0.000,3.000,0,0,0
B3_zmq_pushpull,zmq_tcp,none,none,,1,9687,512,584,1785153446147527000,1785153446147527000,1785153446147527000,1785153446147528000,1785153446147582000,1785153446147585000,1785153446147585000,1785153446147585000,121932490,121652369,-226.121,0.000,0.000,1.000,3.000,0.000,0.000,48.000,0,0,0
B3_zmq_pushpull,zmq_tcp,none,none,,1,9688,512,584,1785153446148404000,1785153446148404000,1785153446148404000,1785153446148405000,1785153446148547000,1785153446148549000,1785153446148549000,1785153446148549000,121932490,121652369,-138.121,0.000,0.000,1.000,2.000,0.000,0.000,88.000,0,0,0
B3_zmq_pushpull,zmq_tcp,none,none,,1,9689,512,584,1785153446149555000,1785153446149555000,1785153446149555000,1785153446149556000,1785153446149668000,1785153446149670000,1785153446149670000,1785153446149670000,121932490,121652369,-168.121,0.000,0.000,1.000,2.000,0.000,0.000,30.000,0,0,0
B3_zmq_pushpull,zmq_tcp,none,none,,1,9690,512,584,1785153446150520000,1785153446150521000,1785153446150521000,1785153446150522000,1785153446150650000,1785153446150653000,1785153446150653000,1785153446150653000,121932490,121652369,-152.121,1.000,0.000,1.000,3.000,0.000,0.000,16.000,0,0,0
B3_zmq_pushpull,zmq_tcp,none,none,,1,9691,512,584,1785153446151524000,1785153446151524000,1785153446151524000,1785153446151525000,1785153446151637000,1785153446151640000,1785153446151640000,1785153446151640000,121932490,121652369,-168.121,0.000,0.000,1.000,3.000,0.000,0.000,16.000,0,0,0
B3_zmq_pushpull,zmq_tcp,none,none,,1,9692,512,584,1785153446152524000,1785153446152524000,1785153446152524000,1785153446152525000,1785153446152620000,1785153446152622000,1785153446152622000,1785153446152622000,121932490,121652369,-185.121,0.000,0.000,1.000,2.000,0.000,0.000,17.000,0,0,0
B3_zmq_pushpull,zmq_tcp,none,none,,1,9693,512,584,1785153446153524000,1785153446153524000,1785153446153524000,1785153446153525000,1785153446153589000,1785153446153593000,1785153446153593000,1785153446153593000,121932490,121652369,-216.121,0.000,0.000,1.000,4.000,0.000,0.000,31.000,0,0,0
B3_zmq_pushpull,zmq_tcp,none,none,,1,9694,512,584,1785153446154524000,1785153446154524000,1785153446154524000,1785153446154525000,1785153446154569000,1785153446154573000,1785153446154573000,1785153446154573000,121932490,121652369,-236.121,0.000,0.000,1.000,4.000,0.000,0.000,20.000,0,0,0
B3_zmq_pushpull,zmq_tcp,none,none,,1,9695,512,584,1785153446155525000,1785153446155525000,1785153446155525000,1785153446155526000,1785153446155686000,1785153446155689000,1785153446155689000,1785153446155689000,121932490,121652369,-120.121,0.000,0.000,1.000,3.000,0.000,0.000,116.000,0,0,0
B3_zmq_pushpull,zmq_tcp,none,none,,1,9696,512,584,1785153446156527000,1785153446156527000,1785153446156527000,1785153446156528000,1785153446156688000,1785153446156691000,1785153446156691000,1785153446156691000,121932490,121652369,-120.121,0.000,0.000,1.000,3.000,0.000,0.000,0.000,0,0,0
B3_zmq_pushpull,zmq_tcp,none,none,,1,9697,512,584,1785153446157524000,1785153446157525000,1785153446157525000,1785153446157526000,1785153446157672000,1785153446157675000,1785153446157675000,1785153446157675000,121932490,121652369,-134.121,1.000,0.000,1.000,3.000,0.000,0.000,14.000,0,0,0
B3_zmq_pushpull,zmq_tcp,none,none,,1,9698,512,584,1785153446158524000,1785153446158525000,1785153446158525000,1785153446158526000,1785153446158663000,1785153446158665000,1785153446158665000,1785153446158665000,121932490,121652369,-143.121,1.000,0.000,1.000,2.000,0.000,0.000,9.000,0,0,0
B3_zmq_pushpull,zmq_tcp,none,none,,1,9699,512,584,1785153446159524000,1785153446159524000,1785153446159524000,1785153446159525000,1785153446159652000,1785153446159655000,1785153446159656000,1785153446159656000,121932490,121652369,-153.121,0.000,0.000,1.000,3.000,1.000,0.000,10.000,0,0,0
B3_zmq_pushpull,zmq_tcp,none,none,,1,9700,512,584,1785153446160521000,1785153446160522000,1785153446160522000,1785153446160523000,1785153446160625000,1785153446160628000,1785153446160628000,1785153446160628000,121932490,121652369,-178.121,1.000,0.000,1.000,3.000,0.000,0.000,25.000,0,0,0
B3_zmq_pushpull,zmq_tcp,none,none,,1,9701,512,584,1785153446161526000,1785153446161526000,1785153446161526000,1785153446161527000,1785153446161601000,1785153446161604000,1785153446161604000,1785153446161604000,121932490,121652369,-206.121,0.000,0.000,1.000,3.000,0.000,0.000,28.000,0,0,0
B3_zmq_pushpull,zmq_tcp,none,none,,1,9702,512,584,1785153446162525000,1785153446162525000,1785153446162525000,1785153446162526000,1785153446162711000,1785153446162714000,1785153446162714000,1785153446162714000,121932490,121652369,-95.121,0.000,0.000,1.000,3.000,0.000,0.000,111.000,0,0,0
B3_zmq_pushpull,zmq_tcp,none,none,,1,9703,512,584,1785153446163522000,1785153446163522000,1785153446163522000,1785153446163523000,1785153446163708000,1785153446163710000,1785153446163710000,1785153446163710000,121932490,121652369,-95.121,0.000,0.000,1.000,2.000,0.000,0.000,0.000,0,0,0
B3_zmq_pushpull,zmq_tcp,none,none,,1,9704,512,584,1785153446164530000,1785153446164531000,1785153446164531000,1785153446164532000,1785153446164703000,1785153446164705000,1785153446164705000,1785153446164705000,121932490,121652369,-109.121,1.000,0.000,1.000,2.000,0.000,0.000,14.000,0,0,0
B3_zmq_pushpull,zmq_tcp,none,none,,1,9705,512,584,1785153446165392000,1785153446165392000,1785153446165392000,1785153446165393000,1785153446165543000,1785153446165545000,1785153446165545000,1785153446165545000,121932490,121652369,-130.121,0.000,0.000,1.000,2.000,0.000,0.000,21.000,0,0,0
B3_zmq_pushpull,zmq_tcp,none,none,,1,9706,512,584,1785153446166559000,1785153446166559000,1785153446166559000,1785153446166560000,1785153446166673000,1785153446166676000,1785153446166676000,1785153446166676000,121932490,121652369,-167.121,0.000,0.000,1.000,3.000,0.000,0.000,37.000,0,0,0
B3_zmq_pushpull,zmq_tcp,none,none,,1,9707,512,584,1785153446167512000,1785153446167513000,1785153446167513000,1785153446167514000,1785153446167659000,1785153446167661000,1785153446167661000,1785153446167661000,121932490,121652369,-135.121,1.000,0.000,1.000,2.000,0.000,0.000,32.000,0,0,0
B3_zmq_pushpull,zmq_tcp,none,none,,1,9708,512,584,1785153446168527000,1785153446168527000,1785153446168527000,1785153446168528000,1785153446168645000,1785153446168648000,1785153446168648000,1785153446168648000,121932490,121652369,-163.121,0.000,0.000,1.000,3.000,0.000,0.000,28.000,0,0,0
B3_zmq_pushpull,zmq_tcp,none,none,,1,9709,512,584,1785153446169525000,1785153446169525000,1785153446169525000,1785153446169526000,1785153446169631000,1785153446169634000,1785153446169634000,1785153446169634000,121932490,121652369,-175.121,0.000,0.000,1.000,3.000,0.000,0.000,12.000,0,0,0
B3_zmq_pushpull,zmq_tcp,none,none,,1,9710,512,584,1785153446170330000,1785153446170330000,1785153446170330000,1785153446170331000,1785153446170492000,1785153446170495000,1785153446170495000,1785153446170495000,121932490,121652369,-119.121,0.000,0.000,1.000,3.000,0.000,0.000,56.000,0,0,0
B3_zmq_pushpull,zmq_tcp,none,none,,1,9711,512,584,1785153446171569000,1785153446171570000,1785153446171570000,1785153446171571000,1785153446171631000,1785153446171633000,1785153446171633000,1785153446171633000,121932490,121652369,-220.121,1.000,0.000,1.000,2.000,0.000,0.000,101.000,0,0,0
B3_zmq_pushpull,zmq_tcp,none,none,,1,9712,512,584,1785153446172516000,1785153446172516000,1785153446172516000,1785153446172517000,1785153446172608000,1785153446172615000,1785153446172616000,1785153446172616000,121932490,121652369,-189.121,0.000,0.000,1.000,7.000,1.000,0.000,31.000,0,0,0
B3_zmq_pushpull,zmq_tcp,none,none,,1,9713,512,584,1785153446173530000,1785153446173530000,1785153446173530000,1785153446173531000,1785153446173588000,1785153446173591000,1785153446173591000,1785153446173591000,121932490,121652369,-223.121,0.000,0.000,1.000,3.000,0.000,0.000,34.000,0,0,0
B3_zmq_pushpull,zmq_tcp,none,none,,1,9714,512,584,1785153446174522000,1785153446174522000,1785153446174522000,1785153446174523000,1785153446174572000,1785153446174575000,1785153446174575000,1785153446174575000,121932490,121652369,-231.121,0.000,0.000,1.000,3.000,0.000,0.000,8.000,0,0,0
B3_zmq_pushpull,zmq_tcp,none,none,,1,9715,512,584,1785153446175526000,1785153446175526000,1785153446175526000,1785153446175527000,1785153446175683000,1785153446175686000,1785153446175686000,1785153446175686000,121932490,121652369,-124.121,0.000,0.000,1.000,3.000,0.000,0.000,107.000,0,0,0
B3_zmq_pushpull,zmq_tcp,none,none,,1,9716,512,584,1785153446176524000,1785153446176524000,1785153446176524000,1785153446176525000,1785153446176659000,1785153446176661000,1785153446176661000,1785153446176661000,121932490,121652369,-146.121,0.000,0.000,1.000,2.000,0.000,0.000,22.000,0,0,0
B3_zmq_pushpull,zmq_tcp,none,none,,1,9717,512,584,1785153446177524000,1785153446177524000,1785153446177524000,1785153446177525000,1785153446177623000,1785153446177626000,1785153446177626000,1785153446177626000,121932490,121652369,-182.121,0.000,0.000,1.000,3.000,0.000,0.000,36.000,0,0,0
B3_zmq_pushpull,zmq_tcp,none,none,,1,9718,512,584,1785153446178524000,1785153446178524000,1785153446178524000,1785153446178525000,1785153446178609000,1785153446178612000,1785153446178612000,1785153446178612000,121932490,121652369,-196.121,0.000,0.000,1.000,3.000,0.000,0.000,14.000,0,0,0
B3_zmq_pushpull,zmq_tcp,none,none,,1,9719,512,584,1785153446179526000,1785153446179526000,1785153446179526000,1785153446179527000,1785153446179601000,1785153446179604000,1785153446179604000,1785153446179604000,121932490,121652369,-206.121,0.000,0.000,1.000,3.000,0.000,0.000,10.000,0,0,0
B3_zmq_pushpull,zmq_tcp,none,none,,1,9720,512,584,1785153446180524000,1785153446180525000,1785153446180525000,1785153446180526000,1785153446180585000,1785153446180589000,1785153446180589000,1785153446180589000,121932490,121652369,-221.121,1.000,0.000,1.000,4.000,0.000,0.000,15.000,0,0,0
B3_zmq_pushpull,zmq_tcp,none,none,,1,9721,512,584,1785153446181403000,1785153446181404000,1785153446181404000,1785153446181405000,1785153446181556000,1785153446181559000,1785153446181559000,1785153446181559000,121932490,121652369,-129.121,1.000,0.000,1.000,3.000,0.000,0.000,92.000,0,0,0
B3_zmq_pushpull,zmq_tcp,none,none,,1,9722,512,584,1785153446182383000,1785153446182384000,1785153446182384000,1785153446182385000,1785153446182536000,1785153446182539000,1785153446182539000,1785153446182539000,121932490,121652369,-129.121,1.000,0.000,1.000,3.000,0.000,0.000,0.000,0,0,0
B3_zmq_pushpull,zmq_tcp,none,none,,1,9723,512,584,1785153446183376000,1785153446183376000,1785153446183377000,1785153446183377000,1785153446183532000,1785153446183535000,1785153446183535000,1785153446183535000,121932490,121652369,-125.121,0.000,1.000,0.000,3.000,0.000,0.000,4.000,0,0,0
B3_zmq_pushpull,zmq_tcp,none,none,,1,9724,512,584,1785153446184366000,1785153446184366000,1785153446184366000,1785153446184367000,1785153446184527000,1785153446184529000,1785153446184529000,1785153446184529000,121932490,121652369,-120.121,0.000,0.000,1.000,2.000,0.000,0.000,5.000,0,0,0
B3_zmq_pushpull,zmq_tcp,none,none,,1,9725,512,584,1785153446185566000,1785153446185566000,1785153446185567000,1785153446185568000,1785153446185630000,1785153446185633000,1785153446185633000,1785153446185633000,121932490,121652369,-218.121,0.000,1.000,1.000,3.000,0.000,0.000,98.000,0,0,0
B3_zmq_pushpull,zmq_tcp,none,none,,1,9726,512,584,1785153446186446000,1785153446186446000,1785153446186446000,1785153446186447000,1785153446186605000,1785153446186608000,1785153446186608000,1785153446186608000,121932490,121652369,-122.121,0.000,0.000,1.000,3.000,0.000,0.000,96.000,0,0,0
B3_zmq_pushpull,zmq_tcp,none,none,,1,9727,512,584,1785153446187546000,1785153446187546000,1785153446187546000,1785153446187547000,1785153446187604000,1785153446187607000,1785153446187607000,1785153446187607000,121932490,121652369,-223.121,0.000,0.000,1.000,3.000,0.000,0.000,101.000,0,0,0
B3_zmq_pushpull,zmq_tcp,none,none,,1,9728,512,584,1785153446188516000,1785153446188517000,1785153446188517000,1785153446188518000,1785153446188592000,1785153446188595000,1785153446188595000,1785153446188595000,121932490,121652369,-206.121,1.000,0.000,1.000,3.000,0.000,0.000,17.000,0,0,0
B3_zmq_pushpull,zmq_tcp,none,none,,1,9729,512,584,1785153446189528000,1785153446189528000,1785153446189528000,1785153446189529000,1785153446189568000,1785153446189570000,1785153446189570000,1785153446189570000,121932490,121652369,-241.121,0.000,0.000,1.000,2.000,0.000,0.000,35.000,0,0,0
B3_zmq_pushpull,zmq_tcp,none,none,,1,9730,512,584,1785153446190529000,1785153446190529000,1785153446190529000,1785153446190530000,1785153446190695000,1785153446190697000,1785153446190697000,1785153446190697000,121932490,121652369,-115.121,0.000,0.000,1.000,2.000,0.000,0.000,126.000,0,0,0
B3_zmq_pushpull,zmq_tcp,none,none,,1,9731,512,584,1785153446191385000,1785153446191385000,1785153446191385000,1785153446191386000,1785153446191533000,1785153446191535000,1785153446191535000,1785153446191535000,121932490,121652369,-133.121,0.000,0.000,1.000,2.000,0.000,0.000,18.000,0,0,0
B3_zmq_pushpull,zmq_tcp,none,none,,1,9732,512,584,1785153446192363000,1785153446192363000,1785153446192364000,1785153446192364000,1785153446192521000,1785153446192524000,1785153446192524000,1785153446192524000,121932490,121652369,-123.121,0.000,1.000,0.000,3.000,0.000,0.000,10.000,0,0,0
B3_zmq_pushpull,zmq_tcp,none,none,,1,9733,512,584,1785153446193353000,1785153446193353000,1785153446193353000,1785153446193354000,1785153446193498000,1785153446193500000,1785153446193500000,1785153446193500000,121932490,121652369,-136.121,0.000,0.000,1.000,2.000,0.000,0.000,13.000,0,0,0
B3_zmq_pushpull,zmq_tcp,none,none,,1,9734,512,584,1785153446194568000,1785153446194568000,1785153446194568000,1785153446194569000,1785153446194620000,1785153446194623000,1785153446194623000,1785153446194623000,121932490,121652369,-229.121,0.000,0.000,1.000,3.000,0.000,0.000,93.000,0,0,0
B3_zmq_pushpull,zmq_tcp,none,none,,1,9735,512,584,1785153446195511000,1785153446195511000,1785153446195511000,1785153446195512000,1785153446195587000,1785153446195589000,1785153446195589000,1785153446195589000,121932490,121652369,-205.121,0.000,0.000,1.000,2.000,0.000,0.000,24.000,0,0,0
B3_zmq_pushpull,zmq_tcp,none,none,,1,9736,512,584,1785153446196528000,1785153446196529000,1785153446196529000,1785153446196529000,1785153446196573000,1785153446196577000,1785153446196577000,1785153446196577000,121932490,121652369,-236.121,1.000,0.000,0.000,4.000,0.000,0.000,31.000,0,0,0
B3_zmq_pushpull,zmq_tcp,none,none,,1,9737,512,584,1785153446197525000,1785153446197525000,1785153446197525000,1785153446197526000,1785153446197708000,1785153446197711000,1785153446197711000,1785153446197711000,121932490,121652369,-98.121,0.000,0.000,1.000,3.000,0.000,0.000,138.000,0,0,0
B3_zmq_pushpull,zmq_tcp,none,none,,1,9738,512,584,1785153446198524000,1785153446198525000,1785153446198525000,1785153446198526000,1785153446198715000,1785153446198717000,1785153446198717000,1785153446198717000,121932490,121652369,-91.121,1.000,0.000,1.000,2.000,0.000,0.000,7.000,0,0,0
B3_zmq_pushpull,zmq_tcp,none,none,,1,9739,512,584,1785153446199527000,1785153446199527000,1785153446199527000,1785153446199528000,1785153446199719000,1785153446199722000,1785153446199722000,1785153446199722000,121932490,121652369,-89.121,0.000,0.000,1.000,3.000,0.000,0.000,2.000,0,0,0
B3_zmq_pushpull,zmq_tcp,none,none,,1,9740,512,584,1785153446200524000,1785153446200525000,1785153446200525000,1785153446200526000,1785153446200706000,1785153446200709000,1785153446200709000,1785153446200709000,121932490,121652369,-100.121,1.000,0.000,1.000,3.000,0.000,0.000,11.000,0,0,0
B3_zmq_pushpull,zmq_tcp,none,none,,1,9741,512,584,1785153446201404000,1785153446201404000,1785153446201404000,1785153446201405000,1785153446201556000,1785153446201559000,1785153446201559000,1785153446201559000,121932490,121652369,-129.121,0.000,0.000,1.000,3.000,0.000,0.000,29.000,0,0,0
B3_zmq_pushpull,zmq_tcp,none,none,,1,9742,512,584,1785153446202381000,1785153446202381000,1785153446202381000,1785153446202382000,1785153446202534000,1785153446202536000,1785153446202536000,1785153446202536000,121932490,121652369,-128.121,0.000,0.000,1.000,2.000,0.000,0.000,1.000,0,0,0
B3_zmq_pushpull,zmq_tcp,none,none,,1,9743,512,584,1785153446203361000,1785153446203361000,1785153446203361000,1785153446203362000,1785153446203511000,1785153446203513000,1785153446203513000,1785153446203513000,121932490,121652369,-131.121,0.000,0.000,1.000,2.000,0.000,0.000,3.000,0,0,0
B3_zmq_pushpull,zmq_tcp,none,none,,1,9744,512,584,1785153446204334000,1785153446204334000,1785153446204334000,1785153446204335000,1785153446204491000,1785153446204493000,1785153446204493000,1785153446204493000,121932490,121652369,-124.121,0.000,0.000,1.000,2.000,0.000,0.000,7.000,0,0,0
B3_zmq_pushpull,zmq_tcp,none,none,,1,9745,512,584,1785153446205341000,1785153446205341000,1785153446205341000,1785153446205342000,1785153446205484000,1785153446205487000,1785153446205487000,1785153446205487000,121932490,121652369,-138.121,0.000,0.000,1.000,3.000,0.000,0.000,14.000,0,0,0
B3_zmq_pushpull,zmq_tcp,none,none,,1,9746,512,584,1785153446206333000,1785153446206333000,1785153446206333000,1785153446206334000,1785153446206478000,1785153446206480000,1785153446206480000,1785153446206480000,121932490,121652369,-136.121,0.000,0.000,1.000,2.000,0.000,0.000,2.000,0,0,0
B3_zmq_pushpull,zmq_tcp,none,none,,1,9747,512,584,1785153446207330000,1785153446207330000,1785153446207330000,1785153446207331000,1785153446207465000,1785153446207468000,1785153446207468000,1785153446207468000,121932490,121652369,-146.121,0.000,0.000,1.000,3.000,0.000,0.000,10.000,0,0,0
B3_zmq_pushpull,zmq_tcp,none,none,,1,9748,512,584,1785153446208450000,1785153446208450000,1785153446208450000,1785153446208451000,1785153446208601000,1785153446208604000,1785153446208604000,1785153446208604000,121932490,121652369,-130.121,0.000,0.000,1.000,3.000,0.000,0.000,16.000,0,0,0
B3_zmq_pushpull,zmq_tcp,none,none,,1,9749,512,584,1785153446209437000,1785153446209437000,1785153446209437000,1785153446209438000,1785153446209589000,1785153446209593000,1785153446209593000,1785153446209593000,121932490,121652369,-129.121,0.000,0.000,1.000,4.000,0.000,0.000,1.000,0,0,0
B3_zmq_pushpull,zmq_tcp,none,none,,1,9750,512,584,1785153446210543000,1785153446210543000,1785153446210543000,1785153446210544000,1785153446210670000,1785153446210672000,1785153446210672000,1785153446210672000,121932490,121652369,-154.121,0.000,0.000,1.000,2.000,0.000,0.000,25.000,0,0,0
B3_zmq_pushpull,zmq_tcp,none,none,,1,9751,512,584,1785153446211523000,1785153446211523000,1785153446211523000,1785153446211524000,1785153446211647000,1785153446211649000,1785153446211650000,1785153446211650000,121932490,121652369,-157.121,0.000,0.000,1.000,2.000,1.000,0.000,3.000,0,0,0
B3_zmq_pushpull,zmq_tcp,none,none,,1,9752,512,584,1785153446212524000,1785153446212525000,1785153446212525000,1785153446212526000,1785153446212607000,1785153446212609000,1785153446212609000,1785153446212609000,121932490,121652369,-199.121,1.000,0.000,1.000,2.000,0.000,0.000,42.000,0,0,0
B3_zmq_pushpull,zmq_tcp,none,none,,1,9753,512,584,1785153446213527000,1785153446213527000,1785153446213527000,1785153446213528000,1785153446213590000,1785153446213592000,1785153446213592000,1785153446213592000,121932490,121652369,-218.121,0.000,0.000,1.000,2.000,0.000,0.000,19.000,0,0,0
B3_zmq_pushpull,zmq_tcp,none,none,,1,9754,512,584,1785153446214524000,1785153446214525000,1785153446214525000,1785153446214526000,1785153446214712000,1785153446214715000,1785153446214715000,1785153446214715000,121932490,121652369,-94.121,1.000,0.000,1.000,3.000,0.000,0.000,124.000,0,0,0
B3_zmq_pushpull,zmq_tcp,none,none,,1,9755,512,584,1785153446215524000,1785153446215525000,1785153446215525000,1785153446215526000,1785153446215572000,1785153446215576000,1785153446215576000,1785153446215576000,121932490,121652369,-234.121,1.000,0.000,1.000,4.000,0.000,0.000,140.000,0,0,0
B3_zmq_pushpull,zmq_tcp,none,none,,1,9756,512,584,1785153446216525000,1785153446216525000,1785153446216525000,1785153446216526000,1785153446216684000,1785153446216687000,1785153446216687000,1785153446216687000,121932490,121652369,-122.121,0.000,0.000,1.000,3.000,0.000,0.000,112.000,0,0,0
B3_zmq_pushpull,zmq_tcp,none,none,,1,9757,512,584,1785153446217371000,1785153446217372000,1785153446217372000,1785153446217373000,1785153446217524000,1785153446217527000,1785153446217527000,1785153446217527000,121932490,121652369,-129.121,1.000,0.000,1.000,3.000,0.000,0.000,7.000,0,0,0
B3_zmq_pushpull,zmq_tcp,none,none,,1,9758,512,584,1785153446218563000,1785153446218563000,1785153446218563000,1785153446218564000,1785153446218658000,1785153446218660000,1785153446218660000,1785153446218660000,121932490,121652369,-186.121,0.000,0.000,1.000,2.000,0.000,0.000,57.000,0,0,0
B3_zmq_pushpull,zmq_tcp,none,none,,1,9759,512,584,1785153446219516000,1785153446219516000,1785153446219517000,1785153446219517000,1785153446219663000,1785153446219666000,1785153446219666000,1785153446219666000,121932490,121652369,-134.121,0.000,1.000,0.000,3.000,0.000,0.000,52.000,0,0,0
B3_zmq_pushpull,zmq_tcp,none,none,,1,9760,512,584,1785153446220527000,1785153446220527000,1785153446220527000,1785153446220528000,1785153446220648000,1785153446220651000,1785153446220651000,1785153446220651000,121932490,121652369,-160.121,0.000,0.000,1.000,3.000,0.000,0.000,26.000,0,0,0
B3_zmq_pushpull,zmq_tcp,none,none,,1,9761,512,584,1785153446221527000,1785153446221527000,1785153446221527000,1785153446221528000,1785153446221612000,1785153446221615000,1785153446221615000,1785153446221615000,121932490,121652369,-196.121,0.000,0.000,1.000,3.000,0.000,0.000,36.000,0,0,0
B3_zmq_pushpull,zmq_tcp,none,none,,1,9762,512,584,1785153446222525000,1785153446222525000,1785153446222525000,1785153446222526000,1785153446222590000,1785153446222593000,1785153446222593000,1785153446222593000,121932490,121652369,-216.121,0.000,0.000,1.000,3.000,0.000,0.000,20.000,0,0,0
B3_zmq_pushpull,zmq_tcp,none,none,,1,9763,512,584,1785153446223413000,1785153446223413000,1785153446223413000,1785153446223414000,1785153446223570000,1785153446223573000,1785153446223573000,1785153446223573000,121932490,121652369,-124.121,0.000,0.000,1.000,3.000,0.000,0.000,92.000,0,0,0
B3_zmq_pushpull,zmq_tcp,none,none,,1,9764,512,584,1785153446224554000,1785153446224554000,1785153446224554000,1785153446224555000,1785153446224698000,1785153446224700000,1785153446224700000,1785153446224700000,121932490,121652369,-137.121,0.000,0.000,1.000,2.000,0.000,0.000,13.000,0,0,0
B3_zmq_pushpull,zmq_tcp,none,none,,1,9765,512,584,1785153446225517000,1785153446225517000,1785153446225517000,1785153446225518000,1785153446225695000,1785153446225698000,1785153446225698000,1785153446225698000,121932490,121652369,-103.121,0.000,0.000,1.000,3.000,0.000,0.000,34.000,0,0,0
B3_zmq_pushpull,zmq_tcp,none,none,,1,9766,512,584,1785153446226393000,1785153446226393000,1785153446226393000,1785153446226394000,1785153446226551000,1785153446226554000,1785153446226554000,1785153446226554000,121932490,121652369,-123.121,0.000,0.000,1.000,3.000,0.000,0.000,20.000,0,0,0
B3_zmq_pushpull,zmq_tcp,none,none,,1,9767,512,584,1785153446227382000,1785153446227382000,1785153446227382000,1785153446227383000,1785153446227540000,1785153446227543000,1785153446227543000,1785153446227543000,121932490,121652369,-123.121,0.000,0.000,1.000,3.000,0.000,0.000,0.000,0,0,0
B3_zmq_pushpull,zmq_tcp,none,none,,1,9768,512,584,1785153446228368000,1785153446228368000,1785153446228368000,1785153446228369000,1785153446228528000,1785153446228531000,1785153446228531000,1785153446228531000,121932490,121652369,-121.121,0.000,0.000,1.000,3.000,0.000,0.000,2.000,0,0,0
B3_zmq_pushpull,zmq_tcp,none,none,,1,9769,512,584,1785153446229563000,1785153446229563000,1785153446229563000,1785153446229564000,1785153446229642000,1785153446229645000,1785153446229645000,1785153446229645000,121932490,121652369,-202.121,0.000,0.000,1.000,3.000,0.000,0.000,81.000,0,0,0
B3_zmq_pushpull,zmq_tcp,none,none,,1,9770,512,584,1785153446230332000,1785153446230332000,1785153446230332000,1785153446230333000,1785153446230483000,1785153446230486000,1785153446230486000,1785153446230486000,121932490,121652369,-130.121,0.000,0.000,1.000,3.000,0.000,0.000,72.000,0,0,0
B3_zmq_pushpull,zmq_tcp,none,none,,1,9771,512,584,1785153446231575000,1785153446231575000,1785153446231575000,1785153446231576000,1785153446231725000,1785153446231728000,1785153446231728000,1785153446231728000,121932490,121652369,-131.121,0.000,0.000,1.000,3.000,0.000,0.000,1.000,0,0,0
B3_zmq_pushpull,zmq_tcp,none,none,,1,9772,512,584,1785153446232418000,1785153446232418000,1785153446232418000,1785153446232419000,1785153446232578000,1785153446232580000,1785153446232580000,1785153446232580000,121932490,121652369,-121.121,0.000,0.000,1.000,2.000,0.000,0.000,10.000,0,0,0
B3_zmq_pushpull,zmq_tcp,none,none,,1,9773,512,584,1785153446233554000,1785153446233554000,1785153446233554000,1785153446233555000,1785153446233707000,1785153446233710000,1785153446233710000,1785153446233710000,121932490,121652369,-128.121,0.000,0.000,1.000,3.000,0.000,0.000,7.000,0,0,0
B3_zmq_pushpull,zmq_tcp,none,none,,1,9774,512,584,1785153446234518000,1785153446234518000,1785153446234518000,1785153446234519000,1785153446234693000,1785153446234696000,1785153446234696000,1785153446234696000,121932490,121652369,-106.121,0.000,0.000,1.000,3.000,0.000,0.000,22.000,0,0,0
B3_zmq_pushpull,zmq_tcp,none,none,,1,9775,512,584,1785153446235400000,1785153446235400000,1785153446235400000,1785153446235401000,1785153446235560000,1785153446235563000,1785153446235563000,1785153446235563000,121932490,121652369,-121.121,0.000,0.000,1.000,3.000,0.000,0.000,15.000,0,0,0
B3_zmq_pushpull,zmq_tcp,none,none,,1,9776,512,584,1785153446236555000,1785153446236555000,1785153446236555000,1785153446236556000,1785153446236688000,1785153446236691000,1785153446236691000,1785153446236691000,121932490,121652369,-148.121,0.000,0.000,1.000,3.000,0.000,0.000,27.000,0,0,0
B3_zmq_pushpull,zmq_tcp,none,none,,1,9777,512,584,1785153446237518000,1785153446237518000,1785153446237518000,1785153446237519000,1785153446237679000,1785153446237682000,1785153446237682000,1785153446237682000,121932490,121652369,-120.121,0.000,0.000,1.000,3.000,0.000,0.000,28.000,0,0,0
B3_zmq_pushpull,zmq_tcp,none,none,,1,9778,512,584,1785153446238526000,1785153446238526000,1785153446238526000,1785153446238527000,1785153446238658000,1785153446238660000,1785153446238660000,1785153446238660000,121932490,121652369,-149.121,0.000,0.000,1.000,2.000,0.000,0.000,29.000,0,0,0
B3_zmq_pushpull,zmq_tcp,none,none,,1,9779,512,584,1785153446239525000,1785153446239525000,1785153446239525000,1785153446239526000,1785153446239640000,1785153446239643000,1785153446239643000,1785153446239643000,121932490,121652369,-166.121,0.000,0.000,1.000,3.000,0.000,0.000,17.000,0,0,0
B3_zmq_pushpull,zmq_tcp,none,none,,1,9780,512,584,1785153446240525000,1785153446240525000,1785153446240525000,1785153446240526000,1785153446240620000,1785153446240623000,1785153446240623000,1785153446240623000,121932490,121652369,-186.121,0.000,0.000,1.000,3.000,0.000,0.000,20.000,0,0,0
B3_zmq_pushpull,zmq_tcp,none,none,,1,9781,512,584,1785153446241527000,1785153446241527000,1785153446241527000,1785153446241528000,1785153446241622000,1785153446241624000,1785153446241624000,1785153446241624000,121932490,121652369,-186.121,0.000,0.000,1.000,2.000,0.000,0.000,0.000,0,0,0
B3_zmq_pushpull,zmq_tcp,none,none,,1,9782,512,584,1785153446242523000,1785153446242523000,1785153446242523000,1785153446242524000,1785153446242608000,1785153446242611000,1785153446242611000,1785153446242611000,121932490,121652369,-196.121,0.000,0.000,1.000,3.000,0.000,0.000,10.000,0,0,0
B3_zmq_pushpull,zmq_tcp,none,none,,1,9783,512,584,1785153446243525000,1785153446243525000,1785153446243525000,1785153446243526000,1785153446243583000,1785153446243586000,1785153446243586000,1785153446243586000,121932490,121652369,-223.121,0.000,0.000,1.000,3.000,0.000,0.000,27.000,0,0,0
B3_zmq_pushpull,zmq_tcp,none,none,,1,9784,512,584,1785153446244525000,1785153446244525000,1785153446244525000,1785153446244526000,1785153446244679000,1785153446244682000,1785153446244682000,1785153446244682000,121932490,121652369,-127.121,0.000,0.000,1.000,3.000,0.000,0.000,96.000,0,0,0
B3_zmq_pushpull,zmq_tcp,none,none,,1,9785,512,584,1785153446245525000,1785153446245525000,1785153446245525000,1785153446245526000,1785153446245648000,1785153446245651000,1785153446245651000,1785153446245651000,121932490,121652369,-158.121,0.000,0.000,1.000,3.000,0.000,0.000,31.000,0,0,0
B3_zmq_pushpull,zmq_tcp,none,none,,1,9786,512,584,1785153446246522000,1785153446246522000,1785153446246522000,1785153446246523000,1785153446246627000,1785153446246630000,1785153446246630000,1785153446246630000,121932490,121652369,-176.121,0.000,0.000,1.000,3.000,0.000,0.000,18.000,0,0,0
B3_zmq_pushpull,zmq_tcp,none,none,,1,9787,512,584,1785153446247529000,1785153446247529000,1785153446247529000,1785153446247530000,1785153446247603000,1785153446247606000,1785153446247606000,1785153446247606000,121932490,121652369,-207.121,0.000,0.000,1.000,3.000,0.000,0.000,31.000,0,0,0
B3_zmq_pushpull,zmq_tcp,none,none,,1,9788,512,584,1785153446248523000,1785153446248523000,1785153446248523000,1785153446248524000,1785153446248588000,1785153446248591000,1785153446248591000,1785153446248591000,121932490,121652369,-216.121,0.000,0.000,1.000,3.000,0.000,0.000,9.000,0,0,0
B3_zmq_pushpull,zmq_tcp,none,none,,1,9789,512,584,1785153446249528000,1785153446249528000,1785153446249528000,1785153446249529000,1785153446249707000,1785153446249710000,1785153446249710000,1785153446249710000,121932490,121652369,-102.121,0.000,0.000,1.000,3.000,0.000,0.000,114.000,0,0,0
B3_zmq_pushpull,zmq_tcp,none,none,,1,9790,512,584,1785153446250403000,1785153446250403000,1785153446250403000,1785153446250404000,1785153446250555000,1785153446250559000,1785153446250559000,1785153446250559000,121932490,121652369,-129.121,0.000,0.000,1.000,4.000,0.000,0.000,27.000,0,0,0
B3_zmq_pushpull,zmq_tcp,none,none,,1,9791,512,584,1785153446251372000,1785153446251372000,1785153446251372000,1785153446251373000,1785153446251515000,1785153446251518000,1785153446251518000,1785153446251518000,121932490,121652369,-138.121,0.000,0.000,1.000,3.000,0.000,0.000,9.000,0,0,0
B3_zmq_pushpull,zmq_tcp,none,none,,1,9792,512,584,1785153446252350000,1785153446252350000,1785153446252351000,1785153446252352000,1785153446252502000,1785153446252504000,1785153446252504000,1785153446252504000,121932490,121652369,-130.121,0.000,1.000,1.000,2.000,0.000,0.000,8.000,0,0,0
B3_zmq_pushpull,zmq_tcp,none,none,,1,9793,512,584,1785153446253336000,1785153446253336000,1785153446253336000,1785153446253337000,1785153446253494000,1785153446253496000,1785153446253496000,1785153446253496000,121932490,121652369,-123.121,0.000,0.000,1.000,2.000,0.000,0.000,7.000,0,0,0
B3_zmq_pushpull,zmq_tcp,none,none,,1,9794,512,584,1785153446254338000,1785153446254339000,1785153446254339000,1785153446254340000,1785153446254495000,1785153446254498000,1785153446254498000,1785153446254498000,121932490,121652369,-125.121,1.000,0.000,1.000,3.000,0.000,0.000,2.000,0,0,0
B3_zmq_pushpull,zmq_tcp,none,none,,1,9795,512,584,1785153446255344000,1785153446255344000,1785153446255344000,1785153446255346000,1785153446255494000,1785153446255498000,1785153446255498000,1785153446255498000,121932490,121652369,-132.121,0.000,0.000,2.000,4.000,0.000,0.000,7.000,0,0,0
B3_zmq_pushpull,zmq_tcp,none,none,,1,9796,512,584,1785153446256571000,1785153446256572000,1785153446256572000,1785153446256573000,1785153446256756000,1785153446256759000,1785153446256759000,1785153446256759000,121932490,121652369,-97.121,1.000,0.000,1.000,3.000,0.000,0.000,35.000,0,0,0
B3_zmq_pushpull,zmq_tcp,none,none,,1,9797,512,584,1785153446257510000,1785153446257510000,1785153446257510000,1785153446257511000,1785153446257604000,1785153446257607000,1785153446257607000,1785153446257607000,121932490,121652369,-187.121,0.000,0.000,1.000,3.000,0.000,0.000,90.000,0,0,0
B3_zmq_pushpull,zmq_tcp,none,none,,1,9798,512,584,1785153446258529000,1785153446258529000,1785153446258529000,1785153446258530000,1785153446258579000,1785153446258582000,1785153446258582000,1785153446258582000,121932490,121652369,-231.121,0.000,0.000,1.000,3.000,0.000,0.000,44.000,0,0,0
B3_zmq_pushpull,zmq_tcp,none,none,,1,9799,512,584,1785153446259530000,1785153446259530000,1785153446259530000,1785153446259531000,1785153446259707000,1785153446259710000,1785153446259710000,1785153446259710000,121932490,121652369,-104.121,0.000,0.000,1.000,3.000,0.000,0.000,127.000,0,0,0
B3_zmq_pushpull,zmq_tcp,none,none,,1,9800,512,584,1785153446260525000,1785153446260525000,1785153446260525000,1785153446260526000,1785153446260680000,1785153446260683000,1785153446260683000,1785153446260683000,121932490,121652369,-126.121,0.000,0.000,1.000,3.000,0.000,0.000,22.000,0,0,0
B3_zmq_pushpull,zmq_tcp,none,none,,1,9801,512,584,1785153446261524000,1785153446261524000,1785153446261524000,1785153446261525000,1785153446261664000,1785153446261667000,1785153446261667000,1785153446261667000,121932490,121652369,-141.121,0.000,0.000,1.000,3.000,0.000,0.000,15.000,0,0,0
B3_zmq_pushpull,zmq_tcp,none,none,,1,9802,512,584,1785153446262525000,1785153446262525000,1785153446262525000,1785153446262526000,1785153446262648000,1785153446262650000,1785153446262650000,1785153446262650000,121932490,121652369,-158.121,0.000,0.000,1.000,2.000,0.000,0.000,17.000,0,0,0
B3_zmq_pushpull,zmq_tcp,none,none,,1,9803,512,584,1785153446263526000,1785153446263526000,1785153446263526000,1785153446263527000,1785153446263633000,1785153446263636000,1785153446263636000,1785153446263636000,121932490,121652369,-174.121,0.000,0.000,1.000,3.000,0.000,0.000,16.000,0,0,0
B3_zmq_pushpull,zmq_tcp,none,none,,1,9804,512,584,1785153446264453000,1785153446264453000,1785153446264453000,1785153446264454000,1785153446264607000,1785153446264610000,1785153446264610000,1785153446264610000,121932490,121652369,-127.121,0.000,0.000,1.000,3.000,0.000,0.000,47.000,0,0,0
B3_zmq_pushpull,zmq_tcp,none,none,,1,9805,512,584,1785153446265422000,1785153446265423000,1785153446265423000,1785153446265424000,1785153446265574000,1785153446265576000,1785153446265576000,1785153446265576000,121932490,121652369,-130.121,1.000,0.000,1.000,2.000,0.000,0.000,3.000,0,0,0
B3_zmq_pushpull,zmq_tcp,none,none,,1,9806,512,584,1785153446266413000,1785153446266413000,1785153446266413000,1785153446266415000,1785153446266559000,1785153446266562000,1785153446266562000,1785153446266562000,121932490,121652369,-136.121,0.000,0.000,2.000,3.000,0.000,0.000,6.000,0,0,0
B3_zmq_pushpull,zmq_tcp,none,none,,1,9807,512,584,1785153446267554000,1785153446267554000,1785153446267554000,1785153446267555000,1785153446267699000,1785153446267702000,1785153446267702000,1785153446267702000,121932490,121652369,-136.121,0.000,0.000,1.000,3.000,0.000,0.000,0.000,0,0,0
B3_zmq_pushpull,zmq_tcp,none,none,,1,9808,512,584,1785153446268518000,1785153446268518000,1785153446268518000,1785153446268519000,1785153446268686000,1785153446268688000,1785153446268689000,1785153446268689000,121932490,121652369,-113.121,0.000,0.000,1.000,2.000,1.000,0.000,23.000,0,0,0
B3_zmq_pushpull,zmq_tcp,none,none,,1,9809,512,584,1785153446269384000,1785153446269384000,1785153446269384000,1785153446269385000,1785153446269534000,1785153446269537000,1785153446269537000,1785153446269537000,121932490,121652369,-131.121,0.000,0.000,1.000,3.000,0.000,0.000,18.000,0,0,0
B3_zmq_pushpull,zmq_tcp,none,none,,1,9810,512,584,1785153446270365000,1785153446270365000,1785153446270365000,1785153446270366000,1785153446270513000,1785153446270516000,1785153446270516000,1785153446270516000,121932490,121652369,-133.121,0.000,0.000,1.000,3.000,0.000,0.000,2.000,0,0,0
B3_zmq_pushpull,zmq_tcp,none,none,,1,9811,512,584,1785153446271348000,1785153446271348000,1785153446271348000,1785153446271350000,1785153446271491000,1785153446271494000,1785153446271494000,1785153446271494000,121932490,121652369,-139.121,0.000,0.000,2.000,3.000,0.000,0.000,6.000,0,0,0
B3_zmq_pushpull,zmq_tcp,none,none,,1,9812,512,584,1785153446272567000,1785153446272567000,1785153446272568000,1785153446272568000,1785153446272614000,1785153446272617000,1785153446272617000,1785153446272617000,121932490,121652369,-234.121,0.000,1.000,0.000,3.000,0.000,0.000,95.000,0,0,0
B3_zmq_pushpull,zmq_tcp,none,none,,1,9813,512,584,1785153446273514000,1785153446273514000,1785153446273514000,1785153446273515000,1785153446273607000,1785153446273610000,1785153446273610000,1785153446273610000,121932490,121652369,-188.121,0.000,0.000,1.000,3.000,0.000,0.000,46.000,0,0,0
B3_zmq_pushpull,zmq_tcp,none,none,,1,9814,512,584,1785153446274530000,1785153446274530000,1785153446274530000,1785153446274531000,1785153446274610000,1785153446274613000,1785153446274613000,1785153446274613000,121932490,121652369,-201.121,0.000,0.000,1.000,3.000,0.000,0.000,13.000,0,0,0
B3_zmq_pushpull,zmq_tcp,none,none,,1,9815,512,584,1785153446275454000,1785153446275454000,1785153446275455000,1785153446275456000,1785153446275607000,1785153446275610000,1785153446275610000,1785153446275610000,121932490,121652369,-129.121,0.000,1.000,1.000,3.000,0.000,0.000,72.000,0,0,0
B3_zmq_pushpull,zmq_tcp,none,none,,1,9816,512,584,1785153446276544000,1785153446276544000,1785153446276544000,1785153446276545000,1785153446276606000,1785153446276609000,1785153446276609000,1785153446276609000,121932490,121652369,-219.121,0.000,0.000,1.000,3.000,0.000,0.000,90.000,0,0,0
B3_zmq_pushpull,zmq_tcp,none,none,,1,9817,512,584,1785153446277521000,1785153446277521000,1785153446277521000,1785153446277522000,1785153446277580000,1785153446277583000,1785153446277583000,1785153446277583000,121932490,121652369,-222.121,0.000,0.000,1.000,3.000,0.000,0.000,3.000,0,0,0
B3_zmq_pushpull,zmq_tcp,none,none,,1,9818,512,584,1785153446278527000,1785153446278527000,1785153446278527000,1785153446278528000,1785153446278715000,1785153446278718000,1785153446278718000,1785153446278718000,121932490,121652369,-93.121,0.000,0.000,1.000,3.000,0.000,0.000,129.000,0,0,0
B3_zmq_pushpull,zmq_tcp,none,none,,1,9819,512,584,1785153446279521000,1785153446279521000,1785153446279521000,1785153446279522000,1785153446279563000,1785153446279565000,1785153446279565000,1785153446279566000,121932490,121652369,-239.121,0.000,0.000,1.000,2.000,0.000,1.000,146.000,0,0,0
B3_zmq_pushpull,zmq_tcp,none,none,,1,9820,512,584,1785153446280527000,1785153446280527000,1785153446280527000,1785153446280528000,1785153446280681000,1785153446280684000,1785153446280684000,1785153446280684000,121932490,121652369,-127.121,0.000,0.000,1.000,3.000,0.000,0.000,112.000,0,0,0
B3_zmq_pushpull,zmq_tcp,none,none,,1,9821,512,584,1785153446281525000,1785153446281525000,1785153446281525000,1785153446281526000,1785153446281650000,1785153446281653000,1785153446281653000,1785153446281653000,121932490,121652369,-156.121,0.000,0.000,1.000,3.000,0.000,0.000,29.000,0,0,0
B3_zmq_pushpull,zmq_tcp,none,none,,1,9822,512,584,1785153446282527000,1785153446282528000,1785153446282528000,1785153446282529000,1785153446282623000,1785153446282626000,1785153446282626000,1785153446282626000,121932490,121652369,-186.121,1.000,0.000,1.000,3.000,0.000,0.000,30.000,0,0,0
B3_zmq_pushpull,zmq_tcp,none,none,,1,9823,512,584,1785153446283523000,1785153446283524000,1785153446283524000,1785153446283525000,1785153446283604000,1785153446283606000,1785153446283606000,1785153446283606000,121932490,121652369,-201.121,1.000,0.000,1.000,2.000,0.000,0.000,15.000,0,0,0
B3_zmq_pushpull,zmq_tcp,none,none,,1,9824,512,584,1785153446284526000,1785153446284526000,1785153446284526000,1785153446284527000,1785153446284605000,1785153446284607000,1785153446284607000,1785153446284607000,121932490,121652369,-202.121,0.000,0.000,1.000,2.000,0.000,0.000,1.000,0,0,0
B3_zmq_pushpull,zmq_tcp,none,none,,1,9825,512,584,1785153446285525000,1785153446285525000,1785153446285525000,1785153446285526000,1785153446285594000,1785153446285597000,1785153446285597000,1785153446285597000,121932490,121652369,-212.121,0.000,0.000,1.000,3.000,0.000,0.000,10.000,0,0,0
B3_zmq_pushpull,zmq_tcp,none,none,,1,9826,512,584,1785153446286525000,1785153446286525000,1785153446286525000,1785153446286526000,1785153446286573000,1785153446286575000,1785153446286575000,1785153446286575000,121932490,121652369,-233.121,0.000,0.000,1.000,2.000,0.000,0.000,21.000,0,0,0
B3_zmq_pushpull,zmq_tcp,none,none,,1,9827,512,584,1785153446287525000,1785153446287525000,1785153446287525000,1785153446287526000,1785153446287572000,1785153446287576000,1785153446287576000,1785153446287576000,121932490,121652369,-234.121,0.000,0.000,1.000,4.000,0.000,0.000,1.000,0,0,0
B3_zmq_pushpull,zmq_tcp,none,none,,1,9828,512,584,1785153446288419000,1785153446288419000,1785153446288419000,1785153446288420000,1785153446288567000,1785153446288570000,1785153446288570000,1785153446288570000,121932490,121652369,-133.121,0.000,0.000,1.000,3.000,0.000,0.000,101.000,0,0,0
B3_zmq_pushpull,zmq_tcp,none,none,,1,9829,512,584,1785153446289552000,1785153446289552000,1785153446289552000,1785153446289553000,1785153446289699000,1785153446289702000,1785153446289702000,1785153446289702000,121932490,121652369,-134.121,0.000,0.000,1.000,3.000,0.000,0.000,1.000,0,0,0
B3_zmq_pushpull,zmq_tcp,none,none,,1,9830,512,584,1785153446290521000,1785153446290521000,1785153446290521000,1785153446290522000,1785153446290688000,1785153446290691000,1785153446290691000,1785153446290691000,121932490,121652369,-114.121,0.000,0.000,1.000,3.000,0.000,0.000,20.000,0,0,0
B3_zmq_pushpull,zmq_tcp,none,none,,1,9831,512,584,1785153446291526000,1785153446291527000,1785153446291527000,1785153446291528000,1785153446291675000,1785153446291678000,1785153446291678000,1785153446291678000,121932490,121652369,-133.121,1.000,0.000,1.000,3.000,0.000,0.000,19.000,0,0,0
B3_zmq_pushpull,zmq_tcp,none,none,,1,9832,512,584,1785153446292525000,1785153446292525000,1785153446292525000,1785153446292526000,1785153446292647000,1785153446292651000,1785153446292651000,1785153446292651000,121932490,121652369,-159.121,0.000,0.000,1.000,4.000,0.000,0.000,26.000,0,0,0
B3_zmq_pushpull,zmq_tcp,none,none,,1,9833,512,584,1785153446293525000,1785153446293525000,1785153446293525000,1785153446293526000,1785153446293622000,1785153446293625000,1785153446293625000,1785153446293625000,121932490,121652369,-184.121,0.000,0.000,1.000,3.000,0.000,0.000,25.000,0,0,0
B3_zmq_pushpull,zmq_tcp,none,none,,1,9834,512,584,1785153446294523000,1785153446294523000,1785153446294523000,1785153446294524000,1785153446294613000,1785153446294615000,1785153446294615000,1785153446294615000,121932490,121652369,-191.121,0.000,0.000,1.000,2.000,0.000,0.000,7.000,0,0,0
B3_zmq_pushpull,zmq_tcp,none,none,,1,9835,512,584,1785153446295528000,1785153446295528000,1785153446295528000,1785153446295529000,1785153446295590000,1785153446295594000,1785153446295594000,1785153446295594000,121932490,121652369,-219.121,0.000,0.000,1.000,4.000,0.000,0.000,28.000,0,0,0
B3_zmq_pushpull,zmq_tcp,none,none,,1,9836,512,584,1785153446296525000,1785153446296525000,1785153446296525000,1785153446296526000,1785153446296686000,1785153446296689000,1785153446296689000,1785153446296689000,121932490,121652369,-120.121,0.000,0.000,1.000,3.000,0.000,0.000,99.000,0,0,0
B3_zmq_pushpull,zmq_tcp,none,none,,1,9837,512,584,1785153446297525000,1785153446297525000,1785153446297525000,1785153446297526000,1785153446297683000,1785153446297686000,1785153446297686000,1785153446297686000,121932490,121652369,-123.121,0.000,0.000,1.000,3.000,0.000,0.000,3.000,0,0,0
B3_zmq_pushpull,zmq_tcp,none,none,,1,9838,512,584,1785153446298522000,1785153446298522000,1785153446298522000,1785153446298523000,1785153446298657000,1785153446298660000,1785153446298660000,1785153446298660000,121932490,121652369,-146.121,0.000,0.000,1.000,3.000,0.000,0.000,23.000,0,0,0
B3_zmq_pushpull,zmq_tcp,none,none,,1,9839,512,584,1785153446299526000,1785153446299526000,1785153446299526000,1785153446299527000,1785153446299647000,1785153446299650000,1785153446299650000,1785153446299650000,121932490,121652369,-160.121,0.000,0.000,1.000,3.000,0.000,0.000,14.000,0,0,0
B3_zmq_pushpull,zmq_tcp,none,none,,1,9840,512,584,1785153446300525000,1785153446300525000,1785153446300525000,1785153446300526000,1785153446300625000,1785153446300627000,1785153446300627000,1785153446300627000,121932490,121652369,-181.121,0.000,0.000,1.000,2.000,0.000,0.000,21.000,0,0,0
B3_zmq_pushpull,zmq_tcp,none,none,,1,9841,512,584,1785153446301526000,1785153446301526000,1785153446301526000,1785153446301527000,1785153446301592000,1785153446301595000,1785153446301595000,1785153446301595000,121932490,121652369,-215.121,0.000,0.000,1.000,3.000,0.000,0.000,34.000,0,0,0
B3_zmq_pushpull,zmq_tcp,none,none,,1,9842,512,584,1785153446302525000,1785153446302525000,1785153446302525000,1785153446302526000,1785153446302714000,1785153446302717000,1785153446302717000,1785153446302717000,121932490,121652369,-92.121,0.000,0.000,1.000,3.000,0.000,0.000,123.000,0,0,0
B3_zmq_pushpull,zmq_tcp,none,none,,1,9843,512,584,1785153446303406000,1785153446303406000,1785153446303406000,1785153446303407000,1785153446303562000,1785153446303565000,1785153446303565000,1785153446303565000,121932490,121652369,-125.121,0.000,0.000,1.000,3.000,0.000,0.000,33.000,0,0,0
B3_zmq_pushpull,zmq_tcp,none,none,,1,9844,512,584,1785153446304396000,1785153446304396000,1785153446304396000,1785153446304397000,1785153446304554000,1785153446304557000,1785153446304557000,1785153446304557000,121932490,121652369,-123.121,0.000,0.000,1.000,3.000,0.000,0.000,2.000,0,0,0
B3_zmq_pushpull,zmq_tcp,none,none,,1,9845,512,584,1785153446305381000,1785153446305382000,1785153446305382000,1785153446305383000,1785153446305538000,1785153446305541000,1785153446305541000,1785153446305541000,121932490,121652369,-125.121,1.000,0.000,1.000,3.000,0.000,0.000,2.000,0,0,0
B3_zmq_pushpull,zmq_tcp,none,none,,1,9846,512,584,1785153446306371000,1785153446306371000,1785153446306371000,1785153446306372000,1785153446306523000,1785153446306527000,1785153446306527000,1785153446306527000,121932490,121652369,-129.121,0.000,0.000,1.000,4.000,0.000,0.000,4.000,0,0,0
B3_zmq_pushpull,zmq_tcp,none,none,,1,9847,512,584,1785153446307359000,1785153446307359000,1785153446307359000,1785153446307361000,1785153446307502000,1785153446307505000,1785153446307505000,1785153446307505000,121932490,121652369,-139.121,0.000,0.000,2.000,3.000,0.000,0.000,10.000,0,0,0
B3_zmq_pushpull,zmq_tcp,none,none,,1,9848,512,584,1785153446308567000,1785153446308567000,1785153446308567000,1785153446308568000,1785153446308623000,1785153446308627000,1785153446308627000,1785153446308627000,121932490,121652369,-225.121,0.000,0.000,1.000,4.000,0.000,0.000,86.000,0,0,0
B3_zmq_pushpull,zmq_tcp,none,none,,1,9849,512,584,1785153446309512000,1785153446309512000,1785153446309512000,1785153446309513000,1785153446309614000,1785153446309617000,1785153446309617000,1785153446309617000,121932490,121652369,-179.121,0.000,0.000,1.000,3.000,0.000,0.000,46.000,0,0,0
B3_zmq_pushpull,zmq_tcp,none,none,,1,9850,512,584,1785153446310531000,1785153446310531000,1785153446310531000,1785153446310532000,1785153446310623000,1785153446310626000,1785153446310627000,1785153446310627000,121932490,121652369,-189.121,0.000,0.000,1.000,3.000,1.000,0.000,10.000,0,0,0
B3_zmq_pushpull,zmq_tcp,none,none,,1,9851,512,584,1785153446311524000,1785153446311524000,1785153446311524000,1785153446311525000,1785153446311617000,1785153446311619000,1785153446311619000,1785153446311619000,121932490,121652369,-188.121,0.000,0.000,1.000,2.000,0.000,0.000,1.000,0,0,0
B3_zmq_pushpull,zmq_tcp,none,none,,1,9852,512,584,1785153446312529000,1785153446312529000,1785153446312529000,1785153446312530000,1785153446312590000,1785153446312592000,1785153446312592000,1785153446312592000,121932490,121652369,-220.121,0.000,0.000,1.000,2.000,0.000,0.000,32.000,0,0,0
B3_zmq_pushpull,zmq_tcp,none,none,,1,9853,512,584,1785153446313408000,1785153446313409000,1785153446313409000,1785153446313410000,1785153446313551000,1785153446313554000,1785153446313554000,1785153446313554000,121932490,121652369,-139.121,1.000,0.000,1.000,3.000,0.000,0.000,81.000,0,0,0
B3_zmq_pushpull,zmq_tcp,none,none,,1,9854,512,584,1785153446314554000,1785153446314554000,1785153446314554000,1785153446314555000,1785153446314666000,1785153446314669000,1785153446314669000,1785153446314669000,121932490,121652369,-169.121,0.000,0.000,1.000,3.000,0.000,0.000,30.000,0,0,0
B3_zmq_pushpull,zmq_tcp,none,none,,1,9855,512,584,1785153446315518000,1785153446315518000,1785153446315518000,1785153446315519000,1785153446315657000,1785153446315659000,1785153446315659000,1785153446315659000,121932490,121652369,-142.121,0.000,0.000,1.000,2.000,0.000,0.000,27.000,0,0,0
B3_zmq_pushpull,zmq_tcp,none,none,,1,9856,512,584,1785153446316530000,1785153446316530000,1785153446316530000,1785153446316531000,1785153446316653000,1785153446316655000,1785153446316655000,1785153446316655000,121932490,121652369,-158.121,0.000,0.000,1.000,2.000,0.000,0.000,16.000,0,0,0
B3_zmq_pushpull,zmq_tcp,none,none,,1,9857,512,584,1785153446317524000,1785153446317524000,1785153446317524000,1785153446317525000,1785153446317633000,1785153446317635000,1785153446317635000,1785153446317635000,121932490,121652369,-172.121,0.000,0.000,1.000,2.000,0.000,0.000,14.000,0,0,0
B3_zmq_pushpull,zmq_tcp,none,none,,1,9858,512,584,1785153446318529000,1785153446318529000,1785153446318529000,1785153446318530000,1785153446318638000,1785153446318641000,1785153446318641000,1785153446318641000,121932490,121652369,-172.121,0.000,0.000,1.000,3.000,0.000,0.000,0.000,0,0,0
B3_zmq_pushpull,zmq_tcp,none,none,,1,9859,512,584,1785153446319525000,1785153446319525000,1785153446319525000,1785153446319526000,1785153446319614000,1785153446319617000,1785153446319617000,1785153446319617000,121932490,121652369,-192.121,0.000,0.000,1.000,3.000,0.000,0.000,20.000,0,0,0
B3_zmq_pushpull,zmq_tcp,none,none,,1,9860,512,584,1785153446320525000,1785153446320526000,1785153446320526000,1785153446320527000,1785153446320595000,1785153446320598000,1785153446320598000,1785153446320598000,121932490,121652369,-212.121,1.000,0.000,1.000,3.000,0.000,0.000,20.000,0,0,0
B3_zmq_pushpull,zmq_tcp,none,none,,1,9861,512,584,1785153446321525000,1785153446321525000,1785153446321525000,1785153446321526000,1785153446321582000,1785153446321585000,1785153446321585000,1785153446321585000,121932490,121652369,-224.121,0.000,0.000,1.000,3.000,0.000,0.000,12.000,0,0,0
B3_zmq_pushpull,zmq_tcp,none,none,,1,9862,512,584,1785153446322527000,1785153446322527000,1785153446322527000,1785153446322528000,1785153446322579000,1785153446322583000,1785153446322583000,1785153446322583000,121932490,121652369,-229.121,0.000,0.000,1.000,4.000,0.000,0.000,5.000,0,0,0
B3_zmq_pushpull,zmq_tcp,none,none,,1,9863,512,584,1785153446323399000,1785153446323399000,1785153446323399000,1785153446323400000,1785153446323557000,1785153446323559000,1785153446323559000,1785153446323560000,121932490,121652369,-123.121,0.000,0.000,1.000,2.000,0.000,1.000,106.000,0,0,0
B3_zmq_pushpull,zmq_tcp,none,none,,1,9864,512,584,1785153446324399000,1785153446324399000,1785153446324399000,1785153446324401000,1785153446324547000,1785153446324550000,1785153446324550000,1785153446324550000,121932490,121652369,-134.121,0.000,0.000,2.000,3.000,0.000,0.000,11.000,0,0,0
B3_zmq_pushpull,zmq_tcp,none,none,,1,9865,512,584,1785153446325556000,1785153446325556000,1785153446325556000,1785153446325557000,1785153446325668000,1785153446325670000,1785153446325670000,1785153446325670000,121932490,121652369,-169.121,0.000,0.000,1.000,2.000,0.000,0.000,35.000,0,0,0
B3_zmq_pushpull,zmq_tcp,none,none,,1,9866,512,584,1785153446326518000,1785153446326519000,1785153446326519000,1785153446326520000,1785153446326647000,1785153446326650000,1785153446326650000,1785153446326650000,121932490,121652369,-153.121,1.000,0.000,1.000,3.000,0.000,0.000,16.000,0,0,0
B3_zmq_pushpull,zmq_tcp,none,none,,1,9867,512,584,1785153446327528000,1785153446327528000,1785153446327528000,1785153446327529000,1785153446327631000,1785153446327634000,1785153446327634000,1785153446327634000,121932490,121652369,-178.121,0.000,0.000,1.000,3.000,0.000,0.000,25.000,0,0,0
B3_zmq_pushpull,zmq_tcp,none,none,,1,9868,512,584,1785153446328337000,1785153446328338000,1785153446328338000,1785153446328339000,1785153446328477000,1785153446328480000,1785153446328480000,1785153446328480000,121932490,121652369,-142.121,1.000,0.000,1.000,3.000,0.000,0.000,36.000,0,0,0
B3_zmq_pushpull,zmq_tcp,none,none,,1,9869,512,584,1785153446329336000,1785153446329336000,1785153446329336000,1785153446329337000,1785153446329479000,1785153446329482000,1785153446329482000,1785153446329482000,121932490,121652369,-138.121,0.000,0.000,1.000,3.000,0.000,0.000,4.000,0,0,0
B3_zmq_pushpull,zmq_tcp,none,none,,1,9870,512,584,1785153446330444000,1785153446330445000,1785153446330445000,1785153446330446000,1785153446330604000,1785153446330608000,1785153446330608000,1785153446330608000,121932490,121652369,-122.121,1.000,0.000,1.000,4.000,0.000,0.000,16.000,0,0,0
B3_zmq_pushpull,zmq_tcp,none,none,,1,9871,512,584,1785153446331545000,1785153446331545000,1785153446331545000,1785153446331546000,1785153446331723000,1785153446331730000,1785153446331730000,1785153446331730000,121932490,121652369,-103.121,0.000,0.000,1.000,7.000,0.000,0.000,19.000,0,0,0
B3_zmq_pushpull,zmq_tcp,none,none,,1,9872,512,584,1785153446332419000,1785153446332419000,1785153446332419000,1785153446332420000,1785153446332577000,1785153446332580000,1785153446332580000,1785153446332580000,121932490,121652369,-123.121,0.000,0.000,1.000,3.000,0.000,0.000,20.000,0,0,0
B3_zmq_pushpull,zmq_tcp,none,none,,1,9873,512,584,1785153446333393000,1785153446333394000,1785153446333394000,1785153446333395000,1785153446333540000,1785153446333544000,1785153446333544000,1785153446333544000,121932490,121652369,-135.121,1.000,0.000,1.000,4.000,0.000,0.000,12.000,0,0,0
B3_zmq_pushpull,zmq_tcp,none,none,,1,9874,512,584,1785153446334370000,1785153446334370000,1785153446334370000,1785153446334371000,1785153446334513000,1785153446334516000,1785153446334516000,1785153446334516000,121932490,121652369,-138.121,0.000,0.000,1.000,3.000,0.000,0.000,3.000,0,0,0
B3_zmq_pushpull,zmq_tcp,none,none,,1,9875,512,584,1785153446335565000,1785153446335565000,1785153446335565000,1785153446335566000,1785153446335621000,1785153446335624000,1785153446335624000,1785153446335624000,121932490,121652369,-225.121,0.000,0.000,1.000,3.000,0.000,0.000,87.000,0,0,0
B3_zmq_pushpull,zmq_tcp,none,none,,1,9876,512,584,1785153446336516000,1785153446336516000,1785153446336516000,1785153446336517000,1785153446336601000,1785153446336604000,1785153446336604000,1785153446336604000,121932490,121652369,-196.121,0.000,0.000,1.000,3.000,0.000,0.000,29.000,0,0,0
B3_zmq_pushpull,zmq_tcp,none,none,,1,9877,512,584,1785153446337531000,1785153446337531000,1785153446337531000,1785153446337532000,1785153446337709000,1785153446337711000,1785153446337711000,1785153446337711000,121932490,121652369,-103.121,0.000,0.000,1.000,2.000,0.000,0.000,93.000,0,0,0
B3_zmq_pushpull,zmq_tcp,none,none,,1,9878,512,584,1785153446338524000,1785153446338524000,1785153446338524000,1785153446338525000,1785153446338701000,1785153446338704000,1785153446338704000,1785153446338704000,121932490,121652369,-104.121,0.000,0.000,1.000,3.000,0.000,0.000,1.000,0,0,0
B3_zmq_pushpull,zmq_tcp,none,none,,1,9879,512,584,1785153446339410000,1785153446339410000,1785153446339410000,1785153446339411000,1785153446339570000,1785153446339574000,1785153446339574000,1785153446339574000,121932490,121652369,-121.121,0.000,0.000,1.000,4.000,0.000,0.000,17.000,0,0,0
B3_zmq_pushpull,zmq_tcp,none,none,,1,9880,512,584,1785153446340386000,1785153446340386000,1785153446340386000,1785153446340387000,1785153446340540000,1785153446340542000,1785153446340542000,1785153446340542000,121932490,121652369,-127.121,0.000,0.000,1.000,2.000,0.000,0.000,6.000,0,0,0
B3_zmq_pushpull,zmq_tcp,none,none,,1,9881,512,584,1785153446341375000,1785153446341375000,1785153446341375000,1785153446341376000,1785153446341520000,1785153446341523000,1785153446341523000,1785153446341523000,121932490,121652369,-136.121,0.000,0.000,1.000,3.000,0.000,0.000,9.000,0,0,0
B3_zmq_pushpull,zmq_tcp,none,none,,1,9882,512,584,1785153446342345000,1785153446342346000,1785153446342346000,1785153446342347000,1785153446342498000,1785153446342501000,1785153446342501000,1785153446342501000,121932490,121652369,-129.121,1.000,0.000,1.000,3.000,0.000,0.000,7.000,0,0,0
B3_zmq_pushpull,zmq_tcp,none,none,,1,9883,512,584,1785153446343332000,1785153446343332000,1785153446343332000,1785153446343333000,1785153446343468000,1785153446343471000,1785153446343471000,1785153446343471000,121932490,121652369,-145.121,0.000,0.000,1.000,3.000,0.000,0.000,16.000,0,0,0
B3_zmq_pushpull,zmq_tcp,none,none,,1,9884,512,584,1785153446344442000,1785153446344442000,1785153446344442000,1785153446344443000,1785153446344599000,1785153446344602000,1785153446344602000,1785153446344602000,121932490,121652369,-124.121,0.000,0.000,1.000,3.000,0.000,0.000,21.000,0,0,0
B3_zmq_pushpull,zmq_tcp,none,none,,1,9885,512,584,1785153446345549000,1785153446345549000,1785153446345549000,1785153446345550000,1785153446345710000,1785153446345713000,1785153446345713000,1785153446345713000,121932490,121652369,-120.121,0.000,0.000,1.000,3.000,0.000,0.000,4.000,0,0,0
B3_zmq_pushpull,zmq_tcp,none,none,,1,9886,512,584,1785153446346519000,1785153446346519000,1785153446346519000,1785153446346520000,1785153446346697000,1785153446346700000,1785153446346700000,1785153446346700000,121932490,121652369,-103.121,0.000,0.000,1.000,3.000,0.000,0.000,17.000,0,0,0
B3_zmq_pushpull,zmq_tcp,none,none,,1,9887,512,584,1785153446347524000,1785153446347525000,1785153446347525000,1785153446347526000,1785153446347677000,1785153446347680000,1785153446347680000,1785153446347680000,121932490,121652369,-129.121,1.000,0.000,1.000,3.000,0.000,0.000,26.000,0,0,0
B3_zmq_pushpull,zmq_tcp,none,none,,1,9888,512,584,1785153446348380000,1785153446348380000,1785153446348380000,1785153446348381000,1785153446348522000,1785153446348525000,1785153446348525000,1785153446348525000,121932490,121652369,-139.121,0.000,0.000,1.000,3.000,0.000,0.000,10.000,0,0,0
B3_zmq_pushpull,zmq_tcp,none,none,,1,9889,512,584,1785153446349348000,1785153446349348000,1785153446349348000,1785153446349349000,1785153446349504000,1785153446349507000,1785153446349507000,1785153446349507000,121932490,121652369,-125.121,0.000,0.000,1.000,3.000,0.000,0.000,14.000,0,0,0
B3_zmq_pushpull,zmq_tcp,none,none,,1,9890,512,584,1785153446350569000,1785153446350569000,1785153446350569000,1785153446350570000,1785153446350646000,1785153446350648000,1785153446350649000,1785153446350649000,121932490,121652369,-204.121,0.000,0.000,1.000,2.000,1.000,0.000,79.000,0,0,0
B3_zmq_pushpull,zmq_tcp,none,none,,1,9891,512,584,1785153446351513000,1785153446351513000,1785153446351513000,1785153446351514000,1785153446351633000,1785153446351636000,1785153446351636000,1785153446351636000,121932490,121652369,-161.121,0.000,0.000,1.000,3.000,0.000,0.000,43.000,0,0,0
B3_zmq_pushpull,zmq_tcp,none,none,,1,9892,512,584,1785153446352528000,1785153446352528000,1785153446352528000,1785153446352529000,1785153446352614000,1785153446352617000,1785153446352617000,1785153446352617000,121932490,121652369,-195.121,0.000,0.000,1.000,3.000,0.000,0.000,34.000,0,0,0
B3_zmq_pushpull,zmq_tcp,none,none,,1,9893,512,584,1785153446353528000,1785153446353528000,1785153446353528000,1785153446353529000,1785153446353598000,1785153446353601000,1785153446353601000,1785153446353601000,121932490,121652369,-211.121,0.000,0.000,1.000,3.000,0.000,0.000,16.000,0,0,0
B3_zmq_pushpull,zmq_tcp,none,none,,1,9894,512,584,1785153446354526000,1785153446354526000,1785153446354526000,1785153446354527000,1785153446354597000,1785153446354600000,1785153446354600000,1785153446354600000,121932490,121652369,-210.121,0.000,0.000,1.000,3.000,0.000,0.000,1.000,0,0,0
B3_zmq_pushpull,zmq_tcp,none,none,,1,9895,512,584,1785153446355523000,1785153446355523000,1785153446355523000,1785153446355524000,1785153446355586000,1785153446355589000,1785153446355589000,1785153446355589000,121932490,121652369,-218.121,0.000,0.000,1.000,3.000,0.000,0.000,8.000,0,0,0
B3_zmq_pushpull,zmq_tcp,none,none,,1,9896,512,584,1785153446356527000,1785153446356527000,1785153446356527000,1785153446356528000,1785153446356573000,1785153446356576000,1785153446356576000,1785153446356576000,121932490,121652369,-235.121,0.000,0.000,1.000,3.000,0.000,0.000,17.000,0,0,0
B3_zmq_pushpull,zmq_tcp,none,none,,1,9897,512,584,1785153446357528000,1785153446357528000,1785153446357528000,1785153446357529000,1785153446357721000,1785153446357724000,1785153446357724000,1785153446357724000,121932490,121652369,-88.121,0.000,0.000,1.000,3.000,0.000,0.000,147.000,0,0,0
B3_zmq_pushpull,zmq_tcp,none,none,,1,9898,512,584,1785153446358525000,1785153446358525000,1785153446358525000,1785153446358526000,1785153446358712000,1785153446358714000,1785153446358714000,1785153446358714000,121932490,121652369,-94.121,0.000,0.000,1.000,2.000,0.000,0.000,6.000,0,0,0
B3_zmq_pushpull,zmq_tcp,none,none,,1,9899,512,584,1785153446359525000,1785153446359525000,1785153446359525000,1785153446359526000,1785153446359709000,1785153446359712000,1785153446359712000,1785153446359712000,121932490,121652369,-97.121,0.000,0.000,1.000,3.000,0.000,0.000,3.000,0,0,0
B3_zmq_pushpull,zmq_tcp,none,none,,1,9900,512,584,1785153446360528000,1785153446360528000,1785153446360528000,1785153446360529000,1785153446360693000,1785153446360697000,1785153446360697000,1785153446360697000,121932490,121652369,-116.121,0.000,0.000,1.000,4.000,0.000,0.000,19.000,0,0,0
B3_zmq_pushpull,zmq_tcp,none,none,,1,9901,512,584,1785153446361525000,1785153446361525000,1785153446361525000,1785153446361526000,1785153446361678000,1785153446361681000,1785153446361681000,1785153446361681000,121932490,121652369,-128.121,0.000,0.000,1.000,3.000,0.000,0.000,12.000,0,0,0
B3_zmq_pushpull,zmq_tcp,none,none,,1,9902,512,584,1785153446362523000,1785153446362523000,1785153446362523000,1785153446362524000,1785153446362644000,1785153446362647000,1785153446362647000,1785153446362647000,121932490,121652369,-160.121,0.000,0.000,1.000,3.000,0.000,0.000,32.000,0,0,0
B3_zmq_pushpull,zmq_tcp,none,none,,1,9903,512,584,1785153446363338000,1785153446363338000,1785153446363338000,1785153446363340000,1785153446363496000,1785153446363499000,1785153446363499000,1785153446363499000,121932490,121652369,-124.121,0.000,0.000,2.000,3.000,0.000,0.000,36.000,0,0,0
B3_zmq_pushpull,zmq_tcp,none,none,,1,9904,512,584,1785153446364575000,1785153446364575000,1785153446364575000,1785153446364576000,1785153446364762000,1785153446364765000,1785153446364765000,1785153446364765000,121932490,121652369,-94.121,0.000,0.000,1.000,3.000,0.000,0.000,30.000,0,0,0
B3_zmq_pushpull,zmq_tcp,none,none,,1,9905,512,584,1785153446365516000,1785153446365516000,1785153446365516000,1785153446365517000,1785153446365605000,1785153446365609000,1785153446365609000,1785153446365609000,121932490,121652369,-192.121,0.000,0.000,1.000,4.000,0.000,0.000,98.000,0,0,0
B3_zmq_pushpull,zmq_tcp,none,none,,1,9906,512,584,1785153446366528000,1785153446366528000,1785153446366528000,1785153446366529000,1785153446366607000,1785153446366610000,1785153446366610000,1785153446366610000,121932490,121652369,-202.121,0.000,0.000,1.000,3.000,0.000,0.000,10.000,0,0,0
B3_zmq_pushpull,zmq_tcp,none,none,,1,9907,512,584,1785153446367526000,1785153446367526000,1785153446367526000,1785153446367527000,1785153446367590000,1785153446367593000,1785153446367593000,1785153446367593000,121932490,121652369,-217.121,0.000,0.000,1.000,3.000,0.000,0.000,15.000,0,0,0
B3_zmq_pushpull,zmq_tcp,none,none,,1,9908,512,584,1785153446368530000,1785153446368530000,1785153446368530000,1785153446368531000,1785153446368728000,1785153446368731000,1785153446368731000,1785153446368731000,121932490,121652369,-83.121,0.000,0.000,1.000,3.000,0.000,0.000,134.000,0,0,0
B3_zmq_pushpull,zmq_tcp,none,none,,1,9909,512,584,1785153446369430000,1785153446369430000,1785153446369430000,1785153446369431000,1785153446369592000,1785153446369596000,1785153446369596000,1785153446369596000,121932490,121652369,-119.121,0.000,0.000,1.000,4.000,0.000,0.000,36.000,0,0,0
B3_zmq_pushpull,zmq_tcp,none,none,,1,9910,512,584,1785153446370555000,1785153446370555000,1785153446370555000,1785153446370556000,1785153446370714000,1785153446370717000,1785153446370717000,1785153446370717000,121932490,121652369,-122.121,0.000,0.000,1.000,3.000,0.000,0.000,3.000,0,0,0
B3_zmq_pushpull,zmq_tcp,none,none,,1,9911,512,584,1785153446371517000,1785153446371517000,1785153446371518000,1785153446371518000,1785153446371694000,1785153446371697000,1785153446371697000,1785153446371697000,121932490,121652369,-104.121,0.000,1.000,0.000,3.000,0.000,0.000,18.000,0,0,0
B3_zmq_pushpull,zmq_tcp,none,none,,1,9912,512,584,1785153446372527000,1785153446372527000,1785153446372527000,1785153446372528000,1785153446372668000,1785153446372672000,1785153446372672000,1785153446372672000,121932490,121652369,-140.121,0.000,0.000,1.000,4.000,0.000,0.000,36.000,0,0,0
B3_zmq_pushpull,zmq_tcp,none,none,,1,9913,512,584,1785153446373525000,1785153446373525000,1785153446373525000,1785153446373526000,1785153446373669000,1785153446373672000,1785153446373672000,1785153446373672000,121932490,121652369,-137.121,0.000,0.000,1.000,3.000,0.000,0.000,3.000,0,0,0
B3_zmq_pushpull,zmq_tcp,none,none,,1,9914,512,584,1785153446374528000,1785153446374528000,1785153446374528000,1785153446374529000,1785153446374674000,1785153446374677000,1785153446374677000,1785153446374677000,121932490,121652369,-135.121,0.000,0.000,1.000,3.000,0.000,0.000,2.000,0,0,0
B3_zmq_pushpull,zmq_tcp,none,none,,1,9915,512,584,1785153446375527000,1785153446375527000,1785153446375527000,1785153446375528000,1785153446375665000,1785153446375668000,1785153446375668000,1785153446375668000,121932490,121652369,-143.121,0.000,0.000,1.000,3.000,0.000,0.000,8.000,0,0,0
B3_zmq_pushpull,zmq_tcp,none,none,,1,9916,512,584,1785153446376526000,1785153446376526000,1785153446376526000,1785153446376527000,1785153446376670000,1785153446376673000,1785153446376673000,1785153446376673000,121932490,121652369,-137.121,0.000,0.000,1.000,3.000,0.000,0.000,6.000,0,0,0
B3_zmq_pushpull,zmq_tcp,none,none,,1,9917,512,584,1785153446377528000,1785153446377528000,1785153446377528000,1785153446377529000,1785153446377692000,1785153446377694000,1785153446377694000,1785153446377694000,121932490,121652369,-117.121,0.000,0.000,1.000,2.000,0.000,0.000,20.000,0,0,0
B3_zmq_pushpull,zmq_tcp,none,none,,1,9918,512,584,1785153446378399000,1785153446378399000,1785153446378399000,1785153446378400000,1785153446378560000,1785153446378562000,1785153446378562000,1785153446378562000,121932490,121652369,-120.121,0.000,0.000,1.000,2.000,0.000,0.000,3.000,0,0,0
B3_zmq_pushpull,zmq_tcp,none,none,,1,9919,512,584,1785153446379559000,1785153446379559000,1785153446379559000,1785153446379560000,1785153446379710000,1785153446379713000,1785153446379713000,1785153446379713000,121932490,121652369,-130.121,0.000,0.000,1.000,3.000,0.000,0.000,10.000,0,0,0
B3_zmq_pushpull,zmq_tcp,none,none,,1,9920,512,584,1785153446380412000,1785153446380413000,1785153446380413000,1785153446380414000,1785153446380573000,1785153446380576000,1785153446380576000,1785153446380576000,121932490,121652369,-121.121,1.000,0.000,1.000,3.000,0.000,0.000,9.000,0,0,0
B3_zmq_pushpull,zmq_tcp,none,none,,1,9921,512,584,1785153446381557000,1785153446381557000,1785153446381557000,1785153446381558000,1785153446381712000,1785153446381714000,1785153446381714000,1785153446381714000,121932490,121652369,-126.121,0.000,0.000,1.000,2.000,0.000,0.000,5.000,0,0,0
B3_zmq_pushpull,zmq_tcp,none,none,,1,9922,512,584,1785153446382519000,1785153446382520000,1785153446382520000,1785153446382521000,1785153446382569000,1785153446382572000,1785153446382572000,1785153446382572000,121932490,121652369,-232.121,1.000,0.000,1.000,3.000,0.000,0.000,106.000,0,0,0
B3_zmq_pushpull,zmq_tcp,none,none,,1,9923,512,584,1785153446383528000,1785153446383528000,1785153446383528000,1785153446383529000,1785153446383587000,1785153446383590000,1785153446383591000,1785153446383591000,121932490,121652369,-222.121,0.000,0.000,1.000,3.000,1.000,0.000,10.000,0,0,0
B3_zmq_pushpull,zmq_tcp,none,none,,1,9924,512,584,1785153446384431000,1785153446384431000,1785153446384432000,1785153446384433000,1785153446384576000,1785153446384578000,1785153446384578000,1785153446384578000,121932490,121652369,-137.121,0.000,1.000,1.000,2.000,0.000,0.000,85.000,0,0,0
B3_zmq_pushpull,zmq_tcp,none,none,,1,9925,512,584,1785153446385549000,1785153446385550000,1785153446385550000,1785153446385551000,1785153446385724000,1785153446385727000,1785153446385727000,1785153446385727000,121932490,121652369,-107.121,1.000,0.000,1.000,3.000,0.000,0.000,30.000,0,0,0
B3_zmq_pushpull,zmq_tcp,none,none,,1,9926,512,584,1785153446386520000,1785153446386520000,1785153446386520000,1785153446386521000,1785153446386585000,1785153446386589000,1785153446386589000,1785153446386589000,121932490,121652369,-216.121,0.000,0.000,1.000,4.000,0.000,0.000,109.000,0,0,0
B3_zmq_pushpull,zmq_tcp,none,none,,1,9927,512,584,1785153446387529000,1785153446387529000,1785153446387529000,1785153446387530000,1785153446387705000,1785153446387708000,1785153446387708000,1785153446387708000,121932490,121652369,-105.121,0.000,0.000,1.000,3.000,0.000,0.000,111.000,0,0,0
B3_zmq_pushpull,zmq_tcp,none,none,,1,9928,512,584,1785153446388524000,1785153446388524000,1785153446388524000,1785153446388525000,1785153446388703000,1785153446388707000,1785153446388707000,1785153446388707000,121932490,121652369,-102.121,0.000,0.000,1.000,4.000,0.000,0.000,3.000,0,0,0
B3_zmq_pushpull,zmq_tcp,none,none,,1,9929,512,584,1785153446389395000,1785153446389395000,1785153446389396000,1785153446389397000,1785153446389553000,1785153446389556000,1785153446389557000,1785153446389557000,121932490,121652369,-124.121,0.000,1.000,1.000,3.000,1.000,0.000,22.000,0,0,0
B3_zmq_pushpull,zmq_tcp,none,none,,1,9930,512,584,1785153446390398000,1785153446390398000,1785153446390398000,1785153446390399000,1785153446390557000,1785153446390560000,1785153446390560000,1785153446390560000,121932490,121652369,-122.121,0.000,0.000,1.000,3.000,0.000,0.000,2.000,0,0,0
B3_zmq_pushpull,zmq_tcp,none,none,,1,9931,512,584,1785153446391558000,1785153446391558000,1785153446391558000,1785153446391559000,1785153446391712000,1785153446391715000,1785153446391715000,1785153446391715000,121932490,121652369,-127.121,0.000,0.000,1.000,3.000,0.000,0.000,5.000,0,0,0
B3_zmq_pushpull,zmq_tcp,none,none,,1,9932,512,584,1785153446392513000,1785153446392513000,1785153446392514000,1785153446392521000,1785153446392684000,1785153446392687000,1785153446392687000,1785153446392687000,121932490,121652369,-117.121,0.000,1.000,7.000,3.000,0.000,0.000,10.000,0,0,0
B3_zmq_pushpull,zmq_tcp,none,none,,1,9933,512,584,1785153446393390000,1785153446393390000,1785153446393390000,1785153446393391000,1785153446393553000,1785153446393555000,1785153446393556000,1785153446393556000,121932490,121652369,-118.121,0.000,0.000,1.000,2.000,1.000,0.000,1.000,0,0,0
B3_zmq_pushpull,zmq_tcp,none,none,,1,9934,512,584,1785153446394561000,1785153446394561000,1785153446394561000,1785153446394562000,1785153446394693000,1785153446394696000,1785153446394696000,1785153446394696000,121932490,121652369,-149.121,0.000,0.000,1.000,3.000,0.000,0.000,31.000,0,0,0
B3_zmq_pushpull,zmq_tcp,none,none,,1,9935,512,584,1785153446395521000,1785153446395522000,1785153446395522000,1785153446395523000,1785153446395698000,1785153446395701000,1785153446395701000,1785153446395701000,121932490,121652369,-105.121,1.000,0.000,1.000,3.000,0.000,0.000,44.000,0,0,0
B3_zmq_pushpull,zmq_tcp,none,none,,1,9936,512,584,1785153446396528000,1785153446396528000,1785153446396528000,1785153446396529000,1785153446396701000,1785153446396704000,1785153446396704000,1785153446396704000,121932490,121652369,-108.121,0.000,0.000,1.000,3.000,0.000,0.000,3.000,0,0,0
B3_zmq_pushpull,zmq_tcp,none,none,,1,9937,512,584,1785153446397402000,1785153446397402000,1785153446397402000,1785153446397403000,1785153446397558000,1785153446397561000,1785153446397561000,1785153446397561000,121932490,121652369,-125.121,0.000,0.000,1.000,3.000,0.000,0.000,17.000,0,0,0
B3_zmq_pushpull,zmq_tcp,none,none,,1,9938,512,584,1785153446398559000,1785153446398560000,1785153446398560000,1785153446398561000,1785153446398713000,1785153446398716000,1785153446398716000,1785153446398716000,121932490,121652369,-128.121,1.000,0.000,1.000,3.000,0.000,0.000,3.000,0,0,0
B3_zmq_pushpull,zmq_tcp,none,none,,1,9939,512,584,1785153446399516000,1785153446399516000,1785153446399516000,1785153446399517000,1785153446399581000,1785153446399584000,1785153446399584000,1785153446399584000,121932490,121652369,-216.121,0.000,0.000,1.000,3.000,0.000,0.000,88.000,0,0,0
B3_zmq_pushpull,zmq_tcp,none,none,,1,9940,512,584,1785153446400531000,1785153446400531000,1785153446400531000,1785153446400532000,1785153446400717000,1785153446400720000,1785153446400720000,1785153446400720000,121932490,121652369,-95.121,0.000,0.000,1.000,3.000,0.000,0.000,121.000,0,0,0
B3_zmq_pushpull,zmq_tcp,none,none,,1,9941,512,584,1785153446401525000,1785153446401526000,1785153446401526000,1785153446401527000,1785153446401721000,1785153446401724000,1785153446401724000,1785153446401724000,121932490,121652369,-86.121,1.000,0.000,1.000,3.000,0.000,0.000,9.000,0,0,0
B3_zmq_pushpull,zmq_tcp,none,none,,1,9942,512,584,1785153446402529000,1785153446402529000,1785153446402529000,1785153446402530000,1785153446402583000,1785153446402587000,1785153446402587000,1785153446402587000,121932490,121652369,-227.121,0.000,0.000,1.000,4.000,0.000,0.000,141.000,0,0,0
B3_zmq_pushpull,zmq_tcp,none,none,,1,9943,512,584,1785153446403524000,1785153446403524000,1785153446403524000,1785153446403525000,1785153446403585000,1785153446403588000,1785153446403588000,1785153446403588000,121932490,121652369,-220.121,0.000,0.000,1.000,3.000,0.000,0.000,7.000,0,0,0
B3_zmq_pushpull,zmq_tcp,none,none,,1,9944,512,584,1785153446404528000,1785153446404529000,1785153446404529000,1785153446404530000,1785153446404584000,1785153446404587000,1785153446404588000,1785153446404588000,121932490,121652369,-226.121,1.000,0.000,1.000,3.000,1.000,0.000,6.000,0,0,0
B3_zmq_pushpull,zmq_tcp,none,none,,1,9945,512,584,1785153446405528000,1785153446405528000,1785153446405528000,1785153446405529000,1785153446405585000,1785153446405588000,1785153446405588000,1785153446405588000,121932490,121652369,-224.121,0.000,0.000,1.000,3.000,0.000,0.000,2.000,0,0,0
B3_zmq_pushpull,zmq_tcp,none,none,,1,9946,512,584,1785153446406531000,1785153446406531000,1785153446406531000,1785153446406532000,1785153446406717000,1785153446406720000,1785153446406720000,1785153446406720000,121932490,121652369,-95.121,0.000,0.000,1.000,3.000,0.000,0.000,129.000,0,0,0
B3_zmq_pushpull,zmq_tcp,none,none,,1,9947,512,584,1785153446407521000,1785153446407522000,1785153446407522000,1785153446407523000,1785153446407712000,1785153446407715000,1785153446407715000,1785153446407715000,121932490,121652369,-91.121,1.000,0.000,1.000,3.000,0.000,0.000,4.000,0,0,0
B3_zmq_pushpull,zmq_tcp,none,none,,1,9948,512,584,1785153446408527000,1785153446408527000,1785153446408528000,1785153446408528000,1785153446408685000,1785153446408688000,1785153446408688000,1785153446408688000,121932490,121652369,-123.121,0.000,1.000,0.000,3.000,0.000,0.000,32.000,0,0,0
B3_zmq_pushpull,zmq_tcp,none,none,,1,9949,512,584,1785153446409375000,1785153446409375000,1785153446409375000,1785153446409376000,1785153446409533000,1785153446409536000,1785153446409536000,1785153446409536000,121932490,121652369,-123.121,0.000,0.000,1.000,3.000,0.000,0.000,0.000,0,0,0
B3_zmq_pushpull,zmq_tcp,none,none,,1,9950,512,584,1785153446410564000,1785153446410564000,1785153446410564000,1785153446410565000,1785153446410656000,1785153446410659000,1785153446410659000,1785153446410659000,121932490,121652369,-189.121,0.000,0.000,1.000,3.000,0.000,0.000,66.000,0,0,0
B3_zmq_pushpull,zmq_tcp,none,none,,1,9951,512,584,1785153446411516000,1785153446411516000,1785153446411516000,1785153446411517000,1785153446411632000,1785153446411635000,1785153446411635000,1785153446411635000,121932490,121652369,-165.121,0.000,0.000,1.000,3.000,0.000,0.000,24.000,0,0,0
B3_zmq_pushpull,zmq_tcp,none,none,,1,9952,512,584,1785153446412528000,1785153446412528000,1785153446412528000,1785153446412529000,1785153446412613000,1785153446412616000,1785153446412616000,1785153446412616000,121932490,121652369,-196.121,0.000,0.000,1.000,3.000,0.000,0.000,31.000,0,0,0
B3_zmq_pushpull,zmq_tcp,none,none,,1,9953,512,584,1785153446413525000,1785153446413525000,1785153446413525000,1785153446413526000,1785153446413607000,1785153446413609000,1785153446413609000,1785153446413609000,121932490,121652369,-199.121,0.000,0.000,1.000,2.000,0.000,0.000,3.000,0,0,0
B3_zmq_pushpull,zmq_tcp,none,none,,1,9954,512,584,1785153446414526000,1785153446414526000,1785153446414526000,1785153446414527000,1785153446414593000,1785153446414596000,1785153446414596000,1785153446414596000,121932490,121652369,-214.121,0.000,0.000,1.000,3.000,0.000,0.000,15.000,0,0,0
B3_zmq_pushpull,zmq_tcp,none,none,,1,9955,512,584,1785153446415523000,1785153446415523000,1785153446415523000,1785153446415524000,1785153446415680000,1785153446415683000,1785153446415683000,1785153446415683000,121932490,121652369,-124.121,0.000,0.000,1.000,3.000,0.000,0.000,90.000,0,0,0
B3_zmq_pushpull,zmq_tcp,none,none,,1,9956,512,584,1785153446416377000,1785153446416378000,1785153446416378000,1785153446416379000,1785153446416528000,1785153446416532000,1785153446416532000,1785153446416532000,121932490,121652369,-131.121,1.000,0.000,1.000,4.000,0.000,0.000,7.000,0,0,0
B3_zmq_pushpull,zmq_tcp,none,none,,1,9957,512,584,1785153446417379000,1785153446417380000,1785153446417380000,1785153446417381000,1785153446417535000,1785153446417538000,1785153446417538000,1785153446417538000,121932490,121652369,-126.121,1.000,0.000,1.000,3.000,0.000,0.000,5.000,0,0,0
B3_zmq_pushpull,zmq_tcp,none,none,,1,9958,512,584,1785153446418365000,1785153446418366000,1785153446418366000,1785153446418367000,1785153446418519000,1785153446418522000,1785153446418522000,1785153446418522000,121932490,121652369,-128.121,1.000,0.000,1.000,3.000,0.000,0.000,2.000,0,0,0
B3_zmq_pushpull,zmq_tcp,none,none,,1,9959,512,584,1785153446419565000,1785153446419565000,1785153446419565000,1785153446419566000,1785153446419652000,1785153446419655000,1785153446419655000,1785153446419655000,121932490,121652369,-194.121,0.000,0.000,1.000,3.000,0.000,0.000,66.000,0,0,0
B3_zmq_pushpull,zmq_tcp,none,none,,1,9960,512,584,1785153446420519000,1785153446420519000,1785153446420519000,1785153446420520000,1785153446420653000,1785153446420657000,1785153446420657000,1785153446420657000,121932490,121652369,-147.121,0.000,0.000,1.000,4.000,0.000,0.000,47.000,0,0,0
B3_zmq_pushpull,zmq_tcp,none,none,,1,9961,512,584,1785153446421529000,1785153446421529000,1785153446421529000,1785153446421530000,1785153446421677000,1785153446421680000,1785153446421680000,1785153446421680000,121932490,121652369,-133.121,0.000,0.000,1.000,3.000,0.000,0.000,14.000,0,0,0
B3_zmq_pushpull,zmq_tcp,none,none,,1,9962,512,584,1785153446422524000,1785153446422524000,1785153446422524000,1785153446422525000,1785153446422702000,1785153446422705000,1785153446422705000,1785153446422705000,121932490,121652369,-103.121,0.000,0.000,1.000,3.000,0.000,0.000,30.000,0,0,0
B3_zmq_pushpull,zmq_tcp,none,none,,1,9963,512,584,1785153446423414000,1785153446423414000,1785153446423414000,1785153446423415000,1785153446423572000,1785153446423575000,1785153446423575000,1785153446423575000,121932490,121652369,-123.121,0.000,0.000,1.000,3.000,0.000,0.000,20.000,0,0,0
B3_zmq_pushpull,zmq_tcp,none,none,,1,9964,512,584,1785153446424555000,1785153446424555000,1785153446424555000,1785153446424556000,1785153446424713000,1785153446424716000,1785153446424716000,1785153446424716000,121932490,121652369,-123.121,0.000,0.000,1.000,3.000,0.000,0.000,0.000,0,0,0
B3_zmq_pushpull,zmq_tcp,none,none,,1,9965,512,584,1785153446425518000,1785153446425518000,1785153446425518000,1785153446425519000,1785153446425564000,1785153446425567000,1785153446425567000,1785153446425567000,121932490,121652369,-235.121,0.000,0.000,1.000,3.000,0.000,0.000,112.000,0,0,0
B3_zmq_pushpull,zmq_tcp,none,none,,1,9966,512,584,1785153446426533000,1785153446426533000,1785153446426533000,1785153446426535000,1785153446426709000,1785153446426712000,1785153446426712000,1785153446426712000,121932490,121652369,-106.121,0.000,0.000,2.000,3.000,0.000,0.000,129.000,0,0,0
B3_zmq_pushpull,zmq_tcp,none,none,,1,9967,512,584,1785153446427421000,1785153446427421000,1785153446427421000,1785153446427422000,1785153446427582000,1785153446427585000,1785153446427585000,1785153446427585000,121932490,121652369,-120.121,0.000,0.000,1.000,3.000,0.000,0.000,14.000,0,0,0
B3_zmq_pushpull,zmq_tcp,none,none,,1,9968,512,584,1785153446428555000,1785153446428555000,1785153446428555000,1785153446428556000,1785153446428717000,1785153446428720000,1785153446428720000,1785153446428720000,121932490,121652369,-119.121,0.000,0.000,1.000,3.000,0.000,0.000,1.000,0,0,0
B3_zmq_pushpull,zmq_tcp,none,none,,1,9969,512,584,1785153446429516000,1785153446429516000,1785153446429517000,1785153446429517000,1785153446429571000,1785153446429574000,1785153446429574000,1785153446429574000,121932490,121652369,-226.121,0.000,1.000,0.000,3.000,0.000,0.000,107.000,0,0,0
B3_zmq_pushpull,zmq_tcp,none,none,,1,9970,512,584,1785153446430531000,1785153446430531000,1785153446430531000,1785153446430532000,1785153446430724000,1785153446430726000,1785153446430726000,1785153446430726000,121932490,121652369,-88.121,0.000,0.000,1.000,2.000,0.000,0.000,138.000,0,0,0
B3_zmq_pushpull,zmq_tcp,none,none,,1,9971,512,584,1785153446431526000,1785153446431526000,1785153446431526000,1785153446431527000,1785153446431586000,1785153446431589000,1785153446431589000,1785153446431589000,121932490,121652369,-221.121,0.000,0.000,1.000,3.000,0.000,0.000,133.000,0,0,0
B3_zmq_pushpull,zmq_tcp,none,none,,1,9972,512,584,1785153446432528000,1785153446432528000,1785153446432528000,1785153446432529000,1785153446432595000,1785153446432598000,1785153446432598000,1785153446432598000,121932490,121652369,-214.121,0.000,0.000,1.000,3.000,0.000,0.000,7.000,0,0,0
B3_zmq_pushpull,zmq_tcp,none,none,,1,9973,512,584,1785153446433524000,1785153446433524000,1785153446433524000,1785153446433525000,1785153446433589000,1785153446433592000,1785153446433592000,1785153446433592000,121932490,121652369,-216.121,0.000,0.000,1.000,3.000,0.000,0.000,2.000,0,0,0
B3_zmq_pushpull,zmq_tcp,none,none,,1,9974,512,584,1785153446434529000,1785153446434530000,1785153446434530000,1785153446434531000,1785153446434596000,1785153446434599000,1785153446434599000,1785153446434599000,121932490,121652369,-215.121,1.000,0.000,1.000,3.000,0.000,0.000,1.000,0,0,0
B3_zmq_pushpull,zmq_tcp,none,none,,1,9975,512,584,1785153446435527000,1785153446435527000,1785153446435527000,1785153446435528000,1785153446435596000,1785153446435599000,1785153446435599000,1785153446435599000,121932490,121652369,-212.121,0.000,0.000,1.000,3.000,0.000,0.000,3.000,0,0,0
B3_zmq_pushpull,zmq_tcp,none,none,,1,9976,512,584,1785153446436528000,1785153446436528000,1785153446436528000,1785153446436529000,1785153446436609000,1785153446436612000,1785153446436612000,1785153446436612000,121932490,121652369,-200.121,0.000,0.000,1.000,3.000,0.000,0.000,12.000,0,0,0
B3_zmq_pushpull,zmq_tcp,none,none,,1,9977,512,584,1785153446437526000,1785153446437526000,1785153446437526000,1785153446437527000,1785153446437625000,1785153446437628000,1785153446437628000,1785153446437628000,121932490,121652369,-182.121,0.000,0.000,1.000,3.000,0.000,0.000,18.000,0,0,0
B3_zmq_pushpull,zmq_tcp,none,none,,1,9978,512,584,1785153446438530000,1785153446438530000,1785153446438530000,1785153446438531000,1785153446438640000,1785153446438643000,1785153446438643000,1785153446438643000,121932490,121652369,-171.121,0.000,0.000,1.000,3.000,0.000,0.000,11.000,0,0,0
B3_zmq_pushpull,zmq_tcp,none,none,,1,9979,512,584,1785153446439526000,1785153446439526000,1785153446439526000,1785153446439527000,1785153446439641000,1785153446439644000,1785153446439644000,1785153446439644000,121932490,121652369,-166.121,0.000,0.000,1.000,3.000,0.000,0.000,5.000,0,0,0
B3_zmq_pushpull,zmq_tcp,none,none,,1,9980,512,584,1785153446440526000,1785153446440526000,1785153446440526000,1785153446440527000,1785153446440641000,1785153446440644000,1785153446440644000,1785153446440644000,121932490,121652369,-166.121,0.000,0.000,1.000,3.000,0.000,0.000,0.000,0,0,0
B3_zmq_pushpull,zmq_tcp,none,none,,1,9981,512,584,1785153446441523000,1785153446441523000,1785153446441523000,1785153446441524000,1785153446441619000,1785153446441621000,1785153446441621000,1785153446441621000,121932490,121652369,-185.121,0.000,0.000,1.000,2.000,0.000,0.000,19.000,0,0,0
B3_zmq_pushpull,zmq_tcp,none,none,,1,9982,512,584,1785153446442528000,1785153446442528000,1785153446442528000,1785153446442529000,1785153446442603000,1785153446442606000,1785153446442606000,1785153446442606000,121932490,121652369,-206.121,0.000,0.000,1.000,3.000,0.000,0.000,21.000,0,0,0
B3_zmq_pushpull,zmq_tcp,none,none,,1,9983,512,584,1785153446443524000,1785153446443524000,1785153446443525000,1785153446443525000,1785153446443597000,1785153446443600000,1785153446443600000,1785153446443600000,121932490,121652369,-208.121,0.000,1.000,0.000,3.000,0.000,0.000,2.000,0,0,0
B3_zmq_pushpull,zmq_tcp,none,none,,1,9984,512,584,1785153446444450000,1785153446444450000,1785153446444450000,1785153446444451000,1785153446444604000,1785153446444607000,1785153446444607000,1785153446444607000,121932490,121652369,-127.121,0.000,0.000,1.000,3.000,0.000,0.000,81.000,0,0,0
B3_zmq_pushpull,zmq_tcp,none,none,,1,9985,512,584,1785153446445431000,1785153446445432000,1785153446445432000,1785153446445433000,1785153446445585000,1785153446445588000,1785153446445588000,1785153446445588000,121932490,121652369,-128.121,1.000,0.000,1.000,3.000,0.000,0.000,1.000,0,0,0
B3_zmq_pushpull,zmq_tcp,none,none,,1,9986,512,584,1785153446446393000,1785153446446393000,1785153446446393000,1785153446446394000,1785153446446545000,1785153446446548000,1785153446446548000,1785153446446548000,121932490,121652369,-129.121,0.000,0.000,1.000,3.000,0.000,0.000,1.000,0,0,0
B3_zmq_pushpull,zmq_tcp,none,none,,1,9987,512,584,1785153446447383000,1785153446447383000,1785153446447383000,1785153446447384000,1785153446447535000,1785153446447537000,1785153446447537000,1785153446447537000,121932490,121652369,-129.121,0.000,0.000,1.000,2.000,0.000,0.000,0.000,0,0,0
B3_zmq_pushpull,zmq_tcp,none,none,,1,9988,512,584,1785153446448381000,1785153446448381000,1785153446448381000,1785153446448383000,1785153446448531000,1785153446448534000,1785153446448534000,1785153446448534000,121932490,121652369,-132.121,0.000,0.000,2.000,3.000,0.000,0.000,3.000,0,0,0
B3_zmq_pushpull,zmq_tcp,none,none,,1,9989,512,584,1785153446449558000,1785153446449558000,1785153446449558000,1785153446449559000,1785153446449671000,1785153446449673000,1785153446449673000,1785153446449673000,121932490,121652369,-168.121,0.000,0.000,1.000,2.000,0.000,0.000,36.000,0,0,0
B3_zmq_pushpull,zmq_tcp,none,none,,1,9990,512,584,1785153446450518000,1785153446450518000,1785153446450518000,1785153446450519000,1785153446450641000,1785153446450644000,1785153446450644000,1785153446450644000,121932490,121652369,-158.121,0.000,0.000,1.000,3.000,0.000,0.000,10.000,0,0,0
B3_zmq_pushpull,zmq_tcp,none,none,,1,9991,512,584,1785153446451528000,1785153446451529000,1785153446451529000,1785153446451530000,1785153446451640000,1785153446451643000,1785153446451643000,1785153446451643000,121932490,121652369,-170.121,1.000,0.000,1.000,3.000,0.000,0.000,12.000,0,0,0
B3_zmq_pushpull,zmq_tcp,none,none,,1,9992,512,584,1785153446452524000,1785153446452524000,1785153446452524000,1785153446452525000,1785153446452639000,1785153446452641000,1785153446452641000,1785153446452641000,121932490,121652369,-166.121,0.000,0.000,1.000,2.000,0.000,0.000,4.000,0,0,0
B3_zmq_pushpull,zmq_tcp,none,none,,1,9993,512,584,1785153446453527000,1785153446453527000,1785153446453527000,1785153446453528000,1785153446453604000,1785153446453607000,1785153446453607000,1785153446453607000,121932490,121652369,-204.121,0.000,0.000,1.000,3.000,0.000,0.000,38.000,0,0,0
B3_zmq_pushpull,zmq_tcp,none,none,,1,9994,512,584,1785153446454526000,1785153446454527000,1785153446454527000,1785153446454528000,1785153446454594000,1785153446454598000,1785153446454598000,1785153446454598000,121932490,121652369,-214.121,1.000,0.000,1.000,4.000,0.000,0.000,10.000,0,0,0
B3_zmq_pushpull,zmq_tcp,none,none,,1,9995,512,584,1785153446455435000,1785153446455435000,1785153446455435000,1785153446455436000,1785153446455591000,1785153446455594000,1785153446455594000,1785153446455594000,121932490,121652369,-125.121,0.000,0.000,1.000,3.000,0.000,0.000,89.000,0,0,0
B3_zmq_pushpull,zmq_tcp,none,none,,1,9996,512,584,1785153446456546000,1785153446456546000,1785153446456546000,1785153446456547000,1785153446456719000,1785153446456721000,1785153446456721000,1785153446456721000,121932490,121652369,-108.121,0.000,0.000,1.000,2.000,0.000,0.000,17.000,0,0,0
B3_zmq_pushpull,zmq_tcp,none,none,,1,9997,512,584,1785153446457522000,1785153446457522000,1785153446457522000,1785153446457523000,1785153446457568000,1785153446457572000,1785153446457572000,1785153446457572000,121932490,121652369,-235.121,0.000,0.000,1.000,4.000,0.000,0.000,127.000,0,0,0
B3_zmq_pushpull,zmq_tcp,none,none,,1,9998,512,584,1785153446458527000,1785153446458527000,1785153446458527000,1785153446458528000,1785153446458690000,1785153446458693000,1785153446458693000,1785153446458693000,121932490,121652369,-118.121,0.000,0.000,1.000,3.000,0.000,0.000,117.000,0,0,0
B3_zmq_pushpull,zmq_tcp,none,none,,1,9999,512,584,1785153446459522000,1785153446459522000,1785153446459522000,1785153446459523000,1785153446459674000,1785153446459680000,1785153446459680000,1785153446459680000,121932490,121652369,-129.121,0.000,0.000,1.000,6.000,0.000,0.000,11.000,0,0,0
B3_zmq_pushpull,zmq_tcp,none,none,,1,10000,512,584,1785153446460383000,1785153446460383000,1785153446460383000,1785153446460384000,1785153446460537000,1785153446460540000,1785153446460540000,1785153446460540000,121932490,121652369,-127.121,0.000,0.000,1.000,3.000,0.000,0.000,2.000,0,0,0
B3_zmq_pushpull,zmq_tcp,none,none,,1,10001,512,584,1785153446461380000,1785153446461380000,1785153446461380000,1785153446461381000,1785153446461538000,1785153446461541000,1785153446461541000,1785153446461541000,121932490,121652369,-123.121,0.000,0.000,1.000,3.000,0.000,0.000,4.000,0,0,0
B3_zmq_pushpull,zmq_tcp,none,none,,1,10002,512,584,1785153446462564000,1785153446462564000,1785153446462564000,1785153446462565000,1785153446462698000,1785153446462701000,1785153446462701000,1785153446462701000,121932490,121652369,-147.121,0.000,0.000,1.000,3.000,0.000,0.000,24.000,0,0,0
B3_zmq_pushpull,zmq_tcp,none,none,,1,10003,512,584,1785153446463516000,1785153446463516000,1785153446463517000,1785153446463517000,1785153446463565000,1785153446463568000,1785153446463568000,1785153446463568000,121932490,121652369,-232.121,0.000,1.000,0.000,3.000,0.000,0.000,85.000,0,0,0
B3_zmq_pushpull,zmq_tcp,none,none,,1,10004,512,584,1785153446464531000,1785153446464531000,1785153446464531000,1785153446464532000,1785153446464709000,1785153446464712000,1785153446464712000,1785153446464712000,121932490,121652369,-103.121,0.000,0.000,1.000,3.000,0.000,0.000,129.000,0,0,0
B3_zmq_pushpull,zmq_tcp,none,none,,1,10005,512,584,1785153446465526000,1785153446465526000,1785153446465526000,1785153446465527000,1785153446465570000,1785153446465574000,1785153446465574000,1785153446465574000,121932490,121652369,-237.121,0.000,0.000,1.000,4.000,0.000,0.000,134.000,0,0,0
B3_zmq_pushpull,zmq_tcp,none,none,,1,10006,512,584,1785153446466527000,1785153446466528000,1785153446466528000,1785153446466529000,1785153446466584000,1785153446466587000,1785153446466587000,1785153446466587000,121932490,121652369,-225.121,1.000,0.000,1.000,3.000,0.000,0.000,12.000,0,0,0
B3_zmq_pushpull,zmq_tcp,none,none,,1,10007,512,584,1785153446467426000,1785153446467426000,1785153446467426000,1785153446467427000,1785153446467582000,1785153446467585000,1785153446467585000,1785153446467585000,121932490,121652369,-125.121,0.000,0.000,1.000,3.000,0.000,0.000,100.000,0,0,0
B3_zmq_pushpull,zmq_tcp,none,none,,1,10008,512,584,1785153446468557000,1785153446468557000,1785153446468557000,1785153446468558000,1785153446468711000,1785153446468715000,1785153446468715000,1785153446468715000,121932490,121652369,-127.121,0.000,0.000,1.000,4.000,0.000,0.000,2.000,0,0,0
B3_zmq_pushpull,zmq_tcp,none,none,,1,10009,512,584,1785153446469417000,1785153446469417000,1785153446469417000,1785153446469418000,1785153446469576000,1785153446469579000,1785153446469579000,1785153446469579000,121932490,121652369,-122.121,0.000,0.000,1.000,3.000,0.000,0.000,5.000,0,0,0
B3_zmq_pushpull,zmq_tcp,none,none,,1,10010,512,584,1785153446470423000,1785153446470423000,1785153446470423000,1785153446470424000,1785153446470581000,1785153446470584000,1785153446470584000,1785153446470584000,121932490,121652369,-123.121,0.000,0.000,1.000,3.000,0.000,0.000,1.000,0,0,0
B3_zmq_pushpull,zmq_tcp,none,none,,1,10011,512,584,1785153446471430000,1785153446471430000,1785153446471431000,1785153446471431000,1785153446471581000,1785153446471584000,1785153446471584000,1785153446471584000,121932490,121652369,-130.121,0.000,1.000,0.000,3.000,0.000,0.000,7.000,0,0,0
B3_zmq_pushpull,zmq_tcp,none,none,,1,10012,512,584,1785153446472551000,1785153446472551000,1785153446472551000,1785153446472552000,1785153446472593000,1785153446472596000,1785153446472596000,1785153446472596000,121932490,121652369,-239.121,0.000,0.000,1.000,3.000,0.000,0.000,109.000,0,0,0
B3_zmq_pushpull,zmq_tcp,none,none,,1,10013,512,584,1785153446473445000,1785153446473445000,1785153446473445000,1785153446473446000,1785153446473600000,1785153446473602000,1785153446473602000,1785153446473602000,121932490,121652369,-126.121,0.000,0.000,1.000,2.000,0.000,0.000,113.000,0,0,0
B3_zmq_pushpull,zmq_tcp,none,none,,1,10014,512,584,1785153446474443000,1785153446474443000,1785153446474443000,1785153446474444000,1785153446474587000,1785153446474589000,1785153446474589000,1785153446474589000,121932490,121652369,-137.121,0.000,0.000,1.000,2.000,0.000,0.000,11.000,0,0,0
B3_zmq_pushpull,zmq_tcp,none,none,,1,10015,512,584,1785153446475548000,1785153446475549000,1785153446475549000,1785153446475550000,1785153446475723000,1785153446475726000,1785153446475726000,1785153446475726000,121932490,121652369,-107.121,1.000,0.000,1.000,3.000,0.000,0.000,30.000,0,0,0
B3_zmq_pushpull,zmq_tcp,none,none,,1,10016,512,584,1785153446476522000,1785153446476523000,1785153446476523000,1785153446476523000,1785153446476718000,1785153446476722000,1785153446476722000,1785153446476722000,121932490,121652369,-85.121,1.000,0.000,0.000,4.000,0.000,0.000,22.000,0,0,0
B3_zmq_pushpull,zmq_tcp,none,none,,1,10017,512,584,1785153446477427000,1785153446477427000,1785153446477427000,1785153446477428000,1785153446477581000,1785153446477584000,1785153446477584000,1785153446477584000,121932490,121652369,-127.121,0.000,0.000,1.000,3.000,0.000,0.000,42.000,0,0,0
B3_zmq_pushpull,zmq_tcp,none,none,,1,10018,512,584,1785153446478555000,1785153446478555000,1785153446478555000,1785153446478556000,1785153446478597000,1785153446478600000,1785153446478600000,1785153446478600000,121932490,121652369,-239.121,0.000,0.000,1.000,3.000,0.000,0.000,112.000,0,0,0
B3_zmq_pushpull,zmq_tcp,none,none,,1,10019,512,584,1785153446479520000,1785153446479520000,1785153446479521000,1785153446479521000,1785153446479600000,1785153446479604000,1785153446479604000,1785153446479604000,121932490,121652369,-201.121,0.000,1.000,0.000,4.000,0.000,0.000,38.000,0,0,0
B3_zmq_pushpull,zmq_tcp,none,none,,1,10020,512,584,1785153446480426000,1785153446480426000,1785153446480426000,1785153446480427000,1785153446480580000,1785153446480582000,1785153446480582000,1785153446480582000,121932490,121652369,-127.121,0.000,0.000,1.000,2.000,0.000,0.000,74.000,0,0,0
B3_zmq_pushpull,zmq_tcp,none,none,,1,10021,512,584,1785153446481421000,1785153446481421000,1785153446481421000,1785153446481422000,1785153446481575000,1785153446481578000,1785153446481578000,1785153446481578000,121932490,121652369,-127.121,0.000,0.000,1.000,3.000,0.000,0.000,0.000,0,0,0
B3_zmq_pushpull,zmq_tcp,none,none,,1,10022,512,584,1785153446482424000,1785153446482424000,1785153446482424000,1785153446482425000,1785153446482569000,1785153446482571000,1785153446482571000,1785153446482571000,121932490,121652369,-136.121,0.000,0.000,1.000,2.000,0.000,0.000,9.000,0,0,0
B3_zmq_pushpull,zmq_tcp,none,none,,1,10023,512,584,1785153446483555000,1785153446483555000,1785153446483555000,1785153446483556000,1785153446483707000,1785153446483709000,1785153446483709000,1785153446483709000,121932490,121652369,-129.121,0.000,0.000,1.000,2.000,0.000,0.000,7.000,0,0,0
B3_zmq_pushpull,zmq_tcp,none,none,,1,10024,512,584,1785153446484519000,1785153446484519000,1785153446484519000,1785153446484520000,1785153446484556000,1785153446484559000,1785153446484559000,1785153446484559000,121932490,121652369,-244.121,0.000,0.000,1.000,3.000,0.000,0.000,115.000,0,0,0
B3_zmq_pushpull,zmq_tcp,none,none,,1,10025,512,584,1785153446485530000,1785153446485530000,1785153446485530000,1785153446485531000,1785153446485691000,1785153446485693000,1785153446485693000,1785153446485693000,121932490,121652369,-120.121,0.000,0.000,1.000,2.000,0.000,0.000,124.000,0,0,0
B3_zmq_pushpull,zmq_tcp,none,none,,1,10026,512,584,1785153446486527000,1785153446486527000,1785153446486527000,1785153446486528000,1785153446486688000,1785153446486690000,1785153446486691000,1785153446486691000,121932490,121652369,-120.121,0.000,0.000,1.000,2.000,1.000,0.000,0.000,0,0,0
B3_zmq_pushpull,zmq_tcp,none,none,,1,10027,512,584,1785153446487527000,1785153446487527000,1785153446487527000,1785153446487528000,1785153446487674000,1785153446487677000,1785153446487677000,1785153446487677000,121932490,121652369,-134.121,0.000,0.000,1.000,3.000,0.000,0.000,14.000,0,0,0
B3_zmq_pushpull,zmq_tcp,none,none,,1,10028,512,584,1785153446488525000,1785153446488525000,1785153446488525000,1785153446488526000,1785153446488669000,1785153446488672000,1785153446488672000,1785153446488672000,121932490,121652369,-137.121,0.000,0.000,1.000,3.000,0.000,0.000,3.000,0,0,0
B3_zmq_pushpull,zmq_tcp,none,none,,1,10029,512,584,1785153446489376000,1785153446489376000,1785153446489376000,1785153446489377000,1785153446489531000,1785153446489533000,1785153446489533000,1785153446489533000,121932490,121652369,-126.121,0.000,0.000,1.000,2.000,0.000,0.000,11.000,0,0,0
B3_zmq_pushpull,zmq_tcp,none,none,,1,10030,512,584,1785153446490567000,1785153446490567000,1785153446490567000,1785153446490568000,1785153446490655000,1785153446490657000,1785153446490657000,1785153446490657000,121932490,121652369,-193.121,0.000,0.000,1.000,2.000,0.000,0.000,67.000,0,0,0
B3_zmq_pushpull,zmq_tcp,none,none,,1,10031,512,584,1785153446491514000,1785153446491514000,1785153446491514000,1785153446491515000,1785153446491649000,1785153446491652000,1785153446491652000,1785153446491652000,121932490,121652369,-146.121,0.000,0.000,1.000,3.000,0.000,0.000,47.000,0,0,0
B3_zmq_pushpull,zmq_tcp,none,none,,1,10032,512,584,1785153446492531000,1785153446492531000,1785153446492531000,1785153446492532000,1785153446492663000,1785153446492666000,1785153446492666000,1785153446492666000,121932490,121652369,-149.121,0.000,0.000,1.000,3.000,0.000,0.000,3.000,0,0,0
B3_zmq_pushpull,zmq_tcp,none,none,,1,10033,512,584,1785153446493526000,1785153446493526000,1785153446493526000,1785153446493527000,1785153446493670000,1785153446493673000,1785153446493673000,1785153446493673000,121932490,121652369,-137.121,0.000,0.000,1.000,3.000,0.000,0.000,12.000,0,0,0
B3_zmq_pushpull,zmq_tcp,none,none,,1,10034,512,584,1785153446494527000,1785153446494527000,1785153446494527000,1785153446494528000,1785153446494676000,1785153446494679000,1785153446494679000,1785153446494679000,121932490,121652369,-132.121,0.000,0.000,1.000,3.000,0.000,0.000,5.000,0,0,0
B3_zmq_pushpull,zmq_tcp,none,none,,1,10035,512,584,1785153446495524000,1785153446495525000,1785153446495525000,1785153446495526000,1785153446495673000,1785153446495676000,1785153446495676000,1785153446495676000,121932490,121652369,-133.121,1.000,0.000,1.000,3.000,0.000,0.000,1.000,0,0,0
B3_zmq_pushpull,zmq_tcp,none,none,,1,10036,512,584,1785153446496355000,1785153446496355000,1785153446496355000,1785153446496356000,1785153446496510000,1785153446496513000,1785153446496513000,1785153446496513000,121932490,121652369,-126.121,0.000,0.000,1.000,3.000,0.000,0.000,7.000,0,0,0
B3_zmq_pushpull,zmq_tcp,none,none,,1,10037,512,584,1785153446497372000,1785153446497373000,1785153446497373000,1785153446497374000,1785153446497520000,1785153446497522000,1785153446497523000,1785153446497523000,121932490,121652369,-134.121,1.000,0.000,1.000,2.000,1.000,0.000,8.000,0,0,0
B3_zmq_pushpull,zmq_tcp,none,none,,1,10038,512,584,1785153446498568000,1785153446498568000,1785153446498568000,1785153446498569000,1785153446498664000,1785153446498667000,1785153446498667000,1785153446498667000,121932490,121652369,-185.121,0.000,0.000,1.000,3.000,0.000,0.000,51.000,0,0,0
B3_zmq_pushpull,zmq_tcp,none,none,,1,10039,512,584,1785153446499514000,1785153446499514000,1785153446499514000,1785153446499515000,1785153446499649000,1785153446499652000,1785153446499652000,1785153446499652000,121932490,121652369,-146.121,0.000,0.000,1.000,3.000,0.000,0.000,39.000,0,0,0
B3_zmq_pushpull,zmq_tcp,none,none,,1,10040,512,584,1785153446500360000,1785153446500360000,1785153446500360000,1785153446500361000,1785153446500519000,1785153446500522000,1785153446500522000,1785153446500522000,121932490,121652369,-122.121,0.000,0.000,1.000,3.000,0.000,0.000,24.000,0,0,0
B3_zmq_pushpull,zmq_tcp,none,none,,1,10041,512,584,1785153446501363000,1785153446501363000,1785153446501363000,1785153446501364000,1785153446501519000,1785153446501521000,1785153446501521000,1785153446501521000,121932490,121652369,-125.121,0.000,0.000,1.000,2.000,0.000,0.000,3.000,0,0,0
B3_zmq_pushpull,zmq_tcp,none,none,,1,10042,512,584,1785153446502568000,1785153446502569000,1785153446502569000,1785153446502570000,1785153446502645000,1785153446502648000,1785153446502648000,1785153446502648000,121932490,121652369,-205.121,1.000,0.000,1.000,3.000,0.000,0.000,80.000,0,0,0
B3_zmq_pushpull,zmq_tcp,none,none,,1,10043,512,584,1785153446503519000,1785153446503519000,1785153446503520000,1785153446503520000,1785153446503635000,1785153446503637000,1785153446503637000,1785153446503637000,121932490,121652369,-165.121,0.000,1.000,0.000,2.000,0.000,0.000,40.000,0,0,0
B3_zmq_pushpull,zmq_tcp,none,none,,1,10044,512,584,1785153446504529000,1785153446504530000,1785153446504530000,1785153446504531000,1785153446504645000,1785153446504648000,1785153446504648000,1785153446504648000,121932490,121652369,-166.121,1.000,0.000,1.000,3.000,0.000,0.000,1.000,0,0,0
B3_zmq_pushpull,zmq_tcp,none,none,,1,10045,512,584,1785153446505528000,1785153446505528000,1785153446505528000,1785153446505529000,1785153446505648000,1785153446505651000,1785153446505651000,1785153446505651000,121932490,121652369,-161.121,0.000,0.000,1.000,3.000,0.000,0.000,5.000,0,0,0
B3_zmq_pushpull,zmq_tcp,none,none,,1,10046,512,584,1785153446506527000,1785153446506527000,1785153446506527000,1785153446506528000,1785153446506640000,1785153446506643000,1785153446506643000,1785153446506643000,121932490,121652369,-168.121,0.000,0.000,1.000,3.000,0.000,0.000,7.000,0,0,0
B3_zmq_pushpull,zmq_tcp,none,none,,1,10047,512,584,1785153446507526000,1785153446507526000,1785153446507526000,1785153446507527000,1785153446507644000,1785153446507647000,1785153446507647000,1785153446507647000,121932490,121652369,-163.121,0.000,0.000,1.000,3.000,0.000,0.000,5.000,0,0,0
B3_zmq_pushpull,zmq_tcp,none,none,,1,10048,512,584,1785153446508527000,1785153446508527000,1785153446508527000,1785153446508528000,1785153446508639000,1785153446508641000,1785153446508641000,1785153446508641000,121932490,121652369,-169.121,0.000,0.000,1.000,2.000,0.000,0.000,6.000,0,0,0
B3_zmq_pushpull,zmq_tcp,none,none,,1,10049,512,584,1785153446509527000,1785153446509527000,1785153446509527000,1785153446509528000,1785153446509636000,1785153446509639000,1785153446509639000,1785153446509639000,121932490,121652369,-172.121,0.000,0.000,1.000,3.000,0.000,0.000,3.000,0,0,0
B3_zmq_pushpull,zmq_tcp,none,none,,1,10050,512,584,1785153446510527000,1785153446510527000,1785153446510527000,1785153446510528000,1785153446510627000,1785153446510629000,1785153446510629000,1785153446510629000,121932490,121652369,-181.121,0.000,0.000,1.000,2.000,0.000,0.000,9.000,0,0,0
B3_zmq_pushpull,zmq_tcp,none,none,,1,10051,512,584,1785153446511524000,1785153446511525000,1785153446511525000,1785153446511526000,1785153446511617000,1785153446511620000,1785153446511620000,1785153446511620000,121932490,121652369,-189.121,1.000,0.000,1.000,3.000,0.000,0.000,8.000,0,0,0
B3_zmq_pushpull,zmq_tcp,none,none,,1,10052,512,584,1785153446512529000,1785153446512529000,1785153446512529000,1785153446512530000,1785153446512634000,1785153446512637000,1785153446512637000,1785153446512637000,121932490,121652369,-176.121,0.000,0.000,1.000,3.000,0.000,0.000,13.000,0,0,0
B3_zmq_pushpull,zmq_tcp,none,none,,1,10053,512,584,1785153446513529000,1785153446513529000,1785153446513529000,1785153446513530000,1785153446513635000,1785153446513638000,1785153446513638000,1785153446513638000,121932490,121652369,-175.121,0.000,0.000,1.000,3.000,0.000,0.000,1.000,0,0,0
B3_zmq_pushpull,zmq_tcp,none,none,,1,10054,512,584,1785153446514526000,1785153446514526000,1785153446514526000,1785153446514527000,1785153446514652000,1785153446514655000,1785153446514655000,1785153446514655000,121932490,121652369,-155.121,0.000,0.000,1.000,3.000,0.000,0.000,20.000,0,0,0
B3_zmq_pushpull,zmq_tcp,none,none,,1,10055,512,584,1785153446515527000,1785153446515527000,1785153446515527000,1785153446515528000,1785153446515651000,1785153446515653000,1785153446515653000,1785153446515653000,121932490,121652369,-157.121,0.000,0.000,1.000,2.000,0.000,0.000,2.000,0,0,0
B3_zmq_pushpull,zmq_tcp,none,none,,1,10056,512,584,1785153446516527000,1785153446516527000,1785153446516527000,1785153446516528000,1785153446516645000,1785153446516648000,1785153446516648000,1785153446516648000,121932490,121652369,-163.121,0.000,0.000,1.000,3.000,0.000,0.000,6.000,0,0,0
B3_zmq_pushpull,zmq_tcp,none,none,,1,10057,512,584,1785153446517530000,1785153446517530000,1785153446517530000,1785153446517531000,1785153446517652000,1785153446517655000,1785153446517655000,1785153446517655000,121932490,121652369,-159.121,0.000,0.000,1.000,3.000,0.000,0.000,4.000,0,0,0
B3_zmq_pushpull,zmq_tcp,none,none,,1,10058,512,584,1785153446518523000,1785153446518523000,1785153446518523000,1785153446518524000,1785153446518661000,1785153446518668000,1785153446518668000,1785153446518668000,121932490,121652369,-143.121,0.000,0.000,1.000,7.000,0.000,0.000,16.000,0,0,0
B3_zmq_pushpull,zmq_tcp,none,none,,1,10059,512,584,1785153446519528000,1785153446519528000,1785153446519528000,1785153446519529000,1785153446519657000,1785153446519660000,1785153446519660000,1785153446519660000,121932490,121652369,-152.121,0.000,0.000,1.000,3.000,0.000,0.000,9.000,0,0,0
B3_zmq_pushpull,zmq_tcp,none,none,,1,10060,512,584,1785153446520527000,1785153446520527000,1785153446520527000,1785153446520528000,1785153446520652000,1785153446520655000,1785153446520655000,1785153446520655000,121932490,121652369,-156.121,0.000,0.000,1.000,3.000,0.000,0.000,4.000,0,0,0
B3_zmq_pushpull,zmq_tcp,none,none,,1,10061,512,584,1785153446521527000,1785153446521527000,1785153446521527000,1785153446521528000,1785153446521638000,1785153446521640000,1785153446521640000,1785153446521640000,121932490,121652369,-170.121,0.000,0.000,1.000,2.000,0.000,0.000,14.000,0,0,0
B3_zmq_pushpull,zmq_tcp,none,none,,1,10062,512,584,1785153446522524000,1785153446522524000,1785153446522524000,1785153446522525000,1785153446522643000,1785153446522646000,1785153446522646000,1785153446522646000,121932490,121652369,-162.121,0.000,0.000,1.000,3.000,0.000,0.000,8.000,0,0,0
B3_zmq_pushpull,zmq_tcp,none,none,,1,10063,512,584,1785153446523529000,1785153446523529000,1785153446523529000,1785153446523530000,1785153446523639000,1785153446523641000,1785153446523641000,1785153446523641000,121932490,121652369,-171.121,0.000,0.000,1.000,2.000,0.000,0.000,9.000,0,0,0
B3_zmq_pushpull,zmq_tcp,none,none,,1,10064,512,584,1785153446524529000,1785153446524529000,1785153446524530000,1785153446524530000,1785153446524649000,1785153446524652000,1785153446524652000,1785153446524652000,121932490,121652369,-161.121,0.000,1.000,0.000,3.000,0.000,0.000,10.000,0,0,0
B3_zmq_pushpull,zmq_tcp,none,none,,1,10065,512,584,1785153446525523000,1785153446525523000,1785153446525523000,1785153446525524000,1785153446525668000,1785153446525671000,1785153446525671000,1785153446525671000,121932490,121652369,-136.121,0.000,0.000,1.000,3.000,0.000,0.000,25.000,0,0,0
B3_zmq_pushpull,zmq_tcp,none,none,,1,10066,512,584,1785153446526383000,1785153446526383000,1785153446526383000,1785153446526384000,1785153446526541000,1785153446526549000,1785153446526549000,1785153446526549000,121932490,121652369,-123.121,0.000,0.000,1.000,8.000,0.000,0.000,13.000,0,0,0
B3_zmq_pushpull,zmq_tcp,none,none,,1,10067,512,584,1785153446527566000,1785153446527566000,1785153446527566000,1785153446527567000,1785153446527703000,1785153446527705000,1785153446527705000,1785153446527705000,121932490,121652369,-144.121,0.000,0.000,1.000,2.000,0.000,0.000,21.000,0,0,0
B3_zmq_pushpull,zmq_tcp,none,none,,1,10068,512,584,1785153446528517000,1785153446528517000,1785153446528517000,1785153446528518000,1785153446528558000,1785153446528562000,1785153446528562000,1785153446528562000,121932490,121652369,-240.121,0.000,0.000,1.000,4.000,0.000,0.000,96.000,0,0,0
B3_zmq_pushpull,zmq_tcp,none,none,,1,10069,512,584,1785153446529412000,1785153446529412000,1785153446529412000,1785153446529413000,1785153446529556000,1785153446529559000,1785153446529559000,1785153446529559000,121932490,121652369,-137.121,0.000,0.000,1.000,3.000,0.000,0.000,103.000,0,0,0
B3_zmq_pushpull,zmq_tcp,none,none,,1,10070,512,584,1785153446530556000,1785153446530556000,1785153446530557000,1785153446530557000,1785153446530684000,1785153446530687000,1785153446530687000,1785153446530687000,121932490,121652369,-153.121,0.000,1.000,0.000,3.000,0.000,0.000,16.000,0,0,0
B3_zmq_pushpull,zmq_tcp,none,none,,1,10071,512,584,1785153446531520000,1785153446531520000,1785153446531520000,1785153446531521000,1785153446531679000,1785153446531681000,1785153446531681000,1785153446531681000,121932490,121652369,-122.121,0.000,0.000,1.000,2.000,0.000,0.000,31.000,0,0,0
B3_zmq_pushpull,zmq_tcp,none,none,,1,10072,512,584,1785153446532393000,1785153446532393000,1785153446532393000,1785153446532395000,1785153446532545000,1785153446532548000,1785153446532548000,1785153446532548000,121932490,121652369,-130.121,0.000,0.000,2.000,3.000,0.000,0.000,8.000,0,0,0
B3_zmq_pushpull,zmq_tcp,none,none,,1,10073,512,584,1785153446533405000,1785153446533405000,1785153446533405000,1785153446533406000,1785153446533563000,1785153446533565000,1785153446533565000,1785153446533565000,121932490,121652369,-123.121,0.000,0.000,1.000,2.000,0.000,0.000,7.000,0,0,0
B3_zmq_pushpull,zmq_tcp,none,none,,1,10074,512,584,1785153446534562000,1785153446534562000,1785153446534562000,1785153446534563000,1785153446534715000,1785153446534718000,1785153446534718000,1785153446534718000,121932490,121652369,-128.121,0.000,0.000,1.000,3.000,0.000,0.000,5.000,0,0,0
B3_zmq_pushpull,zmq_tcp,none,none,,1,10075,512,584,1785153446535428000,1785153446535429000,1785153446535429000,1785153446535430000,1785153446535583000,1785153446535586000,1785153446535586000,1785153446535586000,121932490,121652369,-127.121,1.000,0.000,1.000,3.000,0.000,0.000,1.000,0,0,0
B3_zmq_pushpull,zmq_tcp,none,none,,1,10076,512,584,1785153446536553000,1785153446536553000,1785153446536553000,1785153446536554000,1785153446536599000,1785153446536602000,1785153446536602000,1785153446536602000,121932490,121652369,-235.121,0.000,0.000,1.000,3.000,0.000,0.000,108.000,0,0,0
B3_zmq_pushpull,zmq_tcp,none,none,,1,10077,512,584,1785153446537433000,1785153446537433000,1785153446537433000,1785153446537434000,1785153446537589000,1785153446537592000,1785153446537592000,1785153446537592000,121932490,121652369,-125.121,0.000,0.000,1.000,3.000,0.000,0.000,110.000,0,0,0
B3_zmq_pushpull,zmq_tcp,none,none,,1,10078,512,584,1785153446538432000,1785153446538432000,1785153446538432000,1785153446538433000,1785153446538585000,1785153446538588000,1785153446538588000,1785153446538588000,121932490,121652369,-128.121,0.000,0.000,1.000,3.000,0.000,0.000,3.000,0,0,0
B3_zmq_pushpull,zmq_tcp,none,none,,1,10079,512,584,1785153446539437000,1785153446539437000,1785153446539437000,1785153446539438000,1785153446539594000,1785153446539596000,1785153446539596000,1785153446539596000,121932490,121652369,-124.121,0.000,0.000,1.000,2.000,0.000,0.000,4.000,0,0,0
B3_zmq_pushpull,zmq_tcp,none,none,,1,10080,512,584,1785153446540550000,1785153446540550000,1785153446540550000,1785153446540551000,1785153446540599000,1785153446540602000,1785153446540602000,1785153446540602000,121932490,121652369,-232.121,0.000,0.000,1.000,3.000,0.000,0.000,108.000,0,0,0
B3_zmq_pushpull,zmq_tcp,none,none,,1,10081,512,584,1785153446541524000,1785153446541524000,1785153446541525000,1785153446541526000,1785153446541583000,1785153446541586000,1785153446541586000,1785153446541586000,121932490,121652369,-223.121,0.000,1.000,1.000,3.000,0.000,0.000,9.000,0,0,0
B3_zmq_pushpull,zmq_tcp,none,none,,1,10082,512,584,1785153446542528000,1785153446542528000,1785153446542528000,1785153446542529000,1785153446542589000,1785153446542592000,1785153446542592000,1785153446542592000,121932490,121652369,-220.121,0.000,0.000,1.000,3.000,0.000,0.000,3.000,0,0,0
B3_zmq_pushpull,zmq_tcp,none,none,,1,10083,512,584,1785153446543527000,1785153446543528000,1785153446543528000,1785153446543529000,1785153446543593000,1785153446543596000,1785153446543596000,1785153446543596000,121932490,121652369,-216.121,1.000,0.000,1.000,3.000,0.000,0.000,4.000,0,0,0
B3_zmq_pushpull,zmq_tcp,none,none,,1,10084,512,584,1785153446544527000,1785153446544527000,1785153446544528000,1785153446544528000,1785153446544581000,1785153446544585000,1785153446544585000,1785153446544585000,121932490,121652369,-227.121,0.000,1.000,0.000,4.000,0.000,0.000,11.000,0,0,0
B3_zmq_pushpull,zmq_tcp,none,none,,1,10085,512,584,1785153446545526000,1785153446545526000,1785153446545526000,1785153446545527000,1785153446545606000,1785153446545609000,1785153446545609000,1785153446545609000,121932490,121652369,-201.121,0.000,0.000,1.000,3.000,0.000,0.000,26.000,0,0,0
B3_zmq_pushpull,zmq_tcp,none,none,,1,10086,512,584,1785153446546527000,1785153446546527000,1785153446546527000,1785153446546528000,1785153446546619000,1785153446546628000,1785153446546628000,1785153446546628000,121932490,121652369,-189.121,0.000,0.000,1.000,9.000,0.000,0.000,12.000,0,0,0
B3_zmq_pushpull,zmq_tcp,none,none,,1,10087,512,584,1785153446547530000,1785153446547530000,1785153446547530000,1785153446547531000,1785153446547636000,1785153446547639000,1785153446547639000,1785153446547639000,121932490,121652369,-175.121,0.000,0.000,1.000,3.000,0.000,0.000,14.000,0,0,0
B3_zmq_pushpull,zmq_tcp,none,none,,1,10088,512,584,1785153446548528000,1785153446548528000,1785153446548529000,1785153446548529000,1785153446548631000,1785153446548634000,1785153446548634000,1785153446548634000,121932490,121652369,-178.121,0.000,1.000,0.000,3.000,0.000,0.000,3.000,0,0,0
B3_zmq_pushpull,zmq_tcp,none,none,,1,10089,512,584,1785153446549527000,1785153446549528000,1785153446549528000,1785153446549528000,1785153446549609000,1785153446549612000,1785153446549612000,1785153446549612000,121932490,121652369,-199.121,1.000,0.000,0.000,3.000,0.000,0.000,21.000,0,0,0
B3_zmq_pushpull,zmq_tcp,none,none,,1,10090,512,584,1785153446550527000,1785153446550527000,1785153446550527000,1785153446550529000,1785153446550595000,1785153446550598000,1785153446550598000,1785153446550598000,121932490,121652369,-214.121,0.000,0.000,2.000,3.000,0.000,0.000,15.000,0,0,0
B3_zmq_pushpull,zmq_tcp,none,none,,1,10091,512,584,1785153446551527000,1785153446551527000,1785153446551527000,1785153446551528000,1785153446551606000,1785153446551608000,1785153446551608000,1785153446551608000,121932490,121652369,-202.121,0.000,0.000,1.000,2.000,0.000,0.000,12.000,0,0,0
B3_zmq_pushpull,zmq_tcp,none,none,,1,10092,512,584,1785153446552526000,1785153446552526000,1785153446552526000,1785153446552527000,1785153446552608000,1785153446552611000,1785153446552611000,1785153446552611000,121932490,121652369,-199.121,0.000,0.000,1.000,3.000,0.000,0.000,3.000,0,0,0
B3_zmq_pushpull,zmq_tcp,none,none,,1,10093,512,584,1785153446553527000,1785153446553527000,1785153446553527000,1785153446553528000,1785153446553623000,1785153446553626000,1785153446553626000,1785153446553626000,121932490,121652369,-185.121,0.000,0.000,1.000,3.000,0.000,0.000,14.000,0,0,0
B3_zmq_pushpull,zmq_tcp,none,none,,1,10094,512,584,1785153446554529000,1785153446554529000,1785153446554529000,1785153446554530000,1785153446554626000,1785153446554629000,1785153446554629000,1785153446554629000,121932490,121652369,-184.121,0.000,0.000,1.000,3.000,0.000,0.000,1.000,0,0,0
B3_zmq_pushpull,zmq_tcp,none,none,,1,10095,512,584,1785153446555527000,1785153446555527000,1785153446555527000,1785153446555528000,1785153446555643000,1785153446555646000,1785153446555646000,1785153446555646000,121932490,121652369,-165.121,0.000,0.000,1.000,3.000,0.000,0.000,19.000,0,0,0
B3_zmq_pushpull,zmq_tcp,none,none,,1,10096,512,584,1785153446556528000,1785153446556528000,1785153446556528000,1785153446556529000,1785153446556650000,1785153446556652000,1785153446556652000,1785153446556652000,121932490,121652369,-159.121,0.000,0.000,1.000,2.000,0.000,0.000,6.000,0,0,0
B3_zmq_pushpull,zmq_tcp,none,none,,1,10097,512,584,1785153446557527000,1785153446557528000,1785153446557528000,1785153446557529000,1785153446557636000,1785153446557640000,1785153446557640000,1785153446557640000,121932490,121652369,-173.121,1.000,0.000,1.000,4.000,0.000,0.000,14.000,0,0,0
B3_zmq_pushpull,zmq_tcp,none,none,,1,10098,512,584,1785153446558527000,1785153446558527000,1785153446558528000,1785153446558528000,1785153446558616000,1785153446558619000,1785153446558619000,1785153446558619000,121932490,121652369,-192.121,0.000,1.000,0.000,3.000,0.000,0.000,19.000,0,0,0
B3_zmq_pushpull,zmq_tcp,none,none,,1,10099,512,584,1785153446559525000,1785153446559525000,1785153446559525000,1785153446559526000,1785153446559636000,1785153446559639000,1785153446559639000,1785153446559639000,121932490,121652369,-170.121,0.000,0.000,1.000,3.000,0.000,0.000,22.000,0,0,0
B3_zmq_pushpull,zmq_tcp,none,none,,1,10100,512,584,1785153446560527000,1785153446560527000,1785153446560527000,1785153446560528000,1785153446560657000,1785153446560661000,1785153446560661000,1785153446560661000,121932490,121652369,-151.121,0.000,0.000,1.000,4.000,0.000,0.000,19.000,0,0,0
B3_zmq_pushpull,zmq_tcp,none,none,,1,10101,512,584,1785153446561355000,1785153446561355000,1785153446561355000,1785153446561356000,1785153446561503000,1785153446561506000,1785153446561506000,1785153446561506000,121932490,121652369,-133.121,0.000,0.000,1.000,3.000,0.000,0.000,18.000,0,0,0
B3_zmq_pushpull,zmq_tcp,none,none,,1,10102,512,584,1785153446562573000,1785153446562573000,1785153446562573000,1785153446562574000,1785153446562763000,1785153446562766000,1785153446562766000,1785153446562766000,121932490,121652369,-91.121,0.000,0.000,1.000,3.000,0.000,0.000,42.000,0,0,0
B3_zmq_pushpull,zmq_tcp,none,none,,1,10103,512,584,1785153446563515000,1785153446563516000,1785153446563516000,1785153446563517000,1785153446563623000,1785153446563626000,1785153446563626000,1785153446563626000,121932490,121652369,-174.121,1.000,0.000,1.000,3.000,0.000,0.000,83.000,0,0,0
B3_zmq_pushpull,zmq_tcp,none,none,,1,10104,512,584,1785153446564530000,1785153446564530000,1785153446564530000,1785153446564531000,1785153446564628000,1785153446564631000,1785153446564631000,1785153446564631000,121932490,121652369,-183.121,0.000,0.000,1.000,3.000,0.000,0.000,9.000,0,0,0
B3_zmq_pushpull,zmq_tcp,none,none,,1,10105,512,584,1785153446565527000,1785153446565528000,1785153446565528000,1785153446565529000,1785153446565623000,1785153446565626000,1785153446565626000,1785153446565626000,121932490,121652369,-186.121,1.000,0.000,1.000,3.000,0.000,0.000,3.000,0,0,0
B3_zmq_pushpull,zmq_tcp,none,none,,1,10106,512,584,1785153446566459000,1785153446566459000,1785153446566459000,1785153446566460000,1785153446566619000,1785153446566622000,1785153446566622000,1785153446566622000,121932490,121652369,-121.121,0.000,0.000,1.000,3.000,0.000,0.000,65.000,0,0,0
B3_zmq_pushpull,zmq_tcp,none,none,,1,10107,512,584,1785153446567542000,1785153446567542000,1785153446567543000,1785153446567543000,1785153446567600000,1785153446567603000,1785153446567603000,1785153446567603000,121932490,121652369,-223.121,0.000,1.000,0.000,3.000,0.000,0.000,102.000,0,0,0
B3_zmq_pushpull,zmq_tcp,none,none,,1,10108,512,584,1785153446568525000,1785153446568525000,1785153446568525000,1785153446568526000,1785153446568595000,1785153446568598000,1785153446568598000,1785153446568598000,121932490,121652369,-211.121,0.000,0.000,1.000,3.000,0.000,0.000,12.000,0,0,0
B3_zmq_pushpull,zmq_tcp,none,none,,1,10109,512,584,1785153446569531000,1785153446569531000,1785153446569531000,1785153446569532000,1785153446569592000,1785153446569595000,1785153446569595000,1785153446569595000,121932490,121652369,-220.121,0.000,0.000,1.000,3.000,0.000,0.000,9.000,0,0,0
B3_zmq_pushpull,zmq_tcp,none,none,,1,10110,512,584,1785153446570526000,1785153446570526000,1785153446570526000,1785153446570527000,1785153446570586000,1785153446570588000,1785153446570588000,1785153446570588000,121932490,121652369,-221.121,0.000,0.000,1.000,2.000,0.000,0.000,1.000,0,0,0
B3_zmq_pushpull,zmq_tcp,none,none,,1,10111,512,584,1785153446571528000,1785153446571528000,1785153446571528000,1785153446571529000,1785153446571573000,1785153446571575000,1785153446571575000,1785153446571575000,121932490,121652369,-236.121,0.000,0.000,1.000,2.000,0.000,0.000,15.000,0,0,0
B3_zmq_pushpull,zmq_tcp,none,none,,1,10112,512,584,1785153446572528000,1785153446572528000,1785153446572528000,1785153446572529000,1785153446572696000,1785153446572699000,1785153446572699000,1785153446572699000,121932490,121652369,-113.121,0.000,0.000,1.000,3.000,0.000,0.000,123.000,0,0,0
B3_zmq_pushpull,zmq_tcp,none,none,,1,10113,512,584,1785153446573528000,1785153446573528000,1785153446573528000,1785153446573529000,1785153446573711000,1785153446573714000,1785153446573714000,1785153446573714000,121932490,121652369,-98.121,0.000,0.000,1.000,3.000,0.000,0.000,15.000,0,0,0
B3_zmq_pushpull,zmq_tcp,none,none,,1,10114,512,584,1785153446574527000,1785153446574527000,1785153446574527000,1785153446574528000,1785153446574587000,1785153446574590000,1785153446574590000,1785153446574590000,121932490,121652369,-221.121,0.000,0.000,1.000,3.000,0.000,0.000,123.000,0,0,0
B3_zmq_pushpull,zmq_tcp,none,none,,1,10115,512,584,1785153446575527000,1785153446575528000,1785153446575528000,1785153446575529000,1785153446575607000,1785153446575610000,1785153446575610000,1785153446575610000,121932490,121652369,-202.121,1.000,0.000,1.000,3.000,0.000,0.000,19.000,0,0,0
B3_zmq_pushpull,zmq_tcp,none,none,,1,10116,512,584,1785153446576530000,1785153446576530000,1785153446576530000,1785153446576531000,1785153446576624000,1785153446576627000,1785153446576627000,1785153446576627000,121932490,121652369,-187.121,0.000,0.000,1.000,3.000,0.000,0.000,15.000,0,0,0
B3_zmq_pushpull,zmq_tcp,none,none,,1,10117,512,584,1785153446577526000,1785153446577526000,1785153446577526000,1785153446577527000,1785153446577631000,1785153446577634000,1785153446577634000,1785153446577634000,121932490,121652369,-176.121,0.000,0.000,1.000,3.000,0.000,0.000,11.000,0,0,0
B3_zmq_pushpull,zmq_tcp,none,none,,1,10118,512,584,1785153446578528000,1785153446578528000,1785153446578528000,1785153446578529000,1785153446578627000,1785153446578630000,1785153446578630000,1785153446578630000,121932490,121652369,-182.121,0.000,0.000,1.000,3.000,0.000,0.000,6.000,0,0,0
B3_zmq_pushpull,zmq_tcp,none,none,,1,10119,512,584,1785153446579528000,1785153446579528000,1785153446579528000,1785153446579529000,1785153446579613000,1785153446579616000,1785153446579616000,1785153446579616000,121932490,121652369,-196.121,0.000,0.000,1.000,3.000,0.000,0.000,14.000,0,0,0
B3_zmq_pushpull,zmq_tcp,none,none,,1,10120,512,584,1785153446580532000,1785153446580532000,1785153446580532000,1785153446580533000,1785153446580637000,1785153446580639000,1785153446580639000,1785153446580639000,121932490,121652369,-176.121,0.000,0.000,1.000,2.000,0.000,0.000,20.000,0,0,0
B3_zmq_pushpull,zmq_tcp,none,none,,1,10121,512,584,1785153446581522000,1785153446581522000,1785153446581522000,1785153446581523000,1785153446581658000,1785153446581660000,1785153446581660000,1785153446581660000,121932490,121652369,-145.121,0.000,0.000,1.000,2.000,0.000,0.000,31.000,0,0,0
B3_zmq_pushpull,zmq_tcp,none,none,,1,10122,512,584,1785153446582530000,1785153446582530000,1785153446582530000,1785153446582531000,1785153446582672000,1785153446582675000,1785153446582675000,1785153446582675000,121932490,121652369,-139.121,0.000,0.000,1.000,3.000,0.000,0.000,6.000,0,0,0
B3_zmq_pushpull,zmq_tcp,none,none,,1,10123,512,584,1785153446583528000,1785153446583528000,1785153446583528000,1785153446583529000,1785153446583679000,1785153446583682000,1785153446583682000,1785153446583682000,121932490,121652369,-130.121,0.000,0.000,1.000,3.000,0.000,0.000,9.000,0,0,0
B3_zmq_pushpull,zmq_tcp,none,none,,1,10124,512,584,1785153446584528000,1785153446584528000,1785153446584528000,1785153446584529000,1785153446584672000,1785153446584675000,1785153446584675000,1785153446584675000,121932490,121652369,-137.121,0.000,0.000,1.000,3.000,0.000,0.000,7.000,0,0,0
B3_zmq_pushpull,zmq_tcp,none,none,,1,10125,512,584,1785153446585524000,1785153446585524000,1785153446585524000,1785153446585525000,1785153446585667000,1785153446585670000,1785153446585670000,1785153446585670000,121932490,121652369,-138.121,0.000,0.000,1.000,3.000,0.000,0.000,1.000,0,0,0
B3_zmq_pushpull,zmq_tcp,none,none,,1,10126,512,584,1785153446586529000,1785153446586529000,1785153446586529000,1785153446586530000,1785153446586665000,1785153446586668000,1785153446586668000,1785153446586668000,121932490,121652369,-145.121,0.000,0.000,1.000,3.000,0.000,0.000,7.000,0,0,0
B3_zmq_pushpull,zmq_tcp,none,none,,1,10127,512,584,1785153446587527000,1785153446587527000,1785153446587527000,1785153446587528000,1785153446587688000,1785153446587691000,1785153446587691000,1785153446587691000,121932490,121652369,-120.121,0.000,0.000,1.000,3.000,0.000,0.000,25.000,0,0,0
B3_zmq_pushpull,zmq_tcp,none,none,,1,10128,512,584,1785153446588528000,1785153446588528000,1785153446588528000,1785153446588529000,1785153446588698000,1785153446588700000,1785153446588701000,1785153446588701000,121932490,121652369,-111.121,0.000,0.000,1.000,2.000,1.000,0.000,9.000,0,0,0
B3_zmq_pushpull,zmq_tcp,none,none,,1,10129,512,584,1785153446589403000,1785153446589403000,1785153446589403000,1785153446589404000,1785153446589562000,1785153446589565000,1785153446589565000,1785153446589565000,121932490,121652369,-122.121,0.000,0.000,1.000,3.000,0.000,0.000,11.000,0,0,0
B3_zmq_pushpull,zmq_tcp,none,none,,1,10130,512,584,1785153446590562000,1785153446590562000,1785153446590562000,1785153446590563000,1785153446590698000,1785153446590701000,1785153446590701000,1785153446590701000,121932490,121652369,-145.121,0.000,0.000,1.000,3.000,0.000,0.000,23.000,0,0,0
B3_zmq_pushpull,zmq_tcp,none,none,,1,10131,512,584,1785153446591520000,1785153446591520000,1785153446591520000,1785153446591521000,1785153446591567000,1785153446591570000,1785153446591570000,1785153446591570000,121932490,121652369,-234.121,0.000,0.000,1.000,3.000,0.000,0.000,89.000,0,0,0
B3_zmq_pushpull,zmq_tcp,none,none,,1,10132,512,584,1785153446592530000,1785153446592530000,1785153446592531000,1785153446592531000,1785153446592708000,1785153446592712000,1785153446592712000,1785153446592712000,121932490,121652369,-103.121,0.000,1.000,0.000,4.000,0.000,0.000,131.000,0,0,0
B3_zmq_pushpull,zmq_tcp,none,none,,1,10133,512,584,1785153446593524000,1785153446593524000,1785153446593524000,1785153446593525000,1785153446593691000,1785153446593695000,1785153446593695000,1785153446593695000,121932490,121652369,-114.121,0.000,0.000,1.000,4.000,0.000,0.000,11.000,0,0,0
B3_zmq_pushpull,zmq_tcp,none,none,,1,10134,512,584,1785153446594530000,1785153446594530000,1785153446594530000,1785153446594531000,1785153446594571000,1785153446594574000,1785153446594574000,1785153446594574000,121932490,121652369,-240.121,0.000,0.000,1.000,3.000,0.000,0.000,126.000,0,0,0
B3_zmq_pushpull,zmq_tcp,none,none,,1,10135,512,584,1785153446595528000,1785153446595528000,1785153446595528000,1785153446595529000,1785153446595714000,1785153446595716000,1785153446595716000,1785153446595716000,121932490,121652369,-95.121,0.000,0.000,1.000,2.000,0.000,0.000,145.000,0,0,0
B3_zmq_pushpull,zmq_tcp,none,none,,1,10136,512,584,1785153446596405000,1785153446596405000,1785153446596405000,1785153446596406000,1785153446596567000,1785153446596570000,1785153446596570000,1785153446596570000,121932490,121652369,-119.121,0.000,0.000,1.000,3.000,0.000,0.000,24.000,0,0,0
B3_zmq_pushpull,zmq_tcp,none,none,,1,10137,512,584,1785153446597422000,1785153446597422000,1785153446597422000,1785153446597423000,1785153446597576000,1785153446597579000,1785153446597579000,1785153446597579000,121932490,121652369,-127.121,0.000,0.000,1.000,3.000,0.000,0.000,8.000,0,0,0
B3_zmq_pushpull,zmq_tcp,none,none,,1,10138,512,584,1785153446598554000,1785153446598554000,1785153446598554000,1785153446598555000,1785153446598593000,1785153446598596000,1785153446598596000,1785153446598596000,121932490,121652369,-242.121,0.000,0.000,1.000,3.000,0.000,0.000,115.000,0,0,0
B3_zmq_pushpull,zmq_tcp,none,none,,1,10139,512,584,1785153446599522000,1785153446599522000,1785153446599522000,1785153446599523000,1785153446599580000,1785153446599582000,1785153446599582000,1785153446599582000,121932490,121652369,-223.121,0.000,0.000,1.000,2.000,0.000,0.000,19.000,0,0,0
B3_zmq_pushpull,zmq_tcp,none,none,,1,10140,512,584,1785153446600526000,1785153446600527000,1785153446600527000,1785153446600528000,1785153446600575000,1785153446600577000,1785153446600577000,1785153446600577000,121932490,121652369,-233.121,1.000,0.000,1.000,2.000,0.000,0.000,10.000,0,0,0
B3_zmq_pushpull,zmq_tcp,none,none,,1,10141,512,584,1785153446601529000,1785153446601529000,1785153446601529000,1785153446601530000,1785153446601579000,1785153446601583000,1785153446601583000,1785153446601583000,121932490,121652369,-231.121,0.000,0.000,1.000,4.000,0.000,0.000,2.000,0,0,0
B3_zmq_pushpull,zmq_tcp,none,none,,1,10142,512,584,1785153446602528000,1785153446602528000,1785153446602528000,1785153446602529000,1785153446602719000,1785153446602722000,1785153446602722000,1785153446602722000,121932490,121652369,-90.121,0.000,0.000,1.000,3.000,0.000,0.000,141.000,0,0,0
B3_zmq_pushpull,zmq_tcp,none,none,,1,10143,512,584,1785153446603409000,1785153446603409000,1785153446603409000,1785153446603410000,1785153446603570000,1785153446603573000,1785153446603573000,1785153446603573000,121932490,121652369,-120.121,0.000,0.000,1.000,3.000,0.000,0.000,30.000,0,0,0
B3_zmq_pushpull,zmq_tcp,none,none,,1,10144,512,584,1785153446604427000,1785153446604427000,1785153446604427000,1785153446604428000,1785153446604585000,1785153446604587000,1785153446604587000,1785153446604587000,121932490,121652369,-123.121,0.000,0.000,1.000,2.000,0.000,0.000,3.000,0,0,0
B3_zmq_pushpull,zmq_tcp,none,none,,1,10145,512,584,1785153446605428000,1785153446605428000,1785153446605428000,1785153446605429000,1785153446605587000,1785153446605590000,1785153446605590000,1785153446605590000,121932490,121652369,-122.121,0.000,0.000,1.000,3.000,0.000,0.000,1.000,0,0,0
B3_zmq_pushpull,zmq_tcp,none,none,,1,10146,512,584,1785153446606553000,1785153446606553000,1785153446606553000,1785153446606554000,1785153446606727000,1785153446606730000,1785153446606730000,1785153446606730000,121932490,121652369,-107.121,0.000,0.000,1.000,3.000,0.000,0.000,15.000,0,0,0
B3_zmq_pushpull,zmq_tcp,none,none,,1,10147,512,584,1785153446607519000,1785153446607519000,1785153446607519000,1785153446607520000,1785153446607591000,1785153446607594000,1785153446607594000,1785153446607594000,121932490,121652369,-209.121,0.000,0.000,1.000,3.000,0.000,0.000,102.000,0,0,0
B3_zmq_pushpull,zmq_tcp,none,none,,1,10148,512,584,1785153446608531000,1785153446608531000,1785153446608531000,1785153446608532000,1785153446608593000,1785153446608596000,1785153446608596000,1785153446608596000,121932490,121652369,-219.121,0.000,0.000,1.000,3.000,0.000,0.000,10.000,0,0,0
B3_zmq_pushpull,zmq_tcp,none,none,,1,10149,512,584,1785153446609527000,1785153446609527000,1785153446609527000,1785153446609528000,1785153446609619000,1785153446609622000,1785153446609622000,1785153446609622000,121932490,121652369,-189.121,0.000,0.000,1.000,3.000,0.000,0.000,30.000,0,0,0
B3_zmq_pushpull,zmq_tcp,none,none,,1,10150,512,584,1785153446610528000,1785153446610528000,1785153446610528000,1785153446610529000,1785153446610626000,1785153446610628000,1785153446610629000,1785153446610629000,121932490,121652369,-183.121,0.000,0.000,1.000,2.000,1.000,0.000,6.000,0,0,0
B3_zmq_pushpull,zmq_tcp,none,none,,1,10151,512,584,1785153446611529000,1785153446611529000,1785153446611529000,1785153446611530000,1785153446611634000,1785153446611637000,1785153446611637000,1785153446611637000,121932490,121652369,-176.121,0.000,0.000,1.000,3.000,0.000,0.000,7.000,0,0,0
B3_zmq_pushpull,zmq_tcp,none,none,,1,10152,512,584,1785153446612527000,1785153446612528000,1785153446612528000,1785153446612529000,1785153446612630000,1785153446612633000,1785153446612633000,1785153446612633000,121932490,121652369,-179.121,1.000,0.000,1.000,3.000,0.000,0.000,3.000,0,0,0
B3_zmq_pushpull,zmq_tcp,none,none,,1,10153,512,584,1785153446613528000,1785153446613528000,1785153446613528000,1785153446613529000,1785153446613629000,1785153446613631000,1785153446613631000,1785153446613631000,121932490,121652369,-180.121,0.000,0.000,1.000,2.000,0.000,0.000,1.000,0,0,0
B3_zmq_pushpull,zmq_tcp,none,none,,1,10154,512,584,1785153446614528000,1785153446614529000,1785153446614529000,1785153446614530000,1785153446614630000,1785153446614633000,1785153446614633000,1785153446614633000,121932490,121652369,-180.121,1.000,0.000,1.000,3.000,0.000,0.000,0.000,0,0,0
B3_zmq_pushpull,zmq_tcp,none,none,,1,10155,512,584,1785153446615528000,1785153446615528000,1785153446615528000,1785153446615529000,1785153446615637000,1785153446615639000,1785153446615639000,1785153446615639000,121932490,121652369,-172.121,0.000,0.000,1.000,2.000,0.000,0.000,8.000,0,0,0
B3_zmq_pushpull,zmq_tcp,none,none,,1,10156,512,584,1785153446616528000,1785153446616528000,1785153446616528000,1785153446616529000,1785153446616646000,1785153446616648000,1785153446616649000,1785153446616649000,121932490,121652369,-163.121,0.000,0.000,1.000,2.000,1.000,0.000,9.000,0,0,0
B3_zmq_pushpull,zmq_tcp,none,none,,1,10157,512,584,1785153446617529000,1785153446617529000,1785153446617529000,1785153446617530000,1785153446617645000,1785153446617648000,1785153446617648000,1785153446617648000,121932490,121652369,-165.121,0.000,0.000,1.000,3.000,0.000,0.000,2.000,0,0,0
B3_zmq_pushpull,zmq_tcp,none,none,,1,10158,512,584,1785153446618527000,1785153446618527000,1785153446618527000,1785153446618528000,1785153446618638000,1785153446618642000,1785153446618642000,1785153446618642000,121932490,121652369,-170.121,0.000,0.000,1.000,4.000,0.000,0.000,5.000,0,0,0
B3_zmq_pushpull,zmq_tcp,none,none,,1,10159,512,584,1785153446619527000,1785153446619527000,1785153446619527000,1785153446619528000,1785153446619626000,1785153446619631000,1785153446619631000,1785153446619631000,121932490,121652369,-182.121,0.000,0.000,1.000,5.000,0.000,0.000,12.000,0,0,0
B3_zmq_pushpull,zmq_tcp,none,none,,1,10160,512,584,1785153446620527000,1785153446620527000,1785153446620527000,1785153446620528000,1785153446620613000,1785153446620616000,1785153446620616000,1785153446620616000,121932490,121652369,-195.121,0.000,0.000,1.000,3.000,0.000,0.000,13.000,0,0,0
B3_zmq_pushpull,zmq_tcp,none,none,,1,10161,512,584,1785153446621527000,1785153446621527000,1785153446621527000,1785153446621528000,1785153446621601000,1785153446621604000,1785153446621604000,1785153446621604000,121932490,121652369,-207.121,0.000,0.000,1.000,3.000,0.000,0.000,12.000,0,0,0
B3_zmq_pushpull,zmq_tcp,none,none,,1,10162,512,584,1785153446622527000,1785153446622527000,1785153446622527000,1785153446622528000,1785153446622600000,1785153446622604000,1785153446622604000,1785153446622604000,121932490,121652369,-208.121,0.000,0.000,1.000,4.000,0.000,0.000,1.000,0,0,0
B3_zmq_pushpull,zmq_tcp,none,none,,1,10163,512,584,1785153446623525000,1785153446623525000,1785153446623525000,1785153446623526000,1785153446623613000,1785153446623616000,1785153446623616000,1785153446623616000,121932490,121652369,-193.121,0.000,0.000,1.000,3.000,0.000,0.000,15.000,0,0,0
B3_zmq_pushpull,zmq_tcp,none,none,,1,10164,512,584,1785153446624528000,1785153446624528000,1785153446624528000,1785153446624529000,1785153446624607000,1785153446624609000,1785153446624609000,1785153446624609000,121932490,121652369,-202.121,0.000,0.000,1.000,2.000,0.000,0.000,9.000,0,0,0
B3_zmq_pushpull,zmq_tcp,none,none,,1,10165,512,584,1785153446625527000,1785153446625527000,1785153446625527000,1785153446625528000,1785153446625591000,1785153446625594000,1785153446625594000,1785153446625594000,121932490,121652369,-217.121,0.000,0.000,1.000,3.000,0.000,0.000,15.000,0,0,0
B3_zmq_pushpull,zmq_tcp,none,none,,1,10166,512,584,1785153446626527000,1785153446626527000,1785153446626527000,1785153446626528000,1785153446626720000,1785153446626723000,1785153446626723000,1785153446626723000,121932490,121652369,-88.121,0.000,0.000,1.000,3.000,0.000,0.000,129.000,0,0,0
B3_zmq_pushpull,zmq_tcp,none,none,,1,10167,512,584,1785153446627523000,1785153446627523000,1785153446627523000,1785153446627524000,1785153446627570000,1785153446627573000,1785153446627573000,1785153446627573000,121932490,121652369,-234.121,0.000,0.000,1.000,3.000,0.000,0.000,146.000,0,0,0
B3_zmq_pushpull,zmq_tcp,none,none,,1,10168,512,584,1785153446628528000,1785153446628529000,1785153446628529000,1785153446628530000,1785153446628692000,1785153446628694000,1785153446628694000,1785153446628694000,121932490,121652369,-118.121,1.000,0.000,1.000,2.000,0.000,0.000,116.000,0,0,0
B3_zmq_pushpull,zmq_tcp,none,none,,1,10169,512,584,1785153446629399000,1785153446629399000,1785153446629399000,1785153446629400000,1785153446629558000,1785153446629561000,1785153446629561000,1785153446629561000,121932490,121652369,-122.121,0.000,0.000,1.000,3.000,0.000,0.000,4.000,0,0,0
B3_zmq_pushpull,zmq_tcp,none,none,,1,10170,512,584,1785153446630561000,1785153446630561000,1785153446630562000,1785153446630562000,1785153446630670000,1785153446630673000,1785153446630673000,1785153446630673000,121932490,121652369,-172.121,0.000,1.000,0.000,3.000,0.000,0.000,50.000,0,0,0
B3_zmq_pushpull,zmq_tcp,none,none,,1,10171,512,584,1785153446631518000,1785153446631518000,1785153446631518000,1785153446631519000,1785153446631670000,1785153446631673000,1785153446631673000,1785153446631673000,121932490,121652369,-129.121,0.000,0.000,1.000,3.000,0.000,0.000,43.000,0,0,0
B3_zmq_pushpull,zmq_tcp,none,none,,1,10172,512,584,1785153446632529000,1785153446632529000,1785153446632529000,1785153446632530000,1785153446632650000,1785153446632652000,1785153446632652000,1785153446632652000,121932490,121652369,-160.121,0.000,0.000,1.000,2.000,0.000,0.000,31.000,0,0,0
B3_zmq_pushpull,zmq_tcp,none,none,,1,10173,512,584,1785153446633527000,1785153446633527000,1785153446633527000,1785153446633528000,1785153446633622000,1785153446633625000,1785153446633625000,1785153446633625000,121932490,121652369,-186.121,0.000,0.000,1.000,3.000,0.000,0.000,26.000,0,0,0
B3_zmq_pushpull,zmq_tcp,none,none,,1,10174,512,584,1785153446634527000,1785153446634527000,1785153446634527000,1785153446634528000,1785153446634597000,1785153446634600000,1785153446634600000,1785153446634600000,121932490,121652369,-211.121,0.000,0.000,1.000,3.000,0.000,0.000,25.000,0,0,0
B3_zmq_pushpull,zmq_tcp,none,none,,1,10175,512,584,1785153446635527000,1785153446635527000,1785153446635527000,1785153446635528000,1785153446635572000,1785153446635576000,1785153446635576000,1785153446635576000,121932490,121652369,-236.121,0.000,0.000,1.000,4.000,0.000,0.000,25.000,0,0,0
B3_zmq_pushpull,zmq_tcp,none,none,,1,10176,512,584,1785153446636527000,1785153446636527000,1785153446636527000,1785153446636528000,1785153446636682000,1785153446636685000,1785153446636685000,1785153446636685000,121932490,121652369,-126.121,0.000,0.000,1.000,3.000,0.000,0.000,110.000,0,0,0
B3_zmq_pushpull,zmq_tcp,none,none,,1,10177,512,584,1785153446637527000,1785153446637527000,1785153446637527000,1785153446637528000,1785153446637670000,1785153446637673000,1785153446637673000,1785153446637673000,121932490,121652369,-138.121,0.000,0.000,1.000,3.000,0.000,0.000,12.000,0,0,0
B3_zmq_pushpull,zmq_tcp,none,none,,1,10178,512,584,1785153446638368000,1785153446638368000,1785153446638368000,1785153446638369000,1785153446638528000,1785153446638530000,1785153446638530000,1785153446638530000,121932490,121652369,-121.121,0.000,0.000,1.000,2.000,0.000,0.000,17.000,0,0,0
B3_zmq_pushpull,zmq_tcp,none,none,,1,10179,512,584,1785153446639567000,1785153446639567000,1785153446639567000,1785153446639568000,1785153446639646000,1785153446639649000,1785153446639649000,1785153446639649000,121932490,121652369,-202.121,0.000,0.000,1.000,3.000,0.000,0.000,81.000,0,0,0
B3_zmq_pushpull,zmq_tcp,none,none,,1,10180,512,584,1785153446640517000,1785153446640517000,1785153446640518000,1785153446640518000,1785153446640627000,1785153446640630000,1785153446640630000,1785153446640630000,121932490,121652369,-171.121,0.000,1.000,0.000,3.000,0.000,0.000,31.000,0,0,0
B3_zmq_pushpull,zmq_tcp,none,none,,1,10181,512,584,1785153446641330000,1785153446641330000,1785153446641330000,1785153446641331000,1785153446641469000,1785153446641472000,1785153446641472000,1785153446641472000,121932490,121652369,-142.121,0.000,0.000,1.000,3.000,0.000,0.000,29.000,0,0,0
B3_zmq_pushpull,zmq_tcp,none,none,,1,10182,512,584,1785153446642452000,1785153446642452000,1785153446642452000,1785153446642453000,1785153446642598000,1785153446642601000,1785153446642601000,1785153446642601000,121932490,121652369,-135.121,0.000,0.000,1.000,3.000,0.000,0.000,7.000,0,0,0
B3_zmq_pushpull,zmq_tcp,none,none,,1,10183,512,584,1785153446643546000,1785153446643546000,1785153446643546000,1785153446643547000,1785153446643717000,1785153446643720000,1785153446643720000,1785153446643720000,121932490,121652369,-110.121,0.000,0.000,1.000,3.000,0.000,0.000,25.000,0,0,0
B3_zmq_pushpull,zmq_tcp,none,none,,1,10184,512,584,1785153446644521000,1785153446644522000,1785153446644522000,1785153446644523000,1785153446644717000,1785153446644720000,1785153446644720000,1785153446644720000,121932490,121652369,-86.121,1.000,0.000,1.000,3.000,0.000,0.000,24.000,0,0,0
B3_zmq_pushpull,zmq_tcp,none,none,,1,10185,512,584,1785153446645399000,1785153446645399000,1785153446645399000,1785153446645400000,1785153446645557000,1785153446645560000,1785153446645560000,1785153446645560000,121932490,121652369,-123.121,0.000,0.000,1.000,3.000,0.000,0.000,37.000,0,0,0
B3_zmq_pushpull,zmq_tcp,none,none,,1,10186,512,584,1785153446646559000,1785153446646559000,1785153446646559000,1785153446646560000,1785153446646670000,1785153446646673000,1785153446646673000,1785153446646673000,121932490,121652369,-170.121,0.000,0.000,1.000,3.000,0.000,0.000,47.000,0,0,0
B3_zmq_pushpull,zmq_tcp,none,none,,1,10187,512,584,1785153446647518000,1785153446647518000,1785153446647518000,1785153446647519000,1785153446647666000,1785153446647669000,1785153446647669000,1785153446647669000,121932490,121652369,-133.121,0.000,0.000,1.000,3.000,0.000,0.000,37.000,0,0,0
B3_zmq_pushpull,zmq_tcp,none,none,,1,10188,512,584,1785153446648352000,1785153446648353000,1785153446648353000,1785153446648354000,1785153446648504000,1785153446648506000,1785153446648506000,1785153446648506000,121932490,121652369,-130.121,1.000,0.000,1.000,2.000,0.000,0.000,3.000,0,0,0
B3_zmq_pushpull,zmq_tcp,none,none,,1,10189,512,584,1785153446649333000,1785153446649333000,1785153446649333000,1785153446649334000,1785153446649486000,1785153446649489000,1785153446649489000,1785153446649489000,121932490,121652369,-128.121,0.000,0.000,1.000,3.000,0.000,0.000,2.000,0,0,0
B3_zmq_pushpull,zmq_tcp,none,none,,1,10190,512,584,1785153446650447000,1785153446650448000,1785153446650448000,1785153446650449000,1785153446650596000,1785153446650598000,1785153446650598000,1785153446650599000,121932490,121652369,-133.121,1.000,0.000,1.000,2.000,0.000,1.000,5.000,0,0,0
B3_zmq_pushpull,zmq_tcp,none,none,,1,10191,512,584,1785153446651545000,1785153446651545000,1785153446651545000,1785153446651546000,1785153446651608000,1785153446651611000,1785153446651611000,1785153446651611000,121932490,121652369,-218.121,0.000,0.000,1.000,3.000,0.000,0.000,85.000,0,0,0
B3_zmq_pushpull,zmq_tcp,none,none,,1,10192,512,584,1785153446652439000,1785153446652439000,1785153446652439000,1785153446652440000,1785153446652596000,1785153446652599000,1785153446652599000,1785153446652599000,121932490,121652369,-124.121,0.000,0.000,1.000,3.000,0.000,0.000,94.000,0,0,0
B3_zmq_pushpull,zmq_tcp,none,none,,1,10193,512,584,1785153446653429000,1785153446653429000,1785153446653429000,1785153446653430000,1785153446653572000,1785153446653575000,1785153446653575000,1785153446653575000,121932490,121652369,-138.121,0.000,0.000,1.000,3.000,0.000,0.000,14.000,0,0,0
B3_zmq_pushpull,zmq_tcp,none,none,,1,10194,512,584,1785153446654552000,1785153446654552000,1785153446654552000,1785153446654553000,1785153446654667000,1785153446654669000,1785153446654669000,1785153446654669000,121932490,121652369,-166.121,0.000,0.000,1.000,2.000,0.000,0.000,28.000,0,0,0
B3_zmq_pushpull,zmq_tcp,none,none,,1,10195,512,584,1785153446655518000,1785153446655518000,1785153446655518000,1785153446655519000,1785153446655644000,1785153446655646000,1785153446655647000,1785153446655647000,121932490,121652369,-155.121,0.000,0.000,1.000,2.000,1.000,0.000,11.000,0,0,0
B3_zmq_pushpull,zmq_tcp,none,none,,1,10196,512,584,1785153446656347000,1785153446656347000,1785153446656347000,1785153446656348000,1785153446656511000,1785153446656513000,1785153446656513000,1785153446656513000,121932490,121652369,-117.121,0.000,0.000,1.000,2.000,0.000,0.000,38.000,0,0,0
B3_zmq_pushpull,zmq_tcp,none,none,,1,10197,512,584,1785153446657354000,1785153446657354000,1785153446657354000,1785153446657355000,1785153446657512000,1785153446657514000,1785153446657514000,1785153446657515000,121932490,121652369,-123.121,0.000,0.000,1.000,2.000,0.000,1.000,6.000,0,0,0
B3_zmq_pushpull,zmq_tcp,none,none,,1,10198,512,584,1785153446658330000,1785153446658330000,1785153446658330000,1785153446658331000,1785153446658478000,1785153446658481000,1785153446658481000,1785153446658481000,121932490,121652369,-133.121,0.000,0.000,1.000,3.000,0.000,0.000,10.000,0,0,0
B3_zmq_pushpull,zmq_tcp,none,none,,1,10199,512,584,1785153446659579000,1785153446659579000,1785153446659579000,1785153446659580000,1785153446659756000,1785153446659759000,1785153446659759000,1785153446659759000,121932490,121652369,-104.121,0.000,0.000,1.000,3.000,0.000,0.000,29.000,0,0,0
B3_zmq_pushpull,zmq_tcp,none,none,,1,10200,512,584,1785153446660513000,1785153446660514000,1785153446660514000,1785153446660515000,1785153446660603000,1785153446660607000,1785153446660607000,1785153446660607000,121932490,121652369,-192.121,1.000,0.000,1.000,4.000,0.000,0.000,88.000,0,0,0
B3_zmq_pushpull,zmq_tcp,none,none,,1,10201,512,584,1785153446661531000,1785153446661532000,1785153446661532000,1785153446661533000,1785153446661591000,1785153446661594000,1785153446661594000,1785153446661594000,121932490,121652369,-222.121,1.000,0.000,1.000,3.000,0.000,0.000,30.000,0,0,0
B3_zmq_pushpull,zmq_tcp,none,none,,1,10202,512,584,1785153446662523000,1785153446662523000,1785153446662523000,1785153446662524000,1785153446662581000,1785153446662584000,1785153446662584000,1785153446662584000,121932490,121652369,-223.121,0.000,0.000,1.000,3.000,0.000,0.000,1.000,0,0,0
B3_zmq_pushpull,zmq_tcp,none,none,,1,10203,512,584,1785153446663529000,1785153446663529000,1785153446663529000,1785153446663530000,1785153446663579000,1785153446663582000,1785153446663582000,1785153446663582000,121932490,121652369,-231.121,0.000,0.000,1.000,3.000,0.000,0.000,8.000,0,0,0
B3_zmq_pushpull,zmq_tcp,none,none,,1,10204,512,584,1785153446664527000,1785153446664527000,1785153446664527000,1785153446664528000,1785153446664716000,1785153446664719000,1785153446664719000,1785153446664719000,121932490,121652369,-92.121,0.000,0.000,1.000,3.000,0.000,0.000,139.000,0,0,0
B3_zmq_pushpull,zmq_tcp,none,none,,1,10205,512,584,1785153446665530000,1785153446665530000,1785153446665530000,1785153446665531000,1785153446665719000,1785153446665721000,1785153446665721000,1785153446665721000,121932490,121652369,-92.121,0.000,0.000,1.000,2.000,0.000,0.000,0.000,0,0,0
B3_zmq_pushpull,zmq_tcp,none,none,,1,10206,512,584,1785153446666409000,1785153446666410000,1785153446666410000,1785153446666411000,1785153446666569000,1785153446666572000,1785153446666572000,1785153446666572000,121932490,121652369,-122.121,1.000,0.000,1.000,3.000,0.000,0.000,30.000,0,0,0
B3_zmq_pushpull,zmq_tcp,none,none,,1,10207,512,584,1785153446667557000,1785153446667557000,1785153446667557000,1785153446667558000,1785153446667704000,1785153446667707000,1785153446667707000,1785153446667707000,121932490,121652369,-134.121,0.000,0.000,1.000,3.000,0.000,0.000,12.000,0,0,0
B3_zmq_pushpull,zmq_tcp,none,none,,1,10208,512,584,1785153446668520000,1785153446668520000,1785153446668521000,1785153446668521000,1785153446668662000,1785153446668665000,1785153446668665000,1785153446668665000,121932490,121652369,-139.121,0.000,1.000,0.000,3.000,0.000,0.000,5.000,0,0,0
B3_zmq_pushpull,zmq_tcp,none,none,,1,10209,512,584,1785153446669345000,1785153446669345000,1785153446669345000,1785153446669346000,1785153446669500000,1785153446669503000,1785153446669503000,1785153446669503000,121932490,121652369,-126.121,0.000,0.000,1.000,3.000,0.000,0.000,13.000,0,0,0
B3_zmq_pushpull,zmq_tcp,none,none,,1,10210,512,584,1785153446670337000,1785153446670338000,1785153446670338000,1785153446670339000,1785153446670491000,1785153446670494000,1785153446670494000,1785153446670494000,121932490,121652369,-128.121,1.000,0.000,1.000,3.000,0.000,0.000,2.000,0,0,0
B3_zmq_pushpull,zmq_tcp,none,none,,1,10211,512,584,1785153446671578000,1785153446671578000,1785153446671578000,1785153446671579000,1785153446671753000,1785153446671756000,1785153446671756000,1785153446671756000,121932490,121652369,-106.121,0.000,0.000,1.000,3.000,0.000,0.000,22.000,0,0,0
B3_zmq_pushpull,zmq_tcp,none,none,,1,10212,512,584,1785153446672516000,1785153446672517000,1785153446672517000,1785153446672518000,1785153446672590000,1785153446672593000,1785153446672593000,1785153446672593000,121932490,121652369,-208.121,1.000,0.000,1.000,3.000,0.000,0.000,102.000,0,0,0
B3_zmq_pushpull,zmq_tcp,none,none,,1,10213,512,584,1785153446673527000,1785153446673527000,1785153446673527000,1785153446673528000,1785153446673577000,1785153446673580000,1785153446673580000,1785153446673580000,121932490,121652369,-231.121,0.000,0.000,1.000,3.000,0.000,0.000,23.000,0,0,0
B3_zmq_pushpull,zmq_tcp,none,none,,1,10214,512,584,1785153446674528000,1785153446674529000,1785153446674529000,1785153446674530000,1785153446674672000,1785153446674675000,1785153446674675000,1785153446674675000,121932490,121652369,-138.121,1.000,0.000,1.000,3.000,0.000,0.000,93.000,0,0,0
B3_zmq_pushpull,zmq_tcp,none,none,,1,10215,512,584,1785153446675527000,1785153446675527000,1785153446675527000,1785153446675528000,1785153446675629000,1785153446675632000,1785153446675632000,1785153446675632000,121932490,121652369,-179.121,0.000,0.000,1.000,3.000,0.000,0.000,41.000,0,0,0
B3_zmq_pushpull,zmq_tcp,none,none,,1,10216,512,584,1785153446676524000,1785153446676524000,1785153446676524000,1785153446676525000,1785153446676596000,1785153446676599000,1785153446676599000,1785153446676599000,121932490,121652369,-209.121,0.000,0.000,1.000,3.000,0.000,0.000,30.000,0,0,0
B3_zmq_pushpull,zmq_tcp,none,none,,1,10217,512,584,1785153446677535000,1785153446677535000,1785153446677535000,1785153446677536000,1785153446677590000,1785153446677593000,1785153446677593000,1785153446677593000,121932490,121652369,-226.121,0.000,0.000,1.000,3.000,0.000,0.000,17.000,0,0,0
B3_zmq_pushpull,zmq_tcp,none,none,,1,10218,512,584,1785153446678412000,1785153446678412000,1785153446678412000,1785153446678413000,1785153446678567000,1785153446678569000,1785153446678569000,1785153446678569000,121932490,121652369,-126.121,0.000,0.000,1.000,2.000,0.000,0.000,100.000,0,0,0
B3_zmq_pushpull,zmq_tcp,none,none,,1,10219,512,584,1785153446679396000,1785153446679396000,1785153446679396000,1785153446679397000,1785153446679544000,1785153446679547000,1785153446679547000,1785153446679547000,121932490,121652369,-133.121,0.000,0.000,1.000,3.000,0.000,0.000,7.000,0,0,0
B3_zmq_pushpull,zmq_tcp,none,none,,1,10220,512,584,1785153446680560000,1785153446680560000,1785153446680560000,1785153446680561000,1785153446680671000,1785153446680673000,1785153446680673000,1785153446680674000,121932490,121652369,-170.121,0.000,0.000,1.000,2.000,0.000,1.000,37.000,0,0,0
B3_zmq_pushpull,zmq_tcp,none,none,,1,10221,512,584,1785153446681519000,1785153446681519000,1785153446681519000,1785153446681520000,1785153446681644000,1785153446681647000,1785153446681647000,1785153446681647000,121932490,121652369,-156.121,0.000,0.000,1.000,3.000,0.000,0.000,14.000,0,0,0
B3_zmq_pushpull,zmq_tcp,none,none,,1,10222,512,584,1785153446682530000,1785153446682530000,1785153446682530000,1785153446682531000,1785153446682587000,1785153446682590000,1785153446682590000,1785153446682590000,121932490,121652369,-224.121,0.000,0.000,1.000,3.000,0.000,0.000,68.000,0,0,0
B3_zmq_pushpull,zmq_tcp,none,none,,1,10223,512,584,1785153446683523000,1785153446683523000,1785153446683523000,1785153446683524000,1785153446683566000,1785153446683570000,1785153446683570000,1785153446683570000,121932490,121652369,-238.121,0.000,0.000,1.000,4.000,0.000,0.000,14.000,0,0,0
B3_zmq_pushpull,zmq_tcp,none,none,,1,10224,512,584,1785153446684533000,1785153446684533000,1785153446684533000,1785153446684534000,1785153446684700000,1785153446684703000,1785153446684703000,1785153446684703000,121932490,121652369,-114.121,0.000,0.000,1.000,3.000,0.000,0.000,124.000,0,0,0
B3_zmq_pushpull,zmq_tcp,none,none,,1,10225,512,584,1785153446685529000,1785153446685529000,1785153446685529000,1785153446685530000,1785153446685687000,1785153446685690000,1785153446685690000,1785153446685690000,121932490,121652369,-123.121,0.000,0.000,1.000,3.000,0.000,0.000,9.000,0,0,0
B3_zmq_pushpull,zmq_tcp,none,none,,1,10226,512,584,1785153446686527000,1785153446686527000,1785153446686527000,1785153446686528000,1785153446686670000,1785153446686672000,1785153446686672000,1785153446686672000,121932490,121652369,-138.121,0.000,0.000,1.000,2.000,0.000,0.000,15.000,0,0,0
B3_zmq_pushpull,zmq_tcp,none,none,,1,10227,512,584,1785153446687526000,1785153446687526000,1785153446687526000,1785153446687527000,1785153446687663000,1785153446687668000,1785153446687668000,1785153446687668000,121932490,121652369,-144.121,0.000,0.000,1.000,5.000,0.000,0.000,6.000,0,0,0
B3_zmq_pushpull,zmq_tcp,none,none,,1,10228,512,584,1785153446688368000,1785153446688368000,1785153446688368000,1785153446688370000,1785153446688507000,1785153446688511000,1785153446688511000,1785153446688511000,121932490,121652369,-143.121,0.000,0.000,2.000,4.000,0.000,0.000,1.000,0,0,0
B3_zmq_pushpull,zmq_tcp,none,none,,1,10229,512,584,1785153446689334000,1785153446689334000,1785153446689334000,1785153446689335000,1785153446689487000,1785153446689489000,1785153446689489000,1785153446689489000,121932490,121652369,-128.121,0.000,0.000,1.000,2.000,0.000,0.000,15.000,0,0,0
B3_zmq_pushpull,zmq_tcp,none,none,,1,10230,512,584,1785153446690452000,1785153446690452000,1785153446690452000,1785153446690453000,1785153446690596000,1785153446690599000,1785153446690599000,1785153446690599000,121932490,121652369,-137.121,0.000,0.000,1.000,3.000,0.000,0.000,9.000,0,0,0
B3_zmq_pushpull,zmq_tcp,none,none,,1,10231,512,584,1785153446691434000,1785153446691434000,1785153446691434000,1785153446691435000,1785153446691581000,1785153446691589000,1785153446691589000,1785153446691589000,121932490,121652369,-134.121,0.000,0.000,1.000,8.000,0.000,0.000,3.000,0,0,0
B3_zmq_pushpull,zmq_tcp,none,none,,1,10232,512,584,1785153446692554000,1785153446692554000,1785153446692554000,1785153446692555000,1785153446692716000,1785153446692719000,1785153446692719000,1785153446692719000,121932490,121652369,-119.121,0.000,0.000,1.000,3.000,0.000,0.000,15.000,0,0,0
B3_zmq_pushpull,zmq_tcp,none,none,,1,10233,512,584,1785153446693523000,1785153446693523000,1785153446693523000,1785153446693524000,1785153446693715000,1785153446693717000,1785153446693717000,1785153446693717000,121932490,121652369,-89.121,0.000,0.000,1.000,2.000,0.000,0.000,30.000,0,0,0
B3_zmq_pushpull,zmq_tcp,none,none,,1,10234,512,584,1785153446694403000,1785153446694404000,1785153446694404000,1785153446694405000,1785153446694555000,1785153446694558000,1785153446694558000,1785153446694558000,121932490,121652369,-130.121,1.000,0.000,1.000,3.000,0.000,0.000,41.000,0,0,0
B3_zmq_pushpull,zmq_tcp,none,none,,1,10235,512,584,1785153446695379000,1785153446695379000,1785153446695379000,1785153446695380000,1785153446695523000,1785153446695526000,1785153446695526000,1785153446695526000,121932490,121652369,-137.121,0.000,0.000,1.000,3.000,0.000,0.000,7.000,0,0,0
B3_zmq_pushpull,zmq_tcp,none,none,,1,10236,512,584,1785153446696564000,1785153446696565000,1785153446696565000,1785153446696565000,1785153446696635000,1785153446696637000,1785153446696637000,1785153446696637000,121932490,121652369,-210.121,1.000,0.000,0.000,2.000,0.000,0.000,73.000,0,0,0
B3_zmq_pushpull,zmq_tcp,none,none,,1,10237,512,584,1785153446697515000,1785153446697515000,1785153446697515000,1785153446697516000,1785153446697600000,1785153446697603000,1785153446697603000,1785153446697603000,121932490,121652369,-196.121,0.000,0.000,1.000,3.000,0.000,0.000,14.000,0,0,0
B3_zmq_pushpull,zmq_tcp,none,none,,1,10238,512,584,1785153446698533000,1785153446698533000,1785153446698534000,1785153446698534000,1785153446698589000,1785153446698593000,1785153446698593000,1785153446698593000,121932490,121652369,-225.121,0.000,1.000,0.000,4.000,0.000,0.000,29.000,0,0,0
B3_zmq_pushpull,zmq_tcp,none,none,,1,10239,512,584,1785153446699435000,1785153446699436000,1785153446699436000,1785153446699437000,1785153446699596000,1785153446699599000,1785153446699599000,1785153446699599000,121932490,121652369,-121.121,1.000,0.000,1.000,3.000,0.000,0.000,104.000,0,0,0
B3_zmq_pushpull,zmq_tcp,none,none,,1,10240,512,584,1785153446700552000,1785153446700553000,1785153446700553000,1785153446700554000,1785153446700726000,1785153446700729000,1785153446700729000,1785153446700729000,121932490,121652369,-108.121,1.000,0.000,1.000,3.000,0.000,0.000,13.000,0,0,0
B3_zmq_pushpull,zmq_tcp,none,none,,1,10241,512,584,1785153446701424000,1785153446701425000,1785153446701425000,1785153446701426000,1785153446701583000,1785153446701585000,1785153446701585000,1785153446701585000,121932490,121652369,-123.121,1.000,0.000,1.000,2.000,0.000,0.000,15.000,0,0,0
B3_zmq_pushpull,zmq_tcp,none,none,,1,10242,512,584,1785153446702423000,1785153446702423000,1785153446702423000,1785153446702425000,1785153446702567000,1785153446702570000,1785153446702570000,1785153446702570000,121932490,121652369,-138.121,0.000,0.000,2.000,3.000,0.000,0.000,15.000,0,0,0
B3_zmq_pushpull,zmq_tcp,none,none,,1,10243,512,584,1785153446703554000,1785153446703554000,1785153446703554000,1785153446703555000,1785153446703672000,1785153446703675000,1785153446703675000,1785153446703675000,121932490,121652369,-163.121,0.000,0.000,1.000,3.000,0.000,0.000,25.000,0,0,0
B3_zmq_pushpull,zmq_tcp,none,none,,1,10244,512,584,1785153446704343000,1785153446704344000,1785153446704344000,1785153446704345000,1785153446704496000,1785153446704499000,1785153446704499000,1785153446704499000,121932490,121652369,-129.121,1.000,0.000,1.000,3.000,0.000,0.000,34.000,0,0,0
B3_zmq_pushpull,zmq_tcp,none,none,,1,10245,512,584,1785153446705334000,1785153446705334000,1785153446705334000,1785153446705335000,1785153446705479000,1785153446705481000,1785153446705481000,1785153446705481000,121932490,121652369,-136.121,0.000,0.000,1.000,2.000,0.000,0.000,7.000,0,0,0
B3_zmq_pushpull,zmq_tcp,none,none,,1,10246,512,584,1785153446706449000,1785153446706449000,1785153446706449000,1785153446706451000,1785153446706599000,1785153446706601000,1785153446706601000,1785153446706601000,121932490,121652369,-132.121,0.000,0.000,2.000,2.000,0.000,0.000,4.000,0,0,0
B3_zmq_pushpull,zmq_tcp,none,none,,1,10247,512,584,1785153446707548000,1785153446707548000,1785153446707548000,1785153446707549000,1785153446707592000,1785153446707597000,1785153446707597000,1785153446707597000,121932490,121652369,-237.121,0.000,0.000,1.000,5.000,0.000,0.000,105.000,0,0,0
B3_zmq_pushpull,zmq_tcp,none,none,,1,10248,512,584,1785153446708524000,1785153446708524000,1785153446708524000,1785153446708525000,1785153446708711000,1785153446708713000,1785153446708713000,1785153446708713000,121932490,121652369,-94.121,0.000,0.000,1.000,2.000,0.000,0.000,143.000,0,0,0
B3_zmq_pushpull,zmq_tcp,none,none,,1,10249,512,584,1785153446709529000,1785153446709529000,1785153446709530000,1785153446709531000,1785153446709672000,1785153446709675000,1785153446709675000,1785153446709675000,121932490,121652369,-139.121,0.000,1.000,1.000,3.000,0.000,0.000,45.000,0,0,0
B3_zmq_pushpull,zmq_tcp,none,none,,1,10250,512,584,1785153446710527000,1785153446710527000,1785153446710527000,1785153446710528000,1785153446710661000,1785153446710664000,1785153446710664000,1785153446710664000,121932490,121652369,-147.121,0.000,0.000,1.000,3.000,0.000,0.000,8.000,0,0,0
B3_zmq_pushpull,zmq_tcp,none,none,,1,10251,512,584,1785153446711527000,1785153446711527000,1785153446711527000,1785153446711528000,1785153446711636000,1785153446711639000,1785153446711639000,1785153446711639000,121932490,121652369,-172.121,0.000,0.000,1.000,3.000,0.000,0.000,25.000,0,0,0
B3_zmq_pushpull,zmq_tcp,none,none,,1,10252,512,584,1785153446712526000,1785153446712527000,1785153446712527000,1785153446712528000,1785153446712629000,1785153446712632000,1785153446712632000,1785153446712632000,121932490,121652369,-179.121,1.000,0.000,1.000,3.000,0.000,0.000,7.000,0,0,0
B3_zmq_pushpull,zmq_tcp,none,none,,1,10253,512,584,1785153446713527000,1785153446713527000,1785153446713527000,1785153446713528000,1785153446713607000,1785153446713609000,1785153446713609000,1785153446713609000,121932490,121652369,-201.121,0.000,0.000,1.000,2.000,0.000,0.000,22.000,0,0,0
B3_zmq_pushpull,zmq_tcp,none,none,,1,10254,512,584,1785153446714529000,1785153446714529000,1785153446714529000,1785153446714530000,1785153446714594000,1785153446714597000,1785153446714597000,1785153446714597000,121932490,121652369,-216.121,0.000,0.000,1.000,3.000,0.000,0.000,15.000,0,0,0
B3_zmq_pushpull,zmq_tcp,none,none,,1,10255,512,584,1785153446715427000,1785153446715427000,1785153446715427000,1785153446715428000,1785153446715576000,1785153446715579000,1785153446715579000,1785153446715579000,121932490,121652369,-132.121,0.000,0.000,1.000,3.000,0.000,0.000,84.000,0,0,0
B3_zmq_pushpull,zmq_tcp,none,none,,1,10256,512,584,1785153446716553000,1785153446716553000,1785153446716553000,1785153446716554000,1785153446716691000,1785153446716694000,1785153446716694000,1785153446716694000,121932490,121652369,-143.121,0.000,0.000,1.000,3.000,0.000,0.000,11.000,0,0,0
B3_zmq_pushpull,zmq_tcp,none,none,,1,10257,512,584,1785153446717358000,1785153446717358000,1785153446717358000,1785153446717359000,1785153446717511000,1785153446717513000,1785153446717514000,1785153446717514000,121932490,121652369,-128.121,0.000,0.000,1.000,2.000,1.000,0.000,15.000,0,0,0
B3_zmq_pushpull,zmq_tcp,none,none,,1,10258,512,584,1785153446718337000,1785153446718337000,1785153446718337000,1785153446718338000,1785153446718489000,1785153446718492000,1785153446718492000,1785153446718492000,121932490,121652369,-129.121,0.000,0.000,1.000,3.000,0.000,0.000,1.000,0,0,0
B3_zmq_pushpull,zmq_tcp,none,none,,1,10259,512,584,1785153446719342000,1785153446719342000,1785153446719342000,1785153446719343000,1785153446719485000,1785153446719488000,1785153446719488000,1785153446719488000,121932490,121652369,-138.121,0.000,0.000,1.000,3.000,0.000,0.000,9.000,0,0,0
B3_zmq_pushpull,zmq_tcp,none,none,,1,10260,512,584,1785153446720456000,1785153446720456000,1785153446720456000,1785153446720457000,1785153446720606000,1785153446720610000,1785153446720610000,1785153446720610000,121932490,121652369,-131.121,0.000,0.000,1.000,4.000,0.000,0.000,7.000,0,0,0
B3_zmq_pushpull,zmq_tcp,none,none,,1,10261,512,584,1785153446721546000,1785153446721546000,1785153446721546000,1785153446721547000,1785153446721716000,1785153446721719000,1785153446721719000,1785153446721719000,121932490,121652369,-111.121,0.000,0.000,1.000,3.000,0.000,0.000,20.000,0,0,0
B3_zmq_pushpull,zmq_tcp,none,none,,1,10262,512,584,1785153446722525000,1785153446722525000,1785153446722525000,1785153446722526000,1785153446722699000,1785153446722702000,1785153446722702000,1785153446722702000,121932490,121652369,-107.121,0.000,0.000,1.000,3.000,0.000,0.000,4.000,0,0,0
B3_zmq_pushpull,zmq_tcp,none,none,,1,10263,512,584,1785153446723529000,1785153446723529000,1785153446723529000,1785153446723530000,1785153446723695000,1785153446723698000,1785153446723698000,1785153446723698000,121932490,121652369,-115.121,0.000,0.000,1.000,3.000,0.000,0.000,8.000,0,0,0
B3_zmq_pushpull,zmq_tcp,none,none,,1,10264,512,584,1785153446724393000,1785153446724393000,1785153446724393000,1785153446724394000,1785153446724536000,1785153446724540000,1785153446724540000,1785153446724540000,121932490,121652369,-138.121,0.000,0.000,1.000,4.000,0.000,0.000,23.000,0,0,0
B3_zmq_pushpull,zmq_tcp,none,none,,1,10265,512,584,1785153446725562000,1785153446725563000,1785153446725563000,1785153446725564000,1785153446725643000,1785153446725646000,1785153446725646000,1785153446725646000,121932490,121652369,-201.121,1.000,0.000,1.000,3.000,0.000,0.000,63.000,0,0,0
B3_zmq_pushpull,zmq_tcp,none,none,,1,10266,512,584,1785153446726518000,1785153446726518000,1785153446726518000,1785153446726519000,1785153446726634000,1785153446726636000,1785153446726636000,1785153446726636000,121932490,121652369,-165.121,0.000,0.000,1.000,2.000,0.000,0.000,36.000,0,0,0
B3_zmq_pushpull,zmq_tcp,none,none,,1,10267,512,584,1785153446727530000,1785153446727530000,1785153446727530000,1785153446727531000,1785153446727615000,1785153446727617000,1785153446727617000,1785153446727618000,121932490,121652369,-196.121,0.000,0.000,1.000,2.000,0.000,1.000,31.000,0,0,0
B3_zmq_pushpull,zmq_tcp,none,none,,1,10268,512,584,1785153446728527000,1785153446728527000,1785153446728527000,1785153446728528000,1785153446728616000,1785153446728619000,1785153446728619000,1785153446728619000,121932490,121652369,-192.121,0.000,0.000,1.000,3.000,0.000,0.000,4.000,0,0,0
B3_zmq_pushpull,zmq_tcp,none,none,,1,10269,512,584,1785153446729532000,1785153446729532000,1785153446729532000,1785153446729533000,1785153446729607000,1785153446729610000,1785153446729610000,1785153446729610000,121932490,121652369,-206.121,0.000,0.000,1.000,3.000,0.000,0.000,14.000,0,0,0
B3_zmq_pushpull,zmq_tcp,none,none,,1,10270,512,584,1785153446730523000,1785153446730523000,1785153446730523000,1785153446730524000,1785153446730563000,1785153446730566000,1785153446730566000,1785153446730566000,121932490,121652369,-241.121,0.000,0.000,1.000,3.000,0.000,0.000,35.000,0,0,0
B3_zmq_pushpull,zmq_tcp,none,none,,1,10271,512,584,1785153446731390000,1785153446731390000,1785153446731390000,1785153446731391000,1785153446731542000,1785153446731544000,1785153446731544000,1785153446731544000,121932490,121652369,-129.121,0.000,0.000,1.000,2.000,0.000,0.000,112.000,0,0,0
B3_zmq_pushpull,zmq_tcp,none,none,,1,10272,512,584,1785153446732368000,1785153446732368000,1785153446732368000,1785153446732369000,1785153446732520000,1785153446732523000,1785153446732523000,1785153446732523000,121932490,121652369,-129.121,0.000,0.000,1.000,3.000,0.000,0.000,0.000,0,0,0
B3_zmq_pushpull,zmq_tcp,none,none,,1,10273,512,584,1785153446733356000,1785153446733356000,1785153446733356000,1785153446733357000,1785153446733512000,1785153446733515000,1785153446733515000,1785153446733515000,121932490,121652369,-125.121,0.000,0.000,1.000,3.000,0.000,0.000,4.000,0,0,0
B3_zmq_pushpull,zmq_tcp,none,none,,1,10274,512,584,1785153446734343000,1785153446734343000,1785153446734343000,1785153446734345000,1785153446734503000,1785153446734506000,1785153446734506000,1785153446734506000,121932490,121652369,-122.121,0.000,0.000,2.000,3.000,0.000,0.000,3.000,0,0,0
B3_zmq_pushpull,zmq_tcp,none,none,,1,10275,512,584,1785153446735574000,1785153446735574000,1785153446735574000,1785153446735575000,1785153446735634000,1785153446735638000,1785153446735638000,1785153446735638000,121932490,121652369,-221.121,0.000,0.000,1.000,4.000,0.000,0.000,99.000,0,0,0
B3_zmq_pushpull,zmq_tcp,none,none,,1,10276,512,584,1785153446736519000,1785153446736519000,1785153446736519000,1785153446736520000,1785153446736627000,1785153446736630000,1785153446736630000,1785153446736630000,121932490,121652369,-173.121,0.000,0.000,1.000,3.000,0.000,0.000,48.000,0,0,0
B3_zmq_pushpull,zmq_tcp,none,none,,1,10277,512,584,1785153446737529000,1785153446737529000,1785153446737529000,1785153446737530000,1785153446737586000,1785153446737588000,1785153446737588000,1785153446737588000,121932490,121652369,-224.121,0.000,0.000,1.000,2.000,0.000,0.000,51.000,0,0,0
B3_zmq_pushpull,zmq_tcp,none,none,,1,10278,512,584,1785153446738527000,1785153446738527000,1785153446738527000,1785153446738528000,1785153446738572000,1785153446738576000,1785153446738576000,1785153446738576000,121932490,121652369,-236.121,0.000,0.000,1.000,4.000,0.000,0.000,12.000,0,0,0
B3_zmq_pushpull,zmq_tcp,none,none,,1,10279,512,584,1785153446739528000,1785153446739528000,1785153446739528000,1785153446739529000,1785153446739675000,1785153446739678000,1785153446739678000,1785153446739678000,121932490,121652369,-134.121,0.000,0.000,1.000,3.000,0.000,0.000,102.000,0,0,0
B3_zmq_pushpull,zmq_tcp,none,none,,1,10280,512,584,1785153446740525000,1785153446740525000,1785153446740525000,1785153446740526000,1785153446740679000,1785153446740682000,1785153446740682000,1785153446740682000,121932490,121652369,-127.121,0.000,0.000,1.000,3.000,0.000,0.000,7.000,0,0,0
B3_zmq_pushpull,zmq_tcp,none,none,,1,10281,512,584,1785153446741530000,1785153446741530000,1785153446741530000,1785153446741531000,1785153446741664000,1785153446741667000,1785153446741667000,1785153446741667000,121932490,121652369,-147.121,0.000,0.000,1.000,3.000,0.000,0.000,20.000,0,0,0
B3_zmq_pushpull,zmq_tcp,none,none,,1,10282,512,584,1785153446742530000,1785153446742530000,1785153446742530000,1785153446742531000,1785153446742632000,1785153446742635000,1785153446742635000,1785153446742635000,121932490,121652369,-179.121,0.000,0.000,1.000,3.000,0.000,0.000,32.000,0,0,0
B3_zmq_pushpull,zmq_tcp,none,none,,1,10283,512,584,1785153446743526000,1785153446743526000,1785153446743526000,1785153446743527000,1785153446743624000,1785153446743627000,1785153446743627000,1785153446743627000,121932490,121652369,-183.121,0.000,0.000,1.000,3.000,0.000,0.000,4.000,0,0,0
B3_zmq_pushpull,zmq_tcp,none,none,,1,10284,512,584,1785153446744527000,1785153446744527000,1785153446744527000,1785153446744528000,1785153446744620000,1785153446744623000,1785153446744623000,1785153446744623000,121932490,121652369,-188.121,0.000,0.000,1.000,3.000,0.000,0.000,5.000,0,0,0
B3_zmq_pushpull,zmq_tcp,none,none,,1,10285,512,584,1785153446745527000,1785153446745527000,1785153446745527000,1785153446745528000,1785153446745577000,1785153446745579000,1785153446745579000,1785153446745579000,121932490,121652369,-231.121,0.000,0.000,1.000,2.000,0.000,0.000,43.000,0,0,0
B3_zmq_pushpull,zmq_tcp,none,none,,1,10286,512,584,1785153446746528000,1785153446746528000,1785153446746528000,1785153446746529000,1785153446746712000,1785153446746715000,1785153446746715000,1785153446746715000,121932490,121652369,-97.121,0.000,0.000,1.000,3.000,0.000,0.000,134.000,0,0,0
B3_zmq_pushpull,zmq_tcp,none,none,,1,10287,512,584,1785153446747525000,1785153446747525000,1785153446747525000,1785153446747526000,1785153446747712000,1785153446747715000,1785153446747715000,1785153446747715000,121932490,121652369,-94.121,0.000,0.000,1.000,3.000,0.000,0.000,3.000,0,0,0
B3_zmq_pushpull,zmq_tcp,none,none,,1,10288,512,584,1785153446748531000,1785153446748531000,1785153446748531000,1785153446748532000,1785153446748718000,1785153446748720000,1785153446748720000,1785153446748720000,121932490,121652369,-94.121,0.000,0.000,1.000,2.000,0.000,0.000,0.000,0,0,0
B3_zmq_pushpull,zmq_tcp,none,none,,1,10289,512,584,1785153446749526000,1785153446749526000,1785153446749526000,1785153446749527000,1785153446749716000,1785153446749719000,1785153446749719000,1785153446749719000,121932490,121652369,-91.121,0.000,0.000,1.000,3.000,0.000,0.000,3.000,0,0,0
B3_zmq_pushpull,zmq_tcp,none,none,,1,10290,512,584,1785153446750529000,1785153446750529000,1785153446750529000,1785153446750530000,1785153446750696000,1785153446750699000,1785153446750699000,1785153446750699000,121932490,121652369,-114.121,0.000,0.000,1.000,3.000,0.000,0.000,23.000,0,0,0
B3_zmq_pushpull,zmq_tcp,none,none,,1,10291,512,584,1785153446751526000,1785153446751526000,1785153446751526000,1785153446751527000,1785153446751658000,1785153446751661000,1785153446751661000,1785153446751661000,121932490,121652369,-149.121,0.000,0.000,1.000,3.000,0.000,0.000,35.000,0,0,0
B3_zmq_pushpull,zmq_tcp,none,none,,1,10292,512,584,1785153446752529000,1785153446752529000,1785153446752529000,1785153446752530000,1785153446752626000,1785153446752629000,1785153446752629000,1785153446752629000,121932490,121652369,-184.121,0.000,0.000,1.000,3.000,0.000,0.000,35.000,0,0,0
B3_zmq_pushpull,zmq_tcp,none,none,,1,10293,512,584,1785153446753527000,1785153446753528000,1785153446753528000,1785153446753529000,1785153446753614000,1785153446753617000,1785153446753617000,1785153446753617000,121932490,121652369,-195.121,1.000,0.000,1.000,3.000,0.000,0.000,11.000,0,0,0
B3_zmq_pushpull,zmq_tcp,none,none,,1,10294,512,584,1785153446754452000,1785153446754452000,1785153446754452000,1785153446754453000,1785153446754610000,1785153446754612000,1785153446754612000,1785153446754612000,121932490,121652369,-123.121,0.000,0.000,1.000,2.000,0.000,0.000,72.000,0,0,0
B3_zmq_pushpull,zmq_tcp,none,none,,1,10295,512,584,1785153446755451000,1785153446755451000,1785153446755451000,1785153446755452000,1785153446755608000,1785153446755611000,1785153446755611000,1785153446755611000,121932490,121652369,-124.121,0.000,0.000,1.000,3.000,0.000,0.000,1.000,0,0,0
B3_zmq_pushpull,zmq_tcp,none,none,,1,10296,512,584,1785153446756439000,1785153446756439000,1785153446756439000,1785153446756440000,1785153446756595000,1785153446756598000,1785153446756598000,1785153446756598000,121932490,121652369,-125.121,0.000,0.000,1.000,3.000,0.000,0.000,1.000,0,0,0
B3_zmq_pushpull,zmq_tcp,none,none,,1,10297,512,584,1785153446757555000,1785153446757555000,1785153446757555000,1785153446757556000,1785153446757714000,1785153446757716000,1785153446757716000,1785153446757716000,121932490,121652369,-122.121,0.000,0.000,1.000,2.000,0.000,0.000,3.000,0,0,0
B3_zmq_pushpull,zmq_tcp,none,none,,1,10298,512,584,1785153446758518000,1785153446758518000,1785153446758518000,1785153446758519000,1785153446758566000,1785153446758570000,1785153446758570000,1785153446758570000,121932490,121652369,-233.121,0.000,0.000,1.000,4.000,0.000,0.000,111.000,0,0,0
B3_zmq_pushpull,zmq_tcp,none,none,,1,10299,512,584,1785153446759530000,1785153446759530000,1785153446759530000,1785153446759531000,1785153446759676000,1785153446759679000,1785153446759679000,1785153446759679000,121932490,121652369,-135.121,0.000,0.000,1.000,3.000,0.000,0.000,98.000,0,0,0
B3_zmq_pushpull,zmq_tcp,none,none,,1,10300,512,584,1785153446760527000,1785153446760527000,1785153446760527000,1785153446760528000,1785153446760655000,1785153446760658000,1785153446760658000,1785153446760658000,121932490,121652369,-153.121,0.000,0.000,1.000,3.000,0.000,0.000,18.000,0,0,0
B3_zmq_pushpull,zmq_tcp,none,none,,1,10301,512,584,1785153446761530000,1785153446761530000,1785153446761530000,1785153446761531000,1785153446761640000,1785153446761643000,1785153446761643000,1785153446761643000,121932490,121652369,-171.121,0.000,0.000,1.000,3.000,0.000,0.000,18.000,0,0,0
B3_zmq_pushpull,zmq_tcp,none,none,,1,10302,512,584,1785153446762525000,1785153446762525000,1785153446762525000,1785153446762526000,1785153446762640000,1785153446762643000,1785153446762643000,1785153446762643000,121932490,121652369,-166.121,0.000,0.000,1.000,3.000,0.000,0.000,5.000,0,0,0
B3_zmq_pushpull,zmq_tcp,none,none,,1,10303,512,584,1785153446763531000,1785153446763532000,1785153446763532000,1785153446763533000,1785153446763643000,1785153446763646000,1785153446763646000,1785153446763646000,121932490,121652369,-170.121,1.000,0.000,1.000,3.000,0.000,0.000,4.000,0,0,0
B3_zmq_pushpull,zmq_tcp,none,none,,1,10304,512,584,1785153446764527000,1785153446764527000,1785153446764528000,1785153446764528000,1785153446764612000,1785153446764616000,1785153446764616000,1785153446764616000,121932490,121652369,-196.121,0.000,1.000,0.000,4.000,0.000,0.000,26.000,0,0,0
B3_zmq_pushpull,zmq_tcp,none,none,,1,10305,512,584,1785153446765527000,1785153446765527000,1785153446765528000,1785153446765528000,1785153446765603000,1785153446765606000,1785153446765606000,1785153446765606000,121932490,121652369,-205.121,0.000,1.000,0.000,3.000,0.000,0.000,9.000,0,0,0
B3_zmq_pushpull,zmq_tcp,none,none,,1,10306,512,584,1785153446766525000,1785153446766525000,1785153446766525000,1785153446766526000,1785153446766579000,1785153446766582000,1785153446766582000,1785153446766582000,121932490,121652369,-227.121,0.000,0.000,1.000,3.000,0.000,0.000,22.000,0,0,0
B3_zmq_pushpull,zmq_tcp,none,none,,1,10307,512,584,1785153446767530000,1785153446767530000,1785153446767530000,1785153446767531000,1785153446767575000,1785153446767578000,1785153446767578000,1785153446767578000,121932490,121652369,-236.121,0.000,0.000,1.000,3.000,0.000,0.000,9.000,0,0,0
B3_zmq_pushpull,zmq_tcp,none,none,,1,10308,512,584,1785153446768529000,1785153446768529000,1785153446768529000,1785153446768530000,1785153446768694000,1785153446768696000,1785153446768696000,1785153446768696000,121932490,121652369,-116.121,0.000,0.000,1.000,2.000,0.000,0.000,120.000,0,0,0
B3_zmq_pushpull,zmq_tcp,none,none,,1,10309,512,584,1785153446769527000,1785153446769527000,1785153446769527000,1785153446769528000,1785153446769671000,1785153446769674000,1785153446769674000,1785153446769674000,121932490,121652369,-137.121,0.000,0.000,1.000,3.000,0.000,0.000,21.000,0,0,0
B3_zmq_pushpull,zmq_tcp,none,none,,1,10310,512,584,1785153446770527000,1785153446770527000,1785153446770528000,1785153446770528000,1785153446770654000,1785153446770657000,1785153446770657000,1785153446770657000,121932490,121652369,-154.121,0.000,1.000,0.000,3.000,0.000,0.000,17.000,0,0,0
B3_zmq_pushpull,zmq_tcp,none,none,,1,10311,512,584,1785153446771336000,1785153446771337000,1785153446771337000,1785153446771338000,1785153446771487000,1785153446771490000,1785153446771490000,1785153446771490000,121932490,121652369,-131.121,1.000,0.000,1.000,3.000,0.000,0.000,23.000,0,0,0
B3_zmq_pushpull,zmq_tcp,none,none,,1,10312,512,584,1785153446772454000,1785153446772455000,1785153446772455000,1785153446772456000,1785153446772607000,1785153446772611000,1785153446772611000,1785153446772611000,121932490,121652369,-129.121,1.000,0.000,1.000,4.000,0.000,0.000,2.000,0,0,0
B3_zmq_pushpull,zmq_tcp,none,none,,1,10313,512,584,1785153446773434000,1785153446773435000,1785153446773435000,1785153446773436000,1785153446773587000,1785153446773590000,1785153446773590000,1785153446773590000,121932490,121652369,-129.121,1.000,0.000,1.000,3.000,0.000,0.000,0.000,0,0,0
B3_zmq_pushpull,zmq_tcp,none,none,,1,10314,512,584,1785153446774414000,1785153446774415000,1785153446774415000,1785153446774416000,1785153446774567000,1785153446774570000,1785153446774570000,1785153446774570000,121932490,121652369,-129.121,1.000,0.000,1.000,3.000,0.000,0.000,0.000,0,0,0
B3_zmq_pushpull,zmq_tcp,none,none,,1,10315,512,584,1785153446775417000,1785153446775417000,1785153446775417000,1785153446775418000,1785153446775570000,1785153446775572000,1785153446775572000,1785153446775572000,121932490,121652369,-128.121,0.000,0.000,1.000,2.000,0.000,0.000,1.000,0,0,0
B3_zmq_pushpull,zmq_tcp,none,none,,1,10316,512,584,1785153446776557000,1785153446776557000,1785153446776557000,1785153446776558000,1785153446776678000,1785153446776681000,1785153446776681000,1785153446776681000,121932490,121652369,-160.121,0.000,0.000,1.000,3.000,0.000,0.000,32.000,0,0,0
B3_zmq_pushpull,zmq_tcp,none,none,,1,10317,512,584,1785153446777523000,1785153446777523000,1785153446777523000,1785153446777524000,1785153446777660000,1785153446777663000,1785153446777663000,1785153446777663000,121932490,121652369,-144.121,0.000,0.000,1.000,3.000,0.000,0.000,16.000,0,0,0
B3_zmq_pushpull,zmq_tcp,none,none,,1,10318,512,584,1785153446778529000,1785153446778529000,1785153446778529000,1785153446778530000,1785153446778656000,1785153446778659000,1785153446778659000,1785153446778659000,121932490,121652369,-154.121,0.000,0.000,1.000,3.000,0.000,0.000,10.000,0,0,0
B3_zmq_pushpull,zmq_tcp,none,none,,1,10319,512,584,1785153446779527000,1785153446779528000,1785153446779528000,1785153446779529000,1785153446779647000,1785153446779652000,1785153446779652000,1785153446779652000,121932490,121652369,-162.121,1.000,0.000,1.000,5.000,0.000,0.000,8.000,0,0,0
B3_zmq_pushpull,zmq_tcp,none,none,,1,10320,512,584,1785153446780341000,1785153446780341000,1785153446780341000,1785153446780342000,1785153446780481000,1785153446780483000,1785153446780483000,1785153446780483000,121932490,121652369,-141.121,0.000,0.000,1.000,2.000,0.000,0.000,21.000,0,0,0
B3_zmq_pushpull,zmq_tcp,none,none,,1,10321,512,584,1785153446781446000,1785153446781446000,1785153446781446000,1785153446781447000,1785153446781598000,1785153446781601000,1785153446781601000,1785153446781601000,121932490,121652369,-129.121,0.000,0.000,1.000,3.000,0.000,0.000,12.000,0,0,0
B3_zmq_pushpull,zmq_tcp,none,none,,1,10322,512,584,1785153446782430000,1785153446782430000,1785153446782430000,1785153446782431000,1785153446782590000,1785153446782593000,1785153446782593000,1785153446782593000,121932490,121652369,-121.121,0.000,0.000,1.000,3.000,0.000,0.000,8.000,0,0,0
B3_zmq_pushpull,zmq_tcp,none,none,,1,10323,512,584,1785153446783555000,1785153446783556000,1785153446783556000,1785153446783557000,1785153446783719000,1785153446783722000,1785153446783722000,1785153446783722000,121932490,121652369,-118.121,1.000,0.000,1.000,3.000,0.000,0.000,3.000,0,0,0
B3_zmq_pushpull,zmq_tcp,none,none,,1,10324,512,584,1785153446784421000,1785153446784421000,1785153446784421000,1785153446784422000,1785153446784581000,1785153446784583000,1785153446784583000,1785153446784583000,121932490,121652369,-121.121,0.000,0.000,1.000,2.000,0.000,0.000,3.000,0,0,0
B3_zmq_pushpull,zmq_tcp,none,none,,1,10325,512,584,1785153446785424000,1785153446785424000,1785153446785424000,1785153446785425000,1785153446785584000,1785153446785587000,1785153446785587000,1785153446785587000,121932490,121652369,-121.121,0.000,0.000,1.000,3.000,0.000,0.000,0.000,0,0,0
B3_zmq_pushpull,zmq_tcp,none,none,,1,10326,512,584,1785153446786553000,1785153446786553000,1785153446786553000,1785153446786554000,1785153446786698000,1785153446786701000,1785153446786701000,1785153446786701000,121932490,121652369,-136.121,0.000,0.000,1.000,3.000,0.000,0.000,15.000,0,0,0
B3_zmq_pushpull,zmq_tcp,none,none,,1,10327,512,584,1785153446787522000,1785153446787522000,1785153446787522000,1785153446787523000,1785153446787661000,1785153446787663000,1785153446787663000,1785153446787663000,121932490,121652369,-142.121,0.000,0.000,1.000,2.000,0.000,0.000,6.000,0,0,0
B3_zmq_pushpull,zmq_tcp,none,none,,1,10328,512,584,1785153446788526000,1785153446788526000,1785153446788526000,1785153446788527000,1785153446788642000,1785153446788645000,1785153446788645000,1785153446788645000,121932490,121652369,-165.121,0.000,0.000,1.000,3.000,0.000,0.000,23.000,0,0,0
B3_zmq_pushpull,zmq_tcp,none,none,,1,10329,512,584,1785153446789531000,1785153446789532000,1785153446789532000,1785153446789533000,1785153446789641000,1785153446789643000,1785153446789643000,1785153446789643000,121932490,121652369,-172.121,1.000,0.000,1.000,2.000,0.000,0.000,7.000,0,0,0
B3_zmq_pushpull,zmq_tcp,none,none,,1,10330,512,584,1785153446790527000,1785153446790528000,1785153446790528000,1785153446790529000,1785153446790638000,1785153446790640000,1785153446790640000,1785153446790640000,121932490,121652369,-171.121,1.000,0.000,1.000,2.000,0.000,0.000,1.000,0,0,0
B3_zmq_pushpull,zmq_tcp,none,none,,1,10331,512,584,1785153446791530000,1785153446791530000,1785153446791530000,1785153446791531000,1785153446791637000,1785153446791639000,1785153446791639000,1785153446791639000,121932490,121652369,-174.121,0.000,0.000,1.000,2.000,0.000,0.000,3.000,0,0,0
B3_zmq_pushpull,zmq_tcp,none,none,,1,10332,512,584,1785153446792527000,1785153446792528000,1785153446792528000,1785153446792529000,1785153446792635000,1785153446792638000,1785153446792638000,1785153446792638000,121932490,121652369,-174.121,1.000,0.000,1.000,3.000,0.000,0.000,0.000,0,0,0
B3_zmq_pushpull,zmq_tcp,none,none,,1,10333,512,584,1785153446793527000,1785153446793528000,1785153446793528000,1785153446793529000,1785153446793607000,1785153446793611000,1785153446793611000,1785153446793611000,121932490,121652369,-202.121,1.000,0.000,1.000,4.000,0.000,0.000,28.000,0,0,0
B3_zmq_pushpull,zmq_tcp,none,none,,1,10334,512,584,1785153446794528000,1785153446794528000,1785153446794528000,1785153446794529000,1785153446794585000,1785153446794588000,1785153446794588000,1785153446794588000,121932490,121652369,-224.121,0.000,0.000,1.000,3.000,0.000,0.000,22.000,0,0,0
B3_zmq_pushpull,zmq_tcp,none,none,,1,10335,512,584,1785153446795526000,1785153446795526000,1785153446795526000,1785153446795527000,1785153446795568000,1785153446795571000,1785153446795571000,1785153446795571000,121932490,121652369,-239.121,0.000,0.000,1.000,3.000,0.000,0.000,15.000,0,0,0
B3_zmq_pushpull,zmq_tcp,none,none,,1,10336,512,584,1785153446796529000,1785153446796529000,1785153446796529000,1785153446796530000,1785153446796697000,1785153446796699000,1785153446796699000,1785153446796699000,121932490,121652369,-113.121,0.000,0.000,1.000,2.000,0.000,0.000,126.000,0,0,0
B3_zmq_pushpull,zmq_tcp,none,none,,1,10337,512,584,1785153446797528000,1785153446797528000,1785153446797528000,1785153446797529000,1785153446797675000,1785153446797678000,1785153446797678000,1785153446797678000,121932490,121652369,-134.121,0.000,0.000,1.000,3.000,0.000,0.000,21.000,0,0,0
B3_zmq_pushpull,zmq_tcp,none,none,,1,10338,512,584,1785153446798528000,1785153446798528000,1785153446798528000,1785153446798529000,1785153446798681000,1785153446798683000,1785153446798683000,1785153446798683000,121932490,121652369,-128.121,0.000,0.000,1.000,2.000,0.000,0.000,6.000,0,0,0
B3_zmq_pushpull,zmq_tcp,none,none,,1,10339,512,584,1785153446799526000,1785153446799526000,1785153446799526000,1785153446799527000,1785153446799682000,1785153446799685000,1785153446799685000,1785153446799685000,121932490,121652369,-125.121,0.000,0.000,1.000,3.000,0.000,0.000,3.000,0,0,0
B3_zmq_pushpull,zmq_tcp,none,none,,1,10340,512,584,1785153446800347000,1785153446800347000,1785153446800347000,1785153446800348000,1785153446800498000,1785153446800501000,1785153446800501000,1785153446800501000,121932490,121652369,-130.121,0.000,0.000,1.000,3.000,0.000,0.000,5.000,0,0,0
B3_zmq_pushpull,zmq_tcp,none,none,,1,10341,512,584,1785153446801340000,1785153446801340000,1785153446801340000,1785153446801341000,1785153446801479000,1785153446801482000,1785153446801482000,1785153446801482000,121932490,121652369,-142.121,0.000,0.000,1.000,3.000,0.000,0.000,12.000,0,0,0
B3_zmq_pushpull,zmq_tcp,none,none,,1,10342,512,584,1785153446802446000,1785153446802446000,1785153446802446000,1785153446802447000,1785153446802600000,1785153446802603000,1785153446802603000,1785153446802603000,121932490,121652369,-127.121,0.000,0.000,1.000,3.000,0.000,0.000,15.000,0,0,0
B3_zmq_pushpull,zmq_tcp,none,none,,1,10343,512,584,1785153446803428000,1785153446803428000,1785153446803428000,1785153446803429000,1785153446803578000,1785153446803580000,1785153446803580000,1785153446803580000,121932490,121652369,-131.121,0.000,0.000,1.000,2.000,0.000,0.000,4.000,0,0,0
B3_zmq_pushpull,zmq_tcp,none,none,,1,10344,512,584,1785153446804407000,1785153446804407000,1785153446804407000,1785153446804408000,1785153446804565000,1785153446804567000,1785153446804567000,1785153446804567000,121932490,121652369,-123.121,0.000,0.000,1.000,2.000,0.000,0.000,8.000,0,0,0
B3_zmq_pushpull,zmq_tcp,none,none,,1,10345,512,584,1785153446805558000,1785153446805558000,1785153446805559000,1785153446805559000,1785153446805691000,1785153446805694000,1785153446805694000,1785153446805694000,121932490,121652369,-148.121,0.000,1.000,0.000,3.000,0.000,0.000,25.000,0,0,0
B3_zmq_pushpull,zmq_tcp,none,none,,1,10346,512,584,1785153446806521000,1785153446806521000,1785153446806521000,1785153446806522000,1785153446806675000,1785153446806678000,1785153446806678000,1785153446806678000,121932490,121652369,-127.121,0.000,0.000,1.000,3.000,0.000,0.000,21.000,0,0,0
B3_zmq_pushpull,zmq_tcp,none,none,,1,10347,512,584,1785153446807530000,1785153446807530000,1785153446807530000,1785153446807531000,1785153446807649000,1785153446807651000,1785153446807651000,1785153446807651000,121932490,121652369,-162.121,0.000,0.000,1.000,2.000,0.000,0.000,35.000,0,0,0
B3_zmq_pushpull,zmq_tcp,none,none,,1,10348,512,584,1785153446808528000,1785153446808529000,1785153446808529000,1785153446808530000,1785153446808616000,1785153446808618000,1785153446808618000,1785153446808618000,121932490,121652369,-194.121,1.000,0.000,1.000,2.000,0.000,0.000,32.000,0,0,0
B3_zmq_pushpull,zmq_tcp,none,none,,1,10349,512,584,1785153446809529000,1785153446809529000,1785153446809529000,1785153446809530000,1785153446809592000,1785153446809595000,1785153446809595000,1785153446809595000,121932490,121652369,-218.121,0.000,0.000,1.000,3.000,0.000,0.000,24.000,0,0,0
B3_zmq_pushpull,zmq_tcp,none,none,,1,10350,512,584,1785153446810526000,1785153446810526000,1785153446810526000,1785153446810527000,1785153446810592000,1785153446810596000,1785153446810596000,1785153446810596000,121932490,121652369,-215.121,0.000,0.000,1.000,4.000,0.000,0.000,3.000,0,0,0
B3_zmq_pushpull,zmq_tcp,none,none,,1,10351,512,584,1785153446811529000,1785153446811529000,1785153446811529000,1785153446811530000,1785153446811597000,1785153446811600000,1785153446811600000,1785153446811600000,121932490,121652369,-213.121,0.000,0.000,1.000,3.000,0.000,0.000,2.000,0,0,0
B3_zmq_pushpull,zmq_tcp,none,none,,1,10352,512,584,1785153446812529000,1785153446812529000,1785153446812529000,1785153446812530000,1785153446812601000,1785153446812604000,1785153446812604000,1785153446812604000,121932490,121652369,-209.121,0.000,0.000,1.000,3.000,0.000,0.000,4.000,0,0,0
B3_zmq_pushpull,zmq_tcp,none,none,,1,10353,512,584,1785153446813529000,1785153446813529000,1785153446813529000,1785153446813530000,1785153446813723000,1785153446813726000,1785153446813726000,1785153446813726000,121932490,121652369,-87.121,0.000,0.000,1.000,3.000,0.000,0.000,122.000,0,0,0
B3_zmq_pushpull,zmq_tcp,none,none,,1,10354,512,584,1785153446814430000,1785153446814430000,1785153446814430000,1785153446814431000,1785153446814585000,1785153446814588000,1785153446814588000,1785153446814588000,121932490,121652369,-126.121,0.000,0.000,1.000,3.000,0.000,0.000,39.000,0,0,0
B3_zmq_pushpull,zmq_tcp,none,none,,1,10355,512,584,1785153446815433000,1785153446815433000,1785153446815433000,1785153446815434000,1785153446815587000,1785153446815590000,1785153446815590000,1785153446815590000,121932490,121652369,-127.121,0.000,0.000,1.000,3.000,0.000,0.000,1.000,0,0,0
B3_zmq_pushpull,zmq_tcp,none,none,,1,10356,512,584,1785153446816422000,1785153446816423000,1785153446816423000,1785153446816424000,1785153446816565000,1785153446816568000,1785153446816568000,1785153446816568000,121932490,121652369,-139.121,1.000,0.000,1.000,3.000,0.000,0.000,12.000,0,0,0
B3_zmq_pushpull,zmq_tcp,none,none,,1,10357,512,584,1785153446817416000,1785153446817416000,1785153446817416000,1785153446817418000,1785153446817561000,1785153446817564000,1785153446817564000,1785153446817564000,121932490,121652369,-137.121,0.000,0.000,2.000,3.000,0.000,0.000,2.000,0,0,0
B3_zmq_pushpull,zmq_tcp,none,none,,1,10358,512,584,1785153446818554000,1785153446818554000,1785153446818554000,1785153446818555000,1785153446818682000,1785153446818685000,1785153446818685000,1785153446818685000,121932490,121652369,-153.121,0.000,0.000,1.000,3.000,0.000,0.000,16.000,0,0,0
B3_zmq_pushpull,zmq_tcp,none,none,,1,10359,512,584,1785153446819521000,1785153446819521000,1785153446819521000,1785153446819522000,1785153446819659000,1785153446819662000,1785153446819662000,1785153446819662000,121932490,121652369,-143.121,0.000,0.000,1.000,3.000,0.000,0.000,10.000,0,0,0
B3_zmq_pushpull,zmq_tcp,none,none,,1,10360,512,584,1785153446820530000,1785153446820530000,1785153446820531000,1785153446820531000,1785153446820642000,1785153446820645000,1785153446820645000,1785153446820645000,121932490,121652369,-169.121,0.000,1.000,0.000,3.000,0.000,0.000,26.000,0,0,0
B3_zmq_pushpull,zmq_tcp,none,none,,1,10361,512,584,1785153446821524000,1785153446821524000,1785153446821524000,1785153446821525000,1785153446821634000,1785153446821637000,1785153446821637000,1785153446821637000,121932490,121652369,-171.121,0.000,0.000,1.000,3.000,0.000,0.000,2.000,0,0,0
B3_zmq_pushpull,zmq_tcp,none,none,,1,10362,512,584,1785153446822529000,1785153446822529000,1785153446822529000,1785153446822530000,1785153446822605000,1785153446822607000,1785153446822607000,1785153446822607000,121932490,121652369,-205.121,0.000,0.000,1.000,2.000,0.000,0.000,34.000,0,0,0
B3_zmq_pushpull,zmq_tcp,none,none,,1,10363,512,584,1785153446823528000,1785153446823528000,1785153446823528000,1785153446823529000,1785153446823573000,1785153446823576000,1785153446823576000,1785153446823576000,121932490,121652369,-236.121,0.000,0.000,1.000,3.000,0.000,0.000,31.000,0,0,0
B3_zmq_pushpull,zmq_tcp,none,none,,1,10364,512,584,1785153446824528000,1785153446824528000,1785153446824528000,1785153446824529000,1785153446824680000,1785153446824682000,1785153446824682000,1785153446824682000,121932490,121652369,-129.121,0.000,0.000,1.000,2.000,0.000,0.000,107.000,0,0,0
B3_zmq_pushpull,zmq_tcp,none,none,,1,10365,512,584,1785153446825526000,1785153446825526000,1785153446825526000,1785153446825527000,1785153446825693000,1785153446825696000,1785153446825696000,1785153446825696000,121932490,121652369,-114.121,0.000,0.000,1.000,3.000,0.000,0.000,15.000,0,0,0
B3_zmq_pushpull,zmq_tcp,none,none,,1,10366,512,584,1785153446826529000,1785153446826529000,1785153446826529000,1785153446826530000,1785153446826689000,1785153446826694000,1785153446826694000,1785153446826694000,121932490,121652369,-121.121,0.000,0.000,1.000,5.000,0.000,0.000,7.000,0,0,0
B3_zmq_pushpull,zmq_tcp,none,none,,1,10367,512,584,1785153446827529000,1785153446827529000,1785153446827530000,1785153446827531000,1785153446827675000,1785153446827678000,1785153446827678000,1785153446827678000,121932490,121652369,-136.121,0.000,1.000,1.000,3.000,0.000,0.000,15.000,0,0,0
B3_zmq_pushpull,zmq_tcp,none,none,,1,10368,512,584,1785153446828361000,1785153446828361000,1785153446828361000,1785153446828362000,1785153446828519000,1785153446828522000,1785153446828522000,1785153446828522000,121932490,121652369,-123.121,0.000,0.000,1.000,3.000,0.000,0.000,13.000,0,0,0
B3_zmq_pushpull,zmq_tcp,none,none,,1,10369,512,584,1785153446829575000,1785153446829575000,1785153446829575000,1785153446829576000,1785153446829759000,1785153446829762000,1785153446829762000,1785153446829762000,121932490,121652369,-97.121,0.000,0.000,1.000,3.000,0.000,0.000,26.000,0,0,0
B3_zmq_pushpull,zmq_tcp,none,none,,1,10370,512,584,1785153446830517000,1785153446830517000,1785153446830517000,1785153446830518000,1785153446830602000,1785153446830605000,1785153446830605000,1785153446830605000,121932490,121652369,-196.121,0.000,0.000,1.000,3.000,0.000,0.000,99.000,0,0,0
B3_zmq_pushpull,zmq_tcp,none,none,,1,10371,512,584,1785153446831532000,1785153446831532000,1785153446831532000,1785153446831533000,1785153446831607000,1785153446831610000,1785153446831610000,1785153446831610000,121932490,121652369,-206.121,0.000,0.000,1.000,3.000,0.000,0.000,10.000,0,0,0
B3_zmq_pushpull,zmq_tcp,none,none,,1,10372,512,584,1785153446832528000,1785153446832528000,1785153446832528000,1785153446832529000,1785153446832605000,1785153446832609000,1785153446832609000,1785153446832609000,121932490,121652369,-204.121,0.000,0.000,1.000,4.000,0.000,0.000,2.000,0,0,0
B3_zmq_pushpull,zmq_tcp,none,none,,1,10373,512,584,1785153446833529000,1785153446833529000,1785153446833529000,1785153446833530000,1785153446833701000,1785153446833704000,1785153446833704000,1785153446833704000,121932490,121652369,-109.121,0.000,0.000,1.000,3.000,0.000,0.000,95.000,0,0,0
B3_zmq_pushpull,zmq_tcp,none,none,,1,10374,512,584,1785153446834531000,1785153446834531000,1785153446834531000,1785153446834532000,1785153446834590000,1785153446834594000,1785153446834594000,1785153446834594000,121932490,121652369,-222.121,0.000,0.000,1.000,4.000,0.000,0.000,113.000,0,0,0
B3_zmq_pushpull,zmq_tcp,none,none,,1,10375,512,584,1785153446835529000,1785153446835530000,1785153446835530000,1785153446835531000,1785153446835592000,1785153446835596000,1785153446835596000,1785153446835596000,121932490,121652369,-219.121,1.000,0.000,1.000,4.000,0.000,0.000,3.000,0,0,0
B3_zmq_pushpull,zmq_tcp,none,none,,1,10376,512,584,1785153446836527000,1785153446836527000,1785153446836527000,1785153446836528000,1785153446836600000,1785153446836604000,1785153446836604000,1785153446836604000,121932490,121652369,-208.121,0.000,0.000,1.000,4.000,0.000,0.000,11.000,0,0,0
B3_zmq_pushpull,zmq_tcp,none,none,,1,10377,512,584,1785153446837531000,1785153446837531000,1785153446837531000,1785153446837533000,1785153446837597000,1785153446837600000,1785153446837600000,1785153446837600000,121932490,121652369,-216.121,0.000,0.000,2.000,3.000,0.000,0.000,8.000,0,0,0
B3_zmq_pushpull,zmq_tcp,none,none,,1,10378,512,584,1785153446838528000,1785153446838529000,1785153446838529000,1785153446838530000,1785153446838586000,1785153446838590000,1785153446838590000,1785153446838590000,121932490,121652369,-224.121,1.000,0.000,1.000,4.000,0.000,0.000,8.000,0,0,0
B3_zmq_pushpull,zmq_tcp,none,none,,1,10379,512,584,1785153446839529000,1785153446839529000,1785153446839529000,1785153446839530000,1785153446839598000,1785153446839600000,1785153446839600000,1785153446839600000,121932490,121652369,-212.121,0.000,0.000,1.000,2.000,0.000,0.000,12.000,0,0,0
B3_zmq_pushpull,zmq_tcp,none,none,,1,10380,512,584,1785153446840530000,1785153446840530000,1785153446840530000,1785153446840531000,1785153446840611000,1785153446840614000,1785153446840614000,1785153446840614000,121932490,121652369,-200.121,0.000,0.000,1.000,3.000,0.000,0.000,12.000,0,0,0
B3_zmq_pushpull,zmq_tcp,none,none,,1,10381,512,584,1785153446841529000,1785153446841529000,1785153446841529000,1785153446841530000,1785153446841610000,1785153446841613000,1785153446841613000,1785153446841613000,121932490,121652369,-200.121,0.000,0.000,1.000,3.000,0.000,0.000,0.000,0,0,0
B3_zmq_pushpull,zmq_tcp,none,none,,1,10382,512,584,1785153446842529000,1785153446842529000,1785153446842529000,1785153446842531000,1785153446842734000,1785153446842738000,1785153446842738000,1785153446842738000,121932490,121652369,-77.121,0.000,0.000,2.000,4.000,0.000,0.000,123.000,0,0,0
B3_zmq_pushpull,zmq_tcp,none,none,,1,10383,512,584,1785153446843527000,1785153446843527000,1785153446843527000,1785153446843528000,1785153446843617000,1785153446843620000,1785153446843620000,1785153446843620000,121932490,121652369,-191.121,0.000,0.000,1.000,3.000,0.000,0.000,114.000,0,0,0
B3_zmq_pushpull,zmq_tcp,none,none,,1,10384,512,584,1785153446844536000,1785153446844537000,1785153446844537000,1785153446844538000,1785153446844645000,1785153446844647000,1785153446844647000,1785153446844647000,121932490,121652369,-173.121,1.000,0.000,1.000,2.000,0.000,0.000,18.000,0,0,0
B3_zmq_pushpull,zmq_tcp,none,none,,1,10385,512,584,1785153446845527000,1785153446845527000,1785153446845527000,1785153446845528000,1785153446845657000,1785153446845659000,1785153446845659000,1785153446845659000,121932490,121652369,-151.121,0.000,0.000,1.000,2.000,0.000,0.000,22.000,0,0,0
B3_zmq_pushpull,zmq_tcp,none,none,,1,10386,512,584,1785153446846531000,1785153446846531000,1785153446846531000,1785153446846532000,1785153446846679000,1785153446846682000,1785153446846682000,1785153446846682000,121932490,121652369,-133.121,0.000,0.000,1.000,3.000,0.000,0.000,18.000,0,0,0
B3_zmq_pushpull,zmq_tcp,none,none,,1,10387,512,584,1785153446847528000,1785153446847528000,1785153446847528000,1785153446847529000,1785153446847693000,1785153446847695000,1785153446847695000,1785153446847695000,121932490,121652369,-116.121,0.000,0.000,1.000,2.000,0.000,0.000,17.000,0,0,0
B3_zmq_pushpull,zmq_tcp,none,none,,1,10388,512,584,1785153446848404000,1785153446848404000,1785153446848404000,1785153446848405000,1785153446848561000,1785153446848564000,1785153446848564000,1785153446848564000,121932490,121652369,-124.121,0.000,0.000,1.000,3.000,0.000,0.000,8.000,0,0,0
B3_zmq_pushpull,zmq_tcp,none,none,,1,10389,512,584,1785153446849560000,1785153446849561000,1785153446849561000,1785153446849562000,1785153446849710000,1785153446849713000,1785153446849713000,1785153446849713000,121932490,121652369,-132.121,1.000,0.000,1.000,3.000,0.000,0.000,8.000,0,0,0
B3_zmq_pushpull,zmq_tcp,none,none,,1,10390,512,584,1785153446850522000,1785153446850522000,1785153446850522000,1785153446850523000,1785153446850717000,1785153446850719000,1785153446850719000,1785153446850719000,121932490,121652369,-86.121,0.000,0.000,1.000,2.000,0.000,0.000,46.000,0,0,0
B3_zmq_pushpull,zmq_tcp,none,none,,1,10391,512,584,1785153446851535000,1785153446851535000,1785153446851535000,1785153446851536000,1785153446851580000,1785153446851583000,1785153446851583000,1785153446851583000,121932490,121652369,-236.121,0.000,0.000,1.000,3.000,0.000,0.000,150.000,0,0,0
B3_zmq_pushpull,zmq_tcp,none,none,,1,10392,512,584,1785153446852437000,1785153446852437000,1785153446852437000,1785153446852438000,1785153446852594000,1785153446852597000,1785153446852597000,1785153446852597000,121932490,121652369,-124.121,0.000,0.000,1.000,3.000,0.000,0.000,112.000,0,0,0
B3_zmq_pushpull,zmq_tcp,none,none,,1,10393,512,584,1785153446853552000,1785153446853552000,1785153446853552000,1785153446853553000,1785153446853743000,1785153446853746000,1785153446853746000,1785153446853746000,121932490,121652369,-90.121,0.000,0.000,1.000,3.000,0.000,0.000,34.000,0,0,0
B3_zmq_pushpull,zmq_tcp,none,none,,1,10394,512,584,1785153446854520000,1785153446854520000,1785153446854521000,1785153446854521000,1785153446854610000,1785153446854613000,1785153446854613000,1785153446854613000,121932490,121652369,-191.121,0.000,1.000,0.000,3.000,0.000,0.000,101.000,0,0,0
B3_zmq_pushpull,zmq_tcp,none,none,,1,10395,512,584,1785153446855533000,1785153446855533000,1785153446855533000,1785153446855534000,1785153446855619000,1785153446855623000,1785153446855623000,1785153446855623000,121932490,121652369,-195.121,0.000,0.000,1.000,4.000,0.000,0.000,4.000,0,0,0
B3_zmq_pushpull,zmq_tcp,none,none,,1,10396,512,584,1785153446856528000,1785153446856528000,1785153446856528000,1785153446856529000,1785153446856634000,1785153446856637000,1785153446856637000,1785153446856637000,121932490,121652369,-175.121,0.000,0.000,1.000,3.000,0.000,0.000,20.000,0,0,0
B3_zmq_pushpull,zmq_tcp,none,none,,1,10397,512,584,1785153446857529000,1785153446857529000,1785153446857529000,1785153446857530000,1785153446857632000,1785153446857634000,1785153446857634000,1785153446857634000,121932490,121652369,-178.121,0.000,0.000,1.000,2.000,0.000,0.000,3.000,0,0,0
B3_zmq_pushpull,zmq_tcp,none,none,,1,10398,512,584,1785153446858526000,1785153446858526000,1785153446858526000,1785153446858527000,1785153446858631000,1785153446858634000,1785153446858634000,1785153446858634000,121932490,121652369,-176.121,0.000,0.000,1.000,3.000,0.000,0.000,2.000,0,0,0
B3_zmq_pushpull,zmq_tcp,none,none,,1,10399,512,584,1785153446859532000,1785153446859533000,1785153446859533000,1785153446859534000,1785153446859634000,1785153446859637000,1785153446859637000,1785153446859637000,121932490,121652369,-180.121,1.000,0.000,1.000,3.000,0.000,0.000,4.000,0,0,0
B3_zmq_pushpull,zmq_tcp,none,none,,1,10400,512,584,1785153446860529000,1785153446860529000,1785153446860529000,1785153446860530000,1785153446860631000,1785153446860634000,1785153446860634000,1785153446860634000,121932490,121652369,-179.121,0.000,0.000,1.000,3.000,0.000,0.000,1.000,0,0,0
B3_zmq_pushpull,zmq_tcp,none,none,,1,10401,512,584,1785153446861529000,1785153446861529000,1785153446861529000,1785153446861530000,1785153446861647000,1785153446861650000,1785153446861650000,1785153446861650000,121932490,121652369,-163.121,0.000,0.000,1.000,3.000,0.000,0.000,16.000,0,0,0
B3_zmq_pushpull,zmq_tcp,none,none,,1,10402,512,584,1785153446862527000,1785153446862528000,1785153446862528000,1785153446862529000,1785153446862658000,1785153446862661000,1785153446862661000,1785153446862661000,121932490,121652369,-151.121,1.000,0.000,1.000,3.000,0.000,0.000,12.000,0,0,0
B3_zmq_pushpull,zmq_tcp,none,none,,1,10403,512,584,1785153446863529000,1785153446863529000,1785153446863529000,1785153446863530000,1785153446863662000,1785153446863665000,1785153446863665000,1785153446863665000,121932490,121652369,-148.121,0.000,0.000,1.000,3.000,0.000,0.000,3.000,0,0,0
B3_zmq_pushpull,zmq_tcp,none,none,,1,10404,512,584,1785153446864529000,1785153446864529000,1785153446864529000,1785153446864531000,1785153446864670000,1785153446864673000,1785153446864673000,1785153446864673000,121932490,121652369,-141.121,0.000,0.000,2.000,3.000,0.000,0.000,7.000,0,0,0
B3_zmq_pushpull,zmq_tcp,none,none,,1,10405,512,584,1785153446865525000,1785153446865525000,1785153446865525000,1785153446865526000,1785153446865683000,1785153446865686000,1785153446865686000,1785153446865686000,121932490,121652369,-123.121,0.000,0.000,1.000,3.000,0.000,0.000,18.000,0,0,0
B3_zmq_pushpull,zmq_tcp,none,none,,1,10406,512,584,1785153446866530000,1785153446866531000,1785153446866531000,1785153446866532000,1785153446866679000,1785153446866682000,1785153446866682000,1785153446866682000,121932490,121652369,-133.121,1.000,0.000,1.000,3.000,0.000,0.000,10.000,0,0,0
B3_zmq_pushpull,zmq_tcp,none,none,,1,10407,512,584,1785153446867529000,1785153446867529000,1785153446867529000,1785153446867530000,1785153446867683000,1785153446867686000,1785153446867686000,1785153446867686000,121932490,121652369,-127.121,0.000,0.000,1.000,3.000,0.000,0.000,6.000,0,0,0
B3_zmq_pushpull,zmq_tcp,none,none,,1,10408,512,584,1785153446868530000,1785153446868530000,1785153446868530000,1785153446868531000,1785153446868698000,1785153446868701000,1785153446868701000,1785153446868701000,121932490,121652369,-113.121,0.000,0.000,1.000,3.000,0.000,0.000,14.000,0,0,0
B3_zmq_pushpull,zmq_tcp,none,none,,1,10409,512,584,1785153446869528000,1785153446869528000,1785153446869528000,1785153446869529000,1785153446869696000,1785153446869699000,1785153446869699000,1785153446869699000,121932490,121652369,-113.121,0.000,0.000,1.000,3.000,0.000,0.000,0.000,0,0,0
B3_zmq_pushpull,zmq_tcp,none,none,,1,10410,512,584,1785153446870388000,1785153446870388000,1785153446870388000,1785153446870390000,1785153446870546000,1785153446870549000,1785153446870549000,1785153446870549000,121932490,121652369,-124.121,0.000,0.000,2.000,3.000,0.000,0.000,11.000,0,0,0
B3_zmq_pushpull,zmq_tcp,none,none,,1,10411,512,584,1785153446871391000,1785153446871391000,1785153446871391000,1785153446871392000,1785153446871553000,1785153446871555000,1785153446871555000,1785153446871555000,121932490,121652369,-119.121,0.000,0.000,1.000,2.000,0.000,0.000,5.000,0,0,0
B3_zmq_pushpull,zmq_tcp,none,none,,1,10412,512,584,1785153446872565000,1785153446872565000,1785153446872565000,1785153446872566000,1785153446872692000,1785153446872695000,1785153446872695000,1785153446872695000,121932490,121652369,-154.121,0.000,0.000,1.000,3.000,0.000,0.000,35.000,0,0,0
B3_zmq_pushpull,zmq_tcp,none,none,,1,10413,512,584,1785153446873517000,1785153446873517000,1785153446873517000,1785153446873518000,1785153446873705000,1785153446873707000,1785153446873707000,1785153446873707000,121932490,121652369,-93.121,0.000,0.000,1.000,2.000,0.000,0.000,61.000,0,0,0
B3_zmq_pushpull,zmq_tcp,none,none,,1,10414,512,584,1785153446874535000,1785153446874535000,1785153446874535000,1785153446874536000,1785153446874715000,1785153446874718000,1785153446874718000,1785153446874718000,121932490,121652369,-101.121,0.000,0.000,1.000,3.000,0.000,0.000,8.000,0,0,0
B3_zmq_pushpull,zmq_tcp,none,none,,1,10415,512,584,1785153446875528000,1785153446875528000,1785153446875528000,1785153446875529000,1785153446875572000,1785153446875576000,1785153446875576000,1785153446875576000,121932490,121652369,-237.121,0.000,0.000,1.000,4.000,0.000,0.000,136.000,0,0,0
B3_zmq_pushpull,zmq_tcp,none,none,,1,10416,512,584,1785153446876430000,1785153446876430000,1785153446876430000,1785153446876431000,1785153446876586000,1785153446876589000,1785153446876589000,1785153446876589000,121932490,121652369,-125.121,0.000,0.000,1.000,3.000,0.000,0.000,112.000,0,0,0
B3_zmq_pushpull,zmq_tcp,none,none,,1,10417,512,584,1785153446877553000,1785153446877553000,1785153446877553000,1785153446877554000,1785153446877595000,1785153446877597000,1785153446877597000,1785153446877597000,121932490,121652369,-239.121,0.000,0.000,1.000,2.000,0.000,0.000,114.000,0,0,0
B3_zmq_pushpull,zmq_tcp,none,none,,1,10418,512,584,1785153446878438000,1785153446878438000,1785153446878438000,1785153446878439000,1785153446878591000,1785153446878594000,1785153446878594000,1785153446878594000,121932490,121652369,-128.121,0.000,0.000,1.000,3.000,0.000,0.000,111.000,0,0,0
B3_zmq_pushpull,zmq_tcp,none,none,,1,10419,512,584,1785153446879553000,1785153446879553000,1785153446879553000,1785153446879554000,1785153446879727000,1785153446879730000,1785153446879730000,1785153446879730000,121932490,121652369,-107.121,0.000,0.000,1.000,3.000,0.000,0.000,21.000,0,0,0
B3_zmq_pushpull,zmq_tcp,none,none,,1,10420,512,584,1785153446880522000,1785153446880523000,1785153446880523000,1785153446880524000,1785153446880590000,1785153446880593000,1785153446880593000,1785153446880593000,121932490,121652369,-214.121,1.000,0.000,1.000,3.000,0.000,0.000,107.000,0,0,0
B3_zmq_pushpull,zmq_tcp,none,none,,1,10421,512,584,1785153446881530000,1785153446881531000,1785153446881531000,1785153446881532000,1785153446881608000,1785153446881611000,1785153446881611000,1785153446881611000,121932490,121652369,-204.121,1.000,0.000,1.000,3.000,0.000,0.000,10.000,0,0,0
B3_zmq_pushpull,zmq_tcp,none,none,,1,10422,512,584,1785153446882532000,1785153446882532000,1785153446882532000,1785153446882533000,1785153446882623000,1785153446882626000,1785153446882626000,1785153446882626000,121932490,121652369,-190.121,0.000,0.000,1.000,3.000,0.000,0.000,14.000,0,0,0
B3_zmq_pushpull,zmq_tcp,none,none,,1,10423,512,584,1785153446883529000,1785153446883530000,1785153446883530000,1785153446883531000,1785153446883621000,1785153446883624000,1785153446883624000,1785153446883624000,121932490,121652369,-190.121,1.000,0.000,1.000,3.000,0.000,0.000,0.000,0,0,0
B3_zmq_pushpull,zmq_tcp,none,none,,1,10424,512,584,1785153446884528000,1785153446884528000,1785153446884528000,1785153446884529000,1785153446884613000,1785153446884615000,1785153446884615000,1785153446884615000,121932490,121652369,-196.121,0.000,0.000,1.000,2.000,0.000,0.000,6.000,0,0,0
B3_zmq_pushpull,zmq_tcp,none,none,,1,10425,512,584,1785153446885529000,1785153446885529000,1785153446885529000,1785153446885530000,1785153446885607000,1785153446885610000,1785153446885610000,1785153446885610000,121932490,121652369,-203.121,0.000,0.000,1.000,3.000,0.000,0.000,7.000,0,0,0
B3_zmq_pushpull,zmq_tcp,none,none,,1,10426,512,584,1785153446886530000,1785153446886530000,1785153446886530000,1785153446886531000,1785153446886621000,1785153446886623000,1785153446886623000,1785153446886623000,121932490,121652369,-190.121,0.000,0.000,1.000,2.000,0.000,0.000,13.000,0,0,0
B3_zmq_pushpull,zmq_tcp,none,none,,1,10427,512,584,1785153446887530000,1785153446887530000,1785153446887530000,1785153446887531000,1785153446887630000,1785153446887633000,1785153446887633000,1785153446887633000,121932490,121652369,-181.121,0.000,0.000,1.000,3.000,0.000,0.000,9.000,0,0,0
B3_zmq_pushpull,zmq_tcp,none,none,,1,10428,512,584,1785153446888530000,1785153446888530000,1785153446888530000,1785153446888531000,1785153446888646000,1785153446888649000,1785153446888649000,1785153446888649000,121932490,121652369,-165.121,0.000,0.000,1.000,3.000,0.000,0.000,16.000,0,0,0
B3_zmq_pushpull,zmq_tcp,none,none,,1,10429,512,584,1785153446889529000,1785153446889529000,1785153446889529000,1785153446889530000,1785153446889643000,1785153446889646000,1785153446889646000,1785153446889646000,121932490,121652369,-167.121,0.000,0.000,1.000,3.000,0.000,0.000,2.000,0,0,0
B3_zmq_pushpull,zmq_tcp,none,none,,1,10430,512,584,1785153446890529000,1785153446890529000,1785153446890529000,1785153446890530000,1785153446890647000,1785153446890650000,1785153446890650000,1785153446890650000,121932490,121652369,-163.121,0.000,0.000,1.000,3.000,0.000,0.000,4.000,0,0,0
B3_zmq_pushpull,zmq_tcp,none,none,,1,10431,512,584,1785153446891529000,1785153446891529000,1785153446891529000,1785153446891530000,1785153446891642000,1785153446891645000,1785153446891645000,1785153446891645000,121932490,121652369,-168.121,0.000,0.000,1.000,3.000,0.000,0.000,5.000,0,0,0
B3_zmq_pushpull,zmq_tcp,none,none,,1,10432,512,584,1785153446892345000,1785153446892345000,1785153446892345000,1785153446892346000,1785153446892489000,1785153446892491000,1785153446892492000,1785153446892492000,121932490,121652369,-137.121,0.000,0.000,1.000,2.000,1.000,0.000,31.000,0,0,0
B3_zmq_pushpull,zmq_tcp,none,none,,1,10433,512,584,1785153446893577000,1785153446893577000,1785153446893577000,1785153446893578000,1785153446893629000,1785153446893633000,1785153446893633000,1785153446893633000,121932490,121652369,-229.121,0.000,0.000,1.000,4.000,0.000,0.000,92.000,0,0,0
B3_zmq_pushpull,zmq_tcp,none,none,,1,10434,512,584,1785153446894517000,1785153446894517000,1785153446894517000,1785153446894518000,1785153446894642000,1785153446894645000,1785153446894645000,1785153446894645000,121932490,121652369,-156.121,0.000,0.000,1.000,3.000,0.000,0.000,73.000,0,0,0
B3_zmq_pushpull,zmq_tcp,none,none,,1,10435,512,584,1785153446895532000,1785153446895532000,1785153446895532000,1785153446895533000,1785153446895631000,1785153446895633000,1785153446895633000,1785153446895633000,121932490,121652369,-182.121,0.000,0.000,1.000,2.000,0.000,0.000,26.000,0,0,0
B3_zmq_pushpull,zmq_tcp,none,none,,1,10436,512,584,1785153446896528000,1785153446896528000,1785153446896528000,1785153446896529000,1785153446896634000,1785153446896636000,1785153446896636000,1785153446896636000,121932490,121652369,-175.121,0.000,0.000,1.000,2.000,0.000,0.000,7.000,0,0,0
B3_zmq_pushpull,zmq_tcp,none,none,,1,10437,512,584,1785153446897529000,1785153446897529000,1785153446897529000,1785153446897530000,1785153446897645000,1785153446897647000,1785153446897647000,1785153446897647000,121932490,121652369,-165.121,0.000,0.000,1.000,2.000,0.000,0.000,10.000,0,0,0
B3_zmq_pushpull,zmq_tcp,none,none,,1,10438,512,584,1785153446898529000,1785153446898529000,1785153446898530000,1785153446898530000,1785153446898637000,1785153446898639000,1785153446898639000,1785153446898640000,121932490,121652369,-173.121,0.000,1.000,0.000,2.000,0.000,1.000,8.000,0,0,0
B3_zmq_pushpull,zmq_tcp,none,none,,1,10439,512,584,1785153446899529000,1785153446899529000,1785153446899529000,1785153446899530000,1785153446899629000,1785153446899631000,1785153446899631000,1785153446899631000,121932490,121652369,-181.121,0.000,0.000,1.000,2.000,0.000,0.000,8.000,0,0,0
B3_zmq_pushpull,zmq_tcp,none,none,,1,10440,512,584,1785153446900527000,1785153446900527000,1785153446900527000,1785153446900528000,1785153446900644000,1785153446900646000,1785153446900646000,1785153446900646000,121932490,121652369,-164.121,0.000,0.000,1.000,2.000,0.000,0.000,17.000,0,0,0
B3_zmq_pushpull,zmq_tcp,none,none,,1,10441,512,584,1785153446901530000,1785153446901530000,1785153446901531000,1785153446901531000,1785153446901647000,1785153446901650000,1785153446901650000,1785153446901650000,121932490,121652369,-164.121,0.000,1.000,0.000,3.000,0.000,0.000,0.000,0,0,0
B3_zmq_pushpull,zmq_tcp,none,none,,1,10442,512,584,1785153446902529000,1785153446902529000,1785153446902529000,1785153446902530000,1785153446902662000,1785153446902665000,1785153446902665000,1785153446902665000,121932490,121652369,-148.121,0.000,0.000,1.000,3.000,0.000,0.000,16.000,0,0,0
B3_zmq_pushpull,zmq_tcp,none,none,,1,10443,512,584,1785153446903529000,1785153446903529000,1785153446903529000,1785153446903530000,1785153446903666000,1785153446903669000,1785153446903669000,1785153446903669000,121932490,121652369,-144.121,0.000,0.000,1.000,3.000,0.000,0.000,4.000,0,0,0
B3_zmq_pushpull,zmq_tcp,none,none,,1,10444,512,584,1785153446904527000,1785153446904527000,1785153446904527000,1785153446904528000,1785153446904668000,1785153446904671000,1785153446904671000,1785153446904671000,121932490,121652369,-140.121,0.000,0.000,1.000,3.000,0.000,0.000,4.000,0,0,0
B3_zmq_pushpull,zmq_tcp,none,none,,1,10445,512,584,1785153446905530000,1785153446905530000,1785153446905530000,1785153446905531000,1785153446905674000,1785153446905677000,1785153446905677000,1785153446905677000,121932490,121652369,-137.121,0.000,0.000,1.000,3.000,0.000,0.000,3.000,0,0,0
B3_zmq_pushpull,zmq_tcp,none,none,,1,10446,512,584,1785153446906529000,1785153446906529000,1785153446906530000,1785153446906530000,1785153446906681000,1785153446906683000,1785153446906683000,1785153446906683000,121932490,121652369,-129.121,0.000,1.000,0.000,2.000,0.000,0.000,8.000,0,0,0
B3_zmq_pushpull,zmq_tcp,none,none,,1,10447,512,584,1785153446907526000,1785153446907526000,1785153446907526000,1785153446907527000,1785153446907687000,1785153446907690000,1785153446907690000,1785153446907690000,121932490,121652369,-120.121,0.000,0.000,1.000,3.000,0.000,0.000,9.000,0,0,0
B3_zmq_pushpull,zmq_tcp,none,none,,1,10448,512,584,1785153446908531000,1785153446908531000,1785153446908531000,1785153446908532000,1785153446908699000,1785153446908702000,1785153446908702000,1785153446908702000,121932490,121652369,-113.121,0.000,0.000,1.000,3.000,0.000,0.000,7.000,0,0,0
B3_zmq_pushpull,zmq_tcp,none,none,,1,10449,512,584,1785153446909529000,1785153446909530000,1785153446909530000,1785153446909530000,1785153446909718000,1785153446909721000,1785153446909721000,1785153446909721000,121932490,121652369,-92.121,1.000,0.000,0.000,3.000,0.000,0.000,21.000,0,0,0
B3_zmq_pushpull,zmq_tcp,none,none,,1,10450,512,584,1785153446910429000,1785153446910429000,1785153446910429000,1785153446910430000,1785153446910587000,1785153446910590000,1785153446910590000,1785153446910590000,121932490,121652369,-123.121,0.000,0.000,1.000,3.000,0.000,0.000,31.000,0,0,0
B3_zmq_pushpull,zmq_tcp,none,none,,1,10451,512,584,1785153446911432000,1785153446911432000,1785153446911432000,1785153446911433000,1785153446911586000,1785153446911589000,1785153446911589000,1785153446911589000,121932490,121652369,-127.121,0.000,0.000,1.000,3.000,0.000,0.000,4.000,0,0,0
B3_zmq_pushpull,zmq_tcp,none,none,,1,10452,512,584,1785153446912553000,1785153446912554000,1785153446912554000,1785153446912555000,1785153446912599000,1785153446912603000,1785153446912603000,1785153446912603000,121932490,121652369,-236.121,1.000,0.000,1.000,4.000,0.000,0.000,109.000,0,0,0
B3_zmq_pushpull,zmq_tcp,none,none,,1,10453,512,584,1785153446913450000,1785153446913450000,1785153446913450000,1785153446913451000,1785153446913605000,1785153446913609000,1785153446913609000,1785153446913609000,121932490,121652369,-126.121,0.000,0.000,1.000,4.000,0.000,0.000,110.000,0,0,0
B3_zmq_pushpull,zmq_tcp,none,none,,1,10454,512,584,1785153446914453000,1785153446914453000,1785153446914453000,1785153446914454000,1785153446914602000,1785153446914605000,1785153446914605000,1785153446914605000,121932490,121652369,-132.121,0.000,0.000,1.000,3.000,0.000,0.000,6.000,0,0,0
B3_zmq_pushpull,zmq_tcp,none,none,,1,10455,512,584,1785153446915549000,1785153446915550000,1785153446915550000,1785153446915551000,1785153446915600000,1785153446915603000,1785153446915603000,1785153446915603000,121932490,121652369,-231.121,1.000,0.000,1.000,3.000,0.000,0.000,99.000,0,0,0
B3_zmq_pushpull,zmq_tcp,none,none,,1,10456,512,584,1785153446916439000,1785153446916439000,1785153446916439000,1785153446916440000,1785153446916590000,1785153446916593000,1785153446916593000,1785153446916593000,121932490,121652369,-130.121,0.000,0.000,1.000,3.000,0.000,0.000,101.000,0,0,0
B3_zmq_pushpull,zmq_tcp,none,none,,1,10457,512,584,1785153446917553000,1785153446917553000,1785153446917553000,1785153446917554000,1785153446917734000,1785153446917737000,1785153446917737000,1785153446917737000,121932490,121652369,-100.121,0.000,0.000,1.000,3.000,0.000,0.000,30.000,0,0,0
B3_zmq_pushpull,zmq_tcp,none,none,,1,10458,512,584,1785153446918521000,1785153446918521000,1785153446918522000,1785153446918523000,1785153446918590000,1785153446918593000,1785153446918593000,1785153446918593000,121932490,121652369,-213.121,0.000,1.000,1.000,3.000,0.000,0.000,113.000,0,0,0
B3_zmq_pushpull,zmq_tcp,none,none,,1,10459,512,584,1785153446919533000,1785153446919533000,1785153446919533000,1785153446919534000,1785153446919576000,1785153446919579000,1785153446919579000,1785153446919579000,121932490,121652369,-238.121,0.000,0.000,1.000,3.000,0.000,0.000,25.000,0,0,0
B3_zmq_pushpull,zmq_tcp,none,none,,1,10460,512,584,1785153446920529000,1785153446920529000,1785153446920529000,1785153446920530000,1785153446920571000,1785153446920574000,1785153446920574000,1785153446920574000,121932490,121652369,-239.121,0.000,0.000,1.000,3.000,0.000,0.000,1.000,0,0,0
B3_zmq_pushpull,zmq_tcp,none,none,,1,10461,512,584,1785153446921531000,1785153446921531000,1785153446921531000,1785153446921532000,1785153446921717000,1785153446921719000,1785153446921719000,1785153446921719000,121932490,121652369,-95.121,0.000,0.000,1.000,2.000,0.000,0.000,144.000,0,0,0
B3_zmq_pushpull,zmq_tcp,none,none,,1,10462,512,584,1785153446922525000,1785153446922526000,1785153446922526000,1785153446922526000,1785153446922600000,1785153446922603000,1785153446922603000,1785153446922603000,121932490,121652369,-206.121,1.000,0.000,0.000,3.000,0.000,0.000,111.000,0,0,0
B3_zmq_pushpull,zmq_tcp,none,none,,1,10463,512,584,1785153446923455000,1785153446923455000,1785153446923455000,1785153446923456000,1785153446923616000,1785153446923618000,1785153446923618000,1785153446923618000,121932490,121652369,-120.121,0.000,0.000,1.000,2.000,0.000,0.000,86.000,0,0,0
B3_zmq_pushpull,zmq_tcp,none,none,,1,10464,512,584,1785153446924459000,1785153446924459000,1785153446924459000,1785153446924460000,1785153446924620000,1785153446924622000,1785153446924622000,1785153446924622000,121932490,121652369,-120.121,0.000,0.000,1.000,2.000,0.000,0.000,0.000,0,0,0
B3_zmq_pushpull,zmq_tcp,none,none,,1,10465,512,584,1785153446925336000,1785153446925336000,1785153446925336000,1785153446925337000,1785153446925478000,1785153446925481000,1785153446925481000,1785153446925481000,121932490,121652369,-139.121,0.000,0.000,1.000,3.000,0.000,0.000,19.000,0,0,0
B3_zmq_pushpull,zmq_tcp,none,none,,1,10466,512,584,1785153446926341000,1785153446926341000,1785153446926341000,1785153446926342000,1785153446926474000,1785153446926476000,1785153446926476000,1785153446926476000,121932490,121652369,-148.121,0.000,0.000,1.000,2.000,0.000,0.000,9.000,0,0,0
B3_zmq_pushpull,zmq_tcp,none,none,,1,10467,512,584,1785153446927448000,1785153446927448000,1785153446927448000,1785153446927449000,1785153446927604000,1785153446927606000,1785153446927606000,1785153446927606000,121932490,121652369,-125.121,0.000,0.000,1.000,2.000,0.000,0.000,23.000,0,0,0
B3_zmq_pushpull,zmq_tcp,none,none,,1,10468,512,584,1785153446928549000,1785153446928550000,1785153446928550000,1785153446928551000,1785153446928613000,1785153446928616000,1785153446928616000,1785153446928616000,121932490,121652369,-218.121,1.000,0.000,1.000,3.000,0.000,0.000,93.000,0,0,0
B3_zmq_pushpull,zmq_tcp,none,none,,1,10469,512,584,1785153446929522000,1785153446929523000,1785153446929523000,1785153446929524000,1785153446929618000,1785153446929621000,1785153446929621000,1785153446929621000,121932490,121652369,-186.121,1.000,0.000,1.000,3.000,0.000,0.000,32.000,0,0,0
B3_zmq_pushpull,zmq_tcp,none,none,,1,10470,512,584,1785153446930531000,1785153446930531000,1785153446930531000,1785153446930532000,1785153446930636000,1785153446930638000,1785153446930638000,1785153446930638000,121932490,121652369,-176.121,0.000,0.000,1.000,2.000,0.000,0.000,10.000,0,0,0
B3_zmq_pushpull,zmq_tcp,none,none,,1,10471,512,584,1785153446931530000,1785153446931531000,1785153446931531000,1785153446931532000,1785153446931653000,1785153446931656000,1785153446931656000,1785153446931656000,121932490,121652369,-159.121,1.000,0.000,1.000,3.000,0.000,0.000,17.000,0,0,0
B3_zmq_pushpull,zmq_tcp,none,none,,1,10472,512,584,1785153446932529000,1785153446932529000,1785153446932529000,1785153446932530000,1785153446932643000,1785153446932645000,1785153446932645000,1785153446932646000,121932490,121652369,-167.121,0.000,0.000,1.000,2.000,0.000,1.000,8.000,0,0,0
B3_zmq_pushpull,zmq_tcp,none,none,,1,10473,512,584,1785153446933527000,1785153446933527000,1785153446933527000,1785153446933528000,1785153446933640000,1785153446933642000,1785153446933642000,1785153446933642000,121932490,121652369,-168.121,0.000,0.000,1.000,2.000,0.000,0.000,1.000,0,0,0
B3_zmq_pushpull,zmq_tcp,none,none,,1,10474,512,584,1785153446934530000,1785153446934531000,1785153446934531000,1785153446934532000,1785153446934644000,1785153446934646000,1785153446934646000,1785153446934646000,121932490,121652369,-168.121,1.000,0.000,1.000,2.000,0.000,0.000,0.000,0,0,0
B3_zmq_pushpull,zmq_tcp,none,none,,1,10475,512,584,1785153446935531000,1785153446935531000,1785153446935531000,1785153446935532000,1785153446935632000,1785153446935634000,1785153446935634000,1785153446935634000,121932490,121652369,-180.121,0.000,0.000,1.000,2.000,0.000,0.000,12.000,0,0,0
B3_zmq_pushpull,zmq_tcp,none,none,,1,10476,512,584,1785153446936525000,1785153446936526000,1785153446936526000,1785153446936527000,1785153446936624000,1785153446936626000,1785153446936626000,1785153446936626000,121932490,121652369,-183.121,1.000,0.000,1.000,2.000,0.000,0.000,3.000,0,0,0
B3_zmq_pushpull,zmq_tcp,none,none,,1,10477,512,584,1785153446937531000,1785153446937532000,1785153446937532000,1785153446937533000,1785153446937637000,1785153446937640000,1785153446937640000,1785153446937640000,121932490,121652369,-176.121,1.000,0.000,1.000,3.000,0.000,0.000,7.000,0,0,0
B3_zmq_pushpull,zmq_tcp,none,none,,1,10478,512,584,1785153446938529000,1785153446938529000,1785153446938529000,1785153446938530000,1785153446938645000,1785153446938648000,1785153446938648000,1785153446938648000,121932490,121652369,-165.121,0.000,0.000,1.000,3.000,0.000,0.000,11.000,0,0,0
B3_zmq_pushpull,zmq_tcp,none,none,,1,10479,512,584,1785153446939348000,1785153446939348000,1785153446939348000,1785153446939349000,1785153446939492000,1785153446939495000,1785153446939495000,1785153446939495000,121932490,121652369,-137.121,0.000,0.000,1.000,3.000,0.000,0.000,28.000,0,0,0
B3_zmq_pushpull,zmq_tcp,none,none,,1,10480,512,584,1785153446940572000,1785153446940572000,1785153446940572000,1785153446940573000,1785153446940617000,1785153446940620000,1785153446940620000,1785153446940620000,121932490,121652369,-236.121,0.000,0.000,1.000,3.000,0.000,0.000,99.000,0,0,0
B3_zmq_pushpull,zmq_tcp,none,none,,1,10481,512,584,1785153446941519000,1785153446941519000,1785153446941519000,1785153446941520000,1785153446941615000,1785153446941619000,1785153446941619000,1785153446941619000,121932490,121652369,-185.121,0.000,0.000,1.000,4.000,0.000,0.000,51.000,0,0,0
B3_zmq_pushpull,zmq_tcp,none,none,,1,10482,512,584,1785153446942332000,1785153446942332000,1785153446942332000,1785153446942333000,1785153446942477000,1785153446942480000,1785153446942480000,1785153446942480000,121932490,121652369,-136.121,0.000,0.000,1.000,3.000,0.000,0.000,49.000,0,0,0
B3_zmq_pushpull,zmq_tcp,none,none,,1,10483,512,584,1785153446943341000,1785153446943342000,1785153446943342000,1785153446943343000,1785153446943488000,1785153446943490000,1785153446943490000,1785153446943490000,121932490,121652369,-135.121,1.000,0.000,1.000,2.000,0.000,0.000,1.000,0,0,0
B3_zmq_pushpull,zmq_tcp,none,none,,1,10484,512,584,1785153446944340000,1785153446944341000,1785153446944341000,1785153446944342000,1785153446944498000,1785153446944501000,1785153446944501000,1785153446944501000,121932490,121652369,-124.121,1.000,0.000,1.000,3.000,0.000,0.000,11.000,0,0,0
B3_zmq_pushpull,zmq_tcp,none,none,,1,10485,512,584,1785153446945345000,1785153446945346000,1785153446945346000,1785153446945347000,1785153446945508000,1785153446945510000,1785153446945510000,1785153446945510000,121932490,121652369,-119.121,1.000,0.000,1.000,2.000,0.000,0.000,5.000,0,0,0
B3_zmq_pushpull,zmq_tcp,none,none,,1,10486,512,584,1785153446946576000,1785153446946577000,1785153446946577000,1785153446946577000,1785153446946634000,1785153446946638000,1785153446946638000,1785153446946638000,121932490,121652369,-223.121,1.000,0.000,0.000,4.000,0.000,0.000,104.000,0,0,0
B3_zmq_pushpull,zmq_tcp,none,none,,1,10487,512,584,1785153446947515000,1785153446947515000,1785153446947515000,1785153446947516000,1785153446947642000,1785153446947645000,1785153446947645000,1785153446947645000,121932490,121652369,-154.121,0.000,0.000,1.000,3.000,0.000,0.000,69.000,0,0,0
B3_zmq_pushpull,zmq_tcp,none,none,,1,10488,512,584,1785153446948533000,1785153446948534000,1785153446948534000,1785153446948535000,1785153446948640000,1785153446948643000,1785153446948643000,1785153446948643000,121932490,121652369,-175.121,1.000,0.000,1.000,3.000,0.000,0.000,21.000,0,0,0
B3_zmq_pushpull,zmq_tcp,none,none,,1,10489,512,584,1785153446949529000,1785153446949530000,1785153446949530000,1785153446949531000,1785153446949660000,1785153446949662000,1785153446949663000,1785153446949663000,121932490,121652369,-151.121,1.000,0.000,1.000,2.000,1.000,0.000,24.000,0,0,0
B3_zmq_pushpull,zmq_tcp,none,none,,1,10490,512,584,1785153446950529000,1785153446950529000,1785153446950529000,1785153446950530000,1785153446950670000,1785153446950674000,1785153446950674000,1785153446950674000,121932490,121652369,-140.121,0.000,0.000,1.000,4.000,0.000,0.000,11.000,0,0,0
B3_zmq_pushpull,zmq_tcp,none,none,,1,10491,512,584,1785153446951377000,1785153446951377000,1785153446951377000,1785153446951379000,1785153446951537000,1785153446951540000,1785153446951540000,1785153446951540000,121932490,121652369,-122.121,0.000,0.000,2.000,3.000,0.000,0.000,18.000,0,0,0
B3_zmq_pushpull,zmq_tcp,none,none,,1,10492,512,584,1785153446952568000,1785153446952569000,1785153446952569000,1785153446952570000,1785153446952700000,1785153446952703000,1785153446952703000,1785153446952703000,121932490,121652369,-150.121,1.000,0.000,1.000,3.000,0.000,0.000,28.000,0,0,0
B3_zmq_pushpull,zmq_tcp,none,none,,1,10493,512,584,1785153446953520000,1785153446953520000,1785153446953520000,1785153446953522000,1785153446953705000,1785153446953709000,1785153446953709000,1785153446953709000,121932490,121652369,-97.121,0.000,0.000,2.000,4.000,0.000,0.000,53.000,0,0,0
B3_zmq_pushpull,zmq_tcp,none,none,,1,10494,512,584,1785153446954532000,1785153446954533000,1785153446954533000,1785153446954534000,1785153446954717000,1785153446954720000,1785153446954720000,1785153446954720000,121932490,121652369,-97.121,1.000,0.000,1.000,3.000,0.000,0.000,0.000,0,0,0
B3_zmq_pushpull,zmq_tcp,none,none,,1,10495,512,584,1785153446955527000,1785153446955527000,1785153446955527000,1785153446955528000,1785153446955586000,1785153446955590000,1785153446955590000,1785153446955590000,121932490,121652369,-222.121,0.000,0.000,1.000,4.000,0.000,0.000,125.000,0,0,0
B3_zmq_pushpull,zmq_tcp,none,none,,1,10496,512,584,1785153446956533000,1785153446956533000,1785153446956533000,1785153446956534000,1785153446956584000,1785153446956588000,1785153446956588000,1785153446956588000,121932490,121652369,-230.121,0.000,0.000,1.000,4.000,0.000,0.000,8.000,0,0,0
B3_zmq_pushpull,zmq_tcp,none,none,,1,10497,512,584,1785153446957424000,1785153446957424000,1785153446957424000,1785153446957425000,1785153446957579000,1785153446957582000,1785153446957582000,1785153446957582000,121932490,121652369,-126.121,0.000,0.000,1.000,3.000,0.000,0.000,104.000,0,0,0
B3_zmq_pushpull,zmq_tcp,none,none,,1,10498,512,584,1785153446958421000,1785153446958422000,1785153446958422000,1785153446958423000,1785153446958569000,1785153446958573000,1785153446958573000,1785153446958573000,121932490,121652369,-134.121,1.000,0.000,1.000,4.000,0.000,0.000,8.000,0,0,0
B3_zmq_pushpull,zmq_tcp,none,none,,1,10499,512,584,1785153446959431000,1785153446959431000,1785153446959431000,1785153446959432000,1785153446959589000,1785153446959595000,1785153446959595000,1785153446959595000,121932490,121652369,-123.121,0.000,0.000,1.000,6.000,0.000,0.000,11.000,0,0,0
B3_zmq_pushpull,zmq_tcp,none,none,,1,10500,512,584,1785153446960430000,1785153446960430000,1785153446960430000,1785153446960431000,1785153446960576000,1785153446960579000,1785153446960579000,1785153446960579000,121932490,121652369,-135.121,0.000,0.000,1.000,3.000,0.000,0.000,12.000,0,0,0
B3_zmq_pushpull,zmq_tcp,none,none,,1,10501,512,584,1785153446961430000,1785153446961430000,1785153446961430000,1785153446961431000,1785153446961585000,1785153446961588000,1785153446961588000,1785153446961588000,121932490,121652369,-126.121,0.000,0.000,1.000,3.000,0.000,0.000,9.000,0,0,0
B3_zmq_pushpull,zmq_tcp,none,none,,1,10502,512,584,1785153446962554000,1785153446962554000,1785153446962554000,1785153446962555000,1785153446962724000,1785153446962726000,1785153446962726000,1785153446962726000,121932490,121652369,-111.121,0.000,0.000,1.000,2.000,0.000,0.000,15.000,0,0,0
B3_zmq_pushpull,zmq_tcp,none,none,,1,10503,512,584,1785153446963417000,1785153446963418000,1785153446963418000,1785153446963419000,1785153446963572000,1785153446963575000,1785153446963575000,1785153446963575000,121932490,121652369,-127.121,1.000,0.000,1.000,3.000,0.000,0.000,16.000,0,0,0
B3_zmq_pushpull,zmq_tcp,none,none,,1,10504,512,584,1785153446964558000,1785153446964558000,1785153446964558000,1785153446964559000,1785153446964701000,1785153446964704000,1785153446964704000,1785153446964704000,121932490,121652369,-138.121,0.000,0.000,1.000,3.000,0.000,0.000,11.000,0,0,0
B3_zmq_pushpull,zmq_tcp,none,none,,1,10505,512,584,1785153446965522000,1785153446965523000,1785153446965523000,1785153446965524000,1785153446965697000,1785153446965700000,1785153446965700000,1785153446965700000,121932490,121652369,-107.121,1.000,0.000,1.000,3.000,0.000,0.000,31.000,0,0,0
B3_zmq_pushpull,zmq_tcp,none,none,,1,10506,512,584,1785153446966531000,1785153446966531000,1785153446966531000,1785153446966532000,1785153446966702000,1785153446966705000,1785153446966705000,1785153446966705000,121932490,121652369,-110.121,0.000,0.000,1.000,3.000,0.000,0.000,3.000,0,0,0
B3_zmq_pushpull,zmq_tcp,none,none,,1,10507,512,584,1785153446967530000,1785153446967530000,1785153446967530000,1785153446967531000,1785153446967694000,1785153446967697000,1785153446967697000,1785153446967697000,121932490,121652369,-117.121,0.000,0.000,1.000,3.000,0.000,0.000,7.000,0,0,0
B3_zmq_pushpull,zmq_tcp,none,none,,1,10508,512,584,1785153446968394000,1785153446968394000,1785153446968394000,1785153446968395000,1785153446968550000,1785153446968553000,1785153446968553000,1785153446968553000,121932490,121652369,-125.121,0.000,0.000,1.000,3.000,0.000,0.000,8.000,0,0,0
B3_zmq_pushpull,zmq_tcp,none,none,,1,10509,512,584,1785153446969560000,1785153446969560000,1785153446969560000,1785153446969561000,1785153446969692000,1785153446969694000,1785153446969694000,1785153446969694000,121932490,121652369,-149.121,0.000,0.000,1.000,2.000,0.000,0.000,24.000,0,0,0
B3_zmq_pushpull,zmq_tcp,none,none,,1,10510,512,584,1785153446970522000,1785153446970522000,1785153446970522000,1785153446970523000,1785153446970561000,1785153446970565000,1785153446970565000,1785153446970565000,121932490,121652369,-242.121,0.000,0.000,1.000,4.000,0.000,0.000,93.000,0,0,0
B3_zmq_pushpull,zmq_tcp,none,none,,1,10511,512,584,1785153446971534000,1785153446971534000,1785153446971534000,1785153446971535000,1785153446971725000,1785153446971728000,1785153446971728000,1785153446971728000,121932490,121652369,-90.121,0.000,0.000,1.000,3.000,0.000,0.000,152.000,0,0,0
B3_zmq_pushpull,zmq_tcp,none,none,,1,10512,512,584,1785153446972444000,1785153446972444000,1785153446972444000,1785153446972445000,1785153446972602000,1785153446972605000,1785153446972605000,1785153446972605000,121932490,121652369,-123.121,0.000,0.000,1.000,3.000,0.000,0.000,33.000,0,0,0
B3_zmq_pushpull,zmq_tcp,none,none,,1,10513,512,584,1785153446973552000,1785153446973552000,1785153446973552000,1785153446973553000,1785153446973606000,1785153446973608000,1785153446973608000,1785153446973608000,121932490,121652369,-227.121,0.000,0.000,1.000,2.000,0.000,0.000,104.000,0,0,0
B3_zmq_pushpull,zmq_tcp,none,none,,1,10514,512,584,1785153446974524000,1785153446974524000,1785153446974524000,1785153446974525000,1785153446974593000,1785153446974596000,1785153446974596000,1785153446974596000,121932490,121652369,-212.121,0.000,0.000,1.000,3.000,0.000,0.000,15.000,0,0,0
B3_zmq_pushpull,zmq_tcp,none,none,,1,10515,512,584,1785153446975531000,1785153446975531000,1785153446975531000,1785153446975532000,1785153446975589000,1785153446975592000,1785153446975592000,1785153446975592000,121932490,121652369,-223.121,0.000,0.000,1.000,3.000,0.000,0.000,11.000,0,0,0
B3_zmq_pushpull,zmq_tcp,none,none,,1,10516,512,584,1785153446976424000,1785153446976424000,1785153446976424000,1785153446976425000,1785153446976568000,1785153446976570000,1785153446976570000,1785153446976570000,121932490,121652369,-137.121,0.000,0.000,1.000,2.000,0.000,0.000,86.000,0,0,0
B3_zmq_pushpull,zmq_tcp,none,none,,1,10517,512,584,1785153446977557000,1785153446977557000,1785153446977557000,1785153446977558000,1785153446977726000,1785153446977729000,1785153446977729000,1785153446977729000,121932490,121652369,-112.121,0.000,0.000,1.000,3.000,0.000,0.000,25.000,0,0,0
B3_zmq_pushpull,zmq_tcp,none,none,,1,10518,512,584,1785153446978523000,1785153446978523000,1785153446978523000,1785153446978524000,1785153446978601000,1785153446978604000,1785153446978604000,1785153446978604000,121932490,121652369,-203.121,0.000,0.000,1.000,3.000,0.000,0.000,91.000,0,0,0
B3_zmq_pushpull,zmq_tcp,none,none,,1,10519,512,584,1785153446979534000,1785153446979534000,1785153446979534000,1785153446979535000,1785153446979620000,1785153446979622000,1785153446979622000,1785153446979622000,121932490,121652369,-195.121,0.000,0.000,1.000,2.000,0.000,0.000,8.000,0,0,0
B3_zmq_pushpull,zmq_tcp,none,none,,1,10520,512,584,1785153446980527000,1785153446980527000,1785153446980527000,1785153446980528000,1785153446980629000,1785153446980632000,1785153446980632000,1785153446980632000,121932490,121652369,-179.121,0.000,0.000,1.000,3.000,0.000,0.000,16.000,0,0,0
B3_zmq_pushpull,zmq_tcp,none,none,,1,10521,512,584,1785153446981531000,1785153446981531000,1785153446981531000,1785153446981532000,1785153446981630000,1785153446981633000,1785153446981633000,1785153446981633000,121932490,121652369,-182.121,0.000,0.000,1.000,3.000,0.000,0.000,3.000,0,0,0
B3_zmq_pushpull,zmq_tcp,none,none,,1,10522,512,584,1785153446982530000,1785153446982530000,1785153446982530000,1785153446982531000,1785153446982635000,1785153446982638000,1785153446982638000,1785153446982638000,121932490,121652369,-176.121,0.000,0.000,1.000,3.000,0.000,0.000,6.000,0,0,0
B3_zmq_pushpull,zmq_tcp,none,none,,1,10523,512,584,1785153446983530000,1785153446983530000,1785153446983530000,1785153446983531000,1785153446983622000,1785153446983625000,1785153446983625000,1785153446983625000,121932490,121652369,-189.121,0.000,0.000,1.000,3.000,0.000,0.000,13.000,0,0,0
B3_zmq_pushpull,zmq_tcp,none,none,,1,10524,512,584,1785153446984527000,1785153446984527000,1785153446984527000,1785153446984528000,1785153446984626000,1785153446984629000,1785153446984629000,1785153446984629000,121932490,121652369,-182.121,0.000,0.000,1.000,3.000,0.000,0.000,7.000,0,0,0
B3_zmq_pushpull,zmq_tcp,none,none,,1,10525,512,584,1785153446985532000,1785153446985532000,1785153446985532000,1785153446985533000,1785153446985620000,1785153446985622000,1785153446985623000,1785153446985623000,121932490,121652369,-193.121,0.000,0.000,1.000,2.000,1.000,0.000,11.000,0,0,0
B3_zmq_pushpull,zmq_tcp,none,none,,1,10526,512,584,1785153446986339000,1785153446986339000,1785153446986339000,1785153446986340000,1785153446986482000,1785153446986485000,1785153446986485000,1785153446986485000,121932490,121652369,-138.121,0.000,0.000,1.000,3.000,0.000,0.000,55.000,0,0,0
B3_zmq_pushpull,zmq_tcp,none,none,,1,10527,512,584,1785153446987342000,1785153446987342000,1785153446987342000,1785153446987343000,1785153446987503000,1785153446987505000,1785153446987505000,1785153446987505000,121932490,121652369,-120.121,0.000,0.000,1.000,2.000,0.000,0.000,18.000,0,0,0
B3_zmq_pushpull,zmq_tcp,none,none,,1,10528,512,584,1785153446988345000,1785153446988345000,1785153446988345000,1785153446988346000,1785153446988499000,1785153446988501000,1785153446988501000,1785153446988501000,121932490,121652369,-127.121,0.000,0.000,1.000,2.000,0.000,0.000,7.000,0,0,0
B3_zmq_pushpull,zmq_tcp,none,none,,1,10529,512,584,1785153446989576000,1785153446989576000,1785153446989577000,1785153446989577000,1785153446989645000,1785153446989648000,1785153446989648000,1785153446989648000,121932490,121652369,-212.121,0.000,1.000,0.000,3.000,0.000,0.000,85.000,0,0,0
B3_zmq_pushpull,zmq_tcp,none,none,,1,10530,512,584,1785153446990338000,1785153446990338000,1785153446990338000,1785153446990339000,1785153446990492000,1785153446990494000,1785153446990494000,1785153446990495000,121932490,121652369,-127.121,0.000,0.000,1.000,2.000,0.000,1.000,85.000,0,0,0
B3_zmq_pushpull,zmq_tcp,none,none,,1,10531,512,584,1785153446991344000,1785153446991344000,1785153446991344000,1785153446991345000,1785153446991504000,1785153446991506000,1785153446991507000,1785153446991507000,121932490,121652369,-121.121,0.000,0.000,1.000,2.000,1.000,0.000,6.000,0,0,0
B3_zmq_pushpull,zmq_tcp,none,none,,1,10532,512,584,1785153446992576000,1785153446992576000,1785153446992576000,1785153446992577000,1785153446992660000,1785153446992662000,1785153446992662000,1785153446992662000,121932490,121652369,-197.121,0.000,0.000,1.000,2.000,0.000,0.000,76.000,0,0,0
B3_zmq_pushpull,zmq_tcp,none,none,,1,10533,512,584,1785153446993518000,1785153446993518000,1785153446993518000,1785153446993519000,1785153446993669000,1785153446993672000,1785153446993672000,1785153446993672000,121932490,121652369,-130.121,0.000,0.000,1.000,3.000,0.000,0.000,67.000,0,0,0
B3_zmq_pushpull,zmq_tcp,none,none,,1,10534,512,584,1785153446994532000,1785153446994533000,1785153446994533000,1785153446994534000,1785153446994684000,1785153446994686000,1785153446994687000,1785153446994687000,121932490,121652369,-130.121,1.000,0.000,1.000,2.000,1.000,0.000,0.000,0,0,0
B3_zmq_pushpull,zmq_tcp,none,none,,1,10535,512,584,1785153446995528000,1785153446995529000,1785153446995529000,1785153446995530000,1785153446995680000,1785153446995683000,1785153446995683000,1785153446995683000,121932490,121652369,-130.121,1.000,0.000,1.000,3.000,0.000,0.000,0.000,0,0,0
B3_zmq_pushpull,zmq_tcp,none,none,,1,10536,512,584,1785153446996529000,1785153446996530000,1785153446996530000,1785153446996531000,1785153446996657000,1785153446996660000,1785153446996660000,1785153446996660000,121932490,121652369,-154.121,1.000,0.000,1.000,3.000,0.000,0.000,24.000,0,0,0
B3_zmq_pushpull,zmq_tcp,none,none,,1,10537,512,584,1785153446997529000,1785153446997530000,1785153446997530000,1785153446997531000,1785153446997667000,1785153446997669000,1785153446997669000,1785153446997669000,121932490,121652369,-144.121,1.000,0.000,1.000,2.000,0.000,0.000,10.000,0,0,0
B3_zmq_pushpull,zmq_tcp,none,none,,1,10538,512,584,1785153446998530000,1785153446998530000,1785153446998530000,1785153446998531000,1785153446998679000,1785153446998681000,1785153446998681000,1785153446998681000,121932490,121652369,-132.121,0.000,0.000,1.000,2.000,0.000,0.000,12.000,0,0,0
B3_zmq_pushpull,zmq_tcp,none,none,,1,10539,512,584,1785153446999528000,1785153446999528000,1785153446999529000,1785153446999529000,1785153446999684000,1785153446999686000,1785153446999687000,1785153446999687000,121932490,121652369,-125.121,0.000,1.000,0.000,2.000,1.000,0.000,7.000,0,0,0
B3_zmq_pushpull,zmq_tcp,none,none,,1,10540,512,584,1785153447000533000,1785153447000533000,1785153447000533000,1785153447000534000,1785153447000685000,1785153447000689000,1785153447000689000,1785153447000689000,121932490,121652369,-129.121,0.000,0.000,1.000,4.000,0.000,0.000,4.000,0,0,0
B3_zmq_pushpull,zmq_tcp,none,none,,1,10541,512,584,1785153447001381000,1785153447001382000,1785153447001382000,1785153447001383000,1785153447001541000,1785153447001549000,1785153447001549000,1785153447001549000,121932490,121652369,-122.121,1.000,0.000,1.000,8.000,0.000,0.000,7.000,0,0,0
B3_zmq_pushpull,zmq_tcp,none,none,,1,10542,512,584,1785153447002567000,1785153447002567000,1785153447002567000,1785153447002568000,1785153447002695000,1785153447002697000,1785153447002697000,1785153447002697000,121932490,121652369,-153.121,0.000,0.000,1.000,2.000,0.000,0.000,31.000,0,0,0
B3_zmq_pushpull,zmq_tcp,none,none,,1,10543,512,584,1785153447003518000,1785153447003518000,1785153447003518000,1785153447003519000,1785153447003555000,1785153447003558000,1785153447003558000,1785153447003558000,121932490,121652369,-244.121,0.000,0.000,1.000,3.000,0.000,0.000,91.000,0,0,0
B3_zmq_pushpull,zmq_tcp,none,none,,1,10544,512,584,1785153447004532000,1785153447004532000,1785153447004532000,1785153447004533000,1785153447004692000,1785153447004695000,1785153447004695000,1785153447004695000,121932490,121652369,-121.121,0.000,0.000,1.000,3.000,0.000,0.000,123.000,0,0,0
B3_zmq_pushpull,zmq_tcp,none,none,,1,10545,512,584,1785153447005530000,1785153447005530000,1785153447005530000,1785153447005531000,1785153447005711000,1785153447005714000,1785153447005714000,1785153447005714000,121932490,121652369,-100.121,0.000,0.000,1.000,3.000,0.000,0.000,21.000,0,0,0
B3_zmq_pushpull,zmq_tcp,none,none,,1,10546,512,584,1785153447006531000,1785153447006531000,1785153447006531000,1785153447006532000,1785153447006709000,1785153447006712000,1785153447006712000,1785153447006712000,121932490,121652369,-103.121,0.000,0.000,1.000,3.000,0.000,0.000,3.000,0,0,0
B3_zmq_pushpull,zmq_tcp,none,none,,1,10547,512,584,1785153447007411000,1785153447007412000,1785153447007412000,1785153447007413000,1785153447007572000,1785153447007575000,1785153447007575000,1785153447007575000,121932490,121652369,-121.121,1.000,0.000,1.000,3.000,0.000,0.000,18.000,0,0,0
B3_zmq_pushpull,zmq_tcp,none,none,,1,10548,512,584,1785153447008429000,1785153447008429000,1785153447008429000,1785153447008430000,1785153447008579000,1785153447008582000,1785153447008582000,1785153447008582000,121932490,121652369,-131.121,0.000,0.000,1.000,3.000,0.000,0.000,10.000,0,0,0
B3_zmq_pushpull,zmq_tcp,none,none,,1,10549,512,584,1785153447009555000,1785153447009555000,1785153447009555000,1785153447009556000,1785153447009729000,1785153447009732000,1785153447009732000,1785153447009732000,121932490,121652369,-107.121,0.000,0.000,1.000,3.000,0.000,0.000,24.000,0,0,0
B3_zmq_pushpull,zmq_tcp,none,none,,1,10550,512,584,1785153447010430000,1785153447010430000,1785153447010430000,1785153447010431000,1785153447010584000,1785153447010587000,1785153447010587000,1785153447010587000,121932490,121652369,-127.121,0.000,0.000,1.000,3.000,0.000,0.000,20.000,0,0,0
B3_zmq_pushpull,zmq_tcp,none,none,,1,10551,512,584,1785153447011560000,1785153447011560000,1785153447011560000,1785153447011561000,1785153447011719000,1785153447011721000,1785153447011721000,1785153447011721000,121932490,121652369,-122.121,0.000,0.000,1.000,2.000,0.000,0.000,5.000,0,0,0
B3_zmq_pushpull,zmq_tcp,none,none,,1,10552,512,584,1785153447012523000,1785153447012523000,1785153447012523000,1785153447012524000,1785153447012589000,1785153447012592000,1785153447012592000,1785153447012592000,121932490,121652369,-215.121,0.000,0.000,1.000,3.000,0.000,0.000,93.000,0,0,0
B3_zmq_pushpull,zmq_tcp,none,none,,1,10553,512,584,1785153447013531000,1785153447013531000,1785153447013531000,1785153447013532000,1785153447013595000,1785153447013597000,1785153447013597000,1785153447013597000,121932490,121652369,-217.121,0.000,0.000,1.000,2.000,0.000,0.000,2.000,0,0,0
B3_zmq_pushpull,zmq_tcp,none,none,,1,10554,512,584,1785153447014451000,1785153447014452000,1785153447014452000,1785153447014453000,1785153447014609000,1785153447014612000,1785153447014612000,1785153447014612000,121932490,121652369,-124.121,1.000,0.000,1.000,3.000,0.000,0.000,93.000,0,0,0
B3_zmq_pushpull,zmq_tcp,none,none,,1,10555,512,584,1785153447015449000,1785153447015449000,1785153447015449000,1785153447015450000,1785153447015608000,1785153447015611000,1785153447015611000,1785153447015611000,121932490,121652369,-122.121,0.000,0.000,1.000,3.000,0.000,0.000,2.000,0,0,0
B3_zmq_pushpull,zmq_tcp,none,none,,1,10556,512,584,1785153447016459000,1785153447016460000,1785153447016460000,1785153447016461000,1785153447016613000,1785153447016616000,1785153447016616000,1785153447016616000,121932490,121652369,-128.121,1.000,0.000,1.000,3.000,0.000,0.000,6.000,0,0,0
B3_zmq_pushpull,zmq_tcp,none,none,,1,10557,512,584,1785153447017338000,1785153447017338000,1785153447017338000,1785153447017339000,1785153447017479000,1785153447017481000,1785153447017481000,1785153447017481000,121932490,121652369,-140.121,0.000,0.000,1.000,2.000,0.000,0.000,12.000,0,0,0
B3_zmq_pushpull,zmq_tcp,none,none,,1,10558,512,584,1785153447018456000,1785153447018456000,1785153447018456000,1785153447018457000,1785153447018617000,1785153447018620000,1785153447018620000,1785153447018620000,121932490,121652369,-120.121,0.000,0.000,1.000,3.000,0.000,0.000,20.000,0,0,0
B3_zmq_pushpull,zmq_tcp,none,none,,1,10559,512,584,1785153447019548000,1785153447019549000,1785153447019549000,1785153447019550000,1785153447019620000,1785153447019623000,1785153447019623000,1785153447019623000,121932490,121652369,-210.121,1.000,0.000,1.000,3.000,0.000,0.000,90.000,0,0,0
B3_zmq_pushpull,zmq_tcp,none,none,,1,10560,512,584,1785153447020458000,1785153447020458000,1785153447020458000,1785153447020459000,1785153447020616000,1785153447020619000,1785153447020619000,1785153447020619000,121932490,121652369,-123.121,0.000,0.000,1.000,3.000,0.000,0.000,87.000,0,0,0
B3_zmq_pushpull,zmq_tcp,none,none,,1,10561,512,584,1785153447021451000,1785153447021451000,1785153447021451000,1785153447021452000,1785153447021608000,1785153447021611000,1785153447021611000,1785153447021611000,121932490,121652369,-124.121,0.000,0.000,1.000,3.000,0.000,0.000,1.000,0,0,0
B3_zmq_pushpull,zmq_tcp,none,none,,1,10562,512,584,1785153447022550000,1785153447022550000,1785153447022550000,1785153447022551000,1785153447022604000,1785153447022608000,1785153447022608000,1785153447022608000,121932490,121652369,-227.121,0.000,0.000,1.000,4.000,0.000,0.000,103.000,0,0,0
B3_zmq_pushpull,zmq_tcp,none,none,,1,10563,512,584,1785153447023525000,1785153447023525000,1785153447023525000,1785153447023526000,1785153447023581000,1785153447023585000,1785153447023585000,1785153447023585000,121932490,121652369,-225.121,0.000,0.000,1.000,4.000,0.000,0.000,2.000,0,0,0
B3_zmq_pushpull,zmq_tcp,none,none,,1,10564,512,584,1785153447024529000,1785153447024529000,1785153447024529000,1785153447024530000,1785153447024580000,1785153447024584000,1785153447024584000,1785153447024584000,121932490,121652369,-230.121,0.000,0.000,1.000,4.000,0.000,0.000,5.000,0,0,0
B3_zmq_pushpull,zmq_tcp,none,none,,1,10565,512,584,1785153447025530000,1785153447025530000,1785153447025530000,1785153447025531000,1785153447025596000,1785153447025599000,1785153447025599000,1785153447025599000,121932490,121652369,-215.121,0.000,0.000,1.000,3.000,0.000,0.000,15.000,0,0,0
B3_zmq_pushpull,zmq_tcp,none,none,,1,10566,512,584,1785153447026535000,1785153447026535000,1785153447026535000,1785153447026536000,1785153447026755000,1785153447026757000,1785153447026757000,1785153447026757000,121932490,121652369,-61.121,0.000,0.000,1.000,2.000,0.000,0.000,154.000,0,0,0
B3_zmq_pushpull,zmq_tcp,none,none,,1,10567,512,584,1785153447027527000,1785153447027527000,1785153447027527000,1785153447027528000,1785153447027623000,1785153447027625000,1785153447027625000,1785153447027625000,121932490,121652369,-185.121,0.000,0.000,1.000,2.000,0.000,0.000,124.000,0,0,0
B3_zmq_pushpull,zmq_tcp,none,none,,1,10568,512,584,1785153447028534000,1785153447028534000,1785153447028534000,1785153447028535000,1785153447028639000,1785153447028641000,1785153447028641000,1785153447028641000,121932490,121652369,-176.121,0.000,0.000,1.000,2.000,0.000,0.000,9.000,0,0,0
B3_zmq_pushpull,zmq_tcp,none,none,,1,10569,512,584,1785153447029528000,1785153447029528000,1785153447029528000,1785153447029529000,1785153447029653000,1785153447029656000,1785153447029656000,1785153447029656000,121932490,121652369,-156.121,0.000,0.000,1.000,3.000,0.000,0.000,20.000,0,0,0
B3_zmq_pushpull,zmq_tcp,none,none,,1,10570,512,584,1785153447030529000,1785153447030530000,1785153447030530000,1785153447030531000,1785153447030660000,1785153447030663000,1785153447030663000,1785153447030663000,121932490,121652369,-151.121,1.000,0.000,1.000,3.000,0.000,0.000,5.000,0,0,0
B3_zmq_pushpull,zmq_tcp,none,none,,1,10571,512,584,1785153447031530000,1785153447031530000,1785153447031530000,1785153447031531000,1785153447031664000,1785153447031667000,1785153447031667000,1785153447031667000,121932490,121652369,-147.121,0.000,0.000,1.000,3.000,0.000,0.000,4.000,0,0,0
B3_zmq_pushpull,zmq_tcp,none,none,,1,10572,512,584,1785153447032529000,1785153447032530000,1785153447032530000,1785153447032531000,1785153447032676000,1785153447032680000,1785153447032680000,1785153447032680000,121932490,121652369,-135.121,1.000,0.000,1.000,4.000,0.000,0.000,12.000,0,0,0
B3_zmq_pushpull,zmq_tcp,none,none,,1,10573,512,584,1785153447033534000,1785153447033534000,1785153447033534000,1785153447033535000,1785153447033691000,1785153447033694000,1785153447033694000,1785153447033694000,121932490,121652369,-124.121,0.000,0.000,1.000,3.000,0.000,0.000,11.000,0,0,0
B3_zmq_pushpull,zmq_tcp,none,none,,1,10574,512,584,1785153447034527000,1785153447034527000,1785153447034527000,1785153447034528000,1785153447034715000,1785153447034717000,1785153447034717000,1785153447034717000,121932490,121652369,-93.121,0.000,0.000,1.000,2.000,0.000,0.000,31.000,0,0,0
B3_zmq_pushpull,zmq_tcp,none,none,,1,10575,512,584,1785153447035531000,1785153447035531000,1785153447035531000,1785153447035532000,1785153447035592000,1785153447035595000,1785153447035595000,1785153447035595000,121932490,121652369,-220.121,0.000,0.000,1.000,3.000,0.000,0.000,127.000,0,0,0
B3_zmq_pushpull,zmq_tcp,none,none,,1,10576,512,584,1785153447036443000,1785153447036443000,1785153447036443000,1785153447036444000,1785153447036587000,1785153447036590000,1785153447036590000,1785153447036590000,121932490,121652369,-137.121,0.000,0.000,1.000,3.000,0.000,0.000,83.000,0,0,0
B3_zmq_pushpull,zmq_tcp,none,none,,1,10577,512,584,1785153447037553000,1785153447037553000,1785153447037553000,1785153447037554000,1785153447037713000,1785153447037716000,1785153447037716000,1785153447037716000,121932490,121652369,-121.121,0.000,0.000,1.000,3.000,0.000,0.000,16.000,0,0,0
B3_zmq_pushpull,zmq_tcp,none,none,,1,10578,512,584,1785153447038521000,1785153447038521000,1785153447038521000,1785153447038522000,1785153447038561000,1785153447038564000,1785153447038564000,1785153447038564000,121932490,121652369,-241.121,0.000,0.000,1.000,3.000,0.000,0.000,120.000,0,0,0
B3_zmq_pushpull,zmq_tcp,none,none,,1,10579,512,584,1785153447039533000,1785153447039533000,1785153447039533000,1785153447039534000,1785153447039693000,1785153447039696000,1785153447039696000,1785153447039696000,121932490,121652369,-121.121,0.000,0.000,1.000,3.000,0.000,0.000,120.000,0,0,0
B3_zmq_pushpull,zmq_tcp,none,none,,1,10580,512,584,1785153447040529000,1785153447040529000,1785153447040529000,1785153447040530000,1785153447040696000,1785153447040699000,1785153447040699000,1785153447040699000,121932490,121652369,-114.121,0.000,0.000,1.000,3.000,0.000,0.000,7.000,0,0,0
B3_zmq_pushpull,zmq_tcp,none,none,,1,10581,512,584,1785153447041533000,1785153447041534000,1785153447041534000,1785153447041534000,1785153447041709000,1785153447041712000,1785153447041712000,1785153447041712000,121932490,121652369,-105.121,1.000,0.000,0.000,3.000,0.000,0.000,9.000,0,0,0
B3_zmq_pushpull,zmq_tcp,none,none,,1,10582,512,584,1785153447042527000,1785153447042527000,1785153447042527000,1785153447042528000,1785153447042704000,1785153447042707000,1785153447042707000,1785153447042707000,121932490,121652369,-104.121,0.000,0.000,1.000,3.000,0.000,0.000,1.000,0,0,0
B3_zmq_pushpull,zmq_tcp,none,none,,1,10583,512,584,1785153447043403000,1785153447043403000,1785153447043403000,1785153447043404000,1785153447043560000,1785153447043563000,1785153447043563000,1785153447043563000,121932490,121652369,-124.121,0.000,0.000,1.000,3.000,0.000,0.000,20.000,0,0,0
B3_zmq_pushpull,zmq_tcp,none,none,,1,10584,512,584,1785153447044562000,1785153447044562000,1785153447044562000,1785153447044563000,1785153447044707000,1785153447044709000,1785153447044709000,1785153447044709000,121932490,121652369,-136.121,0.000,0.000,1.000,2.000,0.000,0.000,12.000,0,0,0
B3_zmq_pushpull,zmq_tcp,none,none,,1,10585,512,584,1785153447045519000,1785153447045519000,1785153447045520000,1785153447045520000,1785153447045559000,1785153447045562000,1785153447045562000,1785153447045562000,121932490,121652369,-241.121,0.000,1.000,0.000,3.000,0.000,0.000,105.000,0,0,0
B3_zmq_pushpull,zmq_tcp,none,none,,1,10586,512,584,1785153447046395000,1785153447046395000,1785153447046395000,1785153447046396000,1785153447046551000,1785153447046553000,1785153447046554000,1785153447046554000,121932490,121652369,-125.121,0.000,0.000,1.000,2.000,1.000,0.000,116.000,0,0,0
B3_zmq_pushpull,zmq_tcp,none,none,,1,10587,512,584,1785153447047563000,1785153447047563000,1785153447047563000,1785153447047564000,1785153447047692000,1785153447047695000,1785153447047695000,1785153447047695000,121932490,121652369,-152.121,0.000,0.000,1.000,3.000,0.000,0.000,27.000,0,0,0
B3_zmq_pushpull,zmq_tcp,none,none,,1,10588,512,584,1785153447048519000,1785153447048519000,1785153447048519000,1785153447048520000,1785153447048704000,1785153447048707000,1785153447048707000,1785153447048707000,121932490,121652369,-96.121,0.000,0.000,1.000,3.000,0.000,0.000,56.000,0,0,0
B3_zmq_pushpull,zmq_tcp,none,none,,1,10589,512,584,1785153447049537000,1785153447049537000,1785153447049537000,1785153447049538000,1785153447049713000,1785153447049716000,1785153447049716000,1785153447049716000,121932490,121652369,-105.121,0.000,0.000,1.000,3.000,0.000,0.000,9.000,0,0,0
B3_zmq_pushpull,zmq_tcp,none,none,,1,10590,512,584,1785153447050529000,1785153447050529000,1785153447050529000,1785153447050530000,1785153447050573000,1785153447050577000,1785153447050577000,1785153447050577000,121932490,121652369,-237.121,0.000,0.000,1.000,4.000,0.000,0.000,132.000,0,0,0
B3_zmq_pushpull,zmq_tcp,none,none,,1,10591,512,584,1785153447051530000,1785153447051530000,1785153447051530000,1785153447051531000,1785153447051587000,1785153447051590000,1785153447051590000,1785153447051590000,121932490,121652369,-224.121,0.000,0.000,1.000,3.000,0.000,0.000,13.000,0,0,0
B3_zmq_pushpull,zmq_tcp,none,none,,1,10592,512,584,1785153447052439000,1785153447052439000,1785153447052439000,1785153447052440000,1785153447052593000,1785153447052596000,1785153447052596000,1785153447052596000,121932490,121652369,-127.121,0.000,0.000,1.000,3.000,0.000,0.000,97.000,0,0,0
B3_zmq_pushpull,zmq_tcp,none,none,,1,10593,512,584,1785153447053438000,1785153447053438000,1785153447053438000,1785153447053439000,1785153447053586000,1785153447053588000,1785153447053588000,1785153447053588000,121932490,121652369,-133.121,0.000,0.000,1.000,2.000,0.000,0.000,6.000,0,0,0
B3_zmq_pushpull,zmq_tcp,none,none,,1,10594,512,584,1785153447054554000,1785153447054554000,1785153447054554000,1785153447054555000,1785153447054743000,1785153447054745000,1785153447054745000,1785153447054746000,121932490,121652369,-92.121,0.000,0.000,1.000,2.000,0.000,1.000,41.000,0,0,0
B3_zmq_pushpull,zmq_tcp,none,none,,1,10595,512,584,1785153447055523000,1785153447055523000,1785153447055524000,1785153447055524000,1785153447055595000,1785153447055598000,1785153447055598000,1785153447055598000,121932490,121652369,-209.121,0.000,1.000,0.000,3.000,0.000,0.000,117.000,0,0,0
B3_zmq_pushpull,zmq_tcp,none,none,,1,10596,512,584,1785153447056532000,1785153447056532000,1785153447056532000,1785153447056533000,1785153447056605000,1785153447056608000,1785153447056608000,1785153447056608000,121932490,121652369,-208.121,0.000,0.000,1.000,3.000,0.000,0.000,1.000,0,0,0
B3_zmq_pushpull,zmq_tcp,none,none,,1,10597,512,584,1785153447057530000,1785153447057530000,1785153447057530000,1785153447057531000,1785153447057608000,1785153447057611000,1785153447057611000,1785153447057611000,121932490,121652369,-203.121,0.000,0.000,1.000,3.000,0.000,0.000,5.000,0,0,0
B3_zmq_pushpull,zmq_tcp,none,none,,1,10598,512,584,1785153447058530000,1785153447058530000,1785153447058530000,1785153447058531000,1785153447058603000,1785153447058605000,1785153447058605000,1785153447058605000,121932490,121652369,-208.121,0.000,0.000,1.000,2.000,0.000,0.000,5.000,0,0,0
B3_zmq_pushpull,zmq_tcp,none,none,,1,10599,512,584,1785153447059527000,1785153447059528000,1785153447059528000,1785153447059529000,1785153447059579000,1785153447059581000,1785153447059581000,1785153447059581000,121932490,121652369,-230.121,1.000,0.000,1.000,2.000,0.000,0.000,22.000,0,0,0
B3_zmq_pushpull,zmq_tcp,none,none,,1,10600,512,584,1785153447060536000,1785153447060536000,1785153447060536000,1785153447060537000,1785153447060701000,1785153447060703000,1785153447060703000,1785153447060703000,121932490,121652369,-116.121,0.000,0.000,1.000,2.000,0.000,0.000,114.000,0,0,0
B3_zmq_pushpull,zmq_tcp,none,none,,1,10601,512,584,1785153447061529000,1785153447061529000,1785153447061529000,1785153447061530000,1785153447061693000,1785153447061696000,1785153447061696000,1785153447061696000,121932490,121652369,-117.121,0.000,0.000,1.000,3.000,0.000,0.000,1.000,0,0,0
B3_zmq_pushpull,zmq_tcp,none,none,,1,10602,512,584,1785153447062390000,1785153447062390000,1785153447062390000,1785153447062391000,1785153447062546000,1785153447062549000,1785153447062549000,1785153447062549000,121932490,121652369,-125.121,0.000,0.000,1.000,3.000,0.000,0.000,8.000,0,0,0
B3_zmq_pushpull,zmq_tcp,none,none,,1,10603,512,584,1785153447063403000,1785153447063403000,1785153447063403000,1785153447063404000,1785153447063551000,1785153447063553000,1785153447063554000,1785153447063554000,121932490,121652369,-133.121,0.000,0.000,1.000,2.000,1.000,0.000,8.000,0,0,0
B3_zmq_pushpull,zmq_tcp,none,none,,1,10604,512,584,1785153447064562000,1785153447064562000,1785153447064562000,1785153447064563000,1785153447064692000,1785153447064695000,1785153447064695000,1785153447064695000,121932490,121652369,-151.121,0.000,0.000,1.000,3.000,0.000,0.000,18.000,0,0,0
B3_zmq_pushpull,zmq_tcp,none,none,,1,10605,512,584,1785153447065522000,1785153447065522000,1785153447065522000,1785153447065523000,1785153447065687000,1785153447065689000,1785153447065690000,1785153447065690000,121932490,121652369,-116.121,0.000,0.000,1.000,2.000,1.000,0.000,35.000,0,0,0
B3_zmq_pushpull,zmq_tcp,none,none,,1,10606,512,584,1785153447066386000,1785153447066387000,1785153447066387000,1785153447066388000,1785153447066540000,1785153447066543000,1785153447066543000,1785153447066543000,121932490,121652369,-128.121,1.000,0.000,1.000,3.000,0.000,0.000,12.000,0,0,0
B3_zmq_pushpull,zmq_tcp,none,none,,1,10607,512,584,1785153447067378000,1785153447067378000,1785153447067378000,1785153447067379000,1785153447067534000,1785153447067536000,1785153447067536000,1785153447067536000,121932490,121652369,-125.121,0.000,0.000,1.000,2.000,0.000,0.000,3.000,0,0,0
B3_zmq_pushpull,zmq_tcp,none,none,,1,10608,512,584,1785153447068571000,1785153447068572000,1785153447068572000,1785153447068573000,1785153447068661000,1785153447068663000,1785153447068663000,1785153447068663000,121932490,121652369,-192.121,1.000,0.000,1.000,2.000,0.000,0.000,67.000,0,0,0
B3_zmq_pushpull,zmq_tcp,none,none,,1,10609,512,584,1785153447069519000,1785153447069519000,1785153447069519000,1785153447069520000,1785153447069662000,1785153447069664000,1785153447069664000,1785153447069664000,121932490,121652369,-138.121,0.000,0.000,1.000,2.000,0.000,0.000,54.000,0,0,0
B3_zmq_pushpull,zmq_tcp,none,none,,1,10610,512,584,1785153447070535000,1785153447070535000,1785153447070535000,1785153447070536000,1785153447070670000,1785153447070672000,1785153447070672000,1785153447070672000,121932490,121652369,-146.121,0.000,0.000,1.000,2.000,0.000,0.000,8.000,0,0,0
B3_zmq_pushpull,zmq_tcp,none,none,,1,10611,512,584,1785153447071529000,1785153447071529000,1785153447071529000,1785153447071530000,1785153447071660000,1785153447071663000,1785153447071663000,1785153447071663000,121932490,121652369,-150.121,0.000,0.000,1.000,3.000,0.000,0.000,4.000,0,0,0
B3_zmq_pushpull,zmq_tcp,none,none,,1,10612,512,584,1785153447072530000,1785153447072530000,1785153447072530000,1785153447072531000,1785153447072655000,1785153447072658000,1785153447072658000,1785153447072658000,121932490,121652369,-156.121,0.000,0.000,1.000,3.000,0.000,0.000,6.000,0,0,0
B3_zmq_pushpull,zmq_tcp,none,none,,1,10613,512,584,1785153447073527000,1785153447073527000,1785153447073527000,1785153447073528000,1785153447073651000,1785153447073654000,1785153447073654000,1785153447073654000,121932490,121652369,-157.121,0.000,0.000,1.000,3.000,0.000,0.000,1.000,0,0,0
B3_zmq_pushpull,zmq_tcp,none,none,,1,10614,512,584,1785153447074347000,1785153447074347000,1785153447074347000,1785153447074348000,1785153447074506000,1785153447074508000,1785153447074508000,1785153447074508000,121932490,121652369,-122.121,0.000,0.000,1.000,2.000,0.000,0.000,35.000,0,0,0
B3_zmq_pushpull,zmq_tcp,none,none,,1,10615,512,584,1785153447075577000,1785153447075577000,1785153447075577000,1785153447075578000,1785153447075784000,1785153447075787000,1785153447075787000,1785153447075787000,121932490,121652369,-74.121,0.000,0.000,1.000,3.000,0.000,0.000,48.000,0,0,0
B3_zmq_pushpull,zmq_tcp,none,none,,1,10616,512,584,1785153447076515000,1785153447076515000,1785153447076515000,1785153447076516000,1785153447076659000,1785153447076662000,1785153447076662000,1785153447076662000,121932490,121652369,-137.121,0.000,0.000,1.000,3.000,0.000,0.000,63.000,0,0,0
B3_zmq_pushpull,zmq_tcp,none,none,,1,10617,512,584,1785153447077536000,1785153447077537000,1785153447077537000,1785153447077538000,1785153447077663000,1785153447077666000,1785153447077666000,1785153447077666000,121932490,121652369,-155.121,1.000,0.000,1.000,3.000,0.000,0.000,18.000,0,0,0
B3_zmq_pushpull,zmq_tcp,none,none,,1,10618,512,584,1785153447078528000,1785153447078529000,1785153447078529000,1785153447078530000,1785153447078662000,1785153447078664000,1785153447078664000,1785153447078664000,121932490,121652369,-148.121,1.000,0.000,1.000,2.000,0.000,0.000,7.000,0,0,0
B3_zmq_pushpull,zmq_tcp,none,none,,1,10619,512,584,1785153447079531000,1785153447079531000,1785153447079531000,1785153447079532000,1785153447079656000,1785153447079659000,1785153447079659000,1785153447079659000,121932490,121652369,-156.121,0.000,0.000,1.000,3.000,0.000,0.000,8.000,0,0,0
B3_zmq_pushpull,zmq_tcp,none,none,,1,10620,512,584,1785153447080527000,1785153447080527000,1785153447080527000,1785153447080528000,1785153447080651000,1785153447080654000,1785153447080654000,1785153447080654000,121932490,121652369,-157.121,0.000,0.000,1.000,3.000,0.000,0.000,1.000,0,0,0
B3_zmq_pushpull,zmq_tcp,none,none,,1,10621,512,584,1785153447081534000,1785153447081534000,1785153447081534000,1785153447081535000,1785153447081662000,1785153447081664000,1785153447081664000,1785153447081664000,121932490,121652369,-153.121,0.000,0.000,1.000,2.000,0.000,0.000,4.000,0,0,0
B3_zmq_pushpull,zmq_tcp,none,none,,1,10622,512,584,1785153447082529000,1785153447082529000,1785153447082529000,1785153447082530000,1785153447082663000,1785153447082666000,1785153447082666000,1785153447082666000,121932490,121652369,-147.121,0.000,0.000,1.000,3.000,0.000,0.000,6.000,0,0,0
B3_zmq_pushpull,zmq_tcp,none,none,,1,10623,512,584,1785153447083530000,1785153447083530000,1785153447083530000,1785153447083531000,1785153447083667000,1785153447083670000,1785153447083670000,1785153447083670000,121932490,121652369,-144.121,0.000,0.000,1.000,3.000,0.000,0.000,3.000,0,0,0
B3_zmq_pushpull,zmq_tcp,none,none,,1,10624,512,584,1785153447084527000,1785153447084527000,1785153447084527000,1785153447084528000,1785153447084672000,1785153447084675000,1785153447084675000,1785153447084675000,121932490,121652369,-136.121,0.000,0.000,1.000,3.000,0.000,0.000,8.000,0,0,0
B3_zmq_pushpull,zmq_tcp,none,none,,1,10625,512,584,1785153447085532000,1785153447085532000,1785153447085532000,1785153447085533000,1785153447085683000,1785153447085686000,1785153447085686000,1785153447085686000,121932490,121652369,-130.121,0.000,0.000,1.000,3.000,0.000,0.000,6.000,0,0,0
B3_zmq_pushpull,zmq_tcp,none,none,,1,10626,512,584,1785153447086530000,1785153447086530000,1785153447086530000,1785153447086531000,1785153447086678000,1785153447086680000,1785153447086680000,1785153447086680000,121932490,121652369,-133.121,0.000,0.000,1.000,2.000,0.000,0.000,3.000,0,0,0
B3_zmq_pushpull,zmq_tcp,none,none,,1,10627,512,584,1785153447087530000,1785153447087530000,1785153447087530000,1785153447087531000,1785153447087674000,1785153447087676000,1785153447087676000,1785153447087676000,121932490,121652369,-137.121,0.000,0.000,1.000,2.000,0.000,0.000,4.000,0,0,0
B3_zmq_pushpull,zmq_tcp,none,none,,1,10628,512,584,1785153447088527000,1785153447088527000,1785153447088527000,1785153447088528000,1785153447088663000,1785153447088666000,1785153447088666000,1785153447088666000,121932490,121652369,-145.121,0.000,0.000,1.000,3.000,0.000,0.000,8.000,0,0,0
B3_zmq_pushpull,zmq_tcp,none,none,,1,10629,512,584,1785153447089531000,1785153447089531000,1785153447089531000,1785153447089532000,1785153447089675000,1785153447089678000,1785153447089678000,1785153447089678000,121932490,121652369,-137.121,0.000,0.000,1.000,3.000,0.000,0.000,8.000,0,0,0
B3_zmq_pushpull,zmq_tcp,none,none,,1,10630,512,584,1785153447090530000,1785153447090530000,1785153447090530000,1785153447090531000,1785153447090671000,1785153447090674000,1785153447090674000,1785153447090674000,121932490,121652369,-140.121,0.000,0.000,1.000,3.000,0.000,0.000,3.000,0,0,0
B3_zmq_pushpull,zmq_tcp,none,none,,1,10631,512,584,1785153447091530000,1785153447091531000,1785153447091531000,1785153447091532000,1785153447091678000,1785153447091680000,1785153447091680000,1785153447091680000,121932490,121652369,-134.121,1.000,0.000,1.000,2.000,0.000,0.000,6.000,0,0,0
B3_zmq_pushpull,zmq_tcp,none,none,,1,10632,512,584,1785153447092528000,1785153447092528000,1785153447092528000,1785153447092529000,1785153447092684000,1785153447092687000,1785153447092687000,1785153447092687000,121932490,121652369,-125.121,0.000,0.000,1.000,3.000,0.000,0.000,9.000,0,0,0
B3_zmq_pushpull,zmq_tcp,none,none,,1,10633,512,584,1785153447093532000,1785153447093532000,1785153447093532000,1785153447093533000,1785153447093680000,1785153447093683000,1785153447093683000,1785153447093683000,121932490,121652369,-133.121,0.000,0.000,1.000,3.000,0.000,0.000,8.000,0,0,0
B3_zmq_pushpull,zmq_tcp,none,none,,1,10634,512,584,1785153447094530000,1785153447094530000,1785153447094530000,1785153447094531000,1785153447094668000,1785153447094671000,1785153447094671000,1785153447094671000,121932490,121652369,-143.121,0.000,0.000,1.000,3.000,0.000,0.000,10.000,0,0,0
B3_zmq_pushpull,zmq_tcp,none,none,,1,10635,512,584,1785153447095530000,1785153447095530000,1785153447095530000,1785153447095531000,1785153447095664000,1785153447095667000,1785153447095667000,1785153447095667000,121932490,121652369,-147.121,0.000,0.000,1.000,3.000,0.000,0.000,4.000,0,0,0
B3_zmq_pushpull,zmq_tcp,none,none,,1,10636,512,584,1785153447096527000,1785153447096527000,1785153447096527000,1785153447096528000,1785153447096663000,1785153447096666000,1785153447096666000,1785153447096666000,121932490,121652369,-145.121,0.000,0.000,1.000,3.000,0.000,0.000,2.000,0,0,0
B3_zmq_pushpull,zmq_tcp,none,none,,1,10637,512,584,1785153447097531000,1785153447097531000,1785153447097531000,1785153447097532000,1785153447097656000,1785153447097659000,1785153447097659000,1785153447097659000,121932490,121652369,-156.121,0.000,0.000,1.000,3.000,0.000,0.000,11.000,0,0,0
B3_zmq_pushpull,zmq_tcp,none,none,,1,10638,512,584,1785153447098530000,1785153447098530000,1785153447098530000,1785153447098531000,1785153447098659000,1785153447098662000,1785153447098662000,1785153447098662000,121932490,121652369,-152.121,0.000,0.000,1.000,3.000,0.000,0.000,4.000,0,0,0
B3_zmq_pushpull,zmq_tcp,none,none,,1,10639,512,584,1785153447099530000,1785153447099530000,1785153447099530000,1785153447099531000,1785153447099655000,1785153447099658000,1785153447099658000,1785153447099658000,121932490,121652369,-156.121,0.000,0.000,1.000,3.000,0.000,0.000,4.000,0,0,0
B3_zmq_pushpull,zmq_tcp,none,none,,1,10640,512,584,1785153447100527000,1785153447100527000,1785153447100527000,1785153447100528000,1785153447100650000,1785153447100652000,1785153447100652000,1785153447100652000,121932490,121652369,-158.121,0.000,0.000,1.000,2.000,0.000,0.000,2.000,0,0,0
B3_zmq_pushpull,zmq_tcp,none,none,,1,10641,512,584,1785153447101531000,1785153447101531000,1785153447101531000,1785153447101532000,1785153447101655000,1785153447101658000,1785153447101658000,1785153447101658000,121932490,121652369,-157.121,0.000,0.000,1.000,3.000,0.000,0.000,1.000,0,0,0
B3_zmq_pushpull,zmq_tcp,none,none,,1,10642,512,584,1785153447102530000,1785153447102530000,1785153447102530000,1785153447102531000,1785153447102662000,1785153447102664000,1785153447102664000,1785153447102664000,121932490,121652369,-149.121,0.000,0.000,1.000,2.000,0.000,0.000,8.000,0,0,0
B3_zmq_pushpull,zmq_tcp,none,none,,1,10643,512,584,1785153447103533000,1785153447103533000,1785153447103533000,1785153447103534000,1785153447103655000,1785153447103658000,1785153447103658000,1785153447103658000,121932490,121652369,-159.121,0.000,0.000,1.000,3.000,0.000,0.000,10.000,0,0,0
B3_zmq_pushpull,zmq_tcp,none,none,,1,10644,512,584,1785153447104529000,1785153447104529000,1785153447104529000,1785153447104530000,1785153447104650000,1785153447104652000,1785153447104652000,1785153447104652000,121932490,121652369,-160.121,0.000,0.000,1.000,2.000,0.000,0.000,1.000,0,0,0
B3_zmq_pushpull,zmq_tcp,none,none,,1,10645,512,584,1785153447105533000,1785153447105533000,1785153447105533000,1785153447105534000,1785153447105646000,1785153447105648000,1785153447105648000,1785153447105648000,121932490,121652369,-168.121,0.000,0.000,1.000,2.000,0.000,0.000,8.000,0,0,0
B3_zmq_pushpull,zmq_tcp,none,none,,1,10646,512,584,1785153447106530000,1785153447106530000,1785153447106530000,1785153447106531000,1785153447106643000,1785153447106646000,1785153447106646000,1785153447106646000,121932490,121652369,-168.121,0.000,0.000,1.000,3.000,0.000,0.000,0.000,0,0,0
B3_zmq_pushpull,zmq_tcp,none,none,,1,10647,512,584,1785153447107530000,1785153447107530000,1785153447107530000,1785153447107531000,1785153447107639000,1785153447107642000,1785153447107642000,1785153447107642000,121932490,121652369,-172.121,0.000,0.000,1.000,3.000,0.000,0.000,4.000,0,0,0
B3_zmq_pushpull,zmq_tcp,none,none,,1,10648,512,584,1785153447108529000,1785153447108529000,1785153447108529000,1785153447108530000,1785153447108634000,1785153447108636000,1785153447108636000,1785153447108636000,121932490,121652369,-176.121,0.000,0.000,1.000,2.000,0.000,0.000,4.000,0,0,0
B3_zmq_pushpull,zmq_tcp,none,none,,1,10649,512,584,1785153447109533000,1785153447109533000,1785153447109533000,1785153447109534000,1785153447109640000,1785153447109643000,1785153447109643000,1785153447109643000,121932490,121652369,-174.121,0.000,0.000,1.000,3.000,0.000,0.000,2.000,0,0,0
B3_zmq_pushpull,zmq_tcp,none,none,,1,10650,512,584,1785153447110530000,1785153447110530000,1785153447110530000,1785153447110531000,1785153447110643000,1785153447110646000,1785153447110646000,1785153447110646000,121932490,121652369,-168.121,0.000,0.000,1.000,3.000,0.000,0.000,6.000,0,0,0
B3_zmq_pushpull,zmq_tcp,none,none,,1,10651,512,584,1785153447111532000,1785153447111532000,1785153447111532000,1785153447111533000,1785153447111650000,1785153447111652000,1785153447111652000,1785153447111652000,121932490,121652369,-163.121,0.000,0.000,1.000,2.000,0.000,0.000,5.000,0,0,0
B3_zmq_pushpull,zmq_tcp,none,none,,1,10652,512,584,1785153447112526000,1785153447112526000,1785153447112526000,1785153447112527000,1785153447112637000,1785153447112641000,1785153447112641000,1785153447112641000,121932490,121652369,-170.121,0.000,0.000,1.000,4.000,0.000,0.000,7.000,0,0,0
B3_zmq_pushpull,zmq_tcp,none,none,,1,10653,512,584,1785153447113351000,1785153447113351000,1785153447113351000,1785153447113352000,1785153447113504000,1785153447113507000,1785153447113507000,1785153447113507000,121932490,121652369,-128.121,0.000,0.000,1.000,3.000,0.000,0.000,42.000,0,0,0
B3_zmq_pushpull,zmq_tcp,none,none,,1,10654,512,584,1785153447114336000,1785153447114336000,1785153447114336000,1785153447114337000,1785153447114490000,1785153447114492000,1785153447114493000,1785153447114493000,121932490,121652369,-127.121,0.000,0.000,1.000,2.000,1.000,0.000,1.000,0,0,0
B3_zmq_pushpull,zmq_tcp,none,none,,1,10655,512,584,1785153447115335000,1785153447115335000,1785153447115335000,1785153447115336000,1785153447115474000,1785153447115477000,1785153447115477000,1785153447115477000,121932490,121652369,-142.121,0.000,0.000,1.000,3.000,0.000,0.000,15.000,0,0,0
B3_zmq_pushpull,zmq_tcp,none,none,,1,10656,512,584,1785153447116435000,1785153447116435000,1785153447116435000,1785153447116436000,1785153447116593000,1785153447116596000,1785153447116596000,1785153447116596000,121932490,121652369,-123.121,0.000,0.000,1.000,3.000,0.000,0.000,19.000,0,0,0
B3_zmq_pushpull,zmq_tcp,none,none,,1,10657,512,584,1785153447117424000,1785153447117424000,1785153447117424000,1785153447117425000,1785153447117584000,1785153447117587000,1785153447117587000,1785153447117587000,121932490,121652369,-121.121,0.000,0.000,1.000,3.000,0.000,0.000,2.000,0,0,0
B3_zmq_pushpull,zmq_tcp,none,none,,1,10658,512,584,1785153447118556000,1785153447118557000,1785153447118557000,1785153447118558000,1785153447118702000,1785153447118705000,1785153447118705000,1785153447118705000,121932490,121652369,-136.121,1.000,0.000,1.000,3.000,0.000,0.000,15.000,0,0,0
B3_zmq_pushpull,zmq_tcp,none,none,,1,10659,512,584,1785153447119524000,1785153447119525000,1785153447119525000,1785153447119526000,1785153447119712000,1785153447119715000,1785153447119715000,1785153447119715000,121932490,121652369,-94.121,1.000,0.000,1.000,3.000,0.000,0.000,42.000,0,0,0
B3_zmq_pushpull,zmq_tcp,none,none,,1,10660,512,584,1785153447120531000,1785153447120531000,1785153447120531000,1785153447120532000,1785153447120658000,1785153447120662000,1785153447120662000,1785153447120662000,121932490,121652369,-154.121,0.000,0.000,1.000,4.000,0.000,0.000,60.000,0,0,0
B3_zmq_pushpull,zmq_tcp,none,none,,1,10661,512,584,1785153447121350000,1785153447121350000,1785153447121350000,1785153447121351000,1785153447121501000,1785153447121504000,1785153447121504000,1785153447121504000,121932490,121652369,-130.121,0.000,0.000,1.000,3.000,0.000,0.000,24.000,0,0,0
B3_zmq_pushpull,zmq_tcp,none,none,,1,10662,512,584,1785153447122446000,1785153447122446000,1785153447122446000,1785153447122447000,1785153447122598000,1785153447122601000,1785153447122601000,1785153447122601000,121932490,121652369,-129.121,0.000,0.000,1.000,3.000,0.000,0.000,1.000,0,0,0
B3_zmq_pushpull,zmq_tcp,none,none,,1,10663,512,584,1785153447123410000,1785153447123410000,1785153447123410000,1785153447123411000,1785153447123552000,1785153447123554000,1785153447123555000,1785153447123555000,121932490,121652369,-139.121,0.000,0.000,1.000,2.000,1.000,0.000,10.000,0,0,0
B3_zmq_pushpull,zmq_tcp,none,none,,1,10664,512,584,1785153447124387000,1785153447124387000,1785153447124387000,1785153447124388000,1785153447124538000,1785153447124541000,1785153447124541000,1785153447124541000,121932490,121652369,-130.121,0.000,0.000,1.000,3.000,0.000,0.000,9.000,0,0,0
B3_zmq_pushpull,zmq_tcp,none,none,,1,10665,512,584,1785153447125355000,1785153447125355000,1785153447125355000,1785153447125357000,1785153447125504000,1785153447125506000,1785153447125506000,1785153447125506000,121932490,121652369,-133.121,0.000,0.000,2.000,2.000,0.000,0.000,3.000,0,0,0
B3_zmq_pushpull,zmq_tcp,none,none,,1,10666,512,584,1785153447126573000,1785153447126573000,1785153447126573000,1785153447126574000,1785153447126640000,1785153447126643000,1785153447126643000,1785153447126643000,121932490,121652369,-214.121,0.000,0.000,1.000,3.000,0.000,0.000,81.000,0,0,0
B3_zmq_pushpull,zmq_tcp,none,none,,1,10667,512,584,1785153447127519000,1785153447127519000,1785153447127519000,1785153447127520000,1785153447127630000,1785153447127633000,1785153447127633000,1785153447127633000,121932490,121652369,-170.121,0.000,0.000,1.000,3.000,0.000,0.000,44.000,0,0,0
B3_zmq_pushpull,zmq_tcp,none,none,,1,10668,512,584,1785153447128532000,1785153447128532000,1785153447128532000,1785153447128533000,1785153447128601000,1785153447128604000,1785153447128604000,1785153447128604000,121932490,121652369,-212.121,0.000,0.000,1.000,3.000,0.000,0.000,42.000,0,0,0
B3_zmq_pushpull,zmq_tcp,none,none,,1,10669,512,584,1785153447129530000,1785153447129530000,1785153447129530000,1785153447129531000,1785153447129592000,1785153447129594000,1785153447129594000,1785153447129594000,121932490,121652369,-219.121,0.000,0.000,1.000,2.000,0.000,0.000,7.000,0,0,0
B3_zmq_pushpull,zmq_tcp,none,none,,1,10670,512,584,1785153447130529000,1785153447130529000,1785153447130529000,1785153447130530000,1785153447130706000,1785153447130709000,1785153447130709000,1785153447130709000,121932490,121652369,-104.121,0.000,0.000,1.000,3.000,0.000,0.000,115.000,0,0,0
B3_zmq_pushpull,zmq_tcp,none,none,,1,10671,512,584,1785153447131529000,1785153447131529000,1785153447131530000,1785153447131530000,1785153447131700000,1785153447131702000,1785153447131702000,1785153447131702000,121932490,121652369,-110.121,0.000,1.000,0.000,2.000,0.000,0.000,6.000,0,0,0
B3_zmq_pushpull,zmq_tcp,none,none,,1,10672,512,584,1785153447132530000,1785153447132530000,1785153447132530000,1785153447132531000,1785153447132682000,1785153447132685000,1785153447132685000,1785153447132685000,121932490,121652369,-129.121,0.000,0.000,1.000,3.000,0.000,0.000,19.000,0,0,0
B3_zmq_pushpull,zmq_tcp,none,none,,1,10673,512,584,1785153447133530000,1785153447133530000,1785153447133530000,1785153447133531000,1785153447133665000,1785153447133668000,1785153447133668000,1785153447133668000,121932490,121652369,-146.121,0.000,0.000,1.000,3.000,0.000,0.000,17.000,0,0,0
B3_zmq_pushpull,zmq_tcp,none,none,,1,10674,512,584,1785153447134529000,1785153447134529000,1785153447134529000,1785153447134530000,1785153447134642000,1785153447134646000,1785153447134646000,1785153447134646000,121932490,121652369,-168.121,0.000,0.000,1.000,4.000,0.000,0.000,22.000,0,0,0
B3_zmq_pushpull,zmq_tcp,none,none,,1,10675,512,584,1785153447135335000,1785153447135335000,1785153447135335000,1785153447135336000,1785153447135465000,1785153447135468000,1785153447135469000,1785153447135469000,121932490,121652369,-151.121,0.000,0.000,1.000,3.000,1.000,0.000,17.000,0,0,0
B3_zmq_pushpull,zmq_tcp,none,none,,1,10676,512,584,1785153447136579000,1785153447136579000,1785153447136579000,1785153447136580000,1785153447136714000,1785153447136717000,1785153447136717000,1785153447136717000,121932490,121652369,-146.121,0.000,0.000,1.000,3.000,0.000,0.000,5.000,0,0,0
B3_zmq_pushpull,zmq_tcp,none,none,,1,10677,512,584,1785153447137515000,1785153447137515000,1785153447137515000,1785153447137516000,1785153447137578000,1785153447137582000,1785153447137582000,1785153447137582000,121932490,121652369,-218.121,0.000,0.000,1.000,4.000,0.000,0.000,72.000,0,0,0
B3_zmq_pushpull,zmq_tcp,none,none,,1,10678,512,584,1785153447138535000,1785153447138535000,1785153447138535000,1785153447138536000,1785153447138726000,1785153447138729000,1785153447138729000,1785153447138729000,121932490,121652369,-90.121,0.000,0.000,1.000,3.000,0.000,0.000,128.000,0,0,0
B3_zmq_pushpull,zmq_tcp,none,none,,1,10679,512,584,1785153447139531000,1785153447139531000,1785153447139531000,1785153447139532000,1785153447139724000,1785153447139726000,1785153447139726000,1785153447139726000,121932490,121652369,-88.121,0.000,0.000,1.000,2.000,0.000,0.000,2.000,0,0,0
B3_zmq_pushpull,zmq_tcp,none,none,,1,10680,512,584,1785153447140532000,1785153447140532000,1785153447140532000,1785153447140533000,1785153447140722000,1785153447140725000,1785153447140725000,1785153447140725000,121932490,121652369,-91.121,0.000,0.000,1.000,3.000,0.000,0.000,3.000,0,0,0
B3_zmq_pushpull,zmq_tcp,none,none,,1,10681,512,584,1785153447141529000,1785153447141530000,1785153447141530000,1785153447141531000,1785153447141579000,1785153447141583000,1785153447141583000,1785153447141583000,121932490,121652369,-232.121,1.000,0.000,1.000,4.000,0.000,0.000,141.000,0,0,0
B3_zmq_pushpull,zmq_tcp,none,none,,1,10682,512,584,1785153447142529000,1785153447142529000,1785153447142530000,1785153447142530000,1785153447142700000,1785153447142702000,1785153447142702000,1785153447142702000,121932490,121652369,-110.121,0.000,1.000,0.000,2.000,0.000,0.000,122.000,0,0,0
B3_zmq_pushpull,zmq_tcp,none,none,,1,10683,512,584,1785153447143529000,1785153447143529000,1785153447143529000,1785153447143530000,1785153447143689000,1785153447143692000,1785153447143692000,1785153447143692000,121932490,121652369,-121.121,0.000,0.000,1.000,3.000,0.000,0.000,11.000,0,0,0
B3_zmq_pushpull,zmq_tcp,none,none,,1,10684,512,584,1785153447144388000,1785153447144388000,1785153447144388000,1785153447144389000,1785153447144547000,1785153447144550000,1785153447144550000,1785153447144550000,121932490,121652369,-122.121,0.000,0.000,1.000,3.000,0.000,0.000,1.000,0,0,0
B3_zmq_pushpull,zmq_tcp,none,none,,1,10685,512,584,1785153447145561000,1785153447145561000,1785153447145561000,1785153447145562000,1785153447145673000,1785153447145676000,1785153447145676000,1785153447145676000,121932490,121652369,-169.121,0.000,0.000,1.000,3.000,0.000,0.000,47.000,0,0,0
B3_zmq_pushpull,zmq_tcp,none,none,,1,10686,512,584,1785153447146522000,1785153447146522000,1785153447146522000,1785153447146523000,1785153447146665000,1785153447146668000,1785153447146668000,1785153447146668000,121932490,121652369,-138.121,0.000,0.000,1.000,3.000,0.000,0.000,31.000,0,0,0
B3_zmq_pushpull,zmq_tcp,none,none,,1,10687,512,584,1785153447147362000,1785153447147362000,1785153447147363000,1785153447147363000,1785153447147520000,1785153447147522000,1785153447147522000,1785153447147522000,121932490,121652369,-123.121,0.000,1.000,0.000,2.000,0.000,0.000,15.000,0,0,0
B3_zmq_pushpull,zmq_tcp,none,none,,1,10688,512,584,1785153447148364000,1785153447148364000,1785153447148365000,1785153447148366000,1785153447148517000,1785153447148520000,1785153447148520000,1785153447148520000,121932490,121652369,-129.121,0.000,1.000,1.000,3.000,0.000,0.000,6.000,0,0,0
B3_zmq_pushpull,zmq_tcp,none,none,,1,10689,512,584,1785153447149352000,1785153447149353000,1785153447149353000,1785153447149354000,1785153447149504000,1785153447149506000,1785153447149506000,1785153447149506000,121932490,121652369,-130.121,1.000,0.000,1.000,2.000,0.000,0.000,1.000,0,0,0
B3_zmq_pushpull,zmq_tcp,none,none,,1,10690,512,584,1785153447150341000,1785153447150341000,1785153447150341000,1785153447150342000,1785153447150493000,1785153447150496000,1785153447150496000,1785153447150496000,121932490,121652369,-129.121,0.000,0.000,1.000,3.000,0.000,0.000,1.000,0,0,0
B3_zmq_pushpull,zmq_tcp,none,none,,1,10691,512,584,1785153447151458000,1785153447151458000,1785153447151458000,1785153447151459000,1785153447151614000,1785153447151617000,1785153447151617000,1785153447151617000,121932490,121652369,-125.121,0.000,0.000,1.000,3.000,0.000,0.000,4.000,0,0,0
B3_zmq_pushpull,zmq_tcp,none,none,,1,10692,512,584,1785153447152436000,1785153447152437000,1785153447152437000,1785153447152438000,1785153447152593000,1785153447152596000,1785153447152596000,1785153447152596000,121932490,121652369,-125.121,1.000,0.000,1.000,3.000,0.000,0.000,0.000,0,0,0
B3_zmq_pushpull,zmq_tcp,none,none,,1,10693,512,584,1785153447153431000,1785153447153431000,1785153447153431000,1785153447153433000,1785153447153581000,1785153447153584000,1785153447153584000,1785153447153584000,121932490,121652369,-132.121,0.000,0.000,2.000,3.000,0.000,0.000,7.000,0,0,0
B3_zmq_pushpull,zmq_tcp,none,none,,1,10694,512,584,1785153447154555000,1785153447154555000,1785153447154555000,1785153447154556000,1785153447154690000,1785153447154693000,1785153447154693000,1785153447154693000,121932490,121652369,-146.121,0.000,0.000,1.000,3.000,0.000,0.000,14.000,0,0,0
B3_zmq_pushpull,zmq_tcp,none,none,,1,10695,512,584,1785153447155520000,1785153447155520000,1785153447155520000,1785153447155521000,1785153447155666000,1785153447155669000,1785153447155669000,1785153447155669000,121932490,121652369,-135.121,0.000,0.000,1.000,3.000,0.000,0.000,11.000,0,0,0
B3_zmq_pushpull,zmq_tcp,none,none,,1,10696,512,584,1785153447156532000,1785153447156532000,1785153447156532000,1785153447156533000,1785153447156642000,1785153447156645000,1785153447156645000,1785153447156645000,121932490,121652369,-171.121,0.000,0.000,1.000,3.000,0.000,0.000,36.000,0,0,0
B3_zmq_pushpull,zmq_tcp,none,none,,1,10697,512,584,1785153447157535000,1785153447157535000,1785153447157535000,1785153447157536000,1785153447157624000,1785153447157626000,1785153447157626000,1785153447157626000,121932490,121652369,-192.121,0.000,0.000,1.000,2.000,0.000,0.000,21.000,0,0,0
B3_zmq_pushpull,zmq_tcp,none,none,,1,10698,512,584,1785153447158531000,1785153447158531000,1785153447158531000,1785153447158532000,1785153447158605000,1785153447158608000,1785153447158608000,1785153447158608000,121932490,121652369,-207.121,0.000,0.000,1.000,3.000,0.000,0.000,15.000,0,0,0
B3_zmq_pushpull,zmq_tcp,none,none,,1,10699,512,584,1785153447159525000,1785153447159525000,1785153447159525000,1785153447159526000,1785153447159601000,1785153447159604000,1785153447159604000,1785153447159604000,121932490,121652369,-205.121,0.000,0.000,1.000,3.000,0.000,0.000,2.000,0,0,0
B3_zmq_pushpull,zmq_tcp,none,none,,1,10700,512,584,1785153447160531000,1785153447160531000,1785153447160531000,1785153447160532000,1785153447160609000,1785153447160611000,1785153447160611000,1785153447160611000,121932490,121652369,-203.121,0.000,0.000,1.000,2.000,0.000,0.000,2.000,0,0,0
B3_zmq_pushpull,zmq_tcp,none,none,,1,10701,512,584,1785153447161531000,1785153447161531000,1785153447161531000,1785153447161532000,1785153447161594000,1785153447161597000,1785153447161597000,1785153447161597000,121932490,121652369,-218.121,0.000,0.000,1.000,3.000,0.000,0.000,15.000,0,0,0
B3_zmq_pushpull,zmq_tcp,none,none,,1,10702,512,584,1785153447162529000,1785153447162530000,1785153447162530000,1785153447162531000,1785153447162717000,1785153447162721000,1785153447162721000,1785153447162721000,121932490,121652369,-94.121,1.000,0.000,1.000,4.000,0.000,0.000,124.000,0,0,0
B3_zmq_pushpull,zmq_tcp,none,none,,1,10703,512,584,1785153447163527000,1785153447163527000,1785153447163527000,1785153447163528000,1785153447163569000,1785153447163573000,1785153447163573000,1785153447163573000,121932490,121652369,-239.121,0.000,0.000,1.000,4.000,0.000,0.000,145.000,0,0,0
B3_zmq_pushpull,zmq_tcp,none,none,,1,10704,512,584,1785153447164531000,1785153447164531000,1785153447164531000,1785153447164532000,1785153447164685000,1785153447164687000,1785153447164688000,1785153447164688000,121932490,121652369,-127.121,0.000,0.000,1.000,2.000,1.000,0.000,112.000,0,0,0
B3_zmq_pushpull,zmq_tcp,none,none,,1,10705,512,584,1785153447165389000,1785153447165389000,1785153447165389000,1785153447165390000,1785153447165549000,1785153447165552000,1785153447165552000,1785153447165552000,121932490,121652369,-121.121,0.000,0.000,1.000,3.000,0.000,0.000,6.000,0,0,0
B3_zmq_pushpull,zmq_tcp,none,none,,1,10706,512,584,1785153447166568000,1785153447166568000,1785153447166568000,1785153447166569000,1785153447166652000,1785153447166655000,1785153447166655000,1785153447166655000,121932490,121652369,-197.121,0.000,0.000,1.000,3.000,0.000,0.000,76.000,0,0,0
B3_zmq_pushpull,zmq_tcp,none,none,,1,10707,512,584,1785153447167519000,1785153447167519000,1785153447167519000,1785153447167520000,1785153447167625000,1785153447167628000,1785153447167628000,1785153447167628000,121932490,121652369,-175.121,0.000,0.000,1.000,3.000,0.000,0.000,22.000,0,0,0
B3_zmq_pushpull,zmq_tcp,none,none,,1,10708,512,584,1785153447168532000,1785153447168532000,1785153447168532000,1785153447168534000,1785153447168596000,1785153447168599000,1785153447168599000,1785153447168599000,121932490,121652369,-218.121,0.000,0.000,2.000,3.000,0.000,0.000,43.000,0,0,0
B3_zmq_pushpull,zmq_tcp,none,none,,1,10709,512,584,1785153447169529000,1785153447169530000,1785153447169530000,1785153447169531000,1785153447169573000,1785153447169575000,1785153447169575000,1785153447169575000,121932490,121652369,-238.121,1.000,0.000,1.000,2.000,0.000,0.000,20.000,0,0,0
B3_zmq_pushpull,zmq_tcp,none,none,,1,10710,512,584,1785153447170529000,1785153447170530000,1785153447170530000,1785153447170531000,1785153447170701000,1785153447170704000,1785153447170704000,1785153447170704000,121932490,121652369,-110.121,1.000,0.000,1.000,3.000,0.000,0.000,128.000,0,0,0
B3_zmq_pushpull,zmq_tcp,none,none,,1,10711,512,584,1785153447171397000,1785153447171397000,1785153447171397000,1785153447171398000,1785153447171553000,1785153447171556000,1785153447171556000,1785153447171556000,121932490,121652369,-125.121,0.000,0.000,1.000,3.000,0.000,0.000,15.000,0,0,0
B3_zmq_pushpull,zmq_tcp,none,none,,1,10712,512,584,1785153447172565000,1785153447172566000,1785153447172566000,1785153447172567000,1785153447172676000,1785153447172678000,1785153447172678000,1785153447172678000,121932490,121652369,-171.121,1.000,0.000,1.000,2.000,0.000,0.000,46.000,0,0,0
B3_zmq_pushpull,zmq_tcp,none,none,,1,10713,512,584,1785153447173522000,1785153447173522000,1785153447173522000,1785153447173523000,1785153447173671000,1785153447173674000,1785153447173674000,1785153447173674000,121932490,121652369,-132.121,0.000,0.000,1.000,3.000,0.000,0.000,39.000,0,0,0
B3_zmq_pushpull,zmq_tcp,none,none,,1,10714,512,584,1785153447174361000,1785153447174361000,1785153447174361000,1785153447174362000,1785153447174512000,1785153447174514000,1785153447174514000,1785153447174514000,121932490,121652369,-130.121,0.000,0.000,1.000,2.000,0.000,0.000,2.000,0,0,0
B3_zmq_pushpull,zmq_tcp,none,none,,1,10715,512,584,1785153447175571000,1785153447175571000,1785153447175571000,1785153447175572000,1785153447175645000,1785153447175648000,1785153447175648000,1785153447175648000,121932490,121652369,-207.121,0.000,0.000,1.000,3.000,0.000,0.000,77.000,0,0,0
B3_zmq_pushpull,zmq_tcp,none,none,,1,10716,512,584,1785153447176519000,1785153447176519000,1785153447176519000,1785153447176520000,1785153447176624000,1785153447176627000,1785153447176627000,1785153447176627000,121932490,121652369,-176.121,0.000,0.000,1.000,3.000,0.000,0.000,31.000,0,0,0
B3_zmq_pushpull,zmq_tcp,none,none,,1,10717,512,584,1785153447177532000,1785153447177532000,1785153447177532000,1785153447177533000,1785153447177590000,1785153447177593000,1785153447177593000,1785153447177593000,121932490,121652369,-223.121,0.000,0.000,1.000,3.000,0.000,0.000,47.000,0,0,0
B3_zmq_pushpull,zmq_tcp,none,none,,1,10718,512,584,1785153447178528000,1785153447178528000,1785153447178528000,1785153447178529000,1785153447178570000,1785153447178573000,1785153447178573000,1785153447178573000,121932490,121652369,-239.121,0.000,0.000,1.000,3.000,0.000,0.000,16.000,0,0,0
B3_zmq_pushpull,zmq_tcp,none,none,,1,10719,512,584,1785153447179531000,1785153447179531000,1785153447179531000,1785153447179532000,1785153447179703000,1785153447179705000,1785153447179705000,1785153447179705000,121932490,121652369,-109.121,0.000,0.000,1.000,2.000,0.000,0.000,130.000,0,0,0
B3_zmq_pushpull,zmq_tcp,none,none,,1,10720,512,584,1785153447180404000,1785153447180404000,1785153447180404000,1785153447180405000,1785153447180561000,1785153447180564000,1785153447180564000,1785153447180564000,121932490,121652369,-124.121,0.000,0.000,1.000,3.000,0.000,0.000,15.000,0,0,0
B3_zmq_pushpull,zmq_tcp,none,none,,1,10721,512,584,1785153447181389000,1785153447181389000,1785153447181389000,1785153447181390000,1785153447181549000,1785153447181554000,1785153447181554000,1785153447181554000,121932490,121652369,-121.121,0.000,0.000,1.000,5.000,0.000,0.000,3.000,0,0,0
B3_zmq_pushpull,zmq_tcp,none,none,,1,10722,512,584,1785153447182375000,1785153447182375000,1785153447182376000,1785153447182376000,1785153447182527000,1785153447182529000,1785153447182529000,1785153447182529000,121932490,121652369,-129.121,0.000,1.000,0.000,2.000,0.000,0.000,8.000,0,0,0
B3_zmq_pushpull,zmq_tcp,none,none,,1,10723,512,584,1785153447183351000,1785153447183351000,1785153447183351000,1785153447183352000,1785153447183503000,1785153447183505000,1785153447183505000,1785153447183505000,121932490,121652369,-129.121,0.000,0.000,1.000,2.000,0.000,0.000,0.000,0,0,0
B3_zmq_pushpull,zmq_tcp,none,none,,1,10724,512,584,1785153447184340000,1785153447184341000,1785153447184341000,1785153447184342000,1785153447184480000,1785153447184483000,1785153447184483000,1785153447184483000,121932490,121652369,-142.121,1.000,0.000,1.000,3.000,0.000,0.000,13.000,0,0,0
B3_zmq_pushpull,zmq_tcp,none,none,,1,10725,512,584,1785153447185442000,1785153447185442000,1785153447185442000,1785153447185443000,1785153447185600000,1785153447185602000,1785153447185602000,1785153447185602000,121932490,121652369,-123.121,0.000,0.000,1.000,2.000,0.000,0.000,19.000,0,0,0
B3_zmq_pushpull,zmq_tcp,none,none,,1,10726,512,584,1785153447186445000,1785153447186445000,1785153447186445000,1785153447186446000,1785153447186601000,1785153447186604000,1785153447186604000,1785153447186604000,121932490,121652369,-125.121,0.000,0.000,1.000,3.000,0.000,0.000,2.000,0,0,0
B3_zmq_pushpull,zmq_tcp,none,none,,1,10727,512,584,1785153447187431000,1785153447187431000,1785153447187431000,1785153447187432000,1785153447187588000,1785153447187591000,1785153447187591000,1785153447187591000,121932490,121652369,-124.121,0.000,0.000,1.000,3.000,0.000,0.000,1.000,0,0,0
B3_zmq_pushpull,zmq_tcp,none,none,,1,10728,512,584,1785153447188422000,1785153447188422000,1785153447188422000,1785153447188423000,1785153447188580000,1785153447188583000,1785153447188583000,1785153447188583000,121932490,121652369,-123.121,0.000,0.000,1.000,3.000,0.000,0.000,1.000,0,0,0
B3_zmq_pushpull,zmq_tcp,none,none,,1,10729,512,584,1785153447189420000,1785153447189420000,1785153447189420000,1785153447189421000,1785153447189564000,1785153447189567000,1785153447189567000,1785153447189567000,121932490,121652369,-137.121,0.000,0.000,1.000,3.000,0.000,0.000,14.000,0,0,0
B3_zmq_pushpull,zmq_tcp,none,none,,1,10730,512,584,1785153447190406000,1785153447190406000,1785153447190406000,1785153447190407000,1785153447190559000,1785153447190562000,1785153447190562000,1785153447190562000,121932490,121652369,-128.121,0.000,0.000,1.000,3.000,0.000,0.000,9.000,0,0,0
B3_zmq_pushpull,zmq_tcp,none,none,,1,10731,512,584,1785153447191394000,1785153447191394000,1785153447191394000,1785153447191395000,1785153447191547000,1785153447191551000,1785153447191551000,1785153447191551000,121932490,121652369,-128.121,0.000,0.000,1.000,4.000,0.000,0.000,0.000,0,0,0
B3_zmq_pushpull,zmq_tcp,none,none,,1,10732,512,584,1785153447192368000,1785153447192369000,1785153447192369000,1785153447192370000,1785153447192521000,1785153447192524000,1785153447192524000,1785153447192524000,121932490,121652369,-129.121,1.000,0.000,1.000,3.000,0.000,0.000,1.000,0,0,0
B3_zmq_pushpull,zmq_tcp,none,none,,1,10733,512,584,1785153447193354000,1785153447193355000,1785153447193355000,1785153447193356000,1785153447193508000,1785153447193511000,1785153447193511000,1785153447193511000,121932490,121652369,-128.121,1.000,0.000,1.000,3.000,0.000,0.000,1.000,0,0,0
B3_zmq_pushpull,zmq_tcp,none,none,,1,10734,512,584,1785153447194573000,1785153447194573000,1785153447194573000,1785153447194574000,1785153447194638000,1785153447194641000,1785153447194641000,1785153447194641000,121932490,121652369,-216.121,0.000,0.000,1.000,3.000,0.000,0.000,88.000,0,0,0
B3_zmq_pushpull,zmq_tcp,none,none,,1,10735,512,584,1785153447195519000,1785153447195519000,1785153447195519000,1785153447195520000,1785153447195624000,1785153447195627000,1785153447195627000,1785153447195627000,121932490,121652369,-176.121,0.000,0.000,1.000,3.000,0.000,0.000,40.000,0,0,0
B3_zmq_pushpull,zmq_tcp,none,none,,1,10736,512,584,1785153447196533000,1785153447196533000,1785153447196533000,1785153447196534000,1785153447196612000,1785153447196615000,1785153447196615000,1785153447196615000,121932490,121652369,-202.121,0.000,0.000,1.000,3.000,0.000,0.000,26.000,0,0,0
B3_zmq_pushpull,zmq_tcp,none,none,,1,10737,512,584,1785153447197527000,1785153447197527000,1785153447197527000,1785153447197528000,1785153447197582000,1785153447197585000,1785153447197585000,1785153447197585000,121932490,121652369,-226.121,0.000,0.000,1.000,3.000,0.000,0.000,24.000,0,0,0
B3_zmq_pushpull,zmq_tcp,none,none,,1,10738,512,584,1785153447198531000,1785153447198531000,1785153447198531000,1785153447198532000,1785153447198689000,1785153447198692000,1785153447198692000,1785153447198692000,121932490,121652369,-123.121,0.000,0.000,1.000,3.000,0.000,0.000,103.000,0,0,0
B3_zmq_pushpull,zmq_tcp,none,none,,1,10739,512,584,1785153447199530000,1785153447199530000,1785153447199530000,1785153447199531000,1785153447199660000,1785153447199663000,1785153447199663000,1785153447199663000,121932490,121652369,-151.121,0.000,0.000,1.000,3.000,0.000,0.000,28.000,0,0,0
B3_zmq_pushpull,zmq_tcp,none,none,,1,10740,512,584,1785153447200530000,1785153447200530000,1785153447200530000,1785153447200531000,1785153447200652000,1785153447200655000,1785153447200655000,1785153447200655000,121932490,121652369,-159.121,0.000,0.000,1.000,3.000,0.000,0.000,8.000,0,0,0
B3_zmq_pushpull,zmq_tcp,none,none,,1,10741,512,584,1785153447201529000,1785153447201529000,1785153447201529000,1785153447201530000,1785153447201625000,1785153447201628000,1785153447201628000,1785153447201628000,121932490,121652369,-185.121,0.000,0.000,1.000,3.000,0.000,0.000,26.000,0,0,0
B3_zmq_pushpull,zmq_tcp,none,none,,1,10742,512,584,1785153447202531000,1785153447202531000,1785153447202531000,1785153447202532000,1785153447202624000,1785153447202627000,1785153447202627000,1785153447202627000,121932490,121652369,-188.121,0.000,0.000,1.000,3.000,0.000,0.000,3.000,0,0,0
B3_zmq_pushpull,zmq_tcp,none,none,,1,10743,512,584,1785153447203530000,1785153447203530000,1785153447203530000,1785153447203531000,1785153447203605000,1785153447203608000,1785153447203608000,1785153447203608000,121932490,121652369,-206.121,0.000,0.000,1.000,3.000,0.000,0.000,18.000,0,0,0
B3_zmq_pushpull,zmq_tcp,none,none,,1,10744,512,584,1785153447204530000,1785153447204530000,1785153447204530000,1785153447204531000,1785153447204713000,1785153447204717000,1785153447204717000,1785153447204717000,121932490,121652369,-98.121,0.000,0.000,1.000,4.000,0.000,0.000,108.000,0,0,0
B3_zmq_pushpull,zmq_tcp,none,none,,1,10745,512,584,1785153447205401000,1785153447205401000,1785153447205401000,1785153447205402000,1785153447205552000,1785153447205555000,1785153447205555000,1785153447205555000,121932490,121652369,-130.121,0.000,0.000,1.000,3.000,0.000,0.000,32.000,0,0,0
B3_zmq_pushpull,zmq_tcp,none,none,,1,10746,512,584,1785153447206374000,1785153447206374000,1785153447206374000,1785153447206375000,1785153447206531000,1785153447206533000,1785153447206533000,1785153447206533000,121932490,121652369,-124.121,0.000,0.000,1.000,2.000,0.000,0.000,6.000,0,0,0
B3_zmq_pushpull,zmq_tcp,none,none,,1,10747,512,584,1785153447207363000,1785153447207363000,1785153447207363000,1785153447207364000,1785153447207520000,1785153447207523000,1785153447207523000,1785153447207523000,121932490,121652369,-124.121,0.000,0.000,1.000,3.000,0.000,0.000,0.000,0,0,0
B3_zmq_pushpull,zmq_tcp,none,none,,1,10748,512,584,1785153447208350000,1785153447208350000,1785153447208350000,1785153447208351000,1785153447208509000,1785153447208513000,1785153447208513000,1785153447208513000,121932490,121652369,-122.121,0.000,0.000,1.000,4.000,0.000,0.000,2.000,0,0,0
B3_zmq_pushpull,zmq_tcp,none,none,,1,10749,512,584,1785153447209342000,1785153447209342000,1785153447209342000,1785153447209343000,1785153447209503000,1785153447209505000,1785153447209505000,1785153447209505000,121932490,121652369,-120.121,0.000,0.000,1.000,2.000,0.000,0.000,2.000,0,0,0
B3_zmq_pushpull,zmq_tcp,none,none,,1,10750,512,584,1785153447210577000,1785153447210577000,1785153447210577000,1785153447210578000,1785153447210629000,1785153447210632000,1785153447210632000,1785153447210632000,121932490,121652369,-229.121,0.000,0.000,1.000,3.000,0.000,0.000,109.000,0,0,0
B3_zmq_pushpull,zmq_tcp,none,none,,1,10751,512,584,1785153447211518000,1785153447211518000,1785153447211518000,1785153447211519000,1785153447211600000,1785153447211603000,1785153447211603000,1785153447211603000,121932490,121652369,-199.121,0.000,0.000,1.000,3.000,0.000,0.000,30.000,0,0,0
B3_zmq_pushpull,zmq_tcp,none,none,,1,10752,512,584,1785153447212532000,1785153447212532000,1785153447212533000,1785153447212533000,1785153447212577000,1785153447212581000,1785153447212581000,1785153447212581000,121932490,121652369,-236.121,0.000,1.000,0.000,4.000,0.000,0.000,37.000,0,0,0
B3_zmq_pushpull,zmq_tcp,none,none,,1,10753,512,584,1785153447213532000,1785153447213533000,1785153447213533000,1785153447213534000,1785153447213717000,1785153447213720000,1785153447213720000,1785153447213720000,121932490,121652369,-97.121,1.000,0.000,1.000,3.000,0.000,0.000,139.000,0,0,0
B3_zmq_pushpull,zmq_tcp,none,none,,1,10754,512,584,1785153447214530000,1785153447214530000,1785153447214530000,1785153447214531000,1785153447214712000,1785153447214715000,1785153447214715000,1785153447214715000,121932490,121652369,-99.121,0.000,0.000,1.000,3.000,0.000,0.000,2.000,0,0,0
B3_zmq_pushpull,zmq_tcp,none,none,,1,10755,512,584,1785153447215529000,1785153447215530000,1785153447215530000,1785153447215531000,1785153447215693000,1785153447215696000,1785153447215696000,1785153447215696000,121932490,121652369,-118.121,1.000,0.000,1.000,3.000,0.000,0.000,19.000,0,0,0
B3_zmq_pushpull,zmq_tcp,none,none,,1,10756,512,584,1785153447216530000,1785153447216530000,1785153447216530000,1785153447216531000,1785153447216688000,1785153447216691000,1785153447216691000,1785153447216691000,121932490,121652369,-123.121,0.000,0.000,1.000,3.000,0.000,0.000,5.000,0,0,0
B3_zmq_pushpull,zmq_tcp,none,none,,1,10757,512,584,1785153447217382000,1785153447217382000,1785153447217382000,1785153447217384000,1785153447217525000,1785153447217528000,1785153447217528000,1785153447217528000,121932490,121652369,-139.121,0.000,0.000,2.000,3.000,0.000,0.000,16.000,0,0,0
B3_zmq_pushpull,zmq_tcp,none,none,,1,10758,512,584,1785153447218567000,1785153447218568000,1785153447218568000,1785153447218569000,1785153447218633000,1785153447218636000,1785153447218636000,1785153447218636000,121932490,121652369,-216.121,1.000,0.000,1.000,3.000,0.000,0.000,77.000,0,0,0
B3_zmq_pushpull,zmq_tcp,none,none,,1,10759,512,584,1785153447219521000,1785153447219521000,1785153447219521000,1785153447219522000,1785153447219612000,1785153447219615000,1785153447219615000,1785153447219615000,121932490,121652369,-190.121,0.000,0.000,1.000,3.000,0.000,0.000,26.000,0,0,0
B3_zmq_pushpull,zmq_tcp,none,none,,1,10760,512,584,1785153447220532000,1785153447220533000,1785153447220533000,1785153447220534000,1785153447220590000,1785153447220593000,1785153447220594000,1785153447220594000,121932490,121652369,-224.121,1.000,0.000,1.000,3.000,1.000,0.000,34.000,0,0,0
B3_zmq_pushpull,zmq_tcp,none,none,,1,10761,512,584,1785153447221421000,1785153447221421000,1785153447221421000,1785153447221422000,1785153447221579000,1785153447221582000,1785153447221582000,1785153447221582000,121932490,121652369,-123.121,0.000,0.000,1.000,3.000,0.000,0.000,101.000,0,0,0
B3_zmq_pushpull,zmq_tcp,none,none,,1,10762,512,584,1785153447222401000,1785153447222401000,1785153447222401000,1785153447222402000,1785153447222553000,1785153447222556000,1785153447222556000,1785153447222556000,121932490,121652369,-129.121,0.000,0.000,1.000,3.000,0.000,0.000,6.000,0,0,0
B3_zmq_pushpull,zmq_tcp,none,none,,1,10763,512,584,1785153447223372000,1785153447223372000,1785153447223372000,1785153447223373000,1785153447223525000,1785153447223529000,1785153447223529000,1785153447223529000,121932490,121652369,-128.121,0.000,0.000,1.000,4.000,0.000,0.000,1.000,0,0,0
B3_zmq_pushpull,zmq_tcp,none,none,,1,10764,512,584,1785153447224570000,1785153447224570000,1785153447224570000,1785153447224571000,1785153447224620000,1785153447224623000,1785153447224623000,1785153447224623000,121932490,121652369,-231.121,0.000,0.000,1.000,3.000,0.000,0.000,103.000,0,0,0
B3_zmq_pushpull,zmq_tcp,none,none,,1,10765,512,584,1785153447225520000,1785153447225521000,1785153447225521000,1785153447225522000,1785153447225587000,1785153447225589000,1785153447225590000,1785153447225590000,121932490,121652369,-215.121,1.000,0.000,1.000,2.000,1.000,0.000,16.000,0,0,0
B3_zmq_pushpull,zmq_tcp,none,none,,1,10766,512,584,1785153447226533000,1785153447226533000,1785153447226534000,1785153447226534000,1785153447226698000,1785153447226700000,1785153447226700000,1785153447226700000,121932490,121652369,-116.121,0.000,1.000,0.000,2.000,0.000,0.000,99.000,0,0,0
B3_zmq_pushpull,zmq_tcp,none,none,,1,10767,512,584,1785153447227530000,1785153447227530000,1785153447227530000,1785153447227531000,1785153447227689000,1785153447227692000,1785153447227692000,1785153447227692000,121932490,121652369,-122.121,0.000,0.000,1.000,3.000,0.000,0.000,6.000,0,0,0
B3_zmq_pushpull,zmq_tcp,none,none,,1,10768,512,584,1785153447228532000,1785153447228532000,1785153447228532000,1785153447228533000,1785153447228691000,1785153447228693000,1785153447228693000,1785153447228693000,121932490,121652369,-122.121,0.000,0.000,1.000,2.000,0.000,0.000,0.000,0,0,0
B3_zmq_pushpull,zmq_tcp,none,none,,1,10769,512,584,1785153447229528000,1785153447229528000,1785153447229528000,1785153447229529000,1785153447229684000,1785153447229687000,1785153447229687000,1785153447229687000,121932490,121652369,-125.121,0.000,0.000,1.000,3.000,0.000,0.000,3.000,0,0,0
B3_zmq_pushpull,zmq_tcp,none,none,,1,10770,512,584,1785153447230530000,1785153447230530000,1785153447230530000,1785153447230531000,1785153447230658000,1785153447230661000,1785153447230661000,1785153447230661000,121932490,121652369,-153.121,0.000,0.000,1.000,3.000,0.000,0.000,28.000,0,0,0
B3_zmq_pushpull,zmq_tcp,none,none,,1,10771,512,584,1785153447231335000,1785153447231335000,1785153447231335000,1785153447231337000,1785153447231477000,1785153447231480000,1785153447231480000,1785153447231480000,121932490,121652369,-140.121,0.000,0.000,2.000,3.000,0.000,0.000,13.000,0,0,0
B3_zmq_pushpull,zmq_tcp,none,none,,1,10772,512,584,1785153447232580000,1785153447232580000,1785153447232580000,1785153447232581000,1785153447232724000,1785153447232727000,1785153447232727000,1785153447232727000,121932490,121652369,-137.121,0.000,0.000,1.000,3.000,0.000,0.000,3.000,0,0,0
B3_zmq_pushpull,zmq_tcp,none,none,,1,10773,512,584,1785153447233516000,1785153447233517000,1785153447233517000,1785153447233518000,1785153447233561000,1785153447233565000,1785153447233565000,1785153447233565000,121932490,121652369,-237.121,1.000,0.000,1.000,4.000,0.000,0.000,100.000,0,0,0
B3_zmq_pushpull,zmq_tcp,none,none,,1,10774,512,584,1785153447234398000,1785153447234398000,1785153447234398000,1785153447234399000,1785153447234559000,1785153447234561000,1785153447234561000,1785153447234561000,121932490,121652369,-120.121,0.000,0.000,1.000,2.000,0.000,0.000,117.000,0,0,0
B3_zmq_pushpull,zmq_tcp,none,none,,1,10775,512,584,1785153447235563000,1785153447235563000,1785153447235563000,1785153447235564000,1785153447235680000,1785153447235683000,1785153447235683000,1785153447235683000,121932490,121652369,-164.121,0.000,0.000,1.000,3.000,0.000,0.000,44.000,0,0,0
B3_zmq_pushpull,zmq_tcp,none,none,,1,10776,512,584,1785153447236522000,1785153447236523000,1785153447236523000,1785153447236524000,1785153447236664000,1785153447236669000,1785153447236669000,1785153447236669000,121932490,121652369,-140.121,1.000,0.000,1.000,5.000,0.000,0.000,24.000,0,0,0
B3_zmq_pushpull,zmq_tcp,none,none,,1,10777,512,584,1785153447237531000,1785153447237531000,1785153447237531000,1785153447237532000,1785153447237660000,1785153447237663000,1785153447237663000,1785153447237663000,121932490,121652369,-152.121,0.000,0.000,1.000,3.000,0.000,0.000,12.000,0,0,0
B3_zmq_pushpull,zmq_tcp,none,none,,1,10778,512,584,1785153447238530000,1785153447238530000,1785153447238530000,1785153447238531000,1785153447238642000,1785153447238644000,1785153447238644000,1785153447238644000,121932490,121652369,-169.121,0.000,0.000,1.000,2.000,0.000,0.000,17.000,0,0,0
B3_zmq_pushpull,zmq_tcp,none,none,,1,10779,512,584,1785153447239530000,1785153447239530000,1785153447239530000,1785153447239531000,1785153447239627000,1785153447239629000,1785153447239629000,1785153447239629000,121932490,121652369,-184.121,0.000,0.000,1.000,2.000,0.000,0.000,15.000,0,0,0
B3_zmq_pushpull,zmq_tcp,none,none,,1,10780,512,584,1785153447240528000,1785153447240528000,1785153447240528000,1785153447240530000,1785153447240583000,1785153447240585000,1785153447240585000,1785153447240585000,121932490,121652369,-227.121,0.000,0.000,2.000,2.000,0.000,0.000,43.000,0,0,0
B3_zmq_pushpull,zmq_tcp,none,none,,1,10781,512,584,1785153447241530000,1785153447241530000,1785153447241530000,1785153447241531000,1785153447241716000,1785153447241724000,1785153447241724000,1785153447241724000,121932490,121652369,-95.121,0.000,0.000,1.000,8.000,0.000,0.000,132.000,0,0,0
B3_zmq_pushpull,zmq_tcp,none,none,,1,10782,512,584,1785153447242530000,1785153447242530000,1785153447242530000,1785153447242531000,1785153447242697000,1785153447242700000,1785153447242700000,1785153447242700000,121932490,121652369,-114.121,0.000,0.000,1.000,3.000,0.000,0.000,19.000,0,0,0
B3_zmq_pushpull,zmq_tcp,none,none,,1,10783,512,584,1785153447243532000,1785153447243532000,1785153447243532000,1785153447243533000,1785153447243692000,1785153447243695000,1785153447243695000,1785153447243695000,121932490,121652369,-121.121,0.000,0.000,1.000,3.000,0.000,0.000,7.000,0,0,0
B3_zmq_pushpull,zmq_tcp,none,none,,1,10784,512,584,1785153447244526000,1785153447244526000,1785153447244526000,1785153447244527000,1785153447244688000,1785153447244691000,1785153447244691000,1785153447244691000,121932490,121652369,-119.121,0.000,0.000,1.000,3.000,0.000,0.000,2.000,0,0,0
B3_zmq_pushpull,zmq_tcp,none,none,,1,10785,512,584,1785153447245531000,1785153447245532000,1785153447245532000,1785153447245533000,1785153447245680000,1785153447245683000,1785153447245683000,1785153447245684000,121932490,121652369,-133.121,1.000,0.000,1.000,3.000,0.000,1.000,14.000,0,0,0
B3_zmq_pushpull,zmq_tcp,none,none,,1,10786,512,584,1785153447246530000,1785153447246530000,1785153447246530000,1785153447246531000,1785153447246656000,1785153447246659000,1785153447246659000,1785153447246659000,121932490,121652369,-155.121,0.000,0.000,1.000,3.000,0.000,0.000,22.000,0,0,0
B3_zmq_pushpull,zmq_tcp,none,none,,1,10787,512,584,1785153447247530000,1785153447247530000,1785153447247530000,1785153447247531000,1785153447247636000,1785153447247639000,1785153447247639000,1785153447247639000,121932490,121652369,-175.121,0.000,0.000,1.000,3.000,0.000,0.000,20.000,0,0,0
B3_zmq_pushpull,zmq_tcp,none,none,,1,10788,512,584,1785153447248530000,1785153447248530000,1785153447248530000,1785153447248531000,1785153447248627000,1785153447248629000,1785153447248630000,1785153447248630000,121932490,121652369,-184.121,0.000,0.000,1.000,2.000,1.000,0.000,9.000,0,0,0
B3_zmq_pushpull,zmq_tcp,none,none,,1,10789,512,584,1785153447249535000,1785153447249535000,1785153447249535000,1785153447249536000,1785153447249605000,1785153447249608000,1785153447249608000,1785153447249608000,121932490,121652369,-211.121,0.000,0.000,1.000,3.000,0.000,0.000,27.000,0,0,0
B3_zmq_pushpull,zmq_tcp,none,none,,1,10790,512,584,1785153447250531000,1785153447250531000,1785153447250531000,1785153447250532000,1785153447250695000,1785153447250698000,1785153447250698000,1785153447250698000,121932490,121652369,-117.121,0.000,0.000,1.000,3.000,0.000,0.000,94.000,0,0,0
B3_zmq_pushpull,zmq_tcp,none,none,,1,10791,512,584,1785153447251529000,1785153447251529000,1785153447251529000,1785153447251530000,1785153447251678000,1785153447251680000,1785153447251680000,1785153447251680000,121932490,121652369,-132.121,0.000,0.000,1.000,2.000,0.000,0.000,15.000,0,0,0
B3_zmq_pushpull,zmq_tcp,none,none,,1,10792,512,584,1785153447252530000,1785153447252530000,1785153447252530000,1785153447252531000,1785153447252666000,1785153447252669000,1785153447252669000,1785153447252669000,121932490,121652369,-145.121,0.000,0.000,1.000,3.000,0.000,0.000,13.000,0,0,0
B3_zmq_pushpull,zmq_tcp,none,none,,1,10793,512,584,1785153447253359000,1785153447253359000,1785153447253359000,1785153447253360000,1785153447253502000,1785153447253504000,1785153447253504000,1785153447253504000,121932490,121652369,-138.121,0.000,0.000,1.000,2.000,0.000,0.000,7.000,0,0,0
B3_zmq_pushpull,zmq_tcp,none,none,,1,10794,512,584,1785153447254573000,1785153447254573000,1785153447254573000,1785153447254574000,1785153447254627000,1785153447254629000,1785153447254629000,1785153447254629000,121932490,121652369,-227.121,0.000,0.000,1.000,2.000,0.000,0.000,89.000,0,0,0
B3_zmq_pushpull,zmq_tcp,none,none,,1,10795,512,584,1785153447255517000,1785153447255517000,1785153447255517000,1785153447255518000,1785153447255607000,1785153447255610000,1785153447255610000,1785153447255610000,121932490,121652369,-191.121,0.000,0.000,1.000,3.000,0.000,0.000,36.000,0,0,0
B3_zmq_pushpull,zmq_tcp,none,none,,1,10796,512,584,1785153447256534000,1785153447256534000,1785153447256534000,1785153447256535000,1785153447256705000,1785153447256708000,1785153447256708000,1785153447256708000,121932490,121652369,-110.121,0.000,0.000,1.000,3.000,0.000,0.000,81.000,0,0,0
B3_zmq_pushpull,zmq_tcp,none,none,,1,10797,512,584,1785153447257532000,1785153447257533000,1785153447257533000,1785153447257534000,1785153447257703000,1785153447257706000,1785153447257706000,1785153447257706000,121932490,121652369,-111.121,1.000,0.000,1.000,3.000,0.000,0.000,1.000,0,0,0
B3_zmq_pushpull,zmq_tcp,none,none,,1,10798,512,584,1785153447258530000,1785153447258530000,1785153447258530000,1785153447258531000,1785153447258698000,1785153447258700000,1785153447258700000,1785153447258700000,121932490,121652369,-113.121,0.000,0.000,1.000,2.000,0.000,0.000,2.000,0,0,0
B3_zmq_pushpull,zmq_tcp,none,none,,1,10799,512,584,1785153447259530000,1785153447259530000,1785153447259530000,1785153447259531000,1785153447259690000,1785153447259692000,1785153447259692000,1785153447259693000,121932490,121652369,-121.121,0.000,0.000,1.000,2.000,0.000,1.000,8.000,0,0,0
B3_zmq_pushpull,zmq_tcp,none,none,,1,10800,512,584,1785153447260530000,1785153447260530000,1785153447260530000,1785153447260531000,1785153447260678000,1785153447260680000,1785153447260680000,1785153447260680000,121932490,121652369,-133.121,0.000,0.000,1.000,2.000,0.000,0.000,12.000,0,0,0
B3_zmq_pushpull,zmq_tcp,none,none,,1,10801,512,584,1785153447261365000,1785153447261365000,1785153447261365000,1785153447261366000,1785153447261508000,1785153447261511000,1785153447261511000,1785153447261511000,121932490,121652369,-138.121,0.000,0.000,1.000,3.000,0.000,0.000,5.000,0,0,0
B3_zmq_pushpull,zmq_tcp,none,none,,1,10802,512,584,1785153447262350000,1785153447262350000,1785153447262350000,1785153447262351000,1785153447262506000,1785153447262508000,1785153447262508000,1785153447262508000,121932490,121652369,-125.121,0.000,0.000,1.000,2.000,0.000,0.000,13.000,0,0,0
B3_zmq_pushpull,zmq_tcp,none,none,,1,10803,512,584,1785153447263342000,1785153447263342000,1785153447263342000,1785153447263343000,1785153447263477000,1785153447263480000,1785153447263480000,1785153447263480000,121932490,121652369,-146.121,0.000,0.000,1.000,3.000,0.000,0.000,21.000,0,0,0
B3_zmq_pushpull,zmq_tcp,none,none,,1,10804,512,584,1785153447264577000,1785153447264577000,1785153447264577000,1785153447264578000,1785153447264734000,1785153447264736000,1785153447264736000,1785153447264736000,121932490,121652369,-124.121,0.000,0.000,1.000,2.000,0.000,0.000,22.000,0,0,0
B3_zmq_pushpull,zmq_tcp,none,none,,1,10805,512,584,1785153447265413000,1785153447265413000,1785153447265413000,1785153447265414000,1785153447265574000,1785153447265576000,1785153447265576000,1785153447265576000,121932490,121652369,-120.121,0.000,0.000,1.000,2.000,0.000,0.000,4.000,0,0,0
B3_zmq_pushpull,zmq_tcp,none,none,,1,10806,512,584,1785153447266559000,1785153447266559000,1785153447266560000,1785153447266560000,1785153447266695000,1785153447266698000,1785153447266698000,1785153447266698000,121932490,121652369,-145.121,0.000,1.000,0.000,3.000,0.000,0.000,25.000,0,0,0
B3_zmq_pushpull,zmq_tcp,none,none,,1,10807,512,584,1785153447267523000,1785153447267523000,1785153447267524000,1785153447267524000,1785153447267683000,1785153447267686000,1785153447267686000,1785153447267686000,121932490,121652369,-121.121,0.000,1.000,0.000,3.000,0.000,0.000,24.000,0,0,0
B3_zmq_pushpull,zmq_tcp,none,none,,1,10808,512,584,1785153447268533000,1785153447268533000,1785153447268533000,1785153447268534000,1785153447268664000,1785153447268667000,1785153447268667000,1785153447268667000,121932490,121652369,-150.121,0.000,0.000,1.000,3.000,0.000,0.000,29.000,0,0,0
B3_zmq_pushpull,zmq_tcp,none,none,,1,10809,512,584,1785153447269527000,1785153447269527000,1785153447269528000,1785153447269528000,1785153447269643000,1785153447269646000,1785153447269646000,1785153447269646000,121932490,121652369,-165.121,0.000,1.000,0.000,3.000,0.000,0.000,15.000,0,0,0
B3_zmq_pushpull,zmq_tcp,none,none,,1,10810,512,584,1785153447270537000,1785153447270537000,1785153447270537000,1785153447270538000,1785153447270607000,1785153447270611000,1785153447270611000,1785153447270611000,121932490,121652369,-211.121,0.000,0.000,1.000,4.000,0.000,0.000,46.000,0,0,0
B3_zmq_pushpull,zmq_tcp,none,none,,1,10811,512,584,1785153447271443000,1785153447271443000,1785153447271443000,1785153447271444000,1785153447271594000,1785153447271596000,1785153447271596000,1785153447271596000,121932490,121652369,-130.121,0.000,0.000,1.000,2.000,0.000,0.000,81.000,0,0,0
B3_zmq_pushpull,zmq_tcp,none,none,,1,10812,512,584,1785153447272433000,1785153447272433000,1785153447272433000,1785153447272434000,1785153447272586000,1785153447272589000,1785153447272589000,1785153447272589000,121932490,121652369,-128.121,0.000,0.000,1.000,3.000,0.000,0.000,2.000,0,0,0
B3_zmq_pushpull,zmq_tcp,none,none,,1,10813,512,584,1785153447273406000,1785153447273407000,1785153447273407000,1785153447273407000,1785153447273560000,1785153447273563000,1785153447273563000,1785153447273563000,121932490,121652369,-127.121,1.000,0.000,0.000,3.000,0.000,0.000,1.000,0,0,0
B3_zmq_pushpull,zmq_tcp,none,none,,1,10814,512,584,1785153447274385000,1785153447274385000,1785153447274385000,1785153447274386000,1785153447274542000,1785153447274545000,1785153447274545000,1785153447274545000,121932490,121652369,-124.121,0.000,0.000,1.000,3.000,0.000,0.000,3.000,0,0,0
B3_zmq_pushpull,zmq_tcp,none,none,,1,10815,512,584,1785153447275569000,1785153447275569000,1785153447275569000,1785153447275570000,1785153447275675000,1785153447275678000,1785153447275678000,1785153447275678000,121932490,121652369,-175.121,0.000,0.000,1.000,3.000,0.000,0.000,51.000,0,0,0
B3_zmq_pushpull,zmq_tcp,none,none,,1,10816,512,584,1785153447276523000,1785153447276523000,1785153447276523000,1785153447276524000,1785153447276682000,1785153447276684000,1785153447276685000,1785153447276685000,121932490,121652369,-122.121,0.000,0.000,1.000,2.000,1.000,0.000,53.000,0,0,0
B3_zmq_pushpull,zmq_tcp,none,none,,1,10817,512,584,1785153447277532000,1785153447277532000,1785153447277532000,1785153447277533000,1785153447277678000,1785153447277680000,1785153447277680000,1785153447277680000,121932490,121652369,-135.121,0.000,0.000,1.000,2.000,0.000,0.000,13.000,0,0,0
B3_zmq_pushpull,zmq_tcp,none,none,,1,10818,512,584,1785153447278531000,1785153447278531000,1785153447278531000,1785153447278532000,1785153447278666000,1785153447278668000,1785153447278668000,1785153447278668000,121932490,121652369,-146.121,0.000,0.000,1.000,2.000,0.000,0.000,11.000,0,0,0
B3_zmq_pushpull,zmq_tcp,none,none,,1,10819,512,584,1785153447279530000,1785153447279530000,1785153447279530000,1785153447279531000,1785153447279656000,1785153447279659000,1785153447279659000,1785153447279659000,121932490,121652369,-155.121,0.000,0.000,1.000,3.000,0.000,0.000,9.000,0,0,0
B3_zmq_pushpull,zmq_tcp,none,none,,1,10820,512,584,1785153447280531000,1785153447280531000,1785153447280531000,1785153447280532000,1785153447280651000,1785153447280653000,1785153447280653000,1785153447280653000,121932490,121652369,-161.121,0.000,0.000,1.000,2.000,0.000,0.000,6.000,0,0,0
B3_zmq_pushpull,zmq_tcp,none,none,,1,10821,512,584,1785153447281530000,1785153447281530000,1785153447281530000,1785153447281531000,1785153447281627000,1785153447281630000,1785153447281630000,1785153447281630000,121932490,121652369,-184.121,0.000,0.000,1.000,3.000,0.000,0.000,23.000,0,0,0
B3_zmq_pushpull,zmq_tcp,none,none,,1,10822,512,584,1785153447282344000,1785153447282344000,1785153447282345000,1785153447282346000,1785153447282488000,1785153447282491000,1785153447282491000,1785153447282491000,121932490,121652369,-138.121,0.000,1.000,1.000,3.000,0.000,0.000,46.000,0,0,0
B3_zmq_pushpull,zmq_tcp,none,none,,1,10823,512,584,1785153447283577000,1785153447283577000,1785153447283577000,1785153447283578000,1785153447283762000,1785153447283764000,1785153447283764000,1785153447283764000,121932490,121652369,-96.121,0.000,0.000,1.000,2.000,0.000,0.000,42.000,0,0,0
B3_zmq_pushpull,zmq_tcp,none,none,,1,10824,512,584,1785153447284517000,1785153447284517000,1785153447284517000,1785153447284518000,1785153447284607000,1785153447284610000,1785153447284610000,1785153447284610000,121932490,121652369,-191.121,0.000,0.000,1.000,3.000,0.000,0.000,95.000,0,0,0
B3_zmq_pushpull,zmq_tcp,none,none,,1,10825,512,584,1785153447285533000,1785153447285533000,1785153447285533000,1785153447285534000,1785153447285720000,1785153447285724000,1785153447285724000,1785153447285724000,121932490,121652369,-94.121,0.000,0.000,1.000,4.000,0.000,0.000,97.000,0,0,0
B3_zmq_pushpull,zmq_tcp,none,none,,1,10826,512,584,1785153447286531000,1785153447286531000,1785153447286531000,1785153447286532000,1785153447286700000,1785153447286703000,1785153447286703000,1785153447286703000,121932490,121652369,-112.121,0.000,0.000,1.000,3.000,0.000,0.000,18.000,0,0,0
B3_zmq_pushpull,zmq_tcp,none,none,,1,10827,512,584,1785153447287530000,1785153447287530000,1785153447287530000,1785153447287531000,1785153447287687000,1785153447287690000,1785153447287690000,1785153447287690000,121932490,121652369,-124.121,0.000,0.000,1.000,3.000,0.000,0.000,12.000,0,0,0
B3_zmq_pushpull,zmq_tcp,none,none,,1,10828,512,584,1785153447288378000,1785153447288379000,1785153447288379000,1785153447288380000,1785153447288524000,1785153447288527000,1785153447288527000,1785153447288527000,121932490,121652369,-136.121,1.000,0.000,1.000,3.000,0.000,0.000,12.000,0,0,0
B3_zmq_pushpull,zmq_tcp,none,none,,1,10829,512,584,1785153447289569000,1785153447289569000,1785153447289569000,1785153447289570000,1785153447289658000,1785153447289660000,1785153447289660000,1785153447289660000,121932490,121652369,-192.121,0.000,0.000,1.000,2.000,0.000,0.000,56.000,0,0,0
B3_zmq_pushpull,zmq_tcp,none,none,,1,10830,512,584,1785153447290524000,1785153447290524000,1785153447290524000,1785153447290525000,1785153447290655000,1785153447290658000,1785153447290658000,1785153447290658000,121932490,121652369,-150.121,0.000,0.000,1.000,3.000,0.000,0.000,42.000,0,0,0
B3_zmq_pushpull,zmq_tcp,none,none,,1,10831,512,584,1785153447291354000,1785153447291354000,1785153447291354000,1785153447291355000,1785153447291511000,1785153447291514000,1785153447291514000,1785153447291514000,121932490,121652369,-124.121,0.000,0.000,1.000,3.000,0.000,0.000,26.000,0,0,0
B3_zmq_pushpull,zmq_tcp,none,none,,1,10832,512,584,1785153447292354000,1785153447292354000,1785153447292354000,1785153447292355000,1785153447292514000,1785153447292516000,1785153447292517000,1785153447292517000,121932490,121652369,-121.121,0.000,0.000,1.000,2.000,1.000,0.000,3.000,0,0,0
B3_zmq_pushpull,zmq_tcp,none,none,,1,10833,512,584,1785153447293344000,1785153447293344000,1785153447293344000,1785153447293345000,1785153447293504000,1785153447293507000,1785153447293507000,1785153447293507000,121932490,121652369,-121.121,0.000,0.000,1.000,3.000,0.000,0.000,0.000,0,0,0
B3_zmq_pushpull,zmq_tcp,none,none,,1,10834,512,584,1785153447294581000,1785153447294581000,1785153447294581000,1785153447294583000,1785153447294776000,1785153447294780000,1785153447294780000,1785153447294780000,121932490,121652369,-87.121,0.000,0.000,2.000,4.000,0.000,0.000,34.000,0,0,0
B3_zmq_pushpull,zmq_tcp,none,none,,1,10835,512,584,1785153447295514000,1785153447295514000,1785153447295514000,1785153447295515000,1785153447295626000,1785153447295629000,1785153447295629000,1785153447295629000,121932490,121652369,-169.121,0.000,0.000,1.000,3.000,0.000,0.000,82.000,0,0,0
B3_zmq_pushpull,zmq_tcp,none,none,,1,10836,512,584,1785153447296536000,1785153447296536000,1785153447296536000,1785153447296537000,1785153447296611000,1785153447296616000,1785153447296616000,1785153447296616000,121932490,121652369,-206.121,0.000,0.000,1.000,5.000,0.000,0.000,37.000,0,0,0
B3_zmq_pushpull,zmq_tcp,none,none,,1,10837,512,584,1785153447297529000,1785153447297529000,1785153447297529000,1785153447297530000,1785153447297614000,1785153447297617000,1785153447297617000,1785153447297617000,121932490,121652369,-196.121,0.000,0.000,1.000,3.000,0.000,0.000,10.000,0,0,0
B3_zmq_pushpull,zmq_tcp,none,none,,1,10838,512,584,1785153447298532000,1785153447298532000,1785153447298532000,1785153447298533000,1785153447298606000,1785153447298609000,1785153447298609000,1785153447298609000,121932490,121652369,-207.121,0.000,0.000,1.000,3.000,0.000,0.000,11.000,0,0,0
B3_zmq_pushpull,zmq_tcp,none,none,,1,10839,512,584,1785153447299530000,1785153447299530000,1785153447299530000,1785153447299531000,1785153447299597000,1785153447299599000,1785153447299599000,1785153447299599000,121932490,121652369,-214.121,0.000,0.000,1.000,2.000,0.000,0.000,7.000,0,0,0
B3_zmq_pushpull,zmq_tcp,none,none,,1,10840,512,584,1785153447300450000,1785153447300450000,1785153447300450000,1785153447300451000,1785153447300603000,1785153447300607000,1785153447300607000,1785153447300607000,121932490,121652369,-128.121,0.000,0.000,1.000,4.000,0.000,0.000,86.000,0,0,0
B3_zmq_pushpull,zmq_tcp,none,none,,1,10841,512,584,1785153447301550000,1785153447301551000,1785153447301551000,1785153447301552000,1785153447301695000,1785153447301698000,1785153447301698000,1785153447301698000,121932490,121652369,-137.121,1.000,0.000,1.000,3.000,0.000,0.000,9.000,0,0,0
B3_zmq_pushpull,zmq_tcp,none,none,,1,10842,512,584,1785153447302523000,1785153447302523000,1785153447302523000,1785153447302524000,1785153447302663000,1785153447302666000,1785153447302666000,1785153447302666000,121932490,121652369,-141.121,0.000,0.000,1.000,3.000,0.000,0.000,4.000,0,0,0
B3_zmq_pushpull,zmq_tcp,none,none,,1,10843,512,584,1785153447303535000,1785153447303535000,1785153447303535000,1785153447303536000,1785153447303635000,1785153447303638000,1785153447303638000,1785153447303638000,121932490,121652369,-181.121,0.000,0.000,1.000,3.000,0.000,0.000,40.000,0,0,0
B3_zmq_pushpull,zmq_tcp,none,none,,1,10844,512,584,1785153447304529000,1785153447304529000,1785153447304530000,1785153447304530000,1785153447304615000,1785153447304618000,1785153447304618000,1785153447304618000,121932490,121652369,-195.121,0.000,1.000,0.000,3.000,0.000,0.000,14.000,0,0,0
B3_zmq_pushpull,zmq_tcp,none,none,,1,10845,512,584,1785153447305535000,1785153447305535000,1785153447305535000,1785153447305536000,1785153447305742000,1785153447305744000,1785153447305745000,1785153447305745000,121932490,121652369,-74.121,0.000,0.000,1.000,2.000,1.000,0.000,121.000,0,0,0
B3_zmq_pushpull,zmq_tcp,none,none,,1,10846,512,584,1785153447306529000,1785153447306529000,1785153447306529000,1785153447306530000,1785153447306717000,1785153447306720000,1785153447306720000,1785153447306720000,121932490,121652369,-93.121,0.000,0.000,1.000,3.000,0.000,0.000,19.000,0,0,0
B3_zmq_pushpull,zmq_tcp,none,none,,1,10847,512,584,1785153447307403000,1785153447307403000,1785153447307403000,1785153447307404000,1785153447307561000,1785153447307563000,1785153447307563000,1785153447307563000,121932490,121652369,-123.121,0.000,0.000,1.000,2.000,0.000,0.000,30.000,0,0,0
B3_zmq_pushpull,zmq_tcp,none,none,,1,10848,512,584,1785153447308401000,1785153447308401000,1785153447308401000,1785153447308402000,1785153447308553000,1785153447308556000,1785153447308556000,1785153447308556000,121932490,121652369,-129.121,0.000,0.000,1.000,3.000,0.000,0.000,6.000,0,0,0
B3_zmq_pushpull,zmq_tcp,none,none,,1,10849,512,584,1785153447309388000,1785153447309388000,1785153447309388000,1785153447309389000,1785153447309531000,1785153447309535000,1785153447309535000,1785153447309535000,121932490,121652369,-138.121,0.000,0.000,1.000,4.000,0.000,0.000,9.000,0,0,0
B3_zmq_pushpull,zmq_tcp,none,none,,1,10850,512,584,1785153447310359000,1785153447310359000,1785153447310359000,1785153447310360000,1785153447310502000,1785153447310505000,1785153447310505000,1785153447310505000,121932490,121652369,-138.121,0.000,0.000,1.000,3.000,0.000,0.000,0.000,0,0,0
B3_zmq_pushpull,zmq_tcp,none,none,,1,10851,512,584,1785153447311573000,1785153447311573000,1785153447311573000,1785153447311574000,1785153447311752000,1785153447311755000,1785153447311755000,1785153447311755000,121932490,121652369,-102.121,0.000,0.000,1.000,3.000,0.000,0.000,36.000,0,0,0
B3_zmq_pushpull,zmq_tcp,none,none,,1,10852,512,584,1785153447312521000,1785153447312522000,1785153447312522000,1785153447312523000,1785153447312597000,1785153447312600000,1785153447312600000,1785153447312600000,121932490,121652369,-206.121,1.000,0.000,1.000,3.000,0.000,0.000,104.000,0,0,0
B3_zmq_pushpull,zmq_tcp,none,none,,1,10853,512,584,1785153447313532000,1785153447313532000,1785153447313532000,1785153447313533000,1785153447313721000,1785153447313723000,1785153447313723000,1785153447313723000,121932490,121652369,-92.121,0.000,0.000,1.000,2.000,0.000,0.000,114.000,0,0,0
B3_zmq_pushpull,zmq_tcp,none,none,,1,10854,512,584,1785153447314530000,1785153447314530000,1785153447314531000,1785153447314531000,1785153447314575000,1785153447314578000,1785153447314578000,1785153447314578000,121932490,121652369,-236.121,0.000,1.000,0.000,3.000,0.000,0.000,144.000,0,0,0
B3_zmq_pushpull,zmq_tcp,none,none,,1,10855,512,584,1785153447315530000,1785153447315530000,1785153447315530000,1785153447315531000,1785153447315699000,1785153447315702000,1785153447315702000,1785153447315702000,121932490,121652369,-112.121,0.000,0.000,1.000,3.000,0.000,0.000,124.000,0,0,0
B3_zmq_pushpull,zmq_tcp,none,none,,1,10856,512,584,1785153447316528000,1785153447316528000,1785153447316528000,1785153447316529000,1785153447316681000,1785153447316683000,1785153447316683000,1785153447316683000,121932490,121652369,-128.121,0.000,0.000,1.000,2.000,0.000,0.000,16.000,0,0,0
B3_zmq_pushpull,zmq_tcp,none,none,,1,10857,512,584,1785153447317532000,1785153447317532000,1785153447317532000,1785153447317533000,1785153447317682000,1785153447317685000,1785153447317685000,1785153447317685000,121932490,121652369,-131.121,0.000,0.000,1.000,3.000,0.000,0.000,3.000,0,0,0
B3_zmq_pushpull,zmq_tcp,none,none,,1,10858,512,584,1785153447318533000,1785153447318533000,1785153447318533000,1785153447318534000,1785153447318665000,1785153447318667000,1785153447318667000,1785153447318667000,121932490,121652369,-149.121,0.000,0.000,1.000,2.000,0.000,0.000,18.000,0,0,0
B3_zmq_pushpull,zmq_tcp,none,none,,1,10859,512,584,1785153447319529000,1785153447319529000,1785153447319529000,1785153447319530000,1785153447319641000,1785153447319643000,1785153447319643000,1785153447319643000,121932490,121652369,-169.121,0.000,0.000,1.000,2.000,0.000,0.000,20.000,0,0,0
B3_zmq_pushpull,zmq_tcp,none,none,,1,10860,512,584,1785153447320532000,1785153447320532000,1785153447320532000,1785153447320533000,1785153447320648000,1785153447320650000,1785153447320650000,1785153447320650000,121932490,121652369,-165.121,0.000,0.000,1.000,2.000,0.000,0.000,4.000,0,0,0
B3_zmq_pushpull,zmq_tcp,none,none,,1,10861,512,584,1785153447321530000,1785153447321530000,1785153447321530000,1785153447321531000,1785153447321649000,1785153447321652000,1785153447321652000,1785153447321652000,121932490,121652369,-162.121,0.000,0.000,1.000,3.000,0.000,0.000,3.000,0,0,0
B3_zmq_pushpull,zmq_tcp,none,none,,1,10862,512,584,1785153447322530000,1785153447322530000,1785153447322530000,1785153447322531000,1785153447322638000,1785153447322641000,1785153447322641000,1785153447322641000,121932490,121652369,-173.121,0.000,0.000,1.000,3.000,0.000,0.000,11.000,0,0,0
B3_zmq_pushpull,zmq_tcp,none,none,,1,10863,512,584,1785153447323528000,1785153447323528000,1785153447323528000,1785153447323529000,1785153447323595000,1785153447323598000,1785153447323598000,1785153447323598000,121932490,121652369,-214.121,0.000,0.000,1.000,3.000,0.000,0.000,41.000,0,0,0
B3_zmq_pushpull,zmq_tcp,none,none,,1,10864,512,584,1785153447324433000,1785153447324433000,1785153447324433000,1785153447324434000,1785153447324591000,1785153447324594000,1785153447324594000,1785153447324594000,121932490,121652369,-123.121,0.000,0.000,1.000,3.000,0.000,0.000,91.000,0,0,0
B3_zmq_pushpull,zmq_tcp,none,none,,1,10865,512,584,1785153447325429000,1785153447325429000,1785153447325429000,1785153447325430000,1785153447325587000,1785153447325590000,1785153447325590000,1785153447325590000,121932490,121652369,-123.121,0.000,0.000,1.000,3.000,0.000,0.000,0.000,0,0,0
B3_zmq_pushpull,zmq_tcp,none,none,,1,10866,512,584,1785153447326429000,1785153447326429000,1785153447326429000,1785153447326430000,1785153447326590000,1785153447326593000,1785153447326593000,1785153447326593000,121932490,121652369,-120.121,0.000,0.000,1.000,3.000,0.000,0.000,3.000,0,0,0
B3_zmq_pushpull,zmq_tcp,none,none,,1,10867,512,584,1785153447327556000,1785153447327556000,1785153447327556000,1785153447327557000,1785153447327717000,1785153447327719000,1785153447327719000,1785153447327719000,121932490,121652369,-120.121,0.000,0.000,1.000,2.000,0.000,0.000,0.000,0,0,0
B3_zmq_pushpull,zmq_tcp,none,none,,1,10868,512,584,1785153447328524000,1785153447328524000,1785153447328524000,1785153447328525000,1785153447328699000,1785153447328703000,1785153447328703000,1785153447328703000,121932490,121652369,-106.121,0.000,0.000,1.000,4.000,0.000,0.000,14.000,0,0,0
B3_zmq_pushpull,zmq_tcp,none,none,,1,10869,512,584,1785153447329533000,1785153447329533000,1785153447329533000,1785153447329534000,1785153447329685000,1785153447329687000,1785153447329687000,1785153447329687000,121932490,121652369,-129.121,0.000,0.000,1.000,2.000,0.000,0.000,23.000,0,0,0
B3_zmq_pushpull,zmq_tcp,none,none,,1,10870,512,584,1785153447330529000,1785153447330529000,1785153447330530000,1785153447330530000,1785153447330671000,1785153447330674000,1785153447330674000,1785153447330674000,121932490,121652369,-139.121,0.000,1.000,0.000,3.000,0.000,0.000,10.000,0,0,0
B3_zmq_pushpull,zmq_tcp,none,none,,1,10871,512,584,1785153447331532000,1785153447331532000,1785153447331532000,1785153447331533000,1785153447331669000,1785153447331671000,1785153447331671000,1785153447331671000,121932490,121652369,-144.121,0.000,0.000,1.000,2.000,0.000,0.000,5.000,0,0,0
B3_zmq_pushpull,zmq_tcp,none,none,,1,10872,512,584,1785153447332533000,1785153447332533000,1785153447332533000,1785153447332534000,1785153447332650000,1785153447332654000,1785153447332654000,1785153447332654000,121932490,121652369,-164.121,0.000,0.000,1.000,4.000,0.000,0.000,20.000,0,0,0
B3_zmq_pushpull,zmq_tcp,none,none,,1,10873,512,584,1785153447333530000,1785153447333530000,1785153447333530000,1785153447333531000,1785153447333643000,1785153447333646000,1785153447333646000,1785153447333646000,121932490,121652369,-168.121,0.000,0.000,1.000,3.000,0.000,0.000,4.000,0,0,0
B3_zmq_pushpull,zmq_tcp,none,none,,1,10874,512,584,1785153447334533000,1785153447334533000,1785153447334533000,1785153447334534000,1785153447334638000,1785153447334641000,1785153447334641000,1785153447334641000,121932490,121652369,-176.121,0.000,0.000,1.000,3.000,0.000,0.000,8.000,0,0,0
B3_zmq_pushpull,zmq_tcp,none,none,,1,10875,512,584,1785153447335531000,1785153447335531000,1785153447335531000,1785153447335532000,1785153447335640000,1785153447335643000,1785153447335643000,1785153447335643000,121932490,121652369,-172.121,0.000,0.000,1.000,3.000,0.000,0.000,4.000,0,0,0
B3_zmq_pushpull,zmq_tcp,none,none,,1,10876,512,584,1785153447336530000,1785153447336530000,1785153447336530000,1785153447336531000,1785153447336613000,1785153447336615000,1785153447336615000,1785153447336615000,121932490,121652369,-198.121,0.000,0.000,1.000,2.000,0.000,0.000,26.000,0,0,0
B3_zmq_pushpull,zmq_tcp,none,none,,1,10877,512,584,1785153447337530000,1785153447337531000,1785153447337531000,1785153447337532000,1785153447337596000,1785153447337599000,1785153447337599000,1785153447337599000,121932490,121652369,-216.121,1.000,0.000,1.000,3.000,0.000,0.000,18.000,0,0,0
B3_zmq_pushpull,zmq_tcp,none,none,,1,10878,512,584,1785153447338526000,1785153447338527000,1785153447338527000,1785153447338527000,1785153447338601000,1785153447338604000,1785153447338604000,1785153447338604000,121932490,121652369,-206.121,1.000,0.000,0.000,3.000,0.000,0.000,10.000,0,0,0
B3_zmq_pushpull,zmq_tcp,none,none,,1,10879,512,584,1785153447339533000,1785153447339533000,1785153447339533000,1785153447339534000,1785153447339597000,1785153447339600000,1785153447339600000,1785153447339600000,121932490,121652369,-217.121,0.000,0.000,1.000,3.000,0.000,0.000,11.000,0,0,0
B3_zmq_pushpull,zmq_tcp,none,none,,1,10880,512,584,1785153447340530000,1785153447340530000,1785153447340530000,1785153447340531000,1785153447340594000,1785153447340597000,1785153447340597000,1785153447340597000,121932490,121652369,-217.121,0.000,0.000,1.000,3.000,0.000,0.000,0.000,0,0,0
B3_zmq_pushpull,zmq_tcp,none,none,,1,10881,512,584,1785153447341533000,1785153447341533000,1785153447341533000,1785153447341534000,1785153447341710000,1785153447341716000,1785153447341716000,1785153447341716000,121932490,121652369,-104.121,0.000,0.000,1.000,6.000,0.000,0.000,113.000,0,0,0
B3_zmq_pushpull,zmq_tcp,none,none,,1,10882,512,584,1785153447342535000,1785153447342536000,1785153447342536000,1785153447342537000,1785153447342706000,1785153447342709000,1785153447342709000,1785153447342709000,121932490,121652369,-111.121,1.000,0.000,1.000,3.000,0.000,0.000,7.000,0,0,0
B3_zmq_pushpull,zmq_tcp,none,none,,1,10883,512,584,1785153447343384000,1785153447343384000,1785153447343384000,1785153447343385000,1785153447343542000,1785153447343545000,1785153447343545000,1785153447343545000,121932490,121652369,-123.121,0.000,0.000,1.000,3.000,0.000,0.000,12.000,0,0,0
B3_zmq_pushpull,zmq_tcp,none,none,,1,10884,512,584,1785153447344371000,1785153447344371000,1785153447344371000,1785153447344372000,1785153447344530000,1785153447344533000,1785153447344533000,1785153447344533000,121932490,121652369,-122.121,0.000,0.000,1.000,3.000,0.000,0.000,1.000,0,0,0
B3_zmq_pushpull,zmq_tcp,none,none,,1,10885,512,584,1785153447345372000,1785153447345372000,1785153447345372000,1785153447345373000,1785153447345530000,1785153447345533000,1785153447345533000,1785153447345533000,121932490,121652369,-123.121,0.000,0.000,1.000,3.000,0.000,0.000,1.000,0,0,0
B3_zmq_pushpull,zmq_tcp,none,none,,1,10886,512,584,1785153447346351000,1785153447346352000,1785153447346352000,1785153447346353000,1785153447346509000,1785153447346513000,1785153447346513000,1785153447346513000,121932490,121652369,-124.121,1.000,0.000,1.000,4.000,0.000,0.000,1.000,0,0,0
B3_zmq_pushpull,zmq_tcp,none,none,,1,10887,512,584,1785153447347578000,1785153447347578000,1785153447347578000,1785153447347579000,1785153447347642000,1785153447347645000,1785153447347645000,1785153447347645000,121932490,121652369,-217.121,0.000,0.000,1.000,3.000,0.000,0.000,93.000,0,0,0
B3_zmq_pushpull,zmq_tcp,none,none,,1,10888,512,584,1785153447348341000,1785153447348342000,1785153447348342000,1785153447348343000,1785153447348486000,1785153447348489000,1785153447348489000,1785153447348489000,121932490,121652369,-137.121,1.000,0.000,1.000,3.000,0.000,0.000,80.000,0,0,0
B3_zmq_pushpull,zmq_tcp,none,none,,1,10889,512,584,1785153447349451000,1785153447349451000,1785153447349451000,1785153447349452000,1785153447349606000,1785153447349610000,1785153447349610000,1785153447349610000,121932490,121652369,-126.121,0.000,0.000,1.000,4.000,0.000,0.000,11.000,0,0,0
B3_zmq_pushpull,zmq_tcp,none,none,,1,10890,512,584,1785153447350550000,1785153447350551000,1785153447350551000,1785153447350552000,1785153447350719000,1785153447350722000,1785153447350722000,1785153447350722000,121932490,121652369,-113.121,1.000,0.000,1.000,3.000,0.000,0.000,13.000,0,0,0
B3_zmq_pushpull,zmq_tcp,none,none,,1,10891,512,584,1785153447351412000,1785153447351412000,1785153447351412000,1785153447351414000,1785153447351570000,1785153447351573000,1785153447351573000,1785153447351573000,121932490,121652369,-124.121,0.000,0.000,2.000,3.000,0.000,0.000,11.000,0,0,0
B3_zmq_pushpull,zmq_tcp,none,none,,1,10892,512,584,1785153447352563000,1785153447352563000,1785153447352563000,1785153447352564000,1785153447352704000,1785153447352706000,1785153447352706000,1785153447352706000,121932490,121652369,-140.121,0.000,0.000,1.000,2.000,0.000,0.000,16.000,0,0,0
B3_zmq_pushpull,zmq_tcp,none,none,,1,10893,512,584,1785153447353523000,1785153447353523000,1785153447353523000,1785153447353524000,1785153447353711000,1785153447353714000,1785153447353714000,1785153447353714000,121932490,121652369,-93.121,0.000,0.000,1.000,3.000,0.000,0.000,47.000,0,0,0
B3_zmq_pushpull,zmq_tcp,none,none,,1,10894,512,584,1785153447354533000,1785153447354534000,1785153447354534000,1785153447354535000,1785153447354688000,1785153447354691000,1785153447354691000,1785153447354691000,121932490,121652369,-127.121,1.000,0.000,1.000,3.000,0.000,0.000,34.000,0,0,0
B3_zmq_pushpull,zmq_tcp,none,none,,1,10895,512,584,1785153447355531000,1785153447355531000,1785153447355531000,1785153447355532000,1785153447355674000,1785153447355677000,1785153447355677000,1785153447355677000,121932490,121652369,-138.121,0.000,0.000,1.000,3.000,0.000,0.000,11.000,0,0,0
B3_zmq_pushpull,zmq_tcp,none,none,,1,10896,512,584,1785153447356362000,1785153447356362000,1785153447356363000,1785153447356363000,1785153447356521000,1785153447356524000,1785153447356524000,1785153447356524000,121932490,121652369,-122.121,0.000,1.000,0.000,3.000,0.000,0.000,16.000,0,0,0
B3_zmq_pushpull,zmq_tcp,none,none,,1,10897,512,584,1785153447357572000,1785153447357572000,1785153447357572000,1785153447357573000,1785153447357650000,1785153447357653000,1785153447357653000,1785153447357653000,121932490,121652369,-203.121,0.000,0.000,1.000,3.000,0.000,0.000,81.000,0,0,0
B3_zmq_pushpull,zmq_tcp,none,none,,1,10898,512,584,1785153447358521000,1785153447358521000,1785153447358521000,1785153447358522000,1785153447358625000,1785153447358628000,1785153447358628000,1785153447358628000,121932490,121652369,-177.121,0.000,0.000,1.000,3.000,0.000,0.000,26.000,0,0,0
B3_zmq_pushpull,zmq_tcp,none,none,,1,10899,512,584,1785153447359342000,1785153447359342000,1785153447359342000,1785153447359344000,1785153447359476000,1785153447359478000,1785153447359478000,1785153447359478000,121932490,121652369,-148.121,0.000,0.000,2.000,2.000,0.000,0.000,29.000,0,0,0
B3_zmq_pushpull,zmq_tcp,none,none,,1,10900,512,584,1785153447360440000,1785153447360441000,1785153447360441000,1785153447360442000,1785153447360590000,1785153447360593000,1785153447360593000,1785153447360593000,121932490,121652369,-132.121,1.000,0.000,1.000,3.000,0.000,0.000,16.000,0,0,0
B3_zmq_pushpull,zmq_tcp,none,none,,1,10901,512,584,1785153447361437000,1785153447361438000,1785153447361438000,1785153447361439000,1785153447361582000,1785153447361585000,1785153447361585000,1785153447361585000,121932490,121652369,-137.121,1.000,0.000,1.000,3.000,0.000,0.000,5.000,0,0,0
B3_zmq_pushpull,zmq_tcp,none,none,,1,10902,512,584,1785153447362410000,1785153447362410000,1785153447362410000,1785153447362411000,1785153447362562000,1785153447362565000,1785153447362565000,1785153447362565000,121932490,121652369,-129.121,0.000,0.000,1.000,3.000,0.000,0.000,8.000,0,0,0
B3_zmq_pushpull,zmq_tcp,none,none,,1,10903,512,584,1785153447363562000,1785153447363562000,1785153447363562000,1785153447363563000,1785153447363705000,1785153447363708000,1785153447363708000,1785153447363708000,121932490,121652369,-138.121,0.000,0.000,1.000,3.000,0.000,0.000,9.000,0,0,0
B3_zmq_pushpull,zmq_tcp,none,none,,1,10904,512,584,1785153447364523000,1785153447364523000,1785153447364523000,1785153447364524000,1785153447364581000,1785153447364584000,1785153447364584000,1785153447364584000,121932490,121652369,-223.121,0.000,0.000,1.000,3.000,0.000,0.000,85.000,0,0,0
B3_zmq_pushpull,zmq_tcp,none,none,,1,10905,512,584,1785153447365535000,1785153447365535000,1785153447365535000,1785153447365536000,1785153447365591000,1785153447365594000,1785153447365594000,1785153447365594000,121932490,121652369,-225.121,0.000,0.000,1.000,3.000,0.000,0.000,2.000,0,0,0
B3_zmq_pushpull,zmq_tcp,none,none,,1,10906,512,584,1785153447366533000,1785153447366534000,1785153447366534000,1785153447366535000,1785153447366594000,1785153447366598000,1785153447366598000,1785153447366598000,121932490,121652369,-221.121,1.000,0.000,1.000,4.000,0.000,0.000,4.000,0,0,0
B3_zmq_pushpull,zmq_tcp,none,none,,1,10907,512,584,1785153447367532000,1785153447367532000,1785153447367532000,1785153447367533000,1785153447367729000,1785153447367732000,1785153447367732000,1785153447367732000,121932490,121652369,-84.121,0.000,0.000,1.000,3.000,0.000,0.000,137.000,0,0,0
B3_zmq_pushpull,zmq_tcp,none,none,,1,10908,512,584,1785153447368427000,1785153447368428000,1785153447368428000,1785153447368429000,1785153447368589000,1785153447368592000,1785153447368592000,1785153447368592000,121932490,121652369,-120.121,1.000,0.000,1.000,3.000,0.000,0.000,36.000,0,0,0
B3_zmq_pushpull,zmq_tcp,none,none,,1,10909,512,584,1785153447369561000,1785153447369561000,1785153447369561000,1785153447369562000,1785153447369722000,1785153447369726000,1785153447369726000,1785153447369726000,121932490,121652369,-120.121,0.000,0.000,1.000,4.000,0.000,0.000,0.000,0,0,0
B3_zmq_pushpull,zmq_tcp,none,none,,1,10910,512,584,1785153447370412000,1785153447370412000,1785153447370412000,1785153447370413000,1785153447370565000,1785153447370568000,1785153447370568000,1785153447370568000,121932490,121652369,-128.121,0.000,0.000,1.000,3.000,0.000,0.000,8.000,0,0,0
B3_zmq_pushpull,zmq_tcp,none,none,,1,10911,512,584,1785153447371382000,1785153447371382000,1785153447371382000,1785153447371383000,1785153447371534000,1785153447371537000,1785153447371537000,1785153447371537000,121932490,121652369,-129.121,0.000,0.000,1.000,3.000,0.000,0.000,1.000,0,0,0
B3_zmq_pushpull,zmq_tcp,none,none,,1,10912,512,584,1785153447372354000,1785153447372354000,1785153447372354000,1785153447372355000,1785153447372498000,1785153447372500000,1785153447372500000,1785153447372500000,121932490,121652369,-137.121,0.000,0.000,1.000,2.000,0.000,0.000,8.000,0,0,0
B3_zmq_pushpull,zmq_tcp,none,none,,1,10913,512,584,1785153447373341000,1785153447373342000,1785153447373342000,1785153447373343000,1785153447373485000,1785153447373488000,1785153447373488000,1785153447373488000,121932490,121652369,-138.121,1.000,0.000,1.000,3.000,0.000,0.000,1.000,0,0,0
B3_zmq_pushpull,zmq_tcp,none,none,,1,10914,512,584,1785153447374333000,1785153447374334000,1785153447374334000,1785153447374335000,1785153447374478000,1785153447374481000,1785153447374481000,1785153447374481000,121932490,121652369,-137.121,1.000,0.000,1.000,3.000,0.000,0.000,1.000,0,0,0
B3_zmq_pushpull,zmq_tcp,none,none,,1,10915,512,584,1785153447375435000,1785153447375435000,1785153447375435000,1785153447375436000,1785153447375593000,1785153447375596000,1785153447375596000,1785153447375596000,121932490,121652369,-123.121,0.000,0.000,1.000,3.000,0.000,0.000,14.000,0,0,0
B3_zmq_pushpull,zmq_tcp,none,none,,1,10916,512,584,1785153447376433000,1785153447376433000,1785153447376433000,1785153447376434000,1785153447376579000,1785153447376582000,1785153447376582000,1785153447376582000,121932490,121652369,-135.121,0.000,0.000,1.000,3.000,0.000,0.000,12.000,0,0,0
B3_zmq_pushpull,zmq_tcp,none,none,,1,10917,512,584,1785153447377556000,1785153447377556000,1785153447377556000,1785153447377557000,1785153447377694000,1785153447377698000,1785153447377698000,1785153447377698000,121932490,121652369,-143.121,0.000,0.000,1.000,4.000,0.000,0.000,8.000,0,0,0
B3_zmq_pushpull,zmq_tcp,none,none,,1,10918,512,584,1785153447378525000,1785153447378525000,1785153447378525000,1785153447378526000,1785153447378680000,1785153447378683000,1785153447378683000,1785153447378683000,121932490,121652369,-126.121,0.000,0.000,1.000,3.000,0.000,0.000,17.000,0,0,0
B3_zmq_pushpull,zmq_tcp,none,none,,1,10919,512,584,1785153447379371000,1785153447379372000,1785153447379372000,1785153447379373000,1785153447379516000,1785153447379518000,1785153447379518000,1785153447379518000,121932490,121652369,-137.121,1.000,0.000,1.000,2.000,0.000,0.000,11.000,0,0,0
B3_zmq_pushpull,zmq_tcp,none,none,,1,10920,512,584,1785153447380571000,1785153447380571000,1785153447380571000,1785153447380572000,1785153447380638000,1785153447380642000,1785153447380642000,1785153447380642000,121932490,121652369,-214.121,0.000,0.000,1.000,4.000,0.000,0.000,77.000,0,0,0
B3_zmq_pushpull,zmq_tcp,none,none,,1,10921,512,584,1785153447381524000,1785153447381524000,1785153447381524000,1785153447381525000,1785153447381623000,1785153447381626000,1785153447381626000,1785153447381626000,121932490,121652369,-182.121,0.000,0.000,1.000,3.000,0.000,0.000,32.000,0,0,0
B3_zmq_pushpull,zmq_tcp,none,none,,1,10922,512,584,1785153447382532000,1785153447382532000,1785153447382532000,1785153447382533000,1785153447382606000,1785153447382609000,1785153447382609000,1785153447382609000,121932490,121652369,-207.121,0.000,0.000,1.000,3.000,0.000,0.000,25.000,0,0,0
B3_zmq_pushpull,zmq_tcp,none,none,,1,10923,512,584,1785153447383458000,1785153447383459000,1785153447383459000,1785153447383460000,1785153447383618000,1785153447383621000,1785153447383621000,1785153447383621000,121932490,121652369,-122.121,1.000,0.000,1.000,3.000,0.000,0.000,85.000,0,0,0
B3_zmq_pushpull,zmq_tcp,none,none,,1,10924,512,584,1785153447384550000,1785153447384550000,1785153447384550000,1785153447384551000,1785153447384595000,1785153447384599000,1785153447384599000,1785153447384599000,121932490,121652369,-236.121,0.000,0.000,1.000,4.000,0.000,0.000,114.000,0,0,0
B3_zmq_pushpull,zmq_tcp,none,none,,1,10925,512,584,1785153447385527000,1785153447385527000,1785153447385527000,1785153447385528000,1785153447385579000,1785153447385582000,1785153447385582000,1785153447385582000,121932490,121652369,-229.121,0.000,0.000,1.000,3.000,0.000,0.000,7.000,0,0,0
B3_zmq_pushpull,zmq_tcp,none,none,,1,10926,512,584,1785153447386532000,1785153447386533000,1785153447386533000,1785153447386534000,1785153447386701000,1785153447386704000,1785153447386704000,1785153447386704000,121932490,121652369,-113.121,1.000,0.000,1.000,3.000,0.000,0.000,116.000,0,0,0
B3_zmq_pushpull,zmq_tcp,none,none,,1,10927,512,584,1785153447387528000,1785153447387528000,1785153447387528000,1785153447387529000,1785153447387701000,1785153447387704000,1785153447387704000,1785153447387704000,121932490,121652369,-108.121,0.000,0.000,1.000,3.000,0.000,0.000,5.000,0,0,0
B3_zmq_pushpull,zmq_tcp,none,none,,1,10928,512,584,1785153447388390000,1785153447388390000,1785153447388390000,1785153447388391000,1785153447388550000,1785153447388553000,1785153447388553000,1785153447388553000,121932490,121652369,-121.121,0.000,0.000,1.000,3.000,0.000,0.000,13.000,0,0,0
B3_zmq_pushpull,zmq_tcp,none,none,,1,10929,512,584,1785153447389569000,1785153447389569000,1785153447389569000,1785153447389570000,1785153447389673000,1785153447389678000,1785153447389678000,1785153447389678000,121932490,121652369,-177.121,0.000,0.000,1.000,5.000,0.000,0.000,56.000,0,0,0
B3_zmq_pushpull,zmq_tcp,none,none,,1,10930,512,584,1785153447390363000,1785153447390363000,1785153447390363000,1785153447390364000,1785153447390510000,1785153447390513000,1785153447390513000,1785153447390513000,121932490,121652369,-134.121,0.000,0.000,1.000,3.000,0.000,0.000,43.000,0,0,0
B3_zmq_pushpull,zmq_tcp,none,none,,1,10931,512,584,1785153447391573000,1785153447391573000,1785153447391573000,1785153447391574000,1785153447391641000,1785153447391644000,1785153447391644000,1785153447391644000,121932490,121652369,-213.121,0.000,0.000,1.000,3.000,0.000,0.000,79.000,0,0,0
B3_zmq_pushpull,zmq_tcp,none,none,,1,10932,512,584,1785153447392520000,1785153447392520000,1785153447392520000,1785153447392521000,1785153447392617000,1785153447392620000,1785153447392620000,1785153447392620000,121932490,121652369,-184.121,0.000,0.000,1.000,3.000,0.000,0.000,29.000,0,0,0
B3_zmq_pushpull,zmq_tcp,none,none,,1,10933,512,584,1785153447393455000,1785153447393455000,1785153447393455000,1785153447393456000,1785153447393613000,1785153447393616000,1785153447393616000,1785153447393616000,121932490,121652369,-123.121,0.000,0.000,1.000,3.000,0.000,0.000,61.000,0,0,0
B3_zmq_pushpull,zmq_tcp,none,none,,1,10934,512,584,1785153447394547000,1785153447394547000,1785153447394547000,1785153447394548000,1785153447394730000,1785153447394732000,1785153447394732000,1785153447394732000,121932490,121652369,-98.121,0.000,0.000,1.000,2.000,0.000,0.000,25.000,0,0,0
B3_zmq_pushpull,zmq_tcp,none,none,,1,10935,512,584,1785153447395529000,1785153447395529000,1785153447395529000,1785153447395530000,1785153447395720000,1785153447395722000,1785153447395722000,1785153447395722000,121932490,121652369,-90.121,0.000,0.000,1.000,2.000,0.000,0.000,8.000,0,0,0
B3_zmq_pushpull,zmq_tcp,none,none,,1,10936,512,584,1785153447396532000,1785153447396532000,1785153447396532000,1785153447396533000,1785153447396702000,1785153447396706000,1785153447396706000,1785153447396706000,121932490,121652369,-111.121,0.000,0.000,1.000,4.000,0.000,0.000,21.000,0,0,0
B3_zmq_pushpull,zmq_tcp,none,none,,1,10937,512,584,1785153447397533000,1785153447397533000,1785153447397533000,1785153447397534000,1785153447397694000,1785153447397697000,1785153447397697000,1785153447397697000,121932490,121652369,-120.121,0.000,0.000,1.000,3.000,0.000,0.000,9.000,0,0,0
B3_zmq_pushpull,zmq_tcp,none,none,,1,10938,512,584,1785153447398384000,1785153447398384000,1785153447398384000,1785153447398385000,1785153447398534000,1785153447398537000,1785153447398537000,1785153447398537000,121932490,121652369,-131.121,0.000,0.000,1.000,3.000,0.000,0.000,11.000,0,0,0
B3_zmq_pushpull,zmq_tcp,none,none,,1,10939,512,584,1785153447399362000,1785153447399362000,1785153447399362000,1785153447399363000,1785153447399513000,1785153447399516000,1785153447399516000,1785153447399516000,121932490,121652369,-130.121,0.000,0.000,1.000,3.000,0.000,0.000,1.000,0,0,0
B3_zmq_pushpull,zmq_tcp,none,none,,1,10940,512,584,1785153447400348000,1785153447400348000,1785153447400348000,1785153447400349000,1785153447400498000,1785153447400501000,1785153447400501000,1785153447400501000,121932490,121652369,-131.121,0.000,0.000,1.000,3.000,0.000,0.000,1.000,0,0,0
B3_zmq_pushpull,zmq_tcp,none,none,,1,10941,512,584,1785153447401339000,1785153447401339000,1785153447401339000,1785153447401340000,1785153447401474000,1785153447401477000,1785153447401477000,1785153447401477000,121932490,121652369,-146.121,0.000,0.000,1.000,3.000,0.000,0.000,15.000,0,0,0
B3_zmq_pushpull,zmq_tcp,none,none,,1,10942,512,584,1785153447402450000,1785153447402450000,1785153447402450000,1785153447402451000,1785153447402605000,1785153447402608000,1785153447402608000,1785153447402608000,121932490,121652369,-126.121,0.000,0.000,1.000,3.000,0.000,0.000,20.000,0,0,0
B3_zmq_pushpull,zmq_tcp,none,none,,1,10943,512,584,1785153447403431000,1785153447403431000,1785153447403431000,1785153447403432000,1785153447403592000,1785153447403594000,1785153447403595000,1785153447403595000,121932490,121652369,-120.121,0.000,0.000,1.000,2.000,1.000,0.000,6.000,0,0,0
B3_zmq_pushpull,zmq_tcp,none,none,,1,10944,512,584,1785153447404556000,1785153447404556000,1785153447404556000,1785153447404557000,1785153447404704000,1785153447404707000,1785153447404707000,1785153447404707000,121932490,121652369,-133.121,0.000,0.000,1.000,3.000,0.000,0.000,13.000,0,0,0
B3_zmq_pushpull,zmq_tcp,none,none,,1,10945,512,584,1785153447405525000,1785153447405526000,1785153447405526000,1785153447405527000,1785153447405692000,1785153447405694000,1785153447405695000,1785153447405695000,121932490,121652369,-115.121,1.000,0.000,1.000,2.000,1.000,0.000,18.000,0,0,0
B3_zmq_pushpull,zmq_tcp,none,none,,1,10946,512,584,1785153447406532000,1785153447406532000,1785153447406532000,1785153447406533000,1785153447406681000,1785153447406683000,1785153447406683000,1785153447406683000,121932490,121652369,-132.121,0.000,0.000,1.000,2.000,0.000,0.000,17.000,0,0,0
B3_zmq_pushpull,zmq_tcp,none,none,,1,10947,512,584,1785153447407531000,1785153447407531000,1785153447407531000,1785153447407532000,1785153447407680000,1785153447407683000,1785153447407683000,1785153447407683000,121932490,121652369,-132.121,0.000,0.000,1.000,3.000,0.000,0.000,0.000,0,0,0
B3_zmq_pushpull,zmq_tcp,none,none,,1,10948,512,584,1785153447408367000,1785153447408367000,1785153447408367000,1785153447408368000,1785153447408527000,1785153447408529000,1785153447408529000,1785153447408529000,121932490,121652369,-121.121,0.000,0.000,1.000,2.000,0.000,0.000,11.000,0,0,0
B3_zmq_pushpull,zmq_tcp,none,none,,1,10949,512,584,1785153447409574000,1785153447409574000,1785153447409574000,1785153447409575000,1785153447409777000,1785153447409780000,1785153447409780000,1785153447409780000,121932490,121652369,-78.121,0.000,0.000,1.000,3.000,0.000,0.000,43.000,0,0,0
B3_zmq_pushpull,zmq_tcp,none,none,,1,10950,512,584,1785153447410518000,1785153447410518000,1785153447410518000,1785153447410519000,1785153447410624000,1785153447410626000,1785153447410626000,1785153447410626000,121932490,121652369,-175.121,0.000,0.000,1.000,2.000,0.000,0.000,97.000,0,0,0
B3_zmq_pushpull,zmq_tcp,none,none,,1,10951,512,584,1785153447411539000,1785153447411539000,1785153447411539000,1785153447411540000,1785153447411606000,1785153447411609000,1785153447411609000,1785153447411609000,121932490,121652369,-214.121,0.000,0.000,1.000,3.000,0.000,0.000,39.000,0,0,0
B3_zmq_pushpull,zmq_tcp,none,none,,1,10952,512,584,1785153447412531000,1785153447412531000,1785153447412531000,1785153447412532000,1785153447412588000,1785153447412591000,1785153447412591000,1785153447412591000,121932490,121652369,-224.121,0.000,0.000,1.000,3.000,0.000,0.000,10.000,0,0,0
B3_zmq_pushpull,zmq_tcp,none,none,,1,10953,512,584,1785153447413531000,1785153447413531000,1785153447413531000,1785153447413532000,1785153447413586000,1785153447413590000,1785153447413590000,1785153447413590000,121932490,121652369,-226.121,0.000,0.000,1.000,4.000,0.000,0.000,2.000,0,0,0
B3_zmq_pushpull,zmq_tcp,none,none,,1,10954,512,584,1785153447414533000,1785153447414534000,1785153447414534000,1785153447414535000,1785153447414570000,1785153447414572000,1785153447414572000,1785153447414572000,121932490,121652369,-245.121,1.000,0.000,1.000,2.000,0.000,0.000,19.000,0,0,0
B3_zmq_pushpull,zmq_tcp,none,none,,1,10955,512,584,1785153447415531000,1785153447415531000,1785153447415531000,1785153447415532000,1785153447415714000,1785153447415717000,1785153447415717000,1785153447415717000,121932490,121652369,-98.121,0.000,0.000,1.000,3.000,0.000,0.000,147.000,0,0,0
B3_zmq_pushpull,zmq_tcp,none,none,,1,10956,512,584,1785153447416401000,1785153447416401000,1785153447416401000,1785153447416402000,1785153447416549000,1785153447416552000,1785153447416552000,1785153447416552000,121932490,121652369,-133.121,0.000,0.000,1.000,3.000,0.000,0.000,35.000,0,0,0
B3_zmq_pushpull,zmq_tcp,none,none,,1,10957,512,584,1785153447417565000,1785153447417565000,1785153447417566000,1785153447417566000,1785153447417674000,1785153447417677000,1785153447417677000,1785153447417677000,121932490,121652369,-172.121,0.000,1.000,0.000,3.000,0.000,0.000,39.000,0,0,0
B3_zmq_pushpull,zmq_tcp,none,none,,1,10958,512,584,1785153447418522000,1785153447418522000,1785153447418522000,1785153447418523000,1785153447418660000,1785153447418663000,1785153447418663000,1785153447418663000,121932490,121652369,-143.121,0.000,0.000,1.000,3.000,0.000,0.000,29.000,0,0,0
B3_zmq_pushpull,zmq_tcp,none,none,,1,10959,512,584,1785153447419350000,1785153447419350000,1785153447419350000,1785153447419351000,1785153447419501000,1785153447419504000,1785153447419504000,1785153447419504000,121932490,121652369,-130.121,0.000,0.000,1.000,3.000,0.000,0.000,13.000,0,0,0
B3_zmq_pushpull,zmq_tcp,none,none,,1,10960,512,584,1785153447420458000,1785153447420458000,1785153447420458000,1785153447420459000,1785153447420610000,1785153447420613000,1785153447420613000,1785153447420613000,121932490,121652369,-129.121,0.000,0.000,1.000,3.000,0.000,0.000,1.000,0,0,0
B3_zmq_pushpull,zmq_tcp,none,none,,1,10961,512,584,1785153447421453000,1785153447421454000,1785153447421454000,1785153447421455000,1785153447421605000,1785153447421608000,1785153447421608000,1785153447421608000,121932490,121652369,-130.121,1.000,0.000,1.000,3.000,0.000,0.000,1.000,0,0,0
B3_zmq_pushpull,zmq_tcp,none,none,,1,10962,512,584,1785153447422435000,1785153447422435000,1785153447422435000,1785153447422436000,1785153447422589000,1785153447422592000,1785153447422592000,1785153447422592000,121932490,121652369,-127.121,0.000,0.000,1.000,3.000,0.000,0.000,3.000,0,0,0
B3_zmq_pushpull,zmq_tcp,none,none,,1,10963,512,584,1785153447423417000,1785153447423417000,1785153447423417000,1785153447423418000,1785153447423577000,1785153447423580000,1785153447423580000,1785153447423580000,121932490,121652369,-121.121,0.000,0.000,1.000,3.000,0.000,0.000,6.000,0,0,0
B3_zmq_pushpull,zmq_tcp,none,none,,1,10964,512,584,1785153447424562000,1785153447424562000,1785153447424562000,1785153447424563000,1785153447424692000,1785153447424694000,1785153447424694000,1785153447424694000,121932490,121652369,-151.121,0.000,0.000,1.000,2.000,0.000,0.000,30.000,0,0,0
B3_zmq_pushpull,zmq_tcp,none,none,,1,10965,512,584,1785153447425523000,1785153447425523000,1785153447425523000,1785153447425524000,1785153447425672000,1785153447425674000,1785153447425675000,1785153447425675000,121932490,121652369,-132.121,0.000,0.000,1.000,2.000,1.000,0.000,19.000,0,0,0
B3_zmq_pushpull,zmq_tcp,none,none,,1,10966,512,584,1785153447426534000,1785153447426534000,1785153447426535000,1785153447426535000,1785153447426627000,1785153447426630000,1785153447426630000,1785153447426630000,121932490,121652369,-188.121,0.000,1.000,0.000,3.000,0.000,0.000,56.000,0,0,0
B3_zmq_pushpull,zmq_tcp,none,none,,1,10967,512,584,1785153447427531000,1785153447427531000,1785153447427531000,1785153447427532000,1785153447427576000,1785153447427579000,1785153447427579000,1785153447427579000,121932490,121652369,-236.121,0.000,0.000,1.000,3.000,0.000,0.000,48.000,0,0,0
B3_zmq_pushpull,zmq_tcp,none,none,,1,10968,512,584,1785153447428532000,1785153447428532000,1785153447428532000,1785153447428533000,1785153447428705000,1785153447428708000,1785153447428708000,1785153447428708000,121932490,121652369,-108.121,0.000,0.000,1.000,3.000,0.000,0.000,128.000,0,0,0
B3_zmq_pushpull,zmq_tcp,none,none,,1,10969,512,584,1785153447429531000,1785153447429531000,1785153447429531000,1785153447429532000,1785153447429705000,1785153447429708000,1785153447429708000,1785153447429708000,121932490,121652369,-107.121,0.000,0.000,1.000,3.000,0.000,0.000,1.000,0,0,0
B3_zmq_pushpull,zmq_tcp,none,none,,1,10970,512,584,1785153447430405000,1785153447430406000,1785153447430406000,1785153447430407000,1785153447430563000,1785153447430565000,1785153447430565000,1785153447430565000,121932490,121652369,-124.121,1.000,0.000,1.000,2.000,0.000,0.000,17.000,0,0,0
B3_zmq_pushpull,zmq_tcp,none,none,,1,10971,512,584,1785153447431563000,1785153447431563000,1785153447431563000,1785153447431564000,1785153447431674000,1785153447431677000,1785153447431677000,1785153447431677000,121932490,121652369,-170.121,0.000,0.000,1.000,3.000,0.000,0.000,46.000,0,0,0
B3_zmq_pushpull,zmq_tcp,none,none,,1,10972,512,584,1785153447432521000,1785153447432522000,1785153447432522000,1785153447432523000,1785153447432663000,1785153447432665000,1785153447432665000,1785153447432665000,121932490,121652369,-140.121,1.000,0.000,1.000,2.000,0.000,0.000,30.000,0,0,0
B3_zmq_pushpull,zmq_tcp,none,none,,1,10973,512,584,1785153447433358000,1785153447433358000,1785153447433358000,1785153447433359000,1785153447433509000,1785153447433512000,1785153447433512000,1785153447433512000,121932490,121652369,-130.121,0.000,0.000,1.000,3.000,0.000,0.000,10.000,0,0,0
B3_zmq_pushpull,zmq_tcp,none,none,,1,10974,512,584,1785153447434337000,1785153447434337000,1785153447434337000,1785153447434338000,1785153447434480000,1785153447434482000,1785153447434483000,1785153447434483000,121932490,121652369,-138.121,0.000,0.000,1.000,2.000,1.000,0.000,8.000,0,0,0
B3_zmq_pushpull,zmq_tcp,none,none,,1,10975,512,584,1785153447435579000,1785153447435579000,1785153447435579000,1785153447435580000,1785153447435729000,1785153447435732000,1785153447435732000,1785153447435732000,121932490,121652369,-131.121,0.000,0.000,1.000,3.000,0.000,0.000,7.000,0,0,0
B3_zmq_pushpull,zmq_tcp,none,none,,1,10976,512,584,1785153447436522000,1785153447436522000,1785153447436522000,1785153447436523000,1785153447436699000,1785153447436703000,1785153447436703000,1785153447436703000,121932490,121652369,-104.121,0.000,0.000,1.000,4.000,0.000,0.000,27.000,0,0,0
B3_zmq_pushpull,zmq_tcp,none,none,,1,10977,512,584,1785153447437534000,1785153447437534000,1785153447437534000,1785153447437535000,1785153447437697000,1785153447437700000,1785153447437700000,1785153447437700000,121932490,121652369,-118.121,0.000,0.000,1.000,3.000,0.000,0.000,14.000,0,0,0
B3_zmq_pushpull,zmq_tcp,none,none,,1,10978,512,584,1785153447438533000,1785153447438534000,1785153447438534000,1785153447438535000,1785153447438692000,1785153447438694000,1785153447438695000,1785153447438695000,121932490,121652369,-123.121,1.000,0.000,1.000,2.000,1.000,0.000,5.000,0,0,0
B3_zmq_pushpull,zmq_tcp,none,none,,1,10979,512,584,1785153447439531000,1785153447439531000,1785153447439531000,1785153447439532000,1785153447439665000,1785153447439668000,1785153447439668000,1785153447439668000,121932490,121652369,-147.121,0.000,0.000,1.000,3.000,0.000,0.000,24.000,0,0,0
B3_zmq_pushpull,zmq_tcp,none,none,,1,10980,512,584,1785153447440530000,1785153447440530000,1785153447440530000,1785153447440531000,1785153447440648000,1785153447440651000,1785153447440651000,1785153447440651000,121932490,121652369,-163.121,0.000,0.000,1.000,3.000,0.000,0.000,16.000,0,0,0
B3_zmq_pushpull,zmq_tcp,none,none,,1,10981,512,584,1785153447441532000,1785153447441532000,1785153447441532000,1785153447441533000,1785153447441623000,1785153447441625000,1785153447441625000,1785153447441625000,121932490,121652369,-190.121,0.000,0.000,1.000,2.000,0.000,0.000,27.000,0,0,0
B3_zmq_pushpull,zmq_tcp,none,none,,1,10982,512,584,1785153447442531000,1785153447442531000,1785153447442531000,1785153447442532000,1785153447442612000,1785153447442615000,1785153447442615000,1785153447442615000,121932490,121652369,-200.121,0.000,0.000,1.000,3.000,0.000,0.000,10.000,0,0,0
B3_zmq_pushpull,zmq_tcp,none,none,,1,10983,512,584,1785153447443533000,1785153447443533000,1785153447443533000,1785153447443534000,1785153447443608000,1785153447443612000,1785153447443612000,1785153447443612000,121932490,121652369,-206.121,0.000,0.000,1.000,4.000,0.000,0.000,6.000,0,0,0
B3_zmq_pushpull,zmq_tcp,none,none,,1,10984,512,584,1785153447444531000,1785153447444532000,1785153447444532000,1785153447444533000,1785153447444699000,1785153447444702000,1785153447444702000,1785153447444702000,121932490,121652369,-114.121,1.000,0.000,1.000,3.000,0.000,0.000,92.000,0,0,0
B3_zmq_pushpull,zmq_tcp,none,none,,1,10985,512,584,1785153447445531000,1785153447445531000,1785153447445531000,1785153447445532000,1785153447445673000,1785153447445676000,1785153447445676000,1785153447445676000,121932490,121652369,-139.121,0.000,0.000,1.000,3.000,0.000,0.000,25.000,0,0,0
B3_zmq_pushpull,zmq_tcp,none,none,,1,10986,512,584,1785153447446534000,1785153447446534000,1785153447446534000,1785153447446535000,1785153447446651000,1785153447446653000,1785153447446653000,1785153447446653000,121932490,121652369,-164.121,0.000,0.000,1.000,2.000,0.000,0.000,25.000,0,0,0
B3_zmq_pushpull,zmq_tcp,none,none,,1,10987,512,584,1785153447447530000,1785153447447530000,1785153447447530000,1785153447447531000,1785153447447632000,1785153447447636000,1785153447447636000,1785153447447636000,121932490,121652369,-179.121,0.000,0.000,1.000,4.000,0.000,0.000,15.000,0,0,0
B3_zmq_pushpull,zmq_tcp,none,none,,1,10988,512,584,1785153447448532000,1785153447448532000,1785153447448532000,1785153447448533000,1785153447448610000,1785153447448613000,1785153447448613000,1785153447448613000,121932490,121652369,-203.121,0.000,0.000,1.000,3.000,0.000,0.000,24.000,0,0,0
B3_zmq_pushpull,zmq_tcp,none,none,,1,10989,512,584,1785153447449532000,1785153447449532000,1785153447449532000,1785153447449533000,1785153447449595000,1785153447449598000,1785153447449598000,1785153447449598000,121932490,121652369,-218.121,0.000,0.000,1.000,3.000,0.000,0.000,15.000,0,0,0
B3_zmq_pushpull,zmq_tcp,none,none,,1,10990,512,584,1785153447450425000,1785153447450425000,1785153447450425000,1785153447450426000,1785153447450579000,1785153447450581000,1785153447450581000,1785153447450581000,121932490,121652369,-127.121,0.000,0.000,1.000,2.000,0.000,0.000,91.000,0,0,0
B3_zmq_pushpull,zmq_tcp,none,none,,1,10991,512,584,1785153447451557000,1785153447451558000,1785153447451558000,1785153447451559000,1785153447451712000,1785153447451721000,1785153447451721000,1785153447451721000,121932490,121652369,-127.121,1.000,0.000,1.000,9.000,0.000,0.000,0.000,0,0,0
B3_zmq_pushpull,zmq_tcp,none,none,,1,10992,512,584,1785153447452529000,1785153447452529000,1785153447452529000,1785153447452530000,1785153447452703000,1785153447452707000,1785153447452707000,1785153447452707000,121932490,121652369,-107.121,0.000,0.000,1.000,4.000,0.000,0.000,20.000,0,0,0
B3_zmq_pushpull,zmq_tcp,none,none,,1,10993,512,584,1785153447453404000,1785153447453404000,1785153447453404000,1785153447453405000,1785153447453560000,1785153447453564000,1785153447453564000,1785153447453564000,121932490,121652369,-125.121,0.000,0.000,1.000,4.000,0.000,0.000,18.000,0,0,0
B3_zmq_pushpull,zmq_tcp,none,none,,1,10994,512,584,1785153447454400000,1785153447454400000,1785153447454400000,1785153447454401000,1785153447454557000,1785153447454560000,1785153447454560000,1785153447454560000,121932490,121652369,-124.121,0.000,0.000,1.000,3.000,0.000,0.000,1.000,0,0,0
B3_zmq_pushpull,zmq_tcp,none,none,,1,10995,512,584,1785153447455407000,1785153447455408000,1785153447455408000,1785153447455409000,1785153447455565000,1785153447455568000,1785153447455568000,1785153447455568000,121932490,121652369,-124.121,1.000,0.000,1.000,3.000,0.000,0.000,0.000,0,0,0
B3_zmq_pushpull,zmq_tcp,none,none,,1,10996,512,584,1785153447456562000,1785153447456562000,1785153447456562000,1785153447456563000,1785153447456701000,1785153447456704000,1785153447456704000,1785153447456704000,121932490,121652369,-142.121,0.000,0.000,1.000,3.000,0.000,0.000,18.000,0,0,0
B3_zmq_pushpull,zmq_tcp,none,none,,1,10997,512,584,1785153447457527000,1785153447457527000,1785153447457527000,1785153447457528000,1785153447457712000,1785153447457715000,1785153447457715000,1785153447457715000,121932490,121652369,-96.121,0.000,0.000,1.000,3.000,0.000,0.000,46.000,0,0,0
B3_zmq_pushpull,zmq_tcp,none,none,,1,10998,512,584,1785153447458532000,1785153447458532000,1785153447458532000,1785153447458533000,1785153447458571000,1785153447458575000,1785153447458575000,1785153447458575000,121932490,121652369,-242.121,0.000,0.000,1.000,4.000,0.000,0.000,146.000,0,0,0
B3_zmq_pushpull,zmq_tcp,none,none,,1,10999,512,584,1785153447459420000,1785153447459420000,1785153447459420000,1785153447459421000,1785153447459565000,1785153447459571000,1785153447459571000,1785153447459571000,121932490,121652369,-136.121,0.000,0.000,1.000,6.000,0.000,0.000,106.000,0,0,0
B3_zmq_pushpull,zmq_tcp,none,none,,1,11000,512,584,1785153447460561000,1785153447460562000,1785153447460562000,1785153447460563000,1785153447460716000,1785153447460718000,1785153447460718000,1785153447460718000,121932490,121652369,-127.121,1.000,0.000,1.000,2.000,0.000,0.000,9.000,0,0,0
B3_zmq_pushpull,zmq_tcp,none,none,,1,11001,512,584,1785153447461522000,1785153447461522000,1785153447461522000,1785153447461523000,1785153447461567000,1785153447461571000,1785153447461571000,1785153447461571000,121932490,121652369,-236.121,0.000,0.000,1.000,4.000,0.000,0.000,109.000,0,0,0
B3_zmq_pushpull,zmq_tcp,none,none,,1,11002,512,584,1785153447462535000,1785153447462535000,1785153447462535000,1785153447462536000,1785153447462577000,1785153447462580000,1785153447462580000,1785153447462580000,121932490,121652369,-239.121,0.000,0.000,1.000,3.000,0.000,0.000,3.000,0,0,0
B3_zmq_pushpull,zmq_tcp,none,none,,1,11003,512,584,1785153447463532000,1785153447463532000,1785153447463532000,1785153447463533000,1785153447463584000,1785153447463587000,1785153447463587000,1785153447463587000,121932490,121652369,-229.121,0.000,0.000,1.000,3.000,0.000,0.000,10.000,0,0,0
B3_zmq_pushpull,zmq_tcp,none,none,,1,11004,512,584,1785153447464532000,1785153447464532000,1785153447464532000,1785153447464533000,1785153447464590000,1785153447464593000,1785153447464594000,1785153447464594000,121932490,121652369,-223.121,0.000,0.000,1.000,3.000,1.000,0.000,6.000,0,0,0
B3_zmq_pushpull,zmq_tcp,none,none,,1,11005,512,584,1785153447465533000,1785153447465533000,1785153447465533000,1785153447465534000,1785153447465717000,1785153447465720000,1785153447465720000,1785153447465720000,121932490,121652369,-97.121,0.000,0.000,1.000,3.000,0.000,0.000,126.000,0,0,0
B3_zmq_pushpull,zmq_tcp,none,none,,1,11006,512,584,1785153447466421000,1785153447466421000,1785153447466421000,1785153447466422000,1785153447466578000,1785153447466581000,1785153447466581000,1785153447466581000,121932490,121652369,-124.121,0.000,0.000,1.000,3.000,0.000,0.000,27.000,0,0,0
B3_zmq_pushpull,zmq_tcp,none,none,,1,11007,512,584,1785153447467560000,1785153447467560000,1785153447467560000,1785153447467561000,1785153447467712000,1785153447467715000,1785153447467715000,1785153447467715000,121932490,121652369,-129.121,0.000,0.000,1.000,3.000,0.000,0.000,5.000,0,0,0
B3_zmq_pushpull,zmq_tcp,none,none,,1,11008,512,584,1785153447468524000,1785153447468524000,1785153447468524000,1785153447468525000,1785153447468577000,1785153447468579000,1785153447468579000,1785153447468579000,121932490,121652369,-228.121,0.000,0.000,1.000,2.000,0.000,0.000,99.000,0,0,0
B3_zmq_pushpull,zmq_tcp,none,none,,1,11009,512,584,1785153447469535000,1785153447469535000,1785153447469535000,1785153447469536000,1785153447469582000,1785153447469585000,1785153447469585000,1785153447469585000,121932490,121652369,-234.121,0.000,0.000,1.000,3.000,0.000,0.000,6.000,0,0,0
B3_zmq_pushpull,zmq_tcp,none,none,,1,11010,512,584,1785153447470533000,1785153447470533000,1785153447470533000,1785153447470534000,1785153447470580000,1785153447470583000,1785153447470583000,1785153447470583000,121932490,121652369,-234.121,0.000,0.000,1.000,3.000,0.000,0.000,0.000,0,0,0
B3_zmq_pushpull,zmq_tcp,none,none,,1,11011,512,584,1785153447471532000,1785153447471532000,1785153447471532000,1785153447471533000,1785153447471600000,1785153447471603000,1785153447471603000,1785153447471603000,121932490,121652369,-213.121,0.000,0.000,1.000,3.000,0.000,0.000,21.000,0,0,0
B3_zmq_pushpull,zmq_tcp,none,none,,1,11012,512,584,1785153447472454000,1785153447472454000,1785153447472454000,1785153447472455000,1785153447472613000,1785153447472616000,1785153447472616000,1785153447472616000,121932490,121652369,-122.121,0.000,0.000,1.000,3.000,0.000,0.000,91.000,0,0,0
B3_zmq_pushpull,zmq_tcp,none,none,,1,11013,512,584,1785153447473447000,1785153447473447000,1785153447473447000,1785153447473448000,1785153447473604000,1785153447473606000,1785153447473606000,1785153447473607000,121932490,121652369,-124.121,0.000,0.000,1.000,2.000,0.000,1.000,2.000,0,0,0
B3_zmq_pushpull,zmq_tcp,none,none,,1,11014,512,584,1785153447474450000,1785153447474450000,1785153447474450000,1785153447474451000,1785153447474600000,1785153447474602000,1785153447474602000,1785153447474602000,121932490,121652369,-131.121,0.000,0.000,1.000,2.000,0.000,0.000,7.000,0,0,0
B3_zmq_pushpull,zmq_tcp,none,none,,1,11015,512,584,1785153447475554000,1785153447475554000,1785153447475554000,1785153447475555000,1785153447475736000,1785153447475739000,1785153447475739000,1785153447475739000,121932490,121652369,-99.121,0.000,0.000,1.000,3.000,0.000,0.000,32.000,0,0,0
B3_zmq_pushpull,zmq_tcp,none,none,,1,11016,512,584,1785153447476523000,1785153447476523000,1785153447476523000,1785153447476524000,1785153447476598000,1785153447476601000,1785153447476601000,1785153447476601000,121932490,121652369,-206.121,0.000,0.000,1.000,3.000,0.000,0.000,107.000,0,0,0
B3_zmq_pushpull,zmq_tcp,none,none,,1,11017,512,584,1785153447477535000,1785153447477536000,1785153447477536000,1785153447477537000,1785153447477601000,1785153447477604000,1785153447477604000,1785153447477604000,121932490,121652369,-216.121,1.000,0.000,1.000,3.000,0.000,0.000,10.000,0,0,0
B3_zmq_pushpull,zmq_tcp,none,none,,1,11018,512,584,1785153447478531000,1785153447478531000,1785153447478531000,1785153447478532000,1785153447478626000,1785153447478629000,1785153447478629000,1785153447478629000,121932490,121652369,-186.121,0.000,0.000,1.000,3.000,0.000,0.000,30.000,0,0,0
B3_zmq_pushpull,zmq_tcp,none,none,,1,11019,512,584,1785153447479534000,1785153447479534000,1785153447479534000,1785153447479535000,1785153447479625000,1785153447479628000,1785153447479628000,1785153447479628000,121932490,121652369,-190.121,0.000,0.000,1.000,3.000,0.000,0.000,4.000,0,0,0
B3_zmq_pushpull,zmq_tcp,none,none,,1,11020,512,584,1785153447480531000,1785153447480531000,1785153447480531000,1785153447480532000,1785153447480617000,1785153447480620000,1785153447480620000,1785153447480620000,121932490,121652369,-195.121,0.000,0.000,1.000,3.000,0.000,0.000,5.000,0,0,0
B3_zmq_pushpull,zmq_tcp,none,none,,1,11021,512,584,1785153447481534000,1785153447481534000,1785153447481534000,1785153447481535000,1785153447481612000,1785153447481614000,1785153447481614000,1785153447481614000,121932490,121652369,-203.121,0.000,0.000,1.000,2.000,0.000,0.000,8.000,0,0,0
B3_zmq_pushpull,zmq_tcp,none,none,,1,11022,512,584,1785153447482532000,1785153447482532000,1785153447482533000,1785153447482534000,1785153447482598000,1785153447482601000,1785153447482601000,1785153447482601000,121932490,121652369,-216.121,0.000,1.000,1.000,3.000,0.000,0.000,13.000,0,0,0
B3_zmq_pushpull,zmq_tcp,none,none,,1,11023,512,584,1785153447483531000,1785153447483531000,1785153447483531000,1785153447483532000,1785153447483597000,1785153447483600000,1785153447483600000,1785153447483600000,121932490,121652369,-215.121,0.000,0.000,1.000,3.000,0.000,0.000,1.000,0,0,0
B3_zmq_pushpull,zmq_tcp,none,none,,1,11024,512,584,1785153447484530000,1785153447484530000,1785153447484530000,1785153447484531000,1785153447484602000,1785153447484605000,1785153447484605000,1785153447484605000,121932490,121652369,-209.121,0.000,0.000,1.000,3.000,0.000,0.000,6.000,0,0,0
B3_zmq_pushpull,zmq_tcp,none,none,,1,11025,512,584,1785153447485535000,1785153447485535000,1785153447485535000,1785153447485536000,1785153447485620000,1785153447485622000,1785153447485623000,1785153447485623000,121932490,121652369,-196.121,0.000,0.000,1.000,2.000,1.000,0.000,13.000,0,0,0
B3_zmq_pushpull,zmq_tcp,none,none,,1,11026,512,584,1785153447486535000,1785153447486535000,1785153447486535000,1785153447486536000,1785153447486640000,1785153447486642000,1785153447486642000,1785153447486642000,121932490,121652369,-176.121,0.000,0.000,1.000,2.000,0.000,0.000,20.000,0,0,0
B3_zmq_pushpull,zmq_tcp,none,none,,1,11027,512,584,1785153447487533000,1785153447487533000,1785153447487533000,1785153447487534000,1785153447487653000,1785153447487656000,1785153447487656000,1785153447487656000,121932490,121652369,-161.121,0.000,0.000,1.000,3.000,0.000,0.000,15.000,0,0,0
B3_zmq_pushpull,zmq_tcp,none,none,,1,11028,512,584,1785153447488532000,1785153447488532000,1785153447488532000,1785153447488533000,1785153447488662000,1785153447488665000,1785153447488665000,1785153447488665000,121932490,121652369,-151.121,0.000,0.000,1.000,3.000,0.000,0.000,10.000,0,0,0
B3_zmq_pushpull,zmq_tcp,none,none,,1,11029,512,584,1785153447489532000,1785153447489532000,1785153447489532000,1785153447489533000,1785153447489658000,1785153447489661000,1785153447489661000,1785153447489661000,121932490,121652369,-155.121,0.000,0.000,1.000,3.000,0.000,0.000,4.000,0,0,0
B3_zmq_pushpull,zmq_tcp,none,none,,1,11030,512,584,1785153447490532000,1785153447490532000,1785153447490532000,1785153447490533000,1785153447490662000,1785153447490665000,1785153447490665000,1785153447490665000,121932490,121652369,-151.121,0.000,0.000,1.000,3.000,0.000,0.000,4.000,0,0,0
B3_zmq_pushpull,zmq_tcp,none,none,,1,11031,512,584,1785153447491531000,1785153447491531000,1785153447491531000,1785153447491532000,1785153447491668000,1785153447491671000,1785153447491671000,1785153447491671000,121932490,121652369,-144.121,0.000,0.000,1.000,3.000,0.000,0.000,7.000,0,0,0
B3_zmq_pushpull,zmq_tcp,none,none,,1,11032,512,584,1785153447492534000,1785153447492534000,1785153447492534000,1785153447492535000,1785153447492686000,1785153447492689000,1785153447492689000,1785153447492689000,121932490,121652369,-129.121,0.000,0.000,1.000,3.000,0.000,0.000,15.000,0,0,0
B3_zmq_pushpull,zmq_tcp,none,none,,1,11033,512,584,1785153447493533000,1785153447493533000,1785153447493533000,1785153447493534000,1785153447493688000,1785153447493690000,1785153447493690000,1785153447493690000,121932490,121652369,-126.121,0.000,0.000,1.000,2.000,0.000,0.000,3.000,0,0,0
B3_zmq_pushpull,zmq_tcp,none,none,,1,11034,512,584,1785153447494530000,1785153447494530000,1785153447494530000,1785153447494531000,1785153447494696000,1785153447494698000,1785153447494698000,1785153447494698000,121932490,121652369,-115.121,0.000,0.000,1.000,2.000,0.000,0.000,11.000,0,0,0
B3_zmq_pushpull,zmq_tcp,none,none,,1,11035,512,584,1785153447495535000,1785153447495535000,1785153447495535000,1785153447495536000,1785153447495710000,1785153447495713000,1785153447495713000,1785153447495713000,121932490,121652369,-106.121,0.000,0.000,1.000,3.000,0.000,0.000,9.000,0,0,0
B3_zmq_pushpull,zmq_tcp,none,none,,1,11036,512,584,1785153447496533000,1785153447496533000,1785153447496533000,1785153447496534000,1785153447496579000,1785153447496583000,1785153447496583000,1785153447496583000,121932490,121652369,-235.121,0.000,0.000,1.000,4.000,0.000,0.000,129.000,0,0,0
B3_zmq_pushpull,zmq_tcp,none,none,,1,11037,512,584,1785153447497532000,1785153447497532000,1785153447497532000,1785153447497533000,1785153447497704000,1785153447497707000,1785153447497707000,1785153447497707000,121932490,121652369,-109.121,0.000,0.000,1.000,3.000,0.000,0.000,126.000,0,0,0
B3_zmq_pushpull,zmq_tcp,none,none,,1,11038,512,584,1785153447498531000,1785153447498531000,1785153447498531000,1785153447498532000,1785153447498700000,1785153447498703000,1785153447498703000,1785153447498703000,121932490,121652369,-112.121,0.000,0.000,1.000,3.000,0.000,0.000,3.000,0,0,0
B3_zmq_pushpull,zmq_tcp,none,none,,1,11039,512,584,1785153447499534000,1785153447499534000,1785153447499534000,1785153447499535000,1785153447499699000,1785153447499701000,1785153447499701000,1785153447499701000,121932490,121652369,-116.121,0.000,0.000,1.000,2.000,0.000,0.000,4.000,0,0,0
B3_zmq_pushpull,zmq_tcp,none,none,,1,11040,512,584,1785153447500536000,1785153447500536000,1785153447500536000,1785153447500537000,1785153447500696000,1785153447500698000,1785153447500698000,1785153447500699000,121932490,121652369,-121.121,0.000,0.000,1.000,2.000,0.000,1.000,5.000,0,0,0
B3_zmq_pushpull,zmq_tcp,none,none,,1,11041,512,584,1785153447501529000,1785153447501529000,1785153447501530000,1785153447501530000,1785153447501708000,1785153447501710000,1785153447501710000,1785153447501710000,121932490,121652369,-102.121,0.000,1.000,0.000,2.000,0.000,0.000,19.000,0,0,0
B3_zmq_pushpull,zmq_tcp,none,none,,1,11042,512,584,1785153447502534000,1785153447502534000,1785153447502534000,1785153447502535000,1785153447502574000,1785153447502578000,1785153447502578000,1785153447502578000,121932490,121652369,-241.121,0.000,0.000,1.000,4.000,0.000,0.000,139.000,0,0,0
B3_zmq_pushpull,zmq_tcp,none,none,,1,11043,512,584,1785153447503428000,1785153447503428000,1785153447503428000,1785153447503429000,1785153447503584000,1785153447503586000,1785153447503586000,1785153447503587000,121932490,121652369,-125.121,0.000,0.000,1.000,2.000,0.000,1.000,116.000,0,0,0
B3_zmq_pushpull,zmq_tcp,none,none,,1,11044,512,584,1785153447504558000,1785153447504559000,1785153447504559000,1785153447504560000,1785153447504701000,1785153447504704000,1785153447504704000,1785153447504704000,121932490,121652369,-139.121,1.000,0.000,1.000,3.000,0.000,0.000,14.000,0,0,0
B3_zmq_pushpull,zmq_tcp,none,none,,1,11045,512,584,1785153447505523000,1785153447505524000,1785153447505524000,1785153447505525000,1785153447505565000,1785153447505570000,1785153447505570000,1785153447505570000,121932490,121652369,-240.121,1.000,0.000,1.000,5.000,0.000,0.000,101.000,0,0,0
B3_zmq_pushpull,zmq_tcp,none,none,,1,11046,512,584,1785153447506535000,1785153447506535000,1785153447506535000,1785153447506536000,1785153447506584000,1785153447506587000,1785153447506587000,1785153447506587000,121932490,121652369,-232.121,0.000,0.000,1.000,3.000,0.000,0.000,8.000,0,0,0
B3_zmq_pushpull,zmq_tcp,none,none,,1,11047,512,584,1785153447507533000,1785153447507533000,1785153447507533000,1785153447507534000,1785153447507588000,1785153447507591000,1785153447507591000,1785153447507591000,121932490,121652369,-226.121,0.000,0.000,1.000,3.000,0.000,0.000,6.000,0,0,0
B3_zmq_pushpull,zmq_tcp,none,none,,1,11048,512,584,1785153447508532000,1785153447508532000,1785153447508533000,1785153447508533000,1785153447508609000,1785153447508612000,1785153447508612000,1785153447508612000,121932490,121652369,-204.121,0.000,1.000,0.000,3.000,0.000,0.000,22.000,0,0,0
B3_zmq_pushpull,zmq_tcp,none,none,,1,11049,512,584,1785153447509458000,1785153447509458000,1785153447509458000,1785153447509459000,1785153447509617000,1785153447509620000,1785153447509620000,1785153447509620000,121932490,121652369,-122.121,0.000,0.000,1.000,3.000,0.000,0.000,82.000,0,0,0
B3_zmq_pushpull,zmq_tcp,none,none,,1,11050,512,584,1785153447510462000,1785153447510462000,1785153447510462000,1785153447510463000,1785153447510616000,1785153447510619000,1785153447510619000,1785153447510619000,121932490,121652369,-127.121,0.000,0.000,1.000,3.000,0.000,0.000,5.000,0,0,0
B3_zmq_pushpull,zmq_tcp,none,none,,1,11051,512,584,1785153447511459000,1785153447511459000,1785153447511459000,1785153447511460000,1785153447511613000,1785153447511616000,1785153447511616000,1785153447511616000,121932490,121652369,-127.121,0.000,0.000,1.000,3.000,0.000,0.000,0.000,0,0,0
B3_zmq_pushpull,zmq_tcp,none,none,,1,11052,512,584,1785153447512552000,1785153447512552000,1785153447512552000,1785153447512553000,1785153447512745000,1785153447512749000,1785153447512749000,1785153447512749000,121932490,121652369,-88.121,0.000,0.000,1.000,4.000,0.000,0.000,39.000,0,0,0
B3_zmq_pushpull,zmq_tcp,none,none,,1,11053,512,584,1785153447513447000,1785153447513447000,1785153447513448000,1785153447513448000,1785153447513608000,1785153447513611000,1785153447513611000,1785153447513611000,121932490,121652369,-120.121,0.000,1.000,0.000,3.000,0.000,0.000,32.000,0,0,0
B3_zmq_pushpull,zmq_tcp,none,none,,1,11054,512,584,1785153447514456000,1785153447514456000,1785153447514456000,1785153447514457000,1785153447514605000,1785153447514608000,1785153447514608000,1785153447514608000,121932490,121652369,-132.121,0.000,0.000,1.000,3.000,0.000,0.000,12.000,0,0,0
B3_zmq_pushpull,zmq_tcp,none,none,,1,11055,512,584,1785153447515553000,1785153447515554000,1785153447515554000,1785153447515555000,1785153447515616000,1785153447515618000,1785153447515618000,1785153447515618000,121932490,121652369,-219.121,1.000,0.000,1.000,2.000,0.000,0.000,87.000,0,0,0
B3_zmq_pushpull,zmq_tcp,none,none,,1,11056,512,584,1785153447516526000,1785153447516526000,1785153447516526000,1785153447516527000,1785153447516628000,1785153447516631000,1785153447516631000,1785153447516631000,121932490,121652369,-179.121,0.000,0.000,1.000,3.000,0.000,0.000,40.000,0,0,0
B3_zmq_pushpull,zmq_tcp,none,none,,1,11057,512,584,1785153447517534000,1785153447517534000,1785153447517534000,1785153447517535000,1785153447517635000,1785153447517637000,1785153447517637000,1785153447517637000,121932490,121652369,-180.121,0.000,0.000,1.000,2.000,0.000,0.000,1.000,0,0,0
B3_zmq_pushpull,zmq_tcp,none,none,,1,11058,512,584,1785153447518532000,1785153447518533000,1785153447518533000,1785153447518534000,1785153447518611000,1785153447518614000,1785153447518614000,1785153447518614000,121932490,121652369,-203.121,1.000,0.000,1.000,3.000,0.000,0.000,23.000,0,0,0
B3_zmq_pushpull,zmq_tcp,none,none,,1,11059,512,584,1785153447519533000,1785153447519533000,1785153447519533000,1785153447519534000,1785153447519613000,1785153447519616000,1785153447519616000,1785153447519616000,121932490,121652369,-201.121,0.000,0.000,1.000,3.000,0.000,0.000,2.000,0,0,0
B3_zmq_pushpull,zmq_tcp,none,none,,1,11060,512,584,1785153447520530000,1785153447520530000,1785153447520530000,1785153447520531000,1785153447520613000,1785153447520616000,1785153447520616000,1785153447520616000,121932490,121652369,-198.121,0.000,0.000,1.000,3.000,0.000,0.000,3.000,0,0,0
B3_zmq_pushpull,zmq_tcp,none,none,,1,11061,512,584,1785153447521534000,1785153447521535000,1785153447521535000,1785153447521536000,1785153447521620000,1785153447521623000,1785153447521623000,1785153447521623000,121932490,121652369,-196.121,1.000,0.000,1.000,3.000,0.000,0.000,2.000,0,0,0
B3_zmq_pushpull,zmq_tcp,none,none,,1,11062,512,584,1785153447522532000,1785153447522533000,1785153447522533000,1785153447522534000,1785153447522624000,1785153447522626000,1785153447522627000,1785153447522627000,121932490,121652369,-190.121,1.000,0.000,1.000,2.000,1.000,0.000,6.000,0,0,0
B3_zmq_pushpull,zmq_tcp,none,none,,1,11063,512,584,1785153447523533000,1785153447523533000,1785153447523533000,1785153447523534000,1785153447523624000,1785153447523627000,1785153447523627000,1785153447523627000,121932490,121652369,-190.121,0.000,0.000,1.000,3.000,0.000,0.000,0.000,0,0,0
B3_zmq_pushpull,zmq_tcp,none,none,,1,11064,512,584,1785153447524530000,1785153447524530000,1785153447524530000,1785153447524531000,1785153447524631000,1785153447524633000,1785153447524633000,1785153447524633000,121932490,121652369,-180.121,0.000,0.000,1.000,2.000,0.000,0.000,10.000,0,0,0
B3_zmq_pushpull,zmq_tcp,none,none,,1,11065,512,584,1785153447525534000,1785153447525534000,1785153447525534000,1785153447525535000,1785153447525627000,1785153447525629000,1785153447525629000,1785153447525629000,121932490,121652369,-188.121,0.000,0.000,1.000,2.000,0.000,0.000,8.000,0,0,0
B3_zmq_pushpull,zmq_tcp,none,none,,1,11066,512,584,1785153447526533000,1785153447526533000,1785153447526533000,1785153447526534000,1785153447526622000,1785153447526624000,1785153447526624000,1785153447526624000,121932490,121652369,-192.121,0.000,0.000,1.000,2.000,0.000,0.000,4.000,0,0,0
B3_zmq_pushpull,zmq_tcp,none,none,,1,11067,512,584,1785153447527534000,1785153447527534000,1785153447527534000,1785153447527535000,1785153447527641000,1785153447527648000,1785153447527648000,1785153447527648000,121932490,121652369,-174.121,0.000,0.000,1.000,7.000,0.000,0.000,18.000,0,0,0
B3_zmq_pushpull,zmq_tcp,none,none,,1,11068,512,584,1785153447528531000,1785153447528531000,1785153447528531000,1785153447528532000,1785153447528649000,1785153447528652000,1785153447528652000,1785153447528652000,121932490,121652369,-163.121,0.000,0.000,1.000,3.000,0.000,0.000,11.000,0,0,0
B3_zmq_pushpull,zmq_tcp,none,none,,1,11069,512,584,1785153447529533000,1785153447529534000,1785153447529534000,1785153447529535000,1785153447529641000,1785153447529644000,1785153447529644000,1785153447529644000,121932490,121652369,-174.121,1.000,0.000,1.000,3.000,0.000,0.000,11.000,0,0,0
B3_zmq_pushpull,zmq_tcp,none,none,,1,11070,512,584,1785153447530534000,1785153447530534000,1785153447530534000,1785153447530535000,1785153447530633000,1785153447530636000,1785153447530636000,1785153447530636000,121932490,121652369,-182.121,0.000,0.000,1.000,3.000,0.000,0.000,8.000,0,0,0
B3_zmq_pushpull,zmq_tcp,none,none,,1,11071,512,584,1785153447531532000,1785153447531533000,1785153447531533000,1785153447531534000,1785153447531621000,1785153447531624000,1785153447531624000,1785153447531624000,121932490,121652369,-193.121,1.000,0.000,1.000,3.000,0.000,0.000,11.000,0,0,0
B3_zmq_pushpull,zmq_tcp,none,none,,1,11072,512,584,1785153447532530000,1785153447532530000,1785153447532530000,1785153447532531000,1785153447532607000,1785153447532609000,1785153447532609000,1785153447532609000,121932490,121652369,-204.121,0.000,0.000,1.000,2.000,0.000,0.000,11.000,0,0,0
B3_zmq_pushpull,zmq_tcp,none,none,,1,11073,512,584,1785153447533536000,1785153447533537000,1785153447533537000,1785153447533538000,1785153447533596000,1785153447533599000,1785153447533599000,1785153447533599000,121932490,121652369,-222.121,1.000,0.000,1.000,3.000,0.000,0.000,18.000,0,0,0
B3_zmq_pushpull,zmq_tcp,none,none,,1,11074,512,584,1785153447534531000,1785153447534531000,1785153447534531000,1785153447534532000,1785153447534592000,1785153447534596000,1785153447534596000,1785153447534596000,121932490,121652369,-220.121,0.000,0.000,1.000,4.000,0.000,0.000,2.000,0,0,0
B3_zmq_pushpull,zmq_tcp,none,none,,1,11075,512,584,1785153447535532000,1785153447535533000,1785153447535533000,1785153447535534000,1785153447535605000,1785153447535608000,1785153447535608000,1785153447535608000,121932490,121652369,-209.121,1.000,0.000,1.000,3.000,0.000,0.000,11.000,0,0,0
B3_zmq_pushpull,zmq_tcp,none,none,,1,11076,512,584,1785153447536530000,1785153447536530000,1785153447536530000,1785153447536531000,1785153447536612000,1785153447536615000,1785153447536615000,1785153447536615000,121932490,121652369,-199.121,0.000,0.000,1.000,3.000,0.000,0.000,10.000,0,0,0
B3_zmq_pushpull,zmq_tcp,none,none,,1,11077,512,584,1785153447537535000,1785153447537535000,1785153447537535000,1785153447537536000,1785153447537624000,1785153447537627000,1785153447537627000,1785153447537627000,121932490,121652369,-192.121,0.000,0.000,1.000,3.000,0.000,0.000,7.000,0,0,0
B3_zmq_pushpull,zmq_tcp,none,none,,1,11078,512,584,1785153447538532000,1785153447538533000,1785153447538533000,1785153447538534000,1785153447538629000,1785153447538632000,1785153447538632000,1785153447538632000,121932490,121652369,-185.121,1.000,0.000,1.000,3.000,0.000,0.000,7.000,0,0,0
B3_zmq_pushpull,zmq_tcp,none,none,,1,11079,512,584,1785153447539533000,1785153447539533000,1785153447539533000,1785153447539534000,1785153447539625000,1785153447539628000,1785153447539628000,1785153447539628000,121932490,121652369,-189.121,0.000,0.000,1.000,3.000,0.000,0.000,4.000,0,0,0
B3_zmq_pushpull,zmq_tcp,none,none,,1,11080,512,584,1785153447540531000,1785153447540531000,1785153447540531000,1785153447540532000,1785153447540617000,1785153447540620000,1785153447540620000,1785153447540620000,121932490,121652369,-195.121,0.000,0.000,1.000,3.000,0.000,0.000,6.000,0,0,0
B3_zmq_pushpull,zmq_tcp,none,none,,1,11081,512,584,1785153447541457000,1785153447541457000,1785153447541457000,1785153447541458000,1785153447541615000,1785153447541617000,1785153447541617000,1785153447541617000,121932490,121652369,-123.121,0.000,0.000,1.000,2.000,0.000,0.000,72.000,0,0,0
B3_zmq_pushpull,zmq_tcp,none,none,,1,11082,512,584,1785153447542453000,1785153447542453000,1785153447542453000,1785153447542454000,1785153447542613000,1785153447542616000,1785153447542616000,1785153447542616000,121932490,121652369,-121.121,0.000,0.000,1.000,3.000,0.000,0.000,2.000,0,0,0
B3_zmq_pushpull,zmq_tcp,none,none,,1,11083,512,584,1785153447543342000,1785153447543342000,1785153447543342000,1785153447543343000,1785153447543485000,1785153447543488000,1785153447543488000,1785153447543488000,121932490,121652369,-138.121,0.000,0.000,1.000,3.000,0.000,0.000,17.000,0,0,0
B3_zmq_pushpull,zmq_tcp,none,none,,1,11084,512,584,1785153447544342000,1785153447544342000,1785153447544342000,1785153447544343000,1785153447544498000,1785153447544501000,1785153447544501000,1785153447544501000,121932490,121652369,-125.121,0.000,0.000,1.000,3.000,0.000,0.000,13.000,0,0,0
B3_zmq_pushpull,zmq_tcp,none,none,,1,11085,512,584,1785153447545340000,1785153447545340000,1785153447545340000,1785153447545341000,1785153447545485000,1785153447545487000,1785153447545487000,1785153447545487000,121932490,121652369,-136.121,0.000,0.000,1.000,2.000,0.000,0.000,11.000,0,0,0
B3_zmq_pushpull,zmq_tcp,none,none,,1,11086,512,584,1785153447546339000,1785153447546339000,1785153447546339000,1785153447546340000,1785153447546481000,1785153447546484000,1785153447546484000,1785153447546484000,121932490,121652369,-139.121,0.000,0.000,1.000,3.000,0.000,0.000,3.000,0,0,0
B3_zmq_pushpull,zmq_tcp,none,none,,1,11087,512,584,1785153447547455000,1785153447547455000,1785153447547455000,1785153447547456000,1785153447547611000,1785153447547614000,1785153447547614000,1785153447547614000,121932490,121652369,-125.121,0.000,0.000,1.000,3.000,0.000,0.000,14.000,0,0,0
B3_zmq_pushpull,zmq_tcp,none,none,,1,11088,512,584,1785153447548553000,1785153447548553000,1785153447548553000,1785153447548554000,1785153447548613000,1785153447548616000,1785153447548616000,1785153447548616000,121932490,121652369,-221.121,0.000,0.000,1.000,3.000,0.000,0.000,96.000,0,0,0
B3_zmq_pushpull,zmq_tcp,none,none,,1,11089,512,584,1785153447549341000,1785153447549341000,1785153447549341000,1785153447549342000,1785153447549485000,1785153447549488000,1785153447549488000,1785153447549488000,121932490,121652369,-137.121,0.000,0.000,1.000,3.000,0.000,0.000,84.000,0,0,0
B3_zmq_pushpull,zmq_tcp,none,none,,1,11090,512,584,1785153447550581000,1785153447550581000,1785153447550581000,1785153447550582000,1785153447550761000,1785153447550764000,1785153447550764000,1785153447550764000,121932490,121652369,-101.121,0.000,0.000,1.000,3.000,0.000,0.000,36.000,0,0,0
B3_zmq_pushpull,zmq_tcp,none,none,,1,11091,512,584,1785153447551453000,1785153447551453000,1785153447551453000,1785153447551454000,1785153447551607000,1785153447551610000,1785153447551610000,1785153447551610000,121932490,121652369,-127.121,0.000,0.000,1.000,3.000,0.000,0.000,26.000,0,0,0
B3_zmq_pushpull,zmq_tcp,none,none,,1,11092,512,584,1785153447552553000,1785153447552553000,1785153447552553000,1785153447552554000,1785153447552603000,1785153447552605000,1785153447552605000,1785153447552605000,121932490,121652369,-231.121,0.000,0.000,1.000,2.000,0.000,0.000,104.000,0,0,0
B3_zmq_pushpull,zmq_tcp,none,none,,1,11093,512,584,1785153447553527000,1785153447553527000,1785153447553527000,1785153447553528000,1785153447553588000,1785153447553591000,1785153447553591000,1785153447553591000,121932490,121652369,-220.121,0.000,0.000,1.000,3.000,0.000,0.000,11.000,0,0,0
B3_zmq_pushpull,zmq_tcp,none,none,,1,11094,512,584,1785153447554535000,1785153447554535000,1785153447554535000,1785153447554536000,1785153447554712000,1785153447554715000,1785153447554715000,1785153447554715000,121932490,121652369,-104.121,0.000,0.000,1.000,3.000,0.000,0.000,116.000,0,0,0
B3_zmq_pushpull,zmq_tcp,none,none,,1,11095,512,584,1785153447555529000,1785153447555529000,1785153447555529000,1785153447555530000,1785153447555585000,1785153447555588000,1785153447555588000,1785153447555588000,121932490,121652369,-225.121,0.000,0.000,1.000,3.000,0.000,0.000,121.000,0,0,0
B3_zmq_pushpull,zmq_tcp,none,none,,1,11096,512,584,1785153447556534000,1785153447556535000,1785153447556535000,1785153447556536000,1785153447556705000,1785153447556709000,1785153447556709000,1785153447556709000,121932490,121652369,-111.121,1.000,0.000,1.000,4.000,0.000,0.000,114.000,0,0,0
B3_zmq_pushpull,zmq_tcp,none,none,,1,11097,512,584,1785153447557422000,1785153447557422000,1785153447557422000,1785153447557423000,1785153447557576000,1785153447557579000,1785153447557579000,1785153447557579000,121932490,121652369,-127.121,0.000,0.000,1.000,3.000,0.000,0.000,16.000,0,0,0
B3_zmq_pushpull,zmq_tcp,none,none,,1,11098,512,584,1785153447558415000,1785153447558415000,1785153447558415000,1785153447558416000,1785153447558571000,1785153447558574000,1785153447558574000,1785153447558574000,121932490,121652369,-125.121,0.000,0.000,1.000,3.000,0.000,0.000,2.000,0,0,0
B3_zmq_pushpull,zmq_tcp,none,none,,1,11099,512,584,1785153447559559000,1785153447559560000,1785153447559560000,1785153447559561000,1785153447559707000,1785153447559709000,1785153447559709000,1785153447559709000,121932490,121652369,-134.121,1.000,0.000,1.000,2.000,0.000,0.000,9.000,0,0,0
B3_zmq_pushpull,zmq_tcp,none,none,,1,11100,512,584,1785153447560526000,1785153447560526000,1785153447560526000,1785153447560527000,1785153447560570000,1785153447560573000,1785153447560573000,1785153447560573000,121932490,121652369,-237.121,0.000,0.000,1.000,3.000,0.000,0.000,103.000,0,0,0
B3_zmq_pushpull,zmq_tcp,none,none,,1,11101,512,584,1785153447561534000,1785153447561534000,1785153447561534000,1785153447561535000,1785153447561723000,1785153447561726000,1785153447561726000,1785153447561726000,121932490,121652369,-92.121,0.000,0.000,1.000,3.000,0.000,0.000,145.000,0,0,0
B3_zmq_pushpull,zmq_tcp,none,none,,1,11102,512,584,1785153447562437000,1785153447562437000,1785153447562438000,1785153447562439000,1785153447562588000,1785153447562591000,1785153447562591000,1785153447562591000,121932490,121652369,-131.121,0.000,1.000,1.000,3.000,0.000,0.000,39.000,0,0,0
B3_zmq_pushpull,zmq_tcp,none,none,,1,11103,512,584,1785153447563435000,1785153447563435000,1785153447563435000,1785153447563436000,1785153447563596000,1785153447563599000,1785153447563599000,1785153447563599000,121932490,121652369,-120.121,0.000,0.000,1.000,3.000,0.000,0.000,11.000,0,0,0
B3_zmq_pushpull,zmq_tcp,none,none,,1,11104,512,584,1785153447564558000,1785153447564558000,1785153447564558000,1785153447564559000,1785153447564739000,1785153447564741000,1785153447564741000,1785153447564741000,121932490,121652369,-100.121,0.000,0.000,1.000,2.000,0.000,0.000,20.000,0,0,0
B3_zmq_pushpull,zmq_tcp,none,none,,1,11105,512,584,1785153447565524000,1785153447565524000,1785153447565524000,1785153447565525000,1785153447565603000,1785153447565605000,1785153447565606000,1785153447565606000,121932490,121652369,-202.121,0.000,0.000,1.000,2.000,1.000,0.000,102.000,0,0,0
B3_zmq_pushpull,zmq_tcp,none,none,,1,11106,512,584,1785153447566535000,1785153447566535000,1785153447566536000,1785153447566536000,1785153447566608000,1785153447566611000,1785153447566611000,1785153447566611000,121932490,121652369,-208.121,0.000,1.000,0.000,3.000,0.000,0.000,6.000,0,0,0
B3_zmq_pushpull,zmq_tcp,none,none,,1,11107,512,584,1785153447567533000,1785153447567533000,1785153447567533000,1785153447567534000,1785153447567586000,1785153447567588000,1785153447567588000,1785153447567588000,121932490,121652369,-228.121,0.000,0.000,1.000,2.000,0.000,0.000,20.000,0,0,0
B3_zmq_pushpull,zmq_tcp,none,none,,1,11108,512,584,1785153447568533000,1785153447568534000,1785153447568534000,1785153447568535000,1785153447568590000,1785153447568593000,1785153447568593000,1785153447568593000,121932490,121652369,-225.121,1.000,0.000,1.000,3.000,0.000,0.000,3.000,0,0,0
B3_zmq_pushpull,zmq_tcp,none,none,,1,11109,512,584,1785153447569529000,1785153447569529000,1785153447569529000,1785153447569530000,1785153447569593000,1785153447569597000,1785153447569597000,1785153447569597000,121932490,121652369,-217.121,0.000,0.000,1.000,4.000,0.000,0.000,8.000,0,0,0
B3_zmq_pushpull,zmq_tcp,none,none,,1,11110,512,584,1785153447570535000,1785153447570535000,1785153447570535000,1785153447570536000,1785153447570720000,1785153447570723000,1785153447570723000,1785153447570723000,121932490,121652369,-96.121,0.000,0.000,1.000,3.000,0.000,0.000,121.000,0,0,0
B3_zmq_pushpull,zmq_tcp,none,none,,1,11111,512,584,1785153447571425000,1785153447571425000,1785153447571425000,1785153447571426000,1785153447571584000,1785153447571587000,1785153447571587000,1785153447571587000,121932490,121652369,-122.121,0.000,0.000,1.000,3.000,0.000,0.000,26.000,0,0,0
B3_zmq_pushpull,zmq_tcp,none,none,,1,11112,512,584,1785153447572560000,1785153447572560000,1785153447572560000,1785153447572561000,1785153447572742000,1785153447572745000,1785153447572745000,1785153447572745000,121932490,121652369,-99.121,0.000,0.000,1.000,3.000,0.000,0.000,23.000,0,0,0
B3_zmq_pushpull,zmq_tcp,none,none,,1,11113,512,584,1785153447573523000,1785153447573523000,1785153447573523000,1785153447573524000,1785153447573580000,1785153447573583000,1785153447573583000,1785153447573583000,121932490,121652369,-224.121,0.000,0.000,1.000,3.000,0.000,0.000,125.000,0,0,0
B3_zmq_pushpull,zmq_tcp,none,none,,1,11114,512,584,1785153447574535000,1785153447574536000,1785153447574536000,1785153447574537000,1785153447574577000,1785153447574580000,1785153447574580000,1785153447574581000,121932490,121652369,-240.121,1.000,0.000,1.000,3.000,0.000,1.000,16.000,0,0,0
B3_zmq_pushpull,zmq_tcp,none,none,,1,11115,512,584,1785153447575533000,1785153447575533000,1785153447575533000,1785153447575534000,1785153447575595000,1785153447575598000,1785153447575598000,1785153447575598000,121932490,121652369,-219.121,0.000,0.000,1.000,3.000,0.000,0.000,21.000,0,0,0
B3_zmq_pushpull,zmq_tcp,none,none,,1,11116,512,584,1785153447576535000,1785153447576535000,1785153447576535000,1785153447576537000,1785153447576605000,1785153447576608000,1785153447576608000,1785153447576608000,121932490,121652369,-212.121,0.000,0.000,2.000,3.000,0.000,0.000,7.000,0,0,0
B3_zmq_pushpull,zmq_tcp,none,none,,1,11117,512,584,1785153447577529000,1785153447577529000,1785153447577529000,1785153447577530000,1785153447577622000,1785153447577624000,1785153447577624000,1785153447577624000,121932490,121652369,-188.121,0.000,0.000,1.000,2.000,0.000,0.000,24.000,0,0,0
B3_zmq_pushpull,zmq_tcp,none,none,,1,11118,512,584,1785153447578534000,1785153447578535000,1785153447578535000,1785153447578536000,1785153447578642000,1785153447578645000,1785153447578645000,1785153447578645000,121932490,121652369,-174.121,1.000,0.000,1.000,3.000,0.000,0.000,14.000,0,0,0
B3_zmq_pushpull,zmq_tcp,none,none,,1,11119,512,584,1785153447579532000,1785153447579533000,1785153447579533000,1785153447579534000,1785153447579650000,1785153447579652000,1785153447579652000,1785153447579652000,121932490,121652369,-164.121,1.000,0.000,1.000,2.000,0.000,0.000,10.000,0,0,0
B3_zmq_pushpull,zmq_tcp,none,none,,1,11120,512,584,1785153447580532000,1785153447580533000,1785153447580533000,1785153447580534000,1785153447580655000,1785153447580658000,1785153447580658000,1785153447580658000,121932490,121652369,-159.121,1.000,0.000,1.000,3.000,0.000,0.000,5.000,0,0,0
B3_zmq_pushpull,zmq_tcp,none,none,,1,11121,512,584,1785153447581530000,1785153447581530000,1785153447581530000,1785153447581531000,1785153447581659000,1785153447581661000,1785153447581662000,1785153447581662000,121932490,121652369,-152.121,0.000,0.000,1.000,2.000,1.000,0.000,7.000,0,0,0
B3_zmq_pushpull,zmq_tcp,none,none,,1,11122,512,584,1785153447582534000,1785153447582534000,1785153447582534000,1785153447582535000,1785153447582666000,1785153447582668000,1785153447582668000,1785153447582668000,121932490,121652369,-149.121,0.000,0.000,1.000,2.000,0.000,0.000,3.000,0,0,0
B3_zmq_pushpull,zmq_tcp,none,none,,1,11123,512,584,1785153447583533000,1785153447583533000,1785153447583533000,1785153447583534000,1785153447583682000,1785153447583684000,1785153447583684000,1785153447583684000,121932490,121652369,-132.121,0.000,0.000,1.000,2.000,0.000,0.000,17.000,0,0,0
B3_zmq_pushpull,zmq_tcp,none,none,,1,11124,512,584,1785153447584533000,1785153447584533000,1785153447584533000,1785153447584534000,1785153447584691000,1785153447584694000,1785153447584694000,1785153447584694000,121932490,121652369,-123.121,0.000,0.000,1.000,3.000,0.000,0.000,9.000,0,0,0
B3_zmq_pushpull,zmq_tcp,none,none,,1,11125,512,584,1785153447585530000,1785153447585530000,1785153447585530000,1785153447585531000,1785153447585682000,1785153447585684000,1785153447585684000,1785153447585684000,121932490,121652369,-129.121,0.000,0.000,1.000,2.000,0.000,0.000,6.000,0,0,0
B3_zmq_pushpull,zmq_tcp,none,none,,1,11126,512,584,1785153447586534000,1785153447586534000,1785153447586534000,1785153447586535000,1785153447586694000,1785153447586697000,1785153447586697000,1785153447586697000,121932490,121652369,-121.121,0.000,0.000,1.000,3.000,0.000,0.000,8.000,0,0,0
B3_zmq_pushpull,zmq_tcp,none,none,,1,11127,512,584,1785153447587533000,1785153447587533000,1785153447587533000,1785153447587534000,1785153447587671000,1785153447587674000,1785153447587674000,1785153447587674000,121932490,121652369,-143.121,0.000,0.000,1.000,3.000,0.000,0.000,22.000,0,0,0
B3_zmq_pushpull,zmq_tcp,none,none,,1,11128,512,584,1785153447588533000,1785153447588533000,1785153447588533000,1785153447588534000,1785153447588668000,1785153447588671000,1785153447588671000,1785153447588671000,121932490,121652369,-146.121,0.000,0.000,1.000,3.000,0.000,0.000,3.000,0,0,0
B3_zmq_pushpull,zmq_tcp,none,none,,1,11129,512,584,1785153447589530000,1785153447589530000,1785153447589530000,1785153447589531000,1785153447589676000,1785153447589680000,1785153447589680000,1785153447589680000,121932490,121652369,-135.121,0.000,0.000,1.000,4.000,0.000,0.000,11.000,0,0,0
B3_zmq_pushpull,zmq_tcp,none,none,,1,11130,512,584,1785153447590386000,1785153447590386000,1785153447590386000,1785153447590387000,1785153447590544000,1785153447590547000,1785153447590547000,1785153447590547000,121932490,121652369,-123.121,0.000,0.000,1.000,3.000,0.000,0.000,12.000,0,0,0
B3_zmq_pushpull,zmq_tcp,none,none,,1,11131,512,584,1785153447591570000,1785153447591570000,1785153447591570000,1785153447591571000,1785153447591700000,1785153447591703000,1785153447591703000,1785153447591703000,121932490,121652369,-151.121,0.000,0.000,1.000,3.000,0.000,0.000,28.000,0,0,0
B3_zmq_pushpull,zmq_tcp,none,none,,1,11132,512,584,1785153447592521000,1785153447592521000,1785153447592521000,1785153447592522000,1785153447592693000,1785153447592696000,1785153447592696000,1785153447592696000,121932490,121652369,-109.121,0.000,0.000,1.000,3.000,0.000,0.000,42.000,0,0,0
B3_zmq_pushpull,zmq_tcp,none,none,,1,11133,512,584,1785153447593408000,1785153447593408000,1785153447593408000,1785153447593409000,1785153447593564000,1785153447593567000,1785153447593567000,1785153447593567000,121932490,121652369,-125.121,0.000,0.000,1.000,3.000,0.000,0.000,16.000,0,0,0
B3_zmq_pushpull,zmq_tcp,none,none,,1,11134,512,584,1785153447594564000,1785153447594564000,1785153447594564000,1785153447594565000,1785153447594714000,1785153447594716000,1785153447594716000,1785153447594716000,121932490,121652369,-131.121,0.000,0.000,1.000,2.000,0.000,0.000,6.000,0,0,0
B3_zmq_pushpull,zmq_tcp,none,none,,1,11135,512,584,1785153447595525000,1785153447595525000,1785153447595525000,1785153447595526000,1785153447595577000,1785153447595580000,1785153447595580000,1785153447595580000,121932490,121652369,-229.121,0.000,0.000,1.000,3.000,0.000,0.000,98.000,0,0,0
B3_zmq_pushpull,zmq_tcp,none,none,,1,11136,512,584,1785153447596531000,1785153447596532000,1785153447596532000,1785153447596533000,1785153447596588000,1785153447596591000,1785153447596591000,1785153447596591000,121932490,121652369,-225.121,1.000,0.000,1.000,3.000,0.000,0.000,4.000,0,0,0
B3_zmq_pushpull,zmq_tcp,none,none,,1,11137,512,584,1785153447597533000,1785153447597533000,1785153447597533000,1785153447597534000,1785153447597584000,1785153447597587000,1785153447597587000,1785153447597587000,121932490,121652369,-230.121,0.000,0.000,1.000,3.000,0.000,0.000,5.000,0,0,0
B3_zmq_pushpull,zmq_tcp,none,none,,1,11138,512,584,1785153447598534000,1785153447598534000,1785153447598534000,1785153447598535000,1785153447598597000,1785153447598600000,1785153447598600000,1785153447598600000,121932490,121652369,-218.121,0.000,0.000,1.000,3.000,0.000,0.000,12.000,0,0,0
B3_zmq_pushpull,zmq_tcp,none,none,,1,11139,512,584,1785153447599531000,1785153447599532000,1785153447599532000,1785153447599533000,1785153447599611000,1785153447599614000,1785153447599614000,1785153447599614000,121932490,121652369,-202.121,1.000,0.000,1.000,3.000,0.000,0.000,16.000,0,0,0
B3_zmq_pushpull,zmq_tcp,none,none,,1,11140,512,584,1785153447600533000,1785153447600533000,1785153447600533000,1785153447600534000,1785153447600612000,1785153447600615000,1785153447600615000,1785153447600615000,121932490,121652369,-202.121,0.000,0.000,1.000,3.000,0.000,0.000,0.000,0,0,0
B3_zmq_pushpull,zmq_tcp,none,none,,1,11141,512,584,1785153447601533000,1785153447601533000,1785153447601533000,1785153447601534000,1785153447601616000,1785153447601619000,1785153447601619000,1785153447601619000,121932490,121652369,-198.121,0.000,0.000,1.000,3.000,0.000,0.000,4.000,0,0,0
B3_zmq_pushpull,zmq_tcp,none,none,,1,11142,512,584,1785153447602533000,1785153447602533000,1785153447602533000,1785153447602534000,1785153447602615000,1785153447602618000,1785153447602618000,1785153447602618000,121932490,121652369,-199.121,0.000,0.000,1.000,3.000,0.000,0.000,1.000,0,0,0
B3_zmq_pushpull,zmq_tcp,none,none,,1,11143,512,584,1785153447603530000,1785153447603530000,1785153447603530000,1785153447603531000,1785153447603620000,1785153447603623000,1785153447603623000,1785153447603623000,121932490,121652369,-191.121,0.000,0.000,1.000,3.000,0.000,0.000,8.000,0,0,0
B3_zmq_pushpull,zmq_tcp,none,none,,1,11144,512,584,1785153447604536000,1785153447604536000,1785153447604536000,1785153447604537000,1785153447604638000,1785153447604640000,1785153447604640000,1785153447604640000,121932490,121652369,-179.121,0.000,0.000,1.000,2.000,0.000,0.000,12.000,0,0,0
B3_zmq_pushpull,zmq_tcp,none,none,,1,11145,512,584,1785153447605534000,1785153447605534000,1785153447605535000,1785153447605535000,1785153447605639000,1785153447605643000,1785153447605643000,1785153447605643000,121932490,121652369,-176.121,0.000,1.000,0.000,4.000,0.000,0.000,3.000,0,0,0
B3_zmq_pushpull,zmq_tcp,none,none,,1,11146,512,584,1785153447606341000,1785153447606341000,1785153447606341000,1785153447606342000,1785153447606486000,1785153447606488000,1785153447606488000,1785153447606488000,121932490,121652369,-136.121,0.000,0.000,1.000,2.000,0.000,0.000,40.000,0,0,0
B3_zmq_pushpull,zmq_tcp,none,none,,1,11147,512,584,1785153447607339000,1785153447607339000,1785153447607339000,1785153447607340000,1785153447607482000,1785153447607486000,1785153447607486000,1785153447607486000,121932490,121652369,-138.121,0.000,0.000,1.000,4.000,0.000,0.000,2.000,0,0,0
B3_zmq_pushpull,zmq_tcp,none,none,,1,11148,512,584,1785153447608341000,1785153447608341000,1785153447608341000,1785153447608342000,1785153447608482000,1785153447608484000,1785153447608484000,1785153447608484000,121932490,121652369,-140.121,0.000,0.000,1.000,2.000,0.000,0.000,2.000,0,0,0
B3_zmq_pushpull,zmq_tcp,none,none,,1,11149,512,584,1785153447609337000,1785153447609337000,1785153447609337000,1785153447609338000,1785153447609478000,1785153447609481000,1785153447609481000,1785153447609481000,121932490,121652369,-140.121,0.000,0.000,1.000,3.000,0.000,0.000,0.000,0,0,0
B3_zmq_pushpull,zmq_tcp,none,none,,1,11150,512,584,1785153447610579000,1785153447610579000,1785153447610579000,1785153447610580000,1785153447610622000,1785153447610625000,1785153447610625000,1785153447610625000,121932490,121652369,-238.121,0.000,0.000,1.000,3.000,0.000,0.000,98.000,0,0,0
B3_zmq_pushpull,zmq_tcp,none,none,,1,11151,512,584,1785153447611522000,1785153447611522000,1785153447611522000,1785153447611523000,1785153447611638000,1785153447611640000,1785153447611640000,1785153447611640000,121932490,121652369,-165.121,0.000,0.000,1.000,2.000,0.000,0.000,73.000,0,0,0
B3_zmq_pushpull,zmq_tcp,none,none,,1,11152,512,584,1785153447612538000,1785153447612538000,1785153447612538000,1785153447612539000,1785153447612642000,1785153447612645000,1785153447612645000,1785153447612645000,121932490,121652369,-177.121,0.000,0.000,1.000,3.000,0.000,0.000,12.000,0,0,0
B3_zmq_pushpull,zmq_tcp,none,none,,1,11153,512,584,1785153447613527000,1785153447613527000,1785153447613527000,1785153447613528000,1785153447613658000,1785153447613661000,1785153447613661000,1785153447613661000,121932490,121652369,-150.121,0.000,0.000,1.000,3.000,0.000,0.000,27.000,0,0,0
B3_zmq_pushpull,zmq_tcp,none,none,,1,11154,512,584,1785153447614534000,1785153447614534000,1785153447614534000,1785153447614535000,1785153447614650000,1785153447614653000,1785153447614653000,1785153447614653000,121932490,121652369,-165.121,0.000,0.000,1.000,3.000,0.000,0.000,15.000,0,0,0
B3_zmq_pushpull,zmq_tcp,none,none,,1,11155,512,584,1785153447615533000,1785153447615533000,1785153447615533000,1785153447615534000,1785153447615656000,1785153447615659000,1785153447615659000,1785153447615659000,121932490,121652369,-158.121,0.000,0.000,1.000,3.000,0.000,0.000,7.000,0,0,0
B3_zmq_pushpull,zmq_tcp,none,none,,1,11156,512,584,1785153447616533000,1785153447616534000,1785153447616534000,1785153447616535000,1785153447616647000,1785153447616650000,1785153447616650000,1785153447616650000,121932490,121652369,-168.121,1.000,0.000,1.000,3.000,0.000,0.000,10.000,0,0,0
B3_zmq_pushpull,zmq_tcp,none,none,,1,11157,512,584,1785153447617532000,1785153447617532000,1785153447617532000,1785153447617533000,1785153447617648000,1785153447617651000,1785153447617651000,1785153447617651000,121932490,121652369,-165.121,0.000,0.000,1.000,3.000,0.000,0.000,3.000,0,0,0
B3_zmq_pushpull,zmq_tcp,none,none,,1,11158,512,584,1785153447618533000,1785153447618533000,1785153447618533000,1785153447618534000,1785153447618654000,1785153447618656000,1785153447618656000,1785153447618656000,121932490,121652369,-160.121,0.000,0.000,1.000,2.000,0.000,0.000,5.000,0,0,0
B3_zmq_pushpull,zmq_tcp,none,none,,1,11159,512,584,1785153447619532000,1785153447619533000,1785153447619533000,1785153447619534000,1785153447619645000,1785153447619648000,1785153447619648000,1785153447619648000,121932490,121652369,-169.121,1.000,0.000,1.000,3.000,0.000,0.000,9.000,0,0,0
B3_zmq_pushpull,zmq_tcp,none,none,,1,11160,512,584,1785153447620532000,1785153447620532000,1785153447620532000,1785153447620533000,1785153447620624000,1785153447620626000,1785153447620626000,1785153447620626000,121932490,121652369,-189.121,0.000,0.000,1.000,2.000,0.000,0.000,20.000,0,0,0
B3_zmq_pushpull,zmq_tcp,none,none,,1,11161,512,584,1785153447621533000,1785153447621533000,1785153447621533000,1785153447621534000,1785153447621605000,1785153447621608000,1785153447621608000,1785153447621608000,121932490,121652369,-209.121,0.000,0.000,1.000,3.000,0.000,0.000,20.000,0,0,0
B3_zmq_pushpull,zmq_tcp,none,none,,1,11162,512,584,1785153447622532000,1785153447622532000,1785153447622532000,1785153447622533000,1785153447622702000,1785153447622705000,1785153447622705000,1785153447622705000,121932490,121652369,-111.121,0.000,0.000,1.000,3.000,0.000,0.000,98.000,0,0,0
B3_zmq_pushpull,zmq_tcp,none,none,,1,11163,512,584,1785153447623532000,1785153447623532000,1785153447623532000,1785153447623533000,1785153447623662000,1785153447623665000,1785153447623665000,1785153447623665000,121932490,121652369,-151.121,0.000,0.000,1.000,3.000,0.000,0.000,40.000,0,0,0
B3_zmq_pushpull,zmq_tcp,none,none,,1,11164,512,584,1785153447624532000,1785153447624533000,1785153447624533000,1785153447624534000,1785153447624641000,1785153447624643000,1785153447624643000,1785153447624643000,121932490,121652369,-173.121,1.000,0.000,1.000,2.000,0.000,0.000,22.000,0,0,0
B3_zmq_pushpull,zmq_tcp,none,none,,1,11165,512,584,1785153447625529000,1785153447625529000,1785153447625529000,1785153447625530000,1785153447625621000,1785153447625623000,1785153447625623000,1785153447625623000,121932490,121652369,-189.121,0.000,0.000,1.000,2.000,0.000,0.000,16.000,0,0,0
B3_zmq_pushpull,zmq_tcp,none,none,,1,11166,512,584,1785153447626533000,1785153447626533000,1785153447626533000,1785153447626534000,1785153447626602000,1785153447626605000,1785153447626605000,1785153447626605000,121932490,121652369,-212.121,0.000,0.000,1.000,3.000,0.000,0.000,23.000,0,0,0
B3_zmq_pushpull,zmq_tcp,none,none,,1,11167,512,584,1785153447627532000,1785153447627532000,1785153447627532000,1785153447627533000,1785153447627692000,1785153447627694000,1785153447627694000,1785153447627694000,121932490,121652369,-121.121,0.000,0.000,1.000,2.000,0.000,0.000,91.000,0,0,0
B3_zmq_pushpull,zmq_tcp,none,none,,1,11168,512,584,1785153447628532000,1785153447628532000,1785153447628532000,1785153447628533000,1785153447628684000,1785153447628687000,1785153447628687000,1785153447628687000,121932490,121652369,-129.121,0.000,0.000,1.000,3.000,0.000,0.000,8.000,0,0,0
B3_zmq_pushpull,zmq_tcp,none,none,,1,11169,512,584,1785153447629529000,1785153447629529000,1785153447629529000,1785153447629530000,1785153447629644000,1785153447629646000,1785153447629646000,1785153447629646000,121932490,121652369,-166.121,0.000,0.000,1.000,2.000,0.000,0.000,37.000,0,0,0
B3_zmq_pushpull,zmq_tcp,none,none,,1,11170,512,584,1785153447630534000,1785153447630534000,1785153447630534000,1785153447630535000,1785153447630621000,1785153447630624000,1785153447630624000,1785153447630624000,121932490,121652369,-194.121,0.000,0.000,1.000,3.000,0.000,0.000,28.000,0,0,0
B3_zmq_pushpull,zmq_tcp,none,none,,1,11171,512,584,1785153447631532000,1785153447631532000,1785153447631532000,1785153447631533000,1785153447631602000,1785153447631605000,1785153447631605000,1785153447631605000,121932490,121652369,-211.121,0.000,0.000,1.000,3.000,0.000,0.000,17.000,0,0,0
B3_zmq_pushpull,zmq_tcp,none,none,,1,11172,512,584,1785153447632532000,1785153447632532000,1785153447632532000,1785153447632533000,1785153447632720000,1785153447632722000,1785153447632722000,1785153447632722000,121932490,121652369,-93.121,0.000,0.000,1.000,2.000,0.000,0.000,118.000,0,0,0
B3_zmq_pushpull,zmq_tcp,none,none,,1,11173,512,584,1785153447633530000,1785153447633531000,1785153447633531000,1785153447633532000,1785153447633690000,1785153447633693000,1785153447633693000,1785153447633693000,121932490,121652369,-122.121,1.000,0.000,1.000,3.000,0.000,0.000,29.000,0,0,0
B3_zmq_pushpull,zmq_tcp,none,none,,1,11174,512,584,1785153447634533000,1785153447634533000,1785153447634533000,1785153447634534000,1785153447634676000,1785153447634678000,1785153447634678000,1785153447634678000,121932490,121652369,-138.121,0.000,0.000,1.000,2.000,0.000,0.000,16.000,0,0,0
B3_zmq_pushpull,zmq_tcp,none,none,,1,11175,512,584,1785153447635532000,1785153447635532000,1785153447635532000,1785153447635533000,1785153447635637000,1785153447635641000,1785153447635641000,1785153447635641000,121932490,121652369,-176.121,0.000,0.000,1.000,4.000,0.000,0.000,38.000,0,0,0
B3_zmq_pushpull,zmq_tcp,none,none,,1,11176,512,584,1785153447636340000,1785153447636340000,1785153447636340000,1785153447636341000,1785153447636480000,1785153447636482000,1785153447636482000,1785153447636482000,121932490,121652369,-141.121,0.000,0.000,1.000,2.000,0.000,0.000,35.000,0,0,0
B3_zmq_pushpull,zmq_tcp,none,none,,1,11177,512,584,1785153447637456000,1785153447637456000,1785153447637456000,1785153447637457000,1785153447637608000,1785153447637610000,1785153447637610000,1785153447637610000,121932490,121652369,-129.121,0.000,0.000,1.000,2.000,0.000,0.000,12.000,0,0,0
B3_zmq_pushpull,zmq_tcp,none,none,,1,11178,512,584,1785153447638442000,1785153447638442000,1785153447638442000,1785153447638443000,1785153447638602000,1785153447638605000,1785153447638605000,1785153447638605000,121932490,121652369,-121.121,0.000,0.000,1.000,3.000,0.000,0.000,8.000,0,0,0
B3_zmq_pushpull,zmq_tcp,none,none,,1,11179,512,584,1785153447639557000,1785153447639557000,1785153447639557000,1785153447639558000,1785153447639734000,1785153447639739000,1785153447639739000,1785153447639739000,121932490,121652369,-104.121,0.000,0.000,1.000,5.000,0.000,0.000,17.000,0,0,0
B3_zmq_pushpull,zmq_tcp,none,none,,1,11180,512,584,1785153447640525000,1785153447640525000,1785153447640525000,1785153447640526000,1785153447640710000,1785153447640713000,1785153447640713000,1785153447640713000,121932490,121652369,-96.121,0.000,0.000,1.000,3.000,0.000,0.000,8.000,0,0,0
B3_zmq_pushpull,zmq_tcp,none,none,,1,11181,512,584,1785153447641537000,1785153447641537000,1785153447641537000,1785153447641538000,1785153447641708000,1785153447641710000,1785153447641710000,1785153447641710000,121932490,121652369,-110.121,0.000,0.000,1.000,2.000,0.000,0.000,14.000,0,0,0
B3_zmq_pushpull,zmq_tcp,none,none,,1,11182,512,584,1785153447642531000,1785153447642531000,1785153447642531000,1785153447642532000,1785153447642689000,1785153447642694000,1785153447642694000,1785153447642694000,121932490,121652369,-123.121,0.000,0.000,1.000,5.000,0.000,0.000,13.000,0,0,0
B3_zmq_pushpull,zmq_tcp,none,none,,1,11183,512,584,1785153447643532000,1785153447643532000,1785153447643532000,1785153447643533000,1785153447643657000,1785153447643660000,1785153447643660000,1785153447643660000,121932490,121652369,-156.121,0.000,0.000,1.000,3.000,0.000,0.000,33.000,0,0,0
B3_zmq_pushpull,zmq_tcp,none,none,,1,11184,512,584,1785153447644530000,1785153447644530000,1785153447644530000,1785153447644531000,1785153447644636000,1785153447644638000,1785153447644638000,1785153447644638000,121932490,121652369,-175.121,0.000,0.000,1.000,2.000,0.000,0.000,19.000,0,0,0
B3_zmq_pushpull,zmq_tcp,none,none,,1,11185,512,584,1785153447645538000,1785153447645539000,1785153447645539000,1785153447645540000,1785153447645634000,1785153447645643000,1785153447645643000,1785153447645643000,121932490,121652369,-186.121,1.000,0.000,1.000,9.000,0.000,0.000,11.000,0,0,0
B3_zmq_pushpull,zmq_tcp,none,none,,1,11186,512,584,1785153447646531000,1785153447646531000,1785153447646531000,1785153447646532000,1785153447646628000,1785153447646631000,1785153447646631000,1785153447646631000,121932490,121652369,-184.121,0.000,0.000,1.000,3.000,0.000,0.000,2.000,0,0,0
B3_zmq_pushpull,zmq_tcp,none,none,,1,11187,512,584,1785153447647450000,1785153447647450000,1785153447647450000,1785153447647451000,1785153447647610000,1785153447647613000,1785153447647613000,1785153447647613000,121932490,121652369,-121.121,0.000,0.000,1.000,3.000,0.000,0.000,63.000,0,0,0
B3_zmq_pushpull,zmq_tcp,none,none,,1,11188,512,584,1785153447648552000,1785153447648552000,1785153447648552000,1785153447648553000,1785153447648733000,1785153447648736000,1785153447648736000,1785153447648736000,121932490,121652369,-100.121,0.000,0.000,1.000,3.000,0.000,0.000,21.000,0,0,0
B3_zmq_pushpull,zmq_tcp,none,none,,1,11189,512,584,1785153447649528000,1785153447649528000,1785153447649528000,1785153447649529000,1785153447649700000,1785153447649702000,1785153447649702000,1785153447649702000,121932490,121652369,-109.121,0.000,0.000,1.000,2.000,0.000,0.000,9.000,0,0,0
B3_zmq_pushpull,zmq_tcp,none,none,,1,11190,512,584,1785153447650387000,1785153447650387000,1785153447650387000,1785153447650388000,1785153447650540000,1785153447650542000,1785153447650542000,1785153447650542000,121932490,121652369,-128.121,0.000,0.000,1.000,2.000,0.000,0.000,19.000,0,0,0
B3_zmq_pushpull,zmq_tcp,none,none,,1,11191,512,584,1785153447651377000,1785153447651377000,1785153447651377000,1785153447651378000,1785153447651530000,1785153447651533000,1785153447651533000,1785153447651533000,121932490,121652369,-128.121,0.000,0.000,1.000,3.000,0.000,0.000,0.000,0,0,0
B3_zmq_pushpull,zmq_tcp,none,none,,1,11192,512,584,1785153447652371000,1785153447652372000,1785153447652372000,1785153447652373000,1785153447652520000,1785153447652522000,1785153447652522000,1785153447652522000,121932490,121652369,-133.121,1.000,0.000,1.000,2.000,0.000,0.000,5.000,0,0,0
B3_zmq_pushpull,zmq_tcp,none,none,,1,11193,512,584,1785153447653572000,1785153447653572000,1785153447653572000,1785153447653573000,1785153447653638000,1785153447653641000,1785153447653641000,1785153447653641000,121932490,121652369,-215.121,0.000,0.000,1.000,3.000,0.000,0.000,82.000,0,0,0
B3_zmq_pushpull,zmq_tcp,none,none,,1,11194,512,584,1785153447654523000,1785153447654523000,1785153447654523000,1785153447654524000,1785153447654634000,1785153447654637000,1785153447654637000,1785153447654637000,121932490,121652369,-170.121,0.000,0.000,1.000,3.000,0.000,0.000,45.000,0,0,0
B3_zmq_pushpull,zmq_tcp,none,none,,1,11195,512,584,1785153447655535000,1785153447655535000,1785153447655535000,1785153447655536000,1785153447655633000,1785153447655636000,1785153447655636000,1785153447655636000,121932490,121652369,-183.121,0.000,0.000,1.000,3.000,0.000,0.000,13.000,0,0,0
B3_zmq_pushpull,zmq_tcp,none,none,,1,11196,512,584,1785153447656532000,1785153447656532000,1785153447656532000,1785153447656533000,1785153447656614000,1785153447656617000,1785153447656617000,1785153447656617000,121932490,121652369,-199.121,0.000,0.000,1.000,3.000,0.000,0.000,16.000,0,0,0
B3_zmq_pushpull,zmq_tcp,none,none,,1,11197,512,584,1785153447657532000,1785153447657532000,1785153447657532000,1785153447657533000,1785153447657593000,1785153447657596000,1785153447657596000,1785153447657596000,121932490,121652369,-220.121,0.000,0.000,1.000,3.000,0.000,0.000,21.000,0,0,0
B3_zmq_pushpull,zmq_tcp,none,none,,1,11198,512,584,1785153447658529000,1785153447658529000,1785153447658530000,1785153447658530000,1785153447658578000,1785153447658582000,1785153447658582000,1785153447658582000,121932490,121652369,-232.121,0.000,1.000,0.000,4.000,0.000,0.000,12.000,0,0,0
B3_zmq_pushpull,zmq_tcp,none,none,,1,11199,512,584,1785153447659416000,1785153447659417000,1785153447659417000,1785153447659418000,1785153447659566000,1785153447659569000,1785153447659569000,1785153447659569000,121932490,121652369,-132.121,1.000,0.000,1.000,3.000,0.000,0.000,100.000,0,0,0
B3_zmq_pushpull,zmq_tcp,none,none,,1,11200,512,584,1785153447660566000,1785153447660566000,1785153447660566000,1785153447660567000,1785153447660702000,1785153447660705000,1785153447660705000,1785153447660705000,121932490,121652369,-145.121,0.000,0.000,1.000,3.000,0.000,0.000,13.000,0,0,0
B3_zmq_pushpull,zmq_tcp,none,none,,1,11201,512,584,1785153447661527000,1785153447661527000,1785153447661527000,1785153447661528000,1785153447661688000,1785153447661690000,1785153447661691000,1785153447661691000,121932490,121652369,-120.121,0.000,0.000,1.000,2.000,1.000,0.000,25.000,0,0,0
B3_zmq_pushpull,zmq_tcp,none,none,,1,11202,512,584,1785153447662376000,1785153447662376000,1785153447662376000,1785153447662377000,1785153447662530000,1785153447662533000,1785153447662533000,1785153447662533000,121932490,121652369,-127.121,0.000,0.000,1.000,3.000,0.000,0.000,7.000,0,0,0
B3_zmq_pushpull,zmq_tcp,none,none,,1,11203,512,584,1785153447663375000,1785153447663375000,1785153447663375000,1785153447663376000,1785153447663517000,1785153447663520000,1785153447663520000,1785153447663520000,121932490,121652369,-139.121,0.000,0.000,1.000,3.000,0.000,0.000,12.000,0,0,0
B3_zmq_pushpull,zmq_tcp,none,none,,1,11204,512,584,1785153447664343000,1785153447664343000,1785153447664343000,1785153447664344000,1785153447664496000,1785153447664498000,1785153447664498000,1785153447664498000,121932490,121652369,-128.121,0.000,0.000,1.000,2.000,0.000,0.000,11.000,0,0,0
B3_zmq_pushpull,zmq_tcp,none,none,,1,11205,512,584,1785153447665443000,1785153447665443000,1785153447665443000,1785153447665444000,1785153447665597000,1785153447665600000,1785153447665600000,1785153447665600000,121932490,121652369,-127.121,0.000,0.000,1.000,3.000,0.000,0.000,1.000,0,0,0
B3_zmq_pushpull,zmq_tcp,none,none,,1,11206,512,584,1785153447666435000,1785153447666435000,1785153447666435000,1785153447666436000,1785153447666590000,1785153447666594000,1785153447666594000,1785153447666594000,121932490,121652369,-126.121,0.000,0.000,1.000,4.000,0.000,0.000,1.000,0,0,0
B3_zmq_pushpull,zmq_tcp,none,none,,1,11207,512,584,1785153447667424000,1785153447667425000,1785153447667425000,1785153447667426000,1785153447667585000,1785153447667588000,1785153447667588000,1785153447667588000,121932490,121652369,-121.121,1.000,0.000,1.000,3.000,0.000,0.000,5.000,0,0,0
B3_zmq_pushpull,zmq_tcp,none,none,,1,11208,512,584,1785153447668559000,1785153447668559000,1785153447668559000,1785153447668560000,1785153447668724000,1785153447668726000,1785153447668726000,1785153447668726000,121932490,121652369,-116.121,0.000,0.000,1.000,2.000,0.000,0.000,5.000,0,0,0
B3_zmq_pushpull,zmq_tcp,none,none,,1,11209,512,584,1785153447669525000,1785153447669526000,1785153447669526000,1785153447669527000,1785153447669574000,1785153447669578000,1785153447669578000,1785153447669578000,121932490,121652369,-233.121,1.000,0.000,1.000,4.000,0.000,0.000,117.000,0,0,0
B3_zmq_pushpull,zmq_tcp,none,none,,1,11210,512,584,1785153447670394000,1785153447670394000,1785153447670394000,1785153447670395000,1785153447670536000,1785153447670539000,1785153447670539000,1785153447670539000,121932490,121652369,-139.121,0.000,0.000,1.000,3.000,0.000,0.000,94.000,0,0,0
B3_zmq_pushpull,zmq_tcp,none,none,,1,11211,512,584,1785153447671567000,1785153447671567000,1785153447671567000,1785153447671568000,1785153447671646000,1785153447671649000,1785153447671649000,1785153447671649000,121932490,121652369,-202.121,0.000,0.000,1.000,3.000,0.000,0.000,63.000,0,0,0
B3_zmq_pushpull,zmq_tcp,none,none,,1,11212,512,584,1785153447672521000,1785153447672522000,1785153447672522000,1785153447672522000,1785153447672625000,1785153447672631000,1785153447672631000,1785153447672631000,121932490,121652369,-177.121,1.000,0.000,0.000,6.000,0.000,0.000,25.000,0,0,0
B3_zmq_pushpull,zmq_tcp,none,none,,1,11213,512,584,1785153447673537000,1785153447673538000,1785153447673538000,1785153447673538000,1785153447673597000,1785153447673600000,1785153447673600000,1785153447673600000,121932490,121652369,-221.121,1.000,0.000,0.000,3.000,0.000,0.000,44.000,0,0,0
B3_zmq_pushpull,zmq_tcp,none,none,,1,11214,512,584,1785153447674531000,1785153447674531000,1785153447674531000,1785153447674532000,1785153447674697000,1785153447674700000,1785153447674700000,1785153447674700000,121932490,121652369,-115.121,0.000,0.000,1.000,3.000,0.000,0.000,106.000,0,0,0
B3_zmq_pushpull,zmq_tcp,none,none,,1,11215,512,584,1785153447675535000,1785153447675536000,1785153447675536000,1785153447675537000,1785153447675693000,1785153447675696000,1785153447675696000,1785153447675696000,121932490,121652369,-124.121,1.000,0.000,1.000,3.000,0.000,0.000,9.000,0,0,0
B3_zmq_pushpull,zmq_tcp,none,none,,1,11216,512,584,1785153447676528000,1785153447676528000,1785153447676528000,1785153447676529000,1785153447676674000,1785153447676677000,1785153447676677000,1785153447676677000,121932490,121652369,-135.121,0.000,0.000,1.000,3.000,0.000,0.000,11.000,0,0,0
B3_zmq_pushpull,zmq_tcp,none,none,,1,11217,512,584,1785153447677533000,1785153447677534000,1785153447677534000,1785153447677535000,1785153447677664000,1785153447677666000,1785153447677666000,1785153447677666000,121932490,121652369,-151.121,1.000,0.000,1.000,2.000,0.000,0.000,16.000,0,0,0
B3_zmq_pushpull,zmq_tcp,none,none,,1,11218,512,584,1785153447678532000,1785153447678532000,1785153447678532000,1785153447678533000,1785153447678629000,1785153447678632000,1785153447678632000,1785153447678632000,121932490,121652369,-184.121,0.000,0.000,1.000,3.000,0.000,0.000,33.000,0,0,0
B3_zmq_pushpull,zmq_tcp,none,none,,1,11219,512,584,1785153447679533000,1785153447679533000,1785153447679533000,1785153447679534000,1785153447679616000,1785153447679619000,1785153447679619000,1785153447679619000,121932490,121652369,-198.121,0.000,0.000,1.000,3.000,0.000,0.000,14.000,0,0,0
B3_zmq_pushpull,zmq_tcp,none,none,,1,11220,512,584,1785153447680531000,1785153447680531000,1785153447680531000,1785153447680532000,1785153447680604000,1785153447680607000,1785153447680607000,1785153447680607000,121932490,121652369,-208.121,0.000,0.000,1.000,3.000,0.000,0.000,10.000,0,0,0
B3_zmq_pushpull,zmq_tcp,none,none,,1,11221,512,584,1785153447681536000,1785153447681536000,1785153447681536000,1785153447681537000,1785153447681601000,1785153447681605000,1785153447681605000,1785153447681605000,121932490,121652369,-216.121,0.000,0.000,1.000,4.000,0.000,0.000,8.000,0,0,0
B3_zmq_pushpull,zmq_tcp,none,none,,1,11222,512,584,1785153447682441000,1785153447682441000,1785153447682441000,1785153447682442000,1785153447682599000,1785153447682601000,1785153447682601000,1785153447682601000,121932490,121652369,-123.121,0.000,0.000,1.000,2.000,0.000,0.000,93.000,0,0,0
B3_zmq_pushpull,zmq_tcp,none,none,,1,11223,512,584,1785153447683556000,1785153447683557000,1785153447683557000,1785153447683558000,1785153447683730000,1785153447683734000,1785153447683734000,1785153447683734000,121932490,121652369,-108.121,1.000,0.000,1.000,4.000,0.000,0.000,15.000,0,0,0
B3_zmq_pushpull,zmq_tcp,none,none,,1,11224,512,584,1785153447684526000,1785153447684526000,1785153447684526000,1785153447684527000,1785153447684674000,1785153447684676000,1785153447684676000,1785153447684676000,121932490,121652369,-133.121,0.000,0.000,1.000,2.000,0.000,0.000,25.000,0,0,0
B3_zmq_pushpull,zmq_tcp,none,none,,1,11225,512,584,1785153447685373000,1785153447685373000,1785153447685373000,1785153447685374000,1785153447685516000,1785153447685519000,1785153447685519000,1785153447685519000,121932490,121652369,-138.121,0.000,0.000,1.000,3.000,0.000,0.000,5.000,0,0,0
B3_zmq_pushpull,zmq_tcp,none,none,,1,11226,512,584,1785153447686574000,1785153447686574000,1785153447686574000,1785153447686575000,1785153447686637000,1785153447686639000,1785153447686639000,1785153447686639000,121932490,121652369,-218.121,0.000,0.000,1.000,2.000,0.000,0.000,80.000,0,0,0
B3_zmq_pushpull,zmq_tcp,none,none,,1,11227,512,584,1785153447687522000,1785153447687522000,1785153447687522000,1785153447687523000,1785153447687617000,1785153447687620000,1785153447687620000,1785153447687620000,121932490,121652369,-186.121,0.000,0.000,1.000,3.000,0.000,0.000,32.000,0,0,0
B3_zmq_pushpull,zmq_tcp,none,none,,1,11228,512,584,1785153447688448000,1785153447688448000,1785153447688448000,1785153447688449000,1785153447688595000,1785153447688598000,1785153447688598000,1785153447688599000,121932490,121652369,-134.121,0.000,0.000,1.000,3.000,0.000,1.000,52.000,0,0,0
B3_zmq_pushpull,zmq_tcp,none,none,,1,11229,512,584,1785153447689437000,1785153447689437000,1785153447689437000,1785153447689438000,1785153447689597000,1785153447689600000,1785153447689600000,1785153447689600000,121932490,121652369,-121.121,0.000,0.000,1.000,3.000,0.000,0.000,13.000,0,0,0
B3_zmq_pushpull,zmq_tcp,none,none,,1,11230,512,584,1785153447690556000,1785153447690557000,1785153447690557000,1785153447690558000,1785153447690708000,1785153447690712000,1785153447690712000,1785153447690712000,121932490,121652369,-130.121,1.000,0.000,1.000,4.000,0.000,0.000,9.000,0,0,0
B3_zmq_pushpull,zmq_tcp,none,none,,1,11231,512,584,1785153447691389000,1785153447691389000,1785153447691389000,1785153447691390000,1785153447691541000,1785153447691544000,1785153447691544000,1785153447691544000,121932490,121652369,-129.121,0.000,0.000,1.000,3.000,0.000,0.000,1.000,0,0,0
B3_zmq_pushpull,zmq_tcp,none,none,,1,11232,512,584,1785153447692376000,1785153447692376000,1785153447692376000,1785153447692377000,1785153447692509000,1785153447692512000,1785153447692512000,1785153447692512000,121932490,121652369,-148.121,0.000,0.000,1.000,3.000,0.000,0.000,19.000,0,0,0
B3_zmq_pushpull,zmq_tcp,none,none,,1,11233,512,584,1785153447693572000,1785153447693572000,1785153447693572000,1785153447693573000,1785153447693632000,1785153447693636000,1785153447693636000,1785153447693636000,121932490,121652369,-221.121,0.000,0.000,1.000,4.000,0.000,0.000,73.000,0,0,0
B3_zmq_pushpull,zmq_tcp,none,none,,1,11234,512,584,1785153447694521000,1785153447694521000,1785153447694521000,1785153447694522000,1785153447694599000,1785153447694601000,1785153447694601000,1785153447694601000,121932490,121652369,-203.121,0.000,0.000,1.000,2.000,0.000,0.000,18.000,0,0,0
B3_zmq_pushpull,zmq_tcp,none,none,,1,11235,512,584,1785153447695539000,1785153447695539000,1785153447695539000,1785153447695540000,1785153447695592000,1785153447695595000,1785153447695595000,1785153447695595000,121932490,121652369,-228.121,0.000,0.000,1.000,3.000,0.000,0.000,25.000,0,0,0
B3_zmq_pushpull,zmq_tcp,none,none,,1,11236,512,584,1785153447696532000,1785153447696532000,1785153447696532000,1785153447696533000,1785153447696701000,1785153447696703000,1785153447696703000,1785153447696703000,121932490,121652369,-112.121,0.000,0.000,1.000,2.000,0.000,0.000,116.000,0,0,0
B3_zmq_pushpull,zmq_tcp,none,none,,1,11237,512,584,1785153447697534000,1785153447697534000,1785153447697534000,1785153447697535000,1785153447697689000,1785153447697692000,1785153447697692000,1785153447697692000,121932490,121652369,-126.121,0.000,0.000,1.000,3.000,0.000,0.000,14.000,0,0,0
B3_zmq_pushpull,zmq_tcp,none,none,,1,11238,512,584,1785153447698377000,1785153447698377000,1785153447698377000,1785153447698379000,1785153447698523000,1785153447698526000,1785153447698526000,1785153447698526000,121932490,121652369,-136.121,0.000,0.000,2.000,3.000,0.000,0.000,10.000,0,0,0
B3_zmq_pushpull,zmq_tcp,none,none,,1,11239,512,584,1785153447699571000,1785153447699571000,1785153447699571000,1785153447699572000,1785153447699645000,1785153447699648000,1785153447699648000,1785153447699648000,121932490,121652369,-207.121,0.000,0.000,1.000,3.000,0.000,0.000,71.000,0,0,0
B3_zmq_pushpull,zmq_tcp,none,none,,1,11240,512,584,1785153447700341000,1785153447700341000,1785153447700341000,1785153447700342000,1785153447700487000,1785153447700490000,1785153447700490000,1785153447700490000,121932490,121652369,-135.121,0.000,0.000,1.000,3.000,0.000,0.000,72.000,0,0,0
B3_zmq_pushpull,zmq_tcp,none,none,,1,11241,512,584,1785153447701583000,1785153447701583000,1785153447701583000,1785153447701584000,1785153447701776000,1785153447701779000,1785153447701779000,1785153447701779000,121932490,121652369,-88.121,0.000,0.000,1.000,3.000,0.000,0.000,47.000,0,0,0
B3_zmq_pushpull,zmq_tcp,none,none,,1,11242,512,584,1785153447702335000,1785153447702335000,1785153447702335000,1785153447702336000,1785153447702492000,1785153447702495000,1785153447702495000,1785153447702495000,121932490,121652369,-124.121,0.000,0.000,1.000,3.000,0.000,0.000,36.000,0,0,0
B3_zmq_pushpull,zmq_tcp,none,none,,1,11243,512,584,1785153447703585000,1785153447703585000,1785153447703585000,1785153447703586000,1785153447703728000,1785153447703731000,1785153447703731000,1785153447703731000,121932490,121652369,-138.121,0.000,0.000,1.000,3.000,0.000,0.000,14.000,0,0,0
B3_zmq_pushpull,zmq_tcp,none,none,,1,11244,512,584,1785153447704520000,1785153447704520000,1785153447704520000,1785153447704521000,1785153447704558000,1785153447704562000,1785153447704562000,1785153447704562000,121932490,121652369,-243.121,0.000,0.000,1.000,4.000,0.000,0.000,105.000,0,0,0
B3_zmq_pushpull,zmq_tcp,none,none,,1,11245,512,584,1785153447705537000,1785153447705537000,1785153447705537000,1785153447705538000,1785153447705679000,1785153447705681000,1785153447705681000,1785153447705681000,121932490,121652369,-139.121,0.000,0.000,1.000,2.000,0.000,0.000,104.000,0,0,0
B3_zmq_pushpull,zmq_tcp,none,none,,1,11246,512,584,1785153447706528000,1785153447706528000,1785153447706528000,1785153447706529000,1785153447706645000,1785153447706648000,1785153447706648000,1785153447706648000,121932490,121652369,-164.121,0.000,0.000,1.000,3.000,0.000,0.000,25.000,0,0,0
B3_zmq_pushpull,zmq_tcp,none,none,,1,11247,512,584,1785153447707534000,1785153447707534000,1785153447707534000,1785153447707535000,1785153447707617000,1785153447707620000,1785153447707620000,1785153447707620000,121932490,121652369,-198.121,0.000,0.000,1.000,3.000,0.000,0.000,34.000,0,0,0
B3_zmq_pushpull,zmq_tcp,none,none,,1,11248,512,584,1785153447708535000,1785153447708535000,1785153447708535000,1785153447708536000,1785153447708600000,1785153447708603000,1785153447708603000,1785153447708603000,121932490,121652369,-216.121,0.000,0.000,1.000,3.000,0.000,0.000,18.000,0,0,0
B3_zmq_pushpull,zmq_tcp,none,none,,1,11249,512,584,1785153447709532000,1785153447709532000,1785153447709532000,1785153447709533000,1785153447709595000,1785153447709598000,1785153447709598000,1785153447709598000,121932490,121652369,-218.121,0.000,0.000,1.000,3.000,0.000,0.000,2.000,0,0,0
B3_zmq_pushpull,zmq_tcp,none,none,,1,11250,512,584,1785153447710438000,1785153447710438000,1785153447710438000,1785153447710439000,1785153447710595000,1785153447710602000,1785153447710602000,1785153447710602000,121932490,121652369,-124.121,0.000,0.000,1.000,7.000,0.000,0.000,94.000,0,0,0
B3_zmq_pushpull,zmq_tcp,none,none,,1,11251,512,584,1785153447711557000,1785153447711557000,1785153447711557000,1785153447711558000,1785153447711598000,1785153447711601000,1785153447711601000,1785153447711601000,121932490,121652369,-240.121,0.000,0.000,1.000,3.000,0.000,0.000,116.000,0,0,0
B3_zmq_pushpull,zmq_tcp,none,none,,1,11252,512,584,1785153447712425000,1785153447712425000,1785153447712425000,1785153447712426000,1785153447712577000,1785153447712580000,1785153447712580000,1785153447712580000,121932490,121652369,-129.121,0.000,0.000,1.000,3.000,0.000,0.000,111.000,0,0,0
B3_zmq_pushpull,zmq_tcp,none,none,,1,11253,512,584,1785153447713405000,1785153447713405000,1785153447713405000,1785153447713406000,1785153447713557000,1785153447713560000,1785153447713560000,1785153447713560000,121932490,121652369,-129.121,0.000,0.000,1.000,3.000,0.000,0.000,0.000,0,0,0
B3_zmq_pushpull,zmq_tcp,none,none,,1,11254,512,584,1785153447714401000,1785153447714401000,1785153447714401000,1785153447714402000,1785153447714549000,1785153447714552000,1785153447714552000,1785153447714552000,121932490,121652369,-133.121,0.000,0.000,1.000,3.000,0.000,0.000,4.000,0,0,0
B3_zmq_pushpull,zmq_tcp,none,none,,1,11255,512,584,1785153447715566000,1785153447715566000,1785153447715566000,1785153447715567000,1785153447715671000,1785153447715674000,1785153447715674000,1785153447715674000,121932490,121652369,-176.121,0.000,0.000,1.000,3.000,0.000,0.000,43.000,0,0,0
B3_zmq_pushpull,zmq_tcp,none,none,,1,11256,512,584,1785153447716360000,1785153447716360000,1785153447716360000,1785153447716361000,1785153447716517000,1785153447716520000,1785153447716520000,1785153447716520000,121932490,121652369,-124.121,0.000,0.000,1.000,3.000,0.000,0.000,52.000,0,0,0
B3_zmq_pushpull,zmq_tcp,none,none,,1,11257,512,584,1785153447717577000,1785153447717578000,1785153447717578000,1785153447717579000,1785153447717639000,1785153447717642000,1785153447717642000,1785153447717642000,121932490,121652369,-220.121,1.000,0.000,1.000,3.000,0.000,0.000,96.000,0,0,0
B3_zmq_pushpull,zmq_tcp,none,none,,1,11258,512,584,1785153447718520000,1785153447718520000,1785153447718520000,1785153447718521000,1785153447718616000,1785153447718619000,1785153447718619000,1785153447718619000,121932490,121652369,-185.121,0.000,0.000,1.000,3.000,0.000,0.000,35.000,0,0,0
B3_zmq_pushpull,zmq_tcp,none,none,,1,11259,512,584,1785153447719537000,1785153447719537000,1785153447719537000,1785153447719538000,1785153447719596000,1785153447719599000,1785153447719599000,1785153447719599000,121932490,121652369,-222.121,0.000,0.000,1.000,3.000,0.000,0.000,37.000,0,0,0
B3_zmq_pushpull,zmq_tcp,none,none,,1,11260,512,584,1785153447720531000,1785153447720531000,1785153447720531000,1785153447720532000,1785153447720573000,1785153447720575000,1785153447720575000,1785153447720575000,121932490,121652369,-239.121,0.000,0.000,1.000,2.000,0.000,0.000,17.000,0,0,0
B3_zmq_pushpull,zmq_tcp,none,none,,1,11261,512,584,1785153447721534000,1785153447721534000,1785153447721534000,1785153447721535000,1785153447721693000,1785153447721696000,1785153447721696000,1785153447721696000,121932490,121652369,-122.121,0.000,0.000,1.000,3.000,0.000,0.000,117.000,0,0,0
B3_zmq_pushpull,zmq_tcp,none,none,,1,11262,512,584,1785153447722531000,1785153447722531000,1785153447722531000,1785153447722532000,1785153447722664000,1785153447722667000,1785153447722667000,1785153447722667000,121932490,121652369,-148.121,0.000,0.000,1.000,3.000,0.000,0.000,26.000,0,0,0
B3_zmq_pushpull,zmq_tcp,none,none,,1,11263,512,584,1785153447723532000,1785153447723532000,1785153447723532000,1785153447723533000,1785153447723655000,1785153447723657000,1785153447723657000,1785153447723657000,121932490,121652369,-158.121,0.000,0.000,1.000,2.000,0.000,0.000,10.000,0,0,0
B3_zmq_pushpull,zmq_tcp,none,none,,1,11264,512,584,1785153447724533000,1785153447724533000,1785153447724533000,1785153447724534000,1785153447724664000,1785153447724667000,1785153447724667000,1785153447724667000,121932490,121652369,-150.121,0.000,0.000,1.000,3.000,0.000,0.000,8.000,0,0,0
B3_zmq_pushpull,zmq_tcp,none,none,,1,11265,512,584,1785153447725532000,1785153447725532000,1785153447725532000,1785153447725533000,1785153447725633000,1785153447725637000,1785153447725637000,1785153447725637000,121932490,121652369,-180.121,0.000,0.000,1.000,4.000,0.000,0.000,30.000,0,0,0
B3_zmq_pushpull,zmq_tcp,none,none,,1,11266,512,584,1785153447726530000,1785153447726530000,1785153447726530000,1785153447726531000,1785153447726603000,1785153447726605000,1785153447726605000,1785153447726605000,121932490,121652369,-208.121,0.000,0.000,1.000,2.000,0.000,0.000,28.000,0,0,0
B3_zmq_pushpull,zmq_tcp,none,none,,1,11267,512,584,1785153447727532000,1785153447727532000,1785153447727533000,1785153447727533000,1785153447727577000,1785153447727581000,1785153447727581000,1785153447727581000,121932490,121652369,-236.121,0.000,1.000,0.000,4.000,0.000,0.000,28.000,0,0,0
B3_zmq_pushpull,zmq_tcp,none,none,,1,11268,512,584,1785153447728535000,1785153447728535000,1785153447728535000,1785153447728536000,1785153447728720000,1785153447728723000,1785153447728723000,1785153447728723000,121932490,121652369,-96.121,0.000,0.000,1.000,3.000,0.000,0.000,140.000,0,0,0
B3_zmq_pushpull,zmq_tcp,none,none,,1,11269,512,584,1785153447729531000,1785153447729531000,1785153447729531000,1785153447729532000,1785153447729704000,1785153447729707000,1785153447729707000,1785153447729707000,121932490,121652369,-108.121,0.000,0.000,1.000,3.000,0.000,0.000,12.000,0,0,0
B3_zmq_pushpull,zmq_tcp,none,none,,1,11270,512,584,1785153447730535000,1785153447730535000,1785153447730535000,1785153447730536000,1785153447730695000,1785153447730697000,1785153447730697000,1785153447730697000,121932490,121652369,-121.121,0.000,0.000,1.000,2.000,0.000,0.000,13.000,0,0,0
B3_zmq_pushpull,zmq_tcp,none,none,,1,11271,512,584,1785153447731532000,1785153447731533000,1785153447731533000,1785153447731533000,1785153447731693000,1785153447731696000,1785153447731696000,1785153447731696000,121932490,121652369,-120.121,1.000,0.000,0.000,3.000,0.000,0.000,1.000,0,0,0
B3_zmq_pushpull,zmq_tcp,none,none,,1,11272,512,584,1785153447732532000,1785153447732533000,1785153447732533000,1785153447732534000,1785153447732669000,1785153447732672000,1785153447732672000,1785153447732672000,121932490,121652369,-145.121,1.000,0.000,1.000,3.000,0.000,0.000,25.000,0,0,0
B3_zmq_pushpull,zmq_tcp,none,none,,1,11273,512,584,1785153447733530000,1785153447733530000,1785153447733530000,1785153447733531000,1785153447733635000,1785153447733637000,1785153447733637000,1785153447733637000,121932490,121652369,-176.121,0.000,0.000,1.000,2.000,0.000,0.000,31.000,0,0,0
B3_zmq_pushpull,zmq_tcp,none,none,,1,11274,512,584,1785153447734534000,1785153447734534000,1785153447734534000,1785153447734535000,1785153447734602000,1785153447734606000,1785153447734606000,1785153447734606000,121932490,121652369,-213.121,0.000,0.000,1.000,4.000,0.000,0.000,37.000,0,0,0
B3_zmq_pushpull,zmq_tcp,none,none,,1,11275,512,584,1785153447735532000,1785153447735533000,1785153447735533000,1785153447735534000,1785153447735591000,1785153447735594000,1785153447735594000,1785153447735594000,121932490,121652369,-223.121,1.000,0.000,1.000,3.000,0.000,0.000,10.000,0,0,0
B3_zmq_pushpull,zmq_tcp,none,none,,1,11276,512,584,1785153447736532000,1785153447736533000,1785153447736533000,1785153447736534000,1785153447736583000,1785153447736586000,1785153447736586000,1785153447736586000,121932490,121652369,-231.121,1.000,0.000,1.000,3.000,0.000,0.000,8.000,0,0,0
B3_zmq_pushpull,zmq_tcp,none,none,,1,11277,512,584,1785153447737400000,1785153447737400000,1785153447737400000,1785153447737401000,1785153447737560000,1785153447737563000,1785153447737563000,1785153447737563000,121932490,121652369,-121.121,0.000,0.000,1.000,3.000,0.000,0.000,110.000,0,0,0
B3_zmq_pushpull,zmq_tcp,none,none,,1,11278,512,584,1785153447738566000,1785153447738566000,1785153447738566000,1785153447738567000,1785153447738684000,1785153447738687000,1785153447738687000,1785153447738687000,121932490,121652369,-163.121,0.000,0.000,1.000,3.000,0.000,0.000,42.000,0,0,0
B3_zmq_pushpull,zmq_tcp,none,none,,1,11279,512,584,1785153447739524000,1785153447739525000,1785153447739525000,1785153447739526000,1785153447739660000,1785153447739663000,1785153447739663000,1785153447739663000,121932490,121652369,-146.121,1.000,0.000,1.000,3.000,0.000,0.000,17.000,0,0,0
B3_zmq_pushpull,zmq_tcp,none,none,,1,11280,512,584,1785153447740535000,1785153447740535000,1785153447740535000,1785153447740536000,1785153447740637000,1785153447740641000,1785153447740641000,1785153447740641000,121932490,121652369,-179.121,0.000,0.000,1.000,4.000,0.000,0.000,33.000,0,0,0
B3_zmq_pushpull,zmq_tcp,none,none,,1,11281,512,584,1785153447741341000,1785153447741341000,1785153447741341000,1785153447741342000,1785153447741480000,1785153447741483000,1785153447741483000,1785153447741483000,121932490,121652369,-142.121,0.000,0.000,1.000,3.000,0.000,0.000,37.000,0,0,0
B3_zmq_pushpull,zmq_tcp,none,none,,1,11282,512,584,1785153447742457000,1785153447742457000,1785153447742457000,1785153447742458000,1785153447742616000,1785153447742619000,1785153447742619000,1785153447742619000,121932490,121652369,-122.121,0.000,0.000,1.000,3.000,0.000,0.000,20.000,0,0,0
B3_zmq_pushpull,zmq_tcp,none,none,,1,11283,512,584,1785153447743551000,1785153447743551000,1785153447743551000,1785153447743552000,1785153447743739000,1785153447743741000,1785153447743742000,1785153447743742000,121932490,121652369,-93.121,0.000,0.000,1.000,2.000,1.000,0.000,29.000,0,0,0
B3_zmq_pushpull,zmq_tcp,none,none,,1,11284,512,584,1785153447744530000,1785153447744530000,1785153447744530000,1785153447744531000,1785153447744722000,1785153447744724000,1785153447744724000,1785153447744724000,121932490,121652369,-89.121,0.000,0.000,1.000,2.000,0.000,0.000,4.000,0,0,0
B3_zmq_pushpull,zmq_tcp,none,none,,1,11285,512,584,1785153447745534000,1785153447745534000,1785153447745534000,1785153447745535000,1785153447745708000,1785153447745711000,1785153447745711000,1785153447745711000,121932490,121652369,-107.121,0.000,0.000,1.000,3.000,0.000,0.000,18.000,0,0,0
B3_zmq_pushpull,zmq_tcp,none,none,,1,11286,512,584,1785153447746533000,1785153447746533000,1785153447746533000,1785153447746534000,1785153447746692000,1785153447746695000,1785153447746695000,1785153447746695000,121932490,121652369,-122.121,0.000,0.000,1.000,3.000,0.000,0.000,15.000,0,0,0
B3_zmq_pushpull,zmq_tcp,none,none,,1,11287,512,584,1785153447747533000,1785153447747533000,1785153447747533000,1785153447747534000,1785153447747678000,1785153447747680000,1785153447747680000,1785153447747680000,121932490,121652369,-136.121,0.000,0.000,1.000,2.000,0.000,0.000,14.000,0,0,0
B3_zmq_pushpull,zmq_tcp,none,none,,1,11288,512,584,1785153447748530000,1785153447748530000,1785153447748530000,1785153447748531000,1785153447748648000,1785153447748651000,1785153447748651000,1785153447748651000,121932490,121652369,-163.121,0.000,0.000,1.000,3.000,0.000,0.000,27.000,0,0,0
B3_zmq_pushpull,zmq_tcp,none,none,,1,11289,512,584,1785153447749534000,1785153447749534000,1785153447749534000,1785153447749535000,1785153447749642000,1785153447749644000,1785153447749644000,1785153447749644000,121932490,121652369,-173.121,0.000,0.000,1.000,2.000,0.000,0.000,10.000,0,0,0
B3_zmq_pushpull,zmq_tcp,none,none,,1,11290,512,584,1785153447750535000,1785153447750535000,1785153447750535000,1785153447750536000,1785153447750634000,1785153447750636000,1785153447750636000,1785153447750636000,121932490,121652369,-182.121,0.000,0.000,1.000,2.000,0.000,0.000,9.000,0,0,0
B3_zmq_pushpull,zmq_tcp,none,none,,1,11291,512,584,1785153447751528000,1785153447751529000,1785153447751529000,1785153447751530000,1785153447751611000,1785153447751613000,1785153447751613000,1785153447751613000,121932490,121652369,-199.121,1.000,0.000,1.000,2.000,0.000,0.000,17.000,0,0,0
B3_zmq_pushpull,zmq_tcp,none,none,,1,11292,512,584,1785153447752534000,1785153447752534000,1785153447752534000,1785153447752535000,1785153447752585000,1785153447752589000,1785153447752589000,1785153447752589000,121932490,121652369,-230.121,0.000,0.000,1.000,4.000,0.000,0.000,31.000,0,0,0
B3_zmq_pushpull,zmq_tcp,none,none,,1,11293,512,584,1785153447753533000,1785153447753533000,1785153447753533000,1785153447753534000,1785153447753579000,1785153447753583000,1785153447753583000,1785153447753583000,121932490,121652369,-235.121,0.000,0.000,1.000,4.000,0.000,0.000,5.000,0,0,0
B3_zmq_pushpull,zmq_tcp,none,none,,1,11294,512,584,1785153447754532000,1785153447754533000,1785153447754533000,1785153447754534000,1785153447754690000,1785153447754692000,1785153447754692000,1785153447754692000,121932490,121652369,-124.121,1.000,0.000,1.000,2.000,0.000,0.000,111.000,0,0,0
B3_zmq_pushpull,zmq_tcp,none,none,,1,11295,512,584,1785153447755530000,1785153447755530000,1785153447755530000,1785153447755531000,1785153447755667000,1785153447755670000,1785153447755670000,1785153447755670000,121932490,121652369,-144.121,0.000,0.000,1.000,3.000,0.000,0.000,20.000,0,0,0
B3_zmq_pushpull,zmq_tcp,none,none,,1,11296,512,584,1785153447756534000,1785153447756534000,1785153447756534000,1785153447756535000,1785153447756663000,1785153447756665000,1785153447756666000,1785153447756666000,121932490,121652369,-152.121,0.000,0.000,1.000,2.000,1.000,0.000,8.000,0,0,0
B3_zmq_pushpull,zmq_tcp,none,none,,1,11297,512,584,1785153447757532000,1785153447757533000,1785153447757533000,1785153447757534000,1785153447757640000,1785153447757643000,1785153447757643000,1785153447757643000,121932490,121652369,-174.121,1.000,0.000,1.000,3.000,0.000,0.000,22.000,0,0,0
B3_zmq_pushpull,zmq_tcp,none,none,,1,11298,512,584,1785153447758535000,1785153447758535000,1785153447758535000,1785153447758536000,1785153447758630000,1785153447758633000,1785153447758633000,1785153447758633000,121932490,121652369,-186.121,0.000,0.000,1.000,3.000,0.000,0.000,12.000,0,0,0
B3_zmq_pushpull,zmq_tcp,none,none,,1,11299,512,584,1785153447759531000,1785153447759532000,1785153447759532000,1785153447759533000,1785153447759627000,1785153447759630000,1785153447759630000,1785153447759630000,121932490,121652369,-186.121,1.000,0.000,1.000,3.000,0.000,0.000,0.000,0,0,0
B3_zmq_pushpull,zmq_tcp,none,none,,1,11300,512,584,1785153447760533000,1785153447760533000,1785153447760533000,1785153447760534000,1785153447760618000,1785153447760620000,1785153447760620000,1785153447760620000,121932490,121652369,-196.121,0.000,0.000,1.000,2.000,0.000,0.000,10.000,0,0,0
B3_zmq_pushpull,zmq_tcp,none,none,,1,11301,512,584,1785153447761533000,1785153447761533000,1785153447761533000,1785153447761534000,1785153447761578000,1785153447761581000,1785153447761581000,1785153447761581000,121932490,121652369,-236.121,0.000,0.000,1.000,3.000,0.000,0.000,40.000,0,0,0
B3_zmq_pushpull,zmq_tcp,none,none,,1,11302,512,584,1785153447762533000,1785153447762533000,1785153447762533000,1785153447762534000,1785153447762679000,1785153447762682000,1785153447762682000,1785153447762682000,121932490,121652369,-135.121,0.000,0.000,1.000,3.000,0.000,0.000,101.000,0,0,0
B3_zmq_pushpull,zmq_tcp,none,none,,1,11303,512,584,1785153447763533000,1785153447763533000,1785153447763533000,1785153447763534000,1785153447763652000,1785153447763655000,1785153447763656000,1785153447763656000,121932490,121652369,-162.121,0.000,0.000,1.000,3.000,1.000,0.000,27.000,0,0,0
B3_zmq_pushpull,zmq_tcp,none,none,,1,11304,512,584,1785153447764352000,1785153447764352000,1785153447764352000,1785153447764353000,1785153447764500000,1785153447764503000,1785153447764503000,1785153447764503000,121932490,121652369,-133.121,0.000,0.000,1.000,3.000,0.000,0.000,29.000,0,0,0
B3_zmq_pushpull,zmq_tcp,none,none,,1,11305,512,584,1785153447765340000,1785153447765340000,1785153447765340000,1785153447765341000,1785153447765496000,1785153447765499000,1785153447765500000,1785153447765500000,121932490,121652369,-125.121,0.000,0.000,1.000,3.000,1.000,0.000,8.000,0,0,0
B3_zmq_pushpull,zmq_tcp,none,none,,1,11306,512,584,1785153447766583000,1785153447766583000,1785153447766583000,1785153447766584000,1785153447766764000,1785153447766767000,1785153447766767000,1785153447766767000,121932490,121652369,-100.121,0.000,0.000,1.000,3.000,0.000,0.000,25.000,0,0,0
B3_zmq_pushpull,zmq_tcp,none,none,,1,11307,512,584,1785153447767519000,1785153447767520000,1785153447767520000,1785153447767521000,1785153447767615000,1785153447767618000,1785153447767618000,1785153447767618000,121932490,121652369,-186.121,1.000,0.000,1.000,3.000,0.000,0.000,86.000,0,0,0
B3_zmq_pushpull,zmq_tcp,none,none,,1,11308,512,584,1785153447768537000,1785153447768537000,1785153447768537000,1785153447768538000,1785153447768592000,1785153447768595000,1785153447768595000,1785153447768595000,121932490,121652369,-226.121,0.000,0.000,1.000,3.000,0.000,0.000,40.000,0,0,0
B3_zmq_pushpull,zmq_tcp,none,none,,1,11309,512,584,1785153447769426000,1785153447769426000,1785153447769426000,1785153447769427000,1785153447769579000,1785153447769582000,1785153447769582000,1785153447769582000,121932490,121652369,-128.121,0.000,0.000,1.000,3.000,0.000,0.000,98.000,0,0,0
B3_zmq_pushpull,zmq_tcp,none,none,,1,11310,512,584,1785153447770421000,1785153447770421000,1785153447770421000,1785153447770422000,1785153447770579000,1785153447770582000,1785153447770582000,1785153447770582000,121932490,121652369,-123.121,0.000,0.000,1.000,3.000,0.000,0.000,5.000,0,0,0
B3_zmq_pushpull,zmq_tcp,none,none,,1,11311,512,584,1785153447771423000,1785153447771423000,1785153447771423000,1785153447771424000,1785153447771571000,1785153447771574000,1785153447771574000,1785153447771574000,121932490,121652369,-133.121,0.000,0.000,1.000,3.000,0.000,0.000,10.000,0,0,0
B3_zmq_pushpull,zmq_tcp,none,none,,1,11312,512,584,1785153447772561000,1785153447772561000,1785153447772561000,1785153447772562000,1785153447772702000,1785153447772704000,1785153447772704000,1785153447772704000,121932490,121652369,-140.121,0.000,0.000,1.000,2.000,0.000,0.000,7.000,0,0,0
B3_zmq_pushpull,zmq_tcp,none,none,,1,11313,512,584,1785153447773529000,1785153447773529000,1785153447773529000,1785153447773530000,1785153447773704000,1785153447773708000,1785153447773708000,1785153447773708000,121932490,121652369,-106.121,0.000,0.000,1.000,4.000,0.000,0.000,34.000,0,0,0
B3_zmq_pushpull,zmq_tcp,none,none,,1,11314,512,584,1785153447774531000,1785153447774531000,1785153447774532000,1785153447774532000,1785153447774690000,1785153447774693000,1785153447774693000,1785153447774693000,121932490,121652369,-122.121,0.000,1.000,0.000,3.000,0.000,0.000,16.000,0,0,0
B3_zmq_pushpull,zmq_tcp,none,none,,1,11315,512,584,1785153447775534000,1785153447775534000,1785153447775534000,1785153447775535000,1785153447775658000,1785153447775660000,1785153447775660000,1785153447775660000,121932490,121652369,-157.121,0.000,0.000,1.000,2.000,0.000,0.000,35.000,0,0,0
B3_zmq_pushpull,zmq_tcp,none,none,,1,11316,512,584,1785153447776533000,1785153447776533000,1785153447776533000,1785153447776534000,1785153447776651000,1785153447776654000,1785153447776654000,1785153447776654000,121932490,121652369,-163.121,0.000,0.000,1.000,3.000,0.000,0.000,6.000,0,0,0
B3_zmq_pushpull,zmq_tcp,none,none,,1,11317,512,584,1785153447777533000,1785153447777533000,1785153447777533000,1785153447777534000,1785153447777622000,1785153447777624000,1785153447777624000,1785153447777624000,121932490,121652369,-192.121,0.000,0.000,1.000,2.000,0.000,0.000,29.000,0,0,0
B3_zmq_pushpull,zmq_tcp,none,none,,1,11318,512,584,1785153447778533000,1785153447778533000,1785153447778533000,1785153447778534000,1785153447778613000,1785153447778616000,1785153447778616000,1785153447778616000,121932490,121652369,-201.121,0.000,0.000,1.000,3.000,0.000,0.000,9.000,0,0,0
B3_zmq_pushpull,zmq_tcp,none,none,,1,11319,512,584,1785153447779535000,1785153447779535000,1785153447779535000,1785153447779536000,1785153447779603000,1785153447779606000,1785153447779606000,1785153447779606000,121932490,121652369,-213.121,0.000,0.000,1.000,3.000,0.000,0.000,12.000,0,0,0
B3_zmq_pushpull,zmq_tcp,none,none,,1,11320,512,584,1785153447780529000,1785153447780529000,1785153447780529000,1785153447780530000,1785153447780592000,1785153447780595000,1785153447780595000,1785153447780595000,121932490,121652369,-218.121,0.000,0.000,1.000,3.000,0.000,0.000,5.000,0,0,0
B3_zmq_pushpull,zmq_tcp,none,none,,1,11321,512,584,1785153447781534000,1785153447781534000,1785153447781534000,1785153447781535000,1785153447781587000,1785153447781590000,1785153447781590000,1785153447781590000,121932490,121652369,-228.121,0.000,0.000,1.000,3.000,0.000,0.000,10.000,0,0,0
B3_zmq_pushpull,zmq_tcp,none,none,,1,11322,512,584,1785153447782533000,1785153447782533000,1785153447782533000,1785153447782534000,1785153447782577000,1785153447782581000,1785153447782581000,1785153447782581000,121932490,121652369,-237.121,0.000,0.000,1.000,4.000,0.000,0.000,9.000,0,0,0
B3_zmq_pushpull,zmq_tcp,none,none,,1,11323,512,584,1785153447783407000,1785153447783407000,1785153447783407000,1785153447783408000,1785153447783559000,1785153447783563000,1785153447783563000,1785153447783563000,121932490,121652369,-129.121,0.000,0.000,1.000,4.000,0.000,0.000,108.000,0,0,0
B3_zmq_pushpull,zmq_tcp,none,none,,1,11324,512,584,1785153447784563000,1785153447784563000,1785153447784563000,1785153447784564000,1785153447784679000,1785153447784683000,1785153447784683000,1785153447784683000,121932490,121652369,-165.121,0.000,0.000,1.000,4.000,0.000,0.000,36.000,0,0,0
B3_zmq_pushpull,zmq_tcp,none,none,,1,11325,512,584,1785153447785380000,1785153447785380000,1785153447785380000,1785153447785381000,1785153447785540000,1785153447785543000,1785153447785543000,1785153447785543000,121932490,121652369,-121.121,0.000,0.000,1.000,3.000,0.000,0.000,44.000,0,0,0
B3_zmq_pushpull,zmq_tcp,none,none,,1,11326,512,584,1785153447786571000,1785153447786571000,1785153447786572000,1785153447786572000,1785153447786669000,1785153447786672000,1785153447786672000,1785153447786672000,121932490,121652369,-183.121,0.000,1.000,0.000,3.000,0.000,0.000,62.000,0,0,0
B3_zmq_pushpull,zmq_tcp,none,none,,1,11327,512,584,1785153447787520000,1785153447787520000,1785153447787520000,1785153447787521000,1785153447787658000,1785153447787661000,1785153447787661000,1785153447787661000,121932490,121652369,-143.121,0.000,0.000,1.000,3.000,0.000,0.000,40.000,0,0,0
B3_zmq_pushpull,zmq_tcp,none,none,,1,11328,512,584,1785153447788348000,1785153447788348000,1785153447788348000,1785153447788349000,1785153447788500000,1785153447788503000,1785153447788503000,1785153447788503000,121932490,121652369,-129.121,0.000,0.000,1.000,3.000,0.000,0.000,14.000,0,0,0
B3_zmq_pushpull,zmq_tcp,none,none,,1,11329,512,584,1785153447789458000,1785153447789458000,1785153447789459000,1785153447789459000,1785153447789611000,1785153447789614000,1785153447789614000,1785153447789614000,121932490,121652369,-128.121,0.000,1.000,0.000,3.000,0.000,0.000,1.000,0,0,0
B3_zmq_pushpull,zmq_tcp,none,none,,1,11330,512,584,1785153447790437000,1785153447790437000,1785153447790437000,1785153447790438000,1785153447790592000,1785153447790595000,1785153447790595000,1785153447790595000,121932490,121652369,-126.121,0.000,0.000,1.000,3.000,0.000,0.000,2.000,0,0,0
B3_zmq_pushpull,zmq_tcp,none,none,,1,11331,512,584,1785153447791435000,1785153447791435000,1785153447791435000,1785153447791436000,1785153447791584000,1785153447791588000,1785153447791588000,1785153447791588000,121932490,121652369,-132.121,0.000,0.000,1.000,4.000,0.000,0.000,6.000,0,0,0
B3_zmq_pushpull,zmq_tcp,none,none,,1,11332,512,584,1785153447792409000,1785153447792409000,1785153447792409000,1785153447792410000,1785153447792570000,1785153447792572000,1785153447792572000,1785153447792572000,121932490,121652369,-120.121,0.000,0.000,1.000,2.000,0.000,0.000,12.000,0,0,0
B3_zmq_pushpull,zmq_tcp,none,none,,1,11333,512,584,1785153447793566000,1785153447793567000,1785153447793567000,1785153447793568000,1785153447793686000,1785153447793689000,1785153447793689000,1785153447793689000,121932490,121652369,-162.121,1.000,0.000,1.000,3.000,0.000,0.000,42.000,0,0,0
B3_zmq_pushpull,zmq_tcp,none,none,,1,11334,512,584,1785153447794524000,1785153447794524000,1785153447794524000,1785153447794525000,1785153447794672000,1785153447794675000,1785153447794675000,1785153447794675000,121932490,121652369,-133.121,0.000,0.000,1.000,3.000,0.000,0.000,29.000,0,0,0
B3_zmq_pushpull,zmq_tcp,none,none,,1,11335,512,584,1785153447795364000,1785153447795364000,1785153447795364000,1785153447795365000,1785153447795516000,1785153447795519000,1785153447795519000,1785153447795519000,121932490,121652369,-129.121,0.000,0.000,1.000,3.000,0.000,0.000,4.000,0,0,0
B3_zmq_pushpull,zmq_tcp,none,none,,1,11336,512,584,1785153447796341000,1785153447796341000,1785153447796341000,1785153447796342000,1785153447796492000,1785153447796495000,1785153447796495000,1785153447796495000,121932490,121652369,-130.121,0.000,0.000,1.000,3.000,0.000,0.000,1.000,0,0,0
B3_zmq_pushpull,zmq_tcp,none,none,,1,11337,512,584,1785153447797587000,1785153447797587000,1785153447797587000,1785153447797588000,1785153447797762000,1785153447797764000,1785153447797764000,1785153447797764000,121932490,121652369,-106.121,0.000,0.000,1.000,2.000,0.000,0.000,24.000,0,0,0
B3_zmq_pushpull,zmq_tcp,none,none,,1,11338,512,584,1785153447798517000,1785153447798517000,1785153447798517000,1785153447798518000,1785153447798608000,1785153447798611000,1785153447798611000,1785153447798611000,121932490,121652369,-190.121,0.000,0.000,1.000,3.000,0.000,0.000,84.000,0,0,0
B3_zmq_pushpull,zmq_tcp,none,none,,1,11339,512,584,1785153447799539000,1785153447799540000,1785153447799540000,1785153447799541000,1785153447799727000,1785153447799730000,1785153447799730000,1785153447799730000,121932490,121652369,-94.121,1.000,0.000,1.000,3.000,0.000,0.000,96.000,0,0,0
B3_zmq_pushpull,zmq_tcp,none,none,,1,11340,512,584,1785153447800531000,1785153447800531000,1785153447800532000,1785153447800532000,1785153447800727000,1785153447800732000,1785153447800732000,1785153447800732000,121932490,121652369,-85.121,0.000,1.000,0.000,5.000,0.000,0.000,9.000,0,0,0
B3_zmq_pushpull,zmq_tcp,none,none,,1,11341,512,584,1785153447801535000,1785153447801535000,1785153447801535000,1785153447801536000,1785153447801731000,1785153447801735000,1785153447801735000,1785153447801735000,121932490,121652369,-85.121,0.000,0.000,1.000,4.000,0.000,0.000,0.000,0,0,0
B3_zmq_pushpull,zmq_tcp,none,none,,1,11342,512,584,1785153447802530000,1785153447802530000,1785153447802531000,1785153447802531000,1785153447802576000,1785153447802580000,1785153447802580000,1785153447802580000,121932490,121652369,-235.121,0.000,1.000,0.000,4.000,0.000,0.000,150.000,0,0,0
B3_zmq_pushpull,zmq_tcp,none,none,,1,11343,512,584,1785153447803534000,1785153447803534000,1785153447803534000,1785153447803535000,1785153447803698000,1785153447803701000,1785153447803701000,1785153447803701000,121932490,121652369,-117.121,0.000,0.000,1.000,3.000,0.000,0.000,118.000,0,0,0
B3_zmq_pushpull,zmq_tcp,none,none,,1,11344,512,584,1785153447804392000,1785153447804392000,1785153447804392000,1785153447804393000,1785153447804545000,1785153447804548000,1785153447804548000,1785153447804548000,121932490,121652369,-128.121,0.000,0.000,1.000,3.000,0.000,0.000,11.000,0,0,0
B3_zmq_pushpull,zmq_tcp,none,none,,1,11345,512,584,1785153447805394000,1785153447805395000,1785153447805395000,1785153447805396000,1785153447805544000,1785153447805547000,1785153447805547000,1785153447805547000,121932490,121652369,-132.121,1.000,0.000,1.000,3.000,0.000,0.000,4.000,0,0,0
B3_zmq_pushpull,zmq_tcp,none,none,,1,11346,512,584,1785153447806567000,1785153447806568000,1785153447806568000,1785153447806569000,1785153447806674000,1785153447806676000,1785153447806676000,1785153447806676000,121932490,121652369,-175.121,1.000,0.000,1.000,2.000,0.000,0.000,43.000,0,0,0
B3_zmq_pushpull,zmq_tcp,none,none,,1,11347,512,584,1785153447807525000,1785153447807525000,1785153447807525000,1785153447807526000,1785153447807673000,1785153447807675000,1785153447807675000,1785153447807675000,121932490,121652369,-133.121,0.000,0.000,1.000,2.000,0.000,0.000,42.000,0,0,0
B3_zmq_pushpull,zmq_tcp,none,none,,1,11348,512,584,1785153447808536000,1785153447808536000,1785153447808536000,1785153447808537000,1785153447808648000,1785153447808651000,1785153447808651000,1785153447808651000,121932490,121652369,-169.121,0.000,0.000,1.000,3.000,0.000,0.000,36.000,0,0,0
B3_zmq_pushpull,zmq_tcp,none,none,,1,11349,512,584,1785153447809531000,1785153447809532000,1785153447809532000,1785153447809533000,1785153447809645000,1785153447809648000,1785153447809648000,1785153447809648000,121932490,121652369,-168.121,1.000,0.000,1.000,3.000,0.000,0.000,1.000,0,0,0
B3_zmq_pushpull,zmq_tcp,none,none,,1,11350,512,584,1785153447810534000,1785153447810534000,1785153447810534000,1785153447810535000,1785153447810613000,1785153447810615000,1785153447810615000,1785153447810615000,121932490,121652369,-202.121,0.000,0.000,1.000,2.000,0.000,0.000,34.000,0,0,0
B3_zmq_pushpull,zmq_tcp,none,none,,1,11351,512,584,1785153447811533000,1785153447811534000,1785153447811534000,1785153447811535000,1785153447811597000,1785153447811600000,1785153447811600000,1785153447811600000,121932490,121652369,-218.121,1.000,0.000,1.000,3.000,0.000,0.000,16.000,0,0,0
B3_zmq_pushpull,zmq_tcp,none,none,,1,11352,512,584,1785153447812534000,1785153447812534000,1785153447812534000,1785153447812535000,1785153447812713000,1785153447812717000,1785153447812717000,1785153447812717000,121932490,121652369,-102.121,0.000,0.000,1.000,4.000,0.000,0.000,116.000,0,0,0
B3_zmq_pushpull,zmq_tcp,none,none,,1,11353,512,584,1785153447813531000,1785153447813532000,1785153447813532000,1785153447813533000,1785153447813707000,1785153447813710000,1785153447813710000,1785153447813710000,121932490,121652369,-106.121,1.000,0.000,1.000,3.000,0.000,0.000,4.000,0,0,0
B3_zmq_pushpull,zmq_tcp,none,none,,1,11354,512,584,1785153447814536000,1785153447814536000,1785153447814536000,1785153447814537000,1785153447814714000,1785153447814717000,1785153447814717000,1785153447814717000,121932490,121652369,-103.121,0.000,0.000,1.000,3.000,0.000,0.000,3.000,0,0,0
B3_zmq_pushpull,zmq_tcp,none,none,,1,11355,512,584,1785153447815534000,1785153447815534000,1785153447815534000,1785153447815535000,1785153447815718000,1785153447815721000,1785153447815721000,1785153447815721000,121932490,121652369,-97.121,0.000,0.000,1.000,3.000,0.000,0.000,6.000,0,0,0
B3_zmq_pushpull,zmq_tcp,none,none,,1,11356,512,584,1785153447816534000,1785153447816534000,1785153447816534000,1785153447816535000,1785153447816723000,1785153447816726000,1785153447816726000,1785153447816726000,121932490,121652369,-92.121,0.000,0.000,1.000,3.000,0.000,0.000,5.000,0,0,0
B3_zmq_pushpull,zmq_tcp,none,none,,1,11357,512,584,1785153447817531000,1785153447817531000,1785153447817531000,1785153447817532000,1785153447817584000,1785153447817588000,1785153447817588000,1785153447817588000,121932490,121652369,-228.121,0.000,0.000,1.000,4.000,0.000,0.000,136.000,0,0,0
B3_zmq_pushpull,zmq_tcp,none,none,,1,11358,512,584,1785153447818535000,1785153447818535000,1785153447818535000,1785153447818536000,1785153447818589000,1785153447818592000,1785153447818592000,1785153447818592000,121932490,121652369,-227.121,0.000,0.000,1.000,3.000,0.000,0.000,1.000,0,0,0
B3_zmq_pushpull,zmq_tcp,none,none,,1,11359,512,584,1785153447819441000,1785153447819441000,1785153447819441000,1785153447819442000,1785153447819594000,1785153447819597000,1785153447819597000,1785153447819597000,121932490,121652369,-128.121,0.000,0.000,1.000,3.000,0.000,0.000,99.000,0,0,0
B3_zmq_pushpull,zmq_tcp,none,none,,1,11360,512,584,1785153447820431000,1785153447820431000,1785153447820431000,1785153447820432000,1785153447820575000,1785153447820578000,1785153447820578000,1785153447820578000,121932490,121652369,-137.121,0.000,0.000,1.000,3.000,0.000,0.000,9.000,0,0,0
B3_zmq_pushpull,zmq_tcp,none,none,,1,11361,512,584,1785153447821416000,1785153447821416000,1785153447821416000,1785153447821417000,1785153447821561000,1785153447821563000,1785153447821563000,1785153447821563000,121932490,121652369,-136.121,0.000,0.000,1.000,2.000,0.000,0.000,1.000,0,0,0
B3_zmq_pushpull,zmq_tcp,none,none,,1,11362,512,584,1785153447822562000,1785153447822562000,1785153447822562000,1785153447822563000,1785153447822696000,1785153447822699000,1785153447822699000,1785153447822699000,121932490,121652369,-147.121,0.000,0.000,1.000,3.000,0.000,0.000,11.000,0,0,0
B3_zmq_pushpull,zmq_tcp,none,none,,1,11363,512,584,1785153447823527000,1785153447823527000,1785153447823527000,1785153447823528000,1785153447823683000,1785153447823686000,1785153447823686000,1785153447823686000,121932490,121652369,-125.121,0.000,0.000,1.000,3.000,0.000,0.000,22.000,0,0,0
B3_zmq_pushpull,zmq_tcp,none,none,,1,11364,512,584,1785153447824387000,1785153447824387000,1785153447824387000,1785153447824388000,1785153447824530000,1785153447824533000,1785153447824533000,1785153447824533000,121932490,121652369,-138.121,0.000,0.000,1.000,3.000,0.000,0.000,13.000,0,0,0
B3_zmq_pushpull,zmq_tcp,none,none,,1,11365,512,584,1785153447825570000,1785153447825570000,1785153447825570000,1785153447825571000,1785153447825653000,1785153447825655000,1785153447825655000,1785153447825655000,121932490,121652369,-198.121,0.000,0.000,1.000,2.000,0.000,0.000,60.000,0,0,0
B3_zmq_pushpull,zmq_tcp,none,none,,1,11366,512,584,1785153447826524000,1785153447826524000,1785153447826524000,1785153447826525000,1785153447826629000,1785153447826631000,1785153447826631000,1785153447826631000,121932490,121652369,-176.121,0.000,0.000,1.000,2.000,0.000,0.000,22.000,0,0,0
B3_zmq_pushpull,zmq_tcp,none,none,,1,11367,512,584,1785153447827536000,1785153447827536000,1785153447827536000,1785153447827537000,1785153447827621000,1785153447827623000,1785153447827623000,1785153447827623000,121932490,121652369,-196.121,0.000,0.000,1.000,2.000,0.000,0.000,20.000,0,0,0
B3_zmq_pushpull,zmq_tcp,none,none,,1,11368,512,584,1785153447828531000,1785153447828531000,1785153447828532000,1785153447828533000,1785153447828595000,1785153447828598000,1785153447828598000,1785153447828598000,121932490,121652369,-218.121,0.000,1.000,1.000,3.000,0.000,0.000,22.000,0,0,0
B3_zmq_pushpull,zmq_tcp,none,none,,1,11369,512,584,1785153447829536000,1785153447829536000,1785153447829536000,1785153447829537000,1785153447829589000,1785153447829593000,1785153447829593000,1785153447829593000,121932490,121652369,-228.121,0.000,0.000,1.000,4.000,0.000,0.000,10.000,0,0,0
B3_zmq_pushpull,zmq_tcp,none,none,,1,11370,512,584,1785153447830536000,1785153447830536000,1785153447830537000,1785153447830538000,1785153447830734000,1785153447830737000,1785153447830738000,1785153447830738000,121932490,121652369,-84.121,0.000,1.000,1.000,3.000,1.000,0.000,144.000,0,0,0
B3_zmq_pushpull,zmq_tcp,none,none,,1,11371,512,584,1785153447831435000,1785153447831435000,1785153447831436000,1785153447831436000,1785153447831589000,1785153447831592000,1785153447831592000,1785153447831592000,121932490,121652369,-127.121,0.000,1.000,0.000,3.000,0.000,0.000,43.000,0,0,0
B3_zmq_pushpull,zmq_tcp,none,none,,1,11372,512,584,1785153447832427000,1785153447832427000,1785153447832427000,1785153447832428000,1785153447832585000,1785153447832587000,1785153447832587000,1785153447832587000,121932490,121652369,-123.121,0.000,0.000,1.000,2.000,0.000,0.000,4.000,0,0,0
B3_zmq_pushpull,zmq_tcp,none,none,,1,11373,512,584,1785153447833562000,1785153447833562000,1785153447833562000,1785153447833563000,1785153447833744000,1785153447833747000,1785153447833747000,1785153447833747000,121932490,121652369,-99.121,0.000,0.000,1.000,3.000,0.000,0.000,24.000,0,0,0
B3_zmq_pushpull,zmq_tcp,none,none,,1,11374,512,584,1785153447834524000,1785153447834524000,1785153447834524000,1785153447834525000,1785153447834617000,1785153447834619000,1785153447834619000,1785153447834619000,121932490,121652369,-188.121,0.000,0.000,1.000,2.000,0.000,0.000,89.000,0,0,0
B3_zmq_pushpull,zmq_tcp,none,none,,1,11375,512,584,1785153447835537000,1785153447835537000,1785153447835537000,1785153447835538000,1785153447835619000,1785153447835622000,1785153447835622000,1785153447835622000,121932490,121652369,-199.121,0.000,0.000,1.000,3.000,0.000,0.000,11.000,0,0,0
B3_zmq_pushpull,zmq_tcp,none,none,,1,11376,512,584,1785153447836493000,1785153447836493000,1785153447836493000,1785153447836494000,1785153447836630000,1785153447836633000,1785153447836633000,1785153447836633000,121932490,121652369,-144.121,0.000,0.000,1.000,3.000,0.000,0.000,55.000,0,0,0
B3_zmq_pushpull,zmq_tcp,none,none,,1,11377,512,584,1785153447837545000,1785153447837545000,1785153447837545000,1785153447837546000,1785153447837645000,1785153447837647000,1785153447837647000,1785153447837647000,121932490,121652369,-181.121,0.000,0.000,1.000,2.000,0.000,0.000,37.000,0,0,0
B3_zmq_pushpull,zmq_tcp,none,none,,1,11378,512,584,1785153447838529000,1785153447838529000,1785153447838529000,1785153447838530000,1785153447838640000,1785153447838643000,1785153447838643000,1785153447838643000,121932490,121652369,-170.121,0.000,0.000,1.000,3.000,0.000,0.000,11.000,0,0,0
B3_zmq_pushpull,zmq_tcp,none,none,,1,11379,512,584,1785153447839535000,1785153447839535000,1785153447839536000,1785153447839536000,1785153447839636000,1785153447839640000,1785153447839640000,1785153447839640000,121932490,121652369,-180.121,0.000,1.000,0.000,4.000,0.000,0.000,10.000,0,0,0
B3_zmq_pushpull,zmq_tcp,none,none,,1,11380,512,584,1785153447840352000,1785153447840352000,1785153447840352000,1785153447840353000,1785153447840514000,1785153447840516000,1785153447840516000,1785153447840516000,121932490,121652369,-119.121,0.000,0.000,1.000,2.000,0.000,0.000,61.000,0,0,0
B3_zmq_pushpull,zmq_tcp,none,none,,1,11381,512,584,1785153447841580000,1785153447841580000,1785153447841580000,1785153447841581000,1785153447841667000,1785153447841670000,1785153447841670000,1785153447841670000,121932490,121652369,-194.121,0.000,0.000,1.000,3.000,0.000,0.000,75.000,0,0,0
B3_zmq_pushpull,zmq_tcp,none,none,,1,11382,512,584,1785153447842520000,1785153447842520000,1785153447842520000,1785153447842521000,1785153447842662000,1785153447842664000,1785153447842665000,1785153447842665000,121932490,121652369,-139.121,0.000,0.000,1.000,2.000,1.000,0.000,55.000,0,0,0
B3_zmq_pushpull,zmq_tcp,none,none,,1,11383,512,584,1785153447843537000,1785153447843537000,1785153447843537000,1785153447843539000,1785153447843679000,1785153447843683000,1785153447843683000,1785153447843683000,121932490,121652369,-140.121,0.000,0.000,2.000,4.000,0.000,0.000,1.000,0,0,0
B3_zmq_pushpull,zmq_tcp,none,none,,1,11384,512,584,1785153447844385000,1785153447844385000,1785153447844385000,1785153447844387000,1785153447844548000,1785153447844551000,1785153447844551000,1785153447844551000,121932490,121652369,-119.121,0.000,0.000,2.000,3.000,0.000,0.000,21.000,0,0,0
B3_zmq_pushpull,zmq_tcp,none,none,,1,11385,512,584,1785153447845574000,1785153447845574000,1785153447845574000,1785153447845575000,1785153447845690000,1785153447845692000,1785153447845692000,1785153447845692000,121932490,121652369,-165.121,0.000,0.000,1.000,2.000,0.000,0.000,46.000,0,0,0
B3_zmq_pushpull,zmq_tcp,none,none,,1,11386,512,584,1785153447846525000,1785153447846525000,1785153447846525000,1785153447846526000,1785153447846568000,1785153447846571000,1785153447846572000,1785153447846572000,121932490,121652369,-238.121,0.000,0.000,1.000,3.000,1.000,0.000,73.000,0,0,0
B3_zmq_pushpull,zmq_tcp,none,none,,1,11387,512,584,1785153447847537000,1785153447847537000,1785153447847537000,1785153447847538000,1785153447847587000,1785153447847590000,1785153447847591000,1785153447847591000,121932490,121652369,-231.121,0.000,0.000,1.000,3.000,1.000,0.000,7.000,0,0,0
B3_zmq_pushpull,zmq_tcp,none,none,,1,11388,512,584,1785153447848535000,1785153447848535000,1785153447848535000,1785153447848536000,1785153447848583000,1785153447848586000,1785153447848586000,1785153447848586000,121932490,121652369,-233.121,0.000,0.000,1.000,3.000,0.000,0.000,2.000,0,0,0
B3_zmq_pushpull,zmq_tcp,none,none,,1,11389,512,584,1785153447849427000,1785153447849427000,1785153447849427000,1785153447849428000,1785153447849579000,1785153447849582000,1785153447849582000,1785153447849582000,121932490,121652369,-129.121,0.000,0.000,1.000,3.000,0.000,0.000,104.000,0,0,0
B3_zmq_pushpull,zmq_tcp,none,none,,1,11390,512,584,1785153447850563000,1785153447850563000,1785153447850563000,1785153447850564000,1785153447850729000,1785153447850732000,1785153447850732000,1785153447850732000,121932490,121652369,-115.121,0.000,0.000,1.000,3.000,0.000,0.000,14.000,0,0,0
B3_zmq_pushpull,zmq_tcp,none,none,,1,11391,512,584,1785153447851528000,1785153447851528000,1785153447851528000,1785153447851529000,1785153447851576000,1785153447851580000,1785153447851580000,1785153447851580000,121932490,121652369,-233.121,0.000,0.000,1.000,4.000,0.000,0.000,118.000,0,0,0
B3_zmq_pushpull,zmq_tcp,none,none,,1,11392,512,584,1785153447852422000,1785153447852422000,1785153447852422000,1785153447852423000,1785153447852578000,1785153447852580000,1785153447852580000,1785153447852581000,121932490,121652369,-125.121,0.000,0.000,1.000,2.000,0.000,1.000,108.000,0,0,0
B3_zmq_pushpull,zmq_tcp,none,none,,1,11393,512,584,1785153447853562000,1785153447853562000,1785153447853563000,1785153447853564000,1785153447853702000,1785153447853705000,1785153447853705000,1785153447853705000,121932490,121652369,-142.121,0.000,1.000,1.000,3.000,0.000,0.000,17.000,0,0,0
B3_zmq_pushpull,zmq_tcp,none,none,,1,11394,512,584,1785153447854527000,1785153447854527000,1785153447854527000,1785153447854528000,1785153447854692000,1785153447854695000,1785153447854695000,1785153447854695000,121932490,121652369,-116.121,0.000,0.000,1.000,3.000,0.000,0.000,26.000,0,0,0
B3_zmq_pushpull,zmq_tcp,none,none,,1,11395,512,584,1785153447855536000,1785153447855536000,1785153447855536000,1785153447855537000,1785153447855699000,1785153447855702000,1785153447855702000,1785153447855702000,121932490,121652369,-118.121,0.000,0.000,1.000,3.000,0.000,0.000,2.000,0,0,0
B3_zmq_pushpull,zmq_tcp,none,none,,1,11396,512,584,1785153447856534000,1785153447856535000,1785153447856535000,1785153447856536000,1785153447856699000,1785153447856702000,1785153447856702000,1785153447856702000,121932490,121652369,-117.121,1.000,0.000,1.000,3.000,0.000,0.000,1.000,0,0,0
B3_zmq_pushpull,zmq_tcp,none,none,,1,11397,512,584,1785153447857400000,1785153447857400000,1785153447857400000,1785153447857401000,1785153447857562000,1785153447857565000,1785153447857565000,1785153447857565000,121932490,121652369,-119.121,0.000,0.000,1.000,3.000,0.000,0.000,2.000,0,0,0
B3_zmq_pushpull,zmq_tcp,none,none,,1,11398,512,584,1785153447858418000,1785153447858418000,1785153447858418000,1785153447858419000,1785153447858571000,1785153447858574000,1785153447858574000,1785153447858574000,121932490,121652369,-128.121,0.000,0.000,1.000,3.000,0.000,0.000,9.000,0,0,0
B3_zmq_pushpull,zmq_tcp,none,none,,1,11399,512,584,1785153447859563000,1785153447859564000,1785153447859564000,1785153447859565000,1785153447859702000,1785153447859705000,1785153447859705000,1785153447859705000,121932490,121652369,-143.121,1.000,0.000,1.000,3.000,0.000,0.000,15.000,0,0,0
B3_zmq_pushpull,zmq_tcp,none,none,,1,11400,512,584,1785153447860532000,1785153447860532000,1785153447860532000,1785153447860533000,1785153447860696000,1785153447860699000,1785153447860699000,1785153447860699000,121932490,121652369,-117.121,0.000,0.000,1.000,3.000,0.000,0.000,26.000,0,0,0
B3_zmq_pushpull,zmq_tcp,none,none,,1,11401,512,584,1785153447861381000,1785153447861381000,1785153447861381000,1785153447861382000,1785153447861433000,1785153447861436000,1785153447861436000,1785153447861436000,121932490,121652369,-229.121,0.000,0.000,1.000,3.000,0.000,0.000,112.000,0,0,0
B3_zmq_pushpull,zmq_tcp,none,none,,1,11402,512,584,1785153447862414000,1785153447862414000,1785153447862414000,1785153447862415000,1785153447862573000,1785153447862575000,1785153447862575000,1785153447862575000,121932490,121652369,-122.121,0.000,0.000,1.000,2.000,0.000,0.000,107.000,0,0,0
B3_zmq_pushpull,zmq_tcp,none,none,,1,11403,512,584,1785153447863565000,1785153447863565000,1785153447863565000,1785153447863566000,1785153447863721000,1785153447863723000,1785153447863723000,1785153447863723000,121932490,121652369,-125.121,0.000,0.000,1.000,2.000,0.000,0.000,3.000,0,0,0
B3_zmq_pushpull,zmq_tcp,none,none,,1,11404,512,584,1785153447864428000,1785153447864428000,1785153447864428000,1785153447864429000,1785153447864585000,1785153447864587000,1785153447864587000,1785153447864587000,121932490,121652369,-124.121,0.000,0.000,1.000,2.000,0.000,0.000,1.000,0,0,0
B3_zmq_pushpull,zmq_tcp,none,none,,1,11405,512,584,1785153447865560000,1785153447865560000,1785153447865560000,1785153447865561000,1785153447865699000,1785153447865702000,1785153447865702000,1785153447865702000,121932490,121652369,-142.121,0.000,0.000,1.000,3.000,0.000,0.000,18.000,0,0,0
B3_zmq_pushpull,zmq_tcp,none,none,,1,11406,512,584,1785153447866394000,1785153447866394000,1785153447866394000,1785153447866395000,1785153447866545000,1785153447866547000,1785153447866547000,1785153447866547000,121932490,121652369,-130.121,0.000,0.000,1.000,2.000,0.000,0.000,12.000,0,0,0
B3_zmq_pushpull,zmq_tcp,none,none,,1,11407,512,584,1785153447867570000,1785153447867570000,1785153447867570000,1785153447867571000,1785153447867703000,1785153447867706000,1785153447867706000,1785153447867706000,121932490,121652369,-148.121,0.000,0.000,1.000,3.000,0.000,0.000,18.000,0,0,0
B3_zmq_pushpull,zmq_tcp,none,none,,1,11408,512,584,1785153447868524000,1785153447868524000,1785153447868524000,1785153447868525000,1785153447868693000,1785153447868695000,1785153447868695000,1785153447868695000,121932490,121652369,-112.121,0.000,0.000,1.000,2.000,0.000,0.000,36.000,0,0,0
B3_zmq_pushpull,zmq_tcp,none,none,,1,11409,512,584,1785153447869537000,1785153447869537000,1785153447869537000,1785153447869538000,1785153447869688000,1785153447869690000,1785153447869690000,1785153447869690000,121932490,121652369,-130.121,0.000,0.000,1.000,2.000,0.000,0.000,18.000,0,0,0
B3_zmq_pushpull,zmq_tcp,none,none,,1,11410,512,584,1785153447870535000,1785153447870536000,1785153447870536000,1785153447870537000,1785153447870699000,1785153447870702000,1785153447870702000,1785153447870702000,121932490,121652369,-118.121,1.000,0.000,1.000,3.000,0.000,0.000,12.000,0,0,0
B3_zmq_pushpull,zmq_tcp,none,none,,1,11411,512,584,1785153447871539000,1785153447871539000,1785153447871539000,1785153447871540000,1785153447871698000,1785153447871701000,1785153447871701000,1785153447871701000,121932490,121652369,-122.121,0.000,0.000,1.000,3.000,0.000,0.000,4.000,0,0,0
B3_zmq_pushpull,zmq_tcp,none,none,,1,11412,512,584,1785153447872400000,1785153447872401000,1785153447872401000,1785153447872402000,1785153447872555000,1785153447872558000,1785153447872558000,1785153447872558000,121932490,121652369,-127.121,1.000,0.000,1.000,3.000,0.000,0.000,5.000,0,0,0
B3_zmq_pushpull,zmq_tcp,none,none,,1,11413,512,584,1785153447873568000,1785153447873568000,1785153447873568000,1785153447873569000,1785153447873688000,1785153447873691000,1785153447873691000,1785153447873691000,121932490,121652369,-161.121,0.000,0.000,1.000,3.000,0.000,0.000,34.000,0,0,0
B3_zmq_pushpull,zmq_tcp,none,none,,1,11414,512,584,1785153447874389000,1785153447874389000,1785153447874389000,1785153447874390000,1785153447874550000,1785153447874553000,1785153447874553000,1785153447874553000,121932490,121652369,-120.121,0.000,0.000,1.000,3.000,0.000,0.000,41.000,0,0,0
B3_zmq_pushpull,zmq_tcp,none,none,,1,11415,512,584,1785153447875571000,1785153447875572000,1785153447875572000,1785153447875573000,1785153447875690000,1785153447875693000,1785153447875693000,1785153447875693000,121932490,121652369,-163.121,1.000,0.000,1.000,3.000,0.000,0.000,43.000,0,0,0
B3_zmq_pushpull,zmq_tcp,none,none,,1,11416,512,584,1785153447876522000,1785153447876523000,1785153447876523000,1785153447876524000,1785153447876695000,1785153447876698000,1785153447876698000,1785153447876698000,121932490,121652369,-109.121,1.000,0.000,1.000,3.000,0.000,0.000,54.000,0,0,0
B3_zmq_pushpull,zmq_tcp,none,none,,1,11417,512,584,1785153447877398000,1785153447877398000,1785153447877398000,1785153447877399000,1785153447877554000,1785153447877557000,1785153447877557000,1785153447877557000,121932490,121652369,-125.121,0.000,0.000,1.000,3.000,0.000,0.000,16.000,0,0,0
B3_zmq_pushpull,zmq_tcp,none,none,,1,11418,512,584,1785153447878407000,1785153447878408000,1785153447878408000,1785153447878409000,1785153447878562000,1785153447878565000,1785153447878565000,1785153447878565000,121932490,121652369,-127.121,1.000,0.000,1.000,3.000,0.000,0.000,2.000,0,0,0
B3_zmq_pushpull,zmq_tcp,none,none,,1,11419,512,584,1785153447879407000,1785153447879407000,1785153447879407000,1785153447879408000,1785153447879565000,1785153447879568000,1785153447879568000,1785153447879568000,121932490,121652369,-123.121,0.000,0.000,1.000,3.000,0.000,0.000,4.000,0,0,0
B3_zmq_pushpull,zmq_tcp,none,none,,1,11420,512,584,1785153447880416000,1785153447880416000,1785153447880417000,1785153447880417000,1785153447880573000,1785153447880576000,1785153447880576000,1785153447880576000,121932490,121652369,-124.121,0.000,1.000,0.000,3.000,0.000,0.000,1.000,0,0,0
B3_zmq_pushpull,zmq_tcp,none,none,,1,11421,512,584,1785153447881564000,1785153447881564000,1785153447881564000,1785153447881565000,1785153447881731000,1785153447881734000,1785153447881734000,1785153447881734000,121932490,121652369,-114.121,0.000,0.000,1.000,3.000,0.000,0.000,10.000,0,0,0
B3_zmq_pushpull,zmq_tcp,none,none,,1,11422,512,584,1785153447882441000,1785153447882442000,1785153447882442000,1785153447882443000,1785153447882603000,1785153447882606000,1785153447882606000,1785153447882606000,121932490,121652369,-120.121,1.000,0.000,1.000,3.000,0.000,0.000,6.000,0,0,0
B3_zmq_pushpull,zmq_tcp,none,none,,1,11423,512,584,1785153447883560000,1785153447883560000,1785153447883560000,1785153447883561000,1785153447883751000,1785153447883754000,1785153447883754000,1785153447883754000,121932490,121652369,-90.121,0.000,0.000,1.000,3.000,0.000,0.000,30.000,0,0,0
B3_zmq_pushpull,zmq_tcp,none,none,,1,11424,512,584,1785153447884528000,1785153447884528000,1785153447884528000,1785153447884529000,1785153447884593000,1785153447884596000,1785153447884596000,1785153447884596000,121932490,121652369,-216.121,0.000,0.000,1.000,3.000,0.000,0.000,126.000,0,0,0
B3_zmq_pushpull,zmq_tcp,none,none,,1,11425,512,584,1785153447885537000,1785153447885537000,1785153447885538000,1785153447885538000,1785153447885702000,1785153447885705000,1785153447885705000,1785153447885705000,121932490,121652369,-116.121,0.000,1.000,0.000,3.000,0.000,0.000,100.000,0,0,0
B3_zmq_pushpull,zmq_tcp,none,none,,1,11426,512,584,1785153447886533000,1785153447886533000,1785153447886533000,1785153447886534000,1785153447886726000,1785153447886729000,1785153447886729000,1785153447886729000,121932490,121652369,-88.121,0.000,0.000,1.000,3.000,0.000,0.000,28.000,0,0,0
B3_zmq_pushpull,zmq_tcp,none,none,,1,11427,512,584,1785153447887434000,1785153447887434000,1785153447887434000,1785153447887435000,1785153447887594000,1785153447887597000,1785153447887597000,1785153447887597000,121932490,121652369,-121.121,0.000,0.000,1.000,3.000,0.000,0.000,33.000,0,0,0
B3_zmq_pushpull,zmq_tcp,none,none,,1,11428,512,584,1785153447888560000,1785153447888560000,1785153447888560000,1785153447888561000,1785153447888612000,1785153447888615000,1785153447888615000,1785153447888615000,121932490,121652369,-229.121,0.000,0.000,1.000,3.000,0.000,0.000,108.000,0,0,0
B3_zmq_pushpull,zmq_tcp,none,none,,1,11429,512,584,1785153447889527000,1785153447889528000,1785153447889528000,1785153447889529000,1785153447889613000,1785153447889616000,1785153447889616000,1785153447889616000,121932490,121652369,-196.121,1.000,0.000,1.000,3.000,0.000,0.000,33.000,0,0,0
B3_zmq_pushpull,zmq_tcp,none,none,,1,11430,512,584,1785153447890536000,1785153447890536000,1785153447890536000,1785153447890537000,1785153447890617000,1785153447890620000,1785153447890620000,1785153447890620000,121932490,121652369,-200.121,0.000,0.000,1.000,3.000,0.000,0.000,4.000,0,0,0
B3_zmq_pushpull,zmq_tcp,none,none,,1,11431,512,584,1785153447891535000,1785153447891536000,1785153447891536000,1785153447891537000,1785153447891623000,1785153447891626000,1785153447891626000,1785153447891626000,121932490,121652369,-194.121,1.000,0.000,1.000,3.000,0.000,0.000,6.000,0,0,0
B3_zmq_pushpull,zmq_tcp,none,none,,1,11432,512,584,1785153447892535000,1785153447892535000,1785153447892535000,1785153447892536000,1785153447892616000,1785153447892624000,1785153447892624000,1785153447892624000,121932490,121652369,-200.121,0.000,0.000,1.000,8.000,0.000,0.000,6.000,0,0,0
B3_zmq_pushpull,zmq_tcp,none,none,,1,11433,512,584,1785153447893533000,1785153447893533000,1785153447893533000,1785153447893534000,1785153447893622000,1785153447893625000,1785153447893625000,1785153447893625000,121932490,121652369,-192.121,0.000,0.000,1.000,3.000,0.000,0.000,8.000,0,0,0
B3_zmq_pushpull,zmq_tcp,none,none,,1,11434,512,584,1785153447894535000,1785153447894535000,1785153447894535000,1785153447894536000,1785153447894621000,1785153447894623000,1785153447894623000,1785153447894623000,121932490,121652369,-195.121,0.000,0.000,1.000,2.000,0.000,0.000,3.000,0,0,0
B3_zmq_pushpull,zmq_tcp,none,none,,1,11435,512,584,1785153447895535000,1785153447895535000,1785153447895535000,1785153447895536000,1785153447895631000,1785153447895634000,1785153447895634000,1785153447895634000,121932490,121652369,-185.121,0.000,0.000,1.000,3.000,0.000,0.000,10.000,0,0,0
B3_zmq_pushpull,zmq_tcp,none,none,,1,11436,512,584,1785153447896534000,1785153447896534000,1785153447896535000,1785153447896535000,1785153447896649000,1785153447896651000,1785153447896651000,1785153447896651000,121932490,121652369,-166.121,0.000,1.000,0.000,2.000,0.000,0.000,19.000,0,0,0
B3_zmq_pushpull,zmq_tcp,none,none,,1,11437,512,584,1785153447897536000,1785153447897536000,1785153447897536000,1785153447897537000,1785153447897659000,1785153447897662000,1785153447897662000,1785153447897662000,121932490,121652369,-158.121,0.000,0.000,1.000,3.000,0.000,0.000,8.000,0,0,0
B3_zmq_pushpull,zmq_tcp,none,none,,1,11438,512,584,1785153447898534000,1785153447898534000,1785153447898534000,1785153447898535000,1785153447898664000,1785153447898666000,1785153447898666000,1785153447898666000,121932490,121652369,-151.121,0.000,0.000,1.000,2.000,0.000,0.000,7.000,0,0,0
B3_zmq_pushpull,zmq_tcp,none,none,,1,11439,512,584,1785153447899535000,1785153447899535000,1785153447899535000,1785153447899536000,1785153447899680000,1785153447899684000,1785153447899684000,1785153447899684000,121932490,121652369,-136.121,0.000,0.000,1.000,4.000,0.000,0.000,15.000,0,0,0
B3_zmq_pushpull,zmq_tcp,none,none,,1,11440,512,584,1785153447900534000,1785153447900534000,1785153447900535000,1785153447900535000,1785153447900687000,1785153447900690000,1785153447900690000,1785153447900690000,121932490,121652369,-128.121,0.000,1.000,0.000,3.000,0.000,0.000,8.000,0,0,0
B3_zmq_pushpull,zmq_tcp,none,none,,1,11441,512,584,1785153447901532000,1785153447901532000,1785153447901532000,1785153447901533000,1785153447901695000,1785153447901698000,1785153447901698000,1785153447901698000,121932490,121652369,-118.121,0.000,0.000,1.000,3.000,0.000,0.000,10.000,0,0,0
B3_zmq_pushpull,zmq_tcp,none,none,,1,11442,512,584,1785153447902536000,1785153447902536000,1785153447902536000,1785153447902537000,1785153447902690000,1785153447902692000,1785153447902692000,1785153447902692000,121932490,121652369,-127.121,0.000,0.000,1.000,2.000,0.000,0.000,9.000,0,0,0
B3_zmq_pushpull,zmq_tcp,none,none,,1,11443,512,584,1785153447903535000,1785153447903535000,1785153447903535000,1785153447903536000,1785153447903689000,1785153447903691000,1785153447903691000,1785153447903691000,121932490,121652369,-127.121,0.000,0.000,1.000,2.000,0.000,0.000,0.000,0,0,0
B3_zmq_pushpull,zmq_tcp,none,none,,1,11444,512,584,1785153447904535000,1785153447904535000,1785153447904535000,1785153447904536000,1785153447904698000,1785153447904701000,1785153447904701000,1785153447904701000,121932490,121652369,-118.121,0.000,0.000,1.000,3.000,0.000,0.000,9.000,0,0,0
B3_zmq_pushpull,zmq_tcp,none,none,,1,11445,512,584,1785153447905535000,1785153447905535000,1785153447905535000,1785153447905536000,1785153447905698000,1785153447905701000,1785153447905701000,1785153447905701000,121932490,121652369,-118.121,0.000,0.000,1.000,3.000,0.000,0.000,0.000,0,0,0
B3_zmq_pushpull,zmq_tcp,none,none,,1,11446,512,584,1785153447906534000,1785153447906534000,1785153447906534000,1785153447906535000,1785153447906697000,1785153447906700000,1785153447906700000,1785153447906700000,121932490,121652369,-118.121,0.000,0.000,1.000,3.000,0.000,0.000,0.000,0,0,0
B3_zmq_pushpull,zmq_tcp,none,none,,1,11447,512,584,1785153447907534000,1785153447907534000,1785153447907534000,1785153447907535000,1785153447907695000,1785153447907698000,1785153447907698000,1785153447907698000,121932490,121652369,-120.121,0.000,0.000,1.000,3.000,0.000,0.000,2.000,0,0,0
B3_zmq_pushpull,zmq_tcp,none,none,,1,11448,512,584,1785153447908535000,1785153447908535000,1785153447908535000,1785153447908536000,1785153447908685000,1785153447908688000,1785153447908688000,1785153447908688000,121932490,121652369,-131.121,0.000,0.000,1.000,3.000,0.000,0.000,11.000,0,0,0
B3_zmq_pushpull,zmq_tcp,none,none,,1,11449,512,584,1785153447909533000,1785153447909533000,1785153447909533000,1785153447909534000,1785153447909694000,1785153447909697000,1785153447909697000,1785153447909697000,121932490,121652369,-120.121,0.000,0.000,1.000,3.000,0.000,0.000,11.000,0,0,0
B3_zmq_pushpull,zmq_tcp,none,none,,1,11450,512,584,1785153447910535000,1785153447910535000,1785153447910535000,1785153447910536000,1785153447910695000,1785153447910698000,1785153447910698000,1785153447910698000,121932490,121652369,-121.121,0.000,0.000,1.000,3.000,0.000,0.000,1.000,0,0,0
B3_zmq_pushpull,zmq_tcp,none,none,,1,11451,512,584,1785153447911535000,1785153447911535000,1785153447911535000,1785153447911536000,1785153447911701000,1785153447911703000,1785153447911704000,1785153447911704000,121932490,121652369,-115.121,0.000,0.000,1.000,2.000,1.000,0.000,6.000,0,0,0
B3_zmq_pushpull,zmq_tcp,none,none,,1,11452,512,584,1785153447912411000,1785153447912411000,1785153447912411000,1785153447912412000,1785153447912570000,1785153447912573000,1785153447912573000,1785153447912573000,121932490,121652369,-122.121,0.000,0.000,1.000,3.000,0.000,0.000,7.000,0,0,0
B3_zmq_pushpull,zmq_tcp,none,none,,1,11453,512,584,1785153447913432000,1785153447913432000,1785153447913432000,1785153447913433000,1785153447913587000,1785153447913591000,1785153447913591000,1785153447913591000,121932490,121652369,-126.121,0.000,0.000,1.000,4.000,0.000,0.000,4.000,0,0,0
B3_zmq_pushpull,zmq_tcp,none,none,,1,11454,512,584,1785153447914560000,1785153447914560000,1785153447914560000,1785153447914561000,1785153447914725000,1785153447914728000,1785153447914728000,1785153447914728000,121932490,121652369,-116.121,0.000,0.000,1.000,3.000,0.000,0.000,10.000,0,0,0
B3_zmq_pushpull,zmq_tcp,none,none,,1,11455,512,584,1785153447915528000,1785153447915528000,1785153447915528000,1785153447915529000,1785153447915590000,1785153447915593000,1785153447915593000,1785153447915593000,121932490,121652369,-219.121,0.000,0.000,1.000,3.000,0.000,0.000,103.000,0,0,0
B3_zmq_pushpull,zmq_tcp,none,none,,1,11456,512,584,1785153447916537000,1785153447916537000,1785153447916537000,1785153447916538000,1785153447916589000,1785153447916592000,1785153447916592000,1785153447916592000,121932490,121652369,-229.121,0.000,0.000,1.000,3.000,0.000,0.000,10.000,0,0,0
B3_zmq_pushpull,zmq_tcp,none,none,,1,11457,512,584,1785153447917443000,1785153447917443000,1785153447917444000,1785153447917444000,1785153447917602000,1785153447917605000,1785153447917605000,1785153447917605000,121932490,121652369,-122.121,0.000,1.000,0.000,3.000,0.000,0.000,107.000,0,0,0
B3_zmq_pushpull,zmq_tcp,none,none,,1,11458,512,584,1785153447918557000,1785153447918558000,1785153447918558000,1785153447918559000,1785153447918740000,1785153447918742000,1785153447918742000,1785153447918742000,121932490,121652369,-99.121,1.000,0.000,1.000,2.000,0.000,0.000,23.000,0,0,0
B3_zmq_pushpull,zmq_tcp,none,none,,1,11459,512,584,1785153447919529000,1785153447919529000,1785153447919529000,1785153447919530000,1785153447919605000,1785153447919608000,1785153447919608000,1785153447919608000,121932490,121652369,-205.121,0.000,0.000,1.000,3.000,0.000,0.000,106.000,0,0,0
B3_zmq_pushpull,zmq_tcp,none,none,,1,11460,512,584,1785153447920536000,1785153447920536000,1785153447920536000,1785153447920537000,1785153447920607000,1785153447920610000,1785153447920610000,1785153447920610000,121932490,121652369,-210.121,0.000,0.000,1.000,3.000,0.000,0.000,5.000,0,0,0
B3_zmq_pushpull,zmq_tcp,none,none,,1,11461,512,584,1785153447921533000,1785153447921534000,1785153447921534000,1785153447921535000,1785153447921596000,1785153447921599000,1785153447921599000,1785153447921599000,121932490,121652369,-219.121,1.000,0.000,1.000,3.000,0.000,0.000,9.000,0,0,0
B3_zmq_pushpull,zmq_tcp,none,none,,1,11462,512,584,1785153447922534000,1785153447922535000,1785153447922535000,1785153447922536000,1785153447922594000,1785153447922597000,1785153447922597000,1785153447922597000,121932490,121652369,-222.121,1.000,0.000,1.000,3.000,0.000,0.000,3.000,0,0,0
B3_zmq_pushpull,zmq_tcp,none,none,,1,11463,512,584,1785153447923533000,1785153447923534000,1785153447923534000,1785153447923535000,1785153447923617000,1785153447923620000,1785153447923620000,1785153447923620000,121932490,121652369,-198.121,1.000,0.000,1.000,3.000,0.000,0.000,24.000,0,0,0
B3_zmq_pushpull,zmq_tcp,none,none,,1,11464,512,584,1785153447924534000,1785153447924535000,1785153447924535000,1785153447924536000,1785153447924624000,1785153447924626000,1785153447924626000,1785153447924626000,121932490,121652369,-192.121,1.000,0.000,1.000,2.000,0.000,0.000,6.000,0,0,0
B3_zmq_pushpull,zmq_tcp,none,none,,1,11465,512,584,1785153447925536000,1785153447925536000,1785153447925536000,1785153447925537000,1785153447925621000,1785153447925624000,1785153447925624000,1785153447925624000,121932490,121652369,-196.121,0.000,0.000,1.000,3.000,0.000,0.000,4.000,0,0,0
B3_zmq_pushpull,zmq_tcp,none,none,,1,11466,512,584,1785153447926533000,1785153447926533000,1785153447926533000,1785153447926534000,1785153447926630000,1785153447926633000,1785153447926633000,1785153447926633000,121932490,121652369,-184.121,0.000,0.000,1.000,3.000,0.000,0.000,12.000,0,0,0
B3_zmq_pushpull,zmq_tcp,none,none,,1,11467,512,584,1785153447927535000,1785153447927535000,1785153447927535000,1785153447927536000,1785153447927642000,1785153447927645000,1785153447927645000,1785153447927645000,121932490,121652369,-174.121,0.000,0.000,1.000,3.000,0.000,0.000,10.000,0,0,0
B3_zmq_pushpull,zmq_tcp,none,none,,1,11468,512,584,1785153447928535000,1785153447928535000,1785153447928536000,1785153447928536000,1785153447928630000,1785153447928634000,1785153447928634000,1785153447928634000,121932490,121652369,-186.121,0.000,1.000,0.000,4.000,0.000,0.000,12.000,0,0,0
B3_zmq_pushpull,zmq_tcp,none,none,,1,11469,512,584,1785153447929347000,1785153447929347000,1785153447929347000,1785153447929348000,1785153447929488000,1785153447929490000,1785153447929490000,1785153447929490000,121932490,121652369,-140.121,0.000,0.000,1.000,2.000,0.000,0.000,46.000,0,0,0
B3_zmq_pushpull,zmq_tcp,none,none,,1,11470,512,584,1785153447930343000,1785153447930344000,1785153447930344000,1785153447930345000,1785153447930505000,1785153447930508000,1785153447930508000,1785153447930508000,121932490,121652369,-120.121,1.000,0.000,1.000,3.000,0.000,0.000,20.000,0,0,0
B3_zmq_pushpull,zmq_tcp,none,none,,1,11471,512,584,1785153447931586000,1785153447931586000,1785153447931586000,1785153447931587000,1785153447931774000,1785153447931777000,1785153447931777000,1785153447931777000,121932490,121652369,-93.121,0.000,0.000,1.000,3.000,0.000,0.000,27.000,0,0,0
B3_zmq_pushpull,zmq_tcp,none,none,,1,11472,512,584,1785153447932345000,1785153447932345000,1785153447932345000,1785153447932346000,1785153447932505000,1785153447932508000,1785153447932508000,1785153447932508000,121932490,121652369,-121.121,0.000,0.000,1.000,3.000,0.000,0.000,28.000,0,0,0
B3_zmq_pushpull,zmq_tcp,none,none,,1,11473,512,584,1785153447933587000,1785153447933588000,1785153447933588000,1785153447933589000,1785153447933665000,1785153447933669000,1785153447933669000,1785153447933669000,121932490,121652369,-204.121,1.000,0.000,1.000,4.000,0.000,0.000,83.000,0,0,0
B3_zmq_pushpull,zmq_tcp,none,none,,1,11474,512,584,1785153447934371000,1785153447934371000,1785153447934371000,1785153447934372000,1785153447934516000,1785153447934518000,1785153447934519000,1785153447934519000,121932490,121652369,-136.121,0.000,0.000,1.000,2.000,1.000,0.000,68.000,0,0,0
B3_zmq_pushpull,zmq_tcp,none,none,,1,11475,512,584,1785153447935576000,1785153447935576000,1785153447935576000,1785153447935577000,1785153447935662000,1785153447935665000,1785153447935666000,1785153447935666000,121932490,121652369,-195.121,0.000,0.000,1.000,3.000,1.000,0.000,59.000,0,0,0
B3_zmq_pushpull,zmq_tcp,none,none,,1,11476,512,584,1785153447936357000,1785153447936357000,1785153447936357000,1785153447936358000,1785153447936512000,1785153447936514000,1785153447936514000,1785153447936514000,121932490,121652369,-126.121,0.000,0.000,1.000,2.000,0.000,0.000,69.000,0,0,0
B3_zmq_pushpull,zmq_tcp,none,none,,1,11477,512,584,1785153447937579000,1785153447937579000,1785153447937579000,1785153447937580000,1785153447937661000,1785153447937664000,1785153447937664000,1785153447937664000,121932490,121652369,-199.121,0.000,0.000,1.000,3.000,0.000,0.000,73.000,0,0,0
B3_zmq_pushpull,zmq_tcp,none,none,,1,11478,512,584,1785153447938520000,1785153447938520000,1785153447938520000,1785153447938521000,1785153447938660000,1785153447938662000,1785153447938662000,1785153447938662000,121932490,121652369,-141.121,0.000,0.000,1.000,2.000,0.000,0.000,58.000,0,0,0
B3_zmq_pushpull,zmq_tcp,none,none,,1,11479,512,584,1785153447939539000,1785153447939539000,1785153447939539000,1785153447939540000,1785153447939678000,1785153447939682000,1785153447939682000,1785153447939682000,121932490,121652369,-142.121,0.000,0.000,1.000,4.000,0.000,0.000,1.000,0,0,0
B3_zmq_pushpull,zmq_tcp,none,none,,1,11480,512,584,1785153447940533000,1785153447940533000,1785153447940533000,1785153447940534000,1785153447940679000,1785153447940682000,1785153447940682000,1785153447940682000,121932490,121652369,-135.121,0.000,0.000,1.000,3.000,0.000,0.000,7.000,0,0,0
B3_zmq_pushpull,zmq_tcp,none,none,,1,11481,512,584,1785153447941535000,1785153447941535000,1785153447941536000,1785153447941536000,1785153447941680000,1785153447941682000,1785153447941683000,1785153447941683000,121932490,121652369,-136.121,0.000,1.000,0.000,2.000,1.000,0.000,1.000,0,0,0
B3_zmq_pushpull,zmq_tcp,none,none,,1,11482,512,584,1785153447942531000,1785153447942531000,1785153447942531000,1785153447942532000,1785153447942669000,1785153447942672000,1785153447942672000,1785153447942672000,121932490,121652369,-143.121,0.000,0.000,1.000,3.000,0.000,0.000,7.000,0,0,0
B3_zmq_pushpull,zmq_tcp,none,none,,1,11483,512,584,1785153447943536000,1785153447943536000,1785153447943536000,1785153447943537000,1785153447943658000,1785153447943661000,1785153447943661000,1785153447943661000,121932490,121652369,-159.121,0.000,0.000,1.000,3.000,0.000,0.000,16.000,0,0,0
B3_zmq_pushpull,zmq_tcp,none,none,,1,11484,512,584,1785153447944535000,1785153447944535000,1785153447944535000,1785153447944536000,1785153447944670000,1785153447944673000,1785153447944673000,1785153447944673000,121932490,121652369,-146.121,0.000,0.000,1.000,3.000,0.000,0.000,13.000,0,0,0
B3_zmq_pushpull,zmq_tcp,none,none,,1,11485,512,584,1785153447945535000,1785153447945535000,1785153447945535000,1785153447945536000,1785153447945676000,1785153447945678000,1785153447945678000,1785153447945678000,121932490,121652369,-140.121,0.000,0.000,1.000,2.000,0.000,0.000,6.000,0,0,0
B3_zmq_pushpull,zmq_tcp,none,none,,1,11486,512,584,1785153447946533000,1785153447946533000,1785153447946533000,1785153447946534000,1785153447946666000,1785153447946669000,1785153447946669000,1785153447946669000,121932490,121652369,-148.121,0.000,0.000,1.000,3.000,0.000,0.000,8.000,0,0,0
B3_zmq_pushpull,zmq_tcp,none,none,,1,11487,512,584,1785153447947536000,1785153447947536000,1785153447947536000,1785153447947537000,1785153447947661000,1785153447947664000,1785153447947664000,1785153447947664000,121932490,121652369,-156.121,0.000,0.000,1.000,3.000,0.000,0.000,8.000,0,0,0
B3_zmq_pushpull,zmq_tcp,none,none,,1,11488,512,584,1785153447948535000,1785153447948535000,1785153447948535000,1785153447948536000,1785153447948661000,1785153447948664000,1785153447948664000,1785153447948664000,121932490,121652369,-155.121,0.000,0.000,1.000,3.000,0.000,0.000,1.000,0,0,0
B3_zmq_pushpull,zmq_tcp,none,none,,1,11489,512,584,1785153447949535000,1785153447949535000,1785153447949535000,1785153447949536000,1785153447949658000,1785153447949661000,1785153447949661000,1785153447949661000,121932490,121652369,-158.121,0.000,0.000,1.000,3.000,0.000,0.000,3.000,0,0,0
B3_zmq_pushpull,zmq_tcp,none,none,,1,11490,512,584,1785153447950532000,1785153447950532000,1785153447950532000,1785153447950533000,1785153447950651000,1785153447950654000,1785153447950654000,1785153447950654000,121932490,121652369,-162.121,0.000,0.000,1.000,3.000,0.000,0.000,4.000,0,0,0
B3_zmq_pushpull,zmq_tcp,none,none,,1,11491,512,584,1785153447951536000,1785153447951536000,1785153447951536000,1785153447951537000,1785153447951654000,1785153447951657000,1785153447951657000,1785153447951657000,121932490,121652369,-163.121,0.000,0.000,1.000,3.000,0.000,0.000,1.000,0,0,0
B3_zmq_pushpull,zmq_tcp,none,none,,1,11492,512,584,1785153447952534000,1785153447952535000,1785153447952535000,1785153447952536000,1785153447952652000,1785153447952654000,1785153447952654000,1785153447952654000,121932490,121652369,-164.121,1.000,0.000,1.000,2.000,0.000,0.000,1.000,0,0,0
B3_zmq_pushpull,zmq_tcp,none,none,,1,11493,512,584,1785153447953541000,1785153447953541000,1785153447953541000,1785153447953542000,1785153447953645000,1785153447953648000,1785153447953648000,1785153447953648000,121932490,121652369,-177.121,0.000,0.000,1.000,3.000,0.000,0.000,13.000,0,0,0
B3_zmq_pushpull,zmq_tcp,none,none,,1,11494,512,584,1785153447954346000,1785153447954346000,1785153447954346000,1785153447954347000,1785153447954504000,1785153447954508000,1785153447954508000,1785153447954508000,121932490,121652369,-123.121,0.000,0.000,1.000,4.000,0.000,0.000,54.000,0,0,0
B3_zmq_pushpull,zmq_tcp,none,none,,1,11495,512,584,1785153447955361000,1785153447955361000,1785153447955361000,1785153447955362000,1785153447955516000,1785153447955519000,1785153447955519000,1785153447955519000,121932490,121652369,-126.121,0.000,0.000,1.000,3.000,0.000,0.000,3.000,0,0,0
B3_zmq_pushpull,zmq_tcp,none,none,,1,11496,512,584,1785153447956579000,1785153447956579000,1785153447956579000,1785153447956580000,1785153447956659000,1785153447956661000,1785153447956662000,1785153447956662000,121932490,121652369,-201.121,0.000,0.000,1.000,2.000,1.000,0.000,75.000,0,0,0
B3_zmq_pushpull,zmq_tcp,none,none,,1,11497,512,584,1785153447957522000,1785153447957522000,1785153447957522000,1785153447957523000,1785153447957665000,1785153447957668000,1785153447957668000,1785153447957668000,121932490,121652369,-138.121,0.000,0.000,1.000,3.000,0.000,0.000,63.000,0,0,0
B3_zmq_pushpull,zmq_tcp,none,none,,1,11498,512,584,1785153447958538000,1785153447958538000,1785153447958538000,1785153447958539000,1785153447958681000,1785153447958684000,1785153447958684000,1785153447958684000,121932490,121652369,-138.121,0.000,0.000,1.000,3.000,0.000,0.000,0.000,0,0,0
B3_zmq_pushpull,zmq_tcp,none,none,,1,11499,512,584,1785153447959534000,1785153447959534000,1785153447959534000,1785153447959535000,1785153447959677000,1785153447959684000,1785153447959684000,1785153447959684000,121932490,121652369,-138.121,0.000,0.000,1.000,7.000,0.000,0.000,0.000,0,0,0
B3_zmq_pushpull,zmq_tcp,none,none,,1,11500,512,584,1785153447960391000,1785153447960391000,1785153447960391000,1785153447960392000,1785153447960536000,1785153447960538000,1785153447960539000,1785153447960539000,121932490,121652369,-136.121,0.000,0.000,1.000,2.000,1.000,0.000,2.000,0,0,0
B3_zmq_pushpull,zmq_tcp,none,none,,1,11501,512,584,1785153447961567000,1785153447961567000,1785153447961567000,1785153447961568000,1785153447961682000,1785153447961686000,1785153447961686000,1785153447961686000,121932490,121652369,-166.121,0.000,0.000,1.000,4.000,0.000,0.000,30.000,0,0,0
B3_zmq_pushpull,zmq_tcp,none,none,,1,11502,512,584,1785153447962527000,1785153447962527000,1785153447962527000,1785153447962528000,1785153447962676000,1785153447962679000,1785153447962679000,1785153447962679000,121932490,121652369,-132.121,0.000,0.000,1.000,3.000,0.000,0.000,34.000,0,0,0
B3_zmq_pushpull,zmq_tcp,none,none,,1,11503,512,584,1785153447963369000,1785153447963369000,1785153447963369000,1785153447963370000,1785153447963525000,1785153447963528000,1785153447963528000,1785153447963528000,121932490,121652369,-125.121,0.000,0.000,1.000,3.000,0.000,0.000,7.000,0,0,0
B3_zmq_pushpull,zmq_tcp,none,none,,1,11504,512,584,1785153447964576000,1785153447964577000,1785153447964577000,1785153447964578000,1785153447964658000,1785153447964661000,1785153447964661000,1785153447964661000,121932490,121652369,-200.121,1.000,0.000,1.000,3.000,0.000,0.000,75.000,0,0,0
B3_zmq_pushpull,zmq_tcp,none,none,,1,11505,512,584,1785153447965523000,1785153447965523000,1785153447965523000,1785153447965524000,1785153447965673000,1785153447965676000,1785153447965676000,1785153447965676000,121932490,121652369,-131.121,0.000,0.000,1.000,3.000,0.000,0.000,69.000,0,0,0
B3_zmq_pushpull,zmq_tcp,none,none,,1,11506,512,584,1785153447966537000,1785153447966537000,1785153447966537000,1785153447966538000,1785153447966684000,1785153447966687000,1785153447966687000,1785153447966687000,121932490,121652369,-134.121,0.000,0.000,1.000,3.000,0.000,0.000,3.000,0,0,0
B3_zmq_pushpull,zmq_tcp,none,none,,1,11507,512,584,1785153447967534000,1785153447967534000,1785153447967534000,1785153447967535000,1785153447967697000,1785153447967700000,1785153447967700000,1785153447967700000,121932490,121652369,-118.121,0.000,0.000,1.000,3.000,0.000,0.000,16.000,0,0,0
B3_zmq_pushpull,zmq_tcp,none,none,,1,11508,512,584,1785153447968536000,1785153447968536000,1785153447968536000,1785153447968537000,1785153447968708000,1785153447968711000,1785153447968711000,1785153447968711000,121932490,121652369,-109.121,0.000,0.000,1.000,3.000,0.000,0.000,9.000,0,0,0
B3_zmq_pushpull,zmq_tcp,none,none,,1,11509,512,584,1785153447969532000,1785153447969532000,1785153447969532000,1785153447969533000,1785153447969698000,1785153447969701000,1785153447969701000,1785153447969701000,121932490,121652369,-115.121,0.000,0.000,1.000,3.000,0.000,0.000,6.000,0,0,0
B3_zmq_pushpull,zmq_tcp,none,none,,1,11510,512,584,1785153447970535000,1785153447970536000,1785153447970536000,1785153447970537000,1785153447970693000,1785153447970696000,1785153447970696000,1785153447970696000,121932490,121652369,-124.121,1.000,0.000,1.000,3.000,0.000,0.000,9.000,0,0,0
B3_zmq_pushpull,zmq_tcp,none,none,,1,11511,512,584,1785153447971536000,1785153447971536000,1785153447971536000,1785153447971537000,1785153447971699000,1785153447971702000,1785153447971702000,1785153447971702000,121932490,121652369,-118.121,0.000,0.000,1.000,3.000,0.000,0.000,6.000,0,0,0
B3_zmq_pushpull,zmq_tcp,none,none,,1,11512,512,584,1785153447972536000,1785153447972536000,1785153447972536000,1785153447972537000,1785153447972720000,1785153447972722000,1785153447972722000,1785153447972722000,121932490,121652369,-97.121,0.000,0.000,1.000,2.000,0.000,0.000,21.000,0,0,0
B3_zmq_pushpull,zmq_tcp,none,none,,1,11513,512,584,1785153447973534000,1785153447973534000,1785153447973534000,1785153447973535000,1785153447973727000,1785153447973734000,1785153447973734000,1785153447973734000,121932490,121652369,-88.121,0.000,0.000,1.000,7.000,0.000,0.000,9.000,0,0,0
B3_zmq_pushpull,zmq_tcp,none,none,,1,11514,512,584,1785153447974445000,1785153447974445000,1785153447974445000,1785153447974446000,1785153447974605000,1785153447974608000,1785153447974608000,1785153447974608000,121932490,121652369,-121.121,0.000,0.000,1.000,3.000,0.000,0.000,33.000,0,0,0
B3_zmq_pushpull,zmq_tcp,none,none,,1,11515,512,584,1785153447975558000,1785153447975558000,1785153447975558000,1785153447975559000,1785153447975758000,1785153447975762000,1785153447975762000,1785153447975762000,121932490,121652369,-81.121,0.000,0.000,1.000,4.000,0.000,0.000,40.000,0,0,0
B3_zmq_pushpull,zmq_tcp,none,none,,1,11516,512,584,1785153447976525000,1785153447976526000,1785153447976526000,1785153447976527000,1785153447976621000,1785153447976624000,1785153447976624000,1785153447976624000,121932490,121652369,-186.121,1.000,0.000,1.000,3.000,0.000,0.000,105.000,0,0,0
B3_zmq_pushpull,zmq_tcp,none,none,,1,11517,512,584,1785153447977538000,1785153447977538000,1785153447977538000,1785153447977539000,1785153447977613000,1785153447977616000,1785153447977616000,1785153447977616000,121932490,121652369,-206.121,0.000,0.000,1.000,3.000,0.000,0.000,20.000,0,0,0
B3_zmq_pushpull,zmq_tcp,none,none,,1,11518,512,584,1785153447978535000,1785153447978535000,1785153447978535000,1785153447978536000,1785153447978610000,1785153447978613000,1785153447978613000,1785153447978613000,121932490,121652369,-206.121,0.000,0.000,1.000,3.000,0.000,0.000,0.000,0,0,0
B3_zmq_pushpull,zmq_tcp,none,none,,1,11519,512,584,1785153447979535000,1785153447979535000,1785153447979535000,1785153447979536000,1785153447979621000,1785153447979624000,1785153447979624000,1785153447979624000,121932490,121652369,-195.121,0.000,0.000,1.000,3.000,0.000,0.000,11.000,0,0,0
B3_zmq_pushpull,zmq_tcp,none,none,,1,11520,512,584,1785153447980535000,1785153447980535000,1785153447980535000,1785153447980536000,1785153447980621000,1785153447980625000,1785153447980625000,1785153447980625000,121932490,121652369,-195.121,0.000,0.000,1.000,4.000,0.000,0.000,0.000,0,0,0
B3_zmq_pushpull,zmq_tcp,none,none,,1,11521,512,584,1785153447981535000,1785153447981535000,1785153447981535000,1785153447981536000,1785153447981621000,1785153447981624000,1785153447981624000,1785153447981624000,121932490,121652369,-195.121,0.000,0.000,1.000,3.000,0.000,0.000,0.000,0,0,0
B3_zmq_pushpull,zmq_tcp,none,none,,1,11522,512,584,1785153447982535000,1785153447982535000,1785153447982535000,1785153447982536000,1785153447982624000,1785153447982627000,1785153447982627000,1785153447982627000,121932490,121652369,-192.121,0.000,0.000,1.000,3.000,0.000,0.000,3.000,0,0,0
B3_zmq_pushpull,zmq_tcp,none,none,,1,11523,512,584,1785153447983535000,1785153447983535000,1785153447983535000,1785153447983536000,1785153447983624000,1785153447983627000,1785153447983627000,1785153447983627000,121932490,121652369,-192.121,0.000,0.000,1.000,3.000,0.000,0.000,0.000,0,0,0
B3_zmq_pushpull,zmq_tcp,none,none,,1,11524,512,584,1785153447984534000,1785153447984534000,1785153447984534000,1785153447984535000,1785153447984608000,1785153447984611000,1785153447984611000,1785153447984611000,121932490,121652369,-207.121,0.000,0.000,1.000,3.000,0.000,0.000,15.000,0,0,0
B3_zmq_pushpull,zmq_tcp,none,none,,1,11525,512,584,1785153447985535000,1785153447985535000,1785153447985535000,1785153447985536000,1785153447985605000,1785153447985608000,1785153447985608000,1785153447985608000,121932490,121652369,-211.121,0.000,0.000,1.000,3.000,0.000,0.000,4.000,0,0,0
B3_zmq_pushpull,zmq_tcp,none,none,,1,11526,512,584,1785153447986536000,1785153447986536000,1785153447986536000,1785153447986537000,1785153447986624000,1785153447986628000,1785153447986628000,1785153447986628000,121932490,121652369,-193.121,0.000,0.000,1.000,4.000,0.000,0.000,18.000,0,0,0
B3_zmq_pushpull,zmq_tcp,none,none,,1,11527,512,584,1785153447987538000,1785153447987538000,1785153447987538000,1785153447987539000,1785153447987632000,1785153447987635000,1785153447987635000,1785153447987635000,121932490,121652369,-187.121,0.000,0.000,1.000,3.000,0.000,0.000,6.000,0,0,0
B3_zmq_pushpull,zmq_tcp,none,none,,1,11528,512,584,1785153447988538000,1785153447988538000,1785153447988538000,1785153447988539000,1785153447988637000,1785153447988640000,1785153447988640000,1785153447988640000,121932490,121652369,-182.121,0.000,0.000,1.000,3.000,0.000,0.000,5.000,0,0,0
B3_zmq_pushpull,zmq_tcp,none,none,,1,11529,512,584,1785153447989535000,1785153447989535000,1785153447989535000,1785153447989536000,1785153447989649000,1785153447989652000,1785153447989652000,1785153447989652000,121932490,121652369,-167.121,0.000,0.000,1.000,3.000,0.000,0.000,15.000,0,0,0
B3_zmq_pushpull,zmq_tcp,none,none,,1,11530,512,584,1785153447990535000,1785153447990535000,1785153447990535000,1785153447990536000,1785153447990648000,1785153447990651000,1785153447990651000,1785153447990651000,121932490,121652369,-168.121,0.000,0.000,1.000,3.000,0.000,0.000,1.000,0,0,0
B3_zmq_pushpull,zmq_tcp,none,none,,1,11531,512,584,1785153447991532000,1785153447991532000,1785153447991532000,1785153447991533000,1785153447991644000,1785153447991646000,1785153447991647000,1785153447991647000,121932490,121652369,-169.121,0.000,0.000,1.000,2.000,1.000,0.000,1.000,0,0,0
B3_zmq_pushpull,zmq_tcp,none,none,,1,11532,512,584,1785153447992536000,1785153447992537000,1785153447992537000,1785153447992538000,1785153447992642000,1785153447992645000,1785153447992646000,1785153447992646000,121932490,121652369,-176.121,1.000,0.000,1.000,3.000,1.000,0.000,7.000,0,0,0
B3_zmq_pushpull,zmq_tcp,none,none,,1,11533,512,584,1785153447993535000,1785153447993535000,1785153447993535000,1785153447993536000,1785153447993651000,1785153447993654000,1785153447993654000,1785153447993654000,121932490,121652369,-165.121,0.000,0.000,1.000,3.000,0.000,0.000,11.000,0,0,0
B3_zmq_pushpull,zmq_tcp,none,none,,1,11534,512,584,1785153447994536000,1785153447994536000,1785153447994536000,1785153447994537000,1785153447994637000,1785153447994639000,1785153447994639000,1785153447994639000,121932490,121652369,-180.121,0.000,0.000,1.000,2.000,0.000,0.000,15.000,0,0,0
B3_zmq_pushpull,zmq_tcp,none,none,,1,11535,512,584,1785153447995531000,1785153447995531000,1785153447995531000,1785153447995532000,1785153447995628000,1785153447995631000,1785153447995631000,1785153447995631000,121932490,121652369,-184.121,0.000,0.000,1.000,3.000,0.000,0.000,4.000,0,0,0
B3_zmq_pushpull,zmq_tcp,none,none,,1,11536,512,584,1785153447996538000,1785153447996538000,1785153447996538000,1785153447996539000,1785153447996720000,1785153447996723000,1785153447996723000,1785153447996723000,121932490,121652369,-99.121,0.000,0.000,1.000,3.000,0.000,0.000,85.000,0,0,0
B3_zmq_pushpull,zmq_tcp,none,none,,1,11537,512,584,1785153447997412000,1785153447997412000,1785153447997412000,1785153447997413000,1785153447997554000,1785153447997557000,1785153447997557000,1785153447997557000,121932490,121652369,-139.121,0.000,0.000,1.000,3.000,0.000,0.000,40.000,0,0,0
B3_zmq_pushpull,zmq_tcp,none,none,,1,11538,512,584,1785153447998380000,1785153447998380000,1785153447998380000,1785153447998381000,1785153447998532000,1785153447998535000,1785153447998535000,1785153447998535000,121932490,121652369,-129.121,0.000,0.000,1.000,3.000,0.000,0.000,10.000,0,0,0
B3_zmq_pushpull,zmq_tcp,none,none,,1,11539,512,584,1785153447999357000,1785153447999357000,1785153447999357000,1785153447999359000,1785153447999501000,1785153447999504000,1785153447999504000,1785153447999504000,121932490,121652369,-138.121,0.000,0.000,2.000,3.000,0.000,0.000,9.000,0,0,0
B3_zmq_pushpull,zmq_tcp,none,none,,1,11540,512,584,1785153448000579000,1785153448000579000,1785153448000579000,1785153448000580000,1785153448000629000,1785153448000633000,1785153448000633000,1785153448000633000,121932490,121652369,-231.121,0.000,0.000,1.000,4.000,0.000,0.000,93.000,0,0,0
B3_zmq_pushpull,zmq_tcp,none,none,,1,11541,512,584,1785153448001523000,1785153448001523000,1785153448001523000,1785153448001524000,1785153448001628000,1785153448001631000,1785153448001631000,1785153448001631000,121932490,121652369,-176.121,0.000,0.000,1.000,3.000,0.000,0.000,55.000,0,0,0
B3_zmq_pushpull,zmq_tcp,none,none,,1,11542,512,584,1785153448002536000,1785153448002537000,1785153448002537000,1785153448002537000,1785153448002620000,1785153448002623000,1785153448002623000,1785153448002623000,121932490,121652369,-197.121,1.000,0.000,0.000,3.000,0.000,0.000,21.000,0,0,0
B3_zmq_pushpull,zmq_tcp,none,none,,1,11543,512,584,1785153448003534000,1785153448003534000,1785153448003534000,1785153448003535000,1785153448003619000,1785153448003622000,1785153448003622000,1785153448003622000,121932490,121652369,-196.121,0.000,0.000,1.000,3.000,0.000,0.000,1.000,0,0,0
B3_zmq_pushpull,zmq_tcp,none,none,,1,11544,512,584,1785153448004534000,1785153448004534000,1785153448004534000,1785153448004535000,1785153448004594000,1785153448004597000,1785153448004597000,1785153448004597000,121932490,121652369,-221.121,0.000,0.000,1.000,3.000,0.000,0.000,25.000,0,0,0
B3_zmq_pushpull,zmq_tcp,none,none,,1,11545,512,584,1785153448005532000,1785153448005532000,1785153448005532000,1785153448005533000,1785153448005573000,1785153448005576000,1785153448005576000,1785153448005576000,121932490,121652369,-240.121,0.000,0.000,1.000,3.000,0.000,0.000,19.000,0,0,0
B3_zmq_pushpull,zmq_tcp,none,none,,1,11546,512,584,1785153448006536000,1785153448006536000,1785153448006537000,1785153448006537000,1785153448006711000,1785153448006714000,1785153448006714000,1785153448006714000,121932490,121652369,-106.121,0.000,1.000,0.000,3.000,0.000,0.000,134.000,0,0,0
B3_zmq_pushpull,zmq_tcp,none,none,,1,11547,512,584,1785153448007536000,1785153448007537000,1785153448007537000,1785153448007538000,1785153448007708000,1785153448007712000,1785153448007712000,1785153448007712000,121932490,121652369,-110.121,1.000,0.000,1.000,4.000,0.000,0.000,4.000,0,0,0
B3_zmq_pushpull,zmq_tcp,none,none,,1,11548,512,584,1785153448008533000,1785153448008533000,1785153448008533000,1785153448008534000,1785153448008698000,1785153448008700000,1785153448008700000,1785153448008700000,121932490,121652369,-116.121,0.000,0.000,1.000,2.000,0.000,0.000,6.000,0,0,0
B3_zmq_pushpull,zmq_tcp,none,none,,1,11549,512,584,1785153448009534000,1785153448009534000,1785153448009534000,1785153448009535000,1785153448009676000,1785153448009679000,1785153448009679000,1785153448009679000,121932490,121652369,-139.121,0.000,0.000,1.000,3.000,0.000,0.000,23.000,0,0,0
B3_zmq_pushpull,zmq_tcp,none,none,,1,11550,512,584,1785153448010534000,1785153448010534000,1785153448010534000,1785153448010535000,1785153448010672000,1785153448010675000,1785153448010675000,1785153448010675000,121932490,121652369,-143.121,0.000,0.000,1.000,3.000,0.000,0.000,4.000,0,0,0
B3_zmq_pushpull,zmq_tcp,none,none,,1,11551,512,584,1785153448011535000,1785153448011535000,1785153448011535000,1785153448011536000,1785153448011671000,1785153448011674000,1785153448011674000,1785153448011674000,121932490,121652369,-145.121,0.000,0.000,1.000,3.000,0.000,0.000,2.000,0,0,0
B3_zmq_pushpull,zmq_tcp,none,none,,1,11552,512,584,1785153448012531000,1785153448012531000,1785153448012531000,1785153448012532000,1785153448012658000,1785153448012660000,1785153448012660000,1785153448012660000,121932490,121652369,-154.121,0.000,0.000,1.000,2.000,0.000,0.000,9.000,0,0,0
B3_zmq_pushpull,zmq_tcp,none,none,,1,11553,512,584,1785153448013536000,1785153448013536000,1785153448013536000,1785153448013537000,1785153448013644000,1785153448013647000,1785153448013647000,1785153448013647000,121932490,121652369,-173.121,0.000,0.000,1.000,3.000,0.000,0.000,19.000,0,0,0
B3_zmq_pushpull,zmq_tcp,none,none,,1,11554,512,584,1785153448014534000,1785153448014534000,1785153448014534000,1785153448014535000,1785153448014631000,1785153448014634000,1785153448014634000,1785153448014634000,121932490,121652369,-184.121,0.000,0.000,1.000,3.000,0.000,0.000,11.000,0,0,0
B3_zmq_pushpull,zmq_tcp,none,none,,1,11555,512,584,1785153448015535000,1785153448015535000,1785153448015535000,1785153448015536000,1785153448015620000,1785153448015623000,1785153448015623000,1785153448015623000,121932490,121652369,-196.121,0.000,0.000,1.000,3.000,0.000,0.000,12.000,0,0,0
B3_zmq_pushpull,zmq_tcp,none,none,,1,11556,512,584,1785153448016532000,1785153448016533000,1785153448016533000,1785153448016534000,1785153448016600000,1785153448016603000,1785153448016603000,1785153448016603000,121932490,121652369,-214.121,1.000,0.000,1.000,3.000,0.000,0.000,18.000,0,0,0
B3_zmq_pushpull,zmq_tcp,none,none,,1,11557,512,584,1785153448017536000,1785153448017536000,1785153448017536000,1785153448017537000,1785153448017601000,1785153448017604000,1785153448017604000,1785153448017604000,121932490,121652369,-216.121,0.000,0.000,1.000,3.000,0.000,0.000,2.000,0,0,0
B3_zmq_pushpull,zmq_tcp,none,none,,1,11558,512,584,1785153448018535000,1785153448018535000,1785153448018535000,1785153448018536000,1785153448018587000,1785153448018590000,1785153448018590000,1785153448018590000,121932490,121652369,-229.121,0.000,0.000,1.000,3.000,0.000,0.000,13.000,0,0,0
B3_zmq_pushpull,zmq_tcp,none,none,,1,11559,512,584,1785153448019538000,1785153448019538000,1785153448019538000,1785153448019540000,1785153448019719000,1785153448019722000,1785153448019722000,1785153448019722000,121932490,121652369,-101.121,0.000,0.000,2.000,3.000,0.000,0.000,128.000,0,0,0
B3_zmq_pushpull,zmq_tcp,none,none,,1,11560,512,584,1785153448020535000,1785153448020535000,1785153448020535000,1785153448020536000,1785153448020718000,1785153448020721000,1785153448020721000,1785153448020721000,121932490,121652369,-98.121,0.000,0.000,1.000,3.000,0.000,0.000,3.000,0,0,0
B3_zmq_pushpull,zmq_tcp,none,none,,1,11561,512,584,1785153448021539000,1785153448021539000,1785153448021539000,1785153448021540000,1785153448021724000,1785153448021727000,1785153448021727000,1785153448021727000,121932490,121652369,-96.121,0.000,0.000,1.000,3.000,0.000,0.000,2.000,0,0,0
B3_zmq_pushpull,zmq_tcp,none,none,,1,11562,512,584,1785153448022413000,1785153448022413000,1785153448022413000,1785153448022414000,1785153448022571000,1785153448022574000,1785153448022574000,1785153448022574000,121932490,121652369,-123.121,0.000,0.000,1.000,3.000,0.000,0.000,27.000,0,0,0
B3_zmq_pushpull,zmq_tcp,none,none,,1,11563,512,584,1785153448023567000,1785153448023567000,1785153448023567000,1785153448023568000,1785153448023688000,1785153448023691000,1785153448023691000,1785153448023691000,121932490,121652369,-160.121,0.000,0.000,1.000,3.000,0.000,0.000,37.000,0,0,0
B3_zmq_pushpull,zmq_tcp,none,none,,1,11564,512,584,1785153448024526000,1785153448024526000,1785153448024526000,1785153448024527000,1785153448024698000,1785153448024703000,1785153448024703000,1785153448024703000,121932490,121652369,-109.121,0.000,0.000,1.000,5.000,0.000,0.000,51.000,0,0,0
B3_zmq_pushpull,zmq_tcp,none,none,,1,11565,512,584,1785153448025538000,1785153448025538000,1785153448025538000,1785153448025539000,1785153448025703000,1785153448025709000,1785153448025709000,1785153448025709000,121932490,121652369,-116.121,0.000,0.000,1.000,6.000,0.000,0.000,7.000,0,0,0
B3_zmq_pushpull,zmq_tcp,none,none,,1,11566,512,584,1785153448026536000,1785153448026536000,1785153448026536000,1785153448026537000,1785153448026695000,1785153448026698000,1785153448026698000,1785153448026698000,121932490,121652369,-122.121,0.000,0.000,1.000,3.000,0.000,0.000,6.000,0,0,0
B3_zmq_pushpull,zmq_tcp,none,none,,1,11567,512,584,1785153448027535000,1785153448027535000,1785153448027535000,1785153448027536000,1785153448027682000,1785153448027684000,1785153448027684000,1785153448027684000,121932490,121652369,-134.121,0.000,0.000,1.000,2.000,0.000,0.000,12.000,0,0,0
B3_zmq_pushpull,zmq_tcp,none,none,,1,11568,512,584,1785153448028537000,1785153448028537000,1785153448028537000,1785153448028538000,1785153448028665000,1785153448028668000,1785153448028668000,1785153448028668000,121932490,121652369,-153.121,0.000,0.000,1.000,3.000,0.000,0.000,19.000,0,0,0
B3_zmq_pushpull,zmq_tcp,none,none,,1,11569,512,584,1785153448029537000,1785153448029537000,1785153448029537000,1785153448029538000,1785153448029663000,1785153448029666000,1785153448029666000,1785153448029666000,121932490,121652369,-155.121,0.000,0.000,1.000,3.000,0.000,0.000,2.000,0,0,0
B3_zmq_pushpull,zmq_tcp,none,none,,1,11570,512,584,1785153448030534000,1785153448030534000,1785153448030534000,1785153448030535000,1785153448030646000,1785153448030648000,1785153448030648000,1785153448030648000,121932490,121652369,-169.121,0.000,0.000,1.000,2.000,0.000,0.000,14.000,0,0,0
B3_zmq_pushpull,zmq_tcp,none,none,,1,11571,512,584,1785153448031537000,1785153448031537000,1785153448031537000,1785153448031538000,1785153448031640000,1785153448031643000,1785153448031643000,1785153448031643000,121932490,121652369,-178.121,0.000,0.000,1.000,3.000,0.000,0.000,9.000,0,0,0
B3_zmq_pushpull,zmq_tcp,none,none,,1,11572,512,584,1785153448032533000,1785153448032533000,1785153448032533000,1785153448032534000,1785153448032611000,1785153448032614000,1785153448032614000,1785153448032614000,121932490,121652369,-203.121,0.000,0.000,1.000,3.000,0.000,0.000,25.000,0,0,0
B3_zmq_pushpull,zmq_tcp,none,none,,1,11573,512,584,1785153448033536000,1785153448033536000,1785153448033536000,1785153448033537000,1785153448033599000,1785153448033602000,1785153448033602000,1785153448033602000,121932490,121652369,-218.121,0.000,0.000,1.000,3.000,0.000,0.000,15.000,0,0,0
B3_zmq_pushpull,zmq_tcp,none,none,,1,11574,512,584,1785153448034534000,1785153448034534000,1785153448034534000,1785153448034535000,1785153448034591000,1785153448034594000,1785153448034594000,1785153448034594000,121932490,121652369,-224.121,0.000,0.000,1.000,3.000,0.000,0.000,6.000,0,0,0
B3_zmq_pushpull,zmq_tcp,none,none,,1,11575,512,584,1785153448035538000,1785153448035538000,1785153448035538000,1785153448035539000,1785153448035726000,1785153448035729000,1785153448035729000,1785153448035729000,121932490,121652369,-93.121,0.000,0.000,1.000,3.000,0.000,0.000,131.000,0,0,0
B3_zmq_pushpull,zmq_tcp,none,none,,1,11576,512,584,1785153448036531000,1785153448036532000,1785153448036532000,1785153448036533000,1785153448036584000,1785153448036588000,1785153448036588000,1785153448036588000,121932490,121652369,-229.121,1.000,0.000,1.000,4.000,0.000,0.000,136.000,0,0,0
B3_zmq_pushpull,zmq_tcp,none,none,,1,11577,512,584,1785153448037537000,1785153448037537000,1785153448037537000,1785153448037538000,1785153448037730000,1785153448037732000,1785153448037732000,1785153448037732000,121932490,121652369,-88.121,0.000,0.000,1.000,2.000,0.000,0.000,141.000,0,0,0
B3_zmq_pushpull,zmq_tcp,none,none,,1,11578,512,584,1785153448038536000,1785153448038536000,1785153448038536000,1785153448038537000,1785153448038718000,1785153448038721000,1785153448038721000,1785153448038721000,121932490,121652369,-99.121,0.000,0.000,1.000,3.000,0.000,0.000,11.000,0,0,0
B3_zmq_pushpull,zmq_tcp,none,none,,1,11579,512,584,1785153448039534000,1785153448039534000,1785153448039534000,1785153448039535000,1785153448039690000,1785153448039693000,1785153448039693000,1785153448039693000,121932490,121652369,-125.121,0.000,0.000,1.000,3.000,0.000,0.000,26.000,0,0,0
B3_zmq_pushpull,zmq_tcp,none,none,,1,11580,512,584,1785153448040534000,1785153448040534000,1785153448040534000,1785153448040535000,1785153448040668000,1785153448040671000,1785153448040671000,1785153448040671000,121932490,121652369,-147.121,0.000,0.000,1.000,3.000,0.000,0.000,22.000,0,0,0
B3_zmq_pushpull,zmq_tcp,none,none,,1,11581,512,584,1785153448041534000,1785153448041534000,1785153448041534000,1785153448041535000,1785153448041641000,1785153448041644000,1785153448041644000,1785153448041644000,121932490,121652369,-174.121,0.000,0.000,1.000,3.000,0.000,0.000,27.000,0,0,0
B3_zmq_pushpull,zmq_tcp,none,none,,1,11582,512,584,1785153448042534000,1785153448042534000,1785153448042534000,1785153448042535000,1785153448042626000,1785153448042628000,1785153448042628000,1785153448042628000,121932490,121652369,-189.121,0.000,0.000,1.000,2.000,0.000,0.000,15.000,0,0,0
B3_zmq_pushpull,zmq_tcp,none,none,,1,11583,512,584,1785153448043537000,1785153448043537000,1785153448043537000,1785153448043538000,1785153448043607000,1785153448043610000,1785153448043610000,1785153448043610000,121932490,121652369,-211.121,0.000,0.000,1.000,3.000,0.000,0.000,22.000,0,0,0
B3_zmq_pushpull,zmq_tcp,none,none,,1,11584,512,584,1785153448044533000,1785153448044533000,1785153448044533000,1785153448044534000,1785153448044602000,1785153448044604000,1785153448044604000,1785153448044604000,121932490,121652369,-212.121,0.000,0.000,1.000,2.000,0.000,0.000,1.000,0,0,0
B3_zmq_pushpull,zmq_tcp,none,none,,1,11585,512,584,1785153448045535000,1785153448045535000,1785153448045535000,1785153448045536000,1785153448045591000,1785153448045594000,1785153448045594000,1785153448045594000,121932490,121652369,-225.121,0.000,0.000,1.000,3.000,0.000,0.000,13.000,0,0,0
B3_zmq_pushpull,zmq_tcp,none,none,,1,11586,512,584,1785153448046534000,1785153448046534000,1785153448046534000,1785153448046535000,1785153448046572000,1785153448046575000,1785153448046575000,1785153448046575000,121932490,121652369,-243.121,0.000,0.000,1.000,3.000,0.000,0.000,18.000,0,0,0
B3_zmq_pushpull,zmq_tcp,none,none,,1,11587,512,584,1785153448047534000,1785153448047534000,1785153448047534000,1785153448047535000,1785153448047691000,1785153448047694000,1785153448047694000,1785153448047694000,121932490,121652369,-124.121,0.000,0.000,1.000,3.000,0.000,0.000,119.000,0,0,0
B3_zmq_pushpull,zmq_tcp,none,none,,1,11588,512,584,1785153448048532000,1785153448048532000,1785153448048532000,1785153448048533000,1785153448048665000,1785153448048668000,1785153448048668000,1785153448048668000,121932490,121652369,-148.121,0.000,0.000,1.000,3.000,0.000,0.000,24.000,0,0,0
B3_zmq_pushpull,zmq_tcp,none,none,,1,11589,512,584,1785153448049538000,1785153448049538000,1785153448049538000,1785153448049539000,1785153448049664000,1785153448049667000,1785153448049667000,1785153448049667000,121932490,121652369,-155.121,0.000,0.000,1.000,3.000,0.000,0.000,7.000,0,0,0
B3_zmq_pushpull,zmq_tcp,none,none,,1,11590,512,584,1785153448050533000,1785153448050533000,1785153448050533000,1785153448050534000,1785153448050655000,1785153448050658000,1785153448050658000,1785153448050658000,121932490,121652369,-159.121,0.000,0.000,1.000,3.000,0.000,0.000,4.000,0,0,0
B3_zmq_pushpull,zmq_tcp,none,none,,1,11591,512,584,1785153448051536000,1785153448051536000,1785153448051536000,1785153448051537000,1785153448051645000,1785153448051648000,1785153448051648000,1785153448051648000,121932490,121652369,-172.121,0.000,0.000,1.000,3.000,0.000,0.000,13.000,0,0,0
B3_zmq_pushpull,zmq_tcp,none,none,,1,11592,512,584,1785153448052531000,1785153448052531000,1785153448052531000,1785153448052532000,1785153448052644000,1785153448052647000,1785153448052647000,1785153448052647000,121932490,121652369,-168.121,0.000,0.000,1.000,3.000,0.000,0.000,4.000,0,0,0
B3_zmq_pushpull,zmq_tcp,none,none,,1,11593,512,584,1785153448053536000,1785153448053536000,1785153448053536000,1785153448053537000,1785153448053614000,1785153448053617000,1785153448053617000,1785153448053617000,121932490,121652369,-203.121,0.000,0.000,1.000,3.000,0.000,0.000,35.000,0,0,0
B3_zmq_pushpull,zmq_tcp,none,none,,1,11594,512,584,1785153448054534000,1785153448054534000,1785153448054534000,1785153448054535000,1785153448054581000,1785153448054585000,1785153448054585000,1785153448054585000,121932490,121652369,-234.121,0.000,0.000,1.000,4.000,0.000,0.000,31.000,0,0,0
B3_zmq_pushpull,zmq_tcp,none,none,,1,11595,512,584,1785153448055536000,1785153448055536000,1785153448055536000,1785153448055537000,1785153448055690000,1785153448055693000,1785153448055693000,1785153448055693000,121932490,121652369,-127.121,0.000,0.000,1.000,3.000,0.000,0.000,107.000,0,0,0
B3_zmq_pushpull,zmq_tcp,none,none,,1,11596,512,584,1785153448056530000,1785153448056531000,1785153448056531000,1785153448056532000,1785153448056687000,1785153448056690000,1785153448056690000,1785153448056690000,121932490,121652369,-125.121,1.000,0.000,1.000,3.000,0.000,0.000,2.000,0,0,0
B3_zmq_pushpull,zmq_tcp,none,none,,1,11597,512,584,1785153448057536000,1785153448057536000,1785153448057536000,1785153448057537000,1785153448057678000,1785153448057681000,1785153448057681000,1785153448057681000,121932490,121652369,-139.121,0.000,0.000,1.000,3.000,0.000,0.000,14.000,0,0,0
B3_zmq_pushpull,zmq_tcp,none,none,,1,11598,512,584,1785153448058534000,1785153448058534000,1785153448058534000,1785153448058535000,1785153448058662000,1785153448058664000,1785153448058664000,1785153448058664000,121932490,121652369,-153.121,0.000,0.000,1.000,2.000,0.000,0.000,14.000,0,0,0
B3_zmq_pushpull,zmq_tcp,none,none,,1,11599,512,584,1785153448059534000,1785153448059534000,1785153448059534000,1785153448059535000,1785153448059645000,1785153448059649000,1785153448059649000,1785153448059649000,121932490,121652369,-170.121,0.000,0.000,1.000,4.000,0.000,0.000,17.000,0,0,0
B3_zmq_pushpull,zmq_tcp,none,none,,1,11600,512,584,1785153448060532000,1785153448060532000,1785153448060532000,1785153448060533000,1785153448060623000,1785153448060626000,1785153448060626000,1785153448060626000,121932490,121652369,-190.121,0.000,0.000,1.000,3.000,0.000,0.000,20.000,0,0,0
B3_zmq_pushpull,zmq_tcp,none,none,,1,11601,512,584,1785153448061536000,1785153448061536000,1785153448061536000,1785153448061537000,1785153448061600000,1785153448061603000,1785153448061603000,1785153448061603000,121932490,121652369,-217.121,0.000,0.000,1.000,3.000,0.000,0.000,27.000,0,0,0
B3_zmq_pushpull,zmq_tcp,none,none,,1,11602,512,584,1785153448062539000,1785153448062539000,1785153448062539000,1785153448062540000,1785153448062720000,1785153448062723000,1785153448062723000,1785153448062723000,121932490,121652369,-100.121,0.000,0.000,1.000,3.000,0.000,0.000,117.000,0,0,0
B3_zmq_pushpull,zmq_tcp,none,none,,1,11603,512,584,1785153448063532000,1785153448063532000,1785153448063532000,1785153448063533000,1785153448063584000,1785153448063587000,1785153448063587000,1785153448063587000,121932490,121652369,-229.121,0.000,0.000,1.000,3.000,0.000,0.000,129.000,0,0,0
B3_zmq_pushpull,zmq_tcp,none,none,,1,11604,512,584,1785153448064427000,1785153448064427000,1785153448064427000,1785153448064428000,1785153448064587000,1785153448064590000,1785153448064590000,1785153448064590000,121932490,121652369,-121.121,0.000,0.000,1.000,3.000,0.000,0.000,108.000,0,0,0
B3_zmq_pushpull,zmq_tcp,none,none,,1,11605,512,584,1785153448065564000,1785153448065564000,1785153448065564000,1785153448065565000,1785153448065723000,1785153448065726000,1785153448065726000,1785153448065726000,121932490,121652369,-122.121,0.000,0.000,1.000,3.000,0.000,0.000,1.000,0,0,0
B3_zmq_pushpull,zmq_tcp,none,none,,1,11606,512,584,1785153448066524000,1785153448066524000,1785153448066524000,1785153448066525000,1785153448066571000,1785153448066575000,1785153448066575000,1785153448066575000,121932490,121652369,-234.121,0.000,0.000,1.000,4.000,0.000,0.000,112.000,0,0,0
B3_zmq_pushpull,zmq_tcp,none,none,,1,11607,512,584,1785153448067537000,1785153448067537000,1785153448067537000,1785153448067538000,1785153448067707000,1785153448067711000,1785153448067711000,1785153448067711000,121932490,121652369,-111.121,0.000,0.000,1.000,4.000,0.000,0.000,123.000,0,0,0
B3_zmq_pushpull,zmq_tcp,none,none,,1,11608,512,584,1785153448068535000,1785153448068535000,1785153448068535000,1785153448068536000,1785153448068706000,1785153448068709000,1785153448068709000,1785153448068709000,121932490,121652369,-110.121,0.000,0.000,1.000,3.000,0.000,0.000,1.000,0,0,0
B3_zmq_pushpull,zmq_tcp,none,none,,1,11609,512,584,1785153448069539000,1785153448069540000,1785153448069540000,1785153448069541000,1785153448069698000,1785153448069702000,1785153448069702000,1785153448069702000,121932490,121652369,-123.121,1.000,0.000,1.000,4.000,0.000,0.000,13.000,0,0,0
B3_zmq_pushpull,zmq_tcp,none,none,,1,11610,512,584,1785153448070529000,1785153448070529000,1785153448070529000,1785153448070530000,1785153448070679000,1785153448070682000,1785153448070682000,1785153448070682000,121932490,121652369,-131.121,0.000,0.000,1.000,3.000,0.000,0.000,8.000,0,0,0
B3_zmq_pushpull,zmq_tcp,none,none,,1,11611,512,584,1785153448071541000,1785153448071541000,1785153448071541000,1785153448071542000,1785153448071669000,1785153448071671000,1785153448071671000,1785153448071671000,121932490,121652369,-153.121,0.000,0.000,1.000,2.000,0.000,0.000,22.000,0,0,0
B3_zmq_pushpull,zmq_tcp,none,none,,1,11612,512,584,1785153448072533000,1785153448072533000,1785153448072533000,1785153448072534000,1785153448072650000,1785153448072653000,1785153448072653000,1785153448072653000,121932490,121652369,-164.121,0.000,0.000,1.000,3.000,0.000,0.000,11.000,0,0,0
B3_zmq_pushpull,zmq_tcp,none,none,,1,11613,512,584,1785153448073536000,1785153448073536000,1785153448073537000,1785153448073538000,1785153448073631000,1785153448073634000,1785153448073634000,1785153448073634000,121932490,121652369,-187.121,0.000,1.000,1.000,3.000,0.000,0.000,23.000,0,0,0
B3_zmq_pushpull,zmq_tcp,none,none,,1,11614,512,584,1785153448074532000,1785153448074532000,1785153448074532000,1785153448074533000,1785153448074597000,1785153448074599000,1785153448074599000,1785153448074599000,121932490,121652369,-216.121,0.000,0.000,1.000,2.000,0.000,0.000,29.000,0,0,0
B3_zmq_pushpull,zmq_tcp,none,none,,1,11615,512,584,1785153448075534000,1785153448075535000,1785153448075535000,1785153448075536000,1785153448075579000,1785153448075582000,1785153448075582000,1785153448075582000,121932490,121652369,-237.121,1.000,0.000,1.000,3.000,0.000,0.000,21.000,0,0,0
B3_zmq_pushpull,zmq_tcp,none,none,,1,11616,512,584,1785153448076534000,1785153448076534000,1785153448076535000,1785153448076536000,1785153448076703000,1785153448076707000,1785153448076707000,1785153448076707000,121932490,121652369,-113.121,0.000,1.000,1.000,4.000,0.000,0.000,124.000,0,0,0
B3_zmq_pushpull,zmq_tcp,none,none,,1,11617,512,584,1785153448077537000,1785153448077537000,1785153448077537000,1785153448077538000,1785153448077706000,1785153448077709000,1785153448077709000,1785153448077709000,121932490,121652369,-112.121,0.000,0.000,1.000,3.000,0.000,0.000,1.000,0,0,0
B3_zmq_pushpull,zmq_tcp,none,none,,1,11618,512,584,1785153448078534000,1785153448078535000,1785153448078535000,1785153448078536000,1785153448078718000,1785153448078721000,1785153448078721000,1785153448078721000,121932490,121652369,-98.121,1.000,0.000,1.000,3.000,0.000,0.000,14.000,0,0,0
B3_zmq_pushpull,zmq_tcp,none,none,,1,11619,512,584,1785153448079537000,1785153448079537000,1785153448079537000,1785153448079538000,1785153448079717000,1785153448079719000,1785153448079719000,1785153448079719000,121932490,121652369,-101.121,0.000,0.000,1.000,2.000,0.000,0.000,3.000,0,0,0
B3_zmq_pushpull,zmq_tcp,none,none,,1,11620,512,584,1785153448080535000,1785153448080535000,1785153448080535000,1785153448080536000,1785153448080694000,1785153448080697000,1785153448080697000,1785153448080697000,121932490,121652369,-122.121,0.000,0.000,1.000,3.000,0.000,0.000,21.000,0,0,0
B3_zmq_pushpull,zmq_tcp,none,none,,1,11621,512,584,1785153448081535000,1785153448081535000,1785153448081535000,1785153448081536000,1785153448081666000,1785153448081669000,1785153448081669000,1785153448081669000,121932490,121652369,-150.121,0.000,0.000,1.000,3.000,0.000,0.000,28.000,0,0,0
B3_zmq_pushpull,zmq_tcp,none,none,,1,11622,512,584,1785153448082532000,1785153448082532000,1785153448082532000,1785153448082533000,1785153448082651000,1785153448082654000,1785153448082654000,1785153448082654000,121932490,121652369,-162.121,0.000,0.000,1.000,3.000,0.000,0.000,12.000,0,0,0
B3_zmq_pushpull,zmq_tcp,none,none,,1,11623,512,584,1785153448083538000,1785153448083539000,1785153448083539000,1785153448083540000,1785153448083641000,1785153448083648000,1785153448083648000,1785153448083648000,121932490,121652369,-179.121,1.000,0.000,1.000,7.000,0.000,0.000,17.000,0,0,0
B3_zmq_pushpull,zmq_tcp,none,none,,1,11624,512,584,1785153448084533000,1785153448084533000,1785153448084533000,1785153448084534000,1785153448084643000,1785153448084646000,1785153448084646000,1785153448084646000,121932490,121652369,-171.121,0.000,0.000,1.000,3.000,0.000,0.000,8.000,0,0,0
B3_zmq_pushpull,zmq_tcp,none,none,,1,11625,512,584,1785153448085540000,1785153448085540000,1785153448085540000,1785153448085541000,1785153448085639000,1785153448085642000,1785153448085642000,1785153448085642000,121932490,121652369,-182.121,0.000,0.000,1.000,3.000,0.000,0.000,11.000,0,0,0
B3_zmq_pushpull,zmq_tcp,none,none,,1,11626,512,584,1785153448086530000,1785153448086531000,1785153448086531000,1785153448086532000,1785153448086633000,1785153448086636000,1785153448086636000,1785153448086636000,121932490,121652369,-179.121,1.000,0.000,1.000,3.000,0.000,0.000,3.000,0,0,0
B3_zmq_pushpull,zmq_tcp,none,none,,1,11627,512,584,1785153448087536000,1785153448087536000,1785153448087536000,1785153448087537000,1785153448087638000,1785153448087641000,1785153448087641000,1785153448087641000,121932490,121652369,-179.121,0.000,0.000,1.000,3.000,0.000,0.000,0.000,0,0,0
B3_zmq_pushpull,zmq_tcp,none,none,,1,11628,512,584,1785153448088534000,1785153448088534000,1785153448088535000,1785153448088535000,1785153448088627000,1785153448088631000,1785153448088631000,1785153448088631000,121932490,121652369,-188.121,0.000,1.000,0.000,4.000,0.000,0.000,9.000,0,0,0
B3_zmq_pushpull,zmq_tcp,none,none,,1,11629,512,584,1785153448089534000,1785153448089534000,1785153448089535000,1785153448089536000,1785153448089605000,1785153448089608000,1785153448089608000,1785153448089608000,121932490,121652369,-211.121,0.000,1.000,1.000,3.000,0.000,0.000,23.000,0,0,0
B3_zmq_pushpull,zmq_tcp,none,none,,1,11630,512,584,1785153448090532000,1785153448090532000,1785153448090532000,1785153448090533000,1785153448090594000,1785153448090597000,1785153448090597000,1785153448090597000,121932490,121652369,-219.121,0.000,0.000,1.000,3.000,0.000,0.000,8.000,0,0,0
B3_zmq_pushpull,zmq_tcp,none,none,,1,11631,512,584,1785153448091538000,1785153448091538000,1785153448091538000,1785153448091539000,1785153448091726000,1785153448091729000,1785153448091729000,1785153448091729000,121932490,121652369,-93.121,0.000,0.000,1.000,3.000,0.000,0.000,126.000,0,0,0
B3_zmq_pushpull,zmq_tcp,none,none,,1,11632,512,584,1785153448092534000,1785153448092535000,1785153448092535000,1785153448092536000,1785153448092715000,1785153448092718000,1785153448092718000,1785153448092718000,121932490,121652369,-101.121,1.000,0.000,1.000,3.000,0.000,0.000,8.000,0,0,0
B3_zmq_pushpull,zmq_tcp,none,none,,1,11633,512,584,1785153448093535000,1785153448093535000,1785153448093535000,1785153448093536000,1785153448093690000,1785153448093693000,1785153448093693000,1785153448093693000,121932490,121652369,-126.121,0.000,0.000,1.000,3.000,0.000,0.000,25.000,0,0,0
B3_zmq_pushpull,zmq_tcp,none,none,,1,11634,512,584,1785153448094532000,1785153448094532000,1785153448094532000,1785153448094533000,1785153448094678000,1785153448094681000,1785153448094681000,1785153448094681000,121932490,121652369,-135.121,0.000,0.000,1.000,3.000,0.000,0.000,9.000,0,0,0
B3_zmq_pushpull,zmq_tcp,none,none,,1,11635,512,584,1785153448095536000,1785153448095536000,1785153448095536000,1785153448095537000,1785153448095655000,1785153448095658000,1785153448095658000,1785153448095658000,121932490,121652369,-162.121,0.000,0.000,1.000,3.000,0.000,0.000,27.000,0,0,0
B3_zmq_pushpull,zmq_tcp,none,none,,1,11636,512,584,1785153448096535000,1785153448096535000,1785153448096535000,1785153448096536000,1785153448096634000,1785153448096637000,1785153448096637000,1785153448096637000,121932490,121652369,-182.121,0.000,0.000,1.000,3.000,0.000,0.000,20.000,0,0,0
B3_zmq_pushpull,zmq_tcp,none,none,,1,11637,512,584,1785153448097534000,1785153448097535000,1785153448097535000,1785153448097536000,1785153448097610000,1785153448097613000,1785153448097613000,1785153448097613000,121932490,121652369,-206.121,1.000,0.000,1.000,3.000,0.000,0.000,24.000,0,0,0
B3_zmq_pushpull,zmq_tcp,none,none,,1,11638,512,584,1785153448098534000,1785153448098535000,1785153448098535000,1785153448098536000,1785153448098590000,1785153448098593000,1785153448098593000,1785153448098593000,121932490,121652369,-226.121,1.000,0.000,1.000,3.000,0.000,0.000,20.000,0,0,0
B3_zmq_pushpull,zmq_tcp,none,none,,1,11639,512,584,1785153448099535000,1785153448099535000,1785153448099536000,1785153448099537000,1785153448099583000,1785153448099587000,1785153448099587000,1785153448099587000,121932490,121652369,-234.121,0.000,1.000,1.000,4.000,0.000,0.000,8.000,0,0,0
B3_zmq_pushpull,zmq_tcp,none,none,,1,11640,512,584,1785153448100536000,1785153448100536000,1785153448100536000,1785153448100537000,1785153448100710000,1785153448100713000,1785153448100713000,1785153448100713000,121932490,121652369,-107.121,0.000,0.000,1.000,3.000,0.000,0.000,127.000,0,0,0
B3_zmq_pushpull,zmq_tcp,none,none,,1,11641,512,584,1785153448101532000,1785153448101532000,1785153448101532000,1785153448101533000,1785153448101703000,1785153448101706000,1785153448101706000,1785153448101706000,121932490,121652369,-110.121,0.000,0.000,1.000,3.000,0.000,0.000,3.000,0,0,0
B3_zmq_pushpull,zmq_tcp,none,none,,1,11642,512,584,1785153448102536000,1785153448102537000,1785153448102537000,1785153448102538000,1785153448102674000,1785153448102677000,1785153448102677000,1785153448102677000,121932490,121652369,-144.121,1.000,0.000,1.000,3.000,0.000,0.000,34.000,0,0,0
B3_zmq_pushpull,zmq_tcp,none,none,,1,11643,512,584,1785153448103374000,1785153448103374000,1785153448103374000,1785153448103375000,1785153448103533000,1785153448103536000,1785153448103536000,1785153448103536000,121932490,121652369,-122.121,0.000,0.000,1.000,3.000,0.000,0.000,22.000,0,0,0
B3_zmq_pushpull,zmq_tcp,none,none,,1,11644,512,584,1785153448104576000,1785153448104576000,1785153448104576000,1785153448104577000,1785153448104660000,1785153448104663000,1785153448104663000,1785153448104663000,121932490,121652369,-197.121,0.000,0.000,1.000,3.000,0.000,0.000,75.000,0,0,0
B3_zmq_pushpull,zmq_tcp,none,none,,1,11645,512,584,1785153448105521000,1785153448105521000,1785153448105521000,1785153448105522000,1785153448105638000,1785153448105641000,1785153448105641000,1785153448105641000,121932490,121652369,-164.121,0.000,0.000,1.000,3.000,0.000,0.000,33.000,0,0,0
B3_zmq_pushpull,zmq_tcp,none,none,,1,11646,512,584,1785153448106541000,1785153448106542000,1785153448106542000,1785153448106543000,1785153448106607000,1785153448106610000,1785153448106610000,1785153448106610000,121932490,121652369,-216.121,1.000,0.000,1.000,3.000,0.000,0.000,52.000,0,0,0
B3_zmq_pushpull,zmq_tcp,none,none,,1,11647,512,584,1785153448107533000,1785153448107533000,1785153448107533000,1785153448107534000,1785153448107601000,1785153448107603000,1785153448107603000,1785153448107603000,121932490,121652369,-213.121,0.000,0.000,1.000,2.000,0.000,0.000,3.000,0,0,0
B3_zmq_pushpull,zmq_tcp,none,none,,1,11648,512,584,1785153448108536000,1785153448108536000,1785153448108536000,1785153448108537000,1785153448108595000,1785153448108598000,1785153448108598000,1785153448108598000,121932490,121652369,-222.121,0.000,0.000,1.000,3.000,0.000,0.000,9.000,0,0,0
B3_zmq_pushpull,zmq_tcp,none,none,,1,11649,512,584,1785153448109532000,1785153448109532000,1785153448109532000,1785153448109533000,1785153448109579000,1785153448109582000,1785153448109582000,1785153448109582000,121932490,121652369,-234.121,0.000,0.000,1.000,3.000,0.000,0.000,12.000,0,0,0
B3_zmq_pushpull,zmq_tcp,none,none,,1,11650,512,584,1785153448110539000,1785153448110539000,1785153448110539000,1785153448110540000,1785153448110684000,1785153448110687000,1785153448110687000,1785153448110687000,121932490,121652369,-136.121,0.000,0.000,1.000,3.000,0.000,0.000,98.000,0,0,0
B3_zmq_pushpull,zmq_tcp,none,none,,1,11651,512,584,1785153448111534000,1785153448111534000,1785153448111534000,1785153448111535000,1785153448111681000,1785153448111684000,1785153448111684000,1785153448111684000,121932490,121652369,-134.121,0.000,0.000,1.000,3.000,0.000,0.000,2.000,0,0,0
B3_zmq_pushpull,zmq_tcp,none,none,,1,11652,512,584,1785153448112536000,1785153448112536000,1785153448112536000,1785153448112537000,1785153448112686000,1785153448112689000,1785153448112689000,1785153448112689000,121932490,121652369,-131.121,0.000,0.000,1.000,3.000,0.000,0.000,3.000,0,0,0
B3_zmq_pushpull,zmq_tcp,none,none,,1,11653,512,584,1785153448113530000,1785153448113531000,1785153448113531000,1785153448113532000,1785153448113670000,1785153448113673000,1785153448113673000,1785153448113673000,121932490,121652369,-142.121,1.000,0.000,1.000,3.000,0.000,0.000,11.000,0,0,0
B3_zmq_pushpull,zmq_tcp,none,none,,1,11654,512,584,1785153448114538000,1785153448114538000,1785153448114538000,1785153448114539000,1785153448114654000,1785153448114657000,1785153448114657000,1785153448114657000,121932490,121652369,-165.121,0.000,0.000,1.000,3.000,0.000,0.000,23.000,0,0,0
B3_zmq_pushpull,zmq_tcp,none,none,,1,11655,512,584,1785153448115534000,1785153448115535000,1785153448115535000,1785153448115536000,1785153448115638000,1785153448115641000,1785153448115641000,1785153448115641000,121932490,121652369,-178.121,1.000,0.000,1.000,3.000,0.000,0.000,13.000,0,0,0
B3_zmq_pushpull,zmq_tcp,none,none,,1,11656,512,584,1785153448116534000,1785153448116534000,1785153448116535000,1785153448116535000,1785153448116629000,1785153448116631000,1785153448116631000,1785153448116631000,121932490,121652369,-186.121,0.000,1.000,0.000,2.000,0.000,0.000,8.000,0,0,0
B3_zmq_pushpull,zmq_tcp,none,none,,1,11657,512,584,1785153448117532000,1785153448117533000,1785153448117533000,1785153448117534000,1785153448117605000,1785153448117608000,1785153448117608000,1785153448117608000,121932490,121652369,-209.121,1.000,0.000,1.000,3.000,0.000,0.000,23.000,0,0,0
B3_zmq_pushpull,zmq_tcp,none,none,,1,11658,512,584,1785153448118539000,1785153448118539000,1785153448118539000,1785153448118540000,1785153448118594000,1785153448118597000,1785153448118597000,1785153448118597000,121932490,121652369,-226.121,0.000,0.000,1.000,3.000,0.000,0.000,17.000,0,0,0
B3_zmq_pushpull,zmq_tcp,none,none,,1,11659,512,584,1785153448119533000,1785153448119533000,1785153448119533000,1785153448119534000,1785153448119600000,1785153448119603000,1785153448119603000,1785153448119603000,121932490,121652369,-214.121,0.000,0.000,1.000,3.000,0.000,0.000,12.000,0,0,0
B3_zmq_pushpull,zmq_tcp,none,none,,1,11660,512,584,1785153448120444000,1785153448120444000,1785153448120444000,1785153448120445000,1785153448120599000,1785153448120602000,1785153448120602000,1785153448120602000,121932490,121652369,-126.121,0.000,0.000,1.000,3.000,0.000,0.000,88.000,0,0,0
B3_zmq_pushpull,zmq_tcp,none,none,,1,11661,512,584,1785153448121558000,1785153448121558000,1785153448121558000,1785153448121559000,1785153448121747000,1785153448121750000,1785153448121750000,1785153448121750000,121932490,121652369,-92.121,0.000,0.000,1.000,3.000,0.000,0.000,34.000,0,0,0
B3_zmq_pushpull,zmq_tcp,none,none,,1,11662,512,584,1785153448122529000,1785153448122529000,1785153448122529000,1785153448122530000,1785153448122575000,1785153448122579000,1785153448122579000,1785153448122579000,121932490,121652369,-235.121,0.000,0.000,1.000,4.000,0.000,0.000,143.000,0,0,0
B3_zmq_pushpull,zmq_tcp,none,none,,1,11663,512,584,1785153448123536000,1785153448123536000,1785153448123536000,1785153448123537000,1785153448123705000,1785153448123708000,1785153448123708000,1785153448123708000,121932490,121652369,-112.121,0.000,0.000,1.000,3.000,0.000,0.000,123.000,0,0,0
B3_zmq_pushpull,zmq_tcp,none,none,,1,11664,512,584,1785153448124533000,1785153448124533000,1785153448124534000,1785153448124535000,1785153448124692000,1785153448124695000,1785153448124695000,1785153448124695000,121932490,121652369,-123.121,0.000,1.000,1.000,3.000,0.000,0.000,11.000,0,0,0
B3_zmq_pushpull,zmq_tcp,none,none,,1,11665,512,584,1785153448125535000,1785153448125535000,1785153448125535000,1785153448125536000,1785153448125681000,1785153448125684000,1785153448125684000,1785153448125684000,121932490,121652369,-135.121,0.000,0.000,1.000,3.000,0.000,0.000,12.000,0,0,0
B3_zmq_pushpull,zmq_tcp,none,none,,1,11666,512,584,1785153448126535000,1785153448126535000,1785153448126536000,1785153448126536000,1785153448126681000,1785153448126684000,1785153448126684000,1785153448126684000,121932490,121652369,-135.121,0.000,1.000,0.000,3.000,0.000,0.000,0.000,0,0,0
B3_zmq_pushpull,zmq_tcp,none,none,,1,11667,512,584,1785153448127370000,1785153448127370000,1785153448127370000,1785153448127371000,1785153448127526000,1785153448127529000,1785153448127529000,1785153448127529000,121932490,121652369,-125.121,0.000,0.000,1.000,3.000,0.000,0.000,10.000,0,0,0
B3_zmq_pushpull,zmq_tcp,none,none,,1,11668,512,584,1785153448128355000,1785153448128356000,1785153448128356000,1785153448128357000,1785153448128506000,1785153448128509000,1785153448128509000,1785153448128509000,121932490,121652369,-131.121,1.000,0.000,1.000,3.000,0.000,0.000,6.000,0,0,0
B3_zmq_pushpull,zmq_tcp,none,none,,1,11669,512,584,1785153448129343000,1785153448129343000,1785153448129343000,1785153448129344000,1785153448129482000,1785153448129485000,1785153448129485000,1785153448129485000,121932490,121652369,-142.121,0.000,0.000,1.000,3.000,0.000,0.000,11.000,0,0,0
B3_zmq_pushpull,zmq_tcp,none,none,,1,11670,512,584,1785153448130438000,1785153448130438000,1785153448130438000,1785153448130439000,1785153448130592000,1785153448130595000,1785153448130595000,1785153448130595000,121932490,121652369,-127.121,0.000,0.000,1.000,3.000,0.000,0.000,15.000,0,0,0
B3_zmq_pushpull,zmq_tcp,none,none,,1,11671,512,584,1785153448131419000,1785153448131419000,1785153448131419000,1785153448131420000,1785153448131572000,1785153448131575000,1785153448131575000,1785153448131575000,121932490,121652369,-128.121,0.000,0.000,1.000,3.000,0.000,0.000,1.000,0,0,0
B3_zmq_pushpull,zmq_tcp,none,none,,1,11672,512,584,1785153448132399000,1785153448132399000,1785153448132399000,1785153448132400000,1785153448132558000,1785153448132561000,1785153448132561000,1785153448132561000,121932490,121652369,-122.121,0.000,0.000,1.000,3.000,0.000,0.000,6.000,0,0,0
B3_zmq_pushpull,zmq_tcp,none,none,,1,11673,512,584,1785153448133385000,1785153448133386000,1785153448133386000,1785153448133387000,1785153448133537000,1785153448133539000,1785153448133539000,1785153448133539000,121932490,121652369,-130.121,1.000,0.000,1.000,2.000,0.000,0.000,8.000,0,0,0
B3_zmq_pushpull,zmq_tcp,none,none,,1,11674,512,584,1785153448134574000,1785153448134574000,1785153448134574000,1785153448134575000,1785153448134651000,1785153448134653000,1785153448134653000,1785153448134653000,121932490,121652369,-204.121,0.000,0.000,1.000,2.000,0.000,0.000,74.000,0,0,0
B3_zmq_pushpull,zmq_tcp,none,none,,1,11675,512,584,1785153448135527000,1785153448135527000,1785153448135527000,1785153448135528000,1785153448135666000,1785153448135669000,1785153448135669000,1785153448135669000,121932490,121652369,-142.121,0.000,0.000,1.000,3.000,0.000,0.000,62.000,0,0,0
B3_zmq_pushpull,zmq_tcp,none,none,,1,11676,512,584,1785153448136358000,1785153448136359000,1785153448136359000,1785153448136360000,1785153448136518000,1785153448136521000,1785153448136521000,1785153448136521000,121932490,121652369,-122.121,1.000,0.000,1.000,3.000,0.000,0.000,20.000,0,0,0
B3_zmq_pushpull,zmq_tcp,none,none,,1,11677,512,584,1785153448137579000,1785153448137579000,1785153448137579000,1785153448137580000,1785153448137773000,1785153448137775000,1785153448137775000,1785153448137776000,121932490,121652369,-87.121,0.000,0.000,1.000,2.000,0.000,1.000,35.000,0,0,0
B3_zmq_pushpull,zmq_tcp,none,none,,1,11678,512,584,1785153448138525000,1785153448138525000,1785153448138525000,1785153448138526000,1785153448138624000,1785153448138626000,1785153448138626000,1785153448138626000,121932490,121652369,-182.121,0.000,0.000,1.000,2.000,0.000,0.000,95.000,0,0,0
B3_zmq_pushpull,zmq_tcp,none,none,,1,11679,512,584,1785153448139537000,1785153448139537000,1785153448139538000,1785153448139539000,1785153448139602000,1785153448139606000,1785153448139606000,1785153448139606000,121932490,121652369,-217.121,0.000,1.000,1.000,4.000,0.000,0.000,35.000,0,0,0
B3_zmq_pushpull,zmq_tcp,none,none,,1,11680,512,584,1785153448140536000,1785153448140537000,1785153448140537000,1785153448140538000,1785153448140714000,1785153448140717000,1785153448140717000,1785153448140717000,121932490,121652369,-104.121,1.000,0.000,1.000,3.000,0.000,0.000,113.000,0,0,0
B3_zmq_pushpull,zmq_tcp,none,none,,1,11681,512,584,1785153448141535000,1785153448141535000,1785153448141535000,1785153448141536000,1785153448141699000,1785153448141702000,1785153448141702000,1785153448141702000,121932490,121652369,-117.121,0.000,0.000,1.000,3.000,0.000,0.000,13.000,0,0,0
B3_zmq_pushpull,zmq_tcp,none,none,,1,11682,512,584,1785153448142537000,1785153448142537000,1785153448142537000,1785153448142538000,1785153448142693000,1785153448142696000,1785153448142696000,1785153448142696000,121932490,121652369,-125.121,0.000,0.000,1.000,3.000,0.000,0.000,8.000,0,0,0
B3_zmq_pushpull,zmq_tcp,none,none,,1,11683,512,584,1785153448143392000,1785153448143392000,1785153448143393000,1785153448143393000,1785153448143545000,1785153448143547000,1785153448143548000,1785153448143548000,121932490,121652369,-128.121,0.000,1.000,0.000,2.000,1.000,0.000,3.000,0,0,0
B3_zmq_pushpull,zmq_tcp,none,none,,1,11684,512,584,1785153448144382000,1785153448144382000,1785153448144382000,1785153448144383000,1785153448144534000,1785153448144536000,1785153448144536000,1785153448144536000,121932490,121652369,-129.121,0.000,0.000,1.000,2.000,0.000,0.000,1.000,0,0,0
B3_zmq_pushpull,zmq_tcp,none,none,,1,11685,512,584,1785153448145373000,1785153448145373000,1785153448145373000,1785153448145374000,1785153448145529000,1785153448145532000,1785153448145532000,1785153448145532000,121932490,121652369,-125.121,0.000,0.000,1.000,3.000,0.000,0.000,4.000,0,0,0
B3_zmq_pushpull,zmq_tcp,none,none,,1,11686,512,584,1785153448146371000,1785153448146371000,1785153448146371000,1785153448146372000,1785153448146529000,1785153448146532000,1785153448146532000,1785153448146532000,121932490,121652369,-123.121,0.000,0.000,1.000,3.000,0.000,0.000,2.000,0,0,0
B3_zmq_pushpull,zmq_tcp,none,none,,1,11687,512,584,1785153448147366000,1785153448147366000,1785153448147366000,1785153448147367000,1785153448147524000,1785153448147526000,1785153448147526000,1785153448147526000,121932490,121652369,-123.121,0.000,0.000,1.000,2.000,0.000,0.000,0.000,0,0,0
B3_zmq_pushpull,zmq_tcp,none,none,,1,11688,512,584,1785153448148369000,1785153448148369000,1785153448148369000,1785153448148370000,1785153448148526000,1785153448148529000,1785153448148529000,1785153448148529000,121932490,121652369,-124.121,0.000,0.000,1.000,3.000,0.000,0.000,1.000,0,0,0
B3_zmq_pushpull,zmq_tcp,none,none,,1,11689,512,584,1785153448149576000,1785153448149576000,1785153448149576000,1785153448149577000,1785153448149769000,1785153448149772000,1785153448149772000,1785153448149772000,121932490,121652369,-88.121,0.000,0.000,1.000,3.000,0.000,0.000,36.000,0,0,0
B3_zmq_pushpull,zmq_tcp,none,none,,1,11690,512,584,1785153448150344000,1785153448150344000,1785153448150344000,1785153448150345000,1785153448150484000,1785153448150487000,1785153448150487000,1785153448150487000,121932490,121652369,-141.121,0.000,0.000,1.000,3.000,0.000,0.000,53.000,0,0,0
B3_zmq_pushpull,zmq_tcp,none,none,,1,11691,512,584,1785153448151441000,1785153448151441000,1785153448151441000,1785153448151442000,1785153448151584000,1785153448151586000,1785153448151586000,1785153448151586000,121932490,121652369,-138.121,0.000,0.000,1.000,2.000,0.000,0.000,3.000,0,0,0
B3_zmq_pushpull,zmq_tcp,none,none,,1,11692,512,584,1785153448152559000,1785153448152560000,1785153448152560000,1785153448152561000,1785153448152681000,1785153448152684000,1785153448152684000,1785153448152684000,121932490,121652369,-160.121,1.000,0.000,1.000,3.000,0.000,0.000,22.000,0,0,0
B3_zmq_pushpull,zmq_tcp,none,none,,1,11693,512,584,1785153448153378000,1785153448153378000,1785153448153378000,1785153448153379000,1785153448153536000,1785153448153538000,1785153448153538000,1785153448153538000,121932490,121652369,-123.121,0.000,0.000,1.000,2.000,0.000,0.000,37.000,0,0,0
B3_zmq_pushpull,zmq_tcp,none,none,,1,11694,512,584,1785153448154366000,1785153448154366000,1785153448154366000,1785153448154367000,1785153448154526000,1785153448154529000,1785153448154529000,1785153448154529000,121932490,121652369,-121.121,0.000,0.000,1.000,3.000,0.000,0.000,2.000,0,0,0
B3_zmq_pushpull,zmq_tcp,none,none,,1,11695,512,584,1785153448155577000,1785153448155577000,1785153448155577000,1785153448155578000,1785153448155647000,1785153448155650000,1785153448155650000,1785153448155650000,121932490,121652369,-211.121,0.000,0.000,1.000,3.000,0.000,0.000,90.000,0,0,0
B3_zmq_pushpull,zmq_tcp,none,none,,1,11696,512,584,1785153448156527000,1785153448156527000,1785153448156527000,1785153448156528000,1785153448156645000,1785153448156648000,1785153448156648000,1785153448156648000,121932490,121652369,-163.121,0.000,0.000,1.000,3.000,0.000,0.000,48.000,0,0,0
B3_zmq_pushpull,zmq_tcp,none,none,,1,11697,512,584,1785153448157347000,1785153448157347000,1785153448157347000,1785153448157348000,1785153448157486000,1785153448157490000,1785153448157490000,1785153448157490000,121932490,121652369,-142.121,0.000,0.000,1.000,4.000,0.000,0.000,21.000,0,0,0
B3_zmq_pushpull,zmq_tcp,none,none,,1,11698,512,584,1785153448158442000,1785153448158442000,1785153448158442000,1785153448158443000,1785153448158593000,1785153448158596000,1785153448158596000,1785153448158596000,121932490,121652369,-130.121,0.000,0.000,1.000,3.000,0.000,0.000,12.000,0,0,0
B3_zmq_pushpull,zmq_tcp,none,none,,1,11699,512,584,1785153448159419000,1785153448159419000,1785153448159419000,1785153448159420000,1785153448159570000,1785153448159573000,1785153448159573000,1785153448159573000,121932490,121652369,-130.121,0.000,0.000,1.000,3.000,0.000,0.000,0.000,0,0,0
B3_zmq_pushpull,zmq_tcp,none,none,,1,11700,512,584,1785153448160407000,1785153448160407000,1785153448160407000,1785153448160408000,1785153448160564000,1785153448160573000,1785153448160573000,1785153448160573000,121932490,121652369,-124.121,0.000,0.000,1.000,9.000,0.000,0.000,6.000,0,0,0
B3_zmq_pushpull,zmq_tcp,none,none,,1,11701,512,584,1785153448161402000,1785153448161402000,1785153448161402000,1785153448161403000,1785153448161562000,1785153448161566000,1785153448161566000,1785153448161566000,121932490,121652369,-121.121,0.000,0.000,1.000,4.000,0.000,0.000,3.000,0,0,0
B3_zmq_pushpull,zmq_tcp,none,none,,1,11702,512,584,1785153448162571000,1785153448162571000,1785153448162571000,1785153448162572000,1785153448162678000,1785153448162681000,1785153448162681000,1785153448162681000,121932490,121652369,-174.121,0.000,0.000,1.000,3.000,0.000,0.000,53.000,0,0,0
B3_zmq_pushpull,zmq_tcp,none,none,,1,11703,512,584,1785153448163526000,1785153448163526000,1785153448163526000,1785153448163527000,1785153448163676000,1785153448163679000,1785153448163679000,1785153448163679000,121932490,121652369,-131.121,0.000,0.000,1.000,3.000,0.000,0.000,43.000,0,0,0
B3_zmq_pushpull,zmq_tcp,none,none,,1,11704,512,584,1785153448164535000,1785153448164535000,1785153448164535000,1785153448164536000,1785153448164668000,1785153448164670000,1785153448164670000,1785153448164670000,121932490,121652369,-148.121,0.000,0.000,1.000,2.000,0.000,0.000,17.000,0,0,0
B3_zmq_pushpull,zmq_tcp,none,none,,1,11705,512,584,1785153448165535000,1785153448165535000,1785153448165535000,1785153448165536000,1785153448165644000,1785153448165647000,1785153448165647000,1785153448165647000,121932490,121652369,-172.121,0.000,0.000,1.000,3.000,0.000,0.000,24.000,0,0,0
B3_zmq_pushpull,zmq_tcp,none,none,,1,11706,512,584,1785153448166535000,1785153448166535000,1785153448166535000,1785153448166536000,1785153448166645000,1785153448166648000,1785153448166648000,1785153448166648000,121932490,121652369,-171.121,0.000,0.000,1.000,3.000,0.000,0.000,1.000,0,0,0
B3_zmq_pushpull,zmq_tcp,none,none,,1,11707,512,584,1785153448167535000,1785153448167535000,1785153448167535000,1785153448167536000,1785153448167630000,1785153448167633000,1785153448167633000,1785153448167633000,121932490,121652369,-186.121,0.000,0.000,1.000,3.000,0.000,0.000,15.000,0,0,0
B3_zmq_pushpull,zmq_tcp,none,none,,1,11708,512,584,1785153448168535000,1785153448168535000,1785153448168535000,1785153448168536000,1785153448168622000,1785153448168625000,1785153448168625000,1785153448168625000,121932490,121652369,-194.121,0.000,0.000,1.000,3.000,0.000,0.000,8.000,0,0,0
B3_zmq_pushpull,zmq_tcp,none,none,,1,11709,512,584,1785153448169535000,1785153448169536000,1785153448169536000,1785153448169537000,1785153448169725000,1785153448169729000,1785153448169729000,1785153448169729000,121932490,121652369,-92.121,1.000,0.000,1.000,4.000,0.000,0.000,102.000,0,0,0
B3_zmq_pushpull,zmq_tcp,none,none,,1,11710,512,584,1785153448170533000,1785153448170533000,1785153448170534000,1785153448170534000,1785153448170717000,1785153448170721000,1785153448170721000,1785153448170721000,121932490,121652369,-97.121,0.000,1.000,0.000,4.000,0.000,0.000,5.000,0,0,0
B3_zmq_pushpull,zmq_tcp,none,none,,1,11711,512,584,1785153448171418000,1785153448171418000,1785153448171418000,1785153448171419000,1785153448171570000,1785153448171573000,1785153448171573000,1785153448171573000,121932490,121652369,-129.121,0.000,0.000,1.000,3.000,0.000,0.000,32.000,0,0,0
B3_zmq_pushpull,zmq_tcp,none,none,,1,11712,512,584,1785153448172406000,1785153448172406000,1785153448172406000,1785153448172407000,1785153448172561000,1785153448172563000,1785153448172563000,1785153448172563000,121932490,121652369,-126.121,0.000,0.000,1.000,2.000,0.000,0.000,3.000,0,0,0
B3_zmq_pushpull,zmq_tcp,none,none,,1,11713,512,584,1785153448173400000,1785153448173401000,1785153448173401000,1785153448173402000,1785153448173555000,1785153448173558000,1785153448173558000,1785153448173558000,121932490,121652369,-127.121,1.000,0.000,1.000,3.000,0.000,0.000,1.000,0,0,0
B3_zmq_pushpull,zmq_tcp,none,none,,1,11714,512,584,1785153448174370000,1785153448174370000,1785153448174370000,1785153448174371000,1785153448174529000,1785153448174532000,1785153448174532000,1785153448174532000,121932490,121652369,-122.121,0.000,0.000,1.000,3.000,0.000,0.000,5.000,0,0,0
B3_zmq_pushpull,zmq_tcp,none,none,,1,11715,512,584,1785153448175578000,1785153448175578000,1785153448175578000,1785153448175579000,1785153448175762000,1785153448175765000,1785153448175765000,1785153448175765000,121932490,121652369,-97.121,0.000,0.000,1.000,3.000,0.000,0.000,25.000,0,0,0
B3_zmq_pushpull,zmq_tcp,none,none,,1,11716,512,584,1785153448176451000,1785153448176451000,1785153448176451000,1785153448176452000,1785153448176610000,1785153448176613000,1785153448176613000,1785153448176613000,121932490,121652369,-122.121,0.000,0.000,1.000,3.000,0.000,0.000,25.000,0,0,0
B3_zmq_pushpull,zmq_tcp,none,none,,1,11717,512,584,1785153448177557000,1785153448177558000,1785153448177558000,1785153448177559000,1785153448177732000,1785153448177735000,1785153448177735000,1785153448177735000,121932490,121652369,-107.121,1.000,0.000,1.000,3.000,0.000,0.000,15.000,0,0,0
B3_zmq_pushpull,zmq_tcp,none,none,,1,11718,512,584,1785153448178410000,1785153448178410000,1785153448178410000,1785153448178411000,1785153448178561000,1785153448178564000,1785153448178564000,1785153448178564000,121932490,121652369,-130.121,0.000,0.000,1.000,3.000,0.000,0.000,23.000,0,0,0
B3_zmq_pushpull,zmq_tcp,none,none,,1,11719,512,584,1785153448179569000,1785153448179569000,1785153448179569000,1785153448179570000,1785153448179653000,1785153448179656000,1785153448179656000,1785153448179656000,121932490,121652369,-197.121,0.000,0.000,1.000,3.000,0.000,0.000,67.000,0,0,0
B3_zmq_pushpull,zmq_tcp,none,none,,1,11720,512,584,1785153448180524000,1785153448180524000,1785153448180524000,1785153448180525000,1785153448180661000,1785153448180664000,1785153448180664000,1785153448180664000,121932490,121652369,-144.121,0.000,0.000,1.000,3.000,0.000,0.000,53.000,0,0,0
B3_zmq_pushpull,zmq_tcp,none,none,,1,11721,512,584,1785153448181506000,1785153448181506000,1785153448181506000,1785153448181507000,1785153448181648000,1785153448181651000,1785153448181651000,1785153448181651000,121932490,121652369,-139.121,0.000,0.000,1.000,3.000,0.000,0.000,5.000,0,0,0
B3_zmq_pushpull,zmq_tcp,none,none,,1,11722,512,584,1785153448182347000,1785153448182347000,1785153448182347000,1785153448182348000,1785153448182492000,1785153448182494000,1785153448182494000,1785153448182494000,121932490,121652369,-136.121,0.000,0.000,1.000,2.000,0.000,0.000,3.000,0,0,0
B3_zmq_pushpull,zmq_tcp,none,none,,1,11723,512,584,1785153448183463000,1785153448183463000,1785153448183463000,1785153448183464000,1785153448183621000,1785153448183624000,1785153448183624000,1785153448183624000,121932490,121652369,-123.121,0.000,0.000,1.000,3.000,0.000,0.000,13.000,0,0,0
B3_zmq_pushpull,zmq_tcp,none,none,,1,11724,512,584,1785153448184414000,1785153448184414000,1785153448184414000,1785153448184415000,1785153448184611000,1785153448184614000,1785153448184615000,1785153448184615000,121932490,121652369,-84.121,0.000,0.000,1.000,3.000,1.000,0.000,39.000,0,0,0
B3_zmq_pushpull,zmq_tcp,none,none,,1,11725,512,584,1785153448185566000,1785153448185566000,1785153448185566000,1785153448185567000,1785153448185729000,1785153448185735000,1785153448185735000,1785153448185735000,121932490,121652369,-118.121,0.000,0.000,1.000,6.000,0.000,0.000,34.000,0,0,0
B3_zmq_pushpull,zmq_tcp,none,none,,1,11726,512,584,1785153448186527000,1785153448186527000,1785153448186527000,1785153448186528000,1785153448186720000,1785153448186723000,1785153448186723000,1785153448186723000,121932490,121652369,-88.121,0.000,0.000,1.000,3.000,0.000,0.000,30.000,0,0,0
B3_zmq_pushpull,zmq_tcp,none,none,,1,11727,512,584,1785153448187536000,1785153448187536000,1785153448187536000,1785153448187537000,1785153448187597000,1785153448187600000,1785153448187600000,1785153448187600000,121932490,121652369,-220.121,0.000,0.000,1.000,3.000,0.000,0.000,132.000,0,0,0
B3_zmq_pushpull,zmq_tcp,none,none,,1,11728,512,584,1785153448188537000,1785153448188538000,1785153448188538000,1785153448188539000,1785153448188604000,1785153448188607000,1785153448188607000,1785153448188607000,121932490,121652369,-215.121,1.000,0.000,1.000,3.000,0.000,0.000,5.000,0,0,0
B3_zmq_pushpull,zmq_tcp,none,none,,1,11729,512,584,1785153448189537000,1785153448189537000,1785153448189537000,1785153448189538000,1785153448189616000,1785153448189619000,1785153448189619000,1785153448189619000,121932490,121652369,-202.121,0.000,0.000,1.000,3.000,0.000,0.000,13.000,0,0,0
B3_zmq_pushpull,zmq_tcp,none,none,,1,11730,512,584,1785153448190533000,1785153448190533000,1785153448190533000,1785153448190534000,1785153448190602000,1785153448190607000,1785153448190607000,1785153448190607000,121932490,121652369,-212.121,0.000,0.000,1.000,5.000,0.000,0.000,10.000,0,0,0
B3_zmq_pushpull,zmq_tcp,none,none,,1,11731,512,584,1785153448191440000,1785153448191440000,1785153448191440000,1785153448191441000,1785153448191585000,1785153448191587000,1785153448191587000,1785153448191587000,121932490,121652369,-136.121,0.000,0.000,1.000,2.000,0.000,0.000,76.000,0,0,0
B3_zmq_pushpull,zmq_tcp,none,none,,1,11732,512,584,1785153448192560000,1785153448192560000,1785153448192560000,1785153448192561000,1785153448192705000,1785153448192708000,1785153448192708000,1785153448192708000,121932490,121652369,-136.121,0.000,0.000,1.000,3.000,0.000,0.000,0.000,0,0,0
B3_zmq_pushpull,zmq_tcp,none,none,,1,11733,512,584,1785153448193525000,1785153448193526000,1785153448193526000,1785153448193527000,1785153448193684000,1785153448193687000,1785153448193687000,1785153448193687000,121932490,121652369,-123.121,1.000,0.000,1.000,3.000,0.000,0.000,13.000,0,0,0
B3_zmq_pushpull,zmq_tcp,none,none,,1,11734,512,584,1785153448194383000,1785153448194383000,1785153448194383000,1785153448194384000,1785153448194541000,1785153448194544000,1785153448194544000,1785153448194544000,121932490,121652369,-123.121,0.000,0.000,1.000,3.000,0.000,0.000,0.000,0,0,0
B3_zmq_pushpull,zmq_tcp,none,none,,1,11735,512,584,1785153448195372000,1785153448195372000,1785153448195372000,1785153448195373000,1785153448195529000,1785153448195532000,1785153448195532000,1785153448195532000,121932490,121652369,-124.121,0.000,0.000,1.000,3.000,0.000,0.000,1.000,0,0,0
B3_zmq_pushpull,zmq_tcp,none,none,,1,11736,512,584,1785153448196576000,1785153448196576000,1785153448196576000,1785153448196577000,1785153448196653000,1785153448196656000,1785153448196656000,1785153448196656000,121932490,121652369,-204.121,0.000,0.000,1.000,3.000,0.000,0.000,80.000,0,0,0
B3_zmq_pushpull,zmq_tcp,none,none,,1,11737,512,584,1785153448197524000,1785153448197524000,1785153448197524000,1785153448197525000,1785153448197622000,1785153448197625000,1785153448197625000,1785153448197625000,121932490,121652369,-183.121,0.000,0.000,1.000,3.000,0.000,0.000,21.000,0,0,0
B3_zmq_pushpull,zmq_tcp,none,none,,1,11738,512,584,1785153448198538000,1785153448198539000,1785153448198539000,1785153448198540000,1785153448198620000,1785153448198623000,1785153448198623000,1785153448198623000,121932490,121652369,-200.121,1.000,0.000,1.000,3.000,0.000,0.000,17.000,0,0,0
B3_zmq_pushpull,zmq_tcp,none,none,,1,11739,512,584,1785153448199535000,1785153448199535000,1785153448199535000,1785153448199536000,1785153448199599000,1785153448199602000,1785153448199602000,1785153448199602000,121932490,121652369,-217.121,0.000,0.000,1.000,3.000,0.000,0.000,17.000,0,0,0
B3_zmq_pushpull,zmq_tcp,none,none,,1,11740,512,584,1785153448200535000,1785153448200535000,1785153448200535000,1785153448200536000,1785153448200688000,1785153448200690000,1785153448200690000,1785153448200690000,121932490,121652369,-128.121,0.000,0.000,1.000,2.000,0.000,0.000,89.000,0,0,0
B3_zmq_pushpull,zmq_tcp,none,none,,1,11741,512,584,1785153448201535000,1785153448201535000,1785153448201535000,1785153448201536000,1785153448201673000,1785153448201676000,1785153448201676000,1785153448201676000,121932490,121652369,-143.121,0.000,0.000,1.000,3.000,0.000,0.000,15.000,0,0,0
B3_zmq_pushpull,zmq_tcp,none,none,,1,11742,512,584,1785153448202535000,1785153448202535000,1785153448202535000,1785153448202536000,1785153448202664000,1785153448202667000,1785153448202667000,1785153448202667000,121932490,121652369,-152.121,0.000,0.000,1.000,3.000,0.000,0.000,9.000,0,0,0
B3_zmq_pushpull,zmq_tcp,none,none,,1,11743,512,584,1785153448203538000,1785153448203538000,1785153448203538000,1785153448203539000,1785153448203632000,1785153448203635000,1785153448203635000,1785153448203635000,121932490,121652369,-187.121,0.000,0.000,1.000,3.000,0.000,0.000,35.000,0,0,0
B3_zmq_pushpull,zmq_tcp,none,none,,1,11744,512,584,1785153448204531000,1785153448204531000,1785153448204531000,1785153448204532000,1785153448204618000,1785153448204621000,1785153448204621000,1785153448204621000,121932490,121652369,-194.121,0.000,0.000,1.000,3.000,0.000,0.000,7.000,0,0,0
B3_zmq_pushpull,zmq_tcp,none,none,,1,11745,512,584,1785153448205537000,1785153448205537000,1785153448205537000,1785153448205538000,1785153448205581000,1785153448205585000,1785153448205585000,1785153448205585000,121932490,121652369,-237.121,0.000,0.000,1.000,4.000,0.000,0.000,43.000,0,0,0
B3_zmq_pushpull,zmq_tcp,none,none,,1,11746,512,584,1785153448206535000,1785153448206535000,1785153448206535000,1785153448206536000,1785153448206689000,1785153448206692000,1785153448206692000,1785153448206692000,121932490,121652369,-127.121,0.000,0.000,1.000,3.000,0.000,0.000,110.000,0,0,0
B3_zmq_pushpull,zmq_tcp,none,none,,1,11747,512,584,1785153448207535000,1785153448207535000,1785153448207535000,1785153448207536000,1785153448207657000,1785153448207660000,1785153448207660000,1785153448207660000,121932490,121652369,-159.121,0.000,0.000,1.000,3.000,0.000,0.000,32.000,0,0,0
B3_zmq_pushpull,zmq_tcp,none,none,,1,11748,512,584,1785153448208532000,1785153448208532000,1785153448208532000,1785153448208533000,1785153448208641000,1785153448208644000,1785153448208644000,1785153448208644000,121932490,121652369,-172.121,0.000,0.000,1.000,3.000,0.000,0.000,13.000,0,0,0
B3_zmq_pushpull,zmq_tcp,none,none,,1,11749,512,584,1785153448209539000,1785153448209539000,1785153448209539000,1785153448209540000,1785153448209647000,1785153448209649000,1785153448209649000,1785153448209649000,121932490,121652369,-173.121,0.000,0.000,1.000,2.000,0.000,0.000,1.000,0,0,0
B3_zmq_pushpull,zmq_tcp,none,none,,1,11750,512,584,1785153448210535000,1785153448210535000,1785153448210535000,1785153448210536000,1785153448210628000,1785153448210632000,1785153448210632000,1785153448210632000,121932490,121652369,-188.121,0.000,0.000,1.000,4.000,0.000,0.000,15.000,0,0,0
B3_zmq_pushpull,zmq_tcp,none,none,,1,11751,512,584,1785153448211538000,1785153448211538000,1785153448211538000,1785153448211539000,1785153448211604000,1785153448211608000,1785153448211608000,1785153448211608000,121932490,121652369,-215.121,0.000,0.000,1.000,4.000,0.000,0.000,27.000,0,0,0
B3_zmq_pushpull,zmq_tcp,none,none,,1,11752,512,584,1785153448212534000,1785153448212534000,1785153448212534000,1785153448212535000,1785153448212604000,1785153448212607000,1785153448212607000,1785153448212607000,121932490,121652369,-211.121,0.000,0.000,1.000,3.000,0.000,0.000,4.000,0,0,0
B3_zmq_pushpull,zmq_tcp,none,none,,1,11753,512,584,1785153448213535000,1785153448213535000,1785153448213535000,1785153448213536000,1785153448213581000,1785153448213585000,1785153448213585000,1785153448213585000,121932490,121652369,-235.121,0.000,0.000,1.000,4.000,0.000,0.000,24.000,0,0,0
B3_zmq_pushpull,zmq_tcp,none,none,,1,11754,512,584,1785153448214535000,1785153448214535000,1785153448214535000,1785153448214536000,1785153448214681000,1785153448214684000,1785153448214684000,1785153448214684000,121932490,121652369,-135.121,0.000,0.000,1.000,3.000,0.000,0.000,100.000,0,0,0
B3_zmq_pushpull,zmq_tcp,none,none,,1,11755,512,584,1785153448215535000,1785153448215535000,1785153448215535000,1785153448215536000,1785153448215669000,1785153448215674000,1785153448215674000,1785153448215674000,121932490,121652369,-147.121,0.000,0.000,1.000,5.000,0.000,0.000,12.000,0,0,0
B3_zmq_pushpull,zmq_tcp,none,none,,1,11756,512,584,1785153448216532000,1785153448216532000,1785153448216532000,1785153448216533000,1785153448216661000,1785153448216664000,1785153448216664000,1785153448216664000,121932490,121652369,-152.121,0.000,0.000,1.000,3.000,0.000,0.000,5.000,0,0,0
B3_zmq_pushpull,zmq_tcp,none,none,,1,11757,512,584,1785153448217538000,1785153448217538000,1785153448217538000,1785153448217539000,1785153448217651000,1785153448217653000,1785153448217653000,1785153448217653000,121932490,121652369,-168.121,0.000,0.000,1.000,2.000,0.000,0.000,16.000,0,0,0
B3_zmq_pushpull,zmq_tcp,none,none,,1,11758,512,584,1785153448218535000,1785153448218535000,1785153448218535000,1785153448218536000,1785153448218633000,1785153448218636000,1785153448218636000,1785153448218636000,121932490,121652369,-183.121,0.000,0.000,1.000,3.000,0.000,0.000,15.000,0,0,0
B3_zmq_pushpull,zmq_tcp,none,none,,1,11759,512,584,1785153448219343000,1785153448219343000,1785153448219343000,1785153448219344000,1785153448219484000,1785153448219487000,1785153448219487000,1785153448219487000,121932490,121652369,-140.121,0.000,0.000,1.000,3.000,0.000,0.000,43.000,0,0,0
B3_zmq_pushpull,zmq_tcp,none,none,,1,11760,512,584,1785153448220458000,1785153448220458000,1785153448220458000,1785153448220459000,1785153448220611000,1785153448220613000,1785153448220613000,1785153448220613000,121932490,121652369,-128.121,0.000,0.000,1.000,2.000,0.000,0.000,12.000,0,0,0
B3_zmq_pushpull,zmq_tcp,none,none,,1,11761,512,584,1785153448221560000,1785153448221560000,1785153448221560000,1785153448221561000,1785153448221627000,1785153448221630000,1785153448221630000,1785153448221630000,121932490,121652369,-214.121,0.000,0.000,1.000,3.000,0.000,0.000,86.000,0,0,0
B3_zmq_pushpull,zmq_tcp,none,none,,1,11762,512,584,1785153448222339000,1785153448222339000,1785153448222339000,1785153448222340000,1785153448222497000,1785153448222500000,1785153448222500000,1785153448222500000,121932490,121652369,-123.121,0.000,0.000,1.000,3.000,0.000,0.000,91.000,0,0,0
B3_zmq_pushpull,zmq_tcp,none,none,,1,11763,512,584,1785153448223586000,1785153448223586000,1785153448223586000,1785153448223587000,1785153448223763000,1785153448223765000,1785153448223765000,1785153448223765000,121932490,121652369,-104.121,0.000,0.000,1.000,2.000,0.000,0.000,19.000,0,0,0
B3_zmq_pushpull,zmq_tcp,none,none,,1,11764,512,584,1785153448224522000,1785153448224522000,1785153448224522000,1785153448224523000,1785153448224613000,1785153448224616000,1785153448224616000,1785153448224616000,121932490,121652369,-190.121,0.000,0.000,1.000,3.000,0.000,0.000,86.000,0,0,0
B3_zmq_pushpull,zmq_tcp,none,none,,1,11765,512,584,1785153448225541000,1785153448225541000,1785153448225541000,1785153448225542000,1785153448225607000,1785153448225610000,1785153448225610000,1785153448225610000,121932490,121652369,-215.121,0.000,0.000,1.000,3.000,0.000,0.000,25.000,0,0,0
B3_zmq_pushpull,zmq_tcp,none,none,,1,11766,512,584,1785153448226444000,1785153448226444000,1785153448226444000,1785153448226446000,1785153448226603000,1785153448226606000,1785153448226606000,1785153448226606000,121932490,121652369,-123.121,0.000,0.000,2.000,3.000,0.000,0.000,92.000,0,0,0
B3_zmq_pushpull,zmq_tcp,none,none,,1,11767,512,584,1785153448227558000,1785153448227558000,1785153448227558000,1785153448227559000,1785153448227737000,1785153448227740000,1785153448227740000,1785153448227740000,121932490,121652369,-102.121,0.000,0.000,1.000,3.000,0.000,0.000,21.000,0,0,0
B3_zmq_pushpull,zmq_tcp,none,none,,1,11768,512,584,1785153448228425000,1785153448228425000,1785153448228425000,1785153448228426000,1785153448228577000,1785153448228580000,1785153448228580000,1785153448228580000,121932490,121652369,-129.121,0.000,0.000,1.000,3.000,0.000,0.000,27.000,0,0,0
B3_zmq_pushpull,zmq_tcp,none,none,,1,11769,512,584,1785153448229426000,1785153448229426000,1785153448229426000,1785153448229427000,1785153448229581000,1785153448229584000,1785153448229584000,1785153448229584000,121932490,121652369,-126.121,0.000,0.000,1.000,3.000,0.000,0.000,3.000,0,0,0
B3_zmq_pushpull,zmq_tcp,none,none,,1,11770,512,584,1785153448230409000,1785153448230409000,1785153448230409000,1785153448230410000,1785153448230568000,1785153448230571000,1785153448230571000,1785153448230571000,121932490,121652369,-122.121,0.000,0.000,1.000,3.000,0.000,0.000,4.000,0,0,0
B3_zmq_pushpull,zmq_tcp,none,none,,1,11771,512,584,1785153448231410000,1785153448231411000,1785153448231411000,1785153448231412000,1785153448231560000,1785153448231563000,1785153448231563000,1785153448231563000,121932490,121652369,-132.121,1.000,0.000,1.000,3.000,0.000,0.000,10.000,0,0,0
B3_zmq_pushpull,zmq_tcp,none,none,,1,11772,512,584,1785153448232563000,1785153448232563000,1785153448232563000,1785153448232564000,1785153448232683000,1785153448232687000,1785153448232687000,1785153448232687000,121932490,121652369,-161.121,0.000,0.000,1.000,4.000,0.000,0.000,29.000,0,0,0
B3_zmq_pushpull,zmq_tcp,none,none,,1,11773,512,584,1785153448233530000,1785153448233530000,1785153448233530000,1785153448233531000,1785153448233687000,1785153448233691000,1785153448233691000,1785153448233691000,121932490,121652369,-124.121,0.000,0.000,1.000,4.000,0.000,0.000,37.000,0,0,0
B3_zmq_pushpull,zmq_tcp,none,none,,1,11774,512,584,1785153448234393000,1785153448234393000,1785153448234393000,1785153448234394000,1785153448234554000,1785153448234557000,1785153448234557000,1785153448234557000,121932490,121652369,-120.121,0.000,0.000,1.000,3.000,0.000,0.000,4.000,0,0,0
B3_zmq_pushpull,zmq_tcp,none,none,,1,11775,512,584,1785153448235390000,1785153448235391000,1785153448235391000,1785153448235392000,1785153448235540000,1785153448235543000,1785153448235543000,1785153448235543000,121932490,121652369,-132.121,1.000,0.000,1.000,3.000,0.000,0.000,12.000,0,0,0
B3_zmq_pushpull,zmq_tcp,none,none,,1,11776,512,584,1785153448236569000,1785153448236569000,1785153448236569000,1785153448236570000,1785153448236675000,1785153448236678000,1785153448236678000,1785153448236678000,121932490,121652369,-175.121,0.000,0.000,1.000,3.000,0.000,0.000,43.000,0,0,0
B3_zmq_pushpull,zmq_tcp,none,none,,1,11777,512,584,1785153448237527000,1785153448237527000,1785153448237527000,1785153448237528000,1785153448237663000,1785153448237666000,1785153448237666000,1785153448237666000,121932490,121652369,-145.121,0.000,0.000,1.000,3.000,0.000,0.000,30.000,0,0,0
B3_zmq_pushpull,zmq_tcp,none,none,,1,11778,512,584,1785153448238538000,1785153448238538000,1785153448238538000,1785153448238539000,1785153448238656000,1785153448238659000,1785153448238659000,1785153448238659000,121932490,121652369,-163.121,0.000,0.000,1.000,3.000,0.000,0.000,18.000,0,0,0
B3_zmq_pushpull,zmq_tcp,none,none,,1,11779,512,584,1785153448239536000,1785153448239536000,1785153448239536000,1785153448239537000,1785153448239641000,1785153448239644000,1785153448239644000,1785153448239644000,121932490,121652369,-176.121,0.000,0.000,1.000,3.000,0.000,0.000,13.000,0,0,0
B3_zmq_pushpull,zmq_tcp,none,none,,1,11780,512,584,1785153448240537000,1785153448240537000,1785153448240537000,1785153448240538000,1785153448240634000,1785153448240637000,1785153448240637000,1785153448240637000,121932490,121652369,-184.121,0.000,0.000,1.000,3.000,0.000,0.000,8.000,0,0,0
B3_zmq_pushpull,zmq_tcp,none,none,,1,11781,512,584,1785153448241535000,1785153448241535000,1785153448241535000,1785153448241536000,1785153448241619000,1785153448241621000,1785153448241621000,1785153448241621000,121932490,121652369,-197.121,0.000,0.000,1.000,2.000,0.000,0.000,13.000,0,0,0
B3_zmq_pushpull,zmq_tcp,none,none,,1,11782,512,584,1785153448242537000,1785153448242537000,1785153448242537000,1785153448242538000,1785153448242709000,1785153448242712000,1785153448242712000,1785153448242712000,121932490,121652369,-109.121,0.000,0.000,1.000,3.000,0.000,0.000,88.000,0,0,0
B3_zmq_pushpull,zmq_tcp,none,none,,1,11783,512,584,1785153448243395000,1785153448243396000,1785153448243396000,1785153448243397000,1785153448243553000,1785153448243556000,1785153448243556000,1785153448243556000,121932490,121652369,-124.121,1.000,0.000,1.000,3.000,0.000,0.000,15.000,0,0,0
B3_zmq_pushpull,zmq_tcp,none,none,,1,11784,512,584,1785153448244381000,1785153448244381000,1785153448244381000,1785153448244382000,1785153448244541000,1785153448244544000,1785153448244544000,1785153448244544000,121932490,121652369,-121.121,0.000,0.000,1.000,3.000,0.000,0.000,3.000,0,0,0
B3_zmq_pushpull,zmq_tcp,none,none,,1,11785,512,584,1785153448245576000,1785153448245576000,1785153448245576000,1785153448245577000,1785153448245669000,1785153448245672000,1785153448245672000,1785153448245672000,121932490,121652369,-188.121,0.000,0.000,1.000,3.000,0.000,0.000,67.000,0,0,0
B3_zmq_pushpull,zmq_tcp,none,none,,1,11786,512,584,1785153448246526000,1785153448246526000,1785153448246526000,1785153448246527000,1785153448246652000,1785153448246655000,1785153448246655000,1785153448246655000,121932490,121652369,-155.121,0.000,0.000,1.000,3.000,0.000,0.000,33.000,0,0,0
B3_zmq_pushpull,zmq_tcp,none,none,,1,11787,512,584,1785153448247538000,1785153448247538000,1785153448247538000,1785153448247539000,1785153448247628000,1785153448247632000,1785153448247632000,1785153448247632000,121932490,121652369,-191.121,0.000,0.000,1.000,4.000,0.000,0.000,36.000,0,0,0
B3_zmq_pushpull,zmq_tcp,none,none,,1,11788,512,584,1785153448248459000,1785153448248459000,1785153448248459000,1785153448248460000,1785153448248615000,1785153448248618000,1785153448248618000,1785153448248618000,121932490,121652369,-125.121,0.000,0.000,1.000,3.000,0.000,0.000,66.000,0,0,0
B3_zmq_pushpull,zmq_tcp,none,none,,1,11789,512,584,1785153448249451000,1785153448249452000,1785153448249452000,1785153448249453000,1785153448249610000,1785153448249612000,1785153448249612000,1785153448249612000,121932490,121652369,-123.121,1.000,0.000,1.000,2.000,0.000,0.000,2.000,0,0,0
B3_zmq_pushpull,zmq_tcp,none,none,,1,11790,512,584,1785153448250557000,1785153448250557000,1785153448250557000,1785153448250558000,1785153448250731000,1785153448250734000,1785153448250734000,1785153448250734000,121932490,121652369,-107.121,0.000,0.000,1.000,3.000,0.000,0.000,16.000,0,0,0
B3_zmq_pushpull,zmq_tcp,none,none,,1,11791,512,584,1785153448251530000,1785153448251530000,1785153448251530000,1785153448251531000,1785153448251694000,1785153448251696000,1785153448251696000,1785153448251696000,121932490,121652369,-117.121,0.000,0.000,1.000,2.000,0.000,0.000,10.000,0,0,0
B3_zmq_pushpull,zmq_tcp,none,none,,1,11792,512,584,1785153448252537000,1785153448252537000,1785153448252537000,1785153448252538000,1785153448252689000,1785153448252692000,1785153448252692000,1785153448252692000,121932490,121652369,-129.121,0.000,0.000,1.000,3.000,0.000,0.000,12.000,0,0,0
B3_zmq_pushpull,zmq_tcp,none,none,,1,11793,512,584,1785153448253408000,1785153448253408000,1785153448253409000,1785153448253410000,1785153448253547000,1785153448253550000,1785153448253550000,1785153448253550000,121932490,121652369,-143.121,0.000,1.000,1.000,3.000,0.000,0.000,14.000,0,0,0
B3_zmq_pushpull,zmq_tcp,none,none,,1,11794,512,584,1785153448254570000,1785153448254570000,1785153448254570000,1785153448254571000,1785153448254678000,1785153448254680000,1785153448254680000,1785153448254680000,121932490,121652369,-173.121,0.000,0.000,1.000,2.000,0.000,0.000,30.000,0,0,0
B3_zmq_pushpull,zmq_tcp,none,none,,1,11795,512,584,1785153448255527000,1785153448255527000,1785153448255527000,1785153448255528000,1785153448255669000,1785153448255672000,1785153448255672000,1785153448255672000,121932490,121652369,-139.121,0.000,0.000,1.000,3.000,0.000,0.000,34.000,0,0,0
B3_zmq_pushpull,zmq_tcp,none,none,,1,11796,512,584,1785153448256538000,1785153448256538000,1785153448256538000,1785153448256539000,1785153448256657000,1785153448256659000,1785153448256659000,1785153448256659000,121932490,121652369,-162.121,0.000,0.000,1.000,2.000,0.000,0.000,23.000,0,0,0
B3_zmq_pushpull,zmq_tcp,none,none,,1,11797,512,584,1785153448257534000,1785153448257534000,1785153448257534000,1785153448257535000,1785153448257640000,1785153448257643000,1785153448257643000,1785153448257643000,121932490,121652369,-175.121,0.000,0.000,1.000,3.000,0.000,0.000,13.000,0,0,0
B3_zmq_pushpull,zmq_tcp,none,none,,1,11798,512,584,1785153448258539000,1785153448258539000,1785153448258539000,1785153448258540000,1785153448258623000,1785153448258625000,1785153448258625000,1785153448258625000,121932490,121652369,-197.121,0.000,0.000,1.000,2.000,0.000,0.000,22.000,0,0,0
B3_zmq_pushpull,zmq_tcp,none,none,,1,11799,512,584,1785153448259534000,1785153448259534000,1785153448259534000,1785153448259535000,1785153448259619000,1785153448259621000,1785153448259622000,1785153448259622000,121932490,121652369,-196.121,0.000,0.000,1.000,2.000,1.000,0.000,1.000,0,0,0
B3_zmq_pushpull,zmq_tcp,none,none,,1,11800,512,584,1785153448260541000,1785153448260541000,1785153448260541000,1785153448260542000,1785153448260732000,1785153448260735000,1785153448260735000,1785153448260735000,121932490,121652369,-90.121,0.000,0.000,1.000,3.000,0.000,0.000,106.000,0,0,0
B3_zmq_pushpull,zmq_tcp,none,none,,1,11801,512,584,1785153448261530000,1785153448261530000,1785153448261530000,1785153448261531000,1785153448261576000,1785153448261580000,1785153448261580000,1785153448261580000,121932490,121652369,-235.121,0.000,0.000,1.000,4.000,0.000,0.000,145.000,0,0,0
B3_zmq_pushpull,zmq_tcp,none,none,,1,11802,512,584,1785153448262416000,1785153448262416000,1785153448262416000,1785153448262417000,1785153448262568000,1785153448262571000,1785153448262571000,1785153448262571000,121932490,121652369,-129.121,0.000,0.000,1.000,3.000,0.000,0.000,106.000,0,0,0
B3_zmq_pushpull,zmq_tcp,none,none,,1,11803,512,584,1785153448263395000,1785153448263395000,1785153448263395000,1785153448263396000,1785153448263550000,1785153448263558000,1785153448263558000,1785153448263558000,121932490,121652369,-126.121,0.000,0.000,1.000,8.000,0.000,0.000,3.000,0,0,0
B3_zmq_pushpull,zmq_tcp,none,none,,1,11804,512,584,1785153448264392000,1785153448264392000,1785153448264392000,1785153448264393000,1785153448264539000,1785153448264542000,1785153448264542000,1785153448264542000,121932490,121652369,-134.121,0.000,0.000,1.000,3.000,0.000,0.000,8.000,0,0,0
B3_zmq_pushpull,zmq_tcp,none,none,,1,11805,512,584,1785153448265376000,1785153448265376000,1785153448265376000,1785153448265377000,1785153448265535000,1785153448265537000,1785153448265537000,1785153448265537000,121932490,121652369,-122.121,0.000,0.000,1.000,2.000,0.000,0.000,12.000,0,0,0
B3_zmq_pushpull,zmq_tcp,none,none,,1,11806,512,584,1785153448266372000,1785153448266372000,1785153448266372000,1785153448266373000,1785153448266531000,1785153448266534000,1785153448266534000,1785153448266534000,121932490,121652369,-122.121,0.000,0.000,1.000,3.000,0.000,0.000,0.000,0,0,0
B3_zmq_pushpull,zmq_tcp,none,none,,1,11807,512,584,1785153448267352000,1785153448267352000,1785153448267352000,1785153448267353000,1785153448267510000,1785153448267512000,1785153448267512000,1785153448267512000,121932490,121652369,-123.121,0.000,0.000,1.000,2.000,0.000,0.000,1.000,0,0,0
B3_zmq_pushpull,zmq_tcp,none,none,,1,11808,512,584,1785153448268351000,1785153448268352000,1785153448268352000,1785153448268353000,1785153448268495000,1785153448268498000,1785153448268498000,1785153448268498000,121932490,121652369,-138.121,1.000,0.000,1.000,3.000,0.000,0.000,15.000,0,0,0
B3_zmq_pushpull,zmq_tcp,none,none,,1,11809,512,584,1785153448269578000,1785153448269578000,1785153448269578000,1785153448269579000,1785153448269730000,1785153448269732000,1785153448269732000,1785153448269732000,121932490,121652369,-129.121,0.000,0.000,1.000,2.000,0.000,0.000,9.000,0,0,0
B3_zmq_pushpull,zmq_tcp,none,none,,1,11810,512,584,1785153448270428000,1785153448270428000,1785153448270429000,1785153448270429000,1785153448270579000,1785153448270582000,1785153448270582000,1785153448270582000,121932490,121652369,-130.121,0.000,1.000,0.000,3.000,0.000,0.000,1.000,0,0,0
B3_zmq_pushpull,zmq_tcp,none,none,,1,11811,512,584,1785153448271413000,1785153448271413000,1785153448271413000,1785153448271415000,1785153448271562000,1785153448271564000,1785153448271564000,1785153448271564000,121932490,121652369,-133.121,0.000,0.000,2.000,2.000,0.000,0.000,3.000,0,0,0
B3_zmq_pushpull,zmq_tcp,none,none,,1,11812,512,584,1785153448272566000,1785153448272566000,1785153448272566000,1785153448272567000,1785153448272666000,1785153448272668000,1785153448272668000,1785153448272668000,121932490,121652369,-181.121,0.000,0.000,1.000,2.000,0.000,0.000,48.000,0,0,0
B3_zmq_pushpull,zmq_tcp,none,none,,1,11813,512,584,1785153448273527000,1785153448273527000,1785153448273527000,1785153448273528000,1785153448273646000,1785153448273648000,1785153448273648000,1785153448273648000,121932490,121652369,-162.121,0.000,0.000,1.000,2.000,0.000,0.000,19.000,0,0,0
B3_zmq_pushpull,zmq_tcp,none,none,,1,11814,512,584,1785153448274541000,1785153448274541000,1785153448274541000,1785153448274542000,1785153448274640000,1785153448274643000,1785153448274643000,1785153448274643000,121932490,121652369,-182.121,0.000,0.000,1.000,3.000,0.000,0.000,20.000,0,0,0
B3_zmq_pushpull,zmq_tcp,none,none,,1,11815,512,584,1785153448275534000,1785153448275534000,1785153448275534000,1785153448275535000,1785153448275619000,1785153448275622000,1785153448275622000,1785153448275622000,121932490,121652369,-196.121,0.000,0.000,1.000,3.000,0.000,0.000,14.000,0,0,0
B3_zmq_pushpull,zmq_tcp,none,none,,1,11816,512,584,1785153448276537000,1785153448276537000,1785153448276537000,1785153448276538000,1785153448276604000,1785153448276607000,1785153448276607000,1785153448276607000,121932490,121652369,-214.121,0.000,0.000,1.000,3.000,0.000,0.000,18.000,0,0,0
B3_zmq_pushpull,zmq_tcp,none,none,,1,11817,512,584,1785153448277535000,1785153448277535000,1785153448277535000,1785153448277536000,1785153448277580000,1785153448277584000,1785153448277584000,1785153448277584000,121932490,121652369,-236.121,0.000,0.000,1.000,4.000,0.000,0.000,22.000,0,0,0
B3_zmq_pushpull,zmq_tcp,none,none,,1,11818,512,584,1785153448278538000,1785153448278538000,1785153448278538000,1785153448278539000,1785153448278731000,1785153448278734000,1785153448278734000,1785153448278734000,121932490,121652369,-88.121,0.000,0.000,1.000,3.000,0.000,0.000,148.000,0,0,0
B3_zmq_pushpull,zmq_tcp,none,none,,1,11819,512,584,1785153448279532000,1785153448279533000,1785153448279533000,1785153448279534000,1785153448279720000,1785153448279723000,1785153448279723000,1785153448279723000,121932490,121652369,-94.121,1.000,0.000,1.000,3.000,0.000,0.000,6.000,0,0,0
B3_zmq_pushpull,zmq_tcp,none,none,,1,11820,512,584,1785153448280538000,1785153448280539000,1785153448280539000,1785153448280540000,1785153448280712000,1785153448280715000,1785153448280715000,1785153448280715000,121932490,121652369,-108.121,1.000,0.000,1.000,3.000,0.000,0.000,14.000,0,0,0
B3_zmq_pushpull,zmq_tcp,none,none,,1,11821,512,584,1785153448281535000,1785153448281535000,1785153448281535000,1785153448281536000,1785153448281702000,1785153448281708000,1785153448281708000,1785153448281708000,121932490,121652369,-114.121,0.000,0.000,1.000,6.000,0.000,0.000,6.000,0,0,0
B3_zmq_pushpull,zmq_tcp,none,none,,1,11822,512,584,1785153448282535000,1785153448282535000,1785153448282535000,1785153448282536000,1785153448282699000,1785153448282702000,1785153448282702000,1785153448282702000,121932490,121652369,-117.121,0.000,0.000,1.000,3.000,0.000,0.000,3.000,0,0,0
B3_zmq_pushpull,zmq_tcp,none,none,,1,11823,512,584,1785153448283533000,1785153448283533000,1785153448283533000,1785153448283534000,1785153448283679000,1785153448283682000,1785153448283682000,1785153448283683000,121932490,121652369,-135.121,0.000,0.000,1.000,3.000,0.000,1.000,18.000,0,0,0
B3_zmq_pushpull,zmq_tcp,none,none,,1,11824,512,584,1785153448284537000,1785153448284537000,1785153448284537000,1785153448284538000,1785153448284672000,1785153448284676000,1785153448284676000,1785153448284676000,121932490,121652369,-146.121,0.000,0.000,1.000,4.000,0.000,0.000,11.000,0,0,0
B3_zmq_pushpull,zmq_tcp,none,none,,1,11825,512,584,1785153448285371000,1785153448285371000,1785153448285371000,1785153448285372000,1785153448285520000,1785153448285528000,1785153448285528000,1785153448285528000,121932490,121652369,-132.121,0.000,0.000,1.000,8.000,0.000,0.000,14.000,0,0,0
B3_zmq_pushpull,zmq_tcp,none,none,,1,11826,512,584,1785153448286579000,1785153448286579000,1785153448286580000,1785153448286580000,1785153448286643000,1785153448286646000,1785153448286646000,1785153448286646000,121932490,121652369,-217.121,0.000,1.000,0.000,3.000,0.000,0.000,85.000,0,0,0
B3_zmq_pushpull,zmq_tcp,none,none,,1,11827,512,584,1785153448287525000,1785153448287525000,1785153448287525000,1785153448287526000,1785153448287608000,1785153448287611000,1785153448287611000,1785153448287611000,121932490,121652369,-198.121,0.000,0.000,1.000,3.000,0.000,0.000,19.000,0,0,0
B3_zmq_pushpull,zmq_tcp,none,none,,1,11828,512,584,1785153448288539000,1785153448288539000,1785153448288539000,1785153448288540000,1785153448288606000,1785153448288609000,1785153448288609000,1785153448288609000,121932490,121652369,-214.121,0.000,0.000,1.000,3.000,0.000,0.000,16.000,0,0,0
B3_zmq_pushpull,zmq_tcp,none,none,,1,11829,512,584,1785153448289535000,1785153448289535000,1785153448289535000,1785153448289536000,1785153448289595000,1785153448289597000,1785153448289597000,1785153448289597000,121932490,121652369,-221.121,0.000,0.000,1.000,2.000,0.000,0.000,7.000,0,0,0
B3_zmq_pushpull,zmq_tcp,none,none,,1,11830,512,584,1785153448290535000,1785153448290535000,1785153448290536000,1785153448290536000,1785153448290714000,1785153448290716000,1785153448290716000,1785153448290716000,121932490,121652369,-102.121,0.000,1.000,0.000,2.000,0.000,0.000,119.000,0,0,0
B3_zmq_pushpull,zmq_tcp,none,none,,1,11831,512,584,1785153448291533000,1785153448291534000,1785153448291534000,1785153448291535000,1785153448291696000,1785153448291699000,1785153448291699000,1785153448291699000,121932490,121652369,-119.121,1.000,0.000,1.000,3.000,0.000,0.000,17.000,0,0,0
B3_zmq_pushpull,zmq_tcp,none,none,,1,11832,512,584,1785153448292537000,1785153448292537000,1785153448292537000,1785153448292538000,1785153448292700000,1785153448292703000,1785153448292703000,1785153448292703000,121932490,121652369,-118.121,0.000,0.000,1.000,3.000,0.000,0.000,1.000,0,0,0
B3_zmq_pushpull,zmq_tcp,none,none,,1,11833,512,584,1785153448293537000,1785153448293537000,1785153448293537000,1785153448293538000,1785153448293702000,1785153448293704000,1785153448293704000,1785153448293704000,121932490,121652369,-116.121,0.000,0.000,1.000,2.000,0.000,0.000,2.000,0,0,0
B3_zmq_pushpull,zmq_tcp,none,none,,1,11834,512,584,1785153448294534000,1785153448294534000,1785153448294534000,1785153448294535000,1785153448294675000,1785153448294678000,1785153448294678000,1785153448294678000,121932490,121652369,-140.121,0.000,0.000,1.000,3.000,0.000,0.000,24.000,0,0,0
B3_zmq_pushpull,zmq_tcp,none,none,,1,11835,512,584,1785153448295537000,1785153448295537000,1785153448295537000,1785153448295538000,1785153448295664000,1785153448295667000,1785153448295667000,1785153448295667000,121932490,121652369,-154.121,0.000,0.000,1.000,3.000,0.000,0.000,14.000,0,0,0
B3_zmq_pushpull,zmq_tcp,none,none,,1,11836,512,584,1785153448296535000,1785153448296535000,1785153448296536000,1785153448296536000,1785153448296647000,1785153448296650000,1785153448296650000,1785153448296650000,121932490,121652369,-169.121,0.000,1.000,0.000,3.000,0.000,0.000,15.000,0,0,0
B3_zmq_pushpull,zmq_tcp,none,none,,1,11837,512,584,1785153448297535000,1785153448297535000,1785153448297536000,1785153448297536000,1785153448297626000,1785153448297628000,1785153448297628000,1785153448297628000,121932490,121652369,-190.121,0.000,1.000,0.000,2.000,0.000,0.000,21.000,0,0,0
B3_zmq_pushpull,zmq_tcp,none,none,,1,11838,512,584,1785153448298533000,1785153448298533000,1785153448298533000,1785153448298534000,1785153448298623000,1785153448298626000,1785153448298626000,1785153448298626000,121932490,121652369,-191.121,0.000,0.000,1.000,3.000,0.000,0.000,1.000,0,0,0
B3_zmq_pushpull,zmq_tcp,none,none,,1,11839,512,584,1785153448299539000,1785153448299539000,1785153448299540000,1785153448299540000,1785153448299619000,1785153448299622000,1785153448299622000,1785153448299622000,121932490,121652369,-201.121,0.000,1.000,0.000,3.000,0.000,0.000,10.000,0,0,0
B3_zmq_pushpull,zmq_tcp,none,none,,1,11840,512,584,1785153448300455000,1785153448300455000,1785153448300455000,1785153448300456000,1785153448300614000,1785153448300616000,1785153448300617000,1785153448300617000,121932490,121652369,-122.121,0.000,0.000,1.000,2.000,1.000,0.000,79.000,0,0,0
B3_zmq_pushpull,zmq_tcp,none,none,,1,11841,512,584,1785153448301454000,1785153448301454000,1785153448301454000,1785153448301455000,1785153448301610000,1785153448301612000,1785153448301612000,1785153448301612000,121932490,121652369,-125.121,0.000,0.000,1.000,2.000,0.000,0.000,3.000,0,0,0
B3_zmq_pushpull,zmq_tcp,none,none,,1,11842,512,584,1785153448302555000,1785153448302556000,1785153448302556000,1785153448302557000,1785153448302720000,1785153448302723000,1785153448302723000,1785153448302723000,121932490,121652369,-117.121,1.000,0.000,1.000,3.000,0.000,0.000,8.000,0,0,0
B3_zmq_pushpull,zmq_tcp,none,none,,1,11843,512,584,1785153448303530000,1785153448303530000,1785153448303530000,1785153448303531000,1785153448303573000,1785153448303576000,1785153448303576000,1785153448303577000,121932490,121652369,-238.121,0.000,0.000,1.000,3.000,0.000,1.000,121.000,0,0,0
B3_zmq_pushpull,zmq_tcp,none,none,,1,11844,512,584,1785153448304537000,1785153448304537000,1785153448304537000,1785153448304538000,1785153448304670000,1785153448304673000,1785153448304673000,1785153448304673000,121932490,121652369,-148.121,0.000,0.000,1.000,3.000,0.000,0.000,90.000,0,0,0
B3_zmq_pushpull,zmq_tcp,none,none,,1,11845,512,584,1785153448305533000,1785153448305533000,1785153448305533000,1785153448305534000,1785153448305667000,1785153448305671000,1785153448305672000,1785153448305672000,121932490,121652369,-147.121,0.000,0.000,1.000,4.000,1.000,0.000,1.000,0,0,0
B3_zmq_pushpull,zmq_tcp,none,none,,1,11846,512,584,1785153448306537000,1785153448306537000,1785153448306537000,1785153448306538000,1785153448306652000,1785153448306655000,1785153448306655000,1785153448306655000,121932490,121652369,-166.121,0.000,0.000,1.000,3.000,0.000,0.000,19.000,0,0,0
B3_zmq_pushpull,zmq_tcp,none,none,,1,11847,512,584,1785153448307537000,1785153448307537000,1785153448307537000,1785153448307538000,1785153448307623000,1785153448307627000,1785153448307627000,1785153448307627000,121932490,121652369,-195.121,0.000,0.000,1.000,4.000,0.000,0.000,29.000,0,0,0
B3_zmq_pushpull,zmq_tcp,none,none,,1,11848,512,584,1785153448308535000,1785153448308536000,1785153448308536000,1785153448308537000,1785153448308605000,1785153448308607000,1785153448308607000,1785153448308607000,121932490,121652369,-212.121,1.000,0.000,1.000,2.000,0.000,0.000,17.000,0,0,0
B3_zmq_pushpull,zmq_tcp,none,none,,1,11849,512,584,1785153448309536000,1785153448309536000,1785153448309536000,1785153448309537000,1785153448309590000,1785153448309593000,1785153448309593000,1785153448309593000,121932490,121652369,-227.121,0.000,0.000,1.000,3.000,0.000,0.000,15.000,0,0,0
B3_zmq_pushpull,zmq_tcp,none,none,,1,11850,512,584,1785153448310427000,1785153448310427000,1785153448310427000,1785153448310428000,1785153448310570000,1785153448310573000,1785153448310573000,1785153448310573000,121932490,121652369,-138.121,0.000,0.000,1.000,3.000,0.000,0.000,89.000,0,0,0
B3_zmq_pushpull,zmq_tcp,none,none,,1,11851,512,584,1785153448311563000,1785153448311563000,1785153448311564000,1785153448311564000,1785153448311694000,1785153448311696000,1785153448311696000,1785153448311696000,121932490,121652369,-150.121,0.000,1.000,0.000,2.000,0.000,0.000,12.000,0,0,0
B3_zmq_pushpull,zmq_tcp,none,none,,1,11852,512,584,1785153448312527000,1785153448312527000,1785153448312527000,1785153448312528000,1785153448312682000,1785153448312684000,1785153448312685000,1785153448312685000,121932490,121652369,-126.121,0.000,0.000,1.000,2.000,1.000,0.000,24.000,0,0,0
B3_zmq_pushpull,zmq_tcp,none,none,,1,11853,512,584,1785153448313541000,1785153448313541000,1785153448313541000,1785153448313542000,1785153448313668000,1785153448313673000,1785153448313673000,1785153448313673000,121932490,121652369,-154.121,0.000,0.000,1.000,5.000,0.000,0.000,28.000,0,0,0
B3_zmq_pushpull,zmq_tcp,none,none,,1,11854,512,584,1785153448314534000,1785153448314534000,1785153448314534000,1785153448314535000,1785153448314663000,1785153448314666000,1785153448314666000,1785153448314666000,121932490,121652369,-152.121,0.000,0.000,1.000,3.000,0.000,0.000,2.000,0,0,0
B3_zmq_pushpull,zmq_tcp,none,none,,1,11855,512,584,1785153448315538000,1785153448315538000,1785153448315538000,1785153448315539000,1785153448315662000,1785153448315664000,1785153448315665000,1785153448315665000,121932490,121652369,-157.121,0.000,0.000,1.000,2.000,1.000,0.000,5.000,0,0,0
B3_zmq_pushpull,zmq_tcp,none,none,,1,11856,512,584,1785153448316533000,1785153448316533000,1785153448316533000,1785153448316534000,1785153448316654000,1785153448316657000,1785153448316657000,1785153448316657000,121932490,121652369,-160.121,0.000,0.000,1.000,3.000,0.000,0.000,3.000,0,0,0
B3_zmq_pushpull,zmq_tcp,none,none,,1,11857,512,584,1785153448317537000,1785153448317537000,1785153448317537000,1785153448317538000,1785153448317633000,1785153448317637000,1785153448317637000,1785153448317637000,121932490,121652369,-185.121,0.000,0.000,1.000,4.000,0.000,0.000,25.000,0,0,0
B3_zmq_pushpull,zmq_tcp,none,none,,1,11858,512,584,1785153448318535000,1785153448318536000,1785153448318536000,1785153448318537000,1785153448318622000,1785153448318624000,1785153448318624000,1785153448318625000,121932490,121652369,-195.121,1.000,0.000,1.000,2.000,0.000,1.000,10.000,0,0,0
B3_zmq_pushpull,zmq_tcp,none,none,,1,11859,512,584,1785153448319538000,1785153448319538000,1785153448319538000,1785153448319539000,1785153448319608000,1785153448319612000,1785153448319612000,1785153448319612000,121932490,121652369,-211.121,0.000,0.000,1.000,4.000,0.000,0.000,16.000,0,0,0
B3_zmq_pushpull,zmq_tcp,none,none,,1,11860,512,584,1785153448320531000,1785153448320531000,1785153448320532000,1785153448320532000,1785153448320607000,1785153448320610000,1785153448320610000,1785153448320610000,121932490,121652369,-205.121,0.000,1.000,0.000,3.000,0.000,0.000,6.000,0,0,0
B3_zmq_pushpull,zmq_tcp,none,none,,1,11861,512,584,1785153448321539000,1785153448321539000,1785153448321539000,1785153448321540000,1785153448321613000,1785153448321616000,1785153448321616000,1785153448321616000,121932490,121652369,-207.121,0.000,0.000,1.000,3.000,0.000,0.000,2.000,0,0,0
B3_zmq_pushpull,zmq_tcp,none,none,,1,11862,512,584,1785153448322536000,1785153448322536000,1785153448322536000,1785153448322537000,1785153448322604000,1785153448322607000,1785153448322607000,1785153448322607000,121932490,121652369,-213.121,0.000,0.000,1.000,3.000,0.000,0.000,6.000,0,0,0
B3_zmq_pushpull,zmq_tcp,none,none,,1,11863,512,584,1785153448323538000,1785153448323538000,1785153448323538000,1785153448323539000,1785153448323615000,1785153448323618000,1785153448323618000,1785153448323618000,121932490,121652369,-204.121,0.000,0.000,1.000,3.000,0.000,0.000,9.000,0,0,0
B3_zmq_pushpull,zmq_tcp,none,none,,1,11864,512,584,1785153448324531000,1785153448324532000,1785153448324532000,1785153448324533000,1785153448324586000,1785153448324589000,1785153448324590000,1785153448324590000,121932490,121652369,-227.121,1.000,0.000,1.000,3.000,1.000,0.000,23.000,0,0,0
B3_zmq_pushpull,zmq_tcp,none,none,,1,11865,512,584,1785153448325537000,1785153448325537000,1785153448325537000,1785153448325538000,1785153448325694000,1785153448325696000,1785153448325696000,1785153448325696000,121932490,121652369,-124.121,0.000,0.000,1.000,2.000,0.000,0.000,103.000,0,0,0
B3_zmq_pushpull,zmq_tcp,none,none,,1,11866,512,584,1785153448326536000,1785153448326536000,1785153448326536000,1785153448326537000,1785153448326694000,1785153448326697000,1785153448326697000,1785153448326697000,121932490,121652369,-123.121,0.000,0.000,1.000,3.000,0.000,0.000,1.000,0,0,0
B3_zmq_pushpull,zmq_tcp,none,none,,1,11867,512,584,1785153448327536000,1785153448327536000,1785153448327536000,1785153448327537000,1785153448327683000,1785153448327686000,1785153448327686000,1785153448327686000,121932490,121652369,-134.121,0.000,0.000,1.000,3.000,0.000,0.000,11.000,0,0,0
B3_zmq_pushpull,zmq_tcp,none,none,,1,11868,512,584,1785153448328533000,1785153448328533000,1785153448328533000,1785153448328534000,1785153448328669000,1785153448328671000,1785153448328671000,1785153448328671000,121932490,121652369,-145.121,0.000,0.000,1.000,2.000,0.000,0.000,11.000,0,0,0
B3_zmq_pushpull,zmq_tcp,none,none,,1,11869,512,584,1785153448329538000,1785153448329538000,1785153448329538000,1785153448329539000,1785153448329651000,1785153448329654000,1785153448329654000,1785153448329654000,121932490,121652369,-168.121,0.000,0.000,1.000,3.000,0.000,0.000,23.000,0,0,0
B3_zmq_pushpull,zmq_tcp,none,none,,1,11870,512,584,1785153448330536000,1785153448330536000,1785153448330536000,1785153448330537000,1785153448330637000,1785153448330639000,1785153448330639000,1785153448330639000,121932490,121652369,-180.121,0.000,0.000,1.000,2.000,0.000,0.000,12.000,0,0,0
B3_zmq_pushpull,zmq_tcp,none,none,,1,11871,512,584,1785153448331536000,1785153448331536000,1785153448331536000,1785153448331537000,1785153448331619000,1785153448331622000,1785153448331622000,1785153448331622000,121932490,121652369,-198.121,0.000,0.000,1.000,3.000,0.000,0.000,18.000,0,0,0
B3_zmq_pushpull,zmq_tcp,none,none,,1,11872,512,584,1785153448332533000,1785153448332533000,1785153448332533000,1785153448332534000,1785153448332576000,1785153448332579000,1785153448332579000,1785153448332579000,121932490,121652369,-238.121,0.000,0.000,1.000,3.000,0.000,0.000,40.000,0,0,0
B3_zmq_pushpull,zmq_tcp,none,none,,1,11873,512,584,1785153448333541000,1785153448333541000,1785153448333541000,1785153448333542000,1785153448333706000,1785153448333709000,1785153448333709000,1785153448333709000,121932490,121652369,-116.121,0.000,0.000,1.000,3.000,0.000,0.000,122.000,0,0,0
B3_zmq_pushpull,zmq_tcp,none,none,,1,11874,512,584,1785153448334398000,1785153448334398000,1785153448334398000,1785153448334399000,1785153448334555000,1785153448334558000,1785153448334558000,1785153448334558000,121932490,121652369,-124.121,0.000,0.000,1.000,3.000,0.000,0.000,8.000,0,0,0
B3_zmq_pushpull,zmq_tcp,none,none,,1,11875,512,584,1785153448335573000,1785153448335573000,1785153448335573000,1785153448335574000,1785153448335671000,1785153448335674000,1785153448335674000,1785153448335674000,121932490,121652369,-183.121,0.000,0.000,1.000,3.000,0.000,0.000,59.000,0,0,0
B3_zmq_pushpull,zmq_tcp,none,none,,1,11876,512,584,1785153448336523000,1785153448336524000,1785153448336524000,1785153448336525000,1785153448336650000,1785153448336653000,1785153448336653000,1785153448336653000,121932490,121652369,-155.121,1.000,0.000,1.000,3.000,0.000,0.000,28.000,0,0,0
B3_zmq_pushpull,zmq_tcp,none,none,,1,11877,512,584,1785153448337539000,1785153448337540000,1785153448337540000,1785153448337541000,1785153448337630000,1785153448337633000,1785153448337633000,1785153448337633000,121932490,121652369,-191.121,1.000,0.000,1.000,3.000,0.000,0.000,36.000,0,0,0
B3_zmq_pushpull,zmq_tcp,none,none,,1,11878,512,584,1785153448338440000,1785153448338440000,1785153448338440000,1785153448338441000,1785153448338593000,1785153448338596000,1785153448338596000,1785153448338596000,121932490,121652369,-128.121,0.000,0.000,1.000,3.000,0.000,0.000,63.000,0,0,0
B3_zmq_pushpull,zmq_tcp,none,none,,1,11879,512,584,1785153448339560000,1785153448339560000,1785153448339560000,1785153448339561000,1785153448339733000,1785153448339736000,1785153448339736000,1785153448339736000,121932490,121652369,-108.121,0.000,0.000,1.000,3.000,0.000,0.000,20.000,0,0,0
B3_zmq_pushpull,zmq_tcp,none,none,,1,11880,512,584,1785153448340529000,1785153448340529000,1785153448340529000,1785153448340530000,1785153448340593000,1785153448340596000,1785153448340596000,1785153448340596000,121932490,121652369,-217.121,0.000,0.000,1.000,3.000,0.000,0.000,109.000,0,0,0
B3_zmq_pushpull,zmq_tcp,none,none,,1,11881,512,584,1785153448341538000,1785153448341538000,1785153448341538000,1785153448341539000,1785153448341729000,1785153448341731000,1785153448341731000,1785153448341731000,121932490,121652369,-90.121,0.000,0.000,1.000,2.000,0.000,0.000,127.000,0,0,0
B3_zmq_pushpull,zmq_tcp,none,none,,1,11882,512,584,1785153448342538000,1785153448342538000,1785153448342538000,1785153448342539000,1785153448342730000,1785153448342733000,1785153448342733000,1785153448342733000,121932490,121652369,-89.121,0.000,0.000,1.000,3.000,0.000,0.000,1.000,0,0,0
B3_zmq_pushpull,zmq_tcp,none,none,,1,11883,512,584,1785153448343421000,1785153448343421000,1785153448343421000,1785153448343422000,1785153448343581000,1785153448343583000,1785153448343583000,1785153448343583000,121932490,121652369,-121.121,0.000,0.000,1.000,2.000,0.000,0.000,32.000,0,0,0
B3_zmq_pushpull,zmq_tcp,none,none,,1,11884,512,584,1785153448344566000,1785153448344566000,1785153448344566000,1785153448344567000,1785153448344682000,1785153448344685000,1785153448344685000,1785153448344685000,121932490,121652369,-165.121,0.000,0.000,1.000,3.000,0.000,0.000,44.000,0,0,0
B3_zmq_pushpull,zmq_tcp,none,none,,1,11885,512,584,1785153448345529000,1785153448345529000,1785153448345529000,1785153448345530000,1785153448345651000,1785153448345654000,1785153448345654000,1785153448345654000,121932490,121652369,-159.121,0.000,0.000,1.000,3.000,0.000,0.000,6.000,0,0,0
B3_zmq_pushpull,zmq_tcp,none,none,,1,11886,512,584,1785153448346538000,1785153448346538000,1785153448346538000,1785153448346539000,1785153448346618000,1785153448346621000,1785153448346621000,1785153448346621000,121932490,121652369,-201.121,0.000,0.000,1.000,3.000,0.000,0.000,42.000,0,0,0
B3_zmq_pushpull,zmq_tcp,none,none,,1,11887,512,584,1785153448347456000,1785153448347456000,1785153448347456000,1785153448347457000,1785153448347620000,1785153448347623000,1785153448347623000,1785153448347623000,121932490,121652369,-117.121,0.000,0.000,1.000,3.000,0.000,0.000,84.000,0,0,0
B3_zmq_pushpull,zmq_tcp,none,none,,1,11888,512,584,1785153448348556000,1785153448348556000,1785153448348556000,1785153448348557000,1785153448348611000,1785153448348614000,1785153448348614000,1785153448348614000,121932490,121652369,-226.121,0.000,0.000,1.000,3.000,0.000,0.000,109.000,0,0,0
B3_zmq_pushpull,zmq_tcp,none,none,,1,11889,512,584,1785153448349534000,1785153448349534000,1785153448349534000,1785153448349535000,1785153448349598000,1785153448349601000,1785153448349601000,1785153448349601000,121932490,121652369,-217.121,0.000,0.000,1.000,3.000,0.000,0.000,9.000,0,0,0
B3_zmq_pushpull,zmq_tcp,none,none,,1,11890,512,584,1785153448350420000,1785153448350420000,1785153448350420000,1785153448350421000,1785153448350578000,1785153448350581000,1785153448350581000,1785153448350581000,121932490,121652369,-123.121,0.000,0.000,1.000,3.000,0.000,0.000,94.000,0,0,0
B3_zmq_pushpull,zmq_tcp,none,none,,1,11891,512,584,1785153448351419000,1785153448351419000,1785153448351419000,1785153448351420000,1785153448351571000,1785153448351575000,1785153448351575000,1785153448351575000,121932490,121652369,-129.121,0.000,0.000,1.000,4.000,0.000,0.000,6.000,0,0,0
B3_zmq_pushpull,zmq_tcp,none,none,,1,11892,512,584,1785153448352388000,1785153448352389000,1785153448352389000,1785153448352390000,1785153448352522000,1785153448352525000,1785153448352525000,1785153448352525000,121932490,121652369,-148.121,1.000,0.000,1.000,3.000,0.000,0.000,19.000,0,0,0
B3_zmq_pushpull,zmq_tcp,none,none,,1,11893,512,584,1785153448353353000,1785153448353353000,1785153448353354000,1785153448353354000,1785153448353511000,1785153448353514000,1785153448353514000,1785153448353514000,121932490,121652369,-123.121,0.000,1.000,0.000,3.000,0.000,0.000,25.000,0,0,0
B3_zmq_pushpull,zmq_tcp,none,none,,1,11894,512,584,1785153448354350000,1785153448354350000,1785153448354350000,1785153448354351000,1785153448354499000,1785153448354502000,1785153448354502000,1785153448354502000,121932490,121652369,-132.121,0.000,0.000,1.000,3.000,0.000,0.000,9.000,0,0,0
B3_zmq_pushpull,zmq_tcp,none,none,,1,11895,512,584,1785153448355455000,1785153448355455000,1785153448355455000,1785153448355457000,1785153448355602000,1785153448355605000,1785153448355605000,1785153448355605000,121932490,121652369,-135.121,0.000,0.000,2.000,3.000,0.000,0.000,3.000,0,0,0
B3_zmq_pushpull,zmq_tcp,none,none,,1,11896,512,584,1785153448356556000,1785153448356556000,1785153448356556000,1785153448356557000,1785153448356720000,1785153448356722000,1785153448356722000,1785153448356722000,121932490,121652369,-117.121,0.000,0.000,1.000,2.000,0.000,0.000,18.000,0,0,0
B3_zmq_pushpull,zmq_tcp,none,none,,1,11897,512,584,1785153448357425000,1785153448357425000,1785153448357425000,1785153448357426000,1785153448357574000,1785153448357577000,1785153448357577000,1785153448357577000,121932490,121652369,-132.121,0.000,0.000,1.000,3.000,0.000,0.000,15.000,0,0,0
B3_zmq_pushpull,zmq_tcp,none,none,,1,11898,512,584,1785153448358564000,1785153448358564000,1785153448358564000,1785153448358565000,1785153448358698000,1785153448358701000,1785153448358701000,1785153448358701000,121932490,121652369,-147.121,0.000,0.000,1.000,3.000,0.000,0.000,15.000,0,0,0
B3_zmq_pushpull,zmq_tcp,none,none,,1,11899,512,584,1785153448359529000,1785153448359529000,1785153448359529000,1785153448359530000,1785153448359679000,1785153448359682000,1785153448359682000,1785153448359682000,121932490,121652369,-131.121,0.000,0.000,1.000,3.000,0.000,0.000,16.000,0,0,0
B3_zmq_pushpull,zmq_tcp,none,none,,1,11900,512,584,1785153448360539000,1785153448360539000,1785153448360539000,1785153448360540000,1785153448360659000,1785153448360662000,1785153448360662000,1785153448360662000,121932490,121652369,-161.121,0.000,0.000,1.000,3.000,0.000,0.000,30.000,0,0,0
B3_zmq_pushpull,zmq_tcp,none,none,,1,11901,512,584,1785153448361532000,1785153448361532000,1785153448361532000,1785153448361533000,1785153448361647000,1785153448361650000,1785153448361650000,1785153448361650000,121932490,121652369,-166.121,0.000,0.000,1.000,3.000,0.000,0.000,5.000,0,0,0
B3_zmq_pushpull,zmq_tcp,none,none,,1,11902,512,584,1785153448362537000,1785153448362537000,1785153448362537000,1785153448362538000,1785153448362631000,1785153448362634000,1785153448362634000,1785153448362634000,121932490,121652369,-187.121,0.000,0.000,1.000,3.000,0.000,0.000,21.000,0,0,0
B3_zmq_pushpull,zmq_tcp,none,none,,1,11903,512,584,1785153448363538000,1785153448363538000,1785153448363538000,1785153448363539000,1785153448363611000,1785153448363614000,1785153448363614000,1785153448363614000,121932490,121652369,-208.121,0.000,0.000,1.000,3.000,0.000,0.000,21.000,0,0,0
B3_zmq_pushpull,zmq_tcp,none,none,,1,11904,512,584,1785153448364536000,1785153448364536000,1785153448364536000,1785153448364537000,1785153448364613000,1785153448364617000,1785153448364617000,1785153448364617000,121932490,121652369,-204.121,0.000,0.000,1.000,4.000,0.000,0.000,4.000,0,0,0
B3_zmq_pushpull,zmq_tcp,none,none,,1,11905,512,584,1785153448365538000,1785153448365538000,1785153448365538000,1785153448365539000,1785153448365620000,1785153448365623000,1785153448365623000,1785153448365623000,121932490,121652369,-199.121,0.000,0.000,1.000,3.000,0.000,0.000,5.000,0,0,0
B3_zmq_pushpull,zmq_tcp,none,none,,1,11906,512,584,1785153448366536000,1785153448366536000,1785153448366536000,1785153448366537000,1785153448366610000,1785153448366612000,1785153448366612000,1785153448366612000,121932490,121652369,-207.121,0.000,0.000,1.000,2.000,0.000,0.000,8.000,0,0,0
B3_zmq_pushpull,zmq_tcp,none,none,,1,11907,512,584,1785153448367536000,1785153448367536000,1785153448367536000,1785153448367537000,1785153448367608000,1785153448367611000,1785153448367611000,1785153448367611000,121932490,121652369,-209.121,0.000,0.000,1.000,3.000,0.000,0.000,2.000,0,0,0
B3_zmq_pushpull,zmq_tcp,none,none,,1,11908,512,584,1785153448368536000,1785153448368536000,1785153448368536000,1785153448368537000,1785153448368610000,1785153448368613000,1785153448368613000,1785153448368613000,121932490,121652369,-207.121,0.000,0.000,1.000,3.000,0.000,0.000,2.000,0,0,0
B3_zmq_pushpull,zmq_tcp,none,none,,1,11909,512,584,1785153448369534000,1785153448369534000,1785153448369534000,1785153448369535000,1785153448369618000,1785153448369621000,1785153448369621000,1785153448369621000,121932490,121652369,-197.121,0.000,0.000,1.000,3.000,0.000,0.000,10.000,0,0,0
B3_zmq_pushpull,zmq_tcp,none,none,,1,11910,512,584,1785153448370542000,1785153448370542000,1785153448370542000,1785153448370543000,1785153448370606000,1785153448370610000,1785153448370610000,1785153448370610000,121932490,121652369,-217.121,0.000,0.000,1.000,4.000,0.000,0.000,20.000,0,0,0
B3_zmq_pushpull,zmq_tcp,none,none,,1,11911,512,584,1785153448371537000,1785153448371537000,1785153448371537000,1785153448371538000,1785153448371605000,1785153448371609000,1785153448371609000,1785153448371609000,121932490,121652369,-213.121,0.000,0.000,1.000,4.000,0.000,0.000,4.000,0,0,0
B3_zmq_pushpull,zmq_tcp,none,none,,1,11912,512,584,1785153448372535000,1785153448372535000,1785153448372535000,1785153448372536000,1785153448372606000,1785153448372609000,1785153448372609000,1785153448372609000,121932490,121652369,-210.121,0.000,0.000,1.000,3.000,0.000,0.000,3.000,0,0,0
B3_zmq_pushpull,zmq_tcp,none,none,,1,11913,512,584,1785153448373537000,1785153448373537000,1785153448373537000,1785153448373538000,1785153448373586000,1785153448373589000,1785153448373589000,1785153448373589000,121932490,121652369,-232.121,0.000,0.000,1.000,3.000,0.000,0.000,22.000,0,0,0
B3_zmq_pushpull,zmq_tcp,none,none,,1,11914,512,584,1785153448374537000,1785153448374537000,1785153448374537000,1785153448374538000,1785153448374582000,1785153448374586000,1785153448374586000,1785153448374586000,121932490,121652369,-236.121,0.000,0.000,1.000,4.000,0.000,0.000,4.000,0,0,0
B3_zmq_pushpull,zmq_tcp,none,none,,1,11915,512,584,1785153448375436000,1785153448375436000,1785153448375436000,1785153448375437000,1785153448375597000,1785153448375600000,1785153448375600000,1785153448375600000,121932490,121652369,-120.121,0.000,0.000,1.000,3.000,0.000,0.000,116.000,0,0,0
B3_zmq_pushpull,zmq_tcp,none,none,,1,11916,512,584,1785153448376562000,1785153448376562000,1785153448376562000,1785153448376563000,1785153448376713000,1785153448376717000,1785153448376717000,1785153448376717000,121932490,121652369,-130.121,0.000,0.000,1.000,4.000,0.000,0.000,10.000,0,0,0
B3_zmq_pushpull,zmq_tcp,none,none,,1,11917,512,584,1785153448377410000,1785153448377411000,1785153448377411000,1785153448377412000,1785153448377570000,1785153448377575000,1785153448377575000,1785153448377575000,121932490,121652369,-122.121,1.000,0.000,1.000,5.000,0.000,0.000,8.000,0,0,0
B3_zmq_pushpull,zmq_tcp,none,none,,1,11918,512,584,1785153448378408000,1785153448378408000,1785153448378408000,1785153448378409000,1785153448378569000,1785153448378571000,1785153448378572000,1785153448378572000,121932490,121652369,-120.121,0.000,0.000,1.000,2.000,1.000,0.000,2.000,0,0,0
B3_zmq_pushpull,zmq_tcp,none,none,,1,11919,512,584,1785153448379568000,1785153448379568000,1785153448379568000,1785153448379569000,1785153448379698000,1785153448379701000,1785153448379701000,1785153448379701000,121932490,121652369,-151.121,0.000,0.000,1.000,3.000,0.000,0.000,31.000,0,0,0
B3_zmq_pushpull,zmq_tcp,none,none,,1,11920,512,584,1785153448380527000,1785153448380527000,1785153448380527000,1785153448380528000,1785153448380688000,1785153448380690000,1785153448380690000,1785153448380690000,121932490,121652369,-120.121,0.000,0.000,1.000,2.000,0.000,0.000,31.000,0,0,0
B3_zmq_pushpull,zmq_tcp,none,none,,1,11921,512,584,1785153448381383000,1785153448381383000,1785153448381383000,1785153448381384000,1785153448381537000,1785153448381539000,1785153448381539000,1785153448381539000,121932490,121652369,-127.121,0.000,0.000,1.000,2.000,0.000,0.000,7.000,0,0,0
B3_zmq_pushpull,zmq_tcp,none,none,,1,11922,512,584,1785153448382372000,1785153448382372000,1785153448382372000,1785153448382373000,1785153448382533000,1785153448382535000,1785153448382535000,1785153448382535000,121932490,121652369,-120.121,0.000,0.000,1.000,2.000,0.000,0.000,7.000,0,0,0
B3_zmq_pushpull,zmq_tcp,none,none,,1,11923,512,584,1785153448383579000,1785153448383580000,1785153448383580000,1785153448383581000,1785153448383656000,1785153448383658000,1785153448383658000,1785153448383658000,121932490,121652369,-205.121,1.000,0.000,1.000,2.000,0.000,0.000,85.000,0,0,0
B3_zmq_pushpull,zmq_tcp,none,none,,1,11924,512,584,1785153448384525000,1785153448384525000,1785153448384525000,1785153448384526000,1785153448384652000,1785153448384654000,1785153448384654000,1785153448384654000,121932490,121652369,-154.121,0.000,0.000,1.000,2.000,0.000,0.000,51.000,0,0,0
B3_zmq_pushpull,zmq_tcp,none,none,,1,11925,512,584,1785153448385538000,1785153448385539000,1785153448385539000,1785153448385540000,1785153448385619000,1785153448385623000,1785153448385623000,1785153448385623000,121932490,121652369,-201.121,1.000,0.000,1.000,4.000,0.000,0.000,47.000,0,0,0
B3_zmq_pushpull,zmq_tcp,none,none,,1,11926,512,584,1785153448386536000,1785153448386536000,1785153448386536000,1785153448386537000,1785153448386581000,1785153448386585000,1785153448386585000,1785153448386585000,121932490,121652369,-236.121,0.000,0.000,1.000,4.000,0.000,0.000,35.000,0,0,0
B3_zmq_pushpull,zmq_tcp,none,none,,1,11927,512,584,1785153448387536000,1785153448387536000,1785153448387536000,1785153448387537000,1785153448387682000,1785153448387685000,1785153448387685000,1785153448387685000,121932490,121652369,-135.121,0.000,0.000,1.000,3.000,0.000,0.000,101.000,0,0,0
B3_zmq_pushpull,zmq_tcp,none,none,,1,11928,512,584,1785153448388533000,1785153448388534000,1785153448388534000,1785153448388535000,1785153448388664000,1785153448388666000,1785153448388666000,1785153448388667000,121932490,121652369,-151.121,1.000,0.000,1.000,2.000,0.000,1.000,16.000,0,0,0
B3_zmq_pushpull,zmq_tcp,none,none,,1,11929,512,584,1785153448389537000,1785153448389537000,1785153448389537000,1785153448389538000,1785153448389669000,1785153448389672000,1785153448389672000,1785153448389672000,121932490,121652369,-149.121,0.000,0.000,1.000,3.000,0.000,0.000,2.000,0,0,0
B3_zmq_pushpull,zmq_tcp,none,none,,1,11930,512,584,1785153448390538000,1785153448390538000,1785153448390538000,1785153448390539000,1785153448390661000,1785153448390664000,1785153448390664000,1785153448390664000,121932490,121652369,-158.121,0.000,0.000,1.000,3.000,0.000,0.000,9.000,0,0,0
B3_zmq_pushpull,zmq_tcp,none,none,,1,11931,512,584,1785153448391532000,1785153448391532000,1785153448391532000,1785153448391533000,1785153448391664000,1785153448391666000,1785153448391666000,1785153448391666000,121932490,121652369,-149.121,0.000,0.000,1.000,2.000,0.000,0.000,9.000,0,0,0
B3_zmq_pushpull,zmq_tcp,none,none,,1,11932,512,584,1785153448392539000,1785153448392539000,1785153448392539000,1785153448392540000,1785153448392645000,1785153448392648000,1785153448392648000,1785153448392648000,121932490,121652369,-175.121,0.000,0.000,1.000,3.000,0.000,0.000,26.000,0,0,0
B3_zmq_pushpull,zmq_tcp,none,none,,1,11933,512,584,1785153448393536000,1785153448393536000,1785153448393536000,1785153448393537000,1785153448393641000,1785153448393644000,1785153448393644000,1785153448393644000,121932490,121652369,-176.121,0.000,0.000,1.000,3.000,0.000,0.000,1.000,0,0,0
B3_zmq_pushpull,zmq_tcp,none,none,,1,11934,512,584,1785153448394536000,1785153448394536000,1785153448394536000,1785153448394537000,1785153448394632000,1785153448394634000,1785153448394634000,1785153448394634000,121932490,121652369,-185.121,0.000,0.000,1.000,2.000,0.000,0.000,9.000,0,0,0
B3_zmq_pushpull,zmq_tcp,none,none,,1,11935,512,584,1785153448395533000,1785153448395533000,1785153448395533000,1785153448395534000,1785153448395610000,1785153448395612000,1785153448395612000,1785153448395612000,121932490,121652369,-204.121,0.000,0.000,1.000,2.000,0.000,0.000,19.000,0,0,0
B3_zmq_pushpull,zmq_tcp,none,none,,1,11936,512,584,1785153448396540000,1785153448396540000,1785153448396540000,1785153448396541000,1785153448396604000,1785153448396607000,1785153448396607000,1785153448396607000,121932490,121652369,-217.121,0.000,0.000,1.000,3.000,0.000,0.000,13.000,0,0,0
B3_zmq_pushpull,zmq_tcp,none,none,,1,11937,512,584,1785153448397535000,1785153448397535000,1785153448397535000,1785153448397536000,1785153448397598000,1785153448397601000,1785153448397601000,1785153448397601000,121932490,121652369,-218.121,0.000,0.000,1.000,3.000,0.000,0.000,1.000,0,0,0
B3_zmq_pushpull,zmq_tcp,none,none,,1,11938,512,584,1785153448398538000,1785153448398538000,1785153448398538000,1785153448398539000,1785153448398737000,1785153448398740000,1785153448398740000,1785153448398740000,121932490,121652369,-82.121,0.000,0.000,1.000,3.000,0.000,0.000,136.000,0,0,0
B3_zmq_pushpull,zmq_tcp,none,none,,1,11939,512,584,1785153448399535000,1785153448399535000,1785153448399535000,1785153448399536000,1785153448399584000,1785153448399586000,1785153448399586000,1785153448399586000,121932490,121652369,-232.121,0.000,0.000,1.000,2.000,0.000,0.000,150.000,0,0,0
B3_zmq_pushpull,zmq_tcp,none,none,,1,11940,512,584,1785153448400537000,1785153448400537000,1785153448400537000,1785153448400538000,1785153448400582000,1785153448400586000,1785153448400586000,1785153448400586000,121932490,121652369,-236.121,0.000,0.000,1.000,4.000,0.000,0.000,4.000,0,0,0
B3_zmq_pushpull,zmq_tcp,none,none,,1,11941,512,584,1785153448401400000,1785153448401400000,1785153448401400000,1785153448401401000,1785153448401553000,1785153448401556000,1785153448401556000,1785153448401556000,121932490,121652369,-128.121,0.000,0.000,1.000,3.000,0.000,0.000,108.000,0,0,0
B3_zmq_pushpull,zmq_tcp,none,none,,1,11942,512,584,1785153448402380000,1785153448402380000,1785153448402380000,1785153448402381000,1785153448402530000,1785153448402533000,1785153448402533000,1785153448402533000,121932490,121652369,-131.121,0.000,0.000,1.000,3.000,0.000,0.000,3.000,0,0,0
B3_zmq_pushpull,zmq_tcp,none,none,,1,11943,512,584,1785153448403371000,1785153448403371000,1785153448403371000,1785153448403372000,1785153448403532000,1785153448403534000,1785153448403534000,1785153448403534000,121932490,121652369,-120.121,0.000,0.000,1.000,2.000,0.000,0.000,11.000,0,0,0
B3_zmq_pushpull,zmq_tcp,none,none,,1,11944,512,584,1785153448404579000,1785153448404579000,1785153448404579000,1785153448404580000,1785153448404652000,1785153448404654000,1785153448404655000,1785153448404655000,121932490,121652369,-208.121,0.000,0.000,1.000,2.000,1.000,0.000,88.000,0,0,0
B3_zmq_pushpull,zmq_tcp,none,none,,1,11945,512,584,1785153448405525000,1785153448405525000,1785153448405525000,1785153448405526000,1785153448405617000,1785153448405619000,1785153448405619000,1785153448405619000,121932490,121652369,-189.121,0.000,0.000,1.000,2.000,0.000,0.000,19.000,0,0,0
B3_zmq_pushpull,zmq_tcp,none,none,,1,11946,512,584,1785153448406541000,1785153448406541000,1785153448406541000,1785153448406542000,1785153448406605000,1785153448406608000,1785153448406608000,1785153448406608000,121932490,121652369,-217.121,0.000,0.000,1.000,3.000,0.000,0.000,28.000,0,0,0
B3_zmq_pushpull,zmq_tcp,none,none,,1,11947,512,584,1785153448407535000,1785153448407535000,1785153448407535000,1785153448407536000,1785153448407581000,1785153448407585000,1785153448407585000,1785153448407585000,121932490,121652369,-235.121,0.000,0.000,1.000,4.000,0.000,0.000,18.000,0,0,0
B3_zmq_pushpull,zmq_tcp,none,none,,1,11948,512,584,1785153448408538000,1785153448408538000,1785153448408538000,1785153448408539000,1785153448408718000,1785153448408721000,1785153448408721000,1785153448408721000,121932490,121652369,-101.121,0.000,0.000,1.000,3.000,0.000,0.000,134.000,0,0,0
B3_zmq_pushpull,zmq_tcp,none,none,,1,11949,512,584,1785153448409534000,1785153448409534000,1785153448409534000,1785153448409535000,1785153448409578000,1785153448409582000,1785153448409582000,1785153448409582000,121932490,121652369,-237.121,0.000,0.000,1.000,4.000,0.000,0.000,136.000,0,0,0
B3_zmq_pushpull,zmq_tcp,none,none,,1,11950,512,584,1785153448410540000,1785153448410540000,1785153448410540000,1785153448410541000,1785153448410701000,1785153448410704000,1785153448410704000,1785153448410704000,121932490,121652369,-120.121,0.000,0.000,1.000,3.000,0.000,0.000,117.000,0,0,0
B3_zmq_pushpull,zmq_tcp,none,none,,1,11951,512,584,1785153448411536000,1785153448411536000,1785153448411536000,1785153448411537000,1785153448411689000,1785153448411692000,1785153448411692000,1785153448411692000,121932490,121652369,-128.121,0.000,0.000,1.000,3.000,0.000,0.000,8.000,0,0,0
B3_zmq_pushpull,zmq_tcp,none,none,,1,11952,512,584,1785153448412391000,1785153448412391000,1785153448412391000,1785153448412392000,1785153448412540000,1785153448412542000,1785153448412542000,1785153448412542000,121932490,121652369,-132.121,0.000,0.000,1.000,2.000,0.000,0.000,4.000,0,0,0
B3_zmq_pushpull,zmq_tcp,none,none,,1,11953,512,584,1785153448413376000,1785153448413376000,1785153448413377000,1785153448413377000,1785153448413525000,1785153448413527000,1785153448413527000,1785153448413527000,121932490,121652369,-132.121,0.000,1.000,0.000,2.000,0.000,0.000,0.000,0,0,0
B3_zmq_pushpull,zmq_tcp,none,none,,1,11954,512,584,1785153448414369000,1785153448414369000,1785153448414369000,1785153448414370000,1785153448414502000,1785153448414505000,1785153448414505000,1785153448414505000,121932490,121652369,-148.121,0.000,0.000,1.000,3.000,0.000,0.000,16.000,0,0,0
B3_zmq_pushpull,zmq_tcp,none,none,,1,11955,512,584,1785153448415579000,1785153448415579000,1785153448415579000,1785153448415580000,1785153448415746000,1785153448415749000,1785153448415749000,1785153448415749000,121932490,121652369,-114.121,0.000,0.000,1.000,3.000,0.000,0.000,34.000,0,0,0
B3_zmq_pushpull,zmq_tcp,none,none,,1,11956,512,584,1785153448416438000,1785153448416438000,1785153448416438000,1785153448416439000,1785153448416593000,1785153448416596000,1785153448416596000,1785153448416596000,121932490,121652369,-126.121,0.000,0.000,1.000,3.000,0.000,0.000,12.000,0,0,0
B3_zmq_pushpull,zmq_tcp,none,none,,1,11957,512,584,1785153448417421000,1785153448417421000,1785153448417421000,1785153448417422000,1785153448417570000,1785153448417573000,1785153448417573000,1785153448417573000,121932490,121652369,-132.121,0.000,0.000,1.000,3.000,0.000,0.000,6.000,0,0,0
B3_zmq_pushpull,zmq_tcp,none,none,,1,11958,512,584,1785153448418568000,1785153448418568000,1785153448418568000,1785153448418569000,1785153448418701000,1785153448418705000,1785153448418705000,1785153448418705000,121932490,121652369,-148.121,0.000,0.000,1.000,4.000,0.000,0.000,16.000,0,0,0
B3_zmq_pushpull,zmq_tcp,none,none,,1,11959,512,584,1785153448419407000,1785153448419407000,1785153448419407000,1785153448419408000,1785153448419548000,1785153448419550000,1785153448419550000,1785153448419550000,121932490,121652369,-140.121,0.000,0.000,1.000,2.000,0.000,0.000,8.000,0,0,0
B3_zmq_pushpull,zmq_tcp,none,none,,1,11960,512,584,1785153448420369000,1785153448420369000,1785153448420369000,1785153448420370000,1785153448420528000,1785153448420530000,1785153448420530000,1785153448420530000,121932490,121652369,-122.121,0.000,0.000,1.000,2.000,0.000,0.000,18.000,0,0,0
B3_zmq_pushpull,zmq_tcp,none,none,,1,11961,512,584,1785153448421364000,1785153448421364000,1785153448421364000,1785153448421365000,1785153448421522000,1785153448421525000,1785153448421525000,1785153448421525000,121932490,121652369,-123.121,0.000,0.000,1.000,3.000,0.000,0.000,1.000,0,0,0
B3_zmq_pushpull,zmq_tcp,none,none,,1,11962,512,584,1785153448422580000,1785153448422580000,1785153448422580000,1785153448422581000,1785153448422659000,1785153448422662000,1785153448422662000,1785153448422662000,121932490,121652369,-202.121,0.000,0.000,1.000,3.000,0.000,0.000,79.000,0,0,0
B3_zmq_pushpull,zmq_tcp,none,none,,1,11963,512,584,1785153448423525000,1785153448423525000,1785153448423525000,1785153448423526000,1785153448423657000,1785153448423660000,1785153448423660000,1785153448423660000,121932490,121652369,-149.121,0.000,0.000,1.000,3.000,0.000,0.000,53.000,0,0,0
B3_zmq_pushpull,zmq_tcp,none,none,,1,11964,512,584,1785153448424541000,1785153448424542000,1785153448424542000,1785153448424543000,1785153448424664000,1785153448424666000,1785153448424666000,1785153448424666000,121932490,121652369,-159.121,1.000,0.000,1.000,2.000,0.000,0.000,10.000,0,0,0
B3_zmq_pushpull,zmq_tcp,none,none,,1,11965,512,584,1785153448425535000,1785153448425535000,1785153448425535000,1785153448425536000,1785153448425649000,1785153448425652000,1785153448425652000,1785153448425652000,121932490,121652369,-167.121,0.000,0.000,1.000,3.000,0.000,0.000,8.000,0,0,0
B3_zmq_pushpull,zmq_tcp,none,none,,1,11966,512,584,1785153448426540000,1785153448426540000,1785153448426540000,1785153448426541000,1785153448426637000,1785153448426640000,1785153448426640000,1785153448426640000,121932490,121652369,-184.121,0.000,0.000,1.000,3.000,0.000,0.000,17.000,0,0,0
B3_zmq_pushpull,zmq_tcp,none,none,,1,11967,512,584,1785153448427539000,1785153448427539000,1785153448427539000,1785153448427540000,1785153448427609000,1785153448427612000,1785153448427612000,1785153448427612000,121932490,121652369,-211.121,0.000,0.000,1.000,3.000,0.000,0.000,27.000,0,0,0
B3_zmq_pushpull,zmq_tcp,none,none,,1,11968,512,584,1785153448428537000,1785153448428537000,1785153448428537000,1785153448428538000,1785153448428601000,1785153448428605000,1785153448428605000,1785153448428605000,121932490,121652369,-217.121,0.000,0.000,1.000,4.000,0.000,0.000,6.000,0,0,0
B3_zmq_pushpull,zmq_tcp,none,none,,1,11969,512,584,1785153448429537000,1785153448429537000,1785153448429537000,1785153448429538000,1785153448429585000,1785153448429588000,1785153448429588000,1785153448429588000,121932490,121652369,-233.121,0.000,0.000,1.000,3.000,0.000,0.000,16.000,0,0,0
B3_zmq_pushpull,zmq_tcp,none,none,,1,11970,512,584,1785153448430538000,1785153448430538000,1785153448430538000,1785153448430539000,1785153448430718000,1785153448430721000,1785153448430721000,1785153448430721000,121932490,121652369,-101.121,0.000,0.000,1.000,3.000,0.000,0.000,132.000,0,0,0
B3_zmq_pushpull,zmq_tcp,none,none,,1,11971,512,584,1785153448431533000,1785153448431533000,1785153448431534000,1785153448431534000,1785153448431699000,1785153448431702000,1785153448431702000,1785153448431702000,121932490,121652369,-115.121,0.000,1.000,0.000,3.000,0.000,0.000,14.000,0,0,0
B3_zmq_pushpull,zmq_tcp,none,none,,1,11972,512,584,1785153448432536000,1785153448432536000,1785153448432536000,1785153448432537000,1785153448432703000,1785153448432706000,1785153448432706000,1785153448432706000,121932490,121652369,-114.121,0.000,0.000,1.000,3.000,0.000,0.000,1.000,0,0,0
B3_zmq_pushpull,zmq_tcp,none,none,,1,11973,512,584,1785153448433536000,1785153448433536000,1785153448433536000,1785153448433537000,1785153448433675000,1785153448433679000,1785153448433679000,1785153448433679000,121932490,121652369,-142.121,0.000,0.000,1.000,4.000,0.000,0.000,28.000,0,0,0
B3_zmq_pushpull,zmq_tcp,none,none,,1,11974,512,584,1785153448434365000,1785153448434365000,1785153448434365000,1785153448434366000,1785153448434525000,1785153448434528000,1785153448434528000,1785153448434528000,121932490,121652369,-121.121,0.000,0.000,1.000,3.000,0.000,0.000,21.000,0,0,0
B3_zmq_pushpull,zmq_tcp,none,none,,1,11975,512,584,1785153448435580000,1785153448435580000,1785153448435580000,1785153448435581000,1785153448435656000,1785153448435659000,1785153448435659000,1785153448435659000,121932490,121652369,-205.121,0.000,0.000,1.000,3.000,0.000,0.000,84.000,0,0,0
B3_zmq_pushpull,zmq_tcp,none,none,,1,11976,512,584,1785153448436525000,1785153448436526000,1785153448436526000,1785153448436527000,1785153448436622000,1785153448436625000,1785153448436625000,1785153448436625000,121932490,121652369,-185.121,1.000,0.000,1.000,3.000,0.000,0.000,20.000,0,0,0
B3_zmq_pushpull,zmq_tcp,none,none,,1,11977,512,584,1785153448437543000,1785153448437543000,1785153448437543000,1785153448437544000,1785153448437622000,1785153448437625000,1785153448437625000,1785153448437625000,121932490,121652369,-202.121,0.000,0.000,1.000,3.000,0.000,0.000,17.000,0,0,0
B3_zmq_pushpull,zmq_tcp,none,none,,1,11978,512,584,1785153448438341000,1785153448438341000,1785153448438341000,1785153448438342000,1785153448438481000,1785153448438484000,1785153448438484000,1785153448438484000,121932490,121652369,-141.121,0.000,0.000,1.000,3.000,0.000,0.000,61.000,0,0,0
B3_zmq_pushpull,zmq_tcp,none,none,,1,11979,512,584,1785153448439462000,1785153448439462000,1785153448439462000,1785153448439463000,1785153448439621000,1785153448439624000,1785153448439624000,1785153448439624000,121932490,121652369,-122.121,0.000,0.000,1.000,3.000,0.000,0.000,19.000,0,0,0
B3_zmq_pushpull,zmq_tcp,none,none,,1,11980,512,584,1785153448440442000,1785153448440442000,1785153448440442000,1785153448440444000,1785153448440592000,1785153448440594000,1785153448440594000,1785153448440595000,121932490,121652369,-132.121,0.000,0.000,2.000,2.000,0.000,1.000,10.000,0,0,0
B3_zmq_pushpull,zmq_tcp,none,none,,1,11981,512,584,1785153448441561000,1785153448441561000,1785153448441561000,1785153448441562000,1785153448441720000,1785153448441723000,1785153448441723000,1785153448441723000,121932490,121652369,-122.121,0.000,0.000,1.000,3.000,0.000,0.000,10.000,0,0,0
B3_zmq_pushpull,zmq_tcp,none,none,,1,11982,512,584,1785153448442527000,1785153448442527000,1785153448442527000,1785153448442528000,1785153448442692000,1785153448442695000,1785153448442695000,1785153448442695000,121932490,121652369,-116.121,0.000,0.000,1.000,3.000,0.000,0.000,6.000,0,0,0
B3_zmq_pushpull,zmq_tcp,none,none,,1,11983,512,584,1785153448443541000,1785153448443542000,1785153448443542000,1785153448443543000,1785153448443672000,1785153448443675000,1785153448443675000,1785153448443675000,121932490,121652369,-151.121,1.000,0.000,1.000,3.000,0.000,0.000,35.000,0,0,0
B3_zmq_pushpull,zmq_tcp,none,none,,1,11984,512,584,1785153448444535000,1785153448444535000,1785153448444535000,1785153448444536000,1785153448444686000,1785153448444689000,1785153448444689000,1785153448444689000,121932490,121652369,-130.121,0.000,0.000,1.000,3.000,0.000,0.000,21.000,0,0,0
B3_zmq_pushpull,zmq_tcp,none,none,,1,11985,512,584,1785153448445540000,1785153448445540000,1785153448445540000,1785153448445541000,1785153448445671000,1785153448445673000,1785153448445673000,1785153448445673000,121932490,121652369,-150.121,0.000,0.000,1.000,2.000,0.000,0.000,20.000,0,0,0
B3_zmq_pushpull,zmq_tcp,none,none,,1,11986,512,584,1785153448446532000,1785153448446532000,1785153448446532000,1785153448446533000,1785153448446655000,1785153448446657000,1785153448446657000,1785153448446657000,121932490,121652369,-158.121,0.000,0.000,1.000,2.000,0.000,0.000,8.000,0,0,0
B3_zmq_pushpull,zmq_tcp,none,none,,1,11987,512,584,1785153448447540000,1785153448447540000,1785153448447540000,1785153448447541000,1785153448447644000,1785153448447646000,1785153448447646000,1785153448447646000,121932490,121652369,-177.121,0.000,0.000,1.000,2.000,0.000,0.000,19.000,0,0,0
B3_zmq_pushpull,zmq_tcp,none,none,,1,11988,512,584,1785153448448538000,1785153448448538000,1785153448448538000,1785153448448539000,1785153448448632000,1785153448448634000,1785153448448635000,1785153448448635000,121932490,121652369,-187.121,0.000,0.000,1.000,2.000,1.000,0.000,10.000,0,0,0
B3_zmq_pushpull,zmq_tcp,none,none,,1,11989,512,584,1785153448449538000,1785153448449538000,1785153448449538000,1785153448449539000,1785153448449726000,1785153448449730000,1785153448449730000,1785153448449730000,121932490,121652369,-93.121,0.000,0.000,1.000,4.000,0.000,0.000,94.000,0,0,0
B3_zmq_pushpull,zmq_tcp,none,none,,1,11990,512,584,1785153448450536000,1785153448450536000,1785153448450536000,1785153448450537000,1785153448450715000,1785153448450717000,1785153448450717000,1785153448450717000,121932490,121652369,-102.121,0.000,0.000,1.000,2.000,0.000,0.000,9.000,0,0,0
B3_zmq_pushpull,zmq_tcp,none,none,,1,11991,512,584,1785153448451403000,1785153448451404000,1785153448451404000,1785153448451405000,1785153448451579000,1785153448451583000,1785153448451583000,1785153448451583000,121932490,121652369,-106.121,1.000,0.000,1.000,4.000,0.000,0.000,4.000,0,0,0
B3_zmq_pushpull,zmq_tcp,none,none,,1,11992,512,584,1785153448452570000,1785153448452570000,1785153448452570000,1785153448452571000,1785153448452724000,1785153448452727000,1785153448452727000,1785153448452727000,121932490,121652369,-127.121,0.000,0.000,1.000,3.000,0.000,0.000,21.000,0,0,0
B3_zmq_pushpull,zmq_tcp,none,none,,1,11993,512,584,1785153448453528000,1785153448453528000,1785153448453529000,1785153448453529000,1785153448453583000,1785153448453587000,1785153448453587000,1785153448453587000,121932490,121652369,-226.121,0.000,1.000,0.000,4.000,0.000,0.000,99.000,0,0,0
B3_zmq_pushpull,zmq_tcp,none,none,,1,11994,512,584,1785153448454427000,1785153448454428000,1785153448454428000,1785153448454429000,1785153448454587000,1785153448454593000,1785153448454593000,1785153448454593000,121932490,121652369,-122.121,1.000,0.000,1.000,6.000,0.000,0.000,104.000,0,0,0
B3_zmq_pushpull,zmq_tcp,none,none,,1,11995,512,584,1785153448455566000,1785153448455566000,1785153448455567000,1785153448455567000,1785153448455718000,1785153448455720000,1785153448455720000,1785153448455720000,121932490,121652369,-129.121,0.000,1.000,0.000,2.000,0.000,0.000,7.000,0,0,0
B3_zmq_pushpull,zmq_tcp,none,none,,1,11996,512,584,1785153448456531000,1785153448456531000,1785153448456531000,1785153448456532000,1785153448456705000,1785153448456708000,1785153448456708000,1785153448456708000,121932490,121652369,-107.121,0.000,0.000,1.000,3.000,0.000,0.000,22.000,0,0,0
B3_zmq_pushpull,zmq_tcp,none,none,,1,11997,512,584,1785153448457408000,1785153448457408000,1785153448457409000,1785153448457409000,1785153448457562000,1785153448457565000,1785153448457565000,1785153448457565000,121932490,121652369,-127.121,0.000,1.000,0.000,3.000,0.000,0.000,20.000,0,0,0
B3_zmq_pushpull,zmq_tcp,none,none,,1,11998,512,584,1785153448458389000,1785153448458389000,1785153448458389000,1785153448458390000,1785153448458550000,1785153448458553000,1785153448458553000,1785153448458553000,121932490,121652369,-120.121,0.000,0.000,1.000,3.000,0.000,0.000,7.000,0,0,0
B3_zmq_pushpull,zmq_tcp,none,none,,1,11999,512,584,1785153448459575000,1785153448459575000,1785153448459575000,1785153448459576000,1785153448459686000,1785153448459692000,1785153448459692000,1785153448459692000,121932490,121652369,-170.121,0.000,0.000,1.000,6.000,0.000,0.000,50.000,0,0,0
B3_zmq_pushpull,zmq_tcp,none,none,,1,12000,512,584,1785153448460526000,1785153448460526000,1785153448460526000,1785153448460527000,1785153448460666000,1785153448460668000,1785153448460668000,1785153448460668000,121932490,121652369,-141.121,0.000,0.000,1.000,2.000,0.000,0.000,29.000,0,0,0
B3_zmq_pushpull,zmq_tcp,none,none,,1,12001,512,584,1785153448461379000,1785153448461379000,1785153448461379000,1785153448461380000,1785153448461534000,1785153448461537000,1785153448461537000,1785153448461537000,121932490,121652369,-126.121,0.000,0.000,1.000,3.000,0.000,0.000,15.000,0,0,0
B3_zmq_pushpull,zmq_tcp,none,none,,1,12002,512,584,1785153448462577000,1785153448462577000,1785153448462577000,1785153448462578000,1785153448462693000,1785153448462696000,1785153448462696000,1785153448462696000,121932490,121652369,-165.121,0.000,0.000,1.000,3.000,0.000,0.000,39.000,0,0,0
B3_zmq_pushpull,zmq_tcp,none,none,,1,12003,512,584,1785153448463524000,1785153448463524000,1785153448463524000,1785153448463525000,1785153448463691000,1785153448463694000,1785153448463694000,1785153448463694000,121932490,121652369,-114.121,0.000,0.000,1.000,3.000,0.000,0.000,51.000,0,0,0
B3_zmq_pushpull,zmq_tcp,none,none,,1,12004,512,584,1785153448464541000,1785153448464541000,1785153448464541000,1785153448464542000,1785153448464677000,1785153448464679000,1785153448464679000,1785153448464679000,121932490,121652369,-145.121,0.000,0.000,1.000,2.000,0.000,0.000,31.000,0,0,0
B3_zmq_pushpull,zmq_tcp,none,none,,1,12005,512,584,1785153448465536000,1785153448465536000,1785153448465536000,1785153448465537000,1785153448465682000,1785153448465685000,1785153448465685000,1785153448465685000,121932490,121652369,-135.121,0.000,0.000,1.000,3.000,0.000,0.000,10.000,0,0,0
B3_zmq_pushpull,zmq_tcp,none,none,,1,12006,512,584,1785153448466537000,1785153448466538000,1785153448466538000,1785153448466539000,1785153448466688000,1785153448466690000,1785153448466690000,1785153448466690000,121932490,121652369,-131.121,1.000,0.000,1.000,2.000,0.000,0.000,4.000,0,0,0
B3_zmq_pushpull,zmq_tcp,none,none,,1,12007,512,584,1785153448467539000,1785153448467539000,1785153448467539000,1785153448467540000,1785153448467688000,1785153448467690000,1785153448467690000,1785153448467690000,121932490,121652369,-132.121,0.000,0.000,1.000,2.000,0.000,0.000,1.000,0,0,0
B3_zmq_pushpull,zmq_tcp,none,none,,1,12008,512,584,1785153448468537000,1785153448468537000,1785153448468537000,1785153448468538000,1785153448468694000,1785153448468697000,1785153448468697000,1785153448468697000,121932490,121652369,-124.121,0.000,0.000,1.000,3.000,0.000,0.000,8.000,0,0,0
B3_zmq_pushpull,zmq_tcp,none,none,,1,12009,512,584,1785153448469538000,1785153448469538000,1785153448469538000,1785153448469539000,1785153448469696000,1785153448469698000,1785153448469698000,1785153448469698000,121932490,121652369,-123.121,0.000,0.000,1.000,2.000,0.000,0.000,1.000,0,0,0
B3_zmq_pushpull,zmq_tcp,none,none,,1,12010,512,584,1785153448470537000,1785153448470537000,1785153448470538000,1785153448470538000,1785153448470681000,1785153448470684000,1785153448470684000,1785153448470684000,121932490,121652369,-137.121,0.000,1.000,0.000,3.000,0.000,0.000,14.000,0,0,0
B3_zmq_pushpull,zmq_tcp,none,none,,1,12011,512,584,1785153448471535000,1785153448471535000,1785153448471535000,1785153448471536000,1785153448471683000,1785153448471686000,1785153448471686000,1785153448471686000,121932490,121652369,-133.121,0.000,0.000,1.000,3.000,0.000,0.000,4.000,0,0,0
B3_zmq_pushpull,zmq_tcp,none,none,,1,12012,512,584,1785153448472539000,1785153448472539000,1785153448472539000,1785153448472540000,1785153448472694000,1785153448472697000,1785153448472697000,1785153448472697000,121932490,121652369,-126.121,0.000,0.000,1.000,3.000,0.000,0.000,7.000,0,0,0
B3_zmq_pushpull,zmq_tcp,none,none,,1,12013,512,584,1785153448473540000,1785153448473540000,1785153448473540000,1785153448473541000,1785153448473689000,1785153448473691000,1785153448473691000,1785153448473691000,121932490,121652369,-132.121,0.000,0.000,1.000,2.000,0.000,0.000,6.000,0,0,0
B3_zmq_pushpull,zmq_tcp,none,none,,1,12014,512,584,1785153448474534000,1785153448474534000,1785153448474534000,1785153448474535000,1785153448474682000,1785153448474685000,1785153448474685000,1785153448474685000,121932490,121652369,-133.121,0.000,0.000,1.000,3.000,0.000,0.000,1.000,0,0,0
B3_zmq_pushpull,zmq_tcp,none,none,,1,12015,512,584,1785153448475538000,1785153448475539000,1785153448475539000,1785153448475540000,1785153448475674000,1785153448475677000,1785153448475677000,1785153448475677000,121932490,121652369,-146.121,1.000,0.000,1.000,3.000,0.000,0.000,13.000,0,0,0
B3_zmq_pushpull,zmq_tcp,none,none,,1,12016,512,584,1785153448476537000,1785153448476537000,1785153448476538000,1785153448476539000,1785153448476686000,1785153448476689000,1785153448476689000,1785153448476689000,121932490,121652369,-133.121,0.000,1.000,1.000,3.000,0.000,0.000,13.000,0,0,0
B3_zmq_pushpull,zmq_tcp,none,none,,1,12017,512,584,1785153448477537000,1785153448477537000,1785153448477537000,1785153448477538000,1785153448477677000,1785153448477680000,1785153448477680000,1785153448477680000,121932490,121652369,-141.121,0.000,0.000,1.000,3.000,0.000,0.000,8.000,0,0,0
B3_zmq_pushpull,zmq_tcp,none,none,,1,12018,512,584,1785153448478535000,1785153448478535000,1785153448478535000,1785153448478536000,1785153448478681000,1785153448478683000,1785153448478683000,1785153448478683000,121932490,121652369,-135.121,0.000,0.000,1.000,2.000,0.000,0.000,6.000,0,0,0
B3_zmq_pushpull,zmq_tcp,none,none,,1,12019,512,584,1785153448479539000,1785153448479539000,1785153448479539000,1785153448479540000,1785153448479688000,1785153448479691000,1785153448479691000,1785153448479691000,121932490,121652369,-132.121,0.000,0.000,1.000,3.000,0.000,0.000,3.000,0,0,0
B3_zmq_pushpull,zmq_tcp,none,none,,1,12020,512,584,1785153448480537000,1785153448480538000,1785153448480538000,1785153448480539000,1785153448480708000,1785153448480711000,1785153448480711000,1785153448480711000,121932490,121652369,-111.121,1.000,0.000,1.000,3.000,0.000,0.000,21.000,0,0,0
B3_zmq_pushpull,zmq_tcp,none,none,,1,12021,512,584,1785153448481542000,1785153448481542000,1785153448481542000,1785153448481543000,1785153448481714000,1785153448481717000,1785153448481717000,1785153448481717000,121932490,121652369,-109.121,0.000,0.000,1.000,3.000,0.000,0.000,2.000,0,0,0
B3_zmq_pushpull,zmq_tcp,none,none,,1,12022,512,584,1785153448482428000,1785153448482428000,1785153448482428000,1785153448482429000,1785153448482577000,1785153448482580000,1785153448482580000,1785153448482580000,121932490,121652369,-132.121,0.000,0.000,1.000,3.000,0.000,0.000,23.000,0,0,0
B3_zmq_pushpull,zmq_tcp,none,none,,1,12023,512,584,1785153448483426000,1785153448483427000,1785153448483427000,1785153448483428000,1785153448483581000,1785153448483584000,1785153448483584000,1785153448483584000,121932490,121652369,-127.121,1.000,0.000,1.000,3.000,0.000,0.000,5.000,0,0,0
B3_zmq_pushpull,zmq_tcp,none,none,,1,12024,512,584,1785153448484565000,1785153448484565000,1785153448484565000,1785153448484566000,1785153448484698000,1785153448484701000,1785153448484701000,1785153448484701000,121932490,121652369,-148.121,0.000,0.000,1.000,3.000,0.000,0.000,21.000,0,0,0
B3_zmq_pushpull,zmq_tcp,none,none,,1,12025,512,584,1785153448485528000,1785153448485528000,1785153448485528000,1785153448485529000,1785153448485570000,1785153448485573000,1785153448485573000,1785153448485573000,121932490,121652369,-239.121,0.000,0.000,1.000,3.000,0.000,0.000,91.000,0,0,0
B3_zmq_pushpull,zmq_tcp,none,none,,1,12026,512,584,1785153448486540000,1785153448486540000,1785153448486540000,1785153448486541000,1785153448486719000,1785153448486722000,1785153448486722000,1785153448486722000,121932490,121652369,-102.121,0.000,0.000,1.000,3.000,0.000,0.000,137.000,0,0,0
B3_zmq_pushpull,zmq_tcp,none,none,,1,12027,512,584,1785153448487537000,1785153448487538000,1785153448487538000,1785153448487539000,1785153448487591000,1785153448487596000,1785153448487596000,1785153448487596000,121932490,121652369,-228.121,1.000,0.000,1.000,5.000,0.000,0.000,126.000,0,0,0
B3_zmq_pushpull,zmq_tcp,none,none,,1,12028,512,584,1785153448488437000,1785153448488437000,1785153448488437000,1785153448488438000,1785153448488589000,1785153448488592000,1785153448488592000,1785153448488592000,121932490,121652369,-129.121,0.000,0.000,1.000,3.000,0.000,0.000,99.000,0,0,0
B3_zmq_pushpull,zmq_tcp,none,none,,1,12029,512,584,1785153448489563000,1785153448489563000,1785153448489563000,1785153448489564000,1785153448489730000,1785153448489733000,1785153448489733000,1785153448489733000,121932490,121652369,-114.121,0.000,0.000,1.000,3.000,0.000,0.000,15.000,0,0,0
B3_zmq_pushpull,zmq_tcp,none,none,,1,12030,512,584,1785153448490531000,1785153448490531000,1785153448490531000,1785153448490532000,1785153448490565000,1785153448490568000,1785153448490568000,1785153448490568000,121932490,121652369,-247.121,0.000,0.000,1.000,3.000,0.000,0.000,133.000,0,0,0
B3_zmq_pushpull,zmq_tcp,none,none,,1,12031,512,584,1785153448491539000,1785153448491539000,1785153448491539000,1785153448491540000,1785153448491712000,1785153448491715000,1785153448491715000,1785153448491715000,121932490,121652369,-108.121,0.000,0.000,1.000,3.000,0.000,0.000,139.000,0,0,0
B3_zmq_pushpull,zmq_tcp,none,none,,1,12032,512,584,1785153448492412000,1785153448492413000,1785153448492413000,1785153448492414000,1785153448492566000,1785153448492569000,1785153448492569000,1785153448492569000,121932490,121652369,-128.121,1.000,0.000,1.000,3.000,0.000,0.000,20.000,0,0,0
B3_zmq_pushpull,zmq_tcp,none,none,,1,12033,512,584,1785153448493404000,1785153448493405000,1785153448493405000,1785153448493405000,1785153448493558000,1785153448493561000,1785153448493561000,1785153448493561000,121932490,121652369,-127.121,1.000,0.000,0.000,3.000,0.000,0.000,1.000,0,0,0
B3_zmq_pushpull,zmq_tcp,none,none,,1,12034,512,584,1785153448494400000,1785153448494401000,1785153448494401000,1785153448494402000,1785153448494559000,1785153448494561000,1785153448494561000,1785153448494561000,121932490,121652369,-123.121,1.000,0.000,1.000,2.000,0.000,0.000,4.000,0,0,0
B3_zmq_pushpull,zmq_tcp,none,none,,1,12035,512,584,1785153448495400000,1785153448495400000,1785153448495401000,1785153448495401000,1785153448495562000,1785153448495565000,1785153448495565000,1785153448495565000,121932490,121652369,-119.121,0.000,1.000,0.000,3.000,0.000,0.000,4.000,0,0,0
B3_zmq_pushpull,zmq_tcp,none,none,,1,12036,512,584,1785153448496571000,1785153448496571000,1785153448496571000,1785153448496572000,1785153448496689000,1785153448496692000,1785153448496692000,1785153448496692000,121932490,121652369,-163.121,0.000,0.000,1.000,3.000,0.000,0.000,44.000,0,0,0
B3_zmq_pushpull,zmq_tcp,none,none,,1,12037,512,584,1785153448497530000,1785153448497530000,1785153448497530000,1785153448497531000,1785153448497696000,1785153448497699000,1785153448497699000,1785153448497699000,121932490,121652369,-115.121,0.000,0.000,1.000,3.000,0.000,0.000,48.000,0,0,0
B3_zmq_pushpull,zmq_tcp,none,none,,1,12038,512,584,1785153448498399000,1785153448498399000,1785153448498399000,1785153448498400000,1785153448498553000,1785153448498556000,1785153448498556000,1785153448498556000,121932490,121652369,-127.121,0.000,0.000,1.000,3.000,0.000,0.000,12.000,0,0,0
B3_zmq_pushpull,zmq_tcp,none,none,,1,12039,512,584,1785153448499397000,1785153448499397000,1785153448499397000,1785153448499398000,1785153448499550000,1785153448499553000,1785153448499553000,1785153448499553000,121932490,121652369,-128.121,0.000,0.000,1.000,3.000,0.000,0.000,1.000,0,0,0
B3_zmq_pushpull,zmq_tcp,none,none,,1,12040,512,584,1785153448500570000,1785153448500570000,1785153448500570000,1785153448500571000,1785153448500676000,1785153448500678000,1785153448500678000,1785153448500678000,121932490,121652369,-175.121,0.000,0.000,1.000,2.000,0.000,0.000,47.000,0,0,0
B3_zmq_pushpull,zmq_tcp,none,none,,1,12041,512,584,1785153448501532000,1785153448501532000,1785153448501532000,1785153448501533000,1785153448501657000,1785153448501660000,1785153448501660000,1785153448501660000,121932490,121652369,-156.121,0.000,0.000,1.000,3.000,0.000,0.000,19.000,0,0,0
B3_zmq_pushpull,zmq_tcp,none,none,,1,12042,512,584,1785153448502541000,1785153448502541000,1785153448502541000,1785153448502542000,1785153448502640000,1785153448502642000,1785153448502642000,1785153448502642000,121932490,121652369,-182.121,0.000,0.000,1.000,2.000,0.000,0.000,26.000,0,0,0
B3_zmq_pushpull,zmq_tcp,none,none,,1,12043,512,584,1785153448503533000,1785153448503533000,1785153448503533000,1785153448503534000,1785153448503656000,1785153448503658000,1785153448503658000,1785153448503658000,121932490,121652369,-158.121,0.000,0.000,1.000,2.000,0.000,0.000,24.000,0,0,0
B3_zmq_pushpull,zmq_tcp,none,none,,1,12044,512,584,1785153448504539000,1785153448504539000,1785153448504539000,1785153448504540000,1785153448504656000,1785153448504659000,1785153448504659000,1785153448504659000,121932490,121652369,-164.121,0.000,0.000,1.000,3.000,0.000,0.000,6.000,0,0,0
B3_zmq_pushpull,zmq_tcp,none,none,,1,12045,512,584,1785153448505538000,1785153448505538000,1785153448505538000,1785153448505539000,1785153448505641000,1785153448505644000,1785153448505644000,1785153448505644000,121932490,121652369,-178.121,0.000,0.000,1.000,3.000,0.000,0.000,14.000,0,0,0
B3_zmq_pushpull,zmq_tcp,none,none,,1,12046,512,584,1785153448506538000,1785153448506538000,1785153448506538000,1785153448506539000,1785153448506637000,1785153448506640000,1785153448506640000,1785153448506640000,121932490,121652369,-182.121,0.000,0.000,1.000,3.000,0.000,0.000,4.000,0,0,0
B3_zmq_pushpull,zmq_tcp,none,none,,1,12047,512,584,1785153448507537000,1785153448507537000,1785153448507537000,1785153448507538000,1785153448507645000,1785153448507648000,1785153448507648000,1785153448507648000,121932490,121652369,-173.121,0.000,0.000,1.000,3.000,0.000,0.000,9.000,0,0,0
B3_zmq_pushpull,zmq_tcp,none,none,,1,12048,512,584,1785153448508538000,1785153448508538000,1785153448508538000,1785153448508539000,1785153448508657000,1785153448508660000,1785153448508660000,1785153448508660000,121932490,121652369,-162.121,0.000,0.000,1.000,3.000,0.000,0.000,11.000,0,0,0
B3_zmq_pushpull,zmq_tcp,none,none,,1,12049,512,584,1785153448509537000,1785153448509537000,1785153448509537000,1785153448509538000,1785153448509653000,1785153448509656000,1785153448509656000,1785153448509656000,121932490,121652369,-165.121,0.000,0.000,1.000,3.000,0.000,0.000,3.000,0,0,0
B3_zmq_pushpull,zmq_tcp,none,none,,1,12050,512,584,1785153448510539000,1785153448510539000,1785153448510539000,1785153448510540000,1785153448510646000,1785153448510649000,1785153448510649000,1785153448510649000,121932490,121652369,-174.121,0.000,0.000,1.000,3.000,0.000,0.000,9.000,0,0,0
B3_zmq_pushpull,zmq_tcp,none,none,,1,12051,512,584,1785153448511536000,1785153448511536000,1785153448511536000,1785153448511537000,1785153448511653000,1785153448511656000,1785153448511656000,1785153448511656000,121932490,121652369,-164.121,0.000,0.000,1.000,3.000,0.000,0.000,10.000,0,0,0
B3_zmq_pushpull,zmq_tcp,none,none,,1,12052,512,584,1785153448512538000,1785153448512538000,1785153448512538000,1785153448512539000,1785153448512649000,1785153448512652000,1785153448512652000,1785153448512652000,121932490,121652369,-170.121,0.000,0.000,1.000,3.000,0.000,0.000,6.000,0,0,0
B3_zmq_pushpull,zmq_tcp,none,none,,1,12053,512,584,1785153448513538000,1785153448513538000,1785153448513538000,1785153448513539000,1785153448513634000,1785153448513637000,1785153448513637000,1785153448513637000,121932490,121652369,-185.121,0.000,0.000,1.000,3.000,0.000,0.000,15.000,0,0,0
B3_zmq_pushpull,zmq_tcp,none,none,,1,12054,512,584,1785153448514538000,1785153448514538000,1785153448514539000,1785153448514540000,1785153448514628000,1785153448514630000,1785153448514630000,1785153448514630000,121932490,121652369,-192.121,0.000,1.000,1.000,2.000,0.000,0.000,7.000,0,0,0
B3_zmq_pushpull,zmq_tcp,none,none,,1,12055,512,584,1785153448515534000,1785153448515534000,1785153448515534000,1785153448515535000,1785153448515632000,1785153448515634000,1785153448515634000,1785153448515634000,121932490,121652369,-183.121,0.000,0.000,1.000,2.000,0.000,0.000,9.000,0,0,0
B3_zmq_pushpull,zmq_tcp,none,none,,1,12056,512,584,1785153448516541000,1785153448516542000,1785153448516542000,1785153448516543000,1785153448516636000,1785153448516638000,1785153448516638000,1785153448516638000,121932490,121652369,-187.121,1.000,0.000,1.000,2.000,0.000,0.000,4.000,0,0,0
B3_zmq_pushpull,zmq_tcp,none,none,,1,12057,512,584,1785153448517536000,1785153448517536000,1785153448517536000,1785153448517537000,1785153448517642000,1785153448517645000,1785153448517645000,1785153448517645000,121932490,121652369,-175.121,0.000,0.000,1.000,3.000,0.000,0.000,12.000,0,0,0
B3_zmq_pushpull,zmq_tcp,none,none,,1,12058,512,584,1785153448518540000,1785153448518540000,1785153448518540000,1785153448518541000,1785153448518641000,1785153448518644000,1785153448518644000,1785153448518644000,121932490,121652369,-180.121,0.000,0.000,1.000,3.000,0.000,0.000,5.000,0,0,0
B3_zmq_pushpull,zmq_tcp,none,none,,1,12059,512,584,1785153448519536000,1785153448519536000,1785153448519536000,1785153448519537000,1785153448519619000,1785153448519622000,1785153448519622000,1785153448519622000,121932490,121652369,-198.121,0.000,0.000,1.000,3.000,0.000,0.000,18.000,0,0,0
B3_zmq_pushpull,zmq_tcp,none,none,,1,12060,512,584,1785153448520463000,1785153448520463000,1785153448520463000,1785153448520464000,1785153448520617000,1785153448520621000,1785153448520621000,1785153448520621000,121932490,121652369,-127.121,0.000,0.000,1.000,4.000,0.000,0.000,71.000,0,0,0
B3_zmq_pushpull,zmq_tcp,none,none,,1,12061,512,584,1785153448521557000,1785153448521557000,1785153448521557000,1785153448521558000,1785153448521616000,1785153448521620000,1785153448521620000,1785153448521620000,121932490,121652369,-222.121,0.000,0.000,1.000,4.000,0.000,0.000,95.000,0,0,0
B3_zmq_pushpull,zmq_tcp,none,none,,1,12062,512,584,1785153448522532000,1785153448522532000,1785153448522532000,1785153448522533000,1785153448522619000,1785153448522622000,1785153448522622000,1785153448522622000,121932490,121652369,-194.121,0.000,0.000,1.000,3.000,0.000,0.000,28.000,0,0,0
B3_zmq_pushpull,zmq_tcp,none,none,,1,12063,512,584,1785153448523539000,1785153448523539000,1785153448523539000,1785153448523540000,1785153448523628000,1785153448523631000,1785153448523631000,1785153448523631000,121932490,121652369,-192.121,0.000,0.000,1.000,3.000,0.000,0.000,2.000,0,0,0
B3_zmq_pushpull,zmq_tcp,none,none,,1,12064,512,584,1785153448524540000,1785153448524540000,1785153448524540000,1785153448524541000,1785153448524632000,1785153448524635000,1785153448524635000,1785153448524635000,121932490,121652369,-189.121,0.000,0.000,1.000,3.000,0.000,0.000,3.000,0,0,0
B3_zmq_pushpull,zmq_tcp,none,none,,1,12065,512,584,1785153448525466000,1785153448525466000,1785153448525466000,1785153448525467000,1785153448525620000,1785153448525623000,1785153448525623000,1785153448525623000,121932490,121652369,-127.121,0.000,0.000,1.000,3.000,0.000,0.000,62.000,0,0,0
B3_zmq_pushpull,zmq_tcp,none,none,,1,12066,512,584,1785153448526555000,1785153448526555000,1785153448526555000,1785153448526556000,1785153448526618000,1785153448526621000,1785153448526621000,1785153448526621000,121932490,121652369,-218.121,0.000,0.000,1.000,3.000,0.000,0.000,91.000,0,0,0
B3_zmq_pushpull,zmq_tcp,none,none,,1,12067,512,584,1785153448527534000,1785153448527534000,1785153448527534000,1785153448527535000,1785153448527596000,1785153448527598000,1785153448527598000,1785153448527598000,121932490,121652369,-219.121,0.000,0.000,1.000,2.000,0.000,0.000,1.000,0,0,0
B3_zmq_pushpull,zmq_tcp,none,none,,1,12068,512,584,1785153448528540000,1785153448528540000,1785153448528540000,1785153448528541000,1785153448528593000,1785153448528597000,1785153448528597000,1785153448528597000,121932490,121652369,-228.121,0.000,0.000,1.000,4.000,0.000,0.000,9.000,0,0,0
B3_zmq_pushpull,zmq_tcp,none,none,,1,12069,512,584,1785153448529446000,1785153448529446000,1785153448529446000,1785153448529447000,1785153448529605000,1785153448529608000,1785153448529608000,1785153448529608000,121932490,121652369,-122.121,0.000,0.000,1.000,3.000,0.000,0.000,106.000,0,0,0
B3_zmq_pushpull,zmq_tcp,none,none,,1,12070,512,584,1785153448530455000,1785153448530455000,1785153448530455000,1785153448530456000,1785153448530599000,1785153448530601000,1785153448530601000,1785153448530601000,121932490,121652369,-137.121,0.000,0.000,1.000,2.000,0.000,0.000,15.000,0,0,0
B3_zmq_pushpull,zmq_tcp,none,none,,1,12071,512,584,1785153448531560000,1785153448531560000,1785153448531560000,1785153448531561000,1785153448531737000,1785153448531740000,1785153448531740000,1785153448531740000,121932490,121652369,-104.121,0.000,0.000,1.000,3.000,0.000,0.000,33.000,0,0,0
B3_zmq_pushpull,zmq_tcp,none,none,,1,12072,512,584,1785153448532529000,1785153448532529000,1785153448532529000,1785153448532530000,1785153448532573000,1785153448532575000,1785153448532575000,1785153448532575000,121932490,121652369,-237.121,0.000,0.000,1.000,2.000,0.000,0.000,133.000,0,0,0
B3_zmq_pushpull,zmq_tcp,none,none,,1,12073,512,584,1785153448533540000,1785153448533541000,1785153448533541000,1785153448533542000,1785153448533574000,1785153448533576000,1785153448533576000,1785153448533576000,121932490,121652369,-248.121,1.000,0.000,1.000,2.000,0.000,0.000,11.000,0,0,0
B3_zmq_pushpull,zmq_tcp,none,none,,1,12074,512,584,1785153448534409000,1785153448534409000,1785153448534409000,1785153448534410000,1785153448534553000,1785153448534556000,1785153448534556000,1785153448534556000,121932490,121652369,-137.121,0.000,0.000,1.000,3.000,0.000,0.000,111.000,0,0,0
B3_zmq_pushpull,zmq_tcp,none,none,,1,12075,512,584,1785153448535569000,1785153448535570000,1785153448535570000,1785153448535571000,1785153448535704000,1785153448535707000,1785153448535707000,1785153448535707000,121932490,121652369,-147.121,1.000,0.000,1.000,3.000,0.000,0.000,10.000,0,0,0
B3_zmq_pushpull,zmq_tcp,none,none,,1,12076,512,584,1785153448536530000,1785153448536530000,1785153448536530000,1785153448536531000,1785153448536582000,1785153448536586000,1785153448536586000,1785153448536586000,121932490,121652369,-229.121,0.000,0.000,1.000,4.000,0.000,0.000,82.000,0,0,0
B3_zmq_pushpull,zmq_tcp,none,none,,1,12077,512,584,1785153448537540000,1785153448537541000,1785153448537541000,1785153448537542000,1785153448537595000,1785153448537598000,1785153448537598000,1785153448537598000,121932490,121652369,-227.121,1.000,0.000,1.000,3.000,0.000,0.000,2.000,0,0,0
B3_zmq_pushpull,zmq_tcp,none,none,,1,12078,512,584,1785153448538456000,1785153448538456000,1785153448538456000,1785153448538457000,1785153448538615000,1785153448538617000,1785153448538617000,1785153448538617000,121932490,121652369,-122.121,0.000,0.000,1.000,2.000,0.000,0.000,105.000,0,0,0
B3_zmq_pushpull,zmq_tcp,none,none,,1,12079,512,584,1785153448539558000,1785153448539558000,1785153448539558000,1785153448539559000,1785153448539613000,1785153448539616000,1785153448539617000,1785153448539617000,121932490,121652369,-226.121,0.000,0.000,1.000,3.000,1.000,0.000,104.000,0,0,0
B3_zmq_pushpull,zmq_tcp,none,none,,1,12080,512,584,1785153448540530000,1785153448540530000,1785153448540530000,1785153448540531000,1785153448540620000,1785153448540623000,1785153448540623000,1785153448540623000,121932490,121652369,-191.121,0.000,0.000,1.000,3.000,0.000,0.000,35.000,0,0,0
B3_zmq_pushpull,zmq_tcp,none,none,,1,12081,512,584,1785153448541540000,1785153448541541000,1785153448541541000,1785153448541542000,1785153448541596000,1785153448541599000,1785153448541599000,1785153448541599000,121932490,121652369,-226.121,1.000,0.000,1.000,3.000,0.000,0.000,35.000,0,0,0
B3_zmq_pushpull,zmq_tcp,none,none,,1,12082,512,584,1785153448542432000,1785153448542432000,1785153448542432000,1785153448542433000,1785153448542587000,1785153448542589000,1785153448542589000,1785153448542589000,121932490,121652369,-126.121,0.000,0.000,1.000,2.000,0.000,0.000,100.000,0,0,0
B3_zmq_pushpull,zmq_tcp,none,none,,1,12083,512,584,1785153448543565000,1785153448543565000,1785153448543565000,1785153448543566000,1785153448543732000,1785153448543735000,1785153448543735000,1785153448543735000,121932490,121652369,-114.121,0.000,0.000,1.000,3.000,0.000,0.000,12.000,0,0,0
B3_zmq_pushpull,zmq_tcp,none,none,,1,12084,512,584,1785153448544449000,1785153448544449000,1785153448544449000,1785153448544450000,1785153448544607000,1785153448544609000,1785153448544609000,1785153448544609000,121932490,121652369,-123.121,0.000,0.000,1.000,2.000,0.000,0.000,9.000,0,0,0
B3_zmq_pushpull,zmq_tcp,none,none,,1,12085,512,584,1785153448545561000,1785153448545561000,1785153448545561000,1785153448545562000,1785153448545743000,1785153448545745000,1785153448545745000,1785153448545745000,121932490,121652369,-99.121,0.000,0.000,1.000,2.000,0.000,0.000,24.000,0,0,0
B3_zmq_pushpull,zmq_tcp,none,none,,1,12086,512,584,1785153448546533000,1785153448546533000,1785153448546533000,1785153448546534000,1785153448546605000,1785153448546608000,1785153448546608000,1785153448546608000,121932490,121652369,-209.121,0.000,0.000,1.000,3.000,0.000,0.000,110.000,0,0,0
B3_zmq_pushpull,zmq_tcp,none,none,,1,12087,512,584,1785153448547539000,1785153448547539000,1785153448547539000,1785153448547540000,1785153448547597000,1785153448547600000,1785153448547600000,1785153448547600000,121932490,121652369,-223.121,0.000,0.000,1.000,3.000,0.000,0.000,14.000,0,0,0
B3_zmq_pushpull,zmq_tcp,none,none,,1,12088,512,584,1785153448548441000,1785153448548441000,1785153448548441000,1785153448548442000,1785153448548586000,1785153448548589000,1785153448548589000,1785153448548589000,121932490,121652369,-136.121,0.000,0.000,1.000,3.000,0.000,0.000,87.000,0,0,0
B3_zmq_pushpull,zmq_tcp,none,none,,1,12089,512,584,1785153448549563000,1785153448549563000,1785153448549563000,1785153448549564000,1785153448549724000,1785153448549727000,1785153448549727000,1785153448549727000,121932490,121652369,-120.121,0.000,0.000,1.000,3.000,0.000,0.000,16.000,0,0,0
B3_zmq_pushpull,zmq_tcp,none,none,,1,12090,512,584,1785153448550531000,1785153448550531000,1785153448550532000,1785153448550532000,1785153448550589000,1785153448550592000,1785153448550593000,1785153448550593000,121932490,121652369,-223.121,0.000,1.000,0.000,3.000,1.000,0.000,103.000,0,0,0
B3_zmq_pushpull,zmq_tcp,none,none,,1,12091,512,584,1785153448551443000,1785153448551443000,1785153448551443000,1785153448551444000,1785153448551592000,1785153448551595000,1785153448551595000,1785153448551595000,121932490,121652369,-132.121,0.000,0.000,1.000,3.000,0.000,0.000,91.000,0,0,0
B3_zmq_pushpull,zmq_tcp,none,none,,1,12092,512,584,1785153448552561000,1785153448552561000,1785153448552561000,1785153448552562000,1785153448552612000,1785153448552615000,1785153448552615000,1785153448552615000,121932490,121652369,-230.121,0.000,0.000,1.000,3.000,0.000,0.000,98.000,0,0,0
B3_zmq_pushpull,zmq_tcp,none,none,,1,12093,512,584,1785153448553467000,1785153448553467000,1785153448553467000,1785153448553468000,1785153448553623000,1785153448553625000,1785153448553625000,1785153448553625000,121932490,121652369,-125.121,0.000,0.000,1.000,2.000,0.000,0.000,105.000,0,0,0
B3_zmq_pushpull,zmq_tcp,none,none,,1,12094,512,584,1785153448554555000,1785153448554555000,1785153448554555000,1785153448554556000,1785153448554620000,1785153448554622000,1785153448554623000,1785153448554623000,121932490,121652369,-216.121,0.000,0.000,1.000,2.000,1.000,0.000,91.000,0,0,0
B3_zmq_pushpull,zmq_tcp,none,none,,1,12095,512,584,1785153448555533000,1785153448555533000,1785153448555533000,1785153448555534000,1785153448555615000,1785153448555617000,1785153448555617000,1785153448555617000,121932490,121652369,-199.121,0.000,0.000,1.000,2.000,0.000,0.000,17.000,0,0,0
B3_zmq_pushpull,zmq_tcp,none,none,,1,12096,512,584,1785153448556540000,1785153448556540000,1785153448556540000,1785153448556541000,1785153448556625000,1785153448556628000,1785153448556628000,1785153448556628000,121932490,121652369,-196.121,0.000,0.000,1.000,3.000,0.000,0.000,3.000,0,0,0
B3_zmq_pushpull,zmq_tcp,none,none,,1,12097,512,584,1785153448557538000,1785153448557538000,1785153448557538000,1785153448557539000,1785153448557615000,1785153448557617000,1785153448557617000,1785153448557617000,121932490,121652369,-204.121,0.000,0.000,1.000,2.000,0.000,0.000,8.000,0,0,0
B3_zmq_pushpull,zmq_tcp,none,none,,1,12098,512,584,1785153448558539000,1785153448558539000,1785153448558539000,1785153448558540000,1785153448558617000,1785153448558620000,1785153448558620000,1785153448558620000,121932490,121652369,-203.121,0.000,0.000,1.000,3.000,0.000,0.000,1.000,0,0,0
B3_zmq_pushpull,zmq_tcp,none,none,,1,12099,512,584,1785153448559541000,1785153448559541000,1785153448559541000,1785153448559542000,1785153448559611000,1785153448559613000,1785153448559613000,1785153448559613000,121932490,121652369,-211.121,0.000,0.000,1.000,2.000,0.000,0.000,8.000,0,0,0
B3_zmq_pushpull,zmq_tcp,none,none,,1,12100,512,584,1785153448560538000,1785153448560538000,1785153448560538000,1785153448560539000,1785153448560581000,1785153448560585000,1785153448560585000,1785153448560585000,121932490,121652369,-238.121,0.000,0.000,1.000,4.000,0.000,0.000,27.000,0,0,0
B3_zmq_pushpull,zmq_tcp,none,none,,1,12101,512,584,1785153448561425000,1785153448561425000,1785153448561425000,1785153448561426000,1785153448561569000,1785153448561572000,1785153448561572000,1785153448561572000,121932490,121652369,-137.121,0.000,0.000,1.000,3.000,0.000,0.000,101.000,0,0,0
B3_zmq_pushpull,zmq_tcp,none,none,,1,12102,512,584,1785153448562566000,1785153448562567000,1785153448562567000,1785153448562568000,1785153448562709000,1785153448562713000,1785153448562713000,1785153448562713000,121932490,121652369,-139.121,1.000,0.000,1.000,4.000,0.000,0.000,2.000,0,0,0
B3_zmq_pushpull,zmq_tcp,none,none,,1,12103,512,584,1785153448563413000,1785153448563413000,1785153448563413000,1785153448563414000,1785153448563568000,1785153448563571000,1785153448563571000,1785153448563571000,121932490,121652369,-126.121,0.000,0.000,1.000,3.000,0.000,0.000,13.000,0,0,0
B3_zmq_pushpull,zmq_tcp,none,none,,1,12104,512,584,1785153448564568000,1785153448564569000,1785153448564569000,1785153448564570000,1785153448564707000,1785153448564709000,1785153448564709000,1785153448564709000,121932490,121652369,-143.121,1.000,0.000,1.000,2.000,0.000,0.000,17.000,0,0,0
B3_zmq_pushpull,zmq_tcp,none,none,,1,12105,512,584,1785153448565530000,1785153448565530000,1785153448565530000,1785153448565531000,1785153448565696000,1785153448565699000,1785153448565699000,1785153448565699000,121932490,121652369,-115.121,0.000,0.000,1.000,3.000,0.000,0.000,28.000,0,0,0
B3_zmq_pushpull,zmq_tcp,none,none,,1,12106,512,584,1785153448566541000,1785153448566541000,1785153448566541000,1785153448566542000,1785153448566684000,1785153448566687000,1785153448566687000,1785153448566687000,121932490,121652369,-138.121,0.000,0.000,1.000,3.000,0.000,0.000,23.000,0,0,0
B3_zmq_pushpull,zmq_tcp,none,none,,1,12107,512,584,1785153448567535000,1785153448567535000,1785153448567535000,1785153448567536000,1785153448567679000,1785153448567681000,1785153448567681000,1785153448567681000,121932490,121652369,-137.121,0.000,0.000,1.000,2.000,0.000,0.000,1.000,0,0,0
B3_zmq_pushpull,zmq_tcp,none,none,,1,12108,512,584,1785153448568539000,1785153448568539000,1785153448568539000,1785153448568540000,1785153448568676000,1785153448568680000,1785153448568680000,1785153448568680000,121932490,121652369,-144.121,0.000,0.000,1.000,4.000,0.000,0.000,7.000,0,0,0
B3_zmq_pushpull,zmq_tcp,none,none,,1,12109,512,584,1785153448569362000,1785153448569362000,1785153448569362000,1785153448569363000,1785153448569516000,1785153448569519000,1785153448569519000,1785153448569519000,121932490,121652369,-127.121,0.000,0.000,1.000,3.000,0.000,0.000,17.000,0,0,0
B3_zmq_pushpull,zmq_tcp,none,none,,1,12110,512,584,1785153448570582000,1785153448570582000,1785153448570582000,1785153448570583000,1785153448570640000,1785153448570643000,1785153448570643000,1785153448570643000,121932490,121652369,-223.121,0.000,0.000,1.000,3.000,0.000,0.000,96.000,0,0,0
B3_zmq_pushpull,zmq_tcp,none,none,,1,12111,512,584,1785153448571341000,1785153448571341000,1785153448571341000,1785153448571342000,1785153448571503000,1785153448571506000,1785153448571506000,1785153448571506000,121932490,121652369,-119.121,0.000,0.000,1.000,3.000,0.000,0.000,104.000,0,0,0
B3_zmq_pushpull,zmq_tcp,none,none,,1,12112,512,584,1785153448572588000,1785153448572588000,1785153448572588000,1785153448572590000,1785153448572649000,1785153448572652000,1785153448572652000,1785153448572652000,121932490,121652369,-221.121,0.000,0.000,2.000,3.000,0.000,0.000,102.000,0,0,0
B3_zmq_pushpull,zmq_tcp,none,none,,1,12113,512,584,1785153448573342000,1785153448573342000,1785153448573342000,1785153448573343000,1785153448573493000,1785153448573495000,1785153448573495000,1785153448573495000,121932490,121652369,-130.121,0.000,0.000,1.000,2.000,0.000,0.000,91.000,0,0,0
B3_zmq_pushpull,zmq_tcp,none,none,,1,12114,512,584,1785153448574343000,1785153448574343000,1785153448574343000,1785153448574344000,1785153448574499000,1785153448574501000,1785153448574501000,1785153448574501000,121932490,121652369,-125.121,0.000,0.000,1.000,2.000,0.000,0.000,5.000,0,0,0
B3_zmq_pushpull,zmq_tcp,none,none,,1,12115,512,584,1785153448575343000,1785153448575344000,1785153448575344000,1785153448575345000,1785153448575485000,1785153448575488000,1785153448575488000,1785153448575488000,121932490,121652369,-140.121,1.000,0.000,1.000,3.000,0.000,0.000,15.000,0,0,0
B3_zmq_pushpull,zmq_tcp,none,none,,1,12116,512,584,1785153448576341000,1785153448576341000,1785153448576341000,1785153448576342000,1785153448576481000,1785153448576485000,1785153448576485000,1785153448576485000,121932490,121652369,-141.121,0.000,0.000,1.000,4.000,0.000,0.000,1.000,0,0,0
B3_zmq_pushpull,zmq_tcp,none,none,,1,12117,512,584,1785153448577588000,1785153448577588000,1785153448577588000,1785153448577589000,1785153448577765000,1785153448577768000,1785153448577768000,1785153448577768000,121932490,121652369,-104.121,0.000,0.000,1.000,3.000,0.000,0.000,37.000,0,0,0
B3_zmq_pushpull,zmq_tcp,none,none,,1,12118,512,584,1785153448578347000,1785153448578347000,1785153448578347000,1785153448578348000,1785153448578492000,1785153448578495000,1785153448578495000,1785153448578495000,121932490,121652369,-136.121,0.000,0.000,1.000,3.000,0.000,0.000,32.000,0,0,0
B3_zmq_pushpull,zmq_tcp,none,none,,1,12119,512,584,1785153448579353000,1785153448579353000,1785153448579353000,1785153448579354000,1785153448579492000,1785153448579494000,1785153448579494000,1785153448579494000,121932490,121652369,-142.121,0.000,0.000,1.000,2.000,0.000,0.000,6.000,0,0,0
B3_zmq_pushpull,zmq_tcp,none,none,,1,12120,512,584,1785153448580585000,1785153448580585000,1785153448580585000,1785153448580586000,1785153448580644000,1785153448580647000,1785153448580647000,1785153448580647000,121932490,121652369,-222.121,0.000,0.000,1.000,3.000,0.000,0.000,80.000,0,0,0
B3_zmq_pushpull,zmq_tcp,none,none,,1,12121,512,584,1785153448581526000,1785153448581526000,1785153448581526000,1785153448581527000,1785153448581624000,1785153448581627000,1785153448581627000,1785153448581627000,121932490,121652369,-183.121,0.000,0.000,1.000,3.000,0.000,0.000,39.000,0,0,0
B3_zmq_pushpull,zmq_tcp,none,none,,1,12122,512,584,1785153448582538000,1785153448582538000,1785153448582538000,1785153448582539000,1785153448582609000,1785153448582612000,1785153448582612000,1785153448582612000,121932490,121652369,-210.121,0.000,0.000,1.000,3.000,0.000,0.000,27.000,0,0,0
B3_zmq_pushpull,zmq_tcp,none,none,,1,12123,512,584,1785153448583538000,1785153448583538000,1785153448583538000,1785153448583539000,1785153448583595000,1785153448583597000,1785153448583597000,1785153448583597000,121932490,121652369,-224.121,0.000,0.000,1.000,2.000,0.000,0.000,14.000,0,0,0
B3_zmq_pushpull,zmq_tcp,none,none,,1,12124,512,584,1785153448584538000,1785153448584538000,1785153448584538000,1785153448584539000,1785153448584589000,1785153448584592000,1785153448584592000,1785153448584592000,121932490,121652369,-230.121,0.000,0.000,1.000,3.000,0.000,0.000,6.000,0,0,0
B3_zmq_pushpull,zmq_tcp,none,none,,1,12125,512,584,1785153448585438000,1785153448585438000,1785153448585438000,1785153448585439000,1785153448585595000,1785153448585598000,1785153448585598000,1785153448585598000,121932490,121652369,-124.121,0.000,0.000,1.000,3.000,0.000,0.000,106.000,0,0,0
B3_zmq_pushpull,zmq_tcp,none,none,,1,12126,512,584,1785153448586459000,1785153448586460000,1785153448586460000,1785153448586461000,1785153448586616000,1785153448586619000,1785153448586619000,1785153448586619000,121932490,121652369,-125.121,1.000,0.000,1.000,3.000,0.000,0.000,1.000,0,0,0
B3_zmq_pushpull,zmq_tcp,none,none,,1,12127,512,584,1785153448587563000,1785153448587563000,1785153448587563000,1785153448587564000,1785153448587627000,1785153448587629000,1785153448587630000,1785153448587630000,121932490,121652369,-217.121,0.000,0.000,1.000,2.000,1.000,0.000,92.000,0,0,0
B3_zmq_pushpull,zmq_tcp,none,none,,1,12128,512,584,1785153448588531000,1785153448588531000,1785153448588531000,1785153448588532000,1785153448588632000,1785153448588635000,1785153448588635000,1785153448588635000,121932490,121652369,-180.121,0.000,0.000,1.000,3.000,0.000,0.000,37.000,0,0,0
B3_zmq_pushpull,zmq_tcp,none,none,,1,12129,512,584,1785153448589540000,1785153448589540000,1785153448589540000,1785153448589541000,1785153448589610000,1785153448589612000,1785153448589612000,1785153448589612000,121932490,121652369,-211.121,0.000,0.000,1.000,2.000,0.000,0.000,31.000,0,0,0
B3_zmq_pushpull,zmq_tcp,none,none,,1,12130,512,584,1785153448590538000,1785153448590538000,1785153448590538000,1785153448590539000,1785153448590595000,1785153448590598000,1785153448590598000,1785153448590598000,121932490,121652369,-224.121,0.000,0.000,1.000,3.000,0.000,0.000,13.000,0,0,0
B3_zmq_pushpull,zmq_tcp,none,none,,1,12131,512,584,1785153448591541000,1785153448591541000,1785153448591541000,1785153448591542000,1785153448591597000,1785153448591601000,1785153448591601000,1785153448591601000,121932490,121652369,-225.121,0.000,0.000,1.000,4.000,0.000,0.000,1.000,0,0,0
B3_zmq_pushpull,zmq_tcp,none,none,,1,12132,512,584,1785153448592448000,1785153448592448000,1785153448592448000,1785153448592449000,1785153448592609000,1785153448592611000,1785153448592611000,1785153448592611000,121932490,121652369,-120.121,0.000,0.000,1.000,2.000,0.000,0.000,105.000,0,0,0
B3_zmq_pushpull,zmq_tcp,none,none,,1,12133,512,584,1785153448593454000,1785153448593455000,1785153448593455000,1785153448593456000,1785153448593612000,1785153448593615000,1785153448593615000,1785153448593615000,121932490,121652369,-124.121,1.000,0.000,1.000,3.000,0.000,0.000,4.000,0,0,0
B3_zmq_pushpull,zmq_tcp,none,none,,1,12134,512,584,1785153448594458000,1785153448594459000,1785153448594459000,1785153448594459000,1785153448594618000,1785153448594620000,1785153448594620000,1785153448594620000,121932490,121652369,-121.121,1.000,0.000,0.000,2.000,0.000,0.000,3.000,0,0,0
B3_zmq_pushpull,zmq_tcp,none,none,,1,12135,512,584,1785153448595347000,1785153448595348000,1785153448595348000,1785153448595349000,1785153448595488000,1785153448595491000,1785153448595491000,1785153448595491000,121932490,121652369,-141.121,1.000,0.000,1.000,3.000,0.000,0.000,20.000,0,0,0
B3_zmq_pushpull,zmq_tcp,none,none,,1,12136,512,584,1785153448596342000,1785153448596342000,1785153448596342000,1785153448596343000,1785153448596483000,1785153448596485000,1785153448596486000,1785153448596486000,121932490,121652369,-140.121,0.000,0.000,1.000,2.000,1.000,0.000,1.000,0,0,0
B3_zmq_pushpull,zmq_tcp,none,none,,1,12137,512,584,1785153448597457000,1785153448597457000,1785153448597457000,1785153448597458000,1785153448597602000,1785153448597605000,1785153448597605000,1785153448597605000,121932490,121652369,-136.121,0.000,0.000,1.000,3.000,0.000,0.000,4.000,0,0,0
B3_zmq_pushpull,zmq_tcp,none,none,,1,12138,512,584,1785153448598558000,1785153448598558000,1785153448598558000,1785153448598559000,1785153448598618000,1785153448598621000,1785153448598621000,1785153448598621000,121932490,121652369,-221.121,0.000,0.000,1.000,3.000,0.000,0.000,85.000,0,0,0
B3_zmq_pushpull,zmq_tcp,none,none,,1,12139,512,584,1785153448599448000,1785153448599448000,1785153448599448000,1785153448599449000,1785153448599606000,1785153448599608000,1785153448599608000,1785153448599608000,121932490,121652369,-123.121,0.000,0.000,1.000,2.000,0.000,0.000,98.000,0,0,0
B3_zmq_pushpull,zmq_tcp,none,none,,1,12140,512,584,1785153448600461000,1785153448600461000,1785153448600461000,1785153448600462000,1785153448600616000,1785153448600619000,1785153448600619000,1785153448600619000,121932490,121652369,-126.121,0.000,0.000,1.000,3.000,0.000,0.000,3.000,0,0,0
B3_zmq_pushpull,zmq_tcp,none,none,,1,12141,512,584,1785153448601343000,1785153448601343000,1785153448601343000,1785153448601344000,1785153448601488000,1785153448601491000,1785153448601491000,1785153448601491000,121932490,121652369,-136.121,0.000,0.000,1.000,3.000,0.000,0.000,10.000,0,0,0
B3_zmq_pushpull,zmq_tcp,none,none,,1,12142,512,584,1785153448602462000,1785153448602463000,1785153448602463000,1785153448602464000,1785153448602618000,1785153448602620000,1785153448602620000,1785153448602620000,121932490,121652369,-126.121,1.000,0.000,1.000,2.000,0.000,0.000,10.000,0,0,0
B3_zmq_pushpull,zmq_tcp,none,none,,1,12143,512,584,1785153448603460000,1785153448603460000,1785153448603460000,1785153448603461000,1785153448603604000,1785153448603607000,1785153448603607000,1785153448603607000,121932490,121652369,-137.121,0.000,0.000,1.000,3.000,0.000,0.000,11.000,0,0,0
B3_zmq_pushpull,zmq_tcp,none,none,,1,12144,512,584,1785153448604558000,1785153448604558000,1785153448604558000,1785153448604559000,1785153448604608000,1785153448604611000,1785153448604611000,1785153448604611000,121932490,121652369,-231.121,0.000,0.000,1.000,3.000,0.000,0.000,94.000,0,0,0
B3_zmq_pushpull,zmq_tcp,none,none,,1,12145,512,584,1785153448605535000,1785153448605536000,1785153448605536000,1785153448605537000,1785153448605615000,1785153448605617000,1785153448605618000,1785153448605618000,121932490,121652369,-202.121,1.000,0.000,1.000,2.000,1.000,0.000,29.000,0,0,0
B3_zmq_pushpull,zmq_tcp,none,none,,1,12146,512,584,1785153448606535000,1785153448606536000,1785153448606536000,1785153448606537000,1785153448606611000,1785153448606614000,1785153448606614000,1785153448606614000,121932490,121652369,-206.121,1.000,0.000,1.000,3.000,0.000,0.000,4.000,0,0,0
B3_zmq_pushpull,zmq_tcp,none,none,,1,12147,512,584,1785153448607539000,1785153448607539000,1785153448607539000,1785153448607540000,1785153448607628000,1785153448607631000,1785153448607631000,1785153448607631000,121932490,121652369,-192.121,0.000,0.000,1.000,3.000,0.000,0.000,14.000,0,0,0
B3_zmq_pushpull,zmq_tcp,none,none,,1,12148,512,584,1785153448608538000,1785153448608538000,1785153448608538000,1785153448608539000,1785153448608619000,1785153448608622000,1785153448608622000,1785153448608622000,121932490,121652369,-200.121,0.000,0.000,1.000,3.000,0.000,0.000,8.000,0,0,0
B3_zmq_pushpull,zmq_tcp,none,none,,1,12149,512,584,1785153448609537000,1785153448609537000,1785153448609537000,1785153448609538000,1785153448609624000,1785153448609627000,1785153448609627000,1785153448609627000,121932490,121652369,-194.121,0.000,0.000,1.000,3.000,0.000,0.000,6.000,0,0,0
B3_zmq_pushpull,zmq_tcp,none,none,,1,12150,512,584,1785153448610538000,1785153448610538000,1785153448610538000,1785153448610539000,1785153448610619000,1785153448610622000,1785153448610622000,1785153448610622000,121932490,121652369,-200.121,0.000,0.000,1.000,3.000,0.000,0.000,6.000,0,0,0
B3_zmq_pushpull,zmq_tcp,none,none,,1,12151,512,584,1785153448611538000,1785153448611538000,1785153448611538000,1785153448611539000,1785153448611624000,1785153448611627000,1785153448611627000,1785153448611627000,121932490,121652369,-195.121,0.000,0.000,1.000,3.000,0.000,0.000,5.000,0,0,0
B3_zmq_pushpull,zmq_tcp,none,none,,1,12152,512,584,1785153448612538000,1785153448612538000,1785153448612538000,1785153448612539000,1785153448612622000,1785153448612624000,1785153448612624000,1785153448612624000,121932490,121652369,-197.121,0.000,0.000,1.000,2.000,0.000,0.000,2.000,0,0,0
B3_zmq_pushpull,zmq_tcp,none,none,,1,12153,512,584,1785153448613538000,1785153448613538000,1785153448613538000,1785153448613539000,1785153448613621000,1785153448613623000,1785153448613623000,1785153448613623000,121932490,121652369,-198.121,0.000,0.000,1.000,2.000,0.000,0.000,1.000,0,0,0
B3_zmq_pushpull,zmq_tcp,none,none,,1,12154,512,584,1785153448614537000,1785153448614537000,1785153448614537000,1785153448614538000,1785153448614610000,1785153448614613000,1785153448614613000,1785153448614613000,121932490,121652369,-208.121,0.000,0.000,1.000,3.000,0.000,0.000,10.000,0,0,0
B3_zmq_pushpull,zmq_tcp,none,none,,1,12155,512,584,1785153448615540000,1785153448615540000,1785153448615540000,1785153448615541000,1785153448615618000,1785153448615621000,1785153448615621000,1785153448615621000,121932490,121652369,-203.121,0.000,0.000,1.000,3.000,0.000,0.000,5.000,0,0,0
B3_zmq_pushpull,zmq_tcp,none,none,,1,12156,512,584,1785153448616537000,1785153448616537000,1785153448616537000,1785153448616538000,1785153448616585000,1785153448616588000,1785153448616588000,1785153448616588000,121932490,121652369,-233.121,0.000,0.000,1.000,3.000,0.000,0.000,30.000,0,0,0
B3_zmq_pushpull,zmq_tcp,none,none,,1,12157,512,584,1785153448617423000,1785153448617423000,1785153448617423000,1785153448617424000,1785153448617575000,1785153448617578000,1785153448617578000,1785153448617578000,121932490,121652369,-129.121,0.000,0.000,1.000,3.000,0.000,0.000,104.000,0,0,0
B3_zmq_pushpull,zmq_tcp,none,none,,1,12158,512,584,1785153448618391000,1785153448618391000,1785153448618391000,1785153448618392000,1785153448618543000,1785153448618546000,1785153448618546000,1785153448618546000,121932490,121652369,-129.121,0.000,0.000,1.000,3.000,0.000,0.000,0.000,0,0,0
B3_zmq_pushpull,zmq_tcp,none,none,,1,12159,512,584,1785153448619387000,1785153448619387000,1785153448619387000,1785153448619388000,1785153448619545000,1785153448619547000,1785153448619547000,1785153448619547000,121932490,121652369,-123.121,0.000,0.000,1.000,2.000,0.000,0.000,6.000,0,0,0
B3_zmq_pushpull,zmq_tcp,none,none,,1,12160,512,584,1785153448620371000,1785153448620371000,1785153448620371000,1785153448620372000,1785153448620531000,1785153448620534000,1785153448620534000,1785153448620534000,121932490,121652369,-121.121,0.000,0.000,1.000,3.000,0.000,0.000,2.000,0,0,0
B3_zmq_pushpull,zmq_tcp,none,none,,1,12161,512,584,1785153448621579000,1785153448621579000,1785153448621579000,1785153448621580000,1785153448621766000,1785153448621769000,1785153448621769000,1785153448621769000,121932490,121652369,-94.121,0.000,0.000,1.000,3.000,0.000,0.000,27.000,0,0,0
B3_zmq_pushpull,zmq_tcp,none,none,,1,12162,512,584,1785153448622528000,1785153448622528000,1785153448622528000,1785153448622529000,1785153448622616000,1785153448622619000,1785153448622620000,1785153448622620000,121932490,121652369,-193.121,0.000,0.000,1.000,3.000,1.000,0.000,99.000,0,0,0
B3_zmq_pushpull,zmq_tcp,none,none,,1,12163,512,584,1785153448623455000,1785153448623455000,1785153448623455000,1785153448623456000,1785153448623607000,1785153448623611000,1785153448623611000,1785153448623611000,121932490,121652369,-129.121,0.000,0.000,1.000,4.000,0.000,0.000,64.000,0,0,0
B3_zmq_pushpull,zmq_tcp,none,none,,1,12164,512,584,1785153448624559000,1785153448624559000,1785153448624560000,1785153448624560000,1785153448624719000,1785153448624722000,1785153448624722000,1785153448624722000,121932490,121652369,-121.121,0.000,1.000,0.000,3.000,0.000,0.000,8.000,0,0,0
B3_zmq_pushpull,zmq_tcp,none,none,,1,12165,512,584,1785153448625533000,1785153448625533000,1785153448625533000,1785153448625534000,1785153448625714000,1785153448625717000,1785153448625717000,1785153448625717000,121932490,121652369,-100.121,0.000,0.000,1.000,3.000,0.000,0.000,21.000,0,0,0
B3_zmq_pushpull,zmq_tcp,none,none,,1,12166,512,584,1785153448626536000,1785153448626536000,1785153448626536000,1785153448626537000,1785153448626707000,1785153448626710000,1785153448626710000,1785153448626710000,121932490,121652369,-110.121,0.000,0.000,1.000,3.000,0.000,0.000,10.000,0,0,0
B3_zmq_pushpull,zmq_tcp,none,none,,1,12167,512,584,1785153448627540000,1785153448627540000,1785153448627540000,1785153448627541000,1785153448627684000,1785153448627687000,1785153448627687000,1785153448627687000,121932490,121652369,-137.121,0.000,0.000,1.000,3.000,0.000,0.000,27.000,0,0,0
B3_zmq_pushpull,zmq_tcp,none,none,,1,12168,512,584,1785153448628538000,1785153448628538000,1785153448628538000,1785153448628539000,1785153448628683000,1785153448628686000,1785153448628686000,1785153448628686000,121932490,121652369,-136.121,0.000,0.000,1.000,3.000,0.000,0.000,1.000,0,0,0
B3_zmq_pushpull,zmq_tcp,none,none,,1,12169,512,584,1785153448629535000,1785153448629535000,1785153448629535000,1785153448629536000,1785153448629681000,1785153448629685000,1785153448629685000,1785153448629685000,121932490,121652369,-135.121,0.000,0.000,1.000,4.000,0.000,0.000,1.000,0,0,0
B3_zmq_pushpull,zmq_tcp,none,none,,1,12170,512,584,1785153448630538000,1785153448630539000,1785153448630539000,1785153448630540000,1785153448630667000,1785153448630670000,1785153448630670000,1785153448630670000,121932490,121652369,-153.121,1.000,0.000,1.000,3.000,0.000,0.000,18.000,0,0,0
B3_zmq_pushpull,zmq_tcp,none,none,,1,12171,512,584,1785153448631537000,1785153448631537000,1785153448631537000,1785153448631538000,1785153448631655000,1785153448631658000,1785153448631658000,1785153448631658000,121932490,121652369,-163.121,0.000,0.000,1.000,3.000,0.000,0.000,10.000,0,0,0
B3_zmq_pushpull,zmq_tcp,none,none,,1,12172,512,584,1785153448632537000,1785153448632537000,1785153448632537000,1785153448632538000,1785153448632635000,1785153448632638000,1785153448632638000,1785153448632638000,121932490,121652369,-183.121,0.000,0.000,1.000,3.000,0.000,0.000,20.000,0,0,0
B3_zmq_pushpull,zmq_tcp,none,none,,1,12173,512,584,1785153448633537000,1785153448633537000,1785153448633537000,1785153448633538000,1785153448633614000,1785153448633617000,1785153448633617000,1785153448633617000,121932490,121652369,-204.121,0.000,0.000,1.000,3.000,0.000,0.000,21.000,0,0,0
B3_zmq_pushpull,zmq_tcp,none,none,,1,12174,512,584,1785153448634537000,1785153448634537000,1785153448634537000,1785153448634538000,1785153448634598000,1785153448634600000,1785153448634600000,1785153448634600000,121932490,121652369,-220.121,0.000,0.000,1.000,2.000,0.000,0.000,16.000,0,0,0
B3_zmq_pushpull,zmq_tcp,none,none,,1,12175,512,584,1785153448635537000,1785153448635537000,1785153448635537000,1785153448635538000,1785153448635602000,1785153448635605000,1785153448635605000,1785153448635605000,121932490,121652369,-216.121,0.000,0.000,1.000,3.000,0.000,0.000,4.000,0,0,0
B3_zmq_pushpull,zmq_tcp,none,none,,1,12176,512,584,1785153448636537000,1785153448636537000,1785153448636537000,1785153448636538000,1785153448636714000,1785153448636717000,1785153448636717000,1785153448636717000,121932490,121652369,-104.121,0.000,0.000,1.000,3.000,0.000,0.000,112.000,0,0,0
B3_zmq_pushpull,zmq_tcp,none,none,,1,12177,512,584,1785153448637537000,1785153448637537000,1785153448637537000,1785153448637538000,1785153448637710000,1785153448637713000,1785153448637713000,1785153448637713000,121932490,121652369,-108.121,0.000,0.000,1.000,3.000,0.000,0.000,4.000,0,0,0
B3_zmq_pushpull,zmq_tcp,none,none,,1,12178,512,584,1785153448638537000,1785153448638537000,1785153448638537000,1785153448638538000,1785153448638693000,1785153448638695000,1785153448638695000,1785153448638695000,121932490,121652369,-125.121,0.000,0.000,1.000,2.000,0.000,0.000,17.000,0,0,0
B3_zmq_pushpull,zmq_tcp,none,none,,1,12179,512,584,1785153448639407000,1785153448639408000,1785153448639408000,1785153448639409000,1785153448639521000,1785153448639523000,1785153448639523000,1785153448639523000,121932490,121652369,-168.121,1.000,0.000,1.000,2.000,0.000,0.000,43.000,0,0,0
B3_zmq_pushpull,zmq_tcp,none,none,,1,12180,512,584,1785153448640576000,1785153448640576000,1785153448640576000,1785153448640577000,1785153448640646000,1785153448640649000,1785153448640649000,1785153448640649000,121932490,121652369,-211.121,0.000,0.000,1.000,3.000,0.000,0.000,43.000,0,0,0
B3_zmq_pushpull,zmq_tcp,none,none,,1,12181,512,584,1785153448641528000,1785153448641528000,1785153448641528000,1785153448641529000,1785153448641634000,1785153448641637000,1785153448641637000,1785153448641637000,121932490,121652369,-175.121,0.000,0.000,1.000,3.000,0.000,0.000,36.000,0,0,0
B3_zmq_pushpull,zmq_tcp,none,none,,1,12182,512,584,1785153448642540000,1785153448642540000,1785153448642540000,1785153448642541000,1785153448642627000,1785153448642631000,1785153448642631000,1785153448642631000,121932490,121652369,-194.121,0.000,0.000,1.000,4.000,0.000,0.000,19.000,0,0,0
B3_zmq_pushpull,zmq_tcp,none,none,,1,12183,512,584,1785153448643540000,1785153448643540000,1785153448643540000,1785153448643541000,1785153448643620000,1785153448643623000,1785153448643623000,1785153448643623000,121932490,121652369,-201.121,0.000,0.000,1.000,3.000,0.000,0.000,7.000,0,0,0
B3_zmq_pushpull,zmq_tcp,none,none,,1,12184,512,584,1785153448644537000,1785153448644537000,1785153448644537000,1785153448644538000,1785153448644607000,1785153448644611000,1785153448644611000,1785153448644611000,121932490,121652369,-211.121,0.000,0.000,1.000,4.000,0.000,0.000,10.000,0,0,0
B3_zmq_pushpull,zmq_tcp,none,none,,1,12185,512,584,1785153448645534000,1785153448645535000,1785153448645535000,1785153448645536000,1785153448645594000,1785153448645597000,1785153448645597000,1785153448645597000,121932490,121652369,-222.121,1.000,0.000,1.000,3.000,0.000,0.000,11.000,0,0,0
B3_zmq_pushpull,zmq_tcp,none,none,,1,12186,512,584,1785153448646539000,1785153448646539000,1785153448646539000,1785153448646540000,1785153448646585000,1785153448646588000,1785153448646588000,1785153448646588000,121932490,121652369,-235.121,0.000,0.000,1.000,3.000,0.000,0.000,13.000,0,0,0
B3_zmq_pushpull,zmq_tcp,none,none,,1,12187,512,584,1785153448647537000,1785153448647537000,1785153448647537000,1785153448647538000,1785153448647718000,1785153448647721000,1785153448647721000,1785153448647721000,121932490,121652369,-100.121,0.000,0.000,1.000,3.000,0.000,0.000,135.000,0,0,0
B3_zmq_pushpull,zmq_tcp,none,none,,1,12188,512,584,1785153448648538000,1785153448648538000,1785153448648538000,1785153448648539000,1785153448648702000,1785153448648705000,1785153448648705000,1785153448648705000,121932490,121652369,-117.121,0.000,0.000,1.000,3.000,0.000,0.000,17.000,0,0,0
B3_zmq_pushpull,zmq_tcp,none,none,,1,12189,512,584,1785153448649537000,1785153448649537000,1785153448649537000,1785153448649538000,1785153448649705000,1785153448649707000,1785153448649707000,1785153448649707000,121932490,121652369,-113.121,0.000,0.000,1.000,2.000,0.000,0.000,4.000,0,0,0
B3_zmq_pushpull,zmq_tcp,none,none,,1,12190,512,584,1785153448650539000,1785153448650539000,1785153448650539000,1785153448650540000,1785153448650682000,1785153448650685000,1785153448650685000,1785153448650685000,121932490,121652369,-138.121,0.000,0.000,1.000,3.000,0.000,0.000,25.000,0,0,0
B3_zmq_pushpull,zmq_tcp,none,none,,1,12191,512,584,1785153448651537000,1785153448651537000,1785153448651537000,1785153448651538000,1785153448651670000,1785153448651673000,1785153448651673000,1785153448651673000,121932490,121652369,-148.121,0.000,0.000,1.000,3.000,0.000,0.000,10.000,0,0,0
B3_zmq_pushpull,zmq_tcp,none,none,,1,12192,512,584,1785153448652538000,1785153448652539000,1785153448652539000,1785153448652540000,1785153448652638000,1785153448652641000,1785153448652641000,1785153448652641000,121932490,121652369,-182.121,1.000,0.000,1.000,3.000,0.000,0.000,34.000,0,0,0
B3_zmq_pushpull,zmq_tcp,none,none,,1,12193,512,584,1785153448653537000,1785153448653537000,1785153448653537000,1785153448653538000,1785153448653626000,1785153448653629000,1785153448653629000,1785153448653629000,121932490,121652369,-192.121,0.000,0.000,1.000,3.000,0.000,0.000,10.000,0,0,0
B3_zmq_pushpull,zmq_tcp,none,none,,1,12194,512,584,1785153448654542000,1785153448654542000,1785153448654542000,1785153448654543000,1785153448654620000,1785153448654623000,1785153448654623000,1785153448654623000,121932490,121652369,-203.121,0.000,0.000,1.000,3.000,0.000,0.000,11.000,0,0,0
B3_zmq_pushpull,zmq_tcp,none,none,,1,12195,512,584,1785153448655537000,1785153448655537000,1785153448655537000,1785153448655538000,1785153448655618000,1785153448655621000,1785153448655621000,1785153448655621000,121932490,121652369,-200.121,0.000,0.000,1.000,3.000,0.000,0.000,3.000,0,0,0
B3_zmq_pushpull,zmq_tcp,none,none,,1,12196,512,584,1785153448656542000,1785153448656542000,1785153448656543000,1785153448656543000,1785153448656736000,1785153448656738000,1785153448656738000,1785153448656738000,121932490,121652369,-87.121,0.000,1.000,0.000,2.000,0.000,0.000,113.000,0,0,0
B3_zmq_pushpull,zmq_tcp,none,none,,1,12197,512,584,1785153448657535000,1785153448657535000,1785153448657535000,1785153448657536000,1785153448657596000,1785153448657598000,1785153448657598000,1785153448657598000,121932490,121652369,-220.121,0.000,0.000,1.000,2.000,0.000,0.000,133.000,0,0,0
B3_zmq_pushpull,zmq_tcp,none,none,,1,12198,512,584,1785153448658539000,1785153448658539000,1785153448658540000,1785153448658540000,1785153448658714000,1785153448658718000,1785153448658718000,1785153448658718000,121932490,121652369,-106.121,0.000,1.000,0.000,4.000,0.000,0.000,114.000,0,0,0
B3_zmq_pushpull,zmq_tcp,none,none,,1,12199,512,584,1785153448659537000,1785153448659538000,1785153448659538000,1785153448659539000,1785153448659679000,1785153448659681000,1785153448659681000,1785153448659681000,121932490,121652369,-140.121,1.000,0.000,1.000,2.000,0.000,0.000,34.000,0,0,0
B3_zmq_pushpull,zmq_tcp,none,none,,1,12200,512,584,1785153448660377000,1785153448660377000,1785153448660377000,1785153448660378000,1785153448660530000,1785153448660533000,1785153448660533000,1785153448660533000,121932490,121652369,-128.121,0.000,0.000,1.000,3.000,0.000,0.000,12.000,0,0,0
B3_zmq_pushpull,zmq_tcp,none,none,,1,12201,512,584,1785153448661352000,1785153448661352000,1785153448661352000,1785153448661353000,1785153448661512000,1785153448661514000,1785153448661514000,1785153448661514000,121932490,121652369,-121.121,0.000,0.000,1.000,2.000,0.000,0.000,7.000,0,0,0
B3_zmq_pushpull,zmq_tcp,none,none,,1,12202,512,584,1785153448662350000,1785153448662350000,1785153448662350000,1785153448662351000,1785153448662494000,1785153448662497000,1785153448662497000,1785153448662497000,121932490,121652369,-137.121,0.000,0.000,1.000,3.000,0.000,0.000,16.000,0,0,0
B3_zmq_pushpull,zmq_tcp,none,none,,1,12203,512,584,1785153448663449000,1785153448663449000,1785153448663449000,1785153448663450000,1785153448663597000,1785153448663600000,1785153448663600000,1785153448663600000,121932490,121652369,-133.121,0.000,0.000,1.000,3.000,0.000,0.000,4.000,0,0,0
B3_zmq_pushpull,zmq_tcp,none,none,,1,12204,512,584,1785153448664560000,1785153448664560000,1785153448664560000,1785153448664561000,1785153448664724000,1785153448664727000,1785153448664727000,1785153448664727000,121932490,121652369,-117.121,0.000,0.000,1.000,3.000,0.000,0.000,16.000,0,0,0
B3_zmq_pushpull,zmq_tcp,none,none,,1,12205,512,584,1785153448665532000,1785153448665532000,1785153448665532000,1785153448665533000,1785153448665694000,1785153448665697000,1785153448665697000,1785153448665697000,121932490,121652369,-119.121,0.000,0.000,1.000,3.000,0.000,0.000,2.000,0,0,0
B3_zmq_pushpull,zmq_tcp,none,none,,1,12206,512,584,1785153448666539000,1785153448666539000,1785153448666539000,1785153448666540000,1785153448666652000,1785153448666655000,1785153448666655000,1785153448666655000,121932490,121652369,-168.121,0.000,0.000,1.000,3.000,0.000,0.000,49.000,0,0,0
B3_zmq_pushpull,zmq_tcp,none,none,,1,12207,512,584,1785153448667348000,1785153448667348000,1785153448667348000,1785153448667349000,1785153448667488000,1785153448667490000,1785153448667490000,1785153448667490000,121932490,121652369,-141.121,0.000,0.000,1.000,2.000,0.000,0.000,27.000,0,0,0
B3_zmq_pushpull,zmq_tcp,none,none,,1,12208,512,584,1785153448668465000,1785153448668465000,1785153448668465000,1785153448668466000,1785153448668626000,1785153448668629000,1785153448668629000,1785153448668629000,121932490,121652369,-120.121,0.000,0.000,1.000,3.000,0.000,0.000,21.000,0,0,0
B3_zmq_pushpull,zmq_tcp,none,none,,1,12209,512,584,1785153448669462000,1785153448669462000,1785153448669462000,1785153448669463000,1785153448669620000,1785153448669622000,1785153448669622000,1785153448669622000,121932490,121652369,-123.121,0.000,0.000,1.000,2.000,0.000,0.000,3.000,0,0,0
B3_zmq_pushpull,zmq_tcp,none,none,,1,12210,512,584,1785153448670452000,1785153448670452000,1785153448670452000,1785153448670453000,1785153448670612000,1785153448670614000,1785153448670614000,1785153448670614000,121932490,121652369,-121.121,0.000,0.000,1.000,2.000,0.000,0.000,2.000,0,0,0
B3_zmq_pushpull,zmq_tcp,none,none,,1,12211,512,584,1785153448671439000,1785153448671439000,1785153448671439000,1785153448671440000,1785153448671594000,1785153448671597000,1785153448671597000,1785153448671597000,121932490,121652369,-126.121,0.000,0.000,1.000,3.000,0.000,0.000,5.000,0,0,0
B3_zmq_pushpull,zmq_tcp,none,none,,1,12212,512,584,1785153448672563000,1785153448672563000,1785153448672563000,1785153448672564000,1785153448672698000,1785153448672701000,1785153448672701000,1785153448672701000,121932490,121652369,-146.121,0.000,0.000,1.000,3.000,0.000,0.000,20.000,0,0,0
B3_zmq_pushpull,zmq_tcp,none,none,,1,12213,512,584,1785153448673532000,1785153448673532000,1785153448673532000,1785153448673533000,1785153448673658000,1785153448673661000,1785153448673661000,1785153448673661000,121932490,121652369,-155.121,0.000,0.000,1.000,3.000,0.000,0.000,9.000,0,0,0
B3_zmq_pushpull,zmq_tcp,none,none,,1,12214,512,584,1785153448674536000,1785153448674536000,1785153448674536000,1785153448674537000,1785153448674636000,1785153448674638000,1785153448674638000,1785153448674638000,121932490,121652369,-181.121,0.000,0.000,1.000,2.000,0.000,0.000,26.000,0,0,0
B3_zmq_pushpull,zmq_tcp,none,none,,1,12215,512,584,1785153448675537000,1785153448675538000,1785153448675538000,1785153448675539000,1785153448675609000,1785153448675612000,1785153448675612000,1785153448675612000,121932490,121652369,-210.121,1.000,0.000,1.000,3.000,0.000,0.000,29.000,0,0,0
B3_zmq_pushpull,zmq_tcp,none,none,,1,12216,512,584,1785153448676436000,1785153448676436000,1785153448676436000,1785153448676437000,1785153448676596000,1785153448676598000,1785153448676598000,1785153448676598000,121932490,121652369,-121.121,0.000,0.000,1.000,2.000,0.000,0.000,89.000,0,0,0
B3_zmq_pushpull,zmq_tcp,none,none,,1,12217,512,584,1785153448677563000,1785153448677563000,1785153448677563000,1785153448677564000,1785153448677708000,1785153448677710000,1785153448677710000,1785153448677710000,121932490,121652369,-136.121,0.000,0.000,1.000,2.000,0.000,0.000,15.000,0,0,0
B3_zmq_pushpull,zmq_tcp,none,none,,1,12218,512,584,1785153448678531000,1785153448678531000,1785153448678531000,1785153448678532000,1785153448678664000,1785153448678667000,1785153448678667000,1785153448678667000,121932490,121652369,-148.121,0.000,0.000,1.000,3.000,0.000,0.000,12.000,0,0,0
B3_zmq_pushpull,zmq_tcp,none,none,,1,12219,512,584,1785153448679539000,1785153448679539000,1785153448679539000,1785153448679540000,1785153448679622000,1785153448679625000,1785153448679625000,1785153448679625000,121932490,121652369,-198.121,0.000,0.000,1.000,3.000,0.000,0.000,50.000,0,0,0
B3_zmq_pushpull,zmq_tcp,none,none,,1,12220,512,584,1785153448680537000,1785153448680537000,1785153448680538000,1785153448680538000,1785153448680581000,1785153448680583000,1785153448680583000,1785153448680583000,121932490,121652369,-237.121,0.000,1.000,0.000,2.000,0.000,0.000,39.000,0,0,0
B3_zmq_pushpull,zmq_tcp,none,none,,1,12221,512,584,1785153448681538000,1785153448681539000,1785153448681539000,1785153448681540000,1785153448681703000,1785153448681706000,1785153448681706000,1785153448681706000,121932490,121652369,-117.121,1.000,0.000,1.000,3.000,0.000,0.000,120.000,0,0,0
B3_zmq_pushpull,zmq_tcp,none,none,,1,12222,512,584,1785153448682537000,1785153448682537000,1785153448682537000,1785153448682538000,1785153448682702000,1785153448682705000,1785153448682705000,1785153448682705000,121932490,121652369,-116.121,0.000,0.000,1.000,3.000,0.000,0.000,1.000,0,0,0
B3_zmq_pushpull,zmq_tcp,none,none,,1,12223,512,584,1785153448683538000,1785153448683538000,1785153448683538000,1785153448683539000,1785153448683689000,1785153448683692000,1785153448683692000,1785153448683692000,121932490,121652369,-130.121,0.000,0.000,1.000,3.000,0.000,0.000,14.000,0,0,0
B3_zmq_pushpull,zmq_tcp,none,none,,1,12224,512,584,1785153448684395000,1785153448684395000,1785153448684396000,1785153448684396000,1785153448684556000,1785153448684558000,1785153448684558000,1785153448684558000,121932490,121652369,-120.121,0.000,1.000,0.000,2.000,0.000,0.000,10.000,0,0,0
B3_zmq_pushpull,zmq_tcp,none,none,,1,12225,512,584,1785153448685573000,1785153448685574000,1785153448685574000,1785153448685575000,1785153448685674000,1785153448685677000,1785153448685677000,1785153448685677000,121932490,121652369,-181.121,1.000,0.000,1.000,3.000,0.000,0.000,61.000,0,0,0
B3_zmq_pushpull,zmq_tcp,none,none,,1,12226,512,584,1785153448686525000,1785153448686526000,1785153448686526000,1785153448686527000,1785153448686641000,1785153448686644000,1785153448686644000,1785153448686644000,121932490,121652369,-166.121,1.000,0.000,1.000,3.000,0.000,0.000,15.000,0,0,0
B3_zmq_pushpull,zmq_tcp,none,none,,1,12227,512,584,1785153448687343000,1785153448687343000,1785153448687343000,1785153448687344000,1785153448687482000,1785153448687486000,1785153448687486000,1785153448687486000,121932490,121652369,-142.121,0.000,0.000,1.000,4.000,0.000,0.000,24.000,0,0,0
B3_zmq_pushpull,zmq_tcp,none,none,,1,12228,512,584,1785153448688587000,1785153448688587000,1785153448688587000,1785153448688588000,1785153448688724000,1785153448688726000,1785153448688726000,1785153448688726000,121932490,121652369,-144.121,0.000,0.000,1.000,2.000,0.000,0.000,2.000,0,0,0
B3_zmq_pushpull,zmq_tcp,none,none,,1,12229,512,584,1785153448689525000,1785153448689526000,1785153448689526000,1785153448689527000,1785153448689577000,1785153448689580000,1785153448689581000,1785153448689581000,121932490,121652369,-230.121,1.000,0.000,1.000,3.000,1.000,0.000,86.000,0,0,0
B3_zmq_pushpull,zmq_tcp,none,none,,1,12230,512,584,1785153448690543000,1785153448690543000,1785153448690543000,1785153448690544000,1785153448690708000,1785153448690710000,1785153448690710000,1785153448690710000,121932490,121652369,-116.121,0.000,0.000,1.000,2.000,0.000,0.000,114.000,0,0,0
B3_zmq_pushpull,zmq_tcp,none,none,,1,12231,512,584,1785153448691405000,1785153448691406000,1785153448691406000,1785153448691407000,1785153448691556000,1785153448691558000,1785153448691558000,1785153448691558000,121932490,121652369,-131.121,1.000,0.000,1.000,2.000,0.000,0.000,15.000,0,0,0
B3_zmq_pushpull,zmq_tcp,none,none,,1,12232,512,584,1785153448692571000,1785153448692571000,1785153448692571000,1785153448692572000,1785153448692666000,1785153448692669000,1785153448692669000,1785153448692669000,121932490,121652369,-186.121,0.000,0.000,1.000,3.000,0.000,0.000,55.000,0,0,0
B3_zmq_pushpull,zmq_tcp,none,none,,1,12233,512,584,1785153448693527000,1785153448693527000,1785153448693527000,1785153448693528000,1785153448693642000,1785153448693645000,1785153448693645000,1785153448693645000,121932490,121652369,-166.121,0.000,0.000,1.000,3.000,0.000,0.000,20.000,0,0,0
B3_zmq_pushpull,zmq_tcp,none,none,,1,12234,512,584,1785153448694540000,1785153448694540000,1785153448694540000,1785153448694541000,1785153448694601000,1785153448694604000,1785153448694604000,1785153448694604000,121932490,121652369,-220.121,0.000,0.000,1.000,3.000,0.000,0.000,54.000,0,0,0
B3_zmq_pushpull,zmq_tcp,none,none,,1,12235,512,584,1785153448695537000,1785153448695538000,1785153448695538000,1785153448695539000,1785153448695579000,1785153448695582000,1785153448695582000,1785153448695582000,121932490,121652369,-240.121,1.000,0.000,1.000,3.000,0.000,0.000,20.000,0,0,0
B3_zmq_pushpull,zmq_tcp,none,none,,1,12236,512,584,1785153448696415000,1785153448696415000,1785153448696415000,1785153448696416000,1785153448696560000,1785153448696563000,1785153448696563000,1785153448696563000,121932490,121652369,-136.121,0.000,0.000,1.000,3.000,0.000,0.000,104.000,0,0,0
B3_zmq_pushpull,zmq_tcp,none,none,,1,12237,512,584,1785153448697406000,1785153448697406000,1785153448697406000,1785153448697407000,1785153448697566000,1785153448697569000,1785153448697569000,1785153448697569000,121932490,121652369,-121.121,0.000,0.000,1.000,3.000,0.000,0.000,15.000,0,0,0
B3_zmq_pushpull,zmq_tcp,none,none,,1,12238,512,584,1785153448698571000,1785153448698571000,1785153448698571000,1785153448698572000,1785153448698684000,1785153448698686000,1785153448698687000,1785153448698687000,121932490,121652369,-168.121,0.000,0.000,1.000,2.000,1.000,0.000,47.000,0,0,0
B3_zmq_pushpull,zmq_tcp,none,none,,1,12239,512,584,1785153448699531000,1785153448699531000,1785153448699531000,1785153448699532000,1785153448699666000,1785153448699669000,1785153448699669000,1785153448699669000,121932490,121652369,-146.121,0.000,0.000,1.000,3.000,0.000,0.000,22.000,0,0,0
B3_zmq_pushpull,zmq_tcp,none,none,,1,12240,512,584,1785153448700536000,1785153448700536000,1785153448700536000,1785153448700537000,1785153448700654000,1785153448700657000,1785153448700657000,1785153448700657000,121932490,121652369,-163.121,0.000,0.000,1.000,3.000,0.000,0.000,17.000,0,0,0
B3_zmq_pushpull,zmq_tcp,none,none,,1,12241,512,584,1785153448701539000,1785153448701539000,1785153448701539000,1785153448701540000,1785153448701620000,1785153448701622000,1785153448701622000,1785153448701622000,121932490,121652369,-200.121,0.000,0.000,1.000,2.000,0.000,0.000,37.000,0,0,0
B3_zmq_pushpull,zmq_tcp,none,none,,1,12242,512,584,1785153448702538000,1785153448702538000,1785153448702538000,1785153448702539000,1785153448702601000,1785153448702604000,1785153448702604000,1785153448702604000,121932490,121652369,-218.121,0.000,0.000,1.000,3.000,0.000,0.000,18.000,0,0,0
B3_zmq_pushpull,zmq_tcp,none,none,,1,12243,512,584,1785153448703535000,1785153448703535000,1785153448703535000,1785153448703536000,1785153448703596000,1785153448703598000,1785153448703599000,1785153448703599000,121932490,121652369,-220.121,0.000,0.000,1.000,2.000,1.000,0.000,2.000,0,0,0
B3_zmq_pushpull,zmq_tcp,none,none,,1,12244,512,584,1785153448704541000,1785153448704541000,1785153448704541000,1785153448704542000,1785153448704712000,1785153448704714000,1785153448704714000,1785153448704714000,121932490,121652369,-110.121,0.000,0.000,1.000,2.000,0.000,0.000,110.000,0,0,0
B3_zmq_pushpull,zmq_tcp,none,none,,1,12245,512,584,1785153448705536000,1785153448705536000,1785153448705536000,1785153448705537000,1785153448705689000,1785153448705692000,1785153448705692000,1785153448705692000,121932490,121652369,-128.121,0.000,0.000,1.000,3.000,0.000,0.000,18.000,0,0,0
B3_zmq_pushpull,zmq_tcp,none,none,,1,12246,512,584,1785153448706374000,1785153448706374000,1785153448706374000,1785153448706375000,1785153448706525000,1785153448706528000,1785153448706528000,1785153448706528000,121932490,121652369,-130.121,0.000,0.000,1.000,3.000,0.000,0.000,2.000,0,0,0
B3_zmq_pushpull,zmq_tcp,none,none,,1,12247,512,584,1785153448707354000,1785153448707354000,1785153448707354000,1785153448707355000,1785153448707505000,1785153448707508000,1785153448707508000,1785153448707508000,121932490,121652369,-130.121,0.000,0.000,1.000,3.000,0.000,0.000,0.000,0,0,0
B3_zmq_pushpull,zmq_tcp,none,none,,1,12248,512,584,1785153448708584000,1785153448708584000,1785153448708584000,1785153448708585000,1785153448708747000,1785153448708749000,1785153448708750000,1785153448708750000,121932490,121652369,-118.121,0.000,0.000,1.000,2.000,1.000,0.000,12.000,0,0,0
B3_zmq_pushpull,zmq_tcp,none,none,,1,12249,512,584,1785153448709526000,1785153448709526000,1785153448709526000,1785153448709527000,1785153448709585000,1785153448709588000,1785153448709588000,1785153448709588000,121932490,121652369,-222.121,0.000,0.000,1.000,3.000,0.000,0.000,104.000,0,0,0
B3_zmq_pushpull,zmq_tcp,none,none,,1,12250,512,584,1785153448710432000,1785153448710432000,1785153448710432000,1785153448710433000,1785153448710580000,1785153448710582000,1785153448710583000,1785153448710583000,121932490,121652369,-133.121,0.000,0.000,1.000,2.000,1.000,0.000,89.000,0,0,0
B3_zmq_pushpull,zmq_tcp,none,none,,1,12251,512,584,1785153448711564000,1785153448711565000,1785153448711565000,1785153448711566000,1785153448711712000,1785153448711714000,1785153448711714000,1785153448711714000,121932490,121652369,-134.121,1.000,0.000,1.000,2.000,0.000,0.000,1.000,0,0,0
B3_zmq_pushpull,zmq_tcp,none,none,,1,12252,512,584,1785153448712533000,1785153448712534000,1785153448712534000,1785153448712535000,1785153448712700000,1785153448712703000,1785153448712703000,1785153448712703000,121932490,121652369,-115.121,1.000,0.000,1.000,3.000,0.000,0.000,19.000,0,0,0
B3_zmq_pushpull,zmq_tcp,none,none,,1,12253,512,584,1785153448713538000,1785153448713538000,1785153448713538000,1785153448713539000,1785153448713684000,1785153448713687000,1785153448713687000,1785153448713687000,121932490,121652369,-135.121,0.000,0.000,1.000,3.000,0.000,0.000,20.000,0,0,0
B3_zmq_pushpull,zmq_tcp,none,none,,1,12254,512,584,1785153448714537000,1785153448714538000,1785153448714538000,1785153448714539000,1785153448714674000,1785153448714677000,1785153448714677000,1785153448714677000,121932490,121652369,-145.121,1.000,0.000,1.000,3.000,0.000,0.000,10.000,0,0,0
B3_zmq_pushpull,zmq_tcp,none,none,,1,12255,512,584,1785153448715537000,1785153448715538000,1785153448715538000,1785153448715539000,1785153448715632000,1785153448715635000,1785153448715635000,1785153448715635000,121932490,121652369,-187.121,1.000,0.000,1.000,3.000,0.000,0.000,42.000,0,0,0
B3_zmq_pushpull,zmq_tcp,none,none,,1,12256,512,584,1785153448716538000,1785153448716538000,1785153448716538000,1785153448716539000,1785153448716627000,1785153448716629000,1785153448716629000,1785153448716629000,121932490,121652369,-192.121,0.000,0.000,1.000,2.000,0.000,0.000,5.000,0,0,0
B3_zmq_pushpull,zmq_tcp,none,none,,1,12257,512,584,1785153448717537000,1785153448717538000,1785153448717538000,1785153448717539000,1785153448717614000,1785153448717616000,1785153448717616000,1785153448717616000,121932490,121652369,-205.121,1.000,0.000,1.000,2.000,0.000,0.000,13.000,0,0,0
B3_zmq_pushpull,zmq_tcp,none,none,,1,12258,512,584,1785153448718540000,1785153448718540000,1785153448718540000,1785153448718541000,1785153448718748000,1785153448718751000,1785153448718751000,1785153448718751000,121932490,121652369,-73.121,0.000,0.000,1.000,3.000,0.000,0.000,132.000,0,0,0
B3_zmq_pushpull,zmq_tcp,none,none,,1,12259,512,584,1785153448719448000,1785153448719448000,1785153448719448000,1785153448719449000,1785153448719608000,1785153448719611000,1785153448719611000,1785153448719611000,121932490,121652369,-121.121,0.000,0.000,1.000,3.000,0.000,0.000,48.000,0,0,0
B3_zmq_pushpull,zmq_tcp,none,none,,1,12260,512,584,1785153448720562000,1785153448720562000,1785153448720562000,1785153448720563000,1785153448720736000,1785153448720739000,1785153448720739000,1785153448720739000,121932490,121652369,-107.121,0.000,0.000,1.000,3.000,0.000,0.000,14.000,0,0,0
B3_zmq_pushpull,zmq_tcp,none,none,,1,12261,512,584,1785153448721532000,1785153448721532000,1785153448721532000,1785153448721533000,1785153448721567000,1785153448721569000,1785153448721569000,1785153448721570000,121932490,121652369,-246.121,0.000,0.000,1.000,2.000,0.000,1.000,139.000,0,0,0
B3_zmq_pushpull,zmq_tcp,none,none,,1,12262,512,584,1785153448722539000,1785153448722539000,1785153448722539000,1785153448722540000,1785153448722685000,1785153448722688000,1785153448722688000,1785153448722688000,121932490,121652369,-135.121,0.000,0.000,1.000,3.000,0.000,0.000,111.000,0,0,0
B3_zmq_pushpull,zmq_tcp,none,none,,1,12263,512,584,1785153448723538000,1785153448723538000,1785153448723538000,1785153448723539000,1785153448723669000,1785153448723673000,1785153448723673000,1785153448723673000,121932490,121652369,-150.121,0.000,0.000,1.000,4.000,0.000,0.000,15.000,0,0,0
B3_zmq_pushpull,zmq_tcp,none,none,,1,12264,512,584,1785153448724540000,1785153448724540000,1785153448724540000,1785153448724541000,1785153448724649000,1785153448724652000,1785153448724652000,1785153448724652000,121932490,121652369,-172.121,0.000,0.000,1.000,3.000,0.000,0.000,22.000,0,0,0
B3_zmq_pushpull,zmq_tcp,none,none,,1,12265,512,584,1785153448725538000,1785153448725538000,1785153448725538000,1785153448725539000,1785153448725629000,1785153448725632000,1785153448725632000,1785153448725633000,121932490,121652369,-190.121,0.000,0.000,1.000,3.000,0.000,1.000,18.000,0,0,0
B3_zmq_pushpull,zmq_tcp,none,none,,1,12266,512,584,1785153448726467000,1785153448726467000,1785153448726467000,1785153448726468000,1785153448726616000,1785153448726619000,1785153448726619000,1785153448726619000,121932490,121652369,-132.121,0.000,0.000,1.000,3.000,0.000,0.000,58.000,0,0,0
B3_zmq_pushpull,zmq_tcp,none,none,,1,12267,512,584,1785153448727555000,1785153448727555000,1785153448727555000,1785153448727556000,1785153448727600000,1785153448727604000,1785153448727604000,1785153448727604000,121932490,121652369,-236.121,0.000,0.000,1.000,4.000,0.000,0.000,104.000,0,0,0
B3_zmq_pushpull,zmq_tcp,none,none,,1,12268,512,584,1785153448728429000,1785153448728429000,1785153448728429000,1785153448728430000,1785153448728581000,1785153448728584000,1785153448728584000,1785153448728584000,121932490,121652369,-129.121,0.000,0.000,1.000,3.000,0.000,0.000,107.000,0,0,0
B3_zmq_pushpull,zmq_tcp,none,none,,1,12269,512,584,1785153448729397000,1785153448729397000,1785153448729397000,1785153448729398000,1785153448729550000,1785153448729552000,1785153448729552000,1785153448729552000,121932490,121652369,-128.121,0.000,0.000,1.000,2.000,0.000,0.000,1.000,0,0,0
B3_zmq_pushpull,zmq_tcp,none,none,,1,12270,512,584,1785153448730394000,1785153448730394000,1785153448730394000,1785153448730395000,1785153448730541000,1785153448730544000,1785153448730544000,1785153448730545000,121932490,121652369,-134.121,0.000,0.000,1.000,3.000,0.000,1.000,6.000,0,0,0
B3_zmq_pushpull,zmq_tcp,none,none,,1,12271,512,584,1785153448731376000,1785153448731376000,1785153448731376000,1785153448731377000,1785153448731524000,1785153448731527000,1785153448731527000,1785153448731527000,121932490,121652369,-133.121,0.000,0.000,1.000,3.000,0.000,0.000,1.000,0,0,0
B3_zmq_pushpull,zmq_tcp,none,none,,1,12272,512,584,1785153448732581000,1785153448732582000,1785153448732582000,1785153448732583000,1785153448732648000,1785153448732651000,1785153448732651000,1785153448732651000,121932490,121652369,-215.121,1.000,0.000,1.000,3.000,0.000,0.000,82.000,0,0,0
B3_zmq_pushpull,zmq_tcp,none,none,,1,12273,512,584,1785153448733350000,1785153448733350000,1785153448733350000,1785153448733351000,1785153448733507000,1785153448733510000,1785153448733510000,1785153448733510000,121932490,121652369,-124.121,0.000,0.000,1.000,3.000,0.000,0.000,91.000,0,0,0
B3_zmq_pushpull,zmq_tcp,none,none,,1,12274,512,584,1785153448734351000,1785153448734351000,1785153448734351000,1785153448734352000,1785153448734491000,1785153448734494000,1785153448734494000,1785153448734494000,121932490,121652369,-141.121,0.000,0.000,1.000,3.000,0.000,0.000,17.000,0,0,0
B3_zmq_pushpull,zmq_tcp,none,none,,1,12275,512,584,1785153448735466000,1785153448735466000,1785153448735466000,1785153448735467000,1785153448735619000,1785153448735621000,1785153448735621000,1785153448735621000,121932490,121652369,-128.121,0.000,0.000,1.000,2.000,0.000,0.000,13.000,0,0,0
B3_zmq_pushpull,zmq_tcp,none,none,,1,12276,512,584,1785153448736435000,1785153448736436000,1785153448736436000,1785153448736437000,1785153448736591000,1785153448736593000,1785153448736593000,1785153448736593000,121932490,121652369,-126.121,1.000,0.000,1.000,2.000,0.000,0.000,2.000,0,0,0
B3_zmq_pushpull,zmq_tcp,none,none,,1,12277,512,584,1785153448737563000,1785153448737563000,1785153448737563000,1785153448737564000,1785153448737705000,1785153448737708000,1785153448737708000,1785153448737708000,121932490,121652369,-139.121,0.000,0.000,1.000,3.000,0.000,0.000,13.000,0,0,0
B3_zmq_pushpull,zmq_tcp,none,none,,1,12278,512,584,1785153448738532000,1785153448738533000,1785153448738533000,1785153448738534000,1785153448738681000,1785153448738684000,1785153448738684000,1785153448738684000,121932490,121652369,-133.121,1.000,0.000,1.000,3.000,0.000,0.000,6.000,0,0,0
B3_zmq_pushpull,zmq_tcp,none,none,,1,12279,512,584,1785153448739541000,1785153448739541000,1785153448739541000,1785153448739542000,1785153448739667000,1785153448739669000,1785153448739669000,1785153448739669000,121932490,121652369,-155.121,0.000,0.000,1.000,2.000,0.000,0.000,22.000,0,0,0
B3_zmq_pushpull,zmq_tcp,none,none,,1,12280,512,584,1785153448740536000,1785153448740536000,1785153448740537000,1785153448740537000,1785153448740653000,1785153448740656000,1785153448740656000,1785153448740656000,121932490,121652369,-164.121,0.000,1.000,0.000,3.000,0.000,0.000,9.000,0,0,0
B3_zmq_pushpull,zmq_tcp,none,none,,1,12281,512,584,1785153448741539000,1785153448741539000,1785153448741539000,1785153448741540000,1785153448741637000,1785153448741640000,1785153448741640000,1785153448741640000,121932490,121652369,-183.121,0.000,0.000,1.000,3.000,0.000,0.000,19.000,0,0,0
B3_zmq_pushpull,zmq_tcp,none,none,,1,12282,512,584,1785153448742535000,1785153448742535000,1785153448742535000,1785153448742536000,1785153448742623000,1785153448742625000,1785153448742625000,1785153448742625000,121932490,121652369,-193.121,0.000,0.000,1.000,2.000,0.000,0.000,10.000,0,0,0
B3_zmq_pushpull,zmq_tcp,none,none,,1,12283,512,584,1785153448743540000,1785153448743540000,1785153448743540000,1785153448743541000,1785153448743608000,1785153448743611000,1785153448743611000,1785153448743611000,121932490,121652369,-213.121,0.000,0.000,1.000,3.000,0.000,0.000,20.000,0,0,0
B3_zmq_pushpull,zmq_tcp,none,none,,1,12284,512,584,1785153448744538000,1785153448744538000,1785153448744538000,1785153448744539000,1785153448744589000,1785153448744593000,1785153448744593000,1785153448744593000,121932490,121652369,-230.121,0.000,0.000,1.000,4.000,0.000,0.000,17.000,0,0,0
B3_zmq_pushpull,zmq_tcp,none,none,,1,12285,512,584,1785153448745437000,1785153448745437000,1785153448745437000,1785153448745438000,1785153448745593000,1785153448745596000,1785153448745596000,1785153448745596000,121932490,121652369,-125.121,0.000,0.000,1.000,3.000,0.000,0.000,105.000,0,0,0
B3_zmq_pushpull,zmq_tcp,none,none,,1,12286,512,584,1785153448746560000,1785153448746560000,1785153448746561000,1785153448746561000,1785153448746715000,1785153448746717000,1785153448746717000,1785153448746717000,121932490,121652369,-126.121,0.000,1.000,0.000,2.000,0.000,0.000,1.000,0,0,0
B3_zmq_pushpull,zmq_tcp,none,none,,1,12287,512,584,1785153448747416000,1785153448747416000,1785153448747416000,1785153448747417000,1785153448747563000,1785153448747565000,1785153448747565000,1785153448747565000,121932490,121652369,-134.121,0.000,0.000,1.000,2.000,0.000,0.000,8.000,0,0,0
B3_zmq_pushpull,zmq_tcp,none,none,,1,12288,512,584,1785153448748568000,1785153448748569000,1785153448748569000,1785153448748570000,1785153448748668000,1785153448748671000,1785153448748671000,1785153448748671000,121932490,121652369,-182.121,1.000,0.000,1.000,3.000,0.000,0.000,48.000,0,0,0
B3_zmq_pushpull,zmq_tcp,none,none,,1,12289,512,584,1785153448749527000,1785153448749527000,1785153448749527000,1785153448749528000,1785153448749647000,1785153448749649000,1785153448749649000,1785153448749649000,121932490,121652369,-161.121,0.000,0.000,1.000,2.000,0.000,0.000,21.000,0,0,0
B3_zmq_pushpull,zmq_tcp,none,none,,1,12290,512,584,1785153448750541000,1785153448750541000,1785153448750541000,1785153448750542000,1785153448750614000,1785153448750617000,1785153448750617000,1785153448750617000,121932490,121652369,-208.121,0.000,0.000,1.000,3.000,0.000,0.000,47.000,0,0,0
B3_zmq_pushpull,zmq_tcp,none,none,,1,12291,512,584,1785153448751540000,1785153448751540000,1785153448751541000,1785153448751541000,1785153448751727000,1785153448751729000,1785153448751729000,1785153448751729000,121932490,121652369,-94.121,0.000,1.000,0.000,2.000,0.000,0.000,114.000,0,0,0
B3_zmq_pushpull,zmq_tcp,none,none,,1,12292,512,584,1785153448752538000,1785153448752538000,1785153448752538000,1785153448752539000,1785153448752703000,1785153448752705000,1785153448752705000,1785153448752705000,121932490,121652369,-116.121,0.000,0.000,1.000,2.000,0.000,0.000,22.000,0,0,0
B3_zmq_pushpull,zmq_tcp,none,none,,1,12293,512,584,1785153448753538000,1785153448753538000,1785153448753538000,1785153448753539000,1785153448753696000,1785153448753699000,1785153448753699000,1785153448753699000,121932490,121652369,-123.121,0.000,0.000,1.000,3.000,0.000,0.000,7.000,0,0,0
B3_zmq_pushpull,zmq_tcp,none,none,,1,12294,512,584,1785153448754401000,1785153448754401000,1785153448754401000,1785153448754402000,1785153448754561000,1785153448754564000,1785153448754564000,1785153448754564000,121932490,121652369,-121.121,0.000,0.000,1.000,3.000,0.000,0.000,2.000,0,0,0
B3_zmq_pushpull,zmq_tcp,none,none,,1,12295,512,584,1785153448755572000,1785153448755573000,1785153448755573000,1785153448755573000,1785153448755667000,1785153448755670000,1785153448755670000,1785153448755670000,121932490,121652369,-186.121,1.000,0.000,0.000,3.000,0.000,0.000,65.000,0,0,0
B3_zmq_pushpull,zmq_tcp,none,none,,1,12296,512,584,1785153448756527000,1785153448756527000,1785153448756527000,1785153448756528000,1785153448756643000,1785153448756645000,1785153448756645000,1785153448756645000,121932490,121652369,-165.121,0.000,0.000,1.000,2.000,0.000,0.000,21.000,0,0,0
B3_zmq_pushpull,zmq_tcp,none,none,,1,12297,512,584,1785153448757541000,1785153448757541000,1785153448757541000,1785153448757542000,1785153448757636000,1785153448757639000,1785153448757639000,1785153448757639000,121932490,121652369,-186.121,0.000,0.000,1.000,3.000,0.000,0.000,21.000,0,0,0
B3_zmq_pushpull,zmq_tcp,none,none,,1,12298,512,584,1785153448758538000,1785153448758538000,1785153448758538000,1785153448758539000,1785153448758628000,1785153448758631000,1785153448758631000,1785153448758631000,121932490,121652369,-191.121,0.000,0.000,1.000,3.000,0.000,0.000,5.000,0,0,0
B3_zmq_pushpull,zmq_tcp,none,none,,1,12299,512,584,1785153448759542000,1785153448759542000,1785153448759542000,1785153448759543000,1785153448759608000,1785153448759611000,1785153448759611000,1785153448759611000,121932490,121652369,-215.121,0.000,0.000,1.000,3.000,0.000,0.000,24.000,0,0,0
B3_zmq_pushpull,zmq_tcp,none,none,,1,12300,512,584,1785153448760536000,1785153448760536000,1785153448760536000,1785153448760537000,1785153448760720000,1785153448760723000,1785153448760723000,1785153448760723000,121932490,121652369,-97.121,0.000,0.000,1.000,3.000,0.000,0.000,118.000,0,0,0
B3_zmq_pushpull,zmq_tcp,none,none,,1,12301,512,584,1785153448761543000,1785153448761543000,1785153448761543000,1785153448761544000,1785153448761706000,1785153448761708000,1785153448761708000,1785153448761708000,121932490,121652369,-118.121,0.000,0.000,1.000,2.000,0.000,0.000,21.000,0,0,0
B3_zmq_pushpull,zmq_tcp,none,none,,1,12302,512,584,1785153448762398000,1785153448762398000,1785153448762398000,1785153448762399000,1785153448762550000,1785153448762553000,1785153448762553000,1785153448762553000,121932490,121652369,-129.121,0.000,0.000,1.000,3.000,0.000,0.000,11.000,0,0,0
B3_zmq_pushpull,zmq_tcp,none,none,,1,12303,512,584,1785153448763366000,1785153448763367000,1785153448763367000,1785153448763368000,1785153448763500000,1785153448763503000,1785153448763503000,1785153448763503000,121932490,121652369,-148.121,1.000,0.000,1.000,3.000,0.000,0.000,19.000,0,0,0
B3_zmq_pushpull,zmq_tcp,none,none,,1,12304,512,584,1785153448764578000,1785153448764578000,1785153448764578000,1785153448764579000,1785153448764620000,1785153448764623000,1785153448764623000,1785153448764623000,121932490,121652369,-239.121,0.000,0.000,1.000,3.000,0.000,0.000,91.000,0,0,0
B3_zmq_pushpull,zmq_tcp,none,none,,1,12305,512,584,1785153448765531000,1785153448765531000,1785153448765531000,1785153448765532000,1785153448765608000,1785153448765611000,1785153448765611000,1785153448765611000,121932490,121652369,-204.121,0.000,0.000,1.000,3.000,0.000,0.000,35.000,0,0,0
B3_zmq_pushpull,zmq_tcp,none,none,,1,12306,512,584,1785153448766540000,1785153448766541000,1785153448766541000,1785153448766542000,1785153448766599000,1785153448766602000,1785153448766602000,1785153448766602000,121932490,121652369,-223.121,1.000,0.000,1.000,3.000,0.000,0.000,19.000,0,0,0
B3_zmq_pushpull,zmq_tcp,none,none,,1,12307,512,584,1785153448767537000,1785153448767537000,1785153448767537000,1785153448767538000,1785153448767580000,1785153448767583000,1785153448767583000,1785153448767583000,121932490,121652369,-238.121,0.000,0.000,1.000,3.000,0.000,0.000,15.000,0,0,0
B3_zmq_pushpull,zmq_tcp,none,none,,1,12308,512,584,1785153448768538000,1785153448768538000,1785153448768538000,1785153448768539000,1785153448768699000,1785153448768702000,1785153448768702000,1785153448768702000,121932490,121652369,-120.121,0.000,0.000,1.000,3.000,0.000,0.000,118.000,0,0,0
B3_zmq_pushpull,zmq_tcp,none,none,,1,12309,512,584,1785153448769392000,1785153448769392000,1785153448769392000,1785153448769393000,1785153448769543000,1785153448769546000,1785153448769546000,1785153448769546000,121932490,121652369,-130.121,0.000,0.000,1.000,3.000,0.000,0.000,10.000,0,0,0
B3_zmq_pushpull,zmq_tcp,none,none,,1,12310,512,584,1785153448770350000,1785153448770350000,1785153448770350000,1785153448770351000,1785153448770504000,1785153448770507000,1785153448770507000,1785153448770507000,121932490,121652369,-127.121,0.000,0.000,1.000,3.000,0.000,0.000,3.000,0,0,0
B3_zmq_pushpull,zmq_tcp,none,none,,1,12311,512,584,1785153448771460000,1785153448771461000,1785153448771461000,1785153448771462000,1785153448771611000,1785153448771614000,1785153448771614000,1785153448771614000,121932490,121652369,-131.121,1.000,0.000,1.000,3.000,0.000,0.000,4.000,0,0,0
B3_zmq_pushpull,zmq_tcp,none,none,,1,12312,512,584,1785153448772454000,1785153448772454000,1785153448772454000,1785153448772455000,1785153448772611000,1785153448772614000,1785153448772614000,1785153448772614000,121932490,121652369,-124.121,0.000,0.000,1.000,3.000,0.000,0.000,7.000,0,0,0
B3_zmq_pushpull,zmq_tcp,none,none,,1,12313,512,584,1785153448773444000,1785153448773444000,1785153448773444000,1785153448773445000,1785153448773602000,1785153448773604000,1785153448773604000,1785153448773604000,121932490,121652369,-123.121,0.000,0.000,1.000,2.000,0.000,0.000,1.000,0,0,0
B3_zmq_pushpull,zmq_tcp,none,none,,1,12314,512,584,1785153448774429000,1785153448774429000,1785153448774429000,1785153448774430000,1785153448774590000,1785153448774592000,1785153448774592000,1785153448774592000,121932490,121652369,-120.121,0.000,0.000,1.000,2.000,0.000,0.000,3.000,0,0,0
B3_zmq_pushpull,zmq_tcp,none,none,,1,12315,512,584,1785153448775569000,1785153448775569000,1785153448775569000,1785153448775570000,1785153448775718000,1785153448775720000,1785153448775720000,1785153448775720000,121932490,121652369,-132.121,0.000,0.000,1.000,2.000,0.000,0.000,12.000,0,0,0
B3_zmq_pushpull,zmq_tcp,none,none,,1,12316,512,584,1785153448776530000,1785153448776530000,1785153448776530000,1785153448776531000,1785153448776688000,1785153448776691000,1785153448776691000,1785153448776691000,121932490,121652369,-123.121,0.000,0.000,1.000,3.000,0.000,0.000,9.000,0,0,0
B3_zmq_pushpull,zmq_tcp,none,none,,1,12317,512,584,1785153448777377000,1785153448777377000,1785153448777377000,1785153448777378000,1785153448777530000,1785153448777532000,1785153448777532000,1785153448777532000,121932490,121652369,-128.121,0.000,0.000,1.000,2.000,0.000,0.000,5.000,0,0,0
B3_zmq_pushpull,zmq_tcp,none,none,,1,12318,512,584,1785153448778346000,1785153448778346000,1785153448778346000,1785153448778347000,1785153448778498000,1785153448778500000,1785153448778500000,1785153448778500000,121932490,121652369,-129.121,0.000,0.000,1.000,2.000,0.000,0.000,1.000,0,0,0
B3_zmq_pushpull,zmq_tcp,none,none,,1,12319,512,584,1785153448779343000,1785153448779343000,1785153448779343000,1785153448779344000,1785153448779490000,1785153448779492000,1785153448779492000,1785153448779492000,121932490,121652369,-134.121,0.000,0.000,1.000,2.000,0.000,0.000,5.000,0,0,0
B3_zmq_pushpull,zmq_tcp,none,none,,1,12320,512,584,1785153448780587000,1785153448780588000,1785153448780588000,1785153448780589000,1785153448780743000,1785153448780746000,1785153448780746000,1785153448780746000,121932490,121652369,-126.121,1.000,0.000,1.000,3.000,0.000,0.000,8.000,0,0,0
B3_zmq_pushpull,zmq_tcp,none,none,,1,12321,512,584,1785153448781524000,1785153448781524000,1785153448781524000,1785153448781525000,1785153448781592000,1785153448781595000,1785153448781595000,1785153448781595000,121932490,121652369,-213.121,0.000,0.000,1.000,3.000,0.000,0.000,87.000,0,0,0
B3_zmq_pushpull,zmq_tcp,none,none,,1,12322,512,584,1785153448782542000,1785153448782542000,1785153448782542000,1785153448782543000,1785153448782707000,1785153448782709000,1785153448782709000,1785153448782709000,121932490,121652369,-116.121,0.000,0.000,1.000,2.000,0.000,0.000,97.000,0,0,0
B3_zmq_pushpull,zmq_tcp,none,none,,1,12323,512,584,1785153448783537000,1785153448783537000,1785153448783537000,1785153448783538000,1785153448783679000,1785153448783682000,1785153448783682000,1785153448783682000,121932490,121652369,-139.121,0.000,0.000,1.000,3.000,0.000,0.000,23.000,0,0,0
B3_zmq_pushpull,zmq_tcp,none,none,,1,12324,512,584,1785153448784376000,1785153448784376000,1785153448784376000,1785153448784377000,1785153448784527000,1785153448784529000,1785153448784529000,1785153448784529000,121932490,121652369,-130.121,0.000,0.000,1.000,2.000,0.000,0.000,9.000,0,0,0
B3_zmq_pushpull,zmq_tcp,none,none,,1,12325,512,584,1785153448785355000,1785153448785355000,1785153448785355000,1785153448785356000,1785153448785506000,1785153448785509000,1785153448785509000,1785153448785509000,121932490,121652369,-130.121,0.000,0.000,1.000,3.000,0.000,0.000,0.000,0,0,0
B3_zmq_pushpull,zmq_tcp,none,none,,1,12326,512,584,1785153448786585000,1785153448786585000,1785153448786585000,1785153448786586000,1785153448786768000,1785153448786771000,1785153448786771000,1785153448786771000,121932490,121652369,-98.121,0.000,0.000,1.000,3.000,0.000,0.000,32.000,0,0,0
B3_zmq_pushpull,zmq_tcp,none,none,,1,12327,512,584,1785153448787529000,1785153448787529000,1785153448787529000,1785153448787530000,1785153448787634000,1785153448787636000,1785153448787636000,1785153448787636000,121932490,121652369,-176.121,0.000,0.000,1.000,2.000,0.000,0.000,78.000,0,0,0
B3_zmq_pushpull,zmq_tcp,none,none,,1,12328,512,584,1785153448788538000,1785153448788538000,1785153448788538000,1785153448788539000,1785153448788726000,1785153448788728000,1785153448788728000,1785153448788728000,121932490,121652369,-93.121,0.000,0.000,1.000,2.000,0.000,0.000,83.000,0,0,0
B3_zmq_pushpull,zmq_tcp,none,none,,1,12329,512,584,1785153448789540000,1785153448789540000,1785153448789540000,1785153448789541000,1785153448789702000,1785153448789704000,1785153448789704000,1785153448789704000,121932490,121652369,-119.121,0.000,0.000,1.000,2.000,0.000,0.000,26.000,0,0,0
B3_zmq_pushpull,zmq_tcp,none,none,,1,12330,512,584,1785153448790538000,1785153448790538000,1785153448790538000,1785153448790539000,1785153448790682000,1785153448790685000,1785153448790685000,1785153448790686000,121932490,121652369,-137.121,0.000,0.000,1.000,3.000,0.000,1.000,18.000,0,0,0
B3_zmq_pushpull,zmq_tcp,none,none,,1,12331,512,584,1785153448791535000,1785153448791535000,1785153448791535000,1785153448791536000,1785153448791650000,1785153448791652000,1785153448791652000,1785153448791652000,121932490,121652369,-166.121,0.000,0.000,1.000,2.000,0.000,0.000,29.000,0,0,0
B3_zmq_pushpull,zmq_tcp,none,none,,1,12332,512,584,1785153448792540000,1785153448792540000,1785153448792540000,1785153448792541000,1785153448792628000,1785153448792631000,1785153448792631000,1785153448792631000,121932490,121652369,-193.121,0.000,0.000,1.000,3.000,0.000,0.000,27.000,0,0,0
B3_zmq_pushpull,zmq_tcp,none,none,,1,12333,512,584,1785153448793540000,1785153448793540000,1785153448793541000,1785153448793541000,1785153448793741000,1785153448793744000,1785153448793744000,1785153448793744000,121932490,121652369,-80.121,0.000,1.000,0.000,3.000,0.000,0.000,113.000,0,0,0
B3_zmq_pushpull,zmq_tcp,none,none,,1,12334,512,584,1785153448794534000,1785153448794534000,1785153448794534000,1785153448794535000,1785153448794719000,1785153448794722000,1785153448794722000,1785153448794722000,121932490,121652369,-96.121,0.000,0.000,1.000,3.000,0.000,0.000,16.000,0,0,0
B3_zmq_pushpull,zmq_tcp,none,none,,1,12335,512,584,1785153448795541000,1785153448795541000,1785153448795541000,1785153448795542000,1785153448795695000,1785153448795698000,1785153448795698000,1785153448795698000,121932490,121652369,-127.121,0.000,0.000,1.000,3.000,0.000,0.000,31.000,0,0,0
B3_zmq_pushpull,zmq_tcp,none,none,,1,12336,512,584,1785153448796538000,1785153448796538000,1785153448796538000,1785153448796539000,1785153448796674000,1785153448796677000,1785153448796677000,1785153448796677000,121932490,121652369,-145.121,0.000,0.000,1.000,3.000,0.000,0.000,18.000,0,0,0
B3_zmq_pushpull,zmq_tcp,none,none,,1,12337,512,584,1785153448797538000,1785153448797538000,1785153448797538000,1785153448797539000,1785153448797646000,1785153448797650000,1785153448797650000,1785153448797650000,121932490,121652369,-173.121,0.000,0.000,1.000,4.000,0.000,0.000,28.000,0,0,0
B3_zmq_pushpull,zmq_tcp,none,none,,1,12338,512,584,1785153448798535000,1785153448798535000,1785153448798535000,1785153448798536000,1785153448798603000,1785153448798606000,1785153448798606000,1785153448798606000,121932490,121652369,-213.121,0.000,0.000,1.000,3.000,0.000,0.000,40.000,0,0,0
B3_zmq_pushpull,zmq_tcp,none,none,,1,12339,512,584,1785153448799540000,1785153448799540000,1785153448799540000,1785153448799541000,1785153448799587000,1785153448799590000,1785153448799590000,1785153448799590000,121932490,121652369,-234.121,0.000,0.000,1.000,3.000,0.000,0.000,21.000,0,0,0
B3_zmq_pushpull,zmq_tcp,none,none,,1,12340,512,584,1785153448800538000,1785153448800538000,1785153448800538000,1785153448800539000,1785153448800590000,1785153448800593000,1785153448800593000,1785153448800593000,121932490,121652369,-229.121,0.000,0.000,1.000,3.000,0.000,0.000,5.000,0,0,0
B3_zmq_pushpull,zmq_tcp,none,none,,1,12341,512,584,1785153448801540000,1785153448801541000,1785153448801541000,1785153448801542000,1785153448801712000,1785153448801715000,1785153448801715000,1785153448801715000,121932490,121652369,-110.121,1.000,0.000,1.000,3.000,0.000,0.000,119.000,0,0,0
B3_zmq_pushpull,zmq_tcp,none,none,,1,12342,512,584,1785153448802537000,1785153448802537000,1785153448802537000,1785153448802538000,1785153448802687000,1785153448802690000,1785153448802690000,1785153448802690000,121932490,121652369,-131.121,0.000,0.000,1.000,3.000,0.000,0.000,21.000,0,0,0
B3_zmq_pushpull,zmq_tcp,none,none,,1,12343,512,584,1785153448803538000,1785153448803539000,1785153448803539000,1785153448803540000,1785153448803676000,1785153448803679000,1785153448803679000,1785153448803679000,121932490,121652369,-144.121,1.000,0.000,1.000,3.000,0.000,0.000,13.000,0,0,0
B3_zmq_pushpull,zmq_tcp,none,none,,1,12344,512,584,1785153448804538000,1785153448804538000,1785153448804538000,1785153448804539000,1785153448804656000,1785153448804659000,1785153448804659000,1785153448804659000,121932490,121652369,-163.121,0.000,0.000,1.000,3.000,0.000,0.000,19.000,0,0,0
B3_zmq_pushpull,zmq_tcp,none,none,,1,12345,512,584,1785153448805538000,1785153448805538000,1785153448805538000,1785153448805539000,1785153448805644000,1785153448805647000,1785153448805647000,1785153448805647000,121932490,121652369,-175.121,0.000,0.000,1.000,3.000,0.000,0.000,12.000,0,0,0
B3_zmq_pushpull,zmq_tcp,none,none,,1,12346,512,584,1785153448806537000,1785153448806537000,1785153448806537000,1785153448806538000,1785153448806622000,1785153448806624000,1785153448806624000,1785153448806624000,121932490,121652369,-196.121,0.000,0.000,1.000,2.000,0.000,0.000,21.000,0,0,0
B3_zmq_pushpull,zmq_tcp,none,none,,1,12347,512,584,1785153448807539000,1785153448807540000,1785153448807540000,1785153448807541000,1785153448807595000,1785153448807598000,1785153448807598000,1785153448807598000,121932490,121652369,-226.121,1.000,0.000,1.000,3.000,0.000,0.000,30.000,0,0,0
B3_zmq_pushpull,zmq_tcp,none,none,,1,12348,512,584,1785153448808540000,1785153448808540000,1785153448808540000,1785153448808541000,1785153448808714000,1785153448808716000,1785153448808716000,1785153448808716000,121932490,121652369,-107.121,0.000,0.000,1.000,2.000,0.000,0.000,119.000,0,0,0
B3_zmq_pushpull,zmq_tcp,none,none,,1,12349,512,584,1785153448809421000,1785153448809421000,1785153448809421000,1785153448809422000,1785153448809575000,1785153448809578000,1785153448809578000,1785153448809578000,121932490,121652369,-127.121,0.000,0.000,1.000,3.000,0.000,0.000,20.000,0,0,0
B3_zmq_pushpull,zmq_tcp,none,none,,1,12350,512,584,1785153448810405000,1785153448810405000,1785153448810405000,1785153448810406000,1785153448810561000,1785153448810564000,1785153448810564000,1785153448810564000,121932490,121652369,-125.121,0.000,0.000,1.000,3.000,0.000,0.000,2.000,0,0,0
B3_zmq_pushpull,zmq_tcp,none,none,,1,12351,512,584,1785153448811403000,1785153448811403000,1785153448811404000,1785153448811404000,1785153448811548000,1785153448811551000,1785153448811551000,1785153448811551000,121932490,121652369,-136.121,0.000,1.000,0.000,3.000,0.000,0.000,11.000,0,0,0
B3_zmq_pushpull,zmq_tcp,none,none,,1,12352,512,584,1785153448812574000,1785153448812574000,1785153448812574000,1785153448812575000,1785153448812673000,1785153448812676000,1785153448812676000,1785153448812676000,121932490,121652369,-182.121,0.000,0.000,1.000,3.000,0.000,0.000,46.000,0,0,0
B3_zmq_pushpull,zmq_tcp,none,none,,1,12353,512,584,1785153448813527000,1785153448813527000,1785153448813527000,1785153448813528000,1785153448813674000,1785153448813677000,1785153448813677000,1785153448813677000,121932490,121652369,-134.121,0.000,0.000,1.000,3.000,0.000,0.000,48.000,0,0,0
B3_zmq_pushpull,zmq_tcp,none,none,,1,12354,512,584,1785153448814375000,1785153448814376000,1785153448814376000,1785153448814377000,1785153448814529000,1785153448814532000,1785153448814532000,1785153448814532000,121932490,121652369,-128.121,1.000,0.000,1.000,3.000,0.000,0.000,6.000,0,0,0
B3_zmq_pushpull,zmq_tcp,none,none,,1,12355,512,584,1785153448815375000,1785153448815375000,1785153448815376000,1785153448815376000,1785153448815529000,1785153448815532000,1785153448815532000,1785153448815532000,121932490,121652369,-127.121,0.000,1.000,0.000,3.000,0.000,0.000,1.000,0,0,0
B3_zmq_pushpull,zmq_tcp,none,none,,1,12356,512,584,1785153448816366000,1785153448816366000,1785153448816366000,1785153448816367000,1785153448816521000,1785153448816524000,1785153448816524000,1785153448816524000,121932490,121652369,-126.121,0.000,0.000,1.000,3.000,0.000,0.000,1.000,0,0,0
B3_zmq_pushpull,zmq_tcp,none,none,,1,12357,512,584,1785153448817358000,1785153448817358000,1785153448817358000,1785153448817359000,1785153448817511000,1785153448817514000,1785153448817514000,1785153448817514000,121932490,121652369,-128.121,0.000,0.000,1.000,3.000,0.000,0.000,2.000,0,0,0
B3_zmq_pushpull,zmq_tcp,none,none,,1,12358,512,584,1785153448818347000,1785153448818347000,1785153448818348000,1785153448818348000,1785153448818500000,1785153448818503000,1785153448818503000,1785153448818503000,121932490,121652369,-128.121,0.000,1.000,0.000,3.000,0.000,0.000,0.000,0,0,0
B3_zmq_pushpull,zmq_tcp,none,none,,1,12359,512,584,1785153448819352000,1785153448819352000,1785153448819352000,1785153448819353000,1785153448819483000,1785153448819486000,1785153448819486000,1785153448819486000,121932490,121652369,-150.121,0.000,0.000,1.000,3.000,0.000,0.000,22.000,0,0,0
B3_zmq_pushpull,zmq_tcp,none,none,,1,12360,512,584,1785153448820453000,1785153448820453000,1785153448820453000,1785153448820454000,1785153448820606000,1785153448820608000,1785153448820608000,1785153448820608000,121932490,121652369,-128.121,0.000,0.000,1.000,2.000,0.000,0.000,22.000,0,0,0
B3_zmq_pushpull,zmq_tcp,none,none,,1,12361,512,584,1785153448821430000,1785153448821430000,1785153448821431000,1785153448821431000,1785153448821583000,1785153448821587000,1785153448821587000,1785153448821587000,121932490,121652369,-128.121,0.000,1.000,0.000,4.000,0.000,0.000,0.000,0,0,0
B3_zmq_pushpull,zmq_tcp,none,none,,1,12362,512,584,1785153448822566000,1785153448822566000,1785153448822566000,1785153448822567000,1785153448822702000,1785153448822705000,1785153448822705000,1785153448822705000,121932490,121652369,-145.121,0.000,0.000,1.000,3.000,0.000,0.000,17.000,0,0,0
B3_zmq_pushpull,zmq_tcp,none,none,,1,12363,512,584,1785153448823532000,1785153448823532000,1785153448823532000,1785153448823533000,1785153448823676000,1785153448823679000,1785153448823679000,1785153448823679000,121932490,121652369,-137.121,0.000,0.000,1.000,3.000,0.000,0.000,8.000,0,0,0
B3_zmq_pushpull,zmq_tcp,none,none,,1,12364,512,584,1785153448824537000,1785153448824538000,1785153448824538000,1785153448824539000,1785153448824660000,1785153448824663000,1785153448824663000,1785153448824663000,121932490,121652369,-159.121,1.000,0.000,1.000,3.000,0.000,0.000,22.000,0,0,0
B3_zmq_pushpull,zmq_tcp,none,none,,1,12365,512,584,1785153448825538000,1785153448825538000,1785153448825538000,1785153448825539000,1785153448825639000,1785153448825642000,1785153448825642000,1785153448825642000,121932490,121652369,-180.121,0.000,0.000,1.000,3.000,0.000,0.000,21.000,0,0,0
B3_zmq_pushpull,zmq_tcp,none,none,,1,12366,512,584,1785153448826538000,1785153448826538000,1785153448826538000,1785153448826539000,1785153448826708000,1785153448826711000,1785153448826711000,1785153448826711000,121932490,121652369,-111.121,0.000,0.000,1.000,3.000,0.000,0.000,69.000,0,0,0
B3_zmq_pushpull,zmq_tcp,none,none,,1,12367,512,584,1785153448827536000,1785153448827536000,1785153448827536000,1785153448827537000,1785153448827690000,1785153448827692000,1785153448827693000,1785153448827693000,121932490,121652369,-127.121,0.000,0.000,1.000,2.000,1.000,0.000,16.000,0,0,0
B3_zmq_pushpull,zmq_tcp,none,none,,1,12368,512,584,1785153448828540000,1785153448828540000,1785153448828540000,1785153448828541000,1785153448828670000,1785153448828672000,1785153448828672000,1785153448828672000,121932490,121652369,-151.121,0.000,0.000,1.000,2.000,0.000,0.000,24.000,0,0,0
B3_zmq_pushpull,zmq_tcp,none,none,,1,12369,512,584,1785153448829538000,1785153448829538000,1785153448829538000,1785153448829539000,1785153448829648000,1785153448829650000,1785153448829650000,1785153448829650000,121932490,121652369,-171.121,0.000,0.000,1.000,2.000,0.000,0.000,20.000,0,0,0
B3_zmq_pushpull,zmq_tcp,none,none,,1,12370,512,584,1785153448830538000,1785153448830538000,1785153448830538000,1785153448830539000,1785153448830626000,1785153448830628000,1785153448830628000,1785153448830628000,121932490,121652369,-193.121,0.000,0.000,1.000,2.000,0.000,0.000,22.000,0,0,0
B3_zmq_pushpull,zmq_tcp,none,none,,1,12371,512,584,1785153448831536000,1785153448831536000,1785153448831537000,1785153448831537000,1785153448831611000,1785153448831614000,1785153448831614000,1785153448831615000,121932490,121652369,-206.121,0.000,1.000,0.000,3.000,0.000,1.000,13.000,0,0,0
B3_zmq_pushpull,zmq_tcp,none,none,,1,12372,512,584,1785153448832450000,1785153448832451000,1785153448832451000,1785153448832452000,1785153448832605000,1785153448832607000,1785153448832607000,1785153448832607000,121932490,121652369,-127.121,1.000,0.000,1.000,2.000,0.000,0.000,79.000,0,0,0
B3_zmq_pushpull,zmq_tcp,none,none,,1,12373,512,584,1785153448833434000,1785153448833435000,1785153448833435000,1785153448833436000,1785153448833577000,1785153448833579000,1785153448833579000,1785153448833579000,121932490,121652369,-139.121,1.000,0.000,1.000,2.000,0.000,0.000,12.000,0,0,0
B3_zmq_pushpull,zmq_tcp,none,none,,1,12374,512,584,1785153448834409000,1785153448834410000,1785153448834410000,1785153448834411000,1785153448834565000,1785153448834568000,1785153448834568000,1785153448834568000,121932490,121652369,-126.121,1.000,0.000,1.000,3.000,0.000,0.000,13.000,0,0,0
B3_zmq_pushpull,zmq_tcp,none,none,,1,12375,512,584,1785153448835570000,1785153448835570000,1785153448835570000,1785153448835571000,1785153448835701000,1785153448835703000,1785153448835704000,1785153448835704000,121932490,121652369,-150.121,0.000,0.000,1.000,2.000,1.000,0.000,24.000,0,0,0
B3_zmq_pushpull,zmq_tcp,none,none,,1,12376,512,584,1785153448836531000,1785153448836531000,1785153448836531000,1785153448836532000,1785153448836695000,1785153448836698000,1785153448836698000,1785153448836698000,121932490,121652369,-117.121,0.000,0.000,1.000,3.000,0.000,0.000,33.000,0,0,0
B3_zmq_pushpull,zmq_tcp,none,none,,1,12377,512,584,1785153448837541000,1785153448837541000,1785153448837541000,1785153448837542000,1785153448837681000,1785153448837683000,1785153448837683000,1785153448837683000,121932490,121652369,-141.121,0.000,0.000,1.000,2.000,0.000,0.000,24.000,0,0,0
B3_zmq_pushpull,zmq_tcp,none,none,,1,12378,512,584,1785153448838537000,1785153448838537000,1785153448838537000,1785153448838538000,1785153448838678000,1785153448838681000,1785153448838681000,1785153448838681000,121932490,121652369,-140.121,0.000,0.000,1.000,3.000,0.000,0.000,1.000,0,0,0
B3_zmq_pushpull,zmq_tcp,none,none,,1,12379,512,584,1785153448839541000,1785153448839541000,1785153448839541000,1785153448839542000,1785153448839654000,1785153448839657000,1785153448839657000,1785153448839657000,121932490,121652369,-168.121,0.000,0.000,1.000,3.000,0.000,0.000,28.000,0,0,0
B3_zmq_pushpull,zmq_tcp,none,none,,1,12380,512,584,1785153448840538000,1785153448840538000,1785153448840538000,1785153448840539000,1785153448840652000,1785153448840654000,1785153448840654000,1785153448840655000,121932490,121652369,-167.121,0.000,0.000,1.000,2.000,0.000,1.000,1.000,0,0,0
B3_zmq_pushpull,zmq_tcp,none,none,,1,12381,512,584,1785153448841538000,1785153448841538000,1785153448841538000,1785153448841539000,1785153448841633000,1785153448841637000,1785153448841637000,1785153448841637000,121932490,121652369,-186.121,0.000,0.000,1.000,4.000,0.000,0.000,19.000,0,0,0
B3_zmq_pushpull,zmq_tcp,none,none,,1,12382,512,584,1785153448842540000,1785153448842540000,1785153448842540000,1785153448842541000,1785153448842639000,1785153448842642000,1785153448842642000,1785153448842642000,121932490,121652369,-182.121,0.000,0.000,1.000,3.000,0.000,0.000,4.000,0,0,0
B3_zmq_pushpull,zmq_tcp,none,none,,1,12383,512,584,1785153448843539000,1785153448843539000,1785153448843539000,1785153448843540000,1785153448843651000,1785153448843654000,1785153448843654000,1785153448843654000,121932490,121652369,-169.121,0.000,0.000,1.000,3.000,0.000,0.000,13.000,0,0,0
B3_zmq_pushpull,zmq_tcp,none,none,,1,12384,512,584,1785153448844543000,1785153448844543000,1785153448844543000,1785153448844544000,1785153448844670000,1785153448844672000,1785153448844672000,1785153448844672000,121932490,121652369,-154.121,0.000,0.000,1.000,2.000,0.000,0.000,15.000,0,0,0
B3_zmq_pushpull,zmq_tcp,none,none,,1,12385,512,584,1785153448845542000,1785153448845542000,1785153448845543000,1785153448845543000,1785153448845672000,1785153448845675000,1785153448845675000,1785153448845675000,121932490,121652369,-151.121,0.000,1.000,0.000,3.000,0.000,0.000,3.000,0,0,0
B3_zmq_pushpull,zmq_tcp,none,none,,1,12386,512,584,1785153448846539000,1785153448846539000,1785153448846539000,1785153448846540000,1785153448846682000,1785153448846684000,1785153448846684000,1785153448846684000,121932490,121652369,-138.121,0.000,0.000,1.000,2.000,0.000,0.000,13.000,0,0,0
B3_zmq_pushpull,zmq_tcp,none,none,,1,12387,512,584,1785153448847540000,1785153448847540000,1785153448847540000,1785153448847541000,1785153448847687000,1785153448847690000,1785153448847690000,1785153448847690000,121932490,121652369,-134.121,0.000,0.000,1.000,3.000,0.000,0.000,4.000,0,0,0
B3_zmq_pushpull,zmq_tcp,none,none,,1,12388,512,584,1785153448848387000,1785153448848387000,1785153448848387000,1785153448848388000,1785153448848543000,1785153448848546000,1785153448848546000,1785153448848546000,121932490,121652369,-125.121,0.000,0.000,1.000,3.000,0.000,0.000,9.000,0,0,0
B3_zmq_pushpull,zmq_tcp,none,none,,1,12389,512,584,1785153448849574000,1785153448849574000,1785153448849574000,1785153448849575000,1785153448849694000,1785153448849696000,1785153448849696000,1785153448849696000,121932490,121652369,-161.121,0.000,0.000,1.000,2.000,0.000,0.000,36.000,0,0,0
B3_zmq_pushpull,zmq_tcp,none,none,,1,12390,512,584,1785153448850533000,1785153448850533000,1785153448850533000,1785153448850534000,1785153448850700000,1785153448850703000,1785153448850703000,1785153448850703000,121932490,121652369,-114.121,0.000,0.000,1.000,3.000,0.000,0.000,47.000,0,0,0
B3_zmq_pushpull,zmq_tcp,none,none,,1,12391,512,584,1785153448851395000,1785153448851395000,1785153448851395000,1785153448851396000,1785153448851546000,1785153448851548000,1785153448851548000,1785153448851548000,121932490,121652369,-130.121,0.000,0.000,1.000,2.000,0.000,0.000,16.000,0,0,0
B3_zmq_pushpull,zmq_tcp,none,none,,1,12392,512,584,1785153448852573000,1785153448852573000,1785153448852573000,1785153448852574000,1785153448852686000,1785153448852689000,1785153448852689000,1785153448852689000,121932490,121652369,-168.121,0.000,0.000,1.000,3.000,0.000,0.000,38.000,0,0,0
B3_zmq_pushpull,zmq_tcp,none,none,,1,12393,512,584,1785153448853530000,1785153448853531000,1785153448853531000,1785153448853532000,1785153448853674000,1785153448853676000,1785153448853676000,1785153448853676000,121932490,121652369,-138.121,1.000,0.000,1.000,2.000,0.000,0.000,30.000,0,0,0
B3_zmq_pushpull,zmq_tcp,none,none,,1,12394,512,584,1785153448854542000,1785153448854542000,1785153448854542000,1785153448854543000,1785153448854671000,1785153448854674000,1785153448854674000,1785153448854674000,121932490,121652369,-152.121,0.000,0.000,1.000,3.000,0.000,0.000,14.000,0,0,0
B3_zmq_pushpull,zmq_tcp,none,none,,1,12395,512,584,1785153448855538000,1785153448855538000,1785153448855538000,1785153448855539000,1785153448855678000,1785153448855680000,1785153448855680000,1785153448855681000,121932490,121652369,-141.121,0.000,0.000,1.000,2.000,0.000,1.000,11.000,0,0,0
B3_zmq_pushpull,zmq_tcp,none,none,,1,12396,512,584,1785153448856539000,1785153448856539000,1785153448856539000,1785153448856540000,1785153448856692000,1785153448856694000,1785153448856695000,1785153448856695000,121932490,121652369,-128.121,0.000,0.000,1.000,2.000,1.000,0.000,13.000,0,0,0
B3_zmq_pushpull,zmq_tcp,none,none,,1,12397,512,584,1785153448857540000,1785153448857540000,1785153448857540000,1785153448857541000,1785153448857690000,1785153448857692000,1785153448857692000,1785153448857692000,121932490,121652369,-131.121,0.000,0.000,1.000,2.000,0.000,0.000,3.000,0,0,0
B3_zmq_pushpull,zmq_tcp,none,none,,1,12398,512,584,1785153448858542000,1785153448858542000,1785153448858542000,1785153448858543000,1785153448858710000,1785153448858712000,1785153448858712000,1785153448858712000,121932490,121652369,-113.121,0.000,0.000,1.000,2.000,0.000,0.000,18.000,0,0,0
B3_zmq_pushpull,zmq_tcp,none,none,,1,12399,512,584,1785153448859374000,1785153448859374000,1785153448859375000,1785153448859375000,1785153448859563000,1785153448859567000,1785153448859567000,1785153448859567000,121932490,121652369,-92.121,0.000,1.000,0.000,4.000,0.000,0.000,21.000,0,0,0
B3_zmq_pushpull,zmq_tcp,none,none,,1,12400,512,584,1785153448860581000,1785153448860581000,1785153448860581000,1785153448860582000,1785153448860696000,1785153448860699000,1785153448860699000,1785153448860699000,121932490,121652369,-166.121,0.000,0.000,1.000,3.000,0.000,0.000,74.000,0,0,0
B3_zmq_pushpull,zmq_tcp,none,none,,1,12401,512,584,1785153448861529000,1785153448861529000,1785153448861529000,1785153448861530000,1785153448861703000,1785153448861707000,1785153448861707000,1785153448861707000,121932490,121652369,-107.121,0.000,0.000,1.000,4.000,0.000,0.000,59.000,0,0,0
B3_zmq_pushpull,zmq_tcp,none,none,,1,12402,512,584,1785153448862547000,1785153448862547000,1785153448862547000,1785153448862548000,1785153448862708000,1785153448862711000,1785153448862711000,1785153448862711000,121932490,121652369,-120.121,0.000,0.000,1.000,3.000,0.000,0.000,13.000,0,0,0
B3_zmq_pushpull,zmq_tcp,none,none,,1,12403,512,584,1785153448863537000,1785153448863537000,1785153448863537000,1785153448863538000,1785153448863716000,1785153448863718000,1785153448863718000,1785153448863718000,121932490,121652369,-102.121,0.000,0.000,1.000,2.000,0.000,0.000,18.000,0,0,0
B3_zmq_pushpull,zmq_tcp,none,none,,1,12404,512,584,1785153448864542000,1785153448864542000,1785153448864542000,1785153448864543000,1785153448864743000,1785153448864746000,1785153448864747000,1785153448864747000,121932490,121652369,-80.121,0.000,0.000,1.000,3.000,1.000,0.000,22.000,0,0,0
B3_zmq_pushpull,zmq_tcp,none,none,,1,12405,512,584,1785153448865542000,1785153448865542000,1785153448865542000,1785153448865543000,1785153448865607000,1785153448865610000,1785153448865610000,1785153448865610000,121932490,121652369,-216.121,0.000,0.000,1.000,3.000,0.000,0.000,136.000,0,0,0
B3_zmq_pushpull,zmq_tcp,none,none,,1,12406,512,584,1785153448866541000,1785153448866541000,1785153448866541000,1785153448866542000,1785153448866624000,1785153448866628000,1785153448866628000,1785153448866628000,121932490,121652369,-198.121,0.000,0.000,1.000,4.000,0.000,0.000,18.000,0,0,0
B3_zmq_pushpull,zmq_tcp,none,none,,1,12407,512,584,1785153448867539000,1785153448867539000,1785153448867539000,1785153448867540000,1785153448867619000,1785153448867622000,1785153448867622000,1785153448867622000,121932490,121652369,-201.121,0.000,0.000,1.000,3.000,0.000,0.000,3.000,0,0,0
B3_zmq_pushpull,zmq_tcp,none,none,,1,12408,512,584,1785153448868540000,1785153448868540000,1785153448868540000,1785153448868541000,1785153448868618000,1785153448868620000,1785153448868620000,1785153448868620000,121932490,121652369,-203.121,0.000,0.000,1.000,2.000,0.000,0.000,2.000,0,0,0
B3_zmq_pushpull,zmq_tcp,none,none,,1,12409,512,584,1785153448869539000,1785153448869540000,1785153448869540000,1785153448869541000,1785153448869626000,1785153448869628000,1785153448869629000,1785153448869629000,121932490,121652369,-195.121,1.000,0.000,1.000,2.000,1.000,0.000,8.000,0,0,0
B3_zmq_pushpull,zmq_tcp,none,none,,1,12410,512,584,1785153448870545000,1785153448870545000,1785153448870545000,1785153448870546000,1785153448870619000,1785153448870622000,1785153448870622000,1785153448870622000,121932490,121652369,-207.121,0.000,0.000,1.000,3.000,0.000,0.000,12.000,0,0,0
B3_zmq_pushpull,zmq_tcp,none,none,,1,12411,512,584,1785153448871535000,1785153448871536000,1785153448871536000,1785153448871536000,1785153448871613000,1785153448871616000,1785153448871616000,1785153448871616000,121932490,121652369,-203.121,1.000,0.000,0.000,3.000,0.000,0.000,4.000,0,0,0
B3_zmq_pushpull,zmq_tcp,none,none,,1,12412,512,584,1785153448872542000,1785153448872542000,1785153448872542000,1785153448872543000,1785153448872621000,1785153448872623000,1785153448872623000,1785153448872623000,121932490,121652369,-202.121,0.000,0.000,1.000,2.000,0.000,0.000,1.000,0,0,0
B3_zmq_pushpull,zmq_tcp,none,none,,1,12413,512,584,1785153448873484000,1785153448873485000,1785153448873485000,1785153448873486000,1785153448873630000,1785153448873633000,1785153448873633000,1785153448873633000,121932490,121652369,-136.121,1.000,0.000,1.000,3.000,0.000,0.000,66.000,0,0,0
B3_zmq_pushpull,zmq_tcp,none,none,,1,12414,512,584,1785153448874553000,1785153448874553000,1785153448874554000,1785153448874554000,1785153448874641000,1785153448874643000,1785153448874643000,1785153448874643000,121932490,121652369,-193.121,0.000,1.000,0.000,2.000,0.000,0.000,57.000,0,0,0
B3_zmq_pushpull,zmq_tcp,none,none,,1,12415,512,584,1785153448875536000,1785153448875536000,1785153448875536000,1785153448875537000,1785153448875649000,1785153448875651000,1785153448875651000,1785153448875651000,121932490,121652369,-168.121,0.000,0.000,1.000,2.000,0.000,0.000,25.000,0,0,0
B3_zmq_pushpull,zmq_tcp,none,none,,1,12416,512,584,1785153448876542000,1785153448876542000,1785153448876542000,1785153448876543000,1785153448876657000,1785153448876659000,1785153448876659000,1785153448876659000,121932490,121652369,-166.121,0.000,0.000,1.000,2.000,0.000,0.000,2.000,0,0,0
B3_zmq_pushpull,zmq_tcp,none,none,,1,12417,512,584,1785153448877541000,1785153448877541000,1785153448877541000,1785153448877542000,1785153448877665000,1785153448877667000,1785153448877667000,1785153448877667000,121932490,121652369,-157.121,0.000,0.000,1.000,2.000,0.000,0.000,9.000,0,0,0
B3_zmq_pushpull,zmq_tcp,none,none,,1,12418,512,584,1785153448878540000,1785153448878540000,1785153448878540000,1785153448878541000,1785153448878682000,1785153448878684000,1785153448878685000,1785153448878685000,121932490,121652369,-139.121,0.000,0.000,1.000,2.000,1.000,0.000,18.000,0,0,0
B3_zmq_pushpull,zmq_tcp,none,none,,1,12419,512,584,1785153448879538000,1785153448879538000,1785153448879538000,1785153448879539000,1785153448879676000,1785153448879680000,1785153448879680000,1785153448879680000,121932490,121652369,-143.121,0.000,0.000,1.000,4.000,0.000,0.000,4.000,0,0,0
B3_zmq_pushpull,zmq_tcp,none,none,,1,12420,512,584,1785153448880540000,1785153448880540000,1785153448880540000,1785153448880542000,1785153448880674000,1785153448880677000,1785153448880677000,1785153448880677000,121932490,121652369,-148.121,0.000,0.000,2.000,3.000,0.000,0.000,5.000,0,0,0
B3_zmq_pushpull,zmq_tcp,none,none,,1,12421,512,584,1785153448881540000,1785153448881540000,1785153448881540000,1785153448881541000,1785153448881680000,1785153448881683000,1785153448881683000,1785153448881683000,121932490,121652369,-141.121,0.000,0.000,1.000,3.000,0.000,0.000,7.000,0,0,0
B3_zmq_pushpull,zmq_tcp,none,none,,1,12422,512,584,1785153448882540000,1785153448882540000,1785153448882540000,1785153448882541000,1785153448882685000,1785153448882687000,1785153448882687000,1785153448882687000,121932490,121652369,-136.121,0.000,0.000,1.000,2.000,0.000,0.000,5.000,0,0,0
B3_zmq_pushpull,zmq_tcp,none,none,,1,12423,512,584,1785153448883537000,1785153448883537000,1785153448883537000,1785153448883538000,1785153448883687000,1785153448883690000,1785153448883690000,1785153448883690000,121932490,121652369,-131.121,0.000,0.000,1.000,3.000,0.000,0.000,5.000,0,0,0
B3_zmq_pushpull,zmq_tcp,none,none,,1,12424,512,584,1785153448884541000,1785153448884541000,1785153448884541000,1785153448884542000,1785153448884699000,1785153448884702000,1785153448884702000,1785153448884702000,121932490,121652369,-123.121,0.000,0.000,1.000,3.000,0.000,0.000,8.000,0,0,0
B3_zmq_pushpull,zmq_tcp,none,none,,1,12425,512,584,1785153448885542000,1785153448885542000,1785153448885542000,1785153448885543000,1785153448885719000,1785153448885722000,1785153448885722000,1785153448885722000,121932490,121652369,-104.121,0.000,0.000,1.000,3.000,0.000,0.000,19.000,0,0,0
B3_zmq_pushpull,zmq_tcp,none,none,,1,12426,512,584,1785153448886539000,1785153448886539000,1785153448886539000,1785153448886540000,1785153448886727000,1785153448886730000,1785153448886730000,1785153448886730000,121932490,121652369,-93.121,0.000,0.000,1.000,3.000,0.000,0.000,11.000,0,0,0
B3_zmq_pushpull,zmq_tcp,none,none,,1,12427,512,584,1785153448887541000,1785153448887541000,1785153448887541000,1785153448887542000,1785153448887589000,1785153448887593000,1785153448887593000,1785153448887593000,121932490,121652369,-233.121,0.000,0.000,1.000,4.000,0.000,0.000,140.000,0,0,0
B3_zmq_pushpull,zmq_tcp,none,none,,1,12428,512,584,1785153448888430000,1785153448888430000,1785153448888430000,1785153448888431000,1785153448888578000,1785153448888581000,1785153448888581000,1785153448888581000,121932490,121652369,-133.121,0.000,0.000,1.000,3.000,0.000,0.000,100.000,0,0,0
B3_zmq_pushpull,zmq_tcp,none,none,,1,12429,512,584,1785153448889423000,1785153448889423000,1785153448889423000,1785153448889424000,1785153448889583000,1785153448889586000,1785153448889586000,1785153448889586000,121932490,121652369,-121.121,0.000,0.000,1.000,3.000,0.000,0.000,12.000,0,0,0
B3_zmq_pushpull,zmq_tcp,none,none,,1,12430,512,584,1785153448890568000,1785153448890568000,1785153448890568000,1785153448890569000,1785153448890738000,1785153448890741000,1785153448890741000,1785153448890741000,121932490,121652369,-111.121,0.000,0.000,1.000,3.000,0.000,0.000,10.000,0,0,0
B3_zmq_pushpull,zmq_tcp,none,none,,1,12431,512,584,1785153448891535000,1785153448891535000,1785153448891535000,1785153448891536000,1785153448891616000,1785153448891621000,1785153448891621000,1785153448891621000,121932490,121652369,-200.121,0.000,0.000,1.000,5.000,0.000,0.000,89.000,0,0,0
B3_zmq_pushpull,zmq_tcp,none,none,,1,12432,512,584,1785153448892541000,1785153448892541000,1785153448892541000,1785153448892542000,1785153448892625000,1785153448892629000,1785153448892629000,1785153448892629000,121932490,121652369,-197.121,0.000,0.000,1.000,4.000,0.000,0.000,3.000,0,0,0
B3_zmq_pushpull,zmq_tcp,none,none,,1,12433,512,584,1785153448893537000,1785153448893537000,1785153448893537000,1785153448893538000,1785153448893636000,1785153448893639000,1785153448893639000,1785153448893639000,121932490,121652369,-182.121,0.000,0.000,1.000,3.000,0.000,0.000,15.000,0,0,0
B3_zmq_pushpull,zmq_tcp,none,none,,1,12434,512,584,1785153448894542000,1785153448894542000,1785153448894542000,1785153448894543000,1785153448894617000,1785153448894621000,1785153448894621000,1785153448894621000,121932490,121652369,-206.121,0.000,0.000,1.000,4.000,0.000,0.000,24.000,0,0,0
B3_zmq_pushpull,zmq_tcp,none,none,,1,12435,512,584,1785153448895540000,1785153448895540000,1785153448895540000,1785153448895541000,1785153448895611000,1785153448895614000,1785153448895614000,1785153448895614000,121932490,121652369,-210.121,0.000,0.000,1.000,3.000,0.000,0.000,4.000,0,0,0
B3_zmq_pushpull,zmq_tcp,none,none,,1,12436,512,584,1785153448896540000,1785153448896540000,1785153448896540000,1785153448896541000,1785153448896591000,1785153448896595000,1785153448896595000,1785153448896595000,121932490,121652369,-230.121,0.000,0.000,1.000,4.000,0.000,0.000,20.000,0,0,0
B3_zmq_pushpull,zmq_tcp,none,none,,1,12437,512,584,1785153448897540000,1785153448897540000,1785153448897540000,1785153448897541000,1785153448897595000,1785153448897599000,1785153448897599000,1785153448897599000,121932490,121652369,-226.121,0.000,0.000,1.000,4.000,0.000,0.000,4.000,0,0,0
B3_zmq_pushpull,zmq_tcp,none,none,,1,12438,512,584,1785153448898540000,1785153448898540000,1785153448898540000,1785153448898541000,1785153448898600000,1785153448898604000,1785153448898604000,1785153448898604000,121932490,121652369,-221.121,0.000,0.000,1.000,4.000,0.000,0.000,5.000,0,0,0
B3_zmq_pushpull,zmq_tcp,none,none,,1,12439,512,584,1785153448899540000,1785153448899540000,1785153448899540000,1785153448899541000,1785153448899597000,1785153448899601000,1785153448899601000,1785153448899601000,121932490,121652369,-224.121,0.000,0.000,1.000,4.000,0.000,0.000,3.000,0,0,0
B3_zmq_pushpull,zmq_tcp,none,none,,1,12440,512,584,1785153448900540000,1785153448900540000,1785153448900540000,1785153448900541000,1785153448900607000,1785153448900610000,1785153448900610000,1785153448900610000,121932490,121652369,-214.121,0.000,0.000,1.000,3.000,0.000,0.000,10.000,0,0,0
B3_zmq_pushpull,zmq_tcp,none,none,,1,12441,512,584,1785153448901541000,1785153448901541000,1785153448901541000,1785153448901543000,1785153448901587000,1785153448901591000,1785153448901591000,1785153448901591000,121932490,121652369,-236.121,0.000,0.000,2.000,4.000,0.000,0.000,22.000,0,0,0
B3_zmq_pushpull,zmq_tcp,none,none,,1,12442,512,584,1785153448902436000,1785153448902436000,1785153448902437000,1785153448902437000,1785153448902593000,1785153448902595000,1785153448902595000,1785153448902595000,121932490,121652369,-124.121,0.000,1.000,0.000,2.000,0.000,0.000,112.000,0,0,0
B3_zmq_pushpull,zmq_tcp,none,none,,1,12443,512,584,1785153448903565000,1785153448903565000,1785153448903565000,1785153448903566000,1785153448903737000,1785153448903739000,1785153448903739000,1785153448903739000,121932490,121652369,-109.121,0.000,0.000,1.000,2.000,0.000,0.000,15.000,0,0,0
B3_zmq_pushpull,zmq_tcp,none,none,,1,12444,512,584,1785153448904450000,1785153448904450000,1785153448904450000,1785153448904451000,1785153448904595000,1785153448904598000,1785153448904598000,1785153448904598000,121932490,121652369,-136.121,0.000,0.000,1.000,3.000,0.000,0.000,27.000,0,0,0
B3_zmq_pushpull,zmq_tcp,none,none,,1,12445,512,584,1785153448905563000,1785153448905563000,1785153448905563000,1785153448905564000,1785153448905733000,1785153448905736000,1785153448905736000,1785153448905736000,121932490,121652369,-111.121,0.000,0.000,1.000,3.000,0.000,0.000,25.000,0,0,0
B3_zmq_pushpull,zmq_tcp,none,none,,1,12446,512,584,1785153448906535000,1785153448906535000,1785153448906535000,1785153448906536000,1785153448906598000,1785153448906602000,1785153448906602000,1785153448906602000,121932490,121652369,-218.121,0.000,0.000,1.000,4.000,0.000,0.000,107.000,0,0,0
B3_zmq_pushpull,zmq_tcp,none,none,,1,12447,512,584,1785153448907456000,1785153448907456000,1785153448907456000,1785153448907457000,1785153448907608000,1785153448907611000,1785153448907611000,1785153448907611000,121932490,121652369,-129.121,0.000,0.000,1.000,3.000,0.000,0.000,89.000,0,0,0
B3_zmq_pushpull,zmq_tcp,none,none,,1,12448,512,584,1785153448908560000,1785153448908560000,1785153448908560000,1785153448908561000,1785153448908606000,1785153448908609000,1785153448908609000,1785153448908609000,121932490,121652369,-235.121,0.000,0.000,1.000,3.000,0.000,0.000,106.000,0,0,0
B3_zmq_pushpull,zmq_tcp,none,none,,1,12449,512,584,1785153448909459000,1785153448909459000,1785153448909459000,1785153448909460000,1785153448909615000,1785153448909618000,1785153448909618000,1785153448909618000,121932490,121652369,-125.121,0.000,0.000,1.000,3.000,0.000,0.000,110.000,0,0,0
B3_zmq_pushpull,zmq_tcp,none,none,,1,12450,512,584,1785153448910560000,1785153448910560000,1785153448910560000,1785153448910561000,1785153448910622000,1785153448910625000,1785153448910625000,1785153448910625000,121932490,121652369,-219.121,0.000,0.000,1.000,3.000,0.000,0.000,94.000,0,0,0
B3_zmq_pushpull,zmq_tcp,none,none,,1,12451,512,584,1785153448911532000,1785153448911532000,1785153448911532000,1785153448911533000,1785153448911641000,1785153448911643000,1785153448911643000,1785153448911643000,121932490,121652369,-172.121,0.000,0.000,1.000,2.000,0.000,0.000,47.000,0,0,0
B3_zmq_pushpull,zmq_tcp,none,none,,1,12452,512,584,1785153448912542000,1785153448912542000,1785153448912542000,1785153448912543000,1785153448912646000,1785153448912649000,1785153448912649000,1785153448912649000,121932490,121652369,-177.121,0.000,0.000,1.000,3.000,0.000,0.000,5.000,0,0,0
B3_zmq_pushpull,zmq_tcp,none,none,,1,12453,512,584,1785153448913540000,1785153448913540000,1785153448913540000,1785153448913541000,1785153448913666000,1785153448913669000,1785153448913669000,1785153448913669000,121932490,121652369,-155.121,0.000,0.000,1.000,3.000,0.000,0.000,22.000,0,0,0
B3_zmq_pushpull,zmq_tcp,none,none,,1,12454,512,584,1785153448914540000,1785153448914540000,1785153448914540000,1785153448914541000,1785153448914675000,1785153448914679000,1785153448914679000,1785153448914679000,121932490,121652369,-146.121,0.000,0.000,1.000,4.000,0.000,0.000,9.000,0,0,0
B3_zmq_pushpull,zmq_tcp,none,none,,1,12455,512,584,1785153448915538000,1785153448915538000,1785153448915538000,1785153448915539000,1785153448915670000,1785153448915673000,1785153448915673000,1785153448915673000,121932490,121652369,-149.121,0.000,0.000,1.000,3.000,0.000,0.000,3.000,0,0,0
B3_zmq_pushpull,zmq_tcp,none,none,,1,12456,512,584,1785153448916540000,1785153448916540000,1785153448916540000,1785153448916541000,1785153448916650000,1785153448916653000,1785153448916653000,1785153448916653000,121932490,121652369,-171.121,0.000,0.000,1.000,3.000,0.000,0.000,22.000,0,0,0
B3_zmq_pushpull,zmq_tcp,none,none,,1,12457,512,584,1785153448917540000,1785153448917540000,1785153448917540000,1785153448917541000,1785153448917641000,1785153448917643000,1785153448917643000,1785153448917643000,121932490,121652369,-180.121,0.000,0.000,1.000,2.000,0.000,0.000,9.000,0,0,0
B3_zmq_pushpull,zmq_tcp,none,none,,1,12458,512,584,1785153448918542000,1785153448918542000,1785153448918543000,1785153448918543000,1785153448918658000,1785153448918661000,1785153448918661000,1785153448918661000,121932490,121652369,-165.121,0.000,1.000,0.000,3.000,0.000,0.000,15.000,0,0,0
B3_zmq_pushpull,zmq_tcp,none,none,,1,12459,512,584,1785153448919539000,1785153448919539000,1785153448919539000,1785153448919540000,1785153448919661000,1785153448919664000,1785153448919664000,1785153448919664000,121932490,121652369,-159.121,0.000,0.000,1.000,3.000,0.000,0.000,6.000,0,0,0
B3_zmq_pushpull,zmq_tcp,none,none,,1,12460,512,584,1785153448920540000,1785153448920540000,1785153448920540000,1785153448920541000,1785153448920640000,1785153448920644000,1785153448920644000,1785153448920644000,121932490,121652369,-181.121,0.000,0.000,1.000,4.000,0.000,0.000,22.000,0,0,0
B3_zmq_pushpull,zmq_tcp,none,none,,1,12461,512,584,1785153448921350000,1785153448921350000,1785153448921350000,1785153448921351000,1785153448921511000,1785153448921514000,1785153448921514000,1785153448921514000,121932490,121652369,-120.121,0.000,0.000,1.000,3.000,0.000,0.000,61.000,0,0,0
B3_zmq_pushpull,zmq_tcp,none,none,,1,12462,512,584,1785153448922588000,1785153448922588000,1785153448922588000,1785153448922589000,1785153448922662000,1785153448922665000,1785153448922665000,1785153448922665000,121932490,121652369,-207.121,0.000,0.000,1.000,3.000,0.000,0.000,87.000,0,0,0
B3_zmq_pushpull,zmq_tcp,none,none,,1,12463,512,584,1785153448923525000,1785153448923525000,1785153448923525000,1785153448923526000,1785153448923659000,1785153448923662000,1785153448923662000,1785153448923662000,121932490,121652369,-147.121,0.000,0.000,1.000,3.000,0.000,0.000,60.000,0,0,0
B3_zmq_pushpull,zmq_tcp,none,none,,1,12464,512,584,1785153448924544000,1785153448924544000,1785153448924544000,1785153448924545000,1785153448924649000,1785153448924652000,1785153448924652000,1785153448924652000,121932490,121652369,-176.121,0.000,0.000,1.000,3.000,0.000,0.000,29.000,0,0,0
B3_zmq_pushpull,zmq_tcp,none,none,,1,12465,512,584,1785153448925541000,1785153448925541000,1785153448925542000,1785153448925542000,1785153448925670000,1785153448925673000,1785153448925673000,1785153448925673000,121932490,121652369,-152.121,0.000,1.000,0.000,3.000,0.000,0.000,24.000,0,0,0
B3_zmq_pushpull,zmq_tcp,none,none,,1,12466,512,584,1785153448926540000,1785153448926540000,1785153448926540000,1785153448926541000,1785153448926682000,1785153448926685000,1785153448926685000,1785153448926685000,121932490,121652369,-139.121,0.000,0.000,1.000,3.000,0.000,0.000,13.000,0,0,0
B3_zmq_pushpull,zmq_tcp,none,none,,1,12467,512,584,1785153448927539000,1785153448927539000,1785153448927539000,1785153448927540000,1785153448927689000,1785153448927691000,1785153448927691000,1785153448927692000,121932490,121652369,-131.121,0.000,0.000,1.000,2.000,0.000,1.000,8.000,0,0,0
B3_zmq_pushpull,zmq_tcp,none,none,,1,12468,512,584,1785153448928540000,1785153448928540000,1785153448928540000,1785153448928541000,1785153448928686000,1785153448928689000,1785153448928689000,1785153448928689000,121932490,121652369,-135.121,0.000,0.000,1.000,3.000,0.000,0.000,4.000,0,0,0
B3_zmq_pushpull,zmq_tcp,none,none,,1,12469,512,584,1785153448929402000,1785153448929402000,1785153448929402000,1785153448929403000,1785153448929550000,1785153448929553000,1785153448929553000,1785153448929553000,121932490,121652369,-133.121,0.000,0.000,1.000,3.000,0.000,0.000,2.000,0,0,0
B3_zmq_pushpull,zmq_tcp,none,none,,1,12470,512,584,1785153448930574000,1785153448930575000,1785153448930575000,1785153448930576000,1785153448930673000,1785153448930675000,1785153448930675000,1785153448930675000,121932490,121652369,-183.121,1.000,0.000,1.000,2.000,0.000,0.000,50.000,0,0,0
B3_zmq_pushpull,zmq_tcp,none,none,,1,12471,512,584,1785153448931530000,1785153448931531000,1785153448931531000,1785153448931532000,1785153448931663000,1785153448931666000,1785153448931666000,1785153448931666000,121932490,121652369,-149.121,1.000,0.000,1.000,3.000,0.000,0.000,34.000,0,0,0
B3_zmq_pushpull,zmq_tcp,none,none,,1,12472,512,584,1785153448932545000,1785153448932545000,1785153448932545000,1785153448932546000,1785153448932663000,1785153448932667000,1785153448932667000,1785153448932667000,121932490,121652369,-163.121,0.000,0.000,1.000,4.000,0.000,0.000,14.000,0,0,0
B3_zmq_pushpull,zmq_tcp,none,none,,1,12473,512,584,1785153448933374000,1785153448933374000,1785153448933374000,1785153448933375000,1785153448933534000,1785153448933537000,1785153448933537000,1785153448933537000,121932490,121652369,-121.121,0.000,0.000,1.000,3.000,0.000,0.000,42.000,0,0,0
B3_zmq_pushpull,zmq_tcp,none,none,,1,12474,512,584,1785153448934581000,1785153448934582000,1785153448934582000,1785153448934582000,1785153448934667000,1785153448934669000,1785153448934669000,1785153448934670000,121932490,121652369,-195.121,1.000,0.000,0.000,2.000,0.000,1.000,74.000,0,0,0
B3_zmq_pushpull,zmq_tcp,none,none,,1,12475,512,584,1785153448935533000,1785153448935533000,1785153448935533000,1785153448935534000,1785153448935691000,1785153448935694000,1785153448935694000,1785153448935694000,121932490,121652369,-123.121,0.000,0.000,1.000,3.000,0.000,0.000,72.000,0,0,0
B3_zmq_pushpull,zmq_tcp,none,none,,1,12476,512,584,1785153448936541000,1785153448936541000,1785153448936542000,1785153448936542000,1785153448936691000,1785153448936695000,1785153448936695000,1785153448936695000,121932490,121652369,-131.121,0.000,1.000,0.000,4.000,0.000,0.000,8.000,0,0,0
B3_zmq_pushpull,zmq_tcp,none,none,,1,12477,512,584,1785153448937395000,1785153448937395000,1785153448937396000,1785153448937396000,1785153448937553000,1785153448937555000,1785153448937556000,1785153448937556000,121932490,121652369,-123.121,0.000,1.000,0.000,2.000,1.000,0.000,8.000,0,0,0
B3_zmq_pushpull,zmq_tcp,none,none,,1,12478,512,584,1785153448938576000,1785153448938576000,1785153448938576000,1785153448938577000,1785153448938692000,1785153448938694000,1785153448938694000,1785153448938694000,121932490,121652369,-165.121,0.000,0.000,1.000,2.000,0.000,0.000,42.000,0,0,0
B3_zmq_pushpull,zmq_tcp,none,none,,1,12479,512,584,1785153448939528000,1785153448939528000,1785153448939528000,1785153448939529000,1785153448939568000,1785153448939571000,1785153448939571000,1785153448939571000,121932490,121652369,-241.121,0.000,0.000,1.000,3.000,0.000,0.000,76.000,0,0,0
B3_zmq_pushpull,zmq_tcp,none,none,,1,12480,512,584,1785153448940543000,1785153448940543000,1785153448940543000,1785153448940544000,1785153448940592000,1785153448940596000,1785153448940596000,1785153448940596000,121932490,121652369,-232.121,0.000,0.000,1.000,4.000,0.000,0.000,9.000,0,0,0
B3_zmq_pushpull,zmq_tcp,none,none,,1,12481,512,584,1785153448941541000,1785153448941541000,1785153448941541000,1785153448941542000,1785153448941602000,1785153448941606000,1785153448941606000,1785153448941606000,121932490,121652369,-220.121,0.000,0.000,1.000,4.000,0.000,0.000,12.000,0,0,0
B3_zmq_pushpull,zmq_tcp,none,none,,1,12482,512,584,1785153448942540000,1785153448942540000,1785153448942540000,1785153448942541000,1785153448942623000,1785153448942626000,1785153448942626000,1785153448942626000,121932490,121652369,-198.121,0.000,0.000,1.000,3.000,0.000,0.000,22.000,0,0,0
B3_zmq_pushpull,zmq_tcp,none,none,,1,12483,512,584,1785153448943539000,1785153448943539000,1785153448943539000,1785153448943540000,1785153448943632000,1785153448943634000,1785153448943634000,1785153448943634000,121932490,121652369,-188.121,0.000,0.000,1.000,2.000,0.000,0.000,10.000,0,0,0
B3_zmq_pushpull,zmq_tcp,none,none,,1,12484,512,584,1785153448944540000,1785153448944540000,1785153448944540000,1785153448944541000,1785153448944633000,1785153448944636000,1785153448944636000,1785153448944636000,121932490,121652369,-188.121,0.000,0.000,1.000,3.000,0.000,0.000,0.000,0,0,0
B3_zmq_pushpull,zmq_tcp,none,none,,1,12485,512,584,1785153448945540000,1785153448945540000,1785153448945540000,1785153448945541000,1785153448945624000,1785153448945626000,1785153448945626000,1785153448945626000,121932490,121652369,-197.121,0.000,0.000,1.000,2.000,0.000,0.000,9.000,0,0,0
B3_zmq_pushpull,zmq_tcp,none,none,,1,12486,512,584,1785153448946540000,1785153448946540000,1785153448946540000,1785153448946541000,1785153448946642000,1785153448946645000,1785153448946645000,1785153448946645000,121932490,121652369,-179.121,0.000,0.000,1.000,3.000,0.000,0.000,18.000,0,0,0
B3_zmq_pushpull,zmq_tcp,none,none,,1,12487,512,584,1785153448947538000,1785153448947539000,1785153448947539000,1785153448947540000,1785153448947649000,1785153448947651000,1785153448947652000,1785153448947652000,121932490,121652369,-171.121,1.000,0.000,1.000,2.000,1.000,0.000,8.000,0,0,0
B3_zmq_pushpull,zmq_tcp,none,none,,1,12488,512,584,1785153448948540000,1785153448948540000,1785153448948540000,1785153448948541000,1785153448948661000,1785153448948663000,1785153448948664000,1785153448948664000,121932490,121652369,-160.121,0.000,0.000,1.000,2.000,1.000,0.000,11.000,0,0,0
B3_zmq_pushpull,zmq_tcp,none,none,,1,12489,512,584,1785153448949541000,1785153448949541000,1785153448949541000,1785153448949542000,1785153448949673000,1785153448949676000,1785153448949676000,1785153448949676000,121932490,121652369,-149.121,0.000,0.000,1.000,3.000,0.000,0.000,11.000,0,0,0
B3_zmq_pushpull,zmq_tcp,none,none,,1,12490,512,584,1785153448950539000,1785153448950539000,1785153448950539000,1785153448950540000,1785153448950678000,1785153448950681000,1785153448950681000,1785153448950681000,121932490,121652369,-142.121,0.000,0.000,1.000,3.000,0.000,0.000,7.000,0,0,0
B3_zmq_pushpull,zmq_tcp,none,none,,1,12491,512,584,1785153448951540000,1785153448951540000,1785153448951540000,1785153448951541000,1785153448951676000,1785153448951678000,1785153448951678000,1785153448951678000,121932490,121652369,-145.121,0.000,0.000,1.000,2.000,0.000,0.000,3.000,0,0,0
B3_zmq_pushpull,zmq_tcp,none,none,,1,12492,512,584,1785153448952541000,1785153448952541000,1785153448952541000,1785153448952542000,1785153448952685000,1785153448952688000,1785153448952688000,1785153448952688000,121932490,121652369,-137.121,0.000,0.000,1.000,3.000,0.000,0.000,8.000,0,0,0
B3_zmq_pushpull,zmq_tcp,none,none,,1,12493,512,584,1785153448953539000,1785153448953539000,1785153448953539000,1785153448953540000,1785153448953703000,1785153448953706000,1785153448953706000,1785153448953706000,121932490,121652369,-117.121,0.000,0.000,1.000,3.000,0.000,0.000,20.000,0,0,0
B3_zmq_pushpull,zmq_tcp,none,none,,1,12494,512,584,1785153448954428000,1785153448954428000,1785153448954428000,1785153448954429000,1785153448954572000,1785153448954576000,1785153448954576000,1785153448954576000,121932490,121652369,-137.121,0.000,0.000,1.000,4.000,0.000,0.000,20.000,0,0,0
B3_zmq_pushpull,zmq_tcp,none,none,,1,12495,512,584,1785153448955424000,1785153448955424000,1785153448955424000,1785153448955426000,1785153448955575000,1785153448955579000,1785153448955579000,1785153448955579000,121932490,121652369,-131.121,0.000,0.000,2.000,4.000,0.000,0.000,6.000,0,0,0
B3_zmq_pushpull,zmq_tcp,none,none,,1,12496,512,584,1785153448956570000,1785153448956570000,1785153448956570000,1785153448956571000,1785153448956721000,1785153448956724000,1785153448956724000,1785153448956724000,121932490,121652369,-130.121,0.000,0.000,1.000,3.000,0.000,0.000,1.000,0,0,0
B3_zmq_pushpull,zmq_tcp,none,none,,1,12497,512,584,1785153448957529000,1785153448957529000,1785153448957529000,1785153448957530000,1785153448957586000,1785153448957588000,1785153448957588000,1785153448957588000,121932490,121652369,-224.121,0.000,0.000,1.000,2.000,0.000,0.000,94.000,0,0,0
B3_zmq_pushpull,zmq_tcp,none,none,,1,12498,512,584,1785153448958544000,1785153448958544000,1785153448958544000,1785153448958545000,1785153448958590000,1785153448958594000,1785153448958594000,1785153448958594000,121932490,121652369,-235.121,0.000,0.000,1.000,4.000,0.000,0.000,11.000,0,0,0
B3_zmq_pushpull,zmq_tcp,none,none,,1,12499,512,584,1785153448959434000,1785153448959434000,1785153448959434000,1785153448959435000,1785153448959592000,1785153448959598000,1785153448959598000,1785153448959598000,121932490,121652369,-123.121,0.000,0.000,1.000,6.000,0.000,0.000,112.000,0,0,0
B3_zmq_pushpull,zmq_tcp,none,none,,1,12500,512,584,1785153448960445000,1785153448960445000,1785153448960445000,1785153448960447000,1785153448960607000,1785153448960610000,1785153448960610000,1785153448960610000,121932490,121652369,-120.121,0.000,0.000,2.000,3.000,0.000,0.000,3.000,0,0,0
B3_zmq_pushpull,zmq_tcp,none,none,,1,12501,512,584,1785153448961460000,1785153448961460000,1785153448961460000,1785153448961461000,1785153448961622000,1785153448961633000,1785153448961633000,1785153448961634000,121932490,121652369,-119.121,0.000,0.000,1.000,11.000,0.000,1.000,1.000,0,0,0
B3_zmq_pushpull,zmq_tcp,none,none,,1,12502,512,584,1785153448962560000,1785153448962560000,1785153448962560000,1785153448962561000,1785153448962632000,1785153448962636000,1785153448962636000,1785153448962636000,121932490,121652369,-209.121,0.000,0.000,1.000,4.000,0.000,0.000,90.000,0,0,0
B3_zmq_pushpull,zmq_tcp,none,none,,1,12503,512,584,1785153448963535000,1785153448963536000,1785153448963536000,1785153448963537000,1785153448963646000,1785153448963649000,1785153448963649000,1785153448963649000,121932490,121652369,-171.121,1.000,0.000,1.000,3.000,0.000,0.000,38.000,0,0,0
B3_zmq_pushpull,zmq_tcp,none,none,,1,12504,512,584,1785153448964537000,1785153448964537000,1785153448964537000,1785153448964538000,1785153448964658000,1785153448964661000,1785153448964661000,1785153448964661000,121932490,121652369,-160.121,0.000,0.000,1.000,3.000,0.000,0.000,11.000,0,0,0
B3_zmq_pushpull,zmq_tcp,none,none,,1,12505,512,584,1785153448965541000,1785153448965541000,1785153448965541000,1785153448965542000,1785153448965662000,1785153448965665000,1785153448965665000,1785153448965665000,121932490,121652369,-160.121,0.000,0.000,1.000,3.000,0.000,0.000,0.000,0,0,0
B3_zmq_pushpull,zmq_tcp,none,none,,1,12506,512,584,1785153448966540000,1785153448966540000,1785153448966540000,1785153448966541000,1785153448966667000,1785153448966670000,1785153448966670000,1785153448966670000,121932490,121652369,-154.121,0.000,0.000,1.000,3.000,0.000,0.000,6.000,0,0,0
B3_zmq_pushpull,zmq_tcp,none,none,,1,12507,512,584,1785153448967537000,1785153448967537000,1785153448967537000,1785153448967538000,1785153448967675000,1785153448967678000,1785153448967678000,1785153448967678000,121932490,121652369,-143.121,0.000,0.000,1.000,3.000,0.000,0.000,11.000,0,0,0
B3_zmq_pushpull,zmq_tcp,none,none,,1,12508,512,584,1785153448968542000,1785153448968542000,1785153448968542000,1785153448968543000,1785153448968675000,1785153448968678000,1785153448968678000,1785153448968678000,121932490,121652369,-148.121,0.000,0.000,1.000,3.000,0.000,0.000,5.000,0,0,0
B3_zmq_pushpull,zmq_tcp,none,none,,1,12509,512,584,1785153448969540000,1785153448969540000,1785153448969540000,1785153448969541000,1785153448969687000,1785153448969690000,1785153448969690000,1785153448969690000,121932490,121652369,-134.121,0.000,0.000,1.000,3.000,0.000,0.000,14.000,0,0,0
B3_zmq_pushpull,zmq_tcp,none,none,,1,12510,512,584,1785153448970540000,1785153448970540000,1785153448970540000,1785153448970541000,1785153448970689000,1785153448970692000,1785153448970692000,1785153448970692000,121932490,121652369,-132.121,0.000,0.000,1.000,3.000,0.000,0.000,2.000,0,0,0
B3_zmq_pushpull,zmq_tcp,none,none,,1,12511,512,584,1785153448971537000,1785153448971537000,1785153448971537000,1785153448971538000,1785153448971683000,1785153448971686000,1785153448971686000,1785153448971686000,121932490,121652369,-135.121,0.000,0.000,1.000,3.000,0.000,0.000,3.000,0,0,0
B3_zmq_pushpull,zmq_tcp,none,none,,1,12512,512,584,1785153448972541000,1785153448972541000,1785153448972541000,1785153448972542000,1785153448972671000,1785153448972673000,1785153448972673000,1785153448972674000,121932490,121652369,-151.121,0.000,0.000,1.000,2.000,0.000,1.000,16.000,0,0,0
B3_zmq_pushpull,zmq_tcp,none,none,,1,12513,512,584,1785153448973540000,1785153448973540000,1785153448973540000,1785153448973541000,1785153448973671000,1785153448973673000,1785153448973673000,1785153448973673000,121932490,121652369,-150.121,0.000,0.000,1.000,2.000,0.000,0.000,1.000,0,0,0
B3_zmq_pushpull,zmq_tcp,none,none,,1,12514,512,584,1785153448974539000,1785153448974540000,1785153448974540000,1785153448974541000,1785153448974685000,1785153448974687000,1785153448974687000,1785153448974687000,121932490,121652369,-136.121,1.000,0.000,1.000,2.000,0.000,0.000,14.000,0,0,0
B3_zmq_pushpull,zmq_tcp,none,none,,1,12515,512,584,1785153448975537000,1785153448975537000,1785153448975537000,1785153448975538000,1785153448975684000,1785153448975687000,1785153448975687000,1785153448975687000,121932490,121652369,-134.121,0.000,0.000,1.000,3.000,0.000,0.000,2.000,0,0,0
B3_zmq_pushpull,zmq_tcp,none,none,,1,12516,512,584,1785153448976544000,1785153448976544000,1785153448976544000,1785153448976545000,1785153448976682000,1785153448976685000,1785153448976685000,1785153448976685000,121932490,121652369,-143.121,0.000,0.000,1.000,3.000,0.000,0.000,9.000,0,0,0
B3_zmq_pushpull,zmq_tcp,none,none,,1,12517,512,584,1785153448977539000,1785153448977539000,1785153448977539000,1785153448977540000,1785153448977697000,1785153448977700000,1785153448977700000,1785153448977700000,121932490,121652369,-123.121,0.000,0.000,1.000,3.000,0.000,0.000,20.000,0,0,0
B3_zmq_pushpull,zmq_tcp,none,none,,1,12518,512,584,1785153448978541000,1785153448978541000,1785153448978541000,1785153448978542000,1785153448978696000,1785153448978698000,1785153448978699000,1785153448978699000,121932490,121652369,-126.121,0.000,0.000,1.000,2.000,1.000,0.000,3.000,0,0,0
B3_zmq_pushpull,zmq_tcp,none,none,,1,12519,512,584,1785153448979395000,1785153448979395000,1785153448979395000,1785153448979396000,1785153448979549000,1785153448979552000,1785153448979552000,1785153448979552000,121932490,121652369,-127.121,0.000,0.000,1.000,3.000,0.000,0.000,1.000,0,0,0
B3_zmq_pushpull,zmq_tcp,none,none,,1,12520,512,584,1785153448980383000,1785153448980383000,1785153448980383000,1785153448980384000,1785153448980528000,1785153448980530000,1785153448980530000,1785153448980530000,121932490,121652369,-136.121,0.000,0.000,1.000,2.000,0.000,0.000,9.000,0,0,0
B3_zmq_pushpull,zmq_tcp,none,none,,1,12521,512,584,1785153448981386000,1785153448981386000,1785153448981386000,1785153448981387000,1785153448981543000,1785153448981546000,1785153448981546000,1785153448981546000,121932490,121652369,-124.121,0.000,0.000,1.000,3.000,0.000,0.000,12.000,0,0,0
B3_zmq_pushpull,zmq_tcp,none,none,,1,12522,512,584,1785153448982390000,1785153448982390000,1785153448982390000,1785153448982391000,1785153448982547000,1785153448982550000,1785153448982550000,1785153448982550000,121932490,121652369,-124.121,0.000,0.000,1.000,3.000,0.000,0.000,0.000,0,0,0
B3_zmq_pushpull,zmq_tcp,none,none,,1,12523,512,584,1785153448983387000,1785153448983387000,1785153448983387000,1785153448983388000,1785153448983545000,1785153448983548000,1785153448983548000,1785153448983548000,121932490,121652369,-123.121,0.000,0.000,1.000,3.000,0.000,0.000,1.000,0,0,0
B3_zmq_pushpull,zmq_tcp,none,none,,1,12524,512,584,1785153448984377000,1785153448984377000,1785153448984378000,1785153448984378000,1785153448984532000,1785153448984535000,1785153448984535000,1785153448984535000,121932490,121652369,-126.121,0.000,1.000,0.000,3.000,0.000,0.000,3.000,0,0,0
B3_zmq_pushpull,zmq_tcp,none,none,,1,12525,512,584,1785153448985581000,1785153448985582000,1785153448985582000,1785153448985583000,1785153448985641000,1785153448985644000,1785153448985644000,1785153448985644000,121932490,121652369,-222.121,1.000,0.000,1.000,3.000,0.000,0.000,96.000,0,0,0
B3_zmq_pushpull,zmq_tcp,none,none,,1,12526,512,584,1785153448986348000,1785153448986348000,1785153448986348000,1785153448986349000,1785153448986489000,1785153448986492000,1785153448986492000,1785153448986492000,121932490,121652369,-140.121,0.000,0.000,1.000,3.000,0.000,0.000,82.000,0,0,0
B3_zmq_pushpull,zmq_tcp,none,none,,1,12527,512,584,1785153448987349000,1785153448987349000,1785153448987349000,1785153448987350000,1785153448987494000,1785153448987497000,1785153448987497000,1785153448987497000,121932490,121652369,-136.121,0.000,0.000,1.000,3.000,0.000,0.000,4.000,0,0,0
B3_zmq_pushpull,zmq_tcp,none,none,,1,12528,512,584,1785153448988471000,1785153448988471000,1785153448988471000,1785153448988472000,1785153448988621000,1785153448988624000,1785153448988624000,1785153448988624000,121932490,121652369,-131.121,0.000,0.000,1.000,3.000,0.000,0.000,5.000,0,0,0
B3_zmq_pushpull,zmq_tcp,none,none,,1,12529,512,584,1785153448989557000,1785153448989558000,1785153448989558000,1785153448989559000,1785153448989758000,1785153448989761000,1785153448989761000,1785153448989761000,121932490,121652369,-81.121,1.000,0.000,1.000,3.000,0.000,0.000,50.000,0,0,0
B3_zmq_pushpull,zmq_tcp,none,none,,1,12530,512,584,1785153448990346000,1785153448990346000,1785153448990346000,1785153448990347000,1785153448990493000,1785153448990496000,1785153448990496000,1785153448990496000,121932490,121652369,-134.121,0.000,0.000,1.000,3.000,0.000,0.000,53.000,0,0,0
B3_zmq_pushpull,zmq_tcp,none,none,,1,12531,512,584,1785153448991589000,1785153448991590000,1785153448991590000,1785153448991591000,1785153448991640000,1785153448991642000,1785153448991642000,1785153448991642000,121932490,121652369,-231.121,1.000,0.000,1.000,2.000,0.000,0.000,97.000,0,0,0
B3_zmq_pushpull,zmq_tcp,none,none,,1,12532,512,584,1785153448992528000,1785153448992528000,1785153448992528000,1785153448992529000,1785153448992636000,1785153448992638000,1785153448992638000,1785153448992638000,121932490,121652369,-173.121,0.000,0.000,1.000,2.000,0.000,0.000,58.000,0,0,0
B3_zmq_pushpull,zmq_tcp,none,none,,1,12533,512,584,1785153448993543000,1785153448993543000,1785153448993543000,1785153448993544000,1785153448993630000,1785153448993633000,1785153448993633000,1785153448993633000,121932490,121652369,-194.121,0.000,0.000,1.000,3.000,0.000,0.000,21.000,0,0,0
B3_zmq_pushpull,zmq_tcp,none,none,,1,12534,512,584,1785153448994536000,1785153448994536000,1785153448994536000,1785153448994537000,1785153448994617000,1785153448994620000,1785153448994620000,1785153448994620000,121932490,121652369,-200.121,0.000,0.000,1.000,3.000,0.000,0.000,6.000,0,0,0
B3_zmq_pushpull,zmq_tcp,none,none,,1,12535,512,584,1785153448995541000,1785153448995542000,1785153448995542000,1785153448995543000,1785153448995635000,1785153448995638000,1785153448995638000,1785153448995638000,121932490,121652369,-188.121,1.000,0.000,1.000,3.000,0.000,0.000,12.000,0,0,0
B3_zmq_pushpull,zmq_tcp,none,none,,1,12536,512,584,1785153448996541000,1785153448996541000,1785153448996541000,1785153448996542000,1785153448996644000,1785153448996646000,1785153448996646000,1785153448996646000,121932490,121652369,-178.121,0.000,0.000,1.000,2.000,0.000,0.000,10.000,0,0,0
B3_zmq_pushpull,zmq_tcp,none,none,,1,12537,512,584,1785153448997540000,1785153448997540000,1785153448997540000,1785153448997541000,1785153448997644000,1785153448997646000,1785153448997646000,1785153448997646000,121932490,121652369,-177.121,0.000,0.000,1.000,2.000,0.000,0.000,1.000,0,0,0
B3_zmq_pushpull,zmq_tcp,none,none,,1,12538,512,584,1785153448998541000,1785153448998541000,1785153448998542000,1785153448998542000,1785153448998658000,1785153448998661000,1785153448998661000,1785153448998661000,121932490,121652369,-164.121,0.000,1.000,0.000,3.000,0.000,0.000,13.000,0,0,0
B3_zmq_pushpull,zmq_tcp,none,none,,1,12539,512,584,1785153448999540000,1785153448999540000,1785153448999540000,1785153448999541000,1785153448999636000,1785153448999638000,1785153448999638000,1785153448999638000,121932490,121652369,-185.121,0.000,0.000,1.000,2.000,0.000,0.000,21.000,0,0,0
B3_zmq_pushpull,zmq_tcp,none,none,,1,12540,512,584,1785153449000540000,1785153449000540000,1785153449000540000,1785153449000541000,1785153449000622000,1785153449000625000,1785153449000625000,1785153449000625000,121932490,121652369,-199.121,0.000,0.000,1.000,3.000,0.000,0.000,14.000,0,0,0
B3_zmq_pushpull,zmq_tcp,none,none,,1,12541,512,584,1785153449001541000,1785153449001541000,1785153449001541000,1785153449001542000,1785153449001626000,1785153449001629000,1785153449001629000,1785153449001629000,121932490,121652369,-196.121,0.000,0.000,1.000,3.000,0.000,0.000,3.000,0,0,0
B3_zmq_pushpull,zmq_tcp,none,none,,1,12542,512,584,1785153449002540000,1785153449002540000,1785153449002540000,1785153449002541000,1785153449002638000,1785153449002641000,1785153449002641000,1785153449002641000,121932490,121652369,-183.121,0.000,0.000,1.000,3.000,0.000,0.000,13.000,0,0,0
B3_zmq_pushpull,zmq_tcp,none,none,,1,12543,512,584,1785153449003540000,1785153449003540000,1785153449003540000,1785153449003541000,1785153449003632000,1785153449003635000,1785153449003635000,1785153449003635000,121932490,121652369,-189.121,0.000,0.000,1.000,3.000,0.000,0.000,6.000,0,0,0
B3_zmq_pushpull,zmq_tcp,none,none,,1,12544,512,584,1785153449004540000,1785153449004540000,1785153449004540000,1785153449004541000,1785153449004653000,1785153449004657000,1785153449004657000,1785153449004657000,121932490,121652369,-168.121,0.000,0.000,1.000,4.000,0.000,0.000,21.000,0,0,0
B3_zmq_pushpull,zmq_tcp,none,none,,1,12545,512,584,1785153449005359000,1785153449005359000,1785153449005359000,1785153449005360000,1785153449005518000,1785153449005521000,1785153449005521000,1785153449005521000,121932490,121652369,-122.121,0.000,0.000,1.000,3.000,0.000,0.000,46.000,0,0,0
B3_zmq_pushpull,zmq_tcp,none,none,,1,12546,512,584,1785153449006352000,1785153449006353000,1785153449006353000,1785153449006354000,1785153449006509000,1785153449006512000,1785153449006512000,1785153449006512000,121932490,121652369,-125.121,1.000,0.000,1.000,3.000,0.000,0.000,3.000,0,0,0
B3_zmq_pushpull,zmq_tcp,none,none,,1,12547,512,584,1785153449007354000,1785153449007354000,1785153449007354000,1785153449007355000,1785153449007487000,1785153449007489000,1785153449007489000,1785153449007489000,121932490,121652369,-148.121,0.000,0.000,1.000,2.000,0.000,0.000,23.000,0,0,0
B3_zmq_pushpull,zmq_tcp,none,none,,1,12548,512,584,1785153449008352000,1785153449008352000,1785153449008352000,1785153449008353000,1785153449008494000,1785153449008496000,1785153449008496000,1785153449008496000,121932490,121652369,-139.121,0.000,0.000,1.000,2.000,0.000,0.000,9.000,0,0,0
B3_zmq_pushpull,zmq_tcp,none,none,,1,12549,512,584,1785153449009347000,1785153449009347000,1785153449009347000,1785153449009348000,1785153449009492000,1785153449009494000,1785153449009494000,1785153449009494000,121932490,121652369,-136.121,0.000,0.000,1.000,2.000,0.000,0.000,3.000,0,0,0
B3_zmq_pushpull,zmq_tcp,none,none,,1,12550,512,584,1785153449010352000,1785153449010352000,1785153449010352000,1785153449010353000,1785153449010497000,1785153449010500000,1785153449010500000,1785153449010500000,121932490,121652369,-136.121,0.000,0.000,1.000,3.000,0.000,0.000,0.000,0,0,0
B3_zmq_pushpull,zmq_tcp,none,none,,1,12551,512,584,1785153449011354000,1785153449011355000,1785153449011355000,1785153449011356000,1785153449011504000,1785153449011506000,1785153449011506000,1785153449011506000,121932490,121652369,-132.121,1.000,0.000,1.000,2.000,0.000,0.000,4.000,0,0,0
B3_zmq_pushpull,zmq_tcp,none,none,,1,12552,512,584,1785153449012587000,1785153449012587000,1785153449012587000,1785153449012588000,1785153449012646000,1785153449012650000,1785153449012650000,1785153449012650000,121932490,121652369,-222.121,0.000,0.000,1.000,4.000,0.000,0.000,90.000,0,0,0
B3_zmq_pushpull,zmq_tcp,none,none,,1,12553,512,584,1785153449013526000,1785153449013526000,1785153449013526000,1785153449013527000,1785153449013618000,1785153449013621000,1785153449013621000,1785153449013621000,121932490,121652369,-189.121,0.000,0.000,1.000,3.000,0.000,0.000,33.000,0,0,0
B3_zmq_pushpull,zmq_tcp,none,none,,1,12554,512,584,1785153449014544000,1785153449014544000,1785153449014544000,1785153449014545000,1785153449014613000,1785153449014616000,1785153449014616000,1785153449014616000,121932490,121652369,-212.121,0.000,0.000,1.000,3.000,0.000,0.000,23.000,0,0,0
B3_zmq_pushpull,zmq_tcp,none,none,,1,12555,512,584,1785153449015539000,1785153449015539000,1785153449015539000,1785153449015540000,1785153449015607000,1785153449015610000,1785153449015611000,1785153449015611000,121932490,121652369,-213.121,0.000,0.000,1.000,3.000,1.000,0.000,1.000,0,0,0
B3_zmq_pushpull,zmq_tcp,none,none,,1,12556,512,584,1785153449016452000,1785153449016453000,1785153449016453000,1785153449016454000,1785153449016612000,1785153449016614000,1785153449016614000,1785153449016614000,121932490,121652369,-122.121,1.000,0.000,1.000,2.000,0.000,0.000,91.000,0,0,0
B3_zmq_pushpull,zmq_tcp,none,none,,1,12557,512,584,1785153449017465000,1785153449017465000,1785153449017465000,1785153449017466000,1785153449017622000,1785153449017625000,1785153449017625000,1785153449017625000,121932490,121652369,-124.121,0.000,0.000,1.000,3.000,0.000,0.000,2.000,0,0,0
B3_zmq_pushpull,zmq_tcp,none,none,,1,12558,512,584,1785153449018345000,1785153449018346000,1785153449018346000,1785153449018347000,1785153449018493000,1785153449018496000,1785153449018496000,1785153449018496000,121932490,121652369,-134.121,1.000,0.000,1.000,3.000,0.000,0.000,10.000,0,0,0
B3_zmq_pushpull,zmq_tcp,none,none,,1,12559,512,584,1785153449019461000,1785153449019461000,1785153449019462000,1785153449019463000,1785153449019616000,1785153449019619000,1785153449019619000,1785153449019619000,121932490,121652369,-127.121,0.000,1.000,1.000,3.000,0.000,0.000,7.000,0,0,0
B3_zmq_pushpull,zmq_tcp,none,none,,1,12560,512,584,1785153449020458000,1785153449020458000,1785153449020458000,1785153449020459000,1785153449020602000,1785153449020605000,1785153449020605000,1785153449020605000,121932490,121652369,-137.121,0.000,0.000,1.000,3.000,0.000,0.000,10.000,0,0,0
B3_zmq_pushpull,zmq_tcp,none,none,,1,12561,512,584,1785153449021560000,1785153449021560000,1785153449021561000,1785153449021561000,1785153449021608000,1785153449021610000,1785153449021610000,1785153449021610000,121932490,121652369,-233.121,0.000,1.000,0.000,2.000,0.000,0.000,96.000,0,0,0
B3_zmq_pushpull,zmq_tcp,none,none,,1,12562,512,584,1785153449022536000,1785153449022536000,1785153449022536000,1785153449022537000,1785153449022609000,1785153449022612000,1785153449022612000,1785153449022612000,121932490,121652369,-208.121,0.000,0.000,1.000,3.000,0.000,0.000,25.000,0,0,0
B3_zmq_pushpull,zmq_tcp,none,none,,1,12563,512,584,1785153449023539000,1785153449023539000,1785153449023539000,1785153449023540000,1785153449023633000,1785153449023636000,1785153449023636000,1785153449023636000,121932490,121652369,-187.121,0.000,0.000,1.000,3.000,0.000,0.000,21.000,0,0,0
B3_zmq_pushpull,zmq_tcp,none,none,,1,12564,512,584,1785153449024542000,1785153449024542000,1785153449024542000,1785153449024543000,1785153449024630000,1785153449024633000,1785153449024633000,1785153449024633000,121932490,121652369,-193.121,0.000,0.000,1.000,3.000,0.000,0.000,6.000,0,0,0
B3_zmq_pushpull,zmq_tcp,none,none,,1,12565,512,584,1785153449025469000,1785153449025469000,1785153449025469000,1785153449025470000,1785153449025626000,1785153449025629000,1785153449025629000,1785153449025629000,121932490,121652369,-124.121,0.000,0.000,1.000,3.000,0.000,0.000,69.000,0,0,0
B3_zmq_pushpull,zmq_tcp,none,none,,1,12566,512,584,1785153449026350000,1785153449026350000,1785153449026350000,1785153449026351000,1785153449026494000,1785153449026497000,1785153449026497000,1785153449026497000,121932490,121652369,-137.121,0.000,0.000,1.000,3.000,0.000,0.000,13.000,0,0,0
B3_zmq_pushpull,zmq_tcp,none,none,,1,12567,512,584,1785153449027342000,1785153449027342000,1785153449027342000,1785153449027343000,1785153449027484000,1785153449027486000,1785153449027486000,1785153449027486000,121932490,121652369,-139.121,0.000,0.000,1.000,2.000,0.000,0.000,2.000,0,0,0
B3_zmq_pushpull,zmq_tcp,none,none,,1,12568,512,584,1785153449028347000,1785153449028347000,1785153449028347000,1785153449028348000,1785153449028488000,1785153449028490000,1785153449028490000,1785153449028490000,121932490,121652369,-140.121,0.000,0.000,1.000,2.000,0.000,0.000,1.000,0,0,0
B3_zmq_pushpull,zmq_tcp,none,none,,1,12569,512,584,1785153449029345000,1785153449029345000,1785153449029345000,1785153449029346000,1785153449029487000,1785153449029490000,1785153449029490000,1785153449029490000,121932490,121652369,-139.121,0.000,0.000,1.000,3.000,0.000,0.000,1.000,0,0,0
B3_zmq_pushpull,zmq_tcp,none,none,,1,12570,512,584,1785153449030347000,1785153449030347000,1785153449030347000,1785153449030348000,1785153449030492000,1785153449030494000,1785153449030494000,1785153449030494000,121932490,121652369,-136.121,0.000,0.000,1.000,2.000,0.000,0.000,3.000,0,0,0
B3_zmq_pushpull,zmq_tcp,none,none,,1,12571,512,584,1785153449031470000,1785153449031470000,1785153449031470000,1785153449031472000,1785153449031622000,1785153449031625000,1785153449031625000,1785153449031625000,121932490,121652369,-130.121,0.000,0.000,2.000,3.000,0.000,0.000,6.000,0,0,0
B3_zmq_pushpull,zmq_tcp,none,none,,1,12572,512,584,1785153449032349000,1785153449032349000,1785153449032349000,1785153449032350000,1785153449032494000,1785153449032497000,1785153449032497000,1785153449032497000,121932490,121652369,-136.121,0.000,0.000,1.000,3.000,0.000,0.000,6.000,0,0,0
B3_zmq_pushpull,zmq_tcp,none,none,,1,12573,512,584,1785153449033357000,1785153449033357000,1785153449033357000,1785153449033358000,1785153449033514000,1785153449033517000,1785153449033517000,1785153449033517000,121932490,121652369,-124.121,0.000,0.000,1.000,3.000,0.000,0.000,12.000,0,0,0
B3_zmq_pushpull,zmq_tcp,none,none,,1,12574,512,584,1785153449034583000,1785153449034583000,1785153449034583000,1785153449034584000,1785153449034650000,1785153449034653000,1785153449034653000,1785153449034653000,121932490,121652369,-214.121,0.000,0.000,1.000,3.000,0.000,0.000,90.000,0,0,0
B3_zmq_pushpull,zmq_tcp,none,none,,1,12575,512,584,1785153449035530000,1785153449035530000,1785153449035530000,1785153449035531000,1785153449035646000,1785153449035649000,1785153449035649000,1785153449035649000,121932490,121652369,-165.121,0.000,0.000,1.000,3.000,0.000,0.000,49.000,0,0,0
B3_zmq_pushpull,zmq_tcp,none,none,,1,12576,512,584,1785153449036543000,1785153449036543000,1785153449036543000,1785153449036544000,1785153449036649000,1785153449036652000,1785153449036652000,1785153449036652000,121932490,121652369,-175.121,0.000,0.000,1.000,3.000,0.000,0.000,10.000,0,0,0
B3_zmq_pushpull,zmq_tcp,none,none,,1,12577,512,584,1785153449037537000,1785153449037538000,1785153449037538000,1785153449037539000,1785153449037652000,1785153449037659000,1785153449037659000,1785153449037659000,121932490,121652369,-167.121,1.000,0.000,1.000,7.000,0.000,0.000,8.000,0,0,0
B3_zmq_pushpull,zmq_tcp,none,none,,1,12578,512,584,1785153449038541000,1785153449038542000,1785153449038542000,1785153449038543000,1785153449038661000,1785153449038664000,1785153449038664000,1785153449038664000,121932490,121652369,-162.121,1.000,0.000,1.000,3.000,0.000,0.000,5.000,0,0,0
B3_zmq_pushpull,zmq_tcp,none,none,,1,12579,512,584,1785153449039541000,1785153449039542000,1785153449039542000,1785153449039543000,1785153449039645000,1785153449039648000,1785153449039648000,1785153449039648000,121932490,121652369,-178.121,1.000,0.000,1.000,3.000,0.000,0.000,16.000,0,0,0
B3_zmq_pushpull,zmq_tcp,none,none,,1,12580,512,584,1785153449040508000,1785153449040509000,1785153449040509000,1785153449040510000,1785153449040651000,1785153449040653000,1785153449040653000,1785153449040653000,121932490,121652369,-139.121,1.000,0.000,1.000,2.000,0.000,0.000,39.000,0,0,0
B3_zmq_pushpull,zmq_tcp,none,none,,1,12581,512,584,1785153449041360000,1785153449041360000,1785153449041360000,1785153449041361000,1785153449041513000,1785153449041516000,1785153449041516000,1785153449041516000,121932490,121652369,-128.121,0.000,0.000,1.000,3.000,0.000,0.000,11.000,0,0,0
B3_zmq_pushpull,zmq_tcp,none,none,,1,12582,512,584,1785153449042586000,1785153449042586000,1785153449042586000,1785153449042587000,1785153449042640000,1785153449042643000,1785153449042643000,1785153449042643000,121932490,121652369,-227.121,0.000,0.000,1.000,3.000,0.000,0.000,99.000,0,0,0
B3_zmq_pushpull,zmq_tcp,none,none,,1,12583,512,584,1785153449043530000,1785153449043530000,1785153449043530000,1785153449043531000,1785153449043623000,1785153449043625000,1785153449043625000,1785153449043625000,121932490,121652369,-188.121,0.000,0.000,1.000,2.000,0.000,0.000,39.000,0,0,0
B3_zmq_pushpull,zmq_tcp,none,none,,1,12584,512,584,1785153449044540000,1785153449044541000,1785153449044541000,1785153449044541000,1785153449044624000,1785153449044626000,1785153449044627000,1785153449044627000,121932490,121652369,-197.121,1.000,0.000,0.000,2.000,1.000,0.000,9.000,0,0,0
B3_zmq_pushpull,zmq_tcp,none,none,,1,12585,512,584,1785153449045542000,1785153449045542000,1785153449045542000,1785153449045543000,1785153449045636000,1785153449045638000,1785153449045638000,1785153449045638000,121932490,121652369,-187.121,0.000,0.000,1.000,2.000,0.000,0.000,10.000,0,0,0
B3_zmq_pushpull,zmq_tcp,none,none,,1,12586,512,584,1785153449046543000,1785153449046543000,1785153449046543000,1785153449046544000,1785153449046614000,1785153449046617000,1785153449046617000,1785153449046617000,121932490,121652369,-210.121,0.000,0.000,1.000,3.000,0.000,0.000,23.000,0,0,0
B3_zmq_pushpull,zmq_tcp,none,none,,1,12587,512,584,1785153449047540000,1785153449047541000,1785153449047541000,1785153449047542000,1785153449047621000,1785153449047624000,1785153449047624000,1785153449047624000,121932490,121652369,-201.121,1.000,0.000,1.000,3.000,0.000,0.000,9.000,0,0,0
B3_zmq_pushpull,zmq_tcp,none,none,,1,12588,512,584,1785153449048540000,1785153449048540000,1785153449048541000,1785153449048541000,1785153449048616000,1785153449048618000,1785153449048618000,1785153449048618000,121932490,121652369,-205.121,0.000,1.000,0.000,2.000,0.000,0.000,4.000,0,0,0
B3_zmq_pushpull,zmq_tcp,none,none,,1,12589,512,584,1785153449049540000,1785153449049540000,1785153449049541000,1785153449049541000,1785153449049612000,1785153449049614000,1785153449049614000,1785153449049614000,121932490,121652369,-209.121,0.000,1.000,0.000,2.000,0.000,0.000,4.000,0,0,0
B3_zmq_pushpull,zmq_tcp,none,none,,1,12590,512,584,1785153449050540000,1785153449050541000,1785153449050541000,1785153449050542000,1785153449050616000,1785153449050619000,1785153449050619000,1785153449050619000,121932490,121652369,-206.121,1.000,0.000,1.000,3.000,0.000,0.000,3.000,0,0,0
B3_zmq_pushpull,zmq_tcp,none,none,,1,12591,512,584,1785153449051539000,1785153449051539000,1785153449051539000,1785153449051540000,1785153449051617000,1785153449051620000,1785153449051620000,1785153449051620000,121932490,121652369,-203.121,0.000,0.000,1.000,3.000,0.000,0.000,3.000,0,0,0
B3_zmq_pushpull,zmq_tcp,none,none,,1,12592,512,584,1785153449052542000,1785153449052542000,1785153449052542000,1785153449052543000,1785153449052625000,1785153449052629000,1785153449052629000,1785153449052629000,121932490,121652369,-198.121,0.000,0.000,1.000,4.000,0.000,0.000,5.000,0,0,0
B3_zmq_pushpull,zmq_tcp,none,none,,1,12593,512,584,1785153449053541000,1785153449053542000,1785153449053542000,1785153449053543000,1785153449053651000,1785153449053653000,1785153449053653000,1785153449053653000,121932490,121652369,-172.121,1.000,0.000,1.000,2.000,0.000,0.000,26.000,0,0,0
B3_zmq_pushpull,zmq_tcp,none,none,,1,12594,512,584,1785153449054539000,1785153449054539000,1785153449054539000,1785153449054540000,1785153449054652000,1785153449054655000,1785153449054655000,1785153449054655000,121932490,121652369,-168.121,0.000,0.000,1.000,3.000,0.000,0.000,4.000,0,0,0
B3_zmq_pushpull,zmq_tcp,none,none,,1,12595,512,584,1785153449055540000,1785153449055541000,1785153449055541000,1785153449055542000,1785153449055639000,1785153449055641000,1785153449055641000,1785153449055641000,121932490,121652369,-183.121,1.000,0.000,1.000,2.000,0.000,0.000,15.000,0,0,0
B3_zmq_pushpull,zmq_tcp,none,none,,1,12596,512,584,1785153449056541000,1785153449056541000,1785153449056541000,1785153449056542000,1785153449056643000,1785153449056645000,1785153449056645000,1785153449056645000,121932490,121652369,-179.121,0.000,0.000,1.000,2.000,0.000,0.000,4.000,0,0,0
B3_zmq_pushpull,zmq_tcp,none,none,,1,12597,512,584,1785153449057541000,1785153449057541000,1785153449057541000,1785153449057542000,1785153449057617000,1785153449057620000,1785153449057620000,1785153449057620000,121932490,121652369,-205.121,0.000,0.000,1.000,3.000,0.000,0.000,26.000,0,0,0
B3_zmq_pushpull,zmq_tcp,none,none,,1,12598,512,584,1785153449058537000,1785153449058537000,1785153449058537000,1785153449058538000,1785153449058631000,1785153449058633000,1785153449058633000,1785153449058633000,121932490,121652369,-187.121,0.000,0.000,1.000,2.000,0.000,0.000,18.000,0,0,0
B3_zmq_pushpull,zmq_tcp,none,none,,1,12599,512,584,1785153449059541000,1785153449059542000,1785153449059542000,1785153449059543000,1785153449059635000,1785153449059637000,1785153449059637000,1785153449059637000,121932490,121652369,-188.121,1.000,0.000,1.000,2.000,0.000,0.000,1.000,0,0,0
B3_zmq_pushpull,zmq_tcp,none,none,,1,12600,512,584,1785153449060541000,1785153449060541000,1785153449060541000,1785153449060542000,1785153449060647000,1785153449060649000,1785153449060649000,1785153449060649000,121932490,121652369,-175.121,0.000,0.000,1.000,2.000,0.000,0.000,13.000,0,0,0
B3_zmq_pushpull,zmq_tcp,none,none,,1,12601,512,584,1785153449061540000,1785153449061540000,1785153449061540000,1785153449061541000,1785153449061648000,1785153449061651000,1785153449061651000,1785153449061651000,121932490,121652369,-173.121,0.000,0.000,1.000,3.000,0.000,0.000,2.000,0,0,0
B3_zmq_pushpull,zmq_tcp,none,none,,1,12602,512,584,1785153449062540000,1785153449062540000,1785153449062540000,1785153449062541000,1785153449062652000,1785153449062655000,1785153449062655000,1785153449062655000,121932490,121652369,-169.121,0.000,0.000,1.000,3.000,0.000,0.000,4.000,0,0,0
B3_zmq_pushpull,zmq_tcp,none,none,,1,12603,512,584,1785153449063540000,1785153449063541000,1785153449063541000,1785153449063542000,1785153449063639000,1785153449063641000,1785153449063641000,1785153449063641000,121932490,121652369,-183.121,1.000,0.000,1.000,2.000,0.000,0.000,14.000,0,0,0
B3_zmq_pushpull,zmq_tcp,none,none,,1,12604,512,584,1785153449064541000,1785153449064541000,1785153449064542000,1785153449064542000,1785153449064623000,1785153449064625000,1785153449064625000,1785153449064625000,121932490,121652369,-199.121,0.000,1.000,0.000,2.000,0.000,0.000,16.000,0,0,0
B3_zmq_pushpull,zmq_tcp,none,none,,1,12605,512,584,1785153449065538000,1785153449065538000,1785153449065538000,1785153449065539000,1785153449065620000,1785153449065622000,1785153449065623000,1785153449065623000,121932490,121652369,-199.121,0.000,0.000,1.000,2.000,1.000,0.000,0.000,0,0,0
B3_zmq_pushpull,zmq_tcp,none,none,,1,12606,512,584,1785153449066542000,1785153449066542000,1785153449066542000,1785153449066543000,1785153449066617000,1785153449066620000,1785153449066620000,1785153449066620000,121932490,121652369,-206.121,0.000,0.000,1.000,3.000,0.000,0.000,7.000,0,0,0
B3_zmq_pushpull,zmq_tcp,none,none,,1,12607,512,584,1785153449067541000,1785153449067542000,1785153449067542000,1785153449067543000,1785153449067629000,1785153449067632000,1785153449067632000,1785153449067632000,121932490,121652369,-194.121,1.000,0.000,1.000,3.000,0.000,0.000,12.000,0,0,0
B3_zmq_pushpull,zmq_tcp,none,none,,1,12608,512,584,1785153449068541000,1785153449068541000,1785153449068541000,1785153449068542000,1785153449068620000,1785153449068623000,1785153449068623000,1785153449068623000,121932490,121652369,-202.121,0.000,0.000,1.000,3.000,0.000,0.000,8.000,0,0,0
B3_zmq_pushpull,zmq_tcp,none,none,,1,12609,512,584,1785153449069538000,1785153449069538000,1785153449069538000,1785153449069539000,1785153449069607000,1785153449069610000,1785153449069610000,1785153449069610000,121932490,121652369,-212.121,0.000,0.000,1.000,3.000,0.000,0.000,10.000,0,0,0
B3_zmq_pushpull,zmq_tcp,none,none,,1,12610,512,584,1785153449070542000,1785153449070542000,1785153449070542000,1785153449070543000,1785153449070593000,1785153449070596000,1785153449070596000,1785153449070596000,121932490,121652369,-230.121,0.000,0.000,1.000,3.000,0.000,0.000,18.000,0,0,0
B3_zmq_pushpull,zmq_tcp,none,none,,1,12611,512,584,1785153449071545000,1785153449071545000,1785153449071545000,1785153449071546000,1785153449071727000,1785153449071729000,1785153449071729000,1785153449071729000,121932490,121652369,-99.121,0.000,0.000,1.000,2.000,0.000,0.000,131.000,0,0,0
B3_zmq_pushpull,zmq_tcp,none,none,,1,12612,512,584,1785153449072441000,1785153449072441000,1785153449072441000,1785153449072442000,1785153449072595000,1785153449072597000,1785153449072597000,1785153449072597000,121932490,121652369,-127.121,0.000,0.000,1.000,2.000,0.000,0.000,28.000,0,0,0
B3_zmq_pushpull,zmq_tcp,none,none,,1,12613,512,584,1785153449073441000,1785153449073441000,1785153449073441000,1785153449073442000,1785153449073593000,1785153449073596000,1785153449073596000,1785153449073596000,121932490,121652369,-129.121,0.000,0.000,1.000,3.000,0.000,0.000,2.000,0,0,0
B3_zmq_pushpull,zmq_tcp,none,none,,1,12614,512,584,1785153449074434000,1785153449074434000,1785153449074434000,1785153449074435000,1785153449074590000,1785153449074593000,1785153449074593000,1785153449074593000,121932490,121652369,-125.121,0.000,0.000,1.000,3.000,0.000,0.000,4.000,0,0,0
B3_zmq_pushpull,zmq_tcp,none,none,,1,12615,512,584,1785153449075434000,1785153449075434000,1785153449075434000,1785153449075435000,1785153449075588000,1785153449075591000,1785153449075591000,1785153449075591000,121932490,121652369,-127.121,0.000,0.000,1.000,3.000,0.000,0.000,2.000,0,0,0
B3_zmq_pushpull,zmq_tcp,none,none,,1,12616,512,584,1785153449076438000,1785153449076438000,1785153449076438000,1785153449076439000,1785153449076594000,1785153449076597000,1785153449076597000,1785153449076597000,121932490,121652369,-125.121,0.000,0.000,1.000,3.000,0.000,0.000,2.000,0,0,0
B3_zmq_pushpull,zmq_tcp,none,none,,1,12617,512,584,1785153449077438000,1785153449077438000,1785153449077438000,1785153449077439000,1785153449077596000,1785153449077599000,1785153449077599000,1785153449077599000,121932490,121652369,-123.121,0.000,0.000,1.000,3.000,0.000,0.000,2.000,0,0,0
B3_zmq_pushpull,zmq_tcp,none,none,,1,12618,512,584,1785153449078567000,1785153449078568000,1785153449078568000,1785153449078569000,1785153449078745000,1785153449078748000,1785153449078748000,1785153449078748000,121932490,121652369,-104.121,1.000,0.000,1.000,3.000,0.000,0.000,19.000,0,0,0
B3_zmq_pushpull,zmq_tcp,none,none,,1,12619,512,584,1785153449079531000,1785153449079531000,1785153449079531000,1785153449079532000,1785153449079598000,1785153449079601000,1785153449079601000,1785153449079601000,121932490,121652369,-214.121,0.000,0.000,1.000,3.000,0.000,0.000,110.000,0,0,0
B3_zmq_pushpull,zmq_tcp,none,none,,1,12620,512,584,1785153449080545000,1785153449080545000,1785153449080545000,1785153449080546000,1785153449080599000,1785153449080603000,1785153449080603000,1785153449080603000,121932490,121652369,-227.121,0.000,0.000,1.000,4.000,0.000,0.000,13.000,0,0,0
B3_zmq_pushpull,zmq_tcp,none,none,,1,12621,512,584,1785153449081542000,1785153449081542000,1785153449081542000,1785153449081543000,1785153449081728000,1785153449081731000,1785153449081731000,1785153449081731000,121932490,121652369,-95.121,0.000,0.000,1.000,3.000,0.000,0.000,132.000,0,0,0
B3_zmq_pushpull,zmq_tcp,none,none,,1,12622,512,584,1785153449082438000,1785153449082438000,1785153449082438000,1785153449082439000,1785153449082593000,1785153449082596000,1785153449082596000,1785153449082596000,121932490,121652369,-126.121,0.000,0.000,1.000,3.000,0.000,0.000,31.000,0,0,0
B3_zmq_pushpull,zmq_tcp,none,none,,1,12623,512,584,1785153449083564000,1785153449083564000,1785153449083564000,1785153449083565000,1785153449083723000,1785153449083725000,1785153449083725000,1785153449083725000,121932490,121652369,-122.121,0.000,0.000,1.000,2.000,0.000,0.000,4.000,0,0,0
B3_zmq_pushpull,zmq_tcp,none,none,,1,12624,512,584,1785153449084536000,1785153449084536000,1785153449084536000,1785153449084537000,1785153449084577000,1785153449084580000,1785153449084581000,1785153449084581000,121932490,121652369,-240.121,0.000,0.000,1.000,3.000,1.000,0.000,118.000,0,0,0
B3_zmq_pushpull,zmq_tcp,none,none,,1,12625,512,584,1785153449085544000,1785153449085544000,1785153449085545000,1785153449085545000,1785153449085605000,1785153449085608000,1785153449085608000,1785153449085608000,121932490,121652369,-220.121,0.000,1.000,0.000,3.000,0.000,0.000,20.000,0,0,0
B3_zmq_pushpull,zmq_tcp,none,none,,1,12626,512,584,1785153449086464000,1785153449086464000,1785153449086464000,1785153449086465000,1785153449086623000,1785153449086625000,1785153449086625000,1785153449086625000,121932490,121652369,-122.121,0.000,0.000,1.000,2.000,0.000,0.000,98.000,0,0,0
B3_zmq_pushpull,zmq_tcp,none,none,,1,12627,512,584,1785153449087559000,1785153449087559000,1785153449087559000,1785153449087560000,1785153449087633000,1785153449087636000,1785153449087636000,1785153449087636000,121932490,121652369,-207.121,0.000,0.000,1.000,3.000,0.000,0.000,85.000,0,0,0
B3_zmq_pushpull,zmq_tcp,none,none,,1,12628,512,584,1785153449088537000,1785153449088537000,1785153449088537000,1785153449088538000,1785153449088640000,1785153449088643000,1785153449088643000,1785153449088643000,121932490,121652369,-178.121,0.000,0.000,1.000,3.000,0.000,0.000,29.000,0,0,0
B3_zmq_pushpull,zmq_tcp,none,none,,1,12629,512,584,1785153449089542000,1785153449089542000,1785153449089542000,1785153449089543000,1785153449089628000,1785153449089631000,1785153449089631000,1785153449089631000,121932490,121652369,-195.121,0.000,0.000,1.000,3.000,0.000,0.000,17.000,0,0,0
B3_zmq_pushpull,zmq_tcp,none,none,,1,12630,512,584,1785153449090537000,1785153449090537000,1785153449090537000,1785153449090538000,1785153449090624000,1785153449090627000,1785153449090627000,1785153449090627000,121932490,121652369,-194.121,0.000,0.000,1.000,3.000,0.000,0.000,1.000,0,0,0
B3_zmq_pushpull,zmq_tcp,none,none,,1,12631,512,584,1785153449091542000,1785153449091542000,1785153449091542000,1785153449091543000,1785153449091609000,1785153449091612000,1785153449091612000,1785153449091612000,121932490,121652369,-214.121,0.000,0.000,1.000,3.000,0.000,0.000,20.000,0,0,0
B3_zmq_pushpull,zmq_tcp,none,none,,1,12632,512,584,1785153449092542000,1785153449092542000,1785153449092542000,1785153449092543000,1785153449092615000,1785153449092617000,1785153449092617000,1785153449092617000,121932490,121652369,-208.121,0.000,0.000,1.000,2.000,0.000,0.000,6.000,0,0,0
B3_zmq_pushpull,zmq_tcp,none,none,,1,12633,512,584,1785153449093541000,1785153449093541000,1785153449093541000,1785153449093542000,1785153449093616000,1785153449093619000,1785153449093619000,1785153449093619000,121932490,121652369,-206.121,0.000,0.000,1.000,3.000,0.000,0.000,2.000,0,0,0
B3_zmq_pushpull,zmq_tcp,none,none,,1,12634,512,584,1785153449094541000,1785153449094541000,1785153449094541000,1785153449094542000,1785153449094616000,1785153449094619000,1785153449094619000,1785153449094619000,121932490,121652369,-206.121,0.000,0.000,1.000,3.000,0.000,0.000,0.000,0,0,0
B3_zmq_pushpull,zmq_tcp,none,none,,1,12635,512,584,1785153449095544000,1785153449095544000,1785153449095544000,1785153449095545000,1785153449095608000,1785153449095611000,1785153449095611000,1785153449095611000,121932490,121652369,-217.121,0.000,0.000,1.000,3.000,0.000,0.000,11.000,0,0,0
B3_zmq_pushpull,zmq_tcp,none,none,,1,12636,512,584,1785153449096539000,1785153449096539000,1785153449096540000,1785153449096540000,1785153449096580000,1785153449096583000,1785153449096583000,1785153449096583000,121932490,121652369,-240.121,0.000,1.000,0.000,3.000,0.000,0.000,23.000,0,0,0
B3_zmq_pushpull,zmq_tcp,none,none,,1,12637,512,584,1785153449097541000,1785153449097541000,1785153449097541000,1785153449097542000,1785153449097708000,1785153449097711000,1785153449097711000,1785153449097711000,121932490,121652369,-114.121,0.000,0.000,1.000,3.000,0.000,0.000,126.000,0,0,0
B3_zmq_pushpull,zmq_tcp,none,none,,1,12638,512,584,1785153449098419000,1785153449098419000,1785153449098419000,1785153449098420000,1785153449098563000,1785153449098565000,1785153449098566000,1785153449098566000,121932490,121652369,-137.121,0.000,0.000,1.000,2.000,1.000,0.000,23.000,0,0,0
B3_zmq_pushpull,zmq_tcp,none,none,,1,12639,512,584,1785153449099571000,1785153449099571000,1785153449099572000,1785153449099572000,1785153449099684000,1785153449099687000,1785153449099687000,1785153449099687000,121932490,121652369,-168.121,0.000,1.000,0.000,3.000,0.000,0.000,31.000,0,0,0
B3_zmq_pushpull,zmq_tcp,none,none,,1,12640,512,584,1785153449100535000,1785153449100536000,1785153449100536000,1785153449100537000,1785153449100681000,1785153449100684000,1785153449100684000,1785153449100684000,121932490,121652369,-136.121,1.000,0.000,1.000,3.000,0.000,0.000,32.000,0,0,0
B3_zmq_pushpull,zmq_tcp,none,none,,1,12641,512,584,1785153449101542000,1785153449101542000,1785153449101542000,1785153449101543000,1785153449101672000,1785153449101675000,1785153449101675000,1785153449101675000,121932490,121652369,-151.121,0.000,0.000,1.000,3.000,0.000,0.000,15.000,0,0,0
B3_zmq_pushpull,zmq_tcp,none,none,,1,12642,512,584,1785153449102542000,1785153449102542000,1785153449102542000,1785153449102543000,1785153449102687000,1785153449102689000,1785153449102689000,1785153449102689000,121932490,121652369,-136.121,0.000,0.000,1.000,2.000,0.000,0.000,15.000,0,0,0
B3_zmq_pushpull,zmq_tcp,none,none,,1,12643,512,584,1785153449103541000,1785153449103541000,1785153449103541000,1785153449103542000,1785153449103692000,1785153449103695000,1785153449103695000,1785153449103695000,121932490,121652369,-130.121,0.000,0.000,1.000,3.000,0.000,0.000,6.000,0,0,0
B3_zmq_pushpull,zmq_tcp,none,none,,1,12644,512,584,1785153449104384000,1785153449104384000,1785153449104384000,1785153449104385000,1785153449104528000,1785153449104531000,1785153449104531000,1785153449104531000,121932490,121652369,-137.121,0.000,0.000,1.000,3.000,0.000,0.000,7.000,0,0,0
B3_zmq_pushpull,zmq_tcp,none,none,,1,12645,512,584,1785153449105581000,1785153449105581000,1785153449105581000,1785153449105582000,1785153449105674000,1785153449105676000,1785153449105676000,1785153449105676000,121932490,121652369,-188.121,0.000,0.000,1.000,2.000,0.000,0.000,51.000,0,0,0
B3_zmq_pushpull,zmq_tcp,none,none,,1,12646,512,584,1785153449106527000,1785153449106527000,1785153449106527000,1785153449106528000,1785153449106677000,1785153449106680000,1785153449106680000,1785153449106680000,121932490,121652369,-131.121,0.000,0.000,1.000,3.000,0.000,0.000,57.000,0,0,0
B3_zmq_pushpull,zmq_tcp,none,none,,1,12647,512,584,1785153449107544000,1785153449107545000,1785153449107545000,1785153449107546000,1785153449107676000,1785153449107679000,1785153449107679000,1785153449107679000,121932490,121652369,-150.121,1.000,0.000,1.000,3.000,0.000,0.000,19.000,0,0,0
B3_zmq_pushpull,zmq_tcp,none,none,,1,12648,512,584,1785153449108542000,1785153449108542000,1785153449108542000,1785153449108543000,1785153449108680000,1785153449108683000,1785153449108683000,1785153449108683000,121932490,121652369,-143.121,0.000,0.000,1.000,3.000,0.000,0.000,7.000,0,0,0
B3_zmq_pushpull,zmq_tcp,none,none,,1,12649,512,584,1785153449109541000,1785153449109541000,1785153449109541000,1785153449109542000,1785153449109696000,1785153449109699000,1785153449109699000,1785153449109699000,121932490,121652369,-126.121,0.000,0.000,1.000,3.000,0.000,0.000,17.000,0,0,0
B3_zmq_pushpull,zmq_tcp,none,none,,1,12650,512,584,1785153449110539000,1785153449110539000,1785153449110539000,1785153449110540000,1785153449110679000,1785153449110682000,1785153449110682000,1785153449110682000,121932490,121652369,-141.121,0.000,0.000,1.000,3.000,0.000,0.000,15.000,0,0,0
B3_zmq_pushpull,zmq_tcp,none,none,,1,12651,512,584,1785153449111542000,1785153449111542000,1785153449111542000,1785153449111543000,1785153449111679000,1785153449111681000,1785153449111682000,1785153449111682000,121932490,121652369,-144.121,0.000,0.000,1.000,2.000,1.000,0.000,3.000,0,0,0
B3_zmq_pushpull,zmq_tcp,none,none,,1,12652,512,584,1785153449112540000,1785153449112540000,1785153449112540000,1785153449112541000,1785153449112672000,1785153449112674000,1785153449112674000,1785153449112674000,121932490,121652369,-149.121,0.000,0.000,1.000,2.000,0.000,0.000,5.000,0,0,0
B3_zmq_pushpull,zmq_tcp,none,none,,1,12653,512,584,1785153449113391000,1785153449113391000,1785153449113391000,1785153449113392000,1785153449113549000,1785153449113552000,1785153449113552000,1785153449113552000,121932490,121652369,-123.121,0.000,0.000,1.000,3.000,0.000,0.000,26.000,0,0,0
B3_zmq_pushpull,zmq_tcp,none,none,,1,12654,512,584,1785153449114578000,1785153449114578000,1785153449114578000,1785153449114579000,1785153449114675000,1785153449114677000,1785153449114677000,1785153449114677000,121932490,121652369,-184.121,0.000,0.000,1.000,2.000,0.000,0.000,61.000,0,0,0
B3_zmq_pushpull,zmq_tcp,none,none,,1,12655,512,584,1785153449115533000,1785153449115533000,1785153449115534000,1785153449115534000,1785153449115674000,1785153449115676000,1785153449115676000,1785153449115676000,121932490,121652369,-140.121,0.000,1.000,0.000,2.000,0.000,0.000,44.000,0,0,0
B3_zmq_pushpull,zmq_tcp,none,none,,1,12656,512,584,1785153449116544000,1785153449116544000,1785153449116545000,1785153449116545000,1785153449116672000,1785153449116675000,1785153449116675000,1785153449116675000,121932490,121652369,-153.121,0.000,1.000,0.000,3.000,0.000,0.000,13.000,0,0,0
B3_zmq_pushpull,zmq_tcp,none,none,,1,12657,512,584,1785153449117539000,1785153449117539000,1785153449117539000,1785153449117540000,1785153449117668000,1785153449117671000,1785153449117671000,1785153449117671000,121932490,121652369,-152.121,0.000,0.000,1.000,3.000,0.000,0.000,1.000,0,0,0
B3_zmq_pushpull,zmq_tcp,none,none,,1,12658,512,584,1785153449118541000,1785153449118541000,1785153449118541000,1785153449118542000,1785153449118646000,1785153449118648000,1785153449118648000,1785153449118648000,121932490,121652369,-176.121,0.000,0.000,1.000,2.000,0.000,0.000,24.000,0,0,0
B3_zmq_pushpull,zmq_tcp,none,none,,1,12659,512,584,1785153449119541000,1785153449119541000,1785153449119541000,1785153449119542000,1785153449119631000,1785153449119634000,1785153449119634000,1785153449119634000,121932490,121652369,-191.121,0.000,0.000,1.000,3.000,0.000,0.000,15.000,0,0,0
B3_zmq_pushpull,zmq_tcp,none,none,,1,12660,512,584,1785153449120541000,1785153449120541000,1785153449120541000,1785153449120542000,1785153449120636000,1785153449120639000,1785153449120639000,1785153449120639000,121932490,121652369,-186.121,0.000,0.000,1.000,3.000,0.000,0.000,5.000,0,0,0
B3_zmq_pushpull,zmq_tcp,none,none,,1,12661,512,584,1785153449121538000,1785153449121538000,1785153449121538000,1785153449121539000,1785153449121636000,1785153449121639000,1785153449121639000,1785153449121639000,121932490,121652369,-183.121,0.000,0.000,1.000,3.000,0.000,0.000,3.000,0,0,0
B3_zmq_pushpull,zmq_tcp,none,none,,1,12662,512,584,1785153449122543000,1785153449122543000,1785153449122543000,1785153449122544000,1785153449122634000,1785153449122637000,1785153449122637000,1785153449122637000,121932490,121652369,-190.121,0.000,0.000,1.000,3.000,0.000,0.000,7.000,0,0,0
B3_zmq_pushpull,zmq_tcp,none,none,,1,12663,512,584,1785153449123542000,1785153449123543000,1785153449123543000,1785153449123544000,1785153449123631000,1785153449123634000,1785153449123634000,1785153449123634000,121932490,121652369,-193.121,1.000,0.000,1.000,3.000,0.000,0.000,3.000,0,0,0
B3_zmq_pushpull,zmq_tcp,none,none,,1,12664,512,584,1785153449124538000,1785153449124539000,1785153449124539000,1785153449124540000,1785153449124610000,1785153449124613000,1785153449124613000,1785153449124613000,121932490,121652369,-210.121,1.000,0.000,1.000,3.000,0.000,0.000,17.000,0,0,0
B3_zmq_pushpull,zmq_tcp,none,none,,1,12665,512,584,1785153449125541000,1785153449125541000,1785153449125541000,1785153449125542000,1785153449125590000,1785153449125593000,1785153449125593000,1785153449125594000,121932490,121652369,-232.121,0.000,0.000,1.000,3.000,0.000,1.000,22.000,0,0,0
B3_zmq_pushpull,zmq_tcp,none,none,,1,12666,512,584,1785153449126419000,1785153449126419000,1785153449126419000,1785153449126420000,1785153449126571000,1785153449126574000,1785153449126574000,1785153449126574000,121932490,121652369,-129.121,0.000,0.000,1.000,3.000,0.000,0.000,103.000,0,0,0
B3_zmq_pushpull,zmq_tcp,none,none,,1,12667,512,584,1785153449127393000,1785153449127393000,1785153449127393000,1785153449127394000,1785153449127537000,1785153449127539000,1785153449127540000,1785153449127540000,121932490,121652369,-137.121,0.000,0.000,1.000,2.000,1.000,0.000,8.000,0,0,0
B3_zmq_pushpull,zmq_tcp,none,none,,1,12668,512,584,1785153449128378000,1785153449128379000,1785153449128379000,1785153449128380000,1785153449128535000,1785153449128538000,1785153449128538000,1785153449128538000,121932490,121652369,-125.121,1.000,0.000,1.000,3.000,0.000,0.000,12.000,0,0,0
B3_zmq_pushpull,zmq_tcp,none,none,,1,12669,512,584,1785153449129581000,1785153449129581000,1785153449129581000,1785153449129582000,1785153449129670000,1785153449129673000,1785153449129673000,1785153449129673000,121932490,121652369,-192.121,0.000,0.000,1.000,3.000,0.000,0.000,67.000,0,0,0
B3_zmq_pushpull,zmq_tcp,none,none,,1,12670,512,584,1785153449130530000,1785153449130530000,1785153449130531000,1785153449130531000,1785153449130669000,1785153449130672000,1785153449130672000,1785153449130672000,121932490,121652369,-142.121,0.000,1.000,0.000,3.000,0.000,0.000,50.000,0,0,0
B3_zmq_pushpull,zmq_tcp,none,none,,1,12671,512,584,1785153449131542000,1785153449131542000,1785153449131543000,1785153449131543000,1785153449131636000,1785153449131639000,1785153449131639000,1785153449131639000,121932490,121652369,-187.121,0.000,1.000,0.000,3.000,0.000,0.000,45.000,0,0,0
B3_zmq_pushpull,zmq_tcp,none,none,,1,12672,512,584,1785153449132540000,1785153449132540000,1785153449132540000,1785153449132541000,1785153449132633000,1785153449132636000,1785153449132636000,1785153449132636000,121932490,121652369,-188.121,0.000,0.000,1.000,3.000,0.000,0.000,1.000,0,0,0
B3_zmq_pushpull,zmq_tcp,none,none,,1,12673,512,584,1785153449133452000,1785153449133452000,1785153449133452000,1785153449133453000,1785153449133605000,1785153449133607000,1785153449133607000,1785153449133607000,121932490,121652369,-128.121,0.000,0.000,1.000,2.000,0.000,0.000,60.000,0,0,0
B3_zmq_pushpull,zmq_tcp,none,none,,1,12674,512,584,1785153449134444000,1785153449134444000,1785153449134444000,1785153449134445000,1785153449134603000,1785153449134607000,1785153449134607000,1785153449134607000,121932490,121652369,-122.121,0.000,0.000,1.000,4.000,0.000,0.000,6.000,0,0,0
B3_zmq_pushpull,zmq_tcp,none,none,,1,12675,512,584,1785153449135440000,1785153449135440000,1785153449135440000,1785153449135441000,1785153449135601000,1785153449135603000,1785153449135603000,1785153449135603000,121932490,121652369,-120.121,0.000,0.000,1.000,2.000,0.000,0.000,2.000,0,0,0
B3_zmq_pushpull,zmq_tcp,none,none,,1,12676,512,584,1785153449136567000,1785153449136567000,1785153449136567000,1785153449136568000,1785153449136733000,1785153449136735000,1785153449136735000,1785153449136735000,121932490,121652369,-115.121,0.000,0.000,1.000,2.000,0.000,0.000,5.000,0,0,0
B3_zmq_pushpull,zmq_tcp,none,none,,1,12677,512,584,1785153449137533000,1785153449137533000,1785153449137533000,1785153449137534000,1785153449137718000,1785153449137721000,1785153449137721000,1785153449137721000,121932490,121652369,-96.121,0.000,0.000,1.000,3.000,0.000,0.000,19.000,0,0,0
B3_zmq_pushpull,zmq_tcp,none,none,,1,12678,512,584,1785153449138408000,1785153449138408000,1785153449138408000,1785153449138409000,1785153449138562000,1785153449138566000,1785153449138566000,1785153449138566000,121932490,121652369,-127.121,0.000,0.000,1.000,4.000,0.000,0.000,31.000,0,0,0
B3_zmq_pushpull,zmq_tcp,none,none,,1,12679,512,584,1785153449139573000,1785153449139573000,1785153449139573000,1785153449139574000,1785153449139665000,1785153449139669000,1785153449139669000,1785153449139669000,121932490,121652369,-189.121,0.000,0.000,1.000,4.000,0.000,0.000,62.000,0,0,0
B3_zmq_pushpull,zmq_tcp,none,none,,1,12680,512,584,1785153449140532000,1785153449140532000,1785153449140532000,1785153449140533000,1785153449140635000,1785153449140638000,1785153449140638000,1785153449140638000,121932490,121652369,-178.121,0.000,0.000,1.000,3.000,0.000,0.000,11.000,0,0,0
B3_zmq_pushpull,zmq_tcp,none,none,,1,12681,512,584,1785153449141542000,1785153449141542000,1785153449141543000,1785153449141543000,1785153449141633000,1785153449141636000,1785153449141636000,1785153449141636000,121932490,121652369,-190.121,0.000,1.000,0.000,3.000,0.000,0.000,12.000,0,0,0
B3_zmq_pushpull,zmq_tcp,none,none,,1,12682,512,584,1785153449142539000,1785153449142540000,1785153449142540000,1785153449142541000,1785153449142629000,1785153449142631000,1785153449142631000,1785153449142631000,121932490,121652369,-192.121,1.000,0.000,1.000,2.000,0.000,0.000,2.000,0,0,0
B3_zmq_pushpull,zmq_tcp,none,none,,1,12683,512,584,1785153449143540000,1785153449143540000,1785153449143540000,1785153449143541000,1785153449143621000,1785153449143623000,1785153449143623000,1785153449143623000,121932490,121652369,-200.121,0.000,0.000,1.000,2.000,0.000,0.000,8.000,0,0,0
B3_zmq_pushpull,zmq_tcp,none,none,,1,12684,512,584,1785153449144542000,1785153449144542000,1785153449144542000,1785153449144543000,1785153449144625000,1785153449144627000,1785153449144627000,1785153449144627000,121932490,121652369,-198.121,0.000,0.000,1.000,2.000,0.000,0.000,2.000,0,0,0
B3_zmq_pushpull,zmq_tcp,none,none,,1,12685,512,584,1785153449145540000,1785153449145540000,1785153449145540000,1785153449145541000,1785153449145602000,1785153449145607000,1785153449145607000,1785153449145607000,121932490,121652369,-219.121,0.000,0.000,1.000,5.000,0.000,0.000,21.000,0,0,0
B3_zmq_pushpull,zmq_tcp,none,none,,1,12686,512,584,1785153449146424000,1785153449146424000,1785153449146424000,1785153449146425000,1785153449146575000,1785153449146578000,1785153449146578000,1785153449146578000,121932490,121652369,-130.121,0.000,0.000,1.000,3.000,0.000,0.000,89.000,0,0,0
B3_zmq_pushpull,zmq_tcp,none,none,,1,12687,512,584,1785153449147414000,1785153449147414000,1785153449147414000,1785153449147415000,1785153449147566000,1785153449147569000,1785153449147569000,1785153449147569000,121932490,121652369,-129.121,0.000,0.000,1.000,3.000,0.000,0.000,1.000,0,0,0
B3_zmq_pushpull,zmq_tcp,none,none,,1,12688,512,584,1785153449148574000,1785153449148574000,1785153449148574000,1785153449148575000,1785153449148690000,1785153449148693000,1785153449148693000,1785153449148693000,121932490,121652369,-165.121,0.000,0.000,1.000,3.000,0.000,0.000,36.000,0,0,0
B3_zmq_pushpull,zmq_tcp,none,none,,1,12689,512,584,1785153449149529000,1785153449149529000,1785153449149529000,1785153449149530000,1785153449149690000,1785153449149693000,1785153449149693000,1785153449149693000,121932490,121652369,-120.121,0.000,0.000,1.000,3.000,0.000,0.000,45.000,0,0,0
B3_zmq_pushpull,zmq_tcp,none,none,,1,12690,512,584,1785153449150542000,1785153449150543000,1785153449150543000,1785153449150544000,1785153449150685000,1785153449150687000,1785153449150688000,1785153449150688000,121932490,121652369,-139.121,1.000,0.000,1.000,2.000,1.000,0.000,19.000,0,0,0
B3_zmq_pushpull,zmq_tcp,none,none,,1,12691,512,584,1785153449151543000,1785153449151543000,1785153449151543000,1785153449151544000,1785153449151672000,1785153449151674000,1785153449151674000,1785153449151674000,121932490,121652369,-152.121,0.000,0.000,1.000,2.000,0.000,0.000,13.000,0,0,0
B3_zmq_pushpull,zmq_tcp,none,none,,1,12692,512,584,1785153449152541000,1785153449152541000,1785153449152541000,1785153449152542000,1785153449152643000,1785153449152646000,1785153449152646000,1785153449152646000,121932490,121652369,-179.121,0.000,0.000,1.000,3.000,0.000,0.000,27.000,0,0,0
B3_zmq_pushpull,zmq_tcp,none,none,,1,12693,512,584,1785153449153537000,1785153449153537000,1785153449153537000,1785153449153538000,1785153449153622000,1785153449153625000,1785153449153625000,1785153449153625000,121932490,121652369,-196.121,0.000,0.000,1.000,3.000,0.000,0.000,17.000,0,0,0
B3_zmq_pushpull,zmq_tcp,none,none,,1,12694,512,584,1785153449154542000,1785153449154542000,1785153449154542000,1785153449154543000,1785153449154600000,1785153449154602000,1785153449154602000,1785153449154602000,121932490,121652369,-223.121,0.000,0.000,1.000,2.000,0.000,0.000,27.000,0,0,0
B3_zmq_pushpull,zmq_tcp,none,none,,1,12695,512,584,1785153449155542000,1785153449155542000,1785153449155542000,1785153449155543000,1785153449155706000,1785153449155709000,1785153449155709000,1785153449155709000,121932490,121652369,-117.121,0.000,0.000,1.000,3.000,0.000,0.000,106.000,0,0,0
B3_zmq_pushpull,zmq_tcp,none,none,,1,12696,512,584,1785153449156537000,1785153449156537000,1785153449156537000,1785153449156538000,1785153449156702000,1785153449156705000,1785153449156705000,1785153449156705000,121932490,121652369,-116.121,0.000,0.000,1.000,3.000,0.000,0.000,1.000,0,0,0
B3_zmq_pushpull,zmq_tcp,none,none,,1,12697,512,584,1785153449157541000,1785153449157542000,1785153449157542000,1785153449157543000,1785153449157693000,1785153449157696000,1785153449157696000,1785153449157696000,121932490,121652369,-130.121,1.000,0.000,1.000,3.000,0.000,0.000,14.000,0,0,0
B3_zmq_pushpull,zmq_tcp,none,none,,1,12698,512,584,1785153449158390000,1785153449158391000,1785153449158391000,1785153449158392000,1785153449158549000,1785153449158551000,1785153449158551000,1785153449158552000,121932490,121652369,-123.121,1.000,0.000,1.000,2.000,0.000,1.000,7.000,0,0,0
B3_zmq_pushpull,zmq_tcp,none,none,,1,12699,512,584,1785153449159380000,1785153449159380000,1785153449159380000,1785153449159381000,1785153449159533000,1785153449159536000,1785153449159536000,1785153449159536000,121932490,121652369,-128.121,0.000,0.000,1.000,3.000,0.000,0.000,5.000,0,0,0
B3_zmq_pushpull,zmq_tcp,none,none,,1,12700,512,584,1785153449160369000,1785153449160370000,1785153449160370000,1785153449160371000,1785153449160522000,1785153449160525000,1785153449160525000,1785153449160525000,121932490,121652369,-129.121,1.000,0.000,1.000,3.000,0.000,0.000,1.000,0,0,0
B3_zmq_pushpull,zmq_tcp,none,none,,1,12701,512,584,1785153449161350000,1785153449161350000,1785153449161350000,1785153449161351000,1785153449161493000,1785153449161495000,1785153449161496000,1785153449161496000,121932490,121652369,-138.121,0.000,0.000,1.000,2.000,1.000,0.000,9.000,0,0,0
B3_zmq_pushpull,zmq_tcp,none,none,,1,12702,512,584,1785153449162461000,1785153449162461000,1785153449162461000,1785153449162462000,1785153449162610000,1785153449162618000,1785153449162618000,1785153449162618000,121932490,121652369,-132.121,0.000,0.000,1.000,8.000,0.000,0.000,6.000,0,0,0
B3_zmq_pushpull,zmq_tcp,none,none,,1,12703,512,584,1785153449163556000,1785153449163556000,1785153449163556000,1785153449163557000,1785153449163607000,1785153449163610000,1785153449163611000,1785153449163611000,121932490,121652369,-230.121,0.000,0.000,1.000,3.000,1.000,0.000,98.000,0,0,0
B3_zmq_pushpull,zmq_tcp,none,none,,1,12704,512,584,1785153449164536000,1785153449164536000,1785153449164536000,1785153449164537000,1785153449164602000,1785153449164605000,1785153449164605000,1785153449164605000,121932490,121652369,-215.121,0.000,0.000,1.000,3.000,0.000,0.000,15.000,0,0,0
B3_zmq_pushpull,zmq_tcp,none,none,,1,12705,512,584,1785153449165446000,1785153449165446000,1785153449165446000,1785153449165447000,1785153449165605000,1785153449165608000,1785153449165608000,1785153449165608000,121932490,121652369,-122.121,0.000,0.000,1.000,3.000,0.000,0.000,93.000,0,0,0
B3_zmq_pushpull,zmq_tcp,none,none,,1,12706,512,584,1785153449166436000,1785153449166436000,1785153449166436000,1785153449166437000,1785153449166589000,1785153449166592000,1785153449166592000,1785153449166592000,121932490,121652369,-128.121,0.000,0.000,1.000,3.000,0.000,0.000,6.000,0,0,0
B3_zmq_pushpull,zmq_tcp,none,none,,1,12707,512,584,1785153449167415000,1785153449167415000,1785153449167415000,1785153449167416000,1785153449167568000,1785153449167570000,1785153449167570000,1785153449167570000,121932490,121652369,-128.121,0.000,0.000,1.000,2.000,0.000,0.000,0.000,0,0,0
B3_zmq_pushpull,zmq_tcp,none,none,,1,12708,512,584,1785153449168394000,1785153449168394000,1785153449168394000,1785153449168395000,1785153449168548000,1785153449168551000,1785153449168551000,1785153449168551000,121932490,121652369,-127.121,0.000,0.000,1.000,3.000,0.000,0.000,1.000,0,0,0
B3_zmq_pushpull,zmq_tcp,none,none,,1,12709,512,584,1785153449169379000,1785153449169379000,1785153449169379000,1785153449169380000,1785153449169536000,1785153449169538000,1785153449169538000,1785153449169538000,121932490,121652369,-124.121,0.000,0.000,1.000,2.000,0.000,0.000,3.000,0,0,0
B3_zmq_pushpull,zmq_tcp,none,none,,1,12710,512,584,1785153449170580000,1785153449170580000,1785153449170580000,1785153449170581000,1785153449170660000,1785153449170662000,1785153449170662000,1785153449170662000,121932490,121652369,-201.121,0.000,0.000,1.000,2.000,0.000,0.000,77.000,0,0,0
B3_zmq_pushpull,zmq_tcp,none,none,,1,12711,512,584,1785153449171531000,1785153449171531000,1785153449171531000,1785153449171532000,1785153449171652000,1785153449171654000,1785153449171654000,1785153449171654000,121932490,121652369,-160.121,0.000,0.000,1.000,2.000,0.000,0.000,41.000,0,0,0
B3_zmq_pushpull,zmq_tcp,none,none,,1,12712,512,584,1785153449172543000,1785153449172543000,1785153449172543000,1785153449172544000,1785153449172638000,1785153449172641000,1785153449172641000,1785153449172641000,121932490,121652369,-186.121,0.000,0.000,1.000,3.000,0.000,0.000,26.000,0,0,0
B3_zmq_pushpull,zmq_tcp,none,none,,1,12713,512,584,1785153449173540000,1785153449173540000,1785153449173540000,1785153449173541000,1785153449173609000,1785153449173613000,1785153449173613000,1785153449173613000,121932490,121652369,-212.121,0.000,0.000,1.000,4.000,0.000,0.000,26.000,0,0,0
B3_zmq_pushpull,zmq_tcp,none,none,,1,12714,512,584,1785153449174540000,1785153449174540000,1785153449174540000,1785153449174541000,1785153449174594000,1785153449174597000,1785153449174597000,1785153449174597000,121932490,121652369,-227.121,0.000,0.000,1.000,3.000,0.000,0.000,15.000,0,0,0
B3_zmq_pushpull,zmq_tcp,none,none,,1,12715,512,584,1785153449175540000,1785153449175540000,1785153449175540000,1785153449175541000,1785153449175586000,1785153449175589000,1785153449175589000,1785153449175589000,121932490,121652369,-235.121,0.000,0.000,1.000,3.000,0.000,0.000,8.000,0,0,0
B3_zmq_pushpull,zmq_tcp,none,none,,1,12716,512,584,1785153449176540000,1785153449176540000,1785153449176540000,1785153449176541000,1785153449176587000,1785153449176590000,1785153449176590000,1785153449176590000,121932490,121652369,-234.121,0.000,0.000,1.000,3.000,0.000,0.000,1.000,0,0,0
B3_zmq_pushpull,zmq_tcp,none,none,,1,12717,512,584,1785153449177540000,1785153449177540000,1785153449177540000,1785153449177541000,1785153449177724000,1785153449177726000,1785153449177726000,1785153449177726000,121932490,121652369,-97.121,0.000,0.000,1.000,2.000,0.000,0.000,137.000,0,0,0
B3_zmq_pushpull,zmq_tcp,none,none,,1,12718,512,584,1785153449178421000,1785153449178421000,1785153449178421000,1785153449178422000,1785153449178569000,1785153449178572000,1785153449178572000,1785153449178572000,121932490,121652369,-133.121,0.000,0.000,1.000,3.000,0.000,0.000,36.000,0,0,0
B3_zmq_pushpull,zmq_tcp,none,none,,1,12719,512,584,1785153449179395000,1785153449179395000,1785153449179395000,1785153449179396000,1785153449179553000,1785153449179556000,1785153449179556000,1785153449179556000,121932490,121652369,-123.121,0.000,0.000,1.000,3.000,0.000,0.000,10.000,0,0,0
B3_zmq_pushpull,zmq_tcp,none,none,,1,12720,512,584,1785153449180372000,1785153449180372000,1785153449180372000,1785153449180373000,1785153449180526000,1785153449180531000,1785153449180531000,1785153449180531000,121932490,121652369,-127.121,0.000,0.000,1.000,5.000,0.000,0.000,4.000,0,0,0
B3_zmq_pushpull,zmq_tcp,none,none,,1,12721,512,584,1785153449181583000,1785153449181583000,1785153449181583000,1785153449181584000,1785153449181644000,1785153449181647000,1785153449181647000,1785153449181647000,121932490,121652369,-220.121,0.000,0.000,1.000,3.000,0.000,0.000,93.000,0,0,0
B3_zmq_pushpull,zmq_tcp,none,none,,1,12722,512,584,1785153449182527000,1785153449182527000,1785153449182527000,1785153449182528000,1785153449182612000,1785153449182614000,1785153449182614000,1785153449182614000,121932490,121652369,-196.121,0.000,0.000,1.000,2.000,0.000,0.000,24.000,0,0,0
B3_zmq_pushpull,zmq_tcp,none,none,,1,12723,512,584,1785153449183544000,1785153449183544000,1785153449183544000,1785153449183545000,1785153449183599000,1785153449183602000,1785153449183602000,1785153449183602000,121932490,121652369,-226.121,0.000,0.000,1.000,3.000,0.000,0.000,30.000,0,0,0
B3_zmq_pushpull,zmq_tcp,none,none,,1,12724,512,584,1785153449184434000,1785153449184434000,1785153449184434000,1785153449184435000,1785153449184590000,1785153449184593000,1785153449184593000,1785153449184593000,121932490,121652369,-125.121,0.000,0.000,1.000,3.000,0.000,0.000,101.000,0,0,0
B3_zmq_pushpull,zmq_tcp,none,none,,1,12725,512,584,1785153449185422000,1785153449185422000,1785153449185422000,1785153449185423000,1785153449185582000,1785153449185585000,1785153449185585000,1785153449185585000,121932490,121652369,-121.121,0.000,0.000,1.000,3.000,0.000,0.000,4.000,0,0,0
B3_zmq_pushpull,zmq_tcp,none,none,,1,12726,512,584,1785153449186569000,1785153449186569000,1785153449186570000,1785153449186570000,1785153449186700000,1785153449186702000,1785153449186703000,1785153449186703000,121932490,121652369,-150.121,0.000,1.000,0.000,2.000,1.000,0.000,29.000,0,0,0
B3_zmq_pushpull,zmq_tcp,none,none,,1,12727,512,584,1785153449187533000,1785153449187533000,1785153449187534000,1785153449187534000,1785153449187660000,1785153449187663000,1785153449187663000,1785153449187663000,121932490,121652369,-154.121,0.000,1.000,0.000,3.000,0.000,0.000,4.000,0,0,0
B3_zmq_pushpull,zmq_tcp,none,none,,1,12728,512,584,1785153449188543000,1785153449188543000,1785153449188543000,1785153449188544000,1785153449188636000,1785153449188639000,1785153449188639000,1785153449188639000,121932490,121652369,-188.121,0.000,0.000,1.000,3.000,0.000,0.000,34.000,0,0,0
B3_zmq_pushpull,zmq_tcp,none,none,,1,12729,512,584,1785153449189537000,1785153449189537000,1785153449189537000,1785153449189538000,1785153449189617000,1785153449189620000,1785153449189620000,1785153449189620000,121932490,121652369,-201.121,0.000,0.000,1.000,3.000,0.000,0.000,13.000,0,0,0
B3_zmq_pushpull,zmq_tcp,none,none,,1,12730,512,584,1785153449190541000,1785153449190541000,1785153449190541000,1785153449190542000,1785153449190607000,1785153449190609000,1785153449190609000,1785153449190609000,121932490,121652369,-215.121,0.000,0.000,1.000,2.000,0.000,0.000,14.000,0,0,0
B3_zmq_pushpull,zmq_tcp,none,none,,1,12731,512,584,1785153449191468000,1785153449191468000,1785153449191468000,1785153449191469000,1785153449191626000,1785153449191629000,1785153449191629000,1785153449191629000,121932490,121652369,-123.121,0.000,0.000,1.000,3.000,0.000,0.000,92.000,0,0,0
B3_zmq_pushpull,zmq_tcp,none,none,,1,12732,512,584,1785153449192559000,1785153449192559000,1785153449192559000,1785153449192560000,1785153449192756000,1785153449192758000,1785153449192758000,1785153449192758000,121932490,121652369,-84.121,0.000,0.000,1.000,2.000,0.000,0.000,39.000,0,0,0
B3_zmq_pushpull,zmq_tcp,none,none,,1,12733,512,584,1785153449193444000,1785153449193444000,1785153449193444000,1785153449193445000,1785153449193599000,1785153449193602000,1785153449193603000,1785153449193603000,121932490,121652369,-126.121,0.000,0.000,1.000,3.000,1.000,0.000,42.000,0,0,0
B3_zmq_pushpull,zmq_tcp,none,none,,1,12734,512,584,1785153449194419000,1785153449194419000,1785153449194419000,1785153449194420000,1785153449194573000,1785153449194576000,1785153449194576000,1785153449194576000,121932490,121652369,-127.121,0.000,0.000,1.000,3.000,0.000,0.000,1.000,0,0,0
B3_zmq_pushpull,zmq_tcp,none,none,,1,12735,512,584,1785153449195571000,1785153449195571000,1785153449195571000,1785153449195572000,1785153449195688000,1785153449195690000,1785153449195690000,1785153449195690000,121932490,121652369,-164.121,0.000,0.000,1.000,2.000,0.000,0.000,37.000,0,0,0
B3_zmq_pushpull,zmq_tcp,none,none,,1,12736,512,584,1785153449196530000,1785153449196530000,1785153449196530000,1785153449196531000,1785153449196680000,1785153449196682000,1785153449196682000,1785153449196682000,121932490,121652369,-131.121,0.000,0.000,1.000,2.000,0.000,0.000,33.000,0,0,0
B3_zmq_pushpull,zmq_tcp,none,none,,1,12737,512,584,1785153449197545000,1785153449197545000,1785153449197545000,1785153449197546000,1785153449197674000,1785153449197677000,1785153449197677000,1785153449197677000,121932490,121652369,-152.121,0.000,0.000,1.000,3.000,0.000,0.000,21.000,0,0,0
B3_zmq_pushpull,zmq_tcp,none,none,,1,12738,512,584,1785153449198539000,1785153449198539000,1785153449198539000,1785153449198540000,1785153449198665000,1785153449198668000,1785153449198668000,1785153449198668000,121932490,121652369,-155.121,0.000,0.000,1.000,3.000,0.000,0.000,3.000,0,0,0
B3_zmq_pushpull,zmq_tcp,none,none,,1,12739,512,584,1785153449199542000,1785153449199542000,1785153449199543000,1785153449199543000,1785153449199648000,1785153449199651000,1785153449199651000,1785153449199651000,121932490,121652369,-175.121,0.000,1.000,0.000,3.000,0.000,0.000,20.000,0,0,0
B3_zmq_pushpull,zmq_tcp,none,none,,1,12740,512,584,1785153449200467000,1785153449200467000,1785153449200467000,1785153449200468000,1785153449200622000,1785153449200625000,1785153449200625000,1785153449200625000,121932490,121652369,-126.121,0.000,0.000,1.000,3.000,0.000,0.000,49.000,0,0,0
B3_zmq_pushpull,zmq_tcp,none,none,,1,12741,512,584,1785153449201442000,1785153449201442000,1785153449201442000,1785153449201443000,1785153449201594000,1785153449201597000,1785153449201597000,1785153449201597000,121932490,121652369,-129.121,0.000,0.000,1.000,3.000,0.000,0.000,3.000,0,0,0
B3_zmq_pushpull,zmq_tcp,none,none,,1,12742,512,584,1785153449202428000,1785153449202429000,1785153449202429000,1785153449202430000,1785153449202580000,1785153449202582000,1785153449202582000,1785153449202582000,121932490,121652369,-130.121,1.000,0.000,1.000,2.000,0.000,0.000,1.000,0,0,0
B3_zmq_pushpull,zmq_tcp,none,none,,1,12743,512,584,1785153449203392000,1785153449203392000,1785153449203392000,1785153449203393000,1785153449203547000,1785153449203550000,1785153449203551000,1785153449203551000,121932490,121652369,-126.121,0.000,0.000,1.000,3.000,1.000,0.000,4.000,0,0,0
B3_zmq_pushpull,zmq_tcp,none,none,,1,12744,512,584,1785153449204575000,1785153449204575000,1785153449204575000,1785153449204576000,1785153449204673000,1785153449204676000,1785153449204676000,1785153449204676000,121932490,121652369,-183.121,0.000,0.000,1.000,3.000,0.000,0.000,57.000,0,0,0
B3_zmq_pushpull,zmq_tcp,none,none,,1,12745,512,584,1785153449205532000,1785153449205532000,1785153449205533000,1785153449205534000,1785153449205676000,1785153449205679000,1785153449205679000,1785153449205679000,121932490,121652369,-138.121,0.000,1.000,1.000,3.000,0.000,0.000,45.000,0,0,0
B3_zmq_pushpull,zmq_tcp,none,none,,1,12746,512,584,1785153449206367000,1785153449206367000,1785153449206367000,1785153449206368000,1785153449206525000,1785153449206528000,1785153449206528000,1785153449206528000,121932490,121652369,-123.121,0.000,0.000,1.000,3.000,0.000,0.000,15.000,0,0,0
B3_zmq_pushpull,zmq_tcp,none,none,,1,12747,512,584,1785153449207584000,1785153449207585000,1785153449207585000,1785153449207586000,1785153449207649000,1785153449207651000,1785153449207651000,1785153449207652000,121932490,121652369,-217.121,1.000,0.000,1.000,2.000,0.000,1.000,94.000,0,0,0
B3_zmq_pushpull,zmq_tcp,none,none,,1,12748,512,584,1785153449208527000,1785153449208527000,1785153449208527000,1785153449208528000,1785153449208634000,1785153449208637000,1785153449208637000,1785153449208637000,121932490,121652369,-174.121,0.000,0.000,1.000,3.000,0.000,0.000,43.000,0,0,0
B3_zmq_pushpull,zmq_tcp,none,none,,1,12749,512,584,1785153449209546000,1785153449209546000,1785153449209546000,1785153449209547000,1785153449209592000,1785153449209595000,1785153449209595000,1785153449209595000,121932490,121652369,-235.121,0.000,0.000,1.000,3.000,0.000,0.000,61.000,0,0,0
B3_zmq_pushpull,zmq_tcp,none,none,,1,12750,512,584,1785153449210544000,1785153449210544000,1785153449210544000,1785153449210545000,1785153449210711000,1785153449210713000,1785153449210713000,1785153449210713000,121932490,121652369,-114.121,0.000,0.000,1.000,2.000,0.000,0.000,121.000,0,0,0
B3_zmq_pushpull,zmq_tcp,none,none,,1,12751,512,584,1785153449211540000,1785153449211541000,1785153449211541000,1785153449211542000,1785153449211686000,1785153449211689000,1785153449211689000,1785153449211689000,121932490,121652369,-136.121,1.000,0.000,1.000,3.000,0.000,0.000,22.000,0,0,0
B3_zmq_pushpull,zmq_tcp,none,none,,1,12752,512,584,1785153449212384000,1785153449212384000,1785153449212384000,1785153449212385000,1785153449212543000,1785153449212545000,1785153449212545000,1785153449212545000,121932490,121652369,-122.121,0.000,0.000,1.000,2.000,0.000,0.000,14.000,0,0,0
B3_zmq_pushpull,zmq_tcp,none,none,,1,12753,512,584,1785153449213581000,1785153449213581000,1785153449213581000,1785153449213582000,1785153449213649000,1785153449213652000,1785153449213652000,1785153449213652000,121932490,121652369,-213.121,0.000,0.000,1.000,3.000,0.000,0.000,91.000,0,0,0
B3_zmq_pushpull,zmq_tcp,none,none,,1,12754,512,584,1785153449214532000,1785153449214532000,1785153449214532000,1785153449214533000,1785153449214627000,1785153449214630000,1785153449214630000,1785153449214630000,121932490,121652369,-186.121,0.000,0.000,1.000,3.000,0.000,0.000,27.000,0,0,0
B3_zmq_pushpull,zmq_tcp,none,none,,1,12755,512,584,1785153449215543000,1785153449215543000,1785153449215543000,1785153449215544000,1785153449215605000,1785153449215608000,1785153449215609000,1785153449215609000,121932490,121652369,-219.121,0.000,0.000,1.000,3.000,1.000,0.000,33.000,0,0,0
B3_zmq_pushpull,zmq_tcp,none,none,,1,12756,512,584,1785153449216433000,1785153449216433000,1785153449216433000,1785153449216434000,1785153449216587000,1785153449216589000,1785153449216589000,1785153449216589000,121932490,121652369,-127.121,0.000,0.000,1.000,2.000,0.000,0.000,92.000,0,0,0
B3_zmq_pushpull,zmq_tcp,none,none,,1,12757,512,584,1785153449217408000,1785153449217408000,1785153449217408000,1785153449217409000,1785153449217561000,1785153449217564000,1785153449217564000,1785153449217564000,121932490,121652369,-128.121,0.000,0.000,1.000,3.000,0.000,0.000,1.000,0,0,0
B3_zmq_pushpull,zmq_tcp,none,none,,1,12758,512,584,1785153449218394000,1785153449218394000,1785153449218394000,1785153449218395000,1785153449218539000,1785153449218541000,1785153449218541000,1785153449218541000,121932490,121652369,-136.121,0.000,0.000,1.000,2.000,0.000,0.000,8.000,0,0,0
B3_zmq_pushpull,zmq_tcp,none,none,,1,12759,512,584,1785153449219580000,1785153449219581000,1785153449219581000,1785153449219582000,1785153449219667000,1785153449219669000,1785153449219669000,1785153449219669000,121932490,121652369,-195.121,1.000,0.000,1.000,2.000,0.000,0.000,59.000,0,0,0
B3_zmq_pushpull,zmq_tcp,none,none,,1,12760,512,584,1785153449220527000,1785153449220527000,1785153449220527000,1785153449220528000,1785153449220663000,1785153449220665000,1785153449220665000,1785153449220665000,121932490,121652369,-145.121,0.000,0.000,1.000,2.000,0.000,0.000,50.000,0,0,0
B3_zmq_pushpull,zmq_tcp,none,none,,1,12761,512,584,1785153449221546000,1785153449221546000,1785153449221546000,1785153449221547000,1785153449221644000,1785153449221647000,1785153449221647000,1785153449221647000,121932490,121652369,-183.121,0.000,0.000,1.000,3.000,0.000,0.000,38.000,0,0,0
B3_zmq_pushpull,zmq_tcp,none,none,,1,12762,512,584,1785153449222539000,1785153449222539000,1785153449222539000,1785153449222540000,1785153449222620000,1785153449222622000,1785153449222622000,1785153449222622000,121932490,121652369,-200.121,0.000,0.000,1.000,2.000,0.000,0.000,17.000,0,0,0
B3_zmq_pushpull,zmq_tcp,none,none,,1,12763,512,584,1785153449223541000,1785153449223542000,1785153449223542000,1785153449223543000,1785153449223704000,1785153449223707000,1785153449223707000,1785153449223707000,121932490,121652369,-119.121,1.000,0.000,1.000,3.000,0.000,0.000,81.000,0,0,0
B3_zmq_pushpull,zmq_tcp,none,none,,1,12764,512,584,1785153449224542000,1785153449224542000,1785153449224542000,1785153449224543000,1785153449224708000,1785153449224711000,1785153449224711000,1785153449224711000,121932490,121652369,-115.121,0.000,0.000,1.000,3.000,0.000,0.000,4.000,0,0,0
B3_zmq_pushpull,zmq_tcp,none,none,,1,12765,512,584,1785153449225540000,1785153449225540000,1785153449225540000,1785153449225541000,1785153449225698000,1785153449225701000,1785153449225701000,1785153449225701000,121932490,121652369,-123.121,0.000,0.000,1.000,3.000,0.000,0.000,8.000,0,0,0
B3_zmq_pushpull,zmq_tcp,none,none,,1,12766,512,584,1785153449226540000,1785153449226540000,1785153449226541000,1785153449226541000,1785153449226684000,1785153449226686000,1785153449226686000,1785153449226687000,121932490,121652369,-137.121,0.000,1.000,0.000,2.000,0.000,1.000,14.000,0,0,0
B3_zmq_pushpull,zmq_tcp,none,none,,1,12767,512,584,1785153449227375000,1785153449227375000,1785153449227375000,1785153449227376000,1785153449227527000,1785153449227529000,1785153449227529000,1785153449227529000,121932490,121652369,-129.121,0.000,0.000,1.000,2.000,0.000,0.000,8.000,0,0,0
B3_zmq_pushpull,zmq_tcp,none,none,,1,12768,512,584,1785153449228346000,1785153449228346000,1785153449228346000,1785153449228347000,1785153449228499000,1785153449228503000,1785153449228503000,1785153449228503000,121932490,121652369,-128.121,0.000,0.000,1.000,4.000,0.000,0.000,1.000,0,0,0
B3_zmq_pushpull,zmq_tcp,none,none,,1,12769,512,584,1785153449229467000,1785153449229467000,1785153449229467000,1785153449229468000,1785153449229619000,1785153449229621000,1785153449229621000,1785153449229621000,121932490,121652369,-129.121,0.000,0.000,1.000,2.000,0.000,0.000,1.000,0,0,0
B3_zmq_pushpull,zmq_tcp,none,none,,1,12770,512,584,1785153449230446000,1785153449230446000,1785153449230446000,1785153449230447000,1785153449230590000,1785153449230592000,1785153449230592000,1785153449230592000,121932490,121652369,-137.121,0.000,0.000,1.000,2.000,0.000,0.000,8.000,0,0,0
B3_zmq_pushpull,zmq_tcp,none,none,,1,12771,512,584,1785153449231433000,1785153449231433000,1785153449231433000,1785153449231434000,1785153449231587000,1785153449231590000,1785153449231590000,1785153449231590000,121932490,121652369,-127.121,0.000,0.000,1.000,3.000,0.000,0.000,10.000,0,0,0
B3_zmq_pushpull,zmq_tcp,none,none,,1,12772,512,584,1785153449232424000,1785153449232424000,1785153449232424000,1785153449232425000,1785153449232572000,1785153449232575000,1785153449232575000,1785153449232575000,121932490,121652369,-133.121,0.000,0.000,1.000,3.000,0.000,0.000,6.000,0,0,0
B3_zmq_pushpull,zmq_tcp,none,none,,1,12773,512,584,1785153449233570000,1785153449233570000,1785153449233570000,1785153449233571000,1785153449233661000,1785153449233664000,1785153449233664000,1785153449233664000,121932490,121652369,-190.121,0.000,0.000,1.000,3.000,0.000,0.000,57.000,0,0,0
B3_zmq_pushpull,zmq_tcp,none,none,,1,12774,512,584,1785153449234530000,1785153449234530000,1785153449234530000,1785153449234531000,1785153449234643000,1785153449234645000,1785153449234645000,1785153449234645000,121932490,121652369,-168.121,0.000,0.000,1.000,2.000,0.000,0.000,22.000,0,0,0
B3_zmq_pushpull,zmq_tcp,none,none,,1,12775,512,584,1785153449235544000,1785153449235544000,1785153449235544000,1785153449235545000,1785153449235616000,1785153449235619000,1785153449235619000,1785153449235619000,121932490,121652369,-209.121,0.000,0.000,1.000,3.000,0.000,0.000,41.000,0,0,0
B3_zmq_pushpull,zmq_tcp,none,none,,1,12776,512,584,1785153449236540000,1785153449236540000,1785153449236540000,1785153449236541000,1785153449236592000,1785153449236595000,1785153449236595000,1785153449236595000,121932490,121652369,-229.121,0.000,0.000,1.000,3.000,0.000,0.000,20.000,0,0,0
B3_zmq_pushpull,zmq_tcp,none,none,,1,12777,512,584,1785153449237401000,1785153449237401000,1785153449237401000,1785153449237402000,1785153449237555000,1785153449237557000,1785153449237557000,1785153449237557000,121932490,121652369,-127.121,0.000,0.000,1.000,2.000,0.000,0.000,102.000,0,0,0
B3_zmq_pushpull,zmq_tcp,none,none,,1,12778,512,584,1785153449238391000,1785153449238391000,1785153449238391000,1785153449238392000,1785153449238548000,1785153449238551000,1785153449238551000,1785153449238551000,121932490,121652369,-124.121,0.000,0.000,1.000,3.000,0.000,0.000,3.000,0,0,0
B3_zmq_pushpull,zmq_tcp,none,none,,1,12779,512,584,1785153449239377000,1785153449239377000,1785153449239377000,1785153449239378000,1785153449239536000,1785153449239539000,1785153449239539000,1785153449239539000,121932490,121652369,-122.121,0.000,0.000,1.000,3.000,0.000,0.000,2.000,0,0,0
B3_zmq_pushpull,zmq_tcp,none,none,,1,12780,512,584,1785153449240379000,1785153449240379000,1785153449240379000,1785153449240380000,1785153449240526000,1785153449240529000,1785153449240529000,1785153449240529000,121932490,121652369,-134.121,0.000,0.000,1.000,3.000,0.000,0.000,12.000,0,0,0
B3_zmq_pushpull,zmq_tcp,none,none,,1,12781,512,584,1785153449241582000,1785153449241582000,1785153449241582000,1785153449241583000,1785153449241645000,1785153449241649000,1785153449241649000,1785153449241649000,121932490,121652369,-218.121,0.000,0.000,1.000,4.000,0.000,0.000,84.000,0,0,0
B3_zmq_pushpull,zmq_tcp,none,none,,1,12782,512,584,1785153449242347000,1785153449242347000,1785153449242347000,1785153449242348000,1785153449242488000,1785153449242491000,1785153449242491000,1785153449242491000,121932490,121652369,-140.121,0.000,0.000,1.000,3.000,0.000,0.000,78.000,0,0,0
B3_zmq_pushpull,zmq_tcp,none,none,,1,12783,512,584,1785153449243451000,1785153449243451000,1785153449243452000,1785153449243452000,1785153449243604000,1785153449243607000,1785153449243607000,1785153449243607000,121932490,121652369,-128.121,0.000,1.000,0.000,3.000,0.000,0.000,12.000,0,0,0
B3_zmq_pushpull,zmq_tcp,none,none,,1,12784,512,584,1785153449244431000,1785153449244431000,1785153449244432000,1785153449244432000,1785153449244583000,1785153449244585000,1785153449244585000,1785153449244585000,121932490,121652369,-129.121,0.000,1.000,0.000,2.000,0.000,0.000,1.000,0,0,0
B3_zmq_pushpull,zmq_tcp,none,none,,1,12785,512,584,1785153449245429000,1785153449245429000,1785153449245429000,1785153449245430000,1785153449245587000,1785153449245589000,1785153449245589000,1785153449245589000,121932490,121652369,-123.121,0.000,0.000,1.000,2.000,0.000,0.000,6.000,0,0,0
B3_zmq_pushpull,zmq_tcp,none,none,,1,12786,512,584,1785153449246567000,1785153449246568000,1785153449246568000,1785153449246569000,1785153449246705000,1785153449246708000,1785153449246708000,1785153449246708000,121932490,121652369,-144.121,1.000,0.000,1.000,3.000,0.000,0.000,21.000,0,0,0
B3_zmq_pushpull,zmq_tcp,none,none,,1,12787,512,584,1785153449247534000,1785153449247534000,1785153449247534000,1785153449247535000,1785153449247679000,1785153449247681000,1785153449247681000,1785153449247681000,121932490,121652369,-136.121,0.000,0.000,1.000,2.000,0.000,0.000,8.000,0,0,0
B3_zmq_pushpull,zmq_tcp,none,none,,1,12788,512,584,1785153449248543000,1785153449248543000,1785153449248543000,1785153449248544000,1785153449248652000,1785153449248655000,1785153449248655000,1785153449248655000,121932490,121652369,-172.121,0.000,0.000,1.000,3.000,0.000,0.000,36.000,0,0,0
B3_zmq_pushpull,zmq_tcp,none,none,,1,12789,512,584,1785153449249539000,1785153449249539000,1785153449249539000,1785153449249540000,1785153449249631000,1785153449249634000,1785153449249634000,1785153449249634000,121932490,121652369,-189.121,0.000,0.000,1.000,3.000,0.000,0.000,17.000,0,0,0
B3_zmq_pushpull,zmq_tcp,none,none,,1,12790,512,584,1785153449250453000,1785153449250453000,1785153449250453000,1785153449250454000,1785153449250595000,1785153449250598000,1785153449250598000,1785153449250598000,121932490,121652369,-139.121,0.000,0.000,1.000,3.000,0.000,0.000,50.000,0,0,0
B3_zmq_pushpull,zmq_tcp,none,none,,1,12791,512,584,1785153449251421000,1785153449251421000,1785153449251421000,1785153449251422000,1785153449251573000,1785153449251576000,1785153449251576000,1785153449251576000,121932490,121652369,-129.121,0.000,0.000,1.000,3.000,0.000,0.000,10.000,0,0,0
B3_zmq_pushpull,zmq_tcp,none,none,,1,12792,512,584,1785153449252406000,1785153449252406000,1785153449252406000,1785153449252407000,1785153449252561000,1785153449252564000,1785153449252564000,1785153449252564000,121932490,121652369,-126.121,0.000,0.000,1.000,3.000,0.000,0.000,3.000,0,0,0
B3_zmq_pushpull,zmq_tcp,none,none,,1,12793,512,584,1785153449253387000,1785153449253387000,1785153449253388000,1785153449253388000,1785153449253536000,1785153449253538000,1785153449253538000,1785153449253538000,121932490,121652369,-132.121,0.000,1.000,0.000,2.000,0.000,0.000,6.000,0,0,0
B3_zmq_pushpull,zmq_tcp,none,none,,1,12794,512,584,1785153449254379000,1785153449254380000,1785153449254380000,1785153449254381000,1785153449254537000,1785153449254540000,1785153449254540000,1785153449254540000,121932490,121652369,-124.121,1.000,0.000,1.000,3.000,0.000,0.000,8.000,0,0,0
B3_zmq_pushpull,zmq_tcp,none,none,,1,12795,512,584,1785153449255377000,1785153449255377000,1785153449255377000,1785153449255378000,1785153449255539000,1785153449255541000,1785153449255541000,1785153449255541000,121932490,121652369,-119.121,0.000,0.000,1.000,2.000,0.000,0.000,5.000,0,0,0
B3_zmq_pushpull,zmq_tcp,none,none,,1,12796,512,584,1785153449256582000,1785153449256582000,1785153449256582000,1785153449256583000,1785153449256663000,1785153449256666000,1785153449256666000,1785153449256666000,121932490,121652369,-200.121,0.000,0.000,1.000,3.000,0.000,0.000,81.000,0,0,0
B3_zmq_pushpull,zmq_tcp,none,none,,1,12797,512,584,1785153449257527000,1785153449257527000,1785153449257527000,1785153449257528000,1785153449257649000,1785153449257652000,1785153449257652000,1785153449257652000,121932490,121652369,-159.121,0.000,0.000,1.000,3.000,0.000,0.000,41.000,0,0,0
B3_zmq_pushpull,zmq_tcp,none,none,,1,12798,512,584,1785153449258543000,1785153449258543000,1785153449258543000,1785153449258544000,1785153449258637000,1785153449258640000,1785153449258640000,1785153449258640000,121932490,121652369,-187.121,0.000,0.000,1.000,3.000,0.000,0.000,28.000,0,0,0
B3_zmq_pushpull,zmq_tcp,none,none,,1,12799,512,584,1785153449259345000,1785153449259345000,1785153449259345000,1785153449259346000,1785153449259488000,1785153449259491000,1785153449259491000,1785153449259491000,121932490,121652369,-138.121,0.000,0.000,1.000,3.000,0.000,0.000,49.000,0,0,0
B3_zmq_pushpull,zmq_tcp,none,none,,1,12800,512,584,1785153449260345000,1785153449260345000,1785153449260345000,1785153449260346000,1785153449260489000,1785153449260492000,1785153449260492000,1785153449260492000,121932490,121652369,-137.121,0.000,0.000,1.000,3.000,0.000,0.000,1.000,0,0,0
B3_zmq_pushpull,zmq_tcp,none,none,,1,12801,512,584,1785153449261463000,1785153449261463000,1785153449261463000,1785153449261464000,1785153449261621000,1785153449261624000,1785153449261624000,1785153449261624000,121932490,121652369,-123.121,0.000,0.000,1.000,3.000,0.000,0.000,14.000,0,0,0
B3_zmq_pushpull,zmq_tcp,none,none,,1,12802,512,584,1785153449262449000,1785153449262449000,1785153449262449000,1785153449262450000,1785153449262608000,1785153449262611000,1785153449262611000,1785153449262611000,121932490,121652369,-122.121,0.000,0.000,1.000,3.000,0.000,0.000,1.000,0,0,0
B3_zmq_pushpull,zmq_tcp,none,none,,1,12803,512,584,1785153449263435000,1785153449263436000,1785153449263436000,1785153449263437000,1785153449263588000,1785153449263591000,1785153449263591000,1785153449263591000,121932490,121652369,-129.121,1.000,0.000,1.000,3.000,0.000,0.000,7.000,0,0,0
B3_zmq_pushpull,zmq_tcp,none,none,,1,12804,512,584,1785153449264405000,1785153449264405000,1785153449264405000,1785153449264406000,1785153449264556000,1785153449264559000,1785153449264559000,1785153449264559000,121932490,121652369,-130.121,0.000,0.000,1.000,3.000,0.000,0.000,1.000,0,0,0
B3_zmq_pushpull,zmq_tcp,none,none,,1,12805,512,584,1785153449265381000,1785153449265381000,1785153449265381000,1785153449265382000,1785153449265524000,1785153449265527000,1785153449265527000,1785153449265527000,121932490,121652369,-138.121,0.000,0.000,1.000,3.000,0.000,0.000,8.000,0,0,0
B3_zmq_pushpull,zmq_tcp,none,none,,1,12806,512,584,1785153449266347000,1785153449266348000,1785153449266348000,1785153449266349000,1785153449266508000,1785153449266511000,1785153449266511000,1785153449266511000,121932490,121652369,-121.121,1.000,0.000,1.000,3.000,0.000,0.000,17.000,0,0,0
B3_zmq_pushpull,zmq_tcp,none,none,,1,12807,512,584,1785153449267588000,1785153449267589000,1785153449267589000,1785153449267590000,1785153449267759000,1785153449267762000,1785153449267762000,1785153449267762000,121932490,121652369,-111.121,1.000,0.000,1.000,3.000,0.000,0.000,10.000,0,0,0
B3_zmq_pushpull,zmq_tcp,none,none,,1,12808,512,584,1785153449268458000,1785153449268458000,1785153449268458000,1785153449268459000,1785153449268619000,1785153449268621000,1785153449268621000,1785153449268621000,121932490,121652369,-120.121,0.000,0.000,1.000,2.000,0.000,0.000,9.000,0,0,0
B3_zmq_pushpull,zmq_tcp,none,none,,1,12809,512,584,1785153449269562000,1785153449269562000,1785153449269562000,1785153449269563000,1785153449269753000,1785153449269757000,1785153449269757000,1785153449269757000,121932490,121652369,-90.121,0.000,0.000,1.000,4.000,0.000,0.000,30.000,0,0,0
B3_zmq_pushpull,zmq_tcp,none,none,,1,12810,512,584,1785153449270535000,1785153449270535000,1785153449270535000,1785153449270536000,1785153449270583000,1785153449270587000,1785153449270587000,1785153449270587000,121932490,121652369,-233.121,0.000,0.000,1.000,4.000,0.000,0.000,143.000,0,0,0
B3_zmq_pushpull,zmq_tcp,none,none,,1,12811,512,584,1785153449271419000,1785153449271420000,1785153449271420000,1785153449271421000,1785153449271572000,1785153449271575000,1785153449271575000,1785153449271575000,121932490,121652369,-129.121,1.000,0.000,1.000,3.000,0.000,0.000,104.000,0,0,0
B3_zmq_pushpull,zmq_tcp,none,none,,1,12812,512,584,1785153449272402000,1785153449272402000,1785153449272402000,1785153449272403000,1785153449272553000,1785153449272556000,1785153449272556000,1785153449272556000,121932490,121652369,-130.121,0.000,0.000,1.000,3.000,0.000,0.000,1.000,0,0,0
B3_zmq_pushpull,zmq_tcp,none,none,,1,12813,512,584,1785153449273391000,1785153449273392000,1785153449273392000,1785153449273393000,1785153449273552000,1785153449273555000,1785153449273555000,1785153449273555000,121932490,121652369,-121.121,1.000,0.000,1.000,3.000,0.000,0.000,9.000,0,0,0
B3_zmq_pushpull,zmq_tcp,none,none,,1,12814,512,584,1785153449274581000,1785153449274581000,1785153449274581000,1785153449274582000,1785153449274679000,1785153449274681000,1785153449274681000,1785153449274681000,121932490,121652369,-183.121,0.000,0.000,1.000,2.000,0.000,0.000,62.000,0,0,0
B3_zmq_pushpull,zmq_tcp,none,none,,1,12815,512,584,1785153449275528000,1785153449275528000,1785153449275528000,1785153449275529000,1785153449275671000,1785153449275674000,1785153449275674000,1785153449275674000,121932490,121652369,-138.121,0.000,0.000,1.000,3.000,0.000,0.000,45.000,0,0,0
B3_zmq_pushpull,zmq_tcp,none,none,,1,12816,512,584,1785153449276547000,1785153449276547000,1785153449276547000,1785153449276548000,1785153449276660000,1785153449276663000,1785153449276663000,1785153449276663000,121932490,121652369,-168.121,0.000,0.000,1.000,3.000,0.000,0.000,30.000,0,0,0
B3_zmq_pushpull,zmq_tcp,none,none,,1,12817,512,584,1785153449277539000,1785153449277539000,1785153449277539000,1785153449277540000,1785153449277629000,1785153449277633000,1785153449277633000,1785153449277633000,121932490,121652369,-191.121,0.000,0.000,1.000,4.000,0.000,0.000,23.000,0,0,0
B3_zmq_pushpull,zmq_tcp,none,none,,1,12818,512,584,1785153449278542000,1785153449278542000,1785153449278542000,1785153449278543000,1785153449278596000,1785153449278599000,1785153449278599000,1785153449278599000,121932490,121652369,-227.121,0.000,0.000,1.000,3.000,0.000,0.000,36.000,0,0,0
B3_zmq_pushpull,zmq_tcp,none,none,,1,12819,512,584,1785153449279540000,1785153449279541000,1785153449279541000,1785153449279542000,1785153449279587000,1785153449279590000,1785153449279590000,1785153449279590000,121932490,121652369,-235.121,1.000,0.000,1.000,3.000,0.000,0.000,8.000,0,0,0
B3_zmq_pushpull,zmq_tcp,none,none,,1,12820,512,584,1785153449280424000,1785153449280424000,1785153449280424000,1785153449280425000,1785153449280583000,1785153449280585000,1785153449280585000,1785153449280585000,121932490,121652369,-122.121,0.000,0.000,1.000,2.000,0.000,0.000,113.000,0,0,0
B3_zmq_pushpull,zmq_tcp,none,none,,1,12821,512,584,1785153449281425000,1785153449281425000,1785153449281425000,1785153449281426000,1785153449281579000,1785153449281581000,1785153449281581000,1785153449281581000,121932490,121652369,-127.121,0.000,0.000,1.000,2.000,0.000,0.000,5.000,0,0,0
B3_zmq_pushpull,zmq_tcp,none,none,,1,12822,512,584,1785153449282420000,1785153449282420000,1785153449282420000,1785153449282421000,1785153449282574000,1785153449282576000,1785153449282576000,1785153449282576000,121932490,121652369,-127.121,0.000,0.000,1.000,2.000,0.000,0.000,0.000,0,0,0
B3_zmq_pushpull,zmq_tcp,none,none,,1,12823,512,584,1785153449283569000,1785153449283569000,1785153449283569000,1785153449283570000,1785153449283690000,1785153449283692000,1785153449283692000,1785153449283692000,121932490,121652369,-160.121,0.000,0.000,1.000,2.000,0.000,0.000,33.000,0,0,0
B3_zmq_pushpull,zmq_tcp,none,none,,1,12824,512,584,1785153449284534000,1785153449284534000,1785153449284534000,1785153449284535000,1785153449284655000,1785153449284659000,1785153449284659000,1785153449284659000,121932490,121652369,-160.121,0.000,0.000,1.000,4.000,0.000,0.000,0.000,0,0,0
B3_zmq_pushpull,zmq_tcp,none,none,,1,12825,512,584,1785153449285543000,1785153449285543000,1785153449285543000,1785153449285544000,1785153449285634000,1785153449285636000,1785153449285636000,1785153449285636000,121932490,121652369,-190.121,0.000,0.000,1.000,2.000,0.000,0.000,30.000,0,0,0
B3_zmq_pushpull,zmq_tcp,none,none,,1,12826,512,584,1785153449286537000,1785153449286537000,1785153449286537000,1785153449286538000,1785153449286591000,1785153449286593000,1785153449286593000,1785153449286593000,121932490,121652369,-227.121,0.000,0.000,1.000,2.000,0.000,0.000,37.000,0,0,0
B3_zmq_pushpull,zmq_tcp,none,none,,1,12827,512,584,1785153449287544000,1785153449287544000,1785153449287544000,1785153449287545000,1785153449287692000,1785153449287694000,1785153449287694000,1785153449287695000,121932490,121652369,-133.121,0.000,0.000,1.000,2.000,0.000,1.000,94.000,0,0,0
B3_zmq_pushpull,zmq_tcp,none,none,,1,12828,512,584,1785153449288540000,1785153449288541000,1785153449288541000,1785153449288542000,1785153449288670000,1785153449288672000,1785153449288672000,1785153449288672000,121932490,121652369,-152.121,1.000,0.000,1.000,2.000,0.000,0.000,19.000,0,0,0
B3_zmq_pushpull,zmq_tcp,none,none,,1,12829,512,584,1785153449289546000,1785153449289546000,1785153449289546000,1785153449289547000,1785153449289639000,1785153449289641000,1785153449289641000,1785153449289641000,121932490,121652369,-188.121,0.000,0.000,1.000,2.000,0.000,0.000,36.000,0,0,0
B3_zmq_pushpull,zmq_tcp,none,none,,1,12830,512,584,1785153449290539000,1785153449290539000,1785153449290539000,1785153449290540000,1785153449290639000,1785153449290641000,1785153449290641000,1785153449290641000,121932490,121652369,-181.121,0.000,0.000,1.000,2.000,0.000,0.000,7.000,0,0,0
B3_zmq_pushpull,zmq_tcp,none,none,,1,12831,512,584,1785153449291541000,1785153449291542000,1785153449291542000,1785153449291543000,1785153449291623000,1785153449291626000,1785153449291626000,1785153449291626000,121932490,121652369,-200.121,1.000,0.000,1.000,3.000,0.000,0.000,19.000,0,0,0
B3_zmq_pushpull,zmq_tcp,none,none,,1,12832,512,584,1785153449292541000,1785153449292541000,1785153449292541000,1785153449292542000,1785153449292590000,1785153449292593000,1785153449292593000,1785153449292593000,121932490,121652369,-232.121,0.000,0.000,1.000,3.000,0.000,0.000,32.000,0,0,0
B3_zmq_pushpull,zmq_tcp,none,none,,1,12833,512,584,1785153449293542000,1785153449293542000,1785153449293542000,1785153449293543000,1785153449293699000,1785153449293701000,1785153449293702000,1785153449293702000,121932490,121652369,-124.121,0.000,0.000,1.000,2.000,1.000,0.000,108.000,0,0,0
B3_zmq_pushpull,zmq_tcp,none,none,,1,12834,512,584,1785153449294541000,1785153449294541000,1785153449294541000,1785153449294542000,1785153449294668000,1785153449294670000,1785153449294670000,1785153449294670000,121932490,121652369,-154.121,0.000,0.000,1.000,2.000,0.000,0.000,30.000,0,0,0
B3_zmq_pushpull,zmq_tcp,none,none,,1,12835,512,584,1785153449295542000,1785153449295543000,1785153449295543000,1785153449295544000,1785153449295668000,1785153449295671000,1785153449295671000,1785153449295671000,121932490,121652369,-156.121,1.000,0.000,1.000,3.000,0.000,0.000,2.000,0,0,0
B3_zmq_pushpull,zmq_tcp,none,none,,1,12836,512,584,1785153449296541000,1785153449296541000,1785153449296541000,1785153449296542000,1785153449296651000,1785153449296654000,1785153449296654000,1785153449296654000,121932490,121652369,-171.121,0.000,0.000,1.000,3.000,0.000,0.000,15.000,0,0,0
B3_zmq_pushpull,zmq_tcp,none,none,,1,12837,512,584,1785153449297542000,1785153449297543000,1785153449297543000,1785153449297544000,1785153449297629000,1785153449297632000,1785153449297632000,1785153449297632000,121932490,121652369,-195.121,1.000,0.000,1.000,3.000,0.000,0.000,24.000,0,0,0
B3_zmq_pushpull,zmq_tcp,none,none,,1,12838,512,584,1785153449298537000,1785153449298537000,1785153449298537000,1785153449298538000,1785153449298619000,1785153449298622000,1785153449298622000,1785153449298622000,121932490,121652369,-199.121,0.000,0.000,1.000,3.000,0.000,0.000,4.000,0,0,0
B3_zmq_pushpull,zmq_tcp,none,none,,1,12839,512,584,1785153449299542000,1785153449299542000,1785153449299542000,1785153449299543000,1785153449299595000,1785153449299597000,1785153449299597000,1785153449299597000,121932490,121652369,-228.121,0.000,0.000,1.000,2.000,0.000,0.000,29.000,0,0,0
B3_zmq_pushpull,zmq_tcp,none,none,,1,12840,512,584,1785153449300541000,1785153449300541000,1785153449300541000,1785153449300542000,1785153449300694000,1785153449300696000,1785153449300696000,1785153449300696000,121932490,121652369,-128.121,0.000,0.000,1.000,2.000,0.000,0.000,100.000,0,0,0
B3_zmq_pushpull,zmq_tcp,none,none,,1,12841,512,584,1785153449301382000,1785153449301382000,1785153449301382000,1785153449301383000,1785153449301539000,1785153449301542000,1785153449301542000,1785153449301542000,121932490,121652369,-124.121,0.000,0.000,1.000,3.000,0.000,0.000,4.000,0,0,0
B3_zmq_pushpull,zmq_tcp,none,none,,1,12842,512,584,1785153449302578000,1785153449302578000,1785153449302578000,1785153449302579000,1785153449302648000,1785153449302651000,1785153449302651000,1785153449302651000,121932490,121652369,-211.121,0.000,0.000,1.000,3.000,0.000,0.000,87.000,0,0,0
B3_zmq_pushpull,zmq_tcp,none,none,,1,12843,512,584,1785153449303345000,1785153449303345000,1785153449303345000,1785153449303346000,1785153449303488000,1785153449303491000,1785153449303491000,1785153449303491000,121932490,121652369,-138.121,0.000,0.000,1.000,3.000,0.000,0.000,73.000,0,0,0
B3_zmq_pushpull,zmq_tcp,none,none,,1,12844,512,584,1785153449304448000,1785153449304448000,1785153449304448000,1785153449304449000,1785153449304606000,1785153449304608000,1785153449304608000,1785153449304608000,121932490,121652369,-123.121,0.000,0.000,1.000,2.000,0.000,0.000,15.000,0,0,0
B3_zmq_pushpull,zmq_tcp,none,none,,1,12845,512,584,1785153449305434000,1785153449305434000,1785153449305434000,1785153449305435000,1785153449305586000,1785153449305589000,1785153449305589000,1785153449305589000,121932490,121652369,-129.121,0.000,0.000,1.000,3.000,0.000,0.000,6.000,0,0,0
B3_zmq_pushpull,zmq_tcp,none,none,,1,12846,512,584,1785153449306410000,1785153449306410000,1785153449306411000,1785153449306411000,1785153449306552000,1785153449306555000,1785153449306555000,1785153449306555000,121932490,121652369,-139.121,0.000,1.000,0.000,3.000,0.000,0.000,10.000,0,0,0
B3_zmq_pushpull,zmq_tcp,none,none,,1,12847,512,584,1785153449307382000,1785153449307382000,1785153449307382000,1785153449307383000,1785153449307532000,1785153449307535000,1785153449307535000,1785153449307535000,121932490,121652369,-131.121,0.000,0.000,1.000,3.000,0.000,0.000,8.000,0,0,0
B3_zmq_pushpull,zmq_tcp,none,none,,1,12848,512,584,1785153449308375000,1785153449308375000,1785153449308375000,1785153449308376000,1785153449308522000,1785153449308524000,1785153449308524000,1785153449308524000,121932490,121652369,-134.121,0.000,0.000,1.000,2.000,0.000,0.000,3.000,0,0,0
B3_zmq_pushpull,zmq_tcp,none,none,,1,12849,512,584,1785153449309582000,1785153449309582000,1785153449309582000,1785153449309583000,1785153449309647000,1785153449309650000,1785153449309650000,1785153449309650000,121932490,121652369,-216.121,0.000,0.000,1.000,3.000,0.000,0.000,82.000,0,0,0
B3_zmq_pushpull,zmq_tcp,none,none,,1,12850,512,584,1785153449310348000,1785153449310348000,1785153449310348000,1785153449310349000,1785153449310511000,1785153449310514000,1785153449310514000,1785153449310514000,121932490,121652369,-118.121,0.000,0.000,1.000,3.000,0.000,0.000,98.000,0,0,0
B3_zmq_pushpull,zmq_tcp,none,none,,1,12851,512,584,1785153449311458000,1785153449311458000,1785153449311458000,1785153449311459000,1785153449311619000,1785153449311622000,1785153449311622000,1785153449311622000,121932490,121652369,-120.121,0.000,0.000,1.000,3.000,0.000,0.000,2.000,0,0,0
B3_zmq_pushpull,zmq_tcp,none,none,,1,12852,512,584,1785153449312561000,1785153449312561000,1785153449312561000,1785153449312562000,1785153449312732000,1785153449312735000,1785153449312735000,1785153449312735000,121932490,121652369,-110.121,0.000,0.000,1.000,3.000,0.000,0.000,10.000,0,0,0
B3_zmq_pushpull,zmq_tcp,none,none,,1,12853,512,584,1785153449313535000,1785153449313535000,1785153449313535000,1785153449313536000,1785153449313580000,1785153449313583000,1785153449313583000,1785153449313583000,121932490,121652369,-236.121,0.000,0.000,1.000,3.000,0.000,0.000,126.000,0,0,0
B3_zmq_pushpull,zmq_tcp,none,none,,1,12854,512,584,1785153449314542000,1785153449314542000,1785153449314542000,1785153449314543000,1785153449314680000,1785153449314683000,1785153449314683000,1785153449314683000,121932490,121652369,-143.121,0.000,0.000,1.000,3.000,0.000,0.000,93.000,0,0,0
B3_zmq_pushpull,zmq_tcp,none,none,,1,12855,512,584,1785153449315541000,1785153449315541000,1785153449315541000,1785153449315542000,1785153449315666000,1785153449315668000,1785153449315668000,1785153449315668000,121932490,121652369,-156.121,0.000,0.000,1.000,2.000,0.000,0.000,13.000,0,0,0
B3_zmq_pushpull,zmq_tcp,none,none,,1,12856,512,584,1785153449316541000,1785153449316541000,1785153449316541000,1785153449316542000,1785153449316639000,1785153449316642000,1785153449316642000,1785153449316642000,121932490,121652369,-183.121,0.000,0.000,1.000,3.000,0.000,0.000,27.000,0,0,0
B3_zmq_pushpull,zmq_tcp,none,none,,1,12857,512,584,1785153449317543000,1785153449317544000,1785153449317544000,1785153449317545000,1785153449317629000,1785153449317632000,1785153449317632000,1785153449317632000,121932490,121652369,-196.121,1.000,0.000,1.000,3.000,0.000,0.000,13.000,0,0,0
B3_zmq_pushpull,zmq_tcp,none,none,,1,12858,512,584,1785153449318537000,1785153449318537000,1785153449318537000,1785153449318538000,1785153449318623000,1785153449318626000,1785153449318626000,1785153449318626000,121932490,121652369,-195.121,0.000,0.000,1.000,3.000,0.000,0.000,1.000,0,0,0
B3_zmq_pushpull,zmq_tcp,none,none,,1,12859,512,584,1785153449319542000,1785153449319542000,1785153449319542000,1785153449319543000,1785153449319617000,1785153449319622000,1785153449319622000,1785153449319622000,121932490,121652369,-206.121,0.000,0.000,1.000,5.000,0.000,0.000,11.000,0,0,0
B3_zmq_pushpull,zmq_tcp,none,none,,1,12860,512,584,1785153449320542000,1785153449320542000,1785153449320542000,1785153449320543000,1785153449320596000,1785153449320599000,1785153449320599000,1785153449320599000,121932490,121652369,-227.121,0.000,0.000,1.000,3.000,0.000,0.000,21.000,0,0,0
B3_zmq_pushpull,zmq_tcp,none,none,,1,12861,512,584,1785153449321543000,1785153449321543000,1785153449321543000,1785153449321544000,1785153449321602000,1785153449321605000,1785153449321605000,1785153449321605000,121932490,121652369,-222.121,0.000,0.000,1.000,3.000,0.000,0.000,5.000,0,0,0
B3_zmq_pushpull,zmq_tcp,none,none,,1,12862,512,584,1785153449322446000,1785153449322447000,1785153449322447000,1785153449322447000,1785153449322607000,1785153449322610000,1785153449322610000,1785153449322610000,121932490,121652369,-120.121,1.000,0.000,0.000,3.000,0.000,0.000,102.000,0,0,0
B3_zmq_pushpull,zmq_tcp,none,none,,1,12863,512,584,1785153449323567000,1785153449323568000,1785153449323568000,1785153449323569000,1785153449323739000,1785153449323742000,1785153449323742000,1785153449323742000,121932490,121652369,-110.121,1.000,0.000,1.000,3.000,0.000,0.000,10.000,0,0,0
B3_zmq_pushpull,zmq_tcp,none,none,,1,12864,512,584,1785153449324427000,1785153449324428000,1785153449324428000,1785153449324429000,1785153449324580000,1785153449324583000,1785153449324583000,1785153449324583000,121932490,121652369,-129.121,1.000,0.000,1.000,3.000,0.000,0.000,19.000,0,0,0
B3_zmq_pushpull,zmq_tcp,none,none,,1,12865,512,584,1785153449325569000,1785153449325569000,1785153449325569000,1785153449325570000,1785153449325690000,1785153449325692000,1785153449325692000,1785153449325693000,121932490,121652369,-160.121,0.000,0.000,1.000,2.000,0.000,1.000,31.000,0,0,0
B3_zmq_pushpull,zmq_tcp,none,none,,1,12866,512,584,1785153449326531000,1785153449326531000,1785153449326532000,1785153449326532000,1785153449326655000,1785153449326658000,1785153449326658000,1785153449326658000,121932490,121652369,-157.121,0.000,1.000,0.000,3.000,0.000,0.000,3.000,0,0,0
B3_zmq_pushpull,zmq_tcp,none,none,,1,12867,512,584,1785153449327543000,1785153449327543000,1785153449327543000,1785153449327544000,1785153449327643000,1785153449327646000,1785153449327646000,1785153449327646000,121932490,121652369,-181.121,0.000,0.000,1.000,3.000,0.000,0.000,24.000,0,0,0
B3_zmq_pushpull,zmq_tcp,none,none,,1,12868,512,584,1785153449328541000,1785153449328541000,1785153449328541000,1785153449328542000,1785153449328636000,1785153449328639000,1785153449328639000,1785153449328639000,121932490,121652369,-186.121,0.000,0.000,1.000,3.000,0.000,0.000,5.000,0,0,0
B3_zmq_pushpull,zmq_tcp,none,none,,1,12869,512,584,1785153449329543000,1785153449329544000,1785153449329544000,1785153449329544000,1785153449329618000,1785153449329621000,1785153449329621000,1785153449329621000,121932490,121652369,-206.121,1.000,0.000,0.000,3.000,0.000,0.000,20.000,0,0,0
B3_zmq_pushpull,zmq_tcp,none,none,,1,12870,512,584,1785153449330545000,1785153449330545000,1785153449330545000,1785153449330546000,1785153449330734000,1785153449330736000,1785153449330736000,1785153449330736000,121932490,121652369,-92.121,0.000,0.000,1.000,2.000,0.000,0.000,114.000,0,0,0
B3_zmq_pushpull,zmq_tcp,none,none,,1,12871,512,584,1785153449331543000,1785153449331544000,1785153449331544000,1785153449331545000,1785153449331719000,1785153449331722000,1785153449331722000,1785153449331722000,121932490,121652369,-106.121,1.000,0.000,1.000,3.000,0.000,0.000,14.000,0,0,0
B3_zmq_pushpull,zmq_tcp,none,none,,1,12872,512,584,1785153449332541000,1785153449332541000,1785153449332541000,1785153449332542000,1785153449332710000,1785153449332714000,1785153449332714000,1785153449332714000,121932490,121652369,-112.121,0.000,0.000,1.000,4.000,0.000,0.000,6.000,0,0,0
B3_zmq_pushpull,zmq_tcp,none,none,,1,12873,512,584,1785153449333541000,1785153449333541000,1785153449333541000,1785153449333542000,1785153449333692000,1785153449333695000,1785153449333695000,1785153449333695000,121932490,121652369,-130.121,0.000,0.000,1.000,3.000,0.000,0.000,18.000,0,0,0
B3_zmq_pushpull,zmq_tcp,none,none,,1,12874,512,584,1785153449334379000,1785153449334379000,1785153449334379000,1785153449334380000,1785153449334522000,1785153449334524000,1785153449334524000,1785153449334524000,121932490,121652369,-138.121,0.000,0.000,1.000,2.000,0.000,0.000,8.000,0,0,0
B3_zmq_pushpull,zmq_tcp,none,none,,1,12875,512,584,1785153449335582000,1785153449335582000,1785153449335582000,1785153449335583000,1785153449335641000,1785153449335644000,1785153449335644000,1785153449335644000,121932490,121652369,-222.121,0.000,0.000,1.000,3.000,0.000,0.000,84.000,0,0,0
B3_zmq_pushpull,zmq_tcp,none,none,,1,12876,512,584,1785153449336531000,1785153449336532000,1785153449336532000,1785153449336533000,1785153449336632000,1785153449336635000,1785153449336635000,1785153449336635000,121932490,121652369,-181.121,1.000,0.000,1.000,3.000,0.000,0.000,41.000,0,0,0
B3_zmq_pushpull,zmq_tcp,none,none,,1,12877,512,584,1785153449337546000,1785153449337546000,1785153449337546000,1785153449337547000,1785153449337615000,1785153449337619000,1785153449337619000,1785153449337619000,121932490,121652369,-212.121,0.000,0.000,1.000,4.000,0.000,0.000,31.000,0,0,0
B3_zmq_pushpull,zmq_tcp,none,none,,1,12878,512,584,1785153449338423000,1785153449338424000,1785153449338424000,1785153449338425000,1785153449338572000,1785153449338575000,1785153449338575000,1785153449338575000,121932490,121652369,-133.121,1.000,0.000,1.000,3.000,0.000,0.000,79.000,0,0,0
B3_zmq_pushpull,zmq_tcp,none,none,,1,12879,512,584,1785153449339395000,1785153449339395000,1785153449339395000,1785153449339396000,1785153449339550000,1785153449339554000,1785153449339554000,1785153449339554000,121932490,121652369,-126.121,0.000,0.000,1.000,4.000,0.000,0.000,7.000,0,0,0
B3_zmq_pushpull,zmq_tcp,none,none,,1,12880,512,584,1785153449340380000,1785153449340380000,1785153449340380000,1785153449340381000,1785153449340533000,1785153449340536000,1785153449340536000,1785153449340536000,121932490,121652369,-128.121,0.000,0.000,1.000,3.000,0.000,0.000,2.000,0,0,0
B3_zmq_pushpull,zmq_tcp,none,none,,1,12881,512,584,1785153449341358000,1785153449341359000,1785153449341359000,1785153449341360000,1785153449341513000,1785153449341516000,1785153449341516000,1785153449341516000,121932490,121652369,-127.121,1.000,0.000,1.000,3.000,0.000,0.000,1.000,0,0,0
B3_zmq_pushpull,zmq_tcp,none,none,,1,12882,512,584,1785153449342587000,1785153449342587000,1785153449342587000,1785153449342588000,1785153449342761000,1785153449342764000,1785153449342764000,1785153449342764000,121932490,121652369,-107.121,0.000,0.000,1.000,3.000,0.000,0.000,20.000,0,0,0
B3_zmq_pushpull,zmq_tcp,none,none,,1,12883,512,584,1785153449343533000,1785153449343533000,1785153449343533000,1785153449343534000,1785153449343596000,1785153449343599000,1785153449343599000,1785153449343599000,121932490,121652369,-218.121,0.000,0.000,1.000,3.000,0.000,0.000,111.000,0,0,0
B3_zmq_pushpull,zmq_tcp,none,none,,1,12884,512,584,1785153449344544000,1785153449344544000,1785153449344544000,1785153449344545000,1785153449344743000,1785153449344747000,1785153449344747000,1785153449344747000,121932490,121652369,-82.121,0.000,0.000,1.000,4.000,0.000,0.000,136.000,0,0,0
B3_zmq_pushpull,zmq_tcp,none,none,,1,12885,512,584,1785153449345540000,1785153449345540000,1785153449345540000,1785153449345541000,1785153449345595000,1785153449345599000,1785153449345599000,1785153449345599000,121932490,121652369,-226.121,0.000,0.000,1.000,4.000,0.000,0.000,144.000,0,0,0
B3_zmq_pushpull,zmq_tcp,none,none,,1,12886,512,584,1785153449346432000,1785153449346432000,1785153449346432000,1785153449346433000,1785153449346577000,1785153449346580000,1785153449346580000,1785153449346580000,121932490,121652369,-136.121,0.000,0.000,1.000,3.000,0.000,0.000,90.000,0,0,0
B3_zmq_pushpull,zmq_tcp,none,none,,1,12887,512,584,1785153449347569000,1785153449347569000,1785153449347569000,1785153449347570000,1785153449347697000,1785153449347700000,1785153449347700000,1785153449347700000,121932490,121652369,-153.121,0.000,0.000,1.000,3.000,0.000,0.000,17.000,0,0,0
B3_zmq_pushpull,zmq_tcp,none,none,,1,12888,512,584,1785153449348531000,1785153449348532000,1785153449348532000,1785153449348533000,1785153449348655000,1785153449348658000,1785153449348658000,1785153449348658000,121932490,121652369,-158.121,1.000,0.000,1.000,3.000,0.000,0.000,5.000,0,0,0
B3_zmq_pushpull,zmq_tcp,none,none,,1,12889,512,584,1785153449349352000,1785153449349352000,1785153449349352000,1785153449349353000,1785153449349491000,1785153449349494000,1785153449349494000,1785153449349494000,121932490,121652369,-142.121,0.000,0.000,1.000,3.000,0.000,0.000,16.000,0,0,0
B3_zmq_pushpull,zmq_tcp,none,none,,1,12890,512,584,1785153449350463000,1785153449350463000,1785153449350463000,1785153449350464000,1785153449350622000,1785153449350624000,1785153449350624000,1785153449350624000,121932490,121652369,-122.121,0.000,0.000,1.000,2.000,0.000,0.000,20.000,0,0,0
B3_zmq_pushpull,zmq_tcp,none,none,,1,12891,512,584,1785153449351465000,1785153449351465000,1785153449351465000,1785153449351466000,1785153449351625000,1785153449351627000,1785153449351627000,1785153449351627000,121932490,121652369,-121.121,0.000,0.000,1.000,2.000,0.000,0.000,1.000,0,0,0
B3_zmq_pushpull,zmq_tcp,none,none,,1,12892,512,584,1785153449352564000,1785153449352564000,1785153449352564000,1785153449352565000,1785153449352738000,1785153449352740000,1785153449352741000,1785153449352741000,121932490,121652369,-107.121,0.000,0.000,1.000,2.000,1.000,0.000,14.000,0,0,0
B3_zmq_pushpull,zmq_tcp,none,none,,1,12893,512,584,1785153449353536000,1785153449353536000,1785153449353537000,1785153449353538000,1785153449353582000,1785153449353586000,1785153449353586000,1785153449353586000,121932490,121652369,-236.121,0.000,1.000,1.000,4.000,0.000,0.000,129.000,0,0,0
B3_zmq_pushpull,zmq_tcp,none,none,,1,12894,512,584,1785153449354543000,1785153449354543000,1785153449354543000,1785153449354544000,1785153449354697000,1785153449354699000,1785153449354699000,1785153449354699000,121932490,121652369,-127.121,0.000,0.000,1.000,2.000,0.000,0.000,109.000,0,0,0
B3_zmq_pushpull,zmq_tcp,none,none,,1,12895,512,584,1785153449355538000,1785153449355538000,1785153449355538000,1785153449355539000,1785153449355671000,1785153449355675000,1785153449355675000,1785153449355675000,121932490,121652369,-148.121,0.000,0.000,1.000,4.000,0.000,0.000,21.000,0,0,0
B3_zmq_pushpull,zmq_tcp,none,none,,1,12896,512,584,1785153449356543000,1785153449356543000,1785153449356543000,1785153449356544000,1785153449356643000,1785153449356646000,1785153449356646000,1785153449356646000,121932490,121652369,-181.121,0.000,0.000,1.000,3.000,0.000,0.000,33.000,0,0,0
B3_zmq_pushpull,zmq_tcp,none,none,,1,12897,512,584,1785153449357542000,1785153449357543000,1785153449357543000,1785153449357544000,1785153449357641000,1785153449357643000,1785153449357643000,1785153449357643000,121932490,121652369,-183.121,1.000,0.000,1.000,2.000,0.000,0.000,2.000,0,0,0
B3_zmq_pushpull,zmq_tcp,none,none,,1,12898,512,584,1785153449358546000,1785153449358546000,1785153449358546000,1785153449358547000,1785153449358623000,1785153449358626000,1785153449358626000,1785153449358626000,121932490,121652369,-204.121,0.000,0.000,1.000,3.000,0.000,0.000,21.000,0,0,0
B3_zmq_pushpull,zmq_tcp,none,none,,1,12899,512,584,1785153449359540000,1785153449359540000,1785153449359540000,1785153449359541000,1785153449359599000,1785153449359602000,1785153449359602000,1785153449359602000,121932490,121652369,-222.121,0.000,0.000,1.000,3.000,0.000,0.000,18.000,0,0,0
B3_zmq_pushpull,zmq_tcp,none,none,,1,12900,512,584,1785153449360543000,1785153449360543000,1785153449360543000,1785153449360544000,1785153449360593000,1785153449360596000,1785153449360596000,1785153449360596000,121932490,121652369,-231.121,0.000,0.000,1.000,3.000,0.000,0.000,9.000,0,0,0
B3_zmq_pushpull,zmq_tcp,none,none,,1,12901,512,584,1785153449361420000,1785153449361420000,1785153449361420000,1785153449361421000,1785153449361573000,1785153449361575000,1785153449361575000,1785153449361575000,121932490,121652369,-128.121,0.000,0.000,1.000,2.000,0.000,0.000,103.000,0,0,0
B3_zmq_pushpull,zmq_tcp,none,none,,1,12902,512,584,1785153449362399000,1785153449362399000,1785153449362399000,1785153449362400000,1785153449362554000,1785153449362557000,1785153449362557000,1785153449362557000,121932490,121652369,-126.121,0.000,0.000,1.000,3.000,0.000,0.000,2.000,0,0,0
B3_zmq_pushpull,zmq_tcp,none,none,,1,12903,512,584,1785153449363577000,1785153449363577000,1785153449363577000,1785153449363578000,1785153449363678000,1785153449363681000,1785153449363681000,1785153449363681000,121932490,121652369,-180.121,0.000,0.000,1.000,3.000,0.000,0.000,54.000,0,0,0
B3_zmq_pushpull,zmq_tcp,none,none,,1,12904,512,584,1785153449364535000,1785153449364535000,1785153449364535000,1785153449364536000,1785153449364663000,1785153449364666000,1785153449364666000,1785153449364666000,121932490,121652369,-153.121,0.000,0.000,1.000,3.000,0.000,0.000,27.000,0,0,0
B3_zmq_pushpull,zmq_tcp,none,none,,1,12905,512,584,1785153449365542000,1785153449365542000,1785153449365542000,1785153449365543000,1785153449365643000,1785153449365646000,1785153449365646000,1785153449365646000,121932490,121652369,-180.121,0.000,0.000,1.000,3.000,0.000,0.000,27.000,0,0,0
B3_zmq_pushpull,zmq_tcp,none,none,,1,12906,512,584,1785153449366544000,1785153449366544000,1785153449366544000,1785153449366545000,1785153449366629000,1785153449366631000,1785153449366631000,1785153449366631000,121932490,121652369,-196.121,0.000,0.000,1.000,2.000,0.000,0.000,16.000,0,0,0
B3_zmq_pushpull,zmq_tcp,none,none,,1,12907,512,584,1785153449367540000,1785153449367540000,1785153449367540000,1785153449367541000,1785153449367608000,1785153449367610000,1785153449367610000,1785153449367610000,121932490,121652369,-213.121,0.000,0.000,1.000,2.000,0.000,0.000,17.000,0,0,0
B3_zmq_pushpull,zmq_tcp,none,none,,1,12908,512,584,1785153449368542000,1785153449368542000,1785153449368542000,1785153449368543000,1785153449368590000,1785153449368592000,1785153449368593000,1785153449368593000,121932490,121652369,-233.121,0.000,0.000,1.000,2.000,1.000,0.000,20.000,0,0,0
B3_zmq_pushpull,zmq_tcp,none,none,,1,12909,512,584,1785153449369541000,1785153449369541000,1785153449369541000,1785153449369542000,1785153449369689000,1785153449369692000,1785153449369692000,1785153449369692000,121932490,121652369,-133.121,0.000,0.000,1.000,3.000,0.000,0.000,100.000,0,0,0
B3_zmq_pushpull,zmq_tcp,none,none,,1,12910,512,584,1785153449370381000,1785153449370381000,1785153449370382000,1785153449370382000,1785153449370534000,1785153449370537000,1785153449370537000,1785153449370537000,121932490,121652369,-128.121,0.000,1.000,0.000,3.000,0.000,0.000,5.000,0,0,0
B3_zmq_pushpull,zmq_tcp,none,none,,1,12911,512,584,1785153449371356000,1785153449371356000,1785153449371356000,1785153449371357000,1785153449371503000,1785153449371505000,1785153449371505000,1785153449371505000,121932490,121652369,-134.121,0.000,0.000,1.000,2.000,0.000,0.000,6.000,0,0,0
B3_zmq_pushpull,zmq_tcp,none,none,,1,12912,512,584,1785153449372590000,1785153449372590000,1785153449372590000,1785153449372591000,1785153449372777000,1785153449372779000,1785153449372779000,1785153449372779000,121932490,121652369,-94.121,0.000,0.000,1.000,2.000,0.000,0.000,40.000,0,0,0
B3_zmq_pushpull,zmq_tcp,none,none,,1,12913,512,584,1785153449373529000,1785153449373529000,1785153449373529000,1785153449373530000,1785153449373617000,1785153449373619000,1785153449373619000,1785153449373619000,121932490,121652369,-193.121,0.000,0.000,1.000,2.000,0.000,0.000,99.000,0,0,0
B3_zmq_pushpull,zmq_tcp,none,none,,1,12914,512,584,1785153449374544000,1785153449374544000,1785153449374544000,1785153449374545000,1785153449374590000,1785153449374594000,1785153449374594000,1785153449374594000,121932490,121652369,-235.121,0.000,0.000,1.000,4.000,0.000,0.000,42.000,0,0,0
B3_zmq_pushpull,zmq_tcp,none,none,,1,12915,512,584,1785153449375417000,1785153449375417000,1785153449375417000,1785153449375418000,1785153449375570000,1785153449375573000,1785153449375573000,1785153449375573000,121932490,121652369,-128.121,0.000,0.000,1.000,3.000,0.000,0.000,107.000,0,0,0
B3_zmq_pushpull,zmq_tcp,none,none,,1,12916,512,584,1785153449376408000,1785153449376409000,1785153449376409000,1785153449376410000,1785153449376552000,1785153449376555000,1785153449376555000,1785153449376555000,121932490,121652369,-138.121,1.000,0.000,1.000,3.000,0.000,0.000,10.000,0,0,0
B3_zmq_pushpull,zmq_tcp,none,none,,1,12917,512,584,1785153449377384000,1785153449377384000,1785153449377384000,1785153449377385000,1785153449377533000,1785153449377535000,1785153449377535000,1785153449377535000,121932490,121652369,-132.121,0.000,0.000,1.000,2.000,0.000,0.000,6.000,0,0,0
B3_zmq_pushpull,zmq_tcp,none,none,,1,12918,512,584,1785153449378582000,1785153449378583000,1785153449378583000,1785153449378584000,1785153449378658000,1785153449378661000,1785153449378661000,1785153449378661000,121932490,121652369,-206.121,1.000,0.000,1.000,3.000,0.000,0.000,74.000,0,0,0
B3_zmq_pushpull,zmq_tcp,none,none,,1,12919,512,584,1785153449379532000,1785153449379532000,1785153449379532000,1785153449379533000,1785153449379639000,1785153449379642000,1785153449379642000,1785153449379642000,121932490,121652369,-174.121,0.000,0.000,1.000,3.000,0.000,0.000,32.000,0,0,0
B3_zmq_pushpull,zmq_tcp,none,none,,1,12920,512,584,1785153449380544000,1785153449380544000,1785153449380544000,1785153449380545000,1785153449380626000,1785153449380629000,1785153449380629000,1785153449380629000,121932490,121652369,-199.121,0.000,0.000,1.000,3.000,0.000,0.000,25.000,0,0,0
B3_zmq_pushpull,zmq_tcp,none,none,,1,12921,512,584,1785153449381542000,1785153449381542000,1785153449381542000,1785153449381543000,1785153449381623000,1785153449381626000,1785153449381626000,1785153449381626000,121932490,121652369,-200.121,0.000,0.000,1.000,3.000,0.000,0.000,1.000,0,0,0
B3_zmq_pushpull,zmq_tcp,none,none,,1,12922,512,584,1785153449382541000,1785153449382541000,1785153449382541000,1785153449382542000,1785153449382590000,1785153449382593000,1785153449382593000,1785153449382593000,121932490,121652369,-232.121,0.000,0.000,1.000,3.000,0.000,0.000,32.000,0,0,0
B3_zmq_pushpull,zmq_tcp,none,none,,1,12923,512,584,1785153449383539000,1785153449383539000,1785153449383539000,1785153449383540000,1785153449383697000,1785153449383699000,1785153449383699000,1785153449383699000,121932490,121652369,-123.121,0.000,0.000,1.000,2.000,0.000,0.000,109.000,0,0,0
B3_zmq_pushpull,zmq_tcp,none,none,,1,12924,512,584,1785153449384542000,1785153449384543000,1785153449384543000,1785153449384544000,1785153449384658000,1785153449384661000,1785153449384661000,1785153449384661000,121932490,121652369,-166.121,1.000,0.000,1.000,3.000,0.000,0.000,43.000,0,0,0
B3_zmq_pushpull,zmq_tcp,none,none,,1,12925,512,584,1785153449385541000,1785153449385541000,1785153449385541000,1785153449385542000,1785153449385624000,1785153449385627000,1785153449385627000,1785153449385627000,121932490,121652369,-198.121,0.000,0.000,1.000,3.000,0.000,0.000,32.000,0,0,0
B3_zmq_pushpull,zmq_tcp,none,none,,1,12926,512,584,1785153449386543000,1785153449386543000,1785153449386543000,1785153449386544000,1785153449386620000,1785153449386623000,1785153449386623000,1785153449386623000,121932490,121652369,-204.121,0.000,0.000,1.000,3.000,0.000,0.000,6.000,0,0,0
B3_zmq_pushpull,zmq_tcp,none,none,,1,12927,512,584,1785153449387541000,1785153449387541000,1785153449387541000,1785153449387542000,1785153449387726000,1785153449387729000,1785153449387729000,1785153449387729000,121932490,121652369,-96.121,0.000,0.000,1.000,3.000,0.000,0.000,108.000,0,0,0
B3_zmq_pushpull,zmq_tcp,none,none,,1,12928,512,584,1785153449388542000,1785153449388542000,1785153449388542000,1785153449388543000,1785153449388711000,1785153449388714000,1785153449388714000,1785153449388714000,121932490,121652369,-112.121,0.000,0.000,1.000,3.000,0.000,0.000,16.000,0,0,0
B3_zmq_pushpull,zmq_tcp,none,none,,1,12929,512,584,1785153449389541000,1785153449389541000,1785153449389541000,1785153449389542000,1785153449389677000,1785153449389679000,1785153449389679000,1785153449389679000,121932490,121652369,-145.121,0.000,0.000,1.000,2.000,0.000,0.000,33.000,0,0,0
B3_zmq_pushpull,zmq_tcp,none,none,,1,12930,512,584,1785153449390541000,1785153449390541000,1785153449390541000,1785153449390542000,1785153449390657000,1785153449390659000,1785153449390659000,1785153449390659000,121932490,121652369,-165.121,0.000,0.000,1.000,2.000,0.000,0.000,20.000,0,0,0
B3_zmq_pushpull,zmq_tcp,none,none,,1,12931,512,584,1785153449391538000,1785153449391538000,1785153449391538000,1785153449391539000,1785153449391643000,1785153449391646000,1785153449391646000,1785153449391646000,121932490,121652369,-176.121,0.000,0.000,1.000,3.000,0.000,0.000,11.000,0,0,0
B3_zmq_pushpull,zmq_tcp,none,none,,1,12932,512,584,1785153449392543000,1785153449392543000,1785153449392543000,1785153449392544000,1785153449392627000,1785153449392630000,1785153449392631000,1785153449392631000,121932490,121652369,-197.121,0.000,0.000,1.000,3.000,1.000,0.000,21.000,0,0,0
B3_zmq_pushpull,zmq_tcp,none,none,,1,12933,512,584,1785153449393449000,1785153449393450000,1785153449393450000,1785153449393451000,1785153449393607000,1785153449393610000,1785153449393610000,1785153449393610000,121932490,121652369,-124.121,1.000,0.000,1.000,3.000,0.000,0.000,73.000,0,0,0
B3_zmq_pushpull,zmq_tcp,none,none,,1,12934,512,584,1785153449394435000,1785153449394435000,1785153449394435000,1785153449394436000,1785153449394588000,1785153449394590000,1785153449394590000,1785153449394590000,121932490,121652369,-128.121,0.000,0.000,1.000,2.000,0.000,0.000,4.000,0,0,0
B3_zmq_pushpull,zmq_tcp,none,none,,1,12935,512,584,1785153449395568000,1785153449395568000,1785153449395568000,1785153449395569000,1785153449395719000,1785153449395722000,1785153449395722000,1785153449395722000,121932490,121652369,-130.121,0.000,0.000,1.000,3.000,0.000,0.000,2.000,0,0,0
B3_zmq_pushpull,zmq_tcp,none,none,,1,12936,512,584,1785153449396535000,1785153449396535000,1785153449396536000,1785153449396536000,1785153449396689000,1785153449396692000,1785153449396692000,1785153449396692000,121932490,121652369,-127.121,0.000,1.000,0.000,3.000,0.000,0.000,3.000,0,0,0
B3_zmq_pushpull,zmq_tcp,none,none,,1,12937,512,584,1785153449397370000,1785153449397370000,1785153449397370000,1785153449397371000,1785153449397522000,1785153449397525000,1785153449397525000,1785153449397525000,121932490,121652369,-129.121,0.000,0.000,1.000,3.000,0.000,0.000,2.000,0,0,0
B3_zmq_pushpull,zmq_tcp,none,none,,1,12938,512,584,1785153449398353000,1785153449398353000,1785153449398353000,1785153449398354000,1785153449398507000,1785153449398511000,1785153449398511000,1785153449398511000,121932490,121652369,-127.121,0.000,0.000,1.000,4.000,0.000,0.000,2.000,0,0,0
B3_zmq_pushpull,zmq_tcp,none,none,,1,12939,512,584,1785153449399351000,1785153449399351000,1785153449399351000,1785153449399352000,1785153449399507000,1785153449399510000,1785153449399510000,1785153449399510000,121932490,121652369,-125.121,0.000,0.000,1.000,3.000,0.000,0.000,2.000,0,0,0
B3_zmq_pushpull,zmq_tcp,none,none,,1,12940,512,584,1785153449400344000,1785153449400344000,1785153449400344000,1785153449400345000,1785153449400489000,1785153449400491000,1785153449400491000,1785153449400491000,121932490,121652369,-136.121,0.000,0.000,1.000,2.000,0.000,0.000,11.000,0,0,0
B3_zmq_pushpull,zmq_tcp,none,none,,1,12941,512,584,1785153449401469000,1785153449401470000,1785153449401470000,1785153449401471000,1785153449401627000,1785153449401630000,1785153449401630000,1785153449401630000,121932490,121652369,-124.121,1.000,0.000,1.000,3.000,0.000,0.000,12.000,0,0,0
B3_zmq_pushpull,zmq_tcp,none,none,,1,12942,512,584,1785153449402467000,1785153449402467000,1785153449402467000,1785153449402468000,1785153449402618000,1785153449402621000,1785153449402621000,1785153449402621000,121932490,121652369,-130.121,0.000,0.000,1.000,3.000,0.000,0.000,6.000,0,0,0
B3_zmq_pushpull,zmq_tcp,none,none,,1,12943,512,584,1785153449403453000,1785153449403454000,1785153449403454000,1785153449403455000,1785153449403605000,1785153449403607000,1785153449403607000,1785153449403607000,121932490,121652369,-130.121,1.000,0.000,1.000,2.000,0.000,0.000,0.000,0,0,0
B3_zmq_pushpull,zmq_tcp,none,none,,1,12944,512,584,1785153449404441000,1785153449404441000,1785153449404441000,1785153449404442000,1785153449404592000,1785153449404594000,1785153449404594000,1785153449404594000,121932490,121652369,-130.121,0.000,0.000,1.000,2.000,0.000,0.000,0.000,0,0,0
B3_zmq_pushpull,zmq_tcp,none,none,,1,12945,512,584,1785153449405432000,1785153449405432000,1785153449405432000,1785153449405433000,1785153449405592000,1785153449405594000,1785153449405594000,1785153449405594000,121932490,121652369,-121.121,0.000,0.000,1.000,2.000,0.000,0.000,9.000,0,0,0
B3_zmq_pushpull,zmq_tcp,none,none,,1,12946,512,584,1785153449406571000,1785153449406571000,1785153449406571000,1785153449406572000,1785153449406728000,1785153449406730000,1785153449406730000,1785153449406730000,121932490,121652369,-124.121,0.000,0.000,1.000,2.000,0.000,0.000,3.000,0,0,0
B3_zmq_pushpull,zmq_tcp,none,none,,1,12947,512,584,1785153449407534000,1785153449407535000,1785153449407535000,1785153449407536000,1785153449407719000,1785153449407722000,1785153449407722000,1785153449407722000,121932490,121652369,-97.121,1.000,0.000,1.000,3.000,0.000,0.000,27.000,0,0,0
B3_zmq_pushpull,zmq_tcp,none,none,,1,12948,512,584,1785153449408547000,1785153449408547000,1785153449408547000,1785153449408548000,1785153449408693000,1785153449408695000,1785153449408695000,1785153449408695000,121932490,121652369,-135.121,0.000,0.000,1.000,2.000,0.000,0.000,38.000,0,0,0
B3_zmq_pushpull,zmq_tcp,none,none,,1,12949,512,584,1785153449409540000,1785153449409540000,1785153449409540000,1785153449409541000,1785153449409685000,1785153449409687000,1785153449409688000,1785153449409688000,121932490,121652369,-136.121,0.000,0.000,1.000,2.000,1.000,0.000,1.000,0,0,0
B3_zmq_pushpull,zmq_tcp,none,none,,1,12950,512,584,1785153449410543000,1785153449410543000,1785153449410543000,1785153449410544000,1785153449410669000,1785153449410671000,1785153449410671000,1785153449410671000,121932490,121652369,-155.121,0.000,0.000,1.000,2.000,0.000,0.000,19.000,0,0,0
B3_zmq_pushpull,zmq_tcp,none,none,,1,12951,512,584,1785153449411541000,1785153449411541000,1785153449411542000,1785153449411542000,1785153449411640000,1785153449411643000,1785153449411643000,1785153449411643000,121932490,121652369,-182.121,0.000,1.000,0.000,3.000,0.000,0.000,27.000,0,0,0
B3_zmq_pushpull,zmq_tcp,none,none,,1,12952,512,584,1785153449412345000,1785153449412346000,1785153449412346000,1785153449412347000,1785153449412490000,1785153449412493000,1785153449412493000,1785153449412493000,121932490,121652369,-137.121,1.000,0.000,1.000,3.000,0.000,0.000,45.000,0,0,0
B3_zmq_pushpull,zmq_tcp,none,none,,1,12953,512,584,1785153449413463000,1785153449413463000,1785153449413463000,1785153449413464000,1785153449413617000,1785153449413619000,1785153449413620000,1785153449413620000,121932490,121652369,-127.121,0.000,0.000,1.000,2.000,1.000,0.000,10.000,0,0,0
B3_zmq_pushpull,zmq_tcp,none,none,,1,12954,512,584,1785153449414449000,1785153449414449000,1785153449414450000,1785153449414451000,1785153449414602000,1785153449414605000,1785153449414605000,1785153449414605000,121932490,121652369,-129.121,0.000,1.000,1.000,3.000,0.000,0.000,2.000,0,0,0
B3_zmq_pushpull,zmq_tcp,none,none,,1,12955,512,584,1785153449415565000,1785153449415566000,1785153449415566000,1785153449415567000,1785153449415728000,1785153449415730000,1785153449415730000,1785153449415730000,121932490,121652369,-119.121,1.000,0.000,1.000,2.000,0.000,0.000,10.000,0,0,0
B3_zmq_pushpull,zmq_tcp,none,none,,1,12956,512,584,1785153449416532000,1785153449416532000,1785153449416532000,1785153449416533000,1785153449416580000,1785153449416584000,1785153449416584000,1785153449416584000,121932490,121652369,-233.121,0.000,0.000,1.000,4.000,0.000,0.000,114.000,0,0,0
B3_zmq_pushpull,zmq_tcp,none,none,,1,12957,512,584,1785153449417545000,1785153449417545000,1785153449417545000,1785153449417546000,1785153449417708000,1785153449417710000,1785153449417710000,1785153449417710000,121932490,121652369,-118.121,0.000,0.000,1.000,2.000,0.000,0.000,115.000,0,0,0
B3_zmq_pushpull,zmq_tcp,none,none,,1,12958,512,584,1785153449418541000,1785153449418541000,1785153449418541000,1785153449418542000,1785153449418698000,1785153449418701000,1785153449418701000,1785153449418701000,121932490,121652369,-124.121,0.000,0.000,1.000,3.000,0.000,0.000,6.000,0,0,0
B3_zmq_pushpull,zmq_tcp,none,none,,1,12959,512,584,1785153449419542000,1785153449419542000,1785153449419542000,1785153449419543000,1785153449419690000,1785153449419698000,1785153449419698000,1785153449419698000,121932490,121652369,-133.121,0.000,0.000,1.000,8.000,0.000,0.000,9.000,0,0,0
B3_zmq_pushpull,zmq_tcp,none,none,,1,12960,512,584,1785153449420539000,1785153449420539000,1785153449420540000,1785153449420540000,1785153449420698000,1785153449420701000,1785153449420701000,1785153449420701000,121932490,121652369,-122.121,0.000,1.000,0.000,3.000,0.000,0.000,11.000,0,0,0
B3_zmq_pushpull,zmq_tcp,none,none,,1,12961,512,584,1785153449421543000,1785153449421543000,1785153449421543000,1785153449421544000,1785153449421689000,1785153449421697000,1785153449421697000,1785153449421697000,121932490,121652369,-135.121,0.000,0.000,1.000,8.000,0.000,0.000,13.000,0,0,0
B3_zmq_pushpull,zmq_tcp,none,none,,1,12962,512,584,1785153449422541000,1785153449422541000,1785153449422541000,1785153449422542000,1785153449422669000,1785153449422671000,1785153449422671000,1785153449422671000,121932490,121652369,-153.121,0.000,0.000,1.000,2.000,0.000,0.000,18.000,0,0,0
B3_zmq_pushpull,zmq_tcp,none,none,,1,12963,512,584,1785153449423541000,1785153449423541000,1785153449423541000,1785153449423542000,1785153449423650000,1785153449423653000,1785153449423653000,1785153449423653000,121932490,121652369,-172.121,0.000,0.000,1.000,3.000,0.000,0.000,19.000,0,0,0
B3_zmq_pushpull,zmq_tcp,none,none,,1,12964,512,584,1785153449424538000,1785153449424539000,1785153449424539000,1785153449424540000,1785153449424634000,1785153449424637000,1785153449424637000,1785153449424637000,121932490,121652369,-186.121,1.000,0.000,1.000,3.000,0.000,0.000,14.000,0,0,0
B3_zmq_pushpull,zmq_tcp,none,none,,1,12965,512,584,1785153449425543000,1785153449425543000,1785153449425543000,1785153449425544000,1785153449425607000,1785153449425610000,1785153449425610000,1785153449425610000,121932490,121652369,-217.121,0.000,0.000,1.000,3.000,0.000,0.000,31.000,0,0,0
B3_zmq_pushpull,zmq_tcp,none,none,,1,12966,512,584,1785153449426541000,1785153449426541000,1785153449426541000,1785153449426542000,1785153449426598000,1785153449426601000,1785153449426601000,1785153449426601000,121932490,121652369,-224.121,0.000,0.000,1.000,3.000,0.000,0.000,7.000,0,0,0
B3_zmq_pushpull,zmq_tcp,none,none,,1,12967,512,584,1785153449427439000,1785153449427439000,1785153449427439000,1785153449427440000,1785153449427596000,1785153449427599000,1785153449427599000,1785153449427599000,121932490,121652369,-124.121,0.000,0.000,1.000,3.000,0.000,0.000,100.000,0,0,0
B3_zmq_pushpull,zmq_tcp,none,none,,1,12968,512,584,1785153449428564000,1785153449428564000,1785153449428564000,1785153449428565000,1785153449428722000,1785153449428725000,1785153449428725000,1785153449428725000,121932490,121652369,-123.121,0.000,0.000,1.000,3.000,0.000,0.000,1.000,0,0,0
B3_zmq_pushpull,zmq_tcp,none,none,,1,12969,512,584,1785153449429411000,1785153449429411000,1785153449429411000,1785153449429412000,1785153449429554000,1785153449429557000,1785153449429557000,1785153449429557000,121932490,121652369,-138.121,0.000,0.000,1.000,3.000,0.000,0.000,15.000,0,0,0
B3_zmq_pushpull,zmq_tcp,none,none,,1,12970,512,584,1785153449430575000,1785153449430575000,1785153449430575000,1785153449430576000,1785153449430652000,1785153449430654000,1785153449430654000,1785153449430654000,121932490,121652369,-204.121,0.000,0.000,1.000,2.000,0.000,0.000,66.000,0,0,0
B3_zmq_pushpull,zmq_tcp,none,none,,1,12971,512,584,1785153449431531000,1785153449431531000,1785153449431531000,1785153449431532000,1785153449431630000,1785153449431634000,1785153449431634000,1785153449431634000,121932490,121652369,-182.121,0.000,0.000,1.000,4.000,0.000,0.000,22.000,0,0,0
B3_zmq_pushpull,zmq_tcp,none,none,,1,12972,512,584,1785153449432544000,1785153449432544000,1785153449432544000,1785153449432545000,1785153449432603000,1785153449432606000,1785153449432606000,1785153449432606000,121932490,121652369,-222.121,0.000,0.000,1.000,3.000,0.000,0.000,40.000,0,0,0
B3_zmq_pushpull,zmq_tcp,none,none,,1,12973,512,584,1785153449433546000,1785153449433546000,1785153449433546000,1785153449433547000,1785153449433732000,1785153449433734000,1785153449433734000,1785153449433734000,121932490,121652369,-95.121,0.000,0.000,1.000,2.000,0.000,0.000,127.000,0,0,0
B3_zmq_pushpull,zmq_tcp,none,none,,1,12974,512,584,1785153449434420000,1785153449434420000,1785153449434420000,1785153449434421000,1785153449434581000,1785153449434584000,1785153449434584000,1785153449434584000,121932490,121652369,-120.121,0.000,0.000,1.000,3.000,0.000,0.000,25.000,0,0,0
B3_zmq_pushpull,zmq_tcp,none,none,,1,12975,512,584,1785153449435576000,1785153449435576000,1785153449435577000,1785153449435577000,1785153449435705000,1785153449435708000,1785153449435708000,1785153449435708000,121932490,121652369,-152.121,0.000,1.000,0.000,3.000,0.000,0.000,32.000,0,0,0
B3_zmq_pushpull,zmq_tcp,none,none,,1,12976,512,584,1785153449436533000,1785153449436533000,1785153449436533000,1785153449436534000,1785153449436688000,1785153449436690000,1785153449436690000,1785153449436690000,121932490,121652369,-126.121,0.000,0.000,1.000,2.000,0.000,0.000,26.000,0,0,0
B3_zmq_pushpull,zmq_tcp,none,none,,1,12977,512,584,1785153449437544000,1785153449437544000,1785153449437544000,1785153449437545000,1785153449437646000,1785153449437649000,1785153449437649000,1785153449437649000,121932490,121652369,-179.121,0.000,0.000,1.000,3.000,0.000,0.000,53.000,0,0,0
B3_zmq_pushpull,zmq_tcp,none,none,,1,12978,512,584,1785153449438539000,1785153449438539000,1785153449438539000,1785153449438540000,1785153449438612000,1785153449438615000,1785153449438615000,1785153449438615000,121932490,121652369,-208.121,0.000,0.000,1.000,3.000,0.000,0.000,29.000,0,0,0
B3_zmq_pushpull,zmq_tcp,none,none,,1,12979,512,584,1785153449439432000,1785153449439432000,1785153449439433000,1785153449439433000,1785153449439586000,1785153449439589000,1785153449439589000,1785153449439589000,121932490,121652369,-127.121,0.000,1.000,0.000,3.000,0.000,0.000,81.000,0,0,0
B3_zmq_pushpull,zmq_tcp,none,none,,1,12980,512,584,1785153449440415000,1785153449440415000,1785153449440415000,1785153449440417000,1785153449440550000,1785153449440553000,1785153449440553000,1785153449440553000,121932490,121652369,-147.121,0.000,0.000,2.000,3.000,0.000,0.000,20.000,0,0,0
B3_zmq_pushpull,zmq_tcp,none,none,,1,12981,512,584,1785153449441388000,1785153449441388000,1785153449441388000,1785153449441389000,1785153449441534000,1785153449441537000,1785153449441537000,1785153449441537000,121932490,121652369,-135.121,0.000,0.000,1.000,3.000,0.000,0.000,12.000,0,0,0
B3_zmq_pushpull,zmq_tcp,none,none,,1,12982,512,584,1785153449442580000,1785153449442580000,1785153449442580000,1785153449442581000,1785153449442651000,1785153449442654000,1785153449442654000,1785153449442654000,121932490,121652369,-210.121,0.000,0.000,1.000,3.000,0.000,0.000,75.000,0,0,0
B3_zmq_pushpull,zmq_tcp,none,none,,1,12983,512,584,1785153449443535000,1785153449443535000,1785153449443535000,1785153449443536000,1785153449443641000,1785153449443644000,1785153449443644000,1785153449443644000,121932490,121652369,-175.121,0.000,0.000,1.000,3.000,0.000,0.000,35.000,0,0,0
B3_zmq_pushpull,zmq_tcp,none,none,,1,12984,512,584,1785153449444544000,1785153449444544000,1785153449444544000,1785153449444545000,1785153449444602000,1785153449444605000,1785153449444605000,1785153449444605000,121932490,121652369,-223.121,0.000,0.000,1.000,3.000,0.000,0.000,48.000,0,0,0
B3_zmq_pushpull,zmq_tcp,none,none,,1,12985,512,584,1785153449445540000,1785153449445540000,1785153449445540000,1785153449445541000,1785153449445710000,1785153449445713000,1785153449445713000,1785153449445713000,121932490,121652369,-111.121,0.000,0.000,1.000,3.000,0.000,0.000,112.000,0,0,0
B3_zmq_pushpull,zmq_tcp,none,none,,1,12986,512,584,1785153449446542000,1785153449446542000,1785153449446542000,1785153449446543000,1785153449446693000,1785153449446696000,1785153449446696000,1785153449446696000,121932490,121652369,-130.121,0.000,0.000,1.000,3.000,0.000,0.000,19.000,0,0,0
B3_zmq_pushpull,zmq_tcp,none,none,,1,12987,512,584,1785153449447398000,1785153449447398000,1785153449447398000,1785153449447399000,1785153449447558000,1785153449447561000,1785153449447561000,1785153449447561000,121932490,121652369,-121.121,0.000,0.000,1.000,3.000,0.000,0.000,9.000,0,0,0
B3_zmq_pushpull,zmq_tcp,none,none,,1,12988,512,584,1785153449448390000,1785153449448390000,1785153449448390000,1785153449448391000,1785153449448544000,1785153449448546000,1785153449448546000,1785153449448546000,121932490,121652369,-127.121,0.000,0.000,1.000,2.000,0.000,0.000,6.000,0,0,0
B3_zmq_pushpull,zmq_tcp,none,none,,1,12989,512,584,1785153449449371000,1785153449449371000,1785153449449371000,1785153449449372000,1785153449449530000,1785153449449533000,1785153449449533000,1785153449449533000,121932490,121652369,-122.121,0.000,0.000,1.000,3.000,0.000,0.000,5.000,0,0,0
B3_zmq_pushpull,zmq_tcp,none,none,,1,12990,512,584,1785153449450586000,1785153449450586000,1785153449450586000,1785153449450587000,1785153449450657000,1785153449450660000,1785153449450660000,1785153449450660000,121932490,121652369,-210.121,0.000,0.000,1.000,3.000,0.000,0.000,88.000,0,0,0
B3_zmq_pushpull,zmq_tcp,none,none,,1,12991,512,584,1785153449451353000,1785153449451353000,1785153449451353000,1785153449451354000,1785153449451508000,1785153449451511000,1785153449451511000,1785153449451511000,121932490,121652369,-126.121,0.000,0.000,1.000,3.000,0.000,0.000,84.000,0,0,0
B3_zmq_pushpull,zmq_tcp,none,none,,1,12992,512,584,1785153449452590000,1785153449452590000,1785153449452590000,1785153449452591000,1785153449452761000,1785153449452764000,1785153449452764000,1785153449452764000,121932490,121652369,-110.121,0.000,0.000,1.000,3.000,0.000,0.000,16.000,0,0,0
B3_zmq_pushpull,zmq_tcp,none,none,,1,12993,512,584,1785153449453468000,1785153449453469000,1785153449453469000,1785153449453470000,1785153449453622000,1785153449453625000,1785153449453625000,1785153449453626000,121932490,121652369,-128.121,1.000,0.000,1.000,3.000,0.000,1.000,18.000,0,0,0
B3_zmq_pushpull,zmq_tcp,none,none,,1,12994,512,584,1785153449454561000,1785153449454561000,1785153449454561000,1785153449454562000,1785153449454622000,1785153449454625000,1785153449454625000,1785153449454625000,121932490,121652369,-220.121,0.000,0.000,1.000,3.000,0.000,0.000,92.000,0,0,0
B3_zmq_pushpull,zmq_tcp,none,none,,1,12995,512,584,1785153449455442000,1785153449455442000,1785153449455442000,1785153449455443000,1785153449455595000,1785153449455597000,1785153449455597000,1785153449455597000,121932490,121652369,-128.121,0.000,0.000,1.000,2.000,0.000,0.000,92.000,0,0,0
B3_zmq_pushpull,zmq_tcp,none,none,,1,12996,512,584,1785153449456420000,1785153449456421000,1785153449456421000,1785153449456422000,1785153449456564000,1785153449456567000,1785153449456567000,1785153449456567000,121932490,121652369,-138.121,1.000,0.000,1.000,3.000,0.000,0.000,10.000,0,0,0
B3_zmq_pushpull,zmq_tcp,none,none,,1,12997,512,584,1785153449457395000,1785153449457395000,1785153449457395000,1785153449457396000,1785153449457549000,1785153449457552000,1785153449457552000,1785153449457552000,121932490,121652369,-127.121,0.000,0.000,1.000,3.000,0.000,0.000,11.000,0,0,0
B3_zmq_pushpull,zmq_tcp,none,none,,1,12998,512,584,1785153449458383000,1785153449458383000,1785153449458383000,1785153449458384000,1785153449458537000,1785153449458540000,1785153449458540000,1785153449458540000,121932490,121652369,-127.121,0.000,0.000,1.000,3.000,0.000,0.000,0.000,0,0,0
B3_zmq_pushpull,zmq_tcp,none,none,,1,12999,512,584,1785153449459582000,1785153449459582000,1785153449459582000,1785153449459583000,1785153449459671000,1785153449459677000,1785153449459677000,1785153449459677000,121932490,121652369,-192.121,0.000,0.000,1.000,6.000,0.000,0.000,65.000,0,0,0
B3_zmq_pushpull,zmq_tcp,none,none,,1,13000,512,584,1785153449460532000,1785153449460532000,1785153449460532000,1785153449460533000,1785153449460660000,1785153449460662000,1785153449460663000,1785153449460663000,121932490,121652369,-153.121,0.000,0.000,1.000,2.000,1.000,0.000,39.000,0,0,0
B3_zmq_pushpull,zmq_tcp,none,none,,1,13001,512,584,1785153449461545000,1785153449461545000,1785153449461545000,1785153449461546000,1785153449461637000,1785153449461640000,1785153449461640000,1785153449461640000,121932490,121652369,-189.121,0.000,0.000,1.000,3.000,0.000,0.000,36.000,0,0,0
B3_zmq_pushpull,zmq_tcp,none,none,,1,13002,512,584,1785153449462541000,1785153449462542000,1785153449462542000,1785153449462543000,1785153449462608000,1785153449462610000,1785153449462610000,1785153449462610000,121932490,121652369,-215.121,1.000,0.000,1.000,2.000,0.000,0.000,26.000,0,0,0
B3_zmq_pushpull,zmq_tcp,none,none,,1,13003,512,584,1785153449463544000,1785153449463544000,1785153449463544000,1785153449463545000,1785153449463730000,1785153449463733000,1785153449463733000,1785153449463733000,121932490,121652369,-95.121,0.000,0.000,1.000,3.000,0.000,0.000,120.000,0,0,0
B3_zmq_pushpull,zmq_tcp,none,none,,1,13004,512,584,1785153449464539000,1785153449464539000,1785153449464539000,1785153449464540000,1785153449464701000,1785153449464704000,1785153449464704000,1785153449464704000,121932490,121652369,-119.121,0.000,0.000,1.000,3.000,0.000,0.000,24.000,0,0,0
B3_zmq_pushpull,zmq_tcp,none,none,,1,13005,512,584,1785153449465543000,1785153449465543000,1785153449465543000,1785153449465544000,1785153449465696000,1785153449465699000,1785153449465699000,1785153449465699000,121932490,121652369,-128.121,0.000,0.000,1.000,3.000,0.000,0.000,9.000,0,0,0
B3_zmq_pushpull,zmq_tcp,none,none,,1,13006,512,584,1785153449466541000,1785153449466542000,1785153449466542000,1785153449466543000,1785153449466671000,1785153449466673000,1785153449466673000,1785153449466673000,121932490,121652369,-152.121,1.000,0.000,1.000,2.000,0.000,0.000,24.000,0,0,0
B3_zmq_pushpull,zmq_tcp,none,none,,1,13007,512,584,1785153449467541000,1785153449467542000,1785153449467542000,1785153449467543000,1785153449467638000,1785153449467641000,1785153449467641000,1785153449467641000,121932490,121652369,-185.121,1.000,0.000,1.000,3.000,0.000,0.000,33.000,0,0,0
B3_zmq_pushpull,zmq_tcp,none,none,,1,13008,512,584,1785153449468539000,1785153449468539000,1785153449468539000,1785153449468540000,1785153449468613000,1785153449468616000,1785153449468616000,1785153449468616000,121932490,121652369,-207.121,0.000,0.000,1.000,3.000,0.000,0.000,22.000,0,0,0
B3_zmq_pushpull,zmq_tcp,none,none,,1,13009,512,584,1785153449469545000,1785153449469545000,1785153449469545000,1785153449469546000,1785153449469720000,1785153449469723000,1785153449469723000,1785153449469723000,121932490,121652369,-106.121,0.000,0.000,1.000,3.000,0.000,0.000,101.000,0,0,0
B3_zmq_pushpull,zmq_tcp,none,none,,1,13010,512,584,1785153449470433000,1785153449470433000,1785153449470433000,1785153449470434000,1785153449470591000,1785153449470593000,1785153449470593000,1785153449470593000,121932490,121652369,-123.121,0.000,0.000,1.000,2.000,0.000,0.000,17.000,0,0,0
B3_zmq_pushpull,zmq_tcp,none,none,,1,13011,512,584,1785153449471428000,1785153449471428000,1785153449471428000,1785153449471429000,1785153449471586000,1785153449471589000,1785153449471589000,1785153449471589000,121932490,121652369,-123.121,0.000,0.000,1.000,3.000,0.000,0.000,0.000,0,0,0
B3_zmq_pushpull,zmq_tcp,none,none,,1,13012,512,584,1785153449472569000,1785153449472570000,1785153449472570000,1785153449472571000,1785153449472676000,1785153449472678000,1785153449472678000,1785153449472678000,121932490,121652369,-175.121,1.000,0.000,1.000,2.000,0.000,0.000,52.000,0,0,0
B3_zmq_pushpull,zmq_tcp,none,none,,1,13013,512,584,1785153449473535000,1785153449473535000,1785153449473535000,1785153449473536000,1785153449473656000,1785153449473659000,1785153449473659000,1785153449473659000,121932490,121652369,-160.121,0.000,0.000,1.000,3.000,0.000,0.000,15.000,0,0,0
B3_zmq_pushpull,zmq_tcp,none,none,,1,13014,512,584,1785153449474544000,1785153449474544000,1785153449474544000,1785153449474545000,1785153449474631000,1785153449474633000,1785153449474633000,1785153449474633000,121932490,121652369,-194.121,0.000,0.000,1.000,2.000,0.000,0.000,34.000,0,0,0
B3_zmq_pushpull,zmq_tcp,none,none,,1,13015,512,584,1785153449475543000,1785153449475543000,1785153449475543000,1785153449475544000,1785153449475619000,1785153449475623000,1785153449475623000,1785153449475623000,121932490,121652369,-205.121,0.000,0.000,1.000,4.000,0.000,0.000,11.000,0,0,0
B3_zmq_pushpull,zmq_tcp,none,none,,1,13016,512,584,1785153449476442000,1785153449476442000,1785153449476442000,1785153449476443000,1785153449476596000,1785153449476598000,1785153449476599000,1785153449476599000,121932490,121652369,-127.121,0.000,0.000,1.000,2.000,1.000,0.000,78.000,0,0,0
B3_zmq_pushpull,zmq_tcp,none,none,,1,13017,512,584,1785153449477448000,1785153449477448000,1785153449477448000,1785153449477449000,1785153449477601000,1785153449477604000,1785153449477604000,1785153449477604000,121932490,121652369,-128.121,0.000,0.000,1.000,3.000,0.000,0.000,1.000,0,0,0
B3_zmq_pushpull,zmq_tcp,none,none,,1,13018,512,584,1785153449478441000,1785153449478441000,1785153449478441000,1785153449478442000,1785153449478595000,1785153449478599000,1785153449478599000,1785153449478599000,121932490,121652369,-127.121,0.000,0.000,1.000,4.000,0.000,0.000,1.000,0,0,0
B3_zmq_pushpull,zmq_tcp,none,none,,1,13019,512,584,1785153449479421000,1785153449479421000,1785153449479421000,1785153449479422000,1785153449479572000,1785153449479575000,1785153449479575000,1785153449479575000,121932490,121652369,-130.121,0.000,0.000,1.000,3.000,0.000,0.000,3.000,0,0,0
B3_zmq_pushpull,zmq_tcp,none,none,,1,13020,512,584,1785153449480406000,1785153449480406000,1785153449480406000,1785153449480407000,1785153449480559000,1785153449480561000,1785153449480561000,1785153449480561000,121932490,121652369,-128.121,0.000,0.000,1.000,2.000,0.000,0.000,2.000,0,0,0
B3_zmq_pushpull,zmq_tcp,none,none,,1,13021,512,584,1785153449481395000,1785153449481395000,1785153449481395000,1785153449481396000,1785153449481548000,1785153449481551000,1785153449481551000,1785153449481551000,121932490,121652369,-128.121,0.000,0.000,1.000,3.000,0.000,0.000,0.000,0,0,0
B3_zmq_pushpull,zmq_tcp,none,none,,1,13022,512,584,1785153449482383000,1785153449482383000,1785153449482383000,1785153449482384000,1785153449482537000,1785153449482540000,1785153449482540000,1785153449482540000,121932490,121652369,-127.121,0.000,0.000,1.000,3.000,0.000,0.000,1.000,0,0,0
B3_zmq_pushpull,zmq_tcp,none,none,,1,13023,512,584,1785153449483381000,1785153449483381000,1785153449483381000,1785153449483382000,1785153449483539000,1785153449483541000,1785153449483541000,1785153449483541000,121932490,121652369,-123.121,0.000,0.000,1.000,2.000,0.000,0.000,4.000,0,0,0
B3_zmq_pushpull,zmq_tcp,none,none,,1,13024,512,584,1785153449484369000,1785153449484369000,1785153449484369000,1785153449484370000,1785153449484524000,1785153449484527000,1785153449484527000,1785153449484527000,121932490,121652369,-126.121,0.000,0.000,1.000,3.000,0.000,0.000,3.000,0,0,0
B3_zmq_pushpull,zmq_tcp,none,none,,1,13025,512,584,1785153449485367000,1785153449485367000,1785153449485367000,1785153449485368000,1785153449485525000,1785153449485528000,1785153449485528000,1785153449485528000,121932490,121652369,-123.121,0.000,0.000,1.000,3.000,0.000,0.000,3.000,0,0,0
B3_zmq_pushpull,zmq_tcp,none,none,,1,13026,512,584,1785153449486586000,1785153449486586000,1785153449486586000,1785153449486587000,1785153449486645000,1785153449486648000,1785153449486648000,1785153449486648000,121932490,121652369,-222.121,0.000,0.000,1.000,3.000,0.000,0.000,99.000,0,0,0
B3_zmq_pushpull,zmq_tcp,none,none,,1,13027,512,584,1785153449487470000,1785153449487470000,1785153449487470000,1785153449487471000,1785153449487621000,1785153449487624000,1785153449487624000,1785153449487624000,121932490,121652369,-130.121,0.000,0.000,1.000,3.000,0.000,0.000,92.000,0,0,0
B3_zmq_pushpull,zmq_tcp,none,none,,1,13028,512,584,1785153449488437000,1785153449488437000,1785153449488437000,1785153449488438000,1785153449488579000,1785153449488582000,1785153449488582000,1785153449488582000,121932490,121652369,-139.121,0.000,0.000,1.000,3.000,0.000,0.000,9.000,0,0,0
B3_zmq_pushpull,zmq_tcp,none,none,,1,13029,512,584,1785153449489426000,1785153449489426000,1785153449489426000,1785153449489427000,1785153449489579000,1785153449489581000,1785153449489581000,1785153449489581000,121932490,121652369,-128.121,0.000,0.000,1.000,2.000,0.000,0.000,11.000,0,0,0
B3_zmq_pushpull,zmq_tcp,none,none,,1,13030,512,584,1785153449490414000,1785153449490415000,1785153449490415000,1785153449490416000,1785153449490557000,1785153449490560000,1785153449490560000,1785153449490560000,121932490,121652369,-139.121,1.000,0.000,1.000,3.000,0.000,0.000,11.000,0,0,0
B3_zmq_pushpull,zmq_tcp,none,none,,1,13031,512,584,1785153449491571000,1785153449491571000,1785153449491571000,1785153449491572000,1785153449491667000,1785153449491670000,1785153449491670000,1785153449491670000,121932490,121652369,-185.121,0.000,0.000,1.000,3.000,0.000,0.000,46.000,0,0,0
B3_zmq_pushpull,zmq_tcp,none,none,,1,13032,512,584,1785153449492358000,1785153449492358000,1785153449492358000,1785153449492359000,1785153449492513000,1785153449492516000,1785153449492516000,1785153449492516000,121932490,121652369,-126.121,0.000,0.000,1.000,3.000,0.000,0.000,59.000,0,0,0
B3_zmq_pushpull,zmq_tcp,none,none,,1,13033,512,584,1785153449493345000,1785153449493345000,1785153449493345000,1785153449493346000,1785153449493485000,1785153449493488000,1785153449493488000,1785153449493488000,121932490,121652369,-141.121,0.000,0.000,1.000,3.000,0.000,0.000,15.000,0,0,0
B3_zmq_pushpull,zmq_tcp,none,none,,1,13034,512,584,1785153449494463000,1785153449494463000,1785153449494464000,1785153449494465000,1785153449494617000,1785153449494620000,1785153449494620000,1785153449494620000,121932490,121652369,-128.121,0.000,1.000,1.000,3.000,0.000,0.000,13.000,0,0,0
B3_zmq_pushpull,zmq_tcp,none,none,,1,13035,512,584,1785153449495446000,1785153449495446000,1785153449495446000,1785153449495447000,1785153449495600000,1785153449495603000,1785153449495603000,1785153449495603000,121932490,121652369,-127.121,0.000,0.000,1.000,3.000,0.000,0.000,1.000,0,0,0
B3_zmq_pushpull,zmq_tcp,none,none,,1,13036,512,584,1785153449496427000,1785153449496428000,1785153449496428000,1785153449496429000,1785153449496579000,1785153449496581000,1785153449496581000,1785153449496581000,121932490,121652369,-130.121,1.000,0.000,1.000,2.000,0.000,0.000,3.000,0,0,0
B3_zmq_pushpull,zmq_tcp,none,none,,1,13037,512,584,1785153449497423000,1785153449497423000,1785153449497423000,1785153449497424000,1785153449497576000,1785153449497579000,1785153449497579000,1785153449497579000,121932490,121652369,-128.121,0.000,0.000,1.000,3.000,0.000,0.000,2.000,0,0,0
B3_zmq_pushpull,zmq_tcp,none,none,,1,13038,512,584,1785153449498394000,1785153449498394000,1785153449498394000,1785153449498395000,1785153449498549000,1785153449498552000,1785153449498552000,1785153449498552000,121932490,121652369,-126.121,0.000,0.000,1.000,3.000,0.000,0.000,2.000,0,0,0
B3_zmq_pushpull,zmq_tcp,none,none,,1,13039,512,584,1785153449499580000,1785153449499580000,1785153449499580000,1785153449499581000,1785153449499657000,1785153449499661000,1785153449499661000,1785153449499661000,121932490,121652369,-204.121,0.000,0.000,1.000,4.000,0.000,0.000,78.000,0,0,0
B3_zmq_pushpull,zmq_tcp,none,none,,1,13040,512,584,1785153449500345000,1785153449500345000,1785153449500345000,1785153449500346000,1785153449500484000,1785153449500487000,1785153449500487000,1785153449500487000,121932490,121652369,-142.121,0.000,0.000,1.000,3.000,0.000,0.000,62.000,0,0,0
B3_zmq_pushpull,zmq_tcp,none,none,,1,13041,512,584,1785153449501457000,1785153449501457000,1785153449501457000,1785153449501458000,1785153449501612000,1785153449501615000,1785153449501615000,1785153449501615000,121932490,121652369,-126.121,0.000,0.000,1.000,3.000,0.000,0.000,16.000,0,0,0
B3_zmq_pushpull,zmq_tcp,none,none,,1,13042,512,584,1785153449502564000,1785153449502564000,1785153449502564000,1785153449502565000,1785153449502611000,1785153449502614000,1785153449502614000,1785153449502614000,121932490,121652369,-234.121,0.000,0.000,1.000,3.000,0.000,0.000,108.000,0,0,0
B3_zmq_pushpull,zmq_tcp,none,none,,1,13043,512,584,1785153449503538000,1785153449503538000,1785153449503538000,1785153449503539000,1785153449503601000,1785153449503605000,1785153449503605000,1785153449503605000,121932490,121652369,-218.121,0.000,0.000,1.000,4.000,0.000,0.000,16.000,0,0,0
B3_zmq_pushpull,zmq_tcp,none,none,,1,13044,512,584,1785153449504544000,1785153449504544000,1785153449504544000,1785153449504545000,1785153449504735000,1785153449504737000,1785153449504737000,1785153449504737000,121932490,121652369,-90.121,0.000,0.000,1.000,2.000,0.000,0.000,128.000,0,0,0
B3_zmq_pushpull,zmq_tcp,none,none,,1,13045,512,584,1785153449505538000,1785153449505538000,1785153449505538000,1785153449505539000,1785153449505729000,1785153449505732000,1785153449505732000,1785153449505732000,121932490,121652369,-90.121,0.000,0.000,1.000,3.000,0.000,0.000,0.000,0,0,0
B3_zmq_pushpull,zmq_tcp,none,none,,1,13046,512,584,1785153449506428000,1785153449506428000,1785153449506428000,1785153449506429000,1785153449506579000,1785153449506582000,1785153449506582000,1785153449506582000,121932490,121652369,-130.121,0.000,0.000,1.000,3.000,0.000,0.000,40.000,0,0,0
B3_zmq_pushpull,zmq_tcp,none,none,,1,13047,512,584,1785153449507414000,1785153449507414000,1785153449507414000,1785153449507415000,1785153449507567000,1785153449507571000,1785153449507571000,1785153449507571000,121932490,121652369,-128.121,0.000,0.000,1.000,4.000,0.000,0.000,2.000,0,0,0
B3_zmq_pushpull,zmq_tcp,none,none,,1,13048,512,584,1785153449508395000,1785153449508395000,1785153449508396000,1785153449508396000,1785153449508552000,1785153449508555000,1785153449508555000,1785153449508555000,121932490,121652369,-124.121,0.000,1.000,0.000,3.000,0.000,0.000,4.000,0,0,0
B3_zmq_pushpull,zmq_tcp,none,none,,1,13049,512,584,1785153449509579000,1785153449509579000,1785153449509579000,1785153449509580000,1785153449509683000,1785153449509685000,1785153449509685000,1785153449509685000,121932490,121652369,-177.121,0.000,0.000,1.000,2.000,0.000,0.000,53.000,0,0,0
B3_zmq_pushpull,zmq_tcp,none,none,,1,13050,512,584,1785153449510535000,1785153449510535000,1785153449510535000,1785153449510536000,1785153449510668000,1785153449510671000,1785153449510671000,1785153449510671000,121932490,121652369,-148.121,0.000,0.000,1.000,3.000,0.000,0.000,29.000,0,0,0
B3_zmq_pushpull,zmq_tcp,none,none,,1,13051,512,584,1785153449511547000,1785153449511547000,1785153449511547000,1785153449511548000,1785153449511648000,1785153449511651000,1785153449511651000,1785153449511651000,121932490,121652369,-180.121,0.000,0.000,1.000,3.000,0.000,0.000,32.000,0,0,0
B3_zmq_pushpull,zmq_tcp,none,none,,1,13052,512,584,1785153449512540000,1785153449512540000,1785153449512541000,1785153449512541000,1785153449512631000,1785153449512633000,1785153449512633000,1785153449512633000,121932490,121652369,-190.121,0.000,1.000,0.000,2.000,0.000,0.000,10.000,0,0,0
B3_zmq_pushpull,zmq_tcp,none,none,,1,13053,512,584,1785153449513543000,1785153449513543000,1785153449513543000,1785153449513544000,1785153449513611000,1785153449513613000,1785153449513613000,1785153449513613000,121932490,121652369,-213.121,0.000,0.000,1.000,2.000,0.000,0.000,23.000,0,0,0
B3_zmq_pushpull,zmq_tcp,none,none,,1,13054,512,584,1785153449514542000,1785153449514542000,1785153449514542000,1785153449514543000,1785153449514599000,1785153449514602000,1785153449514602000,1785153449514602000,121932490,121652369,-224.121,0.000,0.000,1.000,3.000,0.000,0.000,11.000,0,0,0
B3_zmq_pushpull,zmq_tcp,none,none,,1,13055,512,584,1785153449515542000,1785153449515542000,1785153449515542000,1785153449515543000,1785153449515713000,1785153449515716000,1785153449515716000,1785153449515716000,121932490,121652369,-110.121,0.000,0.000,1.000,3.000,0.000,0.000,114.000,0,0,0
B3_zmq_pushpull,zmq_tcp,none,none,,1,13056,512,584,1785153449516541000,1785153449516541000,1785153449516541000,1785153449516542000,1785153449516708000,1785153449516711000,1785153449516711000,1785153449516711000,121932490,121652369,-114.121,0.000,0.000,1.000,3.000,0.000,0.000,4.000,0,0,0
B3_zmq_pushpull,zmq_tcp,none,none,,1,13057,512,584,1785153449517398000,1785153449517399000,1785153449517399000,1785153449517400000,1785153449517545000,1785153449517548000,1785153449517548000,1785153449517548000,121932490,121652369,-135.121,1.000,0.000,1.000,3.000,0.000,0.000,21.000,0,0,0
B3_zmq_pushpull,zmq_tcp,none,none,,1,13058,512,584,1785153449518580000,1785153449518580000,1785153449518581000,1785153449518581000,1785153449518667000,1785153449518670000,1785153449518670000,1785153449518670000,121932490,121652369,-194.121,0.000,1.000,0.000,3.000,0.000,0.000,59.000,0,0,0
B3_zmq_pushpull,zmq_tcp,none,none,,1,13059,512,584,1785153449519532000,1785153449519532000,1785153449519533000,1785153449519533000,1785153449519649000,1785153449519652000,1785153449519652000,1785153449519652000,121932490,121652369,-164.121,0.000,1.000,0.000,3.000,0.000,0.000,30.000,0,0,0
B3_zmq_pushpull,zmq_tcp,none,none,,1,13060,512,584,1785153449520547000,1785153449520547000,1785153449520547000,1785153449520548000,1785153449520646000,1785153449520649000,1785153449520649000,1785153449520649000,121932490,121652369,-182.121,0.000,0.000,1.000,3.000,0.000,0.000,18.000,0,0,0
B3_zmq_pushpull,zmq_tcp,none,none,,1,13061,512,584,1785153449521540000,1785153449521540000,1785153449521541000,1785153449521541000,1785153449521620000,1785153449521624000,1785153449521624000,1785153449521624000,121932490,121652369,-201.121,0.000,1.000,0.000,4.000,0.000,0.000,19.000,0,0,0
B3_zmq_pushpull,zmq_tcp,none,none,,1,13062,512,584,1785153449522542000,1785153449522542000,1785153449522542000,1785153449522543000,1785153449522592000,1785153449522594000,1785153449522594000,1785153449522594000,121932490,121652369,-231.121,0.000,0.000,1.000,2.000,0.000,0.000,30.000,0,0,0
B3_zmq_pushpull,zmq_tcp,none,none,,1,13063,512,584,1785153449523542000,1785153449523543000,1785153449523543000,1785153449523544000,1785153449523708000,1785153449523711000,1785153449523711000,1785153449523711000,121932490,121652369,-116.121,1.000,0.000,1.000,3.000,0.000,0.000,115.000,0,0,0
B3_zmq_pushpull,zmq_tcp,none,none,,1,13064,512,584,1785153449524415000,1785153449524415000,1785153449524415000,1785153449524416000,1785153449524571000,1785153449524574000,1785153449524574000,1785153449524574000,121932490,121652369,-125.121,0.000,0.000,1.000,3.000,0.000,0.000,9.000,0,0,0
B3_zmq_pushpull,zmq_tcp,none,none,,1,13065,512,584,1785153449525389000,1785153449525389000,1785153449525389000,1785153449525391000,1785153449525537000,1785153449525540000,1785153449525540000,1785153449525540000,121932490,121652369,-134.121,0.000,0.000,2.000,3.000,0.000,0.000,9.000,0,0,0
B3_zmq_pushpull,zmq_tcp,none,none,,1,13066,512,584,1785153449526583000,1785153449526583000,1785153449526583000,1785153449526584000,1785153449526796000,1785153449526799000,1785153449526799000,1785153449526799000,121932490,121652369,-68.121,0.000,0.000,1.000,3.000,0.000,0.000,66.000,0,0,0
B3_zmq_pushpull,zmq_tcp,none,none,,1,13067,512,584,1785153449527528000,1785153449527529000,1785153449527529000,1785153449527530000,1785153449527647000,1785153449527650000,1785153449527650000,1785153449527650000,121932490,121652369,-163.121,1.000,0.000,1.000,3.000,0.000,0.000,95.000,0,0,0
B3_zmq_pushpull,zmq_tcp,none,none,,1,13068,512,584,1785153449528546000,1785153449528546000,1785153449528546000,1785153449528547000,1785153449528623000,1785153449528625000,1785153449528625000,1785153449528625000,121932490,121652369,-204.121,0.000,0.000,1.000,2.000,0.000,0.000,41.000,0,0,0
B3_zmq_pushpull,zmq_tcp,none,none,,1,13069,512,584,1785153449529540000,1785153449529541000,1785153449529541000,1785153449529542000,1785153449529585000,1785153449529589000,1785153449529589000,1785153449529589000,121932490,121652369,-237.121,1.000,0.000,1.000,4.000,0.000,0.000,33.000,0,0,0
B3_zmq_pushpull,zmq_tcp,none,none,,1,13070,512,584,1785153449530546000,1785153449530546000,1785153449530546000,1785153449530547000,1785153449530712000,1785153449530715000,1785153449530715000,1785153449530715000,121932490,121652369,-115.121,0.000,0.000,1.000,3.000,0.000,0.000,122.000,0,0,0
B3_zmq_pushpull,zmq_tcp,none,none,,1,13071,512,584,1785153449531538000,1785153449531538000,1785153449531538000,1785153449531539000,1785153449531701000,1785153449531705000,1785153449531705000,1785153449531705000,121932490,121652369,-118.121,0.000,0.000,1.000,4.000,0.000,0.000,3.000,0,0,0
B3_zmq_pushpull,zmq_tcp,none,none,,1,13072,512,584,1785153449532400000,1785153449532401000,1785153449532401000,1785153449532402000,1785153449532559000,1785153449532561000,1785153449532561000,1785153449532561000,121932490,121652369,-123.121,1.000,0.000,1.000,2.000,0.000,0.000,5.000,0,0,0
B3_zmq_pushpull,zmq_tcp,none,none,,1,13073,512,584,1785153449533578000,1785153449533578000,1785153449533578000,1785153449533579000,1785153449533679000,1785153449533681000,1785153449533681000,1785153449533681000,121932490,121652369,-180.121,0.000,0.000,1.000,2.000,0.000,0.000,57.000,0,0,0
B3_zmq_pushpull,zmq_tcp,none,none,,1,13074,512,584,1785153449534538000,1785153449534538000,1785153449534538000,1785153449534539000,1785153449534675000,1785153449534678000,1785153449534678000,1785153449534678000,121932490,121652369,-144.121,0.000,0.000,1.000,3.000,0.000,0.000,36.000,0,0,0
B3_zmq_pushpull,zmq_tcp,none,none,,1,13075,512,584,1785153449535543000,1785153449535543000,1785153449535543000,1785153449535544000,1785153449535635000,1785153449535637000,1785153449535637000,1785153449535637000,121932490,121652369,-189.121,0.000,0.000,1.000,2.000,0.000,0.000,45.000,0,0,0
B3_zmq_pushpull,zmq_tcp,none,none,,1,13076,512,584,1785153449536543000,1785153449536543000,1785153449536543000,1785153449536544000,1785153449536611000,1785153449536614000,1785153449536614000,1785153449536614000,121932490,121652369,-213.121,0.000,0.000,1.000,3.000,0.000,0.000,24.000,0,0,0
B3_zmq_pushpull,zmq_tcp,none,none,,1,13077,512,584,1785153449537433000,1785153449537434000,1785153449537434000,1785153449537435000,1785153449537591000,1785153449537593000,1785153449537593000,1785153449537594000,121932490,121652369,-124.121,1.000,0.000,1.000,2.000,0.000,1.000,89.000,0,0,0
B3_zmq_pushpull,zmq_tcp,none,none,,1,13078,512,584,1785153449538440000,1785153449538440000,1785153449538440000,1785153449538441000,1785153449538600000,1785153449538609000,1785153449538609000,1785153449538609000,121932490,121652369,-121.121,0.000,0.000,1.000,9.000,0.000,0.000,3.000,0,0,0
B3_zmq_pushpull,zmq_tcp,none,none,,1,13079,512,584,1785153449539567000,1785153449539567000,1785153449539567000,1785153449539568000,1785153449539720000,1785153449539723000,1785153449539723000,1785153449539723000,121932490,121652369,-128.121,0.000,0.000,1.000,3.000,0.000,0.000,7.000,0,0,0
B3_zmq_pushpull,zmq_tcp,none,none,,1,13080,512,584,1785153449540538000,1785153449540538000,1785153449540538000,1785153449540539000,1785153449540712000,1785153449540715000,1785153449540715000,1785153449540715000,121932490,121652369,-107.121,0.000,0.000,1.000,3.000,0.000,0.000,21.000,0,0,0
B3_zmq_pushpull,zmq_tcp,none,none,,1,13081,512,584,1785153449541541000,1785153449541541000,1785153449541541000,1785153449541542000,1785153449541683000,1785153449541686000,1785153449541686000,1785153449541686000,121932490,121652369,-139.121,0.000,0.000,1.000,3.000,0.000,0.000,32.000,0,0,0
B3_zmq_pushpull,zmq_tcp,none,none,,1,13082,512,584,1785153449542542000,1785153449542542000,1785153449542542000,1785153449542543000,1785153449542675000,1785153449542677000,1785153449542677000,1785153449542677000,121932490,121652369,-148.121,0.000,0.000,1.000,2.000,0.000,0.000,9.000,0,0,0
B3_zmq_pushpull,zmq_tcp,none,none,,1,13083,512,584,1785153449543542000,1785153449543542000,1785153449543542000,1785153449543543000,1785153449543650000,1785153449543652000,1785153449543652000,1785153449543652000,121932490,121652369,-173.121,0.000,0.000,1.000,2.000,0.000,0.000,25.000,0,0,0
B3_zmq_pushpull,zmq_tcp,none,none,,1,13084,512,584,1785153449544539000,1785153449544539000,1785153449544539000,1785153449544540000,1785153449544623000,1785153449544625000,1785153449544625000,1785153449544625000,121932490,121652369,-197.121,0.000,0.000,1.000,2.000,0.000,0.000,24.000,0,0,0
B3_zmq_pushpull,zmq_tcp,none,none,,1,13085,512,584,1785153449545546000,1785153449545546000,1785153449545546000,1785153449545547000,1785153449545614000,1785153449545616000,1785153449545616000,1785153449545616000,121932490,121652369,-213.121,0.000,0.000,1.000,2.000,0.000,0.000,16.000,0,0,0
B3_zmq_pushpull,zmq_tcp,none,none,,1,13086,512,584,1785153449546541000,1785153449546541000,1785153449546541000,1785153449546542000,1785153449546587000,1785153449546591000,1785153449546591000,1785153449546591000,121932490,121652369,-235.121,0.000,0.000,1.000,4.000,0.000,0.000,22.000,0,0,0
B3_zmq_pushpull,zmq_tcp,none,none,,1,13087,512,584,1785153449547416000,1785153449547416000,1785153449547416000,1785153449547417000,1785153449547563000,1785153449547574000,1785153449547574000,1785153449547574000,121932490,121652369,-134.121,0.000,0.000,1.000,11.000,0.000,0.000,101.000,0,0,0
B3_zmq_pushpull,zmq_tcp,none,none,,1,13088,512,584,1785153449548398000,1785153449548398000,1785153449548398000,1785153449548399000,1785153449548552000,1785153449548555000,1785153449548555000,1785153449548555000,121932490,121652369,-127.121,0.000,0.000,1.000,3.000,0.000,0.000,7.000,0,0,0
B3_zmq_pushpull,zmq_tcp,none,none,,1,13089,512,584,1785153449549578000,1785153449549578000,1785153449549578000,1785153449549579000,1785153449549659000,1785153449549662000,1785153449549662000,1785153449549662000,121932490,121652369,-200.121,0.000,0.000,1.000,3.000,0.000,0.000,73.000,0,0,0
B3_zmq_pushpull,zmq_tcp,none,none,,1,13090,512,584,1785153449550534000,1785153449550534000,1785153449550534000,1785153449550535000,1785153449550627000,1785153449550630000,1785153449550630000,1785153449550630000,121932490,121652369,-188.121,0.000,0.000,1.000,3.000,0.000,0.000,12.000,0,0,0
B3_zmq_pushpull,zmq_tcp,none,none,,1,13091,512,584,1785153449551543000,1785153449551544000,1785153449551544000,1785153449551545000,1785153449551615000,1785153449551618000,1785153449551618000,1785153449551618000,121932490,121652369,-210.121,1.000,0.000,1.000,3.000,0.000,0.000,22.000,0,0,0
B3_zmq_pushpull,zmq_tcp,none,none,,1,13092,512,584,1785153449552544000,1785153449552544000,1785153449552544000,1785153449552545000,1785153449552728000,1785153449552731000,1785153449552731000,1785153449552731000,121932490,121652369,-97.121,0.000,0.000,1.000,3.000,0.000,0.000,113.000,0,0,0
B3_zmq_pushpull,zmq_tcp,none,none,,1,13093,512,584,1785153449553542000,1785153449553542000,1785153449553542000,1785153449553543000,1785153449553730000,1785153449553732000,1785153449553732000,1785153449553732000,121932490,121652369,-93.121,0.000,0.000,1.000,2.000,0.000,0.000,4.000,0,0,0
B3_zmq_pushpull,zmq_tcp,none,none,,1,13094,512,584,1785153449554433000,1785153449554433000,1785153449554433000,1785153449554434000,1785153449554586000,1785153449554588000,1785153449554588000,1785153449554588000,121932490,121652369,-128.121,0.000,0.000,1.000,2.000,0.000,0.000,35.000,0,0,0
B3_zmq_pushpull,zmq_tcp,none,none,,1,13095,512,584,1785153449555569000,1785153449555569000,1785153449555569000,1785153449555570000,1785153449555691000,1785153449555694000,1785153449555694000,1785153449555694000,121932490,121652369,-159.121,0.000,0.000,1.000,3.000,0.000,0.000,31.000,0,0,0
B3_zmq_pushpull,zmq_tcp,none,none,,1,13096,512,584,1785153449556535000,1785153449556535000,1785153449556535000,1785153449556536000,1785153449556666000,1785153449556668000,1785153449556668000,1785153449556668000,121932490,121652369,-150.121,0.000,0.000,1.000,2.000,0.000,0.000,9.000,0,0,0
B3_zmq_pushpull,zmq_tcp,none,none,,1,13097,512,584,1785153449557545000,1785153449557545000,1785153449557545000,1785153449557546000,1785153449557632000,1785153449557634000,1785153449557635000,1785153449557635000,121932490,121652369,-194.121,0.000,0.000,1.000,2.000,1.000,0.000,44.000,0,0,0
B3_zmq_pushpull,zmq_tcp,none,none,,1,13098,512,584,1785153449558540000,1785153449558540000,1785153449558540000,1785153449558541000,1785153449558614000,1785153449558616000,1785153449558616000,1785153449558616000,121932490,121652369,-207.121,0.000,0.000,1.000,2.000,0.000,0.000,13.000,0,0,0
B3_zmq_pushpull,zmq_tcp,none,none,,1,13099,512,584,1785153449559543000,1785153449559544000,1785153449559544000,1785153449559545000,1785153449559591000,1785153449559594000,1785153449559594000,1785153449559594000,121932490,121652369,-234.121,1.000,0.000,1.000,3.000,0.000,0.000,27.000,0,0,0
B3_zmq_pushpull,zmq_tcp,none,none,,1,13100,512,584,1785153449560542000,1785153449560542000,1785153449560542000,1785153449560543000,1785153449560700000,1785153449560703000,1785153449560703000,1785153449560703000,121932490,121652369,-123.121,0.000,0.000,1.000,3.000,0.000,0.000,111.000,0,0,0
B3_zmq_pushpull,zmq_tcp,none,none,,1,13101,512,584,1785153449561542000,1785153449561542000,1785153449561542000,1785153449561543000,1785153449561675000,1785153449561678000,1785153449561678000,1785153449561678000,121932490,121652369,-148.121,0.000,0.000,1.000,3.000,0.000,0.000,25.000,0,0,0
B3_zmq_pushpull,zmq_tcp,none,none,,1,13102,512,584,1785153449562369000,1785153449562369000,1785153449562369000,1785153449562370000,1785153449562523000,1785153449562526000,1785153449562526000,1785153449562526000,121932490,121652369,-127.121,0.000,0.000,1.000,3.000,0.000,0.000,21.000,0,0,0
B3_zmq_pushpull,zmq_tcp,none,none,,1,13103,512,584,1785153449563586000,1785153449563586000,1785153449563586000,1785153449563587000,1785153449563640000,1785153449563643000,1785153449563643000,1785153449563643000,121932490,121652369,-227.121,0.000,0.000,1.000,3.000,0.000,0.000,100.000,0,0,0
B3_zmq_pushpull,zmq_tcp,none,none,,1,13104,512,584,1785153449564531000,1785153449564531000,1785153449564531000,1785153449564532000,1785153449564606000,1785153449564608000,1785153449564608000,1785153449564608000,121932490,121652369,-206.121,0.000,0.000,1.000,2.000,0.000,0.000,21.000,0,0,0
B3_zmq_pushpull,zmq_tcp,none,none,,1,13105,512,584,1785153449565546000,1785153449565546000,1785153449565546000,1785153449565547000,1785153449565718000,1785153449565720000,1785153449565720000,1785153449565720000,121932490,121652369,-109.121,0.000,0.000,1.000,2.000,0.000,0.000,97.000,0,0,0
B3_zmq_pushpull,zmq_tcp,none,none,,1,13106,512,584,1785153449566540000,1785153449566540000,1785153449566540000,1785153449566541000,1785153449566708000,1785153449566711000,1785153449566711000,1785153449566711000,121932490,121652369,-113.121,0.000,0.000,1.000,3.000,0.000,0.000,4.000,0,0,0
B3_zmq_pushpull,zmq_tcp,none,none,,1,13107,512,584,1785153449567396000,1785153449567396000,1785153449567396000,1785153449567397000,1785153449567558000,1785153449567560000,1785153449567560000,1785153449567560000,121932490,121652369,-119.121,0.000,0.000,1.000,2.000,0.000,0.000,6.000,0,0,0
B3_zmq_pushpull,zmq_tcp,none,none,,1,13108,512,584,1785153449568582000,1785153449568582000,1785153449568582000,1785153449568583000,1785153449568670000,1785153449568672000,1785153449568672000,1785153449568672000,121932490,121652369,-193.121,0.000,0.000,1.000,2.000,0.000,0.000,74.000,0,0,0
B3_zmq_pushpull,zmq_tcp,none,none,,1,13109,512,584,1785153449569532000,1785153449569532000,1785153449569532000,1785153449569533000,1785153449569643000,1785153449569646000,1785153449569646000,1785153449569646000,121932490,121652369,-170.121,0.000,0.000,1.000,3.000,0.000,0.000,23.000,0,0,0
B3_zmq_pushpull,zmq_tcp,none,none,,1,13110,512,584,1785153449570545000,1785153449570545000,1785153449570545000,1785153449570546000,1785153449570635000,1785153449570638000,1785153449570638000,1785153449570638000,121932490,121652369,-191.121,0.000,0.000,1.000,3.000,0.000,0.000,21.000,0,0,0
B3_zmq_pushpull,zmq_tcp,none,none,,1,13111,512,584,1785153449571543000,1785153449571543000,1785153449571543000,1785153449571544000,1785153449571594000,1785153449571597000,1785153449571597000,1785153449571597000,121932490,121652369,-230.121,0.000,0.000,1.000,3.000,0.000,0.000,39.000,0,0,0
B3_zmq_pushpull,zmq_tcp,none,none,,1,13112,512,584,1785153449572429000,1785153449572429000,1785153449572429000,1785153449572430000,1785153449572584000,1785153449572587000,1785153449572587000,1785153449572587000,121932490,121652369,-126.121,0.000,0.000,1.000,3.000,0.000,0.000,104.000,0,0,0
B3_zmq_pushpull,zmq_tcp,none,none,,1,13113,512,584,1785153449573407000,1785153449573407000,1785153449573407000,1785153449573408000,1785153449573564000,1785153449573567000,1785153449573567000,1785153449573567000,121932490,121652369,-124.121,0.000,0.000,1.000,3.000,0.000,0.000,2.000,0,0,0
B3_zmq_pushpull,zmq_tcp,none,none,,1,13114,512,584,1785153449574383000,1785153449574383000,1785153449574383000,1785153449574384000,1785153449574531000,1785153449574534000,1785153449574534000,1785153449574534000,121932490,121652369,-133.121,0.000,0.000,1.000,3.000,0.000,0.000,9.000,0,0,0
B3_zmq_pushpull,zmq_tcp,none,none,,1,13115,512,584,1785153449575584000,1785153449575584000,1785153449575584000,1785153449575585000,1785153449575663000,1785153449575666000,1785153449575666000,1785153449575666000,121932490,121652369,-202.121,0.000,0.000,1.000,3.000,0.000,0.000,69.000,0,0,0
B3_zmq_pushpull,zmq_tcp,none,none,,1,13116,512,584,1785153449576367000,1785153449576367000,1785153449576367000,1785153449576368000,1785153449576512000,1785153449576515000,1785153449576515000,1785153449576515000,121932490,121652369,-136.121,0.000,0.000,1.000,3.000,0.000,0.000,66.000,0,0,0
B3_zmq_pushpull,zmq_tcp,none,none,,1,13117,512,584,1785153449577586000,1785153449577586000,1785153449577586000,1785153449577587000,1785153449577634000,1785153449577636000,1785153449577636000,1785153449577636000,121932490,121652369,-233.121,0.000,0.000,1.000,2.000,0.000,0.000,97.000,0,0,0
B3_zmq_pushpull,zmq_tcp,none,none,,1,13118,512,584,1785153449578450000,1785153449578451000,1785153449578451000,1785153449578452000,1785153449578602000,1785153449578604000,1785153449578604000,1785153449578604000,121932490,121652369,-130.121,1.000,0.000,1.000,2.000,0.000,0.000,103.000,0,0,0
B3_zmq_pushpull,zmq_tcp,none,none,,1,13119,512,584,1785153449579441000,1785153449579441000,1785153449579441000,1785153449579442000,1785153449579599000,1785153449579603000,1785153449579603000,1785153449579603000,121932490,121652369,-123.121,0.000,0.000,1.000,4.000,0.000,0.000,7.000,0,0,0
B3_zmq_pushpull,zmq_tcp,none,none,,1,13120,512,584,1785153449580444000,1785153449580444000,1785153449580444000,1785153449580445000,1785153449580603000,1785153449580606000,1785153449580606000,1785153449580606000,121932490,121652369,-122.121,0.000,0.000,1.000,3.000,0.000,0.000,1.000,0,0,0
B3_zmq_pushpull,zmq_tcp,none,none,,1,13121,512,584,1785153449581434000,1785153449581434000,1785153449581434000,1785153449581435000,1785153449581592000,1785153449581595000,1785153449581595000,1785153449581595000,121932490,121652369,-123.121,0.000,0.000,1.000,3.000,0.000,0.000,1.000,0,0,0
B3_zmq_pushpull,zmq_tcp,none,none,,1,13122,512,584,1785153449582569000,1785153449582569000,1785153449582569000,1785153449582570000,1785153449582716000,1785153449582719000,1785153449582719000,1785153449582719000,121932490,121652369,-134.121,0.000,0.000,1.000,3.000,0.000,0.000,11.000,0,0,0
B3_zmq_pushpull,zmq_tcp,none,none,,1,13123,512,584,1785153449583534000,1785153449583535000,1785153449583535000,1785153449583536000,1785153449583704000,1785153449583707000,1785153449583707000,1785153449583707000,121932490,121652369,-112.121,1.000,0.000,1.000,3.000,0.000,0.000,22.000,0,0,0
B3_zmq_pushpull,zmq_tcp,none,none,,1,13124,512,584,1785153449584545000,1785153449584545000,1785153449584545000,1785153449584546000,1785153449584688000,1785153449584691000,1785153449584691000,1785153449584691000,121932490,121652369,-138.121,0.000,0.000,1.000,3.000,0.000,0.000,26.000,0,0,0
B3_zmq_pushpull,zmq_tcp,none,none,,1,13125,512,584,1785153449585542000,1785153449585542000,1785153449585542000,1785153449585543000,1785153449585670000,1785153449585672000,1785153449585672000,1785153449585672000,121932490,121652369,-153.121,0.000,0.000,1.000,2.000,0.000,0.000,15.000,0,0,0
B3_zmq_pushpull,zmq_tcp,none,none,,1,13126,512,584,1785153449586542000,1785153449586542000,1785153449586542000,1785153449586543000,1785153449586650000,1785153449586652000,1785153449586652000,1785153449586652000,121932490,121652369,-173.121,0.000,0.000,1.000,2.000,0.000,0.000,20.000,0,0,0
B3_zmq_pushpull,zmq_tcp,none,none,,1,13127,512,584,1785153449587542000,1785153449587542000,1785153449587542000,1785153449587543000,1785153449587639000,1785153449587642000,1785153449587642000,1785153449587642000,121932490,121652369,-184.121,0.000,0.000,1.000,3.000,0.000,0.000,11.000,0,0,0
B3_zmq_pushpull,zmq_tcp,none,none,,1,13128,512,584,1785153449588542000,1785153449588542000,1785153449588542000,1785153449588543000,1785153449588647000,1785153449588650000,1785153449588650000,1785153449588650000,121932490,121652369,-176.121,0.000,0.000,1.000,3.000,0.000,0.000,8.000,0,0,0
B3_zmq_pushpull,zmq_tcp,none,none,,1,13129,512,584,1785153449589545000,1785153449589545000,1785153449589545000,1785153449589546000,1785153449589625000,1785153449589627000,1785153449589627000,1785153449589627000,121932490,121652369,-201.121,0.000,0.000,1.000,2.000,0.000,0.000,25.000,0,0,0
B3_zmq_pushpull,zmq_tcp,none,none,,1,13130,512,584,1785153449590541000,1785153449590541000,1785153449590541000,1785153449590542000,1785153449590621000,1785153449590623000,1785153449590623000,1785153449590623000,121932490,121652369,-201.121,0.000,0.000,1.000,2.000,0.000,0.000,0.000,0,0,0
B3_zmq_pushpull,zmq_tcp,none,none,,1,13131,512,584,1785153449591543000,1785153449591544000,1785153449591544000,1785153449591545000,1785153449591600000,1785153449591603000,1785153449591603000,1785153449591603000,121932490,121652369,-225.121,1.000,0.000,1.000,3.000,0.000,0.000,24.000,0,0,0
B3_zmq_pushpull,zmq_tcp,none,none,,1,13132,512,584,1785153449592542000,1785153449592542000,1785153449592542000,1785153449592543000,1785153449592588000,1785153449592592000,1785153449592592000,1785153449592592000,121932490,121652369,-235.121,0.000,0.000,1.000,4.000,0.000,0.000,10.000,0,0,0
B3_zmq_pushpull,zmq_tcp,none,none,,1,13133,512,584,1785153449593545000,1785153449593545000,1785153449593545000,1785153449593546000,1785153449593722000,1785153449593724000,1785153449593724000,1785153449593724000,121932490,121652369,-104.121,0.000,0.000,1.000,2.000,0.000,0.000,131.000,0,0,0
B3_zmq_pushpull,zmq_tcp,none,none,,1,13134,512,584,1785153449594539000,1785153449594540000,1785153449594540000,1785153449594541000,1785153449594716000,1785153449594719000,1785153449594719000,1785153449594719000,121932490,121652369,-105.121,1.000,0.000,1.000,3.000,0.000,0.000,1.000,0,0,0
B3_zmq_pushpull,zmq_tcp,none,none,,1,13135,512,584,1785153449595547000,1785153449595547000,1785153449595547000,1785153449595548000,1785153449595722000,1785153449595725000,1785153449595725000,1785153449595725000,121932490,121652369,-106.121,0.000,0.000,1.000,3.000,0.000,0.000,1.000,0,0,0
B3_zmq_pushpull,zmq_tcp,none,none,,1,13136,512,584,1785153449596541000,1785153449596541000,1785153449596541000,1785153449596542000,1785153449596726000,1785153449596729000,1785153449596729000,1785153449596729000,121932490,121652369,-96.121,0.000,0.000,1.000,3.000,0.000,0.000,10.000,0,0,0
B3_zmq_pushpull,zmq_tcp,none,none,,1,13137,512,584,1785153449597418000,1785153449597418000,1785153449597418000,1785153449597419000,1785153449597570000,1785153449597573000,1785153449597573000,1785153449597573000,121932490,121652369,-129.121,0.000,0.000,1.000,3.000,0.000,0.000,33.000,0,0,0
B3_zmq_pushpull,zmq_tcp,none,none,,1,13138,512,584,1785153449598394000,1785153449598395000,1785153449598395000,1785153449598396000,1785153449598546000,1785153449598548000,1785153449598548000,1785153449598548000,121932490,121652369,-130.121,1.000,0.000,1.000,2.000,0.000,0.000,1.000,0,0,0
B3_zmq_pushpull,zmq_tcp,none,none,,1,13139,512,584,1785153449599382000,1785153449599383000,1785153449599383000,1785153449599384000,1785153449599534000,1785153449599536000,1785153449599536000,1785153449599536000,121932490,121652369,-130.121,1.000,0.000,1.000,2.000,0.000,0.000,0.000,0,0,0
B3_zmq_pushpull,zmq_tcp,none,none,,1,13140,512,584,1785153449600368000,1785153449600368000,1785153449600368000,1785153449600369000,1785153449600523000,1785153449600526000,1785153449600526000,1785153449600526000,121932490,121652369,-126.121,0.000,0.000,1.000,3.000,0.000,0.000,4.000,0,0,0
B3_zmq_pushpull,zmq_tcp,none,none,,1,13141,512,584,1785153449601588000,1785153449601589000,1785153449601589000,1785153449601590000,1785153449601657000,1785153449601661000,1785153449601661000,1785153449601661000,121932490,121652369,-213.121,1.000,0.000,1.000,4.000,0.000,0.000,87.000,0,0,0
B3_zmq_pushpull,zmq_tcp,none,none,,1,13142,512,584,1785153449602530000,1785153449602530000,1785153449602530000,1785153449602531000,1785153449602643000,1785153449602646000,1785153449602646000,1785153449602646000,121932490,121652369,-168.121,0.000,0.000,1.000,3.000,0.000,0.000,45.000,0,0,0
B3_zmq_pushpull,zmq_tcp,none,none,,1,13143,512,584,1785153449603548000,1785153449603548000,1785153449603548000,1785153449603549000,1785153449603639000,1785153449603642000,1785153449603642000,1785153449603642000,121932490,121652369,-190.121,0.000,0.000,1.000,3.000,0.000,0.000,22.000,0,0,0
B3_zmq_pushpull,zmq_tcp,none,none,,1,13144,512,584,1785153449604541000,1785153449604541000,1785153449604541000,1785153449604542000,1785153449604607000,1785153449604610000,1785153449604610000,1785153449604610000,121932490,121652369,-215.121,0.000,0.000,1.000,3.000,0.000,0.000,25.000,0,0,0
B3_zmq_pushpull,zmq_tcp,none,none,,1,13145,512,584,1785153449605418000,1785153449605419000,1785153449605419000,1785153449605420000,1785153449605571000,1785153449605574000,1785153449605574000,1785153449605574000,121932490,121652369,-129.121,1.000,0.000,1.000,3.000,0.000,0.000,86.000,0,0,0
B3_zmq_pushpull,zmq_tcp,none,none,,1,13146,512,584,1785153449606405000,1785153449606405000,1785153449606405000,1785153449606406000,1785153449606558000,1785153449606560000,1785153449606561000,1785153449606561000,121932490,121652369,-128.121,0.000,0.000,1.000,2.000,1.000,0.000,1.000,0,0,0
B3_zmq_pushpull,zmq_tcp,none,none,,1,13147,512,584,1785153449607392000,1785153449607392000,1785153449607392000,1785153449607393000,1785153449607553000,1785153449607555000,1785153449607555000,1785153449607555000,121932490,121652369,-120.121,0.000,0.000,1.000,2.000,0.000,0.000,8.000,0,0,0
B3_zmq_pushpull,zmq_tcp,none,none,,1,13148,512,584,1785153449608582000,1785153449608582000,1785153449608582000,1785153449608583000,1785153449608674000,1785153449608676000,1785153449608676000,1785153449608676000,121932490,121652369,-189.121,0.000,0.000,1.000,2.000,0.000,0.000,69.000,0,0,0
B3_zmq_pushpull,zmq_tcp,none,none,,1,13149,512,584,1785153449609531000,1785153449609532000,1785153449609532000,1785153449609533000,1785153449609658000,1785153449609661000,1785153449609661000,1785153449609661000,121932490,121652369,-155.121,1.000,0.000,1.000,3.000,0.000,0.000,34.000,0,0,0
B3_zmq_pushpull,zmq_tcp,none,none,,1,13150,512,584,1785153449610545000,1785153449610545000,1785153449610545000,1785153449610546000,1785153449610651000,1785153449610654000,1785153449610654000,1785153449610654000,121932490,121652369,-175.121,0.000,0.000,1.000,3.000,0.000,0.000,20.000,0,0,0
B3_zmq_pushpull,zmq_tcp,none,none,,1,13151,512,584,1785153449611542000,1785153449611542000,1785153449611542000,1785153449611543000,1785153449611632000,1785153449611634000,1785153449611635000,1785153449611635000,121932490,121652369,-191.121,0.000,0.000,1.000,2.000,1.000,0.000,16.000,0,0,0
B3_zmq_pushpull,zmq_tcp,none,none,,1,13152,512,584,1785153449612542000,1785153449612542000,1785153449612542000,1785153449612543000,1785153449612607000,1785153449612610000,1785153449612610000,1785153449612610000,121932490,121652369,-216.121,0.000,0.000,1.000,3.000,0.000,0.000,25.000,0,0,0
B3_zmq_pushpull,zmq_tcp,none,none,,1,13153,512,584,1785153449613540000,1785153449613540000,1785153449613540000,1785153449613541000,1785153449613584000,1785153449613588000,1785153449613588000,1785153449613588000,121932490,121652369,-237.121,0.000,0.000,1.000,4.000,0.000,0.000,21.000,0,0,0
B3_zmq_pushpull,zmq_tcp,none,none,,1,13154,512,584,1785153449614544000,1785153449614544000,1785153449614544000,1785153449614545000,1785153449614723000,1785153449614726000,1785153449614726000,1785153449614726000,121932490,121652369,-102.121,0.000,0.000,1.000,3.000,0.000,0.000,135.000,0,0,0
B3_zmq_pushpull,zmq_tcp,none,none,,1,13155,512,584,1785153449615545000,1785153449615545000,1785153449615545000,1785153449615546000,1785153449615719000,1785153449615722000,1785153449615722000,1785153449615722000,121932490,121652369,-107.121,0.000,0.000,1.000,3.000,0.000,0.000,5.000,0,0,0
B3_zmq_pushpull,zmq_tcp,none,none,,1,13156,512,584,1785153449616398000,1785153449616398000,1785153449616398000,1785153449616399000,1785153449616559000,1785153449616562000,1785153449616562000,1785153449616562000,121932490,121652369,-120.121,0.000,0.000,1.000,3.000,0.000,0.000,13.000,0,0,0
B3_zmq_pushpull,zmq_tcp,none,none,,1,13157,512,584,1785153449617580000,1785153449617580000,1785153449617580000,1785153449617581000,1785153449617674000,1785153449617676000,1785153449617676000,1785153449617676000,121932490,121652369,-187.121,0.000,0.000,1.000,2.000,0.000,0.000,67.000,0,0,0
B3_zmq_pushpull,zmq_tcp,none,none,,1,13158,512,584,1785153449618533000,1785153449618533000,1785153449618533000,1785153449618534000,1785153449618654000,1785153449618657000,1785153449618657000,1785153449618657000,121932490,121652369,-160.121,0.000,0.000,1.000,3.000,0.000,0.000,27.000,0,0,0
B3_zmq_pushpull,zmq_tcp,none,none,,1,13159,512,584,1785153449619545000,1785153449619545000,1785153449619545000,1785153449619546000,1785153449619641000,1785153449619643000,1785153449619643000,1785153449619643000,121932490,121652369,-185.121,0.000,0.000,1.000,2.000,0.000,0.000,25.000,0,0,0
B3_zmq_pushpull,zmq_tcp,none,none,,1,13160,512,584,1785153449620540000,1785153449620540000,1785153449620540000,1785153449620541000,1785153449620586000,1785153449620589000,1785153449620589000,1785153449620589000,121932490,121652369,-235.121,0.000,0.000,1.000,3.000,0.000,0.000,50.000,0,0,0
B3_zmq_pushpull,zmq_tcp,none,none,,1,13161,512,584,1785153449621546000,1785153449621547000,1785153449621547000,1785153449621548000,1785153449621725000,1785153449621727000,1785153449621727000,1785153449621727000,121932490,121652369,-103.121,1.000,0.000,1.000,2.000,0.000,0.000,132.000,0,0,0
B3_zmq_pushpull,zmq_tcp,none,none,,1,13162,512,584,1785153449622541000,1785153449622541000,1785153449622541000,1785153449622542000,1785153449622685000,1785153449622687000,1785153449622687000,1785153449622687000,121932490,121652369,-137.121,0.000,0.000,1.000,2.000,0.000,0.000,34.000,0,0,0
B3_zmq_pushpull,zmq_tcp,none,none,,1,13163,512,584,1785153449623389000,1785153449623389000,1785153449623389000,1785153449623390000,1785153449623545000,1785153449623547000,1785153449623547000,1785153449623547000,121932490,121652369,-125.121,0.000,0.000,1.000,2.000,0.000,0.000,12.000,0,0,0
B3_zmq_pushpull,zmq_tcp,none,none,,1,13164,512,584,1785153449624360000,1785153449624361000,1785153449624361000,1785153449624362000,1785153449624518000,1785153449624521000,1785153449624521000,1785153449624521000,121932490,121652369,-124.121,1.000,0.000,1.000,3.000,0.000,0.000,1.000,0,0,0
B3_zmq_pushpull,zmq_tcp,none,none,,1,13165,512,584,1785153449625355000,1785153449625355000,1785153449625355000,1785153449625356000,1785153449625506000,1785153449625509000,1785153449625509000,1785153449625509000,121932490,121652369,-130.121,0.000,0.000,1.000,3.000,0.000,0.000,6.000,0,0,0
B3_zmq_pushpull,zmq_tcp,none,none,,1,13166,512,584,1785153449626460000,1785153449626460000,1785153449626461000,1785153449626462000,1785153449626603000,1785153449626606000,1785153449626606000,1785153449626606000,121932490,121652369,-139.121,0.000,1.000,1.000,3.000,0.000,0.000,9.000,0,0,0
B3_zmq_pushpull,zmq_tcp,none,none,,1,13167,512,584,1785153449627560000,1785153449627560000,1785153449627560000,1785153449627561000,1785153449627718000,1785153449627721000,1785153449627721000,1785153449627721000,121932490,121652369,-123.121,0.000,0.000,1.000,3.000,0.000,0.000,16.000,0,0,0
B3_zmq_pushpull,zmq_tcp,none,none,,1,13168,512,584,1785153449628538000,1785153449628538000,1785153449628538000,1785153449628539000,1785153449628709000,1785153449628711000,1785153449628711000,1785153449628711000,121932490,121652369,-110.121,0.000,0.000,1.000,2.000,0.000,0.000,13.000,0,0,0
B3_zmq_pushpull,zmq_tcp,none,none,,1,13169,512,584,1785153449629412000,1785153449629412000,1785153449629412000,1785153449629413000,1785153449629573000,1785153449629575000,1785153449629575000,1785153449629575000,121932490,121652369,-120.121,0.000,0.000,1.000,2.000,0.000,0.000,10.000,0,0,0
B3_zmq_pushpull,zmq_tcp,none,none,,1,13170,512,584,1785153449630576000,1785153449630576000,1785153449630576000,1785153449630577000,1785153449630687000,1785153449630690000,1785153449630690000,1785153449630690000,121932490,121652369,-170.121,0.000,0.000,1.000,3.000,0.000,0.000,50.000,0,0,0
B3_zmq_pushpull,zmq_tcp,none,none,,1,13171,512,584,1785153449631539000,1785153449631539000,1785153449631539000,1785153449631540000,1785153449631687000,1785153449631690000,1785153449631690000,1785153449631690000,121932490,121652369,-133.121,0.000,0.000,1.000,3.000,0.000,0.000,37.000,0,0,0
B3_zmq_pushpull,zmq_tcp,none,none,,1,13172,512,584,1785153449632544000,1785153449632544000,1785153449632544000,1785153449632545000,1785153449632681000,1785153449632684000,1785153449632684000,1785153449632684000,121932490,121652369,-144.121,0.000,0.000,1.000,3.000,0.000,0.000,11.000,0,0,0
B3_zmq_pushpull,zmq_tcp,none,none,,1,13173,512,584,1785153449633542000,1785153449633542000,1785153449633542000,1785153449633543000,1785153449633658000,1785153449633661000,1785153449633661000,1785153449633661000,121932490,121652369,-165.121,0.000,0.000,1.000,3.000,0.000,0.000,21.000,0,0,0
B3_zmq_pushpull,zmq_tcp,none,none,,1,13174,512,584,1785153449634543000,1785153449634543000,1785153449634543000,1785153449634544000,1785153449634648000,1785153449634652000,1785153449634652000,1785153449634652000,121932490,121652369,-176.121,0.000,0.000,1.000,4.000,0.000,0.000,11.000,0,0,0
B3_zmq_pushpull,zmq_tcp,none,none,,1,13175,512,584,1785153449635347000,1785153449635347000,1785153449635347000,1785153449635348000,1785153449635491000,1785153449635494000,1785153449635494000,1785153449635494000,121932490,121652369,-137.121,0.000,0.000,1.000,3.000,0.000,0.000,39.000,0,0,0
B3_zmq_pushpull,zmq_tcp,none,none,,1,13176,512,584,1785153449636468000,1785153449636468000,1785153449636468000,1785153449636469000,1785153449636627000,1785153449636630000,1785153449636630000,1785153449636630000,121932490,121652369,-122.121,0.000,0.000,1.000,3.000,0.000,0.000,15.000,0,0,0
B3_zmq_pushpull,zmq_tcp,none,none,,1,13177,512,584,1785153449637460000,1785153449637460000,1785153449637460000,1785153449637461000,1785153449637618000,1785153449637621000,1785153449637621000,1785153449637621000,121932490,121652369,-123.121,0.000,0.000,1.000,3.000,0.000,0.000,1.000,0,0,0
B3_zmq_pushpull,zmq_tcp,none,none,,1,13178,512,584,1785153449638445000,1785153449638446000,1785153449638446000,1785153449638446000,1785153449638602000,1785153449638605000,1785153449638605000,1785153449638605000,121932490,121652369,-124.121,1.000,0.000,0.000,3.000,0.000,0.000,1.000,0,0,0
B3_zmq_pushpull,zmq_tcp,none,none,,1,13179,512,584,1785153449639448000,1785153449639448000,1785153449639449000,1785153449639450000,1785153449639591000,1785153449639594000,1785153449639594000,1785153449639594000,121932490,121652369,-139.121,0.000,1.000,1.000,3.000,0.000,0.000,15.000,0,0,0
B3_zmq_pushpull,zmq_tcp,none,none,,1,13180,512,584,1785153449640567000,1785153449640567000,1785153449640567000,1785153449640568000,1785153449640708000,1785153449640711000,1785153449640711000,1785153449640711000,121932490,121652369,-140.121,0.000,0.000,1.000,3.000,0.000,0.000,1.000,0,0,0
B3_zmq_pushpull,zmq_tcp,none,none,,1,13181,512,584,1785153449641542000,1785153449641542000,1785153449641542000,1785153449641543000,1785153449641693000,1785153449641695000,1785153449641695000,1785153449641695000,121932490,121652369,-130.121,0.000,0.000,1.000,2.000,0.000,0.000,10.000,0,0,0
B3_zmq_pushpull,zmq_tcp,none,none,,1,13182,512,584,1785153449642540000,1785153449642540000,1785153449642540000,1785153449642541000,1785153449642696000,1785153449642699000,1785153449642699000,1785153449642699000,121932490,121652369,-125.121,0.000,0.000,1.000,3.000,0.000,0.000,5.000,0,0,0
B3_zmq_pushpull,zmq_tcp,none,none,,1,13183,512,584,1785153449643547000,1785153449643547000,1785153449643547000,1785153449643548000,1785153449643703000,1785153449643709000,1785153449643709000,1785153449643709000,121932490,121652369,-125.121,0.000,0.000,1.000,6.000,0.000,0.000,0.000,0,0,0
B3_zmq_pushpull,zmq_tcp,none,none,,1,13184,512,584,1785153449644542000,1785153449644543000,1785153449644543000,1785153449644544000,1785153449644695000,1785153449644698000,1785153449644698000,1785153449644698000,121932490,121652369,-129.121,1.000,0.000,1.000,3.000,0.000,0.000,4.000,0,0,0
B3_zmq_pushpull,zmq_tcp,none,none,,1,13185,512,584,1785153449645545000,1785153449645545000,1785153449645545000,1785153449645546000,1785153449645671000,1785153449645673000,1785153449645673000,1785153449645673000,121932490,121652369,-155.121,0.000,0.000,1.000,2.000,0.000,0.000,26.000,0,0,0
B3_zmq_pushpull,zmq_tcp,none,none,,1,13186,512,584,1785153449646541000,1785153449646541000,1785153449646541000,1785153449646542000,1785153449646667000,1785153449646671000,1785153449646671000,1785153449646671000,121932490,121652369,-155.121,0.000,0.000,1.000,4.000,0.000,0.000,0.000,0,0,0
B3_zmq_pushpull,zmq_tcp,none,none,,1,13187,512,584,1785153449647542000,1785153449647542000,1785153449647542000,1785153449647543000,1785153449647645000,1785153449647647000,1785153449647647000,1785153449647647000,121932490,121652369,-178.121,0.000,0.000,1.000,2.000,0.000,0.000,23.000,0,0,0
B3_zmq_pushpull,zmq_tcp,none,none,,1,13188,512,584,1785153449648542000,1785153449648543000,1785153449648543000,1785153449648543000,1785153449648643000,1785153449648648000,1785153449648648000,1785153449648648000,121932490,121652369,-180.121,1.000,0.000,0.000,5.000,0.000,0.000,2.000,0,0,0
B3_zmq_pushpull,zmq_tcp,none,none,,1,13189,512,584,1785153449649540000,1785153449649540000,1785153449649540000,1785153449649541000,1785153449649622000,1785153449649625000,1785153449649625000,1785153449649625000,121932490,121652369,-199.121,0.000,0.000,1.000,3.000,0.000,0.000,19.000,0,0,0
B3_zmq_pushpull,zmq_tcp,none,none,,1,13190,512,584,1785153449650546000,1785153449650546000,1785153449650546000,1785153449650547000,1785153449650614000,1785153449650617000,1785153449650617000,1785153449650617000,121932490,121652369,-213.121,0.000,0.000,1.000,3.000,0.000,0.000,14.000,0,0,0
B3_zmq_pushpull,zmq_tcp,none,none,,1,13191,512,584,1785153449651460000,1785153449651461000,1785153449651461000,1785153449651462000,1785153449651621000,1785153449651625000,1785153449651625000,1785153449651625000,121932490,121652369,-121.121,1.000,0.000,1.000,4.000,0.000,0.000,92.000,0,0,0
B3_zmq_pushpull,zmq_tcp,none,none,,1,13192,512,584,1785153449652566000,1785153449652566000,1785153449652566000,1785153449652567000,1785153449652726000,1785153449652729000,1785153449652729000,1785153449652729000,121932490,121652369,-121.121,0.000,0.000,1.000,3.000,0.000,0.000,0.000,0,0,0
B3_zmq_pushpull,zmq_tcp,none,none,,1,13193,512,584,1785153449653429000,1785153449653430000,1785153449653430000,1785153449653431000,1785153449653581000,1785153449653584000,1785153449653584000,1785153449653584000,121932490,121652369,-130.121,1.000,0.000,1.000,3.000,0.000,0.000,9.000,0,0,0
B3_zmq_pushpull,zmq_tcp,none,none,,1,13194,512,584,1785153449654407000,1785153449654407000,1785153449654407000,1785153449654408000,1785153449654557000,1785153449654559000,1785153449654559000,1785153449654559000,121932490,121652369,-131.121,0.000,0.000,1.000,2.000,0.000,0.000,1.000,0,0,0
B3_zmq_pushpull,zmq_tcp,none,none,,1,13195,512,584,1785153449655374000,1785153449655375000,1785153449655375000,1785153449655376000,1785153449655530000,1785153449655533000,1785153449655533000,1785153449655533000,121932490,121652369,-126.121,1.000,0.000,1.000,3.000,0.000,0.000,5.000,0,0,0
B3_zmq_pushpull,zmq_tcp,none,none,,1,13196,512,584,1785153449656368000,1785153449656368000,1785153449656368000,1785153449656369000,1785153449656527000,1785153449656530000,1785153449656530000,1785153449656530000,121932490,121652369,-122.121,0.000,0.000,1.000,3.000,0.000,0.000,4.000,0,0,0
B3_zmq_pushpull,zmq_tcp,none,none,,1,13197,512,584,1785153449657368000,1785153449657368000,1785153449657368000,1785153449657369000,1785153449657527000,1785153449657530000,1785153449657530000,1785153449657530000,121932490,121652369,-122.121,0.000,0.000,1.000,3.000,0.000,0.000,0.000,0,0,0
B3_zmq_pushpull,zmq_tcp,none,none,,1,13198,512,584,1785153449658357000,1785153449658357000,1785153449658357000,1785153449658358000,1785153449658514000,1785153449658517000,1785153449658517000,1785153449658517000,121932490,121652369,-124.121,0.000,0.000,1.000,3.000,0.000,0.000,2.000,0,0,0
B3_zmq_pushpull,zmq_tcp,none,none,,1,13199,512,584,1785153449659589000,1785153449659589000,1785153449659589000,1785153449659590000,1785153449659637000,1785153449659639000,1785153449659640000,1785153449659640000,121932490,121652369,-233.121,0.000,0.000,1.000,2.000,1.000,0.000,109.000,0,0,0
B3_zmq_pushpull,zmq_tcp,none,none,,1,13200,512,584,1785153449660530000,1785153449660531000,1785153449660531000,1785153449660532000,1785153449660609000,1785153449660612000,1785153449660612000,1785153449660612000,121932490,121652369,-203.121,1.000,0.000,1.000,3.000,0.000,0.000,30.000,0,0,0
B3_zmq_pushpull,zmq_tcp,none,none,,1,13201,512,584,1785153449661546000,1785153449661547000,1785153449661547000,1785153449661548000,1785153449661719000,1785153449661722000,1785153449661722000,1785153449661722000,121932490,121652369,-109.121,1.000,0.000,1.000,3.000,0.000,0.000,94.000,0,0,0
B3_zmq_pushpull,zmq_tcp,none,none,,1,13202,512,584,1785153449662543000,1785153449662543000,1785153449662543000,1785153449662544000,1785153449662693000,1785153449662696000,1785153449662696000,1785153449662696000,121932490,121652369,-131.121,0.000,0.000,1.000,3.000,0.000,0.000,22.000,0,0,0
B3_zmq_pushpull,zmq_tcp,none,none,,1,13203,512,584,1785153449663543000,1785153449663543000,1785153449663543000,1785153449663544000,1785153449663694000,1785153449663698000,1785153449663698000,1785153449663698000,121932490,121652369,-130.121,0.000,0.000,1.000,4.000,0.000,0.000,1.000,0,0,0
B3_zmq_pushpull,zmq_tcp,none,none,,1,13204,512,584,1785153449664543000,1785153449664543000,1785153449664543000,1785153449664544000,1785153449664671000,1785153449664674000,1785153449664674000,1785153449664674000,121932490,121652369,-153.121,0.000,0.000,1.000,3.000,0.000,0.000,23.000,0,0,0
B3_zmq_pushpull,zmq_tcp,none,none,,1,13205,512,584,1785153449665542000,1785153449665543000,1785153449665543000,1785153449665544000,1785153449665661000,1785153449665663000,1785153449665663000,1785153449665663000,121932490,121652369,-163.121,1.000,0.000,1.000,2.000,0.000,0.000,10.000,0,0,0
B3_zmq_pushpull,zmq_tcp,none,none,,1,13206,512,584,1785153449666544000,1785153449666545000,1785153449666545000,1785153449666546000,1785153449666652000,1785153449666654000,1785153449666654000,1785153449666654000,121932490,121652369,-174.121,1.000,0.000,1.000,2.000,0.000,0.000,11.000,0,0,0
B3_zmq_pushpull,zmq_tcp,none,none,,1,13207,512,584,1785153449667540000,1785153449667540000,1785153449667540000,1785153449667541000,1785153449667641000,1785153449667645000,1785153449667645000,1785153449667645000,121932490,121652369,-180.121,0.000,0.000,1.000,4.000,0.000,0.000,6.000,0,0,0
B3_zmq_pushpull,zmq_tcp,none,none,,1,13208,512,584,1785153449668455000,1785153449668455000,1785153449668455000,1785153449668456000,1785153449668608000,1785153449668610000,1785153449668610000,1785153449668610000,121932490,121652369,-128.121,0.000,0.000,1.000,2.000,0.000,0.000,52.000,0,0,0
B3_zmq_pushpull,zmq_tcp,none,none,,1,13209,512,584,1785153449669430000,1785153449669430000,1785153449669430000,1785153449669431000,1785153449669590000,1785153449669593000,1785153449669593000,1785153449669593000,121932490,121652369,-121.121,0.000,0.000,1.000,3.000,0.000,0.000,7.000,0,0,0
B3_zmq_pushpull,zmq_tcp,none,none,,1,13210,512,584,1785153449670571000,1785153449670571000,1785153449670571000,1785153449670572000,1785153449670706000,1785153449670709000,1785153449670709000,1785153449670709000,121932490,121652369,-146.121,0.000,0.000,1.000,3.000,0.000,0.000,25.000,0,0,0
B3_zmq_pushpull,zmq_tcp,none,none,,1,13211,512,584,1785153449671538000,1785153449671538000,1785153449671538000,1785153449671539000,1785153449671706000,1785153449671709000,1785153449671709000,1785153449671709000,121932490,121652369,-113.121,0.000,0.000,1.000,3.000,0.000,0.000,33.000,0,0,0
B3_zmq_pushpull,zmq_tcp,none,none,,1,13212,512,584,1785153449672546000,1785153449672546000,1785153449672546000,1785153449672547000,1785153449672681000,1785153449672685000,1785153449672685000,1785153449672685000,121932490,121652369,-146.121,0.000,0.000,1.000,4.000,0.000,0.000,33.000,0,0,0
B3_zmq_pushpull,zmq_tcp,none,none,,1,13213,512,584,1785153449673542000,1785153449673543000,1785153449673543000,1785153449673544000,1785153449673657000,1785153449673660000,1785153449673661000,1785153449673661000,121932490,121652369,-167.121,1.000,0.000,1.000,3.000,1.000,0.000,21.000,0,0,0
B3_zmq_pushpull,zmq_tcp,none,none,,1,13214,512,584,1785153449674543000,1785153449674543000,1785153449674543000,1785153449674544000,1785153449674649000,1785153449674652000,1785153449674652000,1785153449674652000,121932490,121652369,-175.121,0.000,0.000,1.000,3.000,0.000,0.000,8.000,0,0,0
B3_zmq_pushpull,zmq_tcp,none,none,,1,13215,512,584,1785153449675540000,1785153449675540000,1785153449675540000,1785153449675541000,1785153449675614000,1785153449675617000,1785153449675617000,1785153449675617000,121932490,121652369,-207.121,0.000,0.000,1.000,3.000,0.000,0.000,32.000,0,0,0
B3_zmq_pushpull,zmq_tcp,none,none,,1,13216,512,584,1785153449676545000,1785153449676545000,1785153449676545000,1785153449676546000,1785153449676594000,1785153449676597000,1785153449676597000,1785153449676597000,121932490,121652369,-232.121,0.000,0.000,1.000,3.000,0.000,0.000,25.000,0,0,0
B3_zmq_pushpull,zmq_tcp,none,none,,1,13217,512,584,1785153449677542000,1785153449677543000,1785153449677543000,1785153449677544000,1785153449677732000,1785153449677734000,1785153449677734000,1785153449677734000,121932490,121652369,-92.121,1.000,0.000,1.000,2.000,0.000,0.000,140.000,0,0,0
B3_zmq_pushpull,zmq_tcp,none,none,,1,13218,512,584,1785153449678544000,1785153449678545000,1785153449678545000,1785153449678546000,1785153449678720000,1785153449678722000,1785153449678722000,1785153449678722000,121932490,121652369,-106.121,1.000,0.000,1.000,2.000,0.000,0.000,14.000,0,0,0
B3_zmq_pushpull,zmq_tcp,none,none,,1,13219,512,584,1785153449679541000,1785153449679541000,1785153449679541000,1785153449679542000,1785153449679720000,1785153449679722000,1785153449679722000,1785153449679722000,121932490,121652369,-102.121,0.000,0.000,1.000,2.000,0.000,0.000,4.000,0,0,0
B3_zmq_pushpull,zmq_tcp,none,none,,1,13220,512,584,1785153449680543000,1785153449680544000,1785153449680544000,1785153449680545000,1785153449680736000,1785153449680738000,1785153449680738000,1785153449680738000,121932490,121652369,-89.121,1.000,0.000,1.000,2.000,0.000,0.000,13.000,0,0,0
B3_zmq_pushpull,zmq_tcp,none,none,,1,13221,512,584,1785153449681543000,1785153449681543000,1785153449681543000,1785153449681544000,1785153449681589000,1785153449681592000,1785153449681592000,1785153449681592000,121932490,121652369,-235.121,0.000,0.000,1.000,3.000,0.000,0.000,146.000,0,0,0
B3_zmq_pushpull,zmq_tcp,none,none,,1,13222,512,584,1785153449682543000,1785153449682543000,1785153449682543000,1785153449682544000,1785153449682688000,1785153449682690000,1785153449682690000,1785153449682690000,121932490,121652369,-136.121,0.000,0.000,1.000,2.000,0.000,0.000,99.000,0,0,0
B3_zmq_pushpull,zmq_tcp,none,none,,1,13223,512,584,1785153449683541000,1785153449683541000,1785153449683541000,1785153449683542000,1785153449683673000,1785153449683676000,1785153449683676000,1785153449683676000,121932490,121652369,-149.121,0.000,0.000,1.000,3.000,0.000,0.000,13.000,0,0,0
B3_zmq_pushpull,zmq_tcp,none,none,,1,13224,512,584,1785153449684546000,1785153449684546000,1785153449684546000,1785153449684547000,1785153449684658000,1785153449684661000,1785153449684661000,1785153449684661000,121932490,121652369,-169.121,0.000,0.000,1.000,3.000,0.000,0.000,20.000,0,0,0
B3_zmq_pushpull,zmq_tcp,none,none,,1,13225,512,584,1785153449685545000,1785153449685545000,1785153449685545000,1785153449685546000,1785153449685644000,1785153449685647000,1785153449685647000,1785153449685647000,121932490,121652369,-182.121,0.000,0.000,1.000,3.000,0.000,0.000,13.000,0,0,0
B3_zmq_pushpull,zmq_tcp,none,none,,1,13226,512,584,1785153449686544000,1785153449686544000,1785153449686544000,1785153449686545000,1785153449686620000,1785153449686622000,1785153449686622000,1785153449686622000,121932490,121652369,-205.121,0.000,0.000,1.000,2.000,0.000,0.000,23.000,0,0,0
B3_zmq_pushpull,zmq_tcp,none,none,,1,13227,512,584,1785153449687545000,1785153449687545000,1785153449687545000,1785153449687545000,1785153449687727000,1785153449687730000,1785153449687730000,1785153449687730000,121932490,121652369,-98.121,0.000,0.000,0.000,3.000,0.000,0.000,107.000,0,0,0
B3_zmq_pushpull,zmq_tcp,none,none,,1,13228,512,584,1785153449688543000,1785153449688543000,1785153449688543000,1785153449688544000,1785153449688713000,1785153449688716000,1785153449688716000,1785153449688716000,121932490,121652369,-111.121,0.000,0.000,1.000,3.000,0.000,0.000,13.000,0,0,0
B3_zmq_pushpull,zmq_tcp,none,none,,1,13229,512,584,1785153449689390000,1785153449689390000,1785153449689390000,1785153449689391000,1785153449689542000,1785153449689545000,1785153449689545000,1785153449689545000,121932490,121652369,-129.121,0.000,0.000,1.000,3.000,0.000,0.000,18.000,0,0,0
B3_zmq_pushpull,zmq_tcp,none,none,,1,13230,512,584,1785153449690363000,1785153449690364000,1785153449690364000,1785153449690365000,1785153449690508000,1785153449690510000,1785153449690510000,1785153449690510000,121932490,121652369,-137.121,1.000,0.000,1.000,2.000,0.000,0.000,8.000,0,0,0
B3_zmq_pushpull,zmq_tcp,none,none,,1,13231,512,584,1785153449691588000,1785153449691588000,1785153449691588000,1785153449691589000,1785153449691786000,1785153449691789000,1785153449691789000,1785153449691789000,121932490,121652369,-83.121,0.000,0.000,1.000,3.000,0.000,0.000,54.000,0,0,0
B3_zmq_pushpull,zmq_tcp,none,none,,1,13232,512,584,1785153449692346000,1785153449692346000,1785153449692346000,1785153449692347000,1785153449692505000,1785153449692508000,1785153449692508000,1785153449692508000,121932490,121652369,-122.121,0.000,0.000,1.000,3.000,0.000,0.000,39.000,0,0,0
B3_zmq_pushpull,zmq_tcp,none,none,,1,13233,512,584,1785153449693592000,1785153449693592000,1785153449693592000,1785153449693593000,1785153449693758000,1785153449693761000,1785153449693761000,1785153449693761000,121932490,121652369,-115.121,0.000,0.000,1.000,3.000,0.000,0.000,7.000,0,0,0
B3_zmq_pushpull,zmq_tcp,none,none,,1,13234,512,584,1785153449694529000,1785153449694529000,1785153449694529000,1785153449694530000,1785153449694598000,1785153449694601000,1785153449694601000,1785153449694601000,121932490,121652369,-212.121,0.000,0.000,1.000,3.000,0.000,0.000,97.000,0,0,0
B3_zmq_pushpull,zmq_tcp,none,none,,1,13235,512,584,1785153449695547000,1785153449695547000,1785153449695547000,1785153449695548000,1785153449695714000,1785153449695717000,1785153449695718000,1785153449695718000,121932490,121652369,-114.121,0.000,0.000,1.000,3.000,1.000,0.000,98.000,0,0,0
B3_zmq_pushpull,zmq_tcp,none,none,,1,13236,512,584,1785153449696407000,1785153449696407000,1785153449696407000,1785153449696409000,1785153449696550000,1785153449696553000,1785153449696553000,1785153449696553000,121932490,121652369,-139.121,0.000,0.000,2.000,3.000,0.000,0.000,25.000,0,0,0
B3_zmq_pushpull,zmq_tcp,none,none,,1,13237,512,584,1785153449697577000,1785153449697577000,1785153449697577000,1785153449697578000,1785153449697668000,1785153449697671000,1785153449697671000,1785153449697671000,121932490,121652369,-190.121,0.000,0.000,1.000,3.000,0.000,0.000,51.000,0,0,0
B3_zmq_pushpull,zmq_tcp,none,none,,1,13238,512,584,1785153449698531000,1785153449698531000,1785153449698531000,1785153449698532000,1785153449698678000,1785153449698681000,1785153449698681000,1785153449698681000,121932490,121652369,-134.121,0.000,0.000,1.000,3.000,0.000,0.000,56.000,0,0,0
B3_zmq_pushpull,zmq_tcp,none,none,,1,13239,512,584,1785153449699545000,1785153449699545000,1785153449699545000,1785153449699546000,1785153449699661000,1785153449699664000,1785153449699664000,1785153449699664000,121932490,121652369,-165.121,0.000,0.000,1.000,3.000,0.000,0.000,31.000,0,0,0
B3_zmq_pushpull,zmq_tcp,none,none,,1,13240,512,584,1785153449700545000,1785153449700545000,1785153449700545000,1785153449700546000,1785153449700632000,1785153449700634000,1785153449700634000,1785153449700634000,121932490,121652369,-194.121,0.000,0.000,1.000,2.000,0.000,0.000,29.000,0,0,0
B3_zmq_pushpull,zmq_tcp,none,none,,1,13241,512,584,1785153449701545000,1785153449701545000,1785153449701545000,1785153449701546000,1785153449701630000,1785153449701633000,1785153449701633000,1785153449701633000,121932490,121652369,-196.121,0.000,0.000,1.000,3.000,0.000,0.000,2.000,0,0,0
B3_zmq_pushpull,zmq_tcp,none,none,,1,13242,512,584,1785153449702541000,1785153449702541000,1785153449702541000,1785153449702542000,1785153449702618000,1785153449702621000,1785153449702621000,1785153449702621000,121932490,121652369,-204.121,0.000,0.000,1.000,3.000,0.000,0.000,8.000,0,0,0
B3_zmq_pushpull,zmq_tcp,none,none,,1,13243,512,584,1785153449703544000,1785153449703544000,1785153449703544000,1785153449703545000,1785153449703586000,1785153449703588000,1785153449703588000,1785153449703588000,121932490,121652369,-239.121,0.000,0.000,1.000,2.000,0.000,0.000,35.000,0,0,0
B3_zmq_pushpull,zmq_tcp,none,none,,1,13244,512,584,1785153449704544000,1785153449704544000,1785153449704545000,1785153449704545000,1785153449704719000,1785153449704723000,1785153449704723000,1785153449704723000,121932490,121652369,-106.121,0.000,1.000,0.000,4.000,0.000,0.000,133.000,0,0,0
B3_zmq_pushpull,zmq_tcp,none,none,,1,13245,512,584,1785153449705545000,1785153449705545000,1785153449705545000,1785153449705546000,1785153449705706000,1785153449705711000,1785153449705711000,1785153449705711000,121932490,121652369,-120.121,0.000,0.000,1.000,5.000,0.000,0.000,14.000,0,0,0
B3_zmq_pushpull,zmq_tcp,none,none,,1,13246,512,584,1785153449706544000,1785153449706544000,1785153449706544000,1785153449706545000,1785153449706704000,1785153449706706000,1785153449706706000,1785153449706706000,121932490,121652369,-121.121,0.000,0.000,1.000,2.000,0.000,0.000,1.000,0,0,0
B3_zmq_pushpull,zmq_tcp,none,none,,1,13247,512,584,1785153449707399000,1785153449707399000,1785153449707399000,1785153449707400000,1785153449707558000,1785153449707561000,1785153449707561000,1785153449707561000,121932490,121652369,-122.121,0.000,0.000,1.000,3.000,0.000,0.000,1.000,0,0,0
B3_zmq_pushpull,zmq_tcp,none,none,,1,13248,512,584,1785153449708579000,1785153449708579000,1785153449708579000,1785153449708580000,1785153449708688000,1785153449708690000,1785153449708690000,1785153449708691000,121932490,121652369,-172.121,0.000,0.000,1.000,2.000,0.000,1.000,50.000,0,0,0
B3_zmq_pushpull,zmq_tcp,none,none,,1,13249,512,584,1785153449709531000,1785153449709531000,1785153449709531000,1785153449709532000,1785153449709654000,1785153449709657000,1785153449709657000,1785153449709657000,121932490,121652369,-158.121,0.000,0.000,1.000,3.000,0.000,0.000,14.000,0,0,0
B3_zmq_pushpull,zmq_tcp,none,none,,1,13250,512,584,1785153449710547000,1785153449710547000,1785153449710547000,1785153449710548000,1785153449710629000,1785153449710632000,1785153449710632000,1785153449710632000,121932490,121652369,-199.121,0.000,0.000,1.000,3.000,0.000,0.000,41.000,0,0,0
B3_zmq_pushpull,zmq_tcp,none,none,,1,13251,512,584,1785153449711543000,1785153449711543000,1785153449711543000,1785153449711544000,1785153449711609000,1785153449711612000,1785153449711612000,1785153449711612000,121932490,121652369,-215.121,0.000,0.000,1.000,3.000,0.000,0.000,16.000,0,0,0
B3_zmq_pushpull,zmq_tcp,none,none,,1,13252,512,584,1785153449712545000,1785153449712546000,1785153449712546000,1785153449712547000,1785153449712601000,1785153449712604000,1785153449712604000,1785153449712604000,121932490,121652369,-226.121,1.000,0.000,1.000,3.000,0.000,0.000,11.000,0,0,0
B3_zmq_pushpull,zmq_tcp,none,none,,1,13253,512,584,1785153449713542000,1785153449713542000,1785153449713542000,1785153449713543000,1785153449713732000,1785153449713737000,1785153449713737000,1785153449713737000,121932490,121652369,-91.121,0.000,0.000,1.000,5.000,0.000,0.000,135.000,0,0,0
B3_zmq_pushpull,zmq_tcp,none,none,,1,13254,512,584,1785153449714544000,1785153449714544000,1785153449714544000,1785153449714545000,1785153449714734000,1785153449714743000,1785153449714743000,1785153449714743000,121932490,121652369,-91.121,0.000,0.000,1.000,9.000,0.000,0.000,0.000,0,0,0
B3_zmq_pushpull,zmq_tcp,none,none,,1,13255,512,584,1785153449715428000,1785153449715429000,1785153449715429000,1785153449715430000,1785153449715582000,1785153449715585000,1785153449715585000,1785153449715585000,121932490,121652369,-128.121,1.000,0.000,1.000,3.000,0.000,0.000,37.000,0,0,0
B3_zmq_pushpull,zmq_tcp,none,none,,1,13256,512,584,1785153449716403000,1785153449716403000,1785153449716404000,1785153449716404000,1785153449716554000,1785153449716558000,1785153449716558000,1785153449716558000,121932490,121652369,-130.121,0.000,1.000,0.000,4.000,0.000,0.000,2.000,0,0,0
B3_zmq_pushpull,zmq_tcp,none,none,,1,13257,512,584,1785153449717384000,1785153449717385000,1785153449717385000,1785153449717386000,1785153449717538000,1785153449717542000,1785153449717542000,1785153449717542000,121932490,121652369,-128.121,1.000,0.000,1.000,4.000,0.000,0.000,2.000,0,0,0
B3_zmq_pushpull,zmq_tcp,none,none,,1,13258,512,584,1785153449718377000,1785153449718377000,1785153449718377000,1785153449718378000,1785153449718532000,1785153449718534000,1785153449718534000,1785153449718534000,121932490,121652369,-126.121,0.000,0.000,1.000,2.000,0.000,0.000,2.000,0,0,0
B3_zmq_pushpull,zmq_tcp,none,none,,1,13259,512,584,1785153449719351000,1785153449719351000,1785153449719351000,1785153449719352000,1785153449719507000,1785153449719510000,1785153449719510000,1785153449719510000,121932490,121652369,-125.121,0.000,0.000,1.000,3.000,0.000,0.000,1.000,0,0,0
B3_zmq_pushpull,zmq_tcp,none,none,,1,13260,512,584,1785153449720594000,1785153449720594000,1785153449720594000,1785153449720595000,1785153449720755000,1785153449720758000,1785153449720758000,1785153449720758000,121932490,121652369,-120.121,0.000,0.000,1.000,3.000,0.000,0.000,5.000,0,0,0
B3_zmq_pushpull,zmq_tcp,none,none,,1,13261,512,584,1785153449721437000,1785153449721437000,1785153449721437000,1785153449721438000,1785153449721596000,1785153449721598000,1785153449721599000,1785153449721599000,121932490,121652369,-122.121,0.000,0.000,1.000,2.000,1.000,0.000,2.000,0,0,0
B3_zmq_pushpull,zmq_tcp,none,none,,1,13262,512,584,1785153449722436000,1785153449722436000,1785153449722436000,1785153449722437000,1785153449722588000,1785153449722591000,1785153449722591000,1785153449722591000,121932490,121652369,-129.121,0.000,0.000,1.000,3.000,0.000,0.000,7.000,0,0,0
B3_zmq_pushpull,zmq_tcp,none,none,,1,13263,512,584,1785153449723422000,1785153449723422000,1785153449723422000,1785153449723423000,1785153449723576000,1785153449723578000,1785153449723578000,1785153449723578000,121932490,121652369,-127.121,0.000,0.000,1.000,2.000,0.000,0.000,2.000,0,0,0
B3_zmq_pushpull,zmq_tcp,none,none,,1,13264,512,584,1785153449724410000,1785153449724410000,1785153449724410000,1785153449724411000,1785153449724562000,1785153449724565000,1785153449724565000,1785153449724565000,121932490,121652369,-129.121,0.000,0.000,1.000,3.000,0.000,0.000,2.000,0,0,0
B3_zmq_pushpull,zmq_tcp,none,none,,1,13265,512,584,1785153449725403000,1785153449725403000,1785153449725403000,1785153449725404000,1785153449725552000,1785153449725554000,1785153449725554000,1785153449725554000,121932490,121652369,-132.121,0.000,0.000,1.000,2.000,0.000,0.000,3.000,0,0,0
B3_zmq_pushpull,zmq_tcp,none,none,,1,13266,512,584,1785153449726582000,1785153449726582000,1785153449726582000,1785153449726583000,1785153449726662000,1785153449726665000,1785153449726665000,1785153449726665000,121932490,121652369,-201.121,0.000,0.000,1.000,3.000,0.000,0.000,69.000,0,0,0
B3_zmq_pushpull,zmq_tcp,none,none,,1,13267,512,584,1785153449727533000,1785153449727534000,1785153449727534000,1785153449727535000,1785153449727656000,1785153449727659000,1785153449727659000,1785153449727659000,121932490,121652369,-159.121,1.000,0.000,1.000,3.000,0.000,0.000,42.000,0,0,0
B3_zmq_pushpull,zmq_tcp,none,none,,1,13268,512,584,1785153449728543000,1785153449728543000,1785153449728543000,1785153449728544000,1785153449728637000,1785153449728640000,1785153449728640000,1785153449728640000,121932490,121652369,-187.121,0.000,0.000,1.000,3.000,0.000,0.000,28.000,0,0,0
B3_zmq_pushpull,zmq_tcp,none,none,,1,13269,512,584,1785153449729543000,1785153449729543000,1785153449729543000,1785153449729544000,1785153449729625000,1785153449729628000,1785153449729628000,1785153449729628000,121932490,121652369,-199.121,0.000,0.000,1.000,3.000,0.000,0.000,12.000,0,0,0
B3_zmq_pushpull,zmq_tcp,none,none,,1,13270,512,584,1785153449730543000,1785153449730543000,1785153449730543000,1785153449730544000,1785153449730609000,1785153449730612000,1785153449730612000,1785153449730612000,121932490,121652369,-215.121,0.000,0.000,1.000,3.000,0.000,0.000,16.000,0,0,0
B3_zmq_pushpull,zmq_tcp,none,none,,1,13271,512,584,1785153449731540000,1785153449731540000,1785153449731541000,1785153449731541000,1785153449731707000,1785153449731709000,1785153449731709000,1785153449731709000,121932490,121652369,-114.121,0.000,1.000,0.000,2.000,0.000,0.000,101.000,0,0,0
B3_zmq_pushpull,zmq_tcp,none,none,,1,13272,512,584,1785153449732544000,1785153449732544000,1785153449732544000,1785153449732545000,1785153449732687000,1785153449732689000,1785153449732689000,1785153449732689000,121932490,121652369,-138.121,0.000,0.000,1.000,2.000,0.000,0.000,24.000,0,0,0
B3_zmq_pushpull,zmq_tcp,none,none,,1,13273,512,584,1785153449733545000,1785153449733545000,1785153449733545000,1785153449733546000,1785153449733680000,1785153449733682000,1785153449733683000,1785153449733683000,121932490,121652369,-146.121,0.000,0.000,1.000,2.000,1.000,0.000,8.000,0,0,0
B3_zmq_pushpull,zmq_tcp,none,none,,1,13274,512,584,1785153449734541000,1785153449734542000,1785153449734542000,1785153449734543000,1785153449734653000,1785153449734656000,1785153449734656000,1785153449734656000,121932490,121652369,-170.121,1.000,0.000,1.000,3.000,0.000,0.000,24.000,0,0,0
B3_zmq_pushpull,zmq_tcp,none,none,,1,13275,512,584,1785153449735545000,1785153449735546000,1785153449735546000,1785153449735547000,1785153449735628000,1785153449735630000,1785153449735630000,1785153449735630000,121932490,121652369,-199.121,1.000,0.000,1.000,2.000,0.000,0.000,29.000,0,0,0
B3_zmq_pushpull,zmq_tcp,none,none,,1,13276,512,584,1785153449736543000,1785153449736543000,1785153449736543000,1785153449736544000,1785153449736605000,1785153449736608000,1785153449736608000,1785153449736608000,121932490,121652369,-219.121,0.000,0.000,1.000,3.000,0.000,0.000,20.000,0,0,0
B3_zmq_pushpull,zmq_tcp,none,none,,1,13277,512,584,1785153449737543000,1785153449737543000,1785153449737543000,1785153449737544000,1785153449737588000,1785153449737591000,1785153449737591000,1785153449737591000,121932490,121652369,-236.121,0.000,0.000,1.000,3.000,0.000,0.000,17.000,0,0,0
B3_zmq_pushpull,zmq_tcp,none,none,,1,13278,512,584,1785153449738406000,1785153449738406000,1785153449738407000,1785153449738408000,1785153449738551000,1785153449738553000,1785153449738553000,1785153449738553000,121932490,121652369,-137.121,0.000,1.000,1.000,2.000,0.000,0.000,99.000,0,0,0
B3_zmq_pushpull,zmq_tcp,none,none,,1,13279,512,584,1785153449739577000,1785153449739578000,1785153449739578000,1785153449739579000,1785153449739661000,1785153449739664000,1785153449739664000,1785153449739664000,121932490,121652369,-198.121,1.000,0.000,1.000,3.000,0.000,0.000,61.000,0,0,0
B3_zmq_pushpull,zmq_tcp,none,none,,1,13280,512,584,1785153449740535000,1785153449740535000,1785153449740535000,1785153449740536000,1785153449740628000,1785153449740630000,1785153449740630000,1785153449740630000,121932490,121652369,-188.121,0.000,0.000,1.000,2.000,0.000,0.000,10.000,0,0,0
B3_zmq_pushpull,zmq_tcp,none,none,,1,13281,512,584,1785153449741549000,1785153449741549000,1785153449741549000,1785153449741550000,1785153449741753000,1785153449741756000,1785153449741756000,1785153449741756000,121932490,121652369,-77.121,0.000,0.000,1.000,3.000,0.000,0.000,111.000,0,0,0
B3_zmq_pushpull,zmq_tcp,none,none,,1,13282,512,584,1785153449742456000,1785153449742456000,1785153449742456000,1785153449742457000,1785153449742603000,1785153449742605000,1785153449742605000,1785153449742605000,121932490,121652369,-134.121,0.000,0.000,1.000,2.000,0.000,0.000,57.000,0,0,0
B3_zmq_pushpull,zmq_tcp,none,none,,1,13283,512,584,1785153449743565000,1785153449743565000,1785153449743565000,1785153449743566000,1785153449743612000,1785153449743615000,1785153449743615000,1785153449743615000,121932490,121652369,-234.121,0.000,0.000,1.000,3.000,0.000,0.000,100.000,0,0,0
B3_zmq_pushpull,zmq_tcp,none,none,,1,13284,512,584,1785153449744538000,1785153449744538000,1785153449744538000,1785153449744539000,1785153449744585000,1785153449744589000,1785153449744589000,1785153449744589000,121932490,121652369,-234.121,0.000,0.000,1.000,4.000,0.000,0.000,0.000,0,0,0
B3_zmq_pushpull,zmq_tcp,none,none,,1,13285,512,584,1785153449745544000,1785153449745544000,1785153449745544000,1785153449745545000,1785153449745691000,1785153449745693000,1785153449745693000,1785153449745693000,121932490,121652369,-134.121,0.000,0.000,1.000,2.000,0.000,0.000,100.000,0,0,0
B3_zmq_pushpull,zmq_tcp,none,none,,1,13286,512,584,1785153449746540000,1785153449746541000,1785153449746541000,1785153449746542000,1785153449746693000,1785153449746696000,1785153449746696000,1785153449746696000,121932490,121652369,-129.121,1.000,0.000,1.000,3.000,0.000,0.000,5.000,0,0,0
B3_zmq_pushpull,zmq_tcp,none,none,,1,13287,512,584,1785153449747391000,1785153449747391000,1785153449747391000,1785153449747392000,1785153449747551000,1785153449747553000,1785153449747553000,1785153449747553000,121932490,121652369,-121.121,0.000,0.000,1.000,2.000,0.000,0.000,8.000,0,0,0
B3_zmq_pushpull,zmq_tcp,none,none,,1,13288,512,584,1785153449748580000,1785153449748580000,1785153449748580000,1785153449748581000,1785153449748660000,1785153449748663000,1785153449748663000,1785153449748663000,121932490,121652369,-201.121,0.000,0.000,1.000,3.000,0.000,0.000,80.000,0,0,0
B3_zmq_pushpull,zmq_tcp,none,none,,1,13289,512,584,1785153449749535000,1785153449749535000,1785153449749535000,1785153449749536000,1785153449749643000,1785153449749645000,1785153449749645000,1785153449749645000,121932490,121652369,-173.121,0.000,0.000,1.000,2.000,0.000,0.000,28.000,0,0,0
B3_zmq_pushpull,zmq_tcp,none,none,,1,13290,512,584,1785153449750546000,1785153449750546000,1785153449750546000,1785153449750547000,1785153449750637000,1785153449750640000,1785153449750640000,1785153449750640000,121932490,121652369,-190.121,0.000,0.000,1.000,3.000,0.000,0.000,17.000,0,0,0
B3_zmq_pushpull,zmq_tcp,none,none,,1,13291,512,584,1785153449751543000,1785153449751543000,1785153449751543000,1785153449751544000,1785153449751604000,1785153449751606000,1785153449751606000,1785153449751606000,121932490,121652369,-220.121,0.000,0.000,1.000,2.000,0.000,0.000,30.000,0,0,0
B3_zmq_pushpull,zmq_tcp,none,none,,1,13292,512,584,1785153449752544000,1785153449752544000,1785153449752544000,1785153449752545000,1785153449752712000,1785153449752715000,1785153449752716000,1785153449752716000,121932490,121652369,-113.121,0.000,0.000,1.000,3.000,1.000,0.000,107.000,0,0,0
B3_zmq_pushpull,zmq_tcp,none,none,,1,13293,512,584,1785153449753543000,1785153449753543000,1785153449753543000,1785153449753544000,1785153449753699000,1785153449753701000,1785153449753701000,1785153449753701000,121932490,121652369,-125.121,0.000,0.000,1.000,2.000,0.000,0.000,12.000,0,0,0
B3_zmq_pushpull,zmq_tcp,none,none,,1,13294,512,584,1785153449754543000,1785153449754544000,1785153449754544000,1785153449754545000,1785153449754689000,1785153449754692000,1785153449754692000,1785153449754692000,121932490,121652369,-136.121,1.000,0.000,1.000,3.000,0.000,0.000,11.000,0,0,0
B3_zmq_pushpull,zmq_tcp,none,none,,1,13295,512,584,1785153449755547000,1785153449755547000,1785153449755547000,1785153449755548000,1785153449755675000,1785153449755677000,1785153449755677000,1785153449755677000,121932490,121652369,-153.121,0.000,0.000,1.000,2.000,0.000,0.000,17.000,0,0,0
B3_zmq_pushpull,zmq_tcp,none,none,,1,13296,512,584,1785153449756539000,1785153449756539000,1785153449756539000,1785153449756540000,1785153449756667000,1785153449756669000,1785153449756669000,1785153449756669000,121932490,121652369,-153.121,0.000,0.000,1.000,2.000,0.000,0.000,0.000,0,0,0
B3_zmq_pushpull,zmq_tcp,none,none,,1,13297,512,584,1785153449757544000,1785153449757544000,1785153449757544000,1785153449757545000,1785153449757655000,1785153449757657000,1785153449757657000,1785153449757657000,121932490,121652369,-170.121,0.000,0.000,1.000,2.000,0.000,0.000,17.000,0,0,0
B3_zmq_pushpull,zmq_tcp,none,none,,1,13298,512,584,1785153449758543000,1785153449758543000,1785153449758543000,1785153449758544000,1785153449758629000,1785153449758632000,1785153449758632000,1785153449758632000,121932490,121652369,-195.121,0.000,0.000,1.000,3.000,0.000,0.000,25.000,0,0,0
B3_zmq_pushpull,zmq_tcp,none,none,,1,13299,512,584,1785153449759544000,1785153449759544000,1785153449759544000,1785153449759545000,1785153449759613000,1785153449759616000,1785153449759616000,1785153449759616000,121932490,121652369,-212.121,0.000,0.000,1.000,3.000,0.000,0.000,17.000,0,0,0
B3_zmq_pushpull,zmq_tcp,none,none,,1,13300,512,584,1785153449760543000,1785153449760543000,1785153449760543000,1785153449760544000,1785153449760607000,1785153449760609000,1785153449760609000,1785153449760609000,121932490,121652369,-217.121,0.000,0.000,1.000,2.000,0.000,0.000,5.000,0,0,0
B3_zmq_pushpull,zmq_tcp,none,none,,1,13301,512,584,1785153449761548000,1785153449761548000,1785153449761548000,1785153449761549000,1785153449761733000,1785153449761738000,1785153449761738000,1785153449761738000,121932490,121652369,-96.121,0.000,0.000,1.000,5.000,0.000,0.000,121.000,0,0,0
B3_zmq_pushpull,zmq_tcp,none,none,,1,13302,512,584,1785153449762543000,1785153449762543000,1785153449762543000,1785153449762544000,1785153449762587000,1785153449762590000,1785153449762590000,1785153449762590000,121932490,121652369,-237.121,0.000,0.000,1.000,3.000,0.000,0.000,141.000,0,0,0
B3_zmq_pushpull,zmq_tcp,none,none,,1,13303,512,584,1785153449763430000,1785153449763430000,1785153449763430000,1785153449763431000,1785153449763587000,1785153449763589000,1785153449763589000,1785153449763589000,121932490,121652369,-124.121,0.000,0.000,1.000,2.000,0.000,0.000,113.000,0,0,0
B3_zmq_pushpull,zmq_tcp,none,none,,1,13304,512,584,1785153449764571000,1785153449764571000,1785153449764571000,1785153449764572000,1785153449764709000,1785153449764714000,1785153449764714000,1785153449764714000,121932490,121652369,-143.121,0.000,0.000,1.000,5.000,0.000,0.000,19.000,0,0,0
B3_zmq_pushpull,zmq_tcp,none,none,,1,13305,512,584,1785153449765409000,1785153449765409000,1785153449765409000,1785153449765410000,1785153449765560000,1785153449765563000,1785153449765563000,1785153449765563000,121932490,121652369,-130.121,0.000,0.000,1.000,3.000,0.000,0.000,13.000,0,0,0
B3_zmq_pushpull,zmq_tcp,none,none,,1,13306,512,584,1785153449766378000,1785153449766378000,1785153449766378000,1785153449766379000,1785153449766529000,1785153449766532000,1785153449766532000,1785153449766532000,121932490,121652369,-130.121,0.000,0.000,1.000,3.000,0.000,0.000,0.000,0,0,0
B3_zmq_pushpull,zmq_tcp,none,none,,1,13307,512,584,1785153449767376000,1785153449767376000,1785153449767376000,1785153449767377000,1785153449767524000,1785153449767526000,1785153449767526000,1785153449767526000,121932490,121652369,-133.121,0.000,0.000,1.000,2.000,0.000,0.000,3.000,0,0,0
B3_zmq_pushpull,zmq_tcp,none,none,,1,13308,512,584,1785153449768582000,1785153449768582000,1785153449768582000,1785153449768583000,1785153449768643000,1785153449768646000,1785153449768646000,1785153449768646000,121932490,121652369,-220.121,0.000,0.000,1.000,3.000,0.000,0.000,87.000,0,0,0
B3_zmq_pushpull,zmq_tcp,none,none,,1,13309,512,584,1785153449769536000,1785153449769536000,1785153449769536000,1785153449769537000,1785153449769648000,1785153449769651000,1785153449769651000,1785153449769651000,121932490,121652369,-169.121,0.000,0.000,1.000,3.000,0.000,0.000,51.000,0,0,0
B3_zmq_pushpull,zmq_tcp,none,none,,1,13310,512,584,1785153449770546000,1785153449770546000,1785153449770546000,1785153449770547000,1785153449770627000,1785153449770630000,1785153449770630000,1785153449770630000,121932490,121652369,-200.121,0.000,0.000,1.000,3.000,0.000,0.000,31.000,0,0,0
B3_zmq_pushpull,zmq_tcp,none,none,,1,13311,512,584,1785153449771542000,1785153449771542000,1785153449771542000,1785153449771543000,1785153449771623000,1785153449771626000,1785153449771626000,1785153449771626000,121932490,121652369,-200.121,0.000,0.000,1.000,3.000,0.000,0.000,0.000,0,0,0
B3_zmq_pushpull,zmq_tcp,none,none,,1,13312,512,584,1785153449772544000,1785153449772544000,1785153449772544000,1785153449772545000,1785153449772611000,1785153449772614000,1785153449772614000,1785153449772614000,121932490,121652369,-214.121,0.000,0.000,1.000,3.000,0.000,0.000,14.000,0,0,0
B3_zmq_pushpull,zmq_tcp,none,none,,1,13313,512,584,1785153449773545000,1785153449773545000,1785153449773545000,1785153449773546000,1785153449773604000,1785153449773608000,1785153449773608000,1785153449773608000,121932490,121652369,-222.121,0.000,0.000,1.000,4.000,0.000,0.000,8.000,0,0,0
B3_zmq_pushpull,zmq_tcp,none,none,,1,13314,512,584,1785153449774543000,1785153449774543000,1785153449774543000,1785153449774544000,1785153449774606000,1785153449774609000,1785153449774609000,1785153449774609000,121932490,121652369,-218.121,0.000,0.000,1.000,3.000,0.000,0.000,4.000,0,0,0
B3_zmq_pushpull,zmq_tcp,none,none,,1,13315,512,584,1785153449775544000,1785153449775544000,1785153449775544000,1785153449775545000,1785153449775613000,1785153449775616000,1785153449775616000,1785153449775616000,121932490,121652369,-212.121,0.000,0.000,1.000,3.000,0.000,0.000,6.000,0,0,0
B3_zmq_pushpull,zmq_tcp,none,none,,1,13316,512,584,1785153449776543000,1785153449776543000,1785153449776543000,1785153449776544000,1785153449776732000,1785153449776735000,1785153449776735000,1785153449776735000,121932490,121652369,-92.121,0.000,0.000,1.000,3.000,0.000,0.000,120.000,0,0,0
B3_zmq_pushpull,zmq_tcp,none,none,,1,13317,512,584,1785153449777433000,1785153449777433000,1785153449777433000,1785153449777434000,1785153449777591000,1785153449777599000,1785153449777599000,1785153449777599000,121932490,121652369,-123.121,0.000,0.000,1.000,8.000,0.000,0.000,31.000,0,0,0
B3_zmq_pushpull,zmq_tcp,none,none,,1,13318,512,584,1785153449778571000,1785153449778571000,1785153449778571000,1785153449778572000,1785153449778723000,1785153449778725000,1785153449778725000,1785153449778726000,121932490,121652369,-129.121,0.000,0.000,1.000,2.000,0.000,1.000,6.000,0,0,0
B3_zmq_pushpull,zmq_tcp,none,none,,1,13319,512,584,1785153449779410000,1785153449779410000,1785153449779410000,1785153449779411000,1785153449779563000,1785153449779565000,1785153449779566000,1785153449779566000,121932490,121652369,-128.121,0.000,0.000,1.000,2.000,1.000,0.000,1.000,0,0,0
B3_zmq_pushpull,zmq_tcp,none,none,,1,13320,512,584,1785153449780398000,1785153449780398000,1785153449780398000,1785153449780399000,1785153449780551000,1785153449780554000,1785153449780554000,1785153449780554000,121932490,121652369,-128.121,0.000,0.000,1.000,3.000,0.000,0.000,0.000,0,0,0
B3_zmq_pushpull,zmq_tcp,none,none,,1,13321,512,584,1785153449781385000,1785153449781385000,1785153449781385000,1785153449781387000,1785153449781529000,1785153449781532000,1785153449781532000,1785153449781532000,121932490,121652369,-138.121,0.000,0.000,2.000,3.000,0.000,0.000,10.000,0,0,0
B3_zmq_pushpull,zmq_tcp,none,none,,1,13322,512,584,1785153449782583000,1785153449782583000,1785153449782583000,1785153449782584000,1785153449782660000,1785153449782663000,1785153449782663000,1785153449782663000,121932490,121652369,-204.121,0.000,0.000,1.000,3.000,0.000,0.000,66.000,0,0,0
B3_zmq_pushpull,zmq_tcp,none,none,,1,13323,512,584,1785153449783535000,1785153449783535000,1785153449783535000,1785153449783536000,1785153449783656000,1785153449783659000,1785153449783659000,1785153449783659000,121932490,121652369,-160.121,0.000,0.000,1.000,3.000,0.000,0.000,44.000,0,0,0
B3_zmq_pushpull,zmq_tcp,none,none,,1,13324,512,584,1785153449784360000,1785153449784360000,1785153449784360000,1785153449784361000,1785153449784517000,1785153449784520000,1785153449784520000,1785153449784520000,121932490,121652369,-124.121,0.000,0.000,1.000,3.000,0.000,0.000,36.000,0,0,0
B3_zmq_pushpull,zmq_tcp,none,none,,1,13325,512,584,1785153449785591000,1785153449785592000,1785153449785592000,1785153449785593000,1785153449785784000,1785153449785787000,1785153449785787000,1785153449785787000,121932490,121652369,-89.121,1.000,0.000,1.000,3.000,0.000,0.000,35.000,0,0,0
B3_zmq_pushpull,zmq_tcp,none,none,,1,13326,512,584,1785153449786474000,1785153449786474000,1785153449786474000,1785153449786475000,1785153449786628000,1785153449786631000,1785153449786631000,1785153449786631000,121932490,121652369,-127.121,0.000,0.000,1.000,3.000,0.000,0.000,38.000,0,0,0
B3_zmq_pushpull,zmq_tcp,none,none,,1,13327,512,584,1785153449787458000,1785153449787458000,1785153449787458000,1785153449787459000,1785153449787616000,1785153449787622000,1785153449787622000,1785153449787622000,121932490,121652369,-123.121,0.000,0.000,1.000,6.000,0.000,0.000,4.000,0,0,0
B3_zmq_pushpull,zmq_tcp,none,none,,1,13328,512,584,1785153449788564000,1785153449788565000,1785153449788565000,1785153449788566000,1785153449788621000,1785153449788624000,1785153449788624000,1785153449788624000,121932490,121652369,-225.121,1.000,0.000,1.000,3.000,0.000,0.000,102.000,0,0,0
B3_zmq_pushpull,zmq_tcp,none,none,,1,13329,512,584,1785153449789542000,1785153449789542000,1785153449789542000,1785153449789543000,1785153449789627000,1785153449789630000,1785153449789630000,1785153449789630000,121932490,121652369,-196.121,0.000,0.000,1.000,3.000,0.000,0.000,29.000,0,0,0
B3_zmq_pushpull,zmq_tcp,none,none,,1,13330,512,584,1785153449790544000,1785153449790544000,1785153449790544000,1785153449790545000,1785153449790645000,1785153449790648000,1785153449790648000,1785153449790648000,121932490,121652369,-180.121,0.000,0.000,1.000,3.000,0.000,0.000,16.000,0,0,0
B3_zmq_pushpull,zmq_tcp,none,none,,1,13331,512,584,1785153449791549000,1785153449791549000,1785153449791549000,1785153449791550000,1785153449791645000,1785153449791648000,1785153449791648000,1785153449791648000,121932490,121652369,-185.121,0.000,0.000,1.000,3.000,0.000,0.000,5.000,0,0,0
B3_zmq_pushpull,zmq_tcp,none,none,,1,13332,512,584,1785153449792543000,1785153449792543000,1785153449792544000,1785153449792544000,1785153449792644000,1785153449792647000,1785153449792647000,1785153449792647000,121932490,121652369,-180.121,0.000,1.000,0.000,3.000,0.000,0.000,5.000,0,0,0
B3_zmq_pushpull,zmq_tcp,none,none,,1,13333,512,584,1785153449793541000,1785153449793542000,1785153449793542000,1785153449793543000,1785153449793648000,1785153449793650000,1785153449793651000,1785153449793651000,121932490,121652369,-175.121,1.000,0.000,1.000,2.000,1.000,0.000,5.000,0,0,0
B3_zmq_pushpull,zmq_tcp,none,none,,1,13334,512,584,1785153449794546000,1785153449794546000,1785153449794546000,1785153449794547000,1785153449794636000,1785153449794639000,1785153449794639000,1785153449794639000,121932490,121652369,-191.121,0.000,0.000,1.000,3.000,0.000,0.000,16.000,0,0,0
B3_zmq_pushpull,zmq_tcp,none,none,,1,13335,512,584,1785153449795544000,1785153449795544000,1785153449795544000,1785153449795545000,1785153449795645000,1785153449795648000,1785153449795648000,1785153449795648000,121932490,121652369,-180.121,0.000,0.000,1.000,3.000,0.000,0.000,11.000,0,0,0
B3_zmq_pushpull,zmq_tcp,none,none,,1,13336,512,584,1785153449796547000,1785153449796547000,1785153449796547000,1785153449796548000,1785153449796649000,1785153449796652000,1785153449796652000,1785153449796652000,121932490,121652369,-179.121,0.000,0.000,1.000,3.000,0.000,0.000,1.000,0,0,0
B3_zmq_pushpull,zmq_tcp,none,none,,1,13337,512,584,1785153449797542000,1785153449797542000,1785153449797542000,1785153449797543000,1785153449797661000,1785153449797664000,1785153449797664000,1785153449797664000,121932490,121652369,-162.121,0.000,0.000,1.000,3.000,0.000,0.000,17.000,0,0,0
B3_zmq_pushpull,zmq_tcp,none,none,,1,13338,512,584,1785153449798546000,1785153449798546000,1785153449798546000,1785153449798547000,1785153449798681000,1785153449798684000,1785153449798684000,1785153449798684000,121932490,121652369,-146.121,0.000,0.000,1.000,3.000,0.000,0.000,16.000,0,0,0
B3_zmq_pushpull,zmq_tcp,none,none,,1,13339,512,584,1785153449799544000,1785153449799544000,1785153449799544000,1785153449799545000,1785153449799680000,1785153449799683000,1785153449799683000,1785153449799683000,121932490,121652369,-145.121,0.000,0.000,1.000,3.000,0.000,0.000,1.000,0,0,0
B3_zmq_pushpull,zmq_tcp,none,none,,1,13340,512,584,1785153449800546000,1785153449800546000,1785153449800546000,1785153449800547000,1785153449800675000,1785153449800678000,1785153449800678000,1785153449800678000,121932490,121652369,-152.121,0.000,0.000,1.000,3.000,0.000,0.000,7.000,0,0,0
B3_zmq_pushpull,zmq_tcp,none,none,,1,13341,512,584,1785153449801542000,1785153449801542000,1785153449801542000,1785153449801543000,1785153449801687000,1785153449801691000,1785153449801691000,1785153449801691000,121932490,121652369,-136.121,0.000,0.000,1.000,4.000,0.000,0.000,16.000,0,0,0
B3_zmq_pushpull,zmq_tcp,none,none,,1,13342,512,584,1785153449802551000,1785153449802551000,1785153449802551000,1785153449802552000,1785153449802713000,1785153449802717000,1785153449802717000,1785153449802717000,121932490,121652369,-119.121,0.000,0.000,1.000,4.000,0.000,0.000,17.000,0,0,0
B3_zmq_pushpull,zmq_tcp,none,none,,1,13343,512,584,1785153449803420000,1785153449803420000,1785153449803420000,1785153449803421000,1785153449803571000,1785153449803573000,1785153449803573000,1785153449803573000,121932490,121652369,-130.121,0.000,0.000,1.000,2.000,0.000,0.000,11.000,0,0,0
B3_zmq_pushpull,zmq_tcp,none,none,,1,13344,512,584,1785153449804577000,1785153449804577000,1785153449804577000,1785153449804578000,1785153449804721000,1785153449804724000,1785153449804724000,1785153449804724000,121932490,121652369,-137.121,0.000,0.000,1.000,3.000,0.000,0.000,7.000,0,0,0
B3_zmq_pushpull,zmq_tcp,none,none,,1,13345,512,584,1785153449805535000,1785153449805536000,1785153449805536000,1785153449805537000,1785153449805593000,1785153449805597000,1785153449805597000,1785153449805597000,121932490,121652369,-224.121,1.000,0.000,1.000,4.000,0.000,0.000,87.000,0,0,0
B3_zmq_pushpull,zmq_tcp,none,none,,1,13346,512,584,1785153449806549000,1785153449806549000,1785153449806549000,1785153449806551000,1785153449806742000,1785153449806745000,1785153449806745000,1785153449806745000,121932490,121652369,-89.121,0.000,0.000,2.000,3.000,0.000,0.000,135.000,0,0,0
B3_zmq_pushpull,zmq_tcp,none,none,,1,13347,512,584,1785153449812958000,1785153449812960000,1785153449812961000,1785153449812963000,1785153449814559000,1785153449814576000,1785153449814576000,1785153449814576000,121932490,121652369,1315.879,2.000,1.000,2.000,17.000,0.000,0.000,1405.000,0,0,0
B3_zmq_pushpull,zmq_tcp,none,none,,1,13348,512,584,1785153449813915000,1785153449813915000,1785153449813916000,1785153449813918000,1785153449814562000,1785153449814582000,1785153449814582000,1785153449814582000,121932490,121652369,363.879,0.000,1.000,2.000,20.000,0.000,0.000,952.000,0,0,0
B3_zmq_pushpull,zmq_tcp,none,none,,1,13349,512,584,1785153449813919000,1785153449813919000,1785153449813919000,1785153449813921000,1785153449814562000,1785153449814584000,1785153449814584000,1785153449814584000,121932490,121652369,360.879,0.000,0.000,2.000,22.000,0.000,0.000,3.000,0,0,0
B3_zmq_pushpull,zmq_tcp,none,none,,1,13350,512,584,1785153449813921000,1785153449813921000,1785153449813921000,1785153449813923000,1785153449814562000,1785153449814586000,1785153449814586000,1785153449814586000,121932490,121652369,358.879,0.000,0.000,2.000,24.000,0.000,0.000,2.000,0,0,0
B3_zmq_pushpull,zmq_tcp,none,none,,1,13351,512,584,1785153449813923000,1785153449813923000,1785153449813923000,1785153449813925000,1785153449814562000,1785153449814588000,1785153449814588000,1785153449814588000,121932490,121652369,356.879,0.000,0.000,2.000,26.000,0.000,0.000,2.000,0,0,0
B3_zmq_pushpull,zmq_tcp,none,none,,1,13352,512,584,1785153449813925000,1785153449813925000,1785153449813925000,1785153449813926000,1785153449814563000,1785153449814590000,1785153449814591000,1785153449814591000,121932490,121652369,356.879,0.000,0.000,1.000,27.000,1.000,0.000,0.000,0,0,0
B3_zmq_pushpull,zmq_tcp,none,none,,1,13353,512,584,1785153449813927000,1785153449813927000,1785153449813927000,1785153449813928000,1785153449814563000,1785153449814593000,1785153449814593000,1785153449814593000,121932490,121652369,354.879,0.000,0.000,1.000,30.000,0.000,0.000,2.000,0,0,0
B3_zmq_pushpull,zmq_tcp,none,none,,1,13354,512,584,1785153449814565000,1785153449814566000,1785153449814566000,1785153449814567000,1785153449816264000,1785153449816314000,1785153449816315000,1785153449816315000,121932490,121652369,1416.879,1.000,0.000,1.000,50.000,1.000,0.000,1062.000,0,0,0
B3_zmq_pushpull,zmq_tcp,none,none,,1,13355,512,584,1785153449816253000,1785153449816254000,1785153449816254000,1785153449816255000,1785153449816584000,1785153449816894000,1785153449816894000,1785153449816894000,121932490,121652369,48.879,1.000,0.000,1.000,310.000,0.000,0.000,1368.000,0,0,0
B3_zmq_pushpull,zmq_tcp,none,none,,1,13356,512,584,1785153449816410000,1785153449816410000,1785153449816411000,1785153449816412000,1785153449816586000,1785153449816898000,1785153449816899000,1785153449816899000,121932490,121652369,-106.121,0.000,1.000,1.000,312.000,1.000,0.000,155.000,0,0,0
B3_zmq_pushpull,zmq_tcp,none,none,,1,13357,512,584,1785153449817585000,1785153449817587000,1785153449817587000,1785153449817589000,1785153449818050000,1785153449818061000,1785153449818062000,1785153449818062000,121932490,121652369,180.879,2.000,0.000,2.000,11.000,1.000,0.000,287.000,0,0,0
B3_zmq_pushpull,zmq_tcp,none,none,,1,13358,512,584,1785153449818541000,1785153449818542000,1785153449818543000,1785153449818544000,1785153449819207000,1785153449819217000,1785153449819217000,1785153449819217000,121932490,121652369,382.879,1.000,1.000,1.000,10.000,0.000,0.000,202.000,0,0,0
B3_zmq_pushpull,zmq_tcp,none,none,,1,13359,512,584,1785153449819548000,1785153449819548000,1785153449819549000,1785153449819550000,1785153449819691000,1785153449819700000,1785153449819701000,1785153449819701000,121932490,121652369,-139.121,0.000,1.000,1.000,9.000,1.000,0.000,522.000,0,0,0
B3_zmq_pushpull,zmq_tcp,none,none,,1,13360,512,584,1785153449820573000,1785153449820574000,1785153449820575000,1785153449820577000,1785153449820772000,1785153449820780000,1785153449820780000,1785153449820780000,121932490,121652369,-85.121,1.000,1.000,2.000,8.000,0.000,0.000,54.000,0,0,0
B3_zmq_pushpull,zmq_tcp,none,none,,1,13361,512,584,1785153449821384000,1785153449821384000,1785153449821384000,1785153449821386000,1785153449821585000,1785153449821595000,1785153449821595000,1785153449821595000,121932490,121652369,-81.121,0.000,0.000,2.000,10.000,0.000,0.000,4.000,0,0,0
B3_zmq_pushpull,zmq_tcp,none,none,,1,13362,512,584,1785153449822654000,1785153449822655000,1785153449822656000,1785153449822658000,1785153449823080000,1785153449823089000,1785153449823089000,1785153449823089000,121932490,121652369,141.879,1.000,1.000,2.000,9.000,0.000,0.000,223.000,0,0,0
B3_zmq_pushpull,zmq_tcp,none,none,,1,13363,512,584,1785153449823536000,1785153449823537000,1785153449823538000,1785153449823540000,1785153449823742000,1785153449823749000,1785153449823749000,1785153449823749000,121932490,121652369,-78.121,1.000,1.000,2.000,7.000,0.000,0.000,220.000,0,0,0
B3_zmq_pushpull,zmq_tcp,none,none,,1,13364,512,584,1785153449824360000,1785153449824361000,1785153449824361000,1785153449824363000,1785153449824559000,1785153449824567000,1785153449824567000,1785153449824567000,121932490,121652369,-84.121,1.000,0.000,2.000,8.000,0.000,0.000,6.000,0,0,0
B3_zmq_pushpull,zmq_tcp,none,none,,1,13365,512,584,1785153449825631000,1785153449825631000,1785153449825631000,1785153449825633000,1785153449825793000,1785153449825800000,1785153449825800000,1785153449825800000,121932490,121652369,-120.121,0.000,0.000,2.000,7.000,0.000,0.000,36.000,0,0,0
B3_zmq_pushpull,zmq_tcp,none,none,,1,13366,512,584,1785153449826525000,1785153449826526000,1785153449826526000,1785153449826528000,1785153449826754000,1785153449826763000,1785153449826763000,1785153449826763000,121932490,121652369,-54.121,1.000,0.000,2.000,9.000,0.000,0.000,66.000,0,0,0
B3_zmq_pushpull,zmq_tcp,none,none,,1,13367,512,584,1785153449827550000,1785153449827551000,1785153449827551000,1785153449827553000,1785153449827643000,1785153449827650000,1785153449827650000,1785153449827650000,121932490,121652369,-190.121,1.000,0.000,2.000,7.000,0.000,0.000,136.000,0,0,0
B3_zmq_pushpull,zmq_tcp,none,none,,1,13368,512,584,1785153449828509000,1785153449828510000,1785153449828510000,1785153449828512000,1785153449828854000,1785153449828865000,1785153449828865000,1785153449828865000,121932490,121652369,61.879,1.000,0.000,2.000,11.000,0.000,0.000,252.000,0,0,0
B3_zmq_pushpull,zmq_tcp,none,none,,1,13369,512,584,1785153449829556000,1785153449829557000,1785153449829557000,1785153449829559000,1785153449829736000,1785153449829744000,1785153449829744000,1785153449829745000,121932490,121652369,-103.121,1.000,0.000,2.000,8.000,0.000,1.000,165.000,0,0,0
B3_zmq_pushpull,zmq_tcp,none,none,,1,13370,512,584,1785153449830573000,1785153449830573000,1785153449830574000,1785153449830617000,1785153449831794000,1785153449832019000,1785153449832020000,1785153449832020000,121932490,121652369,896.879,0.000,1.000,43.000,225.000,1.000,0.000,1000.000,0,0,0
B3_zmq_pushpull,zmq_tcp,none,none,,1,13371,512,584,1785153449831772000,1785153449831773000,1785153449831773000,1785153449831774000,1785153449832345000,1785153449832368000,1785153449832369000,1785153449832369000,121932490,121652369,290.879,1.000,0.000,1.000,23.000,1.000,0.000,606.000,0,0,0
B3_zmq_pushpull,zmq_tcp,none,none,,1,13372,512,584,1785153449832511000,1785153449832512000,1785153449832513000,1785153449832552000,1785153449832898000,1785153449832907000,1785153449832907000,1785153449832907000,121932490,121652369,65.879,1.000,1.000,39.000,9.000,0.000,0.000,225.000,0,0,0
B3_zmq_pushpull,zmq_tcp,none,none,,1,13373,512,584,1785153449833547000,1785153449833547000,1785153449833547000,1785153449833548000,1785153449833662000,1785153449833666000,1785153449833666000,1785153449833666000,121932490,121652369,-166.121,0.000,0.000,1.000,4.000,0.000,0.000,232.000,0,0,0
B3_zmq_pushpull,zmq_tcp,none,none,,1,13374,512,584,1785153449834539000,1785153449834539000,1785153449834539000,1785153449834540000,1785153449834674000,1785153449834678000,1785153449834678000,1785153449834678000,121932490,121652369,-146.121,0.000,0.000,1.000,4.000,0.000,0.000,20.000,0,0,0
B3_zmq_pushpull,zmq_tcp,none,none,,1,13375,512,584,1785153449835524000,1785153449835524000,1785153449835524000,1785153449835525000,1785153449835669000,1785153449835672000,1785153449835672000,1785153449835672000,121932490,121652369,-136.121,0.000,0.000,1.000,3.000,0.000,0.000,10.000,0,0,0
B3_zmq_pushpull,zmq_tcp,none,none,,1,13376,512,584,1785153449836558000,1785153449836560000,1785153449836561000,1785153449836563000,1785153449836671000,1785153449836680000,1785153449836680000,1785153449836680000,121932490,121652369,-172.121,2.000,1.000,2.000,9.000,0.000,0.000,36.000,0,0,0
B3_zmq_pushpull,zmq_tcp,none,none,,1,13377,512,584,1785153449837566000,1785153449837567000,1785153449837567000,1785153449837569000,1785153449837664000,1785153449837675000,1785153449837675000,1785153449837675000,121932490,121652369,-185.121,1.000,0.000,2.000,11.000,0.000,0.000,13.000,0,0,0
B3_zmq_pushpull,zmq_tcp,none,none,,1,13378,512,584,1785153449838441000,1785153449838445000,1785153449838447000,1785153449838449000,1785153449838764000,1785153449838775000,1785153449838775000,1785153449838775000,121932490,121652369,34.879,4.000,2.000,2.000,11.000,0.000,0.000,220.000,0,0,0
B3_zmq_pushpull,zmq_tcp,none,none,,1,13379,512,584,1785153449839584000,1785153449839585000,1785153449839586000,1785153449839588000,1785153449839725000,1785153449839736000,1785153449839737000,1785153449839737000,121932490,121652369,-143.121,1.000,1.000,2.000,11.000,1.000,0.000,178.000,0,0,0
B3_zmq_pushpull,zmq_tcp,none,none,,1,13380,512,584,1785153449840534000,1785153449840535000,1785153449840535000,1785153449840537000,1785153449840713000,1785153449840722000,1785153449840723000,1785153449840723000,121932490,121652369,-104.121,1.000,0.000,2.000,9.000,1.000,0.000,39.000,0,0,0
B3_zmq_pushpull,zmq_tcp,none,none,,1,13381,512,584,1785153449841550000,1785153449841551000,1785153449841551000,1785153449841553000,1785153449841747000,1785153449841752000,1785153449841752000,1785153449841752000,121932490,121652369,-86.121,1.000,0.000,2.000,5.000,0.000,0.000,18.000,0,0,0
B3_zmq_pushpull,zmq_tcp,none,none,,1,13382,512,584,1785153449842545000,1785153449842545000,1785153449842545000,1785153449842546000,1785153449842602000,1785153449842606000,1785153449842606000,1785153449842606000,121932490,121652369,-224.121,0.000,0.000,1.000,4.000,0.000,0.000,138.000,0,0,0
B3_zmq_pushpull,zmq_tcp,none,none,,1,13383,512,584,1785153449843544000,1785153449843544000,1785153449843544000,1785153449843545000,1785153449843739000,1785153449843743000,1785153449843743000,1785153449843743000,121932490,121652369,-86.121,0.000,0.000,1.000,4.000,0.000,0.000,138.000,0,0,0
B3_zmq_pushpull,zmq_tcp,none,none,,1,13384,512,584,1785153449844446000,1785153449844446000,1785153449844447000,1785153449844448000,1785153449844605000,1785153449844608000,1785153449844608000,1785153449844608000,121932490,121652369,-123.121,0.000,1.000,1.000,3.000,0.000,0.000,37.000,0,0,0
B3_zmq_pushpull,zmq_tcp,none,none,,1,13385,512,584,1785153449845449000,1785153449845449000,1785153449845449000,1785153449845450000,1785153449845603000,1785153449845607000,1785153449845607000,1785153449845607000,121932490,121652369,-127.121,0.000,0.000,1.000,4.000,0.000,0.000,4.000,0,0,0
B3_zmq_pushpull,zmq_tcp,none,none,,1,13386,512,584,1785153449846571000,1785153449846572000,1785153449846572000,1785153449846573000,1785153449846751000,1785153449846754000,1785153449846754000,1785153449846754000,121932490,121652369,-102.121,1.000,0.000,1.000,3.000,0.000,0.000,25.000,0,0,0
B3_zmq_pushpull,zmq_tcp,none,none,,1,13387,512,584,1785153449847539000,1785153449847539000,1785153449847539000,1785153449847540000,1785153449847598000,1785153449847601000,1785153449847602000,1785153449847602000,121932490,121652369,-222.121,0.000,0.000,1.000,3.000,1.000,0.000,120.000,0,0,0
B3_zmq_pushpull,zmq_tcp,none,none,,1,13388,512,584,1785153449848420000,1785153449848421000,1785153449848421000,1785153449848422000,1785153449848577000,1785153449848581000,1785153449848581000,1785153449848581000,121932490,121652369,-125.121,1.000,0.000,1.000,4.000,0.000,0.000,97.000,0,0,0
B3_zmq_pushpull,zmq_tcp,none,none,,1,13389,512,584,1785153449849429000,1785153449849429000,1785153449849429000,1785153449849430000,1785153449849588000,1785153449849591000,1785153449849591000,1785153449849591000,121932490,121652369,-122.121,0.000,0.000,1.000,3.000,0.000,0.000,3.000,0,0,0
B3_zmq_pushpull,zmq_tcp,none,none,,1,13390,512,584,1785153449850574000,1785153449850574000,1785153449850574000,1785153449850575000,1785153449850736000,1785153449850739000,1785153449850739000,1785153449850739000,121932490,121652369,-119.121,0.000,0.000,1.000,3.000,0.000,0.000,3.000,0,0,0
B3_zmq_pushpull,zmq_tcp,none,none,,1,13391,512,584,1785153449851449000,1785153449851449000,1785153449851450000,1785153449851451000,1785153449851608000,1785153449851611000,1785153449851611000,1785153449851611000,121932490,121652369,-123.121,0.000,1.000,1.000,3.000,0.000,0.000,4.000,0,0,0
B3_zmq_pushpull,zmq_tcp,none,none,,1,13392,512,584,1785153449852463000,1785153449852463000,1785153449852463000,1785153449852464000,1785153449852621000,1785153449852624000,1785153449852624000,1785153449852624000,121932490,121652369,-123.121,0.000,0.000,1.000,3.000,0.000,0.000,0.000,0,0,0
B3_zmq_pushpull,zmq_tcp,none,none,,1,13393,512,584,1785153449853350000,1785153449853350000,1785153449853351000,1785153449853352000,1785153449853495000,1785153449853498000,1785153449853498000,1785153449853498000,121932490,121652369,-137.121,0.000,1.000,1.000,3.000,0.000,0.000,14.000,0,0,0
B3_zmq_pushpull,zmq_tcp,none,none,,1,13394,512,584,1785153449854360000,1785153449854361000,1785153449854361000,1785153449854362000,1785153449854502000,1785153449854505000,1785153449854505000,1785153449854505000,121932490,121652369,-140.121,1.000,0.000,1.000,3.000,0.000,0.000,3.000,0,0,0
B3_zmq_pushpull,zmq_tcp,none,none,,1,13395,512,584,1785153449855353000,1785153449855354000,1785153449855354000,1785153449855355000,1785153449855502000,1785153449855505000,1785153449855505000,1785153449855505000,121932490,121652369,-133.121,1.000,0.000,1.000,3.000,0.000,0.000,7.000,0,0,0
B3_zmq_pushpull,zmq_tcp,none,none,,1,13396,512,584,1785153449856595000,1785153449856595000,1785153449856595000,1785153449856596000,1785153449856659000,1785153449856662000,1785153449856662000,1785153449856662000,121932490,121652369,-217.121,0.000,0.000,1.000,3.000,0.000,0.000,84.000,0,0,0
B3_zmq_pushpull,zmq_tcp,none,none,,1,13397,512,584,1785153449857534000,1785153449857534000,1785153449857534000,1785153449857535000,1785153449857677000,1785153449857680000,1785153449857680000,1785153449857680000,121932490,121652369,-138.121,0.000,0.000,1.000,3.000,0.000,0.000,79.000,0,0,0
B3_zmq_pushpull,zmq_tcp,none,none,,1,13398,512,584,1785153449858545000,1785153449858546000,1785153449858546000,1785153449858547000,1785153449858675000,1785153449858678000,1785153449858678000,1785153449858678000,121932490,121652369,-152.121,1.000,0.000,1.000,3.000,0.000,0.000,14.000,0,0,0
B3_zmq_pushpull,zmq_tcp,none,none,,1,13399,512,584,1785153449859544000,1785153449859544000,1785153449859545000,1785153449859545000,1785153449859677000,1785153449859681000,1785153449859681000,1785153449859681000,121932490,121652369,-148.121,0.000,1.000,0.000,4.000,0.000,0.000,4.000,0,0,0
B3_zmq_pushpull,zmq_tcp,none,none,,1,13400,512,584,1785153449860365000,1785153449860365000,1785153449860365000,1785153449860366000,1785153449860524000,1785153449860527000,1785153449860527000,1785153449860527000,121932490,121652369,-122.121,0.000,0.000,1.000,3.000,0.000,0.000,26.000,0,0,0
B3_zmq_pushpull,zmq_tcp,none,none,,1,13401,512,584,1785153449861374000,1785153449861375000,1785153449861375000,1785153449861376000,1785153449861533000,1785153449861536000,1785153449861536000,1785153449861536000,121932490,121652369,-123.121,1.000,0.000,1.000,3.000,0.000,0.000,1.000,0,0,0
B3_zmq_pushpull,zmq_tcp,none,none,,1,13402,512,584,1785153449862586000,1785153449862586000,1785153449862586000,1785153449862587000,1785153449862681000,1785153449862687000,1785153449862687000,1785153449862687000,121932490,121652369,-186.121,0.000,0.000,1.000,6.000,0.000,0.000,63.000,0,0,0
B3_zmq_pushpull,zmq_tcp,none,none,,1,13403,512,584,1785153449863534000,1785153449863534000,1785153449863534000,1785153449863535000,1785153449863689000,1785153449863692000,1785153449863692000,1785153449863692000,121932490,121652369,-126.121,0.000,0.000,1.000,3.000,0.000,0.000,60.000,0,0,0
B3_zmq_pushpull,zmq_tcp,none,none,,1,13404,512,584,1785153449864549000,1785153449864549000,1785153449864549000,1785153449864550000,1785153449864701000,1785153449864704000,1785153449864704000,1785153449864704000,121932490,121652369,-129.121,0.000,0.000,1.000,3.000,0.000,0.000,3.000,0,0,0
B3_zmq_pushpull,zmq_tcp,none,none,,1,13405,512,584,1785153449865541000,1785153449865541000,1785153449865541000,1785153449865542000,1785153449865695000,1785153449865698000,1785153449865698000,1785153449865698000,121932490,121652369,-127.121,0.000,0.000,1.000,3.000,0.000,0.000,2.000,0,0,0
B3_zmq_pushpull,zmq_tcp,none,none,,1,13406,512,584,1785153449866409000,1785153449866410000,1785153449866410000,1785153449866411000,1785153449866568000,1785153449866571000,1785153449866571000,1785153449866571000,121932490,121652369,-123.121,1.000,0.000,1.000,3.000,0.000,0.000,4.000,0,0,0
B3_zmq_pushpull,zmq_tcp,none,none,,1,13407,512,584,1785153449867580000,1785153449867580000,1785153449867580000,1785153449867581000,1785153449867719000,1785153449867722000,1785153449867722000,1785153449867722000,121932490,121652369,-142.121,0.000,0.000,1.000,3.000,0.000,0.000,19.000,0,0,0
B3_zmq_pushpull,zmq_tcp,none,none,,1,13408,512,584,1785153449868541000,1785153449868541000,1785153449868541000,1785153449868543000,1785153449868596000,1785153449868599000,1785153449868599000,1785153449868599000,121932490,121652369,-227.121,0.000,0.000,2.000,3.000,0.000,0.000,85.000,0,0,0
B3_zmq_pushpull,zmq_tcp,none,none,,1,13409,512,584,1785153449869550000,1785153449869550000,1785153449869550000,1785153449869551000,1785153449869744000,1785153449869747000,1785153449869747000,1785153449869747000,121932490,121652369,-87.121,0.000,0.000,1.000,3.000,0.000,0.000,140.000,0,0,0
B3_zmq_pushpull,zmq_tcp,none,none,,1,13410,512,584,1785153449870543000,1785153449870544000,1785153449870544000,1785153449870545000,1785153449870730000,1785153449870738000,1785153449870738000,1785153449870738000,121932490,121652369,-95.121,1.000,0.000,1.000,8.000,0.000,0.000,8.000,0,0,0
B3_zmq_pushpull,zmq_tcp,none,none,,1,13411,512,584,1785153449871428000,1785153449871428000,1785153449871428000,1785153449871429000,1785153449871575000,1785153449871577000,1785153449871577000,1785153449871577000,121932490,121652369,-134.121,0.000,0.000,1.000,2.000,0.000,0.000,39.000,0,0,0
B3_zmq_pushpull,zmq_tcp,none,none,,1,13412,512,584,1785153449872402000,1785153449872403000,1785153449872403000,1785153449872404000,1785153449872559000,1785153449872562000,1785153449872562000,1785153449872562000,121932490,121652369,-125.121,1.000,0.000,1.000,3.000,0.000,0.000,9.000,0,0,0
B3_zmq_pushpull,zmq_tcp,none,none,,1,13413,512,584,1785153449873396000,1785153449873396000,1785153449873396000,1785153449873397000,1785153449873556000,1785153449873559000,1785153449873559000,1785153449873559000,121932490,121652369,-121.121,0.000,0.000,1.000,3.000,0.000,0.000,4.000,0,0,0
B3_zmq_pushpull,zmq_tcp,none,none,,1,13414,512,584,1785153449874582000,1785153449874582000,1785153449874582000,1785153449874583000,1785153449874688000,1785153449874696000,1785153449874696000,1785153449874696000,121932490,121652369,-175.121,0.000,0.000,1.000,8.000,0.000,0.000,54.000,0,0,0
B3_zmq_pushpull,zmq_tcp,none,none,,1,13415,512,584,1785153449875539000,1785153449875539000,1785153449875539000,1785153449875540000,1785153449875684000,1785153449875687000,1785153449875687000,1785153449875688000,121932490,121652369,-136.121,0.000,0.000,1.000,3.000,0.000,1.000,39.000,0,0,0
B3_zmq_pushpull,zmq_tcp,none,none,,1,13416,512,584,1785153449876387000,1785153449876387000,1785153449876387000,1785153449876389000,1785153449876552000,1785153449876558000,1785153449876558000,1785153449876558000,121932490,121652369,-117.121,0.000,0.000,2.000,6.000,0.000,0.000,19.000,0,0,0
B3_zmq_pushpull,zmq_tcp,none,none,,1,13417,512,584,1785153449877411000,1785153449877411000,1785153449877411000,1785153449877412000,1785153449877565000,1785153449877568000,1785153449877568000,1785153449877568000,121932490,121652369,-127.121,0.000,0.000,1.000,3.000,0.000,0.000,10.000,0,0,0
B3_zmq_pushpull,zmq_tcp,none,none,,1,13418,512,584,1785153449878419000,1785153449878420000,1785153449878420000,1785153449878421000,1785153449878582000,1785153449878585000,1785153449878585000,1785153449878585000,121932490,121652369,-119.121,1.000,0.000,1.000,3.000,0.000,0.000,8.000,0,0,0
B3_zmq_pushpull,zmq_tcp,none,none,,1,13419,512,584,1785153449879576000,1785153449879576000,1785153449879576000,1785153449879577000,1785153449879747000,1785153449879750000,1785153449879750000,1785153449879750000,121932490,121652369,-110.121,0.000,0.000,1.000,3.000,0.000,0.000,9.000,0,0,0
B3_zmq_pushpull,zmq_tcp,none,none,,1,13420,512,584,1785153449880537000,1785153449880537000,1785153449880537000,1785153449880538000,1785153449880597000,1785153449880600000,1785153449880600000,1785153449880600000,121932490,121652369,-221.121,0.000,0.000,1.000,3.000,0.000,0.000,111.000,0,0,0
B3_zmq_pushpull,zmq_tcp,none,none,,1,13421,512,584,1785153449881548000,1785153449881548000,1785153449881548000,1785153449881549000,1785153449881748000,1785153449881751000,1785153449881751000,1785153449881751000,121932490,121652369,-81.121,0.000,0.000,1.000,3.000,0.000,0.000,140.000,0,0,0
B3_zmq_pushpull,zmq_tcp,none,none,,1,13422,512,584,1785153449882464000,1785153449882464000,1785153449882464000,1785153449882465000,1785153449882623000,1785153449882627000,1785153449882627000,1785153449882627000,121932490,121652369,-122.121,0.000,0.000,1.000,4.000,0.000,0.000,41.000,0,0,0
B3_zmq_pushpull,zmq_tcp,none,none,,1,13423,512,584,1785153449883467000,1785153449883467000,1785153449883467000,1785153449883468000,1785153449883626000,1785153449883629000,1785153449883629000,1785153449883629000,121932490,121652369,-122.121,0.000,0.000,1.000,3.000,0.000,0.000,0.000,0,0,0
B3_zmq_pushpull,zmq_tcp,none,none,,1,13424,512,584,1785153449884542000,1785153449884542000,1785153449884542000,1785153449884543000,1785153449884619000,1785153449884622000,1785153449884622000,1785153449884622000,121932490,121652369,-204.121,0.000,0.000,1.000,3.000,0.000,0.000,82.000,0,0,0
B3_zmq_pushpull,zmq_tcp,none,none,,1,13425,512,584,1785153449885466000,1785153449885466000,1785153449885466000,1785153449885467000,1785153449885617000,1785153449885620000,1785153449885620000,1785153449885620000,121932490,121652369,-130.121,0.000,0.000,1.000,3.000,0.000,0.000,74.000,0,0,0
B3_zmq_pushpull,zmq_tcp,none,none,,1,13426,512,584,1785153449886564000,1785153449886565000,1785153449886565000,1785153449886566000,1785153449886615000,1785153449886618000,1785153449886618000,1785153449886618000,121932490,121652369,-231.121,1.000,0.000,1.000,3.000,0.000,0.000,101.000,0,0,0
B3_zmq_pushpull,zmq_tcp,none,none,,1,13427,512,584,1785153449887540000,1785153449887540000,1785153449887540000,1785153449887541000,1785153449887627000,1785153449887630000,1785153449887630000,1785153449887630000,121932490,121652369,-194.121,0.000,0.000,1.000,3.000,0.000,0.000,37.000,0,0,0
B3_zmq_pushpull,zmq_tcp,none,none,,1,13428,512,584,1785153449888548000,1785153449888549000,1785153449888549000,1785153449888550000,1785153449888634000,1785153449888636000,1785153449888637000,1785153449888637000,121932490,121652369,-196.121,1.000,0.000,1.000,2.000,1.000,0.000,2.000,0,0,0
B3_zmq_pushpull,zmq_tcp,none,none,,1,13429,512,584,1785153449889470000,1785153449889470000,1785153449889470000,1785153449889471000,1785153449889518000,1785153449889520000,1785153449889521000,1785153449889521000,121932490,121652369,-233.121,0.000,0.000,1.000,2.000,1.000,0.000,37.000,0,0,0
B3_zmq_pushpull,zmq_tcp,none,none,,1,13430,512,584,1785153449890564000,1785153449890564000,1785153449890564000,1785153449890565000,1785153449890627000,1785153449890630000,1785153449890630000,1785153449890630000,121932490,121652369,-218.121,0.000,0.000,1.000,3.000,0.000,0.000,15.000,0,0,0
B3_zmq_pushpull,zmq_tcp,none,none,,1,13431,512,584,1785153449891543000,1785153449891544000,1785153449891544000,1785153449891545000,1785153449891615000,1785153449891618000,1785153449891618000,1785153449891618000,121932490,121652369,-210.121,1.000,0.000,1.000,3.000,0.000,0.000,8.000,0,0,0
B3_zmq_pushpull,zmq_tcp,none,none,,1,13432,512,584,1785153449892546000,1785153449892546000,1785153449892546000,1785153449892547000,1785153449892607000,1785153449892610000,1785153449892610000,1785153449892610000,121932490,121652369,-220.121,0.000,0.000,1.000,3.000,0.000,0.000,10.000,0,0,0
B3_zmq_pushpull,zmq_tcp,none,none,,1,13433,512,584,1785153449893545000,1785153449893545000,1785153449893545000,1785153449893546000,1785153449893608000,1785153449893612000,1785153449893612000,1785153449893612000,121932490,121652369,-218.121,0.000,0.000,1.000,4.000,0.000,0.000,2.000,0,0,0
B3_zmq_pushpull,zmq_tcp,none,none,,1,13434,512,584,1785153449894545000,1785153449894545000,1785153449894545000,1785153449894546000,1785153449894598000,1785153449894602000,1785153449894602000,1785153449894602000,121932490,121652369,-228.121,0.000,0.000,1.000,4.000,0.000,0.000,10.000,0,0,0
B3_zmq_pushpull,zmq_tcp,none,none,,1,13435,512,584,1785153449895546000,1785153449895546000,1785153449895546000,1785153449895547000,1785153449895736000,1785153449895743000,1785153449895743000,1785153449895743000,121932490,121652369,-91.121,0.000,0.000,1.000,7.000,0.000,0.000,137.000,0,0,0
B3_zmq_pushpull,zmq_tcp,none,none,,1,13436,512,584,1785153449896546000,1785153449896547000,1785153449896547000,1785153449896548000,1785153449896719000,1785153449896726000,1785153449896726000,1785153449896726000,121932490,121652369,-109.121,1.000,0.000,1.000,7.000,0.000,0.000,18.000,0,0,0
B3_zmq_pushpull,zmq_tcp,none,none,,1,13437,512,584,1785153449897544000,1785153449897544000,1785153449897544000,1785153449897545000,1785153449897604000,1785153449897607000,1785153449897607000,1785153449897607000,121932490,121652369,-221.121,0.000,0.000,1.000,3.000,0.000,0.000,112.000,0,0,0
B3_zmq_pushpull,zmq_tcp,none,none,,1,13438,512,584,1785153449898545000,1785153449898545000,1785153449898545000,1785153449898546000,1785153449898607000,1785153449898610000,1785153449898610000,1785153449898610000,121932490,121652369,-219.121,0.000,0.000,1.000,3.000,0.000,0.000,2.000,0,0,0
B3_zmq_pushpull,zmq_tcp,none,none,,1,13439,512,584,1785153449899545000,1785153449899545000,1785153449899545000,1785153449899546000,1785153449899623000,1785153449899626000,1785153449899626000,1785153449899626000,121932490,121652369,-203.121,0.000,0.000,1.000,3.000,0.000,0.000,16.000,0,0,0
B3_zmq_pushpull,zmq_tcp,none,none,,1,13440,512,584,1785153449900545000,1785153449900545000,1785153449900545000,1785153449900546000,1785153449900635000,1785153449900638000,1785153449900638000,1785153449900638000,121932490,121652369,-191.121,0.000,0.000,1.000,3.000,0.000,0.000,12.000,0,0,0
B3_zmq_pushpull,zmq_tcp,none,none,,1,13441,512,584,1785153449901543000,1785153449901544000,1785153449901544000,1785153449901545000,1785153449901650000,1785153449901652000,1785153449901652000,1785153449901652000,121932490,121652369,-175.121,1.000,0.000,1.000,2.000,0.000,0.000,16.000,0,0,0
B3_zmq_pushpull,zmq_tcp,none,none,,1,13442,512,584,1785153449902545000,1785153449902545000,1785153449902545000,1785153449902546000,1785153449902651000,1785153449902658000,1785153449902658000,1785153449902658000,121932490,121652369,-175.121,0.000,0.000,1.000,7.000,0.000,0.000,0.000,0,0,0
B3_zmq_pushpull,zmq_tcp,none,none,,1,13443,512,584,1785153449903546000,1785153449903547000,1785153449903547000,1785153449903548000,1785153449903667000,1785153449903671000,1785153449903671000,1785153449903671000,121932490,121652369,-161.121,1.000,0.000,1.000,4.000,0.000,0.000,14.000,0,0,0
B3_zmq_pushpull,zmq_tcp,none,none,,1,13444,512,584,1785153449904367000,1785153449904367000,1785153449904367000,1785153449904368000,1785153449904527000,1785153449904530000,1785153449904530000,1785153449904530000,121932490,121652369,-121.121,0.000,0.000,1.000,3.000,0.000,0.000,40.000,0,0,0
B3_zmq_pushpull,zmq_tcp,none,none,,1,13445,512,584,1785153449905590000,1785153449905590000,1785153449905590000,1785153449905591000,1785153449905660000,1785153449905663000,1785153449905663000,1785153449905663000,121932490,121652369,-211.121,0.000,0.000,1.000,3.000,0.000,0.000,90.000,0,0,0
B3_zmq_pushpull,zmq_tcp,none,none,,1,13446,512,584,1785153449906535000,1785153449906535000,1785153449906535000,1785153449906536000,1785153449906666000,1785153449906668000,1785153449906668000,1785153449906668000,121932490,121652369,-150.121,0.000,0.000,1.000,2.000,0.000,0.000,61.000,0,0,0
B3_zmq_pushpull,zmq_tcp,none,none,,1,13447,512,584,1785153449907550000,1785153449907550000,1785153449907550000,1785153449907551000,1785153449907674000,1785153449907676000,1785153449907676000,1785153449907676000,121932490,121652369,-157.121,0.000,0.000,1.000,2.000,0.000,0.000,7.000,0,0,0
B3_zmq_pushpull,zmq_tcp,none,none,,1,13448,512,584,1785153449908388000,1785153449908389000,1785153449908389000,1785153449908390000,1785153449908538000,1785153449908542000,1785153449908542000,1785153449908542000,121932490,121652369,-132.121,1.000,0.000,1.000,4.000,0.000,0.000,25.000,0,0,0
B3_zmq_pushpull,zmq_tcp,none,none,,1,13449,512,584,1785153449909588000,1785153449909588000,1785153449909588000,1785153449909589000,1785153449909682000,1785153449909686000,1785153449909686000,1785153449909686000,121932490,121652369,-187.121,0.000,0.000,1.000,4.000,0.000,0.000,55.000,0,0,0
B3_zmq_pushpull,zmq_tcp,none,none,,1,13450,512,584,1785153449910538000,1785153449910538000,1785153449910538000,1785153449910540000,1785153449910689000,1785153449910692000,1785153449910692000,1785153449910692000,121932490,121652369,-131.121,0.000,0.000,2.000,3.000,0.000,0.000,56.000,0,0,0
B3_zmq_pushpull,zmq_tcp,none,none,,1,13451,512,584,1785153449911396000,1785153449911396000,1785153449911397000,1785153449911397000,1785153449911558000,1785153449911560000,1785153449911560000,1785153449911560000,121932490,121652369,-119.121,0.000,1.000,0.000,2.000,0.000,0.000,12.000,0,0,0
B3_zmq_pushpull,zmq_tcp,none,none,,1,13452,512,584,1785153449912581000,1785153449912581000,1785153449912581000,1785153449912582000,1785153449912687000,1785153449912690000,1785153449912690000,1785153449912690000,121932490,121652369,-175.121,0.000,0.000,1.000,3.000,0.000,0.000,56.000,0,0,0
B3_zmq_pushpull,zmq_tcp,none,none,,1,13453,512,584,1785153449913538000,1785153449913538000,1785153449913538000,1785153449913539000,1785153449913707000,1785153449913710000,1785153449913710000,1785153449913710000,121932490,121652369,-112.121,0.000,0.000,1.000,3.000,0.000,0.000,63.000,0,0,0
B3_zmq_pushpull,zmq_tcp,none,none,,1,13454,512,584,1785153449914421000,1785153449914422000,1785153449914422000,1785153449914423000,1785153449914582000,1785153449914585000,1785153449914585000,1785153449914585000,121932490,121652369,-121.121,1.000,0.000,1.000,3.000,0.000,0.000,9.000,0,0,0
B3_zmq_pushpull,zmq_tcp,none,none,,1,13455,512,584,1785153449915576000,1785153449915576000,1785153449915576000,1785153449915577000,1785153449915738000,1785153449915741000,1785153449915741000,1785153449915741000,121932490,121652369,-119.121,0.000,0.000,1.000,3.000,0.000,0.000,2.000,0,0,0
B3_zmq_pushpull,zmq_tcp,none,none,,1,13456,512,584,1785153449916537000,1785153449916538000,1785153449916538000,1785153449916539000,1785153449916595000,1785153449916601000,1785153449916601000,1785153449916601000,121932490,121652369,-224.121,1.000,0.000,1.000,6.000,0.000,0.000,105.000,0,0,0
B3_zmq_pushpull,zmq_tcp,none,none,,1,13457,512,584,1785153449917548000,1785153449917548000,1785153449917548000,1785153449917549000,1785153449917726000,1785153449917728000,1785153449917729000,1785153449917729000,121932490,121652369,-103.121,0.000,0.000,1.000,2.000,1.000,0.000,121.000,0,0,0
B3_zmq_pushpull,zmq_tcp,none,none,,1,13458,512,584,1785153449918544000,1785153449918544000,1785153449918544000,1785153449918545000,1785153449918604000,1785153449918607000,1785153449918607000,1785153449918607000,121932490,121652369,-221.121,0.000,0.000,1.000,3.000,0.000,0.000,118.000,0,0,0
B3_zmq_pushpull,zmq_tcp,none,none,,1,13459,512,584,1785153449919549000,1785153449919549000,1785153449919549000,1785153449919550000,1785153449919614000,1785153449919616000,1785153449919616000,1785153449919616000,121932490,121652369,-216.121,0.000,0.000,1.000,2.000,0.000,0.000,5.000,0,0,0
B3_zmq_pushpull,zmq_tcp,none,none,,1,13460,512,584,1785153449920545000,1785153449920545000,1785153449920545000,1785153449920546000,1785153449920631000,1785153449920634000,1785153449920634000,1785153449920634000,121932490,121652369,-195.121,0.000,0.000,1.000,3.000,0.000,0.000,21.000,0,0,0
B3_zmq_pushpull,zmq_tcp,none,none,,1,13461,512,584,1785153449921546000,1785153449921546000,1785153449921546000,1785153449921547000,1785153449921647000,1785153449921650000,1785153449921650000,1785153449921650000,121932490,121652369,-180.121,0.000,0.000,1.000,3.000,0.000,0.000,15.000,0,0,0
B3_zmq_pushpull,zmq_tcp,none,none,,1,13462,512,584,1785153449922543000,1785153449922543000,1785153449922543000,1785153449922544000,1785153449922666000,1785153449922669000,1785153449922669000,1785153449922669000,121932490,121652369,-158.121,0.000,0.000,1.000,3.000,0.000,0.000,22.000,0,0,0
B3_zmq_pushpull,zmq_tcp,none,none,,1,13463,512,584,1785153449923547000,1785153449923547000,1785153449923547000,1785153449923548000,1785153449923686000,1785153449923694000,1785153449923694000,1785153449923694000,121932490,121652369,-142.121,0.000,0.000,1.000,8.000,0.000,0.000,16.000,0,0,0
B3_zmq_pushpull,zmq_tcp,none,none,,1,13464,512,584,1785153449924545000,1785153449924545000,1785153449924545000,1785153449924546000,1785153449924688000,1785153449924691000,1785153449924691000,1785153449924691000,121932490,121652369,-138.121,0.000,0.000,1.000,3.000,0.000,0.000,4.000,0,0,0
B3_zmq_pushpull,zmq_tcp,none,none,,1,13465,512,584,1785153449925388000,1785153449925388000,1785153449925388000,1785153449925390000,1785153449925551000,1785153449925554000,1785153449925554000,1785153449925554000,121932490,121652369,-119.121,0.000,0.000,2.000,3.000,0.000,0.000,19.000,0,0,0
B3_zmq_pushpull,zmq_tcp,none,none,,1,13466,512,584,1785153449926401000,1785153449926401000,1785153449926401000,1785153449926402000,1785153449926559000,1785153449926562000,1785153449926562000,1785153449926562000,121932490,121652369,-123.121,0.000,0.000,1.000,3.000,0.000,0.000,4.000,0,0,0
B3_zmq_pushpull,zmq_tcp,none,none,,1,13467,512,584,1785153449927416000,1785153449927416000,1785153449927416000,1785153449927417000,1785153449927564000,1785153449927567000,1785153449927567000,1785153449927567000,121932490,121652369,-133.121,0.000,0.000,1.000,3.000,0.000,0.000,10.000,0,0,0
B3_zmq_pushpull,zmq_tcp,none,none,,1,13468,512,584,1785153449928578000,1785153449928578000,1785153449928578000,1785153449928579000,1785153449928707000,1785153449928710000,1785153449928710000,1785153449928710000,121932490,121652369,-152.121,0.000,0.000,1.000,3.000,0.000,0.000,19.000,0,0,0
B3_zmq_pushpull,zmq_tcp,none,none,,1,13469,512,584,1785153449929538000,1785153449929538000,1785153449929538000,1785153449929539000,1785153449929595000,1785153449929598000,1785153449929598000,1785153449929598000,121932490,121652369,-224.121,0.000,0.000,1.000,3.000,0.000,0.000,72.000,0,0,0
B3_zmq_pushpull,zmq_tcp,none,none,,1,13470,512,584,1785153449930548000,1785153449930548000,1785153449930548000,1785153449930549000,1785153449930736000,1785153449930739000,1785153449930739000,1785153449930739000,121932490,121652369,-93.121,0.000,0.000,1.000,3.000,0.000,0.000,131.000,0,0,0
B3_zmq_pushpull,zmq_tcp,none,none,,1,13471,512,584,1785153449931546000,1785153449931546000,1785153449931546000,1785153449931547000,1785153449931740000,1785153449931743000,1785153449931743000,1785153449931743000,121932490,121652369,-87.121,0.000,0.000,1.000,3.000,0.000,0.000,6.000,0,0,0
B3_zmq_pushpull,zmq_tcp,none,none,,1,13472,512,584,1785153449932545000,1785153449932545000,1785153449932545000,1785153449932546000,1785153449932733000,1785153449932735000,1785153449932735000,1785153449932735000,121932490,121652369,-93.121,0.000,0.000,1.000,2.000,0.000,0.000,6.000,0,0,0
B3_zmq_pushpull,zmq_tcp,none,none,,1,13473,512,584,1785153449933545000,1785153449933545000,1785153449933545000,1785153449933546000,1785153449933603000,1785153449933606000,1785153449933606000,1785153449933606000,121932490,121652369,-223.121,0.000,0.000,1.000,3.000,0.000,0.000,130.000,0,0,0
B3_zmq_pushpull,zmq_tcp,none,none,,1,13474,512,584,1785153449934545000,1785153449934545000,1785153449934545000,1785153449934546000,1785153449934603000,1785153449934606000,1785153449934606000,1785153449934606000,121932490,121652369,-223.121,0.000,0.000,1.000,3.000,0.000,0.000,0.000,0,0,0
B3_zmq_pushpull,zmq_tcp,none,none,,1,13475,512,584,1785153449935546000,1785153449935546000,1785153449935546000,1785153449935547000,1785153449935622000,1785153449935625000,1785153449935625000,1785153449935625000,121932490,121652369,-205.121,0.000,0.000,1.000,3.000,0.000,0.000,18.000,0,0,0
B3_zmq_pushpull,zmq_tcp,none,none,,1,13476,512,584,1785153449936544000,1785153449936544000,1785153449936544000,1785153449936545000,1785153449936627000,1785153449936630000,1785153449936630000,1785153449936630000,121932490,121652369,-198.121,0.000,0.000,1.000,3.000,0.000,0.000,7.000,0,0,0
B3_zmq_pushpull,zmq_tcp,none,none,,1,13477,512,584,1785153449937489000,1785153449937489000,1785153449937489000,1785153449937491000,1785153449937632000,1785153449937635000,1785153449937635000,1785153449937635000,121932490,121652369,-139.121,0.000,0.000,2.000,3.000,0.000,0.000,59.000,0,0,0
B3_zmq_pushpull,zmq_tcp,none,none,,1,13478,512,584,1785153449938560000,1785153449938560000,1785153449938560000,1785153449938561000,1785153449938753000,1785153449938755000,1785153449938755000,1785153449938755000,121932490,121652369,-88.121,0.000,0.000,1.000,2.000,0.000,0.000,51.000,0,0,0
B3_zmq_pushpull,zmq_tcp,none,none,,1,13479,512,584,1785153449939542000,1785153449939543000,1785153449939543000,1785153449939544000,1785153449939603000,1785153449939606000,1785153449939606000,1785153449939606000,121932490,121652369,-221.121,1.000,0.000,1.000,3.000,0.000,0.000,133.000,0,0,0
B3_zmq_pushpull,zmq_tcp,none,none,,1,13480,512,584,1785153449940546000,1785153449940547000,1785153449940547000,1785153449940548000,1785153449940733000,1785153449940735000,1785153449940735000,1785153449940735000,121932490,121652369,-95.121,1.000,0.000,1.000,2.000,0.000,0.000,126.000,0,0,0
B3_zmq_pushpull,zmq_tcp,none,none,,1,13481,512,584,1785153449941547000,1785153449941547000,1785153449941547000,1785153449941548000,1785153449941600000,1785153449941603000,1785153449941603000,1785153449941603000,121932490,121652369,-228.121,0.000,0.000,1.000,3.000,0.000,0.000,133.000,0,0,0
B3_zmq_pushpull,zmq_tcp,none,none,,1,13482,512,584,1785153449942545000,1785153449942545000,1785153449942545000,1785153449942546000,1785153449942742000,1785153449942744000,1785153449942745000,1785153449942745000,121932490,121652369,-84.121,0.000,0.000,1.000,2.000,1.000,0.000,144.000,0,0,0
B3_zmq_pushpull,zmq_tcp,none,none,,1,13483,512,584,1785153449943458000,1785153449943458000,1785153449943458000,1785153449943459000,1785153449943608000,1785153449943611000,1785153449943611000,1785153449943611000,121932490,121652369,-131.121,0.000,0.000,1.000,3.000,0.000,0.000,47.000,0,0,0
B3_zmq_pushpull,zmq_tcp,none,none,,1,13484,512,584,1785153449944568000,1785153449944568000,1785153449944568000,1785153449944569000,1785153449944756000,1785153449944759000,1785153449944759000,1785153449944759000,121932490,121652369,-93.121,0.000,0.000,1.000,3.000,0.000,0.000,38.000,0,0,0
B3_zmq_pushpull,zmq_tcp,none,none,,1,13485,512,584,1785153449945540000,1785153449945540000,1785153449945540000,1785153449945541000,1785153449945621000,1785153449945624000,1785153449945624000,1785153449945624000,121932490,121652369,-200.121,0.000,0.000,1.000,3.000,0.000,0.000,107.000,0,0,0
B3_zmq_pushpull,zmq_tcp,none,none,,1,13486,512,584,1785153449946457000,1785153449946457000,1785153449946457000,1785153449946458000,1785153449946619000,1785153449946622000,1785153449946622000,1785153449946622000,121932490,121652369,-119.121,0.000,0.000,1.000,3.000,0.000,0.000,81.000,0,0,0
B3_zmq_pushpull,zmq_tcp,none,none,,1,13487,512,584,1785153449947467000,1785153449947467000,1785153449947467000,1785153449947468000,1785153449947619000,1785153449947622000,1785153449947622000,1785153449947622000,121932490,121652369,-129.121,0.000,0.000,1.000,3.000,0.000,0.000,10.000,0,0,0
B3_zmq_pushpull,zmq_tcp,none,none,,1,13488,512,584,1785153449948473000,1785153449948473000,1785153449948473000,1785153449948474000,1785153449948633000,1785153449948635000,1785153449948635000,1785153449948635000,121932490,121652369,-121.121,0.000,0.000,1.000,2.000,0.000,0.000,8.000,0,0,0
B3_zmq_pushpull,zmq_tcp,none,none,,1,13489,512,584,1785153449949566000,1785153449949566000,1785153449949566000,1785153449949567000,1785153449949770000,1785153449949772000,1785153449949773000,1785153449949773000,121932490,121652369,-77.121,0.000,0.000,1.000,2.000,1.000,0.000,44.000,0,0,0
B3_zmq_pushpull,zmq_tcp,none,none,,1,13490,512,584,1785153449950541000,1785153449950541000,1785153449950541000,1785153449950542000,1785153449950637000,1785153449950639000,1785153449950639000,1785153449950639000,121932490,121652369,-185.121,0.000,0.000,1.000,2.000,0.000,0.000,108.000,0,0,0
B3_zmq_pushpull,zmq_tcp,none,none,,1,13491,512,584,1785153449951357000,1785153449951358000,1785153449951358000,1785153449951359000,1785153449951502000,1785153449951506000,1785153449951506000,1785153449951506000,121932490,121652369,-137.121,1.000,0.000,1.000,4.000,0.000,0.000,48.000,0,0,0
B3_zmq_pushpull,zmq_tcp,none,none,,1,13492,512,584,1785153449952592000,1785153449952592000,1785153449952592000,1785153449952593000,1785153449952759000,1785153449952762000,1785153449952762000,1785153449952762000,121932490,121652369,-114.121,0.000,0.000,1.000,3.000,0.000,0.000,23.000,0,0,0
B3_zmq_pushpull,zmq_tcp,none,none,,1,13493,512,584,1785153449953529000,1785153449953529000,1785153449953529000,1785153449953530000,1785153449953621000,1785153449953624000,1785153449953624000,1785153449953624000,121932490,121652369,-189.121,0.000,0.000,1.000,3.000,0.000,0.000,75.000,0,0,0
B3_zmq_pushpull,zmq_tcp,none,none,,1,13494,512,584,1785153449954551000,1785153449954551000,1785153449954551000,1785153449954552000,1785153449954619000,1785153449954622000,1785153449954622000,1785153449954622000,121932490,121652369,-213.121,0.000,0.000,1.000,3.000,0.000,0.000,24.000,0,0,0
B3_zmq_pushpull,zmq_tcp,none,none,,1,13495,512,584,1785153449955546000,1785153449955547000,1785153449955547000,1785153449955548000,1785153449955621000,1785153449955628000,1785153449955628000,1785153449955628000,121932490,121652369,-207.121,1.000,0.000,1.000,7.000,0.000,0.000,6.000,0,0,0
B3_zmq_pushpull,zmq_tcp,none,none,,1,13496,512,584,1785153449956545000,1785153449956546000,1785153449956546000,1785153449956547000,1785153449956615000,1785153449956618000,1785153449956618000,1785153449956618000,121932490,121652369,-212.121,1.000,0.000,1.000,3.000,0.000,0.000,5.000,0,0,0
B3_zmq_pushpull,zmq_tcp,none,none,,1,13497,512,584,1785153449957541000,1785153449957541000,1785153449957541000,1785153449957543000,1785153449957610000,1785153449957613000,1785153449957613000,1785153449957613000,121932490,121652369,-213.121,0.000,0.000,2.000,3.000,0.000,0.000,1.000,0,0,0
B3_zmq_pushpull,zmq_tcp,none,none,,1,13498,512,584,1785153449958548000,1785153449958548000,1785153449958548000,1785153449958549000,1785153449958607000,1785153449958610000,1785153449958610000,1785153449958610000,121932490,121652369,-222.121,0.000,0.000,1.000,3.000,0.000,0.000,9.000,0,0,0
B3_zmq_pushpull,zmq_tcp,none,none,,1,13499,512,584,1785153449959545000,1785153449959545000,1785153449959545000,1785153449959547000,1785153449959615000,1785153449959621000,1785153449959621000,1785153449959621000,121932490,121652369,-212.121,0.000,0.000,2.000,6.000,0.000,0.000,10.000,0,0,0
B3_zmq_pushpull,zmq_tcp,none,none,,1,13500,512,584,1785153449960545000,1785153449960545000,1785153449960545000,1785153449960547000,1785153449960613000,1785153449960616000,1785153449960616000,1785153449960616000,121932490,121652369,-214.121,0.000,0.000,2.000,3.000,0.000,0.000,2.000,0,0,0
B3_zmq_pushpull,zmq_tcp,none,none,,1,13501,512,584,1785153449961543000,1785153449961543000,1785153449961543000,1785153449961544000,1785153449961592000,1785153449961595000,1785153449961595000,1785153449961595000,121932490,121652369,-232.121,0.000,0.000,1.000,3.000,0.000,0.000,18.000,0,0,0
B3_zmq_pushpull,zmq_tcp,none,none,,1,13502,512,584,1785153449962547000,1785153449962547000,1785153449962547000,1785153449962548000,1785153449962599000,1785153449962602000,1785153449962602000,1785153449962602000,121932490,121652369,-229.121,0.000,0.000,1.000,3.000,0.000,0.000,3.000,0,0,0
B3_zmq_pushpull,zmq_tcp,none,none,,1,13503,512,584,1785153449963545000,1785153449963545000,1785153449963545000,1785153449963546000,1785153449963601000,1785153449963604000,1785153449963604000,1785153449963604000,121932490,121652369,-225.121,0.000,0.000,1.000,3.000,0.000,0.000,4.000,0,0,0
B3_zmq_pushpull,zmq_tcp,none,none,,1,13504,512,584,1785153449964547000,1785153449964547000,1785153449964547000,1785153449964548000,1785153449964739000,1785153449964742000,1785153449964742000,1785153449964742000,121932490,121652369,-89.121,0.000,0.000,1.000,3.000,0.000,0.000,136.000,0,0,0
B3_zmq_pushpull,zmq_tcp,none,none,,1,13505,512,584,1785153449965544000,1785153449965544000,1785153449965544000,1785153449965545000,1785153449965610000,1785153449965613000,1785153449965613000,1785153449965613000,121932490,121652369,-215.121,0.000,0.000,1.000,3.000,0.000,0.000,126.000,0,0,0
B3_zmq_pushpull,zmq_tcp,none,none,,1,13506,512,584,1785153449966547000,1785153449966547000,1785153449966547000,1785153449966548000,1785153449966625000,1785153449966628000,1785153449966628000,1785153449966628000,121932490,121652369,-203.121,0.000,0.000,1.000,3.000,0.000,0.000,12.000,0,0,0
B3_zmq_pushpull,zmq_tcp,none,none,,1,13507,512,584,1785153449967545000,1785153449967545000,1785153449967545000,1785153449967546000,1785153449967620000,1785153449967622000,1785153449967622000,1785153449967622000,121932490,121652369,-206.121,0.000,0.000,1.000,2.000,0.000,0.000,3.000,0,0,0
B3_zmq_pushpull,zmq_tcp,none,none,,1,13508,512,584,1785153449968546000,1785153449968546000,1785153449968546000,1785153449968547000,1785153449968603000,1785153449968607000,1785153449968607000,1785153449968607000,121932490,121652369,-224.121,0.000,0.000,1.000,4.000,0.000,0.000,18.000,0,0,0
B3_zmq_pushpull,zmq_tcp,none,none,,1,13509,512,584,1785153449969544000,1785153449969544000,1785153449969544000,1785153449969545000,1785153449969611000,1785153449969614000,1785153449969614000,1785153449969614000,121932490,121652369,-214.121,0.000,0.000,1.000,3.000,0.000,0.000,10.000,0,0,0
B3_zmq_pushpull,zmq_tcp,none,none,,1,13510,512,584,1785153449970548000,1785153449970548000,1785153449970549000,1785153449970549000,1785153449970622000,1785153449970625000,1785153449970625000,1785153449970625000,121932490,121652369,-207.121,0.000,1.000,0.000,3.000,0.000,0.000,7.000,0,0,0
B3_zmq_pushpull,zmq_tcp,none,none,,1,13511,512,584,1785153449971545000,1785153449971545000,1785153449971546000,1785153449971547000,1785153449971627000,1785153449971630000,1785153449971630000,1785153449971630000,121932490,121652369,-200.121,0.000,1.000,1.000,3.000,0.000,0.000,7.000,0,0,0
B3_zmq_pushpull,zmq_tcp,none,none,,1,13512,512,584,1785153449972545000,1785153449972545000,1785153449972546000,1785153449972546000,1785153449972633000,1785153449972636000,1785153449972636000,1785153449972636000,121932490,121652369,-193.121,0.000,1.000,0.000,3.000,0.000,0.000,7.000,0,0,0
B3_zmq_pushpull,zmq_tcp,none,none,,1,13513,512,584,1785153449973543000,1785153449973543000,1785153449973543000,1785153449973544000,1785153449973610000,1785153449973613000,1785153449973613000,1785153449973613000,121932490,121652369,-214.121,0.000,0.000,1.000,3.000,0.000,0.000,21.000,0,0,0
B3_zmq_pushpull,zmq_tcp,none,none,,1,13514,512,584,1785153449974549000,1785153449974550000,1785153449974550000,1785153449974551000,1785153449974594000,1785153449974597000,1785153449974597000,1785153449974597000,121932490,121652369,-237.121,1.000,0.000,1.000,3.000,0.000,0.000,23.000,0,0,0
B3_zmq_pushpull,zmq_tcp,none,none,,1,13515,512,584,1785153449975545000,1785153449975545000,1785153449975545000,1785153449975546000,1785153449975605000,1785153449975608000,1785153449975608000,1785153449975608000,121932490,121652369,-221.121,0.000,0.000,1.000,3.000,0.000,0.000,16.000,0,0,0
B3_zmq_pushpull,zmq_tcp,none,none,,1,13516,512,584,1785153449976548000,1785153449976548000,1785153449976548000,1785153449976549000,1785153449976750000,1785153449976753000,1785153449976753000,1785153449976753000,121932490,121652369,-79.121,0.000,0.000,1.000,3.000,0.000,0.000,142.000,0,0,0
B3_zmq_pushpull,zmq_tcp,none,none,,1,13517,512,584,1785153449977540000,1785153449977540000,1785153449977540000,1785153449977541000,1785153449977602000,1785153449977605000,1785153449977605000,1785153449977605000,121932490,121652369,-219.121,0.000,0.000,1.000,3.000,0.000,0.000,140.000,0,0,0
B3_zmq_pushpull,zmq_tcp,none,none,,1,13518,512,584,1785153449978547000,1785153449978547000,1785153449978547000,1785153449978548000,1785153449978607000,1785153449978610000,1785153449978610000,1785153449978610000,121932490,121652369,-221.121,0.000,0.000,1.000,3.000,0.000,0.000,2.000,0,0,0
B3_zmq_pushpull,zmq_tcp,none,none,,1,13519,512,584,1785153449979545000,1785153449979545000,1785153449979545000,1785153449979546000,1785153449979626000,1785153449979629000,1785153449979629000,1785153449979629000,121932490,121652369,-200.121,0.000,0.000,1.000,3.000,0.000,0.000,21.000,0,0,0
B3_zmq_pushpull,zmq_tcp,none,none,,1,13520,512,584,1785153449980545000,1785153449980545000,1785153449980546000,1785153449980546000,1785153449980623000,1785153449980627000,1785153449980627000,1785153449980627000,121932490,121652369,-203.121,0.000,1.000,0.000,4.000,0.000,0.000,3.000,0,0,0
B3_zmq_pushpull,zmq_tcp,none,none,,1,13521,512,584,1785153449981543000,1785153449981543000,1785153449981543000,1785153449981544000,1785153449981600000,1785153449981602000,1785153449981602000,1785153449981602000,121932490,121652369,-224.121,0.000,0.000,1.000,2.000,0.000,0.000,21.000,0,0,0
B3_zmq_pushpull,zmq_tcp,none,none,,1,13522,512,584,1785153449982551000,1785153449982552000,1785153449982552000,1785153449982553000,1785153449982596000,1785153449982599000,1785153449982599000,1785153449982599000,121932490,121652369,-237.121,1.000,0.000,1.000,3.000,0.000,0.000,13.000,0,0,0
B3_zmq_pushpull,zmq_tcp,none,none,,1,13523,512,584,1785153449983544000,1785153449983544000,1785153449983544000,1785153449983545000,1785153449983601000,1785153449983605000,1785153449983605000,1785153449983605000,121932490,121652369,-224.121,0.000,0.000,1.000,4.000,0.000,0.000,13.000,0,0,0
B3_zmq_pushpull,zmq_tcp,none,none,,1,13524,512,584,1785153449984548000,1785153449984548000,1785153449984548000,1785153449984549000,1785153449984734000,1785153449984737000,1785153449984737000,1785153449984737000,121932490,121652369,-95.121,0.000,0.000,1.000,3.000,0.000,0.000,129.000,0,0,0
B3_zmq_pushpull,zmq_tcp,none,none,,1,13525,512,584,1785153449985541000,1785153449985542000,1785153449985542000,1785153449985543000,1785153449985727000,1785153449985730000,1785153449985730000,1785153449985730000,121932490,121652369,-96.121,1.000,0.000,1.000,3.000,0.000,0.000,1.000,0,0,0
B3_zmq_pushpull,zmq_tcp,none,none,,1,13526,512,584,1785153449986547000,1785153449986547000,1785153449986548000,1785153449986548000,1785153449986737000,1785153449986739000,1785153449986739000,1785153449986739000,121932490,121652369,-91.121,0.000,1.000,0.000,2.000,0.000,0.000,5.000,0,0,0
B3_zmq_pushpull,zmq_tcp,none,none,,1,13527,512,584,1785153449987545000,1785153449987545000,1785153449987545000,1785153449987546000,1785153449987605000,1785153449987609000,1785153449987609000,1785153449987609000,121932490,121652369,-221.121,0.000,0.000,1.000,4.000,0.000,0.000,130.000,0,0,0
B3_zmq_pushpull,zmq_tcp,none,none,,1,13528,512,584,1785153449988458000,1785153449988458000,1785153449988458000,1785153449988459000,1785153449988617000,1785153449988620000,1785153449988620000,1785153449988620000,121932490,121652369,-122.121,0.000,0.000,1.000,3.000,0.000,0.000,99.000,0,0,0
B3_zmq_pushpull,zmq_tcp,none,none,,1,13529,512,584,1785153449989568000,1785153449989569000,1785153449989569000,1785153449989570000,1785153449989621000,1785153449989624000,1785153449989624000,1785153449989624000,121932490,121652369,-229.121,1.000,0.000,1.000,3.000,0.000,0.000,107.000,0,0,0
B3_zmq_pushpull,zmq_tcp,none,none,,1,13530,512,584,1785153449990467000,1785153449990467000,1785153449990467000,1785153449990468000,1785153449990625000,1785153449990627000,1785153449990628000,1785153449990628000,121932490,121652369,-123.121,0.000,0.000,1.000,2.000,1.000,0.000,106.000,0,0,0
B3_zmq_pushpull,zmq_tcp,none,none,,1,13531,512,584,1785153449991456000,1785153449991456000,1785153449991456000,1785153449991457000,1785153449991614000,1785153449991617000,1785153449991617000,1785153449991617000,121932490,121652369,-123.121,0.000,0.000,1.000,3.000,0.000,0.000,0.000,0,0,0
B3_zmq_pushpull,zmq_tcp,none,none,,1,13532,512,584,1785153449992475000,1785153449992475000,1785153449992475000,1785153449992476000,1785153449992630000,1785153449992633000,1785153449992633000,1785153449992633000,121932490,121652369,-126.121,0.000,0.000,1.000,3.000,0.000,0.000,3.000,0,0,0
B3_zmq_pushpull,zmq_tcp,none,none,,1,13533,512,584,1785153449993566000,1785153449993566000,1785153449993566000,1785153449993567000,1785153449993630000,1785153449993633000,1785153449993633000,1785153449993633000,121932490,121652369,-217.121,0.000,0.000,1.000,3.000,0.000,0.000,91.000,0,0,0
B3_zmq_pushpull,zmq_tcp,none,none,,1,13534,512,584,1785153449994540000,1785153449994540000,1785153449994540000,1785153449994541000,1785153449994626000,1785153449994629000,1785153449994629000,1785153449994629000,121932490,121652369,-195.121,0.000,0.000,1.000,3.000,0.000,0.000,22.000,0,0,0
B3_zmq_pushpull,zmq_tcp,none,none,,1,13535,512,584,1785153449995547000,1785153449995547000,1785153449995547000,1785153449995548000,1785153449995619000,1785153449995622000,1785153449995622000,1785153449995622000,121932490,121652369,-209.121,0.000,0.000,1.000,3.000,0.000,0.000,14.000,0,0,0
B3_zmq_pushpull,zmq_tcp,none,none,,1,13536,512,584,1785153449996541000,1785153449996542000,1785153449996542000,1785153449996543000,1785153449996625000,1785153449996628000,1785153449996628000,1785153449996628000,121932490,121652369,-198.121,1.000,0.000,1.000,3.000,0.000,0.000,11.000,0,0,0
B3_zmq_pushpull,zmq_tcp,none,none,,1,13537,512,584,1785153449997547000,1785153449997547000,1785153449997547000,1785153449997548000,1785153449997635000,1785153449997638000,1785153449997638000,1785153449997638000,121932490,121652369,-193.121,0.000,0.000,1.000,3.000,0.000,0.000,5.000,0,0,0
B3_zmq_pushpull,zmq_tcp,none,none,,1,13538,512,584,1785153449998548000,1785153449998548000,1785153449998548000,1785153449998549000,1785153449998654000,1785153449998657000,1785153449998657000,1785153449998657000,121932490,121652369,-175.121,0.000,0.000,1.000,3.000,0.000,0.000,18.000,0,0,0
B3_zmq_pushpull,zmq_tcp,none,none,,1,13539,512,584,1785153449999544000,1785153449999544000,1785153449999544000,1785153449999545000,1785153449999657000,1785153449999660000,1785153449999660000,1785153449999660000,121932490,121652369,-168.121,0.000,0.000,1.000,3.000,0.000,0.000,7.000,0,0,0
B3_zmq_pushpull,zmq_tcp,none,none,,1,13540,512,584,1785153450000546000,1785153450000546000,1785153450000546000,1785153450000547000,1785153450000671000,1785153450000674000,1785153450000674000,1785153450000674000,121932490,121652369,-156.121,0.000,0.000,1.000,3.000,0.000,0.000,12.000,0,0,0
B3_zmq_pushpull,zmq_tcp,none,none,,1,13541,512,584,1785153450001545000,1785153450001545000,1785153450001545000,1785153450001546000,1785153450001687000,1785153450001690000,1785153450001690000,1785153450001690000,121932490,121652369,-139.121,0.000,0.000,1.000,3.000,0.000,0.000,17.000,0,0,0
B3_zmq_pushpull,zmq_tcp,none,none,,1,13542,512,584,1785153450002545000,1785153450002545000,1785153450002545000,1785153450002546000,1785153450002685000,1785153450002688000,1785153450002688000,1785153450002688000,121932490,121652369,-141.121,0.000,0.000,1.000,3.000,0.000,0.000,2.000,0,0,0
B3_zmq_pushpull,zmq_tcp,none,none,,1,13543,512,584,1785153450003542000,1785153450003542000,1785153450003542000,1785153450003543000,1785153450003689000,1785153450003692000,1785153450003692000,1785153450003692000,121932490,121652369,-134.121,0.000,0.000,1.000,3.000,0.000,0.000,7.000,0,0,0
B3_zmq_pushpull,zmq_tcp,none,none,,1,13544,512,584,1785153450004547000,1785153450004547000,1785153450004547000,1785153450004548000,1785153450004709000,1785153450004712000,1785153450004712000,1785153450004712000,121932490,121652369,-119.121,0.000,0.000,1.000,3.000,0.000,0.000,15.000,0,0,0
B3_zmq_pushpull,zmq_tcp,none,none,,1,13545,512,584,1785153450005545000,1785153450005546000,1785153450005546000,1785153450005547000,1785153450005718000,1785153450005727000,1785153450005727000,1785153450005727000,121932490,121652369,-109.121,1.000,0.000,1.000,9.000,0.000,0.000,10.000,0,0,0
B3_zmq_pushpull,zmq_tcp,none,none,,1,13546,512,584,1785153450006427000,1785153450006427000,1785153450006427000,1785153450006428000,1785153450006585000,1785153450006588000,1785153450006588000,1785153450006588000,121932490,121652369,-123.121,0.000,0.000,1.000,3.000,0.000,0.000,14.000,0,0,0
B3_zmq_pushpull,zmq_tcp,none,none,,1,13547,512,584,1785153450007574000,1785153450007574000,1785153450007574000,1785153450007575000,1785153450007732000,1785153450007736000,1785153450007736000,1785153450007736000,121932490,121652369,-123.121,0.000,0.000,1.000,4.000,0.000,0.000,0.000,0,0,0
B3_zmq_pushpull,zmq_tcp,none,none,,1,13548,512,584,1785153450008434000,1785153450008434000,1785153450008434000,1785153450008435000,1785153450008578000,1785153450008581000,1785153450008581000,1785153450008581000,121932490,121652369,-137.121,0.000,0.000,1.000,3.000,0.000,0.000,14.000,0,0,0
B3_zmq_pushpull,zmq_tcp,none,none,,1,13549,512,584,1785153450009573000,1785153450009573000,1785153450009573000,1785153450009574000,1785153450009693000,1785153450009697000,1785153450009697000,1785153450009697000,121932490,121652369,-161.121,0.000,0.000,1.000,4.000,0.000,0.000,24.000,0,0,0
B3_zmq_pushpull,zmq_tcp,none,none,,1,13550,512,584,1785153450010538000,1785153450010538000,1785153450010538000,1785153450010539000,1785153450010681000,1785153450010684000,1785153450010684000,1785153450010684000,121932490,121652369,-138.121,0.000,0.000,1.000,3.000,0.000,0.000,23.000,0,0,0
B3_zmq_pushpull,zmq_tcp,none,none,,1,13551,512,584,1785153450011548000,1785153450011548000,1785153450011549000,1785153450011549000,1785153450011698000,1785153450011706000,1785153450011706000,1785153450011706000,121932490,121652369,-131.121,0.000,1.000,0.000,8.000,0.000,0.000,7.000,0,0,0
B3_zmq_pushpull,zmq_tcp,none,none,,1,13552,512,584,1785153450012545000,1785153450012545000,1785153450012545000,1785153450012546000,1785153450012685000,1785153450012688000,1785153450012688000,1785153450012688000,121932490,121652369,-141.121,0.000,0.000,1.000,3.000,0.000,0.000,10.000,0,0,0
B3_zmq_pushpull,zmq_tcp,none,none,,1,13553,512,584,1785153450013547000,1785153450013547000,1785153450013547000,1785153450013548000,1785153450013700000,1785153450013704000,1785153450013704000,1785153450013704000,121932490,121652369,-128.121,0.000,0.000,1.000,4.000,0.000,0.000,13.000,0,0,0
B3_zmq_pushpull,zmq_tcp,none,none,,1,13554,512,584,1785153450014541000,1785153450014541000,1785153450014541000,1785153450014542000,1785153450014696000,1785153450014699000,1785153450014699000,1785153450014699000,121932490,121652369,-126.121,0.000,0.000,1.000,3.000,0.000,0.000,2.000,0,0,0
B3_zmq_pushpull,zmq_tcp,none,none,,1,13555,512,584,1785153450015547000,1785153450015548000,1785153450015548000,1785153450015549000,1785153450015702000,1785153450015705000,1785153450015705000,1785153450015705000,121932490,121652369,-127.121,1.000,0.000,1.000,3.000,0.000,0.000,1.000,0,0,0
B3_zmq_pushpull,zmq_tcp,none,none,,1,13556,512,584,1785153450016546000,1785153450016546000,1785153450016546000,1785153450016547000,1785153450016710000,1785153450016713000,1785153450016713000,1785153450016713000,121932490,121652369,-117.121,0.000,0.000,1.000,3.000,0.000,0.000,10.000,0,0,0
B3_zmq_pushpull,zmq_tcp,none,none,,1,13557,512,584,1785153450017418000,1785153450017418000,1785153450017418000,1785153450017419000,1785153450017577000,1785153450017580000,1785153450017580000,1785153450017580000,121932490,121652369,-122.121,0.000,0.000,1.000,3.000,0.000,0.000,5.000,0,0,0
B3_zmq_pushpull,zmq_tcp,none,none,,1,13558,512,584,1785153450018434000,1785153450018434000,1785153450018434000,1785153450018435000,1785153450018592000,1785153450018594000,1785153450018594000,1785153450018594000,121932490,121652369,-123.121,0.000,0.000,1.000,2.000,0.000,0.000,1.000,0,0,0
B3_zmq_pushpull,zmq_tcp,none,none,,1,13559,512,584,1785153450019436000,1785153450019436000,1785153450019436000,1785153450019437000,1785153450019596000,1785153450019598000,1785153450019598000,1785153450019598000,121932490,121652369,-121.121,0.000,0.000,1.000,2.000,0.000,0.000,2.000,0,0,0
B3_zmq_pushpull,zmq_tcp,none,none,,1,13560,512,584,1785153450020453000,1785153450020453000,1785153450020453000,1785153450020454000,1785153450020605000,1785153450020607000,1785153450020607000,1785153450020607000,121932490,121652369,-129.121,0.000,0.000,1.000,2.000,0.000,0.000,8.000,0,0,0
B3_zmq_pushpull,zmq_tcp,none,none,,1,13561,512,584,1785153450021566000,1785153450021566000,1785153450021566000,1785153450021567000,1785153450021743000,1785153450021746000,1785153450021746000,1785153450021746000,121932490,121652369,-104.121,0.000,0.000,1.000,3.000,0.000,0.000,25.000,0,0,0
B3_zmq_pushpull,zmq_tcp,none,none,,1,13562,512,584,1785153450022452000,1785153450022452000,1785153450022452000,1785153450022453000,1785153450022596000,1785153450022598000,1785153450022598000,1785153450022598000,121932490,121652369,-137.121,0.000,0.000,1.000,2.000,0.000,0.000,33.000,0,0,0
B3_zmq_pushpull,zmq_tcp,none,none,,1,13563,512,584,1785153450023569000,1785153450023570000,1785153450023570000,1785153450023571000,1785153450023733000,1785153450023736000,1785153450023736000,1785153450023736000,121932490,121652369,-118.121,1.000,0.000,1.000,3.000,0.000,0.000,19.000,0,0,0
B3_zmq_pushpull,zmq_tcp,none,none,,1,13564,512,584,1785153450024536000,1785153450024536000,1785153450024536000,1785153450024537000,1785153450024576000,1785153450024579000,1785153450024579000,1785153450024579000,121932490,121652369,-241.121,0.000,0.000,1.000,3.000,0.000,0.000,123.000,0,0,0
B3_zmq_pushpull,zmq_tcp,none,none,,1,13565,512,584,1785153450025438000,1785153450025438000,1785153450025438000,1785153450025439000,1785153450025597000,1785153450025600000,1785153450025600000,1785153450025600000,121932490,121652369,-122.121,0.000,0.000,1.000,3.000,0.000,0.000,119.000,0,0,0
B3_zmq_pushpull,zmq_tcp,none,none,,1,13566,512,584,1785153450026438000,1785153450026438000,1785153450026438000,1785153450026439000,1785153450026586000,1785153450026589000,1785153450026589000,1785153450026589000,121932490,121652369,-133.121,0.000,0.000,1.000,3.000,0.000,0.000,11.000,0,0,0
B3_zmq_pushpull,zmq_tcp,none,none,,1,13567,512,584,1785153450027574000,1785153450027574000,1785153450027574000,1785153450027575000,1785153450027739000,1785153450027742000,1785153450027742000,1785153450027742000,121932490,121652369,-116.121,0.000,0.000,1.000,3.000,0.000,0.000,17.000,0,0,0
B3_zmq_pushpull,zmq_tcp,none,none,,1,13568,512,584,1785153450028426000,1785153450028426000,1785153450028426000,1785153450028427000,1785153450028581000,1785153450028584000,1785153450028584000,1785153450028584000,121932490,121652369,-126.121,0.000,0.000,1.000,3.000,0.000,0.000,10.000,0,0,0
B3_zmq_pushpull,zmq_tcp,none,none,,1,13569,512,584,1785153450029434000,1785153450029434000,1785153450029434000,1785153450029435000,1785153450029579000,1785153450029581000,1785153450029581000,1785153450029581000,121932490,121652369,-136.121,0.000,0.000,1.000,2.000,0.000,0.000,10.000,0,0,0
B3_zmq_pushpull,zmq_tcp,none,none,,1,13570,512,584,1785153450030422000,1785153450030422000,1785153450030422000,1785153450030423000,1785153450030566000,1785153450030570000,1785153450030570000,1785153450030570000,121932490,121652369,-137.121,0.000,0.000,1.000,4.000,0.000,0.000,1.000,0,0,0
B3_zmq_pushpull,zmq_tcp,none,none,,1,13571,512,584,1785153450031405000,1785153450031405000,1785153450031405000,1785153450031406000,1785153450031562000,1785153450031565000,1785153450031565000,1785153450031565000,121932490,121652369,-124.121,0.000,0.000,1.000,3.000,0.000,0.000,13.000,0,0,0
B3_zmq_pushpull,zmq_tcp,none,none,,1,13572,512,584,1785153450032577000,1785153450032577000,1785153450032577000,1785153450032578000,1785153450032696000,1785153450032699000,1785153450032699000,1785153450032699000,121932490,121652369,-162.121,0.000,0.000,1.000,3.000,0.000,0.000,38.000,0,0,0
B3_zmq_pushpull,zmq_tcp,none,none,,1,13573,512,584,1785153450033540000,1785153450033540000,1785153450033540000,1785153450033541000,1785153450033689000,1785153450033692000,1785153450033692000,1785153450033692000,121932490,121652369,-132.121,0.000,0.000,1.000,3.000,0.000,0.000,30.000,0,0,0
B3_zmq_pushpull,zmq_tcp,none,none,,1,13574,512,584,1785153450034546000,1785153450034546000,1785153450034546000,1785153450034547000,1785153450034704000,1785153450034706000,1785153450034706000,1785153450034706000,121932490,121652369,-123.121,0.000,0.000,1.000,2.000,0.000,0.000,9.000,0,0,0
B3_zmq_pushpull,zmq_tcp,none,none,,1,13575,512,584,1785153450035410000,1785153450035410000,1785153450035410000,1785153450035411000,1785153450035565000,1785153450035568000,1785153450035568000,1785153450035568000,121932490,121652369,-126.121,0.000,0.000,1.000,3.000,0.000,0.000,3.000,0,0,0
B3_zmq_pushpull,zmq_tcp,none,none,,1,13576,512,584,1785153450036415000,1785153450036415000,1785153450036415000,1785153450036416000,1785153450036560000,1785153450036562000,1785153450036562000,1785153450036562000,121932490,121652369,-136.121,0.000,0.000,1.000,2.000,0.000,0.000,10.000,0,0,0
B3_zmq_pushpull,zmq_tcp,none,none,,1,13577,512,584,1785153450037402000,1785153450037402000,1785153450037402000,1785153450037403000,1785153450037546000,1785153450037549000,1785153450037549000,1785153450037549000,121932490,121652369,-137.121,0.000,0.000,1.000,3.000,0.000,0.000,1.000,0,0,0
B3_zmq_pushpull,zmq_tcp,none,none,,1,13578,512,584,1785153450038582000,1785153450038582000,1785153450038582000,1785153450038583000,1785153450038672000,1785153450038674000,1785153450038674000,1785153450038674000,121932490,121652369,-191.121,0.000,0.000,1.000,2.000,0.000,0.000,54.000,0,0,0
B3_zmq_pushpull,zmq_tcp,none,none,,1,13579,512,584,1785153450039533000,1785153450039533000,1785153450039533000,1785153450039534000,1785153450039672000,1785153450039674000,1785153450039674000,1785153450039674000,121932490,121652369,-142.121,0.000,0.000,1.000,2.000,0.000,0.000,49.000,0,0,0
B3_zmq_pushpull,zmq_tcp,none,none,,1,13580,512,584,1785153450040549000,1785153450040549000,1785153450040549000,1785153450040550000,1785153450040683000,1785153450040686000,1785153450040686000,1785153450040686000,121932490,121652369,-147.121,0.000,0.000,1.000,3.000,0.000,0.000,5.000,0,0,0
B3_zmq_pushpull,zmq_tcp,none,none,,1,13581,512,584,1785153450041546000,1785153450041546000,1785153450041546000,1785153450041547000,1785153450041704000,1785153450041706000,1785153450041706000,1785153450041706000,121932490,121652369,-123.121,0.000,0.000,1.000,2.000,0.000,0.000,24.000,0,0,0
B3_zmq_pushpull,zmq_tcp,none,none,,1,13582,512,584,1785153450042546000,1785153450042546000,1785153450042546000,1785153450042547000,1785153450042702000,1785153450042705000,1785153450042705000,1785153450042705000,121932490,121652369,-125.121,0.000,0.000,1.000,3.000,0.000,0.000,2.000,0,0,0
B3_zmq_pushpull,zmq_tcp,none,none,,1,13583,512,584,1785153450043542000,1785153450043543000,1785153450043543000,1785153450043544000,1785153450043701000,1785153450043704000,1785153450043704000,1785153450043704000,121932490,121652369,-123.121,1.000,0.000,1.000,3.000,0.000,0.000,2.000,0,0,0
B3_zmq_pushpull,zmq_tcp,none,none,,1,13584,512,584,1785153450044547000,1785153450044547000,1785153450044547000,1785153450044548000,1785153450044696000,1785153450044698000,1785153450044698000,1785153450044698000,121932490,121652369,-132.121,0.000,0.000,1.000,2.000,0.000,0.000,9.000,0,0,0
B3_zmq_pushpull,zmq_tcp,none,none,,1,13585,512,584,1785153450045550000,1785153450045551000,1785153450045551000,1785153450045552000,1785153450045708000,1785153450045711000,1785153450045711000,1785153450045711000,121932490,121652369,-124.121,1.000,0.000,1.000,3.000,0.000,0.000,8.000,0,0,0
B3_zmq_pushpull,zmq_tcp,none,none,,1,13586,512,584,1785153450046542000,1785153450046542000,1785153450046542000,1785153450046543000,1785153450046688000,1785153450046690000,1785153450046690000,1785153450046690000,121932490,121652369,-135.121,0.000,0.000,1.000,2.000,0.000,0.000,11.000,0,0,0
B3_zmq_pushpull,zmq_tcp,none,none,,1,13587,512,584,1785153450047549000,1785153450047550000,1785153450047550000,1785153450047551000,1785153450047696000,1785153450047698000,1785153450047698000,1785153450047698000,121932490,121652369,-135.121,1.000,0.000,1.000,2.000,0.000,0.000,0.000,0,0,0
B3_zmq_pushpull,zmq_tcp,none,none,,1,13588,512,584,1785153450048544000,1785153450048544000,1785153450048544000,1785153450048545000,1785153450048700000,1785153450048702000,1785153450048702000,1785153450048702000,121932490,121652369,-125.121,0.000,0.000,1.000,2.000,0.000,0.000,10.000,0,0,0
B3_zmq_pushpull,zmq_tcp,none,none,,1,13589,512,584,1785153450049546000,1785153450049546000,1785153450049546000,1785153450049547000,1785153450049708000,1785153450049711000,1785153450049711000,1785153450049711000,121932490,121652369,-119.121,0.000,0.000,1.000,3.000,0.000,0.000,6.000,0,0,0
B3_zmq_pushpull,zmq_tcp,none,none,,1,13590,512,584,1785153450050543000,1785153450050543000,1785153450050543000,1785153450050544000,1785153450050704000,1785153450050708000,1785153450050708000,1785153450050708000,121932490,121652369,-120.121,0.000,0.000,1.000,4.000,0.000,0.000,1.000,0,0,0
B3_zmq_pushpull,zmq_tcp,none,none,,1,13591,512,584,1785153450051405000,1785153450051405000,1785153450051405000,1785153450051406000,1785153450051558000,1785153450051561000,1785153450051561000,1785153450051561000,121932490,121652369,-128.121,0.000,0.000,1.000,3.000,0.000,0.000,8.000,0,0,0
B3_zmq_pushpull,zmq_tcp,none,none,,1,13592,512,584,1785153450052416000,1785153450052417000,1785153450052417000,1785153450052418000,1785153450052576000,1785153450052578000,1785153450052578000,1785153450052578000,121932490,121652369,-122.121,1.000,0.000,1.000,2.000,0.000,0.000,6.000,0,0,0
B3_zmq_pushpull,zmq_tcp,none,none,,1,13593,512,584,1785153450053580000,1785153450053580000,1785153450053580000,1785153450053581000,1785153450053730000,1785153450053733000,1785153450053733000,1785153450053733000,121932490,121652369,-131.121,0.000,0.000,1.000,3.000,0.000,0.000,9.000,0,0,0
B3_zmq_pushpull,zmq_tcp,none,none,,1,13594,512,584,1785153450054536000,1785153450054536000,1785153450054536000,1785153450054537000,1785153450054724000,1785153450054726000,1785153450054726000,1785153450054726000,121932490,121652369,-93.121,0.000,0.000,1.000,2.000,0.000,0.000,38.000,0,0,0
B3_zmq_pushpull,zmq_tcp,none,none,,1,13595,512,584,1785153450055551000,1785153450055551000,1785153450055551000,1785153450055552000,1785153450055736000,1785153450055739000,1785153450055739000,1785153450055739000,121932490,121652369,-96.121,0.000,0.000,1.000,3.000,0.000,0.000,3.000,0,0,0
B3_zmq_pushpull,zmq_tcp,none,none,,1,13596,512,584,1785153450056429000,1785153450056429000,1785153450056429000,1785153450056430000,1785153450056573000,1785153450056576000,1785153450056576000,1785153450056576000,121932490,121652369,-137.121,0.000,0.000,1.000,3.000,0.000,0.000,41.000,0,0,0
B3_zmq_pushpull,zmq_tcp,none,none,,1,13597,512,584,1785153450057575000,1785153450057575000,1785153450057575000,1785153450057576000,1785153450057721000,1785153450057724000,1785153450057724000,1785153450057724000,121932490,121652369,-135.121,0.000,0.000,1.000,3.000,0.000,0.000,2.000,0,0,0
B3_zmq_pushpull,zmq_tcp,none,none,,1,13598,512,584,1785153450058535000,1785153450058535000,1785153450058535000,1785153450058536000,1785153450058584000,1785153450058587000,1785153450058587000,1785153450058587000,121932490,121652369,-232.121,0.000,0.000,1.000,3.000,0.000,0.000,97.000,0,0,0
B3_zmq_pushpull,zmq_tcp,none,none,,1,13599,512,584,1785153450059548000,1785153450059548000,1785153450059548000,1785153450059549000,1785153450059584000,1785153450059587000,1785153450059587000,1785153450059587000,121932490,121652369,-245.121,0.000,0.000,1.000,3.000,0.000,0.000,13.000,0,0,0
B3_zmq_pushpull,zmq_tcp,none,none,,1,13600,512,584,1785153450060426000,1785153450060426000,1785153450060426000,1785153450060427000,1785153450060583000,1785153450060585000,1785153450060585000,1785153450060585000,121932490,121652369,-124.121,0.000,0.000,1.000,2.000,0.000,0.000,121.000,0,0,0
B3_zmq_pushpull,zmq_tcp,none,none,,1,13601,512,584,1785153450061422000,1785153450061422000,1785153450061422000,1785153450061423000,1785153450061584000,1785153450061586000,1785153450061587000,1785153450061587000,121932490,121652369,-119.121,0.000,0.000,1.000,2.000,1.000,0.000,5.000,0,0,0
B3_zmq_pushpull,zmq_tcp,none,none,,1,13602,512,584,1785153450062577000,1785153450062577000,1785153450062577000,1785153450062578000,1785153450062729000,1785153450062732000,1785153450062732000,1785153450062732000,121932490,121652369,-129.121,0.000,0.000,1.000,3.000,0.000,0.000,10.000,0,0,0
B3_zmq_pushpull,zmq_tcp,none,none,,1,13603,512,584,1785153450063538000,1785153450063538000,1785153450063538000,1785153450063539000,1785153450063582000,1785153450063586000,1785153450063586000,1785153450063586000,121932490,121652369,-237.121,0.000,0.000,1.000,4.000,0.000,0.000,108.000,0,0,0
B3_zmq_pushpull,zmq_tcp,none,none,,1,13604,512,584,1785153450064549000,1785153450064549000,1785153450064549000,1785153450064550000,1785153450064696000,1785153450064699000,1785153450064699000,1785153450064699000,121932490,121652369,-134.121,0.000,0.000,1.000,3.000,0.000,0.000,103.000,0,0,0
B3_zmq_pushpull,zmq_tcp,none,none,,1,13605,512,584,1785153450065542000,1785153450065542000,1785153450065542000,1785153450065543000,1785153450065700000,1785153450065702000,1785153450065702000,1785153450065702000,121932490,121652369,-123.121,0.000,0.000,1.000,2.000,0.000,0.000,11.000,0,0,0
B3_zmq_pushpull,zmq_tcp,none,none,,1,13606,512,584,1785153450066548000,1785153450066548000,1785153450066548000,1785153450066549000,1785153450066697000,1785153450066700000,1785153450066700000,1785153450066700000,121932490,121652369,-132.121,0.000,0.000,1.000,3.000,0.000,0.000,9.000,0,0,0
B3_zmq_pushpull,zmq_tcp,none,none,,1,13607,512,584,1785153450067546000,1785153450067546000,1785153450067546000,1785153450067547000,1785153450067689000,1785153450067691000,1785153450067691000,1785153450067691000,121932490,121652369,-138.121,0.000,0.000,1.000,2.000,0.000,0.000,6.000,0,0,0
B3_zmq_pushpull,zmq_tcp,none,none,,1,13608,512,584,1785153450068547000,1785153450068547000,1785153450068547000,1785153450068548000,1785153450068707000,1785153450068710000,1785153450068710000,1785153450068710000,121932490,121652369,-121.121,0.000,0.000,1.000,3.000,0.000,0.000,17.000,0,0,0
B3_zmq_pushpull,zmq_tcp,none,none,,1,13609,512,584,1785153450069542000,1785153450069542000,1785153450069542000,1785153450069543000,1785153450069713000,1785153450069716000,1785153450069716000,1785153450069716000,121932490,121652369,-110.121,0.000,0.000,1.000,3.000,0.000,0.000,11.000,0,0,0
B3_zmq_pushpull,zmq_tcp,none,none,,1,13610,512,584,1785153450070547000,1785153450070547000,1785153450070547000,1785153450070548000,1785153450070720000,1785153450070723000,1785153450070723000,1785153450070723000,121932490,121652369,-108.121,0.000,0.000,1.000,3.000,0.000,0.000,2.000,0,0,0
B3_zmq_pushpull,zmq_tcp,none,none,,1,13611,512,584,1785153450071546000,1785153450071546000,1785153450071546000,1785153450071547000,1785153450071709000,1785153450071712000,1785153450071712000,1785153450071712000,121932490,121652369,-118.121,0.000,0.000,1.000,3.000,0.000,0.000,10.000,0,0,0
B3_zmq_pushpull,zmq_tcp,none,none,,1,13612,512,584,1785153450072546000,1785153450072546000,1785153450072546000,1785153450072547000,1785153450072716000,1785153450072719000,1785153450072719000,1785153450072719000,121932490,121652369,-111.121,0.000,0.000,1.000,3.000,0.000,0.000,7.000,0,0,0
B3_zmq_pushpull,zmq_tcp,none,none,,1,13613,512,584,1785153450073547000,1785153450073547000,1785153450073547000,1785153450073548000,1785153450073713000,1785153450073716000,1785153450073716000,1785153450073716000,121932490,121652369,-115.121,0.000,0.000,1.000,3.000,0.000,0.000,4.000,0,0,0
B3_zmq_pushpull,zmq_tcp,none,none,,1,13614,512,584,1785153450074545000,1785153450074545000,1785153450074545000,1785153450074546000,1785153450074704000,1785153450074707000,1785153450074707000,1785153450074707000,121932490,121652369,-122.121,0.000,0.000,1.000,3.000,0.000,0.000,7.000,0,0,0
B3_zmq_pushpull,zmq_tcp,none,none,,1,13615,512,584,1785153450075407000,1785153450075408000,1785153450075408000,1785153450075409000,1785153450075556000,1785153450075559000,1785153450075559000,1785153450075559000,121932490,121652369,-133.121,1.000,0.000,1.000,3.000,0.000,0.000,11.000,0,0,0
B3_zmq_pushpull,zmq_tcp,none,none,,1,13616,512,584,1785153450076406000,1785153450076406000,1785153450076406000,1785153450076407000,1785153450076555000,1785153450076557000,1785153450076557000,1785153450076557000,121932490,121652369,-132.121,0.000,0.000,1.000,2.000,0.000,0.000,1.000,0,0,0
B3_zmq_pushpull,zmq_tcp,none,none,,1,13617,512,584,1785153450077577000,1785153450077578000,1785153450077578000,1785153450077579000,1785153450077695000,1785153450077697000,1785153450077697000,1785153450077697000,121932490,121652369,-164.121,1.000,0.000,1.000,2.000,0.000,0.000,32.000,0,0,0
B3_zmq_pushpull,zmq_tcp,none,none,,1,13618,512,584,1785153450078538000,1785153450078538000,1785153450078538000,1785153450078539000,1785153450078691000,1785153450078693000,1785153450078693000,1785153450078693000,121932490,121652369,-128.121,0.000,0.000,1.000,2.000,0.000,0.000,36.000,0,0,0
B3_zmq_pushpull,zmq_tcp,none,none,,1,13619,512,584,1785153450079548000,1785153450079548000,1785153450079548000,1785153450079549000,1785153450079686000,1785153450079689000,1785153450079689000,1785153450079689000,121932490,121652369,-143.121,0.000,0.000,1.000,3.000,0.000,0.000,15.000,0,0,0
B3_zmq_pushpull,zmq_tcp,none,none,,1,13620,512,584,1785153450080542000,1785153450080542000,1785153450080542000,1785153450080543000,1785153450080696000,1785153450080699000,1785153450080699000,1785153450080699000,121932490,121652369,-127.121,0.000,0.000,1.000,3.000,0.000,0.000,16.000,0,0,0
B3_zmq_pushpull,zmq_tcp,none,none,,1,13621,512,584,1785153450081547000,1785153450081547000,1785153450081547000,1785153450081548000,1785153450081709000,1785153450081712000,1785153450081712000,1785153450081712000,121932490,121652369,-119.121,0.000,0.000,1.000,3.000,0.000,0.000,8.000,0,0,0
B3_zmq_pushpull,zmq_tcp,none,none,,1,13622,512,584,1785153450082409000,1785153450082409000,1785153450082409000,1785153450082410000,1785153450082567000,1785153450082569000,1785153450082569000,1785153450082569000,121932490,121652369,-123.121,0.000,0.000,1.000,2.000,0.000,0.000,4.000,0,0,0
B3_zmq_pushpull,zmq_tcp,none,none,,1,13623,512,584,1785153450083408000,1785153450083408000,1785153450083408000,1785153450083409000,1785153450083571000,1785153450083573000,1785153450083573000,1785153450083573000,121932490,121652369,-118.121,0.000,0.000,1.000,2.000,0.000,0.000,5.000,0,0,0
B3_zmq_pushpull,zmq_tcp,none,none,,1,13624,512,584,1785153450084425000,1785153450084426000,1785153450084426000,1785153450084427000,1785153450084581000,1785153450084584000,1785153450084584000,1785153450084584000,121932490,121652369,-126.121,1.000,0.000,1.000,3.000,0.000,0.000,8.000,0,0,0
B3_zmq_pushpull,zmq_tcp,none,none,,1,13625,512,584,1785153450085576000,1785153450085576000,1785153450085576000,1785153450085577000,1785153450085719000,1785153450085721000,1785153450085721000,1785153450085721000,121932490,121652369,-138.121,0.000,0.000,1.000,2.000,0.000,0.000,12.000,0,0,0
B3_zmq_pushpull,zmq_tcp,none,none,,1,13626,512,584,1785153450086538000,1785153450086538000,1785153450086538000,1785153450086539000,1785153450086705000,1785153450086708000,1785153450086708000,1785153450086708000,121932490,121652369,-114.121,0.000,0.000,1.000,3.000,0.000,0.000,24.000,0,0,0
B3_zmq_pushpull,zmq_tcp,none,none,,1,13627,512,584,1785153450087545000,1785153450087545000,1785153450087545000,1785153450087546000,1785153450087588000,1785153450087591000,1785153450087591000,1785153450087591000,121932490,121652369,-238.121,0.000,0.000,1.000,3.000,0.000,0.000,124.000,0,0,0
B3_zmq_pushpull,zmq_tcp,none,none,,1,13628,512,584,1785153450088547000,1785153450088547000,1785153450088547000,1785153450088548000,1785153450088599000,1785153450088601000,1785153450088601000,1785153450088601000,121932490,121652369,-229.121,0.000,0.000,1.000,2.000,0.000,0.000,9.000,0,0,0
B3_zmq_pushpull,zmq_tcp,none,none,,1,13629,512,584,1785153450089547000,1785153450089547000,1785153450089547000,1785153450089548000,1785153450089744000,1785153450089747000,1785153450089747000,1785153450089747000,121932490,121652369,-84.121,0.000,0.000,1.000,3.000,0.000,0.000,145.000,0,0,0
B3_zmq_pushpull,zmq_tcp,none,none,,1,13630,512,584,1785153450090436000,1785153450090436000,1785153450090436000,1785153450090437000,1785153450090580000,1785153450090583000,1785153450090583000,1785153450090583000,121932490,121652369,-137.121,0.000,0.000,1.000,3.000,0.000,0.000,53.000,0,0,0
B3_zmq_pushpull,zmq_tcp,none,none,,1,13631,512,584,1785153450091573000,1785153450091574000,1785153450091574000,1785153450091575000,1785153450091708000,1785153450091711000,1785153450091711000,1785153450091711000,121932490,121652369,-147.121,1.000,0.000,1.000,3.000,0.000,0.000,10.000,0,0,0
B3_zmq_pushpull,zmq_tcp,none,none,,1,13632,512,584,1785153450092539000,1785153450092539000,1785153450092539000,1785153450092540000,1785153450092581000,1785153450092584000,1785153450092584000,1785153450092585000,121932490,121652369,-239.121,0.000,0.000,1.000,3.000,0.000,1.000,92.000,0,0,0
B3_zmq_pushpull,zmq_tcp,none,none,,1,13633,512,584,1785153450093547000,1785153450093547000,1785153450093547000,1785153450093548000,1785153450093721000,1785153450093723000,1785153450093723000,1785153450093723000,121932490,121652369,-107.121,0.000,0.000,1.000,2.000,0.000,0.000,132.000,0,0,0
B3_zmq_pushpull,zmq_tcp,none,none,,1,13634,512,584,1785153450094547000,1785153450094547000,1785153450094547000,1785153450094548000,1785153450094723000,1785153450094725000,1785153450094725000,1785153450094725000,121932490,121652369,-105.121,0.000,0.000,1.000,2.000,0.000,0.000,2.000,0,0,0
B3_zmq_pushpull,zmq_tcp,none,none,,1,13635,512,584,1785153450095433000,1785153450095433000,1785153450095433000,1785153450095434000,1785153450095579000,1785153450095582000,1785153450095582000,1785153450095582000,121932490,121652369,-135.121,0.000,0.000,1.000,3.000,0.000,0.000,30.000,0,0,0
B3_zmq_pushpull,zmq_tcp,none,none,,1,13636,512,584,1785153450096427000,1785153450096427000,1785153450096427000,1785153450096428000,1785153450096575000,1785153450096577000,1785153450096577000,1785153450096577000,121932490,121652369,-133.121,0.000,0.000,1.000,2.000,0.000,0.000,2.000,0,0,0
B3_zmq_pushpull,zmq_tcp,none,none,,1,13637,512,584,1785153450097578000,1785153450097578000,1785153450097578000,1785153450097579000,1785153450097695000,1785153450097698000,1785153450097698000,1785153450097698000,121932490,121652369,-164.121,0.000,0.000,1.000,3.000,0.000,0.000,31.000,0,0,0
B3_zmq_pushpull,zmq_tcp,none,none,,1,13638,512,584,1785153450098405000,1785153450098405000,1785153450098405000,1785153450098406000,1785153450098563000,1785153450098565000,1785153450098565000,1785153450098565000,121932490,121652369,-123.121,0.000,0.000,1.000,2.000,0.000,0.000,41.000,0,0,0
B3_zmq_pushpull,zmq_tcp,none,none,,1,13639,512,584,1785153450099581000,1785153450099581000,1785153450099581000,1785153450099582000,1785153450099703000,1785153450099706000,1785153450099706000,1785153450099706000,121932490,121652369,-159.121,0.000,0.000,1.000,3.000,0.000,0.000,36.000,0,0,0
B3_zmq_pushpull,zmq_tcp,none,none,,1,13640,512,584,1785153450100537000,1785153450100537000,1785153450100537000,1785153450100538000,1785153450100696000,1785153450100699000,1785153450100699000,1785153450100699000,121932490,121652369,-122.121,0.000,0.000,1.000,3.000,0.000,0.000,37.000,0,0,0
B3_zmq_pushpull,zmq_tcp,none,none,,1,13641,512,584,1785153450101549000,1785153450101549000,1785153450101549000,1785153450101550000,1785153450101708000,1785153450101711000,1785153450101711000,1785153450101711000,121932490,121652369,-122.121,0.000,0.000,1.000,3.000,0.000,0.000,0.000,0,0,0
B3_zmq_pushpull,zmq_tcp,none,none,,1,13642,512,584,1785153450102541000,1785153450102541000,1785153450102542000,1785153450102542000,1785153450102701000,1785153450102704000,1785153450102704000,1785153450102704000,121932490,121652369,-121.121,0.000,1.000,0.000,3.000,0.000,0.000,1.000,0,0,0
B3_zmq_pushpull,zmq_tcp,none,none,,1,13643,512,584,1785153450103409000,1785153450103409000,1785153450103409000,1785153450103410000,1785153450103567000,1785153450103570000,1785153450103570000,1785153450103570000,121932490,121652369,-123.121,0.000,0.000,1.000,3.000,0.000,0.000,2.000,0,0,0
B3_zmq_pushpull,zmq_tcp,none,none,,1,13644,512,584,1785153450104582000,1785153450104582000,1785153450104582000,1785153450104583000,1785153450104702000,1785153450104704000,1785153450104704000,1785153450104704000,121932490,121652369,-161.121,0.000,0.000,1.000,2.000,0.000,0.000,38.000,0,0,0
B3_zmq_pushpull,zmq_tcp,none,none,,1,13645,512,584,1785153450105537000,1785153450105537000,1785153450105537000,1785153450105538000,1785153450105570000,1785153450105573000,1785153450105573000,1785153450105573000,121932490,121652369,-248.121,0.000,0.000,1.000,3.000,0.000,0.000,87.000,0,0,0
B3_zmq_pushpull,zmq_tcp,none,none,,1,13646,512,584,1785153450106549000,1785153450106549000,1785153450106549000,1785153450106550000,1785153450106707000,1785153450106709000,1785153450106709000,1785153450106709000,121932490,121652369,-123.121,0.000,0.000,1.000,2.000,0.000,0.000,125.000,0,0,0
B3_zmq_pushpull,zmq_tcp,none,none,,1,13647,512,584,1785153450107544000,1785153450107545000,1785153450107545000,1785153450107546000,1785153450107707000,1785153450107709000,1785153450107710000,1785153450107710000,121932490,121652369,-119.121,1.000,0.000,1.000,2.000,1.000,0.000,4.000,0,0,0
B3_zmq_pushpull,zmq_tcp,none,none,,1,13648,512,584,1785153450108547000,1785153450108548000,1785153450108548000,1785153450108549000,1785153450108732000,1785153450108735000,1785153450108735000,1785153450108735000,121932490,121652369,-97.121,1.000,0.000,1.000,3.000,0.000,0.000,22.000,0,0,0
B3_zmq_pushpull,zmq_tcp,none,none,,1,13649,512,584,1785153450109550000,1785153450109550000,1785153450109550000,1785153450109551000,1785153450109725000,1785153450109728000,1785153450109728000,1785153450109728000,121932490,121652369,-106.121,0.000,0.000,1.000,3.000,0.000,0.000,9.000,0,0,0
B3_zmq_pushpull,zmq_tcp,none,none,,1,13650,512,584,1785153450110545000,1785153450110545000,1785153450110545000,1785153450110546000,1785153450110719000,1785153450110721000,1785153450110721000,1785153450110721000,121932490,121652369,-107.121,0.000,0.000,1.000,2.000,0.000,0.000,1.000,0,0,0
B3_zmq_pushpull,zmq_tcp,none,none,,1,13651,512,584,1785153450111550000,1785153450111550000,1785153450111550000,1785153450111551000,1785153450111726000,1785153450111729000,1785153450111729000,1785153450111729000,121932490,121652369,-105.121,0.000,0.000,1.000,3.000,0.000,0.000,2.000,0,0,0
B3_zmq_pushpull,zmq_tcp,none,none,,1,13652,512,584,1785153450112539000,1785153450112540000,1785153450112540000,1785153450112541000,1785153450112714000,1785153450112717000,1785153450112717000,1785153450112717000,121932490,121652369,-107.121,1.000,0.000,1.000,3.000,0.000,0.000,2.000,0,0,0
B3_zmq_pushpull,zmq_tcp,none,none,,1,13653,512,584,1785153450113550000,1785153450113550000,1785153450113551000,1785153450113552000,1785153450113727000,1785153450113730000,1785153450113730000,1785153450113730000,121932490,121652369,-105.121,0.000,1.000,1.000,3.000,0.000,0.000,2.000,0,0,0
B3_zmq_pushpull,zmq_tcp,none,none,,1,13654,512,584,1785153450114545000,1785153450114545000,1785153450114545000,1785153450114546000,1785153450114727000,1785153450114730000,1785153450114730000,1785153450114730000,121932490,121652369,-99.121,0.000,0.000,1.000,3.000,0.000,0.000,6.000,0,0,0
B3_zmq_pushpull,zmq_tcp,none,none,,1,13655,512,584,1785153450115547000,1785153450115547000,1785153450115547000,1785153450115548000,1785153450115746000,1785153450115749000,1785153450115749000,1785153450115749000,121932490,121652369,-82.121,0.000,0.000,1.000,3.000,0.000,0.000,17.000,0,0,0
B3_zmq_pushpull,zmq_tcp,none,none,,1,13656,512,584,1785153450116545000,1785153450116545000,1785153450116545000,1785153450116546000,1785153450116610000,1785153450116612000,1785153450116612000,1785153450116612000,121932490,121652369,-216.121,0.000,0.000,1.000,2.000,0.000,0.000,134.000,0,0,0
B3_zmq_pushpull,zmq_tcp,none,none,,1,13657,512,584,1785153450117549000,1785153450117549000,1785153450117549000,1785153450117550000,1785153450117626000,1785153450117629000,1785153450117629000,1785153450117629000,121932490,121652369,-204.121,0.000,0.000,1.000,3.000,0.000,0.000,12.000,0,0,0
B3_zmq_pushpull,zmq_tcp,none,none,,1,13658,512,584,1785153450118551000,1785153450118551000,1785153450118551000,1785153450118552000,1785153450118744000,1785153450118747000,1785153450118747000,1785153450118747000,121932490,121652369,-88.121,0.000,0.000,1.000,3.000,0.000,0.000,116.000,0,0,0
B3_zmq_pushpull,zmq_tcp,none,none,,1,13659,512,584,1785153450119543000,1785153450119543000,1785153450119543000,1785153450119544000,1785153450119599000,1785153450119603000,1785153450119603000,1785153450119603000,121932490,121652369,-225.121,0.000,0.000,1.000,4.000,0.000,0.000,137.000,0,0,0
B3_zmq_pushpull,zmq_tcp,none,none,,1,13660,512,584,1785153450120547000,1785153450120548000,1785153450120548000,1785153450120549000,1785153450120592000,1785153450120596000,1785153450120596000,1785153450120596000,121932490,121652369,-237.121,1.000,0.000,1.000,4.000,0.000,0.000,12.000,0,0,0
B3_zmq_pushpull,zmq_tcp,none,none,,1,13661,512,584,1785153450121546000,1785153450121546000,1785153450121546000,1785153450121547000,1785153450121592000,1785153450121595000,1785153450121596000,1785153450121596000,121932490,121652369,-235.121,0.000,0.000,1.000,3.000,1.000,0.000,2.000,0,0,0
B3_zmq_pushpull,zmq_tcp,none,none,,1,13662,512,584,1785153450122546000,1785153450122546000,1785153450122546000,1785153450122547000,1785153450122738000,1785153450122740000,1785153450122740000,1785153450122740000,121932490,121652369,-89.121,0.000,0.000,1.000,2.000,0.000,0.000,146.000,0,0,0
B3_zmq_pushpull,zmq_tcp,none,none,,1,13663,512,584,1785153450123543000,1785153450123544000,1785153450123544000,1785153450123545000,1785153450123596000,1785153450123599000,1785153450123599000,1785153450123599000,121932490,121652369,-229.121,1.000,0.000,1.000,3.000,0.000,0.000,140.000,0,0,0
B3_zmq_pushpull,zmq_tcp,none,none,,1,13664,512,584,1785153450124548000,1785153450124548000,1785153450124548000,1785153450124549000,1785153450124598000,1785153450124601000,1785153450124601000,1785153450124601000,121932490,121652369,-231.121,0.000,0.000,1.000,3.000,0.000,0.000,2.000,0,0,0
B3_zmq_pushpull,zmq_tcp,none,none,,1,13665,512,584,1785153450125547000,1785153450125547000,1785153450125547000,1785153450125548000,1785153450125604000,1785153450125608000,1785153450125608000,1785153450125608000,121932490,121652369,-224.121,0.000,0.000,1.000,4.000,0.000,0.000,7.000,0,0,0
B3_zmq_pushpull,zmq_tcp,none,none,,1,13666,512,584,1785153450126543000,1785153450126544000,1785153450126544000,1785153450126545000,1785153450126589000,1785153450126593000,1785153450126593000,1785153450126593000,121932490,121652369,-236.121,1.000,0.000,1.000,4.000,0.000,0.000,12.000,0,0,0
B3_zmq_pushpull,zmq_tcp,none,none,,1,13667,512,584,1785153450127548000,1785153450127548000,1785153450127548000,1785153450127549000,1785153450127593000,1785153450127597000,1785153450127597000,1785153450127597000,121932490,121652369,-236.121,0.000,0.000,1.000,4.000,0.000,0.000,0.000,0,0,0
B3_zmq_pushpull,zmq_tcp,none,none,,1,13668,512,584,1785153450128546000,1785153450128546000,1785153450128546000,1785153450128547000,1785153450128595000,1785153450128598000,1785153450128598000,1785153450128598000,121932490,121652369,-232.121,0.000,0.000,1.000,3.000,0.000,0.000,4.000,0,0,0
B3_zmq_pushpull,zmq_tcp,none,none,,1,13669,512,584,1785153450129434000,1785153450129434000,1785153450129434000,1785153450129435000,1785153450129598000,1785153450129601000,1785153450129601000,1785153450129601000,121932490,121652369,-117.121,0.000,0.000,1.000,3.000,0.000,0.000,115.000,0,0,0
B3_zmq_pushpull,zmq_tcp,none,none,,1,13670,512,584,1785153450130572000,1785153450130572000,1785153450130572000,1785153450130573000,1785153450130734000,1785153450130736000,1785153450130736000,1785153450130736000,121932490,121652369,-119.121,0.000,0.000,1.000,2.000,0.000,0.000,2.000,0,0,0
B3_zmq_pushpull,zmq_tcp,none,none,,1,13671,512,584,1785153450131442000,1785153450131443000,1785153450131443000,1785153450131444000,1785153450131594000,1785153450131596000,1785153450131596000,1785153450131596000,121932490,121652369,-130.121,1.000,0.000,1.000,2.000,0.000,0.000,11.000,0,0,0
B3_zmq_pushpull,zmq_tcp,none,none,,1,13672,512,584,1785153450132575000,1785153450132575000,1785153450132575000,1785153450132576000,1785153450132747000,1785153450132755000,1785153450132755000,1785153450132755000,121932490,121652369,-109.121,0.000,0.000,1.000,8.000,0.000,0.000,21.000,0,0,0
B3_zmq_pushpull,zmq_tcp,none,none,,1,13673,512,584,1785153450133535000,1785153450133536000,1785153450133536000,1785153450133537000,1785153450133620000,1785153450133623000,1785153450133623000,1785153450133623000,121932490,121652369,-197.121,1.000,0.000,1.000,3.000,0.000,0.000,88.000,0,0,0
B3_zmq_pushpull,zmq_tcp,none,none,,1,13674,512,584,1785153450134549000,1785153450134549000,1785153450134549000,1785153450134550000,1785153450134626000,1785153450134628000,1785153450134628000,1785153450134628000,121932490,121652369,-204.121,0.000,0.000,1.000,2.000,0.000,0.000,7.000,0,0,0
B3_zmq_pushpull,zmq_tcp,none,none,,1,13675,512,584,1785153450135545000,1785153450135546000,1785153450135546000,1785153450135547000,1785153450135638000,1785153450135640000,1785153450135641000,1785153450135641000,121932490,121652369,-189.121,1.000,0.000,1.000,2.000,1.000,0.000,15.000,0,0,0
B3_zmq_pushpull,zmq_tcp,none,none,,1,13676,512,584,1785153450136546000,1785153450136546000,1785153450136546000,1785153450136547000,1785153450136656000,1785153450136659000,1785153450136659000,1785153450136659000,121932490,121652369,-171.121,0.000,0.000,1.000,3.000,0.000,0.000,18.000,0,0,0
B3_zmq_pushpull,zmq_tcp,none,none,,1,13677,512,584,1785153450137549000,1785153450137549000,1785153450137549000,1785153450137550000,1785153450137659000,1785153450137662000,1785153450137662000,1785153450137662000,121932490,121652369,-171.121,0.000,0.000,1.000,3.000,0.000,0.000,0.000,0,0,0
B3_zmq_pushpull,zmq_tcp,none,none,,1,13678,512,584,1785153450138548000,1785153450138549000,1785153450138549000,1785153450138550000,1785153450138671000,1785153450138674000,1785153450138674000,1785153450138674000,121932490,121652369,-159.121,1.000,0.000,1.000,3.000,0.000,0.000,12.000,0,0,0
B3_zmq_pushpull,zmq_tcp,none,none,,1,13679,512,584,1785153450139546000,1785153450139546000,1785153450139546000,1785153450139547000,1785153450139684000,1785153450139687000,1785153450139687000,1785153450139687000,121932490,121652369,-143.121,0.000,0.000,1.000,3.000,0.000,0.000,16.000,0,0,0
B3_zmq_pushpull,zmq_tcp,none,none,,1,13680,512,584,1785153450140546000,1785153450140546000,1785153450140546000,1785153450140547000,1785153450140678000,1785153450140681000,1785153450140681000,1785153450140681000,121932490,121652369,-149.121,0.000,0.000,1.000,3.000,0.000,0.000,6.000,0,0,0
B3_zmq_pushpull,zmq_tcp,none,none,,1,13681,512,584,1785153450141543000,1785153450141543000,1785153450141544000,1785153450141544000,1785153450141670000,1785153450141672000,1785153450141672000,1785153450141672000,121932490,121652369,-154.121,0.000,1.000,0.000,2.000,0.000,0.000,5.000,0,0,0
B3_zmq_pushpull,zmq_tcp,none,none,,1,13682,512,584,1785153450142548000,1785153450142548000,1785153450142548000,1785153450142549000,1785153450142669000,1785153450142671000,1785153450142671000,1785153450142671000,121932490,121652369,-160.121,0.000,0.000,1.000,2.000,0.000,0.000,6.000,0,0,0
B3_zmq_pushpull,zmq_tcp,none,none,,1,13683,512,584,1785153450143547000,1785153450143547000,1785153450143547000,1785153450143548000,1785153450143696000,1785153450143699000,1785153450143699000,1785153450143699000,121932490,121652369,-132.121,0.000,0.000,1.000,3.000,0.000,0.000,28.000,0,0,0
B3_zmq_pushpull,zmq_tcp,none,none,,1,13684,512,584,1785153450144545000,1785153450144545000,1785153450144545000,1785153450144546000,1785153450144697000,1785153450144701000,1785153450144701000,1785153450144701000,121932490,121652369,-129.121,0.000,0.000,1.000,4.000,0.000,0.000,3.000,0,0,0
B3_zmq_pushpull,zmq_tcp,none,none,,1,13685,512,584,1785153450145545000,1785153450145545000,1785153450145545000,1785153450145546000,1785153450145707000,1785153450145710000,1785153450145710000,1785153450145710000,121932490,121652369,-119.121,0.000,0.000,1.000,3.000,0.000,0.000,10.000,0,0,0
B3_zmq_pushpull,zmq_tcp,none,none,,1,13686,512,584,1785153450146546000,1785153450146547000,1785153450146547000,1785153450146548000,1785153450146717000,1785153450146719000,1785153450146719000,1785153450146719000,121932490,121652369,-111.121,1.000,0.000,1.000,2.000,0.000,0.000,8.000,0,0,0
B3_zmq_pushpull,zmq_tcp,none,none,,1,13687,512,584,1785153450147546000,1785153450147547000,1785153450147547000,1785153450147548000,1785153450147730000,1785153450147732000,1785153450147732000,1785153450147733000,121932490,121652369,-98.121,1.000,0.000,1.000,2.000,0.000,1.000,13.000,0,0,0
B3_zmq_pushpull,zmq_tcp,none,none,,1,13688,512,584,1785153450148431000,1785153450148431000,1785153450148431000,1785153450148432000,1785153450148587000,1785153450148590000,1785153450148590000,1785153450148590000,121932490,121652369,-125.121,0.000,0.000,1.000,3.000,0.000,0.000,27.000,0,0,0
B3_zmq_pushpull,zmq_tcp,none,none,,1,13689,512,584,1785153450149576000,1785153450149576000,1785153450149576000,1785153450149577000,1785153450149736000,1785153450149739000,1785153450149739000,1785153450149739000,121932490,121652369,-121.121,0.000,0.000,1.000,3.000,0.000,0.000,4.000,0,0,0
B3_zmq_pushpull,zmq_tcp,none,none,,1,13690,512,584,1785153450150540000,1785153450150540000,1785153450150540000,1785153450150541000,1785153450150617000,1785153450150619000,1785153450150619000,1785153450150619000,121932490,121652369,-204.121,0.000,0.000,1.000,2.000,0.000,0.000,83.000,0,0,0
B3_zmq_pushpull,zmq_tcp,none,none,,1,13691,512,584,1785153450151552000,1785153450151552000,1785153450151552000,1785153450151553000,1785153450151762000,1785153450151765000,1785153450151765000,1785153450151765000,121932490,121652369,-71.121,0.000,0.000,1.000,3.000,0.000,0.000,133.000,0,0,0
B3_zmq_pushpull,zmq_tcp,none,none,,1,13692,512,584,1785153450152545000,1785153450152546000,1785153450152546000,1785153450152547000,1785153450152638000,1785153450152640000,1785153450152640000,1785153450152640000,121932490,121652369,-189.121,1.000,0.000,1.000,2.000,0.000,0.000,118.000,0,0,0
B3_zmq_pushpull,zmq_tcp,none,none,,1,13693,512,584,1785153450153550000,1785153450153550000,1785153450153550000,1785153450153551000,1785153450153645000,1785153450153648000,1785153450153648000,1785153450153648000,121932490,121652369,-186.121,0.000,0.000,1.000,3.000,0.000,0.000,3.000,0,0,0
B3_zmq_pushpull,zmq_tcp,none,none,,1,13694,512,584,1785153450154546000,1785153450154546000,1785153450154546000,1785153450154547000,1785153450154634000,1785153450154637000,1785153450154637000,1785153450154637000,121932490,121652369,-193.121,0.000,0.000,1.000,3.000,0.000,0.000,7.000,0,0,0
B3_zmq_pushpull,zmq_tcp,none,none,,1,13695,512,584,1785153450155547000,1785153450155547000,1785153450155547000,1785153450155548000,1785153450155650000,1785153450155653000,1785153450155653000,1785153450155653000,121932490,121652369,-178.121,0.000,0.000,1.000,3.000,0.000,0.000,15.000,0,0,0
B3_zmq_pushpull,zmq_tcp,none,none,,1,13696,512,584,1785153450156545000,1785153450156545000,1785153450156545000,1785153450156546000,1785153450156666000,1785153450156669000,1785153450156669000,1785153450156669000,121932490,121652369,-160.121,0.000,0.000,1.000,3.000,0.000,0.000,18.000,0,0,0
B3_zmq_pushpull,zmq_tcp,none,none,,1,13697,512,584,1785153450157548000,1785153450157549000,1785153450157549000,1785153450157550000,1785153450157680000,1785153450157683000,1785153450157683000,1785153450157683000,121932490,121652369,-150.121,1.000,0.000,1.000,3.000,0.000,0.000,10.000,0,0,0
B3_zmq_pushpull,zmq_tcp,none,none,,1,13698,512,584,1785153450158548000,1785153450158548000,1785153450158548000,1785153450158549000,1785153450158684000,1785153450158687000,1785153450158687000,1785153450158687000,121932490,121652369,-145.121,0.000,0.000,1.000,3.000,0.000,0.000,5.000,0,0,0
B3_zmq_pushpull,zmq_tcp,none,none,,1,13699,512,584,1785153450159546000,1785153450159546000,1785153450159546000,1785153450159547000,1785153450159698000,1785153450159700000,1785153450159701000,1785153450159701000,121932490,121652369,-129.121,0.000,0.000,1.000,2.000,1.000,0.000,16.000,0,0,0
B3_zmq_pushpull,zmq_tcp,none,none,,1,13700,512,584,1785153450160547000,1785153450160548000,1785153450160548000,1785153450160549000,1785153450160707000,1785153450160711000,1785153450160711000,1785153450160711000,121932490,121652369,-122.121,1.000,0.000,1.000,4.000,0.000,0.000,7.000,0,0,0
B3_zmq_pushpull,zmq_tcp,none,none,,1,13701,512,584,1785153450161546000,1785153450161547000,1785153450161547000,1785153450161548000,1785153450161707000,1785153450161710000,1785153450161710000,1785153450161710000,121932490,121652369,-121.121,1.000,0.000,1.000,3.000,0.000,0.000,1.000,0,0,0
B3_zmq_pushpull,zmq_tcp,none,none,,1,13702,512,584,1785153450162547000,1785153450162547000,1785153450162547000,1785153450162548000,1785153450162694000,1785153450162697000,1785153450162697000,1785153450162697000,121932490,121652369,-134.121,0.000,0.000,1.000,3.000,0.000,0.000,13.000,0,0,0
B3_zmq_pushpull,zmq_tcp,none,none,,1,13703,512,584,1785153450163544000,1785153450163544000,1785153450163545000,1785153450163545000,1785153450163718000,1785153450163721000,1785153450163721000,1785153450163721000,121932490,121652369,-107.121,0.000,1.000,0.000,3.000,0.000,0.000,27.000,0,0,0
B3_zmq_pushpull,zmq_tcp,none,none,,1,13704,512,584,1785153450164548000,1785153450164548000,1785153450164548000,1785153450164549000,1785153450164720000,1785153450164723000,1785153450164723000,1785153450164723000,121932490,121652369,-109.121,0.000,0.000,1.000,3.000,0.000,0.000,2.000,0,0,0
B3_zmq_pushpull,zmq_tcp,none,none,,1,13705,512,584,1785153450165547000,1785153450165547000,1785153450165547000,1785153450165548000,1785153450165739000,1785153450165742000,1785153450165742000,1785153450165742000,121932490,121652369,-89.121,0.000,0.000,1.000,3.000,0.000,0.000,20.000,0,0,0
B3_zmq_pushpull,zmq_tcp,none,none,,1,13706,512,584,1785153450166546000,1785153450166547000,1785153450166547000,1785153450166548000,1785153450166745000,1785153450166747000,1785153450166747000,1785153450166747000,121932490,121652369,-83.121,1.000,0.000,1.000,2.000,0.000,0.000,6.000,0,0,0
B3_zmq_pushpull,zmq_tcp,none,none,,1,13707,512,584,1785153450167543000,1785153450167543000,1785153450167543000,1785153450167544000,1785153450167608000,1785153450167610000,1785153450167610000,1785153450167610000,121932490,121652369,-216.121,0.000,0.000,1.000,2.000,0.000,0.000,133.000,0,0,0
B3_zmq_pushpull,zmq_tcp,none,none,,1,13708,512,584,1785153450168546000,1785153450168547000,1785153450168547000,1785153450168548000,1785153450168609000,1785153450168613000,1785153450168613000,1785153450168613000,121932490,121652369,-219.121,1.000,0.000,1.000,4.000,0.000,0.000,3.000,0,0,0
B3_zmq_pushpull,zmq_tcp,none,none,,1,13709,512,584,1785153450169545000,1785153450169545000,1785153450169545000,1785153450169546000,1785153450169589000,1785153450169592000,1785153450169592000,1785153450169592000,121932490,121652369,-237.121,0.000,0.000,1.000,3.000,0.000,0.000,18.000,0,0,0
B3_zmq_pushpull,zmq_tcp,none,none,,1,13710,512,584,1785153450170416000,1785153450170416000,1785153450170416000,1785153450170417000,1785153450170569000,1785153450170572000,1785153450170572000,1785153450170572000,121932490,121652369,-128.121,0.000,0.000,1.000,3.000,0.000,0.000,109.000,0,0,0
B3_zmq_pushpull,zmq_tcp,none,none,,1,13711,512,584,1785153450171406000,1785153450171406000,1785153450171406000,1785153450171407000,1785153450171566000,1785153450171569000,1785153450171569000,1785153450171569000,121932490,121652369,-121.121,0.000,0.000,1.000,3.000,0.000,0.000,7.000,0,0,0
B3_zmq_pushpull,zmq_tcp,none,none,,1,13712,512,584,1785153450172580000,1785153450172580000,1785153450172580000,1785153450172581000,1785153450172671000,1785153450172675000,1785153450172675000,1785153450172675000,121932490,121652369,-190.121,0.000,0.000,1.000,4.000,0.000,0.000,69.000,0,0,0
B3_zmq_pushpull,zmq_tcp,none,none,,1,13713,512,584,1785153450173375000,1785153450173375000,1785153450173375000,1785153450173376000,1785153450173526000,1785153450173529000,1785153450173529000,1785153450173529000,121932490,121652369,-130.121,0.000,0.000,1.000,3.000,0.000,0.000,60.000,0,0,0
B3_zmq_pushpull,zmq_tcp,none,none,,1,13714,512,584,1785153450174588000,1785153450174588000,1785153450174588000,1785153450174589000,1785153450174771000,1785153450174775000,1785153450174775000,1785153450174775000,121932490,121652369,-98.121,0.000,0.000,1.000,4.000,0.000,0.000,32.000,0,0,0
B3_zmq_pushpull,zmq_tcp,none,none,,1,13715,512,584,1785153450175537000,1785153450175537000,1785153450175537000,1785153450175538000,1785153450175631000,1785153450175634000,1785153450175634000,1785153450175634000,121932490,121652369,-187.121,0.000,0.000,1.000,3.000,0.000,0.000,89.000,0,0,0
B3_zmq_pushpull,zmq_tcp,none,none,,1,13716,512,584,1785153450176548000,1785153450176548000,1785153450176548000,1785153450176549000,1785153450176620000,1785153450176623000,1785153450176623000,1785153450176623000,121932490,121652369,-209.121,0.000,0.000,1.000,3.000,0.000,0.000,22.000,0,0,0
B3_zmq_pushpull,zmq_tcp,none,none,,1,13717,512,584,1785153450177547000,1785153450177547000,1785153450177547000,1785153450177548000,1785153450177614000,1785153450177617000,1785153450177617000,1785153450177617000,121932490,121652369,-214.121,0.000,0.000,1.000,3.000,0.000,0.000,5.000,0,0,0
B3_zmq_pushpull,zmq_tcp,none,none,,1,13718,512,584,1785153450178546000,1785153450178546000,1785153450178547000,1785153450178547000,1785153450178720000,1785153450178722000,1785153450178722000,1785153450178722000,121932490,121652369,-107.121,0.000,1.000,0.000,2.000,0.000,0.000,107.000,0,0,0
B3_zmq_pushpull,zmq_tcp,none,none,,1,13719,512,584,1785153450179545000,1785153450179545000,1785153450179545000,1785153450179546000,1785153450179725000,1785153450179727000,1785153450179727000,1785153450179727000,121932490,121652369,-101.121,0.000,0.000,1.000,2.000,0.000,0.000,6.000,0,0,0
B3_zmq_pushpull,zmq_tcp,none,none,,1,13720,512,584,1785153450180550000,1785153450180550000,1785153450180550000,1785153450180551000,1785153450180735000,1785153450180737000,1785153450180738000,1785153450180738000,121932490,121652369,-96.121,0.000,0.000,1.000,2.000,1.000,0.000,5.000,0,0,0
B3_zmq_pushpull,zmq_tcp,none,none,,1,13721,512,584,1785153450181448000,1785153450181448000,1785153450181448000,1785153450181449000,1785153450181603000,1785153450181607000,1785153450181607000,1785153450181607000,121932490,121652369,-126.121,0.000,0.000,1.000,4.000,0.000,0.000,30.000,0,0,0
B3_zmq_pushpull,zmq_tcp,none,none,,1,13722,512,584,1785153450182442000,1785153450182442000,1785153450182442000,1785153450182443000,1785153450182599000,1785153450182603000,1785153450182603000,1785153450182603000,121932490,121652369,-124.121,0.000,0.000,1.000,4.000,0.000,0.000,2.000,0,0,0
B3_zmq_pushpull,zmq_tcp,none,none,,1,13723,512,584,1785153450183451000,1785153450183451000,1785153450183451000,1785153450183452000,1785153450183607000,1785153450183610000,1785153450183610000,1785153450183610000,121932490,121652369,-125.121,0.000,0.000,1.000,3.000,0.000,0.000,1.000,0,0,0
B3_zmq_pushpull,zmq_tcp,none,none,,1,13724,512,584,1785153450184572000,1785153450184572000,1785153450184572000,1785153450184573000,1785153450184616000,1785153450184620000,1785153450184620000,1785153450184620000,121932490,121652369,-237.121,0.000,0.000,1.000,4.000,0.000,0.000,112.000,0,0,0
B3_zmq_pushpull,zmq_tcp,none,none,,1,13725,512,584,1785153450185540000,1785153450185540000,1785153450185540000,1785153450185541000,1785153450185629000,1785153450185632000,1785153450185632000,1785153450185632000,121932490,121652369,-192.121,0.000,0.000,1.000,3.000,0.000,0.000,45.000,0,0,0
B3_zmq_pushpull,zmq_tcp,none,none,,1,13726,512,584,1785153450186546000,1785153450186546000,1785153450186546000,1785153450186547000,1785153450186637000,1785153450186639000,1785153450186639000,1785153450186639000,121932490,121652369,-190.121,0.000,0.000,1.000,2.000,0.000,0.000,2.000,0,0,0
B3_zmq_pushpull,zmq_tcp,none,none,,1,13727,512,584,1785153450187547000,1785153450187547000,1785153450187547000,1785153450187548000,1785153450187638000,1785153450187641000,1785153450187641000,1785153450187641000,121932490,121652369,-190.121,0.000,0.000,1.000,3.000,0.000,0.000,0.000,0,0,0
B3_zmq_pushpull,zmq_tcp,none,none,,1,13728,512,584,1785153450188547000,1785153450188547000,1785153450188547000,1785153450188548000,1785153450188639000,1785153450188642000,1785153450188642000,1785153450188642000,121932490,121652369,-189.121,0.000,0.000,1.000,3.000,0.000,0.000,1.000,0,0,0
B3_zmq_pushpull,zmq_tcp,none,none,,1,13729,512,584,1785153450189545000,1785153450189545000,1785153450189545000,1785153450189546000,1785153450189640000,1785153450189643000,1785153450189643000,1785153450189643000,121932490,121652369,-186.121,0.000,0.000,1.000,3.000,0.000,0.000,3.000,0,0,0
B3_zmq_pushpull,zmq_tcp,none,none,,1,13730,512,584,1785153450190547000,1785153450190547000,1785153450190547000,1785153450190548000,1785153450190629000,1785153450190631000,1785153450190631000,1785153450190631000,121932490,121652369,-199.121,0.000,0.000,1.000,2.000,0.000,0.000,13.000,0,0,0
B3_zmq_pushpull,zmq_tcp,none,none,,1,13731,512,584,1785153450191546000,1785153450191546000,1785153450191546000,1785153450191547000,1785153450191649000,1785153450191651000,1785153450191651000,1785153450191651000,121932490,121652369,-178.121,0.000,0.000,1.000,2.000,0.000,0.000,21.000,0,0,0
B3_zmq_pushpull,zmq_tcp,none,none,,1,13732,512,584,1785153450192547000,1785153450192548000,1785153450192548000,1785153450192549000,1785153450192638000,1785153450192641000,1785153450192641000,1785153450192641000,121932490,121652369,-191.121,1.000,0.000,1.000,3.000,0.000,0.000,13.000,0,0,0
B3_zmq_pushpull,zmq_tcp,none,none,,1,13733,512,584,1785153450193545000,1785153450193545000,1785153450193545000,1785153450193546000,1785153450193662000,1785153450193665000,1785153450193665000,1785153450193665000,121932490,121652369,-164.121,0.000,0.000,1.000,3.000,0.000,0.000,27.000,0,0,0
B3_zmq_pushpull,zmq_tcp,none,none,,1,13734,512,584,1785153450194549000,1785153450194549000,1785153450194549000,1785153450194550000,1785153450194652000,1785153450194655000,1785153450194655000,1785153450194656000,121932490,121652369,-178.121,0.000,0.000,1.000,3.000,0.000,1.000,14.000,0,0,0
B3_zmq_pushpull,zmq_tcp,none,none,,1,13735,512,584,1785153450195363000,1785153450195363000,1785153450195363000,1785153450195364000,1785153450195525000,1785153450195528000,1785153450195528000,1785153450195528000,121932490,121652369,-119.121,0.000,0.000,1.000,3.000,0.000,0.000,59.000,0,0,0
B3_zmq_pushpull,zmq_tcp,none,none,,1,13736,512,584,1785153450196367000,1785153450196368000,1785153450196368000,1785153450196369000,1785153450196523000,1785153450196527000,1785153450196527000,1785153450196527000,121932490,121652369,-126.121,1.000,0.000,1.000,4.000,0.000,0.000,7.000,0,0,0
B3_zmq_pushpull,zmq_tcp,none,none,,1,13737,512,584,1785153450197588000,1785153450197588000,1785153450197588000,1785153450197589000,1785153450197657000,1785153450197659000,1785153450197659000,1785153450197659000,121932490,121652369,-212.121,0.000,0.000,1.000,2.000,0.000,0.000,86.000,0,0,0
B3_zmq_pushpull,zmq_tcp,none,none,,1,13738,512,584,1785153450198536000,1785153450198536000,1785153450198536000,1785153450198537000,1785153450198657000,1785153450198660000,1785153450198660000,1785153450198660000,121932490,121652369,-160.121,0.000,0.000,1.000,3.000,0.000,0.000,52.000,0,0,0
B3_zmq_pushpull,zmq_tcp,none,none,,1,13739,512,584,1785153450199549000,1785153450199549000,1785153450199549000,1785153450199550000,1785153450199670000,1785153450199673000,1785153450199673000,1785153450199673000,121932490,121652369,-160.121,0.000,0.000,1.000,3.000,0.000,0.000,0.000,0,0,0
B3_zmq_pushpull,zmq_tcp,none,none,,1,13740,512,584,1785153450200547000,1785153450200548000,1785153450200548000,1785153450200549000,1785153450200690000,1785153450200693000,1785153450200693000,1785153450200693000,121932490,121652369,-139.121,1.000,0.000,1.000,3.000,0.000,0.000,21.000,0,0,0
B3_zmq_pushpull,zmq_tcp,none,none,,1,13741,512,584,1785153450201546000,1785153450201546000,1785153450201546000,1785153450201547000,1785153450201689000,1785153450201691000,1785153450201691000,1785153450201691000,121932490,121652369,-138.121,0.000,0.000,1.000,2.000,0.000,0.000,1.000,0,0,0
B3_zmq_pushpull,zmq_tcp,none,none,,1,13742,512,584,1785153450202546000,1785153450202546000,1785153450202546000,1785153450202547000,1785153450202694000,1785153450202697000,1785153450202697000,1785153450202697000,121932490,121652369,-133.121,0.000,0.000,1.000,3.000,0.000,0.000,5.000,0,0,0
B3_zmq_pushpull,zmq_tcp,none,none,,1,13743,512,584,1785153450203546000,1785153450203546000,1785153450203546000,1785153450203547000,1785153450203701000,1785153450203703000,1785153450203703000,1785153450203703000,121932490,121652369,-126.121,0.000,0.000,1.000,2.000,0.000,0.000,7.000,0,0,0
B3_zmq_pushpull,zmq_tcp,none,none,,1,13744,512,584,1785153450204403000,1785153450204403000,1785153450204403000,1785153450204404000,1785153450204558000,1785153450204561000,1785153450204561000,1785153450204561000,121932490,121652369,-126.121,0.000,0.000,1.000,3.000,0.000,0.000,0.000,0,0,0
B3_zmq_pushpull,zmq_tcp,none,none,,1,13745,512,584,1785153450205582000,1785153450205583000,1785153450205583000,1785153450205584000,1785153450205710000,1785153450205713000,1785153450205713000,1785153450205713000,121932490,121652369,-154.121,1.000,0.000,1.000,3.000,0.000,0.000,28.000,0,0,0
B3_zmq_pushpull,zmq_tcp,none,none,,1,13746,512,584,1785153450206417000,1785153450206417000,1785153450206417000,1785153450206418000,1785153450206577000,1785153450206579000,1785153450206579000,1785153450206579000,121932490,121652369,-121.121,0.000,0.000,1.000,2.000,0.000,0.000,33.000,0,0,0
B3_zmq_pushpull,zmq_tcp,none,none,,1,13747,512,584,1785153450207423000,1785153450207423000,1785153450207423000,1785153450207425000,1785153450207585000,1785153450207587000,1785153450207587000,1785153450207587000,121932490,121652369,-120.121,0.000,0.000,2.000,2.000,0.000,0.000,1.000,0,0,0
B3_zmq_pushpull,zmq_tcp,none,none,,1,13748,512,584,1785153450208430000,1785153450208430000,1785153450208430000,1785153450208431000,1785153450208572000,1785153450208574000,1785153450208575000,1785153450208575000,121932490,121652369,-139.121,0.000,0.000,1.000,2.000,1.000,0.000,19.000,0,0,0
B3_zmq_pushpull,zmq_tcp,none,none,,1,13749,512,584,1785153450209576000,1785153450209576000,1785153450209576000,1785153450209577000,1785153450209722000,1785153450209725000,1785153450209725000,1785153450209725000,121932490,121652369,-135.121,0.000,0.000,1.000,3.000,0.000,0.000,4.000,0,0,0
B3_zmq_pushpull,zmq_tcp,none,none,,1,13750,512,584,1785153450210540000,1785153450210540000,1785153450210540000,1785153450210541000,1785153450210600000,1785153450210603000,1785153450210603000,1785153450210603000,121932490,121652369,-221.121,0.000,0.000,1.000,3.000,0.000,0.000,86.000,0,0,0
B3_zmq_pushpull,zmq_tcp,none,none,,1,13751,512,584,1785153450211443000,1785153450211443000,1785153450211443000,1785153450211444000,1785153450211601000,1785153450211604000,1785153450211604000,1785153450211604000,121932490,121652369,-123.121,0.000,0.000,1.000,3.000,0.000,0.000,98.000,0,0,0
B3_zmq_pushpull,zmq_tcp,none,none,,1,13752,512,584,1785153450212573000,1785153450212573000,1785153450212573000,1785153450212574000,1785153450212750000,1785153450212753000,1785153450212753000,1785153450212753000,121932490,121652369,-104.121,0.000,0.000,1.000,3.000,0.000,0.000,19.000,0,0,0
B3_zmq_pushpull,zmq_tcp,none,none,,1,13753,512,584,1785153450213540000,1785153450213540000,1785153450213540000,1785153450213541000,1785153450213610000,1785153450213613000,1785153450213613000,1785153450213613000,121932490,121652369,-211.121,0.000,0.000,1.000,3.000,0.000,0.000,107.000,0,0,0
B3_zmq_pushpull,zmq_tcp,none,none,,1,13754,512,584,1785153450214549000,1785153450214549000,1785153450214549000,1785153450214550000,1785153450214620000,1785153450214624000,1785153450214624000,1785153450214624000,121932490,121652369,-210.121,0.000,0.000,1.000,4.000,0.000,0.000,1.000,0,0,0
B3_zmq_pushpull,zmq_tcp,none,none,,1,13755,512,584,1785153450215545000,1785153450215546000,1785153450215546000,1785153450215546000,1785153450215628000,1785153450215630000,1785153450215630000,1785153450215630000,121932490,121652369,-198.121,1.000,0.000,0.000,2.000,0.000,0.000,12.000,0,0,0
B3_zmq_pushpull,zmq_tcp,none,none,,1,13756,512,584,1785153450216547000,1785153450216547000,1785153450216547000,1785153450216548000,1785153450216650000,1785153450216653000,1785153450216653000,1785153450216653000,121932490,121652369,-178.121,0.000,0.000,1.000,3.000,0.000,0.000,20.000,0,0,0
B3_zmq_pushpull,zmq_tcp,none,none,,1,13757,512,584,1785153450217547000,1785153450217547000,1785153450217547000,1785153450217548000,1785153450217650000,1785153450217653000,1785153450217653000,1785153450217653000,121932490,121652369,-178.121,0.000,0.000,1.000,3.000,0.000,0.000,0.000,0,0,0
B3_zmq_pushpull,zmq_tcp,none,none,,1,13758,512,584,1785153450218545000,1785153450218546000,1785153450218546000,1785153450218546000,1785153450218625000,1785153450218628000,1785153450218628000,1785153450218628000,121932490,121652369,-201.121,1.000,0.000,0.000,3.000,0.000,0.000,23.000,0,0,0
B3_zmq_pushpull,zmq_tcp,none,none,,1,13759,512,584,1785153450219544000,1785153450219544000,1785153450219544000,1785153450219545000,1785153450219617000,1785153450219620000,1785153450219620000,1785153450219620000,121932490,121652369,-208.121,0.000,0.000,1.000,3.000,0.000,0.000,7.000,0,0,0
B3_zmq_pushpull,zmq_tcp,none,none,,1,13760,512,584,1785153450220550000,1785153450220550000,1785153450220550000,1785153450220551000,1785153450220736000,1785153450220738000,1785153450220738000,1785153450220738000,121932490,121652369,-95.121,0.000,0.000,1.000,2.000,0.000,0.000,113.000,0,0,0
B3_zmq_pushpull,zmq_tcp,none,none,,1,13761,512,584,1785153450221544000,1785153450221544000,1785153450221544000,1785153450221545000,1785153450221718000,1785153450221721000,1785153450221721000,1785153450221721000,121932490,121652369,-107.121,0.000,0.000,1.000,3.000,0.000,0.000,12.000,0,0,0
B3_zmq_pushpull,zmq_tcp,none,none,,1,13762,512,584,1785153450222547000,1785153450222547000,1785153450222548000,1785153450222548000,1785153450222709000,1785153450222712000,1785153450222712000,1785153450222712000,121932490,121652369,-119.121,0.000,1.000,0.000,3.000,0.000,0.000,12.000,0,0,0
B3_zmq_pushpull,zmq_tcp,none,none,,1,13763,512,584,1785153450223398000,1785153450223398000,1785153450223398000,1785153450223399000,1785153450223540000,1785153450223543000,1785153450223543000,1785153450223543000,121932490,121652369,-139.121,0.000,0.000,1.000,3.000,0.000,0.000,20.000,0,0,0
B3_zmq_pushpull,zmq_tcp,none,none,,1,13764,512,584,1785153450224356000,1785153450224357000,1785153450224357000,1785153450224358000,1785153450224509000,1785153450224512000,1785153450224512000,1785153450224512000,121932490,121652369,-129.121,1.000,0.000,1.000,3.000,0.000,0.000,10.000,0,0,0
B3_zmq_pushpull,zmq_tcp,none,none,,1,13765,512,584,1785153450225465000,1785153450225465000,1785153450225465000,1785153450225466000,1785153450225617000,1785153450225620000,1785153450225620000,1785153450225620000,121932490,121652369,-129.121,0.000,0.000,1.000,3.000,0.000,0.000,0.000,0,0,0
B3_zmq_pushpull,zmq_tcp,none,none,,1,13766,512,584,1785153450226455000,1785153450226455000,1785153450226455000,1785153450226456000,1785153450226614000,1785153450226616000,1785153450226616000,1785153450226616000,121932490,121652369,-122.121,0.000,0.000,1.000,2.000,0.000,0.000,7.000,0,0,0
B3_zmq_pushpull,zmq_tcp,none,none,,1,13767,512,584,1785153450227568000,1785153450227568000,1785153450227568000,1785153450227569000,1785153450227736000,1785153450227738000,1785153450227738000,1785153450227739000,121932490,121652369,-113.121,0.000,0.000,1.000,2.000,0.000,1.000,9.000,0,0,0
B3_zmq_pushpull,zmq_tcp,none,none,,1,13768,512,584,1785153450228543000,1785153450228543000,1785153450228543000,1785153450228544000,1785153450228730000,1785153450228734000,1785153450228734000,1785153450228734000,121932490,121652369,-94.121,0.000,0.000,1.000,4.000,0.000,0.000,19.000,0,0,0
B3_zmq_pushpull,zmq_tcp,none,none,,1,13769,512,584,1785153450229547000,1785153450229547000,1785153450229547000,1785153450229548000,1785153450229699000,1785153450229702000,1785153450229702000,1785153450229702000,121932490,121652369,-129.121,0.000,0.000,1.000,3.000,0.000,0.000,35.000,0,0,0
B3_zmq_pushpull,zmq_tcp,none,none,,1,13770,512,584,1785153450230544000,1785153450230544000,1785153450230544000,1785153450230545000,1785153450230681000,1785153450230685000,1785153450230685000,1785153450230685000,121932490,121652369,-144.121,0.000,0.000,1.000,4.000,0.000,0.000,15.000,0,0,0
B3_zmq_pushpull,zmq_tcp,none,none,,1,13771,512,584,1785153450231545000,1785153450231545000,1785153450231546000,1785153450231546000,1785153450231665000,1785153450231668000,1785153450231668000,1785153450231668000,121932490,121652369,-161.121,0.000,1.000,0.000,3.000,0.000,0.000,17.000,0,0,0
B3_zmq_pushpull,zmq_tcp,none,none,,1,13772,512,584,1785153450232546000,1785153450232546000,1785153450232546000,1785153450232547000,1785153450232644000,1785153450232646000,1785153450232647000,1785153450232647000,121932490,121652369,-183.121,0.000,0.000,1.000,2.000,1.000,0.000,22.000,0,0,0
B3_zmq_pushpull,zmq_tcp,none,none,,1,13773,512,584,1785153450233545000,1785153450233545000,1785153450233546000,1785153450233546000,1785153450233631000,1785153450233634000,1785153450233634000,1785153450233634000,121932490,121652369,-195.121,0.000,1.000,0.000,3.000,0.000,0.000,12.000,0,0,0
B3_zmq_pushpull,zmq_tcp,none,none,,1,13774,512,584,1785153450234545000,1785153450234545000,1785153450234545000,1785153450234546000,1785153450234629000,1785153450234632000,1785153450234632000,1785153450234632000,121932490,121652369,-197.121,0.000,0.000,1.000,3.000,0.000,0.000,2.000,0,0,0
B3_zmq_pushpull,zmq_tcp,none,none,,1,13775,512,584,1785153450235547000,1785153450235547000,1785153450235547000,1785153450235548000,1785153450235607000,1785153450235611000,1785153450235612000,1785153450235612000,121932490,121652369,-221.121,0.000,0.000,1.000,4.000,1.000,0.000,24.000,0,0,0
B3_zmq_pushpull,zmq_tcp,none,none,,1,13776,512,584,1785153450236472000,1785153450236472000,1785153450236472000,1785153450236473000,1785153450236633000,1785153450236636000,1785153450236636000,1785153450236636000,121932490,121652369,-120.121,0.000,0.000,1.000,3.000,0.000,0.000,101.000,0,0,0
B3_zmq_pushpull,zmq_tcp,none,none,,1,13777,512,584,1785153450237565000,1785153450237565000,1785153450237565000,1785153450237566000,1785153450237621000,1785153450237623000,1785153450237623000,1785153450237623000,121932490,121652369,-225.121,0.000,0.000,1.000,2.000,0.000,0.000,105.000,0,0,0
B3_zmq_pushpull,zmq_tcp,none,none,,1,13778,512,584,1785153450238537000,1785153450238538000,1785153450238538000,1785153450238539000,1785153450238612000,1785153450238614000,1785153450238614000,1785153450238614000,121932490,121652369,-207.121,1.000,0.000,1.000,2.000,0.000,0.000,18.000,0,0,0
B3_zmq_pushpull,zmq_tcp,none,none,,1,13779,512,584,1785153450239548000,1785153450239548000,1785153450239548000,1785153450239549000,1785153450239593000,1785153450239596000,1785153450239596000,1785153450239596000,121932490,121652369,-236.121,0.000,0.000,1.000,3.000,0.000,0.000,29.000,0,0,0
B3_zmq_pushpull,zmq_tcp,none,none,,1,13780,512,584,1785153450240545000,1785153450240546000,1785153450240546000,1785153450240547000,1785153450240708000,1785153450240710000,1785153450240710000,1785153450240710000,121932490,121652369,-119.121,1.000,0.000,1.000,2.000,0.000,0.000,117.000,0,0,0
B3_zmq_pushpull,zmq_tcp,none,none,,1,13781,512,584,1785153450241546000,1785153450241546000,1785153450241546000,1785153450241547000,1785153450241703000,1785153450241707000,1785153450241707000,1785153450241707000,121932490,121652369,-124.121,0.000,0.000,1.000,4.000,0.000,0.000,5.000,0,0,0
B3_zmq_pushpull,zmq_tcp,none,none,,1,13782,512,584,1785153450242383000,1785153450242383000,1785153450242383000,1785153450242384000,1785153450242543000,1785153450242545000,1785153450242545000,1785153450242545000,121932490,121652369,-121.121,0.000,0.000,1.000,2.000,0.000,0.000,3.000,0,0,0
B3_zmq_pushpull,zmq_tcp,none,none,,1,13783,512,584,1785153450243587000,1785153450243587000,1785153450243587000,1785153450243588000,1785153450243665000,1785153450243669000,1785153450243669000,1785153450243669000,121932490,121652369,-203.121,0.000,0.000,1.000,4.000,0.000,0.000,82.000,0,0,0
B3_zmq_pushpull,zmq_tcp,none,none,,1,13784,512,584,1785153450244536000,1785153450244536000,1785153450244536000,1785153450244537000,1785153450244627000,1785153450244629000,1785153450244629000,1785153450244629000,121932490,121652369,-190.121,0.000,0.000,1.000,2.000,0.000,0.000,13.000,0,0,0
B3_zmq_pushpull,zmq_tcp,none,none,,1,13785,512,584,1785153450245548000,1785153450245548000,1785153450245548000,1785153450245549000,1785153450245597000,1785153450245600000,1785153450245600000,1785153450245600000,121932490,121652369,-232.121,0.000,0.000,1.000,3.000,0.000,0.000,42.000,0,0,0
B3_zmq_pushpull,zmq_tcp,none,none,,1,13786,512,584,1785153450246544000,1785153450246544000,1785153450246544000,1785153450246545000,1785153450246744000,1785153450246747000,1785153450246747000,1785153450246747000,121932490,121652369,-81.121,0.000,0.000,1.000,3.000,0.000,0.000,151.000,0,0,0
B3_zmq_pushpull,zmq_tcp,none,none,,1,13787,512,584,1785153450247546000,1785153450247546000,1785153450247546000,1785153450247547000,1785153450247607000,1785153450247611000,1785153450247611000,1785153450247611000,121932490,121652369,-220.121,0.000,0.000,1.000,4.000,0.000,0.000,139.000,0,0,0
B3_zmq_pushpull,zmq_tcp,none,none,,1,13788,512,584,1785153450248548000,1785153450248548000,1785153450248549000,1785153450248550000,1785153450248618000,1785153450248621000,1785153450248621000,1785153450248622000,121932490,121652369,-212.121,0.000,1.000,1.000,3.000,0.000,1.000,8.000,0,0,0
B3_zmq_pushpull,zmq_tcp,none,none,,1,13789,512,584,1785153450249544000,1785153450249544000,1785153450249544000,1785153450249545000,1785153450249616000,1785153450249620000,1785153450249620000,1785153450249620000,121932490,121652369,-209.121,0.000,0.000,1.000,4.000,0.000,0.000,3.000,0,0,0
B3_zmq_pushpull,zmq_tcp,none,none,,1,13790,512,584,1785153450250549000,1785153450250549000,1785153450250549000,1785153450250550000,1785153450250613000,1785153450250616000,1785153450250616000,1785153450250616000,121932490,121652369,-217.121,0.000,0.000,1.000,3.000,0.000,0.000,8.000,0,0,0
B3_zmq_pushpull,zmq_tcp,none,none,,1,13791,512,584,1785153450251546000,1785153450251547000,1785153450251547000,1785153450251547000,1785153450251603000,1785153450251605000,1785153450251605000,1785153450251606000,121932490,121652369,-224.121,1.000,0.000,0.000,2.000,0.000,1.000,7.000,0,0,0
B3_zmq_pushpull,zmq_tcp,none,none,,1,13792,512,584,1785153450252546000,1785153450252546000,1785153450252546000,1785153450252547000,1785153450252604000,1785153450252607000,1785153450252607000,1785153450252607000,121932490,121652369,-223.121,0.000,0.000,1.000,3.000,0.000,0.000,1.000,0,0,0
B3_zmq_pushpull,zmq_tcp,none,none,,1,13793,512,584,1785153450253544000,1785153450253544000,1785153450253544000,1785153450253545000,1785153450253723000,1785153450253726000,1785153450253726000,1785153450253726000,121932490,121652369,-102.121,0.000,0.000,1.000,3.000,0.000,0.000,121.000,0,0,0
B3_zmq_pushpull,zmq_tcp,none,none,,1,13794,512,584,1785153450254431000,1785153450254431000,1785153450254431000,1785153450254432000,1785153450254578000,1785153450254581000,1785153450254581000,1785153450254581000,121932490,121652369,-134.121,0.000,0.000,1.000,3.000,0.000,0.000,32.000,0,0,0
B3_zmq_pushpull,zmq_tcp,none,none,,1,13795,512,584,1785153450255577000,1785153450255577000,1785153450255577000,1785153450255578000,1785153450255715000,1785153450255717000,1785153450255717000,1785153450255717000,121932490,121652369,-143.121,0.000,0.000,1.000,2.000,0.000,0.000,9.000,0,0,0
B3_zmq_pushpull,zmq_tcp,none,none,,1,13796,512,584,1785153450256538000,1785153450256538000,1785153450256538000,1785153450256539000,1785153450256709000,1785153450256712000,1785153450256712000,1785153450256712000,121932490,121652369,-110.121,0.000,0.000,1.000,3.000,0.000,0.000,33.000,0,0,0
B3_zmq_pushpull,zmq_tcp,none,none,,1,13797,512,584,1785153450257549000,1785153450257549000,1785153450257549000,1785153450257550000,1785153450257699000,1785153450257701000,1785153450257701000,1785153450257701000,121932490,121652369,-131.121,0.000,0.000,1.000,2.000,0.000,0.000,21.000,0,0,0
B3_zmq_pushpull,zmq_tcp,none,none,,1,13798,512,584,1785153450258548000,1785153450258548000,1785153450258549000,1785153450258550000,1785153450258697000,1785153450258700000,1785153450258700000,1785153450258700000,121932490,121652369,-133.121,0.000,1.000,1.000,3.000,0.000,0.000,2.000,0,0,0
B3_zmq_pushpull,zmq_tcp,none,none,,1,13799,512,584,1785153450259401000,1785153450259401000,1785153450259401000,1785153450259402000,1785153450259561000,1785153450259564000,1785153450259564000,1785153450259564000,121932490,121652369,-121.121,0.000,0.000,1.000,3.000,0.000,0.000,12.000,0,0,0
B3_zmq_pushpull,zmq_tcp,none,none,,1,13800,512,584,1785153450260584000,1785153450260584000,1785153450260584000,1785153450260585000,1785153450260683000,1785153450260685000,1785153450260685000,1785153450260685000,121932490,121652369,-182.121,0.000,0.000,1.000,2.000,0.000,0.000,61.000,0,0,0
B3_zmq_pushpull,zmq_tcp,none,none,,1,13801,512,584,1785153450261536000,1785153450261537000,1785153450261537000,1785153450261538000,1785153450261680000,1785153450261683000,1785153450261683000,1785153450261683000,121932490,121652369,-138.121,1.000,0.000,1.000,3.000,0.000,0.000,44.000,0,0,0
B3_zmq_pushpull,zmq_tcp,none,none,,1,13802,512,584,1785153450262378000,1785153450262378000,1785153450262378000,1785153450262379000,1785153450262525000,1785153450262528000,1785153450262528000,1785153450262528000,121932490,121652369,-134.121,0.000,0.000,1.000,3.000,0.000,0.000,4.000,0,0,0
B3_zmq_pushpull,zmq_tcp,none,none,,1,13803,512,584,1785153450263589000,1785153450263589000,1785153450263589000,1785153450263590000,1785153450263655000,1785153450263658000,1785153450263658000,1785153450263658000,121932490,121652369,-215.121,0.000,0.000,1.000,3.000,0.000,0.000,81.000,0,0,0
B3_zmq_pushpull,zmq_tcp,none,none,,1,13804,512,584,1785153450264539000,1785153450264539000,1785153450264539000,1785153450264540000,1785153450264637000,1785153450264640000,1785153450264640000,1785153450264640000,121932490,121652369,-183.121,0.000,0.000,1.000,3.000,0.000,0.000,32.000,0,0,0
B3_zmq_pushpull,zmq_tcp,none,none,,1,13805,512,584,1785153450265547000,1785153450265547000,1785153450265547000,1785153450265548000,1785153450265633000,1785153450265636000,1785153450265636000,1785153450265636000,121932490,121652369,-195.121,0.000,0.000,1.000,3.000,0.000,0.000,12.000,0,0,0
B3_zmq_pushpull,zmq_tcp,none,none,,1,13806,512,584,1785153450266546000,1785153450266546000,1785153450266546000,1785153450266547000,1785153450266608000,1785153450266611000,1785153450266611000,1785153450266611000,121932490,121652369,-219.121,0.000,0.000,1.000,3.000,0.000,0.000,24.000,0,0,0
B3_zmq_pushpull,zmq_tcp,none,none,,1,13807,512,584,1785153450267548000,1785153450267548000,1785153450267548000,1785153450267549000,1785153450267606000,1785153450267609000,1785153450267609000,1785153450267609000,121932490,121652369,-223.121,0.000,0.000,1.000,3.000,0.000,0.000,4.000,0,0,0
B3_zmq_pushpull,zmq_tcp,none,none,,1,13808,512,584,1785153450268542000,1785153450268542000,1785153450268542000,1785153450268543000,1785153450268729000,1785153450268732000,1785153450268732000,1785153450268732000,121932490,121652369,-94.121,0.000,0.000,1.000,3.000,0.000,0.000,129.000,0,0,0
B3_zmq_pushpull,zmq_tcp,none,none,,1,13809,512,584,1785153450269548000,1785153450269548000,1785153450269548000,1785153450269549000,1785153450269720000,1785153450269723000,1785153450269723000,1785153450269723000,121932490,121652369,-109.121,0.000,0.000,1.000,3.000,0.000,0.000,15.000,0,0,0
B3_zmq_pushpull,zmq_tcp,none,none,,1,13810,512,584,1785153450270413000,1785153450270413000,1785153450270413000,1785153450270415000,1785153450270561000,1785153450270564000,1785153450270564000,1785153450270564000,121932490,121652369,-134.121,0.000,0.000,2.000,3.000,0.000,0.000,25.000,0,0,0
B3_zmq_pushpull,zmq_tcp,none,none,,1,13811,512,584,1785153450271582000,1785153450271582000,1785153450271582000,1785153450271583000,1785153450271675000,1785153450271677000,1785153450271677000,1785153450271677000,121932490,121652369,-188.121,0.000,0.000,1.000,2.000,0.000,0.000,54.000,0,0,0
B3_zmq_pushpull,zmq_tcp,none,none,,1,13812,512,584,1785153450272536000,1785153450272536000,1785153450272537000,1785153450272537000,1785153450272655000,1785153450272658000,1785153450272658000,1785153450272658000,121932490,121652369,-162.121,0.000,1.000,0.000,3.000,0.000,0.000,26.000,0,0,0
B3_zmq_pushpull,zmq_tcp,none,none,,1,13813,512,584,1785153450273358000,1785153450273358000,1785153450273358000,1785153450273359000,1785153450273497000,1785153450273500000,1785153450273500000,1785153450273500000,121932490,121652369,-142.121,0.000,0.000,1.000,3.000,0.000,0.000,20.000,0,0,0
B3_zmq_pushpull,zmq_tcp,none,none,,1,13814,512,584,1785153450274461000,1785153450274461000,1785153450274461000,1785153450274462000,1785153450274613000,1785153450274616000,1785153450274616000,1785153450274616000,121932490,121652369,-129.121,0.000,0.000,1.000,3.000,0.000,0.000,13.000,0,0,0
B3_zmq_pushpull,zmq_tcp,none,none,,1,13815,512,584,1785153450275464000,1785153450275464000,1785153450275464000,1785153450275465000,1785153450275621000,1785153450275630000,1785153450275630000,1785153450275630000,121932490,121652369,-124.121,0.000,0.000,1.000,9.000,0.000,0.000,5.000,0,0,0
B3_zmq_pushpull,zmq_tcp,none,none,,1,13816,512,584,1785153450276563000,1785153450276563000,1785153450276563000,1785153450276564000,1785153450276617000,1785153450276620000,1785153450276620000,1785153450276620000,121932490,121652369,-227.121,0.000,0.000,1.000,3.000,0.000,0.000,103.000,0,0,0
B3_zmq_pushpull,zmq_tcp,none,none,,1,13817,512,584,1785153450277543000,1785153450277543000,1785153450277543000,1785153450277544000,1785153450277612000,1785153450277615000,1785153450277615000,1785153450277615000,121932490,121652369,-212.121,0.000,0.000,1.000,3.000,0.000,0.000,15.000,0,0,0
B3_zmq_pushpull,zmq_tcp,none,none,,1,13818,512,584,1785153450278547000,1785153450278547000,1785153450278547000,1785153450278548000,1785153450278615000,1785153450278618000,1785153450278618000,1785153450278618000,121932490,121652369,-213.121,0.000,0.000,1.000,3.000,0.000,0.000,1.000,0,0,0
B3_zmq_pushpull,zmq_tcp,none,none,,1,13819,512,584,1785153450279543000,1785153450279543000,1785153450279543000,1785153450279544000,1785153450279597000,1785153450279600000,1785153450279600000,1785153450279600000,121932490,121652369,-227.121,0.000,0.000,1.000,3.000,0.000,0.000,14.000,0,0,0
B3_zmq_pushpull,zmq_tcp,none,none,,1,13820,512,584,1785153450280548000,1785153450280548000,1785153450280548000,1785153450280549000,1785153450280708000,1785153450280711000,1785153450280711000,1785153450280711000,121932490,121652369,-121.121,0.000,0.000,1.000,3.000,0.000,0.000,106.000,0,0,0
B3_zmq_pushpull,zmq_tcp,none,none,,1,13821,512,584,1785153450281546000,1785153450281546000,1785153450281546000,1785153450281547000,1785153450281684000,1785153450281687000,1785153450281687000,1785153450281687000,121932490,121652369,-143.121,0.000,0.000,1.000,3.000,0.000,0.000,22.000,0,0,0
B3_zmq_pushpull,zmq_tcp,none,none,,1,13822,512,584,1785153450282390000,1785153450282390000,1785153450282390000,1785153450282391000,1785153450282547000,1785153450282549000,1785153450282549000,1785153450282549000,121932490,121652369,-124.121,0.000,0.000,1.000,2.000,0.000,0.000,19.000,0,0,0
B3_zmq_pushpull,zmq_tcp,none,none,,1,13823,512,584,1785153450283375000,1785153450283376000,1785153450283376000,1785153450283377000,1785153450283524000,1785153450283527000,1785153450283527000,1785153450283527000,121932490,121652369,-133.121,1.000,0.000,1.000,3.000,0.000,0.000,9.000,0,0,0
B3_zmq_pushpull,zmq_tcp,none,none,,1,13824,512,584,1785153450284591000,1785153450284591000,1785153450284591000,1785153450284592000,1785153450284644000,1785153450284647000,1785153450284647000,1785153450284647000,121932490,121652369,-228.121,0.000,0.000,1.000,3.000,0.000,0.000,95.000,0,0,0
B3_zmq_pushpull,zmq_tcp,none,none,,1,13825,512,584,1785153450285349000,1785153450285349000,1785153450285349000,1785153450285350000,1785153450285493000,1785153450285496000,1785153450285496000,1785153450285496000,121932490,121652369,-137.121,0.000,0.000,1.000,3.000,0.000,0.000,91.000,0,0,0
B3_zmq_pushpull,zmq_tcp,none,none,,1,13826,512,584,1785153450286442000,1785153450286442000,1785153450286442000,1785153450286443000,1785153450286595000,1785153450286598000,1785153450286598000,1785153450286598000,121932490,121652369,-128.121,0.000,0.000,1.000,3.000,0.000,0.000,9.000,0,0,0
B3_zmq_pushpull,zmq_tcp,none,none,,1,13827,512,584,1785153450287423000,1785153450287424000,1785153450287424000,1785153450287425000,1785153450287575000,1785153450287577000,1785153450287577000,1785153450287577000,121932490,121652369,-130.121,1.000,0.000,1.000,2.000,0.000,0.000,2.000,0,0,0
B3_zmq_pushpull,zmq_tcp,none,none,,1,13828,512,584,1785153450288409000,1785153450288409000,1785153450288409000,1785153450288410000,1785153450288564000,1785153450288567000,1785153450288567000,1785153450288567000,121932490,121652369,-126.121,0.000,0.000,1.000,3.000,0.000,0.000,4.000,0,0,0
B3_zmq_pushpull,zmq_tcp,none,none,,1,13829,512,584,1785153450289393000,1785153450289393000,1785153450289393000,1785153450289395000,1785153450289537000,1785153450289540000,1785153450289540000,1785153450289540000,121932490,121652369,-138.121,0.000,0.000,2.000,3.000,0.000,0.000,12.000,0,0,0
B3_zmq_pushpull,zmq_tcp,none,none,,1,13830,512,584,1785153450290585000,1785153450290585000,1785153450290585000,1785153450290586000,1785153450290646000,1785153450290650000,1785153450290650000,1785153450290650000,121932490,121652369,-220.121,0.000,0.000,1.000,4.000,0.000,0.000,82.000,0,0,0
B3_zmq_pushpull,zmq_tcp,none,none,,1,13831,512,584,1785153450291352000,1785153450291352000,1785153450291352000,1785153450291353000,1785153450291507000,1785153450291509000,1785153450291510000,1785153450291510000,121932490,121652369,-126.121,0.000,0.000,1.000,2.000,1.000,0.000,94.000,0,0,0
B3_zmq_pushpull,zmq_tcp,none,none,,1,13832,512,584,1785153450292595000,1785153450292595000,1785153450292595000,1785153450292596000,1785153450292759000,1785153450292762000,1785153450292762000,1785153450292762000,121932490,121652369,-117.121,0.000,0.000,1.000,3.000,0.000,0.000,9.000,0,0,0
B3_zmq_pushpull,zmq_tcp,none,none,,1,13833,512,584,1785153450293456000,1785153450293456000,1785153450293456000,1785153450293457000,1785153450293608000,1785153450293612000,1785153450293612000,1785153450293612000,121932490,121652369,-129.121,0.000,0.000,1.000,4.000,0.000,0.000,12.000,0,0,0
B3_zmq_pushpull,zmq_tcp,none,none,,1,13834,512,584,1785153450294568000,1785153450294569000,1785153450294569000,1785153450294570000,1785153450294727000,1785153450294729000,1785153450294729000,1785153450294729000,121932490,121652369,-123.121,1.000,0.000,1.000,2.000,0.000,0.000,6.000,0,0,0
B3_zmq_pushpull,zmq_tcp,none,none,,1,13835,512,584,1785153450295539000,1785153450295539000,1785153450295539000,1785153450295540000,1785153450295587000,1785153450295590000,1785153450295590000,1785153450295590000,121932490,121652369,-233.121,0.000,0.000,1.000,3.000,0.000,0.000,110.000,0,0,0
B3_zmq_pushpull,zmq_tcp,none,none,,1,13836,512,584,1785153450296549000,1785153450296549000,1785153450296549000,1785153450296550000,1785153450296696000,1785153450296699000,1785153450296699000,1785153450296699000,121932490,121652369,-134.121,0.000,0.000,1.000,3.000,0.000,0.000,99.000,0,0,0
B3_zmq_pushpull,zmq_tcp,none,none,,1,13837,512,584,1785153450297546000,1785153450297546000,1785153450297546000,1785153450297547000,1785153450297703000,1785153450297705000,1785153450297705000,1785153450297705000,121932490,121652369,-124.121,0.000,0.000,1.000,2.000,0.000,0.000,10.000,0,0,0
B3_zmq_pushpull,zmq_tcp,none,none,,1,13838,512,584,1785153450298546000,1785153450298546000,1785153450298546000,1785153450298547000,1785153450298690000,1785153450298692000,1785153450298692000,1785153450298692000,121932490,121652369,-137.121,0.000,0.000,1.000,2.000,0.000,0.000,13.000,0,0,0
B3_zmq_pushpull,zmq_tcp,none,none,,1,13839,512,584,1785153450299549000,1785153450299549000,1785153450299549000,1785153450299550000,1785153450299672000,1785153450299675000,1785153450299675000,1785153450299675000,121932490,121652369,-158.121,0.000,0.000,1.000,3.000,0.000,0.000,21.000,0,0,0
B3_zmq_pushpull,zmq_tcp,none,none,,1,13840,512,584,1785153450300546000,1785153450300546000,1785153450300546000,1785153450300547000,1785153450300633000,1785153450300636000,1785153450300636000,1785153450300636000,121932490,121652369,-194.121,0.000,0.000,1.000,3.000,0.000,0.000,36.000,0,0,0
B3_zmq_pushpull,zmq_tcp,none,none,,1,13841,512,584,1785153450301546000,1785153450301546000,1785153450301546000,1785153450301547000,1785153450301617000,1785153450301620000,1785153450301620000,1785153450301620000,121932490,121652369,-210.121,0.000,0.000,1.000,3.000,0.000,0.000,16.000,0,0,0
B3_zmq_pushpull,zmq_tcp,none,none,,1,13842,512,584,1785153450302546000,1785153450302547000,1785153450302547000,1785153450302548000,1785153450302613000,1785153450302616000,1785153450302616000,1785153450302616000,121932490,121652369,-215.121,1.000,0.000,1.000,3.000,0.000,0.000,5.000,0,0,0
B3_zmq_pushpull,zmq_tcp,none,none,,1,13843,512,584,1785153450303543000,1785153450303543000,1785153450303543000,1785153450303544000,1785153450303620000,1785153450303623000,1785153450303623000,1785153450303623000,121932490,121652369,-204.121,0.000,0.000,1.000,3.000,0.000,0.000,11.000,0,0,0
B3_zmq_pushpull,zmq_tcp,none,none,,1,13844,512,584,1785153450304548000,1785153450304548000,1785153450304548000,1785153450304549000,1785153450304623000,1785153450304626000,1785153450304626000,1785153450304626000,121932490,121652369,-206.121,0.000,0.000,1.000,3.000,0.000,0.000,2.000,0,0,0
B3_zmq_pushpull,zmq_tcp,none,none,,1,13845,512,584,1785153450305549000,1785153450305549000,1785153450305549000,1785153450305550000,1785153450305617000,1785153450305620000,1785153450305620000,1785153450305620000,121932490,121652369,-213.121,0.000,0.000,1.000,3.000,0.000,0.000,7.000,0,0,0
B3_zmq_pushpull,zmq_tcp,none,none,,1,13846,512,584,1785153450306545000,1785153450306545000,1785153450306545000,1785153450306546000,1785153450306611000,1785153450306615000,1785153450306615000,1785153450306615000,121932490,121652369,-215.121,0.000,0.000,1.000,4.000,0.000,0.000,2.000,0,0,0
B3_zmq_pushpull,zmq_tcp,none,none,,1,13847,512,584,1785153450307546000,1785153450307546000,1785153450307546000,1785153450307547000,1785153450307598000,1785153450307603000,1785153450307603000,1785153450307603000,121932490,121652369,-229.121,0.000,0.000,1.000,5.000,0.000,0.000,14.000,0,0,0
B3_zmq_pushpull,zmq_tcp,none,none,,1,13848,512,584,1785153450308546000,1785153450308546000,1785153450308546000,1785153450308547000,1785153450308699000,1785153450308701000,1785153450308702000,1785153450308702000,121932490,121652369,-128.121,0.000,0.000,1.000,2.000,1.000,0.000,101.000,0,0,0
B3_zmq_pushpull,zmq_tcp,none,none,,1,13849,512,584,1785153450309546000,1785153450309546000,1785153450309546000,1785153450309547000,1785153450309679000,1785153450309682000,1785153450309682000,1785153450309682000,121932490,121652369,-148.121,0.000,0.000,1.000,3.000,0.000,0.000,20.000,0,0,0
B3_zmq_pushpull,zmq_tcp,none,none,,1,13850,512,584,1785153450310543000,1785153450310543000,1785153450310543000,1785153450310544000,1785153450310670000,1785153450310672000,1785153450310672000,1785153450310672000,121932490,121652369,-154.121,0.000,0.000,1.000,2.000,0.000,0.000,6.000,0,0,0
B3_zmq_pushpull,zmq_tcp,none,none,,1,13851,512,584,1785153450311546000,1785153450311546000,1785153450311546000,1785153450311547000,1785153450311670000,1785153450311672000,1785153450311672000,1785153450311672000,121932490,121652369,-157.121,0.000,0.000,1.000,2.000,0.000,0.000,3.000,0,0,0
B3_zmq_pushpull,zmq_tcp,none,none,,1,13852,512,584,1785153450312546000,1785153450312546000,1785153450312546000,1785153450312547000,1785153450312663000,1785153450312666000,1785153450312666000,1785153450312666000,121932490,121652369,-164.121,0.000,0.000,1.000,3.000,0.000,0.000,7.000,0,0,0
B3_zmq_pushpull,zmq_tcp,none,none,,1,13853,512,584,1785153450313548000,1785153450313548000,1785153450313548000,1785153450313549000,1785153450313663000,1785153450313665000,1785153450313665000,1785153450313666000,121932490,121652369,-166.121,0.000,0.000,1.000,2.000,0.000,1.000,2.000,0,0,0
B3_zmq_pushpull,zmq_tcp,none,none,,1,13854,512,584,1785153450314546000,1785153450314546000,1785153450314546000,1785153450314547000,1785153450314655000,1785153450314658000,1785153450314658000,1785153450314658000,121932490,121652369,-172.121,0.000,0.000,1.000,3.000,0.000,0.000,6.000,0,0,0
B3_zmq_pushpull,zmq_tcp,none,none,,1,13855,512,584,1785153450315546000,1785153450315546000,1785153450315546000,1785153450315547000,1785153450315643000,1785153450315645000,1785153450315646000,1785153450315646000,121932490,121652369,-184.121,0.000,0.000,1.000,2.000,1.000,0.000,12.000,0,0,0
B3_zmq_pushpull,zmq_tcp,none,none,,1,13856,512,584,1785153450316547000,1785153450316547000,1785153450316547000,1785153450316548000,1785153450316614000,1785153450316616000,1785153450316616000,1785153450316616000,121932490,121652369,-214.121,0.000,0.000,1.000,2.000,0.000,0.000,30.000,0,0,0
B3_zmq_pushpull,zmq_tcp,none,none,,1,13857,512,584,1785153450317548000,1785153450317548000,1785153450317548000,1785153450317549000,1785153450317746000,1785153450317755000,1785153450317755000,1785153450317755000,121932490,121652369,-83.121,0.000,0.000,1.000,9.000,0.000,0.000,131.000,0,0,0
B3_zmq_pushpull,zmq_tcp,none,none,,1,13858,512,584,1785153450318548000,1785153450318548000,1785153450318549000,1785153450318549000,1785153450318726000,1785153450318728000,1785153450318728000,1785153450318728000,121932490,121652369,-103.121,0.000,1.000,0.000,2.000,0.000,0.000,20.000,0,0,0
B3_zmq_pushpull,zmq_tcp,none,none,,1,13859,512,584,1785153450319547000,1785153450319547000,1785153450319547000,1785153450319548000,1785153450319707000,1785153450319710000,1785153450319710000,1785153450319710000,121932490,121652369,-121.121,0.000,0.000,1.000,3.000,0.000,0.000,18.000,0,0,0
B3_zmq_pushpull,zmq_tcp,none,none,,1,13860,512,584,1785153450320546000,1785153450320546000,1785153450320546000,1785153450320547000,1785153450320700000,1785153450320704000,1785153450320704000,1785153450320704000,121932490,121652369,-127.121,0.000,0.000,1.000,4.000,0.000,0.000,6.000,0,0,0
B3_zmq_pushpull,zmq_tcp,none,none,,1,13861,512,584,1785153450321390000,1785153450321390000,1785153450321390000,1785153450321391000,1785153450321543000,1785153450321546000,1785153450321546000,1785153450321546000,121932490,121652369,-128.121,0.000,0.000,1.000,3.000,0.000,0.000,1.000,0,0,0
B3_zmq_pushpull,zmq_tcp,none,none,,1,13862,512,584,1785153450322358000,1785153450322358000,1785153450322358000,1785153450322359000,1785153450322510000,1785153450322512000,1785153450322512000,1785153450322512000,121932490,121652369,-129.121,0.000,0.000,1.000,2.000,0.000,0.000,1.000,0,0,0
B3_zmq_pushpull,zmq_tcp,none,none,,1,13863,512,584,1785153450323354000,1785153450323354000,1785153450323354000,1785153450323355000,1785153450323489000,1785153450323492000,1785153450323492000,1785153450323492000,121932490,121652369,-146.121,0.000,0.000,1.000,3.000,0.000,0.000,17.000,0,0,0
B3_zmq_pushpull,zmq_tcp,none,none,,1,13864,512,584,1785153450324594000,1785153450324594000,1785153450324594000,1785153450324595000,1785153450324759000,1785153450324762000,1785153450324762000,1785153450324762000,121932490,121652369,-116.121,0.000,0.000,1.000,3.000,0.000,0.000,30.000,0,0,0
B3_zmq_pushpull,zmq_tcp,none,none,,1,13865,512,584,1785153450325531000,1785153450325531000,1785153450325531000,1785153450325532000,1785153450325611000,1785153450325614000,1785153450325614000,1785153450325614000,121932490,121652369,-201.121,0.000,0.000,1.000,3.000,0.000,0.000,85.000,0,0,0
B3_zmq_pushpull,zmq_tcp,none,none,,1,13866,512,584,1785153450326550000,1785153450326550000,1785153450326550000,1785153450326551000,1785153450326735000,1785153450326738000,1785153450326738000,1785153450326738000,121932490,121652369,-96.121,0.000,0.000,1.000,3.000,0.000,0.000,105.000,0,0,0
B3_zmq_pushpull,zmq_tcp,none,none,,1,13867,512,584,1785153450327548000,1785153450327548000,1785153450327548000,1785153450327549000,1785153450327719000,1785153450327722000,1785153450327722000,1785153450327722000,121932490,121652369,-110.121,0.000,0.000,1.000,3.000,0.000,0.000,14.000,0,0,0
B3_zmq_pushpull,zmq_tcp,none,none,,1,13868,512,584,1785153450328547000,1785153450328547000,1785153450328547000,1785153450328548000,1785153450328702000,1785153450328706000,1785153450328706000,1785153450328706000,121932490,121652369,-126.121,0.000,0.000,1.000,4.000,0.000,0.000,16.000,0,0,0
B3_zmq_pushpull,zmq_tcp,none,none,,1,13869,512,584,1785153450329543000,1785153450329543000,1785153450329543000,1785153450329544000,1785153450329670000,1785153450329672000,1785153450329672000,1785153450329672000,121932490,121652369,-154.121,0.000,0.000,1.000,2.000,0.000,0.000,28.000,0,0,0
B3_zmq_pushpull,zmq_tcp,none,none,,1,13870,512,584,1785153450330549000,1785153450330549000,1785153450330549000,1785153450330550000,1785153450330651000,1785153450330654000,1785153450330654000,1785153450330654000,121932490,121652369,-179.121,0.000,0.000,1.000,3.000,0.000,0.000,25.000,0,0,0
B3_zmq_pushpull,zmq_tcp,none,none,,1,13871,512,584,1785153450331546000,1785153450331546000,1785153450331546000,1785153450331547000,1785153450331642000,1785153450331644000,1785153450331644000,1785153450331644000,121932490,121652369,-185.121,0.000,0.000,1.000,2.000,0.000,0.000,6.000,0,0,0
B3_zmq_pushpull,zmq_tcp,none,none,,1,13872,512,584,1785153450332363000,1785153450332363000,1785153450332363000,1785153450332364000,1785153450332496000,1785153450332498000,1785153450332498000,1785153450332498000,121932490,121652369,-148.121,0.000,0.000,1.000,2.000,0.000,0.000,37.000,0,0,0
B3_zmq_pushpull,zmq_tcp,none,none,,1,13873,512,584,1785153450333351000,1785153450333351000,1785153450333351000,1785153450333352000,1785153450333511000,1785153450333515000,1785153450333515000,1785153450333515000,121932490,121652369,-121.121,0.000,0.000,1.000,4.000,0.000,0.000,27.000,0,0,0
B3_zmq_pushpull,zmq_tcp,none,none,,1,13874,512,584,1785153450334597000,1785153450334598000,1785153450334598000,1785153450334599000,1785153450334662000,1785153450334665000,1785153450334665000,1785153450334665000,121932490,121652369,-217.121,1.000,0.000,1.000,3.000,0.000,0.000,96.000,0,0,0
B3_zmq_pushpull,zmq_tcp,none,none,,1,13875,512,584,1785153450335533000,1785153450335533000,1785153450335533000,1785153450335534000,1785153450335644000,1785153450335648000,1785153450335648000,1785153450335648000,121932490,121652369,-170.121,0.000,0.000,1.000,4.000,0.000,0.000,47.000,0,0,0
B3_zmq_pushpull,zmq_tcp,none,none,,1,13876,512,584,1785153450336546000,1785153450336546000,1785153450336546000,1785153450336547000,1785153450336623000,1785153450336626000,1785153450336626000,1785153450336626000,121932490,121652369,-204.121,0.000,0.000,1.000,3.000,0.000,0.000,34.000,0,0,0
B3_zmq_pushpull,zmq_tcp,none,none,,1,13877,512,584,1785153450337546000,1785153450337546000,1785153450337546000,1785153450337547000,1785153450337597000,1785153450337601000,1785153450337601000,1785153450337601000,121932490,121652369,-230.121,0.000,0.000,1.000,4.000,0.000,0.000,26.000,0,0,0
B3_zmq_pushpull,zmq_tcp,none,none,,1,13878,512,584,1785153450338431000,1785153450338431000,1785153450338431000,1785153450338432000,1785153450338584000,1785153450338587000,1785153450338587000,1785153450338587000,121932490,121652369,-128.121,0.000,0.000,1.000,3.000,0.000,0.000,102.000,0,0,0
B3_zmq_pushpull,zmq_tcp,none,none,,1,13879,512,584,1785153450339425000,1785153450339426000,1785153450339426000,1785153450339427000,1785153450339575000,1785153450339578000,1785153450339578000,1785153450339578000,121932490,121652369,-132.121,1.000,0.000,1.000,3.000,0.000,0.000,4.000,0,0,0
B3_zmq_pushpull,zmq_tcp,none,none,,1,13880,512,584,1785153450340416000,1785153450340416000,1785153450340416000,1785153450340417000,1785153450340575000,1785153450340578000,1785153450340578000,1785153450340578000,121932490,121652369,-122.121,0.000,0.000,1.000,3.000,0.000,0.000,10.000,0,0,0
B3_zmq_pushpull,zmq_tcp,none,none,,1,13881,512,584,1785153450341397000,1785153450341397000,1785153450341397000,1785153450341398000,1785153450341558000,1785153450341560000,1785153450341560000,1785153450341560000,121932490,121652369,-120.121,0.000,0.000,1.000,2.000,0.000,0.000,2.000,0,0,0
B3_zmq_pushpull,zmq_tcp,none,none,,1,13882,512,584,1785153450342583000,1785153450342583000,1785153450342583000,1785153450342584000,1785153450342658000,1785153450342660000,1785153450342660000,1785153450342660000,121932490,121652369,-206.121,0.000,0.000,1.000,2.000,0.000,0.000,86.000,0,0,0
B3_zmq_pushpull,zmq_tcp,none,none,,1,13883,512,584,1785153450343534000,1785153450343534000,1785153450343534000,1785153450343535000,1785153450343644000,1785153450343647000,1785153450343647000,1785153450343647000,121932490,121652369,-171.121,0.000,0.000,1.000,3.000,0.000,0.000,35.000,0,0,0
B3_zmq_pushpull,zmq_tcp,none,none,,1,13884,512,584,1785153450344551000,1785153450344551000,1785153450344551000,1785153450344552000,1785153450344643000,1785153450344646000,1785153450344646000,1785153450344646000,121932490,121652369,-189.121,0.000,0.000,1.000,3.000,0.000,0.000,18.000,0,0,0
B3_zmq_pushpull,zmq_tcp,none,none,,1,13885,512,584,1785153450345549000,1785153450345549000,1785153450345549000,1785153450345550000,1785153450345632000,1785153450345635000,1785153450345635000,1785153450345635000,121932490,121652369,-198.121,0.000,0.000,1.000,3.000,0.000,0.000,9.000,0,0,0
B3_zmq_pushpull,zmq_tcp,none,none,,1,13886,512,584,1785153450346548000,1785153450346549000,1785153450346549000,1785153450346550000,1785153450346739000,1785153450346742000,1785153450346742000,1785153450346742000,121932490,121652369,-91.121,1.000,0.000,1.000,3.000,0.000,0.000,107.000,0,0,0
B3_zmq_pushpull,zmq_tcp,none,none,,1,13887,512,584,1785153450347542000,1785153450347542000,1785153450347542000,1785153450347543000,1785153450347726000,1785153450347728000,1785153450347728000,1785153450347728000,121932490,121652369,-97.121,0.000,0.000,1.000,2.000,0.000,0.000,6.000,0,0,0
B3_zmq_pushpull,zmq_tcp,none,none,,1,13888,512,584,1785153450348548000,1785153450348548000,1785153450348548000,1785153450348549000,1785153450348707000,1785153450348710000,1785153450348710000,1785153450348710000,121932490,121652369,-122.121,0.000,0.000,1.000,3.000,0.000,0.000,25.000,0,0,0
B3_zmq_pushpull,zmq_tcp,none,none,,1,13889,512,584,1785153450349546000,1785153450349546000,1785153450349546000,1785153450349547000,1785153450349684000,1785153450349687000,1785153450349687000,1785153450349687000,121932490,121652369,-143.121,0.000,0.000,1.000,3.000,0.000,0.000,21.000,0,0,0
B3_zmq_pushpull,zmq_tcp,none,none,,1,13890,512,584,1785153450350374000,1785153450350374000,1785153450350374000,1785153450350375000,1785153450350519000,1785153450350522000,1785153450350522000,1785153450350522000,121932490,121652369,-136.121,0.000,0.000,1.000,3.000,0.000,0.000,7.000,0,0,0
B3_zmq_pushpull,zmq_tcp,none,none,,1,13891,512,584,1785153450351591000,1785153450351591000,1785153450351591000,1785153450351592000,1785153450351657000,1785153450351659000,1785153450351659000,1785153450351659000,121932490,121652369,-215.121,0.000,0.000,1.000,2.000,0.000,0.000,79.000,0,0,0
B3_zmq_pushpull,zmq_tcp,none,none,,1,13892,512,584,1785153450352535000,1785153450352536000,1785153450352536000,1785153450352537000,1785153450352660000,1785153450352663000,1785153450352663000,1785153450352663000,121932490,121652369,-157.121,1.000,0.000,1.000,3.000,0.000,0.000,58.000,0,0,0
B3_zmq_pushpull,zmq_tcp,none,none,,1,13893,512,584,1785153450353549000,1785153450353549000,1785153450353549000,1785153450353550000,1785153450353648000,1785153450353652000,1785153450353652000,1785153450353652000,121932490,121652369,-182.121,0.000,0.000,1.000,4.000,0.000,0.000,25.000,0,0,0
B3_zmq_pushpull,zmq_tcp,none,none,,1,13894,512,584,1785153450354545000,1785153450354545000,1785153450354545000,1785153450354546000,1785153450354732000,1785153450354735000,1785153450354735000,1785153450354735000,121932490,121652369,-94.121,0.000,0.000,1.000,3.000,0.000,0.000,88.000,0,0,0
B3_zmq_pushpull,zmq_tcp,none,none,,1,13895,512,584,1785153450355548000,1785153450355548000,1785153450355548000,1785153450355549000,1785153450355730000,1785153450355733000,1785153450355733000,1785153450355733000,121932490,121652369,-99.121,0.000,0.000,1.000,3.000,0.000,0.000,5.000,0,0,0
B3_zmq_pushpull,zmq_tcp,none,none,,1,13896,512,584,1785153450356421000,1785153450356422000,1785153450356422000,1785153450356423000,1785153450356576000,1785153450356579000,1785153450356579000,1785153450356579000,121932490,121652369,-127.121,1.000,0.000,1.000,3.000,0.000,0.000,28.000,0,0,0
B3_zmq_pushpull,zmq_tcp,none,none,,1,13897,512,584,1785153450357578000,1785153450357578000,1785153450357578000,1785153450357579000,1785153450357671000,1785153450357674000,1785153450357674000,1785153450357674000,121932490,121652369,-188.121,0.000,0.000,1.000,3.000,0.000,0.000,61.000,0,0,0
B3_zmq_pushpull,zmq_tcp,none,none,,1,13898,512,584,1785153450358376000,1785153450358376000,1785153450358376000,1785153450358377000,1785153450358534000,1785153450358537000,1785153450358537000,1785153450358537000,121932490,121652369,-123.121,0.000,0.000,1.000,3.000,0.000,0.000,65.000,0,0,0
B3_zmq_pushpull,zmq_tcp,none,none,,1,13899,512,584,1785153450359589000,1785153450359589000,1785153450359589000,1785153450359590000,1785153450359666000,1785153450359668000,1785153450359668000,1785153450359668000,121932490,121652369,-204.121,0.000,0.000,1.000,2.000,0.000,0.000,81.000,0,0,0
B3_zmq_pushpull,zmq_tcp,none,none,,1,13900,512,584,1785153450360536000,1785153450360536000,1785153450360536000,1785153450360537000,1785153450360679000,1785153450360682000,1785153450360682000,1785153450360682000,121932490,121652369,-138.121,0.000,0.000,1.000,3.000,0.000,0.000,66.000,0,0,0
B3_zmq_pushpull,zmq_tcp,none,none,,1,13901,512,584,1785153450361378000,1785153450361378000,1785153450361378000,1785153450361379000,1785153450361535000,1785153450361538000,1785153450361538000,1785153450361538000,121932490,121652369,-124.121,0.000,0.000,1.000,3.000,0.000,0.000,14.000,0,0,0
B3_zmq_pushpull,zmq_tcp,none,none,,1,13902,512,584,1785153450362359000,1785153450362359000,1785153450362359000,1785153450362360000,1785153450362521000,1785153450362524000,1785153450362524000,1785153450362524000,121932490,121652369,-119.121,0.000,0.000,1.000,3.000,0.000,0.000,5.000,0,0,0
B3_zmq_pushpull,zmq_tcp,none,none,,1,13903,512,584,1785153450363359000,1785153450363359000,1785153450363359000,1785153450363361000,1785153450363504000,1785153450363507000,1785153450363507000,1785153450363507000,121932490,121652369,-137.121,0.000,0.000,2.000,3.000,0.000,0.000,18.000,0,0,0
B3_zmq_pushpull,zmq_tcp,none,none,,1,13904,512,584,1785153450364359000,1785153450364359000,1785153450364359000,1785153450364360000,1785153450364503000,1785153450364506000,1785153450364506000,1785153450364506000,121932490,121652369,-137.121,0.000,0.000,1.000,3.000,0.000,0.000,0.000,0,0,0
B3_zmq_pushpull,zmq_tcp,none,none,,1,13905,512,584,1785153450365475000,1785153450365475000,1785153450365475000,1785153450365476000,1785153450365633000,1785153450365635000,1785153450365635000,1785153450365635000,121932490,121652369,-123.121,0.000,0.000,1.000,2.000,0.000,0.000,14.000,0,0,0
B3_zmq_pushpull,zmq_tcp,none,none,,1,13906,512,584,1785153450366355000,1785153450366355000,1785153450366355000,1785153450366356000,1785153450366490000,1785153450366493000,1785153450366493000,1785153450366493000,121932490,121652369,-146.121,0.000,0.000,1.000,3.000,0.000,0.000,23.000,0,0,0
B3_zmq_pushpull,zmq_tcp,none,none,,1,13907,512,584,1785153450367473000,1785153450367473000,1785153450367474000,1785153450367475000,1785153450367625000,1785153450367627000,1785153450367627000,1785153450367627000,121932490,121652369,-130.121,0.000,1.000,1.000,2.000,0.000,0.000,16.000,0,0,0
B3_zmq_pushpull,zmq_tcp,none,none,,1,13908,512,584,1785153450368568000,1785153450368568000,1785153450368568000,1785153450368569000,1785153450368631000,1785153450368634000,1785153450368635000,1785153450368635000,121932490,121652369,-218.121,0.000,0.000,1.000,3.000,1.000,0.000,88.000,0,0,0
B3_zmq_pushpull,zmq_tcp,none,none,,1,13909,512,584,1785153450369541000,1785153450369541000,1785153450369541000,1785153450369542000,1785153450369599000,1785153450369603000,1785153450369603000,1785153450369603000,121932490,121652369,-223.121,0.000,0.000,1.000,4.000,0.000,0.000,5.000,0,0,0
B3_zmq_pushpull,zmq_tcp,none,none,,1,13910,512,584,1785153450370548000,1785153450370548000,1785153450370548000,1785153450370549000,1785153450370719000,1785153450370722000,1785153450370722000,1785153450370722000,121932490,121652369,-110.121,0.000,0.000,1.000,3.000,0.000,0.000,113.000,0,0,0
B3_zmq_pushpull,zmq_tcp,none,none,,1,13911,512,584,1785153450371546000,1785153450371547000,1785153450371547000,1785153450371548000,1785153450371706000,1785153450371709000,1785153450371709000,1785153450371709000,121932490,121652369,-122.121,1.000,0.000,1.000,3.000,0.000,0.000,12.000,0,0,0
B3_zmq_pushpull,zmq_tcp,none,none,,1,13912,512,584,1785153450372549000,1785153450372549000,1785153450372549000,1785153450372550000,1785153450372697000,1785153450372699000,1785153450372699000,1785153450372699000,121932490,121652369,-133.121,0.000,0.000,1.000,2.000,0.000,0.000,11.000,0,0,0
B3_zmq_pushpull,zmq_tcp,none,none,,1,13913,512,584,1785153450373394000,1785153450373394000,1785153450373394000,1785153450373395000,1785153450373554000,1785153450373557000,1785153450373557000,1785153450373557000,121932490,121652369,-121.121,0.000,0.000,1.000,3.000,0.000,0.000,12.000,0,0,0
B3_zmq_pushpull,zmq_tcp,none,none,,1,13914,512,584,1785153450374587000,1785153450374588000,1785153450374588000,1785153450374589000,1785153450374654000,1785153450374657000,1785153450374657000,1785153450374657000,121932490,121652369,-215.121,1.000,0.000,1.000,3.000,0.000,0.000,94.000,0,0,0
B3_zmq_pushpull,zmq_tcp,none,none,,1,13915,512,584,1785153450375537000,1785153450375537000,1785153450375537000,1785153450375538000,1785153450375625000,1785153450375627000,1785153450375627000,1785153450375627000,121932490,121652369,-193.121,0.000,0.000,1.000,2.000,0.000,0.000,22.000,0,0,0
B3_zmq_pushpull,zmq_tcp,none,none,,1,13916,512,584,1785153450376550000,1785153450376550000,1785153450376550000,1785153450376551000,1785153450376594000,1785153450376597000,1785153450376597000,1785153450376597000,121932490,121652369,-237.121,0.000,0.000,1.000,3.000,0.000,0.000,44.000,0,0,0
B3_zmq_pushpull,zmq_tcp,none,none,,1,13917,512,584,1785153450377542000,1785153450377542000,1785153450377542000,1785153450377543000,1785153450377709000,1785153450377711000,1785153450377711000,1785153450377711000,121932490,121652369,-114.121,0.000,0.000,1.000,2.000,0.000,0.000,123.000,0,0,0
B3_zmq_pushpull,zmq_tcp,none,none,,1,13918,512,584,1785153450378548000,1785153450378548000,1785153450378548000,1785153450378549000,1785153450378677000,1785153450378680000,1785153450378680000,1785153450378680000,121932490,121652369,-152.121,0.000,0.000,1.000,3.000,0.000,0.000,38.000,0,0,0
B3_zmq_pushpull,zmq_tcp,none,none,,1,13919,512,584,1785153450379546000,1785153450379546000,1785153450379546000,1785153450379547000,1785153450379655000,1785153450379658000,1785153450379658000,1785153450379658000,121932490,121652369,-172.121,0.000,0.000,1.000,3.000,0.000,0.000,20.000,0,0,0
B3_zmq_pushpull,zmq_tcp,none,none,,1,13920,512,584,1785153450380549000,1785153450380549000,1785153450380549000,1785153450380550000,1785153450380649000,1785153450380651000,1785153450380651000,1785153450380651000,121932490,121652369,-181.121,0.000,0.000,1.000,2.000,0.000,0.000,9.000,0,0,0
B3_zmq_pushpull,zmq_tcp,none,none,,1,13921,512,584,1785153450381545000,1785153450381545000,1785153450381545000,1785153450381546000,1785153450381630000,1785153450381633000,1785153450381633000,1785153450381633000,121932490,121652369,-196.121,0.000,0.000,1.000,3.000,0.000,0.000,15.000,0,0,0
B3_zmq_pushpull,zmq_tcp,none,none,,1,13922,512,584,1785153450382550000,1785153450382550000,1785153450382550000,1785153450382551000,1785153450382626000,1785153450382629000,1785153450382629000,1785153450382629000,121932490,121652369,-205.121,0.000,0.000,1.000,3.000,0.000,0.000,9.000,0,0,0
B3_zmq_pushpull,zmq_tcp,none,none,,1,13923,512,584,1785153450383547000,1785153450383547000,1785153450383547000,1785153450383548000,1785153450383597000,1785153450383599000,1785153450383600000,1785153450383600000,121932490,121652369,-231.121,0.000,0.000,1.000,2.000,1.000,0.000,26.000,0,0,0
B3_zmq_pushpull,zmq_tcp,none,none,,1,13924,512,584,1785153450384546000,1785153450384546000,1785153450384546000,1785153450384547000,1785153450384711000,1785153450384714000,1785153450384714000,1785153450384714000,121932490,121652369,-116.121,0.000,0.000,1.000,3.000,0.000,0.000,115.000,0,0,0
B3_zmq_pushpull,zmq_tcp,none,none,,1,13925,512,584,1785153450385407000,1785153450385407000,1785153450385407000,1785153450385408000,1785153450385558000,1785153450385561000,1785153450385561000,1785153450385561000,121932490,121652369,-130.121,0.000,0.000,1.000,3.000,0.000,0.000,14.000,0,0,0
B3_zmq_pushpull,zmq_tcp,none,none,,1,13926,512,584,1785153450386399000,1785153450386399000,1785153450386399000,1785153450386400000,1785153450386553000,1785153450386556000,1785153450386556000,1785153450386556000,121932490,121652369,-127.121,0.000,0.000,1.000,3.000,0.000,0.000,3.000,0,0,0
B3_zmq_pushpull,zmq_tcp,none,none,,1,13927,512,584,1785153450387396000,1785153450387397000,1785153450387397000,1785153450387398000,1785153450387557000,1785153450387561000,1785153450387561000,1785153450387561000,121932490,121652369,-121.121,1.000,0.000,1.000,4.000,0.000,0.000,6.000,0,0,0
B3_zmq_pushpull,zmq_tcp,none,none,,1,13928,512,584,1785153450388586000,1785153450388586000,1785153450388586000,1785153450388587000,1785153450388663000,1785153450388666000,1785153450388666000,1785153450388666000,121932490,121652369,-204.121,0.000,0.000,1.000,3.000,0.000,0.000,83.000,0,0,0
B3_zmq_pushpull,zmq_tcp,none,none,,1,13929,512,584,1785153450389536000,1785153450389536000,1785153450389536000,1785153450389537000,1785153450389649000,1785153450389653000,1785153450389653000,1785153450389653000,121932490,121652369,-168.121,0.000,0.000,1.000,4.000,0.000,0.000,36.000,0,0,0
B3_zmq_pushpull,zmq_tcp,none,none,,1,13930,512,584,1785153450390549000,1785153450390549000,1785153450390549000,1785153450390550000,1785153450390619000,1785153450390622000,1785153450390622000,1785153450390622000,121932490,121652369,-211.121,0.000,0.000,1.000,3.000,0.000,0.000,43.000,0,0,0
B3_zmq_pushpull,zmq_tcp,none,none,,1,13931,512,584,1785153450391546000,1785153450391546000,1785153450391546000,1785153450391547000,1785153450391595000,1785153450391597000,1785153450391597000,1785153450391597000,121932490,121652369,-232.121,0.000,0.000,1.000,2.000,0.000,0.000,21.000,0,0,0
B3_zmq_pushpull,zmq_tcp,none,none,,1,13932,512,584,1785153450392546000,1785153450392546000,1785153450392546000,1785153450392547000,1785153450392730000,1785153450392733000,1785153450392733000,1785153450392733000,121932490,121652369,-97.121,0.000,0.000,1.000,3.000,0.000,0.000,135.000,0,0,0
B3_zmq_pushpull,zmq_tcp,none,none,,1,13933,512,584,1785153450393432000,1785153450393432000,1785153450393432000,1785153450393433000,1785153450393589000,1785153450393593000,1785153450393593000,1785153450393593000,121932490,121652369,-124.121,0.000,0.000,1.000,4.000,0.000,0.000,27.000,0,0,0
B3_zmq_pushpull,zmq_tcp,none,none,,1,13934,512,584,1785153450394409000,1785153450394409000,1785153450394409000,1785153450394410000,1785153450394567000,1785153450394570000,1785153450394570000,1785153450394570000,121932490,121652369,-123.121,0.000,0.000,1.000,3.000,0.000,0.000,1.000,0,0,0
B3_zmq_pushpull,zmq_tcp,none,none,,1,13935,512,584,1785153450395413000,1785153450395413000,1785153450395414000,1785153450395414000,1785153450395568000,1785153450395572000,1785153450395572000,1785153450395572000,121932490,121652369,-126.121,0.000,1.000,0.000,4.000,0.000,0.000,3.000,0,0,0
B3_zmq_pushpull,zmq_tcp,none,none,,1,13936,512,584,1785153450396582000,1785153450396582000,1785153450396582000,1785153450396583000,1785153450396703000,1785153450396706000,1785153450396706000,1785153450396706000,121932490,121652369,-160.121,0.000,0.000,1.000,3.000,0.000,0.000,34.000,0,0,0
B3_zmq_pushpull,zmq_tcp,none,none,,1,13937,512,584,1785153450397537000,1785153450397538000,1785153450397538000,1785153450397539000,1785153450397698000,1785153450397701000,1785153450397701000,1785153450397701000,121932490,121652369,-121.121,1.000,0.000,1.000,3.000,0.000,0.000,39.000,0,0,0
B3_zmq_pushpull,zmq_tcp,none,none,,1,13938,512,584,1785153450398376000,1785153450398376000,1785153450398376000,1785153450398377000,1785153450398519000,1785153450398522000,1785153450398522000,1785153450398522000,121932490,121652369,-138.121,0.000,0.000,1.000,3.000,0.000,0.000,17.000,0,0,0
B3_zmq_pushpull,zmq_tcp,none,none,,1,13939,512,584,1785153450399359000,1785153450399359000,1785153450399359000,1785153450399361000,1785153450399499000,1785153450399502000,1785153450399502000,1785153450399502000,121932490,121652369,-142.121,0.000,0.000,2.000,3.000,0.000,0.000,4.000,0,0,0
B3_zmq_pushpull,zmq_tcp,none,none,,1,13940,512,584,1785153450400594000,1785153450400594000,1785153450400594000,1785153450400595000,1785153450400663000,1785153450400666000,1785153450400666000,1785153450400666000,121932490,121652369,-212.121,0.000,0.000,1.000,3.000,0.000,0.000,70.000,0,0,0
B3_zmq_pushpull,zmq_tcp,none,none,,1,13941,512,584,1785153450401355000,1785153450401355000,1785153450401355000,1785153450401356000,1785153450401505000,1785153450401508000,1785153450401508000,1785153450401508000,121932490,121652369,-131.121,0.000,0.000,1.000,3.000,0.000,0.000,81.000,0,0,0
B3_zmq_pushpull,zmq_tcp,none,none,,1,13942,512,584,1785153450402594000,1785153450402594000,1785153450402594000,1785153450402595000,1785153450402762000,1785153450402765000,1785153450402765000,1785153450402765000,121932490,121652369,-113.121,0.000,0.000,1.000,3.000,0.000,0.000,18.000,0,0,0
B3_zmq_pushpull,zmq_tcp,none,none,,1,13943,512,584,1785153450403537000,1785153450403537000,1785153450403537000,1785153450403538000,1785153450403717000,1785153450403720000,1785153450403720000,1785153450403720000,121932490,121652369,-101.121,0.000,0.000,1.000,3.000,0.000,0.000,12.000,0,0,0
B3_zmq_pushpull,zmq_tcp,none,none,,1,13944,512,584,1785153450404548000,1785153450404548000,1785153450404548000,1785153450404549000,1785153450404703000,1785153450404706000,1785153450404706000,1785153450404706000,121932490,121652369,-126.121,0.000,0.000,1.000,3.000,0.000,0.000,25.000,0,0,0
B3_zmq_pushpull,zmq_tcp,none,none,,1,13945,512,584,1785153450405544000,1785153450405544000,1785153450405544000,1785153450405545000,1785153450405682000,1785153450405685000,1785153450405685000,1785153450405685000,121932490,121652369,-143.121,0.000,0.000,1.000,3.000,0.000,0.000,17.000,0,0,0
B3_zmq_pushpull,zmq_tcp,none,none,,1,13946,512,584,1785153450406548000,1785153450406548000,1785153450406548000,1785153450406549000,1785153450406668000,1785153450406670000,1785153450406670000,1785153450406670000,121932490,121652369,-161.121,0.000,0.000,1.000,2.000,0.000,0.000,18.000,0,0,0
B3_zmq_pushpull,zmq_tcp,none,none,,1,13947,512,584,1785153450407549000,1785153450407549000,1785153450407549000,1785153450407550000,1785153450407658000,1785153450407661000,1785153450407661000,1785153450407661000,121932490,121652369,-172.121,0.000,0.000,1.000,3.000,0.000,0.000,11.000,0,0,0
B3_zmq_pushpull,zmq_tcp,none,none,,1,13948,512,584,1785153450408544000,1785153450408544000,1785153450408544000,1785153450408545000,1785153450408632000,1785153450408634000,1785153450408634000,1785153450408634000,121932490,121652369,-193.121,0.000,0.000,1.000,2.000,0.000,0.000,21.000,0,0,0
B3_zmq_pushpull,zmq_tcp,none,none,,1,13949,512,584,1785153450409550000,1785153450409550000,1785153450409550000,1785153450409551000,1785153450409746000,1785153450409749000,1785153450409749000,1785153450409749000,121932490,121652369,-85.121,0.000,0.000,1.000,3.000,0.000,0.000,108.000,0,0,0
B3_zmq_pushpull,zmq_tcp,none,none,,1,13950,512,584,1785153450410418000,1785153450410418000,1785153450410418000,1785153450410419000,1785153450410579000,1785153450410582000,1785153450410582000,1785153450410582000,121932490,121652369,-120.121,0.000,0.000,1.000,3.000,0.000,0.000,35.000,0,0,0
B3_zmq_pushpull,zmq_tcp,none,none,,1,13951,512,584,1785153450411394000,1785153450411395000,1785153450411395000,1785153450411396000,1785153450411538000,1785153450411542000,1785153450411542000,1785153450411542000,121932490,121652369,-138.121,1.000,0.000,1.000,4.000,0.000,0.000,18.000,0,0,0
B3_zmq_pushpull,zmq_tcp,none,none,,1,13952,512,584,1785153450412581000,1785153450412581000,1785153450412581000,1785153450412582000,1785153450412654000,1785153450412657000,1785153450412657000,1785153450412657000,121932490,121652369,-208.121,0.000,0.000,1.000,3.000,0.000,0.000,70.000,0,0,0
B3_zmq_pushpull,zmq_tcp,none,none,,1,13953,512,584,1785153450413538000,1785153450413539000,1785153450413539000,1785153450413540000,1785153450413660000,1785153450413662000,1785153450413662000,1785153450413662000,121932490,121652369,-160.121,1.000,0.000,1.000,2.000,0.000,0.000,48.000,0,0,0
B3_zmq_pushpull,zmq_tcp,none,none,,1,13954,512,584,1785153450414549000,1785153450414549000,1785153450414549000,1785153450414550000,1785153450414659000,1785153450414662000,1785153450414662000,1785153450414662000,121932490,121652369,-171.121,0.000,0.000,1.000,3.000,0.000,0.000,11.000,0,0,0
B3_zmq_pushpull,zmq_tcp,none,none,,1,13955,512,584,1785153450415548000,1785153450415548000,1785153450415548000,1785153450415549000,1785153450415646000,1785153450415649000,1785153450415649000,1785153450415649000,121932490,121652369,-183.121,0.000,0.000,1.000,3.000,0.000,0.000,12.000,0,0,0
B3_zmq_pushpull,zmq_tcp,none,none,,1,13956,512,584,1785153450416546000,1785153450416546000,1785153450416546000,1785153450416547000,1785153450416646000,1785153450416649000,1785153450416649000,1785153450416649000,121932490,121652369,-181.121,0.000,0.000,1.000,3.000,0.000,0.000,2.000,0,0,0
B3_zmq_pushpull,zmq_tcp,none,none,,1,13957,512,584,1785153450417551000,1785153450417551000,1785153450417551000,1785153450417552000,1785153450417646000,1785153450417650000,1785153450417650000,1785153450417650000,121932490,121652369,-186.121,0.000,0.000,1.000,4.000,0.000,0.000,5.000,0,0,0
B3_zmq_pushpull,zmq_tcp,none,none,,1,13958,512,584,1785153450418545000,1785153450418545000,1785153450418545000,1785153450418546000,1785153450418638000,1785153450418641000,1785153450418641000,1785153450418641000,121932490,121652369,-188.121,0.000,0.000,1.000,3.000,0.000,0.000,2.000,0,0,0
B3_zmq_pushpull,zmq_tcp,none,none,,1,13959,512,584,1785153450419548000,1785153450419548000,1785153450419548000,1785153450419549000,1785153450419617000,1785153450419620000,1785153450419620000,1785153450419620000,121932490,121652369,-212.121,0.000,0.000,1.000,3.000,0.000,0.000,24.000,0,0,0
B3_zmq_pushpull,zmq_tcp,none,none,,1,13960,512,584,1785153450420547000,1785153450420547000,1785153450420547000,1785153450420548000,1785153450420599000,1785153450420602000,1785153450420602000,1785153450420602000,121932490,121652369,-229.121,0.000,0.000,1.000,3.000,0.000,0.000,17.000,0,0,0
B3_zmq_pushpull,zmq_tcp,none,none,,1,13961,512,584,1785153450421549000,1785153450421549000,1785153450421549000,1785153450421550000,1785153450421741000,1785153450421748000,1785153450421748000,1785153450421748000,121932490,121652369,-89.121,0.000,0.000,1.000,7.000,0.000,0.000,140.000,0,0,0
B3_zmq_pushpull,zmq_tcp,none,none,,1,13962,512,584,1785153450422542000,1785153450422543000,1785153450422543000,1785153450422544000,1785153450422741000,1785153450422744000,1785153450422744000,1785153450422744000,121932490,121652369,-83.121,1.000,0.000,1.000,3.000,0.000,0.000,6.000,0,0,0
B3_zmq_pushpull,zmq_tcp,none,none,,1,13963,512,584,1785153450423434000,1785153450423434000,1785153450423434000,1785153450423435000,1785153450423594000,1785153450423597000,1785153450423597000,1785153450423597000,121932490,121652369,-121.121,0.000,0.000,1.000,3.000,0.000,0.000,38.000,0,0,0
B3_zmq_pushpull,zmq_tcp,none,none,,1,13964,512,584,1785153450424576000,1785153450424576000,1785153450424576000,1785153450424577000,1785153450424686000,1785153450424688000,1785153450424688000,1785153450424688000,121932490,121652369,-171.121,0.000,0.000,1.000,2.000,0.000,0.000,50.000,0,0,0
B3_zmq_pushpull,zmq_tcp,none,none,,1,13965,512,584,1785153450425536000,1785153450425536000,1785153450425536000,1785153450425537000,1785153450425678000,1785153450425681000,1785153450425681000,1785153450425681000,121932490,121652369,-139.121,0.000,0.000,1.000,3.000,0.000,0.000,32.000,0,0,0
B3_zmq_pushpull,zmq_tcp,none,none,,1,13966,512,584,1785153450426549000,1785153450426549000,1785153450426549000,1785153450426550000,1785153450426663000,1785153450426666000,1785153450426666000,1785153450426666000,121932490,121652369,-167.121,0.000,0.000,1.000,3.000,0.000,0.000,28.000,0,0,0
B3_zmq_pushpull,zmq_tcp,none,none,,1,13967,512,584,1785153450427547000,1785153450427547000,1785153450427548000,1785153450427548000,1785153450427624000,1785153450427626000,1785153450427626000,1785153450427626000,121932490,121652369,-204.121,0.000,1.000,0.000,2.000,0.000,0.000,37.000,0,0,0
B3_zmq_pushpull,zmq_tcp,none,none,,1,13968,512,584,1785153450428546000,1785153450428547000,1785153450428547000,1785153450428548000,1785153450428613000,1785153450428616000,1785153450428616000,1785153450428616000,121932490,121652369,-215.121,1.000,0.000,1.000,3.000,0.000,0.000,11.000,0,0,0
B3_zmq_pushpull,zmq_tcp,none,none,,1,13969,512,584,1785153450429545000,1785153450429545000,1785153450429545000,1785153450429546000,1785153450429736000,1785153450429738000,1785153450429738000,1785153450429738000,121932490,121652369,-90.121,0.000,0.000,1.000,2.000,0.000,0.000,125.000,0,0,0
B3_zmq_pushpull,zmq_tcp,none,none,,1,13970,512,584,1785153450430438000,1785153450430438000,1785153450430439000,1785153450430439000,1785153450430594000,1785153450430597000,1785153450430597000,1785153450430597000,121932490,121652369,-125.121,0.000,1.000,0.000,3.000,0.000,0.000,35.000,0,0,0
B3_zmq_pushpull,zmq_tcp,none,none,,1,13971,512,584,1785153450431436000,1785153450431436000,1785153450431436000,1785153450431437000,1785153450431594000,1785153450431597000,1785153450431597000,1785153450431597000,121932490,121652369,-123.121,0.000,0.000,1.000,3.000,0.000,0.000,2.000,0,0,0
B3_zmq_pushpull,zmq_tcp,none,none,,1,13972,512,584,1785153450432414000,1785153450432414000,1785153450432414000,1785153450432415000,1785153450432566000,1785153450432569000,1785153450432569000,1785153450432569000,121932490,121652369,-129.121,0.000,0.000,1.000,3.000,0.000,0.000,6.000,0,0,0
B3_zmq_pushpull,zmq_tcp,none,none,,1,13973,512,584,1785153450433392000,1785153450433392000,1785153450433392000,1785153450433393000,1785153450433544000,1785153450433546000,1785153450433546000,1785153450433546000,121932490,121652369,-129.121,0.000,0.000,1.000,2.000,0.000,0.000,0.000,0,0,0
B3_zmq_pushpull,zmq_tcp,none,none,,1,13974,512,584,1785153450434378000,1785153450434378000,1785153450434378000,1785153450434379000,1785153450434530000,1785153450434533000,1785153450434533000,1785153450434533000,121932490,121652369,-129.121,0.000,0.000,1.000,3.000,0.000,0.000,0.000,0,0,0
B3_zmq_pushpull,zmq_tcp,none,none,,1,13975,512,584,1785153450435363000,1785153450435363000,1785153450435363000,1785153450435364000,1785153450435524000,1785153450435527000,1785153450435527000,1785153450435527000,121932490,121652369,-120.121,0.000,0.000,1.000,3.000,0.000,0.000,9.000,0,0,0
B3_zmq_pushpull,zmq_tcp,none,none,,1,13976,512,584,1785153450436355000,1785153450436355000,1785153450436355000,1785153450436356000,1785153450436500000,1785153450436502000,1785153450436502000,1785153450436502000,121932490,121652369,-136.121,0.000,0.000,1.000,2.000,0.000,0.000,16.000,0,0,0
B3_zmq_pushpull,zmq_tcp,none,none,,1,13977,512,584,1785153450437464000,1785153450437464000,1785153450437465000,1785153450437465000,1785153450437625000,1785153450437627000,1785153450437627000,1785153450437627000,121932490,121652369,-120.121,0.000,1.000,0.000,2.000,0.000,0.000,16.000,0,0,0
B3_zmq_pushpull,zmq_tcp,none,none,,1,13978,512,584,1785153450438569000,1785153450438569000,1785153450438569000,1785153450438570000,1785153450438757000,1785153450438760000,1785153450438760000,1785153450438760000,121932490,121652369,-93.121,0.000,0.000,1.000,3.000,0.000,0.000,27.000,0,0,0
B3_zmq_pushpull,zmq_tcp,none,none,,1,13979,512,584,1785153450439447000,1785153450439447000,1785153450439448000,1785153450439449000,1785153450439590000,1785153450439593000,1785153450439593000,1785153450439593000,121932490,121652369,-139.121,0.000,1.000,1.000,3.000,0.000,0.000,46.000,0,0,0
B3_zmq_pushpull,zmq_tcp,none,none,,1,13980,512,584,1785153450440569000,1785153450440569000,1785153450440569000,1785153450440570000,1785153450440688000,1785153450440690000,1785153450440690000,1785153450440690000,121932490,121652369,-162.121,0.000,0.000,1.000,2.000,0.000,0.000,23.000,0,0,0
B3_zmq_pushpull,zmq_tcp,none,none,,1,13981,512,584,1785153450441541000,1785153450441541000,1785153450441541000,1785153450441542000,1785153450441662000,1785153450441664000,1785153450441664000,1785153450441664000,121932490,121652369,-160.121,0.000,0.000,1.000,2.000,0.000,0.000,2.000,0,0,0
B3_zmq_pushpull,zmq_tcp,none,none,,1,13982,512,584,1785153450442551000,1785153450442551000,1785153450442551000,1785153450442552000,1785153450442660000,1785153450442662000,1785153450442662000,1785153450442662000,121932490,121652369,-172.121,0.000,0.000,1.000,2.000,0.000,0.000,12.000,0,0,0
B3_zmq_pushpull,zmq_tcp,none,none,,1,13983,512,584,1785153450443543000,1785153450443543000,1785153450443543000,1785153450443544000,1785153450443646000,1785153450443651000,1785153450443651000,1785153450443651000,121932490,121652369,-178.121,0.000,0.000,1.000,5.000,0.000,0.000,6.000,0,0,0
B3_zmq_pushpull,zmq_tcp,none,none,,1,13984,512,584,1785153450444551000,1785153450444551000,1785153450444551000,1785153450444552000,1785153450444632000,1785153450444635000,1785153450444635000,1785153450444635000,121932490,121652369,-200.121,0.000,0.000,1.000,3.000,0.000,0.000,22.000,0,0,0
B3_zmq_pushpull,zmq_tcp,none,none,,1,13985,512,584,1785153450445545000,1785153450445546000,1785153450445546000,1785153450445547000,1785153450445610000,1785153450445613000,1785153450445613000,1785153450445613000,121932490,121652369,-217.121,1.000,0.000,1.000,3.000,0.000,0.000,17.000,0,0,0
B3_zmq_pushpull,zmq_tcp,none,none,,1,13986,512,584,1785153450446547000,1785153450446547000,1785153450446547000,1785153450446548000,1785153450446594000,1785153450446597000,1785153450446597000,1785153450446597000,121932490,121652369,-234.121,0.000,0.000,1.000,3.000,0.000,0.000,17.000,0,0,0
B3_zmq_pushpull,zmq_tcp,none,none,,1,13987,512,584,1785153450447544000,1785153450447544000,1785153450447544000,1785153450447545000,1785153450447704000,1785153450447706000,1785153450447706000,1785153450447706000,121932490,121652369,-121.121,0.000,0.000,1.000,2.000,0.000,0.000,113.000,0,0,0
B3_zmq_pushpull,zmq_tcp,none,none,,1,13988,512,584,1785153450448548000,1785153450448548000,1785153450448548000,1785153450448549000,1785153450448685000,1785153450448688000,1785153450448688000,1785153450448688000,121932490,121652369,-144.121,0.000,0.000,1.000,3.000,0.000,0.000,23.000,0,0,0
B3_zmq_pushpull,zmq_tcp,none,none,,1,13989,512,584,1785153450449551000,1785153450449551000,1785153450449551000,1785153450449552000,1785153450449665000,1785153450449668000,1785153450449668000,1785153450449668000,121932490,121652369,-167.121,0.000,0.000,1.000,3.000,0.000,0.000,23.000,0,0,0
B3_zmq_pushpull,zmq_tcp,none,none,,1,13990,512,584,1785153450450545000,1785153450450545000,1785153450450545000,1785153450450546000,1785153450450642000,1785153450450645000,1785153450450645000,1785153450450645000,121932490,121652369,-184.121,0.000,0.000,1.000,3.000,0.000,0.000,17.000,0,0,0
B3_zmq_pushpull,zmq_tcp,none,none,,1,13991,512,584,1785153450451547000,1785153450451547000,1785153450451547000,1785153450451548000,1785153450451637000,1785153450451640000,1785153450451640000,1785153450451640000,121932490,121652369,-191.121,0.000,0.000,1.000,3.000,0.000,0.000,7.000,0,0,0
B3_zmq_pushpull,zmq_tcp,none,none,,1,13992,512,584,1785153450452359000,1785153450452360000,1785153450452360000,1785153450452361000,1785153450452504000,1785153450452507000,1785153450452507000,1785153450452507000,121932490,121652369,-137.121,1.000,0.000,1.000,3.000,0.000,0.000,54.000,0,0,0
B3_zmq_pushpull,zmq_tcp,none,none,,1,13993,512,584,1785153450453594000,1785153450453594000,1785153450453594000,1785153450453595000,1785153450453781000,1785153450453784000,1785153450453784000,1785153450453784000,121932490,121652369,-94.121,0.000,0.000,1.000,3.000,0.000,0.000,43.000,0,0,0
B3_zmq_pushpull,zmq_tcp,none,none,,1,13994,512,584,1785153450454535000,1785153450454535000,1785153450454535000,1785153450454536000,1785153450454644000,1785153450454647000,1785153450454647000,1785153450454647000,121932490,121652369,-172.121,0.000,0.000,1.000,3.000,0.000,0.000,78.000,0,0,0
B3_zmq_pushpull,zmq_tcp,none,none,,1,13995,512,584,1785153450455552000,1785153450455552000,1785153450455552000,1785153450455553000,1785153450455643000,1785153450455646000,1785153450455646000,1785153450455646000,121932490,121652369,-190.121,0.000,0.000,1.000,3.000,0.000,0.000,18.000,0,0,0
B3_zmq_pushpull,zmq_tcp,none,none,,1,13996,512,584,1785153450456549000,1785153450456549000,1785153450456549000,1785153450456550000,1785153450456630000,1785153450456634000,1785153450456634000,1785153450456634000,121932490,121652369,-200.121,0.000,0.000,1.000,4.000,0.000,0.000,10.000,0,0,0
B3_zmq_pushpull,zmq_tcp,none,none,,1,13997,512,584,1785153450457549000,1785153450457549000,1785153450457549000,1785153450457550000,1785153450457634000,1785153450457638000,1785153450457638000,1785153450457638000,121932490,121652369,-196.121,0.000,0.000,1.000,4.000,0.000,0.000,4.000,0,0,0
B3_zmq_pushpull,zmq_tcp,none,none,,1,13998,512,584,1785153450458351000,1785153450458351000,1785153450458351000,1785153450458352000,1785153450458493000,1785153450458496000,1785153450458496000,1785153450458496000,121932490,121652369,-139.121,0.000,0.000,1.000,3.000,0.000,0.000,57.000,0,0,0
B3_zmq_pushpull,zmq_tcp,none,none,,1,13999,512,584,1785153450459356000,1785153450459356000,1785153450459356000,1785153450459357000,1785153450459514000,1785153450459520000,1785153450459521000,1785153450459521000,121932490,121652369,-123.121,0.000,0.000,1.000,6.000,1.000,0.000,16.000,0,0,0
B3_zmq_pushpull,zmq_tcp,none,none,,1,14000,512,584,1785153450460370000,1785153450460370000,1785153450460370000,1785153450460371000,1785153450460514000,1785153450460517000,1785153450460517000,1785153450460517000,121932490,121652369,-137.121,0.000,0.000,1.000,3.000,0.000,0.000,14.000,0,0,0
B3_zmq_pushpull,zmq_tcp,none,none,,1,14001,512,584,1785153450461592000,1785153450461592000,1785153450461592000,1785153450461593000,1785153450461647000,1785153450461651000,1785153450461651000,1785153450461651000,121932490,121652369,-226.121,0.000,0.000,1.000,4.000,0.000,0.000,89.000,0,0,0
B3_zmq_pushpull,zmq_tcp,none,none,,1,14002,512,584,1785153450462533000,1785153450462534000,1785153450462534000,1785153450462535000,1785153450462648000,1785153450462651000,1785153450462651000,1785153450462651000,121932490,121652369,-167.121,1.000,0.000,1.000,3.000,0.000,0.000,59.000,0,0,0
B3_zmq_pushpull,zmq_tcp,none,none,,1,14003,512,584,1785153450463552000,1785153450463552000,1785153450463552000,1785153450463553000,1785153450463654000,1785153450463657000,1785153450463657000,1785153450463657000,121932490,121652369,-179.121,0.000,0.000,1.000,3.000,0.000,0.000,12.000,0,0,0
B3_zmq_pushpull,zmq_tcp,none,none,,1,14004,512,584,1785153450464548000,1785153450464549000,1785153450464549000,1785153450464550000,1785153450464652000,1785153450464655000,1785153450464655000,1785153450464655000,121932490,121652369,-178.121,1.000,0.000,1.000,3.000,0.000,0.000,1.000,0,0,0
B3_zmq_pushpull,zmq_tcp,none,none,,1,14005,512,584,1785153450465551000,1785153450465551000,1785153450465551000,1785153450465552000,1785153450465661000,1785153450465663000,1785153450465663000,1785153450465663000,121932490,121652369,-171.121,0.000,0.000,1.000,2.000,0.000,0.000,7.000,0,0,0
B3_zmq_pushpull,zmq_tcp,none,none,,1,14006,512,584,1785153450466544000,1785153450466544000,1785153450466544000,1785153450466545000,1785153450466670000,1785153450466673000,1785153450466673000,1785153450466673000,121932490,121652369,-155.121,0.000,0.000,1.000,3.000,0.000,0.000,16.000,0,0,0
B3_zmq_pushpull,zmq_tcp,none,none,,1,14007,512,584,1785153450467549000,1785153450467549000,1785153450467549000,1785153450467550000,1785153450467666000,1785153450467669000,1785153450467669000,1785153450467669000,121932490,121652369,-164.121,0.000,0.000,1.000,3.000,0.000,0.000,9.000,0,0,0
B3_zmq_pushpull,zmq_tcp,none,none,,1,14008,512,584,1785153450468548000,1785153450468548000,1785153450468548000,1785153450468549000,1785153450468654000,1785153450468657000,1785153450468657000,1785153450468657000,121932490,121652369,-175.121,0.000,0.000,1.000,3.000,0.000,0.000,11.000,0,0,0
B3_zmq_pushpull,zmq_tcp,none,none,,1,14009,512,584,1785153450469548000,1785153450469548000,1785153450469548000,1785153450469549000,1785153450469666000,1785153450469669000,1785153450469669000,1785153450469669000,121932490,121652369,-163.121,0.000,0.000,1.000,3.000,0.000,0.000,12.000,0,0,0
B3_zmq_pushpull,zmq_tcp,none,none,,1,14010,512,584,1785153450470548000,1785153450470548000,1785153450470548000,1785153450470549000,1785153450470678000,1785153450470681000,1785153450470681000,1785153450470681000,121932490,121652369,-151.121,0.000,0.000,1.000,3.000,0.000,0.000,12.000,0,0,0
B3_zmq_pushpull,zmq_tcp,none,none,,1,14011,512,584,1785153450471547000,1785153450471548000,1785153450471548000,1785153450471549000,1785153450471672000,1785153450471674000,1785153450471674000,1785153450471674000,121932490,121652369,-157.121,1.000,0.000,1.000,2.000,0.000,0.000,6.000,0,0,0
B3_zmq_pushpull,zmq_tcp,none,none,,1,14012,512,584,1785153450472547000,1785153450472548000,1785153450472548000,1785153450472548000,1785153450472690000,1785153450472693000,1785153450472693000,1785153450472693000,121932490,121652369,-138.121,1.000,0.000,0.000,3.000,0.000,0.000,19.000,0,0,0
B3_zmq_pushpull,zmq_tcp,none,none,,1,14013,512,584,1785153450473547000,1785153450473547000,1785153450473547000,1785153450473548000,1785153450473694000,1785153450473697000,1785153450473697000,1785153450473697000,121932490,121652369,-134.121,0.000,0.000,1.000,3.000,0.000,0.000,4.000,0,0,0
B3_zmq_pushpull,zmq_tcp,none,none,,1,14014,512,584,1785153450474399000,1785153450474399000,1785153450474399000,1785153450474400000,1785153450474553000,1785153450474556000,1785153450474556000,1785153450474556000,121932490,121652369,-127.121,0.000,0.000,1.000,3.000,0.000,0.000,7.000,0,0,0
B3_zmq_pushpull,zmq_tcp,none,none,,1,14015,512,584,1785153450475585000,1785153450475585000,1785153450475585000,1785153450475586000,1785153450475679000,1785153450475682000,1785153450475682000,1785153450475682000,121932490,121652369,-187.121,0.000,0.000,1.000,3.000,0.000,0.000,60.000,0,0,0
B3_zmq_pushpull,zmq_tcp,none,none,,1,14016,512,584,1785153450476538000,1785153450476539000,1785153450476539000,1785153450476540000,1785153450476685000,1785153450476687000,1785153450476687000,1785153450476687000,121932490,121652369,-135.121,1.000,0.000,1.000,2.000,0.000,0.000,52.000,0,0,0
B3_zmq_pushpull,zmq_tcp,none,none,,1,14017,512,584,1785153450477551000,1785153450477551000,1785153450477551000,1785153450477553000,1785153450477706000,1785153450477709000,1785153450477709000,1785153450477709000,121932490,121652369,-127.121,0.000,0.000,2.000,3.000,0.000,0.000,8.000,0,0,0
B3_zmq_pushpull,zmq_tcp,none,none,,1,14018,512,584,1785153450478545000,1785153450478545000,1785153450478545000,1785153450478546000,1785153450478706000,1785153450478709000,1785153450478709000,1785153450478709000,121932490,121652369,-120.121,0.000,0.000,1.000,3.000,0.000,0.000,7.000,0,0,0
B3_zmq_pushpull,zmq_tcp,none,none,,1,14019,512,584,1785153450479549000,1785153450479549000,1785153450479549000,1785153450479550000,1785153450479703000,1785153450479706000,1785153450479706000,1785153450479706000,121932490,121652369,-127.121,0.000,0.000,1.000,3.000,0.000,0.000,7.000,0,0,0
B3_zmq_pushpull,zmq_tcp,none,none,,1,14020,512,584,1785153450480549000,1785153450480549000,1785153450480550000,1785153450480550000,1785153450480698000,1785153450480701000,1785153450480701000,1785153450480701000,121932490,121652369,-132.121,0.000,1.000,0.000,3.000,0.000,0.000,5.000,0,0,0
B3_zmq_pushpull,zmq_tcp,none,none,,1,14021,512,584,1785153450481548000,1785153450481548000,1785153450481548000,1785153450481549000,1785153450481685000,1785153450481688000,1785153450481688000,1785153450481688000,121932490,121652369,-144.121,0.000,0.000,1.000,3.000,0.000,0.000,12.000,0,0,0
B3_zmq_pushpull,zmq_tcp,none,none,,1,14022,512,584,1785153450482398000,1785153450482398000,1785153450482398000,1785153450482399000,1785153450482554000,1785153450482557000,1785153450482557000,1785153450482557000,121932490,121652369,-125.121,0.000,0.000,1.000,3.000,0.000,0.000,19.000,0,0,0
B3_zmq_pushpull,zmq_tcp,none,none,,1,14023,512,584,1785153450483586000,1785153450483586000,1785153450483586000,1785153450483587000,1785153450483677000,1785153450483679000,1785153450483679000,1785153450483679000,121932490,121652369,-190.121,0.000,0.000,1.000,2.000,0.000,0.000,65.000,0,0,0
B3_zmq_pushpull,zmq_tcp,none,none,,1,14024,512,584,1785153450484540000,1785153450484540000,1785153450484540000,1785153450484541000,1785153450484673000,1785153450484675000,1785153450484675000,1785153450484675000,121932490,121652369,-148.121,0.000,0.000,1.000,2.000,0.000,0.000,42.000,0,0,0
B3_zmq_pushpull,zmq_tcp,none,none,,1,14025,512,584,1785153450485552000,1785153450485552000,1785153450485552000,1785153450485553000,1785153450485659000,1785153450485662000,1785153450485662000,1785153450485662000,121932490,121652369,-174.121,0.000,0.000,1.000,3.000,0.000,0.000,26.000,0,0,0
B3_zmq_pushpull,zmq_tcp,none,none,,1,14026,512,584,1785153450486547000,1785153450486547000,1785153450486547000,1785153450486548000,1785153450486671000,1785153450486674000,1785153450486674000,1785153450486674000,121932490,121652369,-157.121,0.000,0.000,1.000,3.000,0.000,0.000,17.000,0,0,0
B3_zmq_pushpull,zmq_tcp,none,none,,1,14027,512,584,1785153450487548000,1785153450487548000,1785153450487548000,1785153450487549000,1785153450487655000,1785153450487657000,1785153450487657000,1785153450487657000,121932490,121652369,-174.121,0.000,0.000,1.000,2.000,0.000,0.000,17.000,0,0,0
B3_zmq_pushpull,zmq_tcp,none,none,,1,14028,512,584,1785153450488548000,1785153450488548000,1785153450488548000,1785153450488549000,1785153450488642000,1785153450488645000,1785153450488645000,1785153450488645000,121932490,121652369,-187.121,0.000,0.000,1.000,3.000,0.000,0.000,13.000,0,0,0
B3_zmq_pushpull,zmq_tcp,none,none,,1,14029,512,584,1785153450489548000,1785153450489548000,1785153450489548000,1785153450489549000,1785153450489641000,1785153450489643000,1785153450489643000,1785153450489643000,121932490,121652369,-188.121,0.000,0.000,1.000,2.000,0.000,0.000,1.000,0,0,0
B3_zmq_pushpull,zmq_tcp,none,none,,1,14030,512,584,1785153450490550000,1785153450490550000,1785153450490550000,1785153450490551000,1785153450490641000,1785153450490644000,1785153450490644000,1785153450490644000,121932490,121652369,-190.121,0.000,0.000,1.000,3.000,0.000,0.000,2.000,0,0,0
B3_zmq_pushpull,zmq_tcp,none,none,,1,14031,512,584,1785153450491356000,1785153450491356000,1785153450491356000,1785153450491357000,1785153450491515000,1785153450491518000,1785153450491518000,1785153450491518000,121932490,121652369,-122.121,0.000,0.000,1.000,3.000,0.000,0.000,68.000,0,0,0
B3_zmq_pushpull,zmq_tcp,none,none,,1,14032,512,584,1785153450492597000,1785153450492597000,1785153450492597000,1785153450492598000,1785153450492673000,1785153450492675000,1785153450492675000,1785153450492675000,121932490,121652369,-205.121,0.000,0.000,1.000,2.000,0.000,0.000,83.000,0,0,0
B3_zmq_pushpull,zmq_tcp,none,none,,1,14033,512,584,1785153450493534000,1785153450493534000,1785153450493534000,1785153450493535000,1785153450493657000,1785153450493660000,1785153450493660000,1785153450493660000,121932490,121652369,-158.121,0.000,0.000,1.000,3.000,0.000,0.000,47.000,0,0,0
B3_zmq_pushpull,zmq_tcp,none,none,,1,14034,512,584,1785153450494552000,1785153450494552000,1785153450494552000,1785153450494553000,1785153450494665000,1785153450494667000,1785153450494667000,1785153450494667000,121932490,121652369,-168.121,0.000,0.000,1.000,2.000,0.000,0.000,10.000,0,0,0
B3_zmq_pushpull,zmq_tcp,none,none,,1,14035,512,584,1785153450495547000,1785153450495547000,1785153450495547000,1785153450495548000,1785153450495651000,1785153450495654000,1785153450495654000,1785153450495654000,121932490,121652369,-177.121,0.000,0.000,1.000,3.000,0.000,0.000,9.000,0,0,0
B3_zmq_pushpull,zmq_tcp,none,none,,1,14036,512,584,1785153450496549000,1785153450496549000,1785153450496549000,1785153450496550000,1785153450496646000,1785153450496649000,1785153450496649000,1785153450496649000,121932490,121652369,-184.121,0.000,0.000,1.000,3.000,0.000,0.000,7.000,0,0,0
B3_zmq_pushpull,zmq_tcp,none,none,,1,14037,512,584,1785153450497544000,1785153450497544000,1785153450497544000,1785153450497545000,1785153450497633000,1785153450497636000,1785153450497636000,1785153450497636000,121932490,121652369,-192.121,0.000,0.000,1.000,3.000,0.000,0.000,8.000,0,0,0
B3_zmq_pushpull,zmq_tcp,none,none,,1,14038,512,584,1785153450498549000,1785153450498549000,1785153450498549000,1785153450498550000,1785153450498636000,1785153450498638000,1785153450498638000,1785153450498638000,121932490,121652369,-194.121,0.000,0.000,1.000,2.000,0.000,0.000,2.000,0,0,0
B3_zmq_pushpull,zmq_tcp,none,none,,1,14039,512,584,1785153450499548000,1785153450499548000,1785153450499548000,1785153450499549000,1785153450499630000,1785153450499632000,1785153450499633000,1785153450499633000,121932490,121652369,-199.121,0.000,0.000,1.000,2.000,1.000,0.000,5.000,0,0,0
B3_zmq_pushpull,zmq_tcp,none,none,,1,14040,512,584,1785153450500551000,1785153450500551000,1785153450500551000,1785153450500552000,1785153450500645000,1785153450500647000,1785153450500647000,1785153450500647000,121932490,121652369,-187.121,0.000,0.000,1.000,2.000,0.000,0.000,12.000,0,0,0
B3_zmq_pushpull,zmq_tcp,none,none,,1,14041,512,584,1785153450501547000,1785153450501547000,1785153450501547000,1785153450501548000,1785153450501632000,1785153450501635000,1785153450501635000,1785153450501635000,121932490,121652369,-196.121,0.000,0.000,1.000,3.000,0.000,0.000,9.000,0,0,0
B3_zmq_pushpull,zmq_tcp,none,none,,1,14042,512,584,1785153450502548000,1785153450502548000,1785153450502548000,1785153450502549000,1785153450502619000,1785153450502622000,1785153450502622000,1785153450502622000,121932490,121652369,-210.121,0.000,0.000,1.000,3.000,0.000,0.000,14.000,0,0,0
B3_zmq_pushpull,zmq_tcp,none,none,,1,14043,512,584,1785153450503549000,1785153450503549000,1785153450503549000,1785153450503550000,1785153450503605000,1785153450503607000,1785153450503607000,1785153450503607000,121932490,121652369,-225.121,0.000,0.000,1.000,2.000,0.000,0.000,15.000,0,0,0
B3_zmq_pushpull,zmq_tcp,none,none,,1,14044,512,584,1785153450504548000,1785153450504548000,1785153450504548000,1785153450504549000,1785153450504606000,1785153450504610000,1785153450504610000,1785153450504610000,121932490,121652369,-223.121,0.000,0.000,1.000,4.000,0.000,0.000,2.000,0,0,0
B3_zmq_pushpull,zmq_tcp,none,none,,1,14045,512,584,1785153450505457000,1785153450505457000,1785153450505457000,1785153450505458000,1785153450505617000,1785153450505620000,1785153450505620000,1785153450505620000,121932490,121652369,-121.121,0.000,0.000,1.000,3.000,0.000,0.000,102.000,0,0,0
B3_zmq_pushpull,zmq_tcp,none,none,,1,14046,512,584,1785153450506573000,1785153450506573000,1785153450506573000,1785153450506574000,1785153450506633000,1785153450506635000,1785153450506635000,1785153450506635000,121932490,121652369,-221.121,0.000,0.000,1.000,2.000,0.000,0.000,100.000,0,0,0
B3_zmq_pushpull,zmq_tcp,none,none,,1,14047,512,584,1785153450507476000,1785153450507476000,1785153450507476000,1785153450507477000,1785153450507622000,1785153450507625000,1785153450507625000,1785153450507625000,121932490,121652369,-135.121,0.000,0.000,1.000,3.000,0.000,0.000,86.000,0,0,0
B3_zmq_pushpull,zmq_tcp,none,none,,1,14048,512,584,1785153450508567000,1785153450508567000,1785153450508567000,1785153450508568000,1785153450508623000,1785153450508626000,1785153450508626000,1785153450508626000,121932490,121652369,-225.121,0.000,0.000,1.000,3.000,0.000,0.000,90.000,0,0,0
B3_zmq_pushpull,zmq_tcp,none,none,,1,14049,512,584,1785153450509540000,1785153450509540000,1785153450509540000,1785153450509541000,1785153450509632000,1785153450509634000,1785153450509634000,1785153450509634000,121932490,121652369,-189.121,0.000,0.000,1.000,2.000,0.000,0.000,36.000,0,0,0
B3_zmq_pushpull,zmq_tcp,none,none,,1,14050,512,584,1785153450510551000,1785153450510551000,1785153450510551000,1785153450510552000,1785153450510610000,1785153450510613000,1785153450510613000,1785153450510613000,121932490,121652369,-222.121,0.000,0.000,1.000,3.000,0.000,0.000,33.000,0,0,0
B3_zmq_pushpull,zmq_tcp,none,none,,1,14051,512,584,1785153450511549000,1785153450511549000,1785153450511549000,1785153450511550000,1785153450511617000,1785153450511621000,1785153450511621000,1785153450511621000,121932490,121652369,-213.121,0.000,0.000,1.000,4.000,0.000,0.000,9.000,0,0,0
B3_zmq_pushpull,zmq_tcp,none,none,,1,14052,512,584,1785153450512548000,1785153450512548000,1785153450512548000,1785153450512549000,1785153450512624000,1785153450512626000,1785153450512626000,1785153450512626000,121932490,121652369,-205.121,0.000,0.000,1.000,2.000,0.000,0.000,8.000,0,0,0
B3_zmq_pushpull,zmq_tcp,none,none,,1,14053,512,584,1785153450513548000,1785153450513548000,1785153450513548000,1785153450513549000,1785153450513625000,1785153450513628000,1785153450513628000,1785153450513628000,121932490,121652369,-204.121,0.000,0.000,1.000,3.000,0.000,0.000,1.000,0,0,0
B3_zmq_pushpull,zmq_tcp,none,none,,1,14054,512,584,1785153450514548000,1785153450514548000,1785153450514548000,1785153450514549000,1785153450514621000,1785153450514624000,1785153450514624000,1785153450514624000,121932490,121652369,-208.121,0.000,0.000,1.000,3.000,0.000,0.000,4.000,0,0,0
B3_zmq_pushpull,zmq_tcp,none,none,,1,14055,512,584,1785153450515548000,1785153450515548000,1785153450515548000,1785153450515549000,1785153450515624000,1785153450515627000,1785153450515627000,1785153450515627000,121932490,121652369,-205.121,0.000,0.000,1.000,3.000,0.000,0.000,3.000,0,0,0
B3_zmq_pushpull,zmq_tcp,none,none,,1,14056,512,584,1785153450516439000,1785153450516439000,1785153450516439000,1785153450516440000,1785153450516593000,1785153450516596000,1785153450516596000,1785153450516596000,121932490,121652369,-127.121,0.000,0.000,1.000,3.000,0.000,0.000,78.000,0,0,0
B3_zmq_pushpull,zmq_tcp,none,none,,1,14057,512,584,1785153450517435000,1785153450517436000,1785153450517436000,1785153450517437000,1785153450517590000,1785153450517593000,1785153450517593000,1785153450517593000,121932490,121652369,-127.121,1.000,0.000,1.000,3.000,0.000,0.000,0.000,0,0,0
B3_zmq_pushpull,zmq_tcp,none,none,,1,14058,512,584,1785153450518577000,1785153450518577000,1785153450518577000,1785153450518578000,1785153450518733000,1785153450518735000,1785153450518736000,1785153450518736000,121932490,121652369,-125.121,0.000,0.000,1.000,2.000,1.000,0.000,2.000,0,0,0
B3_zmq_pushpull,zmq_tcp,none,none,,1,14059,512,584,1785153450519544000,1785153450519544000,1785153450519544000,1785153450519545000,1785153450519602000,1785153450519605000,1785153450519605000,1785153450519605000,121932490,121652369,-223.121,0.000,0.000,1.000,3.000,0.000,0.000,98.000,0,0,0
B3_zmq_pushpull,zmq_tcp,none,none,,1,14060,512,584,1785153450520549000,1785153450520549000,1785153450520549000,1785153450520550000,1785153450520602000,1785153450520605000,1785153450520605000,1785153450520605000,121932490,121652369,-228.121,0.000,0.000,1.000,3.000,0.000,0.000,5.000,0,0,0
B3_zmq_pushpull,zmq_tcp,none,none,,1,14061,512,584,1785153450521456000,1785153450521457000,1785153450521457000,1785153450521458000,1785153450521615000,1785153450521618000,1785153450521618000,1785153450521618000,121932490,121652369,-123.121,1.000,0.000,1.000,3.000,0.000,0.000,105.000,0,0,0
B3_zmq_pushpull,zmq_tcp,none,none,,1,14062,512,584,1785153450522454000,1785153450522454000,1785153450522454000,1785153450522455000,1785153450522610000,1785153450522613000,1785153450522613000,1785153450522613000,121932490,121652369,-125.121,0.000,0.000,1.000,3.000,0.000,0.000,2.000,0,0,0
B3_zmq_pushpull,zmq_tcp,none,none,,1,14063,512,584,1785153450523452000,1785153450523453000,1785153450523453000,1785153450523454000,1785153450523606000,1785153450523609000,1785153450523609000,1785153450523609000,121932490,121652369,-128.121,1.000,0.000,1.000,3.000,0.000,0.000,3.000,0,0,0
B3_zmq_pushpull,zmq_tcp,none,none,,1,14064,512,584,1785153450524456000,1785153450524457000,1785153450524457000,1785153450524458000,1785153450524610000,1785153450524613000,1785153450524613000,1785153450524613000,121932490,121652369,-128.121,1.000,0.000,1.000,3.000,0.000,0.000,0.000,0,0,0
B3_zmq_pushpull,zmq_tcp,none,none,,1,14065,512,584,1785153450525464000,1785153450525464000,1785153450525464000,1785153450525465000,1785153450525623000,1785153450525627000,1785153450525627000,1785153450525627000,121932490,121652369,-122.121,0.000,0.000,1.000,4.000,0.000,0.000,6.000,0,0,0
B3_zmq_pushpull,zmq_tcp,none,none,,1,14066,512,584,1785153450526478000,1785153450526478000,1785153450526478000,1785153450526479000,1785153450526628000,1785153450526630000,1785153450526630000,1785153450526630000,121932490,121652369,-131.121,0.000,0.000,1.000,2.000,0.000,0.000,9.000,0,0,0
B3_zmq_pushpull,zmq_tcp,none,none,,1,14067,512,584,1785153450527352000,1785153450527352000,1785153450527352000,1785153450527353000,1785153450527497000,1785153450527500000,1785153450527500000,1785153450527500000,121932490,121652369,-136.121,0.000,0.000,1.000,3.000,0.000,0.000,5.000,0,0,0
B3_zmq_pushpull,zmq_tcp,none,none,,1,14068,512,584,1785153450528355000,1785153450528355000,1785153450528355000,1785153450528356000,1785153450528500000,1785153450528502000,1785153450528502000,1785153450528502000,121932490,121652369,-136.121,0.000,0.000,1.000,2.000,0.000,0.000,0.000,0,0,0
B3_zmq_pushpull,zmq_tcp,none,none,,1,14069,512,584,1785153450529356000,1785153450529356000,1785153450529356000,1785153450529357000,1785153450529502000,1785153450529505000,1785153450529505000,1785153450529505000,121932490,121652369,-135.121,0.000,0.000,1.000,3.000,0.000,0.000,1.000,0,0,0
B3_zmq_pushpull,zmq_tcp,none,none,,1,14070,512,584,1785153450530354000,1785153450530354000,1785153450530354000,1785153450530355000,1785153450530508000,1785153450530510000,1785153450530510000,1785153450530510000,121932490,121652369,-127.121,0.000,0.000,1.000,2.000,0.000,0.000,8.000,0,0,0
B3_zmq_pushpull,zmq_tcp,none,none,,1,14071,512,584,1785153450531474000,1785153450531474000,1785153450531474000,1785153450531475000,1785153450531628000,1785153450531630000,1785153450531630000,1785153450531630000,121932490,121652369,-127.121,0.000,0.000,1.000,2.000,0.000,0.000,0.000,0,0,0
B3_zmq_pushpull,zmq_tcp,none,none,,1,14072,512,584,1785153450532567000,1785153450532567000,1785153450532567000,1785153450532568000,1785153450532627000,1785153450532630000,1785153450532630000,1785153450532630000,121932490,121652369,-221.121,0.000,0.000,1.000,3.000,0.000,0.000,94.000,0,0,0
B3_zmq_pushpull,zmq_tcp,none,none,,1,14073,512,584,1785153450533547000,1785153450533547000,1785153450533547000,1785153450533548000,1785153450533616000,1785153450533618000,1785153450533618000,1785153450533618000,121932490,121652369,-212.121,0.000,0.000,1.000,2.000,0.000,0.000,9.000,0,0,0
B3_zmq_pushpull,zmq_tcp,none,none,,1,14074,512,584,1785153450534551000,1785153450534551000,1785153450534551000,1785153450534552000,1785153450534617000,1785153450534620000,1785153450534620000,1785153450534620000,121932490,121652369,-215.121,0.000,0.000,1.000,3.000,0.000,0.000,3.000,0,0,0
B3_zmq_pushpull,zmq_tcp,none,none,,1,14075,512,584,1785153450535550000,1785153450535550000,1785153450535550000,1785153450535551000,1785153450535628000,1785153450535630000,1785153450535631000,1785153450535631000,121932490,121652369,-203.121,0.000,0.000,1.000,2.000,1.000,0.000,12.000,0,0,0
B3_zmq_pushpull,zmq_tcp,none,none,,1,14076,512,584,1785153450536481000,1785153450536481000,1785153450536481000,1785153450536482000,1785153450536637000,1785153450536640000,1785153450536640000,1785153450536640000,121932490,121652369,-125.121,0.000,0.000,1.000,3.000,0.000,0.000,78.000,0,0,0
B3_zmq_pushpull,zmq_tcp,none,none,,1,14077,512,584,1785153450537565000,1785153450537566000,1785153450537566000,1785153450537567000,1785153450537622000,1785153450537625000,1785153450537625000,1785153450537625000,121932490,121652369,-225.121,1.000,0.000,1.000,3.000,0.000,0.000,100.000,0,0,0
B3_zmq_pushpull,zmq_tcp,none,none,,1,14078,512,584,1785153450538540000,1785153450538540000,1785153450538540000,1785153450538541000,1785153450538628000,1785153450538630000,1785153450538630000,1785153450538630000,121932490,121652369,-193.121,0.000,0.000,1.000,2.000,0.000,0.000,32.000,0,0,0
B3_zmq_pushpull,zmq_tcp,none,none,,1,14079,512,584,1785153450539554000,1785153450539554000,1785153450539554000,1785153450539555000,1785153450539636000,1785153450539639000,1785153450539639000,1785153450539639000,121932490,121652369,-199.121,0.000,0.000,1.000,3.000,0.000,0.000,6.000,0,0,0
B3_zmq_pushpull,zmq_tcp,none,none,,1,14080,512,584,1785153450540475000,1785153450540475000,1785153450540475000,1785153450540476000,1785153450540625000,1785153450540627000,1785153450540627000,1785153450540627000,121932490,121652369,-131.121,0.000,0.000,1.000,2.000,0.000,0.000,68.000,0,0,0
B3_zmq_pushpull,zmq_tcp,none,none,,1,14081,512,584,1785153450541478000,1785153450541478000,1785153450541478000,1785153450541479000,1785153450541636000,1785153450541638000,1785153450541638000,1785153450541638000,121932490,121652369,-123.121,0.000,0.000,1.000,2.000,0.000,0.000,8.000,0,0,0
B3_zmq_pushpull,zmq_tcp,none,none,,1,14082,512,584,1785153450542565000,1785153450542566000,1785153450542566000,1785153450542567000,1785153450542649000,1785153450542652000,1785153450542652000,1785153450542652000,121932490,121652369,-198.121,1.000,0.000,1.000,3.000,0.000,0.000,75.000,0,0,0
B3_zmq_pushpull,zmq_tcp,none,none,,1,14083,512,584,1785153450543544000,1785153450543544000,1785153450543545000,1785153450543545000,1785153450543657000,1785153450543660000,1785153450543660000,1785153450543660000,121932490,121652369,-168.121,0.000,1.000,0.000,3.000,0.000,0.000,30.000,0,0,0
B3_zmq_pushpull,zmq_tcp,none,none,,1,14084,512,584,1785153450544550000,1785153450544550000,1785153450544550000,1785153450544551000,1785153450544652000,1785153450544654000,1785153450544654000,1785153450544654000,121932490,121652369,-179.121,0.000,0.000,1.000,2.000,0.000,0.000,11.000,0,0,0
B3_zmq_pushpull,zmq_tcp,none,none,,1,14085,512,584,1785153450545544000,1785153450545544000,1785153450545544000,1785153450545545000,1785153450545657000,1785153450545660000,1785153450545660000,1785153450545660000,121932490,121652369,-168.121,0.000,0.000,1.000,3.000,0.000,0.000,11.000,0,0,0
B3_zmq_pushpull,zmq_tcp,none,none,,1,14086,512,584,1785153450546550000,1785153450546550000,1785153450546550000,1785153450546551000,1785153450546649000,1785153450546652000,1785153450546652000,1785153450546652000,121932490,121652369,-182.121,0.000,0.000,1.000,3.000,0.000,0.000,14.000,0,0,0
B3_zmq_pushpull,zmq_tcp,none,none,,1,14087,512,584,1785153450547551000,1785153450547551000,1785153450547551000,1785153450547552000,1785153450547652000,1785153450547654000,1785153450547654000,1785153450547654000,121932490,121652369,-180.121,0.000,0.000,1.000,2.000,0.000,0.000,2.000,0,0,0
B3_zmq_pushpull,zmq_tcp,none,none,,1,14088,512,584,1785153450548544000,1785153450548544000,1785153450548544000,1785153450548545000,1785153450548666000,1785153450548669000,1785153450548669000,1785153450548669000,121932490,121652369,-159.121,0.000,0.000,1.000,3.000,0.000,0.000,21.000,0,0,0
B3_zmq_pushpull,zmq_tcp,none,none,,1,14089,512,584,1785153450549550000,1785153450549551000,1785153450549551000,1785153450549552000,1785153450549686000,1785153450549689000,1785153450549689000,1785153450549689000,121932490,121652369,-146.121,1.000,0.000,1.000,3.000,0.000,0.000,13.000,0,0,0
B3_zmq_pushpull,zmq_tcp,none,none,,1,14090,512,584,1785153450550548000,1785153450550548000,1785153450550548000,1785153450550549000,1785153450550692000,1785153450550694000,1785153450550694000,1785153450550694000,121932490,121652369,-137.121,0.000,0.000,1.000,2.000,0.000,0.000,9.000,0,0,0
B3_zmq_pushpull,zmq_tcp,none,none,,1,14091,512,584,1785153450551548000,1785153450551548000,1785153450551548000,1785153450551549000,1785153450551688000,1785153450551690000,1785153450551690000,1785153450551690000,121932490,121652369,-141.121,0.000,0.000,1.000,2.000,0.000,0.000,4.000,0,0,0
B3_zmq_pushpull,zmq_tcp,none,none,,1,14092,512,584,1785153450552546000,1785153450552546000,1785153450552546000,1785153450552547000,1785153450552664000,1785153450552666000,1785153450552666000,1785153450552666000,121932490,121652369,-163.121,0.000,0.000,1.000,2.000,0.000,0.000,22.000,0,0,0
B3_zmq_pushpull,zmq_tcp,none,none,,1,14093,512,584,1785153450553550000,1785153450553550000,1785153450553550000,1785153450553551000,1785153450553657000,1785153450553660000,1785153450553660000,1785153450553660000,121932490,121652369,-174.121,0.000,0.000,1.000,3.000,0.000,0.000,11.000,0,0,0
B3_zmq_pushpull,zmq_tcp,none,none,,1,14094,512,584,1785153450554547000,1785153450554548000,1785153450554548000,1785153450554549000,1785153450554656000,1785153450554658000,1785153450554658000,1785153450554658000,121932490,121652369,-173.121,1.000,0.000,1.000,2.000,0.000,0.000,1.000,0,0,0
B3_zmq_pushpull,zmq_tcp,none,none,,1,14095,512,584,1785153450555549000,1785153450555549000,1785153450555549000,1785153450555550000,1785153450555674000,1785153450555677000,1785153450555677000,1785153450555677000,121932490,121652369,-156.121,0.000,0.000,1.000,3.000,0.000,0.000,17.000,0,0,0
B3_zmq_pushpull,zmq_tcp,none,none,,1,14096,512,584,1785153450556545000,1785153450556545000,1785153450556545000,1785153450556546000,1785153450556663000,1785153450556666000,1785153450556666000,1785153450556666000,121932490,121652369,-163.121,0.000,0.000,1.000,3.000,0.000,0.000,7.000,0,0,0
B3_zmq_pushpull,zmq_tcp,none,none,,1,14097,512,584,1785153450557549000,1785153450557549000,1785153450557550000,1785153450557550000,1785153450557677000,1785153450557680000,1785153450557680000,1785153450557680000,121932490,121652369,-153.121,0.000,1.000,0.000,3.000,0.000,0.000,10.000,0,0,0
B3_zmq_pushpull,zmq_tcp,none,none,,1,14098,512,584,1785153450558548000,1785153450558548000,1785153450558548000,1785153450558549000,1785153450558672000,1785153450558674000,1785153450558674000,1785153450558674000,121932490,121652369,-157.121,0.000,0.000,1.000,2.000,0.000,0.000,4.000,0,0,0
B3_zmq_pushpull,zmq_tcp,none,none,,1,14099,512,584,1785153450559548000,1785153450559548000,1785153450559548000,1785153450559549000,1785153450559668000,1785153450559670000,1785153450559670000,1785153450559670000,121932490,121652369,-161.121,0.000,0.000,1.000,2.000,0.000,0.000,4.000,0,0,0
B3_zmq_pushpull,zmq_tcp,none,none,,1,14100,512,584,1785153450560547000,1785153450560547000,1785153450560547000,1785153450560548000,1785153450560668000,1785153450560670000,1785153450560670000,1785153450560670000,121932490,121652369,-160.121,0.000,0.000,1.000,2.000,0.000,0.000,1.000,0,0,0
B3_zmq_pushpull,zmq_tcp,none,none,,1,14101,512,584,1785153450561548000,1785153450561548000,1785153450561548000,1785153450561549000,1785153450561668000,1785153450561670000,1785153450561670000,1785153450561670000,121932490,121652369,-161.121,0.000,0.000,1.000,2.000,0.000,0.000,1.000,0,0,0
B3_zmq_pushpull,zmq_tcp,none,none,,1,14102,512,584,1785153450562548000,1785153450562548000,1785153450562548000,1785153450562549000,1785153450562672000,1785153450562675000,1785153450562675000,1785153450562675000,121932490,121652369,-157.121,0.000,0.000,1.000,3.000,0.000,0.000,4.000,0,0,0
B3_zmq_pushpull,zmq_tcp,none,none,,1,14103,512,584,1785153450563548000,1785153450563548000,1785153450563548000,1785153450563549000,1785153450563669000,1785153450563672000,1785153450563672000,1785153450563672000,121932490,121652369,-160.121,0.000,0.000,1.000,3.000,0.000,0.000,3.000,0,0,0
B3_zmq_pushpull,zmq_tcp,none,none,,1,14104,512,584,1785153450564544000,1785153450564544000,1785153450564544000,1785153450564545000,1785153450564656000,1785153450564659000,1785153450564659000,1785153450564659000,121932490,121652369,-169.121,0.000,0.000,1.000,3.000,0.000,0.000,9.000,0,0,0
B3_zmq_pushpull,zmq_tcp,none,none,,1,14105,512,584,1785153450565549000,1785153450565549000,1785153450565550000,1785153450565551000,1785153450565661000,1785153450565664000,1785153450565664000,1785153450565664000,121932490,121652369,-170.121,0.000,1.000,1.000,3.000,0.000,0.000,1.000,0,0,0
B3_zmq_pushpull,zmq_tcp,none,none,,1,14106,512,584,1785153450566548000,1785153450566548000,1785153450566548000,1785153450566549000,1785153450566665000,1785153450566668000,1785153450566668000,1785153450566668000,121932490,121652369,-164.121,0.000,0.000,1.000,3.000,0.000,0.000,6.000,0,0,0
B3_zmq_pushpull,zmq_tcp,none,none,,1,14107,512,584,1785153450567549000,1785153450567549000,1785153450567549000,1785153450567550000,1785153450567669000,1785153450567678000,1785153450567678000,1785153450567678000,121932490,121652369,-161.121,0.000,0.000,1.000,9.000,0.000,0.000,3.000,0,0,0
B3_zmq_pushpull,zmq_tcp,none,none,,1,14108,512,584,1785153450568545000,1785153450568545000,1785153450568545000,1785153450568546000,1785153450568682000,1785153450568686000,1785153450568686000,1785153450568686000,121932490,121652369,-144.121,0.000,0.000,1.000,4.000,0.000,0.000,17.000,0,0,0
B3_zmq_pushpull,zmq_tcp,none,none,,1,14109,512,584,1785153450569550000,1785153450569550000,1785153450569550000,1785153450569551000,1785153450569701000,1785153450569704000,1785153450569704000,1785153450569704000,121932490,121652369,-130.121,0.000,0.000,1.000,3.000,0.000,0.000,14.000,0,0,0
B3_zmq_pushpull,zmq_tcp,none,none,,1,14110,512,584,1785153450570548000,1785153450570548000,1785153450570548000,1785153450570549000,1785153450570692000,1785153450570694000,1785153450570694000,1785153450570694000,121932490,121652369,-137.121,0.000,0.000,1.000,2.000,0.000,0.000,7.000,0,0,0
B3_zmq_pushpull,zmq_tcp,none,none,,1,14111,512,584,1785153450571548000,1785153450571548000,1785153450571548000,1785153450571549000,1785153450571687000,1785153450571689000,1785153450571689000,1785153450571689000,121932490,121652369,-142.121,0.000,0.000,1.000,2.000,0.000,0.000,5.000,0,0,0
B3_zmq_pushpull,zmq_tcp,none,none,,1,14112,512,584,1785153450572545000,1785153450572545000,1785153450572546000,1785153450572546000,1785153450572673000,1785153450572675000,1785153450572675000,1785153450572675000,121932490,121652369,-153.121,0.000,1.000,0.000,2.000,0.000,0.000,11.000,0,0,0
B3_zmq_pushpull,zmq_tcp,none,none,,1,14113,512,584,1785153450573550000,1785153450573550000,1785153450573550000,1785153450573551000,1785153450573658000,1785153450573661000,1785153450573661000,1785153450573661000,121932490,121652369,-173.121,0.000,0.000,1.000,3.000,0.000,0.000,20.000,0,0,0
B3_zmq_pushpull,zmq_tcp,none,none,,1,14114,512,584,1785153450574548000,1785153450574549000,1785153450574549000,1785153450574550000,1785153450574669000,1785153450574672000,1785153450574672000,1785153450574672000,121932490,121652369,-161.121,1.000,0.000,1.000,3.000,0.000,0.000,12.000,0,0,0
B3_zmq_pushpull,zmq_tcp,none,none,,1,14115,512,584,1785153450575545000,1785153450575545000,1785153450575546000,1785153450575546000,1785153450575672000,1785153450575674000,1785153450575674000,1785153450575675000,121932490,121652369,-154.121,0.000,1.000,0.000,2.000,0.000,1.000,7.000,0,0,0
B3_zmq_pushpull,zmq_tcp,none,none,,1,14116,512,584,1785153450576549000,1785153450576549000,1785153450576550000,1785153450576550000,1785153450576677000,1785153450576680000,1785153450576680000,1785153450576680000,121932490,121652369,-153.121,0.000,1.000,0.000,3.000,0.000,0.000,1.000,0,0,0
B3_zmq_pushpull,zmq_tcp,none,none,,1,14117,512,584,1785153450577551000,1785153450577551000,1785153450577551000,1785153450577552000,1785153450577673000,1785153450577676000,1785153450577676000,1785153450577676000,121932490,121652369,-159.121,0.000,0.000,1.000,3.000,0.000,0.000,6.000,0,0,0
B3_zmq_pushpull,zmq_tcp,none,none,,1,14118,512,584,1785153450578548000,1785153450578548000,1785153450578548000,1785153450578549000,1785153450578681000,1785153450578684000,1785153450578684000,1785153450578684000,121932490,121652369,-148.121,0.000,0.000,1.000,3.000,0.000,0.000,11.000,0,0,0
B3_zmq_pushpull,zmq_tcp,none,none,,1,14119,512,584,1785153450579548000,1785153450579548000,1785153450579548000,1785153450579549000,1785153450579685000,1785153450579688000,1785153450579688000,1785153450579688000,121932490,121652369,-144.121,0.000,0.000,1.000,3.000,0.000,0.000,4.000,0,0,0
B3_zmq_pushpull,zmq_tcp,none,none,,1,14120,512,584,1785153450580548000,1785153450580548000,1785153450580548000,1785153450580549000,1785153450580672000,1785153450580674000,1785153450580674000,1785153450580675000,121932490,121652369,-157.121,0.000,0.000,1.000,2.000,0.000,1.000,13.000,0,0,0
B3_zmq_pushpull,zmq_tcp,none,none,,1,14121,512,584,1785153450581547000,1785153450581547000,1785153450581548000,1785153450581548000,1785153450581677000,1785153450581680000,1785153450581680000,1785153450581680000,121932490,121652369,-151.121,0.000,1.000,0.000,3.000,0.000,0.000,6.000,0,0,0
B3_zmq_pushpull,zmq_tcp,none,none,,1,14122,512,584,1785153450582388000,1785153450582388000,1785153450582388000,1785153450582389000,1785153450582534000,1785153450582537000,1785153450582538000,1785153450582538000,121932490,121652369,-135.121,0.000,0.000,1.000,3.000,1.000,0.000,16.000,0,0,0
B3_zmq_pushpull,zmq_tcp,none,none,,1,14123,512,584,1785153450583393000,1785153450583394000,1785153450583394000,1785153450583395000,1785153450583553000,1785153450583556000,1785153450583556000,1785153450583556000,121932490,121652369,-122.121,1.000,0.000,1.000,3.000,0.000,0.000,13.000,0,0,0
B3_zmq_pushpull,zmq_tcp,none,none,,1,14124,512,584,1785153450584396000,1785153450584396000,1785153450584396000,1785153450584397000,1785153450584556000,1785153450584558000,1785153450584559000,1785153450584559000,121932490,121652369,-121.121,0.000,0.000,1.000,2.000,1.000,0.000,1.000,0,0,0
B3_zmq_pushpull,zmq_tcp,none,none,,1,14125,512,584,1785153450585587000,1785153450585587000,1785153450585587000,1785153450585588000,1785153450585696000,1785153450585699000,1785153450585699000,1785153450585699000,121932490,121652369,-172.121,0.000,0.000,1.000,3.000,0.000,0.000,51.000,0,0,0
B3_zmq_pushpull,zmq_tcp,none,none,,1,14126,512,584,1785153450586536000,1785153450586537000,1785153450586537000,1785153450586538000,1785153450586684000,1785153450586686000,1785153450586687000,1785153450586687000,121932490,121652369,-134.121,1.000,0.000,1.000,2.000,1.000,0.000,38.000,0,0,0
B3_zmq_pushpull,zmq_tcp,none,none,,1,14127,512,584,1785153450587551000,1785153450587551000,1785153450587551000,1785153450587552000,1785153450587660000,1785153450587663000,1785153450587663000,1785153450587663000,121932490,121652369,-172.121,0.000,0.000,1.000,3.000,0.000,0.000,38.000,0,0,0
B3_zmq_pushpull,zmq_tcp,none,none,,1,14128,512,584,1785153450588550000,1785153450588550000,1785153450588550000,1785153450588551000,1785153450588651000,1785153450588653000,1785153450588653000,1785153450588653000,121932490,121652369,-180.121,0.000,0.000,1.000,2.000,0.000,0.000,8.000,0,0,0
B3_zmq_pushpull,zmq_tcp,none,none,,1,14129,512,584,1785153450589548000,1785153450589549000,1785153450589549000,1785153450589550000,1785153450589639000,1785153450589642000,1785153450589642000,1785153450589642000,121932490,121652369,-191.121,1.000,0.000,1.000,3.000,0.000,0.000,11.000,0,0,0
B3_zmq_pushpull,zmq_tcp,none,none,,1,14130,512,584,1785153450590547000,1785153450590547000,1785153450590547000,1785153450590548000,1785153450590631000,1785153450590633000,1785153450590633000,1785153450590633000,121932490,121652369,-197.121,0.000,0.000,1.000,2.000,0.000,0.000,6.000,0,0,0
B3_zmq_pushpull,zmq_tcp,none,none,,1,14131,512,584,1785153450591548000,1785153450591549000,1785153450591549000,1785153450591549000,1785153450591644000,1785153450591646000,1785153450591646000,1785153450591647000,121932490,121652369,-185.121,1.000,0.000,0.000,2.000,0.000,1.000,12.000,0,0,0
B3_zmq_pushpull,zmq_tcp,none,none,,1,14132,512,584,1785153450592549000,1785153450592549000,1785153450592549000,1785153450592550000,1785153450592652000,1785153450592655000,1785153450592655000,1785153450592655000,121932490,121652369,-178.121,0.000,0.000,1.000,3.000,0.000,0.000,7.000,0,0,0
B3_zmq_pushpull,zmq_tcp,none,none,,1,14133,512,584,1785153450593548000,1785153450593549000,1785153450593549000,1785153450593550000,1785153450593656000,1785153450593659000,1785153450593659000,1785153450593659000,121932490,121652369,-174.121,1.000,0.000,1.000,3.000,0.000,0.000,4.000,0,0,0
B3_zmq_pushpull,zmq_tcp,none,none,,1,14134,512,584,1785153450594546000,1785153450594546000,1785153450594546000,1785153450594547000,1785153450594661000,1785153450594664000,1785153450594664000,1785153450594664000,121932490,121652369,-166.121,0.000,0.000,1.000,3.000,0.000,0.000,8.000,0,0,0
B3_zmq_pushpull,zmq_tcp,none,none,,1,14135,512,584,1785153450595552000,1785153450595552000,1785153450595552000,1785153450595553000,1785153450595673000,1785153450595676000,1785153450595676000,1785153450595676000,121932490,121652369,-160.121,0.000,0.000,1.000,3.000,0.000,0.000,6.000,0,0,0
B3_zmq_pushpull,zmq_tcp,none,none,,1,14136,512,584,1785153450596550000,1785153450596550000,1785153450596550000,1785153450596551000,1785153450596683000,1785153450596686000,1785153450596686000,1785153450596686000,121932490,121652369,-148.121,0.000,0.000,1.000,3.000,0.000,0.000,12.000,0,0,0
B3_zmq_pushpull,zmq_tcp,none,none,,1,14137,512,584,1785153450597546000,1785153450597546000,1785153450597546000,1785153450597547000,1785153450597688000,1785153450597691000,1785153450597691000,1785153450597691000,121932490,121652369,-139.121,0.000,0.000,1.000,3.000,0.000,0.000,9.000,0,0,0
B3_zmq_pushpull,zmq_tcp,none,none,,1,14138,512,584,1785153450598392000,1785153450598392000,1785153450598392000,1785153450598393000,1785153450598552000,1785153450598555000,1785153450598555000,1785153450598555000,121932490,121652369,-121.121,0.000,0.000,1.000,3.000,0.000,0.000,18.000,0,0,0
B3_zmq_pushpull,zmq_tcp,none,none,,1,14139,512,584,1785153450599587000,1785153450599587000,1785153450599587000,1785153450599588000,1785153450599673000,1785153450599676000,1785153450599676000,1785153450599676000,121932490,121652369,-195.121,0.000,0.000,1.000,3.000,0.000,0.000,74.000,0,0,0
B3_zmq_pushpull,zmq_tcp,none,none,,1,14140,512,584,1785153450600535000,1785153450600535000,1785153450600535000,1785153450600536000,1785153450600660000,1785153450600663000,1785153450600663000,1785153450600663000,121932490,121652369,-156.121,0.000,0.000,1.000,3.000,0.000,0.000,39.000,0,0,0
B3_zmq_pushpull,zmq_tcp,none,none,,1,14141,512,584,1785153450601552000,1785153450601553000,1785153450601553000,1785153450601554000,1785153450601647000,1785153450601649000,1785153450601649000,1785153450601649000,121932490,121652369,-187.121,1.000,0.000,1.000,2.000,0.000,0.000,31.000,0,0,0
B3_zmq_pushpull,zmq_tcp,none,none,,1,14142,512,584,1785153450602548000,1785153450602549000,1785153450602549000,1785153450602550000,1785153450602661000,1785153450602664000,1785153450602664000,1785153450602664000,121932490,121652369,-169.121,1.000,0.000,1.000,3.000,0.000,0.000,18.000,0,0,0
B3_zmq_pushpull,zmq_tcp,none,none,,1,14143,512,584,1785153450603548000,1785153450603548000,1785153450603548000,1785153450603549000,1785153450603663000,1785153450603666000,1785153450603666000,1785153450603666000,121932490,121652369,-166.121,0.000,0.000,1.000,3.000,0.000,0.000,3.000,0,0,0
B3_zmq_pushpull,zmq_tcp,none,none,,1,14144,512,584,1785153450604373000,1785153450604373000,1785153450604373000,1785153450604374000,1785153450604532000,1785153450604535000,1785153450604535000,1785153450604535000,121932490,121652369,-122.121,0.000,0.000,1.000,3.000,0.000,0.000,44.000,0,0,0
B3_zmq_pushpull,zmq_tcp,none,none,,1,14145,512,584,1785153450605374000,1785153450605374000,1785153450605374000,1785153450605375000,1785153450605533000,1785153450605536000,1785153450605536000,1785153450605536000,121932490,121652369,-122.121,0.000,0.000,1.000,3.000,0.000,0.000,0.000,0,0,0
B3_zmq_pushpull,zmq_tcp,none,none,,1,14146,512,584,1785153450606369000,1785153450606370000,1785153450606370000,1785153450606371000,1785153450606524000,1785153450606527000,1785153450606527000,1785153450606527000,121932490,121652369,-127.121,1.000,0.000,1.000,3.000,0.000,0.000,5.000,0,0,0
B3_zmq_pushpull,zmq_tcp,none,none,,1,14147,512,584,1785153450607594000,1785153450607594000,1785153450607594000,1785153450607595000,1785153450607776000,1785153450607779000,1785153450607779000,1785153450607779000,121932490,121652369,-99.121,0.000,0.000,1.000,3.000,0.000,0.000,28.000,0,0,0
B3_zmq_pushpull,zmq_tcp,none,none,,1,14148,512,584,1785153450608358000,1785153450608358000,1785153450608358000,1785153450608359000,1785153450608499000,1785153450608501000,1785153450608501000,1785153450608501000,121932490,121652369,-140.121,0.000,0.000,1.000,2.000,0.000,0.000,41.000,0,0,0
B3_zmq_pushpull,zmq_tcp,none,none,,1,14149,512,584,1785153450609355000,1785153450609355000,1785153450609355000,1785153450609356000,1785153450609513000,1785153450609516000,1785153450609516000,1785153450609516000,121932490,121652369,-123.121,0.000,0.000,1.000,3.000,0.000,0.000,17.000,0,0,0
B3_zmq_pushpull,zmq_tcp,none,none,,1,14150,512,584,1785153450610597000,1785153450610597000,1785153450610598000,1785153450610598000,1785153450610664000,1785153450610667000,1785153450610667000,1785153450610667000,121932490,121652369,-214.121,0.000,1.000,0.000,3.000,0.000,0.000,91.000,0,0,0
B3_zmq_pushpull,zmq_tcp,none,none,,1,14151,512,584,1785153450611535000,1785153450611535000,1785153450611535000,1785153450611536000,1785153450611649000,1785153450611652000,1785153450611652000,1785153450611652000,121932490,121652369,-167.121,0.000,0.000,1.000,3.000,0.000,0.000,47.000,0,0,0
B3_zmq_pushpull,zmq_tcp,none,none,,1,14152,512,584,1785153450612554000,1785153450612554000,1785153450612554000,1785153450612555000,1785153450612643000,1785153450612645000,1785153450612645000,1785153450612645000,121932490,121652369,-192.121,0.000,0.000,1.000,2.000,0.000,0.000,25.000,0,0,0
B3_zmq_pushpull,zmq_tcp,none,none,,1,14153,512,584,1785153450613547000,1785153450613547000,1785153450613547000,1785153450613548000,1785153450613651000,1785153450613653000,1785153450613653000,1785153450613653000,121932490,121652369,-177.121,0.000,0.000,1.000,2.000,0.000,0.000,15.000,0,0,0
B3_zmq_pushpull,zmq_tcp,none,none,,1,14154,512,584,1785153450614548000,1785153450614548000,1785153450614548000,1785153450614549000,1785153450614647000,1785153450614649000,1785153450614649000,1785153450614649000,121932490,121652369,-182.121,0.000,0.000,1.000,2.000,0.000,0.000,5.000,0,0,0
B3_zmq_pushpull,zmq_tcp,none,none,,1,14155,512,584,1785153450615546000,1785153450615546000,1785153450615546000,1785153450615547000,1785153450615632000,1785153450615635000,1785153450615635000,1785153450615635000,121932490,121652369,-195.121,0.000,0.000,1.000,3.000,0.000,0.000,13.000,0,0,0
B3_zmq_pushpull,zmq_tcp,none,none,,1,14156,512,584,1785153450616550000,1785153450616550000,1785153450616550000,1785153450616551000,1785153450616621000,1785153450616623000,1785153450616623000,1785153450616623000,121932490,121652369,-210.121,0.000,0.000,1.000,2.000,0.000,0.000,15.000,0,0,0
B3_zmq_pushpull,zmq_tcp,none,none,,1,14157,512,584,1785153450617548000,1785153450617548000,1785153450617548000,1785153450617549000,1785153450617614000,1785153450617617000,1785153450617617000,1785153450617617000,121932490,121652369,-215.121,0.000,0.000,1.000,3.000,0.000,0.000,5.000,0,0,0
B3_zmq_pushpull,zmq_tcp,none,none,,1,14158,512,584,1785153450618552000,1785153450618553000,1785153450618553000,1785153450618554000,1785153450618627000,1785153450618630000,1785153450618630000,1785153450618630000,121932490,121652369,-207.121,1.000,0.000,1.000,3.000,0.000,0.000,8.000,0,0,0
B3_zmq_pushpull,zmq_tcp,none,none,,1,14159,512,584,1785153450619544000,1785153450619544000,1785153450619544000,1785153450619545000,1785153450619739000,1785153450619742000,1785153450619742000,1785153450619742000,121932490,121652369,-86.121,0.000,0.000,1.000,3.000,0.000,0.000,121.000,0,0,0
B3_zmq_pushpull,zmq_tcp,none,none,,1,14160,512,584,1785153450620422000,1785153450620422000,1785153450620422000,1785153450620423000,1785153450620565000,1785153450620567000,1785153450620567000,1785153450620567000,121932490,121652369,-138.121,0.000,0.000,1.000,2.000,0.000,0.000,52.000,0,0,0
B3_zmq_pushpull,zmq_tcp,none,none,,1,14161,512,584,1785153450621579000,1785153450621580000,1785153450621580000,1785153450621581000,1785153450621678000,1785153450621681000,1785153450621681000,1785153450621681000,121932490,121652369,-183.121,1.000,0.000,1.000,3.000,0.000,0.000,45.000,0,0,0
B3_zmq_pushpull,zmq_tcp,none,none,,1,14162,512,584,1785153450622361000,1785153450622361000,1785153450622361000,1785153450622362000,1785153450622513000,1785153450622515000,1785153450622515000,1785153450622515000,121932490,121652369,-129.121,0.000,0.000,1.000,2.000,0.000,0.000,54.000,0,0,0
B3_zmq_pushpull,zmq_tcp,none,none,,1,14163,512,584,1785153450623358000,1785153450623358000,1785153450623358000,1785153450623359000,1785153450623506000,1785153450623508000,1785153450623509000,1785153450623509000,121932490,121652369,-133.121,0.000,0.000,1.000,2.000,1.000,0.000,4.000,0,0,0
B3_zmq_pushpull,zmq_tcp,none,none,,1,14164,512,584,1785153450624598000,1785153450624598000,1785153450624598000,1785153450624599000,1785153450624764000,1785153450624767000,1785153450624767000,1785153450624767000,121932490,121652369,-115.121,0.000,0.000,1.000,3.000,0.000,0.000,18.000,0,0,0
B3_zmq_pushpull,zmq_tcp,none,none,,1,14165,512,584,1785153450625534000,1785153450625534000,1785153450625534000,1785153450625535000,1785153450625604000,1785153450625608000,1785153450625608000,1785153450625608000,121932490,121652369,-211.121,0.000,0.000,1.000,4.000,0.000,0.000,96.000,0,0,0
B3_zmq_pushpull,zmq_tcp,none,none,,1,14166,512,584,1785153450626553000,1785153450626554000,1785153450626554000,1785153450626555000,1785153450626729000,1785153450626731000,1785153450626731000,1785153450626731000,121932490,121652369,-106.121,1.000,0.000,1.000,2.000,0.000,0.000,105.000,0,0,0
B3_zmq_pushpull,zmq_tcp,none,none,,1,14167,512,584,1785153450627546000,1785153450627546000,1785153450627547000,1785153450627547000,1785153450627698000,1785153450627702000,1785153450627702000,1785153450627702000,121932490,121652369,-129.121,0.000,1.000,0.000,4.000,0.000,0.000,23.000,0,0,0
B3_zmq_pushpull,zmq_tcp,none,none,,1,14168,512,584,1785153450628549000,1785153450628549000,1785153450628549000,1785153450628550000,1785153450628667000,1785153450628670000,1785153450628670000,1785153450628670000,121932490,121652369,-163.121,0.000,0.000,1.000,3.000,0.000,0.000,34.000,0,0,0
B3_zmq_pushpull,zmq_tcp,none,none,,1,14169,512,584,1785153450629545000,1785153450629545000,1785153450629545000,1785153450629546000,1785153450629653000,1785153450629656000,1785153450629656000,1785153450629656000,121932490,121652369,-173.121,0.000,0.000,1.000,3.000,0.000,0.000,10.000,0,0,0
B3_zmq_pushpull,zmq_tcp,none,none,,1,14170,512,584,1785153450630356000,1785153450630356000,1785153450630356000,1785153450630357000,1785153450630505000,1785153450630508000,1785153450630508000,1785153450630508000,121932490,121652369,-132.121,0.000,0.000,1.000,3.000,0.000,0.000,41.000,0,0,0
B3_zmq_pushpull,zmq_tcp,none,none,,1,14171,512,584,1785153450631467000,1785153450631467000,1785153450631467000,1785153450631468000,1785153450631626000,1785153450631628000,1785153450631628000,1785153450631628000,121932490,121652369,-122.121,0.000,0.000,1.000,2.000,0.000,0.000,10.000,0,0,0
B3_zmq_pushpull,zmq_tcp,none,none,,1,14172,512,584,1785153450632571000,1785153450632571000,1785153450632571000,1785153450632572000,1785153450632755000,1785153450632757000,1785153450632757000,1785153450632757000,121932490,121652369,-97.121,0.000,0.000,1.000,2.000,0.000,0.000,25.000,0,0,0
B3_zmq_pushpull,zmq_tcp,none,none,,1,14173,512,584,1785153450633455000,1785153450633455000,1785153450633455000,1785153450633456000,1785153450633611000,1785153450633614000,1785153450633614000,1785153450633614000,121932490,121652369,-125.121,0.000,0.000,1.000,3.000,0.000,0.000,28.000,0,0,0
B3_zmq_pushpull,zmq_tcp,none,none,,1,14174,512,584,1785153450634432000,1785153450634432000,1785153450634432000,1785153450634433000,1785153450634583000,1785153450634586000,1785153450634586000,1785153450634586000,121932490,121652369,-130.121,0.000,0.000,1.000,3.000,0.000,0.000,5.000,0,0,0
B3_zmq_pushpull,zmq_tcp,none,none,,1,14175,512,584,1785153450635399000,1785153450635399000,1785153450635399000,1785153450635400000,1785153450635553000,1785153450635555000,1785153450635555000,1785153450635555000,121932490,121652369,-127.121,0.000,0.000,1.000,2.000,0.000,0.000,3.000,0,0,0
B3_zmq_pushpull,zmq_tcp,none,none,,1,14176,512,584,1785153450636379000,1785153450636379000,1785153450636379000,1785153450636381000,1785153450636524000,1785153450636527000,1785153450636527000,1785153450636527000,121932490,121652369,-137.121,0.000,0.000,2.000,3.000,0.000,0.000,10.000,0,0,0
B3_zmq_pushpull,zmq_tcp,none,none,,1,14177,512,584,1785153450637588000,1785153450637588000,1785153450637588000,1785153450637589000,1785153450637661000,1785153450637664000,1785153450637664000,1785153450637664000,121932490,121652369,-208.121,0.000,0.000,1.000,3.000,0.000,0.000,71.000,0,0,0
B3_zmq_pushpull,zmq_tcp,none,none,,1,14178,512,584,1785153450638541000,1785153450638541000,1785153450638541000,1785153450638542000,1785153450638641000,1785153450638643000,1785153450638643000,1785153450638643000,121932490,121652369,-181.121,0.000,0.000,1.000,2.000,0.000,0.000,27.000,0,0,0
B3_zmq_pushpull,zmq_tcp,none,none,,1,14179,512,584,1785153450639550000,1785153450639550000,1785153450639550000,1785153450639551000,1785153450639621000,1785153450639623000,1785153450639623000,1785153450639623000,121932490,121652369,-210.121,0.000,0.000,1.000,2.000,0.000,0.000,29.000,0,0,0
B3_zmq_pushpull,zmq_tcp,none,none,,1,14180,512,584,1785153450640549000,1785153450640549000,1785153450640549000,1785153450640550000,1785153450640621000,1785153450640623000,1785153450640623000,1785153450640623000,121932490,121652369,-209.121,0.000,0.000,1.000,2.000,0.000,0.000,1.000,0,0,0
B3_zmq_pushpull,zmq_tcp,none,none,,1,14181,512,584,1785153450641548000,1785153450641548000,1785153450641548000,1785153450641549000,1785153450641587000,1785153450641591000,1785153450641591000,1785153450641591000,121932490,121652369,-242.121,0.000,0.000,1.000,4.000,0.000,0.000,33.000,0,0,0
B3_zmq_pushpull,zmq_tcp,none,none,,1,14182,512,584,1785153450642548000,1785153450642548000,1785153450642548000,1785153450642549000,1785153450642706000,1785153450642709000,1785153450642709000,1785153450642709000,121932490,121652369,-123.121,0.000,0.000,1.000,3.000,0.000,0.000,119.000,0,0,0
B3_zmq_pushpull,zmq_tcp,none,none,,1,14183,512,584,1785153450643548000,1785153450643548000,1785153450643548000,1785153450643549000,1785153450643695000,1785153450643698000,1785153450643698000,1785153450643698000,121932490,121652369,-134.121,0.000,0.000,1.000,3.000,0.000,0.000,11.000,0,0,0
B3_zmq_pushpull,zmq_tcp,none,none,,1,14184,512,584,1785153450644545000,1785153450644545000,1785153450644545000,1785153450644546000,1785153450644681000,1785153450644684000,1785153450644684000,1785153450644684000,121932490,121652369,-145.121,0.000,0.000,1.000,3.000,0.000,0.000,11.000,0,0,0
B3_zmq_pushpull,zmq_tcp,none,none,,1,14185,512,584,1785153450645360000,1785153450645360000,1785153450645361000,1785153450645362000,1785153450645509000,1785153450645511000,1785153450645511000,1785153450645511000,121932490,121652369,-133.121,0.000,1.000,1.000,2.000,0.000,0.000,12.000,0,0,0
B3_zmq_pushpull,zmq_tcp,none,none,,1,14186,512,584,1785153450646594000,1785153450646594000,1785153450646594000,1785153450646595000,1785153450646767000,1785153450646769000,1785153450646769000,1785153450646769000,121932490,121652369,-108.121,0.000,0.000,1.000,2.000,0.000,0.000,25.000,0,0,0
B3_zmq_pushpull,zmq_tcp,none,none,,1,14187,512,584,1785153450647536000,1785153450647536000,1785153450647536000,1785153450647537000,1785153450647608000,1785153450647611000,1785153450647611000,1785153450647611000,121932490,121652369,-209.121,0.000,0.000,1.000,3.000,0.000,0.000,101.000,0,0,0
B3_zmq_pushpull,zmq_tcp,none,none,,1,14188,512,584,1785153450648550000,1785153450648550000,1785153450648550000,1785153450648551000,1785153450648710000,1785153450648713000,1785153450648713000,1785153450648713000,121932490,121652369,-121.121,0.000,0.000,1.000,3.000,0.000,0.000,88.000,0,0,0
B3_zmq_pushpull,zmq_tcp,none,none,,1,14189,512,584,1785153450649548000,1785153450649548000,1785153450649548000,1785153450649549000,1785153450649677000,1785153450649679000,1785153450649679000,1785153450649679000,121932490,121652369,-152.121,0.000,0.000,1.000,2.000,0.000,0.000,31.000,0,0,0
B3_zmq_pushpull,zmq_tcp,none,none,,1,14190,512,584,1785153450650548000,1785153450650548000,1785153450650548000,1785153450650549000,1785153450650643000,1785153450650646000,1785153450650646000,1785153450650646000,121932490,121652369,-186.121,0.000,0.000,1.000,3.000,0.000,0.000,34.000,0,0,0
B3_zmq_pushpull,zmq_tcp,none,none,,1,14191,512,584,1785153450651545000,1785153450651545000,1785153450651545000,1785153450651546000,1785153450651619000,1785153450651622000,1785153450651622000,1785153450651622000,121932490,121652369,-207.121,0.000,0.000,1.000,3.000,0.000,0.000,21.000,0,0,0
B3_zmq_pushpull,zmq_tcp,none,none,,1,14192,512,584,1785153450652554000,1785153450652554000,1785153450652554000,1785153450652555000,1785153450652621000,1785153450652623000,1785153450652624000,1785153450652624000,121932490,121652369,-214.121,0.000,0.000,1.000,2.000,1.000,0.000,7.000,0,0,0
B3_zmq_pushpull,zmq_tcp,none,none,,1,14193,512,584,1785153450653448000,1785153450653449000,1785153450653449000,1785153450653450000,1785153450653594000,1785153450653597000,1785153450653597000,1785153450653597000,121932490,121652369,-136.121,1.000,0.000,1.000,3.000,0.000,0.000,78.000,0,0,0
B3_zmq_pushpull,zmq_tcp,none,none,,1,14194,512,584,1785153450654573000,1785153450654573000,1785153450654573000,1785153450654574000,1785153450654724000,1785153450654727000,1785153450654727000,1785153450654727000,121932490,121652369,-130.121,0.000,0.000,1.000,3.000,0.000,0.000,6.000,0,0,0
B3_zmq_pushpull,zmq_tcp,none,none,,1,14195,512,584,1785153450655542000,1785153450655542000,1785153450655542000,1785153450655543000,1785153450655701000,1785153450655704000,1785153450655704000,1785153450655704000,121932490,121652369,-122.121,0.000,0.000,1.000,3.000,0.000,0.000,8.000,0,0,0
B3_zmq_pushpull,zmq_tcp,none,none,,1,14196,512,584,1785153450656381000,1785153450656381000,1785153450656382000,1785153450656382000,1785153450656534000,1785153450656537000,1785153450656537000,1785153450656537000,121932490,121652369,-128.121,0.000,1.000,0.000,3.000,0.000,0.000,6.000,0,0,0
B3_zmq_pushpull,zmq_tcp,none,none,,1,14197,512,584,1785153450657362000,1785153450657362000,1785153450657362000,1785153450657363000,1785153450657513000,1785153450657516000,1785153450657516000,1785153450657516000,121932490,121652369,-130.121,0.000,0.000,1.000,3.000,0.000,0.000,2.000,0,0,0
B3_zmq_pushpull,zmq_tcp,none,none,,1,14198,512,584,1785153450658356000,1785153450658356000,1785153450658356000,1785153450658357000,1785153450658499000,1785153450658502000,1785153450658502000,1785153450658502000,121932490,121652369,-138.121,0.000,0.000,1.000,3.000,0.000,0.000,8.000,0,0,0
B3_zmq_pushpull,zmq_tcp,none,none,,1,14199,512,584,1785153450659471000,1785153450659471000,1785153450659471000,1785153450659472000,1785153450659629000,1785153450659631000,1785153450659631000,1785153450659631000,121932490,121652369,-123.121,0.000,0.000,1.000,2.000,0.000,0.000,15.000,0,0,0
B3_zmq_pushpull,zmq_tcp,none,none,,1,14200,512,584,1785153450660460000,1785153450660460000,1785153450660460000,1785153450660461000,1785153450660621000,1785153450660624000,1785153450660624000,1785153450660624000,121932490,121652369,-120.121,0.000,0.000,1.000,3.000,0.000,0.000,3.000,0,0,0
B3_zmq_pushpull,zmq_tcp,none,none,,1,14201,512,584,1785153450661462000,1785153450661462000,1785153450661462000,1785153450661463000,1785153450661609000,1785153450661611000,1785153450661611000,1785153450661611000,121932490,121652369,-134.121,0.000,0.000,1.000,2.000,0.000,0.000,14.000,0,0,0
B3_zmq_pushpull,zmq_tcp,none,none,,1,14202,512,584,1785153450662569000,1785153450662569000,1785153450662569000,1785153450662570000,1785153450662726000,1785153450662729000,1785153450662729000,1785153450662729000,121932490,121652369,-124.121,0.000,0.000,1.000,3.000,0.000,0.000,10.000,0,0,0
B3_zmq_pushpull,zmq_tcp,none,none,,1,14203,512,584,1785153450663425000,1785153450663425000,1785153450663425000,1785153450663426000,1785153450663578000,1785153450663581000,1785153450663581000,1785153450663581000,121932490,121652369,-128.121,0.000,0.000,1.000,3.000,0.000,0.000,4.000,0,0,0
B3_zmq_pushpull,zmq_tcp,none,none,,1,14204,512,584,1785153450664413000,1785153450664413000,1785153450664413000,1785153450664414000,1785153450664567000,1785153450664570000,1785153450664570000,1785153450664570000,121932490,121652369,-127.121,0.000,0.000,1.000,3.000,0.000,0.000,1.000,0,0,0
B3_zmq_pushpull,zmq_tcp,none,none,,1,14205,512,584,1785153450665397000,1785153450665397000,1785153450665398000,1785153450665399000,1785153450665554000,1785153450665557000,1785153450665557000,1785153450665557000,121932490,121652369,-125.121,0.000,1.000,1.000,3.000,0.000,0.000,2.000,0,0,0
B3_zmq_pushpull,zmq_tcp,none,none,,1,14206,512,584,1785153450666384000,1785153450666385000,1785153450666385000,1785153450666386000,1785153450666533000,1785153450666535000,1785153450666535000,1785153450666535000,121932490,121652369,-133.121,1.000,0.000,1.000,2.000,0.000,0.000,8.000,0,0,0
B3_zmq_pushpull,zmq_tcp,none,none,,1,14207,512,584,1785153450667591000,1785153450667591000,1785153450667592000,1785153450667592000,1785153450667782000,1785153450667785000,1785153450667785000,1785153450667785000,121932490,121652369,-90.121,0.000,1.000,0.000,3.000,0.000,0.000,43.000,0,0,0
B3_zmq_pushpull,zmq_tcp,none,none,,1,14208,512,584,1785153450668537000,1785153450668537000,1785153450668537000,1785153450668538000,1785153450668610000,1785153450668613000,1785153450668613000,1785153450668613000,121932490,121652369,-208.121,0.000,0.000,1.000,3.000,0.000,0.000,118.000,0,0,0
B3_zmq_pushpull,zmq_tcp,none,none,,1,14209,512,584,1785153450669550000,1785153450669550000,1785153450669551000,1785153450669551000,1785153450669702000,1785153450669705000,1785153450669705000,1785153450669705000,121932490,121652369,-129.121,0.000,1.000,0.000,3.000,0.000,0.000,79.000,0,0,0
B3_zmq_pushpull,zmq_tcp,none,none,,1,14210,512,584,1785153450670548000,1785153450670548000,1785153450670548000,1785153450670549000,1785153450670669000,1785153450670671000,1785153450670671000,1785153450670671000,121932490,121652369,-160.121,0.000,0.000,1.000,2.000,0.000,0.000,31.000,0,0,0
B3_zmq_pushpull,zmq_tcp,none,none,,1,14211,512,584,1785153450671548000,1785153450671548000,1785153450671548000,1785153450671549000,1785153450671646000,1785153450671649000,1785153450671649000,1785153450671649000,121932490,121652369,-183.121,0.000,0.000,1.000,3.000,0.000,0.000,23.000,0,0,0
B3_zmq_pushpull,zmq_tcp,none,none,,1,14212,512,584,1785153450672464000,1785153450672464000,1785153450672464000,1785153450672465000,1785153450672625000,1785153450672627000,1785153450672627000,1785153450672627000,121932490,121652369,-120.121,0.000,0.000,1.000,2.000,0.000,0.000,63.000,0,0,0
B3_zmq_pushpull,zmq_tcp,none,none,,1,14213,512,584,1785153450673571000,1785153450673571000,1785153450673572000,1785153450673572000,1785153450673765000,1785153450673767000,1785153450673767000,1785153450673767000,121932490,121652369,-87.121,0.000,1.000,0.000,2.000,0.000,0.000,33.000,0,0,0
B3_zmq_pushpull,zmq_tcp,none,none,,1,14214,512,584,1785153450674542000,1785153450674543000,1785153450674543000,1785153450674544000,1785153450674721000,1785153450674723000,1785153450674723000,1785153450674723000,121932490,121652369,-103.121,1.000,0.000,1.000,2.000,0.000,0.000,16.000,0,0,0
B3_zmq_pushpull,zmq_tcp,none,none,,1,14215,512,584,1785153450675549000,1785153450675550000,1785153450675550000,1785153450675551000,1785153450675710000,1785153450675714000,1785153450675714000,1785153450675714000,121932490,121652369,-121.121,1.000,0.000,1.000,4.000,0.000,0.000,18.000,0,0,0
B3_zmq_pushpull,zmq_tcp,none,none,,1,14216,512,584,1785153450676401000,1785153450676402000,1785153450676402000,1785153450676403000,1785153450676557000,1785153450676559000,1785153450676559000,1785153450676559000,121932490,121652369,-126.121,1.000,0.000,1.000,2.000,0.000,0.000,5.000,0,0,0
B3_zmq_pushpull,zmq_tcp,none,none,,1,14217,512,584,1785153450677584000,1785153450677584000,1785153450677584000,1785153450677585000,1785153450677661000,1785153450677663000,1785153450677663000,1785153450677663000,121932490,121652369,-204.121,0.000,0.000,1.000,2.000,0.000,0.000,78.000,0,0,0
B3_zmq_pushpull,zmq_tcp,none,none,,1,14218,512,584,1785153450678542000,1785153450678542000,1785153450678542000,1785153450678543000,1785153450678633000,1785153450678636000,1785153450678636000,1785153450678636000,121932490,121652369,-190.121,0.000,0.000,1.000,3.000,0.000,0.000,14.000,0,0,0
B3_zmq_pushpull,zmq_tcp,none,none,,1,14219,512,584,1785153450679551000,1785153450679551000,1785153450679551000,1785153450679552000,1785153450679633000,1785153450679636000,1785153450679636000,1785153450679636000,121932490,121652369,-199.121,0.000,0.000,1.000,3.000,0.000,0.000,9.000,0,0,0
B3_zmq_pushpull,zmq_tcp,none,none,,1,14220,512,584,1785153450680545000,1785153450680545000,1785153450680545000,1785153450680546000,1785153450680625000,1785153450680628000,1785153450680628000,1785153450680628000,121932490,121652369,-201.121,0.000,0.000,1.000,3.000,0.000,0.000,2.000,0,0,0
B3_zmq_pushpull,zmq_tcp,none,none,,1,14221,512,584,1785153450681474000,1785153450681474000,1785153450681474000,1785153450681475000,1785153450681633000,1785153450681635000,1785153450681635000,1785153450681636000,121932490,121652369,-122.121,0.000,0.000,1.000,2.000,0.000,1.000,79.000,0,0,0
B3_zmq_pushpull,zmq_tcp,none,none,,1,14222,512,584,1785153450682460000,1785153450682460000,1785153450682460000,1785153450682461000,1785153450682618000,1785153450682621000,1785153450682621000,1785153450682621000,121932490,121652369,-123.121,0.000,0.000,1.000,3.000,0.000,0.000,1.000,0,0,0
B3_zmq_pushpull,zmq_tcp,none,none,,1,14223,512,584,1785153450683438000,1785153450683438000,1785153450683438000,1785153450683439000,1785153450683581000,1785153450683583000,1785153450683583000,1785153450683583000,121932490,121652369,-138.121,0.000,0.000,1.000,2.000,0.000,0.000,15.000,0,0,0
B3_zmq_pushpull,zmq_tcp,none,none,,1,14224,512,584,1785153450684573000,1785153450684573000,1785153450684573000,1785153450684574000,1785153450684686000,1785153450684689000,1785153450684689000,1785153450684689000,121932490,121652369,-168.121,0.000,0.000,1.000,3.000,0.000,0.000,30.000,0,0,0
B3_zmq_pushpull,zmq_tcp,none,none,,1,14225,512,584,1785153450685542000,1785153450685543000,1785153450685543000,1785153450685544000,1785153450685667000,1785153450685670000,1785153450685670000,1785153450685670000,121932490,121652369,-157.121,1.000,0.000,1.000,3.000,0.000,0.000,11.000,0,0,0
B3_zmq_pushpull,zmq_tcp,none,none,,1,14226,512,584,1785153450686549000,1785153450686549000,1785153450686549000,1785153450686550000,1785153450686651000,1785153450686654000,1785153450686654000,1785153450686654000,121932490,121652369,-179.121,0.000,0.000,1.000,3.000,0.000,0.000,22.000,0,0,0
B3_zmq_pushpull,zmq_tcp,none,none,,1,14227,512,584,1785153450687544000,1785153450687544000,1785153450687544000,1785153450687545000,1785153450687637000,1785153450687640000,1785153450687640000,1785153450687640000,121932490,121652369,-188.121,0.000,0.000,1.000,3.000,0.000,0.000,9.000,0,0,0
B3_zmq_pushpull,zmq_tcp,none,none,,1,14228,512,584,1785153450688472000,1785153450688472000,1785153450688472000,1785153450688473000,1785153450688626000,1785153450688628000,1785153450688628000,1785153450688628000,121932490,121652369,-127.121,0.000,0.000,1.000,2.000,0.000,0.000,61.000,0,0,0
B3_zmq_pushpull,zmq_tcp,none,none,,1,14229,512,584,1785153450689567000,1785153450689567000,1785153450689568000,1785153450689568000,1785153450689616000,1785153450689619000,1785153450689619000,1785153450689619000,121932490,121652369,-232.121,0.000,1.000,0.000,3.000,0.000,0.000,105.000,0,0,0
B3_zmq_pushpull,zmq_tcp,none,none,,1,14230,512,584,1785153450690543000,1785153450690543000,1785153450690543000,1785153450690544000,1785153450690594000,1785153450690598000,1785153450690598000,1785153450690598000,121932490,121652369,-230.121,0.000,0.000,1.000,4.000,0.000,0.000,2.000,0,0,0
B3_zmq_pushpull,zmq_tcp,none,none,,1,14231,512,584,1785153450691432000,1785153450691432000,1785153450691432000,1785153450691433000,1785153450691584000,1785153450691586000,1785153450691586000,1785153450691586000,121932490,121652369,-129.121,0.000,0.000,1.000,2.000,0.000,0.000,101.000,0,0,0
B3_zmq_pushpull,zmq_tcp,none,none,,1,14232,512,584,1785153450692418000,1785153450692418000,1785153450692418000,1785153450692419000,1785153450692570000,1785153450692573000,1785153450692573000,1785153450692573000,121932490,121652369,-129.121,0.000,0.000,1.000,3.000,0.000,0.000,0.000,0,0,0
B3_zmq_pushpull,zmq_tcp,none,none,,1,14233,512,584,1785153450693404000,1785153450693404000,1785153450693404000,1785153450693405000,1785153450693560000,1785153450693563000,1785153450693563000,1785153450693563000,121932490,121652369,-125.121,0.000,0.000,1.000,3.000,0.000,0.000,4.000,0,0,0
B3_zmq_pushpull,zmq_tcp,none,none,,1,14234,512,584,1785153450694380000,1785153450694380000,1785153450694380000,1785153450694381000,1785153450694538000,1785153450694541000,1785153450694541000,1785153450694541000,121932490,121652369,-123.121,0.000,0.000,1.000,3.000,0.000,0.000,2.000,0,0,0
B3_zmq_pushpull,zmq_tcp,none,none,,1,14235,512,584,1785153450695593000,1785153450695593000,1785153450695593000,1785153450695594000,1785153450695654000,1785153450695657000,1785153450695657000,1785153450695657000,121932490,121652369,-220.121,0.000,0.000,1.000,3.000,0.000,0.000,97.000,0,0,0
B3_zmq_pushpull,zmq_tcp,none,none,,1,14236,512,584,1785153450696357000,1785153450696357000,1785153450696357000,1785153450696358000,1785153450696501000,1785153450696505000,1785153450696505000,1785153450696505000,121932490,121652369,-137.121,0.000,0.000,1.000,4.000,0.000,0.000,83.000,0,0,0
B3_zmq_pushpull,zmq_tcp,none,none,,1,14237,512,584,1785153450697596000,1785153450697596000,1785153450697596000,1785153450697597000,1785153450697764000,1785153450697766000,1785153450697766000,1785153450697766000,121932490,121652369,-113.121,0.000,0.000,1.000,2.000,0.000,0.000,24.000,0,0,0
B3_zmq_pushpull,zmq_tcp,none,none,,1,14238,512,584,1785153450698533000,1785153450698533000,1785153450698533000,1785153450698534000,1785153450698590000,1785153450698593000,1785153450698593000,1785153450698593000,121932490,121652369,-224.121,0.000,0.000,1.000,3.000,0.000,0.000,111.000,0,0,0
B3_zmq_pushpull,zmq_tcp,none,none,,1,14239,512,584,1785153450699553000,1785153450699553000,1785153450699553000,1785153450699554000,1785153450699710000,1785153450699713000,1785153450699713000,1785153450699713000,121932490,121652369,-124.121,0.000,0.000,1.000,3.000,0.000,0.000,100.000,0,0,0
B3_zmq_pushpull,zmq_tcp,none,none,,1,14240,512,584,1785153450700547000,1785153450700547000,1785153450700547000,1785153450700548000,1785153450700696000,1785153450700698000,1785153450700698000,1785153450700698000,121932490,121652369,-132.121,0.000,0.000,1.000,2.000,0.000,0.000,8.000,0,0,0
B3_zmq_pushpull,zmq_tcp,none,none,,1,14241,512,584,1785153450701388000,1785153450701388000,1785153450701388000,1785153450701389000,1785153450701541000,1785153450701544000,1785153450701544000,1785153450701544000,121932490,121652369,-128.121,0.000,0.000,1.000,3.000,0.000,0.000,4.000,0,0,0
B3_zmq_pushpull,zmq_tcp,none,none,,1,14242,512,584,1785153450702371000,1785153450702371000,1785153450702371000,1785153450702372000,1785153450702525000,1785153450702528000,1785153450702528000,1785153450702528000,121932490,121652369,-127.121,0.000,0.000,1.000,3.000,0.000,0.000,1.000,0,0,0
B3_zmq_pushpull,zmq_tcp,none,none,,1,14243,512,584,1785153450703453000,1785153450703453000,1785153450703454000,1785153450703454000,1785153450703606000,1785153450703609000,1785153450703609000,1785153450703609000,121932490,121652369,-128.121,0.000,1.000,0.000,3.000,0.000,0.000,1.000,0,0,0
B3_zmq_pushpull,zmq_tcp,none,none,,1,14244,512,584,1785153450704432000,1785153450704432000,1785153450704432000,1785153450704433000,1785153450704573000,1785153450704576000,1785153450704576000,1785153450704576000,121932490,121652369,-140.121,0.000,0.000,1.000,3.000,0.000,0.000,12.000,0,0,0
B3_zmq_pushpull,zmq_tcp,none,none,,1,14245,512,584,1785153450705413000,1785153450705413000,1785153450705414000,1785153450705414000,1785153450705557000,1785153450705560000,1785153450705560000,1785153450705560000,121932490,121652369,-137.121,0.000,1.000,0.000,3.000,0.000,0.000,3.000,0,0,0
B3_zmq_pushpull,zmq_tcp,none,none,,1,14246,512,584,1785153450706583000,1785153450706583000,1785153450706583000,1785153450706584000,1785153450706658000,1785153450706661000,1785153450706661000,1785153450706661000,121932490,121652369,-206.121,0.000,0.000,1.000,3.000,0.000,0.000,69.000,0,0,0
B3_zmq_pushpull,zmq_tcp,none,none,,1,14247,512,584,1785153450707540000,1785153450707540000,1785153450707540000,1785153450707541000,1785153450707640000,1785153450707642000,1785153450707642000,1785153450707642000,121932490,121652369,-181.121,0.000,0.000,1.000,2.000,0.000,0.000,25.000,0,0,0
B3_zmq_pushpull,zmq_tcp,none,none,,1,14248,512,584,1785153450708548000,1785153450708548000,1785153450708548000,1785153450708549000,1785153450708626000,1785153450708629000,1785153450708629000,1785153450708629000,121932490,121652369,-203.121,0.000,0.000,1.000,3.000,0.000,0.000,22.000,0,0,0
B3_zmq_pushpull,zmq_tcp,none,none,,1,14249,512,584,1785153450709548000,1785153450709548000,1785153450709548000,1785153450709549000,1785153450709744000,1785153450709746000,1785153450709746000,1785153450709746000,121932490,121652369,-85.121,0.000,0.000,1.000,2.000,0.000,0.000,118.000,0,0,0
B3_zmq_pushpull,zmq_tcp,none,none,,1,14250,512,584,1785153450710440000,1785153450710441000,1785153450710441000,1785153450710442000,1785153450710593000,1785153450710596000,1785153450710596000,1785153450710596000,121932490,121652369,-129.121,1.000,0.000,1.000,3.000,0.000,0.000,44.000,0,0,0
B3_zmq_pushpull,zmq_tcp,none,none,,1,14251,512,584,1785153450711424000,1785153450711424000,1785153450711425000,1785153450711425000,1785153450711577000,1785153450711580000,1785153450711580000,1785153450711580000,121932490,121652369,-128.121,0.000,1.000,0.000,3.000,0.000,0.000,1.000,0,0,0
B3_zmq_pushpull,zmq_tcp,none,none,,1,14252,512,584,1785153450712402000,1785153450712402000,1785153450712402000,1785153450712403000,1785153450712557000,1785153450712560000,1785153450712560000,1785153450712560000,121932490,121652369,-126.121,0.000,0.000,1.000,3.000,0.000,0.000,2.000,0,0,0
B3_zmq_pushpull,zmq_tcp,none,none,,1,14253,512,584,1785153450713585000,1785153450713585000,1785153450713585000,1785153450713586000,1785153450713677000,1785153450713680000,1785153450713680000,1785153450713680000,121932490,121652369,-189.121,0.000,0.000,1.000,3.000,0.000,0.000,63.000,0,0,0
B3_zmq_pushpull,zmq_tcp,none,none,,1,14254,512,584,1785153450714375000,1785153450714376000,1785153450714376000,1785153450714377000,1785153450714514000,1785153450714517000,1785153450714517000,1785153450714517000,121932490,121652369,-143.121,1.000,0.000,1.000,3.000,0.000,0.000,46.000,0,0,0
B3_zmq_pushpull,zmq_tcp,none,none,,1,14255,512,584,1785153450715593000,1785153450715593000,1785153450715593000,1785153450715594000,1785153450715781000,1785153450715784000,1785153450715784000,1785153450715784000,121932490,121652369,-93.121,0.000,0.000,1.000,3.000,0.000,0.000,50.000,0,0,0
B3_zmq_pushpull,zmq_tcp,none,none,,1,14256,512,584,1785153450716536000,1785153450716536000,1785153450716536000,1785153450716537000,1785153450716622000,1785153450716625000,1785153450716625000,1785153450716625000,121932490,121652369,-195.121,0.000,0.000,1.000,3.000,0.000,0.000,102.000,0,0,0
B3_zmq_pushpull,zmq_tcp,none,none,,1,14257,512,584,1785153450717552000,1785153450717552000,1785153450717552000,1785153450717553000,1785153450717609000,1785153450717612000,1785153450717612000,1785153450717612000,121932490,121652369,-224.121,0.000,0.000,1.000,3.000,0.000,0.000,29.000,0,0,0
B3_zmq_pushpull,zmq_tcp,none,none,,1,14258,512,584,1785153450718548000,1785153450718548000,1785153450718548000,1785153450718549000,1785153450718595000,1785153450718598000,1785153450718598000,1785153450718598000,121932490,121652369,-234.121,0.000,0.000,1.000,3.000,0.000,0.000,10.000,0,0,0
B3_zmq_pushpull,zmq_tcp,none,none,,1,14259,512,584,1785153450719549000,1785153450719549000,1785153450719549000,1785153450719550000,1785153450719694000,1785153450719696000,1785153450719696000,1785153450719696000,121932490,121652369,-136.121,0.000,0.000,1.000,2.000,0.000,0.000,98.000,0,0,0
B3_zmq_pushpull,zmq_tcp,none,none,,1,14260,512,584,1785153450720547000,1785153450720547000,1785153450720547000,1785153450720548000,1785153450720694000,1785153450720697000,1785153450720697000,1785153450720697000,121932490,121652369,-134.121,0.000,0.000,1.000,3.000,0.000,0.000,2.000,0,0,0
B3_zmq_pushpull,zmq_tcp,none,none,,1,14261,512,584,1785153450721550000,1785153450721550000,1785153450721551000,1785153450721551000,1785153450721685000,1785153450721688000,1785153450721688000,1785153450721688000,121932490,121652369,-146.121,0.000,1.000,0.000,3.000,0.000,0.000,12.000,0,0,0
B3_zmq_pushpull,zmq_tcp,none,none,,1,14262,512,584,1785153450722550000,1785153450722551000,1785153450722551000,1785153450722552000,1785153450722660000,1785153450722662000,1785153450722662000,1785153450722662000,121932490,121652369,-172.121,1.000,0.000,1.000,2.000,0.000,0.000,26.000,0,0,0
B3_zmq_pushpull,zmq_tcp,none,none,,1,14263,512,584,1785153450723549000,1785153450723549000,1785153450723549000,1785153450723550000,1785153450723653000,1785153450723656000,1785153450723656000,1785153450723656000,121932490,121652369,-177.121,0.000,0.000,1.000,3.000,0.000,0.000,5.000,0,0,0
B3_zmq_pushpull,zmq_tcp,none,none,,1,14264,512,584,1785153450724365000,1785153450724365000,1785153450724365000,1785153450724367000,1785153450724497000,1785153450724500000,1785153450724500000,1785153450724500000,121932490,121652369,-150.121,0.000,0.000,2.000,3.000,0.000,0.000,27.000,0,0,0
B3_zmq_pushpull,zmq_tcp,none,none,,1,14265,512,584,1785153450725595000,1785153450725595000,1785153450725595000,1785153450725596000,1785153450725744000,1785153450725746000,1785153450725746000,1785153450725746000,121932490,121652369,-132.121,0.000,0.000,1.000,2.000,0.000,0.000,18.000,0,0,0
B3_zmq_pushpull,zmq_tcp,none,none,,1,14266,512,584,1785153450726536000,1785153450726536000,1785153450726536000,1785153450726537000,1785153450726586000,1785153450726589000,1785153450726590000,1785153450726590000,121932490,121652369,-231.121,0.000,0.000,1.000,3.000,1.000,0.000,99.000,0,0,0
B3_zmq_pushpull,zmq_tcp,none,none,,1,14267,512,584,1785153450727552000,1785153450727552000,1785153450727552000,1785153450727553000,1785153450727692000,1785153450727695000,1785153450727695000,1785153450727695000,121932490,121652369,-141.121,0.000,0.000,1.000,3.000,0.000,0.000,90.000,0,0,0
B3_zmq_pushpull,zmq_tcp,none,none,,1,14268,512,584,1785153450728393000,1785153450728393000,1785153450728393000,1785153450728394000,1785153450728541000,1785153450728544000,1785153450728544000,1785153450728544000,121932490,121652369,-133.121,0.000,0.000,1.000,3.000,0.000,0.000,8.000,0,0,0
B3_zmq_pushpull,zmq_tcp,none,none,,1,14269,512,584,1785153450729589000,1785153450729590000,1785153450729590000,1785153450729591000,1785153450729780000,1785153450729782000,1785153450729782000,1785153450729782000,121932490,121652369,-91.121,1.000,0.000,1.000,2.000,0.000,0.000,42.000,0,0,0
B3_zmq_pushpull,zmq_tcp,none,none,,1,14270,512,584,1785153450730540000,1785153450730540000,1785153450730540000,1785153450730541000,1785153450730633000,1785153450730636000,1785153450730636000,1785153450730636000,121932490,121652369,-188.121,0.000,0.000,1.000,3.000,0.000,0.000,97.000,0,0,0
B3_zmq_pushpull,zmq_tcp,none,none,,1,14271,512,584,1785153450731551000,1785153450731551000,1785153450731551000,1785153450731552000,1785153450731608000,1785153450731612000,1785153450731612000,1785153450731612000,121932490,121652369,-224.121,0.000,0.000,1.000,4.000,0.000,0.000,36.000,0,0,0
B3_zmq_pushpull,zmq_tcp,none,none,,1,14272,512,584,1785153450732548000,1785153450732548000,1785153450732548000,1785153450732549000,1785153450732597000,1785153450732600000,1785153450732600000,1785153450732600000,121932490,121652369,-232.121,0.000,0.000,1.000,3.000,0.000,0.000,8.000,0,0,0
B3_zmq_pushpull,zmq_tcp,none,none,,1,14273,512,584,1785153450733424000,1785153450733425000,1785153450733425000,1785153450733426000,1785153450733578000,1785153450733581000,1785153450733581000,1785153450733581000,121932490,121652369,-128.121,1.000,0.000,1.000,3.000,0.000,0.000,104.000,0,0,0
B3_zmq_pushpull,zmq_tcp,none,none,,1,14274,512,584,1785153450734416000,1785153450734416000,1785153450734416000,1785153450734417000,1785153450734568000,1785153450734570000,1785153450734570000,1785153450734570000,121932490,121652369,-129.121,0.000,0.000,1.000,2.000,0.000,0.000,1.000,0,0,0
B3_zmq_pushpull,zmq_tcp,none,none,,1,14275,512,584,1785153450735380000,1785153450735380000,1785153450735380000,1785153450735381000,1785153450735540000,1785153450735542000,1785153450735542000,1785153450735542000,121932490,121652369,-121.121,0.000,0.000,1.000,2.000,0.000,0.000,8.000,0,0,0
B3_zmq_pushpull,zmq_tcp,none,none,,1,14276,512,584,1785153450736592000,1785153450736592000,1785153450736592000,1785153450736593000,1785153450736673000,1785153450736676000,1785153450736676000,1785153450736676000,121932490,121652369,-200.121,0.000,0.000,1.000,3.000,0.000,0.000,79.000,0,0,0
B3_zmq_pushpull,zmq_tcp,none,none,,1,14277,512,584,1785153450737535000,1785153450737535000,1785153450737535000,1785153450737536000,1785153450737664000,1785153450737666000,1785153450737666000,1785153450737666000,121932490,121652369,-152.121,0.000,0.000,1.000,2.000,0.000,0.000,48.000,0,0,0
B3_zmq_pushpull,zmq_tcp,none,none,,1,14278,512,584,1785153450738552000,1785153450738552000,1785153450738552000,1785153450738553000,1785153450738636000,1785153450738639000,1785153450738639000,1785153450738639000,121932490,121652369,-197.121,0.000,0.000,1.000,3.000,0.000,0.000,45.000,0,0,0
B3_zmq_pushpull,zmq_tcp,none,none,,1,14279,512,584,1785153450739436000,1785153450739437000,1785153450739437000,1785153450739438000,1785153450739588000,1785153450739590000,1785153450739590000,1785153450739590000,121932490,121652369,-130.121,1.000,0.000,1.000,2.000,0.000,0.000,67.000,0,0,0
B3_zmq_pushpull,zmq_tcp,none,none,,1,14280,512,584,1785153450740577000,1785153450740577000,1785153450740577000,1785153450740578000,1785153450740719000,1785153450740721000,1785153450740721000,1785153450740721000,121932490,121652369,-139.121,0.000,0.000,1.000,2.000,0.000,0.000,9.000,0,0,0
B3_zmq_pushpull,zmq_tcp,none,none,,1,14281,512,584,1785153450741543000,1785153450741543000,1785153450741543000,1785153450741544000,1785153450741706000,1785153450741709000,1785153450741709000,1785153450741709000,121932490,121652369,-118.121,0.000,0.000,1.000,3.000,0.000,0.000,21.000,0,0,0
B3_zmq_pushpull,zmq_tcp,none,none,,1,14282,512,584,1785153450742408000,1785153450742409000,1785153450742409000,1785153450742410000,1785153450742565000,1785153450742568000,1785153450742568000,1785153450742568000,121932490,121652369,-125.121,1.000,0.000,1.000,3.000,0.000,0.000,7.000,0,0,0
B3_zmq_pushpull,zmq_tcp,none,none,,1,14283,512,584,1785153450743386000,1785153450743386000,1785153450743386000,1785153450743387000,1785153450743542000,1785153450743545000,1785153450743545000,1785153450743545000,121932490,121652369,-125.121,0.000,0.000,1.000,3.000,0.000,0.000,0.000,0,0,0
B3_zmq_pushpull,zmq_tcp,none,none,,1,14284,512,584,1785153450744382000,1785153450744382000,1785153450744382000,1785153450744383000,1785153450744540000,1785153450744542000,1785153450744542000,1785153450744542000,121932490,121652369,-123.121,0.000,0.000,1.000,2.000,0.000,0.000,2.000,0,0,0
B3_zmq_pushpull,zmq_tcp,none,none,,1,14285,512,584,1785153450745360000,1785153450745360000,1785153450745360000,1785153450745361000,1785153450745504000,1785153450745507000,1785153450745507000,1785153450745507000,121932490,121652369,-137.121,0.000,0.000,1.000,3.000,0.000,0.000,14.000,0,0,0
B3_zmq_pushpull,zmq_tcp,none,none,,1,14286,512,584,1785153450746596000,1785153450746596000,1785153450746596000,1785153450746597000,1785153450746757000,1785153450746760000,1785153450746760000,1785153450746760000,121932490,121652369,-120.121,0.000,0.000,1.000,3.000,0.000,0.000,17.000,0,0,0
B3_zmq_pushpull,zmq_tcp,none,none,,1,14287,512,584,1785153450747536000,1785153450747536000,1785153450747536000,1785153450747537000,1785153450747596000,1785153450747599000,1785153450747599000,1785153450747599000,121932490,121652369,-221.121,0.000,0.000,1.000,3.000,0.000,0.000,101.000,0,0,0
B3_zmq_pushpull,zmq_tcp,none,none,,1,14288,512,584,1785153450748554000,1785153450748554000,1785153450748554000,1785153450748555000,1785153450748736000,1785153450748738000,1785153450748738000,1785153450748738000,121932490,121652369,-99.121,0.000,0.000,1.000,2.000,0.000,0.000,122.000,0,0,0
B3_zmq_pushpull,zmq_tcp,none,none,,1,14289,512,584,1785153450749548000,1785153450749548000,1785153450749548000,1785153450749549000,1785153450749723000,1785153450749725000,1785153450749725000,1785153450749725000,121932490,121652369,-106.121,0.000,0.000,1.000,2.000,0.000,0.000,7.000,0,0,0
B3_zmq_pushpull,zmq_tcp,none,none,,1,14290,512,584,1785153450750551000,1785153450750551000,1785153450750551000,1785153450750552000,1785153450750720000,1785153450750723000,1785153450750723000,1785153450750723000,121932490,121652369,-112.121,0.000,0.000,1.000,3.000,0.000,0.000,6.000,0,0,0
B3_zmq_pushpull,zmq_tcp,none,none,,1,14291,512,584,1785153450751391000,1785153450751391000,1785153450751391000,1785153450751392000,1785153450751544000,1785153450751547000,1785153450751547000,1785153450751547000,121932490,121652369,-128.121,0.000,0.000,1.000,3.000,0.000,0.000,16.000,0,0,0
B3_zmq_pushpull,zmq_tcp,none,none,,1,14292,512,584,1785153450752367000,1785153450752367000,1785153450752368000,1785153450752368000,1785153450752520000,1785153450752523000,1785153450752523000,1785153450752523000,121932490,121652369,-128.121,0.000,1.000,0.000,3.000,0.000,0.000,0.000,0,0,0
B3_zmq_pushpull,zmq_tcp,none,none,,1,14293,512,584,1785153450753367000,1785153450753367000,1785153450753367000,1785153450753368000,1785153450753510000,1785153450753513000,1785153450753513000,1785153450753513000,121932490,121652369,-138.121,0.000,0.000,1.000,3.000,0.000,0.000,10.000,0,0,0
B3_zmq_pushpull,zmq_tcp,none,none,,1,14294,512,584,1785153450754594000,1785153450754595000,1785153450754595000,1785153450754596000,1785153450754767000,1785153450754769000,1785153450754769000,1785153450754769000,121932490,121652369,-109.121,1.000,0.000,1.000,2.000,0.000,0.000,29.000,0,0,0
B3_zmq_pushpull,zmq_tcp,none,none,,1,14295,512,584,1785153450755533000,1785153450755534000,1785153450755534000,1785153450755535000,1785153450755625000,1785153450755628000,1785153450755628000,1785153450755628000,121932490,121652369,-190.121,1.000,0.000,1.000,3.000,0.000,0.000,81.000,0,0,0
B3_zmq_pushpull,zmq_tcp,none,none,,1,14296,512,584,1785153450756555000,1785153450756555000,1785153450756555000,1785153450756556000,1785153450756732000,1785153450756735000,1785153450756735000,1785153450756735000,121932490,121652369,-104.121,0.000,0.000,1.000,3.000,0.000,0.000,86.000,0,0,0
B3_zmq_pushpull,zmq_tcp,none,none,,1,14297,512,584,1785153450757547000,1785153450757547000,1785153450757547000,1785153450757548000,1785153450757707000,1785153450757710000,1785153450757710000,1785153450757710000,121932490,121652369,-121.121,0.000,0.000,1.000,3.000,0.000,0.000,17.000,0,0,0
B3_zmq_pushpull,zmq_tcp,none,none,,1,14298,512,584,1785153450758550000,1785153450758550000,1785153450758550000,1785153450758551000,1785153450758687000,1785153450758689000,1785153450758689000,1785153450758689000,121932490,121652369,-144.121,0.000,0.000,1.000,2.000,0.000,0.000,23.000,0,0,0
B3_zmq_pushpull,zmq_tcp,none,none,,1,14299,512,584,1785153450759547000,1785153450759547000,1785153450759547000,1785153450759548000,1785153450759641000,1785153450759644000,1785153450759644000,1785153450759644000,121932490,121652369,-187.121,0.000,0.000,1.000,3.000,0.000,0.000,43.000,0,0,0
B3_zmq_pushpull,zmq_tcp,none,none,,1,14300,512,584,1785153450760550000,1785153450760550000,1785153450760551000,1785153450760551000,1785153450760631000,1785153450760634000,1785153450760634000,1785153450760634000,121932490,121652369,-200.121,0.000,1.000,0.000,3.000,0.000,0.000,13.000,0,0,0
B3_zmq_pushpull,zmq_tcp,none,none,,1,14301,512,584,1785153450761549000,1785153450761549000,1785153450761549000,1785153450761550000,1785153450761612000,1785153450761614000,1785153450761615000,1785153450761615000,121932490,121652369,-218.121,0.000,0.000,1.000,2.000,1.000,0.000,18.000,0,0,0
B3_zmq_pushpull,zmq_tcp,none,none,,1,14302,512,584,1785153450762553000,1785153450762553000,1785153450762553000,1785153450762554000,1785153450762722000,1785153450762725000,1785153450762725000,1785153450762725000,121932490,121652369,-112.121,0.000,0.000,1.000,3.000,0.000,0.000,106.000,0,0,0
B3_zmq_pushpull,zmq_tcp,none,none,,1,14303,512,584,1785153450763544000,1785153450763544000,1785153450763544000,1785153450763545000,1785153450763716000,1785153450763719000,1785153450763719000,1785153450763719000,121932490,121652369,-109.121,0.000,0.000,1.000,3.000,0.000,0.000,3.000,0,0,0
B3_zmq_pushpull,zmq_tcp,none,none,,1,14304,512,584,1785153450764410000,1785153450764411000,1785153450764411000,1785153450764412000,1785153450764571000,1785153450764573000,1785153450764573000,1785153450764573000,121932490,121652369,-121.121,1.000,0.000,1.000,2.000,0.000,0.000,12.000,0,0,0
B3_zmq_pushpull,zmq_tcp,none,none,,1,14305,512,584,1785153450765585000,1785153450765585000,1785153450765585000,1785153450765586000,1785153450765679000,1785153450765681000,1785153450765681000,1785153450765681000,121932490,121652369,-187.121,0.000,0.000,1.000,2.000,0.000,0.000,66.000,0,0,0
B3_zmq_pushpull,zmq_tcp,none,none,,1,14306,512,584,1785153450766539000,1785153450766539000,1785153450766539000,1785153450766540000,1785153450766668000,1785153450766671000,1785153450766671000,1785153450766671000,121932490,121652369,-152.121,0.000,0.000,1.000,3.000,0.000,0.000,35.000,0,0,0
B3_zmq_pushpull,zmq_tcp,none,none,,1,14307,512,584,1785153450767551000,1785153450767551000,1785153450767551000,1785153450767552000,1785153450767656000,1785153450767658000,1785153450767659000,1785153450767659000,121932490,121652369,-176.121,0.000,0.000,1.000,2.000,1.000,0.000,24.000,0,0,0
B3_zmq_pushpull,zmq_tcp,none,none,,1,14308,512,584,1785153450768549000,1785153450768549000,1785153450768549000,1785153450768550000,1785153450768625000,1785153450768628000,1785153450768628000,1785153450768628000,121932490,121652369,-205.121,0.000,0.000,1.000,3.000,0.000,0.000,29.000,0,0,0
B3_zmq_pushpull,zmq_tcp,none,none,,1,14309,512,584,1785153450769548000,1785153450769548000,1785153450769548000,1785153450769549000,1785153450769622000,1785153450769625000,1785153450769625000,1785153450769625000,121932490,121652369,-207.121,0.000,0.000,1.000,3.000,0.000,0.000,2.000,0,0,0
B3_zmq_pushpull,zmq_tcp,none,none,,1,14310,512,584,1785153450770459000,1785153450770459000,1785153450770460000,1785153450770460000,1785153450770617000,1785153450770620000,1785153450770620000,1785153450770620000,121932490,121652369,-123.121,0.000,1.000,0.000,3.000,0.000,0.000,84.000,0,0,0
B3_zmq_pushpull,zmq_tcp,none,none,,1,14311,512,584,1785153450771454000,1785153450771454000,1785153450771454000,1785153450771455000,1785153450771608000,1785153450771611000,1785153450771611000,1785153450771611000,121932490,121652369,-127.121,0.000,0.000,1.000,3.000,0.000,0.000,4.000,0,0,0
B3_zmq_pushpull,zmq_tcp,none,none,,1,14312,512,584,1785153450772573000,1785153450772573000,1785153450772573000,1785153450772574000,1785153450772727000,1785153450772730000,1785153450772730000,1785153450772730000,121932490,121652369,-127.121,0.000,0.000,1.000,3.000,0.000,0.000,0.000,0,0,0
B3_zmq_pushpull,zmq_tcp,none,none,,1,14313,512,584,1785153450773539000,1785153450773539000,1785153450773539000,1785153450773540000,1785153450773711000,1785153450773713000,1785153450773713000,1785153450773713000,121932490,121652369,-109.121,0.000,0.000,1.000,2.000,0.000,0.000,18.000,0,0,0
B3_zmq_pushpull,zmq_tcp,none,none,,1,14314,512,584,1785153450774551000,1785153450774551000,1785153450774551000,1785153450774552000,1785153450774688000,1785153450774690000,1785153450774691000,1785153450774691000,121932490,121652369,-144.121,0.000,0.000,1.000,2.000,1.000,0.000,35.000,0,0,0
B3_zmq_pushpull,zmq_tcp,none,none,,1,14315,512,584,1785153450775548000,1785153450775548000,1785153450775548000,1785153450775549000,1785153450775667000,1785153450775669000,1785153450775669000,1785153450775669000,121932490,121652369,-162.121,0.000,0.000,1.000,2.000,0.000,0.000,18.000,0,0,0
B3_zmq_pushpull,zmq_tcp,none,none,,1,14316,512,584,1785153450776548000,1785153450776548000,1785153450776548000,1785153450776549000,1785153450776641000,1785153450776644000,1785153450776644000,1785153450776644000,121932490,121652369,-188.121,0.000,0.000,1.000,3.000,0.000,0.000,26.000,0,0,0
B3_zmq_pushpull,zmq_tcp,none,none,,1,14317,512,584,1785153450777546000,1785153450777546000,1785153450777546000,1785153450777547000,1785153450777621000,1785153450777624000,1785153450777624000,1785153450777624000,121932490,121652369,-206.121,0.000,0.000,1.000,3.000,0.000,0.000,18.000,0,0,0
B3_zmq_pushpull,zmq_tcp,none,none,,1,14318,512,584,1785153450778550000,1785153450778550000,1785153450778550000,1785153450778551000,1785153450778724000,1785153450778727000,1785153450778727000,1785153450778727000,121932490,121652369,-107.121,0.000,0.000,1.000,3.000,0.000,0.000,99.000,0,0,0
B3_zmq_pushpull,zmq_tcp,none,none,,1,14319,512,584,1785153450779550000,1785153450779551000,1785153450779551000,1785153450779552000,1785153450779721000,1785153450779724000,1785153450779724000,1785153450779724000,121932490,121652369,-111.121,1.000,0.000,1.000,3.000,0.000,0.000,4.000,0,0,0
B3_zmq_pushpull,zmq_tcp,none,none,,1,14320,512,584,1785153450780544000,1785153450780545000,1785153450780545000,1785153450780546000,1785153450780704000,1785153450780707000,1785153450780707000,1785153450780707000,121932490,121652369,-122.121,1.000,0.000,1.000,3.000,0.000,0.000,11.000,0,0,0
B3_zmq_pushpull,zmq_tcp,none,none,,1,14321,512,584,1785153450781550000,1785153450781550000,1785153450781550000,1785153450781551000,1785153450781692000,1785153450781695000,1785153450781695000,1785153450781695000,121932490,121652369,-139.121,0.000,0.000,1.000,3.000,0.000,0.000,17.000,0,0,0
B3_zmq_pushpull,zmq_tcp,none,none,,1,14322,512,584,1785153450782548000,1785153450782548000,1785153450782548000,1785153450782549000,1785153450782660000,1785153450782663000,1785153450782663000,1785153450782663000,121932490,121652369,-169.121,0.000,0.000,1.000,3.000,0.000,0.000,30.000,0,0,0
B3_zmq_pushpull,zmq_tcp,none,none,,1,14323,512,584,1785153450783554000,1785153450783554000,1785153450783554000,1785153450783555000,1785153450783627000,1785153450783630000,1785153450783630000,1785153450783630000,121932490,121652369,-208.121,0.000,0.000,1.000,3.000,0.000,0.000,39.000,0,0,0
B3_zmq_pushpull,zmq_tcp,none,none,,1,14324,512,584,1785153450784546000,1785153450784546000,1785153450784546000,1785153450784547000,1785153450784730000,1785153450784732000,1785153450784732000,1785153450784732000,121932490,121652369,-97.121,0.000,0.000,1.000,2.000,0.000,0.000,111.000,0,0,0
B3_zmq_pushpull,zmq_tcp,none,none,,1,14325,512,584,1785153450785429000,1785153450785429000,1785153450785429000,1785153450785430000,1785153450785587000,1785153450785589000,1785153450785589000,1785153450785589000,121932490,121652369,-123.121,0.000,0.000,1.000,2.000,0.000,0.000,26.000,0,0,0
B3_zmq_pushpull,zmq_tcp,none,none,,1,14326,512,584,1785153450786414000,1785153450786414000,1785153450786414000,1785153450786415000,1785153450786573000,1785153450786576000,1785153450786576000,1785153450786576000,121932490,121652369,-122.121,0.000,0.000,1.000,3.000,0.000,0.000,1.000,0,0,0
B3_zmq_pushpull,zmq_tcp,none,none,,1,14327,512,584,1785153450787583000,1785153450787583000,1785153450787583000,1785153450787584000,1785153450787698000,1785153450787700000,1785153450787700000,1785153450787700000,121932490,121652369,-166.121,0.000,0.000,1.000,2.000,0.000,0.000,44.000,0,0,0
B3_zmq_pushpull,zmq_tcp,none,none,,1,14328,512,584,1785153450788538000,1785153450788538000,1785153450788538000,1785153450788539000,1785153450788675000,1785153450788678000,1785153450788678000,1785153450788678000,121932490,121652369,-144.121,0.000,0.000,1.000,3.000,0.000,0.000,22.000,0,0,0
B3_zmq_pushpull,zmq_tcp,none,none,,1,14329,512,584,1785153450789365000,1785153450789365000,1785153450789365000,1785153450789366000,1785153450789517000,1785153450789520000,1785153450789520000,1785153450789520000,121932490,121652369,-129.121,0.000,0.000,1.000,3.000,0.000,0.000,15.000,0,0,0
B3_zmq_pushpull,zmq_tcp,none,none,,1,14330,512,584,1785153450790357000,1785153450790357000,1785153450790357000,1785153450790358000,1785153450790501000,1785153450790504000,1785153450790504000,1785153450790504000,121932490,121652369,-137.121,0.000,0.000,1.000,3.000,0.000,0.000,8.000,0,0,0
B3_zmq_pushpull,zmq_tcp,none,none,,1,14331,512,584,1785153450791475000,1785153450791475000,1785153450791476000,1785153450791476000,1785153450791633000,1785153450791636000,1785153450791636000,1785153450791636000,121932490,121652369,-123.121,0.000,1.000,0.000,3.000,0.000,0.000,14.000,0,0,0
B3_zmq_pushpull,zmq_tcp,none,none,,1,14332,512,584,1785153450792567000,1785153450792568000,1785153450792568000,1785153450792569000,1785153450792763000,1785153450792765000,1785153450792765000,1785153450792765000,121932490,121652369,-86.121,1.000,0.000,1.000,2.000,0.000,0.000,37.000,0,0,0
B3_zmq_pushpull,zmq_tcp,none,none,,1,14333,512,584,1785153450793463000,1785153450793464000,1785153450793464000,1785153450793465000,1785153450793619000,1785153450793622000,1785153450793622000,1785153450793622000,121932490,121652369,-126.121,1.000,0.000,1.000,3.000,0.000,0.000,40.000,0,0,0
B3_zmq_pushpull,zmq_tcp,none,none,,1,14334,512,584,1785153450794438000,1785153450794439000,1785153450794439000,1785153450794440000,1785153450794581000,1785153450794585000,1785153450794585000,1785153450794585000,121932490,121652369,-139.121,1.000,0.000,1.000,4.000,0.000,0.000,13.000,0,0,0
B3_zmq_pushpull,zmq_tcp,none,none,,1,14335,512,584,1785153450795576000,1785153450795576000,1785153450795577000,1785153450795577000,1785153450795705000,1785153450795708000,1785153450795708000,1785153450795708000,121932490,121652369,-152.121,0.000,1.000,0.000,3.000,0.000,0.000,13.000,0,0,0
B3_zmq_pushpull,zmq_tcp,none,none,,1,14336,512,584,1785153450796539000,1785153450796539000,1785153450796539000,1785153450796540000,1785153450796683000,1785153450796687000,1785153450796687000,1785153450796687000,121932490,121652369,-137.121,0.000,0.000,1.000,4.000,0.000,0.000,15.000,0,0,0
B3_zmq_pushpull,zmq_tcp,none,none,,1,14337,512,584,1785153450797554000,1785153450797554000,1785153450797554000,1785153450797555000,1785153450797685000,1785153450797688000,1785153450797688000,1785153450797688000,121932490,121652369,-150.121,0.000,0.000,1.000,3.000,0.000,0.000,13.000,0,0,0
B3_zmq_pushpull,zmq_tcp,none,none,,1,14338,512,584,1785153450798547000,1785153450798547000,1785153450798547000,1785153450798548000,1785153450798675000,1785153450798677000,1785153450798677000,1785153450798677000,121932490,121652369,-153.121,0.000,0.000,1.000,2.000,0.000,0.000,3.000,0,0,0
B3_zmq_pushpull,zmq_tcp,none,none,,1,14339,512,584,1785153450799552000,1785153450799552000,1785153450799552000,1785153450799553000,1785153450799656000,1785153450799659000,1785153450799659000,1785153450799659000,121932490,121652369,-177.121,0.000,0.000,1.000,3.000,0.000,0.000,24.000,0,0,0
B3_zmq_pushpull,zmq_tcp,none,none,,1,14340,512,584,1785153450800547000,1785153450800547000,1785153450800547000,1785153450800548000,1785153450800636000,1785153450800639000,1785153450800639000,1785153450800639000,121932490,121652369,-192.121,0.000,0.000,1.000,3.000,0.000,0.000,15.000,0,0,0
B3_zmq_pushpull,zmq_tcp,none,none,,1,14341,512,584,1785153450801550000,1785153450801550000,1785153450801550000,1785153450801551000,1785153450801617000,1785153450801620000,1785153450801620000,1785153450801620000,121932490,121652369,-214.121,0.000,0.000,1.000,3.000,0.000,0.000,22.000,0,0,0
B3_zmq_pushpull,zmq_tcp,none,none,,1,14342,512,584,1785153450802548000,1785153450802549000,1785153450802549000,1785153450802549000,1785153450802595000,1785153450802598000,1785153450802598000,1785153450802598000,121932490,121652369,-234.121,1.000,0.000,0.000,3.000,0.000,0.000,20.000,0,0,0
B3_zmq_pushpull,zmq_tcp,none,none,,1,14343,512,584,1785153450803437000,1785153450803438000,1785153450803438000,1785153450803439000,1785153450803588000,1785153450803591000,1785153450803591000,1785153450803591000,121932490,121652369,-131.121,1.000,0.000,1.000,3.000,0.000,0.000,103.000,0,0,0
B3_zmq_pushpull,zmq_tcp,none,none,,1,14344,512,584,1785153450804412000,1785153450804412000,1785153450804412000,1785153450804413000,1785153450804572000,1785153450804575000,1785153450804575000,1785153450804575000,121932490,121652369,-121.121,0.000,0.000,1.000,3.000,0.000,0.000,10.000,0,0,0
B3_zmq_pushpull,zmq_tcp,none,none,,1,14345,512,584,1785153450805585000,1785153450805586000,1785153450805586000,1785153450805587000,1785153450805709000,1785153450805711000,1785153450805711000,1785153450805711000,121932490,121652369,-158.121,1.000,0.000,1.000,2.000,0.000,0.000,37.000,0,0,0
B3_zmq_pushpull,zmq_tcp,none,none,,1,14346,512,584,1785153450806544000,1785153450806544000,1785153450806544000,1785153450806545000,1785153450806703000,1785153450806705000,1785153450806705000,1785153450806705000,121932490,121652369,-122.121,0.000,0.000,1.000,2.000,0.000,0.000,36.000,0,0,0
B3_zmq_pushpull,zmq_tcp,none,none,,1,14347,512,584,1785153450807549000,1785153450807549000,1785153450807549000,1785153450807550000,1785153450807687000,1785153450807690000,1785153450807690000,1785153450807690000,121932490,121652369,-143.121,0.000,0.000,1.000,3.000,0.000,0.000,21.000,0,0,0
B3_zmq_pushpull,zmq_tcp,none,none,,1,14348,512,584,1785153450808386000,1785153450808386000,1785153450808386000,1785153450808387000,1785153450808541000,1785153450808544000,1785153450808544000,1785153450808544000,121932490,121652369,-126.121,0.000,0.000,1.000,3.000,0.000,0.000,17.000,0,0,0
B3_zmq_pushpull,zmq_tcp,none,none,,1,14349,512,584,1785153450809590000,1785153450809590000,1785153450809590000,1785153450809591000,1785153450809647000,1785153450809650000,1785153450809650000,1785153450809650000,121932490,121652369,-224.121,0.000,0.000,1.000,3.000,0.000,0.000,98.000,0,0,0
B3_zmq_pushpull,zmq_tcp,none,none,,1,14350,512,584,1785153450810536000,1785153450810536000,1785153450810536000,1785153450810537000,1785153450810607000,1785153450810610000,1785153450810610000,1785153450810610000,121932490,121652369,-210.121,0.000,0.000,1.000,3.000,0.000,0.000,14.000,0,0,0
B3_zmq_pushpull,zmq_tcp,none,none,,1,14351,512,584,1785153450811554000,1785153450811554000,1785153450811554000,1785153450811555000,1785153450811727000,1785153450811729000,1785153450811729000,1785153450811729000,121932490,121652369,-108.121,0.000,0.000,1.000,2.000,0.000,0.000,102.000,0,0,0
B3_zmq_pushpull,zmq_tcp,none,none,,1,14352,512,584,1785153450812548000,1785153450812548000,1785153450812548000,1785153450812549000,1785153450812734000,1785153450812737000,1785153450812737000,1785153450812737000,121932490,121652369,-95.121,0.000,0.000,1.000,3.000,0.000,0.000,13.000,0,0,0
B3_zmq_pushpull,zmq_tcp,none,none,,1,14353,512,584,1785153450813549000,1785153450813550000,1785153450813550000,1785153450813551000,1785153450813740000,1785153450813743000,1785153450813743000,1785153450813743000,121932490,121652369,-91.121,1.000,0.000,1.000,3.000,0.000,0.000,4.000,0,0,0
B3_zmq_pushpull,zmq_tcp,none,none,,1,14354,512,584,1785153450814547000,1785153450814547000,1785153450814547000,1785153450814548000,1785153450814712000,1785153450814716000,1785153450814716000,1785153450814716000,121932490,121652369,-116.121,0.000,0.000,1.000,4.000,0.000,0.000,25.000,0,0,0
B3_zmq_pushpull,zmq_tcp,none,none,,1,14355,512,584,1785153450815550000,1785153450815550000,1785153450815551000,1785153450815551000,1785153450815682000,1785153450815684000,1785153450815684000,1785153450815684000,121932490,121652369,-149.121,0.000,1.000,0.000,2.000,0.000,0.000,33.000,0,0,0
B3_zmq_pushpull,zmq_tcp,none,none,,1,14356,512,584,1785153450816548000,1785153450816549000,1785153450816549000,1785153450816550000,1785153450816670000,1785153450816672000,1785153450816672000,1785153450816672000,121932490,121652369,-160.121,1.000,0.000,1.000,2.000,0.000,0.000,11.000,0,0,0
B3_zmq_pushpull,zmq_tcp,none,none,,1,14357,512,584,1785153450817549000,1785153450817549000,1785153450817549000,1785153450817550000,1785153450817664000,1785153450817666000,1785153450817666000,1785153450817666000,121932490,121652369,-166.121,0.000,0.000,1.000,2.000,0.000,0.000,6.000,0,0,0
B3_zmq_pushpull,zmq_tcp,none,none,,1,14358,512,584,1785153450818547000,1785153450818547000,1785153450818547000,1785153450818548000,1785153450818654000,1785153450818657000,1785153450818657000,1785153450818657000,121932490,121652369,-174.121,0.000,0.000,1.000,3.000,0.000,0.000,8.000,0,0,0
B3_zmq_pushpull,zmq_tcp,none,none,,1,14359,512,584,1785153450819551000,1785153450819551000,1785153450819551000,1785153450819552000,1785153450819636000,1785153450819639000,1785153450819639000,1785153450819639000,121932490,121652369,-196.121,0.000,0.000,1.000,3.000,0.000,0.000,22.000,0,0,0
B3_zmq_pushpull,zmq_tcp,none,none,,1,14360,512,584,1785153450820470000,1785153450820470000,1785153450820470000,1785153450820471000,1785153450820624000,1785153450820627000,1785153450820627000,1785153450820627000,121932490,121652369,-127.121,0.000,0.000,1.000,3.000,0.000,0.000,69.000,0,0,0
B3_zmq_pushpull,zmq_tcp,none,none,,1,14361,512,584,1785153450821448000,1785153450821448000,1785153450821448000,1785153450821449000,1785153450821600000,1785153450821604000,1785153450821604000,1785153450821604000,121932490,121652369,-129.121,0.000,0.000,1.000,4.000,0.000,0.000,2.000,0,0,0
B3_zmq_pushpull,zmq_tcp,none,none,,1,14362,512,584,1785153450822571000,1785153450822572000,1785153450822572000,1785153450822573000,1785153450822715000,1785153450822718000,1785153450822718000,1785153450822718000,121932490,121652369,-138.121,1.000,0.000,1.000,3.000,0.000,0.000,9.000,0,0,0
B3_zmq_pushpull,zmq_tcp,none,none,,1,14363,512,584,1785153450823543000,1785153450823544000,1785153450823544000,1785153450823545000,1785153450823708000,1785153450823711000,1785153450823711000,1785153450823711000,121932490,121652369,-117.121,1.000,0.000,1.000,3.000,0.000,0.000,21.000,0,0,0
B3_zmq_pushpull,zmq_tcp,none,none,,1,14364,512,584,1785153450824550000,1785153450824550000,1785153450824550000,1785153450824551000,1785153450824703000,1785153450824706000,1785153450824706000,1785153450824706000,121932490,121652369,-128.121,0.000,0.000,1.000,3.000,0.000,0.000,11.000,0,0,0
B3_zmq_pushpull,zmq_tcp,none,none,,1,14365,512,584,1785153450825546000,1785153450825546000,1785153450825546000,1785153450825547000,1785153450825694000,1785153450825696000,1785153450825696000,1785153450825696000,121932490,121652369,-133.121,0.000,0.000,1.000,2.000,0.000,0.000,5.000,0,0,0
B3_zmq_pushpull,zmq_tcp,none,none,,1,14366,512,584,1785153450826387000,1785153450826387000,1785153450826387000,1785153450826388000,1785153450826540000,1785153450826543000,1785153450826543000,1785153450826543000,121932490,121652369,-128.121,0.000,0.000,1.000,3.000,0.000,0.000,5.000,0,0,0
B3_zmq_pushpull,zmq_tcp,none,none,,1,14367,512,584,1785153450827376000,1785153450827377000,1785153450827377000,1785153450827378000,1785153450827524000,1785153450827526000,1785153450827526000,1785153450827526000,121932490,121652369,-134.121,1.000,0.000,1.000,2.000,0.000,0.000,6.000,0,0,0
B3_zmq_pushpull,zmq_tcp,none,none,,1,14368,512,584,1785153450828593000,1785153450828593000,1785153450828593000,1785153450828594000,1785153450828650000,1785153450828654000,1785153450828654000,1785153450828654000,121932490,121652369,-224.121,0.000,0.000,1.000,4.000,0.000,0.000,90.000,0,0,0
B3_zmq_pushpull,zmq_tcp,none,none,,1,14369,512,584,1785153450829535000,1785153450829535000,1785153450829535000,1785153450829536000,1785153450829611000,1785153450829613000,1785153450829613000,1785153450829613000,121932490,121652369,-205.121,0.000,0.000,1.000,2.000,0.000,0.000,19.000,0,0,0
B3_zmq_pushpull,zmq_tcp,none,none,,1,14370,512,584,1785153450830553000,1785153450830553000,1785153450830553000,1785153450830554000,1785153450830599000,1785153450830602000,1785153450830602000,1785153450830602000,121932490,121652369,-235.121,0.000,0.000,1.000,3.000,0.000,0.000,30.000,0,0,0
B3_zmq_pushpull,zmq_tcp,none,none,,1,14371,512,584,1785153450831547000,1785153450831547000,1785153450831547000,1785153450831548000,1785153450831593000,1785153450831596000,1785153450831597000,1785153450831597000,121932490,121652369,-235.121,0.000,0.000,1.000,3.000,1.000,0.000,0.000,0,0,0
B3_zmq_pushpull,zmq_tcp,none,none,,1,14372,512,584,1785153450832551000,1785153450832551000,1785153450832551000,1785153450832552000,1785153450832728000,1785153450832732000,1785153450832732000,1785153450832732000,121932490,121652369,-104.121,0.000,0.000,1.000,4.000,0.000,0.000,131.000,0,0,0
B3_zmq_pushpull,zmq_tcp,none,none,,1,14373,512,584,1785153450833423000,1785153450833424000,1785153450833424000,1785153450833425000,1785153450833567000,1785153450833570000,1785153450833570000,1785153450833570000,121932490,121652369,-138.121,1.000,0.000,1.000,3.000,0.000,0.000,34.000,0,0,0
B3_zmq_pushpull,zmq_tcp,none,none,,1,14374,512,584,1785153450834581000,1785153450834581000,1785153450834581000,1785153450834582000,1785153450834684000,1785153450834688000,1785153450834688000,1785153450834688000,121932490,121652369,-178.121,0.000,0.000,1.000,4.000,0.000,0.000,40.000,0,0,0
B3_zmq_pushpull,zmq_tcp,none,none,,1,14375,512,584,1785153450835388000,1785153450835388000,1785153450835389000,1785153450835389000,1785153450835540000,1785153450835543000,1785153450835543000,1785153450835543000,121932490,121652369,-129.121,0.000,1.000,0.000,3.000,0.000,0.000,49.000,0,0,0
B3_zmq_pushpull,zmq_tcp,none,none,,1,14376,512,584,1785153450836589000,1785153450836589000,1785153450836589000,1785153450836590000,1785153450836655000,1785153450836658000,1785153450836658000,1785153450836658000,121932490,121652369,-215.121,0.000,0.000,1.000,3.000,0.000,0.000,86.000,0,0,0
B3_zmq_pushpull,zmq_tcp,none,none,,1,14377,512,584,1785153450837535000,1785153450837535000,1785153450837535000,1785153450837536000,1785153450837624000,1785153450837627000,1785153450837627000,1785153450837627000,121932490,121652369,-192.121,0.000,0.000,1.000,3.000,0.000,0.000,23.000,0,0,0
B3_zmq_pushpull,zmq_tcp,none,none,,1,14378,512,584,1785153450838553000,1785153450838553000,1785153450838553000,1785153450838554000,1785153450838598000,1785153450838602000,1785153450838602000,1785153450838602000,121932490,121652369,-236.121,0.000,0.000,1.000,4.000,0.000,0.000,44.000,0,0,0
B3_zmq_pushpull,zmq_tcp,none,none,,1,14379,512,584,1785153450839549000,1785153450839549000,1785153450839549000,1785153450839550000,1785153450839701000,1785153450839703000,1785153450839703000,1785153450839703000,121932490,121652369,-129.121,0.000,0.000,1.000,2.000,0.000,0.000,107.000,0,0,0
B3_zmq_pushpull,zmq_tcp,none,none,,1,14380,512,584,1785153450840549000,1785153450840549000,1785153450840549000,1785153450840550000,1785153450840679000,1785153450840682000,1785153450840682000,1785153450840682000,121932490,121652369,-151.121,0.000,0.000,1.000,3.000,0.000,0.000,22.000,0,0,0
B3_zmq_pushpull,zmq_tcp,none,none,,1,14381,512,584,1785153450841553000,1785153450841554000,1785153450841554000,1785153450841555000,1785153450841639000,1785153450841642000,1785153450841642000,1785153450841642000,121932490,121652369,-196.121,1.000,0.000,1.000,3.000,0.000,0.000,45.000,0,0,0
B3_zmq_pushpull,zmq_tcp,none,none,,1,14382,512,584,1785153450842466000,1785153450842467000,1785153450842467000,1785153450842468000,1785153450842624000,1785153450842628000,1785153450842628000,1785153450842628000,121932490,121652369,-124.121,1.000,0.000,1.000,4.000,0.000,0.000,72.000,0,0,0
B3_zmq_pushpull,zmq_tcp,none,none,,1,14383,512,584,1785153450843570000,1785153450843570000,1785153450843570000,1785153450843571000,1785153450843774000,1785153450843778000,1785153450843778000,1785153450843778000,121932490,121652369,-77.121,0.000,0.000,1.000,4.000,0.000,0.000,47.000,0,0,0
B3_zmq_pushpull,zmq_tcp,none,none,,1,14384,512,584,1785153450844473000,1785153450844473000,1785153450844473000,1785153450844474000,1785153450844627000,1785153450844630000,1785153450844630000,1785153450844630000,121932490,121652369,-127.121,0.000,0.000,1.000,3.000,0.000,0.000,50.000,0,0,0
B3_zmq_pushpull,zmq_tcp,none,none,,1,14385,512,584,1785153450845470000,1785153450845470000,1785153450845470000,1785153450845471000,1785153450845627000,1785153450845631000,1785153450845631000,1785153450845631000,121932490,121652369,-124.121,0.000,0.000,1.000,4.000,0.000,0.000,3.000,0,0,0
B3_zmq_pushpull,zmq_tcp,none,none,,1,14386,512,584,1785153450846475000,1785153450846475000,1785153450846475000,1785153450846476000,1785153450846634000,1785153450846637000,1785153450846637000,1785153450846637000,121932490,121652369,-122.121,0.000,0.000,1.000,3.000,0.000,0.000,2.000,0,0,0
B3_zmq_pushpull,zmq_tcp,none,none,,1,14387,512,584,1785153450847570000,1785153450847570000,1785153450847570000,1785153450847571000,1785153450847647000,1785153450847649000,1785153450847649000,1785153450847650000,121932490,121652369,-204.121,0.000,0.000,1.000,2.000,0.000,1.000,82.000,0,0,0
B3_zmq_pushpull,zmq_tcp,none,none,,1,14388,512,584,1785153450848547000,1785153450848547000,1785153450848547000,1785153450848548000,1785153450848655000,1785153450848657000,1785153450848657000,1785153450848657000,121932490,121652369,-173.121,0.000,0.000,1.000,2.000,0.000,0.000,31.000,0,0,0
B3_zmq_pushpull,zmq_tcp,none,none,,1,14389,512,584,1785153450849372000,1785153450849372000,1785153450849372000,1785153450849373000,1785153450849516000,1785153450849519000,1785153450849519000,1785153450849519000,121932490,121652369,-137.121,0.000,0.000,1.000,3.000,0.000,0.000,36.000,0,0,0
B3_zmq_pushpull,zmq_tcp,none,none,,1,14390,512,584,1785153450850595000,1785153450850595000,1785153450850595000,1785153450850596000,1785153450850756000,1785153450850759000,1785153450850759000,1785153450850759000,121932490,121652369,-120.121,0.000,0.000,1.000,3.000,0.000,0.000,17.000,0,0,0
B3_zmq_pushpull,zmq_tcp,none,none,,1,14391,512,584,1785153450851535000,1785153450851535000,1785153450851535000,1785153450851536000,1785153450851600000,1785153450851604000,1785153450851604000,1785153450851604000,121932490,121652369,-216.121,0.000,0.000,1.000,4.000,0.000,0.000,96.000,0,0,0
B3_zmq_pushpull,zmq_tcp,none,none,,1,14392,512,584,1785153450852440000,1785153450852440000,1785153450852440000,1785153450852441000,1785153450852597000,1785153450852601000,1785153450852601000,1785153450852601000,121932490,121652369,-124.121,0.000,0.000,1.000,4.000,0.000,0.000,92.000,0,0,0
B3_zmq_pushpull,zmq_tcp,none,none,,1,14393,512,584,1785153450853454000,1785153450853454000,1785153450853454000,1785153450853455000,1785153450853613000,1785153450853616000,1785153450853616000,1785153450853616000,121932490,121652369,-122.121,0.000,0.000,1.000,3.000,0.000,0.000,2.000,0,0,0
B3_zmq_pushpull,zmq_tcp,none,none,,1,14394,512,584,1785153450854579000,1785153450854579000,1785153450854579000,1785153450854580000,1785153450854768000,1785153450854771000,1785153450854771000,1785153450854771000,121932490,121652369,-92.121,0.000,0.000,1.000,3.000,0.000,0.000,30.000,0,0,0
B3_zmq_pushpull,zmq_tcp,none,none,,1,14395,512,584,1785153450855482000,1785153450855482000,1785153450855482000,1785153450855483000,1785153450855640000,1785153450855643000,1785153450855643000,1785153450855643000,121932490,121652369,-123.121,0.000,0.000,1.000,3.000,0.000,0.000,31.000,0,0,0
B3_zmq_pushpull,zmq_tcp,none,none,,1,14396,512,584,1785153450856568000,1785153450856568000,1785153450856568000,1785153450856569000,1785153450856610000,1785153450856614000,1785153450856614000,1785153450856614000,121932490,121652369,-239.121,0.000,0.000,1.000,4.000,0.000,0.000,116.000,0,0,0
B3_zmq_pushpull,zmq_tcp,none,none,,1,14397,512,584,1785153450857469000,1785153450857469000,1785153450857469000,1785153450857470000,1785153450857623000,1785153450857626000,1785153450857626000,1785153450857626000,121932490,121652369,-127.121,0.000,0.000,1.000,3.000,0.000,0.000,112.000,0,0,0
B3_zmq_pushpull,zmq_tcp,none,none,,1,14398,512,584,1785153450858448000,1785153450858448000,1785153450858448000,1785153450858449000,1785153450858603000,1785153450858605000,1785153450858605000,1785153450858605000,121932490,121652369,-126.121,0.000,0.000,1.000,2.000,0.000,0.000,1.000,0,0,0
B3_zmq_pushpull,zmq_tcp,none,none,,1,14399,512,584,1785153450859444000,1785153450859444000,1785153450859444000,1785153450859445000,1785153450859590000,1785153450859593000,1785153450859593000,1785153450859593000,121932490,121652369,-135.121,0.000,0.000,1.000,3.000,0.000,0.000,9.000,0,0,0
B3_zmq_pushpull,zmq_tcp,none,none,,1,14400,512,584,1785153450860445000,1785153450860445000,1785153450860445000,1785153450860446000,1785153450860593000,1785153450860596000,1785153450860596000,1785153450860596000,121932490,121652369,-133.121,0.000,0.000,1.000,3.000,0.000,0.000,2.000,0,0,0
B3_zmq_pushpull,zmq_tcp,none,none,,1,14401,512,584,1785153450861577000,1785153450861577000,1785153450861577000,1785153450861578000,1785153450861741000,1785153450861744000,1785153450861744000,1785153450861744000,121932490,121652369,-117.121,0.000,0.000,1.000,3.000,0.000,0.000,16.000,0,0,0
B3_zmq_pushpull,zmq_tcp,none,none,,1,14402,512,584,1785153450862545000,1785153450862545000,1785153450862545000,1785153450862546000,1785153450862589000,1785153450862593000,1785153450862593000,1785153450862593000,121932490,121652369,-237.121,0.000,0.000,1.000,4.000,0.000,0.000,120.000,0,0,0
B3_zmq_pushpull,zmq_tcp,none,none,,1,14403,512,584,1785153450863551000,1785153450863551000,1785153450863551000,1785153450863552000,1785153450863599000,1785153450863601000,1785153450863601000,1785153450863601000,121932490,121652369,-233.121,0.000,0.000,1.000,2.000,0.000,0.000,4.000,0,0,0
B3_zmq_pushpull,zmq_tcp,none,none,,1,14404,512,584,1785153450864550000,1785153450864550000,1785153450864550000,1785153450864551000,1785153450864595000,1785153450864598000,1785153450864598000,1785153450864598000,121932490,121652369,-236.121,0.000,0.000,1.000,3.000,0.000,0.000,3.000,0,0,0
B3_zmq_pushpull,zmq_tcp,none,none,,1,14405,512,584,1785153450865550000,1785153450865550000,1785153450865550000,1785153450865551000,1785153450865594000,1785153450865598000,1785153450865598000,1785153450865598000,121932490,121652369,-237.121,0.000,0.000,1.000,4.000,0.000,0.000,1.000,0,0,0
B3_zmq_pushpull,zmq_tcp,none,none,,1,14406,512,584,1785153450866553000,1785153450866553000,1785153450866553000,1785153450866554000,1785153450866617000,1785153450866620000,1785153450866620000,1785153450866620000,121932490,121652369,-217.121,0.000,0.000,1.000,3.000,0.000,0.000,20.000,0,0,0
B3_zmq_pushpull,zmq_tcp,none,none,,1,14407,512,584,1785153450867551000,1785153450867552000,1785153450867552000,1785153450867553000,1785153450867627000,1785153450867630000,1785153450867630000,1785153450867630000,121932490,121652369,-206.121,1.000,0.000,1.000,3.000,0.000,0.000,11.000,0,0,0
B3_zmq_pushpull,zmq_tcp,none,none,,1,14408,512,584,1785153450868552000,1785153450868553000,1785153450868553000,1785153450868554000,1785153450868640000,1785153450868643000,1785153450868643000,1785153450868643000,121932490,121652369,-194.121,1.000,0.000,1.000,3.000,0.000,0.000,12.000,0,0,0
B3_zmq_pushpull,zmq_tcp,none,none,,1,14409,512,584,1785153450869549000,1785153450869549000,1785153450869549000,1785153450869550000,1785153450869633000,1785153450869636000,1785153450869636000,1785153450869636000,121932490,121652369,-197.121,0.000,0.000,1.000,3.000,0.000,0.000,3.000,0,0,0
B3_zmq_pushpull,zmq_tcp,none,none,,1,14410,512,584,1785153450870551000,1785153450870551000,1785153450870551000,1785153450870552000,1785153450870647000,1785153450870649000,1785153450870649000,1785153450870649000,121932490,121652369,-185.121,0.000,0.000,1.000,2.000,0.000,0.000,12.000,0,0,0
B3_zmq_pushpull,zmq_tcp,none,none,,1,14411,512,584,1785153450871550000,1785153450871550000,1785153450871550000,1785153450871551000,1785153450871646000,1785153450871649000,1785153450871649000,1785153450871649000,121932490,121652369,-185.121,0.000,0.000,1.000,3.000,0.000,0.000,0.000,0,0,0
B3_zmq_pushpull,zmq_tcp,none,none,,1,14412,512,584,1785153450872550000,1785153450872551000,1785153450872551000,1785153450872551000,1785153450872644000,1785153450872647000,1785153450872647000,1785153450872647000,121932490,121652369,-187.121,1.000,0.000,0.000,3.000,0.000,0.000,2.000,0,0,0
B3_zmq_pushpull,zmq_tcp,none,none,,1,14413,512,584,1785153450873549000,1785153450873549000,1785153450873549000,1785153450873550000,1785153450873631000,1785153450873633000,1785153450873633000,1785153450873633000,121932490,121652369,-199.121,0.000,0.000,1.000,2.000,0.000,0.000,12.000,0,0,0
B3_zmq_pushpull,zmq_tcp,none,none,,1,14414,512,584,1785153450874553000,1785153450874553000,1785153450874553000,1785153450874554000,1785153450874636000,1785153450874639000,1785153450874639000,1785153450874639000,121932490,121652369,-198.121,0.000,0.000,1.000,3.000,0.000,0.000,1.000,0,0,0
B3_zmq_pushpull,zmq_tcp,none,none,,1,14415,512,584,1785153450875550000,1785153450875550000,1785153450875550000,1785153450875551000,1785153450875653000,1785153450875656000,1785153450875656000,1785153450875656000,121932490,121652369,-178.121,0.000,0.000,1.000,3.000,0.000,0.000,20.000,0,0,0
B3_zmq_pushpull,zmq_tcp,none,none,,1,14416,512,584,1785153450876518000,1785153450876518000,1785153450876518000,1785153450876519000,1785153450876663000,1785153450876666000,1785153450876666000,1785153450876666000,121932490,121652369,-136.121,0.000,0.000,1.000,3.000,0.000,0.000,42.000,0,0,0
B3_zmq_pushpull,zmq_tcp,none,none,,1,14417,512,584,1785153450877368000,1785153450877368000,1785153450877368000,1785153450877369000,1785153450877523000,1785153450877526000,1785153450877526000,1785153450877526000,121932490,121652369,-126.121,0.000,0.000,1.000,3.000,0.000,0.000,10.000,0,0,0
B3_zmq_pushpull,zmq_tcp,none,none,,1,14418,512,584,1785153450878595000,1785153450878596000,1785153450878596000,1785153450878597000,1785153450878661000,1785153450878664000,1785153450878664000,1785153450878664000,121932490,121652369,-216.121,1.000,0.000,1.000,3.000,0.000,0.000,90.000,0,0,0
B3_zmq_pushpull,zmq_tcp,none,none,,1,14419,512,584,1785153450879539000,1785153450879539000,1785153450879540000,1785153450879541000,1785153450879657000,1785153450879660000,1785153450879660000,1785153450879660000,121932490,121652369,-164.121,0.000,1.000,1.000,3.000,0.000,0.000,52.000,0,0,0
B3_zmq_pushpull,zmq_tcp,none,none,,1,14420,512,584,1785153450880551000,1785153450880551000,1785153450880551000,1785153450880552000,1785153450880655000,1785153450880658000,1785153450880658000,1785153450880658000,121932490,121652369,-177.121,0.000,0.000,1.000,3.000,0.000,0.000,13.000,0,0,0
B3_zmq_pushpull,zmq_tcp,none,none,,1,14421,512,584,1785153450881550000,1785153450881550000,1785153450881550000,1785153450881551000,1785153450881651000,1785153450881653000,1785153450881653000,1785153450881653000,121932490,121652369,-180.121,0.000,0.000,1.000,2.000,0.000,0.000,3.000,0,0,0
B3_zmq_pushpull,zmq_tcp,none,none,,1,14422,512,584,1785153450882551000,1785153450882551000,1785153450882551000,1785153450882552000,1785153450882657000,1785153450882660000,1785153450882660000,1785153450882660000,121932490,121652369,-175.121,0.000,0.000,1.000,3.000,0.000,0.000,5.000,0,0,0
B3_zmq_pushpull,zmq_tcp,none,none,,1,14423,512,584,1785153450883518000,1785153450883518000,1785153450883518000,1785153450883519000,1785153450883663000,1785153450883665000,1785153450883666000,1785153450883666000,121932490,121652369,-136.121,0.000,0.000,1.000,2.000,1.000,0.000,39.000,0,0,0
B3_zmq_pushpull,zmq_tcp,none,none,,1,14424,512,584,1785153450884358000,1785153450884358000,1785153450884358000,1785153450884359000,1785153450884501000,1785153450884505000,1785153450884505000,1785153450884505000,121932490,121652369,-138.121,0.000,0.000,1.000,4.000,0.000,0.000,2.000,0,0,0
B3_zmq_pushpull,zmq_tcp,none,none,,1,14425,512,584,1785153450885477000,1785153450885477000,1785153450885477000,1785153450885478000,1785153450885630000,1785153450885633000,1785153450885633000,1785153450885633000,121932490,121652369,-128.121,0.000,0.000,1.000,3.000,0.000,0.000,10.000,0,0,0
B3_zmq_pushpull,zmq_tcp,none,none,,1,14426,512,584,1785153450886475000,1785153450886475000,1785153450886475000,1785153450886476000,1785153450886628000,1785153450886631000,1785153450886631000,1785153450886631000,121932490,121652369,-128.121,0.000,0.000,1.000,3.000,0.000,0.000,0.000,0,0,0
B3_zmq_pushpull,zmq_tcp,none,none,,1,14427,512,584,1785153450887467000,1785153450887467000,1785153450887467000,1785153450887468000,1785153450887628000,1785153450887631000,1785153450887631000,1785153450887631000,121932490,121652369,-120.121,0.000,0.000,1.000,3.000,0.000,0.000,8.000,0,0,0
B3_zmq_pushpull,zmq_tcp,none,none,,1,14428,512,584,1785153450888574000,1785153450888574000,1785153450888574000,1785153450888575000,1785153450888640000,1785153450888643000,1785153450888643000,1785153450888643000,121932490,121652369,-215.121,0.000,0.000,1.000,3.000,0.000,0.000,95.000,0,0,0
B3_zmq_pushpull,zmq_tcp,none,none,,1,14429,512,584,1785153450889545000,1785153450889545000,1785153450889545000,1785153450889546000,1785153450889659000,1785153450889661000,1785153450889662000,1785153450889662000,121932490,121652369,-167.121,0.000,0.000,1.000,2.000,1.000,0.000,48.000,0,0,0
B3_zmq_pushpull,zmq_tcp,none,none,,1,14430,512,584,1785153450890551000,1785153450890551000,1785153450890551000,1785153450890552000,1785153450890661000,1785153450890664000,1785153450890664000,1785153450890664000,121932490,121652369,-171.121,0.000,0.000,1.000,3.000,0.000,0.000,4.000,0,0,0
B3_zmq_pushpull,zmq_tcp,none,none,,1,14431,512,584,1785153450891550000,1785153450891550000,1785153450891550000,1785153450891551000,1785153450891661000,1785153450891664000,1785153450891665000,1785153450891665000,121932490,121652369,-170.121,0.000,0.000,1.000,3.000,1.000,0.000,1.000,0,0,0
B3_zmq_pushpull,zmq_tcp,none,none,,1,14432,512,584,1785153450892550000,1785153450892550000,1785153450892550000,1785153450892551000,1785153450892667000,1785153450892670000,1785153450892670000,1785153450892670000,121932490,121652369,-164.121,0.000,0.000,1.000,3.000,0.000,0.000,6.000,0,0,0
B3_zmq_pushpull,zmq_tcp,none,none,,1,14433,512,584,1785153450893360000,1785153450893360000,1785153450893360000,1785153450893361000,1785153450893505000,1785153450893507000,1785153450893507000,1785153450893507000,121932490,121652369,-136.121,0.000,0.000,1.000,2.000,0.000,0.000,28.000,0,0,0
B3_zmq_pushpull,zmq_tcp,none,none,,1,14434,512,584,1785153450894353000,1785153450894353000,1785153450894353000,1785153450894354000,1785153450894494000,1785153450894496000,1785153450894496000,1785153450894496000,121932490,121652369,-140.121,0.000,0.000,1.000,2.000,0.000,0.000,4.000,0,0,0
B3_zmq_pushpull,zmq_tcp,none,none,,1,14435,512,584,1785153450895355000,1785153450895355000,1785153450895355000,1785153450895356000,1785153450895501000,1785153450895504000,1785153450895504000,1785153450895504000,121932490,121652369,-135.121,0.000,0.000,1.000,3.000,0.000,0.000,5.000,0,0,0
B3_zmq_pushpull,zmq_tcp,none,none,,1,14436,512,584,1785153450896602000,1785153450896602000,1785153450896602000,1785153450896603000,1785153450896780000,1785153450896784000,1785153450896784000,1785153450896784000,121932490,121652369,-103.121,0.000,0.000,1.000,4.000,0.000,0.000,32.000,0,0,0
B3_zmq_pushpull,zmq_tcp,none,none,,1,14437,512,584,1785153450897481000,1785153450897482000,1785153450897482000,1785153450897483000,1785153450897640000,1785153450897643000,1785153450897643000,1785153450897643000,121932490,121652369,-123.121,1.000,0.000,1.000,3.000,0.000,0.000,20.000,0,0,0
B3_zmq_pushpull,zmq_tcp,none,none,,1,14438,512,584,1785153450898568000,1785153450898568000,1785153450898568000,1785153450898569000,1785153450898640000,1785153450898643000,1785153450898643000,1785153450898643000,121932490,121652369,-209.121,0.000,0.000,1.000,3.000,0.000,0.000,86.000,0,0,0
B3_zmq_pushpull,zmq_tcp,none,none,,1,14439,512,584,1785153450899546000,1785153450899546000,1785153450899546000,1785153450899547000,1785153450899626000,1785153450899628000,1785153450899628000,1785153450899628000,121932490,121652369,-201.121,0.000,0.000,1.000,2.000,0.000,0.000,8.000,0,0,0
B3_zmq_pushpull,zmq_tcp,none,none,,1,14440,512,584,1785153450900551000,1785153450900552000,1785153450900552000,1785153450900553000,1785153450900622000,1785153450900624000,1785153450900624000,1785153450900624000,121932490,121652369,-211.121,1.000,0.000,1.000,2.000,0.000,0.000,10.000,0,0,0
B3_zmq_pushpull,zmq_tcp,none,none,,1,14441,512,584,1785153450901546000,1785153450901546000,1785153450901546000,1785153450901547000,1785153450901590000,1785153450901593000,1785153450901593000,1785153450901593000,121932490,121652369,-237.121,0.000,0.000,1.000,3.000,0.000,0.000,26.000,0,0,0
B3_zmq_pushpull,zmq_tcp,none,none,,1,14442,512,584,1785153450902552000,1785153450902553000,1785153450902553000,1785153450902554000,1785153450902739000,1785153450902742000,1785153450902742000,1785153450902742000,121932490,121652369,-95.121,1.000,0.000,1.000,3.000,0.000,0.000,142.000,0,0,0
B3_zmq_pushpull,zmq_tcp,none,none,,1,14443,512,584,1785153450903447000,1785153450903447000,1785153450903447000,1785153450903448000,1785153450903595000,1785153450903598000,1785153450903598000,1785153450903598000,121932490,121652369,-133.121,0.000,0.000,1.000,3.000,0.000,0.000,38.000,0,0,0
B3_zmq_pushpull,zmq_tcp,none,none,,1,14444,512,584,1785153450904578000,1785153450904578000,1785153450904578000,1785153450904579000,1785153450904759000,1785153450904762000,1785153450904762000,1785153450904762000,121932490,121652369,-100.121,0.000,0.000,1.000,3.000,0.000,0.000,33.000,0,0,0
B3_zmq_pushpull,zmq_tcp,none,none,,1,14445,512,584,1785153450905460000,1785153450905460000,1785153450905460000,1785153450905461000,1785153450905616000,1785153450905619000,1785153450905619000,1785153450905619000,121932490,121652369,-125.121,0.000,0.000,1.000,3.000,0.000,0.000,25.000,0,0,0
B3_zmq_pushpull,zmq_tcp,none,none,,1,14446,512,584,1785153450906573000,1785153450906573000,1785153450906573000,1785153450906574000,1785153450906614000,1785153450906617000,1785153450906617000,1785153450906617000,121932490,121652369,-240.121,0.000,0.000,1.000,3.000,0.000,0.000,115.000,0,0,0
B3_zmq_pushpull,zmq_tcp,none,none,,1,14447,512,584,1785153450907545000,1785153450907545000,1785153450907545000,1785153450907546000,1785153450907618000,1785153450907620000,1785153450907620000,1785153450907620000,121932490,121652369,-208.121,0.000,0.000,1.000,2.000,0.000,0.000,32.000,0,0,0
B3_zmq_pushpull,zmq_tcp,none,none,,1,14448,512,584,1785153450908552000,1785153450908552000,1785153450908552000,1785153450908553000,1785153450908623000,1785153450908626000,1785153450908626000,1785153450908626000,121932490,121652369,-210.121,0.000,0.000,1.000,3.000,0.000,0.000,2.000,0,0,0
B3_zmq_pushpull,zmq_tcp,none,none,,1,14449,512,584,1785153450909546000,1785153450909546000,1785153450909546000,1785153450909547000,1785153450909626000,1785153450909629000,1785153450909629000,1785153450909629000,121932490,121652369,-201.121,0.000,0.000,1.000,3.000,0.000,0.000,9.000,0,0,0
B3_zmq_pushpull,zmq_tcp,none,none,,1,14450,512,584,1785153450910552000,1785153450910552000,1785153450910552000,1785153450910553000,1785153450910738000,1785153450910740000,1785153450910740000,1785153450910740000,121932490,121652369,-95.121,0.000,0.000,1.000,2.000,0.000,0.000,106.000,0,0,0
B3_zmq_pushpull,zmq_tcp,none,none,,1,14451,512,584,1785153450911433000,1785153450911433000,1785153450911433000,1785153450911434000,1785153450911587000,1785153450911590000,1785153450911590000,1785153450911590000,121932490,121652369,-127.121,0.000,0.000,1.000,3.000,0.000,0.000,32.000,0,0,0
B3_zmq_pushpull,zmq_tcp,none,none,,1,14452,512,584,1785153450912580000,1785153450912580000,1785153450912580000,1785153450912581000,1785153450912714000,1785153450912716000,1785153450912716000,1785153450912716000,121932490,121652369,-147.121,0.000,0.000,1.000,2.000,0.000,0.000,20.000,0,0,0
B3_zmq_pushpull,zmq_tcp,none,none,,1,14453,512,584,1785153450913540000,1785153450913540000,1785153450913540000,1785153450913541000,1785153450913584000,1785153450913587000,1785153450913587000,1785153450913587000,121932490,121652369,-237.121,0.000,0.000,1.000,3.000,0.000,0.000,90.000,0,0,0
B3_zmq_pushpull,zmq_tcp,none,none,,1,14454,512,584,1785153450914553000,1785153450914553000,1785153450914553000,1785153450914554000,1785153450914715000,1785153450914719000,1785153450914719000,1785153450914719000,121932490,121652369,-119.121,0.000,0.000,1.000,4.000,0.000,0.000,118.000,0,0,0
B3_zmq_pushpull,zmq_tcp,none,none,,1,14455,512,584,1785153450915401000,1785153450915401000,1785153450915401000,1785153450915402000,1785153450915559000,1785153450915562000,1785153450915562000,1785153450915562000,121932490,121652369,-123.121,0.000,0.000,1.000,3.000,0.000,0.000,4.000,0,0,0
B3_zmq_pushpull,zmq_tcp,none,none,,1,14456,512,584,1785153450916405000,1785153450916405000,1785153450916405000,1785153450916406000,1785153450916552000,1785153450916555000,1785153450916555000,1785153450916555000,121932490,121652369,-134.121,0.000,0.000,1.000,3.000,0.000,0.000,11.000,0,0,0
B3_zmq_pushpull,zmq_tcp,none,none,,1,14457,512,584,1785153450917400000,1785153450917400000,1785153450917400000,1785153450917401000,1785153450917557000,1785153450917561000,1785153450917561000,1785153450917561000,121932490,121652369,-124.121,0.000,0.000,1.000,4.000,0.000,0.000,10.000,0,0,0
B3_zmq_pushpull,zmq_tcp,none,none,,1,14458,512,584,1785153450918414000,1785153450918415000,1785153450918415000,1785153450918416000,1785153450918572000,1785153450918575000,1785153450918575000,1785153450918575000,121932490,121652369,-124.121,1.000,0.000,1.000,3.000,0.000,0.000,0.000,0,0,0
B3_zmq_pushpull,zmq_tcp,none,none,,1,14459,512,584,1785153450919431000,1785153450919431000,1785153450919431000,1785153450919432000,1785153450919578000,1785153450919581000,1785153450919581000,1785153450919581000,121932490,121652369,-134.121,0.000,0.000,1.000,3.000,0.000,0.000,10.000,0,0,0
B3_zmq_pushpull,zmq_tcp,none,none,,1,14460,512,584,1785153450920577000,1785153450920577000,1785153450920577000,1785153450920578000,1785153450920687000,1785153450920690000,1785153450920690000,1785153450920690000,121932490,121652369,-171.121,0.000,0.000,1.000,3.000,0.000,0.000,37.000,0,0,0
B3_zmq_pushpull,zmq_tcp,none,none,,1,14461,512,584,1785153450921543000,1785153450921543000,1785153450921543000,1785153450921544000,1785153450921683000,1785153450921686000,1785153450921686000,1785153450921686000,121932490,121652369,-141.121,0.000,0.000,1.000,3.000,0.000,0.000,30.000,0,0,0
B3_zmq_pushpull,zmq_tcp,none,none,,1,14462,512,584,1785153450922553000,1785153450922553000,1785153450922553000,1785153450922554000,1785153450922684000,1785153450922687000,1785153450922687000,1785153450922687000,121932490,121652369,-150.121,0.000,0.000,1.000,3.000,0.000,0.000,9.000,0,0,0
B3_zmq_pushpull,zmq_tcp,none,none,,1,14463,512,584,1785153450923550000,1785153450923550000,1785153450923550000,1785153450923551000,1785153450923691000,1785153450923694000,1785153450923694000,1785153450923694000,121932490,121652369,-140.121,0.000,0.000,1.000,3.000,0.000,0.000,10.000,0,0,0
B3_zmq_pushpull,zmq_tcp,none,none,,1,14464,512,584,1785153450924550000,1785153450924550000,1785153450924550000,1785153450924551000,1785153450924706000,1785153450924709000,1785153450924709000,1785153450924709000,121932490,121652369,-125.121,0.000,0.000,1.000,3.000,0.000,0.000,15.000,0,0,0
B3_zmq_pushpull,zmq_tcp,none,none,,1,14465,512,584,1785153450925408000,1785153450925408000,1785153450925408000,1785153450925409000,1785153450925568000,1785153450925571000,1785153450925571000,1785153450925571000,121932490,121652369,-121.121,0.000,0.000,1.000,3.000,0.000,0.000,4.000,0,0,0
B3_zmq_pushpull,zmq_tcp,none,none,,1,14466,512,584,1785153450926402000,1785153450926402000,1785153450926402000,1785153450926403000,1785153450926556000,1785153450926559000,1785153450926559000,1785153450926559000,121932490,121652369,-127.121,0.000,0.000,1.000,3.000,0.000,0.000,6.000,0,0,0
B3_zmq_pushpull,zmq_tcp,none,none,,1,14467,512,584,1785153450927586000,1785153450927586000,1785153450927586000,1785153450927587000,1785153450927703000,1785153450927706000,1785153450927706000,1785153450927706000,121932490,121652369,-164.121,0.000,0.000,1.000,3.000,0.000,0.000,37.000,0,0,0
B3_zmq_pushpull,zmq_tcp,none,none,,1,14468,512,584,1785153450928543000,1785153450928543000,1785153450928543000,1785153450928544000,1785153450928698000,1785153450928700000,1785153450928700000,1785153450928700000,121932490,121652369,-126.121,0.000,0.000,1.000,2.000,0.000,0.000,38.000,0,0,0
B3_zmq_pushpull,zmq_tcp,none,none,,1,14469,512,584,1785153450929552000,1785153450929552000,1785153450929552000,1785153450929553000,1785153450929702000,1785153450929704000,1785153450929704000,1785153450929704000,121932490,121652369,-131.121,0.000,0.000,1.000,2.000,0.000,0.000,5.000,0,0,0
B3_zmq_pushpull,zmq_tcp,none,none,,1,14470,512,584,1785153450930416000,1785153450930416000,1785153450930416000,1785153450930417000,1785153450930575000,1785153450930578000,1785153450930578000,1785153450930578000,121932490,121652369,-122.121,0.000,0.000,1.000,3.000,0.000,0.000,9.000,0,0,0
B3_zmq_pushpull,zmq_tcp,none,none,,1,14471,512,584,1785153450931417000,1785153450931417000,1785153450931417000,1785153450931418000,1785153450931575000,1785153450931578000,1785153450931578000,1785153450931578000,121932490,121652369,-123.121,0.000,0.000,1.000,3.000,0.000,0.000,1.000,0,0,0
B3_zmq_pushpull,zmq_tcp,none,none,,1,14472,512,584,1785153450932584000,1785153450932584000,1785153450932584000,1785153450932585000,1785153450932735000,1785153450932738000,1785153450932738000,1785153450932738000,121932490,121652369,-130.121,0.000,0.000,1.000,3.000,0.000,0.000,7.000,0,0,0
B3_zmq_pushpull,zmq_tcp,none,none,,1,14473,512,584,1785153450933430000,1785153450933430000,1785153450933430000,1785153450933431000,1785153450933576000,1785153450933579000,1785153450933579000,1785153450933579000,121932490,121652369,-135.121,0.000,0.000,1.000,3.000,0.000,0.000,5.000,0,0,0
B3_zmq_pushpull,zmq_tcp,none,none,,1,14474,512,584,1785153450934581000,1785153450934581000,1785153450934581000,1785153450934582000,1785153450934712000,1785153450934715000,1785153450934716000,1785153450934716000,121932490,121652369,-150.121,0.000,0.000,1.000,3.000,1.000,0.000,15.000,0,0,0
B3_zmq_pushpull,zmq_tcp,none,none,,1,14475,512,584,1785153450935415000,1785153450935415000,1785153450935415000,1785153450935416000,1785153450935570000,1785153450935572000,1785153450935572000,1785153450935572000,121932490,121652369,-126.121,0.000,0.000,1.000,2.000,0.000,0.000,24.000,0,0,0
B3_zmq_pushpull,zmq_tcp,none,none,,1,14476,512,584,1785153450936583000,1785153450936583000,1785153450936583000,1785153450936584000,1785153450936719000,1785153450936722000,1785153450936722000,1785153450936722000,121932490,121652369,-145.121,0.000,0.000,1.000,3.000,0.000,0.000,19.000,0,0,0
B3_zmq_pushpull,zmq_tcp,none,none,,1,14477,512,584,1785153450937539000,1785153450937539000,1785153450937539000,1785153450937540000,1785153450937588000,1785153450937591000,1785153450937591000,1785153450937591000,121932490,121652369,-232.121,0.000,0.000,1.000,3.000,0.000,0.000,87.000,0,0,0
B3_zmq_pushpull,zmq_tcp,none,none,,1,14478,512,584,1785153450938441000,1785153450938441000,1785153450938441000,1785153450938442000,1785153450938600000,1785153450938604000,1785153450938604000,1785153450938604000,121932490,121652369,-122.121,0.000,0.000,1.000,4.000,0.000,0.000,110.000,0,0,0
B3_zmq_pushpull,zmq_tcp,none,none,,1,14479,512,584,1785153450939426000,1785153450939427000,1785153450939427000,1785153450939428000,1785153450939577000,1785153450939580000,1785153450939580000,1785153450939580000,121932490,121652369,-131.121,1.000,0.000,1.000,3.000,0.000,0.000,9.000,0,0,0
B3_zmq_pushpull,zmq_tcp,none,none,,1,14480,512,584,1785153450940411000,1785153450940411000,1785153450940412000,1785153450940412000,1785153450940567000,1785153450940570000,1785153450940570000,1785153450940570000,121932490,121652369,-125.121,0.000,1.000,0.000,3.000,0.000,0.000,6.000,0,0,0
B3_zmq_pushpull,zmq_tcp,none,none,,1,14481,512,584,1785153450941582000,1785153450941582000,1785153450941582000,1785153450941583000,1785153450941704000,1785153450941707000,1785153450941707000,1785153450941707000,121932490,121652369,-159.121,0.000,0.000,1.000,3.000,0.000,0.000,34.000,0,0,0
B3_zmq_pushpull,zmq_tcp,none,none,,1,14482,512,584,1785153450942542000,1785153450942542000,1785153450942542000,1785153450942543000,1785153450942710000,1785153450942713000,1785153450942713000,1785153450942713000,121932490,121652369,-113.121,0.000,0.000,1.000,3.000,0.000,0.000,46.000,0,0,0
B3_zmq_pushpull,zmq_tcp,none,none,,1,14483,512,584,1785153450943556000,1785153450943556000,1785153450943556000,1785153450943557000,1785153450943722000,1785153450943724000,1785153450943724000,1785153450943724000,121932490,121652369,-115.121,0.000,0.000,1.000,2.000,0.000,0.000,2.000,0,0,0
B3_zmq_pushpull,zmq_tcp,none,none,,1,14484,512,584,1785153450944549000,1785153450944549000,1785153450944549000,1785153450944550000,1785153450944599000,1785153450944602000,1785153450944602000,1785153450944602000,121932490,121652369,-231.121,0.000,0.000,1.000,3.000,0.000,0.000,116.000,0,0,0
B3_zmq_pushpull,zmq_tcp,none,none,,1,14485,512,584,1785153450945553000,1785153450945553000,1785153450945553000,1785153450945554000,1785153450945603000,1785153450945606000,1785153450945606000,1785153450945606000,121932490,121652369,-231.121,0.000,0.000,1.000,3.000,0.000,0.000,0.000,0,0,0
B3_zmq_pushpull,zmq_tcp,none,none,,1,14486,512,584,1785153450946451000,1785153450946451000,1785153450946451000,1785153450946452000,1785153450946611000,1785153450946614000,1785153450946614000,1785153450946614000,121932490,121652369,-121.121,0.000,0.000,1.000,3.000,0.000,0.000,110.000,0,0,0
B3_zmq_pushpull,zmq_tcp,none,none,,1,14487,512,584,1785153450947576000,1785153450947576000,1785153450947576000,1785153450947577000,1785153450947737000,1785153450947739000,1785153450947740000,1785153450947740000,121932490,121652369,-120.121,0.000,0.000,1.000,2.000,1.000,0.000,1.000,0,0,0
B3_zmq_pushpull,zmq_tcp,none,none,,1,14488,512,584,1785153450948541000,1785153450948541000,1785153450948541000,1785153450948542000,1785153450948599000,1785153450948602000,1785153450948602000,1785153450948602000,121932490,121652369,-223.121,0.000,0.000,1.000,3.000,0.000,0.000,103.000,0,0,0
B3_zmq_pushpull,zmq_tcp,none,none,,1,14489,512,584,1785153450949444000,1785153450949444000,1785153450949444000,1785153450949445000,1785153450949598000,1785153450949600000,1785153450949600000,1785153450949600000,121932490,121652369,-127.121,0.000,0.000,1.000,2.000,0.000,0.000,96.000,0,0,0
B3_zmq_pushpull,zmq_tcp,none,none,,1,14490,512,584,1785153450950441000,1785153450950441000,1785153450950441000,1785153450950442000,1785153450950602000,1785153450950609000,1785153450950609000,1785153450950609000,121932490,121652369,-120.121,0.000,0.000,1.000,7.000,0.000,0.000,7.000,0,0,0
B3_zmq_pushpull,zmq_tcp,none,none,,1,14491,512,584,1785153450951461000,1785153450951461000,1785153450951461000,1785153450951462000,1785153450951619000,1785153450951622000,1785153450951622000,1785153450951622000,121932490,121652369,-123.121,0.000,0.000,1.000,3.000,0.000,0.000,3.000,0,0,0
B3_zmq_pushpull,zmq_tcp,none,none,,1,14492,512,584,1785153450952573000,1785153450952573000,1785153450952573000,1785153450952574000,1785153450952621000,1785153450952624000,1785153450952624000,1785153450952624000,121932490,121652369,-233.121,0.000,0.000,1.000,3.000,0.000,0.000,110.000,0,0,0
B3_zmq_pushpull,zmq_tcp,none,none,,1,14493,512,584,1785153450953482000,1785153450953482000,1785153450953482000,1785153450953483000,1785153450953633000,1785153450953635000,1785153450953635000,1785153450953635000,121932490,121652369,-130.121,0.000,0.000,1.000,2.000,0.000,0.000,103.000,0,0,0
B3_zmq_pushpull,zmq_tcp,none,none,,1,14494,512,584,1785153450954568000,1785153450954568000,1785153450954568000,1785153450954569000,1785153450954624000,1785153450954628000,1785153450954628000,1785153450954628000,121932490,121652369,-225.121,0.000,0.000,1.000,4.000,0.000,0.000,95.000,0,0,0
B3_zmq_pushpull,zmq_tcp,none,none,,1,14495,512,584,1785153450955542000,1785153450955542000,1785153450955542000,1785153450955543000,1785153450955632000,1785153450955635000,1785153450955635000,1785153450955635000,121932490,121652369,-191.121,0.000,0.000,1.000,3.000,0.000,0.000,34.000,0,0,0
B3_zmq_pushpull,zmq_tcp,none,none,,1,14496,512,584,1785153450956553000,1785153450956553000,1785153450956553000,1785153450956554000,1785153450956636000,1785153450956639000,1785153450956639000,1785153450956639000,121932490,121652369,-198.121,0.000,0.000,1.000,3.000,0.000,0.000,7.000,0,0,0
B3_zmq_pushpull,zmq_tcp,none,none,,1,14497,512,584,1785153450957553000,1785153450957553000,1785153450957553000,1785153450957554000,1785153450957645000,1785153450957647000,1785153450957647000,1785153450957647000,121932490,121652369,-189.121,0.000,0.000,1.000,2.000,0.000,0.000,9.000,0,0,0
B3_zmq_pushpull,zmq_tcp,none,none,,1,14498,512,584,1785153450958550000,1785153450958550000,1785153450958551000,1785153450958551000,1785153450958637000,1785153450958639000,1785153450958639000,1785153450958639000,121932490,121652369,-194.121,0.000,1.000,0.000,2.000,0.000,0.000,5.000,0,0,0
B3_zmq_pushpull,zmq_tcp,none,none,,1,14499,512,584,1785153450959551000,1785153450959551000,1785153450959551000,1785153450959552000,1785153450959634000,1785153450959643000,1785153450959643000,1785153450959643000,121932490,121652369,-198.121,0.000,0.000,1.000,9.000,0.000,0.000,4.000,0,0,0
B3_zmq_pushpull,zmq_tcp,none,none,,1,14500,512,584,1785153450960553000,1785153450960553000,1785153450960553000,1785153450960554000,1785153450960646000,1785153450960649000,1785153450960649000,1785153450960649000,121932490,121652369,-188.121,0.000,0.000,1.000,3.000,0.000,0.000,10.000,0,0,0
B3_zmq_pushpull,zmq_tcp,none,none,,1,14501,512,584,1785153450961551000,1785153450961551000,1785153450961551000,1785153450961552000,1785153450961647000,1785153450961650000,1785153450961650000,1785153450961650000,121932490,121652369,-185.121,0.000,0.000,1.000,3.000,0.000,0.000,3.000,0,0,0
B3_zmq_pushpull,zmq_tcp,none,none,,1,14502,512,584,1785153450962550000,1785153450962550000,1785153450962551000,1785153450962551000,1785153450962641000,1785153450962643000,1785153450962643000,1785153450962643000,121932490,121652369,-190.121,0.000,1.000,0.000,2.000,0.000,0.000,5.000,0,0,0
B3_zmq_pushpull,zmq_tcp,none,none,,1,14503,512,584,1785153450963546000,1785153450963547000,1785153450963547000,1785153450963548000,1785153450963644000,1785153450963647000,1785153450963647000,1785153450963647000,121932490,121652369,-184.121,1.000,0.000,1.000,3.000,0.000,0.000,6.000,0,0,0
B3_zmq_pushpull,zmq_tcp,none,none,,1,14504,512,584,1785153450964552000,1785153450964552000,1785153450964552000,1785153450964553000,1785153450964659000,1785153450964662000,1785153450964662000,1785153450964662000,121932490,121652369,-174.121,0.000,0.000,1.000,3.000,0.000,0.000,10.000,0,0,0
B3_zmq_pushpull,zmq_tcp,none,none,,1,14505,512,584,1785153450965520000,1785153450965520000,1785153450965520000,1785153450965521000,1785153450965664000,1785153450965667000,1785153450965667000,1785153450965667000,121932490,121652369,-137.121,0.000,0.000,1.000,3.000,0.000,0.000,37.000,0,0,0
B3_zmq_pushpull,zmq_tcp,none,none,,1,14506,512,584,1785153450966375000,1785153450966375000,1785153450966375000,1785153450966376000,1785153450966533000,1785153450966535000,1785153450966535000,1785153450966535000,121932490,121652369,-123.121,0.000,0.000,1.000,2.000,0.000,0.000,14.000,0,0,0
B3_zmq_pushpull,zmq_tcp,none,none,,1,14507,512,584,1785153450967594000,1785153450967594000,1785153450967594000,1785153450967595000,1785153450967690000,1785153450967693000,1785153450967693000,1785153450967693000,121932490,121652369,-185.121,0.000,0.000,1.000,3.000,0.000,0.000,62.000,0,0,0
B3_zmq_pushpull,zmq_tcp,none,none,,1,14508,512,584,1785153450968540000,1785153450968540000,1785153450968540000,1785153450968541000,1785153450968678000,1785153450968681000,1785153450968681000,1785153450968681000,121932490,121652369,-143.121,0.000,0.000,1.000,3.000,0.000,0.000,42.000,0,0,0
B3_zmq_pushpull,zmq_tcp,none,none,,1,14509,512,584,1785153450969553000,1785153450969553000,1785153450969553000,1785153450969554000,1785153450969674000,1785153450969676000,1785153450969676000,1785153450969677000,121932490,121652369,-160.121,0.000,0.000,1.000,2.000,0.000,1.000,17.000,0,0,0
B3_zmq_pushpull,zmq_tcp,none,none,,1,14510,512,584,1785153450970547000,1785153450970547000,1785153450970547000,1785153450970548000,1785153450970650000,1785153450970653000,1785153450970653000,1785153450970653000,121932490,121652369,-178.121,0.000,0.000,1.000,3.000,0.000,0.000,18.000,0,0,0
B3_zmq_pushpull,zmq_tcp,none,none,,1,14511,512,584,1785153450971552000,1785153450971552000,1785153450971552000,1785153450971553000,1785153450971643000,1785153450971646000,1785153450971646000,1785153450971647000,121932490,121652369,-190.121,0.000,0.000,1.000,3.000,0.000,1.000,12.000,0,0,0
B3_zmq_pushpull,zmq_tcp,none,none,,1,14512,512,584,1785153450972550000,1785153450972551000,1785153450972551000,1785153450972552000,1785153450972642000,1785153450972645000,1785153450972645000,1785153450972645000,121932490,121652369,-190.121,1.000,0.000,1.000,3.000,0.000,0.000,0.000,0,0,0
B3_zmq_pushpull,zmq_tcp,none,none,,1,14513,512,584,1785153450973555000,1785153450973555000,1785153450973555000,1785153450973556000,1785153450973637000,1785153450973639000,1785153450973639000,1785153450973639000,121932490,121652369,-199.121,0.000,0.000,1.000,2.000,0.000,0.000,9.000,0,0,0
B3_zmq_pushpull,zmq_tcp,none,none,,1,14514,512,584,1785153450974548000,1785153450974548000,1785153450974548000,1785153450974549000,1785153450974647000,1785153450974650000,1785153450974650000,1785153450974650000,121932490,121652369,-182.121,0.000,0.000,1.000,3.000,0.000,0.000,17.000,0,0,0
B3_zmq_pushpull,zmq_tcp,none,none,,1,14515,512,584,1785153450975552000,1785153450975552000,1785153450975552000,1785153450975553000,1785153450975641000,1785153450975643000,1785153450975643000,1785153450975643000,121932490,121652369,-192.121,0.000,0.000,1.000,2.000,0.000,0.000,10.000,0,0,0
B3_zmq_pushpull,zmq_tcp,none,none,,1,14516,512,584,1785153450976551000,1785153450976551000,1785153450976551000,1785153450976552000,1785153450976627000,1785153450976629000,1785153450976629000,1785153450976629000,121932490,121652369,-205.121,0.000,0.000,1.000,2.000,0.000,0.000,13.000,0,0,0
B3_zmq_pushpull,zmq_tcp,none,none,,1,14517,512,584,1785153450977551000,1785153450977551000,1785153450977551000,1785153450977552000,1785153450977598000,1785153450977601000,1785153450977601000,1785153450977601000,121932490,121652369,-234.121,0.000,0.000,1.000,3.000,0.000,0.000,29.000,0,0,0
B3_zmq_pushpull,zmq_tcp,none,none,,1,14518,512,584,1785153450978549000,1785153450978549000,1785153450978549000,1785153450978550000,1785153450978600000,1785153450978603000,1785153450978603000,1785153450978604000,121932490,121652369,-230.121,0.000,0.000,1.000,3.000,0.000,1.000,4.000,0,0,0
B3_zmq_pushpull,zmq_tcp,none,none,,1,14519,512,584,1785153450979440000,1785153450979440000,1785153450979440000,1785153450979441000,1785153450979598000,1785153450979601000,1785153450979601000,1785153450979601000,121932490,121652369,-123.121,0.000,0.000,1.000,3.000,0.000,0.000,107.000,0,0,0
B3_zmq_pushpull,zmq_tcp,none,none,,1,14520,512,584,1785153450980455000,1785153450980455000,1785153450980455000,1785153450980456000,1785153450980613000,1785153450980615000,1785153450980615000,1785153450980615000,121932490,121652369,-123.121,0.000,0.000,1.000,2.000,0.000,0.000,0.000,0,0,0
B3_zmq_pushpull,zmq_tcp,none,none,,1,14521,512,584,1785153450981474000,1785153450981474000,1785153450981474000,1785153450981475000,1785153450981634000,1785153450981637000,1785153450981637000,1785153450981637000,121932490,121652369,-121.121,0.000,0.000,1.000,3.000,0.000,0.000,2.000,0,0,0
B3_zmq_pushpull,zmq_tcp,none,none,,1,14522,512,584,1785153450982569000,1785153450982569000,1785153450982569000,1785153450982570000,1785153450982615000,1785153450982618000,1785153450982618000,1785153450982618000,121932490,121652369,-235.121,0.000,0.000,1.000,3.000,0.000,0.000,114.000,0,0,0
B3_zmq_pushpull,zmq_tcp,none,none,,1,14523,512,584,1785153450983547000,1785153450983547000,1785153450983547000,1785153450983548000,1785153450983602000,1785153450983605000,1785153450983605000,1785153450983605000,121932490,121652369,-226.121,0.000,0.000,1.000,3.000,0.000,0.000,9.000,0,0,0
B3_zmq_pushpull,zmq_tcp,none,none,,1,14524,512,584,1785153450984552000,1785153450984553000,1785153450984553000,1785153450984554000,1785153450984608000,1785153450984612000,1785153450984612000,1785153450984612000,121932490,121652369,-226.121,1.000,0.000,1.000,4.000,0.000,0.000,0.000,0,0,0
B3_zmq_pushpull,zmq_tcp,none,none,,1,14525,512,584,1785153450985468000,1785153450985468000,1785153450985468000,1785153450985469000,1785153450985626000,1785153450985629000,1785153450985629000,1785153450985629000,121932490,121652369,-123.121,0.000,0.000,1.000,3.000,0.000,0.000,103.000,0,0,0
B3_zmq_pushpull,zmq_tcp,none,none,,1,14526,512,584,1785153450986470000,1785153450986470000,1785153450986470000,1785153450986471000,1785153450986629000,1785153450986631000,1785153450986631000,1785153450986631000,121932490,121652369,-122.121,0.000,0.000,1.000,2.000,0.000,0.000,1.000,0,0,0
B3_zmq_pushpull,zmq_tcp,none,none,,1,14527,512,584,1785153450987573000,1785153450987574000,1785153450987574000,1785153450987575000,1785153450987638000,1785153450987641000,1785153450987641000,1785153450987641000,121932490,121652369,-217.121,1.000,0.000,1.000,3.000,0.000,0.000,95.000,0,0,0
B3_zmq_pushpull,zmq_tcp,none,none,,1,14528,512,584,1785153450988483000,1785153450988483000,1785153450988483000,1785153450988484000,1785153450988643000,1785153450988646000,1785153450988646000,1785153450988646000,121932490,121652369,-121.121,0.000,0.000,1.000,3.000,0.000,0.000,96.000,0,0,0
B3_zmq_pushpull,zmq_tcp,none,none,,1,14529,512,584,1785153450989568000,1785153450989568000,1785153450989568000,1785153450989569000,1785153450989612000,1785153450989616000,1785153450989616000,1785153450989616000,121932490,121652369,-237.121,0.000,0.000,1.000,4.000,0.000,0.000,116.000,0,0,0
B3_zmq_pushpull,zmq_tcp,none,none,,1,14530,512,584,1785153450990547000,1785153450990547000,1785153450990547000,1785153450990548000,1785153450990603000,1785153450990606000,1785153450990606000,1785153450990606000,121932490,121652369,-225.121,0.000,0.000,1.000,3.000,0.000,0.000,12.000,0,0,0
B3_zmq_pushpull,zmq_tcp,none,none,,1,14531,512,584,1785153450991552000,1785153450991552000,1785153450991552000,1785153450991553000,1785153450991600000,1785153450991604000,1785153450991604000,1785153450991604000,121932490,121652369,-233.121,0.000,0.000,1.000,4.000,0.000,0.000,8.000,0,0,0
B3_zmq_pushpull,zmq_tcp,none,none,,1,14532,512,584,1785153450992550000,1785153450992550000,1785153450992550000,1785153450992551000,1785153450992611000,1785153450992614000,1785153450992614000,1785153450992614000,121932490,121652369,-220.121,0.000,0.000,1.000,3.000,0.000,0.000,13.000,0,0,0
B3_zmq_pushpull,zmq_tcp,none,none,,1,14533,512,584,1785153450993551000,1785153450993551000,1785153450993551000,1785153450993552000,1785153450993611000,1785153450993614000,1785153450993614000,1785153450993614000,121932490,121652369,-221.121,0.000,0.000,1.000,3.000,0.000,0.000,1.000,0,0,0
B3_zmq_pushpull,zmq_tcp,none,none,,1,14534,512,584,1785153450994553000,1785153450994553000,1785153450994553000,1785153450994554000,1785153450994630000,1785153450994633000,1785153450994633000,1785153450994633000,121932490,121652369,-204.121,0.000,0.000,1.000,3.000,0.000,0.000,17.000,0,0,0
B3_zmq_pushpull,zmq_tcp,none,none,,1,14535,512,584,1785153450995481000,1785153450995482000,1785153450995482000,1785153450995483000,1785153450995630000,1785153450995633000,1785153450995633000,1785153450995633000,121932490,121652369,-133.121,1.000,0.000,1.000,3.000,0.000,0.000,71.000,0,0,0
B3_zmq_pushpull,zmq_tcp,none,none,,1,14536,512,584,1785153450996568000,1785153450996568000,1785153450996568000,1785153450996569000,1785153450996627000,1785153450996630000,1785153450996630000,1785153450996630000,121932490,121652369,-222.121,0.000,0.000,1.000,3.000,0.000,0.000,89.000,0,0,0
B3_zmq_pushpull,zmq_tcp,none,none,,1,14537,512,584,1785153450997547000,1785153450997547000,1785153450997547000,1785153450997548000,1785153450997631000,1785153450997634000,1785153450997634000,1785153450997634000,121932490,121652369,-197.121,0.000,0.000,1.000,3.000,0.000,0.000,25.000,0,0,0
B3_zmq_pushpull,zmq_tcp,none,none,,1,14538,512,584,1785153450998552000,1785153450998552000,1785153450998552000,1785153450998553000,1785153450998626000,1785153450998629000,1785153450998629000,1785153450998629000,121932490,121652369,-207.121,0.000,0.000,1.000,3.000,0.000,0.000,10.000,0,0,0
B3_zmq_pushpull,zmq_tcp,none,none,,1,14539,512,584,1785153450999546000,1785153450999547000,1785153450999547000,1785153450999548000,1785153450999627000,1785153450999630000,1785153450999630000,1785153450999630000,121932490,121652369,-201.121,1.000,0.000,1.000,3.000,0.000,0.000,6.000,0,0,0
B3_zmq_pushpull,zmq_tcp,none,none,,1,14540,512,584,1785153451000553000,1785153451000553000,1785153451000553000,1785153451000554000,1785153451000637000,1785153451000641000,1785153451000641000,1785153451000641000,121932490,121652369,-197.121,0.000,0.000,1.000,4.000,0.000,0.000,4.000,0,0,0
B3_zmq_pushpull,zmq_tcp,none,none,,1,14541,512,584,1785153451001555000,1785153451001555000,1785153451001555000,1785153451001556000,1785153451001640000,1785153451001644000,1785153451001644000,1785153451001644000,121932490,121652369,-196.121,0.000,0.000,1.000,4.000,0.000,0.000,1.000,0,0,0
B3_zmq_pushpull,zmq_tcp,none,none,,1,14542,512,584,1785153451002548000,1785153451002548000,1785153451002548000,1785153451002549000,1785153451002637000,1785153451002640000,1785153451002640000,1785153451002640000,121932490,121652369,-192.121,0.000,0.000,1.000,3.000,0.000,0.000,4.000,0,0,0
B3_zmq_pushpull,zmq_tcp,none,none,,1,14543,512,584,1785153451003551000,1785153451003551000,1785153451003551000,1785153451003552000,1785153451003629000,1785153451003633000,1785153451003633000,1785153451003633000,121932490,121652369,-203.121,0.000,0.000,1.000,4.000,0.000,0.000,11.000,0,0,0
B3_zmq_pushpull,zmq_tcp,none,none,,1,14544,512,584,1785153451004550000,1785153451004550000,1785153451004550000,1785153451004551000,1785153451004594000,1785153451004598000,1785153451004598000,1785153451004598000,121932490,121652369,-237.121,0.000,0.000,1.000,4.000,0.000,0.000,34.000,0,0,0
B3_zmq_pushpull,zmq_tcp,none,none,,1,14545,512,584,1785153451005549000,1785153451005550000,1785153451005550000,1785153451005551000,1785153451005719000,1785153451005721000,1785153451005721000,1785153451005721000,121932490,121652369,-112.121,1.000,0.000,1.000,2.000,0.000,0.000,125.000,0,0,0
B3_zmq_pushpull,zmq_tcp,none,none,,1,14546,512,584,1785153451006552000,1785153451006552000,1785153451006552000,1785153451006553000,1785153451006705000,1785153451006707000,1785153451006707000,1785153451006708000,121932490,121652369,-128.121,0.000,0.000,1.000,2.000,0.000,1.000,16.000,0,0,0
B3_zmq_pushpull,zmq_tcp,none,none,,1,14547,512,584,1785153451007402000,1785153451007402000,1785153451007402000,1785153451007403000,1785153451007560000,1785153451007562000,1785153451007563000,1785153451007563000,121932490,121652369,-123.121,0.000,0.000,1.000,2.000,1.000,0.000,5.000,0,0,0
B3_zmq_pushpull,zmq_tcp,none,none,,1,14548,512,584,1785153451008589000,1785153451008589000,1785153451008589000,1785153451008590000,1785153451008681000,1785153451008684000,1785153451008684000,1785153451008684000,121932490,121652369,-189.121,0.000,0.000,1.000,3.000,0.000,0.000,66.000,0,0,0
B3_zmq_pushpull,zmq_tcp,none,none,,1,14549,512,584,1785153451009537000,1785153451009538000,1785153451009538000,1785153451009539000,1785153451009675000,1785153451009677000,1785153451009677000,1785153451009677000,121932490,121652369,-144.121,1.000,0.000,1.000,2.000,0.000,0.000,45.000,0,0,0
B3_zmq_pushpull,zmq_tcp,none,none,,1,14550,512,584,1785153451010552000,1785153451010552000,1785153451010552000,1785153451010553000,1785153451010668000,1785153451010671000,1785153451010671000,1785153451010671000,121932490,121652369,-165.121,0.000,0.000,1.000,3.000,0.000,0.000,21.000,0,0,0
B3_zmq_pushpull,zmq_tcp,none,none,,1,14551,512,584,1785153451011549000,1785153451011550000,1785153451011550000,1785153451011551000,1785153451011645000,1785153451011648000,1785153451011648000,1785153451011648000,121932490,121652369,-186.121,1.000,0.000,1.000,3.000,0.000,0.000,21.000,0,0,0
B3_zmq_pushpull,zmq_tcp,none,none,,1,14552,512,584,1785153451012549000,1785153451012550000,1785153451012550000,1785153451012551000,1785153451012632000,1785153451012634000,1785153451012634000,1785153451012634000,121932490,121652369,-199.121,1.000,0.000,1.000,2.000,0.000,0.000,13.000,0,0,0
B3_zmq_pushpull,zmq_tcp,none,none,,1,14553,512,584,1785153451013547000,1785153451013547000,1785153451013547000,1785153451013548000,1785153451013601000,1785153451013605000,1785153451013605000,1785153451013605000,121932490,121652369,-227.121,0.000,0.000,1.000,4.000,0.000,0.000,28.000,0,0,0
B3_zmq_pushpull,zmq_tcp,none,none,,1,14554,512,584,1785153451014433000,1785153451014433000,1785153451014433000,1785153451014434000,1785153451014595000,1785153451014597000,1785153451014597000,1785153451014597000,121932490,121652369,-119.121,0.000,0.000,1.000,2.000,0.000,0.000,108.000,0,0,0
B3_zmq_pushpull,zmq_tcp,none,none,,1,14555,512,584,1785153451015579000,1785153451015579000,1785153451015579000,1785153451015580000,1785153451015707000,1785153451015709000,1785153451015709000,1785153451015709000,121932490,121652369,-153.121,0.000,0.000,1.000,2.000,0.000,0.000,34.000,0,0,0
B3_zmq_pushpull,zmq_tcp,none,none,,1,14556,512,584,1785153451016544000,1785153451016544000,1785153451016544000,1785153451016545000,1785153451016708000,1785153451016712000,1785153451016712000,1785153451016712000,121932490,121652369,-117.121,0.000,0.000,1.000,4.000,0.000,0.000,36.000,0,0,0
B3_zmq_pushpull,zmq_tcp,none,none,,1,14557,512,584,1785153451017551000,1785153451017551000,1785153451017551000,1785153451017552000,1785153451017701000,1785153451017704000,1785153451017704000,1785153451017704000,121932490,121652369,-131.121,0.000,0.000,1.000,3.000,0.000,0.000,14.000,0,0,0
B3_zmq_pushpull,zmq_tcp,none,none,,1,14558,512,584,1785153451018390000,1785153451018390000,1785153451018390000,1785153451018391000,1785153451018541000,1785153451018544000,1785153451018544000,1785153451018544000,121932490,121652369,-130.121,0.000,0.000,1.000,3.000,0.000,0.000,1.000,0,0,0
B3_zmq_pushpull,zmq_tcp,none,none,,1,14559,512,584,1785153451019368000,1785153451019368000,1785153451019368000,1785153451019369000,1785153451019519000,1785153451019521000,1785153451019521000,1785153451019521000,121932490,121652369,-130.121,0.000,0.000,1.000,2.000,0.000,0.000,0.000,0,0,0
B3_zmq_pushpull,zmq_tcp,none,none,,1,14560,512,584,1785153451020365000,1785153451020365000,1785153451020365000,1785153451020366000,1785153451020525000,1785153451020528000,1785153451020528000,1785153451020528000,121932490,121652369,-121.121,0.000,0.000,1.000,3.000,0.000,0.000,9.000,0,0,0
B3_zmq_pushpull,zmq_tcp,none,none,,1,14561,512,584,1785153451021596000,1785153451021596000,1785153451021596000,1785153451021597000,1785153451021784000,1785153451021787000,1785153451021787000,1785153451021787000,121932490,121652369,-93.121,0.000,0.000,1.000,3.000,0.000,0.000,28.000,0,0,0
B3_zmq_pushpull,zmq_tcp,none,none,,1,14562,512,584,1785153451022475000,1785153451022475000,1785153451022475000,1785153451022476000,1785153451022633000,1785153451022636000,1785153451022636000,1785153451022636000,121932490,121652369,-123.121,0.000,0.000,1.000,3.000,0.000,0.000,30.000,0,0,0
B3_zmq_pushpull,zmq_tcp,none,none,,1,14563,512,584,1785153451023457000,1785153451023457000,1785153451023457000,1785153451023458000,1785153451023611000,1785153451023613000,1785153451023613000,1785153451023613000,121932490,121652369,-127.121,0.000,0.000,1.000,2.000,0.000,0.000,4.000,0,0,0
B3_zmq_pushpull,zmq_tcp,none,none,,1,14564,512,584,1785153451024574000,1785153451024574000,1785153451024575000,1785153451024575000,1785153451024729000,1785153451024732000,1785153451024732000,1785153451024732000,121932490,121652369,-126.121,0.000,1.000,0.000,3.000,0.000,0.000,1.000,0,0,0
B3_zmq_pushpull,zmq_tcp,none,none,,1,14565,512,584,1785153451025544000,1785153451025544000,1785153451025544000,1785153451025545000,1785153451025695000,1785153451025697000,1785153451025697000,1785153451025697000,121932490,121652369,-130.121,0.000,0.000,1.000,2.000,0.000,0.000,4.000,0,0,0
B3_zmq_pushpull,zmq_tcp,none,none,,1,14566,512,584,1785153451026548000,1785153451026548000,1785153451026548000,1785153451026549000,1785153451026676000,1785153451026678000,1785153451026678000,1785153451026678000,121932490,121652369,-153.121,0.000,0.000,1.000,2.000,0.000,0.000,23.000,0,0,0
B3_zmq_pushpull,zmq_tcp,none,none,,1,14567,512,584,1785153451027551000,1785153451027551000,1785153451027551000,1785153451027552000,1785153451027660000,1785153451027663000,1785153451027663000,1785153451027663000,121932490,121652369,-172.121,0.000,0.000,1.000,3.000,0.000,0.000,19.000,0,0,0
B3_zmq_pushpull,zmq_tcp,none,none,,1,14568,512,584,1785153451028552000,1785153451028552000,1785153451028552000,1785153451028553000,1785153451028635000,1785153451028638000,1785153451028638000,1785153451028638000,121932490,121652369,-198.121,0.000,0.000,1.000,3.000,0.000,0.000,26.000,0,0,0
B3_zmq_pushpull,zmq_tcp,none,none,,1,14569,512,584,1785153451029546000,1785153451029546000,1785153451029546000,1785153451029547000,1785153451029635000,1785153451029637000,1785153451029637000,1785153451029637000,121932490,121652369,-192.121,0.000,0.000,1.000,2.000,0.000,0.000,6.000,0,0,0
B3_zmq_pushpull,zmq_tcp,none,none,,1,14570,512,584,1785153451030551000,1785153451030551000,1785153451030551000,1785153451030552000,1785153451030631000,1785153451030634000,1785153451030634000,1785153451030634000,121932490,121652369,-201.121,0.000,0.000,1.000,3.000,0.000,0.000,9.000,0,0,0
B3_zmq_pushpull,zmq_tcp,none,none,,1,14571,512,584,1785153451031550000,1785153451031550000,1785153451031550000,1785153451031551000,1785153451031602000,1785153451031605000,1785153451031605000,1785153451031605000,121932490,121652369,-229.121,0.000,0.000,1.000,3.000,0.000,0.000,28.000,0,0,0
B3_zmq_pushpull,zmq_tcp,none,none,,1,14572,512,584,1785153451032550000,1785153451032550000,1785153451032550000,1785153451032551000,1785153451032700000,1785153451032703000,1785153451032703000,1785153451032703000,121932490,121652369,-131.121,0.000,0.000,1.000,3.000,0.000,0.000,98.000,0,0,0
B3_zmq_pushpull,zmq_tcp,none,none,,1,14573,512,584,1785153451033550000,1785153451033550000,1785153451033550000,1785153451033551000,1785153451033688000,1785153451033691000,1785153451033691000,1785153451033691000,121932490,121652369,-143.121,0.000,0.000,1.000,3.000,0.000,0.000,12.000,0,0,0
B3_zmq_pushpull,zmq_tcp,none,none,,1,14574,512,584,1785153451034552000,1785153451034552000,1785153451034552000,1785153451034553000,1785153451034664000,1785153451034667000,1785153451034667000,1785153451034667000,121932490,121652369,-169.121,0.000,0.000,1.000,3.000,0.000,0.000,26.000,0,0,0
B3_zmq_pushpull,zmq_tcp,none,none,,1,14575,512,584,1785153451035550000,1785153451035550000,1785153451035550000,1785153451035551000,1785153451035655000,1785153451035658000,1785153451035658000,1785153451035658000,121932490,121652369,-176.121,0.000,0.000,1.000,3.000,0.000,0.000,7.000,0,0,0
B3_zmq_pushpull,zmq_tcp,none,none,,1,14576,512,584,1785153451036552000,1785153451036552000,1785153451036552000,1785153451036553000,1785153451036647000,1785153451036649000,1785153451036649000,1785153451036649000,121932490,121652369,-186.121,0.000,0.000,1.000,2.000,0.000,0.000,10.000,0,0,0
B3_zmq_pushpull,zmq_tcp,none,none,,1,14577,512,584,1785153451037550000,1785153451037550000,1785153451037550000,1785153451037551000,1785153451037635000,1785153451037637000,1785153451037637000,1785153451037638000,121932490,121652369,-196.121,0.000,0.000,1.000,2.000,0.000,1.000,10.000,0,0,0
B3_zmq_pushpull,zmq_tcp,none,none,,1,14578,512,584,1785153451038550000,1785153451038550000,1785153451038550000,1785153451038551000,1785153451038616000,1785153451038619000,1785153451038619000,1785153451038619000,121932490,121652369,-215.121,0.000,0.000,1.000,3.000,0.000,0.000,19.000,0,0,0
B3_zmq_pushpull,zmq_tcp,none,none,,1,14579,512,584,1785153451039550000,1785153451039550000,1785153451039550000,1785153451039551000,1785153451039596000,1785153451039599000,1785153451039600000,1785153451039600000,121932490,121652369,-235.121,0.000,0.000,1.000,3.000,1.000,0.000,20.000,0,0,0
B3_zmq_pushpull,zmq_tcp,none,none,,1,14580,512,584,1785153451040551000,1785153451040551000,1785153451040551000,1785153451040552000,1785153451040713000,1785153451040716000,1785153451040716000,1785153451040716000,121932490,121652369,-119.121,0.000,0.000,1.000,3.000,0.000,0.000,116.000,0,0,0
B3_zmq_pushpull,zmq_tcp,none,none,,1,14581,512,584,1785153451041551000,1785153451041551000,1785153451041551000,1785153451041552000,1785153451041716000,1785153451041719000,1785153451041719000,1785153451041719000,121932490,121652369,-116.121,0.000,0.000,1.000,3.000,0.000,0.000,3.000,0,0,0
B3_zmq_pushpull,zmq_tcp,none,none,,1,14582,512,584,1785153451042552000,1785153451042552000,1785153451042552000,1785153451042553000,1785153451042719000,1785153451042721000,1785153451042721000,1785153451042721000,121932490,121652369,-114.121,0.000,0.000,1.000,2.000,0.000,0.000,2.000,0,0,0
B3_zmq_pushpull,zmq_tcp,none,none,,1,14583,512,584,1785153451043550000,1785153451043550000,1785153451043550000,1785153451043551000,1785153451043705000,1785153451043708000,1785153451043708000,1785153451043708000,121932490,121652369,-126.121,0.000,0.000,1.000,3.000,0.000,0.000,12.000,0,0,0
B3_zmq_pushpull,zmq_tcp,none,none,,1,14584,512,584,1785153451044550000,1785153451044550000,1785153451044550000,1785153451044551000,1785153451044701000,1785153451044705000,1785153451044705000,1785153451044705000,121932490,121652369,-130.121,0.000,0.000,1.000,4.000,0.000,0.000,4.000,0,0,0
B3_zmq_pushpull,zmq_tcp,none,none,,1,14585,512,584,1785153451045547000,1785153451045547000,1785153451045547000,1785153451045548000,1785153451045691000,1785153451045693000,1785153451045693000,1785153451045693000,121932490,121652369,-137.121,0.000,0.000,1.000,2.000,0.000,0.000,7.000,0,0,0
B3_zmq_pushpull,zmq_tcp,none,none,,1,14586,512,584,1785153451046551000,1785153451046551000,1785153451046551000,1785153451046552000,1785153451046649000,1785153451046652000,1785153451046652000,1785153451046652000,121932490,121652369,-183.121,0.000,0.000,1.000,3.000,0.000,0.000,46.000,0,0,0
B3_zmq_pushpull,zmq_tcp,none,none,,1,14587,512,584,1785153451047550000,1785153451047550000,1785153451047550000,1785153451047551000,1785153451047643000,1785153451047645000,1785153451047645000,1785153451047645000,121932490,121652369,-188.121,0.000,0.000,1.000,2.000,0.000,0.000,5.000,0,0,0
B3_zmq_pushpull,zmq_tcp,none,none,,1,14588,512,584,1785153451048551000,1785153451048551000,1785153451048551000,1785153451048552000,1785153451048618000,1785153451048621000,1785153451048622000,1785153451048622000,121932490,121652369,-214.121,0.000,0.000,1.000,3.000,1.000,0.000,26.000,0,0,0
B3_zmq_pushpull,zmq_tcp,none,none,,1,14589,512,584,1785153451049550000,1785153451049550000,1785153451049550000,1785153451049551000,1785153451049608000,1785153451049611000,1785153451049611000,1785153451049611000,121932490,121652369,-223.121,0.000,0.000,1.000,3.000,0.000,0.000,9.000,0,0,0
B3_zmq_pushpull,zmq_tcp,none,none,,1,14590,512,584,1785153451050445000,1785153451050445000,1785153451050445000,1785153451050446000,1785153451050593000,1785153451050596000,1785153451050596000,1785153451050596000,121932490,121652369,-133.121,0.000,0.000,1.000,3.000,0.000,0.000,90.000,0,0,0
B3_zmq_pushpull,zmq_tcp,none,none,,1,14591,512,584,1785153451051579000,1785153451051579000,1785153451051579000,1785153451051580000,1785153451051735000,1785153451051738000,1785153451051738000,1785153451051738000,121932490,121652369,-125.121,0.000,0.000,1.000,3.000,0.000,0.000,8.000,0,0,0
B3_zmq_pushpull,zmq_tcp,none,none,,1,14592,512,584,1785153451052540000,1785153451052541000,1785153451052541000,1785153451052541000,1785153451052593000,1785153451052597000,1785153451052597000,1785153451052597000,121932490,121652369,-228.121,1.000,0.000,0.000,4.000,0.000,0.000,103.000,0,0,0
B3_zmq_pushpull,zmq_tcp,none,none,,1,14593,512,584,1785153451053421000,1785153451053421000,1785153451053421000,1785153451053422000,1785153451053573000,1785153451053576000,1785153451053576000,1785153451053576000,121932490,121652369,-129.121,0.000,0.000,1.000,3.000,0.000,0.000,99.000,0,0,0
B3_zmq_pushpull,zmq_tcp,none,none,,1,14594,512,584,1785153451054392000,1785153451054392000,1785153451054392000,1785153451054393000,1785153451054545000,1785153451054548000,1785153451054548000,1785153451054548000,121932490,121652369,-128.121,0.000,0.000,1.000,3.000,0.000,0.000,1.000,0,0,0
B3_zmq_pushpull,zmq_tcp,none,none,,1,14595,512,584,1785153451055387000,1785153451055387000,1785153451055388000,1785153451055388000,1785153451055543000,1785153451055546000,1785153451055546000,1785153451055546000,121932490,121652369,-125.121,0.000,1.000,0.000,3.000,0.000,0.000,3.000,0,0,0
B3_zmq_pushpull,zmq_tcp,none,none,,1,14596,512,584,1785153451056367000,1785153451056367000,1785153451056367000,1785153451056368000,1785153451056518000,1785153451056520000,1785153451056520000,1785153451056520000,121932490,121652369,-130.121,0.000,0.000,1.000,2.000,0.000,0.000,5.000,0,0,0
B3_zmq_pushpull,zmq_tcp,none,none,,1,14597,512,584,1785153451057598000,1785153451057598000,1785153451057598000,1785153451057599000,1785153451057784000,1785153451057787000,1785153451057787000,1785153451057787000,121932490,121652369,-95.121,0.000,0.000,1.000,3.000,0.000,0.000,35.000,0,0,0
B3_zmq_pushpull,zmq_tcp,none,none,,1,14598,512,584,1785153451058538000,1785153451058539000,1785153451058539000,1785153451058540000,1785153451058619000,1785153451058622000,1785153451058622000,1785153451058622000,121932490,121652369,-201.121,1.000,0.000,1.000,3.000,0.000,0.000,106.000,0,0,0
B3_zmq_pushpull,zmq_tcp,none,none,,1,14599,512,584,1785153451059555000,1785153451059555000,1785153451059555000,1785153451059556000,1785153451059605000,1785153451059608000,1785153451059608000,1785153451059608000,121932490,121652369,-231.121,0.000,0.000,1.000,3.000,0.000,0.000,30.000,0,0,0
B3_zmq_pushpull,zmq_tcp,none,none,,1,14600,512,584,1785153451060431000,1785153451060432000,1785153451060432000,1785153451060433000,1785153451060583000,1785153451060585000,1785153451060585000,1785153451060585000,121932490,121652369,-130.121,1.000,0.000,1.000,2.000,0.000,0.000,101.000,0,0,0
B3_zmq_pushpull,zmq_tcp,none,none,,1,14601,512,584,1785153451061405000,1785153451061405000,1785153451061405000,1785153451061406000,1785153451061559000,1785153451061561000,1785153451061561000,1785153451061561000,121932490,121652369,-127.121,0.000,0.000,1.000,2.000,0.000,0.000,3.000,0,0,0
B3_zmq_pushpull,zmq_tcp,none,none,,1,14602,512,584,1785153451062401000,1785153451062401000,1785153451062401000,1785153451062402000,1785153451062553000,1785153451062556000,1785153451062556000,1785153451062556000,121932490,121652369,-129.121,0.000,0.000,1.000,3.000,0.000,0.000,2.000,0,0,0
B3_zmq_pushpull,zmq_tcp,none,none,,1,14603,512,584,1785153451063398000,1785153451063398000,1785153451063398000,1785153451063399000,1785153451063551000,1785153451063554000,1785153451063554000,1785153451063554000,121932490,121652369,-128.121,0.000,0.000,1.000,3.000,0.000,0.000,1.000,0,0,0
B3_zmq_pushpull,zmq_tcp,none,none,,1,14604,512,584,1785153451064377000,1785153451064377000,1785153451064377000,1785153451064378000,1785153451064511000,1785153451064514000,1785153451064514000,1785153451064514000,121932490,121652369,-147.121,0.000,0.000,1.000,3.000,0.000,0.000,19.000,0,0,0
B3_zmq_pushpull,zmq_tcp,none,none,,1,14605,512,584,1785153451065594000,1785153451065594000,1785153451065594000,1785153451065595000,1785153451065643000,1785153451065646000,1785153451065646000,1785153451065646000,121932490,121652369,-232.121,0.000,0.000,1.000,3.000,0.000,0.000,85.000,0,0,0
B3_zmq_pushpull,zmq_tcp,none,none,,1,14606,512,584,1785153451066462000,1785153451066462000,1785153451066462000,1785153451066463000,1785153451066615000,1785153451066618000,1785153451066618000,1785153451066618000,121932490,121652369,-128.121,0.000,0.000,1.000,3.000,0.000,0.000,104.000,0,0,0
B3_zmq_pushpull,zmq_tcp,none,none,,1,14607,512,584,1785153451067572000,1785153451067573000,1785153451067573000,1785153451067574000,1785153451067727000,1785153451067729000,1785153451067729000,1785153451067729000,121932490,121652369,-127.121,1.000,0.000,1.000,2.000,0.000,0.000,1.000,0,0,0
B3_zmq_pushpull,zmq_tcp,none,none,,1,14608,512,584,1785153451068544000,1785153451068545000,1785153451068545000,1785153451068546000,1785153451068676000,1785153451068679000,1785153451068679000,1785153451068679000,121932490,121652369,-150.121,1.000,0.000,1.000,3.000,0.000,0.000,23.000,0,0,0
B3_zmq_pushpull,zmq_tcp,none,none,,1,14609,512,584,1785153451069370000,1785153451069371000,1785153451069371000,1785153451069372000,1785153451069519000,1785153451069521000,1785153451069521000,1785153451069521000,121932490,121652369,-133.121,1.000,0.000,1.000,2.000,0.000,0.000,17.000,0,0,0
B3_zmq_pushpull,zmq_tcp,none,none,,1,14610,512,584,1785153451070363000,1785153451070363000,1785153451070363000,1785153451070364000,1785153451070512000,1785153451070515000,1785153451070515000,1785153451070515000,121932490,121652369,-132.121,0.000,0.000,1.000,3.000,0.000,0.000,1.000,0,0,0
B3_zmq_pushpull,zmq_tcp,none,none,,1,14611,512,584,1785153451071599000,1785153451071599000,1785153451071599000,1785153451071600000,1785153451071782000,1785153451071790000,1785153451071790000,1785153451071790000,121932490,121652369,-98.121,0.000,0.000,1.000,8.000,0.000,0.000,34.000,0,0,0
B3_zmq_pushpull,zmq_tcp,none,none,,1,14612,512,584,1785153451072539000,1785153451072539000,1785153451072539000,1785153451072540000,1785153451072629000,1785153451072633000,1785153451072633000,1785153451072633000,121932490,121652369,-191.121,0.000,0.000,1.000,4.000,0.000,0.000,93.000,0,0,0
B3_zmq_pushpull,zmq_tcp,none,none,,1,14613,512,584,1785153451073453000,1785153451073453000,1785153451073453000,1785153451073454000,1785153451073607000,1785153451073609000,1785153451073609000,1785153451073609000,121932490,121652369,-127.121,0.000,0.000,1.000,2.000,0.000,0.000,64.000,0,0,0
B3_zmq_pushpull,zmq_tcp,none,none,,1,14614,512,584,1785153451074432000,1785153451074432000,1785153451074432000,1785153451074433000,1785153451074575000,1785153451074577000,1785153451074577000,1785153451074577000,121932490,121652369,-138.121,0.000,0.000,1.000,2.000,0.000,0.000,11.000,0,0,0
B3_zmq_pushpull,zmq_tcp,none,none,,1,14615,512,584,1785153451075581000,1785153451075581000,1785153451075581000,1785153451075582000,1785153451075687000,1785153451075690000,1785153451075690000,1785153451075690000,121932490,121652369,-175.121,0.000,0.000,1.000,3.000,0.000,0.000,37.000,0,0,0
B3_zmq_pushpull,zmq_tcp,none,none,,1,14616,512,584,1785153451076545000,1785153451076545000,1785153451076545000,1785153451076546000,1785153451076674000,1785153451076676000,1785153451076676000,1785153451076676000,121932490,121652369,-152.121,0.000,0.000,1.000,2.000,0.000,0.000,23.000,0,0,0
B3_zmq_pushpull,zmq_tcp,none,none,,1,14617,512,584,1785153451077554000,1785153451077554000,1785153451077554000,1785153451077555000,1785153451077650000,1785153451077652000,1785153451077652000,1785153451077652000,121932490,121652369,-185.121,0.000,0.000,1.000,2.000,0.000,0.000,33.000,0,0,0
B3_zmq_pushpull,zmq_tcp,none,none,,1,14618,512,584,1785153451078550000,1785153451078550000,1785153451078550000,1785153451078551000,1785153451078653000,1785153451078656000,1785153451078656000,1785153451078656000,121932490,121652369,-178.121,0.000,0.000,1.000,3.000,0.000,0.000,7.000,0,0,0
B3_zmq_pushpull,zmq_tcp,none,none,,1,14619,512,584,1785153451079550000,1785153451079550000,1785153451079550000,1785153451079551000,1785153451079654000,1785153451079657000,1785153451079657000,1785153451079657000,121932490,121652369,-177.121,0.000,0.000,1.000,3.000,0.000,0.000,1.000,0,0,0
B3_zmq_pushpull,zmq_tcp,none,none,,1,14620,512,584,1785153451080547000,1785153451080547000,1785153451080547000,1785153451080548000,1785153451080640000,1785153451080643000,1785153451080643000,1785153451080643000,121932490,121652369,-188.121,0.000,0.000,1.000,3.000,0.000,0.000,11.000,0,0,0
B3_zmq_pushpull,zmq_tcp,none,none,,1,14621,512,584,1785153451081475000,1785153451081476000,1785153451081476000,1785153451081477000,1785153451081627000,1785153451081629000,1785153451081630000,1785153451081630000,121932490,121652369,-130.121,1.000,0.000,1.000,2.000,1.000,0.000,58.000,0,0,0
B3_zmq_pushpull,zmq_tcp,none,none,,1,14622,512,584,1785153451082457000,1785153451082457000,1785153451082458000,1785153451082458000,1785153451082610000,1785153451082612000,1785153451082612000,1785153451082612000,121932490,121652369,-128.121,0.000,1.000,0.000,2.000,0.000,0.000,2.000,0,0,0
B3_zmq_pushpull,zmq_tcp,none,none,,1,14623,512,584,1785153451083436000,1785153451083436000,1785153451083436000,1785153451083437000,1785153451083594000,1785153451083596000,1785153451083596000,1785153451083596000,121932490,121652369,-123.121,0.000,0.000,1.000,2.000,0.000,0.000,5.000,0,0,0
B3_zmq_pushpull,zmq_tcp,none,none,,1,14624,512,584,1785153451084416000,1785153451084416000,1785153451084416000,1785153451084417000,1785153451084577000,1785153451084579000,1785153451084579000,1785153451084579000,121932490,121652369,-120.121,0.000,0.000,1.000,2.000,0.000,0.000,3.000,0,0,0
B3_zmq_pushpull,zmq_tcp,none,none,,1,14625,512,584,1785153451085413000,1785153451085413000,1785153451085413000,1785153451085414000,1785153451085561000,1785153451085564000,1785153451085564000,1785153451085564000,121932490,121652369,-133.121,0.000,0.000,1.000,3.000,0.000,0.000,13.000,0,0,0
B3_zmq_pushpull,zmq_tcp,none,none,,1,14626,512,584,1785153451086584000,1785153451086585000,1785153451086585000,1785153451086586000,1785153451086682000,1785153451086685000,1785153451086685000,1785153451086685000,121932490,121652369,-184.121,1.000,0.000,1.000,3.000,0.000,0.000,51.000,0,0,0
B3_zmq_pushpull,zmq_tcp,none,none,,1,14627,512,584,1785153451087539000,1785153451087539000,1785153451087539000,1785153451087540000,1785153451087658000,1785153451087660000,1785153451087660000,1785153451087660000,121932490,121652369,-162.121,0.000,0.000,1.000,2.000,0.000,0.000,22.000,0,0,0
B3_zmq_pushpull,zmq_tcp,none,none,,1,14628,512,584,1785153451088552000,1785153451088553000,1785153451088553000,1785153451088554000,1785153451088633000,1785153451088636000,1785153451088636000,1785153451088636000,121932490,121652369,-201.121,1.000,0.000,1.000,3.000,0.000,0.000,39.000,0,0,0
B3_zmq_pushpull,zmq_tcp,none,none,,1,14629,512,584,1785153451089550000,1785153451089550000,1785153451089550000,1785153451089551000,1785153451089607000,1785153451089610000,1785153451089610000,1785153451089610000,121932490,121652369,-224.121,0.000,0.000,1.000,3.000,0.000,0.000,23.000,0,0,0
B3_zmq_pushpull,zmq_tcp,none,none,,1,14630,512,584,1785153451090552000,1785153451090553000,1785153451090553000,1785153451090554000,1785153451090719000,1785153451090722000,1785153451090722000,1785153451090722000,121932490,121652369,-115.121,1.000,0.000,1.000,3.000,0.000,0.000,109.000,0,0,0
B3_zmq_pushpull,zmq_tcp,none,none,,1,14631,512,584,1785153451091548000,1785153451091548000,1785153451091548000,1785153451091549000,1785153451091726000,1785153451091728000,1785153451091728000,1785153451091728000,121932490,121652369,-103.121,0.000,0.000,1.000,2.000,0.000,0.000,12.000,0,0,0
B3_zmq_pushpull,zmq_tcp,none,none,,1,14632,512,584,1785153451092552000,1785153451092553000,1785153451092553000,1785153451092554000,1785153451092703000,1785153451092706000,1785153451092706000,1785153451092706000,121932490,121652369,-131.121,1.000,0.000,1.000,3.000,0.000,0.000,28.000,0,0,0
B3_zmq_pushpull,zmq_tcp,none,none,,1,14633,512,584,1785153451093550000,1785153451093550000,1785153451093550000,1785153451093551000,1785153451093664000,1785153451093667000,1785153451093667000,1785153451093667000,121932490,121652369,-167.121,0.000,0.000,1.000,3.000,0.000,0.000,36.000,0,0,0
B3_zmq_pushpull,zmq_tcp,none,none,,1,14634,512,584,1785153451094550000,1785153451094550000,1785153451094550000,1785153451094551000,1785153451094640000,1785153451094643000,1785153451094643000,1785153451094643000,121932490,121652369,-191.121,0.000,0.000,1.000,3.000,0.000,0.000,24.000,0,0,0
B3_zmq_pushpull,zmq_tcp,none,none,,1,14635,512,584,1785153451095547000,1785153451095548000,1785153451095548000,1785153451095549000,1785153451095615000,1785153451095618000,1785153451095618000,1785153451095618000,121932490,121652369,-214.121,1.000,0.000,1.000,3.000,0.000,0.000,23.000,0,0,0
B3_zmq_pushpull,zmq_tcp,none,none,,1,14636,512,584,1785153451096552000,1785153451096552000,1785153451096552000,1785153451096553000,1785153451096738000,1785153451096740000,1785153451096740000,1785153451096740000,121932490,121652369,-95.121,0.000,0.000,1.000,2.000,0.000,0.000,119.000,0,0,0
B3_zmq_pushpull,zmq_tcp,none,none,,1,14637,512,584,1785153451097550000,1785153451097550000,1785153451097550000,1785153451097551000,1785153451097595000,1785153451097598000,1785153451097599000,1785153451097599000,121932490,121652369,-236.121,0.000,0.000,1.000,3.000,1.000,0.000,141.000,0,0,0
B3_zmq_pushpull,zmq_tcp,none,none,,1,14638,512,584,1785153451098550000,1785153451098550000,1785153451098550000,1785153451098551000,1785153451098712000,1785153451098715000,1785153451098715000,1785153451098715000,121932490,121652369,-119.121,0.000,0.000,1.000,3.000,0.000,0.000,117.000,0,0,0
B3_zmq_pushpull,zmq_tcp,none,none,,1,14639,512,584,1785153451099550000,1785153451099550000,1785153451099550000,1785153451099551000,1785153451099698000,1785153451099700000,1785153451099700000,1785153451099700000,121932490,121652369,-133.121,0.000,0.000,1.000,2.000,0.000,0.000,14.000,0,0,0
B3_zmq_pushpull,zmq_tcp,none,none,,1,14640,512,584,1785153451100550000,1785153451100550000,1785153451100550000,1785153451100551000,1785153451100676000,1785153451100679000,1785153451100679000,1785153451100679000,121932490,121652369,-155.121,0.000,0.000,1.000,3.000,0.000,0.000,22.000,0,0,0
B3_zmq_pushpull,zmq_tcp,none,none,,1,14641,512,584,1785153451101550000,1785153451101550000,1785153451101550000,1785153451101551000,1785153451101644000,1785153451101647000,1785153451101647000,1785153451101647000,121932490,121652369,-187.121,0.000,0.000,1.000,3.000,0.000,0.000,32.000,0,0,0
B3_zmq_pushpull,zmq_tcp,none,none,,1,14642,512,584,1785153451102551000,1785153451102551000,1785153451102551000,1785153451102552000,1785153451102620000,1785153451102623000,1785153451102623000,1785153451102623000,121932490,121652369,-212.121,0.000,0.000,1.000,3.000,0.000,0.000,25.000,0,0,0
B3_zmq_pushpull,zmq_tcp,none,none,,1,14643,512,584,1785153451103550000,1785153451103550000,1785153451103550000,1785153451103551000,1785153451103603000,1785153451103606000,1785153451103606000,1785153451103606000,121932490,121652369,-228.121,0.000,0.000,1.000,3.000,0.000,0.000,16.000,0,0,0
B3_zmq_pushpull,zmq_tcp,none,none,,1,14644,512,584,1785153451104434000,1785153451104435000,1785153451104435000,1785153451104435000,1785153451104595000,1785153451104598000,1785153451104598000,1785153451104598000,121932490,121652369,-120.121,1.000,0.000,0.000,3.000,0.000,0.000,108.000,0,0,0
B3_zmq_pushpull,zmq_tcp,none,none,,1,14645,512,584,1785153451105579000,1785153451105580000,1785153451105580000,1785153451105581000,1785153451105714000,1785153451105716000,1785153451105716000,1785153451105716000,121932490,121652369,-147.121,1.000,0.000,1.000,2.000,0.000,0.000,27.000,0,0,0
B3_zmq_pushpull,zmq_tcp,none,none,,1,14646,512,584,1785153451106410000,1785153451106411000,1785153451106411000,1785153451106411000,1785153451106560000,1785153451106563000,1785153451106563000,1785153451106563000,121932490,121652369,-131.121,1.000,0.000,0.000,3.000,0.000,0.000,16.000,0,0,0
B3_zmq_pushpull,zmq_tcp,none,none,,1,14647,512,584,1785153451107585000,1785153451107585000,1785153451107585000,1785153451107586000,1785153451107684000,1785153451107687000,1785153451107687000,1785153451107687000,121932490,121652369,-182.121,0.000,0.000,1.000,3.000,0.000,0.000,51.000,0,0,0
B3_zmq_pushpull,zmq_tcp,none,none,,1,14648,512,584,1785153451108542000,1785153451108542000,1785153451108542000,1785153451108543000,1785153451108668000,1785153451108671000,1785153451108671000,1785153451108671000,121932490,121652369,-155.121,0.000,0.000,1.000,3.000,0.000,0.000,27.000,0,0,0
B3_zmq_pushpull,zmq_tcp,none,none,,1,14649,512,584,1785153451109553000,1785153451109553000,1785153451109553000,1785153451109554000,1785153451109650000,1785153451109652000,1785153451109652000,1785153451109652000,121932490,121652369,-184.121,0.000,0.000,1.000,2.000,0.000,0.000,29.000,0,0,0
B3_zmq_pushpull,zmq_tcp,none,none,,1,14650,512,584,1785153451110546000,1785153451110546000,1785153451110546000,1785153451110547000,1785153451110642000,1785153451110644000,1785153451110644000,1785153451110644000,121932490,121652369,-185.121,0.000,0.000,1.000,2.000,0.000,0.000,1.000,0,0,0
B3_zmq_pushpull,zmq_tcp,none,none,,1,14651,512,584,1785153451111554000,1785153451111554000,1785153451111554000,1785153451111555000,1785153451111620000,1785153451111622000,1785153451111622000,1785153451111622000,121932490,121652369,-215.121,0.000,0.000,1.000,2.000,0.000,0.000,30.000,0,0,0
B3_zmq_pushpull,zmq_tcp,none,none,,1,14652,512,584,1785153451112551000,1785153451112551000,1785153451112551000,1785153451112552000,1785153451112732000,1785153451112735000,1785153451112735000,1785153451112735000,121932490,121652369,-100.121,0.000,0.000,1.000,3.000,0.000,0.000,115.000,0,0,0
B3_zmq_pushpull,zmq_tcp,none,none,,1,14653,512,584,1785153451113552000,1785153451113552000,1785153451113553000,1785153451113553000,1785153451113715000,1785153451113718000,1785153451113718000,1785153451113718000,121932490,121652369,-118.121,0.000,1.000,0.000,3.000,0.000,0.000,18.000,0,0,0
B3_zmq_pushpull,zmq_tcp,none,none,,1,14654,512,584,1785153451114407000,1785153451114407000,1785153451114407000,1785153451114408000,1785153451114559000,1785153451114562000,1785153451114562000,1785153451114562000,121932490,121652369,-129.121,0.000,0.000,1.000,3.000,0.000,0.000,11.000,0,0,0
B3_zmq_pushpull,zmq_tcp,none,none,,1,14655,512,584,1785153451115378000,1785153451115379000,1785153451115379000,1785153451115380000,1785153451115521000,1785153451115524000,1785153451115524000,1785153451115524000,121932490,121652369,-139.121,1.000,0.000,1.000,3.000,0.000,0.000,10.000,0,0,0
B3_zmq_pushpull,zmq_tcp,none,none,,1,14656,512,584,1785153451116468000,1785153451116468000,1785153451116468000,1785153451116469000,1785153451116622000,1785153451116625000,1785153451116625000,1785153451116625000,121932490,121652369,-127.121,0.000,0.000,1.000,3.000,0.000,0.000,12.000,0,0,0
B3_zmq_pushpull,zmq_tcp,none,none,,1,14657,512,584,1785153451117470000,1785153451117471000,1785153451117471000,1785153451117472000,1785153451117630000,1785153451117633000,1785153451117633000,1785153451117633000,121932490,121652369,-122.121,1.000,0.000,1.000,3.000,0.000,0.000,5.000,0,0,0
B3_zmq_pushpull,zmq_tcp,none,none,,1,14658,512,584,1785153451118478000,1785153451118478000,1785153451118478000,1785153451118479000,1785153451118634000,1785153451118636000,1785153451118636000,1785153451118636000,121932490,121652369,-125.121,0.000,0.000,1.000,2.000,0.000,0.000,3.000,0,0,0
B3_zmq_pushpull,zmq_tcp,none,none,,1,14659,512,584,1785153451119458000,1785153451119459000,1785153451119459000,1785153451119460000,1785153451119619000,1785153451119622000,1785153451119622000,1785153451119622000,121932490,121652369,-121.121,1.000,0.000,1.000,3.000,0.000,0.000,4.000,0,0,0
B3_zmq_pushpull,zmq_tcp,none,none,,1,14660,512,584,1785153451120573000,1785153451120573000,1785153451120573000,1785153451120574000,1785153451120713000,1785153451120717000,1785153451120717000,1785153451120717000,121932490,121652369,-141.121,0.000,0.000,1.000,4.000,0.000,0.000,20.000,0,0,0
B3_zmq_pushpull,zmq_tcp,none,none,,1,14661,512,584,1785153451121544000,1785153451121544000,1785153451121544000,1785153451121545000,1785153451121683000,1785153451121686000,1785153451121686000,1785153451121686000,121932490,121652369,-142.121,0.000,0.000,1.000,3.000,0.000,0.000,1.000,0,0,0
B3_zmq_pushpull,zmq_tcp,none,none,,1,14662,512,584,1785153451122553000,1785153451122553000,1785153451122553000,1785153451122554000,1785153451122670000,1785153451122672000,1785153451122672000,1785153451122672000,121932490,121652369,-164.121,0.000,0.000,1.000,2.000,0.000,0.000,22.000,0,0,0
B3_zmq_pushpull,zmq_tcp,none,none,,1,14663,512,584,1785153451123550000,1785153451123550000,1785153451123550000,1785153451123551000,1785153451123652000,1785153451123655000,1785153451123655000,1785153451123655000,121932490,121652369,-179.121,0.000,0.000,1.000,3.000,0.000,0.000,15.000,0,0,0
B3_zmq_pushpull,zmq_tcp,none,none,,1,14664,512,584,1785153451124550000,1785153451124550000,1785153451124550000,1785153451124551000,1785153451124640000,1785153451124643000,1785153451124643000,1785153451124643000,121932490,121652369,-191.121,0.000,0.000,1.000,3.000,0.000,0.000,12.000,0,0,0
B3_zmq_pushpull,zmq_tcp,none,none,,1,14665,512,584,1785153451125548000,1785153451125548000,1785153451125549000,1785153451125549000,1785153451125634000,1785153451125636000,1785153451125636000,1785153451125636000,121932490,121652369,-195.121,0.000,1.000,0.000,2.000,0.000,0.000,4.000,0,0,0
B3_zmq_pushpull,zmq_tcp,none,none,,1,14666,512,584,1785153451126552000,1785153451126552000,1785153451126552000,1785153451126553000,1785153451126634000,1785153451126636000,1785153451126636000,1785153451126636000,121932490,121652369,-199.121,0.000,0.000,1.000,2.000,0.000,0.000,4.000,0,0,0
B3_zmq_pushpull,zmq_tcp,none,none,,1,14667,512,584,1785153451127552000,1785153451127552000,1785153451127552000,1785153451127553000,1785153451127624000,1785153451127627000,1785153451127627000,1785153451127627000,121932490,121652369,-209.121,0.000,0.000,1.000,3.000,0.000,0.000,10.000,0,0,0
B3_zmq_pushpull,zmq_tcp,none,none,,1,14668,512,584,1785153451128550000,1785153451128550000,1785153451128550000,1785153451128551000,1785153451128600000,1785153451128604000,1785153451128604000,1785153451128604000,121932490,121652369,-231.121,0.000,0.000,1.000,4.000,0.000,0.000,22.000,0,0,0
B3_zmq_pushpull,zmq_tcp,none,none,,1,14669,512,584,1785153451129427000,1785153451129427000,1785153451129427000,1785153451129428000,1785153451129582000,1785153451129584000,1785153451129584000,1785153451129584000,121932490,121652369,-126.121,0.000,0.000,1.000,2.000,0.000,0.000,105.000,0,0,0
B3_zmq_pushpull,zmq_tcp,none,none,,1,14670,512,584,1785153451130407000,1785153451130407000,1785153451130407000,1785153451130408000,1785153451130561000,1785153451130564000,1785153451130564000,1785153451130564000,121932490,121652369,-127.121,0.000,0.000,1.000,3.000,0.000,0.000,1.000,0,0,0
B3_zmq_pushpull,zmq_tcp,none,none,,1,14671,512,584,1785153451131586000,1785153451131586000,1785153451131586000,1785153451131587000,1785153451131675000,1785153451131677000,1785153451131677000,1785153451131677000,121932490,121652369,-192.121,0.000,0.000,1.000,2.000,0.000,0.000,65.000,0,0,0
B3_zmq_pushpull,zmq_tcp,none,none,,1,14672,512,584,1785153451132540000,1785153451132541000,1785153451132541000,1785153451132542000,1785153451132661000,1785153451132663000,1785153451132663000,1785153451132663000,121932490,121652369,-161.121,1.000,0.000,1.000,2.000,0.000,0.000,31.000,0,0,0
B3_zmq_pushpull,zmq_tcp,none,none,,1,14673,512,584,1785153451133553000,1785153451133553000,1785153451133553000,1785153451133554000,1785153451133623000,1785153451133625000,1785153451133625000,1785153451133625000,121932490,121652369,-211.121,0.000,0.000,1.000,2.000,0.000,0.000,50.000,0,0,0
B3_zmq_pushpull,zmq_tcp,none,none,,1,14674,512,584,1785153451134551000,1785153451134552000,1785153451134552000,1785153451134553000,1785153451134616000,1785153451134619000,1785153451134619000,1785153451134619000,121932490,121652369,-217.121,1.000,0.000,1.000,3.000,0.000,0.000,6.000,0,0,0
B3_zmq_pushpull,zmq_tcp,none,none,,1,14675,512,584,1785153451135550000,1785153451135550000,1785153451135550000,1785153451135551000,1785153451135600000,1785153451135602000,1785153451135602000,1785153451135602000,121932490,121652369,-231.121,0.000,0.000,1.000,2.000,0.000,0.000,14.000,0,0,0
B3_zmq_pushpull,zmq_tcp,none,none,,1,14676,512,584,1785153451136417000,1785153451136417000,1785153451136417000,1785153451136418000,1785153451136571000,1785153451136574000,1785153451136574000,1785153451136574000,121932490,121652369,-127.121,0.000,0.000,1.000,3.000,0.000,0.000,104.000,0,0,0
B3_zmq_pushpull,zmq_tcp,none,none,,1,14677,512,584,1785153451137408000,1785153451137409000,1785153451137409000,1785153451137410000,1785153451137560000,1785153451137563000,1785153451137563000,1785153451137563000,121932490,121652369,-130.121,1.000,0.000,1.000,3.000,0.000,0.000,3.000,0,0,0
B3_zmq_pushpull,zmq_tcp,none,none,,1,14678,512,584,1785153451138392000,1785153451138392000,1785153451138392000,1785153451138393000,1785153451138550000,1785153451138553000,1785153451138553000,1785153451138553000,121932490,121652369,-123.121,0.000,0.000,1.000,3.000,0.000,0.000,7.000,0,0,0
B3_zmq_pushpull,zmq_tcp,none,none,,1,14679,512,584,1785153451139383000,1785153451139383000,1785153451139383000,1785153451139384000,1785153451139543000,1785153451139546000,1785153451139546000,1785153451139546000,121932490,121652369,-121.121,0.000,0.000,1.000,3.000,0.000,0.000,2.000,0,0,0
B3_zmq_pushpull,zmq_tcp,none,none,,1,14680,512,584,1785153451140594000,1785153451140594000,1785153451140594000,1785153451140595000,1785153451140666000,1785153451140669000,1785153451140669000,1785153451140669000,121932490,121652369,-209.121,0.000,0.000,1.000,3.000,0.000,0.000,88.000,0,0,0
B3_zmq_pushpull,zmq_tcp,none,none,,1,14681,512,584,1785153451141539000,1785153451141540000,1785153451141540000,1785153451141541000,1785153451141670000,1785153451141672000,1785153451141673000,1785153451141673000,121932490,121652369,-151.121,1.000,0.000,1.000,2.000,1.000,0.000,58.000,0,0,0
B3_zmq_pushpull,zmq_tcp,none,none,,1,14682,512,584,1785153451142553000,1785153451142553000,1785153451142553000,1785153451142554000,1785153451142643000,1785153451142647000,1785153451142647000,1785153451142647000,121932490,121652369,-191.121,0.000,0.000,1.000,4.000,0.000,0.000,40.000,0,0,0
B3_zmq_pushpull,zmq_tcp,none,none,,1,14683,512,584,1785153451143546000,1785153451143546000,1785153451143547000,1785153451143548000,1785153451143610000,1785153451143612000,1785153451143612000,1785153451143612000,121932490,121652369,-218.121,0.000,1.000,1.000,2.000,0.000,0.000,27.000,0,0,0
B3_zmq_pushpull,zmq_tcp,none,none,,1,14684,512,584,1785153451144552000,1785153451144553000,1785153451144553000,1785153451144554000,1785153451144596000,1785153451144599000,1785153451144599000,1785153451144599000,121932490,121652369,-238.121,1.000,0.000,1.000,3.000,0.000,0.000,20.000,0,0,0
B3_zmq_pushpull,zmq_tcp,none,none,,1,14685,512,584,1785153451145552000,1785153451145552000,1785153451145552000,1785153451145553000,1785153451145729000,1785153451145731000,1785153451145731000,1785153451145731000,121932490,121652369,-104.121,0.000,0.000,1.000,2.000,0.000,0.000,134.000,0,0,0
B3_zmq_pushpull,zmq_tcp,none,none,,1,14686,512,584,1785153451146436000,1785153451146436000,1785153451146436000,1785153451146437000,1785153451146594000,1785153451146597000,1785153451146597000,1785153451146597000,121932490,121652369,-123.121,0.000,0.000,1.000,3.000,0.000,0.000,19.000,0,0,0
B3_zmq_pushpull,zmq_tcp,none,none,,1,14687,512,584,1785153451147421000,1785153451147421000,1785153451147421000,1785153451147422000,1785153451147573000,1785153451147575000,1785153451147575000,1785153451147575000,121932490,121652369,-129.121,0.000,0.000,1.000,2.000,0.000,0.000,6.000,0,0,0
B3_zmq_pushpull,zmq_tcp,none,none,,1,14688,512,584,1785153451148415000,1785153451148415000,1785153451148415000,1785153451148416000,1785153451148570000,1785153451148573000,1785153451148573000,1785153451148573000,121932490,121652369,-126.121,0.000,0.000,1.000,3.000,0.000,0.000,3.000,0,0,0
B3_zmq_pushpull,zmq_tcp,none,none,,1,14689,512,584,1785153451149585000,1785153451149585000,1785153451149585000,1785153451149586000,1785153451149648000,1785153451149652000,1785153451149652000,1785153451149652000,121932490,121652369,-218.121,0.000,0.000,1.000,4.000,0.000,0.000,92.000,0,0,0
B3_zmq_pushpull,zmq_tcp,none,none,,1,14690,512,584,1785153451150471000,1785153451150471000,1785153451150471000,1785153451150472000,1785153451150622000,1785153451150625000,1785153451150625000,1785153451150625000,121932490,121652369,-130.121,0.000,0.000,1.000,3.000,0.000,0.000,88.000,0,0,0
B3_zmq_pushpull,zmq_tcp,none,none,,1,14691,512,584,1785153451151441000,1785153451151441000,1785153451151441000,1785153451151442000,1785153451151582000,1785153451151585000,1785153451151585000,1785153451151585000,121932490,121652369,-140.121,0.000,0.000,1.000,3.000,0.000,0.000,10.000,0,0,0
B3_zmq_pushpull,zmq_tcp,none,none,,1,14692,512,584,1785153451152415000,1785153451152415000,1785153451152415000,1785153451152416000,1785153451152577000,1785153451152584000,1785153451152584000,1785153451152584000,121932490,121652369,-119.121,0.000,0.000,1.000,7.000,0.000,0.000,21.000,0,0,0
B3_zmq_pushpull,zmq_tcp,none,none,,1,14693,512,584,1785153451153585000,1785153451153585000,1785153451153585000,1785153451153586000,1785153451153678000,1785153451153681000,1785153451153681000,1785153451153681000,121932490,121652369,-188.121,0.000,0.000,1.000,3.000,0.000,0.000,69.000,0,0,0
B3_zmq_pushpull,zmq_tcp,none,none,,1,14694,512,584,1785153451154542000,1785153451154542000,1785153451154543000,1785153451154543000,1785153451154654000,1785153451154657000,1785153451154657000,1785153451154657000,121932490,121652369,-169.121,0.000,1.000,0.000,3.000,0.000,0.000,19.000,0,0,0
B3_zmq_pushpull,zmq_tcp,none,none,,1,14695,512,584,1785153451155552000,1785153451155552000,1785153451155552000,1785153451155553000,1785153451155641000,1785153451155643000,1785153451155643000,1785153451155643000,121932490,121652369,-192.121,0.000,0.000,1.000,2.000,0.000,0.000,23.000,0,0,0
B3_zmq_pushpull,zmq_tcp,none,none,,1,14696,512,584,1785153451156550000,1785153451156550000,1785153451156550000,1785153451156551000,1785153451156631000,1785153451156635000,1785153451156635000,1785153451156635000,121932490,121652369,-200.121,0.000,0.000,1.000,4.000,0.000,0.000,8.000,0,0,0
B3_zmq_pushpull,zmq_tcp,none,none,,1,14697,512,584,1785153451157452000,1785153451157452000,1785153451157452000,1785153451157453000,1785153451157605000,1785153451157607000,1785153451157607000,1785153451157607000,121932490,121652369,-128.121,0.000,0.000,1.000,2.000,0.000,0.000,72.000,0,0,0
B3_zmq_pushpull,zmq_tcp,none,none,,1,14698,512,584,1785153451158442000,1785153451158442000,1785153451158442000,1785153451158443000,1785153451158597000,1785153451158599000,1785153451158599000,1785153451158599000,121932490,121652369,-126.121,0.000,0.000,1.000,2.000,0.000,0.000,2.000,0,0,0
B3_zmq_pushpull,zmq_tcp,none,none,,1,14699,512,584,1785153451159428000,1785153451159428000,1785153451159428000,1785153451159429000,1785153451159586000,1785153451159589000,1785153451159589000,1785153451159589000,121932490,121652369,-123.121,0.000,0.000,1.000,3.000,0.000,0.000,3.000,0,0,0
B3_zmq_pushpull,zmq_tcp,none,none,,1,14700,512,584,1785153451160581000,1785153451160581000,1785153451160581000,1785153451160582000,1785153451160714000,1785153451160717000,1785153451160717000,1785153451160717000,121932490,121652369,-148.121,0.000,0.000,1.000,3.000,0.000,0.000,25.000,0,0,0
B3_zmq_pushpull,zmq_tcp,none,none,,1,14701,512,584,1785153451161543000,1785153451161544000,1785153451161544000,1785153451161545000,1785153451161702000,1785153451161705000,1785153451161705000,1785153451161705000,121932490,121652369,-123.121,1.000,0.000,1.000,3.000,0.000,0.000,25.000,0,0,0
B3_zmq_pushpull,zmq_tcp,none,none,,1,14702,512,584,1785153451162554000,1785153451162554000,1785153451162554000,1785153451162555000,1785153451162681000,1785153451162683000,1785153451162683000,1785153451162683000,121932490,121652369,-154.121,0.000,0.000,1.000,2.000,0.000,0.000,31.000,0,0,0
B3_zmq_pushpull,zmq_tcp,none,none,,1,14703,512,584,1785153451163550000,1785153451163550000,1785153451163550000,1785153451163551000,1785153451163659000,1785153451163662000,1785153451163662000,1785153451163662000,121932490,121652369,-172.121,0.000,0.000,1.000,3.000,0.000,0.000,18.000,0,0,0
B3_zmq_pushpull,zmq_tcp,none,none,,1,14704,512,584,1785153451164550000,1785153451164550000,1785153451164550000,1785153451164551000,1785153451164627000,1785153451164630000,1785153451164630000,1785153451164630000,121932490,121652369,-204.121,0.000,0.000,1.000,3.000,0.000,0.000,32.000,0,0,0
B3_zmq_pushpull,zmq_tcp,none,none,,1,14705,512,584,1785153451165549000,1785153451165549000,1785153451165549000,1785153451165550000,1785153451165607000,1785153451165610000,1785153451165610000,1785153451165610000,121932490,121652369,-223.121,0.000,0.000,1.000,3.000,0.000,0.000,19.000,0,0,0
B3_zmq_pushpull,zmq_tcp,none,none,,1,14706,512,584,1785153451166552000,1785153451166552000,1785153451166552000,1785153451166553000,1785153451166599000,1785153451166602000,1785153451166602000,1785153451166602000,121932490,121652369,-234.121,0.000,0.000,1.000,3.000,0.000,0.000,11.000,0,0,0
B3_zmq_pushpull,zmq_tcp,none,none,,1,14707,512,584,1785153451167550000,1785153451167550000,1785153451167550000,1785153451167551000,1785153451167742000,1785153451167745000,1785153451167745000,1785153451167745000,121932490,121652369,-89.121,0.000,0.000,1.000,3.000,0.000,0.000,145.000,0,0,0
B3_zmq_pushpull,zmq_tcp,none,none,,1,14708,512,584,1785153451168445000,1785153451168445000,1785153451168445000,1785153451168446000,1785153451168601000,1785153451168604000,1785153451168604000,1785153451168604000,121932490,121652369,-125.121,0.000,0.000,1.000,3.000,0.000,0.000,36.000,0,0,0
B3_zmq_pushpull,zmq_tcp,none,none,,1,14709,512,584,1785153451169577000,1785153451169577000,1785153451169577000,1785153451169578000,1785153451169718000,1785153451169721000,1785153451169721000,1785153451169721000,121932490,121652369,-140.121,0.000,0.000,1.000,3.000,0.000,0.000,15.000,0,0,0
B3_zmq_pushpull,zmq_tcp,none,none,,1,14710,512,584,1785153451170407000,1785153451170407000,1785153451170407000,1785153451170408000,1785153451170558000,1785153451170561000,1785153451170561000,1785153451170561000,121932490,121652369,-130.121,0.000,0.000,1.000,3.000,0.000,0.000,10.000,0,0,0
B3_zmq_pushpull,zmq_tcp,none,none,,1,14711,512,584,1785153451171586000,1785153451171586000,1785153451171586000,1785153451171587000,1785153451171658000,1785153451171661000,1785153451171661000,1785153451171661000,121932490,121652369,-209.121,0.000,0.000,1.000,3.000,0.000,0.000,79.000,0,0,0
B3_zmq_pushpull,zmq_tcp,none,none,,1,14712,512,584,1785153451172538000,1785153451172538000,1785153451172539000,1785153451172539000,1785153451172654000,1785153451172657000,1785153451172657000,1785153451172657000,121932490,121652369,-165.121,0.000,1.000,0.000,3.000,0.000,0.000,44.000,0,0,0
B3_zmq_pushpull,zmq_tcp,none,none,,1,14713,512,584,1785153451173554000,1785153451173554000,1785153451173554000,1785153451173555000,1785153451173634000,1785153451173637000,1785153451173637000,1785153451173637000,121932490,121652369,-201.121,0.000,0.000,1.000,3.000,0.000,0.000,36.000,0,0,0
B3_zmq_pushpull,zmq_tcp,none,none,,1,14714,512,584,1785153451174553000,1785153451174553000,1785153451174553000,1785153451174554000,1785153451174619000,1785153451174623000,1785153451174623000,1785153451174623000,121932490,121652369,-215.121,0.000,0.000,1.000,4.000,0.000,0.000,14.000,0,0,0
B3_zmq_pushpull,zmq_tcp,none,none,,1,14715,512,584,1785153451175550000,1785153451175550000,1785153451175551000,1785153451175551000,1785153451175733000,1785153451175735000,1785153451175735000,1785153451175735000,121932490,121652369,-98.121,0.000,1.000,0.000,2.000,0.000,0.000,117.000,0,0,0
B3_zmq_pushpull,zmq_tcp,none,none,,1,14716,512,584,1785153451176549000,1785153451176549000,1785153451176549000,1785153451176550000,1785153451176733000,1785153451176735000,1785153451176735000,1785153451176735000,121932490,121652369,-97.121,0.000,0.000,1.000,2.000,0.000,0.000,1.000,0,0,0
B3_zmq_pushpull,zmq_tcp,none,none,,1,14717,512,584,1785153451177550000,1785153451177550000,1785153451177550000,1785153451177551000,1785153451177711000,1785153451177714000,1785153451177714000,1785153451177714000,121932490,121652369,-120.121,0.000,0.000,1.000,3.000,0.000,0.000,23.000,0,0,0
B3_zmq_pushpull,zmq_tcp,none,none,,1,14718,512,584,1785153451178408000,1785153451178408000,1785153451178408000,1785153451178409000,1785153451178562000,1785153451178565000,1785153451178565000,1785153451178565000,121932490,121652369,-127.121,0.000,0.000,1.000,3.000,0.000,0.000,7.000,0,0,0
B3_zmq_pushpull,zmq_tcp,none,none,,1,14719,512,584,1785153451179586000,1785153451179587000,1785153451179587000,1785153451179588000,1785153451179703000,1785153451179706000,1785153451179706000,1785153451179706000,121932490,121652369,-165.121,1.000,0.000,1.000,3.000,0.000,0.000,38.000,0,0,0
B3_zmq_pushpull,zmq_tcp,none,none,,1,14720,512,584,1785153451180539000,1785153451180539000,1785153451180539000,1785153451180540000,1785153451180683000,1785153451180686000,1785153451180686000,1785153451180686000,121932490,121652369,-137.121,0.000,0.000,1.000,3.000,0.000,0.000,28.000,0,0,0
B3_zmq_pushpull,zmq_tcp,none,none,,1,14721,512,584,1785153451181553000,1785153451181553000,1785153451181553000,1785153451181554000,1785153451181673000,1785153451181675000,1785153451181675000,1785153451181675000,121932490,121652369,-161.121,0.000,0.000,1.000,2.000,0.000,0.000,24.000,0,0,0
B3_zmq_pushpull,zmq_tcp,none,none,,1,14722,512,584,1785153451182553000,1785153451182553000,1785153451182553000,1785153451182554000,1785153451182644000,1785153451182646000,1785153451182647000,1785153451182647000,121932490,121652369,-190.121,0.000,0.000,1.000,2.000,1.000,0.000,29.000,0,0,0
B3_zmq_pushpull,zmq_tcp,none,none,,1,14723,512,584,1785153451183551000,1785153451183552000,1785153451183552000,1785153451183553000,1785153451183642000,1785153451183645000,1785153451183645000,1785153451183645000,121932490,121652369,-191.121,1.000,0.000,1.000,3.000,0.000,0.000,1.000,0,0,0
B3_zmq_pushpull,zmq_tcp,none,none,,1,14724,512,584,1785153451184549000,1785153451184549000,1785153451184549000,1785153451184550000,1785153451184598000,1785153451184601000,1785153451184601000,1785153451184601000,121932490,121652369,-232.121,0.000,0.000,1.000,3.000,0.000,0.000,41.000,0,0,0
B3_zmq_pushpull,zmq_tcp,none,none,,1,14725,512,584,1785153451185552000,1785153451185552000,1785153451185552000,1785153451185553000,1785153451185719000,1785153451185722000,1785153451185722000,1785153451185722000,121932490,121652369,-114.121,0.000,0.000,1.000,3.000,0.000,0.000,118.000,0,0,0
B3_zmq_pushpull,zmq_tcp,none,none,,1,14726,512,584,1785153451186422000,1785153451186422000,1785153451186423000,1785153451186423000,1785153451186574000,1785153451186577000,1785153451186577000,1785153451186577000,121932490,121652369,-129.121,0.000,1.000,0.000,3.000,0.000,0.000,15.000,0,0,0
B3_zmq_pushpull,zmq_tcp,none,none,,1,14727,512,584,1785153451187582000,1785153451187583000,1785153451187583000,1785153451187584000,1785153451187697000,1785153451187699000,1785153451187699000,1785153451187699000,121932490,121652369,-167.121,1.000,0.000,1.000,2.000,0.000,0.000,38.000,0,0,0
B3_zmq_pushpull,zmq_tcp,none,none,,1,14728,512,584,1785153451188542000,1785153451188542000,1785153451188543000,1785153451188543000,1785153451188681000,1785153451188683000,1785153451188683000,1785153451188683000,121932490,121652369,-142.121,0.000,1.000,0.000,2.000,0.000,0.000,25.000,0,0,0
B3_zmq_pushpull,zmq_tcp,none,none,,1,14729,512,584,1785153451189555000,1785153451189555000,1785153451189555000,1785153451189556000,1785153451189663000,1785153451189666000,1785153451189666000,1785153451189666000,121932490,121652369,-173.121,0.000,0.000,1.000,3.000,0.000,0.000,31.000,0,0,0
B3_zmq_pushpull,zmq_tcp,none,none,,1,14730,512,584,1785153451190552000,1785153451190552000,1785153451190553000,1785153451190553000,1785153451190649000,1785153451190652000,1785153451190652000,1785153451190652000,121932490,121652369,-184.121,0.000,1.000,0.000,3.000,0.000,0.000,11.000,0,0,0
B3_zmq_pushpull,zmq_tcp,none,none,,1,14731,512,584,1785153451191550000,1785153451191550000,1785153451191551000,1785153451191551000,1785153451191638000,1785153451191641000,1785153451191641000,1785153451191641000,121932490,121652369,-193.121,0.000,1.000,0.000,3.000,0.000,0.000,9.000,0,0,0
B3_zmq_pushpull,zmq_tcp,none,none,,1,14732,512,584,1785153451192549000,1785153451192549000,1785153451192549000,1785153451192550000,1785153451192613000,1785153451192615000,1785153451192615000,1785153451192615000,121932490,121652369,-217.121,0.000,0.000,1.000,2.000,0.000,0.000,24.000,0,0,0
B3_zmq_pushpull,zmq_tcp,none,none,,1,14733,512,584,1785153451193553000,1785153451193553000,1785153451193553000,1785153451193554000,1785153451193600000,1785153451193603000,1785153451193603000,1785153451193603000,121932490,121652369,-234.121,0.000,0.000,1.000,3.000,0.000,0.000,17.000,0,0,0
B3_zmq_pushpull,zmq_tcp,none,none,,1,14734,512,584,1785153451194550000,1785153451194551000,1785153451194551000,1785153451194552000,1785153451194723000,1785153451194726000,1785153451194726000,1785153451194726000,121932490,121652369,-109.121,1.000,0.000,1.000,3.000,0.000,0.000,125.000,0,0,0
B3_zmq_pushpull,zmq_tcp,none,none,,1,14735,512,584,1785153451195554000,1785153451195555000,1785153451195555000,1785153451195556000,1785153451195721000,1785153451195723000,1785153451195723000,1785153451195724000,121932490,121652369,-115.121,1.000,0.000,1.000,2.000,0.000,1.000,6.000,0,0,0
B3_zmq_pushpull,zmq_tcp,none,none,,1,14736,512,584,1785153451196549000,1785153451196549000,1785153451196549000,1785153451196550000,1785153451196702000,1785153451196705000,1785153451196705000,1785153451196705000,121932490,121652369,-128.121,0.000,0.000,1.000,3.000,0.000,0.000,13.000,0,0,0
B3_zmq_pushpull,zmq_tcp,none,none,,1,14737,512,584,1785153451197550000,1785153451197551000,1785153451197551000,1785153451197552000,1785153451197660000,1785153451197663000,1785153451197663000,1785153451197663000,121932490,121652369,-172.121,1.000,0.000,1.000,3.000,0.000,0.000,44.000,0,0,0
B3_zmq_pushpull,zmq_tcp,none,none,,1,14738,512,584,1785153451198550000,1785153451198551000,1785153451198551000,1785153451198552000,1785153451198635000,1785153451198638000,1785153451198638000,1785153451198638000,121932490,121652369,-197.121,1.000,0.000,1.000,3.000,0.000,0.000,25.000,0,0,0
B3_zmq_pushpull,zmq_tcp,none,none,,1,14739,512,584,1785153451199550000,1785153451199551000,1785153451199551000,1785153451199552000,1785153451199604000,1785153451199607000,1785153451199607000,1785153451199607000,121932490,121652369,-228.121,1.000,0.000,1.000,3.000,0.000,0.000,31.000,0,0,0
B3_zmq_pushpull,zmq_tcp,none,none,,1,14740,512,584,1785153451200548000,1785153451200548000,1785153451200548000,1785153451200549000,1785153451200591000,1785153451200594000,1785153451200594000,1785153451200594000,121932490,121652369,-238.121,0.000,0.000,1.000,3.000,0.000,0.000,10.000,0,0,0
B3_zmq_pushpull,zmq_tcp,none,none,,1,14741,512,584,1785153451201554000,1785153451201555000,1785153451201555000,1785153451201556000,1785153451201703000,1785153451201706000,1785153451201706000,1785153451201706000,121932490,121652369,-133.121,1.000,0.000,1.000,3.000,0.000,0.000,105.000,0,0,0
B3_zmq_pushpull,zmq_tcp,none,none,,1,14742,512,584,1785153451202550000,1785153451202551000,1785153451202551000,1785153451202552000,1785153451202686000,1785153451202689000,1785153451202689000,1785153451202689000,121932490,121652369,-146.121,1.000,0.000,1.000,3.000,0.000,0.000,13.000,0,0,0
B3_zmq_pushpull,zmq_tcp,none,none,,1,14743,512,584,1785153451203553000,1785153451203553000,1785153451203553000,1785153451203554000,1785153451203656000,1785153451203658000,1785153451203658000,1785153451203658000,121932490,121652369,-178.121,0.000,0.000,1.000,2.000,0.000,0.000,32.000,0,0,0
B3_zmq_pushpull,zmq_tcp,none,none,,1,14744,512,584,1785153451204547000,1785153451204547000,1785153451204547000,1785153451204548000,1785153451204632000,1785153451204635000,1785153451204635000,1785153451204635000,121932490,121652369,-196.121,0.000,0.000,1.000,3.000,0.000,0.000,18.000,0,0,0
B3_zmq_pushpull,zmq_tcp,none,none,,1,14745,512,584,1785153451205552000,1785153451205552000,1785153451205552000,1785153451205553000,1785153451205609000,1785153451205611000,1785153451205611000,1785153451205611000,121932490,121652369,-224.121,0.000,0.000,1.000,2.000,0.000,0.000,28.000,0,0,0
B3_zmq_pushpull,zmq_tcp,none,none,,1,14746,512,584,1785153451206550000,1785153451206551000,1785153451206551000,1785153451206552000,1785153451206594000,1785153451206596000,1785153451206596000,1785153451206596000,121932490,121652369,-238.121,1.000,0.000,1.000,2.000,0.000,0.000,14.000,0,0,0
B3_zmq_pushpull,zmq_tcp,none,none,,1,14747,512,584,1785153451207553000,1785153451207553000,1785153451207553000,1785153451207554000,1785153451207734000,1785153451207737000,1785153451207737000,1785153451207737000,121932490,121652369,-100.121,0.000,0.000,1.000,3.000,0.000,0.000,138.000,0,0,0
B3_zmq_pushpull,zmq_tcp,none,none,,1,14748,512,584,1785153451208546000,1785153451208547000,1785153451208547000,1785153451208548000,1785153451208733000,1785153451208736000,1785153451208736000,1785153451208736000,121932490,121652369,-95.121,1.000,0.000,1.000,3.000,0.000,0.000,5.000,0,0,0
B3_zmq_pushpull,zmq_tcp,none,none,,1,14749,512,584,1785153451209427000,1785153451209427000,1785153451209427000,1785153451209428000,1785153451209577000,1785153451209579000,1785153451209579000,1785153451209579000,121932490,121652369,-131.121,0.000,0.000,1.000,2.000,0.000,0.000,36.000,0,0,0
B3_zmq_pushpull,zmq_tcp,none,none,,1,14750,512,584,1785153451210416000,1785153451210416000,1785153451210416000,1785153451210417000,1785153451210577000,1785153451210580000,1785153451210580000,1785153451210580000,121932490,121652369,-120.121,0.000,0.000,1.000,3.000,0.000,0.000,11.000,0,0,0
B3_zmq_pushpull,zmq_tcp,none,none,,1,14751,512,584,1785153451211584000,1785153451211584000,1785153451211584000,1785153451211585000,1785153451211712000,1785153451211714000,1785153451211714000,1785153451211714000,121932490,121652369,-153.121,0.000,0.000,1.000,2.000,0.000,0.000,33.000,0,0,0
B3_zmq_pushpull,zmq_tcp,none,none,,1,14752,512,584,1785153451212540000,1785153451212540000,1785153451212540000,1785153451212541000,1785153451212700000,1785153451212702000,1785153451212702000,1785153451212702000,121932490,121652369,-121.121,0.000,0.000,1.000,2.000,0.000,0.000,32.000,0,0,0
B3_zmq_pushpull,zmq_tcp,none,none,,1,14753,512,584,1785153451213395000,1785153451213395000,1785153451213395000,1785153451213397000,1785153451213557000,1785153451213560000,1785153451213560000,1785153451213560000,121932490,121652369,-120.121,0.000,0.000,2.000,3.000,0.000,0.000,1.000,0,0,0
B3_zmq_pushpull,zmq_tcp,none,none,,1,14754,512,584,1785153451214418000,1785153451214418000,1785153451214418000,1785153451214419000,1785153451214578000,1785153451214581000,1785153451214581000,1785153451214581000,121932490,121652369,-121.121,0.000,0.000,1.000,3.000,0.000,0.000,1.000,0,0,0
B3_zmq_pushpull,zmq_tcp,none,none,,1,14755,512,584,1785153451215587000,1785153451215587000,1785153451215587000,1785153451215588000,1785153451215688000,1785153451215690000,1785153451215690000,1785153451215690000,121932490,121652369,-180.121,0.000,0.000,1.000,2.000,0.000,0.000,59.000,0,0,0
B3_zmq_pushpull,zmq_tcp,none,none,,1,14756,512,584,1785153451216541000,1785153451216542000,1785153451216542000,1785153451216543000,1785153451216687000,1785153451216690000,1785153451216690000,1785153451216690000,121932490,121652369,-136.121,1.000,0.000,1.000,3.000,0.000,0.000,44.000,0,0,0
B3_zmq_pushpull,zmq_tcp,none,none,,1,14757,512,584,1785153451217555000,1785153451217555000,1785153451217555000,1785153451217556000,1785153451217673000,1785153451217675000,1785153451217676000,1785153451217676000,121932490,121652369,-163.121,0.000,0.000,1.000,2.000,1.000,0.000,27.000,0,0,0
B3_zmq_pushpull,zmq_tcp,none,none,,1,14758,512,584,1785153451218519000,1785153451218519000,1785153451218519000,1785153451218520000,1785153451218658000,1785153451218662000,1785153451218662000,1785153451218662000,121932490,121652369,-142.121,0.000,0.000,1.000,4.000,0.000,0.000,21.000,0,0,0
B3_zmq_pushpull,zmq_tcp,none,none,,1,14759,512,584,1785153451219362000,1785153451219362000,1785153451219362000,1785153451219363000,1785153451219517000,1785153451219520000,1785153451219520000,1785153451219520000,121932490,121652369,-126.121,0.000,0.000,1.000,3.000,0.000,0.000,16.000,0,0,0
B3_zmq_pushpull,zmq_tcp,none,none,,1,14760,512,584,1785153451220598000,1785153451220598000,1785153451220598000,1785153451220599000,1785153451220658000,1785153451220667000,1785153451220667000,1785153451220667000,121932490,121652369,-221.121,0.000,0.000,1.000,9.000,0.000,0.000,95.000,0,0,0
B3_zmq_pushpull,zmq_tcp,none,none,,1,14761,512,584,1785153451221543000,1785153451221543000,1785153451221543000,1785153451221544000,1785153451221661000,1785153451221664000,1785153451221664000,1785153451221664000,121932490,121652369,-163.121,0.000,0.000,1.000,3.000,0.000,0.000,58.000,0,0,0
B3_zmq_pushpull,zmq_tcp,none,none,,1,14762,512,584,1785153451222553000,1785153451222553000,1785153451222553000,1785153451222554000,1785153451222650000,1785153451222653000,1785153451222653000,1785153451222653000,121932490,121652369,-184.121,0.000,0.000,1.000,3.000,0.000,0.000,21.000,0,0,0
B3_zmq_pushpull,zmq_tcp,none,none,,1,14763,512,584,1785153451223549000,1785153451223549000,1785153451223549000,1785153451223550000,1785153451223638000,1785153451223641000,1785153451223641000,1785153451223641000,121932490,121652369,-192.121,0.000,0.000,1.000,3.000,0.000,0.000,8.000,0,0,0
B3_zmq_pushpull,zmq_tcp,none,none,,1,14764,512,584,1785153451224551000,1785153451224551000,1785153451224551000,1785153451224552000,1785153451224624000,1785153451224626000,1785153451224626000,1785153451224626000,121932490,121652369,-208.121,0.000,0.000,1.000,2.000,0.000,0.000,16.000,0,0,0
B3_zmq_pushpull,zmq_tcp,none,none,,1,14765,512,584,1785153451225551000,1785153451225552000,1785153451225552000,1785153451225553000,1785153451225627000,1785153451225629000,1785153451225629000,1785153451225629000,121932490,121652369,-206.121,1.000,0.000,1.000,2.000,0.000,0.000,2.000,0,0,0
B3_zmq_pushpull,zmq_tcp,none,none,,1,14766,512,584,1785153451226551000,1785153451226551000,1785153451226551000,1785153451226552000,1785153451226608000,1785153451226612000,1785153451226612000,1785153451226612000,121932490,121652369,-224.121,0.000,0.000,1.000,4.000,0.000,0.000,18.000,0,0,0
B3_zmq_pushpull,zmq_tcp,none,none,,1,14767,512,584,1785153451227549000,1785153451227549000,1785153451227549000,1785153451227550000,1785153451227720000,1785153451227722000,1785153451227722000,1785153451227722000,121932490,121652369,-110.121,0.000,0.000,1.000,2.000,0.000,0.000,114.000,0,0,0
B3_zmq_pushpull,zmq_tcp,none,none,,1,14768,512,584,1785153451228552000,1785153451228552000,1785153451228552000,1785153451228553000,1785153451228708000,1785153451228710000,1785153451228710000,1785153451228710000,121932490,121652369,-125.121,0.000,0.000,1.000,2.000,0.000,0.000,15.000,0,0,0
B3_zmq_pushpull,zmq_tcp,none,none,,1,14769,512,584,1785153451229551000,1785153451229551000,1785153451229551000,1785153451229552000,1785153451229704000,1785153451229706000,1785153451229706000,1785153451229706000,121932490,121652369,-128.121,0.000,0.000,1.000,2.000,0.000,0.000,3.000,0,0,0
B3_zmq_pushpull,zmq_tcp,none,none,,1,14770,512,584,1785153451230551000,1785153451230551000,1785153451230551000,1785153451230552000,1785153451230698000,1785153451230701000,1785153451230701000,1785153451230701000,121932490,121652369,-134.121,0.000,0.000,1.000,3.000,0.000,0.000,6.000,0,0,0
B3_zmq_pushpull,zmq_tcp,none,none,,1,14771,512,584,1785153451231551000,1785153451231551000,1785153451231551000,1785153451231552000,1785153451231686000,1785153451231689000,1785153451231689000,1785153451231689000,121932490,121652369,-146.121,0.000,0.000,1.000,3.000,0.000,0.000,12.000,0,0,0
B3_zmq_pushpull,zmq_tcp,none,none,,1,14772,512,584,1785153451232551000,1785153451232551000,1785153451232551000,1785153451232552000,1785153451232668000,1785153451232671000,1785153451232671000,1785153451232671000,121932490,121652369,-164.121,0.000,0.000,1.000,3.000,0.000,0.000,18.000,0,0,0
B3_zmq_pushpull,zmq_tcp,none,none,,1,14773,512,584,1785153451233551000,1785153451233551000,1785153451233551000,1785153451233552000,1785153451233642000,1785153451233645000,1785153451233645000,1785153451233645000,121932490,121652369,-190.121,0.000,0.000,1.000,3.000,0.000,0.000,26.000,0,0,0
B3_zmq_pushpull,zmq_tcp,none,none,,1,14774,512,584,1785153451234551000,1785153451234551000,1785153451234551000,1785153451234552000,1785153451234633000,1785153451234636000,1785153451234636000,1785153451234636000,121932490,121652369,-199.121,0.000,0.000,1.000,3.000,0.000,0.000,9.000,0,0,0
B3_zmq_pushpull,zmq_tcp,none,none,,1,14775,512,584,1785153451235549000,1785153451235549000,1785153451235549000,1785153451235550000,1785153451235608000,1785153451235611000,1785153451235611000,1785153451235611000,121932490,121652369,-222.121,0.000,0.000,1.000,3.000,0.000,0.000,23.000,0,0,0
B3_zmq_pushpull,zmq_tcp,none,none,,1,14776,512,584,1785153451236552000,1785153451236552000,1785153451236552000,1785153451236553000,1785153451236611000,1785153451236613000,1785153451236613000,1785153451236613000,121932490,121652369,-222.121,0.000,0.000,1.000,2.000,0.000,0.000,0.000,0,0,0
B3_zmq_pushpull,zmq_tcp,none,none,,1,14777,512,584,1785153451237553000,1785153451237554000,1785153451237554000,1785153451237555000,1785153451237762000,1785153451237765000,1785153451237765000,1785153451237766000,121932490,121652369,-73.121,1.000,0.000,1.000,3.000,0.000,1.000,149.000,0,0,0
B3_zmq_pushpull,zmq_tcp,none,none,,1,14778,512,584,1785153451238547000,1785153451238547000,1785153451238547000,1785153451238548000,1785153451238603000,1785153451238606000,1785153451238606000,1785153451238606000,121932490,121652369,-225.121,0.000,0.000,1.000,3.000,0.000,0.000,152.000,0,0,0
B3_zmq_pushpull,zmq_tcp,none,none,,1,14779,512,584,1785153451239553000,1785153451239553000,1785153451239554000,1785153451239554000,1785153451239714000,1785153451239717000,1785153451239717000,1785153451239717000,121932490,121652369,-120.121,0.000,1.000,0.000,3.000,0.000,0.000,105.000,0,0,0
B3_zmq_pushpull,zmq_tcp,none,none,,1,14780,512,584,1785153451240552000,1785153451240552000,1785153451240552000,1785153451240553000,1785153451240663000,1785153451240666000,1785153451240666000,1785153451240666000,121932490,121652369,-170.121,0.000,0.000,1.000,3.000,0.000,0.000,50.000,0,0,0
B3_zmq_pushpull,zmq_tcp,none,none,,1,14781,512,584,1785153451241551000,1785153451241551000,1785153451241551000,1785153451241552000,1785153451241638000,1785153451241641000,1785153451241641000,1785153451241641000,121932490,121652369,-194.121,0.000,0.000,1.000,3.000,0.000,0.000,24.000,0,0,0
B3_zmq_pushpull,zmq_tcp,none,none,,1,14782,512,584,1785153451242548000,1785153451242548000,1785153451242548000,1785153451242549000,1785153451242612000,1785153451242615000,1785153451242615000,1785153451242615000,121932490,121652369,-217.121,0.000,0.000,1.000,3.000,0.000,0.000,23.000,0,0,0
B3_zmq_pushpull,zmq_tcp,none,none,,1,14783,512,584,1785153451243555000,1785153451243555000,1785153451243555000,1785153451243556000,1785153451243744000,1785153451243746000,1785153451243746000,1785153451243746000,121932490,121652369,-92.121,0.000,0.000,1.000,2.000,0.000,0.000,125.000,0,0,0
B3_zmq_pushpull,zmq_tcp,none,none,,1,14784,512,584,1785153451244549000,1785153451244550000,1785153451244550000,1785153451244551000,1785153451244718000,1785153451244721000,1785153451244721000,1785153451244721000,121932490,121652369,-113.121,1.000,0.000,1.000,3.000,0.000,0.000,21.000,0,0,0
B3_zmq_pushpull,zmq_tcp,none,none,,1,14785,512,584,1785153451245551000,1785153451245551000,1785153451245552000,1785153451245552000,1785153451245702000,1785153451245705000,1785153451245705000,1785153451245705000,121932490,121652369,-130.121,0.000,1.000,0.000,3.000,0.000,0.000,17.000,0,0,0
B3_zmq_pushpull,zmq_tcp,none,none,,1,14786,512,584,1785153451246551000,1785153451246551000,1785153451246551000,1785153451246552000,1785153451246682000,1785153451246685000,1785153451246685000,1785153451246685000,121932490,121652369,-150.121,0.000,0.000,1.000,3.000,0.000,0.000,20.000,0,0,0
B3_zmq_pushpull,zmq_tcp,none,none,,1,14787,512,584,1785153451247551000,1785153451247551000,1785153451247551000,1785153451247552000,1785153451247649000,1785153451247652000,1785153451247652000,1785153451247652000,121932490,121652369,-183.121,0.000,0.000,1.000,3.000,0.000,0.000,33.000,0,0,0
B3_zmq_pushpull,zmq_tcp,none,none,,1,14788,512,584,1785153451248551000,1785153451248551000,1785153451248551000,1785153451248552000,1785153451248616000,1785153451248618000,1785153451248618000,1785153451248618000,121932490,121652369,-216.121,0.000,0.000,1.000,2.000,0.000,0.000,33.000,0,0,0
B3_zmq_pushpull,zmq_tcp,none,none,,1,14789,512,584,1785153451249553000,1785153451249554000,1785153451249554000,1785153451249555000,1785153451249612000,1785153451249615000,1785153451249615000,1785153451249615000,121932490,121652369,-223.121,1.000,0.000,1.000,3.000,0.000,0.000,7.000,0,0,0
B3_zmq_pushpull,zmq_tcp,none,none,,1,14790,512,584,1785153451250552000,1785153451250552000,1785153451250552000,1785153451250553000,1785153451250746000,1785153451250749000,1785153451250749000,1785153451250749000,121932490,121652369,-87.121,0.000,0.000,1.000,3.000,0.000,0.000,136.000,0,0,0
B3_zmq_pushpull,zmq_tcp,none,none,,1,14791,512,584,1785153451251553000,1785153451251553000,1785153451251553000,1785153451251554000,1785153451251744000,1785153451251748000,1785153451251748000,1785153451251748000,121932490,121652369,-90.121,0.000,0.000,1.000,4.000,0.000,0.000,3.000,0,0,0
B3_zmq_pushpull,zmq_tcp,none,none,,1,14792,512,584,1785153451252551000,1785153451252551000,1785153451252551000,1785153451252552000,1785153451252730000,1785153451252733000,1785153451252733000,1785153451252733000,121932490,121652369,-102.121,0.000,0.000,1.000,3.000,0.000,0.000,12.000,0,0,0
B3_zmq_pushpull,zmq_tcp,none,none,,1,14793,512,584,1785153451253551000,1785153451253551000,1785153451253551000,1785153451253552000,1785153451253710000,1785153451253713000,1785153451253713000,1785153451253713000,121932490,121652369,-122.121,0.000,0.000,1.000,3.000,0.000,0.000,20.000,0,0,0
B3_zmq_pushpull,zmq_tcp,none,none,,1,14794,512,584,1785153451254548000,1785153451254549000,1785153451254549000,1785153451254550000,1785153451254691000,1785153451254694000,1785153451254694000,1785153451254694000,121932490,121652369,-139.121,1.000,0.000,1.000,3.000,0.000,0.000,17.000,0,0,0
B3_zmq_pushpull,zmq_tcp,none,none,,1,14795,512,584,1785153451255553000,1785153451255553000,1785153451255553000,1785153451255554000,1785153451255689000,1785153451255698000,1785153451255698000,1785153451255698000,121932490,121652369,-145.121,0.000,0.000,1.000,9.000,0.000,0.000,6.000,0,0,0
B3_zmq_pushpull,zmq_tcp,none,none,,1,14796,512,584,1785153451256551000,1785153451256551000,1785153451256551000,1785153451256552000,1785153451256675000,1785153451256678000,1785153451256678000,1785153451256678000,121932490,121652369,-157.121,0.000,0.000,1.000,3.000,0.000,0.000,12.000,0,0,0
B3_zmq_pushpull,zmq_tcp,none,none,,1,14797,512,584,1785153451257553000,1785153451257554000,1785153451257554000,1785153451257555000,1785153451257651000,1785153451257654000,1785153451257654000,1785153451257654000,121932490,121652369,-184.121,1.000,0.000,1.000,3.000,0.000,0.000,27.000,0,0,0
B3_zmq_pushpull,zmq_tcp,none,none,,1,14798,512,584,1785153451258547000,1785153451258547000,1785153451258547000,1785153451258548000,1785153451258632000,1785153451258635000,1785153451258635000,1785153451258635000,121932490,121652369,-196.121,0.000,0.000,1.000,3.000,0.000,0.000,12.000,0,0,0
B3_zmq_pushpull,zmq_tcp,none,none,,1,14799,512,584,1785153451259555000,1785153451259555000,1785153451259555000,1785153451259556000,1785153451259628000,1785153451259631000,1785153451259631000,1785153451259631000,121932490,121652369,-208.121,0.000,0.000,1.000,3.000,0.000,0.000,12.000,0,0,0
B3_zmq_pushpull,zmq_tcp,none,none,,1,14800,512,584,1785153451260552000,1785153451260552000,1785153451260552000,1785153451260554000,1785153451260740000,1785153451260744000,1785153451260744000,1785153451260744000,121932490,121652369,-94.121,0.000,0.000,2.000,4.000,0.000,0.000,114.000,0,0,0
B3_zmq_pushpull,zmq_tcp,none,none,,1,14801,512,584,1785153451261556000,1785153451261556000,1785153451261556000,1785153451261557000,1785153451261617000,1785153451261621000,1785153451261621000,1785153451261621000,121932490,121652369,-220.121,0.000,0.000,1.000,4.000,0.000,0.000,126.000,0,0,0
B3_zmq_pushpull,zmq_tcp,none,none,,1,14802,512,584,1785153451262552000,1785153451262552000,1785153451262552000,1785153451262553000,1785153451262612000,1785153451262615000,1785153451262615000,1785153451262615000,121932490,121652369,-221.121,0.000,0.000,1.000,3.000,0.000,0.000,1.000,0,0,0
B3_zmq_pushpull,zmq_tcp,none,none,,1,14803,512,584,1785153451263555000,1785153451263555000,1785153451263555000,1785153451263556000,1785153451263603000,1785153451263607000,1785153451263607000,1785153451263607000,121932490,121652369,-233.121,0.000,0.000,1.000,4.000,0.000,0.000,12.000,0,0,0
B3_zmq_pushpull,zmq_tcp,none,none,,1,14804,512,584,1785153451264553000,1785153451264553000,1785153451264553000,1785153451264554000,1785153451264723000,1785153451264725000,1785153451264725000,1785153451264725000,121932490,121652369,-111.121,0.000,0.000,1.000,2.000,0.000,0.000,122.000,0,0,0
B3_zmq_pushpull,zmq_tcp,none,none,,1,14805,512,584,1785153451265551000,1785153451265551000,1785153451265551000,1785153451265552000,1785153451265704000,1785153451265706000,1785153451265707000,1785153451265707000,121932490,121652369,-128.121,0.000,0.000,1.000,2.000,1.000,0.000,17.000,0,0,0
B3_zmq_pushpull,zmq_tcp,none,none,,1,14806,512,584,1785153451266550000,1785153451266550000,1785153451266550000,1785153451266551000,1785153451266687000,1785153451266689000,1785153451266689000,1785153451266689000,121932490,121652369,-144.121,0.000,0.000,1.000,2.000,0.000,0.000,16.000,0,0,0
B3_zmq_pushpull,zmq_tcp,none,none,,1,14807,512,584,1785153451267551000,1785153451267551000,1785153451267551000,1785153451267552000,1785153451267680000,1785153451267683000,1785153451267683000,1785153451267683000,121932490,121652369,-152.121,0.000,0.000,1.000,3.000,0.000,0.000,8.000,0,0,0
B3_zmq_pushpull,zmq_tcp,none,none,,1,14808,512,584,1785153451268551000,1785153451268551000,1785153451268551000,1785153451268552000,1785153451268649000,1785153451268652000,1785153451268652000,1785153451268652000,121932490,121652369,-183.121,0.000,0.000,1.000,3.000,0.000,0.000,31.000,0,0,0
B3_zmq_pushpull,zmq_tcp,none,none,,1,14809,512,584,1785153451269552000,1785153451269552000,1785153451269552000,1785153451269553000,1785153451269629000,1785153451269632000,1785153451269632000,1785153451269632000,121932490,121652369,-204.121,0.000,0.000,1.000,3.000,0.000,0.000,21.000,0,0,0
B3_zmq_pushpull,zmq_tcp,none,none,,1,14810,512,584,1785153451270554000,1785153451270554000,1785153451270554000,1785153451270555000,1785153451270624000,1785153451270628000,1785153451270628000,1785153451270628000,121932490,121652369,-211.121,0.000,0.000,1.000,4.000,0.000,0.000,7.000,0,0,0
B3_zmq_pushpull,zmq_tcp,none,none,,1,14811,512,584,1785153451271553000,1785153451271553000,1785153451271553000,1785153451271554000,1785153451271615000,1785153451271617000,1785153451271617000,1785153451271617000,121932490,121652369,-219.121,0.000,0.000,1.000,2.000,0.000,0.000,8.000,0,0,0
B3_zmq_pushpull,zmq_tcp,none,none,,1,14812,512,584,1785153451272554000,1785153451272554000,1785153451272554000,1785153451272555000,1785153451272618000,1785153451272621000,1785153451272621000,1785153451272621000,121932490,121652369,-217.121,0.000,0.000,1.000,3.000,0.000,0.000,2.000,0,0,0
B3_zmq_pushpull,zmq_tcp,none,none,,1,14813,512,584,1785153451273550000,1785153451273550000,1785153451273550000,1785153451273551000,1785153451273620000,1785153451273623000,1785153451273623000,1785153451273623000,121932490,121652369,-211.121,0.000,0.000,1.000,3.000,0.000,0.000,6.000,0,0,0
B3_zmq_pushpull,zmq_tcp,none,none,,1,14814,512,584,1785153451274551000,1785153451274551000,1785153451274551000,1785153451274552000,1785153451274616000,1785153451274619000,1785153451274619000,1785153451274619000,121932490,121652369,-216.121,0.000,0.000,1.000,3.000,0.000,0.000,5.000,0,0,0
B3_zmq_pushpull,zmq_tcp,none,none,,1,14815,512,584,1785153451275551000,1785153451275551000,1785153451275551000,1785153451275552000,1785153451275716000,1785153451275718000,1785153451275718000,1785153451275719000,121932490,121652369,-116.121,0.000,0.000,1.000,2.000,0.000,1.000,100.000,0,0,0
B3_zmq_pushpull,zmq_tcp,none,none,,1,14816,512,584,1785153451276551000,1785153451276551000,1785153451276551000,1785153451276552000,1785153451276696000,1785153451276699000,1785153451276699000,1785153451276699000,121932490,121652369,-136.121,0.000,0.000,1.000,3.000,0.000,0.000,20.000,0,0,0
B3_zmq_pushpull,zmq_tcp,none,none,,1,14817,512,584,1785153451277548000,1785153451277548000,1785153451277548000,1785153451277549000,1785153451277668000,1785153451277670000,1785153451277671000,1785153451277671000,121932490,121652369,-161.121,0.000,0.000,1.000,2.000,1.000,0.000,25.000,0,0,0
B3_zmq_pushpull,zmq_tcp,none,none,,1,14818,512,584,1785153451278554000,1785153451278554000,1785153451278554000,1785153451278555000,1785153451278656000,1785153451278658000,1785153451278659000,1785153451278659000,121932490,121652369,-179.121,0.000,0.000,1.000,2.000,1.000,0.000,18.000,0,0,0
B3_zmq_pushpull,zmq_tcp,none,none,,1,14819,512,584,1785153451279550000,1785153451279550000,1785153451279550000,1785153451279551000,1785153451279637000,1785153451279640000,1785153451279640000,1785153451279640000,121932490,121652369,-194.121,0.000,0.000,1.000,3.000,0.000,0.000,15.000,0,0,0
B3_zmq_pushpull,zmq_tcp,none,none,,1,14820,512,584,1785153451280554000,1785153451280555000,1785153451280555000,1785153451280556000,1785153451280614000,1785153451280617000,1785153451280617000,1785153451280617000,121932490,121652369,-222.121,1.000,0.000,1.000,3.000,0.000,0.000,28.000,0,0,0
B3_zmq_pushpull,zmq_tcp,none,none,,1,14821,512,584,1785153451281466000,1785153451281466000,1785153451281466000,1785153451281467000,1785153451281619000,1785153451281623000,1785153451281623000,1785153451281623000,121932490,121652369,-128.121,0.000,0.000,1.000,4.000,0.000,0.000,94.000,0,0,0
B3_zmq_pushpull,zmq_tcp,none,none,,1,14822,512,584,1785153451282462000,1785153451282462000,1785153451282462000,1785153451282463000,1785153451282615000,1785153451282617000,1785153451282617000,1785153451282617000,121932490,121652369,-128.121,0.000,0.000,1.000,2.000,0.000,0.000,0.000,0,0,0
B3_zmq_pushpull,zmq_tcp,none,none,,1,14823,512,584,1785153451283455000,1785153451283455000,1785153451283455000,1785153451283456000,1785153451283599000,1785153451283602000,1785153451283602000,1785153451283602000,121932490,121652369,-137.121,0.000,0.000,1.000,3.000,0.000,0.000,9.000,0,0,0
B3_zmq_pushpull,zmq_tcp,none,none,,1,14824,512,584,1785153451284575000,1785153451284575000,1785153451284575000,1785153451284576000,1785153451284724000,1785153451284727000,1785153451284727000,1785153451284727000,121932490,121652369,-132.121,0.000,0.000,1.000,3.000,0.000,0.000,5.000,0,0,0
B3_zmq_pushpull,zmq_tcp,none,none,,1,14825,512,584,1785153451285545000,1785153451285545000,1785153451285545000,1785153451285546000,1785153451285691000,1785153451285693000,1785153451285693000,1785153451285693000,121932490,121652369,-135.121,0.000,0.000,1.000,2.000,0.000,0.000,3.000,0,0,0
B3_zmq_pushpull,zmq_tcp,none,none,,1,14826,512,584,1785153451286555000,1785153451286555000,1785153451286555000,1785153451286556000,1785153451286681000,1785153451286684000,1785153451286684000,1785153451286684000,121932490,121652369,-155.121,0.000,0.000,1.000,3.000,0.000,0.000,20.000,0,0,0
B3_zmq_pushpull,zmq_tcp,none,none,,1,14827,512,584,1785153451287550000,1785153451287550000,1785153451287550000,1785153451287551000,1785153451287673000,1785153451287676000,1785153451287676000,1785153451287676000,121932490,121652369,-158.121,0.000,0.000,1.000,3.000,0.000,0.000,3.000,0,0,0
B3_zmq_pushpull,zmq_tcp,none,none,,1,14828,512,584,1785153451288552000,1785153451288552000,1785153451288552000,1785153451288553000,1785153451288669000,1785153451288671000,1785153451288671000,1785153451288671000,121932490,121652369,-164.121,0.000,0.000,1.000,2.000,0.000,0.000,6.000,0,0,0
B3_zmq_pushpull,zmq_tcp,none,none,,1,14829,512,584,1785153451289548000,1785153451289548000,1785153451289549000,1785153451289549000,1785153451289617000,1785153451289620000,1785153451289620000,1785153451289620000,121932490,121652369,-212.121,0.000,1.000,0.000,3.000,0.000,0.000,48.000,0,0,0
B3_zmq_pushpull,zmq_tcp,none,none,,1,14830,512,584,1785153451290554000,1785153451290554000,1785153451290554000,1785153451290555000,1785153451290618000,1785153451290624000,1785153451290624000,1785153451290624000,121932490,121652369,-217.121,0.000,0.000,1.000,6.000,0.000,0.000,5.000,0,0,0
B3_zmq_pushpull,zmq_tcp,none,none,,1,14831,512,584,1785153451291462000,1785153451291462000,1785153451291462000,1785153451291463000,1785153451291620000,1785153451291624000,1785153451291624000,1785153451291624000,121932490,121652369,-123.121,0.000,0.000,1.000,4.000,0.000,0.000,94.000,0,0,0
B3_zmq_pushpull,zmq_tcp,none,none,,1,14832,512,584,1785153451292461000,1785153451292461000,1785153451292461000,1785153451292462000,1785153451292619000,1785153451292623000,1785153451292623000,1785153451292623000,121932490,121652369,-123.121,0.000,0.000,1.000,4.000,0.000,0.000,0.000,0,0,0
B3_zmq_pushpull,zmq_tcp,none,none,,1,14833,512,584,1785153451293462000,1785153451293462000,1785153451293462000,1785153451293463000,1785153451293623000,1785153451293625000,1785153451293625000,1785153451293625000,121932490,121652369,-120.121,0.000,0.000,1.000,2.000,0.000,0.000,3.000,0,0,0
B3_zmq_pushpull,zmq_tcp,none,none,,1,14834,512,584,1785153451294576000,1785153451294576000,1785153451294576000,1785153451294577000,1785153451294751000,1785153451294754000,1785153451294754000,1785153451294754000,121932490,121652369,-106.121,0.000,0.000,1.000,3.000,0.000,0.000,14.000,0,0,0
B3_zmq_pushpull,zmq_tcp,none,none,,1,14835,512,584,1785153451295546000,1785153451295546000,1785153451295546000,1785153451295547000,1785153451295732000,1785153451295735000,1785153451295735000,1785153451295735000,121932490,121652369,-95.121,0.000,0.000,1.000,3.000,0.000,0.000,11.000,0,0,0
B3_zmq_pushpull,zmq_tcp,none,none,,1,14836,512,584,1785153451296422000,1785153451296422000,1785153451296422000,1785153451296423000,1785153451296576000,1785153451296579000,1785153451296579000,1785153451296579000,121932490,121652369,-127.121,0.000,0.000,1.000,3.000,0.000,0.000,32.000,0,0,0
B3_zmq_pushpull,zmq_tcp,none,none,,1,14837,512,584,1785153451297410000,1785153451297410000,1785153451297410000,1785153451297411000,1785153451297563000,1785153451297565000,1785153451297565000,1785153451297565000,121932490,121652369,-128.121,0.000,0.000,1.000,2.000,0.000,0.000,1.000,0,0,0
B3_zmq_pushpull,zmq_tcp,none,none,,1,14838,512,584,1785153451298409000,1785153451298409000,1785153451298409000,1785153451298410000,1785153451298569000,1785153451298572000,1785153451298572000,1785153451298572000,121932490,121652369,-121.121,0.000,0.000,1.000,3.000,0.000,0.000,7.000,0,0,0
B3_zmq_pushpull,zmq_tcp,none,none,,1,14839,512,584,1785153451299587000,1785153451299587000,1785153451299587000,1785153451299588000,1785153451299693000,1785153451299696000,1785153451299696000,1785153451299696000,121932490,121652369,-175.121,0.000,0.000,1.000,3.000,0.000,0.000,54.000,0,0,0
B3_zmq_pushpull,zmq_tcp,none,none,,1,14840,512,584,1785153451300546000,1785153451300546000,1785153451300546000,1785153451300547000,1785153451300705000,1785153451300708000,1785153451300708000,1785153451300708000,121932490,121652369,-122.121,0.000,0.000,1.000,3.000,0.000,0.000,53.000,0,0,0
B3_zmq_pushpull,zmq_tcp,none,none,,1,14841,512,584,1785153451301553000,1785153451301553000,1785153451301553000,1785153451301554000,1785153451301709000,1785153451301714000,1785153451301714000,1785153451301714000,121932490,121652369,-125.121,0.000,0.000,1.000,5.000,0.000,0.000,3.000,0,0,0
B3_zmq_pushpull,zmq_tcp,none,none,,1,14842,512,584,1785153451302402000,1785153451302402000,1785153451302402000,1785153451302403000,1785153451302544000,1785153451302547000,1785153451302547000,1785153451302547000,121932490,121652369,-139.121,0.000,0.000,1.000,3.000,0.000,0.000,14.000,0,0,0
B3_zmq_pushpull,zmq_tcp,none,none,,1,14843,512,584,1785153451303379000,1785153451303380000,1785153451303380000,1785153451303381000,1785153451303531000,1785153451303533000,1785153451303533000,1785153451303533000,121932490,121652369,-130.121,1.000,0.000,1.000,2.000,0.000,0.000,9.000,0,0,0
B3_zmq_pushpull,zmq_tcp,none,none,,1,14844,512,584,1785153451304591000,1785153451304591000,1785153451304591000,1785153451304593000,1785153451304777000,1785153451304780000,1785153451304780000,1785153451304780000,121932490,121652369,-96.121,0.000,0.000,2.000,3.000,0.000,0.000,34.000,0,0,0
B3_zmq_pushpull,zmq_tcp,none,none,,1,14845,512,584,1785153451305546000,1785153451305546000,1785153451305546000,1785153451305547000,1785153451305629000,1785153451305632000,1785153451305632000,1785153451305632000,121932490,121652369,-198.121,0.000,0.000,1.000,3.000,0.000,0.000,102.000,0,0,0
B3_zmq_pushpull,zmq_tcp,none,none,,1,14846,512,584,1785153451306552000,1785153451306552000,1785153451306553000,1785153451306553000,1785153451306634000,1785153451306637000,1785153451306637000,1785153451306637000,121932490,121652369,-199.121,0.000,1.000,0.000,3.000,0.000,0.000,1.000,0,0,0
B3_zmq_pushpull,zmq_tcp,none,none,,1,14847,512,584,1785153451307448000,1785153451307448000,1785153451307448000,1785153451307449000,1785153451307632000,1785153451307635000,1785153451307635000,1785153451307635000,121932490,121652369,-97.121,0.000,0.000,1.000,3.000,0.000,0.000,102.000,0,0,0
B3_zmq_pushpull,zmq_tcp,none,none,,1,14848,512,584,1785153451308582000,1785153451308582000,1785153451308582000,1785153451308583000,1785153451308767000,1785153451308770000,1785153451308770000,1785153451308770000,121932490,121652369,-96.121,0.000,0.000,1.000,3.000,0.000,0.000,1.000,0,0,0
B3_zmq_pushpull,zmq_tcp,none,none,,1,14849,512,584,1785153451309547000,1785153451309547000,1785153451309547000,1785153451309549000,1785153451309612000,1785153451309615000,1785153451309615000,1785153451309615000,121932490,121652369,-217.121,0.000,0.000,2.000,3.000,0.000,0.000,121.000,0,0,0
B3_zmq_pushpull,zmq_tcp,none,none,,1,14850,512,584,1785153451310444000,1785153451310445000,1785153451310445000,1785153451310446000,1785153451310600000,1785153451310603000,1785153451310603000,1785153451310603000,121932490,121652369,-126.121,1.000,0.000,1.000,3.000,0.000,0.000,91.000,0,0,0
B3_zmq_pushpull,zmq_tcp,none,none,,1,14851,512,584,1785153451311449000,1785153451311449000,1785153451311449000,1785153451311450000,1785153451311609000,1785153451311612000,1785153451311612000,1785153451311612000,121932490,121652369,-121.121,0.000,0.000,1.000,3.000,0.000,0.000,5.000,0,0,0
B3_zmq_pushpull,zmq_tcp,none,none,,1,14852,512,584,1785153451312431000,1785153451312432000,1785153451312432000,1785153451312433000,1785153451312586000,1785153451312588000,1785153451312588000,1785153451312588000,121932490,121652369,-127.121,1.000,0.000,1.000,2.000,0.000,0.000,6.000,0,0,0
B3_zmq_pushpull,zmq_tcp,none,none,,1,14853,512,584,1785153451313409000,1785153451313409000,1785153451313409000,1785153451313410000,1785153451313567000,1785153451313569000,1785153451313569000,1785153451313569000,121932490,121652369,-123.121,0.000,0.000,1.000,2.000,0.000,0.000,4.000,0,0,0
B3_zmq_pushpull,zmq_tcp,none,none,,1,14854,512,584,1785153451314587000,1785153451314587000,1785153451314587000,1785153451314588000,1785153451314697000,1785153451314700000,1785153451314700000,1785153451314700000,121932490,121652369,-171.121,0.000,0.000,1.000,3.000,0.000,0.000,48.000,0,0,0
B3_zmq_pushpull,zmq_tcp,none,none,,1,14855,512,584,1785153451315546000,1785153451315546000,1785153451315546000,1785153451315547000,1785153451315657000,1785153451315660000,1785153451315660000,1785153451315660000,121932490,121652369,-170.121,0.000,0.000,1.000,3.000,0.000,0.000,1.000,0,0,0
B3_zmq_pushpull,zmq_tcp,none,none,,1,14856,512,584,1785153451316552000,1785153451316553000,1785153451316553000,1785153451316554000,1785153451316626000,1785153451316629000,1785153451316629000,1785153451316629000,121932490,121652369,-208.121,1.000,0.000,1.000,3.000,0.000,0.000,38.000,0,0,0
B3_zmq_pushpull,zmq_tcp,none,none,,1,14857,512,584,1785153451317551000,1785153451317551000,1785153451317551000,1785153451317553000,1785153451317617000,1785153451317620000,1785153451317620000,1785153451317620000,121932490,121652369,-216.121,0.000,0.000,2.000,3.000,0.000,0.000,8.000,0,0,0
B3_zmq_pushpull,zmq_tcp,none,none,,1,14858,512,584,1785153451318551000,1785153451318551000,1785153451318551000,1785153451318552000,1785153451318745000,1785153451318748000,1785153451318748000,1785153451318748000,121932490,121652369,-87.121,0.000,0.000,1.000,3.000,0.000,0.000,129.000,0,0,0
B3_zmq_pushpull,zmq_tcp,none,none,,1,14859,512,584,1785153451319446000,1785153451319446000,1785153451319446000,1785153451319447000,1785153451319605000,1785153451319608000,1785153451319608000,1785153451319608000,121932490,121652369,-122.121,0.000,0.000,1.000,3.000,0.000,0.000,35.000,0,0,0
B3_zmq_pushpull,zmq_tcp,none,none,,1,14860,512,584,1785153451320578000,1785153451320578000,1785153451320578000,1785153451320579000,1785153451320709000,1785153451320711000,1785153451320711000,1785153451320711000,121932490,121652369,-150.121,0.000,0.000,1.000,2.000,0.000,0.000,28.000,0,0,0
B3_zmq_pushpull,zmq_tcp,none,none,,1,14861,512,584,1785153451321547000,1785153451321547000,1785153451321547000,1785153451321548000,1785153451321699000,1785153451321701000,1785153451321702000,1785153451321702000,121932490,121652369,-129.121,0.000,0.000,1.000,2.000,1.000,0.000,21.000,0,0,0
B3_zmq_pushpull,zmq_tcp,none,none,,1,14862,512,584,1785153451322396000,1785153451322396000,1785153451322397000,1785153451322397000,1785153451322543000,1785153451322546000,1785153451322546000,1785153451322546000,121932490,121652369,-134.121,0.000,1.000,0.000,3.000,0.000,0.000,5.000,0,0,0
B3_zmq_pushpull,zmq_tcp,none,none,,1,14863,512,584,1785153451323587000,1785153451323587000,1785153451323587000,1785153451323589000,1785153451323651000,1785153451323654000,1785153451323654000,1785153451323654000,121932490,121652369,-218.121,0.000,0.000,2.000,3.000,0.000,0.000,84.000,0,0,0
B3_zmq_pushpull,zmq_tcp,none,none,,1,14864,512,584,1785153451324543000,1785153451324543000,1785153451324543000,1785153451324544000,1785153451324635000,1785153451324638000,1785153451324638000,1785153451324638000,121932490,121652369,-189.121,0.000,0.000,1.000,3.000,0.000,0.000,29.000,0,0,0
B3_zmq_pushpull,zmq_tcp,none,none,,1,14865,512,584,1785153451325554000,1785153451325554000,1785153451325554000,1785153451325555000,1785153451325599000,1785153451325602000,1785153451325602000,1785153451325602000,121932490,121652369,-236.121,0.000,0.000,1.000,3.000,0.000,0.000,47.000,0,0,0
B3_zmq_pushpull,zmq_tcp,none,none,,1,14866,512,584,1785153451326548000,1785153451326549000,1785153451326549000,1785153451326550000,1785153451326592000,1785153451326595000,1785153451326595000,1785153451326595000,121932490,121652369,-238.121,1.000,0.000,1.000,3.000,0.000,0.000,2.000,0,0,0
B3_zmq_pushpull,zmq_tcp,none,none,,1,14867,512,584,1785153451327555000,1785153451327555000,1785153451327555000,1785153451327556000,1785153451327700000,1785153451327703000,1785153451327703000,1785153451327703000,121932490,121652369,-136.121,0.000,0.000,1.000,3.000,0.000,0.000,102.000,0,0,0
B3_zmq_pushpull,zmq_tcp,none,none,,1,14868,512,584,1785153451328384000,1785153451328384000,1785153451328384000,1785153451328385000,1785153451328544000,1785153451328547000,1785153451328547000,1785153451328547000,121932490,121652369,-121.121,0.000,0.000,1.000,3.000,0.000,0.000,15.000,0,0,0
B3_zmq_pushpull,zmq_tcp,none,none,,1,14869,512,584,1785153451329592000,1785153451329593000,1785153451329593000,1785153451329594000,1785153451329667000,1785153451329670000,1785153451329670000,1785153451329670000,121932490,121652369,-207.121,1.000,0.000,1.000,3.000,0.000,0.000,86.000,0,0,0
B3_zmq_pushpull,zmq_tcp,none,none,,1,14870,512,584,1785153451330538000,1785153451330538000,1785153451330538000,1785153451330539000,1785153451330644000,1785153451330647000,1785153451330647000,1785153451330647000,121932490,121652369,-175.121,0.000,0.000,1.000,3.000,0.000,0.000,32.000,0,0,0
B3_zmq_pushpull,zmq_tcp,none,none,,1,14871,512,584,1785153451331467000,1785153451331467000,1785153451331467000,1785153451331469000,1785153451331623000,1785153451331626000,1785153451331626000,1785153451331626000,121932490,121652369,-126.121,0.000,0.000,2.000,3.000,0.000,0.000,49.000,0,0,0
B3_zmq_pushpull,zmq_tcp,none,none,,1,14872,512,584,1785153451332573000,1785153451332573000,1785153451332573000,1785153451332574000,1785153451332760000,1785153451332763000,1785153451332763000,1785153451332763000,121932490,121652369,-94.121,0.000,0.000,1.000,3.000,0.000,0.000,32.000,0,0,0
B3_zmq_pushpull,zmq_tcp,none,none,,1,14873,512,584,1785153451333548000,1785153451333548000,1785153451333548000,1785153451333549000,1785153451333751000,1785153451333754000,1785153451333754000,1785153451333754000,121932490,121652369,-78.121,0.000,0.000,1.000,3.000,0.000,0.000,16.000,0,0,0
B3_zmq_pushpull,zmq_tcp,none,none,,1,14874,512,584,1785153451334548000,1785153451334549000,1785153451334549000,1785153451334550000,1785153451334739000,1785153451334741000,1785153451334742000,1785153451334742000,121932490,121652369,-91.121,1.000,0.000,1.000,2.000,1.000,0.000,13.000,0,0,0
B3_zmq_pushpull,zmq_tcp,none,none,,1,14875,512,584,1785153451335553000,1785153451335553000,1785153451335553000,1785153451335554000,1785153451335740000,1785153451335743000,1785153451335743000,1785153451335743000,121932490,121652369,-94.121,0.000,0.000,1.000,3.000,0.000,0.000,3.000,0,0,0
B3_zmq_pushpull,zmq_tcp,none,none,,1,14876,512,584,1785153451336552000,1785153451336552000,1785153451336552000,1785153451336553000,1785153451336727000,1785153451336730000,1785153451336730000,1785153451336730000,121932490,121652369,-106.121,0.000,0.000,1.000,3.000,0.000,0.000,12.000,0,0,0
B3_zmq_pushpull,zmq_tcp,none,none,,1,14877,512,584,1785153451337550000,1785153451337550000,1785153451337550000,1785153451337551000,1785153451337699000,1785153451337701000,1785153451337701000,1785153451337701000,121932490,121652369,-132.121,0.000,0.000,1.000,2.000,0.000,0.000,26.000,0,0,0
B3_zmq_pushpull,zmq_tcp,none,none,,1,14878,512,584,1785153451338551000,1785153451338551000,1785153451338551000,1785153451338552000,1785153451338674000,1785153451338676000,1785153451338676000,1785153451338676000,121932490,121652369,-158.121,0.000,0.000,1.000,2.000,0.000,0.000,26.000,0,0,0
B3_zmq_pushpull,zmq_tcp,none,none,,1,14879,512,584,1785153451339369000,1785153451339370000,1785153451339370000,1785153451339371000,1785153451339516000,1785153451339519000,1785153451339519000,1785153451339519000,121932490,121652369,-135.121,1.000,0.000,1.000,3.000,0.000,0.000,23.000,0,0,0
B3_zmq_pushpull,zmq_tcp,none,none,,1,14880,512,584,1785153451340599000,1785153451340599000,1785153451340599000,1785153451340600000,1785153451340766000,1785153451340768000,1785153451340768000,1785153451340768000,121932490,121652369,-114.121,0.000,0.000,1.000,2.000,0.000,0.000,21.000,0,0,0
B3_zmq_pushpull,zmq_tcp,none,none,,1,14881,512,584,1785153451341541000,1785153451341542000,1785153451341542000,1785153451341543000,1785153451341612000,1785153451341615000,1785153451341616000,1785153451341616000,121932490,121652369,-211.121,1.000,0.000,1.000,3.000,1.000,0.000,97.000,0,0,0
B3_zmq_pushpull,zmq_tcp,none,none,,1,14882,512,584,1785153451342554000,1785153451342554000,1785153451342554000,1785153451342555000,1785153451342716000,1785153451342719000,1785153451342719000,1785153451342719000,121932490,121652369,-119.121,0.000,0.000,1.000,3.000,0.000,0.000,92.000,0,0,0
B3_zmq_pushpull,zmq_tcp,none,none,,1,14883,512,584,1785153451343551000,1785153451343552000,1785153451343552000,1785153451343553000,1785153451343703000,1785153451343706000,1785153451343706000,1785153451343706000,121932490,121652369,-130.121,1.000,0.000,1.000,3.000,0.000,0.000,11.000,0,0,0
B3_zmq_pushpull,zmq_tcp,none,none,,1,14884,512,584,1785153451344390000,1785153451344390000,1785153451344391000,1785153451344391000,1785153451344542000,1785153451344544000,1785153451344544000,1785153451344544000,121932490,121652369,-129.121,0.000,1.000,0.000,2.000,0.000,0.000,1.000,0,0,0
B3_zmq_pushpull,zmq_tcp,none,none,,1,14885,512,584,1785153451345589000,1785153451345590000,1785153451345590000,1785153451345591000,1785153451345690000,1785153451345692000,1785153451345692000,1785153451345692000,121932490,121652369,-181.121,1.000,0.000,1.000,2.000,0.000,0.000,52.000,0,0,0
B3_zmq_pushpull,zmq_tcp,none,none,,1,14886,512,584,1785153451346542000,1785153451346542000,1785153451346542000,1785153451346543000,1785153451346699000,1785153451346702000,1785153451346702000,1785153451346702000,121932490,121652369,-124.121,0.000,0.000,1.000,3.000,0.000,0.000,57.000,0,0,0
B3_zmq_pushpull,zmq_tcp,none,none,,1,14887,512,584,1785153451347555000,1785153451347556000,1785153451347556000,1785153451347557000,1785153451347687000,1785153451347690000,1785153451347690000,1785153451347690000,121932490,121652369,-150.121,1.000,0.000,1.000,3.000,0.000,0.000,26.000,0,0,0
B3_zmq_pushpull,zmq_tcp,none,none,,1,14888,512,584,1785153451348550000,1785153451348550000,1785153451348550000,1785153451348551000,1785153451348680000,1785153451348683000,1785153451348683000,1785153451348683000,121932490,121652369,-151.121,0.000,0.000,1.000,3.000,0.000,0.000,1.000,0,0,0
B3_zmq_pushpull,zmq_tcp,none,none,,1,14889,512,584,1785153451349554000,1785153451349554000,1785153451349554000,1785153451349555000,1785153451349670000,1785153451349672000,1785153451349672000,1785153451349672000,121932490,121652369,-165.121,0.000,0.000,1.000,2.000,0.000,0.000,14.000,0,0,0
B3_zmq_pushpull,zmq_tcp,none,none,,1,14890,512,584,1785153451350554000,1785153451350554000,1785153451350554000,1785153451350556000,1785153451350668000,1785153451350671000,1785153451350671000,1785153451350671000,121932490,121652369,-168.121,0.000,0.000,2.000,3.000,0.000,0.000,3.000,0,0,0
B3_zmq_pushpull,zmq_tcp,none,none,,1,14891,512,584,1785153451351373000,1785153451351373000,1785153451351373000,1785153451351374000,1785153451351526000,1785153451351528000,1785153451351528000,1785153451351528000,121932490,121652369,-128.121,0.000,0.000,1.000,2.000,0.000,0.000,40.000,0,0,0
B3_zmq_pushpull,zmq_tcp,none,none,,1,14892,512,584,1785153451352362000,1785153451352362000,1785153451352362000,1785153451352363000,1785153451352514000,1785153451352516000,1785153451352516000,1785153451352516000,121932490,121652369,-129.121,0.000,0.000,1.000,2.000,0.000,0.000,1.000,0,0,0
B3_zmq_pushpull,zmq_tcp,none,none,,1,14893,512,584,1785153451353364000,1785153451353364000,1785153451353364000,1785153451353365000,1785153451353508000,1785153451353511000,1785153451353511000,1785153451353511000,121932490,121652369,-137.121,0.000,0.000,1.000,3.000,0.000,0.000,8.000,0,0,0
B3_zmq_pushpull,zmq_tcp,none,none,,1,14894,512,584,1785153451354358000,1785153451354358000,1785153451354358000,1785153451354359000,1785153451354503000,1785153451354506000,1785153451354506000,1785153451354506000,121932490,121652369,-136.121,0.000,0.000,1.000,3.000,0.000,0.000,1.000,0,0,0
B3_zmq_pushpull,zmq_tcp,none,none,,1,14895,512,584,1785153451355471000,1785153451355471000,1785153451355471000,1785153451355472000,1785153451355628000,1785153451355631000,1785153451355631000,1785153451355631000,121932490,121652369,-124.121,0.000,0.000,1.000,3.000,0.000,0.000,12.000,0,0,0
B3_zmq_pushpull,zmq_tcp,none,none,,1,14896,512,584,1785153451356571000,1785153451356571000,1785153451356571000,1785153451356572000,1785153451356756000,1785153451356759000,1785153451356759000,1785153451356759000,121932490,121652369,-96.121,0.000,0.000,1.000,3.000,0.000,0.000,28.000,0,0,0
B3_zmq_pushpull,zmq_tcp,none,none,,1,14897,512,584,1785153451357547000,1785153451357547000,1785153451357547000,1785153451357548000,1785153451357592000,1785153451357596000,1785153451357596000,1785153451357596000,121932490,121652369,-236.121,0.000,0.000,1.000,4.000,0.000,0.000,140.000,0,0,0
B3_zmq_pushpull,zmq_tcp,none,none,,1,14898,512,584,1785153451358553000,1785153451358553000,1785153451358553000,1785153451358554000,1785153451358710000,1785153451358712000,1785153451358712000,1785153451358712000,121932490,121652369,-124.121,0.000,0.000,1.000,2.000,0.000,0.000,112.000,0,0,0
B3_zmq_pushpull,zmq_tcp,none,none,,1,14899,512,584,1785153451359397000,1785153451359397000,1785153451359397000,1785153451359398000,1785153451359545000,1785153451359548000,1785153451359548000,1785153451359548000,121932490,121652369,-133.121,0.000,0.000,1.000,3.000,0.000,0.000,9.000,0,0,0
B3_zmq_pushpull,zmq_tcp,none,none,,1,14900,512,584,1785153451360591000,1785153451360592000,1785153451360592000,1785153451360593000,1785153451360674000,1785153451360676000,1785153451360676000,1785153451360676000,121932490,121652369,-199.121,1.000,0.000,1.000,2.000,0.000,0.000,66.000,0,0,0
B3_zmq_pushpull,zmq_tcp,none,none,,1,14901,512,584,1785153451361376000,1785153451361376000,1785153451361376000,1785153451361378000,1785153451361526000,1785153451361528000,1785153451361528000,1785153451361528000,121932490,121652369,-132.121,0.000,0.000,2.000,2.000,0.000,0.000,67.000,0,0,0
B3_zmq_pushpull,zmq_tcp,none,none,,1,14902,512,584,1785153451362370000,1785153451362370000,1785153451362371000,1785153451362371000,1785153451362515000,1785153451362518000,1785153451362518000,1785153451362518000,121932490,121652369,-136.121,0.000,1.000,0.000,3.000,0.000,0.000,4.000,0,0,0
B3_zmq_pushpull,zmq_tcp,none,none,,1,14903,512,584,1785153451363470000,1785153451363470000,1785153451363470000,1785153451363471000,1785153451363627000,1785153451363630000,1785153451363630000,1785153451363630000,121932490,121652369,-124.121,0.000,0.000,1.000,3.000,0.000,0.000,12.000,0,0,0
B3_zmq_pushpull,zmq_tcp,none,none,,1,14904,512,584,1785153451364449000,1785153451364449000,1785153451364449000,1785153451364450000,1785153451364600000,1785153451364603000,1785153451364603000,1785153451364603000,121932490,121652369,-130.121,0.000,0.000,1.000,3.000,0.000,0.000,6.000,0,0,0
B3_zmq_pushpull,zmq_tcp,none,none,,1,14905,512,584,1785153451365429000,1785153451365429000,1785153451365429000,1785153451365430000,1785153451365583000,1785153451365586000,1785153451365586000,1785153451365586000,121932490,121652369,-127.121,0.000,0.000,1.000,3.000,0.000,0.000,3.000,0,0,0
B3_zmq_pushpull,zmq_tcp,none,none,,1,14906,512,584,1785153451366411000,1785153451366411000,1785153451366411000,1785153451366412000,1785153451366554000,1785153451366556000,1785153451366556000,1785153451366556000,121932490,121652369,-138.121,0.000,0.000,1.000,2.000,0.000,0.000,11.000,0,0,0
B3_zmq_pushpull,zmq_tcp,none,none,,1,14907,512,584,1785153451367587000,1785153451367588000,1785153451367588000,1785153451367589000,1785153451367678000,1785153451367680000,1785153451367680000,1785153451367680000,121932490,121652369,-191.121,1.000,0.000,1.000,2.000,0.000,0.000,53.000,0,0,0
B3_zmq_pushpull,zmq_tcp,none,none,,1,14908,512,584,1785153451368543000,1785153451368543000,1785153451368544000,1785153451368544000,1785153451368675000,1785153451368678000,1785153451368678000,1785153451368678000,121932490,121652369,-149.121,0.000,1.000,0.000,3.000,0.000,0.000,42.000,0,0,0
B3_zmq_pushpull,zmq_tcp,none,none,,1,14909,512,584,1785153451369555000,1785153451369555000,1785153451369555000,1785153451369556000,1785153451369664000,1785153451369667000,1785153451369667000,1785153451369667000,121932490,121652369,-172.121,0.000,0.000,1.000,3.000,0.000,0.000,23.000,0,0,0
B3_zmq_pushpull,zmq_tcp,none,none,,1,14910,512,584,1785153451370551000,1785153451370551000,1785153451370552000,1785153451370552000,1785153451370652000,1785153451370655000,1785153451370655000,1785153451370655000,121932490,121652369,-180.121,0.000,1.000,0.000,3.000,0.000,0.000,8.000,0,0,0
B3_zmq_pushpull,zmq_tcp,none,none,,1,14911,512,584,1785153451371552000,1785153451371552000,1785153451371552000,1785153451371553000,1785153451371654000,1785153451371657000,1785153451371657000,1785153451371657000,121932490,121652369,-179.121,0.000,0.000,1.000,3.000,0.000,0.000,1.000,0,0,0
B3_zmq_pushpull,zmq_tcp,none,none,,1,14912,512,584,1785153451372356000,1785153451372356000,1785153451372356000,1785153451372357000,1785153451372518000,1785153451372520000,1785153451372520000,1785153451372520000,121932490,121652369,-119.121,0.000,0.000,1.000,2.000,0.000,0.000,60.000,0,0,0
B3_zmq_pushpull,zmq_tcp,none,none,,1,14913,512,584,1785153451373603000,1785153451373603000,1785153451373603000,1785153451373604000,1785153451373787000,1785153451373790000,1785153451373790000,1785153451373790000,121932490,121652369,-97.121,0.000,0.000,1.000,3.000,0.000,0.000,22.000,0,0,0
B3_zmq_pushpull,zmq_tcp,none,none,,1,14914,512,584,1785153451374539000,1785153451374540000,1785153451374540000,1785153451374541000,1785153451374646000,1785153451374648000,1785153451374648000,1785153451374648000,121932490,121652369,-175.121,1.000,0.000,1.000,2.000,0.000,0.000,78.000,0,0,0
B3_zmq_pushpull,zmq_tcp,none,none,,1,14915,512,584,1785153451375556000,1785153451375556000,1785153451375556000,1785153451375557000,1785153451375649000,1785153451375651000,1785153451375651000,1785153451375651000,121932490,121652369,-188.121,0.000,0.000,1.000,2.000,0.000,0.000,13.000,0,0,0
B3_zmq_pushpull,zmq_tcp,none,none,,1,14916,512,584,1785153451376548000,1785153451376548000,1785153451376548000,1785153451376549000,1785153451376630000,1785153451376632000,1785153451376632000,1785153451376632000,121932490,121652369,-199.121,0.000,0.000,1.000,2.000,0.000,0.000,11.000,0,0,0
B3_zmq_pushpull,zmq_tcp,none,none,,1,14917,512,584,1785153451377554000,1785153451377554000,1785153451377554000,1785153451377555000,1785153451377620000,1785153451377623000,1785153451377623000,1785153451377623000,121932490,121652369,-215.121,0.000,0.000,1.000,3.000,0.000,0.000,16.000,0,0,0
B3_zmq_pushpull,zmq_tcp,none,none,,1,14918,512,584,1785153451378449000,1785153451378449000,1785153451378449000,1785153451378450000,1785153451378610000,1785153451378612000,1785153451378612000,1785153451378612000,121932490,121652369,-120.121,0.000,0.000,1.000,2.000,0.000,0.000,95.000,0,0,0
B3_zmq_pushpull,zmq_tcp,none,none,,1,14919,512,584,1785153451379577000,1785153451379577000,1785153451379577000,1785153451379578000,1785153451379730000,1785153451379733000,1785153451379733000,1785153451379733000,121932490,121652369,-128.121,0.000,0.000,1.000,3.000,0.000,0.000,8.000,0,0,0
B3_zmq_pushpull,zmq_tcp,none,none,,1,14920,512,584,1785153451380410000,1785153451380410000,1785153451380410000,1785153451380411000,1785153451380565000,1785153451380567000,1785153451380567000,1785153451380567000,121932490,121652369,-126.121,0.000,0.000,1.000,2.000,0.000,0.000,2.000,0,0,0
B3_zmq_pushpull,zmq_tcp,none,none,,1,14921,512,584,1785153451381590000,1785153451381590000,1785153451381590000,1785153451381591000,1785153451381688000,1785153451381691000,1785153451381691000,1785153451381691000,121932490,121652369,-183.121,0.000,0.000,1.000,3.000,0.000,0.000,57.000,0,0,0
B3_zmq_pushpull,zmq_tcp,none,none,,1,14922,512,584,1785153451382543000,1785153451382543000,1785153451382543000,1785153451382544000,1785153451382675000,1785153451382678000,1785153451382678000,1785153451382678000,121932490,121652369,-149.121,0.000,0.000,1.000,3.000,0.000,0.000,34.000,0,0,0
B3_zmq_pushpull,zmq_tcp,none,none,,1,14923,512,584,1785153451383367000,1785153451383368000,1785153451383368000,1785153451383369000,1785153451383530000,1785153451383532000,1785153451383532000,1785153451383532000,121932490,121652369,-119.121,1.000,0.000,1.000,2.000,0.000,0.000,30.000,0,0,0
B3_zmq_pushpull,zmq_tcp,none,none,,1,14924,512,584,1785153451384598000,1785153451384598000,1785153451384598000,1785153451384599000,1785153451384661000,1785153451384664000,1785153451384664000,1785153451384664000,121932490,121652369,-218.121,0.000,0.000,1.000,3.000,0.000,0.000,99.000,0,0,0
B3_zmq_pushpull,zmq_tcp,none,none,,1,14925,512,584,1785153451385539000,1785153451385540000,1785153451385540000,1785153451385541000,1785153451385619000,1785153451385622000,1785153451385622000,1785153451385622000,121932490,121652369,-202.121,1.000,0.000,1.000,3.000,0.000,0.000,16.000,0,0,0
B3_zmq_pushpull,zmq_tcp,none,none,,1,14926,512,584,1785153451386556000,1785153451386557000,1785153451386557000,1785153451386558000,1785153451386604000,1785153451386606000,1785153451386606000,1785153451386606000,121932490,121652369,-234.121,1.000,0.000,1.000,2.000,0.000,0.000,32.000,0,0,0
B3_zmq_pushpull,zmq_tcp,none,none,,1,14927,512,584,1785153451387551000,1785153451387551000,1785153451387551000,1785153451387552000,1785153451387726000,1785153451387728000,1785153451387728000,1785153451387728000,121932490,121652369,-106.121,0.000,0.000,1.000,2.000,0.000,0.000,128.000,0,0,0
B3_zmq_pushpull,zmq_tcp,none,none,,1,14928,512,584,1785153451388552000,1785153451388552000,1785153451388552000,1785153451388553000,1785153451388710000,1785153451388713000,1785153451388713000,1785153451388713000,121932490,121652369,-123.121,0.000,0.000,1.000,3.000,0.000,0.000,17.000,0,0,0
B3_zmq_pushpull,zmq_tcp,none,none,,1,14929,512,584,1785153451389400000,1785153451389400000,1785153451389400000,1785153451389401000,1785153451389559000,1785153451389562000,1785153451389562000,1785153451389562000,121932490,121652369,-122.121,0.000,0.000,1.000,3.000,0.000,0.000,1.000,0,0,0
B3_zmq_pushpull,zmq_tcp,none,none,,1,14930,512,584,1785153451390396000,1785153451390396000,1785153451390396000,1785153451390397000,1785153451390552000,1785153451390555000,1785153451390555000,1785153451390555000,121932490,121652369,-125.121,0.000,0.000,1.000,3.000,0.000,0.000,3.000,0,0,0
B3_zmq_pushpull,zmq_tcp,none,none,,1,14931,512,584,1785153451391394000,1785153451391395000,1785153451391395000,1785153451391396000,1785153451391553000,1785153451391555000,1785153451391555000,1785153451391555000,121932490,121652369,-123.121,1.000,0.000,1.000,2.000,0.000,0.000,2.000,0,0,0
B3_zmq_pushpull,zmq_tcp,none,none,,1,14932,512,584,1785153451392391000,1785153451392391000,1785153451392392000,1785153451392392000,1785153451392542000,1785153451392545000,1785153451392545000,1785153451392545000,121932490,121652369,-130.121,0.000,1.000,0.000,3.000,0.000,0.000,7.000,0,0,0
B3_zmq_pushpull,zmq_tcp,none,none,,1,14933,512,584,1785153451393357000,1785153451393357000,1785153451393357000,1785153451393358000,1785153451393511000,1785153451393514000,1785153451393514000,1785153451393514000,121932490,121652369,-127.121,0.000,0.000,1.000,3.000,0.000,0.000,3.000,0,0,0
B3_zmq_pushpull,zmq_tcp,none,none,,1,14934,512,584,1785153451394601000,1785153451394601000,1785153451394601000,1785153451394602000,1785153451394647000,1785153451394649000,1785153451394649000,1785153451394649000,121932490,121652369,-235.121,0.000,0.000,1.000,2.000,0.000,0.000,108.000,0,0,0
B3_zmq_pushpull,zmq_tcp,none,none,,1,14935,512,584,1785153451395482000,1785153451395482000,1785153451395482000,1785153451395483000,1785153451395639000,1785153451395647000,1785153451395647000,1785153451395647000,121932490,121652369,-124.121,0.000,0.000,1.000,8.000,0.000,0.000,111.000,0,0,0
B3_zmq_pushpull,zmq_tcp,none,none,,1,14936,512,584,1785153451396571000,1785153451396571000,1785153451396571000,1785153451396572000,1785153451396622000,1785153451396625000,1785153451396625000,1785153451396625000,121932490,121652369,-230.121,0.000,0.000,1.000,3.000,0.000,0.000,106.000,0,0,0
B3_zmq_pushpull,zmq_tcp,none,none,,1,14937,512,584,1785153451397548000,1785153451397548000,1785153451397548000,1785153451397549000,1785153451397741000,1785153451397743000,1785153451397743000,1785153451397743000,121932490,121652369,-88.121,0.000,0.000,1.000,2.000,0.000,0.000,142.000,0,0,0
B3_zmq_pushpull,zmq_tcp,none,none,,1,14938,512,584,1785153451398556000,1785153451398556000,1785153451398556000,1785153451398557000,1785153451398731000,1785153451398734000,1785153451398734000,1785153451398734000,121932490,121652369,-106.121,0.000,0.000,1.000,3.000,0.000,0.000,18.000,0,0,0
B3_zmq_pushpull,zmq_tcp,none,none,,1,14939,512,584,1785153451399550000,1785153451399550000,1785153451399550000,1785153451399551000,1785153451399715000,1785153451399718000,1785153451399718000,1785153451399718000,121932490,121652369,-116.121,0.000,0.000,1.000,3.000,0.000,0.000,10.000,0,0,0
B3_zmq_pushpull,zmq_tcp,none,none,,1,14940,512,584,1785153451400553000,1785153451400553000,1785153451400553000,1785153451400554000,1785153451400695000,1785153451400699000,1785153451400699000,1785153451400699000,121932490,121652369,-139.121,0.000,0.000,1.000,4.000,0.000,0.000,23.000,0,0,0
B3_zmq_pushpull,zmq_tcp,none,none,,1,14941,512,584,1785153451401551000,1785153451401552000,1785153451401552000,1785153451401553000,1785153451401665000,1785153451401668000,1785153451401668000,1785153451401668000,121932490,121652369,-168.121,1.000,0.000,1.000,3.000,0.000,0.000,29.000,0,0,0
B3_zmq_pushpull,zmq_tcp,none,none,,1,14942,512,584,1785153451402554000,1785153451402554000,1785153451402554000,1785153451402555000,1785153451402655000,1785153451402658000,1785153451402658000,1785153451402658000,121932490,121652369,-180.121,0.000,0.000,1.000,3.000,0.000,0.000,12.000,0,0,0
B3_zmq_pushpull,zmq_tcp,none,none,,1,14943,512,584,1785153451403547000,1785153451403548000,1785153451403548000,1785153451403549000,1785153451403628000,1785153451403630000,1785153451403630000,1785153451403630000,121932490,121652369,-201.121,1.000,0.000,1.000,2.000,0.000,0.000,21.000,0,0,0
B3_zmq_pushpull,zmq_tcp,none,none,,1,14944,512,584,1785153451404555000,1785153451404555000,1785153451404555000,1785153451404556000,1785153451404635000,1785153451404638000,1785153451404638000,1785153451404638000,121932490,121652369,-201.121,0.000,0.000,1.000,3.000,0.000,0.000,0.000,0,0,0
B3_zmq_pushpull,zmq_tcp,none,none,,1,14945,512,584,1785153451405550000,1785153451405550000,1785153451405550000,1785153451405551000,1785153451405626000,1785153451405629000,1785153451405629000,1785153451405629000,121932490,121652369,-205.121,0.000,0.000,1.000,3.000,0.000,0.000,4.000,0,0,0
B3_zmq_pushpull,zmq_tcp,none,none,,1,14946,512,584,1785153451406553000,1785153451406553000,1785153451406553000,1785153451406554000,1785153451406599000,1785153451406602000,1785153451406602000,1785153451406602000,121932490,121652369,-235.121,0.000,0.000,1.000,3.000,0.000,0.000,30.000,0,0,0
B3_zmq_pushpull,zmq_tcp,none,none,,1,14947,512,584,1785153451407549000,1785153451407549000,1785153451407549000,1785153451407550000,1785153451407595000,1785153451407598000,1785153451407599000,1785153451407599000,121932490,121652369,-235.121,0.000,0.000,1.000,3.000,1.000,0.000,0.000,0,0,0
B3_zmq_pushpull,zmq_tcp,none,none,,1,14948,512,584,1785153451408554000,1785153451408554000,1785153451408554000,1785153451408555000,1785153451408723000,1785153451408726000,1785153451408726000,1785153451408726000,121932490,121652369,-112.121,0.000,0.000,1.000,3.000,0.000,0.000,123.000,0,0,0
B3_zmq_pushpull,zmq_tcp,none,none,,1,14949,512,584,1785153451409552000,1785153451409552000,1785153451409552000,1785153451409553000,1785153451409711000,1785153451409719000,1785153451409719000,1785153451409719000,121932490,121652369,-122.121,0.000,0.000,1.000,8.000,0.000,0.000,10.000,0,0,0
B3_zmq_pushpull,zmq_tcp,none,none,,1,14950,512,584,1785153451410552000,1785153451410552000,1785153451410552000,1785153451410553000,1785153451410707000,1785153451410710000,1785153451410710000,1785153451410710000,121932490,121652369,-126.121,0.000,0.000,1.000,3.000,0.000,0.000,4.000,0,0,0
B3_zmq_pushpull,zmq_tcp,none,none,,1,14951,512,584,1785153451411549000,1785153451411549000,1785153451411549000,1785153451411550000,1785153451411693000,1785153451411695000,1785153451411695000,1785153451411695000,121932490,121652369,-137.121,0.000,0.000,1.000,2.000,0.000,0.000,11.000,0,0,0
B3_zmq_pushpull,zmq_tcp,none,none,,1,14952,512,584,1785153451412381000,1785153451412381000,1785153451412381000,1785153451412382000,1785153451412541000,1785153451412543000,1785153451412543000,1785153451412543000,121932490,121652369,-121.121,0.000,0.000,1.000,2.000,0.000,0.000,16.000,0,0,0
B3_zmq_pushpull,zmq_tcp,none,none,,1,14953,512,584,1785153451413594000,1785153451413594000,1785153451413594000,1785153451413596000,1785153451413661000,1785153451413663000,1785153451413663000,1785153451413664000,121932490,121652369,-215.121,0.000,0.000,2.000,2.000,0.000,1.000,94.000,0,0,0
B3_zmq_pushpull,zmq_tcp,none,none,,1,14954,512,584,1785153451414363000,1785153451414363000,1785153451414363000,1785153451414364000,1785153451414517000,1785153451414519000,1785153451414519000,1785153451414519000,121932490,121652369,-127.121,0.000,0.000,1.000,2.000,0.000,0.000,88.000,0,0,0
B3_zmq_pushpull,zmq_tcp,none,none,,1,14955,512,584,1785153451415475000,1785153451415475000,1785153451415475000,1785153451415477000,1785153451415619000,1785153451415622000,1785153451415622000,1785153451415622000,121932490,121652369,-138.121,0.000,0.000,2.000,3.000,0.000,0.000,11.000,0,0,0
B3_zmq_pushpull,zmq_tcp,none,none,,1,14956,512,584,1785153451416574000,1785153451416575000,1785153451416575000,1785153451416576000,1785153451416625000,1785153451416629000,1785153451416629000,1785153451416629000,121932490,121652369,-231.121,1.000,0.000,1.000,4.000,0.000,0.000,93.000,0,0,0
B3_zmq_pushpull,zmq_tcp,none,none,,1,14957,512,584,1785153451417546000,1785153451417546000,1785153451417546000,1785153451417547000,1785153451417596000,1785153451417599000,1785153451417599000,1785153451417599000,121932490,121652369,-231.121,0.000,0.000,1.000,3.000,0.000,0.000,0.000,0,0,0
B3_zmq_pushpull,zmq_tcp,none,none,,1,14958,512,584,1785153451418554000,1785153451418554000,1785153451418554000,1785153451418555000,1785153451418714000,1785153451418717000,1785153451418717000,1785153451418717000,121932490,121652369,-121.121,0.000,0.000,1.000,3.000,0.000,0.000,110.000,0,0,0
B3_zmq_pushpull,zmq_tcp,none,none,,1,14959,512,584,1785153451419552000,1785153451419552000,1785153451419552000,1785153451419553000,1785153451419685000,1785153451419688000,1785153451419688000,1785153451419688000,121932490,121652369,-148.121,0.000,0.000,1.000,3.000,0.000,0.000,27.000,0,0,0
B3_zmq_pushpull,zmq_tcp,none,none,,1,14960,512,584,1785153451420552000,1785153451420552000,1785153451420552000,1785153451420553000,1785153451420674000,1785153451420677000,1785153451420677000,1785153451420677000,121932490,121652369,-159.121,0.000,0.000,1.000,3.000,0.000,0.000,11.000,0,0,0
B3_zmq_pushpull,zmq_tcp,none,none,,1,14961,512,584,1785153451421552000,1785153451421552000,1785153451421552000,1785153451421553000,1785153451421651000,1785153451421654000,1785153451421654000,1785153451421654000,121932490,121652369,-182.121,0.000,0.000,1.000,3.000,0.000,0.000,23.000,0,0,0
B3_zmq_pushpull,zmq_tcp,none,none,,1,14962,512,584,1785153451422552000,1785153451422552000,1785153451422552000,1785153451422553000,1785153451422639000,1785153451422642000,1785153451422642000,1785153451422642000,121932490,121652369,-194.121,0.000,0.000,1.000,3.000,0.000,0.000,12.000,0,0,0
B3_zmq_pushpull,zmq_tcp,none,none,,1,14963,512,584,1785153451423552000,1785153451423552000,1785153451423552000,1785153451423553000,1785153451423626000,1785153451423630000,1785153451423630000,1785153451423630000,121932490,121652369,-207.121,0.000,0.000,1.000,4.000,0.000,0.000,13.000,0,0,0
B3_zmq_pushpull,zmq_tcp,none,none,,1,14964,512,584,1785153451424475000,1785153451424475000,1785153451424475000,1785153451424476000,1785153451424635000,1785153451424638000,1785153451424638000,1785153451424638000,121932490,121652369,-121.121,0.000,0.000,1.000,3.000,0.000,0.000,86.000,0,0,0
B3_zmq_pushpull,zmq_tcp,none,none,,1,14965,512,584,1785153451425570000,1785153451425570000,1785153451425570000,1785153451425571000,1785153451425762000,1785153451425765000,1785153451425765000,1785153451425765000,121932490,121652369,-89.121,0.000,0.000,1.000,3.000,0.000,0.000,32.000,0,0,0
B3_zmq_pushpull,zmq_tcp,none,none,,1,14966,512,584,1785153451426550000,1785153451426550000,1785153451426551000,1785153451426551000,1785153451426625000,1785153451426628000,1785153451426628000,1785153451426628000,121932490,121652369,-206.121,0.000,1.000,0.000,3.000,0.000,0.000,117.000,0,0,0
B3_zmq_pushpull,zmq_tcp,none,none,,1,14967,512,584,1785153451427553000,1785153451427553000,1785153451427553000,1785153451427554000,1785153451427609000,1785153451427612000,1785153451427612000,1785153451427612000,121932490,121652369,-225.121,0.000,0.000,1.000,3.000,0.000,0.000,19.000,0,0,0
B3_zmq_pushpull,zmq_tcp,none,none,,1,14968,512,584,1785153451428549000,1785153451428549000,1785153451428549000,1785153451428550000,1785153451428577000,1785153451428580000,1785153451428580000,1785153451428580000,121932490,121652369,-253.121,0.000,0.000,1.000,3.000,0.000,0.000,28.000,0,0,0
B3_zmq_pushpull,zmq_tcp,none,none,,1,14969,512,584,1785153451429553000,1785153451429553000,1785153451429553000,1785153451429554000,1785153451429707000,1785153451429710000,1785153451429710000,1785153451429710000,121932490,121652369,-127.121,0.000,0.000,1.000,3.000,0.000,0.000,126.000,0,0,0
B3_zmq_pushpull,zmq_tcp,none,none,,1,14970,512,584,1785153451430552000,1785153451430552000,1785153451430552000,1785153451430553000,1785153451430681000,1785153451430683000,1785153451430683000,1785153451430683000,121932490,121652369,-152.121,0.000,0.000,1.000,2.000,0.000,0.000,25.000,0,0,0
B3_zmq_pushpull,zmq_tcp,none,none,,1,14971,512,584,1785153451431552000,1785153451431552000,1785153451431552000,1785153451431553000,1785153451431655000,1785153451431658000,1785153451431658000,1785153451431658000,121932490,121652369,-178.121,0.000,0.000,1.000,3.000,0.000,0.000,26.000,0,0,0
B3_zmq_pushpull,zmq_tcp,none,none,,1,14972,512,584,1785153451432519000,1785153451432519000,1785153451432519000,1785153451432520000,1785153451432661000,1785153451432663000,1785153451432663000,1785153451432663000,121932490,121652369,-139.121,0.000,0.000,1.000,2.000,0.000,0.000,39.000,0,0,0
B3_zmq_pushpull,zmq_tcp,none,none,,1,14973,512,584,1785153451433365000,1785153451433366000,1785153451433366000,1785153451433367000,1785153451433526000,1785153451433531000,1785153451433531000,1785153451433531000,121932490,121652369,-121.121,1.000,0.000,1.000,5.000,0.000,0.000,18.000,0,0,0
B3_zmq_pushpull,zmq_tcp,none,none,,1,14974,512,584,1785153451434598000,1785153451434598000,1785153451434599000,1785153451434599000,1785153451434654000,1785153451434657000,1785153451434657000,1785153451434657000,121932490,121652369,-225.121,0.000,1.000,0.000,3.000,0.000,0.000,104.000,0,0,0
B3_zmq_pushpull,zmq_tcp,none,none,,1,14975,512,584,1785153451435537000,1785153451435537000,1785153451435537000,1785153451435538000,1785153451435631000,1785153451435634000,1785153451435634000,1785153451435634000,121932490,121652369,-187.121,0.000,0.000,1.000,3.000,0.000,0.000,38.000,0,0,0
B3_zmq_pushpull,zmq_tcp,none,none,,1,14976,512,584,1785153451436558000,1785153451436559000,1785153451436559000,1785153451436559000,1785153451436631000,1785153451436634000,1785153451436634000,1785153451436634000,121932490,121652369,-208.121,1.000,0.000,0.000,3.000,0.000,0.000,21.000,0,0,0
B3_zmq_pushpull,zmq_tcp,none,none,,1,14977,512,584,1785153451437550000,1785153451437550000,1785153451437551000,1785153451437551000,1785153451437627000,1785153451437630000,1785153451437630000,1785153451437630000,121932490,121652369,-204.121,0.000,1.000,0.000,3.000,0.000,0.000,4.000,0,0,0
B3_zmq_pushpull,zmq_tcp,none,none,,1,14978,512,584,1785153451438552000,1785153451438552000,1785153451438552000,1785153451438553000,1785153451438625000,1785153451438628000,1785153451438628000,1785153451438628000,121932490,121652369,-208.121,0.000,0.000,1.000,3.000,0.000,0.000,4.000,0,0,0
B3_zmq_pushpull,zmq_tcp,none,none,,1,14979,512,584,1785153451439550000,1785153451439550000,1785153451439550000,1785153451439551000,1785153451439621000,1785153451439624000,1785153451439624000,1785153451439624000,121932490,121652369,-210.121,0.000,0.000,1.000,3.000,0.000,0.000,2.000,0,0,0
B3_zmq_pushpull,zmq_tcp,none,none,,1,14980,512,584,1785153451440557000,1785153451440557000,1785153451440557000,1785153451440558000,1785153451440746000,1785153451440749000,1785153451440749000,1785153451440749000,121932490,121652369,-92.121,0.000,0.000,1.000,3.000,0.000,0.000,118.000,0,0,0
B3_zmq_pushpull,zmq_tcp,none,none,,1,14981,512,584,1785153451441444000,1785153451441445000,1785153451441445000,1785153451441446000,1785153451441604000,1785153451441607000,1785153451441607000,1785153451441607000,121932490,121652369,-122.121,1.000,0.000,1.000,3.000,0.000,0.000,30.000,0,0,0
B3_zmq_pushpull,zmq_tcp,none,none,,1,14982,512,584,1785153451442449000,1785153451442450000,1785153451442450000,1785153451442451000,1785153451442607000,1785153451442610000,1785153451442610000,1785153451442610000,121932490,121652369,-124.121,1.000,0.000,1.000,3.000,0.000,0.000,2.000,0,0,0
B3_zmq_pushpull,zmq_tcp,none,none,,1,14983,512,584,1785153451443433000,1785153451443433000,1785153451443433000,1785153451443434000,1785153451443589000,1785153451443592000,1785153451443592000,1785153451443592000,121932490,121652369,-125.121,0.000,0.000,1.000,3.000,0.000,0.000,1.000,0,0,0
B3_zmq_pushpull,zmq_tcp,none,none,,1,14984,512,584,1785153451444585000,1785153451444585000,1785153451444585000,1785153451444586000,1785153451444730000,1785153451444733000,1785153451444733000,1785153451444733000,121932490,121652369,-136.121,0.000,0.000,1.000,3.000,0.000,0.000,11.000,0,0,0
B3_zmq_pushpull,zmq_tcp,none,none,,1,14985,512,584,1785153451445544000,1785153451445544000,1785153451445544000,1785153451445545000,1785153451445600000,1785153451445603000,1785153451445603000,1785153451445604000,121932490,121652369,-225.121,0.000,0.000,1.000,3.000,0.000,1.000,89.000,0,0,0
B3_zmq_pushpull,zmq_tcp,none,none,,1,14986,512,584,1785153451446420000,1785153451446420000,1785153451446420000,1785153451446421000,1785153451446579000,1785153451446582000,1785153451446582000,1785153451446582000,121932490,121652369,-122.121,0.000,0.000,1.000,3.000,0.000,0.000,103.000,0,0,0
B3_zmq_pushpull,zmq_tcp,none,none,,1,14987,512,584,1785153451447589000,1785153451447589000,1785153451447589000,1785153451447590000,1785153451447696000,1785153451447699000,1785153451447699000,1785153451447699000,121932490,121652369,-174.121,0.000,0.000,1.000,3.000,0.000,0.000,52.000,0,0,0
B3_zmq_pushpull,zmq_tcp,none,none,,1,14988,512,584,1785153451448544000,1785153451448544000,1785153451448544000,1785153451448545000,1785153451448677000,1785153451448679000,1785153451448679000,1785153451448679000,121932490,121652369,-148.121,0.000,0.000,1.000,2.000,0.000,0.000,26.000,0,0,0
B3_zmq_pushpull,zmq_tcp,none,none,,1,14989,512,584,1785153451449558000,1785153451449558000,1785153451449558000,1785153451449559000,1785153451449645000,1785153451449648000,1785153451449648000,1785153451449648000,121932490,121652369,-194.121,0.000,0.000,1.000,3.000,0.000,0.000,46.000,0,0,0
B3_zmq_pushpull,zmq_tcp,none,none,,1,14990,512,584,1785153451450552000,1785153451450552000,1785153451450552000,1785153451450553000,1785153451450642000,1785153451450646000,1785153451450646000,1785153451450646000,121932490,121652369,-191.121,0.000,0.000,1.000,4.000,0.000,0.000,3.000,0,0,0
B3_zmq_pushpull,zmq_tcp,none,none,,1,14991,512,584,1785153451451554000,1785153451451555000,1785153451451555000,1785153451451556000,1785153451451636000,1785153451451639000,1785153451451639000,1785153451451639000,121932490,121652369,-200.121,1.000,0.000,1.000,3.000,0.000,0.000,9.000,0,0,0
B3_zmq_pushpull,zmq_tcp,none,none,,1,14992,512,584,1785153451452552000,1785153451452552000,1785153451452552000,1785153451452553000,1785153451452626000,1785153451452629000,1785153451452629000,1785153451452629000,121932490,121652369,-207.121,0.000,0.000,1.000,3.000,0.000,0.000,7.000,0,0,0
B3_zmq_pushpull,zmq_tcp,none,none,,1,14993,512,584,1785153451453552000,1785153451453553000,1785153451453553000,1785153451453554000,1785153451453616000,1785153451453620000,1785153451453620000,1785153451453620000,121932490,121652369,-218.121,1.000,0.000,1.000,4.000,0.000,0.000,11.000,0,0,0
B3_zmq_pushpull,zmq_tcp,none,none,,1,14994,512,584,1785153451454549000,1785153451454549000,1785153451454549000,1785153451454550000,1785153451454620000,1785153451454623000,1785153451454623000,1785153451454623000,121932490,121652369,-210.121,0.000,0.000,1.000,3.000,0.000,0.000,8.000,0,0,0
B3_zmq_pushpull,zmq_tcp,none,none,,1,14995,512,584,1785153451455554000,1785153451455554000,1785153451455554000,1785153451455555000,1785153451455616000,1785153451455618000,1785153451455618000,1785153451455618000,121932490,121652369,-219.121,0.000,0.000,1.000,2.000,0.000,0.000,9.000,0,0,0
B3_zmq_pushpull,zmq_tcp,none,none,,1,14996,512,584,1785153451456553000,1785153451456554000,1785153451456554000,1785153451456555000,1785153451456613000,1785153451456617000,1785153451456617000,1785153451456617000,121932490,121652369,-222.121,1.000,0.000,1.000,4.000,0.000,0.000,3.000,0,0,0
B3_zmq_pushpull,zmq_tcp,none,none,,1,14997,512,584,1785153451457551000,1785153451457552000,1785153451457552000,1785153451457553000,1785153451457616000,1785153451457619000,1785153451457619000,1785153451457619000,121932490,121652369,-217.121,1.000,0.000,1.000,3.000,0.000,0.000,5.000,0,0,0
B3_zmq_pushpull,zmq_tcp,none,none,,1,14998,512,584,1785153451458553000,1785153451458553000,1785153451458553000,1785153451458554000,1785153451458620000,1785153451458624000,1785153451458624000,1785153451458624000,121932490,121652369,-214.121,0.000,0.000,1.000,4.000,0.000,0.000,3.000,0,0,0
B3_zmq_pushpull,zmq_tcp,none,none,,1,14999,512,584,1785153451459554000,1785153451459555000,1785153451459555000,1785153451459556000,1785153451459610000,1785153451459616000,1785153451459616000,1785153451459616000,121932490,121652369,-226.121,1.000,0.000,1.000,6.000,0.000,0.000,12.000,0,0,0
B3_zmq_pushpull,zmq_tcp,none,none,,1,15000,512,584,1785153451460458000,1785153451460458000,1785153451460458000,1785153451460459000,1785153451460602000,1785153451460605000,1785153451460605000,1785153451460605000,121932490,121652369,-137.121,0.000,0.000,1.000,3.000,0.000,0.000,89.000,0,0,0
B3_zmq_pushpull,zmq_tcp,none,none,,1,15001,512,584,1785153451461477000,1785153451461477000,1785153451461477000,1785153451461479000,1785153451461622000,1785153451461626000,1785153451461626000,1785153451461626000,121932490,121652369,-137.121,0.000,0.000,2.000,4.000,0.000,0.000,0.000,0,0,0
B3_zmq_pushpull,zmq_tcp,none,none,,1,15002,512,584,1785153451462575000,1785153451462575000,1785153451462575000,1785153451462576000,1785153451462773000,1785153451462776000,1785153451462776000,1785153451462776000,121932490,121652369,-83.121,0.000,0.000,1.000,3.000,0.000,0.000,54.000,0,0,0
B3_zmq_pushpull,zmq_tcp,none,none,,1,15003,512,584,1785153451463545000,1785153451463546000,1785153451463546000,1785153451463547000,1785153451463640000,1785153451463643000,1785153451463643000,1785153451463643000,121932490,121652369,-187.121,1.000,0.000,1.000,3.000,0.000,0.000,104.000,0,0,0
B3_zmq_pushpull,zmq_tcp,none,none,,1,15004,512,584,1785153451464556000,1785153451464556000,1785153451464556000,1785153451464557000,1785153451464639000,1785153451464642000,1785153451464642000,1785153451464642000,121932490,121652369,-198.121,0.000,0.000,1.000,3.000,0.000,0.000,11.000,0,0,0
B3_zmq_pushpull,zmq_tcp,none,none,,1,15005,512,584,1785153451465554000,1785153451465554000,1785153451465555000,1785153451465555000,1785153451465661000,1785153451465664000,1785153451465664000,1785153451465664000,121932490,121652369,-174.121,0.000,1.000,0.000,3.000,0.000,0.000,24.000,0,0,0
B3_zmq_pushpull,zmq_tcp,none,none,,1,15006,512,584,1785153451466553000,1785153451466553000,1785153451466553000,1785153451466554000,1785153451466658000,1785153451466661000,1785153451466661000,1785153451466661000,121932490,121652369,-176.121,0.000,0.000,1.000,3.000,0.000,0.000,2.000,0,0,0
B3_zmq_pushpull,zmq_tcp,none,none,,1,15007,512,584,1785153451467554000,1785153451467554000,1785153451467554000,1785153451467555000,1785153451467661000,1785153451467663000,1785153451467663000,1785153451467663000,121932490,121652369,-174.121,0.000,0.000,1.000,2.000,0.000,0.000,2.000,0,0,0
B3_zmq_pushpull,zmq_tcp,none,none,,1,15008,512,584,1785153451468553000,1785153451468553000,1785153451468553000,1785153451468554000,1785153451468671000,1785153451468674000,1785153451468674000,1785153451468674000,121932490,121652369,-163.121,0.000,0.000,1.000,3.000,0.000,0.000,11.000,0,0,0
B3_zmq_pushpull,zmq_tcp,none,none,,1,15009,512,584,1785153451469553000,1785153451469553000,1785153451469553000,1785153451469554000,1785153451469648000,1785153451469651000,1785153451469651000,1785153451469651000,121932490,121652369,-186.121,0.000,0.000,1.000,3.000,0.000,0.000,23.000,0,0,0
B3_zmq_pushpull,zmq_tcp,none,none,,1,15010,512,584,1785153451470553000,1785153451470553000,1785153451470553000,1785153451470554000,1785153451470644000,1785153451470647000,1785153451470647000,1785153451470647000,121932490,121652369,-190.121,0.000,0.000,1.000,3.000,0.000,0.000,4.000,0,0,0
B3_zmq_pushpull,zmq_tcp,none,none,,1,15011,512,584,1785153451471553000,1785153451471553000,1785153451471553000,1785153451471554000,1785153451471645000,1785153451471647000,1785153451471647000,1785153451471647000,121932490,121652369,-189.121,0.000,0.000,1.000,2.000,0.000,0.000,1.000,0,0,0
B3_zmq_pushpull,zmq_tcp,none,none,,1,15012,512,584,1785153451472553000,1785153451472553000,1785153451472553000,1785153451472554000,1785153451472657000,1785153451472660000,1785153451472660000,1785153451472660000,121932490,121652369,-177.121,0.000,0.000,1.000,3.000,0.000,0.000,12.000,0,0,0
B3_zmq_pushpull,zmq_tcp,none,none,,1,15013,512,584,1785153451473556000,1785153451473556000,1785153451473556000,1785153451473557000,1785153451473647000,1785153451473649000,1785153451473649000,1785153451473649000,121932490,121652369,-190.121,0.000,0.000,1.000,2.000,0.000,0.000,13.000,0,0,0
B3_zmq_pushpull,zmq_tcp,none,none,,1,15014,512,584,1785153451474552000,1785153451474552000,1785153451474552000,1785153451474553000,1785153451474655000,1785153451474658000,1785153451474658000,1785153451474658000,121932490,121652369,-178.121,0.000,0.000,1.000,3.000,0.000,0.000,12.000,0,0,0
B3_zmq_pushpull,zmq_tcp,none,none,,1,15015,512,584,1785153451475553000,1785153451475553000,1785153451475553000,1785153451475554000,1785153451475665000,1785153451475667000,1785153451475667000,1785153451475667000,121932490,121652369,-169.121,0.000,0.000,1.000,2.000,0.000,0.000,9.000,0,0,0
B3_zmq_pushpull,zmq_tcp,none,none,,1,15016,512,584,1785153451476553000,1785153451476553000,1785153451476553000,1785153451476554000,1785153451476650000,1785153451476653000,1785153451476653000,1785153451476653000,121932490,121652369,-184.121,0.000,0.000,1.000,3.000,0.000,0.000,15.000,0,0,0
B3_zmq_pushpull,zmq_tcp,none,none,,1,15017,512,584,1785153451477553000,1785153451477553000,1785153451477553000,1785153451477554000,1785153451477655000,1785153451477658000,1785153451477658000,1785153451477658000,121932490,121652369,-179.121,0.000,0.000,1.000,3.000,0.000,0.000,5.000,0,0,0
B3_zmq_pushpull,zmq_tcp,none,none,,1,15018,512,584,1785153451478552000,1785153451478552000,1785153451478552000,1785153451478553000,1785153451478653000,1785153451478655000,1785153451478655000,1785153451478655000,121932490,121652369,-180.121,0.000,0.000,1.000,2.000,0.000,0.000,1.000,0,0,0
B3_zmq_pushpull,zmq_tcp,none,none,,1,15019,512,584,1785153451479555000,1785153451479555000,1785153451479555000,1785153451479556000,1785153451479654000,1785153451479657000,1785153451479657000,1785153451479657000,121932490,121652369,-182.121,0.000,0.000,1.000,3.000,0.000,0.000,2.000,0,0,0
B3_zmq_pushpull,zmq_tcp,none,none,,1,15020,512,584,1785153451480554000,1785153451480554000,1785153451480554000,1785153451480555000,1785153451480636000,1785153451480639000,1785153451480639000,1785153451480639000,121932490,121652369,-199.121,0.000,0.000,1.000,3.000,0.000,0.000,17.000,0,0,0
B3_zmq_pushpull,zmq_tcp,none,none,,1,15021,512,584,1785153451481552000,1785153451481553000,1785153451481553000,1785153451481554000,1785153451481647000,1785153451481650000,1785153451481650000,1785153451481650000,121932490,121652369,-187.121,1.000,0.000,1.000,3.000,0.000,0.000,12.000,0,0,0
B3_zmq_pushpull,zmq_tcp,none,none,,1,15022,512,584,1785153451482553000,1785153451482554000,1785153451482554000,1785153451482555000,1785153451482657000,1785153451482659000,1785153451482660000,1785153451482660000,121932490,121652369,-178.121,1.000,0.000,1.000,2.000,1.000,0.000,9.000,0,0,0
B3_zmq_pushpull,zmq_tcp,none,none,,1,15023,512,584,1785153451483553000,1785153451483553000,1785153451483553000,1785153451483554000,1785153451483645000,1785153451483648000,1785153451483648000,1785153451483648000,121932490,121652369,-189.121,0.000,0.000,1.000,3.000,0.000,0.000,11.000,0,0,0
B3_zmq_pushpull,zmq_tcp,none,none,,1,15024,512,584,1785153451484553000,1785153451484553000,1785153451484553000,1785153451484554000,1785153451484641000,1785153451484643000,1785153451484643000,1785153451484643000,121932490,121652369,-193.121,0.000,0.000,1.000,2.000,0.000,0.000,4.000,0,0,0
B3_zmq_pushpull,zmq_tcp,none,none,,1,15025,512,584,1785153451485555000,1785153451485555000,1785153451485555000,1785153451485556000,1785153451485633000,1785153451485635000,1785153451485635000,1785153451485635000,121932490,121652369,-203.121,0.000,0.000,1.000,2.000,0.000,0.000,10.000,0,0,0
B3_zmq_pushpull,zmq_tcp,none,none,,1,15026,512,584,1785153451486558000,1785153451486558000,1785153451486558000,1785153451486559000,1785153451486645000,1785153451486647000,1785153451486647000,1785153451486647000,121932490,121652369,-194.121,0.000,0.000,1.000,2.000,0.000,0.000,9.000,0,0,0
B3_zmq_pushpull,zmq_tcp,none,none,,1,15027,512,584,1785153451487552000,1785153451487553000,1785153451487553000,1785153451487554000,1785153451487647000,1785153451487650000,1785153451487650000,1785153451487650000,121932490,121652369,-187.121,1.000,0.000,1.000,3.000,0.000,0.000,7.000,0,0,0
B3_zmq_pushpull,zmq_tcp,none,none,,1,15028,512,584,1785153451488553000,1785153451488553000,1785153451488553000,1785153451488554000,1785153451488642000,1785153451488645000,1785153451488645000,1785153451488645000,121932490,121652369,-192.121,0.000,0.000,1.000,3.000,0.000,0.000,5.000,0,0,0
B3_zmq_pushpull,zmq_tcp,none,none,,1,15029,512,584,1785153451489555000,1785153451489555000,1785153451489555000,1785153451489556000,1785153451489601000,1785153451489604000,1785153451489604000,1785153451489604000,121932490,121652369,-235.121,0.000,0.000,1.000,3.000,0.000,0.000,43.000,0,0,0
B3_zmq_pushpull,zmq_tcp,none,none,,1,15030,512,584,1785153451490553000,1785153451490553000,1785153451490553000,1785153451490554000,1785153451490608000,1785153451490611000,1785153451490611000,1785153451490611000,121932490,121652369,-226.121,0.000,0.000,1.000,3.000,0.000,0.000,9.000,0,0,0
B3_zmq_pushpull,zmq_tcp,none,none,,1,15031,512,584,1785153451491553000,1785153451491553000,1785153451491553000,1785153451491554000,1785153451491594000,1785153451491596000,1785153451491596000,1785153451491596000,121932490,121652369,-240.121,0.000,0.000,1.000,2.000,0.000,0.000,14.000,0,0,0
B3_zmq_pushpull,zmq_tcp,none,none,,1,15032,512,584,1785153451492553000,1785153451492553000,1785153451492553000,1785153451492554000,1785153451492731000,1785153451492733000,1785153451492733000,1785153451492733000,121932490,121652369,-103.121,0.000,0.000,1.000,2.000,0.000,0.000,137.000,0,0,0
B3_zmq_pushpull,zmq_tcp,none,none,,1,15033,512,584,1785153451493555000,1785153451493555000,1785153451493555000,1785153451493556000,1785153451493598000,1785153451493601000,1785153451493601000,1785153451493601000,121932490,121652369,-238.121,0.000,0.000,1.000,3.000,0.000,0.000,135.000,0,0,0
B3_zmq_pushpull,zmq_tcp,none,none,,1,15034,512,584,1785153451494553000,1785153451494553000,1785153451494553000,1785153451494554000,1785153451494745000,1785153451494747000,1785153451494747000,1785153451494747000,121932490,121652369,-89.121,0.000,0.000,1.000,2.000,0.000,0.000,149.000,0,0,0
B3_zmq_pushpull,zmq_tcp,none,none,,1,15035,512,584,1785153451495554000,1785153451495554000,1785153451495554000,1785153451495555000,1785153451495745000,1785153451495747000,1785153451495748000,1785153451495748000,121932490,121652369,-90.121,0.000,0.000,1.000,2.000,1.000,0.000,1.000,0,0,0
B3_zmq_pushpull,zmq_tcp,none,none,,1,15036,512,584,1785153451496457000,1785153451496457000,1785153451496457000,1785153451496458000,1785153451496613000,1785153451496616000,1785153451496616000,1785153451496616000,121932490,121652369,-125.121,0.000,0.000,1.000,3.000,0.000,0.000,35.000,0,0,0
B3_zmq_pushpull,zmq_tcp,none,none,,1,15037,512,584,1785153451497577000,1785153451497577000,1785153451497577000,1785153451497578000,1785153451497619000,1785153451497622000,1785153451497622000,1785153451497622000,121932490,121652369,-239.121,0.000,0.000,1.000,3.000,0.000,0.000,114.000,0,0,0
B3_zmq_pushpull,zmq_tcp,none,none,,1,15038,512,584,1785153451498461000,1785153451498461000,1785153451498461000,1785153451498462000,1785153451498614000,1785153451498617000,1785153451498617000,1785153451498617000,121932490,121652369,-128.121,0.000,0.000,1.000,3.000,0.000,0.000,111.000,0,0,0
B3_zmq_pushpull,zmq_tcp,none,none,,1,15039,512,584,1785153451499577000,1785153451499577000,1785153451499577000,1785153451499578000,1785153451499639000,1785153451499642000,1785153451499642000,1785153451499642000,121932490,121652369,-219.121,0.000,0.000,1.000,3.000,0.000,0.000,91.000,0,0,0
B3_zmq_pushpull,zmq_tcp,none,none,,1,15040,512,584,1785153451500544000,1785153451500544000,1785153451500544000,1785153451500545000,1785153451500637000,1785153451500639000,1785153451500639000,1785153451500639000,121932490,121652369,-188.121,0.000,0.000,1.000,2.000,0.000,0.000,31.000,0,0,0
B3_zmq_pushpull,zmq_tcp,none,none,,1,15041,512,584,1785153451501557000,1785153451501557000,1785153451501557000,1785153451501558000,1785153451501629000,1785153451501632000,1785153451501632000,1785153451501632000,121932490,121652369,-209.121,0.000,0.000,1.000,3.000,0.000,0.000,21.000,0,0,0
B3_zmq_pushpull,zmq_tcp,none,none,,1,15042,512,584,1785153451502552000,1785153451502552000,1785153451502552000,1785153451502553000,1785153451502635000,1785153451502638000,1785153451502638000,1785153451502638000,121932490,121652369,-198.121,0.000,0.000,1.000,3.000,0.000,0.000,11.000,0,0,0
B3_zmq_pushpull,zmq_tcp,none,none,,1,15043,512,584,1785153451503553000,1785153451503553000,1785153451503553000,1785153451503554000,1785153451503635000,1785153451503638000,1785153451503638000,1785153451503638000,121932490,121652369,-199.121,0.000,0.000,1.000,3.000,0.000,0.000,1.000,0,0,0
B3_zmq_pushpull,zmq_tcp,none,none,,1,15044,512,584,1785153451504551000,1785153451504551000,1785153451504551000,1785153451504552000,1785153451504631000,1785153451504633000,1785153451504633000,1785153451504633000,121932490,121652369,-201.121,0.000,0.000,1.000,2.000,0.000,0.000,2.000,0,0,0
B3_zmq_pushpull,zmq_tcp,none,none,,1,15045,512,584,1785153451505554000,1785153451505554000,1785153451505554000,1785153451505555000,1785153451505637000,1785153451505639000,1785153451505639000,1785153451505639000,121932490,121652369,-198.121,0.000,0.000,1.000,2.000,0.000,0.000,3.000,0,0,0
B3_zmq_pushpull,zmq_tcp,none,none,,1,15046,512,584,1785153451506553000,1785153451506553000,1785153451506553000,1785153451506554000,1785153451506639000,1785153451506642000,1785153451506642000,1785153451506643000,121932490,121652369,-195.121,0.000,0.000,1.000,3.000,0.000,1.000,3.000,0,0,0
B3_zmq_pushpull,zmq_tcp,none,none,,1,15047,512,584,1785153451507357000,1785153451507357000,1785153451507357000,1785153451507358000,1785153451507502000,1785153451507505000,1785153451507505000,1785153451507505000,121932490,121652369,-136.121,0.000,0.000,1.000,3.000,0.000,0.000,59.000,0,0,0
B3_zmq_pushpull,zmq_tcp,none,none,,1,15048,512,584,1785153451508471000,1785153451508471000,1785153451508471000,1785153451508472000,1785153451508622000,1785153451508625000,1785153451508625000,1785153451508625000,121932490,121652369,-130.121,0.000,0.000,1.000,3.000,0.000,0.000,6.000,0,0,0
B3_zmq_pushpull,zmq_tcp,none,none,,1,15049,512,584,1785153451509576000,1785153451509576000,1785153451509576000,1785153451509577000,1785153451509617000,1785153451509620000,1785153451509620000,1785153451509620000,121932490,121652369,-240.121,0.000,0.000,1.000,3.000,0.000,0.000,110.000,0,0,0
B3_zmq_pushpull,zmq_tcp,none,none,,1,15050,512,584,1785153451510452000,1785153451510452000,1785153451510452000,1785153451510453000,1785153451510603000,1785153451510606000,1785153451510606000,1785153451510606000,121932490,121652369,-130.121,0.000,0.000,1.000,3.000,0.000,0.000,110.000,0,0,0
B3_zmq_pushpull,zmq_tcp,none,none,,1,15051,512,584,1785153451511577000,1785153451511577000,1785153451511577000,1785153451511578000,1785153451511618000,1785153451511621000,1785153451511621000,1785153451511621000,121932490,121652369,-240.121,0.000,0.000,1.000,3.000,0.000,0.000,110.000,0,0,0
B3_zmq_pushpull,zmq_tcp,none,none,,1,15052,512,584,1785153451512548000,1785153451512548000,1785153451512548000,1785153451512549000,1785153451512613000,1785153451512615000,1785153451512615000,1785153451512615000,121932490,121652369,-216.121,0.000,0.000,1.000,2.000,0.000,0.000,24.000,0,0,0
B3_zmq_pushpull,zmq_tcp,none,none,,1,15053,512,584,1785153451513555000,1785153451513555000,1785153451513555000,1785153451513556000,1785153451513609000,1785153451513612000,1785153451513612000,1785153451513612000,121932490,121652369,-227.121,0.000,0.000,1.000,3.000,0.000,0.000,11.000,0,0,0
B3_zmq_pushpull,zmq_tcp,none,none,,1,15054,512,584,1785153451514551000,1785153451514551000,1785153451514551000,1785153451514552000,1785153451514601000,1785153451514604000,1785153451514604000,1785153451514604000,121932490,121652369,-231.121,0.000,0.000,1.000,3.000,0.000,0.000,4.000,0,0,0
B3_zmq_pushpull,zmq_tcp,none,none,,1,15055,512,584,1785153451515462000,1785153451515462000,1785153451515462000,1785153451515463000,1785153451515619000,1785153451515622000,1785153451515622000,1785153451515622000,121932490,121652369,-124.121,0.000,0.000,1.000,3.000,0.000,0.000,107.000,0,0,0
B3_zmq_pushpull,zmq_tcp,none,none,,1,15056,512,584,1785153451516578000,1785153451516578000,1785153451516578000,1785153451516579000,1785153451516639000,1785153451516642000,1785153451516642000,1785153451516642000,121932490,121652369,-220.121,0.000,0.000,1.000,3.000,0.000,0.000,96.000,0,0,0
B3_zmq_pushpull,zmq_tcp,none,none,,1,15057,512,584,1785153451517549000,1785153451517549000,1785153451517549000,1785153451517550000,1785153451517653000,1785153451517656000,1785153451517656000,1785153451517656000,121932490,121652369,-177.121,0.000,0.000,1.000,3.000,0.000,0.000,43.000,0,0,0
B3_zmq_pushpull,zmq_tcp,none,none,,1,15058,512,584,1785153451518555000,1785153451518555000,1785153451518555000,1785153451518556000,1785153451518651000,1785153451518654000,1785153451518654000,1785153451518654000,121932490,121652369,-185.121,0.000,0.000,1.000,3.000,0.000,0.000,8.000,0,0,0
B3_zmq_pushpull,zmq_tcp,none,none,,1,15059,512,584,1785153451519553000,1785153451519553000,1785153451519553000,1785153451519554000,1785153451519618000,1785153451519621000,1785153451519621000,1785153451519621000,121932490,121652369,-216.121,0.000,0.000,1.000,3.000,0.000,0.000,31.000,0,0,0
B3_zmq_pushpull,zmq_tcp,none,none,,1,15060,512,584,1785153451520554000,1785153451520554000,1785153451520555000,1785153451520555000,1785153451520610000,1785153451520614000,1785153451520614000,1785153451520614000,121932490,121652369,-225.121,0.000,1.000,0.000,4.000,0.000,0.000,9.000,0,0,0
B3_zmq_pushpull,zmq_tcp,none,none,,1,15061,512,584,1785153451521549000,1785153451521550000,1785153451521550000,1785153451521551000,1785153451521604000,1785153451521607000,1785153451521607000,1785153451521607000,121932490,121652369,-227.121,1.000,0.000,1.000,3.000,0.000,0.000,2.000,0,0,0
B3_zmq_pushpull,zmq_tcp,none,none,,1,15062,512,584,1785153451522556000,1785153451522556000,1785153451522556000,1785153451522557000,1785153451522619000,1785153451522623000,1785153451522623000,1785153451522623000,121932490,121652369,-218.121,0.000,0.000,1.000,4.000,0.000,0.000,9.000,0,0,0
B3_zmq_pushpull,zmq_tcp,none,none,,1,15063,512,584,1785153451523553000,1785153451523554000,1785153451523554000,1785153451523555000,1785153451523741000,1785153451523744000,1785153451523744000,1785153451523744000,121932490,121652369,-94.121,1.000,0.000,1.000,3.000,0.000,0.000,124.000,0,0,0
B3_zmq_pushpull,zmq_tcp,none,none,,1,15064,512,584,1785153451524554000,1785153451524554000,1785153451524554000,1785153451524555000,1785153451524735000,1785153451524737000,1785153451524737000,1785153451524737000,121932490,121652369,-100.121,0.000,0.000,1.000,2.000,0.000,0.000,6.000,0,0,0
B3_zmq_pushpull,zmq_tcp,none,none,,1,15065,512,584,1785153451525551000,1785153451525551000,1785153451525551000,1785153451525552000,1785153451525591000,1785153451525594000,1785153451525594000,1785153451525594000,121932490,121652369,-241.121,0.000,0.000,1.000,3.000,0.000,0.000,141.000,0,0,0
B3_zmq_pushpull,zmq_tcp,none,none,,1,15066,512,584,1785153451526555000,1785153451526555000,1785153451526555000,1785153451526556000,1785153451526599000,1785153451526601000,1785153451526601000,1785153451526601000,121932490,121652369,-237.121,0.000,0.000,1.000,2.000,0.000,0.000,4.000,0,0,0
B3_zmq_pushpull,zmq_tcp,none,none,,1,15067,512,584,1785153451527554000,1785153451527554000,1785153451527554000,1785153451527555000,1785153451527597000,1785153451527600000,1785153451527600000,1785153451527600000,121932490,121652369,-238.121,0.000,0.000,1.000,3.000,0.000,0.000,1.000,0,0,0
B3_zmq_pushpull,zmq_tcp,none,none,,1,15068,512,584,1785153451528555000,1785153451528555000,1785153451528555000,1785153451528556000,1785153451528750000,1785153451528753000,1785153451528753000,1785153451528753000,121932490,121652369,-86.121,0.000,0.000,1.000,3.000,0.000,0.000,152.000,0,0,0
B3_zmq_pushpull,zmq_tcp,none,none,,1,15069,512,584,1785153451529466000,1785153451529466000,1785153451529467000,1785153451529467000,1785153451529614000,1785153451529617000,1785153451529617000,1785153451529617000,121932490,121652369,-133.121,0.000,1.000,0.000,3.000,0.000,0.000,47.000,0,0,0
B3_zmq_pushpull,zmq_tcp,none,none,,1,15070,512,584,1785153451530577000,1785153451530577000,1785153451530577000,1785153451530578000,1785153451530743000,1785153451530746000,1785153451530746000,1785153451530746000,121932490,121652369,-115.121,0.000,0.000,1.000,3.000,0.000,0.000,18.000,0,0,0
B3_zmq_pushpull,zmq_tcp,none,none,,1,15071,512,584,1785153451531439000,1785153451531439000,1785153451531439000,1785153451531440000,1785153451531597000,1785153451531600000,1785153451531600000,1785153451531600000,121932490,121652369,-123.121,0.000,0.000,1.000,3.000,0.000,0.000,8.000,0,0,0
B3_zmq_pushpull,zmq_tcp,none,none,,1,15072,512,584,1785153451532582000,1785153451532582000,1785153451532582000,1785153451532583000,1785153451532737000,1785153451532739000,1785153451532739000,1785153451532739000,121932490,121652369,-126.121,0.000,0.000,1.000,2.000,0.000,0.000,3.000,0,0,0
B3_zmq_pushpull,zmq_tcp,none,none,,1,15073,512,584,1785153451533446000,1785153451533446000,1785153451533446000,1785153451533447000,1785153451533591000,1785153451533593000,1785153451533593000,1785153451533593000,121932490,121652369,-136.121,0.000,0.000,1.000,2.000,0.000,0.000,10.000,0,0,0
B3_zmq_pushpull,zmq_tcp,none,none,,1,15074,512,584,1785153451534444000,1785153451534444000,1785153451534444000,1785153451534445000,1785153451534588000,1785153451534591000,1785153451534591000,1785153451534591000,121932490,121652369,-137.121,0.000,0.000,1.000,3.000,0.000,0.000,1.000,0,0,0
B3_zmq_pushpull,zmq_tcp,none,none,,1,15075,512,584,1785153451535581000,1785153451535581000,1785153451535581000,1785153451535582000,1785153451535719000,1785153451535722000,1785153451535722000,1785153451535722000,121932490,121652369,-143.121,0.000,0.000,1.000,3.000,0.000,0.000,6.000,0,0,0
B3_zmq_pushpull,zmq_tcp,none,none,,1,15076,512,584,1785153451536548000,1785153451536548000,1785153451536548000,1785153451536549000,1785153451536707000,1785153451536710000,1785153451536710000,1785153451536710000,121932490,121652369,-122.121,0.000,0.000,1.000,3.000,0.000,0.000,21.000,0,0,0
B3_zmq_pushpull,zmq_tcp,none,none,,1,15077,512,584,1785153451537552000,1785153451537552000,1785153451537552000,1785153451537553000,1785153451537722000,1785153451537725000,1785153451537725000,1785153451537725000,121932490,121652369,-111.121,0.000,0.000,1.000,3.000,0.000,0.000,11.000,0,0,0
B3_zmq_pushpull,zmq_tcp,none,none,,1,15078,512,584,1785153451538554000,1785153451538554000,1785153451538554000,1785153451538555000,1785153451538598000,1785153451538601000,1785153451538601000,1785153451538602000,121932490,121652369,-237.121,0.000,0.000,1.000,3.000,0.000,1.000,126.000,0,0,0
B3_zmq_pushpull,zmq_tcp,none,none,,1,15079,512,584,1785153451539553000,1785153451539554000,1785153451539554000,1785153451539555000,1785153451539609000,1785153451539612000,1785153451539612000,1785153451539612000,121932490,121652369,-226.121,1.000,0.000,1.000,3.000,0.000,0.000,11.000,0,0,0
B3_zmq_pushpull,zmq_tcp,none,none,,1,15080,512,584,1785153451540551000,1785153451540551000,1785153451540551000,1785153451540552000,1785153451540609000,1785153451540612000,1785153451540612000,1785153451540612000,121932490,121652369,-223.121,0.000,0.000,1.000,3.000,0.000,0.000,3.000,0,0,0
B3_zmq_pushpull,zmq_tcp,none,none,,1,15081,512,584,1785153451541555000,1785153451541555000,1785153451541555000,1785153451541556000,1785153451541607000,1785153451541611000,1785153451541611000,1785153451541611000,121932490,121652369,-229.121,0.000,0.000,1.000,4.000,0.000,0.000,6.000,0,0,0
B3_zmq_pushpull,zmq_tcp,none,none,,1,15082,512,584,1785153451542555000,1785153451542555000,1785153451542555000,1785153451542556000,1785153451542616000,1785153451542620000,1785153451542620000,1785153451542620000,121932490,121652369,-220.121,0.000,0.000,1.000,4.000,0.000,0.000,9.000,0,0,0
B3_zmq_pushpull,zmq_tcp,none,none,,1,15083,512,584,1785153451543552000,1785153451543552000,1785153451543552000,1785153451543553000,1785153451543618000,1785153451543621000,1785153451543621000,1785153451543621000,121932490,121652369,-215.121,0.000,0.000,1.000,3.000,0.000,0.000,5.000,0,0,0
B3_zmq_pushpull,zmq_tcp,none,none,,1,15084,512,584,1785153451544556000,1785153451544556000,1785153451544556000,1785153451544557000,1785153451544626000,1785153451544628000,1785153451544628000,1785153451544628000,121932490,121652369,-211.121,0.000,0.000,1.000,2.000,0.000,0.000,4.000,0,0,0
B3_zmq_pushpull,zmq_tcp,none,none,,1,15085,512,584,1785153451545554000,1785153451545554000,1785153451545554000,1785153451545555000,1785153451545642000,1785153451545646000,1785153451545646000,1785153451545646000,121932490,121652369,-193.121,0.000,0.000,1.000,4.000,0.000,0.000,18.000,0,0,0
B3_zmq_pushpull,zmq_tcp,none,none,,1,15086,512,584,1785153451546359000,1785153451546359000,1785153451546359000,1785153451546360000,1785153451546491000,1785153451546493000,1785153451546493000,1785153451546493000,121932490,121652369,-149.121,0.000,0.000,1.000,2.000,0.000,0.000,44.000,0,0,0
B3_zmq_pushpull,zmq_tcp,none,none,,1,15087,512,584,1785153451547482000,1785153451547482000,1785153451547482000,1785153451547483000,1785153451547628000,1785153451547630000,1785153451547630000,1785153451547630000,121932490,121652369,-135.121,0.000,0.000,1.000,2.000,0.000,0.000,14.000,0,0,0
B3_zmq_pushpull,zmq_tcp,none,none,,1,15088,512,584,1785153451548572000,1785153451548572000,1785153451548572000,1785153451548573000,1785153451548608000,1785153451548611000,1785153451548611000,1785153451548611000,121932490,121652369,-245.121,0.000,0.000,1.000,3.000,0.000,0.000,110.000,0,0,0
B3_zmq_pushpull,zmq_tcp,none,none,,1,15089,512,584,1785153451549549000,1785153451549550000,1785153451549550000,1785153451549551000,1785153451549618000,1785153451549621000,1785153451549621000,1785153451549621000,121932490,121652369,-213.121,1.000,0.000,1.000,3.000,0.000,0.000,32.000,0,0,0
B3_zmq_pushpull,zmq_tcp,none,none,,1,15090,512,584,1785153451550552000,1785153451550552000,1785153451550552000,1785153451550553000,1785153451550638000,1785153451550641000,1785153451550641000,1785153451550641000,121932490,121652369,-195.121,0.000,0.000,1.000,3.000,0.000,0.000,18.000,0,0,0
B3_zmq_pushpull,zmq_tcp,none,none,,1,15091,512,584,1785153451551555000,1785153451551555000,1785153451551555000,1785153451551556000,1785153451551626000,1785153451551629000,1785153451551629000,1785153451551629000,121932490,121652369,-210.121,0.000,0.000,1.000,3.000,0.000,0.000,15.000,0,0,0
B3_zmq_pushpull,zmq_tcp,none,none,,1,15092,512,584,1785153451552554000,1785153451552554000,1785153451552554000,1785153451552555000,1785153451552633000,1785153451552636000,1785153451552636000,1785153451552636000,121932490,121652369,-202.121,0.000,0.000,1.000,3.000,0.000,0.000,8.000,0,0,0
B3_zmq_pushpull,zmq_tcp,none,none,,1,15093,512,584,1785153451553549000,1785153451553550000,1785153451553550000,1785153451553550000,1785153451553618000,1785153451553621000,1785153451553621000,1785153451553621000,121932490,121652369,-212.121,1.000,0.000,0.000,3.000,0.000,0.000,10.000,0,0,0
B3_zmq_pushpull,zmq_tcp,none,none,,1,15094,512,584,1785153451554452000,1785153451554453000,1785153451554453000,1785153451554454000,1785153451554606000,1785153451554609000,1785153451554610000,1785153451554610000,121932490,121652369,-128.121,1.000,0.000,1.000,3.000,1.000,0.000,84.000,0,0,0
B3_zmq_pushpull,zmq_tcp,none,none,,1,15095,512,584,1785153451555578000,1785153451555578000,1785153451555578000,1785153451555579000,1785153451555723000,1785153451555726000,1785153451555726000,1785153451555726000,121932490,121652369,-136.121,0.000,0.000,1.000,3.000,0.000,0.000,8.000,0,0,0
B3_zmq_pushpull,zmq_tcp,none,none,,1,15096,512,584,1785153451556547000,1785153451556547000,1785153451556547000,1785153451556548000,1785153451556719000,1785153451556721000,1785153451556721000,1785153451556721000,121932490,121652369,-109.121,0.000,0.000,1.000,2.000,0.000,0.000,27.000,0,0,0
B3_zmq_pushpull,zmq_tcp,none,none,,1,15097,512,584,1785153451557557000,1785153451557557000,1785153451557557000,1785153451557558000,1785153451557724000,1785153451557726000,1785153451557726000,1785153451557726000,121932490,121652369,-114.121,0.000,0.000,1.000,2.000,0.000,0.000,5.000,0,0,0
B3_zmq_pushpull,zmq_tcp,none,none,,1,15098,512,584,1785153451558555000,1785153451558555000,1785153451558555000,1785153451558556000,1785153451558724000,1785153451558726000,1785153451558726000,1785153451558726000,121932490,121652369,-112.121,0.000,0.000,1.000,2.000,0.000,0.000,2.000,0,0,0
B3_zmq_pushpull,zmq_tcp,none,none,,1,15099,512,584,1785153451559554000,1785153451559554000,1785153451559554000,1785153451559555000,1785153451559726000,1785153451559729000,1785153451559729000,1785153451559729000,121932490,121652369,-109.121,0.000,0.000,1.000,3.000,0.000,0.000,3.000,0,0,0
B3_zmq_pushpull,zmq_tcp,none,none,,1,15100,512,584,1785153451560550000,1785153451560550000,1785153451560550000,1785153451560551000,1785153451560591000,1785153451560595000,1785153451560595000,1785153451560595000,121932490,121652369,-240.121,0.000,0.000,1.000,4.000,0.000,0.000,131.000,0,0,0
B3_zmq_pushpull,zmq_tcp,none,none,,1,15101,512,584,1785153451561555000,1785153451561555000,1785153451561555000,1785153451561556000,1785153451561710000,1785153451561713000,1785153451561713000,1785153451561713000,121932490,121652369,-126.121,0.000,0.000,1.000,3.000,0.000,0.000,114.000,0,0,0
B3_zmq_pushpull,zmq_tcp,none,none,,1,15102,512,584,1785153451562553000,1785153451562553000,1785153451562553000,1785153451562554000,1785153451562707000,1785153451562710000,1785153451562710000,1785153451562710000,121932490,121652369,-127.121,0.000,0.000,1.000,3.000,0.000,0.000,1.000,0,0,0
B3_zmq_pushpull,zmq_tcp,none,none,,1,15103,512,584,1785153451563554000,1785153451563554000,1785153451563554000,1785153451563555000,1785153451563725000,1785153451563728000,1785153451563728000,1785153451563728000,121932490,121652369,-110.121,0.000,0.000,1.000,3.000,0.000,0.000,17.000,0,0,0
B3_zmq_pushpull,zmq_tcp,none,none,,1,15104,512,584,1785153451564553000,1785153451564553000,1785153451564553000,1785153451564554000,1785153451564741000,1785153451564744000,1785153451564744000,1785153451564744000,121932490,121652369,-93.121,0.000,0.000,1.000,3.000,0.000,0.000,17.000,0,0,0
B3_zmq_pushpull,zmq_tcp,none,none,,1,15105,512,584,1785153451565556000,1785153451565556000,1785153451565556000,1785153451565557000,1785153451565614000,1785153451565617000,1785153451565617000,1785153451565617000,121932490,121652369,-223.121,0.000,0.000,1.000,3.000,0.000,0.000,130.000,0,0,0
B3_zmq_pushpull,zmq_tcp,none,none,,1,15106,512,584,1785153451566459000,1785153451566459000,1785153451566459000,1785153451566460000,1785153451566613000,1785153451566616000,1785153451566616000,1785153451566616000,121932490,121652369,-127.121,0.000,0.000,1.000,3.000,0.000,0.000,96.000,0,0,0
B3_zmq_pushpull,zmq_tcp,none,none,,1,15107,512,584,1785153451567577000,1785153451567578000,1785153451567578000,1785153451567579000,1785153451567721000,1785153451567724000,1785153451567724000,1785153451567724000,121932490,121652369,-138.121,1.000,0.000,1.000,3.000,0.000,0.000,11.000,0,0,0
B3_zmq_pushpull,zmq_tcp,none,none,,1,15108,512,584,1785153451568544000,1785153451568544000,1785153451568544000,1785153451568545000,1785153451568576000,1785153451568579000,1785153451568579000,1785153451568579000,121932490,121652369,-249.121,0.000,0.000,1.000,3.000,0.000,0.000,111.000,0,0,0
B3_zmq_pushpull,zmq_tcp,none,none,,1,15109,512,584,1785153451569407000,1785153451569407000,1785153451569407000,1785153451569408000,1785153451569560000,1785153451569563000,1785153451569563000,1785153451569563000,121932490,121652369,-128.121,0.000,0.000,1.000,3.000,0.000,0.000,121.000,0,0,0
B3_zmq_pushpull,zmq_tcp,none,none,,1,15110,512,584,1785153451570594000,1785153451570594000,1785153451570594000,1785153451570595000,1785153451570690000,1785153451570693000,1785153451570693000,1785153451570693000,121932490,121652369,-185.121,0.000,0.000,1.000,3.000,0.000,0.000,57.000,0,0,0
B3_zmq_pushpull,zmq_tcp,none,none,,1,15111,512,584,1785153451571542000,1785153451571542000,1785153451571542000,1785153451571543000,1785153451571688000,1785153451571690000,1785153451571690000,1785153451571690000,121932490,121652369,-135.121,0.000,0.000,1.000,2.000,0.000,0.000,50.000,0,0,0
B3_zmq_pushpull,zmq_tcp,none,none,,1,15112,512,584,1785153451572558000,1785153451572558000,1785153451572558000,1785153451572559000,1785153451572681000,1785153451572684000,1785153451572684000,1785153451572684000,121932490,121652369,-158.121,0.000,0.000,1.000,3.000,0.000,0.000,23.000,0,0,0
B3_zmq_pushpull,zmq_tcp,none,none,,1,15113,512,584,1785153451573552000,1785153451573552000,1785153451573552000,1785153451573553000,1785153451573677000,1785153451573680000,1785153451573680000,1785153451573680000,121932490,121652369,-156.121,0.000,0.000,1.000,3.000,0.000,0.000,2.000,0,0,0
B3_zmq_pushpull,zmq_tcp,none,none,,1,15114,512,584,1785153451574553000,1785153451574553000,1785153451574553000,1785153451574554000,1785153451574669000,1785153451574672000,1785153451574672000,1785153451574672000,121932490,121652369,-165.121,0.000,0.000,1.000,3.000,0.000,0.000,9.000,0,0,0
B3_zmq_pushpull,zmq_tcp,none,none,,1,15115,512,584,1785153451575551000,1785153451575551000,1785153451575551000,1785153451575552000,1785153451575665000,1785153451575668000,1785153451575668000,1785153451575668000,121932490,121652369,-167.121,0.000,0.000,1.000,3.000,0.000,0.000,2.000,0,0,0
B3_zmq_pushpull,zmq_tcp,none,none,,1,15116,512,584,1785153451576555000,1785153451576556000,1785153451576556000,1785153451576557000,1785153451576673000,1785153451576676000,1785153451576676000,1785153451576676000,121932490,121652369,-164.121,1.000,0.000,1.000,3.000,0.000,0.000,3.000,0,0,0
B3_zmq_pushpull,zmq_tcp,none,none,,1,15117,512,584,1785153451577556000,1785153451577556000,1785153451577557000,1785153451577557000,1785153451577673000,1785153451577676000,1785153451577676000,1785153451577676000,121932490,121652369,-164.121,0.000,1.000,0.000,3.000,0.000,0.000,0.000,0,0,0
B3_zmq_pushpull,zmq_tcp,none,none,,1,15118,512,584,1785153451578552000,1785153451578552000,1785153451578552000,1785153451578553000,1785153451578693000,1785153451578696000,1785153451578696000,1785153451578696000,121932490,121652369,-140.121,0.000,0.000,1.000,3.000,0.000,0.000,24.000,0,0,0
B3_zmq_pushpull,zmq_tcp,none,none,,1,15119,512,584,1785153451579391000,1785153451579391000,1785153451579391000,1785153451579392000,1785153451579543000,1785153451579546000,1785153451579546000,1785153451579546000,121932490,121652369,-129.121,0.000,0.000,1.000,3.000,0.000,0.000,11.000,0,0,0
B3_zmq_pushpull,zmq_tcp,none,none,,1,15120,512,584,1785153451580392000,1785153451580393000,1785153451580393000,1785153451580394000,1785153451580548000,1785153451580551000,1785153451580551000,1785153451580551000,121932490,121652369,-126.121,1.000,0.000,1.000,3.000,0.000,0.000,3.000,0,0,0
B3_zmq_pushpull,zmq_tcp,none,none,,1,15121,512,584,1785153451581594000,1785153451581594000,1785153451581594000,1785153451581595000,1785153451581674000,1785153451581677000,1785153451581677000,1785153451581677000,121932490,121652369,-201.121,0.000,0.000,1.000,3.000,0.000,0.000,75.000,0,0,0
B3_zmq_pushpull,zmq_tcp,none,none,,1,15122,512,584,1785153451582540000,1785153451582540000,1785153451582540000,1785153451582541000,1785153451582661000,1785153451582664000,1785153451582664000,1785153451582664000,121932490,121652369,-160.121,0.000,0.000,1.000,3.000,0.000,0.000,41.000,0,0,0
B3_zmq_pushpull,zmq_tcp,none,none,,1,15123,512,584,1785153451583557000,1785153451583557000,1785153451583557000,1785153451583558000,1785153451583673000,1785153451583676000,1785153451583676000,1785153451583676000,121932490,121652369,-165.121,0.000,0.000,1.000,3.000,0.000,0.000,5.000,0,0,0
B3_zmq_pushpull,zmq_tcp,none,none,,1,15124,512,584,1785153451584553000,1785153451584553000,1785153451584554000,1785153451584554000,1785153451584689000,1785153451584692000,1785153451584692000,1785153451584692000,121932490,121652369,-145.121,0.000,1.000,0.000,3.000,0.000,0.000,20.000,0,0,0
B3_zmq_pushpull,zmq_tcp,none,none,,1,15125,512,584,1785153451585394000,1785153451585394000,1785153451585394000,1785153451585396000,1785153451585545000,1785153451585548000,1785153451585548000,1785153451585548000,121932490,121652369,-131.121,0.000,0.000,2.000,3.000,0.000,0.000,14.000,0,0,0
B3_zmq_pushpull,zmq_tcp,none,none,,1,15126,512,584,1785153451586407000,1785153451586407000,1785153451586407000,1785153451586408000,1785153451586568000,1785153451586570000,1785153451586570000,1785153451586570000,121932490,121652369,-120.121,0.000,0.000,1.000,2.000,0.000,0.000,11.000,0,0,0
B3_zmq_pushpull,zmq_tcp,none,none,,1,15127,512,584,1785153451587420000,1785153451587420000,1785153451587420000,1785153451587421000,1785153451587575000,1785153451587577000,1785153451587578000,1785153451587578000,121932490,121652369,-126.121,0.000,0.000,1.000,2.000,1.000,0.000,6.000,0,0,0
B3_zmq_pushpull,zmq_tcp,none,none,,1,15128,512,584,1785153451588587000,1785153451588587000,1785153451588587000,1785153451588588000,1785153451588712000,1785153451588714000,1785153451588714000,1785153451588714000,121932490,121652369,-156.121,0.000,0.000,1.000,2.000,0.000,0.000,30.000,0,0,0
B3_zmq_pushpull,zmq_tcp,none,none,,1,15129,512,584,1785153451589543000,1785153451589543000,1785153451589543000,1785153451589544000,1785153451589585000,1785153451589588000,1785153451589588000,1785153451589588000,121932490,121652369,-239.121,0.000,0.000,1.000,3.000,0.000,0.000,83.000,0,0,0
B3_zmq_pushpull,zmq_tcp,none,none,,1,15130,512,584,1785153451590557000,1785153451590557000,1785153451590557000,1785153451590558000,1785153451590722000,1785153451590725000,1785153451590725000,1785153451590725000,121932490,121652369,-116.121,0.000,0.000,1.000,3.000,0.000,0.000,123.000,0,0,0
B3_zmq_pushpull,zmq_tcp,none,none,,1,15131,512,584,1785153451591553000,1785153451591553000,1785153451591553000,1785153451591554000,1785153451591736000,1785153451591739000,1785153451591739000,1785153451591739000,121932490,121652369,-98.121,0.000,0.000,1.000,3.000,0.000,0.000,18.000,0,0,0
B3_zmq_pushpull,zmq_tcp,none,none,,1,15132,512,584,1785153451592450000,1785153451592450000,1785153451592450000,1785153451592451000,1785153451592605000,1785153451592608000,1785153451592608000,1785153451592608000,121932490,121652369,-126.121,0.000,0.000,1.000,3.000,0.000,0.000,28.000,0,0,0
B3_zmq_pushpull,zmq_tcp,none,none,,1,15133,512,584,1785153451593579000,1785153451593579000,1785153451593579000,1785153451593580000,1785153451593718000,1785153451593721000,1785153451593721000,1785153451593721000,121932490,121652369,-142.121,0.000,0.000,1.000,3.000,0.000,0.000,16.000,0,0,0
B3_zmq_pushpull,zmq_tcp,none,none,,1,15134,512,584,1785153451594547000,1785153451594547000,1785153451594547000,1785153451594548000,1785153451594590000,1785153451594594000,1785153451594594000,1785153451594594000,121932490,121652369,-238.121,0.000,0.000,1.000,4.000,0.000,0.000,96.000,0,0,0
B3_zmq_pushpull,zmq_tcp,none,none,,1,15135,512,584,1785153451595556000,1785153451595556000,1785153451595556000,1785153451595557000,1785153451595741000,1785153451595744000,1785153451595744000,1785153451595744000,121932490,121652369,-96.121,0.000,0.000,1.000,3.000,0.000,0.000,142.000,0,0,0
B3_zmq_pushpull,zmq_tcp,none,none,,1,15136,512,584,1785153451596550000,1785153451596550000,1785153451596550000,1785153451596551000,1785153451596605000,1785153451596608000,1785153451596608000,1785153451596608000,121932490,121652369,-226.121,0.000,0.000,1.000,3.000,0.000,0.000,130.000,0,0,0
B3_zmq_pushpull,zmq_tcp,none,none,,1,15137,512,584,1785153451597555000,1785153451597555000,1785153451597555000,1785153451597556000,1785153451597607000,1785153451597610000,1785153451597610000,1785153451597610000,121932490,121652369,-229.121,0.000,0.000,1.000,3.000,0.000,0.000,3.000,0,0,0
B3_zmq_pushpull,zmq_tcp,none,none,,1,15138,512,584,1785153451598554000,1785153451598554000,1785153451598554000,1785153451598555000,1785153451598616000,1785153451598619000,1785153451598619000,1785153451598619000,121932490,121652369,-219.121,0.000,0.000,1.000,3.000,0.000,0.000,10.000,0,0,0
B3_zmq_pushpull,zmq_tcp,none,none,,1,15139,512,584,1785153451599457000,1785153451599457000,1785153451599457000,1785153451599458000,1785153451599606000,1785153451599609000,1785153451599609000,1785153451599609000,121932490,121652369,-132.121,0.000,0.000,1.000,3.000,0.000,0.000,87.000,0,0,0
B3_zmq_pushpull,zmq_tcp,none,none,,1,15140,512,584,1785153451600579000,1785153451600579000,1785153451600580000,1785153451600580000,1785153451600752000,1785153451600754000,1785153451600754000,1785153451600754000,121932490,121652369,-108.121,0.000,1.000,0.000,2.000,0.000,0.000,24.000,0,0,0
B3_zmq_pushpull,zmq_tcp,none,none,,1,15141,512,584,1785153451601461000,1785153451601461000,1785153451601461000,1785153451601462000,1785153451601615000,1785153451601617000,1785153451601617000,1785153451601617000,121932490,121652369,-127.121,0.000,0.000,1.000,2.000,0.000,0.000,19.000,0,0,0
B3_zmq_pushpull,zmq_tcp,none,none,,1,15142,512,584,1785153451602577000,1785153451602577000,1785153451602577000,1785153451602578000,1785153451602732000,1785153451602734000,1785153451602734000,1785153451602735000,121932490,121652369,-126.121,0.000,0.000,1.000,2.000,0.000,1.000,1.000,0,0,0
B3_zmq_pushpull,zmq_tcp,none,none,,1,15143,512,584,1785153451603546000,1785153451603546000,1785153451603546000,1785153451603547000,1785153451603578000,1785153451603580000,1785153451603580000,1785153451603580000,121932490,121652369,-249.121,0.000,0.000,1.000,2.000,0.000,0.000,123.000,0,0,0
B3_zmq_pushpull,zmq_tcp,none,none,,1,15144,512,584,1785153451604556000,1785153451604556000,1785153451604557000,1785153451604557000,1785153451604724000,1785153451604726000,1785153451604726000,1785153451604726000,121932490,121652369,-113.121,0.000,1.000,0.000,2.000,0.000,0.000,136.000,0,0,0
B3_zmq_pushpull,zmq_tcp,none,none,,1,15145,512,584,1785153451605557000,1785153451605557000,1785153451605557000,1785153451605558000,1785153451605720000,1785153451605723000,1785153451605723000,1785153451605723000,121932490,121652369,-118.121,0.000,0.000,1.000,3.000,0.000,0.000,5.000,0,0,0
B3_zmq_pushpull,zmq_tcp,none,none,,1,15146,512,584,1785153451606554000,1785153451606554000,1785153451606554000,1785153451606555000,1785153451606705000,1785153451606708000,1785153451606708000,1785153451606708000,121932490,121652369,-130.121,0.000,0.000,1.000,3.000,0.000,0.000,12.000,0,0,0
B3_zmq_pushpull,zmq_tcp,none,none,,1,15147,512,584,1785153451607416000,1785153451607416000,1785153451607416000,1785153451607417000,1785153451607575000,1785153451607577000,1785153451607577000,1785153451607577000,121932490,121652369,-122.121,0.000,0.000,1.000,2.000,0.000,0.000,8.000,0,0,0
B3_zmq_pushpull,zmq_tcp,none,none,,1,15148,512,584,1785153451608588000,1785153451608588000,1785153451608588000,1785153451608589000,1785153451608708000,1785153451608711000,1785153451608711000,1785153451608711000,121932490,121652369,-161.121,0.000,0.000,1.000,3.000,0.000,0.000,39.000,0,0,0
B3_zmq_pushpull,zmq_tcp,none,none,,1,15149,512,584,1785153451609546000,1785153451609546000,1785153451609546000,1785153451609547000,1785153451609707000,1785153451609710000,1785153451609710000,1785153451609710000,121932490,121652369,-120.121,0.000,0.000,1.000,3.000,0.000,0.000,41.000,0,0,0
B3_zmq_pushpull,zmq_tcp,none,none,,1,15150,512,584,1785153451610556000,1785153451610556000,1785153451610556000,1785153451610557000,1785153451610685000,1785153451610688000,1785153451610688000,1785153451610688000,121932490,121652369,-152.121,0.000,0.000,1.000,3.000,0.000,0.000,32.000,0,0,0
B3_zmq_pushpull,zmq_tcp,none,none,,1,15151,512,584,1785153451611550000,1785153451611550000,1785153451611550000,1785153451611551000,1785153451611687000,1785153451611690000,1785153451611690000,1785153451611690000,121932490,121652369,-144.121,0.000,0.000,1.000,3.000,0.000,0.000,8.000,0,0,0
B3_zmq_pushpull,zmq_tcp,none,none,,1,15152,512,584,1785153451612387000,1785153451612387000,1785153451612387000,1785153451612388000,1785153451612545000,1785153451612548000,1785153451612548000,1785153451612548000,121932490,121652369,-123.121,0.000,0.000,1.000,3.000,0.000,0.000,21.000,0,0,0
B3_zmq_pushpull,zmq_tcp,none,none,,1,15153,512,584,1785153451613598000,1785153451613598000,1785153451613598000,1785153451613599000,1785153451613679000,1785153451613681000,1785153451613681000,1785153451613681000,121932490,121652369,-200.121,0.000,0.000,1.000,2.000,0.000,0.000,77.000,0,0,0
B3_zmq_pushpull,zmq_tcp,none,none,,1,15154,512,584,1785153451614542000,1785153451614542000,1785153451614542000,1785153451614543000,1785153451614687000,1785153451614689000,1785153451614689000,1785153451614689000,121932490,121652369,-136.121,0.000,0.000,1.000,2.000,0.000,0.000,64.000,0,0,0
B3_zmq_pushpull,zmq_tcp,none,none,,1,15155,512,584,1785153451615556000,1785153451615557000,1785153451615557000,1785153451615558000,1785153451615664000,1785153451615667000,1785153451615667000,1785153451615667000,121932490,121652369,-174.121,1.000,0.000,1.000,3.000,0.000,0.000,38.000,0,0,0
B3_zmq_pushpull,zmq_tcp,none,none,,1,15156,512,584,1785153451616554000,1785153451616554000,1785153451616554000,1785153451616555000,1785153451616659000,1785153451616661000,1785153451616661000,1785153451616661000,121932490,121652369,-176.121,0.000,0.000,1.000,2.000,0.000,0.000,2.000,0,0,0
B3_zmq_pushpull,zmq_tcp,none,none,,1,15157,512,584,1785153451617554000,1785153451617554000,1785153451617554000,1785153451617555000,1785153451617661000,1785153451617664000,1785153451617664000,1785153451617664000,121932490,121652369,-174.121,0.000,0.000,1.000,3.000,0.000,0.000,2.000,0,0,0
B3_zmq_pushpull,zmq_tcp,none,none,,1,15158,512,584,1785153451618551000,1785153451618551000,1785153451618551000,1785153451618552000,1785153451618667000,1785153451618669000,1785153451618669000,1785153451618669000,121932490,121652369,-165.121,0.000,0.000,1.000,2.000,0.000,0.000,9.000,0,0,0
B3_zmq_pushpull,zmq_tcp,none,none,,1,15159,512,584,1785153451619558000,1785153451619558000,1785153451619558000,1785153451619559000,1785153451619671000,1785153451619673000,1785153451619673000,1785153451619673000,121932490,121652369,-168.121,0.000,0.000,1.000,2.000,0.000,0.000,3.000,0,0,0
B3_zmq_pushpull,zmq_tcp,none,none,,1,15160,512,584,1785153451620552000,1785153451620552000,1785153451620552000,1785153451620553000,1785153451620679000,1785153451620681000,1785153451620681000,1785153451620681000,121932490,121652369,-154.121,0.000,0.000,1.000,2.000,0.000,0.000,14.000,0,0,0
B3_zmq_pushpull,zmq_tcp,none,none,,1,15161,512,584,1785153451621555000,1785153451621555000,1785153451621555000,1785153451621556000,1785153451621649000,1785153451621652000,1785153451621652000,1785153451621652000,121932490,121652369,-187.121,0.000,0.000,1.000,3.000,0.000,0.000,33.000,0,0,0
B3_zmq_pushpull,zmq_tcp,none,none,,1,15162,512,584,1785153451622551000,1785153451622552000,1785153451622552000,1785153451622553000,1785153451622609000,1785153451622612000,1785153451622612000,1785153451622612000,121932490,121652369,-224.121,1.000,0.000,1.000,3.000,0.000,0.000,37.000,0,0,0
B3_zmq_pushpull,zmq_tcp,none,none,,1,15163,512,584,1785153451623431000,1785153451623431000,1785153451623431000,1785153451623432000,1785153451623574000,1785153451623576000,1785153451623576000,1785153451623576000,121932490,121652369,-138.121,0.000,0.000,1.000,2.000,0.000,0.000,86.000,0,0,0
B3_zmq_pushpull,zmq_tcp,none,none,,1,15164,512,584,1785153451624585000,1785153451624585000,1785153451624585000,1785153451624586000,1785153451624691000,1785153451624694000,1785153451624694000,1785153451624694000,121932490,121652369,-175.121,0.000,0.000,1.000,3.000,0.000,0.000,37.000,0,0,0
B3_zmq_pushpull,zmq_tcp,none,none,,1,15165,512,584,1785153451625542000,1785153451625542000,1785153451625542000,1785153451625543000,1785153451625668000,1785153451625671000,1785153451625671000,1785153451625671000,121932490,121652369,-155.121,0.000,0.000,1.000,3.000,0.000,0.000,20.000,0,0,0
B3_zmq_pushpull,zmq_tcp,none,none,,1,15166,512,584,1785153451626555000,1785153451626556000,1785153451626556000,1785153451626557000,1785153451626645000,1785153451626648000,1785153451626648000,1785153451626648000,121932490,121652369,-192.121,1.000,0.000,1.000,3.000,0.000,0.000,37.000,0,0,0
B3_zmq_pushpull,zmq_tcp,none,none,,1,15167,512,584,1785153451627553000,1785153451627553000,1785153451627553000,1785153451627554000,1785153451627634000,1785153451627637000,1785153451627637000,1785153451627637000,121932490,121652369,-200.121,0.000,0.000,1.000,3.000,0.000,0.000,8.000,0,0,0
B3_zmq_pushpull,zmq_tcp,none,none,,1,15168,512,584,1785153451628464000,1785153451628464000,1785153451628465000,1785153451628465000,1785153451628620000,1785153451628623000,1785153451628623000,1785153451628623000,121932490,121652369,-125.121,0.000,1.000,0.000,3.000,0.000,0.000,75.000,0,0,0
B3_zmq_pushpull,zmq_tcp,none,none,,1,15169,512,584,1785153451629574000,1785153451629574000,1785153451629574000,1785153451629575000,1785153451629621000,1785153451629625000,1785153451629625000,1785153451629625000,121932490,121652369,-234.121,0.000,0.000,1.000,4.000,0.000,0.000,109.000,0,0,0
B3_zmq_pushpull,zmq_tcp,none,none,,1,15170,512,584,1785153451630547000,1785153451630548000,1785153451630548000,1785153451630549000,1785153451630598000,1785153451630601000,1785153451630601000,1785153451630601000,121932490,121652369,-231.121,1.000,0.000,1.000,3.000,0.000,0.000,3.000,0,0,0
B3_zmq_pushpull,zmq_tcp,none,none,,1,15171,512,584,1785153451631554000,1785153451631554000,1785153451631554000,1785153451631555000,1785153451631691000,1785153451631694000,1785153451631694000,1785153451631694000,121932490,121652369,-144.121,0.000,0.000,1.000,3.000,0.000,0.000,87.000,0,0,0
B3_zmq_pushpull,zmq_tcp,none,none,,1,15172,512,584,1785153451632396000,1785153451632396000,1785153451632396000,1785153451632397000,1785153451632548000,1785153451632551000,1785153451632551000,1785153451632551000,121932490,121652369,-129.121,0.000,0.000,1.000,3.000,0.000,0.000,15.000,0,0,0
B3_zmq_pushpull,zmq_tcp,none,none,,1,15173,512,584,1785153451633596000,1785153451633596000,1785153451633596000,1785153451633597000,1785153451633679000,1785153451633682000,1785153451633682000,1785153451633682000,121932490,121652369,-198.121,0.000,0.000,1.000,3.000,0.000,0.000,69.000,0,0,0
B3_zmq_pushpull,zmq_tcp,none,none,,1,15174,512,584,1785153451634542000,1785153451634542000,1785153451634542000,1785153451634543000,1785153451634680000,1785153451634683000,1785153451634683000,1785153451634683000,121932490,121652369,-143.121,0.000,0.000,1.000,3.000,0.000,0.000,55.000,0,0,0
B3_zmq_pushpull,zmq_tcp,none,none,,1,15175,512,584,1785153451635558000,1785153451635558000,1785153451635558000,1785153451635559000,1785153451635675000,1785153451635678000,1785153451635678000,1785153451635678000,121932490,121652369,-164.121,0.000,0.000,1.000,3.000,0.000,0.000,21.000,0,0,0
B3_zmq_pushpull,zmq_tcp,none,none,,1,15176,512,584,1785153451636553000,1785153451636553000,1785153451636553000,1785153451636554000,1785153451636646000,1785153451636649000,1785153451636649000,1785153451636649000,121932490,121652369,-188.121,0.000,0.000,1.000,3.000,0.000,0.000,24.000,0,0,0
B3_zmq_pushpull,zmq_tcp,none,none,,1,15177,512,584,1785153451637553000,1785153451637553000,1785153451637553000,1785153451637554000,1785153451637611000,1785153451637614000,1785153451637614000,1785153451637614000,121932490,121652369,-223.121,0.000,0.000,1.000,3.000,0.000,0.000,35.000,0,0,0
B3_zmq_pushpull,zmq_tcp,none,none,,1,15178,512,584,1785153451638555000,1785153451638555000,1785153451638555000,1785153451638556000,1785153451638599000,1785153451638602000,1785153451638602000,1785153451638602000,121932490,121652369,-237.121,0.000,0.000,1.000,3.000,0.000,0.000,14.000,0,0,0
B3_zmq_pushpull,zmq_tcp,none,none,,1,15179,512,584,1785153451639422000,1785153451639423000,1785153451639423000,1785153451639424000,1785153451639571000,1785153451639573000,1785153451639573000,1785153451639573000,121932490,121652369,-133.121,1.000,0.000,1.000,2.000,0.000,0.000,104.000,0,0,0
B3_zmq_pushpull,zmq_tcp,none,none,,1,15180,512,584,1785153451640405000,1785153451640405000,1785153451640405000,1785153451640406000,1785153451640566000,1785153451640568000,1785153451640568000,1785153451640568000,121932490,121652369,-120.121,0.000,0.000,1.000,2.000,0.000,0.000,13.000,0,0,0
B3_zmq_pushpull,zmq_tcp,none,none,,1,15181,512,584,1785153451641396000,1785153451641396000,1785153451641396000,1785153451641397000,1785153451641555000,1785153451641558000,1785153451641558000,1785153451641558000,121932490,121652369,-122.121,0.000,0.000,1.000,3.000,0.000,0.000,2.000,0,0,0
B3_zmq_pushpull,zmq_tcp,none,none,,1,15182,512,584,1785153451642595000,1785153451642595000,1785153451642595000,1785153451642596000,1785153451642805000,1785153451642809000,1785153451642809000,1785153451642809000,121932490,121652369,-71.121,0.000,0.000,1.000,4.000,0.000,0.000,51.000,0,0,0
B3_zmq_pushpull,zmq_tcp,none,none,,1,15183,512,584,1785153451643358000,1785153451643359000,1785153451643359000,1785153451643360000,1785153451643498000,1785153451643500000,1785153451643501000,1785153451643501000,121932490,121652369,-142.121,1.000,0.000,1.000,2.000,1.000,0.000,71.000,0,0,0
B3_zmq_pushpull,zmq_tcp,none,none,,1,15184,512,584,1785153451644454000,1785153451644454000,1785153451644454000,1785153451644455000,1785153451644597000,1785153451644599000,1785153451644599000,1785153451644599000,121932490,121652369,-138.121,0.000,0.000,1.000,2.000,0.000,0.000,4.000,0,0,0
B3_zmq_pushpull,zmq_tcp,none,none,,1,15185,512,584,1785153451645578000,1785153451645578000,1785153451645579000,1785153451645579000,1785153451645728000,1785153451645732000,1785153451645732000,1785153451645732000,121932490,121652369,-131.121,0.000,1.000,0.000,4.000,0.000,0.000,7.000,0,0,0
B3_zmq_pushpull,zmq_tcp,none,none,,1,15186,512,584,1785153451646427000,1785153451646427000,1785153451646427000,1785153451646428000,1785153451646586000,1785153451646588000,1785153451646588000,1785153451646589000,121932490,121652369,-122.121,0.000,0.000,1.000,2.000,0.000,1.000,9.000,0,0,0
B3_zmq_pushpull,zmq_tcp,none,none,,1,15187,512,584,1785153451647412000,1785153451647412000,1785153451647412000,1785153451647413000,1785153451647573000,1785153451647575000,1785153451647575000,1785153451647575000,121932490,121652369,-120.121,0.000,0.000,1.000,2.000,0.000,0.000,2.000,0,0,0
B3_zmq_pushpull,zmq_tcp,none,none,,1,15188,512,584,1785153451648592000,1785153451648592000,1785153451648592000,1785153451648592000,1785153451648704000,1785153451648708000,1785153451648708000,1785153451648708000,121932490,121652369,-168.121,0.000,0.000,0.000,4.000,0.000,0.000,48.000,0,0,0
B3_zmq_pushpull,zmq_tcp,none,none,,1,15189,512,584,1785153451649549000,1785153451649549000,1785153451649549000,1785153451649550000,1785153451649711000,1785153451649715000,1785153451649715000,1785153451649715000,121932490,121652369,-119.121,0.000,0.000,1.000,4.000,0.000,0.000,49.000,0,0,0
B3_zmq_pushpull,zmq_tcp,none,none,,1,15190,512,584,1785153451650551000,1785153451650552000,1785153451650552000,1785153451650553000,1785153451650710000,1785153451650714000,1785153451650714000,1785153451650714000,121932490,121652369,-123.121,1.000,0.000,1.000,4.000,0.000,0.000,4.000,0,0,0
B3_zmq_pushpull,zmq_tcp,none,none,,1,15191,512,584,1785153451651554000,1785153451651555000,1785153451651555000,1785153451651556000,1785153451651701000,1785153451651704000,1785153451651704000,1785153451651704000,121932490,121652369,-135.121,1.000,0.000,1.000,3.000,0.000,0.000,12.000,0,0,0
B3_zmq_pushpull,zmq_tcp,none,none,,1,15192,512,584,1785153451652553000,1785153451652553000,1785153451652553000,1785153451652554000,1785153451652675000,1785153451652678000,1785153451652678000,1785153451652678000,121932490,121652369,-159.121,0.000,0.000,1.000,3.000,0.000,0.000,24.000,0,0,0
B3_zmq_pushpull,zmq_tcp,none,none,,1,15193,512,584,1785153451653550000,1785153451653550000,1785153451653550000,1785153451653551000,1785153451653657000,1785153451653659000,1785153451653659000,1785153451653659000,121932490,121652369,-174.121,0.000,0.000,1.000,2.000,0.000,0.000,15.000,0,0,0
B3_zmq_pushpull,zmq_tcp,none,none,,1,15194,512,584,1785153451654556000,1785153451654557000,1785153451654557000,1785153451654558000,1785153451654634000,1785153451654637000,1785153451654637000,1785153451654637000,121932490,121652369,-204.121,1.000,0.000,1.000,3.000,0.000,0.000,30.000,0,0,0
B3_zmq_pushpull,zmq_tcp,none,none,,1,15195,512,584,1785153451655553000,1785153451655553000,1785153451655553000,1785153451655554000,1785153451655619000,1785153451655623000,1785153451655624000,1785153451655624000,121932490,121652369,-215.121,0.000,0.000,1.000,4.000,1.000,0.000,11.000,0,0,0
B3_zmq_pushpull,zmq_tcp,none,none,,1,15196,512,584,1785153451656451000,1785153451656451000,1785153451656452000,1785153451656452000,1785153451656599000,1785153451656602000,1785153451656602000,1785153451656602000,121932490,121652369,-133.121,0.000,1.000,0.000,3.000,0.000,0.000,82.000,0,0,0
B3_zmq_pushpull,zmq_tcp,none,none,,1,15197,512,584,1785153451657579000,1785153451657579000,1785153451657579000,1785153451657580000,1785153451657719000,1785153451657722000,1785153451657722000,1785153451657722000,121932490,121652369,-141.121,0.000,0.000,1.000,3.000,0.000,0.000,8.000,0,0,0
B3_zmq_pushpull,zmq_tcp,none,none,,1,15198,512,584,1785153451658548000,1785153451658548000,1785153451658548000,1785153451658549000,1785153451658677000,1785153451658679000,1785153451658679000,1785153451658679000,121932490,121652369,-152.121,0.000,0.000,1.000,2.000,0.000,0.000,11.000,0,0,0
B3_zmq_pushpull,zmq_tcp,none,none,,1,15199,512,584,1785153451659554000,1785153451659554000,1785153451659554000,1785153451659555000,1785153451659645000,1785153451659647000,1785153451659647000,1785153451659647000,121932490,121652369,-190.121,0.000,0.000,1.000,2.000,0.000,0.000,38.000,0,0,0
B3_zmq_pushpull,zmq_tcp,none,none,,1,15200,512,584,1785153451660553000,1785153451660553000,1785153451660553000,1785153451660554000,1785153451660643000,1785153451660646000,1785153451660646000,1785153451660646000,121932490,121652369,-191.121,0.000,0.000,1.000,3.000,0.000,0.000,1.000,0,0,0
B3_zmq_pushpull,zmq_tcp,none,none,,1,15201,512,584,1785153451661553000,1785153451661553000,1785153451661553000,1785153451661554000,1785153451661628000,1785153451661631000,1785153451661631000,1785153451661631000,121932490,121652369,-206.121,0.000,0.000,1.000,3.000,0.000,0.000,15.000,0,0,0
B3_zmq_pushpull,zmq_tcp,none,none,,1,15202,512,584,1785153451662555000,1785153451662555000,1785153451662555000,1785153451662556000,1785153451662753000,1785153451662755000,1785153451662755000,1785153451662755000,121932490,121652369,-83.121,0.000,0.000,1.000,2.000,0.000,0.000,123.000,0,0,0
B3_zmq_pushpull,zmq_tcp,none,none,,1,15203,512,584,1785153451663552000,1785153451663553000,1785153451663553000,1785153451663554000,1785153451663596000,1785153451663599000,1785153451663599000,1785153451663599000,121932490,121652369,-238.121,1.000,0.000,1.000,3.000,0.000,0.000,155.000,0,0,0
B3_zmq_pushpull,zmq_tcp,none,none,,1,15204,512,584,1785153451664420000,1785153451664420000,1785153451664420000,1785153451664421000,1785153451664573000,1785153451664575000,1785153451664575000,1785153451664575000,121932490,121652369,-128.121,0.000,0.000,1.000,2.000,0.000,0.000,110.000,0,0,0
B3_zmq_pushpull,zmq_tcp,none,none,,1,15205,512,584,1785153451665397000,1785153451665397000,1785153451665397000,1785153451665398000,1785153451665550000,1785153451665553000,1785153451665553000,1785153451665553000,121932490,121652369,-128.121,0.000,0.000,1.000,3.000,0.000,0.000,0.000,0,0,0
B3_zmq_pushpull,zmq_tcp,none,none,,1,15206,512,584,1785153451666368000,1785153451666368000,1785153451666368000,1785153451666369000,1785153451666511000,1785153451666514000,1785153451666514000,1785153451666514000,121932490,121652369,-138.121,0.000,0.000,1.000,3.000,0.000,0.000,10.000,0,0,0
B3_zmq_pushpull,zmq_tcp,none,none,,1,15207,512,584,1785153451667596000,1785153451667596000,1785153451667596000,1785153451667597000,1785153451667647000,1785153451667651000,1785153451667651000,1785153451667651000,121932490,121652369,-230.121,0.000,0.000,1.000,4.000,0.000,0.000,92.000,0,0,0
B3_zmq_pushpull,zmq_tcp,none,none,,1,15208,512,584,1785153451668363000,1785153451668363000,1785153451668363000,1785153451668364000,1785153451668507000,1785153451668510000,1785153451668510000,1785153451668510000,121932490,121652369,-137.121,0.000,0.000,1.000,3.000,0.000,0.000,93.000,0,0,0
B3_zmq_pushpull,zmq_tcp,none,none,,1,15209,512,584,1785153451669476000,1785153451669476000,1785153451669476000,1785153451669477000,1785153451669633000,1785153451669635000,1785153451669635000,1785153451669635000,121932490,121652369,-124.121,0.000,0.000,1.000,2.000,0.000,0.000,13.000,0,0,0
B3_zmq_pushpull,zmq_tcp,none,none,,1,15210,512,584,1785153451670572000,1785153451670572000,1785153451670572000,1785153451670573000,1785153451670754000,1785153451670757000,1785153451670757000,1785153451670757000,121932490,121652369,-99.121,0.000,0.000,1.000,3.000,0.000,0.000,25.000,0,0,0
B3_zmq_pushpull,zmq_tcp,none,none,,1,15211,512,584,1785153451671549000,1785153451671549000,1785153451671549000,1785153451671550000,1785153451671595000,1785153451671599000,1785153451671599000,1785153451671599000,121932490,121652369,-235.121,0.000,0.000,1.000,4.000,0.000,0.000,136.000,0,0,0
B3_zmq_pushpull,zmq_tcp,none,none,,1,15212,512,584,1785153451672417000,1785153451672417000,1785153451672417000,1785153451672418000,1785153451672571000,1785153451672574000,1785153451672574000,1785153451672574000,121932490,121652369,-127.121,0.000,0.000,1.000,3.000,0.000,0.000,108.000,0,0,0
B3_zmq_pushpull,zmq_tcp,none,none,,1,15213,512,584,1785153451673399000,1785153451673400000,1785153451673400000,1785153451673401000,1785153451673551000,1785153451673554000,1785153451673554000,1785153451673554000,121932490,121652369,-130.121,1.000,0.000,1.000,3.000,0.000,0.000,3.000,0,0,0
B3_zmq_pushpull,zmq_tcp,none,none,,1,15214,512,584,1785153451674386000,1785153451674386000,1785153451674386000,1785153451674387000,1785153451674533000,1785153451674536000,1785153451674536000,1785153451674536000,121932490,121652369,-134.121,0.000,0.000,1.000,3.000,0.000,0.000,4.000,0,0,0
B3_zmq_pushpull,zmq_tcp,none,none,,1,15215,512,584,1785153451675594000,1785153451675594000,1785153451675594000,1785153451675595000,1785153451675789000,1785153451675791000,1785153451675791000,1785153451675791000,121932490,121652369,-86.121,0.000,0.000,1.000,2.000,0.000,0.000,48.000,0,0,0
B3_zmq_pushpull,zmq_tcp,none,none,,1,15216,512,584,1785153451676477000,1785153451676477000,1785153451676477000,1785153451676478000,1785153451676637000,1785153451676639000,1785153451676639000,1785153451676639000,121932490,121652369,-121.121,0.000,0.000,1.000,2.000,0.000,0.000,35.000,0,0,0
B3_zmq_pushpull,zmq_tcp,none,none,,1,15217,512,584,1785153451677573000,1785153451677574000,1785153451677574000,1785153451677575000,1785153451677729000,1785153451677732000,1785153451677732000,1785153451677732000,121932490,121652369,-126.121,1.000,0.000,1.000,3.000,0.000,0.000,5.000,0,0,0
B3_zmq_pushpull,zmq_tcp,none,none,,1,15218,512,584,1785153451678548000,1785153451678548000,1785153451678548000,1785153451678549000,1785153451678721000,1785153451678723000,1785153451678723000,1785153451678723000,121932490,121652369,-108.121,0.000,0.000,1.000,2.000,0.000,0.000,18.000,0,0,0
B3_zmq_pushpull,zmq_tcp,none,none,,1,15219,512,584,1785153451679416000,1785153451679416000,1785153451679417000,1785153451679418000,1785153451679559000,1785153451679562000,1785153451679562000,1785153451679562000,121932490,121652369,-139.121,0.000,1.000,1.000,3.000,0.000,0.000,31.000,0,0,0
B3_zmq_pushpull,zmq_tcp,none,none,,1,15220,512,584,1785153451680588000,1785153451680588000,1785153451680588000,1785153451680589000,1785153451680669000,1785153451680673000,1785153451680673000,1785153451680673000,121932490,121652369,-200.121,0.000,0.000,1.000,4.000,0.000,0.000,61.000,0,0,0
B3_zmq_pushpull,zmq_tcp,none,none,,1,15221,512,584,1785153451681541000,1785153451681541000,1785153451681541000,1785153451681542000,1785153451681660000,1785153451681663000,1785153451681663000,1785153451681663000,121932490,121652369,-162.121,0.000,0.000,1.000,3.000,0.000,0.000,38.000,0,0,0
B3_zmq_pushpull,zmq_tcp,none,none,,1,15222,512,584,1785153451682559000,1785153451682560000,1785153451682560000,1785153451682561000,1785153451682662000,1785153451682665000,1785153451682665000,1785153451682665000,121932490,121652369,-179.121,1.000,0.000,1.000,3.000,0.000,0.000,17.000,0,0,0
B3_zmq_pushpull,zmq_tcp,none,none,,1,15223,512,584,1785153451683552000,1785153451683552000,1785153451683552000,1785153451683553000,1785153451683659000,1785153451683662000,1785153451683662000,1785153451683662000,121932490,121652369,-174.121,0.000,0.000,1.000,3.000,0.000,0.000,5.000,0,0,0
B3_zmq_pushpull,zmq_tcp,none,none,,1,15224,512,584,1785153451684555000,1785153451684555000,1785153451684555000,1785153451684556000,1785153451684643000,1785153451684646000,1785153451684646000,1785153451684646000,121932490,121652369,-193.121,0.000,0.000,1.000,3.000,0.000,0.000,19.000,0,0,0
B3_zmq_pushpull,zmq_tcp,none,none,,1,15225,512,584,1785153451685550000,1785153451685550000,1785153451685550000,1785153451685551000,1785153451685614000,1785153451685617000,1785153451685617000,1785153451685617000,121932490,121652369,-217.121,0.000,0.000,1.000,3.000,0.000,0.000,24.000,0,0,0
B3_zmq_pushpull,zmq_tcp,none,none,,1,15226,512,584,1785153451686435000,1785153451686435000,1785153451686435000,1785153451686436000,1785153451686577000,1785153451686580000,1785153451686580000,1785153451686580000,121932490,121652369,-139.121,0.000,0.000,1.000,3.000,0.000,0.000,78.000,0,0,0
B3_zmq_pushpull,zmq_tcp,none,none,,1,15227,512,584,1785153451687405000,1785153451687405000,1785153451687405000,1785153451687407000,1785153451687549000,1785153451687551000,1785153451687551000,1785153451687551000,121932490,121652369,-138.121,0.000,0.000,2.000,2.000,0.000,0.000,1.000,0,0,0
B3_zmq_pushpull,zmq_tcp,none,none,,1,15228,512,584,1785153451688592000,1785153451688592000,1785153451688592000,1785153451688593000,1785153451688693000,1785153451688695000,1785153451688695000,1785153451688695000,121932490,121652369,-180.121,0.000,0.000,1.000,2.000,0.000,0.000,42.000,0,0,0
B3_zmq_pushpull,zmq_tcp,none,none,,1,15229,512,584,1785153451689544000,1785153451689544000,1785153451689544000,1785153451689545000,1785153451689686000,1785153451689689000,1785153451689689000,1785153451689689000,121932490,121652369,-139.121,0.000,0.000,1.000,3.000,0.000,0.000,41.000,0,0,0
B3_zmq_pushpull,zmq_tcp,none,none,,1,15230,512,584,1785153451690558000,1785153451690558000,1785153451690558000,1785153451690559000,1785153451690686000,1785153451690689000,1785153451690689000,1785153451690689000,121932490,121652369,-153.121,0.000,0.000,1.000,3.000,0.000,0.000,14.000,0,0,0
B3_zmq_pushpull,zmq_tcp,none,none,,1,15231,512,584,1785153451691552000,1785153451691552000,1785153451691552000,1785153451691553000,1785153451691665000,1785153451691667000,1785153451691667000,1785153451691667000,121932490,121652369,-168.121,0.000,0.000,1.000,2.000,0.000,0.000,15.000,0,0,0
B3_zmq_pushpull,zmq_tcp,none,none,,1,15232,512,584,1785153451692554000,1785153451692554000,1785153451692555000,1785153451692555000,1785153451692631000,1785153451692634000,1785153451692634000,1785153451692634000,121932490,121652369,-204.121,0.000,1.000,0.000,3.000,0.000,0.000,36.000,0,0,0
B3_zmq_pushpull,zmq_tcp,none,none,,1,15233,512,584,1785153451693549000,1785153451693549000,1785153451693549000,1785153451693550000,1785153451693590000,1785153451693593000,1785153451693593000,1785153451693593000,121932490,121652369,-240.121,0.000,0.000,1.000,3.000,0.000,0.000,36.000,0,0,0
B3_zmq_pushpull,zmq_tcp,none,none,,1,15234,512,584,1785153451694556000,1785153451694556000,1785153451694556000,1785153451694557000,1785153451694731000,1785153451694734000,1785153451694734000,1785153451694734000,121932490,121652369,-106.121,0.000,0.000,1.000,3.000,0.000,0.000,134.000,0,0,0
B3_zmq_pushpull,zmq_tcp,none,none,,1,15235,512,584,1785153451695408000,1785153451695408000,1785153451695408000,1785153451695409000,1785153451695568000,1785153451695570000,1785153451695570000,1785153451695570000,121932490,121652369,-121.121,0.000,0.000,1.000,2.000,0.000,0.000,15.000,0,0,0
B3_zmq_pushpull,zmq_tcp,none,none,,1,15236,512,584,1785153451696591000,1785153451696591000,1785153451696591000,1785153451696592000,1785153451696705000,1785153451696707000,1785153451696707000,1785153451696707000,121932490,121652369,-167.121,0.000,0.000,1.000,2.000,0.000,0.000,46.000,0,0,0
B3_zmq_pushpull,zmq_tcp,none,none,,1,15237,512,584,1785153451697541000,1785153451697541000,1785153451697541000,1785153451697542000,1785153451697674000,1785153451697677000,1785153451697677000,1785153451697677000,121932490,121652369,-148.121,0.000,0.000,1.000,3.000,0.000,0.000,19.000,0,0,0
B3_zmq_pushpull,zmq_tcp,none,none,,1,15238,512,584,1785153451698558000,1785153451698558000,1785153451698558000,1785153451698559000,1785153451698657000,1785153451698660000,1785153451698660000,1785153451698660000,121932490,121652369,-182.121,0.000,0.000,1.000,3.000,0.000,0.000,34.000,0,0,0
B3_zmq_pushpull,zmq_tcp,none,none,,1,15239,512,584,1785153451699552000,1785153451699552000,1785153451699552000,1785153451699553000,1785153451699627000,1785153451699630000,1785153451699630000,1785153451699630000,121932490,121652369,-206.121,0.000,0.000,1.000,3.000,0.000,0.000,24.000,0,0,0
B3_zmq_pushpull,zmq_tcp,none,none,,1,15240,512,584,1785153451700555000,1785153451700555000,1785153451700555000,1785153451700556000,1785153451700726000,1785153451700729000,1785153451700729000,1785153451700729000,121932490,121652369,-110.121,0.000,0.000,1.000,3.000,0.000,0.000,96.000,0,0,0
B3_zmq_pushpull,zmq_tcp,none,none,,1,15241,512,584,1785153451701551000,1785153451701551000,1785153451701551000,1785153451701552000,1785153451701719000,1785153451701722000,1785153451701722000,1785153451701722000,121932490,121652369,-113.121,0.000,0.000,1.000,3.000,0.000,0.000,3.000,0,0,0
B3_zmq_pushpull,zmq_tcp,none,none,,1,15242,512,584,1785153451702422000,1785153451702422000,1785153451702422000,1785153451702423000,1785153451702579000,1785153451702582000,1785153451702582000,1785153451702582000,121932490,121652369,-124.121,0.000,0.000,1.000,3.000,0.000,0.000,11.000,0,0,0
B3_zmq_pushpull,zmq_tcp,none,none,,1,15243,512,584,1785153451703396000,1785153451703396000,1785153451703396000,1785153451703397000,1785153451703554000,1785153451703557000,1785153451703557000,1785153451703557000,121932490,121652369,-123.121,0.000,0.000,1.000,3.000,0.000,0.000,1.000,0,0,0
B3_zmq_pushpull,zmq_tcp,none,none,,1,15244,512,584,1785153451704396000,1785153451704396000,1785153451704396000,1785153451704397000,1785153451704557000,1785153451704559000,1785153451704559000,1785153451704559000,121932490,121652369,-120.121,0.000,0.000,1.000,2.000,0.000,0.000,3.000,0,0,0
B3_zmq_pushpull,zmq_tcp,none,none,,1,15245,512,584,1785153451705592000,1785153451705593000,1785153451705593000,1785153451705594000,1785153451705678000,1785153451705681000,1785153451705681000,1785153451705681000,121932490,121652369,-196.121,1.000,0.000,1.000,3.000,0.000,0.000,76.000,0,0,0
B3_zmq_pushpull,zmq_tcp,none,none,,1,15246,512,584,1785153451706544000,1785153451706544000,1785153451706544000,1785153451706545000,1785153451706654000,1785153451706657000,1785153451706657000,1785153451706657000,121932490,121652369,-171.121,0.000,0.000,1.000,3.000,0.000,0.000,25.000,0,0,0
B3_zmq_pushpull,zmq_tcp,none,none,,1,15247,512,584,1785153451707556000,1785153451707556000,1785153451707556000,1785153451707557000,1785153451707621000,1785153451707623000,1785153451707623000,1785153451707623000,121932490,121652369,-216.121,0.000,0.000,1.000,2.000,0.000,0.000,45.000,0,0,0
B3_zmq_pushpull,zmq_tcp,none,none,,1,15248,512,584,1785153451708552000,1785153451708553000,1785153451708553000,1785153451708554000,1785153451708597000,1785153451708600000,1785153451708601000,1785153451708601000,121932490,121652369,-237.121,1.000,0.000,1.000,3.000,1.000,0.000,21.000,0,0,0
B3_zmq_pushpull,zmq_tcp,none,none,,1,15249,512,584,1785153451709553000,1785153451709553000,1785153451709553000,1785153451709554000,1785153451709744000,1785153451709746000,1785153451709746000,1785153451709746000,121932490,121652369,-90.121,0.000,0.000,1.000,2.000,0.000,0.000,147.000,0,0,0
B3_zmq_pushpull,zmq_tcp,none,none,,1,15250,512,584,1785153451710555000,1785153451710555000,1785153451710555000,1785153451710556000,1785153451710721000,1785153451710723000,1785153451710723000,1785153451710723000,121932490,121652369,-115.121,0.000,0.000,1.000,2.000,0.000,0.000,25.000,0,0,0
B3_zmq_pushpull,zmq_tcp,none,none,,1,15251,512,584,1785153451711553000,1785153451711553000,1785153451711553000,1785153451711554000,1785153451711706000,1785153451711709000,1785153451711709000,1785153451711709000,121932490,121652369,-128.121,0.000,0.000,1.000,3.000,0.000,0.000,13.000,0,0,0
B3_zmq_pushpull,zmq_tcp,none,none,,1,15252,512,584,1785153451712398000,1785153451712398000,1785153451712398000,1785153451712399000,1785153451712549000,1785153451712551000,1785153451712551000,1785153451712551000,121932490,121652369,-130.121,0.000,0.000,1.000,2.000,0.000,0.000,2.000,0,0,0
B3_zmq_pushpull,zmq_tcp,none,none,,1,15253,512,584,1785153451713385000,1785153451713386000,1785153451713386000,1785153451713387000,1785153451713537000,1785153451713539000,1785153451713539000,1785153451713539000,121932490,121652369,-130.121,1.000,0.000,1.000,2.000,0.000,0.000,0.000,0,0,0
B3_zmq_pushpull,zmq_tcp,none,none,,1,15254,512,584,1785153451714363000,1785153451714363000,1785153451714363000,1785153451714364000,1785153451714516000,1785153451714519000,1785153451714519000,1785153451714519000,121932490,121652369,-128.121,0.000,0.000,1.000,3.000,0.000,0.000,2.000,0,0,0
B3_zmq_pushpull,zmq_tcp,none,none,,1,15255,512,584,1785153451715602000,1785153451715602000,1785153451715602000,1785153451715603000,1785153451715772000,1785153451715775000,1785153451715775000,1785153451715775000,121932490,121652369,-111.121,0.000,0.000,1.000,3.000,0.000,0.000,17.000,0,0,0
B3_zmq_pushpull,zmq_tcp,none,none,,1,15256,512,584,1785153451716538000,1785153451716539000,1785153451716539000,1785153451716540000,1785153451716620000,1785153451716623000,1785153451716623000,1785153451716623000,121932490,121652369,-200.121,1.000,0.000,1.000,3.000,0.000,0.000,89.000,0,0,0
B3_zmq_pushpull,zmq_tcp,none,none,,1,15257,512,584,1785153451717557000,1785153451717557000,1785153451717557000,1785153451717558000,1785153451717744000,1785153451717746000,1785153451717746000,1785153451717746000,121932490,121652369,-94.121,0.000,0.000,1.000,2.000,0.000,0.000,106.000,0,0,0
B3_zmq_pushpull,zmq_tcp,none,none,,1,15258,512,584,1785153451718553000,1785153451718553000,1785153451718553000,1785153451718554000,1785153451718714000,1785153451718717000,1785153451718717000,1785153451718717000,121932490,121652369,-120.121,0.000,0.000,1.000,3.000,0.000,0.000,26.000,0,0,0
B3_zmq_pushpull,zmq_tcp,none,none,,1,15259,512,584,1785153451719554000,1785153451719554000,1785153451719554000,1785153451719555000,1785153451719708000,1785153451719710000,1785153451719710000,1785153451719710000,121932490,121652369,-127.121,0.000,0.000,1.000,2.000,0.000,0.000,7.000,0,0,0
B3_zmq_pushpull,zmq_tcp,none,none,,1,15260,512,584,1785153451720553000,1785153451720554000,1785153451720554000,1785153451720555000,1785153451720687000,1785153451720690000,1785153451720690000,1785153451720690000,121932490,121652369,-148.121,1.000,0.000,1.000,3.000,0.000,0.000,21.000,0,0,0
B3_zmq_pushpull,zmq_tcp,none,none,,1,15261,512,584,1785153451721553000,1785153451721553000,1785153451721553000,1785153451721554000,1785153451721666000,1785153451721669000,1785153451721669000,1785153451721669000,121932490,121652369,-168.121,0.000,0.000,1.000,3.000,0.000,0.000,20.000,0,0,0
B3_zmq_pushpull,zmq_tcp,none,none,,1,15262,512,584,1785153451722554000,1785153451722554000,1785153451722554000,1785153451722555000,1785153451722646000,1785153451722649000,1785153451722649000,1785153451722649000,121932490,121652369,-189.121,0.000,0.000,1.000,3.000,0.000,0.000,21.000,0,0,0
B3_zmq_pushpull,zmq_tcp,none,none,,1,15263,512,584,1785153451723555000,1785153451723555000,1785153451723555000,1785153451723556000,1785153451723624000,1785153451723626000,1785153451723626000,1785153451723626000,121932490,121652369,-212.121,0.000,0.000,1.000,2.000,0.000,0.000,23.000,0,0,0
B3_zmq_pushpull,zmq_tcp,none,none,,1,15264,512,584,1785153451724552000,1785153451724552000,1785153451724552000,1785153451724553000,1785153451724603000,1785153451724606000,1785153451724606000,1785153451724606000,121932490,121652369,-230.121,0.000,0.000,1.000,3.000,0.000,0.000,18.000,0,0,0
B3_zmq_pushpull,zmq_tcp,none,none,,1,15265,512,584,1785153451725556000,1785153451725556000,1785153451725556000,1785153451725557000,1785153451725726000,1785153451725729000,1785153451725729000,1785153451725729000,121932490,121652369,-111.121,0.000,0.000,1.000,3.000,0.000,0.000,119.000,0,0,0
B3_zmq_pushpull,zmq_tcp,none,none,,1,15266,512,584,1785153451726554000,1785153451726554000,1785153451726554000,1785153451726555000,1785153451726690000,1785153451726693000,1785153451726693000,1785153451726693000,121932490,121652369,-145.121,0.000,0.000,1.000,3.000,0.000,0.000,34.000,0,0,0
B3_zmq_pushpull,zmq_tcp,none,none,,1,15267,512,584,1785153451727391000,1785153451727391000,1785153451727391000,1785153451727392000,1785153451727541000,1785153451727544000,1785153451727544000,1785153451727544000,121932490,121652369,-131.121,0.000,0.000,1.000,3.000,0.000,0.000,14.000,0,0,0
B3_zmq_pushpull,zmq_tcp,none,none,,1,15268,512,584,1785153451728366000,1785153451728366000,1785153451728366000,1785153451728367000,1785153451728510000,1785153451728513000,1785153451728513000,1785153451728513000,121932490,121652369,-137.121,0.000,0.000,1.000,3.000,0.000,0.000,6.000,0,0,0
B3_zmq_pushpull,zmq_tcp,none,none,,1,15269,512,584,1785153451729604000,1785153451729604000,1785153451729604000,1785153451729605000,1785153451729777000,1785153451729780000,1785153451729780000,1785153451729780000,121932490,121652369,-108.121,0.000,0.000,1.000,3.000,0.000,0.000,29.000,0,0,0
B3_zmq_pushpull,zmq_tcp,none,none,,1,15270,512,584,1785153451730463000,1785153451730463000,1785153451730463000,1785153451730464000,1785153451730618000,1785153451730620000,1785153451730620000,1785153451730620000,121932490,121652369,-126.121,0.000,0.000,1.000,2.000,0.000,0.000,18.000,0,0,0
B3_zmq_pushpull,zmq_tcp,none,none,,1,15271,512,584,1785153451731576000,1785153451731576000,1785153451731576000,1785153451731577000,1785153451731744000,1785153451731746000,1785153451731746000,1785153451731746000,121932490,121652369,-113.121,0.000,0.000,1.000,2.000,0.000,0.000,13.000,0,0,0
B3_zmq_pushpull,zmq_tcp,none,none,,1,15272,512,584,1785153451732548000,1785153451732548000,1785153451732548000,1785153451732549000,1785153451732610000,1785153451732613000,1785153451732613000,1785153451732613000,121932490,121652369,-219.121,0.000,0.000,1.000,3.000,0.000,0.000,106.000,0,0,0
B3_zmq_pushpull,zmq_tcp,none,none,,1,15273,512,584,1785153451733555000,1785153451733555000,1785153451733555000,1785153451733556000,1785153451733612000,1785153451733615000,1785153451733615000,1785153451733615000,121932490,121652369,-224.121,0.000,0.000,1.000,3.000,0.000,0.000,5.000,0,0,0
B3_zmq_pushpull,zmq_tcp,none,none,,1,15274,512,584,1785153451734551000,1785153451734551000,1785153451734551000,1785153451734552000,1785153451734599000,1785153451734602000,1785153451734602000,1785153451734602000,121932490,121652369,-233.121,0.000,0.000,1.000,3.000,0.000,0.000,9.000,0,0,0
B3_zmq_pushpull,zmq_tcp,none,none,,1,15275,512,584,1785153451735555000,1785153451735555000,1785153451735555000,1785153451735556000,1785153451735598000,1785153451735602000,1785153451735602000,1785153451735602000,121932490,121652369,-238.121,0.000,0.000,1.000,4.000,0.000,0.000,5.000,0,0,0
B3_zmq_pushpull,zmq_tcp,none,none,,1,15276,512,584,1785153451736558000,1785153451736558000,1785153451736558000,1785153451736559000,1785153451736720000,1785153451736723000,1785153451736723000,1785153451736723000,121932490,121652369,-119.121,0.000,0.000,1.000,3.000,0.000,0.000,119.000,0,0,0
B3_zmq_pushpull,zmq_tcp,none,none,,1,15277,512,584,1785153451737417000,1785153451737417000,1785153451737417000,1785153451737418000,1785153451737573000,1785153451737576000,1785153451737576000,1785153451737576000,121932490,121652369,-125.121,0.000,0.000,1.000,3.000,0.000,0.000,6.000,0,0,0
B3_zmq_pushpull,zmq_tcp,none,none,,1,15278,512,584,1785153451738400000,1785153451738400000,1785153451738400000,1785153451738401000,1785153451738560000,1785153451738562000,1785153451738562000,1785153451738562000,121932490,121652369,-121.121,0.000,0.000,1.000,2.000,0.000,0.000,4.000,0,0,0
B3_zmq_pushpull,zmq_tcp,none,none,,1,15279,512,584,1785153451739594000,1785153451739594000,1785153451739594000,1785153451739595000,1785153451739693000,1785153451739696000,1785153451739696000,1785153451739696000,121932490,121652369,-182.121,0.000,0.000,1.000,3.000,0.000,0.000,61.000,0,0,0
B3_zmq_pushpull,zmq_tcp,none,none,,1,15280,512,584,1785153451740543000,1785153451740543000,1785153451740543000,1785153451740544000,1785153451740680000,1785153451740682000,1785153451740682000,1785153451740682000,121932490,121652369,-144.121,0.000,0.000,1.000,2.000,0.000,0.000,38.000,0,0,0
B3_zmq_pushpull,zmq_tcp,none,none,,1,15281,512,584,1785153451741556000,1785153451741556000,1785153451741556000,1785153451741557000,1785153451741648000,1785153451741650000,1785153451741650000,1785153451741650000,121932490,121652369,-189.121,0.000,0.000,1.000,2.000,0.000,0.000,45.000,0,0,0
B3_zmq_pushpull,zmq_tcp,none,none,,1,15282,512,584,1785153451742553000,1785153451742553000,1785153451742553000,1785153451742554000,1785153451742632000,1785153451742635000,1785153451742635000,1785153451742635000,121932490,121652369,-202.121,0.000,0.000,1.000,3.000,0.000,0.000,13.000,0,0,0
B3_zmq_pushpull,zmq_tcp,none,none,,1,15283,512,584,1785153451743553000,1785153451743554000,1785153451743554000,1785153451743555000,1785153451743625000,1785153451743628000,1785153451743628000,1785153451743628000,121932490,121652369,-210.121,1.000,0.000,1.000,3.000,0.000,0.000,8.000,0,0,0
B3_zmq_pushpull,zmq_tcp,none,none,,1,15284,512,584,1785153451744469000,1785153451744469000,1785153451744469000,1785153451744470000,1785153451744607000,1785153451744609000,1785153451744609000,1785153451744609000,121932490,121652369,-143.121,0.000,0.000,1.000,2.000,0.000,0.000,67.000,0,0,0
B3_zmq_pushpull,zmq_tcp,none,none,,1,15285,512,584,1785153451745579000,1785153451745580000,1785153451745580000,1785153451745581000,1785153451745738000,1785153451745741000,1785153451745741000,1785153451745741000,121932490,121652369,-123.121,1.000,0.000,1.000,3.000,0.000,0.000,20.000,0,0,0
B3_zmq_pushpull,zmq_tcp,none,none,,1,15286,512,584,1785153451746549000,1785153451746549000,1785153451746549000,1785153451746550000,1785153451746738000,1785153451746741000,1785153451746741000,1785153451746741000,121932490,121652369,-92.121,0.000,0.000,1.000,3.000,0.000,0.000,31.000,0,0,0
B3_zmq_pushpull,zmq_tcp,none,none,,1,15287,512,584,1785153451747431000,1785153451747431000,1785153451747431000,1785153451747432000,1785153451747584000,1785153451747586000,1785153451747586000,1785153451747587000,121932490,121652369,-128.121,0.000,0.000,1.000,2.000,0.000,1.000,36.000,0,0,0
B3_zmq_pushpull,zmq_tcp,none,none,,1,15288,512,584,1785153451748409000,1785153451748409000,1785153451748409000,1785153451748410000,1785153451748553000,1785153451748556000,1785153451748556000,1785153451748556000,121932490,121652369,-137.121,0.000,0.000,1.000,3.000,0.000,0.000,9.000,0,0,0
B3_zmq_pushpull,zmq_tcp,none,none,,1,15289,512,584,1785153451749374000,1785153451749374000,1785153451749374000,1785153451749375000,1785153451749526000,1785153451749529000,1785153451749529000,1785153451749529000,121932490,121652369,-129.121,0.000,0.000,1.000,3.000,0.000,0.000,8.000,0,0,0
B3_zmq_pushpull,zmq_tcp,none,none,,1,15290,512,584,1785153451750364000,1785153451750364000,1785153451750364000,1785153451750365000,1785153451750509000,1785153451750518000,1785153451750518000,1785153451750518000,121932490,121652369,-136.121,0.000,0.000,1.000,9.000,0.000,0.000,7.000,0,0,0
B3_zmq_pushpull,zmq_tcp,none,none,,1,15291,512,584,1785153451751358000,1785153451751358000,1785153451751358000,1785153451751359000,1785153451751502000,1785153451751505000,1785153451751505000,1785153451751505000,121932490,121652369,-137.121,0.000,0.000,1.000,3.000,0.000,0.000,1.000,0,0,0
B3_zmq_pushpull,zmq_tcp,none,none,,1,15292,512,584,1785153451752356000,1785153451752356000,1785153451752356000,1785153451752357000,1785153451752500000,1785153451752502000,1785153451752502000,1785153451752502000,121932490,121652369,-137.121,0.000,0.000,1.000,2.000,0.000,0.000,0.000,0,0,0
B3_zmq_pushpull,zmq_tcp,none,none,,1,15293,512,584,1785153451753469000,1785153451753469000,1785153451753469000,1785153451753470000,1785153451753629000,1785153451753632000,1785153451753632000,1785153451753632000,121932490,121652369,-121.121,0.000,0.000,1.000,3.000,0.000,0.000,16.000,0,0,0
B3_zmq_pushpull,zmq_tcp,none,none,,1,15294,512,584,1785153451754575000,1785153451754575000,1785153451754575000,1785153451754576000,1785153451754730000,1785153451754733000,1785153451754733000,1785153451754733000,121932490,121652369,-126.121,0.000,0.000,1.000,3.000,0.000,0.000,5.000,0,0,0
B3_zmq_pushpull,zmq_tcp,none,none,,1,15295,512,584,1785153451755546000,1785153451755546000,1785153451755546000,1785153451755547000,1785153451755700000,1785153451755702000,1785153451755702000,1785153451755702000,121932490,121652369,-127.121,0.000,0.000,1.000,2.000,0.000,0.000,1.000,0,0,0
B3_zmq_pushpull,zmq_tcp,none,none,,1,15296,512,584,1785153451756556000,1785153451756556000,1785153451756556000,1785153451756557000,1785153451756685000,1785153451756688000,1785153451756688000,1785153451756688000,121932490,121652369,-152.121,0.000,0.000,1.000,3.000,0.000,0.000,25.000,0,0,0
B3_zmq_pushpull,zmq_tcp,none,none,,1,15297,512,584,1785153451757553000,1785153451757553000,1785153451757554000,1785153451757554000,1785153451757680000,1785153451757682000,1785153451757682000,1785153451757682000,121932490,121652369,-154.121,0.000,1.000,0.000,2.000,0.000,0.000,2.000,0,0,0
B3_zmq_pushpull,zmq_tcp,none,none,,1,15298,512,584,1785153451758554000,1785153451758554000,1785153451758554000,1785153451758555000,1785153451758668000,1785153451758670000,1785153451758670000,1785153451758670000,121932490,121652369,-167.121,0.000,0.000,1.000,2.000,0.000,0.000,13.000,0,0,0
B3_zmq_pushpull,zmq_tcp,none,none,,1,15299,512,584,1785153451759556000,1785153451759556000,1785153451759556000,1785153451759557000,1785153451759642000,1785153451759645000,1785153451759645000,1785153451759645000,121932490,121652369,-195.121,0.000,0.000,1.000,3.000,0.000,0.000,28.000,0,0,0
B3_zmq_pushpull,zmq_tcp,none,none,,1,15300,512,584,1785153451760556000,1785153451760556000,1785153451760556000,1785153451760557000,1785153451760638000,1785153451760641000,1785153451760641000,1785153451760641000,121932490,121652369,-199.121,0.000,0.000,1.000,3.000,0.000,0.000,4.000,0,0,0
B3_zmq_pushpull,zmq_tcp,none,none,,1,15301,512,584,1785153451761553000,1785153451761553000,1785153451761553000,1785153451761554000,1785153451761634000,1785153451761637000,1785153451761637000,1785153451761637000,121932490,121652369,-200.121,0.000,0.000,1.000,3.000,0.000,0.000,1.000,0,0,0
B3_zmq_pushpull,zmq_tcp,none,none,,1,15302,512,584,1785153451762553000,1785153451762553000,1785153451762554000,1785153451762554000,1785153451762610000,1785153451762613000,1785153451762613000,1785153451762613000,121932490,121652369,-224.121,0.000,1.000,0.000,3.000,0.000,0.000,24.000,0,0,0
B3_zmq_pushpull,zmq_tcp,none,none,,1,15303,512,584,1785153451763551000,1785153451763551000,1785153451763551000,1785153451763552000,1785153451763598000,1785153451763601000,1785153451763601000,1785153451763601000,121932490,121652369,-234.121,0.000,0.000,1.000,3.000,0.000,0.000,10.000,0,0,0
B3_zmq_pushpull,zmq_tcp,none,none,,1,15304,512,584,1785153451764555000,1785153451764555000,1785153451764555000,1785153451764556000,1785153451764729000,1785153451764732000,1785153451764732000,1785153451764732000,121932490,121652369,-107.121,0.000,0.000,1.000,3.000,0.000,0.000,127.000,0,0,0
B3_zmq_pushpull,zmq_tcp,none,none,,1,15305,512,584,1785153451765557000,1785153451765557000,1785153451765557000,1785153451765558000,1785153451765704000,1785153451765706000,1785153451765706000,1785153451765706000,121932490,121652369,-134.121,0.000,0.000,1.000,2.000,0.000,0.000,27.000,0,0,0
B3_zmq_pushpull,zmq_tcp,none,none,,1,15306,512,584,1785153451766552000,1785153451766552000,1785153451766552000,1785153451766553000,1785153451766698000,1785153451766701000,1785153451766701000,1785153451766701000,121932490,121652369,-135.121,0.000,0.000,1.000,3.000,0.000,0.000,1.000,0,0,0
B3_zmq_pushpull,zmq_tcp,none,none,,1,15307,512,584,1785153451767556000,1785153451767556000,1785153451767556000,1785153451767557000,1785153451767674000,1785153451767677000,1785153451767677000,1785153451767677000,121932490,121652369,-163.121,0.000,0.000,1.000,3.000,0.000,0.000,28.000,0,0,0
B3_zmq_pushpull,zmq_tcp,none,none,,1,15308,512,584,1785153451768554000,1785153451768554000,1785153451768554000,1785153451768555000,1785153451768670000,1785153451768673000,1785153451768673000,1785153451768673000,121932490,121652369,-165.121,0.000,0.000,1.000,3.000,0.000,0.000,2.000,0,0,0
B3_zmq_pushpull,zmq_tcp,none,none,,1,15309,512,584,1785153451769553000,1785153451769553000,1785153451769554000,1785153451769554000,1785153451769658000,1785153451769661000,1785153451769661000,1785153451769661000,121932490,121652369,-176.121,0.000,1.000,0.000,3.000,0.000,0.000,11.000,0,0,0
B3_zmq_pushpull,zmq_tcp,none,none,,1,15310,512,584,1785153451770552000,1785153451770552000,1785153451770552000,1785153451770553000,1785153451770624000,1785153451770626000,1785153451770626000,1785153451770626000,121932490,121652369,-209.121,0.000,0.000,1.000,2.000,0.000,0.000,33.000,0,0,0
B3_zmq_pushpull,zmq_tcp,none,none,,1,15311,512,584,1785153451771559000,1785153451771559000,1785153451771559000,1785153451771560000,1785153451771609000,1785153451771612000,1785153451771612000,1785153451771612000,121932490,121652369,-231.121,0.000,0.000,1.000,3.000,0.000,0.000,22.000,0,0,0
B3_zmq_pushpull,zmq_tcp,none,none,,1,15312,512,584,1785153451772552000,1785153451772552000,1785153451772552000,1785153451772553000,1785153451772740000,1785153451772744000,1785153451772744000,1785153451772744000,121932490,121652369,-93.121,0.000,0.000,1.000,4.000,0.000,0.000,138.000,0,0,0
B3_zmq_pushpull,zmq_tcp,none,none,,1,15313,512,584,1785153451773431000,1785153451773431000,1785153451773431000,1785153451773432000,1785153451773587000,1785153451773589000,1785153451773589000,1785153451773589000,121932490,121652369,-125.121,0.000,0.000,1.000,2.000,0.000,0.000,32.000,0,0,0
B3_zmq_pushpull,zmq_tcp,none,none,,1,15314,512,584,1785153451774582000,1785153451774582000,1785153451774583000,1785153451774583000,1785153451774723000,1785153451774726000,1785153451774726000,1785153451774726000,121932490,121652369,-140.121,0.000,1.000,0.000,3.000,0.000,0.000,15.000,0,0,0
B3_zmq_pushpull,zmq_tcp,none,none,,1,15315,512,584,1785153451775416000,1785153451775416000,1785153451775416000,1785153451775417000,1785153451775572000,1785153451775575000,1785153451775575000,1785153451775575000,121932490,121652369,-125.121,0.000,0.000,1.000,3.000,0.000,0.000,15.000,0,0,0
B3_zmq_pushpull,zmq_tcp,none,none,,1,15316,512,584,1785153451776588000,1785153451776588000,1785153451776588000,1785153451776589000,1785153451776679000,1785153451776681000,1785153451776681000,1785153451776681000,121932490,121652369,-190.121,0.000,0.000,1.000,2.000,0.000,0.000,65.000,0,0,0
B3_zmq_pushpull,zmq_tcp,none,none,,1,15317,512,584,1785153451777543000,1785153451777543000,1785153451777543000,1785153451777544000,1785153451777665000,1785153451777668000,1785153451777668000,1785153451777668000,121932490,121652369,-159.121,0.000,0.000,1.000,3.000,0.000,0.000,31.000,0,0,0
B3_zmq_pushpull,zmq_tcp,none,none,,1,15318,512,584,1785153451778558000,1785153451778559000,1785153451778559000,1785153451778560000,1785153451778657000,1785153451778660000,1785153451778660000,1785153451778660000,121932490,121652369,-183.121,1.000,0.000,1.000,3.000,0.000,0.000,24.000,0,0,0
B3_zmq_pushpull,zmq_tcp,none,none,,1,15319,512,584,1785153451779552000,1785153451779552000,1785153451779552000,1785153451779553000,1785153451779632000,1785153451779634000,1785153451779634000,1785153451779634000,121932490,121652369,-201.121,0.000,0.000,1.000,2.000,0.000,0.000,18.000,0,0,0
B3_zmq_pushpull,zmq_tcp,none,none,,1,15320,512,584,1785153451780558000,1785153451780558000,1785153451780558000,1785153451780559000,1785153451780618000,1785153451780622000,1785153451780622000,1785153451780622000,121932490,121652369,-221.121,0.000,0.000,1.000,4.000,0.000,0.000,20.000,0,0,0
B3_zmq_pushpull,zmq_tcp,none,none,,1,15321,512,584,1785153451781485000,1785153451781485000,1785153451781485000,1785153451781486000,1785153451781647000,1785153451781650000,1785153451781650000,1785153451781650000,121932490,121652369,-119.121,0.000,0.000,1.000,3.000,0.000,0.000,102.000,0,0,0
B3_zmq_pushpull,zmq_tcp,none,none,,1,15322,512,584,1785153451782571000,1785153451782571000,1785153451782571000,1785153451782572000,1785153451782635000,1785153451782637000,1785153451782638000,1785153451782638000,121932490,121652369,-217.121,0.000,0.000,1.000,2.000,1.000,0.000,98.000,0,0,0
B3_zmq_pushpull,zmq_tcp,none,none,,1,15323,512,584,1785153451783549000,1785153451783550000,1785153451783550000,1785153451783551000,1785153451783625000,1785153451783628000,1785153451783628000,1785153451783628000,121932490,121652369,-206.121,1.000,0.000,1.000,3.000,0.000,0.000,11.000,0,0,0
B3_zmq_pushpull,zmq_tcp,none,none,,1,15324,512,584,1785153451784555000,1785153451784555000,1785153451784555000,1785153451784556000,1785153451784616000,1785153451784619000,1785153451784619000,1785153451784619000,121932490,121652369,-220.121,0.000,0.000,1.000,3.000,0.000,0.000,14.000,0,0,0
B3_zmq_pushpull,zmq_tcp,none,none,,1,15325,512,584,1785153451785551000,1785153451785551000,1785153451785551000,1785153451785552000,1785153451785618000,1785153451785620000,1785153451785620000,1785153451785621000,121932490,121652369,-214.121,0.000,0.000,1.000,2.000,0.000,1.000,6.000,0,0,0
B3_zmq_pushpull,zmq_tcp,none,none,,1,15326,512,584,1785153451786555000,1785153451786555000,1785153451786555000,1785153451786556000,1785153451786736000,1785153451786739000,1785153451786739000,1785153451786739000,121932490,121652369,-100.121,0.000,0.000,1.000,3.000,0.000,0.000,114.000,0,0,0
B3_zmq_pushpull,zmq_tcp,none,none,,1,15327,512,584,1785153451787554000,1785153451787554000,1785153451787554000,1785153451787555000,1785153451787727000,1785153451787734000,1785153451787734000,1785153451787734000,121932490,121652369,-108.121,0.000,0.000,1.000,7.000,0.000,0.000,8.000,0,0,0
B3_zmq_pushpull,zmq_tcp,none,none,,1,15328,512,584,1785153451788556000,1785153451788556000,1785153451788556000,1785153451788557000,1785153451788727000,1785153451788729000,1785153451788729000,1785153451788729000,121932490,121652369,-110.121,0.000,0.000,1.000,2.000,0.000,0.000,2.000,0,0,0
B3_zmq_pushpull,zmq_tcp,none,none,,1,15329,512,584,1785153451789550000,1785153451789550000,1785153451789550000,1785153451789551000,1785153451789715000,1785153451789720000,1785153451789720000,1785153451789720000,121932490,121652369,-116.121,0.000,0.000,1.000,5.000,0.000,0.000,6.000,0,0,0
B3_zmq_pushpull,zmq_tcp,none,none,,1,15330,512,584,1785153451790555000,1785153451790555000,1785153451790555000,1785153451790556000,1785153451790708000,1785153451790711000,1785153451790711000,1785153451790711000,121932490,121652369,-128.121,0.000,0.000,1.000,3.000,0.000,0.000,12.000,0,0,0
B3_zmq_pushpull,zmq_tcp,none,none,,1,15331,512,584,1785153451791554000,1785153451791554000,1785153451791554000,1785153451791555000,1785153451791696000,1785153451791699000,1785153451791699000,1785153451791699000,121932490,121652369,-139.121,0.000,0.000,1.000,3.000,0.000,0.000,11.000,0,0,0
B3_zmq_pushpull,zmq_tcp,none,none,,1,15332,512,584,1785153451792554000,1785153451792555000,1785153451792555000,1785153451792556000,1785153451792683000,1785153451792686000,1785153451792686000,1785153451792686000,121932490,121652369,-153.121,1.000,0.000,1.000,3.000,0.000,0.000,14.000,0,0,0
B3_zmq_pushpull,zmq_tcp,none,none,,1,15333,512,584,1785153451793551000,1785153451793551000,1785153451793551000,1785153451793552000,1785153451793665000,1785153451793668000,1785153451793668000,1785153451793668000,121932490,121652369,-167.121,0.000,0.000,1.000,3.000,0.000,0.000,14.000,0,0,0
B3_zmq_pushpull,zmq_tcp,none,none,,1,15334,512,584,1785153451794558000,1785153451794558000,1785153451794558000,1785153451794559000,1785153451794640000,1785153451794642000,1785153451794642000,1785153451794642000,121932490,121652369,-199.121,0.000,0.000,1.000,2.000,0.000,0.000,32.000,0,0,0
B3_zmq_pushpull,zmq_tcp,none,none,,1,15335,512,584,1785153451795552000,1785153451795552000,1785153451795552000,1785153451795553000,1785153451795633000,1785153451795636000,1785153451795636000,1785153451795636000,121932490,121652369,-200.121,0.000,0.000,1.000,3.000,0.000,0.000,1.000,0,0,0
B3_zmq_pushpull,zmq_tcp,none,none,,1,15336,512,584,1785153451796554000,1785153451796554000,1785153451796554000,1785153451796555000,1785153451796621000,1785153451796624000,1785153451796624000,1785153451796624000,121932490,121652369,-214.121,0.000,0.000,1.000,3.000,0.000,0.000,14.000,0,0,0
B3_zmq_pushpull,zmq_tcp,none,none,,1,15337,512,584,1785153451797551000,1785153451797551000,1785153451797551000,1785153451797552000,1785153451797598000,1785153451797602000,1785153451797602000,1785153451797602000,121932490,121652369,-234.121,0.000,0.000,1.000,4.000,0.000,0.000,20.000,0,0,0
B3_zmq_pushpull,zmq_tcp,none,none,,1,15338,512,584,1785153451798555000,1785153451798555000,1785153451798555000,1785153451798556000,1785153451798723000,1785153451798726000,1785153451798726000,1785153451798726000,121932490,121652369,-113.121,0.000,0.000,1.000,3.000,0.000,0.000,121.000,0,0,0
B3_zmq_pushpull,zmq_tcp,none,none,,1,15339,512,584,1785153451799554000,1785153451799554000,1785153451799554000,1785153451799555000,1785153451799716000,1785153451799719000,1785153451799719000,1785153451799719000,121932490,121652369,-119.121,0.000,0.000,1.000,3.000,0.000,0.000,6.000,0,0,0
B3_zmq_pushpull,zmq_tcp,none,none,,1,15340,512,584,1785153451800556000,1785153451800556000,1785153451800556000,1785153451800557000,1785153451800717000,1785153451800720000,1785153451800720000,1785153451800720000,121932490,121652369,-120.121,0.000,0.000,1.000,3.000,0.000,0.000,1.000,0,0,0
B3_zmq_pushpull,zmq_tcp,none,none,,1,15341,512,584,1785153451801552000,1785153451801552000,1785153451801552000,1785153451801553000,1785153451801715000,1785153451801717000,1785153451801717000,1785153451801717000,121932490,121652369,-118.121,0.000,0.000,1.000,2.000,0.000,0.000,2.000,0,0,0
B3_zmq_pushpull,zmq_tcp,none,none,,1,15342,512,584,1785153451802421000,1785153451802421000,1785153451802421000,1785153451802422000,1785153451802581000,1785153451802584000,1785153451802584000,1785153451802584000,121932490,121652369,-121.121,0.000,0.000,1.000,3.000,0.000,0.000,3.000,0,0,0
B3_zmq_pushpull,zmq_tcp,none,none,,1,15343,512,584,1785153451803587000,1785153451803587000,1785153451803587000,1785153451803588000,1785153451803703000,1785153451803705000,1785153451803706000,1785153451803706000,121932490,121652369,-165.121,0.000,0.000,1.000,2.000,1.000,0.000,44.000,0,0,0
B3_zmq_pushpull,zmq_tcp,none,none,,1,15344,512,584,1785153451804543000,1785153451804543000,1785153451804543000,1785153451804544000,1785153451804660000,1785153451804663000,1785153451804663000,1785153451804663000,121932490,121652369,-164.121,0.000,0.000,1.000,3.000,0.000,0.000,1.000,0,0,0
B3_zmq_pushpull,zmq_tcp,none,none,,1,15345,512,584,1785153451805556000,1785153451805556000,1785153451805556000,1785153451805557000,1785153451805628000,1785153451805631000,1785153451805631000,1785153451805631000,121932490,121652369,-209.121,0.000,0.000,1.000,3.000,0.000,0.000,45.000,0,0,0
B3_zmq_pushpull,zmq_tcp,none,none,,1,15346,512,584,1785153451806556000,1785153451806557000,1785153451806557000,1785153451806558000,1785153451806608000,1785153451806611000,1785153451806611000,1785153451806611000,121932490,121652369,-230.121,1.000,0.000,1.000,3.000,0.000,0.000,21.000,0,0,0
B3_zmq_pushpull,zmq_tcp,none,none,,1,15347,512,584,1785153451807552000,1785153451807552000,1785153451807553000,1785153451807553000,1785153451807733000,1785153451807736000,1785153451807736000,1785153451807736000,121932490,121652369,-100.121,0.000,1.000,0.000,3.000,0.000,0.000,130.000,0,0,0
B3_zmq_pushpull,zmq_tcp,none,none,,1,15348,512,584,1785153451808554000,1785153451808554000,1785153451808554000,1785153451808555000,1785153451808721000,1785153451808724000,1785153451808724000,1785153451808724000,121932490,121652369,-114.121,0.000,0.000,1.000,3.000,0.000,0.000,14.000,0,0,0
B3_zmq_pushpull,zmq_tcp,none,none,,1,15349,512,584,1785153451809555000,1785153451809555000,1785153451809555000,1785153451809556000,1785153451809724000,1785153451809727000,1785153451809727000,1785153451809727000,121932490,121652369,-112.121,0.000,0.000,1.000,3.000,0.000,0.000,2.000,0,0,0
B3_zmq_pushpull,zmq_tcp,none,none,,1,15350,512,584,1785153451810423000,1785153451810423000,1785153451810423000,1785153451810424000,1785153451810579000,1785153451810582000,1785153451810582000,1785153451810582000,121932490,121652369,-125.121,0.000,0.000,1.000,3.000,0.000,0.000,13.000,0,0,0
B3_zmq_pushpull,zmq_tcp,none,none,,1,15351,512,584,1785153451811414000,1785153451811414000,1785153451811414000,1785153451811415000,1785153451811569000,1785153451811572000,1785153451811572000,1785153451811572000,121932490,121652369,-126.121,0.000,0.000,1.000,3.000,0.000,0.000,1.000,0,0,0
B3_zmq_pushpull,zmq_tcp,none,none,,1,15352,512,584,1785153451812589000,1785153451812589000,1785153451812589000,1785153451812590000,1785153451812700000,1785153451812703000,1785153451812703000,1785153451812703000,121932490,121652369,-170.121,0.000,0.000,1.000,3.000,0.000,0.000,44.000,0,0,0
B3_zmq_pushpull,zmq_tcp,none,none,,1,15353,512,584,1785153451813397000,1785153451813398000,1785153451813398000,1785153451813399000,1785153451813552000,1785153451813555000,1785153451813555000,1785153451813555000,121932490,121652369,-127.121,1.000,0.000,1.000,3.000,0.000,0.000,43.000,0,0,0
B3_zmq_pushpull,zmq_tcp,none,none,,1,15354,512,584,1785153451814390000,1785153451814390000,1785153451814390000,1785153451814391000,1785153451814547000,1785153451814549000,1785153451814549000,1785153451814549000,121932490,121652369,-124.121,0.000,0.000,1.000,2.000,0.000,0.000,3.000,0,0,0
B3_zmq_pushpull,zmq_tcp,none,none,,1,15355,512,584,1785153451815373000,1785153451815373000,1785153451815373000,1785153451815374000,1785153451815517000,1785153451815520000,1785153451815520000,1785153451815520000,121932490,121652369,-137.121,0.000,0.000,1.000,3.000,0.000,0.000,13.000,0,0,0
B3_zmq_pushpull,zmq_tcp,none,none,,1,15356,512,584,1785153451816360000,1785153451816361000,1785153451816361000,1785153451816362000,1785153451816514000,1785153451816517000,1785153451816517000,1785153451816517000,121932490,121652369,-128.121,1.000,0.000,1.000,3.000,0.000,0.000,9.000,0,0,0
B3_zmq_pushpull,zmq_tcp,none,none,,1,15357,512,584,1785153451817366000,1785153451817366000,1785153451817367000,1785153451817367000,1785153451817507000,1785153451817509000,1785153451817509000,1785153451817509000,121932490,121652369,-140.121,0.000,1.000,0.000,2.000,0.000,0.000,12.000,0,0,0
B3_zmq_pushpull,zmq_tcp,none,none,,1,15358,512,584,1785153451818483000,1785153451818483000,1785153451818483000,1785153451818484000,1785153451818633000,1785153451818636000,1785153451818636000,1785153451818636000,121932490,121652369,-131.121,0.000,0.000,1.000,3.000,0.000,0.000,9.000,0,0,0
B3_zmq_pushpull,zmq_tcp,none,none,,1,15359,512,584,1785153451819442000,1785153451819442000,1785153451819442000,1785153451819443000,1785153451819595000,1785153451819598000,1785153451819598000,1785153451819598000,121932490,121652369,-128.121,0.000,0.000,1.000,3.000,0.000,0.000,3.000,0,0,0
B3_zmq_pushpull,zmq_tcp,none,none,,1,15360,512,584,1785153451820441000,1785153451820441000,1785153451820441000,1785153451820442000,1785153451820585000,1785153451820588000,1785153451820588000,1785153451820588000,121932490,121652369,-137.121,0.000,0.000,1.000,3.000,0.000,0.000,9.000,0,0,0
B3_zmq_pushpull,zmq_tcp,none,none,,1,15361,512,584,1785153451821437000,1785153451821437000,1785153451821437000,1785153451821438000,1785153451821597000,1785153451821600000,1785153451821600000,1785153451821600000,121932490,121652369,-121.121,0.000,0.000,1.000,3.000,0.000,0.000,16.000,0,0,0
B3_zmq_pushpull,zmq_tcp,none,none,,1,15362,512,584,1785153451822583000,1785153451822583000,1785153451822584000,1785153451822584000,1785153451822728000,1785153451822733000,1785153451822733000,1785153451822733000,121932490,121652369,-136.121,0.000,1.000,0.000,5.000,0.000,0.000,15.000,0,0,0
B3_zmq_pushpull,zmq_tcp,none,none,,1,15363,512,584,1785153451823408000,1785153451823408000,1785153451823408000,1785153451823409000,1785153451823561000,1785153451823564000,1785153451823564000,1785153451823564000,121932490,121652369,-128.121,0.000,0.000,1.000,3.000,0.000,0.000,8.000,0,0,0
B3_zmq_pushpull,zmq_tcp,none,none,,1,15364,512,584,1785153451824404000,1785153451824404000,1785153451824404000,1785153451824405000,1785153451824556000,1785153451824559000,1785153451824559000,1785153451824559000,121932490,121652369,-129.121,0.000,0.000,1.000,3.000,0.000,0.000,1.000,0,0,0
B3_zmq_pushpull,zmq_tcp,none,none,,1,15365,512,584,1785153451825390000,1785153451825390000,1785153451825390000,1785153451825391000,1785153451825541000,1785153451825544000,1785153451825544000,1785153451825544000,121932490,121652369,-130.121,0.000,0.000,1.000,3.000,0.000,0.000,1.000,0,0,0
B3_zmq_pushpull,zmq_tcp,none,none,,1,15366,512,584,1785153451826371000,1785153451826371000,1785153451826371000,1785153451826372000,1785153451826525000,1785153451826528000,1785153451826528000,1785153451826528000,121932490,121652369,-127.121,0.000,0.000,1.000,3.000,0.000,0.000,3.000,0,0,0
B3_zmq_pushpull,zmq_tcp,none,none,,1,15367,512,584,1785153451827364000,1785153451827365000,1785153451827365000,1785153451827366000,1785153451827519000,1785153451827522000,1785153451827522000,1785153451827522000,121932490,121652369,-127.121,1.000,0.000,1.000,3.000,0.000,0.000,0.000,0,0,0
B3_zmq_pushpull,zmq_tcp,none,none,,1,15368,512,584,1785153451828367000,1785153451828367000,1785153451828367000,1785153451828368000,1785153451828523000,1785153451828525000,1785153451828525000,1785153451828525000,121932490,121652369,-125.121,0.000,0.000,1.000,2.000,0.000,0.000,2.000,0,0,0
B3_zmq_pushpull,zmq_tcp,none,none,,1,15369,512,584,1785153451829363000,1785153451829363000,1785153451829363000,1785153451829364000,1785153451829516000,1785153451829519000,1785153451829519000,1785153451829519000,121932490,121652369,-128.121,0.000,0.000,1.000,3.000,0.000,0.000,3.000,0,0,0
B3_zmq_pushpull,zmq_tcp,none,none,,1,15370,512,584,1785153451830366000,1785153451830366000,1785153451830367000,1785153451830367000,1785153451830505000,1785153451830508000,1785153451830508000,1785153451830508000,121932490,121652369,-142.121,0.000,1.000,0.000,3.000,0.000,0.000,14.000,0,0,0
B3_zmq_pushpull,zmq_tcp,none,none,,1,15371,512,584,1785153451831477000,1785153451831477000,1785153451831477000,1785153451831478000,1785153451831629000,1785153451831633000,1785153451831633000,1785153451831633000,121932490,121652369,-129.121,0.000,0.000,1.000,4.000,0.000,0.000,13.000,0,0,0
B3_zmq_pushpull,zmq_tcp,none,none,,1,15372,512,584,1785153451832575000,1785153451832575000,1785153451832575000,1785153451832576000,1785153451832628000,1785153451832631000,1785153451832631000,1785153451832631000,121932490,121652369,-228.121,0.000,0.000,1.000,3.000,0.000,0.000,99.000,0,0,0
B3_zmq_pushpull,zmq_tcp,none,none,,1,15373,512,584,1785153451833470000,1785153451833470000,1785153451833470000,1785153451833471000,1785153451833623000,1785153451833626000,1785153451833626000,1785153451833626000,121932490,121652369,-128.121,0.000,0.000,1.000,3.000,0.000,0.000,100.000,0,0,0
B3_zmq_pushpull,zmq_tcp,none,none,,1,15374,512,584,1785153451834461000,1785153451834461000,1785153451834461000,1785153451834462000,1785153451834612000,1785153451834615000,1785153451834615000,1785153451834615000,121932490,121652369,-130.121,0.000,0.000,1.000,3.000,0.000,0.000,2.000,0,0,0
B3_zmq_pushpull,zmq_tcp,none,none,,1,15375,512,584,1785153451835578000,1785153451835578000,1785153451835578000,1785153451835579000,1785153451835738000,1785153451835740000,1785153451835740000,1785153451835740000,121932490,121652369,-121.121,0.000,0.000,1.000,2.000,0.000,0.000,9.000,0,0,0
B3_zmq_pushpull,zmq_tcp,none,none,,1,15376,512,584,1785153451836551000,1785153451836551000,1785153451836551000,1785153451836552000,1785153451836726000,1785153451836730000,1785153451836730000,1785153451836730000,121932490,121652369,-106.121,0.000,0.000,1.000,4.000,0.000,0.000,15.000,0,0,0
B3_zmq_pushpull,zmq_tcp,none,none,,1,15377,512,584,1785153451837423000,1785153451837423000,1785153451837423000,1785153451837424000,1785153451837578000,1785153451837580000,1785153451837580000,1785153451837580000,121932490,121652369,-126.121,0.000,0.000,1.000,2.000,0.000,0.000,20.000,0,0,0
B3_zmq_pushpull,zmq_tcp,none,none,,1,15378,512,584,1785153451838397000,1785153451838397000,1785153451838397000,1785153451838398000,1785153451838548000,1785153451838551000,1785153451838551000,1785153451838551000,121932490,121652369,-130.121,0.000,0.000,1.000,3.000,0.000,0.000,4.000,0,0,0
B3_zmq_pushpull,zmq_tcp,none,none,,1,15379,512,584,1785153451839374000,1785153451839375000,1785153451839375000,1785153451839376000,1785153451839518000,1785153451839520000,1785153451839520000,1785153451839520000,121932490,121652369,-138.121,1.000,0.000,1.000,2.000,0.000,0.000,8.000,0,0,0
B3_zmq_pushpull,zmq_tcp,none,none,,1,15380,512,584,1785153451840600000,1785153451840600000,1785153451840600000,1785153451840601000,1785153451840644000,1785153451840647000,1785153451840647000,1785153451840647000,121932490,121652369,-237.121,0.000,0.000,1.000,3.000,0.000,0.000,99.000,0,0,0
B3_zmq_pushpull,zmq_tcp,none,none,,1,15381,512,584,1785153451841362000,1785153451841362000,1785153451841362000,1785153451841363000,1785153451841501000,1785153451841505000,1785153451841505000,1785153451841505000,121932490,121652369,-142.121,0.000,0.000,1.000,4.000,0.000,0.000,95.000,0,0,0
B3_zmq_pushpull,zmq_tcp,none,none,,1,15382,512,584,1785153451842604000,1785153451842604000,1785153451842604000,1785153451842605000,1785153451842776000,1785153451842779000,1785153451842779000,1785153451842779000,121932490,121652369,-109.121,0.000,0.000,1.000,3.000,0.000,0.000,33.000,0,0,0
B3_zmq_pushpull,zmq_tcp,none,none,,1,15383,512,584,1785153451843542000,1785153451843542000,1785153451843542000,1785153451843543000,1785153451843618000,1785153451843621000,1785153451843621000,1785153451843621000,121932490,121652369,-205.121,0.000,0.000,1.000,3.000,0.000,0.000,96.000,0,0,0
B3_zmq_pushpull,zmq_tcp,none,none,,1,15384,512,584,1785153451844560000,1785153451844560000,1785153451844560000,1785153451844561000,1785153451844619000,1785153451844622000,1785153451844622000,1785153451844622000,121932490,121652369,-222.121,0.000,0.000,1.000,3.000,0.000,0.000,17.000,0,0,0
B3_zmq_pushpull,zmq_tcp,none,none,,1,15385,512,584,1785153451845551000,1785153451845551000,1785153451845551000,1785153451845552000,1785153451845712000,1785153451845715000,1785153451845715000,1785153451845715000,121932490,121652369,-120.121,0.000,0.000,1.000,3.000,0.000,0.000,102.000,0,0,0
B3_zmq_pushpull,zmq_tcp,none,none,,1,15386,512,584,1785153451846555000,1785153451846555000,1785153451846555000,1785153451846556000,1785153451846687000,1785153451846690000,1785153451846690000,1785153451846690000,121932490,121652369,-149.121,0.000,0.000,1.000,3.000,0.000,0.000,29.000,0,0,0
B3_zmq_pushpull,zmq_tcp,none,none,,1,15387,512,584,1785153451847556000,1785153451847556000,1785153451847556000,1785153451847557000,1785153451847651000,1785153451847653000,1785153451847653000,1785153451847653000,121932490,121652369,-186.121,0.000,0.000,1.000,2.000,0.000,0.000,37.000,0,0,0
B3_zmq_pushpull,zmq_tcp,none,none,,1,15388,512,584,1785153451848554000,1785153451848554000,1785153451848554000,1785153451848555000,1785153451848658000,1785153451848660000,1785153451848660000,1785153451848660000,121932490,121652369,-177.121,0.000,0.000,1.000,2.000,0.000,0.000,9.000,0,0,0
B3_zmq_pushpull,zmq_tcp,none,none,,1,15389,512,584,1785153451849553000,1785153451849553000,1785153451849553000,1785153451849554000,1785153451849649000,1785153451849652000,1785153451849652000,1785153451849652000,121932490,121652369,-185.121,0.000,0.000,1.000,3.000,0.000,0.000,8.000,0,0,0
B3_zmq_pushpull,zmq_tcp,none,none,,1,15390,512,584,1785153451850556000,1785153451850557000,1785153451850557000,1785153451850558000,1785153451850624000,1785153451850626000,1785153451850626000,1785153451850626000,121932490,121652369,-214.121,1.000,0.000,1.000,2.000,0.000,0.000,29.000,0,0,0
B3_zmq_pushpull,zmq_tcp,none,none,,1,15391,512,584,1785153451851554000,1785153451851554000,1785153451851554000,1785153451851555000,1785153451851612000,1785153451851615000,1785153451851615000,1785153451851615000,121932490,121652369,-223.121,0.000,0.000,1.000,3.000,0.000,0.000,9.000,0,0,0
B3_zmq_pushpull,zmq_tcp,none,none,,1,15392,512,584,1785153451852554000,1785153451852554000,1785153451852554000,1785153451852555000,1785153451852602000,1785153451852605000,1785153451852605000,1785153451852605000,121932490,121652369,-233.121,0.000,0.000,1.000,3.000,0.000,0.000,10.000,0,0,0
B3_zmq_pushpull,zmq_tcp,none,none,,1,15393,512,584,1785153451853554000,1785153451853554000,1785153451853554000,1785153451853555000,1785153451853710000,1785153451853713000,1785153451853713000,1785153451853713000,121932490,121652369,-125.121,0.000,0.000,1.000,3.000,0.000,0.000,108.000,0,0,0
B3_zmq_pushpull,zmq_tcp,none,none,,1,15394,512,584,1785153451854554000,1785153451854554000,1785153451854554000,1785153451854555000,1785153451854711000,1785153451854714000,1785153451854714000,1785153451854714000,121932490,121652369,-124.121,0.000,0.000,1.000,3.000,0.000,0.000,1.000,0,0,0
B3_zmq_pushpull,zmq_tcp,none,none,,1,15395,512,584,1785153451855554000,1785153451855554000,1785153451855554000,1785153451855555000,1785153451855694000,1785153451855696000,1785153451855696000,1785153451855696000,121932490,121652369,-141.121,0.000,0.000,1.000,2.000,0.000,0.000,17.000,0,0,0
B3_zmq_pushpull,zmq_tcp,none,none,,1,15396,512,584,1785153451856554000,1785153451856554000,1785153451856554000,1785153451856555000,1785153451856666000,1785153451856670000,1785153451856670000,1785153451856670000,121932490,121652369,-169.121,0.000,0.000,1.000,4.000,0.000,0.000,28.000,0,0,0
B3_zmq_pushpull,zmq_tcp,none,none,,1,15397,512,584,1785153451857494000,1785153451857494000,1785153451857494000,1785153451857495000,1785153451857635000,1785153451857638000,1785153451857638000,1785153451857638000,121932490,121652369,-140.121,0.000,0.000,1.000,3.000,0.000,0.000,29.000,0,0,0
B3_zmq_pushpull,zmq_tcp,none,none,,1,15398,512,584,1785153451858482000,1785153451858482000,1785153451858482000,1785153451858483000,1785153451858636000,1785153451858639000,1785153451858639000,1785153451858639000,121932490,121652369,-127.121,0.000,0.000,1.000,3.000,0.000,0.000,13.000,0,0,0
B3_zmq_pushpull,zmq_tcp,none,none,,1,15399,512,584,1785153451859466000,1785153451859466000,1785153451859466000,1785153451859467000,1785153451859626000,1785153451859630000,1785153451859630000,1785153451859630000,121932490,121652369,-121.121,0.000,0.000,1.000,4.000,0.000,0.000,6.000,0,0,0
B3_zmq_pushpull,zmq_tcp,none,none,,1,15400,512,584,1785153451860577000,1785153451860577000,1785153451860577000,1785153451860578000,1785153451860770000,1785153451860773000,1785153451860773000,1785153451860773000,121932490,121652369,-88.121,0.000,0.000,1.000,3.000,0.000,0.000,33.000,0,0,0
B3_zmq_pushpull,zmq_tcp,none,none,,1,15401,512,584,1785153451861550000,1785153451861551000,1785153451861551000,1785153451861552000,1785153451861616000,1785153451861619000,1785153451861619000,1785153451861619000,121932490,121652369,-216.121,1.000,0.000,1.000,3.000,0.000,0.000,128.000,0,0,0
B3_zmq_pushpull,zmq_tcp,none,none,,1,15402,512,584,1785153451862555000,1785153451862555000,1785153451862555000,1785153451862556000,1785153451862616000,1785153451862620000,1785153451862620000,1785153451862620000,121932490,121652369,-220.121,0.000,0.000,1.000,4.000,0.000,0.000,4.000,0,0,0
B3_zmq_pushpull,zmq_tcp,none,none,,1,15403,512,584,1785153451863555000,1785153451863555000,1785153451863555000,1785153451863556000,1785153451863612000,1785153451863615000,1785153451863615000,1785153451863615000,121932490,121652369,-224.121,0.000,0.000,1.000,3.000,0.000,0.000,4.000,0,0,0
B3_zmq_pushpull,zmq_tcp,none,none,,1,15404,512,584,1785153451864555000,1785153451864555000,1785153451864555000,1785153451864556000,1785153451864752000,1785153451864755000,1785153451864755000,1785153451864755000,121932490,121652369,-84.121,0.000,0.000,1.000,3.000,0.000,0.000,140.000,0,0,0
B3_zmq_pushpull,zmq_tcp,none,none,,1,15405,512,584,1785153451865552000,1785153451865552000,1785153451865552000,1785153451865554000,1785153451865611000,1785153451865615000,1785153451865615000,1785153451865615000,121932490,121652369,-223.121,0.000,0.000,2.000,4.000,0.000,0.000,139.000,0,0,0
B3_zmq_pushpull,zmq_tcp,none,none,,1,15406,512,584,1785153451866441000,1785153451866442000,1785153451866442000,1785153451866443000,1785153451866586000,1785153451866589000,1785153451866589000,1785153451866589000,121932490,121652369,-137.121,1.000,0.000,1.000,3.000,0.000,0.000,86.000,0,0,0
B3_zmq_pushpull,zmq_tcp,none,none,,1,15407,512,584,1785153451867428000,1785153451867429000,1785153451867429000,1785153451867430000,1785153451867569000,1785153451867572000,1785153451867572000,1785153451867572000,121932490,121652369,-141.121,1.000,0.000,1.000,3.000,0.000,0.000,4.000,0,0,0
B3_zmq_pushpull,zmq_tcp,none,none,,1,15408,512,584,1785153451868398000,1785153451868398000,1785153451868398000,1785153451868399000,1785153451868552000,1785153451868555000,1785153451868555000,1785153451868555000,121932490,121652369,-127.121,0.000,0.000,1.000,3.000,0.000,0.000,14.000,0,0,0
B3_zmq_pushpull,zmq_tcp,none,none,,1,15409,512,584,1785153451869373000,1785153451869373000,1785153451869373000,1785153451869374000,1785153451869536000,1785153451869539000,1785153451869539000,1785153451869539000,121932490,121652369,-118.121,0.000,0.000,1.000,3.000,0.000,0.000,9.000,0,0,0
B3_zmq_pushpull,zmq_tcp,none,none,,1,15410,512,584,1785153451870599000,1785153451870599000,1785153451870599000,1785153451870600000,1785153451870660000,1785153451870662000,1785153451870662000,1785153451870662000,121932490,121652369,-220.121,0.000,0.000,1.000,2.000,0.000,0.000,102.000,0,0,0
B3_zmq_pushpull,zmq_tcp,none,none,,1,15411,512,584,1785153451871545000,1785153451871545000,1785153451871545000,1785153451871546000,1785153451871655000,1785153451871658000,1785153451871658000,1785153451871658000,121932490,121652369,-171.121,0.000,0.000,1.000,3.000,0.000,0.000,49.000,0,0,0
B3_zmq_pushpull,zmq_tcp,none,none,,1,15412,512,584,1785153451872556000,1785153451872556000,1785153451872556000,1785153451872557000,1785153451872628000,1785153451872632000,1785153451872632000,1785153451872632000,121932490,121652369,-209.121,0.000,0.000,1.000,4.000,0.000,0.000,38.000,0,0,0
B3_zmq_pushpull,zmq_tcp,none,none,,1,15413,512,584,1785153451873555000,1785153451873555000,1785153451873555000,1785153451873556000,1785153451873629000,1785153451873632000,1785153451873632000,1785153451873632000,121932490,121652369,-207.121,0.000,0.000,1.000,3.000,0.000,0.000,2.000,0,0,0
B3_zmq_pushpull,zmq_tcp,none,none,,1,15414,512,584,1785153451874555000,1785153451874555000,1785153451874556000,1785153451874556000,1785153451874639000,1785153451874642000,1785153451874642000,1785153451874642000,121932490,121652369,-197.121,0.000,1.000,0.000,3.000,0.000,0.000,10.000,0,0,0
B3_zmq_pushpull,zmq_tcp,none,none,,1,15415,512,584,1785153451875554000,1785153451875554000,1785153451875554000,1785153451875555000,1785153451875643000,1785153451875646000,1785153451875646000,1785153451875646000,121932490,121652369,-192.121,0.000,0.000,1.000,3.000,0.000,0.000,5.000,0,0,0
B3_zmq_pushpull,zmq_tcp,none,none,,1,15416,512,584,1785153451876555000,1785153451876556000,1785153451876556000,1785153451876557000,1785153451876644000,1785153451876647000,1785153451876647000,1785153451876647000,121932490,121652369,-193.121,1.000,0.000,1.000,3.000,0.000,0.000,1.000,0,0,0
B3_zmq_pushpull,zmq_tcp,none,none,,1,15417,512,584,1785153451877556000,1785153451877556000,1785153451877556000,1785153451877557000,1785153451877638000,1785153451877640000,1785153451877640000,1785153451877640000,121932490,121652369,-199.121,0.000,0.000,1.000,2.000,0.000,0.000,6.000,0,0,0
B3_zmq_pushpull,zmq_tcp,none,none,,1,15418,512,584,1785153451878554000,1785153451878554000,1785153451878554000,1785153451878555000,1785153451878638000,1785153451878640000,1785153451878640000,1785153451878640000,121932490,121652369,-197.121,0.000,0.000,1.000,2.000,0.000,0.000,2.000,0,0,0
B3_zmq_pushpull,zmq_tcp,none,none,,1,15419,512,584,1785153451879558000,1785153451879558000,1785153451879558000,1785153451879559000,1785153451879644000,1785153451879647000,1785153451879647000,1785153451879647000,121932490,121652369,-195.121,0.000,0.000,1.000,3.000,0.000,0.000,2.000,0,0,0
B3_zmq_pushpull,zmq_tcp,none,none,,1,15420,512,584,1785153451880553000,1785153451880553000,1785153451880553000,1785153451880554000,1785153451880636000,1785153451880639000,1785153451880639000,1785153451880639000,121932490,121652369,-198.121,0.000,0.000,1.000,3.000,0.000,0.000,3.000,0,0,0
B3_zmq_pushpull,zmq_tcp,none,none,,1,15421,512,584,1785153451881555000,1785153451881555000,1785153451881556000,1785153451881556000,1785153451881615000,1785153451881618000,1785153451881618000,1785153451881618000,121932490,121652369,-221.121,0.000,1.000,0.000,3.000,0.000,0.000,23.000,0,0,0
B3_zmq_pushpull,zmq_tcp,none,none,,1,15422,512,584,1785153451882551000,1785153451882551000,1785153451882552000,1785153451882552000,1785153451882605000,1785153451882608000,1785153451882608000,1785153451882608000,121932490,121652369,-227.121,0.000,1.000,0.000,3.000,0.000,0.000,6.000,0,0,0
B3_zmq_pushpull,zmq_tcp,none,none,,1,15423,512,584,1785153451883555000,1785153451883556000,1785153451883556000,1785153451883557000,1785153451883610000,1785153451883613000,1785153451883613000,1785153451883613000,121932490,121652369,-227.121,1.000,0.000,1.000,3.000,0.000,0.000,0.000,0,0,0
B3_zmq_pushpull,zmq_tcp,none,none,,1,15424,512,584,1785153451884458000,1785153451884458000,1785153451884458000,1785153451884459000,1785153451884606000,1785153451884608000,1785153451884609000,1785153451884609000,121932490,121652369,-133.121,0.000,0.000,1.000,2.000,1.000,0.000,94.000,0,0,0
B3_zmq_pushpull,zmq_tcp,none,none,,1,15425,512,584,1785153451885578000,1785153451885578000,1785153451885578000,1785153451885579000,1785153451885720000,1785153451885723000,1785153451885723000,1785153451885723000,121932490,121652369,-139.121,0.000,0.000,1.000,3.000,0.000,0.000,6.000,0,0,0
B3_zmq_pushpull,zmq_tcp,none,none,,1,15426,512,584,1785153451886552000,1785153451886552000,1785153451886552000,1785153451886554000,1785153451886720000,1785153451886725000,1785153451886725000,1785153451886725000,121932490,121652369,-114.121,0.000,0.000,2.000,5.000,0.000,0.000,25.000,0,0,0
B3_zmq_pushpull,zmq_tcp,none,none,,1,15427,512,584,1785153451887555000,1785153451887556000,1785153451887556000,1785153451887556000,1785153451887726000,1785153451887729000,1785153451887729000,1785153451887729000,121932490,121652369,-110.121,1.000,0.000,0.000,3.000,0.000,0.000,4.000,0,0,0
B3_zmq_pushpull,zmq_tcp,none,none,,1,15428,512,584,1785153451888555000,1785153451888555000,1785153451888555000,1785153451888556000,1785153451888604000,1785153451888607000,1785153451888608000,1785153451888608000,121932490,121652369,-232.121,0.000,0.000,1.000,3.000,1.000,0.000,122.000,0,0,0
B3_zmq_pushpull,zmq_tcp,none,none,,1,15429,512,584,1785153451889557000,1785153451889557000,1785153451889557000,1785153451889558000,1785153451889623000,1785153451889627000,1785153451889627000,1785153451889627000,121932490,121652369,-215.121,0.000,0.000,1.000,4.000,0.000,0.000,17.000,0,0,0
B3_zmq_pushpull,zmq_tcp,none,none,,1,15430,512,584,1785153451890550000,1785153451890550000,1785153451890550000,1785153451890551000,1785153451890618000,1785153451890621000,1785153451890621000,1785153451890621000,121932490,121652369,-213.121,0.000,0.000,1.000,3.000,0.000,0.000,2.000,0,0,0
B3_zmq_pushpull,zmq_tcp,none,none,,1,15431,512,584,1785153451891556000,1785153451891556000,1785153451891556000,1785153451891557000,1785153451891621000,1785153451891624000,1785153451891624000,1785153451891624000,121932490,121652369,-216.121,0.000,0.000,1.000,3.000,0.000,0.000,3.000,0,0,0
B3_zmq_pushpull,zmq_tcp,none,none,,1,15432,512,584,1785153451892554000,1785153451892554000,1785153451892554000,1785153451892555000,1785153451892613000,1785153451892616000,1785153451892616000,1785153451892616000,121932490,121652369,-222.121,0.000,0.000,1.000,3.000,0.000,0.000,6.000,0,0,0
B3_zmq_pushpull,zmq_tcp,none,none,,1,15433,512,584,1785153451893402000,1785153451893402000,1785153451893402000,1785153451893403000,1785153451893485000,1785153451893488000,1785153451893488000,1785153451893488000,121932490,121652369,-198.121,0.000,0.000,1.000,3.000,0.000,0.000,24.000,0,0,0
B3_zmq_pushpull,zmq_tcp,none,none,,1,15434,512,584,1785153451894589000,1785153451894589000,1785153451894589000,1785153451894590000,1785153451894751000,1785153451894754000,1785153451894754000,1785153451894754000,121932490,121652369,-119.121,0.000,0.000,1.000,3.000,0.000,0.000,79.000,0,0,0
B3_zmq_pushpull,zmq_tcp,none,none,,1,15435,512,584,1785153451895546000,1785153451895546000,1785153451895546000,1785153451895547000,1785153451895592000,1785153451895596000,1785153451895596000,1785153451895596000,121932490,121652369,-235.121,0.000,0.000,1.000,4.000,0.000,0.000,116.000,0,0,0
B3_zmq_pushpull,zmq_tcp,none,none,,1,15436,512,584,1785153451896561000,1785153451896562000,1785153451896562000,1785153451896563000,1785153451896726000,1785153451896729000,1785153451896729000,1785153451896729000,121932490,121652369,-117.121,1.000,0.000,1.000,3.000,0.000,0.000,118.000,0,0,0
B3_zmq_pushpull,zmq_tcp,none,none,,1,15437,512,584,1785153451897553000,1785153451897553000,1785153451897553000,1785153451897554000,1785153451897724000,1785153451897727000,1785153451897727000,1785153451897727000,121932490,121652369,-110.121,0.000,0.000,1.000,3.000,0.000,0.000,7.000,0,0,0
B3_zmq_pushpull,zmq_tcp,none,none,,1,15438,512,584,1785153451898554000,1785153451898554000,1785153451898554000,1785153451898555000,1785153451898718000,1785153451898721000,1785153451898721000,1785153451898721000,121932490,121652369,-117.121,0.000,0.000,1.000,3.000,0.000,0.000,7.000,0,0,0
B3_zmq_pushpull,zmq_tcp,none,none,,1,15439,512,584,1785153451899555000,1785153451899555000,1785153451899555000,1785153451899556000,1785153451899715000,1785153451899718000,1785153451899718000,1785153451899718000,121932490,121652369,-121.121,0.000,0.000,1.000,3.000,0.000,0.000,4.000,0,0,0
B3_zmq_pushpull,zmq_tcp,none,none,,1,15440,512,584,1785153451900554000,1785153451900554000,1785153451900554000,1785153451900555000,1785153451900686000,1785153451900689000,1785153451900689000,1785153451900689000,121932490,121652369,-149.121,0.000,0.000,1.000,3.000,0.000,0.000,28.000,0,0,0
B3_zmq_pushpull,zmq_tcp,none,none,,1,15441,512,584,1785153451901554000,1785153451901554000,1785153451901554000,1785153451901555000,1785153451901653000,1785153451901655000,1785153451901655000,1785153451901655000,121932490,121652369,-182.121,0.000,0.000,1.000,2.000,0.000,0.000,33.000,0,0,0
B3_zmq_pushpull,zmq_tcp,none,none,,1,15442,512,584,1785153451902554000,1785153451902554000,1785153451902554000,1785153451902555000,1785153451902636000,1785153451902639000,1785153451902639000,1785153451902639000,121932490,121652369,-199.121,0.000,0.000,1.000,3.000,0.000,0.000,17.000,0,0,0
B3_zmq_pushpull,zmq_tcp,none,none,,1,15443,512,584,1785153451903554000,1785153451903554000,1785153451903554000,1785153451903555000,1785153451903609000,1785153451903612000,1785153451903612000,1785153451903612000,121932490,121652369,-226.121,0.000,0.000,1.000,3.000,0.000,0.000,27.000,0,0,0
B3_zmq_pushpull,zmq_tcp,none,none,,1,15444,512,584,1785153451904554000,1785153451904554000,1785153451904554000,1785153451904555000,1785153451904730000,1785153451904734000,1785153451904734000,1785153451904734000,121932490,121652369,-105.121,0.000,0.000,1.000,4.000,0.000,0.000,121.000,0,0,0
B3_zmq_pushpull,zmq_tcp,none,none,,1,15445,512,584,1785153451905426000,1785153451905426000,1785153451905426000,1785153451905427000,1785153451905585000,1785153451905587000,1785153451905588000,1785153451905588000,121932490,121652369,-122.121,0.000,0.000,1.000,2.000,1.000,0.000,17.000,0,0,0
B3_zmq_pushpull,zmq_tcp,none,none,,1,15446,512,584,1785153451906426000,1785153451906426000,1785153451906426000,1785153451906427000,1785153451906574000,1785153451906576000,1785153451906576000,1785153451906577000,121932490,121652369,-133.121,0.000,0.000,1.000,2.000,0.000,1.000,11.000,0,0,0
B3_zmq_pushpull,zmq_tcp,none,none,,1,15447,512,584,1785153451907586000,1785153451907586000,1785153451907586000,1785153451907587000,1785153451907699000,1785153451907702000,1785153451907702000,1785153451907702000,121932490,121652369,-168.121,0.000,0.000,1.000,3.000,0.000,0.000,35.000,0,0,0
B3_zmq_pushpull,zmq_tcp,none,none,,1,15448,512,584,1785153451908543000,1785153451908544000,1785153451908544000,1785153451908545000,1785153451908665000,1785153451908667000,1785153451908667000,1785153451908667000,121932490,121652369,-160.121,1.000,0.000,1.000,2.000,0.000,0.000,8.000,0,0,0
B3_zmq_pushpull,zmq_tcp,none,none,,1,15449,512,584,1785153451909557000,1785153451909557000,1785153451909557000,1785153451909558000,1785153451909622000,1785153451909624000,1785153451909624000,1785153451909624000,121932490,121652369,-216.121,0.000,0.000,1.000,2.000,0.000,0.000,56.000,0,0,0
B3_zmq_pushpull,zmq_tcp,none,none,,1,15450,512,584,1785153451910554000,1785153451910554000,1785153451910554000,1785153451910555000,1785153451910607000,1785153451910610000,1785153451910610000,1785153451910610000,121932490,121652369,-228.121,0.000,0.000,1.000,3.000,0.000,0.000,12.000,0,0,0
B3_zmq_pushpull,zmq_tcp,none,none,,1,15451,512,584,1785153451911554000,1785153451911554000,1785153451911554000,1785153451911555000,1785153451911610000,1785153451911613000,1785153451911613000,1785153451911613000,121932490,121652369,-225.121,0.000,0.000,1.000,3.000,0.000,0.000,3.000,0,0,0
B3_zmq_pushpull,zmq_tcp,none,none,,1,15452,512,584,1785153451912556000,1785153451912556000,1785153451912556000,1785153451912557000,1785153451912720000,1785153451912723000,1785153451912723000,1785153451912723000,121932490,121652369,-117.121,0.000,0.000,1.000,3.000,0.000,0.000,108.000,0,0,0
B3_zmq_pushpull,zmq_tcp,none,none,,1,15453,512,584,1785153451913429000,1785153451913430000,1785153451913430000,1785153451913431000,1785153451913583000,1785153451913586000,1785153451913586000,1785153451913586000,121932490,121652369,-128.121,1.000,0.000,1.000,3.000,0.000,0.000,11.000,0,0,0
B3_zmq_pushpull,zmq_tcp,none,none,,1,15454,512,584,1785153451914423000,1785153451914424000,1785153451914424000,1785153451914425000,1785153451914577000,1785153451914580000,1785153451914580000,1785153451914580000,121932490,121652369,-128.121,1.000,0.000,1.000,3.000,0.000,0.000,0.000,0,0,0
B3_zmq_pushpull,zmq_tcp,none,none,,1,15455,512,584,1785153451915587000,1785153451915588000,1785153451915588000,1785153451915589000,1785153451915694000,1785153451915697000,1785153451915697000,1785153451915697000,121932490,121652369,-175.121,1.000,0.000,1.000,3.000,0.000,0.000,47.000,0,0,0
B3_zmq_pushpull,zmq_tcp,none,none,,1,15456,512,584,1785153451916544000,1785153451916544000,1785153451916544000,1785153451916545000,1785153451916662000,1785153451916665000,1785153451916665000,1785153451916665000,121932490,121652369,-163.121,0.000,0.000,1.000,3.000,0.000,0.000,12.000,0,0,0
B3_zmq_pushpull,zmq_tcp,none,none,,1,15457,512,584,1785153451917558000,1785153451917558000,1785153451917559000,1785153451917559000,1785153451917654000,1785153451917658000,1785153451917658000,1785153451917658000,121932490,121652369,-185.121,0.000,1.000,0.000,4.000,0.000,0.000,22.000,0,0,0
B3_zmq_pushpull,zmq_tcp,none,none,,1,15458,512,584,1785153451918554000,1785153451918555000,1785153451918555000,1785153451918556000,1785153451918645000,1785153451918649000,1785153451918649000,1785153451918649000,121932490,121652369,-191.121,1.000,0.000,1.000,4.000,0.000,0.000,6.000,0,0,0
B3_zmq_pushpull,zmq_tcp,none,none,,1,15459,512,584,1785153451919556000,1785153451919556000,1785153451919556000,1785153451919557000,1785153451919653000,1785153451919655000,1785153451919655000,1785153451919655000,121932490,121652369,-184.121,0.000,0.000,1.000,2.000,0.000,0.000,7.000,0,0,0
B3_zmq_pushpull,zmq_tcp,none,none,,1,15460,512,584,1785153451920552000,1785153451920552000,1785153451920552000,1785153451920553000,1785153451920654000,1785153451920658000,1785153451920658000,1785153451920658000,121932490,121652369,-179.121,0.000,0.000,1.000,4.000,0.000,0.000,5.000,0,0,0
B3_zmq_pushpull,zmq_tcp,none,none,,1,15461,512,584,1785153451921554000,1785153451921554000,1785153451921554000,1785153451921555000,1785153451921641000,1785153451921644000,1785153451921644000,1785153451921644000,121932490,121652369,-194.121,0.000,0.000,1.000,3.000,0.000,0.000,15.000,0,0,0
B3_zmq_pushpull,zmq_tcp,none,none,,1,15462,512,584,1785153451922554000,1785153451922554000,1785153451922554000,1785153451922555000,1785153451922629000,1785153451922632000,1785153451922632000,1785153451922632000,121932490,121652369,-206.121,0.000,0.000,1.000,3.000,0.000,0.000,12.000,0,0,0
B3_zmq_pushpull,zmq_tcp,none,none,,1,15463,512,584,1785153451923554000,1785153451923554000,1785153451923554000,1785153451923555000,1785153451923628000,1785153451923631000,1785153451923631000,1785153451923631000,121932490,121652369,-207.121,0.000,0.000,1.000,3.000,0.000,0.000,1.000,0,0,0
B3_zmq_pushpull,zmq_tcp,none,none,,1,15464,512,584,1785153451924559000,1785153451924559000,1785153451924559000,1785153451924560000,1785153451924632000,1785153451924635000,1785153451924635000,1785153451924635000,121932490,121652369,-208.121,0.000,0.000,1.000,3.000,0.000,0.000,1.000,0,0,0
B3_zmq_pushpull,zmq_tcp,none,none,,1,15465,512,584,1785153451925555000,1785153451925555000,1785153451925555000,1785153451925556000,1785153451925623000,1785153451925627000,1785153451925627000,1785153451925627000,121932490,121652369,-213.121,0.000,0.000,1.000,4.000,0.000,0.000,5.000,0,0,0
B3_zmq_pushpull,zmq_tcp,none,none,,1,15466,512,584,1785153451926457000,1785153451926457000,1785153451926457000,1785153451926458000,1785153451926617000,1785153451926619000,1785153451926619000,1785153451926619000,121932490,121652369,-121.121,0.000,0.000,1.000,2.000,0.000,0.000,92.000,0,0,0
B3_zmq_pushpull,zmq_tcp,none,none,,1,15467,512,584,1785153451927582000,1785153451927583000,1785153451927583000,1785153451927584000,1785153451927749000,1785153451927752000,1785153451927752000,1785153451927752000,121932490,121652369,-115.121,1.000,0.000,1.000,3.000,0.000,0.000,6.000,0,0,0
B3_zmq_pushpull,zmq_tcp,none,none,,1,15468,512,584,1785153451928546000,1785153451928546000,1785153451928546000,1785153451928547000,1785153451928734000,1785153451928737000,1785153451928737000,1785153451928737000,121932490,121652369,-93.121,0.000,0.000,1.000,3.000,0.000,0.000,22.000,0,0,0
B3_zmq_pushpull,zmq_tcp,none,none,,1,15469,512,584,1785153451929422000,1785153451929422000,1785153451929423000,1785153451929423000,1785153451929582000,1785153451929585000,1785153451929585000,1785153451929585000,121932490,121652369,-121.121,0.000,1.000,0.000,3.000,0.000,0.000,28.000,0,0,0
B3_zmq_pushpull,zmq_tcp,none,none,,1,15470,512,584,1785153451930588000,1785153451930588000,1785153451930588000,1785153451930589000,1785153451930696000,1785153451930699000,1785153451930699000,1785153451930699000,121932490,121652369,-173.121,0.000,0.000,1.000,3.000,0.000,0.000,52.000,0,0,0
B3_zmq_pushpull,zmq_tcp,none,none,,1,15471,512,584,1785153451931547000,1785153451931547000,1785153451931547000,1785153451931548000,1785153451931690000,1785153451931698000,1785153451931698000,1785153451931698000,121932490,121652369,-138.121,0.000,0.000,1.000,8.000,0.000,0.000,35.000,0,0,0
B3_zmq_pushpull,zmq_tcp,none,none,,1,15472,512,584,1785153451932393000,1785153451932393000,1785153451932393000,1785153451932395000,1785153451932545000,1785153451932547000,1785153451932547000,1785153451932547000,121932490,121652369,-130.121,0.000,0.000,2.000,2.000,0.000,0.000,8.000,0,0,0
B3_zmq_pushpull,zmq_tcp,none,none,,1,15473,512,584,1785153451933387000,1785153451933387000,1785153451933387000,1785153451933388000,1785153451933547000,1785153451933550000,1785153451933550000,1785153451933550000,121932490,121652369,-121.121,0.000,0.000,1.000,3.000,0.000,0.000,9.000,0,0,0
B3_zmq_pushpull,zmq_tcp,none,none,,1,15474,512,584,1785153451934598000,1785153451934598000,1785153451934599000,1785153451934599000,1785153451934678000,1785153451934682000,1785153451934682000,1785153451934682000,121932490,121652369,-201.121,0.000,1.000,0.000,4.000,0.000,0.000,80.000,0,0,0
B3_zmq_pushpull,zmq_tcp,none,none,,1,15475,512,584,1785153451935540000,1785153451935540000,1785153451935540000,1785153451935541000,1785153451935651000,1785153451935654000,1785153451935654000,1785153451935654000,121932490,121652369,-170.121,0.000,0.000,1.000,3.000,0.000,0.000,31.000,0,0,0
B3_zmq_pushpull,zmq_tcp,none,none,,1,15476,512,584,1785153451936559000,1785153451936559000,1785153451936559000,1785153451936560000,1785153451936624000,1785153451936628000,1785153451936628000,1785153451936628000,121932490,121652369,-216.121,0.000,0.000,1.000,4.000,0.000,0.000,46.000,0,0,0
B3_zmq_pushpull,zmq_tcp,none,none,,1,15477,512,584,1785153451937554000,1785153451937554000,1785153451937554000,1785153451937555000,1785153451937626000,1785153451937629000,1785153451937629000,1785153451937629000,121932490,121652369,-209.121,0.000,0.000,1.000,3.000,0.000,0.000,7.000,0,0,0
B3_zmq_pushpull,zmq_tcp,none,none,,1,15478,512,584,1785153451938555000,1785153451938555000,1785153451938555000,1785153451938556000,1785153451938626000,1785153451938628000,1785153451938628000,1785153451938628000,121932490,121652369,-210.121,0.000,0.000,1.000,2.000,0.000,0.000,1.000,0,0,0
B3_zmq_pushpull,zmq_tcp,none,none,,1,15479,512,584,1785153451939554000,1785153451939554000,1785153451939554000,1785153451939555000,1785153451939624000,1785153451939627000,1785153451939627000,1785153451939627000,121932490,121652369,-211.121,0.000,0.000,1.000,3.000,0.000,0.000,1.000,0,0,0
B3_zmq_pushpull,zmq_tcp,none,none,,1,15480,512,584,1785153451940556000,1785153451940556000,1785153451940556000,1785153451940557000,1785153451940630000,1785153451940633000,1785153451940633000,1785153451940633000,121932490,121652369,-207.121,0.000,0.000,1.000,3.000,0.000,0.000,4.000,0,0,0
B3_zmq_pushpull,zmq_tcp,none,none,,1,15481,512,584,1785153451941557000,1785153451941557000,1785153451941557000,1785153451941558000,1785153451941762000,1785153451941765000,1785153451941765000,1785153451941765000,121932490,121652369,-76.121,0.000,0.000,1.000,3.000,0.000,0.000,131.000,0,0,0
B3_zmq_pushpull,zmq_tcp,none,none,,1,15482,512,584,1785153451942553000,1785153451942553000,1785153451942553000,1785153451942554000,1785153451942606000,1785153451942609000,1785153451942609000,1785153451942609000,121932490,121652369,-228.121,0.000,0.000,1.000,3.000,0.000,0.000,152.000,0,0,0
B3_zmq_pushpull,zmq_tcp,none,none,,1,15483,512,584,1785153451943554000,1785153451943554000,1785153451943554000,1785153451943555000,1785153451943725000,1785153451943729000,1785153451943729000,1785153451943729000,121932490,121652369,-110.121,0.000,0.000,1.000,4.000,0.000,0.000,118.000,0,0,0
B3_zmq_pushpull,zmq_tcp,none,none,,1,15484,512,584,1785153451944559000,1785153451944559000,1785153451944559000,1785153451944560000,1785153451944710000,1785153451944713000,1785153451944713000,1785153451944713000,121932490,121652369,-130.121,0.000,0.000,1.000,3.000,0.000,0.000,20.000,0,0,0
B3_zmq_pushpull,zmq_tcp,none,none,,1,15485,512,584,1785153451945551000,1785153451945551000,1785153451945551000,1785153451945552000,1785153451945697000,1785153451945700000,1785153451945700000,1785153451945700000,121932490,121652369,-135.121,0.000,0.000,1.000,3.000,0.000,0.000,5.000,0,0,0
B3_zmq_pushpull,zmq_tcp,none,none,,1,15486,512,584,1785153451946378000,1785153451946379000,1785153451946379000,1785153451946380000,1785153451946539000,1785153451946542000,1785153451946542000,1785153451946542000,121932490,121652369,-121.121,1.000,0.000,1.000,3.000,0.000,0.000,14.000,0,0,0
B3_zmq_pushpull,zmq_tcp,none,none,,1,15487,512,584,1785153451947367000,1785153451947367000,1785153451947367000,1785153451947368000,1785153451947527000,1785153451947532000,1785153451947532000,1785153451947532000,121932490,121652369,-121.121,0.000,0.000,1.000,5.000,0.000,0.000,0.000,0,0,0
B3_zmq_pushpull,zmq_tcp,none,none,,1,15488,512,584,1785153451948602000,1785153451948602000,1785153451948602000,1785153451948603000,1785153451948653000,1785153451948656000,1785153451948656000,1785153451948656000,121932490,121652369,-230.121,0.000,0.000,1.000,3.000,0.000,0.000,109.000,0,0,0
B3_zmq_pushpull,zmq_tcp,none,none,,1,15489,512,584,1785153451949542000,1785153451949543000,1785153451949543000,1785153451949544000,1785153451949639000,1785153451949642000,1785153451949642000,1785153451949642000,121932490,121652369,-185.121,1.000,0.000,1.000,3.000,0.000,0.000,45.000,0,0,0
B3_zmq_pushpull,zmq_tcp,none,none,,1,15490,512,584,1785153451950482000,1785153451950482000,1785153451950482000,1785153451950483000,1785153451950622000,1785153451950628000,1785153451950628000,1785153451950628000,121932490,121652369,-141.121,0.000,0.000,1.000,6.000,0.000,0.000,44.000,0,0,0
B3_zmq_pushpull,zmq_tcp,none,none,,1,15491,512,584,1785153451951573000,1785153451951573000,1785153451951573000,1785153451951574000,1785153451951761000,1785153451951763000,1785153451951763000,1785153451951763000,121932490,121652369,-93.121,0.000,0.000,1.000,2.000,0.000,0.000,48.000,0,0,0
B3_zmq_pushpull,zmq_tcp,none,none,,1,15492,512,584,1785153451952461000,1785153451952462000,1785153451952462000,1785153451952463000,1785153451952618000,1785153451952621000,1785153451952621000,1785153451952621000,121932490,121652369,-125.121,1.000,0.000,1.000,3.000,0.000,0.000,32.000,0,0,0
B3_zmq_pushpull,zmq_tcp,none,none,,1,15493,512,584,1785153451953448000,1785153451953448000,1785153451953448000,1785153451953449000,1785153451953605000,1785153451953608000,1785153451953608000,1785153451953608000,121932490,121652369,-124.121,0.000,0.000,1.000,3.000,0.000,0.000,1.000,0,0,0
B3_zmq_pushpull,zmq_tcp,none,none,,1,15494,512,584,1785153451954584000,1785153451954584000,1785153451954584000,1785153451954585000,1785153451954757000,1785153451954760000,1785153451954760000,1785153451954760000,121932490,121652369,-108.121,0.000,0.000,1.000,3.000,0.000,0.000,16.000,0,0,0
B3_zmq_pushpull,zmq_tcp,none,none,,1,15495,512,584,1785153451955552000,1785153451955552000,1785153451955552000,1785153451955553000,1785153451955625000,1785153451955629000,1785153451955629000,1785153451955629000,121932490,121652369,-208.121,0.000,0.000,1.000,4.000,0.000,0.000,100.000,0,0,0
B3_zmq_pushpull,zmq_tcp,none,none,,1,15496,512,584,1785153451956554000,1785153451956554000,1785153451956554000,1785153451956556000,1785153451956750000,1785153451956753000,1785153451956753000,1785153451956753000,121932490,121652369,-86.121,0.000,0.000,2.000,3.000,0.000,0.000,122.000,0,0,0
B3_zmq_pushpull,zmq_tcp,none,none,,1,15497,512,584,1785153451957555000,1785153451957555000,1785153451957555000,1785153451957556000,1785153451957619000,1785153451957622000,1785153451957622000,1785153451957622000,121932490,121652369,-217.121,0.000,0.000,1.000,3.000,0.000,0.000,131.000,0,0,0
B3_zmq_pushpull,zmq_tcp,none,none,,1,15498,512,584,1785153451958558000,1785153451958558000,1785153451958558000,1785153451958559000,1785153451958746000,1785153451958749000,1785153451958749000,1785153451958749000,121932490,121652369,-93.121,0.000,0.000,1.000,3.000,0.000,0.000,124.000,0,0,0
B3_zmq_pushpull,zmq_tcp,none,none,,1,15499,512,584,1785153451959460000,1785153451959461000,1785153451959461000,1785153451959462000,1785153451959615000,1785153451959622000,1785153451959622000,1785153451959622000,121932490,121652369,-127.121,1.000,0.000,1.000,7.000,0.000,0.000,34.000,0,0,0
B3_zmq_pushpull,zmq_tcp,none,none,,1,15500,512,584,1785153451960580000,1785153451960581000,1785153451960581000,1785153451960582000,1785153451960623000,1785153451960627000,1785153451960627000,1785153451960627000,121932490,121652369,-239.121,1.000,0.000,1.000,4.000,0.000,0.000,112.000,0,0,0
B3_zmq_pushpull,zmq_tcp,none,none,,1,15501,512,584,1785153451961555000,1785153451961555000,1785153451961555000,1785153451961556000,1785153451961643000,1785153451961646000,1785153451961646000,1785153451961646000,121932490,121652369,-193.121,0.000,0.000,1.000,3.000,0.000,0.000,46.000,0,0,0
B3_zmq_pushpull,zmq_tcp,none,none,,1,15502,512,584,1785153451962556000,1785153451962556000,1785153451962556000,1785153451962557000,1785153451962642000,1785153451962645000,1785153451962645000,1785153451962645000,121932490,121652369,-195.121,0.000,0.000,1.000,3.000,0.000,0.000,2.000,0,0,0
B3_zmq_pushpull,zmq_tcp,none,none,,1,15503,512,584,1785153451963554000,1785153451963555000,1785153451963555000,1785153451963556000,1785153451963629000,1785153451963632000,1785153451963632000,1785153451963632000,121932490,121652369,-207.121,1.000,0.000,1.000,3.000,0.000,0.000,12.000,0,0,0
B3_zmq_pushpull,zmq_tcp,none,none,,1,15504,512,584,1785153451964556000,1785153451964556000,1785153451964556000,1785153451964557000,1785153451964600000,1785153451964604000,1785153451964604000,1785153451964604000,121932490,121652369,-237.121,0.000,0.000,1.000,4.000,0.000,0.000,30.000,0,0,0
B3_zmq_pushpull,zmq_tcp,none,none,,1,15505,512,584,1785153451965444000,1785153451965444000,1785153451965444000,1785153451965445000,1785153451965602000,1785153451965604000,1785153451965604000,1785153451965604000,121932490,121652369,-123.121,0.000,0.000,1.000,2.000,0.000,0.000,114.000,0,0,0
B3_zmq_pushpull,zmq_tcp,none,none,,1,15506,512,584,1785153451966457000,1785153451966458000,1785153451966458000,1785153451966459000,1785153451966612000,1785153451966615000,1785153451966615000,1785153451966615000,121932490,121652369,-127.121,1.000,0.000,1.000,3.000,0.000,0.000,4.000,0,0,0
B3_zmq_pushpull,zmq_tcp,none,none,,1,15507,512,584,1785153451967464000,1785153451967464000,1785153451967464000,1785153451967465000,1785153451967608000,1785153451967611000,1785153451967611000,1785153451967611000,121932490,121652369,-137.121,0.000,0.000,1.000,3.000,0.000,0.000,10.000,0,0,0
B3_zmq_pushpull,zmq_tcp,none,none,,1,15508,512,584,1785153451968579000,1785153451968579000,1785153451968579000,1785153451968580000,1785153451968624000,1785153451968627000,1785153451968627000,1785153451968627000,121932490,121652369,-236.121,0.000,0.000,1.000,3.000,0.000,0.000,99.000,0,0,0
B3_zmq_pushpull,zmq_tcp,none,none,,1,15509,512,584,1785153451969551000,1785153451969551000,1785153451969551000,1785153451969552000,1785153451969638000,1785153451969641000,1785153451969641000,1785153451969641000,121932490,121652369,-194.121,0.000,0.000,1.000,3.000,0.000,0.000,42.000,0,0,0
B3_zmq_pushpull,zmq_tcp,none,none,,1,15510,512,584,1785153451970555000,1785153451970555000,1785153451970555000,1785153451970556000,1785153451970635000,1785153451970638000,1785153451970638000,1785153451970638000,121932490,121652369,-201.121,0.000,0.000,1.000,3.000,0.000,0.000,7.000,0,0,0
B3_zmq_pushpull,zmq_tcp,none,none,,1,15511,512,584,1785153451971556000,1785153451971556000,1785153451971556000,1785153451971557000,1785153451971639000,1785153451971642000,1785153451971642000,1785153451971642000,121932490,121652369,-198.121,0.000,0.000,1.000,3.000,0.000,0.000,3.000,0,0,0
B3_zmq_pushpull,zmq_tcp,none,none,,1,15512,512,584,1785153451972364000,1785153451972364000,1785153451972364000,1785153451972365000,1785153451972500000,1785153451972503000,1785153451972503000,1785153451972503000,121932490,121652369,-145.121,0.000,0.000,1.000,3.000,0.000,0.000,53.000,0,0,0
B3_zmq_pushpull,zmq_tcp,none,none,,1,15513,512,584,1785153451973365000,1785153451973365000,1785153451973365000,1785153451973366000,1785153451973510000,1785153451973512000,1785153451973512000,1785153451973512000,121932490,121652369,-136.121,0.000,0.000,1.000,2.000,0.000,0.000,9.000,0,0,0
B3_zmq_pushpull,zmq_tcp,none,none,,1,15514,512,584,1785153451974366000,1785153451974366000,1785153451974366000,1785153451974367000,1785153451974511000,1785153451974514000,1785153451974514000,1785153451974514000,121932490,121652369,-136.121,0.000,0.000,1.000,3.000,0.000,0.000,0.000,0,0,0
B3_zmq_pushpull,zmq_tcp,none,none,,1,15515,512,584,1785153451975367000,1785153451975367000,1785153451975367000,1785153451975368000,1785153451975528000,1785153451975531000,1785153451975531000,1785153451975531000,121932490,121652369,-120.121,0.000,0.000,1.000,3.000,0.000,0.000,16.000,0,0,0
B3_zmq_pushpull,zmq_tcp,none,none,,1,15516,512,584,1785153451976606000,1785153451976607000,1785153451976607000,1785153451976608000,1785153451976655000,1785153451976658000,1785153451976658000,1785153451976658000,121932490,121652369,-233.121,1.000,0.000,1.000,3.000,0.000,0.000,113.000,0,0,0
B3_zmq_pushpull,zmq_tcp,none,none,,1,15517,512,584,1785153451977366000,1785153451977366000,1785153451977367000,1785153451977368000,1785153451977522000,1785153451977525000,1785153451977525000,1785153451977525000,121932490,121652369,-126.121,0.000,1.000,1.000,3.000,0.000,0.000,107.000,0,0,0
B3_zmq_pushpull,zmq_tcp,none,none,,1,15518,512,584,1785153451978604000,1785153451978604000,1785153451978604000,1785153451978605000,1785153451978666000,1785153451978669000,1785153451978669000,1785153451978669000,121932490,121652369,-219.121,0.000,0.000,1.000,3.000,0.000,0.000,93.000,0,0,0
B3_zmq_pushpull,zmq_tcp,none,none,,1,15519,512,584,1785153451979543000,1785153451979544000,1785153451979544000,1785153451979544000,1785153451979663000,1785153451979666000,1785153451979666000,1785153451979666000,121932490,121652369,-161.121,1.000,0.000,0.000,3.000,0.000,0.000,58.000,0,0,0
B3_zmq_pushpull,zmq_tcp,none,none,,1,15520,512,584,1785153451980561000,1785153451980561000,1785153451980561000,1785153451980562000,1785153451980684000,1785153451980687000,1785153451980687000,1785153451980687000,121932490,121652369,-158.121,0.000,0.000,1.000,3.000,0.000,0.000,3.000,0,0,0
B3_zmq_pushpull,zmq_tcp,none,none,,1,15521,512,584,1785153451981552000,1785153451981552000,1785153451981552000,1785153451981553000,1785153451981697000,1785153451981699000,1785153451981699000,1785153451981699000,121932490,121652369,-136.121,0.000,0.000,1.000,2.000,0.000,0.000,22.000,0,0,0
B3_zmq_pushpull,zmq_tcp,none,none,,1,15522,512,584,1785153451982559000,1785153451982559000,1785153451982559000,1785153451982560000,1785153451982720000,1785153451982723000,1785153451982723000,1785153451982723000,121932490,121652369,-120.121,0.000,0.000,1.000,3.000,0.000,0.000,16.000,0,0,0
B3_zmq_pushpull,zmq_tcp,none,none,,1,15523,512,584,1785153451983558000,1785153451983559000,1785153451983559000,1785153451983560000,1785153451983722000,1785153451983725000,1785153451983725000,1785153451983725000,121932490,121652369,-118.121,1.000,0.000,1.000,3.000,0.000,0.000,2.000,0,0,0
B3_zmq_pushpull,zmq_tcp,none,none,,1,15524,512,584,1785153451984556000,1785153451984556000,1785153451984556000,1785153451984557000,1785153451984722000,1785153451984724000,1785153451984724000,1785153451984724000,121932490,121652369,-115.121,0.000,0.000,1.000,2.000,0.000,0.000,3.000,0,0,0
B3_zmq_pushpull,zmq_tcp,none,none,,1,15525,512,584,1785153451985553000,1785153451985553000,1785153451985553000,1785153451985554000,1785153451985708000,1785153451985711000,1785153451985711000,1785153451985711000,121932490,121652369,-126.121,0.000,0.000,1.000,3.000,0.000,0.000,11.000,0,0,0
B3_zmq_pushpull,zmq_tcp,none,none,,1,15526,512,584,1785153451986557000,1785153451986557000,1785153451986557000,1785153451986558000,1785153451986726000,1785153451986728000,1785153451986729000,1785153451986729000,121932490,121652369,-112.121,0.000,0.000,1.000,2.000,1.000,0.000,14.000,0,0,0
B3_zmq_pushpull,zmq_tcp,none,none,,1,15527,512,584,1785153451987557000,1785153451987557000,1785153451987557000,1785153451987558000,1785153451987747000,1785153451987750000,1785153451987750000,1785153451987750000,121932490,121652369,-91.121,0.000,0.000,1.000,3.000,0.000,0.000,21.000,0,0,0
B3_zmq_pushpull,zmq_tcp,none,none,,1,15528,512,584,1785153451988554000,1785153451988555000,1785153451988555000,1785153451988556000,1785153451988600000,1785153451988603000,1785153451988603000,1785153451988603000,121932490,121652369,-236.121,1.000,0.000,1.000,3.000,0.000,0.000,145.000,0,0,0
B3_zmq_pushpull,zmq_tcp,none,none,,1,15529,512,584,1785153451989460000,1785153451989461000,1785153451989461000,1785153451989462000,1785153451989610000,1785153451989613000,1785153451989613000,1785153451989613000,121932490,121652369,-132.121,1.000,0.000,1.000,3.000,0.000,0.000,104.000,0,0,0
B3_zmq_pushpull,zmq_tcp,none,none,,1,15530,512,584,1785153451990580000,1785153451990580000,1785153451990580000,1785153451990581000,1785153451990634000,1785153451990637000,1785153451990637000,1785153451990637000,121932490,121652369,-227.121,0.000,0.000,1.000,3.000,0.000,0.000,95.000,0,0,0
B3_zmq_pushpull,zmq_tcp,none,none,,1,15531,512,584,1785153451991546000,1785153451991547000,1785153451991547000,1785153451991548000,1785153451991620000,1785153451991623000,1785153451991623000,1785153451991623000,121932490,121652369,-208.121,1.000,0.000,1.000,3.000,0.000,0.000,19.000,0,0,0
B3_zmq_pushpull,zmq_tcp,none,none,,1,15532,512,584,1785153451992558000,1785153451992558000,1785153451992559000,1785153451992560000,1785153451992617000,1785153451992619000,1785153451992619000,1785153451992619000,121932490,121652369,-223.121,0.000,1.000,1.000,2.000,0.000,0.000,15.000,0,0,0
B3_zmq_pushpull,zmq_tcp,none,none,,1,15533,512,584,1785153451993556000,1785153451993556000,1785153451993556000,1785153451993557000,1785153451993602000,1785153451993605000,1785153451993605000,1785153451993605000,121932490,121652369,-235.121,0.000,0.000,1.000,3.000,0.000,0.000,12.000,0,0,0
B3_zmq_pushpull,zmq_tcp,none,none,,1,15534,512,584,1785153451994557000,1785153451994557000,1785153451994557000,1785153451994558000,1785153451994628000,1785153451994632000,1785153451994632000,1785153451994632000,121932490,121652369,-210.121,0.000,0.000,1.000,4.000,0.000,0.000,25.000,0,0,0
B3_zmq_pushpull,zmq_tcp,none,none,,1,15535,512,584,1785153451995553000,1785153451995553000,1785153451995553000,1785153451995554000,1785153451995634000,1785153451995637000,1785153451995637000,1785153451995637000,121932490,121652369,-200.121,0.000,0.000,1.000,3.000,0.000,0.000,10.000,0,0,0
B3_zmq_pushpull,zmq_tcp,none,none,,1,15536,512,584,1785153451996560000,1785153451996560000,1785153451996560000,1785153451996561000,1785153451996631000,1785153451996635000,1785153451996635000,1785153451996635000,121932490,121652369,-210.121,0.000,0.000,1.000,4.000,0.000,0.000,10.000,0,0,0
B3_zmq_pushpull,zmq_tcp,none,none,,1,15537,512,584,1785153451997555000,1785153451997555000,1785153451997555000,1785153451997556000,1785153451997630000,1785153451997633000,1785153451997633000,1785153451997633000,121932490,121652369,-206.121,0.000,0.000,1.000,3.000,0.000,0.000,4.000,0,0,0
B3_zmq_pushpull,zmq_tcp,none,none,,1,15538,512,584,1785153451998556000,1785153451998556000,1785153451998556000,1785153451998557000,1785153451998642000,1785153451998645000,1785153451998645000,1785153451998645000,121932490,121652369,-195.121,0.000,0.000,1.000,3.000,0.000,0.000,11.000,0,0,0
B3_zmq_pushpull,zmq_tcp,none,none,,1,15539,512,584,1785153451999553000,1785153451999553000,1785153451999553000,1785153451999554000,1785153451999627000,1785153451999630000,1785153451999630000,1785153451999630000,121932490,121652369,-207.121,0.000,0.000,1.000,3.000,0.000,0.000,12.000,0,0,0
B3_zmq_pushpull,zmq_tcp,none,none,,1,15540,512,584,1785153452000557000,1785153452000557000,1785153452000557000,1785153452000558000,1785153452000602000,1785153452000605000,1785153452000605000,1785153452000605000,121932490,121652369,-236.121,0.000,0.000,1.000,3.000,0.000,0.000,29.000,0,0,0
B3_zmq_pushpull,zmq_tcp,none,none,,1,15541,512,584,1785153452001556000,1785153452001556000,1785153452001556000,1785153452001557000,1785153452001614000,1785153452001617000,1785153452001617000,1785153452001617000,121932490,121652369,-223.121,0.000,0.000,1.000,3.000,0.000,0.000,13.000,0,0,0
B3_zmq_pushpull,zmq_tcp,none,none,,1,15542,512,584,1785153452002556000,1785153452002556000,1785153452002556000,1785153452002557000,1785153452002745000,1785153452002748000,1785153452002749000,1785153452002749000,121932490,121652369,-92.121,0.000,0.000,1.000,3.000,1.000,0.000,131.000,0,0,0
B3_zmq_pushpull,zmq_tcp,none,none,,1,15543,512,584,1785153452003555000,1785153452003556000,1785153452003556000,1785153452003557000,1785153452003617000,1785153452003621000,1785153452003621000,1785153452003621000,121932490,121652369,-220.121,1.000,0.000,1.000,4.000,0.000,0.000,128.000,0,0,0
B3_zmq_pushpull,zmq_tcp,none,none,,1,15544,512,584,1785153452004557000,1785153452004557000,1785153452004557000,1785153452004558000,1785153452004643000,1785153452004646000,1785153452004646000,1785153452004646000,121932490,121652369,-195.121,0.000,0.000,1.000,3.000,0.000,0.000,25.000,0,0,0
B3_zmq_pushpull,zmq_tcp,none,none,,1,15545,512,584,1785153452005556000,1785153452005556000,1785153452005556000,1785153452005557000,1785153452005631000,1785153452005634000,1785153452005634000,1785153452005634000,121932490,121652369,-206.121,0.000,0.000,1.000,3.000,0.000,0.000,11.000,0,0,0
B3_zmq_pushpull,zmq_tcp,none,none,,1,15546,512,584,1785153452006556000,1785153452006556000,1785153452006556000,1785153452006557000,1785153452006610000,1785153452006613000,1785153452006613000,1785153452006613000,121932490,121652369,-227.121,0.000,0.000,1.000,3.000,0.000,0.000,21.000,0,0,0
B3_zmq_pushpull,zmq_tcp,none,none,,1,15547,512,584,1785153452007444000,1785153452007444000,1785153452007444000,1785153452007445000,1785153452007600000,1785153452007604000,1785153452007604000,1785153452007604000,121932490,121652369,-125.121,0.000,0.000,1.000,4.000,0.000,0.000,102.000,0,0,0
B3_zmq_pushpull,zmq_tcp,none,none,,1,15548,512,584,1785153452008585000,1785153452008585000,1785153452008585000,1785153452008586000,1785153452008759000,1785153452008762000,1785153452008762000,1785153452008762000,121932490,121652369,-107.121,0.000,0.000,1.000,3.000,0.000,0.000,18.000,0,0,0
B3_zmq_pushpull,zmq_tcp,none,none,,1,15549,512,584,1785153452009549000,1785153452009549000,1785153452009549000,1785153452009550000,1785153452009626000,1785153452009629000,1785153452009629000,1785153452009629000,121932490,121652369,-204.121,0.000,0.000,1.000,3.000,0.000,0.000,97.000,0,0,0
B3_zmq_pushpull,zmq_tcp,none,none,,1,15550,512,584,1785153452010557000,1785153452010557000,1785153452010557000,1785153452010558000,1785153452010635000,1785153452010638000,1785153452010638000,1785153452010638000,121932490,121652369,-203.121,0.000,0.000,1.000,3.000,0.000,0.000,1.000,0,0,0
B3_zmq_pushpull,zmq_tcp,none,none,,1,15551,512,584,1785153452011556000,1785153452011556000,1785153452011556000,1785153452011557000,1785153452011639000,1785153452011642000,1785153452011642000,1785153452011642000,121932490,121652369,-198.121,0.000,0.000,1.000,3.000,0.000,0.000,5.000,0,0,0
B3_zmq_pushpull,zmq_tcp,none,none,,1,15552,512,584,1785153452012556000,1785153452012556000,1785153452012556000,1785153452012557000,1785153452012646000,1785153452012649000,1785153452012649000,1785153452012649000,121932490,121652369,-191.121,0.000,0.000,1.000,3.000,0.000,0.000,7.000,0,0,0
B3_zmq_pushpull,zmq_tcp,none,none,,1,15553,512,584,1785153452013557000,1785153452013557000,1785153452013557000,1785153452013558000,1785153452013650000,1785153452013653000,1785153452013653000,1785153452013653000,121932490,121652369,-188.121,0.000,0.000,1.000,3.000,0.000,0.000,3.000,0,0,0
B3_zmq_pushpull,zmq_tcp,none,none,,1,15554,512,584,1785153452014556000,1785153452014556000,1785153452014556000,1785153452014557000,1785153452014652000,1785153452014655000,1785153452014655000,1785153452014655000,121932490,121652369,-185.121,0.000,0.000,1.000,3.000,0.000,0.000,3.000,0,0,0
B3_zmq_pushpull,zmq_tcp,none,none,,1,15555,512,584,1785153452015556000,1785153452015556000,1785153452015556000,1785153452015557000,1785153452015667000,1785153452015670000,1785153452015670000,1785153452015670000,121932490,121652369,-170.121,0.000,0.000,1.000,3.000,0.000,0.000,15.000,0,0,0
B3_zmq_pushpull,zmq_tcp,none,none,,1,15556,512,584,1785153452016556000,1785153452016556000,1785153452016556000,1785153452016557000,1785153452016669000,1785153452016671000,1785153452016671000,1785153452016671000,121932490,121652369,-168.121,0.000,0.000,1.000,2.000,0.000,0.000,2.000,0,0,0
B3_zmq_pushpull,zmq_tcp,none,none,,1,15557,512,584,1785153452017557000,1785153452017557000,1785153452017557000,1785153452017558000,1785153452017678000,1785153452017681000,1785153452017681000,1785153452017681000,121932490,121652369,-160.121,0.000,0.000,1.000,3.000,0.000,0.000,8.000,0,0,0
B3_zmq_pushpull,zmq_tcp,none,none,,1,15558,512,584,1785153452018554000,1785153452018554000,1785153452018554000,1785153452018555000,1785153452018675000,1785153452018678000,1785153452018678000,1785153452018678000,121932490,121652369,-160.121,0.000,0.000,1.000,3.000,0.000,0.000,0.000,0,0,0
B3_zmq_pushpull,zmq_tcp,none,none,,1,15559,512,584,1785153452019556000,1785153452019556000,1785153452019556000,1785153452019557000,1785153452019682000,1785153452019685000,1785153452019685000,1785153452019685000,121932490,121652369,-155.121,0.000,0.000,1.000,3.000,0.000,0.000,5.000,0,0,0
B3_zmq_pushpull,zmq_tcp,none,none,,1,15560,512,584,1785153452020556000,1785153452020556000,1785153452020556000,1785153452020557000,1785153452020686000,1785153452020689000,1785153452020689000,1785153452020689000,121932490,121652369,-151.121,0.000,0.000,1.000,3.000,0.000,0.000,4.000,0,0,0
B3_zmq_pushpull,zmq_tcp,none,none,,1,15561,512,584,1785153452021556000,1785153452021556000,1785153452021556000,1785153452021557000,1785153452021689000,1785153452021691000,1785153452021691000,1785153452021691000,121932490,121652369,-148.121,0.000,0.000,1.000,2.000,0.000,0.000,3.000,0,0,0
B3_zmq_pushpull,zmq_tcp,none,none,,1,15562,512,584,1785153452022553000,1785153452022553000,1785153452022553000,1785153452022554000,1785153452022701000,1785153452022703000,1785153452022703000,1785153452022703000,121932490,121652369,-133.121,0.000,0.000,1.000,2.000,0.000,0.000,15.000,0,0,0
B3_zmq_pushpull,zmq_tcp,none,none,,1,15563,512,584,1785153452023556000,1785153452023557000,1785153452023557000,1785153452023558000,1785153452023714000,1785153452023717000,1785153452023717000,1785153452023717000,121932490,121652369,-124.121,1.000,0.000,1.000,3.000,0.000,0.000,9.000,0,0,0
B3_zmq_pushpull,zmq_tcp,none,none,,1,15564,512,584,1785153452024556000,1785153452024556000,1785153452024556000,1785153452024557000,1785153452024714000,1785153452024723000,1785153452024723000,1785153452024723000,121932490,121652369,-123.121,0.000,0.000,1.000,9.000,0.000,0.000,1.000,0,0,0
B3_zmq_pushpull,zmq_tcp,none,none,,1,15565,512,584,1785153452025412000,1785153452025412000,1785153452025413000,1785153452025413000,1785153452025571000,1785153452025574000,1785153452025574000,1785153452025574000,121932490,121652369,-122.121,0.000,1.000,0.000,3.000,0.000,0.000,1.000,0,0,0
B3_zmq_pushpull,zmq_tcp,none,none,,1,15566,512,584,1785153452026405000,1785153452026406000,1785153452026406000,1785153452026407000,1785153452026559000,1785153452026562000,1785153452026562000,1785153452026562000,121932490,121652369,-128.121,1.000,0.000,1.000,3.000,0.000,0.000,6.000,0,0,0
B3_zmq_pushpull,zmq_tcp,none,none,,1,15567,512,584,1785153452027401000,1785153452027401000,1785153452027401000,1785153452027402000,1785153452027555000,1785153452027558000,1785153452027558000,1785153452027558000,121932490,121652369,-127.121,0.000,0.000,1.000,3.000,0.000,0.000,1.000,0,0,0
B3_zmq_pushpull,zmq_tcp,none,none,,1,15568,512,584,1785153452028598000,1785153452028599000,1785153452028599000,1785153452028600000,1785153452028707000,1785153452028710000,1785153452028710000,1785153452028710000,121932490,121652369,-173.121,1.000,0.000,1.000,3.000,0.000,0.000,46.000,0,0,0
B3_zmq_pushpull,zmq_tcp,none,none,,1,15569,512,584,1785153452029543000,1785153452029544000,1785153452029544000,1785153452029545000,1785153452029587000,1785153452029590000,1785153452029590000,1785153452029590000,121932490,121652369,-238.121,1.000,0.000,1.000,3.000,0.000,0.000,65.000,0,0,0
B3_zmq_pushpull,zmq_tcp,none,none,,1,15570,512,584,1785153452030560000,1785153452030560000,1785153452030560000,1785153452030561000,1785153452030731000,1785153452030734000,1785153452030734000,1785153452030734000,121932490,121652369,-110.121,0.000,0.000,1.000,3.000,0.000,0.000,128.000,0,0,0
B3_zmq_pushpull,zmq_tcp,none,none,,1,15571,512,584,1785153452031555000,1785153452031555000,1785153452031555000,1785153452031556000,1785153452031746000,1785153452031749000,1785153452031749000,1785153452031749000,121932490,121652369,-90.121,0.000,0.000,1.000,3.000,0.000,0.000,20.000,0,0,0
B3_zmq_pushpull,zmq_tcp,none,none,,1,15572,512,584,1785153452032557000,1785153452032557000,1785153452032558000,1785153452032558000,1785153452032616000,1785153452032620000,1785153452032620000,1785153452032620000,121932490,121652369,-222.121,0.000,1.000,0.000,4.000,0.000,0.000,132.000,0,0,0
B3_zmq_pushpull,zmq_tcp,none,none,,1,15573,512,584,1785153452033474000,1785153452033474000,1785153452033474000,1785153452033475000,1785153452033627000,1785153452033631000,1785153452033631000,1785153452033631000,121932490,121652369,-128.121,0.000,0.000,1.000,4.000,0.000,0.000,94.000,0,0,0
B3_zmq_pushpull,zmq_tcp,none,none,,1,15574,512,584,1785153452034471000,1785153452034471000,1785153452034471000,1785153452034472000,1785153452034615000,1785153452034618000,1785153452034618000,1785153452034618000,121932490,121652369,-137.121,0.000,0.000,1.000,3.000,0.000,0.000,9.000,0,0,0
B3_zmq_pushpull,zmq_tcp,none,none,,1,15575,512,584,1785153452035582000,1785153452035582000,1785153452035582000,1785153452035583000,1785153452035750000,1785153452035753000,1785153452035753000,1785153452035753000,121932490,121652369,-113.121,0.000,0.000,1.000,3.000,0.000,0.000,24.000,0,0,0
B3_zmq_pushpull,zmq_tcp,none,none,,1,15576,512,584,1785153452036547000,1785153452036547000,1785153452036547000,1785153452036548000,1785153452036611000,1785153452036615000,1785153452036615000,1785153452036615000,121932490,121652369,-217.121,0.000,0.000,1.000,4.000,0.000,0.000,104.000,0,0,0
B3_zmq_pushpull,zmq_tcp,none,none,,1,15577,512,584,1785153452037433000,1785153452037433000,1785153452037433000,1785153452037434000,1785153452037593000,1785153452037595000,1785153452037595000,1785153452037595000,121932490,121652369,-121.121,0.000,0.000,1.000,2.000,0.000,0.000,96.000,0,0,0
B3_zmq_pushpull,zmq_tcp,none,none,,1,15578,512,584,1785153452038587000,1785153452038587000,1785153452038587000,1785153452038588000,1785153452038739000,1785153452038742000,1785153452038742000,1785153452038742000,121932490,121652369,-129.121,0.000,0.000,1.000,3.000,0.000,0.000,8.000,0,0,0
B3_zmq_pushpull,zmq_tcp,none,none,,1,15579,512,584,1785153452039549000,1785153452039549000,1785153452039549000,1785153452039550000,1785153452039606000,1785153452039609000,1785153452039609000,1785153452039609000,121932490,121652369,-224.121,0.000,0.000,1.000,3.000,0.000,0.000,95.000,0,0,0
B3_zmq_pushpull,zmq_tcp,none,none,,1,15580,512,584,1785153452040557000,1785153452040557000,1785153452040558000,1785153452040559000,1785153452040610000,1785153452040613000,1785153452040613000,1785153452040613000,121932490,121652369,-229.121,0.000,1.000,1.000,3.000,0.000,0.000,5.000,0,0,0
B3_zmq_pushpull,zmq_tcp,none,none,,1,15581,512,584,1785153452041556000,1785153452041556000,1785153452041556000,1785153452041557000,1785153452041598000,1785153452041601000,1785153452041601000,1785153452041601000,121932490,121652369,-239.121,0.000,0.000,1.000,3.000,0.000,0.000,10.000,0,0,0
B3_zmq_pushpull,zmq_tcp,none,none,,1,15582,512,584,1785153452042556000,1785153452042556000,1785153452042556000,1785153452042557000,1785153452042611000,1785153452042614000,1785153452042614000,1785153452042614000,121932490,121652369,-226.121,0.000,0.000,1.000,3.000,0.000,0.000,13.000,0,0,0
B3_zmq_pushpull,zmq_tcp,none,none,,1,15583,512,584,1785153452043556000,1785153452043556000,1785153452043556000,1785153452043557000,1785153452043625000,1785153452043628000,1785153452043628000,1785153452043628000,121932490,121652369,-212.121,0.000,0.000,1.000,3.000,0.000,0.000,14.000,0,0,0
B3_zmq_pushpull,zmq_tcp,none,none,,1,15584,512,584,1785153452044556000,1785153452044556000,1785153452044556000,1785153452044557000,1785153452044639000,1785153452044642000,1785153452044642000,1785153452044642000,121932490,121652369,-198.121,0.000,0.000,1.000,3.000,0.000,0.000,14.000,0,0,0
B3_zmq_pushpull,zmq_tcp,none,none,,1,15585,512,584,1785153452045557000,1785153452045557000,1785153452045557000,1785153452045558000,1785153452045649000,1785153452045651000,1785153452045651000,1785153452045651000,121932490,121652369,-189.121,0.000,0.000,1.000,2.000,0.000,0.000,9.000,0,0,0
B3_zmq_pushpull,zmq_tcp,none,none,,1,15586,512,584,1785153452046555000,1785153452046555000,1785153452046555000,1785153452046556000,1785153452046666000,1785153452046669000,1785153452046669000,1785153452046669000,121932490,121652369,-170.121,0.000,0.000,1.000,3.000,0.000,0.000,19.000,0,0,0
B3_zmq_pushpull,zmq_tcp,none,none,,1,15587,512,584,1785153452047556000,1785153452047556000,1785153452047556000,1785153452047557000,1785153452047665000,1785153452047668000,1785153452047668000,1785153452047668000,121932490,121652369,-172.121,0.000,0.000,1.000,3.000,0.000,0.000,2.000,0,0,0
B3_zmq_pushpull,zmq_tcp,none,none,,1,15588,512,584,1785153452048556000,1785153452048556000,1785153452048556000,1785153452048557000,1785153452048669000,1785153452048671000,1785153452048671000,1785153452048672000,121932490,121652369,-168.121,0.000,0.000,1.000,2.000,0.000,1.000,4.000,0,0,0
B3_zmq_pushpull,zmq_tcp,none,none,,1,15589,512,584,1785153452049556000,1785153452049556000,1785153452049556000,1785153452049557000,1785153452049685000,1785153452049687000,1785153452049687000,1785153452049687000,121932490,121652369,-152.121,0.000,0.000,1.000,2.000,0.000,0.000,16.000,0,0,0
B3_zmq_pushpull,zmq_tcp,none,none,,1,15590,512,584,1785153452050553000,1785153452050554000,1785153452050554000,1785153452050555000,1785153452050702000,1785153452050705000,1785153452050705000,1785153452050705000,121932490,121652369,-133.121,1.000,0.000,1.000,3.000,0.000,0.000,19.000,0,0,0
B3_zmq_pushpull,zmq_tcp,none,none,,1,15591,512,584,1785153452051558000,1785153452051558000,1785153452051558000,1785153452051559000,1785153452051718000,1785153452051721000,1785153452051721000,1785153452051721000,121932490,121652369,-121.121,0.000,0.000,1.000,3.000,0.000,0.000,12.000,0,0,0
B3_zmq_pushpull,zmq_tcp,none,none,,1,15592,512,584,1785153452052556000,1785153452052556000,1785153452052556000,1785153452052557000,1785153452052725000,1785153452052728000,1785153452052728000,1785153452052728000,121932490,121652369,-112.121,0.000,0.000,1.000,3.000,0.000,0.000,9.000,0,0,0
B3_zmq_pushpull,zmq_tcp,none,none,,1,15593,512,584,1785153452053556000,1785153452053557000,1785153452053557000,1785153452053558000,1785153452053741000,1785153452053744000,1785153452053744000,1785153452053744000,121932490,121652369,-97.121,1.000,0.000,1.000,3.000,0.000,0.000,15.000,0,0,0
B3_zmq_pushpull,zmq_tcp,none,none,,1,15594,512,584,1785153452054442000,1785153452054442000,1785153452054442000,1785153452054443000,1785153452054586000,1785153452054589000,1785153452054589000,1785153452054589000,121932490,121652369,-137.121,0.000,0.000,1.000,3.000,0.000,0.000,40.000,0,0,0
B3_zmq_pushpull,zmq_tcp,none,none,,1,15595,512,584,1785153452055585000,1785153452055585000,1785153452055585000,1785153452055586000,1785153452055714000,1785153452055717000,1785153452055717000,1785153452055717000,121932490,121652369,-152.121,0.000,0.000,1.000,3.000,0.000,0.000,15.000,0,0,0
B3_zmq_pushpull,zmq_tcp,none,none,,1,15596,512,584,1785153452056550000,1785153452056550000,1785153452056550000,1785153452056551000,1785153452056721000,1785153452056724000,1785153452056724000,1785153452056724000,121932490,121652369,-110.121,0.000,0.000,1.000,3.000,0.000,0.000,42.000,0,0,0
B3_zmq_pushpull,zmq_tcp,none,none,,1,15597,512,584,1785153452057422000,1785153452057422000,1785153452057422000,1785153452057423000,1785153452057580000,1785153452057582000,1785153452057582000,1785153452057582000,121932490,121652369,-123.121,0.000,0.000,1.000,2.000,0.000,0.000,13.000,0,0,0
B3_zmq_pushpull,zmq_tcp,none,none,,1,15598,512,584,1785153452058418000,1785153452058418000,1785153452058418000,1785153452058419000,1785153452058575000,1785153452058578000,1785153452058578000,1785153452058578000,121932490,121652369,-124.121,0.000,0.000,1.000,3.000,0.000,0.000,1.000,0,0,0
B3_zmq_pushpull,zmq_tcp,none,none,,1,15599,512,584,1785153452059419000,1785153452059419000,1785153452059419000,1785153452059420000,1785153452059568000,1785153452059570000,1785153452059570000,1785153452059570000,121932490,121652369,-132.121,0.000,0.000,1.000,2.000,0.000,0.000,8.000,0,0,0
B3_zmq_pushpull,zmq_tcp,none,none,,1,15600,512,584,1785153452060411000,1785153452060411000,1785153452060411000,1785153452060412000,1785153452060568000,1785153452060571000,1785153452060571000,1785153452060571000,121932490,121652369,-124.121,0.000,0.000,1.000,3.000,0.000,0.000,8.000,0,0,0
B3_zmq_pushpull,zmq_tcp,none,none,,1,15601,512,584,1785153452061410000,1785153452061410000,1785153452061410000,1785153452061411000,1785153452061554000,1785153452061557000,1785153452061557000,1785153452061557000,121932490,121652369,-137.121,0.000,0.000,1.000,3.000,0.000,0.000,13.000,0,0,0
B3_zmq_pushpull,zmq_tcp,none,none,,1,15602,512,584,1785153452062589000,1785153452062590000,1785153452062590000,1785153452062591000,1785153452062673000,1785153452062676000,1785153452062676000,1785153452062676000,121932490,121652369,-198.121,1.000,0.000,1.000,3.000,0.000,0.000,61.000,0,0,0
B3_zmq_pushpull,zmq_tcp,none,none,,1,15603,512,584,1785153452063548000,1785153452063548000,1785153452063548000,1785153452063549000,1785153452063673000,1785153452063676000,1785153452063676000,1785153452063676000,121932490,121652369,-156.121,0.000,0.000,1.000,3.000,0.000,0.000,42.000,0,0,0
B3_zmq_pushpull,zmq_tcp,none,none,,1,15604,512,584,1785153452064558000,1785153452064559000,1785153452064559000,1785153452064560000,1785153452064669000,1785153452064671000,1785153452064672000,1785153452064672000,121932490,121652369,-171.121,1.000,0.000,1.000,2.000,1.000,0.000,15.000,0,0,0
B3_zmq_pushpull,zmq_tcp,none,none,,1,15605,512,584,1785153452065554000,1785153452065554000,1785153452065554000,1785153452065555000,1785153452065684000,1785153452065687000,1785153452065687000,1785153452065687000,121932490,121652369,-151.121,0.000,0.000,1.000,3.000,0.000,0.000,20.000,0,0,0
B3_zmq_pushpull,zmq_tcp,none,none,,1,15606,512,584,1785153452066557000,1785153452066557000,1785153452066557000,1785153452066558000,1785153452066701000,1785153452066704000,1785153452066704000,1785153452066704000,121932490,121652369,-137.121,0.000,0.000,1.000,3.000,0.000,0.000,14.000,0,0,0
B3_zmq_pushpull,zmq_tcp,none,none,,1,15607,512,584,1785153452067556000,1785153452067556000,1785153452067556000,1785153452067557000,1785153452067698000,1785153452067701000,1785153452067701000,1785153452067701000,121932490,121652369,-139.121,0.000,0.000,1.000,3.000,0.000,0.000,2.000,0,0,0
B3_zmq_pushpull,zmq_tcp,none,none,,1,15608,512,584,1785153452068556000,1785153452068556000,1785153452068556000,1785153452068557000,1785153452068684000,1785153452068687000,1785153452068687000,1785153452068687000,121932490,121652369,-153.121,0.000,0.000,1.000,3.000,0.000,0.000,14.000,0,0,0
B3_zmq_pushpull,zmq_tcp,none,none,,1,15609,512,584,1785153452069553000,1785153452069553000,1785153452069553000,1785153452069554000,1785153452069677000,1785153452069680000,1785153452069680000,1785153452069680000,121932490,121652369,-157.121,0.000,0.000,1.000,3.000,0.000,0.000,4.000,0,0,0
B3_zmq_pushpull,zmq_tcp,none,none,,1,15610,512,584,1785153452070557000,1785153452070557000,1785153452070557000,1785153452070558000,1785153452070689000,1785153452070692000,1785153452070692000,1785153452070692000,121932490,121652369,-149.121,0.000,0.000,1.000,3.000,0.000,0.000,8.000,0,0,0
B3_zmq_pushpull,zmq_tcp,none,none,,1,15611,512,584,1785153452071555000,1785153452071555000,1785153452071556000,1785153452071556000,1785153452071698000,1785153452071702000,1785153452071702000,1785153452071702000,121932490,121652369,-138.121,0.000,1.000,0.000,4.000,0.000,0.000,11.000,0,0,0
B3_zmq_pushpull,zmq_tcp,none,none,,1,15612,512,584,1785153452072556000,1785153452072556000,1785153452072556000,1785153452072557000,1785153452072702000,1785153452072705000,1785153452072705000,1785153452072705000,121932490,121652369,-135.121,0.000,0.000,1.000,3.000,0.000,0.000,3.000,0,0,0
B3_zmq_pushpull,zmq_tcp,none,none,,1,15613,512,584,1785153452073554000,1785153452073554000,1785153452073554000,1785153452073555000,1785153452073708000,1785153452073710000,1785153452073710000,1785153452073711000,121932490,121652369,-127.121,0.000,0.000,1.000,2.000,0.000,1.000,8.000,0,0,0
B3_zmq_pushpull,zmq_tcp,none,none,,1,15614,512,584,1785153452074558000,1785153452074558000,1785153452074558000,1785153452074559000,1785153452074705000,1785153452074708000,1785153452074708000,1785153452074708000,121932490,121652369,-134.121,0.000,0.000,1.000,3.000,0.000,0.000,7.000,0,0,0
B3_zmq_pushpull,zmq_tcp,none,none,,1,15615,512,584,1785153452075556000,1785153452075556000,1785153452075556000,1785153452075557000,1785153452075702000,1785153452075705000,1785153452075705000,1785153452075705000,121932490,121652369,-135.121,0.000,0.000,1.000,3.000,0.000,0.000,1.000,0,0,0
B3_zmq_pushpull,zmq_tcp,none,none,,1,15616,512,584,1785153452076556000,1785153452076556000,1785153452076556000,1785153452076557000,1785153452076708000,1785153452076710000,1785153452076710000,1785153452076710000,121932490,121652369,-129.121,0.000,0.000,1.000,2.000,0.000,0.000,6.000,0,0,0
B3_zmq_pushpull,zmq_tcp,none,none,,1,15617,512,584,1785153452077555000,1785153452077555000,1785153452077555000,1785153452077556000,1785153452077719000,1785153452077722000,1785153452077722000,1785153452077722000,121932490,121652369,-117.121,0.000,0.000,1.000,3.000,0.000,0.000,12.000,0,0,0
B3_zmq_pushpull,zmq_tcp,none,none,,1,15618,512,584,1785153452078428000,1785153452078428000,1785153452078428000,1785153452078429000,1785153452078576000,1785153452078579000,1785153452078579000,1785153452078579000,121932490,121652369,-133.121,0.000,0.000,1.000,3.000,0.000,0.000,16.000,0,0,0
B3_zmq_pushpull,zmq_tcp,none,none,,1,15619,512,584,1785153452079418000,1785153452079418000,1785153452079418000,1785153452079419000,1785153452079577000,1785153452079580000,1785153452079580000,1785153452079580000,121932490,121652369,-122.121,0.000,0.000,1.000,3.000,0.000,0.000,11.000,0,0,0
B3_zmq_pushpull,zmq_tcp,none,none,,1,15620,512,584,1785153452080433000,1785153452080433000,1785153452080433000,1785153452080434000,1785153452080579000,1785153452080582000,1785153452080582000,1785153452080582000,121932490,121652369,-135.121,0.000,0.000,1.000,3.000,0.000,0.000,13.000,0,0,0
B3_zmq_pushpull,zmq_tcp,none,none,,1,15621,512,584,1785153452081587000,1785153452081587000,1785153452081587000,1785153452081588000,1785153452081710000,1785153452081713000,1785153452081713000,1785153452081713000,121932490,121652369,-158.121,0.000,0.000,1.000,3.000,0.000,0.000,23.000,0,0,0
B3_zmq_pushpull,zmq_tcp,none,none,,1,15622,512,584,1785153452082548000,1785153452082548000,1785153452082548000,1785153452082549000,1785153452082705000,1785153452082708000,1785153452082708000,1785153452082708000,121932490,121652369,-124.121,0.000,0.000,1.000,3.000,0.000,0.000,34.000,0,0,0
B3_zmq_pushpull,zmq_tcp,none,none,,1,15623,512,584,1785153452083558000,1785153452083558000,1785153452083558000,1785153452083559000,1785153452083700000,1785153452083702000,1785153452083702000,1785153452083702000,121932490,121652369,-139.121,0.000,0.000,1.000,2.000,0.000,0.000,15.000,0,0,0
B3_zmq_pushpull,zmq_tcp,none,none,,1,15624,512,584,1785153452084554000,1785153452084554000,1785153452084554000,1785153452084555000,1785153452084710000,1785153452084713000,1785153452084713000,1785153452084713000,121932490,121652369,-125.121,0.000,0.000,1.000,3.000,0.000,0.000,14.000,0,0,0
B3_zmq_pushpull,zmq_tcp,none,none,,1,15625,512,584,1785153452085557000,1785153452085557000,1785153452085557000,1785153452085558000,1785153452085701000,1785153452085704000,1785153452085704000,1785153452085704000,121932490,121652369,-137.121,0.000,0.000,1.000,3.000,0.000,0.000,12.000,0,0,0
B3_zmq_pushpull,zmq_tcp,none,none,,1,15626,512,584,1785153452086559000,1785153452086560000,1785153452086560000,1785153452086561000,1785153452086721000,1785153452086724000,1785153452086724000,1785153452086724000,121932490,121652369,-120.121,1.000,0.000,1.000,3.000,0.000,0.000,17.000,0,0,0
B3_zmq_pushpull,zmq_tcp,none,none,,1,15627,512,584,1785153452087423000,1785153452087423000,1785153452087423000,1785153452087424000,1785153452087581000,1785153452087584000,1785153452087584000,1785153452087584000,121932490,121652369,-123.121,0.000,0.000,1.000,3.000,0.000,0.000,3.000,0,0,0
B3_zmq_pushpull,zmq_tcp,none,none,,1,15628,512,584,1785153452088589000,1785153452088589000,1785153452088589000,1785153452088590000,1785153452088721000,1785153452088724000,1785153452088724000,1785153452088724000,121932490,121652369,-149.121,0.000,0.000,1.000,3.000,0.000,0.000,26.000,0,0,0
B3_zmq_pushpull,zmq_tcp,none,none,,1,15629,512,584,1785153452089548000,1785153452089548000,1785153452089548000,1785153452089549000,1785153452089718000,1785153452089721000,1785153452089721000,1785153452089721000,121932490,121652369,-111.121,0.000,0.000,1.000,3.000,0.000,0.000,38.000,0,0,0
B3_zmq_pushpull,zmq_tcp,none,none,,1,15630,512,584,1785153452090419000,1785153452090419000,1785153452090419000,1785153452090420000,1785153452090573000,1785153452090576000,1785153452090576000,1785153452090576000,121932490,121652369,-127.121,0.000,0.000,1.000,3.000,0.000,0.000,16.000,0,0,0
B3_zmq_pushpull,zmq_tcp,none,none,,1,15631,512,584,1785153452091590000,1785153452091590000,1785153452091590000,1785153452091591000,1785153452091692000,1785153452091695000,1785153452091695000,1785153452091695000,121932490,121652369,-179.121,0.000,0.000,1.000,3.000,0.000,0.000,52.000,0,0,0
B3_zmq_pushpull,zmq_tcp,none,none,,1,15632,512,584,1785153452092555000,1785153452092555000,1785153452092555000,1785153452092556000,1785153452092696000,1785153452092698000,1785153452092698000,1785153452092698000,121932490,121652369,-140.121,0.000,0.000,1.000,2.000,0.000,0.000,39.000,0,0,0
B3_zmq_pushpull,zmq_tcp,none,none,,1,15633,512,584,1785153452093558000,1785153452093558000,1785153452093558000,1785153452093559000,1785153452093712000,1785153452093714000,1785153452093714000,1785153452093714000,121932490,121652369,-127.121,0.000,0.000,1.000,2.000,0.000,0.000,13.000,0,0,0
B3_zmq_pushpull,zmq_tcp,none,none,,1,15634,512,584,1785153452094555000,1785153452094555000,1785153452094555000,1785153452094556000,1785153452094694000,1785153452094697000,1785153452094697000,1785153452094697000,121932490,121652369,-142.121,0.000,0.000,1.000,3.000,0.000,0.000,15.000,0,0,0
B3_zmq_pushpull,zmq_tcp,none,none,,1,15635,512,584,1785153452095557000,1785153452095557000,1785153452095557000,1785153452095558000,1785153452095690000,1785153452095693000,1785153452095693000,1785153452095693000,121932490,121652369,-148.121,0.000,0.000,1.000,3.000,0.000,0.000,6.000,0,0,0
B3_zmq_pushpull,zmq_tcp,none,none,,1,15636,512,584,1785153452096556000,1785153452096556000,1785153452096556000,1785153452096557000,1785153452096668000,1785153452096670000,1785153452096670000,1785153452096670000,121932490,121652369,-169.121,0.000,0.000,1.000,2.000,0.000,0.000,21.000,0,0,0
B3_zmq_pushpull,zmq_tcp,none,none,,1,15637,512,584,1785153452097556000,1785153452097556000,1785153452097556000,1785153452097557000,1785153452097653000,1785153452097656000,1785153452097656000,1785153452097656000,121932490,121652369,-184.121,0.000,0.000,1.000,3.000,0.000,0.000,15.000,0,0,0
B3_zmq_pushpull,zmq_tcp,none,none,,1,15638,512,584,1785153452098555000,1785153452098556000,1785153452098556000,1785153452098557000,1785153452098658000,1785153452098661000,1785153452098661000,1785153452098661000,121932490,121652369,-179.121,1.000,0.000,1.000,3.000,0.000,0.000,5.000,0,0,0
B3_zmq_pushpull,zmq_tcp,none,none,,1,15639,512,584,1785153452099557000,1785153452099557000,1785153452099557000,1785153452099558000,1785153452099648000,1785153452099650000,1785153452099650000,1785153452099650000,121932490,121652369,-190.121,0.000,0.000,1.000,2.000,0.000,0.000,11.000,0,0,0
B3_zmq_pushpull,zmq_tcp,none,none,,1,15640,512,584,1785153452100557000,1785153452100557000,1785153452100557000,1785153452100558000,1785153452100661000,1785153452100664000,1785153452100664000,1785153452100664000,121932490,121652369,-177.121,0.000,0.000,1.000,3.000,0.000,0.000,13.000,0,0,0
B3_zmq_pushpull,zmq_tcp,none,none,,1,15641,512,584,1785153452101557000,1785153452101557000,1785153452101557000,1785153452101558000,1785153452101658000,1785153452101661000,1785153452101661000,1785153452101661000,121932490,121652369,-180.121,0.000,0.000,1.000,3.000,0.000,0.000,3.000,0,0,0
B3_zmq_pushpull,zmq_tcp,none,none,,1,15642,512,584,1785153452102556000,1785153452102556000,1785153452102556000,1785153452102557000,1785153452102664000,1785153452102666000,1785153452102667000,1785153452102667000,121932490,121652369,-173.121,0.000,0.000,1.000,2.000,1.000,0.000,7.000,0,0,0
B3_zmq_pushpull,zmq_tcp,none,none,,1,15643,512,584,1785153452103556000,1785153452103556000,1785153452103556000,1785153452103557000,1785153452103658000,1785153452103661000,1785153452103661000,1785153452103661000,121932490,121652369,-179.121,0.000,0.000,1.000,3.000,0.000,0.000,6.000,0,0,0
B3_zmq_pushpull,zmq_tcp,none,none,,1,15644,512,584,1785153452104556000,1785153452104556000,1785153452104556000,1785153452104557000,1785153452104645000,1785153452104648000,1785153452104648000,1785153452104648000,121932490,121652369,-192.121,0.000,0.000,1.000,3.000,0.000,0.000,13.000,0,0,0
B3_zmq_pushpull,zmq_tcp,none,none,,1,15645,512,584,1785153452105554000,1785153452105554000,1785153452105554000,1785153452105555000,1785153452105656000,1785153452105658000,1785153452105658000,1785153452105658000,121932490,121652369,-179.121,0.000,0.000,1.000,2.000,0.000,0.000,13.000,0,0,0
B3_zmq_pushpull,zmq_tcp,none,none,,1,15646,512,584,1785153452106558000,1785153452106558000,1785153452106559000,1785153452106559000,1785153452106646000,1785153452106648000,1785153452106648000,1785153452106648000,121932490,121652369,-193.121,0.000,1.000,0.000,2.000,0.000,0.000,14.000,0,0,0
B3_zmq_pushpull,zmq_tcp,none,none,,1,15647,512,584,1785153452107556000,1785153452107556000,1785153452107556000,1785153452107557000,1785153452107665000,1785153452107668000,1785153452107668000,1785153452107668000,121932490,121652369,-172.121,0.000,0.000,1.000,3.000,0.000,0.000,21.000,0,0,0
B3_zmq_pushpull,zmq_tcp,none,none,,1,15648,512,584,1785153452108557000,1785153452108557000,1785153452108558000,1785153452108559000,1785153452108658000,1785153452108661000,1785153452108661000,1785153452108661000,121932490,121652369,-181.121,0.000,1.000,1.000,3.000,0.000,0.000,9.000,0,0,0
B3_zmq_pushpull,zmq_tcp,none,none,,1,15649,512,584,1785153452109555000,1785153452109555000,1785153452109555000,1785153452109556000,1785153452109657000,1785153452109660000,1785153452109660000,1785153452109660000,121932490,121652369,-179.121,0.000,0.000,1.000,3.000,0.000,0.000,2.000,0,0,0
B3_zmq_pushpull,zmq_tcp,none,none,,1,15650,512,584,1785153452110556000,1785153452110556000,1785153452110557000,1785153452110557000,1785153452110644000,1785153452110646000,1785153452110646000,1785153452110646000,121932490,121652369,-193.121,0.000,1.000,0.000,2.000,0.000,0.000,14.000,0,0,0
B3_zmq_pushpull,zmq_tcp,none,none,,1,15651,512,584,1785153452111556000,1785153452111556000,1785153452111556000,1785153452111557000,1785153452111629000,1785153452111632000,1785153452111632000,1785153452111632000,121932490,121652369,-208.121,0.000,0.000,1.000,3.000,0.000,0.000,15.000,0,0,0
B3_zmq_pushpull,zmq_tcp,none,none,,1,15652,512,584,1785153452112556000,1785153452112556000,1785153452112556000,1785153452112557000,1785153452112629000,1785153452112631000,1785153452112631000,1785153452112631000,121932490,121652369,-208.121,0.000,0.000,1.000,2.000,0.000,0.000,0.000,0,0,0
B3_zmq_pushpull,zmq_tcp,none,none,,1,15653,512,584,1785153452113554000,1785153452113554000,1785153452113554000,1785153452113555000,1785153452113626000,1785153452113629000,1785153452113629000,1785153452113629000,121932490,121652369,-209.121,0.000,0.000,1.000,3.000,0.000,0.000,1.000,0,0,0
B3_zmq_pushpull,zmq_tcp,none,none,,1,15654,512,584,1785153452114557000,1785153452114557000,1785153452114557000,1785153452114558000,1785153452114625000,1785153452114628000,1785153452114628000,1785153452114628000,121932490,121652369,-213.121,0.000,0.000,1.000,3.000,0.000,0.000,4.000,0,0,0
B3_zmq_pushpull,zmq_tcp,none,none,,1,15655,512,584,1785153452115555000,1785153452115555000,1785153452115556000,1785153452115556000,1785153452115613000,1785153452115616000,1785153452115616000,1785153452115616000,121932490,121652369,-223.121,0.000,1.000,0.000,3.000,0.000,0.000,10.000,0,0,0
B3_zmq_pushpull,zmq_tcp,none,none,,1,15656,512,584,1785153452116453000,1785153452116453000,1785153452116453000,1785153452116454000,1785153452116606000,1785153452116609000,1785153452116609000,1785153452116609000,121932490,121652369,-128.121,0.000,0.000,1.000,3.000,0.000,0.000,95.000,0,0,0
B3_zmq_pushpull,zmq_tcp,none,none,,1,15657,512,584,1785153452117578000,1785153452117578000,1785153452117578000,1785153452117579000,1785153452117706000,1785153452117709000,1785153452117709000,1785153452117709000,121932490,121652369,-153.121,0.000,0.000,1.000,3.000,0.000,0.000,25.000,0,0,0
B3_zmq_pushpull,zmq_tcp,none,none,,1,15658,512,584,1785153452118380000,1785153452118380000,1785153452118380000,1785153452118381000,1785153452118532000,1785153452118535000,1785153452118535000,1785153452118535000,121932490,121652369,-129.121,0.000,0.000,1.000,3.000,0.000,0.000,24.000,0,0,0
B3_zmq_pushpull,zmq_tcp,none,none,,1,15659,512,584,1785153452119386000,1785153452119386000,1785153452119386000,1785153452119387000,1785153452119544000,1785153452119547000,1785153452119547000,1785153452119547000,121932490,121652369,-123.121,0.000,0.000,1.000,3.000,0.000,0.000,6.000,0,0,0
B3_zmq_pushpull,zmq_tcp,none,none,,1,15660,512,584,1785153452120600000,1785153452120600000,1785153452120600000,1785153452120601000,1785153452120658000,1785153452120660000,1785153452120660000,1785153452120660000,121932490,121652369,-223.121,0.000,0.000,1.000,2.000,0.000,0.000,100.000,0,0,0
B3_zmq_pushpull,zmq_tcp,none,none,,1,15661,512,584,1785153452121543000,1785153452121543000,1785153452121543000,1785153452121544000,1785153452121640000,1785153452121643000,1785153452121643000,1785153452121643000,121932490,121652369,-184.121,0.000,0.000,1.000,3.000,0.000,0.000,39.000,0,0,0
B3_zmq_pushpull,zmq_tcp,none,none,,1,15662,512,584,1785153452122561000,1785153452122561000,1785153452122561000,1785153452122562000,1785153452122642000,1785153452122644000,1785153452122644000,1785153452122644000,121932490,121652369,-200.121,0.000,0.000,1.000,2.000,0.000,0.000,16.000,0,0,0
B3_zmq_pushpull,zmq_tcp,none,none,,1,15663,512,584,1785153452123555000,1785153452123555000,1785153452123555000,1785153452123556000,1785153452123608000,1785153452123611000,1785153452123611000,1785153452123611000,121932490,121652369,-228.121,0.000,0.000,1.000,3.000,0.000,0.000,28.000,0,0,0
B3_zmq_pushpull,zmq_tcp,none,none,,1,15664,512,584,1785153452124556000,1785153452124556000,1785153452124556000,1785153452124557000,1785153452124747000,1785153452124750000,1785153452124750000,1785153452124750000,121932490,121652369,-90.121,0.000,0.000,1.000,3.000,0.000,0.000,138.000,0,0,0
B3_zmq_pushpull,zmq_tcp,none,none,,1,15665,512,584,1785153452125553000,1785153452125553000,1785153452125553000,1785153452125554000,1785153452125730000,1785153452125732000,1785153452125733000,1785153452125733000,121932490,121652369,-104.121,0.000,0.000,1.000,2.000,1.000,0.000,14.000,0,0,0
B3_zmq_pushpull,zmq_tcp,none,none,,1,15666,512,584,1785153452126557000,1785153452126558000,1785153452126558000,1785153452126559000,1785153452126718000,1785153452126720000,1785153452126720000,1785153452126720000,121932490,121652369,-121.121,1.000,0.000,1.000,2.000,0.000,0.000,17.000,0,0,0
B3_zmq_pushpull,zmq_tcp,none,none,,1,15667,512,584,1785153452127555000,1785153452127555000,1785153452127555000,1785153452127556000,1785153452127680000,1785153452127683000,1785153452127683000,1785153452127683000,121932490,121652369,-156.121,0.000,0.000,1.000,3.000,0.000,0.000,35.000,0,0,0
B3_zmq_pushpull,zmq_tcp,none,none,,1,15668,512,584,1785153452128556000,1785153452128556000,1785153452128556000,1785153452128557000,1785153452128675000,1785153452128678000,1785153452128678000,1785153452128678000,121932490,121652369,-162.121,0.000,0.000,1.000,3.000,0.000,0.000,6.000,0,0,0
B3_zmq_pushpull,zmq_tcp,none,none,,1,15669,512,584,1785153452129553000,1785153452129553000,1785153452129553000,1785153452129554000,1785153452129665000,1785153452129668000,1785153452129668000,1785153452129668000,121932490,121652369,-169.121,0.000,0.000,1.000,3.000,0.000,0.000,7.000,0,0,0
B3_zmq_pushpull,zmq_tcp,none,none,,1,15670,512,584,1785153452130557000,1785153452130557000,1785153452130557000,1785153452130558000,1785153452130640000,1785153452130643000,1785153452130643000,1785153452130643000,121932490,121652369,-198.121,0.000,0.000,1.000,3.000,0.000,0.000,29.000,0,0,0
B3_zmq_pushpull,zmq_tcp,none,none,,1,15671,512,584,1785153452131555000,1785153452131555000,1785153452131555000,1785153452131556000,1785153452131634000,1785153452131636000,1785153452131636000,1785153452131636000,121932490,121652369,-202.121,0.000,0.000,1.000,2.000,0.000,0.000,4.000,0,0,0
B3_zmq_pushpull,zmq_tcp,none,none,,1,15672,512,584,1785153452132555000,1785153452132556000,1785153452132556000,1785153452132557000,1785153452132614000,1785153452132616000,1785153452132616000,1785153452132616000,121932490,121652369,-223.121,1.000,0.000,1.000,2.000,0.000,0.000,21.000,0,0,0
B3_zmq_pushpull,zmq_tcp,none,none,,1,15673,512,584,1785153452133555000,1785153452133555000,1785153452133556000,1785153452133556000,1785153452133602000,1785153452133605000,1785153452133605000,1785153452133605000,121932490,121652369,-234.121,0.000,1.000,0.000,3.000,0.000,0.000,11.000,0,0,0
B3_zmq_pushpull,zmq_tcp,none,none,,1,15674,512,584,1785153452134447000,1785153452134447000,1785153452134447000,1785153452134448000,1785153452134600000,1785153452134603000,1785153452134603000,1785153452134603000,121932490,121652369,-128.121,0.000,0.000,1.000,3.000,0.000,0.000,106.000,0,0,0
B3_zmq_pushpull,zmq_tcp,none,none,,1,15675,512,584,1785153452135426000,1785153452135427000,1785153452135427000,1785153452135427000,1785153452135587000,1785153452135590000,1785153452135590000,1785153452135590000,121932490,121652369,-120.121,1.000,0.000,0.000,3.000,0.000,0.000,8.000,0,0,0
B3_zmq_pushpull,zmq_tcp,none,none,,1,15676,512,584,1785153452136590000,1785153452136590000,1785153452136590000,1785153452136591000,1785153452136712000,1785153452136715000,1785153452136715000,1785153452136715000,121932490,121652369,-159.121,0.000,0.000,1.000,3.000,0.000,0.000,39.000,0,0,0
B3_zmq_pushpull,zmq_tcp,none,none,,1,15677,512,584,1785153452137546000,1785153452137546000,1785153452137546000,1785153452137547000,1785153452137675000,1785153452137678000,1785153452137678000,1785153452137678000,121932490,121652369,-152.121,0.000,0.000,1.000,3.000,0.000,0.000,7.000,0,0,0
B3_zmq_pushpull,zmq_tcp,none,none,,1,15678,512,584,1785153452138558000,1785153452138558000,1785153452138558000,1785153452138559000,1785153452138663000,1785153452138666000,1785153452138666000,1785153452138666000,121932490,121652369,-176.121,0.000,0.000,1.000,3.000,0.000,0.000,24.000,0,0,0
B3_zmq_pushpull,zmq_tcp,none,none,,1,15679,512,584,1785153452139556000,1785153452139556000,1785153452139556000,1785153452139557000,1785153452139638000,1785153452139641000,1785153452139641000,1785153452139641000,121932490,121652369,-199.121,0.000,0.000,1.000,3.000,0.000,0.000,23.000,0,0,0
B3_zmq_pushpull,zmq_tcp,none,none,,1,15680,512,584,1785153452140556000,1785153452140556000,1785153452140556000,1785153452140557000,1785153452140610000,1785153452140613000,1785153452140613000,1785153452140613000,121932490,121652369,-227.121,0.000,0.000,1.000,3.000,0.000,0.000,28.000,0,0,0
B3_zmq_pushpull,zmq_tcp,none,none,,1,15681,512,584,1785153452141554000,1785153452141554000,1785153452141554000,1785153452141555000,1785153452141718000,1785153452141720000,1785153452141720000,1785153452141720000,121932490,121652369,-117.121,0.000,0.000,1.000,2.000,0.000,0.000,110.000,0,0,0
B3_zmq_pushpull,zmq_tcp,none,none,,1,15682,512,584,1785153452142556000,1785153452142556000,1785153452142556000,1785153452142557000,1785153452142714000,1785153452142716000,1785153452142717000,1785153452142717000,121932490,121652369,-123.121,0.000,0.000,1.000,2.000,1.000,0.000,6.000,0,0,0
B3_zmq_pushpull,zmq_tcp,none,none,,1,15683,512,584,1785153452143393000,1785153452143393000,1785153452143393000,1785153452143394000,1785153452143551000,1785153452143554000,1785153452143554000,1785153452143554000,121932490,121652369,-123.121,0.000,0.000,1.000,3.000,0.000,0.000,0.000,0,0,0
B3_zmq_pushpull,zmq_tcp,none,none,,1,15684,512,584,1785153452144597000,1785153452144597000,1785153452144597000,1785153452144598000,1785153452144676000,1785153452144679000,1785153452144679000,1785153452144679000,121932490,121652369,-202.121,0.000,0.000,1.000,3.000,0.000,0.000,79.000,0,0,0
B3_zmq_pushpull,zmq_tcp,none,none,,1,15685,512,584,1785153452145542000,1785153452145542000,1785153452145542000,1785153452145543000,1785153452145644000,1785153452145647000,1785153452145647000,1785153452145647000,121932490,121652369,-179.121,0.000,0.000,1.000,3.000,0.000,0.000,23.000,0,0,0
B3_zmq_pushpull,zmq_tcp,none,none,,1,15686,512,584,1785153452146560000,1785153452146560000,1785153452146560000,1785153452146561000,1785153452146622000,1785153452146625000,1785153452146625000,1785153452146625000,121932490,121652369,-219.121,0.000,0.000,1.000,3.000,0.000,0.000,40.000,0,0,0
B3_zmq_pushpull,zmq_tcp,none,none,,1,15687,512,584,1785153452147554000,1785153452147554000,1785153452147554000,1785153452147555000,1785153452147607000,1785153452147611000,1785153452147611000,1785153452147611000,121932490,121652369,-228.121,0.000,0.000,1.000,4.000,0.000,0.000,9.000,0,0,0
B3_zmq_pushpull,zmq_tcp,none,none,,1,15688,512,584,1785153452148558000,1785153452148558000,1785153452148558000,1785153452148559000,1785153452148734000,1785153452148736000,1785153452148736000,1785153452148736000,121932490,121652369,-105.121,0.000,0.000,1.000,2.000,0.000,0.000,123.000,0,0,0
B3_zmq_pushpull,zmq_tcp,none,none,,1,15689,512,584,1785153452149551000,1785153452149551000,1785153452149552000,1785153452149552000,1785153452149706000,1785153452149709000,1785153452149709000,1785153452149709000,121932490,121652369,-126.121,0.000,1.000,0.000,3.000,0.000,0.000,21.000,0,0,0
B3_zmq_pushpull,zmq_tcp,none,none,,1,15690,512,584,1785153452150557000,1785153452150557000,1785153452150557000,1785153452150558000,1785153452150690000,1785153452150692000,1785153452150692000,1785153452150692000,121932490,121652369,-148.121,0.000,0.000,1.000,2.000,0.000,0.000,22.000,0,0,0
B3_zmq_pushpull,zmq_tcp,none,none,,1,15691,512,584,1785153452151555000,1785153452151556000,1785153452151556000,1785153452151557000,1785153452151673000,1785153452151676000,1785153452151676000,1785153452151676000,121932490,121652369,-164.121,1.000,0.000,1.000,3.000,0.000,0.000,16.000,0,0,0
B3_zmq_pushpull,zmq_tcp,none,none,,1,15692,512,584,1785153452152556000,1785153452152556000,1785153452152556000,1785153452152557000,1785153452152640000,1785153452152643000,1785153452152643000,1785153452152643000,121932490,121652369,-197.121,0.000,0.000,1.000,3.000,0.000,0.000,33.000,0,0,0
B3_zmq_pushpull,zmq_tcp,none,none,,1,15693,512,584,1785153452153553000,1785153452153553000,1785153452153553000,1785153452153555000,1785153452153619000,1785153452153622000,1785153452153622000,1785153452153622000,121932490,121652369,-216.121,0.000,0.000,2.000,3.000,0.000,0.000,19.000,0,0,0
B3_zmq_pushpull,zmq_tcp,none,none,,1,15694,512,584,1785153452154560000,1785153452154560000,1785153452154560000,1785153452154561000,1785153452154612000,1785153452154617000,1785153452154617000,1785153452154617000,121932490,121652369,-229.121,0.000,0.000,1.000,5.000,0.000,0.000,13.000,0,0,0
B3_zmq_pushpull,zmq_tcp,none,none,,1,15695,512,584,1785153452155455000,1785153452155455000,1785153452155455000,1785153452155456000,1785153452155609000,1785153452155611000,1785153452155611000,1785153452155611000,121932490,121652369,-127.121,0.000,0.000,1.000,2.000,0.000,0.000,102.000,0,0,0
B3_zmq_pushpull,zmq_tcp,none,none,,1,15696,512,584,1785153452156581000,1785153452156581000,1785153452156581000,1785153452156582000,1785153452156730000,1785153452156733000,1785153452156733000,1785153452156733000,121932490,121652369,-132.121,0.000,0.000,1.000,3.000,0.000,0.000,5.000,0,0,0
B3_zmq_pushpull,zmq_tcp,none,none,,1,15697,512,584,1785153452157546000,1785153452157546000,1785153452157547000,1785153452157547000,1785153452157706000,1785153452157709000,1785153452157709000,1785153452157709000,121932490,121652369,-121.121,0.000,1.000,0.000,3.000,0.000,0.000,11.000,0,0,0
B3_zmq_pushpull,zmq_tcp,none,none,,1,15698,512,584,1785153452158376000,1785153452158376000,1785153452158376000,1785153452158377000,1785153452158518000,1785153452158521000,1785153452158521000,1785153452158521000,121932490,121652369,-139.121,0.000,0.000,1.000,3.000,0.000,0.000,18.000,0,0,0
B3_zmq_pushpull,zmq_tcp,none,none,,1,15699,512,584,1785153452159481000,1785153452159482000,1785153452159482000,1785153452159483000,1785153452159626000,1785153452159629000,1785153452159629000,1785153452159629000,121932490,121652369,-137.121,1.000,0.000,1.000,3.000,0.000,0.000,2.000,0,0,0
B3_zmq_pushpull,zmq_tcp,none,none,,1,15700,512,584,1785153452160574000,1785153452160574000,1785153452160574000,1785153452160575000,1785153452160756000,1785153452160759000,1785153452160759000,1785153452160759000,121932490,121652369,-99.121,0.000,0.000,1.000,3.000,0.000,0.000,38.000,0,0,0
B3_zmq_pushpull,zmq_tcp,none,none,,1,15701,512,584,1785153452161457000,1785153452161457000,1785153452161457000,1785153452161458000,1785153452161614000,1785153452161617000,1785153452161617000,1785153452161617000,121932490,121652369,-124.121,0.000,0.000,1.000,3.000,0.000,0.000,25.000,0,0,0
B3_zmq_pushpull,zmq_tcp,none,none,,1,15702,512,584,1785153452162581000,1785153452162581000,1785153452162581000,1785153452162582000,1785153452162719000,1785153452162722000,1785153452162722000,1785153452162722000,121932490,121652369,-143.121,0.000,0.000,1.000,3.000,0.000,0.000,19.000,0,0,0
B3_zmq_pushpull,zmq_tcp,none,none,,1,15703,512,584,1785153452163555000,1785153452163555000,1785153452163555000,1785153452163556000,1785153452163714000,1785153452163717000,1785153452163717000,1785153452163717000,121932490,121652369,-122.121,0.000,0.000,1.000,3.000,0.000,0.000,21.000,0,0,0
B3_zmq_pushpull,zmq_tcp,none,none,,1,15704,512,584,1785153452164556000,1785153452164556000,1785153452164556000,1785153452164557000,1785153452164705000,1785153452164708000,1785153452164708000,1785153452164708000,121932490,121652369,-132.121,0.000,0.000,1.000,3.000,0.000,0.000,10.000,0,0,0
B3_zmq_pushpull,zmq_tcp,none,none,,1,15705,512,584,1785153452165553000,1785153452165553000,1785153452165553000,1785153452165554000,1785153452165697000,1785153452165700000,1785153452165701000,1785153452165701000,121932490,121652369,-137.121,0.000,0.000,1.000,3.000,1.000,0.000,5.000,0,0,0
B3_zmq_pushpull,zmq_tcp,none,none,,1,15706,512,584,1785153452166557000,1785153452166557000,1785153452166557000,1785153452166558000,1785153452166673000,1785153452166675000,1785153452166675000,1785153452166675000,121932490,121652369,-165.121,0.000,0.000,1.000,2.000,0.000,0.000,28.000,0,0,0
B3_zmq_pushpull,zmq_tcp,none,none,,1,15707,512,584,1785153452167555000,1785153452167556000,1785153452167556000,1785153452167557000,1785153452167642000,1785153452167644000,1785153452167644000,1785153452167644000,121932490,121652369,-195.121,1.000,0.000,1.000,2.000,0.000,0.000,30.000,0,0,0
B3_zmq_pushpull,zmq_tcp,none,none,,1,15708,512,584,1785153452168556000,1785153452168556000,1785153452168556000,1785153452168557000,1785153452168617000,1785153452168619000,1785153452168619000,1785153452168619000,121932490,121652369,-220.121,0.000,0.000,1.000,2.000,0.000,0.000,25.000,0,0,0
B3_zmq_pushpull,zmq_tcp,none,none,,1,15709,512,584,1785153452169555000,1785153452169555000,1785153452169555000,1785153452169556000,1785153452169746000,1785153452169748000,1785153452169749000,1785153452169749000,121932490,121652369,-90.121,0.000,0.000,1.000,2.000,1.000,0.000,130.000,0,0,0
B3_zmq_pushpull,zmq_tcp,none,none,,1,15710,512,584,1785153452170446000,1785153452170447000,1785153452170447000,1785153452170448000,1785153452170605000,1785153452170608000,1785153452170608000,1785153452170608000,121932490,121652369,-123.121,1.000,0.000,1.000,3.000,0.000,0.000,33.000,0,0,0
B3_zmq_pushpull,zmq_tcp,none,none,,1,15711,512,584,1785153452171584000,1785153452171584000,1785153452171584000,1785153452171585000,1785153452171713000,1785153452171716000,1785153452171716000,1785153452171716000,121932490,121652369,-152.121,0.000,0.000,1.000,3.000,0.000,0.000,29.000,0,0,0
B3_zmq_pushpull,zmq_tcp,none,none,,1,15712,512,584,1785153452172546000,1785153452172547000,1785153452172547000,1785153452172548000,1785153452172697000,1785153452172699000,1785153452172699000,1785153452172699000,121932490,121652369,-131.121,1.000,0.000,1.000,2.000,0.000,0.000,21.000,0,0,0
B3_zmq_pushpull,zmq_tcp,none,none,,1,15713,512,584,1785153452173384000,1785153452173384000,1785153452173384000,1785153452173385000,1785153452173535000,1785153452173538000,1785153452173538000,1785153452173538000,121932490,121652369,-130.121,0.000,0.000,1.000,3.000,0.000,0.000,1.000,0,0,0
B3_zmq_pushpull,zmq_tcp,none,none,,1,15714,512,584,1785153452174373000,1785153452174373000,1785153452174374000,1785153452174374000,1785153452174534000,1785153452174537000,1785153452174537000,1785153452174537000,121932490,121652369,-120.121,0.000,1.000,0.000,3.000,0.000,0.000,10.000,0,0,0
B3_zmq_pushpull,zmq_tcp,none,none,,1,15715,512,584,1785153452175378000,1785153452175378000,1785153452175378000,1785153452175379000,1785153452175535000,1785153452175538000,1785153452175538000,1785153452175538000,121932490,121652369,-124.121,0.000,0.000,1.000,3.000,0.000,0.000,4.000,0,0,0
B3_zmq_pushpull,zmq_tcp,none,none,,1,15716,512,584,1785153452176601000,1785153452176601000,1785153452176601000,1785153452176602000,1785153452176643000,1785153452176646000,1785153452176646000,1785153452176646000,121932490,121652369,-239.121,0.000,0.000,1.000,3.000,0.000,0.000,115.000,0,0,0
B3_zmq_pushpull,zmq_tcp,none,none,,1,15717,512,584,1785153452177550000,1785153452177550000,1785153452177550000,1785153452177551000,1785153452177638000,1785153452177640000,1785153452177640000,1785153452177640000,121932490,121652369,-193.121,0.000,0.000,1.000,2.000,0.000,0.000,46.000,0,0,0
B3_zmq_pushpull,zmq_tcp,none,none,,1,15718,512,584,1785153452178557000,1785153452178557000,1785153452178557000,1785153452178558000,1785153452178637000,1785153452178640000,1785153452178640000,1785153452178640000,121932490,121652369,-201.121,0.000,0.000,1.000,3.000,0.000,0.000,8.000,0,0,0
B3_zmq_pushpull,zmq_tcp,none,none,,1,15719,512,584,1785153452179552000,1785153452179552000,1785153452179552000,1785153452179553000,1785153452179602000,1785153452179606000,1785153452179606000,1785153452179606000,121932490,121652369,-231.121,0.000,0.000,1.000,4.000,0.000,0.000,30.000,0,0,0
B3_zmq_pushpull,zmq_tcp,none,none,,1,15720,512,584,1785153452180419000,1785153452180419000,1785153452180419000,1785153452180420000,1785153452180570000,1785153452180573000,1785153452180573000,1785153452180573000,121932490,121652369,-130.121,0.000,0.000,1.000,3.000,0.000,0.000,101.000,0,0,0
B3_zmq_pushpull,zmq_tcp,none,none,,1,15721,512,584,1785153452181387000,1785153452181387000,1785153452181387000,1785153452181388000,1785153452181539000,1785153452181543000,1785153452181543000,1785153452181543000,121932490,121652369,-129.121,0.000,0.000,1.000,4.000,0.000,0.000,1.000,0,0,0
B3_zmq_pushpull,zmq_tcp,none,none,,1,15722,512,584,1785153452182598000,1785153452182598000,1785153452182598000,1785153452182599000,1785153452182782000,1785153452182786000,1785153452182786000,1785153452182786000,121932490,121652369,-97.121,0.000,0.000,1.000,4.000,0.000,0.000,32.000,0,0,0
B3_zmq_pushpull,zmq_tcp,none,none,,1,15723,512,584,1785153452183544000,1785153452183544000,1785153452183544000,1785153452183545000,1785153452183621000,1785153452183624000,1785153452183624000,1785153452183624000,121932490,121652369,-204.121,0.000,0.000,1.000,3.000,0.000,0.000,107.000,0,0,0
B3_zmq_pushpull,zmq_tcp,none,none,,1,15724,512,584,1785153452184560000,1785153452184560000,1785153452184560000,1785153452184561000,1785153452184616000,1785153452184620000,1785153452184620000,1785153452184620000,121932490,121652369,-225.121,0.000,0.000,1.000,4.000,0.000,0.000,21.000,0,0,0
B3_zmq_pushpull,zmq_tcp,none,none,,1,15725,512,584,1785153452185557000,1785153452185557000,1785153452185557000,1785153452185558000,1785153452185735000,1785153452185738000,1785153452185738000,1785153452185738000,121932490,121652369,-103.121,0.000,0.000,1.000,3.000,0.000,0.000,122.000,0,0,0
B3_zmq_pushpull,zmq_tcp,none,none,,1,15726,512,584,1785153452186556000,1785153452186556000,1785153452186556000,1785153452186557000,1785153452186729000,1785153452186731000,1785153452186731000,1785153452186731000,121932490,121652369,-108.121,0.000,0.000,1.000,2.000,0.000,0.000,5.000,0,0,0
B3_zmq_pushpull,zmq_tcp,none,none,,1,15727,512,584,1785153452187416000,1785153452187416000,1785153452187416000,1785153452187417000,1785153452187569000,1785153452187571000,1785153452187571000,1785153452187571000,121932490,121652369,-128.121,0.000,0.000,1.000,2.000,0.000,0.000,20.000,0,0,0
B3_zmq_pushpull,zmq_tcp,none,none,,1,15728,512,584,1785153452188411000,1785153452188412000,1785153452188412000,1785153452188413000,1785153452188567000,1785153452188570000,1785153452188570000,1785153452188570000,121932490,121652369,-126.121,1.000,0.000,1.000,3.000,0.000,0.000,2.000,0,0,0
B3_zmq_pushpull,zmq_tcp,none,none,,1,15729,512,584,1785153452189391000,1785153452189391000,1785153452189391000,1785153452189392000,1785153452189549000,1785153452189551000,1785153452189551000,1785153452189551000,121932490,121652369,-123.121,0.000,0.000,1.000,2.000,0.000,0.000,3.000,0,0,0
B3_zmq_pushpull,zmq_tcp,none,none,,1,15730,512,584,1785153452190376000,1785153452190376000,1785153452190376000,1785153452190377000,1785153452190537000,1785153452190539000,1785153452190539000,1785153452190539000,121932490,121652369,-120.121,0.000,0.000,1.000,2.000,0.000,0.000,3.000,0,0,0
B3_zmq_pushpull,zmq_tcp,none,none,,1,15731,512,584,1785153452191604000,1785153452191604000,1785153452191604000,1785153452191605000,1785153452191666000,1785153452191669000,1785153452191669000,1785153452191669000,121932490,121652369,-219.121,0.000,0.000,1.000,3.000,0.000,0.000,99.000,0,0,0
B3_zmq_pushpull,zmq_tcp,none,none,,1,15732,512,584,1785153452192544000,1785153452192544000,1785153452192544000,1785153452192545000,1785153452192663000,1785153452192666000,1785153452192666000,1785153452192666000,121932490,121652369,-162.121,0.000,0.000,1.000,3.000,0.000,0.000,57.000,0,0,0
B3_zmq_pushpull,zmq_tcp,none,none,,1,15733,512,584,1785153452193558000,1785153452193558000,1785153452193558000,1785153452193559000,1785153452193653000,1785153452193655000,1785153452193655000,1785153452193655000,121932490,121652369,-186.121,0.000,0.000,1.000,2.000,0.000,0.000,24.000,0,0,0
B3_zmq_pushpull,zmq_tcp,none,none,,1,15734,512,584,1785153452194552000,1785153452194552000,1785153452194552000,1785153452194553000,1785153452194627000,1785153452194630000,1785153452194630000,1785153452194630000,121932490,121652369,-206.121,0.000,0.000,1.000,3.000,0.000,0.000,20.000,0,0,0
B3_zmq_pushpull,zmq_tcp,none,none,,1,15735,512,584,1785153452195558000,1785153452195558000,1785153452195558000,1785153452195559000,1785153452195606000,1785153452195610000,1785153452195610000,1785153452195610000,121932490,121652369,-233.121,0.000,0.000,1.000,4.000,0.000,0.000,27.000,0,0,0
B3_zmq_pushpull,zmq_tcp,none,none,,1,15736,512,584,1785153452196556000,1785153452196556000,1785153452196556000,1785153452196557000,1785153452196732000,1785153452196735000,1785153452196735000,1785153452196735000,121932490,121652369,-105.121,0.000,0.000,1.000,3.000,0.000,0.000,128.000,0,0,0
B3_zmq_pushpull,zmq_tcp,none,none,,1,15737,512,584,1785153452197559000,1785153452197559000,1785153452197559000,1785153452197560000,1785153452197721000,1785153452197723000,1785153452197723000,1785153452197723000,121932490,121652369,-119.121,0.000,0.000,1.000,2.000,0.000,0.000,14.000,0,0,0
B3_zmq_pushpull,zmq_tcp,none,none,,1,15738,512,584,1785153452198400000,1785153452198400000,1785153452198400000,1785153452198401000,1785153452198561000,1785153452198563000,1785153452198563000,1785153452198563000,121932490,121652369,-120.121,0.000,0.000,1.000,2.000,0.000,0.000,1.000,0,0,0
B3_zmq_pushpull,zmq_tcp,none,none,,1,15739,512,584,1785153452199596000,1785153452199596000,1785153452199596000,1785153452199597000,1785153452199675000,1785153452199678000,1785153452199678000,1785153452199678000,121932490,121652369,-202.121,0.000,0.000,1.000,3.000,0.000,0.000,82.000,0,0,0
B3_zmq_pushpull,zmq_tcp,none,none,,1,15740,512,584,1785153452200547000,1785153452200547000,1785153452200547000,1785153452200548000,1785153452200655000,1785153452200658000,1785153452200658000,1785153452200658000,121932490,121652369,-173.121,0.000,0.000,1.000,3.000,0.000,0.000,29.000,0,0,0
B3_zmq_pushpull,zmq_tcp,none,none,,1,15741,512,584,1785153452201558000,1785153452201558000,1785153452201558000,1785153452201559000,1785153452201635000,1785153452201638000,1785153452201638000,1785153452201638000,121932490,121652369,-204.121,0.000,0.000,1.000,3.000,0.000,0.000,31.000,0,0,0
B3_zmq_pushpull,zmq_tcp,none,none,,1,15742,512,584,1785153452202554000,1785153452202554000,1785153452202554000,1785153452202555000,1785153452202614000,1785153452202616000,1785153452202616000,1785153452202617000,121932490,121652369,-221.121,0.000,0.000,1.000,2.000,0.000,1.000,17.000,0,0,0
B3_zmq_pushpull,zmq_tcp,none,none,,1,15743,512,584,1785153452203559000,1785153452203560000,1785153452203560000,1785153452203561000,1785153452203753000,1785153452203755000,1785153452203755000,1785153452203755000,121932490,121652369,-88.121,1.000,0.000,1.000,2.000,0.000,0.000,133.000,0,0,0
B3_zmq_pushpull,zmq_tcp,none,none,,1,15744,512,584,1785153452204556000,1785153452204556000,1785153452204556000,1785153452204557000,1785153452204745000,1785153452204747000,1785153452204747000,1785153452204747000,121932490,121652369,-92.121,0.000,0.000,1.000,2.000,0.000,0.000,4.000,0,0,0
B3_zmq_pushpull,zmq_tcp,none,none,,1,15745,512,584,1785153452205558000,1785153452205558000,1785153452205558000,1785153452205559000,1785153452205735000,1785153452205738000,1785153452205738000,1785153452205738000,121932490,121652369,-104.121,0.000,0.000,1.000,3.000,0.000,0.000,12.000,0,0,0
B3_zmq_pushpull,zmq_tcp,none,none,,1,15746,512,584,1785153452206556000,1785153452206556000,1785153452206556000,1785153452206557000,1785153452206718000,1785153452206721000,1785153452206721000,1785153452206721000,121932490,121652369,-119.121,0.000,0.000,1.000,3.000,0.000,0.000,15.000,0,0,0
B3_zmq_pushpull,zmq_tcp,none,none,,1,15747,512,584,1785153452207556000,1785153452207556000,1785153452207556000,1785153452207557000,1785153452207697000,1785153452207699000,1785153452207699000,1785153452207699000,121932490,121652369,-140.121,0.000,0.000,1.000,2.000,0.000,0.000,21.000,0,0,0
B3_zmq_pushpull,zmq_tcp,none,none,,1,15748,512,584,1785153452208556000,1785153452208556000,1785153452208556000,1785153452208557000,1785153452208681000,1785153452208683000,1785153452208683000,1785153452208683000,121932490,121652369,-156.121,0.000,0.000,1.000,2.000,0.000,0.000,16.000,0,0,0
B3_zmq_pushpull,zmq_tcp,none,none,,1,15749,512,584,1785153452209556000,1785153452209556000,1785153452209556000,1785153452209557000,1785153452209669000,1785153452209671000,1785153452209671000,1785153452209671000,121932490,121652369,-168.121,0.000,0.000,1.000,2.000,0.000,0.000,12.000,0,0,0
B3_zmq_pushpull,zmq_tcp,none,none,,1,15750,512,584,1785153452210559000,1785153452210559000,1785153452210559000,1785153452210560000,1785153452210645000,1785153452210647000,1785153452210647000,1785153452210647000,121932490,121652369,-195.121,0.000,0.000,1.000,2.000,0.000,0.000,27.000,0,0,0
B3_zmq_pushpull,zmq_tcp,none,none,,1,15751,512,584,1785153452211558000,1785153452211558000,1785153452211558000,1785153452211559000,1785153452211637000,1785153452211639000,1785153452211639000,1785153452211639000,121932490,121652369,-202.121,0.000,0.000,1.000,2.000,0.000,0.000,7.000,0,0,0
B3_zmq_pushpull,zmq_tcp,none,none,,1,15752,512,584,1785153452212556000,1785153452212556000,1785153452212556000,1785153452212557000,1785153452212625000,1785153452212628000,1785153452212629000,1785153452212629000,121932490,121652369,-212.121,0.000,0.000,1.000,3.000,1.000,0.000,10.000,0,0,0
B3_zmq_pushpull,zmq_tcp,none,none,,1,15753,512,584,1785153452213557000,1785153452213557000,1785153452213557000,1785153452213558000,1785153452213595000,1785153452213600000,1785153452213600000,1785153452213600000,121932490,121652369,-243.121,0.000,0.000,1.000,5.000,0.000,0.000,31.000,0,0,0
B3_zmq_pushpull,zmq_tcp,none,none,,1,15754,512,584,1785153452214556000,1785153452214556000,1785153452214556000,1785153452214557000,1785153452214717000,1785153452214719000,1785153452214719000,1785153452214719000,121932490,121652369,-120.121,0.000,0.000,1.000,2.000,0.000,0.000,123.000,0,0,0
B3_zmq_pushpull,zmq_tcp,none,none,,1,15755,512,584,1785153452215556000,1785153452215556000,1785153452215556000,1785153452215557000,1785153452215674000,1785153452215677000,1785153452215677000,1785153452215677000,121932490,121652369,-163.121,0.000,0.000,1.000,3.000,0.000,0.000,43.000,0,0,0
B3_zmq_pushpull,zmq_tcp,none,none,,1,15756,512,584,1785153452216556000,1785153452216556000,1785153452216556000,1785153452216557000,1785153452216651000,1785153452216654000,1785153452216654000,1785153452216654000,121932490,121652369,-186.121,0.000,0.000,1.000,3.000,0.000,0.000,23.000,0,0,0
B3_zmq_pushpull,zmq_tcp,none,none,,1,15757,512,584,1785153452217558000,1785153452217558000,1785153452217558000,1785153452217559000,1785153452217631000,1785153452217635000,1785153452217635000,1785153452217635000,121932490,121652369,-208.121,0.000,0.000,1.000,4.000,0.000,0.000,22.000,0,0,0
B3_zmq_pushpull,zmq_tcp,none,none,,1,15758,512,584,1785153452218554000,1785153452218555000,1785153452218555000,1785153452218556000,1785153452218618000,1785153452218621000,1785153452218621000,1785153452218621000,121932490,121652369,-218.121,1.000,0.000,1.000,3.000,0.000,0.000,10.000,0,0,0
B3_zmq_pushpull,zmq_tcp,none,none,,1,15759,512,584,1785153452219557000,1785153452219557000,1785153452219557000,1785153452219558000,1785153452219727000,1785153452219730000,1785153452219730000,1785153452219730000,121932490,121652369,-111.121,0.000,0.000,1.000,3.000,0.000,0.000,107.000,0,0,0
B3_zmq_pushpull,zmq_tcp,none,none,,1,15760,512,584,1785153452220557000,1785153452220558000,1785153452220558000,1785153452220559000,1785153452220713000,1785153452220717000,1785153452220717000,1785153452220717000,121932490,121652369,-126.121,1.000,0.000,1.000,4.000,0.000,0.000,15.000,0,0,0
B3_zmq_pushpull,zmq_tcp,none,none,,1,15761,512,584,1785153452221556000,1785153452221556000,1785153452221556000,1785153452221557000,1785153452221682000,1785153452221685000,1785153452221685000,1785153452221685000,121932490,121652369,-155.121,0.000,0.000,1.000,3.000,0.000,0.000,29.000,0,0,0
B3_zmq_pushpull,zmq_tcp,none,none,,1,15762,512,584,1785153452222553000,1785153452222553000,1785153452222553000,1785153452222554000,1785153452222667000,1785153452222670000,1785153452222670000,1785153452222670000,121932490,121652369,-167.121,0.000,0.000,1.000,3.000,0.000,0.000,12.000,0,0,0
B3_zmq_pushpull,zmq_tcp,none,none,,1,15763,512,584,1785153452223557000,1785153452223557000,1785153452223557000,1785153452223558000,1785153452223666000,1785153452223669000,1785153452223669000,1785153452223669000,121932490,121652369,-172.121,0.000,0.000,1.000,3.000,0.000,0.000,5.000,0,0,0
B3_zmq_pushpull,zmq_tcp,none,none,,1,15764,512,584,1785153452224558000,1785153452224558000,1785153452224558000,1785153452224559000,1785153452224638000,1785153452224641000,1785153452224641000,1785153452224641000,121932490,121652369,-201.121,0.000,0.000,1.000,3.000,0.000,0.000,29.000,0,0,0
B3_zmq_pushpull,zmq_tcp,none,none,,1,15765,512,584,1785153452225554000,1785153452225555000,1785153452225555000,1785153452225556000,1785153452225623000,1785153452225627000,1785153452225627000,1785153452225627000,121932490,121652369,-213.121,1.000,0.000,1.000,4.000,0.000,0.000,12.000,0,0,0
B3_zmq_pushpull,zmq_tcp,none,none,,1,15766,512,584,1785153452226559000,1785153452226559000,1785153452226559000,1785153452226560000,1785153452226613000,1785153452226616000,1785153452226616000,1785153452226616000,121932490,121652369,-227.121,0.000,0.000,1.000,3.000,0.000,0.000,14.000,0,0,0
B3_zmq_pushpull,zmq_tcp,none,none,,1,15767,512,584,1785153452227447000,1785153452227447000,1785153452227447000,1785153452227448000,1785153452227601000,1785153452227604000,1785153452227604000,1785153452227604000,121932490,121652369,-127.121,0.000,0.000,1.000,3.000,0.000,0.000,100.000,0,0,0
B3_zmq_pushpull,zmq_tcp,none,none,,1,15768,512,584,1785153452228584000,1785153452228584000,1785153452228584000,1785153452228585000,1785153452228717000,1785153452228719000,1785153452228719000,1785153452228719000,121932490,121652369,-148.121,0.000,0.000,1.000,2.000,0.000,0.000,21.000,0,0,0
B3_zmq_pushpull,zmq_tcp,none,none,,1,15769,512,584,1785153452229547000,1785153452229547000,1785153452229547000,1785153452229548000,1785153452229675000,1785153452229678000,1785153452229678000,1785153452229678000,121932490,121652369,-153.121,0.000,0.000,1.000,3.000,0.000,0.000,5.000,0,0,0
B3_zmq_pushpull,zmq_tcp,none,none,,1,15770,512,584,1785153452230370000,1785153452230370000,1785153452230370000,1785153452230371000,1785153452230516000,1785153452230519000,1785153452230519000,1785153452230519000,121932490,121652369,-135.121,0.000,0.000,1.000,3.000,0.000,0.000,18.000,0,0,0
B3_zmq_pushpull,zmq_tcp,none,none,,1,15771,512,584,1785153452231602000,1785153452231603000,1785153452231603000,1785153452231604000,1785153452231785000,1785153452231787000,1785153452231787000,1785153452231787000,121932490,121652369,-99.121,1.000,0.000,1.000,2.000,0.000,0.000,36.000,0,0,0
B3_zmq_pushpull,zmq_tcp,none,none,,1,15772,512,584,1785153452232543000,1785153452232544000,1785153452232544000,1785153452232545000,1785153452232632000,1785153452232634000,1785153452232634000,1785153452232634000,121932490,121652369,-193.121,1.000,0.000,1.000,2.000,0.000,0.000,94.000,0,0,0
B3_zmq_pushpull,zmq_tcp,none,none,,1,15773,512,584,1785153452233560000,1785153452233560000,1785153452233560000,1785153452233561000,1785153452233624000,1785153452233626000,1785153452233626000,1785153452233626000,121932490,121652369,-217.121,0.000,0.000,1.000,2.000,0.000,0.000,24.000,0,0,0
B3_zmq_pushpull,zmq_tcp,none,none,,1,15774,512,584,1785153452234556000,1785153452234557000,1785153452234557000,1785153452234558000,1785153452234603000,1785153452234606000,1785153452234606000,1785153452234606000,121932490,121652369,-235.121,1.000,0.000,1.000,3.000,0.000,0.000,18.000,0,0,0
B3_zmq_pushpull,zmq_tcp,none,none,,1,15775,512,584,1785153452235419000,1785153452235419000,1785153452235419000,1785153452235420000,1785153452235570000,1785153452235573000,1785153452235573000,1785153452235573000,121932490,121652369,-130.121,0.000,0.000,1.000,3.000,0.000,0.000,105.000,0,0,0
B3_zmq_pushpull,zmq_tcp,none,none,,1,15776,512,584,1785153452236396000,1785153452236396000,1785153452236396000,1785153452236397000,1785153452236549000,1785153452236552000,1785153452236552000,1785153452236552000,121932490,121652369,-128.121,0.000,0.000,1.000,3.000,0.000,0.000,2.000,0,0,0
B3_zmq_pushpull,zmq_tcp,none,none,,1,15777,512,584,1785153452237384000,1785153452237384000,1785153452237384000,1785153452237385000,1785153452237542000,1785153452237545000,1785153452237545000,1785153452237545000,121932490,121652369,-123.121,0.000,0.000,1.000,3.000,0.000,0.000,5.000,0,0,0
B3_zmq_pushpull,zmq_tcp,none,none,,1,15778,512,584,1785153452238603000,1785153452238603000,1785153452238603000,1785153452238604000,1785153452238656000,1785153452238659000,1785153452238659000,1785153452238659000,121932490,121652369,-228.121,0.000,0.000,1.000,3.000,0.000,0.000,105.000,0,0,0
B3_zmq_pushpull,zmq_tcp,none,none,,1,15779,512,584,1785153452239359000,1785153452239359000,1785153452239359000,1785153452239360000,1785153452239517000,1785153452239520000,1785153452239520000,1785153452239520000,121932490,121652369,-123.121,0.000,0.000,1.000,3.000,0.000,0.000,105.000,0,0,0
B3_zmq_pushpull,zmq_tcp,none,none,,1,15780,512,584,1785153452240359000,1785153452240359000,1785153452240359000,1785153452240360000,1785153452240502000,1785153452240505000,1785153452240505000,1785153452240505000,121932490,121652369,-138.121,0.000,0.000,1.000,3.000,0.000,0.000,15.000,0,0,0
B3_zmq_pushpull,zmq_tcp,none,none,,1,15781,512,584,1785153452241474000,1785153452241475000,1785153452241475000,1785153452241476000,1785153452241617000,1785153452241620000,1785153452241620000,1785153452241620000,121932490,121652369,-139.121,1.000,0.000,1.000,3.000,0.000,0.000,1.000,0,0,0
B3_zmq_pushpull,zmq_tcp,none,none,,1,15782,512,584,1785153452242578000,1785153452242578000,1785153452242578000,1785153452242579000,1785153452242728000,1785153452242730000,1785153452242730000,1785153452242730000,121932490,121652369,-131.121,0.000,0.000,1.000,2.000,0.000,0.000,8.000,0,0,0
B3_zmq_pushpull,zmq_tcp,none,none,,1,15783,512,584,1785153452243548000,1785153452243548000,1785153452243548000,1785153452243549000,1785153452243708000,1785153452243711000,1785153452243711000,1785153452243711000,121932490,121652369,-121.121,0.000,0.000,1.000,3.000,0.000,0.000,10.000,0,0,0
B3_zmq_pushpull,zmq_tcp,none,none,,1,15784,512,584,1785153452244394000,1785153452244394000,1785153452244394000,1785153452244395000,1785153452244550000,1785153452244553000,1785153452244553000,1785153452244553000,121932490,121652369,-125.121,0.000,0.000,1.000,3.000,0.000,0.000,4.000,0,0,0
B3_zmq_pushpull,zmq_tcp,none,none,,1,15785,512,584,1785153452245390000,1785153452245391000,1785153452245391000,1785153452245392000,1785153452245549000,1785153452245552000,1785153452245552000,1785153452245552000,121932490,121652369,-123.121,1.000,0.000,1.000,3.000,0.000,0.000,2.000,0,0,0
B3_zmq_pushpull,zmq_tcp,none,none,,1,15786,512,584,1785153452246386000,1785153452246386000,1785153452246386000,1785153452246387000,1785153452246546000,1785153452246549000,1785153452246549000,1785153452246549000,121932490,121652369,-121.121,0.000,0.000,1.000,3.000,0.000,0.000,2.000,0,0,0
B3_zmq_pushpull,zmq_tcp,none,none,,1,15787,512,584,1785153452247599000,1785153452247599000,1785153452247599000,1785153452247600000,1785153452247675000,1785153452247678000,1785153452247678000,1785153452247678000,121932490,121652369,-205.121,0.000,0.000,1.000,3.000,0.000,0.000,84.000,0,0,0
B3_zmq_pushpull,zmq_tcp,none,none,,1,15788,512,584,1785153452248546000,1785153452248546000,1785153452248546000,1785153452248547000,1785153452248649000,1785153452248653000,1785153452248653000,1785153452248653000,121932490,121652369,-178.121,0.000,0.000,1.000,4.000,0.000,0.000,27.000,0,0,0
B3_zmq_pushpull,zmq_tcp,none,none,,1,15789,512,584,1785153452249480000,1785153452249480000,1785153452249480000,1785153452249481000,1785153452249633000,1785153452249636000,1785153452249636000,1785153452249636000,121932490,121652369,-128.121,0.000,0.000,1.000,3.000,0.000,0.000,50.000,0,0,0
B3_zmq_pushpull,zmq_tcp,none,none,,1,15790,512,584,1785153452250450000,1785153452250450000,1785153452250450000,1785153452250451000,1785153452250602000,1785153452250605000,1785153452250605000,1785153452250605000,121932490,121652369,-129.121,0.000,0.000,1.000,3.000,0.000,0.000,1.000,0,0,0
B3_zmq_pushpull,zmq_tcp,none,none,,1,15791,512,584,1785153452251442000,1785153452251442000,1785153452251442000,1785153452251443000,1785153452251602000,1785153452251605000,1785153452251605000,1785153452251605000,121932490,121652369,-121.121,0.000,0.000,1.000,3.000,0.000,0.000,8.000,0,0,0
B3_zmq_pushpull,zmq_tcp,none,none,,1,15792,512,584,1785153452252584000,1785153452252585000,1785153452252585000,1785153452252586000,1785153452252733000,1785153452252736000,1785153452252736000,1785153452252736000,121932490,121652369,-133.121,1.000,0.000,1.000,3.000,0.000,0.000,12.000,0,0,0
B3_zmq_pushpull,zmq_tcp,none,none,,1,15793,512,584,1785153452253545000,1785153452253545000,1785153452253545000,1785153452253546000,1785153452253728000,1785153452253730000,1785153452253730000,1785153452253730000,121932490,121652369,-98.121,0.000,0.000,1.000,2.000,0.000,0.000,35.000,0,0,0
B3_zmq_pushpull,zmq_tcp,none,none,,1,15794,512,584,1785153452254561000,1785153452254561000,1785153452254561000,1785153452254562000,1785153452254732000,1785153452254734000,1785153452254734000,1785153452254734000,121932490,121652369,-110.121,0.000,0.000,1.000,2.000,0.000,0.000,12.000,0,0,0
B3_zmq_pushpull,zmq_tcp,none,none,,1,15795,512,584,1785153452255431000,1785153452255431000,1785153452255431000,1785153452255432000,1785153452255581000,1785153452255584000,1785153452255584000,1785153452255584000,121932490,121652369,-131.121,0.000,0.000,1.000,3.000,0.000,0.000,21.000,0,0,0
B3_zmq_pushpull,zmq_tcp,none,none,,1,15796,512,584,1785153452256410000,1785153452256410000,1785153452256410000,1785153452256411000,1785153452256565000,1785153452256568000,1785153452256568000,1785153452256568000,121932490,121652369,-126.121,0.000,0.000,1.000,3.000,0.000,0.000,5.000,0,0,0
B3_zmq_pushpull,zmq_tcp,none,none,,1,15797,512,584,1785153452257592000,1785153452257592000,1785153452257592000,1785153452257593000,1785153452257643000,1785153452257645000,1785153452257645000,1785153452257645000,121932490,121652369,-230.121,0.000,0.000,1.000,2.000,0.000,0.000,104.000,0,0,0
B3_zmq_pushpull,zmq_tcp,none,none,,1,15798,512,584,1785153452258551000,1785153452258551000,1785153452258551000,1785153452258552000,1785153452258620000,1785153452258622000,1785153452258622000,1785153452258622000,121932490,121652369,-212.121,0.000,0.000,1.000,2.000,0.000,0.000,18.000,0,0,0
B3_zmq_pushpull,zmq_tcp,none,none,,1,15799,512,584,1785153452259557000,1785153452259557000,1785153452259558000,1785153452259558000,1785153452259609000,1785153452259612000,1785153452259612000,1785153452259612000,121932490,121652369,-229.121,0.000,1.000,0.000,3.000,0.000,0.000,17.000,0,0,0
B3_zmq_pushpull,zmq_tcp,none,none,,1,15800,512,584,1785153452260555000,1785153452260555000,1785153452260555000,1785153452260556000,1785153452260712000,1785153452260715000,1785153452260715000,1785153452260715000,121932490,121652369,-124.121,0.000,0.000,1.000,3.000,0.000,0.000,105.000,0,0,0
B3_zmq_pushpull,zmq_tcp,none,none,,1,15801,512,584,1785153452261556000,1785153452261556000,1785153452261556000,1785153452261557000,1785153452261714000,1785153452261717000,1785153452261717000,1785153452261717000,121932490,121652369,-123.121,0.000,0.000,1.000,3.000,0.000,0.000,1.000,0,0,0
B3_zmq_pushpull,zmq_tcp,none,none,,1,15802,512,584,1785153452262556000,1785153452262556000,1785153452262556000,1785153452262557000,1785153452262689000,1785153452262692000,1785153452262692000,1785153452262692000,121932490,121652369,-148.121,0.000,0.000,1.000,3.000,0.000,0.000,25.000,0,0,0
B3_zmq_pushpull,zmq_tcp,none,none,,1,15803,512,584,1785153452263556000,1785153452263556000,1785153452263556000,1785153452263557000,1785153452263654000,1785153452263657000,1785153452263657000,1785153452263657000,121932490,121652369,-183.121,0.000,0.000,1.000,3.000,0.000,0.000,35.000,0,0,0
B3_zmq_pushpull,zmq_tcp,none,none,,1,15804,512,584,1785153452264554000,1785153452264554000,1785153452264554000,1785153452264555000,1785153452264640000,1785153452264642000,1785153452264642000,1785153452264642000,121932490,121652369,-195.121,0.000,0.000,1.000,2.000,0.000,0.000,12.000,0,0,0
B3_zmq_pushpull,zmq_tcp,none,none,,1,15805,512,584,1785153452265557000,1785153452265557000,1785153452265557000,1785153452265558000,1785153452265625000,1785153452265628000,1785153452265628000,1785153452265628000,121932490,121652369,-213.121,0.000,0.000,1.000,3.000,0.000,0.000,18.000,0,0,0
B3_zmq_pushpull,zmq_tcp,none,none,,1,15806,512,584,1785153452266559000,1785153452266559000,1785153452266559000,1785153452266560000,1785153452266748000,1785153452266752000,1785153452266752000,1785153452266752000,121932490,121652369,-92.121,0.000,0.000,1.000,4.000,0.000,0.000,121.000,0,0,0
B3_zmq_pushpull,zmq_tcp,none,none,,1,15807,512,584,1785153452267555000,1785153452267555000,1785153452267555000,1785153452267556000,1785153452267718000,1785153452267721000,1785153452267721000,1785153452267721000,121932490,121652369,-118.121,0.000,0.000,1.000,3.000,0.000,0.000,26.000,0,0,0
B3_zmq_pushpull,zmq_tcp,none,none,,1,15808,512,584,1785153452268558000,1785153452268558000,1785153452268558000,1785153452268559000,1785153452268712000,1785153452268716000,1785153452268716000,1785153452268716000,121932490,121652369,-127.121,0.000,0.000,1.000,4.000,0.000,0.000,9.000,0,0,0
B3_zmq_pushpull,zmq_tcp,none,none,,1,15809,512,584,1785153452269556000,1785153452269556000,1785153452269556000,1785153452269557000,1785153452269680000,1785153452269683000,1785153452269683000,1785153452269683000,121932490,121652369,-157.121,0.000,0.000,1.000,3.000,0.000,0.000,30.000,0,0,0
B3_zmq_pushpull,zmq_tcp,none,none,,1,15810,512,584,1785153452270556000,1785153452270556000,1785153452270556000,1785153452270557000,1785153452270669000,1785153452270672000,1785153452270672000,1785153452270672000,121932490,121652369,-168.121,0.000,0.000,1.000,3.000,0.000,0.000,11.000,0,0,0
B3_zmq_pushpull,zmq_tcp,none,none,,1,15811,512,584,1785153452271554000,1785153452271554000,1785153452271555000,1785153452271555000,1785153452271616000,1785153452271619000,1785153452271619000,1785153452271619000,121932490,121652369,-219.121,0.000,1.000,0.000,3.000,0.000,0.000,51.000,0,0,0
B3_zmq_pushpull,zmq_tcp,none,none,,1,15812,512,584,1785153452272558000,1785153452272558000,1785153452272558000,1785153452272559000,1785153452272605000,1785153452272608000,1785153452272608000,1785153452272608000,121932490,121652369,-234.121,0.000,0.000,1.000,3.000,0.000,0.000,15.000,0,0,0
B3_zmq_pushpull,zmq_tcp,none,none,,1,15813,512,584,1785153452273452000,1785153452273452000,1785153452273452000,1785153452273453000,1785153452273612000,1785153452273614000,1785153452273614000,1785153452273614000,121932490,121652369,-121.121,0.000,0.000,1.000,2.000,0.000,0.000,113.000,0,0,0
B3_zmq_pushpull,zmq_tcp,none,none,,1,15814,512,584,1785153452274583000,1785153452274583000,1785153452274583000,1785153452274584000,1785153452274724000,1785153452274726000,1785153452274726000,1785153452274727000,121932490,121652369,-140.121,0.000,0.000,1.000,2.000,0.000,1.000,19.000,0,0,0
B3_zmq_pushpull,zmq_tcp,none,none,,1,15815,512,584,1785153452275550000,1785153452275550000,1785153452275550000,1785153452275551000,1785153452275685000,1785153452275688000,1785153452275688000,1785153452275688000,121932490,121652369,-146.121,0.000,0.000,1.000,3.000,0.000,0.000,6.000,0,0,0
B3_zmq_pushpull,zmq_tcp,none,none,,1,15816,512,584,1785153452276559000,1785153452276559000,1785153452276559000,1785153452276560000,1785153452276652000,1785153452276654000,1785153452276654000,1785153452276654000,121932490,121652369,-188.121,0.000,0.000,1.000,2.000,0.000,0.000,42.000,0,0,0
B3_zmq_pushpull,zmq_tcp,none,none,,1,15817,512,584,1785153452277556000,1785153452277556000,1785153452277556000,1785153452277557000,1785153452277636000,1785153452277638000,1785153452277638000,1785153452277638000,121932490,121652369,-201.121,0.000,0.000,1.000,2.000,0.000,0.000,13.000,0,0,0
B3_zmq_pushpull,zmq_tcp,none,none,,1,15818,512,584,1785153452278557000,1785153452278558000,1785153452278558000,1785153452278559000,1785153452278611000,1785153452278614000,1785153452278614000,1785153452278614000,121932490,121652369,-228.121,1.000,0.000,1.000,3.000,0.000,0.000,27.000,0,0,0
B3_zmq_pushpull,zmq_tcp,none,none,,1,15819,512,584,1785153452279454000,1785153452279454000,1785153452279454000,1785153452279455000,1785153452279613000,1785153452279616000,1785153452279616000,1785153452279616000,121932490,121652369,-122.121,0.000,0.000,1.000,3.000,0.000,0.000,106.000,0,0,0
B3_zmq_pushpull,zmq_tcp,none,none,,1,15820,512,584,1785153452280584000,1785153452280584000,1785153452280584000,1785153452280585000,1785153452280754000,1785153452280757000,1785153452280757000,1785153452280757000,121932490,121652369,-111.121,0.000,0.000,1.000,3.000,0.000,0.000,11.000,0,0,0
B3_zmq_pushpull,zmq_tcp,none,none,,1,15821,512,584,1785153452281549000,1785153452281550000,1785153452281550000,1785153452281551000,1785153452281721000,1785153452281724000,1785153452281724000,1785153452281724000,121932490,121652369,-110.121,1.000,0.000,1.000,3.000,0.000,0.000,1.000,0,0,0
B3_zmq_pushpull,zmq_tcp,none,none,,1,15822,512,584,1785153452282561000,1785153452282561000,1785153452282561000,1785153452282562000,1785153452282694000,1785153452282697000,1785153452282697000,1785153452282697000,121932490,121652369,-148.121,0.000,0.000,1.000,3.000,0.000,0.000,38.000,0,0,0
B3_zmq_pushpull,zmq_tcp,none,none,,1,15823,512,584,1785153452283555000,1785153452283555000,1785153452283555000,1785153452283556000,1785153452283657000,1785153452283661000,1785153452283661000,1785153452283661000,121932490,121652369,-179.121,0.000,0.000,1.000,4.000,0.000,0.000,31.000,0,0,0
B3_zmq_pushpull,zmq_tcp,none,none,,1,15824,512,584,1785153452284557000,1785153452284558000,1785153452284558000,1785153452284559000,1785153452284633000,1785153452284636000,1785153452284636000,1785153452284636000,121932490,121652369,-206.121,1.000,0.000,1.000,3.000,0.000,0.000,27.000,0,0,0
B3_zmq_pushpull,zmq_tcp,none,none,,1,15825,512,584,1785153452285556000,1785153452285556000,1785153452285556000,1785153452285557000,1785153452285602000,1785153452285605000,1785153452285605000,1785153452285605000,121932490,121652369,-235.121,0.000,0.000,1.000,3.000,0.000,0.000,29.000,0,0,0
B3_zmq_pushpull,zmq_tcp,none,none,,1,15826,512,584,1785153452286556000,1785153452286556000,1785153452286556000,1785153452286557000,1785153452286712000,1785153452286714000,1785153452286714000,1785153452286714000,121932490,121652369,-125.121,0.000,0.000,1.000,2.000,0.000,0.000,110.000,0,0,0
B3_zmq_pushpull,zmq_tcp,none,none,,1,15827,512,584,1785153452287402000,1785153452287402000,1785153452287402000,1785153452287404000,1785153452287551000,1785153452287553000,1785153452287553000,1785153452287553000,121932490,121652369,-133.121,0.000,0.000,2.000,2.000,0.000,0.000,8.000,0,0,0
B3_zmq_pushpull,zmq_tcp,none,none,,1,15828,512,584,1785153452288597000,1785153452288597000,1785153452288597000,1785153452288598000,1785153452288676000,1785153452288679000,1785153452288679000,1785153452288679000,121932490,121652369,-202.121,0.000,0.000,1.000,3.000,0.000,0.000,69.000,0,0,0
B3_zmq_pushpull,zmq_tcp,none,none,,1,15829,512,584,1785153452289547000,1785153452289547000,1785153452289547000,1785153452289548000,1785153452289650000,1785153452289653000,1785153452289653000,1785153452289653000,121932490,121652369,-178.121,0.000,0.000,1.000,3.000,0.000,0.000,24.000,0,0,0
B3_zmq_pushpull,zmq_tcp,none,none,,1,15830,512,584,1785153452290559000,1785153452290559000,1785153452290559000,1785153452290560000,1785153452290613000,1785153452290617000,1785153452290617000,1785153452290617000,121932490,121652369,-227.121,0.000,0.000,1.000,4.000,0.000,0.000,49.000,0,0,0
B3_zmq_pushpull,zmq_tcp,none,none,,1,15831,512,584,1785153452291554000,1785153452291554000,1785153452291554000,1785153452291555000,1785153452291599000,1785153452291603000,1785153452291603000,1785153452291603000,121932490,121652369,-236.121,0.000,0.000,1.000,4.000,0.000,0.000,9.000,0,0,0
B3_zmq_pushpull,zmq_tcp,none,none,,1,15832,512,584,1785153452292439000,1785153452292439000,1785153452292439000,1785153452292440000,1785153452292591000,1785153452292594000,1785153452292594000,1785153452292594000,121932490,121652369,-129.121,0.000,0.000,1.000,3.000,0.000,0.000,107.000,0,0,0
B3_zmq_pushpull,zmq_tcp,none,none,,1,15833,512,584,1785153452293427000,1785153452293428000,1785153452293428000,1785153452293429000,1785153452293573000,1785153452293576000,1785153452293576000,1785153452293576000,121932490,121652369,-136.121,1.000,0.000,1.000,3.000,0.000,0.000,7.000,0,0,0
B3_zmq_pushpull,zmq_tcp,none,none,,1,15834,512,584,1785153452294591000,1785153452294591000,1785153452294591000,1785153452294592000,1785153452294704000,1785153452294706000,1785153452294706000,1785153452294707000,121932490,121652369,-168.121,0.000,0.000,1.000,2.000,0.000,1.000,32.000,0,0,0
B3_zmq_pushpull,zmq_tcp,none,none,,1,15835,512,584,1785153452295547000,1785153452295547000,1785153452295547000,1785153452295548000,1785153452295688000,1785153452295690000,1785153452295691000,1785153452295691000,121932490,121652369,-140.121,0.000,0.000,1.000,2.000,1.000,0.000,28.000,0,0,0
B3_zmq_pushpull,zmq_tcp,none,none,,1,15836,512,584,1785153452296561000,1785153452296561000,1785153452296561000,1785153452296562000,1785153452296669000,1785153452296671000,1785153452296671000,1785153452296671000,121932490,121652369,-173.121,0.000,0.000,1.000,2.000,0.000,0.000,33.000,0,0,0
B3_zmq_pushpull,zmq_tcp,none,none,,1,15837,512,584,1785153452297556000,1785153452297556000,1785153452297556000,1785153452297557000,1785153452297656000,1785153452297661000,1785153452297661000,1785153452297661000,121932490,121652369,-181.121,0.000,0.000,1.000,5.000,0.000,0.000,8.000,0,0,0
B3_zmq_pushpull,zmq_tcp,none,none,,1,15838,512,584,1785153452298556000,1785153452298556000,1785153452298556000,1785153452298557000,1785153452298612000,1785153452298615000,1785153452298615000,1785153452298615000,121932490,121652369,-225.121,0.000,0.000,1.000,3.000,0.000,0.000,44.000,0,0,0
B3_zmq_pushpull,zmq_tcp,none,none,,1,15839,512,584,1785153452299432000,1785153452299432000,1785153452299432000,1785153452299433000,1785153452299584000,1785153452299587000,1785153452299587000,1785153452299587000,121932490,121652369,-129.121,0.000,0.000,1.000,3.000,0.000,0.000,96.000,0,0,0
B3_zmq_pushpull,zmq_tcp,none,none,,1,15840,512,584,1785153452300419000,1785153452300419000,1785153452300419000,1785153452300420000,1785153452300567000,1785153452300569000,1785153452300569000,1785153452300569000,121932490,121652369,-133.121,0.000,0.000,1.000,2.000,0.000,0.000,4.000,0,0,0
B3_zmq_pushpull,zmq_tcp,none,none,,1,15841,512,584,1785153452301594000,1785153452301594000,1785153452301594000,1785153452301595000,1785153452301692000,1785153452301694000,1785153452301694000,1785153452301694000,121932490,121652369,-183.121,0.000,0.000,1.000,2.000,0.000,0.000,50.000,0,0,0
B3_zmq_pushpull,zmq_tcp,none,none,,1,15842,512,584,1785153452302544000,1785153452302545000,1785153452302545000,1785153452302546000,1785153452302696000,1785153452302699000,1785153452302699000,1785153452302699000,121932490,121652369,-130.121,1.000,0.000,1.000,3.000,0.000,0.000,53.000,0,0,0
B3_zmq_pushpull,zmq_tcp,none,none,,1,15843,512,584,1785153452303385000,1785153452303385000,1785153452303385000,1785153452303386000,1785153452303537000,1785153452303540000,1785153452303540000,1785153452303540000,121932490,121652369,-129.121,0.000,0.000,1.000,3.000,0.000,0.000,1.000,0,0,0
B3_zmq_pushpull,zmq_tcp,none,none,,1,15844,512,584,1785153452304364000,1785153452304365000,1785153452304365000,1785153452304366000,1785153452304495000,1785153452304497000,1785153452304497000,1785153452304497000,121932490,121652369,-151.121,1.000,0.000,1.000,2.000,0.000,0.000,22.000,0,0,0
B3_zmq_pushpull,zmq_tcp,none,none,,1,15845,512,584,1785153452305450000,1785153452305450000,1785153452305450000,1785153452305451000,1785153452305603000,1785153452305605000,1785153452305605000,1785153452305605000,121932490,121652369,-128.121,0.000,0.000,1.000,2.000,0.000,0.000,23.000,0,0,0
B3_zmq_pushpull,zmq_tcp,none,none,,1,15846,512,584,1785153452306580000,1785153452306581000,1785153452306581000,1785153452306582000,1785153452306719000,1785153452306721000,1785153452306721000,1785153452306721000,121932490,121652369,-143.121,1.000,0.000,1.000,2.000,0.000,0.000,15.000,0,0,0
B3_zmq_pushpull,zmq_tcp,none,none,,1,15847,512,584,1785153452307552000,1785153452307552000,1785153452307552000,1785153452307553000,1785153452307697000,1785153452307700000,1785153452307700000,1785153452307700000,121932490,121652369,-136.121,0.000,0.000,1.000,3.000,0.000,0.000,7.000,0,0,0
B3_zmq_pushpull,zmq_tcp,none,none,,1,15848,512,584,1785153452308558000,1785153452308558000,1785153452308558000,1785153452308559000,1785153452308687000,1785153452308689000,1785153452308689000,1785153452308689000,121932490,121652369,-152.121,0.000,0.000,1.000,2.000,0.000,0.000,16.000,0,0,0
B3_zmq_pushpull,zmq_tcp,none,none,,1,15849,512,584,1785153452309555000,1785153452309555000,1785153452309555000,1785153452309556000,1785153452309675000,1785153452309677000,1785153452309677000,1785153452309677000,121932490,121652369,-161.121,0.000,0.000,1.000,2.000,0.000,0.000,9.000,0,0,0
B3_zmq_pushpull,zmq_tcp,none,none,,1,15850,512,584,1785153452310558000,1785153452310558000,1785153452310558000,1785153452310559000,1785153452310667000,1785153452310670000,1785153452310670000,1785153452310670000,121932490,121652369,-172.121,0.000,0.000,1.000,3.000,0.000,0.000,11.000,0,0,0
B3_zmq_pushpull,zmq_tcp,none,none,,1,15851,512,584,1785153452311556000,1785153452311556000,1785153452311556000,1785153452311557000,1785153452311649000,1785153452311652000,1785153452311652000,1785153452311652000,121932490,121652369,-188.121,0.000,0.000,1.000,3.000,0.000,0.000,16.000,0,0,0
B3_zmq_pushpull,zmq_tcp,none,none,,1,15852,512,584,1785153452312556000,1785153452312557000,1785153452312557000,1785153452312558000,1785153452312620000,1785153452312623000,1785153452312623000,1785153452312623000,121932490,121652369,-218.121,1.000,0.000,1.000,3.000,0.000,0.000,30.000,0,0,0
B3_zmq_pushpull,zmq_tcp,none,none,,1,15853,512,584,1785153452313557000,1785153452313557000,1785153452313557000,1785153452313558000,1785153452313605000,1785153452313608000,1785153452313608000,1785153452313608000,121932490,121652369,-233.121,0.000,0.000,1.000,3.000,0.000,0.000,15.000,0,0,0
B3_zmq_pushpull,zmq_tcp,none,none,,1,15854,512,584,1785153452314556000,1785153452314556000,1785153452314556000,1785153452314557000,1785153452314739000,1785153452314741000,1785153452314741000,1785153452314741000,121932490,121652369,-98.121,0.000,0.000,1.000,2.000,0.000,0.000,135.000,0,0,0
B3_zmq_pushpull,zmq_tcp,none,none,,1,15855,512,584,1785153452315558000,1785153452315558000,1785153452315558000,1785153452315559000,1785153452315744000,1785153452315747000,1785153452315747000,1785153452315747000,121932490,121652369,-95.121,0.000,0.000,1.000,3.000,0.000,0.000,3.000,0,0,0
B3_zmq_pushpull,zmq_tcp,none,none,,1,15856,512,584,1785153452316438000,1785153452316438000,1785153452316438000,1785153452316439000,1785153452316595000,1785153452316597000,1785153452316597000,1785153452316597000,121932490,121652369,-124.121,0.000,0.000,1.000,2.000,0.000,0.000,29.000,0,0,0
B3_zmq_pushpull,zmq_tcp,none,none,,1,15857,512,584,1785153452317434000,1785153452317434000,1785153452317434000,1785153452317435000,1785153452317576000,1785153452317579000,1785153452317579000,1785153452317579000,121932490,121652369,-139.121,0.000,0.000,1.000,3.000,0.000,0.000,15.000,0,0,0
B3_zmq_pushpull,zmq_tcp,none,none,,1,15858,512,584,1785153452318401000,1785153452318401000,1785153452318401000,1785153452318402000,1785153452318553000,1785153452318556000,1785153452318556000,1785153452318556000,121932490,121652369,-129.121,0.000,0.000,1.000,3.000,0.000,0.000,10.000,0,0,0
B3_zmq_pushpull,zmq_tcp,none,none,,1,15859,512,584,1785153452319596000,1785153452319596000,1785153452319596000,1785153452319597000,1785153452319684000,1785153452319687000,1785153452319687000,1785153452319687000,121932490,121652369,-193.121,0.000,0.000,1.000,3.000,0.000,0.000,64.000,0,0,0
B3_zmq_pushpull,zmq_tcp,none,none,,1,15860,512,584,1785153452320546000,1785153452320546000,1785153452320546000,1785153452320547000,1785153452320671000,1785153452320673000,1785153452320674000,1785153452320674000,121932490,121652369,-156.121,0.000,0.000,1.000,2.000,1.000,0.000,37.000,0,0,0
B3_zmq_pushpull,zmq_tcp,none,none,,1,15861,512,584,1785153452321561000,1785153452321561000,1785153452321561000,1785153452321562000,1785153452321675000,1785153452321677000,1785153452321677000,1785153452321677000,121932490,121652369,-167.121,0.000,0.000,1.000,2.000,0.000,0.000,11.000,0,0,0
B3_zmq_pushpull,zmq_tcp,none,none,,1,15862,512,584,1785153452322555000,1785153452322555000,1785153452322555000,1785153452322556000,1785153452322668000,1785153452322671000,1785153452322671000,1785153452322671000,121932490,121652369,-168.121,0.000,0.000,1.000,3.000,0.000,0.000,1.000,0,0,0
B3_zmq_pushpull,zmq_tcp,none,none,,1,15863,512,584,1785153452323560000,1785153452323560000,1785153452323561000,1785153452323561000,1785153452323656000,1785153452323659000,1785153452323659000,1785153452323659000,121932490,121652369,-185.121,0.000,1.000,0.000,3.000,0.000,0.000,17.000,0,0,0
B3_zmq_pushpull,zmq_tcp,none,none,,1,15864,512,584,1785153452324552000,1785153452324552000,1785153452324553000,1785153452324553000,1785153452324649000,1785153452324652000,1785153452324652000,1785153452324652000,121932490,121652369,-184.121,0.000,1.000,0.000,3.000,0.000,0.000,1.000,0,0,0
B3_zmq_pushpull,zmq_tcp,none,none,,1,15865,512,584,1785153452325558000,1785153452325558000,1785153452325558000,1785153452325559000,1785153452325634000,1785153452325636000,1785153452325636000,1785153452325636000,121932490,121652369,-205.121,0.000,0.000,1.000,2.000,0.000,0.000,21.000,0,0,0
B3_zmq_pushpull,zmq_tcp,none,none,,1,15866,512,584,1785153452326556000,1785153452326556000,1785153452326556000,1785153452326557000,1785153452326612000,1785153452326615000,1785153452326615000,1785153452326615000,121932490,121652369,-225.121,0.000,0.000,1.000,3.000,0.000,0.000,20.000,0,0,0
B3_zmq_pushpull,zmq_tcp,none,none,,1,15867,512,584,1785153452327557000,1785153452327557000,1785153452327557000,1785153452327558000,1785153452327721000,1785153452327724000,1785153452327724000,1785153452327724000,121932490,121652369,-117.121,0.000,0.000,1.000,3.000,0.000,0.000,108.000,0,0,0
B3_zmq_pushpull,zmq_tcp,none,none,,1,15868,512,584,1785153452328557000,1785153452328557000,1785153452328557000,1785153452328558000,1785153452328703000,1785153452328705000,1785153452328705000,1785153452328706000,121932490,121652369,-135.121,0.000,0.000,1.000,2.000,0.000,1.000,18.000,0,0,0
B3_zmq_pushpull,zmq_tcp,none,none,,1,15869,512,584,1785153452329557000,1785153452329557000,1785153452329557000,1785153452329558000,1785153452329691000,1785153452329693000,1785153452329693000,1785153452329693000,121932490,121652369,-147.121,0.000,0.000,1.000,2.000,0.000,0.000,12.000,0,0,0
B3_zmq_pushpull,zmq_tcp,none,none,,1,15870,512,584,1785153452330557000,1785153452330557000,1785153452330557000,1785153452330558000,1785153452330679000,1785153452330682000,1785153452330682000,1785153452330682000,121932490,121652369,-159.121,0.000,0.000,1.000,3.000,0.000,0.000,12.000,0,0,0
B3_zmq_pushpull,zmq_tcp,none,none,,1,15871,512,584,1785153452331559000,1785153452331559000,1785153452331559000,1785153452331560000,1785153452331656000,1785153452331659000,1785153452331659000,1785153452331659000,121932490,121652369,-184.121,0.000,0.000,1.000,3.000,0.000,0.000,25.000,0,0,0
B3_zmq_pushpull,zmq_tcp,none,none,,1,15872,512,584,1785153452332556000,1785153452332556000,1785153452332556000,1785153452332557000,1785153452332635000,1785153452332638000,1785153452332638000,1785153452332638000,121932490,121652369,-202.121,0.000,0.000,1.000,3.000,0.000,0.000,18.000,0,0,0
B3_zmq_pushpull,zmq_tcp,none,none,,1,15873,512,584,1785153452333556000,1785153452333556000,1785153452333557000,1785153452333557000,1785153452333604000,1785153452333607000,1785153452333607000,1785153452333607000,121932490,121652369,-233.121,0.000,1.000,0.000,3.000,0.000,0.000,31.000,0,0,0
B3_zmq_pushpull,zmq_tcp,none,none,,1,15874,512,584,1785153452334557000,1785153452334557000,1785153452334557000,1785153452334558000,1785153452334733000,1785153452334736000,1785153452334736000,1785153452334736000,121932490,121652369,-105.121,0.000,0.000,1.000,3.000,0.000,0.000,128.000,0,0,0
B3_zmq_pushpull,zmq_tcp,none,none,,1,15875,512,584,1785153452335561000,1785153452335561000,1785153452335561000,1785153452335562000,1785153452335727000,1785153452335729000,1785153452335729000,1785153452335729000,121932490,121652369,-115.121,0.000,0.000,1.000,2.000,0.000,0.000,10.000,0,0,0
B3_zmq_pushpull,zmq_tcp,none,none,,1,15876,512,584,1785153452336553000,1785153452336553000,1785153452336553000,1785153452336554000,1785153452336700000,1785153452336704000,1785153452336704000,1785153452336704000,121932490,121652369,-134.121,0.000,0.000,1.000,4.000,0.000,0.000,19.000,0,0,0
B3_zmq_pushpull,zmq_tcp,none,none,,1,15877,512,584,1785153452337558000,1785153452337558000,1785153452337558000,1785153452337559000,1785153452337681000,1785153452337684000,1785153452337684000,1785153452337684000,121932490,121652369,-158.121,0.000,0.000,1.000,3.000,0.000,0.000,24.000,0,0,0
B3_zmq_pushpull,zmq_tcp,none,none,,1,15878,512,584,1785153452338556000,1785153452338556000,1785153452338557000,1785153452338557000,1785153452338660000,1785153452338663000,1785153452338663000,1785153452338663000,121932490,121652369,-177.121,0.000,1.000,0.000,3.000,0.000,0.000,19.000,0,0,0
B3_zmq_pushpull,zmq_tcp,none,none,,1,15879,512,584,1785153452339556000,1785153452339557000,1785153452339557000,1785153452339558000,1785153452339636000,1785153452339639000,1785153452339639000,1785153452339639000,121932490,121652369,-202.121,1.000,0.000,1.000,3.000,0.000,0.000,25.000,0,0,0
B3_zmq_pushpull,zmq_tcp,none,none,,1,15880,512,584,1785153452340555000,1785153452340555000,1785153452340555000,1785153452340556000,1785153452340724000,1785153452340727000,1785153452340727000,1785153452340727000,121932490,121652369,-112.121,0.000,0.000,1.000,3.000,0.000,0.000,90.000,0,0,0
B3_zmq_pushpull,zmq_tcp,none,none,,1,15881,512,584,1785153452341421000,1785153452341421000,1785153452341422000,1785153452341423000,1785153452341565000,1785153452341568000,1785153452341568000,1785153452341568000,121932490,121652369,-138.121,0.000,1.000,1.000,3.000,0.000,0.000,26.000,0,0,0
B3_zmq_pushpull,zmq_tcp,none,none,,1,15882,512,584,1785153452342591000,1785153452342591000,1785153452342591000,1785153452342592000,1785153452342680000,1785153452342683000,1785153452342683000,1785153452342683000,121932490,121652369,-192.121,0.000,0.000,1.000,3.000,0.000,0.000,54.000,0,0,0
B3_zmq_pushpull,zmq_tcp,none,none,,1,15883,512,584,1785153452343547000,1785153452343547000,1785153452343547000,1785153452343548000,1785153452343659000,1785153452343661000,1785153452343661000,1785153452343661000,121932490,121652369,-169.121,0.000,0.000,1.000,2.000,0.000,0.000,23.000,0,0,0
B3_zmq_pushpull,zmq_tcp,none,none,,1,15884,512,584,1785153452344561000,1785153452344561000,1785153452344561000,1785153452344562000,1785153452344644000,1785153452344647000,1785153452344647000,1785153452344647000,121932490,121652369,-198.121,0.000,0.000,1.000,3.000,0.000,0.000,29.000,0,0,0
B3_zmq_pushpull,zmq_tcp,none,none,,1,15885,512,584,1785153452345561000,1785153452345561000,1785153452345561000,1785153452345562000,1785153452345635000,1785153452345638000,1785153452345638000,1785153452345638000,121932490,121652369,-207.121,0.000,0.000,1.000,3.000,0.000,0.000,9.000,0,0,0
B3_zmq_pushpull,zmq_tcp,none,none,,1,15886,512,584,1785153452346555000,1785153452346555000,1785153452346555000,1785153452346556000,1785153452346614000,1785153452346618000,1785153452346618000,1785153452346618000,121932490,121652369,-222.121,0.000,0.000,1.000,4.000,0.000,0.000,15.000,0,0,0
B3_zmq_pushpull,zmq_tcp,none,none,,1,15887,512,584,1785153452347554000,1785153452347554000,1785153452347554000,1785153452347555000,1785153452347592000,1785153452347595000,1785153452347595000,1785153452347595000,121932490,121652369,-243.121,0.000,0.000,1.000,3.000,0.000,0.000,21.000,0,0,0
B3_zmq_pushpull,zmq_tcp,none,none,,1,15888,512,584,1785153452348558000,1785153452348558000,1785153452348558000,1785153452348559000,1785153452348698000,1785153452348700000,1785153452348700000,1785153452348700000,121932490,121652369,-141.121,0.000,0.000,1.000,2.000,0.000,0.000,102.000,0,0,0
B3_zmq_pushpull,zmq_tcp,none,none,,1,15889,512,584,1785153452349400000,1785153452349400000,1785153452349401000,1785153452349402000,1785153452349550000,1785153452349552000,1785153452349552000,1785153452349552000,121932490,121652369,-132.121,0.000,1.000,1.000,2.000,0.000,0.000,9.000,0,0,0
B3_zmq_pushpull,zmq_tcp,none,none,,1,15890,512,584,1785153452350599000,1785153452350599000,1785153452350599000,1785153452350600000,1785153452350807000,1785153452350809000,1785153452350809000,1785153452350809000,121932490,121652369,-73.121,0.000,0.000,1.000,2.000,0.000,0.000,59.000,0,0,0
B3_zmq_pushpull,zmq_tcp,none,none,,1,15891,512,584,1785153452351363000,1785153452351364000,1785153452351364000,1785153452351365000,1785153452351520000,1785153452351523000,1785153452351523000,1785153452351523000,121932490,121652369,-125.121,1.000,0.000,1.000,3.000,0.000,0.000,52.000,0,0,0
B3_zmq_pushpull,zmq_tcp,none,none,,1,15892,512,584,1785153452352607000,1785153452352607000,1785153452352607000,1785153452352608000,1785153452352648000,1785153452352651000,1785153452352651000,1785153452352651000,121932490,121652369,-240.121,0.000,0.000,1.000,3.000,0.000,0.000,115.000,0,0,0
B3_zmq_pushpull,zmq_tcp,none,none,,1,15893,512,584,1785153452353544000,1785153452353545000,1785153452353545000,1785153452353546000,1785153452353619000,1785153452353622000,1785153452353622000,1785153452353622000,121932490,121652369,-207.121,1.000,0.000,1.000,3.000,0.000,0.000,33.000,0,0,0
B3_zmq_pushpull,zmq_tcp,none,none,,1,15894,512,584,1785153452354560000,1785153452354561000,1785153452354561000,1785153452354562000,1785153452354607000,1785153452354610000,1785153452354610000,1785153452354610000,121932490,121652369,-235.121,1.000,0.000,1.000,3.000,0.000,0.000,28.000,0,0,0
B3_zmq_pushpull,zmq_tcp,none,none,,1,15895,512,584,1785153452355555000,1785153452355555000,1785153452355555000,1785153452355556000,1785153452355614000,1785153452355617000,1785153452355617000,1785153452355617000,121932490,121652369,-222.121,0.000,0.000,1.000,3.000,0.000,0.000,13.000,0,0,0
B3_zmq_pushpull,zmq_tcp,none,none,,1,15896,512,584,1785153452356558000,1785153452356558000,1785153452356558000,1785153452356559000,1785153452356612000,1785153452356615000,1785153452356615000,1785153452356615000,121932490,121652369,-227.121,0.000,0.000,1.000,3.000,0.000,0.000,5.000,0,0,0
B3_zmq_pushpull,zmq_tcp,none,none,,1,15897,512,584,1785153452357558000,1785153452357559000,1785153452357559000,1785153452357560000,1785153452357734000,1785153452357736000,1785153452357736000,1785153452357736000,121932490,121652369,-106.121,1.000,0.000,1.000,2.000,0.000,0.000,121.000,0,0,0
B3_zmq_pushpull,zmq_tcp,none,none,,1,15898,512,584,1785153452358557000,1785153452358557000,1785153452358557000,1785153452358558000,1785153452358718000,1785153452358720000,1785153452358720000,1785153452358720000,121932490,121652369,-120.121,0.000,0.000,1.000,2.000,0.000,0.000,14.000,0,0,0
B3_zmq_pushpull,zmq_tcp,none,none,,1,15899,512,584,1785153452359554000,1785153452359554000,1785153452359555000,1785153452359555000,1785153452359709000,1785153452359712000,1785153452359712000,1785153452359712000,121932490,121652369,-126.121,0.000,1.000,0.000,3.000,0.000,0.000,6.000,0,0,0
B3_zmq_pushpull,zmq_tcp,none,none,,1,15900,512,584,1785153452360558000,1785153452360558000,1785153452360558000,1785153452360559000,1785153452360666000,1785153452360668000,1785153452360668000,1785153452360668000,121932490,121652369,-173.121,0.000,0.000,1.000,2.000,0.000,0.000,47.000,0,0,0
B3_zmq_pushpull,zmq_tcp,none,none,,1,15901,512,584,1785153452361557000,1785153452361557000,1785153452361557000,1785153452361558000,1785153452361631000,1785153452361633000,1785153452361634000,1785153452361634000,121932490,121652369,-207.121,0.000,0.000,1.000,2.000,1.000,0.000,34.000,0,0,0
B3_zmq_pushpull,zmq_tcp,none,none,,1,15902,512,584,1785153452362558000,1785153452362559000,1785153452362559000,1785153452362560000,1785153452362614000,1785153452362619000,1785153452362619000,1785153452362619000,121932490,121652369,-226.121,1.000,0.000,1.000,5.000,0.000,0.000,19.000,0,0,0
B3_zmq_pushpull,zmq_tcp,none,none,,1,15903,512,584,1785153452363454000,1785153452363454000,1785153452363454000,1785153452363455000,1785153452363611000,1785153452363614000,1785153452363614000,1785153452363614000,121932490,121652369,-124.121,0.000,0.000,1.000,3.000,0.000,0.000,102.000,0,0,0
B3_zmq_pushpull,zmq_tcp,none,none,,1,15904,512,584,1785153452364586000,1785153452364586000,1785153452364586000,1785153452364587000,1785153452364748000,1785153452364751000,1785153452364751000,1785153452364751000,121932490,121652369,-119.121,0.000,0.000,1.000,3.000,0.000,0.000,5.000,0,0,0
B3_zmq_pushpull,zmq_tcp,none,none,,1,15905,512,584,1785153452365437000,1785153452365437000,1785153452365437000,1785153452365438000,1785153452365595000,1785153452365598000,1785153452365598000,1785153452365598000,121932490,121652369,-123.121,0.000,0.000,1.000,3.000,0.000,0.000,4.000,0,0,0
B3_zmq_pushpull,zmq_tcp,none,none,,1,15906,512,584,1785153452366406000,1785153452366407000,1785153452366407000,1785153452366408000,1785153452366562000,1785153452366565000,1785153452366565000,1785153452366565000,121932490,121652369,-126.121,1.000,0.000,1.000,3.000,0.000,0.000,3.000,0,0,0
B3_zmq_pushpull,zmq_tcp,none,none,,1,15907,512,584,1785153452367384000,1785153452367384000,1785153452367384000,1785153452367385000,1785153452367536000,1785153452367539000,1785153452367539000,1785153452367539000,121932490,121652369,-129.121,0.000,0.000,1.000,3.000,0.000,0.000,3.000,0,0,0
B3_zmq_pushpull,zmq_tcp,none,none,,1,15908,512,584,1785153452368370000,1785153452368370000,1785153452368370000,1785153452368371000,1785153452368523000,1785153452368526000,1785153452368526000,1785153452368526000,121932490,121652369,-128.121,0.000,0.000,1.000,3.000,0.000,0.000,1.000,0,0,0
B3_zmq_pushpull,zmq_tcp,none,none,,1,15909,512,584,1785153452369608000,1785153452369608000,1785153452369608000,1785153452369609000,1785153452369779000,1785153452369782000,1785153452369782000,1785153452369782000,121932490,121652369,-110.121,0.000,0.000,1.000,3.000,0.000,0.000,18.000,0,0,0
B3_zmq_pushpull,zmq_tcp,none,none,,1,15910,512,584,1785153452370542000,1785153452370543000,1785153452370543000,1785153452370544000,1785153452370634000,1785153452370636000,1785153452370636000,1785153452370636000,121932490,121652369,-190.121,1.000,0.000,1.000,2.000,0.000,0.000,80.000,0,0,0
B3_zmq_pushpull,zmq_tcp,none,none,,1,15911,512,584,1785153452371561000,1785153452371561000,1785153452371561000,1785153452371562000,1785153452371625000,1785153452371628000,1785153452371628000,1785153452371628000,121932490,121652369,-217.121,0.000,0.000,1.000,3.000,0.000,0.000,27.000,0,0,0
B3_zmq_pushpull,zmq_tcp,none,none,,1,15912,512,584,1785153452372559000,1785153452372559000,1785153452372559000,1785153452372560000,1785153452372746000,1785153452372748000,1785153452372748000,1785153452372748000,121932490,121652369,-94.121,0.000,0.000,1.000,2.000,0.000,0.000,123.000,0,0,0
B3_zmq_pushpull,zmq_tcp,none,none,,1,15913,512,584,1785153452373557000,1785153452373557000,1785153452373558000,1785153452373558000,1785153452373736000,1785153452373739000,1785153452373739000,1785153452373739000,121932490,121652369,-102.121,0.000,1.000,0.000,3.000,0.000,0.000,8.000,0,0,0
B3_zmq_pushpull,zmq_tcp,none,none,,1,15914,512,584,1785153452374433000,1785153452374433000,1785153452374433000,1785153452374434000,1785153452374584000,1785153452374587000,1785153452374587000,1785153452374587000,121932490,121652369,-130.121,0.000,0.000,1.000,3.000,0.000,0.000,28.000,0,0,0
B3_zmq_pushpull,zmq_tcp,none,none,,1,15915,512,584,1785153452375420000,1785153452375420000,1785153452375420000,1785153452375421000,1785153452375572000,1785153452375575000,1785153452375575000,1785153452375575000,121932490,121652369,-129.121,0.000,0.000,1.000,3.000,0.000,0.000,1.000,0,0,0
B3_zmq_pushpull,zmq_tcp,none,none,,1,15916,512,584,1785153452376400000,1785153452376400000,1785153452376400000,1785153452376401000,1785153452376560000,1785153452376563000,1785153452376563000,1785153452376563000,121932490,121652369,-121.121,0.000,0.000,1.000,3.000,0.000,0.000,8.000,0,0,0
B3_zmq_pushpull,zmq_tcp,none,none,,1,15917,512,584,1785153452377597000,1785153452377597000,1785153452377597000,1785153452377598000,1785153452377800000,1785153452377803000,1785153452377803000,1785153452377803000,121932490,121652369,-78.121,0.000,0.000,1.000,3.000,0.000,0.000,43.000,0,0,0
B3_zmq_pushpull,zmq_tcp,none,none,,1,15918,512,584,1785153452378545000,1785153452378545000,1785153452378546000,1785153452378546000,1785153452378651000,1785153452378654000,1785153452378654000,1785153452378654000,121932490,121652369,-175.121,0.000,1.000,0.000,3.000,0.000,0.000,97.000,0,0,0
B3_zmq_pushpull,zmq_tcp,none,none,,1,15919,512,584,1785153452379559000,1785153452379559000,1785153452379559000,1785153452379560000,1785153452379747000,1785153452379750000,1785153452379750000,1785153452379750000,121932490,121652369,-93.121,0.000,0.000,1.000,3.000,0.000,0.000,82.000,0,0,0
B3_zmq_pushpull,zmq_tcp,none,none,,1,15920,512,584,1785153452380555000,1785153452380556000,1785153452380556000,1785153452380556000,1785153452380722000,1785153452380725000,1785153452380725000,1785153452380725000,121932490,121652369,-114.121,1.000,0.000,0.000,3.000,0.000,0.000,21.000,0,0,0
B3_zmq_pushpull,zmq_tcp,none,none,,1,15921,512,584,1785153452381557000,1785153452381557000,1785153452381557000,1785153452381558000,1785153452381691000,1785153452381694000,1785153452381694000,1785153452381694000,121932490,121652369,-147.121,0.000,0.000,1.000,3.000,0.000,0.000,33.000,0,0,0
B3_zmq_pushpull,zmq_tcp,none,none,,1,15922,512,584,1785153452382392000,1785153452382392000,1785153452382392000,1785153452382393000,1785153452382554000,1785153452382556000,1785153452382556000,1785153452382556000,121932490,121652369,-119.121,0.000,0.000,1.000,2.000,0.000,0.000,28.000,0,0,0
B3_zmq_pushpull,zmq_tcp,none,none,,1,15923,512,584,1785153452383598000,1785153452383598000,1785153452383598000,1785153452383599000,1785153452383690000,1785153452383692000,1785153452383692000,1785153452383692000,121932490,121652369,-189.121,0.000,0.000,1.000,2.000,0.000,0.000,70.000,0,0,0
B3_zmq_pushpull,zmq_tcp,none,none,,1,15924,512,584,1785153452384548000,1785153452384548000,1785153452384548000,1785153452384549000,1785153452384686000,1785153452384689000,1785153452384689000,1785153452384689000,121932490,121652369,-143.121,0.000,0.000,1.000,3.000,0.000,0.000,46.000,0,0,0
B3_zmq_pushpull,zmq_tcp,none,none,,1,15925,512,584,1785153452385559000,1785153452385559000,1785153452385559000,1785153452385560000,1785153452385680000,1785153452385683000,1785153452385683000,1785153452385683000,121932490,121652369,-160.121,0.000,0.000,1.000,3.000,0.000,0.000,17.000,0,0,0
B3_zmq_pushpull,zmq_tcp,none,none,,1,15926,512,584,1785153452386555000,1785153452386555000,1785153452386555000,1785153452386556000,1785153452386688000,1785153452386692000,1785153452386692000,1785153452386692000,121932490,121652369,-148.121,0.000,0.000,1.000,4.000,0.000,0.000,12.000,0,0,0
B3_zmq_pushpull,zmq_tcp,none,none,,1,15927,512,584,1785153452387389000,1785153452387389000,1785153452387389000,1785153452387390000,1785153452387530000,1785153452387533000,1785153452387533000,1785153452387533000,121932490,121652369,-140.121,0.000,0.000,1.000,3.000,0.000,0.000,8.000,0,0,0
B3_zmq_pushpull,zmq_tcp,none,none,,1,15928,512,584,1785153452388370000,1785153452388371000,1785153452388371000,1785153452388372000,1785153452388523000,1785153452388526000,1785153452388526000,1785153452388526000,121932490,121652369,-129.121,1.000,0.000,1.000,3.000,0.000,0.000,11.000,0,0,0
B3_zmq_pushpull,zmq_tcp,none,none,,1,15929,512,584,1785153452389604000,1785153452389604000,1785153452389604000,1785153452389605000,1785153452389774000,1785153452389777000,1785153452389777000,1785153452389777000,121932490,121652369,-111.121,0.000,0.000,1.000,3.000,0.000,0.000,18.000,0,0,0
B3_zmq_pushpull,zmq_tcp,none,none,,1,15930,512,584,1785153452390542000,1785153452390542000,1785153452390542000,1785153452390543000,1785153452390627000,1785153452390630000,1785153452390630000,1785153452390630000,121932490,121652369,-196.121,0.000,0.000,1.000,3.000,0.000,0.000,85.000,0,0,0
B3_zmq_pushpull,zmq_tcp,none,none,,1,15931,512,584,1785153452391561000,1785153452391561000,1785153452391561000,1785153452391562000,1785153452391623000,1785153452391626000,1785153452391626000,1785153452391626000,121932490,121652369,-219.121,0.000,0.000,1.000,3.000,0.000,0.000,23.000,0,0,0
B3_zmq_pushpull,zmq_tcp,none,none,,1,15932,512,584,1785153452392559000,1785153452392559000,1785153452392559000,1785153452392560000,1785153452392732000,1785153452392735000,1785153452392735000,1785153452392735000,121932490,121652369,-108.121,0.000,0.000,1.000,3.000,0.000,0.000,111.000,0,0,0
B3_zmq_pushpull,zmq_tcp,none,none,,1,15933,512,584,1785153452393561000,1785153452393561000,1785153452393562000,1785153452393562000,1785153452393710000,1785153452393713000,1785153452393713000,1785153452393713000,121932490,121652369,-132.121,0.000,1.000,0.000,3.000,0.000,0.000,24.000,0,0,0
B3_zmq_pushpull,zmq_tcp,none,none,,1,15934,512,584,1785153452394553000,1785153452394553000,1785153452394553000,1785153452394554000,1785153452394680000,1785153452394683000,1785153452394683000,1785153452394683000,121932490,121652369,-154.121,0.000,0.000,1.000,3.000,0.000,0.000,22.000,0,0,0
B3_zmq_pushpull,zmq_tcp,none,none,,1,15935,512,584,1785153452395558000,1785153452395558000,1785153452395558000,1785153452395559000,1785153452395636000,1785153452395639000,1785153452395639000,1785153452395639000,121932490,121652369,-203.121,0.000,0.000,1.000,3.000,0.000,0.000,49.000,0,0,0
B3_zmq_pushpull,zmq_tcp,none,none,,1,15936,512,584,1785153452396558000,1785153452396558000,1785153452396558000,1785153452396559000,1785153452396634000,1785153452396636000,1785153452396636000,1785153452396636000,121932490,121652369,-205.121,0.000,0.000,1.000,2.000,0.000,0.000,2.000,0,0,0
B3_zmq_pushpull,zmq_tcp,none,none,,1,15937,512,584,1785153452397557000,1785153452397557000,1785153452397557000,1785153452397558000,1785153452397760000,1785153452397763000,1785153452397763000,1785153452397763000,121932490,121652369,-78.121,0.000,0.000,1.000,3.000,0.000,0.000,127.000,0,0,0
B3_zmq_pushpull,zmq_tcp,none,none,,1,15938,512,584,1785153452398553000,1785153452398553000,1785153452398553000,1785153452398554000,1785153452398622000,1785153452398625000,1785153452398625000,1785153452398625000,121932490,121652369,-212.121,0.000,0.000,1.000,3.000,0.000,0.000,134.000,0,0,0
B3_zmq_pushpull,zmq_tcp,none,none,,1,15939,512,584,1785153452399464000,1785153452399465000,1785153452399465000,1785153452399466000,1785153452399626000,1785153452399628000,1785153452399628000,1785153452399628000,121932490,121652369,-120.121,1.000,0.000,1.000,2.000,0.000,0.000,92.000,0,0,0
B3_zmq_pushpull,zmq_tcp,none,none,,1,15940,512,584,1785153452400454000,1785153452400455000,1785153452400455000,1785153452400456000,1785153452400611000,1785153452400614000,1785153452400614000,1785153452400614000,121932490,121652369,-125.121,1.000,0.000,1.000,3.000,0.000,0.000,5.000,0,0,0
B3_zmq_pushpull,zmq_tcp,none,none,,1,15941,512,584,1785153452401445000,1785153452401445000,1785153452401445000,1785153452401446000,1785153452401598000,1785153452401600000,1785153452401600000,1785153452401600000,121932490,121652369,-128.121,0.000,0.000,1.000,2.000,0.000,0.000,3.000,0,0,0
B3_zmq_pushpull,zmq_tcp,none,none,,1,15942,512,584,1785153452402405000,1785153452402405000,1785153452402405000,1785153452402406000,1785153452402556000,1785153452402559000,1785153452402560000,1785153452402560000,121932490,121652369,-130.121,0.000,0.000,1.000,3.000,1.000,0.000,2.000,0,0,0
B3_zmq_pushpull,zmq_tcp,none,none,,1,15943,512,584,1785153452403595000,1785153452403596000,1785153452403596000,1785153452403597000,1785153452403670000,1785153452403673000,1785153452403673000,1785153452403673000,121932490,121652369,-207.121,1.000,0.000,1.000,3.000,0.000,0.000,77.000,0,0,0
B3_zmq_pushpull,zmq_tcp,none,none,,1,15944,512,584,1785153452404369000,1785153452404369000,1785153452404369000,1785153452404370000,1785153452404526000,1785153452404529000,1785153452404529000,1785153452404529000,121932490,121652369,-124.121,0.000,0.000,1.000,3.000,0.000,0.000,83.000,0,0,0
B3_zmq_pushpull,zmq_tcp,none,none,,1,15945,512,584,1785153452405604000,1785153452405604000,1785153452405604000,1785153452405605000,1785153452405767000,1785153452405770000,1785153452405770000,1785153452405770000,121932490,121652369,-118.121,0.000,0.000,1.000,3.000,0.000,0.000,6.000,0,0,0
B3_zmq_pushpull,zmq_tcp,none,none,,1,15946,512,584,1785153452406545000,1785153452406545000,1785153452406545000,1785153452406546000,1785153452406615000,1785153452406618000,1785153452406618000,1785153452406618000,121932490,121652369,-211.121,0.000,0.000,1.000,3.000,0.000,0.000,93.000,0,0,0
B3_zmq_pushpull,zmq_tcp,none,none,,1,15947,512,584,1785153452407561000,1785153452407561000,1785153452407561000,1785153452407562000,1785153452407735000,1785153452407738000,1785153452407738000,1785153452407738000,121932490,121652369,-107.121,0.000,0.000,1.000,3.000,0.000,0.000,104.000,0,0,0
B3_zmq_pushpull,zmq_tcp,none,none,,1,15948,512,584,1785153452408446000,1785153452408446000,1785153452408446000,1785153452408448000,1785153452408583000,1785153452408586000,1785153452408587000,1785153452408587000,121932490,121652369,-145.121,0.000,0.000,2.000,3.000,1.000,0.000,38.000,0,0,0
B3_zmq_pushpull,zmq_tcp,none,none,,1,15949,512,584,1785153452409585000,1785153452409585000,1785153452409585000,1785153452409586000,1785153452409710000,1785153452409712000,1785153452409713000,1785153452409713000,121932490,121652369,-156.121,0.000,0.000,1.000,2.000,1.000,0.000,11.000,0,0,0
B3_zmq_pushpull,zmq_tcp,none,none,,1,15950,512,584,1785153452410551000,1785153452410551000,1785153452410551000,1785153452410552000,1785153452410706000,1785153452410709000,1785153452410709000,1785153452410709000,121932490,121652369,-126.121,0.000,0.000,1.000,3.000,0.000,0.000,30.000,0,0,0
B3_zmq_pushpull,zmq_tcp,none,none,,1,15951,512,584,1785153452411560000,1785153452411560000,1785153452411560000,1785153452411561000,1785153452411711000,1785153452411714000,1785153452411714000,1785153452411714000,121932490,121652369,-130.121,0.000,0.000,1.000,3.000,0.000,0.000,4.000,0,0,0
B3_zmq_pushpull,zmq_tcp,none,none,,1,15952,512,584,1785153452412398000,1785153452412398000,1785153452412398000,1785153452412399000,1785153452412555000,1785153452412558000,1785153452412558000,1785153452412558000,121932490,121652369,-124.121,0.000,0.000,1.000,3.000,0.000,0.000,6.000,0,0,0
B3_zmq_pushpull,zmq_tcp,none,none,,1,15953,512,584,1785153452413394000,1785153452413395000,1785153452413395000,1785153452413396000,1785153452413555000,1785153452413558000,1785153452413558000,1785153452413558000,121932490,121652369,-121.121,1.000,0.000,1.000,3.000,0.000,0.000,3.000,0,0,0
B3_zmq_pushpull,zmq_tcp,none,none,,1,15954,512,584,1785153452414601000,1785153452414601000,1785153452414601000,1785153452414602000,1785153452414665000,1785153452414668000,1785153452414668000,1785153452414668000,121932490,121652369,-217.121,0.000,0.000,1.000,3.000,0.000,0.000,96.000,0,0,0
B3_zmq_pushpull,zmq_tcp,none,none,,1,15955,512,584,1785153452415546000,1785153452415546000,1785153452415546000,1785153452415547000,1785153452415643000,1785153452415646000,1785153452415646000,1785153452415646000,121932490,121652369,-184.121,0.000,0.000,1.000,3.000,0.000,0.000,33.000,0,0,0
B3_zmq_pushpull,zmq_tcp,none,none,,1,15956,512,584,1785153452416560000,1785153452416561000,1785153452416561000,1785153452416561000,1785153452416631000,1785153452416635000,1785153452416635000,1785153452416635000,121932490,121652369,-210.121,1.000,0.000,0.000,4.000,0.000,0.000,26.000,0,0,0
B3_zmq_pushpull,zmq_tcp,none,none,,1,15957,512,584,1785153452417558000,1785153452417558000,1785153452417558000,1785153452417559000,1785153452417610000,1785153452417614000,1785153452417614000,1785153452417614000,121932490,121652369,-229.121,0.000,0.000,1.000,4.000,0.000,0.000,19.000,0,0,0
B3_zmq_pushpull,zmq_tcp,none,none,,1,15958,512,584,1785153452418560000,1785153452418560000,1785153452418560000,1785153452418561000,1785153452418741000,1785153452418749000,1785153452418749000,1785153452418749000,121932490,121652369,-100.121,0.000,0.000,1.000,8.000,0.000,0.000,129.000,0,0,0
B3_zmq_pushpull,zmq_tcp,none,none,,1,15959,512,584,1785153452419559000,1785153452419559000,1785153452419560000,1785153452419560000,1785153452419733000,1785153452419735000,1785153452419735000,1785153452419735000,121932490,121652369,-107.121,0.000,1.000,0.000,2.000,0.000,0.000,7.000,0,0,0
B3_zmq_pushpull,zmq_tcp,none,none,,1,15960,512,584,1785153452420562000,1785153452420562000,1785153452420562000,1785153452420563000,1785153452420721000,1785153452420723000,1785153452420723000,1785153452420723000,121932490,121652369,-122.121,0.000,0.000,1.000,2.000,0.000,0.000,15.000,0,0,0
B3_zmq_pushpull,zmq_tcp,none,none,,1,15961,512,584,1785153452421556000,1785153452421556000,1785153452421556000,1785153452421557000,1785153452421705000,1785153452421710000,1785153452421710000,1785153452421710000,121932490,121652369,-132.121,0.000,0.000,1.000,5.000,0.000,0.000,10.000,0,0,0
B3_zmq_pushpull,zmq_tcp,none,none,,1,15962,512,584,1785153452422557000,1785153452422557000,1785153452422557000,1785153452422558000,1785153452422694000,1785153452422696000,1785153452422697000,1785153452422697000,121932490,121652369,-144.121,0.000,0.000,1.000,2.000,1.000,0.000,12.000,0,0,0
B3_zmq_pushpull,zmq_tcp,none,none,,1,15963,512,584,1785153452423557000,1785153452423557000,1785153452423557000,1785153452423558000,1785153452423662000,1785153452423665000,1785153452423665000,1785153452423665000,121932490,121652369,-176.121,0.000,0.000,1.000,3.000,0.000,0.000,32.000,0,0,0
B3_zmq_pushpull,zmq_tcp,none,none,,1,15964,512,584,1785153452424557000,1785153452424557000,1785153452424557000,1785153452424558000,1785153452424639000,1785153452424642000,1785153452424642000,1785153452424642000,121932490,121652369,-199.121,0.000,0.000,1.000,3.000,0.000,0.000,23.000,0,0,0
B3_zmq_pushpull,zmq_tcp,none,none,,1,15965,512,584,1785153452425554000,1785153452425554000,1785153452425554000,1785153452425555000,1785153452425628000,1785153452425631000,1785153452425631000,1785153452425631000,121932490,121652369,-207.121,0.000,0.000,1.000,3.000,0.000,0.000,8.000,0,0,0
B3_zmq_pushpull,zmq_tcp,none,none,,1,15966,512,584,1785153452426561000,1785153452426561000,1785153452426561000,1785153452426562000,1785153452426749000,1785153452426751000,1785153452426751000,1785153452426751000,121932490,121652369,-93.121,0.000,0.000,1.000,2.000,0.000,0.000,114.000,0,0,0
B3_zmq_pushpull,zmq_tcp,none,none,,1,15967,512,584,1785153452427443000,1785153452427443000,1785153452427443000,1785153452427445000,1785153452427588000,1785153452427591000,1785153452427591000,1785153452427591000,121932490,121652369,-137.121,0.000,0.000,2.000,3.000,0.000,0.000,44.000,0,0,0
B3_zmq_pushpull,zmq_tcp,none,none,,1,15968,512,584,1785153452428586000,1785153452428586000,1785153452428586000,1785153452428587000,1785153452428695000,1785153452428698000,1785153452428698000,1785153452428698000,121932490,121652369,-172.121,0.000,0.000,1.000,3.000,0.000,0.000,35.000,0,0,0
B3_zmq_pushpull,zmq_tcp,none,none,,1,15969,512,584,1785153452429549000,1785153452429549000,1785153452429549000,1785153452429550000,1785153452429661000,1785153452429664000,1785153452429664000,1785153452429664000,121932490,121652369,-169.121,0.000,0.000,1.000,3.000,0.000,0.000,3.000,0,0,0
B3_zmq_pushpull,zmq_tcp,none,none,,1,15970,512,584,1785153452430471000,1785153452430471000,1785153452430471000,1785153452430472000,1785153452430623000,1785153452430626000,1785153452430626000,1785153452430626000,121932490,121652369,-129.121,0.000,0.000,1.000,3.000,0.000,0.000,40.000,0,0,0
B3_zmq_pushpull,zmq_tcp,none,none,,1,15971,512,584,1785153452431458000,1785153452431458000,1785153452431458000,1785153452431459000,1785153452431610000,1785153452431613000,1785153452431613000,1785153452431613000,121932490,121652369,-129.121,0.000,0.000,1.000,3.000,0.000,0.000,0.000,0,0,0
B3_zmq_pushpull,zmq_tcp,none,none,,1,15972,512,584,1785153452432442000,1785153452432443000,1785153452432443000,1785153452432444000,1785153452432598000,1785153452432601000,1785153452432601000,1785153452432601000,121932490,121652369,-126.121,1.000,0.000,1.000,3.000,0.000,0.000,3.000,0,0,0
B3_zmq_pushpull,zmq_tcp,none,none,,1,15973,512,584,1785153452433424000,1785153452433424000,1785153452433424000,1785153452433425000,1785153452433585000,1785153452433587000,1785153452433587000,1785153452433587000,121932490,121652369,-120.121,0.000,0.000,1.000,2.000,0.000,0.000,6.000,0,0,0
B3_zmq_pushpull,zmq_tcp,none,none,,1,15974,512,584,1785153452434593000,1785153452434593000,1785153452434593000,1785153452434594000,1785153452434707000,1785153452434710000,1785153452434710000,1785153452434710000,121932490,121652369,-167.121,0.000,0.000,1.000,3.000,0.000,0.000,47.000,0,0,0
B3_zmq_pushpull,zmq_tcp,none,none,,1,15975,512,584,1785153452435550000,1785153452435550000,1785153452435550000,1785153452435551000,1785153452435709000,1785153452435711000,1785153452435711000,1785153452435711000,121932490,121652369,-122.121,0.000,0.000,1.000,2.000,0.000,0.000,45.000,0,0,0
B3_zmq_pushpull,zmq_tcp,none,none,,1,15976,512,584,1785153452436556000,1785153452436556000,1785153452436556000,1785153452436557000,1785153452436681000,1785153452436683000,1785153452436683000,1785153452436684000,121932490,121652369,-156.121,0.000,0.000,1.000,2.000,0.000,1.000,34.000,0,0,0
B3_zmq_pushpull,zmq_tcp,none,none,,1,15977,512,584,1785153452437559000,1785153452437559000,1785153452437559000,1785153452437560000,1785153452437657000,1785153452437660000,1785153452437660000,1785153452437660000,121932490,121652369,-183.121,0.000,0.000,1.000,3.000,0.000,0.000,27.000,0,0,0
B3_zmq_pushpull,zmq_tcp,none,none,,1,15978,512,584,1785153452438558000,1785153452438558000,1785153452438558000,1785153452438559000,1785153452438645000,1785153452438649000,1785153452438649000,1785153452438649000,121932490,121652369,-194.121,0.000,0.000,1.000,4.000,0.000,0.000,11.000,0,0,0
B3_zmq_pushpull,zmq_tcp,none,none,,1,15979,512,584,1785153452439560000,1785153452439560000,1785153452439560000,1785153452439561000,1785153452439634000,1785153452439637000,1785153452439637000,1785153452439637000,121932490,121652369,-207.121,0.000,0.000,1.000,3.000,0.000,0.000,13.000,0,0,0
B3_zmq_pushpull,zmq_tcp,none,none,,1,15980,512,584,1785153452440440000,1785153452440440000,1785153452440440000,1785153452440441000,1785153452440597000,1785153452440600000,1785153452440600000,1785153452440600000,121932490,121652369,-124.121,0.000,0.000,1.000,3.000,0.000,0.000,83.000,0,0,0
B3_zmq_pushpull,zmq_tcp,none,none,,1,15981,512,584,1785153452441587000,1785153452441587000,1785153452441587000,1785153452441588000,1785153452441722000,1785153452441725000,1785153452441725000,1785153452441725000,121932490,121652369,-146.121,0.000,0.000,1.000,3.000,0.000,0.000,22.000,0,0,0
B3_zmq_pushpull,zmq_tcp,none,none,,1,15982,512,584,1785153452442553000,1785153452442553000,1785153452442553000,1785153452442554000,1785153452442713000,1785153452442715000,1785153452442715000,1785153452442715000,121932490,121652369,-121.121,0.000,0.000,1.000,2.000,0.000,0.000,25.000,0,0,0
B3_zmq_pushpull,zmq_tcp,none,none,,1,15983,512,584,1785153452443559000,1785153452443559000,1785153452443559000,1785153452443560000,1785153452443705000,1785153452443707000,1785153452443707000,1785153452443707000,121932490,121652369,-135.121,0.000,0.000,1.000,2.000,0.000,0.000,14.000,0,0,0
B3_zmq_pushpull,zmq_tcp,none,none,,1,15984,512,584,1785153452444400000,1785153452444401000,1785153452444401000,1785153452444402000,1785153452444543000,1785153452444546000,1785153452444546000,1785153452444546000,121932490,121652369,-139.121,1.000,0.000,1.000,3.000,0.000,0.000,4.000,0,0,0
B3_zmq_pushpull,zmq_tcp,none,none,,1,15985,512,584,1785153452445596000,1785153452445597000,1785153452445597000,1785153452445598000,1785153452445654000,1785153452445658000,1785153452445658000,1785153452445658000,121932490,121652369,-224.121,1.000,0.000,1.000,4.000,0.000,0.000,85.000,0,0,0
B3_zmq_pushpull,zmq_tcp,none,none,,1,15986,512,584,1785153452446481000,1785153452446481000,1785153452446482000,1785153452446482000,1785153452446629000,1785153452446631000,1785153452446632000,1785153452446632000,121932490,121652369,-133.121,0.000,1.000,0.000,2.000,1.000,0.000,91.000,0,0,0
B3_zmq_pushpull,zmq_tcp,none,none,,1,15987,512,584,1785153452447576000,1785153452447576000,1785153452447576000,1785153452447577000,1785153452447762000,1785153452447765000,1785153452447765000,1785153452447765000,121932490,121652369,-95.121,0.000,0.000,1.000,3.000,0.000,0.000,38.000,0,0,0
B3_zmq_pushpull,zmq_tcp,none,none,,1,15988,512,584,1785153452448553000,1785153452448553000,1785153452448553000,1785153452448554000,1785153452448613000,1785153452448617000,1785153452448617000,1785153452448617000,121932490,121652369,-221.121,0.000,0.000,1.000,4.000,0.000,0.000,126.000,0,0,0
B3_zmq_pushpull,zmq_tcp,none,none,,1,15989,512,584,1785153452449560000,1785153452449560000,1785153452449560000,1785153452449561000,1785153452449727000,1785153452449730000,1785153452449731000,1785153452449731000,121932490,121652369,-114.121,0.000,0.000,1.000,3.000,1.000,0.000,107.000,0,0,0
B3_zmq_pushpull,zmq_tcp,none,none,,1,15990,512,584,1785153452450553000,1785153452450553000,1785153452450553000,1785153452450554000,1785153452450705000,1785153452450707000,1785153452450707000,1785153452450707000,121932490,121652369,-129.121,0.000,0.000,1.000,2.000,0.000,0.000,15.000,0,0,0
B3_zmq_pushpull,zmq_tcp,none,none,,1,15991,512,584,1785153452451558000,1785153452451558000,1785153452451558000,1785153452451559000,1785153452451681000,1785153452451683000,1785153452451683000,1785153452451683000,121932490,121652369,-158.121,0.000,0.000,1.000,2.000,0.000,0.000,29.000,0,0,0
B3_zmq_pushpull,zmq_tcp,none,none,,1,15992,512,584,1785153452452558000,1785153452452558000,1785153452452558000,1785153452452559000,1785153452452661000,1785153452452663000,1785153452452663000,1785153452452663000,121932490,121652369,-178.121,0.000,0.000,1.000,2.000,0.000,0.000,20.000,0,0,0
B3_zmq_pushpull,zmq_tcp,none,none,,1,15993,512,584,1785153452453560000,1785153452453560000,1785153452453560000,1785153452453561000,1785153452453649000,1785153452453652000,1785153452453652000,1785153452453652000,121932490,121652369,-192.121,0.000,0.000,1.000,3.000,0.000,0.000,14.000,0,0,0
B3_zmq_pushpull,zmq_tcp,none,none,,1,15994,512,584,1785153452454557000,1785153452454557000,1785153452454557000,1785153452454559000,1785153452454648000,1785153452454651000,1785153452454651000,1785153452454651000,121932490,121652369,-191.121,0.000,0.000,2.000,3.000,0.000,0.000,1.000,0,0,0
B3_zmq_pushpull,zmq_tcp,none,none,,1,15995,512,584,1785153452455557000,1785153452455557000,1785153452455557000,1785153452455558000,1785153452455617000,1785153452455621000,1785153452455622000,1785153452455622000,121932490,121652369,-221.121,0.000,0.000,1.000,4.000,1.000,0.000,30.000,0,0,0
B3_zmq_pushpull,zmq_tcp,none,none,,1,15996,512,584,1785153452456557000,1785153452456557000,1785153452456557000,1785153452456558000,1785153452456625000,1785153452456628000,1785153452456628000,1785153452456628000,121932490,121652369,-213.121,0.000,0.000,1.000,3.000,0.000,0.000,8.000,0,0,0
B3_zmq_pushpull,zmq_tcp,none,none,,1,15997,512,584,1785153452457558000,1785153452457558000,1785153452457558000,1785153452457559000,1785153452457629000,1785153452457632000,1785153452457632000,1785153452457632000,121932490,121652369,-210.121,0.000,0.000,1.000,3.000,0.000,0.000,3.000,0,0,0
B3_zmq_pushpull,zmq_tcp,none,none,,1,15998,512,584,1785153452458556000,1785153452458556000,1785153452458556000,1785153452458557000,1785153452458618000,1785153452458620000,1785153452458620000,1785153452458620000,121932490,121652369,-219.121,0.000,0.000,1.000,2.000,0.000,0.000,9.000,0,0,0
B3_zmq_pushpull,zmq_tcp,none,none,,1,15999,512,584,1785153452459564000,1785153452459564000,1785153452459564000,1785153452459565000,1785153452459602000,1785153452459609000,1785153452459609000,1785153452459609000,121932490,121652369,-243.121,0.000,0.000,1.000,7.000,0.000,0.000,24.000,0,0,0
B3_zmq_pushpull,zmq_tcp,none,none,,1,16000,512,584,1785153452460558000,1785153452460558000,1785153452460558000,1785153452460559000,1785153452460740000,1785153452460743000,1785153452460743000,1785153452460743000,121932490,121652369,-99.121,0.000,0.000,1.000,3.000,0.000,0.000,144.000,0,0,0
B3_zmq_pushpull,zmq_tcp,none,none,,1,16001,512,584,1785153452461558000,1785153452461559000,1785153452461559000,1785153452461560000,1785153452461748000,1785153452461751000,1785153452461751000,1785153452461751000,121932490,121652369,-92.121,1.000,0.000,1.000,3.000,0.000,0.000,7.000,0,0,0
B3_zmq_pushpull,zmq_tcp,none,none,,1,16002,512,584,1785153452462555000,1785153452462556000,1785153452462556000,1785153452462557000,1785153452462612000,1785153452462615000,1785153452462615000,1785153452462615000,121932490,121652369,-225.121,1.000,0.000,1.000,3.000,0.000,0.000,133.000,0,0,0
B3_zmq_pushpull,zmq_tcp,none,none,,1,16003,512,584,1785153452463560000,1785153452463560000,1785153452463560000,1785153452463561000,1785153452463636000,1785153452463639000,1785153452463639000,1785153452463639000,121932490,121652369,-205.121,0.000,0.000,1.000,3.000,0.000,0.000,20.000,0,0,0
B3_zmq_pushpull,zmq_tcp,none,none,,1,16004,512,584,1785153452464559000,1785153452464559000,1785153452464559000,1785153452464560000,1785153452464615000,1785153452464619000,1785153452464619000,1785153452464619000,121932490,121652369,-225.121,0.000,0.000,1.000,4.000,0.000,0.000,20.000,0,0,0
B3_zmq_pushpull,zmq_tcp,none,none,,1,16005,512,584,1785153452465558000,1785153452465558000,1785153452465558000,1785153452465559000,1785153452465607000,1785153452465610000,1785153452465610000,1785153452465610000,121932490,121652369,-232.121,0.000,0.000,1.000,3.000,0.000,0.000,7.000,0,0,0
B3_zmq_pushpull,zmq_tcp,none,none,,1,16006,512,584,1785153452466563000,1785153452466563000,1785153452466563000,1785153452466564000,1785153452466608000,1785153452466612000,1785153452466612000,1785153452466612000,121932490,121652369,-236.121,0.000,0.000,1.000,4.000,0.000,0.000,4.000,0,0,0
B3_zmq_pushpull,zmq_tcp,none,none,,1,16007,512,584,1785153452467466000,1785153452467466000,1785153452467466000,1785153452467467000,1785153452467627000,1785153452467630000,1785153452467630000,1785153452467630000,121932490,121652369,-120.121,0.000,0.000,1.000,3.000,0.000,0.000,116.000,0,0,0
B3_zmq_pushpull,zmq_tcp,none,none,,1,16008,512,584,1785153452468581000,1785153452468581000,1785153452468581000,1785153452468582000,1785153452468784000,1785153452468787000,1785153452468787000,1785153452468787000,121932490,121652369,-78.121,0.000,0.000,1.000,3.000,0.000,0.000,42.000,0,0,0
B3_zmq_pushpull,zmq_tcp,none,none,,1,16009,512,584,1785153452469361000,1785153452469361000,1785153452469362000,1785153452469362000,1785153452469522000,1785153452469528000,1785153452469529000,1785153452469529000,121932490,121652369,-120.121,0.000,1.000,0.000,6.000,1.000,0.000,42.000,0,0,0
B3_zmq_pushpull,zmq_tcp,none,none,,1,16010,512,584,1785153452470378000,1785153452470378000,1785153452470378000,1785153452470379000,1785153452470526000,1785153452470528000,1785153452470528000,1785153452470528000,121932490,121652369,-133.121,0.000,0.000,1.000,2.000,0.000,0.000,13.000,0,0,0
B3_zmq_pushpull,zmq_tcp,none,none,,1,16011,512,584,1785153452471604000,1785153452471604000,1785153452471605000,1785153452471605000,1785153452471662000,1785153452471665000,1785153452471665000,1785153452471665000,121932490,121652369,-223.121,0.000,1.000,0.000,3.000,0.000,0.000,90.000,0,0,0
B3_zmq_pushpull,zmq_tcp,none,none,,1,16012,512,584,1785153452472546000,1785153452472546000,1785153452472546000,1785153452472547000,1785153452472668000,1785153452472671000,1785153452472671000,1785153452472671000,121932490,121652369,-159.121,0.000,0.000,1.000,3.000,0.000,0.000,64.000,0,0,0
B3_zmq_pushpull,zmq_tcp,none,none,,1,16013,512,584,1785153452473561000,1785153452473561000,1785153452473561000,1785153452473562000,1785153452473659000,1785153452473662000,1785153452473662000,1785153452473662000,121932490,121652369,-183.121,0.000,0.000,1.000,3.000,0.000,0.000,24.000,0,0,0
B3_zmq_pushpull,zmq_tcp,none,none,,1,16014,512,584,1785153452474558000,1785153452474558000,1785153452474558000,1785153452474559000,1785153452474670000,1785153452474672000,1785153452474672000,1785153452474672000,121932490,121652369,-169.121,0.000,0.000,1.000,2.000,0.000,0.000,14.000,0,0,0
B3_zmq_pushpull,zmq_tcp,none,none,,1,16015,512,584,1785153452475561000,1785153452475561000,1785153452475561000,1785153452475562000,1785153452475674000,1785153452475676000,1785153452475676000,1785153452475676000,121932490,121652369,-168.121,0.000,0.000,1.000,2.000,0.000,0.000,1.000,0,0,0
B3_zmq_pushpull,zmq_tcp,none,none,,1,16016,512,584,1785153452476557000,1785153452476557000,1785153452476557000,1785153452476558000,1785153452476675000,1785153452476678000,1785153452476678000,1785153452476678000,121932490,121652369,-163.121,0.000,0.000,1.000,3.000,0.000,0.000,5.000,0,0,0
B3_zmq_pushpull,zmq_tcp,none,none,,1,16017,512,584,1785153452477562000,1785153452477562000,1785153452477562000,1785153452477563000,1785153452477679000,1785153452477682000,1785153452477682000,1785153452477682000,121932490,121652369,-164.121,0.000,0.000,1.000,3.000,0.000,0.000,1.000,0,0,0
B3_zmq_pushpull,zmq_tcp,none,none,,1,16018,512,584,1785153452478557000,1785153452478557000,1785153452478557000,1785153452478558000,1785153452478666000,1785153452478669000,1785153452478669000,1785153452478669000,121932490,121652369,-172.121,0.000,0.000,1.000,3.000,0.000,0.000,8.000,0,0,0
B3_zmq_pushpull,zmq_tcp,none,none,,1,16019,512,584,1785153452479558000,1785153452479558000,1785153452479559000,1785153452479559000,1785153452479643000,1785153452479646000,1785153452479646000,1785153452479646000,121932490,121652369,-196.121,0.000,1.000,0.000,3.000,0.000,0.000,24.000,0,0,0
B3_zmq_pushpull,zmq_tcp,none,none,,1,16020,512,584,1785153452480556000,1785153452480557000,1785153452480557000,1785153452480558000,1785153452480634000,1785153452480636000,1785153452480636000,1785153452480636000,121932490,121652369,-204.121,1.000,0.000,1.000,2.000,0.000,0.000,8.000,0,0,0
B3_zmq_pushpull,zmq_tcp,none,none,,1,16021,512,584,1785153452481560000,1785153452481561000,1785153452481561000,1785153452481562000,1785153452481638000,1785153452481640000,1785153452481640000,1785153452481640000,121932490,121652369,-204.121,1.000,0.000,1.000,2.000,0.000,0.000,0.000,0,0,0
B3_zmq_pushpull,zmq_tcp,none,none,,1,16022,512,584,1785153452482558000,1785153452482558000,1785153452482558000,1785153452482559000,1785153452482651000,1785153452482653000,1785153452482653000,1785153452482653000,121932490,121652369,-188.121,0.000,0.000,1.000,2.000,0.000,0.000,16.000,0,0,0
B3_zmq_pushpull,zmq_tcp,none,none,,1,16023,512,584,1785153452483561000,1785153452483561000,1785153452483561000,1785153452483562000,1785153452483667000,1785153452483670000,1785153452483670000,1785153452483670000,121932490,121652369,-175.121,0.000,0.000,1.000,3.000,0.000,0.000,13.000,0,0,0
B3_zmq_pushpull,zmq_tcp,none,none,,1,16024,512,584,1785153452484554000,1785153452484554000,1785153452484554000,1785153452484555000,1785153452484658000,1785153452484661000,1785153452484661000,1785153452484661000,121932490,121652369,-177.121,0.000,0.000,1.000,3.000,0.000,0.000,2.000,0,0,0
B3_zmq_pushpull,zmq_tcp,none,none,,1,16025,512,584,1785153452485560000,1785153452485560000,1785153452485560000,1785153452485561000,1785153452485658000,1785153452485660000,1785153452485661000,1785153452485661000,121932490,121652369,-183.121,0.000,0.000,1.000,2.000,1.000,0.000,6.000,0,0,0
B3_zmq_pushpull,zmq_tcp,none,none,,1,16026,512,584,1785153452486558000,1785153452486558000,1785153452486558000,1785153452486559000,1785153452486643000,1785153452486646000,1785153452486646000,1785153452486646000,121932490,121652369,-196.121,0.000,0.000,1.000,3.000,0.000,0.000,13.000,0,0,0
B3_zmq_pushpull,zmq_tcp,none,none,,1,16027,512,584,1785153452487558000,1785153452487558000,1785153452487558000,1785153452487559000,1785153452487616000,1785153452487619000,1785153452487620000,1785153452487620000,121932490,121652369,-223.121,0.000,0.000,1.000,3.000,1.000,0.000,27.000,0,0,0
B3_zmq_pushpull,zmq_tcp,none,none,,1,16028,512,584,1785153452488557000,1785153452488557000,1785153452488557000,1785153452488558000,1785153452488626000,1785153452488629000,1785153452488629000,1785153452488629000,121932490,121652369,-212.121,0.000,0.000,1.000,3.000,0.000,0.000,11.000,0,0,0
B3_zmq_pushpull,zmq_tcp,none,none,,1,16029,512,584,1785153452489453000,1785153452489453000,1785153452489453000,1785153452489454000,1785153452489610000,1785153452489613000,1785153452489613000,1785153452489613000,121932490,121652369,-124.121,0.000,0.000,1.000,3.000,0.000,0.000,88.000,0,0,0
B3_zmq_pushpull,zmq_tcp,none,none,,1,16030,512,584,1785153452490584000,1785153452490584000,1785153452490584000,1785153452490585000,1785153452490755000,1785153452490757000,1785153452490757000,1785153452490757000,121932490,121652369,-110.121,0.000,0.000,1.000,2.000,0.000,0.000,14.000,0,0,0
B3_zmq_pushpull,zmq_tcp,none,none,,1,16031,512,584,1785153452491550000,1785153452491550000,1785153452491550000,1785153452491551000,1785153452491621000,1785153452491623000,1785153452491623000,1785153452491623000,121932490,121652369,-210.121,0.000,0.000,1.000,2.000,0.000,0.000,100.000,0,0,0
B3_zmq_pushpull,zmq_tcp,none,none,,1,16032,512,584,1785153452492561000,1785153452492561000,1785153452492561000,1785153452492562000,1785153452492604000,1785153452492608000,1785153452492608000,1785153452492608000,121932490,121652369,-238.121,0.000,0.000,1.000,4.000,0.000,0.000,28.000,0,0,0
B3_zmq_pushpull,zmq_tcp,none,none,,1,16033,512,584,1785153452493447000,1785153452493447000,1785153452493447000,1785153452493448000,1785153452493603000,1785153452493606000,1785153452493606000,1785153452493606000,121932490,121652369,-125.121,0.000,0.000,1.000,3.000,0.000,0.000,113.000,0,0,0
B3_zmq_pushpull,zmq_tcp,none,none,,1,16034,512,584,1785153452494445000,1785153452494445000,1785153452494445000,1785153452494446000,1785153452494602000,1785153452494605000,1785153452494605000,1785153452494605000,121932490,121652369,-124.121,0.000,0.000,1.000,3.000,0.000,0.000,1.000,0,0,0
B3_zmq_pushpull,zmq_tcp,none,none,,1,16035,512,584,1785153452495584000,1785153452495584000,1785153452495584000,1785153452495585000,1785153452495751000,1785153452495754000,1785153452495754000,1785153452495754000,121932490,121652369,-114.121,0.000,0.000,1.000,3.000,0.000,0.000,10.000,0,0,0
B3_zmq_pushpull,zmq_tcp,none,none,,1,16036,512,584,1785153452496552000,1785153452496552000,1785153452496552000,1785153452496553000,1785153452496602000,1785153452496606000,1785153452496606000,1785153452496606000,121932490,121652369,-231.121,0.000,0.000,1.000,4.000,0.000,0.000,117.000,0,0,0
B3_zmq_pushpull,zmq_tcp,none,none,,1,16037,512,584,1785153452497560000,1785153452497560000,1785153452497560000,1785153452497561000,1785153452497748000,1785153452497751000,1785153452497751000,1785153452497751000,121932490,121652369,-93.121,0.000,0.000,1.000,3.000,0.000,0.000,138.000,0,0,0
B3_zmq_pushpull,zmq_tcp,none,none,,1,16038,512,584,1785153452498555000,1785153452498555000,1785153452498555000,1785153452498556000,1785153452498605000,1785153452498609000,1785153452498609000,1785153452498609000,121932490,121652369,-231.121,0.000,0.000,1.000,4.000,0.000,0.000,138.000,0,0,0
B3_zmq_pushpull,zmq_tcp,none,none,,1,16039,512,584,1785153452499451000,1785153452499451000,1785153452499451000,1785153452499452000,1785153452499604000,1785153452499607000,1785153452499607000,1785153452499607000,121932490,121652369,-128.121,0.000,0.000,1.000,3.000,0.000,0.000,103.000,0,0,0
B3_zmq_pushpull,zmq_tcp,none,none,,1,16040,512,584,1785153452500446000,1785153452500446000,1785153452500446000,1785153452500447000,1785153452500590000,1785153452500593000,1785153452500593000,1785153452500593000,121932490,121652369,-137.121,0.000,0.000,1.000,3.000,0.000,0.000,9.000,0,0,0
B3_zmq_pushpull,zmq_tcp,none,none,,1,16041,512,584,1785153452501586000,1785153452501586000,1785153452501586000,1785153452501587000,1785153452501692000,1785153452501694000,1785153452501694000,1785153452501694000,121932490,121652369,-175.121,0.000,0.000,1.000,2.000,0.000,0.000,38.000,0,0,0
B3_zmq_pushpull,zmq_tcp,none,none,,1,16042,512,584,1785153452502553000,1785153452502554000,1785153452502554000,1785153452502555000,1785153452502712000,1785153452502715000,1785153452502715000,1785153452502715000,121932490,121652369,-123.121,1.000,0.000,1.000,3.000,0.000,0.000,52.000,0,0,0
B3_zmq_pushpull,zmq_tcp,none,none,,1,16043,512,584,1785153452503559000,1785153452503559000,1785153452503559000,1785153452503560000,1785153452503703000,1785153452503706000,1785153452503706000,1785153452503706000,121932490,121652369,-137.121,0.000,0.000,1.000,3.000,0.000,0.000,14.000,0,0,0
B3_zmq_pushpull,zmq_tcp,none,none,,1,16044,512,584,1785153452504403000,1785153452504403000,1785153452504403000,1785153452504404000,1785153452504566000,1785153452504569000,1785153452504569000,1785153452504569000,121932490,121652369,-118.121,0.000,0.000,1.000,3.000,0.000,0.000,19.000,0,0,0
B3_zmq_pushpull,zmq_tcp,none,none,,1,16045,512,584,1785153452505405000,1785153452505405000,1785153452505405000,1785153452505406000,1785153452505563000,1785153452505566000,1785153452505566000,1785153452505566000,121932490,121652369,-123.121,0.000,0.000,1.000,3.000,0.000,0.000,5.000,0,0,0
B3_zmq_pushpull,zmq_tcp,none,none,,1,16046,512,584,1785153452506564000,1785153452506564000,1785153452506564000,1785153452506565000,1785153452506705000,1785153452506707000,1785153452506707000,1785153452506707000,121932490,121652369,-140.121,0.000,0.000,1.000,2.000,0.000,0.000,17.000,0,0,0
B3_zmq_pushpull,zmq_tcp,none,none,,1,16047,512,584,1785153452507404000,1785153452507404000,1785153452507404000,1785153452507405000,1785153452507558000,1785153452507561000,1785153452507561000,1785153452507561000,121932490,121652369,-127.121,0.000,0.000,1.000,3.000,0.000,0.000,13.000,0,0,0
B3_zmq_pushpull,zmq_tcp,none,none,,1,16048,512,584,1785153452508381000,1785153452508381000,1785153452508381000,1785153452508382000,1785153452508538000,1785153452508541000,1785153452508541000,1785153452508541000,121932490,121652369,-124.121,0.000,0.000,1.000,3.000,0.000,0.000,3.000,0,0,0
B3_zmq_pushpull,zmq_tcp,none,none,,1,16049,512,584,1785153452509605000,1785153452509605000,1785153452509605000,1785153452509606000,1785153452509803000,1785153452509806000,1785153452509806000,1785153452509806000,121932490,121652369,-83.121,0.000,0.000,1.000,3.000,0.000,0.000,41.000,0,0,0
B3_zmq_pushpull,zmq_tcp,none,none,,1,16050,512,584,1785153452510381000,1785153452510381000,1785153452510381000,1785153452510382000,1785153452510525000,1785153452510527000,1785153452510527000,1785153452510527000,121932490,121652369,-137.121,0.000,0.000,1.000,2.000,0.000,0.000,54.000,0,0,0
B3_zmq_pushpull,zmq_tcp,none,none,,1,16051,512,584,1785153452511362000,1785153452511362000,1785153452511362000,1785153452511363000,1785153452511521000,1785153452511524000,1785153452511524000,1785153452511524000,121932490,121652369,-122.121,0.000,0.000,1.000,3.000,0.000,0.000,15.000,0,0,0
B3_zmq_pushpull,zmq_tcp,none,none,,1,16052,512,584,1785153452512375000,1785153452512375000,1785153452512375000,1785153452512376000,1785153452512535000,1785153452512538000,1785153452512538000,1785153452512538000,121932490,121652369,-121.121,0.000,0.000,1.000,3.000,0.000,0.000,1.000,0,0,0
B3_zmq_pushpull,zmq_tcp,none,none,,1,16053,512,584,1785153452513605000,1785153452513605000,1785153452513605000,1785153452513606000,1785153452513660000,1785153452513664000,1785153452513664000,1785153452513664000,121932490,121652369,-226.121,0.000,0.000,1.000,4.000,0.000,0.000,105.000,0,0,0
B3_zmq_pushpull,zmq_tcp,none,none,,1,16054,512,584,1785153452514544000,1785153452514544000,1785153452514544000,1785153452514545000,1785153452514658000,1785153452514661000,1785153452514661000,1785153452514661000,121932490,121652369,-167.121,0.000,0.000,1.000,3.000,0.000,0.000,59.000,0,0,0
B3_zmq_pushpull,zmq_tcp,none,none,,1,16055,512,584,1785153452515563000,1785153452515563000,1785153452515563000,1785153452515564000,1785153452515635000,1785153452515638000,1785153452515638000,1785153452515638000,121932490,121652369,-209.121,0.000,0.000,1.000,3.000,0.000,0.000,42.000,0,0,0
B3_zmq_pushpull,zmq_tcp,none,none,,1,16056,512,584,1785153452516558000,1785153452516558000,1785153452516558000,1785153452516559000,1785153452516653000,1785153452516656000,1785153452516656000,1785153452516656000,121932490,121652369,-186.121,0.000,0.000,1.000,3.000,0.000,0.000,23.000,0,0,0
B3_zmq_pushpull,zmq_tcp,none,none,,1,16057,512,584,1785153452517558000,1785153452517559000,1785153452517559000,1785153452517560000,1785153452517637000,1785153452517640000,1785153452517640000,1785153452517640000,121932490,121652369,-203.121,1.000,0.000,1.000,3.000,0.000,0.000,17.000,0,0,0
B3_zmq_pushpull,zmq_tcp,none,none,,1,16058,512,584,1785153452518560000,1785153452518560000,1785153452518560000,1785153452518561000,1785153452518638000,1785153452518640000,1785153452518641000,1785153452518641000,121932490,121652369,-203.121,0.000,0.000,1.000,2.000,1.000,0.000,0.000,0,0,0
B3_zmq_pushpull,zmq_tcp,none,none,,1,16059,512,584,1785153452519558000,1785153452519559000,1785153452519559000,1785153452519560000,1785153452519626000,1785153452519629000,1785153452519629000,1785153452519629000,121932490,121652369,-214.121,1.000,0.000,1.000,3.000,0.000,0.000,11.000,0,0,0
B3_zmq_pushpull,zmq_tcp,none,none,,1,16060,512,584,1785153452520558000,1785153452520559000,1785153452520559000,1785153452520560000,1785153452520637000,1785153452520639000,1785153452520639000,1785153452520639000,121932490,121652369,-203.121,1.000,0.000,1.000,2.000,0.000,0.000,11.000,0,0,0
B3_zmq_pushpull,zmq_tcp,none,none,,1,16061,512,584,1785153452521558000,1785153452521559000,1785153452521559000,1785153452521560000,1785153452521615000,1785153452521618000,1785153452521618000,1785153452521618000,121932490,121652369,-225.121,1.000,0.000,1.000,3.000,0.000,0.000,22.000,0,0,0
B3_zmq_pushpull,zmq_tcp,none,none,,1,16062,512,584,1785153452522556000,1785153452522557000,1785153452522557000,1785153452522558000,1785153452522624000,1785153452522627000,1785153452522627000,1785153452522627000,121932490,121652369,-214.121,1.000,0.000,1.000,3.000,0.000,0.000,11.000,0,0,0
B3_zmq_pushpull,zmq_tcp,none,none,,1,16063,512,584,1785153452523560000,1785153452523560000,1785153452523560000,1785153452523561000,1785153452523653000,1785153452523656000,1785153452523656000,1785153452523656000,121932490,121652369,-188.121,0.000,0.000,1.000,3.000,0.000,0.000,26.000,0,0,0
B3_zmq_pushpull,zmq_tcp,none,none,,1,16064,512,584,1785153452524561000,1785153452524561000,1785153452524561000,1785153452524562000,1785153452524665000,1785153452524667000,1785153452524667000,1785153452524667000,121932490,121652369,-177.121,0.000,0.000,1.000,2.000,0.000,0.000,11.000,0,0,0
B3_zmq_pushpull,zmq_tcp,none,none,,1,16065,512,584,1785153452525557000,1785153452525557000,1785153452525557000,1785153452525558000,1785153452525677000,1785153452525679000,1785153452525679000,1785153452525679000,121932490,121652369,-161.121,0.000,0.000,1.000,2.000,0.000,0.000,16.000,0,0,0
B3_zmq_pushpull,zmq_tcp,none,none,,1,16066,512,584,1785153452526560000,1785153452526560000,1785153452526560000,1785153452526561000,1785153452526673000,1785153452526675000,1785153452526675000,1785153452526675000,121932490,121652369,-168.121,0.000,0.000,1.000,2.000,0.000,0.000,7.000,0,0,0
B3_zmq_pushpull,zmq_tcp,none,none,,1,16067,512,584,1785153452527558000,1785153452527558000,1785153452527558000,1785153452527559000,1785153452527677000,1785153452527680000,1785153452527680000,1785153452527680000,121932490,121652369,-162.121,0.000,0.000,1.000,3.000,0.000,0.000,6.000,0,0,0
B3_zmq_pushpull,zmq_tcp,none,none,,1,16068,512,584,1785153452528558000,1785153452528558000,1785153452528558000,1785153452528559000,1785153452528674000,1785153452528677000,1785153452528677000,1785153452528677000,121932490,121652369,-165.121,0.000,0.000,1.000,3.000,0.000,0.000,3.000,0,0,0
B3_zmq_pushpull,zmq_tcp,none,none,,1,16069,512,584,1785153452529556000,1785153452529556000,1785153452529556000,1785153452529557000,1785153452529664000,1785153452529667000,1785153452529667000,1785153452529667000,121932490,121652369,-173.121,0.000,0.000,1.000,3.000,0.000,0.000,8.000,0,0,0
B3_zmq_pushpull,zmq_tcp,none,none,,1,16070,512,584,1785153452530562000,1785153452530562000,1785153452530562000,1785153452530563000,1785153452530686000,1785153452530689000,1785153452530689000,1785153452530689000,121932490,121652369,-157.121,0.000,0.000,1.000,3.000,0.000,0.000,16.000,0,0,0
B3_zmq_pushpull,zmq_tcp,none,none,,1,16071,512,584,1785153452531558000,1785153452531558000,1785153452531559000,1785153452531559000,1785153452531683000,1785153452531686000,1785153452531686000,1785153452531686000,121932490,121652369,-156.121,0.000,1.000,0.000,3.000,0.000,0.000,1.000,0,0,0
B3_zmq_pushpull,zmq_tcp,none,none,,1,16072,512,584,1785153452532558000,1785153452532558000,1785153452532559000,1785153452532559000,1785153452532687000,1785153452532690000,1785153452532690000,1785153452532690000,121932490,121652369,-152.121,0.000,1.000,0.000,3.000,0.000,0.000,4.000,0,0,0
B3_zmq_pushpull,zmq_tcp,none,none,,1,16073,512,584,1785153452533558000,1785153452533559000,1785153452533559000,1785153452533560000,1785153452533669000,1785153452533673000,1785153452533673000,1785153452533673000,121932490,121652369,-171.121,1.000,0.000,1.000,4.000,0.000,0.000,19.000,0,0,0
B3_zmq_pushpull,zmq_tcp,none,none,,1,16074,512,584,1785153452534558000,1785153452534558000,1785153452534558000,1785153452534559000,1785153452534669000,1785153452534671000,1785153452534671000,1785153452534671000,121932490,121652369,-170.121,0.000,0.000,1.000,2.000,0.000,0.000,1.000,0,0,0
B3_zmq_pushpull,zmq_tcp,none,none,,1,16075,512,584,1785153452535558000,1785153452535559000,1785153452535559000,1785153452535560000,1785153452535663000,1785153452535666000,1785153452535666000,1785153452535666000,121932490,121652369,-177.121,1.000,0.000,1.000,3.000,0.000,0.000,7.000,0,0,0
B3_zmq_pushpull,zmq_tcp,none,none,,1,16076,512,584,1785153452536558000,1785153452536558000,1785153452536558000,1785153452536559000,1785153452536655000,1785153452536658000,1785153452536658000,1785153452536658000,121932490,121652369,-184.121,0.000,0.000,1.000,3.000,0.000,0.000,7.000,0,0,0
B3_zmq_pushpull,zmq_tcp,none,none,,1,16077,512,584,1785153452537559000,1785153452537559000,1785153452537559000,1785153452537560000,1785153452537652000,1785153452537655000,1785153452537655000,1785153452537655000,121932490,121652369,-188.121,0.000,0.000,1.000,3.000,0.000,0.000,4.000,0,0,0
B3_zmq_pushpull,zmq_tcp,none,none,,1,16078,512,584,1785153452538560000,1785153452538560000,1785153452538560000,1785153452538561000,1785153452538660000,1785153452538663000,1785153452538663000,1785153452538663000,121932490,121652369,-181.121,0.000,0.000,1.000,3.000,0.000,0.000,7.000,0,0,0
B3_zmq_pushpull,zmq_tcp,none,none,,1,16079,512,584,1785153452539557000,1785153452539557000,1785153452539557000,1785153452539558000,1785153452539669000,1785153452539671000,1785153452539671000,1785153452539671000,121932490,121652369,-169.121,0.000,0.000,1.000,2.000,0.000,0.000,12.000,0,0,0
B3_zmq_pushpull,zmq_tcp,none,none,,1,16080,512,584,1785153452540559000,1785153452540559000,1785153452540559000,1785153452540560000,1785153452540667000,1785153452540670000,1785153452540671000,1785153452540671000,121932490,121652369,-173.121,0.000,0.000,1.000,3.000,1.000,0.000,4.000,0,0,0
B3_zmq_pushpull,zmq_tcp,none,none,,1,16081,512,584,1785153452541559000,1785153452541559000,1785153452541559000,1785153452541560000,1785153452541654000,1785153452541657000,1785153452541657000,1785153452541657000,121932490,121652369,-186.121,0.000,0.000,1.000,3.000,0.000,0.000,13.000,0,0,0
B3_zmq_pushpull,zmq_tcp,none,none,,1,16082,512,584,1785153452542559000,1785153452542559000,1785153452542559000,1785153452542560000,1785153452542659000,1785153452542662000,1785153452542662000,1785153452542662000,121932490,121652369,-181.121,0.000,0.000,1.000,3.000,0.000,0.000,5.000,0,0,0
B3_zmq_pushpull,zmq_tcp,none,none,,1,16083,512,584,1785153452543558000,1785153452543558000,1785153452543558000,1785153452543559000,1785153452543655000,1785153452543658000,1785153452543658000,1785153452543658000,121932490,121652369,-184.121,0.000,0.000,1.000,3.000,0.000,0.000,3.000,0,0,0
B3_zmq_pushpull,zmq_tcp,none,none,,1,16084,512,584,1785153452544559000,1785153452544559000,1785153452544559000,1785153452544560000,1785153452544670000,1785153452544673000,1785153452544673000,1785153452544673000,121932490,121652369,-170.121,0.000,0.000,1.000,3.000,0.000,0.000,14.000,0,0,0
B3_zmq_pushpull,zmq_tcp,none,none,,1,16085,512,584,1785153452545527000,1785153452545527000,1785153452545527000,1785153452545528000,1785153452545671000,1785153452545674000,1785153452545674000,1785153452545674000,121932490,121652369,-137.121,0.000,0.000,1.000,3.000,0.000,0.000,33.000,0,0,0
B3_zmq_pushpull,zmq_tcp,none,none,,1,16086,512,584,1785153452546391000,1785153452546391000,1785153452546391000,1785153452546392000,1785153452546550000,1785153452546553000,1785153452546553000,1785153452546553000,121932490,121652369,-122.121,0.000,0.000,1.000,3.000,0.000,0.000,15.000,0,0,0
B3_zmq_pushpull,zmq_tcp,none,none,,1,16087,512,584,1785153452547601000,1785153452547601000,1785153452547601000,1785153452547602000,1785153452547666000,1785153452547669000,1785153452547669000,1785153452547669000,121932490,121652369,-216.121,0.000,0.000,1.000,3.000,0.000,0.000,94.000,0,0,0
B3_zmq_pushpull,zmq_tcp,none,none,,1,16088,512,584,1785153452548548000,1785153452548548000,1785153452548548000,1785153452548549000,1785153452548662000,1785153452548666000,1785153452548666000,1785153452548666000,121932490,121652369,-167.121,0.000,0.000,1.000,4.000,0.000,0.000,49.000,0,0,0
B3_zmq_pushpull,zmq_tcp,none,none,,1,16089,512,584,1785153452549365000,1785153452549365000,1785153452549365000,1785153452549366000,1785153452549509000,1785153452549511000,1785153452549511000,1785153452549511000,121932490,121652369,-137.121,0.000,0.000,1.000,2.000,0.000,0.000,30.000,0,0,0
B3_zmq_pushpull,zmq_tcp,none,none,,1,16090,512,584,1785153452550608000,1785153452550608000,1785153452550609000,1785153452550609000,1785153452550782000,1785153452550785000,1785153452550785000,1785153452550785000,121932490,121652369,-107.121,0.000,1.000,0.000,3.000,0.000,0.000,30.000,0,0,0
B3_zmq_pushpull,zmq_tcp,none,none,,1,16091,512,584,1785153452551544000,1785153452551544000,1785153452551544000,1785153452551545000,1785153452551650000,1785153452551658000,1785153452551658000,1785153452551658000,121932490,121652369,-175.121,0.000,0.000,1.000,8.000,0.000,0.000,68.000,0,0,0
B3_zmq_pushpull,zmq_tcp,none,none,,1,16092,512,584,1785153452552563000,1785153452552563000,1785153452552563000,1785153452552564000,1785153452552675000,1785153452552678000,1785153452552678000,1785153452552678000,121932490,121652369,-169.121,0.000,0.000,1.000,3.000,0.000,0.000,6.000,0,0,0
B3_zmq_pushpull,zmq_tcp,none,none,,1,16093,512,584,1785153452553557000,1785153452553557000,1785153452553557000,1785153452553558000,1785153452553681000,1785153452553683000,1785153452553683000,1785153452553683000,121932490,121652369,-157.121,0.000,0.000,1.000,2.000,0.000,0.000,12.000,0,0,0
B3_zmq_pushpull,zmq_tcp,none,none,,1,16094,512,584,1785153452554560000,1785153452554560000,1785153452554560000,1785153452554561000,1785153452554688000,1785153452554691000,1785153452554691000,1785153452554691000,121932490,121652369,-153.121,0.000,0.000,1.000,3.000,0.000,0.000,4.000,0,0,0
B3_zmq_pushpull,zmq_tcp,none,none,,1,16095,512,584,1785153452555554000,1785153452555555000,1785153452555555000,1785153452555556000,1785153452555682000,1785153452555685000,1785153452555685000,1785153452555685000,121932490,121652369,-154.121,1.000,0.000,1.000,3.000,0.000,0.000,1.000,0,0,0
B3_zmq_pushpull,zmq_tcp,none,none,,1,16096,512,584,1785153452556560000,1785153452556560000,1785153452556560000,1785153452556561000,1785153452556678000,1785153452556681000,1785153452556681000,1785153452556681000,121932490,121652369,-163.121,0.000,0.000,1.000,3.000,0.000,0.000,9.000,0,0,0
B3_zmq_pushpull,zmq_tcp,none,none,,1,16097,512,584,1785153452557558000,1785153452557559000,1785153452557559000,1785153452557560000,1785153452557674000,1785153452557677000,1785153452557677000,1785153452557677000,121932490,121652369,-166.121,1.000,0.000,1.000,3.000,0.000,0.000,3.000,0,0,0
B3_zmq_pushpull,zmq_tcp,none,none,,1,16098,512,584,1785153452558560000,1785153452558560000,1785153452558560000,1785153452558561000,1785153452558680000,1785153452558682000,1785153452558682000,1785153452558682000,121932490,121652369,-161.121,0.000,0.000,1.000,2.000,0.000,0.000,5.000,0,0,0
B3_zmq_pushpull,zmq_tcp,none,none,,1,16099,512,584,1785153452559557000,1785153452559557000,1785153452559557000,1785153452559558000,1785153452559677000,1785153452559680000,1785153452559680000,1785153452559680000,121932490,121652369,-161.121,0.000,0.000,1.000,3.000,0.000,0.000,0.000,0,0,0
B3_zmq_pushpull,zmq_tcp,none,none,,1,16100,512,584,1785153452560560000,1785153452560560000,1785153452560560000,1785153452560561000,1785153452560685000,1785153452560687000,1785153452560687000,1785153452560687000,121932490,121652369,-156.121,0.000,0.000,1.000,2.000,0.000,0.000,5.000,0,0,0
B3_zmq_pushpull,zmq_tcp,none,none,,1,16101,512,584,1785153452561559000,1785153452561559000,1785153452561559000,1785153452561560000,1785153452561687000,1785153452561689000,1785153452561689000,1785153452561689000,121932490,121652369,-153.121,0.000,0.000,1.000,2.000,0.000,0.000,3.000,0,0,0
B3_zmq_pushpull,zmq_tcp,none,none,,1,16102,512,584,1785153452562559000,1785153452562559000,1785153452562559000,1785153452562560000,1785153452562671000,1785153452562674000,1785153452562674000,1785153452562674000,121932490,121652369,-169.121,0.000,0.000,1.000,3.000,0.000,0.000,16.000,0,0,0
B3_zmq_pushpull,zmq_tcp,none,none,,1,16103,512,584,1785153452563556000,1785153452563556000,1785153452563556000,1785153452563557000,1785153452563658000,1785153452563661000,1785153452563661000,1785153452563661000,121932490,121652369,-179.121,0.000,0.000,1.000,3.000,0.000,0.000,10.000,0,0,0
B3_zmq_pushpull,zmq_tcp,none,none,,1,16104,512,584,1785153452564560000,1785153452564560000,1785153452564560000,1785153452564561000,1785153452564647000,1785153452564649000,1785153452564649000,1785153452564649000,121932490,121652369,-194.121,0.000,0.000,1.000,2.000,0.000,0.000,15.000,0,0,0
B3_zmq_pushpull,zmq_tcp,none,none,,1,16105,512,584,1785153452565559000,1785153452565560000,1785153452565560000,1785153452565561000,1785153452565654000,1785153452565657000,1785153452565657000,1785153452565657000,121932490,121652369,-187.121,1.000,0.000,1.000,3.000,0.000,0.000,7.000,0,0,0
B3_zmq_pushpull,zmq_tcp,none,none,,1,16106,512,584,1785153452566519000,1785153452566520000,1785153452566520000,1785153452566521000,1785153452566665000,1785153452566668000,1785153452566668000,1785153452566668000,121932490,121652369,-136.121,1.000,0.000,1.000,3.000,0.000,0.000,51.000,0,0,0
B3_zmq_pushpull,zmq_tcp,none,none,,1,16107,512,584,1785153452567377000,1785153452567377000,1785153452567377000,1785153452567378000,1785153452567537000,1785153452567540000,1785153452567540000,1785153452567540000,121932490,121652369,-121.121,0.000,0.000,1.000,3.000,0.000,0.000,15.000,0,0,0
B3_zmq_pushpull,zmq_tcp,none,none,,1,16108,512,584,1785153452568387000,1785153452568388000,1785153452568388000,1785153452568389000,1785153452568542000,1785153452568545000,1785153452568545000,1785153452568545000,121932490,121652369,-127.121,1.000,0.000,1.000,3.000,0.000,0.000,6.000,0,0,0
B3_zmq_pushpull,zmq_tcp,none,none,,1,16109,512,584,1785153452569385000,1785153452569385000,1785153452569386000,1785153452569386000,1785153452569529000,1785153452569532000,1785153452569532000,1785153452569532000,121932490,121652369,-137.121,0.000,1.000,0.000,3.000,0.000,0.000,10.000,0,0,0
B3_zmq_pushpull,zmq_tcp,none,none,,1,16110,512,584,1785153452570599000,1785153452570599000,1785153452570599000,1785153452570600000,1785153452570665000,1785153452570667000,1785153452570667000,1785153452570668000,121932490,121652369,-215.121,0.000,0.000,1.000,2.000,0.000,1.000,78.000,0,0,0
B3_zmq_pushpull,zmq_tcp,none,none,,1,16111,512,584,1785153452571549000,1785153452571549000,1785153452571550000,1785153452571550000,1785153452571668000,1785153452571670000,1785153452571670000,1785153452571670000,121932490,121652369,-162.121,0.000,1.000,0.000,2.000,0.000,0.000,53.000,0,0,0
B3_zmq_pushpull,zmq_tcp,none,none,,1,16112,512,584,1785153452572564000,1785153452572564000,1785153452572564000,1785153452572565000,1785153452572654000,1785153452572657000,1785153452572657000,1785153452572657000,121932490,121652369,-191.121,0.000,0.000,1.000,3.000,0.000,0.000,29.000,0,0,0
B3_zmq_pushpull,zmq_tcp,none,none,,1,16113,512,584,1785153452573559000,1785153452573559000,1785153452573559000,1785153452573560000,1785153452573662000,1785153452573665000,1785153452573665000,1785153452573665000,121932490,121652369,-178.121,0.000,0.000,1.000,3.000,0.000,0.000,13.000,0,0,0
B3_zmq_pushpull,zmq_tcp,none,none,,1,16114,512,584,1785153452574561000,1785153452574561000,1785153452574561000,1785153452574562000,1785153452574670000,1785153452574673000,1785153452574673000,1785153452574673000,121932490,121652369,-172.121,0.000,0.000,1.000,3.000,0.000,0.000,6.000,0,0,0
B3_zmq_pushpull,zmq_tcp,none,none,,1,16115,512,584,1785153452575559000,1785153452575559000,1785153452575559000,1785153452575560000,1785153452575668000,1785153452575671000,1785153452575671000,1785153452575671000,121932490,121652369,-172.121,0.000,0.000,1.000,3.000,0.000,0.000,0.000,0,0,0
B3_zmq_pushpull,zmq_tcp,none,none,,1,16116,512,584,1785153452576559000,1785153452576559000,1785153452576559000,1785153452576560000,1785153452576653000,1785153452576656000,1785153452576656000,1785153452576656000,121932490,121652369,-187.121,0.000,0.000,1.000,3.000,0.000,0.000,15.000,0,0,0
B3_zmq_pushpull,zmq_tcp,none,none,,1,16117,512,584,1785153452577556000,1785153452577556000,1785153452577556000,1785153452577557000,1785153452577641000,1785153452577643000,1785153452577643000,1785153452577644000,121932490,121652369,-196.121,0.000,0.000,1.000,2.000,0.000,1.000,9.000,0,0,0
B3_zmq_pushpull,zmq_tcp,none,none,,1,16118,512,584,1785153452578561000,1785153452578561000,1785153452578561000,1785153452578562000,1785153452578642000,1785153452578645000,1785153452578645000,1785153452578645000,121932490,121652369,-200.121,0.000,0.000,1.000,3.000,0.000,0.000,4.000,0,0,0
B3_zmq_pushpull,zmq_tcp,none,none,,1,16119,512,584,1785153452579559000,1785153452579559000,1785153452579559000,1785153452579560000,1785153452579645000,1785153452579648000,1785153452579648000,1785153452579648000,121932490,121652369,-195.121,0.000,0.000,1.000,3.000,0.000,0.000,5.000,0,0,0
B3_zmq_pushpull,zmq_tcp,none,none,,1,16120,512,584,1785153452580559000,1785153452580559000,1785153452580559000,1785153452580560000,1785153452580650000,1785153452580653000,1785153452580653000,1785153452580653000,121932490,121652369,-190.121,0.000,0.000,1.000,3.000,0.000,0.000,5.000,0,0,0
B3_zmq_pushpull,zmq_tcp,none,none,,1,16121,512,584,1785153452581555000,1785153452581556000,1785153452581556000,1785153452581557000,1785153452581657000,1785153452581660000,1785153452581660000,1785153452581660000,121932490,121652369,-180.121,1.000,0.000,1.000,3.000,0.000,0.000,10.000,0,0,0
B3_zmq_pushpull,zmq_tcp,none,none,,1,16122,512,584,1785153452582560000,1785153452582560000,1785153452582561000,1785153452582561000,1785153452582649000,1785153452582652000,1785153452582652000,1785153452582652000,121932490,121652369,-192.121,0.000,1.000,0.000,3.000,0.000,0.000,12.000,0,0,0
B3_zmq_pushpull,zmq_tcp,none,none,,1,16123,512,584,1785153452583559000,1785153452583559000,1785153452583559000,1785153452583560000,1785153452583626000,1785153452583629000,1785153452583629000,1785153452583629000,121932490,121652369,-214.121,0.000,0.000,1.000,3.000,0.000,0.000,22.000,0,0,0
B3_zmq_pushpull,zmq_tcp,none,none,,1,16124,512,584,1785153452584559000,1785153452584559000,1785153452584559000,1785153452584560000,1785153452584622000,1785153452584625000,1785153452584625000,1785153452584625000,121932490,121652369,-218.121,0.000,0.000,1.000,3.000,0.000,0.000,4.000,0,0,0
B3_zmq_pushpull,zmq_tcp,none,none,,1,16125,512,584,1785153452585557000,1785153452585557000,1785153452585557000,1785153452585558000,1785153452585603000,1785153452585607000,1785153452585607000,1785153452585607000,121932490,121652369,-235.121,0.000,0.000,1.000,4.000,0.000,0.000,17.000,0,0,0
B3_zmq_pushpull,zmq_tcp,none,none,,1,16126,512,584,1785153452586562000,1785153452586562000,1785153452586562000,1785153452586563000,1785153452586622000,1785153452586625000,1785153452586625000,1785153452586625000,121932490,121652369,-221.121,0.000,0.000,1.000,3.000,0.000,0.000,14.000,0,0,0
B3_zmq_pushpull,zmq_tcp,none,none,,1,16127,512,584,1785153452587560000,1785153452587560000,1785153452587560000,1785153452587561000,1785153452587635000,1785153452587639000,1785153452587639000,1785153452587639000,121932490,121652369,-206.121,0.000,0.000,1.000,4.000,0.000,0.000,15.000,0,0,0
B3_zmq_pushpull,zmq_tcp,none,none,,1,16128,512,584,1785153452588555000,1785153452588555000,1785153452588555000,1785153452588556000,1785153452588649000,1785153452588652000,1785153452588652000,1785153452588652000,121932490,121652369,-187.121,0.000,0.000,1.000,3.000,0.000,0.000,19.000,0,0,0
B3_zmq_pushpull,zmq_tcp,none,none,,1,16129,512,584,1785153452589560000,1785153452589560000,1785153452589560000,1785153452589561000,1785153452589650000,1785153452589653000,1785153452589653000,1785153452589653000,121932490,121652369,-191.121,0.000,0.000,1.000,3.000,0.000,0.000,4.000,0,0,0
B3_zmq_pushpull,zmq_tcp,none,none,,1,16130,512,584,1785153452590559000,1785153452590559000,1785153452590559000,1785153452590560000,1785153452590645000,1785153452590648000,1785153452590648000,1785153452590648000,121932490,121652369,-195.121,0.000,0.000,1.000,3.000,0.000,0.000,4.000,0,0,0
B3_zmq_pushpull,zmq_tcp,none,none,,1,16131,512,584,1785153452591559000,1785153452591559000,1785153452591559000,1785153452591560000,1785153452591654000,1785153452591657000,1785153452591657000,1785153452591657000,121932490,121652369,-186.121,0.000,0.000,1.000,3.000,0.000,0.000,9.000,0,0,0
B3_zmq_pushpull,zmq_tcp,none,none,,1,16132,512,584,1785153452592556000,1785153452592556000,1785153452592556000,1785153452592557000,1785153452592658000,1785153452592661000,1785153452592661000,1785153452592661000,121932490,121652369,-179.121,0.000,0.000,1.000,3.000,0.000,0.000,7.000,0,0,0
B3_zmq_pushpull,zmq_tcp,none,none,,1,16133,512,584,1785153452593561000,1785153452593561000,1785153452593561000,1785153452593562000,1785153452593673000,1785153452593676000,1785153452593676000,1785153452593676000,121932490,121652369,-169.121,0.000,0.000,1.000,3.000,0.000,0.000,10.000,0,0,0
B3_zmq_pushpull,zmq_tcp,none,none,,1,16134,512,584,1785153452594559000,1785153452594559000,1785153452594559000,1785153452594560000,1785153452594672000,1785153452594674000,1785153452594674000,1785153452594674000,121932490,121652369,-168.121,0.000,0.000,1.000,2.000,0.000,0.000,1.000,0,0,0
B3_zmq_pushpull,zmq_tcp,none,none,,1,16135,512,584,1785153452595527000,1785153452595527000,1785153452595527000,1785153452595528000,1785153452595674000,1785153452595677000,1785153452595677000,1785153452595677000,121932490,121652369,-134.121,0.000,0.000,1.000,3.000,0.000,0.000,34.000,0,0,0
B3_zmq_pushpull,zmq_tcp,none,none,,1,16136,512,584,1785153452596377000,1785153452596377000,1785153452596377000,1785153452596378000,1785153452596532000,1785153452596534000,1785153452596534000,1785153452596534000,121932490,121652369,-126.121,0.000,0.000,1.000,2.000,0.000,0.000,8.000,0,0,0
B3_zmq_pushpull,zmq_tcp,none,none,,1,16137,512,584,1785153452597604000,1785153452597604000,1785153452597604000,1785153452597605000,1785153452597661000,1785153452597664000,1785153452597664000,1785153452597664000,121932490,121652369,-224.121,0.000,0.000,1.000,3.000,0.000,0.000,98.000,0,0,0
B3_zmq_pushpull,zmq_tcp,none,none,,1,16138,512,584,1785153452598548000,1785153452598548000,1785153452598548000,1785153452598549000,1785153452598647000,1785153452598650000,1785153452598650000,1785153452598650000,121932490,121652369,-182.121,0.000,0.000,1.000,3.000,0.000,0.000,42.000,0,0,0
B3_zmq_pushpull,zmq_tcp,none,none,,1,16139,512,584,1785153452599559000,1785153452599559000,1785153452599559000,1785153452599560000,1785153452599643000,1785153452599645000,1785153452599645000,1785153452599645000,121932490,121652369,-197.121,0.000,0.000,1.000,2.000,0.000,0.000,15.000,0,0,0
B3_zmq_pushpull,zmq_tcp,none,none,,1,16140,512,584,1785153452600563000,1785153452600563000,1785153452600563000,1785153452600564000,1785153452600646000,1785153452600649000,1785153452600650000,1785153452600650000,121932490,121652369,-198.121,0.000,0.000,1.000,3.000,1.000,0.000,1.000,0,0,0
B3_zmq_pushpull,zmq_tcp,none,none,,1,16141,512,584,1785153452601484000,1785153452601484000,1785153452601484000,1785153452601485000,1785153452601642000,1785153452601645000,1785153452601645000,1785153452601645000,121932490,121652369,-123.121,0.000,0.000,1.000,3.000,0.000,0.000,75.000,0,0,0
B3_zmq_pushpull,zmq_tcp,none,none,,1,16142,512,584,1785153452602578000,1785153452602579000,1785153452602579000,1785153452602580000,1785153452602645000,1785153452602649000,1785153452602649000,1785153452602649000,121932490,121652369,-215.121,1.000,0.000,1.000,4.000,0.000,0.000,92.000,0,0,0
B3_zmq_pushpull,zmq_tcp,none,none,,1,16143,512,584,1785153452603551000,1785153452603551000,1785153452603551000,1785153452603552000,1785153452603641000,1785153452603644000,1785153452603644000,1785153452603644000,121932490,121652369,-191.121,0.000,0.000,1.000,3.000,0.000,0.000,24.000,0,0,0
B3_zmq_pushpull,zmq_tcp,none,none,,1,16144,512,584,1785153452604562000,1785153452604562000,1785153452604562000,1785153452604563000,1785153452604633000,1785153452604636000,1785153452604636000,1785153452604636000,121932490,121652369,-210.121,0.000,0.000,1.000,3.000,0.000,0.000,19.000,0,0,0
B3_zmq_pushpull,zmq_tcp,none,none,,1,16145,512,584,1785153452605559000,1785153452605559000,1785153452605559000,1785153452605560000,1785153452605640000,1785153452605643000,1785153452605643000,1785153452605643000,121932490,121652369,-200.121,0.000,0.000,1.000,3.000,0.000,0.000,10.000,0,0,0
B3_zmq_pushpull,zmq_tcp,none,none,,1,16146,512,584,1785153452606559000,1785153452606559000,1785153452606559000,1785153452606560000,1785153452606620000,1785153452606623000,1785153452606623000,1785153452606623000,121932490,121652369,-220.121,0.000,0.000,1.000,3.000,0.000,0.000,20.000,0,0,0
B3_zmq_pushpull,zmq_tcp,none,none,,1,16147,512,584,1785153452607558000,1785153452607558000,1785153452607558000,1785153452607559000,1785153452607611000,1785153452607614000,1785153452607614000,1785153452607614000,121932490,121652369,-228.121,0.000,0.000,1.000,3.000,0.000,0.000,8.000,0,0,0
B3_zmq_pushpull,zmq_tcp,none,none,,1,16148,512,584,1785153452608560000,1785153452608560000,1785153452608560000,1785153452608561000,1785153452608602000,1785153452608605000,1785153452608605000,1785153452608605000,121932490,121652369,-239.121,0.000,0.000,1.000,3.000,0.000,0.000,11.000,0,0,0
B3_zmq_pushpull,zmq_tcp,none,none,,1,16149,512,584,1785153452609463000,1785153452609463000,1785153452609463000,1785153452609464000,1785153452609612000,1785153452609619000,1785153452609619000,1785153452609619000,121932490,121652369,-132.121,0.000,0.000,1.000,7.000,0.000,0.000,107.000,0,0,0
B3_zmq_pushpull,zmq_tcp,none,none,,1,16150,512,584,1785153452610583000,1785153452610583000,1785153452610583000,1785153452610584000,1785153452610741000,1785153452610744000,1785153452610744000,1785153452610744000,121932490,121652369,-123.121,0.000,0.000,1.000,3.000,0.000,0.000,9.000,0,0,0
B3_zmq_pushpull,zmq_tcp,none,none,,1,16151,512,584,1785153452611550000,1785153452611550000,1785153452611550000,1785153452611551000,1785153452611604000,1785153452611606000,1785153452611606000,1785153452611606000,121932490,121652369,-227.121,0.000,0.000,1.000,2.000,0.000,0.000,104.000,0,0,0
B3_zmq_pushpull,zmq_tcp,none,none,,1,16152,512,584,1785153452612562000,1785153452612562000,1785153452612562000,1785153452612563000,1785153452612602000,1785153452612605000,1785153452612606000,1785153452612606000,121932490,121652369,-241.121,0.000,0.000,1.000,3.000,1.000,0.000,14.000,0,0,0
B3_zmq_pushpull,zmq_tcp,none,none,,1,16153,512,584,1785153452613559000,1785153452613560000,1785153452613560000,1785153452613561000,1785153452613607000,1785153452613610000,1785153452613610000,1785153452613610000,121932490,121652369,-234.121,1.000,0.000,1.000,3.000,0.000,0.000,7.000,0,0,0
B3_zmq_pushpull,zmq_tcp,none,none,,1,16154,512,584,1785153452614565000,1785153452614565000,1785153452614565000,1785153452614566000,1785153452614744000,1785153452614747000,1785153452614747000,1785153452614747000,121932490,121652369,-102.121,0.000,0.000,1.000,3.000,0.000,0.000,132.000,0,0,0
B3_zmq_pushpull,zmq_tcp,none,none,,1,16155,512,584,1785153452615556000,1785153452615556000,1785153452615556000,1785153452615557000,1785153452615724000,1785153452615727000,1785153452615727000,1785153452615727000,121932490,121652369,-113.121,0.000,0.000,1.000,3.000,0.000,0.000,11.000,0,0,0
B3_zmq_pushpull,zmq_tcp,none,none,,1,16156,512,584,1785153452616559000,1785153452616559000,1785153452616559000,1785153452616560000,1785153452616718000,1785153452616721000,1785153452616721000,1785153452616721000,121932490,121652369,-122.121,0.000,0.000,1.000,3.000,0.000,0.000,9.000,0,0,0
B3_zmq_pushpull,zmq_tcp,none,none,,1,16157,512,584,1785153452617558000,1785153452617558000,1785153452617558000,1785153452617559000,1785153452617710000,1785153452617712000,1785153452617712000,1785153452617712000,121932490,121652369,-129.121,0.000,0.000,1.000,2.000,0.000,0.000,7.000,0,0,0
B3_zmq_pushpull,zmq_tcp,none,none,,1,16158,512,584,1785153452618386000,1785153452618386000,1785153452618386000,1785153452618387000,1785153452618540000,1785153452618543000,1785153452618543000,1785153452618543000,121932490,121652369,-127.121,0.000,0.000,1.000,3.000,0.000,0.000,2.000,0,0,0
B3_zmq_pushpull,zmq_tcp,none,none,,1,16159,512,584,1785153452619368000,1785153452619368000,1785153452619368000,1785153452619369000,1785153452619520000,1785153452619523000,1785153452619523000,1785153452619523000,121932490,121652369,-129.121,0.000,0.000,1.000,3.000,0.000,0.000,2.000,0,0,0
B3_zmq_pushpull,zmq_tcp,none,none,,1,16160,512,584,1785153452620364000,1785153452620364000,1785153452620364000,1785153452620365000,1785153452620524000,1785153452620527000,1785153452620527000,1785153452620527000,121932490,121652369,-121.121,0.000,0.000,1.000,3.000,0.000,0.000,8.000,0,0,0
B3_zmq_pushpull,zmq_tcp,none,none,,1,16161,512,584,1785153452621610000,1785153452621610000,1785153452621610000,1785153452621611000,1785153452621671000,1785153452621674000,1785153452621674000,1785153452621674000,121932490,121652369,-220.121,0.000,0.000,1.000,3.000,0.000,0.000,99.000,0,0,0
B3_zmq_pushpull,zmq_tcp,none,none,,1,16162,512,584,1785153452622545000,1785153452622545000,1785153452622545000,1785153452622546000,1785153452622657000,1785153452622663000,1785153452622663000,1785153452622663000,121932490,121652369,-169.121,0.000,0.000,1.000,6.000,0.000,0.000,51.000,0,0,0
B3_zmq_pushpull,zmq_tcp,none,none,,1,16163,512,584,1785153452623479000,1785153452623480000,1785153452623480000,1785153452623481000,1785153452623636000,1785153452623639000,1785153452623639000,1785153452623639000,121932490,121652369,-125.121,1.000,0.000,1.000,3.000,0.000,0.000,44.000,0,0,0
B3_zmq_pushpull,zmq_tcp,none,none,,1,16164,512,584,1785153452624579000,1785153452624579000,1785153452624579000,1785153452624580000,1785153452624616000,1785153452624619000,1785153452624619000,1785153452624619000,121932490,121652369,-244.121,0.000,0.000,1.000,3.000,0.000,0.000,119.000,0,0,0
B3_zmq_pushpull,zmq_tcp,none,none,,1,16165,512,584,1785153452625553000,1785153452625553000,1785153452625553000,1785153452625554000,1785153452625607000,1785153452625610000,1785153452625610000,1785153452625610000,121932490,121652369,-227.121,0.000,0.000,1.000,3.000,0.000,0.000,17.000,0,0,0
B3_zmq_pushpull,zmq_tcp,none,none,,1,16166,512,584,1785153452626558000,1785153452626558000,1785153452626558000,1785153452626559000,1785153452626604000,1785153452626607000,1785153452626607000,1785153452626608000,121932490,121652369,-235.121,0.000,0.000,1.000,3.000,0.000,1.000,8.000,0,0,0
B3_zmq_pushpull,zmq_tcp,none,none,,1,16167,512,584,1785153452627562000,1785153452627562000,1785153452627562000,1785153452627563000,1785153452627746000,1785153452627748000,1785153452627748000,1785153452627748000,121932490,121652369,-97.121,0.000,0.000,1.000,2.000,0.000,0.000,138.000,0,0,0
B3_zmq_pushpull,zmq_tcp,none,none,,1,16168,512,584,1785153452628563000,1785153452628563000,1785153452628563000,1785153452628564000,1785153452628740000,1785153452628743000,1785153452628743000,1785153452628743000,121932490,121652369,-104.121,0.000,0.000,1.000,3.000,0.000,0.000,7.000,0,0,0
B3_zmq_pushpull,zmq_tcp,none,none,,1,16169,512,584,1785153452629557000,1785153452629557000,1785153452629557000,1785153452629558000,1785153452629742000,1785153452629744000,1785153452629744000,1785153452629744000,121932490,121652369,-96.121,0.000,0.000,1.000,2.000,0.000,0.000,8.000,0,0,0
B3_zmq_pushpull,zmq_tcp,none,none,,1,16170,512,584,1785153452630563000,1785153452630563000,1785153452630563000,1785153452630564000,1785153452630726000,1785153452630728000,1785153452630728000,1785153452630728000,121932490,121652369,-118.121,0.000,0.000,1.000,2.000,0.000,0.000,22.000,0,0,0
B3_zmq_pushpull,zmq_tcp,none,none,,1,16171,512,584,1785153452631557000,1785153452631557000,1785153452631557000,1785153452631558000,1785153452631731000,1785153452631735000,1785153452631735000,1785153452631735000,121932490,121652369,-107.121,0.000,0.000,1.000,4.000,0.000,0.000,11.000,0,0,0
B3_zmq_pushpull,zmq_tcp,none,none,,1,16172,512,584,1785153452632561000,1785153452632561000,1785153452632561000,1785153452632562000,1785153452632722000,1785153452632724000,1785153452632724000,1785153452632724000,121932490,121652369,-120.121,0.000,0.000,1.000,2.000,0.000,0.000,13.000,0,0,0
B3_zmq_pushpull,zmq_tcp,none,none,,1,16173,512,584,1785153452633400000,1785153452633400000,1785153452633400000,1785153452633401000,1785153452633551000,1785153452633554000,1785153452633554000,1785153452633554000,121932490,121652369,-130.121,0.000,0.000,1.000,3.000,0.000,0.000,10.000,0,0,0
B3_zmq_pushpull,zmq_tcp,none,none,,1,16174,512,584,1785153452634600000,1785153452634601000,1785153452634601000,1785153452634602000,1785153452634787000,1785153452634790000,1785153452634790000,1785153452634790000,121932490,121652369,-95.121,1.000,0.000,1.000,3.000,0.000,0.000,35.000,0,0,0
B3_zmq_pushpull,zmq_tcp,none,none,,1,16175,512,584,1785153452635547000,1785153452635547000,1785153452635547000,1785153452635548000,1785153452635638000,1785153452635640000,1785153452635640000,1785153452635640000,121932490,121652369,-190.121,0.000,0.000,1.000,2.000,0.000,0.000,95.000,0,0,0
B3_zmq_pushpull,zmq_tcp,none,none,,1,16176,512,584,1785153452636563000,1785153452636563000,1785153452636563000,1785153452636564000,1785153452636635000,1785153452636638000,1785153452636638000,1785153452636638000,121932490,121652369,-209.121,0.000,0.000,1.000,3.000,0.000,0.000,19.000,0,0,0
B3_zmq_pushpull,zmq_tcp,none,none,,1,16177,512,584,1785153452637557000,1785153452637557000,1785153452637557000,1785153452637558000,1785153452637624000,1785153452637627000,1785153452637627000,1785153452637627000,121932490,121652369,-214.121,0.000,0.000,1.000,3.000,0.000,0.000,5.000,0,0,0
B3_zmq_pushpull,zmq_tcp,none,none,,1,16178,512,584,1785153452638558000,1785153452638558000,1785153452638558000,1785153452638559000,1785153452638606000,1785153452638609000,1785153452638609000,1785153452638609000,121932490,121652369,-233.121,0.000,0.000,1.000,3.000,0.000,0.000,19.000,0,0,0
B3_zmq_pushpull,zmq_tcp,none,none,,1,16179,512,584,1785153452639441000,1785153452639441000,1785153452639441000,1785153452639442000,1785153452639596000,1785153452639599000,1785153452639599000,1785153452639599000,121932490,121652369,-126.121,0.000,0.000,1.000,3.000,0.000,0.000,107.000,0,0,0
B3_zmq_pushpull,zmq_tcp,none,none,,1,16180,512,584,1785153452640413000,1785153452640413000,1785153452640413000,1785153452640414000,1785153452640564000,1785153452640567000,1785153452640567000,1785153452640567000,121932490,121652369,-130.121,0.000,0.000,1.000,3.000,0.000,0.000,4.000,0,0,0
B3_zmq_pushpull,zmq_tcp,none,none,,1,16181,512,584,1785153452641396000,1785153452641396000,1785153452641396000,1785153452641397000,1785153452641544000,1785153452641547000,1785153452641547000,1785153452641547000,121932490,121652369,-133.121,0.000,0.000,1.000,3.000,0.000,0.000,3.000,0,0,0
B3_zmq_pushpull,zmq_tcp,none,none,,1,16182,512,584,1785153452642602000,1785153452642602000,1785153452642602000,1785153452642603000,1785153452642670000,1785153452642672000,1785153452642673000,1785153452642673000,121932490,121652369,-213.121,0.000,0.000,1.000,2.000,1.000,0.000,80.000,0,0,0
B3_zmq_pushpull,zmq_tcp,none,none,,1,16183,512,584,1785153452643368000,1785153452643368000,1785153452643368000,1785153452643369000,1785153452643516000,1785153452643519000,1785153452643519000,1785153452643519000,121932490,121652369,-133.121,0.000,0.000,1.000,3.000,0.000,0.000,80.000,0,0,0
B3_zmq_pushpull,zmq_tcp,none,none,,1,16184,512,584,1785153452644609000,1785153452644609000,1785153452644609000,1785153452644610000,1785153452644779000,1785153452644782000,1785153452644782000,1785153452644782000,121932490,121652369,-111.121,0.000,0.000,1.000,3.000,0.000,0.000,22.000,0,0,0
B3_zmq_pushpull,zmq_tcp,none,none,,1,16185,512,584,1785153452645483000,1785153452645483000,1785153452645483000,1785153452645484000,1785153452645626000,1785153452645629000,1785153452645629000,1785153452645629000,121932490,121652369,-138.121,0.000,0.000,1.000,3.000,0.000,0.000,27.000,0,0,0
B3_zmq_pushpull,zmq_tcp,none,none,,1,16186,512,584,1785153452646577000,1785153452646577000,1785153452646577000,1785153452646578000,1785153452646736000,1785153452646739000,1785153452646739000,1785153452646739000,121932490,121652369,-122.121,0.000,0.000,1.000,3.000,0.000,0.000,16.000,0,0,0
B3_zmq_pushpull,zmq_tcp,none,none,,1,16187,512,584,1785153452647554000,1785153452647554000,1785153452647554000,1785153452647555000,1785153452647704000,1785153452647707000,1785153452647707000,1785153452647707000,121932490,121652369,-131.121,0.000,0.000,1.000,3.000,0.000,0.000,9.000,0,0,0
B3_zmq_pushpull,zmq_tcp,none,none,,1,16188,512,584,1785153452648560000,1785153452648560000,1785153452648560000,1785153452648561000,1785153452648704000,1785153452648707000,1785153452648708000,1785153452648708000,121932490,121652369,-137.121,0.000,0.000,1.000,3.000,1.000,0.000,6.000,0,0,0
B3_zmq_pushpull,zmq_tcp,none,none,,1,16189,512,584,1785153452649389000,1785153452649389000,1785153452649389000,1785153452649390000,1785153452649547000,1785153452649550000,1785153452649550000,1785153452649550000,121932490,121652369,-123.121,0.000,0.000,1.000,3.000,0.000,0.000,14.000,0,0,0
B3_zmq_pushpull,zmq_tcp,none,none,,1,16190,512,584,1785153452650388000,1785153452650388000,1785153452650389000,1785153452650389000,1785153452650548000,1785153452650551000,1785153452650551000,1785153452650551000,121932490,121652369,-121.121,0.000,1.000,0.000,3.000,0.000,0.000,2.000,0,0,0
B3_zmq_pushpull,zmq_tcp,none,none,,1,16191,512,584,1785153452651388000,1785153452651389000,1785153452651389000,1785153452651390000,1785153452651546000,1785153452651548000,1785153452651548000,1785153452651548000,121932490,121652369,-124.121,1.000,0.000,1.000,2.000,0.000,0.000,3.000,0,0,0
B3_zmq_pushpull,zmq_tcp,none,none,,1,16192,512,584,1785153452652601000,1785153452652601000,1785153452652601000,1785153452652602000,1785153452652667000,1785153452652671000,1785153452652671000,1785153452652671000,121932490,121652369,-215.121,0.000,0.000,1.000,4.000,0.000,0.000,91.000,0,0,0
B3_zmq_pushpull,zmq_tcp,none,none,,1,16193,512,584,1785153452653545000,1785153452653545000,1785153452653545000,1785153452653546000,1785153452653634000,1785153452653636000,1785153452653636000,1785153452653636000,121932490,121652369,-192.121,0.000,0.000,1.000,2.000,0.000,0.000,23.000,0,0,0
B3_zmq_pushpull,zmq_tcp,none,none,,1,16194,512,584,1785153452654563000,1785153452654563000,1785153452654563000,1785153452654564000,1785153452654607000,1785153452654610000,1785153452654610000,1785153452654610000,121932490,121652369,-237.121,0.000,0.000,1.000,3.000,0.000,0.000,45.000,0,0,0
B3_zmq_pushpull,zmq_tcp,none,none,,1,16195,512,584,1785153452655558000,1785153452655558000,1785153452655558000,1785153452655559000,1785153452655739000,1785153452655742000,1785153452655742000,1785153452655742000,121932490,121652369,-100.121,0.000,0.000,1.000,3.000,0.000,0.000,137.000,0,0,0
B3_zmq_pushpull,zmq_tcp,none,none,,1,16196,512,584,1785153452656560000,1785153452656560000,1785153452656560000,1785153452656561000,1785153452656745000,1785153452656748000,1785153452656748000,1785153452656748000,121932490,121652369,-96.121,0.000,0.000,1.000,3.000,0.000,0.000,4.000,0,0,0
B3_zmq_pushpull,zmq_tcp,none,none,,1,16197,512,584,1785153452657561000,1785153452657561000,1785153452657561000,1785153452657562000,1785153452657750000,1785153452657752000,1785153452657752000,1785153452657752000,121932490,121652369,-92.121,0.000,0.000,1.000,2.000,0.000,0.000,4.000,0,0,0
B3_zmq_pushpull,zmq_tcp,none,none,,1,16198,512,584,1785153452658561000,1785153452658561000,1785153452658561000,1785153452658562000,1785153452658732000,1785153452658735000,1785153452658735000,1785153452658735000,121932490,121652369,-110.121,0.000,0.000,1.000,3.000,0.000,0.000,18.000,0,0,0
B3_zmq_pushpull,zmq_tcp,none,none,,1,16199,512,584,1785153452659558000,1785153452659559000,1785153452659559000,1785153452659560000,1785153452659707000,1785153452659710000,1785153452659710000,1785153452659710000,121932490,121652369,-133.121,1.000,0.000,1.000,3.000,0.000,0.000,23.000,0,0,0
B3_zmq_pushpull,zmq_tcp,none,none,,1,16200,512,584,1785153452660558000,1785153452660558000,1785153452660558000,1785153452660559000,1785153452660686000,1785153452660688000,1785153452660688000,1785153452660688000,121932490,121652369,-153.121,0.000,0.000,1.000,2.000,0.000,0.000,20.000,0,0,0
B3_zmq_pushpull,zmq_tcp,none,none,,1,16201,512,584,1785153452661556000,1785153452661556000,1785153452661556000,1785153452661557000,1785153452661663000,1785153452661666000,1785153452661666000,1785153452661666000,121932490,121652369,-174.121,0.000,0.000,1.000,3.000,0.000,0.000,21.000,0,0,0
B3_zmq_pushpull,zmq_tcp,none,none,,1,16202,512,584,1785153452662562000,1785153452662562000,1785153452662563000,1785153452662563000,1785153452662659000,1785153452662662000,1785153452662662000,1785153452662662000,121932490,121652369,-184.121,0.000,1.000,0.000,3.000,0.000,0.000,10.000,0,0,0
B3_zmq_pushpull,zmq_tcp,none,none,,1,16203,512,584,1785153452663557000,1785153452663557000,1785153452663557000,1785153452663558000,1785153452663644000,1785153452663647000,1785153452663647000,1785153452663647000,121932490,121652369,-194.121,0.000,0.000,1.000,3.000,0.000,0.000,10.000,0,0,0
B3_zmq_pushpull,zmq_tcp,none,none,,1,16204,512,584,1785153452664562000,1785153452664562000,1785153452664562000,1785153452664563000,1785153452664751000,1785153452664754000,1785153452664754000,1785153452664754000,121932490,121652369,-92.121,0.000,0.000,1.000,3.000,0.000,0.000,102.000,0,0,0
B3_zmq_pushpull,zmq_tcp,none,none,,1,16205,512,584,1785153452665559000,1785153452665559000,1785153452665559000,1785153452665560000,1785153452665727000,1785153452665730000,1785153452665730000,1785153452665730000,121932490,121652369,-113.121,0.000,0.000,1.000,3.000,0.000,0.000,21.000,0,0,0
B3_zmq_pushpull,zmq_tcp,none,none,,1,16206,512,584,1785153452666558000,1785153452666559000,1785153452666559000,1785153452666560000,1785153452666707000,1785153452666711000,1785153452666711000,1785153452666711000,121932490,121652369,-133.121,1.000,0.000,1.000,4.000,0.000,0.000,20.000,0,0,0
B3_zmq_pushpull,zmq_tcp,none,none,,1,16207,512,584,1785153452667558000,1785153452667558000,1785153452667558000,1785153452667559000,1785153452667682000,1785153452667684000,1785153452667684000,1785153452667684000,121932490,121652369,-157.121,0.000,0.000,1.000,2.000,0.000,0.000,24.000,0,0,0
B3_zmq_pushpull,zmq_tcp,none,none,,1,16208,512,584,1785153452668558000,1785153452668558000,1785153452668558000,1785153452668559000,1785153452668670000,1785153452668672000,1785153452668672000,1785153452668672000,121932490,121652369,-169.121,0.000,0.000,1.000,2.000,0.000,0.000,12.000,0,0,0
B3_zmq_pushpull,zmq_tcp,none,none,,1,16209,512,584,1785153452669555000,1785153452669556000,1785153452669556000,1785153452669557000,1785153452669667000,1785153452669670000,1785153452669670000,1785153452669670000,121932490,121652369,-170.121,1.000,0.000,1.000,3.000,0.000,0.000,1.000,0,0,0
B3_zmq_pushpull,zmq_tcp,none,none,,1,16210,512,584,1785153452670562000,1785153452670562000,1785153452670563000,1785153452670563000,1785153452670655000,1785153452670658000,1785153452670658000,1785153452670658000,121932490,121652369,-188.121,0.000,1.000,0.000,3.000,0.000,0.000,18.000,0,0,0
B3_zmq_pushpull,zmq_tcp,none,none,,1,16211,512,584,1785153452671559000,1785153452671559000,1785153452671559000,1785153452671560000,1785153452671627000,1785153452671630000,1785153452671630000,1785153452671630000,121932490,121652369,-213.121,0.000,0.000,1.000,3.000,0.000,0.000,25.000,0,0,0
B3_zmq_pushpull,zmq_tcp,none,none,,1,16212,512,584,1785153452672478000,1785153452672478000,1785153452672478000,1785153452672479000,1785153452672638000,1785153452672640000,1785153452672641000,1785153452672641000,121932490,121652369,-121.121,0.000,0.000,1.000,2.000,1.000,0.000,92.000,0,0,0
B3_zmq_pushpull,zmq_tcp,none,none,,1,16213,512,584,1785153452673579000,1785153452673579000,1785153452673579000,1785153452673580000,1785153452673631000,1785153452673634000,1785153452673635000,1785153452673635000,121932490,121652369,-229.121,0.000,0.000,1.000,3.000,1.000,0.000,108.000,0,0,0
B3_zmq_pushpull,zmq_tcp,none,none,,1,16214,512,584,1785153452674553000,1785153452674553000,1785153452674553000,1785153452674554000,1785153452674610000,1785153452674615000,1785153452674615000,1785153452674615000,121932490,121652369,-224.121,0.000,0.000,1.000,5.000,0.000,0.000,5.000,0,0,0
B3_zmq_pushpull,zmq_tcp,none,none,,1,16215,512,584,1785153452675560000,1785153452675560000,1785153452675560000,1785153452675561000,1785153452675717000,1785153452675720000,1785153452675720000,1785153452675720000,121932490,121652369,-124.121,0.000,0.000,1.000,3.000,0.000,0.000,100.000,0,0,0
B3_zmq_pushpull,zmq_tcp,none,none,,1,16216,512,584,1785153452676561000,1785153452676562000,1785153452676562000,1785153452676563000,1785153452676717000,1785153452676720000,1785153452676720000,1785153452676720000,121932490,121652369,-126.121,1.000,0.000,1.000,3.000,0.000,0.000,2.000,0,0,0
B3_zmq_pushpull,zmq_tcp,none,none,,1,16217,512,584,1785153452677558000,1785153452677558000,1785153452677558000,1785153452677559000,1785153452677697000,1785153452677700000,1785153452677700000,1785153452677700000,121932490,121652369,-142.121,0.000,0.000,1.000,3.000,0.000,0.000,16.000,0,0,0
B3_zmq_pushpull,zmq_tcp,none,none,,1,16218,512,584,1785153452678389000,1785153452678389000,1785153452678389000,1785153452678390000,1785153452678549000,1785153452678551000,1785153452678551000,1785153452678551000,121932490,121652369,-121.121,0.000,0.000,1.000,2.000,0.000,0.000,21.000,0,0,0
B3_zmq_pushpull,zmq_tcp,none,none,,1,16219,512,584,1785153452679365000,1785153452679365000,1785153452679365000,1785153452679366000,1785153452679522000,1785153452679524000,1785153452679524000,1785153452679524000,121932490,121652369,-124.121,0.000,0.000,1.000,2.000,0.000,0.000,3.000,0,0,0
B3_zmq_pushpull,zmq_tcp,none,none,,1,16220,512,584,1785153452680472000,1785153452680472000,1785153452680472000,1785153452680473000,1785153452680627000,1785153452680630000,1785153452680630000,1785153452680630000,121932490,121652369,-126.121,0.000,0.000,1.000,3.000,0.000,0.000,2.000,0,0,0
B3_zmq_pushpull,zmq_tcp,none,none,,1,16221,512,584,1785153452681454000,1785153452681455000,1785153452681455000,1785153452681456000,1785153452681606000,1785153452681608000,1785153452681609000,1785153452681609000,121932490,121652369,-130.121,1.000,0.000,1.000,2.000,1.000,0.000,4.000,0,0,0
B3_zmq_pushpull,zmq_tcp,none,none,,1,16222,512,584,1785153452682585000,1785153452682585000,1785153452682585000,1785153452682586000,1785153452682725000,1785153452682727000,1785153452682727000,1785153452682727000,121932490,121652369,-141.121,0.000,0.000,1.000,2.000,0.000,0.000,11.000,0,0,0
B3_zmq_pushpull,zmq_tcp,none,none,,1,16223,512,584,1785153452683419000,1785153452683419000,1785153452683419000,1785153452683420000,1785153452683577000,1785153452683579000,1785153452683579000,1785153452683579000,121932490,121652369,-123.121,0.000,0.000,1.000,2.000,0.000,0.000,18.000,0,0,0
B3_zmq_pushpull,zmq_tcp,none,none,,1,16224,512,584,1785153452684421000,1785153452684421000,1785153452684421000,1785153452684422000,1785153452684581000,1785153452684583000,1785153452684583000,1785153452684583000,121932490,121652369,-121.121,0.000,0.000,1.000,2.000,0.000,0.000,2.000,0,0,0
B3_zmq_pushpull,zmq_tcp,none,none,,1,16225,512,584,1785153452685414000,1785153452685414000,1785153452685414000,1785153452685415000,1785153452685574000,1785153452685577000,1785153452685577000,1785153452685577000,121932490,121652369,-121.121,0.000,0.000,1.000,3.000,0.000,0.000,0.000,0,0,0
B3_zmq_pushpull,zmq_tcp,none,none,,1,16226,512,584,1785153452686390000,1785153452686390000,1785153452686390000,1785153452686391000,1785153452686539000,1785153452686542000,1785153452686542000,1785153452686542000,121932490,121652369,-132.121,0.000,0.000,1.000,3.000,0.000,0.000,11.000,0,0,0
B3_zmq_pushpull,zmq_tcp,none,none,,1,16227,512,584,1785153452687600000,1785153452687600000,1785153452687600000,1785153452687601000,1785153452687659000,1785153452687662000,1785153452687662000,1785153452687662000,121932490,121652369,-222.121,0.000,0.000,1.000,3.000,0.000,0.000,90.000,0,0,0
B3_zmq_pushpull,zmq_tcp,none,none,,1,16228,512,584,1785153452688549000,1785153452688549000,1785153452688549000,1785153452688550000,1785153452688625000,1785153452688627000,1785153452688627000,1785153452688627000,121932490,121652369,-205.121,0.000,0.000,1.000,2.000,0.000,0.000,17.000,0,0,0
B3_zmq_pushpull,zmq_tcp,none,none,,1,16229,512,584,1785153452689561000,1785153452689561000,1785153452689561000,1785153452689562000,1785153452689733000,1785153452689736000,1785153452689736000,1785153452689736000,121932490,121652369,-109.121,0.000,0.000,1.000,3.000,0.000,0.000,96.000,0,0,0
B3_zmq_pushpull,zmq_tcp,none,none,,1,16230,512,584,1785153452690421000,1785153452690421000,1785153452690421000,1785153452690422000,1785153452690581000,1785153452690584000,1785153452690584000,1785153452690584000,121932490,121652369,-121.121,0.000,0.000,1.000,3.000,0.000,0.000,12.000,0,0,0
B3_zmq_pushpull,zmq_tcp,none,none,,1,16231,512,584,1785153452691595000,1785153452691595000,1785153452691595000,1785153452691596000,1785153452691685000,1785153452691687000,1785153452691687000,1785153452691687000,121932490,121652369,-191.121,0.000,0.000,1.000,2.000,0.000,0.000,70.000,0,0,0
B3_zmq_pushpull,zmq_tcp,none,none,,1,16232,512,584,1785153452692549000,1785153452692549000,1785153452692549000,1785153452692550000,1785153452692681000,1785153452692683000,1785153452692683000,1785153452692683000,121932490,121652369,-149.121,0.000,0.000,1.000,2.000,0.000,0.000,42.000,0,0,0
B3_zmq_pushpull,zmq_tcp,none,none,,1,16233,512,584,1785153452693563000,1785153452693563000,1785153452693563000,1785153452693564000,1785153452693666000,1785153452693669000,1785153452693669000,1785153452693669000,121932490,121652369,-178.121,0.000,0.000,1.000,3.000,0.000,0.000,29.000,0,0,0
B3_zmq_pushpull,zmq_tcp,none,none,,1,16234,512,584,1785153452694557000,1785153452694557000,1785153452694557000,1785153452694558000,1785153452694650000,1785153452694653000,1785153452694653000,1785153452694653000,121932490,121652369,-188.121,0.000,0.000,1.000,3.000,0.000,0.000,10.000,0,0,0
B3_zmq_pushpull,zmq_tcp,none,none,,1,16235,512,584,1785153452695486000,1785153452695486000,1785153452695486000,1785153452695487000,1785153452695641000,1785153452695643000,1785153452695643000,1785153452695643000,121932490,121652369,-126.121,0.000,0.000,1.000,2.000,0.000,0.000,62.000,0,0,0
B3_zmq_pushpull,zmq_tcp,none,none,,1,16236,512,584,1785153452696457000,1785153452696457000,1785153452696457000,1785153452696458000,1785153452696610000,1785153452696613000,1785153452696613000,1785153452696613000,121932490,121652369,-128.121,0.000,0.000,1.000,3.000,0.000,0.000,2.000,0,0,0
B3_zmq_pushpull,zmq_tcp,none,none,,1,16237,512,584,1785153452697441000,1785153452697441000,1785153452697441000,1785153452697442000,1785153452697599000,1785153452697602000,1785153452697602000,1785153452697602000,121932490,121652369,-123.121,0.000,0.000,1.000,3.000,0.000,0.000,5.000,0,0,0
B3_zmq_pushpull,zmq_tcp,none,none,,1,16238,512,584,1785153452698422000,1785153452698423000,1785153452698423000,1785153452698424000,1785153452698570000,1785153452698572000,1785153452698572000,1785153452698572000,121932490,121652369,-134.121,1.000,0.000,1.000,2.000,0.000,0.000,11.000,0,0,0
B3_zmq_pushpull,zmq_tcp,none,none,,1,16239,512,584,1785153452699400000,1785153452699400000,1785153452699400000,1785153452699401000,1785153452699558000,1785153452699561000,1785153452699561000,1785153452699561000,121932490,121652369,-123.121,0.000,0.000,1.000,3.000,0.000,0.000,11.000,0,0,0
B3_zmq_pushpull,zmq_tcp,none,none,,1,16240,512,584,1785153452700379000,1785153452700379000,1785153452700379000,1785153452700380000,1785153452700535000,1785153452700540000,1785153452700540000,1785153452700540000,121932490,121652369,-125.121,0.000,0.000,1.000,5.000,0.000,0.000,2.000,0,0,0
B3_zmq_pushpull,zmq_tcp,none,none,,1,16241,512,584,1785153452701365000,1785153452701365000,1785153452701365000,1785153452701366000,1785153452701521000,1785153452701523000,1785153452701523000,1785153452701523000,121932490,121652369,-125.121,0.000,0.000,1.000,2.000,0.000,0.000,0.000,0,0,0
B3_zmq_pushpull,zmq_tcp,none,none,,1,16242,512,584,1785153452702484000,1785153452702484000,1785153452702484000,1785153452702485000,1785153452702635000,1785153452702638000,1785153452702638000,1785153452702638000,121932490,121652369,-130.121,0.000,0.000,1.000,3.000,0.000,0.000,5.000,0,0,0
B3_zmq_pushpull,zmq_tcp,none,none,,1,16243,512,584,1785153452703472000,1785153452703473000,1785153452703473000,1785153452703474000,1785153452703618000,1785153452703621000,1785153452703621000,1785153452703621000,121932490,121652369,-136.121,1.000,0.000,1.000,3.000,0.000,0.000,6.000,0,0,0
B3_zmq_pushpull,zmq_tcp,none,none,,1,16244,512,584,1785153452704584000,1785153452704584000,1785153452704584000,1785153452704585000,1785153452704749000,1785153452704751000,1785153452704751000,1785153452704751000,121932490,121652369,-116.121,0.000,0.000,1.000,2.000,0.000,0.000,20.000,0,0,0
B3_zmq_pushpull,zmq_tcp,none,none,,1,16245,512,584,1785153452705556000,1785153452705556000,1785153452705556000,1785153452705557000,1785153452705746000,1785153452705749000,1785153452705749000,1785153452705749000,121932490,121652369,-91.121,0.000,0.000,1.000,3.000,0.000,0.000,25.000,0,0,0
B3_zmq_pushpull,zmq_tcp,none,none,,1,16246,512,584,1785153452706434000,1785153452706434000,1785153452706434000,1785153452706436000,1785153452706582000,1785153452706585000,1785153452706585000,1785153452706585000,121932490,121652369,-134.121,0.000,0.000,2.000,3.000,0.000,0.000,43.000,0,0,0
B3_zmq_pushpull,zmq_tcp,none,none,,1,16247,512,584,1785153452707590000,1785153452707590000,1785153452707590000,1785153452707591000,1785153452707706000,1785153452707709000,1785153452707709000,1785153452707709000,121932490,121652369,-165.121,0.000,0.000,1.000,3.000,0.000,0.000,31.000,0,0,0
B3_zmq_pushpull,zmq_tcp,none,none,,1,16248,512,584,1785153452708548000,1785153452708548000,1785153452708548000,1785153452708549000,1785153452708693000,1785153452708695000,1785153452708695000,1785153452708695000,121932490,121652369,-136.121,0.000,0.000,1.000,2.000,0.000,0.000,29.000,0,0,0
B3_zmq_pushpull,zmq_tcp,none,none,,1,16249,512,584,1785153452709561000,1785153452709561000,1785153452709561000,1785153452709562000,1785153452709679000,1785153452709682000,1785153452709682000,1785153452709682000,121932490,121652369,-163.121,0.000,0.000,1.000,3.000,0.000,0.000,27.000,0,0,0
B3_zmq_pushpull,zmq_tcp,none,none,,1,16250,512,584,1785153452710371000,1785153452710371000,1785153452710371000,1785153452710372000,1785153452710523000,1785153452710526000,1785153452710526000,1785153452710526000,121932490,121652369,-129.121,0.000,0.000,1.000,3.000,0.000,0.000,34.000,0,0,0
B3_zmq_pushpull,zmq_tcp,none,none,,1,16251,512,584,1785153452711370000,1785153452711370000,1785153452711370000,1785153452711371000,1785153452711530000,1785153452711533000,1785153452711533000,1785153452711533000,121932490,121652369,-121.121,0.000,0.000,1.000,3.000,0.000,0.000,8.000,0,0,0
B3_zmq_pushpull,zmq_tcp,none,none,,1,16252,512,584,1785153452712373000,1785153452712374000,1785153452712374000,1785153452712375000,1785153452712534000,1785153452712537000,1785153452712537000,1785153452712537000,121932490,121652369,-121.121,1.000,0.000,1.000,3.000,0.000,0.000,0.000,0,0,0
B3_zmq_pushpull,zmq_tcp,none,none,,1,16253,512,584,1785153452713605000,1785153452713605000,1785153452713605000,1785153452713606000,1785153452713793000,1785153452713795000,1785153452713795000,1785153452713795000,121932490,121652369,-93.121,0.000,0.000,1.000,2.000,0.000,0.000,28.000,0,0,0
B3_zmq_pushpull,zmq_tcp,none,none,,1,16254,512,584,1785153452714483000,1785153452714483000,1785153452714483000,1785153452714484000,1785153452714627000,1785153452714630000,1785153452714630000,1785153452714630000,121932490,121652369,-137.121,0.000,0.000,1.000,3.000,0.000,0.000,44.000,0,0,0
B3_zmq_pushpull,zmq_tcp,none,none,,1,16255,512,584,1785153452715574000,1785153452715575000,1785153452715575000,1785153452715576000,1785153452715732000,1785153452715734000,1785153452715734000,1785153452715734000,121932490,121652369,-124.121,1.000,0.000,1.000,2.000,0.000,0.000,13.000,0,0,0
B3_zmq_pushpull,zmq_tcp,none,none,,1,16256,512,584,1785153452716554000,1785153452716554000,1785153452716555000,1785153452716555000,1785153452716709000,1785153452716711000,1785153452716712000,1785153452716712000,121932490,121652369,-126.121,0.000,1.000,0.000,2.000,1.000,0.000,2.000,0,0,0
B3_zmq_pushpull,zmq_tcp,none,none,,1,16257,512,584,1785153452717561000,1785153452717561000,1785153452717561000,1785153452717562000,1785153452717686000,1785153452717689000,1785153452717689000,1785153452717689000,121932490,121652369,-156.121,0.000,0.000,1.000,3.000,0.000,0.000,30.000,0,0,0
B3_zmq_pushpull,zmq_tcp,none,none,,1,16258,512,584,1785153452718556000,1785153452718556000,1785153452718556000,1785153452718557000,1785153452718665000,1785153452718667000,1785153452718667000,1785153452718667000,121932490,121652369,-172.121,0.000,0.000,1.000,2.000,0.000,0.000,16.000,0,0,0
B3_zmq_pushpull,zmq_tcp,none,none,,1,16259,512,584,1785153452719560000,1785153452719560000,1785153452719560000,1785153452719561000,1785153452719625000,1785153452719628000,1785153452719628000,1785153452719628000,121932490,121652369,-216.121,0.000,0.000,1.000,3.000,0.000,0.000,44.000,0,0,0
B3_zmq_pushpull,zmq_tcp,none,none,,1,16260,512,584,1785153452720558000,1785153452720559000,1785153452720559000,1785153452720560000,1785153452720742000,1785153452720746000,1785153452720746000,1785153452720746000,121932490,121652369,-98.121,1.000,0.000,1.000,4.000,0.000,0.000,118.000,0,0,0
B3_zmq_pushpull,zmq_tcp,none,none,,1,16261,512,584,1785153452721442000,1785153452721442000,1785153452721442000,1785153452721443000,1785153452721594000,1785153452721597000,1785153452721597000,1785153452721597000,121932490,121652369,-129.121,0.000,0.000,1.000,3.000,0.000,0.000,31.000,0,0,0
B3_zmq_pushpull,zmq_tcp,none,none,,1,16262,512,584,1785153452722429000,1785153452722430000,1785153452722430000,1785153452722431000,1785153452722583000,1785153452722586000,1785153452722586000,1785153452722586000,121932490,121652369,-128.121,1.000,0.000,1.000,3.000,0.000,0.000,1.000,0,0,0
B3_zmq_pushpull,zmq_tcp,none,none,,1,16263,512,584,1785153452723410000,1785153452723410000,1785153452723410000,1785153452723411000,1785153452723553000,1785153452723555000,1785153452723555000,1785153452723555000,121932490,121652369,-138.121,0.000,0.000,1.000,2.000,0.000,0.000,10.000,0,0,0
B3_zmq_pushpull,zmq_tcp,none,none,,1,16264,512,584,1785153452724596000,1785153452724597000,1785153452724597000,1785153452724598000,1785153452724682000,1785153452724685000,1785153452724685000,1785153452724685000,121932490,121652369,-196.121,1.000,0.000,1.000,3.000,0.000,0.000,58.000,0,0,0
B3_zmq_pushpull,zmq_tcp,none,none,,1,16265,512,584,1785153452725549000,1785153452725549000,1785153452725549000,1785153452725550000,1785153452725665000,1785153452725667000,1785153452725667000,1785153452725667000,121932490,121652369,-165.121,0.000,0.000,1.000,2.000,0.000,0.000,31.000,0,0,0
B3_zmq_pushpull,zmq_tcp,none,none,,1,16266,512,584,1785153452726561000,1785153452726561000,1785153452726561000,1785153452726562000,1785153452726653000,1785153452726655000,1785153452726655000,1785153452726655000,121932490,121652369,-189.121,0.000,0.000,1.000,2.000,0.000,0.000,24.000,0,0,0
B3_zmq_pushpull,zmq_tcp,none,none,,1,16267,512,584,1785153452727558000,1785153452727558000,1785153452727559000,1785153452727559000,1785153452727647000,1785153452727650000,1785153452727650000,1785153452727650000,121932490,121652369,-192.121,0.000,1.000,0.000,3.000,0.000,0.000,3.000,0,0,0
B3_zmq_pushpull,zmq_tcp,none,none,,1,16268,512,584,1785153452728559000,1785153452728560000,1785153452728560000,1785153452728561000,1785153452728641000,1785153452728644000,1785153452728644000,1785153452728644000,121932490,121652369,-200.121,1.000,0.000,1.000,3.000,0.000,0.000,8.000,0,0,0
B3_zmq_pushpull,zmq_tcp,none,none,,1,16269,512,584,1785153452729556000,1785153452729556000,1785153452729556000,1785153452729557000,1785153452729629000,1785153452729631000,1785153452729631000,1785153452729631000,121932490,121652369,-208.121,0.000,0.000,1.000,2.000,0.000,0.000,8.000,0,0,0
B3_zmq_pushpull,zmq_tcp,none,none,,1,16270,512,584,1785153452730560000,1785153452730560000,1785153452730560000,1785153452730561000,1785153452730614000,1785153452730618000,1785153452730618000,1785153452730618000,121932490,121652369,-227.121,0.000,0.000,1.000,4.000,0.000,0.000,19.000,0,0,0
B3_zmq_pushpull,zmq_tcp,none,none,,1,16271,512,584,1785153452731558000,1785153452731559000,1785153452731559000,1785153452731560000,1785153452731609000,1785153452731612000,1785153452731612000,1785153452731613000,121932490,121652369,-231.121,1.000,0.000,1.000,3.000,0.000,1.000,4.000,0,0,0
B3_zmq_pushpull,zmq_tcp,none,none,,1,16272,512,584,1785153452732448000,1785153452732448000,1785153452732448000,1785153452732449000,1785153452732595000,1785153452732598000,1785153452732598000,1785153452732598000,121932490,121652369,-134.121,0.000,0.000,1.000,3.000,0.000,0.000,97.000,0,0,0
B3_zmq_pushpull,zmq_tcp,none,none,,1,16273,512,584,1785153452733584000,1785153452733584000,1785153452733584000,1785153452733585000,1785153452733722000,1785153452733725000,1785153452733725000,1785153452733725000,121932490,121652369,-143.121,0.000,0.000,1.000,3.000,0.000,0.000,9.000,0,0,0
B3_zmq_pushpull,zmq_tcp,none,none,,1,16274,512,584,1785153452734553000,1785153452734553000,1785153452734554000,1785153452734554000,1785153452734712000,1785153452734714000,1785153452734714000,1785153452734714000,121932490,121652369,-122.121,0.000,1.000,0.000,2.000,0.000,0.000,21.000,0,0,0
B3_zmq_pushpull,zmq_tcp,none,none,,1,16275,512,584,1785153452735560000,1785153452735560000,1785153452735560000,1785153452735561000,1785153452735688000,1785153452735690000,1785153452735691000,1785153452735691000,121932490,121652369,-153.121,0.000,0.000,1.000,2.000,1.000,0.000,31.000,0,0,0
B3_zmq_pushpull,zmq_tcp,none,none,,1,16276,512,584,1785153452736556000,1785153452736556000,1785153452736556000,1785153452736557000,1785153452736673000,1785153452736675000,1785153452736675000,1785153452736675000,121932490,121652369,-164.121,0.000,0.000,1.000,2.000,0.000,0.000,11.000,0,0,0
B3_zmq_pushpull,zmq_tcp,none,none,,1,16277,512,584,1785153452737560000,1785153452737560000,1785153452737560000,1785153452737561000,1785153452737658000,1785153452737661000,1785153452737661000,1785153452737661000,121932490,121652369,-183.121,0.000,0.000,1.000,3.000,0.000,0.000,19.000,0,0,0
B3_zmq_pushpull,zmq_tcp,none,none,,1,16278,512,584,1785153452738480000,1785153452738480000,1785153452738480000,1785153452738481000,1785153452738633000,1785153452738636000,1785153452738636000,1785153452738636000,121932490,121652369,-128.121,0.000,0.000,1.000,3.000,0.000,0.000,55.000,0,0,0
B3_zmq_pushpull,zmq_tcp,none,none,,1,16279,512,584,1785153452739469000,1785153452739469000,1785153452739469000,1785153452739470000,1785153452739619000,1785153452739622000,1785153452739622000,1785153452739622000,121932490,121652369,-131.121,0.000,0.000,1.000,3.000,0.000,0.000,3.000,0,0,0
B3_zmq_pushpull,zmq_tcp,none,none,,1,16280,512,584,1785153452740579000,1785153452740579000,1785153452740579000,1785153452740580000,1785153452740726000,1785153452740729000,1785153452740729000,1785153452740729000,121932490,121652369,-134.121,0.000,0.000,1.000,3.000,0.000,0.000,3.000,0,0,0
B3_zmq_pushpull,zmq_tcp,none,none,,1,16281,512,584,1785153452741433000,1785153452741433000,1785153452741434000,1785153452741435000,1785153452741582000,1785153452741585000,1785153452741585000,1785153452741585000,121932490,121652369,-133.121,0.000,1.000,1.000,3.000,0.000,0.000,1.000,0,0,0
B3_zmq_pushpull,zmq_tcp,none,none,,1,16282,512,584,1785153452742590000,1785153452742591000,1785153452742591000,1785153452742592000,1785153452742673000,1785153452742676000,1785153452742676000,1785153452742676000,121932490,121652369,-199.121,1.000,0.000,1.000,3.000,0.000,0.000,66.000,0,0,0
B3_zmq_pushpull,zmq_tcp,none,none,,1,16283,512,584,1785153452743548000,1785153452743548000,1785153452743548000,1785153452743549000,1785153452743630000,1785153452743633000,1785153452743633000,1785153452743633000,121932490,121652369,-199.121,0.000,0.000,1.000,3.000,0.000,0.000,0.000,0,0,0
B3_zmq_pushpull,zmq_tcp,none,none,,1,16284,512,584,1785153452744561000,1785153452744561000,1785153452744561000,1785153452744562000,1785153452744728000,1785153452744730000,1785153452744730000,1785153452744730000,121932490,121652369,-114.121,0.000,0.000,1.000,2.000,0.000,0.000,85.000,0,0,0
B3_zmq_pushpull,zmq_tcp,none,none,,1,16285,512,584,1785153452745559000,1785153452745559000,1785153452745559000,1785153452745560000,1785153452745712000,1785153452745714000,1785153452745714000,1785153452745714000,121932490,121652369,-128.121,0.000,0.000,1.000,2.000,0.000,0.000,14.000,0,0,0
B3_zmq_pushpull,zmq_tcp,none,none,,1,16286,512,584,1785153452746384000,1785153452746384000,1785153452746384000,1785153452746385000,1785153452746541000,1785153452746543000,1785153452746543000,1785153452746543000,121932490,121652369,-124.121,0.000,0.000,1.000,2.000,0.000,0.000,4.000,0,0,0
B3_zmq_pushpull,zmq_tcp,none,none,,1,16287,512,584,1785153452747604000,1785153452747604000,1785153452747604000,1785153452747605000,1785153452747780000,1785153452747782000,1785153452747782000,1785153452747782000,121932490,121652369,-105.121,0.000,0.000,1.000,2.000,0.000,0.000,19.000,0,0,0
B3_zmq_pushpull,zmq_tcp,none,none,,1,16288,512,584,1785153452748548000,1785153452748548000,1785153452748548000,1785153452748549000,1785153452748619000,1785153452748622000,1785153452748622000,1785153452748622000,121932490,121652369,-210.121,0.000,0.000,1.000,3.000,0.000,0.000,105.000,0,0,0
B3_zmq_pushpull,zmq_tcp,none,none,,1,16289,512,584,1785153452749561000,1785153452749561000,1785153452749561000,1785153452749562000,1785153452749609000,1785153452749613000,1785153452749613000,1785153452749613000,121932490,121652369,-233.121,0.000,0.000,1.000,4.000,0.000,0.000,23.000,0,0,0
B3_zmq_pushpull,zmq_tcp,none,none,,1,16290,512,584,1785153452750557000,1785153452750557000,1785153452750557000,1785153452750558000,1785153452750728000,1785153452750730000,1785153452750730000,1785153452750730000,121932490,121652369,-110.121,0.000,0.000,1.000,2.000,0.000,0.000,123.000,0,0,0
B3_zmq_pushpull,zmq_tcp,none,none,,1,16291,512,584,1785153452751560000,1785153452751560000,1785153452751560000,1785153452751561000,1785153452751696000,1785153452751698000,1785153452751698000,1785153452751698000,121932490,121652369,-145.121,0.000,0.000,1.000,2.000,0.000,0.000,35.000,0,0,0
B3_zmq_pushpull,zmq_tcp,none,none,,1,16292,512,584,1785153452752559000,1785153452752560000,1785153452752560000,1785153452752561000,1785153452752678000,1785153452752680000,1785153452752680000,1785153452752680000,121932490,121652369,-163.121,1.000,0.000,1.000,2.000,0.000,0.000,18.000,0,0,0
B3_zmq_pushpull,zmq_tcp,none,none,,1,16293,512,584,1785153452753560000,1785153452753561000,1785153452753561000,1785153452753562000,1785153452753657000,1785153452753660000,1785153452753660000,1785153452753660000,121932490,121652369,-185.121,1.000,0.000,1.000,3.000,0.000,0.000,22.000,0,0,0
B3_zmq_pushpull,zmq_tcp,none,none,,1,16294,512,584,1785153452754557000,1785153452754557000,1785153452754557000,1785153452754558000,1785153452754624000,1785153452754626000,1785153452754626000,1785153452754626000,121932490,121652369,-214.121,0.000,0.000,1.000,2.000,0.000,0.000,29.000,0,0,0
B3_zmq_pushpull,zmq_tcp,none,none,,1,16295,512,584,1785153452755565000,1785153452755565000,1785153452755565000,1785153452755566000,1785153452755630000,1785153452755633000,1785153452755633000,1785153452755633000,121932490,121652369,-216.121,0.000,0.000,1.000,3.000,0.000,0.000,2.000,0,0,0
B3_zmq_pushpull,zmq_tcp,none,none,,1,16296,512,584,1785153452756557000,1785153452756557000,1785153452756557000,1785153452756558000,1785153452756618000,1785153452756621000,1785153452756621000,1785153452756621000,121932490,121652369,-220.121,0.000,0.000,1.000,3.000,0.000,0.000,4.000,0,0,0
B3_zmq_pushpull,zmq_tcp,none,none,,1,16297,512,584,1785153452757559000,1785153452757559000,1785153452757559000,1785153452757560000,1785153452757732000,1785153452757734000,1785153452757734000,1785153452757734000,121932490,121652369,-108.121,0.000,0.000,1.000,2.000,0.000,0.000,112.000,0,0,0
B3_zmq_pushpull,zmq_tcp,none,none,,1,16298,512,584,1785153452758401000,1785153452758401000,1785153452758401000,1785153452758402000,1785153452758545000,1785153452758548000,1785153452758548000,1785153452758548000,121932490,121652369,-137.121,0.000,0.000,1.000,3.000,0.000,0.000,29.000,0,0,0
B3_zmq_pushpull,zmq_tcp,none,none,,1,16299,512,584,1785153452759388000,1785153452759388000,1785153452759388000,1785153452759389000,1785153452759533000,1785153452759536000,1785153452759536000,1785153452759536000,121932490,121652369,-136.121,0.000,0.000,1.000,3.000,0.000,0.000,1.000,0,0,0
B3_zmq_pushpull,zmq_tcp,none,none,,1,16300,512,584,1785153452760375000,1785153452760375000,1785153452760375000,1785153452760376000,1785153452760536000,1785153452760538000,1785153452760538000,1785153452760538000,121932490,121652369,-120.121,0.000,0.000,1.000,2.000,0.000,0.000,16.000,0,0,0
B3_zmq_pushpull,zmq_tcp,none,none,,1,16301,512,584,1785153452761608000,1785153452761608000,1785153452761608000,1785153452761609000,1785153452761663000,1785153452761666000,1785153452761666000,1785153452761666000,121932490,121652369,-226.121,0.000,0.000,1.000,3.000,0.000,0.000,106.000,0,0,0
B3_zmq_pushpull,zmq_tcp,none,none,,1,16302,512,584,1785153452762547000,1785153452762547000,1785153452762547000,1785153452762548000,1785153452762650000,1785153452762653000,1785153452762653000,1785153452762653000,121932490,121652369,-178.121,0.000,0.000,1.000,3.000,0.000,0.000,48.000,0,0,0
B3_zmq_pushpull,zmq_tcp,none,none,,1,16303,512,584,1785153452763563000,1785153452763563000,1785153452763563000,1785153452763564000,1785153452763645000,1785153452763648000,1785153452763648000,1785153452763648000,121932490,121652369,-199.121,0.000,0.000,1.000,3.000,0.000,0.000,21.000,0,0,0
B3_zmq_pushpull,zmq_tcp,none,none,,1,16304,512,584,1785153452764559000,1785153452764559000,1785153452764559000,1785153452764560000,1785153452764620000,1785153452764622000,1785153452764622000,1785153452764622000,121932490,121652369,-220.121,0.000,0.000,1.000,2.000,0.000,0.000,21.000,0,0,0
B3_zmq_pushpull,zmq_tcp,none,none,,1,16305,512,584,1785153452765559000,1785153452765559000,1785153452765559000,1785153452765560000,1785153452765721000,1785153452765724000,1785153452765724000,1785153452765724000,121932490,121652369,-119.121,0.000,0.000,1.000,3.000,0.000,0.000,101.000,0,0,0
B3_zmq_pushpull,zmq_tcp,none,none,,1,16306,512,584,1785153452766415000,1785153452766415000,1785153452766415000,1785153452766416000,1785153452766572000,1785153452766574000,1785153452766574000,1785153452766574000,121932490,121652369,-124.121,0.000,0.000,1.000,2.000,0.000,0.000,5.000,0,0,0
B3_zmq_pushpull,zmq_tcp,none,none,,1,16307,512,584,1785153452767597000,1785153452767597000,1785153452767597000,1785153452767598000,1785153452767688000,1785153452767690000,1785153452767690000,1785153452767690000,121932490,121652369,-190.121,0.000,0.000,1.000,2.000,0.000,0.000,66.000,0,0,0
B3_zmq_pushpull,zmq_tcp,none,none,,1,16308,512,584,1785153452768549000,1785153452768549000,1785153452768549000,1785153452768550000,1785153452768661000,1785153452768664000,1785153452768664000,1785153452768664000,121932490,121652369,-169.121,0.000,0.000,1.000,3.000,0.000,0.000,21.000,0,0,0
B3_zmq_pushpull,zmq_tcp,none,none,,1,16309,512,584,1785153452769563000,1785153452769563000,1785153452769563000,1785153452769564000,1785153452769650000,1785153452769653000,1785153452769653000,1785153452769653000,121932490,121652369,-194.121,0.000,0.000,1.000,3.000,0.000,0.000,25.000,0,0,0
B3_zmq_pushpull,zmq_tcp,none,none,,1,16310,512,584,1785153452770553000,1785153452770553000,1785153452770553000,1785153452770554000,1785153452770638000,1785153452770643000,1785153452770643000,1785153452770643000,121932490,121652369,-196.121,0.000,0.000,1.000,5.000,0.000,0.000,2.000,0,0,0
B3_zmq_pushpull,zmq_tcp,none,none,,1,16311,512,584,1785153452771560000,1785153452771560000,1785153452771560000,1785153452771561000,1785153452771618000,1785153452771621000,1785153452771621000,1785153452771621000,121932490,121652369,-223.121,0.000,0.000,1.000,3.000,0.000,0.000,27.000,0,0,0
B3_zmq_pushpull,zmq_tcp,none,none,,1,16312,512,584,1785153452772560000,1785153452772560000,1785153452772560000,1785153452772561000,1785153452772605000,1785153452772609000,1785153452772609000,1785153452772609000,121932490,121652369,-236.121,0.000,0.000,1.000,4.000,0.000,0.000,13.000,0,0,0
B3_zmq_pushpull,zmq_tcp,none,none,,1,16313,512,584,1785153452773438000,1785153452773439000,1785153452773439000,1785153452773440000,1785153452773596000,1785153452773598000,1785153452773598000,1785153452773598000,121932490,121652369,-124.121,1.000,0.000,1.000,2.000,0.000,0.000,112.000,0,0,0
B3_zmq_pushpull,zmq_tcp,none,none,,1,16314,512,584,1785153452774414000,1785153452774414000,1785153452774414000,1785153452774416000,1785153452774561000,1785153452774564000,1785153452774564000,1785153452774564000,121932490,121652369,-135.121,0.000,0.000,2.000,3.000,0.000,0.000,11.000,0,0,0
B3_zmq_pushpull,zmq_tcp,none,none,,1,16315,512,584,1785153452775597000,1785153452775597000,1785153452775597000,1785153452775598000,1785153452775689000,1785153452775692000,1785153452775692000,1785153452775692000,121932490,121652369,-189.121,0.000,0.000,1.000,3.000,0.000,0.000,54.000,0,0,0
B3_zmq_pushpull,zmq_tcp,none,none,,1,16316,512,584,1785153452776550000,1785153452776550000,1785153452776550000,1785153452776551000,1785153452776674000,1785153452776677000,1785153452776677000,1785153452776677000,121932490,121652369,-157.121,0.000,0.000,1.000,3.000,0.000,0.000,32.000,0,0,0
B3_zmq_pushpull,zmq_tcp,none,none,,1,16317,512,584,1785153452777382000,1785153452777382000,1785153452777382000,1785153452777384000,1785153452777525000,1785153452777528000,1785153452777528000,1785153452777528000,121932490,121652369,-139.121,0.000,0.000,2.000,3.000,0.000,0.000,18.000,0,0,0
B3_zmq_pushpull,zmq_tcp,none,none,,1,16318,512,584,1785153452778604000,1785153452778604000,1785153452778604000,1785153452778605000,1785153452778650000,1785153452778653000,1785153452778653000,1785153452778653000,121932490,121652369,-235.121,0.000,0.000,1.000,3.000,0.000,0.000,96.000,0,0,0
B3_zmq_pushpull,zmq_tcp,none,none,,1,16319,512,584,1785153452779475000,1785153452779475000,1785153452779476000,1785153452779476000,1785153452779628000,1785153452779630000,1785153452779630000,1785153452779630000,121932490,121652369,-128.121,0.000,1.000,0.000,2.000,0.000,0.000,107.000,0,0,0
B3_zmq_pushpull,zmq_tcp,none,none,,1,16320,512,584,1785153452780439000,1785153452780439000,1785153452780439000,1785153452780440000,1785153452780598000,1785153452780602000,1785153452780602000,1785153452780602000,121932490,121652369,-122.121,0.000,0.000,1.000,4.000,0.000,0.000,6.000,0,0,0
B3_zmq_pushpull,zmq_tcp,none,none,,1,16321,512,584,1785153452781587000,1785153452781587000,1785153452781587000,1785153452781588000,1785153452781710000,1785153452781713000,1785153452781713000,1785153452781713000,121932490,121652369,-158.121,0.000,0.000,1.000,3.000,0.000,0.000,36.000,0,0,0
B3_zmq_pushpull,zmq_tcp,none,none,,1,16322,512,584,1785153452782552000,1785153452782552000,1785153452782552000,1785153452782553000,1785153452782686000,1785153452782689000,1785153452782689000,1785153452782689000,121932490,121652369,-147.121,0.000,0.000,1.000,3.000,0.000,0.000,11.000,0,0,0
B3_zmq_pushpull,zmq_tcp,none,none,,1,16323,512,584,1785153452783560000,1785153452783560000,1785153452783560000,1785153452783561000,1785153452783682000,1785153452783685000,1785153452783685000,1785153452783685000,121932490,121652369,-159.121,0.000,0.000,1.000,3.000,0.000,0.000,12.000,0,0,0
B3_zmq_pushpull,zmq_tcp,none,none,,1,16324,512,584,1785153452784556000,1785153452784556000,1785153452784556000,1785153452784557000,1785153452784656000,1785153452784659000,1785153452784659000,1785153452784659000,121932490,121652369,-181.121,0.000,0.000,1.000,3.000,0.000,0.000,22.000,0,0,0
B3_zmq_pushpull,zmq_tcp,none,none,,1,16325,512,584,1785153452785560000,1785153452785560000,1785153452785560000,1785153452785561000,1785153452785621000,1785153452785624000,1785153452785624000,1785153452785624000,121932490,121652369,-220.121,0.000,0.000,1.000,3.000,0.000,0.000,39.000,0,0,0
B3_zmq_pushpull,zmq_tcp,none,none,,1,16326,512,584,1785153452786561000,1785153452786561000,1785153452786561000,1785153452786562000,1785153452786616000,1785153452786619000,1785153452786619000,1785153452786619000,121932490,121652369,-226.121,0.000,0.000,1.000,3.000,0.000,0.000,6.000,0,0,0
B3_zmq_pushpull,zmq_tcp,none,none,,1,16327,512,584,1785153452787556000,1785153452787556000,1785153452787556000,1785153452787557000,1785153452787608000,1785153452787613000,1785153452787613000,1785153452787613000,121932490,121652369,-229.121,0.000,0.000,1.000,5.000,0.000,0.000,3.000,0,0,0
B3_zmq_pushpull,zmq_tcp,none,none,,1,16328,512,584,1785153452788450000,1785153452788450000,1785153452788450000,1785153452788451000,1785153452788609000,1785153452788612000,1785153452788612000,1785153452788612000,121932490,121652369,-122.121,0.000,0.000,1.000,3.000,0.000,0.000,107.000,0,0,0
B3_zmq_pushpull,zmq_tcp,none,none,,1,16329,512,584,1785153452789436000,1785153452789437000,1785153452789437000,1785153452789438000,1785153452789594000,1785153452789597000,1785153452789597000,1785153452789597000,121932490,121652369,-124.121,1.000,0.000,1.000,3.000,0.000,0.000,2.000,0,0,0
B3_zmq_pushpull,zmq_tcp,none,none,,1,16330,512,584,1785153452790425000,1785153452790425000,1785153452790425000,1785153452790426000,1785153452790576000,1785153452790578000,1785153452790579000,1785153452790579000,121932490,121652369,-130.121,0.000,0.000,1.000,2.000,1.000,0.000,6.000,0,0,0
B3_zmq_pushpull,zmq_tcp,none,none,,1,16331,512,584,1785153452791589000,1785153452791590000,1785153452791590000,1785153452791591000,1785153452791692000,1785153452791694000,1785153452791694000,1785153452791694000,121932490,121652369,-179.121,1.000,0.000,1.000,2.000,0.000,0.000,49.000,0,0,0
B3_zmq_pushpull,zmq_tcp,none,none,,1,16332,512,584,1785153452792552000,1785153452792552000,1785153452792552000,1785153452792553000,1785153452792674000,1785153452792677000,1785153452792677000,1785153452792677000,121932490,121652369,-159.121,0.000,0.000,1.000,3.000,0.000,0.000,20.000,0,0,0
B3_zmq_pushpull,zmq_tcp,none,none,,1,16333,512,584,1785153452793560000,1785153452793560000,1785153452793560000,1785153452793561000,1785153452793658000,1785153452793661000,1785153452793661000,1785153452793661000,121932490,121652369,-183.121,0.000,0.000,1.000,3.000,0.000,0.000,24.000,0,0,0
B3_zmq_pushpull,zmq_tcp,none,none,,1,16334,512,584,1785153452794558000,1785153452794558000,1785153452794558000,1785153452794559000,1785153452794661000,1785153452794664000,1785153452794664000,1785153452794664000,121932490,121652369,-178.121,0.000,0.000,1.000,3.000,0.000,0.000,5.000,0,0,0
B3_zmq_pushpull,zmq_tcp,none,none,,1,16335,512,584,1785153452795559000,1785153452795559000,1785153452795559000,1785153452795560000,1785153452795657000,1785153452795660000,1785153452795660000,1785153452795660000,121932490,121652369,-183.121,0.000,0.000,1.000,3.000,0.000,0.000,5.000,0,0,0
B3_zmq_pushpull,zmq_tcp,none,none,,1,16336,512,584,1785153452796561000,1785153452796561000,1785153452796561000,1785153452796562000,1785153452796636000,1785153452796639000,1785153452796639000,1785153452796639000,121932490,121652369,-206.121,0.000,0.000,1.000,3.000,0.000,0.000,23.000,0,0,0
B3_zmq_pushpull,zmq_tcp,none,none,,1,16337,512,584,1785153452797476000,1785153452797476000,1785153452797476000,1785153452797477000,1785153452797635000,1785153452797637000,1785153452797637000,1785153452797637000,121932490,121652369,-122.121,0.000,0.000,1.000,2.000,0.000,0.000,84.000,0,0,0
B3_zmq_pushpull,zmq_tcp,none,none,,1,16338,512,584,1785153452798580000,1785153452798580000,1785153452798580000,1785153452798581000,1785153452798628000,1785153452798631000,1785153452798631000,1785153452798631000,121932490,121652369,-233.121,0.000,0.000,1.000,3.000,0.000,0.000,111.000,0,0,0
B3_zmq_pushpull,zmq_tcp,none,none,,1,16339,512,584,1785153452799553000,1785153452799554000,1785153452799554000,1785153452799555000,1785153452799614000,1785153452799617000,1785153452799617000,1785153452799617000,121932490,121652369,-221.121,1.000,0.000,1.000,3.000,0.000,0.000,12.000,0,0,0
B3_zmq_pushpull,zmq_tcp,none,none,,1,16340,512,584,1785153452800561000,1785153452800561000,1785153452800561000,1785153452800562000,1785153452800747000,1785153452800750000,1785153452800750000,1785153452800750000,121932490,121652369,-95.121,0.000,0.000,1.000,3.000,0.000,0.000,126.000,0,0,0
B3_zmq_pushpull,zmq_tcp,none,none,,1,16341,512,584,1785153452801555000,1785153452801555000,1785153452801555000,1785153452801556000,1785153452801725000,1785153452801728000,1785153452801728000,1785153452801728000,121932490,121652369,-111.121,0.000,0.000,1.000,3.000,0.000,0.000,16.000,0,0,0
B3_zmq_pushpull,zmq_tcp,none,none,,1,16342,512,584,1785153452802560000,1785153452802560000,1785153452802560000,1785153452802561000,1785153452802694000,1785153452802698000,1785153452802698000,1785153452802698000,121932490,121652369,-147.121,0.000,0.000,1.000,4.000,0.000,0.000,36.000,0,0,0
B3_zmq_pushpull,zmq_tcp,none,none,,1,16343,512,584,1785153452803559000,1785153452803559000,1785153452803559000,1785153452803560000,1785153452803675000,1785153452803677000,1785153452803677000,1785153452803677000,121932490,121652369,-165.121,0.000,0.000,1.000,2.000,0.000,0.000,18.000,0,0,0
B3_zmq_pushpull,zmq_tcp,none,none,,1,16344,512,584,1785153452804561000,1785153452804561000,1785153452804561000,1785153452804562000,1785153452804655000,1785153452804657000,1785153452804657000,1785153452804657000,121932490,121652369,-187.121,0.000,0.000,1.000,2.000,0.000,0.000,22.000,0,0,0
B3_zmq_pushpull,zmq_tcp,none,none,,1,16345,512,584,1785153452805559000,1785153452805559000,1785153452805559000,1785153452805560000,1785153452805625000,1785153452805629000,1785153452805629000,1785153452805629000,121932490,121652369,-215.121,0.000,0.000,1.000,4.000,0.000,0.000,28.000,0,0,0
B3_zmq_pushpull,zmq_tcp,none,none,,1,16346,512,584,1785153452806559000,1785153452806559000,1785153452806559000,1785153452806560000,1785153452806604000,1785153452806607000,1785153452806607000,1785153452806607000,121932490,121652369,-236.121,0.000,0.000,1.000,3.000,0.000,0.000,21.000,0,0,0
B3_zmq_pushpull,zmq_tcp,none,none,,1,16347,512,584,1785153452807559000,1785153452807559000,1785153452807559000,1785153452807560000,1785153452807719000,1785153452807721000,1785153452807721000,1785153452807721000,121932490,121652369,-121.121,0.000,0.000,1.000,2.000,0.000,0.000,115.000,0,0,0
B3_zmq_pushpull,zmq_tcp,none,none,,1,16348,512,584,1785153452808560000,1785153452808560000,1785153452808560000,1785153452808561000,1785153452808721000,1785153452808724000,1785153452808724000,1785153452808724000,121932490,121652369,-120.121,0.000,0.000,1.000,3.000,0.000,0.000,1.000,0,0,0
B3_zmq_pushpull,zmq_tcp,none,none,,1,16349,512,584,1785153452809432000,1785153452809432000,1785153452809432000,1785153452809433000,1785153452809588000,1785153452809591000,1785153452809591000,1785153452809591000,121932490,121652369,-125.121,0.000,0.000,1.000,3.000,0.000,0.000,5.000,0,0,0
B3_zmq_pushpull,zmq_tcp,none,none,,1,16350,512,584,1785153452810591000,1785153452810591000,1785153452810591000,1785153452810592000,1785153452810731000,1785153452810734000,1785153452810734000,1785153452810734000,121932490,121652369,-141.121,0.000,0.000,1.000,3.000,0.000,0.000,16.000,0,0,0
B3_zmq_pushpull,zmq_tcp,none,none,,1,16351,512,584,1785153452811551000,1785153452811551000,1785153452811552000,1785153452811552000,1785153452811742000,1785153452811745000,1785153452811745000,1785153452811745000,121932490,121652369,-90.121,0.000,1.000,0.000,3.000,0.000,0.000,51.000,0,0,0
B3_zmq_pushpull,zmq_tcp,none,none,,1,16352,512,584,1785153452812451000,1785153452812451000,1785153452812451000,1785153452812452000,1785153452812604000,1785153452812608000,1785153452812608000,1785153452812608000,121932490,121652369,-128.121,0.000,0.000,1.000,4.000,0.000,0.000,38.000,0,0,0
B3_zmq_pushpull,zmq_tcp,none,none,,1,16353,512,584,1785153452813584000,1785153452813584000,1785153452813584000,1785153452813585000,1785153452813722000,1785153452813725000,1785153452813725000,1785153452813725000,121932490,121652369,-143.121,0.000,0.000,1.000,3.000,0.000,0.000,15.000,0,0,0
B3_zmq_pushpull,zmq_tcp,none,none,,1,16354,512,584,1785153452814554000,1785153452814555000,1785153452814555000,1785153452814556000,1785153452814714000,1785153452814717000,1785153452814717000,1785153452814717000,121932490,121652369,-122.121,1.000,0.000,1.000,3.000,0.000,0.000,21.000,0,0,0
B3_zmq_pushpull,zmq_tcp,none,none,,1,16355,512,584,1785153452815560000,1785153452815560000,1785153452815560000,1785153452815561000,1785153452815697000,1785153452815701000,1785153452815701000,1785153452815701000,121932490,121652369,-144.121,0.000,0.000,1.000,4.000,0.000,0.000,22.000,0,0,0
B3_zmq_pushpull,zmq_tcp,none,none,,1,16356,512,584,1785153452816379000,1785153452816379000,1785153452816379000,1785153452816380000,1785153452816535000,1785153452816538000,1785153452816538000,1785153452816538000,121932490,121652369,-125.121,0.000,0.000,1.000,3.000,0.000,0.000,19.000,0,0,0
B3_zmq_pushpull,zmq_tcp,none,none,,1,16357,512,584,1785153452817375000,1785153452817375000,1785153452817375000,1785153452817376000,1785153452817519000,1785153452817522000,1785153452817522000,1785153452817522000,121932490,121652369,-137.121,0.000,0.000,1.000,3.000,0.000,0.000,12.000,0,0,0
B3_zmq_pushpull,zmq_tcp,none,none,,1,16358,512,584,1785153452818490000,1785153452818490000,1785153452818490000,1785153452818491000,1785153452818635000,1785153452818638000,1785153452818638000,1785153452818638000,121932490,121652369,-136.121,0.000,0.000,1.000,3.000,0.000,0.000,1.000,0,0,0
B3_zmq_pushpull,zmq_tcp,none,none,,1,16359,512,584,1785153452819478000,1785153452819478000,1785153452819478000,1785153452819479000,1785153452819621000,1785153452819623000,1785153452819624000,1785153452819624000,121932490,121652369,-138.121,0.000,0.000,1.000,2.000,1.000,0.000,2.000,0,0,0
B3_zmq_pushpull,zmq_tcp,none,none,,1,16360,512,584,1785153452820578000,1785153452820578000,1785153452820578000,1785153452820579000,1785153452820766000,1785153452820769000,1785153452820769000,1785153452820769000,121932490,121652369,-93.121,0.000,0.000,1.000,3.000,0.000,0.000,45.000,0,0,0
B3_zmq_pushpull,zmq_tcp,none,none,,1,16361,512,584,1785153452821472000,1785153452821473000,1785153452821473000,1785153452821474000,1785153452821617000,1785153452821620000,1785153452821620000,1785153452821620000,121932490,121652369,-137.121,1.000,0.000,1.000,3.000,0.000,0.000,44.000,0,0,0
B3_zmq_pushpull,zmq_tcp,none,none,,1,16362,512,584,1785153452822582000,1785153452822582000,1785153452822582000,1785153452822583000,1785153452822744000,1785153452822747000,1785153452822747000,1785153452822747000,121932490,121652369,-119.121,0.000,0.000,1.000,3.000,0.000,0.000,18.000,0,0,0
B3_zmq_pushpull,zmq_tcp,none,none,,1,16363,512,584,1785153452823551000,1785153452823552000,1785153452823552000,1785153452823553000,1785153452823601000,1785153452823604000,1785153452823604000,1785153452823604000,121932490,121652369,-232.121,1.000,0.000,1.000,3.000,0.000,0.000,113.000,0,0,0
B3_zmq_pushpull,zmq_tcp,none,none,,1,16364,512,584,1785153452824562000,1785153452824563000,1785153452824563000,1785153452824564000,1785153452824621000,1785153452824625000,1785153452824625000,1785153452824625000,121932490,121652369,-223.121,1.000,0.000,1.000,4.000,0.000,0.000,9.000,0,0,0
B3_zmq_pushpull,zmq_tcp,none,none,,1,16365,512,584,1785153452825559000,1785153452825559000,1785153452825559000,1785153452825560000,1785153452825612000,1785153452825615000,1785153452825615000,1785153452825615000,121932490,121652369,-228.121,0.000,0.000,1.000,3.000,0.000,0.000,5.000,0,0,0
B3_zmq_pushpull,zmq_tcp,none,none,,1,16366,512,584,1785153452826559000,1785153452826559000,1785153452826559000,1785153452826560000,1785153452826732000,1785153452826735000,1785153452826735000,1785153452826735000,121932490,121652369,-108.121,0.000,0.000,1.000,3.000,0.000,0.000,120.000,0,0,0
B3_zmq_pushpull,zmq_tcp,none,none,,1,16367,512,584,1785153452827559000,1785153452827559000,1785153452827559000,1785153452827560000,1785153452827712000,1785153452827715000,1785153452827715000,1785153452827715000,121932490,121652369,-128.121,0.000,0.000,1.000,3.000,0.000,0.000,20.000,0,0,0
B3_zmq_pushpull,zmq_tcp,none,none,,1,16368,512,584,1785153452828559000,1785153452828559000,1785153452828559000,1785153452828560000,1785153452828703000,1785153452828705000,1785153452828705000,1785153452828705000,121932490,121652369,-137.121,0.000,0.000,1.000,2.000,0.000,0.000,9.000,0,0,0
B3_zmq_pushpull,zmq_tcp,none,none,,1,16369,512,584,1785153452829559000,1785153452829559000,1785153452829559000,1785153452829560000,1785153452829677000,1785153452829680000,1785153452829680000,1785153452829680000,121932490,121652369,-163.121,0.000,0.000,1.000,3.000,0.000,0.000,26.000,0,0,0
B3_zmq_pushpull,zmq_tcp,none,none,,1,16370,512,584,1785153452830559000,1785153452830559000,1785153452830559000,1785153452830560000,1785153452830655000,1785153452830657000,1785153452830657000,1785153452830657000,121932490,121652369,-185.121,0.000,0.000,1.000,2.000,0.000,0.000,22.000,0,0,0
B3_zmq_pushpull,zmq_tcp,none,none,,1,16371,512,584,1785153452831559000,1785153452831559000,1785153452831559000,1785153452831560000,1785153452831641000,1785153452831644000,1785153452831644000,1785153452831644000,121932490,121652369,-199.121,0.000,0.000,1.000,3.000,0.000,0.000,14.000,0,0,0
B3_zmq_pushpull,zmq_tcp,none,none,,1,16372,512,584,1785153452832559000,1785153452832559000,1785153452832559000,1785153452832560000,1785153452832635000,1785153452832637000,1785153452832637000,1785153452832637000,121932490,121652369,-205.121,0.000,0.000,1.000,2.000,0.000,0.000,6.000,0,0,0
B3_zmq_pushpull,zmq_tcp,none,none,,1,16373,512,584,1785153452833560000,1785153452833560000,1785153452833560000,1785153452833561000,1785153452833627000,1785153452833631000,1785153452833631000,1785153452833631000,121932490,121652369,-214.121,0.000,0.000,1.000,4.000,0.000,0.000,9.000,0,0,0
B3_zmq_pushpull,zmq_tcp,none,none,,1,16374,512,584,1785153452834556000,1785153452834557000,1785153452834557000,1785153452834558000,1785153452834609000,1785153452834612000,1785153452834612000,1785153452834612000,121932490,121652369,-229.121,1.000,0.000,1.000,3.000,0.000,0.000,15.000,0,0,0
B3_zmq_pushpull,zmq_tcp,none,none,,1,16375,512,584,1785153452835567000,1785153452835567000,1785153452835567000,1785153452835569000,1785153452835724000,1785153452835727000,1785153452835727000,1785153452835727000,121932490,121652369,-125.121,0.000,0.000,2.000,3.000,0.000,0.000,104.000,0,0,0
B3_zmq_pushpull,zmq_tcp,none,none,,1,16376,512,584,1785153452836558000,1785153452836558000,1785153452836558000,1785153452836559000,1785153452836723000,1785153452836726000,1785153452836726000,1785153452836727000,121932490,121652369,-116.121,0.000,0.000,1.000,3.000,0.000,1.000,9.000,0,0,0
B3_zmq_pushpull,zmq_tcp,none,none,,1,16377,512,584,1785153452837560000,1785153452837560000,1785153452837560000,1785153452837561000,1785153452837705000,1785153452837708000,1785153452837708000,1785153452837708000,121932490,121652369,-136.121,0.000,0.000,1.000,3.000,0.000,0.000,20.000,0,0,0
B3_zmq_pushpull,zmq_tcp,none,none,,1,16378,512,584,1785153452838558000,1785153452838558000,1785153452838558000,1785153452838559000,1785153452838692000,1785153452838695000,1785153452838695000,1785153452838695000,121932490,121652369,-147.121,0.000,0.000,1.000,3.000,0.000,0.000,11.000,0,0,0
B3_zmq_pushpull,zmq_tcp,none,none,,1,16379,512,584,1785153452839562000,1785153452839563000,1785153452839563000,1785153452839564000,1785153452839683000,1785153452839685000,1785153452839685000,1785153452839685000,121932490,121652369,-161.121,1.000,0.000,1.000,2.000,0.000,0.000,14.000,0,0,0
B3_zmq_pushpull,zmq_tcp,none,none,,1,16380,512,584,1785153452840559000,1785153452840559000,1785153452840559000,1785153452840560000,1785153452840683000,1785153452840686000,1785153452840686000,1785153452840686000,121932490,121652369,-157.121,0.000,0.000,1.000,3.000,0.000,0.000,4.000,0,0,0
B3_zmq_pushpull,zmq_tcp,none,none,,1,16381,512,584,1785153452841365000,1785153452841365000,1785153452841365000,1785153452841366000,1785153452841525000,1785153452841529000,1785153452841529000,1785153452841529000,121932490,121652369,-121.121,0.000,0.000,1.000,4.000,0.000,0.000,36.000,0,0,0
B3_zmq_pushpull,zmq_tcp,none,none,,1,16382,512,584,1785153452842609000,1785153452842609000,1785153452842609000,1785153452842610000,1785153452842768000,1785153452842771000,1785153452842771000,1785153452842771000,121932490,121652369,-122.121,0.000,0.000,1.000,3.000,0.000,0.000,1.000,0,0,0
B3_zmq_pushpull,zmq_tcp,none,none,,1,16383,512,584,1785153452843549000,1785153452843549000,1785153452843549000,1785153452843550000,1785153452843616000,1785153452843619000,1785153452843619000,1785153452843619000,121932490,121652369,-214.121,0.000,0.000,1.000,3.000,0.000,0.000,92.000,0,0,0
B3_zmq_pushpull,zmq_tcp,none,none,,1,16384,512,584,1785153452844563000,1785153452844563000,1785153452844563000,1785153452844564000,1785153452844761000,1785153452844764000,1785153452844764000,1785153452844764000,121932490,121652369,-83.121,0.000,0.000,1.000,3.000,0.000,0.000,131.000,0,0,0
B3_zmq_pushpull,zmq_tcp,none,none,,1,16385,512,584,1785153452845556000,1785153452845556000,1785153452845556000,1785153452845557000,1785153452845611000,1785153452845615000,1785153452845615000,1785153452845615000,121932490,121652369,-226.121,0.000,0.000,1.000,4.000,0.000,0.000,143.000,0,0,0
B3_zmq_pushpull,zmq_tcp,none,none,,1,16386,512,584,1785153452846563000,1785153452846564000,1785153452846564000,1785153452846565000,1785153452846753000,1785153452846756000,1785153452846756000,1785153452846756000,121932490,121652369,-92.121,1.000,0.000,1.000,3.000,0.000,0.000,134.000,0,0,0
B3_zmq_pushpull,zmq_tcp,none,none,,1,16387,512,584,1785153452847464000,1785153452847464000,1785153452847464000,1785153452847465000,1785153452847620000,1785153452847623000,1785153452847623000,1785153452847623000,121932490,121652369,-125.121,0.000,0.000,1.000,3.000,0.000,0.000,33.000,0,0,0
B3_zmq_pushpull,zmq_tcp,none,none,,1,16388,512,584,1785153452848585000,1785153452848585000,1785153452848585000,1785153452848586000,1785153452848634000,1785153452848638000,1785153452848638000,1785153452848638000,121932490,121652369,-232.121,0.000,0.000,1.000,4.000,0.000,0.000,107.000,0,0,0
B3_zmq_pushpull,zmq_tcp,none,none,,1,16389,512,584,1785153452849485000,1785153452849486000,1785153452849486000,1785153452849487000,1785153452849638000,1785153452849641000,1785153452849641000,1785153452849641000,121932490,121652369,-129.121,1.000,0.000,1.000,3.000,0.000,0.000,103.000,0,0,0
B3_zmq_pushpull,zmq_tcp,none,none,,1,16390,512,584,1785153452850372000,1785153452850373000,1785153452850373000,1785153452850374000,1785153452850520000,1785153452850523000,1785153452850523000,1785153452850523000,121932490,121652369,-134.121,1.000,0.000,1.000,3.000,0.000,0.000,5.000,0,0,0
B3_zmq_pushpull,zmq_tcp,none,none,,1,16391,512,584,1785153452851363000,1785153452851363000,1785153452851363000,1785153452851364000,1785153452851521000,1785153452851524000,1785153452851524000,1785153452851524000,121932490,121652369,-123.121,0.000,0.000,1.000,3.000,0.000,0.000,11.000,0,0,0
B3_zmq_pushpull,zmq_tcp,none,none,,1,16392,512,584,1785153452852608000,1785153452852609000,1785153452852609000,1785153452852610000,1785153452852801000,1785153452852804000,1785153452852804000,1785153452852804000,121932490,121652369,-89.121,1.000,0.000,1.000,3.000,0.000,0.000,34.000,0,0,0
B3_zmq_pushpull,zmq_tcp,none,none,,1,16393,512,584,1785153452853546000,1785153452853546000,1785153452853546000,1785153452853547000,1785153452853628000,1785153452853631000,1785153452853631000,1785153452853631000,121932490,121652369,-199.121,0.000,0.000,1.000,3.000,0.000,0.000,110.000,0,0,0
B3_zmq_pushpull,zmq_tcp,none,none,,1,16394,512,584,1785153452854563000,1785153452854563000,1785153452854563000,1785153452854564000,1785153452854618000,1785153452854620000,1785153452854621000,1785153452854621000,121932490,121652369,-226.121,0.000,0.000,1.000,2.000,1.000,0.000,27.000,0,0,0
B3_zmq_pushpull,zmq_tcp,none,none,,1,16395,512,584,1785153452855559000,1785153452855559000,1785153452855559000,1785153452855560000,1785153452855611000,1785153452855615000,1785153452855615000,1785153452855615000,121932490,121652369,-229.121,0.000,0.000,1.000,4.000,0.000,0.000,3.000,0,0,0
B3_zmq_pushpull,zmq_tcp,none,none,,1,16396,512,584,1785153452856559000,1785153452856559000,1785153452856559000,1785153452856560000,1785153452856748000,1785153452856751000,1785153452856751000,1785153452856751000,121932490,121652369,-92.121,0.000,0.000,1.000,3.000,0.000,0.000,137.000,0,0,0
B3_zmq_pushpull,zmq_tcp,none,none,,1,16397,512,584,1785153452857562000,1785153452857562000,1785153452857562000,1785153452857563000,1785153452857622000,1785153452857626000,1785153452857626000,1785153452857626000,121932490,121652369,-221.121,0.000,0.000,1.000,4.000,0.000,0.000,129.000,0,0,0
B3_zmq_pushpull,zmq_tcp,none,none,,1,16398,512,584,1785153452858566000,1785153452858566000,1785153452858566000,1785153452858568000,1785153452858758000,1785153452858760000,1785153452858760000,1785153452858760000,121932490,121652369,-90.121,0.000,0.000,2.000,2.000,0.000,0.000,131.000,0,0,0
B3_zmq_pushpull,zmq_tcp,none,none,,1,16399,512,584,1785153452859560000,1785153452859560000,1785153452859560000,1785153452859561000,1785153452859624000,1785153452859628000,1785153452859628000,1785153452859628000,121932490,121652369,-217.121,0.000,0.000,1.000,4.000,0.000,0.000,127.000,0,0,0
B3_zmq_pushpull,zmq_tcp,none,none,,1,16400,512,584,1785153452860465000,1785153452860465000,1785153452860465000,1785153452860466000,1785153452860624000,1785153452860627000,1785153452860627000,1785153452860627000,121932490,121652369,-122.121,0.000,0.000,1.000,3.000,0.000,0.000,95.000,0,0,0
B3_zmq_pushpull,zmq_tcp,none,none,,1,16401,512,584,1785153452861584000,1785153452861584000,1785153452861584000,1785153452861585000,1785153452861772000,1785153452861776000,1785153452861776000,1785153452861776000,121932490,121652369,-93.121,0.000,0.000,1.000,4.000,0.000,0.000,29.000,0,0,0
B3_zmq_pushpull,zmq_tcp,none,none,,1,16402,512,584,1785153452862475000,1785153452862476000,1785153452862476000,1785153452862477000,1785153452862636000,1785153452862639000,1785153452862639000,1785153452862639000,121932490,121652369,-121.121,1.000,0.000,1.000,3.000,0.000,0.000,28.000,0,0,0
B3_zmq_pushpull,zmq_tcp,none,none,,1,16403,512,584,1785153452863487000,1785153452863487000,1785153452863487000,1785153452863488000,1785153452863636000,1785153452863639000,1785153452863639000,1785153452863639000,121932490,121652369,-132.121,0.000,0.000,1.000,3.000,0.000,0.000,11.000,0,0,0
B3_zmq_pushpull,zmq_tcp,none,none,,1,16404,512,584,1785153452864578000,1785153452864578000,1785153452864578000,1785153452864579000,1785153452864629000,1785153452864632000,1785153452864632000,1785153452864632000,121932490,121652369,-230.121,0.000,0.000,1.000,3.000,0.000,0.000,98.000,0,0,0
B3_zmq_pushpull,zmq_tcp,none,none,,1,16405,512,584,1785153452865559000,1785153452865559000,1785153452865559000,1785153452865560000,1785153452865631000,1785153452865634000,1785153452865634000,1785153452865634000,121932490,121652369,-209.121,0.000,0.000,1.000,3.000,0.000,0.000,21.000,0,0,0
B3_zmq_pushpull,zmq_tcp,none,none,,1,16406,512,584,1785153452866560000,1785153452866561000,1785153452866561000,1785153452866562000,1785153452866626000,1785153452866629000,1785153452866629000,1785153452866629000,121932490,121652369,-216.121,1.000,0.000,1.000,3.000,0.000,0.000,7.000,0,0,0
B3_zmq_pushpull,zmq_tcp,none,none,,1,16407,512,584,1785153452867467000,1785153452867467000,1785153452867467000,1785153452867468000,1785153452867625000,1785153452867628000,1785153452867628000,1785153452867628000,121932490,121652369,-123.121,0.000,0.000,1.000,3.000,0.000,0.000,93.000,0,0,0
B3_zmq_pushpull,zmq_tcp,none,none,,1,16408,512,584,1785153452868586000,1785153452868586000,1785153452868586000,1785153452868587000,1785153452868632000,1785153452868635000,1785153452868635000,1785153452868635000,121932490,121652369,-235.121,0.000,0.000,1.000,3.000,0.000,0.000,112.000,0,0,0
B3_zmq_pushpull,zmq_tcp,none,none,,1,16409,512,584,1785153452869554000,1785153452869554000,1785153452869554000,1785153452869555000,1785153452869623000,1785153452869626000,1785153452869626000,1785153452869626000,121932490,121652369,-212.121,0.000,0.000,1.000,3.000,0.000,0.000,23.000,0,0,0
B3_zmq_pushpull,zmq_tcp,none,none,,1,16410,512,584,1785153452870453000,1785153452870453000,1785153452870453000,1785153452870454000,1785153452870609000,1785153452870612000,1785153452870612000,1785153452870612000,121932490,121652369,-125.121,0.000,0.000,1.000,3.000,0.000,0.000,87.000,0,0,0
B3_zmq_pushpull,zmq_tcp,none,none,,1,16411,512,584,1785153452871585000,1785153452871585000,1785153452871585000,1785153452871586000,1785153452871639000,1785153452871642000,1785153452871642000,1785153452871642000,121932490,121652369,-227.121,0.000,0.000,1.000,3.000,0.000,0.000,102.000,0,0,0
B3_zmq_pushpull,zmq_tcp,none,none,,1,16412,512,584,1785153452872555000,1785153452872555000,1785153452872555000,1785153452872556000,1785153452872645000,1785153452872648000,1785153452872648000,1785153452872648000,121932490,121652369,-191.121,0.000,0.000,1.000,3.000,0.000,0.000,36.000,0,0,0
B3_zmq_pushpull,zmq_tcp,none,none,,1,16413,512,584,1785153452873563000,1785153452873563000,1785153452873563000,1785153452873564000,1785153452873671000,1785153452873673000,1785153452873673000,1785153452873673000,121932490,121652369,-173.121,0.000,0.000,1.000,2.000,0.000,0.000,18.000,0,0,0
B3_zmq_pushpull,zmq_tcp,none,none,,1,16414,512,584,1785153452874556000,1785153452874556000,1785153452874557000,1785153452874557000,1785153452874659000,1785153452874662000,1785153452874662000,1785153452874662000,121932490,121652369,-178.121,0.000,1.000,0.000,3.000,0.000,0.000,5.000,0,0,0
B3_zmq_pushpull,zmq_tcp,none,none,,1,16415,512,584,1785153452875562000,1785153452875562000,1785153452875562000,1785153452875563000,1785153452875659000,1785153452875661000,1785153452875661000,1785153452875661000,121932490,121652369,-184.121,0.000,0.000,1.000,2.000,0.000,0.000,6.000,0,0,0
B3_zmq_pushpull,zmq_tcp,none,none,,1,16416,512,584,1785153452876561000,1785153452876561000,1785153452876561000,1785153452876562000,1785153452876655000,1785153452876657000,1785153452876657000,1785153452876657000,121932490,121652369,-187.121,0.000,0.000,1.000,2.000,0.000,0.000,3.000,0,0,0
B3_zmq_pushpull,zmq_tcp,none,none,,1,16417,512,584,1785153452877561000,1785153452877561000,1785153452877561000,1785153452877562000,1785153452877660000,1785153452877663000,1785153452877663000,1785153452877663000,121932490,121652369,-182.121,0.000,0.000,1.000,3.000,0.000,0.000,5.000,0,0,0
B3_zmq_pushpull,zmq_tcp,none,none,,1,16418,512,584,1785153452878556000,1785153452878556000,1785153452878557000,1785153452878557000,1785153452878676000,1785153452878679000,1785153452878679000,1785153452878679000,121932490,121652369,-161.121,0.000,1.000,0.000,3.000,0.000,0.000,21.000,0,0,0
B3_zmq_pushpull,zmq_tcp,none,none,,1,16419,512,584,1785153452879563000,1785153452879563000,1785153452879563000,1785153452879564000,1785153452879688000,1785153452879691000,1785153452879691000,1785153452879691000,121932490,121652369,-156.121,0.000,0.000,1.000,3.000,0.000,0.000,5.000,0,0,0
B3_zmq_pushpull,zmq_tcp,none,none,,1,16420,512,584,1785153452880560000,1785153452880560000,1785153452880560000,1785153452880561000,1785153452880693000,1785153452880696000,1785153452880696000,1785153452880696000,121932490,121652369,-148.121,0.000,0.000,1.000,3.000,0.000,0.000,8.000,0,0,0
B3_zmq_pushpull,zmq_tcp,none,none,,1,16421,512,584,1785153452881561000,1785153452881561000,1785153452881561000,1785153452881562000,1785153452881672000,1785153452881675000,1785153452881675000,1785153452881675000,121932490,121652369,-170.121,0.000,0.000,1.000,3.000,0.000,0.000,22.000,0,0,0
B3_zmq_pushpull,zmq_tcp,none,none,,1,16422,512,584,1785153452882559000,1785153452882559000,1785153452882559000,1785153452882560000,1785153452882669000,1785153452882672000,1785153452882672000,1785153452882672000,121932490,121652369,-171.121,0.000,0.000,1.000,3.000,0.000,0.000,1.000,0,0,0
B3_zmq_pushpull,zmq_tcp,none,none,,1,16423,512,584,1785153452883560000,1785153452883561000,1785153452883561000,1785153452883562000,1785153452883671000,1785153452883673000,1785153452883673000,1785153452883673000,121932490,121652369,-171.121,1.000,0.000,1.000,2.000,0.000,0.000,0.000,0,0,0
B3_zmq_pushpull,zmq_tcp,none,none,,1,16424,512,584,1785153452884560000,1785153452884560000,1785153452884561000,1785153452884561000,1785153452884689000,1785153452884692000,1785153452884692000,1785153452884692000,121932490,121652369,-152.121,0.000,1.000,0.000,3.000,0.000,0.000,19.000,0,0,0
B3_zmq_pushpull,zmq_tcp,none,none,,1,16425,512,584,1785153452885561000,1785153452885561000,1785153452885561000,1785153452885562000,1785153452885703000,1785153452885705000,1785153452885705000,1785153452885705000,121932490,121652369,-139.121,0.000,0.000,1.000,2.000,0.000,0.000,13.000,0,0,0
B3_zmq_pushpull,zmq_tcp,none,none,,1,16426,512,584,1785153452886559000,1785153452886559000,1785153452886559000,1785153452886560000,1785153452886711000,1785153452886713000,1785153452886713000,1785153452886713000,121932490,121652369,-129.121,0.000,0.000,1.000,2.000,0.000,0.000,10.000,0,0,0
B3_zmq_pushpull,zmq_tcp,none,none,,1,16427,512,584,1785153452887560000,1785153452887560000,1785153452887560000,1785153452887561000,1785153452887707000,1785153452887709000,1785153452887709000,1785153452887709000,121932490,121652369,-134.121,0.000,0.000,1.000,2.000,0.000,0.000,5.000,0,0,0
B3_zmq_pushpull,zmq_tcp,none,none,,1,16428,512,584,1785153452888561000,1785153452888561000,1785153452888561000,1785153452888562000,1785153452888711000,1785153452888714000,1785153452888714000,1785153452888714000,121932490,121652369,-131.121,0.000,0.000,1.000,3.000,0.000,0.000,3.000,0,0,0
B3_zmq_pushpull,zmq_tcp,none,none,,1,16429,512,584,1785153452889413000,1785153452889413000,1785153452889413000,1785153452889414000,1785153452889559000,1785153452889561000,1785153452889561000,1785153452889561000,121932490,121652369,-135.121,0.000,0.000,1.000,2.000,0.000,0.000,4.000,0,0,0
B3_zmq_pushpull,zmq_tcp,none,none,,1,16430,512,584,1785153452890597000,1785153452890597000,1785153452890597000,1785153452890598000,1785153452890681000,1785153452890684000,1785153452890684000,1785153452890684000,121932490,121652369,-197.121,0.000,0.000,1.000,3.000,0.000,0.000,62.000,0,0,0
B3_zmq_pushpull,zmq_tcp,none,none,,1,16431,512,584,1785153452891553000,1785153452891553000,1785153452891553000,1785153452891554000,1785153452891697000,1785153452891705000,1785153452891705000,1785153452891705000,121932490,121652369,-137.121,0.000,0.000,1.000,8.000,0.000,0.000,60.000,0,0,0
B3_zmq_pushpull,zmq_tcp,none,none,,1,16432,512,584,1785153452892566000,1785153452892566000,1785153452892566000,1785153452892567000,1785153452892725000,1785153452892728000,1785153452892728000,1785153452892728000,121932490,121652369,-122.121,0.000,0.000,1.000,3.000,0.000,0.000,15.000,0,0,0
B3_zmq_pushpull,zmq_tcp,none,none,,1,16433,512,584,1785153452893558000,1785153452893558000,1785153452893558000,1785153452893559000,1785153452893721000,1785153452893724000,1785153452893724000,1785153452893724000,121932490,121652369,-118.121,0.000,0.000,1.000,3.000,0.000,0.000,4.000,0,0,0
B3_zmq_pushpull,zmq_tcp,none,none,,1,16434,512,584,1785153452894564000,1785153452894564000,1785153452894564000,1785153452894565000,1785153452894740000,1785153452894743000,1785153452894743000,1785153452894743000,121932490,121652369,-105.121,0.000,0.000,1.000,3.000,0.000,0.000,13.000,0,0,0
B3_zmq_pushpull,zmq_tcp,none,none,,1,16435,512,584,1785153452895560000,1785153452895560000,1785153452895560000,1785153452895561000,1785153452895608000,1785153452895610000,1785153452895610000,1785153452895611000,121932490,121652369,-233.121,0.000,0.000,1.000,2.000,0.000,1.000,128.000,0,0,0
B3_zmq_pushpull,zmq_tcp,none,none,,1,16436,512,584,1785153452896562000,1785153452896562000,1785153452896562000,1785153452896563000,1785153452896736000,1785153452896739000,1785153452896739000,1785153452896739000,121932490,121652369,-107.121,0.000,0.000,1.000,3.000,0.000,0.000,126.000,0,0,0
B3_zmq_pushpull,zmq_tcp,none,none,,1,16437,512,584,1785153452897437000,1785153452897437000,1785153452897437000,1785153452897438000,1785153452897595000,1785153452897597000,1785153452897597000,1785153452897597000,121932490,121652369,-123.121,0.000,0.000,1.000,2.000,0.000,0.000,16.000,0,0,0
B3_zmq_pushpull,zmq_tcp,none,none,,1,16438,512,584,1785153452898594000,1785153452898594000,1785153452898594000,1785153452898595000,1785153452898724000,1785153452898727000,1785153452898727000,1785153452898727000,121932490,121652369,-151.121,0.000,0.000,1.000,3.000,0.000,0.000,28.000,0,0,0
B3_zmq_pushpull,zmq_tcp,none,none,,1,16439,512,584,1785153452899553000,1785153452899553000,1785153452899553000,1785153452899554000,1785153452899739000,1785153452899741000,1785153452899742000,1785153452899742000,121932490,121652369,-95.121,0.000,0.000,1.000,2.000,1.000,0.000,56.000,0,0,0
B3_zmq_pushpull,zmq_tcp,none,none,,1,16440,512,584,1785153452900458000,1785153452900458000,1785153452900458000,1785153452900459000,1785153452900609000,1785153452900612000,1785153452900612000,1785153452900612000,121932490,121652369,-130.121,0.000,0.000,1.000,3.000,0.000,0.000,35.000,0,0,0
B3_zmq_pushpull,zmq_tcp,none,none,,1,16441,512,584,1785153452901584000,1785153452901584000,1785153452901584000,1785153452901585000,1785153452901727000,1785153452901729000,1785153452901729000,1785153452901729000,121932490,121652369,-138.121,0.000,0.000,1.000,2.000,0.000,0.000,8.000,0,0,0
B3_zmq_pushpull,zmq_tcp,none,none,,1,16442,512,584,1785153452902555000,1785153452902556000,1785153452902556000,1785153452902557000,1785153452902603000,1785153452902606000,1785153452902606000,1785153452902606000,121932490,121652369,-234.121,1.000,0.000,1.000,3.000,0.000,0.000,96.000,0,0,0
B3_zmq_pushpull,zmq_tcp,none,none,,1,16443,512,584,1785153452903562000,1785153452903562000,1785153452903562000,1785153452903563000,1785153452903748000,1785153452903751000,1785153452903751000,1785153452903751000,121932490,121652369,-95.121,0.000,0.000,1.000,3.000,0.000,0.000,139.000,0,0,0
B3_zmq_pushpull,zmq_tcp,none,none,,1,16444,512,584,1785153452904557000,1785153452904557000,1785153452904557000,1785153452904558000,1785153452904603000,1785153452904606000,1785153452904606000,1785153452904606000,121932490,121652369,-235.121,0.000,0.000,1.000,3.000,0.000,0.000,140.000,0,0,0
B3_zmq_pushpull,zmq_tcp,none,none,,1,16445,512,584,1785153452905562000,1785153452905562000,1785153452905562000,1785153452905563000,1785153452905614000,1785153452905617000,1785153452905617000,1785153452905617000,121932490,121652369,-229.121,0.000,0.000,1.000,3.000,0.000,0.000,6.000,0,0,0
B3_zmq_pushpull,zmq_tcp,none,none,,1,16446,512,584,1785153452906458000,1785153452906458000,1785153452906458000,1785153452906459000,1785153452906624000,1785153452906627000,1785153452906627000,1785153452906627000,121932490,121652369,-115.121,0.000,0.000,1.000,3.000,0.000,0.000,114.000,0,0,0
B3_zmq_pushpull,zmq_tcp,none,none,,1,16447,512,584,1785153452907586000,1785153452907586000,1785153452907586000,1785153452907587000,1785153452907775000,1785153452907777000,1785153452907778000,1785153452907778000,121932490,121652369,-92.121,0.000,0.000,1.000,2.000,1.000,0.000,23.000,0,0,0
B3_zmq_pushpull,zmq_tcp,none,none,,1,16448,512,584,1785153452908491000,1785153452908491000,1785153452908491000,1785153452908492000,1785153452908642000,1785153452908644000,1785153452908644000,1785153452908644000,121932490,121652369,-130.121,0.000,0.000,1.000,2.000,0.000,0.000,38.000,0,0,0
B3_zmq_pushpull,zmq_tcp,none,none,,1,16449,512,584,1785153452909579000,1785153452909579000,1785153452909579000,1785153452909580000,1785153452909616000,1785153452909621000,1785153452909621000,1785153452909621000,121932490,121652369,-244.121,0.000,0.000,1.000,5.000,0.000,0.000,114.000,0,0,0
B3_zmq_pushpull,zmq_tcp,none,none,,1,16450,512,584,1785153452910557000,1785153452910557000,1785153452910557000,1785153452910558000,1785153452910604000,1785153452910607000,1785153452910607000,1785153452910607000,121932490,121652369,-234.121,0.000,0.000,1.000,3.000,0.000,0.000,10.000,0,0,0
B3_zmq_pushpull,zmq_tcp,none,none,,1,16451,512,584,1785153452911562000,1785153452911562000,1785153452911562000,1785153452911563000,1785153452911740000,1785153452911743000,1785153452911743000,1785153452911743000,121932490,121652369,-103.121,0.000,0.000,1.000,3.000,0.000,0.000,131.000,0,0,0
B3_zmq_pushpull,zmq_tcp,none,none,,1,16452,512,584,1785153452912446000,1785153452912446000,1785153452912446000,1785153452912447000,1785153452912602000,1785153452912606000,1785153452912606000,1785153452912606000,121932490,121652369,-125.121,0.000,0.000,1.000,4.000,0.000,0.000,22.000,0,0,0
B3_zmq_pushpull,zmq_tcp,none,none,,1,16453,512,584,1785153452913590000,1785153452913590000,1785153452913590000,1785153452913591000,1785153452913744000,1785153452913747000,1785153452913747000,1785153452913747000,121932490,121652369,-127.121,0.000,0.000,1.000,3.000,0.000,0.000,2.000,0,0,0
B3_zmq_pushpull,zmq_tcp,none,none,,1,16454,512,584,1785153452914556000,1785153452914556000,1785153452914556000,1785153452914557000,1785153452914751000,1785153452914753000,1785153452914754000,1785153452914754000,121932490,121652369,-86.121,0.000,0.000,1.000,2.000,1.000,0.000,41.000,0,0,0
B3_zmq_pushpull,zmq_tcp,none,none,,1,16455,512,584,1785153452915562000,1785153452915562000,1785153452915562000,1785153452915563000,1785153452915631000,1785153452915633000,1785153452915633000,1785153452915634000,121932490,121652369,-212.121,0.000,0.000,1.000,2.000,0.000,1.000,126.000,0,0,0
B3_zmq_pushpull,zmq_tcp,none,none,,1,16456,512,584,1785153452916488000,1785153452916489000,1785153452916489000,1785153452916490000,1785153452916643000,1785153452916646000,1785153452916646000,1785153452916646000,121932490,121652369,-127.121,1.000,0.000,1.000,3.000,0.000,0.000,85.000,0,0,0
B3_zmq_pushpull,zmq_tcp,none,none,,1,16457,512,584,1785153452917580000,1785153452917580000,1785153452917580000,1785153452917581000,1785153452917625000,1785153452917629000,1785153452917629000,1785153452917629000,121932490,121652369,-236.121,0.000,0.000,1.000,4.000,0.000,0.000,109.000,0,0,0
B3_zmq_pushpull,zmq_tcp,none,none,,1,16458,512,584,1785153452918557000,1785153452918557000,1785153452918557000,1785153452918558000,1785153452918637000,1785153452918640000,1785153452918640000,1785153452918641000,121932490,121652369,-201.121,0.000,0.000,1.000,3.000,0.000,1.000,35.000,0,0,0
B3_zmq_pushpull,zmq_tcp,none,none,,1,16459,512,584,1785153452919564000,1785153452919564000,1785153452919564000,1785153452919565000,1785153452919659000,1785153452919662000,1785153452919662000,1785153452919662000,121932490,121652369,-186.121,0.000,0.000,1.000,3.000,0.000,0.000,15.000,0,0,0
B3_zmq_pushpull,zmq_tcp,none,none,,1,16460,512,584,1785153452920561000,1785153452920561000,1785153452920561000,1785153452920562000,1785153452920675000,1785153452920678000,1785153452920678000,1785153452920678000,121932490,121652369,-167.121,0.000,0.000,1.000,3.000,0.000,0.000,19.000,0,0,0
B3_zmq_pushpull,zmq_tcp,none,none,,1,16461,512,584,1785153452921561000,1785153452921561000,1785153452921561000,1785153452921562000,1785153452921695000,1785153452921698000,1785153452921698000,1785153452921698000,121932490,121652369,-147.121,0.000,0.000,1.000,3.000,0.000,0.000,20.000,0,0,0
B3_zmq_pushpull,zmq_tcp,none,none,,1,16462,512,584,1785153452922562000,1785153452922562000,1785153452922562000,1785153452922563000,1785153452922698000,1785153452922701000,1785153452922701000,1785153452922701000,121932490,121652369,-145.121,0.000,0.000,1.000,3.000,0.000,0.000,2.000,0,0,0
B3_zmq_pushpull,zmq_tcp,none,none,,1,16463,512,584,1785153452923560000,1785153452923560000,1785153452923560000,1785153452923561000,1785153452923699000,1785153452923703000,1785153452923703000,1785153452923703000,121932490,121652369,-142.121,0.000,0.000,1.000,4.000,0.000,0.000,3.000,0,0,0
B3_zmq_pushpull,zmq_tcp,none,none,,1,16464,512,584,1785153452924557000,1785153452924557000,1785153452924557000,1785153452924558000,1785153452924672000,1785153452924675000,1785153452924675000,1785153452924675000,121932490,121652369,-166.121,0.000,0.000,1.000,3.000,0.000,0.000,24.000,0,0,0
B3_zmq_pushpull,zmq_tcp,none,none,,1,16465,512,584,1785153452925561000,1785153452925561000,1785153452925561000,1785153452925562000,1785153452925658000,1785153452925661000,1785153452925661000,1785153452925661000,121932490,121652369,-184.121,0.000,0.000,1.000,3.000,0.000,0.000,18.000,0,0,0
B3_zmq_pushpull,zmq_tcp,none,none,,1,16466,512,584,1785153452926561000,1785153452926562000,1785153452926562000,1785153452926563000,1785153452926629000,1785153452926633000,1785153452926633000,1785153452926633000,121932490,121652369,-214.121,1.000,0.000,1.000,4.000,0.000,0.000,30.000,0,0,0
B3_zmq_pushpull,zmq_tcp,none,none,,1,16467,512,584,1785153452927554000,1785153452927554000,1785153452927554000,1785153452927555000,1785153452927616000,1785153452927619000,1785153452927619000,1785153452927619000,121932490,121652369,-219.121,0.000,0.000,1.000,3.000,0.000,0.000,5.000,0,0,0
B3_zmq_pushpull,zmq_tcp,none,none,,1,16468,512,584,1785153452928564000,1785153452928564000,1785153452928564000,1785153452928565000,1785153452928627000,1785153452928630000,1785153452928630000,1785153452928630000,121932490,121652369,-218.121,0.000,0.000,1.000,3.000,0.000,0.000,1.000,0,0,0
B3_zmq_pushpull,zmq_tcp,none,none,,1,16469,512,584,1785153452929558000,1785153452929558000,1785153452929558000,1785153452929559000,1785153452929746000,1785153452929748000,1785153452929749000,1785153452929749000,121932490,121652369,-93.121,0.000,0.000,1.000,2.000,1.000,0.000,125.000,0,0,0
B3_zmq_pushpull,zmq_tcp,none,none,,1,16470,512,584,1785153452930560000,1785153452930560000,1785153452930560000,1785153452930561000,1785153452930737000,1785153452930740000,1785153452930740000,1785153452930740000,121932490,121652369,-104.121,0.000,0.000,1.000,3.000,0.000,0.000,11.000,0,0,0
B3_zmq_pushpull,zmq_tcp,none,none,,1,16471,512,584,1785153452931557000,1785153452931557000,1785153452931557000,1785153452931558000,1785153452931719000,1785153452931722000,1785153452931722000,1785153452931722000,121932490,121652369,-119.121,0.000,0.000,1.000,3.000,0.000,0.000,15.000,0,0,0
B3_zmq_pushpull,zmq_tcp,none,none,,1,16472,512,584,1785153452932399000,1785153452932399000,1785153452932399000,1785153452932400000,1785153452932551000,1785153452932554000,1785153452932554000,1785153452932554000,121932490,121652369,-129.121,0.000,0.000,1.000,3.000,0.000,0.000,10.000,0,0,0
B3_zmq_pushpull,zmq_tcp,none,none,,1,16473,512,584,1785153452933388000,1785153452933388000,1785153452933388000,1785153452933389000,1785153452933551000,1785153452933554000,1785153452933554000,1785153452933554000,121932490,121652369,-118.121,0.000,0.000,1.000,3.000,0.000,0.000,11.000,0,0,0
B3_zmq_pushpull,zmq_tcp,none,none,,1,16474,512,584,1785153452934607000,1785153452934607000,1785153452934607000,1785153452934608000,1785153452934667000,1785153452934670000,1785153452934670000,1785153452934670000,121932490,121652369,-221.121,0.000,0.000,1.000,3.000,0.000,0.000,103.000,0,0,0
B3_zmq_pushpull,zmq_tcp,none,none,,1,16475,512,584,1785153452935369000,1785153452935369000,1785153452935369000,1785153452935370000,1785153452935514000,1785153452935517000,1785153452935517000,1785153452935517000,121932490,121652369,-136.121,0.000,0.000,1.000,3.000,0.000,0.000,85.000,0,0,0
B3_zmq_pushpull,zmq_tcp,none,none,,1,16476,512,584,1785153452936363000,1785153452936363000,1785153452936363000,1785153452936364000,1785153452936523000,1785153452936526000,1785153452936526000,1785153452936526000,121932490,121652369,-121.121,0.000,0.000,1.000,3.000,0.000,0.000,15.000,0,0,0
B3_zmq_pushpull,zmq_tcp,none,none,,1,16477,512,584,1785153452937609000,1785153452937609000,1785153452937609000,1785153452937610000,1785153452937790000,1785153452937793000,1785153452937793000,1785153452937793000,121932490,121652369,-100.121,0.000,0.000,1.000,3.000,0.000,0.000,21.000,0,0,0
B3_zmq_pushpull,zmq_tcp,none,none,,1,16478,512,584,1785153452938486000,1785153452938486000,1785153452938486000,1785153452938487000,1785153452938629000,1785153452938631000,1785153452938631000,1785153452938631000,121932490,121652369,-138.121,0.000,0.000,1.000,2.000,0.000,0.000,38.000,0,0,0
B3_zmq_pushpull,zmq_tcp,none,none,,1,16479,512,584,1785153452939578000,1785153452939578000,1785153452939579000,1785153452939580000,1785153452939751000,1785153452939754000,1785153452939754000,1785153452939754000,121932490,121652369,-109.121,0.000,1.000,1.000,3.000,0.000,0.000,29.000,0,0,0
B3_zmq_pushpull,zmq_tcp,none,none,,1,16480,512,584,1785153452940556000,1785153452940556000,1785153452940556000,1785153452940557000,1785153452940608000,1785153452940611000,1785153452940611000,1785153452940611000,121932490,121652369,-229.121,0.000,0.000,1.000,3.000,0.000,0.000,120.000,0,0,0
B3_zmq_pushpull,zmq_tcp,none,none,,1,16481,512,584,1785153452941561000,1785153452941561000,1785153452941561000,1785153452941562000,1785153452941743000,1785153452941746000,1785153452941746000,1785153452941746000,121932490,121652369,-99.121,0.000,0.000,1.000,3.000,0.000,0.000,130.000,0,0,0
B3_zmq_pushpull,zmq_tcp,none,none,,1,16482,512,584,1785153452942558000,1785153452942558000,1785153452942558000,1785153452942559000,1785153452942717000,1785153452942719000,1785153452942719000,1785153452942719000,121932490,121652369,-122.121,0.000,0.000,1.000,2.000,0.000,0.000,23.000,0,0,0
B3_zmq_pushpull,zmq_tcp,none,none,,1,16483,512,584,1785153452943561000,1785153452943561000,1785153452943561000,1785153452943562000,1785153452943688000,1785153452943691000,1785153452943691000,1785153452943691000,121932490,121652369,-154.121,0.000,0.000,1.000,3.000,0.000,0.000,32.000,0,0,0
B3_zmq_pushpull,zmq_tcp,none,none,,1,16484,512,584,1785153452944560000,1785153452944561000,1785153452944561000,1785153452944562000,1785153452944651000,1785153452944655000,1785153452944655000,1785153452944655000,121932490,121652369,-191.121,1.000,0.000,1.000,4.000,0.000,0.000,37.000,0,0,0
B3_zmq_pushpull,zmq_tcp,none,none,,1,16485,512,584,1785153452945560000,1785153452945560000,1785153452945560000,1785153452945561000,1785153452945630000,1785153452945633000,1785153452945633000,1785153452945633000,121932490,121652369,-211.121,0.000,0.000,1.000,3.000,0.000,0.000,20.000,0,0,0
B3_zmq_pushpull,zmq_tcp,none,none,,1,16486,512,584,1785153452946558000,1785153452946558000,1785153452946558000,1785153452946559000,1785153452946737000,1785153452946739000,1785153452946739000,1785153452946739000,121932490,121652369,-102.121,0.000,0.000,1.000,2.000,0.000,0.000,109.000,0,0,0
B3_zmq_pushpull,zmq_tcp,none,none,,1,16487,512,584,1785153452947561000,1785153452947561000,1785153452947561000,1785153452947562000,1785153452947729000,1785153452947732000,1785153452947732000,1785153452947732000,121932490,121652369,-113.121,0.000,0.000,1.000,3.000,0.000,0.000,11.000,0,0,0
B3_zmq_pushpull,zmq_tcp,none,none,,1,16488,512,584,1785153452948562000,1785153452948562000,1785153452948563000,1785153452948563000,1785153452948698000,1785153452948701000,1785153452948701000,1785153452948701000,121932490,121652369,-145.121,0.000,1.000,0.000,3.000,0.000,0.000,32.000,0,0,0
B3_zmq_pushpull,zmq_tcp,none,none,,1,16489,512,584,1785153452949556000,1785153452949556000,1785153452949556000,1785153452949557000,1785153452949679000,1785153452949682000,1785153452949682000,1785153452949682000,121932490,121652369,-158.121,0.000,0.000,1.000,3.000,0.000,0.000,13.000,0,0,0
B3_zmq_pushpull,zmq_tcp,none,none,,1,16490,512,584,1785153452950564000,1785153452950564000,1785153452950564000,1785153452950565000,1785153452950659000,1785153452950662000,1785153452950662000,1785153452950662000,121932490,121652369,-186.121,0.000,0.000,1.000,3.000,0.000,0.000,28.000,0,0,0
B3_zmq_pushpull,zmq_tcp,none,none,,1,16491,512,584,1785153452951560000,1785153452951560000,1785153452951560000,1785153452951561000,1785153452951637000,1785153452951640000,1785153452951640000,1785153452951640000,121932490,121652369,-204.121,0.000,0.000,1.000,3.000,0.000,0.000,18.000,0,0,0
B3_zmq_pushpull,zmq_tcp,none,none,,1,16492,512,584,1785153452952560000,1785153452952560000,1785153452952560000,1785153452952561000,1785153452952637000,1785153452952640000,1785153452952640000,1785153452952640000,121932490,121652369,-204.121,0.000,0.000,1.000,3.000,0.000,0.000,0.000,0,0,0
B3_zmq_pushpull,zmq_tcp,none,none,,1,16493,512,584,1785153452953561000,1785153452953561000,1785153452953561000,1785153452953562000,1785153452953750000,1785153452953753000,1785153452953753000,1785153452953753000,121932490,121652369,-92.121,0.000,0.000,1.000,3.000,0.000,0.000,112.000,0,0,0
B3_zmq_pushpull,zmq_tcp,none,none,,1,16494,512,584,1785153452954560000,1785153452954560000,1785153452954560000,1785153452954561000,1785153452954625000,1785153452954629000,1785153452954629000,1785153452954629000,121932490,121652369,-216.121,0.000,0.000,1.000,4.000,0.000,0.000,124.000,0,0,0
B3_zmq_pushpull,zmq_tcp,none,none,,1,16495,512,584,1785153452955564000,1785153452955564000,1785153452955564000,1785153452955565000,1785153452955637000,1785153452955640000,1785153452955640000,1785153452955640000,121932490,121652369,-208.121,0.000,0.000,1.000,3.000,0.000,0.000,8.000,0,0,0
B3_zmq_pushpull,zmq_tcp,none,none,,1,16496,512,584,1785153452956557000,1785153452956557000,1785153452956557000,1785153452956558000,1785153452956638000,1785153452956641000,1785153452956641000,1785153452956641000,121932490,121652369,-200.121,0.000,0.000,1.000,3.000,0.000,0.000,8.000,0,0,0
B3_zmq_pushpull,zmq_tcp,none,none,,1,16497,512,584,1785153452957564000,1785153452957564000,1785153452957564000,1785153452957565000,1785153452957647000,1785153452957650000,1785153452957650000,1785153452957650000,121932490,121652369,-198.121,0.000,0.000,1.000,3.000,0.000,0.000,2.000,0,0,0
B3_zmq_pushpull,zmq_tcp,none,none,,1,16498,512,584,1785153452958561000,1785153452958561000,1785153452958561000,1785153452958562000,1785153452958650000,1785153452958653000,1785153452958653000,1785153452958653000,121932490,121652369,-192.121,0.000,0.000,1.000,3.000,0.000,0.000,6.000,0,0,0
B3_zmq_pushpull,zmq_tcp,none,none,,1,16499,512,584,1785153452959562000,1785153452959562000,1785153452959562000,1785153452959563000,1785153452959659000,1785153452959666000,1785153452959666000,1785153452959666000,121932490,121652369,-184.121,0.000,0.000,1.000,7.000,0.000,0.000,8.000,0,0,0
B3_zmq_pushpull,zmq_tcp,none,none,,1,16500,512,584,1785153452960557000,1785153452960557000,1785153452960557000,1785153452960558000,1785153452960663000,1785153452960666000,1785153452960666000,1785153452960666000,121932490,121652369,-175.121,0.000,0.000,1.000,3.000,0.000,0.000,9.000,0,0,0
B3_zmq_pushpull,zmq_tcp,none,none,,1,16501,512,584,1785153452961562000,1785153452961562000,1785153452961562000,1785153452961563000,1785153452961682000,1785153452961685000,1785153452961685000,1785153452961685000,121932490,121652369,-161.121,0.000,0.000,1.000,3.000,0.000,0.000,14.000,0,0,0
B3_zmq_pushpull,zmq_tcp,none,none,,1,16502,512,584,1785153452962561000,1785153452962561000,1785153452962561000,1785153452962562000,1785153452962692000,1785153452962700000,1785153452962700000,1785153452962700000,121932490,121652369,-150.121,0.000,0.000,1.000,8.000,0.000,0.000,11.000,0,0,0
B3_zmq_pushpull,zmq_tcp,none,none,,1,16503,512,584,1785153452963562000,1785153452963563000,1785153452963563000,1785153452963564000,1785153452963682000,1785153452963685000,1785153452963685000,1785153452963685000,121932490,121652369,-162.121,1.000,0.000,1.000,3.000,0.000,0.000,12.000,0,0,0
B3_zmq_pushpull,zmq_tcp,none,none,,1,16504,512,584,1785153452964557000,1785153452964557000,1785153452964557000,1785153452964558000,1785153452964695000,1785153452964698000,1785153452964698000,1785153452964698000,121932490,121652369,-143.121,0.000,0.000,1.000,3.000,0.000,0.000,19.000,0,0,0
B3_zmq_pushpull,zmq_tcp,none,none,,1,16505,512,584,1785153452965408000,1785153452965408000,1785153452965408000,1785153452965409000,1785153452965565000,1785153452965568000,1785153452965568000,1785153452965568000,121932490,121652369,-124.121,0.000,0.000,1.000,3.000,0.000,0.000,19.000,0,0,0
B3_zmq_pushpull,zmq_tcp,none,none,,1,16506,512,584,1785153452966390000,1785153452966390000,1785153452966390000,1785153452966391000,1785153452966550000,1785153452966553000,1785153452966553000,1785153452966553000,121932490,121652369,-121.121,0.000,0.000,1.000,3.000,0.000,0.000,3.000,0,0,0
B3_zmq_pushpull,zmq_tcp,none,none,,1,16507,512,584,1785153452967606000,1785153452967607000,1785153452967607000,1785153452967607000,1785153452967690000,1785153452967693000,1785153452967693000,1785153452967693000,121932490,121652369,-197.121,1.000,0.000,0.000,3.000,0.000,0.000,76.000,0,0,0
B3_zmq_pushpull,zmq_tcp,none,none,,1,16508,512,584,1785153452968547000,1785153452968547000,1785153452968548000,1785153452968548000,1785153452968717000,1785153452968720000,1785153452968720000,1785153452968720000,121932490,121652369,-111.121,0.000,1.000,0.000,3.000,0.000,0.000,86.000,0,0,0
B3_zmq_pushpull,zmq_tcp,none,none,,1,16509,512,584,1785153452969566000,1785153452969567000,1785153452969567000,1785153452969568000,1785153452969739000,1785153452969742000,1785153452969742000,1785153452969742000,121932490,121652369,-109.121,1.000,0.000,1.000,3.000,0.000,0.000,2.000,0,0,0
B3_zmq_pushpull,zmq_tcp,none,none,,1,16510,512,584,1785153452970560000,1785153452970560000,1785153452970560000,1785153452970561000,1785153452970761000,1785153452970765000,1785153452970765000,1785153452970765000,121932490,121652369,-80.121,0.000,0.000,1.000,4.000,0.000,0.000,29.000,0,0,0
B3_zmq_pushpull,zmq_tcp,none,none,,1,16511,512,584,1785153452971564000,1785153452971564000,1785153452971565000,1785153452971565000,1785153452971633000,1785153452971636000,1785153452971636000,1785153452971636000,121932490,121652369,-212.121,0.000,1.000,0.000,3.000,0.000,0.000,132.000,0,0,0
B3_zmq_pushpull,zmq_tcp,none,none,,1,16512,512,584,1785153452972560000,1785153452972560000,1785153452972560000,1785153452972561000,1785153452972637000,1785153452972639000,1785153452972639000,1785153452972639000,121932490,121652369,-204.121,0.000,0.000,1.000,2.000,0.000,0.000,8.000,0,0,0
B3_zmq_pushpull,zmq_tcp,none,none,,1,16513,512,584,1785153452973561000,1785153452973561000,1785153452973561000,1785153452973562000,1785153452973627000,1785153452973630000,1785153452973630000,1785153452973630000,121932490,121652369,-215.121,0.000,0.000,1.000,3.000,0.000,0.000,11.000,0,0,0
B3_zmq_pushpull,zmq_tcp,none,none,,1,16514,512,584,1785153452974561000,1785153452974561000,1785153452974561000,1785153452974562000,1785153452974623000,1785153452974626000,1785153452974626000,1785153452974626000,121932490,121652369,-219.121,0.000,0.000,1.000,3.000,0.000,0.000,4.000,0,0,0
B3_zmq_pushpull,zmq_tcp,none,none,,1,16515,512,584,1785153452975484000,1785153452975484000,1785153452975484000,1785153452975485000,1785153452975646000,1785153452975649000,1785153452975649000,1785153452975649000,121932490,121652369,-119.121,0.000,0.000,1.000,3.000,0.000,0.000,100.000,0,0,0
B3_zmq_pushpull,zmq_tcp,none,none,,1,16516,512,584,1785153452976577000,1785153452976577000,1785153452976577000,1785153452976578000,1785153452976761000,1785153452976763000,1785153452976763000,1785153452976763000,121932490,121652369,-97.121,0.000,0.000,1.000,2.000,0.000,0.000,22.000,0,0,0
B3_zmq_pushpull,zmq_tcp,none,none,,1,16517,512,584,1785153452977467000,1785153452977467000,1785153452977467000,1785153452977468000,1785153452977627000,1785153452977630000,1785153452977630000,1785153452977630000,121932490,121652369,-121.121,0.000,0.000,1.000,3.000,0.000,0.000,24.000,0,0,0
B3_zmq_pushpull,zmq_tcp,none,none,,1,16518,512,584,1785153452978586000,1785153452978586000,1785153452978586000,1785153452978587000,1785153452978757000,1785153452978759000,1785153452978760000,1785153452978760000,121932490,121652369,-110.121,0.000,0.000,1.000,2.000,1.000,0.000,11.000,0,0,0
B3_zmq_pushpull,zmq_tcp,none,none,,1,16519,512,584,1785153452979552000,1785153452979552000,1785153452979552000,1785153452979553000,1785153452979613000,1785153452979615000,1785153452979615000,1785153452979615000,121932490,121652369,-220.121,0.000,0.000,1.000,2.000,0.000,0.000,110.000,0,0,0
B3_zmq_pushpull,zmq_tcp,none,none,,1,16520,512,584,1785153452980564000,1785153452980564000,1785153452980564000,1785153452980565000,1785153452980611000,1785153452980614000,1785153452980614000,1785153452980614000,121932490,121652369,-234.121,0.000,0.000,1.000,3.000,0.000,0.000,14.000,0,0,0
B3_zmq_pushpull,zmq_tcp,none,none,,1,16521,512,584,1785153452981562000,1785153452981562000,1785153452981562000,1785153452981563000,1785153452981745000,1785153452981747000,1785153452981747000,1785153452981747000,121932490,121652369,-98.121,0.000,0.000,1.000,2.000,0.000,0.000,136.000,0,0,0
B3_zmq_pushpull,zmq_tcp,none,none,,1,16522,512,584,1785153452982561000,1785153452982561000,1785153452982561000,1785153452982562000,1785153452982763000,1785153452982766000,1785153452982766000,1785153452982766000,121932490,121652369,-79.121,0.000,0.000,1.000,3.000,0.000,0.000,19.000,0,0,0
B3_zmq_pushpull,zmq_tcp,none,none,,1,16523,512,584,1785153452983470000,1785153452983470000,1785153452983470000,1785153452983471000,1785153452983624000,1785153452983627000,1785153452983627000,1785153452983627000,121932490,121652369,-127.121,0.000,0.000,1.000,3.000,0.000,0.000,48.000,0,0,0
B3_zmq_pushpull,zmq_tcp,none,none,,1,16524,512,584,1785153452984586000,1785153452984586000,1785153452984586000,1785153452984587000,1785153452984758000,1785153452984761000,1785153452984761000,1785153452984761000,121932490,121652369,-109.121,0.000,0.000,1.000,3.000,0.000,0.000,18.000,0,0,0
B3_zmq_pushpull,zmq_tcp,none,none,,1,16525,512,584,1785153452985559000,1785153452985559000,1785153452985559000,1785153452985560000,1785153452985629000,1785153452985631000,1785153452985631000,1785153452985631000,121932490,121652369,-211.121,0.000,0.000,1.000,2.000,0.000,0.000,102.000,0,0,0
B3_zmq_pushpull,zmq_tcp,none,none,,1,16526,512,584,1785153452986562000,1785153452986563000,1785153452986563000,1785153452986564000,1785153452986633000,1785153452986635000,1785153452986635000,1785153452986635000,121932490,121652369,-211.121,1.000,0.000,1.000,2.000,0.000,0.000,0.000,0,0,0
B3_zmq_pushpull,zmq_tcp,none,none,,1,16527,512,584,1785153452987557000,1785153452987558000,1785153452987558000,1785153452987559000,1785153452987622000,1785153452987625000,1785153452987625000,1785153452987625000,121932490,121652369,-217.121,1.000,0.000,1.000,3.000,0.000,0.000,6.000,0,0,0
B3_zmq_pushpull,zmq_tcp,none,none,,1,16528,512,584,1785153452988563000,1785153452988563000,1785153452988564000,1785153452988564000,1785153452988611000,1785153452988614000,1785153452988614000,1785153452988614000,121932490,121652369,-233.121,0.000,1.000,0.000,3.000,0.000,0.000,16.000,0,0,0
B3_zmq_pushpull,zmq_tcp,none,none,,1,16529,512,584,1785153452989464000,1785153452989464000,1785153452989464000,1785153452989465000,1785153452989620000,1785153452989624000,1785153452989624000,1785153452989624000,121932490,121652369,-125.121,0.000,0.000,1.000,4.000,0.000,0.000,108.000,0,0,0
B3_zmq_pushpull,zmq_tcp,none,none,,1,16530,512,584,1785153452990585000,1785153452990585000,1785153452990585000,1785153452990586000,1785153452990758000,1785153452990761000,1785153452990761000,1785153452990761000,121932490,121652369,-108.121,0.000,0.000,1.000,3.000,0.000,0.000,17.000,0,0,0
B3_zmq_pushpull,zmq_tcp,none,none,,1,16531,512,584,1785153452991557000,1785153452991557000,1785153452991557000,1785153452991558000,1785153452991628000,1785153452991631000,1785153452991631000,1785153452991631000,121932490,121652369,-210.121,0.000,0.000,1.000,3.000,0.000,0.000,102.000,0,0,0
B3_zmq_pushpull,zmq_tcp,none,none,,1,16532,512,584,1785153452992564000,1785153452992564000,1785153452992564000,1785153452992565000,1785153452992740000,1785153452992742000,1785153452992742000,1785153452992742000,121932490,121652369,-105.121,0.000,0.000,1.000,2.000,0.000,0.000,105.000,0,0,0
B3_zmq_pushpull,zmq_tcp,none,none,,1,16533,512,584,1785153452993458000,1785153452993458000,1785153452993458000,1785153452993459000,1785153452993613000,1785153452993615000,1785153452993615000,1785153452993615000,121932490,121652369,-126.121,0.000,0.000,1.000,2.000,0.000,0.000,21.000,0,0,0
B3_zmq_pushpull,zmq_tcp,none,none,,1,16534,512,584,1785153452994588000,1785153452994588000,1785153452994588000,1785153452994589000,1785153452994741000,1785153452994743000,1785153452994743000,1785153452994743000,121932490,121652369,-128.121,0.000,0.000,1.000,2.000,0.000,0.000,2.000,0,0,0
B3_zmq_pushpull,zmq_tcp,none,none,,1,16535,512,584,1785153452995452000,1785153452995453000,1785153452995453000,1785153452995454000,1785153452995609000,1785153452995612000,1785153452995612000,1785153452995612000,121932490,121652369,-125.121,1.000,0.000,1.000,3.000,0.000,0.000,3.000,0,0,0
B3_zmq_pushpull,zmq_tcp,none,none,,1,16536,512,584,1785153452996591000,1785153452996591000,1785153452996592000,1785153452996592000,1785153452996762000,1785153452996765000,1785153452996765000,1785153452996765000,121932490,121652369,-110.121,0.000,1.000,0.000,3.000,0.000,0.000,15.000,0,0,0
B3_zmq_pushpull,zmq_tcp,none,none,,1,16537,512,584,1785153452997553000,1785153452997553000,1785153452997554000,1785153452997554000,1785153452997630000,1785153452997632000,1785153452997632000,1785153452997632000,121932490,121652369,-204.121,0.000,1.000,0.000,2.000,0.000,0.000,94.000,0,0,0
B3_zmq_pushpull,zmq_tcp,none,none,,1,16538,512,584,1785153452998569000,1785153452998569000,1785153452998569000,1785153452998570000,1785153452998630000,1785153452998633000,1785153452998633000,1785153452998633000,121932490,121652369,-220.121,0.000,0.000,1.000,3.000,0.000,0.000,16.000,0,0,0
B3_zmq_pushpull,zmq_tcp,none,none,,1,16539,512,584,1785153452999364000,1785153452999364000,1785153452999364000,1785153452999365000,1785153452999511000,1785153452999514000,1785153452999514000,1785153452999514000,121932490,121652369,-134.121,0.000,0.000,1.000,3.000,0.000,0.000,86.000,0,0,0
B3_zmq_pushpull,zmq_tcp,none,none,,1,16540,512,584,1785153453000372000,1785153453000373000,1785153453000373000,1785153453000374000,1785153453000530000,1785153453000534000,1785153453000534000,1785153453000534000,121932490,121652369,-124.121,1.000,0.000,1.000,4.000,0.000,0.000,10.000,0,0,0
B3_zmq_pushpull,zmq_tcp,none,none,,1,16541,512,584,1785153453001608000,1785153453001608000,1785153453001608000,1785153453001609000,1785153453001667000,1785153453001670000,1785153453001670000,1785153453001670000,121932490,121652369,-222.121,0.000,0.000,1.000,3.000,0.000,0.000,98.000,0,0,0
B3_zmq_pushpull,zmq_tcp,none,none,,1,16542,512,584,1785153453002548000,1785153453002548000,1785153453002548000,1785153453002549000,1785153453002687000,1785153453002691000,1785153453002691000,1785153453002691000,121932490,121652369,-142.121,0.000,0.000,1.000,4.000,0.000,0.000,80.000,0,0,0
B3_zmq_pushpull,zmq_tcp,none,none,,1,16543,512,584,1785153453003568000,1785153453003568000,1785153453003568000,1785153453003569000,1785153453003703000,1785153453003707000,1785153453003707000,1785153453003707000,121932490,121652369,-146.121,0.000,0.000,1.000,4.000,0.000,0.000,4.000,0,0,0
B3_zmq_pushpull,zmq_tcp,none,none,,1,16544,512,584,1785153453004559000,1785153453004559000,1785153453004559000,1785153453004560000,1785153453004698000,1785153453004701000,1785153453004701000,1785153453004701000,121932490,121652369,-142.121,0.000,0.000,1.000,3.000,0.000,0.000,4.000,0,0,0
B3_zmq_pushpull,zmq_tcp,none,none,,1,16545,512,584,1785153453005565000,1785153453005565000,1785153453005565000,1785153453005566000,1785153453005698000,1785153453005701000,1785153453005701000,1785153453005701000,121932490,121652369,-148.121,0.000,0.000,1.000,3.000,0.000,0.000,6.000,0,0,0
B3_zmq_pushpull,zmq_tcp,none,none,,1,16546,512,584,1785153453006557000,1785153453006557000,1785153453006557000,1785153453006558000,1785153453006705000,1785153453006708000,1785153453006708000,1785153453006708000,121932490,121652369,-133.121,0.000,0.000,1.000,3.000,0.000,0.000,15.000,0,0,0
B3_zmq_pushpull,zmq_tcp,none,none,,1,16547,512,584,1785153453007563000,1785153453007563000,1785153453007563000,1785153453007564000,1785153453007701000,1785153453007703000,1785153453007703000,1785153453007703000,121932490,121652369,-143.121,0.000,0.000,1.000,2.000,0.000,0.000,10.000,0,0,0
B3_zmq_pushpull,zmq_tcp,none,none,,1,16548,512,584,1785153453008561000,1785153453008561000,1785153453008561000,1785153453008562000,1785153453008697000,1785153453008699000,1785153453008699000,1785153453008699000,121932490,121652369,-145.121,0.000,0.000,1.000,2.000,0.000,0.000,2.000,0,0,0
B3_zmq_pushpull,zmq_tcp,none,none,,1,16549,512,584,1785153453009560000,1785153453009560000,1785153453009561000,1785153453009561000,1785153453009708000,1785153453009712000,1785153453009712000,1785153453009712000,121932490,121652369,-133.121,0.000,1.000,0.000,4.000,0.000,0.000,12.000,0,0,0
B3_zmq_pushpull,zmq_tcp,none,none,,1,16550,512,584,1785153453010559000,1785153453010559000,1785153453010559000,1785153453010560000,1785153453010739000,1785153453010742000,1785153453010742000,1785153453010742000,121932490,121652369,-101.121,0.000,0.000,1.000,3.000,0.000,0.000,32.000,0,0,0
B3_zmq_pushpull,zmq_tcp,none,none,,1,16551,512,584,1785153453011553000,1785153453011554000,1785153453011554000,1785153453011555000,1785153453011617000,1785153453011619000,1785153453011620000,1785153453011620000,121932490,121652369,-218.121,1.000,0.000,1.000,2.000,1.000,0.000,117.000,0,0,0
B3_zmq_pushpull,zmq_tcp,none,none,,1,16552,512,584,1785153453012564000,1785153453012564000,1785153453012564000,1785153453012565000,1785153453012635000,1785153453012638000,1785153453012638000,1785153453012638000,121932490,121652369,-210.121,0.000,0.000,1.000,3.000,0.000,0.000,8.000,0,0,0
B3_zmq_pushpull,zmq_tcp,none,none,,1,16553,512,584,1785153453013563000,1785153453013563000,1785153453013563000,1785153453013564000,1785153453013643000,1785153453013646000,1785153453013646000,1785153453013646000,121932490,121652369,-201.121,0.000,0.000,1.000,3.000,0.000,0.000,9.000,0,0,0
B3_zmq_pushpull,zmq_tcp,none,none,,1,16554,512,584,1785153453014561000,1785153453014562000,1785153453014562000,1785153453014563000,1785153453014646000,1785153453014649000,1785153453014649000,1785153453014649000,121932490,121652369,-197.121,1.000,0.000,1.000,3.000,0.000,0.000,4.000,0,0,0
B3_zmq_pushpull,zmq_tcp,none,none,,1,16555,512,584,1785153453015561000,1785153453015562000,1785153453015562000,1785153453015562000,1785153453015643000,1785153453015646000,1785153453015646000,1785153453015646000,121932490,121652369,-199.121,1.000,0.000,0.000,3.000,0.000,0.000,2.000,0,0,0
B3_zmq_pushpull,zmq_tcp,none,none,,1,16556,512,584,1785153453016562000,1785153453016562000,1785153453016562000,1785153453016563000,1785153453016655000,1785153453016659000,1785153453016659000,1785153453016659000,121932490,121652369,-188.121,0.000,0.000,1.000,4.000,0.000,0.000,11.000,0,0,0
B3_zmq_pushpull,zmq_tcp,none,none,,1,16557,512,584,1785153453017379000,1785153453017379000,1785153453017379000,1785153453017380000,1785153453017525000,1785153453017528000,1785153453017528000,1785153453017528000,121932490,121652369,-135.121,0.000,0.000,1.000,3.000,0.000,0.000,53.000,0,0,0
B3_zmq_pushpull,zmq_tcp,none,none,,1,16558,512,584,1785153453018371000,1785153453018371000,1785153453018372000,1785153453018372000,1785153453018531000,1785153453018535000,1785153453018535000,1785153453018535000,121932490,121652369,-121.121,0.000,1.000,0.000,4.000,0.000,0.000,14.000,0,0,0
B3_zmq_pushpull,zmq_tcp,none,none,,1,16559,512,584,1785153453019378000,1785153453019378000,1785153453019378000,1785153453019379000,1785153453019539000,1785153453019542000,1785153453019542000,1785153453019542000,121932490,121652369,-120.121,0.000,0.000,1.000,3.000,0.000,0.000,1.000,0,0,0
B3_zmq_pushpull,zmq_tcp,none,none,,1,16560,512,584,1785153453020607000,1785153453020607000,1785153453020607000,1785153453020608000,1785153453020811000,1785153453020815000,1785153453020815000,1785153453020815000,121932490,121652369,-77.121,0.000,0.000,1.000,4.000,0.000,0.000,43.000,0,0,0
B3_zmq_pushpull,zmq_tcp,none,none,,1,16561,512,584,1785153453021374000,1785153453021374000,1785153453021374000,1785153453021375000,1785153453021521000,1785153453021523000,1785153453021523000,1785153453021523000,121932490,121652369,-134.121,0.000,0.000,1.000,2.000,0.000,0.000,57.000,0,0,0
B3_zmq_pushpull,zmq_tcp,none,none,,1,16562,512,584,1785153453022608000,1785153453022608000,1785153453022608000,1785153453022609000,1785153453022654000,1785153453022658000,1785153453022658000,1785153453022658000,121932490,121652369,-235.121,0.000,0.000,1.000,4.000,0.000,0.000,101.000,0,0,0
B3_zmq_pushpull,zmq_tcp,none,none,,1,16563,512,584,1785153453023551000,1785153453023551000,1785153453023551000,1785153453023552000,1785153453023645000,1785153453023648000,1785153453023648000,1785153453023648000,121932490,121652369,-187.121,0.000,0.000,1.000,3.000,0.000,0.000,48.000,0,0,0
B3_zmq_pushpull,zmq_tcp,none,none,,1,16564,512,584,1785153453024564000,1785153453024564000,1785153453024564000,1785153453024565000,1785153453024644000,1785153453024648000,1785153453024648000,1785153453024648000,121932490,121652369,-201.121,0.000,0.000,1.000,4.000,0.000,0.000,14.000,0,0,0
B3_zmq_pushpull,zmq_tcp,none,none,,1,16565,512,584,1785153453025557000,1785153453025557000,1785153453025558000,1785153453025558000,1785153453025653000,1785153453025655000,1785153453025655000,1785153453025656000,121932490,121652369,-185.121,0.000,1.000,0.000,2.000,0.000,1.000,16.000,0,0,0
B3_zmq_pushpull,zmq_tcp,none,none,,1,16566,512,584,1785153453026562000,1785153453026562000,1785153453026563000,1785153453026563000,1785153453026661000,1785153453026663000,1785153453026663000,1785153453026663000,121932490,121652369,-182.121,0.000,1.000,0.000,2.000,0.000,0.000,3.000,0,0,0
B3_zmq_pushpull,zmq_tcp,none,none,,1,16567,512,584,1785153453027560000,1785153453027561000,1785153453027561000,1785153453027562000,1785153453027681000,1785153453027683000,1785153453027684000,1785153453027684000,121932490,121652369,-161.121,1.000,0.000,1.000,2.000,1.000,0.000,21.000,0,0,0
B3_zmq_pushpull,zmq_tcp,none,none,,1,16568,512,584,1785153453028566000,1785153453028566000,1785153453028566000,1785153453028567000,1785153453028680000,1785153453028684000,1785153453028684000,1785153453028684000,121932490,121652369,-167.121,0.000,0.000,1.000,4.000,0.000,0.000,6.000,0,0,0
B3_zmq_pushpull,zmq_tcp,none,none,,1,16569,512,584,1785153453029560000,1785153453029560000,1785153453029560000,1785153453029561000,1785153453029693000,1785153453029695000,1785153453029695000,1785153453029696000,121932490,121652369,-148.121,0.000,0.000,1.000,2.000,0.000,1.000,19.000,0,0,0
B3_zmq_pushpull,zmq_tcp,none,none,,1,16570,512,584,1785153453030560000,1785153453030560000,1785153453030560000,1785153453030561000,1785153453030709000,1785153453030711000,1785153453030712000,1785153453030712000,121932490,121652369,-132.121,0.000,0.000,1.000,2.000,1.000,0.000,16.000,0,0,0
B3_zmq_pushpull,zmq_tcp,none,none,,1,16571,512,584,1785153453031563000,1785153453031563000,1785153453031563000,1785153453031564000,1785153453031721000,1785153453031723000,1785153453031723000,1785153453031723000,121932490,121652369,-123.121,0.000,0.000,1.000,2.000,0.000,0.000,9.000,0,0,0
B3_zmq_pushpull,zmq_tcp,none,none,,1,16572,512,584,1785153453032561000,1785153453032562000,1785153453032562000,1785153453032563000,1785153453032714000,1785153453032717000,1785153453032717000,1785153453032717000,121932490,121652369,-129.121,1.000,0.000,1.000,3.000,0.000,0.000,6.000,0,0,0
B3_zmq_pushpull,zmq_tcp,none,none,,1,16573,512,584,1785153453033563000,1785153453033563000,1785153453033563000,1785153453033564000,1785153453033726000,1785153453033729000,1785153453033729000,1785153453033729000,121932490,121652369,-118.121,0.000,0.000,1.000,3.000,0.000,0.000,11.000,0,0,0
B3_zmq_pushpull,zmq_tcp,none,none,,1,16574,512,584,1785153453034563000,1785153453034563000,1785153453034563000,1785153453034564000,1785153453034729000,1785153453034732000,1785153453034732000,1785153453034732000,121932490,121652369,-115.121,0.000,0.000,1.000,3.000,0.000,0.000,3.000,0,0,0
B3_zmq_pushpull,zmq_tcp,none,none,,1,16575,512,584,1785153453035561000,1785153453035562000,1785153453035562000,1785153453035563000,1785153453035608000,1785153453035612000,1785153453035612000,1785153453035612000,121932490,121652369,-235.121,1.000,0.000,1.000,4.000,0.000,0.000,120.000,0,0,0
B3_zmq_pushpull,zmq_tcp,none,none,,1,16576,512,584,1785153453036562000,1785153453036562000,1785153453036562000,1785153453036563000,1785153453036614000,1785153453036617000,1785153453036617000,1785153453036617000,121932490,121652369,-229.121,0.000,0.000,1.000,3.000,0.000,0.000,6.000,0,0,0
B3_zmq_pushpull,zmq_tcp,none,none,,1,16577,512,584,1785153453037565000,1785153453037565000,1785153453037565000,1785153453037566000,1785153453037614000,1785153453037617000,1785153453037617000,1785153453037617000,121932490,121652369,-232.121,0.000,0.000,1.000,3.000,0.000,0.000,3.000,0,0,0
B3_zmq_pushpull,zmq_tcp,none,none,,1,16578,512,584,1785153453038463000,1785153453038463000,1785153453038463000,1785153453038464000,1785153453038613000,1785153453038616000,1785153453038616000,1785153453038616000,121932490,121652369,-131.121,0.000,0.000,1.000,3.000,0.000,0.000,101.000,0,0,0
B3_zmq_pushpull,zmq_tcp,none,none,,1,16579,512,584,1785153453039586000,1785153453039586000,1785153453039587000,1785153453039587000,1785153453039770000,1785153453039773000,1785153453039773000,1785153453039773000,121932490,121652369,-97.121,0.000,1.000,0.000,3.000,0.000,0.000,34.000,0,0,0
B3_zmq_pushpull,zmq_tcp,none,none,,1,16580,512,584,1785153453040553000,1785153453040554000,1785153453040554000,1785153453040555000,1785153453040730000,1785153453040733000,1785153453040733000,1785153453040733000,121932490,121652369,-105.121,1.000,0.000,1.000,3.000,0.000,0.000,8.000,0,0,0
B3_zmq_pushpull,zmq_tcp,none,none,,1,16581,512,584,1785153453041414000,1785153453041414000,1785153453041414000,1785153453041415000,1785153453041573000,1785153453041576000,1785153453041576000,1785153453041576000,121932490,121652369,-122.121,0.000,0.000,1.000,3.000,0.000,0.000,17.000,0,0,0
B3_zmq_pushpull,zmq_tcp,none,none,,1,16582,512,584,1785153453042596000,1785153453042596000,1785153453042596000,1785153453042597000,1785153453042685000,1785153453042690000,1785153453042690000,1785153453042690000,121932490,121652369,-192.121,0.000,0.000,1.000,5.000,0.000,0.000,70.000,0,0,0
B3_zmq_pushpull,zmq_tcp,none,none,,1,16583,512,584,1785153453043551000,1785153453043551000,1785153453043551000,1785153453043552000,1785153453043661000,1785153453043664000,1785153453043664000,1785153453043664000,121932490,121652369,-171.121,0.000,0.000,1.000,3.000,0.000,0.000,21.000,0,0,0
B3_zmq_pushpull,zmq_tcp,none,none,,1,16584,512,584,1785153453044506000,1785153453044506000,1785153453044506000,1785153453044508000,1785153453044652000,1785153453044654000,1785153453044654000,1785153453044654000,121932490,121652369,-136.121,0.000,0.000,2.000,2.000,0.000,0.000,35.000,0,0,0
B3_zmq_pushpull,zmq_tcp,none,none,,1,16585,512,584,1785153453045573000,1785153453045574000,1785153453045574000,1785153453045575000,1785153453045641000,1785153453045644000,1785153453045644000,1785153453045644000,121932490,121652369,-214.121,1.000,0.000,1.000,3.000,0.000,0.000,78.000,0,0,0
B3_zmq_pushpull,zmq_tcp,none,none,,1,16586,512,584,1785153453046558000,1785153453046558000,1785153453046559000,1785153453046559000,1785153453046762000,1785153453046765000,1785153453046765000,1785153453046765000,121932490,121652369,-77.121,0.000,1.000,0.000,3.000,0.000,0.000,137.000,0,0,0
B3_zmq_pushpull,zmq_tcp,none,none,,1,16587,512,584,1785153453047560000,1785153453047560000,1785153453047560000,1785153453047561000,1785153453047623000,1785153453047625000,1785153453047625000,1785153453047625000,121932490,121652369,-218.121,0.000,0.000,1.000,2.000,0.000,0.000,141.000,0,0,0
B3_zmq_pushpull,zmq_tcp,none,none,,1,16588,512,584,1785153453048444000,1785153453048444000,1785153453048444000,1785153453048445000,1785153453048596000,1785153453048599000,1785153453048599000,1785153453048599000,121932490,121652369,-129.121,0.000,0.000,1.000,3.000,0.000,0.000,89.000,0,0,0
B3_zmq_pushpull,zmq_tcp,none,none,,1,16589,512,584,1785153453049590000,1785153453049590000,1785153453049590000,1785153453049591000,1785153453049709000,1785153453049712000,1785153453049712000,1785153453049712000,121932490,121652369,-162.121,0.000,0.000,1.000,3.000,0.000,0.000,33.000,0,0,0
B3_zmq_pushpull,zmq_tcp,none,none,,1,16590,512,584,1785153453050554000,1785153453050555000,1785153453050555000,1785153453050556000,1785153453050689000,1785153453050692000,1785153453050692000,1785153453050692000,121932490,121652369,-147.121,1.000,0.000,1.000,3.000,0.000,0.000,15.000,0,0,0
B3_zmq_pushpull,zmq_tcp,none,none,,1,16591,512,584,1785153453051563000,1785153453051563000,1785153453051563000,1785153453051564000,1785153453051668000,1785153453051672000,1785153453051672000,1785153453051672000,121932490,121652369,-176.121,0.000,0.000,1.000,4.000,0.000,0.000,29.000,0,0,0
B3_zmq_pushpull,zmq_tcp,none,none,,1,16592,512,584,1785153453052562000,1785153453052562000,1785153453052563000,1785153453052564000,1785153453052670000,1785153453052673000,1785153453052673000,1785153453052673000,121932490,121652369,-174.121,0.000,1.000,1.000,3.000,0.000,0.000,2.000,0,0,0
B3_zmq_pushpull,zmq_tcp,none,none,,1,16593,512,584,1785153453053561000,1785153453053561000,1785153453053561000,1785153453053562000,1785153453053682000,1785153453053685000,1785153453053685000,1785153453053685000,121932490,121652369,-160.121,0.000,0.000,1.000,3.000,0.000,0.000,14.000,0,0,0
B3_zmq_pushpull,zmq_tcp,none,none,,1,16594,512,584,1785153453054560000,1785153453054560000,1785153453054560000,1785153453054561000,1785153453054677000,1785153453054680000,1785153453054680000,1785153453054680000,121932490,121652369,-164.121,0.000,0.000,1.000,3.000,0.000,0.000,4.000,0,0,0
B3_zmq_pushpull,zmq_tcp,none,none,,1,16595,512,584,1785153453055562000,1785153453055562000,1785153453055562000,1785153453055563000,1785153453055689000,1785153453055692000,1785153453055692000,1785153453055692000,121932490,121652369,-154.121,0.000,0.000,1.000,3.000,0.000,0.000,10.000,0,0,0
B3_zmq_pushpull,zmq_tcp,none,none,,1,16596,512,584,1785153453056561000,1785153453056561000,1785153453056562000,1785153453056562000,1785153453056694000,1785153453056697000,1785153453056697000,1785153453056697000,121932490,121652369,-148.121,0.000,1.000,0.000,3.000,0.000,0.000,6.000,0,0,0
B3_zmq_pushpull,zmq_tcp,none,none,,1,16597,512,584,1785153453057559000,1785153453057559000,1785153453057559000,1785153453057560000,1785153453057698000,1785153453057701000,1785153453057701000,1785153453057701000,121932490,121652369,-142.121,0.000,0.000,1.000,3.000,0.000,0.000,6.000,0,0,0
B3_zmq_pushpull,zmq_tcp,none,none,,1,16598,512,584,1785153453058564000,1785153453058564000,1785153453058564000,1785153453058565000,1785153453058697000,1785153453058700000,1785153453058700000,1785153453058700000,121932490,121652369,-148.121,0.000,0.000,1.000,3.000,0.000,0.000,6.000,0,0,0
B3_zmq_pushpull,zmq_tcp,none,none,,1,16599,512,584,1785153453059562000,1785153453059562000,1785153453059562000,1785153453059563000,1785153453059720000,1785153453059722000,1785153453059722000,1785153453059722000,121932490,121652369,-123.121,0.000,0.000,1.000,2.000,0.000,0.000,25.000,0,0,0
B3_zmq_pushpull,zmq_tcp,none,none,,1,16600,512,584,1785153453060564000,1785153453060564000,1785153453060564000,1785153453060565000,1785153453060722000,1785153453060725000,1785153453060725000,1785153453060725000,121932490,121652369,-123.121,0.000,0.000,1.000,3.000,0.000,0.000,0.000,0,0,0
B3_zmq_pushpull,zmq_tcp,none,none,,1,16601,512,584,1785153453061558000,1785153453061558000,1785153453061558000,1785153453061559000,1785153453061726000,1785153453061729000,1785153453061729000,1785153453061729000,121932490,121652369,-113.121,0.000,0.000,1.000,3.000,0.000,0.000,10.000,0,0,0
B3_zmq_pushpull,zmq_tcp,none,none,,1,16602,512,584,1785153453062564000,1785153453062564000,1785153453062564000,1785153453062565000,1785153453062733000,1785153453062736000,1785153453062736000,1785153453062736000,121932490,121652369,-112.121,0.000,0.000,1.000,3.000,0.000,0.000,1.000,0,0,0
B3_zmq_pushpull,zmq_tcp,none,none,,1,16603,512,584,1785153453063562000,1785153453063562000,1785153453063562000,1785153453063563000,1785153453063736000,1785153453063738000,1785153453063738000,1785153453063738000,121932490,121652369,-107.121,0.000,0.000,1.000,2.000,0.000,0.000,5.000,0,0,0
B3_zmq_pushpull,zmq_tcp,none,none,,1,16604,512,584,1785153453064562000,1785153453064562000,1785153453064562000,1785153453064563000,1785153453064738000,1785153453064741000,1785153453064741000,1785153453064741000,121932490,121652369,-105.121,0.000,0.000,1.000,3.000,0.000,0.000,2.000,0,0,0
B3_zmq_pushpull,zmq_tcp,none,none,,1,16605,512,584,1785153453065558000,1785153453065558000,1785153453065558000,1785153453065559000,1785153453065614000,1785153453065617000,1785153453065617000,1785153453065617000,121932490,121652369,-225.121,0.000,0.000,1.000,3.000,0.000,0.000,120.000,0,0,0
B3_zmq_pushpull,zmq_tcp,none,none,,1,16606,512,584,1785153453066564000,1785153453066564000,1785153453066564000,1785153453066565000,1785153453066621000,1785153453066623000,1785153453066623000,1785153453066623000,121932490,121652369,-224.121,0.000,0.000,1.000,2.000,0.000,0.000,1.000,0,0,0
B3_zmq_pushpull,zmq_tcp,none,none,,1,16607,512,584,1785153453067562000,1785153453067562000,1785153453067562000,1785153453067563000,1785153453067639000,1785153453067641000,1785153453067641000,1785153453067641000,121932490,121652369,-204.121,0.000,0.000,1.000,2.000,0.000,0.000,20.000,0,0,0
B3_zmq_pushpull,zmq_tcp,none,none,,1,16608,512,584,1785153453068563000,1785153453068563000,1785153453068563000,1785153453068564000,1785153453068641000,1785153453068644000,1785153453068644000,1785153453068644000,121932490,121652369,-203.121,0.000,0.000,1.000,3.000,0.000,0.000,1.000,0,0,0
B3_zmq_pushpull,zmq_tcp,none,none,,1,16609,512,584,1785153453069561000,1785153453069561000,1785153453069562000,1785153453069563000,1785153453069628000,1785153453069631000,1785153453069631000,1785153453069631000,121932490,121652369,-215.121,0.000,1.000,1.000,3.000,0.000,0.000,12.000,0,0,0
B3_zmq_pushpull,zmq_tcp,none,none,,1,16610,512,584,1785153453070562000,1785153453070562000,1785153453070562000,1785153453070563000,1785153453070626000,1785153453070629000,1785153453070629000,1785153453070629000,121932490,121652369,-217.121,0.000,0.000,1.000,3.000,0.000,0.000,2.000,0,0,0
B3_zmq_pushpull,zmq_tcp,none,none,,1,16611,512,584,1785153453071562000,1785153453071562000,1785153453071562000,1785153453071563000,1785153453071622000,1785153453071624000,1785153453071624000,1785153453071624000,121932490,121652369,-221.121,0.000,0.000,1.000,2.000,0.000,0.000,4.000,0,0,0
B3_zmq_pushpull,zmq_tcp,none,none,,1,16612,512,584,1785153453072562000,1785153453072563000,1785153453072563000,1785153453072564000,1785153453072623000,1785153453072626000,1785153453072626000,1785153453072626000,121932490,121652369,-221.121,1.000,0.000,1.000,3.000,0.000,0.000,0.000,0,0,0
B3_zmq_pushpull,zmq_tcp,none,none,,1,16613,512,584,1785153453073558000,1785153453073558000,1785153453073558000,1785153453073559000,1785153453073748000,1785153453073751000,1785153453073751000,1785153453073751000,121932490,121652369,-91.121,0.000,0.000,1.000,3.000,0.000,0.000,130.000,0,0,0
B3_zmq_pushpull,zmq_tcp,none,none,,1,16614,512,584,1785153453074563000,1785153453074564000,1785153453074564000,1785153453074565000,1785153453074756000,1785153453074759000,1785153453074759000,1785153453074759000,121932490,121652369,-89.121,1.000,0.000,1.000,3.000,0.000,0.000,2.000,0,0,0
B3_zmq_pushpull,zmq_tcp,none,none,,1,16615,512,584,1785153453075458000,1785153453075459000,1785153453075459000,1785153453075460000,1785153453075618000,1785153453075621000,1785153453075621000,1785153453075621000,121932490,121652369,-122.121,1.000,0.000,1.000,3.000,0.000,0.000,33.000,0,0,0
B3_zmq_pushpull,zmq_tcp,none,none,,1,16616,512,584,1785153453076588000,1785153453076588000,1785153453076588000,1785153453076589000,1785153453076768000,1785153453076771000,1785153453076771000,1785153453076771000,121932490,121652369,-101.121,0.000,0.000,1.000,3.000,0.000,0.000,21.000,0,0,0
B3_zmq_pushpull,zmq_tcp,none,none,,1,16617,512,584,1785153453077552000,1785153453077553000,1785153453077553000,1785153453077554000,1785153453077632000,1785153453077635000,1785153453077635000,1785153453077635000,121932490,121652369,-202.121,1.000,0.000,1.000,3.000,0.000,0.000,101.000,0,0,0
B3_zmq_pushpull,zmq_tcp,none,none,,1,16618,512,584,1785153453078461000,1785153453078461000,1785153453078461000,1785153453078462000,1785153453078605000,1785153453078608000,1785153453078608000,1785153453078608000,121932490,121652369,-137.121,0.000,0.000,1.000,3.000,0.000,0.000,65.000,0,0,0
B3_zmq_pushpull,zmq_tcp,none,none,,1,16619,512,584,1785153453079587000,1785153453079587000,1785153453079587000,1785153453079588000,1785153453079738000,1785153453079740000,1785153453079740000,1785153453079740000,121932490,121652369,-130.121,0.000,0.000,1.000,2.000,0.000,0.000,7.000,0,0,0
B3_zmq_pushpull,zmq_tcp,none,none,,1,16620,512,584,1785153453080558000,1785153453080558000,1785153453080558000,1785153453080559000,1785153453080617000,1785153453080621000,1785153453080621000,1785153453080621000,121932490,121652369,-222.121,0.000,0.000,1.000,4.000,0.000,0.000,92.000,0,0,0
B3_zmq_pushpull,zmq_tcp,none,none,,1,16621,512,584,1785153453081562000,1785153453081562000,1785153453081562000,1785153453081563000,1785153453081635000,1785153453081638000,1785153453081638000,1785153453081638000,121932490,121652369,-208.121,0.000,0.000,1.000,3.000,0.000,0.000,14.000,0,0,0
B3_zmq_pushpull,zmq_tcp,none,none,,1,16622,512,584,1785153453082563000,1785153453082563000,1785153453082563000,1785153453082564000,1785153453082636000,1785153453082638000,1785153453082639000,1785153453082639000,121932490,121652369,-208.121,0.000,0.000,1.000,2.000,1.000,0.000,0.000,0,0,0
B3_zmq_pushpull,zmq_tcp,none,none,,1,16623,512,584,1785153453083563000,1785153453083563000,1785153453083563000,1785153453083564000,1785153453083619000,1785153453083622000,1785153453083622000,1785153453083622000,121932490,121652369,-225.121,0.000,0.000,1.000,3.000,0.000,0.000,17.000,0,0,0
B3_zmq_pushpull,zmq_tcp,none,none,,1,16624,512,584,1785153453084561000,1785153453084561000,1785153453084561000,1785153453084562000,1785153453084625000,1785153453084628000,1785153453084628000,1785153453084628000,121932490,121652369,-217.121,0.000,0.000,1.000,3.000,0.000,0.000,8.000,0,0,0
B3_zmq_pushpull,zmq_tcp,none,none,,1,16625,512,584,1785153453085562000,1785153453085562000,1785153453085562000,1785153453085563000,1785153453085609000,1785153453085612000,1785153453085612000,1785153453085612000,121932490,121652369,-234.121,0.000,0.000,1.000,3.000,0.000,0.000,17.000,0,0,0
B3_zmq_pushpull,zmq_tcp,none,none,,1,16626,512,584,1785153453086567000,1785153453086567000,1785153453086567000,1785153453086568000,1785153453086628000,1785153453086631000,1785153453086631000,1785153453086631000,121932490,121652369,-220.121,0.000,0.000,1.000,3.000,0.000,0.000,14.000,0,0,0
B3_zmq_pushpull,zmq_tcp,none,none,,1,16627,512,584,1785153453087471000,1785153453087471000,1785153453087471000,1785153453087472000,1785153453087632000,1785153453087634000,1785153453087634000,1785153453087634000,121932490,121652369,-120.121,0.000,0.000,1.000,2.000,0.000,0.000,100.000,0,0,0
B3_zmq_pushpull,zmq_tcp,none,none,,1,16628,512,584,1785153453088466000,1785153453088466000,1785153453088466000,1785153453088467000,1785153453088623000,1785153453088625000,1785153453088625000,1785153453088625000,121932490,121652369,-124.121,0.000,0.000,1.000,2.000,0.000,0.000,4.000,0,0,0
B3_zmq_pushpull,zmq_tcp,none,none,,1,16629,512,584,1785153453089591000,1785153453089591000,1785153453089591000,1785153453089592000,1785153453089776000,1785153453089778000,1785153453089778000,1785153453089778000,121932490,121652369,-96.121,0.000,0.000,1.000,2.000,0.000,0.000,28.000,0,0,0
B3_zmq_pushpull,zmq_tcp,none,none,,1,16630,512,584,1785153453090552000,1785153453090552000,1785153453090552000,1785153453090553000,1785153453090648000,1785153453090651000,1785153453090651000,1785153453090651000,121932490,121652369,-185.121,0.000,0.000,1.000,3.000,0.000,0.000,89.000,0,0,0
B3_zmq_pushpull,zmq_tcp,none,none,,1,16631,512,584,1785153453091564000,1785153453091564000,1785153453091565000,1785153453091565000,1785153453091652000,1785153453091655000,1785153453091655000,1785153453091655000,121932490,121652369,-193.121,0.000,1.000,0.000,3.000,0.000,0.000,8.000,0,0,0
B3_zmq_pushpull,zmq_tcp,none,none,,1,16632,512,584,1785153453092481000,1785153453092481000,1785153453092481000,1785153453092482000,1785153453092637000,1785153453092640000,1785153453092640000,1785153453092640000,121932490,121652369,-125.121,0.000,0.000,1.000,3.000,0.000,0.000,68.000,0,0,0
B3_zmq_pushpull,zmq_tcp,none,none,,1,16633,512,584,1785153453093582000,1785153453093582000,1785153453093582000,1785153453093583000,1785153453093645000,1785153453093648000,1785153453093648000,1785153453093648000,121932490,121652369,-218.121,0.000,0.000,1.000,3.000,0.000,0.000,93.000,0,0,0
B3_zmq_pushpull,zmq_tcp,none,none,,1,16634,512,584,1785153453094555000,1785153453094555000,1785153453094555000,1785153453094556000,1785153453094653000,1785153453094656000,1785153453094656000,1785153453094656000,121932490,121652369,-183.121,0.000,0.000,1.000,3.000,0.000,0.000,35.000,0,0,0
B3_zmq_pushpull,zmq_tcp,none,none,,1,16635,512,584,1785153453095563000,1785153453095563000,1785153453095563000,1785153453095564000,1785153453095653000,1785153453095656000,1785153453095656000,1785153453095656000,121932490,121652369,-191.121,0.000,0.000,1.000,3.000,0.000,0.000,8.000,0,0,0
B3_zmq_pushpull,zmq_tcp,none,none,,1,16636,512,584,1785153453096567000,1785153453096567000,1785153453096567000,1785153453096568000,1785153453096657000,1785153453096660000,1785153453096660000,1785153453096660000,121932490,121652369,-191.121,0.000,0.000,1.000,3.000,0.000,0.000,0.000,0,0,0
B3_zmq_pushpull,zmq_tcp,none,none,,1,16637,512,584,1785153453097560000,1785153453097561000,1785153453097561000,1785153453097562000,1785153453097656000,1785153453097659000,1785153453097659000,1785153453097659000,121932490,121652369,-186.121,1.000,0.000,1.000,3.000,0.000,0.000,5.000,0,0,0
B3_zmq_pushpull,zmq_tcp,none,none,,1,16638,512,584,1785153453098364000,1785153453098364000,1785153453098364000,1785153453098365000,1785153453098505000,1785153453098509000,1785153453098509000,1785153453098509000,121932490,121652369,-140.121,0.000,0.000,1.000,4.000,0.000,0.000,46.000,0,0,0
B3_zmq_pushpull,zmq_tcp,none,none,,1,16639,512,584,1785153453099611000,1785153453099611000,1785153453099611000,1785153453099612000,1785153453099782000,1785153453099785000,1785153453099785000,1785153453099785000,121932490,121652369,-110.121,0.000,0.000,1.000,3.000,0.000,0.000,30.000,0,0,0
B3_zmq_pushpull,zmq_tcp,none,none,,1,16640,512,584,1785153453100548000,1785153453100549000,1785153453100549000,1785153453100550000,1785153453100629000,1785153453100632000,1785153453100632000,1785153453100632000,121932490,121652369,-201.121,1.000,0.000,1.000,3.000,0.000,0.000,91.000,0,0,0
B3_zmq_pushpull,zmq_tcp,none,none,,1,16641,512,584,1785153453101564000,1785153453101564000,1785153453101565000,1785153453101565000,1785153453101619000,1785153453101623000,1785153453101623000,1785153453101624000,121932490,121652369,-226.121,0.000,1.000,0.000,4.000,0.000,1.000,25.000,0,0,0
B3_zmq_pushpull,zmq_tcp,none,none,,1,16642,512,584,1785153453102456000,1785153453102456000,1785153453102456000,1785153453102457000,1785153453102616000,1785153453102619000,1785153453102619000,1785153453102619000,121932490,121652369,-121.121,0.000,0.000,1.000,3.000,0.000,0.000,105.000,0,0,0
B3_zmq_pushpull,zmq_tcp,none,none,,1,16643,512,584,1785153453103444000,1785153453103444000,1785153453103444000,1785153453103445000,1785153453103591000,1785153453103593000,1785153453103593000,1785153453103593000,121932490,121652369,-134.121,0.000,0.000,1.000,2.000,0.000,0.000,13.000,0,0,0
B3_zmq_pushpull,zmq_tcp,none,none,,1,16644,512,584,1785153453104590000,1785153453104590000,1785153453104590000,1785153453104591000,1785153453104700000,1785153453104703000,1785153453104703000,1785153453104703000,121932490,121652369,-171.121,0.000,0.000,1.000,3.000,0.000,0.000,37.000,0,0,0
B3_zmq_pushpull,zmq_tcp,none,none,,1,16645,512,584,1785153453105551000,1785153453105551000,1785153453105551000,1785153453105552000,1785153453105678000,1785153453105680000,1785153453105680000,1785153453105680000,121932490,121652369,-154.121,0.000,0.000,1.000,2.000,0.000,0.000,17.000,0,0,0
B3_zmq_pushpull,zmq_tcp,none,none,,1,16646,512,584,1785153453106568000,1785153453106568000,1785153453106568000,1785153453106569000,1785153453106663000,1785153453106665000,1785153453106665000,1785153453106665000,121932490,121652369,-186.121,0.000,0.000,1.000,2.000,0.000,0.000,32.000,0,0,0
B3_zmq_pushpull,zmq_tcp,none,none,,1,16647,512,584,1785153453107562000,1785153453107562000,1785153453107562000,1785153453107563000,1785153453107654000,1785153453107657000,1785153453107657000,1785153453107657000,121932490,121652369,-189.121,0.000,0.000,1.000,3.000,0.000,0.000,3.000,0,0,0
B3_zmq_pushpull,zmq_tcp,none,none,,1,16648,512,584,1785153453108563000,1785153453108563000,1785153453108563000,1785153453108564000,1785153453108642000,1785153453108645000,1785153453108645000,1785153453108645000,121932490,121652369,-202.121,0.000,0.000,1.000,3.000,0.000,0.000,13.000,0,0,0
B3_zmq_pushpull,zmq_tcp,none,none,,1,16649,512,584,1785153453109560000,1785153453109561000,1785153453109561000,1785153453109561000,1785153453109631000,1785153453109634000,1785153453109634000,1785153453109634000,121932490,121652369,-210.121,1.000,0.000,0.000,3.000,0.000,0.000,8.000,0,0,0
B3_zmq_pushpull,zmq_tcp,none,none,,1,16650,512,584,1785153453110563000,1785153453110563000,1785153453110563000,1785153453110564000,1785153453110613000,1785153453110615000,1785153453110615000,1785153453110616000,121932490,121652369,-231.121,0.000,0.000,1.000,2.000,0.000,1.000,21.000,0,0,0
B3_zmq_pushpull,zmq_tcp,none,none,,1,16651,512,584,1785153453111440000,1785153453111440000,1785153453111440000,1785153453111441000,1785153453111583000,1785153453111586000,1785153453111586000,1785153453111586000,121932490,121652369,-138.121,0.000,0.000,1.000,3.000,0.000,0.000,93.000,0,0,0
B3_zmq_pushpull,zmq_tcp,none,none,,1,16652,512,584,1785153453112592000,1785153453112593000,1785153453112593000,1785153453112594000,1785153453112712000,1785153453112715000,1785153453112715000,1785153453112715000,121932490,121652369,-162.121,1.000,0.000,1.000,3.000,0.000,0.000,24.000,0,0,0
B3_zmq_pushpull,zmq_tcp,none,none,,1,16653,512,584,1785153453113402000,1785153453113402000,1785153453113402000,1785153453113403000,1785153453113553000,1785153453113556000,1785153453113556000,1785153453113556000,121932490,121652369,-130.121,0.000,0.000,1.000,3.000,0.000,0.000,32.000,0,0,0
B3_zmq_pushpull,zmq_tcp,none,none,,1,16654,512,584,1785153453114389000,1785153453114389000,1785153453114389000,1785153453114390000,1785153453114540000,1785153453114542000,1785153453114542000,1785153453114542000,121932490,121652369,-130.121,0.000,0.000,1.000,2.000,0.000,0.000,0.000,0,0,0
B3_zmq_pushpull,zmq_tcp,none,none,,1,16655,512,584,1785153453115381000,1785153453115381000,1785153453115382000,1785153453115382000,1785153453115535000,1785153453115537000,1785153453115537000,1785153453115537000,121932490,121652369,-127.121,0.000,1.000,0.000,2.000,0.000,0.000,3.000,0,0,0
B3_zmq_pushpull,zmq_tcp,none,none,,1,16656,512,584,1785153453116608000,1785153453116609000,1785153453116609000,1785153453116610000,1785153453116810000,1785153453116812000,1785153453116812000,1785153453116812000,121932490,121652369,-80.121,1.000,0.000,1.000,2.000,0.000,0.000,47.000,0,0,0
B3_zmq_pushpull,zmq_tcp,none,none,,1,16657,512,584,1785153453117369000,1785153453117369000,1785153453117369000,1785153453117370000,1785153453117510000,1785153453117512000,1785153453117512000,1785153453117512000,121932490,121652369,-140.121,0.000,0.000,1.000,2.000,0.000,0.000,60.000,0,0,0
B3_zmq_pushpull,zmq_tcp,none,none,,1,16658,512,584,1785153453118458000,1785153453118458000,1785153453118458000,1785153453118459000,1785153453118601000,1785153453118605000,1785153453118605000,1785153453118605000,121932490,121652369,-138.121,0.000,0.000,1.000,4.000,0.000,0.000,2.000,0,0,0
B3_zmq_pushpull,zmq_tcp,none,none,,1,16659,512,584,1785153453119417000,1785153453119417000,1785153453119417000,1785153453119418000,1785153453119563000,1785153453119566000,1785153453119566000,1785153453119566000,121932490,121652369,-135.121,0.000,0.000,1.000,3.000,0.000,0.000,3.000,0,0,0
B3_zmq_pushpull,zmq_tcp,none,none,,1,16660,512,584,1785153453120596000,1785153453120597000,1785153453120597000,1785153453120598000,1785153453120689000,1785153453120692000,1785153453120692000,1785153453120692000,121932490,121652369,-189.121,1.000,0.000,1.000,3.000,0.000,0.000,54.000,0,0,0
B3_zmq_pushpull,zmq_tcp,none,none,,1,16661,512,584,1785153453121549000,1785153453121549000,1785153453121549000,1785153453121550000,1785153453121700000,1785153453121707000,1785153453121708000,1785153453121708000,121932490,121652369,-130.121,0.000,0.000,1.000,7.000,1.000,0.000,59.000,0,0,0
B3_zmq_pushpull,zmq_tcp,none,none,,1,16662,512,584,1785153453122564000,1785153453122565000,1785153453122565000,1785153453122566000,1785153453122687000,1785153453122689000,1785153453122689000,1785153453122689000,121932490,121652369,-159.121,1.000,0.000,1.000,2.000,0.000,0.000,29.000,0,0,0
B3_zmq_pushpull,zmq_tcp,none,none,,1,16663,512,584,1785153453123561000,1785153453123561000,1785153453123561000,1785153453123562000,1785153453123666000,1785153453123668000,1785153453123668000,1785153453123668000,121932490,121652369,-176.121,0.000,0.000,1.000,2.000,0.000,0.000,17.000,0,0,0
B3_zmq_pushpull,zmq_tcp,none,none,,1,16664,512,584,1785153453124561000,1785153453124561000,1785153453124561000,1785153453124562000,1785153453124659000,1785153453124662000,1785153453124662000,1785153453124662000,121932490,121652369,-183.121,0.000,0.000,1.000,3.000,0.000,0.000,7.000,0,0,0
B3_zmq_pushpull,zmq_tcp,none,none,,1,16665,512,584,1785153453125558000,1785153453125558000,1785153453125558000,1785153453125559000,1785153453125638000,1785153453125641000,1785153453125641000,1785153453125641000,121932490,121652369,-201.121,0.000,0.000,1.000,3.000,0.000,0.000,18.000,0,0,0
B3_zmq_pushpull,zmq_tcp,none,none,,1,16666,512,584,1785153453126562000,1785153453126562000,1785153453126562000,1785153453126563000,1785153453126626000,1785153453126628000,1785153453126628000,1785153453126628000,121932490,121652369,-217.121,0.000,0.000,1.000,2.000,0.000,0.000,16.000,0,0,0
B3_zmq_pushpull,zmq_tcp,none,none,,1,16667,512,584,1785153453127563000,1785153453127563000,1785153453127563000,1785153453127564000,1785153453127738000,1785153453127740000,1785153453127740000,1785153453127740000,121932490,121652369,-106.121,0.000,0.000,1.000,2.000,0.000,0.000,111.000,0,0,0
B3_zmq_pushpull,zmq_tcp,none,none,,1,16668,512,584,1785153453128557000,1785153453128557000,1785153453128557000,1785153453128558000,1785153453128743000,1785153453128747000,1785153453128747000,1785153453128747000,121932490,121652369,-95.121,0.000,0.000,1.000,4.000,0.000,0.000,11.000,0,0,0
B3_zmq_pushpull,zmq_tcp,none,none,,1,16669,512,584,1785153453129564000,1785153453129565000,1785153453129565000,1785153453129566000,1785153453129751000,1785153453129754000,1785153453129754000,1785153453129754000,121932490,121652369,-95.121,1.000,0.000,1.000,3.000,0.000,0.000,0.000,0,0,0
B3_zmq_pushpull,zmq_tcp,none,none,,1,16670,512,584,1785153453130454000,1785153453130454000,1785153453130454000,1785153453130455000,1785153453130614000,1785153453130616000,1785153453130616000,1785153453130616000,121932490,121652369,-121.121,0.000,0.000,1.000,2.000,0.000,0.000,26.000,0,0,0
B3_zmq_pushpull,zmq_tcp,none,none,,1,16671,512,584,1785153453131454000,1785153453131454000,1785153453131454000,1785153453131456000,1785153453131598000,1785153453131602000,1785153453131602000,1785153453131602000,121932490,121652369,-138.121,0.000,0.000,2.000,4.000,0.000,0.000,17.000,0,0,0
B3_zmq_pushpull,zmq_tcp,none,none,,1,16672,512,584,1785153453132587000,1785153453132588000,1785153453132588000,1785153453132589000,1785153453132731000,1785153453132734000,1785153453132734000,1785153453132734000,121932490,121652369,-138.121,1.000,0.000,1.000,3.000,0.000,0.000,0.000,0,0,0
B3_zmq_pushpull,zmq_tcp,none,none,,1,16673,512,584,1785153453133420000,1785153453133420000,1785153453133420000,1785153453133421000,1785153453133578000,1785153453133580000,1785153453133580000,1785153453133580000,121932490,121652369,-123.121,0.000,0.000,1.000,2.000,0.000,0.000,15.000,0,0,0
B3_zmq_pushpull,zmq_tcp,none,none,,1,16674,512,584,1785153453134596000,1785153453134596000,1785153453134596000,1785153453134597000,1785153453134697000,1785153453134700000,1785153453134700000,1785153453134700000,121932490,121652369,-180.121,0.000,0.000,1.000,3.000,0.000,0.000,57.000,0,0,0
B3_zmq_pushpull,zmq_tcp,none,none,,1,16675,512,584,1785153453135553000,1785153453135553000,1785153453135553000,1785153453135554000,1785153453135701000,1785153453135704000,1785153453135704000,1785153453135704000,121932490,121652369,-133.121,0.000,0.000,1.000,3.000,0.000,0.000,47.000,0,0,0
B3_zmq_pushpull,zmq_tcp,none,none,,1,16676,512,584,1785153453136565000,1785153453136566000,1785153453136566000,1785153453136566000,1785153453136697000,1785153453136700000,1785153453136700000,1785153453136700000,121932490,121652369,-149.121,1.000,0.000,0.000,3.000,0.000,0.000,16.000,0,0,0
B3_zmq_pushpull,zmq_tcp,none,none,,1,16677,512,584,1785153453137561000,1785153453137561000,1785153453137561000,1785153453137562000,1785153453137712000,1785153453137715000,1785153453137715000,1785153453137715000,121932490,121652369,-130.121,0.000,0.000,1.000,3.000,0.000,0.000,19.000,0,0,0
B3_zmq_pushpull,zmq_tcp,none,none,,1,16678,512,584,1785153453138562000,1785153453138562000,1785153453138562000,1785153453138563000,1785153453138704000,1785153453138707000,1785153453138707000,1785153453138707000,121932490,121652369,-139.121,0.000,0.000,1.000,3.000,0.000,0.000,9.000,0,0,0
B3_zmq_pushpull,zmq_tcp,none,none,,1,16679,512,584,1785153453139408000,1785153453139408000,1785153453139408000,1785153453139409000,1785153453139565000,1785153453139568000,1785153453139568000,1785153453139568000,121932490,121652369,-124.121,0.000,0.000,1.000,3.000,0.000,0.000,15.000,0,0,0
B3_zmq_pushpull,zmq_tcp,none,none,,1,16680,512,584,1785153453140600000,1785153453140600000,1785153453140600000,1785153453140601000,1785153453140704000,1785153453140707000,1785153453140707000,1785153453140707000,121932490,121652369,-177.121,0.000,0.000,1.000,3.000,0.000,0.000,53.000,0,0,0
B3_zmq_pushpull,zmq_tcp,none,none,,1,16681,512,584,1785153453141552000,1785153453141552000,1785153453141552000,1785153453141554000,1785153453141710000,1785153453141713000,1785153453141713000,1785153453141713000,121932490,121652369,-124.121,0.000,0.000,2.000,3.000,0.000,0.000,53.000,0,0,0
B3_zmq_pushpull,zmq_tcp,none,none,,1,16682,512,584,1785153453142564000,1785153453142564000,1785153453142564000,1785153453142565000,1785153453142719000,1785153453142721000,1785153453142721000,1785153453142721000,121932490,121652369,-126.121,0.000,0.000,1.000,2.000,0.000,0.000,2.000,0,0,0
B3_zmq_pushpull,zmq_tcp,none,none,,1,16683,512,584,1785153453143439000,1785153453143439000,1785153453143439000,1785153453143440000,1785153453143600000,1785153453143603000,1785153453143603000,1785153453143603000,121932490,121652369,-120.121,0.000,0.000,1.000,3.000,0.000,0.000,6.000,0,0,0
B3_zmq_pushpull,zmq_tcp,none,none,,1,16684,512,584,1785153453144437000,1785153453144437000,1785153453144437000,1785153453144438000,1785153453144597000,1785153453144601000,1785153453144601000,1785153453144601000,121932490,121652369,-121.121,0.000,0.000,1.000,4.000,0.000,0.000,1.000,0,0,0
B3_zmq_pushpull,zmq_tcp,none,none,,1,16685,512,584,1785153453145431000,1785153453145431000,1785153453145431000,1785153453145432000,1785153453145591000,1785153453145594000,1785153453145594000,1785153453145594000,121932490,121652369,-121.121,0.000,0.000,1.000,3.000,0.000,0.000,0.000,0,0,0
B3_zmq_pushpull,zmq_tcp,none,none,,1,16686,512,584,1785153453146595000,1785153453146595000,1785153453146595000,1785153453146596000,1785153453146725000,1785153453146728000,1785153453146728000,1785153453146728000,121932490,121652369,-151.121,0.000,0.000,1.000,3.000,0.000,0.000,30.000,0,0,0
B3_zmq_pushpull,zmq_tcp,none,none,,1,16687,512,584,1785153453147551000,1785153453147551000,1785153453147551000,1785153453147552000,1785153453147596000,1785153453147600000,1785153453147600000,1785153453147600000,121932490,121652369,-236.121,0.000,0.000,1.000,4.000,0.000,0.000,85.000,0,0,0
B3_zmq_pushpull,zmq_tcp,none,none,,1,16688,512,584,1785153453148566000,1785153453148566000,1785153453148566000,1785153453148567000,1785153453148742000,1785153453148744000,1785153453148744000,1785153453148744000,121932490,121652369,-105.121,0.000,0.000,1.000,2.000,0.000,0.000,131.000,0,0,0
B3_zmq_pushpull,zmq_tcp,none,none,,1,16689,512,584,1785153453149562000,1785153453149563000,1785153453149563000,1785153453149564000,1785153453149739000,1785153453149741000,1785153453149742000,1785153453149742000,121932490,121652369,-105.121,1.000,0.000,1.000,2.000,1.000,0.000,0.000,0,0,0
B3_zmq_pushpull,zmq_tcp,none,none,,1,16690,512,584,1785153453150562000,1785153453150562000,1785153453150562000,1785153453150563000,1785153453150743000,1785153453150745000,1785153453150745000,1785153453150745000,121932490,121652369,-100.121,0.000,0.000,1.000,2.000,0.000,0.000,5.000,0,0,0
B3_zmq_pushpull,zmq_tcp,none,none,,1,16691,512,584,1785153453151451000,1785153453151451000,1785153453151451000,1785153453151452000,1785153453151603000,1785153453151606000,1785153453151606000,1785153453151606000,121932490,121652369,-129.121,0.000,0.000,1.000,3.000,0.000,0.000,29.000,0,0,0
B3_zmq_pushpull,zmq_tcp,none,none,,1,16692,512,584,1785153453152447000,1785153453152447000,1785153453152447000,1785153453152448000,1785153453152601000,1785153453152604000,1785153453152604000,1785153453152604000,121932490,121652369,-127.121,0.000,0.000,1.000,3.000,0.000,0.000,2.000,0,0,0
B3_zmq_pushpull,zmq_tcp,none,none,,1,16693,512,584,1785153453153443000,1785153453153443000,1785153453153443000,1785153453153444000,1785153453153587000,1785153453153590000,1785153453153590000,1785153453153590000,121932490,121652369,-137.121,0.000,0.000,1.000,3.000,0.000,0.000,10.000,0,0,0
B3_zmq_pushpull,zmq_tcp,none,none,,1,16694,512,584,1785153453154591000,1785153453154591000,1785153453154591000,1785153453154592000,1785153453154719000,1785153453154721000,1785153453154721000,1785153453154721000,121932490,121652369,-153.121,0.000,0.000,1.000,2.000,0.000,0.000,16.000,0,0,0
B3_zmq_pushpull,zmq_tcp,none,none,,1,16695,512,584,1785153453155416000,1785153453155416000,1785153453155416000,1785153453155417000,1785153453155577000,1785153453155581000,1785153453155581000,1785153453155581000,121932490,121652369,-120.121,0.000,0.000,1.000,4.000,0.000,0.000,33.000,0,0,0
B3_zmq_pushpull,zmq_tcp,none,none,,1,16696,512,584,1785153453156417000,1785153453156417000,1785153453156417000,1785153453156418000,1785153453156577000,1785153453156580000,1785153453156580000,1785153453156580000,121932490,121652369,-121.121,0.000,0.000,1.000,3.000,0.000,0.000,1.000,0,0,0
B3_zmq_pushpull,zmq_tcp,none,none,,1,16697,512,584,1785153453157433000,1785153453157434000,1785153453157434000,1785153453157435000,1785153453157583000,1785153453157585000,1785153453157585000,1785153453157585000,121932490,121652369,-132.121,1.000,0.000,1.000,2.000,0.000,0.000,11.000,0,0,0
B3_zmq_pushpull,zmq_tcp,none,none,,1,16698,512,584,1785153453158594000,1785153453158594000,1785153453158594000,1785153453158595000,1785153453158731000,1785153453158733000,1785153453158734000,1785153453158734000,121932490,121652369,-144.121,0.000,0.000,1.000,2.000,1.000,0.000,12.000,0,0,0
B3_zmq_pushpull,zmq_tcp,none,none,,1,16699,512,584,1785153453159555000,1785153453159555000,1785153453159555000,1785153453159556000,1785153453159605000,1785153453159609000,1785153453159609000,1785153453159609000,121932490,121652369,-231.121,0.000,0.000,1.000,4.000,0.000,0.000,87.000,0,0,0
B3_zmq_pushpull,zmq_tcp,none,none,,1,16700,512,584,1785153453160564000,1785153453160564000,1785153453160564000,1785153453160565000,1785153453160616000,1785153453160619000,1785153453160619000,1785153453160619000,121932490,121652369,-229.121,0.000,0.000,1.000,3.000,0.000,0.000,2.000,0,0,0
B3_zmq_pushpull,zmq_tcp,none,none,,1,16701,512,584,1785153453161562000,1785153453161562000,1785153453161562000,1785153453161563000,1785153453161608000,1785153453161611000,1785153453161612000,1785153453161612000,121932490,121652369,-235.121,0.000,0.000,1.000,3.000,1.000,0.000,6.000,0,0,0
B3_zmq_pushpull,zmq_tcp,none,none,,1,16702,512,584,1785153453162563000,1785153453162563000,1785153453162563000,1785153453162564000,1785153453162618000,1785153453162621000,1785153453162621000,1785153453162621000,121932490,121652369,-226.121,0.000,0.000,1.000,3.000,0.000,0.000,9.000,0,0,0
B3_zmq_pushpull,zmq_tcp,none,none,,1,16703,512,584,1785153453163563000,1785153453163564000,1785153453163564000,1785153453163564000,1785153453163756000,1785153453163759000,1785153453163759000,1785153453163759000,121932490,121652369,-88.121,1.000,0.000,0.000,3.000,0.000,0.000,138.000,0,0,0
B3_zmq_pushpull,zmq_tcp,none,none,,1,16704,512,584,1785153453164461000,1785153453164461000,1785153453164461000,1785153453164462000,1785153453164623000,1785153453164626000,1785153453164626000,1785153453164626000,121932490,121652369,-119.121,0.000,0.000,1.000,3.000,0.000,0.000,31.000,0,0,0
B3_zmq_pushpull,zmq_tcp,none,none,,1,16705,512,584,1785153453165590000,1785153453165590000,1785153453165590000,1785153453165591000,1785153453165750000,1785153453165752000,1785153453165752000,1785153453165752000,121932490,121652369,-121.121,0.000,0.000,1.000,2.000,0.000,0.000,2.000,0,0,0
B3_zmq_pushpull,zmq_tcp,none,none,,1,16706,512,584,1785153453166554000,1785153453166554000,1785153453166554000,1785153453166555000,1785153453166746000,1785153453166748000,1785153453166748000,1785153453166748000,121932490,121652369,-89.121,0.000,0.000,1.000,2.000,0.000,0.000,32.000,0,0,0
B3_zmq_pushpull,zmq_tcp,none,none,,1,16707,512,584,1785153453167565000,1785153453167565000,1785153453167565000,1785153453167566000,1785153453167735000,1785153453167737000,1785153453167737000,1785153453167737000,121932490,121652369,-111.121,0.000,0.000,1.000,2.000,0.000,0.000,22.000,0,0,0
B3_zmq_pushpull,zmq_tcp,none,none,,1,16708,512,584,1785153453168561000,1785153453168561000,1785153453168561000,1785153453168562000,1785153453168715000,1785153453168717000,1785153453168717000,1785153453168718000,121932490,121652369,-127.121,0.000,0.000,1.000,2.000,0.000,1.000,16.000,0,0,0
B3_zmq_pushpull,zmq_tcp,none,none,,1,16709,512,584,1785153453169561000,1785153453169561000,1785153453169561000,1785153453169562000,1785153453169708000,1785153453169711000,1785153453169711000,1785153453169711000,121932490,121652369,-134.121,0.000,0.000,1.000,3.000,0.000,0.000,7.000,0,0,0
B3_zmq_pushpull,zmq_tcp,none,none,,1,16710,512,584,1785153453170559000,1785153453170559000,1785153453170559000,1785153453170560000,1785153453170701000,1785153453170703000,1785153453170703000,1785153453170703000,121932490,121652369,-139.121,0.000,0.000,1.000,2.000,0.000,0.000,5.000,0,0,0
B3_zmq_pushpull,zmq_tcp,none,none,,1,16711,512,584,1785153453171564000,1785153453171564000,1785153453171564000,1785153453171565000,1785153453171716000,1785153453171719000,1785153453171719000,1785153453171719000,121932490,121652369,-129.121,0.000,0.000,1.000,3.000,0.000,0.000,10.000,0,0,0
B3_zmq_pushpull,zmq_tcp,none,none,,1,16712,512,584,1785153453172562000,1785153453172562000,1785153453172562000,1785153453172563000,1785153453172730000,1785153453172734000,1785153453172734000,1785153453172734000,121932490,121652369,-113.121,0.000,0.000,1.000,4.000,0.000,0.000,16.000,0,0,0
B3_zmq_pushpull,zmq_tcp,none,none,,1,16713,512,584,1785153453173566000,1785153453173566000,1785153453173566000,1785153453173567000,1785153453173751000,1785153453173754000,1785153453173754000,1785153453173754000,121932490,121652369,-96.121,0.000,0.000,1.000,3.000,0.000,0.000,17.000,0,0,0
B3_zmq_pushpull,zmq_tcp,none,none,,1,16714,512,584,1785153453174561000,1785153453174561000,1785153453174562000,1785153453174563000,1785153453174744000,1785153453174747000,1785153453174747000,1785153453174747000,121932490,121652369,-99.121,0.000,1.000,1.000,3.000,0.000,0.000,3.000,0,0,0
B3_zmq_pushpull,zmq_tcp,none,none,,1,16715,512,584,1785153453175563000,1785153453175563000,1785153453175563000,1785153453175564000,1785153453175760000,1785153453175764000,1785153453175764000,1785153453175764000,121932490,121652369,-84.121,0.000,0.000,1.000,4.000,0.000,0.000,15.000,0,0,0
B3_zmq_pushpull,zmq_tcp,none,none,,1,16716,512,584,1785153453176561000,1785153453176561000,1785153453176561000,1785153453176562000,1785153453176620000,1785153453176623000,1785153453176623000,1785153453176623000,121932490,121652369,-222.121,0.000,0.000,1.000,3.000,0.000,0.000,138.000,0,0,0
B3_zmq_pushpull,zmq_tcp,none,none,,1,16717,512,584,1785153453177562000,1785153453177562000,1785153453177562000,1785153453177563000,1785153453177626000,1785153453177628000,1785153453177628000,1785153453177628000,121932490,121652369,-217.121,0.000,0.000,1.000,2.000,0.000,0.000,5.000,0,0,0
B3_zmq_pushpull,zmq_tcp,none,none,,1,16718,512,584,1785153453178564000,1785153453178564000,1785153453178564000,1785153453178565000,1785153453178639000,1785153453178642000,1785153453178642000,1785153453178642000,121932490,121652369,-206.121,0.000,0.000,1.000,3.000,0.000,0.000,11.000,0,0,0
B3_zmq_pushpull,zmq_tcp,none,none,,1,16719,512,584,1785153453179559000,1785153453179559000,1785153453179559000,1785153453179560000,1785153453179656000,1785153453179659000,1785153453179659000,1785153453179659000,121932490,121652369,-184.121,0.000,0.000,1.000,3.000,0.000,0.000,22.000,0,0,0
B3_zmq_pushpull,zmq_tcp,none,none,,1,16720,512,584,1785153453180563000,1785153453180563000,1785153453180563000,1785153453180564000,1785153453180670000,1785153453180673000,1785153453180673000,1785153453180673000,121932490,121652369,-174.121,0.000,0.000,1.000,3.000,0.000,0.000,10.000,0,0,0
B3_zmq_pushpull,zmq_tcp,none,none,,1,16721,512,584,1785153453181562000,1785153453181562000,1785153453181562000,1785153453181563000,1785153453181674000,1785153453181677000,1785153453181678000,1785153453181678000,121932490,121652369,-169.121,0.000,0.000,1.000,3.000,1.000,0.000,5.000,0,0,0
B3_zmq_pushpull,zmq_tcp,none,none,,1,16722,512,584,1785153453182562000,1785153453182563000,1785153453182563000,1785153453182564000,1785153453182657000,1785153453182660000,1785153453182660000,1785153453182660000,121932490,121652369,-187.121,1.000,0.000,1.000,3.000,0.000,0.000,18.000,0,0,0
B3_zmq_pushpull,zmq_tcp,none,none,,1,16723,512,584,1785153453183561000,1785153453183561000,1785153453183561000,1785153453183562000,1785153453183666000,1785153453183669000,1785153453183669000,1785153453183669000,121932490,121652369,-176.121,0.000,0.000,1.000,3.000,0.000,0.000,11.000,0,0,0
B3_zmq_pushpull,zmq_tcp,none,none,,1,16724,512,584,1785153453184563000,1785153453184563000,1785153453184564000,1785153453184564000,1785153453184677000,1785153453184680000,1785153453184680000,1785153453184680000,121932490,121652369,-167.121,0.000,1.000,0.000,3.000,0.000,0.000,9.000,0,0,0
B3_zmq_pushpull,zmq_tcp,none,none,,1,16725,512,584,1785153453185564000,1785153453185564000,1785153453185564000,1785153453185565000,1785153453185696000,1785153453185699000,1785153453185699000,1785153453185699000,121932490,121652369,-149.121,0.000,0.000,1.000,3.000,0.000,0.000,18.000,0,0,0
B3_zmq_pushpull,zmq_tcp,none,none,,1,16726,512,584,1785153453186562000,1785153453186562000,1785153453186562000,1785153453186563000,1785153453186692000,1785153453186695000,1785153453186695000,1785153453186695000,121932490,121652369,-151.121,0.000,0.000,1.000,3.000,0.000,0.000,2.000,0,0,0
B3_zmq_pushpull,zmq_tcp,none,none,,1,16727,512,584,1785153453187562000,1785153453187562000,1785153453187562000,1785153453187563000,1785153453187688000,1785153453187692000,1785153453187692000,1785153453187692000,121932490,121652369,-155.121,0.000,0.000,1.000,4.000,0.000,0.000,4.000,0,0,0
B3_zmq_pushpull,zmq_tcp,none,none,,1,16728,512,584,1785153453188562000,1785153453188562000,1785153453188562000,1785153453188563000,1785153453188683000,1785153453188686000,1785153453188686000,1785153453188686000,121932490,121652369,-160.121,0.000,0.000,1.000,3.000,0.000,0.000,5.000,0,0,0
B3_zmq_pushpull,zmq_tcp,none,none,,1,16729,512,584,1785153453189562000,1785153453189562000,1785153453189562000,1785153453189563000,1785153453189680000,1785153453189683000,1785153453189683000,1785153453189683000,121932490,121652369,-163.121,0.000,0.000,1.000,3.000,0.000,0.000,3.000,0,0,0
B3_zmq_pushpull,zmq_tcp,none,none,,1,16730,512,584,1785153453190562000,1785153453190562000,1785153453190563000,1785153453190563000,1785153453190693000,1785153453190695000,1785153453190695000,1785153453190695000,121932490,121652369,-150.121,0.000,1.000,0.000,2.000,0.000,0.000,13.000,0,0,0
B3_zmq_pushpull,zmq_tcp,none,none,,1,16731,512,584,1785153453191562000,1785153453191562000,1785153453191562000,1785153453191563000,1785153453191679000,1785153453191682000,1785153453191682000,1785153453191682000,121932490,121652369,-164.121,0.000,0.000,1.000,3.000,0.000,0.000,14.000,0,0,0
B3_zmq_pushpull,zmq_tcp,none,none,,1,16732,512,584,1785153453192565000,1785153453192565000,1785153453192565000,1785153453192566000,1785153453192676000,1785153453192679000,1785153453192679000,1785153453192679000,121932490,121652369,-170.121,0.000,0.000,1.000,3.000,0.000,0.000,6.000,0,0,0
B3_zmq_pushpull,zmq_tcp,none,none,,1,16733,512,584,1785153453193558000,1785153453193558000,1785153453193558000,1785153453193559000,1785153453193667000,1785153453193670000,1785153453193670000,1785153453193670000,121932490,121652369,-172.121,0.000,0.000,1.000,3.000,0.000,0.000,2.000,0,0,0
B3_zmq_pushpull,zmq_tcp,none,none,,1,16734,512,584,1785153453194563000,1785153453194563000,1785153453194563000,1785153453194564000,1785153453194650000,1785153453194654000,1785153453194654000,1785153453194654000,121932490,121652369,-194.121,0.000,0.000,1.000,4.000,0.000,0.000,22.000,0,0,0
B3_zmq_pushpull,zmq_tcp,none,none,,1,16735,512,584,1785153453195561000,1785153453195562000,1785153453195562000,1785153453195563000,1785153453195617000,1785153453195620000,1785153453195620000,1785153453195620000,121932490,121652369,-226.121,1.000,0.000,1.000,3.000,0.000,0.000,32.000,0,0,0
B3_zmq_pushpull,zmq_tcp,none,none,,1,16736,512,584,1785153453196450000,1785153453196450000,1785153453196450000,1785153453196451000,1785153453196606000,1785153453196609000,1785153453196609000,1785153453196609000,121932490,121652369,-125.121,0.000,0.000,1.000,3.000,0.000,0.000,101.000,0,0,0
B3_zmq_pushpull,zmq_tcp,none,none,,1,16737,512,584,1785153453197586000,1785153453197587000,1785153453197587000,1785153453197587000,1785153453197735000,1785153453197738000,1785153453197738000,1785153453197738000,121932490,121652369,-132.121,1.000,0.000,0.000,3.000,0.000,0.000,7.000,0,0,0
B3_zmq_pushpull,zmq_tcp,none,none,,1,16738,512,584,1785153453198427000,1785153453198427000,1785153453198427000,1785153453198428000,1785153453198574000,1785153453198577000,1785153453198577000,1785153453198577000,121932490,121652369,-134.121,0.000,0.000,1.000,3.000,0.000,0.000,2.000,0,0,0
B3_zmq_pushpull,zmq_tcp,none,none,,1,16739,512,584,1785153453199594000,1785153453199594000,1785153453199594000,1785153453199595000,1785153453199701000,1785153453199703000,1785153453199703000,1785153453199703000,121932490,121652369,-174.121,0.000,0.000,1.000,2.000,0.000,0.000,40.000,0,0,0
B3_zmq_pushpull,zmq_tcp,none,none,,1,16740,512,584,1785153453200556000,1785153453200556000,1785153453200556000,1785153453200557000,1785153453200687000,1785153453200691000,1785153453200691000,1785153453200691000,121932490,121652369,-150.121,0.000,0.000,1.000,4.000,0.000,0.000,24.000,0,0,0
B3_zmq_pushpull,zmq_tcp,none,none,,1,16741,512,584,1785153453201551000,1785153453201551000,1785153453201551000,1785153453201552000,1785153453201679000,1785153453201682000,1785153453201682000,1785153453201683000,121932490,121652369,-153.121,0.000,0.000,1.000,3.000,0.000,1.000,3.000,0,0,0
B3_zmq_pushpull,zmq_tcp,none,none,,1,16742,512,584,1785153453202564000,1785153453202564000,1785153453202564000,1785153453202565000,1785153453202651000,1785153453202654000,1785153453202654000,1785153453202654000,121932490,121652369,-194.121,0.000,0.000,1.000,3.000,0.000,0.000,41.000,0,0,0
B3_zmq_pushpull,zmq_tcp,none,none,,1,16743,512,584,1785153453203561000,1785153453203561000,1785153453203561000,1785153453203562000,1785153453203618000,1785153453203621000,1785153453203621000,1785153453203621000,121932490,121652369,-224.121,0.000,0.000,1.000,3.000,0.000,0.000,30.000,0,0,0
B3_zmq_pushpull,zmq_tcp,none,none,,1,16744,512,584,1785153453204559000,1785153453204559000,1785153453204559000,1785153453204560000,1785153453204609000,1785153453204611000,1785153453204611000,1785153453204611000,121932490,121652369,-231.121,0.000,0.000,1.000,2.000,0.000,0.000,7.000,0,0,0
B3_zmq_pushpull,zmq_tcp,none,none,,1,16745,512,584,1785153453205562000,1785153453205562000,1785153453205562000,1785153453205563000,1785153453205741000,1785153453205744000,1785153453205744000,1785153453205744000,121932490,121652369,-102.121,0.000,0.000,1.000,3.000,0.000,0.000,129.000,0,0,0
B3_zmq_pushpull,zmq_tcp,none,none,,1,16746,512,584,1785153453206563000,1785153453206563000,1785153453206563000,1785153453206564000,1785153453206719000,1785153453206722000,1785153453206722000,1785153453206722000,121932490,121652369,-125.121,0.000,0.000,1.000,3.000,0.000,0.000,23.000,0,0,0
B3_zmq_pushpull,zmq_tcp,none,none,,1,16747,512,584,1785153453207562000,1785153453207563000,1785153453207563000,1785153453207564000,1785153453207694000,1785153453207697000,1785153453207697000,1785153453207697000,121932490,121652369,-150.121,1.000,0.000,1.000,3.000,0.000,0.000,25.000,0,0,0
B3_zmq_pushpull,zmq_tcp,none,none,,1,16748,512,584,1785153453208562000,1785153453208562000,1785153453208562000,1785153453208563000,1785153453208679000,1785153453208682000,1785153453208682000,1785153453208682000,121932490,121652369,-164.121,0.000,0.000,1.000,3.000,0.000,0.000,14.000,0,0,0
B3_zmq_pushpull,zmq_tcp,none,none,,1,16749,512,584,1785153453209561000,1785153453209561000,1785153453209561000,1785153453209562000,1785153453209657000,1785153453209659000,1785153453209659000,1785153453209659000,121932490,121652369,-185.121,0.000,0.000,1.000,2.000,0.000,0.000,21.000,0,0,0
B3_zmq_pushpull,zmq_tcp,none,none,,1,16750,512,584,1785153453210561000,1785153453210561000,1785153453210561000,1785153453210562000,1785153453210619000,1785153453210621000,1785153453210621000,1785153453210621000,121932490,121652369,-223.121,0.000,0.000,1.000,2.000,0.000,0.000,38.000,0,0,0
B3_zmq_pushpull,zmq_tcp,none,none,,1,16751,512,584,1785153453211559000,1785153453211560000,1785153453211560000,1785153453211561000,1785153453211726000,1785153453211730000,1785153453211730000,1785153453211730000,121932490,121652369,-115.121,1.000,0.000,1.000,4.000,0.000,0.000,108.000,0,0,0
B3_zmq_pushpull,zmq_tcp,none,none,,1,16752,512,584,1785153453212564000,1785153453212564000,1785153453212564000,1785153453212565000,1785153453212725000,1785153453212727000,1785153453212727000,1785153453212727000,121932490,121652369,-120.121,0.000,0.000,1.000,2.000,0.000,0.000,5.000,0,0,0
B3_zmq_pushpull,zmq_tcp,none,none,,1,16753,512,584,1785153453213561000,1785153453213561000,1785153453213561000,1785153453213562000,1785153453213709000,1785153453213711000,1785153453213711000,1785153453213711000,121932490,121652369,-133.121,0.000,0.000,1.000,2.000,0.000,0.000,13.000,0,0,0
B3_zmq_pushpull,zmq_tcp,none,none,,1,16754,512,584,1785153453214564000,1785153453214564000,1785153453214564000,1785153453214565000,1785153453214683000,1785153453214686000,1785153453214686000,1785153453214686000,121932490,121652369,-162.121,0.000,0.000,1.000,3.000,0.000,0.000,29.000,0,0,0
B3_zmq_pushpull,zmq_tcp,none,none,,1,16755,512,584,1785153453215560000,1785153453215560000,1785153453215560000,1785153453215561000,1785153453215671000,1785153453215674000,1785153453215674000,1785153453215674000,121932490,121652369,-170.121,0.000,0.000,1.000,3.000,0.000,0.000,8.000,0,0,0
B3_zmq_pushpull,zmq_tcp,none,none,,1,16756,512,584,1785153453216562000,1785153453216562000,1785153453216562000,1785153453216563000,1785153453216631000,1785153453216634000,1785153453216634000,1785153453216634000,121932490,121652369,-212.121,0.000,0.000,1.000,3.000,0.000,0.000,42.000,0,0,0
B3_zmq_pushpull,zmq_tcp,none,none,,1,16757,512,584,1785153453217561000,1785153453217561000,1785153453217561000,1785153453217562000,1785153453217607000,1785153453217610000,1785153453217610000,1785153453217610000,121932490,121652369,-235.121,0.000,0.000,1.000,3.000,0.000,0.000,23.000,0,0,0
B3_zmq_pushpull,zmq_tcp,none,none,,1,16758,512,584,1785153453218565000,1785153453218565000,1785153453218565000,1785153453218566000,1785153453218743000,1785153453218746000,1785153453218746000,1785153453218746000,121932490,121652369,-103.121,0.000,0.000,1.000,3.000,0.000,0.000,132.000,0,0,0
B3_zmq_pushpull,zmq_tcp,none,none,,1,16759,512,584,1785153453219439000,1785153453219439000,1785153453219439000,1785153453219440000,1785153453219591000,1785153453219594000,1785153453219594000,1785153453219594000,121932490,121652369,-129.121,0.000,0.000,1.000,3.000,0.000,0.000,26.000,0,0,0
B3_zmq_pushpull,zmq_tcp,none,none,,1,16760,512,584,1785153453220594000,1785153453220594000,1785153453220595000,1785153453220595000,1785153453220702000,1785153453220705000,1785153453220705000,1785153453220705000,121932490,121652369,-173.121,0.000,1.000,0.000,3.000,0.000,0.000,44.000,0,0,0
B3_zmq_pushpull,zmq_tcp,none,none,,1,16761,512,584,1785153453221554000,1785153453221555000,1785153453221555000,1785153453221556000,1785153453221690000,1785153453221694000,1785153453221694000,1785153453221694000,121932490,121652369,-146.121,1.000,0.000,1.000,4.000,0.000,0.000,27.000,0,0,0
B3_zmq_pushpull,zmq_tcp,none,none,,1,16762,512,584,1785153453222563000,1785153453222563000,1785153453222563000,1785153453222564000,1785153453222693000,1785153453222696000,1785153453222696000,1785153453222696000,121932490,121652369,-151.121,0.000,0.000,1.000,3.000,0.000,0.000,5.000,0,0,0
B3_zmq_pushpull,zmq_tcp,none,none,,1,16763,512,584,1785153453223558000,1785153453223558000,1785153453223559000,1785153453223559000,1785153453223678000,1785153453223681000,1785153453223681000,1785153453223681000,121932490,121652369,-161.121,0.000,1.000,0.000,3.000,0.000,0.000,10.000,0,0,0
B3_zmq_pushpull,zmq_tcp,none,none,,1,16764,512,584,1785153453224562000,1785153453224562000,1785153453224563000,1785153453224563000,1785153453224657000,1785153453224659000,1785153453224659000,1785153453224659000,121932490,121652369,-186.121,0.000,1.000,0.000,2.000,0.000,0.000,25.000,0,0,0
B3_zmq_pushpull,zmq_tcp,none,none,,1,16765,512,584,1785153453225561000,1785153453225561000,1785153453225561000,1785153453225562000,1785153453225654000,1785153453225657000,1785153453225657000,1785153453225657000,121932490,121652369,-188.121,0.000,0.000,1.000,3.000,0.000,0.000,2.000,0,0,0
B3_zmq_pushpull,zmq_tcp,none,none,,1,16766,512,584,1785153453226563000,1785153453226563000,1785153453226563000,1785153453226564000,1785153453226749000,1785153453226751000,1785153453226751000,1785153453226751000,121932490,121652369,-95.121,0.000,0.000,1.000,2.000,0.000,0.000,93.000,0,0,0
B3_zmq_pushpull,zmq_tcp,none,none,,1,16767,512,584,1785153453227557000,1785153453227557000,1785153453227557000,1785153453227558000,1785153453227754000,1785153453227757000,1785153453227757000,1785153453227757000,121932490,121652369,-84.121,0.000,0.000,1.000,3.000,0.000,0.000,11.000,0,0,0
B3_zmq_pushpull,zmq_tcp,none,none,,1,16768,512,584,1785153453228461000,1785153453228461000,1785153453228461000,1785153453228462000,1785153453228622000,1785153453228625000,1785153453228625000,1785153453228625000,121932490,121652369,-120.121,0.000,0.000,1.000,3.000,0.000,0.000,36.000,0,0,0
B3_zmq_pushpull,zmq_tcp,none,none,,1,16769,512,584,1785153453229587000,1785153453229587000,1785153453229588000,1785153453229588000,1785153453229741000,1785153453229744000,1785153453229744000,1785153453229744000,121932490,121652369,-127.121,0.000,1.000,0.000,3.000,0.000,0.000,7.000,0,0,0
B3_zmq_pushpull,zmq_tcp,none,none,,1,16770,512,584,1785153453230423000,1785153453230423000,1785153453230423000,1785153453230425000,1785153453230566000,1785153453230569000,1785153453230569000,1785153453230569000,121932490,121652369,-139.121,0.000,0.000,2.000,3.000,0.000,0.000,12.000,0,0,0
B3_zmq_pushpull,zmq_tcp,none,none,,1,16771,512,584,1785153453231596000,1785153453231596000,1785153453231596000,1785153453231597000,1785153453231681000,1785153453231683000,1785153453231683000,1785153453231683000,121932490,121652369,-196.121,0.000,0.000,1.000,2.000,0.000,0.000,57.000,0,0,0
B3_zmq_pushpull,zmq_tcp,none,none,,1,16772,512,584,1785153453232554000,1785153453232554000,1785153453232554000,1785153453232555000,1785153453232668000,1785153453232671000,1785153453232671000,1785153453232671000,121932490,121652369,-167.121,0.000,0.000,1.000,3.000,0.000,0.000,29.000,0,0,0
B3_zmq_pushpull,zmq_tcp,none,none,,1,16773,512,584,1785153453233564000,1785153453233564000,1785153453233564000,1785153453233565000,1785153453233648000,1785153453233651000,1785153453233651000,1785153453233651000,121932490,121652369,-197.121,0.000,0.000,1.000,3.000,0.000,0.000,30.000,0,0,0
B3_zmq_pushpull,zmq_tcp,none,none,,1,16774,512,584,1785153453234560000,1785153453234560000,1785153453234560000,1785153453234561000,1785153453234634000,1785153453234637000,1785153453234637000,1785153453234637000,121932490,121652369,-207.121,0.000,0.000,1.000,3.000,0.000,0.000,10.000,0,0,0
B3_zmq_pushpull,zmq_tcp,none,none,,1,16775,512,584,1785153453235465000,1785153453235465000,1785153453235465000,1785153453235466000,1785153453235622000,1785153453235625000,1785153453235625000,1785153453235625000,121932490,121652369,-124.121,0.000,0.000,1.000,3.000,0.000,0.000,83.000,0,0,0
B3_zmq_pushpull,zmq_tcp,none,none,,1,16776,512,584,1785153453236585000,1785153453236585000,1785153453236585000,1785153453236586000,1785153453236734000,1785153453236738000,1785153453236738000,1785153453236738000,121932490,121652369,-132.121,0.000,0.000,1.000,4.000,0.000,0.000,8.000,0,0,0
B3_zmq_pushpull,zmq_tcp,none,none,,1,16777,512,584,1785153453237425000,1785153453237426000,1785153453237426000,1785153453237427000,1785153453237578000,1785153453237581000,1785153453237581000,1785153453237581000,121932490,121652369,-129.121,1.000,0.000,1.000,3.000,0.000,0.000,3.000,0,0,0
B3_zmq_pushpull,zmq_tcp,none,none,,1,16778,512,584,1785153453238596000,1785153453238596000,1785153453238596000,1785153453238597000,1785153453238714000,1785153453238717000,1785153453238717000,1785153453238717000,121932490,121652369,-163.121,0.000,0.000,1.000,3.000,0.000,0.000,34.000,0,0,0
B3_zmq_pushpull,zmq_tcp,none,none,,1,16779,512,584,1785153453239553000,1785153453239553000,1785153453239553000,1785153453239554000,1785153453239718000,1785153453239722000,1785153453239722000,1785153453239722000,121932490,121652369,-116.121,0.000,0.000,1.000,4.000,0.000,0.000,47.000,0,0,0
B3_zmq_pushpull,zmq_tcp,none,none,,1,16780,512,584,1785153453240564000,1785153453240564000,1785153453240564000,1785153453240565000,1785153453240715000,1785153453240718000,1785153453240718000,1785153453240718000,121932490,121652369,-130.121,0.000,0.000,1.000,3.000,0.000,0.000,14.000,0,0,0
B3_zmq_pushpull,zmq_tcp,none,none,,1,16781,512,584,1785153453241557000,1785153453241557000,1785153453241557000,1785153453241558000,1785153453241698000,1785153453241701000,1785153453241701000,1785153453241701000,121932490,121652369,-140.121,0.000,0.000,1.000,3.000,0.000,0.000,10.000,0,0,0
B3_zmq_pushpull,zmq_tcp,none,none,,1,16782,512,584,1785153453242389000,1785153453242389000,1785153453242389000,1785153453242390000,1785153453242549000,1785153453242552000,1785153453242552000,1785153453242552000,121932490,121652369,-121.121,0.000,0.000,1.000,3.000,0.000,0.000,19.000,0,0,0
B3_zmq_pushpull,zmq_tcp,none,none,,1,16783,512,584,1785153453243391000,1785153453243391000,1785153453243391000,1785153453243392000,1785153453243533000,1785153453243537000,1785153453243537000,1785153453243537000,121932490,121652369,-139.121,0.000,0.000,1.000,4.000,0.000,0.000,18.000,0,0,0
B3_zmq_pushpull,zmq_tcp,none,none,,1,16784,512,584,1785153453244604000,1785153453244604000,1785153453244604000,1785153453244605000,1785153453244660000,1785153453244663000,1785153453244663000,1785153453244663000,121932490,121652369,-225.121,0.000,0.000,1.000,3.000,0.000,0.000,86.000,0,0,0
B3_zmq_pushpull,zmq_tcp,none,none,,1,16785,512,584,1785153453245490000,1785153453245490000,1785153453245490000,1785153453245491000,1785153453245644000,1785153453245652000,1785153453245652000,1785153453245652000,121932490,121652369,-127.121,0.000,0.000,1.000,8.000,0.000,0.000,98.000,0,0,0
B3_zmq_pushpull,zmq_tcp,none,none,,1,16786,512,584,1785153453246580000,1785153453246580000,1785153453246580000,1785153453246581000,1785153453246652000,1785153453246655000,1785153453246655000,1785153453246655000,121932490,121652369,-209.121,0.000,0.000,1.000,3.000,0.000,0.000,82.000,0,0,0
B3_zmq_pushpull,zmq_tcp,none,none,,1,16787,512,584,1785153453247557000,1785153453247557000,1785153453247557000,1785153453247558000,1785153453247638000,1785153453247641000,1785153453247642000,1785153453247642000,121932490,121652369,-200.121,0.000,0.000,1.000,3.000,1.000,0.000,9.000,0,0,0
B3_zmq_pushpull,zmq_tcp,none,none,,1,16788,512,584,1785153453248565000,1785153453248565000,1785153453248565000,1785153453248566000,1785153453248630000,1785153453248634000,1785153453248634000,1785153453248634000,121932490,121652369,-216.121,0.000,0.000,1.000,4.000,0.000,0.000,16.000,0,0,0
B3_zmq_pushpull,zmq_tcp,none,none,,1,16789,512,584,1785153453249560000,1785153453249560000,1785153453249560000,1785153453249561000,1785153453249747000,1785153453249750000,1785153453249750000,1785153453249750000,121932490,121652369,-94.121,0.000,0.000,1.000,3.000,0.000,0.000,122.000,0,0,0
B3_zmq_pushpull,zmq_tcp,none,none,,1,16790,512,584,1785153453250563000,1785153453250563000,1785153453250563000,1785153453250564000,1785153453250703000,1785153453250707000,1785153453250707000,1785153453250707000,121932490,121652369,-141.121,0.000,0.000,1.000,4.000,0.000,0.000,47.000,0,0,0
B3_zmq_pushpull,zmq_tcp,none,none,,1,16791,512,584,1785153453251562000,1785153453251562000,1785153453251562000,1785153453251563000,1785153453251673000,1785153453251675000,1785153453251675000,1785153453251676000,121932490,121652369,-170.121,0.000,0.000,1.000,2.000,0.000,1.000,29.000,0,0,0
B3_zmq_pushpull,zmq_tcp,none,none,,1,16792,512,584,1785153453252561000,1785153453252561000,1785153453252561000,1785153453252562000,1785153453252631000,1785153453252633000,1785153453252633000,1785153453252633000,121932490,121652369,-211.121,0.000,0.000,1.000,2.000,0.000,0.000,41.000,0,0,0
B3_zmq_pushpull,zmq_tcp,none,none,,1,16793,512,584,1785153453253560000,1785153453253561000,1785153453253561000,1785153453253562000,1785153453253734000,1785153453253737000,1785153453253737000,1785153453253737000,121932490,121652369,-108.121,1.000,0.000,1.000,3.000,0.000,0.000,103.000,0,0,0
B3_zmq_pushpull,zmq_tcp,none,none,,1,16794,512,584,1785153453254561000,1785153453254561000,1785153453254561000,1785153453254562000,1785153453254738000,1785153453254741000,1785153453254741000,1785153453254741000,121932490,121652369,-104.121,0.000,0.000,1.000,3.000,0.000,0.000,4.000,0,0,0
B3_zmq_pushpull,zmq_tcp,none,none,,1,16795,512,584,1785153453255566000,1785153453255566000,1785153453255566000,1785153453255567000,1785153453255736000,1785153453255739000,1785153453255739000,1785153453255739000,121932490,121652369,-111.121,0.000,0.000,1.000,3.000,0.000,0.000,7.000,0,0,0
B3_zmq_pushpull,zmq_tcp,none,none,,1,16796,512,584,1785153453256448000,1785153453256448000,1785153453256448000,1785153453256449000,1785153453256604000,1785153453256607000,1785153453256607000,1785153453256607000,121932490,121652369,-125.121,0.000,0.000,1.000,3.000,0.000,0.000,14.000,0,0,0
B3_zmq_pushpull,zmq_tcp,none,none,,1,16797,512,584,1785153453257590000,1785153453257590000,1785153453257590000,1785153453257591000,1785153453257746000,1785153453257749000,1785153453257749000,1785153453257749000,121932490,121652369,-125.121,0.000,0.000,1.000,3.000,0.000,0.000,0.000,0,0,0
B3_zmq_pushpull,zmq_tcp,none,none,,1,16798,512,584,1785153453258555000,1785153453258555000,1785153453258555000,1785153453258556000,1785153453258596000,1785153453258599000,1785153453258599000,1785153453258599000,121932490,121652369,-240.121,0.000,0.000,1.000,3.000,0.000,0.000,115.000,0,0,0
B3_zmq_pushpull,zmq_tcp,none,none,,1,16799,512,584,1785153453259565000,1785153453259565000,1785153453259565000,1785153453259566000,1785153453259706000,1785153453259710000,1785153453259710000,1785153453259710000,121932490,121652369,-140.121,0.000,0.000,1.000,4.000,0.000,0.000,100.000,0,0,0
B3_zmq_pushpull,zmq_tcp,none,none,,1,16800,512,584,1785153453260382000,1785153453260382000,1785153453260382000,1785153453260383000,1785153453260541000,1785153453260544000,1785153453260544000,1785153453260544000,121932490,121652369,-122.121,0.000,0.000,1.000,3.000,0.000,0.000,18.000,0,0,0
B3_zmq_pushpull,zmq_tcp,none,none,,1,16801,512,584,1785153453261371000,1785153453261371000,1785153453261372000,1785153453261373000,1785153453261533000,1785153453261536000,1785153453261536000,1785153453261536000,121932490,121652369,-120.121,0.000,1.000,1.000,3.000,0.000,0.000,2.000,0,0,0
B3_zmq_pushpull,zmq_tcp,none,none,,1,16802,512,584,1785153453262379000,1785153453262380000,1785153453262380000,1785153453262381000,1785153453262530000,1785153453262533000,1785153453262533000,1785153453262533000,121932490,121652369,-131.121,1.000,0.000,1.000,3.000,0.000,0.000,11.000,0,0,0
B3_zmq_pushpull,zmq_tcp,none,none,,1,16803,512,584,1785153453263607000,1785153453263608000,1785153453263608000,1785153453263609000,1785153453263670000,1785153453263673000,1785153453263673000,1785153453263673000,121932490,121652369,-219.121,1.000,0.000,1.000,3.000,0.000,0.000,88.000,0,0,0
B3_zmq_pushpull,zmq_tcp,none,none,,1,16804,512,584,1785153453264547000,1785153453264547000,1785153453264547000,1785153453264548000,1785153453264646000,1785153453264649000,1785153453264649000,1785153453264650000,121932490,121652369,-182.121,0.000,0.000,1.000,3.000,0.000,1.000,37.000,0,0,0
B3_zmq_pushpull,zmq_tcp,none,none,,1,16805,512,584,1785153453265566000,1785153453265566000,1785153453265566000,1785153453265567000,1785153453265610000,1785153453265613000,1785153453265613000,1785153453265613000,121932490,121652369,-237.121,0.000,0.000,1.000,3.000,0.000,0.000,55.000,0,0,0
B3_zmq_pushpull,zmq_tcp,none,none,,1,16806,512,584,1785153453266448000,1785153453266449000,1785153453266449000,1785153453266450000,1785153453266605000,1785153453266608000,1785153453266608000,1785153453266608000,121932490,121652369,-125.121,1.000,0.000,1.000,3.000,0.000,0.000,112.000,0,0,0
B3_zmq_pushpull,zmq_tcp,none,none,,1,16807,512,584,1785153453267452000,1785153453267452000,1785153453267452000,1785153453267453000,1785153453267609000,1785153453267612000,1785153453267612000,1785153453267612000,121932490,121652369,-124.121,0.000,0.000,1.000,3.000,0.000,0.000,1.000,0,0,0
B3_zmq_pushpull,zmq_tcp,none,none,,1,16808,512,584,1785153453268441000,1785153453268441000,1785153453268441000,1785153453268442000,1785153453268581000,1785153453268583000,1785153453268583000,1785153453268583000,121932490,121652369,-141.121,0.000,0.000,1.000,2.000,0.000,0.000,17.000,0,0,0
B3_zmq_pushpull,zmq_tcp,none,none,,1,16809,512,584,1785153453269595000,1785153453269595000,1785153453269595000,1785153453269596000,1785153453269718000,1785153453269721000,1785153453269721000,1785153453269721000,121932490,121652369,-158.121,0.000,0.000,1.000,3.000,0.000,0.000,17.000,0,0,0
B3_zmq_pushpull,zmq_tcp,none,none,,1,16810,512,584,1785153453270554000,1785153453270554000,1785153453270554000,1785153453270555000,1785153453270716000,1785153453270718000,1785153453270718000,1785153453270718000,121932490,121652369,-119.121,0.000,0.000,1.000,2.000,0.000,0.000,39.000,0,0,0
B3_zmq_pushpull,zmq_tcp,none,none,,1,16811,512,584,1785153453271408000,1785153453271408000,1785153453271408000,1785153453271409000,1785153453271558000,1785153453271561000,1785153453271561000,1785153453271561000,121932490,121652369,-131.121,0.000,0.000,1.000,3.000,0.000,0.000,12.000,0,0,0
B3_zmq_pushpull,zmq_tcp,none,none,,1,16812,512,584,1785153453272392000,1785153453272392000,1785153453272392000,1785153453272393000,1785153453272544000,1785153453272546000,1785153453272546000,1785153453272546000,121932490,121652369,-129.121,0.000,0.000,1.000,2.000,0.000,0.000,2.000,0,0,0
B3_zmq_pushpull,zmq_tcp,none,none,,1,16813,512,584,1785153453273382000,1785153453273383000,1785153453273383000,1785153453273384000,1785153453273542000,1785153453273545000,1785153453273545000,1785153453273545000,121932490,121652369,-122.121,1.000,0.000,1.000,3.000,0.000,0.000,7.000,0,0,0
B3_zmq_pushpull,zmq_tcp,none,none,,1,16814,512,584,1785153453274607000,1785153453274607000,1785153453274607000,1785153453274608000,1785153453274686000,1785153453274689000,1785153453274689000,1785153453274689000,121932490,121652369,-202.121,0.000,0.000,1.000,3.000,0.000,0.000,80.000,0,0,0
B3_zmq_pushpull,zmq_tcp,none,none,,1,16815,512,584,1785153453275551000,1785153453275551000,1785153453275551000,1785153453275552000,1785153453275680000,1785153453275682000,1785153453275682000,1785153453275682000,121932490,121652369,-152.121,0.000,0.000,1.000,2.000,0.000,0.000,50.000,0,0,0
B3_zmq_pushpull,zmq_tcp,none,none,,1,16816,512,584,1785153453276564000,1785153453276564000,1785153453276564000,1785153453276565000,1785153453276662000,1785153453276665000,1785153453276665000,1785153453276665000,121932490,121652369,-183.121,0.000,0.000,1.000,3.000,0.000,0.000,31.000,0,0,0
B3_zmq_pushpull,zmq_tcp,none,none,,1,16817,512,584,1785153453277564000,1785153453277564000,1785153453277564000,1785153453277565000,1785153453277647000,1785153453277650000,1785153453277650000,1785153453277650000,121932490,121652369,-198.121,0.000,0.000,1.000,3.000,0.000,0.000,15.000,0,0,0
B3_zmq_pushpull,zmq_tcp,none,none,,1,16818,512,584,1785153453278563000,1785153453278563000,1785153453278563000,1785153453278564000,1785153453278636000,1785153453278639000,1785153453278639000,1785153453278639000,121932490,121652369,-208.121,0.000,0.000,1.000,3.000,0.000,0.000,10.000,0,0,0
B3_zmq_pushpull,zmq_tcp,none,none,,1,16819,512,584,1785153453279564000,1785153453279564000,1785153453279564000,1785153453279565000,1785153453279632000,1785153453279634000,1785153453279634000,1785153453279634000,121932490,121652369,-213.121,0.000,0.000,1.000,2.000,0.000,0.000,5.000,0,0,0
B3_zmq_pushpull,zmq_tcp,none,none,,1,16820,512,584,1785153453280562000,1785153453280563000,1785153453280563000,1785153453280564000,1785153453280622000,1785153453280625000,1785153453280625000,1785153453280625000,121932490,121652369,-222.121,1.000,0.000,1.000,3.000,0.000,0.000,9.000,0,0,0
B3_zmq_pushpull,zmq_tcp,none,none,,1,16821,512,584,1785153453281564000,1785153453281564000,1785153453281564000,1785153453281565000,1785153453281628000,1785153453281631000,1785153453281631000,1785153453281631000,121932490,121652369,-217.121,0.000,0.000,1.000,3.000,0.000,0.000,5.000,0,0,0
B3_zmq_pushpull,zmq_tcp,none,none,,1,16822,512,584,1785153453282560000,1785153453282560000,1785153453282560000,1785153453282561000,1785153453282722000,1785153453282725000,1785153453282725000,1785153453282725000,121932490,121652369,-119.121,0.000,0.000,1.000,3.000,0.000,0.000,98.000,0,0,0
B3_zmq_pushpull,zmq_tcp,none,none,,1,16823,512,584,1785153453283564000,1785153453283564000,1785153453283564000,1785153453283565000,1785153453283692000,1785153453283694000,1785153453283694000,1785153453283694000,121932490,121652369,-153.121,0.000,0.000,1.000,2.000,0.000,0.000,34.000,0,0,0
B3_zmq_pushpull,zmq_tcp,none,none,,1,16824,512,584,1785153453284562000,1785153453284562000,1785153453284562000,1785153453284563000,1785153453284670000,1785153453284673000,1785153453284673000,1785153453284673000,121932490,121652369,-173.121,0.000,0.000,1.000,3.000,0.000,0.000,20.000,0,0,0
B3_zmq_pushpull,zmq_tcp,none,none,,1,16825,512,584,1785153453285561000,1785153453285562000,1785153453285562000,1785153453285563000,1785153453285649000,1785153453285652000,1785153453285652000,1785153453285652000,121932490,121652369,-194.121,1.000,0.000,1.000,3.000,0.000,0.000,21.000,0,0,0
B3_zmq_pushpull,zmq_tcp,none,none,,1,16826,512,584,1785153453286559000,1785153453286559000,1785153453286559000,1785153453286560000,1785153453286635000,1785153453286637000,1785153453286637000,1785153453286637000,121932490,121652369,-205.121,0.000,0.000,1.000,2.000,0.000,0.000,11.000,0,0,0
B3_zmq_pushpull,zmq_tcp,none,none,,1,16827,512,584,1785153453287567000,1785153453287567000,1785153453287567000,1785153453287568000,1785153453287610000,1785153453287613000,1785153453287613000,1785153453287613000,121932490,121652369,-238.121,0.000,0.000,1.000,3.000,0.000,0.000,33.000,0,0,0
B3_zmq_pushpull,zmq_tcp,none,none,,1,16828,512,584,1785153453288447000,1785153453288447000,1785153453288447000,1785153453288448000,1785153453288606000,1785153453288609000,1785153453288609000,1785153453288609000,121932490,121652369,-122.121,0.000,0.000,1.000,3.000,0.000,0.000,116.000,0,0,0
B3_zmq_pushpull,zmq_tcp,none,none,,1,16829,512,584,1785153453289591000,1785153453289592000,1785153453289592000,1785153453289593000,1785153453289744000,1785153453289746000,1785153453289746000,1785153453289746000,121932490,121652369,-129.121,1.000,0.000,1.000,2.000,0.000,0.000,7.000,0,0,0
B3_zmq_pushpull,zmq_tcp,none,none,,1,16830,512,584,1785153453290551000,1785153453290551000,1785153453290551000,1785153453290552000,1785153453290726000,1785153453290729000,1785153453290729000,1785153453290729000,121932490,121652369,-106.121,0.000,0.000,1.000,3.000,0.000,0.000,23.000,0,0,0
B3_zmq_pushpull,zmq_tcp,none,none,,1,16831,512,584,1785153453291565000,1785153453291565000,1785153453291565000,1785153453291566000,1785153453291717000,1785153453291720000,1785153453291720000,1785153453291720000,121932490,121652369,-129.121,0.000,0.000,1.000,3.000,0.000,0.000,23.000,0,0,0
B3_zmq_pushpull,zmq_tcp,none,none,,1,16832,512,584,1785153453292425000,1785153453292425000,1785153453292425000,1785153453292426000,1785153453292577000,1785153453292580000,1785153453292580000,1785153453292580000,121932490,121652369,-129.121,0.000,0.000,1.000,3.000,0.000,0.000,0.000,0,0,0
B3_zmq_pushpull,zmq_tcp,none,none,,1,16833,512,584,1785153453293419000,1785153453293419000,1785153453293419000,1785153453293420000,1785153453293573000,1785153453293576000,1785153453293576000,1785153453293576000,121932490,121652369,-127.121,0.000,0.000,1.000,3.000,0.000,0.000,2.000,0,0,0
B3_zmq_pushpull,zmq_tcp,none,none,,1,16834,512,584,1785153453294401000,1785153453294401000,1785153453294401000,1785153453294402000,1785153453294544000,1785153453294547000,1785153453294547000,1785153453294547000,121932490,121652369,-138.121,0.000,0.000,1.000,3.000,0.000,0.000,11.000,0,0,0
B3_zmq_pushpull,zmq_tcp,none,none,,1,16835,512,584,1785153453295389000,1785153453295389000,1785153453295389000,1785153453295390000,1785153453295542000,1785153453295545000,1785153453295545000,1785153453295545000,121932490,121652369,-128.121,0.000,0.000,1.000,3.000,0.000,0.000,10.000,0,0,0
B3_zmq_pushpull,zmq_tcp,none,none,,1,16836,512,584,1785153453296374000,1785153453296374000,1785153453296374000,1785153453296375000,1785153453296532000,1785153453296534000,1785153453296534000,1785153453296534000,121932490,121652369,-123.121,0.000,0.000,1.000,2.000,0.000,0.000,5.000,0,0,0
B3_zmq_pushpull,zmq_tcp,none,none,,1,16837,512,584,1785153453297611000,1785153453297611000,1785153453297611000,1785153453297612000,1785153453297676000,1785153453297678000,1785153453297678000,1785153453297678000,121932490,121652369,-216.121,0.000,0.000,1.000,2.000,0.000,0.000,93.000,0,0,0
B3_zmq_pushpull,zmq_tcp,none,none,,1,16838,512,584,1785153453298372000,1785153453298373000,1785153453298373000,1785153453298374000,1785153453298534000,1785153453298538000,1785153453298538000,1785153453298538000,121932490,121652369,-120.121,1.000,0.000,1.000,4.000,0.000,0.000,96.000,0,0,0
B3_zmq_pushpull,zmq_tcp,none,none,,1,16839,512,584,1785153453299490000,1785153453299490000,1785153453299490000,1785153453299492000,1785153453299633000,1785153453299636000,1785153453299636000,1785153453299636000,121932490,121652369,-139.121,0.000,0.000,2.000,3.000,0.000,0.000,19.000,0,0,0
B3_zmq_pushpull,zmq_tcp,none,none,,1,16840,512,584,1785153453300579000,1785153453300579000,1785153453300579000,1785153453300580000,1785153453300621000,1785153453300624000,1785153453300624000,1785153453300624000,121932490,121652369,-239.121,0.000,0.000,1.000,3.000,0.000,0.000,100.000,0,0,0
B3_zmq_pushpull,zmq_tcp,none,none,,1,16841,512,584,1785153453301558000,1785153453301558000,1785153453301558000,1785153453301559000,1785153453301622000,1785153453301625000,1785153453301625000,1785153453301625000,121932490,121652369,-217.121,0.000,0.000,1.000,3.000,0.000,0.000,22.000,0,0,0
B3_zmq_pushpull,zmq_tcp,none,none,,1,16842,512,584,1785153453302563000,1785153453302563000,1785153453302563000,1785153453302564000,1785153453302733000,1785153453302736000,1785153453302736000,1785153453302736000,121932490,121652369,-111.121,0.000,0.000,1.000,3.000,0.000,0.000,106.000,0,0,0
B3_zmq_pushpull,zmq_tcp,none,none,,1,16843,512,584,1785153453303433000,1785153453303434000,1785153453303434000,1785153453303435000,1785153453303584000,1785153453303587000,1785153453303587000,1785153453303587000,121932490,121652369,-131.121,1.000,0.000,1.000,3.000,0.000,0.000,20.000,0,0,0
B3_zmq_pushpull,zmq_tcp,none,none,,1,16844,512,584,1785153453304595000,1785153453304595000,1785153453304595000,1785153453304596000,1785153453304698000,1785153453304700000,1785153453304700000,1785153453304700000,121932490,121652369,-178.121,0.000,0.000,1.000,2.000,0.000,0.000,47.000,0,0,0
B3_zmq_pushpull,zmq_tcp,none,none,,1,16845,512,584,1785153453305553000,1785153453305553000,1785153453305554000,1785153453305554000,1785153453305686000,1785153453305689000,1785153453305689000,1785153453305689000,121932490,121652369,-148.121,0.000,1.000,0.000,3.000,0.000,0.000,30.000,0,0,0
B3_zmq_pushpull,zmq_tcp,none,none,,1,16846,512,584,1785153453306382000,1785153453306382000,1785153453306382000,1785153453306383000,1785153453306540000,1785153453306543000,1785153453306543000,1785153453306543000,121932490,121652369,-123.121,0.000,0.000,1.000,3.000,0.000,0.000,25.000,0,0,0
B3_zmq_pushpull,zmq_tcp,none,none,,1,16847,512,584,1785153453307379000,1785153453307379000,1785153453307379000,1785153453307380000,1785153453307539000,1785153453307541000,1785153453307541000,1785153453307541000,121932490,121652369,-121.121,0.000,0.000,1.000,2.000,0.000,0.000,2.000,0,0,0
B3_zmq_pushpull,zmq_tcp,none,none,,1,16848,512,584,1785153453308384000,1785153453308384000,1785153453308384000,1785153453308385000,1785153453308537000,1785153453308540000,1785153453308540000,1785153453308540000,121932490,121652369,-128.121,0.000,0.000,1.000,3.000,0.000,0.000,7.000,0,0,0
B3_zmq_pushpull,zmq_tcp,none,none,,1,16849,512,584,1785153453309372000,1785153453309373000,1785153453309373000,1785153453309374000,1785153453309508000,1785153453309510000,1785153453309510000,1785153453309510000,121932490,121652369,-146.121,1.000,0.000,1.000,2.000,0.000,0.000,18.000,0,0,0
B3_zmq_pushpull,zmq_tcp,none,none,,1,16850,512,584,1785153453310478000,1785153453310479000,1785153453310479000,1785153453310480000,1785153453310640000,1785153453310642000,1785153453310642000,1785153453310642000,121932490,121652369,-120.121,1.000,0.000,1.000,2.000,0.000,0.000,26.000,0,0,0
B3_zmq_pushpull,zmq_tcp,none,none,,1,16851,512,584,1785153453311458000,1785153453311458000,1785153453311458000,1785153453311459000,1785153453311616000,1785153453311618000,1785153453311619000,1785153453311619000,121932490,121652369,-123.121,0.000,0.000,1.000,2.000,1.000,0.000,3.000,0,0,0
B3_zmq_pushpull,zmq_tcp,none,none,,1,16852,512,584,1785153453312442000,1785153453312442000,1785153453312442000,1785153453312443000,1785153453312594000,1785153453312597000,1785153453312597000,1785153453312597000,121932490,121652369,-129.121,0.000,0.000,1.000,3.000,0.000,0.000,6.000,0,0,0
B3_zmq_pushpull,zmq_tcp,none,none,,1,16853,512,584,1785153453313595000,1785153453313595000,1785153453313595000,1785153453313596000,1785153453313713000,1785153453313717000,1785153453313717000,1785153453313717000,121932490,121652369,-163.121,0.000,0.000,1.000,4.000,0.000,0.000,34.000,0,0,0
B3_zmq_pushpull,zmq_tcp,none,none,,1,16854,512,584,1785153453314553000,1785153453314553000,1785153453314553000,1785153453314555000,1785153453314696000,1785153453314700000,1785153453314700000,1785153453314700000,121932490,121652369,-139.121,0.000,0.000,2.000,4.000,0.000,0.000,24.000,0,0,0
B3_zmq_pushpull,zmq_tcp,none,none,,1,16855,512,584,1785153453315562000,1785153453315562000,1785153453315562000,1785153453315563000,1785153453315705000,1785153453315708000,1785153453315708000,1785153453315708000,121932490,121652369,-138.121,0.000,0.000,1.000,3.000,0.000,0.000,1.000,0,0,0
B3_zmq_pushpull,zmq_tcp,none,none,,1,16856,512,584,1785153453316562000,1785153453316562000,1785153453316562000,1785153453316563000,1785153453316711000,1785153453316713000,1785153453316713000,1785153453316713000,121932490,121652369,-132.121,0.000,0.000,1.000,2.000,0.000,0.000,6.000,0,0,0
B3_zmq_pushpull,zmq_tcp,none,none,,1,16857,512,584,1785153453317562000,1785153453317562000,1785153453317562000,1785153453317563000,1785153453317685000,1785153453317688000,1785153453317688000,1785153453317688000,121932490,121652369,-158.121,0.000,0.000,1.000,3.000,0.000,0.000,26.000,0,0,0
B3_zmq_pushpull,zmq_tcp,none,none,,1,16858,512,584,1785153453318561000,1785153453318561000,1785153453318561000,1785153453318562000,1785153453318668000,1785153453318670000,1785153453318670000,1785153453318670000,121932490,121652369,-174.121,0.000,0.000,1.000,2.000,0.000,0.000,16.000,0,0,0
B3_zmq_pushpull,zmq_tcp,none,none,,1,16859,512,584,1785153453319561000,1785153453319562000,1785153453319562000,1785153453319563000,1785153453319655000,1785153453319657000,1785153453319657000,1785153453319657000,121932490,121652369,-188.121,1.000,0.000,1.000,2.000,0.000,0.000,14.000,0,0,0
B3_zmq_pushpull,zmq_tcp,none,none,,1,16860,512,584,1785153453320561000,1785153453320562000,1785153453320562000,1785153453320563000,1785153453320640000,1785153453320643000,1785153453320643000,1785153453320643000,121932490,121652369,-203.121,1.000,0.000,1.000,3.000,0.000,0.000,15.000,0,0,0
B3_zmq_pushpull,zmq_tcp,none,none,,1,16861,512,584,1785153453321562000,1785153453321562000,1785153453321562000,1785153453321563000,1785153453321610000,1785153453321613000,1785153453321613000,1785153453321613000,121932490,121652369,-233.121,0.000,0.000,1.000,3.000,0.000,0.000,30.000,0,0,0
B3_zmq_pushpull,zmq_tcp,none,none,,1,16862,512,584,1785153453322454000,1785153453322454000,1785153453322454000,1785153453322455000,1785153453322600000,1785153453322603000,1785153453322603000,1785153453322603000,121932490,121652369,-135.121,0.000,0.000,1.000,3.000,0.000,0.000,98.000,0,0,0
B3_zmq_pushpull,zmq_tcp,none,none,,1,16863,512,584,1785153453323441000,1785153453323441000,1785153453323441000,1785153453323442000,1785153453323599000,1785153453323601000,1785153453323601000,1785153453323601000,121932490,121652369,-123.121,0.000,0.000,1.000,2.000,0.000,0.000,12.000,0,0,0
B3_zmq_pushpull,zmq_tcp,none,none,,1,16864,512,584,1785153453324443000,1785153453324443000,1785153453324443000,1785153453324444000,1785153453324605000,1785153453324608000,1785153453324608000,1785153453324608000,121932490,121652369,-119.121,0.000,0.000,1.000,3.000,0.000,0.000,4.000,0,0,0
B3_zmq_pushpull,zmq_tcp,none,none,,1,16865,512,584,1785153453325591000,1785153453325591000,1785153453325591000,1785153453325592000,1785153453325732000,1785153453325735000,1785153453325735000,1785153453325735000,121932490,121652369,-140.121,0.000,0.000,1.000,3.000,0.000,0.000,21.000,0,0,0
B3_zmq_pushpull,zmq_tcp,none,none,,1,16866,512,584,1785153453326555000,1785153453326556000,1785153453326556000,1785153453326557000,1785153453326727000,1785153453326730000,1785153453326730000,1785153453326730000,121932490,121652369,-110.121,1.000,0.000,1.000,3.000,0.000,0.000,30.000,0,0,0
B3_zmq_pushpull,zmq_tcp,none,none,,1,16867,512,584,1785153453327566000,1785153453327567000,1785153453327567000,1785153453327568000,1785153453327724000,1785153453327727000,1785153453327727000,1785153453327727000,121932490,121652369,-124.121,1.000,0.000,1.000,3.000,0.000,0.000,14.000,0,0,0
B3_zmq_pushpull,zmq_tcp,none,none,,1,16868,512,584,1785153453328562000,1785153453328562000,1785153453328562000,1785153453328563000,1785153453328722000,1785153453328725000,1785153453328725000,1785153453328725000,121932490,121652369,-121.121,0.000,0.000,1.000,3.000,0.000,0.000,3.000,0,0,0
B3_zmq_pushpull,zmq_tcp,none,none,,1,16869,512,584,1785153453329563000,1785153453329563000,1785153453329563000,1785153453329564000,1785153453329709000,1785153453329712000,1785153453329712000,1785153453329712000,121932490,121652369,-135.121,0.000,0.000,1.000,3.000,0.000,0.000,14.000,0,0,0
B3_zmq_pushpull,zmq_tcp,none,none,,1,16870,512,584,1785153453330564000,1785153453330564000,1785153453330564000,1785153453330565000,1785153453330691000,1785153453330693000,1785153453330693000,1785153453330693000,121932490,121652369,-154.121,0.000,0.000,1.000,2.000,0.000,0.000,19.000,0,0,0
B3_zmq_pushpull,zmq_tcp,none,none,,1,16871,512,584,1785153453331562000,1785153453331562000,1785153453331562000,1785153453331563000,1785153453331681000,1785153453331686000,1785153453331686000,1785153453331686000,121932490,121652369,-162.121,0.000,0.000,1.000,5.000,0.000,0.000,8.000,0,0,0
B3_zmq_pushpull,zmq_tcp,none,none,,1,16872,512,584,1785153453332564000,1785153453332565000,1785153453332565000,1785153453332566000,1785153453332652000,1785153453332654000,1785153453332654000,1785153453332654000,121932490,121652369,-194.121,1.000,0.000,1.000,2.000,0.000,0.000,32.000,0,0,0
B3_zmq_pushpull,zmq_tcp,none,none,,1,16873,512,584,1785153453333558000,1785153453333558000,1785153453333558000,1785153453333559000,1785153453333648000,1785153453333651000,1785153453333651000,1785153453333651000,121932490,121652369,-191.121,0.000,0.000,1.000,3.000,0.000,0.000,3.000,0,0,0
B3_zmq_pushpull,zmq_tcp,none,none,,1,16874,512,584,1785153453334563000,1785153453334563000,1785153453334563000,1785153453334564000,1785153453334615000,1785153453334617000,1785153453334617000,1785153453334617000,121932490,121652369,-229.121,0.000,0.000,1.000,2.000,0.000,0.000,38.000,0,0,0
B3_zmq_pushpull,zmq_tcp,none,none,,1,16875,512,584,1785153453335562000,1785153453335562000,1785153453335562000,1785153453335563000,1785153453335605000,1785153453335609000,1785153453335609000,1785153453335609000,121932490,121652369,-238.121,0.000,0.000,1.000,4.000,0.000,0.000,9.000,0,0,0
B3_zmq_pushpull,zmq_tcp,none,none,,1,16876,512,584,1785153453336453000,1785153453336453000,1785153453336453000,1785153453336454000,1785153453336611000,1785153453336613000,1785153453336613000,1785153453336613000,121932490,121652369,-123.121,0.000,0.000,1.000,2.000,0.000,0.000,115.000,0,0,0
B3_zmq_pushpull,zmq_tcp,none,none,,1,16877,512,584,1785153453337588000,1785153453337589000,1785153453337589000,1785153453337590000,1785153453337732000,1785153453337735000,1785153453337735000,1785153453337735000,121932490,121652369,-138.121,1.000,0.000,1.000,3.000,0.000,0.000,15.000,0,0,0
B3_zmq_pushpull,zmq_tcp,none,none,,1,16878,512,584,1785153453338428000,1785153453338428000,1785153453338428000,1785153453338429000,1785153453338587000,1785153453338589000,1785153453338589000,1785153453338589000,121932490,121652369,-122.121,0.000,0.000,1.000,2.000,0.000,0.000,16.000,0,0,0
B3_zmq_pushpull,zmq_tcp,none,none,,1,16879,512,584,1785153453339414000,1785153453339415000,1785153453339415000,1785153453339416000,1785153453339563000,1785153453339565000,1785153453339565000,1785153453339565000,121932490,121652369,-133.121,1.000,0.000,1.000,2.000,0.000,0.000,11.000,0,0,0
B3_zmq_pushpull,zmq_tcp,none,none,,1,16880,512,584,1785153453340600000,1785153453340600000,1785153453340600000,1785153453340601000,1785153453340672000,1785153453340674000,1785153453340674000,1785153453340674000,121932490,121652369,-209.121,0.000,0.000,1.000,2.000,0.000,0.000,76.000,0,0,0
B3_zmq_pushpull,zmq_tcp,none,none,,1,16881,512,584,1785153453341550000,1785153453341550000,1785153453341550000,1785153453341551000,1785153453341640000,1785153453341643000,1785153453341643000,1785153453341643000,121932490,121652369,-191.121,0.000,0.000,1.000,3.000,0.000,0.000,18.000,0,0,0
B3_zmq_pushpull,zmq_tcp,none,none,,1,16882,512,584,1785153453342566000,1785153453342566000,1785153453342566000,1785153453342567000,1785153453342617000,1785153453342620000,1785153453342620000,1785153453342620000,121932490,121652369,-230.121,0.000,0.000,1.000,3.000,0.000,0.000,39.000,0,0,0
B3_zmq_pushpull,zmq_tcp,none,none,,1,16883,512,584,1785153453343562000,1785153453343562000,1785153453343562000,1785153453343563000,1785153453343606000,1785153453343609000,1785153453343609000,1785153453343609000,121932490,121652369,-237.121,0.000,0.000,1.000,3.000,0.000,0.000,7.000,0,0,0
B3_zmq_pushpull,zmq_tcp,none,none,,1,16884,512,584,1785153453344562000,1785153453344562000,1785153453344563000,1785153453344563000,1785153453344712000,1785153453344717000,1785153453344717000,1785153453344717000,121932490,121652369,-131.121,0.000,1.000,0.000,5.000,0.000,0.000,106.000,0,0,0
B3_zmq_pushpull,zmq_tcp,none,none,,1,16885,512,584,1785153453345561000,1785153453345562000,1785153453345562000,1785153453345563000,1785153453345689000,1785153453345692000,1785153453345692000,1785153453345692000,121932490,121652369,-154.121,1.000,0.000,1.000,3.000,0.000,0.000,23.000,0,0,0
B3_zmq_pushpull,zmq_tcp,none,none,,1,16886,512,584,1785153453346567000,1785153453346567000,1785153453346567000,1785153453346568000,1785153453346676000,1785153453346679000,1785153453346679000,1785153453346679000,121932490,121652369,-172.121,0.000,0.000,1.000,3.000,0.000,0.000,18.000,0,0,0
B3_zmq_pushpull,zmq_tcp,none,none,,1,16887,512,584,1785153453347562000,1785153453347562000,1785153453347563000,1785153453347563000,1785153453347659000,1785153453347662000,1785153453347662000,1785153453347662000,121932490,121652369,-184.121,0.000,1.000,0.000,3.000,0.000,0.000,12.000,0,0,0
B3_zmq_pushpull,zmq_tcp,none,none,,1,16888,512,584,1785153453348562000,1785153453348562000,1785153453348562000,1785153453348563000,1785153453348640000,1785153453348643000,1785153453348643000,1785153453348643000,121932490,121652369,-203.121,0.000,0.000,1.000,3.000,0.000,0.000,19.000,0,0,0
B3_zmq_pushpull,zmq_tcp,none,none,,1,16889,512,584,1785153453349560000,1785153453349561000,1785153453349561000,1785153453349561000,1785153453349607000,1785153453349610000,1785153453349610000,1785153453349610000,121932490,121652369,-234.121,1.000,0.000,0.000,3.000,0.000,0.000,31.000,0,0,0
B3_zmq_pushpull,zmq_tcp,none,none,,1,16890,512,584,1785153453350564000,1785153453350564000,1785153453350564000,1785153453350565000,1785153453350717000,1785153453350720000,1785153453350720000,1785153453350720000,121932490,121652369,-128.121,0.000,0.000,1.000,3.000,0.000,0.000,106.000,0,0,0
B3_zmq_pushpull,zmq_tcp,none,none,,1,16891,512,584,1785153453351419000,1785153453351420000,1785153453351420000,1785153453351421000,1785153453351577000,1785153453351580000,1785153453351580000,1785153453351580000,121932490,121652369,-124.121,1.000,0.000,1.000,3.000,0.000,0.000,4.000,0,0,0
B3_zmq_pushpull,zmq_tcp,none,none,,1,16892,512,584,1785153453352398000,1785153453352398000,1785153453352398000,1785153453352399000,1785153453352553000,1785153453352556000,1785153453352556000,1785153453352556000,121932490,121652369,-126.121,0.000,0.000,1.000,3.000,0.000,0.000,2.000,0,0,0
B3_zmq_pushpull,zmq_tcp,none,none,,1,16893,512,584,1785153453353389000,1785153453353389000,1785153453353389000,1785153453353390000,1785153453353551000,1785153453353553000,1785153453353553000,1785153453353553000,121932490,121652369,-119.121,0.000,0.000,1.000,2.000,0.000,0.000,7.000,0,0,0
B3_zmq_pushpull,zmq_tcp,none,none,,1,16894,512,584,1785153453354605000,1785153453354605000,1785153453354605000,1785153453354606000,1785153453354657000,1785153453354660000,1785153453354660000,1785153453354660000,121932490,121652369,-229.121,0.000,0.000,1.000,3.000,0.000,0.000,110.000,0,0,0
B3_zmq_pushpull,zmq_tcp,none,none,,1,16895,512,584,1785153453355551000,1785153453355551000,1785153453355551000,1785153453355552000,1785153453355618000,1785153453355621000,1785153453355621000,1785153453355621000,121932490,121652369,-214.121,0.000,0.000,1.000,3.000,0.000,0.000,15.000,0,0,0
B3_zmq_pushpull,zmq_tcp,none,none,,1,16896,512,584,1785153453356562000,1785153453356562000,1785153453356562000,1785153453356563000,1785153453356731000,1785153453356733000,1785153453356733000,1785153453356733000,121932490,121652369,-112.121,0.000,0.000,1.000,2.000,0.000,0.000,102.000,0,0,0
B3_zmq_pushpull,zmq_tcp,none,none,,1,16897,512,584,1785153453357407000,1785153453357407000,1785153453357407000,1785153453357408000,1785153453357567000,1785153453357573000,1785153453357573000,1785153453357573000,121932490,121652369,-121.121,0.000,0.000,1.000,6.000,0.000,0.000,9.000,0,0,0
B3_zmq_pushpull,zmq_tcp,none,none,,1,16898,512,584,1785153453358402000,1785153453358402000,1785153453358402000,1785153453358403000,1785153453358563000,1785153453358565000,1785153453358565000,1785153453358565000,121932490,121652369,-120.121,0.000,0.000,1.000,2.000,0.000,0.000,1.000,0,0,0
B3_zmq_pushpull,zmq_tcp,none,none,,1,16899,512,584,1785153453359602000,1785153453359602000,1785153453359602000,1785153453359603000,1785153453359675000,1785153453359678000,1785153453359678000,1785153453359678000,121932490,121652369,-208.121,0.000,0.000,1.000,3.000,0.000,0.000,88.000,0,0,0
B3_zmq_pushpull,zmq_tcp,none,none,,1,16900,512,584,1785153453360552000,1785153453360552000,1785153453360552000,1785153453360553000,1785153453360660000,1785153453360663000,1785153453360663000,1785153453360663000,121932490,121652369,-173.121,0.000,0.000,1.000,3.000,0.000,0.000,35.000,0,0,0
B3_zmq_pushpull,zmq_tcp,none,none,,1,16901,512,584,1785153453361565000,1785153453361565000,1785153453361565000,1785153453361566000,1785153453361636000,1785153453361640000,1785153453361640000,1785153453361640000,121932490,121652369,-210.121,0.000,0.000,1.000,4.000,0.000,0.000,37.000,0,0,0
B3_zmq_pushpull,zmq_tcp,none,none,,1,16902,512,584,1785153453362562000,1785153453362562000,1785153453362562000,1785153453362563000,1785153453362729000,1785153453362732000,1785153453362732000,1785153453362732000,121932490,121652369,-114.121,0.000,0.000,1.000,3.000,0.000,0.000,96.000,0,0,0
B3_zmq_pushpull,zmq_tcp,none,none,,1,16903,512,584,1785153453363563000,1785153453363563000,1785153453363563000,1785153453363564000,1785153453363728000,1785153453363731000,1785153453363731000,1785153453363731000,121932490,121652369,-116.121,0.000,0.000,1.000,3.000,0.000,0.000,2.000,0,0,0
B3_zmq_pushpull,zmq_tcp,none,none,,1,16904,512,584,1785153453364563000,1785153453364563000,1785153453364563000,1785153453364564000,1785153453364716000,1785153453364718000,1785153453364718000,1785153453364719000,121932490,121652369,-128.121,0.000,0.000,1.000,2.000,0.000,1.000,12.000,0,0,0
B3_zmq_pushpull,zmq_tcp,none,none,,1,16905,512,584,1785153453365562000,1785153453365562000,1785153453365562000,1785153453365563000,1785153453365712000,1785153453365715000,1785153453365715000,1785153453365715000,121932490,121652369,-131.121,0.000,0.000,1.000,3.000,0.000,0.000,3.000,0,0,0
B3_zmq_pushpull,zmq_tcp,none,none,,1,16906,512,584,1785153453366562000,1785153453366562000,1785153453366562000,1785153453366563000,1785153453366712000,1785153453366715000,1785153453366715000,1785153453366715000,121932490,121652369,-131.121,0.000,0.000,1.000,3.000,0.000,0.000,0.000,0,0,0
B3_zmq_pushpull,zmq_tcp,none,none,,1,16907,512,584,1785153453367562000,1785153453367562000,1785153453367562000,1785153453367563000,1785153453367716000,1785153453367719000,1785153453367719000,1785153453367719000,121932490,121652369,-127.121,0.000,0.000,1.000,3.000,0.000,0.000,4.000,0,0,0
B3_zmq_pushpull,zmq_tcp,none,none,,1,16908,512,584,1785153453368561000,1785153453368561000,1785153453368562000,1785153453368563000,1785153453368704000,1785153453368707000,1785153453368707000,1785153453368707000,121932490,121652369,-139.121,0.000,1.000,1.000,3.000,0.000,0.000,12.000,0,0,0
B3_zmq_pushpull,zmq_tcp,none,none,,1,16909,512,584,1785153453369382000,1785153453369382000,1785153453369382000,1785153453369383000,1785153453369541000,1785153453369544000,1785153453369544000,1785153453369544000,121932490,121652369,-122.121,0.000,0.000,1.000,3.000,0.000,0.000,17.000,0,0,0
B3_zmq_pushpull,zmq_tcp,none,none,,1,16910,512,584,1785153453370607000,1785153453370608000,1785153453370608000,1785153453370609000,1785153453370772000,1785153453370774000,1785153453370774000,1785153453370774000,121932490,121652369,-117.121,1.000,0.000,1.000,2.000,0.000,0.000,5.000,0,0,0
B3_zmq_pushpull,zmq_tcp,none,none,,1,16911,512,584,1785153453371550000,1785153453371550000,1785153453371550000,1785153453371551000,1785153453371616000,1785153453371619000,1785153453371619000,1785153453371619000,121932490,121652369,-215.121,0.000,0.000,1.000,3.000,0.000,0.000,98.000,0,0,0
B3_zmq_pushpull,zmq_tcp,none,none,,1,16912,512,584,1785153453372568000,1785153453372568000,1785153453372569000,1785153453372570000,1785153453372747000,1785153453372749000,1785153453372749000,1785153453372749000,121932490,121652369,-103.121,0.000,1.000,1.000,2.000,0.000,0.000,112.000,0,0,0
B3_zmq_pushpull,zmq_tcp,none,none,,1,16913,512,584,1785153453373563000,1785153453373563000,1785153453373563000,1785153453373564000,1785153453373727000,1785153453373729000,1785153453373730000,1785153453373730000,121932490,121652369,-117.121,0.000,0.000,1.000,2.000,1.000,0.000,14.000,0,0,0
B3_zmq_pushpull,zmq_tcp,none,none,,1,16914,512,584,1785153453374562000,1785153453374562000,1785153453374562000,1785153453374563000,1785153453374713000,1785153453374716000,1785153453374716000,1785153453374716000,121932490,121652369,-130.121,0.000,0.000,1.000,3.000,0.000,0.000,13.000,0,0,0
B3_zmq_pushpull,zmq_tcp,none,none,,1,16915,512,584,1785153453375559000,1785153453375560000,1785153453375560000,1785153453375561000,1785153453375697000,1785153453375700000,1785153453375700000,1785153453375700000,121932490,121652369,-144.121,1.000,0.000,1.000,3.000,0.000,0.000,14.000,0,0,0
B3_zmq_pushpull,zmq_tcp,none,none,,1,16916,512,584,1785153453376386000,1785153453376386000,1785153453376386000,1785153453376387000,1785153453376530000,1785153453376533000,1785153453376533000,1785153453376533000,121932490,121652369,-137.121,0.000,0.000,1.000,3.000,0.000,0.000,7.000,0,0,0
B3_zmq_pushpull,zmq_tcp,none,none,,1,16917,512,584,1785153453377609000,1785153453377610000,1785153453377610000,1785153453377611000,1785153453377665000,1785153453377670000,1785153453377670000,1785153453377670000,121932490,121652369,-226.121,1.000,0.000,1.000,5.000,0.000,0.000,89.000,0,0,0
B3_zmq_pushpull,zmq_tcp,none,none,,1,16918,512,584,1785153453378547000,1785153453378547000,1785153453378547000,1785153453378548000,1785153453378671000,1785153453378674000,1785153453378674000,1785153453378674000,121932490,121652369,-157.121,0.000,0.000,1.000,3.000,0.000,0.000,69.000,0,0,0
B3_zmq_pushpull,zmq_tcp,none,none,,1,16919,512,584,1785153453379568000,1785153453379568000,1785153453379568000,1785153453379569000,1785153453379644000,1785153453379647000,1785153453379647000,1785153453379647000,121932490,121652369,-205.121,0.000,0.000,1.000,3.000,0.000,0.000,48.000,0,0,0
B3_zmq_pushpull,zmq_tcp,none,none,,1,16920,512,584,1785153453380560000,1785153453380561000,1785153453380561000,1785153453380562000,1785153453380630000,1785153453380634000,1785153453380634000,1785153453380634000,121932490,121652369,-212.121,1.000,0.000,1.000,4.000,0.000,0.000,7.000,0,0,0
B3_zmq_pushpull,zmq_tcp,none,none,,1,16921,512,584,1785153453381564000,1785153453381564000,1785153453381565000,1785153453381565000,1785153453381743000,1785153453381745000,1785153453381745000,1785153453381746000,121932490,121652369,-102.121,0.000,1.000,0.000,2.000,0.000,1.000,110.000,0,0,0
B3_zmq_pushpull,zmq_tcp,none,none,,1,16922,512,584,1785153453382422000,1785153453382422000,1785153453382422000,1785153453382423000,1785153453382575000,1785153453382578000,1785153453382578000,1785153453382578000,121932490,121652369,-128.121,0.000,0.000,1.000,3.000,0.000,0.000,26.000,0,0,0
B3_zmq_pushpull,zmq_tcp,none,none,,1,16923,512,584,1785153453383392000,1785153453383392000,1785153453383392000,1785153453383393000,1785153453383544000,1785153453383547000,1785153453383547000,1785153453383547000,121932490,121652369,-129.121,0.000,0.000,1.000,3.000,0.000,0.000,1.000,0,0,0
B3_zmq_pushpull,zmq_tcp,none,none,,1,16924,512,584,1785153453384369000,1785153453384369000,1785153453384369000,1785153453384370000,1785153453384520000,1785153453384523000,1785153453384523000,1785153453384523000,121932490,121652369,-130.121,0.000,0.000,1.000,3.000,0.000,0.000,1.000,0,0,0
B3_zmq_pushpull,zmq_tcp,none,none,,1,16925,512,584,1785153453385488000,1785153453385488000,1785153453385488000,1785153453385489000,1785153453385638000,1785153453385640000,1785153453385640000,1785153453385640000,121932490,121652369,-131.121,0.000,0.000,1.000,2.000,0.000,0.000,1.000,0,0,0
B3_zmq_pushpull,zmq_tcp,none,none,,1,16926,512,584,1785153453386578000,1785153453386578000,1785153453386578000,1785153453386579000,1785153453386760000,1785153453386763000,1785153453386763000,1785153453386763000,121932490,121652369,-99.121,0.000,0.000,1.000,3.000,0.000,0.000,32.000,0,0,0
B3_zmq_pushpull,zmq_tcp,none,none,,1,16927,512,584,1785153453387560000,1785153453387560000,1785153453387560000,1785153453387561000,1785153453387732000,1785153453387735000,1785153453387735000,1785153453387735000,121932490,121652369,-109.121,0.000,0.000,1.000,3.000,0.000,0.000,10.000,0,0,0
B3_zmq_pushpull,zmq_tcp,none,none,,1,16928,512,584,1785153453388562000,1785153453388562000,1785153453388562000,1785153453388563000,1785153453388724000,1785153453388727000,1785153453388727000,1785153453388727000,121932490,121652369,-119.121,0.000,0.000,1.000,3.000,0.000,0.000,10.000,0,0,0
B3_zmq_pushpull,zmq_tcp,none,none,,1,16929,512,584,1785153453389560000,1785153453389560000,1785153453389560000,1785153453389561000,1785153453389734000,1785153453389737000,1785153453389737000,1785153453389737000,121932490,121652369,-107.121,0.000,0.000,1.000,3.000,0.000,0.000,12.000,0,0,0
B3_zmq_pushpull,zmq_tcp,none,none,,1,16930,512,584,1785153453390426000,1785153453390426000,1785153453390426000,1785153453390427000,1785153453390575000,1785153453390578000,1785153453390578000,1785153453390578000,121932490,121652369,-132.121,0.000,0.000,1.000,3.000,0.000,0.000,25.000,0,0,0
B3_zmq_pushpull,zmq_tcp,none,none,,1,16931,512,584,1785153453391598000,1785153453391599000,1785153453391599000,1785153453391600000,1785153453391679000,1785153453391682000,1785153453391682000,1785153453391682000,121932490,121652369,-201.121,1.000,0.000,1.000,3.000,0.000,0.000,69.000,0,0,0
B3_zmq_pushpull,zmq_tcp,none,none,,1,16932,512,584,1785153453392551000,1785153453392551000,1785153453392551000,1785153453392552000,1785153453392664000,1785153453392667000,1785153453392667000,1785153453392667000,121932490,121652369,-168.121,0.000,0.000,1.000,3.000,0.000,0.000,33.000,0,0,0
B3_zmq_pushpull,zmq_tcp,none,none,,1,16933,512,584,1785153453393566000,1785153453393567000,1785153453393567000,1785153453393568000,1785153453393656000,1785153453393659000,1785153453393659000,1785153453393659000,121932490,121652369,-192.121,1.000,0.000,1.000,3.000,0.000,0.000,24.000,0,0,0
B3_zmq_pushpull,zmq_tcp,none,none,,1,16934,512,584,1785153453394563000,1785153453394563000,1785153453394563000,1785153453394564000,1785153453394652000,1785153453394655000,1785153453394655000,1785153453394655000,121932490,121652369,-192.121,0.000,0.000,1.000,3.000,0.000,0.000,0.000,0,0,0
B3_zmq_pushpull,zmq_tcp,none,none,,1,16935,512,584,1785153453395564000,1785153453395564000,1785153453395564000,1785153453395565000,1785153453395650000,1785153453395652000,1785153453395652000,1785153453395652000,121932490,121652369,-195.121,0.000,0.000,1.000,2.000,0.000,0.000,3.000,0,0,0
B3_zmq_pushpull,zmq_tcp,none,none,,1,16936,512,584,1785153453396559000,1785153453396559000,1785153453396559000,1785153453396560000,1785153453396627000,1785153453396630000,1785153453396630000,1785153453396630000,121932490,121652369,-213.121,0.000,0.000,1.000,3.000,0.000,0.000,18.000,0,0,0
B3_zmq_pushpull,zmq_tcp,none,none,,1,16937,512,584,1785153453397563000,1785153453397563000,1785153453397563000,1785153453397564000,1785153453397608000,1785153453397611000,1785153453397612000,1785153453397612000,121932490,121652369,-236.121,0.000,0.000,1.000,3.000,1.000,0.000,23.000,0,0,0
B3_zmq_pushpull,zmq_tcp,none,none,,1,16938,512,584,1785153453398563000,1785153453398563000,1785153453398563000,1785153453398564000,1785153453398731000,1785153453398734000,1785153453398734000,1785153453398734000,121932490,121652369,-113.121,0.000,0.000,1.000,3.000,0.000,0.000,123.000,0,0,0
B3_zmq_pushpull,zmq_tcp,none,none,,1,16939,512,584,1785153453399564000,1785153453399564000,1785153453399564000,1785153453399565000,1785153453399735000,1785153453399738000,1785153453399738000,1785153453399738000,121932490,121652369,-110.121,0.000,0.000,1.000,3.000,0.000,0.000,3.000,0,0,0
B3_zmq_pushpull,zmq_tcp,none,none,,1,16940,512,584,1785153453400563000,1785153453400563000,1785153453400563000,1785153453400564000,1785153453400707000,1785153453400710000,1785153453400710000,1785153453400710000,121932490,121652369,-137.121,0.000,0.000,1.000,3.000,0.000,0.000,27.000,0,0,0
B3_zmq_pushpull,zmq_tcp,none,none,,1,16941,512,584,1785153453401562000,1785153453401562000,1785153453401562000,1785153453401563000,1785153453401703000,1785153453401705000,1785153453401706000,1785153453401706000,121932490,121652369,-140.121,0.000,0.000,1.000,2.000,1.000,0.000,3.000,0,0,0
B3_zmq_pushpull,zmq_tcp,none,none,,1,16942,512,584,1785153453402562000,1785153453402562000,1785153453402562000,1785153453402563000,1785153453402686000,1785153453402688000,1785153453402688000,1785153453402688000,121932490,121652369,-157.121,0.000,0.000,1.000,2.000,0.000,0.000,17.000,0,0,0
B3_zmq_pushpull,zmq_tcp,none,none,,1,16943,512,584,1785153453403562000,1785153453403562000,1785153453403562000,1785153453403563000,1785153453403666000,1785153453403669000,1785153453403669000,1785153453403669000,121932490,121652369,-177.121,0.000,0.000,1.000,3.000,0.000,0.000,20.000,0,0,0
B3_zmq_pushpull,zmq_tcp,none,none,,1,16944,512,584,1785153453404559000,1785153453404559000,1785153453404559000,1785153453404560000,1785153453404651000,1785153453404654000,1785153453404654000,1785153453404654000,121932490,121652369,-189.121,0.000,0.000,1.000,3.000,0.000,0.000,12.000,0,0,0
B3_zmq_pushpull,zmq_tcp,none,none,,1,16945,512,584,1785153453405564000,1785153453405564000,1785153453405564000,1785153453405565000,1785153453405638000,1785153453405640000,1785153453405640000,1785153453405640000,121932490,121652369,-207.121,0.000,0.000,1.000,2.000,0.000,0.000,18.000,0,0,0
B3_zmq_pushpull,zmq_tcp,none,none,,1,16946,512,584,1785153453406562000,1785153453406562000,1785153453406562000,1785153453406563000,1785153453406744000,1785153453406747000,1785153453406747000,1785153453406747000,121932490,121652369,-99.121,0.000,0.000,1.000,3.000,0.000,0.000,108.000,0,0,0
B3_zmq_pushpull,zmq_tcp,none,none,,1,16947,512,584,1785153453407564000,1785153453407564000,1785153453407564000,1785153453407565000,1785153453407755000,1785153453407758000,1785153453407758000,1785153453407758000,121932490,121652369,-90.121,0.000,0.000,1.000,3.000,0.000,0.000,9.000,0,0,0
B3_zmq_pushpull,zmq_tcp,none,none,,1,16948,512,584,1785153453408561000,1785153453408561000,1785153453408561000,1785153453408562000,1785153453408734000,1785153453408738000,1785153453408738000,1785153453408738000,121932490,121652369,-108.121,0.000,0.000,1.000,4.000,0.000,0.000,18.000,0,0,0
B3_zmq_pushpull,zmq_tcp,none,none,,1,16949,512,584,1785153453409565000,1785153453409565000,1785153453409565000,1785153453409566000,1785153453409715000,1785153453409718000,1785153453409718000,1785153453409718000,121932490,121652369,-131.121,0.000,0.000,1.000,3.000,0.000,0.000,23.000,0,0,0
B3_zmq_pushpull,zmq_tcp,none,none,,1,16950,512,584,1785153453410562000,1785153453410562000,1785153453410562000,1785153453410563000,1785153453410695000,1785153453410698000,1785153453410698000,1785153453410698000,121932490,121652369,-148.121,0.000,0.000,1.000,3.000,0.000,0.000,17.000,0,0,0
B3_zmq_pushpull,zmq_tcp,none,none,,1,16951,512,584,1785153453411562000,1785153453411562000,1785153453411562000,1785153453411563000,1785153453411672000,1785153453411675000,1785153453411675000,1785153453411675000,121932490,121652369,-171.121,0.000,0.000,1.000,3.000,0.000,0.000,23.000,0,0,0
B3_zmq_pushpull,zmq_tcp,none,none,,1,16952,512,584,1785153453412560000,1785153453412560000,1785153453412560000,1785153453412561000,1785153453412639000,1785153453412642000,1785153453412642000,1785153453412642000,121932490,121652369,-202.121,0.000,0.000,1.000,3.000,0.000,0.000,31.000,0,0,0
B3_zmq_pushpull,zmq_tcp,none,none,,1,16953,512,584,1785153453413563000,1785153453413563000,1785153453413564000,1785153453413564000,1785153453413604000,1785153453413607000,1785153453413607000,1785153453413607000,121932490,121652369,-240.121,0.000,1.000,0.000,3.000,0.000,0.000,38.000,0,0,0
B3_zmq_pushpull,zmq_tcp,none,none,,1,16954,512,584,1785153453414562000,1785153453414562000,1785153453414562000,1785153453414563000,1785153453414730000,1785153453414732000,1785153453414732000,1785153453414732000,121932490,121652369,-113.121,0.000,0.000,1.000,2.000,0.000,0.000,127.000,0,0,0
B3_zmq_pushpull,zmq_tcp,none,none,,1,16955,512,584,1785153453415433000,1785153453415433000,1785153453415433000,1785153453415434000,1785153453415590000,1785153453415592000,1785153453415592000,1785153453415592000,121932490,121652369,-124.121,0.000,0.000,1.000,2.000,0.000,0.000,11.000,0,0,0
B3_zmq_pushpull,zmq_tcp,none,none,,1,16956,512,584,1785153453416594000,1785153453416594000,1785153453416594000,1785153453416595000,1785153453416694000,1785153453416697000,1785153453416697000,1785153453416697000,121932490,121652369,-181.121,0.000,0.000,1.000,3.000,0.000,0.000,57.000,0,0,0
B3_zmq_pushpull,zmq_tcp,none,none,,1,16957,512,584,1785153453417554000,1785153453417554000,1785153453417554000,1785153453417555000,1785153453417691000,1785153453417694000,1785153453417694000,1785153453417694000,121932490,121652369,-144.121,0.000,0.000,1.000,3.000,0.000,0.000,37.000,0,0,0
B3_zmq_pushpull,zmq_tcp,none,none,,1,16958,512,584,1785153453418381000,1785153453418381000,1785153453418381000,1785153453418382000,1785153453418532000,1785153453418536000,1785153453418536000,1785153453418536000,121932490,121652369,-130.121,0.000,0.000,1.000,4.000,0.000,0.000,14.000,0,0,0
B3_zmq_pushpull,zmq_tcp,none,none,,1,16959,512,584,1785153453419607000,1785153453419608000,1785153453419608000,1785153453419609000,1785153453419764000,1785153453419767000,1785153453419767000,1785153453419767000,121932490,121652369,-125.121,1.000,0.000,1.000,3.000,0.000,0.000,5.000,0,0,0
B3_zmq_pushpull,zmq_tcp,none,none,,1,16960,512,584,1785153453420549000,1785153453420549000,1785153453420549000,1785153453420550000,1785153453420603000,1785153453420606000,1785153453420606000,1785153453420606000,121932490,121652369,-227.121,0.000,0.000,1.000,3.000,0.000,0.000,102.000,0,0,0
B3_zmq_pushpull,zmq_tcp,none,none,,1,16961,512,584,1785153453421568000,1785153453421568000,1785153453421568000,1785153453421569000,1785153453421726000,1785153453421728000,1785153453421728000,1785153453421728000,121932490,121652369,-123.121,0.000,0.000,1.000,2.000,0.000,0.000,104.000,0,0,0
B3_zmq_pushpull,zmq_tcp,none,none,,1,16962,512,584,1785153453422561000,1785153453422561000,1785153453422561000,1785153453422562000,1785153453422707000,1785153453422710000,1785153453422710000,1785153453422710000,121932490,121652369,-135.121,0.000,0.000,1.000,3.000,0.000,0.000,12.000,0,0,0
B3_zmq_pushpull,zmq_tcp,none,none,,1,16963,512,584,1785153453423564000,1785153453423564000,1785153453423564000,1785153453423565000,1785153453423683000,1785153453423686000,1785153453423686000,1785153453423686000,121932490,121652369,-162.121,0.000,0.000,1.000,3.000,0.000,0.000,27.000,0,0,0
B3_zmq_pushpull,zmq_tcp,none,none,,1,16964,512,584,1785153453424562000,1785153453424562000,1785153453424562000,1785153453424563000,1785153453424654000,1785153453424657000,1785153453424657000,1785153453424657000,121932490,121652369,-189.121,0.000,0.000,1.000,3.000,0.000,0.000,27.000,0,0,0
B3_zmq_pushpull,zmq_tcp,none,none,,1,16965,512,584,1785153453425562000,1785153453425562000,1785153453425562000,1785153453425563000,1785153453425640000,1785153453425643000,1785153453425643000,1785153453425643000,121932490,121652369,-203.121,0.000,0.000,1.000,3.000,0.000,0.000,14.000,0,0,0
B3_zmq_pushpull,zmq_tcp,none,none,,1,16966,512,584,1785153453426568000,1785153453426568000,1785153453426568000,1785153453426569000,1785153453426628000,1785153453426632000,1785153453426632000,1785153453426632000,121932490,121652369,-221.121,0.000,0.000,1.000,4.000,0.000,0.000,18.000,0,0,0
B3_zmq_pushpull,zmq_tcp,none,none,,1,16967,512,584,1785153453427485000,1785153453427486000,1785153453427486000,1785153453427487000,1785153453427635000,1785153453427638000,1785153453427638000,1785153453427638000,121932490,121652369,-132.121,1.000,0.000,1.000,3.000,0.000,0.000,89.000,0,0,0
B3_zmq_pushpull,zmq_tcp,none,none,,1,16968,512,584,1785153453428582000,1785153453428582000,1785153453428582000,1785153453428583000,1785153453428739000,1785153453428742000,1785153453428742000,1785153453428742000,121932490,121652369,-124.121,0.000,0.000,1.000,3.000,0.000,0.000,8.000,0,0,0
B3_zmq_pushpull,zmq_tcp,none,none,,1,16969,512,584,1785153453429557000,1785153453429557000,1785153453429557000,1785153453429558000,1785153453429734000,1785153453429737000,1785153453429737000,1785153453429737000,121932490,121652369,-104.121,0.000,0.000,1.000,3.000,0.000,0.000,20.000,0,0,0
B3_zmq_pushpull,zmq_tcp,none,none,,1,16970,512,584,1785153453430426000,1785153453430426000,1785153453430426000,1785153453430427000,1785153453430583000,1785153453430585000,1785153453430585000,1785153453430585000,121932490,121652369,-124.121,0.000,0.000,1.000,2.000,0.000,0.000,20.000,0,0,0
B3_zmq_pushpull,zmq_tcp,none,none,,1,16971,512,584,1785153453431595000,1785153453431596000,1785153453431596000,1785153453431597000,1785153453431707000,1785153453431710000,1785153453431710000,1785153453431710000,121932490,121652369,-170.121,1.000,0.000,1.000,3.000,0.000,0.000,46.000,0,0,0
B3_zmq_pushpull,zmq_tcp,none,none,,1,16972,512,584,1785153453432554000,1785153453432554000,1785153453432554000,1785153453432555000,1785153453432683000,1785153453432686000,1785153453432686000,1785153453432686000,121932490,121652369,-152.121,0.000,0.000,1.000,3.000,0.000,0.000,18.000,0,0,0
B3_zmq_pushpull,zmq_tcp,none,none,,1,16973,512,584,1785153453433565000,1785153453433565000,1785153453433565000,1785153453433566000,1785153453433650000,1785153453433653000,1785153453433653000,1785153453433653000,121932490,121652369,-196.121,0.000,0.000,1.000,3.000,0.000,0.000,44.000,0,0,0
B3_zmq_pushpull,zmq_tcp,none,none,,1,16974,512,584,1785153453434559000,1785153453434559000,1785153453434559000,1785153453434560000,1785153453434612000,1785153453434617000,1785153453434617000,1785153453434617000,121932490,121652369,-228.121,0.000,0.000,1.000,5.000,0.000,0.000,32.000,0,0,0
B3_zmq_pushpull,zmq_tcp,none,none,,1,16975,512,584,1785153453435467000,1785153453435467000,1785153453435467000,1785153453435468000,1785153453435625000,1785153453435627000,1785153453435627000,1785153453435627000,121932490,121652369,-123.121,0.000,0.000,1.000,2.000,0.000,0.000,105.000,0,0,0
B3_zmq_pushpull,zmq_tcp,none,none,,1,16976,512,584,1785153453436586000,1785153453436586000,1785153453436587000,1785153453436587000,1785153453436744000,1785153453436747000,1785153453436747000,1785153453436747000,121932490,121652369,-123.121,0.000,1.000,0.000,3.000,0.000,0.000,0.000,0,0,0
B3_zmq_pushpull,zmq_tcp,none,none,,1,16977,512,584,1785153453437433000,1785153453437433000,1785153453437433000,1785153453437434000,1785153453437583000,1785153453437586000,1785153453437586000,1785153453437586000,121932490,121652369,-131.121,0.000,0.000,1.000,3.000,0.000,0.000,8.000,0,0,0
B3_zmq_pushpull,zmq_tcp,none,none,,1,16978,512,584,1785153453438404000,1785153453438404000,1785153453438404000,1785153453438405000,1785153453438558000,1785153453438561000,1785153453438561000,1785153453438561000,121932490,121652369,-127.121,0.000,0.000,1.000,3.000,0.000,0.000,4.000,0,0,0
B3_zmq_pushpull,zmq_tcp,none,none,,1,16979,512,584,1785153453439374000,1785153453439374000,1785153453439374000,1785153453439375000,1785153453439507000,1785153453439511000,1785153453439511000,1785153453439511000,121932490,121652369,-148.121,0.000,0.000,1.000,4.000,0.000,0.000,21.000,0,0,0
B3_zmq_pushpull,zmq_tcp,none,none,,1,16980,512,584,1785153453440448000,1785153453440448000,1785153453440448000,1785153453440449000,1785153453440601000,1785153453440603000,1785153453440603000,1785153453440603000,121932490,121652369,-128.121,0.000,0.000,1.000,2.000,0.000,0.000,20.000,0,0,0
B3_zmq_pushpull,zmq_tcp,none,none,,1,16981,512,584,1785153453441444000,1785153453441444000,1785153453441444000,1785153453441446000,1785153453441592000,1785153453441594000,1785153453441594000,1785153453441594000,121932490,121652369,-134.121,0.000,0.000,2.000,2.000,0.000,0.000,6.000,0,0,0
B3_zmq_pushpull,zmq_tcp,none,none,,1,16982,512,584,1785153453442594000,1785153453442594000,1785153453442594000,1785153453442595000,1785153453442717000,1785153453442719000,1785153453442719000,1785153453442719000,121932490,121652369,-158.121,0.000,0.000,1.000,2.000,0.000,0.000,24.000,0,0,0
B3_zmq_pushpull,zmq_tcp,none,none,,1,16983,512,584,1785153453443556000,1785153453443556000,1785153453443556000,1785153453443557000,1785153453443700000,1785153453443703000,1785153453443703000,1785153453443703000,121932490,121652369,-137.121,0.000,0.000,1.000,3.000,0.000,0.000,21.000,0,0,0
B3_zmq_pushpull,zmq_tcp,none,none,,1,16984,512,584,1785153453444564000,1785153453444564000,1785153453444564000,1785153453444565000,1785153453444677000,1785153453444679000,1785153453444679000,1785153453444679000,121932490,121652369,-168.121,0.000,0.000,1.000,2.000,0.000,0.000,31.000,0,0,0
B3_zmq_pushpull,zmq_tcp,none,none,,1,16985,512,584,1785153453445562000,1785153453445562000,1785153453445562000,1785153453445563000,1785153453445645000,1785153453445647000,1785153453445647000,1785153453445647000,121932490,121652369,-198.121,0.000,0.000,1.000,2.000,0.000,0.000,30.000,0,0,0
B3_zmq_pushpull,zmq_tcp,none,none,,1,16986,512,584,1785153453446562000,1785153453446562000,1785153453446562000,1785153453446563000,1785153453446631000,1785153453446634000,1785153453446634000,1785153453446634000,121932490,121652369,-212.121,0.000,0.000,1.000,3.000,0.000,0.000,14.000,0,0,0
B3_zmq_pushpull,zmq_tcp,none,none,,1,16987,512,584,1785153453447563000,1785153453447563000,1785153453447563000,1785153453447564000,1785153453447613000,1785153453447617000,1785153453447617000,1785153453447617000,121932490,121652369,-231.121,0.000,0.000,1.000,4.000,0.000,0.000,19.000,0,0,0
B3_zmq_pushpull,zmq_tcp,none,none,,1,16988,512,584,1785153453448564000,1785153453448564000,1785153453448564000,1785153453448565000,1785153453448752000,1785153453448755000,1785153453448755000,1785153453448755000,121932490,121652369,-93.121,0.000,0.000,1.000,3.000,0.000,0.000,138.000,0,0,0
B3_zmq_pushpull,zmq_tcp,none,none,,1,16989,512,584,1785153453449564000,1785153453449564000,1785153453449564000,1785153453449565000,1785153453449757000,1785153453449760000,1785153453449760000,1785153453449760000,121932490,121652369,-88.121,0.000,0.000,1.000,3.000,0.000,0.000,5.000,0,0,0
B3_zmq_pushpull,zmq_tcp,none,none,,1,16990,512,584,1785153453450563000,1785153453450564000,1785153453450564000,1785153453450565000,1785153453450726000,1785153453450729000,1785153453450729000,1785153453450729000,121932490,121652369,-119.121,1.000,0.000,1.000,3.000,0.000,0.000,31.000,0,0,0
B3_zmq_pushpull,zmq_tcp,none,none,,1,16991,512,584,1785153453451562000,1785153453451562000,1785153453451562000,1785153453451563000,1785153453451725000,1785153453451727000,1785153453451727000,1785153453451727000,121932490,121652369,-118.121,0.000,0.000,1.000,2.000,0.000,0.000,1.000,0,0,0
B3_zmq_pushpull,zmq_tcp,none,none,,1,16992,512,584,1785153453452562000,1785153453452562000,1785153453452562000,1785153453452563000,1785153453452687000,1785153453452690000,1785153453452690000,1785153453452690000,121932490,121652369,-156.121,0.000,0.000,1.000,3.000,0.000,0.000,38.000,0,0,0
B3_zmq_pushpull,zmq_tcp,none,none,,1,16993,512,584,1785153453453520000,1785153453453520000,1785153453453521000,1785153453453522000,1785153453453654000,1785153453453657000,1785153453453657000,1785153453453657000,121932490,121652369,-148.121,0.000,1.000,1.000,3.000,0.000,0.000,8.000,0,0,0
B3_zmq_pushpull,zmq_tcp,none,none,,1,16994,512,584,1785153453454485000,1785153453454485000,1785153453454485000,1785153453454486000,1785153453454639000,1785153453454642000,1785153453454642000,1785153453454642000,121932490,121652369,-127.121,0.000,0.000,1.000,3.000,0.000,0.000,21.000,0,0,0
B3_zmq_pushpull,zmq_tcp,none,none,,1,16995,512,584,1785153453455480000,1785153453455481000,1785153453455481000,1785153453455482000,1785153453455640000,1785153453455644000,1785153453455644000,1785153453455645000,121932490,121652369,-122.121,1.000,0.000,1.000,4.000,0.000,1.000,5.000,0,0,0
B3_zmq_pushpull,zmq_tcp,none,none,,1,16996,512,584,1785153453456584000,1785153453456584000,1785153453456584000,1785153453456585000,1785153453456761000,1785153453456763000,1785153453456764000,1785153453456764000,121932490,121652369,-104.121,0.000,0.000,1.000,2.000,1.000,0.000,18.000,0,0,0
B3_zmq_pushpull,zmq_tcp,none,none,,1,16997,512,584,1785153453457559000,1785153453457559000,1785153453457559000,1785153453457561000,1785153453457618000,1785153453457622000,1785153453457622000,1785153453457622000,121932490,121652369,-223.121,0.000,0.000,2.000,4.000,0.000,0.000,119.000,0,0,0
B3_zmq_pushpull,zmq_tcp,none,none,,1,16998,512,584,1785153453458456000,1785153453458456000,1785153453458456000,1785153453458457000,1785153453458602000,1785153453458604000,1785153453458604000,1785153453458604000,121932490,121652369,-135.121,0.000,0.000,1.000,2.000,0.000,0.000,88.000,0,0,0
B3_zmq_pushpull,zmq_tcp,none,none,,1,16999,512,584,1785153453459452000,1785153453459452000,1785153453459452000,1785153453459453000,1785153453459607000,1785153453459613000,1785153453459613000,1785153453459613000,121932490,121652369,-126.121,0.000,0.000,1.000,6.000,0.000,0.000,9.000,0,0,0
B3_zmq_pushpull,zmq_tcp,none,none,,1,17000,512,584,1785153453460591000,1785153453460592000,1785153453460592000,1785153453460593000,1785153453460755000,1785153453460758000,1785153453460758000,1785153453460758000,121932490,121652369,-118.121,1.000,0.000,1.000,3.000,0.000,0.000,8.000,0,0,0
B3_zmq_pushpull,zmq_tcp,none,none,,1,17001,512,584,1785153453461455000,1785153453461455000,1785153453461455000,1785153453461456000,1785153453461614000,1785153453461617000,1785153453461617000,1785153453461617000,121932490,121652369,-122.121,0.000,0.000,1.000,3.000,0.000,0.000,4.000,0,0,0
B3_zmq_pushpull,zmq_tcp,none,none,,1,17002,512,584,1785153453462593000,1785153453462593000,1785153453462593000,1785153453462594000,1785153453462746000,1785153453462749000,1785153453462749000,1785153453462749000,121932490,121652369,-128.121,0.000,0.000,1.000,3.000,0.000,0.000,6.000,0,0,0
B3_zmq_pushpull,zmq_tcp,none,none,,1,17003,512,584,1785153453463448000,1785153453463448000,1785153453463449000,1785153453463449000,1785153453463603000,1785153453463606000,1785153453463606000,1785153453463606000,121932490,121652369,-126.121,0.000,1.000,0.000,3.000,0.000,0.000,2.000,0,0,0
B3_zmq_pushpull,zmq_tcp,none,none,,1,17004,512,584,1785153453464593000,1785153453464593000,1785153453464593000,1785153453464594000,1785153453464724000,1785153453464727000,1785153453464727000,1785153453464727000,121932490,121652369,-150.121,0.000,0.000,1.000,3.000,0.000,0.000,24.000,0,0,0
B3_zmq_pushpull,zmq_tcp,none,none,,1,17005,512,584,1785153453465557000,1785153453465557000,1785153453465557000,1785153453465558000,1785153453465724000,1785153453465727000,1785153453465727000,1785153453465727000,121932490,121652369,-114.121,0.000,0.000,1.000,3.000,0.000,0.000,36.000,0,0,0
B3_zmq_pushpull,zmq_tcp,none,none,,1,17006,512,584,1785153453466564000,1785153453466564000,1785153453466564000,1785153453466565000,1785153453466705000,1785153453466708000,1785153453466708000,1785153453466708000,121932490,121652369,-140.121,0.000,0.000,1.000,3.000,0.000,0.000,26.000,0,0,0
B3_zmq_pushpull,zmq_tcp,none,none,,1,17007,512,584,1785153453467563000,1785153453467564000,1785153453467564000,1785153453467565000,1785153453467701000,1785153453467703000,1785153453467703000,1785153453467703000,121932490,121652369,-144.121,1.000,0.000,1.000,2.000,0.000,0.000,4.000,0,0,0
B3_zmq_pushpull,zmq_tcp,none,none,,1,17008,512,584,1785153453468563000,1785153453468563000,1785153453468563000,1785153453468564000,1785153453468691000,1785153453468693000,1785153453468693000,1785153453468694000,121932490,121652369,-153.121,0.000,0.000,1.000,2.000,0.000,1.000,9.000,0,0,0
B3_zmq_pushpull,zmq_tcp,none,none,,1,17009,512,584,1785153453469411000,1785153453469411000,1785153453469411000,1785153453469412000,1785153453469570000,1785153453469572000,1785153453469572000,1785153453469572000,121932490,121652369,-122.121,0.000,0.000,1.000,2.000,0.000,0.000,31.000,0,0,0
B3_zmq_pushpull,zmq_tcp,none,none,,1,17010,512,584,1785153453470604000,1785153453470605000,1785153453470605000,1785153453470606000,1785153453470719000,1785153453470722000,1785153453470722000,1785153453470722000,121932490,121652369,-167.121,1.000,0.000,1.000,3.000,0.000,0.000,45.000,0,0,0
B3_zmq_pushpull,zmq_tcp,none,none,,1,17011,512,584,1785153453471556000,1785153453471557000,1785153453471557000,1785153453471558000,1785153453471727000,1785153453471734000,1785153453471734000,1785153453471734000,121932490,121652369,-111.121,1.000,0.000,1.000,7.000,0.000,0.000,56.000,0,0,0
B3_zmq_pushpull,zmq_tcp,none,none,,1,17012,512,584,1785153453472445000,1785153453472445000,1785153453472445000,1785153453472446000,1785153453472594000,1785153453472596000,1785153453472596000,1785153453472596000,121932490,121652369,-132.121,0.000,0.000,1.000,2.000,0.000,0.000,21.000,0,0,0
B3_zmq_pushpull,zmq_tcp,none,none,,1,17013,512,584,1785153453473590000,1785153453473590000,1785153453473590000,1785153453473591000,1785153453473735000,1785153453473738000,1785153453473738000,1785153453473738000,121932490,121652369,-136.121,0.000,0.000,1.000,3.000,0.000,0.000,4.000,0,0,0
B3_zmq_pushpull,zmq_tcp,none,none,,1,17014,512,584,1785153453474438000,1785153453474438000,1785153453474439000,1785153453474439000,1785153453474594000,1785153453474596000,1785153453474596000,1785153453474596000,121932490,121652369,-125.121,0.000,1.000,0.000,2.000,0.000,0.000,11.000,0,0,0
B3_zmq_pushpull,zmq_tcp,none,none,,1,17015,512,584,1785153453475444000,1785153453475445000,1785153453475445000,1785153453475445000,1785153453475599000,1785153453475602000,1785153453475602000,1785153453475602000,121932490,121652369,-126.121,1.000,0.000,0.000,3.000,0.000,0.000,1.000,0,0,0
B3_zmq_pushpull,zmq_tcp,none,none,,1,17016,512,584,1785153453476593000,1785153453476593000,1785153453476593000,1785153453476594000,1785153453476747000,1785153453476750000,1785153453476750000,1785153453476750000,121932490,121652369,-127.121,0.000,0.000,1.000,3.000,0.000,0.000,1.000,0,0,0
B3_zmq_pushpull,zmq_tcp,none,none,,1,17017,512,584,1785153453477555000,1785153453477556000,1785153453477556000,1785153453477557000,1785153453477613000,1785153453477616000,1785153453477616000,1785153453477616000,121932490,121652369,-224.121,1.000,0.000,1.000,3.000,0.000,0.000,97.000,0,0,0
B3_zmq_pushpull,zmq_tcp,none,none,,1,17018,512,584,1785153453478569000,1785153453478569000,1785153453478569000,1785153453478570000,1785153453478759000,1785153453478762000,1785153453478762000,1785153453478762000,121932490,121652369,-91.121,0.000,0.000,1.000,3.000,0.000,0.000,133.000,0,0,0
B3_zmq_pushpull,zmq_tcp,none,none,,1,17019,512,584,1785153453479453000,1785153453479453000,1785153453479453000,1785153453479454000,1785153453479602000,1785153453479604000,1785153453479604000,1785153453479604000,121932490,121652369,-132.121,0.000,0.000,1.000,2.000,0.000,0.000,41.000,0,0,0
B3_zmq_pushpull,zmq_tcp,none,none,,1,17020,512,584,1785153453480591000,1785153453480591000,1785153453480591000,1785153453480592000,1785153453480732000,1785153453480735000,1785153453480735000,1785153453480735000,121932490,121652369,-140.121,0.000,0.000,1.000,3.000,0.000,0.000,8.000,0,0,0
B3_zmq_pushpull,zmq_tcp,none,none,,1,17021,512,584,1785153453481554000,1785153453481554000,1785153453481554000,1785153453481555000,1785153453481719000,1785153453481722000,1785153453481722000,1785153453481722000,121932490,121652369,-116.121,0.000,0.000,1.000,3.000,0.000,0.000,24.000,0,0,0
B3_zmq_pushpull,zmq_tcp,none,none,,1,17022,512,584,1785153453482429000,1785153453482429000,1785153453482429000,1785153453482430000,1785153453482583000,1785153453482586000,1785153453482586000,1785153453482586000,121932490,121652369,-127.121,0.000,0.000,1.000,3.000,0.000,0.000,11.000,0,0,0
B3_zmq_pushpull,zmq_tcp,none,none,,1,17023,512,584,1785153453483600000,1785153453483600000,1785153453483600000,1785153453483601000,1785153453483724000,1785153453483727000,1785153453483727000,1785153453483727000,121932490,121652369,-157.121,0.000,0.000,1.000,3.000,0.000,0.000,30.000,0,0,0
B3_zmq_pushpull,zmq_tcp,none,none,,1,17024,512,584,1785153453484553000,1785153453484553000,1785153453484553000,1785153453484554000,1785153453484596000,1785153453484600000,1785153453484600000,1785153453484600000,121932490,121652369,-238.121,0.000,0.000,1.000,4.000,0.000,0.000,81.000,0,0,0
B3_zmq_pushpull,zmq_tcp,none,none,,1,17025,512,584,1785153453485449000,1785153453485449000,1785153453485449000,1785153453485450000,1785153453485598000,1785153453485601000,1785153453485601000,1785153453485601000,121932490,121652369,-132.121,0.000,0.000,1.000,3.000,0.000,0.000,106.000,0,0,0
B3_zmq_pushpull,zmq_tcp,none,none,,1,17026,512,584,1785153453486447000,1785153453486447000,1785153453486447000,1785153453486448000,1785153453486598000,1785153453486601000,1785153453486601000,1785153453486601000,121932490,121652369,-130.121,0.000,0.000,1.000,3.000,0.000,0.000,2.000,0,0,0
B3_zmq_pushpull,zmq_tcp,none,none,,1,17027,512,584,1785153453487593000,1785153453487593000,1785153453487593000,1785153453487594000,1785153453487744000,1785153453487748000,1785153453487748000,1785153453487748000,121932490,121652369,-130.121,0.000,0.000,1.000,4.000,0.000,0.000,0.000,0,0,0
B3_zmq_pushpull,zmq_tcp,none,none,,1,17028,512,584,1785153453488439000,1785153453488439000,1785153453488439000,1785153453488440000,1785153453488592000,1785153453488595000,1785153453488595000,1785153453488595000,121932490,121652369,-128.121,0.000,0.000,1.000,3.000,0.000,0.000,2.000,0,0,0
B3_zmq_pushpull,zmq_tcp,none,none,,1,17029,512,584,1785153453489442000,1785153453489443000,1785153453489443000,1785153453489444000,1785153453489587000,1785153453489590000,1785153453489590000,1785153453489590000,121932490,121652369,-137.121,1.000,0.000,1.000,3.000,0.000,0.000,9.000,0,0,0
B3_zmq_pushpull,zmq_tcp,none,none,,1,17030,512,584,1785153453490429000,1785153453490429000,1785153453490429000,1785153453490430000,1785153453490584000,1785153453490587000,1785153453490587000,1785153453490588000,121932490,121652369,-126.121,0.000,0.000,1.000,3.000,0.000,1.000,11.000,0,0,0
B3_zmq_pushpull,zmq_tcp,none,none,,1,17031,512,584,1785153453491597000,1785153453491597000,1785153453491597000,1785153453491598000,1785153453491705000,1785153453491707000,1785153453491708000,1785153453491708000,121932490,121652369,-173.121,0.000,0.000,1.000,2.000,1.000,0.000,47.000,0,0,0
B3_zmq_pushpull,zmq_tcp,none,none,,1,17032,512,584,1785153453492555000,1785153453492555000,1785153453492555000,1785153453492556000,1785153453492704000,1785153453492707000,1785153453492707000,1785153453492707000,121932490,121652369,-132.121,0.000,0.000,1.000,3.000,0.000,0.000,41.000,0,0,0
B3_zmq_pushpull,zmq_tcp,none,none,,1,17033,512,584,1785153453493566000,1785153453493566000,1785153453493566000,1785153453493567000,1785153453493698000,1785153453493700000,1785153453493700000,1785153453493700000,121932490,121652369,-149.121,0.000,0.000,1.000,2.000,0.000,0.000,17.000,0,0,0
B3_zmq_pushpull,zmq_tcp,none,none,,1,17034,512,584,1785153453494563000,1785153453494563000,1785153453494564000,1785153453494564000,1785153453494676000,1785153453494679000,1785153453494679000,1785153453494679000,121932490,121652369,-168.121,0.000,1.000,0.000,3.000,0.000,0.000,19.000,0,0,0
B3_zmq_pushpull,zmq_tcp,none,none,,1,17035,512,584,1785153453495564000,1785153453495564000,1785153453495564000,1785153453495565000,1785153453495670000,1785153453495672000,1785153453495672000,1785153453495672000,121932490,121652369,-175.121,0.000,0.000,1.000,2.000,0.000,0.000,7.000,0,0,0
B3_zmq_pushpull,zmq_tcp,none,none,,1,17036,512,584,1785153453496563000,1785153453496563000,1785153453496563000,1785153453496564000,1785153453496661000,1785153453496664000,1785153453496664000,1785153453496664000,121932490,121652369,-183.121,0.000,0.000,1.000,3.000,0.000,0.000,8.000,0,0,0
B3_zmq_pushpull,zmq_tcp,none,none,,1,17037,512,584,1785153453497564000,1785153453497564000,1785153453497564000,1785153453497565000,1785153453497659000,1785153453497661000,1785153453497661000,1785153453497661000,121932490,121652369,-186.121,0.000,0.000,1.000,2.000,0.000,0.000,3.000,0,0,0
B3_zmq_pushpull,zmq_tcp,none,none,,1,17038,512,584,1785153453498564000,1785153453498564000,1785153453498564000,1785153453498565000,1785153453498670000,1785153453498672000,1785153453498672000,1785153453498672000,121932490,121652369,-175.121,0.000,0.000,1.000,2.000,0.000,0.000,11.000,0,0,0
B3_zmq_pushpull,zmq_tcp,none,none,,1,17039,512,584,1785153453499564000,1785153453499564000,1785153453499564000,1785153453499565000,1785153453499664000,1785153453499668000,1785153453499668000,1785153453499668000,121932490,121652369,-181.121,0.000,0.000,1.000,4.000,0.000,0.000,6.000,0,0,0
B3_zmq_pushpull,zmq_tcp,none,none,,1,17040,512,584,1785153453500562000,1785153453500562000,1785153453500562000,1785153453500563000,1785153453500646000,1785153453500649000,1785153453500649000,1785153453500649000,121932490,121652369,-197.121,0.000,0.000,1.000,3.000,0.000,0.000,16.000,0,0,0
B3_zmq_pushpull,zmq_tcp,none,none,,1,17041,512,584,1785153453501564000,1785153453501564000,1785153453501564000,1785153453501565000,1785153453501622000,1785153453501624000,1785153453501624000,1785153453501624000,121932490,121652369,-223.121,0.000,0.000,1.000,2.000,0.000,0.000,26.000,0,0,0
B3_zmq_pushpull,zmq_tcp,none,none,,1,17042,512,584,1785153453502564000,1785153453502564000,1785153453502564000,1785153453502565000,1785153453502599000,1785153453502602000,1785153453502602000,1785153453502602000,121932490,121652369,-246.121,0.000,0.000,1.000,3.000,0.000,0.000,23.000,0,0,0
B3_zmq_pushpull,zmq_tcp,none,none,,1,17043,512,584,1785153453503564000,1785153453503564000,1785153453503564000,1785153453503565000,1785153453503724000,1785153453503727000,1785153453503727000,1785153453503727000,121932490,121652369,-121.121,0.000,0.000,1.000,3.000,0.000,0.000,125.000,0,0,0
B3_zmq_pushpull,zmq_tcp,none,none,,1,17044,512,584,1785153453504562000,1785153453504562000,1785153453504562000,1785153453504563000,1785153453504736000,1785153453504739000,1785153453504739000,1785153453504739000,121932490,121652369,-107.121,0.000,0.000,1.000,3.000,0.000,0.000,14.000,0,0,0
B3_zmq_pushpull,zmq_tcp,none,none,,1,17045,512,584,1785153453505564000,1785153453505564000,1785153453505564000,1785153453505565000,1785153453505734000,1785153453505736000,1785153453505736000,1785153453505736000,121932490,121652369,-111.121,0.000,0.000,1.000,2.000,0.000,0.000,4.000,0,0,0
B3_zmq_pushpull,zmq_tcp,none,none,,1,17046,512,584,1785153453506565000,1785153453506565000,1785153453506565000,1785153453506566000,1785153453506756000,1785153453506759000,1785153453506759000,1785153453506759000,121932490,121652369,-90.121,0.000,0.000,1.000,3.000,0.000,0.000,21.000,0,0,0
B3_zmq_pushpull,zmq_tcp,none,none,,1,17047,512,584,1785153453507560000,1785153453507560000,1785153453507560000,1785153453507561000,1785153453507621000,1785153453507624000,1785153453507624000,1785153453507624000,121932490,121652369,-220.121,0.000,0.000,1.000,3.000,0.000,0.000,130.000,0,0,0
B3_zmq_pushpull,zmq_tcp,none,none,,1,17048,512,584,1785153453508565000,1785153453508565000,1785153453508565000,1785153453508566000,1785153453508613000,1785153453508617000,1785153453508617000,1785153453508617000,121932490,121652369,-233.121,0.000,0.000,1.000,4.000,0.000,0.000,13.000,0,0,0
B3_zmq_pushpull,zmq_tcp,none,none,,1,17049,512,584,1785153453509565000,1785153453509565000,1785153453509565000,1785153453509566000,1785153453509611000,1785153453509614000,1785153453509614000,1785153453509614000,121932490,121652369,-235.121,0.000,0.000,1.000,3.000,0.000,0.000,2.000,0,0,0
B3_zmq_pushpull,zmq_tcp,none,none,,1,17050,512,584,1785153453510564000,1785153453510564000,1785153453510564000,1785153453510565000,1785153453510615000,1785153453510619000,1785153453510619000,1785153453510619000,121932490,121652369,-230.121,0.000,0.000,1.000,4.000,0.000,0.000,5.000,0,0,0
B3_zmq_pushpull,zmq_tcp,none,none,,1,17051,512,584,1785153453511465000,1785153453511465000,1785153453511465000,1785153453511466000,1785153453511626000,1785153453511629000,1785153453511629000,1785153453511629000,121932490,121652369,-120.121,0.000,0.000,1.000,3.000,0.000,0.000,110.000,0,0,0
B3_zmq_pushpull,zmq_tcp,none,none,,1,17052,512,584,1785153453512590000,1785153453512590000,1785153453512591000,1785153453512591000,1785153453512768000,1785153453512776000,1785153453512776000,1785153453512776000,121932490,121652369,-103.121,0.000,1.000,0.000,8.000,0.000,0.000,17.000,0,0,0
B3_zmq_pushpull,zmq_tcp,none,none,,1,17053,512,584,1785153453513474000,1785153453513474000,1785153453513474000,1785153453513475000,1785153453513623000,1785153453513626000,1785153453513626000,1785153453513626000,121932490,121652369,-132.121,0.000,0.000,1.000,3.000,0.000,0.000,29.000,0,0,0
B3_zmq_pushpull,zmq_tcp,none,none,,1,17054,512,584,1785153453514589000,1785153453514589000,1785153453514589000,1785153453514590000,1785153453514748000,1785153453514752000,1785153453514752000,1785153453514752000,121932490,121652369,-122.121,0.000,0.000,1.000,4.000,0.000,0.000,10.000,0,0,0
B3_zmq_pushpull,zmq_tcp,none,none,,1,17055,512,584,1785153453515457000,1785153453515458000,1785153453515458000,1785153453515459000,1785153453515612000,1785153453515615000,1785153453515615000,1785153453515615000,121932490,121652369,-127.121,1.000,0.000,1.000,3.000,0.000,0.000,5.000,0,0,0
B3_zmq_pushpull,zmq_tcp,none,none,,1,17056,512,584,1785153453516463000,1785153453516463000,1785153453516463000,1785153453516464000,1785153453516616000,1785153453516619000,1785153453516619000,1785153453516619000,121932490,121652369,-128.121,0.000,0.000,1.000,3.000,0.000,0.000,1.000,0,0,0
B3_zmq_pushpull,zmq_tcp,none,none,,1,17057,512,584,1785153453517468000,1785153453517468000,1785153453517468000,1785153453517469000,1785153453517613000,1785153453517615000,1785153453517615000,1785153453517615000,121932490,121652369,-136.121,0.000,0.000,1.000,2.000,0.000,0.000,8.000,0,0,0
B3_zmq_pushpull,zmq_tcp,none,none,,1,17058,512,584,1785153453518592000,1785153453518592000,1785153453518592000,1785153453518593000,1785153453518770000,1785153453518773000,1785153453518773000,1785153453518773000,121932490,121652369,-103.121,0.000,0.000,1.000,3.000,0.000,0.000,33.000,0,0,0
B3_zmq_pushpull,zmq_tcp,none,none,,1,17059,512,584,1785153453519469000,1785153453519469000,1785153453519469000,1785153453519470000,1785153453519628000,1785153453519631000,1785153453519631000,1785153453519631000,121932490,121652369,-122.121,0.000,0.000,1.000,3.000,0.000,0.000,19.000,0,0,0
B3_zmq_pushpull,zmq_tcp,none,none,,1,17060,512,584,1785153453520589000,1785153453520589000,1785153453520589000,1785153453520590000,1785153453520639000,1785153453520644000,1785153453520644000,1785153453520644000,121932490,121652369,-231.121,0.000,0.000,1.000,5.000,0.000,0.000,109.000,0,0,0
B3_zmq_pushpull,zmq_tcp,none,none,,1,17061,512,584,1785153453521557000,1785153453521557000,1785153453521557000,1785153453521558000,1785153453521636000,1785153453521639000,1785153453521639000,1785153453521639000,121932490,121652369,-202.121,0.000,0.000,1.000,3.000,0.000,0.000,29.000,0,0,0
B3_zmq_pushpull,zmq_tcp,none,none,,1,17062,512,584,1785153453522565000,1785153453522565000,1785153453522565000,1785153453522566000,1785153453522612000,1785153453522615000,1785153453522615000,1785153453522616000,121932490,121652369,-234.121,0.000,0.000,1.000,3.000,0.000,1.000,32.000,0,0,0
B3_zmq_pushpull,zmq_tcp,none,none,,1,17063,512,584,1785153453523563000,1785153453523563000,1785153453523563000,1785153453523564000,1785153453523610000,1785153453523613000,1785153453523613000,1785153453523613000,121932490,121652369,-234.121,0.000,0.000,1.000,3.000,0.000,0.000,0.000,0,0,0
B3_zmq_pushpull,zmq_tcp,none,none,,1,17064,512,584,1785153453524564000,1785153453524565000,1785153453524565000,1785153453524566000,1785153453524606000,1785153453524609000,1785153453524609000,1785153453524609000,121932490,121652369,-240.121,1.000,0.000,1.000,3.000,0.000,0.000,6.000,0,0,0
B3_zmq_pushpull,zmq_tcp,none,none,,1,17065,512,584,1785153453525459000,1785153453525460000,1785153453525460000,1785153453525461000,1785153453525611000,1785153453525613000,1785153453525613000,1785153453525613000,121932490,121652369,-130.121,1.000,0.000,1.000,2.000,0.000,0.000,110.000,0,0,0
B3_zmq_pushpull,zmq_tcp,none,none,,1,17066,512,584,1785153453526590000,1785153453526591000,1785153453526591000,1785153453526592000,1785153453526763000,1785153453526766000,1785153453526766000,1785153453526766000,121932490,121652369,-109.121,1.000,0.000,1.000,3.000,0.000,0.000,21.000,0,0,0
B3_zmq_pushpull,zmq_tcp,none,none,,1,17067,512,584,1785153453527553000,1785153453527553000,1785153453527554000,1785153453527554000,1785153453527616000,1785153453527619000,1785153453527619000,1785153453527619000,121932490,121652369,-218.121,0.000,1.000,0.000,3.000,0.000,0.000,109.000,0,0,0
B3_zmq_pushpull,zmq_tcp,none,none,,1,17068,512,584,1785153453528472000,1785153453528472000,1785153453528472000,1785153453528473000,1785153453528626000,1785153453528628000,1785153453528628000,1785153453528629000,121932490,121652369,-127.121,0.000,0.000,1.000,2.000,0.000,1.000,91.000,0,0,0
B3_zmq_pushpull,zmq_tcp,none,none,,1,17069,512,584,1785153453529477000,1785153453529477000,1785153453529478000,1785153453529478000,1785153453529631000,1785153453529634000,1785153453529634000,1785153453529634000,121932490,121652369,-127.121,0.000,1.000,0.000,3.000,0.000,0.000,0.000,0,0,0
B3_zmq_pushpull,zmq_tcp,none,none,,1,17070,512,584,1785153453530472000,1785153453530472000,1785153453530472000,1785153453530473000,1785153453530626000,1785153453530628000,1785153453530629000,1785153453530629000,121932490,121652369,-127.121,0.000,0.000,1.000,2.000,1.000,0.000,0.000,0,0,0
B3_zmq_pushpull,zmq_tcp,none,none,,1,17071,512,584,1785153453531466000,1785153453531466000,1785153453531466000,1785153453531467000,1785153453531618000,1785153453531620000,1785153453531620000,1785153453531621000,121932490,121652369,-129.121,0.000,0.000,1.000,2.000,0.000,1.000,2.000,0,0,0
B3_zmq_pushpull,zmq_tcp,none,none,,1,17072,512,584,1785153453532465000,1785153453532466000,1785153453532466000,1785153453532467000,1785153453532625000,1785153453532627000,1785153453532627000,1785153453532627000,121932490,121652369,-122.121,1.000,0.000,1.000,2.000,0.000,0.000,7.000,0,0,0
B3_zmq_pushpull,zmq_tcp,none,none,,1,17073,512,584,1785153453533469000,1785153453533469000,1785153453533469000,1785153453533470000,1785153453533627000,1785153453533630000,1785153453533630000,1785153453533630000,121932490,121652369,-123.121,0.000,0.000,1.000,3.000,0.000,0.000,1.000,0,0,0
B3_zmq_pushpull,zmq_tcp,none,none,,1,17074,512,584,1785153453534483000,1785153453534483000,1785153453534483000,1785153453534484000,1785153453534641000,1785153453534643000,1785153453534643000,1785153453534643000,121932490,121652369,-123.121,0.000,0.000,1.000,2.000,0.000,0.000,0.000,0,0,0
B3_zmq_pushpull,zmq_tcp,none,none,,1,17075,512,584,1785153453535481000,1785153453535481000,1785153453535481000,1785153453535482000,1785153453535625000,1785153453535628000,1785153453535628000,1785153453535628000,121932490,121652369,-137.121,0.000,0.000,1.000,3.000,0.000,0.000,14.000,0,0,0
B3_zmq_pushpull,zmq_tcp,none,none,,1,17076,512,584,1785153453536585000,1785153453536585000,1785153453536585000,1785153453536586000,1785153453536626000,1785153453536629000,1785153453536629000,1785153453536629000,121932490,121652369,-240.121,0.000,0.000,1.000,3.000,0.000,0.000,103.000,0,0,0
B3_zmq_pushpull,zmq_tcp,none,none,,1,17077,512,584,1785153453537559000,1785153453537559000,1785153453537559000,1785153453537560000,1785153453537634000,1785153453537637000,1785153453537637000,1785153453537637000,121932490,121652369,-206.121,0.000,0.000,1.000,3.000,0.000,0.000,34.000,0,0,0
B3_zmq_pushpull,zmq_tcp,none,none,,1,17078,512,584,1785153453538567000,1785153453538567000,1785153453538567000,1785153453538568000,1785153453538623000,1785153453538626000,1785153453538626000,1785153453538626000,121932490,121652369,-225.121,0.000,0.000,1.000,3.000,0.000,0.000,19.000,0,0,0
B3_zmq_pushpull,zmq_tcp,none,none,,1,17079,512,584,1785153453539566000,1785153453539566000,1785153453539566000,1785153453539567000,1785153453539637000,1785153453539639000,1785153453539639000,1785153453539639000,121932490,121652369,-210.121,0.000,0.000,1.000,2.000,0.000,0.000,15.000,0,0,0
B3_zmq_pushpull,zmq_tcp,none,none,,1,17080,512,584,1785153453540564000,1785153453540564000,1785153453540564000,1785153453540565000,1785153453540643000,1785153453540645000,1785153453540645000,1785153453540645000,121932490,121652369,-202.121,0.000,0.000,1.000,2.000,0.000,0.000,8.000,0,0,0
B3_zmq_pushpull,zmq_tcp,none,none,,1,17081,512,584,1785153453541562000,1785153453541563000,1785153453541563000,1785153453541564000,1785153453541649000,1785153453541652000,1785153453541652000,1785153453541652000,121932490,121652369,-195.121,1.000,0.000,1.000,3.000,0.000,0.000,7.000,0,0,0
B3_zmq_pushpull,zmq_tcp,none,none,,1,17082,512,584,1785153453542566000,1785153453542566000,1785153453542566000,1785153453542567000,1785153453542659000,1785153453542662000,1785153453542662000,1785153453542662000,121932490,121652369,-188.121,0.000,0.000,1.000,3.000,0.000,0.000,7.000,0,0,0
B3_zmq_pushpull,zmq_tcp,none,none,,1,17083,512,584,1785153453543564000,1785153453543564000,1785153453543564000,1785153453543565000,1785153453543665000,1785153453543667000,1785153453543667000,1785153453543667000,121932490,121652369,-180.121,0.000,0.000,1.000,2.000,0.000,0.000,8.000,0,0,0
B3_zmq_pushpull,zmq_tcp,none,none,,1,17084,512,584,1785153453544564000,1785153453544565000,1785153453544565000,1785153453544566000,1785153453544670000,1785153453544672000,1785153453544673000,1785153453544673000,121932490,121652369,-176.121,1.000,0.000,1.000,2.000,1.000,0.000,4.000,0,0,0
B3_zmq_pushpull,zmq_tcp,none,none,,1,17085,512,584,1785153453545560000,1785153453545560000,1785153453545560000,1785153453545561000,1785153453545674000,1785153453545677000,1785153453545677000,1785153453545677000,121932490,121652369,-167.121,0.000,0.000,1.000,3.000,0.000,0.000,9.000,0,0,0
B3_zmq_pushpull,zmq_tcp,none,none,,1,17086,512,584,1785153453546565000,1785153453546565000,1785153453546565000,1785153453546566000,1785153453546689000,1785153453546691000,1785153453546691000,1785153453546691000,121932490,121652369,-157.121,0.000,0.000,1.000,2.000,0.000,0.000,10.000,0,0,0
B3_zmq_pushpull,zmq_tcp,none,none,,1,17087,512,584,1785153453547566000,1785153453547566000,1785153453547566000,1785153453547567000,1785153453547694000,1785153453547697000,1785153453547697000,1785153453547697000,121932490,121652369,-153.121,0.000,0.000,1.000,3.000,0.000,0.000,4.000,0,0,0
B3_zmq_pushpull,zmq_tcp,none,none,,1,17088,512,584,1785153453548560000,1785153453548560000,1785153453548560000,1785153453548561000,1785153453548694000,1785153453548697000,1785153453548697000,1785153453548697000,121932490,121652369,-147.121,0.000,0.000,1.000,3.000,0.000,0.000,6.000,0,0,0
B3_zmq_pushpull,zmq_tcp,none,none,,1,17089,512,584,1785153453549564000,1785153453549564000,1785153453549565000,1785153453549565000,1785153453549706000,1785153453549709000,1785153453549709000,1785153453549709000,121932490,121652369,-139.121,0.000,1.000,0.000,3.000,0.000,0.000,8.000,0,0,0
B3_zmq_pushpull,zmq_tcp,none,none,,1,17090,512,584,1785153453550564000,1785153453550564000,1785153453550564000,1785153453550565000,1785153453550692000,1785153453550695000,1785153453550695000,1785153453550695000,121932490,121652369,-153.121,0.000,0.000,1.000,3.000,0.000,0.000,14.000,0,0,0
B3_zmq_pushpull,zmq_tcp,none,none,,1,17091,512,584,1785153453551564000,1785153453551564000,1785153453551564000,1785153453551565000,1785153453551690000,1785153453551693000,1785153453551693000,1785153453551693000,121932490,121652369,-155.121,0.000,0.000,1.000,3.000,0.000,0.000,2.000,0,0,0
B3_zmq_pushpull,zmq_tcp,none,none,,1,17092,512,584,1785153453552565000,1785153453552565000,1785153453552565000,1785153453552566000,1785153453552691000,1785153453552694000,1785153453552694000,1785153453552694000,121932490,121652369,-155.121,0.000,0.000,1.000,3.000,0.000,0.000,0.000,0,0,0
B3_zmq_pushpull,zmq_tcp,none,none,,1,17093,512,584,1785153453553564000,1785153453553564000,1785153453553564000,1785153453553565000,1785153453553714000,1785153453553717000,1785153453553717000,1785153453553717000,121932490,121652369,-131.121,0.000,0.000,1.000,3.000,0.000,0.000,24.000,0,0,0
B3_zmq_pushpull,zmq_tcp,none,none,,1,17094,512,584,1785153453554564000,1785153453554564000,1785153453554564000,1785153453554565000,1785153453554710000,1785153453554713000,1785153453554713000,1785153453554713000,121932490,121652369,-135.121,0.000,0.000,1.000,3.000,0.000,0.000,4.000,0,0,0
B3_zmq_pushpull,zmq_tcp,none,none,,1,17095,512,584,1785153453555563000,1785153453555564000,1785153453555564000,1785153453555565000,1785153453555707000,1785153453555711000,1785153453555711000,1785153453555711000,121932490,121652369,-138.121,1.000,0.000,1.000,4.000,0.000,0.000,3.000,0,0,0
B3_zmq_pushpull,zmq_tcp,none,none,,1,17096,512,584,1785153453556406000,1785153453556406000,1785153453556406000,1785153453556407000,1785153453556563000,1785153453556566000,1785153453556566000,1785153453556566000,121932490,121652369,-124.121,0.000,0.000,1.000,3.000,0.000,0.000,14.000,0,0,0
B3_zmq_pushpull,zmq_tcp,none,none,,1,17097,512,584,1785153453557406000,1785153453557406000,1785153453557406000,1785153453557407000,1785153453557550000,1785153453557553000,1785153453557553000,1785153453557553000,121932490,121652369,-137.121,0.000,0.000,1.000,3.000,0.000,0.000,13.000,0,0,0
B3_zmq_pushpull,zmq_tcp,none,none,,1,17098,512,584,1785153453558391000,1785153453558391000,1785153453558391000,1785153453558392000,1785153453558545000,1785153453558547000,1785153453558547000,1785153453558547000,121932490,121652369,-127.121,0.000,0.000,1.000,2.000,0.000,0.000,10.000,0,0,0
B3_zmq_pushpull,zmq_tcp,none,none,,1,17099,512,584,1785153453559397000,1785153453559397000,1785153453559397000,1785153453559398000,1785153453559555000,1785153453559558000,1785153453559558000,1785153453559558000,121932490,121652369,-123.121,0.000,0.000,1.000,3.000,0.000,0.000,4.000,0,0,0
B3_zmq_pushpull,zmq_tcp,none,none,,1,17100,512,584,1785153453560396000,1785153453560397000,1785153453560397000,1785153453560398000,1785153453560545000,1785153453560547000,1785153453560547000,1785153453560547000,121932490,121652369,-133.121,1.000,0.000,1.000,2.000,0.000,0.000,10.000,0,0,0
B3_zmq_pushpull,zmq_tcp,none,none,,1,17101,512,584,1785153453561609000,1785153453561609000,1785153453561609000,1785153453561610000,1785153453561710000,1785153453561713000,1785153453561713000,1785153453561713000,121932490,121652369,-180.121,0.000,0.000,1.000,3.000,0.000,0.000,47.000,0,0,0
B3_zmq_pushpull,zmq_tcp,none,none,,1,17102,512,584,1785153453562553000,1785153453562553000,1785153453562553000,1785153453562554000,1785153453562709000,1785153453562712000,1785153453562712000,1785153453562712000,121932490,121652369,-125.121,0.000,0.000,1.000,3.000,0.000,0.000,55.000,0,0,0
B3_zmq_pushpull,zmq_tcp,none,none,,1,17103,512,584,1785153453563565000,1785153453563565000,1785153453563565000,1785153453563566000,1785153453563703000,1785153453563706000,1785153453563706000,1785153453563706000,121932490,121652369,-143.121,0.000,0.000,1.000,3.000,0.000,0.000,18.000,0,0,0
B3_zmq_pushpull,zmq_tcp,none,none,,1,17104,512,584,1785153453564564000,1785153453564564000,1785153453564564000,1785153453564565000,1785153453564698000,1785153453564701000,1785153453564701000,1785153453564701000,121932490,121652369,-147.121,0.000,0.000,1.000,3.000,0.000,0.000,4.000,0,0,0
B3_zmq_pushpull,zmq_tcp,none,none,,1,17105,512,584,1785153453565563000,1785153453565563000,1785153453565563000,1785153453565564000,1785153453565703000,1785153453565706000,1785153453565706000,1785153453565706000,121932490,121652369,-141.121,0.000,0.000,1.000,3.000,0.000,0.000,6.000,0,0,0
B3_zmq_pushpull,zmq_tcp,none,none,,1,17106,512,584,1785153453566562000,1785153453566562000,1785153453566562000,1785153453566563000,1785153453566709000,1785153453566712000,1785153453566712000,1785153453566712000,121932490,121652369,-134.121,0.000,0.000,1.000,3.000,0.000,0.000,7.000,0,0,0
B3_zmq_pushpull,zmq_tcp,none,none,,1,17107,512,584,1785153453567565000,1785153453567565000,1785153453567565000,1785153453567566000,1785153453567710000,1785153453567713000,1785153453567713000,1785153453567713000,121932490,121652369,-136.121,0.000,0.000,1.000,3.000,0.000,0.000,2.000,0,0,0
B3_zmq_pushpull,zmq_tcp,none,none,,1,17108,512,584,1785153453568564000,1785153453568564000,1785153453568564000,1785153453568565000,1785153453568717000,1785153453568720000,1785153453568720000,1785153453568720000,121932490,121652369,-128.121,0.000,0.000,1.000,3.000,0.000,0.000,8.000,0,0,0
B3_zmq_pushpull,zmq_tcp,none,none,,1,17109,512,584,1785153453569423000,1785153453569423000,1785153453569423000,1785153453569424000,1785153453569573000,1785153453569575000,1785153453569575000,1785153453569575000,121932490,121652369,-131.121,0.000,0.000,1.000,2.000,0.000,0.000,3.000,0,0,0
B3_zmq_pushpull,zmq_tcp,none,none,,1,17110,512,584,1785153453570600000,1785153453570600000,1785153453570600000,1785153453570601000,1785153453570718000,1785153453570721000,1785153453570721000,1785153453570721000,121932490,121652369,-163.121,0.000,0.000,1.000,3.000,0.000,0.000,32.000,0,0,0
B3_zmq_pushpull,zmq_tcp,none,none,,1,17111,512,584,1785153453571555000,1785153453571555000,1785153453571555000,1785153453571556000,1785153453571713000,1785153453571715000,1785153453571715000,1785153453571715000,121932490,121652369,-123.121,0.000,0.000,1.000,2.000,0.000,0.000,40.000,0,0,0
B3_zmq_pushpull,zmq_tcp,none,none,,1,17112,512,584,1785153453572567000,1785153453572567000,1785153453572567000,1785153453572568000,1785153453572717000,1785153453572719000,1785153453572719000,1785153453572719000,121932490,121652369,-131.121,0.000,0.000,1.000,2.000,0.000,0.000,8.000,0,0,0
B3_zmq_pushpull,zmq_tcp,none,none,,1,17113,512,584,1785153453573560000,1785153453573560000,1785153453573560000,1785153453573561000,1785153453573710000,1785153453573713000,1785153453573713000,1785153453573713000,121932490,121652369,-131.121,0.000,0.000,1.000,3.000,0.000,0.000,0.000,0,0,0
B3_zmq_pushpull,zmq_tcp,none,none,,1,17114,512,584,1785153453574566000,1785153453574566000,1785153453574566000,1785153453574567000,1785153453574723000,1785153453574726000,1785153453574726000,1785153453574726000,121932490,121652369,-124.121,0.000,0.000,1.000,3.000,0.000,0.000,7.000,0,0,0
B3_zmq_pushpull,zmq_tcp,none,none,,1,17115,512,584,1785153453575438000,1785153453575438000,1785153453575438000,1785153453575439000,1785153453575598000,1785153453575601000,1785153453575601000,1785153453575601000,121932490,121652369,-121.121,0.000,0.000,1.000,3.000,0.000,0.000,3.000,0,0,0
B3_zmq_pushpull,zmq_tcp,none,none,,1,17116,512,584,1785153453576596000,1785153453576596000,1785153453576596000,1785153453576597000,1785153453576744000,1785153453576747000,1785153453576747000,1785153453576747000,121932490,121652369,-133.121,0.000,0.000,1.000,3.000,0.000,0.000,12.000,0,0,0
B3_zmq_pushpull,zmq_tcp,none,none,,1,17117,512,584,1785153453577553000,1785153453577553000,1785153453577554000,1785153453577554000,1785153453577594000,1785153453577597000,1785153453577597000,1785153453577597000,121932490,121652369,-240.121,0.000,1.000,0.000,3.000,0.000,0.000,107.000,0,0,0
B3_zmq_pushpull,zmq_tcp,none,none,,1,17118,512,584,1785153453578567000,1785153453578568000,1785153453578568000,1785153453578569000,1785153453578610000,1785153453578613000,1785153453578613000,1785153453578613000,121932490,121652369,-239.121,1.000,0.000,1.000,3.000,0.000,0.000,1.000,0,0,0
B3_zmq_pushpull,zmq_tcp,none,none,,1,17119,512,584,1785153453579563000,1785153453579563000,1785153453579563000,1785153453579564000,1785153453579607000,1785153453579610000,1785153453579610000,1785153453579610000,121932490,121652369,-237.121,0.000,0.000,1.000,3.000,0.000,0.000,2.000,0,0,0
B3_zmq_pushpull,zmq_tcp,none,none,,1,17120,512,584,1785153453580566000,1785153453580566000,1785153453580566000,1785153453580567000,1785153453580757000,1785153453580759000,1785153453580759000,1785153453580760000,121932490,121652369,-90.121,0.000,0.000,1.000,2.000,0.000,1.000,147.000,0,0,0
B3_zmq_pushpull,zmq_tcp,none,none,,1,17121,512,584,1785153453581560000,1785153453581560000,1785153453581560000,1785153453581561000,1785153453581623000,1785153453581625000,1785153453581625000,1785153453581625000,121932490,121652369,-218.121,0.000,0.000,1.000,2.000,0.000,0.000,128.000,0,0,0
B3_zmq_pushpull,zmq_tcp,none,none,,1,17122,512,584,1785153453582471000,1785153453582471000,1785153453582471000,1785153453582472000,1785153453582627000,1785153453582630000,1785153453582630000,1785153453582630000,121932490,121652369,-125.121,0.000,0.000,1.000,3.000,0.000,0.000,93.000,0,0,0
B3_zmq_pushpull,zmq_tcp,none,none,,1,17123,512,584,1785153453583484000,1785153453583484000,1785153453583484000,1785153453583486000,1785153453583634000,1785153453583637000,1785153453583637000,1785153453583637000,121932490,121652369,-132.121,0.000,0.000,2.000,3.000,0.000,0.000,7.000,0,0,0
B3_zmq_pushpull,zmq_tcp,none,none,,1,17124,512,584,1785153453584584000,1785153453584584000,1785153453584584000,1785153453584585000,1785153453584646000,1785153453584649000,1785153453584649000,1785153453584649000,121932490,121652369,-219.121,0.000,0.000,1.000,3.000,0.000,0.000,87.000,0,0,0
B3_zmq_pushpull,zmq_tcp,none,none,,1,17125,512,584,1785153453585556000,1785153453585556000,1785153453585556000,1785153453585557000,1785153453585631000,1785153453585634000,1785153453585634000,1785153453585634000,121932490,121652369,-206.121,0.000,0.000,1.000,3.000,0.000,0.000,13.000,0,0,0
B3_zmq_pushpull,zmq_tcp,none,none,,1,17126,512,584,1785153453586567000,1785153453586567000,1785153453586567000,1785153453586568000,1785153453586610000,1785153453586613000,1785153453586613000,1785153453586613000,121932490,121652369,-238.121,0.000,0.000,1.000,3.000,0.000,0.000,32.000,0,0,0
B3_zmq_pushpull,zmq_tcp,none,none,,1,17127,512,584,1785153453587565000,1785153453587565000,1785153453587565000,1785153453587566000,1785153453587725000,1785153453587727000,1785153453587728000,1785153453587728000,121932490,121652369,-121.121,0.000,0.000,1.000,2.000,1.000,0.000,117.000,0,0,0
B3_zmq_pushpull,zmq_tcp,none,none,,1,17128,512,584,1785153453588566000,1785153453588566000,1785153453588566000,1785153453588567000,1785153453588726000,1785153453588729000,1785153453588729000,1785153453588729000,121932490,121652369,-121.121,0.000,0.000,1.000,3.000,0.000,0.000,0.000,0,0,0
B3_zmq_pushpull,zmq_tcp,none,none,,1,17129,512,584,1785153453589431000,1785153453589432000,1785153453589432000,1785153453589433000,1785153453589581000,1785153453589584000,1785153453589584000,1785153453589584000,121932490,121652369,-132.121,1.000,0.000,1.000,3.000,0.000,0.000,11.000,0,0,0
B3_zmq_pushpull,zmq_tcp,none,none,,1,17130,512,584,1785153453590599000,1785153453590599000,1785153453590599000,1785153453590600000,1785153453590708000,1785153453590711000,1785153453590711000,1785153453590711000,121932490,121652369,-172.121,0.000,0.000,1.000,3.000,0.000,0.000,40.000,0,0,0
B3_zmq_pushpull,zmq_tcp,none,none,,1,17131,512,584,1785153453591556000,1785153453591556000,1785153453591556000,1785153453591557000,1785153453591693000,1785153453591696000,1785153453591696000,1785153453591696000,121932490,121652369,-144.121,0.000,0.000,1.000,3.000,0.000,0.000,28.000,0,0,0
B3_zmq_pushpull,zmq_tcp,none,none,,1,17132,512,584,1785153453592567000,1785153453592567000,1785153453592567000,1785153453592568000,1785153453592700000,1785153453592703000,1785153453592703000,1785153453592703000,121932490,121652369,-148.121,0.000,0.000,1.000,3.000,0.000,0.000,4.000,0,0,0
B3_zmq_pushpull,zmq_tcp,none,none,,1,17133,512,584,1785153453593402000,1785153453593402000,1785153453593402000,1785153453593403000,1785153453593556000,1785153453593558000,1785153453593558000,1785153453593558000,121932490,121652369,-127.121,0.000,0.000,1.000,2.000,0.000,0.000,21.000,0,0,0
B3_zmq_pushpull,zmq_tcp,none,none,,1,17134,512,584,1785153453594398000,1785153453594398000,1785153453594399000,1785153453594399000,1785153453594557000,1785153453594559000,1785153453594559000,1785153453594559000,121932490,121652369,-122.121,0.000,1.000,0.000,2.000,0.000,0.000,5.000,0,0,0
B3_zmq_pushpull,zmq_tcp,none,none,,1,17135,512,584,1785153453595605000,1785153453595606000,1785153453595606000,1785153453595607000,1785153453595704000,1785153453595706000,1785153453595706000,1785153453595706000,121932490,121652369,-183.121,1.000,0.000,1.000,2.000,0.000,0.000,61.000,0,0,0
B3_zmq_pushpull,zmq_tcp,none,none,,1,17136,512,584,1785153453596554000,1785153453596554000,1785153453596554000,1785153453596555000,1785153453596702000,1785153453596705000,1785153453596705000,1785153453596705000,121932490,121652369,-133.121,0.000,0.000,1.000,3.000,0.000,0.000,50.000,0,0,0
B3_zmq_pushpull,zmq_tcp,none,none,,1,17137,512,584,1785153453597567000,1785153453597567000,1785153453597567000,1785153453597568000,1785153453597701000,1785153453597703000,1785153453597703000,1785153453597703000,121932490,121652369,-147.121,0.000,0.000,1.000,2.000,0.000,0.000,14.000,0,0,0
B3_zmq_pushpull,zmq_tcp,none,none,,1,17138,512,584,1785153453598564000,1785153453598564000,1785153453598564000,1785153453598565000,1785153453598689000,1785153453598692000,1785153453598692000,1785153453598692000,121932490,121652369,-156.121,0.000,0.000,1.000,3.000,0.000,0.000,9.000,0,0,0
B3_zmq_pushpull,zmq_tcp,none,none,,1,17139,512,584,1785153453599564000,1785153453599564000,1785153453599564000,1785153453599565000,1785153453599674000,1785153453599677000,1785153453599677000,1785153453599677000,121932490,121652369,-171.121,0.000,0.000,1.000,3.000,0.000,0.000,15.000,0,0,0
B3_zmq_pushpull,zmq_tcp,none,none,,1,17140,512,584,1785153453600491000,1785153453600492000,1785153453600492000,1785153453600493000,1785153453600645000,1785153453600648000,1785153453600648000,1785153453600648000,121932490,121652369,-128.121,1.000,0.000,1.000,3.000,0.000,0.000,43.000,0,0,0
B3_zmq_pushpull,zmq_tcp,none,none,,1,17141,512,584,1785153453601583000,1785153453601583000,1785153453601583000,1785153453601584000,1785153453601627000,1785153453601630000,1785153453601630000,1785153453601630000,121932490,121652369,-237.121,0.000,0.000,1.000,3.000,0.000,0.000,109.000,0,0,0
B3_zmq_pushpull,zmq_tcp,none,none,,1,17142,512,584,1785153453602471000,1785153453602471000,1785153453602472000,1785153453602473000,1785153453602622000,1785153453602625000,1785153453602625000,1785153453602625000,121932490,121652369,-131.121,0.000,1.000,1.000,3.000,0.000,0.000,106.000,0,0,0
B3_zmq_pushpull,zmq_tcp,none,none,,1,17143,512,584,1785153453603587000,1785153453603587000,1785153453603587000,1785153453603588000,1785153453603749000,1785153453603752000,1785153453603752000,1785153453603752000,121932490,121652369,-119.121,0.000,0.000,1.000,3.000,0.000,0.000,12.000,0,0,0
B3_zmq_pushpull,zmq_tcp,none,none,,1,17144,512,584,1785153453604558000,1785153453604558000,1785153453604558000,1785153453604559000,1785153453604744000,1785153453604746000,1785153453604746000,1785153453604746000,121932490,121652369,-95.121,0.000,0.000,1.000,2.000,0.000,0.000,24.000,0,0,0
B3_zmq_pushpull,zmq_tcp,none,none,,1,17145,512,584,1785153453605427000,1785153453605427000,1785153453605427000,1785153453605428000,1785153453605581000,1785153453605584000,1785153453605584000,1785153453605584000,121932490,121652369,-127.121,0.000,0.000,1.000,3.000,0.000,0.000,32.000,0,0,0
B3_zmq_pushpull,zmq_tcp,none,none,,1,17146,512,584,1785153453606424000,1785153453606425000,1785153453606425000,1785153453606425000,1785153453606580000,1785153453606582000,1785153453606582000,1785153453606582000,121932490,121652369,-125.121,1.000,0.000,0.000,2.000,0.000,0.000,2.000,0,0,0
B3_zmq_pushpull,zmq_tcp,none,none,,1,17147,512,584,1785153453607599000,1785153453607599000,1785153453607599000,1785153453607600000,1785153453607706000,1785153453607709000,1785153453607709000,1785153453607709000,121932490,121652369,-174.121,0.000,0.000,1.000,3.000,0.000,0.000,49.000,0,0,0
B3_zmq_pushpull,zmq_tcp,none,none,,1,17148,512,584,1785153453608552000,1785153453608552000,1785153453608552000,1785153453608553000,1785153453608708000,1785153453608710000,1785153453608710000,1785153453608710000,121932490,121652369,-125.121,0.000,0.000,1.000,2.000,0.000,0.000,49.000,0,0,0
B3_zmq_pushpull,zmq_tcp,none,none,,1,17149,512,584,1785153453609567000,1785153453609568000,1785153453609568000,1785153453609569000,1785153453609712000,1785153453609714000,1785153453609714000,1785153453609714000,121932490,121652369,-137.121,1.000,0.000,1.000,2.000,0.000,0.000,12.000,0,0,0
B3_zmq_pushpull,zmq_tcp,none,none,,1,17150,512,584,1785153453610565000,1785153453610565000,1785153453610565000,1785153453610566000,1785153453610733000,1785153453610736000,1785153453610736000,1785153453610736000,121932490,121652369,-113.121,0.000,0.000,1.000,3.000,0.000,0.000,24.000,0,0,0
B3_zmq_pushpull,zmq_tcp,none,none,,1,17151,512,584,1785153453611564000,1785153453611564000,1785153453611564000,1785153453611565000,1785153453611739000,1785153453611742000,1785153453611742000,1785153453611742000,121932490,121652369,-106.121,0.000,0.000,1.000,3.000,0.000,0.000,7.000,0,0,0
B3_zmq_pushpull,zmq_tcp,none,none,,1,17152,512,584,1785153453612561000,1785153453612562000,1785153453612562000,1785153453612563000,1785153453612600000,1785153453612604000,1785153453612604000,1785153453612604000,121932490,121652369,-243.121,1.000,0.000,1.000,4.000,0.000,0.000,137.000,0,0,0
B3_zmq_pushpull,zmq_tcp,none,none,,1,17153,512,584,1785153453613424000,1785153453613425000,1785153453613425000,1785153453613426000,1785153453613579000,1785153453613582000,1785153453613582000,1785153453613582000,121932490,121652369,-127.121,1.000,0.000,1.000,3.000,0.000,0.000,116.000,0,0,0
B3_zmq_pushpull,zmq_tcp,none,none,,1,17154,512,584,1785153453614412000,1785153453614413000,1785153453614413000,1785153453614414000,1785153453614569000,1785153453614572000,1785153453614572000,1785153453614572000,121932490,121652369,-125.121,1.000,0.000,1.000,3.000,0.000,0.000,2.000,0,0,0
B3_zmq_pushpull,zmq_tcp,none,none,,1,17155,512,584,1785153453615412000,1785153453615413000,1785153453615413000,1785153453615414000,1785153453615570000,1785153453615573000,1785153453615573000,1785153453615573000,121932490,121652369,-124.121,1.000,0.000,1.000,3.000,0.000,0.000,1.000,0,0,0
B3_zmq_pushpull,zmq_tcp,none,none,,1,17156,512,584,1785153453616426000,1785153453616426000,1785153453616426000,1785153453616427000,1785153453616572000,1785153453616575000,1785153453616575000,1785153453616575000,121932490,121652369,-135.121,0.000,0.000,1.000,3.000,0.000,0.000,11.000,0,0,0
B3_zmq_pushpull,zmq_tcp,none,none,,1,17157,512,584,1785153453617422000,1785153453617422000,1785153453617422000,1785153453617423000,1785153453617580000,1785153453617583000,1785153453617583000,1785153453617583000,121932490,121652369,-123.121,0.000,0.000,1.000,3.000,0.000,0.000,12.000,0,0,0
B3_zmq_pushpull,zmq_tcp,none,none,,1,17158,512,584,1785153453618417000,1785153453618417000,1785153453618417000,1785153453618418000,1785153453618577000,1785153453618580000,1785153453618580000,1785153453618580000,121932490,121652369,-121.121,0.000,0.000,1.000,3.000,0.000,0.000,2.000,0,0,0
B3_zmq_pushpull,zmq_tcp,none,none,,1,17159,512,584,1785153453619599000,1785153453619599000,1785153453619599000,1785153453619600000,1785153453619695000,1785153453619698000,1785153453619698000,1785153453619698000,121932490,121652369,-185.121,0.000,0.000,1.000,3.000,0.000,0.000,64.000,0,0,0
B3_zmq_pushpull,zmq_tcp,none,none,,1,17160,512,584,1785153453620555000,1785153453620555000,1785153453620555000,1785153453620556000,1785153453620654000,1785153453620656000,1785153453620656000,1785153453620656000,121932490,121652369,-182.121,0.000,0.000,1.000,2.000,0.000,0.000,3.000,0,0,0
B3_zmq_pushpull,zmq_tcp,none,none,,1,17161,512,584,1785153453621566000,1785153453621566000,1785153453621566000,1785153453621567000,1785153453621628000,1785153453621631000,1785153453621631000,1785153453621631000,121932490,121652369,-219.121,0.000,0.000,1.000,3.000,0.000,0.000,37.000,0,0,0
B3_zmq_pushpull,zmq_tcp,none,none,,1,17162,512,584,1785153453622562000,1785153453622562000,1785153453622562000,1785153453622563000,1785153453622624000,1785153453622627000,1785153453622627000,1785153453622627000,121932490,121652369,-219.121,0.000,0.000,1.000,3.000,0.000,0.000,0.000,0,0,0
B3_zmq_pushpull,zmq_tcp,none,none,,1,17163,512,584,1785153453623563000,1785153453623563000,1785153453623563000,1785153453623564000,1785153453623626000,1785153453623628000,1785153453623628000,1785153453623628000,121932490,121652369,-218.121,0.000,0.000,1.000,2.000,0.000,0.000,1.000,0,0,0
B3_zmq_pushpull,zmq_tcp,none,none,,1,17164,512,584,1785153453624459000,1785153453624459000,1785153453624460000,1785153453624461000,1785153453624608000,1785153453624611000,1785153453624611000,1785153453624611000,121932490,121652369,-133.121,0.000,1.000,1.000,3.000,0.000,0.000,85.000,0,0,0
B3_zmq_pushpull,zmq_tcp,none,none,,1,17165,512,584,1785153453625590000,1785153453625590000,1785153453625590000,1785153453625591000,1785153453625716000,1785153453625718000,1785153453625718000,1785153453625718000,121932490,121652369,-155.121,0.000,0.000,1.000,2.000,0.000,0.000,22.000,0,0,0
B3_zmq_pushpull,zmq_tcp,none,none,,1,17166,512,584,1785153453626556000,1785153453626557000,1785153453626557000,1785153453626558000,1785153453626687000,1785153453626690000,1785153453626690000,1785153453626691000,121932490,121652369,-151.121,1.000,0.000,1.000,3.000,0.000,1.000,4.000,0,0,0
B3_zmq_pushpull,zmq_tcp,none,none,,1,17167,512,584,1785153453627566000,1785153453627566000,1785153453627566000,1785153453627567000,1785153453627664000,1785153453627667000,1785153453627667000,1785153453627667000,121932490,121652369,-183.121,0.000,0.000,1.000,3.000,0.000,0.000,32.000,0,0,0
B3_zmq_pushpull,zmq_tcp,none,none,,1,17168,512,584,1785153453628563000,1785153453628563000,1785153453628563000,1785153453628564000,1785153453628640000,1785153453628643000,1785153453628643000,1785153453628643000,121932490,121652369,-204.121,0.000,0.000,1.000,3.000,0.000,0.000,21.000,0,0,0
B3_zmq_pushpull,zmq_tcp,none,none,,1,17169,512,584,1785153453629563000,1785153453629563000,1785153453629563000,1785153453629564000,1785153453629618000,1785153453629621000,1785153453629621000,1785153453629621000,121932490,121652369,-226.121,0.000,0.000,1.000,3.000,0.000,0.000,22.000,0,0,0
B3_zmq_pushpull,zmq_tcp,none,none,,1,17170,512,584,1785153453630561000,1785153453630561000,1785153453630561000,1785153453630562000,1785153453630734000,1785153453630736000,1785153453630736000,1785153453630736000,121932490,121652369,-108.121,0.000,0.000,1.000,2.000,0.000,0.000,118.000,0,0,0
B3_zmq_pushpull,zmq_tcp,none,none,,1,17171,512,584,1785153453631565000,1785153453631565000,1785153453631565000,1785153453631566000,1785153453631718000,1785153453631720000,1785153453631720000,1785153453631720000,121932490,121652369,-128.121,0.000,0.000,1.000,2.000,0.000,0.000,20.000,0,0,0
B3_zmq_pushpull,zmq_tcp,none,none,,1,17172,512,584,1785153453632564000,1785153453632564000,1785153453632564000,1785153453632565000,1785153453632712000,1785153453632715000,1785153453632715000,1785153453632715000,121932490,121652369,-133.121,0.000,0.000,1.000,3.000,0.000,0.000,5.000,0,0,0
B3_zmq_pushpull,zmq_tcp,none,none,,1,17173,512,584,1785153453633560000,1785153453633561000,1785153453633561000,1785153453633562000,1785153453633695000,1785153453633698000,1785153453633698000,1785153453633698000,121932490,121652369,-147.121,1.000,0.000,1.000,3.000,0.000,0.000,14.000,0,0,0
B3_zmq_pushpull,zmq_tcp,none,none,,1,17174,512,584,1785153453634564000,1785153453634565000,1785153453634565000,1785153453634566000,1785153453634671000,1785153453634673000,1785153453634674000,1785153453634674000,121932490,121652369,-175.121,1.000,0.000,1.000,2.000,1.000,0.000,28.000,0,0,0
B3_zmq_pushpull,zmq_tcp,none,none,,1,17175,512,584,1785153453635563000,1785153453635563000,1785153453635563000,1785153453635564000,1785153453635632000,1785153453635635000,1785153453635635000,1785153453635635000,121932490,121652369,-212.121,0.000,0.000,1.000,3.000,0.000,0.000,37.000,0,0,0
B3_zmq_pushpull,zmq_tcp,none,none,,1,17176,512,584,1785153453636563000,1785153453636563000,1785153453636563000,1785153453636564000,1785153453636626000,1785153453636629000,1785153453636629000,1785153453636629000,121932490,121652369,-218.121,0.000,0.000,1.000,3.000,0.000,0.000,6.000,0,0,0
B3_zmq_pushpull,zmq_tcp,none,none,,1,17177,512,584,1785153453637560000,1785153453637561000,1785153453637561000,1785153453637562000,1785153453637631000,1785153453637634000,1785153453637634000,1785153453637634000,121932490,121652369,-211.121,1.000,0.000,1.000,3.000,0.000,0.000,7.000,0,0,0
B3_zmq_pushpull,zmq_tcp,none,none,,1,17178,512,584,1785153453638569000,1785153453638569000,1785153453638569000,1785153453638570000,1785153453638728000,1785153453638731000,1785153453638731000,1785153453638731000,121932490,121652369,-122.121,0.000,0.000,1.000,3.000,0.000,0.000,89.000,0,0,0
B3_zmq_pushpull,zmq_tcp,none,none,,1,17179,512,584,1785153453639562000,1785153453639562000,1785153453639562000,1785153453639563000,1785153453639694000,1785153453639696000,1785153453639696000,1785153453639696000,121932490,121652369,-149.121,0.000,0.000,1.000,2.000,0.000,0.000,27.000,0,0,0
B3_zmq_pushpull,zmq_tcp,none,none,,1,17180,512,584,1785153453640564000,1785153453640564000,1785153453640564000,1785153453640565000,1785153453640664000,1785153453640666000,1785153453640666000,1785153453640666000,121932490,121652369,-181.121,0.000,0.000,1.000,2.000,0.000,0.000,32.000,0,0,0
B3_zmq_pushpull,zmq_tcp,none,none,,1,17181,512,584,1785153453641561000,1785153453641561000,1785153453641561000,1785153453641562000,1785153453641623000,1785153453641625000,1785153453641625000,1785153453641625000,121932490,121652369,-219.121,0.000,0.000,1.000,2.000,0.000,0.000,38.000,0,0,0
B3_zmq_pushpull,zmq_tcp,none,none,,1,17182,512,584,1785153453642565000,1785153453642565000,1785153453642565000,1785153453642566000,1785153453642610000,1785153453642613000,1785153453642613000,1785153453642613000,121932490,121652369,-236.121,0.000,0.000,1.000,3.000,0.000,0.000,17.000,0,0,0
B3_zmq_pushpull,zmq_tcp,none,none,,1,17183,512,584,1785153453643565000,1785153453643566000,1785153453643566000,1785153453643567000,1785153453643747000,1785153453643750000,1785153453643750000,1785153453643750000,121932490,121652369,-100.121,1.000,0.000,1.000,3.000,0.000,0.000,136.000,0,0,0
B3_zmq_pushpull,zmq_tcp,none,none,,1,17184,512,584,1785153453644560000,1785153453644561000,1785153453644561000,1785153453644562000,1785153453644744000,1785153453644747000,1785153453644747000,1785153453644747000,121932490,121652369,-98.121,1.000,0.000,1.000,3.000,0.000,0.000,2.000,0,0,0
B3_zmq_pushpull,zmq_tcp,none,none,,1,17185,512,584,1785153453645565000,1785153453645565000,1785153453645565000,1785153453645566000,1785153453645726000,1785153453645728000,1785153453645728000,1785153453645728000,121932490,121652369,-120.121,0.000,0.000,1.000,2.000,0.000,0.000,22.000,0,0,0
B3_zmq_pushpull,zmq_tcp,none,none,,1,17186,512,584,1785153453646414000,1785153453646414000,1785153453646414000,1785153453646415000,1785153453646572000,1785153453646575000,1785153453646575000,1785153453646575000,121932490,121652369,-123.121,0.000,0.000,1.000,3.000,0.000,0.000,3.000,0,0,0
B3_zmq_pushpull,zmq_tcp,none,none,,1,17187,512,584,1785153453647601000,1785153453647601000,1785153453647601000,1785153453647602000,1785153453647706000,1785153453647710000,1785153453647710000,1785153453647710000,121932490,121652369,-176.121,0.000,0.000,1.000,4.000,0.000,0.000,53.000,0,0,0
B3_zmq_pushpull,zmq_tcp,none,none,,1,17188,512,584,1785153453648551000,1785153453648551000,1785153453648551000,1785153453648552000,1785153453648686000,1785153453648688000,1785153453648688000,1785153453648688000,121932490,121652369,-146.121,0.000,0.000,1.000,2.000,0.000,0.000,30.000,0,0,0
B3_zmq_pushpull,zmq_tcp,none,none,,1,17189,512,584,1785153453649568000,1785153453649568000,1785153453649568000,1785153453649569000,1785153453649662000,1785153453649664000,1785153453649664000,1785153453649664000,121932490,121652369,-187.121,0.000,0.000,1.000,2.000,0.000,0.000,41.000,0,0,0
B3_zmq_pushpull,zmq_tcp,none,none,,1,17190,512,584,1785153453650562000,1785153453650562000,1785153453650562000,1785153453650563000,1785153453650666000,1785153453650674000,1785153453650674000,1785153453650674000,121932490,121652369,-177.121,0.000,0.000,1.000,8.000,0.000,0.000,10.000,0,0,0
B3_zmq_pushpull,zmq_tcp,none,none,,1,17191,512,584,1785153453651568000,1785153453651568000,1785153453651569000,1785153453651569000,1785153453651765000,1785153453651767000,1785153453651767000,1785153453651767000,121932490,121652369,-84.121,0.000,1.000,0.000,2.000,0.000,0.000,93.000,0,0,0
B3_zmq_pushpull,zmq_tcp,none,none,,1,17192,512,584,1785153453652559000,1785153453652559000,1785153453652559000,1785153453652560000,1785153453652747000,1785153453652750000,1785153453652750000,1785153453652750000,121932490,121652369,-93.121,0.000,0.000,1.000,3.000,0.000,0.000,9.000,0,0,0
B3_zmq_pushpull,zmq_tcp,none,none,,1,17193,512,584,1785153453653446000,1785153453653446000,1785153453653446000,1785153453653447000,1785153453653599000,1785153453653602000,1785153453653602000,1785153453653602000,121932490,121652369,-128.121,0.000,0.000,1.000,3.000,0.000,0.000,35.000,0,0,0
B3_zmq_pushpull,zmq_tcp,none,none,,1,17194,512,584,1785153453654593000,1785153453654593000,1785153453654593000,1785153453654594000,1785153453654714000,1785153453654716000,1785153453654716000,1785153453654716000,121932490,121652369,-160.121,0.000,0.000,1.000,2.000,0.000,0.000,32.000,0,0,0
B3_zmq_pushpull,zmq_tcp,none,none,,1,17195,512,584,1785153453655554000,1785153453655554000,1785153453655554000,1785153453655555000,1785153453655671000,1785153453655674000,1785153453655674000,1785153453655674000,121932490,121652369,-164.121,0.000,0.000,1.000,3.000,0.000,0.000,4.000,0,0,0
B3_zmq_pushpull,zmq_tcp,none,none,,1,17196,512,584,1785153453656567000,1785153453656567000,1785153453656567000,1785153453656568000,1785153453656650000,1785153453656652000,1785153453656652000,1785153453656652000,121932490,121652369,-198.121,0.000,0.000,1.000,2.000,0.000,0.000,34.000,0,0,0
B3_zmq_pushpull,zmq_tcp,none,none,,1,17197,512,584,1785153453657565000,1785153453657565000,1785153453657565000,1785153453657566000,1785153453657644000,1785153453657647000,1785153453657647000,1785153453657647000,121932490,121652369,-202.121,0.000,0.000,1.000,3.000,0.000,0.000,4.000,0,0,0
B3_zmq_pushpull,zmq_tcp,none,none,,1,17198,512,584,1785153453658563000,1785153453658563000,1785153453658563000,1785153453658564000,1785153453658768000,1785153453658771000,1785153453658771000,1785153453658771000,121932490,121652369,-76.121,0.000,0.000,1.000,3.000,0.000,0.000,126.000,0,0,0
B3_zmq_pushpull,zmq_tcp,none,none,,1,17199,512,584,1785153453659563000,1785153453659563000,1785153453659563000,1785153453659564000,1785153453659608000,1785153453659611000,1785153453659611000,1785153453659611000,121932490,121652369,-236.121,0.000,0.000,1.000,3.000,0.000,0.000,160.000,0,0,0
B3_zmq_pushpull,zmq_tcp,none,none,,1,17200,512,584,1785153453660564000,1785153453660564000,1785153453660564000,1785153453660565000,1785153453660708000,1785153453660711000,1785153453660711000,1785153453660711000,121932490,121652369,-137.121,0.000,0.000,1.000,3.000,0.000,0.000,99.000,0,0,0
B3_zmq_pushpull,zmq_tcp,none,none,,1,17201,512,584,1785153453661563000,1785153453661563000,1785153453661564000,1785153453661564000,1785153453661679000,1785153453661682000,1785153453661682000,1785153453661682000,121932490,121652369,-165.121,0.000,1.000,0.000,3.000,0.000,0.000,28.000,0,0,0
B3_zmq_pushpull,zmq_tcp,none,none,,1,17202,512,584,1785153453662561000,1785153453662561000,1785153453662561000,1785153453662562000,1785153453662635000,1785153453662638000,1785153453662638000,1785153453662638000,121932490,121652369,-207.121,0.000,0.000,1.000,3.000,0.000,0.000,42.000,0,0,0
B3_zmq_pushpull,zmq_tcp,none,none,,1,17203,512,584,1785153453663565000,1785153453663565000,1785153453663565000,1785153453663566000,1785153453663610000,1785153453663613000,1785153453663613000,1785153453663613000,121932490,121652369,-236.121,0.000,0.000,1.000,3.000,0.000,0.000,29.000,0,0,0
B3_zmq_pushpull,zmq_tcp,none,none,,1,17204,512,584,1785153453664564000,1785153453664564000,1785153453664564000,1785153453664565000,1785153453664612000,1785153453664616000,1785153453664616000,1785153453664616000,121932490,121652369,-233.121,0.000,0.000,1.000,4.000,0.000,0.000,3.000,0,0,0
B3_zmq_pushpull,zmq_tcp,none,none,,1,17205,512,584,1785153453665566000,1785153453665566000,1785153453665566000,1785153453665567000,1785153453665751000,1785153453665754000,1785153453665754000,1785153453665754000,121932490,121652369,-96.121,0.000,0.000,1.000,3.000,0.000,0.000,137.000,0,0,0
B3_zmq_pushpull,zmq_tcp,none,none,,1,17206,512,584,1785153453666561000,1785153453666561000,1785153453666561000,1785153453666562000,1785153453666744000,1785153453666748000,1785153453666748000,1785153453666748000,121932490,121652369,-98.121,0.000,0.000,1.000,4.000,0.000,0.000,2.000,0,0,0
B3_zmq_pushpull,zmq_tcp,none,none,,1,17207,512,584,1785153453667564000,1785153453667564000,1785153453667564000,1785153453667565000,1785153453667706000,1785153453667710000,1785153453667710000,1785153453667710000,121932490,121652369,-139.121,0.000,0.000,1.000,4.000,0.000,0.000,41.000,0,0,0
B3_zmq_pushpull,zmq_tcp,none,none,,1,17208,512,584,1785153453668408000,1785153453668408000,1785153453668408000,1785153453668410000,1785153453668551000,1785153453668554000,1785153453668554000,1785153453668554000,121932490,121652369,-139.121,0.000,0.000,2.000,3.000,0.000,0.000,0.000,0,0,0
B3_zmq_pushpull,zmq_tcp,none,none,,1,17209,512,584,1785153453669602000,1785153453669602000,1785153453669602000,1785153453669603000,1785153453669659000,1785153453669661000,1785153453669661000,1785153453669661000,121932490,121652369,-224.121,0.000,0.000,1.000,2.000,0.000,0.000,85.000,0,0,0
B3_zmq_pushpull,zmq_tcp,none,none,,1,17210,512,584,1785153453670552000,1785153453670552000,1785153453670552000,1785153453670553000,1785153453670627000,1785153453670630000,1785153453670630000,1785153453670630000,121932490,121652369,-206.121,0.000,0.000,1.000,3.000,0.000,0.000,18.000,0,0,0
B3_zmq_pushpull,zmq_tcp,none,none,,1,17211,512,584,1785153453671566000,1785153453671566000,1785153453671566000,1785153453671567000,1785153453671620000,1785153453671623000,1785153453671623000,1785153453671624000,121932490,121652369,-227.121,0.000,0.000,1.000,3.000,0.000,1.000,21.000,0,0,0
B3_zmq_pushpull,zmq_tcp,none,none,,1,17212,512,584,1785153453672460000,1785153453672461000,1785153453672461000,1785153453672462000,1785153453672606000,1785153453672608000,1785153453672608000,1785153453672608000,121932490,121652369,-136.121,1.000,0.000,1.000,2.000,0.000,0.000,91.000,0,0,0
B3_zmq_pushpull,zmq_tcp,none,none,,1,17213,512,584,1785153453673591000,1785153453673591000,1785153453673592000,1785153453673592000,1785153453673708000,1785153453673711000,1785153453673711000,1785153453673711000,121932490,121652369,-164.121,0.000,1.000,0.000,3.000,0.000,0.000,28.000,0,0,0
B3_zmq_pushpull,zmq_tcp,none,none,,1,17214,512,584,1785153453674553000,1785153453674553000,1785153453674553000,1785153453674554000,1785153453674688000,1785153453674691000,1785153453674691000,1785153453674691000,121932490,121652369,-146.121,0.000,0.000,1.000,3.000,0.000,0.000,18.000,0,0,0
B3_zmq_pushpull,zmq_tcp,none,none,,1,17215,512,584,1785153453675566000,1785153453675566000,1785153453675566000,1785153453675567000,1785153453675671000,1785153453675674000,1785153453675674000,1785153453675674000,121932490,121652369,-176.121,0.000,0.000,1.000,3.000,0.000,0.000,30.000,0,0,0
B3_zmq_pushpull,zmq_tcp,none,none,,1,17216,512,584,1785153453676563000,1785153453676564000,1785153453676564000,1785153453676565000,1785153453676636000,1785153453676639000,1785153453676639000,1785153453676639000,121932490,121652369,-209.121,1.000,0.000,1.000,3.000,0.000,0.000,33.000,0,0,0
B3_zmq_pushpull,zmq_tcp,none,none,,1,17217,512,584,1785153453677563000,1785153453677563000,1785153453677564000,1785153453677564000,1785153453677625000,1785153453677628000,1785153453677628000,1785153453677628000,121932490,121652369,-219.121,0.000,1.000,0.000,3.000,0.000,0.000,10.000,0,0,0
B3_zmq_pushpull,zmq_tcp,none,none,,1,17218,512,584,1785153453678561000,1785153453678561000,1785153453678561000,1785153453678562000,1785153453678739000,1785153453678742000,1785153453678742000,1785153453678742000,121932490,121652369,-103.121,0.000,0.000,1.000,3.000,0.000,0.000,116.000,0,0,0
B3_zmq_pushpull,zmq_tcp,none,none,,1,17219,512,584,1785153453679439000,1785153453679439000,1785153453679439000,1785153453679440000,1785153453679588000,1785153453679591000,1785153453679591000,1785153453679591000,121932490,121652369,-132.121,0.000,0.000,1.000,3.000,0.000,0.000,29.000,0,0,0
B3_zmq_pushpull,zmq_tcp,none,none,,1,17220,512,584,1785153453680595000,1785153453680596000,1785153453680596000,1785153453680597000,1785153453680707000,1785153453680710000,1785153453680710000,1785153453680710000,121932490,121652369,-170.121,1.000,0.000,1.000,3.000,0.000,0.000,38.000,0,0,0
B3_zmq_pushpull,zmq_tcp,none,none,,1,17221,512,584,1785153453681553000,1785153453681553000,1785153453681553000,1785153453681554000,1785153453681686000,1785153453681689000,1785153453681689000,1785153453681689000,121932490,121652369,-148.121,0.000,0.000,1.000,3.000,0.000,0.000,22.000,0,0,0
B3_zmq_pushpull,zmq_tcp,none,none,,1,17222,512,584,1785153453682566000,1785153453682566000,1785153453682566000,1785153453682567000,1785153453682663000,1785153453682666000,1785153453682666000,1785153453682666000,121932490,121652369,-184.121,0.000,0.000,1.000,3.000,0.000,0.000,36.000,0,0,0
B3_zmq_pushpull,zmq_tcp,none,none,,1,17223,512,584,1785153453683563000,1785153453683564000,1785153453683564000,1785153453683565000,1785153453683640000,1785153453683643000,1785153453683643000,1785153453683643000,121932490,121652369,-205.121,1.000,0.000,1.000,3.000,0.000,0.000,21.000,0,0,0
B3_zmq_pushpull,zmq_tcp,none,none,,1,17224,512,584,1785153453684564000,1785153453684564000,1785153453684565000,1785153453684565000,1785153453684625000,1785153453684628000,1785153453684628000,1785153453684628000,121932490,121652369,-220.121,0.000,1.000,0.000,3.000,0.000,0.000,15.000,0,0,0
B3_zmq_pushpull,zmq_tcp,none,none,,1,17225,512,584,1785153453685468000,1785153453685468000,1785153453685468000,1785153453685469000,1785153453685628000,1785153453685631000,1785153453685631000,1785153453685631000,121932490,121652369,-121.121,0.000,0.000,1.000,3.000,0.000,0.000,99.000,0,0,0
B3_zmq_pushpull,zmq_tcp,none,none,,1,17226,512,584,1785153453686590000,1785153453686590000,1785153453686590000,1785153453686591000,1785153453686747000,1785153453686750000,1785153453686750000,1785153453686750000,121932490,121652369,-124.121,0.000,0.000,1.000,3.000,0.000,0.000,3.000,0,0,0
B3_zmq_pushpull,zmq_tcp,none,none,,1,17227,512,584,1785153453687453000,1785153453687453000,1785153453687453000,1785153453687454000,1785153453687613000,1785153453687616000,1785153453687616000,1785153453687616000,121932490,121652369,-121.121,0.000,0.000,1.000,3.000,0.000,0.000,3.000,0,0,0
B3_zmq_pushpull,zmq_tcp,none,none,,1,17228,512,584,1785153453688593000,1785153453688593000,1785153453688593000,1785153453688594000,1785153453688706000,1785153453688709000,1785153453688709000,1785153453688709000,121932490,121652369,-168.121,0.000,0.000,1.000,3.000,0.000,0.000,47.000,0,0,0
B3_zmq_pushpull,zmq_tcp,none,none,,1,17229,512,584,1785153453689554000,1785153453689554000,1785153453689554000,1785153453689555000,1785153453689686000,1785153453689688000,1785153453689688000,1785153453689688000,121932490,121652369,-149.121,0.000,0.000,1.000,2.000,0.000,0.000,19.000,0,0,0
B3_zmq_pushpull,zmq_tcp,none,none,,1,17230,512,584,1785153453690566000,1785153453690566000,1785153453690566000,1785153453690567000,1785153453690662000,1785153453690665000,1785153453690665000,1785153453690665000,121932490,121652369,-185.121,0.000,0.000,1.000,3.000,0.000,0.000,36.000,0,0,0
B3_zmq_pushpull,zmq_tcp,none,none,,1,17231,512,584,1785153453691366000,1785153453691367000,1785153453691367000,1785153453691368000,1785153453691507000,1785153453691510000,1785153453691510000,1785153453691510000,121932490,121652369,-141.121,1.000,0.000,1.000,3.000,0.000,0.000,44.000,0,0,0
B3_zmq_pushpull,zmq_tcp,none,none,,1,17232,512,584,1785153453692479000,1785153453692479000,1785153453692479000,1785153453692480000,1785153453692626000,1785153453692629000,1785153453692629000,1785153453692629000,121932490,121652369,-134.121,0.000,0.000,1.000,3.000,0.000,0.000,7.000,0,0,0
B3_zmq_pushpull,zmq_tcp,none,none,,1,17233,512,584,1785153453693585000,1785153453693585000,1785153453693585000,1785153453693586000,1785153453693748000,1785153453693751000,1785153453693751000,1785153453693751000,121932490,121652369,-118.121,0.000,0.000,1.000,3.000,0.000,0.000,16.000,0,0,0
B3_zmq_pushpull,zmq_tcp,none,none,,1,17234,512,584,1785153453694558000,1785153453694558000,1785153453694558000,1785153453694559000,1785153453694722000,1785153453694725000,1785153453694725000,1785153453694725000,121932490,121652369,-117.121,0.000,0.000,1.000,3.000,0.000,0.000,1.000,0,0,0
B3_zmq_pushpull,zmq_tcp,none,none,,1,17235,512,584,1785153453695407000,1785153453695407000,1785153453695407000,1785153453695408000,1785153453695561000,1785153453695564000,1785153453695564000,1785153453695564000,121932490,121652369,-127.121,0.000,0.000,1.000,3.000,0.000,0.000,10.000,0,0,0
B3_zmq_pushpull,zmq_tcp,none,none,,1,17236,512,584,1785153453696378000,1785153453696379000,1785153453696379000,1785153453696380000,1785153453696531000,1785153453696534000,1785153453696534000,1785153453696534000,121932490,121652369,-129.121,1.000,0.000,1.000,3.000,0.000,0.000,2.000,0,0,0
B3_zmq_pushpull,zmq_tcp,none,none,,1,17237,512,584,1785153453697607000,1785153453697608000,1785153453697608000,1785153453697609000,1785153453697642000,1785153453697645000,1785153453697645000,1785153453697645000,121932490,121652369,-247.121,1.000,0.000,1.000,3.000,0.000,0.000,118.000,0,0,0
B3_zmq_pushpull,zmq_tcp,none,none,,1,17238,512,584,1785153453698553000,1785153453698554000,1785153453698554000,1785153453698555000,1785153453698622000,1785153453698625000,1785153453698625000,1785153453698625000,121932490,121652369,-213.121,1.000,0.000,1.000,3.000,0.000,0.000,34.000,0,0,0
B3_zmq_pushpull,zmq_tcp,none,none,,1,17239,512,584,1785153453699568000,1785153453699568000,1785153453699568000,1785153453699569000,1785153453699749000,1785153453699751000,1785153453699751000,1785153453699751000,121932490,121652369,-100.121,0.000,0.000,1.000,2.000,0.000,0.000,113.000,0,0,0
B3_zmq_pushpull,zmq_tcp,none,none,,1,17240,512,584,1785153453700562000,1785153453700562000,1785153453700562000,1785153453700563000,1785153453700722000,1785153453700724000,1785153453700725000,1785153453700725000,121932490,121652369,-121.121,0.000,0.000,1.000,2.000,1.000,0.000,21.000,0,0,0
B3_zmq_pushpull,zmq_tcp,none,none,,1,17241,512,584,1785153453701564000,1785153453701564000,1785153453701564000,1785153453701565000,1785153453701714000,1785153453701716000,1785153453701716000,1785153453701717000,121932490,121652369,-131.121,0.000,0.000,1.000,2.000,0.000,1.000,10.000,0,0,0
B3_zmq_pushpull,zmq_tcp,none,none,,1,17242,512,584,1785153453702564000,1785153453702564000,1785153453702564000,1785153453702565000,1785153453702673000,1785153453702675000,1785153453702675000,1785153453702675000,121932490,121652369,-172.121,0.000,0.000,1.000,2.000,0.000,0.000,41.000,0,0,0
B3_zmq_pushpull,zmq_tcp,none,none,,1,17243,512,584,1785153453703563000,1785153453703564000,1785153453703564000,1785153453703565000,1785153453703649000,1785153453703651000,1785153453703651000,1785153453703651000,121932490,121652369,-196.121,1.000,0.000,1.000,2.000,0.000,0.000,24.000,0,0,0
B3_zmq_pushpull,zmq_tcp,none,none,,1,17244,512,584,1785153453704561000,1785153453704561000,1785153453704561000,1785153453704562000,1785153453704610000,1785153453704613000,1785153453704613000,1785153453704613000,121932490,121652369,-232.121,0.000,0.000,1.000,3.000,0.000,0.000,36.000,0,0,0
B3_zmq_pushpull,zmq_tcp,none,none,,1,17245,512,584,1785153453705565000,1785153453705565000,1785153453705565000,1785153453705566000,1785153453705727000,1785153453705730000,1785153453705730000,1785153453705730000,121932490,121652369,-119.121,0.000,0.000,1.000,3.000,0.000,0.000,113.000,0,0,0
B3_zmq_pushpull,zmq_tcp,none,none,,1,17246,512,584,1785153453706564000,1785153453706564000,1785153453706564000,1785153453706565000,1785153453706707000,1785153453706710000,1785153453706710000,1785153453706710000,121932490,121652369,-138.121,0.000,0.000,1.000,3.000,0.000,0.000,19.000,0,0,0
B3_zmq_pushpull,zmq_tcp,none,none,,1,17247,512,584,1785153453707566000,1785153453707566000,1785153453707567000,1785153453707567000,1785153453707700000,1785153453707703000,1785153453707703000,1785153453707703000,121932490,121652369,-147.121,0.000,1.000,0.000,3.000,0.000,0.000,9.000,0,0,0
B3_zmq_pushpull,zmq_tcp,none,none,,1,17248,512,584,1785153453708381000,1785153453708381000,1785153453708381000,1785153453708382000,1785153453708542000,1785153453708545000,1785153453708545000,1785153453708545000,121932490,121652369,-120.121,0.000,0.000,1.000,3.000,0.000,0.000,27.000,0,0,0
B3_zmq_pushpull,zmq_tcp,none,none,,1,17249,512,584,1785153453709610000,1785153453709610000,1785153453709610000,1785153453709611000,1785153453709673000,1785153453709675000,1785153453709675000,1785153453709675000,121932490,121652369,-218.121,0.000,0.000,1.000,2.000,0.000,0.000,98.000,0,0,0
B3_zmq_pushpull,zmq_tcp,none,none,,1,17250,512,584,1785153453710553000,1785153453710553000,1785153453710553000,1785153453710554000,1785153453710650000,1785153453710653000,1785153453710653000,1785153453710653000,121932490,121652369,-184.121,0.000,0.000,1.000,3.000,0.000,0.000,34.000,0,0,0
B3_zmq_pushpull,zmq_tcp,none,none,,1,17251,512,584,1785153453711566000,1785153453711566000,1785153453711566000,1785153453711567000,1785153453711641000,1785153453711643000,1785153453711643000,1785153453711643000,121932490,121652369,-206.121,0.000,0.000,1.000,2.000,0.000,0.000,22.000,0,0,0
B3_zmq_pushpull,zmq_tcp,none,none,,1,17252,512,584,1785153453712562000,1785153453712562000,1785153453712562000,1785153453712563000,1785153453712623000,1785153453712626000,1785153453712626000,1785153453712626000,121932490,121652369,-220.121,0.000,0.000,1.000,3.000,0.000,0.000,14.000,0,0,0
B3_zmq_pushpull,zmq_tcp,none,none,,1,17253,512,584,1785153453713568000,1785153453713568000,1785153453713568000,1785153453713569000,1785153453713750000,1785153453713753000,1785153453713753000,1785153453713753000,121932490,121652369,-99.121,0.000,0.000,1.000,3.000,0.000,0.000,121.000,0,0,0
B3_zmq_pushpull,zmq_tcp,none,none,,1,17254,512,584,1785153453714562000,1785153453714562000,1785153453714562000,1785153453714563000,1785153453714746000,1785153453714749000,1785153453714749000,1785153453714749000,121932490,121652369,-97.121,0.000,0.000,1.000,3.000,0.000,0.000,2.000,0,0,0
B3_zmq_pushpull,zmq_tcp,none,none,,1,17255,512,584,1785153453715569000,1785153453715569000,1785153453715569000,1785153453715570000,1785153453715731000,1785153453715734000,1785153453715734000,1785153453715734000,121932490,121652369,-119.121,0.000,0.000,1.000,3.000,0.000,0.000,22.000,0,0,0
B3_zmq_pushpull,zmq_tcp,none,none,,1,17256,512,584,1785153453716562000,1785153453716562000,1785153453716562000,1785153453716563000,1785153453716725000,1785153453716728000,1785153453716728000,1785153453716728000,121932490,121652369,-118.121,0.000,0.000,1.000,3.000,0.000,0.000,1.000,0,0,0
B3_zmq_pushpull,zmq_tcp,none,none,,1,17257,512,584,1785153453717421000,1785153453717421000,1785153453717421000,1785153453717422000,1785153453717574000,1785153453717577000,1785153453717577000,1785153453717577000,121932490,121652369,-128.121,0.000,0.000,1.000,3.000,0.000,0.000,10.000,0,0,0
B3_zmq_pushpull,zmq_tcp,none,none,,1,17258,512,584,1785153453718411000,1785153453718411000,1785153453718411000,1785153453718412000,1785153453718562000,1785153453718565000,1785153453718565000,1785153453718565000,121932490,121652369,-130.121,0.000,0.000,1.000,3.000,0.000,0.000,2.000,0,0,0
B3_zmq_pushpull,zmq_tcp,none,none,,1,17259,512,584,1785153453719401000,1785153453719401000,1785153453719401000,1785153453719402000,1785153453719553000,1785153453719555000,1785153453719555000,1785153453719555000,121932490,121652369,-129.121,0.000,0.000,1.000,2.000,0.000,0.000,1.000,0,0,0
B3_zmq_pushpull,zmq_tcp,none,none,,1,17260,512,584,1785153453720387000,1785153453720387000,1785153453720387000,1785153453720388000,1785153453720538000,1785153453720541000,1785153453720541000,1785153453720541000,121932490,121652369,-130.121,0.000,0.000,1.000,3.000,0.000,0.000,1.000,0,0,0
B3_zmq_pushpull,zmq_tcp,none,none,,1,17261,512,584,1785153453721611000,1785153453721611000,1785153453721611000,1785153453721612000,1785153453721801000,1785153453721803000,1785153453721803000,1785153453721803000,121932490,121652369,-91.121,0.000,0.000,1.000,2.000,0.000,0.000,39.000,0,0,0
B3_zmq_pushpull,zmq_tcp,none,none,,1,17262,512,584,1785153453722487000,1785153453722487000,1785153453722487000,1785153453722488000,1785153453722642000,1785153453722645000,1785153453722645000,1785153453722645000,121932490,121652369,-126.121,0.000,0.000,1.000,3.000,0.000,0.000,35.000,0,0,0
B3_zmq_pushpull,zmq_tcp,none,none,,1,17263,512,584,1785153453723470000,1785153453723470000,1785153453723470000,1785153453723471000,1785153453723622000,1785153453723625000,1785153453723625000,1785153453723625000,121932490,121652369,-129.121,0.000,0.000,1.000,3.000,0.000,0.000,3.000,0,0,0
B3_zmq_pushpull,zmq_tcp,none,none,,1,17264,512,584,1785153453724447000,1785153453724447000,1785153453724447000,1785153453724448000,1785153453724603000,1785153453724606000,1785153453724606000,1785153453724606000,121932490,121652369,-125.121,0.000,0.000,1.000,3.000,0.000,0.000,4.000,0,0,0
B3_zmq_pushpull,zmq_tcp,none,none,,1,17265,512,584,1785153453725429000,1785153453725429000,1785153453725430000,1785153453725430000,1785153453725581000,1785153453725583000,1785153453725583000,1785153453725583000,121932490,121652369,-129.121,0.000,1.000,0.000,2.000,0.000,0.000,4.000,0,0,0
B3_zmq_pushpull,zmq_tcp,none,none,,1,17266,512,584,1785153453726400000,1785153453726400000,1785153453726400000,1785153453726401000,1785153453726544000,1785153453726546000,1785153453726546000,1785153453726546000,121932490,121652369,-137.121,0.000,0.000,1.000,2.000,0.000,0.000,8.000,0,0,0
B3_zmq_pushpull,zmq_tcp,none,none,,1,17267,512,584,1785153453727383000,1785153453727383000,1785153453727383000,1785153453727384000,1785153453727533000,1785153453727535000,1785153453727535000,1785153453727535000,121932490,121652369,-131.121,0.000,0.000,1.000,2.000,0.000,0.000,6.000,0,0,0
B3_zmq_pushpull,zmq_tcp,none,none,,1,17268,512,584,1785153453728612000,1785153453728612000,1785153453728612000,1785153453728613000,1785153453728771000,1785153453728774000,1785153453728774000,1785153453728774000,121932490,121652369,-122.121,0.000,0.000,1.000,3.000,0.000,0.000,9.000,0,0,0
B3_zmq_pushpull,zmq_tcp,none,none,,1,17269,512,584,1785153453729469000,1785153453729469000,1785153453729469000,1785153453729470000,1785153453729617000,1785153453729619000,1785153453729619000,1785153453729619000,121932490,121652369,-133.121,0.000,0.000,1.000,2.000,0.000,0.000,11.000,0,0,0
B3_zmq_pushpull,zmq_tcp,none,none,,1,17270,512,584,1785153453730439000,1785153453730439000,1785153453730439000,1785153453730440000,1785153453730590000,1785153453730593000,1785153453730593000,1785153453730593000,121932490,121652369,-130.121,0.000,0.000,1.000,3.000,0.000,0.000,3.000,0,0,0
B3_zmq_pushpull,zmq_tcp,none,none,,1,17271,512,584,1785153453731424000,1785153453731424000,1785153453731424000,1785153453731425000,1785153453731578000,1785153453731581000,1785153453731581000,1785153453731581000,121932490,121652369,-127.121,0.000,0.000,1.000,3.000,0.000,0.000,3.000,0,0,0
B3_zmq_pushpull,zmq_tcp,none,none,,1,17272,512,584,1785153453732413000,1785153453732414000,1785153453732414000,1785153453732414000,1785153453732566000,1785153453732569000,1785153453732569000,1785153453732569000,121932490,121652369,-128.121,1.000,0.000,0.000,3.000,0.000,0.000,1.000,0,0,0
B3_zmq_pushpull,zmq_tcp,none,none,,1,17273,512,584,1785153453733407000,1785153453733407000,1785153453733407000,1785153453733408000,1785153453733545000,1785153453733547000,1785153453733547000,1785153453733547000,121932490,121652369,-143.121,0.000,0.000,1.000,2.000,0.000,0.000,15.000,0,0,0
B3_zmq_pushpull,zmq_tcp,none,none,,1,17274,512,584,1785153453734602000,1785153453734602000,1785153453734602000,1785153453734603000,1785153453734779000,1785153453734782000,1785153453734782000,1785153453734782000,121932490,121652369,-104.121,0.000,0.000,1.000,3.000,0.000,0.000,39.000,0,0,0
B3_zmq_pushpull,zmq_tcp,none,none,,1,17275,512,584,1785153453735554000,1785153453735554000,1785153453735555000,1785153453735555000,1785153453735742000,1785153453735745000,1785153453735745000,1785153453735745000,121932490,121652369,-93.121,0.000,1.000,0.000,3.000,0.000,0.000,11.000,0,0,0
B3_zmq_pushpull,zmq_tcp,none,none,,1,17276,512,584,1785153453736430000,1785153453736430000,1785153453736430000,1785153453736431000,1785153453736587000,1785153453736591000,1785153453736591000,1785153453736591000,121932490,121652369,-124.121,0.000,0.000,1.000,4.000,0.000,0.000,31.000,0,0,0
B3_zmq_pushpull,zmq_tcp,none,none,,1,17277,512,584,1785153453737416000,1785153453737416000,1785153453737416000,1785153453737418000,1785153453737559000,1785153453737562000,1785153453737562000,1785153453737562000,121932490,121652369,-139.121,0.000,0.000,2.000,3.000,0.000,0.000,15.000,0,0,0
B3_zmq_pushpull,zmq_tcp,none,none,,1,17278,512,584,1785153453738601000,1785153453738601000,1785153453738601000,1785153453738602000,1785153453738649000,1785153453738652000,1785153453738652000,1785153453738652000,121932490,121652369,-233.121,0.000,0.000,1.000,3.000,0.000,0.000,94.000,0,0,0
B3_zmq_pushpull,zmq_tcp,none,none,,1,17279,512,584,1785153453739475000,1785153453739475000,1785153453739475000,1785153453739476000,1785153453739627000,1785153453739630000,1785153453739630000,1785153453739630000,121932490,121652369,-129.121,0.000,0.000,1.000,3.000,0.000,0.000,104.000,0,0,0
B3_zmq_pushpull,zmq_tcp,none,none,,1,17280,512,584,1785153453740458000,1785153453740458000,1785153453740458000,1785153453740459000,1785153453740604000,1785153453740607000,1785153453740607000,1785153453740607000,121932490,121652369,-135.121,0.000,0.000,1.000,3.000,0.000,0.000,6.000,0,0,0
B3_zmq_pushpull,zmq_tcp,none,none,,1,17281,512,584,1785153453741436000,1785153453741436000,1785153453741436000,1785153453741437000,1785153453741585000,1785153453741588000,1785153453741588000,1785153453741588000,121932490,121652369,-132.121,0.000,0.000,1.000,3.000,0.000,0.000,3.000,0,0,0
B3_zmq_pushpull,zmq_tcp,none,none,,1,17282,512,584,1785153453742432000,1785153453742432000,1785153453742432000,1785153453742433000,1785153453742589000,1785153453742591000,1785153453742591000,1785153453742591000,121932490,121652369,-124.121,0.000,0.000,1.000,2.000,0.000,0.000,8.000,0,0,0
B3_zmq_pushpull,zmq_tcp,none,none,,1,17283,512,584,1785153453743412000,1785153453743413000,1785153453743413000,1785153453743414000,1785153453743569000,1785153453743571000,1785153453743571000,1785153453743572000,121932490,121652369,-125.121,1.000,0.000,1.000,2.000,0.000,1.000,1.000,0,0,0
B3_zmq_pushpull,zmq_tcp,none,none,,1,17284,512,584,1785153453744379000,1785153453744380000,1785153453744380000,1785153453744381000,1785153453744531000,1785153453744535000,1785153453744535000,1785153453744535000,121932490,121652369,-130.121,1.000,0.000,1.000,4.000,0.000,0.000,5.000,0,0,0
B3_zmq_pushpull,zmq_tcp,none,none,,1,17285,512,584,1785153453745487000,1785153453745487000,1785153453745487000,1785153453745488000,1785153453745638000,1785153453745641000,1785153453745641000,1785153453745641000,121932490,121652369,-130.121,0.000,0.000,1.000,3.000,0.000,0.000,0.000,0,0,0
B3_zmq_pushpull,zmq_tcp,none,none,,1,17286,512,584,1785153453746456000,1785153453746457000,1785153453746457000,1785153453746458000,1785153453746590000,1785153453746594000,1785153453746594000,1785153453746594000,121932490,121652369,-148.121,1.000,0.000,1.000,4.000,0.000,0.000,18.000,0,0,0
B3_zmq_pushpull,zmq_tcp,none,none,,1,17287,512,584,1785153453747426000,1785153453747426000,1785153453747426000,1785153453747427000,1785153453747585000,1785153453747587000,1785153453747587000,1785153453747587000,121932490,121652369,-122.121,0.000,0.000,1.000,2.000,0.000,0.000,26.000,0,0,0
B3_zmq_pushpull,zmq_tcp,none,none,,1,17288,512,584,1785153453748601000,1785153453748601000,1785153453748601000,1785153453748602000,1785153453748723000,1785153453748726000,1785153453748726000,1785153453748726000,121932490,121652369,-159.121,0.000,0.000,1.000,3.000,0.000,0.000,37.000,0,0,0
B3_zmq_pushpull,zmq_tcp,none,none,,1,17289,512,584,1785153453749554000,1785153453749555000,1785153453749555000,1785153453749556000,1785153453749709000,1785153453749712000,1785153453749712000,1785153453749712000,121932490,121652369,-127.121,1.000,0.000,1.000,3.000,0.000,0.000,32.000,0,0,0
B3_zmq_pushpull,zmq_tcp,none,none,,1,17290,512,584,1785153453750394000,1785153453750395000,1785153453750395000,1785153453750396000,1785153453750554000,1785153453750557000,1785153453750557000,1785153453750557000,121932490,121652369,-122.121,1.000,0.000,1.000,3.000,0.000,0.000,5.000,0,0,0
B3_zmq_pushpull,zmq_tcp,none,none,,1,17291,512,584,1785153453751379000,1785153453751379000,1785153453751380000,1785153453751380000,1785153453751531000,1785153453751534000,1785153453751534000,1785153453751534000,121932490,121652369,-129.121,0.000,1.000,0.000,3.000,0.000,0.000,7.000,0,0,0
B3_zmq_pushpull,zmq_tcp,none,none,,1,17292,512,584,1785153453752369000,1785153453752369000,1785153453752370000,1785153453752370000,1785153453752509000,1785153453752511000,1785153453752511000,1785153453752511000,121932490,121652369,-141.121,0.000,1.000,0.000,2.000,0.000,0.000,12.000,0,0,0
B3_zmq_pushpull,zmq_tcp,none,none,,1,17293,512,584,1785153453753463000,1785153453753463000,1785153453753463000,1785153453753464000,1785153453753605000,1785153453753608000,1785153453753608000,1785153453753608000,121932490,121652369,-139.121,0.000,0.000,1.000,3.000,0.000,0.000,2.000,0,0,0
B3_zmq_pushpull,zmq_tcp,none,none,,1,17294,512,584,1785153453754428000,1785153453754428000,1785153453754428000,1785153453754429000,1785153453754579000,1785153453754582000,1785153453754582000,1785153453754582000,121932490,121652369,-130.121,0.000,0.000,1.000,3.000,0.000,0.000,9.000,0,0,0
B3_zmq_pushpull,zmq_tcp,none,none,,1,17295,512,584,1785153453755411000,1785153453755411000,1785153453755411000,1785153453755412000,1785153453755572000,1785153453755574000,1785153453755574000,1785153453755574000,121932490,121652369,-120.121,0.000,0.000,1.000,2.000,0.000,0.000,10.000,0,0,0
B3_zmq_pushpull,zmq_tcp,none,none,,1,17296,512,584,1785153453756605000,1785153453756605000,1785153453756605000,1785153453756606000,1785153453756709000,1785153453756712000,1785153453756712000,1785153453756712000,121932490,121652369,-177.121,0.000,0.000,1.000,3.000,0.000,0.000,57.000,0,0,0
B3_zmq_pushpull,zmq_tcp,none,none,,1,17297,512,584,1785153453757553000,1785153453757553000,1785153453757553000,1785153453757554000,1785153453757697000,1785153453757700000,1785153453757700000,1785153453757700000,121932490,121652369,-137.121,0.000,0.000,1.000,3.000,0.000,0.000,40.000,0,0,0
B3_zmq_pushpull,zmq_tcp,none,none,,1,17298,512,584,1785153453758567000,1785153453758567000,1785153453758567000,1785153453758568000,1785153453758678000,1785153453758681000,1785153453758681000,1785153453758681000,121932490,121652369,-170.121,0.000,0.000,1.000,3.000,0.000,0.000,33.000,0,0,0
B3_zmq_pushpull,zmq_tcp,none,none,,1,17299,512,584,1785153453759564000,1785153453759564000,1785153453759564000,1785153453759565000,1785153453759656000,1785153453759658000,1785153453759658000,1785153453759658000,121932490,121652369,-189.121,0.000,0.000,1.000,2.000,0.000,0.000,19.000,0,0,0
B3_zmq_pushpull,zmq_tcp,none,none,,1,17300,512,584,1785153453760565000,1785153453760565000,1785153453760565000,1785153453760566000,1785153453760626000,1785153453760630000,1785153453760630000,1785153453760630000,121932490,121652369,-220.121,0.000,0.000,1.000,4.000,0.000,0.000,31.000,0,0,0
B3_zmq_pushpull,zmq_tcp,none,none,,1,17301,512,584,1785153453761561000,1785153453761561000,1785153453761561000,1785153453761562000,1785153453761738000,1785153453761741000,1785153453761741000,1785153453761741000,121932490,121652369,-104.121,0.000,0.000,1.000,3.000,0.000,0.000,116.000,0,0,0
B3_zmq_pushpull,zmq_tcp,none,none,,1,17302,512,584,1785153453762452000,1785153453762452000,1785153453762453000,1785153453762453000,1785153453762608000,1785153453762611000,1785153453762611000,1785153453762611000,121932490,121652369,-125.121,0.000,1.000,0.000,3.000,0.000,0.000,21.000,0,0,0
B3_zmq_pushpull,zmq_tcp,none,none,,1,17303,512,584,1785153453763592000,1785153453763592000,1785153453763592000,1785153453763593000,1785153453763738000,1785153453763741000,1785153453763741000,1785153453763741000,121932490,121652369,-135.121,0.000,0.000,1.000,3.000,0.000,0.000,10.000,0,0,0
B3_zmq_pushpull,zmq_tcp,none,none,,1,17304,512,584,1785153453764556000,1785153453764556000,1785153453764556000,1785153453764557000,1785153453764737000,1785153453764740000,1785153453764740000,1785153453764740000,121932490,121652369,-100.121,0.000,0.000,1.000,3.000,0.000,0.000,35.000,0,0,0
B3_zmq_pushpull,zmq_tcp,none,none,,1,17305,512,584,1785153453765567000,1785153453765567000,1785153453765567000,1785153453765568000,1785153453765716000,1785153453765718000,1785153453765718000,1785153453765718000,121932490,121652369,-132.121,0.000,0.000,1.000,2.000,0.000,0.000,32.000,0,0,0
B3_zmq_pushpull,zmq_tcp,none,none,,1,17306,512,584,1785153453766405000,1785153453766406000,1785153453766406000,1785153453766407000,1785153453766557000,1785153453766559000,1785153453766560000,1785153453766560000,121932490,121652369,-130.121,1.000,0.000,1.000,2.000,1.000,0.000,2.000,0,0,0
B3_zmq_pushpull,zmq_tcp,none,none,,1,17307,512,584,1785153453767383000,1785153453767383000,1785153453767383000,1785153453767384000,1785153453767525000,1785153453767527000,1785153453767527000,1785153453767527000,121932490,121652369,-139.121,0.000,0.000,1.000,2.000,0.000,0.000,9.000,0,0,0
B3_zmq_pushpull,zmq_tcp,none,none,,1,17308,512,584,1785153453768606000,1785153453768607000,1785153453768607000,1785153453768608000,1785153453768648000,1785153453768651000,1785153453768651000,1785153453768651000,121932490,121652369,-240.121,1.000,0.000,1.000,3.000,0.000,0.000,101.000,0,0,0
B3_zmq_pushpull,zmq_tcp,none,none,,1,17309,512,584,1785153453769478000,1785153453769478000,1785153453769478000,1785153453769480000,1785153453769622000,1785153453769625000,1785153453769625000,1785153453769625000,121932490,121652369,-138.121,0.000,0.000,2.000,3.000,0.000,0.000,102.000,0,0,0
B3_zmq_pushpull,zmq_tcp,none,none,,1,17310,512,584,1785153453770586000,1785153453770587000,1785153453770587000,1785153453770588000,1785153453770765000,1785153453770768000,1785153453770768000,1785153453770768000,121932490,121652369,-103.121,1.000,0.000,1.000,3.000,0.000,0.000,35.000,0,0,0
B3_zmq_pushpull,zmq_tcp,none,none,,1,17311,512,584,1785153453771559000,1785153453771559000,1785153453771559000,1785153453771560000,1785153453771622000,1785153453771625000,1785153453771625000,1785153453771625000,121932490,121652369,-218.121,0.000,0.000,1.000,3.000,0.000,0.000,115.000,0,0,0
B3_zmq_pushpull,zmq_tcp,none,none,,1,17312,512,584,1785153453772565000,1785153453772565000,1785153453772565000,1785153453772566000,1785153453772724000,1785153453772727000,1785153453772727000,1785153453772727000,121932490,121652369,-122.121,0.000,0.000,1.000,3.000,0.000,0.000,96.000,0,0,0
B3_zmq_pushpull,zmq_tcp,none,none,,1,17313,512,584,1785153453773564000,1785153453773564000,1785153453773564000,1785153453773565000,1785153453773710000,1785153453773713000,1785153453773713000,1785153453773713000,121932490,121652369,-135.121,0.000,0.000,1.000,3.000,0.000,0.000,13.000,0,0,0
B3_zmq_pushpull,zmq_tcp,none,none,,1,17314,512,584,1785153453774565000,1785153453774565000,1785153453774565000,1785153453774566000,1785153453774686000,1785153453774689000,1785153453774689000,1785153453774689000,121932490,121652369,-160.121,0.000,0.000,1.000,3.000,0.000,0.000,25.000,0,0,0
B3_zmq_pushpull,zmq_tcp,none,none,,1,17315,512,584,1785153453775564000,1785153453775564000,1785153453775564000,1785153453775565000,1785153453775678000,1785153453775682000,1785153453775682000,1785153453775682000,121932490,121652369,-167.121,0.000,0.000,1.000,4.000,0.000,0.000,7.000,0,0,0
B3_zmq_pushpull,zmq_tcp,none,none,,1,17316,512,584,1785153453776567000,1785153453776567000,1785153453776567000,1785153453776568000,1785153453776668000,1785153453776672000,1785153453776672000,1785153453776672000,121932490,121652369,-180.121,0.000,0.000,1.000,4.000,0.000,0.000,13.000,0,0,0
B3_zmq_pushpull,zmq_tcp,none,none,,1,17317,512,584,1785153453777566000,1785153453777566000,1785153453777566000,1785153453777567000,1785153453777656000,1785153453777659000,1785153453777659000,1785153453777659000,121932490,121652369,-191.121,0.000,0.000,1.000,3.000,0.000,0.000,11.000,0,0,0
B3_zmq_pushpull,zmq_tcp,none,none,,1,17318,512,584,1785153453778563000,1785153453778563000,1785153453778563000,1785153453778564000,1785153453778629000,1785153453778632000,1785153453778632000,1785153453778632000,121932490,121652369,-215.121,0.000,0.000,1.000,3.000,0.000,0.000,24.000,0,0,0
B3_zmq_pushpull,zmq_tcp,none,none,,1,17319,512,584,1785153453779566000,1785153453779567000,1785153453779567000,1785153453779568000,1785153453779609000,1785153453779612000,1785153453779612000,1785153453779612000,121932490,121652369,-239.121,1.000,0.000,1.000,3.000,0.000,0.000,24.000,0,0,0
B3_zmq_pushpull,zmq_tcp,none,none,,1,17320,512,584,1785153453780564000,1785153453780564000,1785153453780564000,1785153453780565000,1785153453780725000,1785153453780728000,1785153453780728000,1785153453780728000,121932490,121652369,-120.121,0.000,0.000,1.000,3.000,0.000,0.000,119.000,0,0,0
B3_zmq_pushpull,zmq_tcp,none,none,,1,17321,512,584,1785153453781564000,1785153453781564000,1785153453781564000,1785153453781565000,1785153453781712000,1785153453781714000,1785153453781714000,1785153453781714000,121932490,121652369,-133.121,0.000,0.000,1.000,2.000,0.000,0.000,13.000,0,0,0
B3_zmq_pushpull,zmq_tcp,none,none,,1,17322,512,584,1785153453782561000,1785153453782562000,1785153453782562000,1785153453782563000,1785153453782713000,1785153453782716000,1785153453782716000,1785153453782716000,121932490,121652369,-130.121,1.000,0.000,1.000,3.000,0.000,0.000,3.000,0,0,0
B3_zmq_pushpull,zmq_tcp,none,none,,1,17323,512,584,1785153453783416000,1785153453783416000,1785153453783416000,1785153453783417000,1785153453783576000,1785153453783578000,1785153453783578000,1785153453783578000,121932490,121652369,-121.121,0.000,0.000,1.000,2.000,0.000,0.000,9.000,0,0,0
B3_zmq_pushpull,zmq_tcp,none,none,,1,17324,512,584,1785153453784603000,1785153453784603000,1785153453784603000,1785153453784604000,1785153453784685000,1785153453784687000,1785153453784687000,1785153453784687000,121932490,121652369,-199.121,0.000,0.000,1.000,2.000,0.000,0.000,78.000,0,0,0
B3_zmq_pushpull,zmq_tcp,none,none,,1,17325,512,584,1785153453785554000,1785153453785554000,1785153453785554000,1785153453785555000,1785153453785665000,1785153453785668000,1785153453785668000,1785153453785668000,121932490,121652369,-170.121,0.000,0.000,1.000,3.000,0.000,0.000,29.000,0,0,0
B3_zmq_pushpull,zmq_tcp,none,none,,1,17326,512,584,1785153453786567000,1785153453786567000,1785153453786567000,1785153453786568000,1785153453786642000,1785153453786645000,1785153453786645000,1785153453786645000,121932490,121652369,-206.121,0.000,0.000,1.000,3.000,0.000,0.000,36.000,0,0,0
B3_zmq_pushpull,zmq_tcp,none,none,,1,17327,512,584,1785153453787564000,1785153453787564000,1785153453787564000,1785153453787565000,1785153453787613000,1785153453787616000,1785153453787616000,1785153453787616000,121932490,121652369,-232.121,0.000,0.000,1.000,3.000,0.000,0.000,26.000,0,0,0
B3_zmq_pushpull,zmq_tcp,none,none,,1,17328,512,584,1785153453788565000,1785153453788565000,1785153453788565000,1785153453788566000,1785153453788720000,1785153453788722000,1785153453788722000,1785153453788722000,121932490,121652369,-126.121,0.000,0.000,1.000,2.000,0.000,0.000,106.000,0,0,0
B3_zmq_pushpull,zmq_tcp,none,none,,1,17329,512,584,1785153453789561000,1785153453789561000,1785153453789561000,1785153453789562000,1785153453789700000,1785153453789702000,1785153453789702000,1785153453789702000,121932490,121652369,-142.121,0.000,0.000,1.000,2.000,0.000,0.000,16.000,0,0,0
B3_zmq_pushpull,zmq_tcp,none,none,,1,17330,512,584,1785153453790565000,1785153453790565000,1785153453790565000,1785153453790566000,1785153453790681000,1785153453790684000,1785153453790684000,1785153453790684000,121932490,121652369,-165.121,0.000,0.000,1.000,3.000,0.000,0.000,23.000,0,0,0
B3_zmq_pushpull,zmq_tcp,none,none,,1,17331,512,584,1785153453791566000,1785153453791566000,1785153453791566000,1785153453791567000,1785153453791645000,1785153453791648000,1785153453791648000,1785153453791648000,121932490,121652369,-202.121,0.000,0.000,1.000,3.000,0.000,0.000,37.000,0,0,0
B3_zmq_pushpull,zmq_tcp,none,none,,1,17332,512,584,1785153453792564000,1785153453792564000,1785153453792564000,1785153453792565000,1785153453792626000,1785153453792629000,1785153453792629000,1785153453792629000,121932490,121652369,-219.121,0.000,0.000,1.000,3.000,0.000,0.000,17.000,0,0,0
B3_zmq_pushpull,zmq_tcp,none,none,,1,17333,512,584,1785153453793564000,1785153453793564000,1785153453793564000,1785153453793565000,1785153453793614000,1785153453793618000,1785153453793618000,1785153453793618000,121932490,121652369,-231.121,0.000,0.000,1.000,4.000,0.000,0.000,12.000,0,0,0
B3_zmq_pushpull,zmq_tcp,none,none,,1,17334,512,584,1785153453794434000,1785153453794434000,1785153453794434000,1785153453794436000,1785153453794578000,1785153453794581000,1785153453794581000,1785153453794581000,121932490,121652369,-138.121,0.000,0.000,2.000,3.000,0.000,0.000,93.000,0,0,0
B3_zmq_pushpull,zmq_tcp,none,none,,1,17335,512,584,1785153453795596000,1785153453795596000,1785153453795596000,1785153453795597000,1785153453795696000,1785153453795698000,1785153453795698000,1785153453795698000,121932490,121652369,-181.121,0.000,0.000,1.000,2.000,0.000,0.000,43.000,0,0,0
B3_zmq_pushpull,zmq_tcp,none,none,,1,17336,512,584,1785153453796554000,1785153453796554000,1785153453796554000,1785153453796555000,1785153453796700000,1785153453796702000,1785153453796702000,1785153453796702000,121932490,121652369,-135.121,0.000,0.000,1.000,2.000,0.000,0.000,46.000,0,0,0
B3_zmq_pushpull,zmq_tcp,none,none,,1,17337,512,584,1785153453797569000,1785153453797569000,1785153453797569000,1785153453797570000,1785153453797689000,1785153453797692000,1785153453797692000,1785153453797692000,121932490,121652369,-161.121,0.000,0.000,1.000,3.000,0.000,0.000,26.000,0,0,0
B3_zmq_pushpull,zmq_tcp,none,none,,1,17338,512,584,1785153453798563000,1785153453798563000,1785153453798563000,1785153453798564000,1785153453798684000,1785153453798686000,1785153453798686000,1785153453798686000,121932490,121652369,-160.121,0.000,0.000,1.000,2.000,0.000,0.000,1.000,0,0,0
B3_zmq_pushpull,zmq_tcp,none,none,,1,17339,512,584,1785153453799566000,1785153453799566000,1785153453799566000,1785153453799567000,1785153453799666000,1785153453799669000,1785153453799669000,1785153453799669000,121932490,121652369,-181.121,0.000,0.000,1.000,3.000,0.000,0.000,21.000,0,0,0
B3_zmq_pushpull,zmq_tcp,none,none,,1,17340,512,584,1785153453800564000,1785153453800564000,1785153453800564000,1785153453800565000,1785153453800608000,1785153453800611000,1785153453800611000,1785153453800611000,121932490,121652369,-237.121,0.000,0.000,1.000,3.000,0.000,0.000,56.000,0,0,0
B3_zmq_pushpull,zmq_tcp,none,none,,1,17341,512,584,1785153453801437000,1785153453801437000,1785153453801437000,1785153453801438000,1785153453801581000,1785153453801584000,1785153453801584000,1785153453801584000,121932490,121652369,-137.121,0.000,0.000,1.000,3.000,0.000,0.000,100.000,0,0,0
B3_zmq_pushpull,zmq_tcp,none,none,,1,17342,512,584,1785153453802596000,1785153453802596000,1785153453802596000,1785153453802597000,1785153453802708000,1785153453802710000,1785153453802710000,1785153453802710000,121932490,121652369,-169.121,0.000,0.000,1.000,2.000,0.000,0.000,32.000,0,0,0
B3_zmq_pushpull,zmq_tcp,none,none,,1,17343,512,584,1785153453803559000,1785153453803559000,1785153453803559000,1785153453803560000,1785153453803684000,1785153453803687000,1785153453803687000,1785153453803687000,121932490,121652369,-156.121,0.000,0.000,1.000,3.000,0.000,0.000,13.000,0,0,0
B3_zmq_pushpull,zmq_tcp,none,none,,1,17344,512,584,1785153453804368000,1785153453804369000,1785153453804369000,1785153453804370000,1785153453804526000,1785153453804529000,1785153453804529000,1785153453804529000,121932490,121652369,-124.121,1.000,0.000,1.000,3.000,0.000,0.000,32.000,0,0,0
B3_zmq_pushpull,zmq_tcp,none,none,,1,17345,512,584,1785153453805486000,1785153453805486000,1785153453805486000,1785153453805487000,1785153453805644000,1785153453805647000,1785153453805647000,1785153453805647000,121932490,121652369,-123.121,0.000,0.000,1.000,3.000,0.000,0.000,1.000,0,0,0
B3_zmq_pushpull,zmq_tcp,none,none,,1,17346,512,584,1785153453806470000,1785153453806470000,1785153453806470000,1785153453806471000,1785153453806617000,1785153453806620000,1785153453806620000,1785153453806620000,121932490,121652369,-134.121,0.000,0.000,1.000,3.000,0.000,0.000,11.000,0,0,0
B3_zmq_pushpull,zmq_tcp,none,none,,1,17347,512,584,1785153453807585000,1785153453807586000,1785153453807586000,1785153453807587000,1785153453807760000,1785153453807763000,1785153453807763000,1785153453807763000,121932490,121652369,-107.121,1.000,0.000,1.000,3.000,0.000,0.000,27.000,0,0,0
B3_zmq_pushpull,zmq_tcp,none,none,,1,17348,512,584,1785153453808447000,1785153453808447000,1785153453808447000,1785153453808448000,1785153453808600000,1785153453808603000,1785153453808603000,1785153453808603000,121932490,121652369,-128.121,0.000,0.000,1.000,3.000,0.000,0.000,21.000,0,0,0
B3_zmq_pushpull,zmq_tcp,none,none,,1,17349,512,584,1785153453809434000,1785153453809434000,1785153453809434000,1785153453809435000,1785153453809586000,1785153453809589000,1785153453809589000,1785153453809589000,121932490,121652369,-129.121,0.000,0.000,1.000,3.000,0.000,0.000,1.000,0,0,0
B3_zmq_pushpull,zmq_tcp,none,none,,1,17350,512,584,1785153453810414000,1785153453810414000,1785153453810414000,1785153453810415000,1785153453810565000,1785153453810568000,1785153453810568000,1785153453810568000,121932490,121652369,-130.121,0.000,0.000,1.000,3.000,0.000,0.000,1.000,0,0,0
B3_zmq_pushpull,zmq_tcp,none,none,,1,17351,512,584,1785153453811402000,1785153453811402000,1785153453811402000,1785153453811403000,1785153453811558000,1785153453811562000,1785153453811562000,1785153453811562000,121932490,121652369,-125.121,0.000,0.000,1.000,4.000,0.000,0.000,5.000,0,0,0
B3_zmq_pushpull,zmq_tcp,none,none,,1,17352,512,584,1785153453812607000,1785153453812607000,1785153453812607000,1785153453812608000,1785153453812674000,1785153453812677000,1785153453812677000,1785153453812677000,121932490,121652369,-214.121,0.000,0.000,1.000,3.000,0.000,0.000,89.000,0,0,0
B3_zmq_pushpull,zmq_tcp,none,none,,1,17353,512,584,1785153453813553000,1785153453813554000,1785153453813554000,1785153453813555000,1785153453813657000,1785153453813662000,1785153453813662000,1785153453813662000,121932490,121652369,-178.121,1.000,0.000,1.000,5.000,0.000,0.000,36.000,0,0,0
B3_zmq_pushpull,zmq_tcp,none,none,,1,17354,512,584,1785153453814568000,1785153453814568000,1785153453814568000,1785153453814569000,1785153453814648000,1785153453814651000,1785153453814651000,1785153453814651000,121932490,121652369,-201.121,0.000,0.000,1.000,3.000,0.000,0.000,23.000,0,0,0
B3_zmq_pushpull,zmq_tcp,none,none,,1,17355,512,584,1785153453815477000,1785153453815477000,1785153453815477000,1785153453815478000,1785153453815631000,1785153453815633000,1785153453815633000,1785153453815633000,121932490,121652369,-127.121,0.000,0.000,1.000,2.000,0.000,0.000,74.000,0,0,0
B3_zmq_pushpull,zmq_tcp,none,none,,1,17356,512,584,1785153453816477000,1785153453816478000,1785153453816478000,1785153453816479000,1785153453816632000,1785153453816634000,1785153453816634000,1785153453816635000,121932490,121652369,-127.121,1.000,0.000,1.000,2.000,0.000,1.000,0.000,0,0,0
B3_zmq_pushpull,zmq_tcp,none,none,,1,17357,512,584,1785153453817457000,1785153453817457000,1785153453817457000,1785153453817458000,1785153453817611000,1785153453817614000,1785153453817614000,1785153453817614000,121932490,121652369,-127.121,0.000,0.000,1.000,3.000,0.000,0.000,0.000,0,0,0
B3_zmq_pushpull,zmq_tcp,none,none,,1,17358,512,584,1785153453818449000,1785153453818449000,1785153453818449000,1785153453818450000,1785153453818601000,1785153453818604000,1785153453818604000,1785153453818604000,121932490,121652369,-129.121,0.000,0.000,1.000,3.000,0.000,0.000,2.000,0,0,0
B3_zmq_pushpull,zmq_tcp,none,none,,1,17359,512,584,1785153453819441000,1785153453819441000,1785153453819441000,1785153453819442000,1785153453819579000,1785153453819582000,1785153453819582000,1785153453819582000,121932490,121652369,-143.121,0.000,0.000,1.000,3.000,0.000,0.000,14.000,0,0,0
B3_zmq_pushpull,zmq_tcp,none,none,,1,17360,512,584,1785153453820595000,1785153453820595000,1785153453820595000,1785153453820596000,1785153453820676000,1785153453820679000,1785153453820679000,1785153453820679000,121932490,121652369,-200.121,0.000,0.000,1.000,3.000,0.000,0.000,57.000,0,0,0
B3_zmq_pushpull,zmq_tcp,none,none,,1,17361,512,584,1785153453821556000,1785153453821556000,1785153453821556000,1785153453821557000,1785153453821646000,1785153453821649000,1785153453821649000,1785153453821649000,121932490,121652369,-191.121,0.000,0.000,1.000,3.000,0.000,0.000,9.000,0,0,0
B3_zmq_pushpull,zmq_tcp,none,none,,1,17362,512,584,1785153453822567000,1785153453822567000,1785153453822567000,1785153453822568000,1785153453822613000,1785153453822616000,1785153453822616000,1785153453822616000,121932490,121652369,-235.121,0.000,0.000,1.000,3.000,0.000,0.000,44.000,0,0,0
B3_zmq_pushpull,zmq_tcp,none,none,,1,17363,512,584,1785153453823564000,1785153453823564000,1785153453823564000,1785153453823565000,1785153453823726000,1785153453823729000,1785153453823729000,1785153453823729000,121932490,121652369,-119.121,0.000,0.000,1.000,3.000,0.000,0.000,116.000,0,0,0
B3_zmq_pushpull,zmq_tcp,none,none,,1,17364,512,584,1785153453824564000,1785153453824564000,1785153453824564000,1785153453824565000,1785153453824720000,1785153453824723000,1785153453824723000,1785153453824723000,121932490,121652369,-125.121,0.000,0.000,1.000,3.000,0.000,0.000,6.000,0,0,0
B3_zmq_pushpull,zmq_tcp,none,none,,1,17365,512,584,1785153453825562000,1785153453825562000,1785153453825562000,1785153453825563000,1785153453825719000,1785153453825721000,1785153453825721000,1785153453825721000,121932490,121652369,-124.121,0.000,0.000,1.000,2.000,0.000,0.000,1.000,0,0,0
B3_zmq_pushpull,zmq_tcp,none,none,,1,17366,512,584,1785153453826419000,1785153453826419000,1785153453826419000,1785153453826420000,1785153453826576000,1785153453826578000,1785153453826578000,1785153453826579000,121932490,121652369,-124.121,0.000,0.000,1.000,2.000,0.000,1.000,0.000,0,0,0
B3_zmq_pushpull,zmq_tcp,none,none,,1,17367,512,584,1785153453827603000,1785153453827603000,1785153453827603000,1785153453827604000,1785153453827679000,1785153453827682000,1785153453827682000,1785153453827682000,121932490,121652369,-205.121,0.000,0.000,1.000,3.000,0.000,0.000,81.000,0,0,0
B3_zmq_pushpull,zmq_tcp,none,none,,1,17368,512,584,1785153453828555000,1785153453828555000,1785153453828555000,1785153453828556000,1785153453828660000,1785153453828663000,1785153453828663000,1785153453828663000,121932490,121652369,-176.121,0.000,0.000,1.000,3.000,0.000,0.000,29.000,0,0,0
B3_zmq_pushpull,zmq_tcp,none,none,,1,17369,512,584,1785153453829567000,1785153453829567000,1785153453829567000,1785153453829568000,1785153453829647000,1785153453829649000,1785153453829649000,1785153453829649000,121932490,121652369,-201.121,0.000,0.000,1.000,2.000,0.000,0.000,25.000,0,0,0
B3_zmq_pushpull,zmq_tcp,none,none,,1,17370,512,584,1785153453830566000,1785153453830566000,1785153453830566000,1785153453830567000,1785153453830625000,1785153453830628000,1785153453830628000,1785153453830628000,121932490,121652369,-222.121,0.000,0.000,1.000,3.000,0.000,0.000,21.000,0,0,0
B3_zmq_pushpull,zmq_tcp,none,none,,1,17371,512,584,1785153453831567000,1785153453831567000,1785153453831567000,1785153453831568000,1785153453831733000,1785153453831736000,1785153453831736000,1785153453831736000,121932490,121652369,-115.121,0.000,0.000,1.000,3.000,0.000,0.000,107.000,0,0,0
B3_zmq_pushpull,zmq_tcp,none,none,,1,17372,512,584,1785153453832561000,1785153453832561000,1785153453832561000,1785153453832562000,1785153453832715000,1785153453832717000,1785153453832717000,1785153453832717000,121932490,121652369,-127.121,0.000,0.000,1.000,2.000,0.000,0.000,12.000,0,0,0
B3_zmq_pushpull,zmq_tcp,none,none,,1,17373,512,584,1785153453833568000,1785153453833568000,1785153453833568000,1785153453833569000,1785153453833695000,1785153453833698000,1785153453833698000,1785153453833698000,121932490,121652369,-154.121,0.000,0.000,1.000,3.000,0.000,0.000,27.000,0,0,0
B3_zmq_pushpull,zmq_tcp,none,none,,1,17374,512,584,1785153453834565000,1785153453834565000,1785153453834565000,1785153453834566000,1785153453834677000,1785153453834680000,1785153453834680000,1785153453834680000,121932490,121652369,-169.121,0.000,0.000,1.000,3.000,0.000,0.000,15.000,0,0,0
B3_zmq_pushpull,zmq_tcp,none,none,,1,17375,512,584,1785153453835564000,1785153453835564000,1785153453835564000,1785153453835565000,1785153453835665000,1785153453835668000,1785153453835668000,1785153453835668000,121932490,121652369,-180.121,0.000,0.000,1.000,3.000,0.000,0.000,11.000,0,0,0
B3_zmq_pushpull,zmq_tcp,none,none,,1,17376,512,584,1785153453836562000,1785153453836562000,1785153453836562000,1785153453836563000,1785153453836643000,1785153453836645000,1785153453836645000,1785153453836645000,121932490,121652369,-200.121,0.000,0.000,1.000,2.000,0.000,0.000,20.000,0,0,0
B3_zmq_pushpull,zmq_tcp,none,none,,1,17377,512,584,1785153453837566000,1785153453837566000,1785153453837566000,1785153453837567000,1785153453837625000,1785153453837628000,1785153453837628000,1785153453837628000,121932490,121652369,-222.121,0.000,0.000,1.000,3.000,0.000,0.000,22.000,0,0,0
B3_zmq_pushpull,zmq_tcp,none,none,,1,17378,512,584,1785153453838564000,1785153453838564000,1785153453838564000,1785153453838565000,1785153453838752000,1785153453838755000,1785153453838755000,1785153453838755000,121932490,121652369,-93.121,0.000,0.000,1.000,3.000,0.000,0.000,129.000,0,0,0
B3_zmq_pushpull,zmq_tcp,none,none,,1,17379,512,584,1785153453839564000,1785153453839564000,1785153453839565000,1785153453839565000,1785153453839736000,1785153453839739000,1785153453839739000,1785153453839739000,121932490,121652369,-109.121,0.000,1.000,0.000,3.000,0.000,0.000,16.000,0,0,0
B3_zmq_pushpull,zmq_tcp,none,none,,1,17380,512,584,1785153453840564000,1785153453840565000,1785153453840565000,1785153453840566000,1785153453840720000,1785153453840723000,1785153453840723000,1785153453840723000,121932490,121652369,-126.121,1.000,0.000,1.000,3.000,0.000,0.000,17.000,0,0,0
B3_zmq_pushpull,zmq_tcp,none,none,,1,17381,512,584,1785153453841565000,1785153453841565000,1785153453841565000,1785153453841566000,1785153453841715000,1785153453841718000,1785153453841718000,1785153453841718000,121932490,121652369,-131.121,0.000,0.000,1.000,3.000,0.000,0.000,5.000,0,0,0
B3_zmq_pushpull,zmq_tcp,none,none,,1,17382,512,584,1785153453842564000,1785153453842564000,1785153453842564000,1785153453842565000,1785153453842692000,1785153453842695000,1785153453842695000,1785153453842695000,121932490,121652369,-153.121,0.000,0.000,1.000,3.000,0.000,0.000,22.000,0,0,0
B3_zmq_pushpull,zmq_tcp,none,none,,1,17383,512,584,1785153453843564000,1785153453843564000,1785153453843564000,1785153453843565000,1785153453843679000,1785153453843681000,1785153453843681000,1785153453843681000,121932490,121652369,-166.121,0.000,0.000,1.000,2.000,0.000,0.000,13.000,0,0,0
B3_zmq_pushpull,zmq_tcp,none,none,,1,17384,512,584,1785153453844562000,1785153453844562000,1785153453844562000,1785153453844563000,1785153453844669000,1785153453844671000,1785153453844672000,1785153453844672000,121932490,121652369,-174.121,0.000,0.000,1.000,2.000,1.000,0.000,8.000,0,0,0
B3_zmq_pushpull,zmq_tcp,none,none,,1,17385,512,584,1785153453845568000,1785153453845568000,1785153453845568000,1785153453845569000,1785153453845669000,1785153453845671000,1785153453845671000,1785153453845671000,121932490,121652369,-180.121,0.000,0.000,1.000,2.000,0.000,0.000,6.000,0,0,0
B3_zmq_pushpull,zmq_tcp,none,none,,1,17386,512,584,1785153453846566000,1785153453846566000,1785153453846566000,1785153453846567000,1785153453846663000,1785153453846666000,1785153453846666000,1785153453846666000,121932490,121652369,-184.121,0.000,0.000,1.000,3.000,0.000,0.000,4.000,0,0,0
B3_zmq_pushpull,zmq_tcp,none,none,,1,17387,512,584,1785153453847377000,1785153453847377000,1785153453847377000,1785153453847378000,1785153453847521000,1785153453847525000,1785153453847525000,1785153453847525000,121932490,121652369,-137.121,0.000,0.000,1.000,4.000,0.000,0.000,47.000,0,0,0
B3_zmq_pushpull,zmq_tcp,none,none,,1,17388,512,584,1785153453848494000,1785153453848494000,1785153453848494000,1785153453848495000,1785153453848649000,1785153453848652000,1785153453848652000,1785153453848652000,121932490,121652369,-126.121,0.000,0.000,1.000,3.000,0.000,0.000,11.000,0,0,0
B3_zmq_pushpull,zmq_tcp,none,none,,1,17389,512,584,1785153453849466000,1785153453849466000,1785153453849466000,1785153453849467000,1785153453849617000,1785153453849620000,1785153453849620000,1785153453849620000,121932490,121652369,-130.121,0.000,0.000,1.000,3.000,0.000,0.000,4.000,0,0,0
B3_zmq_pushpull,zmq_tcp,none,none,,1,17390,512,584,1785153453850445000,1785153453850445000,1785153453850445000,1785153453850446000,1785153453850597000,1785153453850600000,1785153453850600000,1785153453850600000,121932490,121652369,-129.121,0.000,0.000,1.000,3.000,0.000,0.000,1.000,0,0,0
B3_zmq_pushpull,zmq_tcp,none,none,,1,17391,512,584,1785153453851427000,1785153453851427000,1785153453851427000,1785153453851428000,1785153453851579000,1785153453851582000,1785153453851582000,1785153453851582000,121932490,121652369,-129.121,0.000,0.000,1.000,3.000,0.000,0.000,0.000,0,0,0
B3_zmq_pushpull,zmq_tcp,none,none,,1,17392,512,584,1785153453852402000,1785153453852402000,1785153453852402000,1785153453852403000,1785153453852553000,1785153453852556000,1785153453852556000,1785153453852556000,121932490,121652369,-130.121,0.000,0.000,1.000,3.000,0.000,0.000,1.000,0,0,0
B3_zmq_pushpull,zmq_tcp,none,none,,1,17393,512,584,1785153453853387000,1785153453853387000,1785153453853387000,1785153453853388000,1785153453853545000,1785153453853548000,1785153453853548000,1785153453853548000,121932490,121652369,-123.121,0.000,0.000,1.000,3.000,0.000,0.000,7.000,0,0,0
B3_zmq_pushpull,zmq_tcp,none,none,,1,17394,512,584,1785153453854610000,1785153453854610000,1785153453854610000,1785153453854611000,1785153453854668000,1785153453854672000,1785153453854672000,1785153453854672000,121932490,121652369,-223.121,0.000,0.000,1.000,4.000,0.000,0.000,100.000,0,0,0
B3_zmq_pushpull,zmq_tcp,none,none,,1,17395,512,584,1785153453855378000,1785153453855378000,1785153453855378000,1785153453855379000,1785153453855517000,1785153453855520000,1785153453855520000,1785153453855520000,121932490,121652369,-142.121,0.000,0.000,1.000,3.000,0.000,0.000,81.000,0,0,0
B3_zmq_pushpull,zmq_tcp,none,none,,1,17396,512,584,1785153453856485000,1785153453856485000,1785153453856485000,1785153453856487000,1785153453856631000,1785153453856634000,1785153453856634000,1785153453856634000,121932490,121652369,-136.121,0.000,0.000,2.000,3.000,0.000,0.000,6.000,0,0,0
B3_zmq_pushpull,zmq_tcp,none,none,,1,17397,512,584,1785153453857585000,1785153453857585000,1785153453857585000,1785153453857586000,1785153453857731000,1785153453857733000,1785153453857733000,1785153453857733000,121932490,121652369,-135.121,0.000,0.000,1.000,2.000,0.000,0.000,1.000,0,0,0
B3_zmq_pushpull,zmq_tcp,none,none,,1,17398,512,584,1785153453858561000,1785153453858561000,1785153453858561000,1785153453858562000,1785153453858703000,1785153453858705000,1785153453858705000,1785153453858705000,121932490,121652369,-139.121,0.000,0.000,1.000,2.000,0.000,0.000,4.000,0,0,0
B3_zmq_pushpull,zmq_tcp,none,none,,1,17399,512,584,1785153453859563000,1785153453859563000,1785153453859563000,1785153453859564000,1785153453859679000,1785153453859681000,1785153453859681000,1785153453859681000,121932490,121652369,-165.121,0.000,0.000,1.000,2.000,0.000,0.000,26.000,0,0,0
B3_zmq_pushpull,zmq_tcp,none,none,,1,17400,512,584,1785153453860566000,1785153453860566000,1785153453860566000,1785153453860567000,1785153453860677000,1785153453860680000,1785153453860680000,1785153453860680000,121932490,121652369,-170.121,0.000,0.000,1.000,3.000,0.000,0.000,5.000,0,0,0
B3_zmq_pushpull,zmq_tcp,none,none,,1,17401,512,584,1785153453861564000,1785153453861564000,1785153453861564000,1785153453861565000,1785153453861656000,1785153453861659000,1785153453861659000,1785153453861659000,121932490,121652369,-189.121,0.000,0.000,1.000,3.000,0.000,0.000,19.000,0,0,0
B3_zmq_pushpull,zmq_tcp,none,none,,1,17402,512,584,1785153453862561000,1785153453862562000,1785153453862562000,1785153453862563000,1785153453862619000,1785153453862622000,1785153453862622000,1785153453862622000,121932490,121652369,-224.121,1.000,0.000,1.000,3.000,0.000,0.000,35.000,0,0,0
B3_zmq_pushpull,zmq_tcp,none,none,,1,17403,512,584,1785153453863566000,1785153453863566000,1785153453863566000,1785153453863567000,1785153453863720000,1785153453863723000,1785153453863723000,1785153453863723000,121932490,121652369,-127.121,0.000,0.000,1.000,3.000,0.000,0.000,97.000,0,0,0
B3_zmq_pushpull,zmq_tcp,none,none,,1,17404,512,584,1785153453864397000,1785153453864397000,1785153453864397000,1785153453864398000,1785153453864549000,1785153453864552000,1785153453864552000,1785153453864552000,121932490,121652369,-129.121,0.000,0.000,1.000,3.000,0.000,0.000,2.000,0,0,0
B3_zmq_pushpull,zmq_tcp,none,none,,1,17405,512,584,1785153453865386000,1785153453865386000,1785153453865386000,1785153453865387000,1785153453865539000,1785153453865542000,1785153453865542000,1785153453865542000,121932490,121652369,-128.121,0.000,0.000,1.000,3.000,0.000,0.000,1.000,0,0,0
B3_zmq_pushpull,zmq_tcp,none,none,,1,17406,512,584,1785153453866375000,1785153453866376000,1785153453866376000,1785153453866377000,1785153453866535000,1785153453866537000,1785153453866537000,1785153453866537000,121932490,121652369,-122.121,1.000,0.000,1.000,2.000,0.000,0.000,6.000,0,0,0
B3_zmq_pushpull,zmq_tcp,none,none,,1,17407,512,584,1785153453867614000,1785153453867614000,1785153453867614000,1785153453867615000,1785153453867793000,1785153453867796000,1785153453867796000,1785153453867796000,121932490,121652369,-102.121,0.000,0.000,1.000,3.000,0.000,0.000,20.000,0,0,0
B3_zmq_pushpull,zmq_tcp,none,none,,1,17408,512,584,1785153453868554000,1785153453868554000,1785153453868554000,1785153453868555000,1785153453868635000,1785153453868638000,1785153453868638000,1785153453868638000,121932490,121652369,-200.121,0.000,0.000,1.000,3.000,0.000,0.000,98.000,0,0,0
B3_zmq_pushpull,zmq_tcp,none,none,,1,17409,512,584,1785153453869567000,1785153453869567000,1785153453869567000,1785153453869568000,1785153453869625000,1785153453869628000,1785153453869628000,1785153453869628000,121932490,121652369,-223.121,0.000,0.000,1.000,3.000,0.000,0.000,23.000,0,0,0
B3_zmq_pushpull,zmq_tcp,none,none,,1,17410,512,584,1785153453870565000,1785153453870565000,1785153453870565000,1785153453870566000,1785153453870725000,1785153453870728000,1785153453870728000,1785153453870728000,121932490,121652369,-121.121,0.000,0.000,1.000,3.000,0.000,0.000,102.000,0,0,0
B3_zmq_pushpull,zmq_tcp,none,none,,1,17411,512,584,1785153453871564000,1785153453871564000,1785153453871564000,1785153453871565000,1785153453871692000,1785153453871695000,1785153453871695000,1785153453871695000,121932490,121652369,-153.121,0.000,0.000,1.000,3.000,0.000,0.000,32.000,0,0,0
B3_zmq_pushpull,zmq_tcp,none,none,,1,17412,512,584,1785153453872562000,1785153453872562000,1785153453872562000,1785153453872563000,1785153453872673000,1785153453872676000,1785153453872676000,1785153453872676000,121932490,121652369,-170.121,0.000,0.000,1.000,3.000,0.000,0.000,17.000,0,0,0
B3_zmq_pushpull,zmq_tcp,none,none,,1,17413,512,584,1785153453873566000,1785153453873566000,1785153453873566000,1785153453873567000,1785153453873668000,1785153453873671000,1785153453873671000,1785153453873671000,121932490,121652369,-179.121,0.000,0.000,1.000,3.000,0.000,0.000,9.000,0,0,0
B3_zmq_pushpull,zmq_tcp,none,none,,1,17414,512,584,1785153453874565000,1785153453874565000,1785153453874565000,1785153453874566000,1785153453874662000,1785153453874665000,1785153453874665000,1785153453874665000,121932490,121652369,-184.121,0.000,0.000,1.000,3.000,0.000,0.000,5.000,0,0,0
B3_zmq_pushpull,zmq_tcp,none,none,,1,17415,512,584,1785153453875563000,1785153453875563000,1785153453875563000,1785153453875564000,1785153453875651000,1785153453875653000,1785153453875653000,1785153453875653000,121932490,121652369,-193.121,0.000,0.000,1.000,2.000,0.000,0.000,9.000,0,0,0
B3_zmq_pushpull,zmq_tcp,none,none,,1,17416,512,584,1785153453876566000,1785153453876566000,1785153453876566000,1785153453876567000,1785153453876639000,1785153453876642000,1785153453876642000,1785153453876642000,121932490,121652369,-208.121,0.000,0.000,1.000,3.000,0.000,0.000,15.000,0,0,0
B3_zmq_pushpull,zmq_tcp,none,none,,1,17417,512,584,1785153453877565000,1785153453877565000,1785153453877565000,1785153453877566000,1785153453877605000,1785153453877609000,1785153453877609000,1785153453877609000,121932490,121652369,-241.121,0.000,0.000,1.000,4.000,0.000,0.000,33.000,0,0,0
B3_zmq_pushpull,zmq_tcp,none,none,,1,17418,512,584,1785153453878437000,1785153453878437000,1785153453878437000,1785153453878438000,1785153453878578000,1785153453878580000,1785153453878580000,1785153453878580000,121932490,121652369,-140.121,0.000,0.000,1.000,2.000,0.000,0.000,101.000,0,0,0
B3_zmq_pushpull,zmq_tcp,none,none,,1,17419,512,584,1785153453879417000,1785153453879417000,1785153453879417000,1785153453879418000,1785153453879570000,1785153453879572000,1785153453879572000,1785153453879572000,121932490,121652369,-128.121,0.000,0.000,1.000,2.000,0.000,0.000,12.000,0,0,0
B3_zmq_pushpull,zmq_tcp,none,none,,1,17420,512,584,1785153453880390000,1785153453880390000,1785153453880390000,1785153453880391000,1785153453880549000,1785153453880552000,1785153453880552000,1785153453880552000,121932490,121652369,-122.121,0.000,0.000,1.000,3.000,0.000,0.000,6.000,0,0,0
B3_zmq_pushpull,zmq_tcp,none,none,,1,17421,512,584,1785153453881401000,1785153453881401000,1785153453881401000,1785153453881402000,1785153453881548000,1785153453881551000,1785153453881551000,1785153453881551000,121932490,121652369,-134.121,0.000,0.000,1.000,3.000,0.000,0.000,12.000,0,0,0
B3_zmq_pushpull,zmq_tcp,none,none,,1,17422,512,584,1785153453882376000,1785153453882376000,1785153453882376000,1785153453882377000,1785153453882535000,1785153453882537000,1785153453882537000,1785153453882537000,121932490,121652369,-122.121,0.000,0.000,1.000,2.000,0.000,0.000,12.000,0,0,0
B3_zmq_pushpull,zmq_tcp,none,none,,1,17423,512,584,1785153453883369000,1785153453883369000,1785153453883369000,1785153453883370000,1785153453883508000,1785153453883511000,1785153453883511000,1785153453883511000,121932490,121652369,-142.121,0.000,0.000,1.000,3.000,0.000,0.000,20.000,0,0,0
B3_zmq_pushpull,zmq_tcp,none,none,,1,17424,512,584,1785153453884454000,1785153453884454000,1785153453884454000,1785153453884455000,1785153453884607000,1785153453884609000,1785153453884609000,1785153453884609000,121932490,121652369,-128.121,0.000,0.000,1.000,2.000,0.000,0.000,14.000,0,0,0
B3_zmq_pushpull,zmq_tcp,none,none,,1,17425,512,584,1785153453885423000,1785153453885424000,1785153453885424000,1785153453885425000,1785153453885576000,1785153453885579000,1785153453885579000,1785153453885579000,121932490,121652369,-129.121,1.000,0.000,1.000,3.000,0.000,0.000,1.000,0,0,0
B3_zmq_pushpull,zmq_tcp,none,none,,1,17426,512,584,1785153453886420000,1785153453886420000,1785153453886420000,1785153453886421000,1785153453886570000,1785153453886572000,1785153453886572000,1785153453886572000,121932490,121652369,-131.121,0.000,0.000,1.000,2.000,0.000,0.000,2.000,0,0,0
B3_zmq_pushpull,zmq_tcp,none,none,,1,17427,512,584,1785153453887395000,1785153453887395000,1785153453887396000,1785153453887396000,1785153453887555000,1785153453887557000,1785153453887557000,1785153453887557000,121932490,121652369,-121.121,0.000,1.000,0.000,2.000,0.000,0.000,10.000,0,0,0
B3_zmq_pushpull,zmq_tcp,none,none,,1,17428,512,584,1785153453888610000,1785153453888610000,1785153453888610000,1785153453888611000,1785153453888796000,1785153453888798000,1785153453888798000,1785153453888798000,121932490,121652369,-95.121,0.000,0.000,1.000,2.000,0.000,0.000,26.000,0,0,0
B3_zmq_pushpull,zmq_tcp,none,none,,1,17429,512,584,1785153453889552000,1785153453889552000,1785153453889553000,1785153453889553000,1785153453889627000,1785153453889630000,1785153453889630000,1785153453889630000,121932490,121652369,-206.121,0.000,1.000,0.000,3.000,0.000,0.000,111.000,0,0,0
B3_zmq_pushpull,zmq_tcp,none,none,,1,17430,512,584,1785153453890569000,1785153453890569000,1785153453890569000,1785153453890570000,1785153453890617000,1785153453890621000,1785153453890621000,1785153453890621000,121932490,121652369,-233.121,0.000,0.000,1.000,4.000,0.000,0.000,27.000,0,0,0
B3_zmq_pushpull,zmq_tcp,none,none,,1,17431,512,584,1785153453891564000,1785153453891565000,1785153453891565000,1785153453891566000,1785153453891707000,1785153453891710000,1785153453891710000,1785153453891710000,121932490,121652369,-139.121,1.000,0.000,1.000,3.000,0.000,0.000,94.000,0,0,0
B3_zmq_pushpull,zmq_tcp,none,none,,1,17432,512,584,1785153453892565000,1785153453892565000,1785153453892565000,1785153453892566000,1785153453892674000,1785153453892676000,1785153453892676000,1785153453892676000,121932490,121652369,-172.121,0.000,0.000,1.000,2.000,0.000,0.000,33.000,0,0,0
B3_zmq_pushpull,zmq_tcp,none,none,,1,17433,512,584,1785153453893562000,1785153453893562000,1785153453893562000,1785153453893563000,1785153453893666000,1785153453893668000,1785153453893668000,1785153453893668000,121932490,121652369,-177.121,0.000,0.000,1.000,2.000,0.000,0.000,5.000,0,0,0
B3_zmq_pushpull,zmq_tcp,none,none,,1,17434,512,584,1785153453894568000,1785153453894569000,1785153453894569000,1785153453894570000,1785153453894640000,1785153453894644000,1785153453894644000,1785153453894644000,121932490,121652369,-210.121,1.000,0.000,1.000,4.000,0.000,0.000,33.000,0,0,0
B3_zmq_pushpull,zmq_tcp,none,none,,1,17435,512,584,1785153453895479000,1785153453895479000,1785153453895479000,1785153453895480000,1785153453895639000,1785153453895641000,1785153453895641000,1785153453895641000,121932490,121652369,-121.121,0.000,0.000,1.000,2.000,0.000,0.000,89.000,0,0,0
B3_zmq_pushpull,zmq_tcp,none,none,,1,17436,512,584,1785153453896588000,1785153453896589000,1785153453896589000,1785153453896590000,1785153453896767000,1785153453896769000,1785153453896769000,1785153453896769000,121932490,121652369,-103.121,1.000,0.000,1.000,2.000,0.000,0.000,18.000,0,0,0
B3_zmq_pushpull,zmq_tcp,none,none,,1,17437,512,584,1785153453897555000,1785153453897555000,1785153453897555000,1785153453897556000,1785153453897604000,1785153453897608000,1785153453897608000,1785153453897608000,121932490,121652369,-232.121,0.000,0.000,1.000,4.000,0.000,0.000,129.000,0,0,0
B3_zmq_pushpull,zmq_tcp,none,none,,1,17438,512,584,1785153453898437000,1785153453898437000,1785153453898437000,1785153453898438000,1785153453898588000,1785153453898591000,1785153453898591000,1785153453898591000,121932490,121652369,-130.121,0.000,0.000,1.000,3.000,0.000,0.000,102.000,0,0,0
B3_zmq_pushpull,zmq_tcp,none,none,,1,17439,512,584,1785153453899413000,1785153453899413000,1785153453899413000,1785153453899414000,1785153453899564000,1785153453899567000,1785153453899567000,1785153453899567000,121932490,121652369,-130.121,0.000,0.000,1.000,3.000,0.000,0.000,0.000,0,0,0
B3_zmq_pushpull,zmq_tcp,none,none,,1,17440,512,584,1785153453900396000,1785153453900396000,1785153453900396000,1785153453900397000,1785153453900551000,1785153453900553000,1785153453900554000,1785153453900554000,121932490,121652369,-126.121,0.000,0.000,1.000,2.000,1.000,0.000,4.000,0,0,0
B3_zmq_pushpull,zmq_tcp,none,none,,1,17441,512,584,1785153453901390000,1785153453901390000,1785153453901390000,1785153453901391000,1785153453901551000,1785153453901554000,1785153453901554000,1785153453901554000,121932490,121652369,-120.121,0.000,0.000,1.000,3.000,0.000,0.000,6.000,0,0,0
B3_zmq_pushpull,zmq_tcp,none,none,,1,17442,512,584,1785153453902609000,1785153453902609000,1785153453902609000,1785153453902610000,1785153453902657000,1785153453902660000,1785153453902660000,1785153453902661000,121932490,121652369,-233.121,0.000,0.000,1.000,3.000,0.000,1.000,113.000,0,0,0
B3_zmq_pushpull,zmq_tcp,none,none,,1,17443,512,584,1785153453903554000,1785153453903554000,1785153453903554000,1785153453903555000,1785153453903642000,1785153453903645000,1785153453903645000,1785153453903645000,121932490,121652369,-193.121,0.000,0.000,1.000,3.000,0.000,0.000,40.000,0,0,0
B3_zmq_pushpull,zmq_tcp,none,none,,1,17444,512,584,1785153453904565000,1785153453904565000,1785153453904566000,1785153453904566000,1785153453904622000,1785153453904625000,1785153453904625000,1785153453904625000,121932490,121652369,-224.121,0.000,1.000,0.000,3.000,0.000,0.000,31.000,0,0,0
B3_zmq_pushpull,zmq_tcp,none,none,,1,17445,512,584,1785153453905565000,1785153453905565000,1785153453905565000,1785153453905566000,1785153453905612000,1785153453905615000,1785153453905615000,1785153453905615000,121932490,121652369,-234.121,0.000,0.000,1.000,3.000,0.000,0.000,10.000,0,0,0
B3_zmq_pushpull,zmq_tcp,none,none,,1,17446,512,584,1785153453906565000,1785153453906565000,1785153453906566000,1785153453906566000,1785153453906728000,1785153453906731000,1785153453906731000,1785153453906731000,121932490,121652369,-118.121,0.000,1.000,0.000,3.000,0.000,0.000,116.000,0,0,0
B3_zmq_pushpull,zmq_tcp,none,none,,1,17447,512,584,1785153453907562000,1785153453907562000,1785153453907562000,1785153453907563000,1785153453907716000,1785153453907719000,1785153453907719000,1785153453907719000,121932490,121652369,-127.121,0.000,0.000,1.000,3.000,0.000,0.000,9.000,0,0,0
B3_zmq_pushpull,zmq_tcp,none,none,,1,17448,512,584,1785153453908412000,1785153453908412000,1785153453908412000,1785153453908413000,1785153453908572000,1785153453908575000,1785153453908575000,1785153453908575000,121932490,121652369,-121.121,0.000,0.000,1.000,3.000,0.000,0.000,6.000,0,0,0
B3_zmq_pushpull,zmq_tcp,none,none,,1,17449,512,584,1785153453909603000,1785153453909603000,1785153453909603000,1785153453909604000,1785153453909808000,1785153453909811000,1785153453909811000,1785153453909811000,121932490,121652369,-76.121,0.000,0.000,1.000,3.000,0.000,0.000,45.000,0,0,0
B3_zmq_pushpull,zmq_tcp,none,none,,1,17450,512,584,1785153453910553000,1785153453910553000,1785153453910553000,1785153453910554000,1785153453910663000,1785153453910666000,1785153453910666000,1785153453910666000,121932490,121652369,-171.121,0.000,0.000,1.000,3.000,0.000,0.000,95.000,0,0,0
B3_zmq_pushpull,zmq_tcp,none,none,,1,17451,512,584,1785153453911568000,1785153453911568000,1785153453911568000,1785153453911569000,1785153453911642000,1785153453911644000,1785153453911644000,1785153453911644000,121932490,121652369,-207.121,0.000,0.000,1.000,2.000,0.000,0.000,36.000,0,0,0
B3_zmq_pushpull,zmq_tcp,none,none,,1,17452,512,584,1785153453912565000,1785153453912565000,1785153453912565000,1785153453912566000,1785153453912618000,1785153453912621000,1785153453912621000,1785153453912621000,121932490,121652369,-228.121,0.000,0.000,1.000,3.000,0.000,0.000,21.000,0,0,0
B3_zmq_pushpull,zmq_tcp,none,none,,1,17453,512,584,1785153453913448000,1785153453913448000,1785153453913448000,1785153453913449000,1785153453913602000,1785153453913604000,1785153453913604000,1785153453913604000,121932490,121652369,-127.121,0.000,0.000,1.000,2.000,0.000,0.000,101.000,0,0,0
B3_zmq_pushpull,zmq_tcp,none,none,,1,17454,512,584,1785153453914432000,1785153453914432000,1785153453914432000,1785153453914433000,1785153453914591000,1785153453914594000,1785153453914594000,1785153453914594000,121932490,121652369,-122.121,0.000,0.000,1.000,3.000,0.000,0.000,5.000,0,0,0
B3_zmq_pushpull,zmq_tcp,none,none,,1,17455,512,584,1785153453915436000,1785153453915436000,1785153453915436000,1785153453915437000,1785153453915592000,1785153453915595000,1785153453915595000,1785153453915595000,121932490,121652369,-125.121,0.000,0.000,1.000,3.000,0.000,0.000,3.000,0,0,0
B3_zmq_pushpull,zmq_tcp,none,none,,1,17456,512,584,1785153453916408000,1785153453916408000,1785153453916408000,1785153453916409000,1785153453916559000,1785153453916562000,1785153453916562000,1785153453916562000,121932490,121652369,-130.121,0.000,0.000,1.000,3.000,0.000,0.000,5.000,0,0,0
B3_zmq_pushpull,zmq_tcp,none,none,,1,17457,512,584,1785153453917388000,1785153453917388000,1785153453917388000,1785153453917389000,1785153453917535000,1785153453917538000,1785153453917538000,1785153453917538000,121932490,121652369,-134.121,0.000,0.000,1.000,3.000,0.000,0.000,4.000,0,0,0
B3_zmq_pushpull,zmq_tcp,none,none,,1,17458,512,584,1785153453918606000,1785153453918606000,1785153453918606000,1785153453918607000,1785153453918653000,1785153453918656000,1785153453918656000,1785153453918656000,121932490,121652369,-234.121,0.000,0.000,1.000,3.000,0.000,0.000,100.000,0,0,0
B3_zmq_pushpull,zmq_tcp,none,none,,1,17459,512,584,1785153453919555000,1785153453919555000,1785153453919555000,1785153453919556000,1785153453919631000,1785153453919634000,1785153453919634000,1785153453919634000,121932490,121652369,-205.121,0.000,0.000,1.000,3.000,0.000,0.000,29.000,0,0,0
B3_zmq_pushpull,zmq_tcp,none,none,,1,17460,512,584,1785153453920568000,1785153453920568000,1785153453920568000,1785153453920569000,1785153453920730000,1785153453920732000,1785153453920732000,1785153453920732000,121932490,121652369,-119.121,0.000,0.000,1.000,2.000,0.000,0.000,86.000,0,0,0
B3_zmq_pushpull,zmq_tcp,none,none,,1,17461,512,584,1785153453921421000,1785153453921421000,1785153453921421000,1785153453921422000,1785153453921579000,1785153453921582000,1785153453921582000,1785153453921582000,121932490,121652369,-123.121,0.000,0.000,1.000,3.000,0.000,0.000,4.000,0,0,0
B3_zmq_pushpull,zmq_tcp,none,none,,1,17462,512,584,1785153453922411000,1785153453922411000,1785153453922411000,1785153453922412000,1785153453922555000,1785153453922558000,1785153453922558000,1785153453922558000,121932490,121652369,-137.121,0.000,0.000,1.000,3.000,0.000,0.000,14.000,0,0,0
B3_zmq_pushpull,zmq_tcp,none,none,,1,17463,512,584,1785153453923603000,1785153453923603000,1785153453923603000,1785153453923604000,1785153453923672000,1785153453923675000,1785153453923675000,1785153453923675000,121932490,121652369,-212.121,0.000,0.000,1.000,3.000,0.000,0.000,75.000,0,0,0
B3_zmq_pushpull,zmq_tcp,none,none,,1,17464,512,584,1785153453924554000,1785153453924554000,1785153453924554000,1785153453924555000,1785153453924647000,1785153453924650000,1785153453924650000,1785153453924650000,121932490,121652369,-188.121,0.000,0.000,1.000,3.000,0.000,0.000,24.000,0,0,0
B3_zmq_pushpull,zmq_tcp,none,none,,1,17465,512,584,1785153453925567000,1785153453925567000,1785153453925568000,1785153453925568000,1785153453925636000,1785153453925640000,1785153453925640000,1785153453925640000,121932490,121652369,-212.121,0.000,1.000,0.000,4.000,0.000,0.000,24.000,0,0,0
B3_zmq_pushpull,zmq_tcp,none,none,,1,17466,512,584,1785153453926566000,1785153453926566000,1785153453926566000,1785153453926567000,1785153453926613000,1785153453926616000,1785153453926616000,1785153453926616000,121932490,121652369,-234.121,0.000,0.000,1.000,3.000,0.000,0.000,22.000,0,0,0
B3_zmq_pushpull,zmq_tcp,none,none,,1,17467,512,584,1785153453927565000,1785153453927566000,1785153453927566000,1785153453927567000,1785153453927751000,1785153453927754000,1785153453927754000,1785153453927754000,121932490,121652369,-96.121,1.000,0.000,1.000,3.000,0.000,0.000,138.000,0,0,0
B3_zmq_pushpull,zmq_tcp,none,none,,1,17468,512,584,1785153453928564000,1785153453928564000,1785153453928564000,1785153453928565000,1785153453928732000,1785153453928736000,1785153453928736000,1785153453928736000,121932490,121652369,-113.121,0.000,0.000,1.000,4.000,0.000,0.000,17.000,0,0,0
B3_zmq_pushpull,zmq_tcp,none,none,,1,17469,512,584,1785153453929566000,1785153453929566000,1785153453929566000,1785153453929567000,1785153453929714000,1785153453929718000,1785153453929718000,1785153453929718000,121932490,121652369,-133.121,0.000,0.000,1.000,4.000,0.000,0.000,20.000,0,0,0
B3_zmq_pushpull,zmq_tcp,none,none,,1,17470,512,584,1785153453930417000,1785153453930417000,1785153453930417000,1785153453930418000,1785153453930576000,1785153453930579000,1785153453930579000,1785153453930579000,121932490,121652369,-122.121,0.000,0.000,1.000,3.000,0.000,0.000,11.000,0,0,0
B3_zmq_pushpull,zmq_tcp,none,none,,1,17471,512,584,1785153453931605000,1785153453931605000,1785153453931605000,1785153453931606000,1785153453931672000,1785153453931675000,1785153453931675000,1785153453931675000,121932490,121652369,-214.121,0.000,0.000,1.000,3.000,0.000,0.000,92.000,0,0,0
B3_zmq_pushpull,zmq_tcp,none,none,,1,17472,512,584,1785153453932551000,1785153453932552000,1785153453932552000,1785153453932553000,1785153453932635000,1785153453932638000,1785153453932638000,1785153453932638000,121932490,121652369,-198.121,1.000,0.000,1.000,3.000,0.000,0.000,16.000,0,0,0
B3_zmq_pushpull,zmq_tcp,none,none,,1,17473,512,584,1785153453933569000,1785153453933569000,1785153453933569000,1785153453933570000,1785153453933612000,1785153453933616000,1785153453933616000,1785153453933616000,121932490,121652369,-238.121,0.000,0.000,1.000,4.000,0.000,0.000,40.000,0,0,0
B3_zmq_pushpull,zmq_tcp,none,none,,1,17474,512,584,1785153453934565000,1785153453934565000,1785153453934565000,1785153453934566000,1785153453934608000,1785153453934611000,1785153453934611000,1785153453934611000,121932490,121652369,-238.121,0.000,0.000,1.000,3.000,0.000,0.000,0.000,0,0,0
B3_zmq_pushpull,zmq_tcp,none,none,,1,17475,512,584,1785153453935567000,1785153453935567000,1785153453935567000,1785153453935568000,1785153453935738000,1785153453935740000,1785153453935740000,1785153453935740000,121932490,121652369,-110.121,0.000,0.000,1.000,2.000,0.000,0.000,128.000,0,0,0
B3_zmq_pushpull,zmq_tcp,none,none,,1,17476,512,584,1785153453936565000,1785153453936565000,1785153453936565000,1785153453936566000,1785153453936723000,1785153453936726000,1785153453936726000,1785153453936726000,121932490,121652369,-123.121,0.000,0.000,1.000,3.000,0.000,0.000,13.000,0,0,0
B3_zmq_pushpull,zmq_tcp,none,none,,1,17477,512,584,1785153453937565000,1785153453937565000,1785153453937565000,1785153453937566000,1785153453937691000,1785153453937694000,1785153453937694000,1785153453937694000,121932490,121652369,-155.121,0.000,0.000,1.000,3.000,0.000,0.000,32.000,0,0,0
B3_zmq_pushpull,zmq_tcp,none,none,,1,17478,512,584,1785153453938567000,1785153453938567000,1785153453938567000,1785153453938568000,1785153453938658000,1785153453938661000,1785153453938661000,1785153453938661000,121932490,121652369,-190.121,0.000,0.000,1.000,3.000,0.000,0.000,35.000,0,0,0
B3_zmq_pushpull,zmq_tcp,none,none,,1,17479,512,584,1785153453939564000,1785153453939564000,1785153453939564000,1785153453939565000,1785153453939640000,1785153453939643000,1785153453939643000,1785153453939643000,121932490,121652369,-205.121,0.000,0.000,1.000,3.000,0.000,0.000,15.000,0,0,0
B3_zmq_pushpull,zmq_tcp,none,none,,1,17480,512,584,1785153453940562000,1785153453940562000,1785153453940562000,1785153453940563000,1785153453940615000,1785153453940618000,1785153453940618000,1785153453940618000,121932490,121652369,-228.121,0.000,0.000,1.000,3.000,0.000,0.000,23.000,0,0,0
B3_zmq_pushpull,zmq_tcp,none,none,,1,17481,512,584,1785153453941567000,1785153453941567000,1785153453941567000,1785153453941568000,1785153453941721000,1785153453941723000,1785153453941723000,1785153453941723000,121932490,121652369,-127.121,0.000,0.000,1.000,2.000,0.000,0.000,101.000,0,0,0
B3_zmq_pushpull,zmq_tcp,none,none,,1,17482,512,584,1785153453942565000,1785153453942565000,1785153453942565000,1785153453942566000,1785153453942720000,1785153453942724000,1785153453942724000,1785153453942724000,121932490,121652369,-126.121,0.000,0.000,1.000,4.000,0.000,0.000,1.000,0,0,0
B3_zmq_pushpull,zmq_tcp,none,none,,1,17483,512,584,1785153453943415000,1785153453943416000,1785153453943416000,1785153453943417000,1785153453943571000,1785153453943574000,1785153453943574000,1785153453943574000,121932490,121652369,-126.121,1.000,0.000,1.000,3.000,0.000,0.000,0.000,0,0,0
B3_zmq_pushpull,zmq_tcp,none,none,,1,17484,512,584,1785153453944605000,1785153453944605000,1785153453944605000,1785153453944606000,1785153453944695000,1785153453944698000,1785153453944698000,1785153453944698000,121932490,121652369,-191.121,0.000,0.000,1.000,3.000,0.000,0.000,65.000,0,0,0
B3_zmq_pushpull,zmq_tcp,none,none,,1,17485,512,584,1785153453945555000,1785153453945555000,1785153453945555000,1785153453945556000,1785153453945668000,1785153453945671000,1785153453945671000,1785153453945671000,121932490,121652369,-168.121,0.000,0.000,1.000,3.000,0.000,0.000,23.000,0,0,0
B3_zmq_pushpull,zmq_tcp,none,none,,1,17486,512,584,1785153453946567000,1785153453946568000,1785153453946568000,1785153453946569000,1785153453946629000,1785153453946631000,1785153453946631000,1785153453946631000,121932490,121652369,-220.121,1.000,0.000,1.000,2.000,0.000,0.000,52.000,0,0,0
B3_zmq_pushpull,zmq_tcp,none,none,,1,17487,512,584,1785153453947562000,1785153453947562000,1785153453947562000,1785153453947563000,1785153453947606000,1785153453947609000,1785153453947609000,1785153453947609000,121932490,121652369,-237.121,0.000,0.000,1.000,3.000,0.000,0.000,17.000,0,0,0
B3_zmq_pushpull,zmq_tcp,none,none,,1,17488,512,584,1785153453948566000,1785153453948566000,1785153453948566000,1785153453948567000,1785153453948740000,1785153453948743000,1785153453948743000,1785153453948743000,121932490,121652369,-107.121,0.000,0.000,1.000,3.000,0.000,0.000,130.000,0,0,0
B3_zmq_pushpull,zmq_tcp,none,none,,1,17489,512,584,1785153453949430000,1785153453949430000,1785153453949430000,1785153453949431000,1785153453949590000,1785153453949593000,1785153453949593000,1785153453949593000,121932490,121652369,-121.121,0.000,0.000,1.000,3.000,0.000,0.000,14.000,0,0,0
B3_zmq_pushpull,zmq_tcp,none,none,,1,17490,512,584,1785153453950601000,1785153453950601000,1785153453950601000,1785153453950602000,1785153453950711000,1785153453950713000,1785153453950713000,1785153453950713000,121932490,121652369,-171.121,0.000,0.000,1.000,2.000,0.000,0.000,50.000,0,0,0
B3_zmq_pushpull,zmq_tcp,none,none,,1,17491,512,584,1785153453951406000,1785153453951406000,1785153453951406000,1785153453951407000,1785153453951567000,1785153453951570000,1785153453951570000,1785153453951570000,121932490,121652369,-120.121,0.000,0.000,1.000,3.000,0.000,0.000,51.000,0,0,0
B3_zmq_pushpull,zmq_tcp,none,none,,1,17492,512,584,1785153453952422000,1785153453952422000,1785153453952422000,1785153453952423000,1785153453952581000,1785153453952586000,1785153453952586000,1785153453952586000,121932490,121652369,-122.121,0.000,0.000,1.000,5.000,0.000,0.000,2.000,0,0,0
B3_zmq_pushpull,zmq_tcp,none,none,,1,17493,512,584,1785153453953603000,1785153453953603000,1785153453953603000,1785153453953604000,1785153453953710000,1785153453953713000,1785153453953713000,1785153453953713000,121932490,121652369,-174.121,0.000,0.000,1.000,3.000,0.000,0.000,52.000,0,0,0
B3_zmq_pushpull,zmq_tcp,none,none,,1,17494,512,584,1785153453954553000,1785153453954553000,1785153453954553000,1785153453954554000,1785153453954678000,1785153453954680000,1785153453954681000,1785153453954681000,121932490,121652369,-156.121,0.000,0.000,1.000,2.000,1.000,0.000,18.000,0,0,0
B3_zmq_pushpull,zmq_tcp,none,none,,1,17495,512,584,1785153453955571000,1785153453955571000,1785153453955571000,1785153453955572000,1785153453955655000,1785153453955658000,1785153453955658000,1785153453955658000,121932490,121652369,-197.121,0.000,0.000,1.000,3.000,0.000,0.000,41.000,0,0,0
B3_zmq_pushpull,zmq_tcp,none,none,,1,17496,512,584,1785153453956566000,1785153453956566000,1785153453956566000,1785153453956567000,1785153453956644000,1785153453956647000,1785153453956647000,1785153453956647000,121932490,121652369,-203.121,0.000,0.000,1.000,3.000,0.000,0.000,6.000,0,0,0
B3_zmq_pushpull,zmq_tcp,none,none,,1,17497,512,584,1785153453957483000,1785153453957483000,1785153453957483000,1785153453957484000,1785153453957635000,1785153453957638000,1785153453957638000,1785153453957638000,121932490,121652369,-129.121,0.000,0.000,1.000,3.000,0.000,0.000,74.000,0,0,0
B3_zmq_pushpull,zmq_tcp,none,none,,1,17498,512,584,1785153453958586000,1785153453958586000,1785153453958586000,1785153453958587000,1785153453958636000,1785153453958640000,1785153453958641000,1785153453958641000,121932490,121652369,-231.121,0.000,0.000,1.000,4.000,1.000,0.000,102.000,0,0,0
B3_zmq_pushpull,zmq_tcp,none,none,,1,17499,512,584,1785153453959468000,1785153453959469000,1785153453959469000,1785153453959470000,1785153453959615000,1785153453959622000,1785153453959622000,1785153453959622000,121932490,121652369,-135.121,1.000,0.000,1.000,7.000,0.000,0.000,96.000,0,0,0
B3_zmq_pushpull,zmq_tcp,none,none,,1,17500,512,584,1785153453960592000,1785153453960592000,1785153453960592000,1785153453960593000,1785153453960746000,1785153453960749000,1785153453960749000,1785153453960749000,121932490,121652369,-127.121,0.000,0.000,1.000,3.000,0.000,0.000,8.000,0,0,0
B3_zmq_pushpull,zmq_tcp,none,none,,1,17501,512,584,1785153453961556000,1785153453961557000,1785153453961557000,1785153453961558000,1785153453961603000,1785153453961606000,1785153453961606000,1785153453961606000,121932490,121652369,-235.121,1.000,0.000,1.000,3.000,0.000,0.000,108.000,0,0,0
B3_zmq_pushpull,zmq_tcp,none,none,,1,17502,512,584,1785153453962569000,1785153453962569000,1785153453962569000,1785153453962570000,1785153453962740000,1785153453962743000,1785153453962743000,1785153453962743000,121932490,121652369,-110.121,0.000,0.000,1.000,3.000,0.000,0.000,125.000,0,0,0
B3_zmq_pushpull,zmq_tcp,none,none,,1,17503,512,584,1785153453963449000,1785153453963449000,1785153453963449000,1785153453963450000,1785153453963594000,1785153453963596000,1785153453963596000,1785153453963596000,121932490,121652369,-136.121,0.000,0.000,1.000,2.000,0.000,0.000,26.000,0,0,0
B3_zmq_pushpull,zmq_tcp,none,none,,1,17504,512,584,1785153453964595000,1785153453964595000,1785153453964595000,1785153453964596000,1785153453964713000,1785153453964716000,1785153453964716000,1785153453964716000,121932490,121652369,-163.121,0.000,0.000,1.000,3.000,0.000,0.000,27.000,0,0,0
B3_zmq_pushpull,zmq_tcp,none,none,,1,17505,512,584,1785153453965559000,1785153453965559000,1785153453965559000,1785153453965560000,1785153453965711000,1785153453965714000,1785153453965714000,1785153453965714000,121932490,121652369,-129.121,0.000,0.000,1.000,3.000,0.000,0.000,34.000,0,0,0
B3_zmq_pushpull,zmq_tcp,none,none,,1,17506,512,584,1785153453966567000,1785153453966567000,1785153453966567000,1785153453966568000,1785153453966712000,1785153453966715000,1785153453966715000,1785153453966715000,121932490,121652369,-136.121,0.000,0.000,1.000,3.000,0.000,0.000,7.000,0,0,0
B3_zmq_pushpull,zmq_tcp,none,none,,1,17507,512,584,1785153453967566000,1785153453967566000,1785153453967566000,1785153453967567000,1785153453967709000,1785153453967712000,1785153453967712000,1785153453967712000,121932490,121652369,-138.121,0.000,0.000,1.000,3.000,0.000,0.000,2.000,0,0,0
B3_zmq_pushpull,zmq_tcp,none,none,,1,17508,512,584,1785153453968565000,1785153453968565000,1785153453968565000,1785153453968566000,1785153453968704000,1785153453968707000,1785153453968707000,1785153453968707000,121932490,121652369,-142.121,0.000,0.000,1.000,3.000,0.000,0.000,4.000,0,0,0
B3_zmq_pushpull,zmq_tcp,none,none,,1,17509,512,584,1785153453969566000,1785153453969566000,1785153453969566000,1785153453969567000,1785153453969692000,1785153453969695000,1785153453969695000,1785153453969695000,121932490,121652369,-155.121,0.000,0.000,1.000,3.000,0.000,0.000,13.000,0,0,0
B3_zmq_pushpull,zmq_tcp,none,none,,1,17510,512,584,1785153453970566000,1785153453970566000,1785153453970566000,1785153453970567000,1785153453970702000,1785153453970704000,1785153453970704000,1785153453970704000,121932490,121652369,-145.121,0.000,0.000,1.000,2.000,0.000,0.000,10.000,0,0,0
B3_zmq_pushpull,zmq_tcp,none,none,,1,17511,512,584,1785153453971569000,1785153453971569000,1785153453971569000,1785153453971570000,1785153453971711000,1785153453971714000,1785153453971714000,1785153453971714000,121932490,121652369,-139.121,0.000,0.000,1.000,3.000,0.000,0.000,6.000,0,0,0
B3_zmq_pushpull,zmq_tcp,none,none,,1,17512,512,584,1785153453972565000,1785153453972565000,1785153453972565000,1785153453972566000,1785153453972720000,1785153453972723000,1785153453972723000,1785153453972723000,121932490,121652369,-126.121,0.000,0.000,1.000,3.000,0.000,0.000,13.000,0,0,0
B3_zmq_pushpull,zmq_tcp,none,none,,1,17513,512,584,1785153453973571000,1785153453973571000,1785153453973571000,1785153453973572000,1785153453973720000,1785153453973723000,1785153453973723000,1785153453973723000,121932490,121652369,-132.121,0.000,0.000,1.000,3.000,0.000,0.000,6.000,0,0,0
B3_zmq_pushpull,zmq_tcp,none,none,,1,17514,512,584,1785153453974564000,1785153453974564000,1785153453974564000,1785153453974565000,1785153453974719000,1785153453974722000,1785153453974722000,1785153453974722000,121932490,121652369,-126.121,0.000,0.000,1.000,3.000,0.000,0.000,6.000,0,0,0
B3_zmq_pushpull,zmq_tcp,none,none,,1,17515,512,584,1785153453975567000,1785153453975567000,1785153453975567000,1785153453975568000,1785153453975704000,1785153453975707000,1785153453975707000,1785153453975707000,121932490,121652369,-144.121,0.000,0.000,1.000,3.000,0.000,0.000,18.000,0,0,0
B3_zmq_pushpull,zmq_tcp,none,none,,1,17516,512,584,1785153453976562000,1785153453976562000,1785153453976562000,1785153453976563000,1785153453976691000,1785153453976693000,1785153453976693000,1785153453976693000,121932490,121652369,-152.121,0.000,0.000,1.000,2.000,0.000,0.000,8.000,0,0,0
B3_zmq_pushpull,zmq_tcp,none,none,,1,17517,512,584,1785153453977570000,1785153453977570000,1785153453977570000,1785153453977571000,1785153453977682000,1785153453977684000,1785153453977684000,1785153453977684000,121932490,121652369,-169.121,0.000,0.000,1.000,2.000,0.000,0.000,17.000,0,0,0
B3_zmq_pushpull,zmq_tcp,none,none,,1,17518,512,584,1785153453978564000,1785153453978565000,1785153453978565000,1785153453978566000,1785153453978682000,1785153453978684000,1785153453978684000,1785153453978684000,121932490,121652369,-164.121,1.000,0.000,1.000,2.000,0.000,0.000,5.000,0,0,0
B3_zmq_pushpull,zmq_tcp,none,none,,1,17519,512,584,1785153453979566000,1785153453979566000,1785153453979566000,1785153453979567000,1785153453979689000,1785153453979692000,1785153453979692000,1785153453979692000,121932490,121652369,-158.121,0.000,0.000,1.000,3.000,0.000,0.000,6.000,0,0,0
B3_zmq_pushpull,zmq_tcp,none,none,,1,17520,512,584,1785153453980563000,1785153453980563000,1785153453980563000,1785153453980564000,1785153453980691000,1785153453980694000,1785153453980694000,1785153453980694000,121932490,121652369,-153.121,0.000,0.000,1.000,3.000,0.000,0.000,5.000,0,0,0
B3_zmq_pushpull,zmq_tcp,none,none,,1,17521,512,584,1785153453981567000,1785153453981567000,1785153453981567000,1785153453981568000,1785153453981696000,1785153453981699000,1785153453981699000,1785153453981699000,121932490,121652369,-152.121,0.000,0.000,1.000,3.000,0.000,0.000,1.000,0,0,0
B3_zmq_pushpull,zmq_tcp,none,none,,1,17522,512,584,1785153453982566000,1785153453982566000,1785153453982566000,1785153453982567000,1785153453982700000,1785153453982703000,1785153453982703000,1785153453982703000,121932490,121652369,-147.121,0.000,0.000,1.000,3.000,0.000,0.000,5.000,0,0,0
B3_zmq_pushpull,zmq_tcp,none,none,,1,17523,512,584,1785153453983571000,1785153453983571000,1785153453983571000,1785153453983572000,1785153453983711000,1785153453983714000,1785153453983714000,1785153453983714000,121932490,121652369,-141.121,0.000,0.000,1.000,3.000,0.000,0.000,6.000,0,0,0
B3_zmq_pushpull,zmq_tcp,none,none,,1,17524,512,584,1785153453984560000,1785153453984560000,1785153453984560000,1785153453984561000,1785153453984719000,1785153453984727000,1785153453984727000,1785153453984727000,121932490,121652369,-122.121,0.000,0.000,1.000,8.000,0.000,0.000,19.000,0,0,0
B3_zmq_pushpull,zmq_tcp,none,none,,1,17525,512,584,1785153453985568000,1785153453985568000,1785153453985568000,1785153453985569000,1785153453985731000,1785153453985733000,1785153453985734000,1785153453985734000,121932490,121652369,-118.121,0.000,0.000,1.000,2.000,1.000,0.000,4.000,0,0,0
B3_zmq_pushpull,zmq_tcp,none,none,,1,17526,512,584,1785153453986566000,1785153453986566000,1785153453986566000,1785153453986567000,1785153453986724000,1785153453986727000,1785153453986727000,1785153453986727000,121932490,121652369,-123.121,0.000,0.000,1.000,3.000,0.000,0.000,5.000,0,0,0
B3_zmq_pushpull,zmq_tcp,none,none,,1,17527,512,584,1785153453987571000,1785153453987571000,1785153453987571000,1785153453987572000,1785153453987740000,1785153453987749000,1785153453987749000,1785153453987749000,121932490,121652369,-112.121,0.000,0.000,1.000,9.000,0.000,0.000,11.000,0,0,0
B3_zmq_pushpull,zmq_tcp,none,none,,1,17528,512,584,1785153453988562000,1785153453988562000,1785153453988562000,1785153453988563000,1785153453988601000,1785153453988604000,1785153453988604000,1785153453988604000,121932490,121652369,-242.121,0.000,0.000,1.000,3.000,0.000,0.000,130.000,0,0,0
B3_zmq_pushpull,zmq_tcp,none,none,,1,17529,512,584,1785153453989568000,1785153453989569000,1785153453989569000,1785153453989570000,1785153453989598000,1785153453989601000,1785153453989601000,1785153453989601000,121932490,121652369,-252.121,1.000,0.000,1.000,3.000,0.000,0.000,10.000,0,0,0
B3_zmq_pushpull,zmq_tcp,none,none,,1,17530,512,584,1785153453990450000,1785153453990450000,1785153453990450000,1785153453990451000,1785153453990610000,1785153453990612000,1785153453990612000,1785153453990612000,121932490,121652369,-121.121,0.000,0.000,1.000,2.000,0.000,0.000,131.000,0,0,0
B3_zmq_pushpull,zmq_tcp,none,none,,1,17531,512,584,1785153453991595000,1785153453991595000,1785153453991595000,1785153453991596000,1785153453991746000,1785153453991749000,1785153453991749000,1785153453991749000,121932490,121652369,-130.121,0.000,0.000,1.000,3.000,0.000,0.000,9.000,0,0,0
B3_zmq_pushpull,zmq_tcp,none,none,,1,17532,512,584,1785153453992448000,1785153453992448000,1785153453992448000,1785153453992449000,1785153453992607000,1785153453992610000,1785153453992610000,1785153453992610000,121932490,121652369,-122.121,0.000,0.000,1.000,3.000,0.000,0.000,8.000,0,0,0
B3_zmq_pushpull,zmq_tcp,none,none,,1,17533,512,584,1785153453993598000,1785153453993598000,1785153453993599000,1785153453993599000,1785153453993754000,1785153453993757000,1785153453993757000,1785153453993757000,121932490,121652369,-125.121,0.000,1.000,0.000,3.000,0.000,0.000,3.000,0,0,0
B3_zmq_pushpull,zmq_tcp,none,none,,1,17534,512,584,1785153453994458000,1785153453994458000,1785153453994458000,1785153453994459000,1785153453994602000,1785153453994604000,1785153453994604000,1785153453994604000,121932490,121652369,-137.121,0.000,0.000,1.000,2.000,0.000,0.000,12.000,0,0,0
B3_zmq_pushpull,zmq_tcp,none,none,,1,17535,512,584,1785153453995593000,1785153453995593000,1785153453995594000,1785153453995594000,1785153453995750000,1785153453995752000,1785153453995752000,1785153453995752000,121932490,121652369,-124.121,0.000,1.000,0.000,2.000,0.000,0.000,13.000,0,0,0
B3_zmq_pushpull,zmq_tcp,none,none,,1,17536,512,584,1785153453996558000,1785153453996558000,1785153453996558000,1785153453996559000,1785153453996594000,1785153453996597000,1785153453996597000,1785153453996597000,121932490,121652369,-245.121,0.000,0.000,1.000,3.000,0.000,0.000,121.000,0,0,0
B3_zmq_pushpull,zmq_tcp,none,none,,1,17537,512,584,1785153453997569000,1785153453997569000,1785153453997569000,1785153453997570000,1785153453997738000,1785153453997740000,1785153453997740000,1785153453997740000,121932490,121652369,-112.121,0.000,0.000,1.000,2.000,0.000,0.000,133.000,0,0,0
B3_zmq_pushpull,zmq_tcp,none,none,,1,17538,512,584,1785153453998566000,1785153453998566000,1785153453998566000,1785153453998567000,1785153453998612000,1785153453998615000,1785153453998615000,1785153453998615000,121932490,121652369,-235.121,0.000,0.000,1.000,3.000,0.000,0.000,123.000,0,0,0
B3_zmq_pushpull,zmq_tcp,none,none,,1,17539,512,584,1785153453999567000,1785153453999567000,1785153453999567000,1785153453999568000,1785153453999619000,1785153453999623000,1785153453999623000,1785153453999623000,121932490,121652369,-229.121,0.000,0.000,1.000,4.000,0.000,0.000,6.000,0,0,0
B3_zmq_pushpull,zmq_tcp,none,none,,1,17540,512,584,1785153454000566000,1785153454000566000,1785153454000566000,1785153454000567000,1785153454000619000,1785153454000623000,1785153454000623000,1785153454000623000,121932490,121652369,-228.121,0.000,0.000,1.000,4.000,0.000,0.000,1.000,0,0,0
B3_zmq_pushpull,zmq_tcp,none,none,,1,17541,512,584,1785153454001473000,1785153454001473000,1785153454001473000,1785153454001474000,1785153454001624000,1785153454001627000,1785153454001627000,1785153454001627000,121932490,121652369,-130.121,0.000,0.000,1.000,3.000,0.000,0.000,98.000,0,0,0
B3_zmq_pushpull,zmq_tcp,none,none,,1,17542,512,584,1785153454002590000,1785153454002590000,1785153454002590000,1785153454002591000,1785153454002774000,1785153454002776000,1785153454002777000,1785153454002777000,121932490,121652369,-97.121,0.000,0.000,1.000,2.000,1.000,0.000,33.000,0,0,0
B3_zmq_pushpull,zmq_tcp,none,none,,1,17543,512,584,1785153454003474000,1785153454003474000,1785153454003474000,1785153454003475000,1785153454003630000,1785153454003633000,1785153454003633000,1785153454003633000,121932490,121652369,-125.121,0.000,0.000,1.000,3.000,0.000,0.000,28.000,0,0,0
B3_zmq_pushpull,zmq_tcp,none,none,,1,17544,512,584,1785153454004590000,1785153454004590000,1785153454004590000,1785153454004591000,1785153454004636000,1785153454004639000,1785153454004639000,1785153454004639000,121932490,121652369,-235.121,0.000,0.000,1.000,3.000,0.000,0.000,110.000,0,0,0
B3_zmq_pushpull,zmq_tcp,none,none,,1,17545,512,584,1785153454005561000,1785153454005561000,1785153454005561000,1785153454005562000,1785153454005643000,1785153454005646000,1785153454005646000,1785153454005646000,121932490,121652369,-199.121,0.000,0.000,1.000,3.000,0.000,0.000,36.000,0,0,0
B3_zmq_pushpull,zmq_tcp,none,none,,1,17546,512,584,1785153454006570000,1785153454006570000,1785153454006570000,1785153454006571000,1785153454006651000,1785153454006654000,1785153454006654000,1785153454006654000,121932490,121652369,-200.121,0.000,0.000,1.000,3.000,0.000,0.000,1.000,0,0,0
B3_zmq_pushpull,zmq_tcp,none,none,,1,17547,512,584,1785153454007485000,1785153454007485000,1785153454007485000,1785153454007486000,1785153454007643000,1785153454007646000,1785153454007646000,1785153454007646000,121932490,121652369,-123.121,0.000,0.000,1.000,3.000,0.000,0.000,77.000,0,0,0
B3_zmq_pushpull,zmq_tcp,none,none,,1,17548,512,584,1785153454008590000,1785153454008590000,1785153454008590000,1785153454008591000,1785153454008637000,1785153454008640000,1785153454008640000,1785153454008640000,121932490,121652369,-234.121,0.000,0.000,1.000,3.000,0.000,0.000,111.000,0,0,0
B3_zmq_pushpull,zmq_tcp,none,none,,1,17549,512,584,1785153454009561000,1785153454009561000,1785153454009561000,1785153454009562000,1785153454009626000,1785153454009629000,1785153454009629000,1785153454009629000,121932490,121652369,-216.121,0.000,0.000,1.000,3.000,0.000,0.000,18.000,0,0,0
B3_zmq_pushpull,zmq_tcp,none,none,,1,17550,512,584,1785153454010568000,1785153454010568000,1785153454010568000,1785153454010569000,1785153454010613000,1785153454010617000,1785153454010617000,1785153454010617000,121932490,121652369,-236.121,0.000,0.000,1.000,4.000,0.000,0.000,20.000,0,0,0
B3_zmq_pushpull,zmq_tcp,none,none,,1,17551,512,584,1785153454011566000,1785153454011566000,1785153454011566000,1785153454011567000,1785153454011622000,1785153454011625000,1785153454011625000,1785153454011625000,121932490,121652369,-225.121,0.000,0.000,1.000,3.000,0.000,0.000,11.000,0,0,0
B3_zmq_pushpull,zmq_tcp,none,none,,1,17552,512,584,1785153454012455000,1785153454012455000,1785153454012455000,1785153454012456000,1785153454012614000,1785153454012617000,1785153454012617000,1785153454012617000,121932490,121652369,-122.121,0.000,0.000,1.000,3.000,0.000,0.000,103.000,0,0,0
B3_zmq_pushpull,zmq_tcp,none,none,,1,17553,512,584,1785153454013442000,1785153454013442000,1785153454013442000,1785153454013443000,1785153454013603000,1785153454013606000,1785153454013606000,1785153454013606000,121932490,121652369,-120.121,0.000,0.000,1.000,3.000,0.000,0.000,2.000,0,0,0
B3_zmq_pushpull,zmq_tcp,none,none,,1,17554,512,584,1785153454014597000,1785153454014597000,1785153454014597000,1785153454014598000,1785153454014754000,1785153454014756000,1785153454014756000,1785153454014756000,121932490,121652369,-124.121,0.000,0.000,1.000,2.000,0.000,0.000,4.000,0,0,0
B3_zmq_pushpull,zmq_tcp,none,none,,1,17555,512,584,1785153454015556000,1785153454015556000,1785153454015556000,1785153454015557000,1785153454015612000,1785153454015614000,1785153454015614000,1785153454015614000,121932490,121652369,-225.121,0.000,0.000,1.000,2.000,0.000,0.000,101.000,0,0,0
B3_zmq_pushpull,zmq_tcp,none,none,,1,17556,512,584,1785153454016569000,1785153454016569000,1785153454016569000,1785153454016570000,1785153454016611000,1785153454016614000,1785153454016614000,1785153454016614000,121932490,121652369,-239.121,0.000,0.000,1.000,3.000,0.000,0.000,14.000,0,0,0
B3_zmq_pushpull,zmq_tcp,none,none,,1,17557,512,584,1785153454017566000,1785153454017566000,1785153454017566000,1785153454017567000,1785153454017606000,1785153454017609000,1785153454017609000,1785153454017609000,121932490,121652369,-241.121,0.000,0.000,1.000,3.000,0.000,0.000,2.000,0,0,0
B3_zmq_pushpull,zmq_tcp,none,none,,1,17558,512,584,1785153454018566000,1785153454018567000,1785153454018567000,1785153454018568000,1785153454018610000,1785153454018613000,1785153454018613000,1785153454018613000,121932490,121652369,-238.121,1.000,0.000,1.000,3.000,0.000,0.000,3.000,0,0,0
B3_zmq_pushpull,zmq_tcp,none,none,,1,17559,512,584,1785153454019566000,1785153454019566000,1785153454019566000,1785153454019567000,1785153454019628000,1785153454019631000,1785153454019631000,1785153454019631000,121932490,121652369,-219.121,0.000,0.000,1.000,3.000,0.000,0.000,19.000,0,0,0
B3_zmq_pushpull,zmq_tcp,none,none,,1,17560,512,584,1785153454020567000,1785153454020567000,1785153454020567000,1785153454020568000,1785153454020628000,1785153454020632000,1785153454020632000,1785153454020632000,121932490,121652369,-220.121,0.000,0.000,1.000,4.000,0.000,0.000,1.000,0,0,0
B3_zmq_pushpull,zmq_tcp,none,none,,1,17561,512,584,1785153454021474000,1785153454021474000,1785153454021474000,1785153454021475000,1785153454021634000,1785153454021636000,1785153454021636000,1785153454021636000,121932490,121652369,-121.121,0.000,0.000,1.000,2.000,0.000,0.000,99.000,0,0,0
B3_zmq_pushpull,zmq_tcp,none,none,,1,17562,512,584,1785153454022589000,1785153454022589000,1785153454022589000,1785153454022590000,1785153454022770000,1785153454022773000,1785153454022773000,1785153454022773000,121932490,121652369,-100.121,0.000,0.000,1.000,3.000,0.000,0.000,21.000,0,0,0
B3_zmq_pushpull,zmq_tcp,none,none,,1,17563,512,584,1785153454023463000,1785153454023463000,1785153454023463000,1785153454023464000,1785153454023607000,1785153454023610000,1785153454023610000,1785153454023610000,121932490,121652369,-137.121,0.000,0.000,1.000,3.000,0.000,0.000,37.000,0,0,0
B3_zmq_pushpull,zmq_tcp,none,none,,1,17564,512,584,1785153454024593000,1785153454024593000,1785153454024593000,1785153454024594000,1785153454024738000,1785153454024740000,1785153454024740000,1785153454024740000,121932490,121652369,-136.121,0.000,0.000,1.000,2.000,0.000,0.000,1.000,0,0,0
B3_zmq_pushpull,zmq_tcp,none,none,,1,17565,512,584,1785153454025560000,1785153454025560000,1785153454025561000,1785153454025561000,1785153454025605000,1785153454025609000,1785153454025609000,1785153454025609000,121932490,121652369,-236.121,0.000,1.000,0.000,4.000,0.000,0.000,100.000,0,0,0
B3_zmq_pushpull,zmq_tcp,none,none,,1,17566,512,584,1785153454026447000,1785153454026447000,1785153454026447000,1785153454026448000,1785153454026607000,1785153454026610000,1785153454026610000,1785153454026610000,121932490,121652369,-121.121,0.000,0.000,1.000,3.000,0.000,0.000,115.000,0,0,0
B3_zmq_pushpull,zmq_tcp,none,none,,1,17567,512,584,1785153454027596000,1785153454027596000,1785153454027596000,1785153454027597000,1785153454027748000,1785153454027751000,1785153454027751000,1785153454027751000,121932490,121652369,-129.121,0.000,0.000,1.000,3.000,0.000,0.000,8.000,0,0,0
B3_zmq_pushpull,zmq_tcp,none,none,,1,17568,512,584,1785153454028561000,1785153454028561000,1785153454028561000,1785153454028562000,1785153454028619000,1785153454028622000,1785153454028622000,1785153454028622000,121932490,121652369,-223.121,0.000,0.000,1.000,3.000,0.000,0.000,94.000,0,0,0
B3_zmq_pushpull,zmq_tcp,none,none,,1,17569,512,584,1785153454029568000,1785153454029568000,1785153454029568000,1785153454029569000,1785153454029636000,1785153454029640000,1785153454029640000,1785153454029640000,121932490,121652369,-213.121,0.000,0.000,1.000,4.000,0.000,0.000,10.000,0,0,0
B3_zmq_pushpull,zmq_tcp,none,none,,1,17570,512,584,1785153454030565000,1785153454030565000,1785153454030565000,1785153454030566000,1785153454030634000,1785153454030636000,1785153454030636000,1785153454030636000,121932490,121652369,-212.121,0.000,0.000,1.000,2.000,0.000,0.000,1.000,0,0,0
B3_zmq_pushpull,zmq_tcp,none,none,,1,17571,512,584,1785153454031566000,1785153454031566000,1785153454031566000,1785153454031567000,1785153454031619000,1785153454031622000,1785153454031622000,1785153454031622000,121932490,121652369,-228.121,0.000,0.000,1.000,3.000,0.000,0.000,16.000,0,0,0
B3_zmq_pushpull,zmq_tcp,none,none,,1,17572,512,584,1785153454032571000,1785153454032571000,1785153454032571000,1785153454032572000,1785153454032742000,1785153454032744000,1785153454032744000,1785153454032744000,121932490,121652369,-110.121,0.000,0.000,1.000,2.000,0.000,0.000,118.000,0,0,0
B3_zmq_pushpull,zmq_tcp,none,none,,1,17573,512,584,1785153454033562000,1785153454033562000,1785153454033563000,1785153454033563000,1785153454033732000,1785153454033735000,1785153454033735000,1785153454033735000,121932490,121652369,-111.121,0.000,1.000,0.000,3.000,0.000,0.000,1.000,0,0,0
B3_zmq_pushpull,zmq_tcp,none,none,,1,17574,512,584,1785153454034568000,1785153454034568000,1785153454034568000,1785153454034569000,1785153454034730000,1785153454034733000,1785153454034733000,1785153454034733000,121932490,121652369,-119.121,0.000,0.000,1.000,3.000,0.000,0.000,8.000,0,0,0
B3_zmq_pushpull,zmq_tcp,none,none,,1,17575,512,584,1785153454035433000,1785153454035433000,1785153454035433000,1785153454035434000,1785153454035583000,1785153454035585000,1785153454035586000,1785153454035586000,121932490,121652369,-131.121,0.000,0.000,1.000,2.000,1.000,0.000,12.000,0,0,0
B3_zmq_pushpull,zmq_tcp,none,none,,1,17576,512,584,1785153454036600000,1785153454036600000,1785153454036600000,1785153454036601000,1785153454036726000,1785153454036729000,1785153454036729000,1785153454036730000,121932490,121652369,-155.121,0.000,0.000,1.000,3.000,0.000,1.000,24.000,0,0,0
B3_zmq_pushpull,zmq_tcp,none,none,,1,17577,512,584,1785153454037428000,1785153454037429000,1785153454037429000,1785153454037430000,1785153454037573000,1785153454037575000,1785153454037575000,1785153454037575000,121932490,121652369,-137.121,1.000,0.000,1.000,2.000,0.000,0.000,18.000,0,0,0
B3_zmq_pushpull,zmq_tcp,none,none,,1,17578,512,584,1785153454038601000,1785153454038601000,1785153454038601000,1785153454038602000,1785153454038701000,1785153454038704000,1785153454038704000,1785153454038704000,121932490,121652369,-181.121,0.000,0.000,1.000,3.000,0.000,0.000,44.000,0,0,0
B3_zmq_pushpull,zmq_tcp,none,none,,1,17579,512,584,1785153454039558000,1785153454039559000,1785153454039559000,1785153454039559000,1785153454039701000,1785153454039703000,1785153454039703000,1785153454039703000,121932490,121652369,-138.121,1.000,0.000,0.000,2.000,0.000,0.000,43.000,0,0,0
B3_zmq_pushpull,zmq_tcp,none,none,,1,17580,512,584,1785153454040572000,1785153454040573000,1785153454040573000,1785153454040573000,1785153454040714000,1785153454040717000,1785153454040717000,1785153454040717000,121932490,121652369,-139.121,1.000,0.000,0.000,3.000,0.000,0.000,1.000,0,0,0
B3_zmq_pushpull,zmq_tcp,none,none,,1,17581,512,584,1785153454041566000,1785153454041566000,1785153454041566000,1785153454041567000,1785153454041725000,1785153454041727000,1785153454041727000,1785153454041727000,121932490,121652369,-122.121,0.000,0.000,1.000,2.000,0.000,0.000,17.000,0,0,0
B3_zmq_pushpull,zmq_tcp,none,none,,1,17582,512,584,1785153454042568000,1785153454042568000,1785153454042568000,1785153454042569000,1785153454042725000,1785153454042727000,1785153454042727000,1785153454042727000,121932490,121652369,-124.121,0.000,0.000,1.000,2.000,0.000,0.000,2.000,0,0,0
B3_zmq_pushpull,zmq_tcp,none,none,,1,17583,512,584,1785153454043567000,1785153454043567000,1785153454043567000,1785153454043568000,1785153454043737000,1785153454043739000,1785153454043739000,1785153454043739000,121932490,121652369,-111.121,0.000,0.000,1.000,2.000,0.000,0.000,13.000,0,0,0
B3_zmq_pushpull,zmq_tcp,none,none,,1,17584,512,584,1785153454044437000,1785153454044438000,1785153454044438000,1785153454044439000,1785153454044593000,1785153454044595000,1785153454044595000,1785153454044595000,121932490,121652369,-126.121,1.000,0.000,1.000,2.000,0.000,0.000,15.000,0,0,0
B3_zmq_pushpull,zmq_tcp,none,none,,1,17585,512,584,1785153454045416000,1785153454045417000,1785153454045417000,1785153454045418000,1785153454045561000,1785153454045563000,1785153454045563000,1785153454045563000,121932490,121652369,-137.121,1.000,0.000,1.000,2.000,0.000,0.000,11.000,0,0,0
B3_zmq_pushpull,zmq_tcp,none,none,,1,17586,512,584,1785153454046606000,1785153454046606000,1785153454046606000,1785153454046607000,1785153454046680000,1785153454046682000,1785153454046682000,1785153454046682000,121932490,121652369,-207.121,0.000,0.000,1.000,2.000,0.000,0.000,70.000,0,0,0
B3_zmq_pushpull,zmq_tcp,none,none,,1,17587,512,584,1785153454047557000,1785153454047557000,1785153454047557000,1785153454047558000,1785153454047685000,1785153454047687000,1785153454047687000,1785153454047687000,121932490,121652369,-153.121,0.000,0.000,1.000,2.000,0.000,0.000,54.000,0,0,0
B3_zmq_pushpull,zmq_tcp,none,none,,1,17588,512,584,1785153454048569000,1785153454048569000,1785153454048569000,1785153454048570000,1785153454048679000,1785153454048681000,1785153454048681000,1785153454048681000,121932490,121652369,-171.121,0.000,0.000,1.000,2.000,0.000,0.000,18.000,0,0,0
B3_zmq_pushpull,zmq_tcp,none,none,,1,17589,512,584,1785153454049566000,1785153454049566000,1785153454049566000,1785153454049567000,1785153454049691000,1785153454049694000,1785153454049694000,1785153454049694000,121932490,121652369,-156.121,0.000,0.000,1.000,3.000,0.000,0.000,15.000,0,0,0
B3_zmq_pushpull,zmq_tcp,none,none,,1,17590,512,584,1785153454050566000,1785153454050566000,1785153454050566000,1785153454050567000,1785153454050694000,1785153454050697000,1785153454050697000,1785153454050697000,121932490,121652369,-153.121,0.000,0.000,1.000,3.000,0.000,0.000,3.000,0,0,0
B3_zmq_pushpull,zmq_tcp,none,none,,1,17591,512,584,1785153454051563000,1785153454051564000,1785153454051564000,1785153454051565000,1785153454051689000,1785153454051692000,1785153454051692000,1785153454051692000,121932490,121652369,-156.121,1.000,0.000,1.000,3.000,0.000,0.000,3.000,0,0,0
B3_zmq_pushpull,zmq_tcp,none,none,,1,17592,512,584,1785153454052384000,1785153454052385000,1785153454052385000,1785153454052386000,1785153454052520000,1785153454052523000,1785153454052523000,1785153454052523000,121932490,121652369,-146.121,1.000,0.000,1.000,3.000,0.000,0.000,10.000,0,0,0
B3_zmq_pushpull,zmq_tcp,none,none,,1,17593,512,584,1785153454053371000,1785153454053372000,1785153454053372000,1785153454053373000,1785153454053517000,1785153454053519000,1785153454053519000,1785153454053519000,121932490,121652369,-136.121,1.000,0.000,1.000,2.000,0.000,0.000,10.000,0,0,0
B3_zmq_pushpull,zmq_tcp,none,none,,1,17594,512,584,1785153454054493000,1785153454054493000,1785153454054493000,1785153454054494000,1785153454054651000,1785153454054654000,1785153454054654000,1785153454054654000,121932490,121652369,-123.121,0.000,0.000,1.000,3.000,0.000,0.000,13.000,0,0,0
B3_zmq_pushpull,zmq_tcp,none,none,,1,17595,512,584,1785153454055584000,1785153454055584000,1785153454055584000,1785153454055585000,1785153454055642000,1785153454055645000,1785153454055645000,1785153454055645000,121932490,121652369,-223.121,0.000,0.000,1.000,3.000,0.000,0.000,100.000,0,0,0
B3_zmq_pushpull,zmq_tcp,none,none,,1,17596,512,584,1785153454056497000,1785153454056497000,1785153454056497000,1785153454056498000,1785153454056646000,1785153454056649000,1785153454056649000,1785153454056649000,121932490,121652369,-132.121,0.000,0.000,1.000,3.000,0.000,0.000,91.000,0,0,0
B3_zmq_pushpull,zmq_tcp,none,none,,1,17597,512,584,1785153454057584000,1785153454057584000,1785153454057584000,1785153454057585000,1785153454057637000,1785153454057640000,1785153454057640000,1785153454057640000,121932490,121652369,-228.121,0.000,0.000,1.000,3.000,0.000,0.000,96.000,0,0,0
B3_zmq_pushpull,zmq_tcp,none,none,,1,17598,512,584,1785153454058559000,1785153454058559000,1785153454058559000,1785153454058560000,1785153454058623000,1785153454058626000,1785153454058626000,1785153454058627000,121932490,121652369,-217.121,0.000,0.000,1.000,3.000,0.000,1.000,11.000,0,0,0
B3_zmq_pushpull,zmq_tcp,none,none,,1,17599,512,584,1785153454059448000,1785153454059448000,1785153454059448000,1785153454059449000,1785153454059593000,1785153454059596000,1785153454059596000,1785153454059596000,121932490,121652369,-136.121,0.000,0.000,1.000,3.000,0.000,0.000,81.000,0,0,0
B3_zmq_pushpull,zmq_tcp,none,none,,1,17600,512,584,1785153454060440000,1785153454060440000,1785153454060440000,1785153454060441000,1785153454060598000,1785153454060601000,1785153454060601000,1785153454060601000,121932490,121652369,-123.121,0.000,0.000,1.000,3.000,0.000,0.000,13.000,0,0,0
B3_zmq_pushpull,zmq_tcp,none,none,,1,17601,512,584,1785153454061598000,1785153454061598000,1785153454061598000,1785153454061599000,1785153454061742000,1785153454061745000,1785153454061745000,1785153454061745000,121932490,121652369,-137.121,0.000,0.000,1.000,3.000,0.000,0.000,14.000,0,0,0
B3_zmq_pushpull,zmq_tcp,none,none,,1,17602,512,584,1785153454062560000,1785153454062560000,1785153454062560000,1785153454062561000,1785153454062619000,1785153454062622000,1785153454062622000,1785153454062622000,121932490,121652369,-222.121,0.000,0.000,1.000,3.000,0.000,0.000,85.000,0,0,0
B3_zmq_pushpull,zmq_tcp,none,none,,1,17603,512,584,1785153454063568000,1785153454063568000,1785153454063568000,1785153454063569000,1785153454063626000,1785153454063628000,1785153454063628000,1785153454063628000,121932490,121652369,-223.121,0.000,0.000,1.000,2.000,0.000,0.000,1.000,0,0,0
B3_zmq_pushpull,zmq_tcp,none,none,,1,17604,512,584,1785153454064471000,1785153454064471000,1785153454064471000,1785153454064472000,1785153454064625000,1785153454064629000,1785153454064629000,1785153454064629000,121932490,121652369,-127.121,0.000,0.000,1.000,4.000,0.000,0.000,96.000,0,0,0
B3_zmq_pushpull,zmq_tcp,none,none,,1,17605,512,584,1785153454065590000,1785153454065590000,1785153454065590000,1785153454065591000,1785153454065734000,1785153454065737000,1785153454065737000,1785153454065737000,121932490,121652369,-137.121,0.000,0.000,1.000,3.000,0.000,0.000,10.000,0,0,0
B3_zmq_pushpull,zmq_tcp,none,none,,1,17606,512,584,1785153454066559000,1785153454066559000,1785153454066559000,1785153454066560000,1785153454066599000,1785153454066601000,1785153454066601000,1785153454066601000,121932490,121652369,-241.121,0.000,0.000,1.000,2.000,0.000,0.000,104.000,0,0,0
B3_zmq_pushpull,zmq_tcp,none,none,,1,17607,512,584,1785153454067439000,1785153454067439000,1785153454067439000,1785153454067440000,1785153454067601000,1785153454067604000,1785153454067604000,1785153454067604000,121932490,121652369,-119.121,0.000,0.000,1.000,3.000,0.000,0.000,122.000,0,0,0
B3_zmq_pushpull,zmq_tcp,none,none,,1,17608,512,584,1785153454068450000,1785153454068450000,1785153454068450000,1785153454068451000,1785153454068600000,1785153454068603000,1785153454068603000,1785153454068603000,121932490,121652369,-131.121,0.000,0.000,1.000,3.000,0.000,0.000,12.000,0,0,0
B3_zmq_pushpull,zmq_tcp,none,none,,1,17609,512,584,1785153454069447000,1785153454069447000,1785153454069447000,1785153454069448000,1785153454069605000,1785153454069607000,1785153454069607000,1785153454069607000,121932490,121652369,-123.121,0.000,0.000,1.000,2.000,0.000,0.000,8.000,0,0,0
B3_zmq_pushpull,zmq_tcp,none,none,,1,17610,512,584,1785153454070599000,1785153454070599000,1785153454070599000,1785153454070600000,1785153454070769000,1785153454070772000,1785153454070772000,1785153454070772000,121932490,121652369,-111.121,0.000,0.000,1.000,3.000,0.000,0.000,12.000,0,0,0
B3_zmq_pushpull,zmq_tcp,none,none,,1,17611,512,584,1785153454071472000,1785153454071472000,1785153454071472000,1785153454071473000,1785153454071626000,1785153454071629000,1785153454071629000,1785153454071629000,121932490,121652369,-127.121,0.000,0.000,1.000,3.000,0.000,0.000,16.000,0,0,0
B3_zmq_pushpull,zmq_tcp,none,none,,1,17612,512,584,1785153454072591000,1785153454072591000,1785153454072591000,1785153454072592000,1785153454072754000,1785153454072757000,1785153454072757000,1785153454072757000,121932490,121652369,-118.121,0.000,0.000,1.000,3.000,0.000,0.000,9.000,0,0,0
B3_zmq_pushpull,zmq_tcp,none,none,,1,17613,512,584,1785153454073557000,1785153454073557000,1785153454073557000,1785153454073558000,1785153454073607000,1785153454073610000,1785153454073610000,1785153454073610000,121932490,121652369,-231.121,0.000,0.000,1.000,3.000,0.000,0.000,113.000,0,0,0
B3_zmq_pushpull,zmq_tcp,none,none,,1,17614,512,584,1785153454074569000,1785153454074570000,1785153454074570000,1785153454074571000,1785153454074615000,1785153454074619000,1785153454074619000,1785153454074619000,121932490,121652369,-236.121,1.000,0.000,1.000,4.000,0.000,0.000,5.000,0,0,0
B3_zmq_pushpull,zmq_tcp,none,none,,1,17615,512,584,1785153454075565000,1785153454075565000,1785153454075565000,1785153454075566000,1785153454075621000,1785153454075624000,1785153454075624000,1785153454075624000,121932490,121652369,-225.121,0.000,0.000,1.000,3.000,0.000,0.000,11.000,0,0,0
B3_zmq_pushpull,zmq_tcp,none,none,,1,17616,512,584,1785153454076568000,1785153454076568000,1785153454076568000,1785153454076569000,1785153454076645000,1785153454076648000,1785153454076648000,1785153454076648000,121932490,121652369,-204.121,0.000,0.000,1.000,3.000,0.000,0.000,21.000,0,0,0
B3_zmq_pushpull,zmq_tcp,none,none,,1,17617,512,584,1785153454077564000,1785153454077564000,1785153454077564000,1785153454077565000,1785153454077639000,1785153454077642000,1785153454077642000,1785153454077642000,121932490,121652369,-206.121,0.000,0.000,1.000,3.000,0.000,0.000,2.000,0,0,0
B3_zmq_pushpull,zmq_tcp,none,none,,1,17618,512,584,1785153454078568000,1785153454078568000,1785153454078568000,1785153454078569000,1785153454078643000,1785153454078646000,1785153454078646000,1785153454078646000,121932490,121652369,-206.121,0.000,0.000,1.000,3.000,0.000,0.000,0.000,0,0,0
B3_zmq_pushpull,zmq_tcp,none,none,,1,17619,512,584,1785153454079567000,1785153454079567000,1785153454079567000,1785153454079568000,1785153454079641000,1785153454079645000,1785153454079645000,1785153454079645000,121932490,121652369,-207.121,0.000,0.000,1.000,4.000,0.000,0.000,1.000,0,0,0
B3_zmq_pushpull,zmq_tcp,none,none,,1,17620,512,584,1785153454080567000,1785153454080567000,1785153454080567000,1785153454080568000,1785153454080632000,1785153454080635000,1785153454080635000,1785153454080635000,121932490,121652369,-216.121,0.000,0.000,1.000,3.000,0.000,0.000,9.000,0,0,0
B3_zmq_pushpull,zmq_tcp,none,none,,1,17621,512,584,1785153454081566000,1785153454081566000,1785153454081566000,1785153454081567000,1785153454081628000,1785153454081630000,1785153454081630000,1785153454081630000,121932490,121652369,-219.121,0.000,0.000,1.000,2.000,0.000,0.000,3.000,0,0,0
B3_zmq_pushpull,zmq_tcp,none,none,,1,17622,512,584,1785153454082567000,1785153454082567000,1785153454082567000,1785153454082568000,1785153454082642000,1785153454082645000,1785153454082645000,1785153454082645000,121932490,121652369,-206.121,0.000,0.000,1.000,3.000,0.000,0.000,13.000,0,0,0
B3_zmq_pushpull,zmq_tcp,none,none,,1,17623,512,584,1785153454083568000,1785153454083568000,1785153454083569000,1785153454083570000,1785153454083653000,1785153454083655000,1785153454083655000,1785153454083655000,121932490,121652369,-197.121,0.000,1.000,1.000,2.000,0.000,0.000,9.000,0,0,0
B3_zmq_pushpull,zmq_tcp,none,none,,1,17624,512,584,1785153454084562000,1785153454084562000,1785153454084562000,1785153454084563000,1785153454084666000,1785153454084669000,1785153454084669000,1785153454084669000,121932490,121652369,-177.121,0.000,0.000,1.000,3.000,0.000,0.000,20.000,0,0,0
B3_zmq_pushpull,zmq_tcp,none,none,,1,17625,512,584,1785153454085569000,1785153454085569000,1785153454085569000,1785153454085570000,1785153454085647000,1785153454085650000,1785153454085650000,1785153454085650000,121932490,121652369,-203.121,0.000,0.000,1.000,3.000,0.000,0.000,26.000,0,0,0
B3_zmq_pushpull,zmq_tcp,none,none,,1,17626,512,584,1785153454086567000,1785153454086567000,1785153454086567000,1785153454086568000,1785153454086622000,1785153454086625000,1785153454086625000,1785153454086625000,121932490,121652369,-226.121,0.000,0.000,1.000,3.000,0.000,0.000,23.000,0,0,0
B3_zmq_pushpull,zmq_tcp,none,none,,1,17627,512,584,1785153454087567000,1785153454087567000,1785153454087567000,1785153454087568000,1785153454087743000,1785153454087746000,1785153454087746000,1785153454087746000,121932490,121652369,-105.121,0.000,0.000,1.000,3.000,0.000,0.000,121.000,0,0,0
B3_zmq_pushpull,zmq_tcp,none,none,,1,17628,512,584,1785153454088432000,1785153454088432000,1785153454088432000,1785153454088433000,1785153454088589000,1785153454088592000,1785153454088592000,1785153454088592000,121932490,121652369,-124.121,0.000,0.000,1.000,3.000,0.000,0.000,19.000,0,0,0
B3_zmq_pushpull,zmq_tcp,none,none,,1,17629,512,584,1785153454089446000,1785153454089446000,1785153454089446000,1785153454089447000,1785153454089609000,1785153454089612000,1785153454089612000,1785153454089612000,121932490,121652369,-118.121,0.000,0.000,1.000,3.000,0.000,0.000,6.000,0,0,0
B3_zmq_pushpull,zmq_tcp,none,none,,1,17630,512,584,1785153454090596000,1785153454090597000,1785153454090597000,1785153454090598000,1785153454090741000,1785153454090743000,1785153454090743000,1785153454090743000,121932490,121652369,-137.121,1.000,0.000,1.000,2.000,0.000,0.000,19.000,0,0,0
B3_zmq_pushpull,zmq_tcp,none,none,,1,17631,512,584,1785153454091448000,1785153454091448000,1785153454091448000,1785153454091449000,1785153454091608000,1785153454091610000,1785153454091610000,1785153454091610000,121932490,121652369,-121.121,0.000,0.000,1.000,2.000,0.000,0.000,16.000,0,0,0
B3_zmq_pushpull,zmq_tcp,none,none,,1,17632,512,584,1785153454092596000,1785153454092596000,1785153454092596000,1785153454092597000,1785153454092758000,1785153454092762000,1785153454092762000,1785153454092762000,121932490,121652369,-119.121,0.000,0.000,1.000,4.000,0.000,0.000,2.000,0,0,0
B3_zmq_pushpull,zmq_tcp,none,none,,1,17633,512,584,1785153454093452000,1785153454093452000,1785153454093452000,1785153454093453000,1785153454093607000,1785153454093610000,1785153454093610000,1785153454093610000,121932490,121652369,-126.121,0.000,0.000,1.000,3.000,0.000,0.000,7.000,0,0,0
B3_zmq_pushpull,zmq_tcp,none,none,,1,17634,512,584,1785153454094596000,1785153454094596000,1785153454094596000,1785153454094597000,1785153454094743000,1785153454094747000,1785153454094747000,1785153454094747000,121932490,121652369,-134.121,0.000,0.000,1.000,4.000,0.000,0.000,8.000,0,0,0
B3_zmq_pushpull,zmq_tcp,none,none,,1,17635,512,584,1785153454095444000,1785153454095444000,1785153454095445000,1785153454095445000,1785153454095602000,1785153454095605000,1785153454095605000,1785153454095605000,121932490,121652369,-123.121,0.000,1.000,0.000,3.000,0.000,0.000,11.000,0,0,0
B3_zmq_pushpull,zmq_tcp,none,none,,1,17636,512,584,1785153454096597000,1785153454096598000,1785153454096598000,1785153454096599000,1785153454096754000,1785153454096757000,1785153454096757000,1785153454096757000,121932490,121652369,-125.121,1.000,0.000,1.000,3.000,0.000,0.000,2.000,0,0,0
B3_zmq_pushpull,zmq_tcp,none,none,,1,17637,512,584,1785153454097559000,1785153454097559000,1785153454097559000,1785153454097560000,1785153454097620000,1785153454097622000,1785153454097622000,1785153454097622000,121932490,121652369,-220.121,0.000,0.000,1.000,2.000,0.000,0.000,95.000,0,0,0
B3_zmq_pushpull,zmq_tcp,none,none,,1,17638,512,584,1785153454098569000,1785153454098570000,1785153454098570000,1785153454098570000,1785153454098619000,1785153454098622000,1785153454098622000,1785153454098622000,121932490,121652369,-231.121,1.000,0.000,0.000,3.000,0.000,0.000,11.000,0,0,0
B3_zmq_pushpull,zmq_tcp,none,none,,1,17639,512,584,1785153454099565000,1785153454099566000,1785153454099566000,1785153454099567000,1785153454099607000,1785153454099610000,1785153454099610000,1785153454099610000,121932490,121652369,-240.121,1.000,0.000,1.000,3.000,0.000,0.000,9.000,0,0,0
B3_zmq_pushpull,zmq_tcp,none,none,,1,17640,512,584,1785153454100567000,1785153454100567000,1785153454100567000,1785153454100568000,1785153454100610000,1785153454100613000,1785153454100613000,1785153454100613000,121932490,121652369,-238.121,0.000,0.000,1.000,3.000,0.000,0.000,2.000,0,0,0
B3_zmq_pushpull,zmq_tcp,none,none,,1,17641,512,584,1785153454101567000,1785153454101567000,1785153454101567000,1785153454101568000,1785153454101607000,1785153454101611000,1785153454101611000,1785153454101611000,121932490,121652369,-241.121,0.000,0.000,1.000,4.000,0.000,0.000,3.000,0,0,0
B3_zmq_pushpull,zmq_tcp,none,none,,1,17642,512,584,1785153454102462000,1785153454102462000,1785153454102462000,1785153454102463000,1785153454102610000,1785153454102613000,1785153454102613000,1785153454102613000,121932490,121652369,-133.121,0.000,0.000,1.000,3.000,0.000,0.000,108.000,0,0,0
B3_zmq_pushpull,zmq_tcp,none,none,,1,17643,512,584,1785153454103592000,1785153454103592000,1785153454103592000,1785153454103593000,1785153454103760000,1785153454103762000,1785153454103762000,1785153454103762000,121932490,121652369,-113.121,0.000,0.000,1.000,2.000,0.000,0.000,20.000,0,0,0
B3_zmq_pushpull,zmq_tcp,none,none,,1,17644,512,584,1785153454104560000,1785153454104560000,1785153454104560000,1785153454104561000,1785153454104623000,1785153454104626000,1785153454104627000,1785153454104627000,121932490,121652369,-218.121,0.000,0.000,1.000,3.000,1.000,0.000,105.000,0,0,0
B3_zmq_pushpull,zmq_tcp,none,none,,1,17645,512,584,1785153454105569000,1785153454105569000,1785153454105569000,1785153454105570000,1785153454105757000,1785153454105760000,1785153454105760000,1785153454105760000,121932490,121652369,-93.121,0.000,0.000,1.000,3.000,0.000,0.000,125.000,0,0,0
B3_zmq_pushpull,zmq_tcp,none,none,,1,17646,512,584,1785153454106458000,1785153454106458000,1785153454106458000,1785153454106459000,1785153454106603000,1785153454106605000,1785153454106605000,1785153454106605000,121932490,121652369,-136.121,0.000,0.000,1.000,2.000,0.000,0.000,43.000,0,0,0
B3_zmq_pushpull,zmq_tcp,none,none,,1,17647,512,584,1785153454107593000,1785153454107593000,1785153454107593000,1785153454107594000,1785153454107721000,1785153454107724000,1785153454107724000,1785153454107724000,121932490,121652369,-153.121,0.000,0.000,1.000,3.000,0.000,0.000,17.000,0,0,0
B3_zmq_pushpull,zmq_tcp,none,none,,1,17648,512,584,1785153454108560000,1785153454108560000,1785153454108560000,1785153454108561000,1785153454108721000,1785153454108724000,1785153454108724000,1785153454108724000,121932490,121652369,-120.121,0.000,0.000,1.000,3.000,0.000,0.000,33.000,0,0,0
B3_zmq_pushpull,zmq_tcp,none,none,,1,17649,512,584,1785153454109571000,1785153454109571000,1785153454109571000,1785153454109572000,1785153454109741000,1785153454109744000,1785153454109744000,1785153454109744000,121932490,121652369,-111.121,0.000,0.000,1.000,3.000,0.000,0.000,9.000,0,0,0
B3_zmq_pushpull,zmq_tcp,none,none,,1,17650,512,584,1785153454110563000,1785153454110563000,1785153454110563000,1785153454110564000,1785153454110619000,1785153454110622000,1785153454110622000,1785153454110622000,121932490,121652369,-225.121,0.000,0.000,1.000,3.000,0.000,0.000,114.000,0,0,0
B3_zmq_pushpull,zmq_tcp,none,none,,1,17651,512,584,1785153454111468000,1785153454111468000,1785153454111468000,1785153454111469000,1785153454111626000,1785153454111629000,1785153454111629000,1785153454111629000,121932490,121652369,-123.121,0.000,0.000,1.000,3.000,0.000,0.000,102.000,0,0,0
B3_zmq_pushpull,zmq_tcp,none,none,,1,17652,512,584,1785153454112592000,1785153454112592000,1785153454112592000,1785153454112593000,1785153454112765000,1785153454112767000,1785153454112768000,1785153454112768000,121932490,121652369,-108.121,0.000,0.000,1.000,2.000,1.000,0.000,15.000,0,0,0
B3_zmq_pushpull,zmq_tcp,none,none,,1,17653,512,584,1785153454113560000,1785153454113560000,1785153454113560000,1785153454113561000,1785153454113621000,1785153454113624000,1785153454113624000,1785153454113624000,121932490,121652369,-220.121,0.000,0.000,1.000,3.000,0.000,0.000,112.000,0,0,0
B3_zmq_pushpull,zmq_tcp,none,none,,1,17654,512,584,1785153454114568000,1785153454114568000,1785153454114568000,1785153454114569000,1785153454114611000,1785153454114615000,1785153454114615000,1785153454114615000,121932490,121652369,-238.121,0.000,0.000,1.000,4.000,0.000,0.000,18.000,0,0,0
B3_zmq_pushpull,zmq_tcp,none,none,,1,17655,512,584,1785153454115567000,1785153454115567000,1785153454115567000,1785153454115568000,1785153454115736000,1785153454115738000,1785153454115738000,1785153454115739000,121932490,121652369,-112.121,0.000,0.000,1.000,2.000,0.000,1.000,126.000,0,0,0
B3_zmq_pushpull,zmq_tcp,none,none,,1,17656,512,584,1785153454116567000,1785153454116567000,1785153454116567000,1785153454116568000,1785153454116617000,1785153454116621000,1785153454116621000,1785153454116621000,121932490,121652369,-231.121,0.000,0.000,1.000,4.000,0.000,0.000,119.000,0,0,0
B3_zmq_pushpull,zmq_tcp,none,none,,1,17657,512,584,1785153454117457000,1785153454117458000,1785153454117458000,1785153454117459000,1785153454117613000,1785153454117616000,1785153454117616000,1785153454117616000,121932490,121652369,-126.121,1.000,0.000,1.000,3.000,0.000,0.000,105.000,0,0,0
B3_zmq_pushpull,zmq_tcp,none,none,,1,17658,512,584,1785153454118594000,1785153454118594000,1785153454118594000,1785153454118595000,1785153454118736000,1785153454118738000,1785153454118738000,1785153454118738000,121932490,121652369,-139.121,0.000,0.000,1.000,2.000,0.000,0.000,13.000,0,0,0
B3_zmq_pushpull,zmq_tcp,none,none,,1,17659,512,584,1785153454119430000,1785153454119430000,1785153454119430000,1785153454119431000,1785153454119581000,1785153454119584000,1785153454119584000,1785153454119584000,121932490,121652369,-130.121,0.000,0.000,1.000,3.000,0.000,0.000,9.000,0,0,0
B3_zmq_pushpull,zmq_tcp,none,none,,1,17660,512,584,1785153454120403000,1785153454120404000,1785153454120404000,1785153454120405000,1785153454120557000,1785153454120560000,1785153454120560000,1785153454120560000,121932490,121652369,-128.121,1.000,0.000,1.000,3.000,0.000,0.000,2.000,0,0,0
B3_zmq_pushpull,zmq_tcp,none,none,,1,17661,512,584,1785153454121395000,1785153454121396000,1785153454121396000,1785153454121397000,1785153454121548000,1785153454121551000,1785153454121551000,1785153454121551000,121932490,121652369,-129.121,1.000,0.000,1.000,3.000,0.000,0.000,1.000,0,0,0
B3_zmq_pushpull,zmq_tcp,none,none,,1,17662,512,584,1785153454122608000,1785153454122608000,1785153454122609000,1785153454122609000,1785153454122655000,1785153454122658000,1785153454122658000,1785153454122658000,121932490,121652369,-234.121,0.000,1.000,0.000,3.000,0.000,0.000,105.000,0,0,0
B3_zmq_pushpull,zmq_tcp,none,none,,1,17663,512,584,1785153454123558000,1785153454123558000,1785153454123558000,1785153454123559000,1785153454123648000,1785153454123651000,1785153454123651000,1785153454123651000,121932490,121652369,-191.121,0.000,0.000,1.000,3.000,0.000,0.000,43.000,0,0,0
B3_zmq_pushpull,zmq_tcp,none,none,,1,17664,512,584,1785153454124564000,1785153454124564000,1785153454124564000,1785153454124565000,1785153454124640000,1785153454124644000,1785153454124644000,1785153454124644000,121932490,121652369,-205.121,0.000,0.000,1.000,4.000,0.000,0.000,14.000,0,0,0
B3_zmq_pushpull,zmq_tcp,none,none,,1,17665,512,584,1785153454125455000,1785153454125455000,1785153454125456000,1785153454125457000,1785153454125616000,1785153454125619000,1785153454125619000,1785153454125619000,121932490,121652369,-121.121,0.000,1.000,1.000,3.000,0.000,0.000,84.000,0,0,0
B3_zmq_pushpull,zmq_tcp,none,none,,1,17666,512,584,1785153454126596000,1785153454126596000,1785153454126597000,1785153454126597000,1785153454126720000,1785153454126723000,1785153454126723000,1785153454126723000,121932490,121652369,-157.121,0.000,1.000,0.000,3.000,0.000,0.000,36.000,0,0,0
B3_zmq_pushpull,zmq_tcp,none,none,,1,17667,512,584,1785153454127555000,1785153454127555000,1785153454127555000,1785153454127556000,1785153454127693000,1785153454127697000,1785153454127697000,1785153454127697000,121932490,121652369,-143.121,0.000,0.000,1.000,4.000,0.000,0.000,14.000,0,0,0
B3_zmq_pushpull,zmq_tcp,none,none,,1,17668,512,584,1785153454128389000,1785153454128389000,1785153454128389000,1785153454128391000,1785153454128532000,1785153454128535000,1785153454128535000,1785153454128535000,121932490,121652369,-139.121,0.000,0.000,2.000,3.000,0.000,0.000,4.000,0,0,0
B3_zmq_pushpull,zmq_tcp,none,none,,1,17669,512,584,1785153454129610000,1785153454129610000,1785153454129610000,1785153454129611000,1785153454129657000,1785153454129661000,1785153454129661000,1785153454129661000,121932490,121652369,-234.121,0.000,0.000,1.000,4.000,0.000,0.000,95.000,0,0,0
B3_zmq_pushpull,zmq_tcp,none,none,,1,17670,512,584,1785153454130552000,1785153454130553000,1785153454130553000,1785153454130554000,1785153454130653000,1785153454130656000,1785153454130656000,1785153454130656000,121932490,121652369,-181.121,1.000,0.000,1.000,3.000,0.000,0.000,53.000,0,0,0
B3_zmq_pushpull,zmq_tcp,none,none,,1,17671,512,584,1785153454131573000,1785153454131573000,1785153454131573000,1785153454131574000,1785153454131639000,1785153454131642000,1785153454131642000,1785153454131642000,121932490,121652369,-215.121,0.000,0.000,1.000,3.000,0.000,0.000,34.000,0,0,0
B3_zmq_pushpull,zmq_tcp,none,none,,1,17672,512,584,1785153454132564000,1785153454132565000,1785153454132565000,1785153454132566000,1785153454132741000,1785153454132744000,1785153454132744000,1785153454132744000,121932490,121652369,-105.121,1.000,0.000,1.000,3.000,0.000,0.000,110.000,0,0,0
B3_zmq_pushpull,zmq_tcp,none,none,,1,17673,512,584,1785153454133567000,1785153454133567000,1785153454133567000,1785153454133568000,1785153454133729000,1785153454133732000,1785153454133732000,1785153454133732000,121932490,121652369,-119.121,0.000,0.000,1.000,3.000,0.000,0.000,14.000,0,0,0
B3_zmq_pushpull,zmq_tcp,none,none,,1,17674,512,584,1785153454134565000,1785153454134565000,1785153454134565000,1785153454134566000,1785153454134707000,1785153454134709000,1785153454134709000,1785153454134709000,121932490,121652369,-139.121,0.000,0.000,1.000,2.000,0.000,0.000,20.000,0,0,0
B3_zmq_pushpull,zmq_tcp,none,none,,1,17675,512,584,1785153454135566000,1785153454135566000,1785153454135566000,1785153454135567000,1785153454135673000,1785153454135676000,1785153454135676000,1785153454135676000,121932490,121652369,-174.121,0.000,0.000,1.000,3.000,0.000,0.000,35.000,0,0,0
B3_zmq_pushpull,zmq_tcp,none,none,,1,17676,512,584,1785153454136566000,1785153454136566000,1785153454136567000,1785153454136567000,1785153454136660000,1785153454136663000,1785153454136663000,1785153454136663000,121932490,121652369,-187.121,0.000,1.000,0.000,3.000,0.000,0.000,13.000,0,0,0
B3_zmq_pushpull,zmq_tcp,none,none,,1,17677,512,584,1785153454137573000,1785153454137573000,1785153454137573000,1785153454137574000,1785153454137657000,1785153454137660000,1785153454137660000,1785153454137660000,121932490,121652369,-197.121,0.000,0.000,1.000,3.000,0.000,0.000,10.000,0,0,0
B3_zmq_pushpull,zmq_tcp,none,none,,1,17678,512,584,1785153454138560000,1785153454138560000,1785153454138561000,1785153454138561000,1785153454138622000,1785153454138624000,1785153454138624000,1785153454138624000,121932490,121652369,-219.121,0.000,1.000,0.000,2.000,0.000,0.000,22.000,0,0,0
B3_zmq_pushpull,zmq_tcp,none,none,,1,17679,512,584,1785153454139569000,1785153454139569000,1785153454139569000,1785153454139570000,1785153454139744000,1785153454139747000,1785153454139747000,1785153454139747000,121932490,121652369,-106.121,0.000,0.000,1.000,3.000,0.000,0.000,113.000,0,0,0
B3_zmq_pushpull,zmq_tcp,none,none,,1,17680,512,584,1785153454140564000,1785153454140564000,1785153454140565000,1785153454140565000,1785153454140730000,1785153454140732000,1785153454140732000,1785153454140732000,121932490,121652369,-115.121,0.000,1.000,0.000,2.000,0.000,0.000,9.000,0,0,0
B3_zmq_pushpull,zmq_tcp,none,none,,1,17681,512,584,1785153454141430000,1785153454141431000,1785153454141431000,1785153454141432000,1785153454141583000,1785153454141587000,1785153454141587000,1785153454141587000,121932490,121652369,-129.121,1.000,0.000,1.000,4.000,0.000,0.000,14.000,0,0,0
B3_zmq_pushpull,zmq_tcp,none,none,,1,17682,512,584,1785153454142409000,1785153454142409000,1785153454142409000,1785153454142410000,1785153454142560000,1785153454142563000,1785153454142563000,1785153454142563000,121932490,121652369,-130.121,0.000,0.000,1.000,3.000,0.000,0.000,1.000,0,0,0
B3_zmq_pushpull,zmq_tcp,none,none,,1,17683,512,584,1785153454143377000,1785153454143377000,1785153454143377000,1785153454143379000,1785153454143520000,1785153454143523000,1785153454143523000,1785153454143523000,121932490,121652369,-139.121,0.000,0.000,2.000,3.000,0.000,0.000,9.000,0,0,0
B3_zmq_pushpull,zmq_tcp,none,none,,1,17684,512,584,1785153454144614000,1785153454144614000,1785153454144614000,1785153454144615000,1785153454144764000,1785153454144767000,1785153454144767000,1785153454144767000,121932490,121652369,-131.121,0.000,0.000,1.000,3.000,0.000,0.000,8.000,0,0,0
B3_zmq_pushpull,zmq_tcp,none,none,,1,17685,512,584,1785153454145551000,1785153454145551000,1785153454145551000,1785153454145552000,1785153454145603000,1785153454145606000,1785153454145606000,1785153454145606000,121932490,121652369,-229.121,0.000,0.000,1.000,3.000,0.000,0.000,98.000,0,0,0
B3_zmq_pushpull,zmq_tcp,none,none,,1,17686,512,584,1785153454146572000,1785153454146573000,1785153454146573000,1785153454146574000,1785153454146743000,1785153454146745000,1785153454146745000,1785153454146745000,121932490,121652369,-111.121,1.000,0.000,1.000,2.000,0.000,0.000,118.000,0,0,0
B3_zmq_pushpull,zmq_tcp,none,none,,1,17687,512,584,1785153454147567000,1785153454147567000,1785153454147567000,1785153454147568000,1785153454147729000,1785153454147731000,1785153454147731000,1785153454147731000,121932490,121652369,-119.121,0.000,0.000,1.000,2.000,0.000,0.000,8.000,0,0,0
B3_zmq_pushpull,zmq_tcp,none,none,,1,17688,512,584,1785153454148566000,1785153454148566000,1785153454148566000,1785153454148567000,1785153454148724000,1785153454148728000,1785153454148728000,1785153454148728000,121932490,121652369,-123.121,0.000,0.000,1.000,4.000,0.000,0.000,4.000,0,0,0
B3_zmq_pushpull,zmq_tcp,none,none,,1,17689,512,584,1785153454149566000,1785153454149566000,1785153454149566000,1785153454149567000,1785153454149690000,1785153454149692000,1785153454149692000,1785153454149692000,121932490,121652369,-157.121,0.000,0.000,1.000,2.000,0.000,0.000,34.000,0,0,0
B3_zmq_pushpull,zmq_tcp,none,none,,1,17690,512,584,1785153454150567000,1785153454150567000,1785153454150567000,1785153454150568000,1785153454150666000,1785153454150668000,1785153454150668000,1785153454150668000,121932490,121652369,-182.121,0.000,0.000,1.000,2.000,0.000,0.000,25.000,0,0,0
B3_zmq_pushpull,zmq_tcp,none,none,,1,17691,512,584,1785153454151566000,1785153454151566000,1785153454151566000,1785153454151567000,1785153454151666000,1785153454151674000,1785153454151674000,1785153454151674000,121932490,121652369,-181.121,0.000,0.000,1.000,8.000,0.000,0.000,1.000,0,0,0
B3_zmq_pushpull,zmq_tcp,none,none,,1,17692,512,584,1785153454152566000,1785153454152566000,1785153454152566000,1785153454152567000,1785153454152651000,1785153454152655000,1785153454152655000,1785153454152655000,121932490,121652369,-196.121,0.000,0.000,1.000,4.000,0.000,0.000,15.000,0,0,0
B3_zmq_pushpull,zmq_tcp,none,none,,1,17693,512,584,1785153454153468000,1785153454153468000,1785153454153468000,1785153454153469000,1785153454153624000,1785153454153627000,1785153454153627000,1785153454153627000,121932490,121652369,-125.121,0.000,0.000,1.000,3.000,0.000,0.000,71.000,0,0,0
B3_zmq_pushpull,zmq_tcp,none,none,,1,17694,512,584,1785153454154590000,1785153454154590000,1785153454154590000,1785153454154591000,1785153454154726000,1785153454154730000,1785153454154730000,1785153454154730000,121932490,121652369,-145.121,0.000,0.000,1.000,4.000,0.000,0.000,20.000,0,0,0
B3_zmq_pushpull,zmq_tcp,none,none,,1,17695,512,584,1785153454155409000,1785153454155409000,1785153454155409000,1785153454155410000,1785153454155560000,1785153454155563000,1785153454155563000,1785153454155563000,121932490,121652369,-130.121,0.000,0.000,1.000,3.000,0.000,0.000,15.000,0,0,0
B3_zmq_pushpull,zmq_tcp,none,none,,1,17696,512,584,1785153454156385000,1785153454156385000,1785153454156385000,1785153454156386000,1785153454156539000,1785153454156542000,1785153454156542000,1785153454156542000,121932490,121652369,-127.121,0.000,0.000,1.000,3.000,0.000,0.000,3.000,0,0,0
B3_zmq_pushpull,zmq_tcp,none,none,,1,17697,512,584,1785153454157495000,1785153454157495000,1785153454157495000,1785153454157496000,1785153454157647000,1785153454157650000,1785153454157650000,1785153454157650000,121932490,121652369,-129.121,0.000,0.000,1.000,3.000,0.000,0.000,2.000,0,0,0
B3_zmq_pushpull,zmq_tcp,none,none,,1,17698,512,584,1785153454158480000,1785153454158480000,1785153454158480000,1785153454158481000,1785153454158640000,1785153454158643000,1785153454158643000,1785153454158643000,121932490,121652369,-121.121,0.000,0.000,1.000,3.000,0.000,0.000,8.000,0,0,0
B3_zmq_pushpull,zmq_tcp,none,none,,1,17699,512,584,1785153454159591000,1785153454159591000,1785153454159591000,1785153454159592000,1785153454159780000,1785153454159783000,1785153454159783000,1785153454159783000,121932490,121652369,-92.121,0.000,0.000,1.000,3.000,0.000,0.000,29.000,0,0,0
B3_zmq_pushpull,zmq_tcp,none,none,,1,17700,512,584,1785153454160559000,1785153454160559000,1785153454160559000,1785153454160560000,1785153454160620000,1785153454160624000,1785153454160624000,1785153454160624000,121932490,121652369,-220.121,0.000,0.000,1.000,4.000,0.000,0.000,128.000,0,0,0
B3_zmq_pushpull,zmq_tcp,none,none,,1,17701,512,584,1785153454161571000,1785153454161571000,1785153454161572000,1785153454161572000,1785153454161732000,1785153454161735000,1785153454161735000,1785153454161735000,121932490,121652369,-120.121,0.000,1.000,0.000,3.000,0.000,0.000,100.000,0,0,0
B3_zmq_pushpull,zmq_tcp,none,none,,1,17702,512,584,1785153454162421000,1785153454162421000,1785153454162421000,1785153454162422000,1785153454162575000,1785153454162578000,1785153454162578000,1785153454162578000,121932490,121652369,-127.121,0.000,0.000,1.000,3.000,0.000,0.000,7.000,0,0,0
B3_zmq_pushpull,zmq_tcp,none,none,,1,17703,512,584,1785153454163401000,1785153454163401000,1785153454163401000,1785153454163402000,1785153454163555000,1785153454163558000,1785153454163558000,1785153454163558000,121932490,121652369,-127.121,0.000,0.000,1.000,3.000,0.000,0.000,0.000,0,0,0
B3_zmq_pushpull,zmq_tcp,none,none,,1,17704,512,584,1785153454164380000,1785153454164380000,1785153454164380000,1785153454164381000,1785153454164535000,1785153454164537000,1785153454164537000,1785153454164537000,121932490,121652369,-126.121,0.000,0.000,1.000,2.000,0.000,0.000,1.000,0,0,0
B3_zmq_pushpull,zmq_tcp,none,none,,1,17705,512,584,1785153454165379000,1785153454165380000,1785153454165380000,1785153454165381000,1785153454165523000,1785153454165526000,1785153454165526000,1785153454165526000,121932490,121652369,-138.121,1.000,0.000,1.000,3.000,0.000,0.000,12.000,0,0,0
B3_zmq_pushpull,zmq_tcp,none,none,,1,17706,512,584,1785153454166492000,1785153454166492000,1785153454166492000,1785153454166493000,1785153454166631000,1785153454166633000,1785153454166633000,1785153454166633000,121932490,121652369,-142.121,0.000,0.000,1.000,2.000,0.000,0.000,4.000,0,0,0
B3_zmq_pushpull,zmq_tcp,none,none,,1,17707,512,584,1785153454167585000,1785153454167585000,1785153454167585000,1785153454167586000,1785153454167755000,1785153454167758000,1785153454167758000,1785153454167758000,121932490,121652369,-111.121,0.000,0.000,1.000,3.000,0.000,0.000,31.000,0,0,0
B3_zmq_pushpull,zmq_tcp,none,none,,1,17708,512,584,1785153454168563000,1785153454168563000,1785153454168563000,1785153454168564000,1785153454168609000,1785153454168612000,1785153454168612000,1785153454168612000,121932490,121652369,-235.121,0.000,0.000,1.000,3.000,0.000,0.000,124.000,0,0,0
B3_zmq_pushpull,zmq_tcp,none,none,,1,17709,512,584,1785153454169567000,1785153454169567000,1785153454169567000,1785153454169568000,1785153454169739000,1785153454169742000,1785153454169742000,1785153454169742000,121932490,121652369,-109.121,0.000,0.000,1.000,3.000,0.000,0.000,126.000,0,0,0
B3_zmq_pushpull,zmq_tcp,none,none,,1,17710,512,584,1785153454170563000,1785153454170563000,1785153454170563000,1785153454170564000,1785153454170738000,1785153454170740000,1785153454170740000,1785153454170740000,121932490,121652369,-106.121,0.000,0.000,1.000,2.000,0.000,0.000,3.000,0,0,0
B3_zmq_pushpull,zmq_tcp,none,none,,1,17711,512,584,1785153454171568000,1785153454171568000,1785153454171568000,1785153454171569000,1785153454171720000,1785153454171723000,1785153454171723000,1785153454171723000,121932490,121652369,-129.121,0.000,0.000,1.000,3.000,0.000,0.000,23.000,0,0,0
B3_zmq_pushpull,zmq_tcp,none,none,,1,17712,512,584,1785153454172569000,1785153454172569000,1785153454172569000,1785153454172570000,1785153454172727000,1785153454172730000,1785153454172730000,1785153454172730000,121932490,121652369,-123.121,0.000,0.000,1.000,3.000,0.000,0.000,6.000,0,0,0
B3_zmq_pushpull,zmq_tcp,none,none,,1,17713,512,584,1785153454173565000,1785153454173565000,1785153454173565000,1785153454173566000,1785153454173716000,1785153454173719000,1785153454173719000,1785153454173719000,121932490,121652369,-130.121,0.000,0.000,1.000,3.000,0.000,0.000,7.000,0,0,0
B3_zmq_pushpull,zmq_tcp,none,none,,1,17714,512,584,1785153454174414000,1785153454174414000,1785153454174414000,1785153454174415000,1785153454174574000,1785153454174576000,1785153454174576000,1785153454174576000,121932490,121652369,-121.121,0.000,0.000,1.000,2.000,0.000,0.000,9.000,0,0,0
B3_zmq_pushpull,zmq_tcp,none,none,,1,17715,512,584,1785153454175605000,1785153454175606000,1785153454175606000,1785153454175607000,1785153454175672000,1785153454175675000,1785153454175675000,1785153454175675000,121932490,121652369,-215.121,1.000,0.000,1.000,3.000,0.000,0.000,94.000,0,0,0
B3_zmq_pushpull,zmq_tcp,none,none,,1,17716,512,584,1785153454176555000,1785153454176555000,1785153454176555000,1785153454176556000,1785153454176619000,1785153454176622000,1785153454176622000,1785153454176622000,121932490,121652369,-217.121,0.000,0.000,1.000,3.000,0.000,0.000,2.000,0,0,0
B3_zmq_pushpull,zmq_tcp,none,none,,1,17717,512,584,1785153454177569000,1785153454177569000,1785153454177569000,1785153454177570000,1785153454177615000,1785153454177618000,1785153454177618000,1785153454177618000,121932490,121652369,-235.121,0.000,0.000,1.000,3.000,0.000,0.000,18.000,0,0,0
B3_zmq_pushpull,zmq_tcp,none,none,,1,17718,512,584,1785153454178566000,1785153454178566000,1785153454178566000,1785153454178567000,1785153454178739000,1785153454178742000,1785153454178742000,1785153454178742000,121932490,121652369,-108.121,0.000,0.000,1.000,3.000,0.000,0.000,127.000,0,0,0
B3_zmq_pushpull,zmq_tcp,none,none,,1,17719,512,584,1785153454179436000,1785153454179436000,1785153454179436000,1785153454179437000,1785153454179585000,1785153454179588000,1785153454179588000,1785153454179588000,121932490,121652369,-132.121,0.000,0.000,1.000,3.000,0.000,0.000,24.000,0,0,0
B3_zmq_pushpull,zmq_tcp,none,none,,1,17720,512,584,1785153454180406000,1785153454180406000,1785153454180406000,1785153454180407000,1785153454180566000,1785153454180568000,1785153454180568000,1785153454180568000,121932490,121652369,-121.121,0.000,0.000,1.000,2.000,0.000,0.000,11.000,0,0,0
B3_zmq_pushpull,zmq_tcp,none,none,,1,17721,512,584,1785153454181606000,1785153454181606000,1785153454181606000,1785153454181607000,1785153454181685000,1785153454181688000,1785153454181688000,1785153454181688000,121932490,121652369,-202.121,0.000,0.000,1.000,3.000,0.000,0.000,81.000,0,0,0
B3_zmq_pushpull,zmq_tcp,none,none,,1,17722,512,584,1785153454182559000,1785153454182559000,1785153454182559000,1785153454182560000,1785153454182652000,1785153454182655000,1785153454182655000,1785153454182655000,121932490,121652369,-188.121,0.000,0.000,1.000,3.000,0.000,0.000,14.000,0,0,0
B3_zmq_pushpull,zmq_tcp,none,none,,1,17723,512,584,1785153454183567000,1785153454183567000,1785153454183568000,1785153454183568000,1785153454183618000,1785153454183621000,1785153454183621000,1785153454183621000,121932490,121652369,-230.121,0.000,1.000,0.000,3.000,0.000,0.000,42.000,0,0,0
B3_zmq_pushpull,zmq_tcp,none,none,,1,17724,512,584,1785153454184428000,1785153454184428000,1785153454184428000,1785153454184429000,1785153454184573000,1785153454184575000,1785153454184575000,1785153454184575000,121932490,121652369,-136.121,0.000,0.000,1.000,2.000,0.000,0.000,94.000,0,0,0
B3_zmq_pushpull,zmq_tcp,none,none,,1,17725,512,584,1785153454185410000,1785153454185410000,1785153454185410000,1785153454185411000,1785153454185563000,1785153454185566000,1785153454185566000,1785153454185566000,121932490,121652369,-128.121,0.000,0.000,1.000,3.000,0.000,0.000,8.000,0,0,0
B3_zmq_pushpull,zmq_tcp,none,none,,1,17726,512,584,1785153454186398000,1785153454186398000,1785153454186398000,1785153454186399000,1785153454186555000,1785153454186558000,1785153454186558000,1785153454186558000,121932490,121652369,-124.121,0.000,0.000,1.000,3.000,0.000,0.000,4.000,0,0,0
B3_zmq_pushpull,zmq_tcp,none,none,,1,17727,512,584,1785153454187384000,1785153454187384000,1785153454187384000,1785153454187385000,1785153454187543000,1785153454187546000,1785153454187546000,1785153454187546000,121932490,121652369,-122.121,0.000,0.000,1.000,3.000,0.000,0.000,2.000,0,0,0
B3_zmq_pushpull,zmq_tcp,none,none,,1,17728,512,584,1785153454188615000,1785153454188615000,1785153454188615000,1785153454188616000,1785153454188792000,1785153454188794000,1785153454188794000,1785153454188794000,121932490,121652369,-104.121,0.000,0.000,1.000,2.000,0.000,0.000,18.000,0,0,0
B3_zmq_pushpull,zmq_tcp,none,none,,1,17729,512,584,1785153454189555000,1785153454189555000,1785153454189555000,1785153454189556000,1785153454189613000,1785153454189616000,1785153454189616000,1785153454189616000,121932490,121652369,-223.121,0.000,0.000,1.000,3.000,0.000,0.000,119.000,0,0,0
B3_zmq_pushpull,zmq_tcp,none,none,,1,17730,512,584,1785153454190566000,1785153454190566000,1785153454190566000,1785153454190567000,1785153454190735000,1785153454190738000,1785153454190738000,1785153454190738000,121932490,121652369,-112.121,0.000,0.000,1.000,3.000,0.000,0.000,111.000,0,0,0
B3_zmq_pushpull,zmq_tcp,none,none,,1,17731,512,584,1785153454191403000,1785153454191403000,1785153454191403000,1785153454191404000,1785153454191546000,1785153454191549000,1785153454191549000,1785153454191549000,121932490,121652369,-138.121,0.000,0.000,1.000,3.000,0.000,0.000,26.000,0,0,0
B3_zmq_pushpull,zmq_tcp,none,none,,1,17732,512,584,1785153454192378000,1785153454192378000,1785153454192378000,1785153454192379000,1785153454192530000,1785153454192532000,1785153454192532000,1785153454192532000,121932490,121652369,-129.121,0.000,0.000,1.000,2.000,0.000,0.000,9.000,0,0,0
B3_zmq_pushpull,zmq_tcp,none,none,,1,17733,512,584,1785153454193495000,1785153454193495000,1785153454193495000,1785153454193496000,1785153454193643000,1785153454193646000,1785153454193646000,1785153454193646000,121932490,121652369,-133.121,0.000,0.000,1.000,3.000,0.000,0.000,4.000,0,0,0
B3_zmq_pushpull,zmq_tcp,none,none,,1,17734,512,584,1785153454194586000,1785153454194586000,1785153454194586000,1785153454194587000,1785153454194647000,1785153454194650000,1785153454194650000,1785153454194650000,121932490,121652369,-220.121,0.000,0.000,1.000,3.000,0.000,0.000,87.000,0,0,0
B3_zmq_pushpull,zmq_tcp,none,none,,1,17735,512,584,1785153454195563000,1785153454195563000,1785153454195563000,1785153454195564000,1785153454195647000,1785153454195651000,1785153454195651000,1785153454195651000,121932490,121652369,-197.121,0.000,0.000,1.000,4.000,0.000,0.000,23.000,0,0,0
B3_zmq_pushpull,zmq_tcp,none,none,,1,17736,512,584,1785153454196567000,1785153454196568000,1785153454196568000,1785153454196569000,1785153454196621000,1785153454196625000,1785153454196625000,1785153454196625000,121932490,121652369,-228.121,1.000,0.000,1.000,4.000,0.000,0.000,31.000,0,0,0
B3_zmq_pushpull,zmq_tcp,none,none,,1,17737,512,584,1785153454197452000,1785153454197452000,1785153454197452000,1785153454197453000,1785153454197603000,1785153454197606000,1785153454197606000,1785153454197606000,121932490,121652369,-130.121,0.000,0.000,1.000,3.000,0.000,0.000,98.000,0,0,0
B3_zmq_pushpull,zmq_tcp,none,none,,1,17738,512,584,1785153454198429000,1785153454198429000,1785153454198429000,1785153454198430000,1785153454198580000,1785153454198583000,1785153454198583000,1785153454198583000,121932490,121652369,-130.121,0.000,0.000,1.000,3.000,0.000,0.000,0.000,0,0,0
B3_zmq_pushpull,zmq_tcp,none,none,,1,17739,512,584,1785153454199397000,1785153454199397000,1785153454199397000,1785153454199398000,1785153454199554000,1785153454199557000,1785153454199557000,1785153454199557000,121932490,121652369,-124.121,0.000,0.000,1.000,3.000,0.000,0.000,6.000,0,0,0
B3_zmq_pushpull,zmq_tcp,none,none,,1,17740,512,584,1785153454200372000,1785153454200372000,1785153454200372000,1785153454200373000,1785153454200528000,1785153454200531000,1785153454200531000,1785153454200531000,121932490,121652369,-125.121,0.000,0.000,1.000,3.000,0.000,0.000,1.000,0,0,0
B3_zmq_pushpull,zmq_tcp,none,none,,1,17741,512,584,1785153454201485000,1785153454201485000,1785153454201485000,1785153454201486000,1785153454201644000,1785153454201647000,1785153454201647000,1785153454201647000,121932490,121652369,-122.121,0.000,0.000,1.000,3.000,0.000,0.000,3.000,0,0,0
B3_zmq_pushpull,zmq_tcp,none,none,,1,17742,512,584,1785153454202590000,1785153454202590000,1785153454202590000,1785153454202591000,1785153454202750000,1785153454202752000,1785153454202752000,1785153454202752000,121932490,121652369,-121.121,0.000,0.000,1.000,2.000,0.000,0.000,1.000,0,0,0
B3_zmq_pushpull,zmq_tcp,none,none,,1,17743,512,584,1785153454203561000,1785153454203561000,1785153454203561000,1785153454203562000,1785153454203724000,1785153454203727000,1785153454203727000,1785153454203728000,121932490,121652369,-118.121,0.000,0.000,1.000,3.000,0.000,1.000,3.000,0,0,0
B3_zmq_pushpull,zmq_tcp,none,none,,1,17744,512,584,1785153454204423000,1785153454204423000,1785153454204423000,1785153454204424000,1785153454204575000,1785153454204578000,1785153454204578000,1785153454204578000,121932490,121652369,-129.121,0.000,0.000,1.000,3.000,0.000,0.000,11.000,0,0,0
B3_zmq_pushpull,zmq_tcp,none,none,,1,17745,512,584,1785153454205400000,1785153454205400000,1785153454205400000,1785153454205401000,1785153454205551000,1785153454205554000,1785153454205554000,1785153454205554000,121932490,121652369,-130.121,0.000,0.000,1.000,3.000,0.000,0.000,1.000,0,0,0
B3_zmq_pushpull,zmq_tcp,none,none,,1,17746,512,584,1785153454206379000,1785153454206379000,1785153454206379000,1785153454206380000,1785153454206534000,1785153454206536000,1785153454206536000,1785153454206536000,121932490,121652369,-126.121,0.000,0.000,1.000,2.000,0.000,0.000,4.000,0,0,0
B3_zmq_pushpull,zmq_tcp,none,none,,1,17747,512,584,1785153454207370000,1785153454207371000,1785153454207371000,1785153454207372000,1785153454207512000,1785153454207515000,1785153454207515000,1785153454207515000,121932490,121652369,-140.121,1.000,0.000,1.000,3.000,0.000,0.000,14.000,0,0,0
B3_zmq_pushpull,zmq_tcp,none,none,,1,17748,512,584,1785153454208472000,1785153454208472000,1785153454208472000,1785153454208473000,1785153454208620000,1785153454208622000,1785153454208622000,1785153454208622000,121932490,121652369,-133.121,0.000,0.000,1.000,2.000,0.000,0.000,7.000,0,0,0
B3_zmq_pushpull,zmq_tcp,none,none,,1,17749,512,584,1785153454209438000,1785153454209439000,1785153454209439000,1785153454209440000,1785153454209599000,1785153454209602000,1785153454209602000,1785153454209602000,121932490,121652369,-121.121,1.000,0.000,1.000,3.000,0.000,0.000,12.000,0,0,0
B3_zmq_pushpull,zmq_tcp,none,none,,1,17750,512,584,1785153454210598000,1785153454210598000,1785153454210598000,1785153454210599000,1785153454210719000,1785153454210722000,1785153454210722000,1785153454210722000,121932490,121652369,-160.121,0.000,0.000,1.000,3.000,0.000,0.000,39.000,0,0,0
B3_zmq_pushpull,zmq_tcp,none,none,,1,17751,512,584,1785153454211558000,1785153454211558000,1785153454211558000,1785153454211559000,1785153454211694000,1785153454211697000,1785153454211697000,1785153454211697000,121932490,121652369,-145.121,0.000,0.000,1.000,3.000,0.000,0.000,15.000,0,0,0
B3_zmq_pushpull,zmq_tcp,none,none,,1,17752,512,584,1785153454212569000,1785153454212569000,1785153454212569000,1785153454212570000,1785153454212681000,1785153454212683000,1785153454212683000,1785153454212683000,121932490,121652369,-169.121,0.000,0.000,1.000,2.000,0.000,0.000,24.000,0,0,0
B3_zmq_pushpull,zmq_tcp,none,none,,1,17753,512,584,1785153454213568000,1785153454213568000,1785153454213568000,1785153454213569000,1785153454213649000,1785153454213651000,1785153454213651000,1785153454213651000,121932490,121652369,-200.121,0.000,0.000,1.000,2.000,0.000,0.000,31.000,0,0,0
B3_zmq_pushpull,zmq_tcp,none,none,,1,17754,512,584,1785153454214566000,1785153454214567000,1785153454214567000,1785153454214568000,1785153454214645000,1785153454214648000,1785153454214648000,1785153454214648000,121932490,121652369,-203.121,1.000,0.000,1.000,3.000,0.000,0.000,3.000,0,0,0
B3_zmq_pushpull,zmq_tcp,none,none,,1,17755,512,584,1785153454215483000,1785153454215483000,1785153454215483000,1785153454215484000,1785153454215641000,1785153454215643000,1785153454215643000,1785153454215643000,121932490,121652369,-123.121,0.000,0.000,1.000,2.000,0.000,0.000,80.000,0,0,0
B3_zmq_pushpull,zmq_tcp,none,none,,1,17756,512,584,1785153454216589000,1785153454216589000,1785153454216589000,1785153454216590000,1785153454216645000,1785153454216647000,1785153454216647000,1785153454216647000,121932490,121652369,-225.121,0.000,0.000,1.000,2.000,0.000,0.000,102.000,0,0,0
B3_zmq_pushpull,zmq_tcp,none,none,,1,17757,512,584,1785153454217562000,1785153454217562000,1785153454217562000,1785153454217563000,1785153454217626000,1785153454217629000,1785153454217629000,1785153454217629000,121932490,121652369,-217.121,0.000,0.000,1.000,3.000,0.000,0.000,8.000,0,0,0
B3_zmq_pushpull,zmq_tcp,none,none,,1,17758,512,584,1785153454218567000,1785153454218568000,1785153454218568000,1785153454218569000,1785153454218751000,1785153454218754000,1785153454218754000,1785153454218754000,121932490,121652369,-98.121,1.000,0.000,1.000,3.000,0.000,0.000,119.000,0,0,0
B3_zmq_pushpull,zmq_tcp,none,none,,1,17759,512,584,1785153454219428000,1785153454219428000,1785153454219429000,1785153454219430000,1785153454219571000,1785153454219574000,1785153454219574000,1785153454219574000,121932490,121652369,-139.121,0.000,1.000,1.000,3.000,0.000,0.000,41.000,0,0,0
B3_zmq_pushpull,zmq_tcp,none,none,,1,17760,512,584,1785153454220601000,1785153454220601000,1785153454220601000,1785153454220602000,1785153454220676000,1785153454220679000,1785153454220679000,1785153454220679000,121932490,121652369,-206.121,0.000,0.000,1.000,3.000,0.000,0.000,67.000,0,0,0
B3_zmq_pushpull,zmq_tcp,none,none,,1,17761,512,584,1785153454221561000,1785153454221561000,1785153454221561000,1785153454221562000,1785153454221673000,1785153454221675000,1785153454221675000,1785153454221675000,121932490,121652369,-169.121,0.000,0.000,1.000,2.000,0.000,0.000,37.000,0,0,0
B3_zmq_pushpull,zmq_tcp,none,none,,1,17762,512,584,1785153454222570000,1785153454222570000,1785153454222570000,1785153454222571000,1785153454222654000,1785153454222657000,1785153454222657000,1785153454222657000,121932490,121652369,-197.121,0.000,0.000,1.000,3.000,0.000,0.000,28.000,0,0,0
B3_zmq_pushpull,zmq_tcp,none,none,,1,17763,512,584,1785153454223565000,1785153454223565000,1785153454223565000,1785153454223566000,1785153454223641000,1785153454223644000,1785153454223644000,1785153454223644000,121932490,121652369,-205.121,0.000,0.000,1.000,3.000,0.000,0.000,8.000,0,0,0
B3_zmq_pushpull,zmq_tcp,none,none,,1,17764,512,584,1785153454224568000,1785153454224568000,1785153454224568000,1785153454224569000,1785153454224619000,1785153454224622000,1785153454224622000,1785153454224622000,121932490,121652369,-230.121,0.000,0.000,1.000,3.000,0.000,0.000,25.000,0,0,0
B3_zmq_pushpull,zmq_tcp,none,none,,1,17765,512,584,1785153454225566000,1785153454225566000,1785153454225566000,1785153454225567000,1785153454225727000,1785153454225730000,1785153454225730000,1785153454225730000,121932490,121652369,-120.121,0.000,0.000,1.000,3.000,0.000,0.000,110.000,0,0,0
B3_zmq_pushpull,zmq_tcp,none,none,,1,17766,512,584,1785153454226566000,1785153454226567000,1785153454226567000,1785153454226568000,1785153454226714000,1785153454226717000,1785153454226717000,1785153454226717000,121932490,121652369,-134.121,1.000,0.000,1.000,3.000,0.000,0.000,14.000,0,0,0
B3_zmq_pushpull,zmq_tcp,none,none,,1,17767,512,584,1785153454227389000,1785153454227389000,1785153454227389000,1785153454227390000,1785153454227543000,1785153454227546000,1785153454227547000,1785153454227547000,121932490,121652369,-127.121,0.000,0.000,1.000,3.000,1.000,0.000,7.000,0,0,0
B3_zmq_pushpull,zmq_tcp,none,none,,1,17768,512,584,1785153454228614000,1785153454228614000,1785153454228614000,1785153454228615000,1785153454228791000,1785153454228794000,1785153454228794000,1785153454228794000,121932490,121652369,-104.121,0.000,0.000,1.000,3.000,0.000,0.000,23.000,0,0,0
B3_zmq_pushpull,zmq_tcp,none,none,,1,17769,512,584,1785153454229554000,1785153454229554000,1785153454229554000,1785153454229555000,1785153454229641000,1785153454229643000,1785153454229643000,1785153454229643000,121932490,121652369,-194.121,0.000,0.000,1.000,2.000,0.000,0.000,90.000,0,0,0
B3_zmq_pushpull,zmq_tcp,none,none,,1,17770,512,584,1785153454230572000,1785153454230573000,1785153454230573000,1785153454230574000,1785153454230751000,1785153454230754000,1785153454230754000,1785153454230754000,121932490,121652369,-103.121,1.000,0.000,1.000,3.000,0.000,0.000,91.000,0,0,0
B3_zmq_pushpull,zmq_tcp,none,none,,1,17771,512,584,1785153454231561000,1785153454231561000,1785153454231561000,1785153454231562000,1785153454231723000,1785153454231726000,1785153454231726000,1785153454231726000,121932490,121652369,-119.121,0.000,0.000,1.000,3.000,0.000,0.000,16.000,0,0,0
B3_zmq_pushpull,zmq_tcp,none,none,,1,17772,512,584,1785153454232567000,1785153454232568000,1785153454232568000,1785153454232569000,1785153454232673000,1785153454232675000,1785153454232675000,1785153454232675000,121932490,121652369,-176.121,1.000,0.000,1.000,2.000,0.000,0.000,57.000,0,0,0
B3_zmq_pushpull,zmq_tcp,none,none,,1,17773,512,584,1785153454233566000,1785153454233566000,1785153454233566000,1785153454233567000,1785153454233638000,1785153454233641000,1785153454233641000,1785153454233641000,121932490,121652369,-209.121,0.000,0.000,1.000,3.000,0.000,0.000,33.000,0,0,0
B3_zmq_pushpull,zmq_tcp,none,none,,1,17774,512,584,1785153454234571000,1785153454234571000,1785153454234571000,1785153454234572000,1785153454234639000,1785153454234642000,1785153454234642000,1785153454234642000,121932490,121652369,-213.121,0.000,0.000,1.000,3.000,0.000,0.000,4.000,0,0,0
B3_zmq_pushpull,zmq_tcp,none,none,,1,17775,512,584,1785153454235564000,1785153454235565000,1785153454235565000,1785153454235566000,1785153454235632000,1785153454235636000,1785153454235636000,1785153454235636000,121932490,121652369,-214.121,1.000,0.000,1.000,4.000,0.000,0.000,1.000,0,0,0
B3_zmq_pushpull,zmq_tcp,none,none,,1,17776,512,584,1785153454236568000,1785153454236568000,1785153454236568000,1785153454236569000,1785153454236747000,1785153454236750000,1785153454236750000,1785153454236750000,121932490,121652369,-102.121,0.000,0.000,1.000,3.000,0.000,0.000,112.000,0,0,0
B3_zmq_pushpull,zmq_tcp,none,none,,1,17777,512,584,1785153454237566000,1785153454237566000,1785153454237566000,1785153454237567000,1785153454237736000,1785153454237739000,1785153454237739000,1785153454237739000,121932490,121652369,-111.121,0.000,0.000,1.000,3.000,0.000,0.000,9.000,0,0,0
B3_zmq_pushpull,zmq_tcp,none,none,,1,17778,512,584,1785153454238567000,1785153454238567000,1785153454238567000,1785153454238568000,1785153454238719000,1785153454238722000,1785153454238722000,1785153454238722000,121932490,121652369,-129.121,0.000,0.000,1.000,3.000,0.000,0.000,18.000,0,0,0
B3_zmq_pushpull,zmq_tcp,none,none,,1,17779,512,584,1785153454239408000,1785153454239408000,1785153454239408000,1785153454239409000,1785153454239565000,1785153454239567000,1785153454239567000,1785153454239567000,121932490,121652369,-124.121,0.000,0.000,1.000,2.000,0.000,0.000,5.000,0,0,0
B3_zmq_pushpull,zmq_tcp,none,none,,1,17780,512,584,1785153454240393000,1785153454240393000,1785153454240393000,1785153454240394000,1785153454240547000,1785153454240549000,1785153454240549000,1785153454240549000,121932490,121652369,-127.121,0.000,0.000,1.000,2.000,0.000,0.000,3.000,0,0,0
B3_zmq_pushpull,zmq_tcp,none,none,,1,17781,512,584,1785153454241384000,1785153454241384000,1785153454241384000,1785153454241385000,1785153454241542000,1785153454241545000,1785153454241545000,1785153454241545000,121932490,121652369,-123.121,0.000,0.000,1.000,3.000,0.000,0.000,4.000,0,0,0
B3_zmq_pushpull,zmq_tcp,none,none,,1,17782,512,584,1785153454242373000,1785153454242373000,1785153454242373000,1785153454242374000,1785153454242531000,1785153454242534000,1785153454242534000,1785153454242534000,121932490,121652369,-123.121,0.000,0.000,1.000,3.000,0.000,0.000,0.000,0,0,0
B3_zmq_pushpull,zmq_tcp,none,none,,1,17783,512,584,1785153454243612000,1785153454243612000,1785153454243612000,1785153454243613000,1785153454243773000,1785153454243775000,1785153454243775000,1785153454243775000,121932490,121652369,-120.121,0.000,0.000,1.000,2.000,0.000,0.000,3.000,0,0,0
B3_zmq_pushpull,zmq_tcp,none,none,,1,17784,512,584,1785153454244461000,1785153454244461000,1785153454244461000,1785153454244462000,1785153454244619000,1785153454244622000,1785153454244622000,1785153454244622000,121932490,121652369,-123.121,0.000,0.000,1.000,3.000,0.000,0.000,3.000,0,0,0
B3_zmq_pushpull,zmq_tcp,none,none,,1,17785,512,584,1785153454245461000,1785153454245461000,1785153454245461000,1785153454245462000,1785153454245613000,1785153454245616000,1785153454245616000,1785153454245616000,121932490,121652369,-129.121,0.000,0.000,1.000,3.000,0.000,0.000,6.000,0,0,0
B3_zmq_pushpull,zmq_tcp,none,none,,1,17786,512,584,1785153454246439000,1785153454246439000,1785153454246439000,1785153454246440000,1785153454246590000,1785153454246593000,1785153454246593000,1785153454246593000,121932490,121652369,-130.121,0.000,0.000,1.000,3.000,0.000,0.000,1.000,0,0,0
B3_zmq_pushpull,zmq_tcp,none,none,,1,17787,512,584,1785153454247424000,1785153454247425000,1785153454247425000,1785153454247426000,1785153454247569000,1785153454247572000,1785153454247572000,1785153454247572000,121932490,121652369,-137.121,1.000,0.000,1.000,3.000,0.000,0.000,7.000,0,0,0
B3_zmq_pushpull,zmq_tcp,none,none,,1,17788,512,584,1785153454248602000,1785153454248602000,1785153454248602000,1785153454248603000,1785153454248694000,1785153454248697000,1785153454248697000,1785153454248697000,121932490,121652369,-189.121,0.000,0.000,1.000,3.000,0.000,0.000,52.000,0,0,0
B3_zmq_pushpull,zmq_tcp,none,none,,1,17789,512,584,1785153454249556000,1785153454249557000,1785153454249557000,1785153454249558000,1785153454249665000,1785153454249667000,1785153454249667000,1785153454249667000,121932490,121652369,-173.121,1.000,0.000,1.000,2.000,0.000,0.000,16.000,0,0,0
B3_zmq_pushpull,zmq_tcp,none,none,,1,17790,512,584,1785153454250569000,1785153454250569000,1785153454250569000,1785153454250570000,1785153454250745000,1785153454250747000,1785153454250747000,1785153454250747000,121932490,121652369,-105.121,0.000,0.000,1.000,2.000,0.000,0.000,68.000,0,0,0
B3_zmq_pushpull,zmq_tcp,none,none,,1,17791,512,584,1785153454251571000,1785153454251572000,1785153454251572000,1785153454251573000,1785153454251725000,1785153454251728000,1785153454251728000,1785153454251728000,121932490,121652369,-128.121,1.000,0.000,1.000,3.000,0.000,0.000,23.000,0,0,0
B3_zmq_pushpull,zmq_tcp,none,none,,1,17792,512,584,1785153454252565000,1785153454252565000,1785153454252565000,1785153454252566000,1785153454252686000,1785153454252689000,1785153454252689000,1785153454252689000,121932490,121652369,-160.121,0.000,0.000,1.000,3.000,0.000,0.000,32.000,0,0,0
B3_zmq_pushpull,zmq_tcp,none,none,,1,17793,512,584,1785153454253565000,1785153454253565000,1785153454253565000,1785153454253566000,1785153454253657000,1785153454253660000,1785153454253660000,1785153454253660000,121932490,121652369,-189.121,0.000,0.000,1.000,3.000,0.000,0.000,29.000,0,0,0
B3_zmq_pushpull,zmq_tcp,none,none,,1,17794,512,584,1785153454254485000,1785153454254486000,1785153454254486000,1785153454254487000,1785153454254638000,1785153454254641000,1785153454254641000,1785153454254641000,121932490,121652369,-129.121,1.000,0.000,1.000,3.000,0.000,0.000,60.000,0,0,0
B3_zmq_pushpull,zmq_tcp,none,none,,1,17795,512,584,1785153454255473000,1785153454255473000,1785153454255473000,1785153454255474000,1785153454255625000,1785153454255628000,1785153454255628000,1785153454255628000,121932490,121652369,-129.121,0.000,0.000,1.000,3.000,0.000,0.000,0.000,0,0,0
B3_zmq_pushpull,zmq_tcp,none,none,,1,17796,512,584,1785153454256590000,1785153454256591000,1785153454256591000,1785153454256592000,1785153454256742000,1785153454256744000,1785153454256744000,1785153454256744000,121932490,121652369,-130.121,1.000,0.000,1.000,2.000,0.000,0.000,1.000,0,0,0
B3_zmq_pushpull,zmq_tcp,none,none,,1,17797,512,584,1785153454257431000,1785153454257431000,1785153454257431000,1785153454257432000,1785153454257582000,1785153454257585000,1785153454257585000,1785153454257585000,121932490,121652369,-130.121,0.000,0.000,1.000,3.000,0.000,0.000,0.000,0,0,0
B3_zmq_pushpull,zmq_tcp,none,none,,1,17798,512,584,1785153454258398000,1785153454258398000,1785153454258398000,1785153454258399000,1785153454258546000,1785153454258549000,1785153454258549000,1785153454258549000,121932490,121652369,-133.121,0.000,0.000,1.000,3.000,0.000,0.000,3.000,0,0,0
B3_zmq_pushpull,zmq_tcp,none,none,,1,17799,512,584,1785153454259609000,1785153454259609000,1785153454259609000,1785153454259610000,1785153454259685000,1785153454259688000,1785153454259688000,1785153454259688000,121932490,121652369,-205.121,0.000,0.000,1.000,3.000,0.000,0.000,72.000,0,0,0
B3_zmq_pushpull,zmq_tcp,none,none,,1,17800,512,584,1785153454260553000,1785153454260553000,1785153454260553000,1785153454260554000,1785153454260660000,1785153454260662000,1785153454260662000,1785153454260662000,121932490,121652369,-174.121,0.000,0.000,1.000,2.000,0.000,0.000,31.000,0,0,0
B3_zmq_pushpull,zmq_tcp,none,none,,1,17801,512,584,1785153454261570000,1785153454261571000,1785153454261571000,1785153454261572000,1785153454261626000,1785153454261629000,1785153454261629000,1785153454261629000,121932490,121652369,-226.121,1.000,0.000,1.000,3.000,0.000,0.000,52.000,0,0,0
B3_zmq_pushpull,zmq_tcp,none,none,,1,17802,512,584,1785153454262566000,1785153454262567000,1785153454262567000,1785153454262568000,1785153454262621000,1785153454262625000,1785153454262625000,1785153454262625000,121932490,121652369,-227.121,1.000,0.000,1.000,4.000,0.000,0.000,1.000,0,0,0
B3_zmq_pushpull,zmq_tcp,none,none,,1,17803,512,584,1785153454263568000,1785153454263568000,1785153454263568000,1785153454263569000,1785153454263753000,1785153454263755000,1785153454263755000,1785153454263755000,121932490,121652369,-96.121,0.000,0.000,1.000,2.000,0.000,0.000,131.000,0,0,0
B3_zmq_pushpull,zmq_tcp,none,none,,1,17804,512,584,1785153454264436000,1785153454264436000,1785153454264436000,1785153454264437000,1785153454264594000,1785153454264597000,1785153454264597000,1785153454264597000,121932490,121652369,-123.121,0.000,0.000,1.000,3.000,0.000,0.000,27.000,0,0,0
B3_zmq_pushpull,zmq_tcp,none,none,,1,17805,512,584,1785153454265602000,1785153454265602000,1785153454265602000,1785153454265603000,1785153454265726000,1785153454265729000,1785153454265729000,1785153454265729000,121932490,121652369,-157.121,0.000,0.000,1.000,3.000,0.000,0.000,34.000,0,0,0
B3_zmq_pushpull,zmq_tcp,none,none,,1,17806,512,584,1785153454266557000,1785153454266557000,1785153454266557000,1785153454266558000,1785153454266686000,1785153454266689000,1785153454266689000,1785153454266689000,121932490,121652369,-152.121,0.000,0.000,1.000,3.000,0.000,0.000,5.000,0,0,0
B3_zmq_pushpull,zmq_tcp,none,none,,1,17807,512,584,1785153454267569000,1785153454267569000,1785153454267569000,1785153454267570000,1785153454267666000,1785153454267669000,1785153454267669000,1785153454267669000,121932490,121652369,-184.121,0.000,0.000,1.000,3.000,0.000,0.000,32.000,0,0,0
B3_zmq_pushpull,zmq_tcp,none,none,,1,17808,512,584,1785153454268564000,1785153454268564000,1785153454268564000,1785153454268565000,1785153454268632000,1785153454268634000,1785153454268634000,1785153454268634000,121932490,121652369,-213.121,0.000,0.000,1.000,2.000,0.000,0.000,29.000,0,0,0
B3_zmq_pushpull,zmq_tcp,none,none,,1,17809,512,584,1785153454269571000,1785153454269571000,1785153454269571000,1785153454269572000,1785153454269627000,1785153454269630000,1785153454269630000,1785153454269630000,121932490,121652369,-225.121,0.000,0.000,1.000,3.000,0.000,0.000,12.000,0,0,0
B3_zmq_pushpull,zmq_tcp,none,none,,1,17810,512,584,1785153454270453000,1785153454270454000,1785153454270454000,1785153454270455000,1785153454270603000,1785153454270606000,1785153454270606000,1785153454270606000,121932490,121652369,-132.121,1.000,0.000,1.000,3.000,0.000,0.000,93.000,0,0,0
B3_zmq_pushpull,zmq_tcp,none,none,,1,17811,512,584,1785153454271596000,1785153454271597000,1785153454271597000,1785153454271598000,1785153454271724000,1785153454271726000,1785153454271726000,1785153454271726000,121932490,121652369,-154.121,1.000,0.000,1.000,2.000,0.000,0.000,22.000,0,0,0
B3_zmq_pushpull,zmq_tcp,none,none,,1,17812,512,584,1785153454272559000,1785153454272559000,1785153454272559000,1785153454272560000,1785153454272708000,1785153454272710000,1785153454272710000,1785153454272710000,121932490,121652369,-132.121,0.000,0.000,1.000,2.000,0.000,0.000,22.000,0,0,0
B3_zmq_pushpull,zmq_tcp,none,none,,1,17813,512,584,1785153454273569000,1785153454273569000,1785153454273569000,1785153454273570000,1785153454273669000,1785153454273672000,1785153454273672000,1785153454273672000,121932490,121652369,-181.121,0.000,0.000,1.000,3.000,0.000,0.000,49.000,0,0,0
B3_zmq_pushpull,zmq_tcp,none,none,,1,17814,512,584,1785153454274566000,1785153454274566000,1785153454274567000,1785153454274567000,1785153454274643000,1785153454274646000,1785153454274646000,1785153454274646000,121932490,121652369,-204.121,0.000,1.000,0.000,3.000,0.000,0.000,23.000,0,0,0
B3_zmq_pushpull,zmq_tcp,none,none,,1,17815,512,584,1785153454275568000,1785153454275568000,1785153454275568000,1785153454275569000,1785153454275744000,1785153454275746000,1785153454275746000,1785153454275746000,121932490,121652369,-105.121,0.000,0.000,1.000,2.000,0.000,0.000,99.000,0,0,0
B3_zmq_pushpull,zmq_tcp,none,none,,1,17816,512,584,1785153454276447000,1785153454276447000,1785153454276447000,1785153454276449000,1785153454276596000,1785153454276598000,1785153454276598000,1785153454276598000,121932490,121652369,-133.121,0.000,0.000,2.000,2.000,0.000,0.000,28.000,0,0,0
B3_zmq_pushpull,zmq_tcp,none,none,,1,17817,512,584,1785153454277599000,1785153454277599000,1785153454277599000,1785153454277600000,1785153454277725000,1785153454277727000,1785153454277727000,1785153454277727000,121932490,121652369,-155.121,0.000,0.000,1.000,2.000,0.000,0.000,22.000,0,0,0
B3_zmq_pushpull,zmq_tcp,none,none,,1,17818,512,584,1785153454278559000,1785153454278560000,1785153454278560000,1785153454278561000,1785153454278685000,1785153454278687000,1785153454278688000,1785153454278688000,121932490,121652369,-156.121,1.000,0.000,1.000,2.000,1.000,0.000,1.000,0,0,0
B3_zmq_pushpull,zmq_tcp,none,none,,1,17819,512,584,1785153454279572000,1785153454279572000,1785153454279572000,1785153454279573000,1785153454279670000,1785153454279673000,1785153454279673000,1785153454279673000,121932490,121652369,-183.121,0.000,0.000,1.000,3.000,0.000,0.000,27.000,0,0,0
B3_zmq_pushpull,zmq_tcp,none,none,,1,17820,512,584,1785153454280565000,1785153454280565000,1785153454280565000,1785153454280566000,1785153454280636000,1785153454280639000,1785153454280639000,1785153454280639000,121932490,121652369,-210.121,0.000,0.000,1.000,3.000,0.000,0.000,27.000,0,0,0
B3_zmq_pushpull,zmq_tcp,none,none,,1,17821,512,584,1785153454281458000,1785153454281458000,1785153454281458000,1785153454281459000,1785153454281610000,1785153454281613000,1785153454281613000,1785153454281613000,121932490,121652369,-129.121,0.000,0.000,1.000,3.000,0.000,0.000,81.000,0,0,0
B3_zmq_pushpull,zmq_tcp,none,none,,1,17822,512,584,1785153454282435000,1785153454282435000,1785153454282435000,1785153454282437000,1785153454282569000,1785153454282572000,1785153454282572000,1785153454282572000,121932490,121652369,-148.121,0.000,0.000,2.000,3.000,0.000,0.000,19.000,0,0,0
B3_zmq_pushpull,zmq_tcp,none,none,,1,17823,512,584,1785153454283600000,1785153454283600000,1785153454283600000,1785153454283601000,1785153454283696000,1785153454283698000,1785153454283698000,1785153454283698000,121932490,121652369,-185.121,0.000,0.000,1.000,2.000,0.000,0.000,37.000,0,0,0
B3_zmq_pushpull,zmq_tcp,none,none,,1,17824,512,584,1785153454284560000,1785153454284560000,1785153454284560000,1785153454284561000,1785153454284680000,1785153454284682000,1785153454284682000,1785153454284682000,121932490,121652369,-161.121,0.000,0.000,1.000,2.000,0.000,0.000,24.000,0,0,0
B3_zmq_pushpull,zmq_tcp,none,none,,1,17825,512,584,1785153454285572000,1785153454285572000,1785153454285572000,1785153454285573000,1785153454285684000,1785153454285686000,1785153454285686000,1785153454285686000,121932490,121652369,-169.121,0.000,0.000,1.000,2.000,0.000,0.000,8.000,0,0,0
B3_zmq_pushpull,zmq_tcp,none,none,,1,17826,512,584,1785153454286565000,1785153454286565000,1785153454286565000,1785153454286566000,1785153454286662000,1785153454286665000,1785153454286665000,1785153454286665000,121932490,121652369,-184.121,0.000,0.000,1.000,3.000,0.000,0.000,15.000,0,0,0
B3_zmq_pushpull,zmq_tcp,none,none,,1,17827,512,584,1785153454287568000,1785153454287568000,1785153454287568000,1785153454287569000,1785153454287643000,1785153454287647000,1785153454287647000,1785153454287647000,121932490,121652369,-206.121,0.000,0.000,1.000,4.000,0.000,0.000,22.000,0,0,0
B3_zmq_pushpull,zmq_tcp,none,none,,1,17828,512,584,1785153454288567000,1785153454288567000,1785153454288568000,1785153454288568000,1785153454288615000,1785153454288619000,1785153454288619000,1785153454288619000,121932490,121652369,-233.121,0.000,1.000,0.000,4.000,0.000,0.000,27.000,0,0,0
B3_zmq_pushpull,zmq_tcp,none,none,,1,17829,512,584,1785153454289436000,1785153454289437000,1785153454289437000,1785153454289438000,1785153454289589000,1785153454289592000,1785153454289592000,1785153454289592000,121932490,121652369,-129.121,1.000,0.000,1.000,3.000,0.000,0.000,104.000,0,0,0
B3_zmq_pushpull,zmq_tcp,none,none,,1,17830,512,584,1785153454290422000,1785153454290422000,1785153454290422000,1785153454290423000,1785153454290582000,1785153454290585000,1785153454290585000,1785153454290585000,121932490,121652369,-121.121,0.000,0.000,1.000,3.000,0.000,0.000,8.000,0,0,0
B3_zmq_pushpull,zmq_tcp,none,none,,1,17831,512,584,1785153454291605000,1785153454291605000,1785153454291605000,1785153454291606000,1785153454291692000,1785153454291694000,1785153454291694000,1785153454291694000,121932490,121652369,-194.121,0.000,0.000,1.000,2.000,0.000,0.000,73.000,0,0,0
B3_zmq_pushpull,zmq_tcp,none,none,,1,17832,512,584,1785153454292557000,1785153454292557000,1785153454292557000,1785153454292558000,1785153454292690000,1785153454292693000,1785153454292693000,1785153454292693000,121932490,121652369,-148.121,0.000,0.000,1.000,3.000,0.000,0.000,46.000,0,0,0
B3_zmq_pushpull,zmq_tcp,none,none,,1,17833,512,584,1785153454293572000,1785153454293572000,1785153454293572000,1785153454293573000,1785153454293666000,1785153454293669000,1785153454293669000,1785153454293669000,121932490,121652369,-187.121,0.000,0.000,1.000,3.000,0.000,0.000,39.000,0,0,0
B3_zmq_pushpull,zmq_tcp,none,none,,1,17834,512,584,1785153454294565000,1785153454294565000,1785153454294565000,1785153454294566000,1785153454294637000,1785153454294640000,1785153454294640000,1785153454294640000,121932490,121652369,-209.121,0.000,0.000,1.000,3.000,0.000,0.000,22.000,0,0,0
B3_zmq_pushpull,zmq_tcp,none,none,,1,17835,512,584,1785153454295567000,1785153454295567000,1785153454295567000,1785153454295568000,1785153454295625000,1785153454295628000,1785153454295628000,1785153454295628000,121932490,121652369,-223.121,0.000,0.000,1.000,3.000,0.000,0.000,14.000,0,0,0
B3_zmq_pushpull,zmq_tcp,none,none,,1,17836,512,584,1785153454296564000,1785153454296565000,1785153454296565000,1785153454296566000,1785153454296621000,1785153454296624000,1785153454296624000,1785153454296624000,121932490,121652369,-225.121,1.000,0.000,1.000,3.000,0.000,0.000,2.000,0,0,0
B3_zmq_pushpull,zmq_tcp,none,none,,1,17837,512,584,1785153454297568000,1785153454297568000,1785153454297568000,1785153454297569000,1785153454297620000,1785153454297624000,1785153454297624000,1785153454297624000,121932490,121652369,-229.121,0.000,0.000,1.000,4.000,0.000,0.000,4.000,0,0,0
B3_zmq_pushpull,zmq_tcp,none,none,,1,17838,512,584,1785153454298567000,1785153454298567000,1785153454298567000,1785153454298568000,1785153454298748000,1785153454298750000,1785153454298750000,1785153454298750000,121932490,121652369,-100.121,0.000,0.000,1.000,2.000,0.000,0.000,129.000,0,0,0
B3_zmq_pushpull,zmq_tcp,none,none,,1,17839,512,584,1785153454299569000,1785153454299569000,1785153454299569000,1785153454299570000,1785153454299749000,1785153454299752000,1785153454299752000,1785153454299752000,121932490,121652369,-101.121,0.000,0.000,1.000,3.000,0.000,0.000,1.000,0,0,0
B3_zmq_pushpull,zmq_tcp,none,none,,1,17840,512,584,1785153454300565000,1785153454300565000,1785153454300565000,1785153454300566000,1785153454300745000,1785153454300748000,1785153454300748000,1785153454300748000,121932490,121652369,-101.121,0.000,0.000,1.000,3.000,0.000,0.000,0.000,0,0,0
B3_zmq_pushpull,zmq_tcp,none,none,,1,17841,512,584,1785153454301567000,1785153454301567000,1785153454301567000,1785153454301568000,1785153454301742000,1785153454301745000,1785153454301745000,1785153454301745000,121932490,121652369,-106.121,0.000,0.000,1.000,3.000,0.000,0.000,5.000,0,0,0
B3_zmq_pushpull,zmq_tcp,none,none,,1,17842,512,584,1785153454302569000,1785153454302569000,1785153454302569000,1785153454302570000,1785153454302730000,1785153454302733000,1785153454302733000,1785153454302733000,121932490,121652369,-120.121,0.000,0.000,1.000,3.000,0.000,0.000,14.000,0,0,0
B3_zmq_pushpull,zmq_tcp,none,none,,1,17843,512,584,1785153454303567000,1785153454303567000,1785153454303567000,1785153454303568000,1785153454303709000,1785153454303712000,1785153454303712000,1785153454303712000,121932490,121652369,-139.121,0.000,0.000,1.000,3.000,0.000,0.000,19.000,0,0,0
B3_zmq_pushpull,zmq_tcp,none,none,,1,17844,512,584,1785153454304569000,1785153454304569000,1785153454304569000,1785153454304570000,1785153454304672000,1785153454304674000,1785153454304674000,1785153454304674000,121932490,121652369,-178.121,0.000,0.000,1.000,2.000,0.000,0.000,39.000,0,0,0
B3_zmq_pushpull,zmq_tcp,none,none,,1,17845,512,584,1785153454305567000,1785153454305567000,1785153454305567000,1785153454305568000,1785153454305649000,1785153454305652000,1785153454305652000,1785153454305652000,121932490,121652369,-199.121,0.000,0.000,1.000,3.000,0.000,0.000,21.000,0,0,0
B3_zmq_pushpull,zmq_tcp,none,none,,1,17846,512,584,1785153454306569000,1785153454306569000,1785153454306569000,1785153454306570000,1785153454306752000,1785153454306754000,1785153454306754000,1785153454306754000,121932490,121652369,-98.121,0.000,0.000,1.000,2.000,0.000,0.000,101.000,0,0,0
B3_zmq_pushpull,zmq_tcp,none,none,,1,17847,512,584,1785153454307565000,1785153454307565000,1785153454307565000,1785153454307566000,1785153454307611000,1785153454307614000,1785153454307614000,1785153454307614000,121932490,121652369,-235.121,0.000,0.000,1.000,3.000,0.000,0.000,137.000,0,0,0
B3_zmq_pushpull,zmq_tcp,none,none,,1,17848,512,584,1785153454308569000,1785153454308569000,1785153454308569000,1785153454308570000,1785153454308728000,1785153454308730000,1785153454308730000,1785153454308730000,121932490,121652369,-122.121,0.000,0.000,1.000,2.000,0.000,0.000,113.000,0,0,0
B3_zmq_pushpull,zmq_tcp,none,none,,1,17849,512,584,1785153454309567000,1785153454309567000,1785153454309567000,1785153454309568000,1785153454309684000,1785153454309686000,1785153454309686000,1785153454309686000,121932490,121652369,-164.121,0.000,0.000,1.000,2.000,0.000,0.000,42.000,0,0,0
B3_zmq_pushpull,zmq_tcp,none,none,,1,17850,512,584,1785153454310569000,1785153454310570000,1785153454310570000,1785153454310571000,1785153454310664000,1785153454310666000,1785153454310666000,1785153454310666000,121932490,121652369,-187.121,1.000,0.000,1.000,2.000,0.000,0.000,23.000,0,0,0
B3_zmq_pushpull,zmq_tcp,none,none,,1,17851,512,584,1785153454311564000,1785153454311564000,1785153454311564000,1785153454311565000,1785153454311646000,1785153454311649000,1785153454311649000,1785153454311649000,121932490,121652369,-199.121,0.000,0.000,1.000,3.000,0.000,0.000,12.000,0,0,0
B3_zmq_pushpull,zmq_tcp,none,none,,1,17852,512,584,1785153454312568000,1785153454312569000,1785153454312569000,1785153454312570000,1785153454312736000,1785153454312738000,1785153454312738000,1785153454312738000,121932490,121652369,-114.121,1.000,0.000,1.000,2.000,0.000,0.000,85.000,0,0,0
B3_zmq_pushpull,zmq_tcp,none,none,,1,17853,512,584,1785153454313574000,1785153454313574000,1785153454313574000,1785153454313575000,1785153454313732000,1785153454313734000,1785153454313734000,1785153454313734000,121932490,121652369,-123.121,0.000,0.000,1.000,2.000,0.000,0.000,9.000,0,0,0
B3_zmq_pushpull,zmq_tcp,none,none,,1,17854,512,584,1785153454314430000,1785153454314430000,1785153454314430000,1785153454314431000,1785153454314577000,1785153454314579000,1785153454314579000,1785153454314579000,121932490,121652369,-134.121,0.000,0.000,1.000,2.000,0.000,0.000,11.000,0,0,0
B3_zmq_pushpull,zmq_tcp,none,none,,1,17855,512,584,1785153454315601000,1785153454315601000,1785153454315602000,1785153454315602000,1785153454315685000,1785153454315688000,1785153454315688000,1785153454315688000,121932490,121652369,-197.121,0.000,1.000,0.000,3.000,0.000,0.000,63.000,0,0,0
B3_zmq_pushpull,zmq_tcp,none,none,,1,17856,512,584,1785153454316559000,1785153454316559000,1785153454316559000,1785153454316560000,1785153454316662000,1785153454316665000,1785153454316665000,1785153454316665000,121932490,121652369,-178.121,0.000,0.000,1.000,3.000,0.000,0.000,19.000,0,0,0
B3_zmq_pushpull,zmq_tcp,none,none,,1,17857,512,584,1785153454317569000,1785153454317569000,1785153454317569000,1785153454317570000,1785153454317617000,1785153454317619000,1785153454317619000,1785153454317619000,121932490,121652369,-233.121,0.000,0.000,1.000,2.000,0.000,0.000,55.000,0,0,0
B3_zmq_pushpull,zmq_tcp,none,none,,1,17858,512,584,1785153454318467000,1785153454318467000,1785153454318467000,1785153454318468000,1785153454318613000,1785153454318616000,1785153454318616000,1785153454318616000,121932490,121652369,-135.121,0.000,0.000,1.000,3.000,0.000,0.000,98.000,0,0,0
B3_zmq_pushpull,zmq_tcp,none,none,,1,17859,512,584,1785153454319592000,1785153454319592000,1785153454319592000,1785153454319593000,1785153454319725000,1785153454319728000,1785153454319728000,1785153454319728000,121932490,121652369,-148.121,0.000,0.000,1.000,3.000,0.000,0.000,13.000,0,0,0
B3_zmq_pushpull,zmq_tcp,none,none,,1,17860,512,584,1785153454320564000,1785153454320564000,1785153454320564000,1785153454320565000,1785153454320700000,1785153454320702000,1785153454320702000,1785153454320702000,121932490,121652369,-145.121,0.000,0.000,1.000,2.000,0.000,0.000,3.000,0,0,0
B3_zmq_pushpull,zmq_tcp,none,none,,1,17861,512,584,1785153454321569000,1785153454321569000,1785153454321569000,1785153454321570000,1785153454321664000,1785153454321667000,1785153454321667000,1785153454321667000,121932490,121652369,-186.121,0.000,0.000,1.000,3.000,0.000,0.000,41.000,0,0,0
B3_zmq_pushpull,zmq_tcp,none,none,,1,17862,512,584,1785153454322565000,1785153454322566000,1785153454322566000,1785153454322567000,1785153454322625000,1785153454322628000,1785153454322628000,1785153454322628000,121932490,121652369,-222.121,1.000,0.000,1.000,3.000,0.000,0.000,36.000,0,0,0
B3_zmq_pushpull,zmq_tcp,none,none,,1,17863,512,584,1785153454323568000,1785153454323568000,1785153454323568000,1785153454323569000,1785153454323736000,1785153454323738000,1785153454323738000,1785153454323738000,121932490,121652369,-113.121,0.000,0.000,1.000,2.000,0.000,0.000,109.000,0,0,0
B3_zmq_pushpull,zmq_tcp,none,none,,1,17864,512,584,1785153454324434000,1785153454324434000,1785153454324434000,1785153454324435000,1785153454324586000,1785153454324589000,1785153454324589000,1785153454324589000,121932490,121652369,-129.121,0.000,0.000,1.000,3.000,0.000,0.000,16.000,0,0,0
B3_zmq_pushpull,zmq_tcp,none,none,,1,17865,512,584,1785153454325421000,1785153454325421000,1785153454325421000,1785153454325422000,1785153454325569000,1785153454325572000,1785153454325572000,1785153454325572000,121932490,121652369,-133.121,0.000,0.000,1.000,3.000,0.000,0.000,4.000,0,0,0
B3_zmq_pushpull,zmq_tcp,none,none,,1,17866,512,584,1785153454326602000,1785153454326602000,1785153454326602000,1785153454326603000,1785153454326678000,1785153454326681000,1785153454326681000,1785153454326681000,121932490,121652369,-205.121,0.000,0.000,1.000,3.000,0.000,0.000,72.000,0,0,0
B3_zmq_pushpull,zmq_tcp,none,none,,1,17867,512,584,1785153454327559000,1785153454327559000,1785153454327559000,1785153454327560000,1785153454327656000,1785153454327659000,1785153454327659000,1785153454327659000,121932490,121652369,-184.121,0.000,0.000,1.000,3.000,0.000,0.000,21.000,0,0,0
B3_zmq_pushpull,zmq_tcp,none,none,,1,17868,512,584,1785153454328571000,1785153454328571000,1785153454328571000,1785153454328572000,1785153454328637000,1785153454328640000,1785153454328640000,1785153454328640000,121932490,121652369,-215.121,0.000,0.000,1.000,3.000,0.000,0.000,31.000,0,0,0
B3_zmq_pushpull,zmq_tcp,none,none,,1,17869,512,584,1785153454329564000,1785153454329564000,1785153454329564000,1785153454329565000,1785153454329630000,1785153454329634000,1785153454329634000,1785153454329634000,121932490,121652369,-215.121,0.000,0.000,1.000,4.000,0.000,0.000,0.000,0,0,0
B3_zmq_pushpull,zmq_tcp,none,none,,1,17870,512,584,1785153454330568000,1785153454330568000,1785153454330568000,1785153454330569000,1785153454330614000,1785153454330617000,1785153454330617000,1785153454330617000,121932490,121652369,-235.121,0.000,0.000,1.000,3.000,0.000,0.000,20.000,0,0,0
B3_zmq_pushpull,zmq_tcp,none,none,,1,17871,512,584,1785153454331442000,1785153454331442000,1785153454331442000,1785153454331443000,1785153454331597000,1785153454331599000,1785153454331600000,1785153454331600000,121932490,121652369,-126.121,0.000,0.000,1.000,2.000,1.000,0.000,109.000,0,0,0
B3_zmq_pushpull,zmq_tcp,none,none,,1,17872,512,584,1785153454332438000,1785153454332438000,1785153454332438000,1785153454332439000,1785153454332585000,1785153454332587000,1785153454332587000,1785153454332587000,121932490,121652369,-134.121,0.000,0.000,1.000,2.000,0.000,0.000,8.000,0,0,0
B3_zmq_pushpull,zmq_tcp,none,none,,1,17873,512,584,1785153454333413000,1785153454333413000,1785153454333413000,1785153454333414000,1785153454333561000,1785153454333564000,1785153454333564000,1785153454333564000,121932490,121652369,-133.121,0.000,0.000,1.000,3.000,0.000,0.000,1.000,0,0,0
B3_zmq_pushpull,zmq_tcp,none,none,,1,17874,512,584,1785153454334608000,1785153454334608000,1785153454334608000,1785153454334609000,1785153454334671000,1785153454334673000,1785153454334673000,1785153454334673000,121932490,121652369,-218.121,0.000,0.000,1.000,2.000,0.000,0.000,85.000,0,0,0
B3_zmq_pushpull,zmq_tcp,none,none,,1,17875,512,584,1785153454335558000,1785153454335558000,1785153454335558000,1785153454335559000,1785153454335669000,1785153454335672000,1785153454335672000,1785153454335672000,121932490,121652369,-170.121,0.000,0.000,1.000,3.000,0.000,0.000,48.000,0,0,0
B3_zmq_pushpull,zmq_tcp,none,none,,1,17876,512,584,1785153454336566000,1785153454336566000,1785153454336567000,1785153454336567000,1785153454336642000,1785153454336645000,1785153454336645000,1785153454336645000,121932490,121652369,-205.121,0.000,1.000,0.000,3.000,0.000,0.000,35.000,0,0,0
B3_zmq_pushpull,zmq_tcp,none,none,,1,17877,512,584,1785153454337567000,1785153454337567000,1785153454337567000,1785153454337568000,1785153454337616000,1785153454337619000,1785153454337619000,1785153454337619000,121932490,121652369,-232.121,0.000,0.000,1.000,3.000,0.000,0.000,27.000,0,0,0
B3_zmq_pushpull,zmq_tcp,none,none,,1,17878,512,584,1785153454338568000,1785153454338568000,1785153454338568000,1785153454338569000,1785153454338740000,1785153454338742000,1785153454338742000,1785153454338742000,121932490,121652369,-109.121,0.000,0.000,1.000,2.000,0.000,0.000,123.000,0,0,0
B3_zmq_pushpull,zmq_tcp,none,none,,1,17879,512,584,1785153454339564000,1785153454339564000,1785153454339565000,1785153454339565000,1785153454339728000,1785153454339732000,1785153454339732000,1785153454339732000,121932490,121652369,-117.121,0.000,1.000,0.000,4.000,0.000,0.000,8.000,0,0,0
B3_zmq_pushpull,zmq_tcp,none,none,,1,17880,512,584,1785153454340432000,1785153454340432000,1785153454340433000,1785153454340434000,1785153454340587000,1785153454340590000,1785153454340590000,1785153454340590000,121932490,121652369,-127.121,0.000,1.000,1.000,3.000,0.000,0.000,10.000,0,0,0
B3_zmq_pushpull,zmq_tcp,none,none,,1,17881,512,584,1785153454341425000,1785153454341425000,1785153454341425000,1785153454341426000,1785153454341569000,1785153454341572000,1785153454341572000,1785153454341572000,121932490,121652369,-137.121,0.000,0.000,1.000,3.000,0.000,0.000,10.000,0,0,0
B3_zmq_pushpull,zmq_tcp,none,none,,1,17882,512,584,1785153454342603000,1785153454342603000,1785153454342603000,1785153454342604000,1785153454342691000,1785153454342695000,1785153454342695000,1785153454342695000,121932490,121652369,-193.121,0.000,0.000,1.000,4.000,0.000,0.000,56.000,0,0,0
B3_zmq_pushpull,zmq_tcp,none,none,,1,17883,512,584,1785153454343555000,1785153454343555000,1785153454343555000,1785153454343556000,1785153454343671000,1785153454343673000,1785153454343673000,1785153454343673000,121932490,121652369,-165.121,0.000,0.000,1.000,2.000,0.000,0.000,28.000,0,0,0
B3_zmq_pushpull,zmq_tcp,none,none,,1,17884,512,584,1785153454344571000,1785153454344571000,1785153454344571000,1785153454344572000,1785153454344643000,1785153454344645000,1785153454344645000,1785153454344645000,121932490,121652369,-209.121,0.000,0.000,1.000,2.000,0.000,0.000,44.000,0,0,0
B3_zmq_pushpull,zmq_tcp,none,none,,1,17885,512,584,1785153454345567000,1785153454345567000,1785153454345568000,1785153454345568000,1785153454345616000,1785153454345620000,1785153454345620000,1785153454345620000,121932490,121652369,-232.121,0.000,1.000,0.000,4.000,0.000,0.000,23.000,0,0,0
B3_zmq_pushpull,zmq_tcp,none,none,,1,17886,512,584,1785153454346567000,1785153454346567000,1785153454346567000,1785153454346568000,1785153454346618000,1785153454346622000,1785153454346622000,1785153454346622000,121932490,121652369,-230.121,0.000,0.000,1.000,4.000,0.000,0.000,2.000,0,0,0
B3_zmq_pushpull,zmq_tcp,none,none,,1,17887,512,584,1785153454347572000,1785153454347572000,1785153454347572000,1785153454347573000,1785153454347732000,1785153454347735000,1785153454347735000,1785153454347735000,121932490,121652369,-121.121,0.000,0.000,1.000,3.000,0.000,0.000,109.000,0,0,0
B3_zmq_pushpull,zmq_tcp,none,none,,1,17888,512,584,1785153454348423000,1785153454348423000,1785153454348423000,1785153454348424000,1785153454348581000,1785153454348584000,1785153454348584000,1785153454348584000,121932490,121652369,-123.121,0.000,0.000,1.000,3.000,0.000,0.000,2.000,0,0,0
B3_zmq_pushpull,zmq_tcp,none,none,,1,17889,512,584,1785153454349603000,1785153454349603000,1785153454349603000,1785153454349604000,1785153454349685000,1785153454349688000,1785153454349688000,1785153454349688000,121932490,121652369,-199.121,0.000,0.000,1.000,3.000,0.000,0.000,76.000,0,0,0
B3_zmq_pushpull,zmq_tcp,none,none,,1,17890,512,584,1785153454350557000,1785153454350558000,1785153454350558000,1785153454350559000,1785153454350645000,1785153454350648000,1785153454350648000,1785153454350648000,121932490,121652369,-194.121,1.000,0.000,1.000,3.000,0.000,0.000,5.000,0,0,0
B3_zmq_pushpull,zmq_tcp,none,none,,1,17891,512,584,1785153454351570000,1785153454351570000,1785153454351570000,1785153454351571000,1785153454351619000,1785153454351622000,1785153454351622000,1785153454351622000,121932490,121652369,-232.121,0.000,0.000,1.000,3.000,0.000,0.000,38.000,0,0,0
B3_zmq_pushpull,zmq_tcp,none,none,,1,17892,512,584,1785153454352567000,1785153454352567000,1785153454352568000,1785153454352568000,1785153454352611000,1785153454352614000,1785153454352614000,1785153454352614000,121932490,121652369,-237.121,0.000,1.000,0.000,3.000,0.000,0.000,5.000,0,0,0
B3_zmq_pushpull,zmq_tcp,none,none,,1,17893,512,584,1785153454353567000,1785153454353567000,1785153454353567000,1785153454353568000,1785153454353732000,1785153454353735000,1785153454353735000,1785153454353735000,121932490,121652369,-116.121,0.000,0.000,1.000,3.000,0.000,0.000,121.000,0,0,0
B3_zmq_pushpull,zmq_tcp,none,none,,1,17894,512,584,1785153454354427000,1785153454354427000,1785153454354427000,1785153454354428000,1785153454354579000,1785153454354581000,1785153454354581000,1785153454354581000,121932490,121652369,-129.121,0.000,0.000,1.000,2.000,0.000,0.000,13.000,0,0,0
B3_zmq_pushpull,zmq_tcp,none,none,,1,17895,512,584,1785153454355602000,1785153454355602000,1785153454355602000,1785153454355603000,1785153454355697000,1785153454355700000,1785153454355700000,1785153454355700000,121932490,121652369,-186.121,0.000,0.000,1.000,3.000,0.000,0.000,57.000,0,0,0
B3_zmq_pushpull,zmq_tcp,none,none,,1,17896,512,584,1785153454356559000,1785153454356559000,1785153454356559000,1785153454356560000,1785153454356669000,1785153454356672000,1785153454356672000,1785153454356672000,121932490,121652369,-171.121,0.000,0.000,1.000,3.000,0.000,0.000,15.000,0,0,0
B3_zmq_pushpull,zmq_tcp,none,none,,1,17897,512,584,1785153454357570000,1785153454357570000,1785153454357570000,1785153454357571000,1785153454357653000,1785153454357656000,1785153454357656000,1785153454357656000,121932490,121652369,-198.121,0.000,0.000,1.000,3.000,0.000,0.000,27.000,0,0,0
B3_zmq_pushpull,zmq_tcp,none,none,,1,17898,512,584,1785153454358566000,1785153454358566000,1785153454358566000,1785153454358567000,1785153454358629000,1785153454358632000,1785153454358632000,1785153454358632000,121932490,121652369,-218.121,0.000,0.000,1.000,3.000,0.000,0.000,20.000,0,0,0
B3_zmq_pushpull,zmq_tcp,none,none,,1,17899,512,584,1785153454359567000,1785153454359567000,1785153454359567000,1785153454359568000,1785153454359734000,1785153454359737000,1785153454359737000,1785153454359737000,121932490,121652369,-114.121,0.000,0.000,1.000,3.000,0.000,0.000,104.000,0,0,0
B3_zmq_pushpull,zmq_tcp,none,none,,1,17900,512,584,1785153454360568000,1785153454360568000,1785153454360568000,1785153454360569000,1785153454360743000,1785153454360745000,1785153454360745000,1785153454360745000,121932490,121652369,-106.121,0.000,0.000,1.000,2.000,0.000,0.000,8.000,0,0,0
B3_zmq_pushpull,zmq_tcp,none,none,,1,17901,512,584,1785153454361567000,1785153454361567000,1785153454361567000,1785153454361568000,1785153454361731000,1785153454361734000,1785153454361734000,1785153454361734000,121932490,121652369,-117.121,0.000,0.000,1.000,3.000,0.000,0.000,11.000,0,0,0
B3_zmq_pushpull,zmq_tcp,none,none,,1,17902,512,584,1785153454362567000,1785153454362567000,1785153454362567000,1785153454362568000,1785153454362727000,1785153454362729000,1785153454362729000,1785153454362729000,121932490,121652369,-121.121,0.000,0.000,1.000,2.000,0.000,0.000,4.000,0,0,0
B3_zmq_pushpull,zmq_tcp,none,none,,1,17903,512,584,1785153454363567000,1785153454363567000,1785153454363567000,1785153454363568000,1785153454363704000,1785153454363707000,1785153454363707000,1785153454363707000,121932490,121652369,-144.121,0.000,0.000,1.000,3.000,0.000,0.000,23.000,0,0,0
B3_zmq_pushpull,zmq_tcp,none,none,,1,17904,512,584,1785153454364401000,1785153454364401000,1785153454364401000,1785153454364402000,1785153454364553000,1785153454364556000,1785153454364556000,1785153454364556000,121932490,121652369,-129.121,0.000,0.000,1.000,3.000,0.000,0.000,15.000,0,0,0
B3_zmq_pushpull,zmq_tcp,none,none,,1,17905,512,584,1785153454365387000,1785153454365387000,1785153454365387000,1785153454365388000,1785153454365540000,1785153454365543000,1785153454365543000,1785153454365543000,121932490,121652369,-128.121,0.000,0.000,1.000,3.000,0.000,0.000,1.000,0,0,0
B3_zmq_pushpull,zmq_tcp,none,none,,1,17906,512,584,1785153454366369000,1785153454366370000,1785153454366370000,1785153454366371000,1785153454366523000,1785153454366525000,1785153454366525000,1785153454366525000,121932490,121652369,-128.121,1.000,0.000,1.000,2.000,0.000,0.000,0.000,0,0,0
B3_zmq_pushpull,zmq_tcp,none,none,,1,17907,512,584,1785153454367375000,1785153454367375000,1785153454367375000,1785153454367376000,1785153454367520000,1785153454367523000,1785153454367523000,1785153454367523000,121932490,121652369,-136.121,0.000,0.000,1.000,3.000,0.000,0.000,8.000,0,0,0
B3_zmq_pushpull,zmq_tcp,none,none,,1,17908,512,584,1785153454368479000,1785153454368479000,1785153454368479000,1785153454368480000,1785153454368636000,1785153454368639000,1785153454368639000,1785153454368639000,121932490,121652369,-124.121,0.000,0.000,1.000,3.000,0.000,0.000,12.000,0,0,0
B3_zmq_pushpull,zmq_tcp,none,none,,1,17909,512,584,1785153454369473000,1785153454369473000,1785153454369473000,1785153454369474000,1785153454369633000,1785153454369636000,1785153454369636000,1785153454369636000,121932490,121652369,-121.121,0.000,0.000,1.000,3.000,0.000,0.000,3.000,0,0,0
B3_zmq_pushpull,zmq_tcp,none,none,,1,17910,512,584,1785153454370591000,1785153454370592000,1785153454370592000,1785153454370593000,1785153454370760000,1785153454370763000,1785153454370763000,1785153454370763000,121932490,121652369,-113.121,1.000,0.000,1.000,3.000,0.000,0.000,8.000,0,0,0
B3_zmq_pushpull,zmq_tcp,none,none,,1,17911,512,584,1785153454371452000,1785153454371453000,1785153454371453000,1785153454371454000,1785153454371595000,1785153454371597000,1785153454371597000,1785153454371597000,121932490,121652369,-139.121,1.000,0.000,1.000,2.000,0.000,0.000,26.000,0,0,0
B3_zmq_pushpull,zmq_tcp,none,none,,1,17912,512,584,1785153454372596000,1785153454372596000,1785153454372596000,1785153454372597000,1785153454372691000,1785153454372693000,1785153454372693000,1785153454372693000,121932490,121652369,-186.121,0.000,0.000,1.000,2.000,0.000,0.000,47.000,0,0,0
B3_zmq_pushpull,zmq_tcp,none,none,,1,17913,512,584,1785153454373558000,1785153454373558000,1785153454373559000,1785153454373559000,1785153454373682000,1785153454373685000,1785153454373685000,1785153454373685000,121932490,121652369,-157.121,0.000,1.000,0.000,3.000,0.000,0.000,29.000,0,0,0
B3_zmq_pushpull,zmq_tcp,none,none,,1,17914,512,584,1785153454374572000,1785153454374572000,1785153454374572000,1785153454374573000,1785153454374654000,1785153454374657000,1785153454374657000,1785153454374657000,121932490,121652369,-199.121,0.000,0.000,1.000,3.000,0.000,0.000,42.000,0,0,0
B3_zmq_pushpull,zmq_tcp,none,none,,1,17915,512,584,1785153454375469000,1785153454375470000,1785153454375470000,1785153454375471000,1785153454375625000,1785153454375628000,1785153454375628000,1785153454375628000,121932490,121652369,-126.121,1.000,0.000,1.000,3.000,0.000,0.000,73.000,0,0,0
B3_zmq_pushpull,zmq_tcp,none,none,,1,17916,512,584,1785153454376593000,1785153454376593000,1785153454376593000,1785153454376594000,1785153454376752000,1785153454376755000,1785153454376755000,1785153454376755000,121932490,121652369,-122.121,0.000,0.000,1.000,3.000,0.000,0.000,4.000,0,0,0
B3_zmq_pushpull,zmq_tcp,none,none,,1,17917,512,584,1785153454377560000,1785153454377560000,1785153454377561000,1785153454377561000,1785153454377723000,1785153454377725000,1785153454377725000,1785153454377725000,121932490,121652369,-118.121,0.000,1.000,0.000,2.000,0.000,0.000,4.000,0,0,0
B3_zmq_pushpull,zmq_tcp,none,none,,1,17918,512,584,1785153454378568000,1785153454378568000,1785153454378568000,1785153454378569000,1785153454378700000,1785153454378703000,1785153454378703000,1785153454378703000,121932490,121652369,-149.121,0.000,0.000,1.000,3.000,0.000,0.000,31.000,0,0,0
B3_zmq_pushpull,zmq_tcp,none,none,,1,17919,512,584,1785153454379567000,1785153454379567000,1785153454379567000,1785153454379568000,1785153454379676000,1785153454379679000,1785153454379679000,1785153454379679000,121932490,121652369,-172.121,0.000,0.000,1.000,3.000,0.000,0.000,23.000,0,0,0
B3_zmq_pushpull,zmq_tcp,none,none,,1,17920,512,584,1785153454380567000,1785153454380567000,1785153454380567000,1785153454380568000,1785153454380667000,1785153454380669000,1785153454380669000,1785153454380669000,121932490,121652369,-181.121,0.000,0.000,1.000,2.000,0.000,0.000,9.000,0,0,0
B3_zmq_pushpull,zmq_tcp,none,none,,1,17921,512,584,1785153454381565000,1785153454381565000,1785153454381565000,1785153454381566000,1785153454381652000,1785153454381655000,1785153454381655000,1785153454381655000,121932490,121652369,-194.121,0.000,0.000,1.000,3.000,0.000,0.000,13.000,0,0,0
B3_zmq_pushpull,zmq_tcp,none,none,,1,17922,512,584,1785153454382570000,1785153454382571000,1785153454382571000,1785153454382572000,1785153454382647000,1785153454382650000,1785153454382650000,1785153454382650000,121932490,121652369,-205.121,1.000,0.000,1.000,3.000,0.000,0.000,11.000,0,0,0
B3_zmq_pushpull,zmq_tcp,none,none,,1,17923,512,584,1785153454383566000,1785153454383566000,1785153454383566000,1785153454383567000,1785153454383645000,1785153454383648000,1785153454383648000,1785153454383648000,121932490,121652369,-202.121,0.000,0.000,1.000,3.000,0.000,0.000,3.000,0,0,0
B3_zmq_pushpull,zmq_tcp,none,none,,1,17924,512,584,1785153454384569000,1785153454384569000,1785153454384569000,1785153454384570000,1785153454384637000,1785153454384639000,1785153454384639000,1785153454384639000,121932490,121652369,-213.121,0.000,0.000,1.000,2.000,0.000,0.000,11.000,0,0,0
B3_zmq_pushpull,zmq_tcp,none,none,,1,17925,512,584,1785153454385564000,1785153454385565000,1785153454385565000,1785153454385566000,1785153454385610000,1785153454385613000,1785153454385613000,1785153454385613000,121932490,121652369,-236.121,1.000,0.000,1.000,3.000,0.000,0.000,23.000,0,0,0
B3_zmq_pushpull,zmq_tcp,none,none,,1,17926,512,584,1785153454386568000,1785153454386568000,1785153454386568000,1785153454386569000,1785153454386720000,1785153454386723000,1785153454386723000,1785153454386723000,121932490,121652369,-129.121,0.000,0.000,1.000,3.000,0.000,0.000,107.000,0,0,0
B3_zmq_pushpull,zmq_tcp,none,none,,1,17927,512,584,1785153454387568000,1785153454387568000,1785153454387568000,1785153454387569000,1785153454387705000,1785153454387708000,1785153454387708000,1785153454387708000,121932490,121652369,-144.121,0.000,0.000,1.000,3.000,0.000,0.000,15.000,0,0,0
B3_zmq_pushpull,zmq_tcp,none,none,,1,17928,512,584,1785153454388567000,1785153454388567000,1785153454388567000,1785153454388568000,1785153454388696000,1785153454388699000,1785153454388699000,1785153454388699000,121932490,121652369,-152.121,0.000,0.000,1.000,3.000,0.000,0.000,8.000,0,0,0
B3_zmq_pushpull,zmq_tcp,none,none,,1,17929,512,584,1785153454389572000,1785153454389572000,1785153454389572000,1785153454389573000,1785153454389667000,1785153454389669000,1785153454389669000,1785153454389669000,121932490,121652369,-186.121,0.000,0.000,1.000,2.000,0.000,0.000,34.000,0,0,0
B3_zmq_pushpull,zmq_tcp,none,none,,1,17930,512,584,1785153454390567000,1785153454390567000,1785153454390567000,1785153454390568000,1785153454390647000,1785153454390651000,1785153454390651000,1785153454390651000,121932490,121652369,-201.121,0.000,0.000,1.000,4.000,0.000,0.000,15.000,0,0,0
B3_zmq_pushpull,zmq_tcp,none,none,,1,17931,512,584,1785153454391472000,1785153454391472000,1785153454391472000,1785153454391473000,1785153454391615000,1785153454391618000,1785153454391618000,1785153454391618000,121932490,121652369,-138.121,0.000,0.000,1.000,3.000,0.000,0.000,63.000,0,0,0
B3_zmq_pushpull,zmq_tcp,none,none,,1,17932,512,584,1785153454392440000,1785153454392440000,1785153454392440000,1785153454392441000,1785153454392593000,1785153454392596000,1785153454392596000,1785153454392596000,121932490,121652369,-128.121,0.000,0.000,1.000,3.000,0.000,0.000,10.000,0,0,0
B3_zmq_pushpull,zmq_tcp,none,none,,1,17933,512,584,1785153454393418000,1785153454393418000,1785153454393418000,1785153454393419000,1785153454393572000,1785153454393575000,1785153454393575000,1785153454393575000,121932490,121652369,-127.121,0.000,0.000,1.000,3.000,0.000,0.000,1.000,0,0,0
B3_zmq_pushpull,zmq_tcp,none,none,,1,17934,512,584,1785153454394403000,1785153454394403000,1785153454394403000,1785153454394404000,1785153454394560000,1785153454394563000,1785153454394563000,1785153454394563000,121932490,121652369,-124.121,0.000,0.000,1.000,3.000,0.000,0.000,3.000,0,0,0
B3_zmq_pushpull,zmq_tcp,none,none,,1,17935,512,584,1785153454395400000,1785153454395400000,1785153454395400000,1785153454395401000,1785153454395556000,1785153454395559000,1785153454395559000,1785153454395559000,121932490,121652369,-125.121,0.000,0.000,1.000,3.000,0.000,0.000,1.000,0,0,0
B3_zmq_pushpull,zmq_tcp,none,none,,1,17936,512,584,1785153454396383000,1785153454396384000,1785153454396384000,1785153454396385000,1785153454396544000,1785153454396547000,1785153454396547000,1785153454396547000,121932490,121652369,-121.121,1.000,0.000,1.000,3.000,0.000,0.000,4.000,0,0,0
B3_zmq_pushpull,zmq_tcp,none,none,,1,17937,512,584,1785153454397615000,1785153454397615000,1785153454397615000,1785153454397616000,1785153454397669000,1785153454397671000,1785153454397671000,1785153454397671000,121932490,121652369,-227.121,0.000,0.000,1.000,2.000,0.000,0.000,106.000,0,0,0
B3_zmq_pushpull,zmq_tcp,none,none,,1,17938,512,584,1785153454398375000,1785153454398375000,1785153454398375000,1785153454398376000,1785153454398528000,1785153454398532000,1785153454398532000,1785153454398532000,121932490,121652369,-128.121,0.000,0.000,1.000,4.000,0.000,0.000,99.000,0,0,0
B3_zmq_pushpull,zmq_tcp,none,none,,1,17939,512,584,1785153454399475000,1785153454399476000,1785153454399476000,1785153454399477000,1785153454399626000,1785153454399628000,1785153454399628000,1785153454399628000,121932490,121652369,-131.121,1.000,0.000,1.000,2.000,0.000,0.000,3.000,0,0,0
B3_zmq_pushpull,zmq_tcp,none,none,,1,17940,512,584,1785153454400441000,1785153454400441000,1785153454400441000,1785153454400442000,1785153454400595000,1785153454400598000,1785153454400598000,1785153454400598000,121932490,121652369,-127.121,0.000,0.000,1.000,3.000,0.000,0.000,4.000,0,0,0
B3_zmq_pushpull,zmq_tcp,none,none,,1,17941,512,584,1785153454401433000,1785153454401433000,1785153454401433000,1785153454401434000,1785153454401591000,1785153454401599000,1785153454401599000,1785153454401599000,121932490,121652369,-123.121,0.000,0.000,1.000,8.000,0.000,0.000,4.000,0,0,0
B3_zmq_pushpull,zmq_tcp,none,none,,1,17942,512,584,1785153454402600000,1785153454402601000,1785153454402601000,1785153454402602000,1785153454402718000,1785153454402720000,1785153454402720000,1785153454402720000,121932490,121652369,-164.121,1.000,0.000,1.000,2.000,0.000,0.000,41.000,0,0,0
B3_zmq_pushpull,zmq_tcp,none,none,,1,17943,512,584,1785153454403559000,1785153454403559000,1785153454403559000,1785153454403560000,1785153454403693000,1785153454403696000,1785153454403696000,1785153454403696000,121932490,121652369,-147.121,0.000,0.000,1.000,3.000,0.000,0.000,17.000,0,0,0
B3_zmq_pushpull,zmq_tcp,none,none,,1,17944,512,584,1785153454404570000,1785153454404570000,1785153454404570000,1785153454404571000,1785153454404642000,1785153454404646000,1785153454404646000,1785153454404646000,121932490,121652369,-209.121,0.000,0.000,1.000,4.000,0.000,0.000,62.000,0,0,0
B3_zmq_pushpull,zmq_tcp,none,none,,1,17945,512,584,1785153454405567000,1785153454405568000,1785153454405568000,1785153454405569000,1785153454405634000,1785153454405636000,1785153454405636000,1785153454405636000,121932490,121652369,-215.121,1.000,0.000,1.000,2.000,0.000,0.000,6.000,0,0,0
B3_zmq_pushpull,zmq_tcp,none,none,,1,17946,512,584,1785153454406567000,1785153454406567000,1785153454406567000,1785153454406568000,1785153454406740000,1785153454406743000,1785153454406743000,1785153454406743000,121932490,121652369,-108.121,0.000,0.000,1.000,3.000,0.000,0.000,107.000,0,0,0
B3_zmq_pushpull,zmq_tcp,none,none,,1,17947,512,584,1785153454407565000,1785153454407565000,1785153454407565000,1785153454407566000,1785153454407730000,1785153454407732000,1785153454407732000,1785153454407732000,121932490,121652369,-116.121,0.000,0.000,1.000,2.000,0.000,0.000,8.000,0,0,0
B3_zmq_pushpull,zmq_tcp,none,none,,1,17948,512,584,1785153454408570000,1785153454408570000,1785153454408570000,1785153454408571000,1785153454408720000,1785153454408723000,1785153454408723000,1785153454408723000,121932490,121652369,-131.121,0.000,0.000,1.000,3.000,0.000,0.000,15.000,0,0,0
B3_zmq_pushpull,zmq_tcp,none,none,,1,17949,512,584,1785153454409570000,1785153454409570000,1785153454409570000,1785153454409571000,1785153454409716000,1785153454409719000,1785153454409719000,1785153454409719000,121932490,121652369,-135.121,0.000,0.000,1.000,3.000,0.000,0.000,4.000,0,0,0
B3_zmq_pushpull,zmq_tcp,none,none,,1,17950,512,584,1785153454410566000,1785153454410566000,1785153454410566000,1785153454410567000,1785153454410699000,1785153454410701000,1785153454410702000,1785153454410702000,121932490,121652369,-148.121,0.000,0.000,1.000,2.000,1.000,0.000,13.000,0,0,0
B3_zmq_pushpull,zmq_tcp,none,none,,1,17951,512,584,1785153454411567000,1785153454411567000,1785153454411567000,1785153454411568000,1785153454411682000,1785153454411684000,1785153454411684000,1785153454411684000,121932490,121652369,-166.121,0.000,0.000,1.000,2.000,0.000,0.000,18.000,0,0,0
B3_zmq_pushpull,zmq_tcp,none,none,,1,17952,512,584,1785153454412567000,1785153454412567000,1785153454412567000,1785153454412568000,1785153454412668000,1785153454412671000,1785153454412671000,1785153454412671000,121932490,121652369,-180.121,0.000,0.000,1.000,3.000,0.000,0.000,14.000,0,0,0
B3_zmq_pushpull,zmq_tcp,none,none,,1,17953,512,584,1785153454413567000,1785153454413567000,1785153454413567000,1785153454413568000,1785153454413650000,1785153454413653000,1785153454413653000,1785153454413653000,121932490,121652369,-198.121,0.000,0.000,1.000,3.000,0.000,0.000,18.000,0,0,0
B3_zmq_pushpull,zmq_tcp,none,none,,1,17954,512,584,1785153454414568000,1785153454414568000,1785153454414568000,1785153454414569000,1785153454414622000,1785153454414625000,1785153454414625000,1785153454414625000,121932490,121652369,-227.121,0.000,0.000,1.000,3.000,0.000,0.000,29.000,0,0,0
B3_zmq_pushpull,zmq_tcp,none,none,,1,17955,512,584,1785153454415567000,1785153454415568000,1785153454415568000,1785153454415568000,1785153454415631000,1785153454415634000,1785153454415634000,1785153454415634000,121932490,121652369,-217.121,1.000,0.000,0.000,3.000,0.000,0.000,10.000,0,0,0
B3_zmq_pushpull,zmq_tcp,none,none,,1,17956,512,584,1785153454416567000,1785153454416567000,1785153454416568000,1785153454416568000,1785153454416635000,1785153454416638000,1785153454416638000,1785153454416638000,121932490,121652369,-213.121,0.000,1.000,0.000,3.000,0.000,0.000,4.000,0,0,0
B3_zmq_pushpull,zmq_tcp,none,none,,1,17957,512,584,1785153454417570000,1785153454417570000,1785153454417570000,1785153454417571000,1785153454417632000,1785153454417635000,1785153454417635000,1785153454417635000,121932490,121652369,-219.121,0.000,0.000,1.000,3.000,0.000,0.000,6.000,0,0,0
B3_zmq_pushpull,zmq_tcp,none,none,,1,17958,512,584,1785153454418478000,1785153454418478000,1785153454418478000,1785153454418479000,1785153454418628000,1785153454418630000,1785153454418630000,1785153454418630000,121932490,121652369,-131.121,0.000,0.000,1.000,2.000,0.000,0.000,88.000,0,0,0
B3_zmq_pushpull,zmq_tcp,none,none,,1,17959,512,584,1785153454419590000,1785153454419590000,1785153454419590000,1785153454419591000,1785153454419728000,1785153454419731000,1785153454419731000,1785153454419731000,121932490,121652369,-143.121,0.000,0.000,1.000,3.000,0.000,0.000,12.000,0,0,0
B3_zmq_pushpull,zmq_tcp,none,none,,1,17960,512,584,1785153454420562000,1785153454420562000,1785153454420562000,1785153454420563000,1785153454420715000,1785153454420718000,1785153454420718000,1785153454420718000,121932490,121652369,-128.121,0.000,0.000,1.000,3.000,0.000,0.000,15.000,0,0,0
B3_zmq_pushpull,zmq_tcp,none,none,,1,17961,512,584,1785153454421416000,1785153454421416000,1785153454421416000,1785153454421417000,1785153454421548000,1785153454421551000,1785153454421551000,1785153454421551000,121932490,121652369,-149.121,0.000,0.000,1.000,3.000,0.000,0.000,21.000,0,0,0
B3_zmq_pushpull,zmq_tcp,none,none,,1,17962,512,584,1785153454422606000,1785153454422606000,1785153454422606000,1785153454422607000,1785153454422679000,1785153454422682000,1785153454422682000,1785153454422682000,121932490,121652369,-208.121,0.000,0.000,1.000,3.000,0.000,0.000,59.000,0,0,0
B3_zmq_pushpull,zmq_tcp,none,none,,1,17963,512,584,1785153454423556000,1785153454423556000,1785153454423556000,1785153454423557000,1785153454423659000,1785153454423662000,1785153454423662000,1785153454423662000,121932490,121652369,-178.121,0.000,0.000,1.000,3.000,0.000,0.000,30.000,0,0,0
B3_zmq_pushpull,zmq_tcp,none,none,,1,17964,512,584,1785153454424571000,1785153454424571000,1785153454424571000,1785153454424572000,1785153454424650000,1785153454424653000,1785153454424653000,1785153454424653000,121932490,121652369,-202.121,0.000,0.000,1.000,3.000,0.000,0.000,24.000,0,0,0
B3_zmq_pushpull,zmq_tcp,none,none,,1,17965,512,584,1785153454425569000,1785153454425569000,1785153454425569000,1785153454425570000,1785153454425637000,1785153454425640000,1785153454425640000,1785153454425640000,121932490,121652369,-213.121,0.000,0.000,1.000,3.000,0.000,0.000,11.000,0,0,0
B3_zmq_pushpull,zmq_tcp,none,none,,1,17966,512,584,1785153454426567000,1785153454426567000,1785153454426567000,1785153454426568000,1785153454426626000,1785153454426629000,1785153454426629000,1785153454426629000,121932490,121652369,-222.121,0.000,0.000,1.000,3.000,0.000,0.000,9.000,0,0,0
B3_zmq_pushpull,zmq_tcp,none,none,,1,17967,512,584,1785153454427464000,1785153454427464000,1785153454427464000,1785153454427465000,1785153454427616000,1785153454427619000,1785153454427619000,1785153454427619000,121932490,121652369,-129.121,0.000,0.000,1.000,3.000,0.000,0.000,93.000,0,0,0
B3_zmq_pushpull,zmq_tcp,none,none,,1,17968,512,584,1785153454428442000,1785153454428442000,1785153454428442000,1785153454428443000,1785153454428592000,1785153454428595000,1785153454428595000,1785153454428595000,121932490,121652369,-131.121,0.000,0.000,1.000,3.000,0.000,0.000,2.000,0,0,0
B3_zmq_pushpull,zmq_tcp,none,none,,1,17969,512,584,1785153454429428000,1785153454429428000,1785153454429428000,1785153454429429000,1785153454429586000,1785153454429588000,1785153454429588000,1785153454429588000,121932490,121652369,-123.121,0.000,0.000,1.000,2.000,0.000,0.000,8.000,0,0,0
B3_zmq_pushpull,zmq_tcp,none,none,,1,17970,512,584,1785153454430413000,1785153454430413000,1785153454430413000,1785153454430414000,1785153454430570000,1785153454430572000,1785153454430572000,1785153454430572000,121932490,121652369,-124.121,0.000,0.000,1.000,2.000,0.000,0.000,1.000,0,0,0
B3_zmq_pushpull,zmq_tcp,none,none,,1,17971,512,584,1785153454431396000,1785153454431396000,1785153454431396000,1785153454431397000,1785153454431554000,1785153454431556000,1785153454431556000,1785153454431556000,121932490,121652369,-123.121,0.000,0.000,1.000,2.000,0.000,0.000,1.000,0,0,0
B3_zmq_pushpull,zmq_tcp,none,none,,1,17972,512,584,1785153454432391000,1785153454432391000,1785153454432391000,1785153454432392000,1785153454432531000,1785153454432533000,1785153454432533000,1785153454432533000,121932490,121652369,-141.121,0.000,0.000,1.000,2.000,0.000,0.000,18.000,0,0,0
B3_zmq_pushpull,zmq_tcp,none,none,,1,17973,512,584,1785153454433611000,1785153454433611000,1785153454433611000,1785153454433612000,1785153454433780000,1785153454433783000,1785153454433783000,1785153454433783000,121932490,121652369,-112.121,0.000,0.000,1.000,3.000,0.000,0.000,29.000,0,0,0
B3_zmq_pushpull,zmq_tcp,none,none,,1,17974,512,584,1785153454434476000,1785153454434476000,1785153454434476000,1785153454434478000,1785153454434619000,1785153454434622000,1785153454434622000,1785153454434622000,121932490,121652369,-139.121,0.000,0.000,2.000,3.000,0.000,0.000,27.000,0,0,0
B3_zmq_pushpull,zmq_tcp,none,none,,1,17975,512,584,1785153454435590000,1785153454435590000,1785153454435590000,1785153454435591000,1785153454435750000,1785153454435753000,1785153454435753000,1785153454435753000,121932490,121652369,-121.121,0.000,0.000,1.000,3.000,0.000,0.000,18.000,0,0,0
B3_zmq_pushpull,zmq_tcp,none,none,,1,17976,512,584,1785153454436562000,1785153454436562000,1785153454436562000,1785153454436563000,1785153454436728000,1785153454436732000,1785153454436732000,1785153454436732000,121932490,121652369,-115.121,0.000,0.000,1.000,4.000,0.000,0.000,6.000,0,0,0
B3_zmq_pushpull,zmq_tcp,none,none,,1,17977,512,584,1785153454437417000,1785153454437418000,1785153454437418000,1785153454437419000,1785153454437567000,1785153454437570000,1785153454437570000,1785153454437570000,121932490,121652369,-132.121,1.000,0.000,1.000,3.000,0.000,0.000,17.000,0,0,0
B3_zmq_pushpull,zmq_tcp,none,none,,1,17978,512,584,1785153454438602000,1785153454438602000,1785153454438602000,1785153454438603000,1785153454438677000,1785153454438679000,1785153454438679000,1785153454438679000,121932490,121652369,-206.121,0.000,0.000,1.000,2.000,0.000,0.000,74.000,0,0,0
B3_zmq_pushpull,zmq_tcp,none,none,,1,17979,512,584,1785153454439561000,1785153454439561000,1785153454439561000,1785153454439562000,1785153454439641000,1785153454439644000,1785153454439644000,1785153454439644000,121932490,121652369,-201.121,0.000,0.000,1.000,3.000,0.000,0.000,5.000,0,0,0
B3_zmq_pushpull,zmq_tcp,none,none,,1,17980,512,584,1785153454440569000,1785153454440569000,1785153454440569000,1785153454440570000,1785153454440755000,1785153454440758000,1785153454440758000,1785153454440758000,121932490,121652369,-95.121,0.000,0.000,1.000,3.000,0.000,0.000,106.000,0,0,0
B3_zmq_pushpull,zmq_tcp,none,none,,1,17981,512,584,1785153454441563000,1785153454441564000,1785153454441564000,1785153454441565000,1785153454441732000,1785153454441736000,1785153454441736000,1785153454441736000,121932490,121652369,-113.121,1.000,0.000,1.000,4.000,0.000,0.000,18.000,0,0,0
B3_zmq_pushpull,zmq_tcp,none,none,,1,17982,512,584,1785153454442569000,1785153454442569000,1785153454442569000,1785153454442570000,1785153454442679000,1785153454442682000,1785153454442682000,1785153454442682000,121932490,121652369,-171.121,0.000,0.000,1.000,3.000,0.000,0.000,58.000,0,0,0
B3_zmq_pushpull,zmq_tcp,none,none,,1,17983,512,584,1785153454443567000,1785153454443567000,1785153454443567000,1785153454443568000,1785153454443642000,1785153454443644000,1785153454443644000,1785153454443644000,121932490,121652369,-206.121,0.000,0.000,1.000,2.000,0.000,0.000,35.000,0,0,0
B3_zmq_pushpull,zmq_tcp,none,none,,1,17984,512,584,1785153454444567000,1785153454444567000,1785153454444568000,1785153454444568000,1785153454444639000,1785153454444642000,1785153454444642000,1785153454444642000,121932490,121652369,-209.121,0.000,1.000,0.000,3.000,0.000,0.000,3.000,0,0,0
B3_zmq_pushpull,zmq_tcp,none,none,,1,17985,512,584,1785153454445570000,1785153454445570000,1785153454445570000,1785153454445571000,1785153454445637000,1785153454445639000,1785153454445639000,1785153454445639000,121932490,121652369,-214.121,0.000,0.000,1.000,2.000,0.000,0.000,5.000,0,0,0
B3_zmq_pushpull,zmq_tcp,none,none,,1,17986,512,584,1785153454446567000,1785153454446567000,1785153454446567000,1785153454446568000,1785153454446640000,1785153454446643000,1785153454446643000,1785153454446643000,121932490,121652369,-208.121,0.000,0.000,1.000,3.000,0.000,0.000,6.000,0,0,0
B3_zmq_pushpull,zmq_tcp,none,none,,1,17987,512,584,1785153454447567000,1785153454447567000,1785153454447568000,1785153454447568000,1785153454447630000,1785153454447634000,1785153454447634000,1785153454447634000,121932490,121652369,-218.121,0.000,1.000,0.000,4.000,0.000,0.000,10.000,0,0,0
B3_zmq_pushpull,zmq_tcp,none,none,,1,17988,512,584,1785153454448448000,1785153454448448000,1785153454448448000,1785153454448449000,1785153454448591000,1785153454448595000,1785153454448595000,1785153454448595000,121932490,121652369,-138.121,0.000,0.000,1.000,4.000,0.000,0.000,80.000,0,0,0
B3_zmq_pushpull,zmq_tcp,none,none,,1,17989,512,584,1785153454449422000,1785153454449423000,1785153454449423000,1785153454449424000,1785153454449575000,1785153454449578000,1785153454449578000,1785153454449578000,121932490,121652369,-129.121,1.000,0.000,1.000,3.000,0.000,0.000,9.000,0,0,0
B3_zmq_pushpull,zmq_tcp,none,none,,1,17990,512,584,1785153454450408000,1785153454450408000,1785153454450408000,1785153454450409000,1785153454450564000,1785153454450567000,1785153454450567000,1785153454450567000,121932490,121652369,-125.121,0.000,0.000,1.000,3.000,0.000,0.000,4.000,0,0,0
B3_zmq_pushpull,zmq_tcp,none,none,,1,17991,512,584,1785153454451610000,1785153454451610000,1785153454451610000,1785153454451611000,1785153454451660000,1785153454451664000,1785153454451664000,1785153454451664000,121932490,121652369,-231.121,0.000,0.000,1.000,4.000,0.000,0.000,106.000,0,0,0
B3_zmq_pushpull,zmq_tcp,none,none,,1,17992,512,584,1785153454452559000,1785153454452559000,1785153454452559000,1785153454452560000,1785153454452644000,1785153454452647000,1785153454452647000,1785153454452647000,121932490,121652369,-196.121,0.000,0.000,1.000,3.000,0.000,0.000,35.000,0,0,0
B3_zmq_pushpull,zmq_tcp,none,none,,1,17993,512,584,1785153454453570000,1785153454453571000,1785153454453571000,1785153454453572000,1785153454453646000,1785153454453649000,1785153454453649000,1785153454453649000,121932490,121652369,-206.121,1.000,0.000,1.000,3.000,0.000,0.000,10.000,0,0,0
B3_zmq_pushpull,zmq_tcp,none,none,,1,17994,512,584,1785153454454568000,1785153454454568000,1785153454454568000,1785153454454569000,1785153454454619000,1785153454454622000,1785153454454622000,1785153454454622000,121932490,121652369,-230.121,0.000,0.000,1.000,3.000,0.000,0.000,24.000,0,0,0
B3_zmq_pushpull,zmq_tcp,none,none,,1,17995,512,584,1785153454455568000,1785153454455568000,1785153454455568000,1785153454455569000,1785153454455616000,1785153454455619000,1785153454455619000,1785153454455619000,121932490,121652369,-233.121,0.000,0.000,1.000,3.000,0.000,0.000,3.000,0,0,0
B3_zmq_pushpull,zmq_tcp,none,none,,1,17996,512,584,1785153454456571000,1785153454456571000,1785153454456571000,1785153454456572000,1785153454456630000,1785153454456634000,1785153454456634000,1785153454456634000,121932490,121652369,-222.121,0.000,0.000,1.000,4.000,0.000,0.000,11.000,0,0,0
B3_zmq_pushpull,zmq_tcp,none,none,,1,17997,512,584,1785153454457474000,1785153454457474000,1785153454457474000,1785153454457475000,1785153454457632000,1785153454457635000,1785153454457635000,1785153454457635000,121932490,121652369,-123.121,0.000,0.000,1.000,3.000,0.000,0.000,99.000,0,0,0
B3_zmq_pushpull,zmq_tcp,none,none,,1,17998,512,584,1785153454458593000,1785153454458593000,1785153454458593000,1785153454458594000,1785153454458771000,1785153454458773000,1785153454458774000,1785153454458774000,121932490,121652369,-103.121,0.000,0.000,1.000,2.000,1.000,0.000,20.000,0,0,0
B3_zmq_pushpull,zmq_tcp,none,none,,1,17999,512,584,1785153454459480000,1785153454459480000,1785153454459480000,1785153454459481000,1785153454459636000,1785153454459642000,1785153454459642000,1785153454459642000,121932490,121652369,-125.121,0.000,0.000,1.000,6.000,0.000,0.000,22.000,0,0,0
B3_zmq_pushpull,zmq_tcp,none,none,,1,18000,512,584,1785153454460592000,1785153454460592000,1785153454460592000,1785153454460593000,1785153454460646000,1785153454460650000,1785153454460650000,1785153454460650000,121932490,121652369,-227.121,0.000,0.000,1.000,4.000,0.000,0.000,102.000,0,0,0
B3_zmq_pushpull,zmq_tcp,none,none,,1,18001,512,584,1785153454461563000,1785153454461563000,1785153454461563000,1785153454461564000,1785153454461647000,1785153454461649000,1785153454461649000,1785153454461650000,121932490,121652369,-197.121,0.000,0.000,1.000,2.000,0.000,1.000,30.000,0,0,0
B3_zmq_pushpull,zmq_tcp,none,none,,1,18002,512,584,1785153454462570000,1785153454462570000,1785153454462570000,1785153454462571000,1785153454462652000,1785153454462655000,1785153454462655000,1785153454462655000,121932490,121652369,-199.121,0.000,0.000,1.000,3.000,0.000,0.000,2.000,0,0,0
B3_zmq_pushpull,zmq_tcp,none,none,,1,18003,512,584,1785153454463497000,1785153454463497000,1785153454463497000,1785153454463498000,1785153454463641000,1785153454463644000,1785153454463644000,1785153454463644000,121932490,121652369,-137.121,0.000,0.000,1.000,3.000,0.000,0.000,62.000,0,0,0
B3_zmq_pushpull,zmq_tcp,none,none,,1,18004,512,584,1785153454464590000,1785153454464590000,1785153454464590000,1785153454464591000,1785153454464652000,1785153454464655000,1785153454464655000,1785153454464655000,121932490,121652369,-219.121,0.000,0.000,1.000,3.000,0.000,0.000,82.000,0,0,0
B3_zmq_pushpull,zmq_tcp,none,none,,1,18005,512,584,1785153454465563000,1785153454465563000,1785153454465563000,1785153454465564000,1785153454465642000,1785153454465644000,1785153454465644000,1785153454465644000,121932490,121652369,-202.121,0.000,0.000,1.000,2.000,0.000,0.000,17.000,0,0,0
B3_zmq_pushpull,zmq_tcp,none,none,,1,18006,512,584,1785153454466571000,1785153454466572000,1785153454466572000,1785153454466573000,1785153454466637000,1785153454466640000,1785153454466640000,1785153454466640000,121932490,121652369,-216.121,1.000,0.000,1.000,3.000,0.000,0.000,14.000,0,0,0
B3_zmq_pushpull,zmq_tcp,none,none,,1,18007,512,584,1785153454467572000,1785153454467572000,1785153454467572000,1785153454467573000,1785153454467642000,1785153454467644000,1785153454467644000,1785153454467644000,121932490,121652369,-211.121,0.000,0.000,1.000,2.000,0.000,0.000,5.000,0,0,0
B3_zmq_pushpull,zmq_tcp,none,none,,1,18008,512,584,1785153454468569000,1785153454468569000,1785153454468569000,1785153454468570000,1785153454468643000,1785153454468646000,1785153454468646000,1785153454468646000,121932490,121652369,-207.121,0.000,0.000,1.000,3.000,0.000,0.000,4.000,0,0,0
B3_zmq_pushpull,zmq_tcp,none,none,,1,18009,512,584,1785153454469569000,1785153454469569000,1785153454469569000,1785153454469570000,1785153454469639000,1785153454469641000,1785153454469641000,1785153454469641000,121932490,121652369,-211.121,0.000,0.000,1.000,2.000,0.000,0.000,4.000,0,0,0
B3_zmq_pushpull,zmq_tcp,none,none,,1,18010,512,584,1785153454470569000,1785153454470569000,1785153454470569000,1785153454470570000,1785153454470629000,1785153454470632000,1785153454470632000,1785153454470632000,121932490,121652369,-221.121,0.000,0.000,1.000,3.000,0.000,0.000,10.000,0,0,0
B3_zmq_pushpull,zmq_tcp,none,none,,1,18011,512,584,1785153454471569000,1785153454471569000,1785153454471569000,1785153454471570000,1785153454471637000,1785153454471640000,1785153454471640000,1785153454471640000,121932490,121652369,-213.121,0.000,0.000,1.000,3.000,0.000,0.000,8.000,0,0,0
B3_zmq_pushpull,zmq_tcp,none,none,,1,18012,512,584,1785153454472571000,1785153454472571000,1785153454472572000,1785153454472573000,1785153454472639000,1785153454472641000,1785153454472642000,1785153454472642000,121932490,121652369,-214.121,0.000,1.000,1.000,2.000,1.000,0.000,1.000,0,0,0
B3_zmq_pushpull,zmq_tcp,none,none,,1,18013,512,584,1785153454473569000,1785153454473569000,1785153454473569000,1785153454473570000,1785153454473629000,1785153454473631000,1785153454473631000,1785153454473631000,121932490,121652369,-221.121,0.000,0.000,1.000,2.000,0.000,0.000,7.000,0,0,0
B3_zmq_pushpull,zmq_tcp,none,none,,1,18014,512,584,1785153454474570000,1785153454474570000,1785153454474570000,1785153454474571000,1785153454474648000,1785153454474651000,1785153454474651000,1785153454474651000,121932490,121652369,-203.121,0.000,0.000,1.000,3.000,0.000,0.000,18.000,0,0,0
B3_zmq_pushpull,zmq_tcp,none,none,,1,18015,512,584,1785153454475476000,1785153454475476000,1785153454475476000,1785153454475477000,1785153454475632000,1785153454475635000,1785153454475635000,1785153454475635000,121932490,121652369,-125.121,0.000,0.000,1.000,3.000,0.000,0.000,78.000,0,0,0
B3_zmq_pushpull,zmq_tcp,none,none,,1,18016,512,584,1785153454476465000,1785153454476465000,1785153454476465000,1785153454476466000,1785153454476619000,1785153454476622000,1785153454476622000,1785153454476622000,121932490,121652369,-127.121,0.000,0.000,1.000,3.000,0.000,0.000,2.000,0,0,0
B3_zmq_pushpull,zmq_tcp,none,none,,1,18017,512,584,1785153454477451000,1785153454477451000,1785153454477451000,1785153454477452000,1785153454477607000,1785153454477609000,1785153454477609000,1785153454477609000,121932490,121652369,-125.121,0.000,0.000,1.000,2.000,0.000,0.000,2.000,0,0,0
B3_zmq_pushpull,zmq_tcp,none,none,,1,18018,512,584,1785153454478599000,1785153454478600000,1785153454478600000,1785153454478601000,1785153454478752000,1785153454478755000,1785153454478755000,1785153454478755000,121932490,121652369,-129.121,1.000,0.000,1.000,3.000,0.000,0.000,4.000,0,0,0
B3_zmq_pushpull,zmq_tcp,none,none,,1,18019,512,584,1785153454479558000,1785153454479558000,1785153454479558000,1785153454479559000,1785153454479622000,1785153454479625000,1785153454479625000,1785153454479625000,121932490,121652369,-217.121,0.000,0.000,1.000,3.000,0.000,0.000,88.000,0,0,0
B3_zmq_pushpull,zmq_tcp,none,none,,1,18020,512,584,1785153454480470000,1785153454480470000,1785153454480470000,1785153454480471000,1785153454480626000,1785153454480628000,1785153454480628000,1785153454480628000,121932490,121652369,-125.121,0.000,0.000,1.000,2.000,0.000,0.000,92.000,0,0,0
B3_zmq_pushpull,zmq_tcp,none,none,,1,18021,512,584,1785153454481594000,1785153454481594000,1785153454481594000,1785153454481595000,1785153454481766000,1785153454481768000,1785153454481769000,1785153454481769000,121932490,121652369,-109.121,0.000,0.000,1.000,2.000,1.000,0.000,16.000,0,0,0
B3_zmq_pushpull,zmq_tcp,none,none,,1,18022,512,584,1785153454482562000,1785153454482562000,1785153454482562000,1785153454482563000,1785153454482623000,1785153454482626000,1785153454482626000,1785153454482626000,121932490,121652369,-220.121,0.000,0.000,1.000,3.000,0.000,0.000,111.000,0,0,0
B3_zmq_pushpull,zmq_tcp,none,none,,1,18023,512,584,1785153454483570000,1785153454483570000,1785153454483570000,1785153454483571000,1785153454483620000,1785153454483623000,1785153454483623000,1785153454483623000,121932490,121652369,-231.121,0.000,0.000,1.000,3.000,0.000,0.000,11.000,0,0,0
B3_zmq_pushpull,zmq_tcp,none,none,,1,18024,512,584,1785153454484576000,1785153454484576000,1785153454484576000,1785153454484577000,1785153454484624000,1785153454484628000,1785153454484628000,1785153454484628000,121932490,121652369,-233.121,0.000,0.000,1.000,4.000,0.000,0.000,2.000,0,0,0
B3_zmq_pushpull,zmq_tcp,none,none,,1,18025,512,584,1785153454485567000,1785153454485567000,1785153454485568000,1785153454485568000,1785153454485625000,1785153454485628000,1785153454485628000,1785153454485628000,121932490,121652369,-223.121,0.000,1.000,0.000,3.000,0.000,0.000,10.000,0,0,0
B3_zmq_pushpull,zmq_tcp,none,none,,1,18026,512,584,1785153454486568000,1785153454486568000,1785153454486568000,1785153454486569000,1785153454486618000,1785153454486621000,1785153454486621000,1785153454486621000,121932490,121652369,-231.121,0.000,0.000,1.000,3.000,0.000,0.000,8.000,0,0,0
B3_zmq_pushpull,zmq_tcp,none,none,,1,18027,512,584,1785153454487569000,1785153454487569000,1785153454487569000,1785153454487570000,1785153454487754000,1785153454487756000,1785153454487756000,1785153454487756000,121932490,121652369,-96.121,0.000,0.000,1.000,2.000,0.000,0.000,135.000,0,0,0
B3_zmq_pushpull,zmq_tcp,none,none,,1,18028,512,584,1785153454488452000,1785153454488453000,1785153454488453000,1785153454488454000,1785153454488598000,1785153454488601000,1785153454488601000,1785153454488601000,121932490,121652369,-136.121,1.000,0.000,1.000,3.000,0.000,0.000,40.000,0,0,0
B3_zmq_pushpull,zmq_tcp,none,none,,1,18029,512,584,1785153454489598000,1785153454489598000,1785153454489598000,1785153454489599000,1785153454489725000,1785153454489727000,1785153454489727000,1785153454489727000,121932490,121652369,-154.121,0.000,0.000,1.000,2.000,0.000,0.000,18.000,0,0,0
B3_zmq_pushpull,zmq_tcp,none,none,,1,18030,512,584,1785153454490558000,1785153454490558000,1785153454490558000,1785153454490559000,1785153454490724000,1785153454490727000,1785153454490728000,1785153454490728000,121932490,121652369,-115.121,0.000,0.000,1.000,3.000,1.000,0.000,39.000,0,0,0
B3_zmq_pushpull,zmq_tcp,none,none,,1,18031,512,584,1785153454491571000,1785153454491571000,1785153454491571000,1785153454491572000,1785153454491703000,1785153454491706000,1785153454491706000,1785153454491706000,121932490,121652369,-149.121,0.000,0.000,1.000,3.000,0.000,0.000,34.000,0,0,0
B3_zmq_pushpull,zmq_tcp,none,none,,1,18032,512,584,1785153454492573000,1785153454492573000,1785153454492573000,1785153454492574000,1785153454492715000,1785153454492718000,1785153454492718000,1785153454492718000,121932490,121652369,-139.121,0.000,0.000,1.000,3.000,0.000,0.000,10.000,0,0,0
B3_zmq_pushpull,zmq_tcp,none,none,,1,18033,512,584,1785153454493567000,1785153454493568000,1785153454493568000,1785153454493569000,1785153454493730000,1785153454493732000,1785153454493732000,1785153454493732000,121932490,121652369,-119.121,1.000,0.000,1.000,2.000,0.000,0.000,20.000,0,0,0
B3_zmq_pushpull,zmq_tcp,none,none,,1,18034,512,584,1785153454494569000,1785153454494569000,1785153454494569000,1785153454494570000,1785153454494740000,1785153454494743000,1785153454494743000,1785153454494743000,121932490,121652369,-110.121,0.000,0.000,1.000,3.000,0.000,0.000,9.000,0,0,0
B3_zmq_pushpull,zmq_tcp,none,none,,1,18035,512,584,1785153454495569000,1785153454495569000,1785153454495569000,1785153454495570000,1785153454495735000,1785153454495738000,1785153454495738000,1785153454495738000,121932490,121652369,-115.121,0.000,0.000,1.000,3.000,0.000,0.000,5.000,0,0,0
B3_zmq_pushpull,zmq_tcp,none,none,,1,18036,512,584,1785153454496569000,1785153454496569000,1785153454496569000,1785153454496570000,1785153454496732000,1785153454496735000,1785153454496735000,1785153454496735000,121932490,121652369,-118.121,0.000,0.000,1.000,3.000,0.000,0.000,3.000,0,0,0
B3_zmq_pushpull,zmq_tcp,none,none,,1,18037,512,584,1785153454497566000,1785153454497566000,1785153454497566000,1785153454497567000,1785153454497606000,1785153454497609000,1785153454497609000,1785153454497609000,121932490,121652369,-241.121,0.000,0.000,1.000,3.000,0.000,0.000,123.000,0,0,0
B3_zmq_pushpull,zmq_tcp,none,none,,1,18038,512,584,1785153454498570000,1785153454498570000,1785153454498570000,1785153454498571000,1785153454498718000,1785153454498721000,1785153454498721000,1785153454498721000,121932490,121652369,-133.121,0.000,0.000,1.000,3.000,0.000,0.000,108.000,0,0,0
B3_zmq_pushpull,zmq_tcp,none,none,,1,18039,512,584,1785153454499568000,1785153454499569000,1785153454499569000,1785153454499570000,1785153454499710000,1785153454499712000,1785153454499712000,1785153454499712000,121932490,121652369,-140.121,1.000,0.000,1.000,2.000,0.000,0.000,7.000,0,0,0
B3_zmq_pushpull,zmq_tcp,none,none,,1,18040,512,584,1785153454500570000,1785153454500570000,1785153454500570000,1785153454500571000,1785153454500711000,1785153454500713000,1785153454500713000,1785153454500713000,121932490,121652369,-140.121,0.000,0.000,1.000,2.000,0.000,0.000,0.000,0,0,0
B3_zmq_pushpull,zmq_tcp,none,none,,1,18041,512,584,1785153454501566000,1785153454501566000,1785153454501566000,1785153454501567000,1785153454501716000,1785153454501719000,1785153454501719000,1785153454501719000,121932490,121652369,-131.121,0.000,0.000,1.000,3.000,0.000,0.000,9.000,0,0,0
B3_zmq_pushpull,zmq_tcp,none,none,,1,18042,512,584,1785153454502570000,1785153454502570000,1785153454502570000,1785153454502571000,1785153454502707000,1785153454502710000,1785153454502710000,1785153454502710000,121932490,121652369,-144.121,0.000,0.000,1.000,3.000,0.000,0.000,13.000,0,0,0
B3_zmq_pushpull,zmq_tcp,none,none,,1,18043,512,584,1785153454503569000,1785153454503569000,1785153454503569000,1785153454503570000,1785153454503702000,1785153454503704000,1785153454503704000,1785153454503704000,121932490,121652369,-148.121,0.000,0.000,1.000,2.000,0.000,0.000,4.000,0,0,0
B3_zmq_pushpull,zmq_tcp,none,none,,1,18044,512,584,1785153454504569000,1785153454504569000,1785153454504570000,1785153454504570000,1785153454504687000,1785153454504690000,1785153454504690000,1785153454504690000,121932490,121652369,-163.121,0.000,1.000,0.000,3.000,0.000,0.000,15.000,0,0,0
B3_zmq_pushpull,zmq_tcp,none,none,,1,18045,512,584,1785153454505380000,1785153454505381000,1785153454505381000,1785153454505382000,1785153454505526000,1785153454505528000,1785153454505528000,1785153454505528000,121932490,121652369,-136.121,1.000,0.000,1.000,2.000,0.000,0.000,27.000,0,0,0
B3_zmq_pushpull,zmq_tcp,none,none,,1,18046,512,584,1785153454506616000,1785153454506616000,1785153454506616000,1785153454506617000,1785153454506682000,1785153454506684000,1785153454506684000,1785153454506684000,121932490,121652369,-215.121,0.000,0.000,1.000,2.000,0.000,0.000,79.000,0,0,0
B3_zmq_pushpull,zmq_tcp,none,none,,1,18047,512,584,1785153454507557000,1785153454507557000,1785153454507557000,1785153454507558000,1785153454507687000,1785153454507690000,1785153454507690000,1785153454507690000,121932490,121652369,-151.121,0.000,0.000,1.000,3.000,0.000,0.000,64.000,0,0,0
B3_zmq_pushpull,zmq_tcp,none,none,,1,18048,512,584,1785153454508571000,1785153454508571000,1785153454508572000,1785153454508572000,1785153454508699000,1785153454508702000,1785153454508702000,1785153454508702000,121932490,121652369,-153.121,0.000,1.000,0.000,3.000,0.000,0.000,2.000,0,0,0
B3_zmq_pushpull,zmq_tcp,none,none,,1,18049,512,584,1785153454509567000,1785153454509568000,1785153454509568000,1785153454509569000,1785153454509707000,1785153454509710000,1785153454509710000,1785153454509710000,121932490,121652369,-142.121,1.000,0.000,1.000,3.000,0.000,0.000,11.000,0,0,0
B3_zmq_pushpull,zmq_tcp,none,none,,1,18050,512,584,1785153454510569000,1785153454510569000,1785153454510569000,1785153454510570000,1785153454510687000,1785153454510690000,1785153454510690000,1785153454510690000,121932490,121652369,-163.121,0.000,0.000,1.000,3.000,0.000,0.000,21.000,0,0,0
B3_zmq_pushpull,zmq_tcp,none,none,,1,18051,512,584,1785153454511569000,1785153454511569000,1785153454511569000,1785153454511570000,1785153454511696000,1785153454511699000,1785153454511699000,1785153454511699000,121932490,121652369,-154.121,0.000,0.000,1.000,3.000,0.000,0.000,9.000,0,0,0
B3_zmq_pushpull,zmq_tcp,none,none,,1,18052,512,584,1785153454512569000,1785153454512569000,1785153454512569000,1785153454512570000,1785153454512682000,1785153454512684000,1785153454512684000,1785153454512684000,121932490,121652369,-168.121,0.000,0.000,1.000,2.000,0.000,0.000,14.000,0,0,0
B3_zmq_pushpull,zmq_tcp,none,none,,1,18053,512,584,1785153454513569000,1785153454513569000,1785153454513569000,1785153454513570000,1785153454513675000,1785153454513678000,1785153454513678000,1785153454513678000,121932490,121652369,-175.121,0.000,0.000,1.000,3.000,0.000,0.000,7.000,0,0,0
B3_zmq_pushpull,zmq_tcp,none,none,,1,18054,512,584,1785153454514569000,1785153454514569000,1785153454514569000,1785153454514570000,1785153454514674000,1785153454514676000,1785153454514676000,1785153454514676000,121932490,121652369,-176.121,0.000,0.000,1.000,2.000,0.000,0.000,1.000,0,0,0
B3_zmq_pushpull,zmq_tcp,none,none,,1,18055,512,584,1785153454515570000,1785153454515570000,1785153454515570000,1785153454515571000,1785153454515666000,1785153454515669000,1785153454515669000,1785153454515669000,121932490,121652369,-185.121,0.000,0.000,1.000,3.000,0.000,0.000,9.000,0,0,0
B3_zmq_pushpull,zmq_tcp,none,none,,1,18056,512,584,1785153454516568000,1785153454516568000,1785153454516568000,1785153454516569000,1785153454516656000,1785153454516659000,1785153454516659000,1785153454516659000,121932490,121652369,-193.121,0.000,0.000,1.000,3.000,0.000,0.000,8.000,0,0,0
B3_zmq_pushpull,zmq_tcp,none,none,,1,18057,512,584,1785153454517569000,1785153454517569000,1785153454517569000,1785153454517570000,1785153454517646000,1785153454517648000,1785153454517648000,1785153454517648000,121932490,121652369,-204.121,0.000,0.000,1.000,2.000,0.000,0.000,11.000,0,0,0
B3_zmq_pushpull,zmq_tcp,none,none,,1,18058,512,584,1785153454518569000,1785153454518569000,1785153454518569000,1785153454518570000,1785153454518613000,1785153454518617000,1785153454518617000,1785153454518617000,121932490,121652369,-237.121,0.000,0.000,1.000,4.000,0.000,0.000,33.000,0,0,0
B3_zmq_pushpull,zmq_tcp,none,none,,1,18059,512,584,1785153454519569000,1785153454519569000,1785153454519569000,1785153454519570000,1785153454519627000,1785153454519630000,1785153454519630000,1785153454519630000,121932490,121652369,-223.121,0.000,0.000,1.000,3.000,0.000,0.000,14.000,0,0,0
B3_zmq_pushpull,zmq_tcp,none,none,,1,18060,512,584,1785153454520566000,1785153454520566000,1785153454520566000,1785153454520567000,1785153454520623000,1785153454520626000,1785153454520626000,1785153454520626000,121932490,121652369,-224.121,0.000,0.000,1.000,3.000,0.000,0.000,1.000,0,0,0
B3_zmq_pushpull,zmq_tcp,none,none,,1,18061,512,584,1785153454521571000,1785153454521571000,1785153454521571000,1785153454521572000,1785153454521638000,1785153454521640000,1785153454521640000,1785153454521640000,121932490,121652369,-214.121,0.000,0.000,1.000,2.000,0.000,0.000,10.000,0,0,0
B3_zmq_pushpull,zmq_tcp,none,none,,1,18062,512,584,1785153454522569000,1785153454522569000,1785153454522569000,1785153454522570000,1785153454522648000,1785153454522651000,1785153454522651000,1785153454522651000,121932490,121652369,-202.121,0.000,0.000,1.000,3.000,0.000,0.000,12.000,0,0,0
B3_zmq_pushpull,zmq_tcp,none,none,,1,18063,512,584,1785153454523569000,1785153454523569000,1785153454523569000,1785153454523570000,1785153454523655000,1785153454523658000,1785153454523658000,1785153454523658000,121932490,121652369,-195.121,0.000,0.000,1.000,3.000,0.000,0.000,7.000,0,0,0
B3_zmq_pushpull,zmq_tcp,none,none,,1,18064,512,584,1785153454524566000,1785153454524566000,1785153454524566000,1785153454524567000,1785153454524650000,1785153454524652000,1785153454524652000,1785153454524652000,121932490,121652369,-197.121,0.000,0.000,1.000,2.000,0.000,0.000,2.000,0,0,0
B3_zmq_pushpull,zmq_tcp,none,none,,1,18065,512,584,1785153454525570000,1785153454525570000,1785153454525570000,1785153454525571000,1785153454525640000,1785153454525643000,1785153454525643000,1785153454525643000,121932490,121652369,-211.121,0.000,0.000,1.000,3.000,0.000,0.000,14.000,0,0,0
B3_zmq_pushpull,zmq_tcp,none,none,,1,18066,512,584,1785153454526569000,1785153454526569000,1785153454526569000,1785153454526570000,1785153454526628000,1785153454526631000,1785153454526631000,1785153454526631000,121932490,121652369,-222.121,0.000,0.000,1.000,3.000,0.000,0.000,11.000,0,0,0
B3_zmq_pushpull,zmq_tcp,none,none,,1,18067,512,584,1785153454527570000,1785153454527570000,1785153454527570000,1785153454527571000,1785153454527759000,1785153454527762000,1785153454527762000,1785153454527762000,121932490,121652369,-92.121,0.000,0.000,1.000,3.000,0.000,0.000,130.000,0,0,0
B3_zmq_pushpull,zmq_tcp,none,none,,1,18068,512,584,1785153454528569000,1785153454528569000,1785153454528569000,1785153454528570000,1785153454528613000,1785153454528619000,1785153454528619000,1785153454528619000,121932490,121652369,-237.121,0.000,0.000,1.000,6.000,0.000,0.000,145.000,0,0,0
B3_zmq_pushpull,zmq_tcp,none,none,,1,18069,512,584,1785153454529569000,1785153454529569000,1785153454529569000,1785153454529570000,1785153454529629000,1785153454529631000,1785153454529631000,1785153454529631000,121932490,121652369,-221.121,0.000,0.000,1.000,2.000,0.000,0.000,16.000,0,0,0
B3_zmq_pushpull,zmq_tcp,none,none,,1,18070,512,584,1785153454530457000,1785153454530457000,1785153454530458000,1785153454530458000,1785153454530607000,1785153454530610000,1785153454530610000,1785153454530610000,121932490,121652369,-131.121,0.000,1.000,0.000,3.000,0.000,0.000,90.000,0,0,0
B3_zmq_pushpull,zmq_tcp,none,none,,1,18071,512,584,1785153454531597000,1785153454531597000,1785153454531597000,1785153454531598000,1785153454531746000,1785153454531748000,1785153454531748000,1785153454531748000,121932490,121652369,-132.121,0.000,0.000,1.000,2.000,0.000,0.000,1.000,0,0,0
B3_zmq_pushpull,zmq_tcp,none,none,,1,18072,512,584,1785153454532560000,1785153454532560000,1785153454532560000,1785153454532561000,1785153454532601000,1785153454532604000,1785153454532604000,1785153454532604000,121932490,121652369,-240.121,0.000,0.000,1.000,3.000,0.000,0.000,108.000,0,0,0
B3_zmq_pushpull,zmq_tcp,none,none,,1,18073,512,584,1785153454533572000,1785153454533572000,1785153454533572000,1785153454533573000,1785153454533748000,1785153454533751000,1785153454533751000,1785153454533751000,121932490,121652369,-105.121,0.000,0.000,1.000,3.000,0.000,0.000,135.000,0,0,0
B3_zmq_pushpull,zmq_tcp,none,none,,1,18074,512,584,1785153454534568000,1785153454534568000,1785153454534568000,1785153454534569000,1785153454534626000,1785153454534629000,1785153454534629000,1785153454534629000,121932490,121652369,-223.121,0.000,0.000,1.000,3.000,0.000,0.000,118.000,0,0,0
B3_zmq_pushpull,zmq_tcp,none,none,,1,18075,512,584,1785153454535573000,1785153454535573000,1785153454535573000,1785153454535574000,1785153454535647000,1785153454535650000,1785153454535650000,1785153454535650000,121932490,121652369,-207.121,0.000,0.000,1.000,3.000,0.000,0.000,16.000,0,0,0
B3_zmq_pushpull,zmq_tcp,none,none,,1,18076,512,584,1785153454536565000,1785153454536565000,1785153454536565000,1785153454536566000,1785153454536618000,1785153454536621000,1785153454536621000,1785153454536621000,121932490,121652369,-228.121,0.000,0.000,1.000,3.000,0.000,0.000,21.000,0,0,0
B3_zmq_pushpull,zmq_tcp,none,none,,1,18077,512,584,1785153454537462000,1785153454537463000,1785153454537463000,1785153454537464000,1785153454537618000,1785153454537620000,1785153454537621000,1785153454537621000,121932490,121652369,-126.121,1.000,0.000,1.000,2.000,1.000,0.000,102.000,0,0,0
B3_zmq_pushpull,zmq_tcp,none,none,,1,18078,512,584,1785153454538459000,1785153454538459000,1785153454538459000,1785153454538460000,1785153454538605000,1785153454538608000,1785153454538608000,1785153454538608000,121932490,121652369,-135.121,0.000,0.000,1.000,3.000,0.000,0.000,9.000,0,0,0
B3_zmq_pushpull,zmq_tcp,none,none,,1,18079,512,584,1785153454539455000,1785153454539455000,1785153454539455000,1785153454539456000,1785153454539608000,1785153454539611000,1785153454539611000,1785153454539611000,121932490,121652369,-128.121,0.000,0.000,1.000,3.000,0.000,0.000,7.000,0,0,0
B3_zmq_pushpull,zmq_tcp,none,none,,1,18080,512,584,1785153454540463000,1785153454540463000,1785153454540463000,1785153454540464000,1785153454540627000,1785153454540630000,1785153454540630000,1785153454540630000,121932490,121652369,-117.121,0.000,0.000,1.000,3.000,0.000,0.000,11.000,0,0,0
B3_zmq_pushpull,zmq_tcp,none,none,,1,18081,512,584,1785153454541481000,1785153454541481000,1785153454541481000,1785153454541482000,1785153454541639000,1785153454541642000,1785153454541642000,1785153454541642000,121932490,121652369,-123.121,0.000,0.000,1.000,3.000,0.000,0.000,6.000,0,0,0
B3_zmq_pushpull,zmq_tcp,none,none,,1,18082,512,584,1785153454542496000,1785153454542496000,1785153454542496000,1785153454542497000,1785153454542654000,1785153454542656000,1785153454542656000,1785153454542657000,121932490,121652369,-123.121,0.000,0.000,1.000,2.000,0.000,1.000,0.000,0,0,0
B3_zmq_pushpull,zmq_tcp,none,none,,1,18083,512,584,1785153454543499000,1785153454543499000,1785153454543499000,1785153454543500000,1785153454543662000,1785153454543665000,1785153454543665000,1785153454543665000,121932490,121652369,-118.121,0.000,0.000,1.000,3.000,0.000,0.000,5.000,0,0,0
B3_zmq_pushpull,zmq_tcp,none,none,,1,18084,512,584,1785153454544588000,1785153454544588000,1785153454544588000,1785153454544589000,1785153454544664000,1785153454544667000,1785153454544667000,1785153454544667000,121932490,121652369,-205.121,0.000,0.000,1.000,3.000,0.000,0.000,87.000,0,0,0
B3_zmq_pushpull,zmq_tcp,none,none,,1,18085,512,584,1785153454545565000,1785153454545565000,1785153454545565000,1785153454545566000,1785153454545672000,1785153454545676000,1785153454545676000,1785153454545676000,121932490,121652369,-174.121,0.000,0.000,1.000,4.000,0.000,0.000,31.000,0,0,0
B3_zmq_pushpull,zmq_tcp,none,none,,1,18086,512,584,1785153454546375000,1785153454546375000,1785153454546375000,1785153454546376000,1785153454546520000,1785153454546522000,1785153454546522000,1785153454546522000,121932490,121652369,-136.121,0.000,0.000,1.000,2.000,0.000,0.000,38.000,0,0,0
B3_zmq_pushpull,zmq_tcp,none,none,,1,18087,512,584,1785153454547375000,1785153454547375000,1785153454547375000,1785153454547376000,1785153454547517000,1785153454547519000,1785153454547519000,1785153454547519000,121932490,121652369,-139.121,0.000,0.000,1.000,2.000,0.000,0.000,3.000,0,0,0
B3_zmq_pushpull,zmq_tcp,none,none,,1,18088,512,584,1785153454548374000,1785153454548375000,1785153454548375000,1785153454548376000,1785153454548519000,1785153454548522000,1785153454548522000,1785153454548522000,121932490,121652369,-137.121,1.000,0.000,1.000,3.000,0.000,0.000,2.000,0,0,0
B3_zmq_pushpull,zmq_tcp,none,none,,1,18089,512,584,1785153454549621000,1785153454549621000,1785153454549621000,1785153454549622000,1785153454549682000,1785153454549684000,1785153454549685000,1785153454549685000,121932490,121652369,-220.121,0.000,0.000,1.000,2.000,1.000,0.000,83.000,0,0,0
B3_zmq_pushpull,zmq_tcp,none,none,,1,18090,512,584,1785153454550374000,1785153454550374000,1785153454550374000,1785153454550375000,1785153454550533000,1785153454550535000,1785153454550535000,1785153454550535000,121932490,121652369,-122.121,0.000,0.000,1.000,2.000,0.000,0.000,98.000,0,0,0
B3_zmq_pushpull,zmq_tcp,none,none,,1,18091,512,584,1785153454551619000,1785153454551619000,1785153454551619000,1785153454551620000,1785153454551667000,1785153454551670000,1785153454551671000,1785153454551671000,121932490,121652369,-233.121,0.000,0.000,1.000,3.000,1.000,0.000,111.000,0,0,0
B3_zmq_pushpull,zmq_tcp,none,none,,1,18092,512,584,1785153454552377000,1785153454552378000,1785153454552378000,1785153454552379000,1785153454552532000,1785153454552535000,1785153454552535000,1785153454552535000,121932490,121652369,-127.121,1.000,0.000,1.000,3.000,0.000,0.000,106.000,0,0,0
B3_zmq_pushpull,zmq_tcp,none,none,,1,18093,512,584,1785153454553376000,1785153454553376000,1785153454553377000,1785153454553377000,1785153454553521000,1785153454553523000,1785153454553523000,1785153454553523000,121932490,121652369,-136.121,0.000,1.000,0.000,2.000,0.000,0.000,9.000,0,0,0
B3_zmq_pushpull,zmq_tcp,none,none,,1,18094,512,584,1785153454554614000,1785153454554615000,1785153454554615000,1785153454554616000,1785153454554678000,1785153454554681000,1785153454554681000,1785153454554681000,121932490,121652369,-218.121,1.000,0.000,1.000,3.000,0.000,0.000,82.000,0,0,0
B3_zmq_pushpull,zmq_tcp,none,none,,1,18095,512,584,1785153454555563000,1785153454555563000,1785153454555563000,1785153454555564000,1785153454555678000,1785153454555681000,1785153454555681000,1785153454555681000,121932490,121652369,-166.121,0.000,0.000,1.000,3.000,0.000,0.000,52.000,0,0,0
B3_zmq_pushpull,zmq_tcp,none,none,,1,18096,512,584,1785153454556571000,1785153454556571000,1785153454556571000,1785153454556572000,1785153454556665000,1785153454556668000,1785153454556668000,1785153454556668000,121932490,121652369,-187.121,0.000,0.000,1.000,3.000,0.000,0.000,21.000,0,0,0
B3_zmq_pushpull,zmq_tcp,none,none,,1,18097,512,584,1785153454557566000,1785153454557566000,1785153454557566000,1785153454557567000,1785153454557657000,1785153454557660000,1785153454557660000,1785153454557660000,121932490,121652369,-190.121,0.000,0.000,1.000,3.000,0.000,0.000,3.000,0,0,0
B3_zmq_pushpull,zmq_tcp,none,none,,1,18098,512,584,1785153454558571000,1785153454558571000,1785153454558571000,1785153454558572000,1785153454558647000,1785153454558649000,1785153454558649000,1785153454558649000,121932490,121652369,-205.121,0.000,0.000,1.000,2.000,0.000,0.000,15.000,0,0,0
B3_zmq_pushpull,zmq_tcp,none,none,,1,18099,512,584,1785153454559569000,1785153454559569000,1785153454559569000,1785153454559570000,1785153454559625000,1785153454559627000,1785153454559627000,1785153454559627000,121932490,121652369,-225.121,0.000,0.000,1.000,2.000,0.000,0.000,20.000,0,0,0
B3_zmq_pushpull,zmq_tcp,none,none,,1,18100,512,584,1785153454560569000,1785153454560569000,1785153454560569000,1785153454560570000,1785153454560614000,1785153454560618000,1785153454560618000,1785153454560618000,121932490,121652369,-236.121,0.000,0.000,1.000,4.000,0.000,0.000,11.000,0,0,0
B3_zmq_pushpull,zmq_tcp,none,none,,1,18101,512,584,1785153454561568000,1785153454561568000,1785153454561568000,1785153454561569000,1785153454561736000,1785153454561739000,1785153454561740000,1785153454561740000,121932490,121652369,-113.121,0.000,0.000,1.000,3.000,1.000,0.000,123.000,0,0,0
B3_zmq_pushpull,zmq_tcp,none,none,,1,18102,512,584,1785153454562569000,1785153454562569000,1785153454562569000,1785153454562570000,1785153454562734000,1785153454562737000,1785153454562737000,1785153454562737000,121932490,121652369,-116.121,0.000,0.000,1.000,3.000,0.000,0.000,3.000,0,0,0
B3_zmq_pushpull,zmq_tcp,none,none,,1,18103,512,584,1785153454563569000,1785153454563569000,1785153454563569000,1785153454563570000,1785153454563734000,1785153454563737000,1785153454563737000,1785153454563737000,121932490,121652369,-116.121,0.000,0.000,1.000,3.000,0.000,0.000,0.000,0,0,0
B3_zmq_pushpull,zmq_tcp,none,none,,1,18104,512,584,1785153454564570000,1785153454564570000,1785153454564571000,1785153454564571000,1785153454564742000,1785153454564745000,1785153454564745000,1785153454564745000,121932490,121652369,-109.121,0.000,1.000,0.000,3.000,0.000,0.000,7.000,0,0,0
B3_zmq_pushpull,zmq_tcp,none,none,,1,18105,512,584,1785153454565568000,1785153454565569000,1785153454565569000,1785153454565570000,1785153454565739000,1785153454565742000,1785153454565742000,1785153454565742000,121932490,121652369,-111.121,1.000,0.000,1.000,3.000,0.000,0.000,2.000,0,0,0
B3_zmq_pushpull,zmq_tcp,none,none,,1,18106,512,584,1785153454566570000,1785153454566570000,1785153454566570000,1785153454566571000,1785153454566612000,1785153454566616000,1785153454566616000,1785153454566616000,121932490,121652369,-239.121,0.000,0.000,1.000,4.000,0.000,0.000,128.000,0,0,0
B3_zmq_pushpull,zmq_tcp,none,none,,1,18107,512,584,1785153454567569000,1785153454567569000,1785153454567569000,1785153454567570000,1785153454567609000,1785153454567612000,1785153454567612000,1785153454567612000,121932490,121652369,-241.121,0.000,0.000,1.000,3.000,0.000,0.000,2.000,0,0,0
B3_zmq_pushpull,zmq_tcp,none,none,,1,18108,512,584,1785153454568571000,1785153454568571000,1785153454568571000,1785153454568572000,1785153454568762000,1785153454568765000,1785153454568765000,1785153454568765000,121932490,121652369,-90.121,0.000,0.000,1.000,3.000,0.000,0.000,151.000,0,0,0
B3_zmq_pushpull,zmq_tcp,none,none,,1,18109,512,584,1785153454569565000,1785153454569565000,1785153454569565000,1785153454569566000,1785153454569753000,1785153454569756000,1785153454569756000,1785153454569756000,121932490,121652369,-93.121,0.000,0.000,1.000,3.000,0.000,0.000,3.000,0,0,0
B3_zmq_pushpull,zmq_tcp,none,none,,1,18110,512,584,1785153454570575000,1785153454570576000,1785153454570576000,1785153454570577000,1785153454570751000,1785153454570754000,1785153454570754000,1785153454570754000,121932490,121652369,-106.121,1.000,0.000,1.000,3.000,0.000,0.000,13.000,0,0,0
B3_zmq_pushpull,zmq_tcp,none,none,,1,18111,512,584,1785153454571568000,1785153454571568000,1785153454571568000,1785153454571569000,1785153454571739000,1785153454571742000,1785153454571742000,1785153454571742000,121932490,121652369,-110.121,0.000,0.000,1.000,3.000,0.000,0.000,4.000,0,0,0
B3_zmq_pushpull,zmq_tcp,none,none,,1,18112,512,584,1785153454572570000,1785153454572570000,1785153454572570000,1785153454572571000,1785153454572722000,1785153454572726000,1785153454572726000,1785153454572726000,121932490,121652369,-129.121,0.000,0.000,1.000,4.000,0.000,0.000,19.000,0,0,0
B3_zmq_pushpull,zmq_tcp,none,none,,1,18113,512,584,1785153454573426000,1785153454573426000,1785153454573426000,1785153454573427000,1785153454573570000,1785153454573573000,1785153454573573000,1785153454573573000,121932490,121652369,-137.121,0.000,0.000,1.000,3.000,0.000,0.000,8.000,0,0,0
B3_zmq_pushpull,zmq_tcp,none,none,,1,18114,512,584,1785153454574605000,1785153454574605000,1785153454574605000,1785153454574606000,1785153454574698000,1785153454574701000,1785153454574701000,1785153454574701000,121932490,121652369,-188.121,0.000,0.000,1.000,3.000,0.000,0.000,51.000,0,0,0
B3_zmq_pushpull,zmq_tcp,none,none,,1,18115,512,584,1785153454575560000,1785153454575560000,1785153454575560000,1785153454575561000,1785153454575683000,1785153454575687000,1785153454575687000,1785153454575687000,121932490,121652369,-158.121,0.000,0.000,1.000,4.000,0.000,0.000,30.000,0,0,0
B3_zmq_pushpull,zmq_tcp,none,none,,1,18116,512,584,1785153454576573000,1785153454576573000,1785153454576573000,1785153454576574000,1785153454576683000,1785153454576686000,1785153454576686000,1785153454576686000,121932490,121652369,-171.121,0.000,0.000,1.000,3.000,0.000,0.000,13.000,0,0,0
B3_zmq_pushpull,zmq_tcp,none,none,,1,18117,512,584,1785153454577565000,1785153454577565000,1785153454577565000,1785153454577566000,1785153454577695000,1785153454577698000,1785153454577698000,1785153454577698000,121932490,121652369,-151.121,0.000,0.000,1.000,3.000,0.000,0.000,20.000,0,0,0
B3_zmq_pushpull,zmq_tcp,none,none,,1,18118,512,584,1785153454578570000,1785153454578571000,1785153454578571000,1785153454578572000,1785153454578705000,1785153454578707000,1785153454578707000,1785153454578707000,121932490,121652369,-147.121,1.000,0.000,1.000,2.000,0.000,0.000,4.000,0,0,0
B3_zmq_pushpull,zmq_tcp,none,none,,1,18119,512,584,1785153454579569000,1785153454579569000,1785153454579569000,1785153454579570000,1785153454579693000,1785153454579695000,1785153454579695000,1785153454579695000,121932490,121652369,-157.121,0.000,0.000,1.000,2.000,0.000,0.000,10.000,0,0,0
B3_zmq_pushpull,zmq_tcp,none,none,,1,18120,512,584,1785153454580569000,1785153454580569000,1785153454580569000,1785153454580570000,1785153454580679000,1785153454580682000,1785153454580682000,1785153454580682000,121932490,121652369,-171.121,0.000,0.000,1.000,3.000,0.000,0.000,14.000,0,0,0
B3_zmq_pushpull,zmq_tcp,none,none,,1,18121,512,584,1785153454581567000,1785153454581567000,1785153454581567000,1785153454581568000,1785153454581674000,1785153454581677000,1785153454581677000,1785153454581677000,121932490,121652369,-174.121,0.000,0.000,1.000,3.000,0.000,0.000,3.000,0,0,0
B3_zmq_pushpull,zmq_tcp,none,none,,1,18122,512,584,1785153454582571000,1785153454582571000,1785153454582571000,1785153454582572000,1785153454582685000,1785153454582688000,1785153454582688000,1785153454582688000,121932490,121652369,-167.121,0.000,0.000,1.000,3.000,0.000,0.000,7.000,0,0,0
B3_zmq_pushpull,zmq_tcp,none,none,,1,18123,512,584,1785153454583569000,1785153454583569000,1785153454583569000,1785153454583570000,1785153454583666000,1785153454583668000,1785153454583669000,1785153454583669000,121932490,121652369,-184.121,0.000,0.000,1.000,2.000,1.000,0.000,17.000,0,0,0
B3_zmq_pushpull,zmq_tcp,none,none,,1,18124,512,584,1785153454584572000,1785153454584572000,1785153454584572000,1785153454584573000,1785153454584644000,1785153454584646000,1785153454584646000,1785153454584646000,121932490,121652369,-209.121,0.000,0.000,1.000,2.000,0.000,0.000,25.000,0,0,0
B3_zmq_pushpull,zmq_tcp,none,none,,1,18125,512,584,1785153454585568000,1785153454585568000,1785153454585568000,1785153454585569000,1785153454585640000,1785153454585643000,1785153454585643000,1785153454585643000,121932490,121652369,-209.121,0.000,0.000,1.000,3.000,0.000,0.000,0.000,0,0,0
B3_zmq_pushpull,zmq_tcp,none,none,,1,18126,512,584,1785153454586569000,1785153454586569000,1785153454586569000,1785153454586570000,1785153454586645000,1785153454586647000,1785153454586647000,1785153454586647000,121932490,121652369,-205.121,0.000,0.000,1.000,2.000,0.000,0.000,4.000,0,0,0
B3_zmq_pushpull,zmq_tcp,none,none,,1,18127,512,584,1785153454587569000,1785153454587569000,1785153454587569000,1785153454587570000,1785153454587641000,1785153454587643000,1785153454587643000,1785153454587643000,121932490,121652369,-209.121,0.000,0.000,1.000,2.000,0.000,0.000,4.000,0,0,0
B3_zmq_pushpull,zmq_tcp,none,none,,1,18128,512,584,1785153454588569000,1785153454588569000,1785153454588569000,1785153454588570000,1785153454588619000,1785153454588622000,1785153454588622000,1785153454588622000,121932490,121652369,-231.121,0.000,0.000,1.000,3.000,0.000,0.000,22.000,0,0,0
B3_zmq_pushpull,zmq_tcp,none,none,,1,18129,512,584,1785153454589454000,1785153454589454000,1785153454589454000,1785153454589455000,1785153454589613000,1785153454589616000,1785153454589616000,1785153454589616000,121932490,121652369,-122.121,0.000,0.000,1.000,3.000,0.000,0.000,109.000,0,0,0
B3_zmq_pushpull,zmq_tcp,none,none,,1,18130,512,584,1785153454590599000,1785153454590599000,1785153454590599000,1785153454590600000,1785153454590746000,1785153454590749000,1785153454590749000,1785153454590749000,121932490,121652369,-134.121,0.000,0.000,1.000,3.000,0.000,0.000,12.000,0,0,0
B3_zmq_pushpull,zmq_tcp,none,none,,1,18131,512,584,1785153454591563000,1785153454591563000,1785153454591563000,1785153454591564000,1785153454591622000,1785153454591625000,1785153454591625000,1785153454591625000,121932490,121652369,-222.121,0.000,0.000,1.000,3.000,0.000,0.000,88.000,0,0,0
B3_zmq_pushpull,zmq_tcp,none,none,,1,18132,512,584,1785153454592473000,1785153454592474000,1785153454592474000,1785153454592475000,1785153454592631000,1785153454592634000,1785153454592634000,1785153454592634000,121932490,121652369,-124.121,1.000,0.000,1.000,3.000,0.000,0.000,98.000,0,0,0
B3_zmq_pushpull,zmq_tcp,none,none,,1,18133,512,584,1785153454593485000,1785153454593485000,1785153454593485000,1785153454593486000,1785153454593630000,1785153454593633000,1785153454593633000,1785153454593633000,121932490,121652369,-136.121,0.000,0.000,1.000,3.000,0.000,0.000,12.000,0,0,0
B3_zmq_pushpull,zmq_tcp,none,none,,1,18134,512,584,1785153454594591000,1785153454594591000,1785153454594591000,1785153454594592000,1785153454594761000,1785153454594763000,1785153454594763000,1785153454594763000,121932490,121652369,-111.121,0.000,0.000,1.000,2.000,0.000,0.000,25.000,0,0,0
B3_zmq_pushpull,zmq_tcp,none,none,,1,18135,512,584,1785153454595564000,1785153454595564000,1785153454595564000,1785153454595565000,1785153454595617000,1785153454595620000,1785153454595620000,1785153454595620000,121932490,121652369,-228.121,0.000,0.000,1.000,3.000,0.000,0.000,117.000,0,0,0
B3_zmq_pushpull,zmq_tcp,none,none,,1,18136,512,584,1785153454596571000,1785153454596571000,1785153454596571000,1785153454596572000,1785153454596617000,1785153454596620000,1785153454596620000,1785153454596620000,121932490,121652369,-235.121,0.000,0.000,1.000,3.000,0.000,0.000,7.000,0,0,0
B3_zmq_pushpull,zmq_tcp,none,none,,1,18137,512,584,1785153454597572000,1785153454597572000,1785153454597572000,1785153454597573000,1785153454597625000,1785153454597629000,1785153454597629000,1785153454597629000,121932490,121652369,-228.121,0.000,0.000,1.000,4.000,0.000,0.000,7.000,0,0,0
B3_zmq_pushpull,zmq_tcp,none,none,,1,18138,512,584,1785153454598572000,1785153454598572000,1785153454598572000,1785153454598573000,1785153454598638000,1785153454598641000,1785153454598641000,1785153454598641000,121932490,121652369,-215.121,0.000,0.000,1.000,3.000,0.000,0.000,13.000,0,0,0
B3_zmq_pushpull,zmq_tcp,none,none,,1,18139,512,584,1785153454599568000,1785153454599568000,1785153454599568000,1785153454599569000,1785153454599657000,1785153454599660000,1785153454599660000,1785153454599660000,121932490,121652369,-192.121,0.000,0.000,1.000,3.000,0.000,0.000,23.000,0,0,0
B3_zmq_pushpull,zmq_tcp,none,none,,1,18140,512,584,1785153454600494000,1785153454600494000,1785153454600494000,1785153454600495000,1785153454600639000,1785153454600642000,1785153454600642000,1785153454600642000,121932490,121652369,-136.121,0.000,0.000,1.000,3.000,0.000,0.000,56.000,0,0,0
B3_zmq_pushpull,zmq_tcp,none,none,,1,18141,512,584,1785153454601471000,1785153454601471000,1785153454601471000,1785153454601472000,1785153454601625000,1785153454601627000,1785153454601627000,1785153454601627000,121932490,121652369,-127.121,0.000,0.000,1.000,2.000,0.000,0.000,9.000,0,0,0
B3_zmq_pushpull,zmq_tcp,none,none,,1,18142,512,584,1785153454602476000,1785153454602476000,1785153454602476000,1785153454602477000,1785153454602630000,1785153454602633000,1785153454602633000,1785153454602633000,121932490,121652369,-127.121,0.000,0.000,1.000,3.000,0.000,0.000,0.000,0,0,0
B3_zmq_pushpull,zmq_tcp,none,none,,1,18143,512,584,1785153454603469000,1785153454603469000,1785153454603469000,1785153454603470000,1785153454603627000,1785153454603630000,1785153454603630000,1785153454603630000,121932490,121652369,-123.121,0.000,0.000,1.000,3.000,0.000,0.000,4.000,0,0,0
B3_zmq_pushpull,zmq_tcp,none,none,,1,18144,512,584,1785153454604596000,1785153454604596000,1785153454604596000,1785153454604597000,1785153454604777000,1785153454604779000,1785153454604779000,1785153454604779000,121932490,121652369,-100.121,0.000,0.000,1.000,2.000,0.000,0.000,23.000,0,0,0
B3_zmq_pushpull,zmq_tcp,none,none,,1,18145,512,584,1785153454605563000,1785153454605563000,1785153454605563000,1785153454605564000,1785153454605649000,1785153454605652000,1785153454605652000,1785153454605652000,121932490,121652369,-195.121,0.000,0.000,1.000,3.000,0.000,0.000,95.000,0,0,0
B3_zmq_pushpull,zmq_tcp,none,none,,1,18146,512,584,1785153454606571000,1785153454606571000,1785153454606572000,1785153454606572000,1785153454606659000,1785153454606662000,1785153454606662000,1785153454606662000,121932490,121652369,-193.121,0.000,1.000,0.000,3.000,0.000,0.000,2.000,0,0,0
B3_zmq_pushpull,zmq_tcp,none,none,,1,18147,512,584,1785153454607569000,1785153454607569000,1785153454607570000,1785153454607570000,1785153454607657000,1785153454607660000,1785153454607660000,1785153454607660000,121932490,121652369,-193.121,0.000,1.000,0.000,3.000,0.000,0.000,0.000,0,0,0
B3_zmq_pushpull,zmq_tcp,none,none,,1,18148,512,584,1785153454608569000,1785153454608569000,1785153454608570000,1785153454608570000,1785153454608653000,1785153454608655000,1785153454608655000,1785153454608655000,121932490,121652369,-197.121,0.000,1.000,0.000,2.000,0.000,0.000,4.000,0,0,0
B3_zmq_pushpull,zmq_tcp,none,none,,1,18149,512,584,1785153454609567000,1785153454609567000,1785153454609567000,1785153454609568000,1785153454609647000,1785153454609650000,1785153454609650000,1785153454609650000,121932490,121652369,-201.121,0.000,0.000,1.000,3.000,0.000,0.000,4.000,0,0,0
B3_zmq_pushpull,zmq_tcp,none,none,,1,18150,512,584,1785153454610571000,1785153454610571000,1785153454610571000,1785153454610572000,1785153454610650000,1785153454610653000,1785153454610653000,1785153454610653000,121932490,121652369,-202.121,0.000,0.000,1.000,3.000,0.000,0.000,1.000,0,0,0
B3_zmq_pushpull,zmq_tcp,none,none,,1,18151,512,584,1785153454611569000,1785153454611569000,1785153454611569000,1785153454611570000,1785153454611666000,1785153454611669000,1785153454611669000,1785153454611669000,121932490,121652369,-184.121,0.000,0.000,1.000,3.000,0.000,0.000,18.000,0,0,0
B3_zmq_pushpull,zmq_tcp,none,none,,1,18152,512,584,1785153454612571000,1785153454612571000,1785153454612571000,1785153454612572000,1785153454612665000,1785153454612668000,1785153454612668000,1785153454612668000,121932490,121652369,-187.121,0.000,0.000,1.000,3.000,0.000,0.000,3.000,0,0,0
B3_zmq_pushpull,zmq_tcp,none,none,,1,18153,512,584,1785153454613568000,1785153454613568000,1785153454613568000,1785153454613569000,1785153454613654000,1785153454613657000,1785153454613657000,1785153454613657000,121932490,121652369,-195.121,0.000,0.000,1.000,3.000,0.000,0.000,8.000,0,0,0
B3_zmq_pushpull,zmq_tcp,none,none,,1,18154,512,584,1785153454614568000,1785153454614568000,1785153454614568000,1785153454614569000,1785153454614636000,1785153454614639000,1785153454614639000,1785153454614639000,121932490,121652369,-213.121,0.000,0.000,1.000,3.000,0.000,0.000,18.000,0,0,0
B3_zmq_pushpull,zmq_tcp,none,none,,1,18155,512,584,1785153454615568000,1785153454615568000,1785153454615568000,1785153454615569000,1785153454615613000,1785153454615615000,1785153454615615000,1785153454615615000,121932490,121652369,-236.121,0.000,0.000,1.000,2.000,0.000,0.000,23.000,0,0,0
B3_zmq_pushpull,zmq_tcp,none,none,,1,18156,512,584,1785153454616569000,1785153454616569000,1785153454616569000,1785153454616570000,1785153454616712000,1785153454616715000,1785153454616715000,1785153454616715000,121932490,121652369,-138.121,0.000,0.000,1.000,3.000,0.000,0.000,98.000,0,0,0
B3_zmq_pushpull,zmq_tcp,none,none,,1,18157,512,584,1785153454617566000,1785153454617566000,1785153454617566000,1785153454617567000,1785153454617704000,1785153454617707000,1785153454617707000,1785153454617707000,121932490,121652369,-143.121,0.000,0.000,1.000,3.000,0.000,0.000,5.000,0,0,0
B3_zmq_pushpull,zmq_tcp,none,none,,1,18158,512,584,1785153454618570000,1785153454618570000,1785153454618570000,1785153454618571000,1785153454618677000,1785153454618681000,1785153454618681000,1785153454618681000,121932490,121652369,-174.121,0.000,0.000,1.000,4.000,0.000,0.000,31.000,0,0,0
B3_zmq_pushpull,zmq_tcp,none,none,,1,18159,512,584,1785153454619373000,1785153454619373000,1785153454619373000,1785153454619374000,1785153454619531000,1785153454619533000,1785153454619533000,1785153454619533000,121932490,121652369,-123.121,0.000,0.000,1.000,2.000,0.000,0.000,51.000,0,0,0
B3_zmq_pushpull,zmq_tcp,none,none,,1,18160,512,584,1785153454620373000,1785153454620373000,1785153454620373000,1785153454620374000,1785153454620533000,1785153454620536000,1785153454620536000,1785153454620536000,121932490,121652369,-121.121,0.000,0.000,1.000,3.000,0.000,0.000,2.000,0,0,0
B3_zmq_pushpull,zmq_tcp,none,none,,1,18161,512,584,1785153454621618000,1785153454621618000,1785153454621618000,1785153454621619000,1785153454621653000,1785153454621656000,1785153454621656000,1785153454621656000,121932490,121652369,-246.121,0.000,0.000,1.000,3.000,0.000,0.000,125.000,0,0,0
B3_zmq_pushpull,zmq_tcp,none,none,,1,18162,512,584,1785153454622491000,1785153454622491000,1785153454622492000,1785153454622493000,1785153454622635000,1785153454622637000,1785153454622637000,1785153454622637000,121932490,121652369,-138.121,0.000,1.000,1.000,2.000,0.000,0.000,108.000,0,0,0
B3_zmq_pushpull,zmq_tcp,none,none,,1,18163,512,584,1785153454623588000,1785153454623588000,1785153454623589000,1785153454623589000,1785153454623752000,1785153454623754000,1785153454623754000,1785153454623755000,121932490,121652369,-117.121,0.000,1.000,0.000,2.000,0.000,1.000,21.000,0,0,0
B3_zmq_pushpull,zmq_tcp,none,none,,1,18164,512,584,1785153454624561000,1785153454624561000,1785153454624561000,1785153454624562000,1785153454624727000,1785153454624730000,1785153454624730000,1785153454624730000,121932490,121652369,-115.121,0.000,0.000,1.000,3.000,0.000,0.000,2.000,0,0,0
B3_zmq_pushpull,zmq_tcp,none,none,,1,18165,512,584,1785153454625571000,1785153454625571000,1785153454625571000,1785153454625572000,1785153454625693000,1785153454625697000,1785153454625697000,1785153454625697000,121932490,121652369,-159.121,0.000,0.000,1.000,4.000,0.000,0.000,44.000,0,0,0
B3_zmq_pushpull,zmq_tcp,none,none,,1,18166,512,584,1785153454626571000,1785153454626571000,1785153454626571000,1785153454626572000,1785153454626688000,1785153454626691000,1785153454626691000,1785153454626691000,121932490,121652369,-164.121,0.000,0.000,1.000,3.000,0.000,0.000,5.000,0,0,0
B3_zmq_pushpull,zmq_tcp,none,none,,1,18167,512,584,1785153454627568000,1785153454627568000,1785153454627569000,1785153454627569000,1785153454627677000,1785153454627680000,1785153454627680000,1785153454627680000,121932490,121652369,-172.121,0.000,1.000,0.000,3.000,0.000,0.000,8.000,0,0,0
B3_zmq_pushpull,zmq_tcp,none,none,,1,18168,512,584,1785153454628568000,1785153454628568000,1785153454628569000,1785153454628569000,1785153454628647000,1785153454628650000,1785153454628650000,1785153454628650000,121932490,121652369,-202.121,0.000,1.000,0.000,3.000,0.000,0.000,30.000,0,0,0
B3_zmq_pushpull,zmq_tcp,none,none,,1,18169,512,584,1785153454629568000,1785153454629568000,1785153454629569000,1785153454629569000,1785153454629626000,1785153454629630000,1785153454629630000,1785153454629630000,121932490,121652369,-223.121,0.000,1.000,0.000,4.000,0.000,0.000,21.000,0,0,0
B3_zmq_pushpull,zmq_tcp,none,none,,1,18170,512,584,1785153454630455000,1785153454630456000,1785153454630456000,1785153454630457000,1785153454630597000,1785153454630600000,1785153454630600000,1785153454630600000,121932490,121652369,-140.121,1.000,0.000,1.000,3.000,0.000,0.000,83.000,0,0,0
B3_zmq_pushpull,zmq_tcp,none,none,,1,18171,512,584,1785153454631430000,1785153454631430000,1785153454631430000,1785153454631431000,1785153454631584000,1785153454631587000,1785153454631587000,1785153454631587000,121932490,121652369,-127.121,0.000,0.000,1.000,3.000,0.000,0.000,13.000,0,0,0
B3_zmq_pushpull,zmq_tcp,none,none,,1,18172,512,584,1785153454632435000,1785153454632435000,1785153454632436000,1785153454632436000,1785153454632595000,1785153454632597000,1785153454632597000,1785153454632597000,121932490,121652369,-121.121,0.000,1.000,0.000,2.000,0.000,0.000,6.000,0,0,0
B3_zmq_pushpull,zmq_tcp,none,none,,1,18173,512,584,1785153454633414000,1785153454633414000,1785153454633414000,1785153454633415000,1785153454633569000,1785153454633573000,1785153454633573000,1785153454633573000,121932490,121652369,-126.121,0.000,0.000,1.000,4.000,0.000,0.000,5.000,0,0,0
B3_zmq_pushpull,zmq_tcp,none,none,,1,18174,512,584,1785153454634609000,1785153454634609000,1785153454634609000,1785153454634610000,1785153454634708000,1785153454634711000,1785153454634711000,1785153454634711000,121932490,121652369,-182.121,0.000,0.000,1.000,3.000,0.000,0.000,56.000,0,0,0
B3_zmq_pushpull,zmq_tcp,none,none,,1,18175,512,584,1785153454635557000,1785153454635557000,1785153454635557000,1785153454635558000,1785153454635697000,1785153454635700000,1785153454635700000,1785153454635700000,121932490,121652369,-141.121,0.000,0.000,1.000,3.000,0.000,0.000,41.000,0,0,0
B3_zmq_pushpull,zmq_tcp,none,none,,1,18176,512,584,1785153454636571000,1785153454636571000,1785153454636571000,1785153454636572000,1785153454636665000,1785153454636668000,1785153454636668000,1785153454636668000,121932490,121652369,-187.121,0.000,0.000,1.000,3.000,0.000,0.000,46.000,0,0,0
B3_zmq_pushpull,zmq_tcp,none,none,,1,18177,512,584,1785153454637570000,1785153454637570000,1785153454637570000,1785153454637571000,1785153454637617000,1785153454637621000,1785153454637621000,1785153454637621000,121932490,121652369,-234.121,0.000,0.000,1.000,4.000,0.000,0.000,47.000,0,0,0
B3_zmq_pushpull,zmq_tcp,none,none,,1,18178,512,584,1785153454638573000,1785153454638573000,1785153454638573000,1785153454638574000,1785153454638745000,1785153454638748000,1785153454638748000,1785153454638748000,121932490,121652369,-109.121,0.000,0.000,1.000,3.000,0.000,0.000,125.000,0,0,0
B3_zmq_pushpull,zmq_tcp,none,none,,1,18179,512,584,1785153454639565000,1785153454639565000,1785153454639565000,1785153454639566000,1785153454639720000,1785153454639723000,1785153454639723000,1785153454639723000,121932490,121652369,-126.121,0.000,0.000,1.000,3.000,0.000,0.000,17.000,0,0,0
B3_zmq_pushpull,zmq_tcp,none,none,,1,18180,512,584,1785153454640399000,1785153454640399000,1785153454640399000,1785153454640400000,1785153454640557000,1785153454640560000,1785153454640560000,1785153454640560000,121932490,121652369,-123.121,0.000,0.000,1.000,3.000,0.000,0.000,3.000,0,0,0
B3_zmq_pushpull,zmq_tcp,none,none,,1,18181,512,584,1785153454641388000,1785153454641388000,1785153454641388000,1785153454641389000,1785153454641548000,1785153454641551000,1785153454641551000,1785153454641551000,121932490,121652369,-121.121,0.000,0.000,1.000,3.000,0.000,0.000,2.000,0,0,0
B3_zmq_pushpull,zmq_tcp,none,none,,1,18182,512,584,1785153454642614000,1785153454642614000,1785153454642614000,1785153454642615000,1785153454642656000,1785153454642660000,1785153454642660000,1785153454642660000,121932490,121652369,-239.121,0.000,0.000,1.000,4.000,0.000,0.000,118.000,0,0,0
B3_zmq_pushpull,zmq_tcp,none,none,,1,18183,512,584,1785153454643485000,1785153454643485000,1785153454643485000,1785153454643486000,1785153454643639000,1785153454643641000,1785153454643642000,1785153454643642000,121932490,121652369,-127.121,0.000,0.000,1.000,2.000,1.000,0.000,112.000,0,0,0
B3_zmq_pushpull,zmq_tcp,none,none,,1,18184,512,584,1785153454644454000,1785153454644454000,1785153454644454000,1785153454644455000,1785153454644607000,1785153454644610000,1785153454644610000,1785153454644610000,121932490,121652369,-128.121,0.000,0.000,1.000,3.000,0.000,0.000,1.000,0,0,0
B3_zmq_pushpull,zmq_tcp,none,none,,1,18185,512,584,1785153454645601000,1785153454645601000,1785153454645601000,1785153454645602000,1785153454645724000,1785153454645727000,1785153454645727000,1785153454645727000,121932490,121652369,-158.121,0.000,0.000,1.000,3.000,0.000,0.000,30.000,0,0,0
B3_zmq_pushpull,zmq_tcp,none,none,,1,18186,512,584,1785153454646560000,1785153454646561000,1785153454646561000,1785153454646562000,1785153454646700000,1785153454646703000,1785153454646703000,1785153454646703000,121932490,121652369,-142.121,1.000,0.000,1.000,3.000,0.000,0.000,16.000,0,0,0
B3_zmq_pushpull,zmq_tcp,none,none,,1,18187,512,584,1785153454647572000,1785153454647573000,1785153454647573000,1785153454647574000,1785153454647663000,1785153454647666000,1785153454647666000,1785153454647666000,121932490,121652369,-191.121,1.000,0.000,1.000,3.000,0.000,0.000,49.000,0,0,0
B3_zmq_pushpull,zmq_tcp,none,none,,1,18188,512,584,1785153454648570000,1785153454648570000,1785153454648570000,1785153454648571000,1785153454648643000,1785153454648646000,1785153454648646000,1785153454648646000,121932490,121652369,-208.121,0.000,0.000,1.000,3.000,0.000,0.000,17.000,0,0,0
B3_zmq_pushpull,zmq_tcp,none,none,,1,18189,512,584,1785153454649568000,1785153454649569000,1785153454649569000,1785153454649569000,1785153454649629000,1785153454649632000,1785153454649632000,1785153454649632000,121932490,121652369,-220.121,1.000,0.000,0.000,3.000,0.000,0.000,12.000,0,0,0
B3_zmq_pushpull,zmq_tcp,none,none,,1,18190,512,584,1785153454650566000,1785153454650566000,1785153454650566000,1785153454650567000,1785153454650612000,1785153454650616000,1785153454650616000,1785153454650616000,121932490,121652369,-235.121,0.000,0.000,1.000,4.000,0.000,0.000,15.000,0,0,0
B3_zmq_pushpull,zmq_tcp,none,none,,1,18191,512,584,1785153454651570000,1785153454651570000,1785153454651570000,1785153454651571000,1785153454651746000,1785153454651748000,1785153454651748000,1785153454651748000,121932490,121652369,-105.121,0.000,0.000,1.000,2.000,0.000,0.000,130.000,0,0,0
B3_zmq_pushpull,zmq_tcp,none,none,,1,18192,512,584,1785153454652453000,1785153454652453000,1785153454652453000,1785153454652454000,1785153454652611000,1785153454652619000,1785153454652619000,1785153454652619000,121932490,121652369,-123.121,0.000,0.000,1.000,8.000,0.000,0.000,18.000,0,0,0
B3_zmq_pushpull,zmq_tcp,none,none,,1,18193,512,584,1785153454653430000,1785153454653430000,1785153454653430000,1785153454653431000,1785153454653588000,1785153454653591000,1785153454653591000,1785153454653591000,121932490,121652369,-123.121,0.000,0.000,1.000,3.000,0.000,0.000,0.000,0,0,0
B3_zmq_pushpull,zmq_tcp,none,none,,1,18194,512,584,1785153454654603000,1785153454654603000,1785153454654603000,1785153454654604000,1785153454654714000,1785153454654716000,1785153454654716000,1785153454654716000,121932490,121652369,-170.121,0.000,0.000,1.000,2.000,0.000,0.000,47.000,0,0,0
B3_zmq_pushpull,zmq_tcp,none,none,,1,18195,512,584,1785153454655561000,1785153454655561000,1785153454655561000,1785153454655562000,1785153454655704000,1785153454655707000,1785153454655707000,1785153454655707000,121932490,121652369,-138.121,0.000,0.000,1.000,3.000,0.000,0.000,32.000,0,0,0
B3_zmq_pushpull,zmq_tcp,none,none,,1,18196,512,584,1785153454656571000,1785153454656571000,1785153454656571000,1785153454656572000,1785153454656682000,1785153454656684000,1785153454656684000,1785153454656684000,121932490,121652369,-170.121,0.000,0.000,1.000,2.000,0.000,0.000,32.000,0,0,0
B3_zmq_pushpull,zmq_tcp,none,none,,1,18197,512,584,1785153454657566000,1785153454657566000,1785153454657566000,1785153454657567000,1785153454657648000,1785153454657651000,1785153454657651000,1785153454657651000,121932490,121652369,-199.121,0.000,0.000,1.000,3.000,0.000,0.000,29.000,0,0,0
B3_zmq_pushpull,zmq_tcp,none,none,,1,18198,512,584,1785153454658571000,1785153454658571000,1785153454658571000,1785153454658572000,1785153454658743000,1785153454658746000,1785153454658746000,1785153454658746000,121932490,121652369,-109.121,0.000,0.000,1.000,3.000,0.000,0.000,90.000,0,0,0
B3_zmq_pushpull,zmq_tcp,none,none,,1,18199,512,584,1785153454659571000,1785153454659571000,1785153454659571000,1785153454659572000,1785153454659743000,1785153454659746000,1785153454659746000,1785153454659746000,121932490,121652369,-109.121,0.000,0.000,1.000,3.000,0.000,0.000,0.000,0,0,0
B3_zmq_pushpull,zmq_tcp,none,none,,1,18200,512,584,1785153454660567000,1785153454660567000,1785153454660567000,1785153454660568000,1785153454660739000,1785153454660742000,1785153454660742000,1785153454660742000,121932490,121652369,-109.121,0.000,0.000,1.000,3.000,0.000,0.000,0.000,0,0,0
B3_zmq_pushpull,zmq_tcp,none,none,,1,18201,512,584,1785153454661569000,1785153454661569000,1785153454661569000,1785153454661570000,1785153454661716000,1785153454661719000,1785153454661719000,1785153454661719000,121932490,121652369,-134.121,0.000,0.000,1.000,3.000,0.000,0.000,25.000,0,0,0
B3_zmq_pushpull,zmq_tcp,none,none,,1,18202,512,584,1785153454662568000,1785153454662569000,1785153454662569000,1785153454662569000,1785153454662707000,1785153454662710000,1785153454662710000,1785153454662710000,121932490,121652369,-142.121,1.000,0.000,0.000,3.000,0.000,0.000,8.000,0,0,0
B3_zmq_pushpull,zmq_tcp,none,none,,1,18203,512,584,1785153454663568000,1785153454663569000,1785153454663569000,1785153454663570000,1785153454663691000,1785153454663694000,1785153454663694000,1785153454663694000,121932490,121652369,-159.121,1.000,0.000,1.000,3.000,0.000,0.000,17.000,0,0,0
B3_zmq_pushpull,zmq_tcp,none,none,,1,18204,512,584,1785153454664566000,1785153454664566000,1785153454664566000,1785153454664567000,1785153454664667000,1785153454664669000,1785153454664670000,1785153454664670000,121932490,121652369,-180.121,0.000,0.000,1.000,2.000,1.000,0.000,21.000,0,0,0
B3_zmq_pushpull,zmq_tcp,none,none,,1,18205,512,584,1785153454665570000,1785153454665571000,1785153454665571000,1785153454665572000,1785153454665660000,1785153454665663000,1785153454665663000,1785153454665663000,121932490,121652369,-192.121,1.000,0.000,1.000,3.000,0.000,0.000,12.000,0,0,0
B3_zmq_pushpull,zmq_tcp,none,none,,1,18206,512,584,1785153454666571000,1785153454666572000,1785153454666572000,1785153454666573000,1785153454666638000,1785153454666641000,1785153454666641000,1785153454666641000,121932490,121652369,-215.121,1.000,0.000,1.000,3.000,0.000,0.000,23.000,0,0,0
B3_zmq_pushpull,zmq_tcp,none,none,,1,18207,512,584,1785153454667571000,1785153454667571000,1785153454667571000,1785153454667572000,1785153454667638000,1785153454667641000,1785153454667641000,1785153454667641000,121932490,121652369,-214.121,0.000,0.000,1.000,3.000,0.000,0.000,1.000,0,0,0
B3_zmq_pushpull,zmq_tcp,none,none,,1,18208,512,584,1785153454668569000,1785153454668569000,1785153454668569000,1785153454668570000,1785153454668764000,1785153454668767000,1785153454668767000,1785153454668767000,121932490,121652369,-86.121,0.000,0.000,1.000,3.000,0.000,0.000,128.000,0,0,0
B3_zmq_pushpull,zmq_tcp,none,none,,1,18209,512,584,1785153454669571000,1785153454669571000,1785153454669571000,1785153454669572000,1785153454669744000,1785153454669747000,1785153454669747000,1785153454669747000,121932490,121652369,-108.121,0.000,0.000,1.000,3.000,0.000,0.000,22.000,0,0,0
B3_zmq_pushpull,zmq_tcp,none,none,,1,18210,512,584,1785153454670569000,1785153454670569000,1785153454670569000,1785153454670570000,1785153454670731000,1785153454670734000,1785153454670734000,1785153454670734000,121932490,121652369,-119.121,0.000,0.000,1.000,3.000,0.000,0.000,11.000,0,0,0
B3_zmq_pushpull,zmq_tcp,none,none,,1,18211,512,584,1785153454671567000,1785153454671567000,1785153454671567000,1785153454671568000,1785153454671708000,1785153454671711000,1785153454671711000,1785153454671711000,121932490,121652369,-140.121,0.000,0.000,1.000,3.000,0.000,0.000,21.000,0,0,0
B3_zmq_pushpull,zmq_tcp,none,none,,1,18212,512,584,1785153454672571000,1785153454672571000,1785153454672571000,1785153454672572000,1785153454672687000,1785153454672690000,1785153454672690000,1785153454672690000,121932490,121652369,-165.121,0.000,0.000,1.000,3.000,0.000,0.000,25.000,0,0,0
B3_zmq_pushpull,zmq_tcp,none,none,,1,18213,512,584,1785153454673382000,1785153454673382000,1785153454673382000,1785153454673383000,1785153454673526000,1785153454673528000,1785153454673528000,1785153454673528000,121932490,121652369,-137.121,0.000,0.000,1.000,2.000,0.000,0.000,28.000,0,0,0
B3_zmq_pushpull,zmq_tcp,none,none,,1,18214,512,584,1785153454674483000,1785153454674483000,1785153454674483000,1785153454674484000,1785153454674632000,1785153454674635000,1785153454674635000,1785153454674635000,121932490,121652369,-132.121,0.000,0.000,1.000,3.000,0.000,0.000,5.000,0,0,0
B3_zmq_pushpull,zmq_tcp,none,none,,1,18215,512,584,1785153454675450000,1785153454675450000,1785153454675450000,1785153454675451000,1785153454675608000,1785153454675611000,1785153454675611000,1785153454675611000,121932490,121652369,-123.121,0.000,0.000,1.000,3.000,0.000,0.000,9.000,0,0,0
B3_zmq_pushpull,zmq_tcp,none,none,,1,18216,512,584,1785153454676438000,1785153454676438000,1785153454676438000,1785153454676439000,1785153454676593000,1785153454676597000,1785153454676597000,1785153454676597000,121932490,121652369,-126.121,0.000,0.000,1.000,4.000,0.000,0.000,3.000,0,0,0
B3_zmq_pushpull,zmq_tcp,none,none,,1,18217,512,584,1785153454677602000,1785153454677602000,1785153454677602000,1785153454677603000,1785153454677698000,1785153454677700000,1785153454677700000,1785153454677700000,121932490,121652369,-185.121,0.000,0.000,1.000,2.000,0.000,0.000,59.000,0,0,0
B3_zmq_pushpull,zmq_tcp,none,none,,1,18218,512,584,1785153454678558000,1785153454678558000,1785153454678558000,1785153454678559000,1785153454678664000,1785153454678667000,1785153454678667000,1785153454678667000,121932490,121652369,-175.121,0.000,0.000,1.000,3.000,0.000,0.000,10.000,0,0,0
B3_zmq_pushpull,zmq_tcp,none,none,,1,18219,512,584,1785153454679571000,1785153454679571000,1785153454679571000,1785153454679572000,1785153454679632000,1785153454679635000,1785153454679635000,1785153454679635000,121932490,121652369,-220.121,0.000,0.000,1.000,3.000,0.000,0.000,45.000,0,0,0
B3_zmq_pushpull,zmq_tcp,none,none,,1,18220,512,584,1785153454680569000,1785153454680569000,1785153454680569000,1785153454680570000,1785153454680619000,1785153454680623000,1785153454680623000,1785153454680623000,121932490,121652369,-231.121,0.000,0.000,1.000,4.000,0.000,0.000,11.000,0,0,0
B3_zmq_pushpull,zmq_tcp,none,none,,1,18221,512,584,1785153454681457000,1785153454681457000,1785153454681457000,1785153454681458000,1785153454681614000,1785153454681616000,1785153454681616000,1785153454681616000,121932490,121652369,-124.121,0.000,0.000,1.000,2.000,0.000,0.000,107.000,0,0,0
B3_zmq_pushpull,zmq_tcp,none,none,,1,18222,512,584,1785153454682442000,1785153454682442000,1785153454682442000,1785153454682443000,1785153454682600000,1785153454682605000,1785153454682605000,1785153454682605000,121932490,121652369,-123.121,0.000,0.000,1.000,5.000,0.000,0.000,1.000,0,0,0
B3_zmq_pushpull,zmq_tcp,none,none,,1,18223,512,584,1785153454683429000,1785153454683429000,1785153454683429000,1785153454683430000,1785153454683586000,1785153454683589000,1785153454683589000,1785153454683589000,121932490,121652369,-124.121,0.000,0.000,1.000,3.000,0.000,0.000,1.000,0,0,0
B3_zmq_pushpull,zmq_tcp,none,none,,1,18224,512,584,1785153454684417000,1785153454684417000,1785153454684417000,1785153454684418000,1785153454684570000,1785153454684573000,1785153454684573000,1785153454684573000,121932490,121652369,-128.121,0.000,0.000,1.000,3.000,0.000,0.000,4.000,0,0,0
B3_zmq_pushpull,zmq_tcp,none,none,,1,18225,512,584,1785153454685389000,1785153454685389000,1785153454685389000,1785153454685390000,1785153454685542000,1785153454685544000,1785153454685544000,1785153454685544000,121932490,121652369,-128.121,0.000,0.000,1.000,2.000,0.000,0.000,0.000,0,0,0
B3_zmq_pushpull,zmq_tcp,none,none,,1,18226,512,584,1785153454686380000,1785153454686380000,1785153454686380000,1785153454686381000,1785153454686520000,1785153454686523000,1785153454686523000,1785153454686523000,121932490,121652369,-141.121,0.000,0.000,1.000,3.000,0.000,0.000,13.000,0,0,0
B3_zmq_pushpull,zmq_tcp,none,none,,1,18227,512,584,1785153454687482000,1785153454687482000,1785153454687482000,1785153454687483000,1785153454687638000,1785153454687640000,1785153454687640000,1785153454687640000,121932490,121652369,-125.121,0.000,0.000,1.000,2.000,0.000,0.000,16.000,0,0,0
B3_zmq_pushpull,zmq_tcp,none,none,,1,18228,512,584,1785153454688590000,1785153454688590000,1785153454688590000,1785153454688591000,1785153454688757000,1785153454688759000,1785153454688759000,1785153454688759000,121932490,121652369,-114.121,0.000,0.000,1.000,2.000,0.000,0.000,11.000,0,0,0
B3_zmq_pushpull,zmq_tcp,none,none,,1,18229,512,584,1785153454689453000,1785153454689453000,1785153454689453000,1785153454689454000,1785153454689592000,1785153454689595000,1785153454689595000,1785153454689595000,121932490,121652369,-142.121,0.000,0.000,1.000,3.000,0.000,0.000,28.000,0,0,0
B3_zmq_pushpull,zmq_tcp,none,none,,1,18230,512,584,1785153454690599000,1785153454690599000,1785153454690599000,1785153454690600000,1785153454690704000,1785153454690707000,1785153454690707000,1785153454690707000,121932490,121652369,-176.121,0.000,0.000,1.000,3.000,0.000,0.000,34.000,0,0,0
B3_zmq_pushpull,zmq_tcp,none,none,,1,18231,512,584,1785153454691562000,1785153454691562000,1785153454691562000,1785153454691563000,1785153454691683000,1785153454691686000,1785153454691686000,1785153454691686000,121932490,121652369,-160.121,0.000,0.000,1.000,3.000,0.000,0.000,16.000,0,0,0
B3_zmq_pushpull,zmq_tcp,none,none,,1,18232,512,584,1785153454692571000,1785153454692571000,1785153454692571000,1785153454692572000,1785153454692658000,1785153454692660000,1785153454692660000,1785153454692660000,121932490,121652369,-194.121,0.000,0.000,1.000,2.000,0.000,0.000,34.000,0,0,0
B3_zmq_pushpull,zmq_tcp,none,none,,1,18233,512,584,1785153454693480000,1785153454693480000,1785153454693480000,1785153454693482000,1785153454693624000,1785153454693627000,1785153454693628000,1785153454693628000,121932490,121652369,-138.121,0.000,0.000,2.000,3.000,1.000,0.000,56.000,0,0,0
B3_zmq_pushpull,zmq_tcp,none,none,,1,18234,512,584,1785153454694452000,1785153454694452000,1785153454694452000,1785153454694453000,1785153454694608000,1785153454694611000,1785153454694611000,1785153454694611000,121932490,121652369,-125.121,0.000,0.000,1.000,3.000,0.000,0.000,13.000,0,0,0
B3_zmq_pushpull,zmq_tcp,none,none,,1,18235,512,584,1785153454695445000,1785153454695446000,1785153454695446000,1785153454695447000,1785153454695595000,1785153454695598000,1785153454695598000,1785153454695598000,121932490,121652369,-132.121,1.000,0.000,1.000,3.000,0.000,0.000,7.000,0,0,0
B3_zmq_pushpull,zmq_tcp,none,none,,1,18236,512,584,1785153454696602000,1785153454696602000,1785153454696602000,1785153454696603000,1785153454696719000,1785153454696722000,1785153454696722000,1785153454696722000,121932490,121652369,-164.121,0.000,0.000,1.000,3.000,0.000,0.000,32.000,0,0,0
B3_zmq_pushpull,zmq_tcp,none,none,,1,18237,512,584,1785153454697561000,1785153454697561000,1785153454697561000,1785153454697562000,1785153454697704000,1785153454697707000,1785153454697707000,1785153454697707000,121932490,121652369,-138.121,0.000,0.000,1.000,3.000,0.000,0.000,26.000,0,0,0
B3_zmq_pushpull,zmq_tcp,none,none,,1,18238,512,584,1785153454698571000,1785153454698571000,1785153454698571000,1785153454698572000,1785153454698681000,1785153454698686000,1785153454698686000,1785153454698686000,121932490,121652369,-171.121,0.000,0.000,1.000,5.000,0.000,0.000,33.000,0,0,0
B3_zmq_pushpull,zmq_tcp,none,none,,1,18239,512,584,1785153454699569000,1785153454699569000,1785153454699569000,1785153454699570000,1785153454699658000,1785153454699661000,1785153454699661000,1785153454699661000,121932490,121652369,-192.121,0.000,0.000,1.000,3.000,0.000,0.000,21.000,0,0,0
B3_zmq_pushpull,zmq_tcp,none,none,,1,18240,512,584,1785153454700569000,1785153454700569000,1785153454700569000,1785153454700570000,1785153454700643000,1785153454700645000,1785153454700645000,1785153454700645000,121932490,121652369,-207.121,0.000,0.000,1.000,2.000,0.000,0.000,15.000,0,0,0
B3_zmq_pushpull,zmq_tcp,none,none,,1,18241,512,584,1785153454701570000,1785153454701570000,1785153454701570000,1785153454701571000,1785153454701760000,1785153454701763000,1785153454701763000,1785153454701763000,121932490,121652369,-91.121,0.000,0.000,1.000,3.000,0.000,0.000,116.000,0,0,0
B3_zmq_pushpull,zmq_tcp,none,none,,1,18242,512,584,1785153454702571000,1785153454702571000,1785153454702571000,1785153454702572000,1785153454702746000,1785153454702748000,1785153454702748000,1785153454702748000,121932490,121652369,-106.121,0.000,0.000,1.000,2.000,0.000,0.000,15.000,0,0,0
B3_zmq_pushpull,zmq_tcp,none,none,,1,18243,512,584,1785153454703571000,1785153454703571000,1785153454703571000,1785153454703572000,1785153454703719000,1785153454703722000,1785153454703722000,1785153454703722000,121932490,121652369,-133.121,0.000,0.000,1.000,3.000,0.000,0.000,27.000,0,0,0
B3_zmq_pushpull,zmq_tcp,none,none,,1,18244,512,584,1785153454704568000,1785153454704568000,1785153454704568000,1785153454704569000,1785153454704682000,1785153454704685000,1785153454704685000,1785153454704685000,121932490,121652369,-167.121,0.000,0.000,1.000,3.000,0.000,0.000,34.000,0,0,0
B3_zmq_pushpull,zmq_tcp,none,none,,1,18245,512,584,1785153454705570000,1785153454705570000,1785153454705570000,1785153454705571000,1785153454705656000,1785153454705660000,1785153454705660000,1785153454705660000,121932490,121652369,-195.121,0.000,0.000,1.000,4.000,0.000,0.000,28.000,0,0,0
B3_zmq_pushpull,zmq_tcp,none,none,,1,18246,512,584,1785153454706466000,1785153454706467000,1785153454706467000,1785153454706468000,1785153454706619000,1785153454706622000,1785153454706622000,1785153454706622000,121932490,121652369,-129.121,1.000,0.000,1.000,3.000,0.000,0.000,66.000,0,0,0
B3_zmq_pushpull,zmq_tcp,none,none,,1,18247,512,584,1785153454707438000,1785153454707438000,1785153454707438000,1785153454707440000,1785153454707573000,1785153454707576000,1785153454707576000,1785153454707576000,121932490,121652369,-147.121,0.000,0.000,2.000,3.000,0.000,0.000,18.000,0,0,0
B3_zmq_pushpull,zmq_tcp,none,none,,1,18248,512,584,1785153454708599000,1785153454708599000,1785153454708599000,1785153454708600000,1785153454708707000,1785153454708710000,1785153454708710000,1785153454708710000,121932490,121652369,-173.121,0.000,0.000,1.000,3.000,0.000,0.000,26.000,0,0,0
B3_zmq_pushpull,zmq_tcp,none,none,,1,18249,512,584,1785153454709562000,1785153454709562000,1785153454709562000,1785153454709563000,1785153454709682000,1785153454709684000,1785153454709684000,1785153454709684000,121932490,121652369,-161.121,0.000,0.000,1.000,2.000,0.000,0.000,12.000,0,0,0
B3_zmq_pushpull,zmq_tcp,none,none,,1,18250,512,584,1785153454710574000,1785153454710574000,1785153454710574000,1785153454710575000,1785153454710647000,1785153454710650000,1785153454710650000,1785153454710650000,121932490,121652369,-208.121,0.000,0.000,1.000,3.000,0.000,0.000,47.000,0,0,0
B3_zmq_pushpull,zmq_tcp,none,none,,1,18251,512,584,1785153454711568000,1785153454711568000,1785153454711568000,1785153454711569000,1785153454711627000,1785153454711630000,1785153454711630000,1785153454711630000,121932490,121652369,-222.121,0.000,0.000,1.000,3.000,0.000,0.000,14.000,0,0,0
B3_zmq_pushpull,zmq_tcp,none,none,,1,18252,512,584,1785153454712570000,1785153454712570000,1785153454712570000,1785153454712571000,1785153454712735000,1785153454712738000,1785153454712738000,1785153454712738000,121932490,121652369,-116.121,0.000,0.000,1.000,3.000,0.000,0.000,106.000,0,0,0
B3_zmq_pushpull,zmq_tcp,none,none,,1,18253,512,584,1785153454713569000,1785153454713569000,1785153454713569000,1785153454713570000,1785153454713691000,1785153454713694000,1785153454713694000,1785153454713694000,121932490,121652369,-159.121,0.000,0.000,1.000,3.000,0.000,0.000,43.000,0,0,0
B3_zmq_pushpull,zmq_tcp,none,none,,1,18254,512,584,1785153454714570000,1785153454714570000,1785153454714570000,1785153454714571000,1785153454714678000,1785153454714680000,1785153454714680000,1785153454714680000,121932490,121652369,-173.121,0.000,0.000,1.000,2.000,0.000,0.000,14.000,0,0,0
B3_zmq_pushpull,zmq_tcp,none,none,,1,18255,512,584,1785153454715566000,1785153454715566000,1785153454715566000,1785153454715567000,1785153454715670000,1785153454715672000,1785153454715672000,1785153454715672000,121932490,121652369,-177.121,0.000,0.000,1.000,2.000,0.000,0.000,4.000,0,0,0
B3_zmq_pushpull,zmq_tcp,none,none,,1,18256,512,584,1785153454716571000,1785153454716571000,1785153454716571000,1785153454716572000,1785153454716656000,1785153454716659000,1785153454716659000,1785153454716659000,121932490,121652369,-196.121,0.000,0.000,1.000,3.000,0.000,0.000,19.000,0,0,0
B3_zmq_pushpull,zmq_tcp,none,none,,1,18257,512,584,1785153454717569000,1785153454717569000,1785153454717569000,1785153454717570000,1785153454717633000,1785153454717636000,1785153454717636000,1785153454717636000,121932490,121652369,-217.121,0.000,0.000,1.000,3.000,0.000,0.000,21.000,0,0,0
B3_zmq_pushpull,zmq_tcp,none,none,,1,18258,512,584,1785153454718570000,1785153454718570000,1785153454718570000,1785153454718571000,1785153454718738000,1785153454718741000,1785153454718741000,1785153454718741000,121932490,121652369,-113.121,0.000,0.000,1.000,3.000,0.000,0.000,104.000,0,0,0
B3_zmq_pushpull,zmq_tcp,none,none,,1,18259,512,584,1785153454719568000,1785153454719568000,1785153454719568000,1785153454719569000,1785153454719705000,1785153454719708000,1785153454719708000,1785153454719708000,121932490,121652369,-144.121,0.000,0.000,1.000,3.000,0.000,0.000,31.000,0,0,0
B3_zmq_pushpull,zmq_tcp,none,none,,1,18260,512,584,1785153454720395000,1785153454720395000,1785153454720395000,1785153454720396000,1785153454720550000,1785153454720553000,1785153454720553000,1785153454720553000,121932490,121652369,-126.121,0.000,0.000,1.000,3.000,0.000,0.000,18.000,0,0,0
B3_zmq_pushpull,zmq_tcp,none,none,,1,18261,512,584,1785153454721386000,1785153454721386000,1785153454721386000,1785153454721387000,1785153454721538000,1785153454721541000,1785153454721541000,1785153454721541000,121932490,121652369,-129.121,0.000,0.000,1.000,3.000,0.000,0.000,3.000,0,0,0
B3_zmq_pushpull,zmq_tcp,none,none,,1,18262,512,584,1785153454722618000,1785153454722619000,1785153454722619000,1785153454722620000,1785153454722788000,1785153454722791000,1785153454722791000,1785153454722791000,121932490,121652369,-112.121,1.000,0.000,1.000,3.000,0.000,0.000,17.000,0,0,0
B3_zmq_pushpull,zmq_tcp,none,none,,1,18263,512,584,1785153454723553000,1785153454723553000,1785153454723553000,1785153454723554000,1785153454723629000,1785153454723632000,1785153454723632000,1785153454723632000,121932490,121652369,-205.121,0.000,0.000,1.000,3.000,0.000,0.000,93.000,0,0,0
B3_zmq_pushpull,zmq_tcp,none,none,,1,18264,512,584,1785153454724575000,1785153454724575000,1785153454724575000,1785153454724576000,1785153454724749000,1785153454724751000,1785153454724751000,1785153454724751000,121932490,121652369,-107.121,0.000,0.000,1.000,2.000,0.000,0.000,98.000,0,0,0
B3_zmq_pushpull,zmq_tcp,none,none,,1,18265,512,584,1785153454725446000,1785153454725446000,1785153454725446000,1785153454725447000,1785153454725597000,1785153454725600000,1785153454725600000,1785153454725600000,121932490,121652369,-130.121,0.000,0.000,1.000,3.000,0.000,0.000,23.000,0,0,0
B3_zmq_pushpull,zmq_tcp,none,none,,1,18266,512,584,1785153454726432000,1785153454726432000,1785153454726432000,1785153454726433000,1785153454726582000,1785153454726584000,1785153454726585000,1785153454726585000,121932490,121652369,-131.121,0.000,0.000,1.000,2.000,1.000,0.000,1.000,0,0,0
B3_zmq_pushpull,zmq_tcp,none,none,,1,18267,512,584,1785153454727397000,1785153454727397000,1785153454727397000,1785153454727398000,1785153454727541000,1785153454727543000,1785153454727543000,1785153454727543000,121932490,121652369,-137.121,0.000,0.000,1.000,2.000,0.000,0.000,6.000,0,0,0
B3_zmq_pushpull,zmq_tcp,none,none,,1,18268,512,584,1785153454728372000,1785153454728372000,1785153454728372000,1785153454728373000,1785153454728525000,1785153454728527000,1785153454728527000,1785153454728527000,121932490,121652369,-128.121,0.000,0.000,1.000,2.000,0.000,0.000,9.000,0,0,0
B3_zmq_pushpull,zmq_tcp,none,none,,1,18269,512,584,1785153454729499000,1785153454729499000,1785153454729499000,1785153454729500000,1785153454729657000,1785153454729660000,1785153454729660000,1785153454729660000,121932490,121652369,-123.121,0.000,0.000,1.000,3.000,0.000,0.000,5.000,0,0,0
B3_zmq_pushpull,zmq_tcp,none,none,,1,18270,512,584,1785153454730466000,1785153454730466000,1785153454730466000,1785153454730467000,1785153454730616000,1785153454730619000,1785153454730619000,1785153454730619000,121932490,121652369,-131.121,0.000,0.000,1.000,3.000,0.000,0.000,8.000,0,0,0
B3_zmq_pushpull,zmq_tcp,none,none,,1,18271,512,584,1785153454731596000,1785153454731596000,1785153454731596000,1785153454731597000,1785153454731729000,1785153454731731000,1785153454731731000,1785153454731731000,121932490,121652369,-148.121,0.000,0.000,1.000,2.000,0.000,0.000,17.000,0,0,0
B3_zmq_pushpull,zmq_tcp,none,none,,1,18272,512,584,1785153454732562000,1785153454732563000,1785153454732563000,1785153454732564000,1785153454732711000,1785153454732714000,1785153454732714000,1785153454732714000,121932490,121652369,-133.121,1.000,0.000,1.000,3.000,0.000,0.000,15.000,0,0,0
B3_zmq_pushpull,zmq_tcp,none,none,,1,18273,512,584,1785153454733567000,1785153454733568000,1785153454733568000,1785153454733569000,1785153454733687000,1785153454733690000,1785153454733690000,1785153454733690000,121932490,121652369,-162.121,1.000,0.000,1.000,3.000,0.000,0.000,29.000,0,0,0
B3_zmq_pushpull,zmq_tcp,none,none,,1,18274,512,584,1785153454734570000,1785153454734570000,1785153454734570000,1785153454734571000,1785153454734665000,1785153454734667000,1785153454734667000,1785153454734667000,121932490,121652369,-186.121,0.000,0.000,1.000,2.000,0.000,0.000,24.000,0,0,0
B3_zmq_pushpull,zmq_tcp,none,none,,1,18275,512,584,1785153454735570000,1785153454735570000,1785153454735570000,1785153454735571000,1785153454735646000,1785153454735648000,1785153454735649000,1785153454735649000,121932490,121652369,-205.121,0.000,0.000,1.000,2.000,1.000,0.000,19.000,0,0,0
B3_zmq_pushpull,zmq_tcp,none,none,,1,18276,512,584,1785153454736568000,1785153454736569000,1785153454736569000,1785153454736570000,1785153454736639000,1785153454736642000,1785153454736642000,1785153454736642000,121932490,121652369,-211.121,1.000,0.000,1.000,3.000,0.000,0.000,6.000,0,0,0
B3_zmq_pushpull,zmq_tcp,none,none,,1,18277,512,584,1785153454737569000,1785153454737569000,1785153454737569000,1785153454737570000,1785153454737635000,1785153454737638000,1785153454737638000,1785153454737638000,121932490,121652369,-215.121,0.000,0.000,1.000,3.000,0.000,0.000,4.000,0,0,0
B3_zmq_pushpull,zmq_tcp,none,none,,1,18278,512,584,1785153454738572000,1785153454738572000,1785153454738572000,1785153454738573000,1785153454738753000,1785153454738755000,1785153454738755000,1785153454738755000,121932490,121652369,-100.121,0.000,0.000,1.000,2.000,0.000,0.000,115.000,0,0,0
B3_zmq_pushpull,zmq_tcp,none,none,,1,18279,512,584,1785153454739564000,1785153454739564000,1785153454739564000,1785153454739565000,1785153454739609000,1785153454739612000,1785153454739612000,1785153454739612000,121932490,121652369,-236.121,0.000,0.000,1.000,3.000,0.000,0.000,136.000,0,0,0
B3_zmq_pushpull,zmq_tcp,none,none,,1,18280,512,584,1785153454740570000,1785153454740571000,1785153454740571000,1785153454740572000,1785153454740718000,1785153454740721000,1785153454740721000,1785153454740721000,121932490,121652369,-134.121,1.000,0.000,1.000,3.000,0.000,0.000,102.000,0,0,0
B3_zmq_pushpull,zmq_tcp,none,none,,1,18281,512,584,1785153454741395000,1785153454741395000,1785153454741395000,1785153454741396000,1785153454741546000,1785153454741549000,1785153454741549000,1785153454741549000,121932490,121652369,-130.121,0.000,0.000,1.000,3.000,0.000,0.000,4.000,0,0,0
B3_zmq_pushpull,zmq_tcp,none,none,,1,18282,512,584,1785153454742374000,1785153454742374000,1785153454742374000,1785153454742375000,1785153454742530000,1785153454742533000,1785153454742533000,1785153454742533000,121932490,121652369,-125.121,0.000,0.000,1.000,3.000,0.000,0.000,5.000,0,0,0
B3_zmq_pushpull,zmq_tcp,none,none,,1,18283,512,584,1785153454743372000,1785153454743372000,1785153454743372000,1785153454743373000,1785153454743517000,1785153454743519000,1785153454743519000,1785153454743519000,121932490,121652369,-136.121,0.000,0.000,1.000,2.000,0.000,0.000,11.000,0,0,0
B3_zmq_pushpull,zmq_tcp,none,none,,1,18284,512,584,1785153454744487000,1785153454744487000,1785153454744487000,1785153454744488000,1785153454744641000,1785153454744643000,1785153454744643000,1785153454744643000,121932490,121652369,-127.121,0.000,0.000,1.000,2.000,0.000,0.000,9.000,0,0,0
B3_zmq_pushpull,zmq_tcp,none,none,,1,18285,512,584,1785153454745467000,1785153454745467000,1785153454745467000,1785153454745469000,1785153454745615000,1785153454745618000,1785153454745618000,1785153454745618000,121932490,121652369,-134.121,0.000,0.000,2.000,3.000,0.000,0.000,7.000,0,0,0
B3_zmq_pushpull,zmq_tcp,none,none,,1,18286,512,584,1785153454746593000,1785153454746593000,1785153454746593000,1785153454746594000,1785153454746739000,1785153454746743000,1785153454746743000,1785153454746743000,121932490,121652369,-135.121,0.000,0.000,1.000,4.000,0.000,0.000,1.000,0,0,0
B3_zmq_pushpull,zmq_tcp,none,none,,1,18287,512,584,1785153454747564000,1785153454747564000,1785153454747564000,1785153454747565000,1785153454747701000,1785153454747704000,1785153454747704000,1785153454747704000,121932490,121652369,-144.121,0.000,0.000,1.000,3.000,0.000,0.000,9.000,0,0,0
B3_zmq_pushpull,zmq_tcp,none,none,,1,18288,512,584,1785153454748570000,1785153454748570000,1785153454748570000,1785153454748571000,1785153454748681000,1785153454748683000,1785153454748683000,1785153454748683000,121932490,121652369,-170.121,0.000,0.000,1.000,2.000,0.000,0.000,26.000,0,0,0
B3_zmq_pushpull,zmq_tcp,none,none,,1,18289,512,584,1785153454749566000,1785153454749566000,1785153454749566000,1785153454749567000,1785153454749655000,1785153454749658000,1785153454749658000,1785153454749658000,121932490,121652369,-192.121,0.000,0.000,1.000,3.000,0.000,0.000,22.000,0,0,0
B3_zmq_pushpull,zmq_tcp,none,none,,1,18290,512,584,1785153454750573000,1785153454750573000,1785153454750573000,1785153454750574000,1785153454750640000,1785153454750643000,1785153454750643000,1785153454750643000,121932490,121652369,-214.121,0.000,0.000,1.000,3.000,0.000,0.000,22.000,0,0,0
B3_zmq_pushpull,zmq_tcp,none,none,,1,18291,512,584,1785153454751569000,1785153454751569000,1785153454751569000,1785153454751570000,1785153454751755000,1785153454751758000,1785153454751758000,1785153454751758000,121932490,121652369,-95.121,0.000,0.000,1.000,3.000,0.000,0.000,119.000,0,0,0
B3_zmq_pushpull,zmq_tcp,none,none,,1,18292,512,584,1785153454752450000,1785153454752451000,1785153454752451000,1785153454752452000,1785153454752601000,1785153454752603000,1785153454752603000,1785153454752603000,121932490,121652369,-131.121,1.000,0.000,1.000,2.000,0.000,0.000,36.000,0,0,0
B3_zmq_pushpull,zmq_tcp,none,none,,1,18293,512,584,1785153454753598000,1785153454753598000,1785153454753599000,1785153454753599000,1785153454753699000,1785153454753703000,1785153454753703000,1785153454753703000,121932490,121652369,-180.121,0.000,1.000,0.000,4.000,0.000,0.000,49.000,0,0,0
B3_zmq_pushpull,zmq_tcp,none,none,,1,18294,512,584,1785153454754391000,1785153454754391000,1785153454754391000,1785153454754392000,1785153454754533000,1785153454754535000,1785153454754535000,1785153454754535000,121932490,121652369,-139.121,0.000,0.000,1.000,2.000,0.000,0.000,41.000,0,0,0
B3_zmq_pushpull,zmq_tcp,none,none,,1,18295,512,584,1785153454755488000,1785153454755488000,1785153454755488000,1785153454755489000,1785153454755631000,1785153454755634000,1785153454755634000,1785153454755634000,121932490,121652369,-138.121,0.000,0.000,1.000,3.000,0.000,0.000,1.000,0,0,0
B3_zmq_pushpull,zmq_tcp,none,none,,1,18296,512,584,1785153454756480000,1785153454756480000,1785153454756480000,1785153454756481000,1785153454756639000,1785153454756646000,1785153454756646000,1785153454756646000,121932490,121652369,-122.121,0.000,0.000,1.000,7.000,0.000,0.000,16.000,0,0,0
B3_zmq_pushpull,zmq_tcp,none,none,,1,18297,512,584,1785153454757482000,1785153454757482000,1785153454757482000,1785153454757483000,1785153454757631000,1785153454757634000,1785153454757634000,1785153454757634000,121932490,121652369,-132.121,0.000,0.000,1.000,3.000,0.000,0.000,10.000,0,0,0
B3_zmq_pushpull,zmq_tcp,none,none,,1,18298,512,584,1785153454758594000,1785153454758594000,1785153454758594000,1785153454758595000,1785153454758755000,1785153454758758000,1785153454758758000,1785153454758758000,121932490,121652369,-120.121,0.000,0.000,1.000,3.000,0.000,0.000,12.000,0,0,0
B3_zmq_pushpull,zmq_tcp,none,none,,1,18299,512,584,1785153454759447000,1785153454759447000,1785153454759447000,1785153454759448000,1785153454759602000,1785153454759605000,1785153454759605000,1785153454759605000,121932490,121652369,-126.121,0.000,0.000,1.000,3.000,0.000,0.000,6.000,0,0,0
B3_zmq_pushpull,zmq_tcp,none,none,,1,18300,512,584,1785153454760421000,1785153454760422000,1785153454760422000,1785153454760423000,1785153454760563000,1785153454760566000,1785153454760566000,1785153454760566000,121932490,121652369,-140.121,1.000,0.000,1.000,3.000,0.000,0.000,14.000,0,0,0
B3_zmq_pushpull,zmq_tcp,none,none,,1,18301,512,584,1785153454761389000,1785153454761389000,1785153454761389000,1785153454761391000,1785153454761533000,1785153454761535000,1785153454761535000,1785153454761535000,121932490,121652369,-138.121,0.000,0.000,2.000,2.000,0.000,0.000,2.000,0,0,0
B3_zmq_pushpull,zmq_tcp,none,none,,1,18302,512,584,1785153454762614000,1785153454762614000,1785153454762614000,1785153454762615000,1785153454762797000,1785153454762799000,1785153454762799000,1785153454762799000,121932490,121652369,-98.121,0.000,0.000,1.000,2.000,0.000,0.000,40.000,0,0,0
B3_zmq_pushpull,zmq_tcp,none,none,,1,18303,512,584,1785153454763471000,1785153454763472000,1785153454763472000,1785153454763473000,1785153454763630000,1785153454763633000,1785153454763633000,1785153454763633000,121932490,121652369,-123.121,1.000,0.000,1.000,3.000,0.000,0.000,25.000,0,0,0
B3_zmq_pushpull,zmq_tcp,none,none,,1,18304,512,584,1785153454764596000,1785153454764597000,1785153454764597000,1785153454764598000,1785153454764767000,1785153454764771000,1785153454764771000,1785153454764771000,121932490,121652369,-111.121,1.000,0.000,1.000,4.000,0.000,0.000,12.000,0,0,0
B3_zmq_pushpull,zmq_tcp,none,none,,1,18305,512,584,1785153454765453000,1785153454765453000,1785153454765453000,1785153454765454000,1785153454765614000,1785153454765617000,1785153454765617000,1785153454765617000,121932490,121652369,-120.121,0.000,0.000,1.000,3.000,0.000,0.000,9.000,0,0,0
B3_zmq_pushpull,zmq_tcp,none,none,,1,18306,512,584,1785153454766601000,1785153454766601000,1785153454766601000,1785153454766602000,1785153454766741000,1785153454766743000,1785153454766743000,1785153454766743000,121932490,121652369,-141.121,0.000,0.000,1.000,2.000,0.000,0.000,21.000,0,0,0
B3_zmq_pushpull,zmq_tcp,none,none,,1,18307,512,584,1785153454767561000,1785153454767561000,1785153454767561000,1785153454767562000,1785153454767713000,1785153454767717000,1785153454767717000,1785153454767717000,121932490,121652369,-129.121,0.000,0.000,1.000,4.000,0.000,0.000,12.000,0,0,0
B3_zmq_pushpull,zmq_tcp,none,none,,1,18308,512,584,1785153454768387000,1785153454768387000,1785153454768387000,1785153454768388000,1785153454768538000,1785153454768541000,1785153454768541000,1785153454768541000,121932490,121652369,-130.121,0.000,0.000,1.000,3.000,0.000,0.000,1.000,0,0,0
B3_zmq_pushpull,zmq_tcp,none,none,,1,18309,512,584,1785153454769380000,1785153454769380000,1785153454769380000,1785153454769381000,1785153454769511000,1785153454769514000,1785153454769514000,1785153454769514000,121932490,121652369,-150.121,0.000,0.000,1.000,3.000,0.000,0.000,20.000,0,0,0
B3_zmq_pushpull,zmq_tcp,none,none,,1,18310,512,584,1785153454770483000,1785153454770483000,1785153454770483000,1785153454770484000,1785153454770639000,1785153454770642000,1785153454770642000,1785153454770642000,121932490,121652369,-125.121,0.000,0.000,1.000,3.000,0.000,0.000,25.000,0,0,0
B3_zmq_pushpull,zmq_tcp,none,none,,1,18311,512,584,1785153454771461000,1785153454771462000,1785153454771462000,1785153454771463000,1785153454771622000,1785153454771625000,1785153454771625000,1785153454771625000,121932490,121652369,-121.121,1.000,0.000,1.000,3.000,0.000,0.000,4.000,0,0,0
B3_zmq_pushpull,zmq_tcp,none,none,,1,18312,512,584,1785153454772597000,1785153454772597000,1785153454772597000,1785153454772598000,1785153454772758000,1785153454772761000,1785153454772761000,1785153454772761000,121932490,121652369,-120.121,0.000,0.000,1.000,3.000,0.000,0.000,1.000,0,0,0
B3_zmq_pushpull,zmq_tcp,none,none,,1,18313,512,584,1785153454773562000,1785153454773563000,1785153454773563000,1785153454773563000,1785153454773725000,1785153454773727000,1785153454773728000,1785153454773728000,121932490,121652369,-118.121,1.000,0.000,0.000,2.000,1.000,0.000,2.000,0,0,0
B3_zmq_pushpull,zmq_tcp,none,none,,1,18314,512,584,1785153454774568000,1785153454774568000,1785153454774568000,1785153454774569000,1785153454774709000,1785153454774713000,1785153454774713000,1785153454774713000,121932490,121652369,-140.121,0.000,0.000,1.000,4.000,0.000,0.000,22.000,0,0,0
B3_zmq_pushpull,zmq_tcp,none,none,,1,18315,512,584,1785153454775569000,1785153454775569000,1785153454775569000,1785153454775570000,1785153454775685000,1785153454775687000,1785153454775687000,1785153454775687000,121932490,121652369,-165.121,0.000,0.000,1.000,2.000,0.000,0.000,25.000,0,0,0
B3_zmq_pushpull,zmq_tcp,none,none,,1,18316,512,584,1785153454776569000,1785153454776569000,1785153454776569000,1785153454776570000,1785153454776631000,1785153454776635000,1785153454776635000,1785153454776635000,121932490,121652369,-219.121,0.000,0.000,1.000,4.000,0.000,0.000,54.000,0,0,0
B3_zmq_pushpull,zmq_tcp,none,none,,1,18317,512,584,1785153454777569000,1785153454777569000,1785153454777569000,1785153454777570000,1785153454777625000,1785153454777628000,1785153454777628000,1785153454777628000,121932490,121652369,-225.121,0.000,0.000,1.000,3.000,0.000,0.000,6.000,0,0,0
B3_zmq_pushpull,zmq_tcp,none,none,,1,18318,512,584,1785153454778572000,1785153454778572000,1785153454778572000,1785153454778573000,1785153454778618000,1785153454778621000,1785153454778621000,1785153454778621000,121932490,121652369,-235.121,0.000,0.000,1.000,3.000,0.000,0.000,10.000,0,0,0
B3_zmq_pushpull,zmq_tcp,none,none,,1,18319,512,584,1785153454779453000,1785153454779454000,1785153454779454000,1785153454779455000,1785153454779611000,1785153454779614000,1785153454779614000,1785153454779614000,121932490,121652369,-124.121,1.000,0.000,1.000,3.000,0.000,0.000,111.000,0,0,0
B3_zmq_pushpull,zmq_tcp,none,none,,1,18320,512,584,1785153454780444000,1785153454780445000,1785153454780445000,1785153454780446000,1785153454780593000,1785153454780596000,1785153454780596000,1785153454780596000,121932490,121652369,-133.121,1.000,0.000,1.000,3.000,0.000,0.000,9.000,0,0,0
B3_zmq_pushpull,zmq_tcp,none,none,,1,18321,512,584,1785153454781597000,1785153454781597000,1785153454781597000,1785153454781598000,1785153454781699000,1785153454781704000,1785153454781704000,1785153454781704000,121932490,121652369,-179.121,0.000,0.000,1.000,5.000,0.000,0.000,46.000,0,0,0
B3_zmq_pushpull,zmq_tcp,none,none,,1,18322,512,584,1785153454782562000,1785153454782563000,1785153454782563000,1785153454782564000,1785153454782680000,1785153454782682000,1785153454782682000,1785153454782682000,121932490,121652369,-164.121,1.000,0.000,1.000,2.000,0.000,0.000,15.000,0,0,0
B3_zmq_pushpull,zmq_tcp,none,none,,1,18323,512,584,1785153454783571000,1785153454783571000,1785153454783571000,1785153454783572000,1785153454783630000,1785153454783633000,1785153454783633000,1785153454783633000,121932490,121652369,-222.121,0.000,0.000,1.000,3.000,0.000,0.000,58.000,0,0,0
B3_zmq_pushpull,zmq_tcp,none,none,,1,18324,512,584,1785153454784565000,1785153454784565000,1785153454784565000,1785153454784566000,1785153454784628000,1785153454784630000,1785153454784630000,1785153454784630000,121932490,121652369,-218.121,0.000,0.000,1.000,2.000,0.000,0.000,4.000,0,0,0
B3_zmq_pushpull,zmq_tcp,none,none,,1,18325,512,584,1785153454785570000,1785153454785571000,1785153454785571000,1785153454785572000,1785153454785748000,1785153454785750000,1785153454785750000,1785153454785750000,121932490,121652369,-104.121,1.000,0.000,1.000,2.000,0.000,0.000,114.000,0,0,0
B3_zmq_pushpull,zmq_tcp,none,none,,1,18326,512,584,1785153454786569000,1785153454786569000,1785153454786569000,1785153454786570000,1785153454786718000,1785153454786721000,1785153454786721000,1785153454786721000,121932490,121652369,-132.121,0.000,0.000,1.000,3.000,0.000,0.000,28.000,0,0,0
B3_zmq_pushpull,zmq_tcp,none,none,,1,18327,512,584,1785153454787418000,1785153454787418000,1785153454787418000,1785153454787419000,1785153454787578000,1785153454787581000,1785153454787581000,1785153454787581000,121932490,121652369,-121.121,0.000,0.000,1.000,3.000,0.000,0.000,11.000,0,0,0
B3_zmq_pushpull,zmq_tcp,none,none,,1,18328,512,584,1785153454788606000,1785153454788607000,1785153454788607000,1785153454788608000,1785153454788693000,1785153454788697000,1785153454788697000,1785153454788697000,121932490,121652369,-195.121,1.000,0.000,1.000,4.000,0.000,0.000,74.000,0,0,0
B3_zmq_pushpull,zmq_tcp,none,none,,1,18329,512,584,1785153454789560000,1785153454789560000,1785153454789560000,1785153454789561000,1785153454789668000,1785153454789671000,1785153454789671000,1785153454789671000,121932490,121652369,-173.121,0.000,0.000,1.000,3.000,0.000,0.000,22.000,0,0,0
B3_zmq_pushpull,zmq_tcp,none,none,,1,18330,512,584,1785153454790491000,1785153454790491000,1785153454790491000,1785153454790492000,1785153454790644000,1785153454790647000,1785153454790647000,1785153454790647000,121932490,121652369,-128.121,0.000,0.000,1.000,3.000,0.000,0.000,45.000,0,0,0
B3_zmq_pushpull,zmq_tcp,none,none,,1,18331,512,584,1785153454791476000,1785153454791476000,1785153454791476000,1785153454791477000,1785153454791625000,1785153454791627000,1785153454791628000,1785153454791628000,121932490,121652369,-132.121,0.000,0.000,1.000,2.000,1.000,0.000,4.000,0,0,0
B3_zmq_pushpull,zmq_tcp,none,none,,1,18332,512,584,1785153454792594000,1785153454792594000,1785153454792594000,1785153454792595000,1785153454792728000,1785153454792730000,1785153454792730000,1785153454792730000,121932490,121652369,-147.121,0.000,0.000,1.000,2.000,0.000,0.000,15.000,0,0,0
B3_zmq_pushpull,zmq_tcp,none,none,,1,18333,512,584,1785153454793565000,1785153454793565000,1785153454793565000,1785153454793566000,1785153454793722000,1785153454793725000,1785153454793725000,1785153454793725000,121932490,121652369,-124.121,0.000,0.000,1.000,3.000,0.000,0.000,23.000,0,0,0
B3_zmq_pushpull,zmq_tcp,none,none,,1,18334,512,584,1785153454794568000,1785153454794568000,1785153454794568000,1785153454794569000,1785153454794698000,1785153454794701000,1785153454794701000,1785153454794701000,121932490,121652369,-151.121,0.000,0.000,1.000,3.000,0.000,0.000,27.000,0,0,0
B3_zmq_pushpull,zmq_tcp,none,none,,1,18335,512,584,1785153454795570000,1785153454795571000,1785153454795571000,1785153454795572000,1785153454795694000,1785153454795697000,1785153454795697000,1785153454795697000,121932490,121652369,-158.121,1.000,0.000,1.000,3.000,0.000,0.000,7.000,0,0,0
B3_zmq_pushpull,zmq_tcp,none,none,,1,18336,512,584,1785153454796569000,1785153454796569000,1785153454796569000,1785153454796570000,1785153454796664000,1785153454796666000,1785153454796666000,1785153454796666000,121932490,121652369,-186.121,0.000,0.000,1.000,2.000,0.000,0.000,28.000,0,0,0
B3_zmq_pushpull,zmq_tcp,none,none,,1,18337,512,584,1785153454797567000,1785153454797567000,1785153454797567000,1785153454797568000,1785153454797640000,1785153454797642000,1785153454797642000,1785153454797642000,121932490,121652369,-208.121,0.000,0.000,1.000,2.000,0.000,0.000,22.000,0,0,0
B3_zmq_pushpull,zmq_tcp,none,none,,1,18338,512,584,1785153454798575000,1785153454798575000,1785153454798576000,1785153454798576000,1785153454798631000,1785153454798634000,1785153454798634000,1785153454798634000,121932490,121652369,-225.121,0.000,1.000,0.000,3.000,0.000,0.000,17.000,0,0,0
B3_zmq_pushpull,zmq_tcp,none,none,,1,18339,512,584,1785153454799570000,1785153454799570000,1785153454799570000,1785153454799571000,1785153454799742000,1785153454799745000,1785153454799745000,1785153454799745000,121932490,121652369,-109.121,0.000,0.000,1.000,3.000,0.000,0.000,116.000,0,0,0
B3_zmq_pushpull,zmq_tcp,none,none,,1,18340,512,584,1785153454800566000,1785153454800567000,1785153454800567000,1785153454800568000,1785153454800730000,1785153454800733000,1785153454800733000,1785153454800733000,121932490,121652369,-118.121,1.000,0.000,1.000,3.000,0.000,0.000,9.000,0,0,0
B3_zmq_pushpull,zmq_tcp,none,none,,1,18341,512,584,1785153454801571000,1785153454801571000,1785153454801571000,1785153454801572000,1785153454801704000,1785153454801707000,1785153454801707000,1785153454801707000,121932490,121652369,-148.121,0.000,0.000,1.000,3.000,0.000,0.000,30.000,0,0,0
B3_zmq_pushpull,zmq_tcp,none,none,,1,18342,512,584,1785153454802569000,1785153454802569000,1785153454802569000,1785153454802570000,1785153454802682000,1785153454802686000,1785153454802686000,1785153454802686000,121932490,121652369,-168.121,0.000,0.000,1.000,4.000,0.000,0.000,20.000,0,0,0
B3_zmq_pushpull,zmq_tcp,none,none,,1,18343,512,584,1785153454803569000,1785153454803569000,1785153454803569000,1785153454803570000,1785153454803660000,1785153454803662000,1785153454803662000,1785153454803662000,121932490,121652369,-190.121,0.000,0.000,1.000,2.000,0.000,0.000,22.000,0,0,0
B3_zmq_pushpull,zmq_tcp,none,none,,1,18344,512,584,1785153454804569000,1785153454804569000,1785153454804569000,1785153454804570000,1785153454804636000,1785153454804638000,1785153454804638000,1785153454804638000,121932490,121652369,-214.121,0.000,0.000,1.000,2.000,0.000,0.000,24.000,0,0,0
B3_zmq_pushpull,zmq_tcp,none,none,,1,18345,512,584,1785153454805572000,1785153454805572000,1785153454805572000,1785153454805573000,1785153454805625000,1785153454805629000,1785153454805629000,1785153454805629000,121932490,121652369,-228.121,0.000,0.000,1.000,4.000,0.000,0.000,14.000,0,0,0
B3_zmq_pushpull,zmq_tcp,none,none,,1,18346,512,584,1785153454806444000,1785153454806444000,1785153454806445000,1785153454806446000,1785153454806596000,1785153454806599000,1785153454806599000,1785153454806599000,121932490,121652369,-130.121,0.000,1.000,1.000,3.000,0.000,0.000,98.000,0,0,0
B3_zmq_pushpull,zmq_tcp,none,none,,1,18347,512,584,1785153454807430000,1785153454807430000,1785153454807430000,1785153454807431000,1785153454807582000,1785153454807585000,1785153454807585000,1785153454807585000,121932490,121652369,-129.121,0.000,0.000,1.000,3.000,0.000,0.000,1.000,0,0,0
B3_zmq_pushpull,zmq_tcp,none,none,,1,18348,512,584,1785153454808436000,1785153454808436000,1785153454808436000,1785153454808437000,1785153454808594000,1785153454808597000,1785153454808597000,1785153454808597000,121932490,121652369,-123.121,0.000,0.000,1.000,3.000,0.000,0.000,6.000,0,0,0
B3_zmq_pushpull,zmq_tcp,none,none,,1,18349,512,584,1785153454809431000,1785153454809431000,1785153454809431000,1785153454809432000,1785153454809585000,1785153454809588000,1785153454809588000,1785153454809588000,121932490,121652369,-127.121,0.000,0.000,1.000,3.000,0.000,0.000,4.000,0,0,0
B3_zmq_pushpull,zmq_tcp,none,none,,1,18350,512,584,1785153454810416000,1785153454810416000,1785153454810416000,1785153454810417000,1785153454810570000,1785153454810573000,1785153454810573000,1785153454810573000,121932490,121652369,-127.121,0.000,0.000,1.000,3.000,0.000,0.000,0.000,0,0,0
B3_zmq_pushpull,zmq_tcp,none,none,,1,18351,512,584,1785153454811409000,1785153454811409000,1785153454811409000,1785153454811410000,1785153454811564000,1785153454811567000,1785153454811567000,1785153454811567000,121932490,121652369,-126.121,0.000,0.000,1.000,3.000,0.000,0.000,1.000,0,0,0
B3_zmq_pushpull,zmq_tcp,none,none,,1,18352,512,584,1785153454812610000,1785153454812610000,1785153454812610000,1785153454812611000,1785153454812793000,1785153454812796000,1785153454812796000,1785153454812796000,121932490,121652369,-98.121,0.000,0.000,1.000,3.000,0.000,0.000,28.000,0,0,0
B3_zmq_pushpull,zmq_tcp,none,none,,1,18353,512,584,1785153454813561000,1785153454813561000,1785153454813561000,1785153454813562000,1785153454813642000,1785153454813645000,1785153454813645000,1785153454813645000,121932490,121652369,-200.121,0.000,0.000,1.000,3.000,0.000,0.000,102.000,0,0,0
B3_zmq_pushpull,zmq_tcp,none,none,,1,18354,512,584,1785153454814573000,1785153454814573000,1785153454814573000,1785153454814574000,1785153454814634000,1785153454814637000,1785153454814637000,1785153454814637000,121932490,121652369,-220.121,0.000,0.000,1.000,3.000,0.000,0.000,20.000,0,0,0
B3_zmq_pushpull,zmq_tcp,none,none,,1,18355,512,584,1785153454815566000,1785153454815566000,1785153454815566000,1785153454815567000,1785153454815616000,1785153454815620000,1785153454815620000,1785153454815620000,121932490,121652369,-231.121,0.000,0.000,1.000,4.000,0.000,0.000,11.000,0,0,0
B3_zmq_pushpull,zmq_tcp,none,none,,1,18356,512,584,1785153454816572000,1785153454816572000,1785153454816572000,1785153454816573000,1785153454816741000,1785153454816744000,1785153454816744000,1785153454816744000,121932490,121652369,-112.121,0.000,0.000,1.000,3.000,0.000,0.000,119.000,0,0,0
B3_zmq_pushpull,zmq_tcp,none,none,,1,18357,512,584,1785153454817569000,1785153454817570000,1785153454817570000,1785153454817571000,1785153454817710000,1785153454817713000,1785153454817713000,1785153454817713000,121932490,121652369,-141.121,1.000,0.000,1.000,3.000,0.000,0.000,29.000,0,0,0
B3_zmq_pushpull,zmq_tcp,none,none,,1,18358,512,584,1785153454818569000,1785153454818569000,1785153454818569000,1785153454818570000,1785153454818698000,1785153454818701000,1785153454818701000,1785153454818701000,121932490,121652369,-152.121,0.000,0.000,1.000,3.000,0.000,0.000,11.000,0,0,0
B3_zmq_pushpull,zmq_tcp,none,none,,1,18359,512,584,1785153454819567000,1785153454819567000,1785153454819567000,1785153454819568000,1785153454819671000,1785153454819673000,1785153454819673000,1785153454819673000,121932490,121652369,-177.121,0.000,0.000,1.000,2.000,0.000,0.000,25.000,0,0,0
B3_zmq_pushpull,zmq_tcp,none,none,,1,18360,512,584,1785153454820571000,1785153454820571000,1785153454820571000,1785153454820572000,1785153454820648000,1785153454820650000,1785153454820650000,1785153454820650000,121932490,121652369,-204.121,0.000,0.000,1.000,2.000,0.000,0.000,27.000,0,0,0
B3_zmq_pushpull,zmq_tcp,none,none,,1,18361,512,584,1785153454821572000,1785153454821572000,1785153454821572000,1785153454821573000,1785153454821633000,1785153454821636000,1785153454821636000,1785153454821636000,121932490,121652369,-220.121,0.000,0.000,1.000,3.000,0.000,0.000,16.000,0,0,0
B3_zmq_pushpull,zmq_tcp,none,none,,1,18362,512,584,1785153454822568000,1785153454822568000,1785153454822568000,1785153454822569000,1785153454822754000,1785153454822757000,1785153454822757000,1785153454822757000,121932490,121652369,-95.121,0.000,0.000,1.000,3.000,0.000,0.000,125.000,0,0,0
B3_zmq_pushpull,zmq_tcp,none,none,,1,18363,512,584,1785153454823569000,1785153454823569000,1785153454823569000,1785153454823570000,1785153454823716000,1785153454823718000,1785153454823718000,1785153454823718000,121932490,121652369,-134.121,0.000,0.000,1.000,2.000,0.000,0.000,39.000,0,0,0
B3_zmq_pushpull,zmq_tcp,none,none,,1,18364,512,584,1785153454824569000,1785153454824569000,1785153454824569000,1785153454824570000,1785153454824682000,1785153454824685000,1785153454824685000,1785153454824685000,121932490,121652369,-168.121,0.000,0.000,1.000,3.000,0.000,0.000,34.000,0,0,0
B3_zmq_pushpull,zmq_tcp,none,none,,1,18365,512,584,1785153454825569000,1785153454825569000,1785153454825569000,1785153454825570000,1785153454825662000,1785153454825665000,1785153454825665000,1785153454825665000,121932490,121652369,-188.121,0.000,0.000,1.000,3.000,0.000,0.000,20.000,0,0,0
B3_zmq_pushpull,zmq_tcp,none,none,,1,18366,512,584,1785153454826567000,1785153454826568000,1785153454826568000,1785153454826569000,1785153454826624000,1785153454826627000,1785153454826627000,1785153454826627000,121932490,121652369,-225.121,1.000,0.000,1.000,3.000,0.000,0.000,37.000,0,0,0
B3_zmq_pushpull,zmq_tcp,none,none,,1,18367,512,584,1785153454827571000,1785153454827571000,1785153454827571000,1785153454827572000,1785153454827738000,1785153454827741000,1785153454827741000,1785153454827741000,121932490,121652369,-114.121,0.000,0.000,1.000,3.000,0.000,0.000,111.000,0,0,0
B3_zmq_pushpull,zmq_tcp,none,none,,1,18368,512,584,1785153454828570000,1785153454828570000,1785153454828570000,1785153454828571000,1785153454828720000,1785153454828722000,1785153454828722000,1785153454828722000,121932490,121652369,-131.121,0.000,0.000,1.000,2.000,0.000,0.000,17.000,0,0,0
B3_zmq_pushpull,zmq_tcp,none,none,,1,18369,512,584,1785153454829400000,1785153454829400000,1785153454829400000,1785153454829401000,1785153454829552000,1785153454829555000,1785153454829555000,1785153454829555000,121932490,121652369,-129.121,0.000,0.000,1.000,3.000,0.000,0.000,2.000,0,0,0
B3_zmq_pushpull,zmq_tcp,none,none,,1,18370,512,584,1785153454830393000,1785153454830393000,1785153454830393000,1785153454830394000,1785153454830545000,1785153454830548000,1785153454830548000,1785153454830548000,121932490,121652369,-129.121,0.000,0.000,1.000,3.000,0.000,0.000,0.000,0,0,0
B3_zmq_pushpull,zmq_tcp,none,none,,1,18371,512,584,1785153454831379000,1785153454831379000,1785153454831379000,1785153454831380000,1785153454831518000,1785153454831521000,1785153454831521000,1785153454831521000,121932490,121652369,-142.121,0.000,0.000,1.000,3.000,0.000,0.000,13.000,0,0,0
B3_zmq_pushpull,zmq_tcp,none,none,,1,18372,512,584,1785153454832493000,1785153454832493000,1785153454832493000,1785153454832494000,1785153454832644000,1785153454832647000,1785153454832647000,1785153454832647000,121932490,121652369,-130.121,0.000,0.000,1.000,3.000,0.000,0.000,12.000,0,0,0
B3_zmq_pushpull,zmq_tcp,none,none,,1,18373,512,584,1785153454833492000,1785153454833492000,1785153454833493000,1785153454833494000,1785153454833636000,1785153454833638000,1785153454833639000,1785153454833639000,121932490,121652369,-138.121,0.000,1.000,1.000,2.000,1.000,0.000,8.000,0,0,0
B3_zmq_pushpull,zmq_tcp,none,none,,1,18374,512,584,1785153454834589000,1785153454834589000,1785153454834590000,1785153454834590000,1785153454834761000,1785153454834764000,1785153454834764000,1785153454834764000,121932490,121652369,-109.121,0.000,1.000,0.000,3.000,0.000,0.000,29.000,0,0,0
B3_zmq_pushpull,zmq_tcp,none,none,,1,18375,512,584,1785153454835457000,1785153454835457000,1785153454835458000,1785153454835458000,1785153454835607000,1785153454835610000,1785153454835610000,1785153454835610000,121932490,121652369,-131.121,0.000,1.000,0.000,3.000,0.000,0.000,22.000,0,0,0
B3_zmq_pushpull,zmq_tcp,none,none,,1,18376,512,584,1785153454836447000,1785153454836447000,1785153454836447000,1785153454836448000,1785153454836595000,1785153454836598000,1785153454836598000,1785153454836598000,121932490,121652369,-133.121,0.000,0.000,1.000,3.000,0.000,0.000,2.000,0,0,0
B3_zmq_pushpull,zmq_tcp,none,none,,1,18377,512,584,1785153454837428000,1785153454837429000,1785153454837429000,1785153454837430000,1785153454837590000,1785153454837593000,1785153454837593000,1785153454837593000,121932490,121652369,-120.121,1.000,0.000,1.000,3.000,0.000,0.000,13.000,0,0,0
B3_zmq_pushpull,zmq_tcp,none,none,,1,18378,512,584,1785153454838422000,1785153454838422000,1785153454838422000,1785153454838423000,1785153454838580000,1785153454838583000,1785153454838583000,1785153454838583000,121932490,121652369,-123.121,0.000,0.000,1.000,3.000,0.000,0.000,3.000,0,0,0
B3_zmq_pushpull,zmq_tcp,none,none,,1,18379,512,584,1785153454839422000,1785153454839422000,1785153454839422000,1785153454839423000,1785153454839585000,1785153454839588000,1785153454839588000,1785153454839588000,121932490,121652369,-118.121,0.000,0.000,1.000,3.000,0.000,0.000,5.000,0,0,0
B3_zmq_pushpull,zmq_tcp,none,none,,1,18380,512,584,1785153454840440000,1785153454840440000,1785153454840440000,1785153454840441000,1785153454840598000,1785153454840602000,1785153454840602000,1785153454840602000,121932490,121652369,-123.121,0.000,0.000,1.000,4.000,0.000,0.000,5.000,0,0,0
B3_zmq_pushpull,zmq_tcp,none,none,,1,18381,512,584,1785153454841600000,1785153454841600000,1785153454841600000,1785153454841601000,1785153454841740000,1785153454841743000,1785153454841743000,1785153454841743000,121932490,121652369,-141.121,0.000,0.000,1.000,3.000,0.000,0.000,18.000,0,0,0
B3_zmq_pushpull,zmq_tcp,none,none,,1,18382,512,584,1785153454842564000,1785153454842564000,1785153454842564000,1785153454842565000,1785153454842719000,1785153454842723000,1785153454842723000,1785153454842723000,121932490,121652369,-126.121,0.000,0.000,1.000,4.000,0.000,0.000,15.000,0,0,0
B3_zmq_pushpull,zmq_tcp,none,none,,1,18383,512,584,1785153454843571000,1785153454843571000,1785153454843571000,1785153454843572000,1785153454843729000,1785153454843732000,1785153454843732000,1785153454843732000,121932490,121652369,-123.121,0.000,0.000,1.000,3.000,0.000,0.000,3.000,0,0,0
B3_zmq_pushpull,zmq_tcp,none,none,,1,18384,512,584,1785153454844570000,1785153454844570000,1785153454844570000,1785153454844571000,1785153454844717000,1785153454844720000,1785153454844720000,1785153454844720000,121932490,121652369,-134.121,0.000,0.000,1.000,3.000,0.000,0.000,11.000,0,0,0
B3_zmq_pushpull,zmq_tcp,none,none,,1,18385,512,584,1785153454845573000,1785153454845573000,1785153454845573000,1785153454845574000,1785153454845700000,1785153454845702000,1785153454845702000,1785153454845702000,121932490,121652369,-154.121,0.000,0.000,1.000,2.000,0.000,0.000,20.000,0,0,0
B3_zmq_pushpull,zmq_tcp,none,none,,1,18386,512,584,1785153454846570000,1785153454846570000,1785153454846570000,1785153454846571000,1785153454846719000,1785153454846723000,1785153454846723000,1785153454846723000,121932490,121652369,-132.121,0.000,0.000,1.000,4.000,0.000,0.000,22.000,0,0,0
B3_zmq_pushpull,zmq_tcp,none,none,,1,18387,512,584,1785153454847570000,1785153454847571000,1785153454847571000,1785153454847572000,1785153454847706000,1785153454847709000,1785153454847709000,1785153454847709000,121932490,121652369,-146.121,1.000,0.000,1.000,3.000,0.000,0.000,14.000,0,0,0
B3_zmq_pushpull,zmq_tcp,none,none,,1,18388,512,584,1785153454848570000,1785153454848570000,1785153454848570000,1785153454848571000,1785153454848726000,1785153454848729000,1785153454848729000,1785153454848729000,121932490,121652369,-125.121,0.000,0.000,1.000,3.000,0.000,0.000,21.000,0,0,0
B3_zmq_pushpull,zmq_tcp,none,none,,1,18389,512,584,1785153454849571000,1785153454849571000,1785153454849571000,1785153454849572000,1785153454849708000,1785153454849711000,1785153454849711000,1785153454849711000,121932490,121652369,-144.121,0.000,0.000,1.000,3.000,0.000,0.000,19.000,0,0,0
B3_zmq_pushpull,zmq_tcp,none,none,,1,18390,512,584,1785153454850571000,1785153454850571000,1785153454850571000,1785153454850572000,1785153454850688000,1785153454850690000,1785153454850690000,1785153454850690000,121932490,121652369,-164.121,0.000,0.000,1.000,2.000,0.000,0.000,20.000,0,0,0
B3_zmq_pushpull,zmq_tcp,none,none,,1,18391,512,584,1785153454851571000,1785153454851571000,1785153454851571000,1785153454851572000,1785153454851688000,1785153454851690000,1785153454851690000,1785153454851690000,121932490,121652369,-164.121,0.000,0.000,1.000,2.000,0.000,0.000,0.000,0,0,0
B3_zmq_pushpull,zmq_tcp,none,none,,1,18392,512,584,1785153454852569000,1785153454852569000,1785153454852569000,1785153454852570000,1785153454852677000,1785153454852680000,1785153454852680000,1785153454852680000,121932490,121652369,-173.121,0.000,0.000,1.000,3.000,0.000,0.000,9.000,0,0,0
B3_zmq_pushpull,zmq_tcp,none,none,,1,18393,512,584,1785153454853375000,1785153454853375000,1785153454853375000,1785153454853376000,1785153454853534000,1785153454853537000,1785153454853537000,1785153454853537000,121932490,121652369,-122.121,0.000,0.000,1.000,3.000,0.000,0.000,51.000,0,0,0
B3_zmq_pushpull,zmq_tcp,none,none,,1,18394,512,584,1785153454854621000,1785153454854621000,1785153454854622000,1785153454854622000,1785153454854692000,1785153454854695000,1785153454854695000,1785153454854695000,121932490,121652369,-210.121,0.000,1.000,0.000,3.000,0.000,0.000,88.000,0,0,0
B3_zmq_pushpull,zmq_tcp,none,none,,1,18395,512,584,1785153454855405000,1785153454855405000,1785153454855405000,1785153454855406000,1785153454855556000,1785153454855558000,1785153454855558000,1785153454855558000,121932490,121652369,-130.121,0.000,0.000,1.000,2.000,0.000,0.000,80.000,0,0,0
B3_zmq_pushpull,zmq_tcp,none,none,,1,18396,512,584,1785153454856617000,1785153454856617000,1785153454856617000,1785153454856618000,1785153454856700000,1785153454856703000,1785153454856703000,1785153454856703000,121932490,121652369,-198.121,0.000,0.000,1.000,3.000,0.000,0.000,68.000,0,0,0
B3_zmq_pushpull,zmq_tcp,none,none,,1,18397,512,584,1785153454857559000,1785153454857559000,1785153454857559000,1785153454857560000,1785153454857702000,1785153454857706000,1785153454857706000,1785153454857706000,121932490,121652369,-138.121,0.000,0.000,1.000,4.000,0.000,0.000,60.000,0,0,0
B3_zmq_pushpull,zmq_tcp,none,none,,1,18398,512,584,1785153454858573000,1785153454858574000,1785153454858574000,1785153454858575000,1785153454858710000,1785153454858713000,1785153454858713000,1785153454858713000,121932490,121652369,-145.121,1.000,0.000,1.000,3.000,0.000,0.000,7.000,0,0,0
B3_zmq_pushpull,zmq_tcp,none,none,,1,18399,512,584,1785153454859569000,1785153454859569000,1785153454859569000,1785153454859570000,1785153454859702000,1785153454859705000,1785153454859705000,1785153454859705000,121932490,121652369,-148.121,0.000,0.000,1.000,3.000,0.000,0.000,3.000,0,0,0
B3_zmq_pushpull,zmq_tcp,none,none,,1,18400,512,584,1785153454860570000,1785153454860570000,1785153454860570000,1785153454860571000,1785153454860713000,1785153454860716000,1785153454860716000,1785153454860716000,121932490,121652369,-138.121,0.000,0.000,1.000,3.000,0.000,0.000,10.000,0,0,0
B3_zmq_pushpull,zmq_tcp,none,none,,1,18401,512,584,1785153454861571000,1785153454861571000,1785153454861571000,1785153454861572000,1785153454861722000,1785153454861725000,1785153454861725000,1785153454861725000,121932490,121652369,-130.121,0.000,0.000,1.000,3.000,0.000,0.000,8.000,0,0,0
B3_zmq_pushpull,zmq_tcp,none,none,,1,18402,512,584,1785153454862577000,1785153454862577000,1785153454862577000,1785153454862578000,1785153454862727000,1785153454862729000,1785153454862729000,1785153454862729000,121932490,121652369,-131.121,0.000,0.000,1.000,2.000,0.000,0.000,1.000,0,0,0
B3_zmq_pushpull,zmq_tcp,none,none,,1,18403,512,584,1785153454863568000,1785153454863568000,1785153454863568000,1785153454863569000,1785153454863732000,1785153454863734000,1785153454863734000,1785153454863734000,121932490,121652369,-117.121,0.000,0.000,1.000,2.000,0.000,0.000,14.000,0,0,0
B3_zmq_pushpull,zmq_tcp,none,none,,1,18404,512,584,1785153454864573000,1785153454864573000,1785153454864573000,1785153454864574000,1785153454864732000,1785153454864735000,1785153454864735000,1785153454864735000,121932490,121652369,-122.121,0.000,0.000,1.000,3.000,0.000,0.000,5.000,0,0,0
B3_zmq_pushpull,zmq_tcp,none,none,,1,18405,512,584,1785153454865571000,1785153454865571000,1785153454865571000,1785153454865572000,1785153454865733000,1785153454865736000,1785153454865736000,1785153454865736000,121932490,121652369,-119.121,0.000,0.000,1.000,3.000,0.000,0.000,3.000,0,0,0
B3_zmq_pushpull,zmq_tcp,none,none,,1,18406,512,584,1785153454866571000,1785153454866571000,1785153454866571000,1785153454866572000,1785153454866710000,1785153454866714000,1785153454866714000,1785153454866714000,121932490,121652369,-142.121,0.000,0.000,1.000,4.000,0.000,0.000,23.000,0,0,0
B3_zmq_pushpull,zmq_tcp,none,none,,1,18407,512,584,1785153454867411000,1785153454867412000,1785153454867412000,1785153454867412000,1785153454867568000,1785153454867570000,1785153454867570000,1785153454867570000,121932490,121652369,-124.121,1.000,0.000,0.000,2.000,0.000,0.000,18.000,0,0,0
B3_zmq_pushpull,zmq_tcp,none,none,,1,18408,512,584,1785153454868415000,1785153454868415000,1785153454868415000,1785153454868416000,1785153454868576000,1785153454868578000,1785153454868578000,1785153454868578000,121932490,121652369,-120.121,0.000,0.000,1.000,2.000,0.000,0.000,4.000,0,0,0
B3_zmq_pushpull,zmq_tcp,none,none,,1,18409,512,584,1785153454869611000,1785153454869611000,1785153454869611000,1785153454869612000,1785153454869717000,1785153454869720000,1785153454869720000,1785153454869720000,121932490,121652369,-175.121,0.000,0.000,1.000,3.000,0.000,0.000,55.000,0,0,0
B3_zmq_pushpull,zmq_tcp,none,none,,1,18410,512,584,1785153454870560000,1785153454870560000,1785153454870560000,1785153454870561000,1785153454870722000,1785153454870725000,1785153454870725000,1785153454870725000,121932490,121652369,-119.121,0.000,0.000,1.000,3.000,0.000,0.000,56.000,0,0,0
B3_zmq_pushpull,zmq_tcp,none,none,,1,18411,512,584,1785153454871574000,1785153454871574000,1785153454871574000,1785153454871575000,1785153454871724000,1785153454871727000,1785153454871727000,1785153454871727000,121932490,121652369,-131.121,0.000,0.000,1.000,3.000,0.000,0.000,12.000,0,0,0
B3_zmq_pushpull,zmq_tcp,none,none,,1,18412,512,584,1785153454872436000,1785153454872436000,1785153454872436000,1785153454872437000,1785153454872592000,1785153454872595000,1785153454872595000,1785153454872595000,121932490,121652369,-125.121,0.000,0.000,1.000,3.000,0.000,0.000,6.000,0,0,0
B3_zmq_pushpull,zmq_tcp,none,none,,1,18413,512,584,1785153454873604000,1785153454873604000,1785153454873604000,1785153454873605000,1785153454873738000,1785153454873741000,1785153454873741000,1785153454873741000,121932490,121652369,-147.121,0.000,0.000,1.000,3.000,0.000,0.000,22.000,0,0,0
B3_zmq_pushpull,zmq_tcp,none,none,,1,18414,512,584,1785153454874563000,1785153454874563000,1785153454874563000,1785153454874564000,1785153454874611000,1785153454874614000,1785153454874614000,1785153454874614000,121932490,121652369,-233.121,0.000,0.000,1.000,3.000,0.000,0.000,86.000,0,0,0
B3_zmq_pushpull,zmq_tcp,none,none,,1,18415,512,584,1785153454875459000,1785153454875460000,1785153454875460000,1785153454875461000,1785153454875615000,1785153454875617000,1785153454875617000,1785153454875617000,121932490,121652369,-126.121,1.000,0.000,1.000,2.000,0.000,0.000,107.000,0,0,0
B3_zmq_pushpull,zmq_tcp,none,none,,1,18416,512,584,1785153454876599000,1785153454876599000,1785153454876599000,1785153454876600000,1785153454876766000,1785153454876769000,1785153454876769000,1785153454876769000,121932490,121652369,-114.121,0.000,0.000,1.000,3.000,0.000,0.000,12.000,0,0,0
B3_zmq_pushpull,zmq_tcp,none,none,,1,18417,512,584,1785153454877468000,1785153454877468000,1785153454877468000,1785153454877469000,1785153454877624000,1785153454877627000,1785153454877627000,1785153454877627000,121932490,121652369,-125.121,0.000,0.000,1.000,3.000,0.000,0.000,11.000,0,0,0
B3_zmq_pushpull,zmq_tcp,none,none,,1,18418,512,584,1785153454878595000,1785153454878595000,1785153454878595000,1785153454878596000,1785153454878647000,1785153454878651000,1785153454878651000,1785153454878651000,121932490,121652369,-229.121,0.000,0.000,1.000,4.000,0.000,0.000,104.000,0,0,0
B3_zmq_pushpull,zmq_tcp,none,none,,1,18419,512,584,1785153454879566000,1785153454879566000,1785153454879566000,1785153454879567000,1785153454879636000,1785153454879638000,1785153454879638000,1785153454879639000,121932490,121652369,-211.121,0.000,0.000,1.000,2.000,0.000,1.000,18.000,0,0,0
B3_zmq_pushpull,zmq_tcp,none,none,,1,18420,512,584,1785153454880573000,1785153454880573000,1785153454880573000,1785153454880574000,1785153454880640000,1785153454880642000,1785153454880642000,1785153454880642000,121932490,121652369,-214.121,0.000,0.000,1.000,2.000,0.000,0.000,3.000,0,0,0
B3_zmq_pushpull,zmq_tcp,none,none,,1,18421,512,584,1785153454881572000,1785153454881572000,1785153454881572000,1785153454881573000,1785153454881653000,1785153454881655000,1785153454881655000,1785153454881655000,121932490,121652369,-200.121,0.000,0.000,1.000,2.000,0.000,0.000,14.000,0,0,0
B3_zmq_pushpull,zmq_tcp,none,none,,1,18422,512,584,1785153454882571000,1785153454882571000,1785153454882572000,1785153454882572000,1785153454882658000,1785153454882661000,1785153454882661000,1785153454882661000,121932490,121652369,-194.121,0.000,1.000,0.000,3.000,0.000,0.000,6.000,0,0,0
B3_zmq_pushpull,zmq_tcp,none,none,,1,18423,512,584,1785153454883571000,1785153454883571000,1785153454883571000,1785153454883572000,1785153454883669000,1785153454883672000,1785153454883672000,1785153454883672000,121932490,121652369,-183.121,0.000,0.000,1.000,3.000,0.000,0.000,11.000,0,0,0
B3_zmq_pushpull,zmq_tcp,none,none,,1,18424,512,584,1785153454884571000,1785153454884571000,1785153454884571000,1785153454884572000,1785153454884663000,1785153454884666000,1785153454884666000,1785153454884666000,121932490,121652369,-189.121,0.000,0.000,1.000,3.000,0.000,0.000,6.000,0,0,0
B3_zmq_pushpull,zmq_tcp,none,none,,1,18425,512,584,1785153454885569000,1785153454885570000,1785153454885570000,1785153454885571000,1785153454885680000,1785153454885683000,1785153454885683000,1785153454885683000,121932490,121652369,-171.121,1.000,0.000,1.000,3.000,0.000,0.000,18.000,0,0,0
B3_zmq_pushpull,zmq_tcp,none,none,,1,18426,512,584,1785153454886571000,1785153454886571000,1785153454886571000,1785153454886572000,1785153454886684000,1785153454886687000,1785153454886687000,1785153454886687000,121932490,121652369,-168.121,0.000,0.000,1.000,3.000,0.000,0.000,3.000,0,0,0
B3_zmq_pushpull,zmq_tcp,none,none,,1,18427,512,584,1785153454887385000,1785153454887386000,1785153454887386000,1785153454887387000,1785153454887544000,1785153454887547000,1785153454887547000,1785153454887547000,121932490,121652369,-123.121,1.000,0.000,1.000,3.000,0.000,0.000,45.000,0,0,0
B3_zmq_pushpull,zmq_tcp,none,none,,1,18428,512,584,1785153454888618000,1785153454888619000,1785153454888619000,1785153454888620000,1785153454888669000,1785153454888673000,1785153454888673000,1785153454888673000,121932490,121652369,-231.121,1.000,0.000,1.000,4.000,0.000,0.000,108.000,0,0,0
B3_zmq_pushpull,zmq_tcp,none,none,,1,18429,512,584,1785153454889557000,1785153454889558000,1785153454889558000,1785153454889559000,1785153454889686000,1785153454889689000,1785153454889689000,1785153454889689000,121932490,121652369,-153.121,1.000,0.000,1.000,3.000,0.000,0.000,78.000,0,0,0
B3_zmq_pushpull,zmq_tcp,none,none,,1,18430,512,584,1785153454890576000,1785153454890577000,1785153454890577000,1785153454890578000,1785153454890677000,1785153454890680000,1785153454890680000,1785153454890680000,121932490,121652369,-181.121,1.000,0.000,1.000,3.000,0.000,0.000,28.000,0,0,0
B3_zmq_pushpull,zmq_tcp,none,none,,1,18431,512,584,1785153454891569000,1785153454891570000,1785153454891570000,1785153454891571000,1785153454891679000,1785153454891681000,1785153454891681000,1785153454891681000,121932490,121652369,-172.121,1.000,0.000,1.000,2.000,0.000,0.000,9.000,0,0,0
B3_zmq_pushpull,zmq_tcp,none,none,,1,18432,512,584,1785153454892573000,1785153454892573000,1785153454892573000,1785153454892574000,1785153454892685000,1785153454892688000,1785153454892688000,1785153454892688000,121932490,121652369,-169.121,0.000,0.000,1.000,3.000,0.000,0.000,3.000,0,0,0
B3_zmq_pushpull,zmq_tcp,none,none,,1,18433,512,584,1785153454893567000,1785153454893567000,1785153454893567000,1785153454893568000,1785153454893691000,1785153454893693000,1785153454893693000,1785153454893693000,121932490,121652369,-157.121,0.000,0.000,1.000,2.000,0.000,0.000,12.000,0,0,0
B3_zmq_pushpull,zmq_tcp,none,none,,1,18434,512,584,1785153454894572000,1785153454894572000,1785153454894572000,1785153454894573000,1785153454894673000,1785153454894676000,1785153454894676000,1785153454894676000,121932490,121652369,-180.121,0.000,0.000,1.000,3.000,0.000,0.000,23.000,0,0,0
B3_zmq_pushpull,zmq_tcp,none,none,,1,18435,512,584,1785153454895571000,1785153454895571000,1785153454895571000,1785153454895572000,1785153454895680000,1785153454895683000,1785153454895683000,1785153454895683000,121932490,121652369,-172.121,0.000,0.000,1.000,3.000,0.000,0.000,8.000,0,0,0
B3_zmq_pushpull,zmq_tcp,none,none,,1,18436,512,584,1785153454896382000,1785153454896382000,1785153454896382000,1785153454896383000,1785153454896524000,1785153454896527000,1785153454896527000,1785153454896527000,121932490,121652369,-139.121,0.000,0.000,1.000,3.000,0.000,0.000,33.000,0,0,0
B3_zmq_pushpull,zmq_tcp,none,none,,1,18437,512,584,1785153454897379000,1785153454897379000,1785153454897379000,1785153454897380000,1785153454897540000,1785153454897542000,1785153454897542000,1785153454897542000,121932490,121652369,-120.121,0.000,0.000,1.000,2.000,0.000,0.000,19.000,0,0,0
B3_zmq_pushpull,zmq_tcp,none,none,,1,18438,512,584,1785153454898387000,1785153454898387000,1785153454898388000,1785153454898388000,1785153454898548000,1785153454898551000,1785153454898551000,1785153454898551000,121932490,121652369,-120.121,0.000,1.000,0.000,3.000,0.000,0.000,0.000,0,0,0
B3_zmq_pushpull,zmq_tcp,none,none,,1,18439,512,584,1785153454899385000,1785153454899385000,1785153454899385000,1785153454899386000,1785153454899534000,1785153454899537000,1785153454899537000,1785153454899537000,121932490,121652369,-132.121,0.000,0.000,1.000,3.000,0.000,0.000,12.000,0,0,0
B3_zmq_pushpull,zmq_tcp,none,none,,1,18440,512,584,1785153454900617000,1785153454900617000,1785153454900617000,1785153454900618000,1785153454900662000,1785153454900666000,1785153454900666000,1785153454900666000,121932490,121652369,-236.121,0.000,0.000,1.000,4.000,0.000,0.000,104.000,0,0,0
B3_zmq_pushpull,zmq_tcp,none,none,,1,18441,512,584,1785153454901559000,1785153454901559000,1785153454901559000,1785153454901560000,1785153454901653000,1785153454901656000,1785153454901656000,1785153454901656000,121932490,121652369,-187.121,0.000,0.000,1.000,3.000,0.000,0.000,49.000,0,0,0
B3_zmq_pushpull,zmq_tcp,none,none,,1,18442,512,584,1785153454902574000,1785153454902574000,1785153454902574000,1785153454902575000,1785153454902673000,1785153454902676000,1785153454902676000,1785153454902676000,121932490,121652369,-182.121,0.000,0.000,1.000,3.000,0.000,0.000,5.000,0,0,0
B3_zmq_pushpull,zmq_tcp,none,none,,1,18443,512,584,1785153454903570000,1785153454903570000,1785153454903570000,1785153454903571000,1785153454903683000,1785153454903685000,1785153454903685000,1785153454903685000,121932490,121652369,-168.121,0.000,0.000,1.000,2.000,0.000,0.000,14.000,0,0,0
B3_zmq_pushpull,zmq_tcp,none,none,,1,18444,512,584,1785153454904574000,1785153454904574000,1785153454904574000,1785153454904575000,1785153454904688000,1785153454904691000,1785153454904691000,1785153454904691000,121932490,121652369,-167.121,0.000,0.000,1.000,3.000,0.000,0.000,1.000,0,0,0
B3_zmq_pushpull,zmq_tcp,none,none,,1,18445,512,584,1785153454905571000,1785153454905571000,1785153454905571000,1785153454905572000,1785153454905704000,1785153454905706000,1785153454905706000,1785153454905707000,121932490,121652369,-148.121,0.000,0.000,1.000,2.000,0.000,1.000,19.000,0,0,0
B3_zmq_pushpull,zmq_tcp,none,none,,1,18446,512,584,1785153454906571000,1785153454906571000,1785153454906571000,1785153454906572000,1785153454906721000,1785153454906724000,1785153454906724000,1785153454906724000,121932490,121652369,-131.121,0.000,0.000,1.000,3.000,0.000,0.000,17.000,0,0,0
B3_zmq_pushpull,zmq_tcp,none,none,,1,18447,512,584,1785153454907570000,1785153454907570000,1785153454907570000,1785153454907571000,1785153454907711000,1785153454907713000,1785153454907713000,1785153454907713000,121932490,121652369,-140.121,0.000,0.000,1.000,2.000,0.000,0.000,9.000,0,0,0
B3_zmq_pushpull,zmq_tcp,none,none,,1,18448,512,584,1785153454908421000,1785153454908421000,1785153454908421000,1785153454908422000,1785153454908565000,1785153454908568000,1785153454908568000,1785153454908568000,121932490,121652369,-137.121,0.000,0.000,1.000,3.000,0.000,0.000,3.000,0,0,0
B3_zmq_pushpull,zmq_tcp,none,none,,1,18449,512,584,1785153454909609000,1785153454909609000,1785153454909609000,1785153454909610000,1785153454909696000,1785153454909699000,1785153454909699000,1785153454909699000,121932490,121652369,-194.121,0.000,0.000,1.000,3.000,0.000,0.000,57.000,0,0,0
B3_zmq_pushpull,zmq_tcp,none,none,,1,18450,512,584,1785153454910559000,1785153454910560000,1785153454910560000,1785153454910561000,1785153454910701000,1785153454910704000,1785153454910704000,1785153454910704000,121932490,121652369,-140.121,1.000,0.000,1.000,3.000,0.000,0.000,54.000,0,0,0
B3_zmq_pushpull,zmq_tcp,none,none,,1,18451,512,584,1785153454911574000,1785153454911574000,1785153454911574000,1785153454911575000,1785153454911697000,1785153454911700000,1785153454911700000,1785153454911700000,121932490,121652369,-158.121,0.000,0.000,1.000,3.000,0.000,0.000,18.000,0,0,0
B3_zmq_pushpull,zmq_tcp,none,none,,1,18452,512,584,1785153454912573000,1785153454912573000,1785153454912573000,1785153454912574000,1785153454912689000,1785153454912692000,1785153454912692000,1785153454912692000,121932490,121652369,-165.121,0.000,0.000,1.000,3.000,0.000,0.000,7.000,0,0,0
B3_zmq_pushpull,zmq_tcp,none,none,,1,18453,512,584,1785153454913572000,1785153454913572000,1785153454913572000,1785153454913573000,1785153454913697000,1785153454913700000,1785153454913700000,1785153454913700000,121932490,121652369,-156.121,0.000,0.000,1.000,3.000,0.000,0.000,9.000,0,0,0
B3_zmq_pushpull,zmq_tcp,none,none,,1,18454,512,584,1785153454914567000,1785153454914567000,1785153454914567000,1785153454914568000,1785153454914689000,1785153454914691000,1785153454914691000,1785153454914691000,121932490,121652369,-159.121,0.000,0.000,1.000,2.000,0.000,0.000,3.000,0,0,0
B3_zmq_pushpull,zmq_tcp,none,none,,1,18455,512,584,1785153454915573000,1785153454915573000,1785153454915573000,1785153454915574000,1785153454915685000,1785153454915688000,1785153454915688000,1785153454915688000,121932490,121652369,-169.121,0.000,0.000,1.000,3.000,0.000,0.000,10.000,0,0,0
B3_zmq_pushpull,zmq_tcp,none,none,,1,18456,512,584,1785153454916571000,1785153454916571000,1785153454916571000,1785153454916572000,1785153454916700000,1785153454916703000,1785153454916703000,1785153454916703000,121932490,121652369,-152.121,0.000,0.000,1.000,3.000,0.000,0.000,17.000,0,0,0
B3_zmq_pushpull,zmq_tcp,none,none,,1,18457,512,584,1785153454917571000,1785153454917571000,1785153454917571000,1785153454917572000,1785153454917699000,1785153454917702000,1785153454917702000,1785153454917702000,121932490,121652369,-153.121,0.000,0.000,1.000,3.000,0.000,0.000,1.000,0,0,0
B3_zmq_pushpull,zmq_tcp,none,none,,1,18458,512,584,1785153454918400000,1785153454918400000,1785153454918400000,1785153454918401000,1785153454918559000,1785153454918562000,1785153454918562000,1785153454918562000,121932490,121652369,-122.121,0.000,0.000,1.000,3.000,0.000,0.000,31.000,0,0,0
B3_zmq_pushpull,zmq_tcp,none,none,,1,18459,512,584,1785153454919614000,1785153454919614000,1785153454919614000,1785153454919615000,1785153454919696000,1785153454919698000,1785153454919698000,1785153454919698000,121932490,121652369,-199.121,0.000,0.000,1.000,2.000,0.000,0.000,77.000,0,0,0
B3_zmq_pushpull,zmq_tcp,none,none,,1,18460,512,584,1785153454920560000,1785153454920560000,1785153454920561000,1785153454920561000,1785153454920700000,1785153454920704000,1785153454920704000,1785153454920704000,121932490,121652369,-141.121,0.000,1.000,0.000,4.000,0.000,0.000,58.000,0,0,0
B3_zmq_pushpull,zmq_tcp,none,none,,1,18461,512,584,1785153454921402000,1785153454921402000,1785153454921403000,1785153454921403000,1785153454921559000,1785153454921561000,1785153454921561000,1785153454921561000,121932490,121652369,-124.121,0.000,1.000,0.000,2.000,0.000,0.000,17.000,0,0,0
B3_zmq_pushpull,zmq_tcp,none,none,,1,18462,512,584,1785153454922410000,1785153454922410000,1785153454922410000,1785153454922411000,1785153454922568000,1785153454922571000,1785153454922571000,1785153454922571000,121932490,121652369,-123.121,0.000,0.000,1.000,3.000,0.000,0.000,1.000,0,0,0
B3_zmq_pushpull,zmq_tcp,none,none,,1,18463,512,584,1785153454923417000,1785153454923417000,1785153454923417000,1785153454923418000,1785153454923572000,1785153454923575000,1785153454923575000,1785153454923575000,121932490,121652369,-126.121,0.000,0.000,1.000,3.000,0.000,0.000,3.000,0,0,0
B3_zmq_pushpull,zmq_tcp,none,none,,1,18464,512,584,1785153454924611000,1785153454924611000,1785153454924611000,1785153454924612000,1785153454924725000,1785153454924727000,1785153454924728000,1785153454924728000,121932490,121652369,-167.121,0.000,0.000,1.000,2.000,1.000,0.000,41.000,0,0,0
B3_zmq_pushpull,zmq_tcp,none,none,,1,18465,512,584,1785153454925561000,1785153454925561000,1785153454925561000,1785153454925562000,1785153454925727000,1785153454925729000,1785153454925729000,1785153454925729000,121932490,121652369,-115.121,0.000,0.000,1.000,2.000,0.000,0.000,52.000,0,0,0
B3_zmq_pushpull,zmq_tcp,none,none,,1,18466,512,584,1785153454926575000,1785153454926576000,1785153454926576000,1785153454926577000,1785153454926710000,1785153454926713000,1785153454926713000,1785153454926713000,121932490,121652369,-147.121,1.000,0.000,1.000,3.000,0.000,0.000,32.000,0,0,0
B3_zmq_pushpull,zmq_tcp,none,none,,1,18467,512,584,1785153454927569000,1785153454927569000,1785153454927569000,1785153454927570000,1785153454927711000,1785153454927714000,1785153454927714000,1785153454927714000,121932490,121652369,-139.121,0.000,0.000,1.000,3.000,0.000,0.000,8.000,0,0,0
B3_zmq_pushpull,zmq_tcp,none,none,,1,18468,512,584,1785153454928572000,1785153454928572000,1785153454928572000,1785153454928573000,1785153454928716000,1785153454928719000,1785153454928719000,1785153454928719000,121932490,121652369,-137.121,0.000,0.000,1.000,3.000,0.000,0.000,2.000,0,0,0
B3_zmq_pushpull,zmq_tcp,none,none,,1,18469,512,584,1785153454929569000,1785153454929569000,1785153454929569000,1785153454929570000,1785153454929717000,1785153454929720000,1785153454929720000,1785153454929720000,121932490,121652369,-133.121,0.000,0.000,1.000,3.000,0.000,0.000,4.000,0,0,0
B3_zmq_pushpull,zmq_tcp,none,none,,1,18470,512,584,1785153454930572000,1785153454930572000,1785153454930572000,1785153454930573000,1785153454930731000,1785153454930733000,1785153454930733000,1785153454930733000,121932490,121652369,-122.121,0.000,0.000,1.000,2.000,0.000,0.000,11.000,0,0,0
B3_zmq_pushpull,zmq_tcp,none,none,,1,18471,512,584,1785153454931571000,1785153454931571000,1785153454931572000,1785153454931572000,1785153454931754000,1785153454931757000,1785153454931757000,1785153454931757000,121932490,121652369,-98.121,0.000,1.000,0.000,3.000,0.000,0.000,24.000,0,0,0
B3_zmq_pushpull,zmq_tcp,none,none,,1,18472,512,584,1785153454932476000,1785153454932477000,1785153454932477000,1785153454932478000,1785153454932640000,1785153454932643000,1785153454932643000,1785153454932643000,121932490,121652369,-118.121,1.000,0.000,1.000,3.000,0.000,0.000,20.000,0,0,0
B3_zmq_pushpull,zmq_tcp,none,none,,1,18473,512,584,1785153454933484000,1785153454933484000,1785153454933484000,1785153454933485000,1785153454933635000,1785153454933638000,1785153454933638000,1785153454933638000,121932490,121652369,-130.121,0.000,0.000,1.000,3.000,0.000,0.000,12.000,0,0,0
B3_zmq_pushpull,zmq_tcp,none,none,,1,18474,512,584,1785153454934485000,1785153454934485000,1785153454934485000,1785153454934486000,1785153454934631000,1785153454934634000,1785153454934634000,1785153454934634000,121932490,121652369,-135.121,0.000,0.000,1.000,3.000,0.000,0.000,5.000,0,0,0
B3_zmq_pushpull,zmq_tcp,none,none,,1,18475,512,584,1785153454935594000,1785153454935594000,1785153454935594000,1785153454935595000,1785153454935753000,1785153454935756000,1785153454935756000,1785153454935756000,121932490,121652369,-122.121,0.000,0.000,1.000,3.000,0.000,0.000,13.000,0,0,0
B3_zmq_pushpull,zmq_tcp,none,none,,1,18476,512,584,1785153454936563000,1785153454936563000,1785153454936563000,1785153454936564000,1785153454936740000,1785153454936743000,1785153454936743000,1785153454936743000,121932490,121652369,-104.121,0.000,0.000,1.000,3.000,0.000,0.000,18.000,0,0,0
B3_zmq_pushpull,zmq_tcp,none,none,,1,18477,512,584,1785153454937446000,1785153454937446000,1785153454937446000,1785153454937447000,1785153454937596000,1785153454937599000,1785153454937599000,1785153454937599000,121932490,121652369,-131.121,0.000,0.000,1.000,3.000,0.000,0.000,27.000,0,0,0
B3_zmq_pushpull,zmq_tcp,none,none,,1,18478,512,584,1785153454938603000,1785153454938603000,1785153454938603000,1785153454938604000,1785153454938740000,1785153454938743000,1785153454938743000,1785153454938743000,121932490,121652369,-144.121,0.000,0.000,1.000,3.000,0.000,0.000,13.000,0,0,0
B3_zmq_pushpull,zmq_tcp,none,none,,1,18479,512,584,1785153454939563000,1785153454939563000,1785153454939563000,1785153454939564000,1785153454939727000,1785153454939730000,1785153454939730000,1785153454939730000,121932490,121652369,-117.121,0.000,0.000,1.000,3.000,0.000,0.000,27.000,0,0,0
B3_zmq_pushpull,zmq_tcp,none,none,,1,18480,512,584,1785153454940574000,1785153454940574000,1785153454940574000,1785153454940575000,1785153454940716000,1785153454940718000,1785153454940718000,1785153454940718000,121932490,121652369,-139.121,0.000,0.000,1.000,2.000,0.000,0.000,22.000,0,0,0
B3_zmq_pushpull,zmq_tcp,none,none,,1,18481,512,584,1785153454941569000,1785153454941569000,1785153454941569000,1785153454941570000,1785153454941710000,1785153454941712000,1785153454941712000,1785153454941712000,121932490,121652369,-140.121,0.000,0.000,1.000,2.000,0.000,0.000,1.000,0,0,0
B3_zmq_pushpull,zmq_tcp,none,none,,1,18482,512,584,1785153454942571000,1785153454942571000,1785153454942571000,1785153454942572000,1785153454942708000,1785153454942711000,1785153454942711000,1785153454942711000,121932490,121652369,-144.121,0.000,0.000,1.000,3.000,0.000,0.000,4.000,0,0,0
B3_zmq_pushpull,zmq_tcp,none,none,,1,18483,512,584,1785153454943570000,1785153454943570000,1785153454943570000,1785153454943571000,1785153454943689000,1785153454943692000,1785153454943692000,1785153454943692000,121932490,121652369,-162.121,0.000,0.000,1.000,3.000,0.000,0.000,18.000,0,0,0
B3_zmq_pushpull,zmq_tcp,none,none,,1,18484,512,584,1785153454944571000,1785153454944571000,1785153454944571000,1785153454944572000,1785153454944711000,1785153454944713000,1785153454944713000,1785153454944713000,121932490,121652369,-141.121,0.000,0.000,1.000,2.000,0.000,0.000,21.000,0,0,0
B3_zmq_pushpull,zmq_tcp,none,none,,1,18485,512,584,1785153454945572000,1785153454945572000,1785153454945572000,1785153454945573000,1785153454945729000,1785153454945732000,1785153454945732000,1785153454945732000,121932490,121652369,-124.121,0.000,0.000,1.000,3.000,0.000,0.000,17.000,0,0,0
B3_zmq_pushpull,zmq_tcp,none,none,,1,18486,512,584,1785153454946566000,1785153454946566000,1785153454946566000,1785153454946567000,1785153454946719000,1785153454946721000,1785153454946721000,1785153454946721000,121932490,121652369,-128.121,0.000,0.000,1.000,2.000,0.000,0.000,4.000,0,0,0
B3_zmq_pushpull,zmq_tcp,none,none,,1,18487,512,584,1785153454947429000,1785153454947429000,1785153454947429000,1785153454947430000,1785153454947588000,1785153454947591000,1785153454947591000,1785153454947591000,121932490,121652369,-122.121,0.000,0.000,1.000,3.000,0.000,0.000,6.000,0,0,0
B3_zmq_pushpull,zmq_tcp,none,none,,1,18488,512,584,1785153454948607000,1785153454948607000,1785153454948607000,1785153454948608000,1785153454948728000,1785153454948731000,1785153454948731000,1785153454948731000,121932490,121652369,-160.121,0.000,0.000,1.000,3.000,0.000,0.000,38.000,0,0,0
B3_zmq_pushpull,zmq_tcp,none,none,,1,18489,512,584,1785153454949415000,1785153454949415000,1785153454949415000,1785153454949416000,1785153454949572000,1785153454949575000,1785153454949575000,1785153454949575000,121932490,121652369,-124.121,0.000,0.000,1.000,3.000,0.000,0.000,36.000,0,0,0
B3_zmq_pushpull,zmq_tcp,none,none,,1,18490,512,584,1785153454950610000,1785153454950610000,1785153454950610000,1785153454950611000,1785153454950696000,1785153454950699000,1785153454950699000,1785153454950699000,121932490,121652369,-195.121,0.000,0.000,1.000,3.000,0.000,0.000,71.000,0,0,0
B3_zmq_pushpull,zmq_tcp,none,none,,1,18491,512,584,1785153454951562000,1785153454951562000,1785153454951562000,1785153454951563000,1785153454951691000,1785153454951694000,1785153454951694000,1785153454951694000,121932490,121652369,-152.121,0.000,0.000,1.000,3.000,0.000,0.000,43.000,0,0,0
B3_zmq_pushpull,zmq_tcp,none,none,,1,18492,512,584,1785153454952391000,1785153454952391000,1785153454952392000,1785153454952393000,1785153454952546000,1785153454952549000,1785153454952549000,1785153454952549000,121932490,121652369,-127.121,0.000,1.000,1.000,3.000,0.000,0.000,25.000,0,0,0
B3_zmq_pushpull,zmq_tcp,none,none,,1,18493,512,584,1785153454953618000,1785153454953618000,1785153454953618000,1785153454953619000,1785153454953713000,1785153454953718000,1785153454953718000,1785153454953718000,121932490,121652369,-186.121,0.000,0.000,1.000,5.000,0.000,0.000,59.000,0,0,0
B3_zmq_pushpull,zmq_tcp,none,none,,1,18494,512,584,1785153454954561000,1785153454954561000,1785153454954561000,1785153454954562000,1785153454954735000,1785153454954738000,1785153454954738000,1785153454954738000,121932490,121652369,-107.121,0.000,0.000,1.000,3.000,0.000,0.000,79.000,0,0,0
B3_zmq_pushpull,zmq_tcp,none,none,,1,18495,512,584,1785153454955574000,1785153454955574000,1785153454955574000,1785153454955575000,1785153454955732000,1785153454955735000,1785153454955735000,1785153454955735000,121932490,121652369,-123.121,0.000,0.000,1.000,3.000,0.000,0.000,16.000,0,0,0
B3_zmq_pushpull,zmq_tcp,none,none,,1,18496,512,584,1785153454956567000,1785153454956568000,1785153454956568000,1785153454956569000,1785153454956732000,1785153454956735000,1785153454956735000,1785153454956735000,121932490,121652369,-117.121,1.000,0.000,1.000,3.000,0.000,0.000,6.000,0,0,0
B3_zmq_pushpull,zmq_tcp,none,none,,1,18497,512,584,1785153454957573000,1785153454957573000,1785153454957573000,1785153454957574000,1785153454957736000,1785153454957739000,1785153454957739000,1785153454957739000,121932490,121652369,-118.121,0.000,0.000,1.000,3.000,0.000,0.000,1.000,0,0,0
B3_zmq_pushpull,zmq_tcp,none,none,,1,18498,512,584,1785153454958572000,1785153454958572000,1785153454958572000,1785153454958573000,1785153454958736000,1785153454958740000,1785153454958740000,1785153454958740000,121932490,121652369,-117.121,0.000,0.000,1.000,4.000,0.000,0.000,1.000,0,0,0
B3_zmq_pushpull,zmq_tcp,none,none,,1,18499,512,584,1785153454959573000,1785153454959573000,1785153454959573000,1785153454959574000,1785153454959730000,1785153454959736000,1785153454959736000,1785153454959736000,121932490,121652369,-124.121,0.000,0.000,1.000,6.000,0.000,0.000,7.000,0,0,0
B3_zmq_pushpull,zmq_tcp,none,none,,1,18500,512,584,1785153454960567000,1785153454960567000,1785153454960567000,1785153454960568000,1785153454960715000,1785153454960718000,1785153454960718000,1785153454960718000,121932490,121652369,-133.121,0.000,0.000,1.000,3.000,0.000,0.000,9.000,0,0,0
B3_zmq_pushpull,zmq_tcp,none,none,,1,18501,512,584,1785153454961574000,1785153454961574000,1785153454961574000,1785153454961575000,1785153454961729000,1785153454961732000,1785153454961732000,1785153454961732000,121932490,121652369,-126.121,0.000,0.000,1.000,3.000,0.000,0.000,7.000,0,0,0
B3_zmq_pushpull,zmq_tcp,none,none,,1,18502,512,584,1785153454962444000,1785153454962444000,1785153454962444000,1785153454962445000,1785153454962588000,1785153454962591000,1785153454962591000,1785153454962591000,121932490,121652369,-137.121,0.000,0.000,1.000,3.000,0.000,0.000,11.000,0,0,0
B3_zmq_pushpull,zmq_tcp,none,none,,1,18503,512,584,1785153454963603000,1785153454963603000,1785153454963603000,1785153454963604000,1785153454963735000,1785153454963738000,1785153454963738000,1785153454963738000,121932490,121652369,-149.121,0.000,0.000,1.000,3.000,0.000,0.000,12.000,0,0,0
B3_zmq_pushpull,zmq_tcp,none,none,,1,18504,512,584,1785153454964562000,1785153454964562000,1785153454964562000,1785153454964563000,1785153454964726000,1785153454964729000,1785153454964729000,1785153454964729000,121932490,121652369,-117.121,0.000,0.000,1.000,3.000,0.000,0.000,32.000,0,0,0
B3_zmq_pushpull,zmq_tcp,none,none,,1,18505,512,584,1785153454965575000,1785153454965575000,1785153454965575000,1785153454965576000,1785153454965742000,1785153454965745000,1785153454965745000,1785153454965745000,121932490,121652369,-114.121,0.000,0.000,1.000,3.000,0.000,0.000,3.000,0,0,0
B3_zmq_pushpull,zmq_tcp,none,none,,1,18506,512,584,1785153454966571000,1785153454966571000,1785153454966571000,1785153454966572000,1785153454966758000,1785153454966760000,1785153454966760000,1785153454966760000,121932490,121652369,-94.121,0.000,0.000,1.000,2.000,0.000,0.000,20.000,0,0,0
B3_zmq_pushpull,zmq_tcp,none,none,,1,18507,512,584,1785153454967571000,1785153454967571000,1785153454967572000,1785153454967572000,1785153454967760000,1785153454967773000,1785153454967773000,1785153454967773000,121932490,121652369,-92.121,0.000,1.000,0.000,13.000,0.000,0.000,2.000,0,0,0
B3_zmq_pushpull,zmq_tcp,none,none,,1,18508,512,584,1785153454968569000,1785153454968569000,1785153454968569000,1785153454968570000,1785153454968639000,1785153454968642000,1785153454968642000,1785153454968642000,121932490,121652369,-211.121,0.000,0.000,1.000,3.000,0.000,0.000,119.000,0,0,0
B3_zmq_pushpull,zmq_tcp,none,none,,1,18509,512,584,1785153454969573000,1785153454969573000,1785153454969573000,1785153454969574000,1785153454969650000,1785153454969653000,1785153454969653000,1785153454969653000,121932490,121652369,-204.121,0.000,0.000,1.000,3.000,0.000,0.000,7.000,0,0,0
B3_zmq_pushpull,zmq_tcp,none,none,,1,18510,512,584,1785153454970571000,1785153454970571000,1785153454970571000,1785153454970572000,1785153454970651000,1785153454970653000,1785153454970654000,1785153454970654000,121932490,121652369,-201.121,0.000,0.000,1.000,2.000,1.000,0.000,3.000,0,0,0
B3_zmq_pushpull,zmq_tcp,none,none,,1,18511,512,584,1785153454971571000,1785153454971571000,1785153454971572000,1785153454971572000,1785153454971650000,1785153454971652000,1785153454971652000,1785153454971652000,121932490,121652369,-202.121,0.000,1.000,0.000,2.000,0.000,0.000,1.000,0,0,0
B3_zmq_pushpull,zmq_tcp,none,none,,1,18512,512,584,1785153454972569000,1785153454972569000,1785153454972569000,1785153454972570000,1785153454972643000,1785153454972646000,1785153454972646000,1785153454972646000,121932490,121652369,-207.121,0.000,0.000,1.000,3.000,0.000,0.000,5.000,0,0,0
B3_zmq_pushpull,zmq_tcp,none,none,,1,18513,512,584,1785153454973574000,1785153454973574000,1785153454973574000,1785153454973575000,1785153454973634000,1785153454973637000,1785153454973637000,1785153454973637000,121932490,121652369,-221.121,0.000,0.000,1.000,3.000,0.000,0.000,14.000,0,0,0
B3_zmq_pushpull,zmq_tcp,none,none,,1,18514,512,584,1785153454974472000,1785153454974472000,1785153454974472000,1785153454974473000,1785153454974635000,1785153454974638000,1785153454974638000,1785153454974638000,121932490,121652369,-118.121,0.000,0.000,1.000,3.000,0.000,0.000,103.000,0,0,0
B3_zmq_pushpull,zmq_tcp,none,none,,1,18515,512,584,1785153454975602000,1785153454975602000,1785153454975602000,1785153454975603000,1785153454975771000,1785153454975774000,1785153454975774000,1785153454975774000,121932490,121652369,-112.121,0.000,0.000,1.000,3.000,0.000,0.000,6.000,0,0,0
B3_zmq_pushpull,zmq_tcp,none,none,,1,18516,512,584,1785153454976561000,1785153454976561000,1785153454976561000,1785153454976562000,1785153454976623000,1785153454976626000,1785153454976626000,1785153454976626000,121932490,121652369,-219.121,0.000,0.000,1.000,3.000,0.000,0.000,107.000,0,0,0
B3_zmq_pushpull,zmq_tcp,none,none,,1,18517,512,584,1785153454977574000,1785153454977574000,1785153454977574000,1785153454977575000,1785153454977747000,1785153454977750000,1785153454977750000,1785153454977750000,121932490,121652369,-108.121,0.000,0.000,1.000,3.000,0.000,0.000,111.000,0,0,0
B3_zmq_pushpull,zmq_tcp,none,none,,1,18518,512,584,1785153454978572000,1785153454978572000,1785153454978572000,1785153454978573000,1785153454978744000,1785153454978747000,1785153454978747000,1785153454978747000,121932490,121652369,-109.121,0.000,0.000,1.000,3.000,0.000,0.000,1.000,0,0,0
B3_zmq_pushpull,zmq_tcp,none,none,,1,18519,512,584,1785153454979458000,1785153454979458000,1785153454979458000,1785153454979459000,1785153454979616000,1785153454979618000,1785153454979618000,1785153454979618000,121932490,121652369,-123.121,0.000,0.000,1.000,2.000,0.000,0.000,14.000,0,0,0
B3_zmq_pushpull,zmq_tcp,none,none,,1,18520,512,584,1785153454980599000,1785153454980599000,1785153454980599000,1785153454980600000,1785153454980768000,1785153454980771000,1785153454980771000,1785153454980771000,121932490,121652369,-112.121,0.000,0.000,1.000,3.000,0.000,0.000,11.000,0,0,0
B3_zmq_pushpull,zmq_tcp,none,none,,1,18521,512,584,1785153454981480000,1785153454981480000,1785153454981480000,1785153454981481000,1785153454981639000,1785153454981642000,1785153454981642000,1785153454981642000,121932490,121652369,-122.121,0.000,0.000,1.000,3.000,0.000,0.000,10.000,0,0,0
B3_zmq_pushpull,zmq_tcp,none,none,,1,18522,512,584,1785153454982599000,1785153454982599000,1785153454982599000,1785153454982600000,1785153454982792000,1785153454982795000,1785153454982795000,1785153454982795000,121932490,121652369,-88.121,0.000,0.000,1.000,3.000,0.000,0.000,34.000,0,0,0
B3_zmq_pushpull,zmq_tcp,none,none,,1,18523,512,584,1785153454983380000,1785153454983380000,1785153454983380000,1785153454983381000,1785153454983523000,1785153454983526000,1785153454983526000,1785153454983526000,121932490,121652369,-138.121,0.000,0.000,1.000,3.000,0.000,0.000,50.000,0,0,0
B3_zmq_pushpull,zmq_tcp,none,none,,1,18524,512,584,1785153454984483000,1785153454984483000,1785153454984483000,1785153454984484000,1785153454984641000,1785153454984644000,1785153454984644000,1785153454984644000,121932490,121652369,-123.121,0.000,0.000,1.000,3.000,0.000,0.000,15.000,0,0,0
B3_zmq_pushpull,zmq_tcp,none,none,,1,18525,512,584,1785153454985594000,1785153454985594000,1785153454985594000,1785153454985595000,1785153454985641000,1785153454985645000,1785153454985645000,1785153454985645000,121932490,121652369,-234.121,0.000,0.000,1.000,4.000,0.000,0.000,111.000,0,0,0
B3_zmq_pushpull,zmq_tcp,none,none,,1,18526,512,584,1785153454986484000,1785153454986484000,1785153454986484000,1785153454986485000,1785153454986637000,1785153454986640000,1785153454986640000,1785153454986640000,121932490,121652369,-128.121,0.000,0.000,1.000,3.000,0.000,0.000,106.000,0,0,0
B3_zmq_pushpull,zmq_tcp,none,none,,1,18527,512,584,1785153454987489000,1785153454987489000,1785153454987489000,1785153454987490000,1785153454987650000,1785153454987652000,1785153454987652000,1785153454987652000,121932490,121652369,-120.121,0.000,0.000,1.000,2.000,0.000,0.000,8.000,0,0,0
B3_zmq_pushpull,zmq_tcp,none,none,,1,18528,512,584,1785153454988495000,1785153454988495000,1785153454988495000,1785153454988496000,1785153454988658000,1785153454988660000,1785153454988660000,1785153454988660000,121932490,121652369,-118.121,0.000,0.000,1.000,2.000,0.000,0.000,2.000,0,0,0
B3_zmq_pushpull,zmq_tcp,none,none,,1,18529,512,584,1785153454989592000,1785153454989592000,1785153454989592000,1785153454989593000,1785153454989665000,1785153454989668000,1785153454989668000,1785153454989668000,121932490,121652369,-208.121,0.000,0.000,1.000,3.000,0.000,0.000,90.000,0,0,0
B3_zmq_pushpull,zmq_tcp,none,none,,1,18530,512,584,1785153454990565000,1785153454990565000,1785153454990565000,1785153454990566000,1785153454990670000,1785153454990673000,1785153454990673000,1785153454990673000,121932490,121652369,-176.121,0.000,0.000,1.000,3.000,0.000,0.000,32.000,0,0,0
B3_zmq_pushpull,zmq_tcp,none,none,,1,18531,512,584,1785153454991573000,1785153454991573000,1785153454991573000,1785153454991574000,1785153454991658000,1785153454991661000,1785153454991661000,1785153454991661000,121932490,121652369,-196.121,0.000,0.000,1.000,3.000,0.000,0.000,20.000,0,0,0
B3_zmq_pushpull,zmq_tcp,none,none,,1,18532,512,584,1785153454992571000,1785153454992571000,1785153454992571000,1785153454992572000,1785153454992656000,1785153454992659000,1785153454992659000,1785153454992659000,121932490,121652369,-196.121,0.000,0.000,1.000,3.000,0.000,0.000,0.000,0,0,0
B3_zmq_pushpull,zmq_tcp,none,none,,1,18533,512,584,1785153454993572000,1785153454993572000,1785153454993572000,1785153454993573000,1785153454993634000,1785153454993637000,1785153454993637000,1785153454993637000,121932490,121652369,-219.121,0.000,0.000,1.000,3.000,0.000,0.000,23.000,0,0,0
B3_zmq_pushpull,zmq_tcp,none,none,,1,18534,512,584,1785153454994569000,1785153454994569000,1785153454994569000,1785153454994570000,1785153454994635000,1785153454994638000,1785153454994638000,1785153454994638000,121932490,121652369,-215.121,0.000,0.000,1.000,3.000,0.000,0.000,4.000,0,0,0
B3_zmq_pushpull,zmq_tcp,none,none,,1,18535,512,584,1785153454995573000,1785153454995574000,1785153454995574000,1785153454995575000,1785153454995658000,1785153454995660000,1785153454995660000,1785153454995660000,121932490,121652369,-197.121,1.000,0.000,1.000,2.000,0.000,0.000,18.000,0,0,0
B3_zmq_pushpull,zmq_tcp,none,none,,1,18536,512,584,1785153454996571000,1785153454996571000,1785153454996571000,1785153454996572000,1785153454996679000,1785153454996682000,1785153454996682000,1785153454996682000,121932490,121652369,-173.121,0.000,0.000,1.000,3.000,0.000,0.000,24.000,0,0,0
B3_zmq_pushpull,zmq_tcp,none,none,,1,18537,512,584,1785153454997571000,1785153454997571000,1785153454997572000,1785153454997572000,1785153454997694000,1785153454997696000,1785153454997696000,1785153454997696000,121932490,121652369,-158.121,0.000,1.000,0.000,2.000,0.000,0.000,15.000,0,0,0
B3_zmq_pushpull,zmq_tcp,none,none,,1,18538,512,584,1785153454998569000,1785153454998569000,1785153454998569000,1785153454998570000,1785153454998690000,1785153454998692000,1785153454998692000,1785153454998692000,121932490,121652369,-160.121,0.000,0.000,1.000,2.000,0.000,0.000,2.000,0,0,0
B3_zmq_pushpull,zmq_tcp,none,none,,1,18539,512,584,1785153454999573000,1785153454999573000,1785153454999573000,1785153454999574000,1785153454999688000,1785153454999691000,1785153454999691000,1785153454999691000,121932490,121652369,-166.121,0.000,0.000,1.000,3.000,0.000,0.000,6.000,0,0,0
B3_zmq_pushpull,zmq_tcp,none,none,,1,18540,512,584,1785153455000571000,1785153455000571000,1785153455000571000,1785153455000572000,1785153455000710000,1785153455000713000,1785153455000713000,1785153455000713000,121932490,121652369,-142.121,0.000,0.000,1.000,3.000,0.000,0.000,24.000,0,0,0
B3_zmq_pushpull,zmq_tcp,none,none,,1,18541,512,584,1785153455001571000,1785153455001571000,1785153455001571000,1785153455001572000,1785153455001719000,1785153455001722000,1785153455001722000,1785153455001722000,121932490,121652369,-133.121,0.000,0.000,1.000,3.000,0.000,0.000,9.000,0,0,0
B3_zmq_pushpull,zmq_tcp,none,none,,1,18542,512,584,1785153455002569000,1785153455002569000,1785153455002569000,1785153455002570000,1785153455002724000,1785153455002727000,1785153455002727000,1785153455002727000,121932490,121652369,-126.121,0.000,0.000,1.000,3.000,0.000,0.000,7.000,0,0,0
B3_zmq_pushpull,zmq_tcp,none,none,,1,18543,512,584,1785153455003574000,1785153455003574000,1785153455003574000,1785153455003575000,1785153455003732000,1785153455003735000,1785153455003735000,1785153455003735000,121932490,121652369,-123.121,0.000,0.000,1.000,3.000,0.000,0.000,3.000,0,0,0
B3_zmq_pushpull,zmq_tcp,none,none,,1,18544,512,584,1785153455004570000,1785153455004570000,1785153455004570000,1785153455004571000,1785153455004710000,1785153455004713000,1785153455004713000,1785153455004713000,121932490,121652369,-141.121,0.000,0.000,1.000,3.000,0.000,0.000,18.000,0,0,0
B3_zmq_pushpull,zmq_tcp,none,none,,1,18545,512,584,1785153455005405000,1785153455005406000,1785153455005406000,1785153455005407000,1785153455005563000,1785153455005566000,1785153455005566000,1785153455005566000,121932490,121652369,-124.121,1.000,0.000,1.000,3.000,0.000,0.000,17.000,0,0,0
B3_zmq_pushpull,zmq_tcp,none,none,,1,18546,512,584,1785153455006610000,1785153455006610000,1785153455006610000,1785153455006611000,1785153455006695000,1785153455006698000,1785153455006698000,1785153455006698000,121932490,121652369,-196.121,0.000,0.000,1.000,3.000,0.000,0.000,72.000,0,0,0
B3_zmq_pushpull,zmq_tcp,none,none,,1,18547,512,584,1785153455007564000,1785153455007564000,1785153455007564000,1785153455007565000,1785153455007696000,1785153455007699000,1785153455007699000,1785153455007699000,121932490,121652369,-149.121,0.000,0.000,1.000,3.000,0.000,0.000,47.000,0,0,0
B3_zmq_pushpull,zmq_tcp,none,none,,1,18548,512,584,1785153455008575000,1785153455008575000,1785153455008576000,1785153455008576000,1785153455008693000,1785153455008697000,1785153455008697000,1785153455008697000,121932490,121652369,-163.121,0.000,1.000,0.000,4.000,0.000,0.000,14.000,0,0,0
B3_zmq_pushpull,zmq_tcp,none,none,,1,18549,512,584,1785153455009402000,1785153455009402000,1785153455009402000,1785153455009403000,1785153455009562000,1785153455009564000,1785153455009564000,1785153455009564000,121932490,121652369,-121.121,0.000,0.000,1.000,2.000,0.000,0.000,42.000,0,0,0
B3_zmq_pushpull,zmq_tcp,none,none,,1,18550,512,584,1785153455010614000,1785153455010614000,1785153455010614000,1785153455010615000,1785153455010698000,1785153455010701000,1785153455010701000,1785153455010701000,121932490,121652369,-197.121,0.000,0.000,1.000,3.000,0.000,0.000,76.000,0,0,0
B3_zmq_pushpull,zmq_tcp,none,none,,1,18551,512,584,1785153455011560000,1785153455011560000,1785153455011560000,1785153455011561000,1785153455011686000,1785153455011689000,1785153455011689000,1785153455011689000,121932490,121652369,-155.121,0.000,0.000,1.000,3.000,0.000,0.000,42.000,0,0,0
B3_zmq_pushpull,zmq_tcp,none,none,,1,18552,512,584,1785153455012574000,1785153455012574000,1785153455012574000,1785153455012575000,1785153455012674000,1785153455012677000,1785153455012677000,1785153455012677000,121932490,121652369,-181.121,0.000,0.000,1.000,3.000,0.000,0.000,26.000,0,0,0
B3_zmq_pushpull,zmq_tcp,none,none,,1,18553,512,584,1785153455013567000,1785153455013568000,1785153455013568000,1785153455013569000,1785153455013648000,1785153455013651000,1785153455013651000,1785153455013651000,121932490,121652369,-201.121,1.000,0.000,1.000,3.000,0.000,0.000,20.000,0,0,0
B3_zmq_pushpull,zmq_tcp,none,none,,1,18554,512,584,1785153455014573000,1785153455014573000,1785153455014573000,1785153455014574000,1785153455014656000,1785153455014659000,1785153455014659000,1785153455014659000,121932490,121652369,-198.121,0.000,0.000,1.000,3.000,0.000,0.000,3.000,0,0,0
B3_zmq_pushpull,zmq_tcp,none,none,,1,18555,512,584,1785153455015572000,1785153455015572000,1785153455015572000,1785153455015573000,1785153455015663000,1785153455015666000,1785153455015666000,1785153455015666000,121932490,121652369,-190.121,0.000,0.000,1.000,3.000,0.000,0.000,8.000,0,0,0
B3_zmq_pushpull,zmq_tcp,none,none,,1,18556,512,584,1785153455016571000,1785153455016571000,1785153455016571000,1785153455016572000,1785153455016674000,1785153455016676000,1785153455016676000,1785153455016676000,121932490,121652369,-178.121,0.000,0.000,1.000,2.000,0.000,0.000,12.000,0,0,0
B3_zmq_pushpull,zmq_tcp,none,none,,1,18557,512,584,1785153455017573000,1785153455017573000,1785153455017573000,1785153455017574000,1785153455017671000,1785153455017674000,1785153455017674000,1785153455017674000,121932490,121652369,-183.121,0.000,0.000,1.000,3.000,0.000,0.000,5.000,0,0,0
B3_zmq_pushpull,zmq_tcp,none,none,,1,18558,512,584,1785153455018572000,1785153455018572000,1785153455018572000,1785153455018573000,1785153455018666000,1785153455018668000,1785153455018669000,1785153455018669000,121932490,121652369,-187.121,0.000,0.000,1.000,2.000,1.000,0.000,4.000,0,0,0
B3_zmq_pushpull,zmq_tcp,none,none,,1,18559,512,584,1785153455019572000,1785153455019572000,1785153455019572000,1785153455019573000,1785153455019654000,1785153455019656000,1785153455019656000,1785153455019656000,121932490,121652369,-199.121,0.000,0.000,1.000,2.000,0.000,0.000,12.000,0,0,0
B3_zmq_pushpull,zmq_tcp,none,none,,1,18560,512,584,1785153455020571000,1785153455020571000,1785153455020571000,1785153455020572000,1785153455020642000,1785153455020645000,1785153455020646000,1785153455020646000,121932490,121652369,-210.121,0.000,0.000,1.000,3.000,1.000,0.000,11.000,0,0,0
B3_zmq_pushpull,zmq_tcp,none,none,,1,18561,512,584,1785153455021572000,1785153455021572000,1785153455021572000,1785153455021573000,1785153455021644000,1785153455021647000,1785153455021647000,1785153455021647000,121932490,121652369,-209.121,0.000,0.000,1.000,3.000,0.000,0.000,1.000,0,0,0
B3_zmq_pushpull,zmq_tcp,none,none,,1,18562,512,584,1785153455022574000,1785153455022574000,1785153455022574000,1785153455022575000,1785153455022645000,1785153455022648000,1785153455022648000,1785153455022648000,121932490,121652369,-210.121,0.000,0.000,1.000,3.000,0.000,0.000,1.000,0,0,0
B3_zmq_pushpull,zmq_tcp,none,none,,1,18563,512,584,1785153455023568000,1785153455023568000,1785153455023568000,1785153455023569000,1785153455023638000,1785153455023641000,1785153455023641000,1785153455023641000,121932490,121652369,-211.121,0.000,0.000,1.000,3.000,0.000,0.000,1.000,0,0,0
B3_zmq_pushpull,zmq_tcp,none,none,,1,18564,512,584,1785153455024575000,1785153455024575000,1785153455024575000,1785153455024576000,1785153455024638000,1785153455024640000,1785153455024640000,1785153455024640000,121932490,121652369,-218.121,0.000,0.000,1.000,2.000,0.000,0.000,7.000,0,0,0
B3_zmq_pushpull,zmq_tcp,none,none,,1,18565,512,584,1785153455025570000,1785153455025571000,1785153455025571000,1785153455025571000,1785153455025641000,1785153455025649000,1785153455025649000,1785153455025649000,121932490,121652369,-210.121,1.000,0.000,0.000,8.000,0.000,0.000,8.000,0,0,0
B3_zmq_pushpull,zmq_tcp,none,none,,1,18566,512,584,1785153455026572000,1785153455026572000,1785153455026572000,1785153455026573000,1785153455026640000,1785153455026642000,1785153455026643000,1785153455026643000,121932490,121652369,-213.121,0.000,0.000,1.000,2.000,1.000,0.000,3.000,0,0,0
B3_zmq_pushpull,zmq_tcp,none,none,,1,18567,512,584,1785153455027568000,1785153455027568000,1785153455027568000,1785153455027569000,1785153455027628000,1785153455027631000,1785153455027631000,1785153455027631000,121932490,121652369,-221.121,0.000,0.000,1.000,3.000,0.000,0.000,8.000,0,0,0
B3_zmq_pushpull,zmq_tcp,none,none,,1,18568,512,584,1785153455028575000,1785153455028575000,1785153455028575000,1785153455028576000,1785153455028766000,1785153455028768000,1785153455028768000,1785153455028768000,121932490,121652369,-90.121,0.000,0.000,1.000,2.000,0.000,0.000,131.000,0,0,0
B3_zmq_pushpull,zmq_tcp,none,none,,1,18569,512,584,1785153455029573000,1785153455029573000,1785153455029573000,1785153455029574000,1785153455029771000,1785153455029775000,1785153455029775000,1785153455029775000,121932490,121652369,-83.121,0.000,0.000,1.000,4.000,0.000,0.000,7.000,0,0,0
B3_zmq_pushpull,zmq_tcp,none,none,,1,18570,512,584,1785153455030567000,1785153455030568000,1785153455030568000,1785153455030569000,1785153455030750000,1785153455030752000,1785153455030752000,1785153455030753000,121932490,121652369,-99.121,1.000,0.000,1.000,2.000,0.000,1.000,16.000,0,0,0
B3_zmq_pushpull,zmq_tcp,none,none,,1,18571,512,584,1785153455031458000,1785153455031458000,1785153455031458000,1785153455031459000,1785153455031619000,1785153455031622000,1785153455031622000,1785153455031622000,121932490,121652369,-120.121,0.000,0.000,1.000,3.000,0.000,0.000,21.000,0,0,0
B3_zmq_pushpull,zmq_tcp,none,none,,1,18572,512,584,1785153455032599000,1785153455032599000,1785153455032599000,1785153455032600000,1785153455032747000,1785153455032750000,1785153455032750000,1785153455032750000,121932490,121652369,-133.121,0.000,0.000,1.000,3.000,0.000,0.000,13.000,0,0,0
B3_zmq_pushpull,zmq_tcp,none,none,,1,18573,512,584,1785153455033561000,1785153455033561000,1785153455033561000,1785153455033562000,1785153455033613000,1785153455033616000,1785153455033616000,1785153455033616000,121932490,121652369,-229.121,0.000,0.000,1.000,3.000,0.000,0.000,96.000,0,0,0
B3_zmq_pushpull,zmq_tcp,none,none,,1,18574,512,584,1785153455034575000,1785153455034576000,1785153455034576000,1785153455034577000,1785153455034749000,1785153455034751000,1785153455034751000,1785153455034751000,121932490,121652369,-108.121,1.000,0.000,1.000,2.000,0.000,0.000,121.000,0,0,0
B3_zmq_pushpull,zmq_tcp,none,none,,1,18575,512,584,1785153455035572000,1785153455035572000,1785153455035572000,1785153455035573000,1785153455035765000,1785153455035767000,1785153455035767000,1785153455035767000,121932490,121652369,-88.121,0.000,0.000,1.000,2.000,0.000,0.000,20.000,0,0,0
B3_zmq_pushpull,zmq_tcp,none,none,,1,18576,512,584,1785153455036573000,1785153455036573000,1785153455036573000,1785153455036574000,1785153455036643000,1785153455036646000,1785153455036646000,1785153455036646000,121932490,121652369,-211.121,0.000,0.000,1.000,3.000,0.000,0.000,123.000,0,0,0
B3_zmq_pushpull,zmq_tcp,none,none,,1,18577,512,584,1785153455037568000,1785153455037568000,1785153455037568000,1785153455037569000,1785153455037659000,1785153455037662000,1785153455037662000,1785153455037662000,121932490,121652369,-190.121,0.000,0.000,1.000,3.000,0.000,0.000,21.000,0,0,0
B3_zmq_pushpull,zmq_tcp,none,none,,1,18578,512,584,1785153455038574000,1785153455038574000,1785153455038574000,1785153455038575000,1785153455038669000,1785153455038671000,1785153455038671000,1785153455038671000,121932490,121652369,-186.121,0.000,0.000,1.000,2.000,0.000,0.000,4.000,0,0,0
B3_zmq_pushpull,zmq_tcp,none,none,,1,18579,512,584,1785153455039572000,1785153455039572000,1785153455039572000,1785153455039573000,1785153455039681000,1785153455039683000,1785153455039683000,1785153455039683000,121932490,121652369,-172.121,0.000,0.000,1.000,2.000,0.000,0.000,14.000,0,0,0
B3_zmq_pushpull,zmq_tcp,none,none,,1,18580,512,584,1785153455040572000,1785153455040572000,1785153455040572000,1785153455040573000,1785153455040678000,1785153455040681000,1785153455040681000,1785153455040681000,121932490,121652369,-175.121,0.000,0.000,1.000,3.000,0.000,0.000,3.000,0,0,0
B3_zmq_pushpull,zmq_tcp,none,none,,1,18581,512,584,1785153455041569000,1785153455041569000,1785153455041570000,1785153455041570000,1785153455041686000,1785153455041689000,1785153455041689000,1785153455041689000,121932490,121652369,-164.121,0.000,1.000,0.000,3.000,0.000,0.000,11.000,0,0,0
B3_zmq_pushpull,zmq_tcp,none,none,,1,18582,512,584,1785153455042404000,1785153455042405000,1785153455042405000,1785153455042406000,1785153455042559000,1785153455042562000,1785153455042562000,1785153455042562000,121932490,121652369,-127.121,1.000,0.000,1.000,3.000,0.000,0.000,37.000,0,0,0
B3_zmq_pushpull,zmq_tcp,none,none,,1,18583,512,584,1785153455043613000,1785153455043613000,1785153455043613000,1785153455043614000,1785153455043678000,1785153455043680000,1785153455043680000,1785153455043680000,121932490,121652369,-216.121,0.000,0.000,1.000,2.000,0.000,0.000,89.000,0,0,0
B3_zmq_pushpull,zmq_tcp,none,none,,1,18584,512,584,1785153455044562000,1785153455044562000,1785153455044562000,1785153455044563000,1785153455044694000,1785153455044697000,1785153455044697000,1785153455044697000,121932490,121652369,-149.121,0.000,0.000,1.000,3.000,0.000,0.000,67.000,0,0,0
B3_zmq_pushpull,zmq_tcp,none,none,,1,18585,512,584,1785153455045574000,1785153455045574000,1785153455045574000,1785153455045575000,1785153455045698000,1785153455045701000,1785153455045701000,1785153455045701000,121932490,121652369,-157.121,0.000,0.000,1.000,3.000,0.000,0.000,8.000,0,0,0
B3_zmq_pushpull,zmq_tcp,none,none,,1,18586,512,584,1785153455046572000,1785153455046572000,1785153455046572000,1785153455046573000,1785153455046701000,1785153455046704000,1785153455046704000,1785153455046704000,121932490,121652369,-152.121,0.000,0.000,1.000,3.000,0.000,0.000,5.000,0,0,0
B3_zmq_pushpull,zmq_tcp,none,none,,1,18587,512,584,1785153455047571000,1785153455047572000,1785153455047572000,1785153455047573000,1785153455047706000,1785153455047709000,1785153455047709000,1785153455047709000,121932490,121652369,-147.121,1.000,0.000,1.000,3.000,0.000,0.000,5.000,0,0,0
B3_zmq_pushpull,zmq_tcp,none,none,,1,18588,512,584,1785153455048569000,1785153455048569000,1785153455048569000,1785153455048570000,1785153455048717000,1785153455048720000,1785153455048720000,1785153455048720000,121932490,121652369,-133.121,0.000,0.000,1.000,3.000,0.000,0.000,14.000,0,0,0
B3_zmq_pushpull,zmq_tcp,none,none,,1,18589,512,584,1785153455049422000,1785153455049422000,1785153455049422000,1785153455049423000,1785153455049583000,1785153455049586000,1785153455049586000,1785153455049586000,121932490,121652369,-120.121,0.000,0.000,1.000,3.000,0.000,0.000,13.000,0,0,0
B3_zmq_pushpull,zmq_tcp,none,none,,1,18590,512,584,1785153455050610000,1785153455050610000,1785153455050610000,1785153455050611000,1785153455050709000,1785153455050712000,1785153455050713000,1785153455050713000,121932490,121652369,-182.121,0.000,0.000,1.000,3.000,1.000,0.000,62.000,0,0,0
B3_zmq_pushpull,zmq_tcp,none,none,,1,18591,512,584,1785153455051406000,1785153455051406000,1785153455051406000,1785153455051407000,1785153455051567000,1785153455051570000,1785153455051570000,1785153455051570000,121932490,121652369,-120.121,0.000,0.000,1.000,3.000,0.000,0.000,62.000,0,0,0
B3_zmq_pushpull,zmq_tcp,none,none,,1,18592,512,584,1785153455052616000,1785153455052616000,1785153455052616000,1785153455052617000,1785153455052706000,1785153455052709000,1785153455052709000,1785153455052709000,121932490,121652369,-191.121,0.000,0.000,1.000,3.000,0.000,0.000,71.000,0,0,0
B3_zmq_pushpull,zmq_tcp,none,none,,1,18593,512,584,1785153455053560000,1785153455053560000,1785153455053560000,1785153455053561000,1785153455053718000,1785153455053721000,1785153455053721000,1785153455053721000,121932490,121652369,-123.121,0.000,0.000,1.000,3.000,0.000,0.000,68.000,0,0,0
B3_zmq_pushpull,zmq_tcp,none,none,,1,18594,512,584,1785153455054574000,1785153455054574000,1785153455054575000,1785153455054575000,1785153455054707000,1785153455054710000,1785153455054710000,1785153455054710000,121932490,121652369,-148.121,0.000,1.000,0.000,3.000,0.000,0.000,25.000,0,0,0
B3_zmq_pushpull,zmq_tcp,none,none,,1,18595,512,584,1785153455055568000,1785153455055568000,1785153455055568000,1785153455055569000,1785153455055707000,1785153455055710000,1785153455055710000,1785153455055710000,121932490,121652369,-142.121,0.000,0.000,1.000,3.000,0.000,0.000,6.000,0,0,0
B3_zmq_pushpull,zmq_tcp,none,none,,1,18596,512,584,1785153455056572000,1785153455056573000,1785153455056573000,1785153455056574000,1785153455056718000,1785153455056721000,1785153455056721000,1785153455056721000,121932490,121652369,-136.121,1.000,0.000,1.000,3.000,0.000,0.000,6.000,0,0,0
B3_zmq_pushpull,zmq_tcp,none,none,,1,18597,512,584,1785153455057571000,1785153455057571000,1785153455057571000,1785153455057572000,1785153455057717000,1785153455057719000,1785153455057719000,1785153455057719000,121932490,121652369,-135.121,0.000,0.000,1.000,2.000,0.000,0.000,1.000,0,0,0
B3_zmq_pushpull,zmq_tcp,none,none,,1,18598,512,584,1785153455058572000,1785153455058572000,1785153455058572000,1785153455058573000,1785153455058719000,1785153455058722000,1785153455058722000,1785153455058722000,121932490,121652369,-134.121,0.000,0.000,1.000,3.000,0.000,0.000,1.000,0,0,0
B3_zmq_pushpull,zmq_tcp,none,none,,1,18599,512,584,1785153455059568000,1785153455059568000,1785153455059568000,1785153455059569000,1785153455059716000,1785153455059719000,1785153455059719000,1785153455059719000,121932490,121652369,-133.121,0.000,0.000,1.000,3.000,0.000,0.000,1.000,0,0,0
B3_zmq_pushpull,zmq_tcp,none,none,,1,18600,512,584,1785153455060573000,1785153455060573000,1785153455060574000,1785153455060574000,1785153455060719000,1785153455060722000,1785153455060722000,1785153455060722000,121932490,121652369,-135.121,0.000,1.000,0.000,3.000,0.000,0.000,2.000,0,0,0
B3_zmq_pushpull,zmq_tcp,none,none,,1,18601,512,584,1785153455061572000,1785153455061572000,1785153455061572000,1785153455061573000,1785153455061719000,1785153455061722000,1785153455061722000,1785153455061722000,121932490,121652369,-134.121,0.000,0.000,1.000,3.000,0.000,0.000,1.000,0,0,0
B3_zmq_pushpull,zmq_tcp,none,none,,1,18602,512,584,1785153455062572000,1785153455062572000,1785153455062572000,1785153455062573000,1785153455062713000,1785153455062715000,1785153455062715000,1785153455062715000,121932490,121652369,-140.121,0.000,0.000,1.000,2.000,0.000,0.000,6.000,0,0,0
B3_zmq_pushpull,zmq_tcp,none,none,,1,18603,512,584,1785153455063569000,1785153455063569000,1785153455063569000,1785153455063570000,1785153455063723000,1785153455063726000,1785153455063726000,1785153455063726000,121932490,121652369,-127.121,0.000,0.000,1.000,3.000,0.000,0.000,13.000,0,0,0
B3_zmq_pushpull,zmq_tcp,none,none,,1,18604,512,584,1785153455064573000,1785153455064573000,1785153455064573000,1785153455064574000,1785153455064735000,1785153455064738000,1785153455064738000,1785153455064738000,121932490,121652369,-119.121,0.000,0.000,1.000,3.000,0.000,0.000,8.000,0,0,0
B3_zmq_pushpull,zmq_tcp,none,none,,1,18605,512,584,1785153455065572000,1785153455065572000,1785153455065572000,1785153455065573000,1785153455065745000,1785153455065748000,1785153455065748000,1785153455065748000,121932490,121652369,-108.121,0.000,0.000,1.000,3.000,0.000,0.000,11.000,0,0,0
B3_zmq_pushpull,zmq_tcp,none,none,,1,18606,512,584,1785153455066456000,1785153455066457000,1785153455066457000,1785153455066458000,1785153455066603000,1785153455066606000,1785153455066606000,1785153455066606000,121932490,121652369,-135.121,1.000,0.000,1.000,3.000,0.000,0.000,27.000,0,0,0
B3_zmq_pushpull,zmq_tcp,none,none,,1,18607,512,584,1785153455067599000,1785153455067599000,1785153455067599000,1785153455067600000,1785153455067745000,1785153455067748000,1785153455067748000,1785153455067748000,121932490,121652369,-135.121,0.000,0.000,1.000,3.000,0.000,0.000,0.000,0,0,0
B3_zmq_pushpull,zmq_tcp,none,none,,1,18608,512,584,1785153455068455000,1785153455068455000,1785153455068455000,1785153455068456000,1785153455068605000,1785153455068607000,1785153455068607000,1785153455068607000,121932490,121652369,-131.121,0.000,0.000,1.000,2.000,0.000,0.000,4.000,0,0,0
B3_zmq_pushpull,zmq_tcp,none,none,,1,18609,512,584,1785153455069601000,1785153455069601000,1785153455069601000,1785153455069602000,1785153455069734000,1785153455069737000,1785153455069738000,1785153455069738000,121932490,121652369,-148.121,0.000,0.000,1.000,3.000,1.000,0.000,17.000,0,0,0
B3_zmq_pushpull,zmq_tcp,none,none,,1,18610,512,584,1785153455070563000,1785153455070563000,1785153455070563000,1785153455070564000,1785153455070757000,1785153455070759000,1785153455070759000,1785153455070759000,121932490,121652369,-87.121,0.000,0.000,1.000,2.000,0.000,0.000,61.000,0,0,0
B3_zmq_pushpull,zmq_tcp,none,none,,1,18611,512,584,1785153455071575000,1785153455071575000,1785153455071575000,1785153455071576000,1785153455071741000,1785153455071743000,1785153455071743000,1785153455071743000,121932490,121652369,-115.121,0.000,0.000,1.000,2.000,0.000,0.000,28.000,0,0,0
B3_zmq_pushpull,zmq_tcp,none,none,,1,18612,512,584,1785153455072573000,1785153455072573000,1785153455072573000,1785153455072574000,1785153455072767000,1785153455072771000,1785153455072771000,1785153455072771000,121932490,121652369,-87.121,0.000,0.000,1.000,4.000,0.000,0.000,28.000,0,0,0
B3_zmq_pushpull,zmq_tcp,none,none,,1,18613,512,584,1785153455073471000,1785153455073471000,1785153455073471000,1785153455073472000,1785153455073629000,1785153455073632000,1785153455073632000,1785153455073632000,121932490,121652369,-123.121,0.000,0.000,1.000,3.000,0.000,0.000,36.000,0,0,0
B3_zmq_pushpull,zmq_tcp,none,none,,1,18614,512,584,1785153455074467000,1785153455074467000,1785153455074467000,1785153455074468000,1785153455074623000,1785153455074626000,1785153455074626000,1785153455074626000,121932490,121652369,-125.121,0.000,0.000,1.000,3.000,0.000,0.000,2.000,0,0,0
B3_zmq_pushpull,zmq_tcp,none,none,,1,18615,512,584,1785153455075598000,1785153455075598000,1785153455075598000,1785153455075599000,1785153455075757000,1785153455075759000,1785153455075759000,1785153455075759000,121932490,121652369,-122.121,0.000,0.000,1.000,2.000,0.000,0.000,3.000,0,0,0
B3_zmq_pushpull,zmq_tcp,none,none,,1,18616,512,584,1785153455076566000,1785153455076567000,1785153455076567000,1785153455076568000,1785153455076625000,1785153455076628000,1785153455076628000,1785153455076628000,121932490,121652369,-223.121,1.000,0.000,1.000,3.000,0.000,0.000,101.000,0,0,0
B3_zmq_pushpull,zmq_tcp,none,none,,1,18617,512,584,1785153455077469000,1785153455077469000,1785153455077469000,1785153455077470000,1785153455077618000,1785153455077621000,1785153455077621000,1785153455077621000,121932490,121652369,-132.121,0.000,0.000,1.000,3.000,0.000,0.000,91.000,0,0,0
B3_zmq_pushpull,zmq_tcp,none,none,,1,18618,512,584,1785153455078599000,1785153455078599000,1785153455078599000,1785153455078600000,1785153455078754000,1785153455078757000,1785153455078757000,1785153455078757000,121932490,121652369,-126.121,0.000,0.000,1.000,3.000,0.000,0.000,6.000,0,0,0
B3_zmq_pushpull,zmq_tcp,none,none,,1,18619,512,584,1785153455079470000,1785153455079470000,1785153455079470000,1785153455079471000,1785153455079630000,1785153455079633000,1785153455079633000,1785153455079633000,121932490,121652369,-121.121,0.000,0.000,1.000,3.000,0.000,0.000,5.000,0,0,0
B3_zmq_pushpull,zmq_tcp,none,none,,1,18620,512,584,1785153455080476000,1785153455080476000,1785153455080476000,1785153455080477000,1785153455080635000,1785153455080638000,1785153455080638000,1785153455080638000,121932490,121652369,-122.121,0.000,0.000,1.000,3.000,0.000,0.000,1.000,0,0,0
B3_zmq_pushpull,zmq_tcp,none,none,,1,18621,512,584,1785153455081489000,1785153455081489000,1785153455081489000,1785153455081490000,1785153455081635000,1785153455081638000,1785153455081638000,1785153455081638000,121932490,121652369,-135.121,0.000,0.000,1.000,3.000,0.000,0.000,13.000,0,0,0
B3_zmq_pushpull,zmq_tcp,none,none,,1,18622,512,584,1785153455082593000,1785153455082594000,1785153455082594000,1785153455082595000,1785153455082637000,1785153455082640000,1785153455082640000,1785153455082640000,121932490,121652369,-238.121,1.000,0.000,1.000,3.000,0.000,0.000,103.000,0,0,0
B3_zmq_pushpull,zmq_tcp,none,none,,1,18623,512,584,1785153455083482000,1785153455083482000,1785153455083482000,1785153455083483000,1785153455083630000,1785153455083633000,1785153455083633000,1785153455083633000,121932490,121652369,-133.121,0.000,0.000,1.000,3.000,0.000,0.000,105.000,0,0,0
B3_zmq_pushpull,zmq_tcp,none,none,,1,18624,512,584,1785153455084595000,1785153455084595000,1785153455084595000,1785153455084596000,1785153455084644000,1785153455084647000,1785153455084647000,1785153455084648000,121932490,121652369,-232.121,0.000,0.000,1.000,3.000,0.000,1.000,99.000,0,0,0
B3_zmq_pushpull,zmq_tcp,none,none,,1,18625,512,584,1785153455085493000,1785153455085493000,1785153455085493000,1785153455085494000,1785153455085652000,1785153455085654000,1785153455085654000,1785153455085654000,121932490,121652369,-122.121,0.000,0.000,1.000,2.000,0.000,0.000,110.000,0,0,0
B3_zmq_pushpull,zmq_tcp,none,none,,1,18626,512,584,1785153455086593000,1785153455086593000,1785153455086593000,1785153455086594000,1785153455086658000,1785153455086661000,1785153455086661000,1785153455086661000,121932490,121652369,-216.121,0.000,0.000,1.000,3.000,0.000,0.000,94.000,0,0,0
B3_zmq_pushpull,zmq_tcp,none,none,,1,18627,512,584,1785153455087565000,1785153455087566000,1785153455087566000,1785153455087567000,1785153455087647000,1785153455087650000,1785153455087650000,1785153455087650000,121932490,121652369,-200.121,1.000,0.000,1.000,3.000,0.000,0.000,16.000,0,0,0
B3_zmq_pushpull,zmq_tcp,none,none,,1,18628,512,584,1785153455088573000,1785153455088574000,1785153455088574000,1785153455088575000,1785153455088645000,1785153455088647000,1785153455088648000,1785153455088648000,121932490,121652369,-210.121,1.000,0.000,1.000,2.000,1.000,0.000,10.000,0,0,0
B3_zmq_pushpull,zmq_tcp,none,none,,1,18629,512,584,1785153455089573000,1785153455089573000,1785153455089574000,1785153455089574000,1785153455089618000,1785153455089622000,1785153455089622000,1785153455089622000,121932490,121652369,-236.121,0.000,1.000,0.000,4.000,0.000,0.000,26.000,0,0,0
B3_zmq_pushpull,zmq_tcp,none,none,,1,18630,512,584,1785153455090573000,1785153455090573000,1785153455090573000,1785153455090574000,1785153455090762000,1785153455090765000,1785153455090765000,1785153455090765000,121932490,121652369,-92.121,0.000,0.000,1.000,3.000,0.000,0.000,144.000,0,0,0
B3_zmq_pushpull,zmq_tcp,none,none,,1,18631,512,584,1785153455091462000,1785153455091462000,1785153455091462000,1785153455091463000,1785153455091625000,1785153455091628000,1785153455091628000,1785153455091628000,121932490,121652369,-118.121,0.000,0.000,1.000,3.000,0.000,0.000,26.000,0,0,0
B3_zmq_pushpull,zmq_tcp,none,none,,1,18632,512,584,1785153455092601000,1785153455092602000,1785153455092602000,1785153455092603000,1785153455092754000,1785153455092757000,1785153455092757000,1785153455092757000,121932490,121652369,-129.121,1.000,0.000,1.000,3.000,0.000,0.000,11.000,0,0,0
B3_zmq_pushpull,zmq_tcp,none,none,,1,18633,512,584,1785153455093569000,1785153455093570000,1785153455093570000,1785153455093571000,1785153455093634000,1785153455093637000,1785153455093637000,1785153455093637000,121932490,121652369,-217.121,1.000,0.000,1.000,3.000,0.000,0.000,88.000,0,0,0
B3_zmq_pushpull,zmq_tcp,none,none,,1,18634,512,584,1785153455094574000,1785153455094574000,1785153455094574000,1785153455094575000,1785153455094637000,1785153455094641000,1785153455094641000,1785153455094641000,121932490,121652369,-218.121,0.000,0.000,1.000,4.000,0.000,0.000,1.000,0,0,0
B3_zmq_pushpull,zmq_tcp,none,none,,1,18635,512,584,1785153455095482000,1785153455095483000,1785153455095483000,1785153455095484000,1785153455095637000,1785153455095639000,1785153455095639000,1785153455095640000,121932490,121652369,-127.121,1.000,0.000,1.000,2.000,0.000,1.000,91.000,0,0,0
B3_zmq_pushpull,zmq_tcp,none,none,,1,18636,512,584,1785153455096595000,1785153455096595000,1785153455096595000,1785153455096596000,1785153455096630000,1785153455096633000,1785153455096633000,1785153455096633000,121932490,121652369,-246.121,0.000,0.000,1.000,3.000,0.000,0.000,119.000,0,0,0
B3_zmq_pushpull,zmq_tcp,none,none,,1,18637,512,584,1785153455097477000,1785153455097477000,1785153455097477000,1785153455097478000,1785153455097633000,1785153455097636000,1785153455097636000,1785153455097636000,121932490,121652369,-125.121,0.000,0.000,1.000,3.000,0.000,0.000,121.000,0,0,0
B3_zmq_pushpull,zmq_tcp,none,none,,1,18638,512,584,1785153455098596000,1785153455098596000,1785153455098596000,1785153455098597000,1785153455098777000,1785153455098779000,1785153455098779000,1785153455098779000,121932490,121652369,-100.121,0.000,0.000,1.000,2.000,0.000,0.000,25.000,0,0,0
B3_zmq_pushpull,zmq_tcp,none,none,,1,18639,512,584,1785153455099564000,1785153455099564000,1785153455099564000,1785153455099565000,1785153455099637000,1785153455099640000,1785153455099640000,1785153455099640000,121932490,121652369,-208.121,0.000,0.000,1.000,3.000,0.000,0.000,108.000,0,0,0
B3_zmq_pushpull,zmq_tcp,none,none,,1,18640,512,584,1785153455100575000,1785153455100575000,1785153455100575000,1785153455100576000,1785153455100770000,1785153455100773000,1785153455100773000,1785153455100773000,121932490,121652369,-86.121,0.000,0.000,1.000,3.000,0.000,0.000,122.000,0,0,0
B3_zmq_pushpull,zmq_tcp,none,none,,1,18641,512,584,1785153455101573000,1785153455101574000,1785153455101574000,1785153455101574000,1785153455101637000,1785153455101640000,1785153455101640000,1785153455101640000,121932490,121652369,-217.121,1.000,0.000,0.000,3.000,0.000,0.000,131.000,0,0,0
B3_zmq_pushpull,zmq_tcp,none,none,,1,18642,512,584,1785153455102572000,1785153455102572000,1785153455102572000,1785153455102573000,1785153455102628000,1785153455102631000,1785153455102631000,1785153455102631000,121932490,121652369,-225.121,0.000,0.000,1.000,3.000,0.000,0.000,8.000,0,0,0
B3_zmq_pushpull,zmq_tcp,none,none,,1,18643,512,584,1785153455103570000,1785153455103570000,1785153455103570000,1785153455103571000,1785153455103617000,1785153455103620000,1785153455103621000,1785153455103621000,121932490,121652369,-234.121,0.000,0.000,1.000,3.000,1.000,0.000,9.000,0,0,0
B3_zmq_pushpull,zmq_tcp,none,none,,1,18644,512,584,1785153455104456000,1785153455104456000,1785153455104456000,1785153455104457000,1785153455104613000,1785153455104616000,1785153455104616000,1785153455104616000,121932490,121652369,-124.121,0.000,0.000,1.000,3.000,0.000,0.000,110.000,0,0,0
B3_zmq_pushpull,zmq_tcp,none,none,,1,18645,512,584,1785153455105602000,1785153455105603000,1785153455105603000,1785153455105603000,1785153455105764000,1785153455105766000,1785153455105766000,1785153455105766000,121932490,121652369,-119.121,1.000,0.000,0.000,2.000,0.000,0.000,5.000,0,0,0
B3_zmq_pushpull,zmq_tcp,none,none,,1,18646,512,584,1785153455106562000,1785153455106562000,1785153455106562000,1785153455106563000,1785153455106625000,1785153455106628000,1785153455106628000,1785153455106628000,121932490,121652369,-218.121,0.000,0.000,1.000,3.000,0.000,0.000,99.000,0,0,0
B3_zmq_pushpull,zmq_tcp,none,none,,1,18647,512,584,1785153455107482000,1785153455107482000,1785153455107482000,1785153455107483000,1785153455107631000,1785153455107634000,1785153455107634000,1785153455107634000,121932490,121652369,-132.121,0.000,0.000,1.000,3.000,0.000,0.000,86.000,0,0,0
B3_zmq_pushpull,zmq_tcp,none,none,,1,18648,512,584,1785153455108595000,1785153455108595000,1785153455108595000,1785153455108596000,1785153455108642000,1785153455108646000,1785153455108646000,1785153455108646000,121932490,121652369,-234.121,0.000,0.000,1.000,4.000,0.000,0.000,102.000,0,0,0
B3_zmq_pushpull,zmq_tcp,none,none,,1,18649,512,584,1785153455109567000,1785153455109567000,1785153455109567000,1785153455109568000,1785153455109625000,1785153455109627000,1785153455109628000,1785153455109628000,121932490,121652369,-223.121,0.000,0.000,1.000,2.000,1.000,0.000,11.000,0,0,0
B3_zmq_pushpull,zmq_tcp,none,none,,1,18650,512,584,1785153455110571000,1785153455110571000,1785153455110571000,1785153455110572000,1785153455110615000,1785153455110618000,1785153455110618000,1785153455110618000,121932490,121652369,-237.121,0.000,0.000,1.000,3.000,0.000,0.000,14.000,0,0,0
B3_zmq_pushpull,zmq_tcp,none,none,,1,18651,512,584,1785153455111577000,1785153455111577000,1785153455111577000,1785153455111578000,1785153455111757000,1785153455111760000,1785153455111760000,1785153455111760000,121932490,121652369,-101.121,0.000,0.000,1.000,3.000,0.000,0.000,136.000,0,0,0
B3_zmq_pushpull,zmq_tcp,none,none,,1,18652,512,584,1785153455112471000,1785153455112471000,1785153455112471000,1785153455112472000,1785153455112624000,1785153455112626000,1785153455112626000,1785153455112626000,121932490,121652369,-128.121,0.000,0.000,1.000,2.000,0.000,0.000,27.000,0,0,0
B3_zmq_pushpull,zmq_tcp,none,none,,1,18653,512,584,1785153455113471000,1785153455113471000,1785153455113471000,1785153455113472000,1785153455113624000,1785153455113627000,1785153455113627000,1785153455113627000,121932490,121652369,-128.121,0.000,0.000,1.000,3.000,0.000,0.000,0.000,0,0,0
B3_zmq_pushpull,zmq_tcp,none,none,,1,18654,512,584,1785153455114595000,1785153455114595000,1785153455114595000,1785153455114596000,1785153455114758000,1785153455114761000,1785153455114761000,1785153455114761000,121932490,121652369,-118.121,0.000,0.000,1.000,3.000,0.000,0.000,10.000,0,0,0
B3_zmq_pushpull,zmq_tcp,none,none,,1,18655,512,584,1785153455115568000,1785153455115568000,1785153455115568000,1785153455115569000,1785153455115617000,1785153455115620000,1785153455115620000,1785153455115620000,121932490,121652369,-232.121,0.000,0.000,1.000,3.000,0.000,0.000,114.000,0,0,0
B3_zmq_pushpull,zmq_tcp,none,none,,1,18656,512,584,1785153455116445000,1785153455116445000,1785153455116445000,1785153455116446000,1785153455116600000,1785153455116602000,1785153455116602000,1785153455116602000,121932490,121652369,-126.121,0.000,0.000,1.000,2.000,0.000,0.000,106.000,0,0,0
B3_zmq_pushpull,zmq_tcp,none,none,,1,18657,512,584,1785153455117604000,1785153455117604000,1785153455117604000,1785153455117605000,1785153455117732000,1785153455117734000,1785153455117734000,1785153455117734000,121932490,121652369,-153.121,0.000,0.000,1.000,2.000,0.000,0.000,27.000,0,0,0
B3_zmq_pushpull,zmq_tcp,none,none,,1,18658,512,584,1785153455118562000,1785153455118562000,1785153455118562000,1785153455118563000,1785153455118742000,1785153455118745000,1785153455118745000,1785153455118745000,121932490,121652369,-101.121,0.000,0.000,1.000,3.000,0.000,0.000,52.000,0,0,0
B3_zmq_pushpull,zmq_tcp,none,none,,1,18659,512,584,1785153455119576000,1785153455119576000,1785153455119576000,1785153455119577000,1785153455119757000,1785153455119760000,1785153455119760000,1785153455119760000,121932490,121652369,-100.121,0.000,0.000,1.000,3.000,0.000,0.000,1.000,0,0,0
B3_zmq_pushpull,zmq_tcp,none,none,,1,18660,512,584,1785153455120570000,1785153455120570000,1785153455120570000,1785153455120571000,1785153455120733000,1785153455120736000,1785153455120736000,1785153455120736000,121932490,121652369,-118.121,0.000,0.000,1.000,3.000,0.000,0.000,18.000,0,0,0
B3_zmq_pushpull,zmq_tcp,none,none,,1,18661,512,584,1785153455121573000,1785153455121573000,1785153455121574000,1785153455121574000,1785153455121733000,1785153455121736000,1785153455121736000,1785153455121736000,121932490,121652369,-121.121,0.000,1.000,0.000,3.000,0.000,0.000,3.000,0,0,0
B3_zmq_pushpull,zmq_tcp,none,none,,1,18662,512,584,1785153455122422000,1785153455122422000,1785153455122422000,1785153455122423000,1785153455122575000,1785153455122577000,1785153455122578000,1785153455122578000,121932490,121652369,-128.121,0.000,0.000,1.000,2.000,1.000,0.000,7.000,0,0,0
B3_zmq_pushpull,zmq_tcp,none,none,,1,18663,512,584,1785153455123417000,1785153455123417000,1785153455123417000,1785153455123418000,1785153455123568000,1785153455123571000,1785153455123571000,1785153455123571000,121932490,121652369,-130.121,0.000,0.000,1.000,3.000,0.000,0.000,2.000,0,0,0
B3_zmq_pushpull,zmq_tcp,none,none,,1,18664,512,584,1785153455124408000,1785153455124408000,1785153455124408000,1785153455124409000,1785153455124560000,1785153455124563000,1785153455124563000,1785153455124563000,121932490,121652369,-129.121,0.000,0.000,1.000,3.000,0.000,0.000,1.000,0,0,0
B3_zmq_pushpull,zmq_tcp,none,none,,1,18665,512,584,1785153455125376000,1785153455125376000,1785153455125376000,1785153455125377000,1785153455125529000,1785153455125532000,1785153455125532000,1785153455125532000,121932490,121652369,-128.121,0.000,0.000,1.000,3.000,0.000,0.000,1.000,0,0,0
B3_zmq_pushpull,zmq_tcp,none,none,,1,18666,512,584,1785153455126379000,1785153455126379000,1785153455126379000,1785153455126380000,1785153455126539000,1785153455126541000,1785153455126541000,1785153455126541000,121932490,121652369,-121.121,0.000,0.000,1.000,2.000,0.000,0.000,7.000,0,0,0
B3_zmq_pushpull,zmq_tcp,none,none,,1,18667,512,584,1785153455127498000,1785153455127498000,1785153455127498000,1785153455127499000,1785153455127651000,1785153455127653000,1785153455127653000,1785153455127653000,121932490,121652369,-128.121,0.000,0.000,1.000,2.000,0.000,0.000,7.000,0,0,0
B3_zmq_pushpull,zmq_tcp,none,none,,1,18668,512,584,1785153455128490000,1785153455128490000,1785153455128491000,1785153455128491000,1785153455128645000,1785153455128649000,1785153455128649000,1785153455128649000,121932490,121652369,-126.121,0.000,1.000,0.000,4.000,0.000,0.000,2.000,0,0,0
B3_zmq_pushpull,zmq_tcp,none,none,,1,18669,512,584,1785153455129496000,1785153455129496000,1785153455129496000,1785153455129497000,1785153455129639000,1785153455129641000,1785153455129641000,1785153455129641000,121932490,121652369,-138.121,0.000,0.000,1.000,2.000,0.000,0.000,12.000,0,0,0
B3_zmq_pushpull,zmq_tcp,none,none,,1,18670,512,584,1785153455130463000,1785153455130463000,1785153455130463000,1785153455130464000,1785153455130605000,1785153455130608000,1785153455130608000,1785153455130608000,121932490,121652369,-139.121,0.000,0.000,1.000,3.000,0.000,0.000,1.000,0,0,0
B3_zmq_pushpull,zmq_tcp,none,none,,1,18671,512,584,1785153455131441000,1785153455131441000,1785153455131441000,1785153455131442000,1785153455131592000,1785153455131595000,1785153455131595000,1785153455131595000,121932490,121652369,-130.121,0.000,0.000,1.000,3.000,0.000,0.000,9.000,0,0,0
B3_zmq_pushpull,zmq_tcp,none,none,,1,18672,512,584,1785153455132427000,1785153455132427000,1785153455132427000,1785153455132428000,1785153455132585000,1785153455132594000,1785153455132594000,1785153455132594000,121932490,121652369,-123.121,0.000,0.000,1.000,9.000,0.000,0.000,7.000,0,0,0
B3_zmq_pushpull,zmq_tcp,none,none,,1,18673,512,584,1785153455133607000,1785153455133607000,1785153455133607000,1785153455133608000,1785153455133697000,1785153455133700000,1785153455133700000,1785153455133701000,121932490,121652369,-191.121,0.000,0.000,1.000,3.000,0.000,1.000,68.000,0,0,0
B3_zmq_pushpull,zmq_tcp,none,none,,1,18674,512,584,1785153455134383000,1785153455134384000,1785153455134384000,1785153455134385000,1785153455134534000,1785153455134537000,1785153455134537000,1785153455134537000,121932490,121652369,-131.121,1.000,0.000,1.000,3.000,0.000,0.000,60.000,0,0,0
B3_zmq_pushpull,zmq_tcp,none,none,,1,18675,512,584,1785153455135619000,1785153455135619000,1785153455135619000,1785153455135620000,1785153455135772000,1785153455135775000,1785153455135775000,1785153455135775000,121932490,121652369,-128.121,0.000,0.000,1.000,3.000,0.000,0.000,3.000,0,0,0
B3_zmq_pushpull,zmq_tcp,none,none,,1,18676,512,584,1785153455136559000,1785153455136559000,1785153455136559000,1785153455136560000,1785153455136625000,1785153455136629000,1785153455136629000,1785153455136629000,121932490,121652369,-215.121,0.000,0.000,1.000,4.000,0.000,0.000,87.000,0,0,0
B3_zmq_pushpull,zmq_tcp,none,none,,1,18677,512,584,1785153455137447000,1785153455137447000,1785153455137447000,1785153455137448000,1785153455137591000,1785153455137593000,1785153455137594000,1785153455137594000,121932490,121652369,-137.121,0.000,0.000,1.000,2.000,1.000,0.000,78.000,0,0,0
B3_zmq_pushpull,zmq_tcp,none,none,,1,18678,512,584,1785153455138398000,1785153455138398000,1785153455138398000,1785153455138399000,1785153455138551000,1785153455138553000,1785153455138553000,1785153455138553000,121932490,121652369,-128.121,0.000,0.000,1.000,2.000,0.000,0.000,9.000,0,0,0
B3_zmq_pushpull,zmq_tcp,none,none,,1,18679,512,584,1785153455139385000,1785153455139385000,1785153455139385000,1785153455139386000,1785153455139529000,1785153455139532000,1785153455139532000,1785153455139532000,121932490,121652369,-137.121,0.000,0.000,1.000,3.000,0.000,0.000,9.000,0,0,0
B3_zmq_pushpull,zmq_tcp,none,none,,1,18680,512,584,1785153455140500000,1785153455140500000,1785153455140500000,1785153455140501000,1785153455140660000,1785153455140663000,1785153455140663000,1785153455140663000,121932490,121652369,-121.121,0.000,0.000,1.000,3.000,0.000,0.000,16.000,0,0,0
B3_zmq_pushpull,zmq_tcp,none,none,,1,18681,512,584,1785153455141493000,1785153455141494000,1785153455141494000,1785153455141495000,1785153455141641000,1785153455141644000,1785153455141644000,1785153455141644000,121932490,121652369,-134.121,1.000,0.000,1.000,3.000,0.000,0.000,13.000,0,0,0
B3_zmq_pushpull,zmq_tcp,none,none,,1,18682,512,584,1785153455142469000,1785153455142469000,1785153455142469000,1785153455142470000,1785153455142629000,1785153455142632000,1785153455142632000,1785153455142632000,121932490,121652369,-121.121,0.000,0.000,1.000,3.000,0.000,0.000,13.000,0,0,0
B3_zmq_pushpull,zmq_tcp,none,none,,1,18683,512,584,1785153455143596000,1785153455143597000,1785153455143597000,1785153455143598000,1785153455143755000,1785153455143758000,1785153455143758000,1785153455143758000,121932490,121652369,-123.121,1.000,0.000,1.000,3.000,0.000,0.000,2.000,0,0,0
B3_zmq_pushpull,zmq_tcp,none,none,,1,18684,512,584,1785153455144566000,1785153455144566000,1785153455144566000,1785153455144567000,1785153455144737000,1785153455144740000,1785153455144740000,1785153455144740000,121932490,121652369,-110.121,0.000,0.000,1.000,3.000,0.000,0.000,13.000,0,0,0
B3_zmq_pushpull,zmq_tcp,none,none,,1,18685,512,584,1785153455145573000,1785153455145573000,1785153455145573000,1785153455145574000,1785153455145723000,1785153455145726000,1785153455145726000,1785153455145726000,121932490,121652369,-131.121,0.000,0.000,1.000,3.000,0.000,0.000,21.000,0,0,0
B3_zmq_pushpull,zmq_tcp,none,none,,1,18686,512,584,1785153455146568000,1785153455146568000,1785153455146569000,1785153455146569000,1785153455146686000,1785153455146688000,1785153455146688000,1785153455146688000,121932490,121652369,-163.121,0.000,1.000,0.000,2.000,0.000,0.000,32.000,0,0,0
B3_zmq_pushpull,zmq_tcp,none,none,,1,18687,512,584,1785153455147573000,1785153455147573000,1785153455147573000,1785153455147574000,1785153455147674000,1785153455147677000,1785153455147677000,1785153455147677000,121932490,121652369,-180.121,0.000,0.000,1.000,3.000,0.000,0.000,17.000,0,0,0
B3_zmq_pushpull,zmq_tcp,none,none,,1,18688,512,584,1785153455148571000,1785153455148571000,1785153455148571000,1785153455148572000,1785153455148660000,1785153455148663000,1785153455148663000,1785153455148663000,121932490,121652369,-192.121,0.000,0.000,1.000,3.000,0.000,0.000,12.000,0,0,0
B3_zmq_pushpull,zmq_tcp,none,none,,1,18689,512,584,1785153455149571000,1785153455149571000,1785153455149571000,1785153455149572000,1785153455149645000,1785153455149647000,1785153455149647000,1785153455149647000,121932490,121652369,-207.121,0.000,0.000,1.000,2.000,0.000,0.000,15.000,0,0,0
B3_zmq_pushpull,zmq_tcp,none,none,,1,18690,512,584,1785153455150569000,1785153455150569000,1785153455150569000,1785153455150570000,1785153455150636000,1785153455150639000,1785153455150639000,1785153455150639000,121932490,121652369,-214.121,0.000,0.000,1.000,3.000,0.000,0.000,7.000,0,0,0
B3_zmq_pushpull,zmq_tcp,none,none,,1,18691,512,584,1785153455151572000,1785153455151573000,1785153455151573000,1785153455151574000,1785153455151627000,1785153455151629000,1785153455151629000,1785153455151629000,121932490,121652369,-227.121,1.000,0.000,1.000,2.000,0.000,0.000,13.000,0,0,0
B3_zmq_pushpull,zmq_tcp,none,none,,1,18692,512,584,1785153455152437000,1785153455152437000,1785153455152437000,1785153455152438000,1785153455152591000,1785153455152593000,1785153455152593000,1785153455152593000,121932490,121652369,-127.121,0.000,0.000,1.000,2.000,0.000,0.000,100.000,0,0,0
B3_zmq_pushpull,zmq_tcp,none,none,,1,18693,512,584,1785153455153604000,1785153455153605000,1785153455153605000,1785153455153606000,1785153455153732000,1785153455153735000,1785153455153735000,1785153455153735000,121932490,121652369,-154.121,1.000,0.000,1.000,3.000,0.000,0.000,27.000,0,0,0
B3_zmq_pushpull,zmq_tcp,none,none,,1,18694,512,584,1785153455154413000,1785153455154413000,1785153455154413000,1785153455154414000,1785153455154572000,1785153455154575000,1785153455154575000,1785153455154575000,121932490,121652369,-122.121,0.000,0.000,1.000,3.000,0.000,0.000,32.000,0,0,0
B3_zmq_pushpull,zmq_tcp,none,none,,1,18695,512,584,1785153455155613000,1785153455155614000,1785153455155614000,1785153455155615000,1785153455155690000,1785153455155693000,1785153455155693000,1785153455155693000,121932490,121652369,-205.121,1.000,0.000,1.000,3.000,0.000,0.000,83.000,0,0,0
B3_zmq_pushpull,zmq_tcp,none,none,,1,18696,512,584,1785153455156563000,1785153455156563000,1785153455156563000,1785153455156564000,1785153455156663000,1785153455156665000,1785153455156666000,1785153455156666000,121932490,121652369,-181.121,0.000,0.000,1.000,2.000,1.000,0.000,24.000,0,0,0
B3_zmq_pushpull,zmq_tcp,none,none,,1,18697,512,584,1785153455157574000,1785153455157574000,1785153455157574000,1785153455157575000,1785153455157657000,1785153455157661000,1785153455157661000,1785153455157661000,121932490,121652369,-198.121,0.000,0.000,1.000,4.000,0.000,0.000,17.000,0,0,0
B3_zmq_pushpull,zmq_tcp,none,none,,1,18698,512,584,1785153455158477000,1785153455158477000,1785153455158477000,1785153455158479000,1785153455158621000,1785153455158624000,1785153455158624000,1785153455158624000,121932490,121652369,-138.121,0.000,0.000,2.000,3.000,0.000,0.000,60.000,0,0,0
B3_zmq_pushpull,zmq_tcp,none,none,,1,18699,512,584,1785153455159596000,1785153455159596000,1785153455159597000,1785153455159597000,1785153455159748000,1785153455159751000,1785153455159751000,1785153455159751000,121932490,121652369,-129.121,0.000,1.000,0.000,3.000,0.000,0.000,9.000,0,0,0
B3_zmq_pushpull,zmq_tcp,none,none,,1,18700,512,584,1785153455160570000,1785153455160570000,1785153455160570000,1785153455160571000,1785153455160739000,1785153455160741000,1785153455160742000,1785153455160742000,121932490,121652369,-112.121,0.000,0.000,1.000,2.000,1.000,0.000,17.000,0,0,0
B3_zmq_pushpull,zmq_tcp,none,none,,1,18701,512,584,1785153455161438000,1785153455161438000,1785153455161438000,1785153455161439000,1785153455161595000,1785153455161597000,1785153455161597000,1785153455161597000,121932490,121652369,-124.121,0.000,0.000,1.000,2.000,0.000,0.000,12.000,0,0,0
B3_zmq_pushpull,zmq_tcp,none,none,,1,18702,512,584,1785153455162422000,1785153455162422000,1785153455162422000,1785153455162423000,1785153455162569000,1785153455162572000,1785153455162572000,1785153455162572000,121932490,121652369,-134.121,0.000,0.000,1.000,3.000,0.000,0.000,10.000,0,0,0
B3_zmq_pushpull,zmq_tcp,none,none,,1,18703,512,584,1785153455163610000,1785153455163611000,1785153455163611000,1785153455163612000,1785153455163695000,1785153455163697000,1785153455163697000,1785153455163697000,121932490,121652369,-197.121,1.000,0.000,1.000,2.000,0.000,0.000,63.000,0,0,0
B3_zmq_pushpull,zmq_tcp,none,none,,1,18704,512,584,1785153455164562000,1785153455164562000,1785153455164562000,1785153455164563000,1785153455164668000,1785153455164671000,1785153455164671000,1785153455164671000,121932490,121652369,-175.121,0.000,0.000,1.000,3.000,0.000,0.000,22.000,0,0,0
B3_zmq_pushpull,zmq_tcp,none,none,,1,18705,512,584,1785153455165571000,1785153455165571000,1785153455165571000,1785153455165572000,1785153455165645000,1785153455165649000,1785153455165649000,1785153455165649000,121932490,121652369,-207.121,0.000,0.000,1.000,4.000,0.000,0.000,32.000,0,0,0
B3_zmq_pushpull,zmq_tcp,none,none,,1,18706,512,584,1785153455166572000,1785153455166572000,1785153455166572000,1785153455166573000,1785153455166613000,1785153455166616000,1785153455166616000,1785153455166616000,121932490,121652369,-240.121,0.000,0.000,1.000,3.000,0.000,0.000,33.000,0,0,0
B3_zmq_pushpull,zmq_tcp,none,none,,1,18707,512,584,1785153455167571000,1785153455167571000,1785153455167571000,1785153455167572000,1785153455167729000,1785153455167732000,1785153455167732000,1785153455167732000,121932490,121652369,-123.121,0.000,0.000,1.000,3.000,0.000,0.000,117.000,0,0,0
B3_zmq_pushpull,zmq_tcp,none,none,,1,18708,512,584,1785153455168571000,1785153455168571000,1785153455168571000,1785153455168572000,1785153455168712000,1785153455168715000,1785153455168715000,1785153455168715000,121932490,121652369,-140.121,0.000,0.000,1.000,3.000,0.000,0.000,17.000,0,0,0
B3_zmq_pushpull,zmq_tcp,none,none,,1,18709,512,584,1785153455169571000,1785153455169571000,1785153455169571000,1785153455169572000,1785153455169704000,1785153455169707000,1785153455169707000,1785153455169707000,121932490,121652369,-148.121,0.000,0.000,1.000,3.000,0.000,0.000,8.000,0,0,0
B3_zmq_pushpull,zmq_tcp,none,none,,1,18710,512,584,1785153455170573000,1785153455170573000,1785153455170573000,1785153455170574000,1785153455170682000,1785153455170684000,1785153455170684000,1785153455170684000,121932490,121652369,-172.121,0.000,0.000,1.000,2.000,0.000,0.000,24.000,0,0,0
B3_zmq_pushpull,zmq_tcp,none,none,,1,18711,512,584,1785153455171571000,1785153455171571000,1785153455171571000,1785153455171572000,1785153455171656000,1785153455171659000,1785153455171659000,1785153455171659000,121932490,121652369,-196.121,0.000,0.000,1.000,3.000,0.000,0.000,24.000,0,0,0
B3_zmq_pushpull,zmq_tcp,none,none,,1,18712,512,584,1785153455172572000,1785153455172572000,1785153455172573000,1785153455172573000,1785153455172616000,1785153455172620000,1785153455172620000,1785153455172620000,121932490,121652369,-237.121,0.000,1.000,0.000,4.000,0.000,0.000,41.000,0,0,0
B3_zmq_pushpull,zmq_tcp,none,none,,1,18713,512,584,1785153455173572000,1785153455173572000,1785153455173572000,1785153455173573000,1785153455173618000,1785153455173621000,1785153455173621000,1785153455173621000,121932490,121652369,-235.121,0.000,0.000,1.000,3.000,0.000,0.000,2.000,0,0,0
B3_zmq_pushpull,zmq_tcp,none,none,,1,18714,512,584,1785153455174573000,1785153455174573000,1785153455174573000,1785153455174574000,1785153455174762000,1785153455174765000,1785153455174766000,1785153455174766000,121932490,121652369,-92.121,0.000,0.000,1.000,3.000,1.000,0.000,143.000,0,0,0
B3_zmq_pushpull,zmq_tcp,none,none,,1,18715,512,584,1785153455175569000,1785153455175569000,1785153455175569000,1785153455175570000,1785153455175621000,1785153455175624000,1785153455175624000,1785153455175624000,121932490,121652369,-229.121,0.000,0.000,1.000,3.000,0.000,0.000,137.000,0,0,0
B3_zmq_pushpull,zmq_tcp,none,none,,1,18716,512,584,1785153455176575000,1785153455176575000,1785153455176575000,1785153455176576000,1785153455176727000,1785153455176730000,1785153455176730000,1785153455176730000,121932490,121652369,-129.121,0.000,0.000,1.000,3.000,0.000,0.000,100.000,0,0,0
B3_zmq_pushpull,zmq_tcp,none,none,,1,18717,512,584,1785153455177572000,1785153455177572000,1785153455177572000,1785153455177573000,1785153455177708000,1785153455177711000,1785153455177711000,1785153455177711000,121932490,121652369,-145.121,0.000,0.000,1.000,3.000,0.000,0.000,16.000,0,0,0
B3_zmq_pushpull,zmq_tcp,none,none,,1,18718,512,584,1785153455178571000,1785153455178571000,1785153455178571000,1785153455178572000,1785153455178686000,1785153455178688000,1785153455178688000,1785153455178689000,121932490,121652369,-166.121,0.000,0.000,1.000,2.000,0.000,1.000,21.000,0,0,0
B3_zmq_pushpull,zmq_tcp,none,none,,1,18719,512,584,1785153455179568000,1785153455179569000,1785153455179569000,1785153455179570000,1785153455179664000,1785153455179667000,1785153455179667000,1785153455179667000,121932490,121652369,-186.121,1.000,0.000,1.000,3.000,0.000,0.000,20.000,0,0,0
B3_zmq_pushpull,zmq_tcp,none,none,,1,18720,512,584,1785153455180573000,1785153455180573000,1785153455180573000,1785153455180574000,1785153455180659000,1785153455180662000,1785153455180662000,1785153455180662000,121932490,121652369,-195.121,0.000,0.000,1.000,3.000,0.000,0.000,9.000,0,0,0
B3_zmq_pushpull,zmq_tcp,none,none,,1,18721,512,584,1785153455181571000,1785153455181571000,1785153455181571000,1785153455181572000,1785153455181646000,1785153455181649000,1785153455181649000,1785153455181649000,121932490,121652369,-206.121,0.000,0.000,1.000,3.000,0.000,0.000,11.000,0,0,0
B3_zmq_pushpull,zmq_tcp,none,none,,1,18722,512,584,1785153455182576000,1785153455182576000,1785153455182576000,1785153455182577000,1785153455182774000,1785153455182776000,1785153455182776000,1785153455182776000,121932490,121652369,-83.121,0.000,0.000,1.000,2.000,0.000,0.000,123.000,0,0,0
B3_zmq_pushpull,zmq_tcp,none,none,,1,18723,512,584,1785153455183470000,1785153455183470000,1785153455183470000,1785153455183471000,1785153455183628000,1785153455183631000,1785153455183631000,1785153455183631000,121932490,121652369,-123.121,0.000,0.000,1.000,3.000,0.000,0.000,40.000,0,0,0
B3_zmq_pushpull,zmq_tcp,none,none,,1,18724,512,584,1785153455184599000,1785153455184599000,1785153455184599000,1785153455184600000,1785153455184770000,1785153455184773000,1785153455184773000,1785153455184773000,121932490,121652369,-110.121,0.000,0.000,1.000,3.000,0.000,0.000,13.000,0,0,0
B3_zmq_pushpull,zmq_tcp,none,none,,1,18725,512,584,1785153455185564000,1785153455185565000,1785153455185565000,1785153455185566000,1785153455185606000,1785153455185609000,1785153455185609000,1785153455185609000,121932490,121652369,-240.121,1.000,0.000,1.000,3.000,0.000,0.000,130.000,0,0,0
B3_zmq_pushpull,zmq_tcp,none,none,,1,18726,512,584,1785153455186574000,1785153455186574000,1785153455186574000,1785153455186575000,1785153455186703000,1785153455186706000,1785153455186706000,1785153455186706000,121932490,121652369,-152.121,0.000,0.000,1.000,3.000,0.000,0.000,88.000,0,0,0
B3_zmq_pushpull,zmq_tcp,none,none,,1,18727,512,584,1785153455187567000,1785153455187567000,1785153455187567000,1785153455187568000,1785153455187687000,1785153455187690000,1785153455187690000,1785153455187690000,121932490,121652369,-161.121,0.000,0.000,1.000,3.000,0.000,0.000,9.000,0,0,0
B3_zmq_pushpull,zmq_tcp,none,none,,1,18728,512,584,1785153455188575000,1785153455188575000,1785153455188575000,1785153455188576000,1785153455188664000,1785153455188667000,1785153455188667000,1785153455188667000,121932490,121652369,-192.121,0.000,0.000,1.000,3.000,0.000,0.000,31.000,0,0,0
B3_zmq_pushpull,zmq_tcp,none,none,,1,18729,512,584,1785153455189570000,1785153455189570000,1785153455189570000,1785153455189571000,1785153455189630000,1785153455189632000,1785153455189632000,1785153455189632000,121932490,121652369,-221.121,0.000,0.000,1.000,2.000,0.000,0.000,29.000,0,0,0
B3_zmq_pushpull,zmq_tcp,none,none,,1,18730,512,584,1785153455190574000,1785153455190574000,1785153455190574000,1785153455190575000,1785153455190740000,1785153455190743000,1785153455190743000,1785153455190743000,121932490,121652369,-115.121,0.000,0.000,1.000,3.000,0.000,0.000,106.000,0,0,0
B3_zmq_pushpull,zmq_tcp,none,none,,1,18731,512,584,1785153455191434000,1785153455191434000,1785153455191434000,1785153455191435000,1785153455191594000,1785153455191596000,1785153455191596000,1785153455191596000,121932490,121652369,-121.121,0.000,0.000,1.000,2.000,0.000,0.000,6.000,0,0,0
B3_zmq_pushpull,zmq_tcp,none,none,,1,18732,512,584,1785153455192606000,1785153455192606000,1785153455192606000,1785153455192607000,1785153455192694000,1785153455192696000,1785153455192696000,1785153455192696000,121932490,121652369,-193.121,0.000,0.000,1.000,2.000,0.000,0.000,72.000,0,0,0
B3_zmq_pushpull,zmq_tcp,none,none,,1,18733,512,584,1785153455193563000,1785153455193563000,1785153455193563000,1785153455193564000,1785153455193659000,1785153455193662000,1785153455193662000,1785153455193662000,121932490,121652369,-185.121,0.000,0.000,1.000,3.000,0.000,0.000,8.000,0,0,0
B3_zmq_pushpull,zmq_tcp,none,none,,1,18734,512,584,1785153455194574000,1785153455194574000,1785153455194574000,1785153455194575000,1785153455194751000,1785153455194754000,1785153455194754000,1785153455194754000,121932490,121652369,-104.121,0.000,0.000,1.000,3.000,0.000,0.000,81.000,0,0,0
B3_zmq_pushpull,zmq_tcp,none,none,,1,18735,512,584,1785153455195568000,1785153455195568000,1785153455195568000,1785153455195569000,1785153455195716000,1785153455195719000,1785153455195719000,1785153455195719000,121932490,121652369,-133.121,0.000,0.000,1.000,3.000,0.000,0.000,29.000,0,0,0
B3_zmq_pushpull,zmq_tcp,none,none,,1,18736,512,584,1785153455196575000,1785153455196575000,1785153455196575000,1785153455196576000,1785153455196711000,1785153455196714000,1785153455196714000,1785153455196714000,121932490,121652369,-145.121,0.000,0.000,1.000,3.000,0.000,0.000,12.000,0,0,0
B3_zmq_pushpull,zmq_tcp,none,none,,1,18737,512,584,1785153455197571000,1785153455197571000,1785153455197571000,1785153455197572000,1785153455197694000,1785153455197696000,1785153455197696000,1785153455197696000,121932490,121652369,-158.121,0.000,0.000,1.000,2.000,0.000,0.000,13.000,0,0,0
B3_zmq_pushpull,zmq_tcp,none,none,,1,18738,512,584,1785153455198573000,1785153455198574000,1785153455198574000,1785153455198575000,1785153455198691000,1785153455198694000,1785153455198694000,1785153455198694000,121932490,121652369,-164.121,1.000,0.000,1.000,3.000,0.000,0.000,6.000,0,0,0
B3_zmq_pushpull,zmq_tcp,none,none,,1,18739,512,584,1785153455199567000,1785153455199567000,1785153455199567000,1785153455199568000,1785153455199670000,1785153455199674000,1785153455199674000,1785153455199674000,121932490,121652369,-178.121,0.000,0.000,1.000,4.000,0.000,0.000,14.000,0,0,0
B3_zmq_pushpull,zmq_tcp,none,none,,1,18740,512,584,1785153455200574000,1785153455200574000,1785153455200574000,1785153455200575000,1785153455200638000,1785153455200641000,1785153455200641000,1785153455200641000,121932490,121652369,-217.121,0.000,0.000,1.000,3.000,0.000,0.000,39.000,0,0,0
B3_zmq_pushpull,zmq_tcp,none,none,,1,18741,512,584,1785153455201472000,1785153455201473000,1785153455201473000,1785153455201474000,1785153455201626000,1785153455201629000,1785153455201629000,1785153455201629000,121932490,121652369,-128.121,1.000,0.000,1.000,3.000,0.000,0.000,89.000,0,0,0
B3_zmq_pushpull,zmq_tcp,none,none,,1,18742,512,584,1785153455202452000,1785153455202452000,1785153455202452000,1785153455202453000,1785153455202610000,1785153455202612000,1785153455202612000,1785153455202612000,121932490,121652369,-123.121,0.000,0.000,1.000,2.000,0.000,0.000,5.000,0,0,0
B3_zmq_pushpull,zmq_tcp,none,none,,1,18743,512,584,1785153455203601000,1785153455203601000,1785153455203601000,1785153455203602000,1785153455203735000,1785153455203738000,1785153455203738000,1785153455203738000,121932490,121652369,-147.121,0.000,0.000,1.000,3.000,0.000,0.000,24.000,0,0,0
B3_zmq_pushpull,zmq_tcp,none,none,,1,18744,512,584,1785153455204567000,1785153455204567000,1785153455204567000,1785153455204568000,1785153455204726000,1785153455204728000,1785153455204728000,1785153455204728000,121932490,121652369,-122.121,0.000,0.000,1.000,2.000,0.000,0.000,25.000,0,0,0
B3_zmq_pushpull,zmq_tcp,none,none,,1,18745,512,584,1785153455205573000,1785153455205573000,1785153455205573000,1785153455205574000,1785153455205708000,1785153455205711000,1785153455205711000,1785153455205711000,121932490,121652369,-146.121,0.000,0.000,1.000,3.000,0.000,0.000,24.000,0,0,0
B3_zmq_pushpull,zmq_tcp,none,none,,1,18746,512,584,1785153455206570000,1785153455206570000,1785153455206570000,1785153455206571000,1785153455206679000,1785153455206682000,1785153455206682000,1785153455206682000,121932490,121652369,-172.121,0.000,0.000,1.000,3.000,0.000,0.000,26.000,0,0,0
B3_zmq_pushpull,zmq_tcp,none,none,,1,18747,512,584,1785153455207571000,1785153455207571000,1785153455207571000,1785153455207572000,1785153455207655000,1785153455207658000,1785153455207658000,1785153455207658000,121932490,121652369,-197.121,0.000,0.000,1.000,3.000,0.000,0.000,25.000,0,0,0
B3_zmq_pushpull,zmq_tcp,none,none,,1,18748,512,584,1785153455208572000,1785153455208572000,1785153455208572000,1785153455208573000,1785153455208645000,1785153455208647000,1785153455208647000,1785153455208647000,121932490,121652369,-208.121,0.000,0.000,1.000,2.000,0.000,0.000,11.000,0,0,0
B3_zmq_pushpull,zmq_tcp,none,none,,1,18749,512,584,1785153455209571000,1785153455209571000,1785153455209571000,1785153455209572000,1785153455209631000,1785153455209633000,1785153455209633000,1785153455209633000,121932490,121652369,-221.121,0.000,0.000,1.000,2.000,0.000,0.000,13.000,0,0,0
B3_zmq_pushpull,zmq_tcp,none,none,,1,18750,512,584,1785153455210463000,1785153455210463000,1785153455210463000,1785153455210465000,1785153455210619000,1785153455210622000,1785153455210622000,1785153455210622000,121932490,121652369,-126.121,0.000,0.000,2.000,3.000,0.000,0.000,95.000,0,0,0
B3_zmq_pushpull,zmq_tcp,none,none,,1,18751,512,584,1785153455211451000,1785153455211451000,1785153455211451000,1785153455211453000,1785153455211607000,1785153455211610000,1785153455211610000,1785153455211610000,121932490,121652369,-126.121,0.000,0.000,2.000,3.000,0.000,0.000,0.000,0,0,0
B3_zmq_pushpull,zmq_tcp,none,none,,1,18752,512,584,1785153455212449000,1785153455212450000,1785153455212450000,1785153455212451000,1785153455212593000,1785153455212596000,1785153455212596000,1785153455212596000,121932490,121652369,-138.121,1.000,0.000,1.000,3.000,0.000,0.000,12.000,0,0,0
B3_zmq_pushpull,zmq_tcp,none,none,,1,18753,512,584,1785153455213602000,1785153455213603000,1785153455213603000,1785153455213604000,1785153455213739000,1785153455213742000,1785153455213742000,1785153455213742000,121932490,121652369,-145.121,1.000,0.000,1.000,3.000,0.000,0.000,7.000,0,0,0
B3_zmq_pushpull,zmq_tcp,none,none,,1,18754,512,584,1785153455214440000,1785153455214440000,1785153455214440000,1785153455214441000,1785153455214595000,1785153455214598000,1785153455214598000,1785153455214598000,121932490,121652369,-126.121,0.000,0.000,1.000,3.000,0.000,0.000,19.000,0,0,0
B3_zmq_pushpull,zmq_tcp,none,none,,1,18755,512,584,1785153455215441000,1785153455215441000,1785153455215441000,1785153455215442000,1785153455215596000,1785153455215599000,1785153455215599000,1785153455215599000,121932490,121652369,-126.121,0.000,0.000,1.000,3.000,0.000,0.000,0.000,0,0,0
B3_zmq_pushpull,zmq_tcp,none,none,,1,18756,512,584,1785153455216450000,1785153455216450000,1785153455216450000,1785153455216451000,1785153455216605000,1785153455216608000,1785153455216608000,1785153455216608000,121932490,121652369,-126.121,0.000,0.000,1.000,3.000,0.000,0.000,0.000,0,0,0
B3_zmq_pushpull,zmq_tcp,none,none,,1,18757,512,584,1785153455217450000,1785153455217450000,1785153455217450000,1785153455217451000,1785153455217609000,1785153455217612000,1785153455217612000,1785153455217612000,121932490,121652369,-122.121,0.000,0.000,1.000,3.000,0.000,0.000,4.000,0,0,0
B3_zmq_pushpull,zmq_tcp,none,none,,1,18758,512,584,1785153455218602000,1785153455218602000,1785153455218602000,1785153455218603000,1785153455218749000,1785153455218752000,1785153455218752000,1785153455218752000,121932490,121652369,-134.121,0.000,0.000,1.000,3.000,0.000,0.000,12.000,0,0,0
B3_zmq_pushpull,zmq_tcp,none,none,,1,18759,512,584,1785153455219456000,1785153455219457000,1785153455219457000,1785153455219458000,1785153455219611000,1785153455219614000,1785153455219614000,1785153455219614000,121932490,121652369,-127.121,1.000,0.000,1.000,3.000,0.000,0.000,7.000,0,0,0
B3_zmq_pushpull,zmq_tcp,none,none,,1,18760,512,584,1785153455220601000,1785153455220601000,1785153455220601000,1785153455220602000,1785153455220756000,1785153455220759000,1785153455220759000,1785153455220759000,121932490,121652369,-126.121,0.000,0.000,1.000,3.000,0.000,0.000,1.000,0,0,0
B3_zmq_pushpull,zmq_tcp,none,none,,1,18761,512,584,1785153455221472000,1785153455221472000,1785153455221472000,1785153455221473000,1785153455221629000,1785153455221633000,1785153455221633000,1785153455221633000,121932490,121652369,-124.121,0.000,0.000,1.000,4.000,0.000,0.000,2.000,0,0,0
B3_zmq_pushpull,zmq_tcp,none,none,,1,18762,512,584,1785153455222599000,1785153455222599000,1785153455222599000,1785153455222600000,1785153455222649000,1785153455222653000,1785153455222653000,1785153455222653000,121932490,121652369,-231.121,0.000,0.000,1.000,4.000,0.000,0.000,107.000,0,0,0
B3_zmq_pushpull,zmq_tcp,none,none,,1,18763,512,584,1785153455223567000,1785153455223567000,1785153455223568000,1785153455223569000,1785153455223648000,1785153455223651000,1785153455223651000,1785153455223651000,121932490,121652369,-201.121,0.000,1.000,1.000,3.000,0.000,0.000,30.000,0,0,0
B3_zmq_pushpull,zmq_tcp,none,none,,1,18764,512,584,1785153455224576000,1785153455224576000,1785153455224576000,1785153455224577000,1785153455224662000,1785153455224664000,1785153455224664000,1785153455224664000,121932490,121652369,-195.121,0.000,0.000,1.000,2.000,0.000,0.000,6.000,0,0,0
B3_zmq_pushpull,zmq_tcp,none,none,,1,18765,512,584,1785153455225571000,1785153455225572000,1785153455225572000,1785153455225573000,1785153455225644000,1785153455225647000,1785153455225647000,1785153455225647000,121932490,121652369,-209.121,1.000,0.000,1.000,3.000,0.000,0.000,14.000,0,0,0
B3_zmq_pushpull,zmq_tcp,none,none,,1,18766,512,584,1785153455226573000,1785153455226573000,1785153455226573000,1785153455226574000,1785153455226660000,1785153455226663000,1785153455226663000,1785153455226663000,121932490,121652369,-194.121,0.000,0.000,1.000,3.000,0.000,0.000,15.000,0,0,0
B3_zmq_pushpull,zmq_tcp,none,none,,1,18767,512,584,1785153455227573000,1785153455227573000,1785153455227573000,1785153455227574000,1785153455227648000,1785153455227651000,1785153455227651000,1785153455227651000,121932490,121652369,-206.121,0.000,0.000,1.000,3.000,0.000,0.000,12.000,0,0,0
B3_zmq_pushpull,zmq_tcp,none,none,,1,18768,512,584,1785153455228573000,1785153455228573000,1785153455228573000,1785153455228574000,1785153455228635000,1785153455228638000,1785153455228638000,1785153455228638000,121932490,121652369,-219.121,0.000,0.000,1.000,3.000,0.000,0.000,13.000,0,0,0
B3_zmq_pushpull,zmq_tcp,none,none,,1,18769,512,584,1785153455229571000,1785153455229571000,1785153455229571000,1785153455229572000,1785153455229622000,1785153455229625000,1785153455229625000,1785153455229625000,121932490,121652369,-230.121,0.000,0.000,1.000,3.000,0.000,0.000,11.000,0,0,0
B3_zmq_pushpull,zmq_tcp,none,none,,1,18770,512,584,1785153455230575000,1785153455230575000,1785153455230575000,1785153455230576000,1785153455230635000,1785153455230637000,1785153455230637000,1785153455230637000,121932490,121652369,-221.121,0.000,0.000,1.000,2.000,0.000,0.000,9.000,0,0,0
B3_zmq_pushpull,zmq_tcp,none,none,,1,18771,512,584,1785153455231573000,1785153455231573000,1785153455231573000,1785153455231574000,1785153455231652000,1785153455231655000,1785153455231655000,1785153455231655000,121932490,121652369,-202.121,0.000,0.000,1.000,3.000,0.000,0.000,19.000,0,0,0
B3_zmq_pushpull,zmq_tcp,none,none,,1,18772,512,584,1785153455232574000,1785153455232574000,1785153455232574000,1785153455232575000,1785153455232654000,1785153455232656000,1785153455232656000,1785153455232656000,121932490,121652369,-201.121,0.000,0.000,1.000,2.000,0.000,0.000,1.000,0,0,0
B3_zmq_pushpull,zmq_tcp,none,none,,1,18773,512,584,1785153455233572000,1785153455233572000,1785153455233572000,1785153455233573000,1785153455233667000,1785153455233670000,1785153455233670000,1785153455233670000,121932490,121652369,-186.121,0.000,0.000,1.000,3.000,0.000,0.000,15.000,0,0,0
B3_zmq_pushpull,zmq_tcp,none,none,,1,18774,512,584,1785153455234573000,1785153455234573000,1785153455234573000,1785153455234574000,1785153455234634000,1785153455234637000,1785153455234637000,1785153455234637000,121932490,121652369,-220.121,0.000,0.000,1.000,3.000,0.000,0.000,34.000,0,0,0
B3_zmq_pushpull,zmq_tcp,none,none,,1,18775,512,584,1785153455235573000,1785153455235573000,1785153455235573000,1785153455235574000,1785153455235616000,1785153455235619000,1785153455235619000,1785153455235619000,121932490,121652369,-238.121,0.000,0.000,1.000,3.000,0.000,0.000,18.000,0,0,0
B3_zmq_pushpull,zmq_tcp,none,none,,1,18776,512,584,1785153455236482000,1785153455236482000,1785153455236482000,1785153455236483000,1785153455236645000,1785153455236653000,1785153455236653000,1785153455236653000,121932490,121652369,-118.121,0.000,0.000,1.000,8.000,0.000,0.000,120.000,0,0,0
B3_zmq_pushpull,zmq_tcp,none,none,,1,18777,512,584,1785153455237592000,1785153455237592000,1785153455237592000,1785153455237593000,1785153455237787000,1785153455237789000,1785153455237790000,1785153455237790000,121932490,121652369,-86.121,0.000,0.000,1.000,2.000,1.000,0.000,32.000,0,0,0
B3_zmq_pushpull,zmq_tcp,none,none,,1,18778,512,584,1785153455238570000,1785153455238570000,1785153455238570000,1785153455238571000,1785153455238639000,1785153455238642000,1785153455238642000,1785153455238642000,121932490,121652369,-212.121,0.000,0.000,1.000,3.000,0.000,0.000,126.000,0,0,0
B3_zmq_pushpull,zmq_tcp,none,none,,1,18779,512,584,1785153455239574000,1785153455239574000,1785153455239574000,1785153455239575000,1785153455239650000,1785153455239652000,1785153455239652000,1785153455239652000,121932490,121652369,-205.121,0.000,0.000,1.000,2.000,0.000,0.000,7.000,0,0,0
B3_zmq_pushpull,zmq_tcp,none,none,,1,18780,512,584,1785153455240569000,1785153455240569000,1785153455240569000,1785153455240570000,1785153455240633000,1785153455240636000,1785153455240636000,1785153455240636000,121932490,121652369,-217.121,0.000,0.000,1.000,3.000,0.000,0.000,12.000,0,0,0
B3_zmq_pushpull,zmq_tcp,none,none,,1,18781,512,584,1785153455241574000,1785153455241574000,1785153455241574000,1785153455241575000,1785153455241629000,1785153455241631000,1785153455241631000,1785153455241631000,121932490,121652369,-226.121,0.000,0.000,1.000,2.000,0.000,0.000,9.000,0,0,0
B3_zmq_pushpull,zmq_tcp,none,none,,1,18782,512,584,1785153455242573000,1785153455242573000,1785153455242573000,1785153455242574000,1785153455242614000,1785153455242618000,1785153455242618000,1785153455242618000,121932490,121652369,-240.121,0.000,0.000,1.000,4.000,0.000,0.000,14.000,0,0,0
B3_zmq_pushpull,zmq_tcp,none,none,,1,18783,512,584,1785153455243468000,1785153455243469000,1785153455243469000,1785153455243470000,1785153455243624000,1785153455243627000,1785153455243627000,1785153455243627000,121932490,121652369,-126.121,1.000,0.000,1.000,3.000,0.000,0.000,114.000,0,0,0
B3_zmq_pushpull,zmq_tcp,none,none,,1,18784,512,584,1785153455244595000,1785153455244596000,1785153455244596000,1785153455244597000,1785153455244774000,1785153455244778000,1785153455244778000,1785153455244778000,121932490,121652369,-103.121,1.000,0.000,1.000,4.000,0.000,0.000,23.000,0,0,0
B3_zmq_pushpull,zmq_tcp,none,none,,1,18785,512,584,1785153455245570000,1785153455245570000,1785153455245570000,1785153455245571000,1785153455245639000,1785153455245642000,1785153455245642000,1785153455245643000,121932490,121652369,-212.121,0.000,0.000,1.000,3.000,0.000,1.000,109.000,0,0,0
B3_zmq_pushpull,zmq_tcp,none,none,,1,18786,512,584,1785153455246575000,1785153455246575000,1785153455246575000,1785153455246576000,1785153455246636000,1785153455246639000,1785153455246639000,1785153455246639000,121932490,121652369,-220.121,0.000,0.000,1.000,3.000,0.000,0.000,8.000,0,0,0
B3_zmq_pushpull,zmq_tcp,none,none,,1,18787,512,584,1785153455247572000,1785153455247572000,1785153455247572000,1785153455247573000,1785153455247644000,1785153455247647000,1785153455247648000,1785153455247648000,121932490,121652369,-209.121,0.000,0.000,1.000,3.000,1.000,0.000,11.000,0,0,0
B3_zmq_pushpull,zmq_tcp,none,none,,1,18788,512,584,1785153455248488000,1785153455248488000,1785153455248488000,1785153455248489000,1785153455248642000,1785153455248645000,1785153455248645000,1785153455248645000,121932490,121652369,-127.121,0.000,0.000,1.000,3.000,0.000,0.000,82.000,0,0,0
B3_zmq_pushpull,zmq_tcp,none,none,,1,18789,512,584,1785153455249493000,1785153455249493000,1785153455249493000,1785153455249494000,1785153455249639000,1785153455249641000,1785153455249642000,1785153455249642000,121932490,121652369,-135.121,0.000,0.000,1.000,2.000,1.000,0.000,8.000,0,0,0
B3_zmq_pushpull,zmq_tcp,none,none,,1,18790,512,584,1785153455250593000,1785153455250593000,1785153455250593000,1785153455250594000,1785153455250648000,1785153455250652000,1785153455250652000,1785153455250652000,121932490,121652369,-226.121,0.000,0.000,1.000,4.000,0.000,0.000,91.000,0,0,0
B3_zmq_pushpull,zmq_tcp,none,none,,1,18791,512,584,1785153455251494000,1785153455251495000,1785153455251495000,1785153455251496000,1785153455251647000,1785153455251650000,1785153455251650000,1785153455251650000,121932490,121652369,-129.121,1.000,0.000,1.000,3.000,0.000,0.000,97.000,0,0,0
B3_zmq_pushpull,zmq_tcp,none,none,,1,18792,512,584,1785153455252494000,1785153455252495000,1785153455252495000,1785153455252496000,1785153455252652000,1785153455252655000,1785153455252655000,1785153455252655000,121932490,121652369,-124.121,1.000,0.000,1.000,3.000,0.000,0.000,5.000,0,0,0
B3_zmq_pushpull,zmq_tcp,none,none,,1,18793,512,584,1785153455253500000,1785153455253500000,1785153455253500000,1785153455253501000,1785153455253650000,1785153455253652000,1785153455253652000,1785153455253652000,121932490,121652369,-131.121,0.000,0.000,1.000,2.000,0.000,0.000,7.000,0,0,0
B3_zmq_pushpull,zmq_tcp,none,none,,1,18794,512,584,1785153455254592000,1785153455254592000,1785153455254592000,1785153455254593000,1785153455254648000,1785153455254651000,1785153455254651000,1785153455254651000,121932490,121652369,-225.121,0.000,0.000,1.000,3.000,0.000,0.000,94.000,0,0,0
B3_zmq_pushpull,zmq_tcp,none,none,,1,18795,512,584,1785153455255482000,1785153455255482000,1785153455255482000,1785153455255483000,1785153455255626000,1785153455255629000,1785153455255629000,1785153455255629000,121932490,121652369,-137.121,0.000,0.000,1.000,3.000,0.000,0.000,88.000,0,0,0
B3_zmq_pushpull,zmq_tcp,none,none,,1,18796,512,584,1785153455256443000,1785153455256443000,1785153455256443000,1785153455256444000,1785153455256598000,1785153455256600000,1785153455256600000,1785153455256600000,121932490,121652369,-126.121,0.000,0.000,1.000,2.000,0.000,0.000,11.000,0,0,0
B3_zmq_pushpull,zmq_tcp,none,none,,1,18797,512,584,1785153455257605000,1785153455257606000,1785153455257606000,1785153455257607000,1785153455257732000,1785153455257735000,1785153455257735000,1785153455257735000,121932490,121652369,-155.121,1.000,0.000,1.000,3.000,0.000,0.000,29.000,0,0,0
B3_zmq_pushpull,zmq_tcp,none,none,,1,18798,512,584,1785153455258565000,1785153455258565000,1785153455258565000,1785153455258566000,1785153455258731000,1785153455258734000,1785153455258734000,1785153455258734000,121932490,121652369,-115.121,0.000,0.000,1.000,3.000,0.000,0.000,40.000,0,0,0
B3_zmq_pushpull,zmq_tcp,none,none,,1,18799,512,584,1785153455259436000,1785153455259436000,1785153455259436000,1785153455259437000,1785153455259589000,1785153455259592000,1785153455259592000,1785153455259592000,121932490,121652369,-128.121,0.000,0.000,1.000,3.000,0.000,0.000,13.000,0,0,0
B3_zmq_pushpull,zmq_tcp,none,none,,1,18800,512,584,1785153455260422000,1785153455260423000,1785153455260423000,1785153455260424000,1785153455260580000,1785153455260583000,1785153455260583000,1785153455260583000,121932490,121652369,-124.121,1.000,0.000,1.000,3.000,0.000,0.000,4.000,0,0,0
B3_zmq_pushpull,zmq_tcp,none,none,,1,18801,512,584,1785153455261435000,1785153455261435000,1785153455261435000,1785153455261436000,1785153455261590000,1785153455261592000,1785153455261592000,1785153455261592000,121932490,121652369,-126.121,0.000,0.000,1.000,2.000,0.000,0.000,2.000,0,0,0
B3_zmq_pushpull,zmq_tcp,none,none,,1,18802,512,584,1785153455262440000,1785153455262440000,1785153455262440000,1785153455262441000,1785153455262594000,1785153455262596000,1785153455262596000,1785153455262596000,121932490,121652369,-127.121,0.000,0.000,1.000,2.000,0.000,0.000,1.000,0,0,0
B3_zmq_pushpull,zmq_tcp,none,none,,1,18803,512,584,1785153455263445000,1785153455263445000,1785153455263445000,1785153455263446000,1785153455263599000,1785153455263602000,1785153455263602000,1785153455263602000,121932490,121652369,-127.121,0.000,0.000,1.000,3.000,0.000,0.000,0.000,0,0,0
B3_zmq_pushpull,zmq_tcp,none,none,,1,18804,512,584,1785153455264437000,1785153455264437000,1785153455264437000,1785153455264438000,1785153455264586000,1785153455264589000,1785153455264589000,1785153455264589000,121932490,121652369,-132.121,0.000,0.000,1.000,3.000,0.000,0.000,5.000,0,0,0
B3_zmq_pushpull,zmq_tcp,none,none,,1,18805,512,584,1785153455265444000,1785153455265444000,1785153455265444000,1785153455265445000,1785153455265599000,1785153455265602000,1785153455265602000,1785153455265602000,121932490,121652369,-126.121,0.000,0.000,1.000,3.000,0.000,0.000,6.000,0,0,0
B3_zmq_pushpull,zmq_tcp,none,none,,1,18806,512,584,1785153455266443000,1785153455266443000,1785153455266443000,1785153455266444000,1785153455266602000,1785153455266604000,1785153455266604000,1785153455266604000,121932490,121652369,-122.121,0.000,0.000,1.000,2.000,0.000,0.000,4.000,0,0,0
B3_zmq_pushpull,zmq_tcp,none,none,,1,18807,512,584,1785153455267605000,1785153455267605000,1785153455267605000,1785153455267606000,1785153455267742000,1785153455267744000,1785153455267744000,1785153455267744000,121932490,121652369,-144.121,0.000,0.000,1.000,2.000,0.000,0.000,22.000,0,0,0
B3_zmq_pushpull,zmq_tcp,none,none,,1,18808,512,584,1785153455268565000,1785153455268565000,1785153455268565000,1785153455268566000,1785153455268596000,1785153455268599000,1785153455268599000,1785153455268599000,121932490,121652369,-250.121,0.000,0.000,1.000,3.000,0.000,0.000,106.000,0,0,0
B3_zmq_pushpull,zmq_tcp,none,none,,1,18809,512,584,1785153455269575000,1785153455269575000,1785153455269575000,1785153455269576000,1785153455269715000,1785153455269718000,1785153455269718000,1785153455269718000,121932490,121652369,-141.121,0.000,0.000,1.000,3.000,0.000,0.000,109.000,0,0,0
B3_zmq_pushpull,zmq_tcp,none,none,,1,18810,512,584,1785153455270572000,1785153455270573000,1785153455270573000,1785153455270574000,1785153455270710000,1785153455270712000,1785153455270712000,1785153455270712000,121932490,121652369,-144.121,1.000,0.000,1.000,2.000,0.000,0.000,3.000,0,0,0
B3_zmq_pushpull,zmq_tcp,none,none,,1,18811,512,584,1785153455271572000,1785153455271572000,1785153455271572000,1785153455271573000,1785153455271727000,1785153455271730000,1785153455271730000,1785153455271730000,121932490,121652369,-126.121,0.000,0.000,1.000,3.000,0.000,0.000,18.000,0,0,0
B3_zmq_pushpull,zmq_tcp,none,none,,1,18812,512,584,1785153455272418000,1785153455272419000,1785153455272419000,1785153455272420000,1785153455272574000,1785153455272576000,1785153455272576000,1785153455272576000,121932490,121652369,-126.121,1.000,0.000,1.000,2.000,0.000,0.000,0.000,0,0,0
B3_zmq_pushpull,zmq_tcp,none,none,,1,18813,512,584,1785153455273421000,1785153455273421000,1785153455273421000,1785153455273422000,1785153455273572000,1785153455273575000,1785153455273575000,1785153455273575000,121932490,121652369,-130.121,0.000,0.000,1.000,3.000,0.000,0.000,4.000,0,0,0
B3_zmq_pushpull,zmq_tcp,none,none,,1,18814,512,584,1785153455274429000,1785153455274430000,1785153455274430000,1785153455274431000,1785153455274590000,1785153455274592000,1785153455274592000,1785153455274592000,121932490,121652369,-121.121,1.000,0.000,1.000,2.000,0.000,0.000,9.000,0,0,0
B3_zmq_pushpull,zmq_tcp,none,none,,1,18815,512,584,1785153455275609000,1785153455275609000,1785153455275609000,1785153455275610000,1785153455275719000,1785153455275722000,1785153455275722000,1785153455275722000,121932490,121652369,-171.121,0.000,0.000,1.000,3.000,0.000,0.000,50.000,0,0,0
B3_zmq_pushpull,zmq_tcp,none,none,,1,18816,512,584,1785153455276561000,1785153455276561000,1785153455276561000,1785153455276562000,1785153455276726000,1785153455276728000,1785153455276728000,1785153455276728000,121932490,121652369,-116.121,0.000,0.000,1.000,2.000,0.000,0.000,55.000,0,0,0
B3_zmq_pushpull,zmq_tcp,none,none,,1,18817,512,584,1785153455277436000,1785153455277436000,1785153455277436000,1785153455277437000,1785153455277580000,1785153455277583000,1785153455277583000,1785153455277583000,121932490,121652369,-137.121,0.000,0.000,1.000,3.000,0.000,0.000,21.000,0,0,0
B3_zmq_pushpull,zmq_tcp,none,none,,1,18818,512,584,1785153455278608000,1785153455278608000,1785153455278608000,1785153455278609000,1785153455278711000,1785153455278713000,1785153455278713000,1785153455278713000,121932490,121652369,-178.121,0.000,0.000,1.000,2.000,0.000,0.000,41.000,0,0,0
B3_zmq_pushpull,zmq_tcp,none,none,,1,18819,512,584,1785153455279568000,1785153455279569000,1785153455279569000,1785153455279569000,1785153455279711000,1785153455279714000,1785153455279714000,1785153455279714000,121932490,121652369,-138.121,1.000,0.000,0.000,3.000,0.000,0.000,40.000,0,0,0
B3_zmq_pushpull,zmq_tcp,none,none,,1,18820,512,584,1785153455280573000,1785153455280573000,1785153455280573000,1785153455280574000,1785153455280711000,1785153455280714000,1785153455280714000,1785153455280714000,121932490,121652369,-143.121,0.000,0.000,1.000,3.000,0.000,0.000,5.000,0,0,0
B3_zmq_pushpull,zmq_tcp,none,none,,1,18821,512,584,1785153455281574000,1785153455281575000,1785153455281575000,1785153455281576000,1785153455281715000,1785153455281718000,1785153455281718000,1785153455281718000,121932490,121652369,-141.121,1.000,0.000,1.000,3.000,0.000,0.000,2.000,0,0,0
B3_zmq_pushpull,zmq_tcp,none,none,,1,18822,512,584,1785153455282572000,1785153455282572000,1785153455282572000,1785153455282573000,1785153455282714000,1785153455282716000,1785153455282716000,1785153455282716000,121932490,121652369,-139.121,0.000,0.000,1.000,2.000,0.000,0.000,2.000,0,0,0
B3_zmq_pushpull,zmq_tcp,none,none,,1,18823,512,584,1785153455283570000,1785153455283570000,1785153455283570000,1785153455283571000,1785153455283708000,1785153455283711000,1785153455283711000,1785153455283711000,121932490,121652369,-143.121,0.000,0.000,1.000,3.000,0.000,0.000,4.000,0,0,0
B3_zmq_pushpull,zmq_tcp,none,none,,1,18824,512,584,1785153455284573000,1785153455284573000,1785153455284574000,1785153455284574000,1785153455284715000,1785153455284718000,1785153455284718000,1785153455284718000,121932490,121652369,-139.121,0.000,1.000,0.000,3.000,0.000,0.000,4.000,0,0,0
B3_zmq_pushpull,zmq_tcp,none,none,,1,18825,512,584,1785153455285572000,1785153455285572000,1785153455285572000,1785153455285573000,1785153455285735000,1785153455285738000,1785153455285738000,1785153455285738000,121932490,121652369,-118.121,0.000,0.000,1.000,3.000,0.000,0.000,21.000,0,0,0
B3_zmq_pushpull,zmq_tcp,none,none,,1,18826,512,584,1785153455286573000,1785153455286573000,1785153455286573000,1785153455286574000,1785153455286735000,1785153455286737000,1785153455286737000,1785153455286737000,121932490,121652369,-119.121,0.000,0.000,1.000,2.000,0.000,0.000,1.000,0,0,0
B3_zmq_pushpull,zmq_tcp,none,none,,1,18827,512,584,1785153455287573000,1785153455287573000,1785153455287573000,1785153455287574000,1785153455287740000,1785153455287743000,1785153455287743000,1785153455287743000,121932490,121652369,-114.121,0.000,0.000,1.000,3.000,0.000,0.000,5.000,0,0,0
B3_zmq_pushpull,zmq_tcp,none,none,,1,18828,512,584,1785153455288573000,1785153455288573000,1785153455288573000,1785153455288574000,1785153455288736000,1785153455288740000,1785153455288740000,1785153455288740000,121932490,121652369,-118.121,0.000,0.000,1.000,4.000,0.000,0.000,4.000,0,0,0
B3_zmq_pushpull,zmq_tcp,none,none,,1,18829,512,584,1785153455289441000,1785153455289441000,1785153455289441000,1785153455289442000,1785153455289584000,1785153455289587000,1785153455289587000,1785153455289587000,121932490,121652369,-138.121,0.000,0.000,1.000,3.000,0.000,0.000,20.000,0,0,0
B3_zmq_pushpull,zmq_tcp,none,none,,1,18830,512,584,1785153455290606000,1785153455290606000,1785153455290606000,1785153455290607000,1785153455290730000,1785153455290732000,1785153455290732000,1785153455290732000,121932490,121652369,-157.121,0.000,0.000,1.000,2.000,0.000,0.000,19.000,0,0,0
B3_zmq_pushpull,zmq_tcp,none,none,,1,18831,512,584,1785153455291563000,1785153455291563000,1785153455291563000,1785153455291564000,1785153455291735000,1785153455291738000,1785153455291738000,1785153455291738000,121932490,121652369,-109.121,0.000,0.000,1.000,3.000,0.000,0.000,48.000,0,0,0
B3_zmq_pushpull,zmq_tcp,none,none,,1,18832,512,584,1785153455292576000,1785153455292576000,1785153455292576000,1785153455292577000,1785153455292746000,1785153455292748000,1785153455292749000,1785153455292749000,121932490,121652369,-111.121,0.000,0.000,1.000,2.000,1.000,0.000,2.000,0,0,0
B3_zmq_pushpull,zmq_tcp,none,none,,1,18833,512,584,1785153455293574000,1785153455293574000,1785153455293574000,1785153455293575000,1785153455293764000,1785153455293767000,1785153455293767000,1785153455293767000,121932490,121652369,-91.121,0.000,0.000,1.000,3.000,0.000,0.000,20.000,0,0,0
B3_zmq_pushpull,zmq_tcp,none,none,,1,18834,512,584,1785153455294573000,1785153455294573000,1785153455294573000,1785153455294574000,1785153455294645000,1785153455294648000,1785153455294648000,1785153455294648000,121932490,121652369,-209.121,0.000,0.000,1.000,3.000,0.000,0.000,118.000,0,0,0
B3_zmq_pushpull,zmq_tcp,none,none,,1,18835,512,584,1785153455295571000,1785153455295571000,1785153455295571000,1785153455295572000,1785153455295646000,1785153455295649000,1785153455295649000,1785153455295649000,121932490,121652369,-206.121,0.000,0.000,1.000,3.000,0.000,0.000,3.000,0,0,0
B3_zmq_pushpull,zmq_tcp,none,none,,1,18836,512,584,1785153455296575000,1785153455296575000,1785153455296575000,1785153455296576000,1785153455296621000,1785153455296625000,1785153455296625000,1785153455296625000,121932490,121652369,-235.121,0.000,0.000,1.000,4.000,0.000,0.000,29.000,0,0,0
B3_zmq_pushpull,zmq_tcp,none,none,,1,18837,512,584,1785153455297573000,1785153455297573000,1785153455297573000,1785153455297574000,1785153455297631000,1785153455297634000,1785153455297634000,1785153455297634000,121932490,121652369,-223.121,0.000,0.000,1.000,3.000,0.000,0.000,12.000,0,0,0
B3_zmq_pushpull,zmq_tcp,none,none,,1,18838,512,584,1785153455298573000,1785153455298573000,1785153455298573000,1785153455298574000,1785153455298628000,1785153455298632000,1785153455298632000,1785153455298632000,121932490,121652369,-226.121,0.000,0.000,1.000,4.000,0.000,0.000,3.000,0,0,0
B3_zmq_pushpull,zmq_tcp,none,none,,1,18839,512,584,1785153455299572000,1785153455299572000,1785153455299572000,1785153455299573000,1785153455299746000,1785153455299748000,1785153455299748000,1785153455299748000,121932490,121652369,-107.121,0.000,0.000,1.000,2.000,0.000,0.000,119.000,0,0,0
B3_zmq_pushpull,zmq_tcp,none,none,,1,18840,512,584,1785153455300573000,1785153455300573000,1785153455300573000,1785153455300574000,1785153455300757000,1785153455300759000,1785153455300759000,1785153455300759000,121932490,121652369,-97.121,0.000,0.000,1.000,2.000,0.000,0.000,10.000,0,0,0
B3_zmq_pushpull,zmq_tcp,none,none,,1,18841,512,584,1785153455301574000,1785153455301574000,1785153455301574000,1785153455301575000,1785153455301768000,1785153455301771000,1785153455301771000,1785153455301771000,121932490,121652369,-87.121,0.000,0.000,1.000,3.000,0.000,0.000,10.000,0,0,0
B3_zmq_pushpull,zmq_tcp,none,none,,1,18842,512,584,1785153455302569000,1785153455302569000,1785153455302569000,1785153455302570000,1785153455302639000,1785153455302642000,1785153455302642000,1785153455302642000,121932490,121652369,-211.121,0.000,0.000,1.000,3.000,0.000,0.000,124.000,0,0,0
B3_zmq_pushpull,zmq_tcp,none,none,,1,18843,512,584,1785153455303574000,1785153455303574000,1785153455303574000,1785153455303575000,1785153455303647000,1785153455303650000,1785153455303650000,1785153455303650000,121932490,121652369,-208.121,0.000,0.000,1.000,3.000,0.000,0.000,3.000,0,0,0
B3_zmq_pushpull,zmq_tcp,none,none,,1,18844,512,584,1785153455304573000,1785153455304573000,1785153455304573000,1785153455304574000,1785153455304642000,1785153455304644000,1785153455304644000,1785153455304644000,121932490,121652369,-212.121,0.000,0.000,1.000,2.000,0.000,0.000,4.000,0,0,0
B3_zmq_pushpull,zmq_tcp,none,none,,1,18845,512,584,1785153455305573000,1785153455305573000,1785153455305573000,1785153455305574000,1785153455305634000,1785153455305637000,1785153455305637000,1785153455305637000,121932490,121652369,-220.121,0.000,0.000,1.000,3.000,0.000,0.000,8.000,0,0,0
B3_zmq_pushpull,zmq_tcp,none,none,,1,18846,512,584,1785153455306570000,1785153455306570000,1785153455306570000,1785153455306571000,1785153455306644000,1785153455306647000,1785153455306647000,1785153455306647000,121932490,121652369,-207.121,0.000,0.000,1.000,3.000,0.000,0.000,13.000,0,0,0
B3_zmq_pushpull,zmq_tcp,none,none,,1,18847,512,584,1785153455307577000,1785153455307577000,1785153455307577000,1785153455307578000,1785153455307646000,1785153455307649000,1785153455307649000,1785153455307649000,121932490,121652369,-212.121,0.000,0.000,1.000,3.000,0.000,0.000,5.000,0,0,0
B3_zmq_pushpull,zmq_tcp,none,none,,1,18848,512,584,1785153455308574000,1785153455308574000,1785153455308574000,1785153455308575000,1785153455308774000,1785153455308777000,1785153455308777000,1785153455308777000,121932490,121652369,-81.121,0.000,0.000,1.000,3.000,0.000,0.000,131.000,0,0,0
B3_zmq_pushpull,zmq_tcp,none,none,,1,18849,512,584,1785153455309479000,1785153455309479000,1785153455309479000,1785153455309480000,1785153455309631000,1785153455309633000,1785153455309633000,1785153455309633000,121932490,121652369,-129.121,0.000,0.000,1.000,2.000,0.000,0.000,48.000,0,0,0
B3_zmq_pushpull,zmq_tcp,none,none,,1,18850,512,584,1785153455310597000,1785153455310597000,1785153455310597000,1785153455310598000,1785153455310639000,1785153455310643000,1785153455310643000,1785153455310643000,121932490,121652369,-239.121,0.000,0.000,1.000,4.000,0.000,0.000,110.000,0,0,0
B3_zmq_pushpull,zmq_tcp,none,none,,1,18851,512,584,1785153455311568000,1785153455311568000,1785153455311568000,1785153455311569000,1785153455311647000,1785153455311650000,1785153455311650000,1785153455311650000,121932490,121652369,-202.121,0.000,0.000,1.000,3.000,0.000,0.000,37.000,0,0,0
B3_zmq_pushpull,zmq_tcp,none,none,,1,18852,512,584,1785153455312575000,1785153455312575000,1785153455312575000,1785153455312576000,1785153455312623000,1785153455312626000,1785153455312626000,1785153455312626000,121932490,121652369,-233.121,0.000,0.000,1.000,3.000,0.000,0.000,31.000,0,0,0
B3_zmq_pushpull,zmq_tcp,none,none,,1,18853,512,584,1785153455313574000,1785153455313574000,1785153455313574000,1785153455313575000,1785153455313767000,1785153455313770000,1785153455313770000,1785153455313770000,121932490,121652369,-88.121,0.000,0.000,1.000,3.000,0.000,0.000,145.000,0,0,0
B3_zmq_pushpull,zmq_tcp,none,none,,1,18854,512,584,1785153455314573000,1785153455314573000,1785153455314573000,1785153455314574000,1785153455314639000,1785153455314642000,1785153455314642000,1785153455314642000,121932490,121652369,-215.121,0.000,0.000,1.000,3.000,0.000,0.000,127.000,0,0,0
B3_zmq_pushpull,zmq_tcp,none,none,,1,18855,512,584,1785153455315576000,1785153455315576000,1785153455315576000,1785153455315577000,1785153455315793000,1785153455315795000,1785153455315795000,1785153455315795000,121932490,121652369,-64.121,0.000,0.000,1.000,2.000,0.000,0.000,151.000,0,0,0
B3_zmq_pushpull,zmq_tcp,none,none,,1,18856,512,584,1785153455316569000,1785153455316569000,1785153455316569000,1785153455316570000,1785153455316655000,1785153455316658000,1785153455316658000,1785153455316658000,121932490,121652369,-195.121,0.000,0.000,1.000,3.000,0.000,0.000,131.000,0,0,0
B3_zmq_pushpull,zmq_tcp,none,none,,1,18857,512,584,1785153455317495000,1785153455317495000,1785153455317495000,1785153455317496000,1785153455317651000,1785153455317654000,1785153455317654000,1785153455317654000,121932490,121652369,-125.121,0.000,0.000,1.000,3.000,0.000,0.000,70.000,0,0,0
B3_zmq_pushpull,zmq_tcp,none,none,,1,18858,512,584,1785153455318492000,1785153455318492000,1785153455318492000,1785153455318493000,1785153455318637000,1785153455318640000,1785153455318640000,1785153455318640000,121932490,121652369,-136.121,0.000,0.000,1.000,3.000,0.000,0.000,11.000,0,0,0
B3_zmq_pushpull,zmq_tcp,none,none,,1,18859,512,584,1785153455319479000,1785153455319479000,1785153455319479000,1785153455319480000,1785153455319639000,1785153455319642000,1785153455319642000,1785153455319642000,121932490,121652369,-121.121,0.000,0.000,1.000,3.000,0.000,0.000,15.000,0,0,0
B3_zmq_pushpull,zmq_tcp,none,none,,1,18860,512,584,1785153455320487000,1785153455320487000,1785153455320487000,1785153455320488000,1785153455320635000,1785153455320637000,1785153455320637000,1785153455320637000,121932490,121652369,-133.121,0.000,0.000,1.000,2.000,0.000,0.000,12.000,0,0,0
B3_zmq_pushpull,zmq_tcp,none,none,,1,18861,512,584,1785153455321597000,1785153455321597000,1785153455321597000,1785153455321598000,1785153455321656000,1785153455321660000,1785153455321660000,1785153455321660000,121932490,121652369,-222.121,0.000,0.000,1.000,4.000,0.000,0.000,89.000,0,0,0
B3_zmq_pushpull,zmq_tcp,none,none,,1,18862,512,584,1785153455322505000,1785153455322505000,1785153455322505000,1785153455322506000,1785153455322663000,1785153455322666000,1785153455322666000,1785153455322666000,121932490,121652369,-123.121,0.000,0.000,1.000,3.000,0.000,0.000,99.000,0,0,0
B3_zmq_pushpull,zmq_tcp,none,none,,1,18863,512,584,1785153455323590000,1785153455323590000,1785153455323590000,1785153455323591000,1785153455323666000,1785153455323669000,1785153455323669000,1785153455323669000,121932490,121652369,-205.121,0.000,0.000,1.000,3.000,0.000,0.000,82.000,0,0,0
B3_zmq_pushpull,zmq_tcp,none,none,,1,18864,512,584,1785153455324570000,1785153455324570000,1785153455324570000,1785153455324571000,1785153455324673000,1785153455324675000,1785153455324675000,1785153455324675000,121932490,121652369,-178.121,0.000,0.000,1.000,2.000,0.000,0.000,27.000,0,0,0
B3_zmq_pushpull,zmq_tcp,none,none,,1,18865,512,584,1785153455325574000,1785153455325574000,1785153455325575000,1785153455325575000,1785153455325670000,1785153455325673000,1785153455325673000,1785153455325673000,121932490,121652369,-185.121,0.000,1.000,0.000,3.000,0.000,0.000,7.000,0,0,0
B3_zmq_pushpull,zmq_tcp,none,none,,1,18866,512,584,1785153455326569000,1785153455326569000,1785153455326569000,1785153455326570000,1785153455326669000,1785153455326672000,1785153455326672000,1785153455326672000,121932490,121652369,-181.121,0.000,0.000,1.000,3.000,0.000,0.000,4.000,0,0,0
B3_zmq_pushpull,zmq_tcp,none,none,,1,18867,512,584,1785153455327574000,1785153455327574000,1785153455327574000,1785153455327575000,1785153455327689000,1785153455327691000,1785153455327691000,1785153455327691000,121932490,121652369,-166.121,0.000,0.000,1.000,2.000,0.000,0.000,15.000,0,0,0
B3_zmq_pushpull,zmq_tcp,none,none,,1,18868,512,584,1785153455328577000,1785153455328577000,1785153455328577000,1785153455328578000,1785153455328667000,1785153455328670000,1785153455328670000,1785153455328670000,121932490,121652369,-191.121,0.000,0.000,1.000,3.000,0.000,0.000,25.000,0,0,0
B3_zmq_pushpull,zmq_tcp,none,none,,1,18869,512,584,1785153455329572000,1785153455329572000,1785153455329572000,1785153455329573000,1785153455329675000,1785153455329678000,1785153455329678000,1785153455329678000,121932490,121652369,-178.121,0.000,0.000,1.000,3.000,0.000,0.000,13.000,0,0,0
B3_zmq_pushpull,zmq_tcp,none,none,,1,18870,512,584,1785153455330573000,1785153455330573000,1785153455330573000,1785153455330574000,1785153455330674000,1785153455330677000,1785153455330677000,1785153455330677000,121932490,121652369,-180.121,0.000,0.000,1.000,3.000,0.000,0.000,2.000,0,0,0
B3_zmq_pushpull,zmq_tcp,none,none,,1,18871,512,584,1785153455331573000,1785153455331573000,1785153455331573000,1785153455331574000,1785153455331669000,1785153455331671000,1785153455331671000,1785153455331671000,121932490,121652369,-185.121,0.000,0.000,1.000,2.000,0.000,0.000,5.000,0,0,0
B3_zmq_pushpull,zmq_tcp,none,none,,1,18872,512,584,1785153455332573000,1785153455332573000,1785153455332573000,1785153455332574000,1785153455332665000,1785153455332667000,1785153455332667000,1785153455332667000,121932490,121652369,-189.121,0.000,0.000,1.000,2.000,0.000,0.000,4.000,0,0,0
B3_zmq_pushpull,zmq_tcp,none,none,,1,18873,512,584,1785153455333570000,1785153455333571000,1785153455333571000,1785153455333572000,1785153455333634000,1785153455333637000,1785153455333637000,1785153455333637000,121932490,121652369,-218.121,1.000,0.000,1.000,3.000,0.000,0.000,29.000,0,0,0
B3_zmq_pushpull,zmq_tcp,none,none,,1,18874,512,584,1785153455334464000,1785153455334464000,1785153455334464000,1785153455334465000,1785153455334623000,1785153455334626000,1785153455334626000,1785153455334626000,121932490,121652369,-122.121,0.000,0.000,1.000,3.000,0.000,0.000,96.000,0,0,0
B3_zmq_pushpull,zmq_tcp,none,none,,1,18875,512,584,1785153455335601000,1785153455335601000,1785153455335601000,1785153455335602000,1785153455335769000,1785153455335771000,1785153455335771000,1785153455335771000,121932490,121652369,-113.121,0.000,0.000,1.000,2.000,0.000,0.000,9.000,0,0,0
B3_zmq_pushpull,zmq_tcp,none,none,,1,18876,512,584,1785153455336564000,1785153455336564000,1785153455336564000,1785153455336565000,1785153455336626000,1785153455336629000,1785153455336629000,1785153455336629000,121932490,121652369,-219.121,0.000,0.000,1.000,3.000,0.000,0.000,106.000,0,0,0
B3_zmq_pushpull,zmq_tcp,none,none,,1,18877,512,584,1785153455337576000,1785153455337576000,1785153455337576000,1785153455337577000,1785153455337635000,1785153455337638000,1785153455337638000,1785153455337638000,121932490,121652369,-222.121,0.000,0.000,1.000,3.000,0.000,0.000,3.000,0,0,0
B3_zmq_pushpull,zmq_tcp,none,none,,1,18878,512,584,1785153455338573000,1785153455338573000,1785153455338573000,1785153455338574000,1785153455338622000,1785153455338625000,1785153455338625000,1785153455338625000,121932490,121652369,-232.121,0.000,0.000,1.000,3.000,0.000,0.000,10.000,0,0,0
B3_zmq_pushpull,zmq_tcp,none,none,,1,18879,512,584,1785153455339466000,1785153455339466000,1785153455339466000,1785153455339467000,1785153455339619000,1785153455339622000,1785153455339622000,1785153455339622000,121932490,121652369,-128.121,0.000,0.000,1.000,3.000,0.000,0.000,104.000,0,0,0
B3_zmq_pushpull,zmq_tcp,none,none,,1,18880,512,584,1785153455340462000,1785153455340462000,1785153455340462000,1785153455340463000,1785153455340619000,1785153455340621000,1785153455340621000,1785153455340621000,121932490,121652369,-124.121,0.000,0.000,1.000,2.000,0.000,0.000,4.000,0,0,0
B3_zmq_pushpull,zmq_tcp,none,none,,1,18881,512,584,1785153455341601000,1785153455341601000,1785153455341601000,1785153455341602000,1785153455341739000,1785153455341742000,1785153455341742000,1785153455341742000,121932490,121652369,-143.121,0.000,0.000,1.000,3.000,0.000,0.000,19.000,0,0,0
B3_zmq_pushpull,zmq_tcp,none,none,,1,18882,512,584,1785153455342568000,1785153455342568000,1785153455342568000,1785153455342569000,1785153455342753000,1785153455342755000,1785153455342755000,1785153455342755000,121932490,121652369,-96.121,0.000,0.000,1.000,2.000,0.000,0.000,47.000,0,0,0
B3_zmq_pushpull,zmq_tcp,none,none,,1,18883,512,584,1785153455343573000,1785153455343573000,1785153455343573000,1785153455343574000,1785153455343761000,1785153455343763000,1785153455343763000,1785153455343763000,121932490,121652369,-93.121,0.000,0.000,1.000,2.000,0.000,0.000,3.000,0,0,0
B3_zmq_pushpull,zmq_tcp,none,none,,1,18884,512,584,1785153455344575000,1785153455344575000,1785153455344575000,1785153455344576000,1785153455344744000,1785153455344748000,1785153455344748000,1785153455344748000,121932490,121652369,-112.121,0.000,0.000,1.000,4.000,0.000,0.000,19.000,0,0,0
B3_zmq_pushpull,zmq_tcp,none,none,,1,18885,512,584,1785153455345573000,1785153455345573000,1785153455345573000,1785153455345574000,1785153455345745000,1785153455345747000,1785153455345747000,1785153455345747000,121932490,121652369,-109.121,0.000,0.000,1.000,2.000,0.000,0.000,3.000,0,0,0
B3_zmq_pushpull,zmq_tcp,none,none,,1,18886,512,584,1785153455346571000,1785153455346571000,1785153455346571000,1785153455346572000,1785153455346609000,1785153455346612000,1785153455346612000,1785153455346612000,121932490,121652369,-243.121,0.000,0.000,1.000,3.000,0.000,0.000,134.000,0,0,0
B3_zmq_pushpull,zmq_tcp,none,none,,1,18887,512,584,1785153455347579000,1785153455347579000,1785153455347579000,1785153455347580000,1785153455347739000,1785153455347742000,1785153455347742000,1785153455347742000,121932490,121652369,-121.121,0.000,0.000,1.000,3.000,0.000,0.000,122.000,0,0,0
B3_zmq_pushpull,zmq_tcp,none,none,,1,18888,512,584,1785153455348572000,1785153455348572000,1785153455348572000,1785153455348573000,1785153455348731000,1785153455348734000,1785153455348734000,1785153455348734000,121932490,121652369,-122.121,0.000,0.000,1.000,3.000,0.000,0.000,1.000,0,0,0
B3_zmq_pushpull,zmq_tcp,none,none,,1,18889,512,584,1785153455349573000,1785153455349573000,1785153455349573000,1785153455349574000,1785153455349747000,1785153455349750000,1785153455349750000,1785153455349750000,121932490,121652369,-107.121,0.000,0.000,1.000,3.000,0.000,0.000,15.000,0,0,0
B3_zmq_pushpull,zmq_tcp,none,none,,1,18890,512,584,1785153455350573000,1785153455350573000,1785153455350573000,1785153455350574000,1785153455350731000,1785153455350734000,1785153455350734000,1785153455350734000,121932490,121652369,-123.121,0.000,0.000,1.000,3.000,0.000,0.000,16.000,0,0,0
B3_zmq_pushpull,zmq_tcp,none,none,,1,18891,512,584,1785153455351441000,1785153455351441000,1785153455351441000,1785153455351442000,1785153455351591000,1785153455351595000,1785153455351595000,1785153455351595000,121932490,121652369,-131.121,0.000,0.000,1.000,4.000,0.000,0.000,8.000,0,0,0
B3_zmq_pushpull,zmq_tcp,none,none,,1,18892,512,584,1785153455352606000,1785153455352606000,1785153455352607000,1785153455352607000,1785153455352723000,1785153455352727000,1785153455352727000,1785153455352727000,121932490,121652369,-164.121,0.000,1.000,0.000,4.000,0.000,0.000,33.000,0,0,0
B3_zmq_pushpull,zmq_tcp,none,none,,1,18893,512,584,1785153455353416000,1785153455353416000,1785153455353416000,1785153455353417000,1785153455353564000,1785153455353566000,1785153455353566000,1785153455353567000,121932490,121652369,-133.121,0.000,0.000,1.000,2.000,0.000,1.000,31.000,0,0,0
B3_zmq_pushpull,zmq_tcp,none,none,,1,18894,512,584,1785153455354406000,1785153455354406000,1785153455354406000,1785153455354407000,1785153455354553000,1785153455354556000,1785153455354556000,1785153455354556000,121932490,121652369,-134.121,0.000,0.000,1.000,3.000,0.000,0.000,1.000,0,0,0
B3_zmq_pushpull,zmq_tcp,none,none,,1,18895,512,584,1785153455355615000,1785153455355615000,1785153455355615000,1785153455355616000,1785153455355804000,1785153455355807000,1785153455355807000,1785153455355807000,121932490,121652369,-92.121,0.000,0.000,1.000,3.000,0.000,0.000,42.000,0,0,0
B3_zmq_pushpull,zmq_tcp,none,none,,1,18896,512,584,1785153455356384000,1785153455356384000,1785153455356384000,1785153455356385000,1785153455356529000,1785153455356531000,1785153455356531000,1785153455356531000,121932490,121652369,-136.121,0.000,0.000,1.000,2.000,0.000,0.000,44.000,0,0,0
B3_zmq_pushpull,zmq_tcp,none,none,,1,18897,512,584,1785153455357379000,1785153455357379000,1785153455357379000,1785153455357380000,1785153455357537000,1785153455357539000,1785153455357539000,1785153455357539000,121932490,121652369,-123.121,0.000,0.000,1.000,2.000,0.000,0.000,13.000,0,0,0
B3_zmq_pushpull,zmq_tcp,none,none,,1,18898,512,584,1785153455358379000,1785153455358380000,1785153455358380000,1785153455358381000,1785153455358535000,1785153455358538000,1785153455358538000,1785153455358538000,121932490,121652369,-126.121,1.000,0.000,1.000,3.000,0.000,0.000,3.000,0,0,0
B3_zmq_pushpull,zmq_tcp,none,none,,1,18899,512,584,1785153455359621000,1785153455359621000,1785153455359622000,1785153455359622000,1785153455359675000,1785153455359677000,1785153455359677000,1785153455359677000,121932490,121652369,-227.121,0.000,1.000,0.000,2.000,0.000,0.000,101.000,0,0,0
B3_zmq_pushpull,zmq_tcp,none,none,,1,18900,512,584,1785153455360376000,1785153455360376000,1785153455360377000,1785153455360377000,1785153455360533000,1785153455360535000,1785153455360535000,1785153455360535000,121932490,121652369,-124.121,0.000,1.000,0.000,2.000,0.000,0.000,103.000,0,0,0
B3_zmq_pushpull,zmq_tcp,none,none,,1,18901,512,584,1785153455361385000,1785153455361385000,1785153455361385000,1785153455361386000,1785153455361530000,1785153455361533000,1785153455361533000,1785153455361533000,121932490,121652369,-136.121,0.000,0.000,1.000,3.000,0.000,0.000,12.000,0,0,0
B3_zmq_pushpull,zmq_tcp,none,none,,1,18902,512,584,1785153455362387000,1785153455362387000,1785153455362387000,1785153455362388000,1785153455362545000,1785153455362547000,1785153455362547000,1785153455362547000,121932490,121652369,-123.121,0.000,0.000,1.000,2.000,0.000,0.000,13.000,0,0,0
B3_zmq_pushpull,zmq_tcp,none,none,,1,18903,512,584,1785153455363384000,1785153455363384000,1785153455363384000,1785153455363385000,1785153455363545000,1785153455363547000,1785153455363547000,1785153455363547000,121932490,121652369,-120.121,0.000,0.000,1.000,2.000,0.000,0.000,3.000,0,0,0
B3_zmq_pushpull,zmq_tcp,none,none,,1,18904,512,584,1785153455364379000,1785153455364379000,1785153455364379000,1785153455364380000,1785153455364537000,1785153455364539000,1785153455364539000,1785153455364539000,121932490,121652369,-123.121,0.000,0.000,1.000,2.000,0.000,0.000,3.000,0,0,0
B3_zmq_pushpull,zmq_tcp,none,none,,1,18905,512,584,1785153455365384000,1785153455365384000,1785153455365384000,1785153455365385000,1785153455365542000,1785153455365545000,1785153455365545000,1785153455365545000,121932490,121652369,-123.121,0.000,0.000,1.000,3.000,0.000,0.000,0.000,0,0,0
B3_zmq_pushpull,zmq_tcp,none,none,,1,18906,512,584,1785153455366386000,1785153455366386000,1785153455366386000,1785153455366387000,1785153455366539000,1785153455366542000,1785153455366542000,1785153455366542000,121932490,121652369,-128.121,0.000,0.000,1.000,3.000,0.000,0.000,5.000,0,0,0
B3_zmq_pushpull,zmq_tcp,none,none,,1,18907,512,584,1785153455367617000,1785153455367617000,1785153455367618000,1785153455367618000,1785153455367675000,1785153455367678000,1785153455367678000,1785153455367678000,121932490,121652369,-223.121,0.000,1.000,0.000,3.000,0.000,0.000,95.000,0,0,0
B3_zmq_pushpull,zmq_tcp,none,none,,1,18908,512,584,1785153455368563000,1785153455368563000,1785153455368564000,1785153455368565000,1785153455368664000,1785153455368667000,1785153455368667000,1785153455368667000,121932490,121652369,-181.121,0.000,1.000,1.000,3.000,0.000,0.000,42.000,0,0,0
B3_zmq_pushpull,zmq_tcp,none,none,,1,18909,512,584,1785153455369575000,1785153455369575000,1785153455369575000,1785153455369576000,1785153455369654000,1785153455369657000,1785153455369657000,1785153455369657000,121932490,121652369,-202.121,0.000,0.000,1.000,3.000,0.000,0.000,21.000,0,0,0
B3_zmq_pushpull,zmq_tcp,none,none,,1,18910,512,584,1785153455370573000,1785153455370573000,1785153455370573000,1785153455370574000,1785153455370653000,1785153455370655000,1785153455370655000,1785153455370655000,121932490,121652369,-201.121,0.000,0.000,1.000,2.000,0.000,0.000,1.000,0,0,0
B3_zmq_pushpull,zmq_tcp,none,none,,1,18911,512,584,1785153455371574000,1785153455371574000,1785153455371574000,1785153455371575000,1785153455371638000,1785153455371642000,1785153455371642000,1785153455371642000,121932490,121652369,-217.121,0.000,0.000,1.000,4.000,0.000,0.000,16.000,0,0,0
B3_zmq_pushpull,zmq_tcp,none,none,,1,18912,512,584,1785153455372472000,1785153455372472000,1785153455372472000,1785153455372473000,1785153455372626000,1785153455372629000,1785153455372629000,1785153455372629000,121932490,121652369,-127.121,0.000,0.000,1.000,3.000,0.000,0.000,90.000,0,0,0
B3_zmq_pushpull,zmq_tcp,none,none,,1,18913,512,584,1785153455373598000,1785153455373598000,1785153455373598000,1785153455373599000,1785153455373742000,1785153455373745000,1785153455373745000,1785153455373745000,121932490,121652369,-137.121,0.000,0.000,1.000,3.000,0.000,0.000,10.000,0,0,0
B3_zmq_pushpull,zmq_tcp,none,none,,1,18914,512,584,1785153455374565000,1785153455374565000,1785153455374565000,1785153455374566000,1785153455374710000,1785153455374713000,1785153455374713000,1785153455374713000,121932490,121652369,-136.121,0.000,0.000,1.000,3.000,0.000,0.000,1.000,0,0,0
B3_zmq_pushpull,zmq_tcp,none,none,,1,18915,512,584,1785153455375576000,1785153455375576000,1785153455375576000,1785153455375577000,1785153455375713000,1785153455375716000,1785153455375716000,1785153455375716000,121932490,121652369,-144.121,0.000,0.000,1.000,3.000,0.000,0.000,8.000,0,0,0
B3_zmq_pushpull,zmq_tcp,none,none,,1,18916,512,584,1785153455376416000,1785153455376416000,1785153455376416000,1785153455376417000,1785153455376574000,1785153455376577000,1785153455376577000,1785153455376577000,121932490,121652369,-123.121,0.000,0.000,1.000,3.000,0.000,0.000,21.000,0,0,0
B3_zmq_pushpull,zmq_tcp,none,none,,1,18917,512,584,1785153455377613000,1785153455377613000,1785153455377614000,1785153455377614000,1785153455377707000,1785153455377710000,1785153455377710000,1785153455377710000,121932490,121652369,-187.121,0.000,1.000,0.000,3.000,0.000,0.000,64.000,0,0,0
B3_zmq_pushpull,zmq_tcp,none,none,,1,18918,512,584,1785153455378560000,1785153455378560000,1785153455378560000,1785153455378561000,1785153455378699000,1785153455378703000,1785153455378703000,1785153455378703000,121932490,121652369,-142.121,0.000,0.000,1.000,4.000,0.000,0.000,45.000,0,0,0
B3_zmq_pushpull,zmq_tcp,none,none,,1,18919,512,584,1785153455379577000,1785153455379578000,1785153455379578000,1785153455379579000,1785153455379684000,1785153455379686000,1785153455379686000,1785153455379686000,121932490,121652369,-175.121,1.000,0.000,1.000,2.000,0.000,0.000,33.000,0,0,0
B3_zmq_pushpull,zmq_tcp,none,none,,1,18920,512,584,1785153455380571000,1785153455380571000,1785153455380571000,1785153455380572000,1785153455380664000,1785153455380667000,1785153455380667000,1785153455380667000,121932490,121652369,-188.121,0.000,0.000,1.000,3.000,0.000,0.000,13.000,0,0,0
B3_zmq_pushpull,zmq_tcp,none,none,,1,18921,512,584,1785153455381574000,1785153455381574000,1785153455381574000,1785153455381575000,1785153455381632000,1785153455381635000,1785153455381635000,1785153455381635000,121932490,121652369,-223.121,0.000,0.000,1.000,3.000,0.000,0.000,35.000,0,0,0
B3_zmq_pushpull,zmq_tcp,none,none,,1,18922,512,584,1785153455382570000,1785153455382570000,1785153455382570000,1785153455382571000,1785153455382619000,1785153455382622000,1785153455382622000,1785153455382622000,121932490,121652369,-232.121,0.000,0.000,1.000,3.000,0.000,0.000,9.000,0,0,0
B3_zmq_pushpull,zmq_tcp,none,none,,1,18923,512,584,1785153455383574000,1785153455383574000,1785153455383574000,1785153455383575000,1785153455383755000,1785153455383757000,1785153455383757000,1785153455383757000,121932490,121652369,-100.121,0.000,0.000,1.000,2.000,0.000,0.000,132.000,0,0,0
B3_zmq_pushpull,zmq_tcp,none,none,,1,18924,512,584,1785153455384575000,1785153455384575000,1785153455384575000,1785153455384576000,1785153455384725000,1785153455384729000,1785153455384729000,1785153455384729000,121932490,121652369,-131.121,0.000,0.000,1.000,4.000,0.000,0.000,31.000,0,0,0
B3_zmq_pushpull,zmq_tcp,none,none,,1,18925,512,584,1785153455385571000,1785153455385571000,1785153455385571000,1785153455385572000,1785153455385701000,1785153455385704000,1785153455385704000,1785153455385704000,121932490,121652369,-151.121,0.000,0.000,1.000,3.000,0.000,0.000,20.000,0,0,0
B3_zmq_pushpull,zmq_tcp,none,none,,1,18926,512,584,1785153455386572000,1785153455386572000,1785153455386572000,1785153455386573000,1785153455386693000,1785153455386696000,1785153455386696000,1785153455386696000,121932490,121652369,-160.121,0.000,0.000,1.000,3.000,0.000,0.000,9.000,0,0,0
B3_zmq_pushpull,zmq_tcp,none,none,,1,18927,512,584,1785153455387572000,1785153455387572000,1785153455387572000,1785153455387573000,1785153455387662000,1785153455387665000,1785153455387665000,1785153455387665000,121932490,121652369,-191.121,0.000,0.000,1.000,3.000,0.000,0.000,31.000,0,0,0
B3_zmq_pushpull,zmq_tcp,none,none,,1,18928,512,584,1785153455388572000,1785153455388572000,1785153455388572000,1785153455388573000,1785153455388641000,1785153455388644000,1785153455388644000,1785153455388644000,121932490,121652369,-212.121,0.000,0.000,1.000,3.000,0.000,0.000,21.000,0,0,0
B3_zmq_pushpull,zmq_tcp,none,none,,1,18929,512,584,1785153455389570000,1785153455389570000,1785153455389570000,1785153455389571000,1785153455389620000,1785153455389623000,1785153455389623000,1785153455389623000,121932490,121652369,-231.121,0.000,0.000,1.000,3.000,0.000,0.000,19.000,0,0,0
B3_zmq_pushpull,zmq_tcp,none,none,,1,18930,512,584,1785153455390477000,1785153455390477000,1785153455390477000,1785153455390478000,1785153455390639000,1785153455390641000,1785153455390641000,1785153455390641000,121932490,121652369,-119.121,0.000,0.000,1.000,2.000,0.000,0.000,112.000,0,0,0
B3_zmq_pushpull,zmq_tcp,none,none,,1,18931,512,584,1785153455391596000,1785153455391596000,1785153455391596000,1785153455391597000,1785153455391775000,1785153455391777000,1785153455391777000,1785153455391777000,121932490,121652369,-102.121,0.000,0.000,1.000,2.000,0.000,0.000,17.000,0,0,0
B3_zmq_pushpull,zmq_tcp,none,none,,1,18932,512,584,1785153455392564000,1785153455392565000,1785153455392565000,1785153455392566000,1785153455392750000,1785153455392753000,1785153455392753000,1785153455392753000,121932490,121652369,-96.121,1.000,0.000,1.000,3.000,0.000,0.000,6.000,0,0,0
B3_zmq_pushpull,zmq_tcp,none,none,,1,18933,512,584,1785153455393447000,1785153455393447000,1785153455393447000,1785153455393449000,1785153455393602000,1785153455393605000,1785153455393605000,1785153455393605000,121932490,121652369,-127.121,0.000,0.000,2.000,3.000,0.000,0.000,31.000,0,0,0
B3_zmq_pushpull,zmq_tcp,none,none,,1,18934,512,584,1785153455394419000,1785153455394419000,1785153455394420000,1785153455394420000,1785153455394573000,1785153455394576000,1785153455394576000,1785153455394576000,121932490,121652369,-127.121,0.000,1.000,0.000,3.000,0.000,0.000,0.000,0,0,0
B3_zmq_pushpull,zmq_tcp,none,none,,1,18935,512,584,1785153455395408000,1785153455395408000,1785153455395408000,1785153455395409000,1785153455395552000,1785153455395555000,1785153455395555000,1785153455395555000,121932490,121652369,-137.121,0.000,0.000,1.000,3.000,0.000,0.000,10.000,0,0,0
B3_zmq_pushpull,zmq_tcp,none,none,,1,18936,512,584,1785153455396385000,1785153455396385000,1785153455396385000,1785153455396386000,1785153455396537000,1785153455396540000,1785153455396540000,1785153455396540000,121932490,121652369,-129.121,0.000,0.000,1.000,3.000,0.000,0.000,8.000,0,0,0
B3_zmq_pushpull,zmq_tcp,none,none,,1,18937,512,584,1785153455397377000,1785153455397377000,1785153455397377000,1785153455397378000,1785153455397518000,1785153455397521000,1785153455397521000,1785153455397521000,121932490,121652369,-140.121,0.000,0.000,1.000,3.000,0.000,0.000,11.000,0,0,0
B3_zmq_pushpull,zmq_tcp,none,none,,1,18938,512,584,1785153455398377000,1785153455398377000,1785153455398377000,1785153455398378000,1785153455398521000,1785153455398524000,1785153455398524000,1785153455398524000,121932490,121652369,-137.121,0.000,0.000,1.000,3.000,0.000,0.000,3.000,0,0,0
B3_zmq_pushpull,zmq_tcp,none,none,,1,18939,512,584,1785153455399459000,1785153455399460000,1785153455399460000,1785153455399461000,1785153455399609000,1785153455399611000,1785153455399611000,1785153455399611000,121932490,121652369,-132.121,1.000,0.000,1.000,2.000,0.000,0.000,5.000,0,0,0
B3_zmq_pushpull,zmq_tcp,none,none,,1,18940,512,584,1785153455400438000,1785153455400438000,1785153455400438000,1785153455400439000,1785153455400582000,1785153455400585000,1785153455400585000,1785153455400585000,121932490,121652369,-137.121,0.000,0.000,1.000,3.000,0.000,0.000,5.000,0,0,0
B3_zmq_pushpull,zmq_tcp,none,none,,1,18941,512,584,1785153455401607000,1785153455401607000,1785153455401607000,1785153455401608000,1785153455401691000,1785153455401694000,1785153455401694000,1785153455401694000,121932490,121652369,-197.121,0.000,0.000,1.000,3.000,0.000,0.000,60.000,0,0,0
B3_zmq_pushpull,zmq_tcp,none,none,,1,18942,512,584,1785153455402564000,1785153455402565000,1785153455402565000,1785153455402566000,1785153455402667000,1785153455402670000,1785153455402670000,1785153455402670000,121932490,121652369,-179.121,1.000,0.000,1.000,3.000,0.000,0.000,18.000,0,0,0
B3_zmq_pushpull,zmq_tcp,none,none,,1,18943,512,584,1785153455403572000,1785153455403573000,1785153455403573000,1785153455403574000,1785153455403649000,1785153455403652000,1785153455403652000,1785153455403652000,121932490,121652369,-205.121,1.000,0.000,1.000,3.000,0.000,0.000,26.000,0,0,0
B3_zmq_pushpull,zmq_tcp,none,none,,1,18944,512,584,1785153455404575000,1785153455404575000,1785153455404575000,1785153455404576000,1785153455404652000,1785153455404655000,1785153455404655000,1785153455404655000,121932490,121652369,-204.121,0.000,0.000,1.000,3.000,0.000,0.000,1.000,0,0,0
B3_zmq_pushpull,zmq_tcp,none,none,,1,18945,512,584,1785153455405575000,1785153455405575000,1785153455405575000,1785153455405576000,1785153455405640000,1785153455405643000,1785153455405643000,1785153455405643000,121932490,121652369,-216.121,0.000,0.000,1.000,3.000,0.000,0.000,12.000,0,0,0
B3_zmq_pushpull,zmq_tcp,none,none,,1,18946,512,584,1785153455406463000,1785153455406464000,1785153455406464000,1785153455406465000,1785153455406613000,1785153455406616000,1785153455406616000,1785153455406616000,121932490,121652369,-132.121,1.000,0.000,1.000,3.000,0.000,0.000,84.000,0,0,0
B3_zmq_pushpull,zmq_tcp,none,none,,1,18947,512,584,1785153455407448000,1785153455407448000,1785153455407448000,1785153455407449000,1785153455407599000,1785153455407602000,1785153455407602000,1785153455407602000,121932490,121652369,-130.121,0.000,0.000,1.000,3.000,0.000,0.000,2.000,0,0,0
B3_zmq_pushpull,zmq_tcp,none,none,,1,18948,512,584,1785153455408423000,1785153455408423000,1785153455408424000,1785153455408424000,1785153455408570000,1785153455408572000,1785153455408572000,1785153455408572000,121932490,121652369,-134.121,0.000,1.000,0.000,2.000,0.000,0.000,4.000,0,0,0
B3_zmq_pushpull,zmq_tcp,none,none,,1,18949,512,584,1785153455409610000,1785153455409610000,1785153455409610000,1785153455409611000,1785153455409696000,1785153455409699000,1785153455409699000,1785153455409699000,121932490,121652369,-195.121,0.000,0.000,1.000,3.000,0.000,0.000,61.000,0,0,0
B3_zmq_pushpull,zmq_tcp,none,none,,1,18950,512,584,1785153455410560000,1785153455410560000,1785153455410561000,1785153455410561000,1785153455410681000,1785153455410684000,1785153455410684000,1785153455410684000,121932490,121652369,-160.121,0.000,1.000,0.000,3.000,0.000,0.000,35.000,0,0,0
B3_zmq_pushpull,zmq_tcp,none,none,,1,18951,512,584,1785153455411576000,1785153455411576000,1785153455411577000,1785153455411578000,1785153455411667000,1785153455411669000,1785153455411669000,1785153455411669000,121932490,121652369,-191.121,0.000,1.000,1.000,2.000,0.000,0.000,31.000,0,0,0
B3_zmq_pushpull,zmq_tcp,none,none,,1,18952,512,584,1785153455412572000,1785153455412573000,1785153455412573000,1785153455412574000,1785153455412655000,1785153455412658000,1785153455412658000,1785153455412658000,121932490,121652369,-199.121,1.000,0.000,1.000,3.000,0.000,0.000,8.000,0,0,0
B3_zmq_pushpull,zmq_tcp,none,none,,1,18953,512,584,1785153455413483000,1785153455413483000,1785153455413483000,1785153455413484000,1785153455413640000,1785153455413643000,1785153455413643000,1785153455413643000,121932490,121652369,-124.121,0.000,0.000,1.000,3.000,0.000,0.000,75.000,0,0,0
B3_zmq_pushpull,zmq_tcp,none,none,,1,18954,512,584,1785153455414595000,1785153455414595000,1785153455414595000,1785153455414596000,1785153455414765000,1785153455414768000,1785153455414768000,1785153455414768000,121932490,121652369,-111.121,0.000,0.000,1.000,3.000,0.000,0.000,13.000,0,0,0
B3_zmq_pushpull,zmq_tcp,none,none,,1,18955,512,584,1785153455415567000,1785153455415567000,1785153455415567000,1785153455415568000,1785153455415613000,1785153455415617000,1785153455415617000,1785153455415617000,121932490,121652369,-235.121,0.000,0.000,1.000,4.000,0.000,0.000,124.000,0,0,0
B3_zmq_pushpull,zmq_tcp,none,none,,1,18956,512,584,1785153455416574000,1785153455416574000,1785153455416574000,1785153455416575000,1785153455416727000,1785153455416729000,1785153455416729000,1785153455416729000,121932490,121652369,-128.121,0.000,0.000,1.000,2.000,0.000,0.000,107.000,0,0,0
B3_zmq_pushpull,zmq_tcp,none,none,,1,18957,512,584,1785153455417422000,1785153455417422000,1785153455417422000,1785153455417423000,1785153455417579000,1785153455417582000,1785153455417582000,1785153455417582000,121932490,121652369,-124.121,0.000,0.000,1.000,3.000,0.000,0.000,4.000,0,0,0
B3_zmq_pushpull,zmq_tcp,none,none,,1,18958,512,584,1785153455418611000,1785153455418611000,1785153455418611000,1785153455418612000,1785153455418682000,1785153455418684000,1785153455418684000,1785153455418684000,121932490,121652369,-210.121,0.000,0.000,1.000,2.000,0.000,0.000,86.000,0,0,0
B3_zmq_pushpull,zmq_tcp,none,none,,1,18959,512,584,1785153455419563000,1785153455419563000,1785153455419563000,1785153455419564000,1785153455419662000,1785153455419665000,1785153455419665000,1785153455419665000,121932490,121652369,-182.121,0.000,0.000,1.000,3.000,0.000,0.000,28.000,0,0,0
B3_zmq_pushpull,zmq_tcp,none,none,,1,18960,512,584,1785153455420575000,1785153455420575000,1785153455420575000,1785153455420576000,1785153455420636000,1785153455420639000,1785153455420639000,1785153455420639000,121932490,121652369,-220.121,0.000,0.000,1.000,3.000,0.000,0.000,38.000,0,0,0
B3_zmq_pushpull,zmq_tcp,none,none,,1,18961,512,584,1785153455421573000,1785153455421573000,1785153455421573000,1785153455421574000,1785153455421761000,1785153455421764000,1785153455421764000,1785153455421764000,121932490,121652369,-93.121,0.000,0.000,1.000,3.000,0.000,0.000,127.000,0,0,0
B3_zmq_pushpull,zmq_tcp,none,none,,1,18962,512,584,1785153455422573000,1785153455422573000,1785153455422573000,1785153455422574000,1785153455422711000,1785153455422714000,1785153455422714000,1785153455422714000,121932490,121652369,-143.121,0.000,0.000,1.000,3.000,0.000,0.000,50.000,0,0,0
B3_zmq_pushpull,zmq_tcp,none,none,,1,18963,512,584,1785153455423582000,1785153455423585000,1785153455423586000,1785153455423588000,1785153455431307000,1785153455431352000,1785153455431352000,1785153455431352000,121932490,121652369,7438.879,3.000,1.000,2.000,45.000,0.000,0.000,7582.000,0,0,0
B3_zmq_pushpull,zmq_tcp,none,none,,1,18964,512,584,1785153455428373000,1785153455428374000,1785153455428374000,1785153455428377000,1785153455431602000,1785153455431627000,1785153455431627000,1785153455431627000,121932490,121652369,2944.879,1.000,0.000,3.000,25.000,0.000,0.000,4494.000,0,0,0
B3_zmq_pushpull,zmq_tcp,none,none,,1,18965,512,584,1785153455431083000,1785153455431084000,1785153455431085000,1785153455431087000,1785153455431607000,1785153455431638000,1785153455431638000,1785153455431638000,121932490,121652369,239.879,1.000,1.000,2.000,31.000,0.000,0.000,2705.000,0,0,0
B3_zmq_pushpull,zmq_tcp,none,none,,1,18966,512,584,1785153455431088000,1785153455431088000,1785153455431088000,1785153455431090000,1785153455431607000,1785153455431642000,1785153455431642000,1785153455431642000,121932490,121652369,236.879,0.000,0.000,2.000,35.000,0.000,0.000,3.000,0,0,0
B3_zmq_pushpull,zmq_tcp,none,none,,1,18967,512,584,1785153455431090000,1785153455431090000,1785153455431091000,1785153455431092000,1785153455431607000,1785153455431646000,1785153455431646000,1785153455431646000,121932490,121652369,234.879,0.000,1.000,1.000,39.000,0.000,0.000,2.000,0,0,0
B3_zmq_pushpull,zmq_tcp,none,none,,1,18968,512,584,1785153455431092000,1785153455431092000,1785153455431092000,1785153455431094000,1785153455431608000,1785153455431650000,1785153455431650000,1785153455431650000,121932490,121652369,233.879,0.000,0.000,2.000,42.000,0.000,0.000,1.000,0,0,0
B3_zmq_pushpull,zmq_tcp,none,none,,1,18969,512,584,1785153455431094000,1785153455431094000,1785153455431094000,1785153455431096000,1785153455431608000,1785153455431654000,1785153455431654000,1785153455431654000,121932490,121652369,231.879,0.000,0.000,2.000,46.000,0.000,0.000,2.000,0,0,0
B3_zmq_pushpull,zmq_tcp,none,none,,1,18970,512,584,1785153455431096000,1785153455431096000,1785153455431096000,1785153455431097000,1785153455431608000,1785153455431657000,1785153455431657000,1785153455431658000,121932490,121652369,230.879,0.000,0.000,1.000,49.000,0.000,1.000,1.000,0,0,0
B3_zmq_pushpull,zmq_tcp,none,none,,1,18971,512,584,1785153455431615000,1785153455431616000,1785153455431616000,1785153455431618000,1785153455431818000,1785153455431825000,1785153455431825000,1785153455431825000,121932490,121652369,-80.121,1.000,0.000,2.000,7.000,0.000,0.000,311.000,0,0,0
B3_zmq_pushpull,zmq_tcp,none,none,,1,18972,512,584,1785153455432573000,1785153455432574000,1785153455432575000,1785153455432577000,1785153455432820000,1785153455432829000,1785153455432829000,1785153455432829000,121932490,121652369,-37.121,1.000,1.000,2.000,9.000,0.000,0.000,43.000,0,0,0
B3_zmq_pushpull,zmq_tcp,none,none,,1,18973,512,584,1785153455433454000,1785153455433455000,1785153455433455000,1785153455433457000,1785153455433617000,1785153455433625000,1785153455433625000,1785153455433625000,121932490,121652369,-120.121,1.000,0.000,2.000,8.000,0.000,0.000,83.000,0,0,0
B3_zmq_pushpull,zmq_tcp,none,none,,1,18974,512,584,1785153455434503000,1785153455434504000,1785153455434504000,1785153455434506000,1785153455434667000,1785153455434674000,1785153455434675000,1785153455434675000,121932490,121652369,-119.121,1.000,0.000,2.000,7.000,1.000,0.000,1.000,0,0,0
B3_zmq_pushpull,zmq_tcp,none,none,,1,18975,512,584,1785153455435618000,1785153455435619000,1785153455435620000,1785153455435621000,1785153455435710000,1785153455435718000,1785153455435718000,1785153455435719000,121932490,121652369,-191.121,1.000,1.000,1.000,8.000,0.000,1.000,72.000,0,0,0
B3_zmq_pushpull,zmq_tcp,none,none,,1,18976,512,584,1785153455436447000,1785153455436448000,1785153455436448000,1785153455436450000,1785153455436652000,1785153455436659000,1785153455436660000,1785153455436660000,121932490,121652369,-78.121,1.000,0.000,2.000,7.000,1.000,0.000,113.000,0,0,0
B3_zmq_pushpull,zmq_tcp,none,none,,1,18977,512,584,1785153455437607000,1785153455437608000,1785153455437608000,1785153455437610000,1785153455437706000,1785153455437713000,1785153455437714000,1785153455437714000,121932490,121652369,-184.121,1.000,0.000,2.000,7.000,1.000,0.000,106.000,0,0,0
B3_zmq_pushpull,zmq_tcp,none,none,,1,18978,512,584,1785153455438567000,1785153455438568000,1785153455438569000,1785153455438570000,1785153455438755000,1785153455438763000,1785153455438763000,1785153455438763000,121932490,121652369,-95.121,1.000,1.000,1.000,8.000,0.000,0.000,89.000,0,0,0
B3_zmq_pushpull,zmq_tcp,none,none,,1,18979,512,584,1785153455439619000,1785153455439620000,1785153455439621000,1785153455439622000,1785153455439797000,1785153455439804000,1785153455439804000,1785153455439804000,121932490,121652369,-105.121,1.000,1.000,1.000,7.000,0.000,0.000,10.000,0,0,0
B3_zmq_pushpull,zmq_tcp,none,none,,1,18980,512,584,1785153455440380000,1785153455440381000,1785153455440381000,1785153455440383000,1785153455440602000,1785153455440654000,1785153455440654000,1785153455440654000,121932490,121652369,-61.121,1.000,0.000,2.000,52.000,0.000,0.000,44.000,0,0,0
B3_zmq_pushpull,zmq_tcp,none,none,,1,18981,512,584,1785153455441629000,1785153455441629000,1785153455441630000,1785153455441631000,1785153455441828000,1785153455441835000,1785153455441836000,1785153455441836000,121932490,121652369,-83.121,0.000,1.000,1.000,7.000,1.000,0.000,22.000,0,0,0
B3_zmq_pushpull,zmq_tcp,none,none,,1,18982,512,584,1785153455442583000,1785153455442584000,1785153455442585000,1785153455442586000,1785153455442657000,1785153455442665000,1785153455442666000,1785153455442666000,121932490,121652369,-209.121,1.000,1.000,1.000,8.000,1.000,0.000,126.000,0,0,0
B3_zmq_pushpull,zmq_tcp,none,none,,1,18983,512,584,1785153455443403000,1785153455443404000,1785153455443405000,1785153455443406000,1785153455443559000,1785153455443567000,1785153455443567000,1785153455443567000,121932490,121652369,-127.121,1.000,1.000,1.000,8.000,0.000,0.000,82.000,0,0,0
B3_zmq_pushpull,zmq_tcp,none,none,,1,18984,512,584,1785153455444795000,1785153455444796000,1785153455444796000,1785153455444798000,1785153455445022000,1785153455445030000,1785153455445030000,1785153455445030000,121932490,121652369,-56.121,1.000,0.000,2.000,8.000,0.000,0.000,71.000,0,0,0
B3_zmq_pushpull,zmq_tcp,none,none,,1,18985,512,584,1785153455445477000,1785153455445478000,1785153455445478000,1785153455445479000,1785153455445662000,1785153455445669000,1785153455445670000,1785153455445670000,121932490,121652369,-97.121,1.000,0.000,1.000,7.000,1.000,0.000,41.000,0,0,0
B3_zmq_pushpull,zmq_tcp,none,none,,1,18986,512,584,1785153455446390000,1785153455446390000,1785153455446391000,1785153455446392000,1785153455446575000,1785153455446582000,1785153455446582000,1785153455446582000,121932490,121652369,-97.121,0.000,1.000,1.000,7.000,0.000,0.000,0.000,0,0,0
B3_zmq_pushpull,zmq_tcp,none,none,,1,18987,512,584,1785153455447642000,1785153455447643000,1785153455447643000,1785153455447645000,1785153455447819000,1785153455447826000,1785153455447826000,1785153455447826000,121932490,121652369,-106.121,1.000,0.000,2.000,7.000,0.000,0.000,9.000,0,0,0
B3_zmq_pushpull,zmq_tcp,none,none,,1,18988,512,584,1785153455448637000,1785153455448638000,1785153455448638000,1785153455448640000,1785153455448805000,1785153455448810000,1785153455448811000,1785153455448811000,121932490,121652369,-115.121,1.000,0.000,2.000,5.000,1.000,0.000,9.000,0,0,0
B3_zmq_pushpull,zmq_tcp,none,none,,1,18989,512,584,1785153455449562000,1785153455449563000,1785153455449563000,1785153455449564000,1785153455449729000,1785153455449732000,1785153455449732000,1785153455449732000,121932490,121652369,-115.121,1.000,0.000,1.000,3.000,0.000,0.000,0.000,0,0,0
B3_zmq_pushpull,zmq_tcp,none,none,,1,18990,512,584,1785153455450440000,1785153455450440000,1785153455450440000,1785153455450441000,1785153455450610000,1785153455450615000,1785153455450616000,1785153455450616000,121932490,121652369,-111.121,0.000,0.000,1.000,5.000,1.000,0.000,4.000,0,0,0
B3_zmq_pushpull,zmq_tcp,none,none,,1,18991,512,584,1785153455451607000,1785153455451607000,1785153455451607000,1785153455451608000,1785153455451777000,1785153455451782000,1785153455451782000,1785153455451782000,121932490,121652369,-111.121,0.000,0.000,1.000,5.000,0.000,0.000,0.000,0,0,0
B3_zmq_pushpull,zmq_tcp,none,none,,1,18992,512,584,1785153455452581000,1785153455452582000,1785153455452583000,1785153455452585000,1785153455452669000,1785153455452678000,1785153455452679000,1785153455452679000,121932490,121652369,-196.121,1.000,1.000,2.000,9.000,1.000,0.000,85.000,0,0,0
B3_zmq_pushpull,zmq_tcp,none,none,,1,18993,512,584,1785153455453410000,1785153455453411000,1785153455453411000,1785153455453413000,1785153455453578000,1785153455453587000,1785153455453588000,1785153455453588000,121932490,121652369,-115.121,1.000,0.000,2.000,9.000,1.000,0.000,81.000,0,0,0
B3_zmq_pushpull,zmq_tcp,none,none,,1,18994,512,584,1785153455454630000,1785153455454632000,1785153455454632000,1785153455454634000,1785153455454920000,1785153455454930000,1785153455454930000,1785153455454930000,121932490,121652369,5.879,2.000,0.000,2.000,10.000,0.000,0.000,121.000,0,0,0
B3_zmq_pushpull,zmq_tcp,none,none,,1,18995,512,584,1785153455455597000,1785153455455598000,1785153455455598000,1785153455455600000,1785153455455846000,1785153455455857000,1785153455455857000,1785153455455857000,121932490,121652369,-34.121,1.000,0.000,2.000,11.000,0.000,0.000,40.000,0,0,0
B3_zmq_pushpull,zmq_tcp,none,none,,1,18996,512,584,1785153455456464000,1785153455456465000,1785153455456466000,1785153455456467000,1785153455456625000,1785153455456634000,1785153455456634000,1785153455456634000,121932490,121652369,-122.121,1.000,1.000,1.000,9.000,0.000,0.000,88.000,0,0,0
B3_zmq_pushpull,zmq_tcp,none,none,,1,18997,512,584,1785153455457606000,1785153455457607000,1785153455457607000,1785153455457608000,1785153455457669000,1785153455457673000,1785153455457673000,1785153455457673000,121932490,121652369,-219.121,1.000,0.000,1.000,4.000,0.000,0.000,97.000,0,0,0
B3_zmq_pushpull,zmq_tcp,none,none,,1,18998,512,584,1785153455458380000,1785153455458381000,1785153455458381000,1785153455458382000,1785153455458525000,1785153455458528000,1785153455458528000,1785153455458528000,121932490,121652369,-137.121,1.000,0.000,1.000,3.000,0.000,0.000,82.000,0,0,0
B3_zmq_pushpull,zmq_tcp,none,none,,1,18999,512,584,1785153455459385000,1785153455459385000,1785153455459386000,1785153455459387000,1785153455459536000,1785153455459542000,1785153455459542000,1785153455459542000,121932490,121652369,-131.121,0.000,1.000,1.000,6.000,0.000,0.000,6.000,0,0,0
B3_zmq_pushpull,zmq_tcp,none,none,,1,19000,512,584,1785153455460620000,1785153455460620000,1785153455460620000,1785153455460621000,1785153455460803000,1785153455460807000,1785153455460807000,1785153455460807000,121932490,121652369,-98.121,0.000,0.000,1.000,4.000,0.000,0.000,33.000,0,0,0
B3_zmq_pushpull,zmq_tcp,none,none,,1,19001,512,584,1785153455461381000,1785153455461382000,1785153455461382000,1785153455461383000,1785153455461539000,1785153455461542000,1785153455461542000,1785153455461542000,121932490,121652369,-124.121,1.000,0.000,1.000,3.000,0.000,0.000,26.000,0,0,0
B3_zmq_pushpull,zmq_tcp,none,none,,1,19002,512,584,1785153455462621000,1785153455462621000,1785153455462621000,1785153455462622000,1785153455462692000,1785153455462695000,1785153455462695000,1785153455462695000,121932490,121652369,-210.121,0.000,0.000,1.000,3.000,0.000,0.000,86.000,0,0,0
B3_zmq_pushpull,zmq_tcp,none,none,,1,19003,512,584,1785153455463563000,1785153455463564000,1785153455463564000,1785153455463565000,1785153455463692000,1785153455463695000,1785153455463695000,1785153455463696000,121932490,121652369,-153.121,1.000,0.000,1.000,3.000,0.000,1.000,57.000,0,0,0
B3_zmq_pushpull,zmq_tcp,none,none,,1,19004,512,584,1785153455464384000,1785153455464384000,1785153455464384000,1785153455464385000,1785153455464544000,1785153455464547000,1785153455464547000,1785153455464547000,121932490,121652369,-121.121,0.000,0.000,1.000,3.000,0.000,0.000,32.000,0,0,0
B3_zmq_pushpull,zmq_tcp,none,none,,1,19005,512,584,1785153455465388000,1785153455465388000,1785153455465388000,1785153455465389000,1785153455465547000,1785153455465549000,1785153455465549000,1785153455465550000,121932490,121652369,-122.121,0.000,0.000,1.000,2.000,0.000,1.000,1.000,0,0,0
B3_zmq_pushpull,zmq_tcp,none,none,,1,19006,512,584,1785153455466388000,1785153455466388000,1785153455466388000,1785153455466389000,1785153455466547000,1785153455466549000,1785153455466549000,1785153455466549000,121932490,121652369,-122.121,0.000,0.000,1.000,2.000,0.000,0.000,0.000,0,0,0
B3_zmq_pushpull,zmq_tcp,none,none,,1,19007,512,584,1785153455467621000,1785153455467621000,1785153455467621000,1785153455467622000,1785153455467823000,1785153455467826000,1785153455467826000,1785153455467826000,121932490,121652369,-79.121,0.000,0.000,1.000,3.000,0.000,0.000,43.000,0,0,0
B3_zmq_pushpull,zmq_tcp,none,none,,1,19008,512,584,1785153455468562000,1785153455468562000,1785153455468562000,1785153455468563000,1785153455468660000,1785153455468663000,1785153455468663000,1785153455468663000,121932490,121652369,-183.121,0.000,0.000,1.000,3.000,0.000,0.000,104.000,0,0,0
B3_zmq_pushpull,zmq_tcp,none,none,,1,19009,512,584,1785153455469579000,1785153455469579000,1785153455469579000,1785153455469580000,1785153455469676000,1785153455469680000,1785153455469680000,1785153455469680000,121932490,121652369,-184.121,0.000,0.000,1.000,4.000,0.000,0.000,1.000,0,0,0
B3_zmq_pushpull,zmq_tcp,none,none,,1,19010,512,584,1785153455470575000,1785153455470575000,1785153455470575000,1785153455470577000,1785153455470680000,1785153455470683000,1785153455470683000,1785153455470683000,121932490,121652369,-177.121,0.000,0.000,2.000,3.000,0.000,0.000,7.000,0,0,0
B3_zmq_pushpull,zmq_tcp,none,none,,1,19011,512,584,1785153455471405000,1785153455471405000,1785153455471405000,1785153455471407000,1785153455471556000,1785153455471559000,1785153455471559000,1785153455471559000,121932490,121652369,-131.121,0.000,0.000,2.000,3.000,0.000,0.000,46.000,0,0,0
B3_zmq_pushpull,zmq_tcp,none,none,,1,19012,512,584,1785153455472616000,1785153455472616000,1785153455472616000,1785153455472617000,1785153455472692000,1785153455472695000,1785153455472695000,1785153455472695000,121932490,121652369,-205.121,0.000,0.000,1.000,3.000,0.000,0.000,74.000,0,0,0
B3_zmq_pushpull,zmq_tcp,none,none,,1,19013,512,584,1785153455473567000,1785153455473567000,1785153455473567000,1785153455473568000,1785153455473695000,1785153455473697000,1785153455473697000,1785153455473697000,121932490,121652369,-153.121,0.000,0.000,1.000,2.000,0.000,0.000,52.000,0,0,0
B3_zmq_pushpull,zmq_tcp,none,none,,1,19014,512,584,1785153455474577000,1785153455474577000,1785153455474577000,1785153455474578000,1785153455474684000,1785153455474687000,1785153455474687000,1785153455474687000,121932490,121652369,-174.121,0.000,0.000,1.000,3.000,0.000,0.000,21.000,0,0,0
B3_zmq_pushpull,zmq_tcp,none,none,,1,19015,512,584,1785153455475570000,1785153455475570000,1785153455475570000,1785153455475571000,1785153455475703000,1785153455475705000,1785153455475705000,1785153455475705000,121932490,121652369,-148.121,0.000,0.000,1.000,2.000,0.000,0.000,26.000,0,0,0
B3_zmq_pushpull,zmq_tcp,none,none,,1,19016,512,584,1785153455476576000,1785153455476576000,1785153455476576000,1785153455476577000,1785153455476711000,1785153455476713000,1785153455476713000,1785153455476713000,121932490,121652369,-146.121,0.000,0.000,1.000,2.000,0.000,0.000,2.000,0,0,0
B3_zmq_pushpull,zmq_tcp,none,none,,1,19017,512,584,1785153455477573000,1785153455477573000,1785153455477573000,1785153455477574000,1785153455477723000,1785153455477727000,1785153455477727000,1785153455477727000,121932490,121652369,-131.121,0.000,0.000,1.000,4.000,0.000,0.000,15.000,0,0,0
B3_zmq_pushpull,zmq_tcp,none,none,,1,19018,512,584,1785153455478575000,1785153455478575000,1785153455478575000,1785153455478576000,1785153455478729000,1785153455478732000,1785153455478732000,1785153455478732000,121932490,121652369,-127.121,0.000,0.000,1.000,3.000,0.000,0.000,4.000,0,0,0
B3_zmq_pushpull,zmq_tcp,none,none,,1,19019,512,584,1785153455479575000,1785153455479575000,1785153455479575000,1785153455479576000,1785153455479735000,1785153455479738000,1785153455479738000,1785153455479738000,121932490,121652369,-121.121,0.000,0.000,1.000,3.000,0.000,0.000,6.000,0,0,0
B3_zmq_pushpull,zmq_tcp,none,none,,1,19020,512,584,1785153455480578000,1785153455480578000,1785153455480578000,1785153455480579000,1785153455480741000,1785153455480744000,1785153455480744000,1785153455480744000,121932490,121652369,-118.121,0.000,0.000,1.000,3.000,0.000,0.000,3.000,0,0,0
B3_zmq_pushpull,zmq_tcp,none,none,,1,19021,512,584,1785153455481573000,1785153455481573000,1785153455481573000,1785153455481574000,1785153455481760000,1785153455481762000,1785153455481762000,1785153455481762000,121932490,121652369,-94.121,0.000,0.000,1.000,2.000,0.000,0.000,24.000,0,0,0
B3_zmq_pushpull,zmq_tcp,none,none,,1,19022,512,584,1785153455482575000,1785153455482575000,1785153455482575000,1785153455482576000,1785153455482779000,1785153455482782000,1785153455482782000,1785153455482782000,121932490,121652369,-77.121,0.000,0.000,1.000,3.000,0.000,0.000,17.000,0,0,0
B3_zmq_pushpull,zmq_tcp,none,none,,1,19023,512,584,1785153455483471000,1785153455483471000,1785153455483471000,1785153455483473000,1785153455483631000,1785153455483634000,1785153455483634000,1785153455483634000,121932490,121652369,-122.121,0.000,0.000,2.000,3.000,0.000,0.000,45.000,0,0,0
B3_zmq_pushpull,zmq_tcp,none,none,,1,19024,512,584,1785153455484473000,1785153455484474000,1785153455484474000,1785153455484475000,1785153455484632000,1785153455484635000,1785153455484635000,1785153455484635000,121932490,121652369,-123.121,1.000,0.000,1.000,3.000,0.000,0.000,1.000,0,0,0
B3_zmq_pushpull,zmq_tcp,none,none,,1,19025,512,584,1785153455485528000,1785153455485528000,1785153455485529000,1785153455485530000,1785153455485633000,1785153455485636000,1785153455485636000,1785153455485636000,121932490,121652369,-177.121,0.000,1.000,1.000,3.000,0.000,0.000,54.000,0,0,0
B3_zmq_pushpull,zmq_tcp,none,none,,1,19026,512,584,1785153455486586000,1785153455486586000,1785153455486586000,1785153455486587000,1785153455486781000,1785153455486784000,1785153455486784000,1785153455486784000,121932490,121652369,-86.121,0.000,0.000,1.000,3.000,0.000,0.000,91.000,0,0,0
B3_zmq_pushpull,zmq_tcp,none,none,,1,19027,512,584,1785153455487491000,1785153455487491000,1785153455487491000,1785153455487492000,1785153455487649000,1785153455487652000,1785153455487652000,1785153455487652000,121932490,121652369,-123.121,0.000,0.000,1.000,3.000,0.000,0.000,37.000,0,0,0
B3_zmq_pushpull,zmq_tcp,none,none,,1,19028,512,584,1785153455488596000,1785153455488597000,1785153455488597000,1785153455488598000,1785153455488660000,1785153455488663000,1785153455488663000,1785153455488663000,121932490,121652369,-218.121,1.000,0.000,1.000,3.000,0.000,0.000,95.000,0,0,0
B3_zmq_pushpull,zmq_tcp,none,none,,1,19029,512,584,1785153455489379000,1785153455489379000,1785153455489379000,1785153455489380000,1785153455489515000,1785153455489517000,1785153455489517000,1785153455489517000,121932490,121652369,-145.121,0.000,0.000,1.000,2.000,0.000,0.000,73.000,0,0,0
B3_zmq_pushpull,zmq_tcp,none,none,,1,19030,512,584,1785153455490502000,1785153455490502000,1785153455490502000,1785153455490504000,1785153455490662000,1785153455490665000,1785153455490665000,1785153455490665000,121932490,121652369,-122.121,0.000,0.000,2.000,3.000,0.000,0.000,23.000,0,0,0
B3_zmq_pushpull,zmq_tcp,none,none,,1,19031,512,584,1785153455491500000,1785153455491500000,1785153455491500000,1785153455491501000,1785153455491657000,1785153455491660000,1785153455491660000,1785153455491660000,121932490,121652369,-124.121,0.000,0.000,1.000,3.000,0.000,0.000,2.000,0,0,0
B3_zmq_pushpull,zmq_tcp,none,none,,1,19032,512,584,1785153455492382000,1785153455492382000,1785153455492382000,1785153455492383000,1785153455492527000,1785153455492530000,1785153455492530000,1785153455492530000,121932490,121652369,-136.121,0.000,0.000,1.000,3.000,0.000,0.000,12.000,0,0,0
B3_zmq_pushpull,zmq_tcp,none,none,,1,19033,512,584,1785153455493384000,1785153455493384000,1785153455493384000,1785153455493385000,1785153455493532000,1785153455493535000,1785153455493535000,1785153455493535000,121932490,121652369,-133.121,0.000,0.000,1.000,3.000,0.000,0.000,3.000,0,0,0
B3_zmq_pushpull,zmq_tcp,none,none,,1,19034,512,584,1785153455494623000,1785153455494624000,1785153455494624000,1785153455494625000,1785153455494811000,1785153455494813000,1785153455494813000,1785153455494813000,121932490,121652369,-94.121,1.000,0.000,1.000,2.000,0.000,0.000,39.000,0,0,0
B3_zmq_pushpull,zmq_tcp,none,none,,1,19035,512,584,1785153455495558000,1785153455495558000,1785153455495558000,1785153455495559000,1785153455495670000,1785153455495672000,1785153455495672000,1785153455495672000,121932490,121652369,-169.121,0.000,0.000,1.000,2.000,0.000,0.000,75.000,0,0,0
B3_zmq_pushpull,zmq_tcp,none,none,,1,19036,512,584,1785153455496581000,1785153455496581000,1785153455496581000,1785153455496582000,1785153455496665000,1785153455496668000,1785153455496668000,1785153455496668000,121932490,121652369,-197.121,0.000,0.000,1.000,3.000,0.000,0.000,28.000,0,0,0
B3_zmq_pushpull,zmq_tcp,none,none,,1,19037,512,584,1785153455497573000,1785153455497573000,1785153455497573000,1785153455497574000,1785153455497681000,1785153455497689000,1785153455497689000,1785153455497689000,121932490,121652369,-173.121,0.000,0.000,1.000,8.000,0.000,0.000,24.000,0,0,0
B3_zmq_pushpull,zmq_tcp,none,none,,1,19038,512,584,1785153455498576000,1785153455498576000,1785153455498576000,1785153455498577000,1785153455498689000,1785153455498692000,1785153455498692000,1785153455498692000,121932490,121652369,-168.121,0.000,0.000,1.000,3.000,0.000,0.000,5.000,0,0,0
B3_zmq_pushpull,zmq_tcp,none,none,,1,19039,512,584,1785153455499391000,1785153455499391000,1785153455499391000,1785153455499392000,1785153455499536000,1785153455499539000,1785153455499539000,1785153455499539000,121932490,121652369,-136.121,0.000,0.000,1.000,3.000,0.000,0.000,32.000,0,0,0
B3_zmq_pushpull,zmq_tcp,none,none,,1,19040,512,584,1785153455500396000,1785153455500396000,1785153455500396000,1785153455500397000,1785153455500554000,1785153455500556000,1785153455500556000,1785153455500556000,121932490,121652369,-123.121,0.000,0.000,1.000,2.000,0.000,0.000,13.000,0,0,0
B3_zmq_pushpull,zmq_tcp,none,none,,1,19041,512,584,1785153455501400000,1785153455501401000,1785153455501401000,1785153455501402000,1785153455501549000,1785153455501552000,1785153455501552000,1785153455501552000,121932490,121652369,-133.121,1.000,0.000,1.000,3.000,0.000,0.000,10.000,0,0,0
B3_zmq_pushpull,zmq_tcp,none,none,,1,19042,512,584,1785153455502619000,1785153455502619000,1785153455502619000,1785153455502620000,1785153455502698000,1785153455502700000,1785153455502700000,1785153455502700000,121932490,121652369,-202.121,0.000,0.000,1.000,2.000,0.000,0.000,69.000,0,0,0
B3_zmq_pushpull,zmq_tcp,none,none,,1,19043,512,584,1785153455503562000,1785153455503562000,1785153455503562000,1785153455503563000,1785153455503674000,1785153455503678000,1785153455503678000,1785153455503678000,121932490,121652369,-169.121,0.000,0.000,1.000,4.000,0.000,0.000,33.000,0,0,0
B3_zmq_pushpull,zmq_tcp,none,none,,1,19044,512,584,1785153455504379000,1785153455504379000,1785153455504379000,1785153455504380000,1785153455504537000,1785153455504540000,1785153455504540000,1785153455504540000,121932490,121652369,-123.121,0.000,0.000,1.000,3.000,0.000,0.000,46.000,0,0,0
B3_zmq_pushpull,zmq_tcp,none,none,,1,19045,512,584,1785153455505623000,1785153455505624000,1785153455505624000,1785153455505624000,1785153455505820000,1785153455505823000,1785153455505823000,1785153455505823000,121932490,121652369,-84.121,1.000,0.000,0.000,3.000,0.000,0.000,39.000,0,0,0
B3_zmq_pushpull,zmq_tcp,none,none,,1,19046,512,584,1785153455506559000,1785153455506559000,1785153455506559000,1785153455506560000,1785153455506699000,1785153455506702000,1785153455506702000,1785153455506702000,121932490,121652369,-141.121,0.000,0.000,1.000,3.000,0.000,0.000,57.000,0,0,0
B3_zmq_pushpull,zmq_tcp,none,none,,1,19047,512,584,1785153455507578000,1785153455507578000,1785153455507578000,1785153455507579000,1785153455507695000,1785153455507698000,1785153455507698000,1785153455507698000,121932490,121652369,-164.121,0.000,0.000,1.000,3.000,0.000,0.000,23.000,0,0,0
B3_zmq_pushpull,zmq_tcp,none,none,,1,19048,512,584,1785153455508574000,1785153455508574000,1785153455508574000,1785153455508575000,1785153455508706000,1785153455508708000,1785153455508708000,1785153455508708000,121932490,121652369,-149.121,0.000,0.000,1.000,2.000,0.000,0.000,15.000,0,0,0
B3_zmq_pushpull,zmq_tcp,none,none,,1,19049,512,584,1785153455509574000,1785153455509574000,1785153455509574000,1785153455509575000,1785153455509694000,1785153455509697000,1785153455509697000,1785153455509697000,121932490,121652369,-161.121,0.000,0.000,1.000,3.000,0.000,0.000,12.000,0,0,0
B3_zmq_pushpull,zmq_tcp,none,none,,1,19050,512,584,1785153455510572000,1785153455510572000,1785153455510573000,1785153455510573000,1785153455510700000,1785153455510703000,1785153455510703000,1785153455510703000,121932490,121652369,-153.121,0.000,1.000,0.000,3.000,0.000,0.000,8.000,0,0,0
B3_zmq_pushpull,zmq_tcp,none,none,,1,19051,512,584,1785153455511578000,1785153455511578000,1785153455511578000,1785153455511579000,1785153455511705000,1785153455511708000,1785153455511708000,1785153455511708000,121932490,121652369,-154.121,0.000,0.000,1.000,3.000,0.000,0.000,1.000,0,0,0
B3_zmq_pushpull,zmq_tcp,none,none,,1,19052,512,584,1785153455512574000,1785153455512574000,1785153455512574000,1785153455512575000,1785153455512687000,1785153455512690000,1785153455512690000,1785153455512690000,121932490,121652369,-168.121,0.000,0.000,1.000,3.000,0.000,0.000,14.000,0,0,0
B3_zmq_pushpull,zmq_tcp,none,none,,1,19053,512,584,1785153455513574000,1785153455513574000,1785153455513574000,1785153455513575000,1785153455513673000,1785153455513676000,1785153455513676000,1785153455513676000,121932490,121652369,-182.121,0.000,0.000,1.000,3.000,0.000,0.000,14.000,0,0,0
B3_zmq_pushpull,zmq_tcp,none,none,,1,19054,512,584,1785153455514573000,1785153455514574000,1785153455514574000,1785153455514575000,1785153455514684000,1785153455514687000,1785153455514687000,1785153455514687000,121932490,121652369,-171.121,1.000,0.000,1.000,3.000,0.000,0.000,11.000,0,0,0
B3_zmq_pushpull,zmq_tcp,none,none,,1,19055,512,584,1785153455515574000,1785153455515574000,1785153455515575000,1785153455515575000,1785153455515692000,1785153455515695000,1785153455515695000,1785153455515695000,121932490,121652369,-163.121,0.000,1.000,0.000,3.000,0.000,0.000,8.000,0,0,0
B3_zmq_pushpull,zmq_tcp,none,none,,1,19056,512,584,1785153455516574000,1785153455516574000,1785153455516574000,1785153455516575000,1785153455516707000,1785153455516710000,1785153455516710000,1785153455516710000,121932490,121652369,-148.121,0.000,0.000,1.000,3.000,0.000,0.000,15.000,0,0,0
B3_zmq_pushpull,zmq_tcp,none,none,,1,19057,512,584,1785153455517574000,1785153455517574000,1785153455517574000,1785153455517575000,1785153455517722000,1785153455517724000,1785153455517724000,1785153455517724000,121932490,121652369,-133.121,0.000,0.000,1.000,2.000,0.000,0.000,15.000,0,0,0
B3_zmq_pushpull,zmq_tcp,none,none,,1,19058,512,584,1785153455518575000,1785153455518575000,1785153455518575000,1785153455518576000,1785153455518710000,1785153455518712000,1785153455518712000,1785153455518712000,121932490,121652369,-146.121,0.000,0.000,1.000,2.000,0.000,0.000,13.000,0,0,0
B3_zmq_pushpull,zmq_tcp,none,none,,1,19059,512,584,1785153455519574000,1785153455519574000,1785153455519574000,1785153455519575000,1785153455519691000,1785153455519695000,1785153455519695000,1785153455519695000,121932490,121652369,-164.121,0.000,0.000,1.000,4.000,0.000,0.000,18.000,0,0,0
B3_zmq_pushpull,zmq_tcp,none,none,,1,19060,512,584,1785153455520574000,1785153455520574000,1785153455520574000,1785153455520575000,1785153455520691000,1785153455520694000,1785153455520694000,1785153455520694000,121932490,121652369,-164.121,0.000,0.000,1.000,3.000,0.000,0.000,0.000,0,0,0
B3_zmq_pushpull,zmq_tcp,none,none,,1,19061,512,584,1785153455521577000,1785153455521577000,1785153455521577000,1785153455521578000,1785153455521679000,1785153455521682000,1785153455521682000,1785153455521682000,121932490,121652369,-179.121,0.000,0.000,1.000,3.000,0.000,0.000,15.000,0,0,0
B3_zmq_pushpull,zmq_tcp,none,none,,1,19062,512,584,1785153455522575000,1785153455522575000,1785153455522575000,1785153455522576000,1785153455522687000,1785153455522690000,1785153455522690000,1785153455522690000,121932490,121652369,-169.121,0.000,0.000,1.000,3.000,0.000,0.000,10.000,0,0,0
B3_zmq_pushpull,zmq_tcp,none,none,,1,19063,512,584,1785153455523575000,1785153455523576000,1785153455523576000,1785153455523577000,1785153455523670000,1785153455523673000,1785153455523673000,1785153455523673000,121932490,121652369,-187.121,1.000,0.000,1.000,3.000,0.000,0.000,18.000,0,0,0
B3_zmq_pushpull,zmq_tcp,none,none,,1,19064,512,584,1785153455524574000,1785153455524574000,1785153455524574000,1785153455524575000,1785153455524669000,1785153455524671000,1785153455524671000,1785153455524671000,121932490,121652369,-186.121,0.000,0.000,1.000,2.000,0.000,0.000,1.000,0,0,0
B3_zmq_pushpull,zmq_tcp,none,none,,1,19065,512,584,1785153455525575000,1785153455525575000,1785153455525575000,1785153455525576000,1785153455525662000,1785153455525665000,1785153455525665000,1785153455525665000,121932490,121652369,-194.121,0.000,0.000,1.000,3.000,0.000,0.000,8.000,0,0,0
B3_zmq_pushpull,zmq_tcp,none,none,,1,19066,512,584,1785153455526572000,1785153455526572000,1785153455526572000,1785153455526573000,1785153455526667000,1785153455526672000,1785153455526672000,1785153455526672000,121932490,121652369,-186.121,0.000,0.000,1.000,5.000,0.000,0.000,8.000,0,0,0
B3_zmq_pushpull,zmq_tcp,none,none,,1,19067,512,584,1785153455527574000,1785153455527574000,1785153455527574000,1785153455527575000,1785153455527683000,1785153455527686000,1785153455527686000,1785153455527686000,121932490,121652369,-172.121,0.000,0.000,1.000,3.000,0.000,0.000,14.000,0,0,0
B3_zmq_pushpull,zmq_tcp,none,none,,1,19068,512,584,1785153455528574000,1785153455528575000,1785153455528575000,1785153455528576000,1785153455528675000,1785153455528678000,1785153455528678000,1785153455528678000,121932490,121652369,-181.121,1.000,0.000,1.000,3.000,0.000,0.000,9.000,0,0,0
B3_zmq_pushpull,zmq_tcp,none,none,,1,19069,512,584,1785153455529575000,1785153455529575000,1785153455529575000,1785153455529576000,1785153455529658000,1785153455529660000,1785153455529660000,1785153455529660000,121932490,121652369,-198.121,0.000,0.000,1.000,2.000,0.000,0.000,17.000,0,0,0
B3_zmq_pushpull,zmq_tcp,none,none,,1,19070,512,584,1785153455530570000,1785153455530570000,1785153455530570000,1785153455530571000,1785153455530657000,1785153455530659000,1785153455530659000,1785153455530659000,121932490,121652369,-194.121,0.000,0.000,1.000,2.000,0.000,0.000,4.000,0,0,0
B3_zmq_pushpull,zmq_tcp,none,none,,1,19071,512,584,1785153455531578000,1785153455531579000,1785153455531579000,1785153455531580000,1785153455531658000,1785153455531665000,1785153455531665000,1785153455531665000,121932490,121652369,-202.121,1.000,0.000,1.000,7.000,0.000,0.000,8.000,0,0,0
B3_zmq_pushpull,zmq_tcp,none,none,,1,19072,512,584,1785153455532499000,1785153455532499000,1785153455532499000,1785153455532500000,1785153455532658000,1785153455532661000,1785153455532661000,1785153455532661000,121932490,121652369,-122.121,0.000,0.000,1.000,3.000,0.000,0.000,80.000,0,0,0
B3_zmq_pushpull,zmq_tcp,none,none,,1,19073,512,584,1785153455533378000,1785153455533378000,1785153455533378000,1785153455533379000,1785153455533524000,1785153455533527000,1785153455533527000,1785153455533527000,121932490,121652369,-135.121,0.000,0.000,1.000,3.000,0.000,0.000,13.000,0,0,0
B3_zmq_pushpull,zmq_tcp,none,none,,1,19074,512,584,1785153455534381000,1785153455534382000,1785153455534382000,1785153455534382000,1785153455534540000,1785153455534543000,1785153455534543000,1785153455534543000,121932490,121652369,-122.121,1.000,0.000,0.000,3.000,0.000,0.000,13.000,0,0,0
B3_zmq_pushpull,zmq_tcp,none,none,,1,19075,512,584,1785153455535395000,1785153455535395000,1785153455535396000,1785153455535396000,1785153455535556000,1785153455535559000,1785153455535559000,1785153455535559000,121932490,121652369,-120.121,0.000,1.000,0.000,3.000,0.000,0.000,2.000,0,0,0
B3_zmq_pushpull,zmq_tcp,none,none,,1,19076,512,584,1785153455536620000,1785153455536621000,1785153455536621000,1785153455536622000,1785153455536723000,1785153455536726000,1785153455536726000,1785153455536726000,121932490,121652369,-179.121,1.000,0.000,1.000,3.000,0.000,0.000,59.000,0,0,0
B3_zmq_pushpull,zmq_tcp,none,none,,1,19077,512,584,1785153455537561000,1785153455537562000,1785153455537562000,1785153455537563000,1785153455537728000,1785153455537731000,1785153455537731000,1785153455537731000,121932490,121652369,-115.121,1.000,0.000,1.000,3.000,0.000,0.000,64.000,0,0,0
B3_zmq_pushpull,zmq_tcp,none,none,,1,19078,512,584,1785153455538578000,1785153455538578000,1785153455538578000,1785153455538579000,1785153455538726000,1785153455538728000,1785153455538728000,1785153455538728000,121932490,121652369,-133.121,0.000,0.000,1.000,2.000,0.000,0.000,18.000,0,0,0
B3_zmq_pushpull,zmq_tcp,none,none,,1,19079,512,584,1785153455539574000,1785153455539574000,1785153455539574000,1785153455539576000,1785153455539737000,1785153455539741000,1785153455539741000,1785153455539741000,121932490,121652369,-119.121,0.000,0.000,2.000,4.000,0.000,0.000,14.000,0,0,0
B3_zmq_pushpull,zmq_tcp,none,none,,1,19080,512,584,1785153455540574000,1785153455540575000,1785153455540575000,1785153455540576000,1785153455540742000,1785153455540745000,1785153455540745000,1785153455540745000,121932490,121652369,-114.121,1.000,0.000,1.000,3.000,0.000,0.000,5.000,0,0,0
B3_zmq_pushpull,zmq_tcp,none,none,,1,19081,512,584,1785153455541572000,1785153455541572000,1785153455541572000,1785153455541573000,1785153455541731000,1785153455541734000,1785153455541734000,1785153455541734000,121932490,121652369,-122.121,0.000,0.000,1.000,3.000,0.000,0.000,8.000,0,0,0
B3_zmq_pushpull,zmq_tcp,none,none,,1,19082,512,584,1785153455542575000,1785153455542575000,1785153455542575000,1785153455542576000,1785153455542730000,1785153455542737000,1785153455542737000,1785153455542737000,121932490,121652369,-126.121,0.000,0.000,1.000,7.000,0.000,0.000,4.000,0,0,0
B3_zmq_pushpull,zmq_tcp,none,none,,1,19083,512,584,1785153455543575000,1785153455543575000,1785153455543575000,1785153455543576000,1785153455543742000,1785153455543748000,1785153455543748000,1785153455543748000,121932490,121652369,-114.121,0.000,0.000,1.000,6.000,0.000,0.000,12.000,0,0,0
B3_zmq_pushpull,zmq_tcp,none,none,,1,19084,512,584,1785153455544462000,1785153455544463000,1785153455544463000,1785153455544464000,1785153455544620000,1785153455544623000,1785153455544623000,1785153455544623000,121932490,121652369,-124.121,1.000,0.000,1.000,3.000,0.000,0.000,10.000,0,0,0
B3_zmq_pushpull,zmq_tcp,none,none,,1,19085,512,584,1785153455545603000,1785153455545603000,1785153455545603000,1785153455545604000,1785153455545756000,1785153455545759000,1785153455545759000,1785153455545759000,121932490,121652369,-128.121,0.000,0.000,1.000,3.000,0.000,0.000,4.000,0,0,0
B3_zmq_pushpull,zmq_tcp,none,none,,1,19086,512,584,1785153455546469000,1785153455546469000,1785153455546470000,1785153455546470000,1785153455546628000,1785153455546631000,1785153455546631000,1785153455546631000,121932490,121652369,-122.121,0.000,1.000,0.000,3.000,0.000,0.000,6.000,0,0,0
B3_zmq_pushpull,zmq_tcp,none,none,,1,19087,512,584,1785153455547600000,1785153455547601000,1785153455547601000,1785153455547602000,1785153455547744000,1785153455547748000,1785153455547748000,1785153455547748000,121932490,121652369,-138.121,1.000,0.000,1.000,4.000,0.000,0.000,16.000,0,0,0
B3_zmq_pushpull,zmq_tcp,none,none,,1,19088,512,584,1785153455548564000,1785153455548564000,1785153455548564000,1785153455548565000,1785153455548624000,1785153455548627000,1785153455548627000,1785153455548627000,121932490,121652369,-221.121,0.000,0.000,1.000,3.000,0.000,0.000,83.000,0,0,0
B3_zmq_pushpull,zmq_tcp,none,none,,1,19089,512,584,1785153455549580000,1785153455549580000,1785153455549580000,1785153455549581000,1785153455549643000,1785153455549646000,1785153455549646000,1785153455549646000,121932490,121652369,-218.121,0.000,0.000,1.000,3.000,0.000,0.000,3.000,0,0,0
B3_zmq_pushpull,zmq_tcp,none,none,,1,19090,512,584,1785153455550573000,1785153455550573000,1785153455550573000,1785153455550574000,1785153455550643000,1785153455550646000,1785153455550646000,1785153455550646000,121932490,121652369,-211.121,0.000,0.000,1.000,3.000,0.000,0.000,7.000,0,0,0
B3_zmq_pushpull,zmq_tcp,none,none,,1,19091,512,584,1785153455551501000,1785153455551502000,1785153455551502000,1785153455551503000,1785153455551660000,1785153455551663000,1785153455551663000,1785153455551663000,121932490,121652369,-123.121,1.000,0.000,1.000,3.000,0.000,0.000,88.000,0,0,0
B3_zmq_pushpull,zmq_tcp,none,none,,1,19092,512,584,1785153455552592000,1785153455552592000,1785153455552592000,1785153455552593000,1785153455552672000,1785153455552675000,1785153455552675000,1785153455552675000,121932490,121652369,-201.121,0.000,0.000,1.000,3.000,0.000,0.000,78.000,0,0,0
B3_zmq_pushpull,zmq_tcp,none,none,,1,19093,512,584,1785153455553571000,1785153455553571000,1785153455553571000,1785153455553572000,1785153455553689000,1785153455553692000,1785153455553692000,1785153455553692000,121932490,121652369,-163.121,0.000,0.000,1.000,3.000,0.000,0.000,38.000,0,0,0
B3_zmq_pushpull,zmq_tcp,none,none,,1,19094,512,584,1785153455554576000,1785153455554576000,1785153455554576000,1785153455554577000,1785153455554684000,1785153455554688000,1785153455554688000,1785153455554688000,121932490,121652369,-173.121,0.000,0.000,1.000,4.000,0.000,0.000,10.000,0,0,0
B3_zmq_pushpull,zmq_tcp,none,none,,1,19095,512,584,1785153455555573000,1785153455555573000,1785153455555573000,1785153455555574000,1785153455555705000,1785153455555708000,1785153455555708000,1785153455555708000,121932490,121652369,-149.121,0.000,0.000,1.000,3.000,0.000,0.000,24.000,0,0,0
B3_zmq_pushpull,zmq_tcp,none,none,,1,19096,512,584,1785153455556575000,1785153455556575000,1785153455556576000,1785153455556576000,1785153455556711000,1785153455556714000,1785153455556714000,1785153455556714000,121932490,121652369,-145.121,0.000,1.000,0.000,3.000,0.000,0.000,4.000,0,0,0
B3_zmq_pushpull,zmq_tcp,none,none,,1,19097,512,584,1785153455557574000,1785153455557575000,1785153455557575000,1785153455557576000,1785153455557724000,1785153455557727000,1785153455557727000,1785153455557727000,121932490,121652369,-132.121,1.000,0.000,1.000,3.000,0.000,0.000,13.000,0,0,0
B3_zmq_pushpull,zmq_tcp,none,none,,1,19098,512,584,1785153455558449000,1785153455558449000,1785153455558449000,1785153455558451000,1785153455558593000,1785153455558595000,1785153455558595000,1785153455558595000,121932490,121652369,-138.121,0.000,0.000,2.000,2.000,0.000,0.000,6.000,0,0,0
B3_zmq_pushpull,zmq_tcp,none,none,,1,19099,512,584,1785153455559482000,1785153455559482000,1785153455559482000,1785153455559483000,1785153455559595000,1785153455559598000,1785153455559598000,1785153455559598000,121932490,121652369,-168.121,0.000,0.000,1.000,3.000,0.000,0.000,30.000,0,0,0
B3_zmq_pushpull,zmq_tcp,none,none,,1,19100,512,584,1785153455560447000,1785153455560447000,1785153455560447000,1785153455560448000,1785153455560604000,1785153455560607000,1785153455560607000,1785153455560607000,121932490,121652369,-124.121,0.000,0.000,1.000,3.000,0.000,0.000,44.000,0,0,0
B3_zmq_pushpull,zmq_tcp,none,none,,1,19101,512,584,1785153455561606000,1785153455561606000,1785153455561607000,1785153455561607000,1785153455561759000,1785153455561762000,1785153455561762000,1785153455561762000,121932490,121652369,-128.121,0.000,1.000,0.000,3.000,0.000,0.000,4.000,0,0,0
B3_zmq_pushpull,zmq_tcp,none,none,,1,19102,512,584,1785153455562566000,1785153455562566000,1785153455562567000,1785153455562567000,1785153455562626000,1785153455562628000,1785153455562628000,1785153455562628000,121932490,121652369,-221.121,0.000,1.000,0.000,2.000,0.000,0.000,93.000,0,0,0
B3_zmq_pushpull,zmq_tcp,none,none,,1,19103,512,584,1785153455563578000,1785153455563579000,1785153455563579000,1785153455563580000,1785153455563632000,1785153455563636000,1785153455563636000,1785153455563636000,121932490,121652369,-228.121,1.000,0.000,1.000,4.000,0.000,0.000,7.000,0,0,0
B3_zmq_pushpull,zmq_tcp,none,none,,1,19104,512,584,1785153455564574000,1785153455564575000,1785153455564575000,1785153455564576000,1785153455564627000,1785153455564630000,1785153455564631000,1785153455564631000,121932490,121652369,-229.121,1.000,0.000,1.000,3.000,1.000,0.000,1.000,0,0,0
B3_zmq_pushpull,zmq_tcp,none,none,,1,19105,512,584,1785153455565575000,1785153455565575000,1785153455565575000,1785153455565576000,1785153455565773000,1785153455565775000,1785153455565775000,1785153455565775000,121932490,121652369,-83.121,0.000,0.000,1.000,2.000,0.000,0.000,146.000,0,0,0
B3_zmq_pushpull,zmq_tcp,none,none,,1,19106,512,584,1785153455566572000,1785153455566572000,1785153455566572000,1785153455566573000,1785153455566643000,1785153455566646000,1785153455566646000,1785153455566646000,121932490,121652369,-210.121,0.000,0.000,1.000,3.000,0.000,0.000,127.000,0,0,0
B3_zmq_pushpull,zmq_tcp,none,none,,1,19107,512,584,1785153455567578000,1785153455567578000,1785153455567578000,1785153455567579000,1785153455567640000,1785153455567643000,1785153455567643000,1785153455567643000,121932490,121652369,-219.121,0.000,0.000,1.000,3.000,0.000,0.000,9.000,0,0,0
B3_zmq_pushpull,zmq_tcp,none,none,,1,19108,512,584,1785153455568573000,1785153455568574000,1785153455568574000,1785153455568575000,1785153455568638000,1785153455568641000,1785153455568641000,1785153455568641000,121932490,121652369,-217.121,1.000,0.000,1.000,3.000,0.000,0.000,2.000,0,0,0
B3_zmq_pushpull,zmq_tcp,none,none,,1,19109,512,584,1785153455569576000,1785153455569576000,1785153455569576000,1785153455569577000,1785153455569641000,1785153455569644000,1785153455569644000,1785153455569644000,121932490,121652369,-216.121,0.000,0.000,1.000,3.000,0.000,0.000,1.000,0,0,0
B3_zmq_pushpull,zmq_tcp,none,none,,1,19110,512,584,1785153455570574000,1785153455570574000,1785153455570574000,1785153455570575000,1785153455570655000,1785153455570658000,1785153455570658000,1785153455570658000,121932490,121652369,-200.121,0.000,0.000,1.000,3.000,0.000,0.000,16.000,0,0,0
B3_zmq_pushpull,zmq_tcp,none,none,,1,19111,512,584,1785153455571577000,1785153455571577000,1785153455571577000,1785153455571578000,1785153455571671000,1785153455571679000,1785153455571679000,1785153455571679000,121932490,121652369,-187.121,0.000,0.000,1.000,8.000,0.000,0.000,13.000,0,0,0
B3_zmq_pushpull,zmq_tcp,none,none,,1,19112,512,584,1785153455572574000,1785153455572575000,1785153455572575000,1785153455572576000,1785153455572681000,1785153455572684000,1785153455572684000,1785153455572684000,121932490,121652369,-175.121,1.000,0.000,1.000,3.000,0.000,0.000,12.000,0,0,0
B3_zmq_pushpull,zmq_tcp,none,none,,1,19113,512,584,1785153455573575000,1785153455573576000,1785153455573576000,1785153455573577000,1785153455573664000,1785153455573666000,1785153455573666000,1785153455573666000,121932490,121652369,-193.121,1.000,0.000,1.000,2.000,0.000,0.000,18.000,0,0,0
B3_zmq_pushpull,zmq_tcp,none,none,,1,19114,512,584,1785153455574573000,1785153455574573000,1785153455574573000,1785153455574574000,1785153455574646000,1785153455574649000,1785153455574649000,1785153455574649000,121932490,121652369,-208.121,0.000,0.000,1.000,3.000,0.000,0.000,15.000,0,0,0
B3_zmq_pushpull,zmq_tcp,none,none,,1,19115,512,584,1785153455575575000,1785153455575575000,1785153455575575000,1785153455575576000,1785153455575642000,1785153455575645000,1785153455575645000,1785153455575645000,121932490,121652369,-214.121,0.000,0.000,1.000,3.000,0.000,0.000,6.000,0,0,0
B3_zmq_pushpull,zmq_tcp,none,none,,1,19116,512,584,1785153455576575000,1785153455576575000,1785153455576575000,1785153455576576000,1785153455576628000,1785153455576631000,1785153455576631000,1785153455576631000,121932490,121652369,-228.121,0.000,0.000,1.000,3.000,0.000,0.000,14.000,0,0,0
B3_zmq_pushpull,zmq_tcp,none,none,,1,19117,512,584,1785153455577576000,1785153455577576000,1785153455577576000,1785153455577577000,1785153455577629000,1785153455577633000,1785153455577633000,1785153455577633000,121932490,121652369,-228.121,0.000,0.000,1.000,4.000,0.000,0.000,0.000,0,0,0
B3_zmq_pushpull,zmq_tcp,none,none,,1,19118,512,584,1785153455578575000,1785153455578575000,1785153455578575000,1785153455578576000,1785153455578763000,1785153455578766000,1785153455578766000,1785153455578766000,121932490,121652369,-93.121,0.000,0.000,1.000,3.000,0.000,0.000,135.000,0,0,0
B3_zmq_pushpull,zmq_tcp,none,none,,1,19119,512,584,1785153455579477000,1785153455579478000,1785153455579478000,1785153455579479000,1785153455579627000,1785153455579630000,1785153455579630000,1785153455579630000,121932490,121652369,-132.121,1.000,0.000,1.000,3.000,0.000,0.000,39.000,0,0,0
B3_zmq_pushpull,zmq_tcp,none,none,,1,19120,512,584,1785153455580598000,1785153455580599000,1785153455580599000,1785153455580600000,1785153455580763000,1785153455580766000,1785153455580766000,1785153455580766000,121932490,121652369,-117.121,1.000,0.000,1.000,3.000,0.000,0.000,15.000,0,0,0
B3_zmq_pushpull,zmq_tcp,none,none,,1,19121,512,584,1785153455581568000,1785153455581568000,1785153455581568000,1785153455581569000,1785153455581622000,1785153455581626000,1785153455581626000,1785153455581626000,121932490,121652369,-227.121,0.000,0.000,1.000,4.000,0.000,0.000,110.000,0,0,0
B3_zmq_pushpull,zmq_tcp,none,none,,1,19122,512,584,1785153455582576000,1785153455582576000,1785153455582576000,1785153455582577000,1785153455582623000,1785153455582626000,1785153455582626000,1785153455582626000,121932490,121652369,-234.121,0.000,0.000,1.000,3.000,0.000,0.000,7.000,0,0,0
B3_zmq_pushpull,zmq_tcp,none,none,,1,19123,512,584,1785153455583575000,1785153455583575000,1785153455583575000,1785153455583576000,1785153455583621000,1785153455583625000,1785153455583625000,1785153455583625000,121932490,121652369,-235.121,0.000,0.000,1.000,4.000,0.000,0.000,1.000,0,0,0
B3_zmq_pushpull,zmq_tcp,none,none,,1,19124,512,584,1785153455584449000,1785153455584449000,1785153455584449000,1785153455584450000,1785153455584607000,1785153455584610000,1785153455584610000,1785153455584610000,121932490,121652369,-123.121,0.000,0.000,1.000,3.000,0.000,0.000,112.000,0,0,0
B3_zmq_pushpull,zmq_tcp,none,none,,1,19125,512,584,1785153455585605000,1785153455585605000,1785153455585605000,1785153455585606000,1785153455585767000,1785153455585770000,1785153455585770000,1785153455585770000,121932490,121652369,-119.121,0.000,0.000,1.000,3.000,0.000,0.000,4.000,0,0,0
B3_zmq_pushpull,zmq_tcp,none,none,,1,19126,512,584,1785153455586568000,1785153455586569000,1785153455586569000,1785153455586570000,1785153455586761000,1785153455586763000,1785153455586763000,1785153455586763000,121932490,121652369,-89.121,1.000,0.000,1.000,2.000,0.000,0.000,30.000,0,0,0
B3_zmq_pushpull,zmq_tcp,none,none,,1,19127,512,584,1785153455587468000,1785153455587468000,1785153455587468000,1785153455587469000,1785153455587630000,1785153455587633000,1785153455587633000,1785153455587633000,121932490,121652369,-119.121,0.000,0.000,1.000,3.000,0.000,0.000,30.000,0,0,0
B3_zmq_pushpull,zmq_tcp,none,none,,1,19128,512,584,1785153455588484000,1785153455588484000,1785153455588484000,1785153455588485000,1785153455588638000,1785153455588641000,1785153455588641000,1785153455588641000,121932490,121652369,-127.121,0.000,0.000,1.000,3.000,0.000,0.000,8.000,0,0,0
B3_zmq_pushpull,zmq_tcp,none,none,,1,19129,512,584,1785153455589597000,1785153455589597000,1785153455589597000,1785153455589598000,1785153455589774000,1785153455589777000,1785153455589777000,1785153455589777000,121932490,121652369,-104.121,0.000,0.000,1.000,3.000,0.000,0.000,23.000,0,0,0
B3_zmq_pushpull,zmq_tcp,none,none,,1,19130,512,584,1785153455590572000,1785153455590572000,1785153455590572000,1785153455590573000,1785153455590762000,1785153455590765000,1785153455590765000,1785153455590765000,121932490,121652369,-91.121,0.000,0.000,1.000,3.000,0.000,0.000,13.000,0,0,0
B3_zmq_pushpull,zmq_tcp,none,none,,1,19131,512,584,1785153455591467000,1785153455591467000,1785153455591467000,1785153455591468000,1785153455591623000,1785153455591628000,1785153455591628000,1785153455591628000,121932490,121652369,-125.121,0.000,0.000,1.000,5.000,0.000,0.000,34.000,0,0,0
B3_zmq_pushpull,zmq_tcp,none,none,,1,19132,512,584,1785153455592486000,1785153455592486000,1785153455592486000,1785153455592487000,1785153455592634000,1785153455592642000,1785153455592642000,1785153455592642000,121932490,121652369,-133.121,0.000,0.000,1.000,8.000,0.000,0.000,8.000,0,0,0
B3_zmq_pushpull,zmq_tcp,none,none,,1,19133,512,584,1785153455593598000,1785153455593598000,1785153455593598000,1785153455593599000,1785153455593786000,1785153455593789000,1785153455593789000,1785153455593789000,121932490,121652369,-93.121,0.000,0.000,1.000,3.000,0.000,0.000,40.000,0,0,0
B3_zmq_pushpull,zmq_tcp,none,none,,1,19134,512,584,1785153455594480000,1785153455594480000,1785153455594480000,1785153455594481000,1785153455594640000,1785153455594645000,1785153455594645000,1785153455594645000,121932490,121652369,-121.121,0.000,0.000,1.000,5.000,0.000,0.000,28.000,0,0,0
B3_zmq_pushpull,zmq_tcp,none,none,,1,19135,512,584,1785153455595599000,1785153455595599000,1785153455595599000,1785153455595600000,1785153455595644000,1785153455595648000,1785153455595648000,1785153455595648000,121932490,121652369,-236.121,0.000,0.000,1.000,4.000,0.000,0.000,115.000,0,0,0
B3_zmq_pushpull,zmq_tcp,none,none,,1,19136,512,584,1785153455596569000,1785153455596569000,1785153455596569000,1785153455596570000,1785153455596645000,1785153455596647000,1785153455596647000,1785153455596647000,121932490,121652369,-205.121,0.000,0.000,1.000,2.000,0.000,0.000,31.000,0,0,0
B3_zmq_pushpull,zmq_tcp,none,none,,1,19137,512,584,1785153455597576000,1785153455597576000,1785153455597576000,1785153455597577000,1785153455597640000,1785153455597643000,1785153455597643000,1785153455597643000,121932490,121652369,-217.121,0.000,0.000,1.000,3.000,0.000,0.000,12.000,0,0,0
B3_zmq_pushpull,zmq_tcp,none,none,,1,19138,512,584,1785153455598575000,1785153455598575000,1785153455598575000,1785153455598576000,1785153455598642000,1785153455598645000,1785153455598645000,1785153455598645000,121932490,121652369,-214.121,0.000,0.000,1.000,3.000,0.000,0.000,3.000,0,0,0
B3_zmq_pushpull,zmq_tcp,none,none,,1,19139,512,584,1785153455599578000,1785153455599578000,1785153455599578000,1785153455599579000,1785153455599619000,1785153455599622000,1785153455599622000,1785153455599622000,121932490,121652369,-240.121,0.000,0.000,1.000,3.000,0.000,0.000,26.000,0,0,0
B3_zmq_pushpull,zmq_tcp,none,none,,1,19140,512,584,1785153455600477000,1785153455600477000,1785153455600477000,1785153455600478000,1785153455600637000,1785153455600639000,1785153455600639000,1785153455600639000,121932490,121652369,-121.121,0.000,0.000,1.000,2.000,0.000,0.000,119.000,0,0,0
B3_zmq_pushpull,zmq_tcp,none,none,,1,19141,512,584,1785153455601601000,1785153455601601000,1785153455601601000,1785153455601602000,1785153455601795000,1785153455601798000,1785153455601798000,1785153455601798000,121932490,121652369,-87.121,0.000,0.000,1.000,3.000,0.000,0.000,34.000,0,0,0
B3_zmq_pushpull,zmq_tcp,none,none,,1,19142,512,584,1785153455602567000,1785153455602567000,1785153455602567000,1785153455602568000,1785153455602662000,1785153455602665000,1785153455602665000,1785153455602665000,121932490,121652369,-186.121,0.000,0.000,1.000,3.000,0.000,0.000,99.000,0,0,0
B3_zmq_pushpull,zmq_tcp,none,none,,1,19143,512,584,1785153455603494000,1785153455603494000,1785153455603494000,1785153455603495000,1785153455603647000,1785153455603650000,1785153455603650000,1785153455603650000,121932490,121652369,-128.121,0.000,0.000,1.000,3.000,0.000,0.000,58.000,0,0,0
B3_zmq_pushpull,zmq_tcp,none,none,,1,19144,512,584,1785153455604595000,1785153455604595000,1785153455604595000,1785153455604596000,1785153455604749000,1785153455604752000,1785153455604752000,1785153455604752000,121932490,121652369,-127.121,0.000,0.000,1.000,3.000,0.000,0.000,1.000,0,0,0
B3_zmq_pushpull,zmq_tcp,none,none,,1,19145,512,584,1785153455605569000,1785153455605569000,1785153455605569000,1785153455605570000,1785153455605627000,1785153455605631000,1785153455605631000,1785153455605631000,121932490,121652369,-223.121,0.000,0.000,1.000,4.000,0.000,0.000,96.000,0,0,0
B3_zmq_pushpull,zmq_tcp,none,none,,1,19146,512,584,1785153455606480000,1785153455606480000,1785153455606480000,1785153455606481000,1785153455606639000,1785153455606642000,1785153455606642000,1785153455606642000,121932490,121652369,-122.121,0.000,0.000,1.000,3.000,0.000,0.000,101.000,0,0,0
B3_zmq_pushpull,zmq_tcp,none,none,,1,19147,512,584,1785153455607490000,1785153455607490000,1785153455607490000,1785153455607491000,1785153455607637000,1785153455607639000,1785153455607639000,1785153455607639000,121932490,121652369,-134.121,0.000,0.000,1.000,2.000,0.000,0.000,12.000,0,0,0
B3_zmq_pushpull,zmq_tcp,none,none,,1,19148,512,584,1785153455608597000,1785153455608597000,1785153455608597000,1785153455608598000,1785153455608767000,1785153455608770000,1785153455608770000,1785153455608770000,121932490,121652369,-111.121,0.000,0.000,1.000,3.000,0.000,0.000,23.000,0,0,0
B3_zmq_pushpull,zmq_tcp,none,none,,1,19149,512,584,1785153455609567000,1785153455609567000,1785153455609567000,1785153455609568000,1785153455609634000,1785153455609637000,1785153455609637000,1785153455609637000,121932490,121652369,-214.121,0.000,0.000,1.000,3.000,0.000,0.000,103.000,0,0,0
B3_zmq_pushpull,zmq_tcp,none,none,,1,19150,512,584,1785153455610576000,1785153455610576000,1785153455610576000,1785153455610577000,1785153455610616000,1785153455610618000,1785153455610618000,1785153455610618000,121932490,121652369,-241.121,0.000,0.000,1.000,2.000,0.000,0.000,27.000,0,0,0
B3_zmq_pushpull,zmq_tcp,none,none,,1,19151,512,584,1785153455611468000,1785153455611468000,1785153455611468000,1785153455611469000,1785153455611625000,1785153455611627000,1785153455611627000,1785153455611627000,121932490,121652369,-124.121,0.000,0.000,1.000,2.000,0.000,0.000,117.000,0,0,0
B3_zmq_pushpull,zmq_tcp,none,none,,1,19152,512,584,1785153455612466000,1785153455612466000,1785153455612466000,1785153455612467000,1785153455612615000,1785153455612618000,1785153455612619000,1785153455612619000,121932490,121652369,-132.121,0.000,0.000,1.000,3.000,1.000,0.000,8.000,0,0,0
B3_zmq_pushpull,zmq_tcp,none,none,,1,19153,512,584,1785153455613599000,1785153455613599000,1785153455613599000,1785153455613600000,1785153455613742000,1785153455613745000,1785153455613745000,1785153455613745000,121932490,121652369,-138.121,0.000,0.000,1.000,3.000,0.000,0.000,6.000,0,0,0
B3_zmq_pushpull,zmq_tcp,none,none,,1,19154,512,584,1785153455614571000,1785153455614571000,1785153455614571000,1785153455614572000,1785153455614741000,1785153455614743000,1785153455614743000,1785153455614743000,121932490,121652369,-111.121,0.000,0.000,1.000,2.000,0.000,0.000,27.000,0,0,0
B3_zmq_pushpull,zmq_tcp,none,none,,1,19155,512,584,1785153455615576000,1785153455615576000,1785153455615576000,1785153455615577000,1785153455615747000,1785153455615750000,1785153455615750000,1785153455615750000,121932490,121652369,-110.121,0.000,0.000,1.000,3.000,0.000,0.000,1.000,0,0,0
B3_zmq_pushpull,zmq_tcp,none,none,,1,19156,512,584,1785153455616453000,1785153455616453000,1785153455616453000,1785153455616454000,1785153455616607000,1785153455616610000,1785153455616610000,1785153455616610000,121932490,121652369,-127.121,0.000,0.000,1.000,3.000,0.000,0.000,17.000,0,0,0
B3_zmq_pushpull,zmq_tcp,none,none,,1,19157,512,584,1785153455617605000,1785153455617605000,1785153455617605000,1785153455617606000,1785153455617743000,1785153455617747000,1785153455617747000,1785153455617747000,121932490,121652369,-143.121,0.000,0.000,1.000,4.000,0.000,0.000,16.000,0,0,0
B3_zmq_pushpull,zmq_tcp,none,none,,1,19158,512,584,1785153455618423000,1785153455618423000,1785153455618423000,1785153455618424000,1785153455618571000,1785153455618574000,1785153455618574000,1785153455618574000,121932490,121652369,-133.121,0.000,0.000,1.000,3.000,0.000,0.000,10.000,0,0,0
B3_zmq_pushpull,zmq_tcp,none,none,,1,19159,512,584,1785153455619613000,1785153455619613000,1785153455619613000,1785153455619614000,1785153455619729000,1785153455619732000,1785153455619732000,1785153455619732000,121932490,121652369,-165.121,0.000,0.000,1.000,3.000,0.000,0.000,32.000,0,0,0
B3_zmq_pushpull,zmq_tcp,none,none,,1,19160,512,584,1785153455620439000,1785153455620440000,1785153455620440000,1785153455620441000,1785153455620598000,1785153455620601000,1785153455620601000,1785153455620601000,121932490,121652369,-123.121,1.000,0.000,1.000,3.000,0.000,0.000,42.000,0,0,0
B3_zmq_pushpull,zmq_tcp,none,none,,1,19161,512,584,1785153455621608000,1785153455621608000,1785153455621608000,1785153455621609000,1785153455621733000,1785153455621735000,1785153455621735000,1785153455621735000,121932490,121652369,-156.121,0.000,0.000,1.000,2.000,0.000,0.000,33.000,0,0,0
B3_zmq_pushpull,zmq_tcp,none,none,,1,19162,512,584,1785153455622568000,1785153455622568000,1785153455622568000,1785153455622569000,1785153455622746000,1785153455622749000,1785153455622749000,1785153455622749000,121932490,121652369,-103.121,0.000,0.000,1.000,3.000,0.000,0.000,53.000,0,0,0
B3_zmq_pushpull,zmq_tcp,none,none,,1,19163,512,584,1785153455623576000,1785153455623576000,1785153455623576000,1785153455623577000,1785153455623739000,1785153455623742000,1785153455623742000,1785153455623742000,121932490,121652369,-118.121,0.000,0.000,1.000,3.000,0.000,0.000,15.000,0,0,0
B3_zmq_pushpull,zmq_tcp,none,none,,1,19164,512,584,1785153455624571000,1785153455624571000,1785153455624571000,1785153455624572000,1785153455624741000,1785153455624744000,1785153455624744000,1785153455624744000,121932490,121652369,-111.121,0.000,0.000,1.000,3.000,0.000,0.000,7.000,0,0,0
B3_zmq_pushpull,zmq_tcp,none,none,,1,19165,512,584,1785153455625441000,1785153455625441000,1785153455625441000,1785153455625442000,1785153455625585000,1785153455625588000,1785153455625588000,1785153455625588000,121932490,121652369,-137.121,0.000,0.000,1.000,3.000,0.000,0.000,26.000,0,0,0
B3_zmq_pushpull,zmq_tcp,none,none,,1,19166,512,584,1785153455626608000,1785153455626608000,1785153455626608000,1785153455626609000,1785153455626728000,1785153455626730000,1785153455626730000,1785153455626730000,121932490,121652369,-161.121,0.000,0.000,1.000,2.000,0.000,0.000,24.000,0,0,0
B3_zmq_pushpull,zmq_tcp,none,none,,1,19167,512,584,1785153455627567000,1785153455627567000,1785153455627567000,1785153455627568000,1785153455627726000,1785153455627729000,1785153455627729000,1785153455627729000,121932490,121652369,-122.121,0.000,0.000,1.000,3.000,0.000,0.000,39.000,0,0,0
B3_zmq_pushpull,zmq_tcp,none,none,,1,19168,512,584,1785153455628576000,1785153455628576000,1785153455628576000,1785153455628577000,1785153455628732000,1785153455628736000,1785153455628736000,1785153455628736000,121932490,121652369,-125.121,0.000,0.000,1.000,4.000,0.000,0.000,3.000,0,0,0
B3_zmq_pushpull,zmq_tcp,none,none,,1,19169,512,584,1785153455629575000,1785153455629575000,1785153455629575000,1785153455629576000,1785153455629744000,1785153455629746000,1785153455629746000,1785153455629746000,121932490,121652369,-112.121,0.000,0.000,1.000,2.000,0.000,0.000,13.000,0,0,0
B3_zmq_pushpull,zmq_tcp,none,none,,1,19170,512,584,1785153455630575000,1785153455630575000,1785153455630575000,1785153455630576000,1785153455630753000,1785153455630756000,1785153455630756000,1785153455630756000,121932490,121652369,-103.121,0.000,0.000,1.000,3.000,0.000,0.000,9.000,0,0,0
B3_zmq_pushpull,zmq_tcp,none,none,,1,19171,512,584,1785153455631572000,1785153455631572000,1785153455631572000,1785153455631573000,1785153455631618000,1785153455631622000,1785153455631622000,1785153455631622000,121932490,121652369,-235.121,0.000,0.000,1.000,4.000,0.000,0.000,132.000,0,0,0
B3_zmq_pushpull,zmq_tcp,none,none,,1,19172,512,584,1785153455632458000,1785153455632458000,1785153455632458000,1785153455632459000,1785153455632614000,1785153455632617000,1785153455632617000,1785153455632617000,121932490,121652369,-125.121,0.000,0.000,1.000,3.000,0.000,0.000,110.000,0,0,0
B3_zmq_pushpull,zmq_tcp,none,none,,1,19173,512,584,1785153455633604000,1785153455633604000,1785153455633604000,1785153455633605000,1785153455633763000,1785153455633765000,1785153455633765000,1785153455633765000,121932490,121652369,-122.121,0.000,0.000,1.000,2.000,0.000,0.000,3.000,0,0,0
B3_zmq_pushpull,zmq_tcp,none,none,,1,19174,512,584,1785153455634566000,1785153455634566000,1785153455634566000,1785153455634567000,1785153455634628000,1785153455634630000,1785153455634631000,1785153455634631000,121932490,121652369,-219.121,0.000,0.000,1.000,2.000,1.000,0.000,97.000,0,0,0
B3_zmq_pushpull,zmq_tcp,none,none,,1,19175,512,584,1785153455635472000,1785153455635472000,1785153455635472000,1785153455635473000,1785153455635622000,1785153455635624000,1785153455635624000,1785153455635624000,121932490,121652369,-131.121,0.000,0.000,1.000,2.000,0.000,0.000,88.000,0,0,0
B3_zmq_pushpull,zmq_tcp,none,none,,1,19176,512,584,1785153455636600000,1785153455636600000,1785153455636600000,1785153455636601000,1785153455636765000,1785153455636768000,1785153455636768000,1785153455636768000,121932490,121652369,-116.121,0.000,0.000,1.000,3.000,0.000,0.000,15.000,0,0,0
B3_zmq_pushpull,zmq_tcp,none,none,,1,19177,512,584,1785153455637570000,1785153455637570000,1785153455637570000,1785153455637571000,1785153455637765000,1785153455637769000,1785153455637769000,1785153455637769000,121932490,121652369,-86.121,0.000,0.000,1.000,4.000,0.000,0.000,30.000,0,0,0
B3_zmq_pushpull,zmq_tcp,none,none,,1,19178,512,584,1785153455638573000,1785153455638574000,1785153455638574000,1785153455638575000,1785153455638752000,1785153455638754000,1785153455638754000,1785153455638754000,121932490,121652369,-103.121,1.000,0.000,1.000,2.000,0.000,0.000,17.000,0,0,0
B3_zmq_pushpull,zmq_tcp,none,none,,1,19179,512,584,1785153455639453000,1785153455639453000,1785153455639454000,1785153455639454000,1785153455639613000,1785153455639616000,1785153455639616000,1785153455639616000,121932490,121652369,-121.121,0.000,1.000,0.000,3.000,0.000,0.000,18.000,0,0,0
B3_zmq_pushpull,zmq_tcp,none,none,,1,19180,512,584,1785153455640459000,1785153455640460000,1785153455640460000,1785153455640461000,1785153455640608000,1785153455640610000,1785153455640610000,1785153455640610000,121932490,121652369,-133.121,1.000,0.000,1.000,2.000,0.000,0.000,12.000,0,0,0
B3_zmq_pushpull,zmq_tcp,none,none,,1,19181,512,584,1785153455641604000,1785153455641604000,1785153455641604000,1785153455641605000,1785153455641745000,1785153455641747000,1785153455641748000,1785153455641748000,121932490,121652369,-140.121,0.000,0.000,1.000,2.000,1.000,0.000,7.000,0,0,0
B3_zmq_pushpull,zmq_tcp,none,none,,1,19182,512,584,1785153455642567000,1785153455642568000,1785153455642568000,1785153455642569000,1785153455642758000,1785153455642761000,1785153455642761000,1785153455642761000,121932490,121652369,-91.121,1.000,0.000,1.000,3.000,0.000,0.000,49.000,0,0,0
B3_zmq_pushpull,zmq_tcp,none,none,,1,19183,512,584,1785153455643578000,1785153455643578000,1785153455643578000,1785153455643579000,1785153455643621000,1785153455643625000,1785153455643625000,1785153455643625000,121932490,121652369,-238.121,0.000,0.000,1.000,4.000,0.000,0.000,147.000,0,0,0
B3_zmq_pushpull,zmq_tcp,none,none,,1,19184,512,584,1785153455644464000,1785153455644464000,1785153455644464000,1785153455644465000,1785153455644618000,1785153455644621000,1785153455644621000,1785153455644621000,121932490,121652369,-127.121,0.000,0.000,1.000,3.000,0.000,0.000,111.000,0,0,0
B3_zmq_pushpull,zmq_tcp,none,none,,1,19185,512,584,1785153455645460000,1785153455645461000,1785153455645461000,1785153455645462000,1785153455645618000,1785153455645621000,1785153455645621000,1785153455645621000,121932490,121652369,-124.121,1.000,0.000,1.000,3.000,0.000,0.000,3.000,0,0,0
B3_zmq_pushpull,zmq_tcp,none,none,,1,19186,512,584,1785153455646599000,1785153455646599000,1785153455646599000,1785153455646600000,1785153455646756000,1785153455646758000,1785153455646758000,1785153455646758000,121932490,121652369,-124.121,0.000,0.000,1.000,2.000,0.000,0.000,0.000,0,0,0
B3_zmq_pushpull,zmq_tcp,none,none,,1,19187,512,584,1785153455647570000,1785153455647571000,1785153455647571000,1785153455647572000,1785153455647630000,1785153455647633000,1785153455647633000,1785153455647633000,121932490,121652369,-222.121,1.000,0.000,1.000,3.000,0.000,0.000,98.000,0,0,0
B3_zmq_pushpull,zmq_tcp,none,none,,1,19188,512,584,1785153455648576000,1785153455648576000,1785153455648576000,1785153455648577000,1785153455648631000,1785153455648633000,1785153455648633000,1785153455648633000,121932490,121652369,-226.121,0.000,0.000,1.000,2.000,0.000,0.000,4.000,0,0,0
B3_zmq_pushpull,zmq_tcp,none,none,,1,19189,512,584,1785153455649575000,1785153455649575000,1785153455649575000,1785153455649576000,1785153455649764000,1785153455649767000,1785153455649767000,1785153455649767000,121932490,121652369,-92.121,0.000,0.000,1.000,3.000,0.000,0.000,134.000,0,0,0
B3_zmq_pushpull,zmq_tcp,none,none,,1,19190,512,584,1785153455650467000,1785153455650467000,1785153455650467000,1785153455650468000,1785153455650626000,1785153455650629000,1785153455650629000,1785153455650629000,121932490,121652369,-122.121,0.000,0.000,1.000,3.000,0.000,0.000,30.000,0,0,0
B3_zmq_pushpull,zmq_tcp,none,none,,1,19191,512,584,1785153455651603000,1785153455651603000,1785153455651603000,1785153455651604000,1785153455651764000,1785153455651766000,1785153455651766000,1785153455651766000,121932490,121652369,-120.121,0.000,0.000,1.000,2.000,0.000,0.000,2.000,0,0,0
B3_zmq_pushpull,zmq_tcp,none,none,,1,19192,512,584,1785153455652564000,1785153455652564000,1785153455652564000,1785153455652565000,1785153455652618000,1785153455652621000,1785153455652621000,1785153455652621000,121932490,121652369,-227.121,0.000,0.000,1.000,3.000,0.000,0.000,107.000,0,0,0
B3_zmq_pushpull,zmq_tcp,none,none,,1,19193,512,584,1785153455653577000,1785153455653578000,1785153455653578000,1785153455653579000,1785153455653625000,1785153455653628000,1785153455653628000,1785153455653628000,121932490,121652369,-234.121,1.000,0.000,1.000,3.000,0.000,0.000,7.000,0,0,0
B3_zmq_pushpull,zmq_tcp,none,none,,1,19194,512,584,1785153455654574000,1785153455654574000,1785153455654574000,1785153455654575000,1785153455654751000,1785153455654754000,1785153455654754000,1785153455654754000,121932490,121652369,-104.121,0.000,0.000,1.000,3.000,0.000,0.000,130.000,0,0,0
B3_zmq_pushpull,zmq_tcp,none,none,,1,19195,512,584,1785153455655445000,1785153455655445000,1785153455655445000,1785153455655446000,1785153455655605000,1785153455655608000,1785153455655608000,1785153455655608000,121932490,121652369,-121.121,0.000,0.000,1.000,3.000,0.000,0.000,17.000,0,0,0
B3_zmq_pushpull,zmq_tcp,none,none,,1,19196,512,584,1785153455656439000,1785153455656440000,1785153455656440000,1785153455656441000,1785153455656596000,1785153455656599000,1785153455656599000,1785153455656599000,121932490,121652369,-125.121,1.000,0.000,1.000,3.000,0.000,0.000,4.000,0,0,0
B3_zmq_pushpull,zmq_tcp,none,none,,1,19197,512,584,1785153455657610000,1785153455657610000,1785153455657610000,1785153455657611000,1785153455657732000,1785153455657735000,1785153455657735000,1785153455657735000,121932490,121652369,-159.121,0.000,0.000,1.000,3.000,0.000,0.000,34.000,0,0,0
B3_zmq_pushpull,zmq_tcp,none,none,,1,19198,512,584,1785153455658422000,1785153455658422000,1785153455658422000,1785153455658423000,1785153455658574000,1785153455658577000,1785153455658577000,1785153455658577000,121932490,121652369,-129.121,0.000,0.000,1.000,3.000,0.000,0.000,30.000,0,0,0
B3_zmq_pushpull,zmq_tcp,none,none,,1,19199,512,584,1785153455659615000,1785153455659616000,1785153455659616000,1785153455659617000,1785153455659721000,1785153455659724000,1785153455659724000,1785153455659724000,121932490,121652369,-176.121,1.000,0.000,1.000,3.000,0.000,0.000,47.000,0,0,0
B3_zmq_pushpull,zmq_tcp,none,none,,1,19200,512,584,1785153455660562000,1785153455660562000,1785153455660562000,1785153455660563000,1785153455660742000,1785153455660745000,1785153455660745000,1785153455660745000,121932490,121652369,-101.121,0.000,0.000,1.000,3.000,0.000,0.000,75.000,0,0,0
B3_zmq_pushpull,zmq_tcp,none,none,,1,19201,512,584,1785153455661580000,1785153455661580000,1785153455661580000,1785153455661581000,1785153455661768000,1785153455661770000,1785153455661770000,1785153455661770000,121932490,121652369,-93.121,0.000,0.000,1.000,2.000,0.000,0.000,8.000,0,0,0
B3_zmq_pushpull,zmq_tcp,none,none,,1,19202,512,584,1785153455662574000,1785153455662574000,1785153455662574000,1785153455662575000,1785153455662641000,1785153455662644000,1785153455662644000,1785153455662644000,121932490,121652369,-214.121,0.000,0.000,1.000,3.000,0.000,0.000,121.000,0,0,0
B3_zmq_pushpull,zmq_tcp,none,none,,1,19203,512,584,1785153455663578000,1785153455663578000,1785153455663578000,1785153455663579000,1785153455663651000,1785153455663654000,1785153455663654000,1785153455663654000,121932490,121652369,-208.121,0.000,0.000,1.000,3.000,0.000,0.000,6.000,0,0,0
B3_zmq_pushpull,zmq_tcp,none,none,,1,19204,512,584,1785153455664571000,1785153455664571000,1785153455664571000,1785153455664572000,1785153455664650000,1785153455664653000,1785153455664653000,1785153455664653000,121932490,121652369,-202.121,0.000,0.000,1.000,3.000,0.000,0.000,6.000,0,0,0
B3_zmq_pushpull,zmq_tcp,none,none,,1,19205,512,584,1785153455665576000,1785153455665576000,1785153455665576000,1785153455665577000,1785153455665653000,1785153455665656000,1785153455665656000,1785153455665656000,121932490,121652369,-204.121,0.000,0.000,1.000,3.000,0.000,0.000,2.000,0,0,0
B3_zmq_pushpull,zmq_tcp,none,none,,1,19206,512,584,1785153455666575000,1785153455666575000,1785153455666575000,1785153455666576000,1785153455666658000,1785153455666661000,1785153455666661000,1785153455666661000,121932490,121652369,-198.121,0.000,0.000,1.000,3.000,0.000,0.000,6.000,0,0,0
B3_zmq_pushpull,zmq_tcp,none,none,,1,19207,512,584,1785153455667504000,1785153455667504000,1785153455667504000,1785153455667506000,1785153455667662000,1785153455667665000,1785153455667665000,1785153455667665000,121932490,121652369,-124.121,0.000,0.000,2.000,3.000,0.000,0.000,74.000,0,0,0
B3_zmq_pushpull,zmq_tcp,none,none,,1,19208,512,584,1785153455668380000,1785153455668380000,1785153455668380000,1785153455668381000,1785153455668526000,1785153455668529000,1785153455668529000,1785153455668529000,121932490,121652369,-135.121,0.000,0.000,1.000,3.000,0.000,0.000,11.000,0,0,0
B3_zmq_pushpull,zmq_tcp,none,none,,1,19209,512,584,1785153455669378000,1785153455669378000,1785153455669378000,1785153455669379000,1785153455669538000,1785153455669541000,1785153455669541000,1785153455669541000,121932490,121652369,-121.121,0.000,0.000,1.000,3.000,0.000,0.000,14.000,0,0,0
B3_zmq_pushpull,zmq_tcp,none,none,,1,19210,512,584,1785153455670624000,1785153455670624000,1785153455670625000,1785153455670625000,1785153455670806000,1785153455670809000,1785153455670809000,1785153455670809000,121932490,121652369,-99.121,0.000,1.000,0.000,3.000,0.000,0.000,22.000,0,0,0
B3_zmq_pushpull,zmq_tcp,none,none,,1,19211,512,584,1785153455671562000,1785153455671562000,1785153455671562000,1785153455671563000,1785153455671657000,1785153455671660000,1785153455671660000,1785153455671660000,121932490,121652369,-186.121,0.000,0.000,1.000,3.000,0.000,0.000,87.000,0,0,0
B3_zmq_pushpull,zmq_tcp,none,none,,1,19212,512,584,1785153455672579000,1785153455672579000,1785153455672579000,1785153455672580000,1785153455672633000,1785153455672636000,1785153455672636000,1785153455672636000,121932490,121652369,-227.121,0.000,0.000,1.000,3.000,0.000,0.000,41.000,0,0,0
B3_zmq_pushpull,zmq_tcp,none,none,,1,19213,512,584,1785153455673574000,1785153455673574000,1785153455673574000,1785153455673575000,1785153455673632000,1785153455673634000,1785153455673634000,1785153455673634000,121932490,121652369,-223.121,0.000,0.000,1.000,2.000,0.000,0.000,4.000,0,0,0
B3_zmq_pushpull,zmq_tcp,none,none,,1,19214,512,584,1785153455674581000,1785153455674581000,1785153455674581000,1785153455674582000,1785153455674650000,1785153455674654000,1785153455674654000,1785153455674654000,121932490,121652369,-212.121,0.000,0.000,1.000,4.000,0.000,0.000,11.000,0,0,0
B3_zmq_pushpull,zmq_tcp,none,none,,1,19215,512,584,1785153455675572000,1785153455675573000,1785153455675573000,1785153455675574000,1785153455675658000,1785153455675661000,1785153455675661000,1785153455675661000,121932490,121652369,-196.121,1.000,0.000,1.000,3.000,0.000,0.000,16.000,0,0,0
B3_zmq_pushpull,zmq_tcp,none,none,,1,19216,512,584,1785153455676576000,1785153455676576000,1785153455676576000,1785153455676577000,1785153455676657000,1785153455676660000,1785153455676660000,1785153455676660000,121932490,121652369,-200.121,0.000,0.000,1.000,3.000,0.000,0.000,4.000,0,0,0
B3_zmq_pushpull,zmq_tcp,none,none,,1,19217,512,584,1785153455677578000,1785153455677578000,1785153455677578000,1785153455677579000,1785153455677668000,1785153455677670000,1785153455677671000,1785153455677671000,121932490,121652369,-191.121,0.000,0.000,1.000,2.000,1.000,0.000,9.000,0,0,0
B3_zmq_pushpull,zmq_tcp,none,none,,1,19218,512,584,1785153455678580000,1785153455678580000,1785153455678580000,1785153455678581000,1785153455678657000,1785153455678660000,1785153455678660000,1785153455678660000,121932490,121652369,-204.121,0.000,0.000,1.000,3.000,0.000,0.000,13.000,0,0,0
B3_zmq_pushpull,zmq_tcp,none,none,,1,19219,512,584,1785153455679574000,1785153455679574000,1785153455679574000,1785153455679575000,1785153455679643000,1785153455679646000,1785153455679646000,1785153455679646000,121932490,121652369,-212.121,0.000,0.000,1.000,3.000,0.000,0.000,8.000,0,0,0
B3_zmq_pushpull,zmq_tcp,none,none,,1,19220,512,584,1785153455680576000,1785153455680576000,1785153455680576000,1785153455680577000,1785153455680650000,1785153455680653000,1785153455680653000,1785153455680653000,121932490,121652369,-207.121,0.000,0.000,1.000,3.000,0.000,0.000,5.000,0,0,0
B3_zmq_pushpull,zmq_tcp,none,none,,1,19221,512,584,1785153455681575000,1785153455681575000,1785153455681575000,1785153455681576000,1785153455681656000,1785153455681659000,1785153455681659000,1785153455681659000,121932490,121652369,-200.121,0.000,0.000,1.000,3.000,0.000,0.000,7.000,0,0,0
B3_zmq_pushpull,zmq_tcp,none,none,,1,19222,512,584,1785153455682578000,1785153455682578000,1785153455682578000,1785153455682579000,1785153455682783000,1785153455682785000,1785153455682785000,1785153455682785000,121932490,121652369,-76.121,0.000,0.000,1.000,2.000,0.000,0.000,124.000,0,0,0
B3_zmq_pushpull,zmq_tcp,none,none,,1,19223,512,584,1785153455683570000,1785153455683570000,1785153455683570000,1785153455683571000,1785153455683649000,1785153455683652000,1785153455683652000,1785153455683652000,121932490,121652369,-202.121,0.000,0.000,1.000,3.000,0.000,0.000,126.000,0,0,0
B3_zmq_pushpull,zmq_tcp,none,none,,1,19224,512,584,1785153455684576000,1785153455684577000,1785153455684577000,1785153455684578000,1785153455684641000,1785153455684644000,1785153455684644000,1785153455684644000,121932490,121652369,-217.121,1.000,0.000,1.000,3.000,0.000,0.000,15.000,0,0,0
B3_zmq_pushpull,zmq_tcp,none,none,,1,19225,512,584,1785153455685575000,1785153455685575000,1785153455685575000,1785153455685576000,1785153455685643000,1785153455685646000,1785153455685646000,1785153455685646000,121932490,121652369,-213.121,0.000,0.000,1.000,3.000,0.000,0.000,4.000,0,0,0
B3_zmq_pushpull,zmq_tcp,none,none,,1,19226,512,584,1785153455686466000,1785153455686466000,1785153455686466000,1785153455686467000,1785153455686620000,1785153455686623000,1785153455686623000,1785153455686623000,121932490,121652369,-127.121,0.000,0.000,1.000,3.000,0.000,0.000,86.000,0,0,0
B3_zmq_pushpull,zmq_tcp,none,none,,1,19227,512,584,1785153455687601000,1785153455687601000,1785153455687601000,1785153455687602000,1785153455687749000,1785153455687752000,1785153455687752000,1785153455687752000,121932490,121652369,-133.121,0.000,0.000,1.000,3.000,0.000,0.000,6.000,0,0,0
B3_zmq_pushpull,zmq_tcp,none,none,,1,19228,512,584,1785153455688568000,1785153455688568000,1785153455688569000,1785153455688569000,1785153455688753000,1785153455688757000,1785153455688757000,1785153455688757000,121932490,121652369,-96.121,0.000,1.000,0.000,4.000,0.000,0.000,37.000,0,0,0
B3_zmq_pushpull,zmq_tcp,none,none,,1,19229,512,584,1785153455689452000,1785153455689452000,1785153455689452000,1785153455689453000,1785153455689611000,1785153455689613000,1785153455689613000,1785153455689613000,121932490,121652369,-122.121,0.000,0.000,1.000,2.000,0.000,0.000,26.000,0,0,0
B3_zmq_pushpull,zmq_tcp,none,none,,1,19230,512,584,1785153455690606000,1785153455690606000,1785153455690606000,1785153455690607000,1785153455690752000,1785153455690755000,1785153455690755000,1785153455690755000,121932490,121652369,-135.121,0.000,0.000,1.000,3.000,0.000,0.000,13.000,0,0,0
B3_zmq_pushpull,zmq_tcp,none,none,,1,19231,512,584,1785153455691565000,1785153455691565000,1785153455691565000,1785153455691566000,1785153455691751000,1785153455691754000,1785153455691754000,1785153455691754000,121932490,121652369,-95.121,0.000,0.000,1.000,3.000,0.000,0.000,40.000,0,0,0
B3_zmq_pushpull,zmq_tcp,none,none,,1,19232,512,584,1785153455692456000,1785153455692456000,1785153455692456000,1785153455692457000,1785153455692612000,1785153455692615000,1785153455692615000,1785153455692615000,121932490,121652369,-125.121,0.000,0.000,1.000,3.000,0.000,0.000,30.000,0,0,0
B3_zmq_pushpull,zmq_tcp,none,none,,1,19233,512,584,1785153455693441000,1785153455693441000,1785153455693441000,1785153455693442000,1785153455693596000,1785153455693599000,1785153455693599000,1785153455693599000,121932490,121652369,-126.121,0.000,0.000,1.000,3.000,0.000,0.000,1.000,0,0,0
B3_zmq_pushpull,zmq_tcp,none,none,,1,19234,512,584,1785153455694608000,1785153455694608000,1785153455694609000,1785153455694609000,1785153455694713000,1785153455694716000,1785153455694716000,1785153455694716000,121932490,121652369,-176.121,0.000,1.000,0.000,3.000,0.000,0.000,50.000,0,0,0
B3_zmq_pushpull,zmq_tcp,none,none,,1,19235,512,584,1785153455695434000,1785153455695434000,1785153455695434000,1785153455695435000,1785153455695593000,1785153455695596000,1785153455695597000,1785153455695597000,121932490,121652369,-122.121,0.000,0.000,1.000,3.000,1.000,0.000,54.000,0,0,0
B3_zmq_pushpull,zmq_tcp,none,none,,1,19236,512,584,1785153455696611000,1785153455696611000,1785153455696611000,1785153455696612000,1785153455696739000,1785153455696741000,1785153455696741000,1785153455696741000,121932490,121652369,-153.121,0.000,0.000,1.000,2.000,0.000,0.000,31.000,0,0,0
B3_zmq_pushpull,zmq_tcp,none,none,,1,19237,512,584,1785153455697566000,1785153455697567000,1785153455697567000,1785153455697568000,1785153455697625000,1785153455697628000,1785153455697628000,1785153455697628000,121932490,121652369,-223.121,1.000,0.000,1.000,3.000,0.000,0.000,70.000,0,0,0
B3_zmq_pushpull,zmq_tcp,none,none,,1,19238,512,584,1785153455698525000,1785153455698525000,1785153455698525000,1785153455698526000,1785153455698606000,1785153455698610000,1785153455698610000,1785153455698610000,121932490,121652369,-200.121,0.000,0.000,1.000,4.000,0.000,0.000,23.000,0,0,0
B3_zmq_pushpull,zmq_tcp,none,none,,1,19239,512,584,1785153455699448000,1785153455699448000,1785153455699448000,1785153455699449000,1785153455699604000,1785153455699607000,1785153455699607000,1785153455699607000,121932490,121652369,-125.121,0.000,0.000,1.000,3.000,0.000,0.000,75.000,0,0,0
B3_zmq_pushpull,zmq_tcp,none,none,,1,19240,512,584,1785153455700607000,1785153455700607000,1785153455700607000,1785153455700608000,1785153455700723000,1785153455700725000,1785153455700725000,1785153455700725000,121932490,121652369,-165.121,0.000,0.000,1.000,2.000,0.000,0.000,40.000,0,0,0
B3_zmq_pushpull,zmq_tcp,none,none,,1,19241,512,584,1785153455701569000,1785153455701569000,1785153455701569000,1785153455701570000,1785153455701731000,1785153455701733000,1785153455701733000,1785153455701733000,121932490,121652369,-119.121,0.000,0.000,1.000,2.000,0.000,0.000,46.000,0,0,0
B3_zmq_pushpull,zmq_tcp,none,none,,1,19242,512,584,1785153455702576000,1785153455702577000,1785153455702577000,1785153455702578000,1785153455702751000,1785153455702753000,1785153455702753000,1785153455702753000,121932490,121652369,-107.121,1.000,0.000,1.000,2.000,0.000,0.000,12.000,0,0,0
B3_zmq_pushpull,zmq_tcp,none,none,,1,19243,512,584,1785153455703576000,1785153455703576000,1785153455703576000,1785153455703577000,1785153455703757000,1785153455703760000,1785153455703760000,1785153455703760000,121932490,121652369,-100.121,0.000,0.000,1.000,3.000,0.000,0.000,7.000,0,0,0
B3_zmq_pushpull,zmq_tcp,none,none,,1,19244,512,584,1785153455704576000,1785153455704576000,1785153455704577000,1785153455704577000,1785153455704761000,1785153455704764000,1785153455704764000,1785153455704764000,121932490,121652369,-96.121,0.000,1.000,0.000,3.000,0.000,0.000,4.000,0,0,0
B3_zmq_pushpull,zmq_tcp,none,none,,1,19245,512,584,1785153455705571000,1785153455705572000,1785153455705572000,1785153455705573000,1785153455705627000,1785153455705631000,1785153455705631000,1785153455705631000,121932490,121652369,-226.121,1.000,0.000,1.000,4.000,0.000,0.000,130.000,0,0,0
B3_zmq_pushpull,zmq_tcp,none,none,,1,19246,512,584,1785153455706471000,1785153455706471000,1785153455706471000,1785153455706472000,1785153455706621000,1785153455706624000,1785153455706624000,1785153455706624000,121932490,121652369,-131.121,0.000,0.000,1.000,3.000,0.000,0.000,95.000,0,0,0
B3_zmq_pushpull,zmq_tcp,none,none,,1,19247,512,584,1785153455707603000,1785153455707603000,1785153455707603000,1785153455707604000,1785153455707787000,1785153455707790000,1785153455707790000,1785153455707790000,121932490,121652369,-97.121,0.000,0.000,1.000,3.000,0.000,0.000,34.000,0,0,0
B3_zmq_pushpull,zmq_tcp,none,none,,1,19248,512,584,1785153455708568000,1785153455708568000,1785153455708568000,1785153455708569000,1785153455708646000,1785153455708648000,1785153455708648000,1785153455708648000,121932490,121652369,-203.121,0.000,0.000,1.000,2.000,0.000,0.000,106.000,0,0,0
B3_zmq_pushpull,zmq_tcp,none,none,,1,19249,512,584,1785153455709578000,1785153455709579000,1785153455709579000,1785153455709580000,1785153455709667000,1785153455709670000,1785153455709670000,1785153455709670000,121932490,121652369,-193.121,1.000,0.000,1.000,3.000,0.000,0.000,10.000,0,0,0
B3_zmq_pushpull,zmq_tcp,none,none,,1,19250,512,584,1785153455710576000,1785153455710576000,1785153455710576000,1785153455710577000,1785153455710679000,1785153455710682000,1785153455710682000,1785153455710682000,121932490,121652369,-178.121,0.000,0.000,1.000,3.000,0.000,0.000,15.000,0,0,0
B3_zmq_pushpull,zmq_tcp,none,none,,1,19251,512,584,1785153455711578000,1785153455711578000,1785153455711578000,1785153455711579000,1785153455711685000,1785153455711688000,1785153455711688000,1785153455711688000,121932490,121652369,-174.121,0.000,0.000,1.000,3.000,0.000,0.000,4.000,0,0,0
B3_zmq_pushpull,zmq_tcp,none,none,,1,19252,512,584,1785153455712571000,1785153455712572000,1785153455712572000,1785153455712573000,1785153455712692000,1785153455712695000,1785153455712695000,1785153455712695000,121932490,121652369,-161.121,1.000,0.000,1.000,3.000,0.000,0.000,13.000,0,0,0
B3_zmq_pushpull,zmq_tcp,none,none,,1,19253,512,584,1785153455713579000,1785153455713579000,1785153455713579000,1785153455713580000,1785153455713696000,1785153455713699000,1785153455713699000,1785153455713699000,121932490,121652369,-164.121,0.000,0.000,1.000,3.000,0.000,0.000,3.000,0,0,0
B3_zmq_pushpull,zmq_tcp,none,none,,1,19254,512,584,1785153455714574000,1785153455714574000,1785153455714574000,1785153455714575000,1785153455714692000,1785153455714695000,1785153455714695000,1785153455714695000,121932490,121652369,-163.121,0.000,0.000,1.000,3.000,0.000,0.000,1.000,0,0,0
B3_zmq_pushpull,zmq_tcp,none,none,,1,19255,512,584,1785153455715575000,1785153455715575000,1785153455715575000,1785153455715576000,1785153455715678000,1785153455715681000,1785153455715681000,1785153455715681000,121932490,121652369,-178.121,0.000,0.000,1.000,3.000,0.000,0.000,15.000,0,0,0
B3_zmq_pushpull,zmq_tcp,none,none,,1,19256,512,584,1785153455716574000,1785153455716574000,1785153455716574000,1785153455716575000,1785153455716688000,1785153455716691000,1785153455716691000,1785153455716691000,121932490,121652369,-167.121,0.000,0.000,1.000,3.000,0.000,0.000,11.000,0,0,0
B3_zmq_pushpull,zmq_tcp,none,none,,1,19257,512,584,1785153455717575000,1785153455717575000,1785153455717575000,1785153455717576000,1785153455717712000,1785153455717715000,1785153455717715000,1785153455717715000,121932490,121652369,-144.121,0.000,0.000,1.000,3.000,0.000,0.000,23.000,0,0,0
B3_zmq_pushpull,zmq_tcp,none,none,,1,19258,512,584,1785153455718575000,1785153455718576000,1785153455718576000,1785153455718577000,1785153455718710000,1785153455718712000,1785153455718712000,1785153455718712000,121932490,121652369,-147.121,1.000,0.000,1.000,2.000,0.000,0.000,3.000,0,0,0
B3_zmq_pushpull,zmq_tcp,none,none,,1,19259,512,584,1785153455719576000,1785153455719577000,1785153455719577000,1785153455719578000,1785153455719705000,1785153455719708000,1785153455719708000,1785153455719708000,121932490,121652369,-153.121,1.000,0.000,1.000,3.000,0.000,0.000,6.000,0,0,0
B3_zmq_pushpull,zmq_tcp,none,none,,1,19260,512,584,1785153455720576000,1785153455720576000,1785153455720576000,1785153455720577000,1785153455720715000,1785153455720718000,1785153455720718000,1785153455720718000,121932490,121652369,-142.121,0.000,0.000,1.000,3.000,0.000,0.000,11.000,0,0,0
B3_zmq_pushpull,zmq_tcp,none,none,,1,19261,512,584,1785153455721576000,1785153455721576000,1785153455721577000,1785153455721577000,1785153455721700000,1785153455721703000,1785153455721703000,1785153455721703000,121932490,121652369,-157.121,0.000,1.000,0.000,3.000,0.000,0.000,15.000,0,0,0
B3_zmq_pushpull,zmq_tcp,none,none,,1,19262,512,584,1785153455722571000,1785153455722571000,1785153455722571000,1785153455722572000,1785153455722691000,1785153455722694000,1785153455722695000,1785153455722695000,121932490,121652369,-161.121,0.000,0.000,1.000,3.000,1.000,0.000,4.000,0,0,0
B3_zmq_pushpull,zmq_tcp,none,none,,1,19263,512,584,1785153455723397000,1785153455723397000,1785153455723397000,1785153455723398000,1785153455723556000,1785153455723559000,1785153455723559000,1785153455723559000,121932490,121652369,-122.121,0.000,0.000,1.000,3.000,0.000,0.000,39.000,0,0,0
B3_zmq_pushpull,zmq_tcp,none,none,,1,19264,512,584,1785153455724422000,1785153455724422000,1785153455724422000,1785153455724423000,1785153455724582000,1785153455724584000,1785153455724584000,1785153455724584000,121932490,121652369,-121.121,0.000,0.000,1.000,2.000,0.000,0.000,1.000,0,0,0
B3_zmq_pushpull,zmq_tcp,none,none,,1,19265,512,584,1785153455725435000,1785153455725435000,1785153455725435000,1785153455725436000,1785153455725596000,1785153455725599000,1785153455725599000,1785153455725599000,121932490,121652369,-120.121,0.000,0.000,1.000,3.000,0.000,0.000,1.000,0,0,0
B3_zmq_pushpull,zmq_tcp,none,none,,1,19266,512,584,1785153455726609000,1785153455726609000,1785153455726609000,1785153455726610000,1785153455726738000,1785153455726740000,1785153455726740000,1785153455726740000,121932490,121652369,-152.121,0.000,0.000,1.000,2.000,0.000,0.000,32.000,0,0,0
B3_zmq_pushpull,zmq_tcp,none,none,,1,19267,512,584,1785153455727567000,1785153455727568000,1785153455727568000,1785153455727569000,1785153455727738000,1785153455727742000,1785153455727742000,1785153455727742000,121932490,121652369,-111.121,1.000,0.000,1.000,4.000,0.000,0.000,41.000,0,0,0
B3_zmq_pushpull,zmq_tcp,none,none,,1,19268,512,584,1785153455728429000,1785153455728429000,1785153455728429000,1785153455728431000,1785153455728586000,1785153455728590000,1785153455728590000,1785153455728590000,121932490,121652369,-125.121,0.000,0.000,2.000,4.000,0.000,0.000,14.000,0,0,0
B3_zmq_pushpull,zmq_tcp,none,none,,1,19269,512,584,1785153455729611000,1785153455729611000,1785153455729611000,1785153455729612000,1785153455729739000,1785153455729742000,1785153455729742000,1785153455729742000,121932490,121652369,-153.121,0.000,0.000,1.000,3.000,0.000,0.000,28.000,0,0,0
B3_zmq_pushpull,zmq_tcp,none,none,,1,19270,512,584,1785153455730567000,1785153455730567000,1785153455730567000,1785153455730569000,1785153455730748000,1785153455730751000,1785153455730751000,1785153455730751000,121932490,121652369,-101.121,0.000,0.000,2.000,3.000,0.000,0.000,52.000,0,0,0
B3_zmq_pushpull,zmq_tcp,none,none,,1,19271,512,584,1785153455731449000,1785153455731449000,1785153455731449000,1785153455731450000,1785153455731610000,1785153455731612000,1785153455731612000,1785153455731612000,121932490,121652369,-120.121,0.000,0.000,1.000,2.000,0.000,0.000,19.000,0,0,0
B3_zmq_pushpull,zmq_tcp,none,none,,1,19272,512,584,1785153455732607000,1785153455732607000,1785153455732607000,1785153455732608000,1785153455732755000,1785153455732758000,1785153455732758000,1785153455732758000,121932490,121652369,-133.121,0.000,0.000,1.000,3.000,0.000,0.000,13.000,0,0,0
B3_zmq_pushpull,zmq_tcp,none,none,,1,19273,512,584,1785153455733567000,1785153455733568000,1785153455733568000,1785153455733569000,1785153455733767000,1785153455733770000,1785153455733770000,1785153455733770000,121932490,121652369,-82.121,1.000,0.000,1.000,3.000,0.000,0.000,51.000,0,0,0
B3_zmq_pushpull,zmq_tcp,none,none,,1,19274,512,584,1785153455734574000,1785153455734574000,1785153455734574000,1785153455734575000,1785153455734637000,1785153455734640000,1785153455734640000,1785153455734640000,121932490,121652369,-218.121,0.000,0.000,1.000,3.000,0.000,0.000,136.000,0,0,0
B3_zmq_pushpull,zmq_tcp,none,none,,1,19275,512,584,1785153455735575000,1785153455735576000,1785153455735576000,1785153455735577000,1785153455735622000,1785153455735625000,1785153455735625000,1785153455735625000,121932490,121652369,-235.121,1.000,0.000,1.000,3.000,0.000,0.000,17.000,0,0,0
B3_zmq_pushpull,zmq_tcp,none,none,,1,19276,512,584,1785153455736485000,1785153455736485000,1785153455736485000,1785153455736487000,1785153455736632000,1785153455736635000,1785153455736635000,1785153455736635000,121932490,121652369,-135.121,0.000,0.000,2.000,3.000,0.000,0.000,100.000,0,0,0
B3_zmq_pushpull,zmq_tcp,none,none,,1,19277,512,584,1785153455737603000,1785153455737603000,1785153455737603000,1785153455737604000,1785153455737794000,1785153455737796000,1785153455737796000,1785153455737796000,121932490,121652369,-90.121,0.000,0.000,1.000,2.000,0.000,0.000,45.000,0,0,0
B3_zmq_pushpull,zmq_tcp,none,none,,1,19278,512,584,1785153455738391000,1785153455738391000,1785153455738391000,1785153455738392000,1785153455738534000,1785153455738536000,1785153455738536000,1785153455738536000,121932490,121652369,-138.121,0.000,0.000,1.000,2.000,0.000,0.000,48.000,0,0,0
B3_zmq_pushpull,zmq_tcp,none,none,,1,19279,512,584,1785153455739622000,1785153455739622000,1785153455739622000,1785153455739623000,1785153455739816000,1785153455739819000,1785153455739819000,1785153455739819000,121932490,121652369,-87.121,0.000,0.000,1.000,3.000,0.000,0.000,51.000,0,0,0
B3_zmq_pushpull,zmq_tcp,none,none,,1,19280,512,584,1785153455740566000,1785153455740566000,1785153455740566000,1785153455740567000,1785153455740683000,1785153455740686000,1785153455740686000,1785153455740686000,121932490,121652369,-164.121,0.000,0.000,1.000,3.000,0.000,0.000,77.000,0,0,0
B3_zmq_pushpull,zmq_tcp,none,none,,1,19281,512,584,1785153455741578000,1785153455741578000,1785153455741578000,1785153455741579000,1785153455741700000,1785153455741703000,1785153455741703000,1785153455741703000,121932490,121652369,-159.121,0.000,0.000,1.000,3.000,0.000,0.000,5.000,0,0,0
B3_zmq_pushpull,zmq_tcp,none,none,,1,19282,512,584,1785153455742571000,1785153455742572000,1785153455742572000,1785153455742573000,1785153455742703000,1785153455742706000,1785153455742706000,1785153455742706000,121932490,121652369,-150.121,1.000,0.000,1.000,3.000,0.000,0.000,9.000,0,0,0
B3_zmq_pushpull,zmq_tcp,none,none,,1,19283,512,584,1785153455743577000,1785153455743577000,1785153455743577000,1785153455743578000,1785153455743700000,1785153455743703000,1785153455743703000,1785153455743703000,121932490,121652369,-158.121,0.000,0.000,1.000,3.000,0.000,0.000,8.000,0,0,0
B3_zmq_pushpull,zmq_tcp,none,none,,1,19284,512,584,1785153455744575000,1785153455744575000,1785153455744575000,1785153455744576000,1785153455744712000,1785153455744715000,1785153455744715000,1785153455744715000,121932490,121652369,-144.121,0.000,0.000,1.000,3.000,0.000,0.000,14.000,0,0,0
B3_zmq_pushpull,zmq_tcp,none,none,,1,19285,512,584,1785153455745575000,1785153455745575000,1785153455745575000,1785153455745576000,1785153455745702000,1785153455745704000,1785153455745704000,1785153455745704000,121932490,121652369,-154.121,0.000,0.000,1.000,2.000,0.000,0.000,10.000,0,0,0
B3_zmq_pushpull,zmq_tcp,none,none,,1,19286,512,584,1785153455746544000,1785153455746544000,1785153455746544000,1785153455746545000,1785153455746704000,1785153455746707000,1785153455746707000,1785153455746707000,121932490,121652369,-121.121,0.000,0.000,1.000,3.000,0.000,0.000,33.000,0,0,0
B3_zmq_pushpull,zmq_tcp,none,none,,1,19287,512,584,1785153455747398000,1785153455747398000,1785153455747398000,1785153455747399000,1785153455747559000,1785153455747562000,1785153455747562000,1785153455747562000,121932490,121652369,-120.121,0.000,0.000,1.000,3.000,0.000,0.000,1.000,0,0,0
B3_zmq_pushpull,zmq_tcp,none,none,,1,19288,512,584,1785153455748620000,1785153455748620000,1785153455748620000,1785153455748621000,1785153455748695000,1785153455748698000,1785153455748698000,1785153455748698000,121932490,121652369,-206.121,0.000,0.000,1.000,3.000,0.000,0.000,86.000,0,0,0
B3_zmq_pushpull,zmq_tcp,none,none,,1,19289,512,584,1785153455749561000,1785153455749561000,1785153455749561000,1785153455749562000,1785153455749684000,1785153455749687000,1785153455749687000,1785153455749687000,121932490,121652369,-158.121,0.000,0.000,1.000,3.000,0.000,0.000,48.000,0,0,0
B3_zmq_pushpull,zmq_tcp,none,none,,1,19290,512,584,1785153455750579000,1785153455750580000,1785153455750580000,1785153455750581000,1785153455750679000,1785153455750682000,1785153455750682000,1785153455750682000,121932490,121652369,-182.121,1.000,0.000,1.000,3.000,0.000,0.000,24.000,0,0,0
B3_zmq_pushpull,zmq_tcp,none,none,,1,19291,512,584,1785153455751574000,1785153455751574000,1785153455751574000,1785153455751575000,1785153455751694000,1785153455751696000,1785153455751696000,1785153455751696000,121932490,121652369,-161.121,0.000,0.000,1.000,2.000,0.000,0.000,21.000,0,0,0
B3_zmq_pushpull,zmq_tcp,none,none,,1,19292,512,584,1785153455752577000,1785153455752577000,1785153455752577000,1785153455752578000,1785153455752688000,1785153455752691000,1785153455752691000,1785153455752691000,121932490,121652369,-170.121,0.000,0.000,1.000,3.000,0.000,0.000,9.000,0,0,0
B3_zmq_pushpull,zmq_tcp,none,none,,1,19293,512,584,1785153455753574000,1785153455753574000,1785153455753574000,1785153455753575000,1785153455753693000,1785153455753695000,1785153455753695000,1785153455753695000,121932490,121652369,-162.121,0.000,0.000,1.000,2.000,0.000,0.000,8.000,0,0,0
B3_zmq_pushpull,zmq_tcp,none,none,,1,19294,512,584,1785153455754576000,1785153455754576000,1785153455754576000,1785153455754577000,1785153455754700000,1785153455754703000,1785153455754704000,1785153455754704000,121932490,121652369,-157.121,0.000,0.000,1.000,3.000,1.000,0.000,5.000,0,0,0
B3_zmq_pushpull,zmq_tcp,none,none,,1,19295,512,584,1785153455755400000,1785153455755400000,1785153455755400000,1785153455755401000,1785153455755546000,1785153455755550000,1785153455755550000,1785153455755550000,121932490,121652369,-135.121,0.000,0.000,1.000,4.000,0.000,0.000,22.000,0,0,0
B3_zmq_pushpull,zmq_tcp,none,none,,1,19296,512,584,1785153455756620000,1785153455756620000,1785153455756620000,1785153455756621000,1785153455756693000,1785153455756695000,1785153455756695000,1785153455756695000,121932490,121652369,-208.121,0.000,0.000,1.000,2.000,0.000,0.000,73.000,0,0,0
B3_zmq_pushpull,zmq_tcp,none,none,,1,19297,512,584,1785153455757562000,1785153455757562000,1785153455757562000,1785153455757563000,1785153455757718000,1785153455757720000,1785153455757720000,1785153455757720000,121932490,121652369,-125.121,0.000,0.000,1.000,2.000,0.000,0.000,83.000,0,0,0
B3_zmq_pushpull,zmq_tcp,none,none,,1,19298,512,584,1785153455758580000,1785153455758580000,1785153455758580000,1785153455758582000,1785153455758730000,1785153455758733000,1785153455758733000,1785153455758733000,121932490,121652369,-132.121,0.000,0.000,2.000,3.000,0.000,0.000,7.000,0,0,0
B3_zmq_pushpull,zmq_tcp,none,none,,1,19299,512,584,1785153455759431000,1785153455759431000,1785153455759431000,1785153455759432000,1785153455759594000,1785153455759596000,1785153455759596000,1785153455759596000,121932490,121652369,-118.121,0.000,0.000,1.000,2.000,0.000,0.000,14.000,0,0,0
B3_zmq_pushpull,zmq_tcp,none,none,,1,19300,512,584,1785153455760614000,1785153455760614000,1785153455760614000,1785153455760615000,1785153455760751000,1785153455760754000,1785153455760754000,1785153455760754000,121932490,121652369,-144.121,0.000,0.000,1.000,3.000,0.000,0.000,26.000,0,0,0
B3_zmq_pushpull,zmq_tcp,none,none,,1,19301,512,584,1785153455761567000,1785153455761567000,1785153455761568000,1785153455761568000,1785153455761626000,1785153455761629000,1785153455761629000,1785153455761629000,121932490,121652369,-222.121,0.000,1.000,0.000,3.000,0.000,0.000,78.000,0,0,0
B3_zmq_pushpull,zmq_tcp,none,none,,1,19302,512,584,1785153455762578000,1785153455762579000,1785153455762579000,1785153455762580000,1785153455762624000,1785153455762628000,1785153455762628000,1785153455762628000,121932490,121652369,-236.121,1.000,0.000,1.000,4.000,0.000,0.000,14.000,0,0,0
B3_zmq_pushpull,zmq_tcp,none,none,,1,19303,512,584,1785153455763576000,1785153455763576000,1785153455763576000,1785153455763577000,1785153455763623000,1785153455763627000,1785153455763627000,1785153455763627000,121932490,121652369,-234.121,0.000,0.000,1.000,4.000,0.000,0.000,2.000,0,0,0
B3_zmq_pushpull,zmq_tcp,none,none,,1,19304,512,584,1785153455764577000,1785153455764577000,1785153455764577000,1785153455764578000,1785153455764784000,1785153455764787000,1785153455764787000,1785153455764787000,121932490,121652369,-74.121,0.000,0.000,1.000,3.000,0.000,0.000,160.000,0,0,0
B3_zmq_pushpull,zmq_tcp,none,none,,1,19305,512,584,1785153455765572000,1785153455765572000,1785153455765572000,1785153455765573000,1785153455765656000,1785153455765659000,1785153455765659000,1785153455765659000,121932490,121652369,-197.121,0.000,0.000,1.000,3.000,0.000,0.000,123.000,0,0,0
B3_zmq_pushpull,zmq_tcp,none,none,,1,19306,512,584,1785153455766582000,1785153455766582000,1785153455766582000,1785153455766583000,1785153455766646000,1785153455766650000,1785153455766650000,1785153455766650000,121932490,121652369,-217.121,0.000,0.000,1.000,4.000,0.000,0.000,20.000,0,0,0
B3_zmq_pushpull,zmq_tcp,none,none,,1,19307,512,584,1785153455767574000,1785153455767574000,1785153455767574000,1785153455767575000,1785153455767655000,1785153455767658000,1785153455767658000,1785153455767658000,121932490,121652369,-200.121,0.000,0.000,1.000,3.000,0.000,0.000,17.000,0,0,0
B3_zmq_pushpull,zmq_tcp,none,none,,1,19308,512,584,1785153455768577000,1785153455768577000,1785153455768577000,1785153455768578000,1785153455768658000,1785153455768661000,1785153455768661000,1785153455768661000,121932490,121652369,-200.121,0.000,0.000,1.000,3.000,0.000,0.000,0.000,0,0,0
B3_zmq_pushpull,zmq_tcp,none,none,,1,19309,512,584,1785153455769576000,1785153455769576000,1785153455769576000,1785153455769577000,1785153455769655000,1785153455769658000,1785153455769658000,1785153455769658000,121932490,121652369,-202.121,0.000,0.000,1.000,3.000,0.000,0.000,2.000,0,0,0
B3_zmq_pushpull,zmq_tcp,none,none,,1,19310,512,584,1785153455770576000,1785153455770576000,1785153455770576000,1785153455770577000,1785153455770651000,1785153455770654000,1785153455770654000,1785153455770654000,121932490,121652369,-206.121,0.000,0.000,1.000,3.000,0.000,0.000,4.000,0,0,0
B3_zmq_pushpull,zmq_tcp,none,none,,1,19311,512,584,1785153455771580000,1785153455771580000,1785153455771580000,1785153455771581000,1785153455771646000,1785153455771649000,1785153455771649000,1785153455771649000,121932490,121652369,-215.121,0.000,0.000,1.000,3.000,0.000,0.000,9.000,0,0,0
B3_zmq_pushpull,zmq_tcp,none,none,,1,19312,512,584,1785153455772572000,1785153455772572000,1785153455772572000,1785153455772574000,1785153455772641000,1785153455772644000,1785153455772644000,1785153455772644000,121932490,121652369,-213.121,0.000,0.000,2.000,3.000,0.000,0.000,2.000,0,0,0
B3_zmq_pushpull,zmq_tcp,none,none,,1,19313,512,584,1785153455773580000,1785153455773580000,1785153455773580000,1785153455773581000,1785153455773768000,1785153455773771000,1785153455773771000,1785153455773771000,121932490,121652369,-93.121,0.000,0.000,1.000,3.000,0.000,0.000,120.000,0,0,0
B3_zmq_pushpull,zmq_tcp,none,none,,1,19314,512,584,1785153455774574000,1785153455774575000,1785153455774575000,1785153455774576000,1785153455774767000,1785153455774770000,1785153455774770000,1785153455774770000,121932490,121652369,-89.121,1.000,0.000,1.000,3.000,0.000,0.000,4.000,0,0,0
B3_zmq_pushpull,zmq_tcp,none,none,,1,19315,512,584,1785153455775578000,1785153455775578000,1785153455775578000,1785153455775579000,1785153455775775000,1785153455775778000,1785153455775778000,1785153455775778000,121932490,121652369,-84.121,0.000,0.000,1.000,3.000,0.000,0.000,5.000,0,0,0
B3_zmq_pushpull,zmq_tcp,none,none,,1,19316,512,584,1785153455776574000,1785153455776574000,1785153455776574000,1785153455776575000,1785153455776767000,1785153455776770000,1785153455776770000,1785153455776770000,121932490,121652369,-88.121,0.000,0.000,1.000,3.000,0.000,0.000,4.000,0,0,0
B3_zmq_pushpull,zmq_tcp,none,none,,1,19317,512,584,1785153455777468000,1785153455777468000,1785153455777468000,1785153455777469000,1785153455777631000,1785153455777634000,1785153455777634000,1785153455777634000,121932490,121652369,-118.121,0.000,0.000,1.000,3.000,0.000,0.000,30.000,0,0,0
B3_zmq_pushpull,zmq_tcp,none,none,,1,19318,512,584,1785153455778505000,1785153455778506000,1785153455778506000,1785153455778507000,1785153455778651000,1785153455778654000,1785153455778654000,1785153455778654000,121932490,121652369,-136.121,1.000,0.000,1.000,3.000,0.000,0.000,18.000,0,0,0
B3_zmq_pushpull,zmq_tcp,none,none,,1,19319,512,584,1785153455779595000,1785153455779595000,1785153455779595000,1785153455779596000,1785153455779656000,1785153455779660000,1785153455779660000,1785153455779660000,121932490,121652369,-220.121,0.000,0.000,1.000,4.000,0.000,0.000,84.000,0,0,0
B3_zmq_pushpull,zmq_tcp,none,none,,1,19320,512,584,1785153455780504000,1785153455780504000,1785153455780504000,1785153455780505000,1785153455780664000,1785153455780668000,1785153455780668000,1785153455780668000,121932490,121652369,-121.121,0.000,0.000,1.000,4.000,0.000,0.000,99.000,0,0,0
B3_zmq_pushpull,zmq_tcp,none,none,,1,19321,512,584,1785153455781594000,1785153455781595000,1785153455781595000,1785153455781596000,1785153455781790000,1785153455781793000,1785153455781793000,1785153455781793000,121932490,121652369,-86.121,1.000,0.000,1.000,3.000,0.000,0.000,35.000,0,0,0
B3_zmq_pushpull,zmq_tcp,none,none,,1,19322,512,584,1785153455782574000,1785153455782574000,1785153455782575000,1785153455782575000,1785153455782650000,1785153455782653000,1785153455782653000,1785153455782653000,121932490,121652369,-205.121,0.000,1.000,0.000,3.000,0.000,0.000,119.000,0,0,0
B3_zmq_pushpull,zmq_tcp,none,none,,1,19323,512,584,1785153455783576000,1785153455783576000,1785153455783576000,1785153455783577000,1785153455783659000,1785153455783662000,1785153455783662000,1785153455783662000,121932490,121652369,-198.121,0.000,0.000,1.000,3.000,0.000,0.000,7.000,0,0,0
B3_zmq_pushpull,zmq_tcp,none,none,,1,19324,512,584,1785153455784573000,1785153455784573000,1785153455784573000,1785153455784574000,1785153455784647000,1785153455784650000,1785153455784650000,1785153455784650000,121932490,121652369,-207.121,0.000,0.000,1.000,3.000,0.000,0.000,9.000,0,0,0
B3_zmq_pushpull,zmq_tcp,none,none,,1,19325,512,584,1785153455785577000,1785153455785577000,1785153455785577000,1785153455785578000,1785153455785660000,1785153455785663000,1785153455785663000,1785153455785663000,121932490,121652369,-198.121,0.000,0.000,1.000,3.000,0.000,0.000,9.000,0,0,0
B3_zmq_pushpull,zmq_tcp,none,none,,1,19326,512,584,1785153455786577000,1785153455786577000,1785153455786577000,1785153455786578000,1785153455786663000,1785153455786666000,1785153455786666000,1785153455786666000,121932490,121652369,-195.121,0.000,0.000,1.000,3.000,0.000,0.000,3.000,0,0,0
B3_zmq_pushpull,zmq_tcp,none,none,,1,19327,512,584,1785153455787574000,1785153455787574000,1785153455787574000,1785153455787575000,1785153455787659000,1785153455787662000,1785153455787662000,1785153455787662000,121932490,121652369,-196.121,0.000,0.000,1.000,3.000,0.000,0.000,1.000,0,0,0
B3_zmq_pushpull,zmq_tcp,none,none,,1,19328,512,584,1785153455788577000,1785153455788577000,1785153455788577000,1785153455788578000,1785153455788658000,1785153455788661000,1785153455788661000,1785153455788661000,121932490,121652369,-200.121,0.000,0.000,1.000,3.000,0.000,0.000,4.000,0,0,0
B3_zmq_pushpull,zmq_tcp,none,none,,1,19329,512,584,1785153455789576000,1785153455789576000,1785153455789576000,1785153455789577000,1785153455789630000,1785153455789634000,1785153455789634000,1785153455789634000,121932490,121652369,-227.121,0.000,0.000,1.000,4.000,0.000,0.000,27.000,0,0,0
B3_zmq_pushpull,zmq_tcp,none,none,,1,19330,512,584,1785153455790482000,1785153455790482000,1785153455790482000,1785153455790483000,1785153455790639000,1785153455790642000,1785153455790642000,1785153455790642000,121932490,121652369,-124.121,0.000,0.000,1.000,3.000,0.000,0.000,103.000,0,0,0
B3_zmq_pushpull,zmq_tcp,none,none,,1,19331,512,584,1785153455791474000,1785153455791474000,1785153455791474000,1785153455791475000,1785153455791629000,1785153455791631000,1785153455791632000,1785153455791632000,121932490,121652369,-126.121,0.000,0.000,1.000,2.000,1.000,0.000,2.000,0,0,0
B3_zmq_pushpull,zmq_tcp,none,none,,1,19332,512,584,1785153455792601000,1785153455792601000,1785153455792601000,1785153455792602000,1785153455792770000,1785153455792773000,1785153455792773000,1785153455792773000,121932490,121652369,-112.121,0.000,0.000,1.000,3.000,0.000,0.000,14.000,0,0,0
B3_zmq_pushpull,zmq_tcp,none,none,,1,19333,512,584,1785153455793495000,1785153455793495000,1785153455793495000,1785153455793496000,1785153455793648000,1785153455793650000,1785153455793651000,1785153455793651000,121932490,121652369,-128.121,0.000,0.000,1.000,2.000,1.000,0.000,16.000,0,0,0
B3_zmq_pushpull,zmq_tcp,none,none,,1,19334,512,584,1785153455794502000,1785153455794502000,1785153455794502000,1785153455794503000,1785153455794663000,1785153455794666000,1785153455794666000,1785153455794666000,121932490,121652369,-120.121,0.000,0.000,1.000,3.000,0.000,0.000,8.000,0,0,0
B3_zmq_pushpull,zmq_tcp,none,none,,1,19335,512,584,1785153455795595000,1785153455795595000,1785153455795595000,1785153455795596000,1785153455795649000,1785153455795652000,1785153455795652000,1785153455795652000,121932490,121652369,-227.121,0.000,0.000,1.000,3.000,0.000,0.000,107.000,0,0,0
B3_zmq_pushpull,zmq_tcp,none,none,,1,19336,512,584,1785153455796482000,1785153455796483000,1785153455796483000,1785153455796484000,1785153455796634000,1785153455796637000,1785153455796637000,1785153455796637000,121932490,121652369,-130.121,1.000,0.000,1.000,3.000,0.000,0.000,97.000,0,0,0
B3_zmq_pushpull,zmq_tcp,none,none,,1,19337,512,584,1785153455797600000,1785153455797600000,1785153455797600000,1785153455797601000,1785153455797771000,1785153455797774000,1785153455797774000,1785153455797774000,121932490,121652369,-110.121,0.000,0.000,1.000,3.000,0.000,0.000,20.000,0,0,0
B3_zmq_pushpull,zmq_tcp,none,none,,1,19338,512,584,1785153455798567000,1785153455798567000,1785153455798567000,1785153455798568000,1785153455798613000,1785153455798617000,1785153455798617000,1785153455798617000,121932490,121652369,-235.121,0.000,0.000,1.000,4.000,0.000,0.000,125.000,0,0,0
B3_zmq_pushpull,zmq_tcp,none,none,,1,19339,512,584,1785153455799459000,1785153455799459000,1785153455799459000,1785153455799460000,1785153455799614000,1785153455799617000,1785153455799617000,1785153455799617000,121932490,121652369,-126.121,0.000,0.000,1.000,3.000,0.000,0.000,109.000,0,0,0
B3_zmq_pushpull,zmq_tcp,none,none,,1,19340,512,584,1785153455800606000,1785153455800606000,1785153455800606000,1785153455800607000,1785153455800770000,1785153455800773000,1785153455800773000,1785153455800773000,121932490,121652369,-117.121,0.000,0.000,1.000,3.000,0.000,0.000,9.000,0,0,0
B3_zmq_pushpull,zmq_tcp,none,none,,1,19341,512,584,1785153455801566000,1785153455801566000,1785153455801566000,1785153455801567000,1785153455801631000,1785153455801634000,1785153455801634000,1785153455801634000,121932490,121652369,-216.121,0.000,0.000,1.000,3.000,0.000,0.000,99.000,0,0,0
B3_zmq_pushpull,zmq_tcp,none,none,,1,19342,512,584,1785153455802493000,1785153455802493000,1785153455802493000,1785153455802494000,1785153455802643000,1785153455802646000,1785153455802646000,1785153455802646000,121932490,121652369,-131.121,0.000,0.000,1.000,3.000,0.000,0.000,85.000,0,0,0
B3_zmq_pushpull,zmq_tcp,none,none,,1,19343,512,584,1785153455803597000,1785153455803598000,1785153455803598000,1785153455803599000,1785153455803661000,1785153455803665000,1785153455803665000,1785153455803665000,121932490,121652369,-218.121,1.000,0.000,1.000,4.000,0.000,0.000,87.000,0,0,0
B3_zmq_pushpull,zmq_tcp,none,none,,1,19344,512,584,1785153455804571000,1785153455804571000,1785153455804571000,1785153455804572000,1785153455804653000,1785153455804655000,1785153455804655000,1785153455804655000,121932490,121652369,-199.121,0.000,0.000,1.000,2.000,0.000,0.000,19.000,0,0,0
B3_zmq_pushpull,zmq_tcp,none,none,,1,19345,512,584,1785153455805574000,1785153455805574000,1785153455805574000,1785153455805575000,1785153455805642000,1785153455805645000,1785153455805645000,1785153455805645000,121932490,121652369,-213.121,0.000,0.000,1.000,3.000,0.000,0.000,14.000,0,0,0
B3_zmq_pushpull,zmq_tcp,none,none,,1,19346,512,584,1785153455806577000,1785153455806577000,1785153455806577000,1785153455806578000,1785153455806631000,1785153455806634000,1785153455806634000,1785153455806634000,121932490,121652369,-227.121,0.000,0.000,1.000,3.000,0.000,0.000,14.000,0,0,0
B3_zmq_pushpull,zmq_tcp,none,none,,1,19347,512,584,1785153455807581000,1785153455807581000,1785153455807582000,1785153455807582000,1785153455807771000,1785153455807774000,1785153455807774000,1785153455807774000,121932490,121652369,-91.121,0.000,1.000,0.000,3.000,0.000,0.000,136.000,0,0,0
B3_zmq_pushpull,zmq_tcp,none,none,,1,19348,512,584,1785153455808571000,1785153455808571000,1785153455808571000,1785153455808572000,1785153455808758000,1785153455808761000,1785153455808761000,1785153455808761000,121932490,121652369,-94.121,0.000,0.000,1.000,3.000,0.000,0.000,3.000,0,0,0
B3_zmq_pushpull,zmq_tcp,none,none,,1,19349,512,584,1785153455809578000,1785153455809579000,1785153455809579000,1785153455809580000,1785153455809754000,1785153455809757000,1785153455809757000,1785153455809757000,121932490,121652369,-106.121,1.000,0.000,1.000,3.000,0.000,0.000,12.000,0,0,0
B3_zmq_pushpull,zmq_tcp,none,none,,1,19350,512,584,1785153455810577000,1785153455810577000,1785153455810577000,1785153455810578000,1785153455810746000,1785153455810749000,1785153455810749000,1785153455810749000,121932490,121652369,-112.121,0.000,0.000,1.000,3.000,0.000,0.000,6.000,0,0,0
B3_zmq_pushpull,zmq_tcp,none,none,,1,19351,512,584,1785153455811456000,1785153455811456000,1785153455811456000,1785153455811457000,1785153455811613000,1785153455811616000,1785153455811616000,1785153455811617000,121932490,121652369,-124.121,0.000,0.000,1.000,3.000,0.000,1.000,12.000,0,0,0
B3_zmq_pushpull,zmq_tcp,none,none,,1,19352,512,584,1785153455812602000,1785153455812603000,1785153455812603000,1785153455812603000,1785153455812749000,1785153455812751000,1785153455812752000,1785153455812752000,121932490,121652369,-134.121,1.000,0.000,0.000,2.000,1.000,0.000,10.000,0,0,0
B3_zmq_pushpull,zmq_tcp,none,none,,1,19353,512,584,1785153455813465000,1785153455813465000,1785153455813465000,1785153455813466000,1785153455813613000,1785153455813617000,1785153455813617000,1785153455813617000,121932490,121652369,-133.121,0.000,0.000,1.000,4.000,0.000,0.000,1.000,0,0,0
B3_zmq_pushpull,zmq_tcp,none,none,,1,19354,512,584,1785153455814469000,1785153455814469000,1785153455814469000,1785153455814470000,1785153455814626000,1785153455814629000,1785153455814629000,1785153455814629000,121932490,121652369,-124.121,0.000,0.000,1.000,3.000,0.000,0.000,9.000,0,0,0
B3_zmq_pushpull,zmq_tcp,none,none,,1,19355,512,584,1785153455815600000,1785153455815601000,1785153455815601000,1785153455815602000,1785153455815775000,1785153455815777000,1785153455815777000,1785153455815777000,121932490,121652369,-107.121,1.000,0.000,1.000,2.000,0.000,0.000,17.000,0,0,0
B3_zmq_pushpull,zmq_tcp,none,none,,1,19356,512,584,1785153455816572000,1785153455816572000,1785153455816572000,1785153455816573000,1785153455816641000,1785153455816644000,1785153455816644000,1785153455816644000,121932490,121652369,-212.121,0.000,0.000,1.000,3.000,0.000,0.000,105.000,0,0,0
B3_zmq_pushpull,zmq_tcp,none,none,,1,19357,512,584,1785153455817580000,1785153455817580000,1785153455817580000,1785153455817582000,1785153455817776000,1785153455817779000,1785153455817779000,1785153455817779000,121932490,121652369,-86.121,0.000,0.000,2.000,3.000,0.000,0.000,126.000,0,0,0
B3_zmq_pushpull,zmq_tcp,none,none,,1,19358,512,584,1785153455818478000,1785153455818479000,1785153455818479000,1785153455818480000,1785153455818625000,1785153455818629000,1785153455818629000,1785153455818629000,121932490,121652369,-135.121,1.000,0.000,1.000,4.000,0.000,0.000,49.000,0,0,0
B3_zmq_pushpull,zmq_tcp,none,none,,1,19359,512,584,1785153455819601000,1785153455819601000,1785153455819601000,1785153455819602000,1785153455819728000,1785153455819730000,1785153455819730000,1785153455819730000,121932490,121652369,-154.121,0.000,0.000,1.000,2.000,0.000,0.000,19.000,0,0,0
B3_zmq_pushpull,zmq_tcp,none,none,,1,19360,512,584,1785153455820568000,1785153455820568000,1785153455820568000,1785153455820569000,1785153455820705000,1785153455820708000,1785153455820708000,1785153455820708000,121932490,121652369,-144.121,0.000,0.000,1.000,3.000,0.000,0.000,10.000,0,0,0
B3_zmq_pushpull,zmq_tcp,none,none,,1,19361,512,584,1785153455821578000,1785153455821578000,1785153455821578000,1785153455821579000,1785153455821709000,1785153455821712000,1785153455821712000,1785153455821712000,121932490,121652369,-150.121,0.000,0.000,1.000,3.000,0.000,0.000,6.000,0,0,0
B3_zmq_pushpull,zmq_tcp,none,none,,1,19362,512,584,1785153455822412000,1785153455822413000,1785153455822413000,1785153455822414000,1785153455822570000,1785153455822573000,1785153455822573000,1785153455822573000,121932490,121652369,-124.121,1.000,0.000,1.000,3.000,0.000,0.000,26.000,0,0,0
B3_zmq_pushpull,zmq_tcp,none,none,,1,19363,512,584,1785153455823433000,1785153455823433000,1785153455823433000,1785153455823434000,1785153455823598000,1785153455823601000,1785153455823601000,1785153455823601000,121932490,121652369,-116.121,0.000,0.000,1.000,3.000,0.000,0.000,8.000,0,0,0
B3_zmq_pushpull,zmq_tcp,none,none,,1,19364,512,584,1785153455824612000,1785153455824612000,1785153455824612000,1785153455824613000,1785153455824748000,1785153455824752000,1785153455824752000,1785153455824752000,121932490,121652369,-145.121,0.000,0.000,1.000,4.000,0.000,0.000,29.000,0,0,0
B3_zmq_pushpull,zmq_tcp,none,none,,1,19365,512,584,1785153455825564000,1785153455825564000,1785153455825564000,1785153455825565000,1785153455825612000,1785153455825615000,1785153455825615000,1785153455825615000,121932490,121652369,-233.121,0.000,0.000,1.000,3.000,0.000,0.000,88.000,0,0,0
B3_zmq_pushpull,zmq_tcp,none,none,,1,19366,512,584,1785153455826447000,1785153455826447000,1785153455826447000,1785153455826448000,1785153455826602000,1785153455826605000,1785153455826605000,1785153455826605000,121932490,121652369,-126.121,0.000,0.000,1.000,3.000,0.000,0.000,107.000,0,0,0
B3_zmq_pushpull,zmq_tcp,none,none,,1,19367,512,584,1785153455827610000,1785153455827610000,1785153455827610000,1785153455827611000,1785153455827738000,1785153455827741000,1785153455827741000,1785153455827741000,121932490,121652369,-153.121,0.000,0.000,1.000,3.000,0.000,0.000,27.000,0,0,0
B3_zmq_pushpull,zmq_tcp,none,none,,1,19368,512,584,1785153455828569000,1785153455828569000,1785153455828569000,1785153455828570000,1785153455828749000,1785153455828751000,1785153455828752000,1785153455828752000,121932490,121652369,-101.121,0.000,0.000,1.000,2.000,1.000,0.000,52.000,0,0,0
B3_zmq_pushpull,zmq_tcp,none,none,,1,19369,512,584,1785153455829575000,1785153455829575000,1785153455829575000,1785153455829576000,1785153455829745000,1785153455829748000,1785153455829748000,1785153455829748000,121932490,121652369,-111.121,0.000,0.000,1.000,3.000,0.000,0.000,10.000,0,0,0
B3_zmq_pushpull,zmq_tcp,none,none,,1,19370,512,584,1785153455830440000,1785153455830441000,1785153455830441000,1785153455830442000,1785153455830589000,1785153455830591000,1785153455830591000,1785153455830591000,121932490,121652369,-133.121,1.000,0.000,1.000,2.000,0.000,0.000,22.000,0,0,0
B3_zmq_pushpull,zmq_tcp,none,none,,1,19371,512,584,1785153455831439000,1785153455831439000,1785153455831439000,1785153455831440000,1785153455831594000,1785153455831598000,1785153455831598000,1785153455831598000,121932490,121652369,-126.121,0.000,0.000,1.000,4.000,0.000,0.000,7.000,0,0,0
B3_zmq_pushpull,zmq_tcp,none,none,,1,19372,512,584,1785153455832411000,1785153455832411000,1785153455832411000,1785153455832412000,1785153455832567000,1785153455832570000,1785153455832570000,1785153455832570000,121932490,121652369,-125.121,0.000,0.000,1.000,3.000,0.000,0.000,1.000,0,0,0
B3_zmq_pushpull,zmq_tcp,none,none,,1,19373,512,584,1785153455833615000,1785153455833615000,1785153455833615000,1785153455833616000,1785153455833706000,1785153455833709000,1785153455833709000,1785153455833709000,121932490,121652369,-190.121,0.000,0.000,1.000,3.000,0.000,0.000,65.000,0,0,0
B3_zmq_pushpull,zmq_tcp,none,none,,1,19374,512,584,1785153455834565000,1785153455834566000,1785153455834566000,1785153455834567000,1785153455834709000,1785153455834711000,1785153455834712000,1785153455834712000,121932490,121652369,-138.121,1.000,0.000,1.000,2.000,1.000,0.000,52.000,0,0,0
B3_zmq_pushpull,zmq_tcp,none,none,,1,19375,512,584,1785153455835579000,1785153455835579000,1785153455835579000,1785153455835580000,1785153455835731000,1785153455835735000,1785153455835735000,1785153455835735000,121932490,121652369,-129.121,0.000,0.000,1.000,4.000,0.000,0.000,9.000,0,0,0
B3_zmq_pushpull,zmq_tcp,none,none,,1,19376,512,584,1785153455836572000,1785153455836572000,1785153455836572000,1785153455836573000,1785153455836730000,1785153455836733000,1785153455836733000,1785153455836733000,121932490,121652369,-123.121,0.000,0.000,1.000,3.000,0.000,0.000,6.000,0,0,0
B3_zmq_pushpull,zmq_tcp,none,none,,1,19377,512,584,1785153455837576000,1785153455837577000,1785153455837577000,1785153455837578000,1785153455837729000,1785153455837732000,1785153455837732000,1785153455837732000,121932490,121652369,-129.121,1.000,0.000,1.000,3.000,0.000,0.000,6.000,0,0,0
B3_zmq_pushpull,zmq_tcp,none,none,,1,19378,512,584,1785153455838578000,1785153455838578000,1785153455838578000,1785153455838579000,1785153455838738000,1785153455838742000,1785153455838742000,1785153455838742000,121932490,121652369,-121.121,0.000,0.000,1.000,4.000,0.000,0.000,8.000,0,0,0
B3_zmq_pushpull,zmq_tcp,none,none,,1,19379,512,584,1785153455839576000,1785153455839576000,1785153455839576000,1785153455839577000,1785153455839731000,1785153455839734000,1785153455839734000,1785153455839734000,121932490,121652369,-126.121,0.000,0.000,1.000,3.000,0.000,0.000,5.000,0,0,0
B3_zmq_pushpull,zmq_tcp,none,none,,1,19380,512,584,1785153455840575000,1785153455840575000,1785153455840575000,1785153455840576000,1785153455840733000,1785153455840736000,1785153455840736000,1785153455840736000,121932490,121652369,-123.121,0.000,0.000,1.000,3.000,0.000,0.000,3.000,0,0,0
B3_zmq_pushpull,zmq_tcp,none,none,,1,19381,512,584,1785153455841445000,1785153455841445000,1785153455841445000,1785153455841446000,1785153455841604000,1785153455841607000,1785153455841607000,1785153455841607000,121932490,121652369,-122.121,0.000,0.000,1.000,3.000,0.000,0.000,1.000,0,0,0
B3_zmq_pushpull,zmq_tcp,none,none,,1,19382,512,584,1785153455842611000,1785153455842611000,1785153455842611000,1785153455842612000,1785153455842770000,1785153455842773000,1785153455842773000,1785153455842773000,121932490,121652369,-122.121,0.000,0.000,1.000,3.000,0.000,0.000,0.000,0,0,0
B3_zmq_pushpull,zmq_tcp,none,none,,1,19383,512,584,1785153455843564000,1785153455843564000,1785153455843564000,1785153455843565000,1785153455843637000,1785153455843639000,1785153455843639000,1785153455843639000,121932490,121652369,-208.121,0.000,0.000,1.000,2.000,0.000,0.000,86.000,0,0,0
B3_zmq_pushpull,zmq_tcp,none,none,,1,19384,512,584,1785153455844579000,1785153455844579000,1785153455844579000,1785153455844580000,1785153455844769000,1785153455844772000,1785153455844772000,1785153455844772000,121932490,121652369,-91.121,0.000,0.000,1.000,3.000,0.000,0.000,117.000,0,0,0
B3_zmq_pushpull,zmq_tcp,none,none,,1,19385,512,584,1785153455845575000,1785153455845575000,1785153455845575000,1785153455845576000,1785153455845624000,1785153455845628000,1785153455845629000,1785153455845629000,121932490,121652369,-232.121,0.000,0.000,1.000,4.000,1.000,0.000,141.000,0,0,0
B3_zmq_pushpull,zmq_tcp,none,none,,1,19386,512,584,1785153455846576000,1785153455846576000,1785153455846576000,1785153455846577000,1785153455846634000,1785153455846636000,1785153455846636000,1785153455846636000,121932490,121652369,-223.121,0.000,0.000,1.000,2.000,0.000,0.000,9.000,0,0,0
B3_zmq_pushpull,zmq_tcp,none,none,,1,19387,512,584,1785153455847573000,1785153455847574000,1785153455847574000,1785153455847575000,1785153455847619000,1785153455847623000,1785153455847623000,1785153455847623000,121932490,121652369,-236.121,1.000,0.000,1.000,4.000,0.000,0.000,13.000,0,0,0
B3_zmq_pushpull,zmq_tcp,none,none,,1,19388,512,584,1785153455848578000,1785153455848578000,1785153455848578000,1785153455848579000,1785153455848751000,1785153455848754000,1785153455848754000,1785153455848754000,121932490,121652369,-108.121,0.000,0.000,1.000,3.000,0.000,0.000,128.000,0,0,0
B3_zmq_pushpull,zmq_tcp,none,none,,1,19389,512,584,1785153455849466000,1785153455849466000,1785153455849466000,1785153455849467000,1785153455849618000,1785153455849621000,1785153455849621000,1785153455849621000,121932490,121652369,-129.121,0.000,0.000,1.000,3.000,0.000,0.000,21.000,0,0,0
B3_zmq_pushpull,zmq_tcp,none,none,,1,19390,512,584,1785153455850604000,1785153455850604000,1785153455850604000,1785153455850605000,1785153455850746000,1785153455850749000,1785153455850749000,1785153455850749000,121932490,121652369,-139.121,0.000,0.000,1.000,3.000,0.000,0.000,10.000,0,0,0
B3_zmq_pushpull,zmq_tcp,none,none,,1,19391,512,584,1785153455851570000,1785153455851570000,1785153455851570000,1785153455851571000,1785153455851754000,1785153455851757000,1785153455851757000,1785153455851757000,121932490,121652369,-97.121,0.000,0.000,1.000,3.000,0.000,0.000,42.000,0,0,0
B3_zmq_pushpull,zmq_tcp,none,none,,1,19392,512,584,1785153455852459000,1785153455852459000,1785153455852459000,1785153455852460000,1785153455852618000,1785153455852621000,1785153455852621000,1785153455852621000,121932490,121652369,-122.121,0.000,0.000,1.000,3.000,0.000,0.000,25.000,0,0,0
B3_zmq_pushpull,zmq_tcp,none,none,,1,19393,512,584,1785153455853605000,1785153455853605000,1785153455853606000,1785153455853606000,1785153455853750000,1785153455853753000,1785153455853753000,1785153455853753000,121932490,121652369,-136.121,0.000,1.000,0.000,3.000,0.000,0.000,14.000,0,0,0
B3_zmq_pushpull,zmq_tcp,none,none,,1,19394,512,584,1785153455854567000,1785153455854567000,1785153455854567000,1785153455854568000,1785153455854613000,1785153455854616000,1785153455854616000,1785153455854616000,121932490,121652369,-235.121,0.000,0.000,1.000,3.000,0.000,0.000,99.000,0,0,0
B3_zmq_pushpull,zmq_tcp,none,none,,1,19395,512,584,1785153455855578000,1785153455855579000,1785153455855579000,1785153455855580000,1785153455855624000,1785153455855627000,1785153455855627000,1785153455855627000,121932490,121652369,-236.121,1.000,0.000,1.000,3.000,0.000,0.000,1.000,0,0,0
B3_zmq_pushpull,zmq_tcp,none,none,,1,19396,512,584,1785153455856579000,1785153455856579000,1785153455856579000,1785153455856580000,1785153455856648000,1785153455856651000,1785153455856651000,1785153455856651000,121932490,121652369,-212.121,0.000,0.000,1.000,3.000,0.000,0.000,24.000,0,0,0
B3_zmq_pushpull,zmq_tcp,none,none,,1,19397,512,584,1785153455857576000,1785153455857576000,1785153455857576000,1785153455857577000,1785153455857653000,1785153455857656000,1785153455857656000,1785153455857656000,121932490,121652369,-204.121,0.000,0.000,1.000,3.000,0.000,0.000,8.000,0,0,0
B3_zmq_pushpull,zmq_tcp,none,none,,1,19398,512,584,1785153455858575000,1785153455858575000,1785153455858576000,1785153455858576000,1785153455858658000,1785153455858661000,1785153455858661000,1785153455858661000,121932490,121652369,-198.121,0.000,1.000,0.000,3.000,0.000,0.000,6.000,0,0,0
B3_zmq_pushpull,zmq_tcp,none,none,,1,19399,512,584,1785153455859576000,1785153455859576000,1785153455859576000,1785153455859577000,1785153455859674000,1785153455859677000,1785153455859677000,1785153455859677000,121932490,121652369,-183.121,0.000,0.000,1.000,3.000,0.000,0.000,15.000,0,0,0
B3_zmq_pushpull,zmq_tcp,none,none,,1,19400,512,584,1785153455860576000,1785153455860576000,1785153455860576000,1785153455860577000,1785153455860684000,1785153455860687000,1785153455860687000,1785153455860687000,121932490,121652369,-173.121,0.000,0.000,1.000,3.000,0.000,0.000,10.000,0,0,0
B3_zmq_pushpull,zmq_tcp,none,none,,1,19401,512,584,1785153455861576000,1785153455861576000,1785153455861576000,1785153455861577000,1785153455861689000,1785153455861692000,1785153455861692000,1785153455861692000,121932490,121652369,-168.121,0.000,0.000,1.000,3.000,0.000,0.000,5.000,0,0,0
B3_zmq_pushpull,zmq_tcp,none,none,,1,19402,512,584,1785153455862573000,1785153455862573000,1785153455862573000,1785153455862574000,1785153455862662000,1785153455862665000,1785153455862665000,1785153455862665000,121932490,121652369,-192.121,0.000,0.000,1.000,3.000,0.000,0.000,24.000,0,0,0
B3_zmq_pushpull,zmq_tcp,none,none,,1,19403,512,584,1785153455863577000,1785153455863577000,1785153455863577000,1785153455863578000,1785153455863678000,1785153455863681000,1785153455863681000,1785153455863681000,121932490,121652369,-180.121,0.000,0.000,1.000,3.000,0.000,0.000,12.000,0,0,0
B3_zmq_pushpull,zmq_tcp,none,none,,1,19404,512,584,1785153455864577000,1785153455864577000,1785153455864577000,1785153455864578000,1785153455864681000,1785153455864684000,1785153455864684000,1785153455864684000,121932490,121652369,-177.121,0.000,0.000,1.000,3.000,0.000,0.000,3.000,0,0,0
B3_zmq_pushpull,zmq_tcp,none,none,,1,19405,512,584,1785153455865572000,1785153455865572000,1785153455865572000,1785153455865573000,1785153455865685000,1785153455865688000,1785153455865688000,1785153455865688000,121932490,121652369,-168.121,0.000,0.000,1.000,3.000,0.000,0.000,9.000,0,0,0
B3_zmq_pushpull,zmq_tcp,none,none,,1,19406,512,584,1785153455866578000,1785153455866578000,1785153455866578000,1785153455866579000,1785153455866692000,1785153455866694000,1785153455866694000,1785153455866694000,121932490,121652369,-167.121,0.000,0.000,1.000,2.000,0.000,0.000,1.000,0,0,0
B3_zmq_pushpull,zmq_tcp,none,none,,1,19407,512,584,1785153455867576000,1785153455867576000,1785153455867576000,1785153455867577000,1785153455867688000,1785153455867691000,1785153455867691000,1785153455867691000,121932490,121652369,-169.121,0.000,0.000,1.000,3.000,0.000,0.000,2.000,0,0,0
B3_zmq_pushpull,zmq_tcp,none,none,,1,19408,512,584,1785153455868576000,1785153455868576000,1785153455868576000,1785153455868577000,1785153455868694000,1785153455868697000,1785153455868697000,1785153455868697000,121932490,121652369,-163.121,0.000,0.000,1.000,3.000,0.000,0.000,6.000,0,0,0
B3_zmq_pushpull,zmq_tcp,none,none,,1,19409,512,584,1785153455869575000,1785153455869575000,1785153455869575000,1785153455869576000,1785153455869701000,1785153455869704000,1785153455869704000,1785153455869704000,121932490,121652369,-155.121,0.000,0.000,1.000,3.000,0.000,0.000,8.000,0,0,0
B3_zmq_pushpull,zmq_tcp,none,none,,1,19410,512,584,1785153455870576000,1785153455870576000,1785153455870576000,1785153455870577000,1785153455870718000,1785153455870721000,1785153455870721000,1785153455870721000,121932490,121652369,-139.121,0.000,0.000,1.000,3.000,0.000,0.000,16.000,0,0,0
B3_zmq_pushpull,zmq_tcp,none,none,,1,19411,512,584,1785153455871576000,1785153455871576000,1785153455871576000,1785153455871577000,1785153455871726000,1785153455871730000,1785153455871730000,1785153455871730000,121932490,121652369,-131.121,0.000,0.000,1.000,4.000,0.000,0.000,8.000,0,0,0
B3_zmq_pushpull,zmq_tcp,none,none,,1,19412,512,584,1785153455872446000,1785153455872446000,1785153455872446000,1785153455872447000,1785153455872605000,1785153455872608000,1785153455872608000,1785153455872608000,121932490,121652369,-122.121,0.000,0.000,1.000,3.000,0.000,0.000,9.000,0,0,0
B3_zmq_pushpull,zmq_tcp,none,none,,1,19413,512,584,1785153455873606000,1785153455873607000,1785153455873607000,1785153455873608000,1785153455873766000,1785153455873769000,1785153455873769000,1785153455873769000,121932490,121652369,-122.121,1.000,0.000,1.000,3.000,0.000,0.000,0.000,0,0,0
B3_zmq_pushpull,zmq_tcp,none,none,,1,19414,512,584,1785153455874568000,1785153455874569000,1785153455874569000,1785153455874570000,1785153455874632000,1785153455874634000,1785153455874634000,1785153455874634000,121932490,121652369,-218.121,1.000,0.000,1.000,2.000,0.000,0.000,96.000,0,0,0
B3_zmq_pushpull,zmq_tcp,none,none,,1,19415,512,584,1785153455875578000,1785153455875578000,1785153455875578000,1785153455875579000,1785153455875629000,1785153455875632000,1785153455875632000,1785153455875632000,121932490,121652369,-230.121,0.000,0.000,1.000,3.000,0.000,0.000,12.000,0,0,0
B3_zmq_pushpull,zmq_tcp,none,none,,1,19416,512,584,1785153455876574000,1785153455876575000,1785153455876575000,1785153455876576000,1785153455876624000,1785153455876627000,1785153455876627000,1785153455876627000,121932490,121652369,-232.121,1.000,0.000,1.000,3.000,0.000,0.000,2.000,0,0,0
B3_zmq_pushpull,zmq_tcp,none,none,,1,19417,512,584,1785153455877575000,1785153455877575000,1785153455877575000,1785153455877576000,1785153455877739000,1785153455877741000,1785153455877741000,1785153455877741000,121932490,121652369,-117.121,0.000,0.000,1.000,2.000,0.000,0.000,115.000,0,0,0
B3_zmq_pushpull,zmq_tcp,none,none,,1,19418,512,584,1785153455878577000,1785153455878577000,1785153455878577000,1785153455878578000,1785153455878721000,1785153455878724000,1785153455878724000,1785153455878724000,121932490,121652369,-137.121,0.000,0.000,1.000,3.000,0.000,0.000,20.000,0,0,0
B3_zmq_pushpull,zmq_tcp,none,none,,1,19419,512,584,1785153455879575000,1785153455879575000,1785153455879575000,1785153455879576000,1785153455879691000,1785153455879693000,1785153455879693000,1785153455879693000,121932490,121652369,-165.121,0.000,0.000,1.000,2.000,0.000,0.000,28.000,0,0,0
B3_zmq_pushpull,zmq_tcp,none,none,,1,19420,512,584,1785153455880575000,1785153455880575000,1785153455880575000,1785153455880576000,1785153455880663000,1785153455880665000,1785153455880665000,1785153455880665000,121932490,121652369,-193.121,0.000,0.000,1.000,2.000,0.000,0.000,28.000,0,0,0
B3_zmq_pushpull,zmq_tcp,none,none,,1,19421,512,584,1785153455881575000,1785153455881575000,1785153455881575000,1785153455881576000,1785153455881621000,1785153455881625000,1785153455881625000,1785153455881625000,121932490,121652369,-235.121,0.000,0.000,1.000,4.000,0.000,0.000,42.000,0,0,0
B3_zmq_pushpull,zmq_tcp,none,none,,1,19422,512,584,1785153455882575000,1785153455882575000,1785153455882575000,1785153455882576000,1785153455882736000,1785153455882738000,1785153455882738000,1785153455882738000,121932490,121652369,-120.121,0.000,0.000,1.000,2.000,0.000,0.000,115.000,0,0,0
B3_zmq_pushpull,zmq_tcp,none,none,,1,19423,512,584,1785153455883575000,1785153455883576000,1785153455883576000,1785153455883577000,1785153455883707000,1785153455883710000,1785153455883710000,1785153455883710000,121932490,121652369,-150.121,1.000,0.000,1.000,3.000,0.000,0.000,30.000,0,0,0
B3_zmq_pushpull,zmq_tcp,none,none,,1,19424,512,584,1785153455884577000,1785153455884577000,1785153455884577000,1785153455884578000,1785153455884697000,1785153455884701000,1785153455884701000,1785153455884701000,121932490,121652369,-161.121,0.000,0.000,1.000,4.000,0.000,0.000,11.000,0,0,0
B3_zmq_pushpull,zmq_tcp,none,none,,1,19425,512,584,1785153455885578000,1785153455885578000,1785153455885578000,1785153455885579000,1785153455885687000,1785153455885689000,1785153455885689000,1785153455885689000,121932490,121652369,-172.121,0.000,0.000,1.000,2.000,0.000,0.000,11.000,0,0,0
B3_zmq_pushpull,zmq_tcp,none,none,,1,19426,512,584,1785153455886577000,1785153455886577000,1785153455886577000,1785153455886578000,1785153455886673000,1785153455886677000,1785153455886677000,1785153455886677000,121932490,121652369,-185.121,0.000,0.000,1.000,4.000,0.000,0.000,13.000,0,0,0
B3_zmq_pushpull,zmq_tcp,none,none,,1,19427,512,584,1785153455887385000,1785153455887385000,1785153455887385000,1785153455887386000,1785153455887529000,1785153455887538000,1785153455887538000,1785153455887538000,121932490,121652369,-137.121,0.000,0.000,1.000,9.000,0.000,0.000,48.000,0,0,0
B3_zmq_pushpull,zmq_tcp,none,none,,1,19428,512,584,1785153455888389000,1785153455888389000,1785153455888389000,1785153455888390000,1785153455888528000,1785153455888533000,1785153455888533000,1785153455888533000,121932490,121652369,-142.121,0.000,0.000,1.000,5.000,0.000,0.000,5.000,0,0,0
B3_zmq_pushpull,zmq_tcp,none,none,,1,19429,512,584,1785153455889502000,1785153455889503000,1785153455889503000,1785153455889504000,1785153455889645000,1785153455889648000,1785153455889648000,1785153455889648000,121932490,121652369,-139.121,1.000,0.000,1.000,3.000,0.000,0.000,3.000,0,0,0
B3_zmq_pushpull,zmq_tcp,none,none,,1,19430,512,584,1785153455890595000,1785153455890595000,1785153455890595000,1785153455890596000,1785153455890768000,1785153455890771000,1785153455890771000,1785153455890771000,121932490,121652369,-108.121,0.000,0.000,1.000,3.000,0.000,0.000,31.000,0,0,0
B3_zmq_pushpull,zmq_tcp,none,none,,1,19431,512,584,1785153455891569000,1785153455891569000,1785153455891569000,1785153455891570000,1785153455891634000,1785153455891637000,1785153455891637000,1785153455891637000,121932490,121652369,-216.121,0.000,0.000,1.000,3.000,0.000,0.000,108.000,0,0,0
B3_zmq_pushpull,zmq_tcp,none,none,,1,19432,512,584,1785153455892579000,1785153455892579000,1785153455892579000,1785153455892580000,1785153455892765000,1785153455892768000,1785153455892768000,1785153455892768000,121932490,121652369,-95.121,0.000,0.000,1.000,3.000,0.000,0.000,121.000,0,0,0
B3_zmq_pushpull,zmq_tcp,none,none,,1,19433,512,584,1785153455893574000,1785153455893574000,1785153455893574000,1785153455893575000,1785153455893748000,1785153455893751000,1785153455893751000,1785153455893751000,121932490,121652369,-107.121,0.000,0.000,1.000,3.000,0.000,0.000,12.000,0,0,0
B3_zmq_pushpull,zmq_tcp,none,none,,1,19434,512,584,1785153455894575000,1785153455894575000,1785153455894575000,1785153455894576000,1785153455894725000,1785153455894728000,1785153455894728000,1785153455894728000,121932490,121652369,-131.121,0.000,0.000,1.000,3.000,0.000,0.000,24.000,0,0,0
B3_zmq_pushpull,zmq_tcp,none,none,,1,19435,512,584,1785153455895572000,1785153455895572000,1785153455895572000,1785153455895573000,1785153455895701000,1785153455895704000,1785153455895704000,1785153455895704000,121932490,121652369,-152.121,0.000,0.000,1.000,3.000,0.000,0.000,21.000,0,0,0
B3_zmq_pushpull,zmq_tcp,none,none,,1,19436,512,584,1785153455896402000,1785153455896402000,1785153455896403000,1785153455896404000,1785153455896560000,1785153455896563000,1785153455896563000,1785153455896563000,121932490,121652369,-124.121,0.000,1.000,1.000,3.000,0.000,0.000,28.000,0,0,0
B3_zmq_pushpull,zmq_tcp,none,none,,1,19437,512,584,1785153455897624000,1785153455897624000,1785153455897624000,1785153455897625000,1785153455897692000,1785153455897695000,1785153455897695000,1785153455897695000,121932490,121652369,-213.121,0.000,0.000,1.000,3.000,0.000,0.000,89.000,0,0,0
B3_zmq_pushpull,zmq_tcp,none,none,,1,19438,512,584,1785153455898388000,1785153455898388000,1785153455898388000,1785153455898389000,1785153455898536000,1785153455898539000,1785153455898539000,1785153455898539000,121932490,121652369,-133.121,0.000,0.000,1.000,3.000,0.000,0.000,80.000,0,0,0
B3_zmq_pushpull,zmq_tcp,none,none,,1,19439,512,584,1785153455899623000,1785153455899623000,1785153455899623000,1785153455899624000,1785153455899789000,1785153455899791000,1785153455899791000,1785153455899791000,121932490,121652369,-115.121,0.000,0.000,1.000,2.000,0.000,0.000,18.000,0,0,0
B3_zmq_pushpull,zmq_tcp,none,none,,1,19440,512,584,1785153455900566000,1785153455900566000,1785153455900566000,1785153455900567000,1785153455900633000,1785153455900636000,1785153455900636000,1785153455900636000,121932490,121652369,-214.121,0.000,0.000,1.000,3.000,0.000,0.000,99.000,0,0,0
B3_zmq_pushpull,zmq_tcp,none,none,,1,19441,512,584,1785153455901458000,1785153455901459000,1785153455901459000,1785153455901460000,1785153455901607000,1785153455901609000,1785153455901609000,1785153455901609000,121932490,121652369,-133.121,1.000,0.000,1.000,2.000,0.000,0.000,81.000,0,0,0
B3_zmq_pushpull,zmq_tcp,none,none,,1,19442,512,584,1785153455902605000,1785153455902605000,1785153455902605000,1785153455902606000,1785153455902724000,1785153455902727000,1785153455902727000,1785153455902727000,121932490,121652369,-162.121,0.000,0.000,1.000,3.000,0.000,0.000,29.000,0,0,0
B3_zmq_pushpull,zmq_tcp,none,none,,1,19443,512,584,1785153455903406000,1785153455903406000,1785153455903406000,1785153455903407000,1785153455903559000,1785153455903562000,1785153455903562000,1785153455903562000,121932490,121652369,-128.121,0.000,0.000,1.000,3.000,0.000,0.000,34.000,0,0,0
B3_zmq_pushpull,zmq_tcp,none,none,,1,19444,512,584,1785153455904618000,1785153455904618000,1785153455904618000,1785153455904619000,1785153455904687000,1785153455904690000,1785153455904690000,1785153455904690000,121932490,121652369,-212.121,0.000,0.000,1.000,3.000,0.000,0.000,84.000,0,0,0
B3_zmq_pushpull,zmq_tcp,none,none,,1,19445,512,584,1785153455905562000,1785153455905562000,1785153455905562000,1785153455905563000,1785153455905677000,1785153455905680000,1785153455905680000,1785153455905680000,121932490,121652369,-166.121,0.000,0.000,1.000,3.000,0.000,0.000,46.000,0,0,0
B3_zmq_pushpull,zmq_tcp,none,none,,1,19446,512,584,1785153455906581000,1785153455906581000,1785153455906581000,1785153455906582000,1785153455906664000,1785153455906667000,1785153455906667000,1785153455906667000,121932490,121652369,-198.121,0.000,0.000,1.000,3.000,0.000,0.000,32.000,0,0,0
B3_zmq_pushpull,zmq_tcp,none,none,,1,19447,512,584,1785153455907549000,1785153455907549000,1785153455907549000,1785153455907550000,1785153455907628000,1785153455907631000,1785153455907631000,1785153455907631000,121932490,121652369,-202.121,0.000,0.000,1.000,3.000,0.000,0.000,4.000,0,0,0
B3_zmq_pushpull,zmq_tcp,none,none,,1,19448,512,584,1785153455908583000,1785153455908584000,1785153455908584000,1785153455908585000,1785153455908756000,1785153455908759000,1785153455908759000,1785153455908759000,121932490,121652369,-109.121,1.000,0.000,1.000,3.000,0.000,0.000,93.000,0,0,0
B3_zmq_pushpull,zmq_tcp,none,none,,1,19449,512,584,1785153455909572000,1785153455909572000,1785153455909572000,1785153455909573000,1785153455909620000,1785153455909623000,1785153455909623000,1785153455909623000,121932490,121652369,-233.121,0.000,0.000,1.000,3.000,0.000,0.000,124.000,0,0,0
B3_zmq_pushpull,zmq_tcp,none,none,,1,19450,512,584,1785153455910457000,1785153455910457000,1785153455910457000,1785153455910458000,1785153455910611000,1785153455910614000,1785153455910614000,1785153455910614000,121932490,121652369,-127.121,0.000,0.000,1.000,3.000,0.000,0.000,106.000,0,0,0
B3_zmq_pushpull,zmq_tcp,none,none,,1,19451,512,584,1785153455911604000,1785153455911604000,1785153455911604000,1785153455911605000,1785153455911729000,1785153455911732000,1785153455911732000,1785153455911732000,121932490,121652369,-156.121,0.000,0.000,1.000,3.000,0.000,0.000,29.000,0,0,0
B3_zmq_pushpull,zmq_tcp,none,none,,1,19452,512,584,1785153455912564000,1785153455912565000,1785153455912565000,1785153455912566000,1785153455912708000,1785153455912711000,1785153455912711000,1785153455912711000,121932490,121652369,-138.121,1.000,0.000,1.000,3.000,0.000,0.000,18.000,0,0,0
B3_zmq_pushpull,zmq_tcp,none,none,,1,19453,512,584,1785153455913403000,1785153455913403000,1785153455913403000,1785153455913405000,1785153455913553000,1785153455913556000,1785153455913556000,1785153455913556000,121932490,121652369,-132.121,0.000,0.000,2.000,3.000,0.000,0.000,6.000,0,0,0
B3_zmq_pushpull,zmq_tcp,none,none,,1,19454,512,584,1785153455914386000,1785153455914386000,1785153455914386000,1785153455914387000,1785153455914544000,1785153455914547000,1785153455914547000,1785153455914547000,121932490,121652369,-123.121,0.000,0.000,1.000,3.000,0.000,0.000,9.000,0,0,0
B3_zmq_pushpull,zmq_tcp,none,none,,1,19455,512,584,1785153455915386000,1785153455915386000,1785153455915386000,1785153455915387000,1785153455915527000,1785153455915529000,1785153455915529000,1785153455915529000,121932490,121652369,-140.121,0.000,0.000,1.000,2.000,0.000,0.000,17.000,0,0,0
B3_zmq_pushpull,zmq_tcp,none,none,,1,19456,512,584,1785153455916490000,1785153455916490000,1785153455916490000,1785153455916491000,1785153455916643000,1785153455916647000,1785153455916647000,1785153455916647000,121932490,121652369,-128.121,0.000,0.000,1.000,4.000,0.000,0.000,12.000,0,0,0
B3_zmq_pushpull,zmq_tcp,none,none,,1,19457,512,584,1785153455917467000,1785153455917468000,1785153455917468000,1785153455917468000,1785153455917621000,1785153455917624000,1785153455917624000,1785153455917624000,121932490,121652369,-127.121,1.000,0.000,0.000,3.000,0.000,0.000,1.000,0,0,0
B3_zmq_pushpull,zmq_tcp,none,none,,1,19458,512,584,1785153455918603000,1785153455918603000,1785153455918603000,1785153455918605000,1785153455918749000,1785153455918752000,1785153455918752000,1785153455918752000,121932490,121652369,-136.121,0.000,0.000,2.000,3.000,0.000,0.000,9.000,0,0,0
B3_zmq_pushpull,zmq_tcp,none,none,,1,19459,512,584,1785153455919572000,1785153455919572000,1785153455919572000,1785153455919573000,1785153455919729000,1785153455919731000,1785153455919731000,1785153455919731000,121932490,121652369,-124.121,0.000,0.000,1.000,2.000,0.000,0.000,12.000,0,0,0
B3_zmq_pushpull,zmq_tcp,none,none,,1,19460,512,584,1785153455920578000,1785153455920578000,1785153455920578000,1785153455920579000,1785153455920704000,1785153455920707000,1785153455920707000,1785153455920707000,121932490,121652369,-155.121,0.000,0.000,1.000,3.000,0.000,0.000,31.000,0,0,0
B3_zmq_pushpull,zmq_tcp,none,none,,1,19461,512,584,1785153455921575000,1785153455921575000,1785153455921575000,1785153455921576000,1785153455921693000,1785153455921697000,1785153455921697000,1785153455921697000,121932490,121652369,-163.121,0.000,0.000,1.000,4.000,0.000,0.000,8.000,0,0,0
B3_zmq_pushpull,zmq_tcp,none,none,,1,19462,512,584,1785153455922576000,1785153455922576000,1785153455922576000,1785153455922577000,1785153455922661000,1785153455922665000,1785153455922665000,1785153455922665000,121932490,121652369,-196.121,0.000,0.000,1.000,4.000,0.000,0.000,33.000,0,0,0
B3_zmq_pushpull,zmq_tcp,none,none,,1,19463,512,584,1785153455923482000,1785153455923482000,1785153455923482000,1785153455923483000,1785153455923635000,1785153455923637000,1785153455923637000,1785153455923637000,121932490,121652369,-128.121,0.000,0.000,1.000,2.000,0.000,0.000,68.000,0,0,0
B3_zmq_pushpull,zmq_tcp,none,none,,1,19464,512,584,1785153455924451000,1785153455924452000,1785153455924452000,1785153455924453000,1785153455924603000,1785153455924605000,1785153455924605000,1785153455924605000,121932490,121652369,-130.121,1.000,0.000,1.000,2.000,0.000,0.000,2.000,0,0,0
B3_zmq_pushpull,zmq_tcp,none,none,,1,19465,512,584,1785153455925413000,1785153455925413000,1785153455925413000,1785153455925415000,1785153455925557000,1785153455925560000,1785153455925560000,1785153455925560000,121932490,121652369,-138.121,0.000,0.000,2.000,3.000,0.000,0.000,8.000,0,0,0
B3_zmq_pushpull,zmq_tcp,none,none,,1,19466,512,584,1785153455926619000,1785153455926619000,1785153455926619000,1785153455926620000,1785153455926796000,1785153455926799000,1785153455926799000,1785153455926799000,121932490,121652369,-104.121,0.000,0.000,1.000,3.000,0.000,0.000,34.000,0,0,0
B3_zmq_pushpull,zmq_tcp,none,none,,1,19467,512,584,1785153455927563000,1785153455927563000,1785153455927563000,1785153455927564000,1785153455927644000,1785153455927647000,1785153455927647000,1785153455927647000,121932490,121652369,-200.121,0.000,0.000,1.000,3.000,0.000,0.000,96.000,0,0,0
B3_zmq_pushpull,zmq_tcp,none,none,,1,19468,512,584,1785153455928579000,1785153455928579000,1785153455928579000,1785153455928580000,1785153455928745000,1785153455928748000,1785153455928748000,1785153455928748000,121932490,121652369,-115.121,0.000,0.000,1.000,3.000,0.000,0.000,85.000,0,0,0
B3_zmq_pushpull,zmq_tcp,none,none,,1,19469,512,584,1785153455929574000,1785153455929574000,1785153455929574000,1785153455929575000,1785153455929713000,1785153455929716000,1785153455929716000,1785153455929716000,121932490,121652369,-142.121,0.000,0.000,1.000,3.000,0.000,0.000,27.000,0,0,0
B3_zmq_pushpull,zmq_tcp,none,none,,1,19470,512,584,1785153455930390000,1785153455930390000,1785153455930390000,1785153455930391000,1785153455930543000,1785153455930545000,1785153455930545000,1785153455930545000,121932490,121652369,-128.121,0.000,0.000,1.000,2.000,0.000,0.000,14.000,0,0,0
B3_zmq_pushpull,zmq_tcp,none,none,,1,19471,512,584,1785153455931379000,1785153455931380000,1785153455931380000,1785153455931381000,1785153455931522000,1785153455931525000,1785153455931525000,1785153455931525000,121932490,121652369,-139.121,1.000,0.000,1.000,3.000,0.000,0.000,11.000,0,0,0
B3_zmq_pushpull,zmq_tcp,none,none,,1,19472,512,584,1785153455932495000,1785153455932495000,1785153455932495000,1785153455932496000,1785153455932655000,1785153455932658000,1785153455932658000,1785153455932658000,121932490,121652369,-121.121,0.000,0.000,1.000,3.000,0.000,0.000,18.000,0,0,0
B3_zmq_pushpull,zmq_tcp,none,none,,1,19473,512,584,1785153455933477000,1785153455933477000,1785153455933477000,1785153455933478000,1785153455933634000,1785153455933636000,1785153455933636000,1785153455933636000,121932490,121652369,-124.121,0.000,0.000,1.000,2.000,0.000,0.000,3.000,0,0,0
B3_zmq_pushpull,zmq_tcp,none,none,,1,19474,512,584,1785153455934453000,1785153455934453000,1785153455934453000,1785153455934454000,1785153455934611000,1785153455934613000,1785153455934613000,1785153455934613000,121932490,121652369,-123.121,0.000,0.000,1.000,2.000,0.000,0.000,1.000,0,0,0
B3_zmq_pushpull,zmq_tcp,none,none,,1,19475,512,584,1785153455935441000,1785153455935441000,1785153455935441000,1785153455935442000,1785153455935588000,1785153455935591000,1785153455935591000,1785153455935591000,121932490,121652369,-134.121,0.000,0.000,1.000,3.000,0.000,0.000,11.000,0,0,0
B3_zmq_pushpull,zmq_tcp,none,none,,1,19476,512,584,1785153455936409000,1785153455936409000,1785153455936409000,1785153455936410000,1785153455936564000,1785153455936567000,1785153455936567000,1785153455936567000,121932490,121652369,-126.121,0.000,0.000,1.000,3.000,0.000,0.000,8.000,0,0,0
B3_zmq_pushpull,zmq_tcp,none,none,,1,19477,512,584,1785153455937618000,1785153455937618000,1785153455937618000,1785153455937619000,1785153455937676000,1785153455937678000,1785153455937678000,1785153455937678000,121932490,121652369,-223.121,0.000,0.000,1.000,2.000,0.000,0.000,97.000,0,0,0
B3_zmq_pushpull,zmq_tcp,none,none,,1,19478,512,584,1785153455938501000,1785153455938501000,1785153455938501000,1785153455938502000,1785153455938652000,1785153455938655000,1785153455938655000,1785153455938655000,121932490,121652369,-130.121,0.000,0.000,1.000,3.000,0.000,0.000,93.000,0,0,0
B3_zmq_pushpull,zmq_tcp,none,none,,1,19479,512,584,1785153455939488000,1785153455939488000,1785153455939488000,1785153455939489000,1785153455939648000,1785153455939651000,1785153455939651000,1785153455939651000,121932490,121652369,-121.121,0.000,0.000,1.000,3.000,0.000,0.000,9.000,0,0,0
B3_zmq_pushpull,zmq_tcp,none,none,,1,19480,512,584,1785153455940598000,1785153455940598000,1785153455940598000,1785153455940599000,1785153455940771000,1785153455940773000,1785153455940774000,1785153455940774000,121932490,121652369,-108.121,0.000,0.000,1.000,2.000,1.000,0.000,13.000,0,0,0
B3_zmq_pushpull,zmq_tcp,none,none,,1,19481,512,584,1785153455941459000,1785153455941460000,1785153455941460000,1785153455941461000,1785153455941619000,1785153455941622000,1785153455941622000,1785153455941622000,121932490,121652369,-122.121,1.000,0.000,1.000,3.000,0.000,0.000,14.000,0,0,0
B3_zmq_pushpull,zmq_tcp,none,none,,1,19482,512,584,1785153455942458000,1785153455942458000,1785153455942458000,1785153455942459000,1785153455942620000,1785153455942625000,1785153455942625000,1785153455942625000,121932490,121652369,-119.121,0.000,0.000,1.000,5.000,0.000,0.000,3.000,0,0,0
B3_zmq_pushpull,zmq_tcp,none,none,,1,19483,512,584,1785153455943430000,1785153455943430000,1785153455943430000,1785153455943431000,1785153455943574000,1785153455943576000,1785153455943576000,1785153455943577000,121932490,121652369,-137.121,0.000,0.000,1.000,2.000,0.000,1.000,18.000,0,0,0
B3_zmq_pushpull,zmq_tcp,none,none,,1,19484,512,584,1785153455944613000,1785153455944613000,1785153455944613000,1785153455944614000,1785153455944667000,1785153455944670000,1785153455944670000,1785153455944670000,121932490,121652369,-227.121,0.000,0.000,1.000,3.000,0.000,0.000,90.000,0,0,0
B3_zmq_pushpull,zmq_tcp,none,none,,1,19485,512,584,1785153455945380000,1785153455945381000,1785153455945381000,1785153455945382000,1785153455945519000,1785153455945522000,1785153455945522000,1785153455945522000,121932490,121652369,-143.121,1.000,0.000,1.000,3.000,0.000,0.000,84.000,0,0,0
B3_zmq_pushpull,zmq_tcp,none,none,,1,19486,512,584,1785153455946483000,1785153455946483000,1785153455946484000,1785153455946484000,1785153455946640000,1785153455946643000,1785153455946643000,1785153455946643000,121932490,121652369,-124.121,0.000,1.000,0.000,3.000,0.000,0.000,19.000,0,0,0
B3_zmq_pushpull,zmq_tcp,none,none,,1,19487,512,584,1785153455947472000,1785153455947472000,1785153455947473000,1785153455947473000,1785153455947630000,1785153455947632000,1785153455947632000,1785153455947632000,121932490,121652369,-123.121,0.000,1.000,0.000,2.000,0.000,0.000,1.000,0,0,0
B3_zmq_pushpull,zmq_tcp,none,none,,1,19488,512,584,1785153455948605000,1785153455948605000,1785153455948605000,1785153455948606000,1785153455948763000,1785153455948766000,1785153455948766000,1785153455948766000,121932490,121652369,-123.121,0.000,0.000,1.000,3.000,0.000,0.000,0.000,0,0,0
B3_zmq_pushpull,zmq_tcp,none,none,,1,19489,512,584,1785153455949467000,1785153455949467000,1785153455949467000,1785153455949468000,1785153455949616000,1785153455949619000,1785153455949619000,1785153455949619000,121932490,121652369,-132.121,0.000,0.000,1.000,3.000,0.000,0.000,9.000,0,0,0
B3_zmq_pushpull,zmq_tcp,none,none,,1,19490,512,584,1785153455950451000,1785153455950451000,1785153455950451000,1785153455950453000,1785153455950599000,1785153455950602000,1785153455950602000,1785153455950602000,121932490,121652369,-134.121,0.000,0.000,2.000,3.000,0.000,0.000,2.000,0,0,0
B3_zmq_pushpull,zmq_tcp,none,none,,1,19491,512,584,1785153455951608000,1785153455951608000,1785153455951608000,1785153455951609000,1785153455951707000,1785153455951710000,1785153455951710000,1785153455951710000,121932490,121652369,-182.121,0.000,0.000,1.000,3.000,0.000,0.000,48.000,0,0,0
B3_zmq_pushpull,zmq_tcp,none,none,,1,19492,512,584,1785153455952564000,1785153455952565000,1785153455952565000,1785153455952566000,1785153455952682000,1785153455952684000,1785153455952684000,1785153455952684000,121932490,121652369,-164.121,1.000,0.000,1.000,2.000,0.000,0.000,18.000,0,0,0
B3_zmq_pushpull,zmq_tcp,none,none,,1,19493,512,584,1785153455953519000,1785153455953519000,1785153455953519000,1785153455953520000,1785153455953658000,1785153455953661000,1785153455953661000,1785153455953661000,121932490,121652369,-142.121,0.000,0.000,1.000,3.000,0.000,0.000,22.000,0,0,0
B3_zmq_pushpull,zmq_tcp,none,none,,1,19494,512,584,1785153455954591000,1785153455954591000,1785153455954591000,1785153455954592000,1785153455954786000,1785153455954789000,1785153455954789000,1785153455954789000,121932490,121652369,-86.121,0.000,0.000,1.000,3.000,0.000,0.000,56.000,0,0,0
B3_zmq_pushpull,zmq_tcp,none,none,,1,19495,512,584,1785153455955575000,1785153455955576000,1785153455955576000,1785153455955577000,1785153455955638000,1785153455955641000,1785153455955641000,1785153455955641000,121932490,121652369,-219.121,1.000,0.000,1.000,3.000,0.000,0.000,133.000,0,0,0
B3_zmq_pushpull,zmq_tcp,none,none,,1,19496,512,584,1785153455956580000,1785153455956580000,1785153455956580000,1785153455956581000,1785153455956760000,1785153455956763000,1785153455956763000,1785153455956763000,121932490,121652369,-101.121,0.000,0.000,1.000,3.000,0.000,0.000,118.000,0,0,0
B3_zmq_pushpull,zmq_tcp,none,none,,1,19497,512,584,1785153455957576000,1785153455957576000,1785153455957576000,1785153455957577000,1785153455957613000,1785153455957618000,1785153455957618000,1785153455957618000,121932490,121652369,-244.121,0.000,0.000,1.000,5.000,0.000,0.000,143.000,0,0,0
B3_zmq_pushpull,zmq_tcp,none,none,,1,19498,512,584,1785153455958446000,1785153455958447000,1785153455958447000,1785153455958448000,1785153455958600000,1785153455958604000,1785153455958604000,1785153455958604000,121932490,121652369,-128.121,1.000,0.000,1.000,4.000,0.000,0.000,116.000,0,0,0
B3_zmq_pushpull,zmq_tcp,none,none,,1,19499,512,584,1785153455959431000,1785153455959431000,1785153455959431000,1785153455959433000,1785153455959590000,1785153455959596000,1785153455959596000,1785153455959596000,121932490,121652369,-123.121,0.000,0.000,2.000,6.000,0.000,0.000,5.000,0,0,0
B3_zmq_pushpull,zmq_tcp,none,none,,1,19500,512,584,1785153455960609000,1785153455960609000,1785153455960609000,1785153455960610000,1785153455960728000,1785153455960731000,1785153455960731000,1785153455960731000,121932490,121652369,-162.121,0.000,0.000,1.000,3.000,0.000,0.000,39.000,0,0,0
B3_zmq_pushpull,zmq_tcp,none,none,,1,19501,512,584,1785153455961568000,1785153455961569000,1785153455961569000,1785153455961570000,1785153455961737000,1785153455961740000,1785153455961740000,1785153455961740000,121932490,121652369,-113.121,1.000,0.000,1.000,3.000,0.000,0.000,49.000,0,0,0
B3_zmq_pushpull,zmq_tcp,none,none,,1,19502,512,584,1785153455962579000,1785153455962579000,1785153455962579000,1785153455962580000,1785153455962734000,1785153455962737000,1785153455962737000,1785153455962737000,121932490,121652369,-126.121,0.000,0.000,1.000,3.000,0.000,0.000,13.000,0,0,0
B3_zmq_pushpull,zmq_tcp,none,none,,1,19503,512,584,1785153455963575000,1785153455963575000,1785153455963575000,1785153455963576000,1785153455963743000,1785153455963746000,1785153455963746000,1785153455963746000,121932490,121652369,-113.121,0.000,0.000,1.000,3.000,0.000,0.000,13.000,0,0,0
B3_zmq_pushpull,zmq_tcp,none,none,,1,19504,512,584,1785153455964577000,1785153455964578000,1785153455964578000,1785153455964579000,1785153455964736000,1785153455964739000,1785153455964739000,1785153455964739000,121932490,121652369,-123.121,1.000,0.000,1.000,3.000,0.000,0.000,10.000,0,0,0
B3_zmq_pushpull,zmq_tcp,none,none,,1,19505,512,584,1785153455965577000,1785153455965577000,1785153455965577000,1785153455965578000,1785153455965735000,1785153455965738000,1785153455965738000,1785153455965738000,121932490,121652369,-123.121,0.000,0.000,1.000,3.000,0.000,0.000,0.000,0,0,0
B3_zmq_pushpull,zmq_tcp,none,none,,1,19506,512,584,1785153455966577000,1785153455966577000,1785153455966577000,1785153455966578000,1785153455966727000,1785153455966729000,1785153455966729000,1785153455966729000,121932490,121652369,-131.121,0.000,0.000,1.000,2.000,0.000,0.000,8.000,0,0,0
B3_zmq_pushpull,zmq_tcp,none,none,,1,19507,512,584,1785153455967437000,1785153455967437000,1785153455967437000,1785153455967438000,1785153455967594000,1785153455967597000,1785153455967597000,1785153455967597000,121932490,121652369,-124.121,0.000,0.000,1.000,3.000,0.000,0.000,7.000,0,0,0
B3_zmq_pushpull,zmq_tcp,none,none,,1,19508,512,584,1785153455968611000,1785153455968611000,1785153455968611000,1785153455968612000,1785153455968736000,1785153455968739000,1785153455968739000,1785153455968739000,121932490,121652369,-156.121,0.000,0.000,1.000,3.000,0.000,0.000,32.000,0,0,0
B3_zmq_pushpull,zmq_tcp,none,none,,1,19509,512,584,1785153455969569000,1785153455969569000,1785153455969569000,1785153455969570000,1785153455969737000,1785153455969740000,1785153455969740000,1785153455969740000,121932490,121652369,-113.121,0.000,0.000,1.000,3.000,0.000,0.000,43.000,0,0,0
B3_zmq_pushpull,zmq_tcp,none,none,,1,19510,512,584,1785153455970579000,1785153455970580000,1785153455970580000,1785153455970581000,1785153455970737000,1785153455970740000,1785153455970740000,1785153455970740000,121932490,121652369,-124.121,1.000,0.000,1.000,3.000,0.000,0.000,11.000,0,0,0
B3_zmq_pushpull,zmq_tcp,none,none,,1,19511,512,584,1785153455971573000,1785153455971573000,1785153455971573000,1785153455971574000,1785153455971620000,1785153455971623000,1785153455971623000,1785153455971623000,121932490,121652369,-234.121,0.000,0.000,1.000,3.000,0.000,0.000,110.000,0,0,0
B3_zmq_pushpull,zmq_tcp,none,none,,1,19512,512,584,1785153455972578000,1785153455972578000,1785153455972578000,1785153455972579000,1785153455972622000,1785153455972626000,1785153455972626000,1785153455972626000,121932490,121652369,-237.121,0.000,0.000,1.000,4.000,0.000,0.000,3.000,0,0,0
B3_zmq_pushpull,zmq_tcp,none,none,,1,19513,512,584,1785153455973577000,1785153455973577000,1785153455973577000,1785153455973578000,1785153455973621000,1785153455973624000,1785153455973624000,1785153455973624000,121932490,121652369,-237.121,0.000,0.000,1.000,3.000,0.000,0.000,0.000,0,0,0
B3_zmq_pushpull,zmq_tcp,none,none,,1,19514,512,584,1785153455974577000,1785153455974577000,1785153455974577000,1785153455974578000,1785153455974636000,1785153455974639000,1785153455974639000,1785153455974639000,121932490,121652369,-222.121,0.000,0.000,1.000,3.000,0.000,0.000,15.000,0,0,0
B3_zmq_pushpull,zmq_tcp,none,none,,1,19515,512,584,1785153455975575000,1785153455975575000,1785153455975575000,1785153455975576000,1785153455975639000,1785153455975641000,1785153455975641000,1785153455975641000,121932490,121652369,-217.121,0.000,0.000,1.000,2.000,0.000,0.000,5.000,0,0,0
B3_zmq_pushpull,zmq_tcp,none,none,,1,19516,512,584,1785153455976578000,1785153455976578000,1785153455976578000,1785153455976579000,1785153455976649000,1785153455976652000,1785153455976652000,1785153455976652000,121932490,121652369,-210.121,0.000,0.000,1.000,3.000,0.000,0.000,7.000,0,0,0
B3_zmq_pushpull,zmq_tcp,none,none,,1,19517,512,584,1785153455977578000,1785153455977578000,1785153455977578000,1785153455977579000,1785153455977652000,1785153455977655000,1785153455977655000,1785153455977655000,121932490,121652369,-207.121,0.000,0.000,1.000,3.000,0.000,0.000,3.000,0,0,0
B3_zmq_pushpull,zmq_tcp,none,none,,1,19518,512,584,1785153455978572000,1785153455978573000,1785153455978573000,1785153455978574000,1785153455978651000,1785153455978653000,1785153455978653000,1785153455978653000,121932490,121652369,-203.121,1.000,0.000,1.000,2.000,0.000,0.000,4.000,0,0,0
B3_zmq_pushpull,zmq_tcp,none,none,,1,19519,512,584,1785153455979578000,1785153455979578000,1785153455979578000,1785153455979579000,1785153455979622000,1785153455979626000,1785153455979626000,1785153455979626000,121932490,121652369,-237.121,0.000,0.000,1.000,4.000,0.000,0.000,34.000,0,0,0
B3_zmq_pushpull,zmq_tcp,none,none,,1,19520,512,584,1785153455980577000,1785153455980577000,1785153455980577000,1785153455980578000,1785153455980630000,1785153455980633000,1785153455980633000,1785153455980633000,121932490,121652369,-228.121,0.000,0.000,1.000,3.000,0.000,0.000,9.000,0,0,0
B3_zmq_pushpull,zmq_tcp,none,none,,1,19521,512,584,1785153455981498000,1785153455981498000,1785153455981498000,1785153455981499000,1785153455981657000,1785153455981660000,1785153455981660000,1785153455981660000,121932490,121652369,-122.121,0.000,0.000,1.000,3.000,0.000,0.000,106.000,0,0,0
B3_zmq_pushpull,zmq_tcp,none,none,,1,19522,512,584,1785153455982595000,1785153455982595000,1785153455982595000,1785153455982596000,1785153455982648000,1785153455982651000,1785153455982651000,1785153455982651000,121932490,121652369,-228.121,0.000,0.000,1.000,3.000,0.000,0.000,106.000,0,0,0
B3_zmq_pushpull,zmq_tcp,none,none,,1,19523,512,584,1785153455983577000,1785153455983577000,1785153455983577000,1785153455983578000,1785153455983623000,1785153455983626000,1785153455983626000,1785153455983626000,121932490,121652369,-235.121,0.000,0.000,1.000,3.000,0.000,0.000,7.000,0,0,0
B3_zmq_pushpull,zmq_tcp,none,none,,1,19524,512,584,1785153455984577000,1785153455984577000,1785153455984577000,1785153455984578000,1785153455984756000,1785153455984759000,1785153455984759000,1785153455984759000,121932490,121652369,-102.121,0.000,0.000,1.000,3.000,0.000,0.000,133.000,0,0,0
B3_zmq_pushpull,zmq_tcp,none,none,,1,19525,512,584,1785153455985469000,1785153455985470000,1785153455985470000,1785153455985471000,1785153455985624000,1785153455985627000,1785153455985627000,1785153455985627000,121932490,121652369,-127.121,1.000,0.000,1.000,3.000,0.000,0.000,25.000,0,0,0
B3_zmq_pushpull,zmq_tcp,none,none,,1,19526,512,584,1785153455986449000,1785153455986449000,1785153455986449000,1785153455986450000,1785153455986605000,1785153455986608000,1785153455986608000,1785153455986608000,121932490,121652369,-125.121,0.000,0.000,1.000,3.000,0.000,0.000,2.000,0,0,0
B3_zmq_pushpull,zmq_tcp,none,none,,1,19527,512,584,1785153455987608000,1785153455987608000,1785153455987608000,1785153455987609000,1785153455987732000,1785153455987735000,1785153455987735000,1785153455987735000,121932490,121652369,-157.121,0.000,0.000,1.000,3.000,0.000,0.000,32.000,0,0,0
B3_zmq_pushpull,zmq_tcp,none,none,,1,19528,512,584,1785153455988442000,1785153455988442000,1785153455988442000,1785153455988443000,1785153455988591000,1785153455988599000,1785153455988599000,1785153455988599000,121932490,121652369,-132.121,0.000,0.000,1.000,8.000,0.000,0.000,25.000,0,0,0
B3_zmq_pushpull,zmq_tcp,none,none,,1,19529,512,584,1785153455989612000,1785153455989613000,1785153455989613000,1785153455989614000,1785153455989712000,1785153455989715000,1785153455989715000,1785153455989715000,121932490,121652369,-182.121,1.000,0.000,1.000,3.000,0.000,0.000,50.000,0,0,0
B3_zmq_pushpull,zmq_tcp,none,none,,1,19530,512,584,1785153455990567000,1785153455990567000,1785153455990567000,1785153455990568000,1785153455990701000,1785153455990704000,1785153455990704000,1785153455990704000,121932490,121652369,-147.121,0.000,0.000,1.000,3.000,0.000,0.000,35.000,0,0,0
B3_zmq_pushpull,zmq_tcp,none,none,,1,19531,512,584,1785153455991579000,1785153455991579000,1785153455991579000,1785153455991580000,1785153455991725000,1785153455991728000,1785153455991728000,1785153455991728000,121932490,121652369,-135.121,0.000,0.000,1.000,3.000,0.000,0.000,12.000,0,0,0
B3_zmq_pushpull,zmq_tcp,none,none,,1,19532,512,584,1785153455992575000,1785153455992575000,1785153455992575000,1785153455992576000,1785153455992706000,1785153455992709000,1785153455992709000,1785153455992709000,121932490,121652369,-150.121,0.000,0.000,1.000,3.000,0.000,0.000,15.000,0,0,0
B3_zmq_pushpull,zmq_tcp,none,none,,1,19533,512,584,1785153455993577000,1785153455993577000,1785153455993577000,1785153455993578000,1785153455993692000,1785153455993695000,1785153455993695000,1785153455993695000,121932490,121652369,-166.121,0.000,0.000,1.000,3.000,0.000,0.000,16.000,0,0,0
B3_zmq_pushpull,zmq_tcp,none,none,,1,19534,512,584,1785153455994385000,1785153455994385000,1785153455994385000,1785153455994386000,1785153455994541000,1785153455994544000,1785153455994544000,1785153455994544000,121932490,121652369,-125.121,0.000,0.000,1.000,3.000,0.000,0.000,41.000,0,0,0
B3_zmq_pushpull,zmq_tcp,none,none,,1,19535,512,584,1785153455995386000,1785153455995386000,1785153455995386000,1785153455995387000,1785153455995544000,1785153455995547000,1785153455995547000,1785153455995547000,121932490,121652369,-123.121,0.000,0.000,1.000,3.000,0.000,0.000,2.000,0,0,0
B3_zmq_pushpull,zmq_tcp,none,none,,1,19536,512,584,1785153455996623000,1785153455996623000,1785153455996623000,1785153455996625000,1785153455996691000,1785153455996693000,1785153455996693000,1785153455996693000,121932490,121652369,-214.121,0.000,0.000,2.000,2.000,0.000,0.000,91.000,0,0,0
B3_zmq_pushpull,zmq_tcp,none,none,,1,19537,512,584,1785153455997387000,1785153455997387000,1785153455997387000,1785153455997388000,1785153455997539000,1785153455997541000,1785153455997542000,1785153455997542000,121932490,121652369,-129.121,0.000,0.000,1.000,2.000,1.000,0.000,85.000,0,0,0
B3_zmq_pushpull,zmq_tcp,none,none,,1,19538,512,584,1785153455998625000,1785153455998625000,1785153455998625000,1785153455998626000,1785153455998678000,1785153455998681000,1785153455998681000,1785153455998681000,121932490,121652369,-228.121,0.000,0.000,1.000,3.000,0.000,0.000,99.000,0,0,0
B3_zmq_pushpull,zmq_tcp,none,none,,1,19539,512,584,1785153455999563000,1785153455999563000,1785153455999563000,1785153455999564000,1785153455999669000,1785153455999672000,1785153455999672000,1785153455999672000,121932490,121652369,-175.121,0.000,0.000,1.000,3.000,0.000,0.000,53.000,0,0,0
B3_zmq_pushpull,zmq_tcp,none,none,,1,19540,512,584,1785153456000581000,1785153456000581000,1785153456000581000,1785153456000582000,1785153456000655000,1785153456000658000,1785153456000658000,1785153456000658000,121932490,121652369,-207.121,0.000,0.000,1.000,3.000,0.000,0.000,32.000,0,0,0
B3_zmq_pushpull,zmq_tcp,none,none,,1,19541,512,584,1785153456001481000,1785153456001481000,1785153456001481000,1785153456001482000,1785153456001625000,1785153456001629000,1785153456001629000,1785153456001629000,121932490,121652369,-137.121,0.000,0.000,1.000,4.000,0.000,0.000,70.000,0,0,0
B3_zmq_pushpull,zmq_tcp,none,none,,1,19542,512,584,1785153456002477000,1785153456002478000,1785153456002478000,1785153456002479000,1785153456002633000,1785153456002636000,1785153456002636000,1785153456002636000,121932490,121652369,-126.121,1.000,0.000,1.000,3.000,0.000,0.000,11.000,0,0,0
B3_zmq_pushpull,zmq_tcp,none,none,,1,19543,512,584,1785153456003490000,1785153456003490000,1785153456003490000,1785153456003491000,1785153456003648000,1785153456003651000,1785153456003651000,1785153456003651000,121932490,121652369,-123.121,0.000,0.000,1.000,3.000,0.000,0.000,3.000,0,0,0
B3_zmq_pushpull,zmq_tcp,none,none,,1,19544,512,584,1785153456004506000,1785153456004506000,1785153456004506000,1785153456004507000,1785153456004665000,1785153456004673000,1785153456004673000,1785153456004673000,121932490,121652369,-122.121,0.000,0.000,1.000,8.000,0.000,0.000,1.000,0,0,0
B3_zmq_pushpull,zmq_tcp,none,none,,1,19545,512,584,1785153456005596000,1785153456005597000,1785153456005597000,1785153456005598000,1785153456005659000,1785153456005661000,1785153456005661000,1785153456005661000,121932490,121652369,-219.121,1.000,0.000,1.000,2.000,0.000,0.000,97.000,0,0,0
B3_zmq_pushpull,zmq_tcp,none,none,,1,19546,512,584,1785153456006571000,1785153456006572000,1785153456006572000,1785153456006573000,1785153456006656000,1785153456006659000,1785153456006659000,1785153456006659000,121932490,121652369,-197.121,1.000,0.000,1.000,3.000,0.000,0.000,22.000,0,0,0
B3_zmq_pushpull,zmq_tcp,none,none,,1,19547,512,584,1785153456007578000,1785153456007578000,1785153456007578000,1785153456007579000,1785153456007652000,1785153456007655000,1785153456007655000,1785153456007655000,121932490,121652369,-207.121,0.000,0.000,1.000,3.000,0.000,0.000,10.000,0,0,0
B3_zmq_pushpull,zmq_tcp,none,none,,1,19548,512,584,1785153456008577000,1785153456008577000,1785153456008577000,1785153456008578000,1785153456008639000,1785153456008642000,1785153456008642000,1785153456008642000,121932490,121652369,-219.121,0.000,0.000,1.000,3.000,0.000,0.000,12.000,0,0,0
B3_zmq_pushpull,zmq_tcp,none,none,,1,19549,512,584,1785153456009468000,1785153456009468000,1785153456009468000,1785153456009469000,1785153456009625000,1785153456009628000,1785153456009628000,1785153456009628000,121932490,121652369,-124.121,0.000,0.000,1.000,3.000,0.000,0.000,95.000,0,0,0
B3_zmq_pushpull,zmq_tcp,none,none,,1,19550,512,584,1785153456010473000,1785153456010473000,1785153456010473000,1785153456010474000,1785153456010632000,1785153456010635000,1785153456010635000,1785153456010635000,121932490,121652369,-122.121,0.000,0.000,1.000,3.000,0.000,0.000,2.000,0,0,0
B3_zmq_pushpull,zmq_tcp,none,none,,1,19551,512,584,1785153456011490000,1785153456011490000,1785153456011490000,1785153456011491000,1785153456011652000,1785153456011655000,1785153456011655000,1785153456011655000,121932490,121652369,-119.121,0.000,0.000,1.000,3.000,0.000,0.000,3.000,0,0,0
B3_zmq_pushpull,zmq_tcp,none,none,,1,19552,512,584,1785153456012599000,1785153456012599000,1785153456012599000,1785153456012600000,1785153456012652000,1785153456012655000,1785153456012655000,1785153456012655000,121932490,121652369,-228.121,0.000,0.000,1.000,3.000,0.000,0.000,109.000,0,0,0
B3_zmq_pushpull,zmq_tcp,none,none,,1,19553,512,584,1785153456013567000,1785153456013568000,1785153456013568000,1785153456013569000,1785153456013639000,1785153456013641000,1785153456013641000,1785153456013641000,121932490,121652369,-210.121,1.000,0.000,1.000,2.000,0.000,0.000,18.000,0,0,0
B3_zmq_pushpull,zmq_tcp,none,none,,1,19554,512,584,1785153456014579000,1785153456014580000,1785153456014580000,1785153456014581000,1785153456014625000,1785153456014628000,1785153456014628000,1785153456014628000,121932490,121652369,-236.121,1.000,0.000,1.000,3.000,0.000,0.000,26.000,0,0,0
B3_zmq_pushpull,zmq_tcp,none,none,,1,19555,512,584,1785153456015577000,1785153456015577000,1785153456015577000,1785153456015578000,1785153456015614000,1785153456015617000,1785153456015617000,1785153456015617000,121932490,121652369,-244.121,0.000,0.000,1.000,3.000,0.000,0.000,8.000,0,0,0
B3_zmq_pushpull,zmq_tcp,none,none,,1,19556,512,584,1785153456016578000,1785153456016578000,1785153456016578000,1785153456016579000,1785153456016763000,1785153456016765000,1785153456016765000,1785153456016765000,121932490,121652369,-96.121,0.000,0.000,1.000,2.000,0.000,0.000,148.000,0,0,0
B3_zmq_pushpull,zmq_tcp,none,none,,1,19557,512,584,1785153456017578000,1785153456017578000,1785153456017578000,1785153456017579000,1785153456017750000,1785153456017752000,1785153456017752000,1785153456017752000,121932490,121652369,-109.121,0.000,0.000,1.000,2.000,0.000,0.000,13.000,0,0,0
B3_zmq_pushpull,zmq_tcp,none,none,,1,19558,512,584,1785153456018450000,1785153456018450000,1785153456018450000,1785153456018451000,1785153456018592000,1785153456018594000,1785153456018594000,1785153456018594000,121932490,121652369,-139.121,0.000,0.000,1.000,2.000,0.000,0.000,30.000,0,0,0
B3_zmq_pushpull,zmq_tcp,none,none,,1,19559,512,584,1785153456019609000,1785153456019609000,1785153456019609000,1785153456019610000,1785153456019739000,1785153456019742000,1785153456019742000,1785153456019742000,121932490,121652369,-151.121,0.000,0.000,1.000,3.000,0.000,0.000,12.000,0,0,0
B3_zmq_pushpull,zmq_tcp,none,none,,1,19560,512,584,1785153456020443000,1785153456020443000,1785153456020443000,1785153456020444000,1785153456020599000,1785153456020602000,1785153456020602000,1785153456020602000,121932490,121652369,-125.121,0.000,0.000,1.000,3.000,0.000,0.000,26.000,0,0,0
B3_zmq_pushpull,zmq_tcp,none,none,,1,19561,512,584,1785153456021610000,1785153456021610000,1785153456021610000,1785153456021611000,1785153456021735000,1785153456021737000,1785153456021737000,1785153456021737000,121932490,121652369,-156.121,0.000,0.000,1.000,2.000,0.000,0.000,31.000,0,0,0
B3_zmq_pushpull,zmq_tcp,none,none,,1,19562,512,584,1785153456022569000,1785153456022569000,1785153456022569000,1785153456022570000,1785153456022711000,1785153456022714000,1785153456022714000,1785153456022714000,121932490,121652369,-139.121,0.000,0.000,1.000,3.000,0.000,0.000,17.000,0,0,0
B3_zmq_pushpull,zmq_tcp,none,none,,1,19563,512,584,1785153456023579000,1785153456023579000,1785153456023579000,1785153456023580000,1785153456023722000,1785153456023724000,1785153456023724000,1785153456023724000,121932490,121652369,-138.121,0.000,0.000,1.000,2.000,0.000,0.000,1.000,0,0,0
B3_zmq_pushpull,zmq_tcp,none,none,,1,19564,512,584,1785153456024575000,1785153456024575000,1785153456024575000,1785153456024576000,1785153456024716000,1785153456024719000,1785153456024719000,1785153456024719000,121932490,121652369,-140.121,0.000,0.000,1.000,3.000,0.000,0.000,2.000,0,0,0
B3_zmq_pushpull,zmq_tcp,none,none,,1,19565,512,584,1785153456025418000,1785153456025418000,1785153456025418000,1785153456025419000,1785153456025576000,1785153456025579000,1785153456025579000,1785153456025579000,121932490,121652369,-123.121,0.000,0.000,1.000,3.000,0.000,0.000,17.000,0,0,0
B3_zmq_pushpull,zmq_tcp,none,none,,1,19566,512,584,1785153456026617000,1785153456026617000,1785153456026617000,1785153456026618000,1785153456026716000,1785153456026719000,1785153456026719000,1785153456026719000,121932490,121652369,-182.121,0.000,0.000,1.000,3.000,0.000,0.000,59.000,0,0,0
B3_zmq_pushpull,zmq_tcp,none,none,,1,19567,512,584,1785153456027566000,1785153456027566000,1785153456027566000,1785153456027567000,1785153456027711000,1785153456027714000,1785153456027714000,1785153456027714000,121932490,121652369,-136.121,0.000,0.000,1.000,3.000,0.000,0.000,46.000,0,0,0
B3_zmq_pushpull,zmq_tcp,none,none,,1,19568,512,584,1785153456028434000,1785153456028434000,1785153456028434000,1785153456028436000,1785153456028575000,1785153456028578000,1785153456028578000,1785153456028578000,121932490,121652369,-141.121,0.000,0.000,2.000,3.000,0.000,0.000,5.000,0,0,0
B3_zmq_pushpull,zmq_tcp,none,none,,1,19569,512,584,1785153456029421000,1785153456029421000,1785153456029421000,1785153456029422000,1785153456029582000,1785153456029584000,1785153456029584000,1785153456029584000,121932490,121652369,-120.121,0.000,0.000,1.000,2.000,0.000,0.000,21.000,0,0,0
B3_zmq_pushpull,zmq_tcp,none,none,,1,19570,512,584,1785153456030428000,1785153456030428000,1785153456030428000,1785153456030429000,1785153456030588000,1785153456030591000,1785153456030591000,1785153456030591000,121932490,121652369,-121.121,0.000,0.000,1.000,3.000,0.000,0.000,1.000,0,0,0
B3_zmq_pushpull,zmq_tcp,none,none,,1,19571,512,584,1785153456031611000,1785153456031612000,1785153456031612000,1785153456031613000,1785153456031730000,1785153456031737000,1785153456031737000,1785153456031737000,121932490,121652369,-163.121,1.000,0.000,1.000,7.000,0.000,0.000,42.000,0,0,0
B3_zmq_pushpull,zmq_tcp,none,none,,1,19572,512,584,1785153456032570000,1785153456032570000,1785153456032570000,1785153456032571000,1785153456032732000,1785153456032735000,1785153456032735000,1785153456032735000,121932490,121652369,-119.121,0.000,0.000,1.000,3.000,0.000,0.000,44.000,0,0,0
B3_zmq_pushpull,zmq_tcp,none,none,,1,19573,512,584,1785153456033578000,1785153456033578000,1785153456033578000,1785153456033579000,1785153456033728000,1785153456033730000,1785153456033730000,1785153456033730000,121932490,121652369,-131.121,0.000,0.000,1.000,2.000,0.000,0.000,12.000,0,0,0
B3_zmq_pushpull,zmq_tcp,none,none,,1,19574,512,584,1785153456034443000,1785153456034443000,1785153456034443000,1785153456034444000,1785153456034587000,1785153456034590000,1785153456034590000,1785153456034590000,121932490,121652369,-137.121,0.000,0.000,1.000,3.000,0.000,0.000,6.000,0,0,0
B3_zmq_pushpull,zmq_tcp,none,none,,1,19575,512,584,1785153456035610000,1785153456035610000,1785153456035610000,1785153456035611000,1785153456035723000,1785153456035726000,1785153456035726000,1785153456035726000,121932490,121652369,-168.121,0.000,0.000,1.000,3.000,0.000,0.000,31.000,0,0,0
B3_zmq_pushpull,zmq_tcp,none,none,,1,19576,512,584,1785153456036569000,1785153456036570000,1785153456036570000,1785153456036571000,1785153456036729000,1785153456036732000,1785153456036732000,1785153456036732000,121932490,121652369,-122.121,1.000,0.000,1.000,3.000,0.000,0.000,46.000,0,0,0
B3_zmq_pushpull,zmq_tcp,none,none,,1,19577,512,584,1785153456037580000,1785153456037580000,1785153456037580000,1785153456037581000,1785153456037730000,1785153456037732000,1785153456037732000,1785153456037732000,121932490,121652369,-131.121,0.000,0.000,1.000,2.000,0.000,0.000,9.000,0,0,0
B3_zmq_pushpull,zmq_tcp,none,none,,1,19578,512,584,1785153456038574000,1785153456038574000,1785153456038574000,1785153456038575000,1785153456038734000,1785153456038736000,1785153456038736000,1785153456038736000,121932490,121652369,-121.121,0.000,0.000,1.000,2.000,0.000,0.000,10.000,0,0,0
B3_zmq_pushpull,zmq_tcp,none,none,,1,19579,512,584,1785153456039578000,1785153456039578000,1785153456039578000,1785153456039579000,1785153456039738000,1785153456039740000,1785153456039740000,1785153456039740000,121932490,121652369,-121.121,0.000,0.000,1.000,2.000,0.000,0.000,0.000,0,0,0
B3_zmq_pushpull,zmq_tcp,none,none,,1,19580,512,584,1785153456040578000,1785153456040578000,1785153456040578000,1785153456040579000,1785153456040743000,1785153456040746000,1785153456040746000,1785153456040746000,121932490,121652369,-116.121,0.000,0.000,1.000,3.000,0.000,0.000,5.000,0,0,0
B3_zmq_pushpull,zmq_tcp,none,none,,1,19581,512,584,1785153456041446000,1785153456041446000,1785153456041446000,1785153456041447000,1785153456041590000,1785153456041592000,1785153456041592000,1785153456041592000,121932490,121652369,-137.121,0.000,0.000,1.000,2.000,0.000,0.000,21.000,0,0,0
B3_zmq_pushpull,zmq_tcp,none,none,,1,19582,512,584,1785153456042606000,1785153456042606000,1785153456042606000,1785153456042607000,1785153456042708000,1785153456042711000,1785153456042711000,1785153456042711000,121932490,121652369,-179.121,0.000,0.000,1.000,3.000,0.000,0.000,42.000,0,0,0
B3_zmq_pushpull,zmq_tcp,none,none,,1,19583,512,584,1785153456043572000,1785153456043572000,1785153456043573000,1785153456043574000,1785153456043698000,1785153456043701000,1785153456043701000,1785153456043701000,121932490,121652369,-156.121,0.000,1.000,1.000,3.000,0.000,0.000,23.000,0,0,0
B3_zmq_pushpull,zmq_tcp,none,none,,1,19584,512,584,1785153456044401000,1785153456044401000,1785153456044401000,1785153456044402000,1785153456044560000,1785153456044563000,1785153456044564000,1785153456044564000,121932490,121652369,-122.121,0.000,0.000,1.000,3.000,1.000,0.000,34.000,0,0,0
B3_zmq_pushpull,zmq_tcp,none,none,,1,19585,512,584,1785153456045621000,1785153456045621000,1785153456045621000,1785153456045622000,1785153456045695000,1785153456045698000,1785153456045698000,1785153456045698000,121932490,121652369,-207.121,0.000,0.000,1.000,3.000,0.000,0.000,85.000,0,0,0
B3_zmq_pushpull,zmq_tcp,none,none,,1,19586,512,584,1785153456046567000,1785153456046567000,1785153456046567000,1785153456046568000,1785153456046684000,1785153456046687000,1785153456046687000,1785153456046687000,121932490,121652369,-164.121,0.000,0.000,1.000,3.000,0.000,0.000,43.000,0,0,0
B3_zmq_pushpull,zmq_tcp,none,none,,1,19587,512,584,1785153456047579000,1785153456047580000,1785153456047580000,1785153456047581000,1785153456047688000,1785153456047691000,1785153456047691000,1785153456047691000,121932490,121652369,-173.121,1.000,0.000,1.000,3.000,0.000,0.000,9.000,0,0,0
B3_zmq_pushpull,zmq_tcp,none,none,,1,19588,512,584,1785153456048577000,1785153456048577000,1785153456048577000,1785153456048578000,1785153456048696000,1785153456048699000,1785153456048699000,1785153456048699000,121932490,121652369,-162.121,0.000,0.000,1.000,3.000,0.000,0.000,11.000,0,0,0
B3_zmq_pushpull,zmq_tcp,none,none,,1,19589,512,584,1785153456049577000,1785153456049577000,1785153456049577000,1785153456049578000,1785153456049691000,1785153456049694000,1785153456049694000,1785153456049694000,121932490,121652369,-167.121,0.000,0.000,1.000,3.000,0.000,0.000,5.000,0,0,0
B3_zmq_pushpull,zmq_tcp,none,none,,1,19590,512,584,1785153456050575000,1785153456050575000,1785153456050575000,1785153456050576000,1785153456050693000,1785153456050695000,1785153456050695000,1785153456050695000,121932490,121652369,-163.121,0.000,0.000,1.000,2.000,0.000,0.000,4.000,0,0,0
B3_zmq_pushpull,zmq_tcp,none,none,,1,19591,512,584,1785153456051578000,1785153456051578000,1785153456051578000,1785153456051579000,1785153456051678000,1785153456051680000,1785153456051680000,1785153456051680000,121932490,121652369,-181.121,0.000,0.000,1.000,2.000,0.000,0.000,18.000,0,0,0
B3_zmq_pushpull,zmq_tcp,none,none,,1,19592,512,584,1785153456052578000,1785153456052578000,1785153456052578000,1785153456052579000,1785153456052692000,1785153456052695000,1785153456052695000,1785153456052695000,121932490,121652369,-167.121,0.000,0.000,1.000,3.000,0.000,0.000,14.000,0,0,0
B3_zmq_pushpull,zmq_tcp,none,none,,1,19593,512,584,1785153456053576000,1785153456053576000,1785153456053576000,1785153456053577000,1785153456053688000,1785153456053691000,1785153456053691000,1785153456053691000,121932490,121652369,-169.121,0.000,0.000,1.000,3.000,0.000,0.000,2.000,0,0,0
B3_zmq_pushpull,zmq_tcp,none,none,,1,19594,512,584,1785153456054578000,1785153456054578000,1785153456054578000,1785153456054579000,1785153456054699000,1785153456054702000,1785153456054702000,1785153456054702000,121932490,121652369,-160.121,0.000,0.000,1.000,3.000,0.000,0.000,9.000,0,0,0
B3_zmq_pushpull,zmq_tcp,none,none,,1,19595,512,584,1785153456055577000,1785153456055577000,1785153456055577000,1785153456055578000,1785153456055687000,1785153456055690000,1785153456055690000,1785153456055690000,121932490,121652369,-171.121,0.000,0.000,1.000,3.000,0.000,0.000,11.000,0,0,0
B3_zmq_pushpull,zmq_tcp,none,none,,1,19596,512,584,1785153456056577000,1785153456056577000,1785153456056577000,1785153456056578000,1785153456056655000,1785153456056658000,1785153456056658000,1785153456056658000,121932490,121652369,-203.121,0.000,0.000,1.000,3.000,0.000,0.000,32.000,0,0,0
B3_zmq_pushpull,zmq_tcp,none,none,,1,19597,512,584,1785153456057576000,1785153456057576000,1785153456057576000,1785153456057577000,1785153456057646000,1785153456057649000,1785153456057649000,1785153456057649000,121932490,121652369,-211.121,0.000,0.000,1.000,3.000,0.000,0.000,8.000,0,0,0
B3_zmq_pushpull,zmq_tcp,none,none,,1,19598,512,584,1785153456058578000,1785153456058578000,1785153456058578000,1785153456058579000,1785153456058639000,1785153456058642000,1785153456058642000,1785153456058642000,121932490,121652369,-220.121,0.000,0.000,1.000,3.000,0.000,0.000,9.000,0,0,0
B3_zmq_pushpull,zmq_tcp,none,none,,1,19599,512,584,1785153456059577000,1785153456059577000,1785153456059577000,1785153456059578000,1785153456059646000,1785153456059648000,1785153456059648000,1785153456059648000,121932490,121652369,-212.121,0.000,0.000,1.000,2.000,0.000,0.000,8.000,0,0,0
B3_zmq_pushpull,zmq_tcp,none,none,,1,19600,512,584,1785153456060578000,1785153456060578000,1785153456060578000,1785153456060579000,1785153456060644000,1785153456060647000,1785153456060647000,1785153456060648000,121932490,121652369,-215.121,0.000,0.000,1.000,3.000,0.000,1.000,3.000,0,0,0
B3_zmq_pushpull,zmq_tcp,none,none,,1,19601,512,584,1785153456061575000,1785153456061575000,1785153456061575000,1785153456061576000,1785153456061758000,1785153456061761000,1785153456061761000,1785153456061761000,121932490,121652369,-98.121,0.000,0.000,1.000,3.000,0.000,0.000,117.000,0,0,0
B3_zmq_pushpull,zmq_tcp,none,none,,1,19602,512,584,1785153456062460000,1785153456062460000,1785153456062460000,1785153456062461000,1785153456062605000,1785153456062608000,1785153456062608000,1785153456062608000,121932490,121652369,-136.121,0.000,0.000,1.000,3.000,0.000,0.000,38.000,0,0,0
B3_zmq_pushpull,zmq_tcp,none,none,,1,19603,512,584,1785153456063439000,1785153456063439000,1785153456063439000,1785153456063440000,1785153456063583000,1785153456063586000,1785153456063586000,1785153456063586000,121932490,121652369,-137.121,0.000,0.000,1.000,3.000,0.000,0.000,1.000,0,0,0
B3_zmq_pushpull,zmq_tcp,none,none,,1,19604,512,584,1785153456064612000,1785153456064612000,1785153456064612000,1785153456064613000,1785153456064715000,1785153456064718000,1785153456064718000,1785153456064718000,121932490,121652369,-178.121,0.000,0.000,1.000,3.000,0.000,0.000,41.000,0,0,0
B3_zmq_pushpull,zmq_tcp,none,none,,1,19605,512,584,1785153456065564000,1785153456065564000,1785153456065564000,1785153456065565000,1785153456065724000,1785153456065727000,1785153456065727000,1785153456065727000,121932490,121652369,-121.121,0.000,0.000,1.000,3.000,0.000,0.000,57.000,0,0,0
B3_zmq_pushpull,zmq_tcp,none,none,,1,19606,512,584,1785153456066579000,1785153456066579000,1785153456066579000,1785153456066580000,1785153456066728000,1785153456066731000,1785153456066731000,1785153456066731000,121932490,121652369,-132.121,0.000,0.000,1.000,3.000,0.000,0.000,11.000,0,0,0
B3_zmq_pushpull,zmq_tcp,none,none,,1,19607,512,584,1785153456067427000,1785153456067427000,1785153456067427000,1785153456067428000,1785153456067584000,1785153456067587000,1785153456067587000,1785153456067587000,121932490,121652369,-124.121,0.000,0.000,1.000,3.000,0.000,0.000,8.000,0,0,0
B3_zmq_pushpull,zmq_tcp,none,none,,1,19608,512,584,1785153456068615000,1785153456068615000,1785153456068615000,1785153456068616000,1785153456068715000,1785153456068718000,1785153456068718000,1785153456068718000,121932490,121652369,-181.121,0.000,0.000,1.000,3.000,0.000,0.000,57.000,0,0,0
B3_zmq_pushpull,zmq_tcp,none,none,,1,19609,512,584,1785153456069565000,1785153456069566000,1785153456069566000,1785153456069567000,1785153456069712000,1785153456069715000,1785153456069715000,1785153456069715000,121932490,121652369,-135.121,1.000,0.000,1.000,3.000,0.000,0.000,46.000,0,0,0
B3_zmq_pushpull,zmq_tcp,none,none,,1,19610,512,584,1785153456070407000,1785153456070407000,1785153456070407000,1785153456070408000,1785153456070560000,1785153456070564000,1785153456070564000,1785153456070564000,121932490,121652369,-128.121,0.000,0.000,1.000,4.000,0.000,0.000,7.000,0,0,0
B3_zmq_pushpull,zmq_tcp,none,none,,1,19611,512,584,1785153456071624000,1785153456071624000,1785153456071624000,1785153456071625000,1785153456071808000,1785153456071811000,1785153456071811000,1785153456071811000,121932490,121652369,-97.121,0.000,0.000,1.000,3.000,0.000,0.000,31.000,0,0,0
B3_zmq_pushpull,zmq_tcp,none,none,,1,19612,512,584,1785153456072565000,1785153456072565000,1785153456072565000,1785153456072566000,1785153456072655000,1785153456072658000,1785153456072658000,1785153456072658000,121932490,121652369,-191.121,0.000,0.000,1.000,3.000,0.000,0.000,94.000,0,0,0
B3_zmq_pushpull,zmq_tcp,none,none,,1,19613,512,584,1785153456073580000,1785153456073580000,1785153456073580000,1785153456073581000,1785153456073651000,1785153456073654000,1785153456073654000,1785153456073654000,121932490,121652369,-210.121,0.000,0.000,1.000,3.000,0.000,0.000,19.000,0,0,0
B3_zmq_pushpull,zmq_tcp,none,none,,1,19614,512,584,1785153456074578000,1785153456074578000,1785153456074578000,1785153456074579000,1785153456074672000,1785153456074675000,1785153456074675000,1785153456074675000,121932490,121652369,-187.121,0.000,0.000,1.000,3.000,0.000,0.000,23.000,0,0,0
B3_zmq_pushpull,zmq_tcp,none,none,,1,19615,512,584,1785153456075577000,1785153456075577000,1785153456075577000,1785153456075578000,1785153456075663000,1785153456075668000,1785153456075668000,1785153456075668000,121932490,121652369,-195.121,0.000,0.000,1.000,5.000,0.000,0.000,8.000,0,0,0
B3_zmq_pushpull,zmq_tcp,none,none,,1,19616,512,584,1785153456076507000,1785153456076507000,1785153456076507000,1785153456076508000,1785153456076651000,1785153456076654000,1785153456076654000,1785153456076654000,121932490,121652369,-137.121,0.000,0.000,1.000,3.000,0.000,0.000,58.000,0,0,0
B3_zmq_pushpull,zmq_tcp,none,none,,1,19617,512,584,1785153456077594000,1785153456077594000,1785153456077595000,1785153456077595000,1785153456077636000,1785153456077639000,1785153456077639000,1785153456077639000,121932490,121652369,-239.121,0.000,1.000,0.000,3.000,0.000,0.000,102.000,0,0,0
B3_zmq_pushpull,zmq_tcp,none,none,,1,19618,512,584,1785153456078573000,1785153456078574000,1785153456078574000,1785153456078575000,1785153456078616000,1785153456078620000,1785153456078620000,1785153456078620000,121932490,121652369,-239.121,1.000,0.000,1.000,4.000,0.000,0.000,0.000,0,0,0
B3_zmq_pushpull,zmq_tcp,none,none,,1,19619,512,584,1785153456079578000,1785153456079579000,1785153456079579000,1785153456079580000,1785153456079745000,1785153456079747000,1785153456079747000,1785153456079747000,121932490,121652369,-115.121,1.000,0.000,1.000,2.000,0.000,0.000,124.000,0,0,0
B3_zmq_pushpull,zmq_tcp,none,none,,1,19620,512,584,1785153456080576000,1785153456080576000,1785153456080576000,1785153456080577000,1785153456080612000,1785153456080617000,1785153456080617000,1785153456080617000,121932490,121652369,-245.121,0.000,0.000,1.000,5.000,0.000,0.000,130.000,0,0,0
B3_zmq_pushpull,zmq_tcp,none,none,,1,19621,512,584,1785153456081577000,1785153456081577000,1785153456081577000,1785153456081578000,1785153456081748000,1785153456081751000,1785153456081751000,1785153456081751000,121932490,121652369,-110.121,0.000,0.000,1.000,3.000,0.000,0.000,135.000,0,0,0
B3_zmq_pushpull,zmq_tcp,none,none,,1,19622,512,584,1785153456082465000,1785153456082465000,1785153456082465000,1785153456082466000,1785153456082611000,1785153456082614000,1785153456082614000,1785153456082614000,121932490,121652369,-135.121,0.000,0.000,1.000,3.000,0.000,0.000,25.000,0,0,0
B3_zmq_pushpull,zmq_tcp,none,none,,1,19623,512,584,1785153456083606000,1785153456083606000,1785153456083606000,1785153456083607000,1785153456083741000,1785153456083743000,1785153456083743000,1785153456083743000,121932490,121652369,-146.121,0.000,0.000,1.000,2.000,0.000,0.000,11.000,0,0,0
B3_zmq_pushpull,zmq_tcp,none,none,,1,19624,512,584,1785153456084566000,1785153456084567000,1785153456084567000,1785153456084568000,1785153456084607000,1785153456084610000,1785153456084610000,1785153456084610000,121932490,121652369,-241.121,1.000,0.000,1.000,3.000,0.000,0.000,95.000,0,0,0
B3_zmq_pushpull,zmq_tcp,none,none,,1,19625,512,584,1785153456085580000,1785153456085580000,1785153456085580000,1785153456085581000,1785153456085627000,1785153456085631000,1785153456085631000,1785153456085631000,121932490,121652369,-234.121,0.000,0.000,1.000,4.000,0.000,0.000,7.000,0,0,0
B3_zmq_pushpull,zmq_tcp,none,none,,1,19626,512,584,1785153456086576000,1785153456086576000,1785153456086576000,1785153456086577000,1785153456086623000,1785153456086626000,1785153456086626000,1785153456086626000,121932490,121652369,-234.121,0.000,0.000,1.000,3.000,0.000,0.000,0.000,0,0,0
B3_zmq_pushpull,zmq_tcp,none,none,,1,19627,512,584,1785153456087449000,1785153456087450000,1785153456087450000,1785153456087451000,1785153456087610000,1785153456087612000,1785153456087612000,1785153456087612000,121932490,121652369,-121.121,1.000,0.000,1.000,2.000,0.000,0.000,113.000,0,0,0
B3_zmq_pushpull,zmq_tcp,none,none,,1,19628,512,584,1785153456088608000,1785153456088608000,1785153456088608000,1785153456088609000,1785153456088747000,1785153456088750000,1785153456088750000,1785153456088750000,121932490,121652369,-142.121,0.000,0.000,1.000,3.000,0.000,0.000,21.000,0,0,0
B3_zmq_pushpull,zmq_tcp,none,none,,1,19629,512,584,1785153456089570000,1785153456089570000,1785153456089570000,1785153456089571000,1785153456089613000,1785153456089616000,1785153456089616000,1785153456089616000,121932490,121652369,-238.121,0.000,0.000,1.000,3.000,0.000,0.000,96.000,0,0,0
B3_zmq_pushpull,zmq_tcp,none,none,,1,19630,512,584,1785153456090578000,1785153456090579000,1785153456090579000,1785153456090580000,1785153456090762000,1785153456090764000,1785153456090764000,1785153456090764000,121932490,121652369,-98.121,1.000,0.000,1.000,2.000,0.000,0.000,140.000,0,0,0
B3_zmq_pushpull,zmq_tcp,none,none,,1,19631,512,584,1785153456091574000,1785153456091574000,1785153456091574000,1785153456091575000,1785153456091614000,1785153456091617000,1785153456091617000,1785153456091617000,121932490,121652369,-241.121,0.000,0.000,1.000,3.000,0.000,0.000,143.000,0,0,0
B3_zmq_pushpull,zmq_tcp,none,none,,1,19632,512,584,1785153456092579000,1785153456092579000,1785153456092579000,1785153456092580000,1785153456092621000,1785153456092625000,1785153456092625000,1785153456092625000,121932490,121652369,-239.121,0.000,0.000,1.000,4.000,0.000,0.000,2.000,0,0,0
B3_zmq_pushpull,zmq_tcp,none,none,,1,19633,512,584,1785153456093579000,1785153456093579000,1785153456093579000,1785153456093580000,1785153456093770000,1785153456093773000,1785153456093773000,1785153456093773000,121932490,121652369,-90.121,0.000,0.000,1.000,3.000,0.000,0.000,149.000,0,0,0
B3_zmq_pushpull,zmq_tcp,none,none,,1,19634,512,584,1785153456094577000,1785153456094577000,1785153456094577000,1785153456094578000,1785153456094769000,1785153456094771000,1785153456094771000,1785153456094771000,121932490,121652369,-89.121,0.000,0.000,1.000,2.000,0.000,0.000,1.000,0,0,0
B3_zmq_pushpull,zmq_tcp,none,none,,1,19635,512,584,1785153456095579000,1785153456095579000,1785153456095579000,1785153456095580000,1785153456095754000,1785153456095756000,1785153456095756000,1785153456095756000,121932490,121652369,-106.121,0.000,0.000,1.000,2.000,0.000,0.000,17.000,0,0,0
B3_zmq_pushpull,zmq_tcp,none,none,,1,19636,512,584,1785153456096465000,1785153456096465000,1785153456096465000,1785153456096466000,1785153456096621000,1785153456096623000,1785153456096623000,1785153456096623000,121932490,121652369,-125.121,0.000,0.000,1.000,2.000,0.000,0.000,19.000,0,0,0
B3_zmq_pushpull,zmq_tcp,none,none,,1,19637,512,584,1785153456097604000,1785153456097604000,1785153456097604000,1785153456097605000,1785153456097758000,1785153456097761000,1785153456097761000,1785153456097761000,121932490,121652369,-127.121,0.000,0.000,1.000,3.000,0.000,0.000,2.000,0,0,0
B3_zmq_pushpull,zmq_tcp,none,none,,1,19638,512,584,1785153456098467000,1785153456098467000,1785153456098467000,1785153456098468000,1785153456098621000,1785153456098624000,1785153456098624000,1785153456098624000,121932490,121652369,-127.121,0.000,0.000,1.000,3.000,0.000,0.000,0.000,0,0,0
B3_zmq_pushpull,zmq_tcp,none,none,,1,19639,512,584,1785153456099606000,1785153456099606000,1785153456099606000,1785153456099607000,1785153456099762000,1785153456099765000,1785153456099765000,1785153456099765000,121932490,121652369,-125.121,0.000,0.000,1.000,3.000,0.000,0.000,2.000,0,0,0
B3_zmq_pushpull,zmq_tcp,none,none,,1,19640,512,584,1785153456100571000,1785153456100571000,1785153456100571000,1785153456100572000,1785153456100620000,1785153456100623000,1785153456100623000,1785153456100623000,121932490,121652369,-232.121,0.000,0.000,1.000,3.000,0.000,0.000,107.000,0,0,0
B3_zmq_pushpull,zmq_tcp,none,none,,1,19641,512,584,1785153456101580000,1785153456101580000,1785153456101580000,1785153456101581000,1785153456101783000,1785153456101786000,1785153456101786000,1785153456101786000,121932490,121652369,-78.121,0.000,0.000,1.000,3.000,0.000,0.000,154.000,0,0,0
B3_zmq_pushpull,zmq_tcp,none,none,,1,19642,512,584,1785153456102573000,1785153456102573000,1785153456102573000,1785153456102574000,1785153456102654000,1785153456102657000,1785153456102657000,1785153456102657000,121932490,121652369,-200.121,0.000,0.000,1.000,3.000,0.000,0.000,122.000,0,0,0
B3_zmq_pushpull,zmq_tcp,none,none,,1,19643,512,584,1785153456103579000,1785153456103579000,1785153456103579000,1785153456103580000,1785153456103656000,1785153456103659000,1785153456103660000,1785153456103660000,121932490,121652369,-204.121,0.000,0.000,1.000,3.000,1.000,0.000,4.000,0,0,0
B3_zmq_pushpull,zmq_tcp,none,none,,1,19644,512,584,1785153456104577000,1785153456104577000,1785153456104577000,1785153456104578000,1785153456104643000,1785153456104646000,1785153456104646000,1785153456104646000,121932490,121652369,-215.121,0.000,0.000,1.000,3.000,0.000,0.000,11.000,0,0,0
B3_zmq_pushpull,zmq_tcp,none,none,,1,19645,512,584,1785153456105577000,1785153456105577000,1785153456105577000,1785153456105578000,1785153456105649000,1785153456105651000,1785153456105651000,1785153456105651000,121932490,121652369,-209.121,0.000,0.000,1.000,2.000,0.000,0.000,6.000,0,0,0
B3_zmq_pushpull,zmq_tcp,none,none,,1,19646,512,584,1785153456106579000,1785153456106579000,1785153456106579000,1785153456106580000,1785153456106647000,1785153456106650000,1785153456106650000,1785153456106650000,121932490,121652369,-213.121,0.000,0.000,1.000,3.000,0.000,0.000,4.000,0,0,0
B3_zmq_pushpull,zmq_tcp,none,none,,1,19647,512,584,1785153456107578000,1785153456107578000,1785153456107578000,1785153456107579000,1785153456107641000,1785153456107643000,1785153456107643000,1785153456107643000,121932490,121652369,-218.121,0.000,0.000,1.000,2.000,0.000,0.000,5.000,0,0,0
B3_zmq_pushpull,zmq_tcp,none,none,,1,19648,512,584,1785153456108577000,1785153456108577000,1785153456108577000,1785153456108578000,1785153456108652000,1785153456108655000,1785153456108655000,1785153456108655000,121932490,121652369,-206.121,0.000,0.000,1.000,3.000,0.000,0.000,12.000,0,0,0
B3_zmq_pushpull,zmq_tcp,none,none,,1,19649,512,584,1785153456109578000,1785153456109578000,1785153456109578000,1785153456109579000,1785153456109663000,1785153456109666000,1785153456109666000,1785153456109666000,121932490,121652369,-196.121,0.000,0.000,1.000,3.000,0.000,0.000,10.000,0,0,0
B3_zmq_pushpull,zmq_tcp,none,none,,1,19650,512,584,1785153456110576000,1785153456110576000,1785153456110577000,1785153456110577000,1785153456110663000,1785153456110666000,1785153456110666000,1785153456110666000,121932490,121652369,-194.121,0.000,1.000,0.000,3.000,0.000,0.000,2.000,0,0,0
B3_zmq_pushpull,zmq_tcp,none,none,,1,19651,512,584,1785153456111577000,1785153456111577000,1785153456111577000,1785153456111578000,1785153456111650000,1785153456111653000,1785153456111653000,1785153456111653000,121932490,121652369,-208.121,0.000,0.000,1.000,3.000,0.000,0.000,14.000,0,0,0
B3_zmq_pushpull,zmq_tcp,none,none,,1,19652,512,584,1785153456112578000,1785153456112578000,1785153456112578000,1785153456112579000,1785153456112645000,1785153456112648000,1785153456112648000,1785153456112648000,121932490,121652369,-214.121,0.000,0.000,1.000,3.000,0.000,0.000,6.000,0,0,0
B3_zmq_pushpull,zmq_tcp,none,none,,1,19653,512,584,1785153456113582000,1785153456113582000,1785153456113582000,1785153456113583000,1785153456113657000,1785153456113659000,1785153456113659000,1785153456113659000,121932490,121652369,-206.121,0.000,0.000,1.000,2.000,0.000,0.000,8.000,0,0,0
B3_zmq_pushpull,zmq_tcp,none,none,,1,19654,512,584,1785153456114573000,1785153456114573000,1785153456114573000,1785153456114574000,1785153456114642000,1785153456114645000,1785153456114645000,1785153456114645000,121932490,121652369,-212.121,0.000,0.000,1.000,3.000,0.000,0.000,6.000,0,0,0
B3_zmq_pushpull,zmq_tcp,none,none,,1,19655,512,584,1785153456115580000,1785153456115580000,1785153456115580000,1785153456115581000,1785153456115656000,1785153456115658000,1785153456115658000,1785153456115658000,121932490,121652369,-205.121,0.000,0.000,1.000,2.000,0.000,0.000,7.000,0,0,0
B3_zmq_pushpull,zmq_tcp,none,none,,1,19656,512,584,1785153456116577000,1785153456116577000,1785153456116577000,1785153456116578000,1785153456116639000,1785153456116642000,1785153456116642000,1785153456116642000,121932490,121652369,-219.121,0.000,0.000,1.000,3.000,0.000,0.000,14.000,0,0,0
B3_zmq_pushpull,zmq_tcp,none,none,,1,19657,512,584,1785153456117476000,1785153456117476000,1785153456117476000,1785153456117477000,1785153456117630000,1785153456117633000,1785153456117633000,1785153456117633000,121932490,121652369,-127.121,0.000,0.000,1.000,3.000,0.000,0.000,92.000,0,0,0
B3_zmq_pushpull,zmq_tcp,none,none,,1,19658,512,584,1785153456118471000,1785153456118471000,1785153456118471000,1785153456118472000,1785153456118627000,1785153456118630000,1785153456118630000,1785153456118630000,121932490,121652369,-125.121,0.000,0.000,1.000,3.000,0.000,0.000,2.000,0,0,0
B3_zmq_pushpull,zmq_tcp,none,none,,1,19659,512,584,1785153456119479000,1785153456119479000,1785153456119479000,1785153456119480000,1785153456119633000,1785153456119635000,1785153456119635000,1785153456119635000,121932490,121652369,-127.121,0.000,0.000,1.000,2.000,0.000,0.000,2.000,0,0,0
B3_zmq_pushpull,zmq_tcp,none,none,,1,19660,512,584,1785153456120487000,1785153456120487000,1785153456120487000,1785153456120488000,1785153456120646000,1785153456120649000,1785153456120649000,1785153456120649000,121932490,121652369,-122.121,0.000,0.000,1.000,3.000,0.000,0.000,5.000,0,0,0
B3_zmq_pushpull,zmq_tcp,none,none,,1,19661,512,584,1785153456121599000,1785153456121599000,1785153456121599000,1785153456121600000,1785153456121792000,1785153456121794000,1785153456121795000,1785153456121795000,121932490,121652369,-88.121,0.000,0.000,1.000,2.000,1.000,0.000,34.000,0,0,0
B3_zmq_pushpull,zmq_tcp,none,none,,1,19662,512,584,1785153456122488000,1785153456122488000,1785153456122488000,1785153456122489000,1785153456122646000,1785153456122650000,1785153456122650000,1785153456122650000,121932490,121652369,-123.121,0.000,0.000,1.000,4.000,0.000,0.000,35.000,0,0,0
B3_zmq_pushpull,zmq_tcp,none,none,,1,19663,512,584,1785153456123600000,1785153456123600000,1785153456123600000,1785153456123601000,1785153456123763000,1785153456123765000,1785153456123765000,1785153456123765000,121932490,121652369,-118.121,0.000,0.000,1.000,2.000,0.000,0.000,5.000,0,0,0
B3_zmq_pushpull,zmq_tcp,none,none,,1,19664,512,584,1785153456124570000,1785153456124570000,1785153456124570000,1785153456124571000,1785153456124740000,1785153456124743000,1785153456124743000,1785153456124743000,121932490,121652369,-111.121,0.000,0.000,1.000,3.000,0.000,0.000,7.000,0,0,0
B3_zmq_pushpull,zmq_tcp,none,none,,1,19665,512,584,1785153456125578000,1785153456125578000,1785153456125578000,1785153456125579000,1785153456125720000,1785153456125722000,1785153456125723000,1785153456125723000,121932490,121652369,-139.121,0.000,0.000,1.000,2.000,1.000,0.000,28.000,0,0,0
B3_zmq_pushpull,zmq_tcp,none,none,,1,19666,512,584,1785153456126576000,1785153456126576000,1785153456126576000,1785153456126577000,1785153456126709000,1785153456126712000,1785153456126712000,1785153456126712000,121932490,121652369,-148.121,0.000,0.000,1.000,3.000,0.000,0.000,9.000,0,0,0
B3_zmq_pushpull,zmq_tcp,none,none,,1,19667,512,584,1785153456127576000,1785153456127576000,1785153456127576000,1785153456127577000,1785153456127703000,1785153456127706000,1785153456127706000,1785153456127706000,121932490,121652369,-154.121,0.000,0.000,1.000,3.000,0.000,0.000,6.000,0,0,0
B3_zmq_pushpull,zmq_tcp,none,none,,1,19668,512,584,1785153456128573000,1785153456128574000,1785153456128574000,1785153456128575000,1785153456128693000,1785153456128696000,1785153456128696000,1785153456128696000,121932490,121652369,-162.121,1.000,0.000,1.000,3.000,0.000,0.000,8.000,0,0,0
B3_zmq_pushpull,zmq_tcp,none,none,,1,19669,512,584,1785153456129580000,1785153456129580000,1785153456129580000,1785153456129581000,1785153456129684000,1785153456129686000,1785153456129686000,1785153456129686000,121932490,121652369,-177.121,0.000,0.000,1.000,2.000,0.000,0.000,15.000,0,0,0
B3_zmq_pushpull,zmq_tcp,none,none,,1,19670,512,584,1785153456130575000,1785153456130575000,1785153456130575000,1785153456130576000,1785153456130653000,1785153456130656000,1785153456130656000,1785153456130656000,121932490,121652369,-203.121,0.000,0.000,1.000,3.000,0.000,0.000,26.000,0,0,0
B3_zmq_pushpull,zmq_tcp,none,none,,1,19671,512,584,1785153456131576000,1785153456131577000,1785153456131577000,1785153456131578000,1785153456131642000,1785153456131646000,1785153456131646000,1785153456131646000,121932490,121652369,-216.121,1.000,0.000,1.000,4.000,0.000,0.000,13.000,0,0,0
B3_zmq_pushpull,zmq_tcp,none,none,,1,19672,512,584,1785153456132573000,1785153456132574000,1785153456132574000,1785153456132575000,1785153456132625000,1785153456132629000,1785153456132629000,1785153456132629000,121932490,121652369,-230.121,1.000,0.000,1.000,4.000,0.000,0.000,14.000,0,0,0
B3_zmq_pushpull,zmq_tcp,none,none,,1,19673,512,584,1785153456133445000,1785153456133445000,1785153456133445000,1785153456133446000,1785153456133599000,1785153456133601000,1785153456133601000,1785153456133601000,121932490,121652369,-127.121,0.000,0.000,1.000,2.000,0.000,0.000,103.000,0,0,0
B3_zmq_pushpull,zmq_tcp,none,none,,1,19674,512,584,1785153456134429000,1785153456134429000,1785153456134429000,1785153456134430000,1785153456134572000,1785153456134575000,1785153456134575000,1785153456134575000,121932490,121652369,-138.121,0.000,0.000,1.000,3.000,0.000,0.000,11.000,0,0,0
B3_zmq_pushpull,zmq_tcp,none,none,,1,19675,512,584,1785153456135405000,1785153456135405000,1785153456135405000,1785153456135406000,1785153456135563000,1785153456135565000,1785153456135565000,1785153456135565000,121932490,121652369,-123.121,0.000,0.000,1.000,2.000,0.000,0.000,15.000,0,0,0
B3_zmq_pushpull,zmq_tcp,none,none,,1,19676,512,584,1785153456136617000,1785153456136617000,1785153456136618000,1785153456136618000,1785153456136796000,1785153456136799000,1785153456136799000,1785153456136799000,121932490,121652369,-102.121,0.000,1.000,0.000,3.000,0.000,0.000,21.000,0,0,0
B3_zmq_pushpull,zmq_tcp,none,none,,1,19677,512,584,1785153456137499000,1785153456137499000,1785153456137499000,1785153456137500000,1785153456137661000,1785153456137664000,1785153456137664000,1785153456137664000,121932490,121652369,-119.121,0.000,0.000,1.000,3.000,0.000,0.000,17.000,0,0,0
B3_zmq_pushpull,zmq_tcp,none,none,,1,19678,512,584,1785153456138596000,1785153456138596000,1785153456138596000,1785153456138597000,1785153456138645000,1785153456138648000,1785153456138648000,1785153456138648000,121932490,121652369,-232.121,0.000,0.000,1.000,3.000,0.000,0.000,113.000,0,0,0
B3_zmq_pushpull,zmq_tcp,none,none,,1,19679,512,584,1785153456139571000,1785153456139571000,1785153456139571000,1785153456139572000,1785153456139618000,1785153456139622000,1785153456139622000,1785153456139622000,121932490,121652369,-234.121,0.000,0.000,1.000,4.000,0.000,0.000,2.000,0,0,0
B3_zmq_pushpull,zmq_tcp,none,none,,1,19680,512,584,1785153456140578000,1785153456140578000,1785153456140578000,1785153456140579000,1785153456140749000,1785153456140752000,1785153456140752000,1785153456140752000,121932490,121652369,-110.121,0.000,0.000,1.000,3.000,0.000,0.000,124.000,0,0,0
B3_zmq_pushpull,zmq_tcp,none,none,,1,19681,512,584,1785153456141576000,1785153456141576000,1785153456141576000,1785153456141577000,1785153456141745000,1785153456141748000,1785153456141748000,1785153456141748000,121932490,121652369,-112.121,0.000,0.000,1.000,3.000,0.000,0.000,2.000,0,0,0
B3_zmq_pushpull,zmq_tcp,none,none,,1,19682,512,584,1785153456142577000,1785153456142577000,1785153456142577000,1785153456142578000,1785153456142736000,1785153456142739000,1785153456142739000,1785153456142739000,121932490,121652369,-122.121,0.000,0.000,1.000,3.000,0.000,0.000,10.000,0,0,0
B3_zmq_pushpull,zmq_tcp,none,none,,1,19683,512,584,1785153456143577000,1785153456143577000,1785153456143577000,1785153456143578000,1785153456143736000,1785153456143739000,1785153456143739000,1785153456143739000,121932490,121652369,-122.121,0.000,0.000,1.000,3.000,0.000,0.000,0.000,0,0,0
B3_zmq_pushpull,zmq_tcp,none,none,,1,19684,512,584,1785153456144576000,1785153456144577000,1785153456144577000,1785153456144578000,1785153456144717000,1785153456144720000,1785153456144720000,1785153456144720000,121932490,121652369,-141.121,1.000,0.000,1.000,3.000,0.000,0.000,19.000,0,0,0
B3_zmq_pushpull,zmq_tcp,none,none,,1,19685,512,584,1785153456145577000,1785153456145577000,1785153456145577000,1785153456145578000,1785153456145723000,1785153456145725000,1785153456145725000,1785153456145725000,121932490,121652369,-135.121,0.000,0.000,1.000,2.000,0.000,0.000,6.000,0,0,0
B3_zmq_pushpull,zmq_tcp,none,none,,1,19686,512,584,1785153456146418000,1785153456146418000,1785153456146418000,1785153456146419000,1785153456146571000,1785153456146573000,1785153456146573000,1785153456146573000,121932490,121652369,-128.121,0.000,0.000,1.000,2.000,0.000,0.000,7.000,0,0,0
B3_zmq_pushpull,zmq_tcp,none,none,,1,19687,512,584,1785153456147398000,1785153456147398000,1785153456147398000,1785153456147399000,1785153456147551000,1785153456147553000,1785153456147553000,1785153456147553000,121932490,121652369,-128.121,0.000,0.000,1.000,2.000,0.000,0.000,0.000,0,0,0
B3_zmq_pushpull,zmq_tcp,none,none,,1,19688,512,584,1785153456148503000,1785153456148503000,1785153456148504000,1785153456148504000,1785153456148655000,1785153456148657000,1785153456148657000,1785153456148657000,121932490,121652369,-129.121,0.000,1.000,0.000,2.000,0.000,0.000,1.000,0,0,0
B3_zmq_pushpull,zmq_tcp,none,none,,1,19689,512,584,1785153456149471000,1785153456149471000,1785153456149472000,1785153456149472000,1785153456149624000,1785153456149627000,1785153456149627000,1785153456149627000,121932490,121652369,-128.121,0.000,1.000,0.000,3.000,0.000,0.000,1.000,0,0,0
B3_zmq_pushpull,zmq_tcp,none,none,,1,19690,512,584,1785153456150451000,1785153456150451000,1785153456150452000,1785153456150452000,1785153456150611000,1785153456150613000,1785153456150613000,1785153456150613000,121932490,121652369,-121.121,0.000,1.000,0.000,2.000,0.000,0.000,7.000,0,0,0
B3_zmq_pushpull,zmq_tcp,none,none,,1,19691,512,584,1785153456151611000,1785153456151611000,1785153456151611000,1785153456151612000,1785153456151727000,1785153456151730000,1785153456151730000,1785153456151730000,121932490,121652369,-165.121,0.000,0.000,1.000,3.000,0.000,0.000,44.000,0,0,0
B3_zmq_pushpull,zmq_tcp,none,none,,1,19692,512,584,1785153456152421000,1785153456152422000,1785153456152422000,1785153456152423000,1785153456152575000,1785153456152577000,1785153456152578000,1785153456152578000,121932490,121652369,-128.121,1.000,0.000,1.000,2.000,1.000,0.000,37.000,0,0,0
B3_zmq_pushpull,zmq_tcp,none,none,,1,19693,512,584,1785153456153402000,1785153456153402000,1785153456153402000,1785153456153403000,1785153456153555000,1785153456153558000,1785153456153558000,1785153456153558000,121932490,121652369,-128.121,0.000,0.000,1.000,3.000,0.000,0.000,0.000,0,0,0
B3_zmq_pushpull,zmq_tcp,none,none,,1,19694,512,584,1785153456154618000,1785153456154618000,1785153456154618000,1785153456154619000,1785153456154779000,1785153456154782000,1785153456154782000,1785153456154782000,121932490,121652369,-120.121,0.000,0.000,1.000,3.000,0.000,0.000,8.000,0,0,0
B3_zmq_pushpull,zmq_tcp,none,none,,1,19695,512,584,1785153456155568000,1785153456155569000,1785153456155569000,1785153456155570000,1785153456155617000,1785153456155620000,1785153456155620000,1785153456155620000,121932490,121652369,-233.121,1.000,0.000,1.000,3.000,0.000,0.000,113.000,0,0,0
B3_zmq_pushpull,zmq_tcp,none,none,,1,19696,512,584,1785153456156579000,1785153456156579000,1785153456156579000,1785153456156580000,1785153456156729000,1785153456156732000,1785153456156732000,1785153456156732000,121932490,121652369,-131.121,0.000,0.000,1.000,3.000,0.000,0.000,102.000,0,0,0
B3_zmq_pushpull,zmq_tcp,none,none,,1,19697,512,584,1785153456157576000,1785153456157576000,1785153456157576000,1785153456157577000,1785153456157727000,1785153456157730000,1785153456157730000,1785153456157730000,121932490,121652369,-130.121,0.000,0.000,1.000,3.000,0.000,0.000,1.000,0,0,0
B3_zmq_pushpull,zmq_tcp,none,none,,1,19698,512,584,1785153456158421000,1785153456158422000,1785153456158422000,1785153456158423000,1785153456158580000,1785153456158583000,1785153456158583000,1785153456158583000,121932490,121652369,-123.121,1.000,0.000,1.000,3.000,0.000,0.000,7.000,0,0,0
B3_zmq_pushpull,zmq_tcp,none,none,,1,19699,512,584,1785153456159386000,1785153456159386000,1785153456159386000,1785153456159387000,1785153456159520000,1785153456159523000,1785153456159523000,1785153456159523000,121932490,121652369,-147.121,0.000,0.000,1.000,3.000,0.000,0.000,24.000,0,0,0
B3_zmq_pushpull,zmq_tcp,none,none,,1,19700,512,584,1785153456160625000,1785153456160625000,1785153456160625000,1785153456160626000,1785153456160776000,1785153456160779000,1785153456160779000,1785153456160779000,121932490,121652369,-130.121,0.000,0.000,1.000,3.000,0.000,0.000,17.000,0,0,0
B3_zmq_pushpull,zmq_tcp,none,none,,1,19701,512,584,1785153456161562000,1785153456161562000,1785153456161562000,1785153456161563000,1785153456161612000,1785153456161616000,1785153456161616000,1785153456161616000,121932490,121652369,-231.121,0.000,0.000,1.000,4.000,0.000,0.000,101.000,0,0,0
B3_zmq_pushpull,zmq_tcp,none,none,,1,19702,512,584,1785153456162581000,1785153456162581000,1785153456162581000,1785153456162582000,1785153456162732000,1785153456162735000,1785153456162735000,1785153456162735000,121932490,121652369,-130.121,0.000,0.000,1.000,3.000,0.000,0.000,101.000,0,0,0
B3_zmq_pushpull,zmq_tcp,none,none,,1,19703,512,584,1785153456163431000,1785153456163432000,1785153456163432000,1785153456163433000,1785153456163580000,1785153456163583000,1785153456163583000,1785153456163583000,121932490,121652369,-133.121,1.000,0.000,1.000,3.000,0.000,0.000,3.000,0,0,0
B3_zmq_pushpull,zmq_tcp,none,none,,1,19704,512,584,1785153456164613000,1785153456164613000,1785153456164613000,1785153456164614000,1785153456164682000,1785153456164685000,1785153456164685000,1785153456164685000,121932490,121652369,-212.121,0.000,0.000,1.000,3.000,0.000,0.000,79.000,0,0,0
B3_zmq_pushpull,zmq_tcp,none,none,,1,19705,512,584,1785153456165570000,1785153456165570000,1785153456165570000,1785153456165571000,1785153456165676000,1785153456165679000,1785153456165679000,1785153456165679000,121932490,121652369,-175.121,0.000,0.000,1.000,3.000,0.000,0.000,37.000,0,0,0
B3_zmq_pushpull,zmq_tcp,none,none,,1,19706,512,584,1785153456166579000,1785153456166579000,1785153456166579000,1785153456166580000,1785153456166665000,1785153456166668000,1785153456166668000,1785153456166668000,121932490,121652369,-195.121,0.000,0.000,1.000,3.000,0.000,0.000,20.000,0,0,0
B3_zmq_pushpull,zmq_tcp,none,none,,1,19707,512,584,1785153456167576000,1785153456167576000,1785153456167577000,1785153456167577000,1785153456167635000,1785153456167637000,1785153456167637000,1785153456167637000,121932490,121652369,-222.121,0.000,1.000,0.000,2.000,0.000,0.000,27.000,0,0,0
B3_zmq_pushpull,zmq_tcp,none,none,,1,19708,512,584,1785153456168579000,1785153456168579000,1785153456168579000,1785153456168580000,1785153456168739000,1785153456168741000,1785153456168741000,1785153456168741000,121932490,121652369,-121.121,0.000,0.000,1.000,2.000,0.000,0.000,101.000,0,0,0
B3_zmq_pushpull,zmq_tcp,none,none,,1,19709,512,584,1785153456169574000,1785153456169575000,1785153456169575000,1785153456169576000,1785153456169721000,1785153456169724000,1785153456169724000,1785153456169724000,121932490,121652369,-135.121,1.000,0.000,1.000,3.000,0.000,0.000,14.000,0,0,0
B3_zmq_pushpull,zmq_tcp,none,none,,1,19710,512,584,1785153456170580000,1785153456170580000,1785153456170580000,1785153456170581000,1785153456170725000,1785153456170728000,1785153456170728000,1785153456170728000,121932490,121652369,-136.121,0.000,0.000,1.000,3.000,0.000,0.000,1.000,0,0,0
B3_zmq_pushpull,zmq_tcp,none,none,,1,19711,512,584,1785153456171576000,1785153456171577000,1785153456171577000,1785153456171578000,1785153456171708000,1785153456171711000,1785153456171711000,1785153456171711000,121932490,121652369,-150.121,1.000,0.000,1.000,3.000,0.000,0.000,14.000,0,0,0
B3_zmq_pushpull,zmq_tcp,none,none,,1,19712,512,584,1785153456172578000,1785153456172578000,1785153456172578000,1785153456172579000,1785153456172688000,1785153456172691000,1785153456172691000,1785153456172691000,121932490,121652369,-171.121,0.000,0.000,1.000,3.000,0.000,0.000,21.000,0,0,0
B3_zmq_pushpull,zmq_tcp,none,none,,1,19713,512,584,1785153456173574000,1785153456173574000,1785153456173574000,1785153456173575000,1785153456173666000,1785153456173668000,1785153456173668000,1785153456173668000,121932490,121652369,-189.121,0.000,0.000,1.000,2.000,0.000,0.000,18.000,0,0,0
B3_zmq_pushpull,zmq_tcp,none,none,,1,19714,512,584,1785153456174579000,1785153456174579000,1785153456174579000,1785153456174580000,1785153456174634000,1785153456174636000,1785153456174636000,1785153456174637000,121932490,121652369,-226.121,0.000,0.000,1.000,2.000,0.000,1.000,37.000,0,0,0
B3_zmq_pushpull,zmq_tcp,none,none,,1,19715,512,584,1785153456175578000,1785153456175578000,1785153456175578000,1785153456175579000,1785153456175634000,1785153456175637000,1785153456175637000,1785153456175637000,121932490,121652369,-225.121,0.000,0.000,1.000,3.000,0.000,0.000,1.000,0,0,0
B3_zmq_pushpull,zmq_tcp,none,none,,1,19716,512,584,1785153456176480000,1785153456176480000,1785153456176480000,1785153456176481000,1785153456176629000,1785153456176632000,1785153456176632000,1785153456176632000,121932490,121652369,-132.121,0.000,0.000,1.000,3.000,0.000,0.000,93.000,0,0,0
B3_zmq_pushpull,zmq_tcp,none,none,,1,19717,512,584,1785153456177601000,1785153456177601000,1785153456177601000,1785153456177602000,1785153456177735000,1785153456177737000,1785153456177737000,1785153456177737000,121932490,121652369,-147.121,0.000,0.000,1.000,2.000,0.000,0.000,15.000,0,0,0
B3_zmq_pushpull,zmq_tcp,none,none,,1,19718,512,584,1785153456178572000,1785153456178572000,1785153456178572000,1785153456178573000,1785153456178721000,1785153456178724000,1785153456178724000,1785153456178724000,121932490,121652369,-132.121,0.000,0.000,1.000,3.000,0.000,0.000,15.000,0,0,0
B3_zmq_pushpull,zmq_tcp,none,none,,1,19719,512,584,1785153456179578000,1785153456179578000,1785153456179578000,1785153456179579000,1785153456179693000,1785153456179695000,1785153456179695000,1785153456179695000,121932490,121652369,-166.121,0.000,0.000,1.000,2.000,0.000,0.000,34.000,0,0,0
B3_zmq_pushpull,zmq_tcp,none,none,,1,19720,512,584,1785153456180573000,1785153456180573000,1785153456180573000,1785153456180574000,1785153456180684000,1785153456180689000,1785153456180689000,1785153456180689000,121932490,121652369,-170.121,0.000,0.000,1.000,5.000,0.000,0.000,4.000,0,0,0
B3_zmq_pushpull,zmq_tcp,none,none,,1,19721,512,584,1785153456181578000,1785153456181578000,1785153456181578000,1785153456181579000,1785153456181652000,1785153456181655000,1785153456181655000,1785153456181655000,121932490,121652369,-207.121,0.000,0.000,1.000,3.000,0.000,0.000,37.000,0,0,0
B3_zmq_pushpull,zmq_tcp,none,none,,1,19722,512,584,1785153456182577000,1785153456182577000,1785153456182577000,1785153456182578000,1785153456182625000,1785153456182628000,1785153456182628000,1785153456182628000,121932490,121652369,-233.121,0.000,0.000,1.000,3.000,0.000,0.000,26.000,0,0,0
B3_zmq_pushpull,zmq_tcp,none,none,,1,19723,512,584,1785153456183581000,1785153456183581000,1785153456183581000,1785153456183582000,1785153456183745000,1785153456183748000,1785153456183748000,1785153456183748000,121932490,121652369,-117.121,0.000,0.000,1.000,3.000,0.000,0.000,116.000,0,0,0
B3_zmq_pushpull,zmq_tcp,none,none,,1,19724,512,584,1785153456184573000,1785153456184574000,1785153456184574000,1785153456184575000,1785153456184750000,1785153456184753000,1785153456184753000,1785153456184753000,121932490,121652369,-105.121,1.000,0.000,1.000,3.000,0.000,0.000,12.000,0,0,0
B3_zmq_pushpull,zmq_tcp,none,none,,1,19725,512,584,1785153456185578000,1785153456185578000,1785153456185578000,1785153456185579000,1785153456185741000,1785153456185744000,1785153456185744000,1785153456185744000,121932490,121652369,-118.121,0.000,0.000,1.000,3.000,0.000,0.000,13.000,0,0,0
B3_zmq_pushpull,zmq_tcp,none,none,,1,19726,512,584,1785153456186576000,1785153456186577000,1785153456186577000,1785153456186578000,1785153456186711000,1785153456186714000,1785153456186714000,1785153456186714000,121932490,121652369,-147.121,1.000,0.000,1.000,3.000,0.000,0.000,29.000,0,0,0
B3_zmq_pushpull,zmq_tcp,none,none,,1,19727,512,584,1785153456187392000,1785153456187392000,1785153456187392000,1785153456187393000,1785153456187535000,1785153456187538000,1785153456187538000,1785153456187538000,121932490,121652369,-138.121,0.000,0.000,1.000,3.000,0.000,0.000,9.000,0,0,0
B3_zmq_pushpull,zmq_tcp,none,none,,1,19728,512,584,1785153456188620000,1785153456188621000,1785153456188621000,1785153456188622000,1785153456188666000,1785153456188669000,1785153456188669000,1785153456188669000,121932490,121652369,-236.121,1.000,0.000,1.000,3.000,0.000,0.000,98.000,0,0,0
B3_zmq_pushpull,zmq_tcp,none,none,,1,19729,512,584,1785153456189566000,1785153456189566000,1785153456189566000,1785153456189567000,1785153456189670000,1785153456189672000,1785153456189672000,1785153456189672000,121932490,121652369,-177.121,0.000,0.000,1.000,2.000,0.000,0.000,59.000,0,0,0
B3_zmq_pushpull,zmq_tcp,none,none,,1,19730,512,584,1785153456190582000,1785153456190582000,1785153456190582000,1785153456190583000,1785153456190664000,1785153456190667000,1785153456190667000,1785153456190667000,121932490,121652369,-199.121,0.000,0.000,1.000,3.000,0.000,0.000,22.000,0,0,0
B3_zmq_pushpull,zmq_tcp,none,none,,1,19731,512,584,1785153456191575000,1785153456191575000,1785153456191575000,1785153456191576000,1785153456191668000,1785153456191671000,1785153456191671000,1785153456191671000,121932490,121652369,-188.121,0.000,0.000,1.000,3.000,0.000,0.000,11.000,0,0,0
B3_zmq_pushpull,zmq_tcp,none,none,,1,19732,512,584,1785153456192580000,1785153456192580000,1785153456192580000,1785153456192581000,1785153456192647000,1785153456192650000,1785153456192650000,1785153456192650000,121932490,121652369,-214.121,0.000,0.000,1.000,3.000,0.000,0.000,26.000,0,0,0
B3_zmq_pushpull,zmq_tcp,none,none,,1,19733,512,584,1785153456193482000,1785153456193482000,1785153456193482000,1785153456193483000,1785153456193635000,1785153456193637000,1785153456193637000,1785153456193637000,121932490,121652369,-128.121,0.000,0.000,1.000,2.000,0.000,0.000,86.000,0,0,0
B3_zmq_pushpull,zmq_tcp,none,none,,1,19734,512,584,1785153456194600000,1785153456194601000,1785153456194601000,1785153456194602000,1785153456194748000,1785153456194752000,1785153456194752000,1785153456194752000,121932490,121652369,-134.121,1.000,0.000,1.000,4.000,0.000,0.000,6.000,0,0,0
B3_zmq_pushpull,zmq_tcp,none,none,,1,19735,512,584,1785153456195570000,1785153456195570000,1785153456195570000,1785153456195571000,1785153456195742000,1785153456195744000,1785153456195744000,1785153456195744000,121932490,121652369,-109.121,0.000,0.000,1.000,2.000,0.000,0.000,25.000,0,0,0
B3_zmq_pushpull,zmq_tcp,none,none,,1,19736,512,584,1785153456196578000,1785153456196578000,1785153456196578000,1785153456196579000,1785153456196726000,1785153456196728000,1785153456196728000,1785153456196728000,121932490,121652369,-133.121,0.000,0.000,1.000,2.000,0.000,0.000,24.000,0,0,0
B3_zmq_pushpull,zmq_tcp,none,none,,1,19737,512,584,1785153456197577000,1785153456197577000,1785153456197577000,1785153456197578000,1785153456197720000,1785153456197723000,1785153456197723000,1785153456197723000,121932490,121652369,-138.121,0.000,0.000,1.000,3.000,0.000,0.000,5.000,0,0,0
B3_zmq_pushpull,zmq_tcp,none,none,,1,19738,512,584,1785153456198577000,1785153456198578000,1785153456198578000,1785153456198578000,1785153456198723000,1785153456198726000,1785153456198726000,1785153456198726000,121932490,121652369,-135.121,1.000,0.000,0.000,3.000,0.000,0.000,3.000,0,0,0
B3_zmq_pushpull,zmq_tcp,none,none,,1,19739,512,584,1785153456199574000,1785153456199574000,1785153456199574000,1785153456199575000,1785153456199708000,1785153456199711000,1785153456199711000,1785153456199711000,121932490,121652369,-147.121,0.000,0.000,1.000,3.000,0.000,0.000,12.000,0,0,0
B3_zmq_pushpull,zmq_tcp,none,none,,1,19740,512,584,1785153456200578000,1785153456200578000,1785153456200578000,1785153456200579000,1785153456200682000,1785153456200684000,1785153456200684000,1785153456200684000,121932490,121652369,-177.121,0.000,0.000,1.000,2.000,0.000,0.000,30.000,0,0,0
B3_zmq_pushpull,zmq_tcp,none,none,,1,19741,512,584,1785153456201576000,1785153456201577000,1785153456201577000,1785153456201578000,1785153456201659000,1785153456201661000,1785153456201662000,1785153456201662000,121932490,121652369,-199.121,1.000,0.000,1.000,2.000,1.000,0.000,22.000,0,0,0
B3_zmq_pushpull,zmq_tcp,none,none,,1,19742,512,584,1785153456202576000,1785153456202577000,1785153456202577000,1785153456202578000,1785153456202630000,1785153456202633000,1785153456202633000,1785153456202633000,121932490,121652369,-228.121,1.000,0.000,1.000,3.000,0.000,0.000,29.000,0,0,0
B3_zmq_pushpull,zmq_tcp,none,none,,1,19743,512,584,1785153456203577000,1785153456203577000,1785153456203577000,1785153456203578000,1785153456203626000,1785153456203629000,1785153456203629000,1785153456203629000,121932490,121652369,-232.121,0.000,0.000,1.000,3.000,0.000,0.000,4.000,0,0,0
B3_zmq_pushpull,zmq_tcp,none,none,,1,19744,512,584,1785153456204464000,1785153456204464000,1785153456204464000,1785153456204465000,1785153456204616000,1785153456204619000,1785153456204619000,1785153456204619000,121932490,121652369,-129.121,0.000,0.000,1.000,3.000,0.000,0.000,103.000,0,0,0
B3_zmq_pushpull,zmq_tcp,none,none,,1,19745,512,584,1785153456205459000,1785153456205459000,1785153456205459000,1785153456205460000,1785153456205611000,1785153456205613000,1785153456205614000,1785153456205614000,121932490,121652369,-129.121,0.000,0.000,1.000,2.000,1.000,0.000,0.000,0,0,0
B3_zmq_pushpull,zmq_tcp,none,none,,1,19746,512,584,1785153456206434000,1785153456206434000,1785153456206434000,1785153456206435000,1785153456206578000,1785153456206581000,1785153456206581000,1785153456206581000,121932490,121652369,-137.121,0.000,0.000,1.000,3.000,0.000,0.000,8.000,0,0,0
B3_zmq_pushpull,zmq_tcp,none,none,,1,19747,512,584,1785153456207613000,1785153456207613000,1785153456207613000,1785153456207614000,1785153456207691000,1785153456207694000,1785153456207694000,1785153456207694000,121932490,121652369,-203.121,0.000,0.000,1.000,3.000,0.000,0.000,66.000,0,0,0
B3_zmq_pushpull,zmq_tcp,none,none,,1,19748,512,584,1785153456208569000,1785153456208570000,1785153456208570000,1785153456208571000,1785153456208675000,1785153456208678000,1785153456208678000,1785153456208678000,121932490,121652369,-176.121,1.000,0.000,1.000,3.000,0.000,0.000,27.000,0,0,0
B3_zmq_pushpull,zmq_tcp,none,none,,1,19749,512,584,1785153456209579000,1785153456209580000,1785153456209580000,1785153456209581000,1785153456209630000,1785153456209633000,1785153456209633000,1785153456209633000,121932490,121652369,-231.121,1.000,0.000,1.000,3.000,0.000,0.000,55.000,0,0,0
B3_zmq_pushpull,zmq_tcp,none,none,,1,19750,512,584,1785153456210575000,1785153456210575000,1785153456210575000,1785153456210576000,1785153456210623000,1785153456210626000,1785153456210626000,1785153456210626000,121932490,121652369,-233.121,0.000,0.000,1.000,3.000,0.000,0.000,2.000,0,0,0
B3_zmq_pushpull,zmq_tcp,none,none,,1,19751,512,584,1785153456211452000,1785153456211452000,1785153456211452000,1785153456211453000,1785153456211603000,1785153456211606000,1785153456211606000,1785153456211606000,121932490,121652369,-130.121,0.000,0.000,1.000,3.000,0.000,0.000,103.000,0,0,0
B3_zmq_pushpull,zmq_tcp,none,none,,1,19752,512,584,1785153456212436000,1785153456212436000,1785153456212436000,1785153456212437000,1785153456212596000,1785153456212599000,1785153456212599000,1785153456212599000,121932490,121652369,-121.121,0.000,0.000,1.000,3.000,0.000,0.000,9.000,0,0,0
B3_zmq_pushpull,zmq_tcp,none,none,,1,19753,512,584,1785153456213613000,1785153456213613000,1785153456213613000,1785153456213614000,1785153456213706000,1785153456213708000,1785153456213708000,1785153456213708000,121932490,121652369,-188.121,0.000,0.000,1.000,2.000,0.000,0.000,67.000,0,0,0
B3_zmq_pushpull,zmq_tcp,none,none,,1,19754,512,584,1785153456214570000,1785153456214570000,1785153456214570000,1785153456214571000,1785153456214699000,1785153456214703000,1785153456214703000,1785153456214703000,121932490,121652369,-152.121,0.000,0.000,1.000,4.000,0.000,0.000,36.000,0,0,0
B3_zmq_pushpull,zmq_tcp,none,none,,1,19755,512,584,1785153456215394000,1785153456215395000,1785153456215395000,1785153456215395000,1785153456215547000,1785153456215550000,1785153456215550000,1785153456215550000,121932490,121652369,-128.121,1.000,0.000,0.000,3.000,0.000,0.000,24.000,0,0,0
B3_zmq_pushpull,zmq_tcp,none,none,,1,19756,512,584,1785153456216505000,1785153456216505000,1785153456216505000,1785153456216506000,1785153456216658000,1785153456216660000,1785153456216660000,1785153456216660000,121932490,121652369,-128.121,0.000,0.000,1.000,2.000,0.000,0.000,0.000,0,0,0
B3_zmq_pushpull,zmq_tcp,none,none,,1,19757,512,584,1785153456217483000,1785153456217484000,1785153456217484000,1785153456217485000,1785153456217627000,1785153456217630000,1785153456217630000,1785153456217630000,121932490,121652369,-138.121,1.000,0.000,1.000,3.000,0.000,0.000,10.000,0,0,0
B3_zmq_pushpull,zmq_tcp,none,none,,1,19758,512,584,1785153456218465000,1785153456218465000,1785153456218465000,1785153456218466000,1785153456218627000,1785153456218630000,1785153456218630000,1785153456218630000,121932490,121652369,-119.121,0.000,0.000,1.000,3.000,0.000,0.000,19.000,0,0,0
B3_zmq_pushpull,zmq_tcp,none,none,,1,19759,512,584,1785153456219443000,1785153456219443000,1785153456219443000,1785153456219444000,1785153456219591000,1785153456219594000,1785153456219594000,1785153456219594000,121932490,121652369,-133.121,0.000,0.000,1.000,3.000,0.000,0.000,14.000,0,0,0
B3_zmq_pushpull,zmq_tcp,none,none,,1,19760,512,584,1785153456220612000,1785153456220612000,1785153456220612000,1785153456220613000,1785153456220714000,1785153456220716000,1785153456220716000,1785153456220716000,121932490,121652369,-179.121,0.000,0.000,1.000,2.000,0.000,0.000,46.000,0,0,0
B3_zmq_pushpull,zmq_tcp,none,none,,1,19761,512,584,1785153456221568000,1785153456221568000,1785153456221568000,1785153456221569000,1785153456221680000,1785153456221683000,1785153456221683000,1785153456221683000,121932490,121652369,-169.121,0.000,0.000,1.000,3.000,0.000,0.000,10.000,0,0,0
B3_zmq_pushpull,zmq_tcp,none,none,,1,19762,512,584,1785153456222579000,1785153456222579000,1785153456222579000,1785153456222580000,1785153456222662000,1785153456222664000,1785153456222664000,1785153456222664000,121932490,121652369,-198.121,0.000,0.000,1.000,2.000,0.000,0.000,29.000,0,0,0
B3_zmq_pushpull,zmq_tcp,none,none,,1,19763,512,584,1785153456223577000,1785153456223577000,1785153456223577000,1785153456223578000,1785153456223621000,1785153456223624000,1785153456223624000,1785153456223624000,121932490,121652369,-237.121,0.000,0.000,1.000,3.000,0.000,0.000,39.000,0,0,0
B3_zmq_pushpull,zmq_tcp,none,none,,1,19764,512,584,1785153456224577000,1785153456224577000,1785153456224577000,1785153456224578000,1785153456224716000,1785153456224720000,1785153456224720000,1785153456224720000,121932490,121652369,-142.121,0.000,0.000,1.000,4.000,0.000,0.000,95.000,0,0,0
B3_zmq_pushpull,zmq_tcp,none,none,,1,19765,512,584,1785153456225574000,1785153456225574000,1785153456225574000,1785153456225575000,1785153456225692000,1785153456225695000,1785153456225695000,1785153456225695000,121932490,121652369,-163.121,0.000,0.000,1.000,3.000,0.000,0.000,21.000,0,0,0
B3_zmq_pushpull,zmq_tcp,none,none,,1,19766,512,584,1785153456226580000,1785153456226580000,1785153456226580000,1785153456226581000,1785153456226682000,1785153456226684000,1785153456226684000,1785153456226684000,121932490,121652369,-179.121,0.000,0.000,1.000,2.000,0.000,0.000,16.000,0,0,0
B3_zmq_pushpull,zmq_tcp,none,none,,1,19767,512,584,1785153456227577000,1785153456227577000,1785153456227577000,1785153456227578000,1785153456227661000,1785153456227663000,1785153456227664000,1785153456227664000,121932490,121652369,-197.121,0.000,0.000,1.000,2.000,1.000,0.000,18.000,0,0,0
B3_zmq_pushpull,zmq_tcp,none,none,,1,19768,512,584,1785153456228579000,1785153456228579000,1785153456228579000,1785153456228580000,1785153456228641000,1785153456228644000,1785153456228644000,1785153456228644000,121932490,121652369,-219.121,0.000,0.000,1.000,3.000,0.000,0.000,22.000,0,0,0
B3_zmq_pushpull,zmq_tcp,none,none,,1,19769,512,584,1785153456229575000,1785153456229575000,1785153456229576000,1785153456229576000,1785153456229611000,1785153456229615000,1785153456229615000,1785153456229615000,121932490,121652369,-245.121,0.000,1.000,0.000,4.000,0.000,0.000,26.000,0,0,0
B3_zmq_pushpull,zmq_tcp,none,none,,1,19770,512,584,1785153456230577000,1785153456230577000,1785153456230577000,1785153456230578000,1785153456230723000,1785153456230726000,1785153456230726000,1785153456230726000,121932490,121652369,-135.121,0.000,0.000,1.000,3.000,0.000,0.000,110.000,0,0,0
B3_zmq_pushpull,zmq_tcp,none,none,,1,19771,512,584,1785153456231402000,1785153456231403000,1785153456231403000,1785153456231404000,1785153456231556000,1785153456231559000,1785153456231559000,1785153456231559000,121932490,121652369,-128.121,1.000,0.000,1.000,3.000,0.000,0.000,7.000,0,0,0
B3_zmq_pushpull,zmq_tcp,none,none,,1,19772,512,584,1785153456232622000,1785153456232622000,1785153456232622000,1785153456232623000,1785153456232676000,1785153456232680000,1785153456232680000,1785153456232680000,121932490,121652369,-227.121,0.000,0.000,1.000,4.000,0.000,0.000,99.000,0,0,0
B3_zmq_pushpull,zmq_tcp,none,none,,1,19773,512,584,1785153456233570000,1785153456233570000,1785153456233570000,1785153456233571000,1785153456233667000,1785153456233670000,1785153456233670000,1785153456233670000,121932490,121652369,-184.121,0.000,0.000,1.000,3.000,0.000,0.000,43.000,0,0,0
B3_zmq_pushpull,zmq_tcp,none,none,,1,19774,512,584,1785153456234532000,1785153456234532000,1785153456234532000,1785153456234533000,1785153456234668000,1785153456234671000,1785153456234671000,1785153456234671000,121932490,121652369,-145.121,0.000,0.000,1.000,3.000,0.000,0.000,39.000,0,0,0
B3_zmq_pushpull,zmq_tcp,none,none,,1,19775,512,584,1785153456235590000,1785153456235590000,1785153456235590000,1785153456235591000,1785153456235636000,1785153456235639000,1785153456235639000,1785153456235639000,121932490,121652369,-235.121,0.000,0.000,1.000,3.000,0.000,0.000,90.000,0,0,0
B3_zmq_pushpull,zmq_tcp,none,none,,1,19776,512,584,1785153456236574000,1785153456236574000,1785153456236574000,1785153456236575000,1785153456236736000,1785153456236740000,1785153456236740000,1785153456236740000,121932490,121652369,-119.121,0.000,0.000,1.000,4.000,0.000,0.000,116.000,0,0,0
B3_zmq_pushpull,zmq_tcp,none,none,,1,19777,512,584,1785153456237426000,1785153456237426000,1785153456237427000,1785153456237427000,1785153456237578000,1785153456237580000,1785153456237581000,1785153456237581000,121932490,121652369,-129.121,0.000,1.000,0.000,2.000,1.000,0.000,10.000,0,0,0
B3_zmq_pushpull,zmq_tcp,none,none,,1,19778,512,584,1785153456238412000,1785153456238412000,1785153456238412000,1785153456238413000,1785153456238564000,1785153456238567000,1785153456238567000,1785153456238567000,121932490,121652369,-129.121,0.000,0.000,1.000,3.000,0.000,0.000,0.000,0,0,0
B3_zmq_pushpull,zmq_tcp,none,none,,1,19779,512,584,1785153456239406000,1785153456239406000,1785153456239406000,1785153456239407000,1785153456239563000,1785153456239566000,1785153456239566000,1785153456239566000,121932490,121652369,-124.121,0.000,0.000,1.000,3.000,0.000,0.000,5.000,0,0,0
B3_zmq_pushpull,zmq_tcp,none,none,,1,19780,512,584,1785153456240388000,1785153456240388000,1785153456240388000,1785153456240389000,1785153456240546000,1785153456240548000,1785153456240548000,1785153456240548000,121932490,121652369,-123.121,0.000,0.000,1.000,2.000,0.000,0.000,1.000,0,0,0
B3_zmq_pushpull,zmq_tcp,none,none,,1,19781,512,584,1785153456241623000,1785153456241624000,1785153456241624000,1785153456241625000,1785153456241812000,1785153456241816000,1785153456241816000,1785153456241816000,121932490,121652369,-93.121,1.000,0.000,1.000,4.000,0.000,0.000,30.000,0,0,0
B3_zmq_pushpull,zmq_tcp,none,none,,1,19782,512,584,1785153456242482000,1785153456242483000,1785153456242483000,1785153456242484000,1785153456242634000,1785153456242637000,1785153456242637000,1785153456242637000,121932490,121652369,-130.121,1.000,0.000,1.000,3.000,0.000,0.000,37.000,0,0,0
B3_zmq_pushpull,zmq_tcp,none,none,,1,19783,512,584,1785153456243449000,1785153456243449000,1785153456243449000,1785153456243450000,1785153456243593000,1785153456243596000,1785153456243596000,1785153456243596000,121932490,121652369,-137.121,0.000,0.000,1.000,3.000,0.000,0.000,7.000,0,0,0
B3_zmq_pushpull,zmq_tcp,none,none,,1,19784,512,584,1785153456244606000,1785153456244606000,1785153456244606000,1785153456244607000,1785153456244699000,1785153456244702000,1785153456244702000,1785153456244702000,121932490,121652369,-188.121,0.000,0.000,1.000,3.000,0.000,0.000,51.000,0,0,0
B3_zmq_pushpull,zmq_tcp,none,none,,1,19785,512,584,1785153456245570000,1785153456245570000,1785153456245570000,1785153456245571000,1785153456245664000,1785153456245668000,1785153456245668000,1785153456245668000,121932490,121652369,-187.121,0.000,0.000,1.000,4.000,0.000,0.000,1.000,0,0,0
B3_zmq_pushpull,zmq_tcp,none,none,,1,19786,512,584,1785153456246481000,1785153456246481000,1785153456246481000,1785153456246482000,1785153456246632000,1785153456246635000,1785153456246635000,1785153456246635000,121932490,121652369,-130.121,0.000,0.000,1.000,3.000,0.000,0.000,57.000,0,0,0
B3_zmq_pushpull,zmq_tcp,none,none,,1,19787,512,584,1785153456247602000,1785153456247602000,1785153456247602000,1785153456247603000,1785153456247748000,1785153456247751000,1785153456247751000,1785153456247751000,121932490,121652369,-135.121,0.000,0.000,1.000,3.000,0.000,0.000,5.000,0,0,0
B3_zmq_pushpull,zmq_tcp,none,none,,1,19788,512,584,1785153456248453000,1785153456248454000,1785153456248454000,1785153456248455000,1785153456248602000,1785153456248605000,1785153456248605000,1785153456248605000,121932490,121652369,-133.121,1.000,0.000,1.000,3.000,0.000,0.000,2.000,0,0,0
B3_zmq_pushpull,zmq_tcp,none,none,,1,19789,512,584,1785153456249607000,1785153456249608000,1785153456249608000,1785153456249609000,1785153456249722000,1785153456249725000,1785153456249725000,1785153456249725000,121932490,121652369,-167.121,1.000,0.000,1.000,3.000,0.000,0.000,34.000,0,0,0
B3_zmq_pushpull,zmq_tcp,none,none,,1,19790,512,584,1785153456250566000,1785153456250566000,1785153456250566000,1785153456250567000,1785153456250698000,1785153456250700000,1785153456250700000,1785153456250700000,121932490,121652369,-149.121,0.000,0.000,1.000,2.000,0.000,0.000,18.000,0,0,0
B3_zmq_pushpull,zmq_tcp,none,none,,1,19791,512,584,1785153456251580000,1785153456251580000,1785153456251580000,1785153456251581000,1785153456251667000,1785153456251670000,1785153456251670000,1785153456251670000,121932490,121652369,-194.121,0.000,0.000,1.000,3.000,0.000,0.000,45.000,0,0,0
B3_zmq_pushpull,zmq_tcp,none,none,,1,19792,512,584,1785153456252577000,1785153456252577000,1785153456252577000,1785153456252578000,1785153456252643000,1785153456252646000,1785153456252646000,1785153456252646000,121932490,121652369,-215.121,0.000,0.000,1.000,3.000,0.000,0.000,21.000,0,0,0
B3_zmq_pushpull,zmq_tcp,none,none,,1,19793,512,584,1785153456253577000,1785153456253577000,1785153456253577000,1785153456253578000,1785153456253766000,1785153456253768000,1785153456253768000,1785153456253768000,121932490,121652369,-92.121,0.000,0.000,1.000,2.000,0.000,0.000,123.000,0,0,0
B3_zmq_pushpull,zmq_tcp,none,none,,1,19794,512,584,1785153456254573000,1785153456254573000,1785153456254573000,1785153456254574000,1785153456254737000,1785153456254739000,1785153456254739000,1785153456254739000,121932490,121652369,-117.121,0.000,0.000,1.000,2.000,0.000,0.000,25.000,0,0,0
B3_zmq_pushpull,zmq_tcp,none,none,,1,19795,512,584,1785153456255579000,1785153456255579000,1785153456255579000,1785153456255580000,1785153456255723000,1785153456255725000,1785153456255725000,1785153456255725000,121932490,121652369,-137.121,0.000,0.000,1.000,2.000,0.000,0.000,20.000,0,0,0
B3_zmq_pushpull,zmq_tcp,none,none,,1,19796,512,584,1785153456256578000,1785153456256578000,1785153456256578000,1785153456256579000,1785153456256695000,1785153456256698000,1785153456256698000,1785153456256698000,121932490,121652369,-164.121,0.000,0.000,1.000,3.000,0.000,0.000,27.000,0,0,0
B3_zmq_pushpull,zmq_tcp,none,none,,1,19797,512,584,1785153456257575000,1785153456257576000,1785153456257576000,1785153456257577000,1785153456257672000,1785153456257675000,1785153456257675000,1785153456257675000,121932490,121652369,-185.121,1.000,0.000,1.000,3.000,0.000,0.000,21.000,0,0,0
B3_zmq_pushpull,zmq_tcp,none,none,,1,19798,512,584,1785153456258578000,1785153456258578000,1785153456258578000,1785153456258579000,1785153456258620000,1785153456258623000,1785153456258623000,1785153456258623000,121932490,121652369,-239.121,0.000,0.000,1.000,3.000,0.000,0.000,54.000,0,0,0
B3_zmq_pushpull,zmq_tcp,none,none,,1,19799,512,584,1785153456259582000,1785153456259582000,1785153456259583000,1785153456259583000,1785153456259731000,1785153456259733000,1785153456259733000,1785153456259733000,121932490,121652369,-132.121,0.000,1.000,0.000,2.000,0.000,0.000,107.000,0,0,0
B3_zmq_pushpull,zmq_tcp,none,none,,1,19800,512,584,1785153456260573000,1785153456260573000,1785153456260573000,1785153456260574000,1785153456260719000,1785153456260722000,1785153456260722000,1785153456260722000,121932490,121652369,-135.121,0.000,0.000,1.000,3.000,0.000,0.000,3.000,0,0,0
B3_zmq_pushpull,zmq_tcp,none,none,,1,19801,512,584,1785153456261401000,1785153456261401000,1785153456261401000,1785153456261402000,1785153456261558000,1785153456261560000,1785153456261560000,1785153456261561000,121932490,121652369,-124.121,0.000,0.000,1.000,2.000,0.000,1.000,11.000,0,0,0
B3_zmq_pushpull,zmq_tcp,none,none,,1,19802,512,584,1785153456262380000,1785153456262380000,1785153456262380000,1785153456262381000,1785153456262541000,1785153456262543000,1785153456262543000,1785153456262543000,121932490,121652369,-120.121,0.000,0.000,1.000,2.000,0.000,0.000,4.000,0,0,0
B3_zmq_pushpull,zmq_tcp,none,none,,1,19803,512,584,1785153456263626000,1785153456263626000,1785153456263626000,1785153456263627000,1785153456263671000,1785153456263674000,1785153456263674000,1785153456263674000,121932490,121652369,-236.121,0.000,0.000,1.000,3.000,0.000,0.000,116.000,0,0,0
B3_zmq_pushpull,zmq_tcp,none,none,,1,19804,512,584,1785153456264380000,1785153456264380000,1785153456264380000,1785153456264381000,1785153456264519000,1785153456264522000,1785153456264522000,1785153456264522000,121932490,121652369,-142.121,0.000,0.000,1.000,3.000,0.000,0.000,94.000,0,0,0
B3_zmq_pushpull,zmq_tcp,none,none,,1,19805,512,584,1785153456265503000,1785153456265503000,1785153456265503000,1785153456265504000,1785153456265655000,1785153456265658000,1785153456265658000,1785153456265658000,121932490,121652369,-129.121,0.000,0.000,1.000,3.000,0.000,0.000,13.000,0,0,0
B3_zmq_pushpull,zmq_tcp,none,none,,1,19806,512,584,1785153456266495000,1785153456266495000,1785153456266495000,1785153456266496000,1785153456266655000,1785153456266658000,1785153456266658000,1785153456266658000,121932490,121652369,-121.121,0.000,0.000,1.000,3.000,0.000,0.000,8.000,0,0,0
B3_zmq_pushpull,zmq_tcp,none,none,,1,19807,512,584,1785153456267601000,1785153456267601000,1785153456267601000,1785153456267602000,1785153456267779000,1785153456267782000,1785153456267782000,1785153456267782000,121932490,121652369,-103.121,0.000,0.000,1.000,3.000,0.000,0.000,18.000,0,0,0
B3_zmq_pushpull,zmq_tcp,none,none,,1,19808,512,584,1785153456268569000,1785153456268569000,1785153456268569000,1785153456268570000,1785153456268625000,1785153456268627000,1785153456268628000,1785153456268628000,121932490,121652369,-225.121,0.000,0.000,1.000,2.000,1.000,0.000,122.000,0,0,0
B3_zmq_pushpull,zmq_tcp,none,none,,1,19809,512,584,1785153456269459000,1785153456269459000,1785153456269459000,1785153456269460000,1785153456269618000,1785153456269620000,1785153456269620000,1785153456269621000,121932490,121652369,-122.121,0.000,0.000,1.000,2.000,0.000,1.000,103.000,0,0,0
B3_zmq_pushpull,zmq_tcp,none,none,,1,19810,512,584,1785153456270608000,1785153456270608000,1785153456270608000,1785153456270609000,1785153456270738000,1785153456270741000,1785153456270741000,1785153456270741000,121932490,121652369,-151.121,0.000,0.000,1.000,3.000,0.000,0.000,29.000,0,0,0
B3_zmq_pushpull,zmq_tcp,none,none,,1,19811,512,584,1785153456271566000,1785153456271566000,1785153456271566000,1785153456271567000,1785153456271697000,1785153456271699000,1785153456271699000,1785153456271699000,121932490,121652369,-150.121,0.000,0.000,1.000,2.000,0.000,0.000,1.000,0,0,0
B3_zmq_pushpull,zmq_tcp,none,none,,1,19812,512,584,1785153456272579000,1785153456272580000,1785153456272580000,1785153456272581000,1785153456272673000,1785153456272675000,1785153456272675000,1785153456272675000,121932490,121652369,-188.121,1.000,0.000,1.000,2.000,0.000,0.000,38.000,0,0,0
B3_zmq_pushpull,zmq_tcp,none,none,,1,19813,512,584,1785153456273577000,1785153456273577000,1785153456273577000,1785153456273578000,1785153456273645000,1785153456273648000,1785153456273648000,1785153456273648000,121932490,121652369,-213.121,0.000,0.000,1.000,3.000,0.000,0.000,25.000,0,0,0
B3_zmq_pushpull,zmq_tcp,none,none,,1,19814,512,584,1785153456274577000,1785153456274577000,1785153456274577000,1785153456274578000,1785153456274761000,1785153456274763000,1785153456274763000,1785153456274763000,121932490,121652369,-97.121,0.000,0.000,1.000,2.000,0.000,0.000,116.000,0,0,0
B3_zmq_pushpull,zmq_tcp,none,none,,1,19815,512,584,1785153456275576000,1785153456275576000,1785153456275576000,1785153456275577000,1785153456275746000,1785153456275749000,1785153456275749000,1785153456275749000,121932490,121652369,-111.121,0.000,0.000,1.000,3.000,0.000,0.000,14.000,0,0,0
B3_zmq_pushpull,zmq_tcp,none,none,,1,19816,512,584,1785153456276418000,1785153456276418000,1785153456276418000,1785153456276419000,1785153456276578000,1785153456276581000,1785153456276581000,1785153456276581000,121932490,121652369,-121.121,0.000,0.000,1.000,3.000,0.000,0.000,10.000,0,0,0
B3_zmq_pushpull,zmq_tcp,none,none,,1,19817,512,584,1785153456277422000,1785153456277422000,1785153456277423000,1785153456277423000,1785153456277566000,1785153456277569000,1785153456277569000,1785153456277569000,121932490,121652369,-137.121,0.000,1.000,0.000,3.000,0.000,0.000,16.000,0,0,0
B3_zmq_pushpull,zmq_tcp,none,none,,1,19818,512,584,1785153456278403000,1785153456278403000,1785153456278403000,1785153456278404000,1785153456278547000,1785153456278550000,1785153456278550000,1785153456278550000,121932490,121652369,-137.121,0.000,0.000,1.000,3.000,0.000,0.000,0.000,0,0,0
B3_zmq_pushpull,zmq_tcp,none,none,,1,19819,512,584,1785153456279385000,1785153456279385000,1785153456279385000,1785153456279386000,1785153456279538000,1785153456279541000,1785153456279541000,1785153456279541000,121932490,121652369,-128.121,0.000,0.000,1.000,3.000,0.000,0.000,9.000,0,0,0
B3_zmq_pushpull,zmq_tcp,none,none,,1,19820,512,584,1785153456280626000,1785153456280626000,1785153456280626000,1785153456280627000,1785153456280675000,1785153456280679000,1785153456280679000,1785153456280679000,121932490,121652369,-232.121,0.000,0.000,1.000,4.000,0.000,0.000,104.000,0,0,0
B3_zmq_pushpull,zmq_tcp,none,none,,1,19821,512,584,1785153456281567000,1785153456281567000,1785153456281567000,1785153456281568000,1785153456281675000,1785153456281678000,1785153456281678000,1785153456281678000,121932490,121652369,-173.121,0.000,0.000,1.000,3.000,0.000,0.000,59.000,0,0,0
B3_zmq_pushpull,zmq_tcp,none,none,,1,19822,512,584,1785153456282580000,1785153456282580000,1785153456282580000,1785153456282581000,1785153456282657000,1785153456282661000,1785153456282661000,1785153456282661000,121932490,121652369,-204.121,0.000,0.000,1.000,4.000,0.000,0.000,31.000,0,0,0
B3_zmq_pushpull,zmq_tcp,none,none,,1,19823,512,584,1785153456283493000,1785153456283494000,1785153456283494000,1785153456283495000,1785153456283653000,1785153456283655000,1785153456283655000,1785153456283655000,121932490,121652369,-122.121,1.000,0.000,1.000,2.000,0.000,0.000,82.000,0,0,0
B3_zmq_pushpull,zmq_tcp,none,none,,1,19824,512,584,1785153456284475000,1785153456284475000,1785153456284475000,1785153456284476000,1785153456284626000,1785153456284629000,1785153456284629000,1785153456284629000,121932490,121652369,-130.121,0.000,0.000,1.000,3.000,0.000,0.000,8.000,0,0,0
B3_zmq_pushpull,zmq_tcp,none,none,,1,19825,512,584,1785153456285461000,1785153456285461000,1785153456285461000,1785153456285462000,1785153456285614000,1785153456285617000,1785153456285617000,1785153456285617000,121932490,121652369,-128.121,0.000,0.000,1.000,3.000,0.000,0.000,2.000,0,0,0
B3_zmq_pushpull,zmq_tcp,none,none,,1,19826,512,584,1785153456286430000,1785153456286430000,1785153456286430000,1785153456286431000,1785153456286573000,1785153456286576000,1785153456286576000,1785153456286576000,121932490,121652369,-138.121,0.000,0.000,1.000,3.000,0.000,0.000,10.000,0,0,0
B3_zmq_pushpull,zmq_tcp,none,none,,1,19827,512,584,1785153456287617000,1785153456287617000,1785153456287617000,1785153456287618000,1785153456287706000,1785153456287709000,1785153456287709000,1785153456287709000,121932490,121652369,-192.121,0.000,0.000,1.000,3.000,0.000,0.000,54.000,0,0,0
B3_zmq_pushpull,zmq_tcp,none,none,,1,19828,512,584,1785153456288570000,1785153456288570000,1785153456288571000,1785153456288571000,1785153456288689000,1785153456288691000,1785153456288691000,1785153456288691000,121932490,121652369,-162.121,0.000,1.000,0.000,2.000,0.000,0.000,30.000,0,0,0
B3_zmq_pushpull,zmq_tcp,none,none,,1,19829,512,584,1785153456289578000,1785153456289578000,1785153456289578000,1785153456289579000,1785153456289682000,1785153456289685000,1785153456289685000,1785153456289685000,121932490,121652369,-177.121,0.000,0.000,1.000,3.000,0.000,0.000,15.000,0,0,0
B3_zmq_pushpull,zmq_tcp,none,none,,1,19830,512,584,1785153456290579000,1785153456290580000,1785153456290580000,1785153456290581000,1785153456290677000,1785153456290679000,1785153456290679000,1785153456290679000,121932490,121652369,-184.121,1.000,0.000,1.000,2.000,0.000,0.000,7.000,0,0,0
B3_zmq_pushpull,zmq_tcp,none,none,,1,19831,512,584,1785153456291577000,1785153456291577000,1785153456291577000,1785153456291578000,1785153456291637000,1785153456291641000,1785153456291641000,1785153456291641000,121932490,121652369,-221.121,0.000,0.000,1.000,4.000,0.000,0.000,37.000,0,0,0
B3_zmq_pushpull,zmq_tcp,none,none,,1,19832,512,584,1785153456292574000,1785153456292575000,1785153456292575000,1785153456292576000,1785153456292619000,1785153456292623000,1785153456292623000,1785153456292623000,121932490,121652369,-237.121,1.000,0.000,1.000,4.000,0.000,0.000,16.000,0,0,0
B3_zmq_pushpull,zmq_tcp,none,none,,1,19833,512,584,1785153456293579000,1785153456293579000,1785153456293579000,1785153456293580000,1785153456293626000,1785153456293631000,1785153456293631000,1785153456293631000,121932490,121652369,-234.121,0.000,0.000,1.000,5.000,0.000,0.000,3.000,0,0,0
B3_zmq_pushpull,zmq_tcp,none,none,,1,19834,512,584,1785153456294577000,1785153456294577000,1785153456294577000,1785153456294578000,1785153456294628000,1785153456294632000,1785153456294632000,1785153456294632000,121932490,121652369,-230.121,0.000,0.000,1.000,4.000,0.000,0.000,4.000,0,0,0
B3_zmq_pushpull,zmq_tcp,none,none,,1,19835,512,584,1785153456295579000,1785153456295579000,1785153456295579000,1785153456295580000,1785153456295727000,1785153456295730000,1785153456295730000,1785153456295730000,121932490,121652369,-133.121,0.000,0.000,1.000,3.000,0.000,0.000,97.000,0,0,0
B3_zmq_pushpull,zmq_tcp,none,none,,1,19836,512,584,1785153456296573000,1785153456296573000,1785153456296573000,1785153456296574000,1785153456296710000,1785153456296713000,1785153456296713000,1785153456296713000,121932490,121652369,-144.121,0.000,0.000,1.000,3.000,0.000,0.000,11.000,0,0,0
B3_zmq_pushpull,zmq_tcp,none,none,,1,19837,512,584,1785153456297581000,1785153456297581000,1785153456297581000,1785153456297582000,1785153456297710000,1785153456297713000,1785153456297713000,1785153456297713000,121932490,121652369,-152.121,0.000,0.000,1.000,3.000,0.000,0.000,8.000,0,0,0
B3_zmq_pushpull,zmq_tcp,none,none,,1,19838,512,584,1785153456298577000,1785153456298577000,1785153456298577000,1785153456298578000,1785153456298686000,1785153456298689000,1785153456298689000,1785153456298689000,121932490,121652369,-172.121,0.000,0.000,1.000,3.000,0.000,0.000,20.000,0,0,0
B3_zmq_pushpull,zmq_tcp,none,none,,1,19839,512,584,1785153456299577000,1785153456299577000,1785153456299577000,1785153456299578000,1785153456299657000,1785153456299659000,1785153456299659000,1785153456299659000,121932490,121652369,-201.121,0.000,0.000,1.000,2.000,0.000,0.000,29.000,0,0,0
B3_zmq_pushpull,zmq_tcp,none,none,,1,19840,512,584,1785153456300574000,1785153456300574000,1785153456300575000,1785153456300575000,1785153456300647000,1785153456300649000,1785153456300649000,1785153456300650000,121932490,121652369,-208.121,0.000,1.000,0.000,2.000,0.000,1.000,7.000,0,0,0
B3_zmq_pushpull,zmq_tcp,none,none,,1,19841,512,584,1785153456301580000,1785153456301580000,1785153456301580000,1785153456301581000,1785153456301653000,1785153456301656000,1785153456301656000,1785153456301656000,121932490,121652369,-208.121,0.000,0.000,1.000,3.000,0.000,0.000,0.000,0,0,0
B3_zmq_pushpull,zmq_tcp,none,none,,1,19842,512,584,1785153456302577000,1785153456302577000,1785153456302577000,1785153456302578000,1785153456302651000,1785153456302654000,1785153456302654000,1785153456302654000,121932490,121652369,-207.121,0.000,0.000,1.000,3.000,0.000,0.000,1.000,0,0,0
B3_zmq_pushpull,zmq_tcp,none,none,,1,19843,512,584,1785153456303580000,1785153456303580000,1785153456303580000,1785153456303581000,1785153456303645000,1785153456303647000,1785153456303647000,1785153456303647000,121932490,121652369,-216.121,0.000,0.000,1.000,2.000,0.000,0.000,9.000,0,0,0
B3_zmq_pushpull,zmq_tcp,none,none,,1,19844,512,584,1785153456304579000,1785153456304579000,1785153456304579000,1785153456304580000,1785153456304643000,1785153456304646000,1785153456304646000,1785153456304646000,121932490,121652369,-217.121,0.000,0.000,1.000,3.000,0.000,0.000,1.000,0,0,0
B3_zmq_pushpull,zmq_tcp,none,none,,1,19845,512,584,1785153456305496000,1785153456305496000,1785153456305496000,1785153456305497000,1785153456305654000,1785153456305658000,1785153456305658000,1785153456305658000,121932490,121652369,-123.121,0.000,0.000,1.000,4.000,0.000,0.000,94.000,0,0,0
B3_zmq_pushpull,zmq_tcp,none,none,,1,19846,512,584,1785153456306597000,1785153456306597000,1785153456306597000,1785153456306598000,1785153456306781000,1785153456306783000,1785153456306783000,1785153456306783000,121932490,121652369,-97.121,0.000,0.000,1.000,2.000,0.000,0.000,26.000,0,0,0
B3_zmq_pushpull,zmq_tcp,none,none,,1,19847,512,584,1785153456307574000,1785153456307574000,1785153456307574000,1785153456307575000,1785153456307646000,1785153456307650000,1785153456307650000,1785153456307650000,121932490,121652369,-209.121,0.000,0.000,1.000,4.000,0.000,0.000,112.000,0,0,0
B3_zmq_pushpull,zmq_tcp,none,none,,1,19848,512,584,1785153456308580000,1785153456308580000,1785153456308580000,1785153456308581000,1785153456308659000,1785153456308661000,1785153456308661000,1785153456308661000,121932490,121652369,-202.121,0.000,0.000,1.000,2.000,0.000,0.000,7.000,0,0,0
B3_zmq_pushpull,zmq_tcp,none,none,,1,19849,512,584,1785153456309578000,1785153456309578000,1785153456309578000,1785153456309579000,1785153456309675000,1785153456309678000,1785153456309678000,1785153456309678000,121932490,121652369,-184.121,0.000,0.000,1.000,3.000,0.000,0.000,18.000,0,0,0
B3_zmq_pushpull,zmq_tcp,none,none,,1,19850,512,584,1785153456310581000,1785153456310581000,1785153456310581000,1785153456310582000,1785153456310673000,1785153456310677000,1785153456310677000,1785153456310677000,121932490,121652369,-189.121,0.000,0.000,1.000,4.000,0.000,0.000,5.000,0,0,0
B3_zmq_pushpull,zmq_tcp,none,none,,1,19851,512,584,1785153456311383000,1785153456311383000,1785153456311383000,1785153456311384000,1785153456311526000,1785153456311529000,1785153456311529000,1785153456311529000,121932490,121652369,-138.121,0.000,0.000,1.000,3.000,0.000,0.000,51.000,0,0,0
B3_zmq_pushpull,zmq_tcp,none,none,,1,19852,512,584,1785153456312629000,1785153456312629000,1785153456312629000,1785153456312630000,1785153456312800000,1785153456312802000,1785153456312802000,1785153456312802000,121932490,121652369,-110.121,0.000,0.000,1.000,2.000,0.000,0.000,28.000,0,0,0
B3_zmq_pushpull,zmq_tcp,none,none,,1,19853,512,584,1785153456313567000,1785153456313567000,1785153456313567000,1785153456313568000,1785153456313657000,1785153456313659000,1785153456313659000,1785153456313659000,121932490,121652369,-191.121,0.000,0.000,1.000,2.000,0.000,0.000,81.000,0,0,0
B3_zmq_pushpull,zmq_tcp,none,none,,1,19854,512,584,1785153456314581000,1785153456314581000,1785153456314581000,1785153456314582000,1785153456314677000,1785153456314679000,1785153456314679000,1785153456314679000,121932490,121652369,-185.121,0.000,0.000,1.000,2.000,0.000,0.000,6.000,0,0,0
B3_zmq_pushpull,zmq_tcp,none,none,,1,19855,512,584,1785153456315574000,1785153456315574000,1785153456315574000,1785153456315575000,1785153456315682000,1785153456315685000,1785153456315685000,1785153456315685000,121932490,121652369,-173.121,0.000,0.000,1.000,3.000,0.000,0.000,12.000,0,0,0
B3_zmq_pushpull,zmq_tcp,none,none,,1,19856,512,584,1785153456316580000,1785153456316580000,1785153456316580000,1785153456316581000,1785153456316695000,1785153456316698000,1785153456316698000,1785153456316698000,121932490,121652369,-166.121,0.000,0.000,1.000,3.000,0.000,0.000,7.000,0,0,0
B3_zmq_pushpull,zmq_tcp,none,none,,1,19857,512,584,1785153456317579000,1785153456317579000,1785153456317580000,1785153456317580000,1785153456317707000,1785153456317710000,1785153456317710000,1785153456317710000,121932490,121652369,-153.121,0.000,1.000,0.000,3.000,0.000,0.000,13.000,0,0,0
B3_zmq_pushpull,zmq_tcp,none,none,,1,19858,512,584,1785153456318579000,1785153456318579000,1785153456318579000,1785153456318580000,1785153456318694000,1785153456318697000,1785153456318697000,1785153456318697000,121932490,121652369,-166.121,0.000,0.000,1.000,3.000,0.000,0.000,13.000,0,0,0
B3_zmq_pushpull,zmq_tcp,none,none,,1,19859,512,584,1785153456319574000,1785153456319574000,1785153456319574000,1785153456319575000,1785153456319677000,1785153456319679000,1785153456319679000,1785153456319679000,121932490,121652369,-178.121,0.000,0.000,1.000,2.000,0.000,0.000,12.000,0,0,0
B3_zmq_pushpull,zmq_tcp,none,none,,1,19860,512,584,1785153456320581000,1785153456320581000,1785153456320581000,1785153456320582000,1785153456320657000,1785153456320659000,1785153456320659000,1785153456320659000,121932490,121652369,-205.121,0.000,0.000,1.000,2.000,0.000,0.000,27.000,0,0,0
B3_zmq_pushpull,zmq_tcp,none,none,,1,19861,512,584,1785153456321584000,1785153456321584000,1785153456321584000,1785153456321585000,1785153456321652000,1785153456321656000,1785153456321656000,1785153456321656000,121932490,121652369,-213.121,0.000,0.000,1.000,4.000,0.000,0.000,8.000,0,0,0
B3_zmq_pushpull,zmq_tcp,none,none,,1,19862,512,584,1785153456322581000,1785153456322582000,1785153456322582000,1785153456322583000,1785153456322663000,1785153456322666000,1785153456322666000,1785153456322666000,121932490,121652369,-200.121,1.000,0.000,1.000,3.000,0.000,0.000,13.000,0,0,0
B3_zmq_pushpull,zmq_tcp,none,none,,1,19863,512,584,1785153456323579000,1785153456323579000,1785153456323579000,1785153456323580000,1785153456323674000,1785153456323677000,1785153456323677000,1785153456323677000,121932490,121652369,-186.121,0.000,0.000,1.000,3.000,0.000,0.000,14.000,0,0,0
B3_zmq_pushpull,zmq_tcp,none,none,,1,19864,512,584,1785153456324581000,1785153456324581000,1785153456324581000,1785153456324582000,1785153456324658000,1785153456324661000,1785153456324661000,1785153456324661000,121932490,121652369,-204.121,0.000,0.000,1.000,3.000,0.000,0.000,18.000,0,0,0
B3_zmq_pushpull,zmq_tcp,none,none,,1,19865,512,584,1785153456325501000,1785153456325501000,1785153456325501000,1785153456325502000,1785153456325654000,1785153456325657000,1785153456325657000,1785153456325657000,121932490,121652369,-128.121,0.000,0.000,1.000,3.000,0.000,0.000,76.000,0,0,0
B3_zmq_pushpull,zmq_tcp,none,none,,1,19866,512,584,1785153456326597000,1785153456326598000,1785153456326598000,1785153456326599000,1785153456326662000,1785153456326665000,1785153456326665000,1785153456326665000,121932490,121652369,-217.121,1.000,0.000,1.000,3.000,0.000,0.000,89.000,0,0,0
B3_zmq_pushpull,zmq_tcp,none,none,,1,19867,512,584,1785153456327574000,1785153456327575000,1785153456327575000,1785153456327576000,1785153456327661000,1785153456327663000,1785153456327663000,1785153456327663000,121932490,121652369,-195.121,1.000,0.000,1.000,2.000,0.000,0.000,22.000,0,0,0
B3_zmq_pushpull,zmq_tcp,none,none,,1,19868,512,584,1785153456328581000,1785153456328581000,1785153456328581000,1785153456328582000,1785153456328645000,1785153456328648000,1785153456328648000,1785153456328648000,121932490,121652369,-217.121,0.000,0.000,1.000,3.000,0.000,0.000,22.000,0,0,0
B3_zmq_pushpull,zmq_tcp,none,none,,1,19869,512,584,1785153456329581000,1785153456329581000,1785153456329581000,1785153456329582000,1785153456329642000,1785153456329645000,1785153456329645000,1785153456329645000,121932490,121652369,-220.121,0.000,0.000,1.000,3.000,0.000,0.000,3.000,0,0,0
B3_zmq_pushpull,zmq_tcp,none,none,,1,19870,512,584,1785153456330488000,1785153456330488000,1785153456330488000,1785153456330489000,1785153456330650000,1785153456330653000,1785153456330653000,1785153456330653000,121932490,121652369,-119.121,0.000,0.000,1.000,3.000,0.000,0.000,101.000,0,0,0
B3_zmq_pushpull,zmq_tcp,none,none,,1,19871,512,584,1785153456331604000,1785153456331604000,1785153456331604000,1785153456331605000,1785153456331781000,1785153456331784000,1785153456331784000,1785153456331784000,121932490,121652369,-104.121,0.000,0.000,1.000,3.000,0.000,0.000,15.000,0,0,0
B3_zmq_pushpull,zmq_tcp,none,none,,1,19872,512,584,1785153456332488000,1785153456332488000,1785153456332488000,1785153456332489000,1785153456332635000,1785153456332638000,1785153456332639000,1785153456332639000,121932490,121652369,-134.121,0.000,0.000,1.000,3.000,1.000,0.000,30.000,0,0,0
B3_zmq_pushpull,zmq_tcp,none,none,,1,19873,512,584,1785153456333601000,1785153456333601000,1785153456333601000,1785153456333602000,1785153456333755000,1785153456333758000,1785153456333758000,1785153456333758000,121932490,121652369,-127.121,0.000,0.000,1.000,3.000,0.000,0.000,7.000,0,0,0
B3_zmq_pushpull,zmq_tcp,none,none,,1,19874,512,584,1785153456334471000,1785153456334472000,1785153456334472000,1785153456334473000,1785153456334612000,1785153456334615000,1785153456334615000,1785153456334615000,121932490,121652369,-141.121,1.000,0.000,1.000,3.000,0.000,0.000,14.000,0,0,0
B3_zmq_pushpull,zmq_tcp,none,none,,1,19875,512,584,1785153456335605000,1785153456335605000,1785153456335605000,1785153456335606000,1785153456335774000,1785153456335777000,1785153456335777000,1785153456335777000,121932490,121652369,-112.121,0.000,0.000,1.000,3.000,0.000,0.000,29.000,0,0,0
B3_zmq_pushpull,zmq_tcp,none,none,,1,19876,512,584,1785153456336497000,1785153456336497000,1785153456336497000,1785153456336498000,1785153456336661000,1785153456336663000,1785153456336663000,1785153456336663000,121932490,121652369,-117.121,0.000,0.000,1.000,2.000,0.000,0.000,5.000,0,0,0
B3_zmq_pushpull,zmq_tcp,none,none,,1,19877,512,584,1785153456337600000,1785153456337600000,1785153456337600000,1785153456337601000,1785153456337790000,1785153456337793000,1785153456337793000,1785153456337793000,121932490,121652369,-91.121,0.000,0.000,1.000,3.000,0.000,0.000,26.000,0,0,0
B3_zmq_pushpull,zmq_tcp,none,none,,1,19878,512,584,1785153456338509000,1785153456338509000,1785153456338509000,1785153456338510000,1785153456338668000,1785153456338670000,1785153456338670000,1785153456338670000,121932490,121652369,-122.121,0.000,0.000,1.000,2.000,0.000,0.000,31.000,0,0,0
B3_zmq_pushpull,zmq_tcp,none,none,,1,19879,512,584,1785153456339495000,1785153456339495000,1785153456339495000,1785153456339496000,1785153456339656000,1785153456339659000,1785153456339659000,1785153456339659000,121932490,121652369,-120.121,0.000,0.000,1.000,3.000,0.000,0.000,2.000,0,0,0
B3_zmq_pushpull,zmq_tcp,none,none,,1,19880,512,584,1785153456340599000,1785153456340599000,1785153456340599000,1785153456340600000,1785153456340762000,1785153456340765000,1785153456340765000,1785153456340765000,121932490,121652369,-118.121,0.000,0.000,1.000,3.000,0.000,0.000,2.000,0,0,0
B3_zmq_pushpull,zmq_tcp,none,none,,1,19881,512,584,1785153456341572000,1785153456341572000,1785153456341572000,1785153456341573000,1785153456341710000,1785153456341713000,1785153456341713000,1785153456341713000,121932490,121652369,-143.121,0.000,0.000,1.000,3.000,0.000,0.000,25.000,0,0,0
B3_zmq_pushpull,zmq_tcp,none,none,,1,19882,512,584,1785153456342579000,1785153456342579000,1785153456342579000,1785153456342580000,1785153456342690000,1785153456342693000,1785153456342693000,1785153456342693000,121932490,121652369,-170.121,0.000,0.000,1.000,3.000,0.000,0.000,27.000,0,0,0
B3_zmq_pushpull,zmq_tcp,none,none,,1,19883,512,584,1785153456343575000,1785153456343575000,1785153456343575000,1785153456343576000,1785153456343674000,1785153456343676000,1785153456343676000,1785153456343676000,121932490,121652369,-182.121,0.000,0.000,1.000,2.000,0.000,0.000,12.000,0,0,0
B3_zmq_pushpull,zmq_tcp,none,none,,1,19884,512,584,1785153456344580000,1785153456344580000,1785153456344580000,1785153456344581000,1785153456344648000,1785153456344650000,1785153456344650000,1785153456344650000,121932490,121652369,-213.121,0.000,0.000,1.000,2.000,0.000,0.000,31.000,0,0,0
B3_zmq_pushpull,zmq_tcp,none,none,,1,19885,512,584,1785153456345580000,1785153456345580000,1785153456345580000,1785153456345581000,1785153456345659000,1785153456345661000,1785153456345661000,1785153456345661000,121932490,121652369,-202.121,0.000,0.000,1.000,2.000,0.000,0.000,11.000,0,0,0
B3_zmq_pushpull,zmq_tcp,none,none,,1,19886,512,584,1785153456346476000,1785153456346476000,1785153456346476000,1785153456346477000,1785153456346629000,1785153456346632000,1785153456346632000,1785153456346632000,121932490,121652369,-128.121,0.000,0.000,1.000,3.000,0.000,0.000,74.000,0,0,0
B3_zmq_pushpull,zmq_tcp,none,none,,1,19887,512,584,1785153456347603000,1785153456347603000,1785153456347603000,1785153456347604000,1785153456347751000,1785153456347754000,1785153456347754000,1785153456347754000,121932490,121652369,-133.121,0.000,0.000,1.000,3.000,0.000,0.000,5.000,0,0,0
B3_zmq_pushpull,zmq_tcp,none,none,,1,19888,512,584,1785153456348434000,1785153456348434000,1785153456348434000,1785153456348435000,1785153456348586000,1785153456348589000,1785153456348589000,1785153456348589000,121932490,121652369,-129.121,0.000,0.000,1.000,3.000,0.000,0.000,4.000,0,0,0
B3_zmq_pushpull,zmq_tcp,none,none,,1,19889,512,584,1785153456349414000,1785153456349414000,1785153456349414000,1785153456349415000,1785153456349558000,1785153456349561000,1785153456349561000,1785153456349561000,121932490,121652369,-137.121,0.000,0.000,1.000,3.000,0.000,0.000,8.000,0,0,0
B3_zmq_pushpull,zmq_tcp,none,none,,1,19890,512,584,1785153456350386000,1785153456350386000,1785153456350386000,1785153456350387000,1785153456350546000,1785153456350549000,1785153456350549000,1785153456350549000,121932490,121652369,-121.121,0.000,0.000,1.000,3.000,0.000,0.000,16.000,0,0,0
B3_zmq_pushpull,zmq_tcp,none,none,,1,19891,512,584,1785153456351628000,1785153456351628000,1785153456351628000,1785153456351629000,1785153456351683000,1785153456351687000,1785153456351687000,1785153456351687000,121932490,121652369,-226.121,0.000,0.000,1.000,4.000,0.000,0.000,105.000,0,0,0
B3_zmq_pushpull,zmq_tcp,none,none,,1,19892,512,584,1785153456352568000,1785153456352568000,1785153456352568000,1785153456352569000,1785153456352706000,1785153456352709000,1785153456352709000,1785153456352709000,121932490,121652369,-143.121,0.000,0.000,1.000,3.000,0.000,0.000,83.000,0,0,0
B3_zmq_pushpull,zmq_tcp,none,none,,1,19893,512,584,1785153456353586000,1785153456353586000,1785153456353586000,1785153456353587000,1785153456353721000,1785153456353724000,1785153456353724000,1785153456353724000,121932490,121652369,-146.121,0.000,0.000,1.000,3.000,0.000,0.000,3.000,0,0,0
B3_zmq_pushpull,zmq_tcp,none,none,,1,19894,512,584,1785153456354578000,1785153456354578000,1785153456354578000,1785153456354579000,1785153456354717000,1785153456354720000,1785153456354720000,1785153456354720000,121932490,121652369,-142.121,0.000,0.000,1.000,3.000,0.000,0.000,4.000,0,0,0
B3_zmq_pushpull,zmq_tcp,none,none,,1,19895,512,584,1785153456355577000,1785153456355577000,1785153456355577000,1785153456355578000,1785153456355693000,1785153456355696000,1785153456355696000,1785153456355696000,121932490,121652369,-165.121,0.000,0.000,1.000,3.000,0.000,0.000,23.000,0,0,0
B3_zmq_pushpull,zmq_tcp,none,none,,1,19896,512,584,1785153456356577000,1785153456356577000,1785153456356577000,1785153456356578000,1785153456356672000,1785153456356674000,1785153456356674000,1785153456356674000,121932490,121652369,-186.121,0.000,0.000,1.000,2.000,0.000,0.000,21.000,0,0,0
B3_zmq_pushpull,zmq_tcp,none,none,,1,19897,512,584,1785153456357577000,1785153456357577000,1785153456357578000,1785153456357578000,1785153456357649000,1785153456357652000,1785153456357652000,1785153456357652000,121932490,121652369,-209.121,0.000,1.000,0.000,3.000,0.000,0.000,23.000,0,0,0
B3_zmq_pushpull,zmq_tcp,none,none,,1,19898,512,584,1785153456358579000,1785153456358579000,1785153456358579000,1785153456358580000,1785153456358653000,1785153456358657000,1785153456358657000,1785153456358657000,121932490,121652369,-207.121,0.000,0.000,1.000,4.000,0.000,0.000,2.000,0,0,0
B3_zmq_pushpull,zmq_tcp,none,none,,1,19899,512,584,1785153456359490000,1785153456359490000,1785153456359490000,1785153456359491000,1785153456359648000,1785153456359650000,1785153456359650000,1785153456359650000,121932490,121652369,-123.121,0.000,0.000,1.000,2.000,0.000,0.000,84.000,0,0,0
B3_zmq_pushpull,zmq_tcp,none,none,,1,19900,512,584,1785153456360477000,1785153456360477000,1785153456360477000,1785153456360478000,1785153456360620000,1785153456360623000,1785153456360623000,1785153456360623000,121932490,121652369,-138.121,0.000,0.000,1.000,3.000,0.000,0.000,15.000,0,0,0
B3_zmq_pushpull,zmq_tcp,none,none,,1,19901,512,584,1785153456361603000,1785153456361603000,1785153456361603000,1785153456361604000,1785153456361736000,1785153456361738000,1785153456361738000,1785153456361738000,121932490,121652369,-148.121,0.000,0.000,1.000,2.000,0.000,0.000,10.000,0,0,0
B3_zmq_pushpull,zmq_tcp,none,none,,1,19902,512,584,1785153456362568000,1785153456362568000,1785153456362568000,1785153456362569000,1785153456362694000,1785153456362698000,1785153456362698000,1785153456362698000,121932490,121652369,-155.121,0.000,0.000,1.000,4.000,0.000,0.000,7.000,0,0,0
B3_zmq_pushpull,zmq_tcp,none,none,,1,19903,512,584,1785153456363580000,1785153456363580000,1785153456363580000,1785153456363581000,1785153456363673000,1785153456363676000,1785153456363676000,1785153456363676000,121932490,121652369,-188.121,0.000,0.000,1.000,3.000,0.000,0.000,33.000,0,0,0
B3_zmq_pushpull,zmq_tcp,none,none,,1,19904,512,584,1785153456364580000,1785153456364580000,1785153456364580000,1785153456364581000,1785153456364661000,1785153456364664000,1785153456364664000,1785153456364664000,121932490,121652369,-200.121,0.000,0.000,1.000,3.000,0.000,0.000,12.000,0,0,0
B3_zmq_pushpull,zmq_tcp,none,none,,1,19905,512,584,1785153456365577000,1785153456365578000,1785153456365578000,1785153456365579000,1785153456365758000,1785153456365761000,1785153456365761000,1785153456365761000,121932490,121652369,-101.121,1.000,0.000,1.000,3.000,0.000,0.000,99.000,0,0,0
B3_zmq_pushpull,zmq_tcp,none,none,,1,19906,512,584,1785153456366579000,1785153456366579000,1785153456366579000,1785153456366580000,1785153456366761000,1785153456366764000,1785153456366764000,1785153456366764000,121932490,121652369,-99.121,0.000,0.000,1.000,3.000,0.000,0.000,2.000,0,0,0
B3_zmq_pushpull,zmq_tcp,none,none,,1,19907,512,584,1785153456367577000,1785153456367577000,1785153456367578000,1785153456367578000,1785153456367745000,1785153456367748000,1785153456367748000,1785153456367748000,121932490,121652369,-113.121,0.000,1.000,0.000,3.000,0.000,0.000,14.000,0,0,0
B3_zmq_pushpull,zmq_tcp,none,none,,1,19908,512,584,1785153456368446000,1785153456368446000,1785153456368446000,1785153456368447000,1785153456368601000,1785153456368603000,1785153456368603000,1785153456368604000,121932490,121652369,-126.121,0.000,0.000,1.000,2.000,0.000,1.000,13.000,0,0,0
B3_zmq_pushpull,zmq_tcp,none,none,,1,19909,512,584,1785153456369432000,1785153456369432000,1785153456369432000,1785153456369433000,1785153456369582000,1785153456369585000,1785153456369585000,1785153456369585000,121932490,121652369,-131.121,0.000,0.000,1.000,3.000,0.000,0.000,5.000,0,0,0
B3_zmq_pushpull,zmq_tcp,none,none,,1,19910,512,584,1785153456370611000,1785153456370611000,1785153456370611000,1785153456370612000,1785153456370724000,1785153456370726000,1785153456370726000,1785153456370726000,121932490,121652369,-168.121,0.000,0.000,1.000,2.000,0.000,0.000,37.000,0,0,0
B3_zmq_pushpull,zmq_tcp,none,none,,1,19911,512,584,1785153456371570000,1785153456371570000,1785153456371570000,1785153456371571000,1785153456371729000,1785153456371732000,1785153456371732000,1785153456371732000,121932490,121652369,-122.121,0.000,0.000,1.000,3.000,0.000,0.000,46.000,0,0,0
B3_zmq_pushpull,zmq_tcp,none,none,,1,19912,512,584,1785153456372408000,1785153456372408000,1785153456372408000,1785153456372409000,1785153456372568000,1785153456372570000,1785153456372571000,1785153456372571000,121932490,121652369,-121.121,0.000,0.000,1.000,2.000,1.000,0.000,1.000,0,0,0
B3_zmq_pushpull,zmq_tcp,none,none,,1,19913,512,584,1785153456373396000,1785153456373396000,1785153456373396000,1785153456373397000,1785153456373557000,1785153456373561000,1785153456373561000,1785153456373561000,121932490,121652369,-120.121,0.000,0.000,1.000,4.000,0.000,0.000,1.000,0,0,0
B3_zmq_pushpull,zmq_tcp,none,none,,1,19914,512,584,1785153456374536000,1785153456374536000,1785153456374536000,1785153456374537000,1785153456374686000,1785153456374689000,1785153456374690000,1785153456374690000,121932490,121652369,-131.121,0.000,0.000,1.000,3.000,1.000,0.000,11.000,0,0,0
B3_zmq_pushpull,zmq_tcp,none,none,,1,19915,512,584,1785153456375588000,1785153456375589000,1785153456375589000,1785153456375590000,1785153456375670000,1785153456375673000,1785153456375673000,1785153456375673000,121932490,121652369,-200.121,1.000,0.000,1.000,3.000,0.000,0.000,69.000,0,0,0
B3_zmq_pushpull,zmq_tcp,none,none,,1,19916,512,584,1785153456376580000,1785153456376580000,1785153456376580000,1785153456376581000,1785153456376657000,1785153456376660000,1785153456376660000,1785153456376660000,121932490,121652369,-204.121,0.000,0.000,1.000,3.000,0.000,0.000,4.000,0,0,0
B3_zmq_pushpull,zmq_tcp,none,none,,1,19917,512,584,1785153456377574000,1785153456377574000,1785153456377574000,1785153456377575000,1785153456377650000,1785153456377653000,1785153456377653000,1785153456377653000,121932490,121652369,-205.121,0.000,0.000,1.000,3.000,0.000,0.000,1.000,0,0,0
B3_zmq_pushpull,zmq_tcp,none,none,,1,19918,512,584,1785153456378580000,1785153456378580000,1785153456378580000,1785153456378581000,1785153456378662000,1785153456378665000,1785153456378665000,1785153456378665000,121932490,121652369,-199.121,0.000,0.000,1.000,3.000,0.000,0.000,6.000,0,0,0
B3_zmq_pushpull,zmq_tcp,none,none,,1,19919,512,584,1785153456379581000,1785153456379581000,1785153456379581000,1785153456379582000,1785153456379664000,1785153456379667000,1785153456379667000,1785153456379667000,121932490,121652369,-198.121,0.000,0.000,1.000,3.000,0.000,0.000,1.000,0,0,0
B3_zmq_pushpull,zmq_tcp,none,none,,1,19920,512,584,1785153456380577000,1785153456380578000,1785153456380578000,1785153456380579000,1785153456380677000,1785153456380680000,1785153456380680000,1785153456380680000,121932490,121652369,-182.121,1.000,0.000,1.000,3.000,0.000,0.000,16.000,0,0,0
B3_zmq_pushpull,zmq_tcp,none,none,,1,19921,512,584,1785153456381503000,1785153456381503000,1785153456381503000,1785153456381504000,1785153456381696000,1785153456381699000,1785153456381699000,1785153456381699000,121932490,121652369,-88.121,0.000,0.000,1.000,3.000,0.000,0.000,94.000,0,0,0
B3_zmq_pushpull,zmq_tcp,none,none,,1,19922,512,584,1785153456382391000,1785153456382391000,1785153456382392000,1785153456382392000,1785153456382546000,1785153456382549000,1785153456382549000,1785153456382549000,121932490,121652369,-126.121,0.000,1.000,0.000,3.000,0.000,0.000,38.000,0,0,0
B3_zmq_pushpull,zmq_tcp,none,none,,1,19923,512,584,1785153456383535000,1785153456383536000,1785153456383536000,1785153456383537000,1785153456383679000,1785153456383682000,1785153456383682000,1785153456383682000,121932490,121652369,-138.121,1.000,0.000,1.000,3.000,0.000,0.000,12.000,0,0,0
B3_zmq_pushpull,zmq_tcp,none,none,,1,19924,512,584,1785153456384587000,1785153456384587000,1785153456384587000,1785153456384588000,1785153456384693000,1785153456384696000,1785153456384696000,1785153456384696000,121932490,121652369,-175.121,0.000,0.000,1.000,3.000,0.000,0.000,37.000,0,0,0
B3_zmq_pushpull,zmq_tcp,none,none,,1,19925,512,584,1785153456385578000,1785153456385578000,1785153456385579000,1785153456385579000,1785153456385692000,1785153456385694000,1785153456385695000,1785153456385695000,121932490,121652369,-167.121,0.000,1.000,0.000,2.000,1.000,0.000,8.000,0,0,0
B3_zmq_pushpull,zmq_tcp,none,none,,1,19926,512,584,1785153456386580000,1785153456386580000,1785153456386580000,1785153456386581000,1785153456386671000,1785153456386673000,1785153456386673000,1785153456386673000,121932490,121652369,-190.121,0.000,0.000,1.000,2.000,0.000,0.000,23.000,0,0,0
B3_zmq_pushpull,zmq_tcp,none,none,,1,19927,512,584,1785153456387580000,1785153456387580000,1785153456387580000,1785153456387581000,1785153456387665000,1785153456387668000,1785153456387668000,1785153456387668000,121932490,121652369,-196.121,0.000,0.000,1.000,3.000,0.000,0.000,6.000,0,0,0
B3_zmq_pushpull,zmq_tcp,none,none,,1,19928,512,584,1785153456388518000,1785153456388518000,1785153456388518000,1785153456388519000,1785153456388656000,1785153456388659000,1785153456388659000,1785153456388659000,121932490,121652369,-143.121,0.000,0.000,1.000,3.000,0.000,0.000,53.000,0,0,0
B3_zmq_pushpull,zmq_tcp,none,none,,1,19929,512,584,1785153456389467000,1785153456389467000,1785153456389467000,1785153456389468000,1785153456389620000,1785153456389623000,1785153456389623000,1785153456389623000,121932490,121652369,-128.121,0.000,0.000,1.000,3.000,0.000,0.000,15.000,0,0,0
B3_zmq_pushpull,zmq_tcp,none,none,,1,19930,512,584,1785153456390436000,1785153456390437000,1785153456390437000,1785153456390438000,1785153456390591000,1785153456390593000,1785153456390593000,1785153456390593000,121932490,121652369,-127.121,1.000,0.000,1.000,2.000,0.000,0.000,1.000,0,0,0
B3_zmq_pushpull,zmq_tcp,none,none,,1,19931,512,584,1785153456391612000,1785153456391612000,1785153456391612000,1785153456391613000,1785153456391733000,1785153456391736000,1785153456391736000,1785153456391736000,121932490,121652369,-160.121,0.000,0.000,1.000,3.000,0.000,0.000,33.000,0,0,0
B3_zmq_pushpull,zmq_tcp,none,none,,1,19932,512,584,1785153456392570000,1785153456392570000,1785153456392570000,1785153456392571000,1785153456392719000,1785153456392721000,1785153456392721000,1785153456392721000,121932490,121652369,-132.121,0.000,0.000,1.000,2.000,0.000,0.000,28.000,0,0,0
B3_zmq_pushpull,zmq_tcp,none,none,,1,19933,512,584,1785153456393582000,1785153456393583000,1785153456393583000,1785153456393584000,1785153456393711000,1785153456393713000,1785153456393713000,1785153456393713000,121932490,121652369,-153.121,1.000,0.000,1.000,2.000,0.000,0.000,21.000,0,0,0
B3_zmq_pushpull,zmq_tcp,none,none,,1,19934,512,584,1785153456394576000,1785153456394576000,1785153456394576000,1785153456394577000,1785153456394684000,1785153456394686000,1785153456394687000,1785153456394687000,121932490,121652369,-173.121,0.000,0.000,1.000,2.000,1.000,0.000,20.000,0,0,0
B3_zmq_pushpull,zmq_tcp,none,none,,1,19935,512,584,1785153456395579000,1785153456395579000,1785153456395579000,1785153456395580000,1785153456395663000,1785153456395666000,1785153456395666000,1785153456395666000,121932490,121652369,-197.121,0.000,0.000,1.000,3.000,0.000,0.000,24.000,0,0,0
B3_zmq_pushpull,zmq_tcp,none,none,,1,19936,512,584,1785153456396578000,1785153456396578000,1785153456396578000,1785153456396579000,1785153456396643000,1785153456396645000,1785153456396645000,1785153456396645000,121932490,121652369,-216.121,0.000,0.000,1.000,2.000,0.000,0.000,19.000,0,0,0
B3_zmq_pushpull,zmq_tcp,none,none,,1,19937,512,584,1785153456397578000,1785153456397578000,1785153456397578000,1785153456397579000,1785153456397624000,1785153456397627000,1785153456397627000,1785153456397627000,121932490,121652369,-235.121,0.000,0.000,1.000,3.000,0.000,0.000,19.000,0,0,0
B3_zmq_pushpull,zmq_tcp,none,none,,1,19938,512,584,1785153456398578000,1785153456398578000,1785153456398578000,1785153456398579000,1785153456398747000,1785153456398750000,1785153456398750000,1785153456398750000,121932490,121652369,-112.121,0.000,0.000,1.000,3.000,0.000,0.000,123.000,0,0,0
B3_zmq_pushpull,zmq_tcp,none,none,,1,19939,512,584,1785153456399580000,1785153456399580000,1785153456399580000,1785153456399581000,1785153456399743000,1785153456399745000,1785153456399745000,1785153456399745000,121932490,121652369,-118.121,0.000,0.000,1.000,2.000,0.000,0.000,6.000,0,0,0
B3_zmq_pushpull,zmq_tcp,none,none,,1,19940,512,584,1785153456400580000,1785153456400580000,1785153456400580000,1785153456400581000,1785153456400738000,1785153456400741000,1785153456400741000,1785153456400741000,121932490,121652369,-123.121,0.000,0.000,1.000,3.000,0.000,0.000,5.000,0,0,0
B3_zmq_pushpull,zmq_tcp,none,none,,1,19941,512,584,1785153456401574000,1785153456401574000,1785153456401574000,1785153456401575000,1785153456401721000,1785153456401724000,1785153456401724000,1785153456401724000,121932490,121652369,-134.121,0.000,0.000,1.000,3.000,0.000,0.000,11.000,0,0,0
B3_zmq_pushpull,zmq_tcp,none,none,,1,19942,512,584,1785153456402579000,1785153456402579000,1785153456402579000,1785153456402580000,1785153456402713000,1785153456402716000,1785153456402716000,1785153456402716000,121932490,121652369,-147.121,0.000,0.000,1.000,3.000,0.000,0.000,13.000,0,0,0
B3_zmq_pushpull,zmq_tcp,none,none,,1,19943,512,584,1785153456403578000,1785153456403578000,1785153456403578000,1785153456403579000,1785153456403673000,1785153456403676000,1785153456403676000,1785153456403676000,121932490,121652369,-186.121,0.000,0.000,1.000,3.000,0.000,0.000,39.000,0,0,0
B3_zmq_pushpull,zmq_tcp,none,none,,1,19944,512,584,1785153456404578000,1785153456404578000,1785153456404578000,1785153456404579000,1785153456404650000,1785153456404653000,1785153456404653000,1785153456404653000,121932490,121652369,-209.121,0.000,0.000,1.000,3.000,0.000,0.000,23.000,0,0,0
B3_zmq_pushpull,zmq_tcp,none,none,,1,19945,512,584,1785153456405575000,1785153456405575000,1785153456405575000,1785153456405576000,1785153456405625000,1785153456405629000,1785153456405629000,1785153456405629000,121932490,121652369,-231.121,0.000,0.000,1.000,4.000,0.000,0.000,22.000,0,0,0
B3_zmq_pushpull,zmq_tcp,none,none,,1,19946,512,584,1785153456406579000,1785153456406579000,1785153456406579000,1785153456406580000,1785153456406752000,1785153456406755000,1785153456406755000,1785153456406755000,121932490,121652369,-108.121,0.000,0.000,1.000,3.000,0.000,0.000,123.000,0,0,0
B3_zmq_pushpull,zmq_tcp,none,none,,1,19947,512,584,1785153456407580000,1785153456407580000,1785153456407580000,1785153456407581000,1785153456407751000,1785153456407753000,1785153456407753000,1785153456407753000,121932490,121652369,-110.121,0.000,0.000,1.000,2.000,0.000,0.000,2.000,0,0,0
B3_zmq_pushpull,zmq_tcp,none,none,,1,19948,512,584,1785153456408578000,1785153456408578000,1785153456408578000,1785153456408579000,1785153456408725000,1785153456408728000,1785153456408728000,1785153456408728000,121932490,121652369,-134.121,0.000,0.000,1.000,3.000,0.000,0.000,24.000,0,0,0
B3_zmq_pushpull,zmq_tcp,none,none,,1,19949,512,584,1785153456409578000,1785153456409578000,1785153456409578000,1785153456409579000,1785153456409705000,1785153456409708000,1785153456409708000,1785153456409708000,121932490,121652369,-154.121,0.000,0.000,1.000,3.000,0.000,0.000,20.000,0,0,0
B3_zmq_pushpull,zmq_tcp,none,none,,1,19950,512,584,1785153456410578000,1785153456410578000,1785153456410578000,1785153456410579000,1785153456410673000,1785153456410676000,1785153456410676000,1785153456410676000,121932490,121652369,-186.121,0.000,0.000,1.000,3.000,0.000,0.000,32.000,0,0,0
B3_zmq_pushpull,zmq_tcp,none,none,,1,19951,512,584,1785153456411578000,1785153456411578000,1785153456411578000,1785153456411579000,1785153456411651000,1785153456411653000,1785153456411653000,1785153456411653000,121932490,121652369,-208.121,0.000,0.000,1.000,2.000,0.000,0.000,22.000,0,0,0
B3_zmq_pushpull,zmq_tcp,none,none,,1,19952,512,584,1785153456412575000,1785153456412575000,1785153456412575000,1785153456412576000,1785153456412656000,1785153456412659000,1785153456412659000,1785153456412659000,121932490,121652369,-200.121,0.000,0.000,1.000,3.000,0.000,0.000,8.000,0,0,0
B3_zmq_pushpull,zmq_tcp,none,none,,1,19953,512,584,1785153456413582000,1785153456413582000,1785153456413582000,1785153456413583000,1785153456413629000,1785153456413633000,1785153456413633000,1785153456413633000,121932490,121652369,-234.121,0.000,0.000,1.000,4.000,0.000,0.000,34.000,0,0,0
B3_zmq_pushpull,zmq_tcp,none,none,,1,19954,512,584,1785153456414462000,1785153456414462000,1785153456414462000,1785153456414463000,1785153456414618000,1785153456414620000,1785153456414621000,1785153456414621000,121932490,121652369,-125.121,0.000,0.000,1.000,2.000,1.000,0.000,109.000,0,0,0
B3_zmq_pushpull,zmq_tcp,none,none,,1,19955,512,584,1785153456415607000,1785153456415607000,1785153456415607000,1785153456415608000,1785153456415755000,1785153456415757000,1785153456415757000,1785153456415757000,121932490,121652369,-133.121,0.000,0.000,1.000,2.000,0.000,0.000,8.000,0,0,0
B3_zmq_pushpull,zmq_tcp,none,none,,1,19956,512,584,1785153456416567000,1785153456416568000,1785153456416568000,1785153456416569000,1785153456416728000,1785153456416731000,1785153456416731000,1785153456416731000,121932490,121652369,-121.121,1.000,0.000,1.000,3.000,0.000,0.000,12.000,0,0,0
B3_zmq_pushpull,zmq_tcp,none,none,,1,19957,512,584,1785153456417580000,1785153456417580000,1785153456417580000,1785153456417581000,1785153456417687000,1785153456417689000,1785153456417689000,1785153456417689000,121932490,121652369,-174.121,0.000,0.000,1.000,2.000,0.000,0.000,53.000,0,0,0
B3_zmq_pushpull,zmq_tcp,none,none,,1,19958,512,584,1785153456418578000,1785153456418578000,1785153456418578000,1785153456418579000,1785153456418652000,1785153456418654000,1785153456418654000,1785153456418654000,121932490,121652369,-207.121,0.000,0.000,1.000,2.000,0.000,0.000,33.000,0,0,0
B3_zmq_pushpull,zmq_tcp,none,none,,1,19959,512,584,1785153456419578000,1785153456419578000,1785153456419578000,1785153456419579000,1785153456419656000,1785153456419659000,1785153456419659000,1785153456419659000,121932490,121652369,-203.121,0.000,0.000,1.000,3.000,0.000,0.000,4.000,0,0,0
B3_zmq_pushpull,zmq_tcp,none,none,,1,19960,512,584,1785153456420575000,1785153456420575000,1785153456420575000,1785153456420576000,1785153456420641000,1785153456420644000,1785153456420644000,1785153456420644000,121932490,121652369,-215.121,0.000,0.000,1.000,3.000,0.000,0.000,12.000,0,0,0
B3_zmq_pushpull,zmq_tcp,none,none,,1,19961,512,584,1785153456421579000,1785153456421579000,1785153456421579000,1785153456421580000,1785153456421639000,1785153456421643000,1785153456421643000,1785153456421643000,121932490,121652369,-221.121,0.000,0.000,1.000,4.000,0.000,0.000,6.000,0,0,0
B3_zmq_pushpull,zmq_tcp,none,none,,1,19962,512,584,1785153456422578000,1785153456422578000,1785153456422578000,1785153456422579000,1785153456422757000,1785153456422760000,1785153456422760000,1785153456422760000,121932490,121652369,-102.121,0.000,0.000,1.000,3.000,0.000,0.000,119.000,0,0,0
B3_zmq_pushpull,zmq_tcp,none,none,,1,19963,512,584,1785153456423578000,1785153456423578000,1785153456423578000,1785153456423579000,1785153456423756000,1785153456423759000,1785153456423759000,1785153456423759000,121932490,121652369,-103.121,0.000,0.000,1.000,3.000,0.000,0.000,1.000,0,0,0
B3_zmq_pushpull,zmq_tcp,none,none,,1,19964,512,584,1785153456424576000,1785153456424576000,1785153456424576000,1785153456424577000,1785153456424741000,1785153456424743000,1785153456424743000,1785153456424743000,121932490,121652369,-116.121,0.000,0.000,1.000,2.000,0.000,0.000,13.000,0,0,0
B3_zmq_pushpull,zmq_tcp,none,none,,1,19965,512,584,1785153456425579000,1785153456425579000,1785153456425579000,1785153456425580000,1785153456425732000,1785153456425735000,1785153456425735000,1785153456425735000,121932490,121652369,-128.121,0.000,0.000,1.000,3.000,0.000,0.000,12.000,0,0,0
B3_zmq_pushpull,zmq_tcp,none,none,,1,19966,512,584,1785153456426578000,1785153456426578000,1785153456426578000,1785153456426579000,1785153456426721000,1785153456426725000,1785153456426725000,1785153456426725000,121932490,121652369,-138.121,0.000,0.000,1.000,4.000,0.000,0.000,10.000,0,0,0
B3_zmq_pushpull,zmq_tcp,none,none,,1,19967,512,584,1785153456427580000,1785153456427581000,1785153456427581000,1785153456427582000,1785153456427703000,1785153456427705000,1785153456427705000,1785153456427705000,121932490,121652369,-159.121,1.000,0.000,1.000,2.000,0.000,0.000,21.000,0,0,0
B3_zmq_pushpull,zmq_tcp,none,none,,1,19968,512,584,1785153456428577000,1785153456428577000,1785153456428577000,1785153456428578000,1785153456428688000,1785153456428691000,1785153456428691000,1785153456428691000,121932490,121652369,-170.121,0.000,0.000,1.000,3.000,0.000,0.000,11.000,0,0,0
B3_zmq_pushpull,zmq_tcp,none,none,,1,19969,512,584,1785153456429580000,1785153456429580000,1785153456429581000,1785153456429581000,1785153456429671000,1785153456429673000,1785153456429673000,1785153456429673000,121932490,121652369,-190.121,0.000,1.000,0.000,2.000,0.000,0.000,20.000,0,0,0
B3_zmq_pushpull,zmq_tcp,none,none,,1,19970,512,584,1785153456430507000,1785153456430507000,1785153456430507000,1785153456430509000,1785153456430664000,1785153456430667000,1785153456430667000,1785153456430667000,121932490,121652369,-125.121,0.000,0.000,2.000,3.000,0.000,0.000,65.000,0,0,0
B3_zmq_pushpull,zmq_tcp,none,none,,1,19971,512,584,1785153456431504000,1785153456431504000,1785153456431504000,1785153456431505000,1785153456431655000,1785153456431657000,1785153456431657000,1785153456431657000,121932490,121652369,-130.121,0.000,0.000,1.000,2.000,0.000,0.000,5.000,0,0,0
B3_zmq_pushpull,zmq_tcp,none,none,,1,19972,512,584,1785153456432601000,1785153456432601000,1785153456432601000,1785153456432602000,1785153456432767000,1785153456432769000,1785153456432769000,1785153456432769000,121932490,121652369,-115.121,0.000,0.000,1.000,2.000,0.000,0.000,15.000,0,0,0
B3_zmq_pushpull,zmq_tcp,none,none,,1,19973,512,584,1785153456433575000,1785153456433575000,1785153456433575000,1785153456433576000,1785153456433749000,1785153456433752000,1785153456433752000,1785153456433752000,121932490,121652369,-107.121,0.000,0.000,1.000,3.000,0.000,0.000,8.000,0,0,0
B3_zmq_pushpull,zmq_tcp,none,none,,1,19974,512,584,1785153456434579000,1785153456434579000,1785153456434579000,1785153456434580000,1785153456434711000,1785153456434714000,1785153456434714000,1785153456434714000,121932490,121652369,-149.121,0.000,0.000,1.000,3.000,0.000,0.000,42.000,0,0,0
B3_zmq_pushpull,zmq_tcp,none,none,,1,19975,512,584,1785153456435395000,1785153456435396000,1785153456435396000,1785153456435397000,1785153456435559000,1785153456435561000,1785153456435561000,1785153456435561000,121932490,121652369,-118.121,1.000,0.000,1.000,2.000,0.000,0.000,31.000,0,0,0
B3_zmq_pushpull,zmq_tcp,none,none,,1,19976,512,584,1785153456436625000,1785153456436625000,1785153456436625000,1785153456436626000,1785153456436668000,1785153456436672000,1785153456436672000,1785153456436672000,121932490,121652369,-238.121,0.000,0.000,1.000,4.000,0.000,0.000,120.000,0,0,0
B3_zmq_pushpull,zmq_tcp,none,none,,1,19977,512,584,1785153456437566000,1785153456437566000,1785153456437566000,1785153456437567000,1785153456437636000,1785153456437639000,1785153456437639000,1785153456437639000,121932490,121652369,-211.121,0.000,0.000,1.000,3.000,0.000,0.000,27.000,0,0,0
B3_zmq_pushpull,zmq_tcp,none,none,,1,19978,512,584,1785153456438582000,1785153456438582000,1785153456438582000,1785153456438583000,1785153456438756000,1785153456438759000,1785153456438759000,1785153456438759000,121932490,121652369,-107.121,0.000,0.000,1.000,3.000,0.000,0.000,104.000,0,0,0
B3_zmq_pushpull,zmq_tcp,none,none,,1,19979,512,584,1785153456439450000,1785153456439450000,1785153456439450000,1785153456439451000,1785153456439609000,1785153456439612000,1785153456439612000,1785153456439612000,121932490,121652369,-122.121,0.000,0.000,1.000,3.000,0.000,0.000,15.000,0,0,0
B3_zmq_pushpull,zmq_tcp,none,none,,1,19980,512,584,1785153456440447000,1785153456440448000,1785153456440448000,1785153456440449000,1785153456440597000,1785153456440602000,1785153456440602000,1785153456440602000,121932490,121652369,-132.121,1.000,0.000,1.000,5.000,0.000,0.000,10.000,0,0,0
B3_zmq_pushpull,zmq_tcp,none,none,,1,19981,512,584,1785153456441427000,1785153456441428000,1785153456441428000,1785153456441429000,1785153456441587000,1785153456441589000,1785153456441589000,1785153456441589000,121932490,121652369,-122.121,1.000,0.000,1.000,2.000,0.000,0.000,10.000,0,0,0
B3_zmq_pushpull,zmq_tcp,none,none,,1,19982,512,584,1785153456442405000,1785153456442405000,1785153456442405000,1785153456442406000,1785153456442557000,1785153456442560000,1785153456442560000,1785153456442560000,121932490,121652369,-129.121,0.000,0.000,1.000,3.000,0.000,0.000,7.000,0,0,0
B3_zmq_pushpull,zmq_tcp,none,none,,1,19983,512,584,1785153456443402000,1785153456443402000,1785153456443402000,1785153456443403000,1785153456443549000,1785153456443551000,1785153456443552000,1785153456443552000,121932490,121652369,-134.121,0.000,0.000,1.000,2.000,1.000,0.000,5.000,0,0,0
B3_zmq_pushpull,zmq_tcp,none,none,,1,19984,512,584,1785153456444623000,1785153456444623000,1785153456444623000,1785153456444624000,1785153456444671000,1785153456444674000,1785153456444674000,1785153456444674000,121932490,121652369,-233.121,0.000,0.000,1.000,3.000,0.000,0.000,99.000,0,0,0
B3_zmq_pushpull,zmq_tcp,none,none,,1,19985,512,584,1785153456445567000,1785153456445567000,1785153456445567000,1785153456445568000,1785153456445647000,1785153456445649000,1785153456445649000,1785153456445649000,121932490,121652369,-201.121,0.000,0.000,1.000,2.000,0.000,0.000,32.000,0,0,0
B3_zmq_pushpull,zmq_tcp,none,none,,1,19986,512,584,1785153456446578000,1785153456446578000,1785153456446578000,1785153456446579000,1785153456446740000,1785153456446744000,1785153456446744000,1785153456446744000,121932490,121652369,-119.121,0.000,0.000,1.000,4.000,0.000,0.000,82.000,0,0,0
B3_zmq_pushpull,zmq_tcp,none,none,,1,19987,512,584,1785153456447578000,1785153456447578000,1785153456447578000,1785153456447579000,1785153456447738000,1785153456447743000,1785153456447743000,1785153456447743000,121932490,121652369,-121.121,0.000,0.000,1.000,5.000,0.000,0.000,2.000,0,0,0
B3_zmq_pushpull,zmq_tcp,none,none,,1,19988,512,584,1785153456448417000,1785153456448417000,1785153456448417000,1785153456448418000,1785153456448574000,1785153456448576000,1785153456448576000,1785153456448576000,121932490,121652369,-124.121,0.000,0.000,1.000,2.000,0.000,0.000,3.000,0,0,0
B3_zmq_pushpull,zmq_tcp,none,none,,1,19989,512,584,1785153456449618000,1785153456449618000,1785153456449618000,1785153456449619000,1785153456449688000,1785153456449691000,1785153456449691000,1785153456449691000,121932490,121652369,-211.121,0.000,0.000,1.000,3.000,0.000,0.000,87.000,0,0,0
B3_zmq_pushpull,zmq_tcp,none,none,,1,19990,512,584,1785153456450402000,1785153456450402000,1785153456450403000,1785153456450404000,1785153456450533000,1785153456450536000,1785153456450536000,1785153456450536000,121932490,121652369,-151.121,0.000,1.000,1.000,3.000,0.000,0.000,60.000,0,0,0
B3_zmq_pushpull,zmq_tcp,none,none,,1,19991,512,584,1785153456451622000,1785153456451622000,1785153456451622000,1785153456451623000,1785153456451695000,1785153456451698000,1785153456451698000,1785153456451698000,121932490,121652369,-208.121,0.000,0.000,1.000,3.000,0.000,0.000,57.000,0,0,0
B3_zmq_pushpull,zmq_tcp,none,none,,1,19992,512,584,1785153456452568000,1785153456452569000,1785153456452569000,1785153456452570000,1785153456452710000,1785153456452713000,1785153456452713000,1785153456452713000,121932490,121652369,-140.121,1.000,0.000,1.000,3.000,0.000,0.000,68.000,0,0,0
B3_zmq_pushpull,zmq_tcp,none,none,,1,19993,512,584,1785153456453581000,1785153456453581000,1785153456453581000,1785153456453583000,1785153456453718000,1785153456453721000,1785153456453721000,1785153456453721000,121932490,121652369,-145.121,0.000,0.000,2.000,3.000,0.000,0.000,5.000,0,0,0
B3_zmq_pushpull,zmq_tcp,none,none,,1,19994,512,584,1785153456454578000,1785153456454578000,1785153456454578000,1785153456454579000,1785153456454735000,1785153456454738000,1785153456454738000,1785153456454738000,121932490,121652369,-124.121,0.000,0.000,1.000,3.000,0.000,0.000,21.000,0,0,0
B3_zmq_pushpull,zmq_tcp,none,none,,1,19995,512,584,1785153456455451000,1785153456455451000,1785153456455451000,1785153456455452000,1785153456455599000,1785153456455602000,1785153456455602000,1785153456455602000,121932490,121652369,-133.121,0.000,0.000,1.000,3.000,0.000,0.000,9.000,0,0,0
B3_zmq_pushpull,zmq_tcp,none,none,,1,19996,512,584,1785153456456437000,1785153456456437000,1785153456456437000,1785153456456438000,1785153456456593000,1785153456456596000,1785153456456596000,1785153456456596000,121932490,121652369,-125.121,0.000,0.000,1.000,3.000,0.000,0.000,8.000,0,0,0
B3_zmq_pushpull,zmq_tcp,none,none,,1,19997,512,584,1785153456457438000,1785153456457439000,1785153456457439000,1785153456457439000,1785153456457597000,1785153456457601000,1785153456457601000,1785153456457601000,121932490,121652369,-122.121,1.000,0.000,0.000,4.000,0.000,0.000,3.000,0,0,0
B3_zmq_pushpull,zmq_tcp,none,none,,1,19998,512,584,1785153456458611000,1785153456458611000,1785153456458611000,1785153456458612000,1785153456458749000,1785153456458753000,1785153456458753000,1785153456458753000,121932490,121652369,-143.121,0.000,0.000,1.000,4.000,0.000,0.000,21.000,0,0,0
B3_zmq_pushpull,zmq_tcp,none,none,,1,19999,512,584,1785153456459452000,1785153456459452000,1785153456459452000,1785153456459453000,1785153456459608000,1785153456459614000,1785153456459614000,1785153456459614000,121932490,121652369,-125.121,0.000,0.000,1.000,6.000,0.000,0.000,18.000,0,0,0
B3_zmq_pushpull,zmq_tcp,none,none,,1,20000,512,584,1785153456460610000,1785153456460610000,1785153456460610000,1785153456460611000,1785153456460755000,1785153456460757000,1785153456460758000,1785153456460758000,121932490,121652369,-136.121,0.000,0.000,1.000,2.000,1.000,0.000,11.000,0,0,0
B3_zmq_pushpull,zmq_tcp,none,none,,1,20001,512,584,1785153456461570000,1785153456461570000,1785153456461570000,1785153456461571000,1785153456461629000,1785153456461633000,1785153456461633000,1785153456461633000,121932490,121652369,-222.121,0.000,0.000,1.000,4.000,0.000,0.000,86.000,0,0,0
B3_zmq_pushpull,zmq_tcp,none,none,,1,20002,512,584,1785153456462478000,1785153456462478000,1785153456462478000,1785153456462479000,1785153456462641000,1785153456462644000,1785153456462644000,1785153456462644000,121932490,121652369,-118.121,0.000,0.000,1.000,3.000,0.000,0.000,104.000,0,0,0
B3_zmq_pushpull,zmq_tcp,none,none,,1,20003,512,584,1785153456463605000,1785153456463605000,1785153456463605000,1785153456463606000,1785153456463795000,1785153456463798000,1785153456463798000,1785153456463798000,121932490,121652369,-91.121,0.000,0.000,1.000,3.000,0.000,0.000,27.000,0,0,0
B3_zmq_pushpull,zmq_tcp,none,none,,1,20004,512,584,1785153456464494000,1785153456464494000,1785153456464494000,1785153456464495000,1785153456464653000,1785153456464656000,1785153456464656000,1785153456464656000,121932490,121652369,-122.121,0.000,0.000,1.000,3.000,0.000,0.000,31.000,0,0,0
B3_zmq_pushpull,zmq_tcp,none,none,,1,20005,512,584,1785153456465599000,1785153456465599000,1785153456465599000,1785153456465600000,1785153456465661000,1785153456465664000,1785153456465664000,1785153456465664000,121932490,121652369,-219.121,0.000,0.000,1.000,3.000,0.000,0.000,97.000,0,0,0
B3_zmq_pushpull,zmq_tcp,none,none,,1,20006,512,584,1785153456466498000,1785153456466499000,1785153456466499000,1785153456466500000,1785153456466643000,1785153456466645000,1785153456466645000,1785153456466645000,121932490,121652369,-137.121,1.000,0.000,1.000,2.000,0.000,0.000,82.000,0,0,0
B3_zmq_pushpull,zmq_tcp,none,none,,1,20007,512,584,1785153456467599000,1785153456467599000,1785153456467599000,1785153456467600000,1785153456467784000,1785153456467787000,1785153456467787000,1785153456467787000,121932490,121652369,-96.121,0.000,0.000,1.000,3.000,0.000,0.000,41.000,0,0,0
B3_zmq_pushpull,zmq_tcp,none,none,,1,20008,512,584,1785153456468492000,1785153456468492000,1785153456468492000,1785153456468493000,1785153456468641000,1785153456468645000,1785153456468645000,1785153456468645000,121932490,121652369,-132.121,0.000,0.000,1.000,4.000,0.000,0.000,36.000,0,0,0
B3_zmq_pushpull,zmq_tcp,none,none,,1,20009,512,584,1785153456469476000,1785153456469476000,1785153456469476000,1785153456469477000,1785153456469624000,1785153456469627000,1785153456469627000,1785153456469627000,121932490,121652369,-133.121,0.000,0.000,1.000,3.000,0.000,0.000,1.000,0,0,0
B3_zmq_pushpull,zmq_tcp,none,none,,1,20010,512,584,1785153456470607000,1785153456470607000,1785153456470607000,1785153456470608000,1785153456470765000,1785153456470768000,1785153456470768000,1785153456470768000,121932490,121652369,-123.121,0.000,0.000,1.000,3.000,0.000,0.000,10.000,0,0,0
B3_zmq_pushpull,zmq_tcp,none,none,,1,20011,512,584,1785153456471569000,1785153456471569000,1785153456471569000,1785153456471570000,1785153456471639000,1785153456471642000,1785153456471642000,1785153456471642000,121932490,121652369,-211.121,0.000,0.000,1.000,3.000,0.000,0.000,88.000,0,0,0
B3_zmq_pushpull,zmq_tcp,none,none,,1,20012,512,584,1785153456472583000,1785153456472583000,1785153456472583000,1785153456472584000,1785153456472769000,1785153456472772000,1785153456472772000,1785153456472773000,121932490,121652369,-95.121,0.000,0.000,1.000,3.000,0.000,1.000,116.000,0,0,0
B3_zmq_pushpull,zmq_tcp,none,none,,1,20013,512,584,1785153456473472000,1785153456473472000,1785153456473472000,1785153456473473000,1785153456473632000,1785153456473635000,1785153456473635000,1785153456473635000,121932490,121652369,-121.121,0.000,0.000,1.000,3.000,0.000,0.000,26.000,0,0,0
B3_zmq_pushpull,zmq_tcp,none,none,,1,20014,512,584,1785153456474607000,1785153456474607000,1785153456474607000,1785153456474608000,1785153456474780000,1785153456474783000,1785153456474783000,1785153456474783000,121932490,121652369,-108.121,0.000,0.000,1.000,3.000,0.000,0.000,13.000,0,0,0
B3_zmq_pushpull,zmq_tcp,none,none,,1,20015,512,584,1785153456475573000,1785153456475573000,1785153456475573000,1785153456475574000,1785153456475756000,1785153456475759000,1785153456475759000,1785153456475759000,121932490,121652369,-98.121,0.000,0.000,1.000,3.000,0.000,0.000,10.000,0,0,0
B3_zmq_pushpull,zmq_tcp,none,none,,1,20016,512,584,1785153456476465000,1785153456476465000,1785153456476465000,1785153456476466000,1785153456476623000,1785153456476626000,1785153456476626000,1785153456476626000,121932490,121652369,-123.121,0.000,0.000,1.000,3.000,0.000,0.000,25.000,0,0,0
B3_zmq_pushpull,zmq_tcp,none,none,,1,20017,512,584,1785153456477610000,1785153456477610000,1785153456477610000,1785153456477611000,1785153456477773000,1785153456477777000,1785153456477777000,1785153456477777000,121932490,121652369,-118.121,0.000,0.000,1.000,4.000,0.000,0.000,5.000,0,0,0
B3_zmq_pushpull,zmq_tcp,none,none,,1,20018,512,584,1785153456478573000,1785153456478573000,1785153456478573000,1785153456478574000,1785153456478643000,1785153456478646000,1785153456478646000,1785153456478646000,121932490,121652369,-211.121,0.000,0.000,1.000,3.000,0.000,0.000,93.000,0,0,0
B3_zmq_pushpull,zmq_tcp,none,none,,1,20019,512,584,1785153456479581000,1785153456479581000,1785153456479581000,1785153456479582000,1785153456479628000,1785153456479631000,1785153456479631000,1785153456479631000,121932490,121652369,-234.121,0.000,0.000,1.000,3.000,0.000,0.000,23.000,0,0,0
B3_zmq_pushpull,zmq_tcp,none,none,,1,20020,512,584,1785153456480579000,1785153456480580000,1785153456480580000,1785153456480581000,1785153456480627000,1785153456480630000,1785153456480630000,1785153456480630000,121932490,121652369,-234.121,1.000,0.000,1.000,3.000,0.000,0.000,0.000,0,0,0
B3_zmq_pushpull,zmq_tcp,none,none,,1,20021,512,584,1785153456481579000,1785153456481579000,1785153456481580000,1785153456481580000,1785153456481640000,1785153456481644000,1785153456481644000,1785153456481644000,121932490,121652369,-220.121,0.000,1.000,0.000,4.000,0.000,0.000,14.000,0,0,0
B3_zmq_pushpull,zmq_tcp,none,none,,1,20022,512,584,1785153456482487000,1785153456482487000,1785153456482487000,1785153456482488000,1785153456482636000,1785153456482639000,1785153456482639000,1785153456482639000,121932490,121652369,-132.121,0.000,0.000,1.000,3.000,0.000,0.000,88.000,0,0,0
B3_zmq_pushpull,zmq_tcp,none,none,,1,20023,512,584,1785153456483601000,1785153456483601000,1785153456483601000,1785153456483602000,1785153456483748000,1785153456483751000,1785153456483751000,1785153456483751000,121932490,121652369,-134.121,0.000,0.000,1.000,3.000,0.000,0.000,2.000,0,0,0
B3_zmq_pushpull,zmq_tcp,none,none,,1,20024,512,584,1785153456484576000,1785153456484576000,1785153456484576000,1785153456484577000,1785153456484622000,1785153456484625000,1785153456484625000,1785153456484625000,121932490,121652369,-235.121,0.000,0.000,1.000,3.000,0.000,0.000,101.000,0,0,0
B3_zmq_pushpull,zmq_tcp,none,none,,1,20025,512,584,1785153456485463000,1785153456485463000,1785153456485463000,1785153456485464000,1785153456485613000,1785153456485616000,1785153456485616000,1785153456485616000,121932490,121652369,-131.121,0.000,0.000,1.000,3.000,0.000,0.000,104.000,0,0,0
B3_zmq_pushpull,zmq_tcp,none,none,,1,20026,512,584,1785153456486605000,1785153456486605000,1785153456486605000,1785153456486606000,1785153456486747000,1785153456486750000,1785153456486750000,1785153456486750000,121932490,121652369,-139.121,0.000,0.000,1.000,3.000,0.000,0.000,8.000,0,0,0
B3_zmq_pushpull,zmq_tcp,none,none,,1,20027,512,584,1785153456487573000,1785153456487573000,1785153456487573000,1785153456487574000,1785153456487745000,1785153456487748000,1785153456487748000,1785153456487748000,121932490,121652369,-109.121,0.000,0.000,1.000,3.000,0.000,0.000,30.000,0,0,0
B3_zmq_pushpull,zmq_tcp,none,none,,1,20028,512,584,1785153456488440000,1785153456488440000,1785153456488440000,1785153456488441000,1785153456488595000,1785153456488597000,1785153456488597000,1785153456488597000,121932490,121652369,-126.121,0.000,0.000,1.000,2.000,0.000,0.000,17.000,0,0,0
B3_zmq_pushpull,zmq_tcp,none,none,,1,20029,512,584,1785153456489614000,1785153456489614000,1785153456489614000,1785153456489615000,1785153456489737000,1785153456489740000,1785153456489740000,1785153456489740000,121932490,121652369,-158.121,0.000,0.000,1.000,3.000,0.000,0.000,32.000,0,0,0
B3_zmq_pushpull,zmq_tcp,none,none,,1,20030,512,584,1785153456490570000,1785153456490571000,1785153456490571000,1785153456490572000,1785153456490743000,1785153456490745000,1785153456490746000,1785153456490746000,121932490,121652369,-109.121,1.000,0.000,1.000,2.000,1.000,0.000,49.000,0,0,0
B3_zmq_pushpull,zmq_tcp,none,none,,1,20031,512,584,1785153456491582000,1785153456491582000,1785153456491582000,1785153456491583000,1785153456491748000,1785153456491751000,1785153456491751000,1785153456491751000,121932490,121652369,-115.121,0.000,0.000,1.000,3.000,0.000,0.000,6.000,0,0,0
B3_zmq_pushpull,zmq_tcp,none,none,,1,20032,512,584,1785153456492584000,1785153456492584000,1785153456492585000,1785153456492585000,1785153456492747000,1785153456492750000,1785153456492751000,1785153456492751000,121932490,121652369,-118.121,0.000,1.000,0.000,3.000,1.000,0.000,3.000,0,0,0
B3_zmq_pushpull,zmq_tcp,none,none,,1,20033,512,584,1785153456493445000,1785153456493445000,1785153456493445000,1785153456493446000,1785153456493602000,1785153456493604000,1785153456493604000,1785153456493604000,121932490,121652369,-124.121,0.000,0.000,1.000,2.000,0.000,0.000,6.000,0,0,0
B3_zmq_pushpull,zmq_tcp,none,none,,1,20034,512,584,1785153456494610000,1785153456494610000,1785153456494610000,1785153456494611000,1785153456494737000,1785153456494740000,1785153456494740000,1785153456494740000,121932490,121652369,-154.121,0.000,0.000,1.000,3.000,0.000,0.000,30.000,0,0,0
B3_zmq_pushpull,zmq_tcp,none,none,,1,20035,512,584,1785153456495571000,1785153456495572000,1785153456495572000,1785153456495573000,1785153456495746000,1785153456495749000,1785153456495749000,1785153456495749000,121932490,121652369,-107.121,1.000,0.000,1.000,3.000,0.000,0.000,47.000,0,0,0
B3_zmq_pushpull,zmq_tcp,none,none,,1,20036,512,584,1785153456496583000,1785153456496583000,1785153456496583000,1785153456496584000,1785153456496748000,1785153456496751000,1785153456496751000,1785153456496751000,121932490,121652369,-116.121,0.000,0.000,1.000,3.000,0.000,0.000,9.000,0,0,0
B3_zmq_pushpull,zmq_tcp,none,none,,1,20037,512,584,1785153456497452000,1785153456497452000,1785153456497452000,1785153456497453000,1785153456497611000,1785153456497614000,1785153456497614000,1785153456497614000,121932490,121652369,-122.121,0.000,0.000,1.000,3.000,0.000,0.000,6.000,0,0,0
B3_zmq_pushpull,zmq_tcp,none,none,,1,20038,512,584,1785153456498473000,1785153456498473000,1785153456498473000,1785153456498474000,1785153456498620000,1785153456498623000,1785153456498623000,1785153456498623000,121932490,121652369,-134.121,0.000,0.000,1.000,3.000,0.000,0.000,12.000,0,0,0
B3_zmq_pushpull,zmq_tcp,none,none,,1,20039,512,584,1785153456499606000,1785153456499606000,1785153456499606000,1785153456499607000,1785153456499745000,1785153456499748000,1785153456499748000,1785153456499748000,121932490,121652369,-142.121,0.000,0.000,1.000,3.000,0.000,0.000,8.000,0,0,0
B3_zmq_pushpull,zmq_tcp,none,none,,1,20040,512,584,1785153456500572000,1785153456500572000,1785153456500572000,1785153456500573000,1785153456500620000,1785153456500624000,1785153456500624000,1785153456500624000,121932490,121652369,-233.121,0.000,0.000,1.000,4.000,0.000,0.000,91.000,0,0,0
B3_zmq_pushpull,zmq_tcp,none,none,,1,20041,512,584,1785153456501582000,1785153456501582000,1785153456501582000,1785153456501583000,1785153456501735000,1785153456501738000,1785153456501738000,1785153456501738000,121932490,121652369,-128.121,0.000,0.000,1.000,3.000,0.000,0.000,105.000,0,0,0
B3_zmq_pushpull,zmq_tcp,none,none,,1,20042,512,584,1785153456502579000,1785153456502579000,1785153456502579000,1785153456502580000,1785153456502732000,1785153456502735000,1785153456502735000,1785153456502735000,121932490,121652369,-128.121,0.000,0.000,1.000,3.000,0.000,0.000,0.000,0,0,0
B3_zmq_pushpull,zmq_tcp,none,none,,1,20043,512,584,1785153456503579000,1785153456503580000,1785153456503580000,1785153456503581000,1785153456503762000,1785153456503764000,1785153456503764000,1785153456503764000,121932490,121652369,-99.121,1.000,0.000,1.000,2.000,0.000,0.000,29.000,0,0,0
B3_zmq_pushpull,zmq_tcp,none,none,,1,20044,512,584,1785153456504582000,1785153456504582000,1785153456504582000,1785153456504583000,1785153456504779000,1785153456504782000,1785153456504782000,1785153456504782000,121932490,121652369,-84.121,0.000,0.000,1.000,3.000,0.000,0.000,15.000,0,0,0
B3_zmq_pushpull,zmq_tcp,none,none,,1,20045,512,584,1785153456505490000,1785153456505490000,1785153456505490000,1785153456505491000,1785153456505650000,1785153456505652000,1785153456505652000,1785153456505652000,121932490,121652369,-121.121,0.000,0.000,1.000,2.000,0.000,0.000,37.000,0,0,0
B3_zmq_pushpull,zmq_tcp,none,none,,1,20046,512,584,1785153456506603000,1785153456506603000,1785153456506603000,1785153456506604000,1785153456506802000,1785153456506804000,1785153456506804000,1785153456506804000,121932490,121652369,-82.121,0.000,0.000,1.000,2.000,0.000,0.000,39.000,0,0,0
B3_zmq_pushpull,zmq_tcp,none,none,,1,20047,512,584,1785153456507570000,1785153456507570000,1785153456507570000,1785153456507571000,1785153456507672000,1785153456507675000,1785153456507675000,1785153456507675000,121932490,121652369,-179.121,0.000,0.000,1.000,3.000,0.000,0.000,97.000,0,0,0
B3_zmq_pushpull,zmq_tcp,none,none,,1,20048,512,584,1785153456508583000,1785153456508583000,1785153456508583000,1785153456508584000,1785153456508679000,1785153456508682000,1785153456508682000,1785153456508682000,121932490,121652369,-185.121,0.000,0.000,1.000,3.000,0.000,0.000,6.000,0,0,0
B3_zmq_pushpull,zmq_tcp,none,none,,1,20049,512,584,1785153456509580000,1785153456509580000,1785153456509580000,1785153456509581000,1785153456509683000,1785153456509686000,1785153456509686000,1785153456509686000,121932490,121652369,-178.121,0.000,0.000,1.000,3.000,0.000,0.000,7.000,0,0,0
B3_zmq_pushpull,zmq_tcp,none,none,,1,20050,512,584,1785153456510579000,1785153456510579000,1785153456510579000,1785153456510580000,1785153456510711000,1785153456510714000,1785153456510714000,1785153456510714000,121932490,121652369,-149.121,0.000,0.000,1.000,3.000,0.000,0.000,29.000,0,0,0
B3_zmq_pushpull,zmq_tcp,none,none,,1,20051,512,584,1785153456511577000,1785153456511577000,1785153456511577000,1785153456511578000,1785153456511714000,1785153456511716000,1785153456511716000,1785153456511716000,121932490,121652369,-144.121,0.000,0.000,1.000,2.000,0.000,0.000,5.000,0,0,0
B3_zmq_pushpull,zmq_tcp,none,none,,1,20052,512,584,1785153456512581000,1785153456512581000,1785153456512581000,1785153456512582000,1785153456512724000,1785153456512733000,1785153456512733000,1785153456512733000,121932490,121652369,-138.121,0.000,0.000,1.000,9.000,0.000,0.000,6.000,0,0,0
B3_zmq_pushpull,zmq_tcp,none,none,,1,20053,512,584,1785153456513582000,1785153456513582000,1785153456513582000,1785153456513583000,1785153456513739000,1785153456513742000,1785153456513742000,1785153456513742000,121932490,121652369,-124.121,0.000,0.000,1.000,3.000,0.000,0.000,14.000,0,0,0
B3_zmq_pushpull,zmq_tcp,none,none,,1,20054,512,584,1785153456514577000,1785153456514577000,1785153456514577000,1785153456514578000,1785153456514737000,1785153456514740000,1785153456514740000,1785153456514740000,121932490,121652369,-121.121,0.000,0.000,1.000,3.000,0.000,0.000,3.000,0,0,0
B3_zmq_pushpull,zmq_tcp,none,none,,1,20055,512,584,1785153456515436000,1785153456515436000,1785153456515436000,1785153456515437000,1785153456515596000,1785153456515599000,1785153456515599000,1785153456515599000,121932490,121652369,-121.121,0.000,0.000,1.000,3.000,0.000,0.000,0.000,0,0,0
B3_zmq_pushpull,zmq_tcp,none,none,,1,20056,512,584,1785153456516616000,1785153456516616000,1785153456516616000,1785153456516617000,1785153456516728000,1785153456516731000,1785153456516732000,1785153456516732000,121932490,121652369,-169.121,0.000,0.000,1.000,3.000,1.000,0.000,48.000,0,0,0
B3_zmq_pushpull,zmq_tcp,none,none,,1,20057,512,584,1785153456517430000,1785153456517430000,1785153456517430000,1785153456517431000,1785153456517578000,1785153456517581000,1785153456517581000,1785153456517581000,121932490,121652369,-133.121,0.000,0.000,1.000,3.000,0.000,0.000,36.000,0,0,0
B3_zmq_pushpull,zmq_tcp,none,none,,1,20058,512,584,1785153456518618000,1785153456518618000,1785153456518618000,1785153456518619000,1785153456518731000,1785153456518734000,1785153456518734000,1785153456518734000,121932490,121652369,-168.121,0.000,0.000,1.000,3.000,0.000,0.000,35.000,0,0,0
B3_zmq_pushpull,zmq_tcp,none,none,,1,20059,512,584,1785153456519575000,1785153456519575000,1785153456519575000,1785153456519576000,1785153456519736000,1785153456519739000,1785153456519739000,1785153456519739000,121932490,121652369,-120.121,0.000,0.000,1.000,3.000,0.000,0.000,48.000,0,0,0
B3_zmq_pushpull,zmq_tcp,none,none,,1,20060,512,584,1785153456520580000,1785153456520580000,1785153456520580000,1785153456520581000,1785153456520721000,1785153456520724000,1785153456520724000,1785153456520724000,121932490,121652369,-140.121,0.000,0.000,1.000,3.000,0.000,0.000,20.000,0,0,0
B3_zmq_pushpull,zmq_tcp,none,none,,1,20061,512,584,1785153456521576000,1785153456521576000,1785153456521576000,1785153456521577000,1785153456521711000,1785153456521714000,1785153456521714000,1785153456521714000,121932490,121652369,-146.121,0.000,0.000,1.000,3.000,0.000,0.000,6.000,0,0,0
B3_zmq_pushpull,zmq_tcp,none,none,,1,20062,512,584,1785153456522579000,1785153456522580000,1785153456522580000,1785153456522581000,1785153456522683000,1785153456522686000,1785153456522686000,1785153456522686000,121932490,121652369,-178.121,1.000,0.000,1.000,3.000,0.000,0.000,32.000,0,0,0
B3_zmq_pushpull,zmq_tcp,none,none,,1,20063,512,584,1785153456523579000,1785153456523579000,1785153456523579000,1785153456523580000,1785153456523668000,1785153456523671000,1785153456523672000,1785153456523672000,121932490,121652369,-192.121,0.000,0.000,1.000,3.000,1.000,0.000,14.000,0,0,0
B3_zmq_pushpull,zmq_tcp,none,none,,1,20064,512,584,1785153456524580000,1785153456524580000,1785153456524580000,1785153456524581000,1785153456524763000,1785153456524766000,1785153456524766000,1785153456524766000,121932490,121652369,-98.121,0.000,0.000,1.000,3.000,0.000,0.000,94.000,0,0,0
B3_zmq_pushpull,zmq_tcp,none,none,,1,20065,512,584,1785153456525577000,1785153456525577000,1785153456525577000,1785153456525578000,1785153456525747000,1785153456525751000,1785153456525751000,1785153456525751000,121932490,121652369,-111.121,0.000,0.000,1.000,4.000,0.000,0.000,13.000,0,0,0
B3_zmq_pushpull,zmq_tcp,none,none,,1,20066,512,584,1785153456526580000,1785153456526580000,1785153456526580000,1785153456526581000,1785153456526708000,1785153456526710000,1785153456526710000,1785153456526710000,121932490,121652369,-153.121,0.000,0.000,1.000,2.000,0.000,0.000,42.000,0,0,0
B3_zmq_pushpull,zmq_tcp,none,none,,1,20067,512,584,1785153456527578000,1785153456527578000,1785153456527578000,1785153456527579000,1785153456527688000,1785153456527690000,1785153456527690000,1785153456527690000,121932490,121652369,-171.121,0.000,0.000,1.000,2.000,0.000,0.000,18.000,0,0,0
B3_zmq_pushpull,zmq_tcp,none,none,,1,20068,512,584,1785153456528578000,1785153456528578000,1785153456528578000,1785153456528579000,1785153456528665000,1785153456528667000,1785153456528667000,1785153456528667000,121932490,121652369,-194.121,0.000,0.000,1.000,2.000,0.000,0.000,23.000,0,0,0
B3_zmq_pushpull,zmq_tcp,none,none,,1,20069,512,584,1785153456529578000,1785153456529578000,1785153456529578000,1785153456529579000,1785153456529649000,1785153456529652000,1785153456529652000,1785153456529652000,121932490,121652369,-210.121,0.000,0.000,1.000,3.000,0.000,0.000,16.000,0,0,0
B3_zmq_pushpull,zmq_tcp,none,none,,1,20070,512,584,1785153456530578000,1785153456530578000,1785153456530578000,1785153456530579000,1785153456530630000,1785153456530633000,1785153456530633000,1785153456530633000,121932490,121652369,-229.121,0.000,0.000,1.000,3.000,0.000,0.000,19.000,0,0,0
B3_zmq_pushpull,zmq_tcp,none,none,,1,20071,512,584,1785153456531580000,1785153456531580000,1785153456531580000,1785153456531581000,1785153456531757000,1785153456531759000,1785153456531759000,1785153456531759000,121932490,121652369,-104.121,0.000,0.000,1.000,2.000,0.000,0.000,125.000,0,0,0
B3_zmq_pushpull,zmq_tcp,none,none,,1,20072,512,584,1785153456532579000,1785153456532580000,1785153456532580000,1785153456532581000,1785153456532747000,1785153456532750000,1785153456532750000,1785153456532750000,121932490,121652369,-114.121,1.000,0.000,1.000,3.000,0.000,0.000,10.000,0,0,0
B3_zmq_pushpull,zmq_tcp,none,none,,1,20073,512,584,1785153456533433000,1785153456533433000,1785153456533433000,1785153456533434000,1785153456533595000,1785153456533598000,1785153456533598000,1785153456533598000,121932490,121652369,-119.121,0.000,0.000,1.000,3.000,0.000,0.000,5.000,0,0,0
B3_zmq_pushpull,zmq_tcp,none,none,,1,20074,512,584,1785153456534617000,1785153456534617000,1785153456534617000,1785153456534618000,1785153456534725000,1785153456534728000,1785153456534728000,1785153456534728000,121932490,121652369,-173.121,0.000,0.000,1.000,3.000,0.000,0.000,54.000,0,0,0
B3_zmq_pushpull,zmq_tcp,none,none,,1,20075,512,584,1785153456535424000,1785153456535424000,1785153456535424000,1785153456535425000,1785153456535587000,1785153456535590000,1785153456535590000,1785153456535590000,121932490,121652369,-118.121,0.000,0.000,1.000,3.000,0.000,0.000,55.000,0,0,0
B3_zmq_pushpull,zmq_tcp,none,none,,1,20076,512,584,1785153456536619000,1785153456536619000,1785153456536619000,1785153456536620000,1785153456536713000,1785153456536716000,1785153456536716000,1785153456536716000,121932490,121652369,-187.121,0.000,0.000,1.000,3.000,0.000,0.000,69.000,0,0,0
B3_zmq_pushpull,zmq_tcp,none,none,,1,20077,512,584,1785153456537570000,1785153456537570000,1785153456537570000,1785153456537571000,1785153456537706000,1785153456537709000,1785153456537709000,1785153456537709000,121932490,121652369,-145.121,0.000,0.000,1.000,3.000,0.000,0.000,42.000,0,0,0
B3_zmq_pushpull,zmq_tcp,none,none,,1,20078,512,584,1785153456538582000,1785153456538582000,1785153456538582000,1785153456538583000,1785153456538687000,1785153456538690000,1785153456538690000,1785153456538690000,121932490,121652369,-176.121,0.000,0.000,1.000,3.000,0.000,0.000,31.000,0,0,0
B3_zmq_pushpull,zmq_tcp,none,none,,1,20079,512,584,1785153456539394000,1785153456539394000,1785153456539394000,1785153456539395000,1785153456539543000,1785153456539546000,1785153456539546000,1785153456539546000,121932490,121652369,-132.121,0.000,0.000,1.000,3.000,0.000,0.000,44.000,0,0,0
B3_zmq_pushpull,zmq_tcp,none,none,,1,20080,512,584,1785153456540399000,1785153456540399000,1785153456540399000,1785153456540400000,1785153456540559000,1785153456540562000,1785153456540562000,1785153456540562000,121932490,121652369,-121.121,0.000,0.000,1.000,3.000,0.000,0.000,11.000,0,0,0
B3_zmq_pushpull,zmq_tcp,none,none,,1,20081,512,584,1785153456541625000,1785153456541625000,1785153456541625000,1785153456541626000,1785153456541688000,1785153456541691000,1785153456541691000,1785153456541691000,121932490,121652369,-218.121,0.000,0.000,1.000,3.000,0.000,0.000,97.000,0,0,0
B3_zmq_pushpull,zmq_tcp,none,none,,1,20082,512,584,1785153456542565000,1785153456542565000,1785153456542565000,1785153456542566000,1785153456542668000,1785153456542671000,1785153456542671000,1785153456542671000,121932490,121652369,-178.121,0.000,0.000,1.000,3.000,0.000,0.000,40.000,0,0,0
B3_zmq_pushpull,zmq_tcp,none,none,,1,20083,512,584,1785153456543527000,1785153456543527000,1785153456543527000,1785153456543529000,1785153456543660000,1785153456543663000,1785153456543663000,1785153456543663000,121932490,121652369,-149.121,0.000,0.000,2.000,3.000,0.000,0.000,29.000,0,0,0
B3_zmq_pushpull,zmq_tcp,none,none,,1,20084,512,584,1785153456544498000,1785153456544498000,1785153456544498000,1785153456544499000,1785153456544645000,1785153456544649000,1785153456544649000,1785153456544649000,121932490,121652369,-134.121,0.000,0.000,1.000,4.000,0.000,0.000,15.000,0,0,0
B3_zmq_pushpull,zmq_tcp,none,none,,1,20085,512,584,1785153456545602000,1785153456545602000,1785153456545602000,1785153456545603000,1785153456545800000,1785153456545803000,1785153456545803000,1785153456545803000,121932490,121652369,-83.121,0.000,0.000,1.000,3.000,0.000,0.000,51.000,0,0,0
B3_zmq_pushpull,zmq_tcp,none,none,,1,20086,512,584,1785153456546570000,1785153456546570000,1785153456546570000,1785153456546571000,1785153456546670000,1785153456546672000,1785153456546672000,1785153456546672000,121932490,121652369,-181.121,0.000,0.000,1.000,2.000,0.000,0.000,98.000,0,0,0
B3_zmq_pushpull,zmq_tcp,none,none,,1,20087,512,584,1785153456547585000,1785153456547585000,1785153456547585000,1785153456547586000,1785153456547666000,1785153456547669000,1785153456547669000,1785153456547669000,121932490,121652369,-200.121,0.000,0.000,1.000,3.000,0.000,0.000,19.000,0,0,0
B3_zmq_pushpull,zmq_tcp,none,none,,1,20088,512,584,1785153456548578000,1785153456548578000,1785153456548579000,1785153456548579000,1785153456548660000,1785153456548664000,1785153456548664000,1785153456548664000,121932490,121652369,-199.121,0.000,1.000,0.000,4.000,0.000,0.000,1.000,0,0,0
B3_zmq_pushpull,zmq_tcp,none,none,,1,20089,512,584,1785153456549382000,1785153456549382000,1785153456549383000,1785153456549383000,1785153456549516000,1785153456549519000,1785153456549519000,1785153456549519000,121932490,121652369,-147.121,0.000,1.000,0.000,3.000,0.000,0.000,52.000,0,0,0
B3_zmq_pushpull,zmq_tcp,none,none,,1,20090,512,584,1785153456550502000,1785153456550502000,1785153456550502000,1785153456550503000,1785153456550656000,1785153456550659000,1785153456550659000,1785153456550659000,121932490,121652369,-127.121,0.000,0.000,1.000,3.000,0.000,0.000,20.000,0,0,0
B3_zmq_pushpull,zmq_tcp,none,none,,1,20091,512,584,1785153456551492000,1785153456551492000,1785153456551492000,1785153456551493000,1785153456551638000,1785153456551641000,1785153456551641000,1785153456551641000,121932490,121652369,-135.121,0.000,0.000,1.000,3.000,0.000,0.000,8.000,0,0,0
B3_zmq_pushpull,zmq_tcp,none,none,,1,20092,512,584,1785153456552568000,1785153456552568000,1785153456552569000,1785153456552569000,1785153456552641000,1785153456552644000,1785153456552644000,1785153456552644000,121932490,121652369,-208.121,0.000,1.000,0.000,3.000,0.000,0.000,73.000,0,0,0
B3_zmq_pushpull,zmq_tcp,none,none,,1,20093,512,584,1785153456553477000,1785153456553477000,1785153456553477000,1785153456553478000,1785153456553635000,1785153456553638000,1785153456553638000,1785153456553638000,121932490,121652369,-123.121,0.000,0.000,1.000,3.000,0.000,0.000,85.000,0,0,0
B3_zmq_pushpull,zmq_tcp,none,none,,1,20094,512,584,1785153456554606000,1785153456554606000,1785153456554606000,1785153456554607000,1785153456554786000,1785153456554788000,1785153456554788000,1785153456554788000,121932490,121652369,-101.121,0.000,0.000,1.000,2.000,0.000,0.000,22.000,0,0,0
B3_zmq_pushpull,zmq_tcp,none,none,,1,20095,512,584,1785153456555492000,1785153456555492000,1785153456555492000,1785153456555493000,1785153456555639000,1785153456555646000,1785153456555646000,1785153456555646000,121932490,121652369,-134.121,0.000,0.000,1.000,7.000,0.000,0.000,33.000,0,0,0
B3_zmq_pushpull,zmq_tcp,none,none,,1,20096,512,584,1785153456556477000,1785153456556477000,1785153456556477000,1785153456556478000,1785153456556631000,1785153456556634000,1785153456556634000,1785153456556634000,121932490,121652369,-127.121,0.000,0.000,1.000,3.000,0.000,0.000,7.000,0,0,0
B3_zmq_pushpull,zmq_tcp,none,none,,1,20097,512,584,1785153456557604000,1785153456557604000,1785153456557604000,1785153456557605000,1785153456557773000,1785153456557775000,1785153456557775000,1785153456557775000,121932490,121652369,-112.121,0.000,0.000,1.000,2.000,0.000,0.000,15.000,0,0,0
B3_zmq_pushpull,zmq_tcp,none,none,,1,20098,512,584,1785153456558576000,1785153456558577000,1785153456558577000,1785153456558578000,1785153456558646000,1785153456558649000,1785153456558649000,1785153456558649000,121932490,121652369,-212.121,1.000,0.000,1.000,3.000,0.000,0.000,100.000,0,0,0
B3_zmq_pushpull,zmq_tcp,none,none,,1,20099,512,584,1785153456559584000,1785153456559584000,1785153456559584000,1785153456559585000,1785153456559652000,1785153456559655000,1785153456559655000,1785153456559655000,121932490,121652369,-213.121,0.000,0.000,1.000,3.000,0.000,0.000,1.000,0,0,0
B3_zmq_pushpull,zmq_tcp,none,none,,1,20100,512,584,1785153456560577000,1785153456560577000,1785153456560577000,1785153456560578000,1785153456560653000,1785153456560656000,1785153456560656000,1785153456560656000,121932490,121652369,-205.121,0.000,0.000,1.000,3.000,0.000,0.000,8.000,0,0,0
B3_zmq_pushpull,zmq_tcp,none,none,,1,20101,512,584,1785153456561584000,1785153456561584000,1785153456561584000,1785153456561585000,1785153456561660000,1785153456561663000,1785153456561663000,1785153456561663000,121932490,121652369,-205.121,0.000,0.000,1.000,3.000,0.000,0.000,0.000,0,0,0
B3_zmq_pushpull,zmq_tcp,none,none,,1,20102,512,584,1785153456562579000,1785153456562579000,1785153456562579000,1785153456562580000,1785153456562661000,1785153456562664000,1785153456562664000,1785153456562664000,121932490,121652369,-199.121,0.000,0.000,1.000,3.000,0.000,0.000,6.000,0,0,0
B3_zmq_pushpull,zmq_tcp,none,none,,1,20103,512,584,1785153456563580000,1785153456563580000,1785153456563580000,1785153456563581000,1785153456563651000,1785153456563654000,1785153456563654000,1785153456563654000,121932490,121652369,-210.121,0.000,0.000,1.000,3.000,0.000,0.000,11.000,0,0,0
B3_zmq_pushpull,zmq_tcp,none,none,,1,20104,512,584,1785153456564577000,1785153456564578000,1785153456564578000,1785153456564579000,1785153456564623000,1785153456564627000,1785153456564627000,1785153456564627000,121932490,121652369,-236.121,1.000,0.000,1.000,4.000,0.000,0.000,26.000,0,0,0
B3_zmq_pushpull,zmq_tcp,none,none,,1,20105,512,584,1785153456565583000,1785153456565583000,1785153456565583000,1785153456565584000,1785153456565632000,1785153456565636000,1785153456565636000,1785153456565636000,121932490,121652369,-232.121,0.000,0.000,1.000,4.000,0.000,0.000,4.000,0,0,0
B3_zmq_pushpull,zmq_tcp,none,none,,1,20106,512,584,1785153456566580000,1785153456566580000,1785153456566580000,1785153456566581000,1785153456566770000,1785153456566773000,1785153456566773000,1785153456566773000,121932490,121652369,-91.121,0.000,0.000,1.000,3.000,0.000,0.000,141.000,0,0,0
B3_zmq_pushpull,zmq_tcp,none,none,,1,20107,512,584,1785153456567580000,1785153456567581000,1785153456567581000,1785153456567582000,1785153456567775000,1785153456567778000,1785153456567778000,1785153456567778000,121932490,121652369,-87.121,1.000,0.000,1.000,3.000,0.000,0.000,4.000,0,0,0
B3_zmq_pushpull,zmq_tcp,none,none,,1,20108,512,584,1785153456568580000,1785153456568580000,1785153456568581000,1785153456568581000,1785153456568646000,1785153456568649000,1785153456568649000,1785153456568649000,121932490,121652369,-215.121,0.000,1.000,0.000,3.000,0.000,0.000,128.000,0,0,0
B3_zmq_pushpull,zmq_tcp,none,none,,1,20109,512,584,1785153456569585000,1785153456569585000,1785153456569585000,1785153456569586000,1785153456569661000,1785153456569665000,1785153456569665000,1785153456569665000,121932490,121652369,-205.121,0.000,0.000,1.000,4.000,0.000,0.000,10.000,0,0,0
B3_zmq_pushpull,zmq_tcp,none,none,,1,20110,512,584,1785153456570578000,1785153456570578000,1785153456570578000,1785153456570579000,1785153456570662000,1785153456570665000,1785153456570665000,1785153456570665000,121932490,121652369,-197.121,0.000,0.000,1.000,3.000,0.000,0.000,8.000,0,0,0
B3_zmq_pushpull,zmq_tcp,none,none,,1,20111,512,584,1785153456571580000,1785153456571580000,1785153456571580000,1785153456571581000,1785153456571653000,1785153456571655000,1785153456571655000,1785153456571655000,121932490,121652369,-208.121,0.000,0.000,1.000,2.000,0.000,0.000,11.000,0,0,0
B3_zmq_pushpull,zmq_tcp,none,none,,1,20112,512,584,1785153456572577000,1785153456572577000,1785153456572578000,1785153456572579000,1785153456572661000,1785153456572663000,1785153456572663000,1785153456572663000,121932490,121652369,-198.121,0.000,1.000,1.000,2.000,0.000,0.000,10.000,0,0,0
B3_zmq_pushpull,zmq_tcp,none,none,,1,20113,512,584,1785153456573583000,1785153456573583000,1785153456573583000,1785153456573584000,1785153456573681000,1785153456573683000,1785153456573683000,1785153456573683000,121932490,121652369,-183.121,0.000,0.000,1.000,2.000,0.000,0.000,15.000,0,0,0
B3_zmq_pushpull,zmq_tcp,none,none,,1,20114,512,584,1785153456574580000,1785153456574580000,1785153456574580000,1785153456574581000,1785153456574678000,1785153456574681000,1785153456574681000,1785153456574681000,121932490,121652369,-183.121,0.000,0.000,1.000,3.000,0.000,0.000,0.000,0,0,0
B3_zmq_pushpull,zmq_tcp,none,none,,1,20115,512,584,1785153456575583000,1785153456575583000,1785153456575583000,1785153456575584000,1785153456575680000,1785153456575682000,1785153456575682000,1785153456575682000,121932490,121652369,-184.121,0.000,0.000,1.000,2.000,0.000,0.000,1.000,0,0,0
B3_zmq_pushpull,zmq_tcp,none,none,,1,20116,512,584,1785153456576579000,1785153456576579000,1785153456576579000,1785153456576580000,1785153456576677000,1785153456576680000,1785153456576680000,1785153456576680000,121932490,121652369,-183.121,0.000,0.000,1.000,3.000,0.000,0.000,1.000,0,0,0
B3_zmq_pushpull,zmq_tcp,none,none,,1,20117,512,584,1785153456577580000,1785153456577580000,1785153456577580000,1785153456577581000,1785153456577659000,1785153456577662000,1785153456577662000,1785153456577662000,121932490,121652369,-202.121,0.000,0.000,1.000,3.000,0.000,0.000,19.000,0,0,0
B3_zmq_pushpull,zmq_tcp,none,none,,1,20118,512,584,1785153456578580000,1785153456578580000,1785153456578580000,1785153456578581000,1785153456578657000,1785153456578659000,1785153456578659000,1785153456578659000,121932490,121652369,-204.121,0.000,0.000,1.000,2.000,0.000,0.000,2.000,0,0,0
B3_zmq_pushpull,zmq_tcp,none,none,,1,20119,512,584,1785153456579580000,1785153456579580000,1785153456579580000,1785153456579581000,1785153456579642000,1785153456579645000,1785153456579645000,1785153456579645000,121932490,121652369,-219.121,0.000,0.000,1.000,3.000,0.000,0.000,15.000,0,0,0
B3_zmq_pushpull,zmq_tcp,none,none,,1,20120,512,584,1785153456580577000,1785153456580577000,1785153456580577000,1785153456580578000,1785153456580642000,1785153456580645000,1785153456580645000,1785153456580645000,121932490,121652369,-216.121,0.000,0.000,1.000,3.000,0.000,0.000,3.000,0,0,0
B3_zmq_pushpull,zmq_tcp,none,none,,1,20121,512,584,1785153456581581000,1785153456581582000,1785153456581582000,1785153456581583000,1785153456581642000,1785153456581646000,1785153456581646000,1785153456581646000,121932490,121652369,-221.121,1.000,0.000,1.000,4.000,0.000,0.000,5.000,0,0,0
B3_zmq_pushpull,zmq_tcp,none,none,,1,20122,512,584,1785153456582497000,1785153456582497000,1785153456582497000,1785153456582498000,1785153456582653000,1785153456582655000,1785153456582656000,1785153456582656000,121932490,121652369,-125.121,0.000,0.000,1.000,2.000,1.000,0.000,96.000,0,0,0
B3_zmq_pushpull,zmq_tcp,none,none,,1,20123,512,584,1785153456583603000,1785153456583603000,1785153456583603000,1785153456583604000,1785153456583665000,1785153456583669000,1785153456583669000,1785153456583669000,121932490,121652369,-219.121,0.000,0.000,1.000,4.000,0.000,0.000,94.000,0,0,0
B3_zmq_pushpull,zmq_tcp,none,none,,1,20124,512,584,1785153456584573000,1785153456584573000,1785153456584573000,1785153456584574000,1785153456584666000,1785153456584669000,1785153456584669000,1785153456584669000,121932490,121652369,-188.121,0.000,0.000,1.000,3.000,0.000,0.000,31.000,0,0,0
B3_zmq_pushpull,zmq_tcp,none,none,,1,20125,512,584,1785153456585581000,1785153456585581000,1785153456585581000,1785153456585582000,1785153456585658000,1785153456585660000,1785153456585660000,1785153456585660000,121932490,121652369,-204.121,0.000,0.000,1.000,2.000,0.000,0.000,16.000,0,0,0
B3_zmq_pushpull,zmq_tcp,none,none,,1,20126,512,584,1785153456586580000,1785153456586580000,1785153456586580000,1785153456586581000,1785153456586663000,1785153456586666000,1785153456586666000,1785153456586666000,121932490,121652369,-198.121,0.000,0.000,1.000,3.000,0.000,0.000,6.000,0,0,0
B3_zmq_pushpull,zmq_tcp,none,none,,1,20127,512,584,1785153456587580000,1785153456587580000,1785153456587580000,1785153456587581000,1785153456587657000,1785153456587660000,1785153456587660000,1785153456587660000,121932490,121652369,-204.121,0.000,0.000,1.000,3.000,0.000,0.000,6.000,0,0,0
B3_zmq_pushpull,zmq_tcp,none,none,,1,20128,512,584,1785153456588579000,1785153456588579000,1785153456588579000,1785153456588580000,1785153456588668000,1785153456588671000,1785153456588671000,1785153456588671000,121932490,121652369,-192.121,0.000,0.000,1.000,3.000,0.000,0.000,12.000,0,0,0
B3_zmq_pushpull,zmq_tcp,none,none,,1,20129,512,584,1785153456589582000,1785153456589582000,1785153456589583000,1785153456589583000,1785153456589690000,1785153456589693000,1785153456589693000,1785153456589693000,121932490,121652369,-173.121,0.000,1.000,0.000,3.000,0.000,0.000,19.000,0,0,0
B3_zmq_pushpull,zmq_tcp,none,none,,1,20130,512,584,1785153456590579000,1785153456590579000,1785153456590579000,1785153456590581000,1785153456590690000,1785153456590693000,1785153456590693000,1785153456590693000,121932490,121652369,-171.121,0.000,0.000,2.000,3.000,0.000,0.000,2.000,0,0,0
B3_zmq_pushpull,zmq_tcp,none,none,,1,20131,512,584,1785153456591580000,1785153456591580000,1785153456591580000,1785153456591581000,1785153456591701000,1785153456591703000,1785153456591703000,1785153456591703000,121932490,121652369,-160.121,0.000,0.000,1.000,2.000,0.000,0.000,11.000,0,0,0
B3_zmq_pushpull,zmq_tcp,none,none,,1,20132,512,584,1785153456592423000,1785153456592424000,1785153456592424000,1785153456592425000,1785153456592566000,1785153456592569000,1785153456592569000,1785153456592569000,121932490,121652369,-139.121,1.000,0.000,1.000,3.000,0.000,0.000,21.000,0,0,0
B3_zmq_pushpull,zmq_tcp,none,none,,1,20133,512,584,1785153456593417000,1785153456593417000,1785153456593417000,1785153456593418000,1785153456593573000,1785153456593576000,1785153456593576000,1785153456593576000,121932490,121652369,-125.121,0.000,0.000,1.000,3.000,0.000,0.000,14.000,0,0,0
B3_zmq_pushpull,zmq_tcp,none,none,,1,20134,512,584,1785153456594622000,1785153456594622000,1785153456594622000,1785153456594623000,1785153456594735000,1785153456594738000,1785153456594738000,1785153456594738000,121932490,121652369,-168.121,0.000,0.000,1.000,3.000,0.000,0.000,43.000,0,0,0
B3_zmq_pushpull,zmq_tcp,none,none,,1,20135,512,584,1785153456595567000,1785153456595567000,1785153456595567000,1785153456595568000,1785153456595746000,1785153456595749000,1785153456595749000,1785153456595749000,121932490,121652369,-102.121,0.000,0.000,1.000,3.000,0.000,0.000,66.000,0,0,0
B3_zmq_pushpull,zmq_tcp,none,none,,1,20136,512,584,1785153456596584000,1785153456596584000,1785153456596584000,1785153456596585000,1785153456596734000,1785153456596738000,1785153456596738000,1785153456596738000,121932490,121652369,-131.121,0.000,0.000,1.000,4.000,0.000,0.000,29.000,0,0,0
B3_zmq_pushpull,zmq_tcp,none,none,,1,20137,512,584,1785153456597432000,1785153456597433000,1785153456597433000,1785153456597434000,1785153456597579000,1785153456597582000,1785153456597582000,1785153456597582000,121932490,121652369,-135.121,1.000,0.000,1.000,3.000,0.000,0.000,4.000,0,0,0
B3_zmq_pushpull,zmq_tcp,none,none,,1,20138,512,584,1785153456598619000,1785153456598619000,1785153456598619000,1785153456598620000,1785153456598716000,1785153456598719000,1785153456598719000,1785153456598719000,121932490,121652369,-184.121,0.000,0.000,1.000,3.000,0.000,0.000,49.000,0,0,0
B3_zmq_pushpull,zmq_tcp,none,none,,1,20139,512,584,1785153456599568000,1785153456599568000,1785153456599568000,1785153456599569000,1785153456599720000,1785153456599722000,1785153456599722000,1785153456599722000,121932490,121652369,-129.121,0.000,0.000,1.000,2.000,0.000,0.000,55.000,0,0,0
B3_zmq_pushpull,zmq_tcp,none,none,,1,20140,512,584,1785153456600582000,1785153456600582000,1785153456600582000,1785153456600583000,1785153456600722000,1785153456600725000,1785153456600725000,1785153456600725000,121932490,121652369,-141.121,0.000,0.000,1.000,3.000,0.000,0.000,12.000,0,0,0
B3_zmq_pushpull,zmq_tcp,none,none,,1,20141,512,584,1785153456601579000,1785153456601579000,1785153456601579000,1785153456601580000,1785153456601710000,1785153456601713000,1785153456601713000,1785153456601713000,121932490,121652369,-150.121,0.000,0.000,1.000,3.000,0.000,0.000,9.000,0,0,0
B3_zmq_pushpull,zmq_tcp,none,none,,1,20142,512,584,1785153456602581000,1785153456602581000,1785153456602581000,1785153456602582000,1785153456602705000,1785153456602708000,1785153456602708000,1785153456602708000,121932490,121652369,-157.121,0.000,0.000,1.000,3.000,0.000,0.000,7.000,0,0,0
B3_zmq_pushpull,zmq_tcp,none,none,,1,20143,512,584,1785153456603576000,1785153456603576000,1785153456603576000,1785153456603577000,1785153456603700000,1785153456603702000,1785153456603702000,1785153456603702000,121932490,121652369,-157.121,0.000,0.000,1.000,2.000,0.000,0.000,0.000,0,0,0
B3_zmq_pushpull,zmq_tcp,none,none,,1,20144,512,584,1785153456604581000,1785153456604581000,1785153456604581000,1785153456604582000,1785153456604673000,1785153456604676000,1785153456604676000,1785153456604676000,121932490,121652369,-189.121,0.000,0.000,1.000,3.000,0.000,0.000,32.000,0,0,0
B3_zmq_pushpull,zmq_tcp,none,none,,1,20145,512,584,1785153456605579000,1785153456605579000,1785153456605579000,1785153456605580000,1785153456605661000,1785153456605664000,1785153456605664000,1785153456605664000,121932490,121652369,-199.121,0.000,0.000,1.000,3.000,0.000,0.000,10.000,0,0,0
B3_zmq_pushpull,zmq_tcp,none,none,,1,20146,512,584,1785153456606515000,1785153456606516000,1785153456606516000,1785153456606517000,1785153456606659000,1785153456606662000,1785153456606662000,1785153456606662000,121932490,121652369,-138.121,1.000,0.000,1.000,3.000,0.000,0.000,61.000,0,0,0
B3_zmq_pushpull,zmq_tcp,none,none,,1,20147,512,584,1785153456607592000,1785153456607592000,1785153456607592000,1785153456607593000,1785153456607777000,1785153456607779000,1785153456607779000,1785153456607779000,121932490,121652369,-96.121,0.000,0.000,1.000,2.000,0.000,0.000,42.000,0,0,0
B3_zmq_pushpull,zmq_tcp,none,none,,1,20148,512,584,1785153456608578000,1785153456608579000,1785153456608579000,1785153456608580000,1785153456608768000,1785153456608770000,1785153456608770000,1785153456608770000,121932490,121652369,-92.121,1.000,0.000,1.000,2.000,0.000,0.000,4.000,0,0,0
B3_zmq_pushpull,zmq_tcp,none,none,,1,20149,512,584,1785153456609579000,1785153456609579000,1785153456609579000,1785153456609580000,1785153456609746000,1785153456609749000,1785153456609749000,1785153456609749000,121932490,121652369,-114.121,0.000,0.000,1.000,3.000,0.000,0.000,22.000,0,0,0
B3_zmq_pushpull,zmq_tcp,none,none,,1,20150,512,584,1785153456610576000,1785153456610576000,1785153456610576000,1785153456610577000,1785153456610721000,1785153456610725000,1785153456610725000,1785153456610725000,121932490,121652369,-136.121,0.000,0.000,1.000,4.000,0.000,0.000,22.000,0,0,0
B3_zmq_pushpull,zmq_tcp,none,none,,1,20151,512,584,1785153456611580000,1785153456611580000,1785153456611580000,1785153456611581000,1785153456611712000,1785153456611715000,1785153456611715000,1785153456611715000,121932490,121652369,-149.121,0.000,0.000,1.000,3.000,0.000,0.000,13.000,0,0,0
B3_zmq_pushpull,zmq_tcp,none,none,,1,20152,512,584,1785153456612579000,1785153456612579000,1785153456612579000,1785153456612580000,1785153456612700000,1785153456612702000,1785153456612702000,1785153456612702000,121932490,121652369,-160.121,0.000,0.000,1.000,2.000,0.000,0.000,11.000,0,0,0
B3_zmq_pushpull,zmq_tcp,none,none,,1,20153,512,584,1785153456613579000,1785153456613579000,1785153456613579000,1785153456613580000,1785153456613689000,1785153456613692000,1785153456613692000,1785153456613692000,121932490,121652369,-171.121,0.000,0.000,1.000,3.000,0.000,0.000,11.000,0,0,0
B3_zmq_pushpull,zmq_tcp,none,none,,1,20154,512,584,1785153456614578000,1785153456614578000,1785153456614579000,1785153456614579000,1785153456614688000,1785153456614690000,1785153456614690000,1785153456614690000,121932490,121652369,-171.121,0.000,1.000,0.000,2.000,0.000,0.000,0.000,0,0,0
B3_zmq_pushpull,zmq_tcp,none,none,,1,20155,512,584,1785153456615580000,1785153456615580000,1785153456615580000,1785153456615581000,1785153456615666000,1785153456615669000,1785153456615669000,1785153456615669000,121932490,121652369,-195.121,0.000,0.000,1.000,3.000,0.000,0.000,24.000,0,0,0
B3_zmq_pushpull,zmq_tcp,none,none,,1,20156,512,584,1785153456616580000,1785153456616581000,1785153456616581000,1785153456616582000,1785153456616642000,1785153456616646000,1785153456616646000,1785153456616647000,121932490,121652369,-220.121,1.000,0.000,1.000,4.000,0.000,1.000,25.000,0,0,0
B3_zmq_pushpull,zmq_tcp,none,none,,1,20157,512,584,1785153456617579000,1785153456617580000,1785153456617580000,1785153456617581000,1785153456617762000,1785153456617764000,1785153456617764000,1785153456617764000,121932490,121652369,-99.121,1.000,0.000,1.000,2.000,0.000,0.000,121.000,0,0,0
B3_zmq_pushpull,zmq_tcp,none,none,,1,20158,512,584,1785153456618579000,1785153456618579000,1785153456618579000,1785153456618580000,1785153456618752000,1785153456618755000,1785153456618755000,1785153456618755000,121932490,121652369,-108.121,0.000,0.000,1.000,3.000,0.000,0.000,9.000,0,0,0
B3_zmq_pushpull,zmq_tcp,none,none,,1,20159,512,584,1785153456619579000,1785153456619579000,1785153456619579000,1785153456619580000,1785153456619749000,1785153456619752000,1785153456619752000,1785153456619752000,121932490,121652369,-111.121,0.000,0.000,1.000,3.000,0.000,0.000,3.000,0,0,0
B3_zmq_pushpull,zmq_tcp,none,none,,1,20160,512,584,1785153456620581000,1785153456620581000,1785153456620581000,1785153456620582000,1785153456620738000,1785153456620741000,1785153456620741000,1785153456620741000,121932490,121652369,-124.121,0.000,0.000,1.000,3.000,0.000,0.000,13.000,0,0,0
B3_zmq_pushpull,zmq_tcp,none,none,,1,20161,512,584,1785153456621582000,1785153456621582000,1785153456621582000,1785153456621583000,1785153456621742000,1785153456621745000,1785153456621745000,1785153456621745000,121932490,121652369,-121.121,0.000,0.000,1.000,3.000,0.000,0.000,3.000,0,0,0
B3_zmq_pushpull,zmq_tcp,none,none,,1,20162,512,584,1785153456622579000,1785153456622579000,1785153456622579000,1785153456622580000,1785153456622726000,1785153456622729000,1785153456622729000,1785153456622729000,121932490,121652369,-134.121,0.000,0.000,1.000,3.000,0.000,0.000,13.000,0,0,0
B3_zmq_pushpull,zmq_tcp,none,none,,1,20163,512,584,1785153456623579000,1785153456623579000,1785153456623579000,1785153456623580000,1785153456623718000,1785153456623722000,1785153456623722000,1785153456623722000,121932490,121652369,-142.121,0.000,0.000,1.000,4.000,0.000,0.000,8.000,0,0,0
B3_zmq_pushpull,zmq_tcp,none,none,,1,20164,512,584,1785153456624581000,1785153456624581000,1785153456624581000,1785153456624582000,1785153456624702000,1785153456624705000,1785153456624705000,1785153456624705000,121932490,121652369,-160.121,0.000,0.000,1.000,3.000,0.000,0.000,18.000,0,0,0
B3_zmq_pushpull,zmq_tcp,none,none,,1,20165,512,584,1785153456625575000,1785153456625575000,1785153456625575000,1785153456625576000,1785153456625692000,1785153456625694000,1785153456625694000,1785153456625694000,121932490,121652369,-164.121,0.000,0.000,1.000,2.000,0.000,0.000,4.000,0,0,0
B3_zmq_pushpull,zmq_tcp,none,none,,1,20166,512,584,1785153456626580000,1785153456626580000,1785153456626580000,1785153456626581000,1785153456626669000,1785153456626672000,1785153456626672000,1785153456626672000,121932490,121652369,-192.121,0.000,0.000,1.000,3.000,0.000,0.000,28.000,0,0,0
B3_zmq_pushpull,zmq_tcp,none,none,,1,20167,512,584,1785153456627505000,1785153456627505000,1785153456627505000,1785153456627507000,1785153456627653000,1785153456627657000,1785153456627657000,1785153456627657000,121932490,121652369,-134.121,0.000,0.000,2.000,4.000,0.000,0.000,58.000,0,0,0
B3_zmq_pushpull,zmq_tcp,none,none,,1,20168,512,584,1785153456628600000,1785153456628600000,1785153456628600000,1785153456628601000,1785153456628657000,1785153456628661000,1785153456628661000,1785153456628661000,121932490,121652369,-224.121,0.000,0.000,1.000,4.000,0.000,0.000,90.000,0,0,0
B3_zmq_pushpull,zmq_tcp,none,none,,1,20169,512,584,1785153456629573000,1785153456629573000,1785153456629573000,1785153456629574000,1785153456629655000,1785153456629657000,1785153456629657000,1785153456629657000,121932490,121652369,-199.121,0.000,0.000,1.000,2.000,0.000,0.000,25.000,0,0,0
B3_zmq_pushpull,zmq_tcp,none,none,,1,20170,512,584,1785153456630583000,1785153456630583000,1785153456630583000,1785153456630584000,1785153456630638000,1785153456630641000,1785153456630641000,1785153456630641000,121932490,121652369,-226.121,0.000,0.000,1.000,3.000,0.000,0.000,27.000,0,0,0
B3_zmq_pushpull,zmq_tcp,none,none,,1,20171,512,584,1785153456631577000,1785153456631578000,1785153456631578000,1785153456631578000,1785153456631768000,1785153456631770000,1785153456631770000,1785153456631770000,121932490,121652369,-90.121,1.000,0.000,0.000,2.000,0.000,0.000,136.000,0,0,0
B3_zmq_pushpull,zmq_tcp,none,none,,1,20172,512,584,1785153456632579000,1785153456632579000,1785153456632579000,1785153456632580000,1785153456632750000,1785153456632754000,1785153456632754000,1785153456632754000,121932490,121652369,-110.121,0.000,0.000,1.000,4.000,0.000,0.000,20.000,0,0,0
B3_zmq_pushpull,zmq_tcp,none,none,,1,20173,512,584,1785153456633576000,1785153456633576000,1785153456633577000,1785153456633578000,1785153456633729000,1785153456633732000,1785153456633732000,1785153456633732000,121932490,121652369,-129.121,0.000,1.000,1.000,3.000,0.000,0.000,19.000,0,0,0
B3_zmq_pushpull,zmq_tcp,none,none,,1,20174,512,584,1785153456634418000,1785153456634418000,1785153456634418000,1785153456634420000,1785153456634561000,1785153456634564000,1785153456634564000,1785153456634564000,121932490,121652369,-139.121,0.000,0.000,2.000,3.000,0.000,0.000,10.000,0,0,0
B3_zmq_pushpull,zmq_tcp,none,none,,1,20175,512,584,1785153456635619000,1785153456635619000,1785153456635619000,1785153456635620000,1785153456635681000,1785153456635684000,1785153456635684000,1785153456635684000,121932490,121652369,-219.121,0.000,0.000,1.000,3.000,0.000,0.000,80.000,0,0,0
B3_zmq_pushpull,zmq_tcp,none,none,,1,20176,512,584,1785153456636568000,1785153456636568000,1785153456636568000,1785153456636569000,1785153456636676000,1785153456636678000,1785153456636679000,1785153456636679000,121932490,121652369,-173.121,0.000,0.000,1.000,2.000,1.000,0.000,46.000,0,0,0
B3_zmq_pushpull,zmq_tcp,none,none,,1,20177,512,584,1785153456637581000,1785153456637582000,1785153456637582000,1785153456637583000,1785153456637665000,1785153456637668000,1785153456637668000,1785153456637668000,121932490,121652369,-198.121,1.000,0.000,1.000,3.000,0.000,0.000,25.000,0,0,0
B3_zmq_pushpull,zmq_tcp,none,none,,1,20178,512,584,1785153456638581000,1785153456638581000,1785153456638581000,1785153456638582000,1785153456638643000,1785153456638645000,1785153456638645000,1785153456638645000,121932490,121652369,-219.121,0.000,0.000,1.000,2.000,0.000,0.000,21.000,0,0,0
B3_zmq_pushpull,zmq_tcp,none,none,,1,20179,512,584,1785153456639476000,1785153456639476000,1785153456639476000,1785153456639477000,1785153456639614000,1785153456639617000,1785153456639617000,1785153456639617000,121932490,121652369,-143.121,0.000,0.000,1.000,3.000,0.000,0.000,76.000,0,0,0
B3_zmq_pushpull,zmq_tcp,none,none,,1,20180,512,584,1785153456640442000,1785153456640442000,1785153456640442000,1785153456640443000,1785153456640594000,1785153456640597000,1785153456640597000,1785153456640597000,121932490,121652369,-129.121,0.000,0.000,1.000,3.000,0.000,0.000,14.000,0,0,0
B3_zmq_pushpull,zmq_tcp,none,none,,1,20181,512,584,1785153456641420000,1785153456641421000,1785153456641421000,1785153456641422000,1785153456641573000,1785153456641576000,1785153456641576000,1785153456641576000,121932490,121652369,-129.121,1.000,0.000,1.000,3.000,0.000,0.000,0.000,0,0,0
B3_zmq_pushpull,zmq_tcp,none,none,,1,20182,512,584,1785153456642405000,1785153456642405000,1785153456642405000,1785153456642406000,1785153456642566000,1785153456642569000,1785153456642569000,1785153456642569000,121932490,121652369,-120.121,0.000,0.000,1.000,3.000,0.000,0.000,9.000,0,0,0
B3_zmq_pushpull,zmq_tcp,none,none,,1,20183,512,584,1785153456643626000,1785153456643626000,1785153456643626000,1785153456643627000,1785153456643695000,1785153456643697000,1785153456643697000,1785153456643697000,121932490,121652369,-212.121,0.000,0.000,1.000,2.000,0.000,0.000,92.000,0,0,0
B3_zmq_pushpull,zmq_tcp,none,none,,1,20184,512,584,1785153456644386000,1785153456644386000,1785153456644386000,1785153456644387000,1785153456644549000,1785153456644552000,1785153456644552000,1785153456644552000,121932490,121652369,-118.121,0.000,0.000,1.000,3.000,0.000,0.000,94.000,0,0,0
B3_zmq_pushpull,zmq_tcp,none,none,,1,20185,512,584,1785153456645382000,1785153456645382000,1785153456645382000,1785153456645383000,1785153456645527000,1785153456645529000,1785153456645529000,1785153456645529000,121932490,121652369,-136.121,0.000,0.000,1.000,2.000,0.000,0.000,18.000,0,0,0
B3_zmq_pushpull,zmq_tcp,none,none,,1,20186,512,584,1785153456646499000,1785153456646499000,1785153456646499000,1785153456646500000,1785153456646643000,1785153456646645000,1785153456646645000,1785153456646645000,121932490,121652369,-137.121,0.000,0.000,1.000,2.000,0.000,0.000,1.000,0,0,0
B3_zmq_pushpull,zmq_tcp,none,none,,1,20187,512,584,1785153456647599000,1785153456647599000,1785153456647599000,1785153456647600000,1785153456647737000,1785153456647740000,1785153456647740000,1785153456647740000,121932490,121652369,-143.121,0.000,0.000,1.000,3.000,0.000,0.000,6.000,0,0,0
B3_zmq_pushpull,zmq_tcp,none,none,,1,20188,512,584,1785153456648571000,1785153456648571000,1785153456648571000,1785153456648572000,1785153456648724000,1785153456648727000,1785153456648727000,1785153456648727000,121932490,121652369,-128.121,0.000,0.000,1.000,3.000,0.000,0.000,15.000,0,0,0
B3_zmq_pushpull,zmq_tcp,none,none,,1,20189,512,584,1785153456649434000,1785153456649434000,1785153456649434000,1785153456649435000,1785153456649593000,1785153456649596000,1785153456649596000,1785153456649596000,121932490,121652369,-122.121,0.000,0.000,1.000,3.000,0.000,0.000,6.000,0,0,0
B3_zmq_pushpull,zmq_tcp,none,none,,1,20190,512,584,1785153456650407000,1785153456650407000,1785153456650407000,1785153456650408000,1785153456650568000,1785153456650570000,1785153456650570000,1785153456650571000,121932490,121652369,-120.121,0.000,0.000,1.000,2.000,0.000,1.000,2.000,0,0,0
B3_zmq_pushpull,zmq_tcp,none,none,,1,20191,512,584,1785153456651621000,1785153456651622000,1785153456651622000,1785153456651623000,1785153456651687000,1785153456651690000,1785153456651690000,1785153456651690000,121932490,121652369,-216.121,1.000,0.000,1.000,3.000,0.000,0.000,96.000,0,0,0
B3_zmq_pushpull,zmq_tcp,none,none,,1,20192,512,584,1785153456652386000,1785153456652386000,1785153456652386000,1785153456652387000,1785153456652521000,1785153456652524000,1785153456652525000,1785153456652525000,121932490,121652369,-146.121,0.000,0.000,1.000,3.000,1.000,0.000,70.000,0,0,0
B3_zmq_pushpull,zmq_tcp,none,none,,1,20193,512,584,1785153456653494000,1785153456653495000,1785153456653495000,1785153456653496000,1785153456653657000,1785153456653660000,1785153456653660000,1785153456653660000,121932490,121652369,-119.121,1.000,0.000,1.000,3.000,0.000,0.000,27.000,0,0,0
B3_zmq_pushpull,zmq_tcp,none,none,,1,20194,512,584,1785153456654603000,1785153456654603000,1785153456654603000,1785153456654604000,1785153456654656000,1785153456654660000,1785153456654660000,1785153456654660000,121932490,121652369,-228.121,0.000,0.000,1.000,4.000,0.000,0.000,109.000,0,0,0
B3_zmq_pushpull,zmq_tcp,none,none,,1,20195,512,584,1785153456655574000,1785153456655574000,1785153456655574000,1785153456655575000,1785153456655638000,1785153456655642000,1785153456655642000,1785153456655642000,121932490,121652369,-217.121,0.000,0.000,1.000,4.000,0.000,0.000,11.000,0,0,0
B3_zmq_pushpull,zmq_tcp,none,none,,1,20196,512,584,1785153456656582000,1785153456656582000,1785153456656582000,1785153456656583000,1785153456656769000,1785153456656774000,1785153456656774000,1785153456656774000,121932490,121652369,-94.121,0.000,0.000,1.000,5.000,0.000,0.000,123.000,0,0,0
B3_zmq_pushpull,zmq_tcp,none,none,,1,20197,512,584,1785153456657579000,1785153456657579000,1785153456657579000,1785153456657580000,1785153456657751000,1785153456657755000,1785153456657755000,1785153456657755000,121932490,121652369,-109.121,0.000,0.000,1.000,4.000,0.000,0.000,15.000,0,0,0
B3_zmq_pushpull,zmq_tcp,none,none,,1,20198,512,584,1785153456658580000,1785153456658580000,1785153456658580000,1785153456658581000,1785153456658733000,1785153456658736000,1785153456658736000,1785153456658736000,121932490,121652369,-128.121,0.000,0.000,1.000,3.000,0.000,0.000,19.000,0,0,0
B3_zmq_pushpull,zmq_tcp,none,none,,1,20199,512,584,1785153456659580000,1785153456659580000,1785153456659580000,1785153456659581000,1785153456659718000,1785153456659721000,1785153456659721000,1785153456659721000,121932490,121652369,-143.121,0.000,0.000,1.000,3.000,0.000,0.000,15.000,0,0,0
B3_zmq_pushpull,zmq_tcp,none,none,,1,20200,512,584,1785153456660579000,1785153456660579000,1785153456660579000,1785153456660580000,1785153456660707000,1785153456660710000,1785153456660710000,1785153456660710000,121932490,121652369,-153.121,0.000,0.000,1.000,3.000,0.000,0.000,10.000,0,0,0
B3_zmq_pushpull,zmq_tcp,none,none,,1,20201,512,584,1785153456661390000,1785153456661390000,1785153456661390000,1785153456661391000,1785153456661520000,1785153456661523000,1785153456661523000,1785153456661523000,121932490,121652369,-151.121,0.000,0.000,1.000,3.000,0.000,0.000,2.000,0,0,0
B3_zmq_pushpull,zmq_tcp,none,none,,1,20202,512,584,1785153456662628000,1785153456662629000,1785153456662629000,1785153456662629000,1785153456662793000,1785153456662796000,1785153456662796000,1785153456662796000,121932490,121652369,-116.121,1.000,0.000,0.000,3.000,0.000,0.000,35.000,0,0,0
B3_zmq_pushpull,zmq_tcp,none,none,,1,20203,512,584,1785153456663566000,1785153456663566000,1785153456663567000,1785153456663568000,1785153456663632000,1785153456663635000,1785153456663635000,1785153456663635000,121932490,121652369,-216.121,0.000,1.000,1.000,3.000,0.000,0.000,100.000,0,0,0
B3_zmq_pushpull,zmq_tcp,none,none,,1,20204,512,584,1785153456664585000,1785153456664585000,1785153456664585000,1785153456664586000,1785153456664760000,1785153456664763000,1785153456664763000,1785153456664763000,121932490,121652369,-106.121,0.000,0.000,1.000,3.000,0.000,0.000,110.000,0,0,0
B3_zmq_pushpull,zmq_tcp,none,none,,1,20205,512,584,1785153456665456000,1785153456665456000,1785153456665456000,1785153456665457000,1785153456665602000,1785153456665604000,1785153456665605000,1785153456665605000,121932490,121652369,-135.121,0.000,0.000,1.000,2.000,1.000,0.000,29.000,0,0,0
B3_zmq_pushpull,zmq_tcp,none,none,,1,20206,512,584,1785153456666612000,1785153456666612000,1785153456666612000,1785153456666613000,1785153456666704000,1785153456666707000,1785153456666707000,1785153456666707000,121932490,121652369,-189.121,0.000,0.000,1.000,3.000,0.000,0.000,54.000,0,0,0
B3_zmq_pushpull,zmq_tcp,none,none,,1,20207,512,584,1785153456667572000,1785153456667572000,1785153456667572000,1785153456667573000,1785153456667688000,1785153456667691000,1785153456667691000,1785153456667691000,121932490,121652369,-165.121,0.000,0.000,1.000,3.000,0.000,0.000,24.000,0,0,0
B3_zmq_pushpull,zmq_tcp,none,none,,1,20208,512,584,1785153456668582000,1785153456668582000,1785153456668582000,1785153456668583000,1785153456668664000,1785153456668667000,1785153456668667000,1785153456668667000,121932490,121652369,-199.121,0.000,0.000,1.000,3.000,0.000,0.000,34.000,0,0,0
B3_zmq_pushpull,zmq_tcp,none,none,,1,20209,512,584,1785153456669509000,1785153456669509000,1785153456669509000,1785153456669510000,1785153456669651000,1785153456669653000,1785153456669653000,1785153456669653000,121932490,121652369,-139.121,0.000,0.000,1.000,2.000,0.000,0.000,60.000,0,0,0
B3_zmq_pushpull,zmq_tcp,none,none,,1,20210,512,584,1785153456670598000,1785153456670598000,1785153456670598000,1785153456670599000,1785153456670776000,1785153456670779000,1785153456670779000,1785153456670779000,121932490,121652369,-103.121,0.000,0.000,1.000,3.000,0.000,0.000,36.000,0,0,0
B3_zmq_pushpull,zmq_tcp,none,none,,1,20211,512,584,1785153456671478000,1785153456671478000,1785153456671478000,1785153456671479000,1785153456671636000,1785153456671639000,1785153456671639000,1785153456671639000,121932490,121652369,-123.121,0.000,0.000,1.000,3.000,0.000,0.000,20.000,0,0,0
B3_zmq_pushpull,zmq_tcp,none,none,,1,20212,512,584,1785153456672605000,1785153456672605000,1785153456672605000,1785153456672606000,1785153456672752000,1785153456672755000,1785153456672755000,1785153456672755000,121932490,121652369,-134.121,0.000,0.000,1.000,3.000,0.000,0.000,11.000,0,0,0
B3_zmq_pushpull,zmq_tcp,none,none,,1,20213,512,584,1785153456673574000,1785153456673575000,1785153456673575000,1785153456673576000,1785153456673736000,1785153456673739000,1785153456673739000,1785153456673739000,121932490,121652369,-120.121,1.000,0.000,1.000,3.000,0.000,0.000,14.000,0,0,0
B3_zmq_pushpull,zmq_tcp,none,none,,1,20214,512,584,1785153456674581000,1785153456674581000,1785153456674581000,1785153456674582000,1785153456674724000,1785153456674727000,1785153456674727000,1785153456674727000,121932490,121652369,-138.121,0.000,0.000,1.000,3.000,0.000,0.000,18.000,0,0,0
B3_zmq_pushpull,zmq_tcp,none,none,,1,20215,512,584,1785153456675386000,1785153456675386000,1785153456675386000,1785153456675387000,1785153456675541000,1785153456675544000,1785153456675544000,1785153456675544000,121932490,121652369,-126.121,0.000,0.000,1.000,3.000,0.000,0.000,12.000,0,0,0
B3_zmq_pushpull,zmq_tcp,none,none,,1,20216,512,584,1785153456676630000,1785153456676630000,1785153456676630000,1785153456676631000,1785153456676819000,1785153456676821000,1785153456676821000,1785153456676821000,121932490,121652369,-92.121,0.000,0.000,1.000,2.000,0.000,0.000,34.000,0,0,0
B3_zmq_pushpull,zmq_tcp,none,none,,1,20217,512,584,1785153456677569000,1785153456677569000,1785153456677569000,1785153456677570000,1785153456677660000,1785153456677663000,1785153456677663000,1785153456677663000,121932490,121652369,-190.121,0.000,0.000,1.000,3.000,0.000,0.000,98.000,0,0,0
B3_zmq_pushpull,zmq_tcp,none,none,,1,20218,512,584,1785153456678582000,1785153456678582000,1785153456678582000,1785153456678583000,1785153456678652000,1785153456678655000,1785153456678655000,1785153456678655000,121932490,121652369,-211.121,0.000,0.000,1.000,3.000,0.000,0.000,21.000,0,0,0
B3_zmq_pushpull,zmq_tcp,none,none,,1,20219,512,584,1785153456679580000,1785153456679580000,1785153456679580000,1785153456679581000,1785153456679641000,1785153456679644000,1785153456679644000,1785153456679644000,121932490,121652369,-220.121,0.000,0.000,1.000,3.000,0.000,0.000,9.000,0,0,0
B3_zmq_pushpull,zmq_tcp,none,none,,1,20220,512,584,1785153456680582000,1785153456680582000,1785153456680582000,1785153456680583000,1785153456680744000,1785153456680747000,1785153456680747000,1785153456680747000,121932490,121652369,-119.121,0.000,0.000,1.000,3.000,0.000,0.000,101.000,0,0,0
B3_zmq_pushpull,zmq_tcp,none,none,,1,20221,512,584,1785153456681579000,1785153456681580000,1785153456681580000,1785153456681581000,1785153456681703000,1785153456681705000,1785153456681705000,1785153456681705000,121932490,121652369,-158.121,1.000,0.000,1.000,2.000,0.000,0.000,39.000,0,0,0
B3_zmq_pushpull,zmq_tcp,none,none,,1,20222,512,584,1785153456682579000,1785153456682579000,1785153456682579000,1785153456682580000,1785153456682687000,1785153456682689000,1785153456682689000,1785153456682689000,121932490,121652369,-173.121,0.000,0.000,1.000,2.000,0.000,0.000,15.000,0,0,0
B3_zmq_pushpull,zmq_tcp,none,none,,1,20223,512,584,1785153456683581000,1785153456683582000,1785153456683582000,1785153456683583000,1785153456683661000,1785153456683664000,1785153456683664000,1785153456683664000,121932490,121652369,-202.121,1.000,0.000,1.000,3.000,0.000,0.000,29.000,0,0,0
B3_zmq_pushpull,zmq_tcp,none,none,,1,20224,512,584,1785153456684579000,1785153456684579000,1785153456684579000,1785153456684580000,1785153456684648000,1785153456684651000,1785153456684651000,1785153456684651000,121932490,121652369,-212.121,0.000,0.000,1.000,3.000,0.000,0.000,10.000,0,0,0
B3_zmq_pushpull,zmq_tcp,none,none,,1,20225,512,584,1785153456685581000,1785153456685581000,1785153456685581000,1785153456685582000,1785153456685767000,1785153456685769000,1785153456685769000,1785153456685769000,121932490,121652369,-95.121,0.000,0.000,1.000,2.000,0.000,0.000,117.000,0,0,0
B3_zmq_pushpull,zmq_tcp,none,none,,1,20226,512,584,1785153456686464000,1785153456686464000,1785153456686464000,1785153456686465000,1785153456686595000,1785153456686598000,1785153456686598000,1785153456686598000,121932490,121652369,-150.121,0.000,0.000,1.000,3.000,0.000,0.000,55.000,0,0,0
B3_zmq_pushpull,zmq_tcp,none,none,,1,20227,512,584,1785153456687451000,1785153456687451000,1785153456687451000,1785153456687452000,1785153456687604000,1785153456687607000,1785153456687607000,1785153456687607000,121932490,121652369,-128.121,0.000,0.000,1.000,3.000,0.000,0.000,22.000,0,0,0
B3_zmq_pushpull,zmq_tcp,none,none,,1,20228,512,584,1785153456688612000,1785153456688612000,1785153456688612000,1785153456688613000,1785153456688724000,1785153456688727000,1785153456688727000,1785153456688727000,121932490,121652369,-169.121,0.000,0.000,1.000,3.000,0.000,0.000,41.000,0,0,0
B3_zmq_pushpull,zmq_tcp,none,none,,1,20229,512,584,1785153456689568000,1785153456689568000,1785153456689569000,1785153456689569000,1785153456689692000,1785153456689695000,1785153456689695000,1785153456689695000,121932490,121652369,-157.121,0.000,1.000,0.000,3.000,0.000,0.000,12.000,0,0,0
B3_zmq_pushpull,zmq_tcp,none,none,,1,20230,512,584,1785153456690582000,1785153456690582000,1785153456690582000,1785153456690583000,1785153456690683000,1785153456690686000,1785153456690686000,1785153456690686000,121932490,121652369,-180.121,0.000,0.000,1.000,3.000,0.000,0.000,23.000,0,0,0
B3_zmq_pushpull,zmq_tcp,none,none,,1,20231,512,584,1785153456691582000,1785153456691582000,1785153456691582000,1785153456691583000,1785153456691673000,1785153456691676000,1785153456691676000,1785153456691676000,121932490,121652369,-190.121,0.000,0.000,1.000,3.000,0.000,0.000,10.000,0,0,0
B3_zmq_pushpull,zmq_tcp,none,none,,1,20232,512,584,1785153456692579000,1785153456692579000,1785153456692579000,1785153456692580000,1785153456692759000,1785153456692763000,1785153456692763000,1785153456692763000,121932490,121652369,-101.121,0.000,0.000,1.000,4.000,0.000,0.000,89.000,0,0,0
B3_zmq_pushpull,zmq_tcp,none,none,,1,20233,512,584,1785153456693580000,1785153456693580000,1785153456693581000,1785153456693581000,1785153456693751000,1785153456693754000,1785153456693754000,1785153456693754000,121932490,121652369,-110.121,0.000,1.000,0.000,3.000,0.000,0.000,9.000,0,0,0
B3_zmq_pushpull,zmq_tcp,none,none,,1,20234,512,584,1785153456694439000,1785153456694439000,1785153456694439000,1785153456694440000,1785153456694599000,1785153456694601000,1785153456694601000,1785153456694601000,121932490,121652369,-121.121,0.000,0.000,1.000,2.000,0.000,0.000,11.000,0,0,0
B3_zmq_pushpull,zmq_tcp,none,none,,1,20235,512,584,1785153456695615000,1785153456695615000,1785153456695615000,1785153456695616000,1785153456695709000,1785153456695715000,1785153456695715000,1785153456695715000,121932490,121652369,-187.121,0.000,0.000,1.000,6.000,0.000,0.000,66.000,0,0,0
B3_zmq_pushpull,zmq_tcp,none,none,,1,20236,512,584,1785153456696567000,1785153456696567000,1785153456696567000,1785153456696568000,1785153456696659000,1785153456696661000,1785153456696661000,1785153456696661000,121932490,121652369,-189.121,0.000,0.000,1.000,2.000,0.000,0.000,2.000,0,0,0
B3_zmq_pushpull,zmq_tcp,none,none,,1,20237,512,584,1785153456697584000,1785153456697584000,1785153456697584000,1785153456697585000,1785153456697629000,1785153456697631000,1785153456697631000,1785153456697631000,121932490,121652369,-236.121,0.000,0.000,1.000,2.000,0.000,0.000,47.000,0,0,0
B3_zmq_pushpull,zmq_tcp,none,none,,1,20238,512,584,1785153456698579000,1785153456698579000,1785153456698579000,1785153456698580000,1785153456698745000,1785153456698748000,1785153456698748000,1785153456698748000,121932490,121652369,-115.121,0.000,0.000,1.000,3.000,0.000,0.000,121.000,0,0,0
B3_zmq_pushpull,zmq_tcp,none,none,,1,20239,512,584,1785153456699459000,1785153456699460000,1785153456699460000,1785153456699461000,1785153456699606000,1785153456699609000,1785153456699609000,1785153456699609000,121932490,121652369,-135.121,1.000,0.000,1.000,3.000,0.000,0.000,20.000,0,0,0
B3_zmq_pushpull,zmq_tcp,none,none,,1,20240,512,584,1785153456700444000,1785153456700444000,1785153456700444000,1785153456700445000,1785153456700603000,1785153456700605000,1785153456700605000,1785153456700605000,121932490,121652369,-122.121,0.000,0.000,1.000,2.000,0.000,0.000,13.000,0,0,0
B3_zmq_pushpull,zmq_tcp,none,none,,1,20241,512,584,1785153456701614000,1785153456701614000,1785153456701614000,1785153456701615000,1785153456701698000,1785153456701701000,1785153456701701000,1785153456701701000,121932490,121652369,-197.121,0.000,0.000,1.000,3.000,0.000,0.000,75.000,0,0,0
B3_zmq_pushpull,zmq_tcp,none,none,,1,20242,512,584,1785153456702571000,1785153456702571000,1785153456702571000,1785153456702572000,1785153456702668000,1785153456702671000,1785153456702671000,1785153456702671000,121932490,121652369,-184.121,0.000,0.000,1.000,3.000,0.000,0.000,13.000,0,0,0
B3_zmq_pushpull,zmq_tcp,none,none,,1,20243,512,584,1785153456703498000,1785153456703498000,1785153456703498000,1785153456703499000,1785153456703642000,1785153456703644000,1785153456703644000,1785153456703644000,121932490,121652369,-137.121,0.000,0.000,1.000,2.000,0.000,0.000,47.000,0,0,0
B3_zmq_pushpull,zmq_tcp,none,none,,1,20244,512,584,1785153456704469000,1785153456704469000,1785153456704470000,1785153456704470000,1785153456704622000,1785153456704624000,1785153456704624000,1785153456704624000,121932490,121652369,-128.121,0.000,1.000,0.000,2.000,0.000,0.000,9.000,0,0,0
B3_zmq_pushpull,zmq_tcp,none,none,,1,20245,512,584,1785153456705464000,1785153456705464000,1785153456705464000,1785153456705465000,1785153456705620000,1785153456705623000,1785153456705623000,1785153456705623000,121932490,121652369,-125.121,0.000,0.000,1.000,3.000,0.000,0.000,3.000,0,0,0
B3_zmq_pushpull,zmq_tcp,none,none,,1,20246,512,584,1785153456706429000,1785153456706429000,1785153456706429000,1785153456706430000,1785153456706590000,1785153456706592000,1785153456706592000,1785153456706592000,121932490,121652369,-120.121,0.000,0.000,1.000,2.000,0.000,0.000,5.000,0,0,0
B3_zmq_pushpull,zmq_tcp,none,none,,1,20247,512,584,1785153456707619000,1785153456707619000,1785153456707619000,1785153456707620000,1785153456707721000,1785153456707723000,1785153456707723000,1785153456707723000,121932490,121652369,-179.121,0.000,0.000,1.000,2.000,0.000,0.000,59.000,0,0,0
B3_zmq_pushpull,zmq_tcp,none,none,,1,20248,512,584,1785153456708570000,1785153456708570000,1785153456708570000,1785153456708571000,1785153456708700000,1785153456708703000,1785153456708703000,1785153456708703000,121932490,121652369,-151.121,0.000,0.000,1.000,3.000,0.000,0.000,28.000,0,0,0
B3_zmq_pushpull,zmq_tcp,none,none,,1,20249,512,584,1785153456709582000,1785153456709582000,1785153456709582000,1785153456709583000,1785153456709669000,1785153456709672000,1785153456709672000,1785153456709672000,121932490,121652369,-194.121,0.000,0.000,1.000,3.000,0.000,0.000,43.000,0,0,0
B3_zmq_pushpull,zmq_tcp,none,none,,1,20250,512,584,1785153456710575000,1785153456710575000,1785153456710575000,1785153456710576000,1785153456710644000,1785153456710647000,1785153456710647000,1785153456710647000,121932490,121652369,-212.121,0.000,0.000,1.000,3.000,0.000,0.000,18.000,0,0,0
B3_zmq_pushpull,zmq_tcp,none,none,,1,20251,512,584,1785153456711472000,1785153456711472000,1785153456711473000,1785153456711473000,1785153456711626000,1785153456711628000,1785153456711628000,1785153456711628000,121932490,121652369,-127.121,0.000,1.000,0.000,2.000,0.000,0.000,85.000,0,0,0
B3_zmq_pushpull,zmq_tcp,none,none,,1,20252,512,584,1785153456712468000,1785153456712468000,1785153456712468000,1785153456712469000,1785153456712615000,1785153456712618000,1785153456712618000,1785153456712618000,121932490,121652369,-134.121,0.000,0.000,1.000,3.000,0.000,0.000,7.000,0,0,0
B3_zmq_pushpull,zmq_tcp,none,none,,1,20253,512,584,1785153456713607000,1785153456713608000,1785153456713608000,1785153456713609000,1785153456713764000,1785153456713767000,1785153456713767000,1785153456713767000,121932490,121652369,-125.121,1.000,0.000,1.000,3.000,0.000,0.000,9.000,0,0,0
B3_zmq_pushpull,zmq_tcp,none,none,,1,20254,512,584,1785153456714569000,1785153456714569000,1785153456714569000,1785153456714570000,1785153456714751000,1785153456714754000,1785153456714754000,1785153456714754000,121932490,121652369,-99.121,0.000,0.000,1.000,3.000,0.000,0.000,26.000,0,0,0
B3_zmq_pushpull,zmq_tcp,none,none,,1,20255,512,584,1785153456715582000,1785153456715582000,1785153456715582000,1785153456715583000,1785153456715725000,1785153456715727000,1785153456715727000,1785153456715727000,121932490,121652369,-138.121,0.000,0.000,1.000,2.000,0.000,0.000,39.000,0,0,0
B3_zmq_pushpull,zmq_tcp,none,none,,1,20256,512,584,1785153456716579000,1785153456716579000,1785153456716579000,1785153456716580000,1785153456716691000,1785153456716694000,1785153456716694000,1785153456716694000,121932490,121652369,-169.121,0.000,0.000,1.000,3.000,0.000,0.000,31.000,0,0,0
B3_zmq_pushpull,zmq_tcp,none,none,,1,20257,512,584,1785153456717387000,1785153456717388000,1785153456717388000,1785153456717389000,1785153456717526000,1785153456717528000,1785153456717528000,1785153456717528000,121932490,121652369,-143.121,1.000,0.000,1.000,2.000,0.000,0.000,26.000,0,0,0
B3_zmq_pushpull,zmq_tcp,none,none,,1,20258,512,584,1785153456718502000,1785153456718502000,1785153456718502000,1785153456718503000,1785153456718661000,1785153456718664000,1785153456718664000,1785153456718664000,121932490,121652369,-122.121,0.000,0.000,1.000,3.000,0.000,0.000,21.000,0,0,0
B3_zmq_pushpull,zmq_tcp,none,none,,1,20259,512,584,1785153456719600000,1785153456719600000,1785153456719600000,1785153456719601000,1785153456719664000,1785153456719667000,1785153456719668000,1785153456719668000,121932490,121652369,-217.121,0.000,0.000,1.000,3.000,1.000,0.000,95.000,0,0,0
B3_zmq_pushpull,zmq_tcp,none,none,,1,20260,512,584,1785153456720494000,1785153456720494000,1785153456720494000,1785153456720495000,1785153456720652000,1785153456720655000,1785153456720655000,1785153456720655000,121932490,121652369,-123.121,0.000,0.000,1.000,3.000,0.000,0.000,94.000,0,0,0
B3_zmq_pushpull,zmq_tcp,none,none,,1,20261,512,584,1785153456721606000,1785153456721606000,1785153456721606000,1785153456721607000,1785153456721772000,1785153456721775000,1785153456721775000,1785153456721775000,121932490,121652369,-115.121,0.000,0.000,1.000,3.000,0.000,0.000,8.000,0,0,0
B3_zmq_pushpull,zmq_tcp,none,none,,1,20262,512,584,1785153456722573000,1785153456722573000,1785153456722573000,1785153456722574000,1785153456722734000,1785153456722737000,1785153456722737000,1785153456722737000,121932490,121652369,-120.121,0.000,0.000,1.000,3.000,0.000,0.000,5.000,0,0,0
B3_zmq_pushpull,zmq_tcp,none,none,,1,20263,512,584,1785153456723413000,1785153456723413000,1785153456723413000,1785153456723414000,1785153456723567000,1785153456723570000,1785153456723570000,1785153456723570000,121932490,121652369,-127.121,0.000,0.000,1.000,3.000,0.000,0.000,7.000,0,0,0
B3_zmq_pushpull,zmq_tcp,none,none,,1,20264,512,584,1785153456724382000,1785153456724382000,1785153456724383000,1785153456724383000,1785153456724535000,1785153456724538000,1785153456724538000,1785153456724538000,121932490,121652369,-128.121,0.000,1.000,0.000,3.000,0.000,0.000,1.000,0,0,0
B3_zmq_pushpull,zmq_tcp,none,none,,1,20265,512,584,1785153456725486000,1785153456725486000,1785153456725486000,1785153456725487000,1785153456725646000,1785153456725649000,1785153456725649000,1785153456725649000,121932490,121652369,-121.121,0.000,0.000,1.000,3.000,0.000,0.000,7.000,0,0,0
B3_zmq_pushpull,zmq_tcp,none,none,,1,20266,512,584,1785153456726604000,1785153456726604000,1785153456726604000,1785153456726605000,1785153456726766000,1785153456726769000,1785153456726769000,1785153456726769000,121932490,121652369,-119.121,0.000,0.000,1.000,3.000,0.000,0.000,2.000,0,0,0
B3_zmq_pushpull,zmq_tcp,none,none,,1,20267,512,584,1785153456727574000,1785153456727574000,1785153456727574000,1785153456727575000,1785153456727767000,1785153456727770000,1785153456727770000,1785153456727770000,121932490,121652369,-88.121,0.000,0.000,1.000,3.000,0.000,0.000,31.000,0,0,0
B3_zmq_pushpull,zmq_tcp,none,none,,1,20268,512,584,1785153456728583000,1785153456728583000,1785153456728583000,1785153456728584000,1785153456728749000,1785153456728752000,1785153456728752000,1785153456728752000,121932490,121652369,-115.121,0.000,0.000,1.000,3.000,0.000,0.000,27.000,0,0,0
B3_zmq_pushpull,zmq_tcp,none,none,,1,20269,512,584,1785153456729580000,1785153456729580000,1785153456729580000,1785153456729581000,1785153456729731000,1785153456729734000,1785153456729734000,1785153456729734000,121932490,121652369,-130.121,0.000,0.000,1.000,3.000,0.000,0.000,15.000,0,0,0
B3_zmq_pushpull,zmq_tcp,none,none,,1,20270,512,584,1785153456730579000,1785153456730579000,1785153456730579000,1785153456730580000,1785153456730708000,1785153456730711000,1785153456730711000,1785153456730711000,121932490,121652369,-152.121,0.000,0.000,1.000,3.000,0.000,0.000,22.000,0,0,0
B3_zmq_pushpull,zmq_tcp,none,none,,1,20271,512,584,1785153456731577000,1785153456731577000,1785153456731577000,1785153456731578000,1785153456731715000,1785153456731718000,1785153456731718000,1785153456731718000,121932490,121652369,-143.121,0.000,0.000,1.000,3.000,0.000,0.000,9.000,0,0,0
B3_zmq_pushpull,zmq_tcp,none,none,,1,20272,512,584,1785153456732580000,1785153456732581000,1785153456732581000,1785153456732582000,1785153456732695000,1785153456732699000,1785153456732699000,1785153456732699000,121932490,121652369,-167.121,1.000,0.000,1.000,4.000,0.000,0.000,24.000,0,0,0
B3_zmq_pushpull,zmq_tcp,none,none,,1,20273,512,584,1785153456733579000,1785153456733579000,1785153456733579000,1785153456733580000,1785153456733684000,1785153456733687000,1785153456733687000,1785153456733687000,121932490,121652369,-176.121,0.000,0.000,1.000,3.000,0.000,0.000,9.000,0,0,0
B3_zmq_pushpull,zmq_tcp,none,none,,1,20274,512,584,1785153456734579000,1785153456734579000,1785153456734579000,1785153456734580000,1785153456734653000,1785153456734657000,1785153456734657000,1785153456734657000,121932490,121652369,-207.121,0.000,0.000,1.000,4.000,0.000,0.000,31.000,0,0,0
B3_zmq_pushpull,zmq_tcp,none,none,,1,20275,512,584,1785153456735582000,1785153456735582000,1785153456735582000,1785153456735583000,1785153456735759000,1785153456735762000,1785153456735762000,1785153456735762000,121932490,121652369,-104.121,0.000,0.000,1.000,3.000,0.000,0.000,103.000,0,0,0
B3_zmq_pushpull,zmq_tcp,none,none,,1,20276,512,584,1785153456736581000,1785153456736581000,1785153456736581000,1785153456736582000,1785153456736743000,1785153456736746000,1785153456736746000,1785153456736746000,121932490,121652369,-119.121,0.000,0.000,1.000,3.000,0.000,0.000,15.000,0,0,0
B3_zmq_pushpull,zmq_tcp,none,none,,1,20277,512,584,1785153456737580000,1785153456737580000,1785153456737580000,1785153456737581000,1785153456737734000,1785153456737736000,1785153456737736000,1785153456737736000,121932490,121652369,-127.121,0.000,0.000,1.000,2.000,0.000,0.000,8.000,0,0,0
B3_zmq_pushpull,zmq_tcp,none,none,,1,20278,512,584,1785153456738576000,1785153456738576000,1785153456738576000,1785153456738577000,1785153456738722000,1785153456738725000,1785153456738725000,1785153456738725000,121932490,121652369,-135.121,0.000,0.000,1.000,3.000,0.000,0.000,8.000,0,0,0
B3_zmq_pushpull,zmq_tcp,none,none,,1,20279,512,584,1785153456739417000,1785153456739417000,1785153456739417000,1785153456739418000,1785153456739575000,1785153456739578000,1785153456739578000,1785153456739578000,121932490,121652369,-123.121,0.000,0.000,1.000,3.000,0.000,0.000,12.000,0,0,0
B3_zmq_pushpull,zmq_tcp,none,none,,1,20280,512,584,1785153456740626000,1785153456740626000,1785153456740626000,1785153456740627000,1785153456740810000,1785153456740812000,1785153456740812000,1785153456740812000,121932490,121652369,-97.121,0.000,0.000,1.000,2.000,0.000,0.000,26.000,0,0,0
B3_zmq_pushpull,zmq_tcp,none,none,,1,20281,512,584,1785153456741565000,1785153456741565000,1785153456741565000,1785153456741566000,1785153456741643000,1785153456741646000,1785153456741646000,1785153456741646000,121932490,121652369,-203.121,0.000,0.000,1.000,3.000,0.000,0.000,106.000,0,0,0
B3_zmq_pushpull,zmq_tcp,none,none,,1,20282,512,584,1785153456742588000,1785153456742588000,1785153456742589000,1785153456742589000,1785153456742782000,1785153456742784000,1785153456742784000,1785153456742784000,121932490,121652369,-87.121,0.000,1.000,0.000,2.000,0.000,0.000,116.000,0,0,0
B3_zmq_pushpull,zmq_tcp,none,none,,1,20283,512,584,1785153456743450000,1785153456743450000,1785153456743450000,1785153456743452000,1785153456743608000,1785153456743611000,1785153456743612000,1785153456743612000,121932490,121652369,-124.121,0.000,0.000,2.000,3.000,1.000,0.000,37.000,0,0,0
B3_zmq_pushpull,zmq_tcp,none,none,,1,20284,512,584,1785153456744615000,1785153456744615000,1785153456744615000,1785153456744616000,1785153456744715000,1785153456744718000,1785153456744718000,1785153456744718000,121932490,121652369,-181.121,0.000,0.000,1.000,3.000,0.000,0.000,57.000,0,0,0
B3_zmq_pushpull,zmq_tcp,none,none,,1,20285,512,584,1785153456745570000,1785153456745572000,1785153456745572000,1785153456745573000,1785153456745701000,1785153456745703000,1785153456745704000,1785153456745704000,121932490,121652369,-152.121,2.000,0.000,1.000,2.000,1.000,0.000,29.000,0,0,0
B3_zmq_pushpull,zmq_tcp,none,none,,1,20286,512,584,1785153456746585000,1785153456746585000,1785153456746585000,1785153456746586000,1785153456746698000,1785153456746700000,1785153456746700000,1785153456746700000,121932490,121652369,-168.121,0.000,0.000,1.000,2.000,0.000,0.000,16.000,0,0,0
B3_zmq_pushpull,zmq_tcp,none,none,,1,20287,512,584,1785153456747578000,1785153456747578000,1785153456747578000,1785153456747579000,1785153456747699000,1785153456747702000,1785153456747702000,1785153456747702000,121932490,121652369,-160.121,0.000,0.000,1.000,3.000,0.000,0.000,8.000,0,0,0
B3_zmq_pushpull,zmq_tcp,none,none,,1,20288,512,584,1785153456748583000,1785153456748583000,1785153456748583000,1785153456748584000,1785153456748695000,1785153456748698000,1785153456748698000,1785153456748698000,121932490,121652369,-169.121,0.000,0.000,1.000,3.000,0.000,0.000,9.000,0,0,0
B3_zmq_pushpull,zmq_tcp,none,none,,1,20289,512,584,1785153456749384000,1785153456749384000,1785153456749384000,1785153456749385000,1785153456749544000,1785153456749547000,1785153456749547000,1785153456749547000,121932490,121652369,-121.121,0.000,0.000,1.000,3.000,0.000,0.000,48.000,0,0,0
B3_zmq_pushpull,zmq_tcp,none,none,,1,20290,512,584,1785153456750629000,1785153456750629000,1785153456750629000,1785153456750630000,1785153456750786000,1785153456750789000,1785153456750789000,1785153456750789000,121932490,121652369,-124.121,0.000,0.000,1.000,3.000,0.000,0.000,3.000,0,0,0
B3_zmq_pushpull,zmq_tcp,none,none,,1,20291,512,584,1785153456751567000,1785153456751567000,1785153456751568000,1785153456751568000,1785153456751614000,1785153456751617000,1785153456751617000,1785153456751618000,121932490,121652369,-234.121,0.000,1.000,0.000,3.000,0.000,1.000,110.000,0,0,0
B3_zmq_pushpull,zmq_tcp,none,none,,1,20292,512,584,1785153456752589000,1785153456752589000,1785153456752589000,1785153456752590000,1785153456752755000,1785153456752759000,1785153456752759000,1785153456752759000,121932490,121652369,-115.121,0.000,0.000,1.000,4.000,0.000,0.000,119.000,0,0,0
B3_zmq_pushpull,zmq_tcp,none,none,,1,20293,512,584,1785153456753574000,1785153456753574000,1785153456753574000,1785153456753575000,1785153456753637000,1785153456753640000,1785153456753640000,1785153456753640000,121932490,121652369,-218.121,0.000,0.000,1.000,3.000,0.000,0.000,103.000,0,0,0
B3_zmq_pushpull,zmq_tcp,none,none,,1,20294,512,584,1785153456754462000,1785153456754462000,1785153456754462000,1785153456754463000,1785153456754610000,1785153456754613000,1785153456754613000,1785153456754613000,121932490,121652369,-133.121,0.000,0.000,1.000,3.000,0.000,0.000,85.000,0,0,0
B3_zmq_pushpull,zmq_tcp,none,none,,1,20295,512,584,1785153456755610000,1785153456755610000,1785153456755610000,1785153456755611000,1785153456755714000,1785153456755716000,1785153456755716000,1785153456755716000,121932490,121652369,-177.121,0.000,0.000,1.000,2.000,0.000,0.000,44.000,0,0,0
B3_zmq_pushpull,zmq_tcp,none,none,,1,20296,512,584,1785153456756572000,1785153456756572000,1785153456756572000,1785153456756573000,1785153456756708000,1785153456756711000,1785153456756711000,1785153456756711000,121932490,121652369,-145.121,0.000,0.000,1.000,3.000,0.000,0.000,32.000,0,0,0
B3_zmq_pushpull,zmq_tcp,none,none,,1,20297,512,584,1785153456757583000,1785153456757583000,1785153456757583000,1785153456757584000,1785153456757658000,1785153456757661000,1785153456757661000,1785153456757661000,121932490,121652369,-206.121,0.000,0.000,1.000,3.000,0.000,0.000,61.000,0,0,0
B3_zmq_pushpull,zmq_tcp,none,none,,1,20298,512,584,1785153456758579000,1785153456758580000,1785153456758580000,1785153456758581000,1785153456758647000,1785153456758650000,1785153456758650000,1785153456758650000,121932490,121652369,-214.121,1.000,0.000,1.000,3.000,0.000,0.000,8.000,0,0,0
B3_zmq_pushpull,zmq_tcp,none,none,,1,20299,512,584,1785153456759579000,1785153456759580000,1785153456759580000,1785153456759580000,1785153456759758000,1785153456759760000,1785153456759761000,1785153456759761000,121932490,121652369,-102.121,1.000,0.000,0.000,2.000,1.000,0.000,112.000,0,0,0
B3_zmq_pushpull,zmq_tcp,none,none,,1,20300,512,584,1785153456760583000,1785153456760583000,1785153456760583000,1785153456760585000,1785153456760750000,1785153456760752000,1785153456760753000,1785153456760753000,121932490,121652369,-115.121,0.000,0.000,2.000,2.000,1.000,0.000,13.000,0,0,0
B3_zmq_pushpull,zmq_tcp,none,none,,1,20301,512,584,1785153456761584000,1785153456761585000,1785153456761585000,1785153456761586000,1785153456761746000,1785153456761748000,1785153456761748000,1785153456761749000,121932490,121652369,-120.121,1.000,0.000,1.000,2.000,0.000,1.000,5.000,0,0,0
B3_zmq_pushpull,zmq_tcp,none,none,,1,20302,512,584,1785153456762580000,1785153456762580000,1785153456762580000,1785153456762581000,1785153456762726000,1785153456762728000,1785153456762728000,1785153456762728000,121932490,121652369,-135.121,0.000,0.000,1.000,2.000,0.000,0.000,15.000,0,0,0
B3_zmq_pushpull,zmq_tcp,none,none,,1,20303,512,584,1785153456763563000,1785153456763563000,1785153456763563000,1785153456763564000,1785153456763707000,1785153456763710000,1785153456763710000,1785153456763710000,121932490,121652369,-137.121,0.000,0.000,1.000,3.000,0.000,0.000,2.000,0,0,0
B3_zmq_pushpull,zmq_tcp,none,none,,1,20304,512,584,1785153456764408000,1785153456764409000,1785153456764409000,1785153456764410000,1785153456764569000,1785153456764571000,1785153456764572000,1785153456764572000,121932490,121652369,-121.121,1.000,0.000,1.000,2.000,1.000,0.000,16.000,0,0,0
B3_zmq_pushpull,zmq_tcp,none,none,,1,20305,512,584,1785153456765624000,1785153456765624000,1785153456765624000,1785153456765625000,1785153456765705000,1785153456765708000,1785153456765708000,1785153456765708000,121932490,121652369,-200.121,0.000,0.000,1.000,3.000,0.000,0.000,79.000,0,0,0
B3_zmq_pushpull,zmq_tcp,none,none,,1,20306,512,584,1785153456766571000,1785153456766572000,1785153456766572000,1785153456766573000,1785153456766702000,1785153456766705000,1785153456766705000,1785153456766705000,121932490,121652369,-151.121,1.000,0.000,1.000,3.000,0.000,0.000,49.000,0,0,0
B3_zmq_pushpull,zmq_tcp,none,none,,1,20307,512,584,1785153456767582000,1785153456767582000,1785153456767582000,1785153456767583000,1785153456767685000,1785153456767687000,1785153456767687000,1785153456767687000,121932490,121652369,-178.121,0.000,0.000,1.000,2.000,0.000,0.000,27.000,0,0,0
B3_zmq_pushpull,zmq_tcp,none,none,,1,20308,512,584,1785153456768581000,1785153456768581000,1785153456768581000,1785153456768582000,1785153456768679000,1785153456768682000,1785153456768682000,1785153456768682000,121932490,121652369,-183.121,0.000,0.000,1.000,3.000,0.000,0.000,5.000,0,0,0
B3_zmq_pushpull,zmq_tcp,none,none,,1,20309,512,584,1785153456769582000,1785153456769582000,1785153456769582000,1785153456769583000,1785153456769684000,1785153456769687000,1785153456769687000,1785153456769687000,121932490,121652369,-179.121,0.000,0.000,1.000,3.000,0.000,0.000,4.000,0,0,0
B3_zmq_pushpull,zmq_tcp,none,none,,1,20310,512,584,1785153456770547000,1785153456770547000,1785153456770547000,1785153456770548000,1785153456770698000,1785153456770701000,1785153456770701000,1785153456770701000,121932490,121652369,-130.121,0.000,0.000,1.000,3.000,0.000,0.000,49.000,0,0,0
B3_zmq_pushpull,zmq_tcp,none,none,,1,20311,512,584,1785153456771590000,1785153456771590000,1785153456771590000,1785153456771591000,1785153456771720000,1785153456771723000,1785153456771723000,1785153456771723000,121932490,121652369,-151.121,0.000,0.000,1.000,3.000,0.000,0.000,21.000,0,0,0
B3_zmq_pushpull,zmq_tcp,none,none,,1,20312,512,584,1785153456772580000,1785153456772580000,1785153456772580000,1785153456772581000,1785153456772720000,1785153456772723000,1785153456772723000,1785153456772723000,121932490,121652369,-141.121,0.000,0.000,1.000,3.000,0.000,0.000,10.000,0,0,0
B3_zmq_pushpull,zmq_tcp,none,none,,1,20313,512,584,1785153456773581000,1785153456773581000,1785153456773581000,1785153456773582000,1785153456773727000,1785153456773730000,1785153456773730000,1785153456773730000,121932490,121652369,-135.121,0.000,0.000,1.000,3.000,0.000,0.000,6.000,0,0,0
B3_zmq_pushpull,zmq_tcp,none,none,,1,20314,512,584,1785153456774577000,1785153456774577000,1785153456774577000,1785153456774578000,1785153456774745000,1785153456774748000,1785153456774748000,1785153456774748000,121932490,121652369,-113.121,0.000,0.000,1.000,3.000,0.000,0.000,22.000,0,0,0
B3_zmq_pushpull,zmq_tcp,none,none,,1,20315,512,584,1785153456775582000,1785153456775582000,1785153456775582000,1785153456775583000,1785153456775744000,1785153456775747000,1785153456775747000,1785153456775747000,121932490,121652369,-119.121,0.000,0.000,1.000,3.000,0.000,0.000,6.000,0,0,0
B3_zmq_pushpull,zmq_tcp,none,none,,1,20316,512,584,1785153456776581000,1785153456776582000,1785153456776582000,1785153456776583000,1785153456776763000,1785153456776766000,1785153456776766000,1785153456776766000,121932490,121652369,-100.121,1.000,0.000,1.000,3.000,0.000,0.000,19.000,0,0,0
B3_zmq_pushpull,zmq_tcp,none,none,,1,20317,512,584,1785153456777579000,1785153456777579000,1785153456777579000,1785153456777580000,1785153456777639000,1785153456777642000,1785153456777642000,1785153456777642000,121932490,121652369,-221.121,0.000,0.000,1.000,3.000,0.000,0.000,121.000,0,0,0
B3_zmq_pushpull,zmq_tcp,none,none,,1,20318,512,584,1785153456778582000,1785153456778582000,1785153456778582000,1785153456778584000,1785153456778647000,1785153456778650000,1785153456778650000,1785153456778650000,121932490,121652369,-217.121,0.000,0.000,2.000,3.000,0.000,0.000,4.000,0,0,0
B3_zmq_pushpull,zmq_tcp,none,none,,1,20319,512,584,1785153456779581000,1785153456779581000,1785153456779581000,1785153456779582000,1785153456779646000,1785153456779649000,1785153456779649000,1785153456779649000,121932490,121652369,-216.121,0.000,0.000,1.000,3.000,0.000,0.000,1.000,0,0,0
B3_zmq_pushpull,zmq_tcp,none,none,,1,20320,512,584,1785153456780583000,1785153456780584000,1785153456780584000,1785153456780585000,1785153456780665000,1785153456780669000,1785153456780669000,1785153456780669000,121932490,121652369,-200.121,1.000,0.000,1.000,4.000,0.000,0.000,16.000,0,0,0
B3_zmq_pushpull,zmq_tcp,none,none,,1,20321,512,584,1785153456781577000,1785153456781577000,1785153456781577000,1785153456781578000,1785153456781692000,1785153456781701000,1785153456781701000,1785153456781701000,121932490,121652369,-166.121,0.000,0.000,1.000,9.000,0.000,0.000,34.000,0,0,0
B3_zmq_pushpull,zmq_tcp,none,none,,1,20322,512,584,1785153456782583000,1785153456782583000,1785153456782583000,1785153456782584000,1785153456782700000,1785153456782703000,1785153456782703000,1785153456782703000,121932490,121652369,-164.121,0.000,0.000,1.000,3.000,0.000,0.000,2.000,0,0,0
B3_zmq_pushpull,zmq_tcp,none,none,,1,20323,512,584,1785153456783582000,1785153456783582000,1785153456783582000,1785153456783583000,1785153456783714000,1785153456783716000,1785153456783716000,1785153456783716000,121932490,121652369,-149.121,0.000,0.000,1.000,2.000,0.000,0.000,15.000,0,0,0
B3_zmq_pushpull,zmq_tcp,none,none,,1,20324,512,584,1785153456784582000,1785153456784582000,1785153456784582000,1785153456784583000,1785153456784722000,1785153456784725000,1785153456784725000,1785153456784725000,121932490,121652369,-141.121,0.000,0.000,1.000,3.000,0.000,0.000,8.000,0,0,0
B3_zmq_pushpull,zmq_tcp,none,none,,1,20325,512,584,1785153456785576000,1785153456785576000,1785153456785576000,1785153456785577000,1785153456785713000,1785153456785715000,1785153456785715000,1785153456785715000,121932490,121652369,-144.121,0.000,0.000,1.000,2.000,0.000,0.000,3.000,0,0,0
B3_zmq_pushpull,zmq_tcp,none,none,,1,20326,512,584,1785153456786582000,1785153456786582000,1785153456786582000,1785153456786583000,1785153456786695000,1785153456786698000,1785153456786698000,1785153456786698000,121932490,121652369,-168.121,0.000,0.000,1.000,3.000,0.000,0.000,24.000,0,0,0
B3_zmq_pushpull,zmq_tcp,none,none,,1,20327,512,584,1785153456787581000,1785153456787581000,1785153456787581000,1785153456787582000,1785153456787692000,1785153456787695000,1785153456787695000,1785153456787695000,121932490,121652369,-170.121,0.000,0.000,1.000,3.000,0.000,0.000,2.000,0,0,0
B3_zmq_pushpull,zmq_tcp,none,none,,1,20328,512,584,1785153456788582000,1785153456788582000,1785153456788582000,1785153456788583000,1785153456788704000,1785153456788707000,1785153456788707000,1785153456788707000,121932490,121652369,-159.121,0.000,0.000,1.000,3.000,0.000,0.000,11.000,0,0,0
B3_zmq_pushpull,zmq_tcp,none,none,,1,20329,512,584,1785153456789579000,1785153456789579000,1785153456789579000,1785153456789580000,1785153456789716000,1785153456789720000,1785153456789720000,1785153456789720000,121932490,121652369,-144.121,0.000,0.000,1.000,4.000,0.000,0.000,15.000,0,0,0
B3_zmq_pushpull,zmq_tcp,none,none,,1,20330,512,584,1785153456790581000,1785153456790581000,1785153456790581000,1785153456790582000,1785153456790727000,1785153456790730000,1785153456790730000,1785153456790730000,121932490,121652369,-135.121,0.000,0.000,1.000,3.000,0.000,0.000,9.000,0,0,0
B3_zmq_pushpull,zmq_tcp,none,none,,1,20331,512,584,1785153456791581000,1785153456791581000,1785153456791581000,1785153456791582000,1785153456791723000,1785153456791726000,1785153456791726000,1785153456791726000,121932490,121652369,-139.121,0.000,0.000,1.000,3.000,0.000,0.000,4.000,0,0,0
B3_zmq_pushpull,zmq_tcp,none,none,,1,20332,512,584,1785153456792581000,1785153456792581000,1785153456792581000,1785153456792582000,1785153456792731000,1785153456792734000,1785153456792734000,1785153456792734000,121932490,121652369,-131.121,0.000,0.000,1.000,3.000,0.000,0.000,8.000,0,0,0
B3_zmq_pushpull,zmq_tcp,none,none,,1,20333,512,584,1785153456793578000,1785153456793578000,1785153456793578000,1785153456793579000,1785153456793704000,1785153456793707000,1785153456793707000,1785153456793707000,121932490,121652369,-155.121,0.000,0.000,1.000,3.000,0.000,0.000,24.000,0,0,0
B3_zmq_pushpull,zmq_tcp,none,none,,1,20334,512,584,1785153456794583000,1785153456794583000,1785153456794583000,1785153456794584000,1785153456794691000,1785153456794694000,1785153456794694000,1785153456794694000,121932490,121652369,-173.121,0.000,0.000,1.000,3.000,0.000,0.000,18.000,0,0,0
B3_zmq_pushpull,zmq_tcp,none,none,,1,20335,512,584,1785153456795581000,1785153456795581000,1785153456795581000,1785153456795582000,1785153456795710000,1785153456795712000,1785153456795712000,1785153456795712000,121932490,121652369,-152.121,0.000,0.000,1.000,2.000,0.000,0.000,21.000,0,0,0
B3_zmq_pushpull,zmq_tcp,none,none,,1,20336,512,584,1785153456796583000,1785153456796583000,1785153456796583000,1785153456796584000,1785153456796711000,1785153456796714000,1785153456796714000,1785153456796714000,121932490,121652369,-153.121,0.000,0.000,1.000,3.000,0.000,0.000,1.000,0,0,0
B3_zmq_pushpull,zmq_tcp,none,none,,1,20337,512,584,1785153456797576000,1785153456797576000,1785153456797576000,1785153456797577000,1785153456797718000,1785153456797720000,1785153456797720000,1785153456797720000,121932490,121652369,-139.121,0.000,0.000,1.000,2.000,0.000,0.000,14.000,0,0,0
B3_zmq_pushpull,zmq_tcp,none,none,,1,20338,512,584,1785153456798585000,1785153456798585000,1785153456798585000,1785153456798586000,1785153456798708000,1785153456798711000,1785153456798711000,1785153456798711000,121932490,121652369,-158.121,0.000,0.000,1.000,3.000,0.000,0.000,19.000,0,0,0
B3_zmq_pushpull,zmq_tcp,none,none,,1,20339,512,584,1785153456799579000,1785153456799579000,1785153456799580000,1785153456799580000,1785153456799704000,1785153456799707000,1785153456799707000,1785153456799707000,121932490,121652369,-156.121,0.000,1.000,0.000,3.000,0.000,0.000,2.000,0,0,0
B3_zmq_pushpull,zmq_tcp,none,none,,1,20340,512,584,1785153456800581000,1785153456800581000,1785153456800581000,1785153456800582000,1785153456800686000,1785153456800689000,1785153456800689000,1785153456800689000,121932490,121652369,-176.121,0.000,0.000,1.000,3.000,0.000,0.000,20.000,0,0,0
B3_zmq_pushpull,zmq_tcp,none,none,,1,20341,512,584,1785153456801579000,1785153456801579000,1785153456801579000,1785153456801580000,1785153456801686000,1785153456801689000,1785153456801689000,1785153456801689000,121932490,121652369,-174.121,0.000,0.000,1.000,3.000,0.000,0.000,2.000,0,0,0
B3_zmq_pushpull,zmq_tcp,none,none,,1,20342,512,584,1785153456802585000,1785153456802585000,1785153456802585000,1785153456802586000,1785153456802689000,1785153456802691000,1785153456802691000,1785153456802691000,121932490,121652369,-177.121,0.000,0.000,1.000,2.000,0.000,0.000,3.000,0,0,0
B3_zmq_pushpull,zmq_tcp,none,none,,1,20343,512,584,1785153456803580000,1785153456803580000,1785153456803580000,1785153456803581000,1785153456803678000,1785153456803681000,1785153456803681000,1785153456803681000,121932490,121652369,-183.121,0.000,0.000,1.000,3.000,0.000,0.000,6.000,0,0,0
B3_zmq_pushpull,zmq_tcp,none,none,,1,20344,512,584,1785153456804582000,1785153456804582000,1785153456804582000,1785153456804583000,1785153456804675000,1785153456804678000,1785153456804678000,1785153456804678000,121932490,121652369,-188.121,0.000,0.000,1.000,3.000,0.000,0.000,5.000,0,0,0
B3_zmq_pushpull,zmq_tcp,none,none,,1,20345,512,584,1785153456805579000,1785153456805579000,1785153456805579000,1785153456805580000,1785153456805684000,1785153456805687000,1785153456805687000,1785153456805687000,121932490,121652369,-176.121,0.000,0.000,1.000,3.000,0.000,0.000,12.000,0,0,0
B3_zmq_pushpull,zmq_tcp,none,none,,1,20346,512,584,1785153456806581000,1785153456806581000,1785153456806581000,1785153456806582000,1785153456806687000,1785153456806690000,1785153456806690000,1785153456806690000,121932490,121652369,-175.121,0.000,0.000,1.000,3.000,0.000,0.000,1.000,0,0,0
B3_zmq_pushpull,zmq_tcp,none,none,,1,20347,512,584,1785153456807581000,1785153456807581000,1785153456807581000,1785153456807582000,1785153456807692000,1785153456807695000,1785153456807695000,1785153456807695000,121932490,121652369,-170.121,0.000,0.000,1.000,3.000,0.000,0.000,5.000,0,0,0
B3_zmq_pushpull,zmq_tcp,none,none,,1,20348,512,584,1785153456808582000,1785153456808582000,1785153456808582000,1785153456808583000,1785153456808684000,1785153456808687000,1785153456808687000,1785153456808687000,121932490,121652369,-179.121,0.000,0.000,1.000,3.000,0.000,0.000,9.000,0,0,0
B3_zmq_pushpull,zmq_tcp,none,none,,1,20349,512,584,1785153456809578000,1785153456809578000,1785153456809578000,1785153456809579000,1785153456809692000,1785153456809695000,1785153456809695000,1785153456809695000,121932490,121652369,-167.121,0.000,0.000,1.000,3.000,0.000,0.000,12.000,0,0,0
B3_zmq_pushpull,zmq_tcp,none,none,,1,20350,512,584,1785153456810583000,1785153456810583000,1785153456810584000,1785153456810585000,1785153456810699000,1785153456810703000,1785153456810703000,1785153456810703000,121932490,121652369,-166.121,0.000,1.000,1.000,4.000,0.000,0.000,1.000,0,0,0
B3_zmq_pushpull,zmq_tcp,none,none,,1,20351,512,584,1785153456811405000,1785153456811405000,1785153456811405000,1785153456811406000,1785153456811563000,1785153456811567000,1785153456811567000,1785153456811567000,121932490,121652369,-123.121,0.000,0.000,1.000,4.000,0.000,0.000,43.000,0,0,0
B3_zmq_pushpull,zmq_tcp,none,none,,1,20352,512,584,1785153456812626000,1785153456812626000,1785153456812626000,1785153456812627000,1785153456812815000,1785153456812818000,1785153456812818000,1785153456812818000,121932490,121652369,-92.121,0.000,0.000,1.000,3.000,0.000,0.000,31.000,0,0,0
B3_zmq_pushpull,zmq_tcp,none,none,,1,20353,512,584,1785153456813391000,1785153456813391000,1785153456813391000,1785153456813392000,1785153456813537000,1785153456813540000,1785153456813540000,1785153456813540000,121932490,121652369,-135.121,0.000,0.000,1.000,3.000,0.000,0.000,43.000,0,0,0
B3_zmq_pushpull,zmq_tcp,none,none,,1,20354,512,584,1785153456814629000,1785153456814629000,1785153456814629000,1785153456814630000,1785153456814811000,1785153456814814000,1785153456814814000,1785153456814814000,121932490,121652369,-99.121,0.000,0.000,1.000,3.000,0.000,0.000,36.000,0,0,0
B3_zmq_pushpull,zmq_tcp,none,none,,1,20355,512,584,1785153456815391000,1785153456815391000,1785153456815391000,1785153456815392000,1785153456815532000,1785153456815535000,1785153456815535000,1785153456815535000,121932490,121652369,-140.121,0.000,0.000,1.000,3.000,0.000,0.000,41.000,0,0,0
B3_zmq_pushpull,zmq_tcp,none,none,,1,20356,512,584,1785153456816387000,1785153456816387000,1785153456816387000,1785153456816388000,1785153456816529000,1785153456816531000,1785153456816531000,1785153456816531000,121932490,121652369,-139.121,0.000,0.000,1.000,2.000,0.000,0.000,1.000,0,0,0
B3_zmq_pushpull,zmq_tcp,none,none,,1,20357,512,584,1785153456817628000,1785153456817628000,1785153456817628000,1785153456817629000,1785153456817800000,1785153456817803000,1785153456817803000,1785153456817803000,121932490,121652369,-109.121,0.000,0.000,1.000,3.000,0.000,0.000,30.000,0,0,0
B3_zmq_pushpull,zmq_tcp,none,none,,1,20358,512,584,1785153456818569000,1785153456818569000,1785153456818569000,1785153456818570000,1785153456818671000,1785153456818674000,1785153456818674000,1785153456818674000,121932490,121652369,-179.121,0.000,0.000,1.000,3.000,0.000,0.000,70.000,0,0,0
B3_zmq_pushpull,zmq_tcp,none,none,,1,20359,512,584,1785153456819587000,1785153456819587000,1785153456819587000,1785153456819588000,1785153456819681000,1785153456819683000,1785153456819683000,1785153456819683000,121932490,121652369,-187.121,0.000,0.000,1.000,2.000,0.000,0.000,8.000,0,0,0
B3_zmq_pushpull,zmq_tcp,none,none,,1,20360,512,584,1785153456820576000,1785153456820576000,1785153456820576000,1785153456820577000,1785153456820678000,1785153456820681000,1785153456820681000,1785153456820681000,121932490,121652369,-179.121,0.000,0.000,1.000,3.000,0.000,0.000,8.000,0,0,0
B3_zmq_pushpull,zmq_tcp,none,none,,1,20361,512,584,1785153456821583000,1785153456821584000,1785153456821584000,1785153456821584000,1785153456821670000,1785153456821673000,1785153456821673000,1785153456821673000,121932490,121652369,-194.121,1.000,0.000,0.000,3.000,0.000,0.000,15.000,0,0,0
B3_zmq_pushpull,zmq_tcp,none,none,,1,20362,512,584,1785153456822581000,1785153456822581000,1785153456822581000,1785153456822582000,1785153456822670000,1785153456822672000,1785153456822672000,1785153456822672000,121932490,121652369,-192.121,0.000,0.000,1.000,2.000,0.000,0.000,2.000,0,0,0
B3_zmq_pushpull,zmq_tcp,none,none,,1,20363,512,584,1785153456823582000,1785153456823582000,1785153456823582000,1785153456823583000,1785153456823668000,1785153456823671000,1785153456823671000,1785153456823671000,121932490,121652369,-195.121,0.000,0.000,1.000,3.000,0.000,0.000,3.000,0,0,0
B3_zmq_pushpull,zmq_tcp,none,none,,1,20364,512,584,1785153456824577000,1785153456824577000,1785153456824577000,1785153456824578000,1785153456824667000,1785153456824670000,1785153456824670000,1785153456824670000,121932490,121652369,-191.121,0.000,0.000,1.000,3.000,0.000,0.000,4.000,0,0,0
B3_zmq_pushpull,zmq_tcp,none,none,,1,20365,512,584,1785153456825583000,1785153456825583000,1785153456825583000,1785153456825584000,1785153456825661000,1785153456825663000,1785153456825663000,1785153456825663000,121932490,121652369,-203.121,0.000,0.000,1.000,2.000,0.000,0.000,12.000,0,0,0
B3_zmq_pushpull,zmq_tcp,none,none,,1,20366,512,584,1785153456826582000,1785153456826583000,1785153456826583000,1785153456826584000,1785153456826671000,1785153456826674000,1785153456826674000,1785153456826674000,121932490,121652369,-193.121,1.000,0.000,1.000,3.000,0.000,0.000,10.000,0,0,0
B3_zmq_pushpull,zmq_tcp,none,none,,1,20367,512,584,1785153456827580000,1785153456827581000,1785153456827581000,1785153456827582000,1785153456827683000,1785153456827686000,1785153456827686000,1785153456827686000,121932490,121652369,-179.121,1.000,0.000,1.000,3.000,0.000,0.000,14.000,0,0,0
B3_zmq_pushpull,zmq_tcp,none,none,,1,20368,512,584,1785153456828581000,1785153456828581000,1785153456828581000,1785153456828582000,1785153456828694000,1785153456828697000,1785153456828697000,1785153456828697000,121932490,121652369,-168.121,0.000,0.000,1.000,3.000,0.000,0.000,11.000,0,0,0
B3_zmq_pushpull,zmq_tcp,none,none,,1,20369,512,584,1785153456829389000,1785153456829389000,1785153456829389000,1785153456829390000,1785153456829545000,1785153456829547000,1785153456829547000,1785153456829547000,121932490,121652369,-125.121,0.000,0.000,1.000,2.000,0.000,0.000,43.000,0,0,0
B3_zmq_pushpull,zmq_tcp,none,none,,1,20370,512,584,1785153456830629000,1785153456830629000,1785153456830629000,1785153456830630000,1785153456830691000,1785153456830694000,1785153456830694000,1785153456830694000,121932490,121652369,-219.121,0.000,0.000,1.000,3.000,0.000,0.000,94.000,0,0,0
B3_zmq_pushpull,zmq_tcp,none,none,,1,20371,512,584,1785153456831398000,1785153456831398000,1785153456831398000,1785153456831399000,1785153456831547000,1785153456831550000,1785153456831550000,1785153456831550000,121932490,121652369,-132.121,0.000,0.000,1.000,3.000,0.000,0.000,87.000,0,0,0
B3_zmq_pushpull,zmq_tcp,none,none,,1,20372,512,584,1785153456832628000,1785153456832628000,1785153456832628000,1785153456832629000,1785153456832709000,1785153456832711000,1785153456832711000,1785153456832711000,121932490,121652369,-200.121,0.000,0.000,1.000,2.000,0.000,0.000,68.000,0,0,0
B3_zmq_pushpull,zmq_tcp,none,none,,1,20373,512,584,1785153456833574000,1785153456833574000,1785153456833574000,1785153456833575000,1785153456833735000,1785153456833738000,1785153456833738000,1785153456833738000,121932490,121652369,-120.121,0.000,0.000,1.000,3.000,0.000,0.000,80.000,0,0,0
B3_zmq_pushpull,zmq_tcp,none,none,,1,20374,512,584,1785153456834582000,1785153456834583000,1785153456834583000,1785153456834584000,1785153456834729000,1785153456834731000,1785153456834731000,1785153456834731000,121932490,121652369,-135.121,1.000,0.000,1.000,2.000,0.000,0.000,15.000,0,0,0
B3_zmq_pushpull,zmq_tcp,none,none,,1,20375,512,584,1785153456835425000,1785153456835426000,1785153456835426000,1785153456835427000,1785153456835585000,1785153456835587000,1785153456835587000,1785153456835587000,121932490,121652369,-122.121,1.000,0.000,1.000,2.000,0.000,0.000,13.000,0,0,0
B3_zmq_pushpull,zmq_tcp,none,none,,1,20376,512,584,1785153456836620000,1785153456836620000,1785153456836620000,1785153456836621000,1785153456836707000,1785153456836710000,1785153456836710000,1785153456836710000,121932490,121652369,-194.121,0.000,0.000,1.000,3.000,0.000,0.000,72.000,0,0,0
B3_zmq_pushpull,zmq_tcp,none,none,,1,20377,512,584,1785153456837571000,1785153456837571000,1785153456837571000,1785153456837572000,1785153456837730000,1785153456837733000,1785153456837733000,1785153456837733000,121932490,121652369,-122.121,0.000,0.000,1.000,3.000,0.000,0.000,72.000,0,0,0
B3_zmq_pushpull,zmq_tcp,none,none,,1,20378,512,584,1785153456838583000,1785153456838584000,1785153456838584000,1785153456838585000,1785153456838709000,1785153456838711000,1785153456838711000,1785153456838711000,121932490,121652369,-156.121,1.000,0.000,1.000,2.000,0.000,0.000,34.000,0,0,0
B3_zmq_pushpull,zmq_tcp,none,none,,1,20379,512,584,1785153456839577000,1785153456839577000,1785153456839577000,1785153456839578000,1785153456839694000,1785153456839697000,1785153456839697000,1785153456839697000,121932490,121652369,-164.121,0.000,0.000,1.000,3.000,0.000,0.000,8.000,0,0,0
B3_zmq_pushpull,zmq_tcp,none,none,,1,20380,512,584,1785153456840393000,1785153456840393000,1785153456840394000,1785153456840394000,1785153456840553000,1785153456840555000,1785153456840555000,1785153456840555000,121932490,121652369,-121.121,0.000,1.000,0.000,2.000,0.000,0.000,43.000,0,0,0
B3_zmq_pushpull,zmq_tcp,none,none,,1,20381,512,584,1785153456841628000,1785153456841628000,1785153456841628000,1785153456841629000,1785153456841687000,1785153456841691000,1785153456841691000,1785153456841691000,121932490,121652369,-222.121,0.000,0.000,1.000,4.000,0.000,0.000,101.000,0,0,0
B3_zmq_pushpull,zmq_tcp,none,none,,1,20382,512,584,1785153456842566000,1785153456842566000,1785153456842566000,1785153456842567000,1785153456842694000,1785153456842697000,1785153456842697000,1785153456842697000,121932490,121652369,-153.121,0.000,0.000,1.000,3.000,0.000,0.000,69.000,0,0,0
B3_zmq_pushpull,zmq_tcp,none,none,,1,20383,512,584,1785153456843585000,1785153456843585000,1785153456843585000,1785153456843586000,1785153456843694000,1785153456843697000,1785153456843697000,1785153456843697000,121932490,121652369,-172.121,0.000,0.000,1.000,3.000,0.000,0.000,19.000,0,0,0
B3_zmq_pushpull,zmq_tcp,none,none,,1,20384,512,584,1785153456844582000,1785153456844582000,1785153456844582000,1785153456844583000,1785153456844717000,1785153456844719000,1785153456844719000,1785153456844719000,121932490,121652369,-146.121,0.000,0.000,1.000,2.000,0.000,0.000,26.000,0,0,0
B3_zmq_pushpull,zmq_tcp,none,none,,1,20385,512,584,1785153456845582000,1785153456845582000,1785153456845583000,1785153456845583000,1785153456845735000,1785153456845737000,1785153456845737000,1785153456845737000,121932490,121652369,-128.121,0.000,1.000,0.000,2.000,0.000,0.000,18.000,0,0,0
B3_zmq_pushpull,zmq_tcp,none,none,,1,20386,512,584,1785153456846582000,1785153456846582000,1785153456846582000,1785153456846583000,1785153456846750000,1785153456846753000,1785153456846753000,1785153456846753000,121932490,121652369,-113.121,0.000,0.000,1.000,3.000,0.000,0.000,15.000,0,0,0
B3_zmq_pushpull,zmq_tcp,none,none,,1,20387,512,584,1785153456847455000,1785153456847456000,1785153456847456000,1785153456847457000,1785153456847615000,1785153456847618000,1785153456847618000,1785153456847618000,121932490,121652369,-122.121,1.000,0.000,1.000,3.000,0.000,0.000,9.000,0,0,0
B3_zmq_pushpull,zmq_tcp,none,none,,1,20388,512,584,1785153456848613000,1785153456848613000,1785153456848613000,1785153456848614000,1785153456848747000,1785153456848750000,1785153456848750000,1785153456848750000,121932490,121652369,-147.121,0.000,0.000,1.000,3.000,0.000,0.000,25.000,0,0,0
B3_zmq_pushpull,zmq_tcp,none,none,,1,20389,512,584,1785153456849572000,1785153456849572000,1785153456849572000,1785153456849573000,1785153456849734000,1785153456849737000,1785153456849737000,1785153456849737000,121932490,121652369,-119.121,0.000,0.000,1.000,3.000,0.000,0.000,28.000,0,0,0
B3_zmq_pushpull,zmq_tcp,none,none,,1,20390,512,584,1785153456850583000,1785153456850583000,1785153456850583000,1785153456850584000,1785153456850718000,1785153456850721000,1785153456850721000,1785153456850721000,121932490,121652369,-146.121,0.000,0.000,1.000,3.000,0.000,0.000,27.000,0,0,0
B3_zmq_pushpull,zmq_tcp,none,none,,1,20391,512,584,1785153456851581000,1785153456851581000,1785153456851581000,1785153456851582000,1785153456851729000,1785153456851731000,1785153456851731000,1785153456851731000,121932490,121652369,-133.121,0.000,0.000,1.000,2.000,0.000,0.000,13.000,0,0,0
B3_zmq_pushpull,zmq_tcp,none,none,,1,20392,512,584,1785153456852583000,1785153456852583000,1785153456852583000,1785153456852584000,1785153456852731000,1785153456852733000,1785153456852733000,1785153456852733000,121932490,121652369,-133.121,0.000,0.000,1.000,2.000,0.000,0.000,0.000,0,0,0
B3_zmq_pushpull,zmq_tcp,none,none,,1,20393,512,584,1785153456853577000,1785153456853577000,1785153456853577000,1785153456853578000,1785153456853730000,1785153456853733000,1785153456853733000,1785153456853733000,121932490,121652369,-128.121,0.000,0.000,1.000,3.000,0.000,0.000,5.000,0,0,0
B3_zmq_pushpull,zmq_tcp,none,none,,1,20394,512,584,1785153456854581000,1785153456854582000,1785153456854582000,1785153456854583000,1785153456854723000,1785153456854727000,1785153456854727000,1785153456854727000,121932490,121652369,-140.121,1.000,0.000,1.000,4.000,0.000,0.000,12.000,0,0,0
B3_zmq_pushpull,zmq_tcp,none,none,,1,20395,512,584,1785153456855580000,1785153456855580000,1785153456855580000,1785153456855581000,1785153456855738000,1785153456855741000,1785153456855741000,1785153456855741000,121932490,121652369,-123.121,0.000,0.000,1.000,3.000,0.000,0.000,17.000,0,0,0
B3_zmq_pushpull,zmq_tcp,none,none,,1,20396,512,584,1785153456856582000,1785153456856582000,1785153456856582000,1785153456856583000,1785153456856731000,1785153456856734000,1785153456856734000,1785153456856734000,121932490,121652369,-132.121,0.000,0.000,1.000,3.000,0.000,0.000,9.000,0,0,0
B3_zmq_pushpull,zmq_tcp,none,none,,1,20397,512,584,1785153456857579000,1785153456857579000,1785153456857579000,1785153456857580000,1785153456857715000,1785153456857718000,1785153456857718000,1785153456857718000,121932490,121652369,-145.121,0.000,0.000,1.000,3.000,0.000,0.000,13.000,0,0,0
B3_zmq_pushpull,zmq_tcp,none,none,,1,20398,512,584,1785153456858580000,1785153456858580000,1785153456858580000,1785153456858581000,1785153456858719000,1785153456858722000,1785153456858722000,1785153456858722000,121932490,121652369,-142.121,0.000,0.000,1.000,3.000,0.000,0.000,3.000,0,0,0
B3_zmq_pushpull,zmq_tcp,none,none,,1,20399,512,584,1785153456859582000,1785153456859583000,1785153456859583000,1785153456859584000,1785153456859707000,1785153456859710000,1785153456859710000,1785153456859710000,121932490,121652369,-157.121,1.000,0.000,1.000,3.000,0.000,0.000,15.000,0,0,0
B3_zmq_pushpull,zmq_tcp,none,none,,1,20400,512,584,1785153456860577000,1785153456860577000,1785153456860577000,1785153456860578000,1785153456860659000,1785153456860662000,1785153456860662000,1785153456860662000,121932490,121652369,-199.121,0.000,0.000,1.000,3.000,0.000,0.000,42.000,0,0,0
B3_zmq_pushpull,zmq_tcp,none,none,,1,20401,512,584,1785153456861584000,1785153456861584000,1785153456861584000,1785153456861585000,1785153456861646000,1785153456861649000,1785153456861649000,1785153456861649000,121932490,121652369,-219.121,0.000,0.000,1.000,3.000,0.000,0.000,20.000,0,0,0
B3_zmq_pushpull,zmq_tcp,none,none,,1,20402,512,584,1785153456862580000,1785153456862580000,1785153456862580000,1785153456862581000,1785153456862624000,1785153456862628000,1785153456862628000,1785153456862628000,121932490,121652369,-237.121,0.000,0.000,1.000,4.000,0.000,0.000,18.000,0,0,0
B3_zmq_pushpull,zmq_tcp,none,none,,1,20403,512,584,1785153456863580000,1785153456863580000,1785153456863580000,1785153456863581000,1785153456863741000,1785153456863744000,1785153456863744000,1785153456863744000,121932490,121652369,-120.121,0.000,0.000,1.000,3.000,0.000,0.000,117.000,0,0,0
B3_zmq_pushpull,zmq_tcp,none,none,,1,20404,512,584,1785153456864422000,1785153456864422000,1785153456864422000,1785153456864423000,1785153456864564000,1785153456864567000,1785153456864567000,1785153456864567000,121932490,121652369,-139.121,0.000,0.000,1.000,3.000,0.000,0.000,19.000,0,0,0
B3_zmq_pushpull,zmq_tcp,none,none,,1,20405,512,584,1785153456865395000,1785153456865395000,1785153456865395000,1785153456865396000,1785153456865552000,1785153456865554000,1785153456865554000,1785153456865554000,121932490,121652369,-124.121,0.000,0.000,1.000,2.000,0.000,0.000,15.000,0,0,0
B3_zmq_pushpull,zmq_tcp,none,none,,1,20406,512,584,1785153456866383000,1785153456866383000,1785153456866383000,1785153456866384000,1785153456866531000,1785153456866533000,1785153456866533000,1785153456866533000,121932490,121652369,-133.121,0.000,0.000,1.000,2.000,0.000,0.000,9.000,0,0,0
B3_zmq_pushpull,zmq_tcp,none,none,,1,20407,512,584,1785153456867475000,1785153456867475000,1785153456867475000,1785153456867476000,1785153456867636000,1785153456867638000,1785153456867638000,1785153456867638000,121932490,121652369,-120.121,0.000,0.000,1.000,2.000,0.000,0.000,13.000,0,0,0
B3_zmq_pushpull,zmq_tcp,none,none,,1,20408,512,584,1785153456868607000,1785153456868607000,1785153456868607000,1785153456868608000,1785153456868741000,1785153456868744000,1785153456868744000,1785153456868744000,121932490,121652369,-147.121,0.000,0.000,1.000,3.000,0.000,0.000,27.000,0,0,0
B3_zmq_pushpull,zmq_tcp,none,none,,1,20409,512,584,1785153456869573000,1785153456869573000,1785153456869574000,1785153456869574000,1785153456869733000,1785153456869738000,1785153456869738000,1785153456869738000,121932490,121652369,-121.121,0.000,1.000,0.000,5.000,0.000,0.000,26.000,0,0,0
B3_zmq_pushpull,zmq_tcp,none,none,,1,20410,512,584,1785153456870422000,1785153456870422000,1785153456870422000,1785153456870423000,1785153456870574000,1785153456870577000,1785153456870577000,1785153456870577000,121932490,121652369,-129.121,0.000,0.000,1.000,3.000,0.000,0.000,8.000,0,0,0
B3_zmq_pushpull,zmq_tcp,none,none,,1,20411,512,584,1785153456871400000,1785153456871400000,1785153456871401000,1785153456871401000,1785153456871554000,1785153456871557000,1785153456871557000,1785153456871557000,121932490,121652369,-127.121,0.000,1.000,0.000,3.000,0.000,0.000,2.000,0,0,0
B3_zmq_pushpull,zmq_tcp,none,none,,1,20412,512,584,1785153456872384000,1785153456872385000,1785153456872385000,1785153456872386000,1785153456872536000,1785153456872538000,1785153456872538000,1785153456872538000,121932490,121652369,-130.121,1.000,0.000,1.000,2.000,0.000,0.000,3.000,0,0,0
B3_zmq_pushpull,zmq_tcp,none,none,,1,20413,512,584,1785153456873510000,1785153456873510000,1785153456873510000,1785153456873511000,1785153456873674000,1785153456873678000,1785153456873678000,1785153456873678000,121932490,121652369,-117.121,0.000,0.000,1.000,4.000,0.000,0.000,13.000,0,0,0
B3_zmq_pushpull,zmq_tcp,none,none,,1,20414,512,584,1785153456874599000,1785153456874599000,1785153456874599000,1785153456874600000,1785153456874680000,1785153456874684000,1785153456874684000,1785153456874684000,121932490,121652369,-200.121,0.000,0.000,1.000,4.000,0.000,0.000,83.000,0,0,0
B3_zmq_pushpull,zmq_tcp,none,none,,1,20415,512,584,1785153456875506000,1785153456875506000,1785153456875506000,1785153456875507000,1785153456875665000,1785153456875668000,1785153456875668000,1785153456875668000,121932490,121652369,-122.121,0.000,0.000,1.000,3.000,0.000,0.000,78.000,0,0,0
B3_zmq_pushpull,zmq_tcp,none,none,,1,20416,512,584,1785153456876383000,1785153456876384000,1785153456876384000,1785153456876385000,1785153456876525000,1785153456876528000,1785153456876528000,1785153456876528000,121932490,121652369,-140.121,1.000,0.000,1.000,3.000,0.000,0.000,18.000,0,0,0
B3_zmq_pushpull,zmq_tcp,none,none,,1,20417,512,584,1785153456877494000,1785153456877494000,1785153456877494000,1785153456877495000,1785153456877653000,1785153456877656000,1785153456877656000,1785153456877656000,121932490,121652369,-122.121,0.000,0.000,1.000,3.000,0.000,0.000,18.000,0,0,0
B3_zmq_pushpull,zmq_tcp,none,none,,1,20418,512,584,1785153456878474000,1785153456878474000,1785153456878474000,1785153456878475000,1785153456878629000,1785153456878632000,1785153456878632000,1785153456878632000,121932490,121652369,-126.121,0.000,0.000,1.000,3.000,0.000,0.000,4.000,0,0,0
B3_zmq_pushpull,zmq_tcp,none,none,,1,20419,512,584,1785153456879455000,1785153456879455000,1785153456879455000,1785153456879456000,1785153456879616000,1785153456879619000,1785153456879619000,1785153456879619000,121932490,121652369,-120.121,0.000,0.000,1.000,3.000,0.000,0.000,6.000,0,0,0
B3_zmq_pushpull,zmq_tcp,none,none,,1,20420,512,584,1785153456880613000,1785153456880613000,1785153456880613000,1785153456880614000,1785153456880730000,1785153456880733000,1785153456880733000,1785153456880733000,121932490,121652369,-164.121,0.000,0.000,1.000,3.000,0.000,0.000,44.000,0,0,0
B3_zmq_pushpull,zmq_tcp,none,none,,1,20421,512,584,1785153456881573000,1785153456881573000,1785153456881573000,1785153456881574000,1785153456881720000,1785153456881723000,1785153456881723000,1785153456881723000,121932490,121652369,-134.121,0.000,0.000,1.000,3.000,0.000,0.000,30.000,0,0,0
B3_zmq_pushpull,zmq_tcp,none,none,,1,20422,512,584,1785153456882386000,1785153456882386000,1785153456882386000,1785153456882387000,1785153456882538000,1785153456882542000,1785153456882542000,1785153456882542000,121932490,121652369,-129.121,0.000,0.000,1.000,4.000,0.000,0.000,5.000,0,0,0
B3_zmq_pushpull,zmq_tcp,none,none,,1,20423,512,584,1785153456883506000,1785153456883507000,1785153456883507000,1785153456883508000,1785153456883661000,1785153456883664000,1785153456883664000,1785153456883664000,121932490,121652369,-127.121,1.000,0.000,1.000,3.000,0.000,0.000,2.000,0,0,0
B3_zmq_pushpull,zmq_tcp,none,none,,1,20424,512,584,1785153456884480000,1785153456884481000,1785153456884481000,1785153456884482000,1785153456884634000,1785153456884638000,1785153456884638000,1785153456884638000,121932490,121652369,-128.121,1.000,0.000,1.000,4.000,0.000,0.000,1.000,0,0,0
B3_zmq_pushpull,zmq_tcp,none,none,,1,20425,512,584,1785153456885607000,1785153456885607000,1785153456885607000,1785153456885608000,1785153456885777000,1785153456885780000,1785153456885780000,1785153456885780000,121932490,121652369,-111.121,0.000,0.000,1.000,3.000,0.000,0.000,17.000,0,0,0
B3_zmq_pushpull,zmq_tcp,none,none,,1,20426,512,584,1785153456886573000,1785153456886574000,1785153456886574000,1785153456886575000,1785153456886762000,1785153456886765000,1785153456886765000,1785153456886765000,121932490,121652369,-93.121,1.000,0.000,1.000,3.000,0.000,0.000,18.000,0,0,0
B3_zmq_pushpull,zmq_tcp,none,none,,1,20427,512,584,1785153456887583000,1785153456887583000,1785153456887583000,1785153456887584000,1785153456887747000,1785153456887750000,1785153456887750000,1785153456887750000,121932490,121652369,-117.121,0.000,0.000,1.000,3.000,0.000,0.000,24.000,0,0,0
B3_zmq_pushpull,zmq_tcp,none,none,,1,20428,512,584,1785153456888580000,1785153456888580000,1785153456888580000,1785153456888581000,1785153456888743000,1785153456888745000,1785153456888745000,1785153456888745000,121932490,121652369,-118.121,0.000,0.000,1.000,2.000,0.000,0.000,1.000,0,0,0
B3_zmq_pushpull,zmq_tcp,none,none,,1,20429,512,584,1785153456889439000,1785153456889439000,1785153456889439000,1785153456889440000,1785153456889597000,1785153456889600000,1785153456889600000,1785153456889600000,121932490,121652369,-123.121,0.000,0.000,1.000,3.000,0.000,0.000,5.000,0,0,0
B3_zmq_pushpull,zmq_tcp,none,none,,1,20430,512,584,1785153456890612000,1785153456890612000,1785153456890612000,1785153456890613000,1785153456890720000,1785153456890723000,1785153456890723000,1785153456890723000,121932490,121652369,-173.121,0.000,0.000,1.000,3.000,0.000,0.000,50.000,0,0,0
B3_zmq_pushpull,zmq_tcp,none,none,,1,20431,512,584,1785153456891572000,1785153456891572000,1785153456891572000,1785153456891573000,1785153456891696000,1785153456891699000,1785153456891699000,1785153456891699000,121932490,121652369,-157.121,0.000,0.000,1.000,3.000,0.000,0.000,16.000,0,0,0
B3_zmq_pushpull,zmq_tcp,none,none,,1,20432,512,584,1785153456892583000,1785153456892583000,1785153456892583000,1785153456892584000,1785153456892685000,1785153456892688000,1785153456892688000,1785153456892688000,121932490,121652369,-179.121,0.000,0.000,1.000,3.000,0.000,0.000,22.000,0,0,0
B3_zmq_pushpull,zmq_tcp,none,none,,1,20433,512,584,1785153456893577000,1785153456893578000,1785153456893578000,1785153456893579000,1785153456893688000,1785153456893691000,1785153456893691000,1785153456893691000,121932490,121652369,-171.121,1.000,0.000,1.000,3.000,0.000,0.000,8.000,0,0,0
B3_zmq_pushpull,zmq_tcp,none,none,,1,20434,512,584,1785153456894586000,1785153456894586000,1785153456894586000,1785153456894587000,1785153456894663000,1785153456894666000,1785153456894666000,1785153456894666000,121932490,121652369,-204.121,0.000,0.000,1.000,3.000,0.000,0.000,33.000,0,0,0
B3_zmq_pushpull,zmq_tcp,none,none,,1,20435,512,584,1785153456895579000,1785153456895579000,1785153456895579000,1785153456895580000,1785153456895648000,1785153456895651000,1785153456895651000,1785153456895651000,121932490,121652369,-212.121,0.000,0.000,1.000,3.000,0.000,0.000,8.000,0,0,0
B3_zmq_pushpull,zmq_tcp,none,none,,1,20436,512,584,1785153456896474000,1785153456896474000,1785153456896474000,1785153456896475000,1785153456896624000,1785153456896629000,1785153456896629000,1785153456896629000,121932490,121652369,-131.121,0.000,0.000,1.000,5.000,0.000,0.000,81.000,0,0,0
B3_zmq_pushpull,zmq_tcp,none,none,,1,20437,512,584,1785153456897607000,1785153456897607000,1785153456897607000,1785153456897608000,1785153456897749000,1785153456897752000,1785153456897752000,1785153456897752000,121932490,121652369,-139.121,0.000,0.000,1.000,3.000,0.000,0.000,8.000,0,0,0
B3_zmq_pushpull,zmq_tcp,none,none,,1,20438,512,584,1785153456898427000,1785153456898427000,1785153456898427000,1785153456898428000,1785153456898588000,1785153456898591000,1785153456898591000,1785153456898591000,121932490,121652369,-120.121,0.000,0.000,1.000,3.000,0.000,0.000,19.000,0,0,0
B3_zmq_pushpull,zmq_tcp,none,none,,1,20439,512,584,1785153456899619000,1785153456899619000,1785153456899619000,1785153456899620000,1785153456899703000,1785153456899706000,1785153456899706000,1785153456899706000,121932490,121652369,-197.121,0.000,0.000,1.000,3.000,0.000,0.000,77.000,0,0,0
B3_zmq_pushpull,zmq_tcp,none,none,,1,20440,512,584,1785153456900568000,1785153456900569000,1785153456900569000,1785153456900570000,1785153456900689000,1785153456900692000,1785153456900692000,1785153456900692000,121932490,121652369,-161.121,1.000,0.000,1.000,3.000,0.000,0.000,36.000,0,0,0
B3_zmq_pushpull,zmq_tcp,none,none,,1,20441,512,584,1785153456901584000,1785153456901584000,1785153456901584000,1785153456901585000,1785153456901662000,1785153456901665000,1785153456901665000,1785153456901665000,121932490,121652369,-203.121,0.000,0.000,1.000,3.000,0.000,0.000,42.000,0,0,0
B3_zmq_pushpull,zmq_tcp,none,none,,1,20442,512,584,1785153456902583000,1785153456902583000,1785153456902583000,1785153456902584000,1785153456902647000,1785153456902649000,1785153456902649000,1785153456902649000,121932490,121652369,-217.121,0.000,0.000,1.000,2.000,0.000,0.000,14.000,0,0,0
B3_zmq_pushpull,zmq_tcp,none,none,,1,20443,512,584,1785153456903582000,1785153456903582000,1785153456903582000,1785153456903583000,1785153456903756000,1785153456903759000,1785153456903759000,1785153456903759000,121932490,121652369,-107.121,0.000,0.000,1.000,3.000,0.000,0.000,110.000,0,0,0
B3_zmq_pushpull,zmq_tcp,none,none,,1,20444,512,584,1785153456904581000,1785153456904581000,1785153456904581000,1785153456904582000,1785153456904728000,1785153456904731000,1785153456904731000,1785153456904731000,121932490,121652369,-134.121,0.000,0.000,1.000,3.000,0.000,0.000,27.000,0,0,0
B3_zmq_pushpull,zmq_tcp,none,none,,1,20445,512,584,1785153456905580000,1785153456905580000,1785153456905580000,1785153456905581000,1785153456905689000,1785153456905692000,1785153456905692000,1785153456905692000,121932490,121652369,-172.121,0.000,0.000,1.000,3.000,0.000,0.000,38.000,0,0,0
B3_zmq_pushpull,zmq_tcp,none,none,,1,20446,512,584,1785153456906405000,1785153456906405000,1785153456906405000,1785153456906407000,1785153456906551000,1785153456906553000,1785153456906553000,1785153456906553000,121932490,121652369,-136.121,0.000,0.000,2.000,2.000,0.000,0.000,36.000,0,0,0
B3_zmq_pushpull,zmq_tcp,none,none,,1,20447,512,584,1785153456907627000,1785153456907627000,1785153456907627000,1785153456907628000,1785153456907817000,1785153456907820000,1785153456907820000,1785153456907820000,121932490,121652369,-91.121,0.000,0.000,1.000,3.000,0.000,0.000,45.000,0,0,0
B3_zmq_pushpull,zmq_tcp,none,none,,1,20448,512,584,1785153456908568000,1785153456908568000,1785153456908568000,1785153456908569000,1785153456908676000,1785153456908679000,1785153456908679000,1785153456908679000,121932490,121652369,-173.121,0.000,0.000,1.000,3.000,0.000,0.000,82.000,0,0,0
B3_zmq_pushpull,zmq_tcp,none,none,,1,20449,512,584,1785153456909584000,1785153456909584000,1785153456909584000,1785153456909585000,1785153456909677000,1785153456909680000,1785153456909680000,1785153456909680000,121932490,121652369,-188.121,0.000,0.000,1.000,3.000,0.000,0.000,15.000,0,0,0
B3_zmq_pushpull,zmq_tcp,none,none,,1,20450,512,584,1785153456910581000,1785153456910581000,1785153456910581000,1785153456910582000,1785153456910673000,1785153456910676000,1785153456910676000,1785153456910676000,121932490,121652369,-189.121,0.000,0.000,1.000,3.000,0.000,0.000,1.000,0,0,0
B3_zmq_pushpull,zmq_tcp,none,none,,1,20451,512,584,1785153456911580000,1785153456911580000,1785153456911580000,1785153456911581000,1785153456911653000,1785153456911656000,1785153456911656000,1785153456911656000,121932490,121652369,-208.121,0.000,0.000,1.000,3.000,0.000,0.000,19.000,0,0,0
B3_zmq_pushpull,zmq_tcp,none,none,,1,20452,512,584,1785153456912483000,1785153456912483000,1785153456912483000,1785153456912484000,1785153456912637000,1785153456912640000,1785153456912640000,1785153456912640000,121932490,121652369,-127.121,0.000,0.000,1.000,3.000,0.000,0.000,81.000,0,0,0
B3_zmq_pushpull,zmq_tcp,none,none,,1,20453,512,584,1785153456913457000,1785153456913458000,1785153456913458000,1785153456913458000,1785153456913615000,1785153456913617000,1785153456913617000,1785153456913617000,121932490,121652369,-123.121,1.000,0.000,0.000,2.000,0.000,0.000,4.000,0,0,0
B3_zmq_pushpull,zmq_tcp,none,none,,1,20454,512,584,1785153456914450000,1785153456914450000,1785153456914450000,1785153456914451000,1785153456914611000,1785153456914613000,1785153456914613000,1785153456914613000,121932490,121652369,-120.121,0.000,0.000,1.000,2.000,0.000,0.000,3.000,0,0,0
B3_zmq_pushpull,zmq_tcp,none,none,,1,20455,512,584,1785153456915614000,1785153456915614000,1785153456915614000,1785153456915615000,1785153456915731000,1785153456915733000,1785153456915733000,1785153456915733000,121932490,121652369,-164.121,0.000,0.000,1.000,2.000,0.000,0.000,44.000,0,0,0
B3_zmq_pushpull,zmq_tcp,none,none,,1,20456,512,584,1785153456916572000,1785153456916572000,1785153456916572000,1785153456916573000,1785153456916704000,1785153456916707000,1785153456916707000,1785153456916707000,121932490,121652369,-149.121,0.000,0.000,1.000,3.000,0.000,0.000,15.000,0,0,0
B3_zmq_pushpull,zmq_tcp,none,none,,1,20457,512,584,1785153456917583000,1785153456917584000,1785153456917584000,1785153456917585000,1785153456917652000,1785153456917656000,1785153456917656000,1785153456917656000,121932490,121652369,-213.121,1.000,0.000,1.000,4.000,0.000,0.000,64.000,0,0,0
B3_zmq_pushpull,zmq_tcp,none,none,,1,20458,512,584,1785153456918471000,1785153456918471000,1785153456918472000,1785153456918472000,1785153456918624000,1785153456918627000,1785153456918627000,1785153456918627000,121932490,121652369,-128.121,0.000,1.000,0.000,3.000,0.000,0.000,85.000,0,0,0
B3_zmq_pushpull,zmq_tcp,none,none,,1,20459,512,584,1785153456919451000,1785153456919452000,1785153456919452000,1785153456919453000,1785153456919604000,1785153456919607000,1785153456919607000,1785153456919607000,121932490,121652369,-129.121,1.000,0.000,1.000,3.000,0.000,0.000,1.000,0,0,0
B3_zmq_pushpull,zmq_tcp,none,none,,1,20460,512,584,1785153456920437000,1785153456920438000,1785153456920438000,1785153456920439000,1785153456920576000,1785153456920578000,1785153456920578000,1785153456920578000,121932490,121652369,-143.121,1.000,0.000,1.000,2.000,0.000,0.000,14.000,0,0,0
B3_zmq_pushpull,zmq_tcp,none,none,,1,20461,512,584,1785153456921417000,1785153456921417000,1785153456921417000,1785153456921418000,1785153456921565000,1785153456921568000,1785153456921568000,1785153456921568000,121932490,121652369,-133.121,0.000,0.000,1.000,3.000,0.000,0.000,10.000,0,0,0
B3_zmq_pushpull,zmq_tcp,none,none,,1,20462,512,584,1785153456922395000,1785153456922395000,1785153456922395000,1785153456922396000,1785153456922556000,1785153456922559000,1785153456922559000,1785153456922559000,121932490,121652369,-120.121,0.000,0.000,1.000,3.000,0.000,0.000,13.000,0,0,0
B3_zmq_pushpull,zmq_tcp,none,none,,1,20463,512,584,1785153456923627000,1785153456923627000,1785153456923627000,1785153456923628000,1785153456923691000,1785153456923693000,1785153456923693000,1785153456923693000,121932490,121652369,-217.121,0.000,0.000,1.000,2.000,0.000,0.000,97.000,0,0,0
B3_zmq_pushpull,zmq_tcp,none,none,,1,20464,512,584,1785153456924386000,1785153456924386000,1785153456924386000,1785153456924387000,1785153456924517000,1785153456924520000,1785153456924520000,1785153456924520000,121932490,121652369,-150.121,0.000,0.000,1.000,3.000,0.000,0.000,67.000,0,0,0
B3_zmq_pushpull,zmq_tcp,none,none,,1,20465,512,584,1785153456925482000,1785153456925482000,1785153456925483000,1785153456925484000,1785153456925625000,1785153456925628000,1785153456925628000,1785153456925628000,121932490,121652369,-139.121,0.000,1.000,1.000,3.000,0.000,0.000,11.000,0,0,0
B3_zmq_pushpull,zmq_tcp,none,none,,1,20466,512,584,1785153456926606000,1785153456926606000,1785153456926606000,1785153456926607000,1785153456926740000,1785153456926743000,1785153456926743000,1785153456926743000,121932490,121652369,-147.121,0.000,0.000,1.000,3.000,0.000,0.000,8.000,0,0,0
B3_zmq_pushpull,zmq_tcp,none,none,,1,20467,512,584,1785153456927575000,1785153456927575000,1785153456927575000,1785153456927576000,1785153456927712000,1785153456927715000,1785153456927715000,1785153456927715000,121932490,121652369,-144.121,0.000,0.000,1.000,3.000,0.000,0.000,3.000,0,0,0
B3_zmq_pushpull,zmq_tcp,none,none,,1,20468,512,584,1785153456928579000,1785153456928579000,1785153456928579000,1785153456928580000,1785153456928705000,1785153456928707000,1785153456928707000,1785153456928707000,121932490,121652369,-155.121,0.000,0.000,1.000,2.000,0.000,0.000,11.000,0,0,0
B3_zmq_pushpull,zmq_tcp,none,none,,1,20469,512,584,1785153456929582000,1785153456929582000,1785153456929582000,1785153456929583000,1785153456929691000,1785153456929694000,1785153456929694000,1785153456929694000,121932490,121652369,-172.121,0.000,0.000,1.000,3.000,0.000,0.000,17.000,0,0,0
B3_zmq_pushpull,zmq_tcp,none,none,,1,20470,512,584,1785153456930583000,1785153456930583000,1785153456930583000,1785153456930584000,1785153456930660000,1785153456930662000,1785153456930663000,1785153456930663000,121932490,121652369,-204.121,0.000,0.000,1.000,2.000,1.000,0.000,32.000,0,0,0
B3_zmq_pushpull,zmq_tcp,none,none,,1,20471,512,584,1785153456931579000,1785153456931579000,1785153456931579000,1785153456931580000,1785153456931633000,1785153456931636000,1785153456931636000,1785153456931636000,121932490,121652369,-227.121,0.000,0.000,1.000,3.000,0.000,0.000,23.000,0,0,0
B3_zmq_pushpull,zmq_tcp,none,none,,1,20472,512,584,1785153456932582000,1785153456932582000,1785153456932582000,1785153456932583000,1785153456932745000,1785153456932748000,1785153456932748000,1785153456932748000,121932490,121652369,-118.121,0.000,0.000,1.000,3.000,0.000,0.000,109.000,0,0,0
B3_zmq_pushpull,zmq_tcp,none,none,,1,20473,512,584,1785153456933422000,1785153456933422000,1785153456933422000,1785153456933423000,1785153456933573000,1785153456933577000,1785153456933577000,1785153456933577000,121932490,121652369,-130.121,0.000,0.000,1.000,4.000,0.000,0.000,12.000,0,0,0
B3_zmq_pushpull,zmq_tcp,none,none,,1,20474,512,584,1785153456934621000,1785153456934621000,1785153456934621000,1785153456934622000,1785153456934676000,1785153456934679000,1785153456934679000,1785153456934679000,121932490,121652369,-226.121,0.000,0.000,1.000,3.000,0.000,0.000,96.000,0,0,0
B3_zmq_pushpull,zmq_tcp,none,none,,1,20475,512,584,1785153456935509000,1785153456935509000,1785153456935509000,1785153456935510000,1785153456935652000,1785153456935655000,1785153456935655000,1785153456935655000,121932490,121652369,-138.121,0.000,0.000,1.000,3.000,0.000,0.000,88.000,0,0,0
B3_zmq_pushpull,zmq_tcp,none,none,,1,20476,512,584,1785153456936601000,1785153456936601000,1785153456936601000,1785153456936602000,1785153456936777000,1785153456936780000,1785153456936780000,1785153456936780000,121932490,121652369,-105.121,0.000,0.000,1.000,3.000,0.000,0.000,33.000,0,0,0
B3_zmq_pushpull,zmq_tcp,none,none,,1,20477,512,584,1785153456937575000,1785153456937575000,1785153456937575000,1785153456937576000,1785153456937747000,1785153456937749000,1785153456937749000,1785153456937749000,121932490,121652369,-109.121,0.000,0.000,1.000,2.000,0.000,0.000,4.000,0,0,0
B3_zmq_pushpull,zmq_tcp,none,none,,1,20478,512,584,1785153456938582000,1785153456938583000,1785153456938583000,1785153456938584000,1785153456938747000,1785153456938750000,1785153456938750000,1785153456938750000,121932490,121652369,-117.121,1.000,0.000,1.000,3.000,0.000,0.000,8.000,0,0,0
B3_zmq_pushpull,zmq_tcp,none,none,,1,20479,512,584,1785153456939577000,1785153456939577000,1785153456939577000,1785153456939578000,1785153456939714000,1785153456939716000,1785153456939716000,1785153456939716000,121932490,121652369,-144.121,0.000,0.000,1.000,2.000,0.000,0.000,27.000,0,0,0
B3_zmq_pushpull,zmq_tcp,none,none,,1,20480,512,584,1785153456940413000,1785153456940413000,1785153456940413000,1785153456940415000,1785153456940547000,1785153456940549000,1785153456940549000,1785153456940549000,121932490,121652369,-148.121,0.000,0.000,2.000,2.000,0.000,0.000,4.000,0,0,0
B3_zmq_pushpull,zmq_tcp,none,none,,1,20481,512,584,1785153456941627000,1785153456941628000,1785153456941628000,1785153456941629000,1785153456941808000,1785153456941811000,1785153456941811000,1785153456941811000,121932490,121652369,-101.121,1.000,0.000,1.000,3.000,0.000,0.000,47.000,0,0,0
B3_zmq_pushpull,zmq_tcp,none,none,,1,20482,512,584,1785153456942566000,1785153456942566000,1785153456942566000,1785153456942567000,1785153456942664000,1785153456942667000,1785153456942667000,1785153456942667000,121932490,121652369,-183.121,0.000,0.000,1.000,3.000,0.000,0.000,82.000,0,0,0
B3_zmq_pushpull,zmq_tcp,none,none,,1,20483,512,584,1785153456943584000,1785153456943584000,1785153456943585000,1785153456943585000,1785153456943667000,1785153456943670000,1785153456943670000,1785153456943670000,121932490,121652369,-198.121,0.000,1.000,0.000,3.000,0.000,0.000,15.000,0,0,0
B3_zmq_pushpull,zmq_tcp,none,none,,1,20484,512,584,1785153456944583000,1785153456944583000,1785153456944583000,1785153456944584000,1785153456944672000,1785153456944676000,1785153456944677000,1785153456944677000,121932490,121652369,-192.121,0.000,0.000,1.000,4.000,1.000,0.000,6.000,0,0,0
B3_zmq_pushpull,zmq_tcp,none,none,,1,20485,512,584,1785153456945580000,1785153456945581000,1785153456945581000,1785153456945582000,1785153456945645000,1785153456945648000,1785153456945648000,1785153456945648000,121932490,121652369,-217.121,1.000,0.000,1.000,3.000,0.000,0.000,25.000,0,0,0
B3_zmq_pushpull,zmq_tcp,none,none,,1,20486,512,584,1785153456946578000,1785153456946578000,1785153456946578000,1785153456946579000,1785153456946624000,1785153456946626000,1785153456946626000,1785153456946626000,121932490,121652369,-235.121,0.000,0.000,1.000,2.000,0.000,0.000,18.000,0,0,0
B3_zmq_pushpull,zmq_tcp,none,none,,1,20487,512,584,1785153456947582000,1785153456947582000,1785153456947582000,1785153456947583000,1785153456947723000,1785153456947725000,1785153456947726000,1785153456947726000,121932490,121652369,-140.121,0.000,0.000,1.000,2.000,1.000,0.000,95.000,0,0,0
B3_zmq_pushpull,zmq_tcp,none,none,,1,20488,512,584,1785153456948409000,1785153456948409000,1785153456948409000,1785153456948410000,1785153456948561000,1785153456948564000,1785153456948564000,1785153456948564000,121932490,121652369,-129.121,0.000,0.000,1.000,3.000,0.000,0.000,11.000,0,0,0
B3_zmq_pushpull,zmq_tcp,none,none,,1,20489,512,584,1785153456949394000,1785153456949394000,1785153456949394000,1785153456949395000,1785153456949541000,1785153456949543000,1785153456949543000,1785153456949543000,121932490,121652369,-134.121,0.000,0.000,1.000,2.000,0.000,0.000,5.000,0,0,0
B3_zmq_pushpull,zmq_tcp,none,none,,1,20490,512,584,1785153456950386000,1785153456950387000,1785153456950387000,1785153456950388000,1785153456950535000,1785153456950537000,1785153456950537000,1785153456950537000,121932490,121652369,-133.121,1.000,0.000,1.000,2.000,0.000,0.000,1.000,0,0,0
B3_zmq_pushpull,zmq_tcp,none,none,,1,20491,512,584,1785153456951509000,1785153456951509000,1785153456951509000,1785153456951511000,1785153456951669000,1785153456951673000,1785153456951673000,1785153456951673000,121932490,121652369,-122.121,0.000,0.000,2.000,4.000,0.000,0.000,11.000,0,0,0
B3_zmq_pushpull,zmq_tcp,none,none,,1,20492,512,584,1785153456952600000,1785153456952600000,1785153456952600000,1785153456952601000,1785153456952670000,1785153456952674000,1785153456952674000,1785153456952674000,121932490,121652369,-211.121,0.000,0.000,1.000,4.000,0.000,0.000,89.000,0,0,0
B3_zmq_pushpull,zmq_tcp,none,none,,1,20493,512,584,1785153456953485000,1785153456953485000,1785153456953485000,1785153456953486000,1785153456953660000,1785153456953663000,1785153456953663000,1785153456953663000,121932490,121652369,-106.121,0.000,0.000,1.000,3.000,0.000,0.000,105.000,0,0,0
B3_zmq_pushpull,zmq_tcp,none,none,,1,20494,512,584,1785153456954511000,1785153456954511000,1785153456954511000,1785153456954512000,1785153456954668000,1785153456954671000,1785153456954671000,1785153456954671000,121932490,121652369,-124.121,0.000,0.000,1.000,3.000,0.000,0.000,18.000,0,0,0
B3_zmq_pushpull,zmq_tcp,none,none,,1,20495,512,584,1785153456955599000,1785153456955600000,1785153456955600000,1785153456955601000,1785153456955649000,1785153456955653000,1785153456955653000,1785153456955653000,121932490,121652369,-232.121,1.000,0.000,1.000,4.000,0.000,0.000,108.000,0,0,0
B3_zmq_pushpull,zmq_tcp,none,none,,1,20496,512,584,1785153456956504000,1785153456956505000,1785153456956505000,1785153456956506000,1785153456956645000,1785153456956648000,1785153456956648000,1785153456956648000,121932490,121652369,-141.121,1.000,0.000,1.000,3.000,0.000,0.000,91.000,0,0,0
B3_zmq_pushpull,zmq_tcp,none,none,,1,20497,512,584,1785153456957491000,1785153456957492000,1785153456957492000,1785153456957493000,1785153456957645000,1785153456957648000,1785153456957648000,1785153456957648000,121932490,121652369,-128.121,1.000,0.000,1.000,3.000,0.000,0.000,13.000,0,0,0
B3_zmq_pushpull,zmq_tcp,none,none,,1,20498,512,584,1785153456958497000,1785153456958497000,1785153456958497000,1785153456958498000,1785153456958642000,1785153456958645000,1785153456958645000,1785153456958645000,121932490,121652369,-136.121,0.000,0.000,1.000,3.000,0.000,0.000,8.000,0,0,0
B3_zmq_pushpull,zmq_tcp,none,none,,1,20499,512,584,1785153456959603000,1785153456959603000,1785153456959604000,1785153456959604000,1785153456959657000,1785153456959663000,1785153456959664000,1785153456959664000,121932490,121652369,-227.121,0.000,1.000,0.000,6.000,1.000,0.000,91.000,0,0,0
B3_zmq_pushpull,zmq_tcp,none,none,,1,20500,512,584,1785153456960492000,1785153456960492000,1785153456960492000,1785153456960493000,1785153456960645000,1785153456960648000,1785153456960648000,1785153456960648000,121932490,121652369,-128.121,0.000,0.000,1.000,3.000,0.000,0.000,99.000,0,0,0
B3_zmq_pushpull,zmq_tcp,none,none,,1,20501,512,584,1785153456961605000,1785153456961605000,1785153456961605000,1785153456961606000,1785153456961649000,1785153456961652000,1785153456961652000,1785153456961652000,121932490,121652369,-237.121,0.000,0.000,1.000,3.000,0.000,0.000,109.000,0,0,0
B3_zmq_pushpull,zmq_tcp,none,none,,1,20502,512,584,1785153456962468000,1785153456962468000,1785153456962468000,1785153456962469000,1785153456962614000,1785153456962617000,1785153456962617000,1785153456962617000,121932490,121652369,-135.121,0.000,0.000,1.000,3.000,0.000,0.000,102.000,0,0,0
B3_zmq_pushpull,zmq_tcp,none,none,,1,20503,512,584,1785153456963461000,1785153456963461000,1785153456963461000,1785153456963462000,1785153456963617000,1785153456963620000,1785153456963620000,1785153456963620000,121932490,121652369,-125.121,0.000,0.000,1.000,3.000,0.000,0.000,10.000,0,0,0
B3_zmq_pushpull,zmq_tcp,none,none,,1,20504,512,584,1785153456964608000,1785153456964608000,1785153456964608000,1785153456964609000,1785153456964736000,1785153456964738000,1785153456964738000,1785153456964738000,121932490,121652369,-153.121,0.000,0.000,1.000,2.000,0.000,0.000,28.000,0,0,0
B3_zmq_pushpull,zmq_tcp,none,none,,1,20505,512,584,1785153456965576000,1785153456965576000,1785153456965576000,1785153456965577000,1785153456965755000,1785153456965758000,1785153456965758000,1785153456965758000,121932490,121652369,-102.121,0.000,0.000,1.000,3.000,0.000,0.000,51.000,0,0,0
B3_zmq_pushpull,zmq_tcp,none,none,,1,20506,512,584,1785153456966453000,1785153456966453000,1785153456966453000,1785153456966454000,1785153456966598000,1785153456966600000,1785153456966600000,1785153456966600000,121932490,121652369,-136.121,0.000,0.000,1.000,2.000,0.000,0.000,34.000,0,0,0
B3_zmq_pushpull,zmq_tcp,none,none,,1,20507,512,584,1785153456967439000,1785153456967439000,1785153456967440000,1785153456967440000,1785153456967593000,1785153456967596000,1785153456967596000,1785153456967596000,121932490,121652369,-127.121,0.000,1.000,0.000,3.000,0.000,0.000,9.000,0,0,0
B3_zmq_pushpull,zmq_tcp,none,none,,1,20508,512,584,1785153456968446000,1785153456968446000,1785153456968446000,1785153456968448000,1785153456968602000,1785153456968605000,1785153456968605000,1785153456968605000,121932490,121652369,-126.121,0.000,0.000,2.000,3.000,0.000,0.000,1.000,0,0,0
B3_zmq_pushpull,zmq_tcp,none,none,,1,20509,512,584,1785153456969616000,1785153456969616000,1785153456969617000,1785153456969617000,1785153456969754000,1785153456969757000,1785153456969757000,1785153456969757000,121932490,121652369,-143.121,0.000,1.000,0.000,3.000,0.000,0.000,17.000,0,0,0
B3_zmq_pushpull,zmq_tcp,none,none,,1,20510,512,584,1785153456970574000,1785153456970574000,1785153456970574000,1785153456970575000,1785153456970748000,1785153456970751000,1785153456970751000,1785153456970751000,121932490,121652369,-107.121,0.000,0.000,1.000,3.000,0.000,0.000,36.000,0,0,0
B3_zmq_pushpull,zmq_tcp,none,none,,1,20511,512,584,1785153456971457000,1785153456971457000,1785153456971457000,1785153456971458000,1785153456971617000,1785153456971625000,1785153456971625000,1785153456971625000,121932490,121652369,-121.121,0.000,0.000,1.000,8.000,0.000,0.000,14.000,0,0,0
B3_zmq_pushpull,zmq_tcp,none,none,,1,20512,512,584,1785153456972615000,1785153456972615000,1785153456972615000,1785153456972616000,1785153456972749000,1785153456972752000,1785153456972752000,1785153456972752000,121932490,121652369,-147.121,0.000,0.000,1.000,3.000,0.000,0.000,26.000,0,0,0
B3_zmq_pushpull,zmq_tcp,none,none,,1,20513,512,584,1785153456973576000,1785153456973576000,1785153456973576000,1785153456973577000,1785153456973750000,1785153456973753000,1785153456973753000,1785153456973753000,121932490,121652369,-107.121,0.000,0.000,1.000,3.000,0.000,0.000,40.000,0,0,0
B3_zmq_pushpull,zmq_tcp,none,none,,1,20514,512,584,1785153456974452000,1785153456974452000,1785153456974452000,1785153456974453000,1785153456974600000,1785153456974603000,1785153456974603000,1785153456974603000,121932490,121652369,-133.121,0.000,0.000,1.000,3.000,0.000,0.000,26.000,0,0,0
B3_zmq_pushpull,zmq_tcp,none,none,,1,20515,512,584,1785153456975616000,1785153456975616000,1785153456975616000,1785153456975617000,1785153456975718000,1785153456975720000,1785153456975720000,1785153456975720000,121932490,121652369,-179.121,0.000,0.000,1.000,2.000,0.000,0.000,46.000,0,0,0
B3_zmq_pushpull,zmq_tcp,none,none,,1,20516,512,584,1785153456976573000,1785153456976574000,1785153456976574000,1785153456976575000,1785153456976711000,1785153456976714000,1785153456976714000,1785153456976714000,121932490,121652369,-144.121,1.000,0.000,1.000,3.000,0.000,0.000,35.000,0,0,0
B3_zmq_pushpull,zmq_tcp,none,none,,1,20517,512,584,1785153456977584000,1785153456977584000,1785153456977584000,1785153456977585000,1785153456977715000,1785153456977717000,1785153456977717000,1785153456977717000,121932490,121652369,-150.121,0.000,0.000,1.000,2.000,0.000,0.000,6.000,0,0,0
B3_zmq_pushpull,zmq_tcp,none,none,,1,20518,512,584,1785153456978584000,1785153456978584000,1785153456978584000,1785153456978585000,1785153456978705000,1785153456978708000,1785153456978708000,1785153456978708000,121932490,121652369,-160.121,0.000,0.000,1.000,3.000,0.000,0.000,10.000,0,0,0
B3_zmq_pushpull,zmq_tcp,none,none,,1,20519,512,584,1785153456979584000,1785153456979584000,1785153456979584000,1785153456979585000,1785153456979697000,1785153456979700000,1785153456979700000,1785153456979700000,121932490,121652369,-168.121,0.000,0.000,1.000,3.000,0.000,0.000,8.000,0,0,0
B3_zmq_pushpull,zmq_tcp,none,none,,1,20520,512,584,1785153456980581000,1785153456980582000,1785153456980582000,1785153456980583000,1785153456980701000,1785153456980704000,1785153456980704000,1785153456980704000,121932490,121652369,-162.121,1.000,0.000,1.000,3.000,0.000,0.000,6.000,0,0,0
B3_zmq_pushpull,zmq_tcp,none,none,,1,20521,512,584,1785153456981582000,1785153456981582000,1785153456981582000,1785153456981583000,1785153456981679000,1785153456981681000,1785153456981681000,1785153456981681000,121932490,121652369,-184.121,0.000,0.000,1.000,2.000,0.000,0.000,22.000,0,0,0
B3_zmq_pushpull,zmq_tcp,none,none,,1,20522,512,584,1785153456982579000,1785153456982579000,1785153456982579000,1785153456982580000,1785153456982669000,1785153456982672000,1785153456982672000,1785153456982672000,121932490,121652369,-191.121,0.000,0.000,1.000,3.000,0.000,0.000,7.000,0,0,0
B3_zmq_pushpull,zmq_tcp,none,none,,1,20523,512,584,1785153456983585000,1785153456983585000,1785153456983585000,1785153456983586000,1785153456983684000,1785153456983686000,1785153456983686000,1785153456983686000,121932490,121652369,-182.121,0.000,0.000,1.000,2.000,0.000,0.000,9.000,0,0,0
B3_zmq_pushpull,zmq_tcp,none,none,,1,20524,512,584,1785153456984583000,1785153456984583000,1785153456984583000,1785153456984584000,1785153456984692000,1785153456984694000,1785153456984695000,1785153456984695000,121932490,121652369,-172.121,0.000,0.000,1.000,2.000,1.000,0.000,10.000,0,0,0
B3_zmq_pushpull,zmq_tcp,none,none,,1,20525,512,584,1785153456985583000,1785153456985583000,1785153456985583000,1785153456985584000,1785153456985693000,1785153456985696000,1785153456985696000,1785153456985696000,121932490,121652369,-171.121,0.000,0.000,1.000,3.000,0.000,0.000,1.000,0,0,0
B3_zmq_pushpull,zmq_tcp,none,none,,1,20526,512,584,1785153456986583000,1785153456986583000,1785153456986583000,1785153456986584000,1785153456986701000,1785153456986704000,1785153456986704000,1785153456986704000,121932490,121652369,-163.121,0.000,0.000,1.000,3.000,0.000,0.000,8.000,0,0,0
B3_zmq_pushpull,zmq_tcp,none,none,,1,20527,512,584,1785153456987581000,1785153456987582000,1785153456987582000,1785153456987583000,1785153456987704000,1785153456987707000,1785153456987707000,1785153456987707000,121932490,121652369,-159.121,1.000,0.000,1.000,3.000,0.000,0.000,4.000,0,0,0
B3_zmq_pushpull,zmq_tcp,none,none,,1,20528,512,584,1785153456988407000,1785153456988407000,1785153456988407000,1785153456988408000,1785153456988560000,1785153456988563000,1785153456988563000,1785153456988563000,121932490,121652369,-128.121,0.000,0.000,1.000,3.000,0.000,0.000,31.000,0,0,0
B3_zmq_pushpull,zmq_tcp,none,none,,1,20529,512,584,1785153456989622000,1785153456989622000,1785153456989622000,1785153456989623000,1785153456989697000,1785153456989700000,1785153456989700000,1785153456989700000,121932490,121652369,-206.121,0.000,0.000,1.000,3.000,0.000,0.000,78.000,0,0,0
B3_zmq_pushpull,zmq_tcp,none,none,,1,20530,512,584,1785153456990575000,1785153456990575000,1785153456990575000,1785153456990576000,1785153456990686000,1785153456990688000,1785153456990688000,1785153456990688000,121932490,121652369,-170.121,0.000,0.000,1.000,2.000,0.000,0.000,36.000,0,0,0
B3_zmq_pushpull,zmq_tcp,none,none,,1,20531,512,584,1785153456991586000,1785153456991586000,1785153456991586000,1785153456991587000,1785153456991688000,1785153456991691000,1785153456991691000,1785153456991691000,121932490,121652369,-179.121,0.000,0.000,1.000,3.000,0.000,0.000,9.000,0,0,0
B3_zmq_pushpull,zmq_tcp,none,none,,1,20532,512,584,1785153456992577000,1785153456992578000,1785153456992578000,1785153456992579000,1785153456992696000,1785153456992699000,1785153456992699000,1785153456992699000,121932490,121652369,-163.121,1.000,0.000,1.000,3.000,0.000,0.000,16.000,0,0,0
B3_zmq_pushpull,zmq_tcp,none,none,,1,20533,512,584,1785153456993585000,1785153456993585000,1785153456993585000,1785153456993586000,1785153456993683000,1785153456993686000,1785153456993686000,1785153456993686000,121932490,121652369,-183.121,0.000,0.000,1.000,3.000,0.000,0.000,20.000,0,0,0
B3_zmq_pushpull,zmq_tcp,none,none,,1,20534,512,584,1785153456994582000,1785153456994582000,1785153456994582000,1785153456994583000,1785153456994671000,1785153456994673000,1785153456994673000,1785153456994673000,121932490,121652369,-192.121,0.000,0.000,1.000,2.000,0.000,0.000,9.000,0,0,0
B3_zmq_pushpull,zmq_tcp,none,none,,1,20535,512,584,1785153456995582000,1785153456995582000,1785153456995582000,1785153456995583000,1785153456995667000,1785153456995669000,1785153456995669000,1785153456995669000,121932490,121652369,-196.121,0.000,0.000,1.000,2.000,0.000,0.000,4.000,0,0,0
B3_zmq_pushpull,zmq_tcp,none,none,,1,20536,512,584,1785153456996580000,1785153456996581000,1785153456996581000,1785153456996582000,1785153456996652000,1785153456996655000,1785153456996655000,1785153456996655000,121932490,121652369,-210.121,1.000,0.000,1.000,3.000,0.000,0.000,14.000,0,0,0
B3_zmq_pushpull,zmq_tcp,none,none,,1,20537,512,584,1785153456997586000,1785153456997587000,1785153456997587000,1785153456997588000,1785153456997637000,1785153456997641000,1785153456997641000,1785153456997641000,121932490,121652369,-231.121,1.000,0.000,1.000,4.000,0.000,0.000,21.000,0,0,0
B3_zmq_pushpull,zmq_tcp,none,none,,1,20538,512,584,1785153456998477000,1785153456998477000,1785153456998477000,1785153456998478000,1785153456998639000,1785153456998641000,1785153456998641000,1785153456998641000,121932490,121652369,-119.121,0.000,0.000,1.000,2.000,0.000,0.000,112.000,0,0,0
B3_zmq_pushpull,zmq_tcp,none,none,,1,20539,512,584,1785153456999608000,1785153456999609000,1785153456999609000,1785153456999610000,1785153456999768000,1785153456999771000,1785153456999771000,1785153456999771000,121932490,121652369,-122.121,1.000,0.000,1.000,3.000,0.000,0.000,3.000,0,0,0
B3_zmq_pushpull,zmq_tcp,none,none,,1,20540,512,584,1785153457000575000,1785153457000575000,1785153457000575000,1785153457000576000,1785153457000618000,1785153457000622000,1785153457000622000,1785153457000622000,121932490,121652369,-238.121,0.000,0.000,1.000,4.000,0.000,0.000,116.000,0,0,0
B3_zmq_pushpull,zmq_tcp,none,none,,1,20541,512,584,1785153457001583000,1785153457001583000,1785153457001583000,1785153457001584000,1785153457001625000,1785153457001628000,1785153457001628000,1785153457001628000,121932490,121652369,-239.121,0.000,0.000,1.000,3.000,0.000,0.000,1.000,0,0,0
B3_zmq_pushpull,zmq_tcp,none,none,,1,20542,512,584,1785153457002582000,1785153457002582000,1785153457002582000,1785153457002583000,1785153457002624000,1785153457002627000,1785153457002627000,1785153457002627000,121932490,121652369,-239.121,0.000,0.000,1.000,3.000,0.000,0.000,0.000,0,0,0
B3_zmq_pushpull,zmq_tcp,none,none,,1,20543,512,584,1785153457003582000,1785153457003582000,1785153457003582000,1785153457003583000,1785153457003757000,1785153457003760000,1785153457003760000,1785153457003760000,121932490,121652369,-106.121,0.000,0.000,1.000,3.000,0.000,0.000,133.000,0,0,0
B3_zmq_pushpull,zmq_tcp,none,none,,1,20544,512,584,1785153457004456000,1785153457004457000,1785153457004457000,1785153457004458000,1785153457004616000,1785153457004619000,1785153457004619000,1785153457004619000,121932490,121652369,-122.121,1.000,0.000,1.000,3.000,0.000,0.000,16.000,0,0,0
B3_zmq_pushpull,zmq_tcp,none,none,,1,20545,512,584,1785153457005618000,1785153457005618000,1785153457005618000,1785153457005619000,1785153457005761000,1785153457005769000,1785153457005769000,1785153457005769000,121932490,121652369,-138.121,0.000,0.000,1.000,8.000,0.000,0.000,16.000,0,0,0
B3_zmq_pushpull,zmq_tcp,none,none,,1,20546,512,584,1785153457006574000,1785153457006574000,1785153457006574000,1785153457006575000,1785153457006625000,1785153457006629000,1785153457006629000,1785153457006629000,121932490,121652369,-230.121,0.000,0.000,1.000,4.000,0.000,0.000,92.000,0,0,0
B3_zmq_pushpull,zmq_tcp,none,none,,1,20547,512,584,1785153457007477000,1785153457007478000,1785153457007478000,1785153457007479000,1785153457007633000,1785153457007636000,1785153457007636000,1785153457007636000,121932490,121652369,-126.121,1.000,0.000,1.000,3.000,0.000,0.000,104.000,0,0,0
B3_zmq_pushpull,zmq_tcp,none,none,,1,20548,512,584,1785153457008605000,1785153457008605000,1785153457008605000,1785153457008606000,1785153457008763000,1785153457008766000,1785153457008766000,1785153457008766000,121932490,121652369,-123.121,0.000,0.000,1.000,3.000,0.000,0.000,3.000,0,0,0
B3_zmq_pushpull,zmq_tcp,none,none,,1,20549,512,584,1785153457009475000,1785153457009475000,1785153457009475000,1785153457009476000,1785153457009620000,1785153457009623000,1785153457009623000,1785153457009623000,121932490,121652369,-136.121,0.000,0.000,1.000,3.000,0.000,0.000,13.000,0,0,0
B3_zmq_pushpull,zmq_tcp,none,none,,1,20550,512,584,1785153457010610000,1785153457010611000,1785153457010611000,1785153457010612000,1785153457010757000,1785153457010760000,1785153457010761000,1785153457010761000,121932490,121652369,-135.121,1.000,0.000,1.000,3.000,1.000,0.000,1.000,0,0,0
B3_zmq_pushpull,zmq_tcp,none,none,,1,20551,512,584,1785153457011471000,1785153457011471000,1785153457011471000,1785153457011472000,1785153457011623000,1785153457011626000,1785153457011626000,1785153457011626000,121932490,121652369,-129.121,0.000,0.000,1.000,3.000,0.000,0.000,6.000,0,0,0
B3_zmq_pushpull,zmq_tcp,none,none,,1,20552,512,584,1785153457012610000,1785153457012610000,1785153457012610000,1785153457012611000,1785153457012771000,1785153457012773000,1785153457012773000,1785153457012773000,121932490,121652369,-120.121,0.000,0.000,1.000,2.000,0.000,0.000,9.000,0,0,0
B3_zmq_pushpull,zmq_tcp,none,none,,1,20553,512,584,1785153457013576000,1785153457013576000,1785153457013576000,1785153457013577000,1785153457013767000,1785153457013769000,1785153457013769000,1785153457013769000,121932490,121652369,-90.121,0.000,0.000,1.000,2.000,0.000,0.000,30.000,0,0,0
B3_zmq_pushpull,zmq_tcp,none,none,,1,20554,512,584,1785153457014582000,1785153457014583000,1785153457014583000,1785153457014584000,1785153457014632000,1785153457014635000,1785153457014636000,1785153457014636000,121932490,121652369,-232.121,1.000,0.000,1.000,3.000,1.000,0.000,142.000,0,0,0
B3_zmq_pushpull,zmq_tcp,none,none,,1,20555,512,584,1785153457015581000,1785153457015581000,1785153457015581000,1785153457015582000,1785153457015625000,1785153457015629000,1785153457015629000,1785153457015629000,121932490,121652369,-237.121,0.000,0.000,1.000,4.000,0.000,0.000,5.000,0,0,0
B3_zmq_pushpull,zmq_tcp,none,none,,1,20556,512,584,1785153457016582000,1785153457016582000,1785153457016582000,1785153457016583000,1785153457016616000,1785153457016619000,1785153457016619000,1785153457016619000,121932490,121652369,-247.121,0.000,0.000,1.000,3.000,0.000,0.000,10.000,0,0,0
B3_zmq_pushpull,zmq_tcp,none,none,,1,20557,512,584,1785153457017458000,1785153457017458000,1785153457017458000,1785153457017459000,1785153457017612000,1785153457017615000,1785153457017615000,1785153457017615000,121932490,121652369,-127.121,0.000,0.000,1.000,3.000,0.000,0.000,120.000,0,0,0
B3_zmq_pushpull,zmq_tcp,none,none,,1,20558,512,584,1785153457018612000,1785153457018612000,1785153457018612000,1785153457018613000,1785153457018741000,1785153457018744000,1785153457018744000,1785153457018744000,121932490,121652369,-152.121,0.000,0.000,1.000,3.000,0.000,0.000,25.000,0,0,0
B3_zmq_pushpull,zmq_tcp,none,none,,1,20559,512,584,1785153457019574000,1785153457019574000,1785153457019574000,1785153457019575000,1785153457019744000,1785153457019747000,1785153457019747000,1785153457019747000,121932490,121652369,-111.121,0.000,0.000,1.000,3.000,0.000,0.000,41.000,0,0,0
B3_zmq_pushpull,zmq_tcp,none,none,,1,20560,512,584,1785153457020431000,1785153457020431000,1785153457020431000,1785153457020432000,1785153457020589000,1785153457020593000,1785153457020593000,1785153457020593000,121932490,121652369,-123.121,0.000,0.000,1.000,4.000,0.000,0.000,12.000,0,0,0
B3_zmq_pushpull,zmq_tcp,none,none,,1,20561,512,584,1785153457021444000,1785153457021444000,1785153457021444000,1785153457021445000,1785153457021590000,1785153457021593000,1785153457021593000,1785153457021593000,121932490,121652369,-135.121,0.000,0.000,1.000,3.000,0.000,0.000,12.000,0,0,0
B3_zmq_pushpull,zmq_tcp,none,none,,1,20562,512,584,1785153457022617000,1785153457022617000,1785153457022617000,1785153457022618000,1785153457022717000,1785153457022720000,1785153457022720000,1785153457022720000,121932490,121652369,-181.121,0.000,0.000,1.000,3.000,0.000,0.000,46.000,0,0,0
B3_zmq_pushpull,zmq_tcp,none,none,,1,20563,512,584,1785153457023570000,1785153457023570000,1785153457023570000,1785153457023571000,1785153457023723000,1785153457023725000,1785153457023725000,1785153457023725000,121932490,121652369,-128.121,0.000,0.000,1.000,2.000,0.000,0.000,53.000,0,0,0
B3_zmq_pushpull,zmq_tcp,none,none,,1,20564,512,584,1785153457024585000,1785153457024585000,1785153457024585000,1785153457024586000,1785153457024728000,1785153457024731000,1785153457024731000,1785153457024731000,121932490,121652369,-138.121,0.000,0.000,1.000,3.000,0.000,0.000,10.000,0,0,0
B3_zmq_pushpull,zmq_tcp,none,none,,1,20565,512,584,1785153457025585000,1785153457025585000,1785153457025585000,1785153457025586000,1785153457025742000,1785153457025745000,1785153457025745000,1785153457025745000,121932490,121652369,-124.121,0.000,0.000,1.000,3.000,0.000,0.000,14.000,0,0,0
B3_zmq_pushpull,zmq_tcp,none,none,,1,20566,512,584,1785153457026449000,1785153457026449000,1785153457026449000,1785153457026450000,1785153457026603000,1785153457026605000,1785153457026605000,1785153457026605000,121932490,121652369,-127.121,0.000,0.000,1.000,2.000,0.000,0.000,3.000,0,0,0
B3_zmq_pushpull,zmq_tcp,none,none,,1,20567,512,584,1785153457027438000,1785153457027438000,1785153457027438000,1785153457027439000,1785153457027597000,1785153457027600000,1785153457027600000,1785153457027600000,121932490,121652369,-122.121,0.000,0.000,1.000,3.000,0.000,0.000,5.000,0,0,0
B3_zmq_pushpull,zmq_tcp,none,none,,1,20568,512,584,1785153457028442000,1785153457028442000,1785153457028442000,1785153457028443000,1785153457028588000,1785153457028590000,1785153457028590000,1785153457028590000,121932490,121652369,-135.121,0.000,0.000,1.000,2.000,0.000,0.000,13.000,0,0,0
B3_zmq_pushpull,zmq_tcp,none,none,,1,20569,512,584,1785153457029436000,1785153457029436000,1785153457029436000,1785153457029437000,1785153457029589000,1785153457029592000,1785153457029592000,1785153457029592000,121932490,121652369,-128.121,0.000,0.000,1.000,3.000,0.000,0.000,7.000,0,0,0
B3_zmq_pushpull,zmq_tcp,none,none,,1,20570,512,584,1785153457030421000,1785153457030421000,1785153457030421000,1785153457030422000,1785153457030579000,1785153457030583000,1785153457030583000,1785153457030583000,121932490,121652369,-123.121,0.000,0.000,1.000,4.000,0.000,0.000,5.000,0,0,0
B3_zmq_pushpull,zmq_tcp,none,none,,1,20571,512,584,1785153457031619000,1785153457031620000,1785153457031620000,1785153457031621000,1785153457031697000,1785153457031700000,1785153457031700000,1785153457031700000,121932490,121652369,-204.121,1.000,0.000,1.000,3.000,0.000,0.000,81.000,0,0,0
B3_zmq_pushpull,zmq_tcp,none,none,,1,20572,512,584,1785153457032578000,1785153457032578000,1785153457032578000,1785153457032579000,1785153457032695000,1785153457032697000,1785153457032697000,1785153457032698000,121932490,121652369,-164.121,0.000,0.000,1.000,2.000,0.000,1.000,40.000,0,0,0
B3_zmq_pushpull,zmq_tcp,none,none,,1,20573,512,584,1785153457033583000,1785153457033583000,1785153457033583000,1785153457033584000,1785153457033687000,1785153457033689000,1785153457033689000,1785153457033689000,121932490,121652369,-177.121,0.000,0.000,1.000,2.000,0.000,0.000,13.000,0,0,0
B3_zmq_pushpull,zmq_tcp,none,none,,1,20574,512,584,1785153457034581000,1785153457034581000,1785153457034581000,1785153457034582000,1785153457034692000,1785153457034695000,1785153457034695000,1785153457034695000,121932490,121652369,-170.121,0.000,0.000,1.000,3.000,0.000,0.000,7.000,0,0,0
B3_zmq_pushpull,zmq_tcp,none,none,,1,20575,512,584,1785153457035582000,1785153457035582000,1785153457035582000,1785153457035583000,1785153457035707000,1785153457035709000,1785153457035709000,1785153457035709000,121932490,121652369,-156.121,0.000,0.000,1.000,2.000,0.000,0.000,14.000,0,0,0
B3_zmq_pushpull,zmq_tcp,none,none,,1,20576,512,584,1785153457036582000,1785153457036582000,1785153457036582000,1785153457036583000,1785153457036713000,1785153457036717000,1785153457036717000,1785153457036717000,121932490,121652369,-150.121,0.000,0.000,1.000,4.000,0.000,0.000,6.000,0,0,0
B3_zmq_pushpull,zmq_tcp,none,none,,1,20577,512,584,1785153457037388000,1785153457037388000,1785153457037388000,1785153457037389000,1785153457037523000,1785153457037526000,1785153457037526000,1785153457037526000,121932490,121652369,-146.121,0.000,0.000,1.000,3.000,0.000,0.000,4.000,0,0,0
B3_zmq_pushpull,zmq_tcp,none,none,,1,20578,512,584,1785153457038628000,1785153457038628000,1785153457038628000,1785153457038629000,1785153457038783000,1785153457038785000,1785153457038785000,1785153457038785000,121932490,121652369,-126.121,0.000,0.000,1.000,2.000,0.000,0.000,20.000,0,0,0
B3_zmq_pushpull,zmq_tcp,none,none,,1,20579,512,584,1785153457039570000,1785153457039570000,1785153457039570000,1785153457039571000,1785153457039643000,1785153457039645000,1785153457039645000,1785153457039645000,121932490,121652369,-208.121,0.000,0.000,1.000,2.000,0.000,0.000,82.000,0,0,0
B3_zmq_pushpull,zmq_tcp,none,none,,1,20580,512,584,1785153457040585000,1785153457040586000,1785153457040586000,1785153457040587000,1785153457040789000,1785153457040792000,1785153457040792000,1785153457040792000,121932490,121652369,-78.121,1.000,0.000,1.000,3.000,0.000,0.000,130.000,0,0,0
B3_zmq_pushpull,zmq_tcp,none,none,,1,20581,512,584,1785153457041578000,1785153457041578000,1785153457041578000,1785153457041579000,1785153457041637000,1785153457041639000,1785153457041639000,1785153457041639000,121932490,121652369,-222.121,0.000,0.000,1.000,2.000,0.000,0.000,144.000,0,0,0
B3_zmq_pushpull,zmq_tcp,none,none,,1,20582,512,584,1785153457042584000,1785153457042584000,1785153457042584000,1785153457042585000,1785153457042629000,1785153457042633000,1785153457042633000,1785153457042633000,121932490,121652369,-236.121,0.000,0.000,1.000,4.000,0.000,0.000,14.000,0,0,0
B3_zmq_pushpull,zmq_tcp,none,none,,1,20583,512,584,1785153457043582000,1785153457043582000,1785153457043582000,1785153457043583000,1785153457043625000,1785153457043627000,1785153457043627000,1785153457043627000,121932490,121652369,-238.121,0.000,0.000,1.000,2.000,0.000,0.000,2.000,0,0,0
B3_zmq_pushpull,zmq_tcp,none,none,,1,20584,512,584,1785153457044582000,1785153457044582000,1785153457044582000,1785153457044583000,1785153457044763000,1785153457044765000,1785153457044765000,1785153457044766000,121932490,121652369,-100.121,0.000,0.000,1.000,2.000,0.000,1.000,138.000,0,0,0
B3_zmq_pushpull,zmq_tcp,none,none,,1,20585,512,584,1785153457045580000,1785153457045580000,1785153457045580000,1785153457045581000,1785153457045746000,1785153457045749000,1785153457045749000,1785153457045749000,121932490,121652369,-115.121,0.000,0.000,1.000,3.000,0.000,0.000,15.000,0,0,0
B3_zmq_pushpull,zmq_tcp,none,none,,1,20586,512,584,1785153457046583000,1785153457046583000,1785153457046583000,1785153457046584000,1785153457046748000,1785153457046750000,1785153457046750000,1785153457046750000,121932490,121652369,-116.121,0.000,0.000,1.000,2.000,0.000,0.000,1.000,0,0,0
B3_zmq_pushpull,zmq_tcp,none,none,,1,20587,512,584,1785153457047582000,1785153457047582000,1785153457047582000,1785153457047583000,1785153457047772000,1785153457047779000,1785153457047779000,1785153457047779000,121932490,121652369,-91.121,0.000,0.000,1.000,7.000,0.000,0.000,25.000,0,0,0
B3_zmq_pushpull,zmq_tcp,none,none,,1,20588,512,584,1785153457048584000,1785153457048584000,1785153457048584000,1785153457048585000,1785153457048764000,1785153457048766000,1785153457048766000,1785153457048766000,121932490,121652369,-101.121,0.000,0.000,1.000,2.000,0.000,0.000,10.000,0,0,0
B3_zmq_pushpull,zmq_tcp,none,none,,1,20589,512,584,1785153457049585000,1785153457049585000,1785153457049585000,1785153457049586000,1785153457049771000,1785153457049773000,1785153457049774000,1785153457049774000,121932490,121652369,-95.121,0.000,0.000,1.000,2.000,1.000,0.000,6.000,0,0,0
B3_zmq_pushpull,zmq_tcp,none,none,,1,20590,512,584,1785153457050484000,1785153457050484000,1785153457050484000,1785153457050485000,1785153457050638000,1785153457050640000,1785153457050640000,1785153457050640000,121932490,121652369,-127.121,0.000,0.000,1.000,2.000,0.000,0.000,32.000,0,0,0
B3_zmq_pushpull,zmq_tcp,none,none,,1,20591,512,584,1785153457051469000,1785153457051469000,1785153457051469000,1785153457051470000,1785153457051623000,1785153457051626000,1785153457051626000,1785153457051626000,121932490,121652369,-127.121,0.000,0.000,1.000,3.000,0.000,0.000,0.000,0,0,0
B3_zmq_pushpull,zmq_tcp,none,none,,1,20592,512,584,1785153457052457000,1785153457052457000,1785153457052457000,1785153457052458000,1785153457052611000,1785153457052613000,1785153457052614000,1785153457052614000,121932490,121652369,-127.121,0.000,0.000,1.000,2.000,1.000,0.000,0.000,0,0,0
B3_zmq_pushpull,zmq_tcp,none,none,,1,20593,512,584,1785153457053452000,1785153457053452000,1785153457053452000,1785153457053453000,1785153457053612000,1785153457053614000,1785153457053614000,1785153457053614000,121932490,121652369,-121.121,0.000,0.000,1.000,2.000,0.000,0.000,6.000,0,0,0
B3_zmq_pushpull,zmq_tcp,none,none,,1,20594,512,584,1785153457054459000,1785153457054459000,1785153457054459000,1785153457054460000,1785153457054608000,1785153457054611000,1785153457054611000,1785153457054611000,121932490,121652369,-132.121,0.000,0.000,1.000,3.000,0.000,0.000,11.000,0,0,0
B3_zmq_pushpull,zmq_tcp,none,none,,1,20595,512,584,1785153457055612000,1785153457055613000,1785153457055613000,1785153457055614000,1785153457055737000,1785153457055741000,1785153457055741000,1785153457055741000,121932490,121652369,-157.121,1.000,0.000,1.000,4.000,0.000,0.000,25.000,0,0,0
B3_zmq_pushpull,zmq_tcp,none,none,,1,20596,512,584,1785153457056445000,1785153457056445000,1785153457056445000,1785153457056446000,1785153457056602000,1785153457056604000,1785153457056604000,1785153457056604000,121932490,121652369,-124.121,0.000,0.000,1.000,2.000,0.000,0.000,33.000,0,0,0
B3_zmq_pushpull,zmq_tcp,none,none,,1,20597,512,584,1785153457057616000,1785153457057617000,1785153457057617000,1785153457057618000,1785153457057738000,1785153457057740000,1785153457057740000,1785153457057740000,121932490,121652369,-160.121,1.000,0.000,1.000,2.000,0.000,0.000,36.000,0,0,0
B3_zmq_pushpull,zmq_tcp,none,none,,1,20598,512,584,1785153457058574000,1785153457058574000,1785153457058574000,1785153457058575000,1785153457058735000,1785153457058737000,1785153457058738000,1785153457058738000,121932490,121652369,-120.121,0.000,0.000,1.000,2.000,1.000,0.000,40.000,0,0,0
B3_zmq_pushpull,zmq_tcp,none,none,,1,20599,512,584,1785153457059587000,1785153457059587000,1785153457059587000,1785153457059588000,1785153457059731000,1785153457059734000,1785153457059734000,1785153457059734000,121932490,121652369,-137.121,0.000,0.000,1.000,3.000,0.000,0.000,17.000,0,0,0
B3_zmq_pushpull,zmq_tcp,none,none,,1,20600,512,584,1785153457060581000,1785153457060581000,1785153457060581000,1785153457060582000,1785153457060736000,1785153457060738000,1785153457060738000,1785153457060738000,121932490,121652369,-126.121,0.000,0.000,1.000,2.000,0.000,0.000,11.000,0,0,0
B3_zmq_pushpull,zmq_tcp,none,none,,1,20601,512,584,1785153457061581000,1785153457061581000,1785153457061581000,1785153457061582000,1785153457061740000,1785153457061744000,1785153457061744000,1785153457061744000,121932490,121652369,-122.121,0.000,0.000,1.000,4.000,0.000,0.000,4.000,0,0,0
B3_zmq_pushpull,zmq_tcp,none,none,,1,20602,512,584,1785153457062433000,1785153457062433000,1785153457062433000,1785153457062434000,1785153457062582000,1785153457062585000,1785153457062585000,1785153457062585000,121932490,121652369,-132.121,0.000,0.000,1.000,3.000,0.000,0.000,10.000,0,0,0
B3_zmq_pushpull,zmq_tcp,none,none,,1,20603,512,584,1785153457063619000,1785153457063620000,1785153457063620000,1785153457063621000,1785153457063702000,1785153457063704000,1785153457063704000,1785153457063704000,121932490,121652369,-199.121,1.000,0.000,1.000,2.000,0.000,0.000,67.000,0,0,0
B3_zmq_pushpull,zmq_tcp,none,none,,1,20604,512,584,1785153457064570000,1785153457064570000,1785153457064570000,1785153457064571000,1785153457064707000,1785153457064710000,1785153457064710000,1785153457064710000,121932490,121652369,-144.121,0.000,0.000,1.000,3.000,0.000,0.000,55.000,0,0,0
B3_zmq_pushpull,zmq_tcp,none,none,,1,20605,512,584,1785153457065585000,1785153457065585000,1785153457065585000,1785153457065586000,1785153457065692000,1785153457065695000,1785153457065695000,1785153457065695000,121932490,121652369,-174.121,0.000,0.000,1.000,3.000,0.000,0.000,30.000,0,0,0
B3_zmq_pushpull,zmq_tcp,none,none,,1,20606,512,584,1785153457066582000,1785153457066582000,1785153457066582000,1785153457066583000,1785153457066699000,1785153457066702000,1785153457066702000,1785153457066702000,121932490,121652369,-164.121,0.000,0.000,1.000,3.000,0.000,0.000,10.000,0,0,0
B3_zmq_pushpull,zmq_tcp,none,none,,1,20607,512,584,1785153457067582000,1785153457067582000,1785153457067582000,1785153457067583000,1785153457067699000,1785153457067702000,1785153457067702000,1785153457067702000,121932490,121652369,-164.121,0.000,0.000,1.000,3.000,0.000,0.000,0.000,0,0,0
B3_zmq_pushpull,zmq_tcp,none,none,,1,20608,512,584,1785153457068582000,1785153457068582000,1785153457068582000,1785153457068583000,1785153457068700000,1785153457068703000,1785153457068703000,1785153457068703000,121932490,121652369,-163.121,0.000,0.000,1.000,3.000,0.000,0.000,1.000,0,0,0
B3_zmq_pushpull,zmq_tcp,none,none,,1,20609,512,584,1785153457069582000,1785153457069582000,1785153457069582000,1785153457069583000,1785153457069699000,1785153457069702000,1785153457069702000,1785153457069702000,121932490,121652369,-164.121,0.000,0.000,1.000,3.000,0.000,0.000,1.000,0,0,0
B3_zmq_pushpull,zmq_tcp,none,none,,1,20610,512,584,1785153457070582000,1785153457070582000,1785153457070582000,1785153457070583000,1785153457070707000,1785153457070710000,1785153457070710000,1785153457070710000,121932490,121652369,-156.121,0.000,0.000,1.000,3.000,0.000,0.000,8.000,0,0,0
B3_zmq_pushpull,zmq_tcp,none,none,,1,20611,512,584,1785153457071582000,1785153457071582000,1785153457071582000,1785153457071583000,1785153457071675000,1785153457071678000,1785153457071678000,1785153457071678000,121932490,121652369,-188.121,0.000,0.000,1.000,3.000,0.000,0.000,32.000,0,0,0
B3_zmq_pushpull,zmq_tcp,none,none,,1,20612,512,584,1785153457072501000,1785153457072502000,1785153457072502000,1785153457072503000,1785153457072646000,1785153457072649000,1785153457072649000,1785153457072649000,121932490,121652369,-137.121,1.000,0.000,1.000,3.000,0.000,0.000,51.000,0,0,0
B3_zmq_pushpull,zmq_tcp,none,none,,1,20613,512,584,1785153457073603000,1785153457073603000,1785153457073603000,1785153457073604000,1785153457073775000,1785153457073778000,1785153457073778000,1785153457073778000,121932490,121652369,-109.121,0.000,0.000,1.000,3.000,0.000,0.000,28.000,0,0,0
B3_zmq_pushpull,zmq_tcp,none,none,,1,20614,512,584,1785153457074484000,1785153457074484000,1785153457074484000,1785153457074485000,1785153457074642000,1785153457074645000,1785153457074645000,1785153457074645000,121932490,121652369,-123.121,0.000,0.000,1.000,3.000,0.000,0.000,14.000,0,0,0
B3_zmq_pushpull,zmq_tcp,none,none,,1,20615,512,584,1785153457075490000,1785153457075490000,1785153457075490000,1785153457075491000,1785153457075647000,1785153457075650000,1785153457075650000,1785153457075650000,121932490,121652369,-124.121,0.000,0.000,1.000,3.000,0.000,0.000,1.000,0,0,0
B3_zmq_pushpull,zmq_tcp,none,none,,1,20616,512,584,1785153457076608000,1785153457076608000,1785153457076608000,1785153457076609000,1785153457076776000,1785153457076779000,1785153457076779000,1785153457076779000,121932490,121652369,-113.121,0.000,0.000,1.000,3.000,0.000,0.000,11.000,0,0,0
B3_zmq_pushpull,zmq_tcp,none,none,,1,20617,512,584,1785153457077576000,1785153457077576000,1785153457077576000,1785153457077577000,1785153457077649000,1785153457077653000,1785153457077653000,1785153457077653000,121932490,121652369,-208.121,0.000,0.000,1.000,4.000,0.000,0.000,95.000,0,0,0
B3_zmq_pushpull,zmq_tcp,none,none,,1,20618,512,584,1785153457078584000,1785153457078584000,1785153457078584000,1785153457078585000,1785153457078644000,1785153457078647000,1785153457078647000,1785153457078647000,121932490,121652369,-221.121,0.000,0.000,1.000,3.000,0.000,0.000,13.000,0,0,0
B3_zmq_pushpull,zmq_tcp,none,none,,1,20619,512,584,1785153457079578000,1785153457079578000,1785153457079578000,1785153457079579000,1785153457079619000,1785153457079622000,1785153457079622000,1785153457079622000,121932490,121652369,-240.121,0.000,0.000,1.000,3.000,0.000,0.000,19.000,0,0,0
B3_zmq_pushpull,zmq_tcp,none,none,,1,20620,512,584,1785153457080584000,1785153457080584000,1785153457080584000,1785153457080585000,1785153457080625000,1785153457080628000,1785153457080628000,1785153457080628000,121932490,121652369,-240.121,0.000,0.000,1.000,3.000,0.000,0.000,0.000,0,0,0
B3_zmq_pushpull,zmq_tcp,none,none,,1,20621,512,584,1785153457081582000,1785153457081582000,1785153457081582000,1785153457081583000,1785153457081751000,1785153457081753000,1785153457081753000,1785153457081753000,121932490,121652369,-112.121,0.000,0.000,1.000,2.000,0.000,0.000,128.000,0,0,0
B3_zmq_pushpull,zmq_tcp,none,none,,1,20622,512,584,1785153457082585000,1785153457082585000,1785153457082585000,1785153457082586000,1785153457082747000,1785153457082750000,1785153457082750000,1785153457082750000,121932490,121652369,-119.121,0.000,0.000,1.000,3.000,0.000,0.000,7.000,0,0,0
B3_zmq_pushpull,zmq_tcp,none,none,,1,20623,512,584,1785153457083453000,1785153457083453000,1785153457083453000,1785153457083454000,1785153457083611000,1785153457083614000,1785153457083614000,1785153457083614000,121932490,121652369,-123.121,0.000,0.000,1.000,3.000,0.000,0.000,4.000,0,0,0
B3_zmq_pushpull,zmq_tcp,none,none,,1,20624,512,584,1785153457084614000,1785153457084614000,1785153457084614000,1785153457084615000,1785153457084751000,1785153457084754000,1785153457084754000,1785153457084754000,121932490,121652369,-144.121,0.000,0.000,1.000,3.000,0.000,0.000,21.000,0,0,0
B3_zmq_pushpull,zmq_tcp,none,none,,1,20625,512,584,1785153457085574000,1785153457085574000,1785153457085574000,1785153457085575000,1785153457085613000,1785153457085616000,1785153457085616000,1785153457085616000,121932490,121652369,-242.121,0.000,0.000,1.000,3.000,0.000,0.000,98.000,0,0,0
B3_zmq_pushpull,zmq_tcp,none,none,,1,20626,512,584,1785153457086585000,1785153457086585000,1785153457086585000,1785153457086586000,1785153457086741000,1785153457086743000,1785153457086743000,1785153457086744000,121932490,121652369,-125.121,0.000,0.000,1.000,2.000,0.000,1.000,117.000,0,0,0
B3_zmq_pushpull,zmq_tcp,none,none,,1,20627,512,584,1785153457087581000,1785153457087581000,1785153457087581000,1785153457087582000,1785153457087623000,1785153457087625000,1785153457087625000,1785153457087625000,121932490,121652369,-239.121,0.000,0.000,1.000,2.000,0.000,0.000,114.000,0,0,0
B3_zmq_pushpull,zmq_tcp,none,none,,1,20628,512,584,1785153457088583000,1785153457088584000,1785153457088584000,1785153457088585000,1785153457088637000,1785153457088641000,1785153457088641000,1785153457088641000,121932490,121652369,-228.121,1.000,0.000,1.000,4.000,0.000,0.000,11.000,0,0,0
B3_zmq_pushpull,zmq_tcp,none,none,,1,20629,512,584,1785153457089582000,1785153457089582000,1785153457089582000,1785153457089583000,1785153457089642000,1785153457089644000,1785153457089644000,1785153457089644000,121932490,121652369,-221.121,0.000,0.000,1.000,2.000,0.000,0.000,7.000,0,0,0
B3_zmq_pushpull,zmq_tcp,none,none,,1,20630,512,584,1785153457090582000,1785153457090582000,1785153457090582000,1785153457090583000,1785153457090660000,1785153457090663000,1785153457090663000,1785153457090663000,121932490,121652369,-203.121,0.000,0.000,1.000,3.000,0.000,0.000,18.000,0,0,0
B3_zmq_pushpull,zmq_tcp,none,none,,1,20631,512,584,1785153457091582000,1785153457091582000,1785153457091582000,1785153457091583000,1785153457091630000,1785153457091634000,1785153457091634000,1785153457091634000,121932490,121652369,-233.121,0.000,0.000,1.000,4.000,0.000,0.000,30.000,0,0,0
B3_zmq_pushpull,zmq_tcp,none,none,,1,20632,512,584,1785153457092464000,1785153457092465000,1785153457092465000,1785153457092466000,1785153457092618000,1785153457092621000,1785153457092621000,1785153457092621000,121932490,121652369,-128.121,1.000,0.000,1.000,3.000,0.000,0.000,105.000,0,0,0
B3_zmq_pushpull,zmq_tcp,none,none,,1,20633,512,584,1785153457093611000,1785153457093612000,1785153457093612000,1785153457093613000,1785153457093745000,1785153457093749000,1785153457093749000,1785153457093749000,121932490,121652369,-148.121,1.000,0.000,1.000,4.000,0.000,0.000,20.000,0,0,0
B3_zmq_pushpull,zmq_tcp,none,none,,1,20634,512,584,1785153457094447000,1785153457094447000,1785153457094447000,1785153457094448000,1785153457094603000,1785153457094606000,1785153457094606000,1785153457094606000,121932490,121652369,-125.121,0.000,0.000,1.000,3.000,0.000,0.000,23.000,0,0,0
B3_zmq_pushpull,zmq_tcp,none,none,,1,20635,512,584,1785153457095616000,1785153457095616000,1785153457095616000,1785153457095617000,1785153457095743000,1785153457095746000,1785153457095746000,1785153457095746000,121932490,121652369,-154.121,0.000,0.000,1.000,3.000,0.000,0.000,29.000,0,0,0
B3_zmq_pushpull,zmq_tcp,none,none,,1,20636,512,584,1785153457096574000,1785153457096574000,1785153457096574000,1785153457096575000,1785153457096718000,1785153457096721000,1785153457096721000,1785153457096721000,121932490,121652369,-137.121,0.000,0.000,1.000,3.000,0.000,0.000,17.000,0,0,0
B3_zmq_pushpull,zmq_tcp,none,none,,1,20637,512,584,1785153457097407000,1785153457097407000,1785153457097407000,1785153457097408000,1785153457097563000,1785153457097566000,1785153457097566000,1785153457097566000,121932490,121652369,-125.121,0.000,0.000,1.000,3.000,0.000,0.000,12.000,0,0,0
B3_zmq_pushpull,zmq_tcp,none,none,,1,20638,512,584,1785153457098400000,1785153457098401000,1785153457098401000,1785153457098402000,1785153457098555000,1785153457098558000,1785153457098558000,1785153457098558000,121932490,121652369,-127.121,1.000,0.000,1.000,3.000,0.000,0.000,2.000,0,0,0
B3_zmq_pushpull,zmq_tcp,none,none,,1,20639,512,584,1785153457099628000,1785153457099628000,1785153457099628000,1785153457099629000,1785153457099675000,1785153457099678000,1785153457099678000,1785153457099678000,121932490,121652369,-234.121,0.000,0.000,1.000,3.000,0.000,0.000,107.000,0,0,0
B3_zmq_pushpull,zmq_tcp,none,none,,1,20640,512,584,1785153457100572000,1785153457100572000,1785153457100572000,1785153457100573000,1785153457100651000,1785153457100654000,1785153457100654000,1785153457100654000,121932490,121652369,-202.121,0.000,0.000,1.000,3.000,0.000,0.000,32.000,0,0,0
B3_zmq_pushpull,zmq_tcp,none,none,,1,20641,512,584,1785153457101583000,1785153457101584000,1785153457101584000,1785153457101585000,1785153457101647000,1785153457101650000,1785153457101650000,1785153457101650000,121932490,121652369,-218.121,1.000,0.000,1.000,3.000,0.000,0.000,16.000,0,0,0
B3_zmq_pushpull,zmq_tcp,none,none,,1,20642,512,584,1785153457102583000,1785153457102583000,1785153457102583000,1785153457102584000,1785153457102773000,1785153457102775000,1785153457102775000,1785153457102775000,121932490,121652369,-91.121,0.000,0.000,1.000,2.000,0.000,0.000,127.000,0,0,0
B3_zmq_pushpull,zmq_tcp,none,none,,1,20643,512,584,1785153457103585000,1785153457103585000,1785153457103585000,1785153457103586000,1785153457103766000,1785153457103769000,1785153457103769000,1785153457103769000,121932490,121652369,-100.121,0.000,0.000,1.000,3.000,0.000,0.000,9.000,0,0,0
B3_zmq_pushpull,zmq_tcp,none,none,,1,20644,512,584,1785153457104464000,1785153457104464000,1785153457104464000,1785153457104465000,1785153457104612000,1785153457104615000,1785153457104615000,1785153457104615000,121932490,121652369,-133.121,0.000,0.000,1.000,3.000,0.000,0.000,33.000,0,0,0
B3_zmq_pushpull,zmq_tcp,none,none,,1,20645,512,584,1785153457105612000,1785153457105612000,1785153457105612000,1785153457105613000,1785153457105747000,1785153457105750000,1785153457105750000,1785153457105750000,121932490,121652369,-146.121,0.000,0.000,1.000,3.000,0.000,0.000,13.000,0,0,0
B3_zmq_pushpull,zmq_tcp,none,none,,1,20646,512,584,1785153457106576000,1785153457106576000,1785153457106576000,1785153457106577000,1785153457106722000,1785153457106724000,1785153457106724000,1785153457106725000,121932490,121652369,-135.121,0.000,0.000,1.000,2.000,0.000,1.000,11.000,0,0,0
B3_zmq_pushpull,zmq_tcp,none,none,,1,20647,512,584,1785153457107583000,1785153457107584000,1785153457107584000,1785153457107584000,1785153457107718000,1785153457107720000,1785153457107720000,1785153457107720000,121932490,121652369,-146.121,1.000,0.000,0.000,2.000,0.000,0.000,11.000,0,0,0
B3_zmq_pushpull,zmq_tcp,none,none,,1,20648,512,584,1785153457108579000,1785153457108579000,1785153457108580000,1785153457108581000,1785153457108734000,1785153457108737000,1785153457108737000,1785153457108737000,121932490,121652369,-127.121,0.000,1.000,1.000,3.000,0.000,0.000,19.000,0,0,0
B3_zmq_pushpull,zmq_tcp,none,none,,1,20649,512,584,1785153457109587000,1785153457109587000,1785153457109587000,1785153457109588000,1785153457109747000,1785153457109750000,1785153457109750000,1785153457109750000,121932490,121652369,-121.121,0.000,0.000,1.000,3.000,0.000,0.000,6.000,0,0,0
B3_zmq_pushpull,zmq_tcp,none,none,,1,20650,512,584,1785153457110581000,1785153457110581000,1785153457110581000,1785153457110582000,1785153457110769000,1785153457110771000,1785153457110771000,1785153457110771000,121932490,121652369,-93.121,0.000,0.000,1.000,2.000,0.000,0.000,28.000,0,0,0
B3_zmq_pushpull,zmq_tcp,none,none,,1,20651,512,584,1785153457111585000,1785153457111585000,1785153457111585000,1785153457111586000,1785153457111639000,1785153457111642000,1785153457111642000,1785153457111642000,121932490,121652369,-227.121,0.000,0.000,1.000,3.000,0.000,0.000,134.000,0,0,0
B3_zmq_pushpull,zmq_tcp,none,none,,1,20652,512,584,1785153457112582000,1785153457112582000,1785153457112582000,1785153457112583000,1785153457112643000,1785153457112646000,1785153457112646000,1785153457112646000,121932490,121652369,-220.121,0.000,0.000,1.000,3.000,0.000,0.000,7.000,0,0,0
B3_zmq_pushpull,zmq_tcp,none,none,,1,20653,512,584,1785153457113583000,1785153457113583000,1785153457113583000,1785153457113584000,1785153457113649000,1785153457113651000,1785153457113651000,1785153457113651000,121932490,121652369,-215.121,0.000,0.000,1.000,2.000,0.000,0.000,5.000,0,0,0
B3_zmq_pushpull,zmq_tcp,none,none,,1,20654,512,584,1785153457114582000,1785153457114583000,1785153457114583000,1785153457114584000,1785153457114654000,1785153457114657000,1785153457114657000,1785153457114657000,121932490,121652369,-210.121,1.000,0.000,1.000,3.000,0.000,0.000,5.000,0,0,0
B3_zmq_pushpull,zmq_tcp,none,none,,1,20655,512,584,1785153457115586000,1785153457115586000,1785153457115586000,1785153457115587000,1785153457115662000,1785153457115666000,1785153457115666000,1785153457115666000,121932490,121652369,-205.121,0.000,0.000,1.000,4.000,0.000,0.000,5.000,0,0,0
B3_zmq_pushpull,zmq_tcp,none,none,,1,20656,512,584,1785153457116487000,1785153457116488000,1785153457116488000,1785153457116489000,1785153457116648000,1785153457116650000,1785153457116650000,1785153457116650000,121932490,121652369,-121.121,1.000,0.000,1.000,2.000,0.000,0.000,84.000,0,0,0
B3_zmq_pushpull,zmq_tcp,none,none,,1,20657,512,584,1785153457117487000,1785153457117487000,1785153457117487000,1785153457117488000,1785153457117646000,1785153457117649000,1785153457117649000,1785153457117649000,121932490,121652369,-122.121,0.000,0.000,1.000,3.000,0.000,0.000,1.000,0,0,0
B3_zmq_pushpull,zmq_tcp,none,none,,1,20658,512,584,1785153457118465000,1785153457118465000,1785153457118465000,1785153457118466000,1785153457118607000,1785153457118609000,1785153457118609000,1785153457118609000,121932490,121652369,-139.121,0.000,0.000,1.000,2.000,0.000,0.000,17.000,0,0,0
B3_zmq_pushpull,zmq_tcp,none,none,,1,20659,512,584,1785153457119611000,1785153457119611000,1785153457119611000,1785153457119612000,1785153457119729000,1785153457119732000,1785153457119732000,1785153457119732000,121932490,121652369,-163.121,0.000,0.000,1.000,3.000,0.000,0.000,24.000,0,0,0
B3_zmq_pushpull,zmq_tcp,none,none,,1,20660,512,584,1785153457120573000,1785153457120573000,1785153457120573000,1785153457120574000,1785153457120696000,1785153457120699000,1785153457120699000,1785153457120699000,121932490,121652369,-158.121,0.000,0.000,1.000,3.000,0.000,0.000,5.000,0,0,0
B3_zmq_pushpull,zmq_tcp,none,none,,1,20661,512,584,1785153457121584000,1785153457121584000,1785153457121584000,1785153457121585000,1785153457121665000,1785153457121668000,1785153457121668000,1785153457121668000,121932490,121652369,-200.121,0.000,0.000,1.000,3.000,0.000,0.000,42.000,0,0,0
B3_zmq_pushpull,zmq_tcp,none,none,,1,20662,512,584,1785153457122581000,1785153457122581000,1785153457122581000,1785153457122582000,1785153457122628000,1785153457122631000,1785153457122631000,1785153457122631000,121932490,121652369,-234.121,0.000,0.000,1.000,3.000,0.000,0.000,34.000,0,0,0
B3_zmq_pushpull,zmq_tcp,none,none,,1,20663,512,584,1785153457123582000,1785153457123582000,1785153457123582000,1785153457123583000,1785153457123736000,1785153457123738000,1785153457123738000,1785153457123738000,121932490,121652369,-127.121,0.000,0.000,1.000,2.000,0.000,0.000,107.000,0,0,0
B3_zmq_pushpull,zmq_tcp,none,none,,1,20664,512,584,1785153457124434000,1785153457124434000,1785153457124434000,1785153457124435000,1785153457124593000,1785153457124596000,1785153457124596000,1785153457124596000,121932490,121652369,-122.121,0.000,0.000,1.000,3.000,0.000,0.000,5.000,0,0,0
B3_zmq_pushpull,zmq_tcp,none,none,,1,20665,512,584,1785153457125419000,1785153457125419000,1785153457125419000,1785153457125420000,1785153457125577000,1785153457125580000,1785153457125580000,1785153457125580000,121932490,121652369,-123.121,0.000,0.000,1.000,3.000,0.000,0.000,1.000,0,0,0
B3_zmq_pushpull,zmq_tcp,none,none,,1,20666,512,584,1785153457126396000,1785153457126396000,1785153457126396000,1785153457126397000,1785153457126540000,1785153457126543000,1785153457126543000,1785153457126543000,121932490,121652369,-137.121,0.000,0.000,1.000,3.000,0.000,0.000,14.000,0,0,0
B3_zmq_pushpull,zmq_tcp,none,none,,1,20667,512,584,1785153457127628000,1785153457127629000,1785153457127629000,1785153457127630000,1785153457127780000,1785153457127783000,1785153457127783000,1785153457127783000,121932490,121652369,-130.121,1.000,0.000,1.000,3.000,0.000,0.000,7.000,0,0,0
B3_zmq_pushpull,zmq_tcp,none,none,,1,20668,512,584,1785153457128477000,1785153457128477000,1785153457128477000,1785153457128478000,1785153457128620000,1785153457128622000,1785153457128622000,1785153457128622000,121932490,121652369,-138.121,0.000,0.000,1.000,2.000,0.000,0.000,8.000,0,0,0
B3_zmq_pushpull,zmq_tcp,none,none,,1,20669,512,584,1785153457129611000,1785153457129611000,1785153457129611000,1785153457129612000,1785153457129734000,1785153457129737000,1785153457129737000,1785153457129737000,121932490,121652369,-158.121,0.000,0.000,1.000,3.000,0.000,0.000,20.000,0,0,0
B3_zmq_pushpull,zmq_tcp,none,none,,1,20670,512,584,1785153457130575000,1785153457130575000,1785153457130575000,1785153457130576000,1785153457130714000,1785153457130717000,1785153457130717000,1785153457130717000,121932490,121652369,-142.121,0.000,0.000,1.000,3.000,0.000,0.000,16.000,0,0,0
B3_zmq_pushpull,zmq_tcp,none,none,,1,20671,512,584,1785153457131585000,1785153457131585000,1785153457131585000,1785153457131586000,1785153457131694000,1785153457131697000,1785153457131697000,1785153457131697000,121932490,121652369,-172.121,0.000,0.000,1.000,3.000,0.000,0.000,30.000,0,0,0
B3_zmq_pushpull,zmq_tcp,none,none,,1,20672,512,584,1785153457132577000,1785153457132578000,1785153457132578000,1785153457132579000,1785153457132675000,1785153457132678000,1785153457132678000,1785153457132678000,121932490,121652369,-184.121,1.000,0.000,1.000,3.000,0.000,0.000,12.000,0,0,0
B3_zmq_pushpull,zmq_tcp,none,none,,1,20673,512,584,1785153457133583000,1785153457133583000,1785153457133583000,1785153457133584000,1785153457133651000,1785153457133653000,1785153457133653000,1785153457133653000,121932490,121652369,-213.121,0.000,0.000,1.000,2.000,0.000,0.000,29.000,0,0,0
B3_zmq_pushpull,zmq_tcp,none,none,,1,20674,512,584,1785153457134581000,1785153457134582000,1785153457134582000,1785153457134583000,1785153457134628000,1785153457134631000,1785153457134631000,1785153457134631000,121932490,121652369,-235.121,1.000,0.000,1.000,3.000,0.000,0.000,22.000,0,0,0
B3_zmq_pushpull,zmq_tcp,none,none,,1,20675,512,584,1785153457135439000,1785153457135439000,1785153457135439000,1785153457135440000,1785153457135582000,1785153457135585000,1785153457135585000,1785153457135585000,121932490,121652369,-138.121,0.000,0.000,1.000,3.000,0.000,0.000,97.000,0,0,0
B3_zmq_pushpull,zmq_tcp,none,none,,1,20676,512,584,1785153457136615000,1785153457136615000,1785153457136615000,1785153457136616000,1785153457136704000,1785153457136706000,1785153457136706000,1785153457136706000,121932490,121652369,-192.121,0.000,0.000,1.000,2.000,0.000,0.000,54.000,0,0,0
B3_zmq_pushpull,zmq_tcp,none,none,,1,20677,512,584,1785153457137576000,1785153457137576000,1785153457137576000,1785153457137577000,1785153457137686000,1785153457137689000,1785153457137689000,1785153457137689000,121932490,121652369,-171.121,0.000,0.000,1.000,3.000,0.000,0.000,21.000,0,0,0
B3_zmq_pushpull,zmq_tcp,none,none,,1,20678,512,584,1785153457138583000,1785153457138583000,1785153457138583000,1785153457138584000,1785153457138666000,1785153457138670000,1785153457138670000,1785153457138670000,121932490,121652369,-198.121,0.000,0.000,1.000,4.000,0.000,0.000,27.000,0,0,0
B3_zmq_pushpull,zmq_tcp,none,none,,1,20679,512,584,1785153457139584000,1785153457139584000,1785153457139584000,1785153457139585000,1785153457139658000,1785153457139661000,1785153457139661000,1785153457139661000,121932490,121652369,-207.121,0.000,0.000,1.000,3.000,0.000,0.000,9.000,0,0,0
B3_zmq_pushpull,zmq_tcp,none,none,,1,20680,512,584,1785153457140581000,1785153457140582000,1785153457140582000,1785153457140583000,1785153457140660000,1785153457140663000,1785153457140663000,1785153457140663000,121932490,121652369,-203.121,1.000,0.000,1.000,3.000,0.000,0.000,4.000,0,0,0
B3_zmq_pushpull,zmq_tcp,none,none,,1,20681,512,584,1785153457141581000,1785153457141582000,1785153457141582000,1785153457141583000,1785153457141648000,1785153457141650000,1785153457141651000,1785153457141651000,121932490,121652369,-215.121,1.000,0.000,1.000,2.000,1.000,0.000,12.000,0,0,0
B3_zmq_pushpull,zmq_tcp,none,none,,1,20682,512,584,1785153457142581000,1785153457142582000,1785153457142582000,1785153457142583000,1785153457142637000,1785153457142641000,1785153457142641000,1785153457142641000,121932490,121652369,-226.121,1.000,0.000,1.000,4.000,0.000,0.000,11.000,0,0,0
B3_zmq_pushpull,zmq_tcp,none,none,,1,20683,512,584,1785153457143586000,1785153457143586000,1785153457143586000,1785153457143587000,1785153457143756000,1785153457143758000,1785153457143758000,1785153457143758000,121932490,121652369,-111.121,0.000,0.000,1.000,2.000,0.000,0.000,115.000,0,0,0
B3_zmq_pushpull,zmq_tcp,none,none,,1,20684,512,584,1785153457144583000,1785153457144583000,1785153457144583000,1785153457144584000,1785153457144738000,1785153457144741000,1785153457144741000,1785153457144741000,121932490,121652369,-126.121,0.000,0.000,1.000,3.000,0.000,0.000,15.000,0,0,0
B3_zmq_pushpull,zmq_tcp,none,none,,1,20685,512,584,1785153457145584000,1785153457145584000,1785153457145584000,1785153457145585000,1785153457145734000,1785153457145737000,1785153457145737000,1785153457145737000,121932490,121652369,-131.121,0.000,0.000,1.000,3.000,0.000,0.000,5.000,0,0,0
B3_zmq_pushpull,zmq_tcp,none,none,,1,20686,512,584,1785153457146580000,1785153457146580000,1785153457146580000,1785153457146581000,1785153457146717000,1785153457146720000,1785153457146720000,1785153457146720000,121932490,121652369,-144.121,0.000,0.000,1.000,3.000,0.000,0.000,13.000,0,0,0
B3_zmq_pushpull,zmq_tcp,none,none,,1,20687,512,584,1785153457147583000,1785153457147583000,1785153457147583000,1785153457147584000,1785153457147721000,1785153457147724000,1785153457147724000,1785153457147724000,121932490,121652369,-143.121,0.000,0.000,1.000,3.000,0.000,0.000,1.000,0,0,0
B3_zmq_pushpull,zmq_tcp,none,none,,1,20688,512,584,1785153457148581000,1785153457148582000,1785153457148582000,1785153457148583000,1785153457148706000,1785153457148709000,1785153457148709000,1785153457148709000,121932490,121652369,-157.121,1.000,0.000,1.000,3.000,0.000,0.000,14.000,0,0,0
B3_zmq_pushpull,zmq_tcp,none,none,,1,20689,512,584,1785153457149581000,1785153457149582000,1785153457149582000,1785153457149583000,1785153457149674000,1785153457149677000,1785153457149677000,1785153457149677000,121932490,121652369,-189.121,1.000,0.000,1.000,3.000,0.000,0.000,32.000,0,0,0
B3_zmq_pushpull,zmq_tcp,none,none,,1,20690,512,584,1785153457150581000,1785153457150582000,1785153457150582000,1785153457150583000,1785153457150656000,1785153457150658000,1785153457150658000,1785153457150658000,121932490,121652369,-207.121,1.000,0.000,1.000,2.000,0.000,0.000,18.000,0,0,0
B3_zmq_pushpull,zmq_tcp,none,none,,1,20691,512,584,1785153457151581000,1785153457151582000,1785153457151582000,1785153457151583000,1785153457151644000,1785153457151646000,1785153457151646000,1785153457151646000,121932490,121652369,-219.121,1.000,0.000,1.000,2.000,0.000,0.000,12.000,0,0,0
B3_zmq_pushpull,zmq_tcp,none,none,,1,20692,512,584,1785153457152581000,1785153457152582000,1785153457152582000,1785153457152583000,1785153457152761000,1785153457152764000,1785153457152764000,1785153457152764000,121932490,121652369,-102.121,1.000,0.000,1.000,3.000,0.000,0.000,117.000,0,0,0
B3_zmq_pushpull,zmq_tcp,none,none,,1,20693,512,584,1785153457153584000,1785153457153584000,1785153457153584000,1785153457153585000,1785153457153758000,1785153457153761000,1785153457153761000,1785153457153761000,121932490,121652369,-107.121,0.000,0.000,1.000,3.000,0.000,0.000,5.000,0,0,0
B3_zmq_pushpull,zmq_tcp,none,none,,1,20694,512,584,1785153457154580000,1785153457154580000,1785153457154580000,1785153457154581000,1785153457154745000,1785153457154748000,1785153457154748000,1785153457154748000,121932490,121652369,-116.121,0.000,0.000,1.000,3.000,0.000,0.000,9.000,0,0,0
B3_zmq_pushpull,zmq_tcp,none,none,,1,20695,512,584,1785153457155581000,1785153457155582000,1785153457155582000,1785153457155583000,1785153457155720000,1785153457155722000,1785153457155723000,1785153457155723000,121932490,121652369,-143.121,1.000,0.000,1.000,2.000,1.000,0.000,27.000,0,0,0
B3_zmq_pushpull,zmq_tcp,none,none,,1,20696,512,584,1785153457156552000,1785153457156553000,1785153457156553000,1785153457156554000,1785153457156707000,1785153457156710000,1785153457156710000,1785153457156710000,121932490,121652369,-127.121,1.000,0.000,1.000,3.000,0.000,0.000,16.000,0,0,0
B3_zmq_pushpull,zmq_tcp,none,none,,1,20697,512,584,1785153457157400000,1785153457157401000,1785153457157401000,1785153457157402000,1785153457157549000,1785153457157552000,1785153457157552000,1785153457157552000,121932490,121652369,-133.121,1.000,0.000,1.000,3.000,0.000,0.000,6.000,0,0,0
B3_zmq_pushpull,zmq_tcp,none,none,,1,20698,512,584,1785153457158625000,1785153457158625000,1785153457158625000,1785153457158626000,1785153457158661000,1785153457158665000,1785153457158665000,1785153457158665000,121932490,121652369,-245.121,0.000,0.000,1.000,4.000,0.000,0.000,112.000,0,0,0
B3_zmq_pushpull,zmq_tcp,none,none,,1,20699,512,584,1785153457159573000,1785153457159574000,1785153457159574000,1785153457159575000,1785153457159655000,1785153457159658000,1785153457159658000,1785153457159658000,121932490,121652369,-200.121,1.000,0.000,1.000,3.000,0.000,0.000,45.000,0,0,0
B3_zmq_pushpull,zmq_tcp,none,none,,1,20700,512,584,1785153457160584000,1785153457160584000,1785153457160584000,1785153457160585000,1785153457160648000,1785153457160650000,1785153457160650000,1785153457160651000,121932490,121652369,-217.121,0.000,0.000,1.000,2.000,0.000,1.000,17.000,0,0,0
B3_zmq_pushpull,zmq_tcp,none,none,,1,20701,512,584,1785153457161477000,1785153457161477000,1785153457161477000,1785153457161478000,1785153457161619000,1785153457161621000,1785153457161621000,1785153457161621000,121932490,121652369,-139.121,0.000,0.000,1.000,2.000,0.000,0.000,78.000,0,0,0
B3_zmq_pushpull,zmq_tcp,none,none,,1,20702,512,584,1785153457162426000,1785153457162426000,1785153457162426000,1785153457162428000,1785153457162569000,1785153457162572000,1785153457162572000,1785153457162572000,121932490,121652369,-139.121,0.000,0.000,2.000,3.000,0.000,0.000,0.000,0,0,0
B3_zmq_pushpull,zmq_tcp,none,none,,1,20703,512,584,1785153457163621000,1785153457163621000,1785153457163621000,1785153457163622000,1785153457163682000,1785153457163686000,1785153457163686000,1785153457163686000,121932490,121652369,-220.121,0.000,0.000,1.000,4.000,0.000,0.000,81.000,0,0,0
B3_zmq_pushpull,zmq_tcp,none,none,,1,20704,512,584,1785153457164568000,1785153457164568000,1785153457164568000,1785153457164569000,1785153457164660000,1785153457164663000,1785153457164663000,1785153457164663000,121932490,121652369,-189.121,0.000,0.000,1.000,3.000,0.000,0.000,31.000,0,0,0
B3_zmq_pushpull,zmq_tcp,none,none,,1,20705,512,584,1785153457165588000,1785153457165588000,1785153457165588000,1785153457165589000,1785153457165776000,1785153457165778000,1785153457165778000,1785153457165778000,121932490,121652369,-93.121,0.000,0.000,1.000,2.000,0.000,0.000,96.000,0,0,0
B3_zmq_pushpull,zmq_tcp,none,none,,1,20706,512,584,1785153457166580000,1785153457166580000,1785153457166580000,1785153457166581000,1785153457166775000,1785153457166778000,1785153457166778000,1785153457166778000,121932490,121652369,-86.121,0.000,0.000,1.000,3.000,0.000,0.000,7.000,0,0,0
B3_zmq_pushpull,zmq_tcp,none,none,,1,20707,512,584,1785153457167582000,1785153457167582000,1785153457167582000,1785153457167583000,1785153457167752000,1785153457167755000,1785153457167755000,1785153457167755000,121932490,121652369,-111.121,0.000,0.000,1.000,3.000,0.000,0.000,25.000,0,0,0
B3_zmq_pushpull,zmq_tcp,none,none,,1,20708,512,584,1785153457168443000,1785153457168443000,1785153457168444000,1785153457168444000,1785153457168596000,1785153457168599000,1785153457168599000,1785153457168599000,121932490,121652369,-128.121,0.000,1.000,0.000,3.000,0.000,0.000,17.000,0,0,0
B3_zmq_pushpull,zmq_tcp,none,none,,1,20709,512,584,1785153457169425000,1785153457169425000,1785153457169425000,1785153457169426000,1785153457169577000,1785153457169580000,1785153457169580000,1785153457169580000,121932490,121652369,-129.121,0.000,0.000,1.000,3.000,0.000,0.000,1.000,0,0,0
B3_zmq_pushpull,zmq_tcp,none,none,,1,20710,512,584,1785153457170402000,1785153457170402000,1785153457170402000,1785153457170403000,1785153457170556000,1785153457170559000,1785153457170559000,1785153457170559000,121932490,121652369,-127.121,0.000,0.000,1.000,3.000,0.000,0.000,2.000,0,0,0
B3_zmq_pushpull,zmq_tcp,none,none,,1,20711,512,584,1785153457171390000,1785153457171390000,1785153457171390000,1785153457171391000,1785153457171533000,1785153457171536000,1785153457171536000,1785153457171536000,121932490,121652369,-138.121,0.000,0.000,1.000,3.000,0.000,0.000,11.000,0,0,0
B3_zmq_pushpull,zmq_tcp,none,none,,1,20712,512,584,1785153457172386000,1785153457172386000,1785153457172386000,1785153457172387000,1785153457172529000,1785153457172533000,1785153457172533000,1785153457172533000,121932490,121652369,-138.121,0.000,0.000,1.000,4.000,0.000,0.000,0.000,0,0,0
B3_zmq_pushpull,zmq_tcp,none,none,,1,20713,512,584,1785153457173493000,1785153457173493000,1785153457173493000,1785153457173494000,1785153457173653000,1785153457173656000,1785153457173656000,1785153457173656000,121932490,121652369,-121.121,0.000,0.000,1.000,3.000,0.000,0.000,17.000,0,0,0
B3_zmq_pushpull,zmq_tcp,none,none,,1,20714,512,584,1785153457174604000,1785153457174605000,1785153457174605000,1785153457174606000,1785153457174757000,1785153457174760000,1785153457174760000,1785153457174760000,121932490,121652369,-129.121,1.000,0.000,1.000,3.000,0.000,0.000,8.000,0,0,0
B3_zmq_pushpull,zmq_tcp,none,none,,1,20715,512,584,1785153457175572000,1785153457175572000,1785153457175573000,1785153457175573000,1785153457175731000,1785153457175734000,1785153457175734000,1785153457175734000,121932490,121652369,-122.121,0.000,1.000,0.000,3.000,0.000,0.000,7.000,0,0,0
B3_zmq_pushpull,zmq_tcp,none,none,,1,20716,512,584,1785153457176584000,1785153457176584000,1785153457176584000,1785153457176585000,1785153457176717000,1785153457176720000,1785153457176720000,1785153457176720000,121932490,121652369,-148.121,0.000,0.000,1.000,3.000,0.000,0.000,26.000,0,0,0
B3_zmq_pushpull,zmq_tcp,none,none,,1,20717,512,584,1785153457177582000,1785153457177582000,1785153457177582000,1785153457177583000,1785153457177676000,1785153457177679000,1785153457177679000,1785153457177679000,121932490,121652369,-187.121,0.000,0.000,1.000,3.000,0.000,0.000,39.000,0,0,0
B3_zmq_pushpull,zmq_tcp,none,none,,1,20718,512,584,1785153457178584000,1785153457178584000,1785153457178584000,1785153457178585000,1785153457178664000,1785153457178667000,1785153457178667000,1785153457178667000,121932490,121652369,-201.121,0.000,0.000,1.000,3.000,0.000,0.000,14.000,0,0,0
B3_zmq_pushpull,zmq_tcp,none,none,,1,20719,512,584,1785153457179578000,1785153457179578000,1785153457179578000,1785153457179579000,1785153457179648000,1785153457179651000,1785153457179651000,1785153457179651000,121932490,121652369,-211.121,0.000,0.000,1.000,3.000,0.000,0.000,10.000,0,0,0
B3_zmq_pushpull,zmq_tcp,none,none,,1,20720,512,584,1785153457180589000,1785153457180589000,1785153457180589000,1785153457180590000,1785153457180760000,1785153457180763000,1785153457180763000,1785153457180763000,121932490,121652369,-110.121,0.000,0.000,1.000,3.000,0.000,0.000,101.000,0,0,0
B3_zmq_pushpull,zmq_tcp,none,none,,1,20721,512,584,1785153457181580000,1785153457181580000,1785153457181581000,1785153457181581000,1785153457181744000,1785153457181747000,1785153457181747000,1785153457181747000,121932490,121652369,-117.121,0.000,1.000,0.000,3.000,0.000,0.000,7.000,0,0,0
B3_zmq_pushpull,zmq_tcp,none,none,,1,20722,512,584,1785153457182583000,1785153457182583000,1785153457182583000,1785153457182584000,1785153457182715000,1785153457182718000,1785153457182718000,1785153457182718000,121932490,121652369,-149.121,0.000,0.000,1.000,3.000,0.000,0.000,32.000,0,0,0
B3_zmq_pushpull,zmq_tcp,none,none,,1,20723,512,584,1785153457183579000,1785153457183579000,1785153457183579000,1785153457183580000,1785153457183683000,1785153457183686000,1785153457183686000,1785153457183686000,121932490,121652369,-177.121,0.000,0.000,1.000,3.000,0.000,0.000,28.000,0,0,0
B3_zmq_pushpull,zmq_tcp,none,none,,1,20724,512,584,1785153457184505000,1785153457184505000,1785153457184505000,1785153457184506000,1785153457184647000,1785153457184649000,1785153457184649000,1785153457184649000,121932490,121652369,-139.121,0.000,0.000,1.000,2.000,0.000,0.000,38.000,0,0,0
B3_zmq_pushpull,zmq_tcp,none,none,,1,20725,512,584,1785153457185606000,1785153457185606000,1785153457185606000,1785153457185607000,1785153457185784000,1785153457185787000,1785153457185787000,1785153457185787000,121932490,121652369,-103.121,0.000,0.000,1.000,3.000,0.000,0.000,36.000,0,0,0
B3_zmq_pushpull,zmq_tcp,none,none,,1,20726,512,584,1785153457186578000,1785153457186578000,1785153457186578000,1785153457186579000,1785153457186772000,1785153457186775000,1785153457186775000,1785153457186775000,121932490,121652369,-87.121,0.000,0.000,1.000,3.000,0.000,0.000,16.000,0,0,0
B3_zmq_pushpull,zmq_tcp,none,none,,1,20727,512,584,1785153457187451000,1785153457187451000,1785153457187451000,1785153457187452000,1785153457187608000,1785153457187611000,1785153457187611000,1785153457187611000,121932490,121652369,-124.121,0.000,0.000,1.000,3.000,0.000,0.000,37.000,0,0,0
B3_zmq_pushpull,zmq_tcp,none,none,,1,20728,512,584,1785153457188442000,1785153457188442000,1785153457188443000,1785153457188443000,1785153457188603000,1785153457188605000,1785153457188605000,1785153457188605000,121932490,121652369,-120.121,0.000,1.000,0.000,2.000,0.000,0.000,4.000,0,0,0
B3_zmq_pushpull,zmq_tcp,none,none,,1,20729,512,584,1785153457189405000,1785153457189405000,1785153457189405000,1785153457189406000,1785153457189557000,1785153457189561000,1785153457189561000,1785153457189561000,121932490,121652369,-129.121,0.000,0.000,1.000,4.000,0.000,0.000,9.000,0,0,0
B3_zmq_pushpull,zmq_tcp,none,none,,1,20730,512,584,1785153457190623000,1785153457190623000,1785153457190623000,1785153457190624000,1785153457190669000,1785153457190673000,1785153457190673000,1785153457190673000,121932490,121652369,-235.121,0.000,0.000,1.000,4.000,0.000,0.000,106.000,0,0,0
B3_zmq_pushpull,zmq_tcp,none,none,,1,20731,512,584,1785153457191571000,1785153457191571000,1785153457191571000,1785153457191572000,1785153457191659000,1785153457191661000,1785153457191661000,1785153457191661000,121932490,121652369,-193.121,0.000,0.000,1.000,2.000,0.000,0.000,42.000,0,0,0
B3_zmq_pushpull,zmq_tcp,none,none,,1,20732,512,584,1785153457192585000,1785153457192585000,1785153457192586000,1785153457192586000,1785153457192649000,1785153457192652000,1785153457192652000,1785153457192652000,121932490,121652369,-217.121,0.000,1.000,0.000,3.000,0.000,0.000,24.000,0,0,0
B3_zmq_pushpull,zmq_tcp,none,none,,1,20733,512,584,1785153457193578000,1785153457193578000,1785153457193578000,1785153457193579000,1785153457193628000,1785153457193631000,1785153457193632000,1785153457193632000,121932490,121652369,-231.121,0.000,0.000,1.000,3.000,1.000,0.000,14.000,0,0,0
B3_zmq_pushpull,zmq_tcp,none,none,,1,20734,512,584,1785153457194453000,1785153457194453000,1785153457194453000,1785153457194454000,1785153457194611000,1785153457194613000,1785153457194613000,1785153457194613000,121932490,121652369,-123.121,0.000,0.000,1.000,2.000,0.000,0.000,108.000,0,0,0
B3_zmq_pushpull,zmq_tcp,none,none,,1,20735,512,584,1785153457195614000,1785153457195614000,1785153457195614000,1785153457195615000,1785153457195734000,1785153457195737000,1785153457195737000,1785153457195737000,121932490,121652369,-161.121,0.000,0.000,1.000,3.000,0.000,0.000,38.000,0,0,0
B3_zmq_pushpull,zmq_tcp,none,none,,1,20736,512,584,1785153457196572000,1785153457196573000,1785153457196573000,1785153457196574000,1785153457196731000,1785153457196734000,1785153457196735000,1785153457196735000,121932490,121652369,-123.121,1.000,0.000,1.000,3.000,1.000,0.000,38.000,0,0,0
B3_zmq_pushpull,zmq_tcp,none,none,,1,20737,512,584,1785153457197584000,1785153457197585000,1785153457197585000,1785153457197586000,1785153457197705000,1785153457197708000,1785153457197708000,1785153457197708000,121932490,121652369,-161.121,1.000,0.000,1.000,3.000,0.000,0.000,38.000,0,0,0
B3_zmq_pushpull,zmq_tcp,none,none,,1,20738,512,584,1785153457198582000,1785153457198582000,1785153457198582000,1785153457198583000,1785153457198683000,1785153457198685000,1785153457198685000,1785153457198685000,121932490,121652369,-180.121,0.000,0.000,1.000,2.000,0.000,0.000,19.000,0,0,0
B3_zmq_pushpull,zmq_tcp,none,none,,1,20739,512,584,1785153457199582000,1785153457199582000,1785153457199582000,1785153457199583000,1785153457199680000,1785153457199683000,1785153457199683000,1785153457199683000,121932490,121652369,-183.121,0.000,0.000,1.000,3.000,0.000,0.000,3.000,0,0,0
B3_zmq_pushpull,zmq_tcp,none,none,,1,20740,512,584,1785153457200581000,1785153457200581000,1785153457200581000,1785153457200582000,1785153457200650000,1785153457200654000,1785153457200654000,1785153457200654000,121932490,121652369,-212.121,0.000,0.000,1.000,4.000,0.000,0.000,29.000,0,0,0
B3_zmq_pushpull,zmq_tcp,none,none,,1,20741,512,584,1785153457201583000,1785153457201583000,1785153457201583000,1785153457201584000,1785153457201768000,1785153457201771000,1785153457201771000,1785153457201771000,121932490,121652369,-96.121,0.000,0.000,1.000,3.000,0.000,0.000,116.000,0,0,0
B3_zmq_pushpull,zmq_tcp,none,none,,1,20742,512,584,1785153457202458000,1785153457202458000,1785153457202458000,1785153457202459000,1785153457202616000,1785153457202619000,1785153457202619000,1785153457202619000,121932490,121652369,-123.121,0.000,0.000,1.000,3.000,0.000,0.000,27.000,0,0,0
B3_zmq_pushpull,zmq_tcp,none,none,,1,20743,512,584,1785153457203614000,1785153457203614000,1785153457203614000,1785153457203615000,1785153457203724000,1785153457203728000,1785153457203728000,1785153457203728000,121932490,121652369,-171.121,0.000,0.000,1.000,4.000,0.000,0.000,48.000,0,0,0
B3_zmq_pushpull,zmq_tcp,none,none,,1,20744,512,584,1785153457204571000,1785153457204571000,1785153457204571000,1785153457204572000,1785153457204700000,1785153457204703000,1785153457204703000,1785153457204703000,121932490,121652369,-152.121,0.000,0.000,1.000,3.000,0.000,0.000,19.000,0,0,0
B3_zmq_pushpull,zmq_tcp,none,none,,1,20745,512,584,1785153457205584000,1785153457205584000,1785153457205584000,1785153457205585000,1785153457205676000,1785153457205680000,1785153457205680000,1785153457205680000,121932490,121652369,-189.121,0.000,0.000,1.000,4.000,0.000,0.000,37.000,0,0,0
B3_zmq_pushpull,zmq_tcp,none,none,,1,20746,512,584,1785153457206515000,1785153457206515000,1785153457206515000,1785153457206516000,1785153457206673000,1785153457206676000,1785153457206676000,1785153457206676000,121932490,121652369,-123.121,0.000,0.000,1.000,3.000,0.000,0.000,66.000,0,0,0
B3_zmq_pushpull,zmq_tcp,none,none,,1,20747,512,584,1785153457207389000,1785153457207389000,1785153457207389000,1785153457207390000,1785153457207532000,1785153457207535000,1785153457207535000,1785153457207535000,121932490,121652369,-138.121,0.000,0.000,1.000,3.000,0.000,0.000,15.000,0,0,0
B3_zmq_pushpull,zmq_tcp,none,none,,1,20748,512,584,1785153457208499000,1785153457208500000,1785153457208500000,1785153457208501000,1785153457208660000,1785153457208663000,1785153457208663000,1785153457208663000,121932490,121652369,-121.121,1.000,0.000,1.000,3.000,0.000,0.000,17.000,0,0,0
B3_zmq_pushpull,zmq_tcp,none,none,,1,20749,512,584,1785153457209466000,1785153457209466000,1785153457209466000,1785153457209467000,1785153457209625000,1785153457209628000,1785153457209628000,1785153457209628000,121932490,121652369,-122.121,0.000,0.000,1.000,3.000,0.000,0.000,1.000,0,0,0
B3_zmq_pushpull,zmq_tcp,none,none,,1,20750,512,584,1785153457210611000,1785153457210612000,1785153457210612000,1785153457210612000,1785153457210761000,1785153457210764000,1785153457210764000,1785153457210764000,121932490,121652369,-131.121,1.000,0.000,0.000,3.000,0.000,0.000,9.000,0,0,0
B3_zmq_pushpull,zmq_tcp,none,none,,1,20751,512,584,1785153457211571000,1785153457211571000,1785153457211571000,1785153457211572000,1785153457211739000,1785153457211742000,1785153457211742000,1785153457211742000,121932490,121652369,-113.121,0.000,0.000,1.000,3.000,0.000,0.000,18.000,0,0,0
B3_zmq_pushpull,zmq_tcp,none,none,,1,20752,512,584,1785153457212431000,1785153457212431000,1785153457212431000,1785153457212432000,1785153457212574000,1785153457212576000,1785153457212576000,1785153457212576000,121932490,121652369,-138.121,0.000,0.000,1.000,2.000,0.000,0.000,25.000,0,0,0
B3_zmq_pushpull,zmq_tcp,none,none,,1,20753,512,584,1785153457213621000,1785153457213621000,1785153457213621000,1785153457213622000,1785153457213703000,1785153457213706000,1785153457213706000,1785153457213706000,121932490,121652369,-199.121,0.000,0.000,1.000,3.000,0.000,0.000,61.000,0,0,0
B3_zmq_pushpull,zmq_tcp,none,none,,1,20754,512,584,1785153457214571000,1785153457214571000,1785153457214571000,1785153457214572000,1785153457214683000,1785153457214685000,1785153457214685000,1785153457214686000,121932490,121652369,-169.121,0.000,0.000,1.000,2.000,0.000,1.000,30.000,0,0,0
B3_zmq_pushpull,zmq_tcp,none,none,,1,20755,512,584,1785153457215584000,1785153457215584000,1785153457215585000,1785153457215585000,1785153457215664000,1785153457215667000,1785153457215667000,1785153457215667000,121932490,121652369,-201.121,0.000,1.000,0.000,3.000,0.000,0.000,32.000,0,0,0
B3_zmq_pushpull,zmq_tcp,none,none,,1,20756,512,584,1785153457216584000,1785153457216584000,1785153457216584000,1785153457216585000,1785153457216766000,1785153457216770000,1785153457216770000,1785153457216770000,121932490,121652369,-99.121,0.000,0.000,1.000,4.000,0.000,0.000,102.000,0,0,0
B3_zmq_pushpull,zmq_tcp,none,none,,1,20757,512,584,1785153457217451000,1785153457217452000,1785153457217452000,1785153457217453000,1785153457217604000,1785153457217607000,1785153457217607000,1785153457217607000,121932490,121652369,-129.121,1.000,0.000,1.000,3.000,0.000,0.000,30.000,0,0,0
B3_zmq_pushpull,zmq_tcp,none,none,,1,20758,512,584,1785153457218431000,1785153457218431000,1785153457218431000,1785153457218432000,1785153457218564000,1785153457218567000,1785153457218567000,1785153457218567000,121932490,121652369,-148.121,0.000,0.000,1.000,3.000,0.000,0.000,19.000,0,0,0
B3_zmq_pushpull,zmq_tcp,none,none,,1,20759,512,584,1785153457219621000,1785153457219621000,1785153457219621000,1785153457219622000,1785153457219671000,1785153457219674000,1785153457219674000,1785153457219674000,121932490,121652369,-231.121,0.000,0.000,1.000,3.000,0.000,0.000,83.000,0,0,0
B3_zmq_pushpull,zmq_tcp,none,none,,1,20760,512,584,1785153457220575000,1785153457220575000,1785153457220575000,1785153457220576000,1785153457220642000,1785153457220646000,1785153457220646000,1785153457220646000,121932490,121652369,-214.121,0.000,0.000,1.000,4.000,0.000,0.000,17.000,0,0,0
B3_zmq_pushpull,zmq_tcp,none,none,,1,20761,512,584,1785153457221472000,1785153457221472000,1785153457221472000,1785153457221473000,1785153457221618000,1785153457221621000,1785153457221621000,1785153457221621000,121932490,121652369,-135.121,0.000,0.000,1.000,3.000,0.000,0.000,79.000,0,0,0
B3_zmq_pushpull,zmq_tcp,none,none,,1,20762,512,584,1785153457222456000,1785153457222457000,1785153457222457000,1785153457222458000,1785153457222614000,1785153457222617000,1785153457222617000,1785153457222617000,121932490,121652369,-124.121,1.000,0.000,1.000,3.000,0.000,0.000,11.000,0,0,0
B3_zmq_pushpull,zmq_tcp,none,none,,1,20763,512,584,1785153457223429000,1785153457223429000,1785153457223429000,1785153457223430000,1785153457223583000,1785153457223586000,1785153457223586000,1785153457223586000,121932490,121652369,-127.121,0.000,0.000,1.000,3.000,0.000,0.000,3.000,0,0,0
B3_zmq_pushpull,zmq_tcp,none,none,,1,20764,512,584,1785153457224402000,1785153457224402000,1785153457224402000,1785153457224403000,1785153457224554000,1785153457224556000,1785153457224556000,1785153457224556000,121932490,121652369,-129.121,0.000,0.000,1.000,2.000,0.000,0.000,2.000,0,0,0
B3_zmq_pushpull,zmq_tcp,none,none,,1,20765,512,584,1785153457225509000,1785153457225509000,1785153457225509000,1785153457225510000,1785153457225662000,1785153457225664000,1785153457225664000,1785153457225664000,121932490,121652369,-128.121,0.000,0.000,1.000,2.000,0.000,0.000,1.000,0,0,0
B3_zmq_pushpull,zmq_tcp,none,none,,1,20766,512,584,1785153457226480000,1785153457226480000,1785153457226480000,1785153457226481000,1785153457226633000,1785153457226636000,1785153457226636000,1785153457226636000,121932490,121652369,-128.121,0.000,0.000,1.000,3.000,0.000,0.000,0.000,0,0,0
B3_zmq_pushpull,zmq_tcp,none,none,,1,20767,512,584,1785153457227473000,1785153457227473000,1785153457227473000,1785153457227474000,1785153457227630000,1785153457227633000,1785153457227633000,1785153457227633000,121932490,121652369,-124.121,0.000,0.000,1.000,3.000,0.000,0.000,4.000,0,0,0
B3_zmq_pushpull,zmq_tcp,none,none,,1,20768,512,584,1785153457228445000,1785153457228445000,1785153457228445000,1785153457228446000,1785153457228604000,1785153457228607000,1785153457228607000,1785153457228607000,121932490,121652369,-122.121,0.000,0.000,1.000,3.000,0.000,0.000,2.000,0,0,0
B3_zmq_pushpull,zmq_tcp,none,none,,1,20769,512,584,1785153457229617000,1785153457229617000,1785153457229617000,1785153457229618000,1785153457229715000,1785153457229718000,1785153457229718000,1785153457229718000,121932490,121652369,-183.121,0.000,0.000,1.000,3.000,0.000,0.000,61.000,0,0,0
B3_zmq_pushpull,zmq_tcp,none,none,,1,20770,512,584,1785153457230575000,1785153457230575000,1785153457230575000,1785153457230576000,1785153457230704000,1785153457230707000,1785153457230707000,1785153457230707000,121932490,121652369,-152.121,0.000,0.000,1.000,3.000,0.000,0.000,31.000,0,0,0
B3_zmq_pushpull,zmq_tcp,none,none,,1,20771,512,584,1785153457231583000,1785153457231583000,1785153457231583000,1785153457231584000,1785153457231662000,1785153457231664000,1785153457231664000,1785153457231664000,121932490,121652369,-202.121,0.000,0.000,1.000,2.000,0.000,0.000,50.000,0,0,0
B3_zmq_pushpull,zmq_tcp,none,none,,1,20772,512,584,1785153457232582000,1785153457232582000,1785153457232582000,1785153457232583000,1785153457232628000,1785153457232632000,1785153457232632000,1785153457232632000,121932490,121652369,-235.121,0.000,0.000,1.000,4.000,0.000,0.000,33.000,0,0,0
B3_zmq_pushpull,zmq_tcp,none,none,,1,20773,512,584,1785153457233582000,1785153457233582000,1785153457233582000,1785153457233583000,1785153457233722000,1785153457233724000,1785153457233724000,1785153457233724000,121932490,121652369,-141.121,0.000,0.000,1.000,2.000,0.000,0.000,94.000,0,0,0
B3_zmq_pushpull,zmq_tcp,none,none,,1,20774,512,584,1785153457234580000,1785153457234580000,1785153457234580000,1785153457234581000,1785153457234695000,1785153457234698000,1785153457234698000,1785153457234698000,121932490,121652369,-166.121,0.000,0.000,1.000,3.000,0.000,0.000,25.000,0,0,0
B3_zmq_pushpull,zmq_tcp,none,none,,1,20775,512,584,1785153457235583000,1785153457235583000,1785153457235583000,1785153457235584000,1785153457235691000,1785153457235694000,1785153457235694000,1785153457235694000,121932490,121652369,-173.121,0.000,0.000,1.000,3.000,0.000,0.000,7.000,0,0,0
B3_zmq_pushpull,zmq_tcp,none,none,,1,20776,512,584,1785153457236585000,1785153457236585000,1785153457236585000,1785153457236586000,1785153457236671000,1785153457236674000,1785153457236674000,1785153457236674000,121932490,121652369,-195.121,0.000,0.000,1.000,3.000,0.000,0.000,22.000,0,0,0
B3_zmq_pushpull,zmq_tcp,none,none,,1,20777,512,584,1785153457237500000,1785153457237500000,1785153457237500000,1785153457237501000,1785153457237634000,1785153457237637000,1785153457237637000,1785153457237637000,121932490,121652369,-147.121,0.000,0.000,1.000,3.000,0.000,0.000,48.000,0,0,0
B3_zmq_pushpull,zmq_tcp,none,none,,1,20778,512,584,1785153457238603000,1785153457238604000,1785153457238604000,1785153457238604000,1785153457238764000,1785153457238767000,1785153457238767000,1785153457238767000,121932490,121652369,-120.121,1.000,0.000,0.000,3.000,0.000,0.000,27.000,0,0,0
B3_zmq_pushpull,zmq_tcp,none,none,,1,20779,512,584,1785153457239577000,1785153457239577000,1785153457239577000,1785153457239578000,1785153457239714000,1785153457239717000,1785153457239717000,1785153457239717000,121932490,121652369,-144.121,0.000,0.000,1.000,3.000,0.000,0.000,24.000,0,0,0
B3_zmq_pushpull,zmq_tcp,none,none,,1,20780,512,584,1785153457240416000,1785153457240416000,1785153457240416000,1785153457240417000,1785153457240570000,1785153457240572000,1785153457240573000,1785153457240573000,121932490,121652369,-127.121,0.000,0.000,1.000,2.000,1.000,0.000,17.000,0,0,0
B3_zmq_pushpull,zmq_tcp,none,none,,1,20781,512,584,1785153457241405000,1785153457241405000,1785153457241405000,1785153457241406000,1785153457241564000,1785153457241567000,1785153457241567000,1785153457241567000,121932490,121652369,-122.121,0.000,0.000,1.000,3.000,0.000,0.000,5.000,0,0,0
B3_zmq_pushpull,zmq_tcp,none,none,,1,20782,512,584,1785153457242394000,1785153457242394000,1785153457242394000,1785153457242395000,1785153457242555000,1785153457242558000,1785153457242558000,1785153457242558000,121932490,121652369,-120.121,0.000,0.000,1.000,3.000,0.000,0.000,2.000,0,0,0
B3_zmq_pushpull,zmq_tcp,none,none,,1,20783,512,584,1785153457243631000,1785153457243631000,1785153457243631000,1785153457243632000,1785153457243794000,1785153457243798000,1785153457243798000,1785153457243798000,121932490,121652369,-118.121,0.000,0.000,1.000,4.000,0.000,0.000,2.000,0,0,0
B3_zmq_pushpull,zmq_tcp,none,none,,1,20784,512,584,1785153457244568000,1785153457244568000,1785153457244568000,1785153457244569000,1785153457244648000,1785153457244651000,1785153457244651000,1785153457244651000,121932490,121652369,-201.121,0.000,0.000,1.000,3.000,0.000,0.000,83.000,0,0,0
B3_zmq_pushpull,zmq_tcp,none,none,,1,20785,512,584,1785153457245586000,1785153457245586000,1785153457245586000,1785153457245587000,1785153457245632000,1785153457245635000,1785153457245635000,1785153457245635000,121932490,121652369,-235.121,0.000,0.000,1.000,3.000,0.000,0.000,34.000,0,0,0
B3_zmq_pushpull,zmq_tcp,none,none,,1,20786,512,584,1785153457246452000,1785153457246452000,1785153457246452000,1785153457246453000,1785153457246594000,1785153457246597000,1785153457246597000,1785153457246597000,121932490,121652369,-139.121,0.000,0.000,1.000,3.000,0.000,0.000,96.000,0,0,0
B3_zmq_pushpull,zmq_tcp,none,none,,1,20787,512,584,1785153457247434000,1785153457247434000,1785153457247434000,1785153457247435000,1785153457247586000,1785153457247588000,1785153457247588000,1785153457247588000,121932490,121652369,-129.121,0.000,0.000,1.000,2.000,0.000,0.000,10.000,0,0,0
B3_zmq_pushpull,zmq_tcp,none,none,,1,20788,512,584,1785153457248408000,1785153457248408000,1785153457248408000,1785153457248409000,1785153457248566000,1785153457248569000,1785153457248569000,1785153457248569000,121932490,121652369,-123.121,0.000,0.000,1.000,3.000,0.000,0.000,6.000,0,0,0
B3_zmq_pushpull,zmq_tcp,none,none,,1,20789,512,584,1785153457249626000,1785153457249626000,1785153457249626000,1785153457249627000,1785153457249690000,1785153457249693000,1785153457249693000,1785153457249693000,121932490,121652369,-217.121,0.000,0.000,1.000,3.000,0.000,0.000,94.000,0,0,0
B3_zmq_pushpull,zmq_tcp,none,none,,1,20790,512,584,1785153457250541000,1785153457250541000,1785153457250541000,1785153457250542000,1785153457250700000,1785153457250703000,1785153457250703000,1785153457250703000,121932490,121652369,-122.121,0.000,0.000,1.000,3.000,0.000,0.000,95.000,0,0,0
B3_zmq_pushpull,zmq_tcp,none,none,,1,20791,512,584,1785153457251591000,1785153457251591000,1785153457251592000,1785153457251592000,1785153457251659000,1785153457251662000,1785153457251662000,1785153457251662000,121932490,121652369,-213.121,0.000,1.000,0.000,3.000,0.000,0.000,91.000,0,0,0
B3_zmq_pushpull,zmq_tcp,none,none,,1,20792,512,584,1785153457252581000,1785153457252581000,1785153457252581000,1785153457252582000,1785153457252644000,1785153457252647000,1785153457252647000,1785153457252647000,121932490,121652369,-218.121,0.000,0.000,1.000,3.000,0.000,0.000,5.000,0,0,0
B3_zmq_pushpull,zmq_tcp,none,none,,1,20793,512,584,1785153457253582000,1785153457253582000,1785153457253583000,1785153457253583000,1785153457253738000,1785153457253740000,1785153457253740000,1785153457253740000,121932490,121652369,-125.121,0.000,1.000,0.000,2.000,0.000,0.000,93.000,0,0,0
B3_zmq_pushpull,zmq_tcp,none,none,,1,20794,512,584,1785153457254580000,1785153457254580000,1785153457254580000,1785153457254581000,1785153457254731000,1785153457254734000,1785153457254734000,1785153457254734000,121932490,121652369,-130.121,0.000,0.000,1.000,3.000,0.000,0.000,5.000,0,0,0
B3_zmq_pushpull,zmq_tcp,none,none,,1,20795,512,584,1785153457255434000,1785153457255434000,1785153457255434000,1785153457255435000,1785153457255592000,1785153457255595000,1785153457255595000,1785153457255595000,121932490,121652369,-123.121,0.000,0.000,1.000,3.000,0.000,0.000,7.000,0,0,0
B3_zmq_pushpull,zmq_tcp,none,none,,1,20796,512,584,1785153457256622000,1785153457256622000,1785153457256622000,1785153457256623000,1785153457256694000,1785153457256697000,1785153457256697000,1785153457256697000,121932490,121652369,-209.121,0.000,0.000,1.000,3.000,0.000,0.000,86.000,0,0,0
B3_zmq_pushpull,zmq_tcp,none,none,,1,20797,512,584,1785153457257569000,1785153457257569000,1785153457257569000,1785153457257570000,1785153457257653000,1785153457257655000,1785153457257656000,1785153457257656000,121932490,121652369,-197.121,0.000,0.000,1.000,2.000,1.000,0.000,12.000,0,0,0
B3_zmq_pushpull,zmq_tcp,none,none,,1,20798,512,584,1785153457258587000,1785153457258587000,1785153457258587000,1785153457258588000,1785153457258638000,1785153457258641000,1785153457258641000,1785153457258641000,121932490,121652369,-230.121,0.000,0.000,1.000,3.000,0.000,0.000,33.000,0,0,0
B3_zmq_pushpull,zmq_tcp,none,none,,1,20799,512,584,1785153457259581000,1785153457259581000,1785153457259581000,1785153457259582000,1785153457259743000,1785153457259746000,1785153457259746000,1785153457259746000,121932490,121652369,-119.121,0.000,0.000,1.000,3.000,0.000,0.000,111.000,0,0,0
B3_zmq_pushpull,zmq_tcp,none,none,,1,20800,512,584,1785153457260421000,1785153457260421000,1785153457260421000,1785153457260422000,1785153457260574000,1785153457260576000,1785153457260576000,1785153457260576000,121932490,121652369,-128.121,0.000,0.000,1.000,2.000,0.000,0.000,9.000,0,0,0
B3_zmq_pushpull,zmq_tcp,none,none,,1,20801,512,584,1785153457261393000,1785153457261393000,1785153457261393000,1785153457261394000,1785153457261546000,1785153457261548000,1785153457261548000,1785153457261548000,121932490,121652369,-128.121,0.000,0.000,1.000,2.000,0.000,0.000,0.000,0,0,0
B3_zmq_pushpull,zmq_tcp,none,none,,1,20802,512,584,1785153457262390000,1785153457262390000,1785153457262390000,1785153457262391000,1785153457262551000,1785153457262554000,1785153457262554000,1785153457262554000,121932490,121652369,-120.121,0.000,0.000,1.000,3.000,0.000,0.000,8.000,0,0,0
B3_zmq_pushpull,zmq_tcp,none,none,,1,20803,512,584,1785153457263636000,1785153457263636000,1785153457263636000,1785153457263637000,1785153457263822000,1785153457263824000,1785153457263824000,1785153457263824000,121932490,121652369,-95.121,0.000,0.000,1.000,2.000,0.000,0.000,25.000,0,0,0
B3_zmq_pushpull,zmq_tcp,none,none,,1,20804,512,584,1785153457264568000,1785153457264569000,1785153457264569000,1785153457264570000,1785153457264642000,1785153457264645000,1785153457264645000,1785153457264645000,121932490,121652369,-208.121,1.000,0.000,1.000,3.000,0.000,0.000,113.000,0,0,0
B3_zmq_pushpull,zmq_tcp,none,none,,1,20805,512,584,1785153457265587000,1785153457265587000,1785153457265587000,1785153457265588000,1785153457265631000,1785153457265635000,1785153457265635000,1785153457265635000,121932490,121652369,-237.121,0.000,0.000,1.000,4.000,0.000,0.000,29.000,0,0,0
B3_zmq_pushpull,zmq_tcp,none,none,,1,20806,512,584,1785153457266463000,1785153457266463000,1785153457266463000,1785153457266464000,1785153457266616000,1785153457266619000,1785153457266619000,1785153457266619000,121932490,121652369,-128.121,0.000,0.000,1.000,3.000,0.000,0.000,109.000,0,0,0
B3_zmq_pushpull,zmq_tcp,none,none,,1,20807,512,584,1785153457267433000,1785153457267433000,1785153457267433000,1785153457267434000,1785153457267586000,1785153457267588000,1785153457267588000,1785153457267588000,121932490,121652369,-128.121,0.000,0.000,1.000,2.000,0.000,0.000,0.000,0,0,0
B3_zmq_pushpull,zmq_tcp,none,none,,1,20808,512,584,1785153457268417000,1785153457268417000,1785153457268417000,1785153457268418000,1785153457268570000,1785153457268572000,1785153457268572000,1785153457268573000,121932490,121652369,-128.121,0.000,0.000,1.000,2.000,0.000,1.000,0.000,0,0,0
B3_zmq_pushpull,zmq_tcp,none,none,,1,20809,512,584,1785153457269407000,1785153457269407000,1785153457269408000,1785153457269408000,1785153457269567000,1785153457269570000,1785153457269570000,1785153457269570000,121932490,121652369,-121.121,0.000,1.000,0.000,3.000,0.000,0.000,7.000,0,0,0
B3_zmq_pushpull,zmq_tcp,none,none,,1,20810,512,584,1785153457270626000,1785153457270626000,1785153457270626000,1785153457270627000,1785153457270692000,1785153457270695000,1785153457270695000,1785153457270695000,121932490,121652369,-215.121,0.000,0.000,1.000,3.000,0.000,0.000,94.000,0,0,0
B3_zmq_pushpull,zmq_tcp,none,none,,1,20811,512,584,1785153457271398000,1785153457271398000,1785153457271398000,1785153457271399000,1785153457271555000,1785153457271558000,1785153457271558000,1785153457271558000,121932490,121652369,-124.121,0.000,0.000,1.000,3.000,0.000,0.000,91.000,0,0,0
B3_zmq_pushpull,zmq_tcp,none,none,,1,20812,512,584,1785153457272629000,1785153457272629000,1785153457272629000,1785153457272630000,1785153457272665000,1785153457272669000,1785153457272669000,1785153457272669000,121932490,121652369,-245.121,0.000,0.000,1.000,4.000,0.000,0.000,121.000,0,0,0
B3_zmq_pushpull,zmq_tcp,none,none,,1,20813,512,584,1785153457273570000,1785153457273570000,1785153457273570000,1785153457273571000,1785153457273622000,1785153457273624000,1785153457273625000,1785153457273625000,121932490,121652369,-229.121,0.000,0.000,1.000,2.000,1.000,0.000,16.000,0,0,0
B3_zmq_pushpull,zmq_tcp,none,none,,1,20814,512,584,1785153457274585000,1785153457274585000,1785153457274585000,1785153457274586000,1785153457274741000,1785153457274744000,1785153457274744000,1785153457274744000,121932490,121652369,-125.121,0.000,0.000,1.000,3.000,0.000,0.000,104.000,0,0,0
B3_zmq_pushpull,zmq_tcp,none,none,,1,20815,512,584,1785153457275581000,1785153457275581000,1785153457275581000,1785153457275582000,1785153457275692000,1785153457275702000,1785153457275702000,1785153457275702000,121932490,121652369,-170.121,0.000,0.000,1.000,10.000,0.000,0.000,45.000,0,0,0
B3_zmq_pushpull,zmq_tcp,none,none,,1,20816,512,584,1785153457276583000,1785153457276584000,1785153457276584000,1785153457276585000,1785153457276682000,1785153457276684000,1785153457276684000,1785153457276684000,121932490,121652369,-183.121,1.000,0.000,1.000,2.000,0.000,0.000,13.000,0,0,0
B3_zmq_pushpull,zmq_tcp,none,none,,1,20817,512,584,1785153457277585000,1785153457277585000,1785153457277585000,1785153457277586000,1785153457277670000,1785153457277673000,1785153457277673000,1785153457277673000,121932490,121652369,-196.121,0.000,0.000,1.000,3.000,0.000,0.000,13.000,0,0,0
B3_zmq_pushpull,zmq_tcp,none,none,,1,20818,512,584,1785153457278582000,1785153457278582000,1785153457278582000,1785153457278583000,1785153457278652000,1785153457278655000,1785153457278655000,1785153457278655000,121932490,121652369,-211.121,0.000,0.000,1.000,3.000,0.000,0.000,15.000,0,0,0
B3_zmq_pushpull,zmq_tcp,none,none,,1,20819,512,584,1785153457279578000,1785153457279578000,1785153457279578000,1785153457279579000,1785153457279639000,1785153457279642000,1785153457279642000,1785153457279642000,121932490,121652369,-220.121,0.000,0.000,1.000,3.000,0.000,0.000,9.000,0,0,0
B3_zmq_pushpull,zmq_tcp,none,none,,1,20820,512,584,1785153457280583000,1785153457280584000,1785153457280584000,1785153457280585000,1785153457280756000,1785153457280759000,1785153457280759000,1785153457280759000,121932490,121652369,-109.121,1.000,0.000,1.000,3.000,0.000,0.000,111.000,0,0,0
B3_zmq_pushpull,zmq_tcp,none,none,,1,20821,512,584,1785153457281444000,1785153457281444000,1785153457281444000,1785153457281446000,1785153457281587000,1785153457281590000,1785153457281590000,1785153457281590000,121932490,121652369,-139.121,0.000,0.000,2.000,3.000,0.000,0.000,30.000,0,0,0
B3_zmq_pushpull,zmq_tcp,none,none,,1,20822,512,584,1785153457282617000,1785153457282617000,1785153457282617000,1785153457282618000,1785153457282685000,1785153457282687000,1785153457282687000,1785153457282687000,121932490,121652369,-213.121,0.000,0.000,1.000,2.000,0.000,0.000,74.000,0,0,0
B3_zmq_pushpull,zmq_tcp,none,none,,1,20823,512,584,1785153457283574000,1785153457283574000,1785153457283574000,1785153457283575000,1785153457283647000,1785153457283650000,1785153457283650000,1785153457283650000,121932490,121652369,-208.121,0.000,0.000,1.000,3.000,0.000,0.000,5.000,0,0,0
B3_zmq_pushpull,zmq_tcp,none,none,,1,20824,512,584,1785153457284585000,1785153457284585000,1785153457284585000,1785153457284586000,1785153457284635000,1785153457284637000,1785153457284637000,1785153457284637000,121932490,121652369,-231.121,0.000,0.000,1.000,2.000,0.000,0.000,23.000,0,0,0
B3_zmq_pushpull,zmq_tcp,none,none,,1,20825,512,584,1785153457285584000,1785153457285584000,1785153457285584000,1785153457285585000,1785153457285759000,1785153457285762000,1785153457285762000,1785153457285762000,121932490,121652369,-106.121,0.000,0.000,1.000,3.000,0.000,0.000,125.000,0,0,0
B3_zmq_pushpull,zmq_tcp,none,none,,1,20826,512,584,1785153457286582000,1785153457286582000,1785153457286582000,1785153457286583000,1785153457286743000,1785153457286747000,1785153457286747000,1785153457286747000,121932490,121652369,-120.121,0.000,0.000,1.000,4.000,0.000,0.000,14.000,0,0,0
B3_zmq_pushpull,zmq_tcp,none,none,,1,20827,512,584,1785153457287580000,1785153457287580000,1785153457287580000,1785153457287581000,1785153457287722000,1785153457287724000,1785153457287724000,1785153457287725000,121932490,121652369,-139.121,0.000,0.000,1.000,2.000,0.000,1.000,19.000,0,0,0
B3_zmq_pushpull,zmq_tcp,none,none,,1,20828,512,584,1785153457288585000,1785153457288585000,1785153457288585000,1785153457288586000,1785153457288689000,1785153457288692000,1785153457288692000,1785153457288692000,121932490,121652369,-177.121,0.000,0.000,1.000,3.000,0.000,0.000,38.000,0,0,0
B3_zmq_pushpull,zmq_tcp,none,none,,1,20829,512,584,1785153457289585000,1785153457289585000,1785153457289585000,1785153457289586000,1785153457289674000,1785153457289676000,1785153457289676000,1785153457289676000,121932490,121652369,-192.121,0.000,0.000,1.000,2.000,0.000,0.000,15.000,0,0,0
B3_zmq_pushpull,zmq_tcp,none,none,,1,20830,512,584,1785153457290578000,1785153457290578000,1785153457290578000,1785153457290579000,1785153457290654000,1785153457290656000,1785153457290656000,1785153457290656000,121932490,121652369,-205.121,0.000,0.000,1.000,2.000,0.000,0.000,13.000,0,0,0
B3_zmq_pushpull,zmq_tcp,none,none,,1,20831,512,584,1785153457291586000,1785153457291586000,1785153457291586000,1785153457291587000,1785153457291774000,1785153457291777000,1785153457291777000,1785153457291777000,121932490,121652369,-93.121,0.000,0.000,1.000,3.000,0.000,0.000,112.000,0,0,0
B3_zmq_pushpull,zmq_tcp,none,none,,1,20832,512,584,1785153457292458000,1785153457292459000,1785153457292459000,1785153457292460000,1785153457292618000,1785153457292621000,1785153457292621000,1785153457292621000,121932490,121652369,-122.121,1.000,0.000,1.000,3.000,0.000,0.000,29.000,0,0,0
B3_zmq_pushpull,zmq_tcp,none,none,,1,20833,512,584,1785153457293613000,1785153457293613000,1785153457293613000,1785153457293614000,1785153457293733000,1785153457293735000,1785153457293735000,1785153457293736000,121932490,121652369,-161.121,0.000,0.000,1.000,2.000,0.000,1.000,39.000,0,0,0
B3_zmq_pushpull,zmq_tcp,none,none,,1,20834,512,584,1785153457294574000,1785153457294574000,1785153457294574000,1785153457294575000,1785153457294701000,1785153457294703000,1785153457294703000,1785153457294703000,121932490,121652369,-154.121,0.000,0.000,1.000,2.000,0.000,0.000,7.000,0,0,0
B3_zmq_pushpull,zmq_tcp,none,none,,1,20835,512,584,1785153457295584000,1785153457295584000,1785153457295584000,1785153457295585000,1785153457295667000,1785153457295670000,1785153457295670000,1785153457295670000,121932490,121652369,-198.121,0.000,0.000,1.000,3.000,0.000,0.000,44.000,0,0,0
B3_zmq_pushpull,zmq_tcp,none,none,,1,20836,512,584,1785153457296582000,1785153457296582000,1785153457296582000,1785153457296583000,1785153457296659000,1785153457296662000,1785153457296662000,1785153457296662000,121932490,121652369,-204.121,0.000,0.000,1.000,3.000,0.000,0.000,6.000,0,0,0
B3_zmq_pushpull,zmq_tcp,none,none,,1,20837,512,584,1785153457297582000,1785153457297582000,1785153457297582000,1785153457297583000,1785153457297785000,1785153457297787000,1785153457297787000,1785153457297787000,121932490,121652369,-78.121,0.000,0.000,1.000,2.000,0.000,0.000,126.000,0,0,0
B3_zmq_pushpull,zmq_tcp,none,none,,1,20838,512,584,1785153457298580000,1785153457298580000,1785153457298580000,1785153457298581000,1785153457298641000,1785153457298646000,1785153457298646000,1785153457298646000,121932490,121652369,-220.121,0.000,0.000,1.000,5.000,0.000,0.000,142.000,0,0,0
B3_zmq_pushpull,zmq_tcp,none,none,,1,20839,512,584,1785153457299471000,1785153457299472000,1785153457299472000,1785153457299473000,1785153457299631000,1785153457299634000,1785153457299634000,1785153457299634000,121932490,121652369,-122.121,1.000,0.000,1.000,3.000,0.000,0.000,98.000,0,0,0
B3_zmq_pushpull,zmq_tcp,none,none,,1,20840,512,584,1785153457300610000,1785153457300611000,1785153457300611000,1785153457300612000,1785153457300759000,1785153457300762000,1785153457300762000,1785153457300762000,121932490,121652369,-133.121,1.000,0.000,1.000,3.000,0.000,0.000,11.000,0,0,0
B3_zmq_pushpull,zmq_tcp,none,none,,1,20841,512,584,1785153457301573000,1785153457301573000,1785153457301573000,1785153457301574000,1785153457301621000,1785153457301624000,1785153457301624000,1785153457301624000,121932490,121652369,-233.121,0.000,0.000,1.000,3.000,0.000,0.000,100.000,0,0,0
B3_zmq_pushpull,zmq_tcp,none,none,,1,20842,512,584,1785153457302585000,1785153457302585000,1785153457302585000,1785153457302586000,1785153457302722000,1785153457302725000,1785153457302725000,1785153457302725000,121932490,121652369,-144.121,0.000,0.000,1.000,3.000,0.000,0.000,89.000,0,0,0
B3_zmq_pushpull,zmq_tcp,none,none,,1,20843,512,584,1785153457303582000,1785153457303582000,1785153457303582000,1785153457303583000,1785153457303713000,1785153457303715000,1785153457303715000,1785153457303715000,121932490,121652369,-150.121,0.000,0.000,1.000,2.000,0.000,0.000,6.000,0,0,0
B3_zmq_pushpull,zmq_tcp,none,none,,1,20844,512,584,1785153457304582000,1785153457304582000,1785153457304582000,1785153457304583000,1785153457304684000,1785153457304686000,1785153457304686000,1785153457304686000,121932490,121652369,-179.121,0.000,0.000,1.000,2.000,0.000,0.000,29.000,0,0,0
B3_zmq_pushpull,zmq_tcp,none,none,,1,20845,512,584,1785153457305582000,1785153457305582000,1785153457305582000,1785153457305583000,1785153457305672000,1785153457305674000,1785153457305674000,1785153457305674000,121932490,121652369,-191.121,0.000,0.000,1.000,2.000,0.000,0.000,12.000,0,0,0
B3_zmq_pushpull,zmq_tcp,none,none,,1,20846,512,584,1785153457306582000,1785153457306582000,1785153457306582000,1785153457306583000,1785153457306669000,1785153457306671000,1785153457306671000,1785153457306671000,121932490,121652369,-194.121,0.000,0.000,1.000,2.000,0.000,0.000,3.000,0,0,0
B3_zmq_pushpull,zmq_tcp,none,none,,1,20847,512,584,1785153457307582000,1785153457307582000,1785153457307582000,1785153457307583000,1785153457307650000,1785153457307653000,1785153457307653000,1785153457307653000,121932490,121652369,-213.121,0.000,0.000,1.000,3.000,0.000,0.000,19.000,0,0,0
B3_zmq_pushpull,zmq_tcp,none,none,,1,20848,512,584,1785153457308582000,1785153457308582000,1785153457308582000,1785153457308583000,1785153457308737000,1785153457308739000,1785153457308739000,1785153457308739000,121932490,121652369,-126.121,0.000,0.000,1.000,2.000,0.000,0.000,87.000,0,0,0
B3_zmq_pushpull,zmq_tcp,none,none,,1,20849,512,584,1785153457309580000,1785153457309580000,1785153457309580000,1785153457309581000,1785153457309687000,1785153457309690000,1785153457309690000,1785153457309690000,121932490,121652369,-174.121,0.000,0.000,1.000,3.000,0.000,0.000,48.000,0,0,0
B3_zmq_pushpull,zmq_tcp,none,none,,1,20850,512,584,1785153457310584000,1785153457310584000,1785153457310584000,1785153457310585000,1785153457310648000,1785153457310650000,1785153457310650000,1785153457310650000,121932490,121652369,-217.121,0.000,0.000,1.000,2.000,0.000,0.000,43.000,0,0,0
B3_zmq_pushpull,zmq_tcp,none,none,,1,20851,512,584,1785153457311582000,1785153457311583000,1785153457311583000,1785153457311584000,1785153457311773000,1785153457311775000,1785153457311775000,1785153457311775000,121932490,121652369,-91.121,1.000,0.000,1.000,2.000,0.000,0.000,126.000,0,0,0
B3_zmq_pushpull,zmq_tcp,none,none,,1,20852,512,584,1785153457312583000,1785153457312583000,1785153457312583000,1785153457312584000,1785153457312728000,1785153457312731000,1785153457312731000,1785153457312731000,121932490,121652369,-136.121,0.000,0.000,1.000,3.000,0.000,0.000,45.000,0,0,0
B3_zmq_pushpull,zmq_tcp,none,none,,1,20853,512,584,1785153457313582000,1785153457313582000,1785153457313582000,1785153457313583000,1785153457313710000,1785153457313713000,1785153457313713000,1785153457313713000,121932490,121652369,-153.121,0.000,0.000,1.000,3.000,0.000,0.000,17.000,0,0,0
B3_zmq_pushpull,zmq_tcp,none,none,,1,20854,512,584,1785153457314582000,1785153457314582000,1785153457314582000,1785153457314583000,1785153457314691000,1785153457314694000,1785153457314694000,1785153457314694000,121932490,121652369,-172.121,0.000,0.000,1.000,3.000,0.000,0.000,19.000,0,0,0
B3_zmq_pushpull,zmq_tcp,none,none,,1,20855,512,584,1785153457315582000,1785153457315582000,1785153457315582000,1785153457315583000,1785153457315677000,1785153457315679000,1785153457315679000,1785153457315679000,121932490,121652369,-186.121,0.000,0.000,1.000,2.000,0.000,0.000,14.000,0,0,0
B3_zmq_pushpull,zmq_tcp,none,none,,1,20856,512,584,1785153457316580000,1785153457316580000,1785153457316580000,1785153457316581000,1785153457316635000,1785153457316637000,1785153457316637000,1785153457316637000,121932490,121652369,-226.121,0.000,0.000,1.000,2.000,0.000,0.000,40.000,0,0,0
B3_zmq_pushpull,zmq_tcp,none,none,,1,20857,512,584,1785153457317583000,1785153457317583000,1785153457317583000,1785153457317584000,1785153457317634000,1785153457317637000,1785153457317637000,1785153457317637000,121932490,121652369,-230.121,0.000,0.000,1.000,3.000,0.000,0.000,4.000,0,0,0
B3_zmq_pushpull,zmq_tcp,none,none,,1,20858,512,584,1785153457318582000,1785153457318582000,1785153457318583000,1785153457318583000,1785153457318774000,1785153457318777000,1785153457318777000,1785153457318777000,121932490,121652369,-89.121,0.000,1.000,0.000,3.000,0.000,0.000,141.000,0,0,0
B3_zmq_pushpull,zmq_tcp,none,none,,1,20859,512,584,1785153457319582000,1785153457319582000,1785153457319583000,1785153457319583000,1785153457319757000,1785153457319759000,1785153457319759000,1785153457319759000,121932490,121652369,-106.121,0.000,1.000,0.000,2.000,0.000,0.000,17.000,0,0,0
B3_zmq_pushpull,zmq_tcp,none,none,,1,20860,512,584,1785153457320583000,1785153457320583000,1785153457320583000,1785153457320584000,1785153457320741000,1785153457320744000,1785153457320744000,1785153457320744000,121932490,121652369,-123.121,0.000,0.000,1.000,3.000,0.000,0.000,17.000,0,0,0
B3_zmq_pushpull,zmq_tcp,none,none,,1,20861,512,584,1785153457321582000,1785153457321582000,1785153457321582000,1785153457321583000,1785153457321715000,1785153457321718000,1785153457321718000,1785153457321718000,121932490,121652369,-148.121,0.000,0.000,1.000,3.000,0.000,0.000,25.000,0,0,0
B3_zmq_pushpull,zmq_tcp,none,none,,1,20862,512,584,1785153457322583000,1785153457322583000,1785153457322583000,1785153457322584000,1785153457322701000,1785153457322703000,1785153457322703000,1785153457322703000,121932490,121652369,-163.121,0.000,0.000,1.000,2.000,0.000,0.000,15.000,0,0,0
B3_zmq_pushpull,zmq_tcp,none,none,,1,20863,512,584,1785153457323580000,1785153457323580000,1785153457323580000,1785153457323581000,1785153457323677000,1785153457323679000,1785153457323679000,1785153457323679000,121932490,121652369,-184.121,0.000,0.000,1.000,2.000,0.000,0.000,21.000,0,0,0
B3_zmq_pushpull,zmq_tcp,none,none,,1,20864,512,584,1785153457324584000,1785153457324584000,1785153457324584000,1785153457324585000,1785153457324638000,1785153457324642000,1785153457324642000,1785153457324642000,121932490,121652369,-227.121,0.000,0.000,1.000,4.000,0.000,0.000,43.000,0,0,0
B3_zmq_pushpull,zmq_tcp,none,none,,1,20865,512,584,1785153457325581000,1785153457325581000,1785153457325581000,1785153457325582000,1785153457325745000,1785153457325747000,1785153457325747000,1785153457325747000,121932490,121652369,-117.121,0.000,0.000,1.000,2.000,0.000,0.000,110.000,0,0,0
B3_zmq_pushpull,zmq_tcp,none,none,,1,20866,512,584,1785153457326435000,1785153457326435000,1785153457326435000,1785153457326436000,1785153457326581000,1785153457326584000,1785153457326584000,1785153457326584000,121932490,121652369,-135.121,0.000,0.000,1.000,3.000,0.000,0.000,18.000,0,0,0
B3_zmq_pushpull,zmq_tcp,none,none,,1,20867,512,584,1785153457327410000,1785153457327410000,1785153457327410000,1785153457327411000,1785153457327558000,1785153457327561000,1785153457327561000,1785153457327561000,121932490,121652369,-133.121,0.000,0.000,1.000,3.000,0.000,0.000,2.000,0,0,0
B3_zmq_pushpull,zmq_tcp,none,none,,1,20868,512,584,1785153457328627000,1785153457328627000,1785153457328627000,1785153457328628000,1785153457328674000,1785153457328677000,1785153457328677000,1785153457328677000,121932490,121652369,-234.121,0.000,0.000,1.000,3.000,0.000,0.000,101.000,0,0,0
B3_zmq_pushpull,zmq_tcp,none,none,,1,20869,512,584,1785153457329480000,1785153457329480000,1785153457329480000,1785153457329481000,1785153457329624000,1785153457329626000,1785153457329626000,1785153457329626000,121932490,121652369,-137.121,0.000,0.000,1.000,2.000,0.000,0.000,97.000,0,0,0
B3_zmq_pushpull,zmq_tcp,none,none,,1,20870,512,584,1785153457330451000,1785153457330452000,1785153457330452000,1785153457330452000,1785153457330603000,1785153457330606000,1785153457330606000,1785153457330606000,121932490,121652369,-129.121,1.000,0.000,0.000,3.000,0.000,0.000,8.000,0,0,0
B3_zmq_pushpull,zmq_tcp,none,none,,1,20871,512,584,1785153457331442000,1785153457331442000,1785153457331442000,1785153457331443000,1785153457331598000,1785153457331601000,1785153457331601000,1785153457331601000,121932490,121652369,-125.121,0.000,0.000,1.000,3.000,0.000,0.000,4.000,0,0,0
B3_zmq_pushpull,zmq_tcp,none,none,,1,20872,512,584,1785153457332430000,1785153457332430000,1785153457332430000,1785153457332431000,1785153457332575000,1785153457332579000,1785153457332579000,1785153457332579000,121932490,121652369,-136.121,0.000,0.000,1.000,4.000,0.000,0.000,11.000,0,0,0
B3_zmq_pushpull,zmq_tcp,none,none,,1,20873,512,584,1785153457333624000,1785153457333624000,1785153457333624000,1785153457333625000,1785153457333680000,1785153457333683000,1785153457333683000,1785153457333683000,121932490,121652369,-225.121,0.000,0.000,1.000,3.000,0.000,0.000,89.000,0,0,0
B3_zmq_pushpull,zmq_tcp,none,none,,1,20874,512,584,1785153457334573000,1785153457334573000,1785153457334573000,1785153457334574000,1785153457334650000,1785153457334653000,1785153457334653000,1785153457334653000,121932490,121652369,-204.121,0.000,0.000,1.000,3.000,0.000,0.000,21.000,0,0,0
B3_zmq_pushpull,zmq_tcp,none,none,,1,20875,512,584,1785153457335585000,1785153457335585000,1785153457335585000,1785153457335586000,1785153457335750000,1785153457335753000,1785153457335753000,1785153457335753000,121932490,121652369,-116.121,0.000,0.000,1.000,3.000,0.000,0.000,88.000,0,0,0
B3_zmq_pushpull,zmq_tcp,none,none,,1,20876,512,584,1785153457336428000,1785153457336428000,1785153457336428000,1785153457336429000,1785153457336584000,1785153457336588000,1785153457336588000,1785153457336588000,121932490,121652369,-125.121,0.000,0.000,1.000,4.000,0.000,0.000,9.000,0,0,0
B3_zmq_pushpull,zmq_tcp,none,none,,1,20877,512,584,1785153457337621000,1785153457337621000,1785153457337621000,1785153457337622000,1785153457337689000,1785153457337692000,1785153457337692000,1785153457337692000,121932490,121652369,-213.121,0.000,0.000,1.000,3.000,0.000,0.000,88.000,0,0,0
B3_zmq_pushpull,zmq_tcp,none,none,,1,20878,512,584,1785153457338573000,1785153457338573000,1785153457338573000,1785153457338574000,1785153457338683000,1785153457338686000,1785153457338686000,1785153457338686000,121932490,121652369,-171.121,0.000,0.000,1.000,3.000,0.000,0.000,42.000,0,0,0
B3_zmq_pushpull,zmq_tcp,none,none,,1,20879,512,584,1785153457339585000,1785153457339585000,1785153457339585000,1785153457339586000,1785153457339670000,1785153457339673000,1785153457339673000,1785153457339673000,121932490,121652369,-196.121,0.000,0.000,1.000,3.000,0.000,0.000,25.000,0,0,0
B3_zmq_pushpull,zmq_tcp,none,none,,1,20880,512,584,1785153457340585000,1785153457340585000,1785153457340585000,1785153457340586000,1785153457340663000,1785153457340665000,1785153457340665000,1785153457340665000,121932490,121652369,-203.121,0.000,0.000,1.000,2.000,0.000,0.000,7.000,0,0,0
B3_zmq_pushpull,zmq_tcp,none,none,,1,20881,512,584,1785153457341584000,1785153457341584000,1785153457341584000,1785153457341585000,1785153457341638000,1785153457341641000,1785153457341641000,1785153457341641000,121932490,121652369,-227.121,0.000,0.000,1.000,3.000,0.000,0.000,24.000,0,0,0
B3_zmq_pushpull,zmq_tcp,none,none,,1,20882,512,584,1785153457342580000,1785153457342580000,1785153457342580000,1785153457342581000,1785153457342630000,1785153457342634000,1785153457342634000,1785153457342634000,121932490,121652369,-231.121,0.000,0.000,1.000,4.000,0.000,0.000,4.000,0,0,0
B3_zmq_pushpull,zmq_tcp,none,none,,1,20883,512,584,1785153457343457000,1785153457343458000,1785153457343458000,1785153457343459000,1785153457343610000,1785153457343613000,1785153457343613000,1785153457343613000,121932490,121652369,-129.121,1.000,0.000,1.000,3.000,0.000,0.000,102.000,0,0,0
B3_zmq_pushpull,zmq_tcp,none,none,,1,20884,512,584,1785153457344615000,1785153457344615000,1785153457344615000,1785153457344616000,1785153457344731000,1785153457344734000,1785153457344734000,1785153457344734000,121932490,121652369,-165.121,0.000,0.000,1.000,3.000,0.000,0.000,36.000,0,0,0
B3_zmq_pushpull,zmq_tcp,none,none,,1,20885,512,584,1785153457345574000,1785153457345575000,1785153457345575000,1785153457345576000,1785153457345706000,1785153457345709000,1785153457345709000,1785153457345709000,121932490,121652369,-150.121,1.000,0.000,1.000,3.000,0.000,0.000,15.000,0,0,0
B3_zmq_pushpull,zmq_tcp,none,none,,1,20886,512,584,1785153457346589000,1785153457346589000,1785153457346589000,1785153457346590000,1785153457346679000,1785153457346687000,1785153457346687000,1785153457346687000,121932490,121652369,-191.121,0.000,0.000,1.000,8.000,0.000,0.000,41.000,0,0,0
B3_zmq_pushpull,zmq_tcp,none,none,,1,20887,512,584,1785153457347518000,1785153457347518000,1785153457347518000,1785153457347519000,1785153457347678000,1785153457347681000,1785153457347681000,1785153457347681000,121932490,121652369,-121.121,0.000,0.000,1.000,3.000,0.000,0.000,70.000,0,0,0
B3_zmq_pushpull,zmq_tcp,none,none,,1,20888,512,584,1785153457348601000,1785153457348601000,1785153457348601000,1785153457348602000,1785153457348778000,1785153457348781000,1785153457348781000,1785153457348781000,121932490,121652369,-104.121,0.000,0.000,1.000,3.000,0.000,0.000,17.000,0,0,0
B3_zmq_pushpull,zmq_tcp,none,none,,1,20889,512,584,1785153457349577000,1785153457349577000,1785153457349577000,1785153457349578000,1785153457349623000,1785153457349626000,1785153457349626000,1785153457349626000,121932490,121652369,-235.121,0.000,0.000,1.000,3.000,0.000,0.000,131.000,0,0,0
B3_zmq_pushpull,zmq_tcp,none,none,,1,20890,512,584,1785153457350442000,1785153457350442000,1785153457350442000,1785153457350443000,1785153457350593000,1785153457350595000,1785153457350595000,1785153457350595000,121932490,121652369,-130.121,0.000,0.000,1.000,2.000,0.000,0.000,105.000,0,0,0
B3_zmq_pushpull,zmq_tcp,none,none,,1,20891,512,584,1785153457351419000,1785153457351419000,1785153457351419000,1785153457351420000,1785153457351563000,1785153457351566000,1785153457351566000,1785153457351566000,121932490,121652369,-137.121,0.000,0.000,1.000,3.000,0.000,0.000,7.000,0,0,0
B3_zmq_pushpull,zmq_tcp,none,none,,1,20892,512,584,1785153457352416000,1785153457352416000,1785153457352416000,1785153457352417000,1785153457352564000,1785153457352566000,1785153457352566000,1785153457352566000,121932490,121652369,-133.121,0.000,0.000,1.000,2.000,0.000,0.000,4.000,0,0,0
B3_zmq_pushpull,zmq_tcp,none,none,,1,20893,512,584,1785153457353621000,1785153457353621000,1785153457353621000,1785153457353622000,1785153457353676000,1785153457353678000,1785153457353678000,1785153457353678000,121932490,121652369,-226.121,0.000,0.000,1.000,2.000,0.000,0.000,93.000,0,0,0
B3_zmq_pushpull,zmq_tcp,none,none,,1,20894,512,584,1785153457354513000,1785153457354513000,1785153457354513000,1785153457354514000,1785153457354672000,1785153457354674000,1785153457354674000,1785153457354674000,121932490,121652369,-122.121,0.000,0.000,1.000,2.000,0.000,0.000,104.000,0,0,0
B3_zmq_pushpull,zmq_tcp,none,none,,1,20895,512,584,1785153457355600000,1785153457355600000,1785153457355600000,1785153457355601000,1785153457355793000,1785153457355796000,1785153457355796000,1785153457355796000,121932490,121652369,-88.121,0.000,0.000,1.000,3.000,0.000,0.000,34.000,0,0,0
B3_zmq_pushpull,zmq_tcp,none,none,,1,20896,512,584,1785153457356577000,1785153457356577000,1785153457356577000,1785153457356578000,1785153457356626000,1785153457356630000,1785153457356630000,1785153457356630000,121932490,121652369,-232.121,0.000,0.000,1.000,4.000,0.000,0.000,144.000,0,0,0
B3_zmq_pushpull,zmq_tcp,none,none,,1,20897,512,584,1785153457357448000,1785153457357448000,1785153457357448000,1785153457357449000,1785153457357601000,1785153457357604000,1785153457357604000,1785153457357604000,121932490,121652369,-128.121,0.000,0.000,1.000,3.000,0.000,0.000,104.000,0,0,0
B3_zmq_pushpull,zmq_tcp,none,none,,1,20898,512,584,1785153457358420000,1785153457358420000,1785153457358420000,1785153457358421000,1785153457358563000,1785153457358565000,1785153457358566000,1785153457358566000,121932490,121652369,-138.121,0.000,0.000,1.000,2.000,1.000,0.000,10.000,0,0,0
B3_zmq_pushpull,zmq_tcp,none,none,,1,20899,512,584,1785153457359408000,1785153457359408000,1785153457359408000,1785153457359409000,1785153457359556000,1785153457359558000,1785153457359558000,1785153457359558000,121932490,121652369,-133.121,0.000,0.000,1.000,2.000,0.000,0.000,5.000,0,0,0
B3_zmq_pushpull,zmq_tcp,none,none,,1,20900,512,584,1785153457360624000,1785153457360624000,1785153457360624000,1785153457360625000,1785153457360682000,1785153457360685000,1785153457360685000,1785153457360685000,121932490,121652369,-223.121,0.000,0.000,1.000,3.000,0.000,0.000,90.000,0,0,0
B3_zmq_pushpull,zmq_tcp,none,none,,1,20901,512,584,1785153457361574000,1785153457361574000,1785153457361575000,1785153457361575000,1785153457361664000,1785153457361666000,1785153457361666000,1785153457361666000,121932490,121652369,-191.121,0.000,1.000,0.000,2.000,0.000,0.000,32.000,0,0,0
B3_zmq_pushpull,zmq_tcp,none,none,,1,20902,512,584,1785153457362585000,1785153457362586000,1785153457362586000,1785153457362587000,1785153457362639000,1785153457362642000,1785153457362642000,1785153457362642000,121932490,121652369,-228.121,1.000,0.000,1.000,3.000,0.000,0.000,37.000,0,0,0
B3_zmq_pushpull,zmq_tcp,none,none,,1,20903,512,584,1785153457363580000,1785153457363580000,1785153457363580000,1785153457363581000,1785153457363625000,1785153457363628000,1785153457363628000,1785153457363628000,121932490,121652369,-236.121,0.000,0.000,1.000,3.000,0.000,0.000,8.000,0,0,0
B3_zmq_pushpull,zmq_tcp,none,none,,1,20904,512,584,1785153457364584000,1785153457364584000,1785153457364584000,1785153457364585000,1785153457364756000,1785153457364758000,1785153457364758000,1785153457364758000,121932490,121652369,-109.121,0.000,0.000,1.000,2.000,0.000,0.000,127.000,0,0,0
B3_zmq_pushpull,zmq_tcp,none,none,,1,20905,512,584,1785153457365426000,1785153457365427000,1785153457365427000,1785153457365428000,1785153457365581000,1785153457365584000,1785153457365584000,1785153457365584000,121932490,121652369,-127.121,1.000,0.000,1.000,3.000,0.000,0.000,18.000,0,0,0
B3_zmq_pushpull,zmq_tcp,none,none,,1,20906,512,584,1785153457366418000,1785153457366418000,1785153457366418000,1785153457366419000,1785153457366572000,1785153457366574000,1785153457366574000,1785153457366574000,121932490,121652369,-127.121,0.000,0.000,1.000,2.000,0.000,0.000,0.000,0,0,0
B3_zmq_pushpull,zmq_tcp,none,none,,1,20907,512,584,1785153457367399000,1785153457367400000,1785153457367400000,1785153457367401000,1785153457367557000,1785153457367560000,1785153457367560000,1785153457367560000,121932490,121652369,-124.121,1.000,0.000,1.000,3.000,0.000,0.000,3.000,0,0,0
B3_zmq_pushpull,zmq_tcp,none,none,,1,20908,512,584,1785153457368399000,1785153457368399000,1785153457368399000,1785153457368400000,1785153457368562000,1785153457368565000,1785153457368565000,1785153457368565000,121932490,121652369,-118.121,0.000,0.000,1.000,3.000,0.000,0.000,6.000,0,0,0
B3_zmq_pushpull,zmq_tcp,none,none,,1,20909,512,584,1785153457369630000,1785153457369630000,1785153457369630000,1785153457369631000,1785153457369685000,1785153457369689000,1785153457369689000,1785153457369689000,121932490,121652369,-226.121,0.000,0.000,1.000,4.000,0.000,0.000,108.000,0,0,0
B3_zmq_pushpull,zmq_tcp,none,none,,1,20910,512,584,1785153457370571000,1785153457370571000,1785153457370571000,1785153457370572000,1785153457370647000,1785153457370650000,1785153457370650000,1785153457370650000,121932490,121652369,-205.121,0.000,0.000,1.000,3.000,0.000,0.000,21.000,0,0,0
B3_zmq_pushpull,zmq_tcp,none,none,,1,20911,512,584,1785153457371458000,1785153457371458000,1785153457371458000,1785153457371459000,1785153457371609000,1785153457371612000,1785153457371612000,1785153457371612000,121932490,121652369,-130.121,0.000,0.000,1.000,3.000,0.000,0.000,75.000,0,0,0
B3_zmq_pushpull,zmq_tcp,none,none,,1,20912,512,584,1785153457372615000,1785153457372615000,1785153457372615000,1785153457372616000,1785153457372734000,1785153457372737000,1785153457372737000,1785153457372737000,121932490,121652369,-162.121,0.000,0.000,1.000,3.000,0.000,0.000,32.000,0,0,0
B3_zmq_pushpull,zmq_tcp,none,none,,1,20913,512,584,1785153457373575000,1785153457373575000,1785153457373575000,1785153457373576000,1785153457373726000,1785153457373730000,1785153457373730000,1785153457373730000,121932490,121652369,-130.121,0.000,0.000,1.000,4.000,0.000,0.000,32.000,0,0,0
B3_zmq_pushpull,zmq_tcp,none,none,,1,20914,512,584,1785153457374584000,1785153457374584000,1785153457374584000,1785153457374585000,1785153457374728000,1785153457374731000,1785153457374731000,1785153457374731000,121932490,121652369,-137.121,0.000,0.000,1.000,3.000,0.000,0.000,7.000,0,0,0
B3_zmq_pushpull,zmq_tcp,none,none,,1,20915,512,584,1785153457375411000,1785153457375411000,1785153457375411000,1785153457375412000,1785153457375561000,1785153457375564000,1785153457375564000,1785153457375564000,121932490,121652369,-131.121,0.000,0.000,1.000,3.000,0.000,0.000,6.000,0,0,0
B3_zmq_pushpull,zmq_tcp,none,none,,1,20916,512,584,1785153457376399000,1785153457376399000,1785153457376399000,1785153457376400000,1785153457376552000,1785153457376555000,1785153457376555000,1785153457376555000,121932490,121652369,-128.121,0.000,0.000,1.000,3.000,0.000,0.000,3.000,0,0,0
B3_zmq_pushpull,zmq_tcp,none,none,,1,20917,512,584,1785153457377506000,1785153457377506000,1785153457377506000,1785153457377507000,1785153457377649000,1785153457377652000,1785153457377652000,1785153457377652000,121932490,121652369,-138.121,0.000,0.000,1.000,3.000,0.000,0.000,10.000,0,0,0
B3_zmq_pushpull,zmq_tcp,none,none,,1,20918,512,584,1785153457378466000,1785153457378466000,1785153457378466000,1785153457378468000,1785153457378609000,1785153457378612000,1785153457378612000,1785153457378612000,121932490,121652369,-139.121,0.000,0.000,2.000,3.000,0.000,0.000,1.000,0,0,0
B3_zmq_pushpull,zmq_tcp,none,none,,1,20919,512,584,1785153457379612000,1785153457379612000,1785153457379612000,1785153457379613000,1785153457379738000,1785153457379741000,1785153457379741000,1785153457379741000,121932490,121652369,-155.121,0.000,0.000,1.000,3.000,0.000,0.000,16.000,0,0,0
B3_zmq_pushpull,zmq_tcp,none,none,,1,20920,512,584,1785153457380576000,1785153457380576000,1785153457380576000,1785153457380577000,1785153457380717000,1785153457380720000,1785153457380720000,1785153457380720000,121932490,121652369,-140.121,0.000,0.000,1.000,3.000,0.000,0.000,15.000,0,0,0
B3_zmq_pushpull,zmq_tcp,none,none,,1,20921,512,584,1785153457381584000,1785153457381584000,1785153457381584000,1785153457381585000,1785153457381693000,1785153457381696000,1785153457381696000,1785153457381696000,121932490,121652369,-172.121,0.000,0.000,1.000,3.000,0.000,0.000,32.000,0,0,0
B3_zmq_pushpull,zmq_tcp,none,none,,1,20922,512,584,1785153457382585000,1785153457382585000,1785153457382585000,1785153457382586000,1785153457382666000,1785153457382668000,1785153457382668000,1785153457382668000,121932490,121652369,-200.121,0.000,0.000,1.000,2.000,0.000,0.000,28.000,0,0,0
B3_zmq_pushpull,zmq_tcp,none,none,,1,20923,512,584,1785153457383586000,1785153457383586000,1785153457383586000,1785153457383587000,1785153457383636000,1785153457383639000,1785153457383639000,1785153457383639000,121932490,121652369,-231.121,0.000,0.000,1.000,3.000,0.000,0.000,31.000,0,0,0
B3_zmq_pushpull,zmq_tcp,none,none,,1,20924,512,584,1785153457384582000,1785153457384582000,1785153457384583000,1785153457384583000,1785153457384632000,1785153457384635000,1785153457384635000,1785153457384635000,121932490,121652369,-231.121,0.000,1.000,0.000,3.000,0.000,0.000,0.000,0,0,0
B3_zmq_pushpull,zmq_tcp,none,none,,1,20925,512,584,1785153457385583000,1785153457385583000,1785153457385583000,1785153457385584000,1785153457385742000,1785153457385745000,1785153457385745000,1785153457385745000,121932490,121652369,-122.121,0.000,0.000,1.000,3.000,0.000,0.000,109.000,0,0,0
B3_zmq_pushpull,zmq_tcp,none,none,,1,20926,512,584,1785153457386583000,1785153457386583000,1785153457386583000,1785153457386584000,1785153457386717000,1785153457386720000,1785153457386720000,1785153457386720000,121932490,121652369,-147.121,0.000,0.000,1.000,3.000,0.000,0.000,25.000,0,0,0
B3_zmq_pushpull,zmq_tcp,none,none,,1,20927,512,584,1785153457387583000,1785153457387583000,1785153457387583000,1785153457387584000,1785153457387705000,1785153457387708000,1785153457387708000,1785153457387708000,121932490,121652369,-159.121,0.000,0.000,1.000,3.000,0.000,0.000,12.000,0,0,0
B3_zmq_pushpull,zmq_tcp,none,none,,1,20928,512,584,1785153457388583000,1785153457388583000,1785153457388583000,1785153457388584000,1785153457388668000,1785153457388670000,1785153457388670000,1785153457388670000,121932490,121652369,-196.121,0.000,0.000,1.000,2.000,0.000,0.000,37.000,0,0,0
B3_zmq_pushpull,zmq_tcp,none,none,,1,20929,512,584,1785153457389583000,1785153457389583000,1785153457389583000,1785153457389584000,1785153457389659000,1785153457389662000,1785153457389662000,1785153457389662000,121932490,121652369,-205.121,0.000,0.000,1.000,3.000,0.000,0.000,9.000,0,0,0
B3_zmq_pushpull,zmq_tcp,none,none,,1,20930,512,584,1785153457390583000,1785153457390584000,1785153457390584000,1785153457390585000,1785153457390640000,1785153457390643000,1785153457390643000,1785153457390643000,121932490,121652369,-225.121,1.000,0.000,1.000,3.000,0.000,0.000,20.000,0,0,0
B3_zmq_pushpull,zmq_tcp,none,none,,1,20931,512,584,1785153457391580000,1785153457391580000,1785153457391580000,1785153457391581000,1785153457391626000,1785153457391630000,1785153457391630000,1785153457391630000,121932490,121652369,-235.121,0.000,0.000,1.000,4.000,0.000,0.000,10.000,0,0,0
B3_zmq_pushpull,zmq_tcp,none,none,,1,20932,512,584,1785153457392585000,1785153457392585000,1785153457392585000,1785153457392586000,1785153457392731000,1785153457392733000,1785153457392733000,1785153457392734000,121932490,121652369,-135.121,0.000,0.000,1.000,2.000,0.000,1.000,100.000,0,0,0
B3_zmq_pushpull,zmq_tcp,none,none,,1,20933,512,584,1785153457393583000,1785153457393584000,1785153457393584000,1785153457393585000,1785153457393716000,1785153457393718000,1785153457393718000,1785153457393718000,121932490,121652369,-149.121,1.000,0.000,1.000,2.000,0.000,0.000,14.000,0,0,0
B3_zmq_pushpull,zmq_tcp,none,none,,1,20934,512,584,1785153457394583000,1785153457394583000,1785153457394583000,1785153457394584000,1785153457394704000,1785153457394707000,1785153457394707000,1785153457394707000,121932490,121652369,-160.121,0.000,0.000,1.000,3.000,0.000,0.000,11.000,0,0,0
B3_zmq_pushpull,zmq_tcp,none,none,,1,20935,512,584,1785153457395583000,1785153457395583000,1785153457395583000,1785153457395584000,1785153457395696000,1785153457395698000,1785153457395698000,1785153457395698000,121932490,121652369,-168.121,0.000,0.000,1.000,2.000,0.000,0.000,8.000,0,0,0
B3_zmq_pushpull,zmq_tcp,none,none,,1,20936,512,584,1785153457396585000,1785153457396585000,1785153457396585000,1785153457396586000,1785153457396701000,1785153457396704000,1785153457396704000,1785153457396704000,121932490,121652369,-165.121,0.000,0.000,1.000,3.000,0.000,0.000,3.000,0,0,0
B3_zmq_pushpull,zmq_tcp,none,none,,1,20937,512,584,1785153457397583000,1785153457397583000,1785153457397583000,1785153457397584000,1785153457397686000,1785153457397689000,1785153457397689000,1785153457397689000,121932490,121652369,-178.121,0.000,0.000,1.000,3.000,0.000,0.000,13.000,0,0,0
B3_zmq_pushpull,zmq_tcp,none,none,,1,20938,512,584,1785153457398583000,1785153457398583000,1785153457398583000,1785153457398584000,1785153457398677000,1785153457398680000,1785153457398680000,1785153457398680000,121932490,121652369,-187.121,0.000,0.000,1.000,3.000,0.000,0.000,9.000,0,0,0
B3_zmq_pushpull,zmq_tcp,none,none,,1,20939,512,584,1785153457399580000,1785153457399580000,1785153457399580000,1785153457399581000,1785153457399653000,1785153457399656000,1785153457399656000,1785153457399656000,121932490,121652369,-208.121,0.000,0.000,1.000,3.000,0.000,0.000,21.000,0,0,0
B3_zmq_pushpull,zmq_tcp,none,none,,1,20940,512,584,1785153457400585000,1785153457400585000,1785153457400585000,1785153457400586000,1785153457400635000,1785153457400639000,1785153457400639000,1785153457400639000,121932490,121652369,-231.121,0.000,0.000,1.000,4.000,0.000,0.000,23.000,0,0,0
B3_zmq_pushpull,zmq_tcp,none,none,,1,20941,512,584,1785153457401583000,1785153457401583000,1785153457401583000,1785153457401584000,1785153457401768000,1785153457401770000,1785153457401770000,1785153457401770000,121932490,121652369,-96.121,0.000,0.000,1.000,2.000,0.000,0.000,135.000,0,0,0
B3_zmq_pushpull,zmq_tcp,none,none,,1,20942,512,584,1785153457402585000,1785153457402586000,1785153457402586000,1785153457402587000,1785153457402748000,1785153457402751000,1785153457402751000,1785153457402751000,121932490,121652369,-119.121,1.000,0.000,1.000,3.000,0.000,0.000,23.000,0,0,0
B3_zmq_pushpull,zmq_tcp,none,none,,1,20943,512,584,1785153457403442000,1785153457403442000,1785153457403442000,1785153457403443000,1785153457403598000,1785153457403601000,1785153457403601000,1785153457403601000,121932490,121652369,-125.121,0.000,0.000,1.000,3.000,0.000,0.000,6.000,0,0,0
B3_zmq_pushpull,zmq_tcp,none,none,,1,20944,512,584,1785153457404439000,1785153457404439000,1785153457404439000,1785153457404440000,1785153457404590000,1785153457404594000,1785153457404594000,1785153457404594000,121932490,121652369,-130.121,0.000,0.000,1.000,4.000,0.000,0.000,5.000,0,0,0
B3_zmq_pushpull,zmq_tcp,none,none,,1,20945,512,584,1785153457405619000,1785153457405619000,1785153457405619000,1785153457405620000,1785153457405690000,1785153457405693000,1785153457405693000,1785153457405693000,121932490,121652369,-210.121,0.000,0.000,1.000,3.000,0.000,0.000,80.000,0,0,0
B3_zmq_pushpull,zmq_tcp,none,none,,1,20946,512,584,1785153457406571000,1785153457406571000,1785153457406571000,1785153457406572000,1785153457406649000,1785153457406652000,1785153457406652000,1785153457406652000,121932490,121652369,-203.121,0.000,0.000,1.000,3.000,0.000,0.000,7.000,0,0,0
B3_zmq_pushpull,zmq_tcp,none,none,,1,20947,512,584,1785153457407492000,1785153457407492000,1785153457407492000,1785153457407493000,1785153457407648000,1785153457407652000,1785153457407652000,1785153457407652000,121932490,121652369,-125.121,0.000,0.000,1.000,4.000,0.000,0.000,78.000,0,0,0
B3_zmq_pushpull,zmq_tcp,none,none,,1,20948,512,584,1785153457408607000,1785153457408607000,1785153457408607000,1785153457408608000,1785153457408786000,1785153457408789000,1785153457408789000,1785153457408789000,121932490,121652369,-102.121,0.000,0.000,1.000,3.000,0.000,0.000,23.000,0,0,0
B3_zmq_pushpull,zmq_tcp,none,none,,1,20949,512,584,1785153457409473000,1785153457409473000,1785153457409473000,1785153457409475000,1785153457409619000,1785153457409622000,1785153457409622000,1785153457409622000,121932490,121652369,-136.121,0.000,0.000,2.000,3.000,0.000,0.000,34.000,0,0,0
B3_zmq_pushpull,zmq_tcp,none,none,,1,20950,512,584,1785153457410607000,1785153457410607000,1785153457410607000,1785153457410608000,1785153457410755000,1785153457410757000,1785153457410757000,1785153457410757000,121932490,121652369,-133.121,0.000,0.000,1.000,2.000,0.000,0.000,3.000,0,0,0
B3_zmq_pushpull,zmq_tcp,none,none,,1,20951,512,584,1785153457411577000,1785153457411578000,1785153457411578000,1785153457411579000,1785153457411715000,1785153457411717000,1785153457411717000,1785153457411717000,121932490,121652369,-144.121,1.000,0.000,1.000,2.000,0.000,0.000,11.000,0,0,0
B3_zmq_pushpull,zmq_tcp,none,none,,1,20952,512,584,1785153457412584000,1785153457412584000,1785153457412584000,1785153457412585000,1785153457412691000,1785153457412693000,1785153457412693000,1785153457412693000,121932490,121652369,-174.121,0.000,0.000,1.000,2.000,0.000,0.000,30.000,0,0,0
B3_zmq_pushpull,zmq_tcp,none,none,,1,20953,512,584,1785153457413580000,1785153457413581000,1785153457413581000,1785153457413582000,1785153457413676000,1785153457413679000,1785153457413679000,1785153457413679000,121932490,121652369,-186.121,1.000,0.000,1.000,3.000,0.000,0.000,12.000,0,0,0
B3_zmq_pushpull,zmq_tcp,none,none,,1,20954,512,584,1785153457414584000,1785153457414585000,1785153457414585000,1785153457414586000,1785153457414639000,1785153457414641000,1785153457414641000,1785153457414641000,121932490,121652369,-227.121,1.000,0.000,1.000,2.000,0.000,0.000,41.000,0,0,0
B3_zmq_pushpull,zmq_tcp,none,none,,1,20955,512,584,1785153457415585000,1785153457415585000,1785153457415585000,1785153457415586000,1785153457415777000,1785153457415780000,1785153457415780000,1785153457415780000,121932490,121652369,-89.121,0.000,0.000,1.000,3.000,0.000,0.000,138.000,0,0,0
B3_zmq_pushpull,zmq_tcp,none,none,,1,20956,512,584,1785153457416581000,1785153457416582000,1785153457416582000,1785153457416583000,1785153457416635000,1785153457416638000,1785153457416638000,1785153457416638000,121932490,121652369,-228.121,1.000,0.000,1.000,3.000,0.000,0.000,139.000,0,0,0
B3_zmq_pushpull,zmq_tcp,none,none,,1,20957,512,584,1785153457417587000,1785153457417587000,1785153457417587000,1785153457417588000,1785153457417761000,1785153457417764000,1785153457417764000,1785153457417764000,121932490,121652369,-107.121,0.000,0.000,1.000,3.000,0.000,0.000,121.000,0,0,0
B3_zmq_pushpull,zmq_tcp,none,none,,1,20958,512,584,1785153457418584000,1785153457418584000,1785153457418584000,1785153457418585000,1785153457418737000,1785153457418740000,1785153457418740000,1785153457418740000,121932490,121652369,-128.121,0.000,0.000,1.000,3.000,0.000,0.000,21.000,0,0,0
B3_zmq_pushpull,zmq_tcp,none,none,,1,20959,512,584,1785153457419583000,1785153457419583000,1785153457419583000,1785153457419584000,1785153457419695000,1785153457419697000,1785153457419697000,1785153457419697000,121932490,121652369,-169.121,0.000,0.000,1.000,2.000,0.000,0.000,41.000,0,0,0
B3_zmq_pushpull,zmq_tcp,none,none,,1,20960,512,584,1785153457420582000,1785153457420582000,1785153457420582000,1785153457420583000,1785153457420661000,1785153457420664000,1785153457420664000,1785153457420664000,121932490,121652369,-202.121,0.000,0.000,1.000,3.000,0.000,0.000,33.000,0,0,0
B3_zmq_pushpull,zmq_tcp,none,none,,1,20961,512,584,1785153457421586000,1785153457421586000,1785153457421587000,1785153457421587000,1785153457421626000,1785153457421629000,1785153457421629000,1785153457421629000,121932490,121652369,-241.121,0.000,1.000,0.000,3.000,0.000,0.000,39.000,0,0,0
B3_zmq_pushpull,zmq_tcp,none,none,,1,20962,512,584,1785153457422583000,1785153457422583000,1785153457422583000,1785153457422584000,1785153457422755000,1785153457422758000,1785153457422758000,1785153457422758000,121932490,121652369,-109.121,0.000,0.000,1.000,3.000,0.000,0.000,132.000,0,0,0
B3_zmq_pushpull,zmq_tcp,none,none,,1,20963,512,584,1785153457423586000,1785153457423586000,1785153457423586000,1785153457423587000,1785153457423753000,1785153457423761000,1785153457423761000,1785153457423761000,121932490,121652369,-114.121,0.000,0.000,1.000,8.000,0.000,0.000,5.000,0,0,0
B3_zmq_pushpull,zmq_tcp,none,none,,1,20964,512,584,1785153457424582000,1785153457424582000,1785153457424582000,1785153457424583000,1785153457424756000,1785153457424759000,1785153457424759000,1785153457424759000,121932490,121652369,-107.121,0.000,0.000,1.000,3.000,0.000,0.000,7.000,0,0,0
B3_zmq_pushpull,zmq_tcp,none,none,,1,20965,512,584,1785153457425436000,1785153457425436000,1785153457425436000,1785153457425437000,1785153457425587000,1785153457425590000,1785153457425590000,1785153457425590000,121932490,121652369,-130.121,0.000,0.000,1.000,3.000,0.000,0.000,23.000,0,0,0
B3_zmq_pushpull,zmq_tcp,none,none,,1,20966,512,584,1785153457426403000,1785153457426403000,1785153457426403000,1785153457426404000,1785153457426547000,1785153457426549000,1785153457426549000,1785153457426549000,121932490,121652369,-137.121,0.000,0.000,1.000,2.000,0.000,0.000,7.000,0,0,0
B3_zmq_pushpull,zmq_tcp,none,none,,1,20967,512,584,1785153457427504000,1785153457427505000,1785153457427505000,1785153457427506000,1785153457427655000,1785153457427657000,1785153457427657000,1785153457427657000,121932490,121652369,-131.121,1.000,0.000,1.000,2.000,0.000,0.000,6.000,0,0,0
B3_zmq_pushpull,zmq_tcp,none,none,,1,20968,512,584,1785153457428487000,1785153457428487000,1785153457428487000,1785153457428488000,1785153457428648000,1785153457428651000,1785153457428651000,1785153457428651000,121932490,121652369,-120.121,0.000,0.000,1.000,3.000,0.000,0.000,11.000,0,0,0
B3_zmq_pushpull,zmq_tcp,none,none,,1,20969,512,584,1785153457429464000,1785153457429465000,1785153457429465000,1785153457429466000,1785153457429625000,1785153457429628000,1785153457429628000,1785153457429628000,121932490,121652369,-121.121,1.000,0.000,1.000,3.000,0.000,0.000,1.000,0,0,0
B3_zmq_pushpull,zmq_tcp,none,none,,1,20970,512,584,1785153457430443000,1785153457430443000,1785153457430444000,1785153457430444000,1785153457430601000,1785153457430604000,1785153457430604000,1785153457430604000,121932490,121652369,-123.121,0.000,1.000,0.000,3.000,0.000,0.000,2.000,0,0,0
B3_zmq_pushpull,zmq_tcp,none,none,,1,20971,512,584,1785153457431437000,1785153457431437000,1785153457431437000,1785153457431438000,1785153457431599000,1785153457431602000,1785153457431602000,1785153457431602000,121932490,121652369,-119.121,0.000,0.000,1.000,3.000,0.000,0.000,4.000,0,0,0
B3_zmq_pushpull,zmq_tcp,none,none,,1,20972,512,584,1785153457432617000,1785153457432617000,1785153457432617000,1785153457432618000,1785153457432713000,1785153457432716000,1785153457432716000,1785153457432716000,121932490,121652369,-185.121,0.000,0.000,1.000,3.000,0.000,0.000,66.000,0,0,0
B3_zmq_pushpull,zmq_tcp,none,none,,1,20973,512,584,1785153457433575000,1785153457433575000,1785153457433575000,1785153457433576000,1785153457433673000,1785153457433676000,1785153457433676000,1785153457433676000,121932490,121652369,-183.121,0.000,0.000,1.000,3.000,0.000,0.000,2.000,0,0,0
B3_zmq_pushpull,zmq_tcp,none,none,,1,20974,512,584,1785153457434586000,1785153457434586000,1785153457434586000,1785153457434587000,1785153457434632000,1785153457434635000,1785153457434635000,1785153457434635000,121932490,121652369,-235.121,0.000,0.000,1.000,3.000,0.000,0.000,52.000,0,0,0
B3_zmq_pushpull,zmq_tcp,none,none,,1,20975,512,584,1785153457435579000,1785153457435579000,1785153457435579000,1785153457435580000,1785153457435759000,1785153457435761000,1785153457435761000,1785153457435761000,121932490,121652369,-101.121,0.000,0.000,1.000,2.000,0.000,0.000,134.000,0,0,0
B3_zmq_pushpull,zmq_tcp,none,none,,1,20976,512,584,1785153457436454000,1785153457436454000,1785153457436454000,1785153457436455000,1785153457436612000,1785153457436615000,1785153457436615000,1785153457436615000,121932490,121652369,-123.121,0.000,0.000,1.000,3.000,0.000,0.000,22.000,0,0,0
B3_zmq_pushpull,zmq_tcp,none,none,,1,20977,512,584,1785153457437444000,1785153457437444000,1785153457437444000,1785153457437445000,1785153457437591000,1785153457437593000,1785153457437593000,1785153457437593000,121932490,121652369,-134.121,0.000,0.000,1.000,2.000,0.000,0.000,11.000,0,0,0
B3_zmq_pushpull,zmq_tcp,none,none,,1,20978,512,584,1785153457438618000,1785153457438618000,1785153457438618000,1785153457438619000,1785153457438701000,1785153457438704000,1785153457438704000,1785153457438704000,121932490,121652369,-198.121,0.000,0.000,1.000,3.000,0.000,0.000,64.000,0,0,0
B3_zmq_pushpull,zmq_tcp,none,none,,1,20979,512,584,1785153457439574000,1785153457439574000,1785153457439574000,1785153457439575000,1785153457439689000,1785153457439693000,1785153457439693000,1785153457439693000,121932490,121652369,-166.121,0.000,0.000,1.000,4.000,0.000,0.000,32.000,0,0,0
B3_zmq_pushpull,zmq_tcp,none,none,,1,20980,512,584,1785153457440586000,1785153457440586000,1785153457440586000,1785153457440587000,1785153457440655000,1785153457440657000,1785153457440657000,1785153457440657000,121932490,121652369,-212.121,0.000,0.000,1.000,2.000,0.000,0.000,46.000,0,0,0
B3_zmq_pushpull,zmq_tcp,none,none,,1,20981,512,584,1785153457441583000,1785153457441583000,1785153457441583000,1785153457441584000,1785153457441628000,1785153457441632000,1785153457441632000,1785153457441632000,121932490,121652369,-236.121,0.000,0.000,1.000,4.000,0.000,0.000,24.000,0,0,0
B3_zmq_pushpull,zmq_tcp,none,none,,1,20982,512,584,1785153457442447000,1785153457442447000,1785153457442447000,1785153457442448000,1785153457442594000,1785153457442597000,1785153457442597000,1785153457442597000,121932490,121652369,-134.121,0.000,0.000,1.000,3.000,0.000,0.000,102.000,0,0,0
B3_zmq_pushpull,zmq_tcp,none,none,,1,20983,512,584,1785153457443413000,1785153457443413000,1785153457443413000,1785153457443414000,1785153457443569000,1785153457443572000,1785153457443572000,1785153457443572000,121932490,121652369,-125.121,0.000,0.000,1.000,3.000,0.000,0.000,9.000,0,0,0
B3_zmq_pushpull,zmq_tcp,none,none,,1,20984,512,584,1785153457444387000,1785153457444388000,1785153457444388000,1785153457444388000,1785153457444545000,1785153457444548000,1785153457444548000,1785153457444548000,121932490,121652369,-123.121,1.000,0.000,0.000,3.000,0.000,0.000,2.000,0,0,0
B3_zmq_pushpull,zmq_tcp,none,none,,1,20985,512,584,1785153457445391000,1785153457445392000,1785153457445392000,1785153457445393000,1785153457445549000,1785153457445552000,1785153457445552000,1785153457445552000,121932490,121652369,-124.121,1.000,0.000,1.000,3.000,0.000,0.000,1.000,0,0,0
B3_zmq_pushpull,zmq_tcp,none,none,,1,20986,512,584,1785153457446511000,1785153457446512000,1785153457446512000,1785153457446513000,1785153457446664000,1785153457446667000,1785153457446667000,1785153457446667000,121932490,121652369,-129.121,1.000,0.000,1.000,3.000,0.000,0.000,5.000,0,0,0
B3_zmq_pushpull,zmq_tcp,none,none,,1,20987,512,584,1785153457447490000,1785153457447490000,1785153457447490000,1785153457447491000,1785153457447644000,1785153457447647000,1785153457447647000,1785153457447647000,121932490,121652369,-127.121,0.000,0.000,1.000,3.000,0.000,0.000,2.000,0,0,0
B3_zmq_pushpull,zmq_tcp,none,none,,1,20988,512,584,1785153457448607000,1785153457448608000,1785153457448608000,1785153457448609000,1785153457448741000,1785153457448744000,1785153457448744000,1785153457448744000,121932490,121652369,-148.121,1.000,0.000,1.000,3.000,0.000,0.000,21.000,0,0,0
B3_zmq_pushpull,zmq_tcp,none,none,,1,20989,512,584,1785153457449578000,1785153457449578000,1785153457449578000,1785153457449579000,1785153457449719000,1785153457449721000,1785153457449721000,1785153457449721000,121932490,121652369,-140.121,0.000,0.000,1.000,2.000,0.000,0.000,8.000,0,0,0
B3_zmq_pushpull,zmq_tcp,none,none,,1,20990,512,584,1785153457450582000,1785153457450582000,1785153457450582000,1785153457450583000,1785153457450693000,1785153457450696000,1785153457450696000,1785153457450696000,121932490,121652369,-170.121,0.000,0.000,1.000,3.000,0.000,0.000,30.000,0,0,0
B3_zmq_pushpull,zmq_tcp,none,none,,1,20991,512,584,1785153457451585000,1785153457451585000,1785153457451585000,1785153457451586000,1785153457451659000,1785153457451662000,1785153457451662000,1785153457451662000,121932490,121652369,-207.121,0.000,0.000,1.000,3.000,0.000,0.000,37.000,0,0,0
B3_zmq_pushpull,zmq_tcp,none,none,,1,20992,512,584,1785153457452583000,1785153457452583000,1785153457452583000,1785153457452584000,1785153457452781000,1785153457452784000,1785153457452784000,1785153457452784000,121932490,121652369,-83.121,0.000,0.000,1.000,3.000,0.000,0.000,124.000,0,0,0
B3_zmq_pushpull,zmq_tcp,none,none,,1,20993,512,584,1785153457453580000,1785153457453581000,1785153457453581000,1785153457453582000,1785153457453742000,1785153457453744000,1785153457453744000,1785153457453744000,121932490,121652369,-120.121,1.000,0.000,1.000,2.000,0.000,0.000,37.000,0,0,0
B3_zmq_pushpull,zmq_tcp,none,none,,1,20994,512,584,1785153457454438000,1785153457454439000,1785153457454439000,1785153457454440000,1785153457454581000,1785153457454584000,1785153457454584000,1785153457454584000,121932490,121652369,-139.121,1.000,0.000,1.000,3.000,0.000,0.000,19.000,0,0,0
B3_zmq_pushpull,zmq_tcp,none,none,,1,20995,512,584,1785153457455619000,1785153457455619000,1785153457455619000,1785153457455620000,1785153457455683000,1785153457455687000,1785153457455687000,1785153457455687000,121932490,121652369,-217.121,0.000,0.000,1.000,4.000,0.000,0.000,78.000,0,0,0
B3_zmq_pushpull,zmq_tcp,none,none,,1,20996,512,584,1785153457456572000,1785153457456572000,1785153457456572000,1785153457456573000,1785153457456666000,1785153457456669000,1785153457456669000,1785153457456669000,121932490,121652369,-187.121,0.000,0.000,1.000,3.000,0.000,0.000,30.000,0,0,0
B3_zmq_pushpull,zmq_tcp,none,none,,1,20997,512,584,1785153457457588000,1785153457457588000,1785153457457588000,1785153457457589000,1785153457457650000,1785153457457654000,1785153457457654000,1785153457457654000,121932490,121652369,-219.121,0.000,0.000,1.000,4.000,0.000,0.000,32.000,0,0,0
B3_zmq_pushpull,zmq_tcp,none,none,,1,20998,512,584,1785153457458582000,1785153457458582000,1785153457458582000,1785153457458583000,1785153457458761000,1785153457458763000,1785153457458763000,1785153457458763000,121932490,121652369,-102.121,0.000,0.000,1.000,2.000,0.000,0.000,117.000,0,0,0
B3_zmq_pushpull,zmq_tcp,none,none,,1,20999,512,584,1785153457459589000,1785153457459589000,1785153457459590000,1785153457459590000,1785153457459752000,1785153457459758000,1785153457459758000,1785153457459758000,121932490,121652369,-118.121,0.000,1.000,0.000,6.000,0.000,0.000,16.000,0,0,0
B3_zmq_pushpull,zmq_tcp,none,none,,1,21000,512,584,1785153457460582000,1785153457460582000,1785153457460582000,1785153457460583000,1785153457460749000,1785153457460754000,1785153457460754000,1785153457460754000,121932490,121652369,-114.121,0.000,0.000,1.000,5.000,0.000,0.000,4.000,0,0,0
B3_zmq_pushpull,zmq_tcp,none,none,,1,21001,512,584,1785153457461440000,1785153457461440000,1785153457461441000,1785153457461441000,1785153457461584000,1785153457461587000,1785153457461587000,1785153457461587000,121932490,121652369,-137.121,0.000,1.000,0.000,3.000,0.000,0.000,23.000,0,0,0
B3_zmq_pushpull,zmq_tcp,none,none,,1,21002,512,584,1785153457462403000,1785153457462403000,1785153457462403000,1785153457462404000,1785153457462547000,1785153457462549000,1785153457462549000,1785153457462549000,121932490,121652369,-137.121,0.000,0.000,1.000,2.000,0.000,0.000,0.000,0,0,0
B3_zmq_pushpull,zmq_tcp,none,none,,1,21003,512,584,1785153457463628000,1785153457463628000,1785153457463629000,1785153457463629000,1785153457463808000,1785153457463812000,1785153457463812000,1785153457463812000,121932490,121652369,-101.121,0.000,1.000,0.000,4.000,0.000,0.000,36.000,0,0,0
B3_zmq_pushpull,zmq_tcp,none,none,,1,21004,512,584,1785153457464570000,1785153457464570000,1785153457464570000,1785153457464571000,1785153457464657000,1785153457464660000,1785153457464660000,1785153457464660000,121932490,121652369,-194.121,0.000,0.000,1.000,3.000,0.000,0.000,93.000,0,0,0
B3_zmq_pushpull,zmq_tcp,none,none,,1,21005,512,584,1785153457465587000,1785153457465587000,1785153457465587000,1785153457465588000,1785153457465638000,1785153457465640000,1785153457465640000,1785153457465640000,121932490,121652369,-230.121,0.000,0.000,1.000,2.000,0.000,0.000,36.000,0,0,0
B3_zmq_pushpull,zmq_tcp,none,none,,1,21006,512,584,1785153457466584000,1785153457466584000,1785153457466585000,1785153457466585000,1785153457466757000,1785153457466760000,1785153457466760000,1785153457466760000,121932490,121652369,-108.121,0.000,1.000,0.000,3.000,0.000,0.000,122.000,0,0,0
B3_zmq_pushpull,zmq_tcp,none,none,,1,21007,512,584,1785153457467583000,1785153457467583000,1785153457467583000,1785153457467584000,1785153457467719000,1785153457467722000,1785153457467722000,1785153457467722000,121932490,121652369,-145.121,0.000,0.000,1.000,3.000,0.000,0.000,37.000,0,0,0
B3_zmq_pushpull,zmq_tcp,none,none,,1,21008,512,584,1785153457468581000,1785153457468581000,1785153457468581000,1785153457468582000,1785153457468696000,1785153457468699000,1785153457468699000,1785153457468699000,121932490,121652369,-166.121,0.000,0.000,1.000,3.000,0.000,0.000,21.000,0,0,0
B3_zmq_pushpull,zmq_tcp,none,none,,1,21009,512,584,1785153457469585000,1785153457469585000,1785153457469585000,1785153457469586000,1785153457469663000,1785153457469665000,1785153457469665000,1785153457469665000,121932490,121652369,-203.121,0.000,0.000,1.000,2.000,0.000,0.000,37.000,0,0,0
B3_zmq_pushpull,zmq_tcp,none,none,,1,21010,512,584,1785153457470588000,1785153457470588000,1785153457470588000,1785153457470589000,1785153457470777000,1785153457470780000,1785153457470780000,1785153457470780000,121932490,121652369,-92.121,0.000,0.000,1.000,3.000,0.000,0.000,111.000,0,0,0
B3_zmq_pushpull,zmq_tcp,none,none,,1,21011,512,584,1785153457471579000,1785153457471579000,1785153457471579000,1785153457471580000,1785153457471760000,1785153457471763000,1785153457471763000,1785153457471763000,121932490,121652369,-100.121,0.000,0.000,1.000,3.000,0.000,0.000,8.000,0,0,0
B3_zmq_pushpull,zmq_tcp,none,none,,1,21012,512,584,1785153457472590000,1785153457472590000,1785153457472590000,1785153457472591000,1785153457472748000,1785153457472751000,1785153457472751000,1785153457472751000,121932490,121652369,-123.121,0.000,0.000,1.000,3.000,0.000,0.000,23.000,0,0,0
B3_zmq_pushpull,zmq_tcp,none,none,,1,21013,512,584,1785153457473431000,1785153457473431000,1785153457473431000,1785153457473433000,1785153457473580000,1785153457473583000,1785153457473583000,1785153457473583000,121932490,121652369,-133.121,0.000,0.000,2.000,3.000,0.000,0.000,10.000,0,0,0
B3_zmq_pushpull,zmq_tcp,none,none,,1,21014,512,584,1785153457474620000,1785153457474621000,1785153457474621000,1785153457474622000,1785153457474683000,1785153457474687000,1785153457474687000,1785153457474687000,121932490,121652369,-219.121,1.000,0.000,1.000,4.000,0.000,0.000,86.000,0,0,0
B3_zmq_pushpull,zmq_tcp,none,none,,1,21015,512,584,1785153457475485000,1785153457475485000,1785153457475485000,1785153457475486000,1785153457475628000,1785153457475631000,1785153457475631000,1785153457475631000,121932490,121652369,-138.121,0.000,0.000,1.000,3.000,0.000,0.000,81.000,0,0,0
B3_zmq_pushpull,zmq_tcp,none,none,,1,21016,512,584,1785153457476448000,1785153457476448000,1785153457476448000,1785153457476449000,1785153457476582000,1785153457476585000,1785153457476585000,1785153457476585000,121932490,121652369,-147.121,0.000,0.000,1.000,3.000,0.000,0.000,9.000,0,0,0
B3_zmq_pushpull,zmq_tcp,none,none,,1,21017,512,584,1785153457477618000,1785153457477618000,1785153457477618000,1785153457477619000,1785153457477691000,1785153457477693000,1785153457477693000,1785153457477693000,121932490,121652369,-208.121,0.000,0.000,1.000,2.000,0.000,0.000,61.000,0,0,0
B3_zmq_pushpull,zmq_tcp,none,none,,1,21018,512,584,1785153457478577000,1785153457478577000,1785153457478577000,1785153457478578000,1785153457478676000,1785153457478679000,1785153457478679000,1785153457478679000,121932490,121652369,-182.121,0.000,0.000,1.000,3.000,0.000,0.000,26.000,0,0,0
B3_zmq_pushpull,zmq_tcp,none,none,,1,21019,512,584,1785153457479584000,1785153457479584000,1785153457479584000,1785153457479585000,1785153457479670000,1785153457479672000,1785153457479672000,1785153457479672000,121932490,121652369,-195.121,0.000,0.000,1.000,2.000,0.000,0.000,13.000,0,0,0
B3_zmq_pushpull,zmq_tcp,none,none,,1,21020,512,584,1785153457480585000,1785153457480585000,1785153457480585000,1785153457480586000,1785153457480654000,1785153457480657000,1785153457480657000,1785153457480657000,121932490,121652369,-212.121,0.000,0.000,1.000,3.000,0.000,0.000,17.000,0,0,0
B3_zmq_pushpull,zmq_tcp,none,none,,1,21021,512,584,1785153457481583000,1785153457481583000,1785153457481583000,1785153457481584000,1785153457481759000,1785153457481761000,1785153457481761000,1785153457481762000,121932490,121652369,-105.121,0.000,0.000,1.000,2.000,0.000,1.000,107.000,0,0,0
B3_zmq_pushpull,zmq_tcp,none,none,,1,21022,512,584,1785153457482581000,1785153457482581000,1785153457482581000,1785153457482582000,1785153457482728000,1785153457482731000,1785153457482731000,1785153457482731000,121932490,121652369,-134.121,0.000,0.000,1.000,3.000,0.000,0.000,29.000,0,0,0
B3_zmq_pushpull,zmq_tcp,none,none,,1,21023,512,584,1785153457483584000,1785153457483584000,1785153457483584000,1785153457483585000,1785153457483706000,1785153457483708000,1785153457483708000,1785153457483708000,121932490,121652369,-159.121,0.000,0.000,1.000,2.000,0.000,0.000,25.000,0,0,0
B3_zmq_pushpull,zmq_tcp,none,none,,1,21024,512,584,1785153457484583000,1785153457484583000,1785153457484583000,1785153457484584000,1785153457484690000,1785153457484692000,1785153457484692000,1785153457484692000,121932490,121652369,-174.121,0.000,0.000,1.000,2.000,0.000,0.000,15.000,0,0,0
B3_zmq_pushpull,zmq_tcp,none,none,,1,21025,512,584,1785153457485588000,1785153457485588000,1785153457485588000,1785153457485589000,1785153457485660000,1785153457485663000,1785153457485663000,1785153457485663000,121932490,121652369,-209.121,0.000,0.000,1.000,3.000,0.000,0.000,35.000,0,0,0
B3_zmq_pushpull,zmq_tcp,none,none,,1,21026,512,584,1785153457486489000,1785153457486489000,1785153457486489000,1785153457486491000,1785153457486639000,1785153457486642000,1785153457486642000,1785153457486642000,121932490,121652369,-132.121,0.000,0.000,2.000,3.000,0.000,0.000,77.000,0,0,0
B3_zmq_pushpull,zmq_tcp,none,none,,1,21027,512,584,1785153457487607000,1785153457487607000,1785153457487608000,1785153457487608000,1785153457487762000,1785153457487765000,1785153457487765000,1785153457487765000,121932490,121652369,-126.121,0.000,1.000,0.000,3.000,0.000,0.000,6.000,0,0,0
B3_zmq_pushpull,zmq_tcp,none,none,,1,21028,512,584,1785153457488456000,1785153457488456000,1785153457488456000,1785153457488458000,1785153457488599000,1785153457488602000,1785153457488602000,1785153457488602000,121932490,121652369,-139.121,0.000,0.000,2.000,3.000,0.000,0.000,13.000,0,0,0
B3_zmq_pushpull,zmq_tcp,none,none,,1,21029,512,584,1785153457489615000,1785153457489615000,1785153457489615000,1785153457489616000,1785153457489704000,1785153457489707000,1785153457489707000,1785153457489707000,121932490,121652369,-192.121,0.000,0.000,1.000,3.000,0.000,0.000,53.000,0,0,0
B3_zmq_pushpull,zmq_tcp,none,none,,1,21030,512,584,1785153457490575000,1785153457490575000,1785153457490575000,1785153457490576000,1785153457490666000,1785153457490669000,1785153457490669000,1785153457490669000,121932490,121652369,-190.121,0.000,0.000,1.000,3.000,0.000,0.000,2.000,0,0,0
B3_zmq_pushpull,zmq_tcp,none,none,,1,21031,512,584,1785153457491501000,1785153457491501000,1785153457491501000,1785153457491502000,1785153457491652000,1785153457491654000,1785153457491654000,1785153457491654000,121932490,121652369,-130.121,0.000,0.000,1.000,2.000,0.000,0.000,60.000,0,0,0
B3_zmq_pushpull,zmq_tcp,none,none,,1,21032,512,584,1785153457492607000,1785153457492607000,1785153457492607000,1785153457492608000,1785153457492782000,1785153457492784000,1785153457492784000,1785153457492784000,121932490,121652369,-106.121,0.000,0.000,1.000,2.000,0.000,0.000,24.000,0,0,0
B3_zmq_pushpull,zmq_tcp,none,none,,1,21033,512,584,1785153457493578000,1785153457493578000,1785153457493578000,1785153457493579000,1785153457493759000,1785153457493762000,1785153457493762000,1785153457493762000,121932490,121652369,-100.121,0.000,0.000,1.000,3.000,0.000,0.000,6.000,0,0,0
B3_zmq_pushpull,zmq_tcp,none,none,,1,21034,512,584,1785153457494585000,1785153457494585000,1785153457494585000,1785153457494586000,1785153457494747000,1785153457494750000,1785153457494750000,1785153457494750000,121932490,121652369,-119.121,0.000,0.000,1.000,3.000,0.000,0.000,19.000,0,0,0
B3_zmq_pushpull,zmq_tcp,none,none,,1,21035,512,584,1785153457495442000,1785153457495442000,1785153457495442000,1785153457495443000,1785153457495596000,1785153457495599000,1785153457495599000,1785153457495599000,121932490,121652369,-127.121,0.000,0.000,1.000,3.000,0.000,0.000,8.000,0,0,0
B3_zmq_pushpull,zmq_tcp,none,none,,1,21036,512,584,1785153457496424000,1785153457496424000,1785153457496424000,1785153457496425000,1785153457496579000,1785153457496582000,1785153457496582000,1785153457496582000,121932490,121652369,-126.121,0.000,0.000,1.000,3.000,0.000,0.000,1.000,0,0,0
B3_zmq_pushpull,zmq_tcp,none,none,,1,21037,512,584,1785153457497410000,1785153457497410000,1785153457497410000,1785153457497411000,1785153457497566000,1785153457497568000,1785153457497568000,1785153457497568000,121932490,121652369,-125.121,0.000,0.000,1.000,2.000,0.000,0.000,1.000,0,0,0
B3_zmq_pushpull,zmq_tcp,none,none,,1,21038,512,584,1785153457498405000,1785153457498405000,1785153457498405000,1785153457498406000,1785153457498566000,1785153457498568000,1785153457498568000,1785153457498568000,121932490,121652369,-120.121,0.000,0.000,1.000,2.000,0.000,0.000,5.000,0,0,0
B3_zmq_pushpull,zmq_tcp,none,none,,1,21039,512,584,1785153457499631000,1785153457499631000,1785153457499631000,1785153457499632000,1785153457499820000,1785153457499823000,1785153457499823000,1785153457499823000,121932490,121652369,-92.121,0.000,0.000,1.000,3.000,0.000,0.000,28.000,0,0,0
B3_zmq_pushpull,zmq_tcp,none,none,,1,21040,512,584,1785153457500574000,1785153457500574000,1785153457500574000,1785153457500575000,1785153457500649000,1785153457500652000,1785153457500652000,1785153457500652000,121932490,121652369,-206.121,0.000,0.000,1.000,3.000,0.000,0.000,114.000,0,0,0
B3_zmq_pushpull,zmq_tcp,none,none,,1,21041,512,584,1785153457501485000,1785153457501485000,1785153457501485000,1785153457501486000,1785153457501638000,1785153457501641000,1785153457501641000,1785153457501641000,121932490,121652369,-128.121,0.000,0.000,1.000,3.000,0.000,0.000,78.000,0,0,0
B3_zmq_pushpull,zmq_tcp,none,none,,1,21042,512,584,1785153457502465000,1785153457502465000,1785153457502465000,1785153457502466000,1785153457502618000,1785153457502620000,1785153457502620000,1785153457502620000,121932490,121652369,-128.121,0.000,0.000,1.000,2.000,0.000,0.000,0.000,0,0,0
B3_zmq_pushpull,zmq_tcp,none,none,,1,21043,512,584,1785153457503452000,1785153457503452000,1785153457503452000,1785153457503453000,1785153457503604000,1785153457503607000,1785153457503607000,1785153457503608000,121932490,121652369,-129.121,0.000,0.000,1.000,3.000,0.000,1.000,1.000,0,0,0
B3_zmq_pushpull,zmq_tcp,none,none,,1,21044,512,584,1785153457504617000,1785153457504617000,1785153457504618000,1785153457504618000,1785153457504740000,1785153457504749000,1785153457504749000,1785153457504749000,121932490,121652369,-158.121,0.000,1.000,0.000,9.000,0.000,0.000,29.000,0,0,0
B3_zmq_pushpull,zmq_tcp,none,none,,1,21045,512,584,1785153457505571000,1785153457505571000,1785153457505571000,1785153457505572000,1785153457505735000,1785153457505738000,1785153457505738000,1785153457505738000,121932490,121652369,-117.121,0.000,0.000,1.000,3.000,0.000,0.000,41.000,0,0,0
B3_zmq_pushpull,zmq_tcp,none,none,,1,21046,512,584,1785153457506586000,1785153457506586000,1785153457506586000,1785153457506587000,1785153457506723000,1785153457506726000,1785153457506726000,1785153457506726000,121932490,121652369,-144.121,0.000,0.000,1.000,3.000,0.000,0.000,27.000,0,0,0
B3_zmq_pushpull,zmq_tcp,none,none,,1,21047,512,584,1785153457507586000,1785153457507586000,1785153457507586000,1785153457507587000,1785153457507692000,1785153457507695000,1785153457507695000,1785153457507695000,121932490,121652369,-175.121,0.000,0.000,1.000,3.000,0.000,0.000,31.000,0,0,0
B3_zmq_pushpull,zmq_tcp,none,none,,1,21048,512,584,1785153457508586000,1785153457508586000,1785153457508586000,1785153457508587000,1785153457508676000,1785153457508679000,1785153457508679000,1785153457508679000,121932490,121652369,-191.121,0.000,0.000,1.000,3.000,0.000,0.000,16.000,0,0,0
B3_zmq_pushpull,zmq_tcp,none,none,,1,21049,512,584,1785153457509581000,1785153457509581000,1785153457509581000,1785153457509582000,1785153457509658000,1785153457509660000,1785153457509660000,1785153457509660000,121932490,121652369,-204.121,0.000,0.000,1.000,2.000,0.000,0.000,13.000,0,0,0
B3_zmq_pushpull,zmq_tcp,none,none,,1,21050,512,584,1785153457510585000,1785153457510585000,1785153457510585000,1785153457510586000,1785153457510631000,1785153457510634000,1785153457510634000,1785153457510635000,121932490,121652369,-235.121,0.000,0.000,1.000,3.000,0.000,1.000,31.000,0,0,0
B3_zmq_pushpull,zmq_tcp,none,none,,1,21051,512,584,1785153457511583000,1785153457511583000,1785153457511584000,1785153457511584000,1785153457511632000,1785153457511636000,1785153457511636000,1785153457511636000,121932490,121652369,-232.121,0.000,1.000,0.000,4.000,0.000,0.000,3.000,0,0,0
B3_zmq_pushpull,zmq_tcp,none,none,,1,21052,512,584,1785153457512586000,1785153457512586000,1785153457512586000,1785153457512587000,1785153457512767000,1785153457512770000,1785153457512770000,1785153457512770000,121932490,121652369,-100.121,0.000,0.000,1.000,3.000,0.000,0.000,132.000,0,0,0
B3_zmq_pushpull,zmq_tcp,none,none,,1,21053,512,584,1785153457513579000,1785153457513579000,1785153457513579000,1785153457513580000,1785153457513742000,1785153457513744000,1785153457513744000,1785153457513744000,121932490,121652369,-118.121,0.000,0.000,1.000,2.000,0.000,0.000,18.000,0,0,0
B3_zmq_pushpull,zmq_tcp,none,none,,1,21054,512,584,1785153457514587000,1785153457514587000,1785153457514587000,1785153457514588000,1785153457514744000,1785153457514747000,1785153457514747000,1785153457514747000,121932490,121652369,-124.121,0.000,0.000,1.000,3.000,0.000,0.000,6.000,0,0,0
B3_zmq_pushpull,zmq_tcp,none,none,,1,21055,512,584,1785153457515584000,1785153457515584000,1785153457515584000,1785153457515585000,1785153457515726000,1785153457515729000,1785153457515729000,1785153457515729000,121932490,121652369,-139.121,0.000,0.000,1.000,3.000,0.000,0.000,15.000,0,0,0
B3_zmq_pushpull,zmq_tcp,none,none,,1,21056,512,584,1785153457516583000,1785153457516583000,1785153457516583000,1785153457516584000,1785153457516719000,1785153457516723000,1785153457516723000,1785153457516723000,121932490,121652369,-145.121,0.000,0.000,1.000,4.000,0.000,0.000,6.000,0,0,0
B3_zmq_pushpull,zmq_tcp,none,none,,1,21057,512,584,1785153457517581000,1785153457517581000,1785153457517581000,1785153457517582000,1785153457517714000,1785153457517716000,1785153457517716000,1785153457517716000,121932490,121652369,-148.121,0.000,0.000,1.000,2.000,0.000,0.000,3.000,0,0,0
B3_zmq_pushpull,zmq_tcp,none,none,,1,21058,512,584,1785153457518585000,1785153457518586000,1785153457518586000,1785153457518587000,1785153457518700000,1785153457518703000,1785153457518703000,1785153457518703000,121932490,121652369,-167.121,1.000,0.000,1.000,3.000,0.000,0.000,19.000,0,0,0
B3_zmq_pushpull,zmq_tcp,none,none,,1,21059,512,584,1785153457519589000,1785153457519589000,1785153457519589000,1785153457519590000,1785153457519669000,1785153457519672000,1785153457519672000,1785153457519672000,121932490,121652369,-201.121,0.000,0.000,1.000,3.000,0.000,0.000,34.000,0,0,0
B3_zmq_pushpull,zmq_tcp,none,none,,1,21060,512,584,1785153457520583000,1785153457520583000,1785153457520583000,1785153457520584000,1785153457520648000,1785153457520651000,1785153457520651000,1785153457520651000,121932490,121652369,-216.121,0.000,0.000,1.000,3.000,0.000,0.000,15.000,0,0,0
B3_zmq_pushpull,zmq_tcp,none,none,,1,21061,512,584,1785153457521585000,1785153457521585000,1785153457521585000,1785153457521587000,1785153457521771000,1785153457521774000,1785153457521774000,1785153457521774000,121932490,121652369,-96.121,0.000,0.000,2.000,3.000,0.000,0.000,120.000,0,0,0
B3_zmq_pushpull,zmq_tcp,none,none,,1,21062,512,584,1785153457522585000,1785153457522585000,1785153457522585000,1785153457522586000,1785153457522758000,1785153457522761000,1785153457522761000,1785153457522761000,121932490,121652369,-108.121,0.000,0.000,1.000,3.000,0.000,0.000,12.000,0,0,0
B3_zmq_pushpull,zmq_tcp,none,none,,1,21063,512,584,1785153457523445000,1785153457523446000,1785153457523446000,1785153457523447000,1785153457523590000,1785153457523592000,1785153457523592000,1785153457523592000,121932490,121652369,-137.121,1.000,0.000,1.000,2.000,0.000,0.000,29.000,0,0,0
B3_zmq_pushpull,zmq_tcp,none,none,,1,21064,512,584,1785153457524615000,1785153457524616000,1785153457524616000,1785153457524617000,1785153457524707000,1785153457524710000,1785153457524710000,1785153457524710000,121932490,121652369,-190.121,1.000,0.000,1.000,3.000,0.000,0.000,53.000,0,0,0
B3_zmq_pushpull,zmq_tcp,none,none,,1,21065,512,584,1785153457525576000,1785153457525576000,1785153457525576000,1785153457525577000,1785153457525688000,1785153457525691000,1785153457525691000,1785153457525691000,121932490,121652369,-169.121,0.000,0.000,1.000,3.000,0.000,0.000,21.000,0,0,0
B3_zmq_pushpull,zmq_tcp,none,none,,1,21066,512,584,1785153457526591000,1785153457526591000,1785153457526592000,1785153457526592000,1785153457526672000,1785153457526675000,1785153457526675000,1785153457526675000,121932490,121652369,-200.121,0.000,1.000,0.000,3.000,0.000,0.000,31.000,0,0,0
B3_zmq_pushpull,zmq_tcp,none,none,,1,21067,512,584,1785153457527581000,1785153457527581000,1785153457527581000,1785153457527582000,1785153457527768000,1785153457527771000,1785153457527771000,1785153457527771000,121932490,121652369,-94.121,0.000,0.000,1.000,3.000,0.000,0.000,106.000,0,0,0
B3_zmq_pushpull,zmq_tcp,none,none,,1,21068,512,584,1785153457528587000,1785153457528587000,1785153457528587000,1785153457528588000,1785153457528750000,1785153457528752000,1785153457528753000,1785153457528753000,121932490,121652369,-118.121,0.000,0.000,1.000,2.000,1.000,0.000,24.000,0,0,0
B3_zmq_pushpull,zmq_tcp,none,none,,1,21069,512,584,1785153457529437000,1785153457529437000,1785153457529438000,1785153457529438000,1785153457529590000,1785153457529593000,1785153457529593000,1785153457529593000,121932490,121652369,-128.121,0.000,1.000,0.000,3.000,0.000,0.000,10.000,0,0,0
B3_zmq_pushpull,zmq_tcp,none,none,,1,21070,512,584,1785153457530417000,1785153457530418000,1785153457530418000,1785153457530419000,1785153457530562000,1785153457530564000,1785153457530564000,1785153457530564000,121932490,121652369,-137.121,1.000,0.000,1.000,2.000,0.000,0.000,9.000,0,0,0
B3_zmq_pushpull,zmq_tcp,none,none,,1,21071,512,584,1785153457531622000,1785153457531622000,1785153457531622000,1785153457531623000,1785153457531690000,1785153457531693000,1785153457531693000,1785153457531693000,121932490,121652369,-213.121,0.000,0.000,1.000,3.000,0.000,0.000,76.000,0,0,0
B3_zmq_pushpull,zmq_tcp,none,none,,1,21072,512,584,1785153457532395000,1785153457532395000,1785153457532395000,1785153457532396000,1785153457532547000,1785153457532550000,1785153457532550000,1785153457532550000,121932490,121652369,-129.121,0.000,0.000,1.000,3.000,0.000,0.000,84.000,0,0,0
B3_zmq_pushpull,zmq_tcp,none,none,,1,21073,512,584,1785153457533501000,1785153457533501000,1785153457533501000,1785153457533502000,1785153457533658000,1785153457533661000,1785153457533661000,1785153457533661000,121932490,121652369,-124.121,0.000,0.000,1.000,3.000,0.000,0.000,5.000,0,0,0
B3_zmq_pushpull,zmq_tcp,none,none,,1,21074,512,584,1785153457534494000,1785153457534495000,1785153457534495000,1785153457534496000,1785153457534653000,1785153457534655000,1785153457534655000,1785153457534655000,121932490,121652369,-123.121,1.000,0.000,1.000,2.000,0.000,0.000,1.000,0,0,0
B3_zmq_pushpull,zmq_tcp,none,none,,1,21075,512,584,1785153457535482000,1785153457535483000,1785153457535483000,1785153457535484000,1785153457535631000,1785153457535634000,1785153457535634000,1785153457535634000,121932490,121652369,-133.121,1.000,0.000,1.000,3.000,0.000,0.000,10.000,0,0,0
B3_zmq_pushpull,zmq_tcp,none,none,,1,21076,512,584,1785153457536470000,1785153457536470000,1785153457536471000,1785153457536471000,1785153457536621000,1785153457536625000,1785153457536625000,1785153457536625000,121932490,121652369,-130.121,0.000,1.000,0.000,4.000,0.000,0.000,3.000,0,0,0
B3_zmq_pushpull,zmq_tcp,none,none,,1,21077,512,584,1785153457537449000,1785153457537450000,1785153457537450000,1785153457537451000,1785153457537593000,1785153457537595000,1785153457537595000,1785153457537595000,121932490,121652369,-138.121,1.000,0.000,1.000,2.000,0.000,0.000,8.000,0,0,0
B3_zmq_pushpull,zmq_tcp,none,none,,1,21078,512,584,1785153457538615000,1785153457538615000,1785153457538615000,1785153457538616000,1785153457538700000,1785153457538704000,1785153457538704000,1785153457538704000,121932490,121652369,-196.121,0.000,0.000,1.000,4.000,0.000,0.000,58.000,0,0,0
B3_zmq_pushpull,zmq_tcp,none,none,,1,21079,512,584,1785153457539495000,1785153457539495000,1785153457539495000,1785153457539496000,1785153457539647000,1785153457539650000,1785153457539650000,1785153457539650000,121932490,121652369,-129.121,0.000,0.000,1.000,3.000,0.000,0.000,67.000,0,0,0
B3_zmq_pushpull,zmq_tcp,none,none,,1,21080,512,584,1785153457540482000,1785153457540482000,1785153457540482000,1785153457540483000,1785153457540642000,1785153457540644000,1785153457540644000,1785153457540644000,121932490,121652369,-121.121,0.000,0.000,1.000,2.000,0.000,0.000,8.000,0,0,0
B3_zmq_pushpull,zmq_tcp,none,none,,1,21081,512,584,1785153457541609000,1785153457541609000,1785153457541609000,1785153457541610000,1785153457541759000,1785153457541762000,1785153457541762000,1785153457541762000,121932490,121652369,-131.121,0.000,0.000,1.000,3.000,0.000,0.000,10.000,0,0,0
B3_zmq_pushpull,zmq_tcp,none,none,,1,21082,512,584,1785153457542579000,1785153457542579000,1785153457542579000,1785153457542580000,1785153457542734000,1785153457542737000,1785153457542737000,1785153457542737000,121932490,121652369,-126.121,0.000,0.000,1.000,3.000,0.000,0.000,5.000,0,0,0
B3_zmq_pushpull,zmq_tcp,none,none,,1,21083,512,584,1785153457543399000,1785153457543399000,1785153457543399000,1785153457543400000,1785153457543550000,1785153457543553000,1785153457543553000,1785153457543553000,121932490,121652369,-130.121,0.000,0.000,1.000,3.000,0.000,0.000,4.000,0,0,0
B3_zmq_pushpull,zmq_tcp,none,none,,1,21084,512,584,1785153457544630000,1785153457544631000,1785153457544631000,1785153457544632000,1785153457544768000,1785153457544772000,1785153457544772000,1785153457544772000,121932490,121652369,-144.121,1.000,0.000,1.000,4.000,0.000,0.000,14.000,0,0,0
B3_zmq_pushpull,zmq_tcp,none,none,,1,21085,512,584,1785153457545449000,1785153457545449000,1785153457545449000,1785153457545450000,1785153457545604000,1785153457545607000,1785153457545607000,1785153457545607000,121932490,121652369,-126.121,0.000,0.000,1.000,3.000,0.000,0.000,18.000,0,0,0
B3_zmq_pushpull,zmq_tcp,none,none,,1,21086,512,584,1785153457546438000,1785153457546438000,1785153457546438000,1785153457546440000,1785153457546582000,1785153457546585000,1785153457546585000,1785153457546585000,121932490,121652369,-138.121,0.000,0.000,2.000,3.000,0.000,0.000,12.000,0,0,0
B3_zmq_pushpull,zmq_tcp,none,none,,1,21087,512,584,1785153457547624000,1785153457547624000,1785153457547624000,1785153457547625000,1785153457547697000,1785153457547700000,1785153457547700000,1785153457547700000,121932490,121652369,-208.121,0.000,0.000,1.000,3.000,0.000,0.000,70.000,0,0,0
B3_zmq_pushpull,zmq_tcp,none,none,,1,21088,512,584,1785153457548574000,1785153457548574000,1785153457548574000,1785153457548575000,1785153457548698000,1785153457548701000,1785153457548701000,1785153457548701000,121932490,121652369,-157.121,0.000,0.000,1.000,3.000,0.000,0.000,51.000,0,0,0
B3_zmq_pushpull,zmq_tcp,none,none,,1,21089,512,584,1785153457549588000,1785153457549588000,1785153457549588000,1785153457549589000,1785153457549677000,1785153457549679000,1785153457549679000,1785153457549679000,121932490,121652369,-192.121,0.000,0.000,1.000,2.000,0.000,0.000,35.000,0,0,0
B3_zmq_pushpull,zmq_tcp,none,none,,1,21090,512,584,1785153457550584000,1785153457550584000,1785153457550584000,1785153457550585000,1785153457550656000,1785153457550659000,1785153457550659000,1785153457550659000,121932490,121652369,-209.121,0.000,0.000,1.000,3.000,0.000,0.000,17.000,0,0,0
B3_zmq_pushpull,zmq_tcp,none,none,,1,21091,512,584,1785153457551585000,1785153457551585000,1785153457551585000,1785153457551586000,1785153457551643000,1785153457551647000,1785153457551647000,1785153457551647000,121932490,121652369,-223.121,0.000,0.000,1.000,4.000,0.000,0.000,14.000,0,0,0
B3_zmq_pushpull,zmq_tcp,none,none,,1,21092,512,584,1785153457552582000,1785153457552582000,1785153457552582000,1785153457552583000,1785153457552754000,1785153457552757000,1785153457552757000,1785153457552757000,121932490,121652369,-109.121,0.000,0.000,1.000,3.000,0.000,0.000,114.000,0,0,0
B3_zmq_pushpull,zmq_tcp,none,none,,1,21093,512,584,1785153457553586000,1785153457553586000,1785153457553586000,1785153457553587000,1785153457553746000,1785153457553754000,1785153457553754000,1785153457553754000,121932490,121652369,-121.121,0.000,0.000,1.000,8.000,0.000,0.000,12.000,0,0,0
B3_zmq_pushpull,zmq_tcp,none,none,,1,21094,512,584,1785153457554584000,1785153457554584000,1785153457554584000,1785153457554585000,1785153457554747000,1785153457554750000,1785153457554750000,1785153457554750000,121932490,121652369,-118.121,0.000,0.000,1.000,3.000,0.000,0.000,3.000,0,0,0
B3_zmq_pushpull,zmq_tcp,none,none,,1,21095,512,584,1785153457555584000,1785153457555584000,1785153457555584000,1785153457555585000,1785153457555734000,1785153457555737000,1785153457555737000,1785153457555737000,121932490,121652369,-131.121,0.000,0.000,1.000,3.000,0.000,0.000,13.000,0,0,0
B3_zmq_pushpull,zmq_tcp,none,none,,1,21096,512,584,1785153457556581000,1785153457556581000,1785153457556581000,1785153457556582000,1785153457556721000,1785153457556724000,1785153457556724000,1785153457556724000,121932490,121652369,-141.121,0.000,0.000,1.000,3.000,0.000,0.000,10.000,0,0,0
B3_zmq_pushpull,zmq_tcp,none,none,,1,21097,512,584,1785153457557585000,1785153457557585000,1785153457557585000,1785153457557586000,1785153457557678000,1785153457557681000,1785153457557681000,1785153457557681000,121932490,121652369,-188.121,0.000,0.000,1.000,3.000,0.000,0.000,47.000,0,0,0
B3_zmq_pushpull,zmq_tcp,none,none,,1,21098,512,584,1785153457558584000,1785153457558584000,1785153457558584000,1785153457558585000,1785153457558655000,1785153457558658000,1785153457558658000,1785153457558658000,121932490,121652369,-210.121,0.000,0.000,1.000,3.000,0.000,0.000,22.000,0,0,0
B3_zmq_pushpull,zmq_tcp,none,none,,1,21099,512,584,1785153457559584000,1785153457559584000,1785153457559584000,1785153457559585000,1785153457559646000,1785153457559649000,1785153457559649000,1785153457559649000,121932490,121652369,-219.121,0.000,0.000,1.000,3.000,0.000,0.000,9.000,0,0,0
B3_zmq_pushpull,zmq_tcp,none,none,,1,21100,512,584,1785153457560582000,1785153457560582000,1785153457560582000,1785153457560583000,1785153457560630000,1785153457560634000,1785153457560634000,1785153457560634000,121932490,121652369,-233.121,0.000,0.000,1.000,4.000,0.000,0.000,14.000,0,0,0
B3_zmq_pushpull,zmq_tcp,none,none,,1,21101,512,584,1785153457561588000,1785153457561588000,1785153457561588000,1785153457561589000,1785153457561763000,1785153457561766000,1785153457561766000,1785153457561766000,121932490,121652369,-106.121,0.000,0.000,1.000,3.000,0.000,0.000,127.000,0,0,0
B3_zmq_pushpull,zmq_tcp,none,none,,1,21102,512,584,1785153457562455000,1785153457562455000,1785153457562455000,1785153457562456000,1785153457562611000,1785153457562614000,1785153457562614000,1785153457562614000,121932490,121652369,-125.121,0.000,0.000,1.000,3.000,0.000,0.000,19.000,0,0,0
B3_zmq_pushpull,zmq_tcp,none,none,,1,21103,512,584,1785153457563616000,1785153457563616000,1785153457563616000,1785153457563617000,1785153457563739000,1785153457563742000,1785153457563742000,1785153457563742000,121932490,121652369,-158.121,0.000,0.000,1.000,3.000,0.000,0.000,33.000,0,0,0
B3_zmq_pushpull,zmq_tcp,none,none,,1,21104,512,584,1785153457564574000,1785153457564575000,1785153457564575000,1785153457564576000,1785153457564721000,1785153457564723000,1785153457564724000,1785153457564724000,121932490,121652369,-135.121,1.000,0.000,1.000,2.000,1.000,0.000,23.000,0,0,0
B3_zmq_pushpull,zmq_tcp,none,none,,1,21105,512,584,1785153457565389000,1785153457565390000,1785153457565390000,1785153457565390000,1785153457565533000,1785153457565535000,1785153457565535000,1785153457565535000,121932490,121652369,-137.121,1.000,0.000,0.000,2.000,0.000,0.000,2.000,0,0,0
B3_zmq_pushpull,zmq_tcp,none,none,,1,21106,512,584,1785153457566506000,1785153457566506000,1785153457566506000,1785153457566507000,1785153457566658000,1785153457566661000,1785153457566661000,1785153457566661000,121932490,121652369,-129.121,0.000,0.000,1.000,3.000,0.000,0.000,8.000,0,0,0
B3_zmq_pushpull,zmq_tcp,none,none,,1,21107,512,584,1785153457567469000,1785153457567469000,1785153457567469000,1785153457567470000,1785153457567625000,1785153457567627000,1785153457567627000,1785153457567627000,121932490,121652369,-125.121,0.000,0.000,1.000,2.000,0.000,0.000,4.000,0,0,0
B3_zmq_pushpull,zmq_tcp,none,none,,1,21108,512,584,1785153457568443000,1785153457568443000,1785153457568443000,1785153457568444000,1785153457568601000,1785153457568603000,1785153457568603000,1785153457568603000,121932490,121652369,-123.121,0.000,0.000,1.000,2.000,0.000,0.000,2.000,0,0,0
B3_zmq_pushpull,zmq_tcp,none,none,,1,21109,512,584,1785153457569430000,1785153457569430000,1785153457569430000,1785153457569431000,1785153457569590000,1785153457569593000,1785153457569593000,1785153457569593000,121932490,121652369,-121.121,0.000,0.000,1.000,3.000,0.000,0.000,2.000,0,0,0
B3_zmq_pushpull,zmq_tcp,none,none,,1,21110,512,584,1785153457570408000,1785153457570408000,1785153457570408000,1785153457570409000,1785153457570569000,1785153457570571000,1785153457570571000,1785153457570571000,121932490,121652369,-120.121,0.000,0.000,1.000,2.000,0.000,0.000,1.000,0,0,0
B3_zmq_pushpull,zmq_tcp,none,none,,1,21111,512,584,1785153457571628000,1785153457571628000,1785153457571628000,1785153457571629000,1785153457571691000,1785153457571694000,1785153457571694000,1785153457571694000,121932490,121652369,-218.121,0.000,0.000,1.000,3.000,0.000,0.000,98.000,0,0,0
B3_zmq_pushpull,zmq_tcp,none,none,,1,21112,512,584,1785153457572511000,1785153457572511000,1785153457572511000,1785153457572512000,1785153457572663000,1785153457572666000,1785153457572666000,1785153457572666000,121932490,121652369,-129.121,0.000,0.000,1.000,3.000,0.000,0.000,89.000,0,0,0
B3_zmq_pushpull,zmq_tcp,none,none,,1,21113,512,584,1785153457573490000,1785153457573491000,1785153457573491000,1785153457573492000,1785153457573633000,1785153457573635000,1785153457573635000,1785153457573635000,121932490,121652369,-139.121,1.000,0.000,1.000,2.000,0.000,0.000,10.000,0,0,0
B3_zmq_pushpull,zmq_tcp,none,none,,1,21114,512,584,1785153457574608000,1785153457574608000,1785153457574608000,1785153457574609000,1785153457574765000,1785153457574767000,1785153457574767000,1785153457574767000,121932490,121652369,-124.121,0.000,0.000,1.000,2.000,0.000,0.000,15.000,0,0,0
B3_zmq_pushpull,zmq_tcp,none,none,,1,21115,512,584,1785153457575463000,1785153457575463000,1785153457575463000,1785153457575465000,1785153457575611000,1785153457575615000,1785153457575615000,1785153457575615000,121932490,121652369,-134.121,0.000,0.000,2.000,4.000,0.000,0.000,10.000,0,0,0
B3_zmq_pushpull,zmq_tcp,none,none,,1,21116,512,584,1785153457576612000,1785153457576612000,1785153457576612000,1785153457576613000,1785153457576732000,1785153457576734000,1785153457576734000,1785153457576734000,121932490,121652369,-161.121,0.000,0.000,1.000,2.000,0.000,0.000,27.000,0,0,0
B3_zmq_pushpull,zmq_tcp,none,none,,1,21117,512,584,1785153457577578000,1785153457577578000,1785153457577578000,1785153457577579000,1785153457577737000,1785153457577739000,1785153457577739000,1785153457577739000,121932490,121652369,-122.121,0.000,0.000,1.000,2.000,0.000,0.000,39.000,0,0,0
B3_zmq_pushpull,zmq_tcp,none,none,,1,21118,512,584,1785153457578585000,1785153457578585000,1785153457578585000,1785153457578586000,1785153457578709000,1785153457578711000,1785153457578711000,1785153457578711000,121932490,121652369,-157.121,0.000,0.000,1.000,2.000,0.000,0.000,35.000,0,0,0
B3_zmq_pushpull,zmq_tcp,none,none,,1,21119,512,584,1785153457579414000,1785153457579414000,1785153457579414000,1785153457579415000,1785153457579543000,1785153457579545000,1785153457579545000,1785153457579545000,121932490,121652369,-152.121,0.000,0.000,1.000,2.000,0.000,0.000,5.000,0,0,0
B3_zmq_pushpull,zmq_tcp,none,none,,1,21120,512,584,1785153457580500000,1785153457580500000,1785153457580500000,1785153457580501000,1785153457580651000,1785153457580654000,1785153457580654000,1785153457580654000,121932490,121652369,-130.121,0.000,0.000,1.000,3.000,0.000,0.000,22.000,0,0,0
B3_zmq_pushpull,zmq_tcp,none,none,,1,21121,512,584,1785153457581471000,1785153457581471000,1785153457581471000,1785153457581472000,1785153457581631000,1785153457581634000,1785153457581634000,1785153457581634000,121932490,121652369,-121.121,0.000,0.000,1.000,3.000,0.000,0.000,9.000,0,0,0
B3_zmq_pushpull,zmq_tcp,none,none,,1,21122,512,584,1785153457582448000,1785153457582449000,1785153457582449000,1785153457582450000,1785153457582597000,1785153457582600000,1785153457582600000,1785153457582600000,121932490,121652369,-133.121,1.000,0.000,1.000,3.000,0.000,0.000,12.000,0,0,0
B3_zmq_pushpull,zmq_tcp,none,none,,1,21123,512,584,1785153457583619000,1785153457583619000,1785153457583619000,1785153457583620000,1785153457583715000,1785153457583718000,1785153457583718000,1785153457583718000,121932490,121652369,-185.121,0.000,0.000,1.000,3.000,0.000,0.000,52.000,0,0,0
B3_zmq_pushpull,zmq_tcp,none,none,,1,21124,512,584,1785153457584576000,1785153457584576000,1785153457584576000,1785153457584577000,1785153457584701000,1785153457584703000,1785153457584703000,1785153457584703000,121932490,121652369,-156.121,0.000,0.000,1.000,2.000,0.000,0.000,29.000,0,0,0
B3_zmq_pushpull,zmq_tcp,none,none,,1,21125,512,584,1785153457585586000,1785153457585586000,1785153457585586000,1785153457585587000,1785153457585666000,1785153457585669000,1785153457585669000,1785153457585669000,121932490,121652369,-201.121,0.000,0.000,1.000,3.000,0.000,0.000,45.000,0,0,0
B3_zmq_pushpull,zmq_tcp,none,none,,1,21126,512,584,1785153457586581000,1785153457586581000,1785153457586581000,1785153457586582000,1785153457586646000,1785153457586649000,1785153457586649000,1785153457586649000,121932490,121652369,-216.121,0.000,0.000,1.000,3.000,0.000,0.000,15.000,0,0,0
B3_zmq_pushpull,zmq_tcp,none,none,,1,21127,512,584,1785153457587585000,1785153457587585000,1785153457587585000,1785153457587586000,1785153457587632000,1785153457587635000,1785153457587635000,1785153457587635000,121932490,121652369,-234.121,0.000,0.000,1.000,3.000,0.000,0.000,18.000,0,0,0
B3_zmq_pushpull,zmq_tcp,none,none,,1,21128,512,584,1785153457588584000,1785153457588584000,1785153457588584000,1785153457588585000,1785153457588757000,1785153457588760000,1785153457588760000,1785153457588760000,121932490,121652369,-108.121,0.000,0.000,1.000,3.000,0.000,0.000,126.000,0,0,0
B3_zmq_pushpull,zmq_tcp,none,none,,1,21129,512,584,1785153457589459000,1785153457589459000,1785153457589459000,1785153457589460000,1785153457589617000,1785153457589619000,1785153457589619000,1785153457589619000,121932490,121652369,-123.121,0.000,0.000,1.000,2.000,0.000,0.000,15.000,0,0,0
B3_zmq_pushpull,zmq_tcp,none,none,,1,21130,512,584,1785153457590614000,1785153457590614000,1785153457590614000,1785153457590615000,1785153457590750000,1785153457590753000,1785153457590753000,1785153457590753000,121932490,121652369,-145.121,0.000,0.000,1.000,3.000,0.000,0.000,22.000,0,0,0
B3_zmq_pushpull,zmq_tcp,none,none,,1,21131,512,584,1785153457591580000,1785153457591580000,1785153457591580000,1785153457591581000,1785153457591739000,1785153457591742000,1785153457591742000,1785153457591742000,121932490,121652369,-122.121,0.000,0.000,1.000,3.000,0.000,0.000,23.000,0,0,0
B3_zmq_pushpull,zmq_tcp,none,none,,1,21132,512,584,1785153457592585000,1785153457592585000,1785153457592585000,1785153457592586000,1785153457592713000,1785153457592715000,1785153457592715000,1785153457592715000,121932490,121652369,-153.121,0.000,0.000,1.000,2.000,0.000,0.000,31.000,0,0,0
B3_zmq_pushpull,zmq_tcp,none,none,,1,21133,512,584,1785153457593581000,1785153457593581000,1785153457593581000,1785153457593582000,1785153457593681000,1785153457593684000,1785153457593685000,1785153457593685000,121932490,121652369,-181.121,0.000,0.000,1.000,3.000,1.000,0.000,28.000,0,0,0
B3_zmq_pushpull,zmq_tcp,none,none,,1,21134,512,584,1785153457594585000,1785153457594585000,1785153457594585000,1785153457594586000,1785153457594652000,1785153457594654000,1785153457594654000,1785153457594654000,121932490,121652369,-214.121,0.000,0.000,1.000,2.000,0.000,0.000,33.000,0,0,0
B3_zmq_pushpull,zmq_tcp,none,none,,1,21135,512,584,1785153457595587000,1785153457595587000,1785153457595587000,1785153457595588000,1785153457595773000,1785153457595776000,1785153457595776000,1785153457595776000,121932490,121652369,-95.121,0.000,0.000,1.000,3.000,0.000,0.000,119.000,0,0,0
B3_zmq_pushpull,zmq_tcp,none,none,,1,21136,512,584,1785153457596580000,1785153457596580000,1785153457596580000,1785153457596581000,1785153457596742000,1785153457596745000,1785153457596745000,1785153457596745000,121932490,121652369,-119.121,0.000,0.000,1.000,3.000,0.000,0.000,24.000,0,0,0
B3_zmq_pushpull,zmq_tcp,none,none,,1,21137,512,584,1785153457597588000,1785153457597588000,1785153457597588000,1785153457597589000,1785153457597729000,1785153457597731000,1785153457597731000,1785153457597731000,121932490,121652369,-140.121,0.000,0.000,1.000,2.000,0.000,0.000,21.000,0,0,0
B3_zmq_pushpull,zmq_tcp,none,none,,1,21138,512,584,1785153457598583000,1785153457598583000,1785153457598583000,1785153457598584000,1785153457598731000,1785153457598740000,1785153457598740000,1785153457598740000,121932490,121652369,-133.121,0.000,0.000,1.000,9.000,0.000,0.000,7.000,0,0,0
B3_zmq_pushpull,zmq_tcp,none,none,,1,21139,512,584,1785153457599585000,1785153457599585000,1785153457599585000,1785153457599586000,1785153457599718000,1785153457599722000,1785153457599722000,1785153457599722000,121932490,121652369,-148.121,0.000,0.000,1.000,4.000,0.000,0.000,15.000,0,0,0
B3_zmq_pushpull,zmq_tcp,none,none,,1,21140,512,584,1785153457600582000,1785153457600582000,1785153457600582000,1785153457600583000,1785153457600687000,1785153457600690000,1785153457600690000,1785153457600690000,121932490,121652369,-176.121,0.000,0.000,1.000,3.000,0.000,0.000,28.000,0,0,0
B3_zmq_pushpull,zmq_tcp,none,none,,1,21141,512,584,1785153457601586000,1785153457601586000,1785153457601586000,1785153457601587000,1785153457601681000,1785153457601683000,1785153457601683000,1785153457601683000,121932490,121652369,-186.121,0.000,0.000,1.000,2.000,0.000,0.000,10.000,0,0,0
B3_zmq_pushpull,zmq_tcp,none,none,,1,21142,512,584,1785153457602584000,1785153457602584000,1785153457602584000,1785153457602585000,1785153457602648000,1785153457602651000,1785153457602651000,1785153457602651000,121932490,121652369,-217.121,0.000,0.000,1.000,3.000,0.000,0.000,31.000,0,0,0
B3_zmq_pushpull,zmq_tcp,none,none,,1,21143,512,584,1785153457603586000,1785153457603586000,1785153457603586000,1785153457603587000,1785153457603773000,1785153457603775000,1785153457603775000,1785153457603775000,121932490,121652369,-94.121,0.000,0.000,1.000,2.000,0.000,0.000,123.000,0,0,0
B3_zmq_pushpull,zmq_tcp,none,none,,1,21144,512,584,1785153457604582000,1785153457604583000,1785153457604583000,1785153457604584000,1785153457604764000,1785153457604772000,1785153457604772000,1785153457604772000,121932490,121652369,-100.121,1.000,0.000,1.000,8.000,0.000,0.000,6.000,0,0,0
B3_zmq_pushpull,zmq_tcp,none,none,,1,21145,512,584,1785153457605585000,1785153457605585000,1785153457605585000,1785153457605586000,1785153457605762000,1785153457605765000,1785153457605765000,1785153457605765000,121932490,121652369,-104.121,0.000,0.000,1.000,3.000,0.000,0.000,4.000,0,0,0
B3_zmq_pushpull,zmq_tcp,none,none,,1,21146,512,584,1785153457606584000,1785153457606584000,1785153457606584000,1785153457606585000,1785153457606753000,1785153457606758000,1785153457606758000,1785153457606758000,121932490,121652369,-112.121,0.000,0.000,1.000,5.000,0.000,0.000,8.000,0,0,0
B3_zmq_pushpull,zmq_tcp,none,none,,1,21147,512,584,1785153457607452000,1785153457607452000,1785153457607452000,1785153457607453000,1785153457607605000,1785153457607607000,1785153457607607000,1785153457607607000,121932490,121652369,-128.121,0.000,0.000,1.000,2.000,0.000,0.000,16.000,0,0,0
B3_zmq_pushpull,zmq_tcp,none,none,,1,21148,512,584,1785153457608422000,1785153457608422000,1785153457608422000,1785153457608423000,1785153457608576000,1785153457608579000,1785153457608579000,1785153457608579000,121932490,121652369,-127.121,0.000,0.000,1.000,3.000,0.000,0.000,1.000,0,0,0
B3_zmq_pushpull,zmq_tcp,none,none,,1,21149,512,584,1785153457609392000,1785153457609392000,1785153457609392000,1785153457609393000,1785153457609549000,1785153457609551000,1785153457609551000,1785153457609551000,121932490,121652369,-124.121,0.000,0.000,1.000,2.000,0.000,0.000,3.000,0,0,0
B3_zmq_pushpull,zmq_tcp,none,none,,1,21150,512,584,1785153457610491000,1785153457610491000,1785153457610491000,1785153457610492000,1785153457610635000,1785153457610638000,1785153457610638000,1785153457610638000,121932490,121652369,-137.121,0.000,0.000,1.000,3.000,0.000,0.000,13.000,0,0,0
B3_zmq_pushpull,zmq_tcp,none,none,,1,21151,512,584,1785153457611605000,1785153457611605000,1785153457611605000,1785153457611606000,1785153457611771000,1785153457611774000,1785153457611774000,1785153457611774000,121932490,121652369,-115.121,0.000,0.000,1.000,3.000,0.000,0.000,22.000,0,0,0
B3_zmq_pushpull,zmq_tcp,none,none,,1,21152,512,584,1785153457612579000,1785153457612579000,1785153457612579000,1785153457612580000,1785153457612753000,1785153457612756000,1785153457612756000,1785153457612756000,121932490,121652369,-107.121,0.000,0.000,1.000,3.000,0.000,0.000,8.000,0,0,0
B3_zmq_pushpull,zmq_tcp,none,none,,1,21153,512,584,1785153457613585000,1785153457613585000,1785153457613585000,1785153457613586000,1785153457613725000,1785153457613729000,1785153457613729000,1785153457613729000,121932490,121652369,-141.121,0.000,0.000,1.000,4.000,0.000,0.000,34.000,0,0,0
B3_zmq_pushpull,zmq_tcp,none,none,,1,21154,512,584,1785153457614581000,1785153457614581000,1785153457614581000,1785153457614582000,1785153457614685000,1785153457614689000,1785153457614689000,1785153457614689000,121932490,121652369,-177.121,0.000,0.000,1.000,4.000,0.000,0.000,36.000,0,0,0
B3_zmq_pushpull,zmq_tcp,none,none,,1,21155,512,584,1785153457615585000,1785153457615585000,1785153457615585000,1785153457615586000,1785153457615657000,1785153457615659000,1785153457615660000,1785153457615660000,121932490,121652369,-209.121,0.000,0.000,1.000,2.000,1.000,0.000,32.000,0,0,0
B3_zmq_pushpull,zmq_tcp,none,none,,1,21156,512,584,1785153457616585000,1785153457616585000,1785153457616585000,1785153457616586000,1785153457616752000,1785153457616755000,1785153457616755000,1785153457616755000,121932490,121652369,-114.121,0.000,0.000,1.000,3.000,0.000,0.000,95.000,0,0,0
B3_zmq_pushpull,zmq_tcp,none,none,,1,21157,512,584,1785153457617442000,1785153457617442000,1785153457617442000,1785153457617443000,1785153457617590000,1785153457617593000,1785153457617593000,1785153457617593000,121932490,121652369,-133.121,0.000,0.000,1.000,3.000,0.000,0.000,19.000,0,0,0
B3_zmq_pushpull,zmq_tcp,none,none,,1,21158,512,584,1785153457618620000,1785153457618620000,1785153457618620000,1785153457618621000,1785153457618716000,1785153457618718000,1785153457618718000,1785153457618718000,121932490,121652369,-185.121,0.000,0.000,1.000,2.000,0.000,0.000,52.000,0,0,0
B3_zmq_pushpull,zmq_tcp,none,none,,1,21159,512,584,1785153457619576000,1785153457619576000,1785153457619576000,1785153457619577000,1785153457619698000,1785153457619701000,1785153457619701000,1785153457619701000,121932490,121652369,-159.121,0.000,0.000,1.000,3.000,0.000,0.000,26.000,0,0,0
B3_zmq_pushpull,zmq_tcp,none,none,,1,21160,512,584,1785153457620587000,1785153457620587000,1785153457620587000,1785153457620588000,1785153457620662000,1785153457620665000,1785153457620666000,1785153457620666000,121932490,121652369,-206.121,0.000,0.000,1.000,3.000,1.000,0.000,47.000,0,0,0
B3_zmq_pushpull,zmq_tcp,none,none,,1,21161,512,584,1785153457621583000,1785153457621583000,1785153457621583000,1785153457621584000,1785153457621641000,1785153457621643000,1785153457621644000,1785153457621644000,121932490,121652369,-223.121,0.000,0.000,1.000,2.000,1.000,0.000,17.000,0,0,0
B3_zmq_pushpull,zmq_tcp,none,none,,1,21162,512,584,1785153457622585000,1785153457622585000,1785153457622585000,1785153457622586000,1785153457622744000,1785153457622746000,1785153457622746000,1785153457622746000,121932490,121652369,-122.121,0.000,0.000,1.000,2.000,0.000,0.000,101.000,0,0,0
B3_zmq_pushpull,zmq_tcp,none,none,,1,21163,512,584,1785153457623584000,1785153457623584000,1785153457623584000,1785153457623585000,1785153457623740000,1785153457623742000,1785153457623742000,1785153457623742000,121932490,121652369,-125.121,0.000,0.000,1.000,2.000,0.000,0.000,3.000,0,0,0
B3_zmq_pushpull,zmq_tcp,none,none,,1,21164,512,584,1785153457624418000,1785153457624418000,1785153457624418000,1785153457624419000,1785153457624571000,1785153457624575000,1785153457624575000,1785153457624575000,121932490,121652369,-128.121,0.000,0.000,1.000,4.000,0.000,0.000,3.000,0,0,0
B3_zmq_pushpull,zmq_tcp,none,none,,1,21165,512,584,1785153457625627000,1785153457625627000,1785153457625627000,1785153457625628000,1785153457625708000,1785153457625711000,1785153457625711000,1785153457625711000,121932490,121652369,-200.121,0.000,0.000,1.000,3.000,0.000,0.000,72.000,0,0,0
B3_zmq_pushpull,zmq_tcp,none,none,,1,21166,512,584,1785153457626537000,1785153457626537000,1785153457626537000,1785153457626538000,1785153457626678000,1785153457626681000,1785153457626682000,1785153457626682000,121932490,121652369,-140.121,0.000,0.000,1.000,3.000,1.000,0.000,60.000,0,0,0
B3_zmq_pushpull,zmq_tcp,none,none,,1,21167,512,584,1785153457627596000,1785153457627596000,1785153457627596000,1785153457627597000,1785153457627665000,1785153457627668000,1785153457627668000,1785153457627668000,121932490,121652369,-212.121,0.000,0.000,1.000,3.000,0.000,0.000,72.000,0,0,0
B3_zmq_pushpull,zmq_tcp,none,none,,1,21168,512,584,1785153457628579000,1785153457628579000,1785153457628579000,1785153457628580000,1785153457628641000,1785153457628644000,1785153457628644000,1785153457628644000,121932490,121652369,-219.121,0.000,0.000,1.000,3.000,0.000,0.000,7.000,0,0,0
B3_zmq_pushpull,zmq_tcp,none,none,,1,21169,512,584,1785153457629585000,1785153457629585000,1785153457629585000,1785153457629586000,1785153457629629000,1785153457629632000,1785153457629632000,1785153457629633000,121932490,121652369,-237.121,0.000,0.000,1.000,3.000,0.000,1.000,18.000,0,0,0
B3_zmq_pushpull,zmq_tcp,none,none,,1,21170,512,584,1785153457630586000,1785153457630586000,1785153457630586000,1785153457630587000,1785153457630637000,1785153457630640000,1785153457630640000,1785153457630640000,121932490,121652369,-230.121,0.000,0.000,1.000,3.000,0.000,0.000,7.000,0,0,0
B3_zmq_pushpull,zmq_tcp,none,none,,1,21171,512,584,1785153457631584000,1785153457631584000,1785153457631584000,1785153457631585000,1785153457631769000,1785153457631773000,1785153457631773000,1785153457631773000,121932490,121652369,-96.121,0.000,0.000,1.000,4.000,0.000,0.000,134.000,0,0,0
B3_zmq_pushpull,zmq_tcp,none,none,,1,21172,512,584,1785153457632584000,1785153457632584000,1785153457632584000,1785153457632585000,1785153457632643000,1785153457632646000,1785153457632646000,1785153457632646000,121932490,121652369,-222.121,0.000,0.000,1.000,3.000,0.000,0.000,126.000,0,0,0
B3_zmq_pushpull,zmq_tcp,none,none,,1,21173,512,584,1785153457633472000,1785153457633472000,1785153457633472000,1785153457633473000,1785153457633632000,1785153457633634000,1785153457633634000,1785153457633634000,121932490,121652369,-121.121,0.000,0.000,1.000,2.000,0.000,0.000,101.000,0,0,0
B3_zmq_pushpull,zmq_tcp,none,none,,1,21174,512,584,1785153457634612000,1785153457634612000,1785153457634612000,1785153457634613000,1785153457634742000,1785153457634745000,1785153457634745000,1785153457634745000,121932490,121652369,-151.121,0.000,0.000,1.000,3.000,0.000,0.000,30.000,0,0,0
B3_zmq_pushpull,zmq_tcp,none,none,,1,21175,512,584,1785153457635575000,1785153457635575000,1785153457635575000,1785153457635576000,1785153457635720000,1785153457635722000,1785153457635722000,1785153457635722000,121932490,121652369,-136.121,0.000,0.000,1.000,2.000,0.000,0.000,15.000,0,0,0
B3_zmq_pushpull,zmq_tcp,none,none,,1,21176,512,584,1785153457636587000,1785153457636587000,1785153457636587000,1785153457636588000,1785153457636708000,1785153457636710000,1785153457636710000,1785153457636710000,121932490,121652369,-160.121,0.000,0.000,1.000,2.000,0.000,0.000,24.000,0,0,0
B3_zmq_pushpull,zmq_tcp,none,none,,1,21177,512,584,1785153457637584000,1785153457637584000,1785153457637584000,1785153457637585000,1785153457637694000,1785153457637697000,1785153457637697000,1785153457637697000,121932490,121652369,-171.121,0.000,0.000,1.000,3.000,0.000,0.000,11.000,0,0,0
B3_zmq_pushpull,zmq_tcp,none,none,,1,21178,512,584,1785153457638587000,1785153457638587000,1785153457638587000,1785153457638588000,1785153457638678000,1785153457638681000,1785153457638681000,1785153457638682000,121932490,121652369,-190.121,0.000,0.000,1.000,3.000,0.000,1.000,19.000,0,0,0
B3_zmq_pushpull,zmq_tcp,none,none,,1,21179,512,584,1785153457639583000,1785153457639583000,1785153457639583000,1785153457639584000,1785153457639662000,1785153457639664000,1785153457639664000,1785153457639664000,121932490,121652369,-202.121,0.000,0.000,1.000,2.000,0.000,0.000,12.000,0,0,0
B3_zmq_pushpull,zmq_tcp,none,none,,1,21180,512,584,1785153457640587000,1785153457640587000,1785153457640588000,1785153457640589000,1785153457640653000,1785153457640657000,1785153457640657000,1785153457640657000,121932490,121652369,-216.121,0.000,1.000,1.000,4.000,0.000,0.000,14.000,0,0,0
B3_zmq_pushpull,zmq_tcp,none,none,,1,21181,512,584,1785153457641584000,1785153457641584000,1785153457641584000,1785153457641585000,1785153457641633000,1785153457641638000,1785153457641638000,1785153457641638000,121932490,121652369,-232.121,0.000,0.000,1.000,5.000,0.000,0.000,16.000,0,0,0
B3_zmq_pushpull,zmq_tcp,none,none,,1,21182,512,584,1785153457642584000,1785153457642584000,1785153457642584000,1785153457642585000,1785153457642728000,1785153457642731000,1785153457642731000,1785153457642731000,121932490,121652369,-137.121,0.000,0.000,1.000,3.000,0.000,0.000,95.000,0,0,0
B3_zmq_pushpull,zmq_tcp,none,none,,1,21183,512,584,1785153457643418000,1785153457643418000,1785153457643418000,1785153457643419000,1785153457643569000,1785153457643572000,1785153457643572000,1785153457643572000,121932490,121652369,-130.121,0.000,0.000,1.000,3.000,0.000,0.000,7.000,0,0,0
B3_zmq_pushpull,zmq_tcp,none,none,,1,21184,512,584,1785153457644398000,1785153457644398000,1785153457644399000,1785153457644399000,1785153457644557000,1785153457644560000,1785153457644560000,1785153457644560000,121932490,121652369,-122.121,0.000,1.000,0.000,3.000,0.000,0.000,8.000,0,0,0
B3_zmq_pushpull,zmq_tcp,none,none,,1,21185,512,584,1785153457645394000,1785153457645394000,1785153457645394000,1785153457645395000,1785153457645552000,1785153457645554000,1785153457645554000,1785153457645554000,121932490,121652369,-123.121,0.000,0.000,1.000,2.000,0.000,0.000,1.000,0,0,0
B3_zmq_pushpull,zmq_tcp,none,none,,1,21186,512,584,1785153457646503000,1785153457646504000,1785153457646504000,1785153457646505000,1785153457646653000,1785153457646656000,1785153457646656000,1785153457646656000,121932490,121652369,-132.121,1.000,0.000,1.000,3.000,0.000,0.000,9.000,0,0,0
B3_zmq_pushpull,zmq_tcp,none,none,,1,21187,512,584,1785153457647492000,1785153457647493000,1785153457647493000,1785153457647494000,1785153457647648000,1785153457647651000,1785153457647652000,1785153457647652000,121932490,121652369,-126.121,1.000,0.000,1.000,3.000,1.000,0.000,6.000,0,0,0
B3_zmq_pushpull,zmq_tcp,none,none,,1,21188,512,584,1785153457648471000,1785153457648471000,1785153457648471000,1785153457648472000,1785153457648624000,1785153457648627000,1785153457648627000,1785153457648627000,121932490,121652369,-128.121,0.000,0.000,1.000,3.000,0.000,0.000,2.000,0,0,0
B3_zmq_pushpull,zmq_tcp,none,none,,1,21189,512,584,1785153457649442000,1785153457649442000,1785153457649442000,1785153457649443000,1785153457649594000,1785153457649597000,1785153457649597000,1785153457649597000,121932490,121652369,-129.121,0.000,0.000,1.000,3.000,0.000,0.000,1.000,0,0,0
B3_zmq_pushpull,zmq_tcp,none,none,,1,21190,512,584,1785153457650415000,1785153457650415000,1785153457650415000,1785153457650416000,1785153457650569000,1785153457650572000,1785153457650572000,1785153457650572000,121932490,121652369,-127.121,0.000,0.000,1.000,3.000,0.000,0.000,2.000,0,0,0
B3_zmq_pushpull,zmq_tcp,none,none,,1,21191,512,584,1785153457651414000,1785153457651414000,1785153457651414000,1785153457651415000,1785153457651574000,1785153457651577000,1785153457651577000,1785153457651577000,121932490,121652369,-121.121,0.000,0.000,1.000,3.000,0.000,0.000,6.000,0,0,0
B3_zmq_pushpull,zmq_tcp,none,none,,1,21192,512,584,1785153457652630000,1785153457652630000,1785153457652630000,1785153457652631000,1785153457652701000,1785153457652704000,1785153457652704000,1785153457652704000,121932490,121652369,-210.121,0.000,0.000,1.000,3.000,0.000,0.000,89.000,0,0,0
B3_zmq_pushpull,zmq_tcp,none,none,,1,21193,512,584,1785153457653573000,1785153457653574000,1785153457653574000,1785153457653575000,1785153457653664000,1785153457653667000,1785153457653667000,1785153457653667000,121932490,121652369,-191.121,1.000,0.000,1.000,3.000,0.000,0.000,19.000,0,0,0
B3_zmq_pushpull,zmq_tcp,none,none,,1,21194,512,584,1785153457654584000,1785153457654584000,1785153457654584000,1785153457654585000,1785153457654632000,1785153457654635000,1785153457654635000,1785153457654635000,121932490,121652369,-233.121,0.000,0.000,1.000,3.000,0.000,0.000,42.000,0,0,0
B3_zmq_pushpull,zmq_tcp,none,none,,1,21195,512,584,1785153457655585000,1785153457655585000,1785153457655585000,1785153457655586000,1785153457655728000,1785153457655730000,1785153457655730000,1785153457655730000,121932490,121652369,-138.121,0.000,0.000,1.000,2.000,0.000,0.000,95.000,0,0,0
B3_zmq_pushpull,zmq_tcp,none,none,,1,21196,512,584,1785153457656584000,1785153457656584000,1785153457656584000,1785153457656585000,1785153457656691000,1785153457656693000,1785153457656693000,1785153457656693000,121932490,121652369,-174.121,0.000,0.000,1.000,2.000,0.000,0.000,36.000,0,0,0
B3_zmq_pushpull,zmq_tcp,none,none,,1,21197,512,584,1785153457657582000,1785153457657582000,1785153457657582000,1785153457657583000,1785153457657671000,1785153457657673000,1785153457657673000,1785153457657673000,121932490,121652369,-192.121,0.000,0.000,1.000,2.000,0.000,0.000,18.000,0,0,0
B3_zmq_pushpull,zmq_tcp,none,none,,1,21198,512,584,1785153457658586000,1785153457658586000,1785153457658586000,1785153457658587000,1785153457658666000,1785153457658669000,1785153457658669000,1785153457658669000,121932490,121652369,-201.121,0.000,0.000,1.000,3.000,0.000,0.000,9.000,0,0,0
B3_zmq_pushpull,zmq_tcp,none,none,,1,21199,512,584,1785153457659584000,1785153457659584000,1785153457659584000,1785153457659585000,1785153457659653000,1785153457659656000,1785153457659656000,1785153457659656000,121932490,121652369,-212.121,0.000,0.000,1.000,3.000,0.000,0.000,11.000,0,0,0
B3_zmq_pushpull,zmq_tcp,none,none,,1,21200,512,584,1785153457660586000,1785153457660586000,1785153457660586000,1785153457660587000,1785153457660763000,1785153457660765000,1785153457660765000,1785153457660765000,121932490,121652369,-104.121,0.000,0.000,1.000,2.000,0.000,0.000,108.000,0,0,0
B3_zmq_pushpull,zmq_tcp,none,none,,1,21201,512,584,1785153457661582000,1785153457661582000,1785153457661582000,1785153457661583000,1785153457661747000,1785153457661750000,1785153457661750000,1785153457661750000,121932490,121652369,-116.121,0.000,0.000,1.000,3.000,0.000,0.000,12.000,0,0,0
B3_zmq_pushpull,zmq_tcp,none,none,,1,21202,512,584,1785153457662444000,1785153457662445000,1785153457662445000,1785153457662446000,1785153457662599000,1785153457662602000,1785153457662602000,1785153457662602000,121932490,121652369,-127.121,1.000,0.000,1.000,3.000,0.000,0.000,11.000,0,0,0
B3_zmq_pushpull,zmq_tcp,none,none,,1,21203,512,584,1785153457663620000,1785153457663620000,1785153457663620000,1785153457663621000,1785153457663679000,1785153457663682000,1785153457663682000,1785153457663682000,121932490,121652369,-222.121,0.000,0.000,1.000,3.000,0.000,0.000,95.000,0,0,0
B3_zmq_pushpull,zmq_tcp,none,none,,1,21204,512,584,1785153457664572000,1785153457664572000,1785153457664572000,1785153457664573000,1785153457664662000,1785153457664665000,1785153457664665000,1785153457664665000,121932490,121652369,-191.121,0.000,0.000,1.000,3.000,0.000,0.000,31.000,0,0,0
B3_zmq_pushpull,zmq_tcp,none,none,,1,21205,512,584,1785153457665589000,1785153457665589000,1785153457665589000,1785153457665590000,1785153457665763000,1785153457665765000,1785153457665765000,1785153457665765000,121932490,121652369,-107.121,0.000,0.000,1.000,2.000,0.000,0.000,84.000,0,0,0
B3_zmq_pushpull,zmq_tcp,none,none,,1,21206,512,584,1785153457666583000,1785153457666583000,1785153457666583000,1785153457666584000,1785153457666744000,1785153457666751000,1785153457666751000,1785153457666751000,121932490,121652369,-120.121,0.000,0.000,1.000,7.000,0.000,0.000,13.000,0,0,0
B3_zmq_pushpull,zmq_tcp,none,none,,1,21207,512,584,1785153457667586000,1785153457667586000,1785153457667586000,1785153457667587000,1785153457667723000,1785153457667725000,1785153457667725000,1785153457667725000,121932490,121652369,-144.121,0.000,0.000,1.000,2.000,0.000,0.000,24.000,0,0,0
B3_zmq_pushpull,zmq_tcp,none,none,,1,21208,512,584,1785153457668584000,1785153457668584000,1785153457668584000,1785153457668585000,1785153457668700000,1785153457668703000,1785153457668703000,1785153457668703000,121932490,121652369,-165.121,0.000,0.000,1.000,3.000,0.000,0.000,21.000,0,0,0
B3_zmq_pushpull,zmq_tcp,none,none,,1,21209,512,584,1785153457669585000,1785153457669585000,1785153457669585000,1785153457669586000,1785153457669660000,1785153457669663000,1785153457669663000,1785153457669663000,121932490,121652369,-206.121,0.000,0.000,1.000,3.000,0.000,0.000,41.000,0,0,0
B3_zmq_pushpull,zmq_tcp,none,none,,1,21210,512,584,1785153457670585000,1785153457670585000,1785153457670585000,1785153457670586000,1785153457670629000,1785153457670632000,1785153457670632000,1785153457670632000,121932490,121652369,-237.121,0.000,0.000,1.000,3.000,0.000,0.000,31.000,0,0,0
B3_zmq_pushpull,zmq_tcp,none,none,,1,21211,512,584,1785153457671586000,1785153457671586000,1785153457671586000,1785153457671587000,1785153457671740000,1785153457671742000,1785153457671742000,1785153457671742000,121932490,121652369,-127.121,0.000,0.000,1.000,2.000,0.000,0.000,110.000,0,0,0
B3_zmq_pushpull,zmq_tcp,none,none,,1,21212,512,584,1785153457672582000,1785153457672582000,1785153457672582000,1785153457672583000,1785153457672702000,1785153457672705000,1785153457672705000,1785153457672705000,121932490,121652369,-161.121,0.000,0.000,1.000,3.000,0.000,0.000,34.000,0,0,0
B3_zmq_pushpull,zmq_tcp,none,none,,1,21213,512,584,1785153457673536000,1785153457673536000,1785153457673537000,1785153457673537000,1785153457673696000,1785153457673704000,1785153457673704000,1785153457673704000,121932490,121652369,-121.121,0.000,1.000,0.000,8.000,0.000,0.000,40.000,0,0,0
B3_zmq_pushpull,zmq_tcp,none,none,,1,21214,512,584,1785153457674596000,1785153457674596000,1785153457674596000,1785153457674597000,1785153457674691000,1785153457674693000,1785153457674693000,1785153457674693000,121932490,121652369,-186.121,0.000,0.000,1.000,2.000,0.000,0.000,65.000,0,0,0
B3_zmq_pushpull,zmq_tcp,none,none,,1,21215,512,584,1785153457675582000,1785153457675582000,1785153457675583000,1785153457675583000,1785153457675659000,1785153457675663000,1785153457675663000,1785153457675663000,121932490,121652369,-204.121,0.000,1.000,0.000,4.000,0.000,0.000,18.000,0,0,0
B3_zmq_pushpull,zmq_tcp,none,none,,1,21216,512,584,1785153457676586000,1785153457676586000,1785153457676586000,1785153457676587000,1785153457676632000,1785153457676635000,1785153457676635000,1785153457676635000,121932490,121652369,-235.121,0.000,0.000,1.000,3.000,0.000,0.000,31.000,0,0,0
B3_zmq_pushpull,zmq_tcp,none,none,,1,21217,512,584,1785153457677470000,1785153457677470000,1785153457677470000,1785153457677471000,1785153457677623000,1785153457677625000,1785153457677625000,1785153457677625000,121932490,121652369,-128.121,0.000,0.000,1.000,2.000,0.000,0.000,107.000,0,0,0
B3_zmq_pushpull,zmq_tcp,none,none,,1,21218,512,584,1785153457678452000,1785153457678452000,1785153457678452000,1785153457678453000,1785153457678596000,1785153457678599000,1785153457678599000,1785153457678599000,121932490,121652369,-137.121,0.000,0.000,1.000,3.000,0.000,0.000,9.000,0,0,0
B3_zmq_pushpull,zmq_tcp,none,none,,1,21219,512,584,1785153457679617000,1785153457679617000,1785153457679617000,1785153457679618000,1785153457679724000,1785153457679726000,1785153457679727000,1785153457679727000,121932490,121652369,-174.121,0.000,0.000,1.000,2.000,1.000,0.000,37.000,0,0,0
B3_zmq_pushpull,zmq_tcp,none,none,,1,21220,512,584,1785153457680576000,1785153457680576000,1785153457680576000,1785153457680577000,1785153457680687000,1785153457680689000,1785153457680689000,1785153457680689000,121932490,121652369,-170.121,0.000,0.000,1.000,2.000,0.000,0.000,4.000,0,0,0
B3_zmq_pushpull,zmq_tcp,none,none,,1,21221,512,584,1785153457681589000,1785153457681589000,1785153457681589000,1785153457681590000,1785153457681671000,1785153457681674000,1785153457681674000,1785153457681674000,121932490,121652369,-199.121,0.000,0.000,1.000,3.000,0.000,0.000,29.000,0,0,0
B3_zmq_pushpull,zmq_tcp,none,none,,1,21222,512,584,1785153457682579000,1785153457682580000,1785153457682580000,1785153457682580000,1785153457682626000,1785153457682629000,1785153457682629000,1785153457682629000,121932490,121652369,-234.121,1.000,0.000,0.000,3.000,0.000,0.000,35.000,0,0,0
B3_zmq_pushpull,zmq_tcp,none,none,,1,21223,512,584,1785153457683586000,1785153457683586000,1785153457683586000,1785153457683587000,1785153457683747000,1785153457683749000,1785153457683749000,1785153457683749000,121932490,121652369,-120.121,0.000,0.000,1.000,2.000,0.000,0.000,114.000,0,0,0
B3_zmq_pushpull,zmq_tcp,none,none,,1,21224,512,584,1785153457684584000,1785153457684585000,1785153457684585000,1785153457684586000,1785153457684727000,1785153457684730000,1785153457684730000,1785153457684730000,121932490,121652369,-139.121,1.000,0.000,1.000,3.000,0.000,0.000,19.000,0,0,0
B3_zmq_pushpull,zmq_tcp,none,none,,1,21225,512,584,1785153457685411000,1785153457685411000,1785153457685411000,1785153457685412000,1785153457685563000,1785153457685565000,1785153457685565000,1785153457685565000,121932490,121652369,-129.121,0.000,0.000,1.000,2.000,0.000,0.000,10.000,0,0,0
B3_zmq_pushpull,zmq_tcp,none,none,,1,21226,512,584,1785153457686394000,1785153457686394000,1785153457686394000,1785153457686395000,1785153457686555000,1785153457686557000,1785153457686557000,1785153457686557000,121932490,121652369,-120.121,0.000,0.000,1.000,2.000,0.000,0.000,9.000,0,0,0
B3_zmq_pushpull,zmq_tcp,none,none,,1,21227,512,584,1785153457687634000,1785153457687635000,1785153457687635000,1785153457687636000,1785153457687800000,1785153457687803000,1785153457687803000,1785153457687803000,121932490,121652369,-116.121,1.000,0.000,1.000,3.000,0.000,0.000,4.000,0,0,0
B3_zmq_pushpull,zmq_tcp,none,none,,1,21228,512,584,1785153457688572000,1785153457688572000,1785153457688572000,1785153457688573000,1785153457688649000,1785153457688652000,1785153457688652000,1785153457688652000,121932490,121652369,-204.121,0.000,0.000,1.000,3.000,0.000,0.000,88.000,0,0,0
B3_zmq_pushpull,zmq_tcp,none,none,,1,21229,512,584,1785153457689479000,1785153457689479000,1785153457689479000,1785153457689481000,1785153457689623000,1785153457689625000,1785153457689625000,1785153457689625000,121932490,121652369,-138.121,0.000,0.000,2.000,2.000,0.000,0.000,66.000,0,0,0
B3_zmq_pushpull,zmq_tcp,none,none,,1,21230,512,584,1785153457690611000,1785153457690611000,1785153457690611000,1785153457690612000,1785153457690727000,1785153457690729000,1785153457690729000,1785153457690729000,121932490,121652369,-165.121,0.000,0.000,1.000,2.000,0.000,0.000,27.000,0,0,0
B3_zmq_pushpull,zmq_tcp,none,none,,1,21231,512,584,1785153457691578000,1785153457691578000,1785153457691578000,1785153457691579000,1785153457691708000,1785153457691711000,1785153457691711000,1785153457691711000,121932490,121652369,-151.121,0.000,0.000,1.000,3.000,0.000,0.000,14.000,0,0,0
B3_zmq_pushpull,zmq_tcp,none,none,,1,21232,512,584,1785153457692583000,1785153457692583000,1785153457692583000,1785153457692584000,1785153457692682000,1785153457692685000,1785153457692685000,1785153457692685000,121932490,121652369,-182.121,0.000,0.000,1.000,3.000,0.000,0.000,31.000,0,0,0
B3_zmq_pushpull,zmq_tcp,none,none,,1,21233,512,584,1785153457693588000,1785153457693588000,1785153457693588000,1785153457693589000,1785153457693652000,1785153457693655000,1785153457693655000,1785153457693655000,121932490,121652369,-217.121,0.000,0.000,1.000,3.000,0.000,0.000,35.000,0,0,0
B3_zmq_pushpull,zmq_tcp,none,none,,1,21234,512,584,1785153457694584000,1785153457694584000,1785153457694584000,1785153457694585000,1785153457694776000,1785153457694779000,1785153457694779000,1785153457694779000,121932490,121652369,-89.121,0.000,0.000,1.000,3.000,0.000,0.000,128.000,0,0,0
B3_zmq_pushpull,zmq_tcp,none,none,,1,21235,512,584,1785153457695586000,1785153457695586000,1785153457695586000,1785153457695587000,1785153457695775000,1785153457695777000,1785153457695777000,1785153457695777000,121932490,121652369,-92.121,0.000,0.000,1.000,2.000,0.000,0.000,3.000,0,0,0
B3_zmq_pushpull,zmq_tcp,none,none,,1,21236,512,584,1785153457696585000,1785153457696585000,1785153457696585000,1785153457696586000,1785153457696748000,1785153457696751000,1785153457696751000,1785153457696751000,121932490,121652369,-118.121,0.000,0.000,1.000,3.000,0.000,0.000,26.000,0,0,0
B3_zmq_pushpull,zmq_tcp,none,none,,1,21237,512,584,1785153457697585000,1785153457697585000,1785153457697585000,1785153457697586000,1785153457697725000,1785153457697728000,1785153457697728000,1785153457697728000,121932490,121652369,-141.121,0.000,0.000,1.000,3.000,0.000,0.000,23.000,0,0,0
B3_zmq_pushpull,zmq_tcp,none,none,,1,21238,512,584,1785153457698582000,1785153457698582000,1785153457698582000,1785153457698583000,1785153457698704000,1785153457698707000,1785153457698707000,1785153457698707000,121932490,121652369,-159.121,0.000,0.000,1.000,3.000,0.000,0.000,18.000,0,0,0
B3_zmq_pushpull,zmq_tcp,none,none,,1,21239,512,584,1785153457699586000,1785153457699586000,1785153457699586000,1785153457699587000,1785153457699684000,1785153457699687000,1785153457699687000,1785153457699687000,121932490,121652369,-183.121,0.000,0.000,1.000,3.000,0.000,0.000,24.000,0,0,0
B3_zmq_pushpull,zmq_tcp,none,none,,1,21240,512,584,1785153457700587000,1785153457700587000,1785153457700587000,1785153457700588000,1785153457700683000,1785153457700685000,1785153457700685000,1785153457700685000,121932490,121652369,-185.121,0.000,0.000,1.000,2.000,0.000,0.000,2.000,0,0,0
B3_zmq_pushpull,zmq_tcp,none,none,,1,21241,512,584,1785153457701587000,1785153457701587000,1785153457701587000,1785153457701588000,1785153457701648000,1785153457701651000,1785153457701651000,1785153457701651000,121932490,121652369,-220.121,0.000,0.000,1.000,3.000,0.000,0.000,35.000,0,0,0
B3_zmq_pushpull,zmq_tcp,none,none,,1,21242,512,584,1785153457702584000,1785153457702584000,1785153457702584000,1785153457702585000,1785153457702646000,1785153457702649000,1785153457702649000,1785153457702649000,121932490,121652369,-219.121,0.000,0.000,1.000,3.000,0.000,0.000,1.000,0,0,0
B3_zmq_pushpull,zmq_tcp,none,none,,1,21243,512,584,1785153457703584000,1785153457703585000,1785153457703585000,1785153457703585000,1785153457703753000,1785153457703756000,1785153457703756000,1785153457703756000,121932490,121652369,-112.121,1.000,0.000,0.000,3.000,0.000,0.000,107.000,0,0,0
B3_zmq_pushpull,zmq_tcp,none,none,,1,21244,512,584,1785153457704585000,1785153457704585000,1785153457704585000,1785153457704586000,1785153457704731000,1785153457704734000,1785153457704734000,1785153457704734000,121932490,121652369,-135.121,0.000,0.000,1.000,3.000,0.000,0.000,23.000,0,0,0
B3_zmq_pushpull,zmq_tcp,none,none,,1,21245,512,584,1785153457705582000,1785153457705582000,1785153457705582000,1785153457705583000,1785153457705720000,1785153457705723000,1785153457705723000,1785153457705723000,121932490,121652369,-143.121,0.000,0.000,1.000,3.000,0.000,0.000,8.000,0,0,0
B3_zmq_pushpull,zmq_tcp,none,none,,1,21246,512,584,1785153457706406000,1785153457706406000,1785153457706406000,1785153457706407000,1785153457706555000,1785153457706557000,1785153457706557000,1785153457706557000,121932490,121652369,-132.121,0.000,0.000,1.000,2.000,0.000,0.000,11.000,0,0,0
B3_zmq_pushpull,zmq_tcp,none,none,,1,21247,512,584,1785153457707631000,1785153457707631000,1785153457707631000,1785153457707632000,1785153457707795000,1785153457707798000,1785153457707798000,1785153457707798000,121932490,121652369,-117.121,0.000,0.000,1.000,3.000,0.000,0.000,15.000,0,0,0
B3_zmq_pushpull,zmq_tcp,none,none,,1,21248,512,584,1785153457708572000,1785153457708572000,1785153457708573000,1785153457708573000,1785153457708639000,1785153457708641000,1785153457708641000,1785153457708642000,121932490,121652369,-214.121,0.000,1.000,0.000,2.000,0.000,1.000,97.000,0,0,0
B3_zmq_pushpull,zmq_tcp,none,none,,1,21249,512,584,1785153457709591000,1785153457709591000,1785153457709591000,1785153457709592000,1785153457709760000,1785153457709763000,1785153457709763000,1785153457709763000,121932490,121652369,-112.121,0.000,0.000,1.000,3.000,0.000,0.000,102.000,0,0,0
B3_zmq_pushpull,zmq_tcp,none,none,,1,21250,512,584,1785153457710583000,1785153457710583000,1785153457710583000,1785153457710584000,1785153457710743000,1785153457710746000,1785153457710746000,1785153457710746000,121932490,121652369,-121.121,0.000,0.000,1.000,3.000,0.000,0.000,9.000,0,0,0
B3_zmq_pushpull,zmq_tcp,none,none,,1,21251,512,584,1785153457711585000,1785153457711585000,1785153457711585000,1785153457711586000,1785153457711723000,1785153457711726000,1785153457711726000,1785153457711726000,121932490,121652369,-143.121,0.000,0.000,1.000,3.000,0.000,0.000,22.000,0,0,0
B3_zmq_pushpull,zmq_tcp,none,none,,1,21252,512,584,1785153457712582000,1785153457712582000,1785153457712582000,1785153457712583000,1785153457712674000,1785153457712676000,1785153457712676000,1785153457712676000,121932490,121652369,-189.121,0.000,0.000,1.000,2.000,0.000,0.000,46.000,0,0,0
B3_zmq_pushpull,zmq_tcp,none,none,,1,21253,512,584,1785153457713591000,1785153457713591000,1785153457713591000,1785153457713592000,1785153457713649000,1785153457713652000,1785153457713652000,1785153457713652000,121932490,121652369,-223.121,0.000,0.000,1.000,3.000,0.000,0.000,34.000,0,0,0
B3_zmq_pushpull,zmq_tcp,none,none,,1,21254,512,584,1785153457714583000,1785153457714583000,1785153457714583000,1785153457714584000,1785153457714760000,1785153457714763000,1785153457714763000,1785153457714763000,121932490,121652369,-104.121,0.000,0.000,1.000,3.000,0.000,0.000,119.000,0,0,0
B3_zmq_pushpull,zmq_tcp,none,none,,1,21255,512,584,1785153457715586000,1785153457715586000,1785153457715586000,1785153457715587000,1785153457715742000,1785153457715744000,1785153457715744000,1785153457715744000,121932490,121652369,-125.121,0.000,0.000,1.000,2.000,0.000,0.000,21.000,0,0,0
B3_zmq_pushpull,zmq_tcp,none,none,,1,21256,512,584,1785153457716421000,1785153457716422000,1785153457716422000,1785153457716423000,1785153457716581000,1785153457716584000,1785153457716584000,1785153457716584000,121932490,121652369,-122.121,1.000,0.000,1.000,3.000,0.000,0.000,3.000,0,0,0
B3_zmq_pushpull,zmq_tcp,none,none,,1,21257,512,584,1785153457717626000,1785153457717626000,1785153457717626000,1785153457717627000,1785153457717699000,1785153457717702000,1785153457717702000,1785153457717702000,121932490,121652369,-208.121,0.000,0.000,1.000,3.000,0.000,0.000,86.000,0,0,0
B3_zmq_pushpull,zmq_tcp,none,none,,1,21258,512,584,1785153457718575000,1785153457718575000,1785153457718575000,1785153457718576000,1785153457718667000,1785153457718670000,1785153457718670000,1785153457718670000,121932490,121652369,-189.121,0.000,0.000,1.000,3.000,0.000,0.000,19.000,0,0,0
B3_zmq_pushpull,zmq_tcp,none,none,,1,21259,512,584,1785153457719588000,1785153457719588000,1785153457719589000,1785153457719589000,1785153457719646000,1785153457719650000,1785153457719650000,1785153457719650000,121932490,121652369,-223.121,0.000,1.000,0.000,4.000,0.000,0.000,34.000,0,0,0
B3_zmq_pushpull,zmq_tcp,none,none,,1,21260,512,584,1785153457720581000,1785153457720581000,1785153457720582000,1785153457720582000,1785153457720630000,1785153457720633000,1785153457720633000,1785153457720633000,121932490,121652369,-232.121,0.000,1.000,0.000,3.000,0.000,0.000,9.000,0,0,0
B3_zmq_pushpull,zmq_tcp,none,none,,1,21261,512,584,1785153457721588000,1785153457721588000,1785153457721588000,1785153457721589000,1785153457721755000,1785153457721762000,1785153457721762000,1785153457721762000,121932490,121652369,-114.121,0.000,0.000,1.000,7.000,0.000,0.000,118.000,0,0,0
B3_zmq_pushpull,zmq_tcp,none,none,,1,21262,512,584,1785153457722586000,1785153457722586000,1785153457722586000,1785153457722587000,1785153457722746000,1785153457722749000,1785153457722749000,1785153457722749000,121932490,121652369,-121.121,0.000,0.000,1.000,3.000,0.000,0.000,7.000,0,0,0
B3_zmq_pushpull,zmq_tcp,none,none,,1,21263,512,584,1785153457723428000,1785153457723428000,1785153457723428000,1785153457723430000,1785153457723578000,1785153457723580000,1785153457723580000,1785153457723580000,121932490,121652369,-132.121,0.000,0.000,2.000,2.000,0.000,0.000,11.000,0,0,0
B3_zmq_pushpull,zmq_tcp,none,none,,1,21264,512,584,1785153457724623000,1785153457724623000,1785153457724623000,1785153457724624000,1785153457724691000,1785153457724694000,1785153457724694000,1785153457724694000,121932490,121652369,-213.121,0.000,0.000,1.000,3.000,0.000,0.000,81.000,0,0,0
B3_zmq_pushpull,zmq_tcp,none,none,,1,21265,512,584,1785153457725575000,1785153457725575000,1785153457725575000,1785153457725576000,1785153457725679000,1785153457725681000,1785153457725682000,1785153457725682000,121932490,121652369,-177.121,0.000,0.000,1.000,2.000,1.000,0.000,36.000,0,0,0
B3_zmq_pushpull,zmq_tcp,none,none,,1,21266,512,584,1785153457726589000,1785153457726589000,1785153457726589000,1785153457726590000,1785153457726651000,1785153457726653000,1785153457726654000,1785153457726654000,121932490,121652369,-219.121,0.000,0.000,1.000,2.000,1.000,0.000,42.000,0,0,0
B3_zmq_pushpull,zmq_tcp,none,none,,1,21267,512,584,1785153457727581000,1785153457727581000,1785153457727581000,1785153457727582000,1785153457727756000,1785153457727759000,1785153457727759000,1785153457727759000,121932490,121652369,-106.121,0.000,0.000,1.000,3.000,0.000,0.000,113.000,0,0,0
B3_zmq_pushpull,zmq_tcp,none,none,,1,21268,512,584,1785153457728588000,1785153457728588000,1785153457728589000,1785153457728589000,1785153457728749000,1785153457728752000,1785153457728752000,1785153457728752000,121932490,121652369,-120.121,0.000,1.000,0.000,3.000,0.000,0.000,14.000,0,0,0
B3_zmq_pushpull,zmq_tcp,none,none,,1,21269,512,584,1785153457729583000,1785153457729583000,1785153457729583000,1785153457729584000,1785153457729713000,1785153457729716000,1785153457729716000,1785153457729716000,121932490,121652369,-151.121,0.000,0.000,1.000,3.000,0.000,0.000,31.000,0,0,0
B3_zmq_pushpull,zmq_tcp,none,none,,1,21270,512,584,1785153457730585000,1785153457730585000,1785153457730585000,1785153457730586000,1785153457730692000,1785153457730694000,1785153457730694000,1785153457730694000,121932490,121652369,-174.121,0.000,0.000,1.000,2.000,0.000,0.000,23.000,0,0,0
B3_zmq_pushpull,zmq_tcp,none,none,,1,21271,512,584,1785153457731584000,1785153457731585000,1785153457731585000,1785153457731586000,1785153457731671000,1785153457731674000,1785153457731674000,1785153457731674000,121932490,121652369,-195.121,1.000,0.000,1.000,3.000,0.000,0.000,21.000,0,0,0
B3_zmq_pushpull,zmq_tcp,none,none,,1,21272,512,584,1785153457732586000,1785153457732586000,1785153457732586000,1785153457732587000,1785153457732637000,1785153457732640000,1785153457732640000,1785153457732640000,121932490,121652369,-230.121,0.000,0.000,1.000,3.000,0.000,0.000,35.000,0,0,0
B3_zmq_pushpull,zmq_tcp,none,none,,1,21273,512,584,1785153457733585000,1785153457733585000,1785153457733585000,1785153457733586000,1785153457733755000,1785153457733757000,1785153457733757000,1785153457733757000,121932490,121652369,-111.121,0.000,0.000,1.000,2.000,0.000,0.000,119.000,0,0,0
B3_zmq_pushpull,zmq_tcp,none,none,,1,21274,512,584,1785153457734590000,1785153457734590000,1785153457734590000,1785153457734591000,1785153457734754000,1785153457734756000,1785153457734756000,1785153457734756000,121932490,121652369,-117.121,0.000,0.000,1.000,2.000,0.000,0.000,6.000,0,0,0
B3_zmq_pushpull,zmq_tcp,none,none,,1,21275,512,584,1785153457735458000,1785153457735458000,1785153457735458000,1785153457735459000,1785153457735618000,1785153457735626000,1785153457735626000,1785153457735626000,121932490,121652369,-121.121,0.000,0.000,1.000,8.000,0.000,0.000,4.000,0,0,0
B3_zmq_pushpull,zmq_tcp,none,none,,1,21276,512,584,1785153457736438000,1785153457736439000,1785153457736439000,1785153457736440000,1785153457736598000,1785153457736600000,1785153457736600000,1785153457736600000,121932490,121652369,-122.121,1.000,0.000,1.000,2.000,0.000,0.000,1.000,0,0,0
B3_zmq_pushpull,zmq_tcp,none,none,,1,21277,512,584,1785153457737430000,1785153457737431000,1785153457737431000,1785153457737432000,1785153457737588000,1785153457737591000,1785153457737591000,1785153457737591000,121932490,121652369,-124.121,1.000,0.000,1.000,3.000,0.000,0.000,2.000,0,0,0
B3_zmq_pushpull,zmq_tcp,none,none,,1,21278,512,584,1785153457738623000,1785153457738623000,1785153457738624000,1785153457738625000,1785153457738689000,1785153457738692000,1785153457738692000,1785153457738692000,121932490,121652369,-216.121,0.000,1.000,1.000,3.000,0.000,0.000,92.000,0,0,0
B3_zmq_pushpull,zmq_tcp,none,none,,1,21279,512,584,1785153457739572000,1785153457739573000,1785153457739573000,1785153457739574000,1785153457739675000,1785153457739678000,1785153457739678000,1785153457739678000,121932490,121652369,-179.121,1.000,0.000,1.000,3.000,0.000,0.000,37.000,0,0,0
B3_zmq_pushpull,zmq_tcp,none,none,,1,21280,512,584,1785153457740508000,1785153457740508000,1785153457740508000,1785153457740509000,1785153457740658000,1785153457740660000,1785153457740660000,1785153457740660000,121932490,121652369,-131.121,0.000,0.000,1.000,2.000,0.000,0.000,48.000,0,0,0
B3_zmq_pushpull,zmq_tcp,none,none,,1,21281,512,584,1785153457741489000,1785153457741489000,1785153457741489000,1785153457741490000,1785153457741646000,1785153457741648000,1785153457741648000,1785153457741648000,121932490,121652369,-124.121,0.000,0.000,1.000,2.000,0.000,0.000,7.000,0,0,0
B3_zmq_pushpull,zmq_tcp,none,none,,1,21282,512,584,1785153457742480000,1785153457742480000,1785153457742480000,1785153457742481000,1785153457742628000,1785153457742631000,1785153457742631000,1785153457742631000,121932490,121652369,-133.121,0.000,0.000,1.000,3.000,0.000,0.000,9.000,0,0,0
B3_zmq_pushpull,zmq_tcp,none,none,,1,21283,512,584,1785153457743610000,1785153457743610000,1785153457743610000,1785153457743611000,1785153457743752000,1785153457743755000,1785153457743755000,1785153457743755000,121932490,121652369,-139.121,0.000,0.000,1.000,3.000,0.000,0.000,6.000,0,0,0
B3_zmq_pushpull,zmq_tcp,none,none,,1,21284,512,584,1785153457744579000,1785153457744580000,1785153457744580000,1785153457744581000,1785153457744718000,1785153457744721000,1785153457744721000,1785153457744721000,121932490,121652369,-143.121,1.000,0.000,1.000,3.000,0.000,0.000,4.000,0,0,0
B3_zmq_pushpull,zmq_tcp,none,none,,1,21285,512,584,1785153457745586000,1785153457745586000,1785153457745586000,1785153457745587000,1785153457745703000,1785153457745706000,1785153457745706000,1785153457745706000,121932490,121652369,-164.121,0.000,0.000,1.000,3.000,0.000,0.000,21.000,0,0,0
B3_zmq_pushpull,zmq_tcp,none,none,,1,21286,512,584,1785153457746582000,1785153457746582000,1785153457746582000,1785153457746583000,1785153457746670000,1785153457746672000,1785153457746672000,1785153457746672000,121932490,121652369,-193.121,0.000,0.000,1.000,2.000,0.000,0.000,29.000,0,0,0
B3_zmq_pushpull,zmq_tcp,none,none,,1,21287,512,584,1785153457747586000,1785153457747586000,1785153457747586000,1785153457747587000,1785153457747632000,1785153457747636000,1785153457747636000,1785153457747636000,121932490,121652369,-235.121,0.000,0.000,1.000,4.000,0.000,0.000,42.000,0,0,0
B3_zmq_pushpull,zmq_tcp,none,none,,1,21288,512,584,1785153457748587000,1785153457748587000,1785153457748587000,1785153457748588000,1785153457748770000,1785153457748774000,1785153457748774000,1785153457748774000,121932490,121652369,-98.121,0.000,0.000,1.000,4.000,0.000,0.000,137.000,0,0,0
B3_zmq_pushpull,zmq_tcp,none,none,,1,21289,512,584,1785153457749582000,1785153457749582000,1785153457749582000,1785153457749583000,1785153457749736000,1785153457749739000,1785153457749739000,1785153457749739000,121932490,121652369,-127.121,0.000,0.000,1.000,3.000,0.000,0.000,29.000,0,0,0
B3_zmq_pushpull,zmq_tcp,none,none,,1,21290,512,584,1785153457750587000,1785153457750587000,1785153457750587000,1785153457750588000,1785153457750712000,1785153457750715000,1785153457750715000,1785153457750715000,121932490,121652369,-156.121,0.000,0.000,1.000,3.000,0.000,0.000,29.000,0,0,0
B3_zmq_pushpull,zmq_tcp,none,none,,1,21291,512,584,1785153457751585000,1785153457751585000,1785153457751585000,1785153457751586000,1785153457751690000,1785153457751692000,1785153457751693000,1785153457751693000,121932490,121652369,-176.121,0.000,0.000,1.000,2.000,1.000,0.000,20.000,0,0,0
B3_zmq_pushpull,zmq_tcp,none,none,,1,21292,512,584,1785153457752585000,1785153457752585000,1785153457752585000,1785153457752586000,1785153457752656000,1785153457752659000,1785153457752659000,1785153457752659000,121932490,121652369,-210.121,0.000,0.000,1.000,3.000,0.000,0.000,34.000,0,0,0
B3_zmq_pushpull,zmq_tcp,none,none,,1,21293,512,584,1785153457753582000,1785153457753582000,1785153457753582000,1785153457753583000,1785153457753631000,1785153457753634000,1785153457753634000,1785153457753634000,121932490,121652369,-232.121,0.000,0.000,1.000,3.000,0.000,0.000,22.000,0,0,0
B3_zmq_pushpull,zmq_tcp,none,none,,1,21294,512,584,1785153457754586000,1785153457754586000,1785153457754586000,1785153457754587000,1785153457754752000,1785153457754755000,1785153457754755000,1785153457754755000,121932490,121652369,-115.121,0.000,0.000,1.000,3.000,0.000,0.000,117.000,0,0,0
B3_zmq_pushpull,zmq_tcp,none,none,,1,21295,512,584,1785153457755585000,1785153457755585000,1785153457755585000,1785153457755586000,1785153457755754000,1785153457755756000,1785153457755756000,1785153457755756000,121932490,121652369,-112.121,0.000,0.000,1.000,2.000,0.000,0.000,3.000,0,0,0
B3_zmq_pushpull,zmq_tcp,none,none,,1,21296,512,584,1785153457756585000,1785153457756585000,1785153457756585000,1785153457756586000,1785153457756736000,1785153457756739000,1785153457756739000,1785153457756739000,121932490,121652369,-130.121,0.000,0.000,1.000,3.000,0.000,0.000,18.000,0,0,0
B3_zmq_pushpull,zmq_tcp,none,none,,1,21297,512,584,1785153457757583000,1785153457757583000,1785153457757583000,1785153457757584000,1785153457757715000,1785153457757718000,1785153457757718000,1785153457757718000,121932490,121652369,-149.121,0.000,0.000,1.000,3.000,0.000,0.000,19.000,0,0,0
B3_zmq_pushpull,zmq_tcp,none,none,,1,21298,512,584,1785153457758588000,1785153457758588000,1785153457758588000,1785153457758589000,1785153457758714000,1785153457758716000,1785153457758716000,1785153457758716000,121932490,121652369,-155.121,0.000,0.000,1.000,2.000,0.000,0.000,6.000,0,0,0
B3_zmq_pushpull,zmq_tcp,none,none,,1,21299,512,584,1785153457759583000,1785153457759583000,1785153457759583000,1785153457759584000,1785153457759683000,1785153457759686000,1785153457759686000,1785153457759686000,121932490,121652369,-181.121,0.000,0.000,1.000,3.000,0.000,0.000,26.000,0,0,0
B3_zmq_pushpull,zmq_tcp,none,none,,1,21300,512,584,1785153457760513000,1785153457760513000,1785153457760513000,1785153457760514000,1785153457760667000,1785153457760670000,1785153457760670000,1785153457760670000,121932490,121652369,-127.121,0.000,0.000,1.000,3.000,0.000,0.000,54.000,0,0,0
B3_zmq_pushpull,zmq_tcp,none,none,,1,21301,512,584,1785153457761496000,1785153457761496000,1785153457761496000,1785153457761497000,1785153457761647000,1785153457761650000,1785153457761650000,1785153457761650000,121932490,121652369,-130.121,0.000,0.000,1.000,3.000,0.000,0.000,3.000,0,0,0
B3_zmq_pushpull,zmq_tcp,none,none,,1,21302,512,584,1785153457762610000,1785153457762610000,1785153457762610000,1785153457762611000,1785153457762758000,1785153457762761000,1785153457762761000,1785153457762761000,121932490,121652369,-133.121,0.000,0.000,1.000,3.000,0.000,0.000,3.000,0,0,0
B3_zmq_pushpull,zmq_tcp,none,none,,1,21303,512,584,1785153457763581000,1785153457763581000,1785153457763581000,1785153457763582000,1785153457763728000,1785153457763731000,1785153457763731000,1785153457763731000,121932490,121652369,-134.121,0.000,0.000,1.000,3.000,0.000,0.000,1.000,0,0,0
B3_zmq_pushpull,zmq_tcp,none,none,,1,21304,512,584,1785153457764586000,1785153457764586000,1785153457764586000,1785153457764587000,1785153457764708000,1785153457764711000,1785153457764711000,1785153457764711000,121932490,121652369,-159.121,0.000,0.000,1.000,3.000,0.000,0.000,25.000,0,0,0
B3_zmq_pushpull,zmq_tcp,none,none,,1,21305,512,584,1785153457765585000,1785153457765585000,1785153457765585000,1785153457765586000,1785153457765669000,1785153457765671000,1785153457765671000,1785153457765671000,121932490,121652369,-197.121,0.000,0.000,1.000,2.000,0.000,0.000,38.000,0,0,0
B3_zmq_pushpull,zmq_tcp,none,none,,1,21306,512,584,1785153457766585000,1785153457766585000,1785153457766585000,1785153457766586000,1785153457766660000,1785153457766665000,1785153457766665000,1785153457766665000,121932490,121652369,-206.121,0.000,0.000,1.000,5.000,0.000,0.000,9.000,0,0,0
B3_zmq_pushpull,zmq_tcp,none,none,,1,21307,512,584,1785153457767582000,1785153457767582000,1785153457767582000,1785153457767583000,1785153457767638000,1785153457767640000,1785153457767640000,1785153457767640000,121932490,121652369,-225.121,0.000,0.000,1.000,2.000,0.000,0.000,19.000,0,0,0
B3_zmq_pushpull,zmq_tcp,none,none,,1,21308,512,584,1785153457768587000,1785153457768587000,1785153457768587000,1785153457768588000,1785153457768734000,1785153457768736000,1785153457768736000,1785153457768736000,121932490,121652369,-134.121,0.000,0.000,1.000,2.000,0.000,0.000,91.000,0,0,0
B3_zmq_pushpull,zmq_tcp,none,none,,1,21309,512,584,1785153457769417000,1785153457769417000,1785153457769417000,1785153457769418000,1785153457769575000,1785153457769578000,1785153457769578000,1785153457769578000,121932490,121652369,-123.121,0.000,0.000,1.000,3.000,0.000,0.000,11.000,0,0,0
B3_zmq_pushpull,zmq_tcp,none,none,,1,21310,512,584,1785153457770630000,1785153457770630000,1785153457770630000,1785153457770631000,1785153457770820000,1785153457770823000,1785153457770823000,1785153457770823000,121932490,121652369,-91.121,0.000,0.000,1.000,3.000,0.000,0.000,32.000,0,0,0
B3_zmq_pushpull,zmq_tcp,none,none,,1,21311,512,584,1785153457771508000,1785153457771509000,1785153457771509000,1785153457771510000,1785153457771657000,1785153457771660000,1785153457771660000,1785153457771660000,121932490,121652369,-133.121,1.000,0.000,1.000,3.000,0.000,0.000,42.000,0,0,0
B3_zmq_pushpull,zmq_tcp,none,none,,1,21312,512,584,1785153457772495000,1785153457772495000,1785153457772495000,1785153457772496000,1785153457772644000,1785153457772647000,1785153457772647000,1785153457772647000,121932490,121652369,-132.121,0.000,0.000,1.000,3.000,0.000,0.000,1.000,0,0,0
B3_zmq_pushpull,zmq_tcp,none,none,,1,21313,512,584,1785153457773608000,1785153457773608000,1785153457773608000,1785153457773609000,1785153457773748000,1785153457773751000,1785153457773751000,1785153457773751000,121932490,121652369,-141.121,0.000,0.000,1.000,3.000,0.000,0.000,9.000,0,0,0
B3_zmq_pushpull,zmq_tcp,none,none,,1,21314,512,584,1785153457774579000,1785153457774580000,1785153457774580000,1785153457774581000,1785153457774708000,1785153457774711000,1785153457774711000,1785153457774711000,121932490,121652369,-153.121,1.000,0.000,1.000,3.000,0.000,0.000,12.000,0,0,0
B3_zmq_pushpull,zmq_tcp,none,none,,1,21315,512,584,1785153457775583000,1785153457775583000,1785153457775584000,1785153457775584000,1785153457775703000,1785153457775706000,1785153457775706000,1785153457775706000,121932490,121652369,-161.121,0.000,1.000,0.000,3.000,0.000,0.000,8.000,0,0,0
B3_zmq_pushpull,zmq_tcp,none,none,,1,21316,512,584,1785153457776588000,1785153457776588000,1785153457776588000,1785153457776589000,1785153457776676000,1785153457776679000,1785153457776679000,1785153457776679000,121932490,121652369,-193.121,0.000,0.000,1.000,3.000,0.000,0.000,32.000,0,0,0
B3_zmq_pushpull,zmq_tcp,none,none,,1,21317,512,584,1785153457777583000,1785153457777583000,1785153457777584000,1785153457777584000,1785153457777657000,1785153457777659000,1785153457777659000,1785153457777659000,121932490,121652369,-207.121,0.000,1.000,0.000,2.000,0.000,0.000,14.000,0,0,0
B3_zmq_pushpull,zmq_tcp,none,none,,1,21318,512,584,1785153457778589000,1785153457778590000,1785153457778590000,1785153457778591000,1785153457778639000,1785153457778642000,1785153457778642000,1785153457778642000,121932490,121652369,-232.121,1.000,0.000,1.000,3.000,0.000,0.000,25.000,0,0,0
B3_zmq_pushpull,zmq_tcp,none,none,,1,21319,512,584,1785153457779583000,1785153457779584000,1785153457779584000,1785153457779585000,1785153457779769000,1785153457779771000,1785153457779771000,1785153457779771000,121932490,121652369,-96.121,1.000,0.000,1.000,2.000,0.000,0.000,136.000,0,0,0
B3_zmq_pushpull,zmq_tcp,none,none,,1,21320,512,584,1785153457780585000,1785153457780585000,1785153457780585000,1785153457780586000,1785153457780740000,1785153457780743000,1785153457780743000,1785153457780743000,121932490,121652369,-126.121,0.000,0.000,1.000,3.000,0.000,0.000,30.000,0,0,0
B3_zmq_pushpull,zmq_tcp,none,none,,1,21321,512,584,1785153457781582000,1785153457781582000,1785153457781582000,1785153457781583000,1785153457781707000,1785153457781710000,1785153457781710000,1785153457781710000,121932490,121652369,-156.121,0.000,0.000,1.000,3.000,0.000,0.000,30.000,0,0,0
B3_zmq_pushpull,zmq_tcp,none,none,,1,21322,512,584,1785153457782586000,1785153457782586000,1785153457782586000,1785153457782587000,1785153457782680000,1785153457782682000,1785153457782682000,1785153457782682000,121932490,121652369,-187.121,0.000,0.000,1.000,2.000,0.000,0.000,31.000,0,0,0
B3_zmq_pushpull,zmq_tcp,none,none,,1,21323,512,584,1785153457783585000,1785153457783585000,1785153457783585000,1785153457783586000,1785153457783667000,1785153457783670000,1785153457783671000,1785153457783671000,121932490,121652369,-199.121,0.000,0.000,1.000,3.000,1.000,0.000,12.000,0,0,0
B3_zmq_pushpull,zmq_tcp,none,none,,1,21324,512,584,1785153457784587000,1785153457784587000,1785153457784587000,1785153457784588000,1785153457784767000,1785153457784770000,1785153457784770000,1785153457784770000,121932490,121652369,-101.121,0.000,0.000,1.000,3.000,0.000,0.000,98.000,0,0,0
B3_zmq_pushpull,zmq_tcp,none,none,,1,21325,512,584,1785153457785581000,1785153457785581000,1785153457785581000,1785153457785582000,1785153457785743000,1785153457785746000,1785153457785746000,1785153457785746000,121932490,121652369,-119.121,0.000,0.000,1.000,3.000,0.000,0.000,18.000,0,0,0
B3_zmq_pushpull,zmq_tcp,none,none,,1,21326,512,584,1785153457786431000,1785153457786432000,1785153457786432000,1785153457786433000,1785153457786591000,1785153457786594000,1785153457786594000,1785153457786594000,121932490,121652369,-122.121,1.000,0.000,1.000,3.000,0.000,0.000,3.000,0,0,0
B3_zmq_pushpull,zmq_tcp,none,none,,1,21327,512,584,1785153457787623000,1785153457787624000,1785153457787624000,1785153457787625000,1785153457787707000,1785153457787711000,1785153457787711000,1785153457787711000,121932490,121652369,-198.121,1.000,0.000,1.000,4.000,0.000,0.000,76.000,0,0,0
B3_zmq_pushpull,zmq_tcp,none,none,,1,21328,512,584,1785153457788390000,1785153457788390000,1785153457788390000,1785153457788392000,1785153457788536000,1785153457788539000,1785153457788539000,1785153457788539000,121932490,121652369,-136.121,0.000,0.000,2.000,3.000,0.000,0.000,62.000,0,0,0
B3_zmq_pushpull,zmq_tcp,none,none,,1,21329,512,584,1785153457789634000,1785153457789634000,1785153457789634000,1785153457789635000,1785153457789806000,1785153457789808000,1785153457789808000,1785153457789808000,121932490,121652369,-109.121,0.000,0.000,1.000,2.000,0.000,0.000,27.000,0,0,0
B3_zmq_pushpull,zmq_tcp,none,none,,1,21330,512,584,1785153457790575000,1785153457790575000,1785153457790575000,1785153457790576000,1785153457790661000,1785153457790663000,1785153457790663000,1785153457790663000,121932490,121652369,-195.121,0.000,0.000,1.000,2.000,0.000,0.000,86.000,0,0,0
B3_zmq_pushpull,zmq_tcp,none,none,,1,21331,512,584,1785153457791587000,1785153457791588000,1785153457791588000,1785153457791589000,1785153457791661000,1785153457791663000,1785153457791663000,1785153457791663000,121932490,121652369,-208.121,1.000,0.000,1.000,2.000,0.000,0.000,13.000,0,0,0
B3_zmq_pushpull,zmq_tcp,none,none,,1,21332,512,584,1785153457792583000,1785153457792583000,1785153457792583000,1785153457792584000,1785153457792642000,1785153457792645000,1785153457792645000,1785153457792645000,121932490,121652369,-222.121,0.000,0.000,1.000,3.000,0.000,0.000,14.000,0,0,0
B3_zmq_pushpull,zmq_tcp,none,none,,1,21333,512,584,1785153457793587000,1785153457793587000,1785153457793587000,1785153457793588000,1785153457793780000,1785153457793783000,1785153457793783000,1785153457793783000,121932490,121652369,-88.121,0.000,0.000,1.000,3.000,0.000,0.000,134.000,0,0,0
B3_zmq_pushpull,zmq_tcp,none,none,,1,21334,512,584,1785153457794585000,1785153457794585000,1785153457794585000,1785153457794586000,1785153457794754000,1785153457794756000,1785153457794757000,1785153457794757000,121932490,121652369,-112.121,0.000,0.000,1.000,2.000,1.000,0.000,24.000,0,0,0
B3_zmq_pushpull,zmq_tcp,none,none,,1,21335,512,584,1785153457795586000,1785153457795586000,1785153457795586000,1785153457795587000,1785153457795732000,1785153457795734000,1785153457795734000,1785153457795734000,121932490,121652369,-135.121,0.000,0.000,1.000,2.000,0.000,0.000,23.000,0,0,0
B3_zmq_pushpull,zmq_tcp,none,none,,1,21336,512,584,1785153457796582000,1785153457796582000,1785153457796582000,1785153457796583000,1785153457796718000,1785153457796721000,1785153457796721000,1785153457796721000,121932490,121652369,-145.121,0.000,0.000,1.000,3.000,0.000,0.000,10.000,0,0,0
B3_zmq_pushpull,zmq_tcp,none,none,,1,21337,512,584,1785153457797586000,1785153457797586000,1785153457797586000,1785153457797587000,1785153457797697000,1785153457797699000,1785153457797699000,1785153457797699000,121932490,121652369,-170.121,0.000,0.000,1.000,2.000,0.000,0.000,25.000,0,0,0
B3_zmq_pushpull,zmq_tcp,none,none,,1,21338,512,584,1785153457798587000,1785153457798587000,1785153457798587000,1785153457798588000,1785153457798691000,1785153457798694000,1785153457798694000,1785153457798694000,121932490,121652369,-177.121,0.000,0.000,1.000,3.000,0.000,0.000,7.000,0,0,0
B3_zmq_pushpull,zmq_tcp,none,none,,1,21339,512,584,1785153457799583000,1785153457799584000,1785153457799584000,1785153457799584000,1785153457799672000,1785153457799674000,1785153457799674000,1785153457799674000,121932490,121652369,-192.121,1.000,0.000,0.000,2.000,0.000,0.000,15.000,0,0,0
B3_zmq_pushpull,zmq_tcp,none,none,,1,21340,512,584,1785153457800586000,1785153457800586000,1785153457800586000,1785153457800587000,1785153457800665000,1785153457800668000,1785153457800668000,1785153457800668000,121932490,121652369,-202.121,0.000,0.000,1.000,3.000,0.000,0.000,10.000,0,0,0
B3_zmq_pushpull,zmq_tcp,none,none,,1,21341,512,584,1785153457801585000,1785153457801585000,1785153457801585000,1785153457801586000,1785153457801646000,1785153457801649000,1785153457801649000,1785153457801649000,121932490,121652369,-220.121,0.000,0.000,1.000,3.000,0.000,0.000,18.000,0,0,0
B3_zmq_pushpull,zmq_tcp,none,none,,1,21342,512,584,1785153457802586000,1785153457802586000,1785153457802586000,1785153457802587000,1785153457802770000,1785153457802773000,1785153457802773000,1785153457802773000,121932490,121652369,-97.121,0.000,0.000,1.000,3.000,0.000,0.000,123.000,0,0,0
B3_zmq_pushpull,zmq_tcp,none,none,,1,21343,512,584,1785153457803582000,1785153457803582000,1785153457803582000,1785153457803583000,1785153457803630000,1785153457803633000,1785153457803633000,1785153457803634000,121932490,121652369,-233.121,0.000,0.000,1.000,3.000,0.000,1.000,136.000,0,0,0
B3_zmq_pushpull,zmq_tcp,none,none,,1,21344,512,584,1785153457804452000,1785153457804452000,1785153457804452000,1785153457804453000,1785153457804613000,1785153457804615000,1785153457804615000,1785153457804615000,121932490,121652369,-120.121,0.000,0.000,1.000,2.000,0.000,0.000,113.000,0,0,0
B3_zmq_pushpull,zmq_tcp,none,none,,1,21345,512,584,1785153457805618000,1785153457805619000,1785153457805619000,1785153457805620000,1785153457805730000,1785153457805732000,1785153457805733000,1785153457805733000,121932490,121652369,-170.121,1.000,0.000,1.000,2.000,1.000,0.000,50.000,0,0,0
B3_zmq_pushpull,zmq_tcp,none,none,,1,21346,512,584,1785153457806578000,1785153457806578000,1785153457806578000,1785153457806579000,1785153457806717000,1785153457806719000,1785153457806719000,1785153457806719000,121932490,121652369,-142.121,0.000,0.000,1.000,2.000,0.000,0.000,28.000,0,0,0
B3_zmq_pushpull,zmq_tcp,none,none,,1,21347,512,584,1785153457807587000,1785153457807587000,1785153457807587000,1785153457807588000,1785153457807682000,1785153457807685000,1785153457807685000,1785153457807685000,121932490,121652369,-186.121,0.000,0.000,1.000,3.000,0.000,0.000,44.000,0,0,0
B3_zmq_pushpull,zmq_tcp,none,none,,1,21348,512,584,1785153457808585000,1785153457808585000,1785153457808585000,1785153457808586000,1785153457808659000,1785153457808662000,1785153457808662000,1785153457808662000,121932490,121652369,-207.121,0.000,0.000,1.000,3.000,0.000,0.000,21.000,0,0,0
B3_zmq_pushpull,zmq_tcp,none,none,,1,21349,512,584,1785153457809586000,1785153457809586000,1785153457809586000,1785153457809587000,1785153457809649000,1785153457809652000,1785153457809652000,1785153457809652000,121932490,121652369,-218.121,0.000,0.000,1.000,3.000,0.000,0.000,11.000,0,0,0
B3_zmq_pushpull,zmq_tcp,none,none,,1,21350,512,584,1785153457810485000,1785153457810485000,1785153457810485000,1785153457810486000,1785153457810639000,1785153457810642000,1785153457810642000,1785153457810642000,121932490,121652369,-127.121,0.000,0.000,1.000,3.000,0.000,0.000,91.000,0,0,0
B3_zmq_pushpull,zmq_tcp,none,none,,1,21351,512,584,1785153457811477000,1785153457811477000,1785153457811477000,1785153457811478000,1785153457811621000,1785153457811624000,1785153457811624000,1785153457811624000,121932490,121652369,-137.121,0.000,0.000,1.000,3.000,0.000,0.000,10.000,0,0,0
B3_zmq_pushpull,zmq_tcp,none,none,,1,21352,512,584,1785153457812456000,1785153457812456000,1785153457812456000,1785153457812457000,1785153457812610000,1785153457812613000,1785153457812614000,1785153457812614000,121932490,121652369,-127.121,0.000,0.000,1.000,3.000,1.000,0.000,10.000,0,0,0
B3_zmq_pushpull,zmq_tcp,none,none,,1,21353,512,584,1785153457813453000,1785153457813453000,1785153457813454000,1785153457813454000,1785153457813608000,1785153457813611000,1785153457813611000,1785153457813611000,121932490,121652369,-126.121,0.000,1.000,0.000,3.000,0.000,0.000,1.000,0,0,0
B3_zmq_pushpull,zmq_tcp,none,none,,1,21354,512,584,1785153457814442000,1785153457814442000,1785153457814442000,1785153457814443000,1785153457814597000,1785153457814600000,1785153457814600000,1785153457814600000,121932490,121652369,-126.121,0.000,0.000,1.000,3.000,0.000,0.000,0.000,0,0,0
B3_zmq_pushpull,zmq_tcp,none,none,,1,21355,512,584,1785153457815623000,1785153457815623000,1785153457815623000,1785153457815624000,1785153457815735000,1785153457815739000,1785153457815739000,1785153457815739000,121932490,121652369,-169.121,0.000,0.000,1.000,4.000,0.000,0.000,43.000,0,0,0
B3_zmq_pushpull,zmq_tcp,none,none,,1,21356,512,584,1785153457816576000,1785153457816576000,1785153457816576000,1785153457816577000,1785153457816731000,1785153457816734000,1785153457816734000,1785153457816734000,121932490,121652369,-126.121,0.000,0.000,1.000,3.000,0.000,0.000,43.000,0,0,0
B3_zmq_pushpull,zmq_tcp,none,none,,1,21357,512,584,1785153457817585000,1785153457817585000,1785153457817586000,1785153457817586000,1785153457817735000,1785153457817738000,1785153457817738000,1785153457817738000,121932490,121652369,-131.121,0.000,1.000,0.000,3.000,0.000,0.000,5.000,0,0,0
B3_zmq_pushpull,zmq_tcp,none,none,,1,21358,512,584,1785153457818586000,1785153457818586000,1785153457818587000,1785153457818587000,1785153457818719000,1785153457818722000,1785153457818723000,1785153457818723000,121932490,121652369,-148.121,0.000,1.000,0.000,3.000,1.000,0.000,17.000,0,0,0
B3_zmq_pushpull,zmq_tcp,none,none,,1,21359,512,584,1785153457819585000,1785153457819585000,1785153457819585000,1785153457819586000,1785153457819693000,1785153457819695000,1785153457819695000,1785153457819695000,121932490,121652369,-173.121,0.000,0.000,1.000,2.000,0.000,0.000,25.000,0,0,0
B3_zmq_pushpull,zmq_tcp,none,none,,1,21360,512,584,1785153457820583000,1785153457820583000,1785153457820583000,1785153457820584000,1785153457820674000,1785153457820677000,1785153457820677000,1785153457820677000,121932490,121652369,-190.121,0.000,0.000,1.000,3.000,0.000,0.000,17.000,0,0,0
B3_zmq_pushpull,zmq_tcp,none,none,,1,21361,512,584,1785153457821588000,1785153457821588000,1785153457821588000,1785153457821589000,1785153457821655000,1785153457821658000,1785153457821658000,1785153457821658000,121932490,121652369,-214.121,0.000,0.000,1.000,3.000,0.000,0.000,24.000,0,0,0
B3_zmq_pushpull,zmq_tcp,none,none,,1,21362,512,584,1785153457822585000,1785153457822585000,1785153457822585000,1785153457822586000,1785153457822656000,1785153457822661000,1785153457822661000,1785153457822661000,121932490,121652369,-210.121,0.000,0.000,1.000,5.000,0.000,0.000,4.000,0,0,0
B3_zmq_pushpull,zmq_tcp,none,none,,1,21363,512,584,1785153457823586000,1785153457823586000,1785153457823586000,1785153457823587000,1785153457823642000,1785153457823645000,1785153457823645000,1785153457823645000,121932490,121652369,-225.121,0.000,0.000,1.000,3.000,0.000,0.000,15.000,0,0,0
B3_zmq_pushpull,zmq_tcp,none,none,,1,21364,512,584,1785153457824582000,1785153457824582000,1785153457824583000,1785153457824583000,1785153457824750000,1785153457824753000,1785153457824753000,1785153457824753000,121932490,121652369,-113.121,0.000,1.000,0.000,3.000,0.000,0.000,112.000,0,0,0
B3_zmq_pushpull,zmq_tcp,none,none,,1,21365,512,584,1785153457825587000,1785153457825587000,1785153457825587000,1785153457825588000,1785153457825730000,1785153457825733000,1785153457825733000,1785153457825733000,121932490,121652369,-138.121,0.000,0.000,1.000,3.000,0.000,0.000,25.000,0,0,0
B3_zmq_pushpull,zmq_tcp,none,none,,1,21366,512,584,1785153457826585000,1785153457826585000,1785153457826585000,1785153457826586000,1785153457826717000,1785153457826720000,1785153457826720000,1785153457826720000,121932490,121652369,-149.121,0.000,0.000,1.000,3.000,0.000,0.000,11.000,0,0,0
B3_zmq_pushpull,zmq_tcp,none,none,,1,21367,512,584,1785153457827585000,1785153457827585000,1785153457827585000,1785153457827586000,1785153457827687000,1785153457827690000,1785153457827690000,1785153457827690000,121932490,121652369,-179.121,0.000,0.000,1.000,3.000,0.000,0.000,30.000,0,0,0
B3_zmq_pushpull,zmq_tcp,none,none,,1,21368,512,584,1785153457828583000,1785153457828583000,1785153457828583000,1785153457828584000,1785153457828646000,1785153457828649000,1785153457828649000,1785153457828649000,121932490,121652369,-218.121,0.000,0.000,1.000,3.000,0.000,0.000,39.000,0,0,0
B3_zmq_pushpull,zmq_tcp,none,none,,1,21369,512,584,1785153457829586000,1785153457829587000,1785153457829587000,1785153457829588000,1785153457829640000,1785153457829644000,1785153457829644000,1785153457829644000,121932490,121652369,-228.121,1.000,0.000,1.000,4.000,0.000,0.000,10.000,0,0,0
B3_zmq_pushpull,zmq_tcp,none,none,,1,21370,512,584,1785153457830585000,1785153457830585000,1785153457830585000,1785153457830586000,1785153457830758000,1785153457830761000,1785153457830761000,1785153457830761000,121932490,121652369,-108.121,0.000,0.000,1.000,3.000,0.000,0.000,120.000,0,0,0
B3_zmq_pushpull,zmq_tcp,none,none,,1,21371,512,584,1785153457831585000,1785153457831585000,1785153457831585000,1785153457831586000,1785153457831751000,1785153457831754000,1785153457831754000,1785153457831754000,121932490,121652369,-115.121,0.000,0.000,1.000,3.000,0.000,0.000,7.000,0,0,0
B3_zmq_pushpull,zmq_tcp,none,none,,1,21372,512,584,1785153457832582000,1785153457832582000,1785153457832583000,1785153457832583000,1785153457832747000,1785153457832750000,1785153457832750000,1785153457832750000,121932490,121652369,-116.121,0.000,1.000,0.000,3.000,0.000,0.000,1.000,0,0,0
B3_zmq_pushpull,zmq_tcp,none,none,,1,21373,512,584,1785153457833586000,1785153457833587000,1785153457833587000,1785153457833588000,1785153457833699000,1785153457833702000,1785153457833702000,1785153457833702000,121932490,121652369,-169.121,1.000,0.000,1.000,3.000,0.000,0.000,53.000,0,0,0
B3_zmq_pushpull,zmq_tcp,none,none,,1,21374,512,584,1785153457834585000,1785153457834585000,1785153457834585000,1785153457834586000,1785153457834691000,1785153457834694000,1785153457834694000,1785153457834695000,121932490,121652369,-175.121,0.000,0.000,1.000,3.000,0.000,1.000,6.000,0,0,0
B3_zmq_pushpull,zmq_tcp,none,none,,1,21375,512,584,1785153457835586000,1785153457835586000,1785153457835586000,1785153457835587000,1785153457835655000,1785153457835659000,1785153457835660000,1785153457835660000,121932490,121652369,-212.121,0.000,0.000,1.000,4.000,1.000,0.000,37.000,0,0,0
B3_zmq_pushpull,zmq_tcp,none,none,,1,21376,512,584,1785153457836490000,1785153457836490000,1785153457836490000,1785153457836492000,1785153457836633000,1785153457836635000,1785153457836635000,1785153457836635000,121932490,121652369,-139.121,0.000,0.000,2.000,2.000,0.000,0.000,73.000,0,0,0
B3_zmq_pushpull,zmq_tcp,none,none,,1,21377,512,584,1785153457837609000,1785153457837610000,1785153457837610000,1785153457837611000,1785153457837758000,1785153457837761000,1785153457837761000,1785153457837761000,121932490,121652369,-133.121,1.000,0.000,1.000,3.000,0.000,0.000,6.000,0,0,0
B3_zmq_pushpull,zmq_tcp,none,none,,1,21378,512,584,1785153457838581000,1785153457838581000,1785153457838581000,1785153457838582000,1785153457838735000,1785153457838738000,1785153457838738000,1785153457838738000,121932490,121652369,-127.121,0.000,0.000,1.000,3.000,0.000,0.000,6.000,0,0,0
B3_zmq_pushpull,zmq_tcp,none,none,,1,21379,512,584,1785153457839587000,1785153457839587000,1785153457839587000,1785153457839588000,1785153457839729000,1785153457839731000,1785153457839731000,1785153457839731000,121932490,121652369,-139.121,0.000,0.000,1.000,2.000,0.000,0.000,12.000,0,0,0
B3_zmq_pushpull,zmq_tcp,none,none,,1,21380,512,584,1785153457840582000,1785153457840583000,1785153457840583000,1785153457840584000,1785153457840711000,1785153457840715000,1785153457840715000,1785153457840715000,121932490,121652369,-153.121,1.000,0.000,1.000,4.000,0.000,0.000,14.000,0,0,0
B3_zmq_pushpull,zmq_tcp,none,none,,1,21381,512,584,1785153457841591000,1785153457841591000,1785153457841591000,1785153457841592000,1785153457841699000,1785153457841703000,1785153457841703000,1785153457841703000,121932490,121652369,-173.121,0.000,0.000,1.000,4.000,0.000,0.000,20.000,0,0,0
B3_zmq_pushpull,zmq_tcp,none,none,,1,21382,512,584,1785153457842585000,1785153457842585000,1785153457842585000,1785153457842586000,1785153457842662000,1785153457842665000,1785153457842665000,1785153457842665000,121932490,121652369,-204.121,0.000,0.000,1.000,3.000,0.000,0.000,31.000,0,0,0
B3_zmq_pushpull,zmq_tcp,none,none,,1,21383,512,584,1785153457843586000,1785153457843587000,1785153457843587000,1785153457843588000,1785153457843642000,1785153457843645000,1785153457843645000,1785153457843645000,121932490,121652369,-226.121,1.000,0.000,1.000,3.000,0.000,0.000,22.000,0,0,0
B3_zmq_pushpull,zmq_tcp,none,none,,1,21384,512,584,1785153457844583000,1785153457844583000,1785153457844583000,1785153457844584000,1785153457844738000,1785153457844741000,1785153457844741000,1785153457844741000,121932490,121652369,-126.121,0.000,0.000,1.000,3.000,0.000,0.000,100.000,0,0,0
B3_zmq_pushpull,zmq_tcp,none,none,,1,21385,512,584,1785153457845417000,1785153457845418000,1785153457845418000,1785153457845419000,1785153457845570000,1785153457845573000,1785153457845573000,1785153457845573000,121932490,121652369,-129.121,1.000,0.000,1.000,3.000,0.000,0.000,3.000,0,0,0
B3_zmq_pushpull,zmq_tcp,none,none,,1,21386,512,584,1785153457846392000,1785153457846392000,1785153457846392000,1785153457846393000,1785153457846553000,1785153457846555000,1785153457846555000,1785153457846555000,121932490,121652369,-120.121,0.000,0.000,1.000,2.000,0.000,0.000,9.000,0,0,0
B3_zmq_pushpull,zmq_tcp,none,none,,1,21387,512,584,1785153457847638000,1785153457847638000,1785153457847638000,1785153457847639000,1785153457847805000,1785153457847808000,1785153457847808000,1785153457847808000,121932490,121652369,-114.121,0.000,0.000,1.000,3.000,0.000,0.000,6.000,0,0,0
B3_zmq_pushpull,zmq_tcp,none,none,,1,21388,512,584,1785153457848572000,1785153457848572000,1785153457848572000,1785153457848573000,1785153457848648000,1785153457848651000,1785153457848651000,1785153457848651000,121932490,121652369,-205.121,0.000,0.000,1.000,3.000,0.000,0.000,91.000,0,0,0
B3_zmq_pushpull,zmq_tcp,none,none,,1,21389,512,584,1785153457849589000,1785153457849589000,1785153457849589000,1785153457849590000,1785153457849636000,1785153457849639000,1785153457849639000,1785153457849639000,121932490,121652369,-234.121,0.000,0.000,1.000,3.000,0.000,0.000,29.000,0,0,0
B3_zmq_pushpull,zmq_tcp,none,none,,1,21390,512,584,1785153457850465000,1785153457850466000,1785153457850466000,1785153457850467000,1785153457850608000,1785153457850610000,1785153457850610000,1785153457850610000,121932490,121652369,-139.121,1.000,0.000,1.000,2.000,0.000,0.000,95.000,0,0,0
B3_zmq_pushpull,zmq_tcp,none,none,,1,21391,512,584,1785153457851428000,1785153457851428000,1785153457851428000,1785153457851429000,1785153457851582000,1785153457851585000,1785153457851585000,1785153457851585000,121932490,121652369,-127.121,0.000,0.000,1.000,3.000,0.000,0.000,12.000,0,0,0
B3_zmq_pushpull,zmq_tcp,none,none,,1,21392,512,584,1785153457852423000,1785153457852424000,1785153457852424000,1785153457852425000,1785153457852580000,1785153457852582000,1785153457852582000,1785153457852582000,121932490,121652369,-125.121,1.000,0.000,1.000,2.000,0.000,0.000,2.000,0,0,0
B3_zmq_pushpull,zmq_tcp,none,none,,1,21393,512,584,1785153457853420000,1785153457853420000,1785153457853420000,1785153457853421000,1785153457853581000,1785153457853583000,1785153457853583000,1785153457853583000,121932490,121652369,-120.121,0.000,0.000,1.000,2.000,0.000,0.000,5.000,0,0,0
B3_zmq_pushpull,zmq_tcp,none,none,,1,21394,512,584,1785153457854626000,1785153457854627000,1785153457854627000,1785153457854628000,1785153457854707000,1785153457854710000,1785153457854710000,1785153457854710000,121932490,121652369,-201.121,1.000,0.000,1.000,3.000,0.000,0.000,81.000,0,0,0
B3_zmq_pushpull,zmq_tcp,none,none,,1,21395,512,584,1785153457855576000,1785153457855576000,1785153457855576000,1785153457855577000,1785153457855693000,1785153457855695000,1785153457855696000,1785153457855696000,121932490,121652369,-164.121,0.000,0.000,1.000,2.000,1.000,0.000,37.000,0,0,0
B3_zmq_pushpull,zmq_tcp,none,none,,1,21396,512,584,1785153457856588000,1785153457856588000,1785153457856588000,1785153457856589000,1785153457856674000,1785153457856677000,1785153457856677000,1785153457856677000,121932490,121652369,-195.121,0.000,0.000,1.000,3.000,0.000,0.000,31.000,0,0,0
B3_zmq_pushpull,zmq_tcp,none,none,,1,21397,512,584,1785153457857585000,1785153457857585000,1785153457857585000,1785153457857586000,1785153457857641000,1785153457857643000,1785153457857643000,1785153457857643000,121932490,121652369,-225.121,0.000,0.000,1.000,2.000,0.000,0.000,30.000,0,0,0
B3_zmq_pushpull,zmq_tcp,none,none,,1,21398,512,584,1785153457858586000,1785153457858586000,1785153457858587000,1785153457858587000,1785153457858753000,1785153457858756000,1785153457858756000,1785153457858756000,121932490,121652369,-114.121,0.000,1.000,0.000,3.000,0.000,0.000,111.000,0,0,0
B3_zmq_pushpull,zmq_tcp,none,none,,1,21399,512,584,1785153457859426000,1785153457859426000,1785153457859426000,1785153457859427000,1785153457859569000,1785153457859572000,1785153457859572000,1785153457859572000,121932490,121652369,-138.121,0.000,0.000,1.000,3.000,0.000,0.000,24.000,0,0,0
B3_zmq_pushpull,zmq_tcp,none,none,,1,21400,512,584,1785153457860404000,1785153457860405000,1785153457860405000,1785153457860406000,1785153457860551000,1785153457860555000,1785153457860555000,1785153457860555000,121932490,121652369,-135.121,1.000,0.000,1.000,4.000,0.000,0.000,3.000,0,0,0
B3_zmq_pushpull,zmq_tcp,none,none,,1,21401,512,584,1785153457861397000,1785153457861398000,1785153457861398000,1785153457861399000,1785153457861542000,1785153457861545000,1785153457861545000,1785153457861545000,121932490,121652369,-137.121,1.000,0.000,1.000,3.000,0.000,0.000,2.000,0,0,0
B3_zmq_pushpull,zmq_tcp,none,none,,1,21402,512,584,1785153457862397000,1785153457862398000,1785153457862398000,1785153457862399000,1785153457862542000,1785153457862545000,1785153457862545000,1785153457862545000,121932490,121652369,-137.121,1.000,0.000,1.000,3.000,0.000,0.000,0.000,0,0,0
B3_zmq_pushpull,zmq_tcp,none,none,,1,21403,512,584,1785153457863505000,1785153457863505000,1785153457863505000,1785153457863507000,1785153457863648000,1785153457863651000,1785153457863651000,1785153457863651000,121932490,121652369,-139.121,0.000,0.000,2.000,3.000,0.000,0.000,2.000,0,0,0
B3_zmq_pushpull,zmq_tcp,none,none,,1,21404,512,584,1785153457864606000,1785153457864606000,1785153457864606000,1785153457864607000,1785153457864773000,1785153457864776000,1785153457864776000,1785153457864776000,121932490,121652369,-114.121,0.000,0.000,1.000,3.000,0.000,0.000,25.000,0,0,0
B3_zmq_pushpull,zmq_tcp,none,none,,1,21405,512,584,1785153457865465000,1785153457865466000,1785153457865466000,1785153457865467000,1785153457865618000,1785153457865621000,1785153457865621000,1785153457865621000,121932490,121652369,-129.121,1.000,0.000,1.000,3.000,0.000,0.000,15.000,0,0,0
B3_zmq_pushpull,zmq_tcp,none,none,,1,21406,512,584,1785153457866438000,1785153457866438000,1785153457866438000,1785153457866439000,1785153457866590000,1785153457866593000,1785153457866593000,1785153457866593000,121932490,121652369,-129.121,0.000,0.000,1.000,3.000,0.000,0.000,0.000,0,0,0
B3_zmq_pushpull,zmq_tcp,none,none,,1,21407,512,584,1785153457867431000,1785153457867432000,1785153457867432000,1785153457867433000,1785153457867581000,1785153457867584000,1785153457867584000,1785153457867584000,121932490,121652369,-132.121,1.000,0.000,1.000,3.000,0.000,0.000,3.000,0,0,0
B3_zmq_pushpull,zmq_tcp,none,none,,1,21408,512,584,1785153457868626000,1785153457868626000,1785153457868626000,1785153457868627000,1785153457868707000,1785153457868710000,1785153457868710000,1785153457868710000,121932490,121652369,-200.121,0.000,0.000,1.000,3.000,0.000,0.000,68.000,0,0,0
B3_zmq_pushpull,zmq_tcp,none,none,,1,21409,512,584,1785153457869572000,1785153457869572000,1785153457869572000,1785153457869573000,1785153457869694000,1785153457869697000,1785153457869697000,1785153457869697000,121932490,121652369,-159.121,0.000,0.000,1.000,3.000,0.000,0.000,41.000,0,0,0
B3_zmq_pushpull,zmq_tcp,none,none,,1,21410,512,584,1785153457870589000,1785153457870589000,1785153457870589000,1785153457870590000,1785153457870668000,1785153457870670000,1785153457870670000,1785153457870670000,121932490,121652369,-202.121,0.000,0.000,1.000,2.000,0.000,0.000,43.000,0,0,0
B3_zmq_pushpull,zmq_tcp,none,none,,1,21411,512,584,1785153457871585000,1785153457871585000,1785153457871585000,1785153457871586000,1785153457871645000,1785153457871647000,1785153457871647000,1785153457871647000,121932490,121652369,-221.121,0.000,0.000,1.000,2.000,0.000,0.000,19.000,0,0,0
B3_zmq_pushpull,zmq_tcp,none,none,,1,21412,512,584,1785153457872586000,1785153457872586000,1785153457872586000,1785153457872587000,1785153457872764000,1785153457872766000,1785153457872766000,1785153457872766000,121932490,121652369,-103.121,0.000,0.000,1.000,2.000,0.000,0.000,118.000,0,0,0
B3_zmq_pushpull,zmq_tcp,none,none,,1,21413,512,584,1785153457873583000,1785153457873583000,1785153457873583000,1785153457873584000,1785153457873742000,1785153457873745000,1785153457873745000,1785153457873745000,121932490,121652369,-122.121,0.000,0.000,1.000,3.000,0.000,0.000,19.000,0,0,0
B3_zmq_pushpull,zmq_tcp,none,none,,1,21414,512,584,1785153457874589000,1785153457874589000,1785153457874589000,1785153457874590000,1785153457874750000,1785153457874753000,1785153457874753000,1785153457874753000,121932490,121652369,-120.121,0.000,0.000,1.000,3.000,0.000,0.000,2.000,0,0,0
B3_zmq_pushpull,zmq_tcp,none,none,,1,21415,512,584,1785153457875451000,1785153457875451000,1785153457875451000,1785153457875452000,1785153457875598000,1785153457875601000,1785153457875601000,1785153457875601000,121932490,121652369,-134.121,0.000,0.000,1.000,3.000,0.000,0.000,14.000,0,0,0
B3_zmq_pushpull,zmq_tcp,none,none,,1,21416,512,584,1785153457876422000,1785153457876422000,1785153457876422000,1785153457876423000,1785153457876582000,1785153457876585000,1785153457876585000,1785153457876585000,121932490,121652369,-121.121,0.000,0.000,1.000,3.000,0.000,0.000,13.000,0,0,0
B3_zmq_pushpull,zmq_tcp,none,none,,1,21417,512,584,1785153457877627000,1785153457877627000,1785153457877627000,1785153457877628000,1785153457877704000,1785153457877706000,1785153457877706000,1785153457877706000,121932490,121652369,-204.121,0.000,0.000,1.000,2.000,0.000,0.000,83.000,0,0,0
B3_zmq_pushpull,zmq_tcp,none,none,,1,21418,512,584,1785153457878576000,1785153457878576000,1785153457878576000,1785153457878577000,1785153457878680000,1785153457878682000,1785153457878682000,1785153457878682000,121932490,121652369,-177.121,0.000,0.000,1.000,2.000,0.000,0.000,27.000,0,0,0
B3_zmq_pushpull,zmq_tcp,none,none,,1,21419,512,584,1785153457879588000,1785153457879588000,1785153457879588000,1785153457879589000,1785153457879661000,1785153457879664000,1785153457879664000,1785153457879664000,121932490,121652369,-208.121,0.000,0.000,1.000,3.000,0.000,0.000,31.000,0,0,0
B3_zmq_pushpull,zmq_tcp,none,none,,1,21420,512,584,1785153457880587000,1785153457880587000,1785153457880587000,1785153457880588000,1785153457880634000,1785153457880636000,1785153457880636000,1785153457880636000,121932490,121652369,-234.121,0.000,0.000,1.000,2.000,0.000,0.000,26.000,0,0,0
B3_zmq_pushpull,zmq_tcp,none,none,,1,21421,512,584,1785153457881483000,1785153457881483000,1785153457881483000,1785153457881484000,1785153457881642000,1785153457881645000,1785153457881645000,1785153457881645000,121932490,121652369,-122.121,0.000,0.000,1.000,3.000,0.000,0.000,112.000,0,0,0
B3_zmq_pushpull,zmq_tcp,none,none,,1,21422,512,584,1785153457882611000,1785153457882611000,1785153457882611000,1785153457882612000,1785153457882773000,1785153457882776000,1785153457882776000,1785153457882776000,121932490,121652369,-119.121,0.000,0.000,1.000,3.000,0.000,0.000,3.000,0,0,0
B3_zmq_pushpull,zmq_tcp,none,none,,1,21423,512,584,1785153457883579000,1785153457883579000,1785153457883579000,1785153457883580000,1785153457883742000,1785153457883745000,1785153457883745000,1785153457883745000,121932490,121652369,-118.121,0.000,0.000,1.000,3.000,0.000,0.000,1.000,0,0,0
B3_zmq_pushpull,zmq_tcp,none,none,,1,21424,512,584,1785153457884588000,1785153457884588000,1785153457884588000,1785153457884589000,1785153457884714000,1785153457884717000,1785153457884717000,1785153457884717000,121932490,121652369,-155.121,0.000,0.000,1.000,3.000,0.000,0.000,37.000,0,0,0
B3_zmq_pushpull,zmq_tcp,none,none,,1,21425,512,584,1785153457885585000,1785153457885585000,1785153457885585000,1785153457885586000,1785153457885675000,1785153457885677000,1785153457885677000,1785153457885677000,121932490,121652369,-191.121,0.000,0.000,1.000,2.000,0.000,0.000,36.000,0,0,0
B3_zmq_pushpull,zmq_tcp,none,none,,1,21426,512,584,1785153457886585000,1785153457886585000,1785153457886585000,1785153457886586000,1785153457886646000,1785153457886649000,1785153457886649000,1785153457886649000,121932490,121652369,-220.121,0.000,0.000,1.000,3.000,0.000,0.000,29.000,0,0,0
B3_zmq_pushpull,zmq_tcp,none,none,,1,21427,512,584,1785153457887583000,1785153457887583000,1785153457887583000,1785153457887584000,1785153457887630000,1785153457887633000,1785153457887634000,1785153457887634000,121932490,121652369,-234.121,0.000,0.000,1.000,3.000,1.000,0.000,14.000,0,0,0
B3_zmq_pushpull,zmq_tcp,none,none,,1,21428,512,584,1785153457888588000,1785153457888588000,1785153457888588000,1785153457888589000,1785153457888757000,1785153457888760000,1785153457888760000,1785153457888760000,121932490,121652369,-112.121,0.000,0.000,1.000,3.000,0.000,0.000,122.000,0,0,0
B3_zmq_pushpull,zmq_tcp,none,none,,1,21429,512,584,1785153457889588000,1785153457889588000,1785153457889588000,1785153457889589000,1785153457889754000,1785153457889757000,1785153457889757000,1785153457889757000,121932490,121652369,-115.121,0.000,0.000,1.000,3.000,0.000,0.000,3.000,0,0,0
B3_zmq_pushpull,zmq_tcp,none,none,,1,21430,512,584,1785153457890448000,1785153457890448000,1785153457890448000,1785153457890449000,1785153457890609000,1785153457890612000,1785153457890612000,1785153457890612000,121932490,121652369,-120.121,0.000,0.000,1.000,3.000,0.000,0.000,5.000,0,0,0
B3_zmq_pushpull,zmq_tcp,none,none,,1,21431,512,584,1785153457891620000,1785153457891620000,1785153457891620000,1785153457891621000,1785153457891728000,1785153457891731000,1785153457891731000,1785153457891731000,121932490,121652369,-173.121,0.000,0.000,1.000,3.000,0.000,0.000,53.000,0,0,0
B3_zmq_pushpull,zmq_tcp,none,none,,1,21432,512,584,1785153457892577000,1785153457892577000,1785153457892578000,1785153457892578000,1785153457892708000,1785153457892710000,1785153457892710000,1785153457892710000,121932490,121652369,-150.121,0.000,1.000,0.000,2.000,0.000,0.000,23.000,0,0,0
B3_zmq_pushpull,zmq_tcp,none,none,,1,21433,512,584,1785153457893588000,1785153457893588000,1785153457893588000,1785153457893589000,1785153457893690000,1785153457893692000,1785153457893692000,1785153457893692000,121932490,121652369,-179.121,0.000,0.000,1.000,2.000,0.000,0.000,29.000,0,0,0
B3_zmq_pushpull,zmq_tcp,none,none,,1,21434,512,584,1785153457894587000,1785153457894587000,1785153457894587000,1785153457894588000,1785153457894685000,1785153457894688000,1785153457894688000,1785153457894688000,121932490,121652369,-183.121,0.000,0.000,1.000,3.000,0.000,0.000,4.000,0,0,0
B3_zmq_pushpull,zmq_tcp,none,none,,1,21435,512,584,1785153457895585000,1785153457895585000,1785153457895585000,1785153457895586000,1785153457895668000,1785153457895671000,1785153457895671000,1785153457895671000,121932490,121652369,-198.121,0.000,0.000,1.000,3.000,0.000,0.000,15.000,0,0,0
B3_zmq_pushpull,zmq_tcp,none,none,,1,21436,512,584,1785153457896588000,1785153457896588000,1785153457896588000,1785153457896589000,1785153457896661000,1785153457896664000,1785153457896664000,1785153457896664000,121932490,121652369,-208.121,0.000,0.000,1.000,3.000,0.000,0.000,10.000,0,0,0
B3_zmq_pushpull,zmq_tcp,none,none,,1,21437,512,584,1785153457897585000,1785153457897585000,1785153457897585000,1785153457897586000,1785153457897772000,1785153457897774000,1785153457897774000,1785153457897774000,121932490,121652369,-94.121,0.000,0.000,1.000,2.000,0.000,0.000,114.000,0,0,0
B3_zmq_pushpull,zmq_tcp,none,none,,1,21438,512,584,1785153457898585000,1785153457898585000,1785153457898586000,1785153457898586000,1785153457898756000,1785153457898759000,1785153457898759000,1785153457898759000,121932490,121652369,-110.121,0.000,1.000,0.000,3.000,0.000,0.000,16.000,0,0,0
B3_zmq_pushpull,zmq_tcp,none,none,,1,21439,512,584,1785153457899451000,1785153457899451000,1785153457899451000,1785153457899452000,1785153457899602000,1785153457899605000,1785153457899605000,1785153457899605000,121932490,121652369,-130.121,0.000,0.000,1.000,3.000,0.000,0.000,20.000,0,0,0
B3_zmq_pushpull,zmq_tcp,none,none,,1,21440,512,584,1785153457900443000,1785153457900443000,1785153457900443000,1785153457900444000,1785153457900594000,1785153457900597000,1785153457900597000,1785153457900597000,121932490,121652369,-130.121,0.000,0.000,1.000,3.000,0.000,0.000,0.000,0,0,0
B3_zmq_pushpull,zmq_tcp,none,none,,1,21441,512,584,1785153457901426000,1785153457901426000,1785153457901426000,1785153457901427000,1785153457901578000,1785153457901581000,1785153457901581000,1785153457901581000,121932490,121652369,-129.121,0.000,0.000,1.000,3.000,0.000,0.000,1.000,0,0,0
B3_zmq_pushpull,zmq_tcp,none,none,,1,21442,512,584,1785153457902402000,1785153457902403000,1785153457902403000,1785153457902404000,1785153457902547000,1785153457902550000,1785153457902550000,1785153457902550000,121932490,121652369,-137.121,1.000,0.000,1.000,3.000,0.000,0.000,8.000,0,0,0
B3_zmq_pushpull,zmq_tcp,none,none,,1,21443,512,584,1785153457903396000,1785153457903396000,1785153457903396000,1785153457903397000,1785153457903541000,1785153457903544000,1785153457903544000,1785153457903544000,121932490,121652369,-136.121,0.000,0.000,1.000,3.000,0.000,0.000,1.000,0,0,0
B3_zmq_pushpull,zmq_tcp,none,none,,1,21444,512,584,1785153457904506000,1785153457904506000,1785153457904506000,1785153457904507000,1785153457904664000,1785153457904667000,1785153457904667000,1785153457904667000,121932490,121652369,-123.121,0.000,0.000,1.000,3.000,0.000,0.000,13.000,0,0,0
B3_zmq_pushpull,zmq_tcp,none,none,,1,21445,512,584,1785153457905603000,1785153457905603000,1785153457905603000,1785153457905604000,1785153457905772000,1785153457905777000,1785153457905777000,1785153457905777000,121932490,121652369,-112.121,0.000,0.000,1.000,5.000,0.000,0.000,11.000,0,0,0
B3_zmq_pushpull,zmq_tcp,none,none,,1,21446,512,584,1785153457906460000,1785153457906461000,1785153457906461000,1785153457906462000,1785153457906612000,1785153457906614000,1785153457906614000,1785153457906614000,121932490,121652369,-130.121,1.000,0.000,1.000,2.000,0.000,0.000,18.000,0,0,0
B3_zmq_pushpull,zmq_tcp,none,none,,1,21447,512,584,1785153457907451000,1785153457907451000,1785153457907451000,1785153457907452000,1785153457907602000,1785153457907605000,1785153457907605000,1785153457907605000,121932490,121652369,-130.121,0.000,0.000,1.000,3.000,0.000,0.000,0.000,0,0,0
B3_zmq_pushpull,zmq_tcp,none,none,,1,21448,512,584,1785153457908442000,1785153457908442000,1785153457908442000,1785153457908443000,1785153457908600000,1785153457908602000,1785153457908602000,1785153457908602000,121932490,121652369,-123.121,0.000,0.000,1.000,2.000,0.000,0.000,7.000,0,0,0
B3_zmq_pushpull,zmq_tcp,none,none,,1,21449,512,584,1785153457909444000,1785153457909445000,1785153457909445000,1785153457909446000,1785153457909602000,1785153457909605000,1785153457909605000,1785153457909605000,121932490,121652369,-124.121,1.000,0.000,1.000,3.000,0.000,0.000,1.000,0,0,0
B3_zmq_pushpull,zmq_tcp,none,none,,1,21450,512,584,1785153457910624000,1785153457910624000,1785153457910624000,1785153457910625000,1785153457910734000,1785153457910737000,1785153457910737000,1785153457910737000,121932490,121652369,-171.121,0.000,0.000,1.000,3.000,0.000,0.000,47.000,0,0,0
B3_zmq_pushpull,zmq_tcp,none,none,,1,21451,512,584,1785153457911576000,1785153457911576000,1785153457911576000,1785153457911577000,1785153457911728000,1785153457911730000,1785153457911730000,1785153457911730000,121932490,121652369,-129.121,0.000,0.000,1.000,2.000,0.000,0.000,42.000,0,0,0
B3_zmq_pushpull,zmq_tcp,none,none,,1,21452,512,584,1785153457912588000,1785153457912588000,1785153457912588000,1785153457912589000,1785153457912721000,1785153457912725000,1785153457912725000,1785153457912725000,121932490,121652369,-148.121,0.000,0.000,1.000,4.000,0.000,0.000,19.000,0,0,0
B3_zmq_pushpull,zmq_tcp,none,none,,1,21453,512,584,1785153457913586000,1785153457913586000,1785153457913586000,1785153457913587000,1785153457913689000,1785153457913692000,1785153457913692000,1785153457913692000,121932490,121652369,-178.121,0.000,0.000,1.000,3.000,0.000,0.000,30.000,0,0,0
B3_zmq_pushpull,zmq_tcp,none,none,,1,21454,512,584,1785153457914586000,1785153457914586000,1785153457914586000,1785153457914587000,1785153457914668000,1785153457914670000,1785153457914670000,1785153457914670000,121932490,121652369,-199.121,0.000,0.000,1.000,2.000,0.000,0.000,21.000,0,0,0
B3_zmq_pushpull,zmq_tcp,none,none,,1,21455,512,584,1785153457915585000,1785153457915585000,1785153457915585000,1785153457915586000,1785153457915663000,1785153457915666000,1785153457915666000,1785153457915666000,121932490,121652369,-203.121,0.000,0.000,1.000,3.000,0.000,0.000,4.000,0,0,0
B3_zmq_pushpull,zmq_tcp,none,none,,1,21456,512,584,1785153457916588000,1785153457916588000,1785153457916588000,1785153457916589000,1785153457916638000,1785153457916641000,1785153457916641000,1785153457916641000,121932490,121652369,-231.121,0.000,0.000,1.000,3.000,0.000,0.000,28.000,0,0,0
B3_zmq_pushpull,zmq_tcp,none,none,,1,21457,512,584,1785153457917481000,1785153457917482000,1785153457917482000,1785153457917483000,1785153457917638000,1785153457917641000,1785153457917641000,1785153457917641000,121932490,121652369,-125.121,1.000,0.000,1.000,3.000,0.000,0.000,106.000,0,0,0
B3_zmq_pushpull,zmq_tcp,none,none,,1,21458,512,584,1785153457918462000,1785153457918462000,1785153457918462000,1785153457918463000,1785153457918619000,1785153457918623000,1785153457918623000,1785153457918623000,121932490,121652369,-124.121,0.000,0.000,1.000,4.000,0.000,0.000,1.000,0,0,0
B3_zmq_pushpull,zmq_tcp,none,none,,1,21459,512,584,1785153457919616000,1785153457919616000,1785153457919616000,1785153457919617000,1785153457919716000,1785153457919718000,1785153457919719000,1785153457919719000,121932490,121652369,-181.121,0.000,0.000,1.000,2.000,1.000,0.000,57.000,0,0,0
B3_zmq_pushpull,zmq_tcp,none,none,,1,21460,512,584,1785153457920578000,1785153457920578000,1785153457920578000,1785153457920579000,1785153457920701000,1785153457920704000,1785153457920704000,1785153457920704000,121932490,121652369,-158.121,0.000,0.000,1.000,3.000,0.000,0.000,23.000,0,0,0
B3_zmq_pushpull,zmq_tcp,none,none,,1,21461,512,584,1785153457921588000,1785153457921588000,1785153457921588000,1785153457921589000,1785153457921689000,1785153457921692000,1785153457921692000,1785153457921692000,121932490,121652369,-180.121,0.000,0.000,1.000,3.000,0.000,0.000,22.000,0,0,0
B3_zmq_pushpull,zmq_tcp,none,none,,1,21462,512,584,1785153457922585000,1785153457922585000,1785153457922585000,1785153457922586000,1785153457922674000,1785153457922677000,1785153457922677000,1785153457922677000,121932490,121652369,-192.121,0.000,0.000,1.000,3.000,0.000,0.000,12.000,0,0,0
B3_zmq_pushpull,zmq_tcp,none,none,,1,21463,512,584,1785153457923587000,1785153457923587000,1785153457923587000,1785153457923588000,1785153457923665000,1785153457923669000,1785153457923669000,1785153457923669000,121932490,121652369,-203.121,0.000,0.000,1.000,4.000,0.000,0.000,11.000,0,0,0
B3_zmq_pushpull,zmq_tcp,none,none,,1,21464,512,584,1785153457924505000,1785153457924505000,1785153457924505000,1785153457924506000,1785153457924663000,1785153457924666000,1785153457924666000,1785153457924666000,121932490,121652369,-123.121,0.000,0.000,1.000,3.000,0.000,0.000,80.000,0,0,0
B3_zmq_pushpull,zmq_tcp,none,none,,1,21465,512,584,1785153457925606000,1785153457925606000,1785153457925606000,1785153457925607000,1785153457925764000,1785153457925767000,1785153457925767000,1785153457925767000,121932490,121652369,-123.121,0.000,0.000,1.000,3.000,0.000,0.000,0.000,0,0,0
B3_zmq_pushpull,zmq_tcp,none,none,,1,21466,512,584,1785153457926578000,1785153457926578000,1785153457926578000,1785153457926579000,1785153457926621000,1785153457926625000,1785153457926625000,1785153457926625000,121932490,121652369,-238.121,0.000,0.000,1.000,4.000,0.000,0.000,115.000,0,0,0
B3_zmq_pushpull,zmq_tcp,none,none,,1,21467,512,584,1785153457927589000,1785153457927589000,1785153457927589000,1785153457927590000,1785153457927740000,1785153457927742000,1785153457927743000,1785153457927743000,121932490,121652369,-130.121,0.000,0.000,1.000,2.000,1.000,0.000,108.000,0,0,0
B3_zmq_pushpull,zmq_tcp,none,none,,1,21468,512,584,1785153457928429000,1785153457928429000,1785153457928429000,1785153457928430000,1785153457928583000,1785153457928586000,1785153457928586000,1785153457928586000,121932490,121652369,-127.121,0.000,0.000,1.000,3.000,0.000,0.000,3.000,0,0,0
B3_zmq_pushpull,zmq_tcp,none,none,,1,21469,512,584,1785153457929420000,1785153457929420000,1785153457929420000,1785153457929421000,1785153457929579000,1785153457929581000,1785153457929581000,1785153457929581000,121932490,121652369,-122.121,0.000,0.000,1.000,2.000,0.000,0.000,5.000,0,0,0
B3_zmq_pushpull,zmq_tcp,none,none,,1,21470,512,584,1785153457930627000,1785153457930627000,1785153457930627000,1785153457930628000,1785153457930695000,1785153457930699000,1785153457930699000,1785153457930699000,121932490,121652369,-213.121,0.000,0.000,1.000,4.000,0.000,0.000,91.000,0,0,0
B3_zmq_pushpull,zmq_tcp,none,none,,1,21471,512,584,1785153457931388000,1785153457931389000,1785153457931389000,1785153457931390000,1785153457931531000,1785153457931535000,1785153457931535000,1785153457931535000,121932490,121652369,-139.121,1.000,0.000,1.000,4.000,0.000,0.000,74.000,0,0,0
B3_zmq_pushpull,zmq_tcp,none,none,,1,21472,512,584,1785153457932504000,1785153457932504000,1785153457932504000,1785153457932505000,1785153457932651000,1785153457932655000,1785153457932655000,1785153457932655000,121932490,121652369,-134.121,0.000,0.000,1.000,4.000,0.000,0.000,5.000,0,0,0
B3_zmq_pushpull,zmq_tcp,none,none,,1,21473,512,584,1785153457933603000,1785153457933603000,1785153457933603000,1785153457933604000,1785153457933651000,1785153457933654000,1785153457933654000,1785153457933654000,121932490,121652369,-233.121,0.000,0.000,1.000,3.000,0.000,0.000,99.000,0,0,0
B3_zmq_pushpull,zmq_tcp,none,none,,1,21474,512,584,1785153457934582000,1785153457934582000,1785153457934582000,1785153457934583000,1785153457934626000,1785153457934630000,1785153457934630000,1785153457934630000,121932490,121652369,-237.121,0.000,0.000,1.000,4.000,0.000,0.000,4.000,0,0,0
B3_zmq_pushpull,zmq_tcp,none,none,,1,21475,512,584,1785153457935589000,1785153457935589000,1785153457935590000,1785153457935590000,1785153457935768000,1785153457935771000,1785153457935771000,1785153457935771000,121932490,121652369,-102.121,0.000,1.000,0.000,3.000,0.000,0.000,135.000,0,0,0
B3_zmq_pushpull,zmq_tcp,none,none,,1,21476,512,584,1785153457936583000,1785153457936583000,1785153457936583000,1785153457936584000,1785153457936753000,1785153457936755000,1785153457936755000,1785153457936755000,121932490,121652369,-111.121,0.000,0.000,1.000,2.000,0.000,0.000,9.000,0,0,0
B3_zmq_pushpull,zmq_tcp,none,none,,1,21477,512,584,1785153457937587000,1785153457937587000,1785153457937587000,1785153457937588000,1785153457937745000,1785153457937754000,1785153457937754000,1785153457937754000,121932490,121652369,-123.121,0.000,0.000,1.000,9.000,0.000,0.000,12.000,0,0,0
B3_zmq_pushpull,zmq_tcp,none,none,,1,21478,512,584,1785153457938586000,1785153457938586000,1785153457938586000,1785153457938587000,1785153457938729000,1785153457938732000,1785153457938732000,1785153457938732000,121932490,121652369,-138.121,0.000,0.000,1.000,3.000,0.000,0.000,15.000,0,0,0
B3_zmq_pushpull,zmq_tcp,none,none,,1,21479,512,584,1785153457939586000,1785153457939586000,1785153457939586000,1785153457939587000,1785153457939711000,1785153457939713000,1785153457939713000,1785153457939713000,121932490,121652369,-156.121,0.000,0.000,1.000,2.000,0.000,0.000,18.000,0,0,0
B3_zmq_pushpull,zmq_tcp,none,none,,1,21480,512,584,1785153457940583000,1785153457940583000,1785153457940583000,1785153457940584000,1785153457940679000,1785153457940681000,1785153457940681000,1785153457940681000,121932490,121652369,-185.121,0.000,0.000,1.000,2.000,0.000,0.000,29.000,0,0,0
B3_zmq_pushpull,zmq_tcp,none,none,,1,21481,512,584,1785153457941503000,1785153457941503000,1785153457941503000,1785153457941504000,1785153457941662000,1785153457941665000,1785153457941665000,1785153457941665000,121932490,121652369,-122.121,0.000,0.000,1.000,3.000,0.000,0.000,63.000,0,0,0
B3_zmq_pushpull,zmq_tcp,none,none,,1,21482,512,584,1785153457942607000,1785153457942607000,1785153457942607000,1785153457942608000,1785153457942668000,1785153457942671000,1785153457942671000,1785153457942671000,121932490,121652369,-220.121,0.000,0.000,1.000,3.000,0.000,0.000,98.000,0,0,0
B3_zmq_pushpull,zmq_tcp,none,none,,1,21483,512,584,1785153457943583000,1785153457943583000,1785153457943583000,1785153457943584000,1785153457943652000,1785153457943655000,1785153457943655000,1785153457943655000,121932490,121652369,-212.121,0.000,0.000,1.000,3.000,0.000,0.000,8.000,0,0,0
B3_zmq_pushpull,zmq_tcp,none,none,,1,21484,512,584,1785153457944587000,1785153457944587000,1785153457944587000,1785153457944588000,1785153457944651000,1785153457944653000,1785153457944653000,1785153457944653000,121932490,121652369,-217.121,0.000,0.000,1.000,2.000,0.000,0.000,5.000,0,0,0
B3_zmq_pushpull,zmq_tcp,none,none,,1,21485,512,584,1785153457945588000,1785153457945588000,1785153457945588000,1785153457945589000,1785153457945777000,1785153457945780000,1785153457945781000,1785153457945781000,121932490,121652369,-92.121,0.000,0.000,1.000,3.000,1.000,0.000,125.000,0,0,0
B3_zmq_pushpull,zmq_tcp,none,none,,1,21486,512,584,1785153457946586000,1785153457946587000,1785153457946587000,1785153457946588000,1785153457946765000,1785153457946768000,1785153457946769000,1785153457946769000,121932490,121652369,-103.121,1.000,0.000,1.000,3.000,1.000,0.000,11.000,0,0,0
B3_zmq_pushpull,zmq_tcp,none,none,,1,21487,512,584,1785153457947582000,1785153457947582000,1785153457947582000,1785153457947583000,1785153457947624000,1785153457947627000,1785153457947627000,1785153457947627000,121932490,121652369,-239.121,0.000,0.000,1.000,3.000,0.000,0.000,136.000,0,0,0
B3_zmq_pushpull,zmq_tcp,none,none,,1,21488,512,584,1785153457948587000,1785153457948587000,1785153457948587000,1785153457948588000,1785153457948635000,1785153457948638000,1785153457948638000,1785153457948638000,121932490,121652369,-233.121,0.000,0.000,1.000,3.000,0.000,0.000,6.000,0,0,0
B3_zmq_pushpull,zmq_tcp,none,none,,1,21489,512,584,1785153457949466000,1785153457949466000,1785153457949467000,1785153457949467000,1785153457949624000,1785153457949627000,1785153457949627000,1785153457949627000,121932490,121652369,-123.121,0.000,1.000,0.000,3.000,0.000,0.000,110.000,0,0,0
B3_zmq_pushpull,zmq_tcp,none,none,,1,21490,512,584,1785153457950616000,1785153457950616000,1785153457950616000,1785153457950617000,1785153457950736000,1785153457950739000,1785153457950739000,1785153457950739000,121932490,121652369,-161.121,0.000,0.000,1.000,3.000,0.000,0.000,38.000,0,0,0
B3_zmq_pushpull,zmq_tcp,none,none,,1,21491,512,584,1785153457951575000,1785153457951575000,1785153457951576000,1785153457951577000,1785153457951719000,1785153457951722000,1785153457951722000,1785153457951722000,121932490,121652369,-138.121,0.000,1.000,1.000,3.000,0.000,0.000,23.000,0,0,0
B3_zmq_pushpull,zmq_tcp,none,none,,1,21492,512,584,1785153457952589000,1785153457952589000,1785153457952589000,1785153457952590000,1785153457952697000,1785153457952700000,1785153457952700000,1785153457952700000,121932490,121652369,-173.121,0.000,0.000,1.000,3.000,0.000,0.000,35.000,0,0,0
B3_zmq_pushpull,zmq_tcp,none,none,,1,21493,512,584,1785153457953586000,1785153457953587000,1785153457953587000,1785153457953588000,1785153457953695000,1785153457953698000,1785153457953698000,1785153457953698000,121932490,121652369,-173.121,1.000,0.000,1.000,3.000,0.000,0.000,0.000,0,0,0
B3_zmq_pushpull,zmq_tcp,none,none,,1,21494,512,584,1785153457954588000,1785153457954588000,1785153457954589000,1785153457954589000,1785153457954695000,1785153457954698000,1785153457954698000,1785153457954698000,121932490,121652369,-174.121,0.000,1.000,0.000,3.000,0.000,0.000,1.000,0,0,0
B3_zmq_pushpull,zmq_tcp,none,none,,1,21495,512,584,1785153457955391000,1785153457955392000,1785153457955392000,1785153457955393000,1785153457955546000,1785153457955549000,1785153457955549000,1785153457955549000,121932490,121652369,-127.121,1.000,0.000,1.000,3.000,0.000,0.000,47.000,0,0,0
B3_zmq_pushpull,zmq_tcp,none,none,,1,21496,512,584,1785153457956636000,1785153457956636000,1785153457956636000,1785153457956638000,1785153457956690000,1785153457956694000,1785153457956694000,1785153457956694000,121932490,121652369,-228.121,0.000,0.000,2.000,4.000,0.000,0.000,101.000,0,0,0
B3_zmq_pushpull,zmq_tcp,none,none,,1,21497,512,584,1785153457957408000,1785153457957408000,1785153457957408000,1785153457957410000,1785153457957565000,1785153457957568000,1785153457957569000,1785153457957569000,121932490,121652369,-125.121,0.000,0.000,2.000,3.000,1.000,0.000,103.000,0,0,0
B3_zmq_pushpull,zmq_tcp,none,none,,1,21498,512,584,1785153457958419000,1785153457958419000,1785153457958419000,1785153457958420000,1785153457958565000,1785153457958567000,1785153457958567000,1785153457958567000,121932490,121652369,-135.121,0.000,0.000,1.000,2.000,0.000,0.000,10.000,0,0,0
B3_zmq_pushpull,zmq_tcp,none,none,,1,21499,512,584,1785153457959421000,1785153457959421000,1785153457959421000,1785153457959422000,1785153457959568000,1785153457959574000,1785153457959574000,1785153457959574000,121932490,121652369,-134.121,0.000,0.000,1.000,6.000,0.000,0.000,1.000,0,0,0
B3_zmq_pushpull,zmq_tcp,none,none,,1,21500,512,584,1785153457960629000,1785153457960629000,1785153457960629000,1785153457960630000,1785153457960700000,1785153457960703000,1785153457960703000,1785153457960703000,121932490,121652369,-210.121,0.000,0.000,1.000,3.000,0.000,0.000,76.000,0,0,0
B3_zmq_pushpull,zmq_tcp,none,none,,1,21501,512,584,1785153457961576000,1785153457961576000,1785153457961576000,1785153457961577000,1785153457961708000,1785153457961710000,1785153457961710000,1785153457961710000,121932490,121652369,-149.121,0.000,0.000,1.000,2.000,0.000,0.000,61.000,0,0,0
B3_zmq_pushpull,zmq_tcp,none,none,,1,21502,512,584,1785153457962587000,1785153457962587000,1785153457962587000,1785153457962588000,1785153457962696000,1785153457962699000,1785153457962700000,1785153457962700000,121932490,121652369,-172.121,0.000,0.000,1.000,3.000,1.000,0.000,23.000,0,0,0
B3_zmq_pushpull,zmq_tcp,none,none,,1,21503,512,584,1785153457963587000,1785153457963587000,1785153457963587000,1785153457963588000,1785153457963693000,1785153457963696000,1785153457963696000,1785153457963696000,121932490,121652369,-175.121,0.000,0.000,1.000,3.000,0.000,0.000,3.000,0,0,0
B3_zmq_pushpull,zmq_tcp,none,none,,1,21504,512,584,1785153457964589000,1785153457964589000,1785153457964590000,1785153457964590000,1785153457964692000,1785153457964694000,1785153457964694000,1785153457964694000,121932490,121652369,-178.121,0.000,1.000,0.000,2.000,0.000,0.000,3.000,0,0,0
B3_zmq_pushpull,zmq_tcp,none,none,,1,21505,512,584,1785153457965586000,1785153457965586000,1785153457965586000,1785153457965587000,1785153457965696000,1785153457965698000,1785153457965698000,1785153457965698000,121932490,121652369,-171.121,0.000,0.000,1.000,2.000,0.000,0.000,7.000,0,0,0
B3_zmq_pushpull,zmq_tcp,none,none,,1,21506,512,584,1785153457966587000,1785153457966587000,1785153457966587000,1785153457966588000,1785153457966691000,1785153457966694000,1785153457966694000,1785153457966694000,121932490,121652369,-177.121,0.000,0.000,1.000,3.000,0.000,0.000,6.000,0,0,0
B3_zmq_pushpull,zmq_tcp,none,none,,1,21507,512,584,1785153457967587000,1785153457967587000,1785153457967587000,1785153457967588000,1785153457967682000,1785153457967685000,1785153457967685000,1785153457967685000,121932490,121652369,-186.121,0.000,0.000,1.000,3.000,0.000,0.000,9.000,0,0,0
B3_zmq_pushpull,zmq_tcp,none,none,,1,21508,512,584,1785153457968587000,1785153457968587000,1785153457968587000,1785153457968588000,1785153457968658000,1785153457968661000,1785153457968661000,1785153457968661000,121932490,121652369,-210.121,0.000,0.000,1.000,3.000,0.000,0.000,24.000,0,0,0
B3_zmq_pushpull,zmq_tcp,none,none,,1,21509,512,584,1785153457969584000,1785153457969584000,1785153457969584000,1785153457969585000,1785153457969654000,1785153457969657000,1785153457969657000,1785153457969657000,121932490,121652369,-211.121,0.000,0.000,1.000,3.000,0.000,0.000,1.000,0,0,0
B3_zmq_pushpull,zmq_tcp,none,none,,1,21510,512,584,1785153457970588000,1785153457970588000,1785153457970588000,1785153457970589000,1785153457970662000,1785153457970665000,1785153457970665000,1785153457970665000,121932490,121652369,-207.121,0.000,0.000,1.000,3.000,0.000,0.000,4.000,0,0,0
B3_zmq_pushpull,zmq_tcp,none,none,,1,21511,512,584,1785153457971589000,1785153457971589000,1785153457971589000,1785153457971590000,1785153457971677000,1785153457971681000,1785153457971681000,1785153457971681000,121932490,121652369,-193.121,0.000,0.000,1.000,4.000,0.000,0.000,14.000,0,0,0
B3_zmq_pushpull,zmq_tcp,none,none,,1,21512,512,584,1785153457972588000,1785153457972588000,1785153457972588000,1785153457972589000,1785153457972678000,1785153457972681000,1785153457972681000,1785153457972681000,121932490,121652369,-191.121,0.000,0.000,1.000,3.000,0.000,0.000,2.000,0,0,0
B3_zmq_pushpull,zmq_tcp,none,none,,1,21513,512,584,1785153457973589000,1785153457973590000,1785153457973590000,1785153457973591000,1785153457973674000,1785153457973677000,1785153457973677000,1785153457973677000,121932490,121652369,-197.121,1.000,0.000,1.000,3.000,0.000,0.000,6.000,0,0,0
B3_zmq_pushpull,zmq_tcp,none,none,,1,21514,512,584,1785153457974587000,1785153457974587000,1785153457974587000,1785153457974588000,1785153457974681000,1785153457974683000,1785153457974683000,1785153457974683000,121932490,121652369,-187.121,0.000,0.000,1.000,2.000,0.000,0.000,10.000,0,0,0
B3_zmq_pushpull,zmq_tcp,none,none,,1,21515,512,584,1785153457975587000,1785153457975587000,1785153457975587000,1785153457975588000,1785153457975689000,1785153457975692000,1785153457975692000,1785153457975692000,121932490,121652369,-179.121,0.000,0.000,1.000,3.000,0.000,0.000,8.000,0,0,0
B3_zmq_pushpull,zmq_tcp,none,none,,1,21516,512,584,1785153457976584000,1785153457976584000,1785153457976584000,1785153457976585000,1785153457976675000,1785153457976678000,1785153457976678000,1785153457976678000,121932490,121652369,-190.121,0.000,0.000,1.000,3.000,0.000,0.000,11.000,0,0,0
B3_zmq_pushpull,zmq_tcp,none,none,,1,21517,512,584,1785153457977588000,1785153457977588000,1785153457977588000,1785153457977589000,1785153457977680000,1785153457977682000,1785153457977682000,1785153457977682000,121932490,121652369,-189.121,0.000,0.000,1.000,2.000,0.000,0.000,1.000,0,0,0
B3_zmq_pushpull,zmq_tcp,none,none,,1,21518,512,584,1785153457978587000,1785153457978588000,1785153457978588000,1785153457978589000,1785153457978695000,1785153457978698000,1785153457978698000,1785153457978698000,121932490,121652369,-174.121,1.000,0.000,1.000,3.000,0.000,0.000,15.000,0,0,0
B3_zmq_pushpull,zmq_tcp,none,none,,1,21519,512,584,1785153457979583000,1785153457979583000,1785153457979583000,1785153457979584000,1785153457979696000,1785153457979698000,1785153457979698000,1785153457979698000,121932490,121652369,-168.121,0.000,0.000,1.000,2.000,0.000,0.000,6.000,0,0,0
B3_zmq_pushpull,zmq_tcp,none,none,,1,21520,512,584,1785153457980589000,1785153457980589000,1785153457980589000,1785153457980590000,1785153457980695000,1785153457980698000,1785153457980698000,1785153457980698000,121932490,121652369,-175.121,0.000,0.000,1.000,3.000,0.000,0.000,7.000,0,0,0
B3_zmq_pushpull,zmq_tcp,none,none,,1,21521,512,584,1785153457981587000,1785153457981587000,1785153457981587000,1785153457981588000,1785153457981695000,1785153457981698000,1785153457981698000,1785153457981698000,121932490,121652369,-173.121,0.000,0.000,1.000,3.000,0.000,0.000,2.000,0,0,0
B3_zmq_pushpull,zmq_tcp,none,none,,1,21522,512,584,1785153457982400000,1785153457982400000,1785153457982400000,1785153457982401000,1785153457982545000,1785153457982547000,1785153457982547000,1785153457982548000,121932490,121652369,-136.121,0.000,0.000,1.000,2.000,0.000,1.000,37.000,0,0,0
B3_zmq_pushpull,zmq_tcp,none,none,,1,21523,512,584,1785153457983631000,1785153457983631000,1785153457983631000,1785153457983632000,1785153457983681000,1785153457983684000,1785153457983684000,1785153457983684000,121932490,121652369,-231.121,0.000,0.000,1.000,3.000,0.000,0.000,95.000,0,0,0
B3_zmq_pushpull,zmq_tcp,none,none,,1,21524,512,584,1785153457984577000,1785153457984577000,1785153457984577000,1785153457984578000,1785153457984678000,1785153457984681000,1785153457984681000,1785153457984681000,121932490,121652369,-180.121,0.000,0.000,1.000,3.000,0.000,0.000,51.000,0,0,0
B3_zmq_pushpull,zmq_tcp,none,none,,1,21525,512,584,1785153457985594000,1785153457985594000,1785153457985594000,1785153457985595000,1785153457985685000,1785153457985688000,1785153457985688000,1785153457985688000,121932490,121652369,-190.121,0.000,0.000,1.000,3.000,0.000,0.000,10.000,0,0,0
B3_zmq_pushpull,zmq_tcp,none,none,,1,21526,512,584,1785153457986583000,1785153457986583000,1785153457986583000,1785153457986584000,1785153457986677000,1785153457986680000,1785153457986680000,1785153457986680000,121932490,121652369,-187.121,0.000,0.000,1.000,3.000,0.000,0.000,3.000,0,0,0
B3_zmq_pushpull,zmq_tcp,none,none,,1,21527,512,584,1785153457987515000,1785153457987516000,1785153457987516000,1785153457987517000,1785153457987674000,1785153457987682000,1785153457987682000,1785153457987682000,121932490,121652369,-123.121,1.000,0.000,1.000,8.000,0.000,0.000,64.000,0,0,0
B3_zmq_pushpull,zmq_tcp,none,none,,1,21528,512,584,1785153457988395000,1785153457988395000,1785153457988395000,1785153457988396000,1785153457988537000,1785153457988540000,1785153457988540000,1785153457988540000,121932490,121652369,-139.121,0.000,0.000,1.000,3.000,0.000,0.000,16.000,0,0,0
B3_zmq_pushpull,zmq_tcp,none,none,,1,21529,512,584,1785153457989515000,1785153457989515000,1785153457989515000,1785153457989516000,1785153457989660000,1785153457989663000,1785153457989663000,1785153457989663000,121932490,121652369,-136.121,0.000,0.000,1.000,3.000,0.000,0.000,3.000,0,0,0
B3_zmq_pushpull,zmq_tcp,none,none,,1,21530,512,584,1785153457990493000,1785153457990493000,1785153457990493000,1785153457990494000,1785153457990637000,1785153457990640000,1785153457990640000,1785153457990640000,121932490,121652369,-137.121,0.000,0.000,1.000,3.000,0.000,0.000,1.000,0,0,0
B3_zmq_pushpull,zmq_tcp,none,none,,1,21531,512,584,1785153457991611000,1785153457991611000,1785153457991611000,1785153457991612000,1785153457991746000,1785153457991748000,1785153457991748000,1785153457991748000,121932490,121652369,-146.121,0.000,0.000,1.000,2.000,0.000,0.000,9.000,0,0,0
B3_zmq_pushpull,zmq_tcp,none,none,,1,21532,512,584,1785153457992586000,1785153457992586000,1785153457992586000,1785153457992587000,1785153457992764000,1785153457992767000,1785153457992767000,1785153457992767000,121932490,121652369,-103.121,0.000,0.000,1.000,3.000,0.000,0.000,43.000,0,0,0
B3_zmq_pushpull,zmq_tcp,none,none,,1,21533,512,584,1785153457993463000,1785153457993463000,1785153457993463000,1785153457993464000,1785153457993622000,1785153457993625000,1785153457993625000,1785153457993625000,121932490,121652369,-122.121,0.000,0.000,1.000,3.000,0.000,0.000,19.000,0,0,0
B3_zmq_pushpull,zmq_tcp,none,none,,1,21534,512,584,1785153457994465000,1785153457994465000,1785153457994465000,1785153457994466000,1785153457994624000,1785153457994626000,1785153457994626000,1785153457994626000,121932490,121652369,-122.121,0.000,0.000,1.000,2.000,0.000,0.000,0.000,0,0,0
B3_zmq_pushpull,zmq_tcp,none,none,,1,21535,512,584,1785153457995460000,1785153457995460000,1785153457995460000,1785153457995461000,1785153457995614000,1785153457995617000,1785153457995617000,1785153457995617000,121932490,121652369,-127.121,0.000,0.000,1.000,3.000,0.000,0.000,5.000,0,0,0
B3_zmq_pushpull,zmq_tcp,none,none,,1,21536,512,584,1785153457996618000,1785153457996619000,1785153457996619000,1785153457996620000,1785153457996761000,1785153457996764000,1785153457996764000,1785153457996764000,121932490,121652369,-139.121,1.000,0.000,1.000,3.000,0.000,0.000,12.000,0,0,0
B3_zmq_pushpull,zmq_tcp,none,none,,1,21537,512,584,1785153457997576000,1785153457997576000,1785153457997577000,1785153457997577000,1785153457997616000,1785153457997620000,1785153457997620000,1785153457997620000,121932490,121652369,-241.121,0.000,1.000,0.000,4.000,0.000,0.000,102.000,0,0,0
B3_zmq_pushpull,zmq_tcp,none,none,,1,21538,512,584,1785153457998463000,1785153457998463000,1785153457998464000,1785153457998464000,1785153457998621000,1785153457998624000,1785153457998624000,1785153457998624000,121932490,121652369,-123.121,0.000,1.000,0.000,3.000,0.000,0.000,118.000,0,0,0
B3_zmq_pushpull,zmq_tcp,none,none,,1,21539,512,584,1785153457999480000,1785153457999480000,1785153457999480000,1785153457999481000,1785153457999638000,1785153457999641000,1785153457999641000,1785153457999641000,121932490,121652369,-123.121,0.000,0.000,1.000,3.000,0.000,0.000,0.000,0,0,0
B3_zmq_pushpull,zmq_tcp,none,none,,1,21540,512,584,1785153458000616000,1785153458000616000,1785153458000616000,1785153458000617000,1785153458000795000,1785153458000798000,1785153458000798000,1785153458000798000,121932490,121652369,-102.121,0.000,0.000,1.000,3.000,0.000,0.000,21.000,0,0,0
B3_zmq_pushpull,zmq_tcp,none,none,,1,21541,512,584,1785153458001576000,1785153458001576000,1785153458001576000,1785153458001577000,1785153458001639000,1785153458001642000,1785153458001642000,1785153458001642000,121932490,121652369,-218.121,0.000,0.000,1.000,3.000,0.000,0.000,116.000,0,0,0
B3_zmq_pushpull,zmq_tcp,none,none,,1,21542,512,584,1785153458002591000,1785153458002591000,1785153458002591000,1785153458002592000,1785153458002641000,1785153458002645000,1785153458002645000,1785153458002645000,121932490,121652369,-231.121,0.000,0.000,1.000,4.000,0.000,0.000,13.000,0,0,0
B3_zmq_pushpull,zmq_tcp,none,none,,1,21543,512,584,1785153458003486000,1785153458003486000,1785153458003487000,1785153458003487000,1785153458003630000,1785153458003634000,1785153458003634000,1785153458003634000,121932490,121652369,-137.121,0.000,1.000,0.000,4.000,0.000,0.000,94.000,0,0,0
B3_zmq_pushpull,zmq_tcp,none,none,,1,21544,512,584,1785153458004612000,1785153458004612000,1785153458004612000,1785153458004613000,1785153458004759000,1785153458004761000,1785153458004761000,1785153458004761000,121932490,121652369,-134.121,0.000,0.000,1.000,2.000,0.000,0.000,3.000,0,0,0
B3_zmq_pushpull,zmq_tcp,none,none,,1,21545,512,584,1785153458005578000,1785153458005578000,1785153458005578000,1785153458005579000,1785153458005621000,1785153458005624000,1785153458005624000,1785153458005625000,121932490,121652369,-238.121,0.000,0.000,1.000,3.000,0.000,1.000,104.000,0,0,0
B3_zmq_pushpull,zmq_tcp,none,none,,1,21546,512,584,1785153458006478000,1785153458006478000,1785153458006478000,1785153458006479000,1785153458006627000,1785153458006630000,1785153458006630000,1785153458006630000,121932490,121652369,-132.121,0.000,0.000,1.000,3.000,0.000,0.000,106.000,0,0,0
B3_zmq_pushpull,zmq_tcp,none,none,,1,21547,512,584,1785153458007617000,1785153458007617000,1785153458007618000,1785153458007618000,1785153458007749000,1785153458007752000,1785153458007752000,1785153458007752000,121932490,121652369,-149.121,0.000,1.000,0.000,3.000,0.000,0.000,17.000,0,0,0
B3_zmq_pushpull,zmq_tcp,none,none,,1,21548,512,584,1785153458008577000,1785153458008577000,1785153458008578000,1785153458008578000,1785153458008754000,1785153458008757000,1785153458008757000,1785153458008757000,121932490,121652369,-104.121,0.000,1.000,0.000,3.000,0.000,0.000,45.000,0,0,0
B3_zmq_pushpull,zmq_tcp,none,none,,1,21549,512,584,1785153458009589000,1785153458009589000,1785153458009589000,1785153458009590000,1785153458009749000,1785153458009752000,1785153458009752000,1785153458009752000,121932490,121652369,-121.121,0.000,0.000,1.000,3.000,0.000,0.000,17.000,0,0,0
B3_zmq_pushpull,zmq_tcp,none,none,,1,21550,512,584,1785153458010586000,1785153458010586000,1785153458010586000,1785153458010587000,1785153458010728000,1785153458010731000,1785153458010731000,1785153458010731000,121932490,121652369,-139.121,0.000,0.000,1.000,3.000,0.000,0.000,18.000,0,0,0
B3_zmq_pushpull,zmq_tcp,none,none,,1,21551,512,584,1785153458011587000,1785153458011587000,1785153458011587000,1785153458011588000,1785153458011733000,1785153458011736000,1785153458011736000,1785153458011736000,121932490,121652369,-135.121,0.000,0.000,1.000,3.000,0.000,0.000,4.000,0,0,0
B3_zmq_pushpull,zmq_tcp,none,none,,1,21552,512,584,1785153458012584000,1785153458012584000,1785153458012584000,1785153458012585000,1785153458012720000,1785153458012723000,1785153458012723000,1785153458012723000,121932490,121652369,-145.121,0.000,0.000,1.000,3.000,0.000,0.000,10.000,0,0,0
B3_zmq_pushpull,zmq_tcp,none,none,,1,21553,512,584,1785153458013589000,1785153458013589000,1785153458013589000,1785153458013590000,1785153458013724000,1785153458013726000,1785153458013727000,1785153458013727000,121932490,121652369,-146.121,0.000,0.000,1.000,2.000,1.000,0.000,1.000,0,0,0
B3_zmq_pushpull,zmq_tcp,none,none,,1,21554,512,584,1785153458014589000,1785153458014590000,1785153458014590000,1785153458014591000,1785153458014711000,1785153458014714000,1785153458014714000,1785153458014714000,121932490,121652369,-160.121,1.000,0.000,1.000,3.000,0.000,0.000,14.000,0,0,0
B3_zmq_pushpull,zmq_tcp,none,none,,1,21555,512,584,1785153458015583000,1785153458015583000,1785153458015583000,1785153458015584000,1785153458015704000,1785153458015706000,1785153458015706000,1785153458015706000,121932490,121652369,-160.121,0.000,0.000,1.000,2.000,0.000,0.000,0.000,0,0,0
B3_zmq_pushpull,zmq_tcp,none,none,,1,21556,512,584,1785153458016589000,1785153458016590000,1785153458016590000,1785153458016591000,1785153458016701000,1785153458016704000,1785153458016704000,1785153458016704000,121932490,121652369,-170.121,1.000,0.000,1.000,3.000,0.000,0.000,10.000,0,0,0
B3_zmq_pushpull,zmq_tcp,none,none,,1,21557,512,584,1785153458017587000,1785153458017587000,1785153458017587000,1785153458017588000,1785153458017699000,1785153458017702000,1785153458017702000,1785153458017702000,121932490,121652369,-169.121,0.000,0.000,1.000,3.000,0.000,0.000,1.000,0,0,0
B3_zmq_pushpull,zmq_tcp,none,none,,1,21558,512,584,1785153458018587000,1785153458018587000,1785153458018588000,1785153458018588000,1785153458018699000,1785153458018701000,1785153458018701000,1785153458018701000,121932490,121652369,-169.121,0.000,1.000,0.000,2.000,0.000,0.000,0.000,0,0,0
B3_zmq_pushpull,zmq_tcp,none,none,,1,21559,512,584,1785153458019584000,1785153458019584000,1785153458019585000,1785153458019585000,1785153458019689000,1785153458019692000,1785153458019692000,1785153458019692000,121932490,121652369,-176.121,0.000,1.000,0.000,3.000,0.000,0.000,7.000,0,0,0
B3_zmq_pushpull,zmq_tcp,none,none,,1,21560,512,584,1785153458020589000,1785153458020589000,1785153458020589000,1785153458020590000,1785153458020685000,1785153458020688000,1785153458020688000,1785153458020688000,121932490,121652369,-185.121,0.000,0.000,1.000,3.000,0.000,0.000,9.000,0,0,0
B3_zmq_pushpull,zmq_tcp,none,none,,1,21561,512,584,1785153458021587000,1785153458021587000,1785153458021587000,1785153458021588000,1785153458021672000,1785153458021674000,1785153458021675000,1785153458021675000,121932490,121652369,-196.121,0.000,0.000,1.000,2.000,1.000,0.000,11.000,0,0,0
B3_zmq_pushpull,zmq_tcp,none,none,,1,21562,512,584,1785153458022588000,1785153458022588000,1785153458022588000,1785153458022589000,1785153458022684000,1785153458022687000,1785153458022687000,1785153458022687000,121932490,121652369,-185.121,0.000,0.000,1.000,3.000,0.000,0.000,11.000,0,0,0
B3_zmq_pushpull,zmq_tcp,none,none,,1,21563,512,584,1785153458023586000,1785153458023586000,1785153458023586000,1785153458023587000,1785153458023695000,1785153458023697000,1785153458023697000,1785153458023697000,121932490,121652369,-172.121,0.000,0.000,1.000,2.000,0.000,0.000,13.000,0,0,0
B3_zmq_pushpull,zmq_tcp,none,none,,1,21564,512,584,1785153458024587000,1785153458024587000,1785153458024587000,1785153458024588000,1785153458024685000,1785153458024688000,1785153458024688000,1785153458024688000,121932490,121652369,-183.121,0.000,0.000,1.000,3.000,0.000,0.000,11.000,0,0,0
B3_zmq_pushpull,zmq_tcp,none,none,,1,21565,512,584,1785153458025587000,1785153458025587000,1785153458025587000,1785153458025588000,1785153458025680000,1785153458025683000,1785153458025683000,1785153458025683000,121932490,121652369,-188.121,0.000,0.000,1.000,3.000,0.000,0.000,5.000,0,0,0
B3_zmq_pushpull,zmq_tcp,none,none,,1,21566,512,584,1785153458026588000,1785153458026588000,1785153458026588000,1785153458026589000,1785153458026668000,1785153458026671000,1785153458026671000,1785153458026671000,121932490,121652369,-201.121,0.000,0.000,1.000,3.000,0.000,0.000,13.000,0,0,0
B3_zmq_pushpull,zmq_tcp,none,none,,1,21567,512,584,1785153458027509000,1785153458027509000,1785153458027509000,1785153458027510000,1785153458027668000,1785153458027671000,1785153458027671000,1785153458027671000,121932490,121652369,-122.121,0.000,0.000,1.000,3.000,0.000,0.000,79.000,0,0,0
B3_zmq_pushpull,zmq_tcp,none,none,,1,21568,512,584,1785153458028610000,1785153458028610000,1785153458028610000,1785153458028611000,1785153458028680000,1785153458028683000,1785153458028683000,1785153458028683000,121932490,121652369,-211.121,0.000,0.000,1.000,3.000,0.000,0.000,89.000,0,0,0
B3_zmq_pushpull,zmq_tcp,none,none,,1,21569,512,584,1785153458029582000,1785153458029582000,1785153458029582000,1785153458029583000,1785153458029677000,1785153458029680000,1785153458029680000,1785153458029680000,121932490,121652369,-186.121,0.000,0.000,1.000,3.000,0.000,0.000,25.000,0,0,0
B3_zmq_pushpull,zmq_tcp,none,none,,1,21570,512,584,1785153458030591000,1785153458030591000,1785153458030591000,1785153458030592000,1785153458030676000,1785153458030679000,1785153458030679000,1785153458030679000,121932490,121652369,-196.121,0.000,0.000,1.000,3.000,0.000,0.000,10.000,0,0,0
B3_zmq_pushpull,zmq_tcp,none,none,,1,21571,512,584,1785153458031586000,1785153458031586000,1785153458031586000,1785153458031587000,1785153458031680000,1785153458031683000,1785153458031683000,1785153458031683000,121932490,121652369,-187.121,0.000,0.000,1.000,3.000,0.000,0.000,9.000,0,0,0
B3_zmq_pushpull,zmq_tcp,none,none,,1,21572,512,584,1785153458032588000,1785153458032588000,1785153458032588000,1785153458032589000,1785153458032667000,1785153458032670000,1785153458032670000,1785153458032670000,121932490,121652369,-202.121,0.000,0.000,1.000,3.000,0.000,0.000,15.000,0,0,0
B3_zmq_pushpull,zmq_tcp,none,none,,1,21573,512,584,1785153458033587000,1785153458033587000,1785153458033587000,1785153458033588000,1785153458033657000,1785153458033660000,1785153458033660000,1785153458033660000,121932490,121652369,-211.121,0.000,0.000,1.000,3.000,0.000,0.000,9.000,0,0,0
B3_zmq_pushpull,zmq_tcp,none,none,,1,21574,512,584,1785153458034587000,1785153458034587000,1785153458034587000,1785153458034588000,1785153458034664000,1785153458034667000,1785153458034667000,1785153458034667000,121932490,121652369,-204.121,0.000,0.000,1.000,3.000,0.000,0.000,7.000,0,0,0
B3_zmq_pushpull,zmq_tcp,none,none,,1,21575,512,584,1785153458035586000,1785153458035586000,1785153458035586000,1785153458035587000,1785153458035663000,1785153458035667000,1785153458035667000,1785153458035667000,121932490,121652369,-204.121,0.000,0.000,1.000,4.000,0.000,0.000,0.000,0,0,0
B3_zmq_pushpull,zmq_tcp,none,none,,1,21576,512,584,1785153458036587000,1785153458036587000,1785153458036587000,1785153458036588000,1785153458036660000,1785153458036663000,1785153458036663000,1785153458036663000,121932490,121652369,-208.121,0.000,0.000,1.000,3.000,0.000,0.000,4.000,0,0,0
B3_zmq_pushpull,zmq_tcp,none,none,,1,21577,512,584,1785153458037587000,1785153458037587000,1785153458037587000,1785153458037588000,1785153458037667000,1785153458037671000,1785153458037671000,1785153458037671000,121932490,121652369,-201.121,0.000,0.000,1.000,4.000,0.000,0.000,7.000,0,0,0
B3_zmq_pushpull,zmq_tcp,none,none,,1,21578,512,584,1785153458038587000,1785153458038587000,1785153458038587000,1785153458038588000,1785153458038664000,1785153458038667000,1785153458038667000,1785153458038667000,121932490,121652369,-204.121,0.000,0.000,1.000,3.000,0.000,0.000,3.000,0,0,0
B3_zmq_pushpull,zmq_tcp,none,none,,1,21579,512,584,1785153458039586000,1785153458039586000,1785153458039586000,1785153458039587000,1785153458039640000,1785153458039643000,1785153458039643000,1785153458039643000,121932490,121652369,-227.121,0.000,0.000,1.000,3.000,0.000,0.000,23.000,0,0,0
B3_zmq_pushpull,zmq_tcp,none,none,,1,21580,512,584,1785153458040484000,1785153458040484000,1785153458040484000,1785153458040485000,1785153458040628000,1785153458040631000,1785153458040631000,1785153458040631000,121932490,121652369,-137.121,0.000,0.000,1.000,3.000,0.000,0.000,90.000,0,0,0
B3_zmq_pushpull,zmq_tcp,none,none,,1,21581,512,584,1785153458041612000,1785153458041612000,1785153458041612000,1785153458041613000,1785153458041772000,1785153458041775000,1785153458041775000,1785153458041775000,121932490,121652369,-121.121,0.000,0.000,1.000,3.000,0.000,0.000,16.000,0,0,0
B3_zmq_pushpull,zmq_tcp,none,none,,1,21582,512,584,1785153458042476000,1785153458042476000,1785153458042476000,1785153458042477000,1785153458042636000,1785153458042639000,1785153458042639000,1785153458042639000,121932490,121652369,-121.121,0.000,0.000,1.000,3.000,0.000,0.000,0.000,0,0,0
B3_zmq_pushpull,zmq_tcp,none,none,,1,21583,512,584,1785153458043617000,1785153458043617000,1785153458043618000,1785153458043618000,1785153458043777000,1785153458043780000,1785153458043780000,1785153458043780000,121932490,121652369,-121.121,0.000,1.000,0.000,3.000,0.000,0.000,0.000,0,0,0
B3_zmq_pushpull,zmq_tcp,none,none,,1,21584,512,584,1785153458044580000,1785153458044580000,1785153458044580000,1785153458044581000,1785153458044623000,1785153458044626000,1785153458044626000,1785153458044626000,121932490,121652369,-238.121,0.000,0.000,1.000,3.000,0.000,0.000,117.000,0,0,0
B3_zmq_pushpull,zmq_tcp,none,none,,1,21585,512,584,1785153458045589000,1785153458045589000,1785153458045590000,1785153458045591000,1785153458045751000,1785153458045753000,1785153458045753000,1785153458045753000,121932490,121652369,-120.121,0.000,1.000,1.000,2.000,0.000,0.000,118.000,0,0,0
B3_zmq_pushpull,zmq_tcp,none,none,,1,21586,512,584,1785153458046583000,1785153458046583000,1785153458046583000,1785153458046584000,1785153458046736000,1785153458046739000,1785153458046739000,1785153458046739000,121932490,121652369,-128.121,0.000,0.000,1.000,3.000,0.000,0.000,8.000,0,0,0
B3_zmq_pushpull,zmq_tcp,none,none,,1,21587,512,584,1785153458047588000,1785153458047588000,1785153458047588000,1785153458047589000,1785153458047747000,1785153458047749000,1785153458047749000,1785153458047749000,121932490,121652369,-122.121,0.000,0.000,1.000,2.000,0.000,0.000,6.000,0,0,0
B3_zmq_pushpull,zmq_tcp,none,none,,1,21588,512,584,1785153458048587000,1785153458048587000,1785153458048587000,1785153458048588000,1785153458048755000,1785153458048757000,1785153458048757000,1785153458048757000,121932490,121652369,-113.121,0.000,0.000,1.000,2.000,0.000,0.000,9.000,0,0,0
B3_zmq_pushpull,zmq_tcp,none,none,,1,21589,512,584,1785153458049461000,1785153458049461000,1785153458049461000,1785153458049463000,1785153458049607000,1785153458049610000,1785153458049610000,1785153458049610000,121932490,121652369,-136.121,0.000,0.000,2.000,3.000,0.000,0.000,23.000,0,0,0
B3_zmq_pushpull,zmq_tcp,none,none,,1,21590,512,584,1785153458050435000,1785153458050436000,1785153458050436000,1785153458050437000,1785153458050593000,1785153458050596000,1785153458050596000,1785153458050596000,121932490,121652369,-124.121,1.000,0.000,1.000,3.000,0.000,0.000,12.000,0,0,0
B3_zmq_pushpull,zmq_tcp,none,none,,1,21591,512,584,1785153458051453000,1785153458051453000,1785153458051453000,1785153458051455000,1785153458051603000,1785153458051606000,1785153458051606000,1785153458051606000,121932490,121652369,-132.121,0.000,0.000,2.000,3.000,0.000,0.000,8.000,0,0,0
B3_zmq_pushpull,zmq_tcp,none,none,,1,21592,512,584,1785153458052446000,1785153458052446000,1785153458052446000,1785153458052447000,1785153458052600000,1785153458052603000,1785153458052603000,1785153458052603000,121932490,121652369,-127.121,0.000,0.000,1.000,3.000,0.000,0.000,5.000,0,0,0
B3_zmq_pushpull,zmq_tcp,none,none,,1,21593,512,584,1785153458053432000,1785153458053432000,1785153458053432000,1785153458053433000,1785153458053588000,1785153458053591000,1785153458053591000,1785153458053591000,121932490,121652369,-125.121,0.000,0.000,1.000,3.000,0.000,0.000,2.000,0,0,0
B3_zmq_pushpull,zmq_tcp,none,none,,1,21594,512,584,1785153458054623000,1785153458054623000,1785153458054623000,1785153458054624000,1785153458054740000,1785153458054743000,1785153458054743000,1785153458054743000,121932490,121652369,-164.121,0.000,0.000,1.000,3.000,0.000,0.000,39.000,0,0,0
B3_zmq_pushpull,zmq_tcp,none,none,,1,21595,512,584,1785153458055580000,1785153458055581000,1785153458055581000,1785153458055582000,1785153458055755000,1785153458055757000,1785153458055757000,1785153458055757000,121932490,121652369,-107.121,1.000,0.000,1.000,2.000,0.000,0.000,57.000,0,0,0
B3_zmq_pushpull,zmq_tcp,none,none,,1,21596,512,584,1785153458056590000,1785153458056590000,1785153458056590000,1785153458056591000,1785153458056763000,1785153458056766000,1785153458056766000,1785153458056766000,121932490,121652369,-108.121,0.000,0.000,1.000,3.000,0.000,0.000,1.000,0,0,0
B3_zmq_pushpull,zmq_tcp,none,none,,1,21597,512,584,1785153458057475000,1785153458057475000,1785153458057476000,1785153458057476000,1785153458057636000,1785153458057639000,1785153458057639000,1785153458057639000,121932490,121652369,-120.121,0.000,1.000,0.000,3.000,0.000,0.000,12.000,0,0,0
B3_zmq_pushpull,zmq_tcp,none,none,,1,21598,512,584,1785153458058616000,1785153458058616000,1785153458058616000,1785153458058617000,1785153458058785000,1785153458058789000,1785153458058789000,1785153458058789000,121932490,121652369,-112.121,0.000,0.000,1.000,4.000,0.000,0.000,8.000,0,0,0
B3_zmq_pushpull,zmq_tcp,none,none,,1,21599,512,584,1785153458059581000,1785153458059581000,1785153458059581000,1785153458059582000,1785153458059625000,1785153458059629000,1785153458059629000,1785153458059629000,121932490,121652369,-237.121,0.000,0.000,1.000,4.000,0.000,0.000,125.000,0,0,0
B3_zmq_pushpull,zmq_tcp,none,none,,1,21600,512,584,1785153458060589000,1785153458060589000,1785153458060589000,1785153458060590000,1785153458060768000,1785153458060771000,1785153458060771000,1785153458060771000,121932490,121652369,-102.121,0.000,0.000,1.000,3.000,0.000,0.000,135.000,0,0,0
B3_zmq_pushpull,zmq_tcp,none,none,,1,21601,512,584,1785153458061585000,1785153458061585000,1785153458061585000,1785153458061586000,1785153458061631000,1785153458061635000,1785153458061635000,1785153458061635000,121932490,121652369,-235.121,0.000,0.000,1.000,4.000,0.000,0.000,133.000,0,0,0
B3_zmq_pushpull,zmq_tcp,none,none,,1,21602,512,584,1785153458062589000,1785153458062589000,1785153458062589000,1785153458062590000,1785153458062648000,1785153458062651000,1785153458062651000,1785153458062651000,121932490,121652369,-222.121,0.000,0.000,1.000,3.000,0.000,0.000,13.000,0,0,0
B3_zmq_pushpull,zmq_tcp,none,none,,1,21603,512,584,1785153458063505000,1785153458063505000,1785153458063505000,1785153458063506000,1785153458063663000,1785153458063666000,1785153458063666000,1785153458063666000,121932490,121652369,-123.121,0.000,0.000,1.000,3.000,0.000,0.000,99.000,0,0,0
B3_zmq_pushpull,zmq_tcp,none,none,,1,21604,512,584,1785153458064611000,1785153458064611000,1785153458064611000,1785153458064612000,1785153458064674000,1785153458064677000,1785153458064677000,1785153458064677000,121932490,121652369,-218.121,0.000,0.000,1.000,3.000,0.000,0.000,95.000,0,0,0
B3_zmq_pushpull,zmq_tcp,none,none,,1,21605,512,584,1785153458065578000,1785153458065578000,1785153458065578000,1785153458065579000,1785153458065685000,1785153458065688000,1785153458065688000,1785153458065688000,121932490,121652369,-174.121,0.000,0.000,1.000,3.000,0.000,0.000,44.000,0,0,0
B3_zmq_pushpull,zmq_tcp,none,none,,1,21606,512,584,1785153458066590000,1785153458066590000,1785153458066590000,1785153458066591000,1785153458066683000,1785153458066685000,1785153458066685000,1785153458066685000,121932490,121652369,-188.121,0.000,0.000,1.000,2.000,0.000,0.000,14.000,0,0,0
B3_zmq_pushpull,zmq_tcp,none,none,,1,21607,512,584,1785153458067587000,1785153458067587000,1785153458067588000,1785153458067588000,1785153458067680000,1785153458067683000,1785153458067683000,1785153458067683000,121932490,121652369,-188.121,0.000,1.000,0.000,3.000,0.000,0.000,0.000,0,0,0
B3_zmq_pushpull,zmq_tcp,none,none,,1,21608,512,584,1785153458068587000,1785153458068587000,1785153458068588000,1785153458068588000,1785153458068691000,1785153458068694000,1785153458068694000,1785153458068694000,121932490,121652369,-177.121,0.000,1.000,0.000,3.000,0.000,0.000,11.000,0,0,0
B3_zmq_pushpull,zmq_tcp,none,none,,1,21609,512,584,1785153458069585000,1785153458069586000,1785153458069586000,1785153458069587000,1785153458069702000,1785153458069704000,1785153458069704000,1785153458069704000,121932490,121652369,-165.121,1.000,0.000,1.000,2.000,0.000,0.000,12.000,0,0,0
B3_zmq_pushpull,zmq_tcp,none,none,,1,21610,512,584,1785153458070587000,1785153458070587000,1785153458070587000,1785153458070588000,1785153458070716000,1785153458070719000,1785153458070719000,1785153458070719000,121932490,121652369,-152.121,0.000,0.000,1.000,3.000,0.000,0.000,13.000,0,0,0
B3_zmq_pushpull,zmq_tcp,none,none,,1,21611,512,584,1785153458071587000,1785153458071587000,1785153458071587000,1785153458071588000,1785153458071722000,1785153458071724000,1785153458071724000,1785153458071724000,121932490,121652369,-146.121,0.000,0.000,1.000,2.000,0.000,0.000,6.000,0,0,0
B3_zmq_pushpull,zmq_tcp,none,none,,1,21612,512,584,1785153458072586000,1785153458072587000,1785153458072587000,1785153458072588000,1785153458072728000,1785153458072731000,1785153458072731000,1785153458072731000,121932490,121652369,-140.121,1.000,0.000,1.000,3.000,0.000,0.000,6.000,0,0,0
B3_zmq_pushpull,zmq_tcp,none,none,,1,21613,512,584,1785153458073584000,1785153458073584000,1785153458073584000,1785153458073585000,1785153458073726000,1785153458073728000,1785153458073728000,1785153458073728000,121932490,121652369,-139.121,0.000,0.000,1.000,2.000,0.000,0.000,1.000,0,0,0
B3_zmq_pushpull,zmq_tcp,none,none,,1,21614,512,584,1785153458074435000,1785153458074435000,1785153458074435000,1785153458074436000,1785153458074590000,1785153458074592000,1785153458074592000,1785153458074592000,121932490,121652369,-126.121,0.000,0.000,1.000,2.000,0.000,0.000,13.000,0,0,0
B3_zmq_pushpull,zmq_tcp,none,none,,1,21615,512,584,1785153458075626000,1785153458075626000,1785153458075626000,1785153458075627000,1785153458075729000,1785153458075732000,1785153458075732000,1785153458075732000,121932490,121652369,-178.121,0.000,0.000,1.000,3.000,0.000,0.000,52.000,0,0,0
B3_zmq_pushpull,zmq_tcp,none,none,,1,21616,512,584,1785153458076575000,1785153458076576000,1785153458076576000,1785153458076577000,1785153458076756000,1785153458076759000,1785153458076759000,1785153458076759000,121932490,121652369,-101.121,1.000,0.000,1.000,3.000,0.000,0.000,77.000,0,0,0
B3_zmq_pushpull,zmq_tcp,none,none,,1,21617,512,584,1785153458077593000,1785153458077593000,1785153458077593000,1785153458077594000,1785153458077763000,1785153458077765000,1785153458077765000,1785153458077765000,121932490,121652369,-111.121,0.000,0.000,1.000,2.000,0.000,0.000,10.000,0,0,0
B3_zmq_pushpull,zmq_tcp,none,none,,1,21618,512,584,1785153458078586000,1785153458078586000,1785153458078586000,1785153458078587000,1785153458078647000,1785153458078650000,1785153458078650000,1785153458078650000,121932490,121652369,-220.121,0.000,0.000,1.000,3.000,0.000,0.000,109.000,0,0,0
B3_zmq_pushpull,zmq_tcp,none,none,,1,21619,512,584,1785153458079587000,1785153458079588000,1785153458079588000,1785153458079589000,1785153458079664000,1785153458079667000,1785153458079667000,1785153458079667000,121932490,121652369,-205.121,1.000,0.000,1.000,3.000,0.000,0.000,15.000,0,0,0
B3_zmq_pushpull,zmq_tcp,none,none,,1,21620,512,584,1785153458080585000,1785153458080586000,1785153458080586000,1785153458080587000,1785153458080659000,1785153458080662000,1785153458080662000,1785153458080662000,121932490,121652369,-208.121,1.000,0.000,1.000,3.000,0.000,0.000,3.000,0,0,0
B3_zmq_pushpull,zmq_tcp,none,none,,1,21621,512,584,1785153458081589000,1785153458081589000,1785153458081589000,1785153458081590000,1785153458081664000,1785153458081667000,1785153458081667000,1785153458081667000,121932490,121652369,-206.121,0.000,0.000,1.000,3.000,0.000,0.000,2.000,0,0,0
B3_zmq_pushpull,zmq_tcp,none,none,,1,21622,512,584,1785153458082587000,1785153458082588000,1785153458082588000,1785153458082589000,1785153458082666000,1785153458082668000,1785153458082668000,1785153458082668000,121932490,121652369,-203.121,1.000,0.000,1.000,2.000,0.000,0.000,3.000,0,0,0
B3_zmq_pushpull,zmq_tcp,none,none,,1,21623,512,584,1785153458083589000,1785153458083589000,1785153458083589000,1785153458083590000,1785153458083671000,1785153458083673000,1785153458083674000,1785153458083674000,121932490,121652369,-199.121,0.000,0.000,1.000,2.000,1.000,0.000,4.000,0,0,0
B3_zmq_pushpull,zmq_tcp,none,none,,1,21624,512,584,1785153458084585000,1785153458084585000,1785153458084585000,1785153458084586000,1785153458084682000,1785153458084684000,1785153458084684000,1785153458084684000,121932490,121652369,-184.121,0.000,0.000,1.000,2.000,0.000,0.000,15.000,0,0,0
B3_zmq_pushpull,zmq_tcp,none,none,,1,21625,512,584,1785153458085590000,1785153458085590000,1785153458085590000,1785153458085591000,1785153458085690000,1785153458085693000,1785153458085693000,1785153458085693000,121932490,121652369,-181.121,0.000,0.000,1.000,3.000,0.000,0.000,3.000,0,0,0
B3_zmq_pushpull,zmq_tcp,none,none,,1,21626,512,584,1785153458086401000,1785153458086401000,1785153458086401000,1785153458086402000,1785153458086542000,1785153458086544000,1785153458086544000,1785153458086544000,121932490,121652369,-140.121,0.000,0.000,1.000,2.000,0.000,0.000,41.000,0,0,0
B3_zmq_pushpull,zmq_tcp,none,none,,1,21627,512,584,1785153458087393000,1785153458087393000,1785153458087393000,1785153458087394000,1785153458087548000,1785153458087551000,1785153458087551000,1785153458087551000,121932490,121652369,-126.121,0.000,0.000,1.000,3.000,0.000,0.000,14.000,0,0,0
B3_zmq_pushpull,zmq_tcp,none,none,,1,21628,512,584,1785153458088633000,1785153458088633000,1785153458088633000,1785153458088634000,1785153458088667000,1785153458088671000,1785153458088671000,1785153458088671000,121932490,121652369,-247.121,0.000,0.000,1.000,4.000,0.000,0.000,121.000,0,0,0
B3_zmq_pushpull,zmq_tcp,none,none,,1,21629,512,584,1785153458089577000,1785153458089577000,1785153458089577000,1785153458089578000,1785153458089647000,1785153458089650000,1785153458089650000,1785153458089650000,121932490,121652369,-211.121,0.000,0.000,1.000,3.000,0.000,0.000,36.000,0,0,0
B3_zmq_pushpull,zmq_tcp,none,none,,1,21630,512,584,1785153458090590000,1785153458090590000,1785153458090590000,1785153458090591000,1785153458090652000,1785153458090655000,1785153458090655000,1785153458090655000,121932490,121652369,-219.121,0.000,0.000,1.000,3.000,0.000,0.000,8.000,0,0,0
B3_zmq_pushpull,zmq_tcp,none,none,,1,21631,512,584,1785153458091586000,1785153458091586000,1785153458091586000,1785153458091587000,1785153458091666000,1785153458091668000,1785153458091668000,1785153458091668000,121932490,121652369,-201.121,0.000,0.000,1.000,2.000,0.000,0.000,18.000,0,0,0
B3_zmq_pushpull,zmq_tcp,none,none,,1,21632,512,584,1785153458092589000,1785153458092589000,1785153458092589000,1785153458092590000,1785153458092661000,1785153458092664000,1785153458092664000,1785153458092664000,121932490,121652369,-209.121,0.000,0.000,1.000,3.000,0.000,0.000,8.000,0,0,0
B3_zmq_pushpull,zmq_tcp,none,none,,1,21633,512,584,1785153458093587000,1785153458093588000,1785153458093588000,1785153458093589000,1785153458093672000,1785153458093675000,1785153458093675000,1785153458093675000,121932490,121652369,-197.121,1.000,0.000,1.000,3.000,0.000,0.000,12.000,0,0,0
B3_zmq_pushpull,zmq_tcp,none,none,,1,21634,512,584,1785153458094587000,1785153458094588000,1785153458094588000,1785153458094589000,1785153458094667000,1785153458094670000,1785153458094670000,1785153458094670000,121932490,121652369,-202.121,1.000,0.000,1.000,3.000,0.000,0.000,5.000,0,0,0
B3_zmq_pushpull,zmq_tcp,none,none,,1,21635,512,584,1785153458095585000,1785153458095585000,1785153458095585000,1785153458095586000,1785153458095663000,1785153458095666000,1785153458095666000,1785153458095666000,121932490,121652369,-203.121,0.000,0.000,1.000,3.000,0.000,0.000,1.000,0,0,0
B3_zmq_pushpull,zmq_tcp,none,none,,1,21636,512,584,1785153458096516000,1785153458096516000,1785153458096516000,1785153458096517000,1785153458096671000,1785153458096674000,1785153458096674000,1785153458096674000,121932490,121652369,-126.121,0.000,0.000,1.000,3.000,0.000,0.000,77.000,0,0,0
B3_zmq_pushpull,zmq_tcp,none,none,,1,21637,512,584,1785153458097605000,1785153458097605000,1785153458097605000,1785153458097606000,1785153458097662000,1785153458097664000,1785153458097664000,1785153458097664000,121932490,121652369,-224.121,0.000,0.000,1.000,2.000,0.000,0.000,98.000,0,0,0
B3_zmq_pushpull,zmq_tcp,none,none,,1,21638,512,584,1785153458098582000,1785153458098582000,1785153458098582000,1785153458098583000,1785153458098664000,1785153458098667000,1785153458098667000,1785153458098667000,121932490,121652369,-199.121,0.000,0.000,1.000,3.000,0.000,0.000,25.000,0,0,0
B3_zmq_pushpull,zmq_tcp,none,none,,1,21639,512,584,1785153458099590000,1785153458099590000,1785153458099590000,1785153458099591000,1785153458099659000,1785153458099662000,1785153458099662000,1785153458099662000,121932490,121652369,-212.121,0.000,0.000,1.000,3.000,0.000,0.000,13.000,0,0,0
B3_zmq_pushpull,zmq_tcp,none,none,,1,21640,512,584,1785153458100588000,1785153458100588000,1785153458100588000,1785153458100589000,1785153458100656000,1785153458100659000,1785153458100659000,1785153458100659000,121932490,121652369,-213.121,0.000,0.000,1.000,3.000,0.000,0.000,1.000,0,0,0
B3_zmq_pushpull,zmq_tcp,none,none,,1,21641,512,584,1785153458101588000,1785153458101588000,1785153458101588000,1785153458101589000,1785153458101640000,1785153458101643000,1785153458101643000,1785153458101643000,121932490,121652369,-229.121,0.000,0.000,1.000,3.000,0.000,0.000,16.000,0,0,0
B3_zmq_pushpull,zmq_tcp,none,none,,1,21642,512,584,1785153458102585000,1785153458102585000,1785153458102585000,1785153458102586000,1785153458102647000,1785153458102650000,1785153458102650000,1785153458102650000,121932490,121652369,-219.121,0.000,0.000,1.000,3.000,0.000,0.000,10.000,0,0,0
B3_zmq_pushpull,zmq_tcp,none,none,,1,21643,512,584,1785153458103589000,1785153458103590000,1785153458103590000,1785153458103591000,1785153458103651000,1785153458103654000,1785153458103655000,1785153458103655000,121932490,121652369,-220.121,1.000,0.000,1.000,3.000,1.000,0.000,1.000,0,0,0
B3_zmq_pushpull,zmq_tcp,none,none,,1,21644,512,584,1785153458104589000,1785153458104589000,1785153458104589000,1785153458104590000,1785153458104655000,1785153458104658000,1785153458104658000,1785153458104658000,121932490,121652369,-215.121,0.000,0.000,1.000,3.000,0.000,0.000,5.000,0,0,0
B3_zmq_pushpull,zmq_tcp,none,none,,1,21645,512,584,1785153458105589000,1785153458105589000,1785153458105589000,1785153458105590000,1785153458105668000,1785153458105671000,1785153458105671000,1785153458105671000,121932490,121652369,-202.121,0.000,0.000,1.000,3.000,0.000,0.000,13.000,0,0,0
B3_zmq_pushpull,zmq_tcp,none,none,,1,21646,512,584,1785153458106588000,1785153458106588000,1785153458106588000,1785153458106589000,1785153458106688000,1785153458106691000,1785153458106691000,1785153458106691000,121932490,121652369,-181.121,0.000,0.000,1.000,3.000,0.000,0.000,21.000,0,0,0
B3_zmq_pushpull,zmq_tcp,none,none,,1,21647,512,584,1785153458107587000,1785153458107587000,1785153458107587000,1785153458107588000,1785153458107704000,1785153458107707000,1785153458107707000,1785153458107707000,121932490,121652369,-164.121,0.000,0.000,1.000,3.000,0.000,0.000,17.000,0,0,0
B3_zmq_pushpull,zmq_tcp,none,none,,1,21648,512,584,1785153458108587000,1785153458108587000,1785153458108587000,1785153458108588000,1785153458108700000,1785153458108702000,1785153458108702000,1785153458108702000,121932490,121652369,-168.121,0.000,0.000,1.000,2.000,0.000,0.000,4.000,0,0,0
B3_zmq_pushpull,zmq_tcp,none,none,,1,21649,512,584,1785153458109584000,1785153458109584000,1785153458109585000,1785153458109585000,1785153458109704000,1785153458109707000,1785153458109707000,1785153458109707000,121932490,121652369,-161.121,0.000,1.000,0.000,3.000,0.000,0.000,7.000,0,0,0
B3_zmq_pushpull,zmq_tcp,none,none,,1,21650,512,584,1785153458110592000,1785153458110593000,1785153458110593000,1785153458110594000,1785153458110714000,1785153458110717000,1785153458110717000,1785153458110717000,121932490,121652369,-160.121,1.000,0.000,1.000,3.000,0.000,0.000,1.000,0,0,0
B3_zmq_pushpull,zmq_tcp,none,none,,1,21651,512,584,1785153458111587000,1785153458111588000,1785153458111588000,1785153458111589000,1785153458111727000,1785153458111730000,1785153458111730000,1785153458111730000,121932490,121652369,-142.121,1.000,0.000,1.000,3.000,0.000,0.000,18.000,0,0,0
B3_zmq_pushpull,zmq_tcp,none,none,,1,21652,512,584,1785153458112585000,1785153458112586000,1785153458112586000,1785153458112587000,1785153458112740000,1785153458112744000,1785153458112744000,1785153458112744000,121932490,121652369,-127.121,1.000,0.000,1.000,4.000,0.000,0.000,15.000,0,0,0
B3_zmq_pushpull,zmq_tcp,none,none,,1,21653,512,584,1785153458113449000,1785153458113450000,1785153458113450000,1785153458113451000,1785153458113594000,1785153458113597000,1785153458113597000,1785153458113597000,121932490,121652369,-137.121,1.000,0.000,1.000,3.000,0.000,0.000,10.000,0,0,0
B3_zmq_pushpull,zmq_tcp,none,none,,1,21654,512,584,1785153458114622000,1785153458114622000,1785153458114622000,1785153458114623000,1785153458114734000,1785153458114736000,1785153458114737000,1785153458114737000,121932490,121652369,-169.121,0.000,0.000,1.000,2.000,1.000,0.000,32.000,0,0,0
B3_zmq_pushpull,zmq_tcp,none,none,,1,21655,512,584,1785153458115576000,1785153458115576000,1785153458115576000,1785153458115577000,1785153458115742000,1785153458115744000,1785153458115744000,1785153458115744000,121932490,121652369,-115.121,0.000,0.000,1.000,2.000,0.000,0.000,54.000,0,0,0
B3_zmq_pushpull,zmq_tcp,none,none,,1,21656,512,584,1785153458116590000,1785153458116590000,1785153458116590000,1785153458116591000,1785153458116734000,1785153458116737000,1785153458116737000,1785153458116737000,121932490,121652369,-137.121,0.000,0.000,1.000,3.000,0.000,0.000,22.000,0,0,0
B3_zmq_pushpull,zmq_tcp,none,none,,1,21657,512,584,1785153458117587000,1785153458117587000,1785153458117587000,1785153458117588000,1785153458117742000,1785153458117745000,1785153458117745000,1785153458117745000,121932490,121652369,-126.121,0.000,0.000,1.000,3.000,0.000,0.000,11.000,0,0,0
B3_zmq_pushpull,zmq_tcp,none,none,,1,21658,512,584,1785153458118587000,1785153458118587000,1785153458118587000,1785153458118588000,1785153458118746000,1785153458118749000,1785153458118749000,1785153458118749000,121932490,121652369,-122.121,0.000,0.000,1.000,3.000,0.000,0.000,4.000,0,0,0
B3_zmq_pushpull,zmq_tcp,none,none,,1,21659,512,584,1785153458119584000,1785153458119584000,1785153458119584000,1785153458119585000,1785153458119729000,1785153458119732000,1785153458119732000,1785153458119732000,121932490,121652369,-136.121,0.000,0.000,1.000,3.000,0.000,0.000,14.000,0,0,0
B3_zmq_pushpull,zmq_tcp,none,none,,1,21660,512,584,1785153458120589000,1785153458120590000,1785153458120590000,1785153458120591000,1785153458120713000,1785153458120716000,1785153458120716000,1785153458120716000,121932490,121652369,-158.121,1.000,0.000,1.000,3.000,0.000,0.000,22.000,0,0,0
B3_zmq_pushpull,zmq_tcp,none,none,,1,21661,512,584,1785153458121586000,1785153458121587000,1785153458121587000,1785153458121588000,1785153458121694000,1785153458121697000,1785153458121697000,1785153458121697000,121932490,121652369,-174.121,1.000,0.000,1.000,3.000,0.000,0.000,16.000,0,0,0
B3_zmq_pushpull,zmq_tcp,none,none,,1,21662,512,584,1785153458122588000,1785153458122588000,1785153458122588000,1785153458122589000,1785153458122672000,1785153458122674000,1785153458122674000,1785153458122674000,121932490,121652369,-197.121,0.000,0.000,1.000,2.000,0.000,0.000,23.000,0,0,0
B3_zmq_pushpull,zmq_tcp,none,none,,1,21663,512,584,1785153458123587000,1785153458123588000,1785153458123588000,1785153458123589000,1785153458123658000,1785153458123661000,1785153458123661000,1785153458123661000,121932490,121652369,-211.121,1.000,0.000,1.000,3.000,0.000,0.000,14.000,0,0,0
B3_zmq_pushpull,zmq_tcp,none,none,,1,21664,512,584,1785153458124589000,1785153458124589000,1785153458124589000,1785153458124590000,1785153458124649000,1785153458124652000,1785153458124652000,1785153458124652000,121932490,121652369,-221.121,0.000,0.000,1.000,3.000,0.000,0.000,10.000,0,0,0
B3_zmq_pushpull,zmq_tcp,none,none,,1,21665,512,584,1785153458125587000,1785153458125587000,1785153458125587000,1785153458125588000,1785153458125778000,1785153458125781000,1785153458125781000,1785153458125781000,121932490,121652369,-90.121,0.000,0.000,1.000,3.000,0.000,0.000,131.000,0,0,0
B3_zmq_pushpull,zmq_tcp,none,none,,1,21666,512,584,1785153458126592000,1785153458126592000,1785153458126592000,1785153458126593000,1785153458126782000,1785153458126785000,1785153458126785000,1785153458126785000,121932490,121652369,-91.121,0.000,0.000,1.000,3.000,0.000,0.000,1.000,0,0,0
B3_zmq_pushpull,zmq_tcp,none,none,,1,21667,512,584,1785153458127582000,1785153458127583000,1785153458127583000,1785153458127584000,1785153458127774000,1785153458127778000,1785153458127778000,1785153458127778000,121932490,121652369,-90.121,1.000,0.000,1.000,4.000,0.000,0.000,1.000,0,0,0
B3_zmq_pushpull,zmq_tcp,none,none,,1,21668,512,584,1785153458128589000,1785153458128589000,1785153458128589000,1785153458128590000,1785153458128635000,1785153458128638000,1785153458128638000,1785153458128638000,121932490,121652369,-235.121,0.000,0.000,1.000,3.000,0.000,0.000,145.000,0,0,0
B3_zmq_pushpull,zmq_tcp,none,none,,1,21669,512,584,1785153458129587000,1785153458129587000,1785153458129587000,1785153458129588000,1785153458129746000,1785153458129749000,1785153458129749000,1785153458129749000,121932490,121652369,-122.121,0.000,0.000,1.000,3.000,0.000,0.000,113.000,0,0,0
B3_zmq_pushpull,zmq_tcp,none,none,,1,21670,512,584,1785153458130587000,1785153458130587000,1785153458130587000,1785153458130588000,1785153458130724000,1785153458130726000,1785153458130726000,1785153458130726000,121932490,121652369,-144.121,0.000,0.000,1.000,2.000,0.000,0.000,22.000,0,0,0
B3_zmq_pushpull,zmq_tcp,none,none,,1,21671,512,584,1785153458131584000,1785153458131584000,1785153458131584000,1785153458131585000,1785153458131702000,1785153458131709000,1785153458131709000,1785153458131709000,121932490,121652369,-163.121,0.000,0.000,1.000,7.000,0.000,0.000,19.000,0,0,0
B3_zmq_pushpull,zmq_tcp,none,none,,1,21672,512,584,1785153458132591000,1785153458132591000,1785153458132591000,1785153458132592000,1785153458132718000,1785153458132721000,1785153458132721000,1785153458132721000,121932490,121652369,-154.121,0.000,0.000,1.000,3.000,0.000,0.000,9.000,0,0,0
B3_zmq_pushpull,zmq_tcp,none,none,,1,21673,512,584,1785153458133585000,1785153458133585000,1785153458133585000,1785153458133586000,1785153458133712000,1785153458133714000,1785153458133714000,1785153458133714000,121932490,121652369,-154.121,0.000,0.000,1.000,2.000,0.000,0.000,0.000,0,0,0
B3_zmq_pushpull,zmq_tcp,none,none,,1,21674,512,584,1785153458134589000,1785153458134589000,1785153458134589000,1785153458134590000,1785153458134695000,1785153458134699000,1785153458134699000,1785153458134699000,121932490,121652369,-175.121,0.000,0.000,1.000,4.000,0.000,0.000,21.000,0,0,0
B3_zmq_pushpull,zmq_tcp,none,none,,1,21675,512,584,1785153458135584000,1785153458135584000,1785153458135584000,1785153458135585000,1785153458135672000,1785153458135674000,1785153458135674000,1785153458135674000,121932490,121652369,-193.121,0.000,0.000,1.000,2.000,0.000,0.000,18.000,0,0,0
B3_zmq_pushpull,zmq_tcp,none,none,,1,21676,512,584,1785153458136588000,1785153458136588000,1785153458136588000,1785153458136589000,1785153458136658000,1785153458136661000,1785153458136661000,1785153458136661000,121932490,121652369,-211.121,0.000,0.000,1.000,3.000,0.000,0.000,18.000,0,0,0
B3_zmq_pushpull,zmq_tcp,none,none,,1,21677,512,584,1785153458137587000,1785153458137587000,1785153458137587000,1785153458137588000,1785153458137634000,1785153458137638000,1785153458137638000,1785153458137638000,121932490,121652369,-234.121,0.000,0.000,1.000,4.000,0.000,0.000,23.000,0,0,0
B3_zmq_pushpull,zmq_tcp,none,none,,1,21678,512,584,1785153458138454000,1785153458138454000,1785153458138454000,1785153458138455000,1785153458138598000,1785153458138601000,1785153458138601000,1785153458138601000,121932490,121652369,-137.121,0.000,0.000,1.000,3.000,0.000,0.000,97.000,0,0,0
B3_zmq_pushpull,zmq_tcp,none,none,,1,21679,512,584,1785153458139620000,1785153458139620000,1785153458139620000,1785153458139621000,1785153458139724000,1785153458139726000,1785153458139726000,1785153458139726000,121932490,121652369,-177.121,0.000,0.000,1.000,2.000,0.000,0.000,40.000,0,0,0
B3_zmq_pushpull,zmq_tcp,none,none,,1,21680,512,584,1785153458140581000,1785153458140581000,1785153458140581000,1785153458140582000,1785153458140714000,1785153458140717000,1785153458140717000,1785153458140717000,121932490,121652369,-148.121,0.000,0.000,1.000,3.000,0.000,0.000,29.000,0,0,0
B3_zmq_pushpull,zmq_tcp,none,none,,1,21681,512,584,1785153458141588000,1785153458141588000,1785153458141588000,1785153458141589000,1785153458141696000,1785153458141698000,1785153458141698000,1785153458141698000,121932490,121652369,-173.121,0.000,0.000,1.000,2.000,0.000,0.000,25.000,0,0,0
B3_zmq_pushpull,zmq_tcp,none,none,,1,21682,512,584,1785153458142585000,1785153458142585000,1785153458142585000,1785153458142586000,1785153458142677000,1785153458142680000,1785153458142680000,1785153458142680000,121932490,121652369,-189.121,0.000,0.000,1.000,3.000,0.000,0.000,16.000,0,0,0
B3_zmq_pushpull,zmq_tcp,none,none,,1,21683,512,584,1785153458143588000,1785153458143588000,1785153458143588000,1785153458143589000,1785153458143652000,1785153458143655000,1785153458143655000,1785153458143655000,121932490,121652369,-217.121,0.000,0.000,1.000,3.000,0.000,0.000,28.000,0,0,0
B3_zmq_pushpull,zmq_tcp,none,none,,1,21684,512,584,1785153458144463000,1785153458144463000,1785153458144463000,1785153458144464000,1785153458144616000,1785153458144618000,1785153458144618000,1785153458144618000,121932490,121652369,-128.121,0.000,0.000,1.000,2.000,0.000,0.000,89.000,0,0,0
B3_zmq_pushpull,zmq_tcp,none,none,,1,21685,512,584,1785153458145451000,1785153458145451000,1785153458145451000,1785153458145452000,1785153458145612000,1785153458145614000,1785153458145614000,1785153458145614000,121932490,121652369,-120.121,0.000,0.000,1.000,2.000,0.000,0.000,8.000,0,0,0
B3_zmq_pushpull,zmq_tcp,none,none,,1,21686,512,584,1785153458146620000,1785153458146620000,1785153458146620000,1785153458146621000,1785153458146753000,1785153458146756000,1785153458146756000,1785153458146756000,121932490,121652369,-148.121,0.000,0.000,1.000,3.000,0.000,0.000,28.000,0,0,0
B3_zmq_pushpull,zmq_tcp,none,none,,1,21687,512,584,1785153458147579000,1785153458147579000,1785153458147579000,1785153458147580000,1785153458147740000,1785153458147742000,1785153458147742000,1785153458147742000,121932490,121652369,-120.121,0.000,0.000,1.000,2.000,0.000,0.000,28.000,0,0,0
B3_zmq_pushpull,zmq_tcp,none,none,,1,21688,512,584,1785153458148590000,1785153458148590000,1785153458148590000,1785153458148591000,1785153458148736000,1785153458148739000,1785153458148739000,1785153458148739000,121932490,121652369,-135.121,0.000,0.000,1.000,3.000,0.000,0.000,15.000,0,0,0
B3_zmq_pushpull,zmq_tcp,none,none,,1,21689,512,584,1785153458149583000,1785153458149583000,1785153458149583000,1785153458149584000,1785153458149720000,1785153458149724000,1785153458149724000,1785153458149724000,121932490,121652369,-144.121,0.000,0.000,1.000,4.000,0.000,0.000,9.000,0,0,0
B3_zmq_pushpull,zmq_tcp,none,none,,1,21690,512,584,1785153458150588000,1785153458150588000,1785153458150588000,1785153458150589000,1785153458150690000,1785153458150693000,1785153458150693000,1785153458150693000,121932490,121652369,-179.121,0.000,0.000,1.000,3.000,0.000,0.000,35.000,0,0,0
B3_zmq_pushpull,zmq_tcp,none,none,,1,21691,512,584,1785153458151587000,1785153458151587000,1785153458151587000,1785153458151588000,1785153458151668000,1785153458151670000,1785153458151670000,1785153458151670000,121932490,121652369,-200.121,0.000,0.000,1.000,2.000,0.000,0.000,21.000,0,0,0
B3_zmq_pushpull,zmq_tcp,none,none,,1,21692,512,584,1785153458152588000,1785153458152588000,1785153458152588000,1785153458152589000,1785153458152657000,1785153458152660000,1785153458152660000,1785153458152660000,121932490,121652369,-212.121,0.000,0.000,1.000,3.000,0.000,0.000,12.000,0,0,0
B3_zmq_pushpull,zmq_tcp,none,none,,1,21693,512,584,1785153458153584000,1785153458153584000,1785153458153584000,1785153458153585000,1785153458153630000,1785153458153633000,1785153458153633000,1785153458153633000,121932490,121652369,-235.121,0.000,0.000,1.000,3.000,0.000,0.000,23.000,0,0,0
B3_zmq_pushpull,zmq_tcp,none,none,,1,21694,512,584,1785153458154476000,1785153458154476000,1785153458154477000,1785153458154477000,1785153458154630000,1785153458154633000,1785153458154633000,1785153458154633000,121932490,121652369,-127.121,0.000,1.000,0.000,3.000,0.000,0.000,108.000,0,0,0
B3_zmq_pushpull,zmq_tcp,none,none,,1,21695,512,584,1785153458155467000,1785153458155468000,1785153458155468000,1785153458155469000,1785153458155614000,1785153458155617000,1785153458155617000,1785153458155617000,121932490,121652369,-135.121,1.000,0.000,1.000,3.000,0.000,0.000,8.000,0,0,0
B3_zmq_pushpull,zmq_tcp,none,none,,1,21696,512,584,1785153458156617000,1785153458156617000,1785153458156617000,1785153458156618000,1785153458156736000,1785153458156738000,1785153458156739000,1785153458156739000,121932490,121652369,-162.121,0.000,0.000,1.000,2.000,1.000,0.000,27.000,0,0,0
B3_zmq_pushpull,zmq_tcp,none,none,,1,21697,512,584,1785153458157576000,1785153458157576000,1785153458157576000,1785153458157577000,1785153458157702000,1785153458157706000,1785153458157706000,1785153458157706000,121932490,121652369,-155.121,0.000,0.000,1.000,4.000,0.000,0.000,7.000,0,0,0
B3_zmq_pushpull,zmq_tcp,none,none,,1,21698,512,584,1785153458158394000,1785153458158394000,1785153458158394000,1785153458158395000,1785153458158536000,1785153458158538000,1785153458158538000,1785153458158538000,121932490,121652369,-139.121,0.000,0.000,1.000,2.000,0.000,0.000,16.000,0,0,0
B3_zmq_pushpull,zmq_tcp,none,none,,1,21699,512,584,1785153458159509000,1785153458159509000,1785153458159509000,1785153458159510000,1785153458159657000,1785153458159660000,1785153458159660000,1785153458159660000,121932490,121652369,-133.121,0.000,0.000,1.000,3.000,0.000,0.000,6.000,0,0,0
B3_zmq_pushpull,zmq_tcp,none,none,,1,21700,512,584,1785153458160609000,1785153458160610000,1785153458160610000,1785153458160611000,1785153458160774000,1785153458160777000,1785153458160777000,1785153458160777000,121932490,121652369,-117.121,1.000,0.000,1.000,3.000,0.000,0.000,16.000,0,0,0
B3_zmq_pushpull,zmq_tcp,none,none,,1,21701,512,584,1785153458161581000,1785153458161581000,1785153458161581000,1785153458161582000,1785153458161749000,1785153458161752000,1785153458161752000,1785153458161752000,121932490,121652369,-113.121,0.000,0.000,1.000,3.000,0.000,0.000,4.000,0,0,0
B3_zmq_pushpull,zmq_tcp,none,none,,1,21702,512,584,1785153458162588000,1785153458162588000,1785153458162588000,1785153458162589000,1785153458162711000,1785153458162714000,1785153458162714000,1785153458162714000,121932490,121652369,-158.121,0.000,0.000,1.000,3.000,0.000,0.000,45.000,0,0,0
B3_zmq_pushpull,zmq_tcp,none,none,,1,21703,512,584,1785153458163587000,1785153458163587000,1785153458163587000,1785153458163588000,1785153458163689000,1785153458163692000,1785153458163692000,1785153458163692000,121932490,121652369,-179.121,0.000,0.000,1.000,3.000,0.000,0.000,21.000,0,0,0
B3_zmq_pushpull,zmq_tcp,none,none,,1,21704,512,584,1785153458164587000,1785153458164587000,1785153458164587000,1785153458164588000,1785153458164666000,1785153458164669000,1785153458164669000,1785153458164669000,121932490,121652369,-202.121,0.000,0.000,1.000,3.000,0.000,0.000,23.000,0,0,0
B3_zmq_pushpull,zmq_tcp,none,none,,1,21705,512,584,1785153458165584000,1785153458165584000,1785153458165584000,1785153458165585000,1785153458165644000,1785153458165646000,1785153458165646000,1785153458165646000,121932490,121652369,-221.121,0.000,0.000,1.000,2.000,0.000,0.000,19.000,0,0,0
B3_zmq_pushpull,zmq_tcp,none,none,,1,21706,512,584,1785153458166591000,1785153458166591000,1785153458166591000,1785153458166592000,1785153458166641000,1785153458166644000,1785153458166644000,1785153458166644000,121932490,121652369,-231.121,0.000,0.000,1.000,3.000,0.000,0.000,10.000,0,0,0
B3_zmq_pushpull,zmq_tcp,none,none,,1,21707,512,584,1785153458167587000,1785153458167587000,1785153458167587000,1785153458167588000,1785153458167778000,1785153458167781000,1785153458167781000,1785153458167781000,121932490,121652369,-90.121,0.000,0.000,1.000,3.000,0.000,0.000,141.000,0,0,0
B3_zmq_pushpull,zmq_tcp,none,none,,1,21708,512,584,1785153458168589000,1785153458168590000,1785153458168590000,1785153458168590000,1785153458168768000,1785153458168771000,1785153458168771000,1785153458168771000,121932490,121652369,-102.121,1.000,0.000,0.000,3.000,0.000,0.000,12.000,0,0,0
B3_zmq_pushpull,zmq_tcp,none,none,,1,21709,512,584,1785153458169453000,1785153458169453000,1785153458169453000,1785153458169454000,1785153458169613000,1785153458169616000,1785153458169616000,1785153458169616000,121932490,121652369,-121.121,0.000,0.000,1.000,3.000,0.000,0.000,19.000,0,0,0
B3_zmq_pushpull,zmq_tcp,none,none,,1,21710,512,584,1785153458170620000,1785153458170620000,1785153458170620000,1785153458170621000,1785153458170725000,1785153458170728000,1785153458170728000,1785153458170728000,121932490,121652369,-176.121,0.000,0.000,1.000,3.000,0.000,0.000,55.000,0,0,0
B3_zmq_pushpull,zmq_tcp,none,none,,1,21711,512,584,1785153458171579000,1785153458171579000,1785153458171579000,1785153458171580000,1785153458171700000,1785153458171702000,1785153458171702000,1785153458171702000,121932490,121652369,-160.121,0.000,0.000,1.000,2.000,0.000,0.000,16.000,0,0,0
B3_zmq_pushpull,zmq_tcp,none,none,,1,21712,512,584,1785153458172591000,1785153458172591000,1785153458172591000,1785153458172592000,1785153458172677000,1785153458172680000,1785153458172680000,1785153458172680000,121932490,121652369,-195.121,0.000,0.000,1.000,3.000,0.000,0.000,35.000,0,0,0
B3_zmq_pushpull,zmq_tcp,none,none,,1,21713,512,584,1785153458173583000,1785153458173583000,1785153458173583000,1785153458173584000,1785153458173657000,1785153458173660000,1785153458173660000,1785153458173660000,121932490,121652369,-207.121,0.000,0.000,1.000,3.000,0.000,0.000,12.000,0,0,0
B3_zmq_pushpull,zmq_tcp,none,none,,1,21714,512,584,1785153458174591000,1785153458174591000,1785153458174591000,1785153458174592000,1785153458174770000,1785153458174778000,1785153458174778000,1785153458174778000,121932490,121652369,-102.121,0.000,0.000,1.000,8.000,0.000,0.000,105.000,0,0,0
B3_zmq_pushpull,zmq_tcp,none,none,,1,21715,512,584,1785153458175589000,1785153458175590000,1785153458175590000,1785153458175591000,1785153458175762000,1785153458175765000,1785153458175765000,1785153458175765000,121932490,121652369,-109.121,1.000,0.000,1.000,3.000,0.000,0.000,7.000,0,0,0
B3_zmq_pushpull,zmq_tcp,none,none,,1,21716,512,584,1785153458176588000,1785153458176589000,1785153458176589000,1785153458176590000,1785153458176763000,1785153458176766000,1785153458176766000,1785153458176766000,121932490,121652369,-107.121,1.000,0.000,1.000,3.000,0.000,0.000,2.000,0,0,0
B3_zmq_pushpull,zmq_tcp,none,none,,1,21717,512,584,1785153458177586000,1785153458177586000,1785153458177586000,1785153458177587000,1785153458177738000,1785153458177741000,1785153458177741000,1785153458177741000,121932490,121652369,-129.121,0.000,0.000,1.000,3.000,0.000,0.000,22.000,0,0,0
B3_zmq_pushpull,zmq_tcp,none,none,,1,21718,512,584,1785153458178587000,1785153458178587000,1785153458178587000,1785153458178588000,1785153458178705000,1785153458178708000,1785153458178708000,1785153458178708000,121932490,121652369,-163.121,0.000,0.000,1.000,3.000,0.000,0.000,34.000,0,0,0
B3_zmq_pushpull,zmq_tcp,none,none,,1,21719,512,584,1785153458179398000,1785153458179398000,1785153458179398000,1785153458179399000,1785153458179539000,1785153458179542000,1785153458179542000,1785153458179542000,121932490,121652369,-140.121,0.000,0.000,1.000,3.000,0.000,0.000,23.000,0,0,0
B3_zmq_pushpull,zmq_tcp,none,none,,1,21720,512,584,1785153458180399000,1785153458180399000,1785153458180399000,1785153458180400000,1785153458180544000,1785153458180546000,1785153458180547000,1785153458180547000,121932490,121652369,-136.121,0.000,0.000,1.000,2.000,1.000,0.000,4.000,0,0,0
B3_zmq_pushpull,zmq_tcp,none,none,,1,21721,512,584,1785153458181501000,1785153458181501000,1785153458181501000,1785153458181502000,1785153458181655000,1785153458181657000,1785153458181658000,1785153458181658000,121932490,121652369,-127.121,0.000,0.000,1.000,2.000,1.000,0.000,9.000,0,0,0
B3_zmq_pushpull,zmq_tcp,none,none,,1,21722,512,584,1785153458182612000,1785153458182612000,1785153458182613000,1785153458182613000,1785153458182789000,1785153458182792000,1785153458182792000,1785153458182792000,121932490,121652369,-104.121,0.000,1.000,0.000,3.000,0.000,0.000,23.000,0,0,0
B3_zmq_pushpull,zmq_tcp,none,none,,1,21723,512,584,1785153458183487000,1785153458183487000,1785153458183487000,1785153458183488000,1785153458183634000,1785153458183637000,1785153458183637000,1785153458183637000,121932490,121652369,-134.121,0.000,0.000,1.000,3.000,0.000,0.000,30.000,0,0,0
B3_zmq_pushpull,zmq_tcp,none,none,,1,21724,512,584,1785153458184611000,1785153458184611000,1785153458184611000,1785153458184612000,1785153458184744000,1785153458184748000,1785153458184748000,1785153458184748000,121932490,121652369,-148.121,0.000,0.000,1.000,4.000,0.000,0.000,14.000,0,0,0
B3_zmq_pushpull,zmq_tcp,none,none,,1,21725,512,584,1785153458185582000,1785153458185582000,1785153458185582000,1785153458185583000,1785153458185726000,1785153458185729000,1785153458185729000,1785153458185729000,121932490,121652369,-137.121,0.000,0.000,1.000,3.000,0.000,0.000,11.000,0,0,0
B3_zmq_pushpull,zmq_tcp,none,none,,1,21726,512,584,1785153458186589000,1785153458186589000,1785153458186589000,1785153458186590000,1785153458186711000,1785153458186713000,1785153458186713000,1785153458186713000,121932490,121652369,-159.121,0.000,0.000,1.000,2.000,0.000,0.000,22.000,0,0,0
B3_zmq_pushpull,zmq_tcp,none,none,,1,21727,512,584,1785153458187584000,1785153458187584000,1785153458187584000,1785153458187585000,1785153458187693000,1785153458187696000,1785153458187696000,1785153458187696000,121932490,121652369,-172.121,0.000,0.000,1.000,3.000,0.000,0.000,13.000,0,0,0
B3_zmq_pushpull,zmq_tcp,none,none,,1,21728,512,584,1785153458188503000,1785153458188503000,1785153458188504000,1785153458188504000,1785153458188661000,1785153458188664000,1785153458188664000,1785153458188664000,121932490,121652369,-123.121,0.000,1.000,0.000,3.000,0.000,0.000,49.000,0,0,0
B3_zmq_pushpull,zmq_tcp,none,none,,1,21729,512,584,1785153458189489000,1785153458189489000,1785153458189489000,1785153458189490000,1785153458189643000,1785153458189645000,1785153458189645000,1785153458189645000,121932490,121652369,-127.121,0.000,0.000,1.000,2.000,0.000,0.000,4.000,0,0,0
B3_zmq_pushpull,zmq_tcp,none,none,,1,21730,512,584,1785153458190477000,1785153458190477000,1785153458190477000,1785153458190478000,1785153458190634000,1785153458190637000,1785153458190637000,1785153458190637000,121932490,121652369,-124.121,0.000,0.000,1.000,3.000,0.000,0.000,3.000,0,0,0
B3_zmq_pushpull,zmq_tcp,none,none,,1,21731,512,584,1785153458191614000,1785153458191614000,1785153458191614000,1785153458191615000,1785153458191741000,1785153458191744000,1785153458191744000,1785153458191744000,121932490,121652369,-154.121,0.000,0.000,1.000,3.000,0.000,0.000,30.000,0,0,0
B3_zmq_pushpull,zmq_tcp,none,none,,1,21732,512,584,1785153458192581000,1785153458192581000,1785153458192581000,1785153458192582000,1785153458192727000,1785153458192729000,1785153458192729000,1785153458192729000,121932490,121652369,-135.121,0.000,0.000,1.000,2.000,0.000,0.000,19.000,0,0,0
B3_zmq_pushpull,zmq_tcp,none,none,,1,21733,512,584,1785153458193588000,1785153458193589000,1785153458193589000,1785153458193590000,1785153458193707000,1785153458193709000,1785153458193709000,1785153458193709000,121932490,121652369,-163.121,1.000,0.000,1.000,2.000,0.000,0.000,28.000,0,0,0
B3_zmq_pushpull,zmq_tcp,none,none,,1,21734,512,584,1785153458194586000,1785153458194586000,1785153458194586000,1785153458194587000,1785153458194696000,1785153458194698000,1785153458194699000,1785153458194699000,121932490,121652369,-171.121,0.000,0.000,1.000,2.000,1.000,0.000,8.000,0,0,0
B3_zmq_pushpull,zmq_tcp,none,none,,1,21735,512,584,1785153458195587000,1785153458195587000,1785153458195587000,1785153458195588000,1785153458195697000,1785153458195700000,1785153458195700000,1785153458195700000,121932490,121652369,-171.121,0.000,0.000,1.000,3.000,0.000,0.000,0.000,0,0,0
B3_zmq_pushpull,zmq_tcp,none,none,,1,21736,512,584,1785153458196587000,1785153458196587000,1785153458196587000,1785153458196588000,1785153458196688000,1785153458196691000,1785153458196691000,1785153458196691000,121932490,121652369,-180.121,0.000,0.000,1.000,3.000,0.000,0.000,9.000,0,0,0
B3_zmq_pushpull,zmq_tcp,none,none,,1,21737,512,584,1785153458197589000,1785153458197589000,1785153458197589000,1785153458197590000,1785153458197684000,1785153458197687000,1785153458197687000,1785153458197687000,121932490,121652369,-186.121,0.000,0.000,1.000,3.000,0.000,0.000,6.000,0,0,0
B3_zmq_pushpull,zmq_tcp,none,none,,1,21738,512,584,1785153458198583000,1785153458198583000,1785153458198583000,1785153458198584000,1785153458198660000,1785153458198663000,1785153458198663000,1785153458198663000,121932490,121652369,-204.121,0.000,0.000,1.000,3.000,0.000,0.000,18.000,0,0,0
B3_zmq_pushpull,zmq_tcp,none,none,,1,21739,512,584,1785153458199590000,1785153458199590000,1785153458199590000,1785153458199591000,1785153458199640000,1785153458199643000,1785153458199643000,1785153458199643000,121932490,121652369,-231.121,0.000,0.000,1.000,3.000,0.000,0.000,27.000,0,0,0
B3_zmq_pushpull,zmq_tcp,none,none,,1,21740,512,584,1785153458200588000,1785153458200588000,1785153458200588000,1785153458200589000,1785153458200751000,1785153458200753000,1785153458200753000,1785153458200753000,121932490,121652369,-118.121,0.000,0.000,1.000,2.000,0.000,0.000,113.000,0,0,0
B3_zmq_pushpull,zmq_tcp,none,none,,1,21741,512,584,1785153458201587000,1785153458201587000,1785153458201587000,1785153458201588000,1785153458201729000,1785153458201732000,1785153458201732000,1785153458201732000,121932490,121652369,-139.121,0.000,0.000,1.000,3.000,0.000,0.000,21.000,0,0,0
B3_zmq_pushpull,zmq_tcp,none,none,,1,21742,512,584,1785153458202587000,1785153458202587000,1785153458202587000,1785153458202588000,1785153458202715000,1785153458202717000,1785153458202717000,1785153458202717000,121932490,121652369,-153.121,0.000,0.000,1.000,2.000,0.000,0.000,14.000,0,0,0
B3_zmq_pushpull,zmq_tcp,none,none,,1,21743,512,584,1785153458203589000,1785153458203589000,1785153458203589000,1785153458203590000,1785153458203700000,1785153458203703000,1785153458203703000,1785153458203703000,121932490,121652369,-170.121,0.000,0.000,1.000,3.000,0.000,0.000,17.000,0,0,0
B3_zmq_pushpull,zmq_tcp,none,none,,1,21744,512,584,1785153458204588000,1785153458204588000,1785153458204588000,1785153458204589000,1785153458204685000,1785153458204688000,1785153458204688000,1785153458204688000,121932490,121652369,-184.121,0.000,0.000,1.000,3.000,0.000,0.000,14.000,0,0,0
B3_zmq_pushpull,zmq_tcp,none,none,,1,21745,512,584,1785153458205586000,1785153458205587000,1785153458205587000,1785153458205588000,1785153458205663000,1785153458205665000,1785153458205665000,1785153458205665000,121932490,121652369,-205.121,1.000,0.000,1.000,2.000,0.000,0.000,21.000,0,0,0
B3_zmq_pushpull,zmq_tcp,none,none,,1,21746,512,584,1785153458206588000,1785153458206588000,1785153458206588000,1785153458206589000,1785153458206630000,1785153458206633000,1785153458206633000,1785153458206633000,121932490,121652369,-239.121,0.000,0.000,1.000,3.000,0.000,0.000,34.000,0,0,0
B3_zmq_pushpull,zmq_tcp,none,none,,1,21747,512,584,1785153458207588000,1785153458207588000,1785153458207588000,1785153458207589000,1785153458207757000,1785153458207760000,1785153458207760000,1785153458207760000,121932490,121652369,-112.121,0.000,0.000,1.000,3.000,0.000,0.000,127.000,0,0,0
B3_zmq_pushpull,zmq_tcp,none,none,,1,21748,512,584,1785153458208448000,1785153458208448000,1785153458208448000,1785153458208449000,1785153458208592000,1785153458208595000,1785153458208595000,1785153458208595000,121932490,121652369,-137.121,0.000,0.000,1.000,3.000,0.000,0.000,25.000,0,0,0
B3_zmq_pushpull,zmq_tcp,none,none,,1,21749,512,584,1785153458209623000,1785153458209623000,1785153458209623000,1785153458209624000,1785153458209725000,1785153458209728000,1785153458209728000,1785153458209728000,121932490,121652369,-179.121,0.000,0.000,1.000,3.000,0.000,0.000,42.000,0,0,0
B3_zmq_pushpull,zmq_tcp,none,none,,1,21750,512,584,1785153458210579000,1785153458210580000,1785153458210580000,1785153458210581000,1785153458210725000,1785153458210728000,1785153458210728000,1785153458210728000,121932490,121652369,-136.121,1.000,0.000,1.000,3.000,0.000,0.000,43.000,0,0,0
B3_zmq_pushpull,zmq_tcp,none,none,,1,21751,512,584,1785153458211590000,1785153458211590000,1785153458211590000,1785153458211591000,1785153458211715000,1785153458211717000,1785153458211717000,1785153458211717000,121932490,121652369,-156.121,0.000,0.000,1.000,2.000,0.000,0.000,20.000,0,0,0
B3_zmq_pushpull,zmq_tcp,none,none,,1,21752,512,584,1785153458212584000,1785153458212584000,1785153458212584000,1785153458212585000,1785153458212689000,1785153458212692000,1785153458212692000,1785153458212692000,121932490,121652369,-176.121,0.000,0.000,1.000,3.000,0.000,0.000,20.000,0,0,0
B3_zmq_pushpull,zmq_tcp,none,none,,1,21753,512,584,1785153458213588000,1785153458213588000,1785153458213588000,1785153458213589000,1785153458213667000,1785153458213670000,1785153458213670000,1785153458213670000,121932490,121652369,-202.121,0.000,0.000,1.000,3.000,0.000,0.000,26.000,0,0,0
B3_zmq_pushpull,zmq_tcp,none,none,,1,21754,512,584,1785153458214488000,1785153458214488000,1785153458214488000,1785153458214489000,1785153458214643000,1785153458214646000,1785153458214646000,1785153458214646000,121932490,121652369,-126.121,0.000,0.000,1.000,3.000,0.000,0.000,76.000,0,0,0
B3_zmq_pushpull,zmq_tcp,none,none,,1,21755,512,584,1785153458215485000,1785153458215485000,1785153458215485000,1785153458215486000,1785153458215643000,1785153458215645000,1785153458215645000,1785153458215645000,121932490,121652369,-123.121,0.000,0.000,1.000,2.000,0.000,0.000,3.000,0,0,0
B3_zmq_pushpull,zmq_tcp,none,none,,1,21756,512,584,1785153458216613000,1785153458216613000,1785153458216613000,1785153458216614000,1785153458216771000,1785153458216773000,1785153458216773000,1785153458216773000,121932490,121652369,-123.121,0.000,0.000,1.000,2.000,0.000,0.000,0.000,0,0,0
B3_zmq_pushpull,zmq_tcp,none,none,,1,21757,512,584,1785153458217466000,1785153458217466000,1785153458217466000,1785153458217467000,1785153458217627000,1785153458217629000,1785153458217629000,1785153458217629000,121932490,121652369,-120.121,0.000,0.000,1.000,2.000,0.000,0.000,3.000,0,0,0
B3_zmq_pushpull,zmq_tcp,none,none,,1,21758,512,584,1785153458218618000,1785153458218618000,1785153458218618000,1785153458218619000,1785153458218750000,1785153458218753000,1785153458218753000,1785153458218753000,121932490,121652369,-149.121,0.000,0.000,1.000,3.000,0.000,0.000,29.000,0,0,0
B3_zmq_pushpull,zmq_tcp,none,none,,1,21759,512,584,1785153458219576000,1785153458219577000,1785153458219577000,1785153458219578000,1785153458219748000,1785153458219751000,1785153458219751000,1785153458219751000,121932490,121652369,-110.121,1.000,0.000,1.000,3.000,0.000,0.000,39.000,0,0,0
B3_zmq_pushpull,zmq_tcp,none,none,,1,21760,512,584,1785153458220590000,1785153458220590000,1785153458220590000,1785153458220591000,1785153458220721000,1785153458220724000,1785153458220724000,1785153458220724000,121932490,121652369,-150.121,0.000,0.000,1.000,3.000,0.000,0.000,40.000,0,0,0
B3_zmq_pushpull,zmq_tcp,none,none,,1,21761,512,584,1785153458221587000,1785153458221587000,1785153458221587000,1785153458221588000,1785153458221717000,1785153458221721000,1785153458221721000,1785153458221721000,121932490,121652369,-151.121,0.000,0.000,1.000,4.000,0.000,0.000,1.000,0,0,0
B3_zmq_pushpull,zmq_tcp,none,none,,1,21762,512,584,1785153458222589000,1785153458222590000,1785153458222590000,1785153458222591000,1785153458222705000,1785153458222708000,1785153458222708000,1785153458222708000,121932490,121652369,-166.121,1.000,0.000,1.000,3.000,0.000,0.000,15.000,0,0,0
B3_zmq_pushpull,zmq_tcp,none,none,,1,21763,512,584,1785153458223583000,1785153458223583000,1785153458223583000,1785153458223584000,1785153458223713000,1785153458223716000,1785153458223716000,1785153458223716000,121932490,121652369,-151.121,0.000,0.000,1.000,3.000,0.000,0.000,15.000,0,0,0
B3_zmq_pushpull,zmq_tcp,none,none,,1,21764,512,584,1785153458224590000,1785153458224590000,1785153458224590000,1785153458224591000,1785153458224705000,1785153458224709000,1785153458224709000,1785153458224709000,121932490,121652369,-166.121,0.000,0.000,1.000,4.000,0.000,0.000,15.000,0,0,0
B3_zmq_pushpull,zmq_tcp,none,none,,1,21765,512,584,1785153458225587000,1785153458225587000,1785153458225587000,1785153458225588000,1785153458225707000,1785153458225710000,1785153458225710000,1785153458225710000,121932490,121652369,-161.121,0.000,0.000,1.000,3.000,0.000,0.000,5.000,0,0,0
B3_zmq_pushpull,zmq_tcp,none,none,,1,21766,512,584,1785153458226587000,1785153458226587000,1785153458226587000,1785153458226588000,1785153458226692000,1785153458226695000,1785153458226695000,1785153458226695000,121932490,121652369,-176.121,0.000,0.000,1.000,3.000,0.000,0.000,15.000,0,0,0
B3_zmq_pushpull,zmq_tcp,none,none,,1,21767,512,584,1785153458227584000,1785153458227584000,1785153458227585000,1785153458227585000,1785153458227671000,1785153458227673000,1785153458227673000,1785153458227673000,121932490,121652369,-194.121,0.000,1.000,0.000,2.000,0.000,0.000,18.000,0,0,0
B3_zmq_pushpull,zmq_tcp,none,none,,1,21768,512,584,1785153458228589000,1785153458228590000,1785153458228590000,1785153458228590000,1785153458228676000,1785153458228679000,1785153458228679000,1785153458228679000,121932490,121652369,-194.121,1.000,0.000,0.000,3.000,0.000,0.000,0.000,0,0,0
B3_zmq_pushpull,zmq_tcp,none,none,,1,21769,512,584,1785153458229587000,1785153458229587000,1785153458229587000,1785153458229588000,1785153458229672000,1785153458229675000,1785153458229675000,1785153458229675000,121932490,121652369,-196.121,0.000,0.000,1.000,3.000,0.000,0.000,2.000,0,0,0
B3_zmq_pushpull,zmq_tcp,none,none,,1,21770,512,584,1785153458230587000,1785153458230587000,1785153458230587000,1785153458230588000,1785153458230664000,1785153458230667000,1785153458230667000,1785153458230667000,121932490,121652369,-204.121,0.000,0.000,1.000,3.000,0.000,0.000,8.000,0,0,0
B3_zmq_pushpull,zmq_tcp,none,none,,1,21771,512,584,1785153458231590000,1785153458231590000,1785153458231590000,1785153458231591000,1785153458231658000,1785153458231660000,1785153458231660000,1785153458231660000,121932490,121652369,-213.121,0.000,0.000,1.000,2.000,0.000,0.000,9.000,0,0,0
B3_zmq_pushpull,zmq_tcp,none,none,,1,21772,512,584,1785153458232484000,1785153458232484000,1785153458232484000,1785153458232485000,1785153458232637000,1785153458232640000,1785153458232640000,1785153458232640000,121932490,121652369,-128.121,0.000,0.000,1.000,3.000,0.000,0.000,85.000,0,0,0
B3_zmq_pushpull,zmq_tcp,none,none,,1,21773,512,584,1785153458233463000,1785153458233464000,1785153458233464000,1785153458233465000,1785153458233617000,1785153458233620000,1785153458233620000,1785153458233620000,121932490,121652369,-128.121,1.000,0.000,1.000,3.000,0.000,0.000,0.000,0,0,0
B3_zmq_pushpull,zmq_tcp,none,none,,1,21774,512,584,1785153458234424000,1785153458234424000,1785153458234424000,1785153458234425000,1785153458234567000,1785153458234569000,1785153458234569000,1785153458234569000,121932490,121652369,-138.121,0.000,0.000,1.000,2.000,0.000,0.000,10.000,0,0,0
B3_zmq_pushpull,zmq_tcp,none,none,,1,21775,512,584,1785153458235627000,1785153458235627000,1785153458235627000,1785153458235628000,1785153458235684000,1785153458235694000,1785153458235694000,1785153458235694000,121932490,121652369,-224.121,0.000,0.000,1.000,10.000,0.000,0.000,86.000,0,0,0
B3_zmq_pushpull,zmq_tcp,none,none,,1,21776,512,584,1785153458236580000,1785153458236580000,1785153458236580000,1785153458236581000,1785153458236671000,1785153458236674000,1785153458236674000,1785153458236674000,121932490,121652369,-190.121,0.000,0.000,1.000,3.000,0.000,0.000,34.000,0,0,0
B3_zmq_pushpull,zmq_tcp,none,none,,1,21777,512,584,1785153458237520000,1785153458237520000,1785153458237520000,1785153458237521000,1785153458237680000,1785153458237683000,1785153458237683000,1785153458237683000,121932490,121652369,-121.121,0.000,0.000,1.000,3.000,0.000,0.000,69.000,0,0,0
B3_zmq_pushpull,zmq_tcp,none,none,,1,21778,512,584,1785153458238509000,1785153458238509000,1785153458238509000,1785153458238510000,1785153458238668000,1785153458238671000,1785153458238671000,1785153458238671000,121932490,121652369,-122.121,0.000,0.000,1.000,3.000,0.000,0.000,1.000,0,0,0
B3_zmq_pushpull,zmq_tcp,none,none,,1,21779,512,584,1785153458239607000,1785153458239607000,1785153458239607000,1785153458239608000,1785153458239643000,1785153458239646000,1785153458239646000,1785153458239646000,121932490,121652369,-245.121,0.000,0.000,1.000,3.000,0.000,0.000,123.000,0,0,0
B3_zmq_pushpull,zmq_tcp,none,none,,1,21780,512,584,1785153458240583000,1785153458240583000,1785153458240583000,1785153458240584000,1785153458240632000,1785153458240635000,1785153458240635000,1785153458240635000,121932490,121652369,-232.121,0.000,0.000,1.000,3.000,0.000,0.000,13.000,0,0,0
B3_zmq_pushpull,zmq_tcp,none,none,,1,21781,512,584,1785153458241588000,1785153458241589000,1785153458241589000,1785153458241590000,1785153458241740000,1785153458241743000,1785153458241743000,1785153458241743000,121932490,121652369,-130.121,1.000,0.000,1.000,3.000,0.000,0.000,102.000,0,0,0
B3_zmq_pushpull,zmq_tcp,none,none,,1,21782,512,584,1785153458242590000,1785153458242590000,1785153458242590000,1785153458242591000,1785153458242740000,1785153458242742000,1785153458242742000,1785153458242742000,121932490,121652369,-131.121,0.000,0.000,1.000,2.000,0.000,0.000,1.000,0,0,0
B3_zmq_pushpull,zmq_tcp,none,none,,1,21783,512,584,1785153458243590000,1785153458243590000,1785153458243590000,1785153458243591000,1785153458243717000,1785153458243720000,1785153458243720000,1785153458243720000,121932490,121652369,-154.121,0.000,0.000,1.000,3.000,0.000,0.000,23.000,0,0,0
B3_zmq_pushpull,zmq_tcp,none,none,,1,21784,512,584,1785153458244583000,1785153458244583000,1785153458244583000,1785153458244584000,1785153458244704000,1785153458244707000,1785153458244707000,1785153458244707000,121932490,121652369,-160.121,0.000,0.000,1.000,3.000,0.000,0.000,6.000,0,0,0
B3_zmq_pushpull,zmq_tcp,none,none,,1,21785,512,584,1785153458245590000,1785153458245591000,1785153458245591000,1785153458245592000,1785153458245692000,1785153458245695000,1785153458245695000,1785153458245695000,121932490,121652369,-180.121,1.000,0.000,1.000,3.000,0.000,0.000,20.000,0,0,0
B3_zmq_pushpull,zmq_tcp,none,none,,1,21786,512,584,1785153458246586000,1785153458246586000,1785153458246586000,1785153458246587000,1785153458246679000,1785153458246682000,1785153458246682000,1785153458246682000,121932490,121652369,-188.121,0.000,0.000,1.000,3.000,0.000,0.000,8.000,0,0,0
B3_zmq_pushpull,zmq_tcp,none,none,,1,21787,512,584,1785153458247588000,1785153458247589000,1785153458247589000,1785153458247590000,1785153458247648000,1785153458247650000,1785153458247650000,1785153458247650000,121932490,121652369,-222.121,1.000,0.000,1.000,2.000,0.000,0.000,34.000,0,0,0
B3_zmq_pushpull,zmq_tcp,none,none,,1,21788,512,584,1785153458248586000,1785153458248586000,1785153458248586000,1785153458248587000,1785153458248634000,1785153458248637000,1785153458248637000,1785153458248637000,121932490,121652369,-233.121,0.000,0.000,1.000,3.000,0.000,0.000,11.000,0,0,0
B3_zmq_pushpull,zmq_tcp,none,none,,1,21789,512,584,1785153458249588000,1785153458249588000,1785153458249588000,1785153458249589000,1785153458249768000,1785153458249771000,1785153458249771000,1785153458249771000,121932490,121652369,-101.121,0.000,0.000,1.000,3.000,0.000,0.000,132.000,0,0,0
B3_zmq_pushpull,zmq_tcp,none,none,,1,21790,512,584,1785153458250458000,1785153458250458000,1785153458250458000,1785153458250459000,1785153458250618000,1785153458250620000,1785153458250620000,1785153458250620000,121932490,121652369,-121.121,0.000,0.000,1.000,2.000,0.000,0.000,20.000,0,0,0
B3_zmq_pushpull,zmq_tcp,none,none,,1,21791,512,584,1785153458251460000,1785153458251460000,1785153458251460000,1785153458251461000,1785153458251616000,1785153458251619000,1785153458251619000,1785153458251619000,121932490,121652369,-125.121,0.000,0.000,1.000,3.000,0.000,0.000,4.000,0,0,0
B3_zmq_pushpull,zmq_tcp,none,none,,1,21792,512,584,1785153458252619000,1785153458252619000,1785153458252619000,1785153458252620000,1785153458252720000,1785153458252722000,1785153458252722000,1785153458252722000,121932490,121652369,-180.121,0.000,0.000,1.000,2.000,0.000,0.000,55.000,0,0,0
B3_zmq_pushpull,zmq_tcp,none,none,,1,21793,512,584,1785153458253579000,1785153458253579000,1785153458253579000,1785153458253580000,1785153458253706000,1785153458253709000,1785153458253709000,1785153458253709000,121932490,121652369,-154.121,0.000,0.000,1.000,3.000,0.000,0.000,26.000,0,0,0
B3_zmq_pushpull,zmq_tcp,none,none,,1,21794,512,584,1785153458254590000,1785153458254590000,1785153458254590000,1785153458254591000,1785153458254684000,1785153458254687000,1785153458254687000,1785153458254687000,121932490,121652369,-187.121,0.000,0.000,1.000,3.000,0.000,0.000,33.000,0,0,0
B3_zmq_pushpull,zmq_tcp,none,none,,1,21795,512,584,1785153458255584000,1785153458255585000,1785153458255585000,1785153458255586000,1785153458255664000,1785153458255667000,1785153458255667000,1785153458255667000,121932490,121652369,-202.121,1.000,0.000,1.000,3.000,0.000,0.000,15.000,0,0,0
B3_zmq_pushpull,zmq_tcp,none,none,,1,21796,512,584,1785153458256588000,1785153458256589000,1785153458256589000,1785153458256590000,1785153458256660000,1785153458256663000,1785153458256664000,1785153458256664000,121932490,121652369,-210.121,1.000,0.000,1.000,3.000,1.000,0.000,8.000,0,0,0
B3_zmq_pushpull,zmq_tcp,none,none,,1,21797,512,584,1785153458257590000,1785153458257590000,1785153458257590000,1785153458257591000,1785153458257650000,1785153458257653000,1785153458257653000,1785153458257653000,121932490,121652369,-221.121,0.000,0.000,1.000,3.000,0.000,0.000,11.000,0,0,0
B3_zmq_pushpull,zmq_tcp,none,none,,1,21798,512,584,1785153458258495000,1785153458258496000,1785153458258496000,1785153458258497000,1785153458258652000,1785153458258655000,1785153458258655000,1785153458258655000,121932490,121652369,-125.121,1.000,0.000,1.000,3.000,0.000,0.000,96.000,0,0,0
B3_zmq_pushpull,zmq_tcp,none,none,,1,21799,512,584,1785153458259485000,1785153458259485000,1785153458259485000,1785153458259486000,1785153458259639000,1785153458259643000,1785153458259643000,1785153458259643000,121932490,121652369,-127.121,0.000,0.000,1.000,4.000,0.000,0.000,2.000,0,0,0
B3_zmq_pushpull,zmq_tcp,none,none,,1,21800,512,584,1785153458260615000,1785153458260615000,1785153458260615000,1785153458260616000,1785153458260770000,1785153458260772000,1785153458260773000,1785153458260773000,121932490,121652369,-126.121,0.000,0.000,1.000,2.000,1.000,0.000,1.000,0,0,0
B3_zmq_pushpull,zmq_tcp,none,none,,1,21801,512,584,1785153458261581000,1785153458261581000,1785153458261581000,1785153458261582000,1785153458261750000,1785153458261752000,1785153458261752000,1785153458261752000,121932490,121652369,-112.121,0.000,0.000,1.000,2.000,0.000,0.000,14.000,0,0,0
B3_zmq_pushpull,zmq_tcp,none,none,,1,21802,512,584,1785153458262586000,1785153458262586000,1785153458262586000,1785153458262587000,1785153458262726000,1785153458262728000,1785153458262728000,1785153458262728000,121932490,121652369,-141.121,0.000,0.000,1.000,2.000,0.000,0.000,29.000,0,0,0
B3_zmq_pushpull,zmq_tcp,none,none,,1,21803,512,584,1785153458263430000,1785153458263430000,1785153458263430000,1785153458263431000,1785153458263586000,1785153458263588000,1785153458263588000,1785153458263588000,121932490,121652369,-125.121,0.000,0.000,1.000,2.000,0.000,0.000,16.000,0,0,0
B3_zmq_pushpull,zmq_tcp,none,none,,1,21804,512,584,1785153458264416000,1785153458264416000,1785153458264416000,1785153458264417000,1785153458264576000,1785153458264579000,1785153458264579000,1785153458264579000,121932490,121652369,-121.121,0.000,0.000,1.000,3.000,0.000,0.000,4.000,0,0,0
B3_zmq_pushpull,zmq_tcp,none,none,,1,21805,512,584,1785153458265636000,1785153458265636000,1785153458265636000,1785153458265637000,1785153458265701000,1785153458265704000,1785153458265704000,1785153458265704000,121932490,121652369,-216.121,0.000,0.000,1.000,3.000,0.000,0.000,95.000,0,0,0
B3_zmq_pushpull,zmq_tcp,none,none,,1,21806,512,584,1785153458266401000,1785153458266401000,1785153458266401000,1785153458266402000,1785153458266562000,1785153458266564000,1785153458266564000,1785153458266564000,121932490,121652369,-120.121,0.000,0.000,1.000,2.000,0.000,0.000,96.000,0,0,0
B3_zmq_pushpull,zmq_tcp,none,none,,1,21807,512,584,1785153458267634000,1785153458267634000,1785153458267634000,1785153458267635000,1785153458267682000,1785153458267686000,1785153458267686000,1785153458267686000,121932490,121652369,-233.121,0.000,0.000,1.000,4.000,0.000,0.000,113.000,0,0,0
B3_zmq_pushpull,zmq_tcp,none,none,,1,21808,512,584,1785153458268509000,1785153458268510000,1785153458268510000,1785153458268511000,1785153458268658000,1785153458268662000,1785153458268662000,1785153458268662000,121932490,121652369,-133.121,1.000,0.000,1.000,4.000,0.000,0.000,100.000,0,0,0
B3_zmq_pushpull,zmq_tcp,none,none,,1,21809,512,584,1785153458269485000,1785153458269485000,1785153458269485000,1785153458269486000,1785153458269640000,1785153458269643000,1785153458269643000,1785153458269643000,121932490,121652369,-126.121,0.000,0.000,1.000,3.000,0.000,0.000,7.000,0,0,0
B3_zmq_pushpull,zmq_tcp,none,none,,1,21810,512,584,1785153458270486000,1785153458270486000,1785153458270486000,1785153458270487000,1785153458270643000,1785153458270646000,1785153458270646000,1785153458270646000,121932490,121652369,-124.121,0.000,0.000,1.000,3.000,0.000,0.000,2.000,0,0,0
B3_zmq_pushpull,zmq_tcp,none,none,,1,21811,512,584,1785153458271613000,1785153458271613000,1785153458271613000,1785153458271614000,1785153458271758000,1785153458271761000,1785153458271761000,1785153458271761000,121932490,121652369,-136.121,0.000,0.000,1.000,3.000,0.000,0.000,12.000,0,0,0
B3_zmq_pushpull,zmq_tcp,none,none,,1,21812,512,584,1785153458272454000,1785153458272455000,1785153458272455000,1785153458272456000,1785153458272598000,1785153458272601000,1785153458272601000,1785153458272601000,121932490,121652369,-138.121,1.000,0.000,1.000,3.000,0.000,0.000,2.000,0,0,0
B3_zmq_pushpull,zmq_tcp,none,none,,1,21813,512,584,1785153458273623000,1785153458273623000,1785153458273623000,1785153458273624000,1785153458273736000,1785153458273739000,1785153458273739000,1785153458273739000,121932490,121652369,-168.121,0.000,0.000,1.000,3.000,0.000,0.000,30.000,0,0,0
B3_zmq_pushpull,zmq_tcp,none,none,,1,21814,512,584,1785153458274577000,1785153458274577000,1785153458274577000,1785153458274578000,1785153458274730000,1785153458274733000,1785153458274733000,1785153458274733000,121932490,121652369,-128.121,0.000,0.000,1.000,3.000,0.000,0.000,40.000,0,0,0
B3_zmq_pushpull,zmq_tcp,none,none,,1,21815,512,584,1785153458275590000,1785153458275590000,1785153458275590000,1785153458275591000,1785153458275707000,1785153458275710000,1785153458275710000,1785153458275710000,121932490,121652369,-164.121,0.000,0.000,1.000,3.000,0.000,0.000,36.000,0,0,0
B3_zmq_pushpull,zmq_tcp,none,none,,1,21816,512,584,1785153458276587000,1785153458276587000,1785153458276587000,1785153458276588000,1785153458276664000,1785153458276667000,1785153458276667000,1785153458276667000,121932490,121652369,-204.121,0.000,0.000,1.000,3.000,0.000,0.000,40.000,0,0,0
B3_zmq_pushpull,zmq_tcp,none,none,,1,21817,512,584,1785153458277587000,1785153458277587000,1785153458277587000,1785153458277588000,1785153458277664000,1785153458277668000,1785153458277668000,1785153458277668000,121932490,121652369,-204.121,0.000,0.000,1.000,4.000,0.000,0.000,0.000,0,0,0
B3_zmq_pushpull,zmq_tcp,none,none,,1,21818,512,584,1785153458278588000,1785153458278588000,1785153458278588000,1785153458278589000,1785153458278655000,1785153458278658000,1785153458278658000,1785153458278658000,121932490,121652369,-214.121,0.000,0.000,1.000,3.000,0.000,0.000,10.000,0,0,0
B3_zmq_pushpull,zmq_tcp,none,none,,1,21819,512,584,1785153458279587000,1785153458279587000,1785153458279587000,1785153458279588000,1785153458279783000,1785153458279786000,1785153458279786000,1785153458279786000,121932490,121652369,-85.121,0.000,0.000,1.000,3.000,0.000,0.000,129.000,0,0,0
B3_zmq_pushpull,zmq_tcp,none,none,,1,21820,512,584,1785153458280471000,1785153458280471000,1785153458280471000,1785153458280472000,1785153458280628000,1785153458280631000,1785153458280631000,1785153458280631000,121932490,121652369,-124.121,0.000,0.000,1.000,3.000,0.000,0.000,39.000,0,0,0
B3_zmq_pushpull,zmq_tcp,none,none,,1,21821,512,584,1785153458281617000,1785153458281617000,1785153458281617000,1785153458281618000,1785153458281739000,1785153458281743000,1785153458281743000,1785153458281743000,121932490,121652369,-159.121,0.000,0.000,1.000,4.000,0.000,0.000,35.000,0,0,0
B3_zmq_pushpull,zmq_tcp,none,none,,1,21822,512,584,1785153458282578000,1785153458282578000,1785153458282578000,1785153458282579000,1785153458282730000,1785153458282732000,1785153458282732000,1785153458282732000,121932490,121652369,-129.121,0.000,0.000,1.000,2.000,0.000,0.000,30.000,0,0,0
B3_zmq_pushpull,zmq_tcp,none,none,,1,21823,512,584,1785153458283416000,1785153458283416000,1785153458283416000,1785153458283417000,1785153458283567000,1785153458283570000,1785153458283570000,1785153458283570000,121932490,121652369,-130.121,0.000,0.000,1.000,3.000,0.000,0.000,1.000,0,0,0
B3_zmq_pushpull,zmq_tcp,none,none,,1,21824,512,584,1785153458284395000,1785153458284395000,1785153458284396000,1785153458284397000,1785153458284543000,1785153458284546000,1785153458284546000,1785153458284546000,121932490,121652369,-134.121,0.000,1.000,1.000,3.000,0.000,0.000,4.000,0,0,0
B3_zmq_pushpull,zmq_tcp,none,none,,1,21825,512,584,1785153458285635000,1785153458285635000,1785153458285636000,1785153458285636000,1785153458285798000,1785153458285800000,1785153458285800000,1785153458285800000,121932490,121652369,-118.121,0.000,1.000,0.000,2.000,0.000,0.000,16.000,0,0,0
B3_zmq_pushpull,zmq_tcp,none,none,,1,21826,512,584,1785153458286576000,1785153458286576000,1785153458286576000,1785153458286577000,1785153458286640000,1785153458286643000,1785153458286643000,1785153458286643000,121932490,121652369,-217.121,0.000,0.000,1.000,3.000,0.000,0.000,99.000,0,0,0
B3_zmq_pushpull,zmq_tcp,none,none,,1,21827,512,584,1785153458287592000,1785153458287593000,1785153458287593000,1785153458287594000,1785153458287760000,1785153458287763000,1785153458287763000,1785153458287763000,121932490,121652369,-114.121,1.000,0.000,1.000,3.000,0.000,0.000,103.000,0,0,0
B3_zmq_pushpull,zmq_tcp,none,none,,1,21828,512,584,1785153458288586000,1785153458288586000,1785153458288587000,1785153458288587000,1785153458288723000,1785153458288726000,1785153458288726000,1785153458288726000,121932490,121652369,-144.121,0.000,1.000,0.000,3.000,0.000,0.000,30.000,0,0,0
B3_zmq_pushpull,zmq_tcp,none,none,,1,21829,512,584,1785153458289418000,1785153458289419000,1785153458289419000,1785153458289420000,1785153458289571000,1785153458289574000,1785153458289574000,1785153458289574000,121932490,121652369,-129.121,1.000,0.000,1.000,3.000,0.000,0.000,15.000,0,0,0
B3_zmq_pushpull,zmq_tcp,none,none,,1,21830,512,584,1785153458290397000,1785153458290397000,1785153458290398000,1785153458290398000,1785153458290540000,1785153458290544000,1785153458290544000,1785153458290544000,121932490,121652369,-138.121,0.000,1.000,0.000,4.000,0.000,0.000,9.000,0,0,0
B3_zmq_pushpull,zmq_tcp,none,none,,1,21831,512,584,1785153458291510000,1785153458291511000,1785153458291511000,1785153458291512000,1785153458291668000,1785153458291671000,1785153458291671000,1785153458291671000,121932490,121652369,-124.121,1.000,0.000,1.000,3.000,0.000,0.000,14.000,0,0,0
B3_zmq_pushpull,zmq_tcp,none,none,,1,21832,512,584,1785153458292610000,1785153458292610000,1785153458292610000,1785153458292611000,1785153458292766000,1785153458292768000,1785153458292768000,1785153458292768000,121932490,121652369,-125.121,0.000,0.000,1.000,2.000,0.000,0.000,1.000,0,0,0
B3_zmq_pushpull,zmq_tcp,none,none,,1,21833,512,584,1785153458293581000,1785153458293581000,1785153458293581000,1785153458293582000,1785153458293754000,1785153458293756000,1785153458293757000,1785153458293757000,121932490,121652369,-108.121,0.000,0.000,1.000,2.000,1.000,0.000,17.000,0,0,0
B3_zmq_pushpull,zmq_tcp,none,none,,1,21834,512,584,1785153458294455000,1785153458294455000,1785153458294455000,1785153458294456000,1785153458294597000,1785153458294600000,1785153458294600000,1785153458294600000,121932490,121652369,-139.121,0.000,0.000,1.000,3.000,0.000,0.000,31.000,0,0,0
B3_zmq_pushpull,zmq_tcp,none,none,,1,21835,512,584,1785153458295621000,1785153458295621000,1785153458295621000,1785153458295622000,1785153458295715000,1785153458295718000,1785153458295718000,1785153458295718000,121932490,121652369,-187.121,0.000,0.000,1.000,3.000,0.000,0.000,48.000,0,0,0
B3_zmq_pushpull,zmq_tcp,none,none,,1,21836,512,584,1785153458296577000,1785153458296577000,1785153458296577000,1785153458296578000,1785153458296707000,1785153458296709000,1785153458296709000,1785153458296709000,121932490,121652369,-151.121,0.000,0.000,1.000,2.000,0.000,0.000,36.000,0,0,0
B3_zmq_pushpull,zmq_tcp,none,none,,1,21837,512,584,1785153458297591000,1785153458297591000,1785153458297591000,1785153458297592000,1785153458297678000,1785153458297681000,1785153458297681000,1785153458297681000,121932490,121652369,-194.121,0.000,0.000,1.000,3.000,0.000,0.000,43.000,0,0,0
B3_zmq_pushpull,zmq_tcp,none,none,,1,21838,512,584,1785153458298590000,1785153458298590000,1785153458298590000,1785153458298591000,1785153458298668000,1785153458298671000,1785153458298671000,1785153458298671000,121932490,121652369,-203.121,0.000,0.000,1.000,3.000,0.000,0.000,9.000,0,0,0
B3_zmq_pushpull,zmq_tcp,none,none,,1,21839,512,584,1785153458299587000,1785153458299588000,1785153458299588000,1785153458299589000,1785153458299780000,1785153458299782000,1785153458299783000,1785153458299783000,121932490,121652369,-89.121,1.000,0.000,1.000,2.000,1.000,0.000,114.000,0,0,0
B3_zmq_pushpull,zmq_tcp,none,none,,1,21840,512,584,1785153458300587000,1785153458300587000,1785153458300587000,1785153458300588000,1785153458300761000,1785153458300763000,1785153458300763000,1785153458300763000,121932490,121652369,-107.121,0.000,0.000,1.000,2.000,0.000,0.000,18.000,0,0,0
B3_zmq_pushpull,zmq_tcp,none,none,,1,21841,512,584,1785153458301587000,1785153458301588000,1785153458301588000,1785153458301589000,1785153458301765000,1785153458301767000,1785153458301767000,1785153458301767000,121932490,121652369,-104.121,1.000,0.000,1.000,2.000,0.000,0.000,3.000,0,0,0
B3_zmq_pushpull,zmq_tcp,none,none,,1,21842,512,584,1785153458302460000,1785153458302460000,1785153458302461000,1785153458302462000,1785153458302603000,1785153458302606000,1785153458302606000,1785153458302606000,121932490,121652369,-139.121,0.000,1.000,1.000,3.000,0.000,0.000,35.000,0,0,0
B3_zmq_pushpull,zmq_tcp,none,none,,1,21843,512,584,1785153458303619000,1785153458303620000,1785153458303620000,1785153458303621000,1785153458303711000,1785153458303714000,1785153458303714000,1785153458303714000,121932490,121652369,-190.121,1.000,0.000,1.000,3.000,0.000,0.000,51.000,0,0,0
B3_zmq_pushpull,zmq_tcp,none,none,,1,21844,512,584,1785153458304577000,1785153458304578000,1785153458304578000,1785153458304579000,1785153458304698000,1785153458304701000,1785153458304701000,1785153458304701000,121932490,121652369,-161.121,1.000,0.000,1.000,3.000,0.000,0.000,29.000,0,0,0
B3_zmq_pushpull,zmq_tcp,none,none,,1,21845,512,584,1785153458305399000,1785153458305399000,1785153458305399000,1785153458305400000,1785153458305549000,1785153458305552000,1785153458305552000,1785153458305552000,121932490,121652369,-131.121,0.000,0.000,1.000,3.000,0.000,0.000,30.000,0,0,0
B3_zmq_pushpull,zmq_tcp,none,none,,1,21846,512,584,1785153458306637000,1785153458306637000,1785153458306637000,1785153458306638000,1785153458306814000,1785153458306816000,1785153458306816000,1785153458306816000,121932490,121652369,-104.121,0.000,0.000,1.000,2.000,0.000,0.000,27.000,0,0,0
B3_zmq_pushpull,zmq_tcp,none,none,,1,21847,512,584,1785153458307579000,1785153458307579000,1785153458307579000,1785153458307580000,1785153458307638000,1785153458307640000,1785153458307640000,1785153458307641000,121932490,121652369,-222.121,0.000,0.000,1.000,2.000,0.000,1.000,118.000,0,0,0
B3_zmq_pushpull,zmq_tcp,none,none,,1,21848,512,584,1785153458308593000,1785153458308593000,1785153458308593000,1785153458308594000,1785153458308762000,1785153458308766000,1785153458308766000,1785153458308766000,121932490,121652369,-112.121,0.000,0.000,1.000,4.000,0.000,0.000,110.000,0,0,0
B3_zmq_pushpull,zmq_tcp,none,none,,1,21849,512,584,1785153458309464000,1785153458309464000,1785153458309464000,1785153458309465000,1785153458309615000,1785153458309619000,1785153458309619000,1785153458309619000,121932490,121652369,-130.121,0.000,0.000,1.000,4.000,0.000,0.000,18.000,0,0,0
B3_zmq_pushpull,zmq_tcp,none,none,,1,21850,512,584,1785153458310451000,1785153458310451000,1785153458310451000,1785153458310452000,1785153458310603000,1785153458310606000,1785153458310606000,1785153458310606000,121932490,121652369,-129.121,0.000,0.000,1.000,3.000,0.000,0.000,1.000,0,0,0
B3_zmq_pushpull,zmq_tcp,none,none,,1,21851,512,584,1785153458311428000,1785153458311428000,1785153458311428000,1785153458311429000,1785153458311582000,1785153458311585000,1785153458311585000,1785153458311585000,121932490,121652369,-127.121,0.000,0.000,1.000,3.000,0.000,0.000,2.000,0,0,0
B3_zmq_pushpull,zmq_tcp,none,none,,1,21852,512,584,1785153458312420000,1785153458312420000,1785153458312420000,1785153458312421000,1785153458312581000,1785153458312583000,1785153458312583000,1785153458312583000,121932490,121652369,-120.121,0.000,0.000,1.000,2.000,0.000,0.000,7.000,0,0,0
B3_zmq_pushpull,zmq_tcp,none,none,,1,21853,512,584,1785153458313629000,1785153458313629000,1785153458313629000,1785153458313630000,1785153458313713000,1785153458313716000,1785153458313716000,1785153458313716000,121932490,121652369,-197.121,0.000,0.000,1.000,3.000,0.000,0.000,77.000,0,0,0
B3_zmq_pushpull,zmq_tcp,none,none,,1,21854,512,584,1785153458314575000,1785153458314576000,1785153458314576000,1785153458314577000,1785153458314698000,1785153458314700000,1785153458314701000,1785153458314701000,121932490,121652369,-159.121,1.000,0.000,1.000,2.000,1.000,0.000,38.000,0,0,0
B3_zmq_pushpull,zmq_tcp,none,none,,1,21855,512,584,1785153458315591000,1785153458315592000,1785153458315592000,1785153458315593000,1785153458315685000,1785153458315687000,1785153458315687000,1785153458315687000,121932490,121652369,-188.121,1.000,0.000,1.000,2.000,0.000,0.000,29.000,0,0,0
B3_zmq_pushpull,zmq_tcp,none,none,,1,21856,512,584,1785153458316588000,1785153458316588000,1785153458316588000,1785153458316589000,1785153458316663000,1785153458316666000,1785153458316666000,1785153458316666000,121932490,121652369,-206.121,0.000,0.000,1.000,3.000,0.000,0.000,18.000,0,0,0
B3_zmq_pushpull,zmq_tcp,none,none,,1,21857,512,584,1785153458317588000,1785153458317588000,1785153458317588000,1785153458317589000,1785153458317770000,1785153458317773000,1785153458317773000,1785153458317773000,121932490,121652369,-99.121,0.000,0.000,1.000,3.000,0.000,0.000,107.000,0,0,0
B3_zmq_pushpull,zmq_tcp,none,none,,1,21858,512,584,1785153458318585000,1785153458318585000,1785153458318585000,1785153458318586000,1785153458318731000,1785153458318734000,1785153458318734000,1785153458318734000,121932490,121652369,-135.121,0.000,0.000,1.000,3.000,0.000,0.000,36.000,0,0,0
B3_zmq_pushpull,zmq_tcp,none,none,,1,21859,512,584,1785153458319425000,1785153458319425000,1785153458319425000,1785153458319426000,1785153458319586000,1785153458319589000,1785153458319589000,1785153458319589000,121932490,121652369,-120.121,0.000,0.000,1.000,3.000,0.000,0.000,15.000,0,0,0
B3_zmq_pushpull,zmq_tcp,none,none,,1,21860,512,584,1785153458320629000,1785153458320629000,1785153458320629000,1785153458320630000,1785153458320694000,1785153458320698000,1785153458320698000,1785153458320698000,121932490,121652369,-216.121,0.000,0.000,1.000,4.000,0.000,0.000,96.000,0,0,0
B3_zmq_pushpull,zmq_tcp,none,none,,1,21861,512,584,1785153458321391000,1785153458321391000,1785153458321391000,1785153458321392000,1785153458321549000,1785153458321551000,1785153458321551000,1785153458321551000,121932490,121652369,-123.121,0.000,0.000,1.000,2.000,0.000,0.000,93.000,0,0,0
B3_zmq_pushpull,zmq_tcp,none,none,,1,21862,512,584,1785153458322508000,1785153458322508000,1785153458322508000,1785153458322509000,1785153458322664000,1785153458322667000,1785153458322667000,1785153458322667000,121932490,121652369,-125.121,0.000,0.000,1.000,3.000,0.000,0.000,2.000,0,0,0
B3_zmq_pushpull,zmq_tcp,none,none,,1,21863,512,584,1785153458323493000,1785153458323493000,1785153458323493000,1785153458323494000,1785153458323649000,1785153458323651000,1785153458323651000,1785153458323651000,121932490,121652369,-125.121,0.000,0.000,1.000,2.000,0.000,0.000,0.000,0,0,0
B3_zmq_pushpull,zmq_tcp,none,none,,1,21864,512,584,1785153458324484000,1785153458324484000,1785153458324484000,1785153458324485000,1785153458324637000,1785153458324639000,1785153458324639000,1785153458324639000,121932490,121652369,-128.121,0.000,0.000,1.000,2.000,0.000,0.000,3.000,0,0,0
B3_zmq_pushpull,zmq_tcp,none,none,,1,21865,512,584,1785153458325453000,1785153458325453000,1785153458325453000,1785153458325454000,1785153458325603000,1785153458325606000,1785153458325606000,1785153458325606000,121932490,121652369,-131.121,0.000,0.000,1.000,3.000,0.000,0.000,3.000,0,0,0
B3_zmq_pushpull,zmq_tcp,none,none,,1,21866,512,584,1785153458326437000,1785153458326437000,1785153458326437000,1785153458326438000,1785153458326598000,1785153458326601000,1785153458326601000,1785153458326601000,121932490,121652369,-120.121,0.000,0.000,1.000,3.000,0.000,0.000,11.000,0,0,0
B3_zmq_pushpull,zmq_tcp,none,none,,1,21867,512,584,1785153458327420000,1785153458327420000,1785153458327420000,1785153458327421000,1785153458327579000,1785153458327582000,1785153458327582000,1785153458327582000,121932490,121652369,-122.121,0.000,0.000,1.000,3.000,0.000,0.000,2.000,0,0,0
B3_zmq_pushpull,zmq_tcp,none,none,,1,21868,512,584,1785153458328632000,1785153458328632000,1785153458328632000,1785153458328633000,1785153458328712000,1785153458328714000,1785153458328714000,1785153458328714000,121932490,121652369,-201.121,0.000,0.000,1.000,2.000,0.000,0.000,79.000,0,0,0
B3_zmq_pushpull,zmq_tcp,none,none,,1,21869,512,584,1785153458329573000,1785153458329573000,1785153458329573000,1785153458329574000,1785153458329690000,1785153458329693000,1785153458329693000,1785153458329693000,121932490,121652369,-164.121,0.000,0.000,1.000,3.000,0.000,0.000,37.000,0,0,0
B3_zmq_pushpull,zmq_tcp,none,none,,1,21870,512,584,1785153458330592000,1785153458330592000,1785153458330592000,1785153458330593000,1785153458330673000,1785153458330675000,1785153458330675000,1785153458330675000,121932490,121652369,-200.121,0.000,0.000,1.000,2.000,0.000,0.000,36.000,0,0,0
B3_zmq_pushpull,zmq_tcp,none,none,,1,21871,512,584,1785153458331588000,1785153458331588000,1785153458331588000,1785153458331589000,1785153458331657000,1785153458331659000,1785153458331659000,1785153458331659000,121932490,121652369,-212.121,0.000,0.000,1.000,2.000,0.000,0.000,12.000,0,0,0
B3_zmq_pushpull,zmq_tcp,none,none,,1,21872,512,584,1785153458332588000,1785153458332588000,1785153458332588000,1785153458332589000,1785153458332773000,1785153458332775000,1785153458332775000,1785153458332775000,121932490,121652369,-96.121,0.000,0.000,1.000,2.000,0.000,0.000,116.000,0,0,0
B3_zmq_pushpull,zmq_tcp,none,none,,1,21873,512,584,1785153458333456000,1785153458333456000,1785153458333456000,1785153458333457000,1785153458333614000,1785153458333617000,1785153458333617000,1785153458333617000,121932490,121652369,-123.121,0.000,0.000,1.000,3.000,0.000,0.000,27.000,0,0,0
B3_zmq_pushpull,zmq_tcp,none,none,,1,21874,512,584,1785153458334440000,1785153458334440000,1785153458334440000,1785153458334441000,1785153458334601000,1785153458334603000,1785153458334603000,1785153458334603000,121932490,121652369,-120.121,0.000,0.000,1.000,2.000,0.000,0.000,3.000,0,0,0
B3_zmq_pushpull,zmq_tcp,none,none,,1,21875,512,584,1785153458335625000,1785153458335625000,1785153458335625000,1785153458335626000,1785153458335717000,1785153458335720000,1785153458335720000,1785153458335720000,121932490,121652369,-189.121,0.000,0.000,1.000,3.000,0.000,0.000,69.000,0,0,0
B3_zmq_pushpull,zmq_tcp,none,none,,1,21876,512,584,1785153458336580000,1785153458336580000,1785153458336580000,1785153458336581000,1785153458336695000,1785153458336698000,1785153458336698000,1785153458336698000,121932490,121652369,-166.121,0.000,0.000,1.000,3.000,0.000,0.000,23.000,0,0,0
B3_zmq_pushpull,zmq_tcp,none,none,,1,21877,512,584,1785153458337590000,1785153458337590000,1785153458337590000,1785153458337591000,1785153458337682000,1785153458337685000,1785153458337685000,1785153458337685000,121932490,121652369,-189.121,0.000,0.000,1.000,3.000,0.000,0.000,23.000,0,0,0
B3_zmq_pushpull,zmq_tcp,none,none,,1,21878,512,584,1785153458338588000,1785153458338588000,1785153458338588000,1785153458338589000,1785153458338638000,1785153458338641000,1785153458338642000,1785153458338642000,121932490,121652369,-231.121,0.000,0.000,1.000,3.000,1.000,0.000,42.000,0,0,0
B3_zmq_pushpull,zmq_tcp,none,none,,1,21879,512,584,1785153458339457000,1785153458339457000,1785153458339457000,1785153458339458000,1785153458339612000,1785153458339615000,1785153458339615000,1785153458339615000,121932490,121652369,-126.121,0.000,0.000,1.000,3.000,0.000,0.000,105.000,0,0,0
B3_zmq_pushpull,zmq_tcp,none,none,,1,21880,512,584,1785153458340453000,1785153458340453000,1785153458340454000,1785153458340454000,1785153458340614000,1785153458340617000,1785153458340617000,1785153458340617000,121932490,121652369,-120.121,0.000,1.000,0.000,3.000,0.000,0.000,6.000,0,0,0
B3_zmq_pushpull,zmq_tcp,none,none,,1,21881,512,584,1785153458341622000,1785153458341622000,1785153458341622000,1785153458341623000,1785153458341742000,1785153458341745000,1785153458341745000,1785153458341745000,121932490,121652369,-161.121,0.000,0.000,1.000,3.000,0.000,0.000,41.000,0,0,0
B3_zmq_pushpull,zmq_tcp,none,none,,1,21882,512,584,1785153458342580000,1785153458342580000,1785153458342580000,1785153458342581000,1785153458342719000,1785153458342722000,1785153458342722000,1785153458342722000,121932490,121652369,-142.121,0.000,0.000,1.000,3.000,0.000,0.000,19.000,0,0,0
B3_zmq_pushpull,zmq_tcp,none,none,,1,21883,512,584,1785153458343588000,1785153458343588000,1785153458343588000,1785153458343589000,1785153458343703000,1785153458343706000,1785153458343706000,1785153458343706000,121932490,121652369,-166.121,0.000,0.000,1.000,3.000,0.000,0.000,24.000,0,0,0
B3_zmq_pushpull,zmq_tcp,none,none,,1,21884,512,584,1785153458344588000,1785153458344589000,1785153458344589000,1785153458344590000,1785153458344683000,1785153458344686000,1785153458344686000,1785153458344686000,121932490,121652369,-187.121,1.000,0.000,1.000,3.000,0.000,0.000,21.000,0,0,0
B3_zmq_pushpull,zmq_tcp,none,none,,1,21885,512,584,1785153458345589000,1785153458345589000,1785153458345589000,1785153458345590000,1785153458345653000,1785153458345655000,1785153458345655000,1785153458345655000,121932490,121652369,-217.121,0.000,0.000,1.000,2.000,0.000,0.000,30.000,0,0,0
B3_zmq_pushpull,zmq_tcp,none,none,,1,21886,512,584,1785153458346585000,1785153458346585000,1785153458346585000,1785153458346586000,1785153458346641000,1785153458346644000,1785153458346644000,1785153458346644000,121932490,121652369,-225.121,0.000,0.000,1.000,3.000,0.000,0.000,8.000,0,0,0
B3_zmq_pushpull,zmq_tcp,none,none,,1,21887,512,584,1785153458347595000,1785153458347595000,1785153458347595000,1785153458347596000,1785153458347785000,1785153458347789000,1785153458347789000,1785153458347789000,121932490,121652369,-91.121,0.000,0.000,1.000,4.000,0.000,0.000,134.000,0,0,0
B3_zmq_pushpull,zmq_tcp,none,none,,1,21888,512,584,1785153458348488000,1785153458348488000,1785153458348488000,1785153458348489000,1785153458348647000,1785153458348650000,1785153458348650000,1785153458348650000,121932490,121652369,-122.121,0.000,0.000,1.000,3.000,0.000,0.000,31.000,0,0,0
B3_zmq_pushpull,zmq_tcp,none,none,,1,21889,512,584,1785153458349618000,1785153458349619000,1785153458349619000,1785153458349620000,1785153458349777000,1785153458349779000,1785153458349779000,1785153458349779000,121932490,121652369,-123.121,1.000,0.000,1.000,2.000,0.000,0.000,1.000,0,0,0
B3_zmq_pushpull,zmq_tcp,none,none,,1,21890,512,584,1785153458350581000,1785153458350581000,1785153458350581000,1785153458350582000,1785153458350624000,1785153458350628000,1785153458350628000,1785153458350628000,121932490,121652369,-238.121,0.000,0.000,1.000,4.000,0.000,0.000,115.000,0,0,0
B3_zmq_pushpull,zmq_tcp,none,none,,1,21891,512,584,1785153458351442000,1785153458351442000,1785153458351442000,1785153458351443000,1785153458351585000,1785153458351589000,1785153458351589000,1785153458351589000,121932490,121652369,-138.121,0.000,0.000,1.000,4.000,0.000,0.000,100.000,0,0,0
B3_zmq_pushpull,zmq_tcp,none,none,,1,21892,512,584,1785153458352625000,1785153458352625000,1785153458352625000,1785153458352626000,1785153458352703000,1785153458352706000,1785153458352707000,1785153458352707000,121932490,121652369,-203.121,0.000,0.000,1.000,3.000,1.000,0.000,65.000,0,0,0
B3_zmq_pushpull,zmq_tcp,none,none,,1,21893,512,584,1785153458353392000,1785153458353392000,1785153458353392000,1785153458353393000,1785153458353533000,1785153458353535000,1785153458353535000,1785153458353535000,121932490,121652369,-140.121,0.000,0.000,1.000,2.000,0.000,0.000,63.000,0,0,0
B3_zmq_pushpull,zmq_tcp,none,none,,1,21894,512,584,1785153458354501000,1785153458354502000,1785153458354502000,1785153458354503000,1785153458354654000,1785153458354657000,1785153458354657000,1785153458354657000,121932490,121652369,-129.121,1.000,0.000,1.000,3.000,0.000,0.000,11.000,0,0,0
B3_zmq_pushpull,zmq_tcp,none,none,,1,21895,512,584,1785153458355472000,1785153458355472000,1785153458355472000,1785153458355473000,1785153458355626000,1785153458355629000,1785153458355629000,1785153458355629000,121932490,121652369,-127.121,0.000,0.000,1.000,3.000,0.000,0.000,2.000,0,0,0
B3_zmq_pushpull,zmq_tcp,none,none,,1,21896,512,584,1785153458356456000,1785153458356456000,1785153458356456000,1785153458356457000,1785153458356610000,1785153458356613000,1785153458356613000,1785153458356613000,121932490,121652369,-127.121,0.000,0.000,1.000,3.000,0.000,0.000,0.000,0,0,0
B3_zmq_pushpull,zmq_tcp,none,none,,1,21897,512,584,1785153458357446000,1785153458357446000,1785153458357446000,1785153458357447000,1785153458357589000,1785153458357592000,1785153458357592000,1785153458357592000,121932490,121652369,-138.121,0.000,0.000,1.000,3.000,0.000,0.000,11.000,0,0,0
B3_zmq_pushpull,zmq_tcp,none,none,,1,21898,512,584,1785153458358424000,1785153458358425000,1785153458358425000,1785153458358426000,1785153458358567000,1785153458358570000,1785153458358570000,1785153458358570000,121932490,121652369,-139.121,1.000,0.000,1.000,3.000,0.000,0.000,1.000,0,0,0
B3_zmq_pushpull,zmq_tcp,none,none,,1,21899,512,584,1785153458359629000,1785153458359629000,1785153458359629000,1785153458359630000,1785153458359677000,1785153458359680000,1785153458359680000,1785153458359680000,121932490,121652369,-233.121,0.000,0.000,1.000,3.000,0.000,0.000,94.000,0,0,0
B3_zmq_pushpull,zmq_tcp,none,none,,1,21900,512,584,1785153458360578000,1785153458360578000,1785153458360578000,1785153458360579000,1785153458360657000,1785153458360661000,1785153458360661000,1785153458360661000,121932490,121652369,-202.121,0.000,0.000,1.000,4.000,0.000,0.000,31.000,0,0,0
B3_zmq_pushpull,zmq_tcp,none,none,,1,21901,512,584,1785153458361492000,1785153458361492000,1785153458361492000,1785153458361493000,1785153458361651000,1785153458361654000,1785153458361654000,1785153458361654000,121932490,121652369,-122.121,0.000,0.000,1.000,3.000,0.000,0.000,80.000,0,0,0
B3_zmq_pushpull,zmq_tcp,none,none,,1,21902,512,584,1785153458362612000,1785153458362612000,1785153458362612000,1785153458362613000,1785153458362748000,1785153458362752000,1785153458362752000,1785153458362752000,121932490,121652369,-145.121,0.000,0.000,1.000,4.000,0.000,0.000,23.000,0,0,0
B3_zmq_pushpull,zmq_tcp,none,none,,1,21903,512,584,1785153458363447000,1785153458363447000,1785153458363447000,1785153458363448000,1785153458363594000,1785153458363597000,1785153458363597000,1785153458363597000,121932490,121652369,-134.121,0.000,0.000,1.000,3.000,0.000,0.000,11.000,0,0,0
B3_zmq_pushpull,zmq_tcp,none,none,,1,21904,512,584,1785153458364623000,1785153458364623000,1785153458364623000,1785153458364624000,1785153458364714000,1785153458364718000,1785153458364718000,1785153458364718000,121932490,121652369,-190.121,0.000,0.000,1.000,4.000,0.000,0.000,56.000,0,0,0
B3_zmq_pushpull,zmq_tcp,none,none,,1,21905,512,584,1785153458365406000,1785153458365406000,1785153458365406000,1785153458365407000,1785153458365557000,1785153458365560000,1785153458365560000,1785153458365560000,121932490,121652369,-130.121,0.000,0.000,1.000,3.000,0.000,0.000,60.000,0,0,0
B3_zmq_pushpull,zmq_tcp,none,none,,1,21906,512,584,1785153458366391000,1785153458366391000,1785153458366391000,1785153458366392000,1785153458366544000,1785153458366546000,1785153458366546000,1785153458366546000,121932490,121652369,-128.121,0.000,0.000,1.000,2.000,0.000,0.000,2.000,0,0,0
B3_zmq_pushpull,zmq_tcp,none,none,,1,21907,512,584,1785153458367503000,1785153458367503000,1785153458367503000,1785153458367504000,1785153458367653000,1785153458367655000,1785153458367655000,1785153458367655000,121932490,121652369,-131.121,0.000,0.000,1.000,2.000,0.000,0.000,3.000,0,0,0
B3_zmq_pushpull,zmq_tcp,none,none,,1,21908,512,584,1785153458368484000,1785153458368484000,1785153458368484000,1785153458368485000,1785153458368638000,1785153458368641000,1785153458368641000,1785153458368641000,121932490,121652369,-127.121,0.000,0.000,1.000,3.000,0.000,0.000,4.000,0,0,0
B3_zmq_pushpull,zmq_tcp,none,none,,1,21909,512,584,1785153458369494000,1785153458369494000,1785153458369494000,1785153458369495000,1785153458369650000,1785153458369653000,1785153458369653000,1785153458369653000,121932490,121652369,-125.121,0.000,0.000,1.000,3.000,0.000,0.000,2.000,0,0,0
B3_zmq_pushpull,zmq_tcp,none,none,,1,21910,512,584,1785153458370477000,1785153458370478000,1785153458370478000,1785153458370479000,1785153458370636000,1785153458370638000,1785153458370638000,1785153458370638000,121932490,121652369,-123.121,1.000,0.000,1.000,2.000,0.000,0.000,2.000,0,0,0
B3_zmq_pushpull,zmq_tcp,none,none,,1,21911,512,584,1785153458371616000,1785153458371616000,1785153458371616000,1785153458371617000,1785153458371760000,1785153458371762000,1785153458371762000,1785153458371762000,121932490,121652369,-137.121,0.000,0.000,1.000,2.000,0.000,0.000,14.000,0,0,0
B3_zmq_pushpull,zmq_tcp,none,none,,1,21912,512,584,1785153458372579000,1785153458372579000,1785153458372579000,1785153458372580000,1785153458372726000,1785153458372729000,1785153458372729000,1785153458372729000,121932490,121652369,-134.121,0.000,0.000,1.000,3.000,0.000,0.000,3.000,0,0,0
B3_zmq_pushpull,zmq_tcp,none,none,,1,21913,512,584,1785153458373404000,1785153458373404000,1785153458373404000,1785153458373405000,1785153458373557000,1785153458373559000,1785153458373559000,1785153458373559000,121932490,121652369,-128.121,0.000,0.000,1.000,2.000,0.000,0.000,6.000,0,0,0
B3_zmq_pushpull,zmq_tcp,none,none,,1,21914,512,584,1785153458374396000,1785153458374396000,1785153458374396000,1785153458374397000,1785153458374550000,1785153458374553000,1785153458374553000,1785153458374553000,121932490,121652369,-127.121,0.000,0.000,1.000,3.000,0.000,0.000,1.000,0,0,0
B3_zmq_pushpull,zmq_tcp,none,none,,1,21915,512,584,1785153458375493000,1785153458375494000,1785153458375494000,1785153458375495000,1785153458375652000,1785153458375654000,1785153458375654000,1785153458375654000,121932490,121652369,-123.121,1.000,0.000,1.000,2.000,0.000,0.000,4.000,0,0,0
B3_zmq_pushpull,zmq_tcp,none,none,,1,21916,512,584,1785153458376479000,1785153458376479000,1785153458376479000,1785153458376480000,1785153458376638000,1785153458376641000,1785153458376641000,1785153458376641000,121932490,121652369,-122.121,0.000,0.000,1.000,3.000,0.000,0.000,1.000,0,0,0
B3_zmq_pushpull,zmq_tcp,none,none,,1,21917,512,584,1785153458377616000,1785153458377616000,1785153458377616000,1785153458377617000,1785153458377766000,1785153458377769000,1785153458377769000,1785153458377769000,121932490,121652369,-131.121,0.000,0.000,1.000,3.000,0.000,0.000,9.000,0,0,0
B3_zmq_pushpull,zmq_tcp,none,none,,1,21918,512,584,1785153458378582000,1785153458378582000,1785153458378582000,1785153458378583000,1785153458378752000,1785153458378754000,1785153458378754000,1785153458378754000,121932490,121652369,-111.121,0.000,0.000,1.000,2.000,0.000,0.000,20.000,0,0,0
B3_zmq_pushpull,zmq_tcp,none,none,,1,21919,512,584,1785153458379439000,1785153458379439000,1785153458379439000,1785153458379440000,1785153458379592000,1785153458379594000,1785153458379594000,1785153458379594000,121932490,121652369,-128.121,0.000,0.000,1.000,2.000,0.000,0.000,17.000,0,0,0
B3_zmq_pushpull,zmq_tcp,none,none,,1,21920,512,584,1785153458380407000,1785153458380407000,1785153458380407000,1785153458380408000,1785153458380558000,1785153458380561000,1785153458380561000,1785153458380561000,121932490,121652369,-130.121,0.000,0.000,1.000,3.000,0.000,0.000,2.000,0,0,0
B3_zmq_pushpull,zmq_tcp,none,none,,1,21921,512,584,1785153458381399000,1785153458381399000,1785153458381399000,1785153458381400000,1785153458381553000,1785153458381556000,1785153458381556000,1785153458381556000,121932490,121652369,-127.121,0.000,0.000,1.000,3.000,0.000,0.000,3.000,0,0,0
B3_zmq_pushpull,zmq_tcp,none,none,,1,21922,512,584,1785153458382400000,1785153458382400000,1785153458382400000,1785153458382401000,1785153458382545000,1785153458382548000,1785153458382548000,1785153458382548000,121932490,121652369,-136.121,0.000,0.000,1.000,3.000,0.000,0.000,9.000,0,0,0
B3_zmq_pushpull,zmq_tcp,none,none,,1,21923,512,584,1785153458383512000,1785153458383512000,1785153458383513000,1785153458383513000,1785153458383673000,1785153458383676000,1785153458383676000,1785153458383676000,121932490,121652369,-120.121,0.000,1.000,0.000,3.000,0.000,0.000,16.000,0,0,0
B3_zmq_pushpull,zmq_tcp,none,none,,1,21924,512,584,1785153458384608000,1785153458384608000,1785153458384608000,1785153458384609000,1785153458384785000,1785153458384788000,1785153458384788000,1785153458384788000,121932490,121652369,-104.121,0.000,0.000,1.000,3.000,0.000,0.000,16.000,0,0,0
B3_zmq_pushpull,zmq_tcp,none,none,,1,21925,512,584,1785153458385476000,1785153458385476000,1785153458385476000,1785153458385478000,1785153458385620000,1785153458385622000,1785153458385622000,1785153458385622000,121932490,121652369,-138.121,0.000,0.000,2.000,2.000,0.000,0.000,34.000,0,0,0
B3_zmq_pushpull,zmq_tcp,none,none,,1,21926,512,584,1785153458386613000,1785153458386613000,1785153458386613000,1785153458386614000,1785153458386716000,1785153458386718000,1785153458386718000,1785153458386718000,121932490,121652369,-178.121,0.000,0.000,1.000,2.000,0.000,0.000,40.000,0,0,0
B3_zmq_pushpull,zmq_tcp,none,none,,1,21927,512,584,1785153458387581000,1785153458387581000,1785153458387581000,1785153458387582000,1785153458387692000,1785153458387695000,1785153458387695000,1785153458387695000,121932490,121652369,-170.121,0.000,0.000,1.000,3.000,0.000,0.000,8.000,0,0,0
B3_zmq_pushpull,zmq_tcp,none,none,,1,21928,512,584,1785153458388518000,1785153458388519000,1785153458388519000,1785153458388520000,1785153458388676000,1785153458388678000,1785153458388678000,1785153458388678000,121932490,121652369,-124.121,1.000,0.000,1.000,2.000,0.000,0.000,46.000,0,0,0
B3_zmq_pushpull,zmq_tcp,none,none,,1,21929,512,584,1785153458389508000,1785153458389509000,1785153458389509000,1785153458389510000,1785153458389662000,1785153458389667000,1785153458389667000,1785153458389667000,121932490,121652369,-128.121,1.000,0.000,1.000,5.000,0.000,0.000,4.000,0,0,0
B3_zmq_pushpull,zmq_tcp,none,none,,1,21930,512,584,1785153458390507000,1785153458390507000,1785153458390507000,1785153458390508000,1785153458390666000,1785153458390670000,1785153458390670000,1785153458390670000,121932490,121652369,-122.121,0.000,0.000,1.000,4.000,0.000,0.000,6.000,0,0,0
B3_zmq_pushpull,zmq_tcp,none,none,,1,21931,512,584,1785153458391610000,1785153458391611000,1785153458391611000,1785153458391612000,1785153458391782000,1785153458391785000,1785153458391785000,1785153458391785000,121932490,121652369,-110.121,1.000,0.000,1.000,3.000,0.000,0.000,12.000,0,0,0
B3_zmq_pushpull,zmq_tcp,none,none,,1,21932,512,584,1785153458392581000,1785153458392581000,1785153458392581000,1785153458392582000,1785153458392629000,1785153458392633000,1785153458392633000,1785153458392633000,121932490,121652369,-233.121,0.000,0.000,1.000,4.000,0.000,0.000,123.000,0,0,0
B3_zmq_pushpull,zmq_tcp,none,none,,1,21933,512,584,1785153458393591000,1785153458393591000,1785153458393591000,1785153458393592000,1785153458393744000,1785153458393746000,1785153458393746000,1785153458393746000,121932490,121652369,-128.121,0.000,0.000,1.000,2.000,0.000,0.000,105.000,0,0,0
B3_zmq_pushpull,zmq_tcp,none,none,,1,21934,512,584,1785153458394439000,1785153458394439000,1785153458394439000,1785153458394440000,1785153458394590000,1785153458394593000,1785153458394593000,1785153458394593000,121932490,121652369,-130.121,0.000,0.000,1.000,3.000,0.000,0.000,2.000,0,0,0
B3_zmq_pushpull,zmq_tcp,none,none,,1,21935,512,584,1785153458395429000,1785153458395429000,1785153458395429000,1785153458395430000,1785153458395585000,1785153458395588000,1785153458395588000,1785153458395588000,121932490,121652369,-125.121,0.000,0.000,1.000,3.000,0.000,0.000,5.000,0,0,0
B3_zmq_pushpull,zmq_tcp,none,none,,1,21936,512,584,1785153458396411000,1785153458396411000,1785153458396411000,1785153458396412000,1785153458396569000,1785153458396572000,1785153458396572000,1785153458396572000,121932490,121652369,-123.121,0.000,0.000,1.000,3.000,0.000,0.000,2.000,0,0,0
B3_zmq_pushpull,zmq_tcp,none,none,,1,21937,512,584,1785153458397402000,1785153458397402000,1785153458397402000,1785153458397403000,1785153458397561000,1785153458397564000,1785153458397564000,1785153458397564000,121932490,121652369,-122.121,0.000,0.000,1.000,3.000,0.000,0.000,1.000,0,0,0
B3_zmq_pushpull,zmq_tcp,none,none,,1,21938,512,584,1785153458398398000,1785153458398398000,1785153458398398000,1785153458398399000,1785153458398560000,1785153458398562000,1785153458398562000,1785153458398562000,121932490,121652369,-119.121,0.000,0.000,1.000,2.000,0.000,0.000,3.000,0,0,0
B3_zmq_pushpull,zmq_tcp,none,none,,1,21939,512,584,1785153458399636000,1785153458399636000,1785153458399636000,1785153458399637000,1785153458399694000,1785153458399698000,1785153458399698000,1785153458399698000,121932490,121652369,-223.121,0.000,0.000,1.000,4.000,0.000,0.000,104.000,0,0,0
B3_zmq_pushpull,zmq_tcp,none,none,,1,21940,512,584,1785153458400573000,1785153458400573000,1785153458400573000,1785153458400574000,1785153458400681000,1785153458400684000,1785153458400684000,1785153458400684000,121932490,121652369,-173.121,0.000,0.000,1.000,3.000,0.000,0.000,50.000,0,0,0
B3_zmq_pushpull,zmq_tcp,none,none,,1,21941,512,584,1785153458401592000,1785153458401592000,1785153458401592000,1785153458401593000,1785153458401658000,1785153458401661000,1785153458401661000,1785153458401661000,121932490,121652369,-215.121,0.000,0.000,1.000,3.000,0.000,0.000,42.000,0,0,0
B3_zmq_pushpull,zmq_tcp,none,none,,1,21942,512,584,1785153458402587000,1785153458402587000,1785153458402587000,1785153458402588000,1785153458402643000,1785153458402646000,1785153458402646000,1785153458402646000,121932490,121652369,-225.121,0.000,0.000,1.000,3.000,0.000,0.000,10.000,0,0,0
B3_zmq_pushpull,zmq_tcp,none,none,,1,21943,512,584,1785153458403592000,1785153458403592000,1785153458403592000,1785153458403593000,1785153458403756000,1785153458403758000,1785153458403758000,1785153458403758000,121932490,121652369,-117.121,0.000,0.000,1.000,2.000,0.000,0.000,108.000,0,0,0
B3_zmq_pushpull,zmq_tcp,none,none,,1,21944,512,584,1785153458404587000,1785153458404587000,1785153458404587000,1785153458404588000,1785153458404749000,1785153458404752000,1785153458404752000,1785153458404752000,121932490,121652369,-119.121,0.000,0.000,1.000,3.000,0.000,0.000,2.000,0,0,0
B3_zmq_pushpull,zmq_tcp,none,none,,1,21945,512,584,1785153458405439000,1785153458405439000,1785153458405439000,1785153458405440000,1785153458405600000,1785153458405602000,1785153458405602000,1785153458405602000,121932490,121652369,-120.121,0.000,0.000,1.000,2.000,0.000,0.000,1.000,0,0,0
B3_zmq_pushpull,zmq_tcp,none,none,,1,21946,512,584,1785153458406625000,1785153458406625000,1785153458406626000,1785153458406626000,1785153458406710000,1785153458406713000,1785153458406713000,1785153458406713000,121932490,121652369,-196.121,0.000,1.000,0.000,3.000,0.000,0.000,76.000,0,0,0
B3_zmq_pushpull,zmq_tcp,none,none,,1,21947,512,584,1785153458407577000,1785153458407577000,1785153458407577000,1785153458407578000,1785153458407680000,1785153458407682000,1785153458407682000,1785153458407682000,121932490,121652369,-178.121,0.000,0.000,1.000,2.000,0.000,0.000,18.000,0,0,0
B3_zmq_pushpull,zmq_tcp,none,none,,1,21948,512,584,1785153458408591000,1785153458408591000,1785153458408591000,1785153458408592000,1785153458408632000,1785153458408636000,1785153458408636000,1785153458408636000,121932490,121652369,-240.121,0.000,0.000,1.000,4.000,0.000,0.000,62.000,0,0,0
B3_zmq_pushpull,zmq_tcp,none,none,,1,21949,512,584,1785153458409588000,1785153458409588000,1785153458409588000,1785153458409589000,1785153458409740000,1785153458409742000,1785153458409742000,1785153458409742000,121932490,121652369,-129.121,0.000,0.000,1.000,2.000,0.000,0.000,111.000,0,0,0
B3_zmq_pushpull,zmq_tcp,none,none,,1,21950,512,584,1785153458410588000,1785153458410588000,1785153458410588000,1785153458410589000,1785153458410712000,1785153458410714000,1785153458410714000,1785153458410714000,121932490,121652369,-157.121,0.000,0.000,1.000,2.000,0.000,0.000,28.000,0,0,0
B3_zmq_pushpull,zmq_tcp,none,none,,1,21951,512,584,1785153458411589000,1785153458411589000,1785153458411589000,1785153458411590000,1785153458411693000,1785153458411695000,1785153458411695000,1785153458411695000,121932490,121652369,-177.121,0.000,0.000,1.000,2.000,0.000,0.000,20.000,0,0,0
B3_zmq_pushpull,zmq_tcp,none,none,,1,21952,512,584,1785153458412588000,1785153458412588000,1785153458412588000,1785153458412589000,1785153458412690000,1785153458412693000,1785153458412693000,1785153458412693000,121932490,121652369,-179.121,0.000,0.000,1.000,3.000,0.000,0.000,2.000,0,0,0
B3_zmq_pushpull,zmq_tcp,none,none,,1,21953,512,584,1785153458413588000,1785153458413588000,1785153458413588000,1785153458413589000,1785153458413673000,1785153458413676000,1785153458413676000,1785153458413676000,121932490,121652369,-196.121,0.000,0.000,1.000,3.000,0.000,0.000,17.000,0,0,0
B3_zmq_pushpull,zmq_tcp,none,none,,1,21954,512,584,1785153458414493000,1785153458414493000,1785153458414493000,1785153458414494000,1785153458414636000,1785153458414638000,1785153458414638000,1785153458414638000,121932490,121652369,-138.121,0.000,0.000,1.000,2.000,0.000,0.000,58.000,0,0,0
B3_zmq_pushpull,zmq_tcp,none,none,,1,21955,512,584,1785153458415609000,1785153458415609000,1785153458415610000,1785153458415610000,1785153458415742000,1785153458415745000,1785153458415745000,1785153458415745000,121932490,121652369,-148.121,0.000,1.000,0.000,3.000,0.000,0.000,10.000,0,0,0
B3_zmq_pushpull,zmq_tcp,none,none,,1,21956,512,584,1785153458416583000,1785153458416583000,1785153458416583000,1785153458416584000,1785153458416737000,1785153458416741000,1785153458416742000,1785153458416742000,121932490,121652369,-127.121,0.000,0.000,1.000,4.000,1.000,0.000,21.000,0,0,0
B3_zmq_pushpull,zmq_tcp,none,none,,1,21957,512,584,1785153458417436000,1785153458417436000,1785153458417436000,1785153458417437000,1785153458417596000,1785153458417598000,1785153458417598000,1785153458417598000,121932490,121652369,-121.121,0.000,0.000,1.000,2.000,0.000,0.000,6.000,0,0,0
B3_zmq_pushpull,zmq_tcp,none,none,,1,21958,512,584,1785153458418629000,1785153458418629000,1785153458418629000,1785153458418630000,1785153458418717000,1785153458418720000,1785153458418720000,1785153458418720000,121932490,121652369,-193.121,0.000,0.000,1.000,3.000,0.000,0.000,72.000,0,0,0
B3_zmq_pushpull,zmq_tcp,none,none,,1,21959,512,584,1785153458419580000,1785153458419580000,1785153458419580000,1785153458419581000,1785153458419696000,1785153458419698000,1785153458419698000,1785153458419699000,121932490,121652369,-165.121,0.000,0.000,1.000,2.000,0.000,1.000,28.000,0,0,0
B3_zmq_pushpull,zmq_tcp,none,none,,1,21960,512,584,1785153458420591000,1785153458420591000,1785153458420591000,1785153458420592000,1785153458420657000,1785153458420660000,1785153458420660000,1785153458420660000,121932490,121652369,-215.121,0.000,0.000,1.000,3.000,0.000,0.000,50.000,0,0,0
B3_zmq_pushpull,zmq_tcp,none,none,,1,21961,512,584,1785153458421588000,1785153458421588000,1785153458421588000,1785153458421589000,1785153458421637000,1785153458421639000,1785153458421639000,1785153458421639000,121932490,121652369,-232.121,0.000,0.000,1.000,2.000,0.000,0.000,17.000,0,0,0
B3_zmq_pushpull,zmq_tcp,none,none,,1,21962,512,584,1785153458422589000,1785153458422589000,1785153458422589000,1785153458422590000,1785153458422746000,1785153458422749000,1785153458422749000,1785153458422749000,121932490,121652369,-124.121,0.000,0.000,1.000,3.000,0.000,0.000,108.000,0,0,0
B3_zmq_pushpull,zmq_tcp,none,none,,1,21963,512,584,1785153458423585000,1785153458423585000,1785153458423585000,1785153458423586000,1785153458423733000,1785153458423738000,1785153458423738000,1785153458423738000,121932490,121652369,-133.121,0.000,0.000,1.000,5.000,0.000,0.000,9.000,0,0,0
B3_zmq_pushpull,zmq_tcp,none,none,,1,21964,512,584,1785153458424589000,1785153458424590000,1785153458424590000,1785153458424590000,1785153458424728000,1785153458424730000,1785153458424730000,1785153458424730000,121932490,121652369,-142.121,1.000,0.000,0.000,2.000,0.000,0.000,9.000,0,0,0
B3_zmq_pushpull,zmq_tcp,none,none,,1,21965,512,584,1785153458425588000,1785153458425588000,1785153458425588000,1785153458425589000,1785153458425710000,1785153458425713000,1785153458425713000,1785153458425713000,121932490,121652369,-159.121,0.000,0.000,1.000,3.000,0.000,0.000,17.000,0,0,0
B3_zmq_pushpull,zmq_tcp,none,none,,1,21966,512,584,1785153458426588000,1785153458426588000,1785153458426588000,1785153458426589000,1785153458426700000,1785153458426702000,1785153458426702000,1785153458426702000,121932490,121652369,-169.121,0.000,0.000,1.000,2.000,0.000,0.000,10.000,0,0,0
B3_zmq_pushpull,zmq_tcp,none,none,,1,21967,512,584,1785153458427585000,1785153458427586000,1785153458427586000,1785153458427587000,1785153458427656000,1785153458427660000,1785153458427660000,1785153458427660000,121932490,121652369,-211.121,1.000,0.000,1.000,4.000,0.000,0.000,42.000,0,0,0
B3_zmq_pushpull,zmq_tcp,none,none,,1,21968,512,584,1785153458428468000,1785153458428468000,1785153458428468000,1785153458428469000,1785153458428621000,1785153458428624000,1785153458428624000,1785153458428624000,121932490,121652369,-128.121,0.000,0.000,1.000,3.000,0.000,0.000,83.000,0,0,0
B3_zmq_pushpull,zmq_tcp,none,none,,1,21969,512,584,1785153458429455000,1785153458429455000,1785153458429455000,1785153458429456000,1785153458429607000,1785153458429609000,1785153458429609000,1785153458429609000,121932490,121652369,-129.121,0.000,0.000,1.000,2.000,0.000,0.000,1.000,0,0,0
B3_zmq_pushpull,zmq_tcp,none,none,,1,21970,512,584,1785153458430449000,1785153458430449000,1785153458430449000,1785153458430450000,1785153458430597000,1785153458430600000,1785153458430600000,1785153458430600000,121932490,121652369,-133.121,0.000,0.000,1.000,3.000,0.000,0.000,4.000,0,0,0
B3_zmq_pushpull,zmq_tcp,none,none,,1,21971,512,584,1785153458431623000,1785153458431623000,1785153458431623000,1785153458431624000,1785153458431708000,1785153458431711000,1785153458431711000,1785153458431711000,121932490,121652369,-196.121,0.000,0.000,1.000,3.000,0.000,0.000,63.000,0,0,0
B3_zmq_pushpull,zmq_tcp,none,none,,1,21972,512,584,1785153458432400000,1785153458432401000,1785153458432401000,1785153458432402000,1785153458432561000,1785153458432564000,1785153458432564000,1785153458432564000,121932490,121652369,-121.121,1.000,0.000,1.000,3.000,0.000,0.000,75.000,0,0,0
B3_zmq_pushpull,zmq_tcp,none,none,,1,21973,512,584,1785153458433638000,1785153458433638000,1785153458433638000,1785153458433639000,1785153458433696000,1785153458433699000,1785153458433699000,1785153458433699000,121932490,121652369,-223.121,0.000,0.000,1.000,3.000,0.000,0.000,102.000,0,0,0
B3_zmq_pushpull,zmq_tcp,none,none,,1,21974,512,584,1785153458434575000,1785153458434575000,1785153458434575000,1785153458434576000,1785153458434668000,1785153458434670000,1785153458434670000,1785153458434670000,121932490,121652369,-188.121,0.000,0.000,1.000,2.000,0.000,0.000,35.000,0,0,0
B3_zmq_pushpull,zmq_tcp,none,none,,1,21975,512,584,1785153458435592000,1785153458435592000,1785153458435592000,1785153458435593000,1785153458435641000,1785153458435645000,1785153458435645000,1785153458435645000,121932490,121652369,-232.121,0.000,0.000,1.000,4.000,0.000,0.000,44.000,0,0,0
B3_zmq_pushpull,zmq_tcp,none,none,,1,21976,512,584,1785153458436588000,1785153458436588000,1785153458436588000,1785153458436589000,1785153458436758000,1785153458436761000,1785153458436761000,1785153458436761000,121932490,121652369,-111.121,0.000,0.000,1.000,3.000,0.000,0.000,121.000,0,0,0
B3_zmq_pushpull,zmq_tcp,none,none,,1,21977,512,584,1785153458437588000,1785153458437588000,1785153458437588000,1785153458437589000,1785153458437765000,1785153458437768000,1785153458437768000,1785153458437768000,121932490,121652369,-104.121,0.000,0.000,1.000,3.000,0.000,0.000,7.000,0,0,0
B3_zmq_pushpull,zmq_tcp,none,none,,1,21978,512,584,1785153458438469000,1785153458438469000,1785153458438469000,1785153458438470000,1785153458438627000,1785153458438629000,1785153458438629000,1785153458438629000,121932490,121652369,-123.121,0.000,0.000,1.000,2.000,0.000,0.000,19.000,0,0,0
B3_zmq_pushpull,zmq_tcp,none,none,,1,21979,512,584,1785153458439454000,1785153458439454000,1785153458439454000,1785153458439455000,1785153458439612000,1785153458439614000,1785153458439614000,1785153458439614000,121932490,121652369,-123.121,0.000,0.000,1.000,2.000,0.000,0.000,0.000,0,0,0
B3_zmq_pushpull,zmq_tcp,none,none,,1,21980,512,584,1785153458440449000,1785153458440449000,1785153458440449000,1785153458440450000,1785153458440604000,1785153458440607000,1785153458440607000,1785153458440607000,121932490,121652369,-126.121,0.000,0.000,1.000,3.000,0.000,0.000,3.000,0,0,0
B3_zmq_pushpull,zmq_tcp,none,none,,1,21981,512,584,1785153458441434000,1785153458441434000,1785153458441434000,1785153458441435000,1785153458441587000,1785153458441590000,1785153458441590000,1785153458441590000,121932490,121652369,-128.121,0.000,0.000,1.000,3.000,0.000,0.000,2.000,0,0,0
B3_zmq_pushpull,zmq_tcp,none,none,,1,21982,512,584,1785153458442624000,1785153458442624000,1785153458442624000,1785153458442625000,1785153458442696000,1785153458442699000,1785153458442699000,1785153458442699000,121932490,121652369,-209.121,0.000,0.000,1.000,3.000,0.000,0.000,81.000,0,0,0
B3_zmq_pushpull,zmq_tcp,none,none,,1,21983,512,584,1785153458443580000,1785153458443580000,1785153458443580000,1785153458443581000,1785153458443663000,1785153458443665000,1785153458443665000,1785153458443665000,121932490,121652369,-198.121,0.000,0.000,1.000,2.000,0.000,0.000,11.000,0,0,0
B3_zmq_pushpull,zmq_tcp,none,none,,1,21984,512,584,1785153458444593000,1785153458444593000,1785153458444594000,1785153458444594000,1785153458444657000,1785153458444661000,1785153458444661000,1785153458444661000,121932490,121652369,-217.121,0.000,1.000,0.000,4.000,0.000,0.000,19.000,0,0,0
B3_zmq_pushpull,zmq_tcp,none,none,,1,21985,512,584,1785153458445498000,1785153458445498000,1785153458445498000,1785153458445499000,1785153458445656000,1785153458445659000,1785153458445659000,1785153458445659000,121932490,121652369,-123.121,0.000,0.000,1.000,3.000,0.000,0.000,94.000,0,0,0
B3_zmq_pushpull,zmq_tcp,none,none,,1,21986,512,584,1785153458446476000,1785153458446476000,1785153458446476000,1785153458446477000,1785153458446633000,1785153458446636000,1785153458446636000,1785153458446636000,121932490,121652369,-124.121,0.000,0.000,1.000,3.000,0.000,0.000,1.000,0,0,0
B3_zmq_pushpull,zmq_tcp,none,none,,1,21987,512,584,1785153458447616000,1785153458447616000,1785153458447616000,1785153458447617000,1785153458447741000,1785153458447744000,1785153458447744000,1785153458447744000,121932490,121652369,-156.121,0.000,0.000,1.000,3.000,0.000,0.000,32.000,0,0,0
B3_zmq_pushpull,zmq_tcp,none,none,,1,21988,512,584,1785153458448580000,1785153458448581000,1785153458448581000,1785153458448582000,1785153458448725000,1785153458448728000,1785153458448728000,1785153458448728000,121932490,121652369,-137.121,1.000,0.000,1.000,3.000,0.000,0.000,19.000,0,0,0
B3_zmq_pushpull,zmq_tcp,none,none,,1,21989,512,584,1785153458449591000,1785153458449591000,1785153458449591000,1785153458449592000,1785153458449700000,1785153458449702000,1785153458449703000,1785153458449703000,121932490,121652369,-172.121,0.000,0.000,1.000,2.000,1.000,0.000,35.000,0,0,0
B3_zmq_pushpull,zmq_tcp,none,none,,1,21990,512,584,1785153458450399000,1785153458450399000,1785153458450399000,1785153458450400000,1785153458450539000,1785153458450542000,1785153458450542000,1785153458450542000,121932490,121652369,-141.121,0.000,0.000,1.000,3.000,0.000,0.000,31.000,0,0,0
B3_zmq_pushpull,zmq_tcp,none,none,,1,21991,512,584,1785153458451637000,1785153458451637000,1785153458451637000,1785153458451638000,1785153458451777000,1785153458451780000,1785153458451780000,1785153458451780000,121932490,121652369,-141.121,0.000,0.000,1.000,3.000,0.000,0.000,0.000,0,0,0
B3_zmq_pushpull,zmq_tcp,none,none,,1,21992,512,584,1785153458452578000,1785153458452580000,1785153458452580000,1785153458452581000,1785153458452725000,1785153458452728000,1785153458452728000,1785153458452728000,121932490,121652369,-136.121,2.000,0.000,1.000,3.000,0.000,0.000,5.000,0,0,0
B3_zmq_pushpull,zmq_tcp,none,none,,1,21993,512,584,1785153458453591000,1785153458453591000,1785153458453591000,1785153458453592000,1785153458453716000,1785153458453719000,1785153458453719000,1785153458453719000,121932490,121652369,-156.121,0.000,0.000,1.000,3.000,0.000,0.000,20.000,0,0,0
B3_zmq_pushpull,zmq_tcp,none,none,,1,21994,512,584,1785153458454432000,1785153458454432000,1785153458454432000,1785153458454433000,1785153458454588000,1785153458454591000,1785153458454591000,1785153458454591000,121932490,121652369,-125.121,0.000,0.000,1.000,3.000,0.000,0.000,31.000,0,0,0
B3_zmq_pushpull,zmq_tcp,none,none,,1,21995,512,584,1785153458455413000,1785153458455413000,1785153458455413000,1785153458455414000,1785153458455567000,1785153458455569000,1785153458455569000,1785153458455569000,121932490,121652369,-127.121,0.000,0.000,1.000,2.000,0.000,0.000,2.000,0,0,0
B3_zmq_pushpull,zmq_tcp,none,none,,1,21996,512,584,1785153458456428000,1785153458456428000,1785153458456428000,1785153458456429000,1785153458456583000,1785153458456588000,1785153458456588000,1785153458456588000,121932490,121652369,-126.121,0.000,0.000,1.000,5.000,0.000,0.000,1.000,0,0,0
B3_zmq_pushpull,zmq_tcp,none,none,,1,21997,512,584,1785153458457404000,1785153458457404000,1785153458457405000,1785153458457405000,1785153458457560000,1785153458457563000,1785153458457563000,1785153458457563000,121932490,121652369,-125.121,0.000,1.000,0.000,3.000,0.000,0.000,1.000,0,0,0
B3_zmq_pushpull,zmq_tcp,none,none,,1,21998,512,584,1785153458458641000,1785153458458641000,1785153458458641000,1785153458458642000,1785153458458804000,1785153458458808000,1785153458458808000,1785153458458808000,121932490,121652369,-118.121,0.000,0.000,1.000,4.000,0.000,0.000,7.000,0,0,0
B3_zmq_pushpull,zmq_tcp,none,none,,1,21999,512,584,1785153458459572000,1785153458459573000,1785153458459573000,1785153458459574000,1785153458459657000,1785153458459663000,1785153458459664000,1785153458459664000,121932490,121652369,-197.121,1.000,0.000,1.000,6.000,1.000,0.000,79.000,0,0,0
B3_zmq_pushpull,zmq_tcp,none,none,,1,22000,512,584,1785153458460592000,1785153458460593000,1785153458460593000,1785153458460594000,1785153458460751000,1785153458460753000,1785153458460753000,1785153458460753000,121932490,121652369,-123.121,1.000,0.000,1.000,2.000,0.000,0.000,74.000,0,0,0
B3_zmq_pushpull,zmq_tcp,none,none,,1,22001,512,584,1785153458461588000,1785153458461589000,1785153458461589000,1785153458461590000,1785153458461720000,1785153458461723000,1785153458461723000,1785153458461723000,121932490,121652369,-150.121,1.000,0.000,1.000,3.000,0.000,0.000,27.000,0,0,0
B3_zmq_pushpull,zmq_tcp,none,none,,1,22002,512,584,1785153458462397000,1785153458462397000,1785153458462397000,1785153458462398000,1785153458462548000,1785153458462551000,1785153458462551000,1785153458462551000,121932490,121652369,-130.121,0.000,0.000,1.000,3.000,0.000,0.000,20.000,0,0,0
B3_zmq_pushpull,zmq_tcp,none,none,,1,22003,512,584,1785153458463507000,1785153458463508000,1785153458463508000,1785153458463508000,1785153458463660000,1785153458463663000,1785153458463663000,1785153458463663000,121932490,121652369,-128.121,1.000,0.000,0.000,3.000,0.000,0.000,2.000,0,0,0
B3_zmq_pushpull,zmq_tcp,none,none,,1,22004,512,584,1785153458464494000,1785153458464494000,1785153458464494000,1785153458464495000,1785153458464639000,1785153458464641000,1785153458464641000,1785153458464641000,121932490,121652369,-136.121,0.000,0.000,1.000,2.000,0.000,0.000,8.000,0,0,0
B3_zmq_pushpull,zmq_tcp,none,none,,1,22005,512,584,1785153458465613000,1785153458465613000,1785153458465613000,1785153458465614000,1785153458465733000,1785153458465736000,1785153458465736000,1785153458465736000,121932490,121652369,-161.121,0.000,0.000,1.000,3.000,0.000,0.000,25.000,0,0,0
B3_zmq_pushpull,zmq_tcp,none,none,,1,22006,512,584,1785153458466582000,1785153458466582000,1785153458466582000,1785153458466583000,1785153458466733000,1785153458466736000,1785153458466736000,1785153458466736000,121932490,121652369,-130.121,0.000,0.000,1.000,3.000,0.000,0.000,31.000,0,0,0
B3_zmq_pushpull,zmq_tcp,none,none,,1,22007,512,584,1785153458467413000,1785153458467413000,1785153458467413000,1785153458467415000,1785153458467561000,1785153458467564000,1785153458467564000,1785153458467564000,121932490,121652369,-134.121,0.000,0.000,2.000,3.000,0.000,0.000,4.000,0,0,0
B3_zmq_pushpull,zmq_tcp,none,none,,1,22008,512,584,1785153458468633000,1785153458468633000,1785153458468633000,1785153458468634000,1785153458468695000,1785153458468699000,1785153458468699000,1785153458468699000,121932490,121652369,-219.121,0.000,0.000,1.000,4.000,0.000,0.000,85.000,0,0,0
B3_zmq_pushpull,zmq_tcp,none,none,,1,22009,512,584,1785153458469578000,1785153458469578000,1785153458469578000,1785153458469579000,1785153458469667000,1785153458469669000,1785153458469669000,1785153458469669000,121932490,121652369,-192.121,0.000,0.000,1.000,2.000,0.000,0.000,27.000,0,0,0
B3_zmq_pushpull,zmq_tcp,none,none,,1,22010,512,584,1785153458470591000,1785153458470591000,1785153458470591000,1785153458470592000,1785153458470634000,1785153458470637000,1785153458470637000,1785153458470637000,121932490,121652369,-238.121,0.000,0.000,1.000,3.000,0.000,0.000,46.000,0,0,0
B3_zmq_pushpull,zmq_tcp,none,none,,1,22011,512,584,1785153458471589000,1785153458471589000,1785153458471589000,1785153458471590000,1785153458471732000,1785153458471735000,1785153458471735000,1785153458471735000,121932490,121652369,-138.121,0.000,0.000,1.000,3.000,0.000,0.000,100.000,0,0,0
B3_zmq_pushpull,zmq_tcp,none,none,,1,22012,512,584,1785153458472589000,1785153458472589000,1785153458472589000,1785153458472590000,1785153458472732000,1785153458472735000,1785153458472735000,1785153458472735000,121932490,121652369,-138.121,0.000,0.000,1.000,3.000,0.000,0.000,0.000,0,0,0
B3_zmq_pushpull,zmq_tcp,none,none,,1,22013,512,584,1785153458473586000,1785153458473586000,1785153458473586000,1785153458473587000,1785153458473715000,1785153458473717000,1785153458473717000,1785153458473717000,121932490,121652369,-152.121,0.000,0.000,1.000,2.000,0.000,0.000,14.000,0,0,0
B3_zmq_pushpull,zmq_tcp,none,none,,1,22014,512,584,1785153458474592000,1785153458474592000,1785153458474592000,1785153458474593000,1785153458474712000,1785153458474715000,1785153458474715000,1785153458474715000,121932490,121652369,-161.121,0.000,0.000,1.000,3.000,0.000,0.000,9.000,0,0,0
B3_zmq_pushpull,zmq_tcp,none,none,,1,22015,512,584,1785153458475588000,1785153458475588000,1785153458475589000,1785153458475589000,1785153458475689000,1785153458475692000,1785153458475692000,1785153458475692000,121932490,121652369,-180.121,0.000,1.000,0.000,3.000,0.000,0.000,19.000,0,0,0
B3_zmq_pushpull,zmq_tcp,none,none,,1,22016,512,584,1785153458476588000,1785153458476589000,1785153458476589000,1785153458476590000,1785153458476689000,1785153458476692000,1785153458476692000,1785153458476692000,121932490,121652369,-181.121,1.000,0.000,1.000,3.000,0.000,0.000,1.000,0,0,0
B3_zmq_pushpull,zmq_tcp,none,none,,1,22017,512,584,1785153458477586000,1785153458477586000,1785153458477586000,1785153458477587000,1785153458477636000,1785153458477639000,1785153458477639000,1785153458477639000,121932490,121652369,-231.121,0.000,0.000,1.000,3.000,0.000,0.000,50.000,0,0,0
B3_zmq_pushpull,zmq_tcp,none,none,,1,22018,512,584,1785153458478590000,1785153458478590000,1785153458478590000,1785153458478591000,1785153458478733000,1785153458478736000,1785153458478736000,1785153458478736000,121932490,121652369,-138.121,0.000,0.000,1.000,3.000,0.000,0.000,93.000,0,0,0
B3_zmq_pushpull,zmq_tcp,none,none,,1,22019,512,584,1785153458479589000,1785153458479589000,1785153458479590000,1785153458479590000,1785153458479716000,1785153458479719000,1785153458479719000,1785153458479719000,121932490,121652369,-154.121,0.000,1.000,0.000,3.000,0.000,0.000,16.000,0,0,0
B3_zmq_pushpull,zmq_tcp,none,none,,1,22020,512,584,1785153458480586000,1785153458480586000,1785153458480586000,1785153458480587000,1785153458480708000,1785153458480711000,1785153458480711000,1785153458480711000,121932490,121652369,-159.121,0.000,0.000,1.000,3.000,0.000,0.000,5.000,0,0,0
B3_zmq_pushpull,zmq_tcp,none,none,,1,22021,512,584,1785153458481590000,1785153458481590000,1785153458481590000,1785153458481591000,1785153458481685000,1785153458481688000,1785153458481688000,1785153458481688000,121932490,121652369,-186.121,0.000,0.000,1.000,3.000,0.000,0.000,27.000,0,0,0
B3_zmq_pushpull,zmq_tcp,none,none,,1,22022,512,584,1785153458482589000,1785153458482589000,1785153458482589000,1785153458482590000,1785153458482650000,1785153458482654000,1785153458482654000,1785153458482654000,121932490,121652369,-220.121,0.000,0.000,1.000,4.000,0.000,0.000,34.000,0,0,0
B3_zmq_pushpull,zmq_tcp,none,none,,1,22023,512,584,1785153458483588000,1785153458483588000,1785153458483589000,1785153458483589000,1785153458483651000,1785153458483654000,1785153458483654000,1785153458483654000,121932490,121652369,-218.121,0.000,1.000,0.000,3.000,0.000,0.000,2.000,0,0,0
B3_zmq_pushpull,zmq_tcp,none,none,,1,22024,512,584,1785153458484479000,1785153458484480000,1785153458484480000,1785153458484481000,1785153458484631000,1785153458484633000,1785153458484634000,1785153458484634000,121932490,121652369,-130.121,1.000,0.000,1.000,2.000,1.000,0.000,88.000,0,0,0
B3_zmq_pushpull,zmq_tcp,none,none,,1,22025,512,584,1785153458485466000,1785153458485466000,1785153458485466000,1785153458485467000,1785153458485617000,1785153458485620000,1785153458485620000,1785153458485620000,121932490,121652369,-130.121,0.000,0.000,1.000,3.000,0.000,0.000,0.000,0,0,0
B3_zmq_pushpull,zmq_tcp,none,none,,1,22026,512,584,1785153458486451000,1785153458486452000,1785153458486452000,1785153458486453000,1785153458486607000,1785153458486610000,1785153458486610000,1785153458486610000,121932490,121652369,-126.121,1.000,0.000,1.000,3.000,0.000,0.000,4.000,0,0,0
B3_zmq_pushpull,zmq_tcp,none,none,,1,22027,512,584,1785153458487460000,1785153458487460000,1785153458487460000,1785153458487461000,1785153458487621000,1785153458487624000,1785153458487624000,1785153458487624000,121932490,121652369,-120.121,0.000,0.000,1.000,3.000,0.000,0.000,6.000,0,0,0
B3_zmq_pushpull,zmq_tcp,none,none,,1,22028,512,584,1785153458488621000,1785153458488621000,1785153458488621000,1785153458488622000,1785153458488754000,1785153458488757000,1785153458488757000,1785153458488757000,121932490,121652369,-148.121,0.000,0.000,1.000,3.000,0.000,0.000,28.000,0,0,0
B3_zmq_pushpull,zmq_tcp,none,none,,1,22029,512,584,1785153458489582000,1785153458489582000,1785153458489582000,1785153458489583000,1785153458489747000,1785153458489749000,1785153458489750000,1785153458489750000,121932490,121652369,-116.121,0.000,0.000,1.000,2.000,1.000,0.000,32.000,0,0,0
B3_zmq_pushpull,zmq_tcp,none,none,,1,22030,512,584,1785153458490450000,1785153458490450000,1785153458490450000,1785153458490451000,1785153458490601000,1785153458490604000,1785153458490604000,1785153458490604000,121932490,121652369,-130.121,0.000,0.000,1.000,3.000,0.000,0.000,14.000,0,0,0
B3_zmq_pushpull,zmq_tcp,none,none,,1,22031,512,584,1785153458491407000,1785153458491408000,1785153458491408000,1785153458491409000,1785153458491560000,1785153458491563000,1785153458491563000,1785153458491563000,121932490,121652369,-129.121,1.000,0.000,1.000,3.000,0.000,0.000,1.000,0,0,0
B3_zmq_pushpull,zmq_tcp,none,none,,1,22032,512,584,1785153458492515000,1785153458492516000,1785153458492516000,1785153458492517000,1785153458492668000,1785153458492671000,1785153458492671000,1785153458492671000,121932490,121652369,-129.121,1.000,0.000,1.000,3.000,0.000,0.000,0.000,0,0,0
B3_zmq_pushpull,zmq_tcp,none,none,,1,22033,512,584,1785153458493510000,1785153458493510000,1785153458493510000,1785153458493511000,1785153458493667000,1785153458493669000,1785153458493670000,1785153458493670000,121932490,121652369,-124.121,0.000,0.000,1.000,2.000,1.000,0.000,5.000,0,0,0
B3_zmq_pushpull,zmq_tcp,none,none,,1,22034,512,584,1785153458494481000,1785153458494481000,1785153458494481000,1785153458494482000,1785153458494636000,1785153458494639000,1785153458494639000,1785153458494639000,121932490,121652369,-126.121,0.000,0.000,1.000,3.000,0.000,0.000,2.000,0,0,0
B3_zmq_pushpull,zmq_tcp,none,none,,1,22035,512,584,1785153458495476000,1785153458495476000,1785153458495476000,1785153458495477000,1785153458495624000,1785153458495627000,1785153458495627000,1785153458495627000,121932490,121652369,-133.121,0.000,0.000,1.000,3.000,0.000,0.000,7.000,0,0,0
B3_zmq_pushpull,zmq_tcp,none,none,,1,22036,512,584,1785153458496619000,1785153458496619000,1785153458496619000,1785153458496620000,1785153458496757000,1785153458496760000,1785153458496760000,1785153458496760000,121932490,121652369,-143.121,0.000,0.000,1.000,3.000,0.000,0.000,10.000,0,0,0
B3_zmq_pushpull,zmq_tcp,none,none,,1,22037,512,584,1785153458497580000,1785153458497581000,1785153458497581000,1785153458497582000,1785153458497736000,1785153458497739000,1785153458497740000,1785153458497740000,121932490,121652369,-126.121,1.000,0.000,1.000,3.000,1.000,0.000,17.000,0,0,0
B3_zmq_pushpull,zmq_tcp,none,none,,1,22038,512,584,1785153458498588000,1785153458498589000,1785153458498589000,1785153458498590000,1785153458498714000,1785153458498716000,1785153458498716000,1785153458498716000,121932490,121652369,-156.121,1.000,0.000,1.000,2.000,0.000,0.000,30.000,0,0,0
B3_zmq_pushpull,zmq_tcp,none,none,,1,22039,512,584,1785153458499589000,1785153458499589000,1785153458499589000,1785153458499590000,1785153458499670000,1785153458499672000,1785153458499672000,1785153458499672000,121932490,121652369,-200.121,0.000,0.000,1.000,2.000,0.000,0.000,44.000,0,0,0
B3_zmq_pushpull,zmq_tcp,none,none,,1,22040,512,584,1785153458500593000,1785153458500594000,1785153458500594000,1785153458500595000,1785153458500790000,1785153458500792000,1785153458500793000,1785153458500793000,121932490,121652369,-85.121,1.000,0.000,1.000,2.000,1.000,0.000,115.000,0,0,0
B3_zmq_pushpull,zmq_tcp,none,none,,1,22041,512,584,1785153458501585000,1785153458501585000,1785153458501585000,1785153458501586000,1785153458501646000,1785153458501648000,1785153458501648000,1785153458501648000,121932490,121652369,-220.121,0.000,0.000,1.000,2.000,0.000,0.000,135.000,0,0,0
B3_zmq_pushpull,zmq_tcp,none,none,,1,22042,512,584,1785153458502592000,1785153458502592000,1785153458502592000,1785153458502593000,1785153458502655000,1785153458502658000,1785153458502658000,1785153458502658000,121932490,121652369,-218.121,0.000,0.000,1.000,3.000,0.000,0.000,2.000,0,0,0
B3_zmq_pushpull,zmq_tcp,none,none,,1,22043,512,584,1785153458503593000,1785153458503593000,1785153458503593000,1785153458503594000,1785153458503760000,1785153458503763000,1785153458503763000,1785153458503763000,121932490,121652369,-114.121,0.000,0.000,1.000,3.000,0.000,0.000,104.000,0,0,0
B3_zmq_pushpull,zmq_tcp,none,none,,1,22044,512,584,1785153458504587000,1785153458504587000,1785153458504587000,1785153458504588000,1785153458504732000,1785153458504735000,1785153458504735000,1785153458504735000,121932490,121652369,-136.121,0.000,0.000,1.000,3.000,0.000,0.000,22.000,0,0,0
B3_zmq_pushpull,zmq_tcp,none,none,,1,22045,512,584,1785153458505588000,1785153458505589000,1785153458505589000,1785153458505590000,1785153458505715000,1785153458505719000,1785153458505719000,1785153458505719000,121932490,121652369,-155.121,1.000,0.000,1.000,4.000,0.000,0.000,19.000,0,0,0
B3_zmq_pushpull,zmq_tcp,none,none,,1,22046,512,584,1785153458506589000,1785153458506589000,1785153458506589000,1785153458506590000,1785153458506703000,1785153458506705000,1785153458506706000,1785153458506706000,121932490,121652369,-167.121,0.000,0.000,1.000,2.000,1.000,0.000,12.000,0,0,0
B3_zmq_pushpull,zmq_tcp,none,none,,1,22047,512,584,1785153458507589000,1785153458507589000,1785153458507589000,1785153458507590000,1785153458507702000,1785153458507705000,1785153458507705000,1785153458507705000,121932490,121652369,-168.121,0.000,0.000,1.000,3.000,0.000,0.000,1.000,0,0,0
B3_zmq_pushpull,zmq_tcp,none,none,,1,22048,512,584,1785153458508589000,1785153458508589000,1785153458508589000,1785153458508590000,1785153458508675000,1785153458508677000,1785153458508677000,1785153458508677000,121932490,121652369,-195.121,0.000,0.000,1.000,2.000,0.000,0.000,27.000,0,0,0
B3_zmq_pushpull,zmq_tcp,none,none,,1,22049,512,584,1785153458509589000,1785153458509589000,1785153458509589000,1785153458509590000,1785153458509653000,1785153458509655000,1785153458509655000,1785153458509655000,121932490,121652369,-217.121,0.000,0.000,1.000,2.000,0.000,0.000,22.000,0,0,0
B3_zmq_pushpull,zmq_tcp,none,none,,1,22050,512,584,1785153458510478000,1785153458510479000,1785153458510479000,1785153458510480000,1785153458510636000,1785153458510639000,1785153458510639000,1785153458510639000,121932490,121652369,-124.121,1.000,0.000,1.000,3.000,0.000,0.000,93.000,0,0,0
B3_zmq_pushpull,zmq_tcp,none,none,,1,22051,512,584,1785153458511617000,1785153458511617000,1785153458511617000,1785153458511618000,1785153458511763000,1785153458511766000,1785153458511766000,1785153458511766000,121932490,121652369,-135.121,0.000,0.000,1.000,3.000,0.000,0.000,11.000,0,0,0
B3_zmq_pushpull,zmq_tcp,none,none,,1,22052,512,584,1785153458512580000,1785153458512580000,1785153458512580000,1785153458512581000,1785153458512750000,1785153458512752000,1785153458512752000,1785153458512752000,121932490,121652369,-111.121,0.000,0.000,1.000,2.000,0.000,0.000,24.000,0,0,0
B3_zmq_pushpull,zmq_tcp,none,none,,1,22053,512,584,1785153458513436000,1785153458513436000,1785153458513436000,1785153458513438000,1785153458513570000,1785153458513572000,1785153458513572000,1785153458513572000,121932490,121652369,-148.121,0.000,0.000,2.000,2.000,0.000,0.000,37.000,0,0,0
B3_zmq_pushpull,zmq_tcp,none,none,,1,22054,512,584,1785153458514629000,1785153458514629000,1785153458514629000,1785153458514630000,1785153458514714000,1785153458514716000,1785153458514716000,1785153458514716000,121932490,121652369,-196.121,0.000,0.000,1.000,2.000,0.000,0.000,48.000,0,0,0
B3_zmq_pushpull,zmq_tcp,none,none,,1,22055,512,584,1785153458515575000,1785153458515575000,1785153458515575000,1785153458515576000,1785153458515684000,1785153458515687000,1785153458515687000,1785153458515687000,121932490,121652369,-172.121,0.000,0.000,1.000,3.000,0.000,0.000,24.000,0,0,0
B3_zmq_pushpull,zmq_tcp,none,none,,1,22056,512,584,1785153458516593000,1785153458516593000,1785153458516593000,1785153458516594000,1785153458516662000,1785153458516666000,1785153458516666000,1785153458516666000,121932490,121652369,-212.121,0.000,0.000,1.000,4.000,0.000,0.000,40.000,0,0,0
B3_zmq_pushpull,zmq_tcp,none,none,,1,22057,512,584,1785153458517594000,1785153458517594000,1785153458517594000,1785153458517595000,1785153458517657000,1785153458517659000,1785153458517659000,1785153458517659000,121932490,121652369,-218.121,0.000,0.000,1.000,2.000,0.000,0.000,6.000,0,0,0
B3_zmq_pushpull,zmq_tcp,none,none,,1,22058,512,584,1785153458518587000,1785153458518587000,1785153458518587000,1785153458518588000,1785153458518755000,1785153458518758000,1785153458518758000,1785153458518758000,121932490,121652369,-113.121,0.000,0.000,1.000,3.000,0.000,0.000,105.000,0,0,0
B3_zmq_pushpull,zmq_tcp,none,none,,1,22059,512,584,1785153458519589000,1785153458519589000,1785153458519589000,1785153458519590000,1785153458519742000,1785153458519744000,1785153458519744000,1785153458519744000,121932490,121652369,-128.121,0.000,0.000,1.000,2.000,0.000,0.000,15.000,0,0,0
B3_zmq_pushpull,zmq_tcp,none,none,,1,22060,512,584,1785153458520589000,1785153458520589000,1785153458520589000,1785153458520590000,1785153458520704000,1785153458520707000,1785153458520707000,1785153458520707000,121932490,121652369,-166.121,0.000,0.000,1.000,3.000,0.000,0.000,38.000,0,0,0
B3_zmq_pushpull,zmq_tcp,none,none,,1,22061,512,584,1785153458521591000,1785153458521591000,1785153458521591000,1785153458521592000,1785153458521690000,1785153458521692000,1785153458521692000,1785153458521692000,121932490,121652369,-182.121,0.000,0.000,1.000,2.000,0.000,0.000,16.000,0,0,0
B3_zmq_pushpull,zmq_tcp,none,none,,1,22062,512,584,1785153458522592000,1785153458522593000,1785153458522593000,1785153458522594000,1785153458522674000,1785153458522677000,1785153458522677000,1785153458522677000,121932490,121652369,-200.121,1.000,0.000,1.000,3.000,0.000,0.000,18.000,0,0,0
B3_zmq_pushpull,zmq_tcp,none,none,,1,22063,512,584,1785153458523591000,1785153458523591000,1785153458523591000,1785153458523592000,1785153458523669000,1785153458523672000,1785153458523672000,1785153458523672000,121932490,121652369,-203.121,0.000,0.000,1.000,3.000,0.000,0.000,3.000,0,0,0
B3_zmq_pushpull,zmq_tcp,none,none,,1,22064,512,584,1785153458524589000,1785153458524589000,1785153458524589000,1785153458524590000,1785153458524658000,1785153458524662000,1785153458524662000,1785153458524662000,121932490,121652369,-212.121,0.000,0.000,1.000,4.000,0.000,0.000,9.000,0,0,0
B3_zmq_pushpull,zmq_tcp,none,none,,1,22065,512,584,1785153458525589000,1785153458525589000,1785153458525589000,1785153458525590000,1785153458525644000,1785153458525647000,1785153458525647000,1785153458525647000,121932490,121652369,-226.121,0.000,0.000,1.000,3.000,0.000,0.000,14.000,0,0,0
B3_zmq_pushpull,zmq_tcp,none,none,,1,22066,512,584,1785153458526450000,1785153458526451000,1785153458526451000,1785153458526452000,1785153458526602000,1785153458526604000,1785153458526604000,1785153458526604000,121932490,121652369,-130.121,1.000,0.000,1.000,2.000,0.000,0.000,96.000,0,0,0
B3_zmq_pushpull,zmq_tcp,none,none,,1,22067,512,584,1785153458527419000,1785153458527419000,1785153458527419000,1785153458527420000,1785153458527570000,1785153458527572000,1785153458527572000,1785153458527572000,121932490,121652369,-130.121,0.000,0.000,1.000,2.000,0.000,0.000,0.000,0,0,0
B3_zmq_pushpull,zmq_tcp,none,none,,1,22068,512,584,1785153458528397000,1785153458528397000,1785153458528397000,1785153458528398000,1785153458528562000,1785153458528564000,1785153458528564000,1785153458528564000,121932490,121652369,-116.121,0.000,0.000,1.000,2.000,0.000,0.000,14.000,0,0,0
B3_zmq_pushpull,zmq_tcp,none,none,,1,22069,512,584,1785153458529639000,1785153458529639000,1785153458529639000,1785153458529640000,1785153458529816000,1785153458529819000,1785153458529819000,1785153458529819000,121932490,121652369,-104.121,0.000,0.000,1.000,3.000,0.000,0.000,12.000,0,0,0
B3_zmq_pushpull,zmq_tcp,none,none,,1,22070,512,584,1785153458530575000,1785153458530575000,1785153458530575000,1785153458530576000,1785153458530637000,1785153458530639000,1785153458530639000,1785153458530639000,121932490,121652369,-219.121,0.000,0.000,1.000,2.000,0.000,0.000,115.000,0,0,0
B3_zmq_pushpull,zmq_tcp,none,none,,1,22071,512,584,1785153458531482000,1785153458531482000,1785153458531483000,1785153458531483000,1785153458531639000,1785153458531642000,1785153458531642000,1785153458531642000,121932490,121652369,-124.121,0.000,1.000,0.000,3.000,0.000,0.000,95.000,0,0,0
B3_zmq_pushpull,zmq_tcp,none,none,,1,22072,512,584,1785153458532468000,1785153458532468000,1785153458532468000,1785153458532469000,1785153458532620000,1785153458532623000,1785153458532623000,1785153458532623000,121932490,121652369,-129.121,0.000,0.000,1.000,3.000,0.000,0.000,5.000,0,0,0
B3_zmq_pushpull,zmq_tcp,none,none,,1,22073,512,584,1785153458533456000,1785153458533456000,1785153458533456000,1785153458533457000,1785153458533608000,1785153458533611000,1785153458533611000,1785153458533611000,121932490,121652369,-129.121,0.000,0.000,1.000,3.000,0.000,0.000,0.000,0,0,0
B3_zmq_pushpull,zmq_tcp,none,none,,1,22074,512,584,1785153458534435000,1785153458534435000,1785153458534435000,1785153458534436000,1785153458534592000,1785153458534595000,1785153458534595000,1785153458534595000,121932490,121652369,-124.121,0.000,0.000,1.000,3.000,0.000,0.000,5.000,0,0,0
B3_zmq_pushpull,zmq_tcp,none,none,,1,22075,512,584,1785153458535437000,1785153458535437000,1785153458535437000,1785153458535438000,1785153458535594000,1785153458535596000,1785153458535596000,1785153458535596000,121932490,121652369,-124.121,0.000,0.000,1.000,2.000,0.000,0.000,0.000,0,0,0
B3_zmq_pushpull,zmq_tcp,none,none,,1,22076,512,584,1785153458536424000,1785153458536424000,1785153458536424000,1785153458536425000,1785153458536569000,1785153458536571000,1785153458536571000,1785153458536571000,121932490,121652369,-136.121,0.000,0.000,1.000,2.000,0.000,0.000,12.000,0,0,0
B3_zmq_pushpull,zmq_tcp,none,none,,1,22077,512,584,1785153458537409000,1785153458537409000,1785153458537409000,1785153458537410000,1785153458537557000,1785153458537560000,1785153458537560000,1785153458537560000,121932490,121652369,-133.121,0.000,0.000,1.000,3.000,0.000,0.000,3.000,0,0,0
B3_zmq_pushpull,zmq_tcp,none,none,,1,22078,512,584,1785153458538393000,1785153458538393000,1785153458538393000,1785153458538394000,1785153458538551000,1785153458538554000,1785153458538554000,1785153458538554000,121932490,121652369,-123.121,0.000,0.000,1.000,3.000,0.000,0.000,10.000,0,0,0
B3_zmq_pushpull,zmq_tcp,none,none,,1,22079,512,584,1785153458539512000,1785153458539512000,1785153458539512000,1785153458539513000,1785153458539655000,1785153458539661000,1785153458539661000,1785153458539661000,121932490,121652369,-138.121,0.000,0.000,1.000,6.000,0.000,0.000,15.000,0,0,0
B3_zmq_pushpull,zmq_tcp,none,none,,1,22080,512,584,1785153458540609000,1785153458540609000,1785153458540609000,1785153458540610000,1785153458540758000,1785153458540760000,1785153458540760000,1785153458540760000,121932490,121652369,-132.121,0.000,0.000,1.000,2.000,0.000,0.000,6.000,0,0,0
B3_zmq_pushpull,zmq_tcp,none,none,,1,22081,512,584,1785153458541581000,1785153458541581000,1785153458541581000,1785153458541582000,1785153458541726000,1785153458541729000,1785153458541729000,1785153458541729000,121932490,121652369,-136.121,0.000,0.000,1.000,3.000,0.000,0.000,4.000,0,0,0
B3_zmq_pushpull,zmq_tcp,none,none,,1,22082,512,584,1785153458542591000,1785153458542591000,1785153458542592000,1785153458542592000,1785153458542728000,1785153458542731000,1785153458542731000,1785153458542731000,121932490,121652369,-144.121,0.000,1.000,0.000,3.000,0.000,0.000,8.000,0,0,0
B3_zmq_pushpull,zmq_tcp,none,none,,1,22083,512,584,1785153458543591000,1785153458543591000,1785153458543591000,1785153458543592000,1785153458543726000,1785153458543728000,1785153458543728000,1785153458543728000,121932490,121652369,-146.121,0.000,0.000,1.000,2.000,0.000,0.000,2.000,0,0,0
B3_zmq_pushpull,zmq_tcp,none,none,,1,22084,512,584,1785153458544589000,1785153458544589000,1785153458544589000,1785153458544590000,1785153458544695000,1785153458544698000,1785153458544698000,1785153458544698000,121932490,121652369,-175.121,0.000,0.000,1.000,3.000,0.000,0.000,29.000,0,0,0
B3_zmq_pushpull,zmq_tcp,none,none,,1,22085,512,584,1785153458545590000,1785153458545590000,1785153458545591000,1785153458545592000,1785153458545685000,1785153458545688000,1785153458545688000,1785153458545688000,121932490,121652369,-187.121,0.000,1.000,1.000,3.000,0.000,0.000,12.000,0,0,0
B3_zmq_pushpull,zmq_tcp,none,none,,1,22086,512,584,1785153458546589000,1785153458546589000,1785153458546589000,1785153458546590000,1785153458546654000,1785153458546656000,1785153458546656000,1785153458546656000,121932490,121652369,-216.121,0.000,0.000,1.000,2.000,0.000,0.000,29.000,0,0,0
B3_zmq_pushpull,zmq_tcp,none,none,,1,22087,512,584,1785153458547589000,1785153458547589000,1785153458547589000,1785153458547590000,1785153458547635000,1785153458547638000,1785153458547638000,1785153458547638000,121932490,121652369,-235.121,0.000,0.000,1.000,3.000,0.000,0.000,19.000,0,0,0
B3_zmq_pushpull,zmq_tcp,none,none,,1,22088,512,584,1785153458548463000,1785153458548463000,1785153458548463000,1785153458548464000,1785153458548606000,1785153458548608000,1785153458548608000,1785153458548608000,121932490,121652369,-138.121,0.000,0.000,1.000,2.000,0.000,0.000,97.000,0,0,0
B3_zmq_pushpull,zmq_tcp,none,none,,1,22089,512,584,1785153458549620000,1785153458549620000,1785153458549620000,1785153458549621000,1785153458549740000,1785153458549743000,1785153458549743000,1785153458549743000,121932490,121652369,-161.121,0.000,0.000,1.000,3.000,0.000,0.000,23.000,0,0,0
B3_zmq_pushpull,zmq_tcp,none,none,,1,22090,512,584,1785153458550581000,1785153458550581000,1785153458550581000,1785153458550582000,1785153458550732000,1785153458550735000,1785153458550735000,1785153458550735000,121932490,121652369,-130.121,0.000,0.000,1.000,3.000,0.000,0.000,31.000,0,0,0
B3_zmq_pushpull,zmq_tcp,none,none,,1,22091,512,584,1785153458551429000,1785153458551429000,1785153458551429000,1785153458551430000,1785153458551578000,1785153458551580000,1785153458551580000,1785153458551580000,121932490,121652369,-132.121,0.000,0.000,1.000,2.000,0.000,0.000,2.000,0,0,0
B3_zmq_pushpull,zmq_tcp,none,none,,1,22092,512,584,1785153458552629000,1785153458552630000,1785153458552630000,1785153458552631000,1785153458552706000,1785153458552709000,1785153458552709000,1785153458552709000,121932490,121652369,-205.121,1.000,0.000,1.000,3.000,0.000,0.000,73.000,0,0,0
B3_zmq_pushpull,zmq_tcp,none,none,,1,22093,512,584,1785153458553578000,1785153458553578000,1785153458553578000,1785153458553579000,1785153458553667000,1785153458553670000,1785153458553670000,1785153458553670000,121932490,121652369,-192.121,0.000,0.000,1.000,3.000,0.000,0.000,13.000,0,0,0
B3_zmq_pushpull,zmq_tcp,none,none,,1,22094,512,584,1785153458554591000,1785153458554592000,1785153458554592000,1785153458554593000,1785153458554623000,1785153458554626000,1785153458554626000,1785153458554627000,121932490,121652369,-250.121,1.000,0.000,1.000,3.000,0.000,1.000,58.000,0,0,0
B3_zmq_pushpull,zmq_tcp,none,none,,1,22095,512,584,1785153458555590000,1785153458555590000,1785153458555590000,1785153458555591000,1785153458555755000,1785153458555758000,1785153458555758000,1785153458555758000,121932490,121652369,-116.121,0.000,0.000,1.000,3.000,0.000,0.000,134.000,0,0,0
B3_zmq_pushpull,zmq_tcp,none,none,,1,22096,512,584,1785153458556437000,1785153458556438000,1785153458556438000,1785153458556439000,1785153458556598000,1785153458556601000,1785153458556601000,1785153458556601000,121932490,121652369,-121.121,1.000,0.000,1.000,3.000,0.000,0.000,5.000,0,0,0
B3_zmq_pushpull,zmq_tcp,none,none,,1,22097,512,584,1785153458557626000,1785153458557626000,1785153458557626000,1785153458557627000,1785153458557714000,1785153458557716000,1785153458557716000,1785153458557716000,121932490,121652369,-193.121,0.000,0.000,1.000,2.000,0.000,0.000,72.000,0,0,0
B3_zmq_pushpull,zmq_tcp,none,none,,1,22098,512,584,1785153458558582000,1785153458558582000,1785153458558582000,1785153458558583000,1785153458558695000,1785153458558698000,1785153458558698000,1785153458558698000,121932490,121652369,-168.121,0.000,0.000,1.000,3.000,0.000,0.000,25.000,0,0,0
B3_zmq_pushpull,zmq_tcp,none,none,,1,22099,512,584,1785153458559592000,1785153458559592000,1785153458559592000,1785153458559593000,1785153458559683000,1785153458559687000,1785153458559687000,1785153458559687000,121932490,121652369,-190.121,0.000,0.000,1.000,4.000,0.000,0.000,22.000,0,0,0
B3_zmq_pushpull,zmq_tcp,none,none,,1,22100,512,584,1785153458560504000,1785153458560504000,1785153458560504000,1785153458560505000,1785153458560658000,1785153458560661000,1785153458560661000,1785153458560661000,121932490,121652369,-127.121,0.000,0.000,1.000,3.000,0.000,0.000,63.000,0,0,0
B3_zmq_pushpull,zmq_tcp,none,none,,1,22101,512,584,1785153458561495000,1785153458561495000,1785153458561495000,1785153458561496000,1785153458561637000,1785153458561639000,1785153458561639000,1785153458561639000,121932490,121652369,-139.121,0.000,0.000,1.000,2.000,0.000,0.000,12.000,0,0,0
B3_zmq_pushpull,zmq_tcp,none,none,,1,22102,512,584,1785153458562475000,1785153458562476000,1785153458562476000,1785153458562477000,1785153458562631000,1785153458562634000,1785153458562634000,1785153458562634000,121932490,121652369,-126.121,1.000,0.000,1.000,3.000,0.000,0.000,13.000,0,0,0
B3_zmq_pushpull,zmq_tcp,none,none,,1,22103,512,584,1785153458563473000,1785153458563473000,1785153458563473000,1785153458563474000,1785153458563627000,1785153458563630000,1785153458563630000,1785153458563630000,121932490,121652369,-127.121,0.000,0.000,1.000,3.000,0.000,0.000,1.000,0,0,0
B3_zmq_pushpull,zmq_tcp,none,none,,1,22104,512,584,1785153458564443000,1785153458564443000,1785153458564443000,1785153458564444000,1785153458564595000,1785153458564598000,1785153458564598000,1785153458564598000,121932490,121652369,-129.121,0.000,0.000,1.000,3.000,0.000,0.000,2.000,0,0,0
B3_zmq_pushpull,zmq_tcp,none,none,,1,22105,512,584,1785153458565420000,1785153458565420000,1785153458565420000,1785153458565421000,1785153458565581000,1785153458565584000,1785153458565584000,1785153458565584000,121932490,121652369,-120.121,0.000,0.000,1.000,3.000,0.000,0.000,9.000,0,0,0
B3_zmq_pushpull,zmq_tcp,none,none,,1,22106,512,584,1785153458566632000,1785153458566632000,1785153458566632000,1785153458566633000,1785153458566683000,1785153458566687000,1785153458566687000,1785153458566687000,121932490,121652369,-230.121,0.000,0.000,1.000,4.000,0.000,0.000,110.000,0,0,0
B3_zmq_pushpull,zmq_tcp,none,none,,1,22107,512,584,1785153458567578000,1785153458567578000,1785153458567578000,1785153458567579000,1785153458567662000,1785153458567665000,1785153458567665000,1785153458567665000,121932490,121652369,-197.121,0.000,0.000,1.000,3.000,0.000,0.000,33.000,0,0,0
B3_zmq_pushpull,zmq_tcp,none,none,,1,22108,512,584,1785153458568591000,1785153458568592000,1785153458568592000,1785153458568593000,1785153458568647000,1785153458568650000,1785153458568650000,1785153458568650000,121932490,121652369,-226.121,1.000,0.000,1.000,3.000,0.000,0.000,29.000,0,0,0
B3_zmq_pushpull,zmq_tcp,none,none,,1,22109,512,584,1785153458569589000,1785153458569589000,1785153458569589000,1785153458569590000,1785153458569746000,1785153458569749000,1785153458569749000,1785153458569749000,121932490,121652369,-124.121,0.000,0.000,1.000,3.000,0.000,0.000,102.000,0,0,0
B3_zmq_pushpull,zmq_tcp,none,none,,1,22110,512,584,1785153458570442000,1785153458570442000,1785153458570442000,1785153458570443000,1785153458570598000,1785153458570601000,1785153458570601000,1785153458570601000,121932490,121652369,-125.121,0.000,0.000,1.000,3.000,0.000,0.000,1.000,0,0,0
B3_zmq_pushpull,zmq_tcp,none,none,,1,22111,512,584,1785153458571424000,1785153458571424000,1785153458571424000,1785153458571425000,1785153458571581000,1785153458571583000,1785153458571583000,1785153458571583000,121932490,121652369,-124.121,0.000,0.000,1.000,2.000,0.000,0.000,1.000,0,0,0
B3_zmq_pushpull,zmq_tcp,none,none,,1,22112,512,584,1785153458572417000,1785153458572417000,1785153458572417000,1785153458572418000,1785153458572578000,1785153458572580000,1785153458572581000,1785153458572581000,121932490,121652369,-120.121,0.000,0.000,1.000,2.000,1.000,0.000,4.000,0,0,0
B3_zmq_pushpull,zmq_tcp,none,none,,1,22113,512,584,1785153458573634000,1785153458573634000,1785153458573634000,1785153458573635000,1785153458573713000,1785153458573715000,1785153458573715000,1785153458573715000,121932490,121652369,-202.121,0.000,0.000,1.000,2.000,0.000,0.000,82.000,0,0,0
B3_zmq_pushpull,zmq_tcp,none,none,,1,22114,512,584,1785153458574575000,1785153458574576000,1785153458574576000,1785153458574577000,1785153458574698000,1785153458574701000,1785153458574701000,1785153458574701000,121932490,121652369,-159.121,1.000,0.000,1.000,3.000,0.000,0.000,43.000,0,0,0
B3_zmq_pushpull,zmq_tcp,none,none,,1,22115,512,584,1785153458575593000,1785153458575593000,1785153458575593000,1785153458575594000,1785153458575663000,1785153458575666000,1785153458575666000,1785153458575666000,121932490,121652369,-211.121,0.000,0.000,1.000,3.000,0.000,0.000,52.000,0,0,0
B3_zmq_pushpull,zmq_tcp,none,none,,1,22116,512,584,1785153458576588000,1785153458576588000,1785153458576588000,1785153458576589000,1785153458576645000,1785153458576649000,1785153458576649000,1785153458576649000,121932490,121652369,-224.121,0.000,0.000,1.000,4.000,0.000,0.000,13.000,0,0,0
B3_zmq_pushpull,zmq_tcp,none,none,,1,22117,512,584,1785153458577589000,1785153458577589000,1785153458577589000,1785153458577590000,1785153458577775000,1785153458577778000,1785153458577778000,1785153458577778000,121932490,121652369,-95.121,0.000,0.000,1.000,3.000,0.000,0.000,129.000,0,0,0
B3_zmq_pushpull,zmq_tcp,none,none,,1,22118,512,584,1785153458578481000,1785153458578481000,1785153458578481000,1785153458578482000,1785153458578630000,1785153458578633000,1785153458578633000,1785153458578633000,121932490,121652369,-132.121,0.000,0.000,1.000,3.000,0.000,0.000,37.000,0,0,0
B3_zmq_pushpull,zmq_tcp,none,none,,1,22119,512,584,1785153458579617000,1785153458579617000,1785153458579617000,1785153458579618000,1785153458579742000,1785153458579744000,1785153458579745000,1785153458579745000,121932490,121652369,-156.121,0.000,0.000,1.000,2.000,1.000,0.000,24.000,0,0,0
B3_zmq_pushpull,zmq_tcp,none,none,,1,22120,512,584,1785153458580582000,1785153458580583000,1785153458580583000,1785153458580584000,1785153458580735000,1785153458580738000,1785153458580738000,1785153458580738000,121932490,121652369,-129.121,1.000,0.000,1.000,3.000,0.000,0.000,27.000,0,0,0
B3_zmq_pushpull,zmq_tcp,none,none,,1,22121,512,584,1785153458581592000,1785153458581592000,1785153458581592000,1785153458581593000,1785153458581701000,1785153458581703000,1785153458581703000,1785153458581703000,121932490,121652369,-172.121,0.000,0.000,1.000,2.000,0.000,0.000,43.000,0,0,0
B3_zmq_pushpull,zmq_tcp,none,none,,1,22122,512,584,1785153458582589000,1785153458582589000,1785153458582589000,1785153458582590000,1785153458582649000,1785153458582651000,1785153458582651000,1785153458582651000,121932490,121652369,-221.121,0.000,0.000,1.000,2.000,0.000,0.000,49.000,0,0,0
B3_zmq_pushpull,zmq_tcp,none,none,,1,22123,512,584,1785153458583593000,1785153458583593000,1785153458583593000,1785153458583594000,1785153458583765000,1785153458583767000,1785153458583767000,1785153458583767000,121932490,121652369,-109.121,0.000,0.000,1.000,2.000,0.000,0.000,112.000,0,0,0
B3_zmq_pushpull,zmq_tcp,none,none,,1,22124,512,584,1785153458584590000,1785153458584590000,1785153458584591000,1785153458584591000,1785153458584768000,1785153458584771000,1785153458584771000,1785153458584771000,121932490,121652369,-103.121,0.000,1.000,0.000,3.000,0.000,0.000,6.000,0,0,0
B3_zmq_pushpull,zmq_tcp,none,none,,1,22125,512,584,1785153458585468000,1785153458585468000,1785153458585468000,1785153458585469000,1785153458585622000,1785153458585625000,1785153458585625000,1785153458585625000,121932490,121652369,-127.121,0.000,0.000,1.000,3.000,0.000,0.000,24.000,0,0,0
B3_zmq_pushpull,zmq_tcp,none,none,,1,22126,512,584,1785153458586457000,1785153458586457000,1785153458586457000,1785153458586458000,1785153458586615000,1785153458586618000,1785153458586618000,1785153458586618000,121932490,121652369,-123.121,0.000,0.000,1.000,3.000,0.000,0.000,4.000,0,0,0
B3_zmq_pushpull,zmq_tcp,none,none,,1,22127,512,584,1785153458587426000,1785153458587426000,1785153458587426000,1785153458587427000,1785153458587569000,1785153458587572000,1785153458587572000,1785153458587572000,121932490,121652369,-138.121,0.000,0.000,1.000,3.000,0.000,0.000,15.000,0,0,0
B3_zmq_pushpull,zmq_tcp,none,none,,1,22128,512,584,1785153458588396000,1785153458588396000,1785153458588396000,1785153458588397000,1785153458588549000,1785153458588551000,1785153458588551000,1785153458588551000,121932490,121652369,-128.121,0.000,0.000,1.000,2.000,0.000,0.000,10.000,0,0,0
B3_zmq_pushpull,zmq_tcp,none,none,,1,22129,512,584,1785153458589503000,1785153458589503000,1785153458589503000,1785153458589504000,1785153458589655000,1785153458589658000,1785153458589658000,1785153458589658000,121932490,121652369,-129.121,0.000,0.000,1.000,3.000,0.000,0.000,1.000,0,0,0
B3_zmq_pushpull,zmq_tcp,none,none,,1,22130,512,584,1785153458590481000,1785153458590481000,1785153458590482000,1785153458590482000,1785153458590642000,1785153458590645000,1785153458590645000,1785153458590645000,121932490,121652369,-120.121,0.000,1.000,0.000,3.000,0.000,0.000,9.000,0,0,0
B3_zmq_pushpull,zmq_tcp,none,none,,1,22131,512,584,1785153458591617000,1785153458591617000,1785153458591617000,1785153458591618000,1785153458591778000,1785153458591781000,1785153458591781000,1785153458591781000,121932490,121652369,-120.121,0.000,0.000,1.000,3.000,0.000,0.000,0.000,0,0,0
B3_zmq_pushpull,zmq_tcp,none,none,,1,22132,512,584,1785153458592585000,1785153458592585000,1785153458592585000,1785153458592586000,1785153458592744000,1785153458592747000,1785153458592747000,1785153458592747000,121932490,121652369,-122.121,0.000,0.000,1.000,3.000,0.000,0.000,2.000,0,0,0
B3_zmq_pushpull,zmq_tcp,none,none,,1,22133,512,584,1785153458593589000,1785153458593589000,1785153458593589000,1785153458593590000,1785153458593718000,1785153458593721000,1785153458593721000,1785153458593721000,121932490,121652369,-152.121,0.000,0.000,1.000,3.000,0.000,0.000,30.000,0,0,0
B3_zmq_pushpull,zmq_tcp,none,none,,1,22134,512,584,1785153458594589000,1785153458594589000,1785153458594589000,1785153458594590000,1785153458594701000,1785153458594703000,1785153458594703000,1785153458594704000,121932490,121652369,-169.121,0.000,0.000,1.000,2.000,0.000,1.000,17.000,0,0,0
B3_zmq_pushpull,zmq_tcp,none,none,,1,22135,512,584,1785153458595589000,1785153458595589000,1785153458595589000,1785153458595590000,1785153458595686000,1785153458595689000,1785153458595689000,1785153458595689000,121932490,121652369,-184.121,0.000,0.000,1.000,3.000,0.000,0.000,15.000,0,0,0
B3_zmq_pushpull,zmq_tcp,none,none,,1,22136,512,584,1785153458596586000,1785153458596586000,1785153458596586000,1785153458596587000,1785153458596653000,1785153458596655000,1785153458596655000,1785153458596655000,121932490,121652369,-214.121,0.000,0.000,1.000,2.000,0.000,0.000,30.000,0,0,0
B3_zmq_pushpull,zmq_tcp,none,none,,1,22137,512,584,1785153458597591000,1785153458597591000,1785153458597591000,1785153458597592000,1785153458597638000,1785153458597642000,1785153458597642000,1785153458597642000,121932490,121652369,-234.121,0.000,0.000,1.000,4.000,0.000,0.000,20.000,0,0,0
B3_zmq_pushpull,zmq_tcp,none,none,,1,22138,512,584,1785153458598592000,1785153458598592000,1785153458598592000,1785153458598593000,1785153458598650000,1785153458598653000,1785153458598653000,1785153458598653000,121932490,121652369,-223.121,0.000,0.000,1.000,3.000,0.000,0.000,11.000,0,0,0
B3_zmq_pushpull,zmq_tcp,none,none,,1,22139,512,584,1785153458599588000,1785153458599588000,1785153458599588000,1785153458599589000,1785153458599761000,1785153458599764000,1785153458599764000,1785153458599764000,121932490,121652369,-108.121,0.000,0.000,1.000,3.000,0.000,0.000,115.000,0,0,0
B3_zmq_pushpull,zmq_tcp,none,none,,1,22140,512,584,1785153458600461000,1785153458600461000,1785153458600461000,1785153458600462000,1785153458600619000,1785153458600622000,1785153458600622000,1785153458600622000,121932490,121652369,-123.121,0.000,0.000,1.000,3.000,0.000,0.000,15.000,0,0,0
B3_zmq_pushpull,zmq_tcp,none,none,,1,22141,512,584,1785153458601437000,1785153458601437000,1785153458601437000,1785153458601438000,1785153458601587000,1785153458601590000,1785153458601590000,1785153458601590000,121932490,121652369,-131.121,0.000,0.000,1.000,3.000,0.000,0.000,8.000,0,0,0
B3_zmq_pushpull,zmq_tcp,none,none,,1,22142,512,584,1785153458602404000,1785153458602404000,1785153458602404000,1785153458602405000,1785153458602557000,1785153458602559000,1785153458602559000,1785153458602559000,121932490,121652369,-128.121,0.000,0.000,1.000,2.000,0.000,0.000,3.000,0,0,0
B3_zmq_pushpull,zmq_tcp,none,none,,1,22143,512,584,1785153458603511000,1785153458603511000,1785153458603511000,1785153458603512000,1785153458603663000,1785153458603666000,1785153458603666000,1785153458603666000,121932490,121652369,-129.121,0.000,0.000,1.000,3.000,0.000,0.000,1.000,0,0,0
B3_zmq_pushpull,zmq_tcp,none,none,,1,22144,512,584,1785153458604500000,1785153458604500000,1785153458604500000,1785153458604501000,1785153458604657000,1785153458604659000,1785153458604659000,1785153458604659000,121932490,121652369,-124.121,0.000,0.000,1.000,2.000,0.000,0.000,5.000,0,0,0
B3_zmq_pushpull,zmq_tcp,none,none,,1,22145,512,584,1785153458605612000,1785153458605612000,1785153458605612000,1785153458605613000,1785153458605777000,1785153458605780000,1785153458605780000,1785153458605780000,121932490,121652369,-116.121,0.000,0.000,1.000,3.000,0.000,0.000,8.000,0,0,0
B3_zmq_pushpull,zmq_tcp,none,none,,1,22146,512,584,1785153458606478000,1785153458606479000,1785153458606479000,1785153458606480000,1785153458606638000,1785153458606641000,1785153458606641000,1785153458606641000,121932490,121652369,-122.121,1.000,0.000,1.000,3.000,0.000,0.000,6.000,0,0,0
B3_zmq_pushpull,zmq_tcp,none,none,,1,22147,512,584,1785153458607617000,1785153458607617000,1785153458607617000,1785153458607618000,1785153458607757000,1785153458607759000,1785153458607759000,1785153458607759000,121932490,121652369,-141.121,0.000,0.000,1.000,2.000,0.000,0.000,19.000,0,0,0
B3_zmq_pushpull,zmq_tcp,none,none,,1,22148,512,584,1785153458608584000,1785153458608584000,1785153458608584000,1785153458608585000,1785153458608729000,1785153458608732000,1785153458608732000,1785153458608732000,121932490,121652369,-136.121,0.000,0.000,1.000,3.000,0.000,0.000,5.000,0,0,0
B3_zmq_pushpull,zmq_tcp,none,none,,1,22149,512,584,1785153458609590000,1785153458609590000,1785153458609591000,1785153458609591000,1785153458609675000,1785153458609678000,1785153458609678000,1785153458609678000,121932490,121652369,-196.121,0.000,1.000,0.000,3.000,0.000,0.000,60.000,0,0,0
B3_zmq_pushpull,zmq_tcp,none,none,,1,22150,512,584,1785153458610586000,1785153458610586000,1785153458610586000,1785153458610587000,1785153458610662000,1785153458610665000,1785153458610665000,1785153458610665000,121932490,121652369,-205.121,0.000,0.000,1.000,3.000,0.000,0.000,9.000,0,0,0
B3_zmq_pushpull,zmq_tcp,none,none,,1,22151,512,584,1785153458611492000,1785153458611492000,1785153458611492000,1785153458611493000,1785153458611651000,1785153458611654000,1785153458611654000,1785153458611654000,121932490,121652369,-122.121,0.000,0.000,1.000,3.000,0.000,0.000,83.000,0,0,0
B3_zmq_pushpull,zmq_tcp,none,none,,1,22152,512,584,1785153458612616000,1785153458612616000,1785153458612616000,1785153458612617000,1785153458612790000,1785153458612793000,1785153458612793000,1785153458612793000,121932490,121652369,-107.121,0.000,0.000,1.000,3.000,0.000,0.000,15.000,0,0,0
B3_zmq_pushpull,zmq_tcp,none,none,,1,22153,512,584,1785153458613582000,1785153458613583000,1785153458613583000,1785153458613584000,1785153458613774000,1785153458613777000,1785153458613777000,1785153458613777000,121932490,121652369,-90.121,1.000,0.000,1.000,3.000,0.000,0.000,17.000,0,0,0
B3_zmq_pushpull,zmq_tcp,none,none,,1,22154,512,584,1785153458614594000,1785153458614594000,1785153458614594000,1785153458614595000,1785153458614763000,1785153458614766000,1785153458614766000,1785153458614766000,121932490,121652369,-112.121,0.000,0.000,1.000,3.000,0.000,0.000,22.000,0,0,0
B3_zmq_pushpull,zmq_tcp,none,none,,1,22155,512,584,1785153458615588000,1785153458615588000,1785153458615588000,1785153458615589000,1785153458615738000,1785153458615741000,1785153458615741000,1785153458615741000,121932490,121652369,-131.121,0.000,0.000,1.000,3.000,0.000,0.000,19.000,0,0,0
B3_zmq_pushpull,zmq_tcp,none,none,,1,22156,512,584,1785153458616407000,1785153458616407000,1785153458616407000,1785153458616408000,1785153458616559000,1785153458616562000,1785153458616562000,1785153458616562000,121932490,121652369,-129.121,0.000,0.000,1.000,3.000,0.000,0.000,2.000,0,0,0
B3_zmq_pushpull,zmq_tcp,none,none,,1,22157,512,584,1785153458617513000,1785153458617514000,1785153458617514000,1785153458617515000,1785153458617665000,1785153458617667000,1785153458617667000,1785153458617667000,121932490,121652369,-130.121,1.000,0.000,1.000,2.000,0.000,0.000,1.000,0,0,0
B3_zmq_pushpull,zmq_tcp,none,none,,1,22158,512,584,1785153458618507000,1785153458618508000,1785153458618508000,1785153458618509000,1785153458618669000,1785153458618672000,1785153458618672000,1785153458618672000,121932490,121652369,-120.121,1.000,0.000,1.000,3.000,0.000,0.000,10.000,0,0,0
B3_zmq_pushpull,zmq_tcp,none,none,,1,22159,512,584,1785153458619610000,1785153458619610000,1785153458619611000,1785153458619611000,1785153458619787000,1785153458619790000,1785153458619790000,1785153458619790000,121932490,121652369,-104.121,0.000,1.000,0.000,3.000,0.000,0.000,16.000,0,0,0
B3_zmq_pushpull,zmq_tcp,none,none,,1,22160,512,584,1785153458620586000,1785153458620586000,1785153458620586000,1785153458620587000,1785153458620652000,1785153458620654000,1785153458620654000,1785153458620654000,121932490,121652369,-215.121,0.000,0.000,1.000,2.000,0.000,0.000,111.000,0,0,0
B3_zmq_pushpull,zmq_tcp,none,none,,1,22161,512,584,1785153458621590000,1785153458621591000,1785153458621591000,1785153458621592000,1785153458621639000,1785153458621642000,1785153458621642000,1785153458621642000,121932490,121652369,-233.121,1.000,0.000,1.000,3.000,0.000,0.000,18.000,0,0,0
B3_zmq_pushpull,zmq_tcp,none,none,,1,22162,512,584,1785153458622589000,1785153458622589000,1785153458622589000,1785153458622590000,1785153458622624000,1785153458622627000,1785153458622627000,1785153458622627000,121932490,121652369,-246.121,0.000,0.000,1.000,3.000,0.000,0.000,13.000,0,0,0
B3_zmq_pushpull,zmq_tcp,none,none,,1,22163,512,584,1785153458623589000,1785153458623590000,1785153458623590000,1785153458623591000,1785153458623732000,1785153458623734000,1785153458623734000,1785153458623734000,121932490,121652369,-139.121,1.000,0.000,1.000,2.000,0.000,0.000,107.000,0,0,0
B3_zmq_pushpull,zmq_tcp,none,none,,1,22164,512,584,1785153458624586000,1785153458624587000,1785153458624587000,1785153458624588000,1785153458624710000,1785153458624713000,1785153458624713000,1785153458624713000,121932490,121652369,-158.121,1.000,0.000,1.000,3.000,0.000,0.000,19.000,0,0,0
B3_zmq_pushpull,zmq_tcp,none,none,,1,22165,512,584,1785153458625590000,1785153458625590000,1785153458625591000,1785153458625591000,1785153458625685000,1785153458625687000,1785153458625687000,1785153458625687000,121932490,121652369,-186.121,0.000,1.000,0.000,2.000,0.000,0.000,28.000,0,0,0
B3_zmq_pushpull,zmq_tcp,none,none,,1,22166,512,584,1785153458626592000,1785153458626592000,1785153458626592000,1785153458626593000,1785153458626794000,1785153458626797000,1785153458626797000,1785153458626797000,121932490,121652369,-79.121,0.000,0.000,1.000,3.000,0.000,0.000,107.000,0,0,0
B3_zmq_pushpull,zmq_tcp,none,none,,1,22167,512,584,1785153458627585000,1785153458627585000,1785153458627585000,1785153458627586000,1785153458627649000,1785153458627652000,1785153458627652000,1785153458627652000,121932490,121652369,-217.121,0.000,0.000,1.000,3.000,0.000,0.000,138.000,0,0,0
B3_zmq_pushpull,zmq_tcp,none,none,,1,22168,512,584,1785153458628498000,1785153458628498000,1785153458628499000,1785153458628499000,1785153458628646000,1785153458628649000,1785153458628649000,1785153458628649000,121932490,121652369,-133.121,0.000,1.000,0.000,3.000,0.000,0.000,84.000,0,0,0
B3_zmq_pushpull,zmq_tcp,none,none,,1,22169,512,584,1785153458629612000,1785153458629612000,1785153458629612000,1785153458629613000,1785153458629747000,1785153458629750000,1785153458629751000,1785153458629751000,121932490,121652369,-146.121,0.000,0.000,1.000,3.000,1.000,0.000,13.000,0,0,0
B3_zmq_pushpull,zmq_tcp,none,none,,1,22170,512,584,1785153458630581000,1785153458630582000,1785153458630582000,1785153458630583000,1785153458630733000,1785153458630736000,1785153458630736000,1785153458630736000,121932490,121652369,-130.121,1.000,0.000,1.000,3.000,0.000,0.000,16.000,0,0,0
B3_zmq_pushpull,zmq_tcp,none,none,,1,22171,512,584,1785153458631593000,1785153458631593000,1785153458631593000,1785153458631594000,1785153458631710000,1785153458631713000,1785153458631713000,1785153458631713000,121932490,121652369,-164.121,0.000,0.000,1.000,3.000,0.000,0.000,34.000,0,0,0
B3_zmq_pushpull,zmq_tcp,none,none,,1,22172,512,584,1785153458632590000,1785153458632590000,1785153458632590000,1785153458632591000,1785153458632709000,1785153458632711000,1785153458632711000,1785153458632711000,121932490,121652369,-162.121,0.000,0.000,1.000,2.000,0.000,0.000,2.000,0,0,0
B3_zmq_pushpull,zmq_tcp,none,none,,1,22173,512,584,1785153458633589000,1785153458633589000,1785153458633589000,1785153458633590000,1785153458633697000,1785153458633700000,1785153458633700000,1785153458633700000,121932490,121652369,-173.121,0.000,0.000,1.000,3.000,0.000,0.000,11.000,0,0,0
B3_zmq_pushpull,zmq_tcp,none,none,,1,22174,512,584,1785153458634591000,1785153458634592000,1785153458634592000,1785153458634593000,1785153458634677000,1785153458634679000,1785153458634679000,1785153458634679000,121932490,121652369,-196.121,1.000,0.000,1.000,2.000,0.000,0.000,23.000,0,0,0
B3_zmq_pushpull,zmq_tcp,none,none,,1,22175,512,584,1785153458635591000,1785153458635592000,1785153458635592000,1785153458635593000,1785153458635669000,1785153458635671000,1785153458635671000,1785153458635671000,121932490,121652369,-204.121,1.000,0.000,1.000,2.000,0.000,0.000,8.000,0,0,0
B3_zmq_pushpull,zmq_tcp,none,none,,1,22176,512,584,1785153458636589000,1785153458636589000,1785153458636589000,1785153458636590000,1785153458636652000,1785153458636654000,1785153458636654000,1785153458636654000,121932490,121652369,-218.121,0.000,0.000,1.000,2.000,0.000,0.000,14.000,0,0,0
B3_zmq_pushpull,zmq_tcp,none,none,,1,22177,512,584,1785153458637589000,1785153458637589000,1785153458637589000,1785153458637590000,1785153458637772000,1785153458637774000,1785153458637774000,1785153458637774000,121932490,121652369,-98.121,0.000,0.000,1.000,2.000,0.000,0.000,120.000,0,0,0
B3_zmq_pushpull,zmq_tcp,none,none,,1,22178,512,584,1785153458638458000,1785153458638458000,1785153458638458000,1785153458638460000,1785153458638602000,1785153458638605000,1785153458638605000,1785153458638605000,121932490,121652369,-138.121,0.000,0.000,2.000,3.000,0.000,0.000,40.000,0,0,0
B3_zmq_pushpull,zmq_tcp,none,none,,1,22179,512,584,1785153458639624000,1785153458639624000,1785153458639625000,1785153458639625000,1785153458639745000,1785153458639747000,1785153458639747000,1785153458639747000,121932490,121652369,-160.121,0.000,1.000,0.000,2.000,0.000,0.000,22.000,0,0,0
B3_zmq_pushpull,zmq_tcp,none,none,,1,22180,512,584,1785153458640581000,1785153458640582000,1785153458640582000,1785153458640583000,1785153458640715000,1785153458640718000,1785153458640718000,1785153458640718000,121932490,121652369,-148.121,1.000,0.000,1.000,3.000,0.000,0.000,12.000,0,0,0
B3_zmq_pushpull,zmq_tcp,none,none,,1,22181,512,584,1785153458641416000,1785153458641416000,1785153458641416000,1785153458641417000,1785153458641573000,1785153458641576000,1785153458641576000,1785153458641576000,121932490,121652369,-124.121,0.000,0.000,1.000,3.000,0.000,0.000,24.000,0,0,0
B3_zmq_pushpull,zmq_tcp,none,none,,1,22182,512,584,1785153458642635000,1785153458642635000,1785153458642635000,1785153458642636000,1785153458642704000,1785153458642707000,1785153458642707000,1785153458642707000,121932490,121652369,-212.121,0.000,0.000,1.000,3.000,0.000,0.000,88.000,0,0,0
B3_zmq_pushpull,zmq_tcp,none,none,,1,22183,512,584,1785153458643580000,1785153458643580000,1785153458643580000,1785153458643581000,1785153458643664000,1785153458643667000,1785153458643667000,1785153458643667000,121932490,121652369,-197.121,0.000,0.000,1.000,3.000,0.000,0.000,15.000,0,0,0
B3_zmq_pushpull,zmq_tcp,none,none,,1,22184,512,584,1785153458644492000,1785153458644492000,1785153458644492000,1785153458644493000,1785153458644646000,1785153458644649000,1785153458644649000,1785153458644649000,121932490,121652369,-127.121,0.000,0.000,1.000,3.000,0.000,0.000,70.000,0,0,0
B3_zmq_pushpull,zmq_tcp,none,none,,1,22185,512,584,1785153458645481000,1785153458645481000,1785153458645481000,1785153458645482000,1785153458645634000,1785153458645637000,1785153458645637000,1785153458645637000,121932490,121652369,-128.121,0.000,0.000,1.000,3.000,0.000,0.000,1.000,0,0,0
B3_zmq_pushpull,zmq_tcp,none,none,,1,22186,512,584,1785153458646471000,1785153458646471000,1785153458646471000,1785153458646472000,1785153458646630000,1785153458646633000,1785153458646633000,1785153458646633000,121932490,121652369,-122.121,0.000,0.000,1.000,3.000,0.000,0.000,6.000,0,0,0
B3_zmq_pushpull,zmq_tcp,none,none,,1,22187,512,584,1785153458647621000,1785153458647621000,1785153458647621000,1785153458647622000,1785153458647782000,1785153458647785000,1785153458647785000,1785153458647785000,121932490,121652369,-120.121,0.000,0.000,1.000,3.000,0.000,0.000,2.000,0,0,0
B3_zmq_pushpull,zmq_tcp,none,none,,1,22188,512,584,1785153458648471000,1785153458648471000,1785153458648471000,1785153458648472000,1785153458648632000,1785153458648634000,1785153458648634000,1785153458648634000,121932490,121652369,-120.121,0.000,0.000,1.000,2.000,0.000,0.000,0.000,0,0,0
B3_zmq_pushpull,zmq_tcp,none,none,,1,22189,512,584,1785153458649622000,1785153458649622000,1785153458649622000,1785153458649623000,1785153458649753000,1785153458649756000,1785153458649756000,1785153458649756000,121932490,121652369,-150.121,0.000,0.000,1.000,3.000,0.000,0.000,30.000,0,0,0
B3_zmq_pushpull,zmq_tcp,none,none,,1,22190,512,584,1785153458650581000,1785153458650582000,1785153458650582000,1785153458650583000,1785153458650722000,1785153458650726000,1785153458650726000,1785153458650726000,121932490,121652369,-141.121,1.000,0.000,1.000,4.000,0.000,0.000,9.000,0,0,0
B3_zmq_pushpull,zmq_tcp,none,none,,1,22191,512,584,1785153458651592000,1785153458651592000,1785153458651592000,1785153458651593000,1785153458651700000,1785153458651702000,1785153458651702000,1785153458651702000,121932490,121652369,-173.121,0.000,0.000,1.000,2.000,0.000,0.000,32.000,0,0,0
B3_zmq_pushpull,zmq_tcp,none,none,,1,22192,512,584,1785153458652589000,1785153458652589000,1785153458652589000,1785153458652590000,1785153458652674000,1785153458652677000,1785153458652677000,1785153458652677000,121932490,121652369,-196.121,0.000,0.000,1.000,3.000,0.000,0.000,23.000,0,0,0
B3_zmq_pushpull,zmq_tcp,none,none,,1,22193,512,584,1785153458653592000,1785153458653592000,1785153458653592000,1785153458653593000,1785153458653777000,1785153458653780000,1785153458653780000,1785153458653780000,121932490,121652369,-96.121,0.000,0.000,1.000,3.000,0.000,0.000,100.000,0,0,0
B3_zmq_pushpull,zmq_tcp,none,none,,1,22194,512,584,1785153458654588000,1785153458654588000,1785153458654588000,1785153458654589000,1785153458654636000,1785153458654640000,1785153458654640000,1785153458654640000,121932490,121652369,-233.121,0.000,0.000,1.000,4.000,0.000,0.000,137.000,0,0,0
B3_zmq_pushpull,zmq_tcp,none,none,,1,22195,512,584,1785153458655592000,1785153458655592000,1785153458655592000,1785153458655593000,1785153458655785000,1785153458655788000,1785153458655788000,1785153458655788000,121932490,121652369,-88.121,0.000,0.000,1.000,3.000,0.000,0.000,145.000,0,0,0
B3_zmq_pushpull,zmq_tcp,none,none,,1,22196,512,584,1785153458656590000,1785153458656590000,1785153458656590000,1785153458656591000,1785153458656766000,1785153458656769000,1785153458656769000,1785153458656769000,121932490,121652369,-105.121,0.000,0.000,1.000,3.000,0.000,0.000,17.000,0,0,0
B3_zmq_pushpull,zmq_tcp,none,none,,1,22197,512,584,1785153458657590000,1785153458657590000,1785153458657590000,1785153458657591000,1785153458657737000,1785153458657740000,1785153458657740000,1785153458657740000,121932490,121652369,-134.121,0.000,0.000,1.000,3.000,0.000,0.000,29.000,0,0,0
B3_zmq_pushpull,zmq_tcp,none,none,,1,22198,512,584,1785153458658414000,1785153458658414000,1785153458658414000,1785153458658415000,1785153458658556000,1785153458658558000,1785153458658559000,1785153458658559000,121932490,121652369,-139.121,0.000,0.000,1.000,2.000,1.000,0.000,5.000,0,0,0
B3_zmq_pushpull,zmq_tcp,none,none,,1,22199,512,584,1785153458659514000,1785153458659514000,1785153458659514000,1785153458659515000,1785153458659666000,1785153458659669000,1785153458659669000,1785153458659669000,121932490,121652369,-129.121,0.000,0.000,1.000,3.000,0.000,0.000,10.000,0,0,0
B3_zmq_pushpull,zmq_tcp,none,none,,1,22200,512,584,1785153458660494000,1785153458660494000,1785153458660494000,1785153458660495000,1785153458660653000,1785153458660656000,1785153458660656000,1785153458660656000,121932490,121652369,-122.121,0.000,0.000,1.000,3.000,0.000,0.000,7.000,0,0,0
B3_zmq_pushpull,zmq_tcp,none,none,,1,22201,512,584,1785153458661485000,1785153458661485000,1785153458661485000,1785153458661486000,1785153458661642000,1785153458661645000,1785153458661645000,1785153458661645000,121932490,121652369,-124.121,0.000,0.000,1.000,3.000,0.000,0.000,2.000,0,0,0
B3_zmq_pushpull,zmq_tcp,none,none,,1,22202,512,584,1785153458662618000,1785153458662619000,1785153458662619000,1785153458662620000,1785153458662769000,1785153458662772000,1785153458662772000,1785153458662772000,121932490,121652369,-131.121,1.000,0.000,1.000,3.000,0.000,0.000,7.000,0,0,0
B3_zmq_pushpull,zmq_tcp,none,none,,1,22203,512,584,1785153458663581000,1785153458663581000,1785153458663581000,1785153458663582000,1785153458663625000,1785153458663627000,1785153458663628000,1785153458663628000,121932490,121652369,-237.121,0.000,0.000,1.000,2.000,1.000,0.000,106.000,0,0,0
B3_zmq_pushpull,zmq_tcp,none,none,,1,22204,512,584,1785153458664450000,1785153458664450000,1785153458664450000,1785153458664451000,1785153458664592000,1785153458664595000,1785153458664595000,1785153458664595000,121932490,121652369,-139.121,0.000,0.000,1.000,3.000,0.000,0.000,98.000,0,0,0
B3_zmq_pushpull,zmq_tcp,none,none,,1,22205,512,584,1785153458665408000,1785153458665409000,1785153458665409000,1785153458665410000,1785153458665552000,1785153458665554000,1785153458665554000,1785153458665554000,121932490,121652369,-138.121,1.000,0.000,1.000,2.000,0.000,0.000,1.000,0,0,0
B3_zmq_pushpull,zmq_tcp,none,none,,1,22206,512,584,1785153458666636000,1785153458666636000,1785153458666636000,1785153458666637000,1785153458666806000,1785153458666809000,1785153458666809000,1785153458666809000,121932490,121652369,-111.121,0.000,0.000,1.000,3.000,0.000,0.000,27.000,0,0,0
B3_zmq_pushpull,zmq_tcp,none,none,,1,22207,512,584,1785153458667577000,1785153458667577000,1785153458667577000,1785153458667578000,1785153458667648000,1785153458667650000,1785153458667651000,1785153458667651000,121932490,121652369,-210.121,0.000,0.000,1.000,2.000,1.000,0.000,99.000,0,0,0
B3_zmq_pushpull,zmq_tcp,none,none,,1,22208,512,584,1785153458668596000,1785153458668596000,1785153458668596000,1785153458668597000,1785153458668785000,1785153458668788000,1785153458668788000,1785153458668788000,121932490,121652369,-92.121,0.000,0.000,1.000,3.000,0.000,0.000,118.000,0,0,0
B3_zmq_pushpull,zmq_tcp,none,none,,1,22209,512,584,1785153458669594000,1785153458669594000,1785153458669594000,1785153458669595000,1785153458669782000,1785153458669785000,1785153458669785000,1785153458669785000,121932490,121652369,-93.121,0.000,0.000,1.000,3.000,0.000,0.000,1.000,0,0,0
B3_zmq_pushpull,zmq_tcp,none,none,,1,22210,512,584,1785153458670480000,1785153458670480000,1785153458670480000,1785153458670481000,1785153458670636000,1785153458670638000,1785153458670638000,1785153458670638000,121932490,121652369,-125.121,0.000,0.000,1.000,2.000,0.000,0.000,32.000,0,0,0
B3_zmq_pushpull,zmq_tcp,none,none,,1,22211,512,584,1785153458671459000,1785153458671459000,1785153458671459000,1785153458671460000,1785153458671612000,1785153458671614000,1785153458671615000,1785153458671615000,121932490,121652369,-128.121,0.000,0.000,1.000,2.000,1.000,0.000,3.000,0,0,0
B3_zmq_pushpull,zmq_tcp,none,none,,1,22212,512,584,1785153458672436000,1785153458672437000,1785153458672437000,1785153458672438000,1785153458672588000,1785153458672590000,1785153458672590000,1785153458672590000,121932490,121652369,-130.121,1.000,0.000,1.000,2.000,0.000,0.000,2.000,0,0,0
B3_zmq_pushpull,zmq_tcp,none,none,,1,22213,512,584,1785153458673423000,1785153458673423000,1785153458673423000,1785153458673424000,1785153458673575000,1785153458673578000,1785153458673578000,1785153458673578000,121932490,121652369,-129.121,0.000,0.000,1.000,3.000,0.000,0.000,1.000,0,0,0
B3_zmq_pushpull,zmq_tcp,none,none,,1,22214,512,584,1785153458674411000,1785153458674411000,1785153458674411000,1785153458674412000,1785153458674569000,1785153458674572000,1785153458674572000,1785153458674572000,121932490,121652369,-123.121,0.000,0.000,1.000,3.000,0.000,0.000,6.000,0,0,0
B3_zmq_pushpull,zmq_tcp,none,none,,1,22215,512,584,1785153458675407000,1785153458675407000,1785153458675407000,1785153458675408000,1785153458675564000,1785153458675567000,1785153458675567000,1785153458675567000,121932490,121652369,-124.121,0.000,0.000,1.000,3.000,0.000,0.000,1.000,0,0,0
B3_zmq_pushpull,zmq_tcp,none,none,,1,22216,512,584,1785153458676636000,1785153458676636000,1785153458676636000,1785153458676637000,1785153458676687000,1785153458676689000,1785153458676689000,1785153458676690000,121932490,121652369,-230.121,0.000,0.000,1.000,2.000,0.000,1.000,106.000,0,0,0
B3_zmq_pushpull,zmq_tcp,none,none,,1,22217,512,584,1785153458677398000,1785153458677398000,1785153458677398000,1785153458677399000,1785153458677539000,1785153458677542000,1785153458677542000,1785153458677542000,121932490,121652369,-140.121,0.000,0.000,1.000,3.000,0.000,0.000,90.000,0,0,0
B3_zmq_pushpull,zmq_tcp,none,none,,1,22218,512,584,1785153458678638000,1785153458678638000,1785153458678638000,1785153458678639000,1785153458678788000,1785153458678790000,1785153458678790000,1785153458678790000,121932490,121652369,-131.121,0.000,0.000,1.000,2.000,0.000,0.000,9.000,0,0,0
B3_zmq_pushpull,zmq_tcp,none,none,,1,22219,512,584,1785153458679575000,1785153458679575000,1785153458679575000,1785153458679576000,1785153458679620000,1785153458679623000,1785153458679624000,1785153458679624000,121932490,121652369,-236.121,0.000,0.000,1.000,3.000,1.000,0.000,105.000,0,0,0
B3_zmq_pushpull,zmq_tcp,none,none,,1,22220,512,584,1785153458680448000,1785153458680448000,1785153458680448000,1785153458680449000,1785153458680593000,1785153458680595000,1785153458680595000,1785153458680595000,121932490,121652369,-136.121,0.000,0.000,1.000,2.000,0.000,0.000,100.000,0,0,0
B3_zmq_pushpull,zmq_tcp,none,none,,1,22221,512,584,1785153458681628000,1785153458681628000,1785153458681628000,1785153458681629000,1785153458681710000,1785153458681714000,1785153458681714000,1785153458681714000,121932490,121652369,-199.121,0.000,0.000,1.000,4.000,0.000,0.000,63.000,0,0,0
B3_zmq_pushpull,zmq_tcp,none,none,,1,22222,512,584,1785153458682405000,1785153458682405000,1785153458682405000,1785153458682406000,1785153458682552000,1785153458682554000,1785153458682554000,1785153458682555000,121932490,121652369,-134.121,0.000,0.000,1.000,2.000,0.000,1.000,65.000,0,0,0
B3_zmq_pushpull,zmq_tcp,none,none,,1,22223,512,584,1785153458683634000,1785153458683634000,1785153458683635000,1785153458683635000,1785153458683798000,1785153458683800000,1785153458683801000,1785153458683801000,121932490,121652369,-117.121,0.000,1.000,0.000,2.000,1.000,0.000,17.000,0,0,0
B3_zmq_pushpull,zmq_tcp,none,none,,1,22224,512,584,1785153458684580000,1785153458684580000,1785153458684580000,1785153458684581000,1785153458684768000,1785153458684771000,1785153458684771000,1785153458684771000,121932490,121652369,-93.121,0.000,0.000,1.000,3.000,0.000,0.000,24.000,0,0,0
B3_zmq_pushpull,zmq_tcp,none,none,,1,22225,512,584,1785153458685447000,1785153458685447000,1785153458685447000,1785153458685448000,1785153458685600000,1785153458685602000,1785153458685602000,1785153458685602000,121932490,121652369,-128.121,0.000,0.000,1.000,2.000,0.000,0.000,35.000,0,0,0
B3_zmq_pushpull,zmq_tcp,none,none,,1,22226,512,584,1785153458686436000,1785153458686437000,1785153458686437000,1785153458686438000,1785153458686589000,1785153458686592000,1785153458686592000,1785153458686592000,121932490,121652369,-129.121,1.000,0.000,1.000,3.000,0.000,0.000,1.000,0,0,0
B3_zmq_pushpull,zmq_tcp,none,none,,1,22227,512,584,1785153458687425000,1785153458687425000,1785153458687425000,1785153458687427000,1785153458687569000,1785153458687572000,1785153458687572000,1785153458687572000,121932490,121652369,-138.121,0.000,0.000,2.000,3.000,0.000,0.000,9.000,0,0,0
B3_zmq_pushpull,zmq_tcp,none,none,,1,22228,512,584,1785153458688635000,1785153458688635000,1785153458688635000,1785153458688636000,1785153458688840000,1785153458688842000,1785153458688843000,1785153458688843000,121932490,121652369,-76.121,0.000,0.000,1.000,2.000,1.000,0.000,62.000,0,0,0
B3_zmq_pushpull,zmq_tcp,none,none,,1,22229,512,584,1785153458689578000,1785153458689578000,1785153458689578000,1785153458689579000,1785153458689669000,1785153458689672000,1785153458689672000,1785153458689672000,121932490,121652369,-190.121,0.000,0.000,1.000,3.000,0.000,0.000,114.000,0,0,0
B3_zmq_pushpull,zmq_tcp,none,none,,1,22230,512,584,1785153458690593000,1785153458690594000,1785153458690594000,1785153458690595000,1785153458690656000,1785153458690658000,1785153458690658000,1785153458690658000,121932490,121652369,-219.121,1.000,0.000,1.000,2.000,0.000,0.000,29.000,0,0,0
B3_zmq_pushpull,zmq_tcp,none,none,,1,22231,512,584,1785153458691591000,1785153458691591000,1785153458691591000,1785153458691592000,1785153458691658000,1785153458691661000,1785153458691661000,1785153458691661000,121932490,121652369,-214.121,0.000,0.000,1.000,3.000,0.000,0.000,5.000,0,0,0
B3_zmq_pushpull,zmq_tcp,none,none,,1,22232,512,584,1785153458692589000,1785153458692590000,1785153458692590000,1785153458692591000,1785153458692779000,1785153458692781000,1785153458692781000,1785153458692781000,121932490,121652369,-92.121,1.000,0.000,1.000,2.000,0.000,0.000,122.000,0,0,0
B3_zmq_pushpull,zmq_tcp,none,none,,1,22233,512,584,1785153458693587000,1785153458693587000,1785153458693587000,1785153458693588000,1785153458693631000,1785153458693634000,1785153458693635000,1785153458693635000,121932490,121652369,-237.121,0.000,0.000,1.000,3.000,1.000,0.000,145.000,0,0,0
B3_zmq_pushpull,zmq_tcp,none,none,,1,22234,512,584,1785153458694591000,1785153458694591000,1785153458694591000,1785153458694592000,1785153458694727000,1785153458694729000,1785153458694729000,1785153458694729000,121932490,121652369,-145.121,0.000,0.000,1.000,2.000,0.000,0.000,92.000,0,0,0
B3_zmq_pushpull,zmq_tcp,none,none,,1,22235,512,584,1785153458695592000,1785153458695592000,1785153458695592000,1785153458695593000,1785153458695713000,1785153458695716000,1785153458695716000,1785153458695716000,121932490,121652369,-160.121,0.000,0.000,1.000,3.000,0.000,0.000,15.000,0,0,0
B3_zmq_pushpull,zmq_tcp,none,none,,1,22236,512,584,1785153458696589000,1785153458696590000,1785153458696590000,1785153458696591000,1785153458696707000,1785153458696709000,1785153458696709000,1785153458696709000,121932490,121652369,-164.121,1.000,0.000,1.000,2.000,0.000,0.000,4.000,0,0,0
B3_zmq_pushpull,zmq_tcp,none,none,,1,22237,512,584,1785153458697591000,1785153458697592000,1785153458697592000,1785153458697593000,1785153458697697000,1785153458697700000,1785153458697700000,1785153458697700000,121932490,121652369,-176.121,1.000,0.000,1.000,3.000,0.000,0.000,12.000,0,0,0
B3_zmq_pushpull,zmq_tcp,none,none,,1,22238,512,584,1785153458698590000,1785153458698590000,1785153458698590000,1785153458698591000,1785153458698691000,1785153458698693000,1785153458698693000,1785153458698693000,121932490,121652369,-180.121,0.000,0.000,1.000,2.000,0.000,0.000,4.000,0,0,0
B3_zmq_pushpull,zmq_tcp,none,none,,1,22239,512,584,1785153458699589000,1785153458699590000,1785153458699590000,1785153458699591000,1785153458699672000,1785153458699675000,1785153458699675000,1785153458699675000,121932490,121652369,-199.121,1.000,0.000,1.000,3.000,0.000,0.000,19.000,0,0,0
B3_zmq_pushpull,zmq_tcp,none,none,,1,22240,512,584,1785153458700587000,1785153458700587000,1785153458700587000,1785153458700588000,1785153458700648000,1785153458700651000,1785153458700651000,1785153458700651000,121932490,121652369,-220.121,0.000,0.000,1.000,3.000,0.000,0.000,21.000,0,0,0
B3_zmq_pushpull,zmq_tcp,none,none,,1,22241,512,584,1785153458701591000,1785153458701591000,1785153458701591000,1785153458701592000,1785153458701764000,1785153458701767000,1785153458701767000,1785153458701767000,121932490,121652369,-108.121,0.000,0.000,1.000,3.000,0.000,0.000,112.000,0,0,0
B3_zmq_pushpull,zmq_tcp,none,none,,1,22242,512,584,1785153458702458000,1785153458702458000,1785153458702458000,1785153458702459000,1785153458702623000,1785153458702625000,1785153458702625000,1785153458702625000,121932490,121652369,-116.121,0.000,0.000,1.000,2.000,0.000,0.000,8.000,0,0,0
B3_zmq_pushpull,zmq_tcp,none,none,,1,22243,512,584,1785153458703626000,1785153458703626000,1785153458703626000,1785153458703627000,1785153458703739000,1785153458703741000,1785153458703741000,1785153458703741000,121932490,121652369,-168.121,0.000,0.000,1.000,2.000,0.000,0.000,52.000,0,0,0
B3_zmq_pushpull,zmq_tcp,none,none,,1,22244,512,584,1785153458704581000,1785153458704582000,1785153458704582000,1785153458704583000,1785153458704716000,1785153458704721000,1785153458704721000,1785153458704721000,121932490,121652369,-147.121,1.000,0.000,1.000,5.000,0.000,0.000,21.000,0,0,0
B3_zmq_pushpull,zmq_tcp,none,none,,1,22245,512,584,1785153458705592000,1785153458705592000,1785153458705592000,1785153458705593000,1785153458705701000,1785153458705706000,1785153458705706000,1785153458705706000,121932490,121652369,-172.121,0.000,0.000,1.000,5.000,0.000,0.000,25.000,0,0,0
B3_zmq_pushpull,zmq_tcp,none,none,,1,22246,512,584,1785153458706394000,1785153458706394000,1785153458706394000,1785153458706395000,1785153458706533000,1785153458706536000,1785153458706536000,1785153458706536000,121932490,121652369,-142.121,0.000,0.000,1.000,3.000,0.000,0.000,30.000,0,0,0
B3_zmq_pushpull,zmq_tcp,none,none,,1,22247,512,584,1785153458707498000,1785153458707498000,1785153458707498000,1785153458707499000,1785153458707651000,1785153458707653000,1785153458707653000,1785153458707653000,121932490,121652369,-128.121,0.000,0.000,1.000,2.000,0.000,0.000,14.000,0,0,0
B3_zmq_pushpull,zmq_tcp,none,none,,1,22248,512,584,1785153458708495000,1785153458708495000,1785153458708495000,1785153458708496000,1785153458708645000,1785153458708648000,1785153458708648000,1785153458708648000,121932490,121652369,-131.121,0.000,0.000,1.000,3.000,0.000,0.000,3.000,0,0,0
B3_zmq_pushpull,zmq_tcp,none,none,,1,22249,512,584,1785153458709489000,1785153458709489000,1785153458709489000,1785153458709491000,1785153458709639000,1785153458709641000,1785153458709641000,1785153458709641000,121932490,121652369,-132.121,0.000,0.000,2.000,2.000,0.000,0.000,1.000,0,0,0
B3_zmq_pushpull,zmq_tcp,none,none,,1,22250,512,584,1785153458710615000,1785153458710615000,1785153458710615000,1785153458710616000,1785153458710750000,1785153458710752000,1785153458710752000,1785153458710752000,121932490,121652369,-146.121,0.000,0.000,1.000,2.000,0.000,0.000,14.000,0,0,0
B3_zmq_pushpull,zmq_tcp,none,none,,1,22251,512,584,1785153458711586000,1785153458711586000,1785153458711586000,1785153458711587000,1785153458711741000,1785153458711744000,1785153458711744000,1785153458711744000,121932490,121652369,-126.121,0.000,0.000,1.000,3.000,0.000,0.000,20.000,0,0,0
B3_zmq_pushpull,zmq_tcp,none,none,,1,22252,512,584,1785153458712591000,1785153458712591000,1785153458712591000,1785153458712592000,1785153458712728000,1785153458712731000,1785153458712732000,1785153458712732000,121932490,121652369,-144.121,0.000,0.000,1.000,3.000,1.000,0.000,18.000,0,0,0
B3_zmq_pushpull,zmq_tcp,none,none,,1,22253,512,584,1785153458713401000,1785153458713401000,1785153458713401000,1785153458713402000,1785153458713555000,1785153458713558000,1785153458713558000,1785153458713558000,121932490,121652369,-127.121,0.000,0.000,1.000,3.000,0.000,0.000,17.000,0,0,0
B3_zmq_pushpull,zmq_tcp,none,none,,1,22254,512,584,1785153458714638000,1785153458714638000,1785153458714638000,1785153458714639000,1785153458714766000,1785153458714769000,1785153458714769000,1785153458714769000,121932490,121652369,-153.121,0.000,0.000,1.000,3.000,0.000,0.000,26.000,0,0,0
B3_zmq_pushpull,zmq_tcp,none,none,,1,22255,512,584,1785153458715575000,1785153458715575000,1785153458715575000,1785153458715576000,1785153458715729000,1785153458715732000,1785153458715732000,1785153458715732000,121932490,121652369,-127.121,0.000,0.000,1.000,3.000,0.000,0.000,26.000,0,0,0
B3_zmq_pushpull,zmq_tcp,none,none,,1,22256,512,584,1785153458716594000,1785153458716594000,1785153458716594000,1785153458716595000,1785153458716724000,1785153458716727000,1785153458716727000,1785153458716727000,121932490,121652369,-151.121,0.000,0.000,1.000,3.000,0.000,0.000,24.000,0,0,0
B3_zmq_pushpull,zmq_tcp,none,none,,1,22257,512,584,1785153458717414000,1785153458717414000,1785153458717414000,1785153458717415000,1785153458717576000,1785153458717579000,1785153458717579000,1785153458717579000,121932490,121652369,-119.121,0.000,0.000,1.000,3.000,0.000,0.000,32.000,0,0,0
B3_zmq_pushpull,zmq_tcp,none,none,,1,22258,512,584,1785153458718634000,1785153458718634000,1785153458718634000,1785153458718635000,1785153458718707000,1785153458718712000,1785153458718712000,1785153458718712000,121932490,121652369,-208.121,0.000,0.000,1.000,5.000,0.000,0.000,89.000,0,0,0
B3_zmq_pushpull,zmq_tcp,none,none,,1,22259,512,584,1785153458719579000,1785153458719579000,1785153458719579000,1785153458719580000,1785153458719692000,1785153458719696000,1785153458719696000,1785153458719696000,121932490,121652369,-168.121,0.000,0.000,1.000,4.000,0.000,0.000,40.000,0,0,0
B3_zmq_pushpull,zmq_tcp,none,none,,1,22260,512,584,1785153458720593000,1785153458720593000,1785153458720593000,1785153458720594000,1785153458720671000,1785153458720673000,1785153458720673000,1785153458720673000,121932490,121652369,-203.121,0.000,0.000,1.000,2.000,0.000,0.000,35.000,0,0,0
B3_zmq_pushpull,zmq_tcp,none,none,,1,22261,512,584,1785153458721590000,1785153458721590000,1785153458721590000,1785153458721591000,1785153458721642000,1785153458721645000,1785153458721645000,1785153458721645000,121932490,121652369,-229.121,0.000,0.000,1.000,3.000,0.000,0.000,26.000,0,0,0
B3_zmq_pushpull,zmq_tcp,none,none,,1,22262,512,584,1785153458722590000,1785153458722590000,1785153458722590000,1785153458722591000,1785153458722637000,1785153458722641000,1785153458722641000,1785153458722641000,121932490,121652369,-234.121,0.000,0.000,1.000,4.000,0.000,0.000,5.000,0,0,0
B3_zmq_pushpull,zmq_tcp,none,none,,1,22263,512,584,1785153458723474000,1785153458723474000,1785153458723474000,1785153458723475000,1785153458723632000,1785153458723635000,1785153458723635000,1785153458723635000,121932490,121652369,-123.121,0.000,0.000,1.000,3.000,0.000,0.000,111.000,0,0,0
B3_zmq_pushpull,zmq_tcp,none,none,,1,22264,512,584,1785153458724451000,1785153458724452000,1785153458724452000,1785153458724453000,1785153458724605000,1785153458724608000,1785153458724608000,1785153458724608000,121932490,121652369,-128.121,1.000,0.000,1.000,3.000,0.000,0.000,5.000,0,0,0
B3_zmq_pushpull,zmq_tcp,none,none,,1,22265,512,584,1785153458725627000,1785153458725627000,1785153458725627000,1785153458725628000,1785153458725731000,1785153458725733000,1785153458725733000,1785153458725733000,121932490,121652369,-177.121,0.000,0.000,1.000,2.000,0.000,0.000,49.000,0,0,0
B3_zmq_pushpull,zmq_tcp,none,none,,1,22266,512,584,1785153458726577000,1785153458726577000,1785153458726577000,1785153458726578000,1785153458726709000,1785153458726712000,1785153458726712000,1785153458726712000,121932490,121652369,-149.121,0.000,0.000,1.000,3.000,0.000,0.000,28.000,0,0,0
B3_zmq_pushpull,zmq_tcp,none,none,,1,22267,512,584,1785153458727594000,1785153458727594000,1785153458727594000,1785153458727595000,1785153458727695000,1785153458727697000,1785153458727697000,1785153458727697000,121932490,121652369,-180.121,0.000,0.000,1.000,2.000,0.000,0.000,31.000,0,0,0
B3_zmq_pushpull,zmq_tcp,none,none,,1,22268,512,584,1785153458728589000,1785153458728590000,1785153458728590000,1785153458728591000,1785153458728672000,1785153458728674000,1785153458728674000,1785153458728674000,121932490,121652369,-199.121,1.000,0.000,1.000,2.000,0.000,0.000,19.000,0,0,0
B3_zmq_pushpull,zmq_tcp,none,none,,1,22269,512,584,1785153458729591000,1785153458729591000,1785153458729591000,1785153458729592000,1785153458729778000,1785153458729781000,1785153458729781000,1785153458729781000,121932490,121652369,-94.121,0.000,0.000,1.000,3.000,0.000,0.000,105.000,0,0,0
B3_zmq_pushpull,zmq_tcp,none,none,,1,22270,512,584,1785153458730590000,1785153458730590000,1785153458730590000,1785153458730591000,1785153458730759000,1785153458730762000,1785153458730762000,1785153458730762000,121932490,121652369,-112.121,0.000,0.000,1.000,3.000,0.000,0.000,18.000,0,0,0
B3_zmq_pushpull,zmq_tcp,none,none,,1,22271,512,584,1785153458731590000,1785153458731590000,1785153458731590000,1785153458731591000,1785153458731733000,1785153458731736000,1785153458731736000,1785153458731736000,121932490,121652369,-138.121,0.000,0.000,1.000,3.000,0.000,0.000,26.000,0,0,0
B3_zmq_pushpull,zmq_tcp,none,none,,1,22272,512,584,1785153458732592000,1785153458732592000,1785153458732592000,1785153458732593000,1785153458732719000,1785153458732721000,1785153458732721000,1785153458732721000,121932490,121652369,-154.121,0.000,0.000,1.000,2.000,0.000,0.000,16.000,0,0,0
B3_zmq_pushpull,zmq_tcp,none,none,,1,22273,512,584,1785153458733587000,1785153458733587000,1785153458733587000,1785153458733588000,1785153458733691000,1785153458733694000,1785153458733694000,1785153458733694000,121932490,121652369,-177.121,0.000,0.000,1.000,3.000,0.000,0.000,23.000,0,0,0
B3_zmq_pushpull,zmq_tcp,none,none,,1,22274,512,584,1785153458734591000,1785153458734591000,1785153458734591000,1785153458734592000,1785153458734676000,1785153458734679000,1785153458734679000,1785153458734679000,121932490,121652369,-196.121,0.000,0.000,1.000,3.000,0.000,0.000,19.000,0,0,0
B3_zmq_pushpull,zmq_tcp,none,none,,1,22275,512,584,1785153458735590000,1785153458735590000,1785153458735590000,1785153458735591000,1785153458735641000,1785153458735644000,1785153458735644000,1785153458735644000,121932490,121652369,-230.121,0.000,0.000,1.000,3.000,0.000,0.000,34.000,0,0,0
B3_zmq_pushpull,zmq_tcp,none,none,,1,22276,512,584,1785153458736590000,1785153458736590000,1785153458736590000,1785153458736591000,1785153458736748000,1785153458736751000,1785153458736751000,1785153458736751000,121932490,121652369,-123.121,0.000,0.000,1.000,3.000,0.000,0.000,107.000,0,0,0
B3_zmq_pushpull,zmq_tcp,none,none,,1,22277,512,584,1785153458737587000,1785153458737587000,1785153458737587000,1785153458737588000,1785153458737731000,1785153458737733000,1785153458737733000,1785153458737733000,121932490,121652369,-137.121,0.000,0.000,1.000,2.000,0.000,0.000,14.000,0,0,0
B3_zmq_pushpull,zmq_tcp,none,none,,1,22278,512,584,1785153458738417000,1785153458738417000,1785153458738417000,1785153458738418000,1785153458738575000,1785153458738577000,1785153458738577000,1785153458738577000,121932490,121652369,-123.121,0.000,0.000,1.000,2.000,0.000,0.000,14.000,0,0,0
B3_zmq_pushpull,zmq_tcp,none,none,,1,22279,512,584,1785153458739393000,1785153458739393000,1785153458739393000,1785153458739394000,1785153458739551000,1785153458739553000,1785153458739553000,1785153458739553000,121932490,121652369,-123.121,0.000,0.000,1.000,2.000,0.000,0.000,0.000,0,0,0
B3_zmq_pushpull,zmq_tcp,none,none,,1,22280,512,584,1785153458740394000,1785153458740394000,1785153458740394000,1785153458740395000,1785153458740533000,1785153458740536000,1785153458740537000,1785153458740537000,121932490,121652369,-142.121,0.000,0.000,1.000,3.000,1.000,0.000,19.000,0,0,0
B3_zmq_pushpull,zmq_tcp,none,none,,1,22281,512,584,1785153458741508000,1785153458741508000,1785153458741508000,1785153458741510000,1785153458741651000,1785153458741654000,1785153458741654000,1785153458741654000,121932490,121652369,-139.121,0.000,0.000,2.000,3.000,0.000,0.000,3.000,0,0,0
B3_zmq_pushpull,zmq_tcp,none,none,,1,22282,512,584,1785153458742480000,1785153458742480000,1785153458742480000,1785153458742481000,1785153458742631000,1785153458742633000,1785153458742633000,1785153458742633000,121932490,121652369,-130.121,0.000,0.000,1.000,2.000,0.000,0.000,9.000,0,0,0
B3_zmq_pushpull,zmq_tcp,none,none,,1,22283,512,584,1785153458743467000,1785153458743467000,1785153458743467000,1785153458743468000,1785153458743615000,1785153458743617000,1785153458743617000,1785153458743617000,121932490,121652369,-133.121,0.000,0.000,1.000,2.000,0.000,0.000,3.000,0,0,0
B3_zmq_pushpull,zmq_tcp,none,none,,1,22284,512,584,1785153458744620000,1785153458744620000,1785153458744620000,1785153458744621000,1785153458744733000,1785153458744736000,1785153458744736000,1785153458744736000,121932490,121652369,-168.121,0.000,0.000,1.000,3.000,0.000,0.000,35.000,0,0,0
B3_zmq_pushpull,zmq_tcp,none,none,,1,22285,512,584,1785153458745588000,1785153458745588000,1785153458745588000,1785153458745589000,1785153458745725000,1785153458745728000,1785153458745728000,1785153458745728000,121932490,121652369,-144.121,0.000,0.000,1.000,3.000,0.000,0.000,24.000,0,0,0
B3_zmq_pushpull,zmq_tcp,none,none,,1,22286,512,584,1785153458746593000,1785153458746593000,1785153458746593000,1785153458746594000,1785153458746728000,1785153458746731000,1785153458746731000,1785153458746731000,121932490,121652369,-146.121,0.000,0.000,1.000,3.000,0.000,0.000,2.000,0,0,0
B3_zmq_pushpull,zmq_tcp,none,none,,1,22287,512,584,1785153458747588000,1785153458747589000,1785153458747589000,1785153458747589000,1785153458747721000,1785153458747725000,1785153458747725000,1785153458747725000,121932490,121652369,-148.121,1.000,0.000,0.000,4.000,0.000,0.000,2.000,0,0,0
B3_zmq_pushpull,zmq_tcp,none,none,,1,22288,512,584,1785153458748413000,1785153458748413000,1785153458748413000,1785153458748414000,1785153458748564000,1785153458748567000,1785153458748567000,1785153458748567000,121932490,121652369,-130.121,0.000,0.000,1.000,3.000,0.000,0.000,18.000,0,0,0
B3_zmq_pushpull,zmq_tcp,none,none,,1,22289,512,584,1785153458749509000,1785153458749509000,1785153458749509000,1785153458749510000,1785153458749661000,1785153458749664000,1785153458749664000,1785153458749664000,121932490,121652369,-129.121,0.000,0.000,1.000,3.000,0.000,0.000,1.000,0,0,0
B3_zmq_pushpull,zmq_tcp,none,none,,1,22290,512,584,1785153458750500000,1785153458750500000,1785153458750500000,1785153458750501000,1785153458750655000,1785153458750657000,1785153458750658000,1785153458750658000,121932490,121652369,-126.121,0.000,0.000,1.000,2.000,1.000,0.000,3.000,0,0,0
B3_zmq_pushpull,zmq_tcp,none,none,,1,22291,512,584,1785153458751464000,1785153458751464000,1785153458751464000,1785153458751466000,1785153458751612000,1785153458751615000,1785153458751615000,1785153458751615000,121932490,121652369,-134.121,0.000,0.000,2.000,3.000,0.000,0.000,8.000,0,0,0
B3_zmq_pushpull,zmq_tcp,none,none,,1,22292,512,584,1785153458752621000,1785153458752621000,1785153458752622000,1785153458752622000,1785153458752739000,1785153458752742000,1785153458752742000,1785153458752742000,121932490,121652369,-163.121,0.000,1.000,0.000,3.000,0.000,0.000,29.000,0,0,0
B3_zmq_pushpull,zmq_tcp,none,none,,1,22293,512,584,1785153458753582000,1785153458753582000,1785153458753582000,1785153458753583000,1785153458753707000,1785153458753710000,1785153458753710000,1785153458753710000,121932490,121652369,-156.121,0.000,0.000,1.000,3.000,0.000,0.000,7.000,0,0,0
B3_zmq_pushpull,zmq_tcp,none,none,,1,22294,512,584,1785153458754588000,1785153458754589000,1785153458754589000,1785153458754590000,1785153458754674000,1785153458754676000,1785153458754676000,1785153458754676000,121932490,121652369,-196.121,1.000,0.000,1.000,2.000,0.000,0.000,40.000,0,0,0
B3_zmq_pushpull,zmq_tcp,none,none,,1,22295,512,584,1785153458755591000,1785153458755591000,1785153458755591000,1785153458755592000,1785153458755659000,1785153458755661000,1785153458755661000,1785153458755661000,121932490,121652369,-213.121,0.000,0.000,1.000,2.000,0.000,0.000,17.000,0,0,0
B3_zmq_pushpull,zmq_tcp,none,none,,1,22296,512,584,1785153458756590000,1785153458756591000,1785153458756591000,1785153458756592000,1785153458756653000,1785153458756656000,1785153458756656000,1785153458756656000,121932490,121652369,-219.121,1.000,0.000,1.000,3.000,0.000,0.000,6.000,0,0,0
B3_zmq_pushpull,zmq_tcp,none,none,,1,22297,512,584,1785153458757587000,1785153458757587000,1785153458757587000,1785153458757588000,1785153458757776000,1785153458757779000,1785153458757779000,1785153458757779000,121932490,121652369,-92.121,0.000,0.000,1.000,3.000,0.000,0.000,127.000,0,0,0
B3_zmq_pushpull,zmq_tcp,none,none,,1,22298,512,584,1785153458758593000,1785153458758593000,1785153458758593000,1785153458758594000,1785153458758767000,1785153458758770000,1785153458758770000,1785153458758770000,121932490,121652369,-107.121,0.000,0.000,1.000,3.000,0.000,0.000,15.000,0,0,0
B3_zmq_pushpull,zmq_tcp,none,none,,1,22299,512,584,1785153458759590000,1785153458759590000,1785153458759590000,1785153458759591000,1785153458759730000,1785153458759732000,1785153458759732000,1785153458759732000,121932490,121652369,-141.121,0.000,0.000,1.000,2.000,0.000,0.000,34.000,0,0,0
B3_zmq_pushpull,zmq_tcp,none,none,,1,22300,512,584,1785153458760592000,1785153458760592000,1785153458760592000,1785153458760593000,1785153458760716000,1785153458760719000,1785153458760719000,1785153458760719000,121932490,121652369,-157.121,0.000,0.000,1.000,3.000,0.000,0.000,16.000,0,0,0
B3_zmq_pushpull,zmq_tcp,none,none,,1,22301,512,584,1785153458761588000,1785153458761589000,1785153458761589000,1785153458761590000,1785153458761710000,1785153458761712000,1785153458761712000,1785153458761712000,121932490,121652369,-160.121,1.000,0.000,1.000,2.000,0.000,0.000,3.000,0,0,0
B3_zmq_pushpull,zmq_tcp,none,none,,1,22302,512,584,1785153458762591000,1785153458762591000,1785153458762591000,1785153458762592000,1785153458762676000,1785153458762679000,1785153458762679000,1785153458762679000,121932490,121652369,-196.121,0.000,0.000,1.000,3.000,0.000,0.000,36.000,0,0,0
B3_zmq_pushpull,zmq_tcp,none,none,,1,22303,512,584,1785153458763590000,1785153458763590000,1785153458763590000,1785153458763591000,1785153458763660000,1785153458763663000,1785153458763663000,1785153458763663000,121932490,121652369,-211.121,0.000,0.000,1.000,3.000,0.000,0.000,15.000,0,0,0
B3_zmq_pushpull,zmq_tcp,none,none,,1,22304,512,584,1785153458764593000,1785153458764593000,1785153458764593000,1785153458764594000,1785153458764782000,1785153458764784000,1785153458764784000,1785153458764784000,121932490,121652369,-92.121,0.000,0.000,1.000,2.000,0.000,0.000,119.000,0,0,0
B3_zmq_pushpull,zmq_tcp,none,none,,1,22305,512,584,1785153458765586000,1785153458765586000,1785153458765586000,1785153458765587000,1785153458765770000,1785153458765772000,1785153458765772000,1785153458765772000,121932490,121652369,-97.121,0.000,0.000,1.000,2.000,0.000,0.000,5.000,0,0,0
B3_zmq_pushpull,zmq_tcp,none,none,,1,22306,512,584,1785153458766594000,1785153458766594000,1785153458766594000,1785153458766595000,1785153458766762000,1785153458766764000,1785153458766764000,1785153458766764000,121932490,121652369,-113.121,0.000,0.000,1.000,2.000,0.000,0.000,16.000,0,0,0
B3_zmq_pushpull,zmq_tcp,none,none,,1,22307,512,584,1785153458767590000,1785153458767590000,1785153458767590000,1785153458767591000,1785153458767748000,1785153458767751000,1785153458767751000,1785153458767751000,121932490,121652369,-123.121,0.000,0.000,1.000,3.000,0.000,0.000,10.000,0,0,0
B3_zmq_pushpull,zmq_tcp,none,none,,1,22308,512,584,1785153458768448000,1785153458768448000,1785153458768448000,1785153458768449000,1785153458768600000,1785153458768603000,1785153458768603000,1785153458768603000,121932490,121652369,-129.121,0.000,0.000,1.000,3.000,0.000,0.000,6.000,0,0,0
B3_zmq_pushpull,zmq_tcp,none,none,,1,22309,512,584,1785153458769419000,1785153458769419000,1785153458769419000,1785153458769420000,1785153458769562000,1785153458769564000,1785153458769564000,1785153458769564000,121932490,121652369,-138.121,0.000,0.000,1.000,2.000,0.000,0.000,9.000,0,0,0
B3_zmq_pushpull,zmq_tcp,none,none,,1,22310,512,584,1785153458770633000,1785153458770633000,1785153458770633000,1785153458770634000,1785153458770806000,1785153458770809000,1785153458770809000,1785153458770809000,121932490,121652369,-108.121,0.000,0.000,1.000,3.000,0.000,0.000,30.000,0,0,0
B3_zmq_pushpull,zmq_tcp,none,none,,1,22311,512,584,1785153458771504000,1785153458771504000,1785153458771504000,1785153458771505000,1785153458771660000,1785153458771663000,1785153458771664000,1785153458771664000,121932490,121652369,-125.121,0.000,0.000,1.000,3.000,1.000,0.000,17.000,0,0,0
B3_zmq_pushpull,zmq_tcp,none,none,,1,22312,512,584,1785153458772611000,1785153458772611000,1785153458772611000,1785153458772612000,1785153458772786000,1785153458772788000,1785153458772788000,1785153458772788000,121932490,121652369,-106.121,0.000,0.000,1.000,2.000,0.000,0.000,19.000,0,0,0
B3_zmq_pushpull,zmq_tcp,none,none,,1,22313,512,584,1785153458773585000,1785153458773585000,1785153458773585000,1785153458773586000,1785153458773756000,1785153458773758000,1785153458773758000,1785153458773758000,121932490,121652369,-110.121,0.000,0.000,1.000,2.000,0.000,0.000,4.000,0,0,0
B3_zmq_pushpull,zmq_tcp,none,none,,1,22314,512,584,1785153458774594000,1785153458774594000,1785153458774594000,1785153458774595000,1785153458774738000,1785153458774741000,1785153458774741000,1785153458774741000,121932490,121652369,-137.121,0.000,0.000,1.000,3.000,0.000,0.000,27.000,0,0,0
B3_zmq_pushpull,zmq_tcp,none,none,,1,22315,512,584,1785153458775425000,1785153458775426000,1785153458775426000,1785153458775427000,1785153458775568000,1785153458775571000,1785153458775571000,1785153458775571000,121932490,121652369,-139.121,1.000,0.000,1.000,3.000,0.000,0.000,2.000,0,0,0
B3_zmq_pushpull,zmq_tcp,none,none,,1,22316,512,584,1785153458776632000,1785153458776632000,1785153458776632000,1785153458776633000,1785153458776677000,1785153458776680000,1785153458776680000,1785153458776680000,121932490,121652369,-236.121,0.000,0.000,1.000,3.000,0.000,0.000,97.000,0,0,0
B3_zmq_pushpull,zmq_tcp,none,none,,1,22317,512,584,1785153458777581000,1785153458777582000,1785153458777582000,1785153458777583000,1785153458777659000,1785153458777662000,1785153458777662000,1785153458777662000,121932490,121652369,-204.121,1.000,0.000,1.000,3.000,0.000,0.000,32.000,0,0,0
B3_zmq_pushpull,zmq_tcp,none,none,,1,22318,512,584,1785153458778593000,1785153458778593000,1785153458778593000,1785153458778594000,1785153458778794000,1785153458778802000,1785153458778802000,1785153458778802000,121932490,121652369,-80.121,0.000,0.000,1.000,8.000,0.000,0.000,124.000,0,0,0
B3_zmq_pushpull,zmq_tcp,none,none,,1,22319,512,584,1785153458779586000,1785153458779586000,1785153458779586000,1785153458779587000,1785153458779634000,1785153458779638000,1785153458779639000,1785153458779639000,121932490,121652369,-233.121,0.000,0.000,1.000,4.000,1.000,0.000,153.000,0,0,0
B3_zmq_pushpull,zmq_tcp,none,none,,1,22320,512,584,1785153458780593000,1785153458780593000,1785153458780593000,1785153458780594000,1785153458780770000,1785153458780772000,1785153458780772000,1785153458780772000,121932490,121652369,-104.121,0.000,0.000,1.000,2.000,0.000,0.000,129.000,0,0,0
B3_zmq_pushpull,zmq_tcp,none,none,,1,22321,512,584,1785153458781589000,1785153458781589000,1785153458781589000,1785153458781590000,1785153458781754000,1785153458781756000,1785153458781756000,1785153458781756000,121932490,121652369,-116.121,0.000,0.000,1.000,2.000,0.000,0.000,12.000,0,0,0
B3_zmq_pushpull,zmq_tcp,none,none,,1,22322,512,584,1785153458782591000,1785153458782591000,1785153458782591000,1785153458782592000,1785153458782707000,1785153458782710000,1785153458782710000,1785153458782710000,121932490,121652369,-165.121,0.000,0.000,1.000,3.000,0.000,0.000,49.000,0,0,0
B3_zmq_pushpull,zmq_tcp,none,none,,1,22323,512,584,1785153458783588000,1785153458783588000,1785153458783588000,1785153458783589000,1785153458783686000,1785153458783690000,1785153458783690000,1785153458783690000,121932490,121652369,-183.121,0.000,0.000,1.000,4.000,0.000,0.000,18.000,0,0,0
B3_zmq_pushpull,zmq_tcp,none,none,,1,22324,512,584,1785153458784500000,1785153458784500000,1785153458784500000,1785153458784501000,1785153458784652000,1785153458784655000,1785153458784655000,1785153458784655000,121932490,121652369,-129.121,0.000,0.000,1.000,3.000,0.000,0.000,54.000,0,0,0
B3_zmq_pushpull,zmq_tcp,none,none,,1,22325,512,584,1785153458785481000,1785153458785481000,1785153458785481000,1785153458785482000,1785153458785634000,1785153458785637000,1785153458785637000,1785153458785637000,121932490,121652369,-128.121,0.000,0.000,1.000,3.000,0.000,0.000,1.000,0,0,0
B3_zmq_pushpull,zmq_tcp,none,none,,1,22326,512,584,1785153458786618000,1785153458786618000,1785153458786618000,1785153458786619000,1785153458786749000,1785153458786751000,1785153458786751000,1785153458786751000,121932490,121652369,-150.121,0.000,0.000,1.000,2.000,0.000,0.000,22.000,0,0,0
B3_zmq_pushpull,zmq_tcp,none,none,,1,22327,512,584,1785153458787583000,1785153458787583000,1785153458787583000,1785153458787584000,1785153458787715000,1785153458787718000,1785153458787718000,1785153458787718000,121932490,121652369,-149.121,0.000,0.000,1.000,3.000,0.000,0.000,1.000,0,0,0
B3_zmq_pushpull,zmq_tcp,none,none,,1,22328,512,584,1785153458788595000,1785153458788595000,1785153458788595000,1785153458788596000,1785153458788703000,1785153458788706000,1785153458788706000,1785153458788706000,121932490,121652369,-173.121,0.000,0.000,1.000,3.000,0.000,0.000,24.000,0,0,0
B3_zmq_pushpull,zmq_tcp,none,none,,1,22329,512,584,1785153458789589000,1785153458789589000,1785153458789589000,1785153458789590000,1785153458789694000,1785153458789698000,1785153458789698000,1785153458789698000,121932490,121652369,-176.121,0.000,0.000,1.000,4.000,0.000,0.000,3.000,0,0,0
B3_zmq_pushpull,zmq_tcp,none,none,,1,22330,512,584,1785153458790505000,1785153458790505000,1785153458790505000,1785153458790506000,1785153458790649000,1785153458790651000,1785153458790651000,1785153458790651000,121932490,121652369,-137.121,0.000,0.000,1.000,2.000,0.000,0.000,39.000,0,0,0
B3_zmq_pushpull,zmq_tcp,none,none,,1,22331,512,584,1785153458791485000,1785153458791485000,1785153458791485000,1785153458791486000,1785153458791628000,1785153458791631000,1785153458791631000,1785153458791631000,121932490,121652369,-138.121,0.000,0.000,1.000,3.000,0.000,0.000,1.000,0,0,0
B3_zmq_pushpull,zmq_tcp,none,none,,1,22332,512,584,1785153458792617000,1785153458792617000,1785153458792617000,1785153458792618000,1785153458792774000,1785153458792776000,1785153458792776000,1785153458792776000,121932490,121652369,-124.121,0.000,0.000,1.000,2.000,0.000,0.000,14.000,0,0,0
B3_zmq_pushpull,zmq_tcp,none,none,,1,22333,512,584,1785153458793584000,1785153458793584000,1785153458793584000,1785153458793585000,1785153458793759000,1785153458793761000,1785153458793761000,1785153458793761000,121932490,121652369,-106.121,0.000,0.000,1.000,2.000,0.000,0.000,18.000,0,0,0
B3_zmq_pushpull,zmq_tcp,none,none,,1,22334,512,584,1785153458794589000,1785153458794589000,1785153458794589000,1785153458794590000,1785153458794746000,1785153458794748000,1785153458794748000,1785153458794748000,121932490,121652369,-124.121,0.000,0.000,1.000,2.000,0.000,0.000,18.000,0,0,0
B3_zmq_pushpull,zmq_tcp,none,none,,1,22335,512,584,1785153458795444000,1785153458795444000,1785153458795444000,1785153458795445000,1785153458795587000,1785153458795590000,1785153458795590000,1785153458795590000,121932490,121652369,-138.121,0.000,0.000,1.000,3.000,0.000,0.000,14.000,0,0,0
B3_zmq_pushpull,zmq_tcp,none,none,,1,22336,512,584,1785153458796628000,1785153458796628000,1785153458796628000,1785153458796629000,1785153458796706000,1785153458796708000,1785153458796708000,1785153458796708000,121932490,121652369,-203.121,0.000,0.000,1.000,2.000,0.000,0.000,65.000,0,0,0
B3_zmq_pushpull,zmq_tcp,none,none,,1,22337,512,584,1785153458797579000,1785153458797579000,1785153458797580000,1785153458797580000,1785153458797671000,1785153458797674000,1785153458797674000,1785153458797674000,121932490,121652369,-189.121,0.000,1.000,0.000,3.000,0.000,0.000,14.000,0,0,0
B3_zmq_pushpull,zmq_tcp,none,none,,1,22338,512,584,1785153458798594000,1785153458798594000,1785153458798594000,1785153458798595000,1785153458798652000,1785153458798655000,1785153458798655000,1785153458798655000,121932490,121652369,-223.121,0.000,0.000,1.000,3.000,0.000,0.000,34.000,0,0,0
B3_zmq_pushpull,zmq_tcp,none,none,,1,22339,512,584,1785153458799592000,1785153458799593000,1785153458799593000,1785153458799594000,1785153458799648000,1785153458799651000,1785153458799651000,1785153458799651000,121932490,121652369,-226.121,1.000,0.000,1.000,3.000,0.000,0.000,3.000,0,0,0
B3_zmq_pushpull,zmq_tcp,none,none,,1,22340,512,584,1785153458800592000,1785153458800592000,1785153458800592000,1785153458800593000,1785153458800762000,1785153458800765000,1785153458800765000,1785153458800765000,121932490,121652369,-111.121,0.000,0.000,1.000,3.000,0.000,0.000,115.000,0,0,0
B3_zmq_pushpull,zmq_tcp,none,none,,1,22341,512,584,1785153458801590000,1785153458801590000,1785153458801590000,1785153458801591000,1785153458801750000,1785153458801752000,1785153458801752000,1785153458801752000,121932490,121652369,-121.121,0.000,0.000,1.000,2.000,0.000,0.000,10.000,0,0,0
B3_zmq_pushpull,zmq_tcp,none,none,,1,22342,512,584,1785153458802590000,1785153458802590000,1785153458802590000,1785153458802591000,1785153458802712000,1785153458802715000,1785153458802715000,1785153458802715000,121932490,121652369,-159.121,0.000,0.000,1.000,3.000,0.000,0.000,38.000,0,0,0
B3_zmq_pushpull,zmq_tcp,none,none,,1,22343,512,584,1785153458803590000,1785153458803590000,1785153458803590000,1785153458803591000,1785153458803695000,1785153458803698000,1785153458803698000,1785153458803698000,121932490,121652369,-176.121,0.000,0.000,1.000,3.000,0.000,0.000,17.000,0,0,0
B3_zmq_pushpull,zmq_tcp,none,none,,1,22344,512,584,1785153458804590000,1785153458804590000,1785153458804590000,1785153458804591000,1785153458804671000,1785153458804674000,1785153458804674000,1785153458804674000,121932490,121652369,-200.121,0.000,0.000,1.000,3.000,0.000,0.000,24.000,0,0,0
B3_zmq_pushpull,zmq_tcp,none,none,,1,22345,512,584,1785153458805588000,1785153458805588000,1785153458805588000,1785153458805589000,1785153458805635000,1785153458805639000,1785153458805639000,1785153458805639000,121932490,121652369,-234.121,0.000,0.000,1.000,4.000,0.000,0.000,34.000,0,0,0
B3_zmq_pushpull,zmq_tcp,none,none,,1,22346,512,584,1785153458806476000,1785153458806476000,1785153458806477000,1785153458806478000,1785153458806624000,1785153458806627000,1785153458806627000,1785153458806627000,121932490,121652369,-134.121,0.000,1.000,1.000,3.000,0.000,0.000,100.000,0,0,0
B3_zmq_pushpull,zmq_tcp,none,none,,1,22347,512,584,1785153458807622000,1785153458807622000,1785153458807622000,1785153458807623000,1785153458807736000,1785153458807739000,1785153458807739000,1785153458807739000,121932490,121652369,-167.121,0.000,0.000,1.000,3.000,0.000,0.000,33.000,0,0,0
B3_zmq_pushpull,zmq_tcp,none,none,,1,22348,512,584,1785153458808582000,1785153458808582000,1785153458808582000,1785153458808583000,1785153458808722000,1785153458808724000,1785153458808724000,1785153458808724000,121932490,121652369,-141.121,0.000,0.000,1.000,2.000,0.000,0.000,26.000,0,0,0
B3_zmq_pushpull,zmq_tcp,none,none,,1,22349,512,584,1785153458809592000,1785153458809592000,1785153458809592000,1785153458809593000,1785153458809717000,1785153458809720000,1785153458809720000,1785153458809720000,121932490,121652369,-156.121,0.000,0.000,1.000,3.000,0.000,0.000,15.000,0,0,0
B3_zmq_pushpull,zmq_tcp,none,none,,1,22350,512,584,1785153458810591000,1785153458810591000,1785153458810591000,1785153458810592000,1785153458810717000,1785153458810721000,1785153458810721000,1785153458810721000,121932490,121652369,-155.121,0.000,0.000,1.000,4.000,0.000,0.000,1.000,0,0,0
B3_zmq_pushpull,zmq_tcp,none,none,,1,22351,512,584,1785153458811591000,1785153458811591000,1785153458811591000,1785153458811592000,1785153458811698000,1785153458811701000,1785153458811701000,1785153458811701000,121932490,121652369,-174.121,0.000,0.000,1.000,3.000,0.000,0.000,19.000,0,0,0
B3_zmq_pushpull,zmq_tcp,none,none,,1,22352,512,584,1785153458812588000,1785153458812588000,1785153458812588000,1785153458812589000,1785153458812673000,1785153458812675000,1785153458812675000,1785153458812675000,121932490,121652369,-196.121,0.000,0.000,1.000,2.000,0.000,0.000,22.000,0,0,0
B3_zmq_pushpull,zmq_tcp,none,none,,1,22353,512,584,1785153458813592000,1785153458813592000,1785153458813592000,1785153458813593000,1785153458813672000,1785153458813675000,1785153458813675000,1785153458813675000,121932490,121652369,-201.121,0.000,0.000,1.000,3.000,0.000,0.000,5.000,0,0,0
B3_zmq_pushpull,zmq_tcp,none,none,,1,22354,512,584,1785153458814590000,1785153458814590000,1785153458814590000,1785153458814591000,1785153458814669000,1785153458814673000,1785153458814673000,1785153458814673000,121932490,121652369,-202.121,0.000,0.000,1.000,4.000,0.000,0.000,1.000,0,0,0
B3_zmq_pushpull,zmq_tcp,none,none,,1,22355,512,584,1785153458815591000,1785153458815591000,1785153458815591000,1785153458815592000,1785153458815666000,1785153458815668000,1785153458815668000,1785153458815668000,121932490,121652369,-206.121,0.000,0.000,1.000,2.000,0.000,0.000,4.000,0,0,0
B3_zmq_pushpull,zmq_tcp,none,none,,1,22356,512,584,1785153458816496000,1785153458816496000,1785153458816496000,1785153458816497000,1785153458816640000,1785153458816644000,1785153458816644000,1785153458816644000,121932490,121652369,-137.121,0.000,0.000,1.000,4.000,0.000,0.000,69.000,0,0,0
B3_zmq_pushpull,zmq_tcp,none,none,,1,22357,512,584,1785153458817490000,1785153458817490000,1785153458817490000,1785153458817491000,1785153458817645000,1785153458817647000,1785153458817647000,1785153458817647000,121932490,121652369,-126.121,0.000,0.000,1.000,2.000,0.000,0.000,11.000,0,0,0
B3_zmq_pushpull,zmq_tcp,none,none,,1,22358,512,584,1785153458818471000,1785153458818471000,1785153458818471000,1785153458818472000,1785153458818613000,1785153458818616000,1785153458818616000,1785153458818616000,121932490,121652369,-139.121,0.000,0.000,1.000,3.000,0.000,0.000,13.000,0,0,0
B3_zmq_pushpull,zmq_tcp,none,none,,1,22359,512,584,1785153458819448000,1785153458819448000,1785153458819448000,1785153458819449000,1785153458819601000,1785153458819603000,1785153458819603000,1785153458819603000,121932490,121652369,-128.121,0.000,0.000,1.000,2.000,0.000,0.000,11.000,0,0,0
B3_zmq_pushpull,zmq_tcp,none,none,,1,22360,512,584,1785153458820445000,1785153458820445000,1785153458820445000,1785153458820446000,1785153458820598000,1785153458820600000,1785153458820600000,1785153458820600000,121932490,121652369,-128.121,0.000,0.000,1.000,2.000,0.000,0.000,0.000,0,0,0
B3_zmq_pushpull,zmq_tcp,none,none,,1,22361,512,584,1785153458821425000,1785153458821425000,1785153458821425000,1785153458821426000,1785153458821583000,1785153458821586000,1785153458821586000,1785153458821586000,121932490,121652369,-123.121,0.000,0.000,1.000,3.000,0.000,0.000,5.000,0,0,0
B3_zmq_pushpull,zmq_tcp,none,none,,1,22362,512,584,1785153458822631000,1785153458822632000,1785153458822632000,1785153458822633000,1785153458822718000,1785153458822721000,1785153458822721000,1785153458822721000,121932490,121652369,-195.121,1.000,0.000,1.000,3.000,0.000,0.000,72.000,0,0,0
B3_zmq_pushpull,zmq_tcp,none,none,,1,22363,512,584,1785153458823580000,1785153458823580000,1785153458823581000,1785153458823582000,1785153458823696000,1785153458823699000,1785153458823699000,1785153458823699000,121932490,121652369,-166.121,0.000,1.000,1.000,3.000,0.000,0.000,29.000,0,0,0
B3_zmq_pushpull,zmq_tcp,none,none,,1,22364,512,584,1785153458824595000,1785153458824595000,1785153458824595000,1785153458824596000,1785153458824694000,1785153458824697000,1785153458824697000,1785153458824697000,121932490,121652369,-182.121,0.000,0.000,1.000,3.000,0.000,0.000,16.000,0,0,0
B3_zmq_pushpull,zmq_tcp,none,none,,1,22365,512,584,1785153458825592000,1785153458825593000,1785153458825593000,1785153458825594000,1785153458825703000,1785153458825706000,1785153458825706000,1785153458825706000,121932490,121652369,-171.121,1.000,0.000,1.000,3.000,0.000,0.000,11.000,0,0,0
B3_zmq_pushpull,zmq_tcp,none,none,,1,22366,512,584,1785153458826595000,1785153458826595000,1785153458826595000,1785153458826596000,1785153458826685000,1785153458826687000,1785153458826687000,1785153458826687000,121932490,121652369,-191.121,0.000,0.000,1.000,2.000,0.000,0.000,20.000,0,0,0
B3_zmq_pushpull,zmq_tcp,none,none,,1,22367,512,584,1785153458827592000,1785153458827592000,1785153458827592000,1785153458827593000,1785153458827693000,1785153458827696000,1785153458827696000,1785153458827696000,121932490,121652369,-180.121,0.000,0.000,1.000,3.000,0.000,0.000,11.000,0,0,0
B3_zmq_pushpull,zmq_tcp,none,none,,1,22368,512,584,1785153458828591000,1785153458828591000,1785153458828591000,1785153458828592000,1785153458828703000,1785153458828707000,1785153458828707000,1785153458828707000,121932490,121652369,-169.121,0.000,0.000,1.000,4.000,0.000,0.000,11.000,0,0,0
B3_zmq_pushpull,zmq_tcp,none,none,,1,22369,512,584,1785153458829591000,1785153458829591000,1785153458829591000,1785153458829592000,1785153458829715000,1785153458829718000,1785153458829718000,1785153458829718000,121932490,121652369,-157.121,0.000,0.000,1.000,3.000,0.000,0.000,12.000,0,0,0
B3_zmq_pushpull,zmq_tcp,none,none,,1,22370,512,584,1785153458830594000,1785153458830594000,1785153458830594000,1785153458830596000,1785153458830727000,1785153458830731000,1785153458830731000,1785153458830731000,121932490,121652369,-149.121,0.000,0.000,2.000,4.000,0.000,0.000,8.000,0,0,0
B3_zmq_pushpull,zmq_tcp,none,none,,1,22371,512,584,1785153458831587000,1785153458831587000,1785153458831587000,1785153458831588000,1785153458831722000,1785153458831724000,1785153458831724000,1785153458831724000,121932490,121652369,-146.121,0.000,0.000,1.000,2.000,0.000,0.000,3.000,0,0,0
B3_zmq_pushpull,zmq_tcp,none,none,,1,22372,512,584,1785153458832593000,1785153458832593000,1785153458832593000,1785153458832594000,1785153458832712000,1785153458832715000,1785153458832715000,1785153458832715000,121932490,121652369,-162.121,0.000,0.000,1.000,3.000,0.000,0.000,16.000,0,0,0
B3_zmq_pushpull,zmq_tcp,none,none,,1,22373,512,584,1785153458833592000,1785153458833592000,1785153458833592000,1785153458833593000,1785153458833719000,1785153458833721000,1785153458833722000,1785153458833722000,121932490,121652369,-154.121,0.000,0.000,1.000,2.000,1.000,0.000,8.000,0,0,0
B3_zmq_pushpull,zmq_tcp,none,none,,1,22374,512,584,1785153458834593000,1785153458834593000,1785153458834593000,1785153458834594000,1785153458834732000,1785153458834735000,1785153458834735000,1785153458834735000,121932490,121652369,-142.121,0.000,0.000,1.000,3.000,0.000,0.000,12.000,0,0,0
B3_zmq_pushpull,zmq_tcp,none,none,,1,22375,512,584,1785153458835588000,1785153458835588000,1785153458835588000,1785153458835589000,1785153458835739000,1785153458835742000,1785153458835742000,1785153458835742000,121932490,121652369,-130.121,0.000,0.000,1.000,3.000,0.000,0.000,12.000,0,0,0
B3_zmq_pushpull,zmq_tcp,none,none,,1,22376,512,584,1785153458836593000,1785153458836593000,1785153458836593000,1785153458836594000,1785153458836742000,1785153458836745000,1785153458836745000,1785153458836745000,121932490,121652369,-132.121,0.000,0.000,1.000,3.000,0.000,0.000,2.000,0,0,0
B3_zmq_pushpull,zmq_tcp,none,none,,1,22377,512,584,1785153458837597000,1785153458837597000,1785153458837597000,1785153458837598000,1785153458837746000,1785153458837749000,1785153458837749000,1785153458837749000,121932490,121652369,-132.121,0.000,0.000,1.000,3.000,0.000,0.000,0.000,0,0,0
B3_zmq_pushpull,zmq_tcp,none,none,,1,22378,512,584,1785153458838458000,1785153458838458000,1785153458838458000,1785153458838459000,1785153458838614000,1785153458838616000,1785153458838616000,1785153458838617000,121932490,121652369,-125.121,0.000,0.000,1.000,2.000,0.000,1.000,7.000,0,0,0
B3_zmq_pushpull,zmq_tcp,none,none,,1,22379,512,584,1785153458839625000,1785153458839625000,1785153458839625000,1785153458839626000,1785153458839754000,1785153458839756000,1785153458839756000,1785153458839756000,121932490,121652369,-152.121,0.000,0.000,1.000,2.000,0.000,0.000,27.000,0,0,0
B3_zmq_pushpull,zmq_tcp,none,none,,1,22380,512,584,1785153458840583000,1785153458840584000,1785153458840584000,1785153458840585000,1785153458840627000,1785153458840630000,1785153458840630000,1785153458840630000,121932490,121652369,-238.121,1.000,0.000,1.000,3.000,0.000,0.000,86.000,0,0,0
B3_zmq_pushpull,zmq_tcp,none,none,,1,22381,512,584,1785153458841594000,1785153458841594000,1785153458841594000,1785153458841595000,1785153458841789000,1785153458841791000,1785153458841792000,1785153458841792000,121932490,121652369,-86.121,0.000,0.000,1.000,2.000,1.000,0.000,152.000,0,0,0
B3_zmq_pushpull,zmq_tcp,none,none,,1,22382,512,584,1785153458842489000,1785153458842490000,1785153458842490000,1785153458842491000,1785153458842638000,1785153458842640000,1785153458842640000,1785153458842640000,121932490,121652369,-133.121,1.000,0.000,1.000,2.000,0.000,0.000,47.000,0,0,0
B3_zmq_pushpull,zmq_tcp,none,none,,1,22383,512,584,1785153458843618000,1785153458843618000,1785153458843618000,1785153458843619000,1785153458843787000,1785153458843790000,1785153458843790000,1785153458843790000,121932490,121652369,-112.121,0.000,0.000,1.000,3.000,0.000,0.000,21.000,0,0,0
B3_zmq_pushpull,zmq_tcp,none,none,,1,22384,512,584,1785153458844585000,1785153458844585000,1785153458844585000,1785153458844586000,1785153458844644000,1785153458844647000,1785153458844647000,1785153458844647000,121932490,121652369,-222.121,0.000,0.000,1.000,3.000,0.000,0.000,110.000,0,0,0
B3_zmq_pushpull,zmq_tcp,none,none,,1,22385,512,584,1785153458845593000,1785153458845593000,1785153458845593000,1785153458845594000,1785153458845646000,1785153458845649000,1785153458845649000,1785153458845649000,121932490,121652369,-228.121,0.000,0.000,1.000,3.000,0.000,0.000,6.000,0,0,0
B3_zmq_pushpull,zmq_tcp,none,none,,1,22386,512,584,1785153458846588000,1785153458846588000,1785153458846588000,1785153458846589000,1785153458846651000,1785153458846654000,1785153458846654000,1785153458846654000,121932490,121652369,-218.121,0.000,0.000,1.000,3.000,0.000,0.000,10.000,0,0,0
B3_zmq_pushpull,zmq_tcp,none,none,,1,22387,512,584,1785153458847593000,1785153458847593000,1785153458847593000,1785153458847594000,1785153458847659000,1785153458847662000,1785153458847662000,1785153458847662000,121932490,121652369,-215.121,0.000,0.000,1.000,3.000,0.000,0.000,3.000,0,0,0
B3_zmq_pushpull,zmq_tcp,none,none,,1,22388,512,584,1785153458848592000,1785153458848592000,1785153458848593000,1785153458848594000,1785153458848660000,1785153458848663000,1785153458848663000,1785153458848663000,121932490,121652369,-214.121,0.000,1.000,1.000,3.000,0.000,0.000,1.000,0,0,0
B3_zmq_pushpull,zmq_tcp,none,none,,1,22389,512,584,1785153458849394000,1785153458849394000,1785153458849395000,1785153458849395000,1785153458849540000,1785153458849543000,1785153458849543000,1785153458849543000,121932490,121652369,-135.121,0.000,1.000,0.000,3.000,0.000,0.000,79.000,0,0,0
B3_zmq_pushpull,zmq_tcp,none,none,,1,22390,512,584,1785153458850401000,1785153458850401000,1785153458850402000,1785153458850402000,1785153458850547000,1785153458850550000,1785153458850550000,1785153458850550000,121932490,121652369,-135.121,0.000,1.000,0.000,3.000,0.000,0.000,0.000,0,0,0
B3_zmq_pushpull,zmq_tcp,none,none,,1,22391,512,584,1785153458851640000,1785153458851640000,1785153458851640000,1785153458851641000,1785153458851691000,1785153458851695000,1785153458851695000,1785153458851695000,121932490,121652369,-230.121,0.000,0.000,1.000,4.000,0.000,0.000,95.000,0,0,0
B3_zmq_pushpull,zmq_tcp,none,none,,1,22392,512,584,1785153458852581000,1785153458852581000,1785153458852581000,1785153458852582000,1785153458852690000,1785153458852693000,1785153458852693000,1785153458852693000,121932490,121652369,-172.121,0.000,0.000,1.000,3.000,0.000,0.000,58.000,0,0,0
B3_zmq_pushpull,zmq_tcp,none,none,,1,22393,512,584,1785153458853591000,1785153458853592000,1785153458853592000,1785153458853593000,1785153458853711000,1785153458853714000,1785153458853714000,1785153458853714000,121932490,121652369,-162.121,1.000,0.000,1.000,3.000,0.000,0.000,10.000,0,0,0
B3_zmq_pushpull,zmq_tcp,none,none,,1,22394,512,584,1785153458854591000,1785153458854591000,1785153458854592000,1785153458854592000,1785153458854716000,1785153458854719000,1785153458854719000,1785153458854719000,121932490,121652369,-156.121,0.000,1.000,0.000,3.000,0.000,0.000,6.000,0,0,0
B3_zmq_pushpull,zmq_tcp,none,none,,1,22395,512,584,1785153458855594000,1785153458855594000,1785153458855595000,1785153458855595000,1785153458855734000,1785153458855737000,1785153458855737000,1785153458855737000,121932490,121652369,-141.121,0.000,1.000,0.000,3.000,0.000,0.000,15.000,0,0,0
B3_zmq_pushpull,zmq_tcp,none,none,,1,22396,512,584,1785153458856590000,1785153458856590000,1785153458856590000,1785153458856591000,1785153458856740000,1785153458856742000,1785153458856742000,1785153458856742000,121932490,121652369,-131.121,0.000,0.000,1.000,2.000,0.000,0.000,10.000,0,0,0
B3_zmq_pushpull,zmq_tcp,none,none,,1,22397,512,584,1785153458857595000,1785153458857595000,1785153458857595000,1785153458857596000,1785153458857755000,1785153458857758000,1785153458857758000,1785153458857758000,121932490,121652369,-121.121,0.000,0.000,1.000,3.000,0.000,0.000,10.000,0,0,0
B3_zmq_pushpull,zmq_tcp,none,none,,1,22398,512,584,1785153458858591000,1785153458858591000,1785153458858591000,1785153458858592000,1785153458858639000,1785153458858642000,1785153458858642000,1785153458858642000,121932490,121652369,-233.121,0.000,0.000,1.000,3.000,0.000,0.000,112.000,0,0,0
B3_zmq_pushpull,zmq_tcp,none,none,,1,22399,512,584,1785153458859592000,1785153458859592000,1785153458859592000,1785153458859593000,1785153458859651000,1785153458859654000,1785153458859654000,1785153458859654000,121932490,121652369,-222.121,0.000,0.000,1.000,3.000,0.000,0.000,11.000,0,0,0
B3_zmq_pushpull,zmq_tcp,none,none,,1,22400,512,584,1785153458860589000,1785153458860589000,1785153458860589000,1785153458860590000,1785153458860635000,1785153458860638000,1785153458860638000,1785153458860638000,121932490,121652369,-235.121,0.000,0.000,1.000,3.000,0.000,0.000,13.000,0,0,0
B3_zmq_pushpull,zmq_tcp,none,none,,1,22401,512,584,1785153458861593000,1785153458861593000,1785153458861594000,1785153458861594000,1785153458861763000,1785153458861766000,1785153458861766000,1785153458861766000,121932490,121652369,-111.121,0.000,1.000,0.000,3.000,0.000,0.000,124.000,0,0,0
B3_zmq_pushpull,zmq_tcp,none,none,,1,22402,512,584,1785153458862470000,1785153458862470000,1785153458862470000,1785153458862471000,1785153458862630000,1785153458862637000,1785153458862637000,1785153458862637000,121932490,121652369,-121.121,0.000,0.000,1.000,7.000,0.000,0.000,10.000,0,0,0
B3_zmq_pushpull,zmq_tcp,none,none,,1,22403,512,584,1785153458863625000,1785153458863626000,1785153458863626000,1785153458863627000,1785153458863793000,1785153458863795000,1785153458863795000,1785153458863795000,121932490,121652369,-114.121,1.000,0.000,1.000,2.000,0.000,0.000,7.000,0,0,0
B3_zmq_pushpull,zmq_tcp,none,none,,1,22404,512,584,1785153458864582000,1785153458864582000,1785153458864582000,1785153458864583000,1785153458864661000,1785153458864664000,1785153458864664000,1785153458864664000,121932490,121652369,-202.121,0.000,0.000,1.000,3.000,0.000,0.000,88.000,0,0,0
B3_zmq_pushpull,zmq_tcp,none,none,,1,22405,512,584,1785153458865595000,1785153458865595000,1785153458865595000,1785153458865596000,1785153458865672000,1785153458865675000,1785153458865675000,1785153458865675000,121932490,121652369,-204.121,0.000,0.000,1.000,3.000,0.000,0.000,2.000,0,0,0
B3_zmq_pushpull,zmq_tcp,none,none,,1,22406,512,584,1785153458866510000,1785153458866510000,1785153458866510000,1785153458866511000,1785153458866668000,1785153458866671000,1785153458866671000,1785153458866671000,121932490,121652369,-123.121,0.000,0.000,1.000,3.000,0.000,0.000,81.000,0,0,0
B3_zmq_pushpull,zmq_tcp,none,none,,1,22407,512,584,1785153458867612000,1785153458867612000,1785153458867612000,1785153458867613000,1785153458867668000,1785153458867671000,1785153458867671000,1785153458867671000,121932490,121652369,-225.121,0.000,0.000,1.000,3.000,0.000,0.000,102.000,0,0,0
B3_zmq_pushpull,zmq_tcp,none,none,,1,22408,512,584,1785153458868589000,1785153458868589000,1785153458868589000,1785153458868590000,1785153458868662000,1785153458868665000,1785153458868665000,1785153458868665000,121932490,121652369,-208.121,0.000,0.000,1.000,3.000,0.000,0.000,17.000,0,0,0
B3_zmq_pushpull,zmq_tcp,none,none,,1,22409,512,584,1785153458869593000,1785153458869593000,1785153458869593000,1785153458869594000,1785153458869671000,1785153458869674000,1785153458869674000,1785153458869674000,121932490,121652369,-203.121,0.000,0.000,1.000,3.000,0.000,0.000,5.000,0,0,0
B3_zmq_pushpull,zmq_tcp,none,none,,1,22410,512,584,1785153458870591000,1785153458870592000,1785153458870592000,1785153458870593000,1785153458870688000,1785153458870691000,1785153458870691000,1785153458870691000,121932490,121652369,-185.121,1.000,0.000,1.000,3.000,0.000,0.000,18.000,0,0,0
B3_zmq_pushpull,zmq_tcp,none,none,,1,22411,512,584,1785153458871593000,1785153458871593000,1785153458871593000,1785153458871594000,1785153458871697000,1785153458871700000,1785153458871700000,1785153458871700000,121932490,121652369,-177.121,0.000,0.000,1.000,3.000,0.000,0.000,8.000,0,0,0
B3_zmq_pushpull,zmq_tcp,none,none,,1,22412,512,584,1785153458872588000,1785153458872588000,1785153458872588000,1785153458872589000,1785153458872687000,1785153458872690000,1785153458872690000,1785153458872690000,121932490,121652369,-182.121,0.000,0.000,1.000,3.000,0.000,0.000,5.000,0,0,0
B3_zmq_pushpull,zmq_tcp,none,none,,1,22413,512,584,1785153458873593000,1785153458873593000,1785153458873593000,1785153458873594000,1785153458873703000,1785153458873706000,1785153458873706000,1785153458873706000,121932490,121652369,-171.121,0.000,0.000,1.000,3.000,0.000,0.000,11.000,0,0,0
B3_zmq_pushpull,zmq_tcp,none,none,,1,22414,512,584,1785153458874592000,1785153458874592000,1785153458874592000,1785153458874593000,1785153458874685000,1785153458874687000,1785153458874687000,1785153458874687000,121932490,121652369,-188.121,0.000,0.000,1.000,2.000,0.000,0.000,17.000,0,0,0
B3_zmq_pushpull,zmq_tcp,none,none,,1,22415,512,584,1785153458875591000,1785153458875592000,1785153458875592000,1785153458875593000,1785153458875681000,1785153458875683000,1785153458875683000,1785153458875683000,121932490,121652369,-192.121,1.000,0.000,1.000,2.000,0.000,0.000,4.000,0,0,0
B3_zmq_pushpull,zmq_tcp,none,none,,1,22416,512,584,1785153458876591000,1785153458876591000,1785153458876591000,1785153458876592000,1785153458876683000,1785153458876686000,1785153458876686000,1785153458876686000,121932490,121652369,-189.121,0.000,0.000,1.000,3.000,0.000,0.000,3.000,0,0,0
B3_zmq_pushpull,zmq_tcp,none,none,,1,22417,512,584,1785153458877591000,1785153458877591000,1785153458877591000,1785153458877592000,1785153458877698000,1785153458877701000,1785153458877701000,1785153458877701000,121932490,121652369,-174.121,0.000,0.000,1.000,3.000,0.000,0.000,15.000,0,0,0
B3_zmq_pushpull,zmq_tcp,none,none,,1,22418,512,584,1785153458878593000,1785153458878593000,1785153458878593000,1785153458878594000,1785153458878713000,1785153458878715000,1785153458878715000,1785153458878715000,121932490,121652369,-161.121,0.000,0.000,1.000,2.000,0.000,0.000,13.000,0,0,0
B3_zmq_pushpull,zmq_tcp,none,none,,1,22419,512,584,1785153458879590000,1785153458879590000,1785153458879590000,1785153458879591000,1785153458879723000,1785153458879726000,1785153458879726000,1785153458879726000,121932490,121652369,-148.121,0.000,0.000,1.000,3.000,0.000,0.000,13.000,0,0,0
B3_zmq_pushpull,zmq_tcp,none,none,,1,22420,512,584,1785153458880592000,1785153458880592000,1785153458880592000,1785153458880593000,1785153458880709000,1785153458880711000,1785153458880711000,1785153458880711000,121932490,121652369,-164.121,0.000,0.000,1.000,2.000,0.000,0.000,16.000,0,0,0
B3_zmq_pushpull,zmq_tcp,none,none,,1,22421,512,584,1785153458881591000,1785153458881592000,1785153458881592000,1785153458881593000,1785153458881713000,1785153458881715000,1785153458881715000,1785153458881715000,121932490,121652369,-160.121,1.000,0.000,1.000,2.000,0.000,0.000,4.000,0,0,0
B3_zmq_pushpull,zmq_tcp,none,none,,1,22422,512,584,1785153458882592000,1785153458882592000,1785153458882592000,1785153458882593000,1785153458882714000,1785153458882717000,1785153458882717000,1785153458882717000,121932490,121652369,-159.121,0.000,0.000,1.000,3.000,0.000,0.000,1.000,0,0,0
B3_zmq_pushpull,zmq_tcp,none,none,,1,22423,512,584,1785153458883589000,1785153458883589000,1785153458883589000,1785153458883590000,1785153458883736000,1785153458883739000,1785153458883739000,1785153458883739000,121932490,121652369,-134.121,0.000,0.000,1.000,3.000,0.000,0.000,25.000,0,0,0
B3_zmq_pushpull,zmq_tcp,none,none,,1,22424,512,584,1785153458884594000,1785153458884594000,1785153458884594000,1785153458884595000,1785153458884753000,1785153458884755000,1785153458884755000,1785153458884755000,121932490,121652369,-122.121,0.000,0.000,1.000,2.000,0.000,0.000,12.000,0,0,0
B3_zmq_pushpull,zmq_tcp,none,none,,1,22425,512,584,1785153458885592000,1785153458885592000,1785153458885592000,1785153458885593000,1785153458885755000,1785153458885758000,1785153458885758000,1785153458885758000,121932490,121652369,-118.121,0.000,0.000,1.000,3.000,0.000,0.000,4.000,0,0,0
B3_zmq_pushpull,zmq_tcp,none,none,,1,22426,512,584,1785153458886592000,1785153458886592000,1785153458886592000,1785153458886593000,1785153458886750000,1785153458886753000,1785153458886753000,1785153458886753000,121932490,121652369,-123.121,0.000,0.000,1.000,3.000,0.000,0.000,5.000,0,0,0
B3_zmq_pushpull,zmq_tcp,none,none,,1,22427,512,584,1785153458887589000,1785153458887589000,1785153458887589000,1785153458887590000,1785153458887638000,1785153458887642000,1785153458887642000,1785153458887642000,121932490,121652369,-232.121,0.000,0.000,1.000,4.000,0.000,0.000,109.000,0,0,0
B3_zmq_pushpull,zmq_tcp,none,none,,1,22428,512,584,1785153458888491000,1785153458888492000,1785153458888492000,1785153458888493000,1785153458888647000,1785153458888650000,1785153458888650000,1785153458888650000,121932490,121652369,-126.121,1.000,0.000,1.000,3.000,0.000,0.000,106.000,0,0,0
B3_zmq_pushpull,zmq_tcp,none,none,,1,22429,512,584,1785153458889618000,1785153458889618000,1785153458889618000,1785153458889619000,1785153458889786000,1785153458889789000,1785153458889789000,1785153458889789000,121932490,121652369,-113.121,0.000,0.000,1.000,3.000,0.000,0.000,13.000,0,0,0
B3_zmq_pushpull,zmq_tcp,none,none,,1,22430,512,584,1785153458890586000,1785153458890587000,1785153458890587000,1785153458890588000,1785153458890636000,1785153458890639000,1785153458890639000,1785153458890639000,121932490,121652369,-232.121,1.000,0.000,1.000,3.000,0.000,0.000,119.000,0,0,0
B3_zmq_pushpull,zmq_tcp,none,none,,1,22431,512,584,1785153458891593000,1785153458891593000,1785153458891593000,1785153458891594000,1785153458891647000,1785153458891650000,1785153458891650000,1785153458891650000,121932490,121652369,-227.121,0.000,0.000,1.000,3.000,0.000,0.000,5.000,0,0,0
B3_zmq_pushpull,zmq_tcp,none,none,,1,22432,512,584,1785153458892593000,1785153458892593000,1785153458892593000,1785153458892594000,1785153458892657000,1785153458892660000,1785153458892660000,1785153458892660000,121932490,121652369,-217.121,0.000,0.000,1.000,3.000,0.000,0.000,10.000,0,0,0
B3_zmq_pushpull,zmq_tcp,none,none,,1,22433,512,584,1785153458893509000,1785153458893509000,1785153458893509000,1785153458893510000,1785153458893671000,1785153458893674000,1785153458893674000,1785153458893674000,121932490,121652369,-119.121,0.000,0.000,1.000,3.000,0.000,0.000,98.000,0,0,0
B3_zmq_pushpull,zmq_tcp,none,none,,1,22434,512,584,1785153458894609000,1785153458894609000,1785153458894609000,1785153458894611000,1785153458894677000,1785153458894679000,1785153458894680000,1785153458894680000,121932490,121652369,-214.121,0.000,0.000,2.000,2.000,1.000,0.000,95.000,0,0,0
B3_zmq_pushpull,zmq_tcp,none,none,,1,22435,512,584,1785153458895588000,1785153458895588000,1785153458895588000,1785153458895589000,1785153458895659000,1785153458895662000,1785153458895662000,1785153458895662000,121932490,121652369,-210.121,0.000,0.000,1.000,3.000,0.000,0.000,4.000,0,0,0
B3_zmq_pushpull,zmq_tcp,none,none,,1,22436,512,584,1785153458896594000,1785153458896594000,1785153458896594000,1785153458896595000,1785153458896657000,1785153458896661000,1785153458896661000,1785153458896661000,121932490,121652369,-218.121,0.000,0.000,1.000,4.000,0.000,0.000,8.000,0,0,0
B3_zmq_pushpull,zmq_tcp,none,none,,1,22437,512,584,1785153458897590000,1785153458897590000,1785153458897591000,1785153458897591000,1785153458897666000,1785153458897669000,1785153458897669000,1785153458897669000,121932490,121652369,-205.121,0.000,1.000,0.000,3.000,0.000,0.000,13.000,0,0,0
B3_zmq_pushpull,zmq_tcp,none,none,,1,22438,512,584,1785153458898593000,1785153458898593000,1785153458898593000,1785153458898594000,1785153458898673000,1785153458898676000,1785153458898676000,1785153458898676000,121932490,121652369,-201.121,0.000,0.000,1.000,3.000,0.000,0.000,4.000,0,0,0
B3_zmq_pushpull,zmq_tcp,none,none,,1,22439,512,584,1785153458899592000,1785153458899592000,1785153458899592000,1785153458899593000,1785153458899685000,1785153458899687000,1785153458899687000,1785153458899687000,121932490,121652369,-188.121,0.000,0.000,1.000,2.000,0.000,0.000,13.000,0,0,0
B3_zmq_pushpull,zmq_tcp,none,none,,1,22440,512,584,1785153458900592000,1785153458900592000,1785153458900592000,1785153458900593000,1785153458900683000,1785153458900687000,1785153458900687000,1785153458900687000,121932490,121652369,-190.121,0.000,0.000,1.000,4.000,0.000,0.000,2.000,0,0,0
B3_zmq_pushpull,zmq_tcp,none,none,,1,22441,512,584,1785153458901398000,1785153458901399000,1785153458901399000,1785153458901400000,1785153458901542000,1785153458901545000,1785153458901545000,1785153458901545000,121932490,121652369,-138.121,1.000,0.000,1.000,3.000,0.000,0.000,52.000,0,0,0
B3_zmq_pushpull,zmq_tcp,none,none,,1,22442,512,584,1785153458902398000,1785153458902398000,1785153458902398000,1785153458902399000,1785153458902555000,1785153458902558000,1785153458902558000,1785153458902558000,121932490,121652369,-124.121,0.000,0.000,1.000,3.000,0.000,0.000,14.000,0,0,0
B3_zmq_pushpull,zmq_tcp,none,none,,1,22443,512,584,1785153458903641000,1785153458903641000,1785153458903641000,1785153458903642000,1785153458903705000,1785153458903708000,1785153458903708000,1785153458903708000,121932490,121652369,-217.121,0.000,0.000,1.000,3.000,0.000,0.000,93.000,0,0,0
B3_zmq_pushpull,zmq_tcp,none,none,,1,22444,512,584,1785153458904576000,1785153458904576000,1785153458904576000,1785153458904577000,1785153458904722000,1785153458904725000,1785153458904725000,1785153458904725000,121932490,121652369,-135.121,0.000,0.000,1.000,3.000,0.000,0.000,82.000,0,0,0
B3_zmq_pushpull,zmq_tcp,none,none,,1,22445,512,584,1785153458905596000,1785153458905596000,1785153458905596000,1785153458905597000,1785153458905735000,1785153458905739000,1785153458905739000,1785153458905739000,121932490,121652369,-142.121,0.000,0.000,1.000,4.000,0.000,0.000,7.000,0,0,0
B3_zmq_pushpull,zmq_tcp,none,none,,1,22446,512,584,1785153458906449000,1785153458906449000,1785153458906449000,1785153458906450000,1785153458906609000,1785153458906611000,1785153458906611000,1785153458906611000,121932490,121652369,-121.121,0.000,0.000,1.000,2.000,0.000,0.000,21.000,0,0,0
B3_zmq_pushpull,zmq_tcp,none,none,,1,22447,512,584,1785153458907627000,1785153458907627000,1785153458907627000,1785153458907628000,1785153458907754000,1785153458907758000,1785153458907758000,1785153458907758000,121932490,121652369,-154.121,0.000,0.000,1.000,4.000,0.000,0.000,33.000,0,0,0
B3_zmq_pushpull,zmq_tcp,none,none,,1,22448,512,584,1785153458908583000,1785153458908583000,1785153458908583000,1785153458908584000,1785153458908754000,1785153458908757000,1785153458908758000,1785153458908758000,121932490,121652369,-110.121,0.000,0.000,1.000,3.000,1.000,0.000,44.000,0,0,0
B3_zmq_pushpull,zmq_tcp,none,none,,1,22449,512,584,1785153458909457000,1785153458909457000,1785153458909457000,1785153458909458000,1785153458909613000,1785153458909616000,1785153458909616000,1785153458909616000,121932490,121652369,-125.121,0.000,0.000,1.000,3.000,0.000,0.000,15.000,0,0,0
B3_zmq_pushpull,zmq_tcp,none,none,,1,22450,512,584,1785153458910625000,1785153458910625000,1785153458910625000,1785153458910626000,1785153458910758000,1785153458910761000,1785153458910761000,1785153458910761000,121932490,121652369,-148.121,0.000,0.000,1.000,3.000,0.000,0.000,23.000,0,0,0
B3_zmq_pushpull,zmq_tcp,none,none,,1,22451,512,584,1785153458911460000,1785153458911460000,1785153458911460000,1785153458911461000,1785153458911625000,1785153458911628000,1785153458911628000,1785153458911628000,121932490,121652369,-116.121,0.000,0.000,1.000,3.000,0.000,0.000,32.000,0,0,0
B3_zmq_pushpull,zmq_tcp,none,none,,1,22452,512,584,1785153458912456000,1785153458912456000,1785153458912456000,1785153458912457000,1785153458912615000,1785153458912618000,1785153458912618000,1785153458912618000,121932490,121652369,-122.121,0.000,0.000,1.000,3.000,0.000,0.000,6.000,0,0,0
B3_zmq_pushpull,zmq_tcp,none,none,,1,22453,512,584,1785153458913469000,1785153458913469000,1785153458913469000,1785153458913470000,1785153458913618000,1785153458913621000,1785153458913621000,1785153458913621000,121932490,121652369,-132.121,0.000,0.000,1.000,3.000,0.000,0.000,10.000,0,0,0
B3_zmq_pushpull,zmq_tcp,none,none,,1,22454,512,584,1785153458914623000,1785153458914623000,1785153458914623000,1785153458914624000,1785153458914770000,1785153458914773000,1785153458914773000,1785153458914773000,121932490,121652369,-134.121,0.000,0.000,1.000,3.000,0.000,0.000,2.000,0,0,0
B3_zmq_pushpull,zmq_tcp,none,none,,1,22455,512,584,1785153458915581000,1785153458915582000,1785153458915582000,1785153458915583000,1785153458915629000,1785153458915632000,1785153458915632000,1785153458915632000,121932490,121652369,-234.121,1.000,0.000,1.000,3.000,0.000,0.000,100.000,0,0,0
B3_zmq_pushpull,zmq_tcp,none,none,,1,22456,512,584,1785153458916474000,1785153458916474000,1785153458916474000,1785153458916475000,1785153458916630000,1785153458916633000,1785153458916633000,1785153458916633000,121932490,121652369,-125.121,0.000,0.000,1.000,3.000,0.000,0.000,109.000,0,0,0
B3_zmq_pushpull,zmq_tcp,none,none,,1,22457,512,584,1785153458917621000,1785153458917621000,1785153458917621000,1785153458917622000,1785153458917770000,1785153458917773000,1785153458917773000,1785153458917773000,121932490,121652369,-132.121,0.000,0.000,1.000,3.000,0.000,0.000,7.000,0,0,0
B3_zmq_pushpull,zmq_tcp,none,none,,1,22458,512,584,1785153458918586000,1785153458918586000,1785153458918586000,1785153458918587000,1785153458918782000,1785153458918785000,1785153458918785000,1785153458918785000,121932490,121652369,-85.121,0.000,0.000,1.000,3.000,0.000,0.000,47.000,0,0,0
B3_zmq_pushpull,zmq_tcp,none,none,,1,22459,512,584,1785153458919592000,1785153458919592000,1785153458919592000,1785153458919593000,1785153458919787000,1785153458919790000,1785153458919790000,1785153458919790000,121932490,121652369,-86.121,0.000,0.000,1.000,3.000,0.000,0.000,1.000,0,0,0
B3_zmq_pushpull,zmq_tcp,none,none,,1,22460,512,584,1785153458920594000,1785153458920594000,1785153458920594000,1785153458920595000,1785153458920647000,1785153458920651000,1785153458920651000,1785153458920651000,121932490,121652369,-228.121,0.000,0.000,1.000,4.000,0.000,0.000,142.000,0,0,0
B3_zmq_pushpull,zmq_tcp,none,none,,1,22461,512,584,1785153458921593000,1785153458921593000,1785153458921593000,1785153458921594000,1785153458921677000,1785153458921680000,1785153458921680000,1785153458921680000,121932490,121652369,-197.121,0.000,0.000,1.000,3.000,0.000,0.000,31.000,0,0,0
B3_zmq_pushpull,zmq_tcp,none,none,,1,22462,512,584,1785153458922588000,1785153458922588000,1785153458922588000,1785153458922589000,1785153458922678000,1785153458922681000,1785153458922681000,1785153458922681000,121932490,121652369,-191.121,0.000,0.000,1.000,3.000,0.000,0.000,6.000,0,0,0
B3_zmq_pushpull,zmq_tcp,none,none,,1,22463,512,584,1785153458923593000,1785153458923593000,1785153458923594000,1785153458923594000,1785153458923674000,1785153458923677000,1785153458923677000,1785153458923677000,121932490,121652369,-200.121,0.000,1.000,0.000,3.000,0.000,0.000,9.000,0,0,0
B3_zmq_pushpull,zmq_tcp,none,none,,1,22464,512,584,1785153458924503000,1785153458924504000,1785153458924504000,1785153458924505000,1785153458924650000,1785153458924652000,1785153458924652000,1785153458924652000,121932490,121652369,-135.121,1.000,0.000,1.000,2.000,0.000,0.000,65.000,0,0,0
B3_zmq_pushpull,zmq_tcp,none,none,,1,22465,512,584,1785153458925616000,1785153458925617000,1785153458925617000,1785153458925618000,1785153458925801000,1785153458925804000,1785153458925804000,1785153458925804000,121932490,121652369,-97.121,1.000,0.000,1.000,3.000,0.000,0.000,38.000,0,0,0
B3_zmq_pushpull,zmq_tcp,none,none,,1,22466,512,584,1785153458926583000,1785153458926583000,1785153458926584000,1785153458926584000,1785153458926666000,1785153458926669000,1785153458926669000,1785153458926669000,121932490,121652369,-198.121,0.000,1.000,0.000,3.000,0.000,0.000,101.000,0,0,0
B3_zmq_pushpull,zmq_tcp,none,none,,1,22467,512,584,1785153458927595000,1785153458927595000,1785153458927595000,1785153458927596000,1785153458927678000,1785153458927680000,1785153458927680000,1785153458927680000,121932490,121652369,-198.121,0.000,0.000,1.000,2.000,0.000,0.000,0.000,0,0,0
B3_zmq_pushpull,zmq_tcp,none,none,,1,22468,512,584,1785153458928595000,1785153458928595000,1785153458928595000,1785153458928596000,1785153458928682000,1785153458928685000,1785153458928685000,1785153458928685000,121932490,121652369,-194.121,0.000,0.000,1.000,3.000,0.000,0.000,4.000,0,0,0
B3_zmq_pushpull,zmq_tcp,none,none,,1,22469,512,584,1785153458929591000,1785153458929591000,1785153458929591000,1785153458929592000,1785153458929671000,1785153458929673000,1785153458929673000,1785153458929673000,121932490,121652369,-201.121,0.000,0.000,1.000,2.000,0.000,0.000,7.000,0,0,0
B3_zmq_pushpull,zmq_tcp,none,none,,1,22470,512,584,1785153458930589000,1785153458930590000,1785153458930590000,1785153458930591000,1785153458930661000,1785153458930663000,1785153458930664000,1785153458930664000,121932490,121652369,-210.121,1.000,0.000,1.000,2.000,1.000,0.000,9.000,0,0,0
B3_zmq_pushpull,zmq_tcp,none,none,,1,22471,512,584,1785153458931594000,1785153458931594000,1785153458931594000,1785153458931595000,1785153458931650000,1785153458931653000,1785153458931653000,1785153458931653000,121932490,121652369,-225.121,0.000,0.000,1.000,3.000,0.000,0.000,15.000,0,0,0
B3_zmq_pushpull,zmq_tcp,none,none,,1,22472,512,584,1785153458932597000,1785153458932598000,1785153458932598000,1785153458932599000,1785153458932676000,1785153458932678000,1785153458932678000,1785153458932678000,121932490,121652369,-203.121,1.000,0.000,1.000,2.000,0.000,0.000,22.000,0,0,0
B3_zmq_pushpull,zmq_tcp,none,none,,1,22473,512,584,1785153458933591000,1785153458933591000,1785153458933591000,1785153458933592000,1785153458933678000,1785153458933681000,1785153458933681000,1785153458933681000,121932490,121652369,-194.121,0.000,0.000,1.000,3.000,0.000,0.000,9.000,0,0,0
B3_zmq_pushpull,zmq_tcp,none,none,,1,22474,512,584,1785153458934595000,1785153458934595000,1785153458934595000,1785153458934596000,1785153458934694000,1785153458934697000,1785153458934697000,1785153458934697000,121932490,121652369,-182.121,0.000,0.000,1.000,3.000,0.000,0.000,12.000,0,0,0
B3_zmq_pushpull,zmq_tcp,none,none,,1,22475,512,584,1785153458935593000,1785153458935593000,1785153458935593000,1785153458935594000,1785153458935700000,1785153458935703000,1785153458935703000,1785153458935703000,121932490,121652369,-174.121,0.000,0.000,1.000,3.000,0.000,0.000,8.000,0,0,0
B3_zmq_pushpull,zmq_tcp,none,none,,1,22476,512,584,1785153458936592000,1785153458936592000,1785153458936592000,1785153458936593000,1785153458936700000,1785153458936702000,1785153458936702000,1785153458936702000,121932490,121652369,-173.121,0.000,0.000,1.000,2.000,0.000,0.000,1.000,0,0,0
B3_zmq_pushpull,zmq_tcp,none,none,,1,22477,512,584,1785153458937589000,1785153458937589000,1785153458937589000,1785153458937590000,1785153458937689000,1785153458937691000,1785153458937691000,1785153458937691000,121932490,121652369,-181.121,0.000,0.000,1.000,2.000,0.000,0.000,8.000,0,0,0
B3_zmq_pushpull,zmq_tcp,none,none,,1,22478,512,584,1785153458938593000,1785153458938593000,1785153458938593000,1785153458938594000,1785153458938703000,1785153458938706000,1785153458938706000,1785153458938706000,121932490,121652369,-171.121,0.000,0.000,1.000,3.000,0.000,0.000,10.000,0,0,0
B3_zmq_pushpull,zmq_tcp,none,none,,1,22479,512,584,1785153458939592000,1785153458939592000,1785153458939592000,1785153458939593000,1785153458939717000,1785153458939719000,1785153458939720000,1785153458939720000,121932490,121652369,-156.121,0.000,0.000,1.000,2.000,1.000,0.000,15.000,0,0,0
B3_zmq_pushpull,zmq_tcp,none,none,,1,22480,512,584,1785153458940593000,1785153458940594000,1785153458940594000,1785153458940595000,1785153458940726000,1785153458940729000,1785153458940729000,1785153458940729000,121932490,121652369,-149.121,1.000,0.000,1.000,3.000,0.000,0.000,7.000,0,0,0
B3_zmq_pushpull,zmq_tcp,none,none,,1,22481,512,584,1785153458941590000,1785153458941590000,1785153458941590000,1785153458941591000,1785153458941740000,1785153458941742000,1785153458941742000,1785153458941742000,121932490,121652369,-131.121,0.000,0.000,1.000,2.000,0.000,0.000,18.000,0,0,0
B3_zmq_pushpull,zmq_tcp,none,none,,1,22482,512,584,1785153458942592000,1785153458942592000,1785153458942592000,1785153458942593000,1785153458942737000,1785153458942740000,1785153458942740000,1785153458942740000,121932490,121652369,-136.121,0.000,0.000,1.000,3.000,0.000,0.000,5.000,0,0,0
B3_zmq_pushpull,zmq_tcp,none,none,,1,22483,512,584,1785153458943592000,1785153458943592000,1785153458943592000,1785153458943593000,1785153458943725000,1785153458943728000,1785153458943728000,1785153458943728000,121932490,121652369,-148.121,0.000,0.000,1.000,3.000,0.000,0.000,12.000,0,0,0
B3_zmq_pushpull,zmq_tcp,none,none,,1,22484,512,584,1785153458944592000,1785153458944592000,1785153458944592000,1785153458944593000,1785153458944725000,1785153458944728000,1785153458944728000,1785153458944728000,121932490,121652369,-148.121,0.000,0.000,1.000,3.000,0.000,0.000,0.000,0,0,0
B3_zmq_pushpull,zmq_tcp,none,none,,1,22485,512,584,1785153458945435000,1785153458945435000,1785153458945435000,1785153458945436000,1785153458945584000,1785153458945587000,1785153458945587000,1785153458945587000,121932490,121652369,-132.121,0.000,0.000,1.000,3.000,0.000,0.000,16.000,0,0,0
B3_zmq_pushpull,zmq_tcp,none,none,,1,22486,512,584,1785153458946632000,1785153458946632000,1785153458946632000,1785153458946633000,1785153458946742000,1785153458946745000,1785153458946745000,1785153458946745000,121932490,121652369,-171.121,0.000,0.000,1.000,3.000,0.000,0.000,39.000,0,0,0
B3_zmq_pushpull,zmq_tcp,none,none,,1,22487,512,584,1785153458947583000,1785153458947583000,1785153458947583000,1785153458947584000,1785153458947760000,1785153458947762000,1785153458947762000,1785153458947762000,121932490,121652369,-104.121,0.000,0.000,1.000,2.000,0.000,0.000,67.000,0,0,0
B3_zmq_pushpull,zmq_tcp,none,none,,1,22488,512,584,1785153458948595000,1785153458948595000,1785153458948595000,1785153458948596000,1785153458948766000,1785153458948769000,1785153458948769000,1785153458948770000,121932490,121652369,-110.121,0.000,0.000,1.000,3.000,0.000,1.000,6.000,0,0,0
B3_zmq_pushpull,zmq_tcp,none,none,,1,22489,512,584,1785153458949483000,1785153458949483000,1785153458949483000,1785153458949484000,1785153458949638000,1785153458949641000,1785153458949641000,1785153458949641000,121932490,121652369,-126.121,0.000,0.000,1.000,3.000,0.000,0.000,16.000,0,0,0
B3_zmq_pushpull,zmq_tcp,none,none,,1,22490,512,584,1785153458950620000,1785153458950620000,1785153458950620000,1785153458950621000,1785153458950772000,1785153458950775000,1785153458950775000,1785153458950775000,121932490,121652369,-129.121,0.000,0.000,1.000,3.000,0.000,0.000,3.000,0,0,0
B3_zmq_pushpull,zmq_tcp,none,none,,1,22491,512,584,1785153458951470000,1785153458951470000,1785153458951470000,1785153458951471000,1785153458951625000,1785153458951628000,1785153458951628000,1785153458951628000,121932490,121652369,-126.121,0.000,0.000,1.000,3.000,0.000,0.000,3.000,0,0,0
B3_zmq_pushpull,zmq_tcp,none,none,,1,22492,512,584,1785153458952626000,1785153458952626000,1785153458952626000,1785153458952627000,1785153458952773000,1785153458952776000,1785153458952776000,1785153458952776000,121932490,121652369,-134.121,0.000,0.000,1.000,3.000,0.000,0.000,8.000,0,0,0
B3_zmq_pushpull,zmq_tcp,none,none,,1,22493,512,584,1785153458953581000,1785153458953581000,1785153458953581000,1785153458953582000,1785153458953770000,1785153458953774000,1785153458953774000,1785153458953774000,121932490,121652369,-92.121,0.000,0.000,1.000,4.000,0.000,0.000,42.000,0,0,0
B3_zmq_pushpull,zmq_tcp,none,none,,1,22494,512,584,1785153458954485000,1785153458954486000,1785153458954486000,1785153458954487000,1785153458954641000,1785153458954644000,1785153458954644000,1785153458954644000,121932490,121652369,-126.121,1.000,0.000,1.000,3.000,0.000,0.000,34.000,0,0,0
B3_zmq_pushpull,zmq_tcp,none,none,,1,22495,512,584,1785153458955622000,1785153458955622000,1785153458955622000,1785153458955624000,1785153458955798000,1785153458955802000,1785153458955802000,1785153458955802000,121932490,121652369,-106.121,0.000,0.000,2.000,4.000,0.000,0.000,20.000,0,0,0
B3_zmq_pushpull,zmq_tcp,none,none,,1,22496,512,584,1785153458956585000,1785153458956585000,1785153458956585000,1785153458956586000,1785153458956651000,1785153458956654000,1785153458956654000,1785153458956654000,121932490,121652369,-215.121,0.000,0.000,1.000,3.000,0.000,0.000,109.000,0,0,0
B3_zmq_pushpull,zmq_tcp,none,none,,1,22497,512,584,1785153458957591000,1785153458957591000,1785153458957591000,1785153458957592000,1785153458957653000,1785153458957655000,1785153458957655000,1785153458957655000,121932490,121652369,-219.121,0.000,0.000,1.000,2.000,0.000,0.000,4.000,0,0,0
B3_zmq_pushpull,zmq_tcp,none,none,,1,22498,512,584,1785153458958592000,1785153458958592000,1785153458958592000,1785153458958593000,1785153458958646000,1785153458958649000,1785153458958649000,1785153458958649000,121932490,121652369,-227.121,0.000,0.000,1.000,3.000,0.000,0.000,8.000,0,0,0
B3_zmq_pushpull,zmq_tcp,none,none,,1,22499,512,584,1785153458959597000,1785153458959597000,1785153458959597000,1785153458959598000,1785153458959663000,1785153458959670000,1785153458959670000,1785153458959670000,121932490,121652369,-215.121,0.000,0.000,1.000,7.000,0.000,0.000,12.000,0,0,0
B3_zmq_pushpull,zmq_tcp,none,none,,1,22500,512,584,1785153458960588000,1785153458960588000,1785153458960588000,1785153458960589000,1785153458960665000,1785153458960668000,1785153458960668000,1785153458960668000,121932490,121652369,-204.121,0.000,0.000,1.000,3.000,0.000,0.000,11.000,0,0,0
B3_zmq_pushpull,zmq_tcp,none,none,,1,22501,512,584,1785153458961594000,1785153458961594000,1785153458961594000,1785153458961595000,1785153458961675000,1785153458961678000,1785153458961678000,1785153458961678000,121932490,121652369,-200.121,0.000,0.000,1.000,3.000,0.000,0.000,4.000,0,0,0
B3_zmq_pushpull,zmq_tcp,none,none,,1,22502,512,584,1785153458962592000,1785153458962592000,1785153458962592000,1785153458962593000,1785153458962666000,1785153458962669000,1785153458962669000,1785153458962669000,121932490,121652369,-207.121,0.000,0.000,1.000,3.000,0.000,0.000,7.000,0,0,0
B3_zmq_pushpull,zmq_tcp,none,none,,1,22503,512,584,1785153458963593000,1785153458963593000,1785153458963593000,1785153458963594000,1785153458963664000,1785153458963666000,1785153458963666000,1785153458963666000,121932490,121652369,-210.121,0.000,0.000,1.000,2.000,0.000,0.000,3.000,0,0,0
B3_zmq_pushpull,zmq_tcp,none,none,,1,22504,512,584,1785153458964588000,1785153458964589000,1785153458964589000,1785153458964590000,1785153458964661000,1785153458964664000,1785153458964664000,1785153458964664000,121932490,121652369,-209.121,1.000,0.000,1.000,3.000,0.000,0.000,1.000,0,0,0
B3_zmq_pushpull,zmq_tcp,none,none,,1,22505,512,584,1785153458965594000,1785153458965594000,1785153458965594000,1785153458965595000,1785153458965666000,1785153458965669000,1785153458965669000,1785153458965669000,121932490,121652369,-209.121,0.000,0.000,1.000,3.000,0.000,0.000,0.000,0,0,0
B3_zmq_pushpull,zmq_tcp,none,none,,1,22506,512,584,1785153458966593000,1785153458966593000,1785153458966593000,1785153458966594000,1785153458966679000,1785153458966682000,1785153458966682000,1785153458966682000,121932490,121652369,-195.121,0.000,0.000,1.000,3.000,0.000,0.000,14.000,0,0,0
B3_zmq_pushpull,zmq_tcp,none,none,,1,22507,512,584,1785153458967593000,1785153458967594000,1785153458967594000,1785153458967595000,1785153458967694000,1785153458967697000,1785153458967697000,1785153458967697000,121932490,121652369,-181.121,1.000,0.000,1.000,3.000,0.000,0.000,14.000,0,0,0
B3_zmq_pushpull,zmq_tcp,none,none,,1,22508,512,584,1785153458968589000,1785153458968590000,1785153458968590000,1785153458968591000,1785153458968708000,1785153458968710000,1785153458968710000,1785153458968710000,121932490,121652369,-163.121,1.000,0.000,1.000,2.000,0.000,0.000,18.000,0,0,0
B3_zmq_pushpull,zmq_tcp,none,none,,1,22509,512,584,1785153458969593000,1785153458969593000,1785153458969594000,1785153458969594000,1785153458969719000,1785153458969723000,1785153458969723000,1785153458969723000,121932490,121652369,-155.121,0.000,1.000,0.000,4.000,0.000,0.000,8.000,0,0,0
B3_zmq_pushpull,zmq_tcp,none,none,,1,22510,512,584,1785153458970593000,1785153458970593000,1785153458970593000,1785153458970594000,1785153458970722000,1785153458970728000,1785153458970728000,1785153458970728000,121932490,121652369,-152.121,0.000,0.000,1.000,6.000,0.000,0.000,3.000,0,0,0
B3_zmq_pushpull,zmq_tcp,none,none,,1,22511,512,584,1785153458971592000,1785153458971592000,1785153458971592000,1785153458971593000,1785153458971720000,1785153458971722000,1785153458971722000,1785153458971722000,121932490,121652369,-153.121,0.000,0.000,1.000,2.000,0.000,0.000,1.000,0,0,0
B3_zmq_pushpull,zmq_tcp,none,none,,1,22512,512,584,1785153458972589000,1785153458972590000,1785153458972590000,1785153458972591000,1785153458972718000,1785153458972721000,1785153458972721000,1785153458972721000,121932490,121652369,-153.121,1.000,0.000,1.000,3.000,0.000,0.000,0.000,0,0,0
B3_zmq_pushpull,zmq_tcp,none,none,,1,22513,512,584,1785153458973593000,1785153458973593000,1785153458973593000,1785153458973594000,1785153458973704000,1785153458973707000,1785153458973707000,1785153458973707000,121932490,121652369,-170.121,0.000,0.000,1.000,3.000,0.000,0.000,17.000,0,0,0
B3_zmq_pushpull,zmq_tcp,none,none,,1,22514,512,584,1785153458974592000,1785153458974592000,1785153458974592000,1785153458974593000,1785153458974694000,1785153458974696000,1785153458974696000,1785153458974696000,121932490,121652369,-179.121,0.000,0.000,1.000,2.000,0.000,0.000,9.000,0,0,0
B3_zmq_pushpull,zmq_tcp,none,none,,1,22515,512,584,1785153458975598000,1785153458975598000,1785153458975598000,1785153458975599000,1785153458975690000,1785153458975693000,1785153458975693000,1785153458975693000,121932490,121652369,-189.121,0.000,0.000,1.000,3.000,0.000,0.000,10.000,0,0,0
B3_zmq_pushpull,zmq_tcp,none,none,,1,22516,512,584,1785153458976589000,1785153458976589000,1785153458976590000,1785153458976590000,1785153458976692000,1785153458976696000,1785153458976696000,1785153458976696000,121932490,121652369,-178.121,0.000,1.000,0.000,4.000,0.000,0.000,11.000,0,0,0
B3_zmq_pushpull,zmq_tcp,none,none,,1,22517,512,584,1785153458977400000,1785153458977400000,1785153458977400000,1785153458977401000,1785153458977559000,1785153458977562000,1785153458977562000,1785153458977562000,121932490,121652369,-122.121,0.000,0.000,1.000,3.000,0.000,0.000,56.000,0,0,0
B3_zmq_pushpull,zmq_tcp,none,none,,1,22518,512,584,1785153458978641000,1785153458978641000,1785153458978641000,1785153458978642000,1785153458978693000,1785153458978697000,1785153458978697000,1785153458978697000,121932490,121652369,-229.121,0.000,0.000,1.000,4.000,0.000,0.000,107.000,0,0,0
B3_zmq_pushpull,zmq_tcp,none,none,,1,22519,512,584,1785153458979576000,1785153458979576000,1785153458979576000,1785153458979577000,1785153458979690000,1785153458979693000,1785153458979693000,1785153458979693000,121932490,121652369,-167.121,0.000,0.000,1.000,3.000,0.000,0.000,62.000,0,0,0
B3_zmq_pushpull,zmq_tcp,none,none,,1,22520,512,584,1785153458980596000,1785153458980596000,1785153458980596000,1785153458980597000,1785153458980696000,1785153458980698000,1785153458980699000,1785153458980699000,121932490,121652369,-181.121,0.000,0.000,1.000,2.000,1.000,0.000,14.000,0,0,0
B3_zmq_pushpull,zmq_tcp,none,none,,1,22521,512,584,1785153458981591000,1785153458981591000,1785153458981591000,1785153458981592000,1785153458981707000,1785153458981709000,1785153458981709000,1785153458981709000,121932490,121652369,-165.121,0.000,0.000,1.000,2.000,0.000,0.000,16.000,0,0,0
B3_zmq_pushpull,zmq_tcp,none,none,,1,22522,512,584,1785153458982593000,1785153458982593000,1785153458982593000,1785153458982594000,1785153458982719000,1785153458982721000,1785153458982721000,1785153458982721000,121932490,121652369,-155.121,0.000,0.000,1.000,2.000,0.000,0.000,10.000,0,0,0
B3_zmq_pushpull,zmq_tcp,none,none,,1,22523,512,584,1785153458983589000,1785153458983590000,1785153458983590000,1785153458983591000,1785153458983724000,1785153458983726000,1785153458983727000,1785153458983727000,121932490,121652369,-147.121,1.000,0.000,1.000,2.000,1.000,0.000,8.000,0,0,0
B3_zmq_pushpull,zmq_tcp,none,none,,1,22524,512,584,1785153458984593000,1785153458984593000,1785153458984593000,1785153458984594000,1785153458984732000,1785153458984734000,1785153458984734000,1785153458984734000,121932490,121652369,-142.121,0.000,0.000,1.000,2.000,0.000,0.000,5.000,0,0,0
B3_zmq_pushpull,zmq_tcp,none,none,,1,22525,512,584,1785153458985592000,1785153458985592000,1785153458985592000,1785153458985593000,1785153458985724000,1785153458985727000,1785153458985727000,1785153458985727000,121932490,121652369,-149.121,0.000,0.000,1.000,3.000,0.000,0.000,7.000,0,0,0
B3_zmq_pushpull,zmq_tcp,none,none,,1,22526,512,584,1785153458986592000,1785153458986592000,1785153458986592000,1785153458986593000,1785153458986718000,1785153458986721000,1785153458986721000,1785153458986721000,121932490,121652369,-155.121,0.000,0.000,1.000,3.000,0.000,0.000,6.000,0,0,0
B3_zmq_pushpull,zmq_tcp,none,none,,1,22527,512,584,1785153458987590000,1785153458987590000,1785153458987590000,1785153458987591000,1785153458987741000,1785153458987743000,1785153458987743000,1785153458987743000,121932490,121652369,-130.121,0.000,0.000,1.000,2.000,0.000,0.000,25.000,0,0,0
B3_zmq_pushpull,zmq_tcp,none,none,,1,22528,512,584,1785153458988594000,1785153458988595000,1785153458988595000,1785153458988596000,1785153458988760000,1785153458988763000,1785153458988763000,1785153458988763000,121932490,121652369,-116.121,1.000,0.000,1.000,3.000,0.000,0.000,14.000,0,0,0
B3_zmq_pushpull,zmq_tcp,none,none,,1,22529,512,584,1785153458989592000,1785153458989592000,1785153458989593000,1785153458989593000,1785153458989771000,1785153458989773000,1785153458989773000,1785153458989773000,121932490,121652369,-102.121,0.000,1.000,0.000,2.000,0.000,0.000,14.000,0,0,0
B3_zmq_pushpull,zmq_tcp,none,none,,1,22530,512,584,1785153458990482000,1785153458990482000,1785153458990482000,1785153458990483000,1785153458990639000,1785153458990642000,1785153458990642000,1785153458990642000,121932490,121652369,-124.121,0.000,0.000,1.000,3.000,0.000,0.000,22.000,0,0,0
B3_zmq_pushpull,zmq_tcp,none,none,,1,22531,512,584,1785153458991468000,1785153458991468000,1785153458991468000,1785153458991469000,1785153458991624000,1785153458991626000,1785153458991627000,1785153458991627000,121932490,121652369,-125.121,0.000,0.000,1.000,2.000,1.000,0.000,1.000,0,0,0
B3_zmq_pushpull,zmq_tcp,none,none,,1,22532,512,584,1785153458992622000,1785153458992622000,1785153458992622000,1785153458992623000,1785153458992765000,1785153458992768000,1785153458992768000,1785153458992768000,121932490,121652369,-138.121,0.000,0.000,1.000,3.000,0.000,0.000,13.000,0,0,0
B3_zmq_pushpull,zmq_tcp,none,none,,1,22533,512,584,1785153458993582000,1785153458993582000,1785153458993582000,1785153458993583000,1785153458993763000,1785153458993765000,1785153458993765000,1785153458993765000,121932490,121652369,-100.121,0.000,0.000,1.000,2.000,0.000,0.000,38.000,0,0,0
B3_zmq_pushpull,zmq_tcp,none,none,,1,22534,512,584,1785153458994475000,1785153458994475000,1785153458994475000,1785153458994476000,1785153458994628000,1785153458994630000,1785153458994630000,1785153458994630000,121932490,121652369,-128.121,0.000,0.000,1.000,2.000,0.000,0.000,28.000,0,0,0
B3_zmq_pushpull,zmq_tcp,none,none,,1,22535,512,584,1785153458995622000,1785153458995622000,1785153458995622000,1785153458995623000,1785153458995785000,1785153458995788000,1785153458995788000,1785153458995788000,121932490,121652369,-118.121,0.000,0.000,1.000,3.000,0.000,0.000,10.000,0,0,0
B3_zmq_pushpull,zmq_tcp,none,none,,1,22536,512,584,1785153458996501000,1785153458996501000,1785153458996501000,1785153458996502000,1785153458996661000,1785153458996664000,1785153458996664000,1785153458996664000,121932490,121652369,-121.121,0.000,0.000,1.000,3.000,0.000,0.000,3.000,0,0,0
B3_zmq_pushpull,zmq_tcp,none,none,,1,22537,512,584,1785153458997507000,1785153458997507000,1785153458997507000,1785153458997508000,1785153458997667000,1785153458997669000,1785153458997669000,1785153458997669000,121932490,121652369,-121.121,0.000,0.000,1.000,2.000,0.000,0.000,0.000,0,0,0
B3_zmq_pushpull,zmq_tcp,none,none,,1,22538,512,584,1785153458998614000,1785153458998615000,1785153458998615000,1785153458998616000,1785153458998665000,1785153458998668000,1785153458998668000,1785153458998668000,121932490,121652369,-231.121,1.000,0.000,1.000,3.000,0.000,0.000,110.000,0,0,0
B3_zmq_pushpull,zmq_tcp,none,none,,1,22539,512,584,1785153458999587000,1785153458999587000,1785153458999587000,1785153458999588000,1785153458999653000,1785153458999656000,1785153458999656000,1785153458999656000,121932490,121652369,-215.121,0.000,0.000,1.000,3.000,0.000,0.000,16.000,0,0,0
B3_zmq_pushpull,zmq_tcp,none,none,,1,22540,512,584,1785153459000591000,1785153459000591000,1785153459000591000,1785153459000593000,1785153459000659000,1785153459000661000,1785153459000661000,1785153459000661000,121932490,121652369,-214.121,0.000,0.000,2.000,2.000,0.000,0.000,1.000,0,0,0
B3_zmq_pushpull,zmq_tcp,none,none,,1,22541,512,584,1785153459001592000,1785153459001593000,1785153459001593000,1785153459001594000,1785153459001664000,1785153459001667000,1785153459001667000,1785153459001667000,121932490,121652369,-210.121,1.000,0.000,1.000,3.000,0.000,0.000,4.000,0,0,0
B3_zmq_pushpull,zmq_tcp,none,none,,1,22542,512,584,1785153459002593000,1785153459002593000,1785153459002593000,1785153459002594000,1785153459002677000,1785153459002680000,1785153459002680000,1785153459002680000,121932490,121652369,-197.121,0.000,0.000,1.000,3.000,0.000,0.000,13.000,0,0,0
B3_zmq_pushpull,zmq_tcp,none,none,,1,22543,512,584,1785153459003588000,1785153459003588000,1785153459003588000,1785153459003589000,1785153459003685000,1785153459003689000,1785153459003689000,1785153459003689000,121932490,121652369,-184.121,0.000,0.000,1.000,4.000,0.000,0.000,13.000,0,0,0
B3_zmq_pushpull,zmq_tcp,none,none,,1,22544,512,584,1785153459004593000,1785153459004593000,1785153459004593000,1785153459004594000,1785153459004697000,1785153459004701000,1785153459004701000,1785153459004701000,121932490,121652369,-177.121,0.000,0.000,1.000,4.000,0.000,0.000,7.000,0,0,0
B3_zmq_pushpull,zmq_tcp,none,none,,1,22545,512,584,1785153459005402000,1785153459005402000,1785153459005402000,1785153459005403000,1785153459005547000,1785153459005550000,1785153459005550000,1785153459005550000,121932490,121652369,-136.121,0.000,0.000,1.000,3.000,0.000,0.000,41.000,0,0,0
B3_zmq_pushpull,zmq_tcp,none,none,,1,22546,512,584,1785153459006641000,1785153459006641000,1785153459006641000,1785153459006642000,1785153459006695000,1785153459006699000,1785153459006699000,1785153459006699000,121932490,121652369,-227.121,0.000,0.000,1.000,4.000,0.000,0.000,91.000,0,0,0
B3_zmq_pushpull,zmq_tcp,none,none,,1,22547,512,584,1785153459007578000,1785153459007578000,1785153459007578000,1785153459007579000,1785153459007701000,1785153459007704000,1785153459007704000,1785153459007704000,121932490,121652369,-158.121,0.000,0.000,1.000,3.000,0.000,0.000,69.000,0,0,0
B3_zmq_pushpull,zmq_tcp,none,none,,1,22548,512,584,1785153459008598000,1785153459008598000,1785153459008598000,1785153459008599000,1785153459008717000,1785153459008720000,1785153459008720000,1785153459008720000,121932490,121652369,-162.121,0.000,0.000,1.000,3.000,0.000,0.000,4.000,0,0,0
B3_zmq_pushpull,zmq_tcp,none,none,,1,22549,512,584,1785153459009591000,1785153459009591000,1785153459009591000,1785153459009592000,1785153459009729000,1785153459009732000,1785153459009732000,1785153459009732000,121932490,121652369,-143.121,0.000,0.000,1.000,3.000,0.000,0.000,19.000,0,0,0
B3_zmq_pushpull,zmq_tcp,none,none,,1,22550,512,584,1785153459010595000,1785153459010595000,1785153459010595000,1785153459010596000,1785153459010739000,1785153459010741000,1785153459010741000,1785153459010741000,121932490,121652369,-137.121,0.000,0.000,1.000,2.000,0.000,0.000,6.000,0,0,0
B3_zmq_pushpull,zmq_tcp,none,none,,1,22551,512,584,1785153459011596000,1785153459011596000,1785153459011596000,1785153459011597000,1785153459011757000,1785153459011760000,1785153459011760000,1785153459011760000,121932490,121652369,-120.121,0.000,0.000,1.000,3.000,0.000,0.000,17.000,0,0,0
B3_zmq_pushpull,zmq_tcp,none,none,,1,22552,512,584,1785153459012591000,1785153459012591000,1785153459012592000,1785153459012592000,1785153459012749000,1785153459012752000,1785153459012752000,1785153459012752000,121932490,121652369,-123.121,0.000,1.000,0.000,3.000,0.000,0.000,3.000,0,0,0
B3_zmq_pushpull,zmq_tcp,none,none,,1,22553,512,584,1785153459013592000,1785153459013593000,1785153459013593000,1785153459013594000,1785153459013739000,1785153459013741000,1785153459013741000,1785153459013741000,121932490,121652369,-135.121,1.000,0.000,1.000,2.000,0.000,0.000,12.000,0,0,0
B3_zmq_pushpull,zmq_tcp,none,none,,1,22554,512,584,1785153459014593000,1785153459014593000,1785153459014593000,1785153459014594000,1785153459014737000,1785153459014740000,1785153459014740000,1785153459014740000,121932490,121652369,-137.121,0.000,0.000,1.000,3.000,0.000,0.000,2.000,0,0,0
B3_zmq_pushpull,zmq_tcp,none,none,,1,22555,512,584,1785153459015590000,1785153459015590000,1785153459015590000,1785153459015591000,1785153459015757000,1785153459015766000,1785153459015766000,1785153459015766000,121932490,121652369,-114.121,0.000,0.000,1.000,9.000,0.000,0.000,23.000,0,0,0
B3_zmq_pushpull,zmq_tcp,none,none,,1,22556,512,584,1785153459016595000,1785153459016596000,1785153459016596000,1785153459016597000,1785153459016773000,1785153459016776000,1785153459016777000,1785153459016777000,121932490,121652369,-104.121,1.000,0.000,1.000,3.000,1.000,0.000,10.000,0,0,0
B3_zmq_pushpull,zmq_tcp,none,none,,1,22557,512,584,1785153459017592000,1785153459017592000,1785153459017592000,1785153459017593000,1785153459017638000,1785153459017641000,1785153459017641000,1785153459017641000,121932490,121652369,-235.121,0.000,0.000,1.000,3.000,0.000,0.000,131.000,0,0,0
B3_zmq_pushpull,zmq_tcp,none,none,,1,22558,512,584,1785153459018594000,1785153459018594000,1785153459018594000,1785153459018595000,1785153459018657000,1785153459018660000,1785153459018660000,1785153459018660000,121932490,121652369,-218.121,0.000,0.000,1.000,3.000,0.000,0.000,17.000,0,0,0
B3_zmq_pushpull,zmq_tcp,none,none,,1,22559,512,584,1785153459019591000,1785153459019591000,1785153459019591000,1785153459019593000,1785153459019659000,1785153459019662000,1785153459019662000,1785153459019662000,121932490,121652369,-214.121,0.000,0.000,2.000,3.000,0.000,0.000,4.000,0,0,0
B3_zmq_pushpull,zmq_tcp,none,none,,1,22560,512,584,1785153459020593000,1785153459020593000,1785153459020593000,1785153459020594000,1785153459020664000,1785153459020667000,1785153459020667000,1785153459020667000,121932490,121652369,-210.121,0.000,0.000,1.000,3.000,0.000,0.000,4.000,0,0,0
B3_zmq_pushpull,zmq_tcp,none,none,,1,22561,512,584,1785153459021593000,1785153459021593000,1785153459021593000,1785153459021594000,1785153459021668000,1785153459021671000,1785153459021671000,1785153459021671000,121932490,121652369,-206.121,0.000,0.000,1.000,3.000,0.000,0.000,4.000,0,0,0
B3_zmq_pushpull,zmq_tcp,none,none,,1,22562,512,584,1785153459022592000,1785153459022592000,1785153459022592000,1785153459022593000,1785153459022669000,1785153459022672000,1785153459022672000,1785153459022672000,121932490,121652369,-204.121,0.000,0.000,1.000,3.000,0.000,0.000,2.000,0,0,0
B3_zmq_pushpull,zmq_tcp,none,none,,1,22563,512,584,1785153459023590000,1785153459023590000,1785153459023590000,1785153459023591000,1785153459023679000,1785153459023681000,1785153459023681000,1785153459023681000,121932490,121652369,-192.121,0.000,0.000,1.000,2.000,0.000,0.000,12.000,0,0,0
B3_zmq_pushpull,zmq_tcp,none,none,,1,22564,512,584,1785153459024595000,1785153459024595000,1785153459024595000,1785153459024596000,1785153459024695000,1785153459024697000,1785153459024697000,1785153459024697000,121932490,121652369,-181.121,0.000,0.000,1.000,2.000,0.000,0.000,11.000,0,0,0
B3_zmq_pushpull,zmq_tcp,none,none,,1,22565,512,584,1785153459025592000,1785153459025592000,1785153459025592000,1785153459025593000,1785153459025697000,1785153459025700000,1785153459025700000,1785153459025700000,121932490,121652369,-176.121,0.000,0.000,1.000,3.000,0.000,0.000,5.000,0,0,0
B3_zmq_pushpull,zmq_tcp,none,none,,1,22566,512,584,1785153459026592000,1785153459026592000,1785153459026592000,1785153459026593000,1785153459026680000,1785153459026683000,1785153459026683000,1785153459026683000,121932490,121652369,-193.121,0.000,0.000,1.000,3.000,0.000,0.000,17.000,0,0,0
B3_zmq_pushpull,zmq_tcp,none,none,,1,22567,512,584,1785153459027590000,1785153459027590000,1785153459027590000,1785153459027591000,1785153459027676000,1785153459027679000,1785153459027679000,1785153459027679000,121932490,121652369,-195.121,0.000,0.000,1.000,3.000,0.000,0.000,2.000,0,0,0
B3_zmq_pushpull,zmq_tcp,none,none,,1,22568,512,584,1785153459028594000,1785153459028594000,1785153459028594000,1785153459028595000,1785153459028665000,1785153459028668000,1785153459028668000,1785153459028668000,121932490,121652369,-210.121,0.000,0.000,1.000,3.000,0.000,0.000,15.000,0,0,0
B3_zmq_pushpull,zmq_tcp,none,none,,1,22569,512,584,1785153459029593000,1785153459029593000,1785153459029593000,1785153459029594000,1785153459029672000,1785153459029675000,1785153459029675000,1785153459029675000,121932490,121652369,-202.121,0.000,0.000,1.000,3.000,0.000,0.000,8.000,0,0,0
B3_zmq_pushpull,zmq_tcp,none,none,,1,22570,512,584,1785153459030593000,1785153459030593000,1785153459030593000,1785153459030594000,1785153459030671000,1785153459030673000,1785153459030673000,1785153459030673000,121932490,121652369,-203.121,0.000,0.000,1.000,2.000,0.000,0.000,1.000,0,0,0
B3_zmq_pushpull,zmq_tcp,none,none,,1,22571,512,584,1785153459031592000,1785153459031592000,1785153459031592000,1785153459031593000,1785153459031689000,1785153459031692000,1785153459031692000,1785153459031692000,121932490,121652369,-184.121,0.000,0.000,1.000,3.000,0.000,0.000,19.000,0,0,0
B3_zmq_pushpull,zmq_tcp,none,none,,1,22572,512,584,1785153459032595000,1785153459032595000,1785153459032595000,1785153459032596000,1785153459032705000,1785153459032708000,1785153459032708000,1785153459032708000,121932490,121652369,-171.121,0.000,0.000,1.000,3.000,0.000,0.000,13.000,0,0,0
B3_zmq_pushpull,zmq_tcp,none,none,,1,22573,512,584,1785153459033591000,1785153459033591000,1785153459033591000,1785153459033592000,1785153459033700000,1785153459033703000,1785153459033703000,1785153459033703000,121932490,121652369,-172.121,0.000,0.000,1.000,3.000,0.000,0.000,1.000,0,0,0
B3_zmq_pushpull,zmq_tcp,none,none,,1,22574,512,584,1785153459034592000,1785153459034592000,1785153459034592000,1785153459034593000,1785153459034700000,1785153459034703000,1785153459034703000,1785153459034703000,121932490,121652369,-173.121,0.000,0.000,1.000,3.000,0.000,0.000,1.000,0,0,0
B3_zmq_pushpull,zmq_tcp,none,none,,1,22575,512,584,1785153459035592000,1785153459035592000,1785153459035592000,1785153459035593000,1785153459035696000,1785153459035699000,1785153459035699000,1785153459035699000,121932490,121652369,-177.121,0.000,0.000,1.000,3.000,0.000,0.000,4.000,0,0,0
B3_zmq_pushpull,zmq_tcp,none,none,,1,22576,512,584,1785153459036595000,1785153459036595000,1785153459036595000,1785153459036596000,1785153459036713000,1785153459036716000,1785153459036716000,1785153459036716000,121932490,121652369,-163.121,0.000,0.000,1.000,3.000,0.000,0.000,14.000,0,0,0
B3_zmq_pushpull,zmq_tcp,none,none,,1,22577,512,584,1785153459037588000,1785153459037588000,1785153459037588000,1785153459037589000,1785153459037717000,1785153459037721000,1785153459037721000,1785153459037721000,121932490,121652369,-152.121,0.000,0.000,1.000,4.000,0.000,0.000,11.000,0,0,0
B3_zmq_pushpull,zmq_tcp,none,none,,1,22578,512,584,1785153459038411000,1785153459038411000,1785153459038411000,1785153459038412000,1785153459038571000,1785153459038573000,1785153459038574000,1785153459038574000,121932490,121652369,-121.121,0.000,0.000,1.000,2.000,1.000,0.000,31.000,0,0,0
B3_zmq_pushpull,zmq_tcp,none,none,,1,22579,512,584,1785153459039638000,1785153459039638000,1785153459039638000,1785153459039639000,1785153459039702000,1785153459039706000,1785153459039706000,1785153459039706000,121932490,121652369,-217.121,0.000,0.000,1.000,4.000,0.000,0.000,96.000,0,0,0
B3_zmq_pushpull,zmq_tcp,none,none,,1,22580,512,584,1785153459040422000,1785153459040423000,1785153459040423000,1785153459040424000,1785153459040580000,1785153459040584000,1785153459040584000,1785153459040584000,121932490,121652369,-124.121,1.000,0.000,1.000,4.000,0.000,0.000,93.000,0,0,0
B3_zmq_pushpull,zmq_tcp,none,none,,1,22581,512,584,1785153459041635000,1785153459041635000,1785153459041635000,1785153459041636000,1785153459041696000,1785153459041699000,1785153459041699000,1785153459041699000,121932490,121652369,-220.121,0.000,0.000,1.000,3.000,0.000,0.000,96.000,0,0,0
B3_zmq_pushpull,zmq_tcp,none,none,,1,22582,512,584,1785153459042583000,1785153459042583000,1785153459042583000,1785153459042584000,1785153459042689000,1785153459042692000,1785153459042692000,1785153459042692000,121932490,121652369,-175.121,0.000,0.000,1.000,3.000,0.000,0.000,45.000,0,0,0
B3_zmq_pushpull,zmq_tcp,none,none,,1,22583,512,584,1785153459043595000,1785153459043595000,1785153459043595000,1785153459043596000,1785153459043701000,1785153459043704000,1785153459043704000,1785153459043704000,121932490,121652369,-175.121,0.000,0.000,1.000,3.000,0.000,0.000,0.000,0,0,0
B3_zmq_pushpull,zmq_tcp,none,none,,1,22584,512,584,1785153459044594000,1785153459044594000,1785153459044594000,1785153459044595000,1785153459044699000,1785153459044701000,1785153459044701000,1785153459044701000,121932490,121652369,-176.121,0.000,0.000,1.000,2.000,0.000,0.000,1.000,0,0,0
B3_zmq_pushpull,zmq_tcp,none,none,,1,22585,512,584,1785153459045593000,1785153459045593000,1785153459045593000,1785153459045594000,1785153459045691000,1785153459045693000,1785153459045693000,1785153459045693000,121932490,121652369,-183.121,0.000,0.000,1.000,2.000,0.000,0.000,7.000,0,0,0
B3_zmq_pushpull,zmq_tcp,none,none,,1,22586,512,584,1785153459046595000,1785153459046595000,1785153459046595000,1785153459046596000,1785153459046711000,1785153459046713000,1785153459046713000,1785153459046713000,121932490,121652369,-165.121,0.000,0.000,1.000,2.000,0.000,0.000,18.000,0,0,0
B3_zmq_pushpull,zmq_tcp,none,none,,1,22587,512,584,1785153459047593000,1785153459047593000,1785153459047593000,1785153459047594000,1785153459047704000,1785153459047707000,1785153459047707000,1785153459047707000,121932490,121652369,-170.121,0.000,0.000,1.000,3.000,0.000,0.000,5.000,0,0,0
B3_zmq_pushpull,zmq_tcp,none,none,,1,22588,512,584,1785153459048590000,1785153459048590000,1785153459048590000,1785153459048591000,1785153459048693000,1785153459048696000,1785153459048696000,1785153459048696000,121932490,121652369,-178.121,0.000,0.000,1.000,3.000,0.000,0.000,8.000,0,0,0
B3_zmq_pushpull,zmq_tcp,none,none,,1,22589,512,584,1785153459049595000,1785153459049595000,1785153459049595000,1785153459049596000,1785153459049689000,1785153459049692000,1785153459049692000,1785153459049692000,121932490,121652369,-187.121,0.000,0.000,1.000,3.000,0.000,0.000,9.000,0,0,0
B3_zmq_pushpull,zmq_tcp,none,none,,1,22590,512,584,1785153459050593000,1785153459050593000,1785153459050593000,1785153459050594000,1785153459050703000,1785153459050712000,1785153459050712000,1785153459050712000,121932490,121652369,-171.121,0.000,0.000,1.000,9.000,0.000,0.000,16.000,0,0,0
B3_zmq_pushpull,zmq_tcp,none,none,,1,22591,512,584,1785153459051595000,1785153459051595000,1785153459051595000,1785153459051596000,1785153459051704000,1785153459051707000,1785153459051707000,1785153459051707000,121932490,121652369,-172.121,0.000,0.000,1.000,3.000,0.000,0.000,1.000,0,0,0
B3_zmq_pushpull,zmq_tcp,none,none,,1,22592,512,584,1785153459052591000,1785153459052591000,1785153459052591000,1785153459052592000,1785153459052724000,1785153459052727000,1785153459052727000,1785153459052727000,121932490,121652369,-148.121,0.000,0.000,1.000,3.000,0.000,0.000,24.000,0,0,0
B3_zmq_pushpull,zmq_tcp,none,none,,1,22593,512,584,1785153459053592000,1785153459053592000,1785153459053592000,1785153459053593000,1785153459053727000,1785153459053730000,1785153459053730000,1785153459053730000,121932490,121652369,-146.121,0.000,0.000,1.000,3.000,0.000,0.000,2.000,0,0,0
B3_zmq_pushpull,zmq_tcp,none,none,,1,22594,512,584,1785153459054593000,1785153459054593000,1785153459054593000,1785153459054594000,1785153459054700000,1785153459054703000,1785153459054703000,1785153459054703000,121932490,121652369,-174.121,0.000,0.000,1.000,3.000,0.000,0.000,28.000,0,0,0
B3_zmq_pushpull,zmq_tcp,none,none,,1,22595,512,584,1785153459055592000,1785153459055593000,1785153459055593000,1785153459055594000,1785153459055707000,1785153459055709000,1785153459055709000,1785153459055710000,121932490,121652369,-167.121,1.000,0.000,1.000,2.000,0.000,1.000,7.000,0,0,0
B3_zmq_pushpull,zmq_tcp,none,none,,1,22596,512,584,1785153459056591000,1785153459056591000,1785153459056591000,1785153459056592000,1785153459056701000,1785153459056704000,1785153459056704000,1785153459056704000,121932490,121652369,-171.121,0.000,0.000,1.000,3.000,0.000,0.000,4.000,0,0,0
B3_zmq_pushpull,zmq_tcp,none,none,,1,22597,512,584,1785153459057592000,1785153459057593000,1785153459057593000,1785153459057594000,1785153459057734000,1785153459057737000,1785153459057737000,1785153459057737000,121932490,121652369,-140.121,1.000,0.000,1.000,3.000,0.000,0.000,31.000,0,0,0
B3_zmq_pushpull,zmq_tcp,none,none,,1,22598,512,584,1785153459058593000,1785153459058593000,1785153459058593000,1785153459058594000,1785153459058746000,1785153459058748000,1785153459058748000,1785153459058748000,121932490,121652369,-128.121,0.000,0.000,1.000,2.000,0.000,0.000,12.000,0,0,0
B3_zmq_pushpull,zmq_tcp,none,none,,1,22599,512,584,1785153459059451000,1785153459059451000,1785153459059451000,1785153459059452000,1785153459059602000,1785153459059605000,1785153459059605000,1785153459059605000,121932490,121652369,-130.121,0.000,0.000,1.000,3.000,0.000,0.000,2.000,0,0,0
B3_zmq_pushpull,zmq_tcp,none,none,,1,22600,512,584,1785153459060448000,1785153459060448000,1785153459060448000,1785153459060449000,1785153459060608000,1785153459060611000,1785153459060611000,1785153459060611000,121932490,121652369,-121.121,0.000,0.000,1.000,3.000,0.000,0.000,9.000,0,0,0
B3_zmq_pushpull,zmq_tcp,none,none,,1,22601,512,584,1785153459061449000,1785153459061449000,1785153459061449000,1785153459061450000,1785153459061606000,1785153459061609000,1785153459061609000,1785153459061609000,121932490,121652369,-124.121,0.000,0.000,1.000,3.000,0.000,0.000,3.000,0,0,0
B3_zmq_pushpull,zmq_tcp,none,none,,1,22602,512,584,1785153459062628000,1785153459062629000,1785153459062629000,1785153459062630000,1785153459062736000,1785153459062739000,1785153459062739000,1785153459062739000,121932490,121652369,-174.121,1.000,0.000,1.000,3.000,0.000,0.000,50.000,0,0,0
B3_zmq_pushpull,zmq_tcp,none,none,,1,22603,512,584,1785153459063582000,1785153459063582000,1785153459063582000,1785153459063583000,1785153459063732000,1785153459063735000,1785153459063735000,1785153459063735000,121932490,121652369,-131.121,0.000,0.000,1.000,3.000,0.000,0.000,43.000,0,0,0
B3_zmq_pushpull,zmq_tcp,none,none,,1,22604,512,584,1785153459064449000,1785153459064449000,1785153459064450000,1785153459064450000,1785153459064605000,1785153459064608000,1785153459064608000,1785153459064608000,121932490,121652369,-125.121,0.000,1.000,0.000,3.000,0.000,0.000,6.000,0,0,0
B3_zmq_pushpull,zmq_tcp,none,none,,1,22605,512,584,1785153459065631000,1785153459065631000,1785153459065631000,1785153459065632000,1785153459065760000,1785153459065763000,1785153459065763000,1785153459065763000,121932490,121652369,-152.121,0.000,0.000,1.000,3.000,0.000,0.000,27.000,0,0,0
B3_zmq_pushpull,zmq_tcp,none,none,,1,22606,512,584,1785153459066582000,1785153459066582000,1785153459066582000,1785153459066583000,1785153459066758000,1785153459066762000,1785153459066762000,1785153459066762000,121932490,121652369,-105.121,0.000,0.000,1.000,4.000,0.000,0.000,47.000,0,0,0
B3_zmq_pushpull,zmq_tcp,none,none,,1,22607,512,584,1785153459067596000,1785153459067596000,1785153459067596000,1785153459067597000,1785153459067759000,1785153459067762000,1785153459067762000,1785153459067762000,121932490,121652369,-118.121,0.000,0.000,1.000,3.000,0.000,0.000,13.000,0,0,0
B3_zmq_pushpull,zmq_tcp,none,none,,1,22608,512,584,1785153459068592000,1785153459068592000,1785153459068592000,1785153459068593000,1785153459068635000,1785153459068637000,1785153459068637000,1785153459068637000,121932490,121652369,-238.121,0.000,0.000,1.000,2.000,0.000,0.000,120.000,0,0,0
B3_zmq_pushpull,zmq_tcp,none,none,,1,22609,512,584,1785153459069480000,1785153459069480000,1785153459069480000,1785153459069481000,1785153459069626000,1785153459069628000,1785153459069628000,1785153459069628000,121932490,121652369,-135.121,0.000,0.000,1.000,2.000,0.000,0.000,103.000,0,0,0
B3_zmq_pushpull,zmq_tcp,none,none,,1,22610,512,584,1785153459070623000,1785153459070623000,1785153459070623000,1785153459070624000,1785153459070787000,1785153459070789000,1785153459070789000,1785153459070789000,121932490,121652369,-117.121,0.000,0.000,1.000,2.000,0.000,0.000,18.000,0,0,0
B3_zmq_pushpull,zmq_tcp,none,none,,1,22611,512,584,1785153459071586000,1785153459071586000,1785153459071586000,1785153459071587000,1785153459071649000,1785153459071652000,1785153459071652000,1785153459071652000,121932490,121652369,-218.121,0.000,0.000,1.000,3.000,0.000,0.000,101.000,0,0,0
B3_zmq_pushpull,zmq_tcp,none,none,,1,22612,512,584,1785153459072594000,1785153459072594000,1785153459072594000,1785153459072596000,1785153459072653000,1785153459072656000,1785153459072656000,1785153459072656000,121932490,121652369,-223.121,0.000,0.000,2.000,3.000,0.000,0.000,5.000,0,0,0
B3_zmq_pushpull,zmq_tcp,none,none,,1,22613,512,584,1785153459073592000,1785153459073593000,1785153459073593000,1785153459073594000,1785153459073670000,1785153459073674000,1785153459073674000,1785153459073674000,121932490,121652369,-204.121,1.000,0.000,1.000,4.000,0.000,0.000,19.000,0,0,0
B3_zmq_pushpull,zmq_tcp,none,none,,1,22614,512,584,1785153459074507000,1785153459074507000,1785153459074507000,1785153459074508000,1785153459074667000,1785153459074670000,1785153459074670000,1785153459074670000,121932490,121652369,-121.121,0.000,0.000,1.000,3.000,0.000,0.000,83.000,0,0,0
B3_zmq_pushpull,zmq_tcp,none,none,,1,22615,512,584,1785153459075614000,1785153459075614000,1785153459075614000,1785153459075615000,1785153459075671000,1785153459075674000,1785153459075674000,1785153459075674000,121932490,121652369,-224.121,0.000,0.000,1.000,3.000,0.000,0.000,103.000,0,0,0
B3_zmq_pushpull,zmq_tcp,none,none,,1,22616,512,584,1785153459076497000,1785153459076498000,1785153459076498000,1785153459076499000,1785153459076654000,1785153459076656000,1785153459076656000,1785153459076656000,121932490,121652369,-125.121,1.000,0.000,1.000,2.000,0.000,0.000,99.000,0,0,0
B3_zmq_pushpull,zmq_tcp,none,none,,1,22617,512,584,1785153459077618000,1785153459077618000,1785153459077618000,1785153459077619000,1785153459077795000,1785153459077798000,1785153459077798000,1785153459077798000,121932490,121652369,-104.121,0.000,0.000,1.000,3.000,0.000,0.000,21.000,0,0,0
B3_zmq_pushpull,zmq_tcp,none,none,,1,22618,512,584,1785153459078510000,1785153459078511000,1785153459078511000,1785153459078512000,1785153459078671000,1785153459078674000,1785153459078674000,1785153459078674000,121932490,121652369,-121.121,1.000,0.000,1.000,3.000,0.000,0.000,17.000,0,0,0
B3_zmq_pushpull,zmq_tcp,none,none,,1,22619,512,584,1785153459079403000,1785153459079403000,1785153459079403000,1785153459079404000,1785153459079553000,1785153459079556000,1785153459079556000,1785153459079556000,121932490,121652369,-131.121,0.000,0.000,1.000,3.000,0.000,0.000,10.000,0,0,0
B3_zmq_pushpull,zmq_tcp,none,none,,1,22620,512,584,1785153459080415000,1785153459080415000,1785153459080415000,1785153459080416000,1785153459080575000,1785153459080578000,1785153459080578000,1785153459080578000,121932490,121652369,-121.121,0.000,0.000,1.000,3.000,0.000,0.000,10.000,0,0,0
B3_zmq_pushpull,zmq_tcp,none,none,,1,22621,512,584,1785153459081637000,1785153459081637000,1785153459081637000,1785153459081638000,1785153459081710000,1785153459081713000,1785153459081713000,1785153459081713000,121932490,121652369,-208.121,0.000,0.000,1.000,3.000,0.000,0.000,87.000,0,0,0
B3_zmq_pushpull,zmq_tcp,none,none,,1,22622,512,584,1785153459082413000,1785153459082413000,1785153459082414000,1785153459082414000,1785153459082562000,1785153459082565000,1785153459082565000,1785153459082565000,121932490,121652369,-132.121,0.000,1.000,0.000,3.000,0.000,0.000,76.000,0,0,0
B3_zmq_pushpull,zmq_tcp,none,none,,1,22623,512,584,1785153459083634000,1785153459083635000,1785153459083635000,1785153459083636000,1785153459083699000,1785153459083703000,1785153459083703000,1785153459083703000,121932490,121652369,-217.121,1.000,0.000,1.000,4.000,0.000,0.000,85.000,0,0,0
B3_zmq_pushpull,zmq_tcp,none,none,,1,22624,512,584,1785153459084582000,1785153459084582000,1785153459084582000,1785153459084583000,1785153459084723000,1785153459084726000,1785153459084726000,1785153459084726000,121932490,121652369,-140.121,0.000,0.000,1.000,3.000,0.000,0.000,77.000,0,0,0
B3_zmq_pushpull,zmq_tcp,none,none,,1,22625,512,584,1785153459085595000,1785153459085595000,1785153459085595000,1785153459085596000,1785153459085732000,1785153459085735000,1785153459085735000,1785153459085735000,121932490,121652369,-144.121,0.000,0.000,1.000,3.000,0.000,0.000,4.000,0,0,0
B3_zmq_pushpull,zmq_tcp,none,none,,1,22626,512,584,1785153459086588000,1785153459086588000,1785153459086588000,1785153459086589000,1785153459086735000,1785153459086738000,1785153459086738000,1785153459086738000,121932490,121652369,-134.121,0.000,0.000,1.000,3.000,0.000,0.000,10.000,0,0,0
B3_zmq_pushpull,zmq_tcp,none,none,,1,22627,512,584,1785153459087595000,1785153459087595000,1785153459087595000,1785153459087596000,1785153459087746000,1785153459087748000,1785153459087748000,1785153459087748000,121932490,121652369,-130.121,0.000,0.000,1.000,2.000,0.000,0.000,4.000,0,0,0
B3_zmq_pushpull,zmq_tcp,none,none,,1,22628,512,584,1785153459088593000,1785153459088593000,1785153459088593000,1785153459088594000,1785153459088741000,1785153459088744000,1785153459088744000,1785153459088744000,121932490,121652369,-133.121,0.000,0.000,1.000,3.000,0.000,0.000,3.000,0,0,0
B3_zmq_pushpull,zmq_tcp,none,none,,1,22629,512,584,1785153459089593000,1785153459089593000,1785153459089593000,1785153459089594000,1785153459089748000,1785153459089751000,1785153459089751000,1785153459089751000,121932490,121652369,-126.121,0.000,0.000,1.000,3.000,0.000,0.000,7.000,0,0,0
B3_zmq_pushpull,zmq_tcp,none,none,,1,22630,512,584,1785153459090590000,1785153459090590000,1785153459090590000,1785153459090591000,1785153459090728000,1785153459090731000,1785153459090731000,1785153459090731000,121932490,121652369,-143.121,0.000,0.000,1.000,3.000,0.000,0.000,17.000,0,0,0
B3_zmq_pushpull,zmq_tcp,none,none,,1,22631,512,584,1785153459091594000,1785153459091594000,1785153459091594000,1785153459091595000,1785153459091731000,1785153459091734000,1785153459091734000,1785153459091734000,121932490,121652369,-144.121,0.000,0.000,1.000,3.000,0.000,0.000,1.000,0,0,0
B3_zmq_pushpull,zmq_tcp,none,none,,1,22632,512,584,1785153459092593000,1785153459092593000,1785153459092593000,1785153459092594000,1785153459092722000,1785153459092724000,1785153459092724000,1785153459092724000,121932490,121652369,-152.121,0.000,0.000,1.000,2.000,0.000,0.000,8.000,0,0,0
B3_zmq_pushpull,zmq_tcp,none,none,,1,22633,512,584,1785153459093593000,1785153459093593000,1785153459093593000,1785153459093594000,1785153459093730000,1785153459093733000,1785153459093733000,1785153459093733000,121932490,121652369,-144.121,0.000,0.000,1.000,3.000,0.000,0.000,8.000,0,0,0
B3_zmq_pushpull,zmq_tcp,none,none,,1,22634,512,584,1785153459094591000,1785153459094591000,1785153459094591000,1785153459094592000,1785153459094727000,1785153459094730000,1785153459094730000,1785153459094730000,121932490,121652369,-145.121,0.000,0.000,1.000,3.000,0.000,0.000,1.000,0,0,0
B3_zmq_pushpull,zmq_tcp,none,none,,1,22635,512,584,1785153459095593000,1785153459095593000,1785153459095593000,1785153459095594000,1785153459095725000,1785153459095728000,1785153459095728000,1785153459095729000,121932490,121652369,-149.121,0.000,0.000,1.000,3.000,0.000,1.000,4.000,0,0,0
B3_zmq_pushpull,zmq_tcp,none,none,,1,22636,512,584,1785153459096593000,1785153459096593000,1785153459096593000,1785153459096594000,1785153459096731000,1785153459096734000,1785153459096734000,1785153459096734000,121932490,121652369,-143.121,0.000,0.000,1.000,3.000,0.000,0.000,6.000,0,0,0
B3_zmq_pushpull,zmq_tcp,none,none,,1,22637,512,584,1785153459097593000,1785153459097593000,1785153459097593000,1785153459097594000,1785153459097730000,1785153459097732000,1785153459097732000,1785153459097732000,121932490,121652369,-144.121,0.000,0.000,1.000,2.000,0.000,0.000,1.000,0,0,0
B3_zmq_pushpull,zmq_tcp,none,none,,1,22638,512,584,1785153459098590000,1785153459098590000,1785153459098590000,1785153459098591000,1785153459098731000,1785153459098734000,1785153459098734000,1785153459098734000,121932490,121652369,-140.121,0.000,0.000,1.000,3.000,0.000,0.000,4.000,0,0,0
B3_zmq_pushpull,zmq_tcp,none,none,,1,22639,512,584,1785153459099594000,1785153459099594000,1785153459099594000,1785153459099595000,1785153459099722000,1785153459099724000,1785153459099724000,1785153459099724000,121932490,121652369,-153.121,0.000,0.000,1.000,2.000,0.000,0.000,13.000,0,0,0
B3_zmq_pushpull,zmq_tcp,none,none,,1,22640,512,584,1785153459100592000,1785153459100592000,1785153459100592000,1785153459100593000,1785153459100730000,1785153459100734000,1785153459100734000,1785153459100734000,121932490,121652369,-143.121,0.000,0.000,1.000,4.000,0.000,0.000,10.000,0,0,0
B3_zmq_pushpull,zmq_tcp,none,none,,1,22641,512,584,1785153459101594000,1785153459101594000,1785153459101594000,1785153459101595000,1785153459101746000,1785153459101748000,1785153459101748000,1785153459101748000,121932490,121652369,-129.121,0.000,0.000,1.000,2.000,0.000,0.000,14.000,0,0,0
B3_zmq_pushpull,zmq_tcp,none,none,,1,22642,512,584,1785153459102590000,1785153459102590000,1785153459102590000,1785153459102591000,1785153459102754000,1785153459102757000,1785153459102757000,1785153459102757000,121932490,121652369,-117.121,0.000,0.000,1.000,3.000,0.000,0.000,12.000,0,0,0
B3_zmq_pushpull,zmq_tcp,none,none,,1,22643,512,584,1785153459103594000,1785153459103594000,1785153459103595000,1785153459103595000,1785153459103748000,1785153459103751000,1785153459103751000,1785153459103751000,121932490,121652369,-127.121,0.000,1.000,0.000,3.000,0.000,0.000,10.000,0,0,0
B3_zmq_pushpull,zmq_tcp,none,none,,1,22644,512,584,1785153459104449000,1785153459104450000,1785153459104450000,1785153459104451000,1785153459104598000,1785153459104600000,1785153459104600000,1785153459104600000,121932490,121652369,-133.121,1.000,0.000,1.000,2.000,0.000,0.000,6.000,0,0,0
B3_zmq_pushpull,zmq_tcp,none,none,,1,22645,512,584,1785153459105629000,1785153459105629000,1785153459105629000,1785153459105630000,1785153459105752000,1785153459105755000,1785153459105755000,1785153459105755000,121932490,121652369,-158.121,0.000,0.000,1.000,3.000,0.000,0.000,25.000,0,0,0
B3_zmq_pushpull,zmq_tcp,none,none,,1,22646,512,584,1785153459106581000,1785153459106581000,1785153459106581000,1785153459106582000,1785153459106743000,1785153459106746000,1785153459106746000,1785153459106746000,121932490,121652369,-119.121,0.000,0.000,1.000,3.000,0.000,0.000,39.000,0,0,0
B3_zmq_pushpull,zmq_tcp,none,none,,1,22647,512,584,1785153459107587000,1785153459107587000,1785153459107587000,1785153459107589000,1785153459107728000,1785153459107731000,1785153459107731000,1785153459107731000,121932490,121652369,-141.121,0.000,0.000,2.000,3.000,0.000,0.000,22.000,0,0,0
B3_zmq_pushpull,zmq_tcp,none,none,,1,22648,512,584,1785153459108435000,1785153459108435000,1785153459108435000,1785153459108436000,1785153459108593000,1785153459108596000,1785153459108596000,1785153459108596000,121932490,121652369,-123.121,0.000,0.000,1.000,3.000,0.000,0.000,18.000,0,0,0
B3_zmq_pushpull,zmq_tcp,none,none,,1,22649,512,584,1785153459109443000,1785153459109443000,1785153459109443000,1785153459109444000,1785153459109603000,1785153459109606000,1785153459109606000,1785153459109606000,121932490,121652369,-121.121,0.000,0.000,1.000,3.000,0.000,0.000,2.000,0,0,0
B3_zmq_pushpull,zmq_tcp,none,none,,1,22650,512,584,1785153459110425000,1785153459110425000,1785153459110425000,1785153459110427000,1785153459110582000,1785153459110585000,1785153459110585000,1785153459110585000,121932490,121652369,-125.121,0.000,0.000,2.000,3.000,0.000,0.000,4.000,0,0,0
B3_zmq_pushpull,zmq_tcp,none,none,,1,22651,512,584,1785153459111638000,1785153459111638000,1785153459111638000,1785153459111639000,1785153459111734000,1785153459111736000,1785153459111737000,1785153459111737000,121932490,121652369,-185.121,0.000,0.000,1.000,2.000,1.000,0.000,60.000,0,0,0
B3_zmq_pushpull,zmq_tcp,none,none,,1,22652,512,584,1785153459112581000,1785153459112581000,1785153459112581000,1785153459112582000,1785153459112738000,1785153459112740000,1785153459112741000,1785153459112741000,121932490,121652369,-124.121,0.000,0.000,1.000,2.000,1.000,0.000,61.000,0,0,0
B3_zmq_pushpull,zmq_tcp,none,none,,1,22653,512,584,1785153459113595000,1785153459113595000,1785153459113595000,1785153459113596000,1785153459113758000,1785153459113760000,1785153459113760000,1785153459113761000,121932490,121652369,-118.121,0.000,0.000,1.000,2.000,0.000,1.000,6.000,0,0,0
B3_zmq_pushpull,zmq_tcp,none,none,,1,22654,512,584,1785153459114593000,1785153459114593000,1785153459114593000,1785153459114594000,1785153459114768000,1785153459114771000,1785153459114771000,1785153459114771000,121932490,121652369,-106.121,0.000,0.000,1.000,3.000,0.000,0.000,12.000,0,0,0
B3_zmq_pushpull,zmq_tcp,none,none,,1,22655,512,584,1785153459115594000,1785153459115594000,1785153459115594000,1785153459115595000,1785153459115794000,1785153459115797000,1785153459115797000,1785153459115797000,121932490,121652369,-81.121,0.000,0.000,1.000,3.000,0.000,0.000,25.000,0,0,0
B3_zmq_pushpull,zmq_tcp,none,none,,1,22656,512,584,1785153459116506000,1785153459116506000,1785153459116506000,1785153459116507000,1785153459116661000,1785153459116663000,1785153459116663000,1785153459116663000,121932490,121652369,-126.121,0.000,0.000,1.000,2.000,0.000,0.000,45.000,0,0,0
B3_zmq_pushpull,zmq_tcp,none,none,,1,22657,512,584,1785153459117614000,1785153459117614000,1785153459117614000,1785153459117615000,1785153459117669000,1785153459117672000,1785153459117672000,1785153459117672000,121932490,121652369,-226.121,0.000,0.000,1.000,3.000,0.000,0.000,100.000,0,0,0
B3_zmq_pushpull,zmq_tcp,none,none,,1,22658,512,584,1785153459118587000,1785153459118588000,1785153459118588000,1785153459118589000,1785153459118657000,1785153459118659000,1785153459118659000,1785153459118659000,121932490,121652369,-212.121,1.000,0.000,1.000,2.000,0.000,0.000,14.000,0,0,0
B3_zmq_pushpull,zmq_tcp,none,none,,1,22659,512,584,1785153459119514000,1785153459119514000,1785153459119514000,1785153459119515000,1785153459119664000,1785153459119667000,1785153459119667000,1785153459119667000,121932490,121652369,-131.121,0.000,0.000,1.000,3.000,0.000,0.000,81.000,0,0,0
B3_zmq_pushpull,zmq_tcp,none,none,,1,22660,512,584,1785153459120516000,1785153459120516000,1785153459120516000,1785153459120517000,1785153459120664000,1785153459120667000,1785153459120667000,1785153459120667000,121932490,121652369,-133.121,0.000,0.000,1.000,3.000,0.000,0.000,2.000,0,0,0
B3_zmq_pushpull,zmq_tcp,none,none,,1,22661,512,584,1785153459121614000,1785153459121614000,1785153459121614000,1785153459121615000,1785153459121682000,1785153459121684000,1785153459121684000,1785153459121684000,121932490,121652369,-213.121,0.000,0.000,1.000,2.000,0.000,0.000,80.000,0,0,0
B3_zmq_pushpull,zmq_tcp,none,none,,1,22662,512,584,1785153459122587000,1785153459122588000,1785153459122588000,1785153459122589000,1785153459122668000,1785153459122670000,1785153459122670000,1785153459122670000,121932490,121652369,-201.121,1.000,0.000,1.000,2.000,0.000,0.000,12.000,0,0,0
B3_zmq_pushpull,zmq_tcp,none,none,,1,22663,512,584,1785153459123400000,1785153459123400000,1785153459123400000,1785153459123401000,1785153459123539000,1785153459123542000,1785153459123542000,1785153459123542000,121932490,121652369,-142.121,0.000,0.000,1.000,3.000,0.000,0.000,59.000,0,0,0
B3_zmq_pushpull,zmq_tcp,none,none,,1,22664,512,584,1785153459124641000,1785153459124641000,1785153459124641000,1785153459124642000,1785153459124788000,1785153459124791000,1785153459124791000,1785153459124791000,121932490,121652369,-134.121,0.000,0.000,1.000,3.000,0.000,0.000,8.000,0,0,0
B3_zmq_pushpull,zmq_tcp,none,none,,1,22665,512,584,1785153459125583000,1785153459125584000,1785153459125584000,1785153459125585000,1785153459125659000,1785153459125662000,1785153459125662000,1785153459125662000,121932490,121652369,-206.121,1.000,0.000,1.000,3.000,0.000,0.000,72.000,0,0,0
B3_zmq_pushpull,zmq_tcp,none,none,,1,22666,512,584,1785153459126600000,1785153459126600000,1785153459126600000,1785153459126601000,1785153459126668000,1785153459126672000,1785153459126672000,1785153459126672000,121932490,121652369,-213.121,0.000,0.000,1.000,4.000,0.000,0.000,7.000,0,0,0
B3_zmq_pushpull,zmq_tcp,none,none,,1,22667,512,584,1785153459127590000,1785153459127590000,1785153459127590000,1785153459127591000,1785153459127691000,1785153459127694000,1785153459127694000,1785153459127694000,121932490,121652369,-180.121,0.000,0.000,1.000,3.000,0.000,0.000,33.000,0,0,0
B3_zmq_pushpull,zmq_tcp,none,none,,1,22668,512,584,1785153459128594000,1785153459128594000,1785153459128594000,1785153459128595000,1785153459128703000,1785153459128706000,1785153459128706000,1785153459128706000,121932490,121652369,-172.121,0.000,0.000,1.000,3.000,0.000,0.000,8.000,0,0,0
B3_zmq_pushpull,zmq_tcp,none,none,,1,22669,512,584,1785153459129562000,1785153459129562000,1785153459129562000,1785153459129563000,1785153459129703000,1785153459129706000,1785153459129706000,1785153459129706000,121932490,121652369,-140.121,0.000,0.000,1.000,3.000,0.000,0.000,32.000,0,0,0
B3_zmq_pushpull,zmq_tcp,none,none,,1,22670,512,584,1785153459130601000,1785153459130601000,1785153459130601000,1785153459130602000,1785153459130700000,1785153459130703000,1785153459130703000,1785153459130703000,121932490,121652369,-182.121,0.000,0.000,1.000,3.000,0.000,0.000,42.000,0,0,0
B3_zmq_pushpull,zmq_tcp,none,none,,1,22671,512,584,1785153459131588000,1785153459131588000,1785153459131588000,1785153459131589000,1785153459131695000,1785153459131698000,1785153459131698000,1785153459131698000,121932490,121652369,-174.121,0.000,0.000,1.000,3.000,0.000,0.000,8.000,0,0,0
B3_zmq_pushpull,zmq_tcp,none,none,,1,22672,512,584,1785153459132594000,1785153459132594000,1785153459132595000,1785153459132595000,1785153459132690000,1785153459132692000,1785153459132692000,1785153459132692000,121932490,121652369,-185.121,0.000,1.000,0.000,2.000,0.000,0.000,11.000,0,0,0
B3_zmq_pushpull,zmq_tcp,none,none,,1,22673,512,584,1785153459133561000,1785153459133561000,1785153459133561000,1785153459133562000,1785153459133706000,1785153459133708000,1785153459133708000,1785153459133708000,121932490,121652369,-136.121,0.000,0.000,1.000,2.000,0.000,0.000,49.000,0,0,0
B3_zmq_pushpull,zmq_tcp,none,none,,1,22674,512,584,1785153459134423000,1785153459134423000,1785153459134423000,1785153459134424000,1785153459134567000,1785153459134570000,1785153459134570000,1785153459134570000,121932490,121652369,-137.121,0.000,0.000,1.000,3.000,0.000,0.000,1.000,0,0,0
B3_zmq_pushpull,zmq_tcp,none,none,,1,22675,512,584,1785153459135634000,1785153459135634000,1785153459135634000,1785153459135635000,1785153459135726000,1785153459135728000,1785153459135728000,1785153459135728000,121932490,121652369,-189.121,0.000,0.000,1.000,2.000,0.000,0.000,52.000,0,0,0
B3_zmq_pushpull,zmq_tcp,none,none,,1,22676,512,584,1785153459136583000,1785153459136583000,1785153459136583000,1785153459136584000,1785153459136714000,1785153459136717000,1785153459136717000,1785153459136717000,121932490,121652369,-150.121,0.000,0.000,1.000,3.000,0.000,0.000,39.000,0,0,0
B3_zmq_pushpull,zmq_tcp,none,none,,1,22677,512,584,1785153459137595000,1785153459137595000,1785153459137595000,1785153459137596000,1785153459137708000,1785153459137711000,1785153459137711000,1785153459137711000,121932490,121652369,-168.121,0.000,0.000,1.000,3.000,0.000,0.000,18.000,0,0,0
B3_zmq_pushpull,zmq_tcp,none,none,,1,22678,512,584,1785153459138591000,1785153459138591000,1785153459138592000,1785153459138592000,1785153459138704000,1785153459138707000,1785153459138707000,1785153459138707000,121932490,121652369,-168.121,0.000,1.000,0.000,3.000,0.000,0.000,0.000,0,0,0
B3_zmq_pushpull,zmq_tcp,none,none,,1,22679,512,584,1785153459139593000,1785153459139593000,1785153459139593000,1785153459139594000,1785153459139708000,1785153459139711000,1785153459139711000,1785153459139711000,121932490,121652369,-166.121,0.000,0.000,1.000,3.000,0.000,0.000,2.000,0,0,0
B3_zmq_pushpull,zmq_tcp,none,none,,1,22680,512,584,1785153459140596000,1785153459140596000,1785153459140596000,1785153459140597000,1785153459140707000,1785153459140710000,1785153459140710000,1785153459140710000,121932490,121652369,-170.121,0.000,0.000,1.000,3.000,0.000,0.000,4.000,0,0,0
B3_zmq_pushpull,zmq_tcp,none,none,,1,22681,512,584,1785153459141589000,1785153459141589000,1785153459141589000,1785153459141590000,1785153459141707000,1785153459141710000,1785153459141710000,1785153459141710000,121932490,121652369,-163.121,0.000,0.000,1.000,3.000,0.000,0.000,7.000,0,0,0
B3_zmq_pushpull,zmq_tcp,none,none,,1,22682,512,584,1785153459142405000,1785153459142405000,1785153459142405000,1785153459142406000,1785153459142550000,1785153459142553000,1785153459142553000,1785153459142553000,121932490,121652369,-136.121,0.000,0.000,1.000,3.000,0.000,0.000,27.000,0,0,0
B3_zmq_pushpull,zmq_tcp,none,none,,1,22683,512,584,1785153459143397000,1785153459143397000,1785153459143397000,1785153459143398000,1785153459143558000,1785153459143561000,1785153459143561000,1785153459143561000,121932490,121652369,-120.121,0.000,0.000,1.000,3.000,0.000,0.000,16.000,0,0,0
B3_zmq_pushpull,zmq_tcp,none,none,,1,22684,512,584,1785153459144642000,1785153459144642000,1785153459144643000,1785153459144643000,1785153459144824000,1785153459144827000,1785153459144827000,1785153459144827000,121932490,121652369,-99.121,0.000,1.000,0.000,3.000,0.000,0.000,21.000,0,0,0
B3_zmq_pushpull,zmq_tcp,none,none,,1,22685,512,584,1785153459145577000,1785153459145577000,1785153459145577000,1785153459145578000,1785153459145659000,1785153459145662000,1785153459145662000,1785153459145662000,121932490,121652369,-199.121,0.000,0.000,1.000,3.000,0.000,0.000,100.000,0,0,0
B3_zmq_pushpull,zmq_tcp,none,none,,1,22686,512,584,1785153459146597000,1785153459146597000,1785153459146597000,1785153459146598000,1785153459146664000,1785153459146667000,1785153459146667000,1785153459146667000,121932490,121652369,-214.121,0.000,0.000,1.000,3.000,0.000,0.000,15.000,0,0,0
B3_zmq_pushpull,zmq_tcp,none,none,,1,22687,512,584,1785153459147592000,1785153459147592000,1785153459147592000,1785153459147593000,1785153459147674000,1785153459147676000,1785153459147676000,1785153459147676000,121932490,121652369,-199.121,0.000,0.000,1.000,2.000,0.000,0.000,15.000,0,0,0
B3_zmq_pushpull,zmq_tcp,none,none,,1,22688,512,584,1785153459148596000,1785153459148596000,1785153459148596000,1785153459148597000,1785153459148677000,1785153459148679000,1785153459148679000,1785153459148679000,121932490,121652369,-200.121,0.000,0.000,1.000,2.000,0.000,0.000,1.000,0,0,0
B3_zmq_pushpull,zmq_tcp,none,none,,1,22689,512,584,1785153459149592000,1785153459149592000,1785153459149592000,1785153459149593000,1785153459149687000,1785153459149690000,1785153459149690000,1785153459149690000,121932490,121652369,-186.121,0.000,0.000,1.000,3.000,0.000,0.000,14.000,0,0,0
B3_zmq_pushpull,zmq_tcp,none,none,,1,22690,512,584,1785153459150593000,1785153459150593000,1785153459150593000,1785153459150594000,1785153459150674000,1785153459150676000,1785153459150676000,1785153459150676000,121932490,121652369,-200.121,0.000,0.000,1.000,2.000,0.000,0.000,14.000,0,0,0
B3_zmq_pushpull,zmq_tcp,none,none,,1,22691,512,584,1785153459151593000,1785153459151593000,1785153459151593000,1785153459151594000,1785153459151664000,1785153459151667000,1785153459151667000,1785153459151667000,121932490,121652369,-210.121,0.000,0.000,1.000,3.000,0.000,0.000,10.000,0,0,0
B3_zmq_pushpull,zmq_tcp,none,none,,1,22692,512,584,1785153459152593000,1785153459152593000,1785153459152593000,1785153459152594000,1785153459152771000,1785153459152774000,1785153459152774000,1785153459152774000,121932490,121652369,-103.121,0.000,0.000,1.000,3.000,0.000,0.000,107.000,0,0,0
B3_zmq_pushpull,zmq_tcp,none,none,,1,22693,512,584,1785153459153482000,1785153459153482000,1785153459153482000,1785153459153483000,1785153459153641000,1785153459153643000,1785153459153643000,1785153459153643000,121932490,121652369,-122.121,0.000,0.000,1.000,2.000,0.000,0.000,19.000,0,0,0
B3_zmq_pushpull,zmq_tcp,none,none,,1,22694,512,584,1785153459154496000,1785153459154496000,1785153459154496000,1785153459154497000,1785153459154655000,1785153459154658000,1785153459154658000,1785153459154658000,121932490,121652369,-122.121,0.000,0.000,1.000,3.000,0.000,0.000,0.000,0,0,0
B3_zmq_pushpull,zmq_tcp,none,none,,1,22695,512,584,1785153459155503000,1785153459155503000,1785153459155503000,1785153459155504000,1785153459155661000,1785153459155663000,1785153459155663000,1785153459155663000,121932490,121652369,-123.121,0.000,0.000,1.000,2.000,0.000,0.000,1.000,0,0,0
B3_zmq_pushpull,zmq_tcp,none,none,,1,22696,512,584,1785153459156516000,1785153459156516000,1785153459156516000,1785153459156517000,1785153459156678000,1785153459156681000,1785153459156681000,1785153459156681000,121932490,121652369,-119.121,0.000,0.000,1.000,3.000,0.000,0.000,4.000,0,0,0
B3_zmq_pushpull,zmq_tcp,none,none,,1,22697,512,584,1785153459157612000,1785153459157612000,1785153459157612000,1785153459157613000,1785153459157680000,1785153459157683000,1785153459157683000,1785153459157683000,121932490,121652369,-213.121,0.000,0.000,1.000,3.000,0.000,0.000,94.000,0,0,0
B3_zmq_pushpull,zmq_tcp,none,none,,1,22698,512,584,1785153459158589000,1785153459158589000,1785153459158589000,1785153459158590000,1785153459158689000,1785153459158691000,1785153459158691000,1785153459158691000,121932490,121652369,-181.121,0.000,0.000,1.000,2.000,0.000,0.000,32.000,0,0,0
B3_zmq_pushpull,zmq_tcp,none,none,,1,22699,512,584,1785153459159594000,1785153459159594000,1785153459159595000,1785153459159595000,1785153459159674000,1785153459159676000,1785153459159676000,1785153459159677000,121932490,121652369,-201.121,0.000,1.000,0.000,2.000,0.000,1.000,20.000,0,0,0
B3_zmq_pushpull,zmq_tcp,none,none,,1,22700,512,584,1785153459160591000,1785153459160591000,1785153459160591000,1785153459160592000,1785153459160683000,1785153459160686000,1785153459160686000,1785153459160686000,121932490,121652369,-189.121,0.000,0.000,1.000,3.000,0.000,0.000,12.000,0,0,0
B3_zmq_pushpull,zmq_tcp,none,none,,1,22701,512,584,1785153459161594000,1785153459161595000,1785153459161595000,1785153459161596000,1785153459161699000,1785153459161702000,1785153459161702000,1785153459161702000,121932490,121652369,-177.121,1.000,0.000,1.000,3.000,0.000,0.000,12.000,0,0,0
B3_zmq_pushpull,zmq_tcp,none,none,,1,22702,512,584,1785153459162594000,1785153459162594000,1785153459162594000,1785153459162595000,1785153459162713000,1785153459162715000,1785153459162715000,1785153459162715000,121932490,121652369,-162.121,0.000,0.000,1.000,2.000,0.000,0.000,15.000,0,0,0
B3_zmq_pushpull,zmq_tcp,none,none,,1,22703,512,584,1785153459163593000,1785153459163593000,1785153459163593000,1785153459163594000,1785153459163717000,1785153459163720000,1785153459163720000,1785153459163720000,121932490,121652369,-157.121,0.000,0.000,1.000,3.000,0.000,0.000,5.000,0,0,0
B3_zmq_pushpull,zmq_tcp,none,none,,1,22704,512,584,1785153459164592000,1785153459164592000,1785153459164592000,1785153459164593000,1785153459164721000,1785153459164723000,1785153459164723000,1785153459164723000,121932490,121652369,-152.121,0.000,0.000,1.000,2.000,0.000,0.000,5.000,0,0,0
B3_zmq_pushpull,zmq_tcp,none,none,,1,22705,512,584,1785153459165593000,1785153459165593000,1785153459165593000,1785153459165594000,1785153459165721000,1785153459165724000,1785153459165724000,1785153459165724000,121932490,121652369,-153.121,0.000,0.000,1.000,3.000,0.000,0.000,1.000,0,0,0
B3_zmq_pushpull,zmq_tcp,none,none,,1,22706,512,584,1785153459166593000,1785153459166593000,1785153459166593000,1785153459166594000,1785153459166694000,1785153459166697000,1785153459166697000,1785153459166697000,121932490,121652369,-180.121,0.000,0.000,1.000,3.000,0.000,0.000,27.000,0,0,0
B3_zmq_pushpull,zmq_tcp,none,none,,1,22707,512,584,1785153459167593000,1785153459167593000,1785153459167593000,1785153459167594000,1785153459167692000,1785153459167694000,1785153459167694000,1785153459167694000,121932490,121652369,-182.121,0.000,0.000,1.000,2.000,0.000,0.000,2.000,0,0,0
B3_zmq_pushpull,zmq_tcp,none,none,,1,22708,512,584,1785153459168590000,1785153459168590000,1785153459168590000,1785153459168591000,1785153459168701000,1785153459168703000,1785153459168703000,1785153459168703000,121932490,121652369,-170.121,0.000,0.000,1.000,2.000,0.000,0.000,12.000,0,0,0
B3_zmq_pushpull,zmq_tcp,none,none,,1,22709,512,584,1785153459169594000,1785153459169594000,1785153459169594000,1785153459169595000,1785153459169705000,1785153459169707000,1785153459169707000,1785153459169707000,121932490,121652369,-170.121,0.000,0.000,1.000,2.000,0.000,0.000,0.000,0,0,0
B3_zmq_pushpull,zmq_tcp,none,none,,1,22710,512,584,1785153459170594000,1785153459170594000,1785153459170594000,1785153459170595000,1785153459170721000,1785153459170723000,1785153459170723000,1785153459170723000,121932490,121652369,-154.121,0.000,0.000,1.000,2.000,0.000,0.000,16.000,0,0,0
B3_zmq_pushpull,zmq_tcp,none,none,,1,22711,512,584,1785153459171591000,1785153459171591000,1785153459171592000,1785153459171592000,1785153459171718000,1785153459171721000,1785153459171721000,1785153459171721000,121932490,121652369,-154.121,0.000,1.000,0.000,3.000,0.000,0.000,0.000,0,0,0
B3_zmq_pushpull,zmq_tcp,none,none,,1,22712,512,584,1785153459172593000,1785153459172593000,1785153459172593000,1785153459172594000,1785153459172717000,1785153459172720000,1785153459172720000,1785153459172720000,121932490,121652369,-157.121,0.000,0.000,1.000,3.000,0.000,0.000,3.000,0,0,0
B3_zmq_pushpull,zmq_tcp,none,none,,1,22713,512,584,1785153459173593000,1785153459173593000,1785153459173593000,1785153459173594000,1785153459173713000,1785153459173715000,1785153459173715000,1785153459173715000,121932490,121652369,-161.121,0.000,0.000,1.000,2.000,0.000,0.000,4.000,0,0,0
B3_zmq_pushpull,zmq_tcp,none,none,,1,22714,512,584,1785153459174410000,1785153459174410000,1785153459174410000,1785153459174411000,1785153459174567000,1785153459174571000,1785153459174571000,1785153459174571000,121932490,121652369,-124.121,0.000,0.000,1.000,4.000,0.000,0.000,37.000,0,0,0
B3_zmq_pushpull,zmq_tcp,none,none,,1,22715,512,584,1785153459175414000,1785153459175414000,1785153459175414000,1785153459175415000,1785153459175575000,1785153459175584000,1785153459175584000,1785153459175584000,121932490,121652369,-120.121,0.000,0.000,1.000,9.000,0.000,0.000,4.000,0,0,0
B3_zmq_pushpull,zmq_tcp,none,none,,1,22716,512,584,1785153459176638000,1785153459176639000,1785153459176639000,1785153459176640000,1785153459176729000,1785153459176732000,1785153459176732000,1785153459176732000,121932490,121652369,-191.121,1.000,0.000,1.000,3.000,0.000,0.000,71.000,0,0,0
B3_zmq_pushpull,zmq_tcp,none,none,,1,22717,512,584,1785153459177583000,1785153459177583000,1785153459177583000,1785153459177584000,1785153459177733000,1785153459177735000,1785153459177736000,1785153459177736000,121932490,121652369,-131.121,0.000,0.000,1.000,2.000,1.000,0.000,60.000,0,0,0
B3_zmq_pushpull,zmq_tcp,none,none,,1,22718,512,584,1785153459178435000,1785153459178435000,1785153459178435000,1785153459178436000,1785153459178594000,1785153459178597000,1785153459178597000,1785153459178597000,121932490,121652369,-122.121,0.000,0.000,1.000,3.000,0.000,0.000,9.000,0,0,0
B3_zmq_pushpull,zmq_tcp,none,none,,1,22719,512,584,1785153459179633000,1785153459179633000,1785153459179633000,1785153459179634000,1785153459179707000,1785153459179710000,1785153459179710000,1785153459179710000,121932490,121652369,-207.121,0.000,0.000,1.000,3.000,0.000,0.000,85.000,0,0,0
B3_zmq_pushpull,zmq_tcp,none,none,,1,22720,512,584,1785153459180584000,1785153459180584000,1785153459180584000,1785153459180585000,1785153459180705000,1785153459180707000,1785153459180707000,1785153459180707000,121932490,121652369,-160.121,0.000,0.000,1.000,2.000,0.000,0.000,47.000,0,0,0
B3_zmq_pushpull,zmq_tcp,none,none,,1,22721,512,584,1785153459181592000,1785153459181592000,1785153459181592000,1785153459181593000,1785153459181718000,1785153459181721000,1785153459181721000,1785153459181721000,121932490,121652369,-155.121,0.000,0.000,1.000,3.000,0.000,0.000,5.000,0,0,0
B3_zmq_pushpull,zmq_tcp,none,none,,1,22722,512,584,1785153459182596000,1785153459182596000,1785153459182596000,1785153459182597000,1785153459182725000,1785153459182727000,1785153459182727000,1785153459182727000,121932490,121652369,-152.121,0.000,0.000,1.000,2.000,0.000,0.000,3.000,0,0,0
B3_zmq_pushpull,zmq_tcp,none,none,,1,22723,512,584,1785153459183593000,1785153459183593000,1785153459183593000,1785153459183594000,1785153459183726000,1785153459183729000,1785153459183729000,1785153459183729000,121932490,121652369,-148.121,0.000,0.000,1.000,3.000,0.000,0.000,4.000,0,0,0
B3_zmq_pushpull,zmq_tcp,none,none,,1,22724,512,584,1785153459184593000,1785153459184593000,1785153459184593000,1785153459184594000,1785153459184738000,1785153459184741000,1785153459184741000,1785153459184741000,121932490,121652369,-136.121,0.000,0.000,1.000,3.000,0.000,0.000,12.000,0,0,0
B3_zmq_pushpull,zmq_tcp,none,none,,1,22725,512,584,1785153459185593000,1785153459185593000,1785153459185593000,1785153459185594000,1785153459185737000,1785153459185739000,1785153459185739000,1785153459185739000,121932490,121652369,-137.121,0.000,0.000,1.000,2.000,0.000,0.000,1.000,0,0,0
B3_zmq_pushpull,zmq_tcp,none,none,,1,22726,512,584,1785153459186593000,1785153459186593000,1785153459186593000,1785153459186594000,1785153459186727000,1785153459186730000,1785153459186730000,1785153459186730000,121932490,121652369,-147.121,0.000,0.000,1.000,3.000,0.000,0.000,10.000,0,0,0
B3_zmq_pushpull,zmq_tcp,none,none,,1,22727,512,584,1785153459187593000,1785153459187593000,1785153459187593000,1785153459187594000,1785153459187723000,1785153459187726000,1785153459187726000,1785153459187726000,121932490,121652369,-151.121,0.000,0.000,1.000,3.000,0.000,0.000,4.000,0,0,0
B3_zmq_pushpull,zmq_tcp,none,none,,1,22728,512,584,1785153459188592000,1785153459188592000,1785153459188592000,1785153459188593000,1785153459188730000,1785153459188733000,1785153459188733000,1785153459188733000,121932490,121652369,-143.121,0.000,0.000,1.000,3.000,0.000,0.000,8.000,0,0,0
B3_zmq_pushpull,zmq_tcp,none,none,,1,22729,512,584,1785153459189593000,1785153459189593000,1785153459189593000,1785153459189594000,1785153459189740000,1785153459189743000,1785153459189743000,1785153459189743000,121932490,121652369,-134.121,0.000,0.000,1.000,3.000,0.000,0.000,9.000,0,0,0
B3_zmq_pushpull,zmq_tcp,none,none,,1,22730,512,584,1785153459190593000,1785153459190593000,1785153459190594000,1785153459190594000,1785153459190749000,1785153459190751000,1785153459190751000,1785153459190751000,121932490,121652369,-125.121,0.000,1.000,0.000,2.000,0.000,0.000,9.000,0,0,0
B3_zmq_pushpull,zmq_tcp,none,none,,1,22731,512,584,1785153459191591000,1785153459191591000,1785153459191591000,1785153459191592000,1785153459191754000,1785153459191757000,1785153459191757000,1785153459191757000,121932490,121652369,-118.121,0.000,0.000,1.000,3.000,0.000,0.000,7.000,0,0,0
B3_zmq_pushpull,zmq_tcp,none,none,,1,22732,512,584,1785153459192597000,1785153459192597000,1785153459192597000,1785153459192598000,1785153459192759000,1785153459192762000,1785153459192762000,1785153459192762000,121932490,121652369,-119.121,0.000,0.000,1.000,3.000,0.000,0.000,1.000,0,0,0
B3_zmq_pushpull,zmq_tcp,none,none,,1,22733,512,584,1785153459193592000,1785153459193592000,1785153459193592000,1785153459193593000,1785153459193751000,1785153459193754000,1785153459193754000,1785153459193754000,121932490,121652369,-122.121,0.000,0.000,1.000,3.000,0.000,0.000,3.000,0,0,0
B3_zmq_pushpull,zmq_tcp,none,none,,1,22734,512,584,1785153459194593000,1785153459194593000,1785153459194593000,1785153459194594000,1785153459194721000,1785153459194723000,1785153459194723000,1785153459194723000,121932490,121652369,-153.121,0.000,0.000,1.000,2.000,0.000,0.000,31.000,0,0,0
B3_zmq_pushpull,zmq_tcp,none,none,,1,22735,512,584,1785153459195593000,1785153459195593000,1785153459195593000,1785153459195594000,1785153459195715000,1785153459195718000,1785153459195718000,1785153459195718000,121932490,121652369,-159.121,0.000,0.000,1.000,3.000,0.000,0.000,6.000,0,0,0
B3_zmq_pushpull,zmq_tcp,none,none,,1,22736,512,584,1785153459196593000,1785153459196593000,1785153459196594000,1785153459196594000,1785153459196695000,1785153459196698000,1785153459196698000,1785153459196698000,121932490,121652369,-179.121,0.000,1.000,0.000,3.000,0.000,0.000,20.000,0,0,0
B3_zmq_pushpull,zmq_tcp,none,none,,1,22737,512,584,1785153459197563000,1785153459197563000,1785153459197563000,1785153459197564000,1785153459197709000,1785153459197712000,1785153459197712000,1785153459197712000,121932490,121652369,-135.121,0.000,0.000,1.000,3.000,0.000,0.000,44.000,0,0,0
B3_zmq_pushpull,zmq_tcp,none,none,,1,22738,512,584,1785153459198415000,1785153459198415000,1785153459198415000,1785153459198416000,1785153459198566000,1785153459198569000,1785153459198569000,1785153459198569000,121932490,121652369,-130.121,0.000,0.000,1.000,3.000,0.000,0.000,5.000,0,0,0
B3_zmq_pushpull,zmq_tcp,none,none,,1,22739,512,584,1785153459199638000,1785153459199638000,1785153459199638000,1785153459199639000,1785153459199703000,1785153459199706000,1785153459199706000,1785153459199706000,121932490,121652369,-216.121,0.000,0.000,1.000,3.000,0.000,0.000,86.000,0,0,0
B3_zmq_pushpull,zmq_tcp,none,none,,1,22740,512,584,1785153459200582000,1785153459200583000,1785153459200583000,1785153459200584000,1785153459200698000,1785153459200701000,1785153459200701000,1785153459200701000,121932490,121652369,-166.121,1.000,0.000,1.000,3.000,0.000,0.000,50.000,0,0,0
B3_zmq_pushpull,zmq_tcp,none,none,,1,22741,512,584,1785153459201405000,1785153459201405000,1785153459201405000,1785153459201406000,1785153459201545000,1785153459201548000,1785153459201548000,1785153459201548000,121932490,121652369,-141.121,0.000,0.000,1.000,3.000,0.000,0.000,25.000,0,0,0
B3_zmq_pushpull,zmq_tcp,none,none,,1,22742,512,584,1785153459202640000,1785153459202640000,1785153459202641000,1785153459202641000,1785153459202705000,1785153459202708000,1785153459202708000,1785153459202708000,121932490,121652369,-216.121,0.000,1.000,0.000,3.000,0.000,0.000,75.000,0,0,0
B3_zmq_pushpull,zmq_tcp,none,none,,1,22743,512,584,1785153459203580000,1785153459203580000,1785153459203580000,1785153459203581000,1785153459203720000,1785153459203722000,1785153459203722000,1785153459203722000,121932490,121652369,-141.121,0.000,0.000,1.000,2.000,0.000,0.000,75.000,0,0,0
B3_zmq_pushpull,zmq_tcp,none,none,,1,22744,512,584,1785153459204597000,1785153459204597000,1785153459204598000,1785153459204598000,1785153459204724000,1785153459204726000,1785153459204726000,1785153459204726000,121932490,121652369,-154.121,0.000,1.000,0.000,2.000,0.000,0.000,13.000,0,0,0
B3_zmq_pushpull,zmq_tcp,none,none,,1,22745,512,584,1785153459205592000,1785153459205592000,1785153459205592000,1785153459205593000,1785153459205721000,1785153459205724000,1785153459205724000,1785153459205724000,121932490,121652369,-152.121,0.000,0.000,1.000,3.000,0.000,0.000,2.000,0,0,0
B3_zmq_pushpull,zmq_tcp,none,none,,1,22746,512,584,1785153459206593000,1785153459206593000,1785153459206593000,1785153459206594000,1785153459206728000,1785153459206731000,1785153459206731000,1785153459206731000,121932490,121652369,-146.121,0.000,0.000,1.000,3.000,0.000,0.000,6.000,0,0,0
B3_zmq_pushpull,zmq_tcp,none,none,,1,22747,512,584,1785153459207592000,1785153459207592000,1785153459207592000,1785153459207593000,1785153459207724000,1785153459207727000,1785153459207727000,1785153459207727000,121932490,121652369,-149.121,0.000,0.000,1.000,3.000,0.000,0.000,3.000,0,0,0
B3_zmq_pushpull,zmq_tcp,none,none,,1,22748,512,584,1785153459208594000,1785153459208594000,1785153459208594000,1785153459208595000,1785153459208714000,1785153459208717000,1785153459208717000,1785153459208717000,121932490,121652369,-161.121,0.000,0.000,1.000,3.000,0.000,0.000,12.000,0,0,0
B3_zmq_pushpull,zmq_tcp,none,none,,1,22749,512,584,1785153459209593000,1785153459209593000,1785153459209593000,1785153459209594000,1785153459209712000,1785153459209715000,1785153459209715000,1785153459209715000,121932490,121652369,-162.121,0.000,0.000,1.000,3.000,0.000,0.000,1.000,0,0,0
B3_zmq_pushpull,zmq_tcp,none,none,,1,22750,512,584,1785153459210593000,1785153459210593000,1785153459210593000,1785153459210594000,1785153459210723000,1785153459210726000,1785153459210726000,1785153459210726000,121932490,121652369,-151.121,0.000,0.000,1.000,3.000,0.000,0.000,11.000,0,0,0
B3_zmq_pushpull,zmq_tcp,none,none,,1,22751,512,584,1785153459211592000,1785153459211593000,1785153459211593000,1785153459211594000,1785153459211747000,1785153459211750000,1785153459211750000,1785153459211750000,121932490,121652369,-127.121,1.000,0.000,1.000,3.000,0.000,0.000,24.000,0,0,0
B3_zmq_pushpull,zmq_tcp,none,none,,1,22752,512,584,1785153459212594000,1785153459212594000,1785153459212594000,1785153459212595000,1785153459212742000,1785153459212745000,1785153459212745000,1785153459212745000,121932490,121652369,-133.121,0.000,0.000,1.000,3.000,0.000,0.000,6.000,0,0,0
B3_zmq_pushpull,zmq_tcp,none,none,,1,22753,512,584,1785153459213459000,1785153459213459000,1785153459213459000,1785153459213460000,1785153459213617000,1785153459213620000,1785153459213620000,1785153459213620000,121932490,121652369,-123.121,0.000,0.000,1.000,3.000,0.000,0.000,10.000,0,0,0
B3_zmq_pushpull,zmq_tcp,none,none,,1,22754,512,584,1785153459214629000,1785153459214629000,1785153459214629000,1785153459214630000,1785153459214726000,1785153459214729000,1785153459214729000,1785153459214729000,121932490,121652369,-184.121,0.000,0.000,1.000,3.000,0.000,0.000,61.000,0,0,0
B3_zmq_pushpull,zmq_tcp,none,none,,1,22755,512,584,1785153459215584000,1785153459215584000,1785153459215584000,1785153459215585000,1785153459215728000,1785153459215730000,1785153459215730000,1785153459215730000,121932490,121652369,-137.121,0.000,0.000,1.000,2.000,0.000,0.000,47.000,0,0,0
B3_zmq_pushpull,zmq_tcp,none,none,,1,22756,512,584,1785153459216596000,1785153459216596000,1785153459216596000,1785153459216597000,1785153459216727000,1785153459216731000,1785153459216731000,1785153459216731000,121932490,121652369,-150.121,0.000,0.000,1.000,4.000,0.000,0.000,13.000,0,0,0
B3_zmq_pushpull,zmq_tcp,none,none,,1,22757,512,584,1785153459217595000,1785153459217595000,1785153459217595000,1785153459217596000,1785153459217753000,1785153459217757000,1785153459217757000,1785153459217757000,121932490,121652369,-123.121,0.000,0.000,1.000,4.000,0.000,0.000,27.000,0,0,0
B3_zmq_pushpull,zmq_tcp,none,none,,1,22758,512,584,1785153459218465000,1785153459218465000,1785153459218465000,1785153459218466000,1785153459218626000,1785153459218629000,1785153459218629000,1785153459218629000,121932490,121652369,-120.121,0.000,0.000,1.000,3.000,0.000,0.000,3.000,0,0,0
B3_zmq_pushpull,zmq_tcp,none,none,,1,22759,512,584,1785153459219624000,1785153459219624000,1785153459219624000,1785153459219625000,1785153459219769000,1785153459219772000,1785153459219772000,1785153459219772000,121932490,121652369,-136.121,0.000,0.000,1.000,3.000,0.000,0.000,16.000,0,0,0
B3_zmq_pushpull,zmq_tcp,none,none,,1,22760,512,584,1785153459220588000,1785153459220588000,1785153459220588000,1785153459220589000,1785153459220646000,1785153459220650000,1785153459220650000,1785153459220650000,121932490,121652369,-223.121,0.000,0.000,1.000,4.000,0.000,0.000,87.000,0,0,0
B3_zmq_pushpull,zmq_tcp,none,none,,1,22761,512,584,1785153459221596000,1785153459221596000,1785153459221596000,1785153459221597000,1785153459221652000,1785153459221655000,1785153459221655000,1785153459221655000,121932490,121652369,-225.121,0.000,0.000,1.000,3.000,0.000,0.000,2.000,0,0,0
B3_zmq_pushpull,zmq_tcp,none,none,,1,22762,512,584,1785153459222590000,1785153459222590000,1785153459222590000,1785153459222591000,1785153459222629000,1785153459222632000,1785153459222632000,1785153459222632000,121932490,121652369,-242.121,0.000,0.000,1.000,3.000,0.000,0.000,17.000,0,0,0
B3_zmq_pushpull,zmq_tcp,none,none,,1,22763,512,584,1785153459223596000,1785153459223596000,1785153459223596000,1785153459223597000,1785153459223768000,1785153459223772000,1785153459223772000,1785153459223772000,121932490,121652369,-109.121,0.000,0.000,1.000,4.000,0.000,0.000,133.000,0,0,0
B3_zmq_pushpull,zmq_tcp,none,none,,1,22764,512,584,1785153459224478000,1785153459224478000,1785153459224478000,1785153459224479000,1785153459224638000,1785153459224641000,1785153459224641000,1785153459224641000,121932490,121652369,-121.121,0.000,0.000,1.000,3.000,0.000,0.000,12.000,0,0,0
B3_zmq_pushpull,zmq_tcp,none,none,,1,22765,512,584,1785153459225626000,1785153459225626000,1785153459225626000,1785153459225627000,1785153459225786000,1785153459225789000,1785153459225789000,1785153459225789000,121932490,121652369,-121.121,0.000,0.000,1.000,3.000,0.000,0.000,0.000,0,0,0
B3_zmq_pushpull,zmq_tcp,none,none,,1,22766,512,584,1785153459226584000,1785153459226585000,1785153459226585000,1785153459226586000,1785153459226776000,1785153459226778000,1785153459226778000,1785153459226778000,121932490,121652369,-90.121,1.000,0.000,1.000,2.000,0.000,0.000,31.000,0,0,0
B3_zmq_pushpull,zmq_tcp,none,none,,1,22767,512,584,1785153459227497000,1785153459227498000,1785153459227498000,1785153459227499000,1785153459227656000,1785153459227659000,1785153459227659000,1785153459227659000,121932490,121652369,-123.121,1.000,0.000,1.000,3.000,0.000,0.000,33.000,0,0,0
B3_zmq_pushpull,zmq_tcp,none,none,,1,22768,512,584,1785153459228618000,1785153459228618000,1785153459228618000,1785153459228619000,1785153459228789000,1785153459228792000,1785153459228792000,1785153459228792000,121932490,121652369,-110.121,0.000,0.000,1.000,3.000,0.000,0.000,13.000,0,0,0
B3_zmq_pushpull,zmq_tcp,none,none,,1,22769,512,584,1785153459229588000,1785153459229589000,1785153459229589000,1785153459229590000,1785153459229640000,1785153459229643000,1785153459229643000,1785153459229643000,121932490,121652369,-230.121,1.000,0.000,1.000,3.000,0.000,0.000,120.000,0,0,0
B3_zmq_pushpull,zmq_tcp,none,none,,1,22770,512,584,1785153459230594000,1785153459230594000,1785153459230594000,1785153459230595000,1785153459230645000,1785153459230649000,1785153459230649000,1785153459230649000,121932490,121652369,-230.121,0.000,0.000,1.000,4.000,0.000,0.000,0.000,0,0,0
B3_zmq_pushpull,zmq_tcp,none,none,,1,22771,512,584,1785153459231498000,1785153459231498000,1785153459231498000,1785153459231499000,1785153459231644000,1785153459231646000,1785153459231646000,1785153459231646000,121932490,121652369,-135.121,0.000,0.000,1.000,2.000,0.000,0.000,95.000,0,0,0
B3_zmq_pushpull,zmq_tcp,none,none,,1,22772,512,584,1785153459232619000,1785153459232619000,1785153459232619000,1785153459232620000,1785153459232788000,1785153459232791000,1785153459232791000,1785153459232791000,121932490,121652369,-112.121,0.000,0.000,1.000,3.000,0.000,0.000,23.000,0,0,0
B3_zmq_pushpull,zmq_tcp,none,none,,1,22773,512,584,1785153459233509000,1785153459233509000,1785153459233509000,1785153459233510000,1785153459233656000,1785153459233658000,1785153459233659000,1785153459233659000,121932490,121652369,-134.121,0.000,0.000,1.000,2.000,1.000,0.000,22.000,0,0,0
B3_zmq_pushpull,zmq_tcp,none,none,,1,22774,512,584,1785153459234616000,1785153459234616000,1785153459234616000,1785153459234617000,1785153459234653000,1785153459234656000,1785153459234656000,1785153459234656000,121932490,121652369,-244.121,0.000,0.000,1.000,3.000,0.000,0.000,110.000,0,0,0
B3_zmq_pushpull,zmq_tcp,none,none,,1,22775,512,584,1785153459235588000,1785153459235589000,1785153459235589000,1785153459235590000,1785153459235634000,1785153459235638000,1785153459235638000,1785153459235638000,121932490,121652369,-236.121,1.000,0.000,1.000,4.000,0.000,0.000,8.000,0,0,0
B3_zmq_pushpull,zmq_tcp,none,none,,1,22776,512,584,1785153459236478000,1785153459236478000,1785153459236478000,1785153459236479000,1785153459236633000,1785153459236636000,1785153459236636000,1785153459236636000,121932490,121652369,-126.121,0.000,0.000,1.000,3.000,0.000,0.000,110.000,0,0,0
B3_zmq_pushpull,zmq_tcp,none,none,,1,22777,512,584,1785153459237621000,1785153459237621000,1785153459237621000,1785153459237622000,1785153459237790000,1785153459237793000,1785153459237793000,1785153459237793000,121932490,121652369,-112.121,0.000,0.000,1.000,3.000,0.000,0.000,14.000,0,0,0
B3_zmq_pushpull,zmq_tcp,none,none,,1,22778,512,584,1785153459238587000,1785153459238587000,1785153459238587000,1785153459238588000,1785153459238784000,1785153459238786000,1785153459238786000,1785153459238786000,121932490,121652369,-84.121,0.000,0.000,1.000,2.000,0.000,0.000,28.000,0,0,0
B3_zmq_pushpull,zmq_tcp,none,none,,1,22779,512,584,1785153459239596000,1785153459239597000,1785153459239597000,1785153459239598000,1785153459239665000,1785153459239668000,1785153459239668000,1785153459239668000,121932490,121652369,-213.121,1.000,0.000,1.000,3.000,0.000,0.000,129.000,0,0,0
B3_zmq_pushpull,zmq_tcp,none,none,,1,22780,512,584,1785153459240590000,1785153459240590000,1785153459240590000,1785153459240591000,1785153459240678000,1785153459240681000,1785153459240681000,1785153459240681000,121932490,121652369,-193.121,0.000,0.000,1.000,3.000,0.000,0.000,20.000,0,0,0
B3_zmq_pushpull,zmq_tcp,none,none,,1,22781,512,584,1785153459241596000,1785153459241596000,1785153459241596000,1785153459241597000,1785153459241685000,1785153459241688000,1785153459241688000,1785153459241688000,121932490,121652369,-192.121,0.000,0.000,1.000,3.000,0.000,0.000,1.000,0,0,0
B3_zmq_pushpull,zmq_tcp,none,none,,1,22782,512,584,1785153459242593000,1785153459242593000,1785153459242593000,1785153459242594000,1785153459242674000,1785153459242677000,1785153459242677000,1785153459242677000,121932490,121652369,-200.121,0.000,0.000,1.000,3.000,0.000,0.000,8.000,0,0,0
B3_zmq_pushpull,zmq_tcp,none,none,,1,22783,512,584,1785153459243594000,1785153459243594000,1785153459243594000,1785153459243595000,1785153459243672000,1785153459243675000,1785153459243675000,1785153459243675000,121932490,121652369,-203.121,0.000,0.000,1.000,3.000,0.000,0.000,3.000,0,0,0
B3_zmq_pushpull,zmq_tcp,none,none,,1,22784,512,584,1785153459244597000,1785153459244597000,1785153459244597000,1785153459244598000,1785153459244674000,1785153459244677000,1785153459244677000,1785153459244677000,121932490,121652369,-204.121,0.000,0.000,1.000,3.000,0.000,0.000,1.000,0,0,0
B3_zmq_pushpull,zmq_tcp,none,none,,1,22785,512,584,1785153459245596000,1785153459245596000,1785153459245596000,1785153459245597000,1785153459245684000,1785153459245686000,1785153459245686000,1785153459245686000,121932490,121652369,-193.121,0.000,0.000,1.000,2.000,0.000,0.000,11.000,0,0,0
B3_zmq_pushpull,zmq_tcp,none,none,,1,22786,512,584,1785153459246596000,1785153459246596000,1785153459246596000,1785153459246597000,1785153459246702000,1785153459246705000,1785153459246705000,1785153459246705000,121932490,121652369,-175.121,0.000,0.000,1.000,3.000,0.000,0.000,18.000,0,0,0
B3_zmq_pushpull,zmq_tcp,none,none,,1,22787,512,584,1785153459247591000,1785153459247591000,1785153459247591000,1785153459247592000,1785153459247708000,1785153459247711000,1785153459247711000,1785153459247711000,121932490,121652369,-164.121,0.000,0.000,1.000,3.000,0.000,0.000,11.000,0,0,0
B3_zmq_pushpull,zmq_tcp,none,none,,1,22788,512,584,1785153459248595000,1785153459248595000,1785153459248595000,1785153459248596000,1785153459248708000,1785153459248711000,1785153459248711000,1785153459248711000,121932490,121652369,-168.121,0.000,0.000,1.000,3.000,0.000,0.000,4.000,0,0,0
B3_zmq_pushpull,zmq_tcp,none,none,,1,22789,512,584,1785153459249594000,1785153459249594000,1785153459249594000,1785153459249595000,1785153459249699000,1785153459249702000,1785153459249702000,1785153459249702000,121932490,121652369,-176.121,0.000,0.000,1.000,3.000,0.000,0.000,8.000,0,0,0
B3_zmq_pushpull,zmq_tcp,none,none,,1,22790,512,584,1785153459250398000,1785153459250398000,1785153459250398000,1785153459250399000,1785153459250540000,1785153459250543000,1785153459250543000,1785153459250543000,121932490,121652369,-139.121,0.000,0.000,1.000,3.000,0.000,0.000,37.000,0,0,0
B3_zmq_pushpull,zmq_tcp,none,none,,1,22791,512,584,1785153459251642000,1785153459251642000,1785153459251642000,1785153459251643000,1785153459251692000,1785153459251696000,1785153459251696000,1785153459251696000,121932490,121652369,-231.121,0.000,0.000,1.000,4.000,0.000,0.000,92.000,0,0,0
B3_zmq_pushpull,zmq_tcp,none,none,,1,22792,512,584,1785153459252402000,1785153459252402000,1785153459252402000,1785153459252403000,1785153459252548000,1785153459252551000,1785153459252551000,1785153459252551000,121932490,121652369,-135.121,0.000,0.000,1.000,3.000,0.000,0.000,96.000,0,0,0
B3_zmq_pushpull,zmq_tcp,none,none,,1,22793,512,584,1785153459253407000,1785153459253407000,1785153459253407000,1785153459253408000,1785153459253553000,1785153459253556000,1785153459253556000,1785153459253556000,121932490,121652369,-135.121,0.000,0.000,1.000,3.000,0.000,0.000,0.000,0,0,0
B3_zmq_pushpull,zmq_tcp,none,none,,1,22794,512,584,1785153459254409000,1785153459254409000,1785153459254409000,1785153459254410000,1785153459254569000,1785153459254572000,1785153459254572000,1785153459254572000,121932490,121652369,-121.121,0.000,0.000,1.000,3.000,0.000,0.000,14.000,0,0,0
B3_zmq_pushpull,zmq_tcp,none,none,,1,22795,512,584,1785153459255641000,1785153459255641000,1785153459255641000,1785153459255643000,1785153459255709000,1785153459255712000,1785153459255712000,1785153459255712000,121932490,121652369,-214.121,0.000,0.000,2.000,3.000,0.000,0.000,93.000,0,0,0
B3_zmq_pushpull,zmq_tcp,none,none,,1,22796,512,584,1785153459256582000,1785153459256582000,1785153459256583000,1785153459256584000,1785153459256698000,1785153459256701000,1785153459256701000,1785153459256701000,121932490,121652369,-166.121,0.000,1.000,1.000,3.000,0.000,0.000,48.000,0,0,0
B3_zmq_pushpull,zmq_tcp,none,none,,1,22797,512,584,1785153459257594000,1785153459257594000,1785153459257594000,1785153459257595000,1785153459257681000,1785153459257684000,1785153459257684000,1785153459257684000,121932490,121652369,-194.121,0.000,0.000,1.000,3.000,0.000,0.000,28.000,0,0,0
B3_zmq_pushpull,zmq_tcp,none,none,,1,22798,512,584,1785153459258593000,1785153459258594000,1785153459258594000,1785153459258595000,1785153459258700000,1785153459258703000,1785153459258703000,1785153459258703000,121932490,121652369,-175.121,1.000,0.000,1.000,3.000,0.000,0.000,19.000,0,0,0
B3_zmq_pushpull,zmq_tcp,none,none,,1,22799,512,584,1785153459259594000,1785153459259594000,1785153459259594000,1785153459259595000,1785153459259720000,1785153459259723000,1785153459259723000,1785153459259723000,121932490,121652369,-155.121,0.000,0.000,1.000,3.000,0.000,0.000,20.000,0,0,0
B3_zmq_pushpull,zmq_tcp,none,none,,1,22800,512,584,1785153459260591000,1785153459260591000,1785153459260591000,1785153459260592000,1785153459260711000,1785153459260713000,1785153459260713000,1785153459260713000,121932490,121652369,-161.121,0.000,0.000,1.000,2.000,0.000,0.000,6.000,0,0,0
B3_zmq_pushpull,zmq_tcp,none,none,,1,22801,512,584,1785153459261598000,1785153459261598000,1785153459261598000,1785153459261599000,1785153459261721000,1785153459261724000,1785153459261724000,1785153459261724000,121932490,121652369,-158.121,0.000,0.000,1.000,3.000,0.000,0.000,3.000,0,0,0
B3_zmq_pushpull,zmq_tcp,none,none,,1,22802,512,584,1785153459262592000,1785153459262592000,1785153459262592000,1785153459262593000,1785153459262729000,1785153459262732000,1785153459262732000,1785153459262732000,121932490,121652369,-144.121,0.000,0.000,1.000,3.000,0.000,0.000,14.000,0,0,0
B3_zmq_pushpull,zmq_tcp,none,none,,1,22803,512,584,1785153459263594000,1785153459263594000,1785153459263594000,1785153459263595000,1785153459263725000,1785153459263728000,1785153459263728000,1785153459263728000,121932490,121652369,-150.121,0.000,0.000,1.000,3.000,0.000,0.000,6.000,0,0,0
B3_zmq_pushpull,zmq_tcp,none,none,,1,22804,512,584,1785153459264591000,1785153459264591000,1785153459264591000,1785153459264592000,1785153459264723000,1785153459264726000,1785153459264726000,1785153459264726000,121932490,121652369,-149.121,0.000,0.000,1.000,3.000,0.000,0.000,1.000,0,0,0
B3_zmq_pushpull,zmq_tcp,none,none,,1,22805,512,584,1785153459265598000,1785153459265598000,1785153459265598000,1785153459265599000,1785153459265736000,1785153459265739000,1785153459265739000,1785153459265739000,121932490,121652369,-143.121,0.000,0.000,1.000,3.000,0.000,0.000,6.000,0,0,0
B3_zmq_pushpull,zmq_tcp,none,none,,1,22806,512,584,1785153459266591000,1785153459266591000,1785153459266591000,1785153459266592000,1785153459266740000,1785153459266743000,1785153459266743000,1785153459266743000,121932490,121652369,-132.121,0.000,0.000,1.000,3.000,0.000,0.000,11.000,0,0,0
B3_zmq_pushpull,zmq_tcp,none,none,,1,22807,512,584,1785153459267594000,1785153459267594000,1785153459267595000,1785153459267595000,1785153459267736000,1785153459267739000,1785153459267739000,1785153459267739000,121932490,121652369,-139.121,0.000,1.000,0.000,3.000,0.000,0.000,7.000,0,0,0
B3_zmq_pushpull,zmq_tcp,none,none,,1,22808,512,584,1785153459268590000,1785153459268590000,1785153459268590000,1785153459268591000,1785153459268739000,1785153459268741000,1785153459268741000,1785153459268741000,121932490,121652369,-132.121,0.000,0.000,1.000,2.000,0.000,0.000,7.000,0,0,0
B3_zmq_pushpull,zmq_tcp,none,none,,1,22809,512,584,1785153459269595000,1785153459269595000,1785153459269595000,1785153459269596000,1785153459269740000,1785153459269743000,1785153459269743000,1785153459269743000,121932490,121652369,-136.121,0.000,0.000,1.000,3.000,0.000,0.000,4.000,0,0,0
B3_zmq_pushpull,zmq_tcp,none,none,,1,22810,512,584,1785153459270594000,1785153459270594000,1785153459270594000,1785153459270595000,1785153459270725000,1785153459270728000,1785153459270728000,1785153459270728000,121932490,121652369,-150.121,0.000,0.000,1.000,3.000,0.000,0.000,14.000,0,0,0
B3_zmq_pushpull,zmq_tcp,none,none,,1,22811,512,584,1785153459271594000,1785153459271594000,1785153459271594000,1785153459271595000,1785153459271729000,1785153459271732000,1785153459271732000,1785153459271732000,121932490,121652369,-146.121,0.000,0.000,1.000,3.000,0.000,0.000,4.000,0,0,0
B3_zmq_pushpull,zmq_tcp,none,none,,1,22812,512,584,1785153459272593000,1785153459272593000,1785153459272593000,1785153459272594000,1785153459272716000,1785153459272719000,1785153459272719000,1785153459272719000,121932490,121652369,-158.121,0.000,0.000,1.000,3.000,0.000,0.000,12.000,0,0,0
B3_zmq_pushpull,zmq_tcp,none,none,,1,22813,512,584,1785153459273594000,1785153459273594000,1785153459273594000,1785153459273595000,1785153459273707000,1785153459273709000,1785153459273709000,1785153459273709000,121932490,121652369,-168.121,0.000,0.000,1.000,2.000,0.000,0.000,10.000,0,0,0
B3_zmq_pushpull,zmq_tcp,none,none,,1,22814,512,584,1785153459274597000,1785153459274597000,1785153459274597000,1785153459274598000,1785153459274696000,1785153459274699000,1785153459274699000,1785153459274699000,121932490,121652369,-182.121,0.000,0.000,1.000,3.000,0.000,0.000,14.000,0,0,0
B3_zmq_pushpull,zmq_tcp,none,none,,1,22815,512,584,1785153459275592000,1785153459275592000,1785153459275592000,1785153459275593000,1785153459275709000,1785153459275712000,1785153459275712000,1785153459275712000,121932490,121652369,-164.121,0.000,0.000,1.000,3.000,0.000,0.000,18.000,0,0,0
B3_zmq_pushpull,zmq_tcp,none,none,,1,22816,512,584,1785153459276563000,1785153459276563000,1785153459276563000,1785153459276564000,1785153459276704000,1785153459276707000,1785153459276707000,1785153459276707000,121932490,121652369,-140.121,0.000,0.000,1.000,3.000,0.000,0.000,24.000,0,0,0
B3_zmq_pushpull,zmq_tcp,none,none,,1,22817,512,584,1785153459277413000,1785153459277413000,1785153459277413000,1785153459277414000,1785153459277571000,1785153459277573000,1785153459277573000,1785153459277573000,121932490,121652369,-123.121,0.000,0.000,1.000,2.000,0.000,0.000,17.000,0,0,0
B3_zmq_pushpull,zmq_tcp,none,none,,1,22818,512,584,1785153459278639000,1785153459278639000,1785153459278639000,1785153459278640000,1785153459278717000,1785153459278720000,1785153459278720000,1785153459278720000,121932490,121652369,-203.121,0.000,0.000,1.000,3.000,0.000,0.000,80.000,0,0,0
B3_zmq_pushpull,zmq_tcp,none,none,,1,22819,512,584,1785153459279579000,1785153459279579000,1785153459279579000,1785153459279580000,1785153459279717000,1785153459279720000,1785153459279720000,1785153459279720000,121932490,121652369,-143.121,0.000,0.000,1.000,3.000,0.000,0.000,60.000,0,0,0
B3_zmq_pushpull,zmq_tcp,none,none,,1,22820,512,584,1785153459280599000,1785153459280599000,1785153459280599000,1785153459280600000,1785153459280709000,1785153459280712000,1785153459280712000,1785153459280712000,121932490,121652369,-171.121,0.000,0.000,1.000,3.000,0.000,0.000,28.000,0,0,0
B3_zmq_pushpull,zmq_tcp,none,none,,1,22821,512,584,1785153459281592000,1785153459281592000,1785153459281592000,1785153459281593000,1785153459281720000,1785153459281722000,1785153459281722000,1785153459281722000,121932490,121652369,-153.121,0.000,0.000,1.000,2.000,0.000,0.000,18.000,0,0,0
B3_zmq_pushpull,zmq_tcp,none,none,,1,22822,512,584,1785153459282595000,1785153459282595000,1785153459282595000,1785153459282596000,1785153459282724000,1785153459282727000,1785153459282727000,1785153459282727000,121932490,121652369,-152.121,0.000,0.000,1.000,3.000,0.000,0.000,1.000,0,0,0
B3_zmq_pushpull,zmq_tcp,none,none,,1,22823,512,584,1785153459283591000,1785153459283591000,1785153459283591000,1785153459283592000,1785153459283727000,1785153459283730000,1785153459283730000,1785153459283730000,121932490,121652369,-145.121,0.000,0.000,1.000,3.000,0.000,0.000,7.000,0,0,0
B3_zmq_pushpull,zmq_tcp,none,none,,1,22824,512,584,1785153459284595000,1785153459284595000,1785153459284595000,1785153459284596000,1785153459284725000,1785153459284728000,1785153459284728000,1785153459284728000,121932490,121652369,-151.121,0.000,0.000,1.000,3.000,0.000,0.000,6.000,0,0,0
B3_zmq_pushpull,zmq_tcp,none,none,,1,22825,512,584,1785153459285594000,1785153459285594000,1785153459285594000,1785153459285595000,1785153459285697000,1785153459285700000,1785153459285700000,1785153459285700000,121932490,121652369,-178.121,0.000,0.000,1.000,3.000,0.000,0.000,27.000,0,0,0
B3_zmq_pushpull,zmq_tcp,none,none,,1,22826,512,584,1785153459286597000,1785153459286597000,1785153459286597000,1785153459286598000,1785153459286712000,1785153459286715000,1785153459286715000,1785153459286715000,121932490,121652369,-166.121,0.000,0.000,1.000,3.000,0.000,0.000,12.000,0,0,0
B3_zmq_pushpull,zmq_tcp,none,none,,1,22827,512,584,1785153459287588000,1785153459287588000,1785153459287588000,1785153459287589000,1785153459287723000,1785153459287725000,1785153459287725000,1785153459287725000,121932490,121652369,-146.121,0.000,0.000,1.000,2.000,0.000,0.000,20.000,0,0,0
B3_zmq_pushpull,zmq_tcp,none,none,,1,22828,512,584,1785153459288598000,1785153459288598000,1785153459288598000,1785153459288599000,1785153459288723000,1785153459288725000,1785153459288725000,1785153459288725000,121932490,121652369,-156.121,0.000,0.000,1.000,2.000,0.000,0.000,10.000,0,0,0
B3_zmq_pushpull,zmq_tcp,none,none,,1,22829,512,584,1785153459289592000,1785153459289592000,1785153459289592000,1785153459289593000,1785153459289727000,1785153459289729000,1785153459289729000,1785153459289729000,121932490,121652369,-146.121,0.000,0.000,1.000,2.000,0.000,0.000,10.000,0,0,0
B3_zmq_pushpull,zmq_tcp,none,none,,1,22830,512,584,1785153459290594000,1785153459290594000,1785153459290594000,1785153459290595000,1785153459290712000,1785153459290715000,1785153459290715000,1785153459290715000,121932490,121652369,-163.121,0.000,0.000,1.000,3.000,0.000,0.000,17.000,0,0,0
B3_zmq_pushpull,zmq_tcp,none,none,,1,22831,512,584,1785153459291592000,1785153459291592000,1785153459291592000,1785153459291593000,1785153459291716000,1785153459291719000,1785153459291719000,1785153459291719000,121932490,121652369,-157.121,0.000,0.000,1.000,3.000,0.000,0.000,6.000,0,0,0
B3_zmq_pushpull,zmq_tcp,none,none,,1,22832,512,584,1785153459292595000,1785153459292595000,1785153459292595000,1785153459292596000,1785153459292715000,1785153459292717000,1785153459292717000,1785153459292717000,121932490,121652369,-161.121,0.000,0.000,1.000,2.000,0.000,0.000,4.000,0,0,0
B3_zmq_pushpull,zmq_tcp,none,none,,1,22833,512,584,1785153459293594000,1785153459293594000,1785153459293594000,1785153459293595000,1785153459293724000,1785153459293727000,1785153459293727000,1785153459293727000,121932490,121652369,-151.121,0.000,0.000,1.000,3.000,0.000,0.000,10.000,0,0,0
B3_zmq_pushpull,zmq_tcp,none,none,,1,22834,512,584,1785153459294596000,1785153459294596000,1785153459294597000,1785153459294597000,1785153459294732000,1785153459294735000,1785153459294735000,1785153459294735000,121932490,121652369,-145.121,0.000,1.000,0.000,3.000,0.000,0.000,6.000,0,0,0
B3_zmq_pushpull,zmq_tcp,none,none,,1,22835,512,584,1785153459295592000,1785153459295592000,1785153459295593000,1785153459295593000,1785153459295720000,1785153459295723000,1785153459295723000,1785153459295723000,121932490,121652369,-153.121,0.000,1.000,0.000,3.000,0.000,0.000,8.000,0,0,0
B3_zmq_pushpull,zmq_tcp,none,none,,1,22836,512,584,1785153459296596000,1785153459296597000,1785153459296597000,1785153459296597000,1785153459296715000,1785153459296717000,1785153459296717000,1785153459296717000,121932490,121652369,-162.121,1.000,0.000,0.000,2.000,0.000,0.000,9.000,0,0,0
B3_zmq_pushpull,zmq_tcp,none,none,,1,22837,512,584,1785153459297594000,1785153459297594000,1785153459297594000,1785153459297595000,1785153459297717000,1785153459297720000,1785153459297720000,1785153459297720000,121932490,121652369,-158.121,0.000,0.000,1.000,3.000,0.000,0.000,4.000,0,0,0
B3_zmq_pushpull,zmq_tcp,none,none,,1,22838,512,584,1785153459298594000,1785153459298594000,1785153459298594000,1785153459298595000,1785153459298724000,1785153459298727000,1785153459298727000,1785153459298727000,121932490,121652369,-151.121,0.000,0.000,1.000,3.000,0.000,0.000,7.000,0,0,0
B3_zmq_pushpull,zmq_tcp,none,none,,1,22839,512,584,1785153459299591000,1785153459299591000,1785153459299591000,1785153459299592000,1785153459299729000,1785153459299732000,1785153459299732000,1785153459299732000,121932490,121652369,-143.121,0.000,0.000,1.000,3.000,0.000,0.000,8.000,0,0,0
B3_zmq_pushpull,zmq_tcp,none,none,,1,22840,512,584,1785153459300598000,1785153459300598000,1785153459300598000,1785153459300599000,1785153459300746000,1785153459300748000,1785153459300748000,1785153459300748000,121932490,121652369,-133.121,0.000,0.000,1.000,2.000,0.000,0.000,10.000,0,0,0
B3_zmq_pushpull,zmq_tcp,none,none,,1,22841,512,584,1785153459301591000,1785153459301592000,1785153459301592000,1785153459301593000,1785153459301739000,1785153459301741000,1785153459301741000,1785153459301741000,121932490,121652369,-134.121,1.000,0.000,1.000,2.000,0.000,0.000,1.000,0,0,0
B3_zmq_pushpull,zmq_tcp,none,none,,1,22842,512,584,1785153459302599000,1785153459302599000,1785153459302599000,1785153459302600000,1785153459302757000,1785153459302760000,1785153459302760000,1785153459302760000,121932490,121652369,-123.121,0.000,0.000,1.000,3.000,0.000,0.000,11.000,0,0,0
B3_zmq_pushpull,zmq_tcp,none,none,,1,22843,512,584,1785153459303463000,1785153459303463000,1785153459303463000,1785153459303464000,1785153459303621000,1785153459303624000,1785153459303624000,1785153459303624000,121932490,121652369,-123.121,0.000,0.000,1.000,3.000,0.000,0.000,0.000,0,0,0
B3_zmq_pushpull,zmq_tcp,none,none,,1,22844,512,584,1785153459304628000,1785153459304628000,1785153459304628000,1785153459304629000,1785153459304751000,1785153459304754000,1785153459304754000,1785153459304754000,121932490,121652369,-158.121,0.000,0.000,1.000,3.000,0.000,0.000,35.000,0,0,0
B3_zmq_pushpull,zmq_tcp,none,none,,1,22845,512,584,1785153459305586000,1785153459305586000,1785153459305586000,1785153459305587000,1785153459305749000,1785153459305752000,1785153459305752000,1785153459305752000,121932490,121652369,-118.121,0.000,0.000,1.000,3.000,0.000,0.000,40.000,0,0,0
B3_zmq_pushpull,zmq_tcp,none,none,,1,22846,512,584,1785153459306445000,1785153459306445000,1785153459306445000,1785153459306446000,1785153459306600000,1785153459306603000,1785153459306603000,1785153459306603000,121932490,121652369,-126.121,0.000,0.000,1.000,3.000,0.000,0.000,8.000,0,0,0
B3_zmq_pushpull,zmq_tcp,none,none,,1,22847,512,584,1785153459307453000,1785153459307453000,1785153459307453000,1785153459307454000,1785153459307611000,1785153459307614000,1785153459307614000,1785153459307614000,121932490,121652369,-123.121,0.000,0.000,1.000,3.000,0.000,0.000,3.000,0,0,0
B3_zmq_pushpull,zmq_tcp,none,none,,1,22848,512,584,1785153459308630000,1785153459308630000,1785153459308630000,1785153459308631000,1785153459308762000,1785153459308764000,1785153459308764000,1785153459308764000,121932490,121652369,-149.121,0.000,0.000,1.000,2.000,0.000,0.000,26.000,0,0,0
B3_zmq_pushpull,zmq_tcp,none,none,,1,22849,512,584,1785153459309585000,1785153459309585000,1785153459309585000,1785153459309586000,1785153459309762000,1785153459309764000,1785153459309764000,1785153459309764000,121932490,121652369,-104.121,0.000,0.000,1.000,2.000,0.000,0.000,45.000,0,0,0
B3_zmq_pushpull,zmq_tcp,none,none,,1,22850,512,584,1785153459310479000,1785153459310479000,1785153459310479000,1785153459310480000,1785153459310639000,1785153459310641000,1785153459310642000,1785153459310642000,121932490,121652369,-121.121,0.000,0.000,1.000,2.000,1.000,0.000,17.000,0,0,0
B3_zmq_pushpull,zmq_tcp,none,none,,1,22851,512,584,1785153459311624000,1785153459311624000,1785153459311624000,1785153459311625000,1785153459311790000,1785153459311793000,1785153459311793000,1785153459311793000,121932490,121652369,-115.121,0.000,0.000,1.000,3.000,0.000,0.000,6.000,0,0,0
B3_zmq_pushpull,zmq_tcp,none,none,,1,22852,512,584,1785153459312486000,1785153459312487000,1785153459312487000,1785153459312488000,1785153459312638000,1785153459312640000,1785153459312640000,1785153459312640000,121932490,121652369,-130.121,1.000,0.000,1.000,2.000,0.000,0.000,15.000,0,0,0
B3_zmq_pushpull,zmq_tcp,none,none,,1,22853,512,584,1785153459313453000,1785153459313453000,1785153459313453000,1785153459313454000,1785153459313607000,1785153459313610000,1785153459313610000,1785153459313610000,121932490,121652369,-127.121,0.000,0.000,1.000,3.000,0.000,0.000,3.000,0,0,0
B3_zmq_pushpull,zmq_tcp,none,none,,1,22854,512,584,1785153459314426000,1785153459314427000,1785153459314427000,1785153459314428000,1785153459314590000,1785153459314592000,1785153459314592000,1785153459314592000,121932490,121652369,-118.121,1.000,0.000,1.000,2.000,0.000,0.000,9.000,0,0,0
B3_zmq_pushpull,zmq_tcp,none,none,,1,22855,512,584,1785153459315635000,1785153459315635000,1785153459315636000,1785153459315636000,1785153459315706000,1785153459315710000,1785153459315710000,1785153459315710000,121932490,121652369,-210.121,0.000,1.000,0.000,4.000,0.000,0.000,92.000,0,0,0
B3_zmq_pushpull,zmq_tcp,none,none,,1,22856,512,584,1785153459316585000,1785153459316585000,1785153459316585000,1785153459316586000,1785153459316672000,1785153459316675000,1785153459316675000,1785153459316675000,121932490,121652369,-194.121,0.000,0.000,1.000,3.000,0.000,0.000,16.000,0,0,0
B3_zmq_pushpull,zmq_tcp,none,none,,1,22857,512,584,1785153459317594000,1785153459317594000,1785153459317594000,1785153459317595000,1785153459317669000,1785153459317671000,1785153459317672000,1785153459317672000,121932490,121652369,-206.121,0.000,0.000,1.000,2.000,1.000,0.000,12.000,0,0,0
B3_zmq_pushpull,zmq_tcp,none,none,,1,22858,512,584,1785153459318593000,1785153459318593000,1785153459318593000,1785153459318594000,1785153459318644000,1785153459318647000,1785153459318647000,1785153459318647000,121932490,121652369,-230.121,0.000,0.000,1.000,3.000,0.000,0.000,24.000,0,0,0
B3_zmq_pushpull,zmq_tcp,none,none,,1,22859,512,584,1785153459319593000,1785153459319593000,1785153459319593000,1785153459319594000,1785153459319752000,1785153459319755000,1785153459319755000,1785153459319755000,121932490,121652369,-122.121,0.000,0.000,1.000,3.000,0.000,0.000,108.000,0,0,0
B3_zmq_pushpull,zmq_tcp,none,none,,1,22860,512,584,1785153459320450000,1785153459320450000,1785153459320450000,1785153459320451000,1785153459320592000,1785153459320595000,1785153459320595000,1785153459320595000,121932490,121652369,-139.121,0.000,0.000,1.000,3.000,0.000,0.000,17.000,0,0,0
B3_zmq_pushpull,zmq_tcp,none,none,,1,22861,512,584,1785153459321629000,1785153459321629000,1785153459321629000,1785153459321630000,1785153459321715000,1785153459321724000,1785153459321724000,1785153459321724000,121932490,121652369,-195.121,0.000,0.000,1.000,9.000,0.000,0.000,56.000,0,0,0
B3_zmq_pushpull,zmq_tcp,none,none,,1,22862,512,584,1785153459322586000,1785153459322586000,1785153459322586000,1785153459322587000,1785153459322707000,1785153459322710000,1785153459322710000,1785153459322710000,121932490,121652369,-160.121,0.000,0.000,1.000,3.000,0.000,0.000,35.000,0,0,0
B3_zmq_pushpull,zmq_tcp,none,none,,1,22863,512,584,1785153459323594000,1785153459323594000,1785153459323594000,1785153459323595000,1785153459323700000,1785153459323703000,1785153459323703000,1785153459323703000,121932490,121652369,-175.121,0.000,0.000,1.000,3.000,0.000,0.000,15.000,0,0,0
B3_zmq_pushpull,zmq_tcp,none,none,,1,22864,512,584,1785153459324593000,1785153459324594000,1785153459324594000,1785153459324595000,1785153459324687000,1785153459324690000,1785153459324690000,1785153459324690000,121932490,121652369,-188.121,1.000,0.000,1.000,3.000,0.000,0.000,13.000,0,0,0
B3_zmq_pushpull,zmq_tcp,none,none,,1,22865,512,584,1785153459325593000,1785153459325593000,1785153459325593000,1785153459325594000,1785153459325655000,1785153459325659000,1785153459325659000,1785153459325659000,121932490,121652369,-219.121,0.000,0.000,1.000,4.000,0.000,0.000,31.000,0,0,0
B3_zmq_pushpull,zmq_tcp,none,none,,1,22866,512,584,1785153459326468000,1785153459326468000,1785153459326468000,1785153459326469000,1785153459326620000,1785153459326623000,1785153459326623000,1785153459326623000,121932490,121652369,-129.121,0.000,0.000,1.000,3.000,0.000,0.000,90.000,0,0,0
B3_zmq_pushpull,zmq_tcp,none,none,,1,22867,512,584,1785153459327446000,1785153459327446000,1785153459327446000,1785153459327447000,1785153459327596000,1785153459327599000,1785153459327599000,1785153459327599000,121932490,121652369,-131.121,0.000,0.000,1.000,3.000,0.000,0.000,2.000,0,0,0
B3_zmq_pushpull,zmq_tcp,none,none,,1,22868,512,584,1785153459328428000,1785153459328428000,1785153459328428000,1785153459328429000,1785153459328587000,1785153459328590000,1785153459328590000,1785153459328590000,121932490,121652369,-122.121,0.000,0.000,1.000,3.000,0.000,0.000,9.000,0,0,0
B3_zmq_pushpull,zmq_tcp,none,none,,1,22869,512,584,1785153459329637000,1785153459329637000,1785153459329637000,1785153459329638000,1785153459329715000,1785153459329718000,1785153459329718000,1785153459329718000,121932490,121652369,-203.121,0.000,0.000,1.000,3.000,0.000,0.000,81.000,0,0,0
B3_zmq_pushpull,zmq_tcp,none,none,,1,22870,512,584,1785153459330582000,1785153459330582000,1785153459330582000,1785153459330583000,1785153459330697000,1785153459330699000,1785153459330699000,1785153459330699000,121932490,121652369,-166.121,0.000,0.000,1.000,2.000,0.000,0.000,37.000,0,0,0
B3_zmq_pushpull,zmq_tcp,none,none,,1,22871,512,584,1785153459331596000,1785153459331596000,1785153459331596000,1785153459331597000,1785153459331691000,1785153459331694000,1785153459331694000,1785153459331694000,121932490,121652369,-186.121,0.000,0.000,1.000,3.000,0.000,0.000,20.000,0,0,0
B3_zmq_pushpull,zmq_tcp,none,none,,1,22872,512,584,1785153459332593000,1785153459332593000,1785153459332593000,1785153459332594000,1785153459332653000,1785153459332656000,1785153459332656000,1785153459332656000,121932490,121652369,-221.121,0.000,0.000,1.000,3.000,0.000,0.000,35.000,0,0,0
B3_zmq_pushpull,zmq_tcp,none,none,,1,22873,512,584,1785153459333594000,1785153459333594000,1785153459333594000,1785153459333595000,1785153459333650000,1785153459333653000,1785153459333653000,1785153459333653000,121932490,121652369,-225.121,0.000,0.000,1.000,3.000,0.000,0.000,4.000,0,0,0
B3_zmq_pushpull,zmq_tcp,none,none,,1,22874,512,584,1785153459334481000,1785153459334481000,1785153459334481000,1785153459334482000,1785153459334631000,1785153459334634000,1785153459334634000,1785153459334634000,121932490,121652369,-131.121,0.000,0.000,1.000,3.000,0.000,0.000,94.000,0,0,0
B3_zmq_pushpull,zmq_tcp,none,none,,1,22875,512,584,1785153459335473000,1785153459335473000,1785153459335473000,1785153459335474000,1785153459335627000,1785153459335630000,1785153459335630000,1785153459335630000,121932490,121652369,-127.121,0.000,0.000,1.000,3.000,0.000,0.000,4.000,0,0,0
B3_zmq_pushpull,zmq_tcp,none,none,,1,22876,512,584,1785153459336461000,1785153459336461000,1785153459336461000,1785153459336462000,1785153459336619000,1785153459336622000,1785153459336622000,1785153459336622000,121932490,121652369,-123.121,0.000,0.000,1.000,3.000,0.000,0.000,4.000,0,0,0
B3_zmq_pushpull,zmq_tcp,none,none,,1,22877,512,584,1785153459337631000,1785153459337631000,1785153459337631000,1785153459337632000,1785153459337722000,1785153459337725000,1785153459337725000,1785153459337725000,121932490,121652369,-190.121,0.000,0.000,1.000,3.000,0.000,0.000,67.000,0,0,0
B3_zmq_pushpull,zmq_tcp,none,none,,1,22878,512,584,1785153459338417000,1785153459338417000,1785153459338417000,1785153459338418000,1785153459338578000,1785153459338581000,1785153459338581000,1785153459338581000,121932490,121652369,-120.121,0.000,0.000,1.000,3.000,0.000,0.000,70.000,0,0,0
B3_zmq_pushpull,zmq_tcp,none,none,,1,22879,512,584,1785153459339637000,1785153459339637000,1785153459339637000,1785153459339638000,1785153459339707000,1785153459339710000,1785153459339710000,1785153459339710000,121932490,121652369,-211.121,0.000,0.000,1.000,3.000,0.000,0.000,91.000,0,0,0
B3_zmq_pushpull,zmq_tcp,none,none,,1,22880,512,584,1785153459340582000,1785153459340582000,1785153459340582000,1785153459340583000,1785153459340674000,1785153459340677000,1785153459340677000,1785153459340677000,121932490,121652369,-189.121,0.000,0.000,1.000,3.000,0.000,0.000,22.000,0,0,0
B3_zmq_pushpull,zmq_tcp,none,none,,1,22881,512,584,1785153459341489000,1785153459341489000,1785153459341489000,1785153459341490000,1785153459341641000,1785153459341643000,1785153459341643000,1785153459341643000,121932490,121652369,-129.121,0.000,0.000,1.000,2.000,0.000,0.000,60.000,0,0,0
B3_zmq_pushpull,zmq_tcp,none,none,,1,22882,512,584,1785153459342473000,1785153459342473000,1785153459342473000,1785153459342474000,1785153459342633000,1785153459342635000,1785153459342635000,1785153459342635000,121932490,121652369,-121.121,0.000,0.000,1.000,2.000,0.000,0.000,8.000,0,0,0
B3_zmq_pushpull,zmq_tcp,none,none,,1,22883,512,584,1785153459343623000,1785153459343623000,1785153459343623000,1785153459343624000,1785153459343770000,1785153459343773000,1785153459343773000,1785153459343773000,121932490,121652369,-134.121,0.000,0.000,1.000,3.000,0.000,0.000,13.000,0,0,0
B3_zmq_pushpull,zmq_tcp,none,none,,1,22884,512,584,1785153459344589000,1785153459344589000,1785153459344590000,1785153459344590000,1785153459344750000,1785153459344753000,1785153459344753000,1785153459344753000,121932490,121652369,-120.121,0.000,1.000,0.000,3.000,0.000,0.000,14.000,0,0,0
B3_zmq_pushpull,zmq_tcp,none,none,,1,22885,512,584,1785153459345442000,1785153459345442000,1785153459345442000,1785153459345443000,1785153459345595000,1785153459345598000,1785153459345598000,1785153459345598000,121932490,121652369,-128.121,0.000,0.000,1.000,3.000,0.000,0.000,8.000,0,0,0
B3_zmq_pushpull,zmq_tcp,none,none,,1,22886,512,584,1785153459346431000,1785153459346431000,1785153459346431000,1785153459346432000,1785153459346574000,1785153459346577000,1785153459346577000,1785153459346577000,121932490,121652369,-138.121,0.000,0.000,1.000,3.000,0.000,0.000,10.000,0,0,0
B3_zmq_pushpull,zmq_tcp,none,none,,1,22887,512,584,1785153459347402000,1785153459347402000,1785153459347402000,1785153459347403000,1785153459347554000,1785153459347557000,1785153459347557000,1785153459347557000,121932490,121652369,-129.121,0.000,0.000,1.000,3.000,0.000,0.000,9.000,0,0,0
B3_zmq_pushpull,zmq_tcp,none,none,,1,22888,512,584,1785153459348403000,1785153459348403000,1785153459348403000,1785153459348404000,1785153459348543000,1785153459348546000,1785153459348546000,1785153459348546000,121932490,121652369,-141.121,0.000,0.000,1.000,3.000,0.000,0.000,12.000,0,0,0
B3_zmq_pushpull,zmq_tcp,none,none,,1,22889,512,584,1785153459349520000,1785153459349520000,1785153459349520000,1785153459349521000,1785153459349678000,1785153459349681000,1785153459349681000,1785153459349681000,121932490,121652369,-123.121,0.000,0.000,1.000,3.000,0.000,0.000,18.000,0,0,0
B3_zmq_pushpull,zmq_tcp,none,none,,1,22890,512,584,1785153459350612000,1785153459350612000,1785153459350612000,1785153459350613000,1785153459350806000,1785153459350809000,1785153459350809000,1785153459350809000,121932490,121652369,-87.121,0.000,0.000,1.000,3.000,0.000,0.000,36.000,0,0,0
B3_zmq_pushpull,zmq_tcp,none,none,,1,22891,512,584,1785153459351501000,1785153459351501000,1785153459351501000,1785153459351502000,1785153459351658000,1785153459351661000,1785153459351661000,1785153459351661000,121932490,121652369,-124.121,0.000,0.000,1.000,3.000,0.000,0.000,37.000,0,0,0
B3_zmq_pushpull,zmq_tcp,none,none,,1,22892,512,584,1785153459352617000,1785153459352617000,1785153459352617000,1785153459352618000,1785153459352764000,1785153459352767000,1785153459352767000,1785153459352767000,121932490,121652369,-134.121,0.000,0.000,1.000,3.000,0.000,0.000,10.000,0,0,0
B3_zmq_pushpull,zmq_tcp,none,none,,1,22893,512,584,1785153459353586000,1785153459353586000,1785153459353586000,1785153459353587000,1785153459353749000,1785153459353751000,1785153459353751000,1785153459353751000,121932490,121652369,-118.121,0.000,0.000,1.000,2.000,0.000,0.000,16.000,0,0,0
B3_zmq_pushpull,zmq_tcp,none,none,,1,22894,512,584,1785153459354594000,1785153459354594000,1785153459354594000,1785153459354595000,1785153459354714000,1785153459354716000,1785153459354717000,1785153459354717000,121932490,121652369,-161.121,0.000,0.000,1.000,2.000,1.000,0.000,43.000,0,0,0
B3_zmq_pushpull,zmq_tcp,none,none,,1,22895,512,584,1785153459355593000,1785153459355593000,1785153459355593000,1785153459355594000,1785153459355701000,1785153459355703000,1785153459355703000,1785153459355703000,121932490,121652369,-173.121,0.000,0.000,1.000,2.000,0.000,0.000,12.000,0,0,0
B3_zmq_pushpull,zmq_tcp,none,none,,1,22896,512,584,1785153459356593000,1785153459356593000,1785153459356593000,1785153459356594000,1785153459356677000,1785153459356680000,1785153459356680000,1785153459356680000,121932490,121652369,-197.121,0.000,0.000,1.000,3.000,0.000,0.000,24.000,0,0,0
B3_zmq_pushpull,zmq_tcp,none,none,,1,22897,512,584,1785153459357595000,1785153459357595000,1785153459357595000,1785153459357596000,1785153459357670000,1785153459357673000,1785153459357673000,1785153459357673000,121932490,121652369,-206.121,0.000,0.000,1.000,3.000,0.000,0.000,9.000,0,0,0
B3_zmq_pushpull,zmq_tcp,none,none,,1,22898,512,584,1785153459358592000,1785153459358592000,1785153459358592000,1785153459358593000,1785153459358779000,1785153459358782000,1785153459358782000,1785153459358782000,121932490,121652369,-94.121,0.000,0.000,1.000,3.000,0.000,0.000,112.000,0,0,0
B3_zmq_pushpull,zmq_tcp,none,none,,1,22899,512,584,1785153459359594000,1785153459359594000,1785153459359594000,1785153459359595000,1785153459359639000,1785153459359642000,1785153459359642000,1785153459359642000,121932490,121652369,-236.121,0.000,0.000,1.000,3.000,0.000,0.000,142.000,0,0,0
B3_zmq_pushpull,zmq_tcp,none,none,,1,22900,512,584,1785153459360593000,1785153459360593000,1785153459360593000,1785153459360594000,1785153459360754000,1785153459360757000,1785153459360757000,1785153459360757000,121932490,121652369,-120.121,0.000,0.000,1.000,3.000,0.000,0.000,116.000,0,0,0
B3_zmq_pushpull,zmq_tcp,none,none,,1,22901,512,584,1785153459361593000,1785153459361593000,1785153459361593000,1785153459361594000,1785153459361730000,1785153459361733000,1785153459361733000,1785153459361733000,121932490,121652369,-144.121,0.000,0.000,1.000,3.000,0.000,0.000,24.000,0,0,0
B3_zmq_pushpull,zmq_tcp,none,none,,1,22902,512,584,1785153459362591000,1785153459362591000,1785153459362591000,1785153459362592000,1785153459362703000,1785153459362706000,1785153459362706000,1785153459362706000,121932490,121652369,-169.121,0.000,0.000,1.000,3.000,0.000,0.000,25.000,0,0,0
B3_zmq_pushpull,zmq_tcp,none,none,,1,22903,512,584,1785153459363595000,1785153459363595000,1785153459363595000,1785153459363596000,1785153459363698000,1785153459363701000,1785153459363701000,1785153459363701000,121932490,121652369,-178.121,0.000,0.000,1.000,3.000,0.000,0.000,9.000,0,0,0
B3_zmq_pushpull,zmq_tcp,none,none,,1,22904,512,584,1785153459364593000,1785153459364593000,1785153459364593000,1785153459364594000,1785153459364671000,1785153459364674000,1785153459364674000,1785153459364674000,121932490,121652369,-203.121,0.000,0.000,1.000,3.000,0.000,0.000,25.000,0,0,0
B3_zmq_pushpull,zmq_tcp,none,none,,1,22905,512,584,1785153459365595000,1785153459365595000,1785153459365595000,1785153459365596000,1785153459365779000,1785153459365782000,1785153459365782000,1785153459365782000,121932490,121652369,-97.121,0.000,0.000,1.000,3.000,0.000,0.000,106.000,0,0,0
B3_zmq_pushpull,zmq_tcp,none,none,,1,22906,512,584,1785153459366591000,1785153459366591000,1785153459366591000,1785153459366592000,1785153459366753000,1785153459366756000,1785153459366756000,1785153459366756000,121932490,121652369,-119.121,0.000,0.000,1.000,3.000,0.000,0.000,22.000,0,0,0
B3_zmq_pushpull,zmq_tcp,none,none,,1,22907,512,584,1785153459367436000,1785153459367436000,1785153459367436000,1785153459367437000,1785153459367589000,1785153459367591000,1785153459367591000,1785153459367591000,121932490,121652369,-128.121,0.000,0.000,1.000,2.000,0.000,0.000,9.000,0,0,0
B3_zmq_pushpull,zmq_tcp,none,none,,1,22908,512,584,1785153459368423000,1785153459368423000,1785153459368423000,1785153459368425000,1785153459368567000,1785153459368570000,1785153459368570000,1785153459368570000,121932490,121652369,-138.121,0.000,0.000,2.000,3.000,0.000,0.000,10.000,0,0,0
B3_zmq_pushpull,zmq_tcp,none,none,,1,22909,512,584,1785153459369636000,1785153459369636000,1785153459369637000,1785153459369637000,1785153459369809000,1785153459369812000,1785153459369812000,1785153459369812000,121932490,121652369,-108.121,0.000,1.000,0.000,3.000,0.000,0.000,30.000,0,0,0
B3_zmq_pushpull,zmq_tcp,none,none,,1,22910,512,584,1785153459370582000,1785153459370582000,1785153459370582000,1785153459370583000,1785153459370791000,1785153459370794000,1785153459370794000,1785153459370794000,121932490,121652369,-72.121,0.000,0.000,1.000,3.000,0.000,0.000,36.000,0,0,0
B3_zmq_pushpull,zmq_tcp,none,none,,1,22911,512,584,1785153459371598000,1785153459371598000,1785153459371598000,1785153459371599000,1785153459371785000,1785153459371787000,1785153459371787000,1785153459371787000,121932490,121652369,-94.121,0.000,0.000,1.000,2.000,0.000,0.000,22.000,0,0,0
B3_zmq_pushpull,zmq_tcp,none,none,,1,22912,512,584,1785153459372592000,1785153459372592000,1785153459372592000,1785153459372593000,1785153459372766000,1785153459372769000,1785153459372769000,1785153459372769000,121932490,121652369,-107.121,0.000,0.000,1.000,3.000,0.000,0.000,13.000,0,0,0
B3_zmq_pushpull,zmq_tcp,none,none,,1,22913,512,584,1785153459373593000,1785153459373593000,1785153459373593000,1785153459373594000,1785153459373757000,1785153459373759000,1785153459373759000,1785153459373759000,121932490,121652369,-117.121,0.000,0.000,1.000,2.000,0.000,0.000,10.000,0,0,0
B3_zmq_pushpull,zmq_tcp,none,none,,1,22914,512,584,1785153459374591000,1785153459374591000,1785153459374591000,1785153459374592000,1785153459374737000,1785153459374740000,1785153459374740000,1785153459374740000,121932490,121652369,-135.121,0.000,0.000,1.000,3.000,0.000,0.000,18.000,0,0,0
B3_zmq_pushpull,zmq_tcp,none,none,,1,22915,512,584,1785153459375594000,1785153459375594000,1785153459375594000,1785153459375595000,1785153459375694000,1785153459375697000,1785153459375697000,1785153459375697000,121932490,121652369,-181.121,0.000,0.000,1.000,3.000,0.000,0.000,46.000,0,0,0
B3_zmq_pushpull,zmq_tcp,none,none,,1,22916,512,584,1785153459376594000,1785153459376594000,1785153459376594000,1785153459376595000,1785153459376687000,1785153459376690000,1785153459376690000,1785153459376690000,121932490,121652369,-188.121,0.000,0.000,1.000,3.000,0.000,0.000,7.000,0,0,0
B3_zmq_pushpull,zmq_tcp,none,none,,1,22917,512,584,1785153459377593000,1785153459377593000,1785153459377593000,1785153459377594000,1785153459377659000,1785153459377662000,1785153459377662000,1785153459377662000,121932490,121652369,-215.121,0.000,0.000,1.000,3.000,0.000,0.000,27.000,0,0,0
B3_zmq_pushpull,zmq_tcp,none,none,,1,22918,512,584,1785153459378593000,1785153459378593000,1785153459378593000,1785153459378594000,1785153459378633000,1785153459378636000,1785153459378636000,1785153459378636000,121932490,121652369,-241.121,0.000,0.000,1.000,3.000,0.000,0.000,26.000,0,0,0
B3_zmq_pushpull,zmq_tcp,none,none,,1,22919,512,584,1785153459379480000,1785153459379480000,1785153459379480000,1785153459379481000,1785153459379638000,1785153459379641000,1785153459379641000,1785153459379641000,121932490,121652369,-123.121,0.000,0.000,1.000,3.000,0.000,0.000,118.000,0,0,0
B3_zmq_pushpull,zmq_tcp,none,none,,1,22920,512,584,1785153459380621000,1785153459380621000,1785153459380621000,1785153459380622000,1785153459380744000,1785153459380746000,1785153459380747000,1785153459380747000,121932490,121652369,-158.121,0.000,0.000,1.000,2.000,1.000,0.000,35.000,0,0,0
B3_zmq_pushpull,zmq_tcp,none,none,,1,22921,512,584,1785153459381586000,1785153459381587000,1785153459381587000,1785153459381588000,1785153459381713000,1785153459381715000,1785153459381715000,1785153459381715000,121932490,121652369,-155.121,1.000,0.000,1.000,2.000,0.000,0.000,3.000,0,0,0
B3_zmq_pushpull,zmq_tcp,none,none,,1,22922,512,584,1785153459382596000,1785153459382596000,1785153459382596000,1785153459382597000,1785153459382698000,1785153459382701000,1785153459382701000,1785153459382701000,121932490,121652369,-179.121,0.000,0.000,1.000,3.000,0.000,0.000,24.000,0,0,0
B3_zmq_pushpull,zmq_tcp,none,none,,1,22923,512,584,1785153459383594000,1785153459383594000,1785153459383594000,1785153459383595000,1785153459383670000,1785153459383673000,1785153459383673000,1785153459383673000,121932490,121652369,-205.121,0.000,0.000,1.000,3.000,0.000,0.000,26.000,0,0,0
B3_zmq_pushpull,zmq_tcp,none,none,,1,22924,512,584,1785153459384521000,1785153459384521000,1785153459384521000,1785153459384522000,1785153459384677000,1785153459384679000,1785153459384679000,1785153459384679000,121932490,121652369,-125.121,0.000,0.000,1.000,2.000,0.000,0.000,80.000,0,0,0
B3_zmq_pushpull,zmq_tcp,none,none,,1,22925,512,584,1785153459385613000,1785153459385613000,1785153459385613000,1785153459385614000,1785153459385670000,1785153459385673000,1785153459385673000,1785153459385673000,121932490,121652369,-224.121,0.000,0.000,1.000,3.000,0.000,0.000,99.000,0,0,0
B3_zmq_pushpull,zmq_tcp,none,none,,1,22926,512,584,1785153459386493000,1785153459386493000,1785153459386493000,1785153459386494000,1785153459386653000,1785153459386655000,1785153459386655000,1785153459386655000,121932490,121652369,-121.121,0.000,0.000,1.000,2.000,0.000,0.000,103.000,0,0,0
B3_zmq_pushpull,zmq_tcp,none,none,,1,22927,512,584,1785153459387619000,1785153459387619000,1785153459387619000,1785153459387620000,1785153459387763000,1785153459387766000,1785153459387766000,1785153459387766000,121932490,121652369,-137.121,0.000,0.000,1.000,3.000,0.000,0.000,16.000,0,0,0
B3_zmq_pushpull,zmq_tcp,none,none,,1,22928,512,584,1785153459388584000,1785153459388584000,1785153459388584000,1785153459388585000,1785153459388730000,1785153459388733000,1785153459388733000,1785153459388733000,121932490,121652369,-135.121,0.000,0.000,1.000,3.000,0.000,0.000,2.000,0,0,0
B3_zmq_pushpull,zmq_tcp,none,none,,1,22929,512,584,1785153459389427000,1785153459389427000,1785153459389427000,1785153459389429000,1785153459389570000,1785153459389573000,1785153459389573000,1785153459389573000,121932490,121652369,-139.121,0.000,0.000,2.000,3.000,0.000,0.000,4.000,0,0,0
B3_zmq_pushpull,zmq_tcp,none,none,,1,22930,512,584,1785153459390416000,1785153459390417000,1785153459390417000,1785153459390418000,1785153459390577000,1785153459390580000,1785153459390580000,1785153459390580000,121932490,121652369,-121.121,1.000,0.000,1.000,3.000,0.000,0.000,18.000,0,0,0
B3_zmq_pushpull,zmq_tcp,none,none,,1,22931,512,584,1785153459391640000,1785153459391640000,1785153459391640000,1785153459391641000,1785153459391826000,1785153459391829000,1785153459391829000,1785153459391829000,121932490,121652369,-95.121,0.000,0.000,1.000,3.000,0.000,0.000,26.000,0,0,0
B3_zmq_pushpull,zmq_tcp,none,none,,1,22932,512,584,1785153459392581000,1785153459392581000,1785153459392581000,1785153459392582000,1785153459392658000,1785153459392662000,1785153459392662000,1785153459392662000,121932490,121652369,-204.121,0.000,0.000,1.000,4.000,0.000,0.000,109.000,0,0,0
B3_zmq_pushpull,zmq_tcp,none,none,,1,22933,512,584,1785153459393484000,1785153459393484000,1785153459393484000,1785153459393485000,1785153459393642000,1785153459393645000,1785153459393645000,1785153459393645000,121932490,121652369,-123.121,0.000,0.000,1.000,3.000,0.000,0.000,81.000,0,0,0
B3_zmq_pushpull,zmq_tcp,none,none,,1,22934,512,584,1785153459394474000,1785153459394474000,1785153459394474000,1785153459394475000,1785153459394617000,1785153459394620000,1785153459394620000,1785153459394620000,121932490,121652369,-138.121,0.000,0.000,1.000,3.000,0.000,0.000,15.000,0,0,0
B3_zmq_pushpull,zmq_tcp,none,none,,1,22935,512,584,1785153459395624000,1785153459395624000,1785153459395624000,1785153459395625000,1785153459395728000,1785153459395731000,1785153459395731000,1785153459395731000,121932490,121652369,-177.121,0.000,0.000,1.000,3.000,0.000,0.000,39.000,0,0,0
B3_zmq_pushpull,zmq_tcp,none,none,,1,22936,512,584,1785153459396418000,1785153459396418000,1785153459396418000,1785153459396419000,1785153459396570000,1785153459396573000,1785153459396573000,1785153459396573000,121932490,121652369,-129.121,0.000,0.000,1.000,3.000,0.000,0.000,48.000,0,0,0
B3_zmq_pushpull,zmq_tcp,none,none,,1,22937,512,584,1785153459397405000,1785153459397406000,1785153459397406000,1785153459397407000,1785153459397545000,1785153459397548000,1785153459397548000,1785153459397548000,121932490,121652369,-142.121,1.000,0.000,1.000,3.000,0.000,0.000,13.000,0,0,0
B3_zmq_pushpull,zmq_tcp,none,none,,1,22938,512,584,1785153459398640000,1785153459398640000,1785153459398640000,1785153459398641000,1785153459398788000,1785153459398790000,1785153459398790000,1785153459398790000,121932490,121652369,-133.121,0.000,0.000,1.000,2.000,0.000,0.000,9.000,0,0,0
B3_zmq_pushpull,zmq_tcp,none,none,,1,22939,512,584,1785153459399580000,1785153459399581000,1785153459399581000,1785153459399582000,1785153459399768000,1785153459399770000,1785153459399770000,1785153459399770000,121932490,121652369,-94.121,1.000,0.000,1.000,2.000,0.000,0.000,39.000,0,0,0
B3_zmq_pushpull,zmq_tcp,none,none,,1,22940,512,584,1785153459400599000,1785153459400599000,1785153459400599000,1785153459400600000,1785153459400742000,1785153459400745000,1785153459400745000,1785153459400745000,121932490,121652369,-138.121,0.000,0.000,1.000,3.000,0.000,0.000,44.000,0,0,0
B3_zmq_pushpull,zmq_tcp,none,none,,1,22941,512,584,1785153459401592000,1785153459401593000,1785153459401593000,1785153459401594000,1785153459401733000,1785153459401735000,1785153459401736000,1785153459401736000,121932490,121652369,-141.121,1.000,0.000,1.000,2.000,1.000,0.000,3.000,0,0,0
B3_zmq_pushpull,zmq_tcp,none,none,,1,22942,512,584,1785153459402593000,1785153459402593000,1785153459402593000,1785153459402594000,1785153459402709000,1785153459402711000,1785153459402711000,1785153459402711000,121932490,121652369,-165.121,0.000,0.000,1.000,2.000,0.000,0.000,24.000,0,0,0
B3_zmq_pushpull,zmq_tcp,none,none,,1,22943,512,584,1785153459403590000,1785153459403591000,1785153459403591000,1785153459403592000,1785153459403674000,1785153459403677000,1785153459403677000,1785153459403677000,121932490,121652369,-198.121,1.000,0.000,1.000,3.000,0.000,0.000,33.000,0,0,0
B3_zmq_pushpull,zmq_tcp,none,none,,1,22944,512,584,1785153459404595000,1785153459404595000,1785153459404595000,1785153459404596000,1785153459404773000,1785153459404775000,1785153459404775000,1785153459404776000,121932490,121652369,-103.121,0.000,0.000,1.000,2.000,0.000,1.000,95.000,0,0,0
B3_zmq_pushpull,zmq_tcp,none,none,,1,22945,512,584,1785153459405593000,1785153459405593000,1785153459405593000,1785153459405594000,1785153459405766000,1785153459405769000,1785153459405769000,1785153459405769000,121932490,121652369,-108.121,0.000,0.000,1.000,3.000,0.000,0.000,5.000,0,0,0
B3_zmq_pushpull,zmq_tcp,none,none,,1,22946,512,584,1785153459406594000,1785153459406594000,1785153459406594000,1785153459406595000,1785153459406760000,1785153459406762000,1785153459406762000,1785153459406762000,121932490,121652369,-115.121,0.000,0.000,1.000,2.000,0.000,0.000,7.000,0,0,0
B3_zmq_pushpull,zmq_tcp,none,none,,1,22947,512,584,1785153459407591000,1785153459407591000,1785153459407591000,1785153459407592000,1785153459407730000,1785153459407733000,1785153459407733000,1785153459407733000,121932490,121652369,-142.121,0.000,0.000,1.000,3.000,0.000,0.000,27.000,0,0,0
B3_zmq_pushpull,zmq_tcp,none,none,,1,22948,512,584,1785153459408595000,1785153459408595000,1785153459408595000,1785153459408596000,1785153459408720000,1785153459408722000,1785153459408722000,1785153459408722000,121932490,121652369,-156.121,0.000,0.000,1.000,2.000,0.000,0.000,14.000,0,0,0
B3_zmq_pushpull,zmq_tcp,none,none,,1,22949,512,584,1785153459409593000,1785153459409593000,1785153459409593000,1785153459409594000,1785153459409704000,1785153459409706000,1785153459409706000,1785153459409706000,121932490,121652369,-170.121,0.000,0.000,1.000,2.000,0.000,0.000,14.000,0,0,0
B3_zmq_pushpull,zmq_tcp,none,none,,1,22950,512,584,1785153459410594000,1785153459410594000,1785153459410594000,1785153459410595000,1785153459410690000,1785153459410693000,1785153459410693000,1785153459410693000,121932490,121652369,-185.121,0.000,0.000,1.000,3.000,0.000,0.000,15.000,0,0,0
B3_zmq_pushpull,zmq_tcp,none,none,,1,22951,512,584,1785153459411590000,1785153459411591000,1785153459411591000,1785153459411592000,1785153459411680000,1785153459411682000,1785153459411682000,1785153459411682000,121932490,121652369,-192.121,1.000,0.000,1.000,2.000,0.000,0.000,7.000,0,0,0
B3_zmq_pushpull,zmq_tcp,none,none,,1,22952,512,584,1785153459412596000,1785153459412596000,1785153459412596000,1785153459412597000,1785153459412772000,1785153459412774000,1785153459412774000,1785153459412774000,121932490,121652369,-105.121,0.000,0.000,1.000,2.000,0.000,0.000,87.000,0,0,0
B3_zmq_pushpull,zmq_tcp,none,none,,1,22953,512,584,1785153459413593000,1785153459413593000,1785153459413593000,1785153459413594000,1785153459413768000,1785153459413770000,1785153459413770000,1785153459413770000,121932490,121652369,-106.121,0.000,0.000,1.000,2.000,0.000,0.000,1.000,0,0,0
B3_zmq_pushpull,zmq_tcp,none,none,,1,22954,512,584,1785153459414599000,1785153459414599000,1785153459414599000,1785153459414600000,1785153459414749000,1785153459414751000,1785153459414751000,1785153459414752000,121932490,121652369,-131.121,0.000,0.000,1.000,2.000,0.000,1.000,25.000,0,0,0
B3_zmq_pushpull,zmq_tcp,none,none,,1,22955,512,584,1785153459415591000,1785153459415591000,1785153459415591000,1785153459415592000,1785153459415733000,1785153459415736000,1785153459415736000,1785153459415736000,121932490,121652369,-139.121,0.000,0.000,1.000,3.000,0.000,0.000,8.000,0,0,0
B3_zmq_pushpull,zmq_tcp,none,none,,1,22956,512,584,1785153459416595000,1785153459416595000,1785153459416595000,1785153459416596000,1785153459416702000,1785153459416705000,1785153459416705000,1785153459416705000,121932490,121652369,-174.121,0.000,0.000,1.000,3.000,0.000,0.000,35.000,0,0,0
B3_zmq_pushpull,zmq_tcp,none,none,,1,22957,512,584,1785153459417593000,1785153459417593000,1785153459417593000,1785153459417594000,1785153459417658000,1785153459417661000,1785153459417661000,1785153459417661000,121932490,121652369,-216.121,0.000,0.000,1.000,3.000,0.000,0.000,42.000,0,0,0
B3_zmq_pushpull,zmq_tcp,none,none,,1,22958,512,584,1785153459418598000,1785153459418598000,1785153459418598000,1785153459418599000,1785153459418782000,1785153459418786000,1785153459418786000,1785153459418786000,121932490,121652369,-97.121,0.000,0.000,1.000,4.000,0.000,0.000,119.000,0,0,0
B3_zmq_pushpull,zmq_tcp,none,none,,1,22959,512,584,1785153459419487000,1785153459419487000,1785153459419487000,1785153459419488000,1785153459419646000,1785153459419649000,1785153459419649000,1785153459419649000,121932490,121652369,-122.121,0.000,0.000,1.000,3.000,0.000,0.000,25.000,0,0,0
B3_zmq_pushpull,zmq_tcp,none,none,,1,22960,512,584,1785153459420620000,1785153459420620000,1785153459420620000,1785153459420621000,1785153459420778000,1785153459420781000,1785153459420781000,1785153459420781000,121932490,121652369,-123.121,0.000,0.000,1.000,3.000,0.000,0.000,1.000,0,0,0
B3_zmq_pushpull,zmq_tcp,none,none,,1,22961,512,584,1785153459421476000,1785153459421476000,1785153459421476000,1785153459421478000,1785153459421628000,1785153459421630000,1785153459421630000,1785153459421630000,121932490,121652369,-130.121,0.000,0.000,2.000,2.000,0.000,0.000,7.000,0,0,0
B3_zmq_pushpull,zmq_tcp,none,none,,1,22962,512,584,1785153459422447000,1785153459422447000,1785153459422447000,1785153459422448000,1785153459422588000,1785153459422591000,1785153459422591000,1785153459422591000,121932490,121652369,-140.121,0.000,0.000,1.000,3.000,0.000,0.000,10.000,0,0,0
B3_zmq_pushpull,zmq_tcp,none,none,,1,22963,512,584,1785153459423628000,1785153459423628000,1785153459423628000,1785153459423629000,1785153459423686000,1785153459423689000,1785153459423689000,1785153459423689000,121932490,121652369,-223.121,0.000,0.000,1.000,3.000,0.000,0.000,83.000,0,0,0
B3_zmq_pushpull,zmq_tcp,none,none,,1,22964,512,584,1785153459424586000,1785153459424586000,1785153459424586000,1785153459424587000,1785153459424663000,1785153459424666000,1785153459424666000,1785153459424666000,121932490,121652369,-204.121,0.000,0.000,1.000,3.000,0.000,0.000,19.000,0,0,0
B3_zmq_pushpull,zmq_tcp,none,none,,1,22965,512,584,1785153459425596000,1785153459425596000,1785153459425596000,1785153459425597000,1785153459425774000,1785153459425779000,1785153459425779000,1785153459425779000,121932490,121652369,-103.121,0.000,0.000,1.000,5.000,0.000,0.000,101.000,0,0,0
B3_zmq_pushpull,zmq_tcp,none,none,,1,22966,512,584,1785153459426592000,1785153459426592000,1785153459426592000,1785153459426593000,1785153459426769000,1785153459426772000,1785153459426773000,1785153459426773000,121932490,121652369,-104.121,0.000,0.000,1.000,3.000,1.000,0.000,1.000,0,0,0
B3_zmq_pushpull,zmq_tcp,none,none,,1,22967,512,584,1785153459427595000,1785153459427595000,1785153459427595000,1785153459427596000,1785153459427769000,1785153459427776000,1785153459427776000,1785153459427776000,121932490,121652369,-107.121,0.000,0.000,1.000,7.000,0.000,0.000,3.000,0,0,0
B3_zmq_pushpull,zmq_tcp,none,none,,1,22968,512,584,1785153459428464000,1785153459428464000,1785153459428464000,1785153459428465000,1785153459428616000,1785153459428618000,1785153459428618000,1785153459428618000,121932490,121652369,-129.121,0.000,0.000,1.000,2.000,0.000,0.000,22.000,0,0,0
B3_zmq_pushpull,zmq_tcp,none,none,,1,22969,512,584,1785153459429627000,1785153459429627000,1785153459429627000,1785153459429628000,1785153459429740000,1785153459429742000,1785153459429742000,1785153459429742000,121932490,121652369,-168.121,0.000,0.000,1.000,2.000,0.000,0.000,39.000,0,0,0
B3_zmq_pushpull,zmq_tcp,none,none,,1,22970,512,584,1785153459430583000,1785153459430583000,1785153459430583000,1785153459430584000,1785153459430708000,1785153459430710000,1785153459430710000,1785153459430710000,121932490,121652369,-156.121,0.000,0.000,1.000,2.000,0.000,0.000,12.000,0,0,0
B3_zmq_pushpull,zmq_tcp,none,none,,1,22971,512,584,1785153459431597000,1785153459431597000,1785153459431597000,1785153459431598000,1785153459431692000,1785153459431694000,1785153459431694000,1785153459431694000,121932490,121652369,-186.121,0.000,0.000,1.000,2.000,0.000,0.000,30.000,0,0,0
B3_zmq_pushpull,zmq_tcp,none,none,,1,22972,512,584,1785153459432596000,1785153459432596000,1785153459432596000,1785153459432597000,1785153459432690000,1785153459432693000,1785153459432693000,1785153459432693000,121932490,121652369,-187.121,0.000,0.000,1.000,3.000,0.000,0.000,1.000,0,0,0
B3_zmq_pushpull,zmq_tcp,none,none,,1,22973,512,584,1785153459433592000,1785153459433592000,1785153459433592000,1785153459433593000,1785153459433672000,1785153459433675000,1785153459433675000,1785153459433675000,121932490,121652369,-201.121,0.000,0.000,1.000,3.000,0.000,0.000,14.000,0,0,0
B3_zmq_pushpull,zmq_tcp,none,none,,1,22974,512,584,1785153459434595000,1785153459434595000,1785153459434595000,1785153459434596000,1785153459434772000,1785153459434775000,1785153459434775000,1785153459434775000,121932490,121652369,-104.121,0.000,0.000,1.000,3.000,0.000,0.000,97.000,0,0,0
B3_zmq_pushpull,zmq_tcp,none,none,,1,22975,512,584,1785153459435470000,1785153459435470000,1785153459435470000,1785153459435471000,1785153459435628000,1785153459435631000,1785153459435631000,1785153459435631000,121932490,121652369,-123.121,0.000,0.000,1.000,3.000,0.000,0.000,19.000,0,0,0
B3_zmq_pushpull,zmq_tcp,none,none,,1,22976,512,584,1785153459436624000,1785153459436624000,1785153459436624000,1785153459436625000,1785153459436718000,1785153459436722000,1785153459436722000,1785153459436722000,121932490,121652369,-187.121,0.000,0.000,1.000,4.000,0.000,0.000,64.000,0,0,0
B3_zmq_pushpull,zmq_tcp,none,none,,1,22977,512,584,1785153459437408000,1785153459437409000,1785153459437409000,1785153459437410000,1785153459437560000,1785153459437562000,1785153459437562000,1785153459437562000,121932490,121652369,-130.121,1.000,0.000,1.000,2.000,0.000,0.000,57.000,0,0,0
B3_zmq_pushpull,zmq_tcp,none,none,,1,22978,512,584,1785153459438516000,1785153459438517000,1785153459438517000,1785153459438518000,1785153459438659000,1785153459438661000,1785153459438661000,1785153459438661000,121932490,121652369,-139.121,1.000,0.000,1.000,2.000,0.000,0.000,9.000,0,0,0
B3_zmq_pushpull,zmq_tcp,none,none,,1,22979,512,584,1785153459439496000,1785153459439496000,1785153459439496000,1785153459439497000,1785153459439658000,1785153459439665000,1785153459439665000,1785153459439665000,121932490,121652369,-119.121,0.000,0.000,1.000,7.000,0.000,0.000,20.000,0,0,0
B3_zmq_pushpull,zmq_tcp,none,none,,1,22980,512,584,1785153459440619000,1785153459440619000,1785153459440619000,1785153459440620000,1785153459440758000,1785153459440761000,1785153459440761000,1785153459440761000,121932490,121652369,-142.121,0.000,0.000,1.000,3.000,0.000,0.000,23.000,0,0,0
B3_zmq_pushpull,zmq_tcp,none,none,,1,22981,512,584,1785153459441587000,1785153459441587000,1785153459441587000,1785153459441588000,1785153459441750000,1785153459441753000,1785153459441753000,1785153459441753000,121932490,121652369,-118.121,0.000,0.000,1.000,3.000,0.000,0.000,24.000,0,0,0
B3_zmq_pushpull,zmq_tcp,none,none,,1,22982,512,584,1785153459442598000,1785153459442598000,1785153459442598000,1785153459442599000,1785153459442714000,1785153459442718000,1785153459442718000,1785153459442718000,121932490,121652369,-165.121,0.000,0.000,1.000,4.000,0.000,0.000,47.000,0,0,0
B3_zmq_pushpull,zmq_tcp,none,none,,1,22983,512,584,1785153459443592000,1785153459443592000,1785153459443592000,1785153459443593000,1785153459443701000,1785153459443704000,1785153459443704000,1785153459443704000,121932490,121652369,-172.121,0.000,0.000,1.000,3.000,0.000,0.000,7.000,0,0,0
B3_zmq_pushpull,zmq_tcp,none,none,,1,22984,512,584,1785153459444595000,1785153459444595000,1785153459444595000,1785153459444596000,1785153459444677000,1785153459444680000,1785153459444680000,1785153459444680000,121932490,121652369,-199.121,0.000,0.000,1.000,3.000,0.000,0.000,27.000,0,0,0
B3_zmq_pushpull,zmq_tcp,none,none,,1,22985,512,584,1785153459445591000,1785153459445591000,1785153459445591000,1785153459445592000,1785153459445662000,1785153459445665000,1785153459445665000,1785153459445665000,121932490,121652369,-210.121,0.000,0.000,1.000,3.000,0.000,0.000,11.000,0,0,0
B3_zmq_pushpull,zmq_tcp,none,none,,1,22986,512,584,1785153459446598000,1785153459446598000,1785153459446598000,1785153459446599000,1785153459446657000,1785153459446660000,1785153459446660000,1785153459446660000,121932490,121652369,-222.121,0.000,0.000,1.000,3.000,0.000,0.000,12.000,0,0,0
B3_zmq_pushpull,zmq_tcp,none,none,,1,22987,512,584,1785153459447592000,1785153459447592000,1785153459447592000,1785153459447593000,1785153459447780000,1785153459447783000,1785153459447783000,1785153459447783000,121932490,121652369,-93.121,0.000,0.000,1.000,3.000,0.000,0.000,129.000,0,0,0
B3_zmq_pushpull,zmq_tcp,none,none,,1,22988,512,584,1785153459448595000,1785153459448595000,1785153459448595000,1785153459448596000,1785153459448784000,1785153459448787000,1785153459448787000,1785153459448787000,121932490,121652369,-92.121,0.000,0.000,1.000,3.000,0.000,0.000,1.000,0,0,0
B3_zmq_pushpull,zmq_tcp,none,none,,1,22989,512,584,1785153459449467000,1785153459449467000,1785153459449467000,1785153459449468000,1785153459449628000,1785153459449630000,1785153459449630000,1785153459449631000,121932490,121652369,-120.121,0.000,0.000,1.000,2.000,0.000,1.000,28.000,0,0,0
B3_zmq_pushpull,zmq_tcp,none,none,,1,22990,512,584,1785153459450625000,1785153459450625000,1785153459450626000,1785153459450626000,1785153459450742000,1785153459450746000,1785153459450746000,1785153459450746000,121932490,121652369,-164.121,0.000,1.000,0.000,4.000,0.000,0.000,44.000,0,0,0
B3_zmq_pushpull,zmq_tcp,none,none,,1,22991,512,584,1785153459451585000,1785153459451586000,1785153459451586000,1785153459451587000,1785153459451710000,1785153459451713000,1785153459451713000,1785153459451713000,121932490,121652369,-157.121,1.000,0.000,1.000,3.000,0.000,0.000,7.000,0,0,0
B3_zmq_pushpull,zmq_tcp,none,none,,1,22992,512,584,1785153459452596000,1785153459452596000,1785153459452596000,1785153459452597000,1785153459452702000,1785153459452705000,1785153459452705000,1785153459452705000,121932490,121652369,-175.121,0.000,0.000,1.000,3.000,0.000,0.000,18.000,0,0,0
B3_zmq_pushpull,zmq_tcp,none,none,,1,22993,512,584,1785153459453591000,1785153459453591000,1785153459453591000,1785153459453592000,1785153459453668000,1785153459453671000,1785153459453671000,1785153459453671000,121932490,121652369,-204.121,0.000,0.000,1.000,3.000,0.000,0.000,29.000,0,0,0
B3_zmq_pushpull,zmq_tcp,none,none,,1,22994,512,584,1785153459454595000,1785153459454595000,1785153459454596000,1785153459454597000,1785153459454660000,1785153459454664000,1785153459454664000,1785153459454664000,121932490,121652369,-217.121,0.000,1.000,1.000,4.000,0.000,0.000,13.000,0,0,0
B3_zmq_pushpull,zmq_tcp,none,none,,1,22995,512,584,1785153459455596000,1785153459455596000,1785153459455596000,1785153459455597000,1785153459455668000,1785153459455672000,1785153459455672000,1785153459455673000,121932490,121652369,-209.121,0.000,0.000,1.000,4.000,0.000,1.000,8.000,0,0,0
B3_zmq_pushpull,zmq_tcp,none,none,,1,22996,512,584,1785153459456595000,1785153459456595000,1785153459456595000,1785153459456596000,1785153459456654000,1785153459456658000,1785153459456658000,1785153459456658000,121932490,121652369,-222.121,0.000,0.000,1.000,4.000,0.000,0.000,13.000,0,0,0
B3_zmq_pushpull,zmq_tcp,none,none,,1,22997,512,584,1785153459457594000,1785153459457594000,1785153459457594000,1785153459457595000,1785153459457645000,1785153459457648000,1785153459457648000,1785153459457648000,121932490,121652369,-230.121,0.000,0.000,1.000,3.000,0.000,0.000,8.000,0,0,0
B3_zmq_pushpull,zmq_tcp,none,none,,1,22998,512,584,1785153459458487000,1785153459458487000,1785153459458487000,1785153459458488000,1785153459458641000,1785153459458644000,1785153459458644000,1785153459458644000,121932490,121652369,-127.121,0.000,0.000,1.000,3.000,0.000,0.000,103.000,0,0,0
B3_zmq_pushpull,zmq_tcp,none,none,,1,22999,512,584,1785153459459620000,1785153459459620000,1785153459459620000,1785153459459621000,1785153459459763000,1785153459459769000,1785153459459769000,1785153459459769000,121932490,121652369,-138.121,0.000,0.000,1.000,6.000,0.000,0.000,11.000,0,0,0
B3_zmq_pushpull,zmq_tcp,none,none,,1,23000,512,584,1785153459460588000,1785153459460588000,1785153459460588000,1785153459460589000,1785153459460763000,1785153459460766000,1785153459460766000,1785153459460766000,121932490,121652369,-106.121,0.000,0.000,1.000,3.000,0.000,0.000,32.000,0,0,0
B3_zmq_pushpull,zmq_tcp,none,none,,1,23001,512,584,1785153459461597000,1785153459461597000,1785153459461597000,1785153459461598000,1785153459461750000,1785153459461753000,1785153459461753000,1785153459461753000,121932490,121652369,-128.121,0.000,0.000,1.000,3.000,0.000,0.000,22.000,0,0,0
B3_zmq_pushpull,zmq_tcp,none,none,,1,23002,512,584,1785153459462595000,1785153459462595000,1785153459462595000,1785153459462596000,1785153459462728000,1785153459462730000,1785153459462730000,1785153459462731000,121932490,121652369,-148.121,0.000,0.000,1.000,2.000,0.000,1.000,20.000,0,0,0
B3_zmq_pushpull,zmq_tcp,none,none,,1,23003,512,584,1785153459463594000,1785153459463594000,1785153459463594000,1785153459463595000,1785153459463735000,1785153459463738000,1785153459463738000,1785153459463738000,121932490,121652369,-140.121,0.000,0.000,1.000,3.000,0.000,0.000,8.000,0,0,0
B3_zmq_pushpull,zmq_tcp,none,none,,1,23004,512,584,1785153459464591000,1785153459464592000,1785153459464592000,1785153459464593000,1785153459464734000,1785153459464737000,1785153459464737000,1785153459464737000,121932490,121652369,-139.121,1.000,0.000,1.000,3.000,0.000,0.000,1.000,0,0,0
B3_zmq_pushpull,zmq_tcp,none,none,,1,23005,512,584,1785153459465595000,1785153459465595000,1785153459465595000,1785153459465596000,1785153459465730000,1785153459465733000,1785153459465733000,1785153459465733000,121932490,121652369,-146.121,0.000,0.000,1.000,3.000,0.000,0.000,7.000,0,0,0
B3_zmq_pushpull,zmq_tcp,none,none,,1,23006,512,584,1785153459466594000,1785153459466594000,1785153459466594000,1785153459466595000,1785153459466735000,1785153459466738000,1785153459466738000,1785153459466738000,121932490,121652369,-140.121,0.000,0.000,1.000,3.000,0.000,0.000,6.000,0,0,0
B3_zmq_pushpull,zmq_tcp,none,none,,1,23007,512,584,1785153459467595000,1785153459467595000,1785153459467595000,1785153459467597000,1785153459467730000,1785153459467732000,1785153459467733000,1785153459467733000,121932490,121652369,-147.121,0.000,0.000,2.000,2.000,1.000,0.000,7.000,0,0,0
B3_zmq_pushpull,zmq_tcp,none,none,,1,23008,512,584,1785153459468592000,1785153459468592000,1785153459468592000,1785153459468593000,1785153459468742000,1785153459468745000,1785153459468745000,1785153459468745000,121932490,121652369,-131.121,0.000,0.000,1.000,3.000,0.000,0.000,16.000,0,0,0
B3_zmq_pushpull,zmq_tcp,none,none,,1,23009,512,584,1785153459469595000,1785153459469596000,1785153459469596000,1785153459469597000,1785153459469746000,1785153459469749000,1785153459469749000,1785153459469749000,121932490,121652369,-131.121,1.000,0.000,1.000,3.000,0.000,0.000,0.000,0,0,0
B3_zmq_pushpull,zmq_tcp,none,none,,1,23010,512,584,1785153459470461000,1785153459470461000,1785153459470461000,1785153459470462000,1785153459470618000,1785153459470621000,1785153459470621000,1785153459470621000,121932490,121652369,-124.121,0.000,0.000,1.000,3.000,0.000,0.000,7.000,0,0,0
B3_zmq_pushpull,zmq_tcp,none,none,,1,23011,512,584,1785153459471627000,1785153459471627000,1785153459471627000,1785153459471628000,1785153459471769000,1785153459471772000,1785153459471772000,1785153459471772000,121932490,121652369,-139.121,0.000,0.000,1.000,3.000,0.000,0.000,15.000,0,0,0
B3_zmq_pushpull,zmq_tcp,none,none,,1,23012,512,584,1785153459472584000,1785153459472584000,1785153459472584000,1785153459472585000,1785153459472629000,1785153459472632000,1785153459472632000,1785153459472632000,121932490,121652369,-236.121,0.000,0.000,1.000,3.000,0.000,0.000,97.000,0,0,0
B3_zmq_pushpull,zmq_tcp,none,none,,1,23013,512,584,1785153459473597000,1785153459473598000,1785153459473598000,1785153459473599000,1785153459473639000,1785153459473642000,1785153459473642000,1785153459473642000,121932490,121652369,-240.121,1.000,0.000,1.000,3.000,0.000,0.000,4.000,0,0,0
B3_zmq_pushpull,zmq_tcp,none,none,,1,23014,512,584,1785153459474595000,1785153459474595000,1785153459474595000,1785153459474596000,1785153459474646000,1785153459474649000,1785153459474649000,1785153459474649000,121932490,121652369,-230.121,0.000,0.000,1.000,3.000,0.000,0.000,10.000,0,0,0
B3_zmq_pushpull,zmq_tcp,none,none,,1,23015,512,584,1785153459475595000,1785153459475595000,1785153459475595000,1785153459475596000,1785153459475794000,1785153459475797000,1785153459475797000,1785153459475797000,121932490,121652369,-82.121,0.000,0.000,1.000,3.000,0.000,0.000,148.000,0,0,0
B3_zmq_pushpull,zmq_tcp,none,none,,1,23016,512,584,1785153459476509000,1785153459476509000,1785153459476509000,1785153459476510000,1785153459476657000,1785153459476660000,1785153459476660000,1785153459476660000,121932490,121652369,-133.121,0.000,0.000,1.000,3.000,0.000,0.000,51.000,0,0,0
B3_zmq_pushpull,zmq_tcp,none,none,,1,23017,512,584,1785153459477619000,1785153459477619000,1785153459477619000,1785153459477620000,1785153459477656000,1785153459477660000,1785153459477660000,1785153459477660000,121932490,121652369,-244.121,0.000,0.000,1.000,4.000,0.000,0.000,111.000,0,0,0
B3_zmq_pushpull,zmq_tcp,none,none,,1,23018,512,584,1785153459478508000,1785153459478509000,1785153459478509000,1785153459478510000,1785153459478662000,1785153459478665000,1785153459478665000,1785153459478665000,121932490,121652369,-128.121,1.000,0.000,1.000,3.000,0.000,0.000,116.000,0,0,0
B3_zmq_pushpull,zmq_tcp,none,none,,1,23019,512,584,1785153459479514000,1785153459479514000,1785153459479514000,1785153459479515000,1785153459479668000,1785153459479670000,1785153459479670000,1785153459479670000,121932490,121652369,-127.121,0.000,0.000,1.000,2.000,0.000,0.000,1.000,0,0,0
B3_zmq_pushpull,zmq_tcp,none,none,,1,23020,512,584,1785153459480500000,1785153459480500000,1785153459480500000,1785153459480501000,1785153459480648000,1785153459480650000,1785153459480650000,1785153459480650000,121932490,121652369,-133.121,0.000,0.000,1.000,2.000,0.000,0.000,6.000,0,0,0
B3_zmq_pushpull,zmq_tcp,none,none,,1,23021,512,584,1785153459481620000,1785153459481620000,1785153459481620000,1785153459481621000,1785153459481778000,1785153459481781000,1785153459481781000,1785153459481781000,121932490,121652369,-123.121,0.000,0.000,1.000,3.000,0.000,0.000,10.000,0,0,0
B3_zmq_pushpull,zmq_tcp,none,none,,1,23022,512,584,1785153459482588000,1785153459482588000,1785153459482588000,1785153459482589000,1785153459482651000,1785153459482654000,1785153459482654000,1785153459482654000,121932490,121652369,-218.121,0.000,0.000,1.000,3.000,0.000,0.000,95.000,0,0,0
B3_zmq_pushpull,zmq_tcp,none,none,,1,23023,512,584,1785153459483597000,1785153459483597000,1785153459483597000,1785153459483598000,1785153459483784000,1785153459483786000,1785153459483786000,1785153459483786000,121932490,121652369,-94.121,0.000,0.000,1.000,2.000,0.000,0.000,124.000,0,0,0
B3_zmq_pushpull,zmq_tcp,none,none,,1,23024,512,584,1785153459484495000,1785153459484495000,1785153459484495000,1785153459484496000,1785153459484650000,1785153459484654000,1785153459484654000,1785153459484654000,121932490,121652369,-126.121,0.000,0.000,1.000,4.000,0.000,0.000,32.000,0,0,0
B3_zmq_pushpull,zmq_tcp,none,none,,1,23025,512,584,1785153459485620000,1785153459485620000,1785153459485620000,1785153459485621000,1785153459485779000,1785153459485781000,1785153459485781000,1785153459485781000,121932490,121652369,-122.121,0.000,0.000,1.000,2.000,0.000,0.000,4.000,0,0,0
B3_zmq_pushpull,zmq_tcp,none,none,,1,23026,512,584,1785153459486478000,1785153459486478000,1785153459486478000,1785153459486479000,1785153459486632000,1785153459486635000,1785153459486635000,1785153459486635000,121932490,121652369,-127.121,0.000,0.000,1.000,3.000,0.000,0.000,5.000,0,0,0
B3_zmq_pushpull,zmq_tcp,none,none,,1,23027,512,584,1785153459487623000,1785153459487623000,1785153459487623000,1785153459487624000,1785153459487769000,1785153459487771000,1785153459487772000,1785153459487772000,121932490,121652369,-135.121,0.000,0.000,1.000,2.000,1.000,0.000,8.000,0,0,0
B3_zmq_pushpull,zmq_tcp,none,none,,1,23028,512,584,1785153459488589000,1785153459488589000,1785153459488589000,1785153459488590000,1785153459488766000,1785153459488769000,1785153459488769000,1785153459488769000,121932490,121652369,-104.121,0.000,0.000,1.000,3.000,0.000,0.000,31.000,0,0,0
B3_zmq_pushpull,zmq_tcp,none,none,,1,23029,512,584,1785153459489597000,1785153459489597000,1785153459489597000,1785153459489598000,1785153459489754000,1785153459489757000,1785153459489757000,1785153459489757000,121932490,121652369,-124.121,0.000,0.000,1.000,3.000,0.000,0.000,20.000,0,0,0
B3_zmq_pushpull,zmq_tcp,none,none,,1,23030,512,584,1785153459490459000,1785153459490460000,1785153459490460000,1785153459490461000,1785153459490608000,1785153459490611000,1785153459490611000,1785153459490611000,121932490,121652369,-133.121,1.000,0.000,1.000,3.000,0.000,0.000,9.000,0,0,0
B3_zmq_pushpull,zmq_tcp,none,none,,1,23031,512,584,1785153459491630000,1785153459491630000,1785153459491630000,1785153459491631000,1785153459491729000,1785153459491732000,1785153459491732000,1785153459491732000,121932490,121652369,-182.121,0.000,0.000,1.000,3.000,0.000,0.000,49.000,0,0,0
B3_zmq_pushpull,zmq_tcp,none,none,,1,23032,512,584,1785153459492586000,1785153459492587000,1785153459492587000,1785153459492588000,1785153459492724000,1785153459492726000,1785153459492726000,1785153459492726000,121932490,121652369,-144.121,1.000,0.000,1.000,2.000,0.000,0.000,38.000,0,0,0
B3_zmq_pushpull,zmq_tcp,none,none,,1,23033,512,584,1785153459493597000,1785153459493597000,1785153459493597000,1785153459493598000,1785153459493728000,1785153459493730000,1785153459493730000,1785153459493730000,121932490,121652369,-150.121,0.000,0.000,1.000,2.000,0.000,0.000,6.000,0,0,0
B3_zmq_pushpull,zmq_tcp,none,none,,1,23034,512,584,1785153459494593000,1785153459494593000,1785153459494593000,1785153459494594000,1785153459494733000,1785153459494736000,1785153459494736000,1785153459494736000,121932490,121652369,-141.121,0.000,0.000,1.000,3.000,0.000,0.000,9.000,0,0,0
B3_zmq_pushpull,zmq_tcp,none,none,,1,23035,512,584,1785153459495594000,1785153459495594000,1785153459495594000,1785153459495595000,1785153459495753000,1785153459495756000,1785153459495756000,1785153459495756000,121932490,121652369,-122.121,0.000,0.000,1.000,3.000,0.000,0.000,19.000,0,0,0
B3_zmq_pushpull,zmq_tcp,none,none,,1,23036,512,584,1785153459496597000,1785153459496597000,1785153459496597000,1785153459496598000,1785153459496761000,1785153459496764000,1785153459496764000,1785153459496764000,121932490,121652369,-117.121,0.000,0.000,1.000,3.000,0.000,0.000,5.000,0,0,0
B3_zmq_pushpull,zmq_tcp,none,none,,1,23037,512,584,1785153459497478000,1785153459497478000,1785153459497478000,1785153459497479000,1785153459497636000,1785153459497638000,1785153459497638000,1785153459497638000,121932490,121652369,-123.121,0.000,0.000,1.000,2.000,0.000,0.000,6.000,0,0,0
B3_zmq_pushpull,zmq_tcp,none,none,,1,23038,512,584,1785153459498483000,1785153459498483000,1785153459498483000,1785153459498484000,1785153459498641000,1785153459498644000,1785153459498644000,1785153459498644000,121932490,121652369,-123.121,0.000,0.000,1.000,3.000,0.000,0.000,0.000,0,0,0
B3_zmq_pushpull,zmq_tcp,none,none,,1,23039,512,584,1785153459499480000,1785153459499480000,1785153459499480000,1785153459499481000,1785153459499634000,1785153459499637000,1785153459499637000,1785153459499637000,121932490,121652369,-127.121,0.000,0.000,1.000,3.000,0.000,0.000,4.000,0,0,0
B3_zmq_pushpull,zmq_tcp,none,none,,1,23040,512,584,1785153459500458000,1785153459500458000,1785153459500458000,1785153459500459000,1785153459500612000,1785153459500614000,1785153459500614000,1785153459500614000,121932490,121652369,-127.121,0.000,0.000,1.000,2.000,0.000,0.000,0.000,0,0,0
B3_zmq_pushpull,zmq_tcp,none,none,,1,23041,512,584,1785153459501463000,1785153459501463000,1785153459501463000,1785153459501464000,1785153459501617000,1785153459501620000,1785153459501620000,1785153459501620000,121932490,121652369,-127.121,0.000,0.000,1.000,3.000,0.000,0.000,0.000,0,0,0
B3_zmq_pushpull,zmq_tcp,none,none,,1,23042,512,584,1785153459502465000,1785153459502465000,1785153459502465000,1785153459502466000,1785153459502624000,1785153459502627000,1785153459502627000,1785153459502627000,121932490,121652369,-122.121,0.000,0.000,1.000,3.000,0.000,0.000,5.000,0,0,0
B3_zmq_pushpull,zmq_tcp,none,none,,1,23043,512,584,1785153459503463000,1785153459503463000,1785153459503463000,1785153459503464000,1785153459503613000,1785153459503615000,1785153459503615000,1785153459503615000,121932490,121652369,-131.121,0.000,0.000,1.000,2.000,0.000,0.000,9.000,0,0,0
B3_zmq_pushpull,zmq_tcp,none,none,,1,23044,512,584,1785153459504459000,1785153459504459000,1785153459504460000,1785153459504460000,1785153459504607000,1785153459504610000,1785153459504610000,1785153459504610000,121932490,121652369,-133.121,0.000,1.000,0.000,3.000,0.000,0.000,2.000,0,0,0
B3_zmq_pushpull,zmq_tcp,none,none,,1,23045,512,584,1785153459505629000,1785153459505629000,1785153459505629000,1785153459505630000,1785153459505757000,1785153459505760000,1785153459505760000,1785153459505760000,121932490,121652369,-153.121,0.000,0.000,1.000,3.000,0.000,0.000,20.000,0,0,0
B3_zmq_pushpull,zmq_tcp,none,none,,1,23046,512,584,1785153459506583000,1785153459506583000,1785153459506583000,1785153459506584000,1785153459506614000,1785153459506617000,1785153459506617000,1785153459506617000,121932490,121652369,-250.121,0.000,0.000,1.000,3.000,0.000,0.000,97.000,0,0,0
B3_zmq_pushpull,zmq_tcp,none,none,,1,23047,512,584,1785153459507457000,1785153459507457000,1785153459507457000,1785153459507458000,1785153459507601000,1785153459507604000,1785153459507604000,1785153459507604000,121932490,121652369,-137.121,0.000,0.000,1.000,3.000,0.000,0.000,113.000,0,0,0
B3_zmq_pushpull,zmq_tcp,none,none,,1,23048,512,584,1785153459508453000,1785153459508453000,1785153459508453000,1785153459508454000,1785153459508597000,1785153459508600000,1785153459508600000,1785153459508600000,121932490,121652369,-137.121,0.000,0.000,1.000,3.000,0.000,0.000,0.000,0,0,0
B3_zmq_pushpull,zmq_tcp,none,none,,1,23049,512,584,1785153459509631000,1785153459509631000,1785153459509631000,1785153459509632000,1785153459509753000,1785153459509760000,1785153459509760000,1785153459509760000,121932490,121652369,-159.121,0.000,0.000,1.000,7.000,0.000,0.000,22.000,0,0,0
B3_zmq_pushpull,zmq_tcp,none,none,,1,23050,512,584,1785153459510586000,1785153459510586000,1785153459510586000,1785153459510587000,1785153459510746000,1785153459510750000,1785153459510750000,1785153459510750000,121932490,121652369,-121.121,0.000,0.000,1.000,4.000,0.000,0.000,38.000,0,0,0
B3_zmq_pushpull,zmq_tcp,none,none,,1,23051,512,584,1785153459511601000,1785153459511601000,1785153459511601000,1785153459511602000,1785153459511742000,1785153459511745000,1785153459511745000,1785153459511745000,121932490,121652369,-140.121,0.000,0.000,1.000,3.000,0.000,0.000,19.000,0,0,0
B3_zmq_pushpull,zmq_tcp,none,none,,1,23052,512,584,1785153459512593000,1785153459512593000,1785153459512593000,1785153459512594000,1785153459512750000,1785153459512753000,1785153459512753000,1785153459512753000,121932490,121652369,-124.121,0.000,0.000,1.000,3.000,0.000,0.000,16.000,0,0,0
B3_zmq_pushpull,zmq_tcp,none,none,,1,23053,512,584,1785153459513463000,1785153459513463000,1785153459513463000,1785153459513464000,1785153459513617000,1785153459513620000,1785153459513620000,1785153459513620000,121932490,121652369,-127.121,0.000,0.000,1.000,3.000,0.000,0.000,3.000,0,0,0
B3_zmq_pushpull,zmq_tcp,none,none,,1,23054,512,584,1785153459514449000,1785153459514449000,1785153459514449000,1785153459514450000,1785153459514602000,1785153459514605000,1785153459514605000,1785153459514605000,121932490,121652369,-128.121,0.000,0.000,1.000,3.000,0.000,0.000,1.000,0,0,0
B3_zmq_pushpull,zmq_tcp,none,none,,1,23055,512,584,1785153459515631000,1785153459515631000,1785153459515631000,1785153459515632000,1785153459515740000,1785153459515742000,1785153459515742000,1785153459515742000,121932490,121652369,-172.121,0.000,0.000,1.000,2.000,0.000,0.000,44.000,0,0,0
B3_zmq_pushpull,zmq_tcp,none,none,,1,23056,512,584,1785153459516585000,1785153459516585000,1785153459516585000,1785153459516586000,1785153459516729000,1785153459516732000,1785153459516732000,1785153459516732000,121932490,121652369,-137.121,0.000,0.000,1.000,3.000,0.000,0.000,35.000,0,0,0
B3_zmq_pushpull,zmq_tcp,none,none,,1,23057,512,584,1785153459517597000,1785153459517598000,1785153459517598000,1785153459517599000,1785153459517729000,1785153459517732000,1785153459517732000,1785153459517732000,121932490,121652369,-150.121,1.000,0.000,1.000,3.000,0.000,0.000,13.000,0,0,0
B3_zmq_pushpull,zmq_tcp,none,none,,1,23058,512,584,1785153459518595000,1785153459518595000,1785153459518595000,1785153459518596000,1785153459518745000,1785153459518748000,1785153459518748000,1785153459518748000,121932490,121652369,-131.121,0.000,0.000,1.000,3.000,0.000,0.000,19.000,0,0,0
B3_zmq_pushpull,zmq_tcp,none,none,,1,23059,512,584,1785153459519595000,1785153459519595000,1785153459519595000,1785153459519596000,1785153459519749000,1785153459519752000,1785153459519752000,1785153459519752000,121932490,121652369,-127.121,0.000,0.000,1.000,3.000,0.000,0.000,4.000,0,0,0
B3_zmq_pushpull,zmq_tcp,none,none,,1,23060,512,584,1785153459520593000,1785153459520594000,1785153459520594000,1785153459520595000,1785153459520737000,1785153459520740000,1785153459520740000,1785153459520740000,121932490,121652369,-138.121,1.000,0.000,1.000,3.000,0.000,0.000,11.000,0,0,0
B3_zmq_pushpull,zmq_tcp,none,none,,1,23061,512,584,1785153459521596000,1785153459521596000,1785153459521596000,1785153459521597000,1785153459521722000,1785153459521725000,1785153459521725000,1785153459521725000,121932490,121652369,-155.121,0.000,0.000,1.000,3.000,0.000,0.000,17.000,0,0,0
B3_zmq_pushpull,zmq_tcp,none,none,,1,23062,512,584,1785153459522596000,1785153459522596000,1785153459522596000,1785153459522597000,1785153459522727000,1785153459522730000,1785153459522730000,1785153459522730000,121932490,121652369,-150.121,0.000,0.000,1.000,3.000,0.000,0.000,5.000,0,0,0
B3_zmq_pushpull,zmq_tcp,none,none,,1,23063,512,584,1785153459523592000,1785153459523592000,1785153459523592000,1785153459523593000,1785153459523729000,1785153459523737000,1785153459523737000,1785153459523737000,121932490,121652369,-144.121,0.000,0.000,1.000,8.000,0.000,0.000,6.000,0,0,0
B3_zmq_pushpull,zmq_tcp,none,none,,1,23064,512,584,1785153459524597000,1785153459524597000,1785153459524597000,1785153459524598000,1785153459524736000,1785153459524738000,1785153459524738000,1785153459524738000,121932490,121652369,-142.121,0.000,0.000,1.000,2.000,0.000,0.000,2.000,0,0,0
B3_zmq_pushpull,zmq_tcp,none,none,,1,23065,512,584,1785153459525594000,1785153459525594000,1785153459525594000,1785153459525595000,1785153459525752000,1785153459525754000,1785153459525754000,1785153459525755000,121932490,121652369,-123.121,0.000,0.000,1.000,2.000,0.000,1.000,19.000,0,0,0
B3_zmq_pushpull,zmq_tcp,none,none,,1,23066,512,584,1785153459526452000,1785153459526452000,1785153459526452000,1785153459526453000,1785153459526601000,1785153459526604000,1785153459526604000,1785153459526604000,121932490,121652369,-132.121,0.000,0.000,1.000,3.000,0.000,0.000,9.000,0,0,0
B3_zmq_pushpull,zmq_tcp,none,none,,1,23067,512,584,1785153459527627000,1785153459527627000,1785153459527627000,1785153459527628000,1785153459527738000,1785153459527741000,1785153459527741000,1785153459527741000,121932490,121652369,-170.121,0.000,0.000,1.000,3.000,0.000,0.000,38.000,0,0,0
B3_zmq_pushpull,zmq_tcp,none,none,,1,23068,512,584,1785153459528587000,1785153459528587000,1785153459528587000,1785153459528588000,1785153459528725000,1785153459528728000,1785153459528728000,1785153459528728000,121932490,121652369,-143.121,0.000,0.000,1.000,3.000,0.000,0.000,27.000,0,0,0
B3_zmq_pushpull,zmq_tcp,none,none,,1,23069,512,584,1785153459529597000,1785153459529597000,1785153459529597000,1785153459529598000,1785153459529729000,1785153459529732000,1785153459529732000,1785153459529732000,121932490,121652369,-149.121,0.000,0.000,1.000,3.000,0.000,0.000,6.000,0,0,0
B3_zmq_pushpull,zmq_tcp,none,none,,1,23070,512,584,1785153459530591000,1785153459530591000,1785153459530591000,1785153459530592000,1785153459530749000,1785153459530752000,1785153459530752000,1785153459530752000,121932490,121652369,-123.121,0.000,0.000,1.000,3.000,0.000,0.000,26.000,0,0,0
B3_zmq_pushpull,zmq_tcp,none,none,,1,23071,512,584,1785153459531596000,1785153459531597000,1785153459531597000,1785153459531598000,1785153459531758000,1785153459531761000,1785153459531761000,1785153459531761000,121932490,121652369,-120.121,1.000,0.000,1.000,3.000,0.000,0.000,3.000,0,0,0
B3_zmq_pushpull,zmq_tcp,none,none,,1,23072,512,584,1785153459532594000,1785153459532594000,1785153459532594000,1785153459532595000,1785153459532752000,1785153459532754000,1785153459532754000,1785153459532754000,121932490,121652369,-123.121,0.000,0.000,1.000,2.000,0.000,0.000,3.000,0,0,0
B3_zmq_pushpull,zmq_tcp,none,none,,1,23073,512,584,1785153459533595000,1785153459533595000,1785153459533595000,1785153459533596000,1785153459533753000,1785153459533756000,1785153459533756000,1785153459533756000,121932490,121652369,-123.121,0.000,0.000,1.000,3.000,0.000,0.000,0.000,0,0,0
B3_zmq_pushpull,zmq_tcp,none,none,,1,23074,512,584,1785153459534594000,1785153459534594000,1785153459534594000,1785153459534595000,1785153459534763000,1785153459534765000,1785153459534765000,1785153459534765000,121932490,121652369,-112.121,0.000,0.000,1.000,2.000,0.000,0.000,11.000,0,0,0
B3_zmq_pushpull,zmq_tcp,none,none,,1,23075,512,584,1785153459535595000,1785153459535595000,1785153459535595000,1785153459535596000,1785153459535640000,1785153459535643000,1785153459535643000,1785153459535643000,121932490,121652369,-236.121,0.000,0.000,1.000,3.000,0.000,0.000,124.000,0,0,0
B3_zmq_pushpull,zmq_tcp,none,none,,1,23076,512,584,1785153459536596000,1785153459536596000,1785153459536596000,1785153459536597000,1785153459536643000,1785153459536647000,1785153459536647000,1785153459536647000,121932490,121652369,-234.121,0.000,0.000,1.000,4.000,0.000,0.000,2.000,0,0,0
B3_zmq_pushpull,zmq_tcp,none,none,,1,23077,512,584,1785153459537598000,1785153459537598000,1785153459537598000,1785153459537599000,1785153459537654000,1785153459537657000,1785153459537657000,1785153459537657000,121932490,121652369,-225.121,0.000,0.000,1.000,3.000,0.000,0.000,9.000,0,0,0
B3_zmq_pushpull,zmq_tcp,none,none,,1,23078,512,584,1785153459538596000,1785153459538597000,1785153459538597000,1785153459538598000,1785153459538659000,1785153459538661000,1785153459538661000,1785153459538661000,121932490,121652369,-219.121,1.000,0.000,1.000,2.000,0.000,0.000,6.000,0,0,0
B3_zmq_pushpull,zmq_tcp,none,none,,1,23079,512,584,1785153459539595000,1785153459539595000,1785153459539595000,1785153459539596000,1785153459539665000,1785153459539668000,1785153459539668000,1785153459539668000,121932490,121652369,-211.121,0.000,0.000,1.000,3.000,0.000,0.000,8.000,0,0,0
B3_zmq_pushpull,zmq_tcp,none,none,,1,23080,512,584,1785153459540598000,1785153459540598000,1785153459540598000,1785153459540599000,1785153459540677000,1785153459540679000,1785153459540679000,1785153459540679000,121932490,121652369,-202.121,0.000,0.000,1.000,2.000,0.000,0.000,9.000,0,0,0
B3_zmq_pushpull,zmq_tcp,none,none,,1,23081,512,584,1785153459541594000,1785153459541594000,1785153459541594000,1785153459541595000,1785153459541673000,1785153459541676000,1785153459541676000,1785153459541676000,121932490,121652369,-202.121,0.000,0.000,1.000,3.000,0.000,0.000,0.000,0,0,0
B3_zmq_pushpull,zmq_tcp,none,none,,1,23082,512,584,1785153459542595000,1785153459542595000,1785153459542595000,1785153459542596000,1785153459542680000,1785153459542682000,1785153459542683000,1785153459542683000,121932490,121652369,-196.121,0.000,0.000,1.000,2.000,1.000,0.000,6.000,0,0,0
B3_zmq_pushpull,zmq_tcp,none,none,,1,23083,512,584,1785153459543595000,1785153459543595000,1785153459543595000,1785153459543596000,1785153459543677000,1785153459543680000,1785153459543680000,1785153459543680000,121932490,121652369,-199.121,0.000,0.000,1.000,3.000,0.000,0.000,3.000,0,0,0
B3_zmq_pushpull,zmq_tcp,none,none,,1,23084,512,584,1785153459544596000,1785153459544596000,1785153459544596000,1785153459544597000,1785153459544693000,1785153459544697000,1785153459544697000,1785153459544697000,121932490,121652369,-184.121,0.000,0.000,1.000,4.000,0.000,0.000,15.000,0,0,0
B3_zmq_pushpull,zmq_tcp,none,none,,1,23085,512,584,1785153459545406000,1785153459545407000,1785153459545407000,1785153459545408000,1785153459545567000,1785153459545569000,1785153459545569000,1785153459545569000,121932490,121652369,-121.121,1.000,0.000,1.000,2.000,0.000,0.000,63.000,0,0,0
B3_zmq_pushpull,zmq_tcp,none,none,,1,23086,512,584,1785153459546643000,1785153459546643000,1785153459546643000,1785153459546644000,1785153459546713000,1785153459546716000,1785153459546716000,1785153459546716000,121932490,121652369,-211.121,0.000,0.000,1.000,3.000,0.000,0.000,90.000,0,0,0
B3_zmq_pushpull,zmq_tcp,none,none,,1,23087,512,584,1785153459547583000,1785153459547583000,1785153459547583000,1785153459547584000,1785153459547727000,1785153459547731000,1785153459547731000,1785153459547731000,121932490,121652369,-137.121,0.000,0.000,1.000,4.000,0.000,0.000,74.000,0,0,0
B3_zmq_pushpull,zmq_tcp,none,none,,1,23088,512,584,1785153459548597000,1785153459548598000,1785153459548598000,1785153459548599000,1785153459548717000,1785153459548720000,1785153459548720000,1785153459548720000,121932490,121652369,-162.121,1.000,0.000,1.000,3.000,0.000,0.000,25.000,0,0,0
B3_zmq_pushpull,zmq_tcp,none,none,,1,23089,512,584,1785153459549591000,1785153459549591000,1785153459549591000,1785153459549592000,1785153459549712000,1785153459549715000,1785153459549715000,1785153459549715000,121932490,121652369,-160.121,0.000,0.000,1.000,3.000,0.000,0.000,2.000,0,0,0
B3_zmq_pushpull,zmq_tcp,none,none,,1,23090,512,584,1785153459550597000,1785153459550597000,1785153459550597000,1785153459550598000,1785153459550701000,1785153459550704000,1785153459550704000,1785153459550704000,121932490,121652369,-177.121,0.000,0.000,1.000,3.000,0.000,0.000,17.000,0,0,0
B3_zmq_pushpull,zmq_tcp,none,none,,1,23091,512,584,1785153459551595000,1785153459551595000,1785153459551595000,1785153459551596000,1785153459551710000,1785153459551713000,1785153459551713000,1785153459551713000,121932490,121652369,-166.121,0.000,0.000,1.000,3.000,0.000,0.000,11.000,0,0,0
B3_zmq_pushpull,zmq_tcp,none,none,,1,23092,512,584,1785153459552595000,1785153459552595000,1785153459552595000,1785153459552596000,1785153459552692000,1785153459552695000,1785153459552695000,1785153459552695000,121932490,121652369,-184.121,0.000,0.000,1.000,3.000,0.000,0.000,18.000,0,0,0
B3_zmq_pushpull,zmq_tcp,none,none,,1,23093,512,584,1785153459553592000,1785153459553593000,1785153459553593000,1785153459553594000,1785153459553681000,1785153459553684000,1785153459553684000,1785153459553684000,121932490,121652369,-193.121,1.000,0.000,1.000,3.000,0.000,0.000,9.000,0,0,0
B3_zmq_pushpull,zmq_tcp,none,none,,1,23094,512,584,1785153459554596000,1785153459554597000,1785153459554597000,1785153459554598000,1785153459554677000,1785153459554680000,1785153459554680000,1785153459554680000,121932490,121652369,-201.121,1.000,0.000,1.000,3.000,0.000,0.000,8.000,0,0,0
B3_zmq_pushpull,zmq_tcp,none,none,,1,23095,512,584,1785153459555595000,1785153459555595000,1785153459555595000,1785153459555596000,1785153459555681000,1785153459555684000,1785153459555684000,1785153459555684000,121932490,121652369,-195.121,0.000,0.000,1.000,3.000,0.000,0.000,6.000,0,0,0
B3_zmq_pushpull,zmq_tcp,none,none,,1,23096,512,584,1785153459556595000,1785153459556595000,1785153459556595000,1785153459556596000,1785153459556669000,1785153459556672000,1785153459556673000,1785153459556673000,121932490,121652369,-207.121,0.000,0.000,1.000,3.000,1.000,0.000,12.000,0,0,0
B3_zmq_pushpull,zmq_tcp,none,none,,1,23097,512,584,1785153459557506000,1785153459557507000,1785153459557507000,1785153459557508000,1785153459557652000,1785153459557655000,1785153459557655000,1785153459557655000,121932490,121652369,-136.121,1.000,0.000,1.000,3.000,0.000,0.000,71.000,0,0,0
B3_zmq_pushpull,zmq_tcp,none,none,,1,23098,512,584,1785153459558618000,1785153459558618000,1785153459558618000,1785153459558619000,1785153459558663000,1785153459558666000,1785153459558666000,1785153459558666000,121932490,121652369,-236.121,0.000,0.000,1.000,3.000,0.000,0.000,100.000,0,0,0
B3_zmq_pushpull,zmq_tcp,none,none,,1,23099,512,584,1785153459559590000,1785153459559590000,1785153459559590000,1785153459559591000,1785153459559664000,1785153459559667000,1785153459559667000,1785153459559667000,121932490,121652369,-207.121,0.000,0.000,1.000,3.000,0.000,0.000,29.000,0,0,0
B3_zmq_pushpull,zmq_tcp,none,none,,1,23100,512,584,1785153459560597000,1785153459560597000,1785153459560597000,1785153459560598000,1785153459560654000,1785153459560657000,1785153459560657000,1785153459560657000,121932490,121652369,-224.121,0.000,0.000,1.000,3.000,0.000,0.000,17.000,0,0,0
B3_zmq_pushpull,zmq_tcp,none,none,,1,23101,512,584,1785153459561592000,1785153459561592000,1785153459561593000,1785153459561594000,1785153459561660000,1785153459561663000,1785153459561663000,1785153459561663000,121932490,121652369,-214.121,0.000,1.000,1.000,3.000,0.000,0.000,10.000,0,0,0
B3_zmq_pushpull,zmq_tcp,none,none,,1,23102,512,584,1785153459562596000,1785153459562597000,1785153459562597000,1785153459562598000,1785153459562659000,1785153459562661000,1785153459562661000,1785153459562661000,121932490,121652369,-219.121,1.000,0.000,1.000,2.000,0.000,0.000,5.000,0,0,0
B3_zmq_pushpull,zmq_tcp,none,none,,1,23103,512,584,1785153459563595000,1785153459563595000,1785153459563595000,1785153459563596000,1785153459563644000,1785153459563647000,1785153459563647000,1785153459563647000,121932490,121652369,-232.121,0.000,0.000,1.000,3.000,0.000,0.000,13.000,0,0,0
B3_zmq_pushpull,zmq_tcp,none,none,,1,23104,512,584,1785153459564596000,1785153459564596000,1785153459564596000,1785153459564597000,1785153459564652000,1785153459564655000,1785153459564655000,1785153459564655000,121932490,121652369,-225.121,0.000,0.000,1.000,3.000,0.000,0.000,7.000,0,0,0
B3_zmq_pushpull,zmq_tcp,none,none,,1,23105,512,584,1785153459565509000,1785153459565509000,1785153459565509000,1785153459565510000,1785153459565657000,1785153459565661000,1785153459565661000,1785153459565661000,121932490,121652369,-133.121,0.000,0.000,1.000,4.000,0.000,0.000,92.000,0,0,0
B3_zmq_pushpull,zmq_tcp,none,none,,1,23106,512,584,1785153459566507000,1785153459566508000,1785153459566508000,1785153459566509000,1785153459566665000,1785153459566668000,1785153459566668000,1785153459566668000,121932490,121652369,-124.121,1.000,0.000,1.000,3.000,0.000,0.000,9.000,0,0,0
B3_zmq_pushpull,zmq_tcp,none,none,,1,23107,512,584,1785153459567489000,1785153459567489000,1785153459567489000,1785153459567490000,1785153459567647000,1785153459567649000,1785153459567649000,1785153459567649000,121932490,121652369,-123.121,0.000,0.000,1.000,2.000,0.000,0.000,1.000,0,0,0
B3_zmq_pushpull,zmq_tcp,none,none,,1,23108,512,584,1785153459568623000,1785153459568623000,1785153459568623000,1785153459568624000,1785153459568784000,1785153459568787000,1785153459568787000,1785153459568787000,121932490,121652369,-120.121,0.000,0.000,1.000,3.000,0.000,0.000,3.000,0,0,0
B3_zmq_pushpull,zmq_tcp,none,none,,1,23109,512,584,1785153459569585000,1785153459569585000,1785153459569585000,1785153459569586000,1785153459569630000,1785153459569632000,1785153459569632000,1785153459569632000,121932490,121652369,-236.121,0.000,0.000,1.000,2.000,0.000,0.000,116.000,0,0,0
B3_zmq_pushpull,zmq_tcp,none,none,,1,23110,512,584,1785153459570598000,1785153459570598000,1785153459570598000,1785153459570599000,1785153459570756000,1785153459570759000,1785153459570759000,1785153459570759000,121932490,121652369,-123.121,0.000,0.000,1.000,3.000,0.000,0.000,113.000,0,0,0
B3_zmq_pushpull,zmq_tcp,none,none,,1,23111,512,584,1785153459571596000,1785153459571596000,1785153459571596000,1785153459571597000,1785153459571765000,1785153459571768000,1785153459571768000,1785153459571768000,121932490,121652369,-112.121,0.000,0.000,1.000,3.000,0.000,0.000,11.000,0,0,0
B3_zmq_pushpull,zmq_tcp,none,none,,1,23112,512,584,1785153459572596000,1785153459572597000,1785153459572597000,1785153459572598000,1785153459572785000,1785153459572788000,1785153459572788000,1785153459572788000,121932490,121652369,-93.121,1.000,0.000,1.000,3.000,0.000,0.000,19.000,0,0,0
B3_zmq_pushpull,zmq_tcp,none,none,,1,23113,512,584,1785153459573594000,1785153459573594000,1785153459573594000,1785153459573595000,1785153459573656000,1785153459573659000,1785153459573659000,1785153459573659000,121932490,121652369,-219.121,0.000,0.000,1.000,3.000,0.000,0.000,126.000,0,0,0
B3_zmq_pushpull,zmq_tcp,none,none,,1,23114,512,584,1785153459574596000,1785153459574596000,1785153459574596000,1785153459574597000,1785153459574676000,1785153459574679000,1785153459574679000,1785153459574679000,121932490,121652369,-201.121,0.000,0.000,1.000,3.000,0.000,0.000,18.000,0,0,0
B3_zmq_pushpull,zmq_tcp,none,none,,1,23115,512,584,1785153459575596000,1785153459575596000,1785153459575596000,1785153459575597000,1785153459575687000,1785153459575690000,1785153459575690000,1785153459575690000,121932490,121652369,-190.121,0.000,0.000,1.000,3.000,0.000,0.000,11.000,0,0,0
B3_zmq_pushpull,zmq_tcp,none,none,,1,23116,512,584,1785153459576595000,1785153459576595000,1785153459576595000,1785153459576596000,1785153459576688000,1785153459576691000,1785153459576691000,1785153459576691000,121932490,121652369,-188.121,0.000,0.000,1.000,3.000,0.000,0.000,2.000,0,0,0
B3_zmq_pushpull,zmq_tcp,none,none,,1,23117,512,584,1785153459577593000,1785153459577593000,1785153459577593000,1785153459577594000,1785153459577692000,1785153459577695000,1785153459577695000,1785153459577695000,121932490,121652369,-182.121,0.000,0.000,1.000,3.000,0.000,0.000,6.000,0,0,0
B3_zmq_pushpull,zmq_tcp,none,none,,1,23118,512,584,1785153459578597000,1785153459578597000,1785153459578597000,1785153459578598000,1785153459578700000,1785153459578703000,1785153459578703000,1785153459578703000,121932490,121652369,-178.121,0.000,0.000,1.000,3.000,0.000,0.000,4.000,0,0,0
B3_zmq_pushpull,zmq_tcp,none,none,,1,23119,512,584,1785153459579599000,1785153459579599000,1785153459579599000,1785153459579600000,1785153459579716000,1785153459579719000,1785153459579719000,1785153459579719000,121932490,121652369,-164.121,0.000,0.000,1.000,3.000,0.000,0.000,14.000,0,0,0
B3_zmq_pushpull,zmq_tcp,none,none,,1,23120,512,584,1785153459580595000,1785153459580595000,1785153459580595000,1785153459580596000,1785153459580727000,1785153459580729000,1785153459580729000,1785153459580729000,121932490,121652369,-149.121,0.000,0.000,1.000,2.000,0.000,0.000,15.000,0,0,0
B3_zmq_pushpull,zmq_tcp,none,none,,1,23121,512,584,1785153459581595000,1785153459581595000,1785153459581595000,1785153459581596000,1785153459581729000,1785153459581732000,1785153459581732000,1785153459581732000,121932490,121652369,-147.121,0.000,0.000,1.000,3.000,0.000,0.000,2.000,0,0,0
B3_zmq_pushpull,zmq_tcp,none,none,,1,23122,512,584,1785153459582596000,1785153459582596000,1785153459582596000,1785153459582597000,1785153459582723000,1785153459582726000,1785153459582726000,1785153459582726000,121932490,121652369,-154.121,0.000,0.000,1.000,3.000,0.000,0.000,7.000,0,0,0
B3_zmq_pushpull,zmq_tcp,none,none,,1,23123,512,584,1785153459583595000,1785153459583595000,1785153459583595000,1785153459583596000,1785153459583727000,1785153459583729000,1785153459583729000,1785153459583729000,121932490,121652369,-149.121,0.000,0.000,1.000,2.000,0.000,0.000,5.000,0,0,0
B3_zmq_pushpull,zmq_tcp,none,none,,1,23124,512,584,1785153459584592000,1785153459584592000,1785153459584592000,1785153459584593000,1785153459584713000,1785153459584716000,1785153459584716000,1785153459584716000,121932490,121652369,-160.121,0.000,0.000,1.000,3.000,0.000,0.000,11.000,0,0,0
B3_zmq_pushpull,zmq_tcp,none,none,,1,23125,512,584,1785153459585596000,1785153459585596000,1785153459585596000,1785153459585597000,1785153459585715000,1785153459585717000,1785153459585717000,1785153459585717000,121932490,121652369,-162.121,0.000,0.000,1.000,2.000,0.000,0.000,2.000,0,0,0
B3_zmq_pushpull,zmq_tcp,none,none,,1,23126,512,584,1785153459586596000,1785153459586596000,1785153459586597000,1785153459586597000,1785153459586727000,1785153459586729000,1785153459586729000,1785153459586729000,121932490,121652369,-150.121,0.000,1.000,0.000,2.000,0.000,0.000,12.000,0,0,0
B3_zmq_pushpull,zmq_tcp,none,none,,1,23127,512,584,1785153459587594000,1785153459587594000,1785153459587594000,1785153459587595000,1785153459587744000,1785153459587747000,1785153459587747000,1785153459587747000,121932490,121652369,-131.121,0.000,0.000,1.000,3.000,0.000,0.000,19.000,0,0,0
B3_zmq_pushpull,zmq_tcp,none,none,,1,23128,512,584,1785153459588596000,1785153459588596000,1785153459588596000,1785153459588597000,1785153459588747000,1785153459588750000,1785153459588750000,1785153459588750000,121932490,121652369,-130.121,0.000,0.000,1.000,3.000,0.000,0.000,1.000,0,0,0
B3_zmq_pushpull,zmq_tcp,none,none,,1,23129,512,584,1785153459589450000,1785153459589450000,1785153459589450000,1785153459589451000,1785153459589606000,1785153459589609000,1785153459589609000,1785153459589609000,121932490,121652369,-125.121,0.000,0.000,1.000,3.000,0.000,0.000,5.000,0,0,0
B3_zmq_pushpull,zmq_tcp,none,none,,1,23130,512,584,1785153459590631000,1785153459590631000,1785153459590631000,1785153459590632000,1785153459590752000,1785153459590754000,1785153459590754000,1785153459590754000,121932490,121652369,-160.121,0.000,0.000,1.000,2.000,0.000,0.000,35.000,0,0,0
B3_zmq_pushpull,zmq_tcp,none,none,,1,23131,512,584,1785153459591583000,1785153459591583000,1785153459591584000,1785153459591584000,1785153459591753000,1785153459591756000,1785153459591756000,1785153459591756000,121932490,121652369,-111.121,0.000,1.000,0.000,3.000,0.000,0.000,49.000,0,0,0
B3_zmq_pushpull,zmq_tcp,none,none,,1,23132,512,584,1785153459592598000,1785153459592599000,1785153459592599000,1785153459592600000,1785153459592764000,1785153459592767000,1785153459592767000,1785153459592767000,121932490,121652369,-116.121,1.000,0.000,1.000,3.000,0.000,0.000,5.000,0,0,0
B3_zmq_pushpull,zmq_tcp,none,none,,1,23133,512,584,1785153459593595000,1785153459593596000,1785153459593596000,1785153459593597000,1785153459593761000,1785153459593764000,1785153459593764000,1785153459593764000,121932490,121652369,-116.121,1.000,0.000,1.000,3.000,0.000,0.000,0.000,0,0,0
B3_zmq_pushpull,zmq_tcp,none,none,,1,23134,512,584,1785153459594596000,1785153459594597000,1785153459594597000,1785153459594598000,1785153459594763000,1785153459594765000,1785153459594766000,1785153459594766000,121932490,121652369,-115.121,1.000,0.000,1.000,2.000,1.000,0.000,1.000,0,0,0
B3_zmq_pushpull,zmq_tcp,none,none,,1,23135,512,584,1785153459595591000,1785153459595592000,1785153459595592000,1785153459595593000,1785153459595772000,1785153459595775000,1785153459595775000,1785153459595775000,121932490,121652369,-101.121,1.000,0.000,1.000,3.000,0.000,0.000,14.000,0,0,0
B3_zmq_pushpull,zmq_tcp,none,none,,1,23136,512,584,1785153459596597000,1785153459596597000,1785153459596597000,1785153459596598000,1785153459596641000,1785153459596644000,1785153459596644000,1785153459596644000,121932490,121652369,-237.121,0.000,0.000,1.000,3.000,0.000,0.000,136.000,0,0,0
B3_zmq_pushpull,zmq_tcp,none,none,,1,23137,512,584,1785153459597595000,1785153459597596000,1785153459597596000,1785153459597597000,1785153459597638000,1785153459597642000,1785153459597642000,1785153459597642000,121932490,121652369,-239.121,1.000,0.000,1.000,4.000,0.000,0.000,2.000,0,0,0
B3_zmq_pushpull,zmq_tcp,none,none,,1,23138,512,584,1785153459598595000,1785153459598596000,1785153459598596000,1785153459598596000,1785153459598653000,1785153459598656000,1785153459598656000,1785153459598656000,121932490,121652369,-223.121,1.000,0.000,0.000,3.000,0.000,0.000,16.000,0,0,0
B3_zmq_pushpull,zmq_tcp,none,none,,1,23139,512,584,1785153459599496000,1785153459599496000,1785153459599496000,1785153459599497000,1785153459599652000,1785153459599655000,1785153459599655000,1785153459599655000,121932490,121652369,-125.121,0.000,0.000,1.000,3.000,0.000,0.000,98.000,0,0,0
B3_zmq_pushpull,zmq_tcp,none,none,,1,23140,512,584,1785153459600489000,1785153459600489000,1785153459600489000,1785153459600490000,1785153459600645000,1785153459600648000,1785153459600648000,1785153459600648000,121932490,121652369,-125.121,0.000,0.000,1.000,3.000,0.000,0.000,0.000,0,0,0
B3_zmq_pushpull,zmq_tcp,none,none,,1,23141,512,584,1785153459601489000,1785153459601489000,1785153459601489000,1785153459601491000,1785153459601639000,1785153459601641000,1785153459601641000,1785153459601641000,121932490,121652369,-132.121,0.000,0.000,2.000,2.000,0.000,0.000,7.000,0,0,0
B3_zmq_pushpull,zmq_tcp,none,none,,1,23142,512,584,1785153459602477000,1785153459602477000,1785153459602477000,1785153459602478000,1785153459602616000,1785153459602619000,1785153459602619000,1785153459602619000,121932490,121652369,-142.121,0.000,0.000,1.000,3.000,0.000,0.000,10.000,0,0,0
B3_zmq_pushpull,zmq_tcp,none,none,,1,23143,512,584,1785153459603625000,1785153459603625000,1785153459603625000,1785153459603626000,1785153459603737000,1785153459603739000,1785153459603739000,1785153459603739000,121932490,121652369,-169.121,0.000,0.000,1.000,2.000,0.000,0.000,27.000,0,0,0
B3_zmq_pushpull,zmq_tcp,none,none,,1,23144,512,584,1785153459604588000,1785153459604589000,1785153459604589000,1785153459604590000,1785153459604724000,1785153459604727000,1785153459604727000,1785153459604727000,121932490,121652369,-146.121,1.000,0.000,1.000,3.000,0.000,0.000,23.000,0,0,0
B3_zmq_pushpull,zmq_tcp,none,none,,1,23145,512,584,1785153459605596000,1785153459605597000,1785153459605597000,1785153459605598000,1785153459605720000,1785153459605723000,1785153459605723000,1785153459605723000,121932490,121652369,-158.121,1.000,0.000,1.000,3.000,0.000,0.000,12.000,0,0,0
B3_zmq_pushpull,zmq_tcp,none,none,,1,23146,512,584,1785153459606591000,1785153459606592000,1785153459606592000,1785153459606593000,1785153459606720000,1785153459606723000,1785153459606723000,1785153459606723000,121932490,121652369,-153.121,1.000,0.000,1.000,3.000,0.000,0.000,5.000,0,0,0
B3_zmq_pushpull,zmq_tcp,none,none,,1,23147,512,584,1785153459607597000,1785153459607598000,1785153459607598000,1785153459607599000,1785153459607709000,1785153459607712000,1785153459607712000,1785153459607712000,121932490,121652369,-170.121,1.000,0.000,1.000,3.000,0.000,0.000,17.000,0,0,0
B3_zmq_pushpull,zmq_tcp,none,none,,1,23148,512,584,1785153459608598000,1785153459608598000,1785153459608598000,1785153459608599000,1785153459608696000,1785153459608699000,1785153459608699000,1785153459608699000,121932490,121652369,-183.121,0.000,0.000,1.000,3.000,0.000,0.000,13.000,0,0,0
B3_zmq_pushpull,zmq_tcp,none,none,,1,23149,512,584,1785153459609594000,1785153459609594000,1785153459609594000,1785153459609595000,1785153459609667000,1785153459609670000,1785153459609670000,1785153459609670000,121932490,121652369,-208.121,0.000,0.000,1.000,3.000,0.000,0.000,25.000,0,0,0
B3_zmq_pushpull,zmq_tcp,none,none,,1,23150,512,584,1785153459610595000,1785153459610596000,1785153459610596000,1785153459610597000,1785153459610666000,1785153459610668000,1785153459610668000,1785153459610668000,121932490,121652369,-211.121,1.000,0.000,1.000,2.000,0.000,0.000,3.000,0,0,0
B3_zmq_pushpull,zmq_tcp,none,none,,1,23151,512,584,1785153459611596000,1785153459611596000,1785153459611596000,1785153459611597000,1785153459611662000,1785153459611664000,1785153459611664000,1785153459611664000,121932490,121652369,-215.121,0.000,0.000,1.000,2.000,0.000,0.000,4.000,0,0,0
B3_zmq_pushpull,zmq_tcp,none,none,,1,23152,512,584,1785153459612595000,1785153459612596000,1785153459612596000,1785153459612597000,1785153459612652000,1785153459612655000,1785153459612655000,1785153459612655000,121932490,121652369,-225.121,1.000,0.000,1.000,3.000,0.000,0.000,10.000,0,0,0
B3_zmq_pushpull,zmq_tcp,none,none,,1,23153,512,584,1785153459613594000,1785153459613594000,1785153459613594000,1785153459613595000,1785153459613664000,1785153459613667000,1785153459613667000,1785153459613667000,121932490,121652369,-211.121,0.000,0.000,1.000,3.000,0.000,0.000,14.000,0,0,0
B3_zmq_pushpull,zmq_tcp,none,none,,1,23154,512,584,1785153459614596000,1785153459614596000,1785153459614596000,1785153459614597000,1785153459614671000,1785153459614674000,1785153459614674000,1785153459614674000,121932490,121652369,-206.121,0.000,0.000,1.000,3.000,0.000,0.000,5.000,0,0,0
B3_zmq_pushpull,zmq_tcp,none,none,,1,23155,512,584,1785153459615597000,1785153459615597000,1785153459615597000,1785153459615598000,1785153459615667000,1785153459615670000,1785153459615670000,1785153459615670000,121932490,121652369,-211.121,0.000,0.000,1.000,3.000,0.000,0.000,5.000,0,0,0
B3_zmq_pushpull,zmq_tcp,none,none,,1,23156,512,584,1785153459616595000,1785153459616595000,1785153459616595000,1785153459616596000,1785153459616667000,1785153459616670000,1785153459616670000,1785153459616670000,121932490,121652369,-209.121,0.000,0.000,1.000,3.000,0.000,0.000,2.000,0,0,0
B3_zmq_pushpull,zmq_tcp,none,none,,1,23157,512,584,1785153459617594000,1785153459617594000,1785153459617594000,1785153459617595000,1785153459617665000,1785153459617668000,1785153459617668000,1785153459617668000,121932490,121652369,-210.121,0.000,0.000,1.000,3.000,0.000,0.000,1.000,0,0,0
B3_zmq_pushpull,zmq_tcp,none,none,,1,23158,512,584,1785153459618594000,1785153459618594000,1785153459618594000,1785153459618595000,1785153459618643000,1785153459618647000,1785153459618647000,1785153459618647000,121932490,121652369,-232.121,0.000,0.000,1.000,4.000,0.000,0.000,22.000,0,0,0
B3_zmq_pushpull,zmq_tcp,none,none,,1,23159,512,584,1785153459619594000,1785153459619594000,1785153459619595000,1785153459619595000,1785153459619774000,1785153459619777000,1785153459619777000,1785153459619777000,121932490,121652369,-101.121,0.000,1.000,0.000,3.000,0.000,0.000,131.000,0,0,0
B3_zmq_pushpull,zmq_tcp,none,none,,1,23160,512,584,1785153459620596000,1785153459620597000,1785153459620597000,1785153459620598000,1785153459620753000,1785153459620755000,1785153459620755000,1785153459620755000,121932490,121652369,-125.121,1.000,0.000,1.000,2.000,0.000,0.000,24.000,0,0,0
B3_zmq_pushpull,zmq_tcp,none,none,,1,23161,512,584,1785153459621596000,1785153459621597000,1785153459621597000,1785153459621598000,1785153459621754000,1785153459621757000,1785153459621757000,1785153459621757000,121932490,121652369,-124.121,1.000,0.000,1.000,3.000,0.000,0.000,1.000,0,0,0
B3_zmq_pushpull,zmq_tcp,none,none,,1,23162,512,584,1785153459622595000,1785153459622595000,1785153459622595000,1785153459622596000,1785153459622742000,1785153459622745000,1785153459622745000,1785153459622745000,121932490,121652369,-134.121,0.000,0.000,1.000,3.000,0.000,0.000,10.000,0,0,0
B3_zmq_pushpull,zmq_tcp,none,none,,1,23163,512,584,1785153459623595000,1785153459623595000,1785153459623595000,1785153459623596000,1785153459623738000,1785153459623741000,1785153459623741000,1785153459623741000,121932490,121652369,-138.121,0.000,0.000,1.000,3.000,0.000,0.000,4.000,0,0,0
B3_zmq_pushpull,zmq_tcp,none,none,,1,23164,512,584,1785153459624438000,1785153459624438000,1785153459624438000,1785153459624439000,1785153459624591000,1785153459624594000,1785153459624594000,1785153459624594000,121932490,121652369,-128.121,0.000,0.000,1.000,3.000,0.000,0.000,10.000,0,0,0
B3_zmq_pushpull,zmq_tcp,none,none,,1,23165,512,584,1785153459625420000,1785153459625420000,1785153459625420000,1785153459625421000,1785153459625574000,1785153459625577000,1785153459625577000,1785153459625577000,121932490,121652369,-127.121,0.000,0.000,1.000,3.000,0.000,0.000,1.000,0,0,0
B3_zmq_pushpull,zmq_tcp,none,none,,1,23166,512,584,1785153459626402000,1785153459626402000,1785153459626402000,1785153459626403000,1785153459626557000,1785153459626559000,1785153459626559000,1785153459626559000,121932490,121652369,-126.121,0.000,0.000,1.000,2.000,0.000,0.000,1.000,0,0,0
B3_zmq_pushpull,zmq_tcp,none,none,,1,23167,512,584,1785153459627408000,1785153459627408000,1785153459627408000,1785153459627409000,1785153459627547000,1785153459627550000,1785153459627550000,1785153459627550000,121932490,121652369,-142.121,0.000,0.000,1.000,3.000,0.000,0.000,16.000,0,0,0
B3_zmq_pushpull,zmq_tcp,none,none,,1,23168,512,584,1785153459628401000,1785153459628402000,1785153459628402000,1785153459628403000,1785153459628546000,1785153459628549000,1785153459628549000,1785153459628549000,121932490,121652369,-137.121,1.000,0.000,1.000,3.000,0.000,0.000,5.000,0,0,0
B3_zmq_pushpull,zmq_tcp,none,none,,1,23169,512,584,1785153459629399000,1785153459629399000,1785153459629399000,1785153459629400000,1785153459629543000,1785153459629546000,1785153459629546000,1785153459629546000,121932490,121652369,-137.121,0.000,0.000,1.000,3.000,0.000,0.000,0.000,0,0,0
B3_zmq_pushpull,zmq_tcp,none,none,,1,23170,512,584,1785153459630520000,1785153459630520000,1785153459630520000,1785153459630521000,1785153459630678000,1785153459630681000,1785153459630681000,1785153459630681000,121932490,121652369,-123.121,0.000,0.000,1.000,3.000,0.000,0.000,14.000,0,0,0
B3_zmq_pushpull,zmq_tcp,none,none,,1,23171,512,584,1785153459631522000,1785153459631522000,1785153459631522000,1785153459631523000,1785153459631675000,1785153459631678000,1785153459631678000,1785153459631678000,121932490,121652369,-128.121,0.000,0.000,1.000,3.000,0.000,0.000,5.000,0,0,0
B3_zmq_pushpull,zmq_tcp,none,none,,1,23172,512,584,1785153459632512000,1785153459632512000,1785153459632512000,1785153459632513000,1785153459632665000,1785153459632667000,1785153459632667000,1785153459632667000,121932490,121652369,-128.121,0.000,0.000,1.000,2.000,0.000,0.000,0.000,0,0,0
B3_zmq_pushpull,zmq_tcp,none,none,,1,23173,512,584,1785153459633492000,1785153459633492000,1785153459633492000,1785153459633493000,1785153459633643000,1785153459633646000,1785153459633646000,1785153459633646000,121932490,121652369,-130.121,0.000,0.000,1.000,3.000,0.000,0.000,2.000,0,0,0
B3_zmq_pushpull,zmq_tcp,none,none,,1,23174,512,584,1785153459634491000,1785153459634491000,1785153459634491000,1785153459634492000,1785153459634647000,1785153459634650000,1785153459634650000,1785153459634650000,121932490,121652369,-125.121,0.000,0.000,1.000,3.000,0.000,0.000,5.000,0,0,0
B3_zmq_pushpull,zmq_tcp,none,none,,1,23175,512,584,1785153459635619000,1785153459635619000,1785153459635619000,1785153459635620000,1785153459635785000,1785153459635787000,1785153459635788000,1785153459635788000,121932490,121652369,-115.121,0.000,0.000,1.000,2.000,1.000,0.000,10.000,0,0,0
B3_zmq_pushpull,zmq_tcp,none,none,,1,23176,512,584,1785153459636592000,1785153459636592000,1785153459636592000,1785153459636593000,1785153459636786000,1785153459636789000,1785153459636789000,1785153459636789000,121932490,121652369,-87.121,0.000,0.000,1.000,3.000,0.000,0.000,28.000,0,0,0
B3_zmq_pushpull,zmq_tcp,none,none,,1,23177,512,584,1785153459637598000,1785153459637599000,1785153459637599000,1785153459637600000,1785153459637778000,1785153459637781000,1785153459637781000,1785153459637781000,121932490,121652369,-102.121,1.000,0.000,1.000,3.000,0.000,0.000,15.000,0,0,0
B3_zmq_pushpull,zmq_tcp,none,none,,1,23178,512,584,1785153459638593000,1785153459638593000,1785153459638593000,1785153459638594000,1785153459638754000,1785153459638758000,1785153459638758000,1785153459638758000,121932490,121652369,-120.121,0.000,0.000,1.000,4.000,0.000,0.000,18.000,0,0,0
B3_zmq_pushpull,zmq_tcp,none,none,,1,23179,512,584,1785153459639596000,1785153459639596000,1785153459639596000,1785153459639597000,1785153459639731000,1785153459639734000,1785153459639734000,1785153459639734000,121932490,121652369,-146.121,0.000,0.000,1.000,3.000,0.000,0.000,26.000,0,0,0
B3_zmq_pushpull,zmq_tcp,none,none,,1,23180,512,584,1785153459640595000,1785153459640595000,1785153459640595000,1785153459640596000,1785153459640710000,1785153459640713000,1785153459640713000,1785153459640713000,121932490,121652369,-166.121,0.000,0.000,1.000,3.000,0.000,0.000,20.000,0,0,0
B3_zmq_pushpull,zmq_tcp,none,none,,1,23181,512,584,1785153459641597000,1785153459641597000,1785153459641597000,1785153459641598000,1785153459641714000,1785153459641717000,1785153459641717000,1785153459641717000,121932490,121652369,-164.121,0.000,0.000,1.000,3.000,0.000,0.000,2.000,0,0,0
B3_zmq_pushpull,zmq_tcp,none,none,,1,23182,512,584,1785153459642589000,1785153459642589000,1785153459642589000,1785153459642590000,1785153459642701000,1785153459642704000,1785153459642704000,1785153459642704000,121932490,121652369,-169.121,0.000,0.000,1.000,3.000,0.000,0.000,5.000,0,0,0
B3_zmq_pushpull,zmq_tcp,none,none,,1,23183,512,584,1785153459643598000,1785153459643598000,1785153459643599000,1785153459643599000,1785153459643687000,1785153459643690000,1785153459643690000,1785153459643690000,121932490,121652369,-192.121,0.000,1.000,0.000,3.000,0.000,0.000,23.000,0,0,0
B3_zmq_pushpull,zmq_tcp,none,none,,1,23184,512,584,1785153459644595000,1785153459644596000,1785153459644596000,1785153459644597000,1785153459644668000,1785153459644671000,1785153459644671000,1785153459644671000,121932490,121652369,-209.121,1.000,0.000,1.000,3.000,0.000,0.000,17.000,0,0,0
B3_zmq_pushpull,zmq_tcp,none,none,,1,23185,512,584,1785153459645594000,1785153459645595000,1785153459645595000,1785153459645596000,1785153459645654000,1785153459645658000,1785153459645658000,1785153459645658000,121932490,121652369,-222.121,1.000,0.000,1.000,4.000,0.000,0.000,13.000,0,0,0
B3_zmq_pushpull,zmq_tcp,none,none,,1,23186,512,584,1785153459646464000,1785153459646464000,1785153459646464000,1785153459646465000,1785153459646615000,1785153459646618000,1785153459646618000,1785153459646618000,121932490,121652369,-130.121,0.000,0.000,1.000,3.000,0.000,0.000,92.000,0,0,0
B3_zmq_pushpull,zmq_tcp,none,none,,1,23187,512,584,1785153459647452000,1785153459647452000,1785153459647452000,1785153459647453000,1785153459647605000,1785153459647607000,1785153459647607000,1785153459647607000,121932490,121652369,-128.121,0.000,0.000,1.000,2.000,0.000,0.000,2.000,0,0,0
B3_zmq_pushpull,zmq_tcp,none,none,,1,23188,512,584,1785153459648452000,1785153459648452000,1785153459648452000,1785153459648453000,1785153459648598000,1785153459648601000,1785153459648601000,1785153459648601000,121932490,121652369,-135.121,0.000,0.000,1.000,3.000,0.000,0.000,7.000,0,0,0
B3_zmq_pushpull,zmq_tcp,none,none,,1,23189,512,584,1785153459649633000,1785153459649633000,1785153459649633000,1785153459649634000,1785153459649711000,1785153459649714000,1785153459649714000,1785153459649714000,121932490,121652369,-203.121,0.000,0.000,1.000,3.000,0.000,0.000,68.000,0,0,0
B3_zmq_pushpull,zmq_tcp,none,none,,1,23190,512,584,1785153459650585000,1785153459650585000,1785153459650585000,1785153459650586000,1785153459650689000,1785153459650691000,1785153459650692000,1785153459650692000,121932490,121652369,-177.121,0.000,0.000,1.000,2.000,1.000,0.000,26.000,0,0,0
B3_zmq_pushpull,zmq_tcp,none,none,,1,23191,512,584,1785153459651599000,1785153459651599000,1785153459651599000,1785153459651600000,1785153459651676000,1785153459651679000,1785153459651679000,1785153459651679000,121932490,121652369,-204.121,0.000,0.000,1.000,3.000,0.000,0.000,27.000,0,0,0
B3_zmq_pushpull,zmq_tcp,none,none,,1,23192,512,584,1785153459652502000,1785153459652502000,1785153459652502000,1785153459652503000,1785153459652654000,1785153459652657000,1785153459652657000,1785153459652657000,121932490,121652369,-129.121,0.000,0.000,1.000,3.000,0.000,0.000,75.000,0,0,0
B3_zmq_pushpull,zmq_tcp,none,none,,1,23193,512,584,1785153459653472000,1785153459653472000,1785153459653472000,1785153459653473000,1785153459653626000,1785153459653629000,1785153459653629000,1785153459653629000,121932490,121652369,-127.121,0.000,0.000,1.000,3.000,0.000,0.000,2.000,0,0,0
B3_zmq_pushpull,zmq_tcp,none,none,,1,23194,512,584,1785153459654451000,1785153459654451000,1785153459654451000,1785153459654452000,1785153459654602000,1785153459654605000,1785153459654605000,1785153459654605000,121932490,121652369,-130.121,0.000,0.000,1.000,3.000,0.000,0.000,3.000,0,0,0
B3_zmq_pushpull,zmq_tcp,none,none,,1,23195,512,584,1785153459655450000,1785153459655450000,1785153459655450000,1785153459655451000,1785153459655609000,1785153459655611000,1785153459655611000,1785153459655611000,121932490,121652369,-122.121,0.000,0.000,1.000,2.000,0.000,0.000,8.000,0,0,0
B3_zmq_pushpull,zmq_tcp,none,none,,1,23196,512,584,1785153459656632000,1785153459656632000,1785153459656632000,1785153459656633000,1785153459656712000,1785153459656714000,1785153459656714000,1785153459656714000,121932490,121652369,-201.121,0.000,0.000,1.000,2.000,0.000,0.000,79.000,0,0,0
B3_zmq_pushpull,zmq_tcp,none,none,,1,23197,512,584,1785153459657586000,1785153459657586000,1785153459657586000,1785153459657587000,1785153459657709000,1785153459657712000,1785153459657712000,1785153459657712000,121932490,121652369,-158.121,0.000,0.000,1.000,3.000,0.000,0.000,43.000,0,0,0
B3_zmq_pushpull,zmq_tcp,none,none,,1,23198,512,584,1785153459658597000,1785153459658597000,1785153459658597000,1785153459658598000,1785153459658686000,1785153459658689000,1785153459658689000,1785153459658689000,121932490,121652369,-192.121,0.000,0.000,1.000,3.000,0.000,0.000,34.000,0,0,0
B3_zmq_pushpull,zmq_tcp,none,none,,1,23199,512,584,1785153459659593000,1785153459659593000,1785153459659593000,1785153459659594000,1785153459659669000,1785153459659672000,1785153459659672000,1785153459659672000,121932490,121652369,-205.121,0.000,0.000,1.000,3.000,0.000,0.000,13.000,0,0,0
B3_zmq_pushpull,zmq_tcp,none,none,,1,23200,512,584,1785153459660596000,1785153459660596000,1785153459660596000,1785153459660597000,1785153459660656000,1785153459660659000,1785153459660659000,1785153459660659000,121932490,121652369,-221.121,0.000,0.000,1.000,3.000,0.000,0.000,16.000,0,0,0
B3_zmq_pushpull,zmq_tcp,none,none,,1,23201,512,584,1785153459661591000,1785153459661591000,1785153459661591000,1785153459661592000,1785153459661634000,1785153459661636000,1785153459661636000,1785153459661636000,121932490,121652369,-238.121,0.000,0.000,1.000,2.000,0.000,0.000,17.000,0,0,0
B3_zmq_pushpull,zmq_tcp,none,none,,1,23202,512,584,1785153459662596000,1785153459662596000,1785153459662596000,1785153459662597000,1785153459662766000,1785153459662769000,1785153459662769000,1785153459662769000,121932490,121652369,-111.121,0.000,0.000,1.000,3.000,0.000,0.000,127.000,0,0,0
B3_zmq_pushpull,zmq_tcp,none,none,,1,23203,512,584,1785153459663465000,1785153459663465000,1785153459663465000,1785153459663467000,1785153459663614000,1785153459663617000,1785153459663617000,1785153459663617000,121932490,121652369,-133.121,0.000,0.000,2.000,3.000,0.000,0.000,22.000,0,0,0
B3_zmq_pushpull,zmq_tcp,none,none,,1,23204,512,584,1785153459664630000,1785153459664630000,1785153459664630000,1785153459664631000,1785153459664733000,1785153459664736000,1785153459664736000,1785153459664736000,121932490,121652369,-178.121,0.000,0.000,1.000,3.000,0.000,0.000,45.000,0,0,0
B3_zmq_pushpull,zmq_tcp,none,none,,1,23205,512,584,1785153459665585000,1785153459665585000,1785153459665585000,1785153459665586000,1785153459665721000,1785153459665724000,1785153459665724000,1785153459665724000,121932490,121652369,-145.121,0.000,0.000,1.000,3.000,0.000,0.000,33.000,0,0,0
B3_zmq_pushpull,zmq_tcp,none,none,,1,23206,512,584,1785153459666599000,1785153459666599000,1785153459666599000,1785153459666600000,1785153459666701000,1785153459666705000,1785153459666705000,1785153459666706000,121932490,121652369,-179.121,0.000,0.000,1.000,4.000,0.000,1.000,34.000,0,0,0
B3_zmq_pushpull,zmq_tcp,none,none,,1,23207,512,584,1785153459667593000,1785153459667593000,1785153459667593000,1785153459667594000,1785153459667669000,1785153459667671000,1785153459667671000,1785153459667671000,121932490,121652369,-205.121,0.000,0.000,1.000,2.000,0.000,0.000,26.000,0,0,0
B3_zmq_pushpull,zmq_tcp,none,none,,1,23208,512,584,1785153459668597000,1785153459668597000,1785153459668597000,1785153459668598000,1785153459668776000,1785153459668778000,1785153459668778000,1785153459668778000,121932490,121652369,-102.121,0.000,0.000,1.000,2.000,0.000,0.000,103.000,0,0,0
B3_zmq_pushpull,zmq_tcp,none,none,,1,23209,512,584,1785153459669592000,1785153459669592000,1785153459669592000,1785153459669593000,1785153459669757000,1785153459669760000,1785153459669760000,1785153459669760000,121932490,121652369,-116.121,0.000,0.000,1.000,3.000,0.000,0.000,14.000,0,0,0
B3_zmq_pushpull,zmq_tcp,none,none,,1,23210,512,584,1785153459670596000,1785153459670596000,1785153459670596000,1785153459670597000,1785153459670744000,1785153459670746000,1785153459670746000,1785153459670746000,121932490,121652369,-133.121,0.000,0.000,1.000,2.000,0.000,0.000,17.000,0,0,0
B3_zmq_pushpull,zmq_tcp,none,none,,1,23211,512,584,1785153459671595000,1785153459671595000,1785153459671595000,1785153459671596000,1785153459671741000,1785153459671744000,1785153459671744000,1785153459671744000,121932490,121652369,-135.121,0.000,0.000,1.000,3.000,0.000,0.000,2.000,0,0,0
B3_zmq_pushpull,zmq_tcp,none,none,,1,23212,512,584,1785153459672595000,1785153459672595000,1785153459672595000,1785153459672596000,1785153459672714000,1785153459672717000,1785153459672717000,1785153459672717000,121932490,121652369,-162.121,0.000,0.000,1.000,3.000,0.000,0.000,27.000,0,0,0
B3_zmq_pushpull,zmq_tcp,none,none,,1,23213,512,584,1785153459673592000,1785153459673592000,1785153459673592000,1785153459673593000,1785153459673693000,1785153459673698000,1785153459673698000,1785153459673698000,121932490,121652369,-180.121,0.000,0.000,1.000,5.000,0.000,0.000,18.000,0,0,0
B3_zmq_pushpull,zmq_tcp,none,none,,1,23214,512,584,1785153459674596000,1785153459674596000,1785153459674596000,1785153459674597000,1785153459674672000,1785153459674674000,1785153459674674000,1785153459674674000,121932490,121652369,-205.121,0.000,0.000,1.000,2.000,0.000,0.000,25.000,0,0,0
B3_zmq_pushpull,zmq_tcp,none,none,,1,23215,512,584,1785153459675595000,1785153459675595000,1785153459675595000,1785153459675596000,1785153459675640000,1785153459675644000,1785153459675644000,1785153459675644000,121932490,121652369,-236.121,0.000,0.000,1.000,4.000,0.000,0.000,31.000,0,0,0
B3_zmq_pushpull,zmq_tcp,none,none,,1,23216,512,584,1785153459676475000,1785153459676475000,1785153459676475000,1785153459676476000,1785153459676630000,1785153459676633000,1785153459676633000,1785153459676633000,121932490,121652369,-126.121,0.000,0.000,1.000,3.000,0.000,0.000,110.000,0,0,0
B3_zmq_pushpull,zmq_tcp,none,none,,1,23217,512,584,1785153459677479000,1785153459677480000,1785153459677480000,1785153459677481000,1785153459677628000,1785153459677630000,1785153459677630000,1785153459677630000,121932490,121652369,-133.121,1.000,0.000,1.000,2.000,0.000,0.000,7.000,0,0,0
B3_zmq_pushpull,zmq_tcp,none,none,,1,23218,512,584,1785153459678626000,1785153459678626000,1785153459678626000,1785153459678627000,1785153459678748000,1785153459678750000,1785153459678750000,1785153459678750000,121932490,121652369,-159.121,0.000,0.000,1.000,2.000,0.000,0.000,26.000,0,0,0
B3_zmq_pushpull,zmq_tcp,none,none,,1,23219,512,584,1785153459679587000,1785153459679587000,1785153459679587000,1785153459679588000,1785153459679733000,1785153459679738000,1785153459679738000,1785153459679738000,121932490,121652369,-135.121,0.000,0.000,1.000,5.000,0.000,0.000,24.000,0,0,0
B3_zmq_pushpull,zmq_tcp,none,none,,1,23220,512,584,1785153459680593000,1785153459680593000,1785153459680593000,1785153459680594000,1785153459680714000,1785153459680717000,1785153459680717000,1785153459680717000,121932490,121652369,-160.121,0.000,0.000,1.000,3.000,0.000,0.000,25.000,0,0,0
B3_zmq_pushpull,zmq_tcp,none,none,,1,23221,512,584,1785153459681596000,1785153459681596000,1785153459681596000,1785153459681597000,1785153459681698000,1785153459681701000,1785153459681701000,1785153459681701000,121932490,121652369,-179.121,0.000,0.000,1.000,3.000,0.000,0.000,19.000,0,0,0
B3_zmq_pushpull,zmq_tcp,none,none,,1,23222,512,584,1785153459682596000,1785153459682596000,1785153459682596000,1785153459682597000,1785153459682686000,1785153459682689000,1785153459682689000,1785153459682689000,121932490,121652369,-191.121,0.000,0.000,1.000,3.000,0.000,0.000,12.000,0,0,0
B3_zmq_pushpull,zmq_tcp,none,none,,1,23223,512,584,1785153459683502000,1785153459683502000,1785153459683502000,1785153459683504000,1785153459683649000,1785153459683652000,1785153459683652000,1785153459683652000,121932490,121652369,-135.121,0.000,0.000,2.000,3.000,0.000,0.000,56.000,0,0,0
B3_zmq_pushpull,zmq_tcp,none,none,,1,23224,512,584,1785153459684624000,1785153459684624000,1785153459684624000,1785153459684625000,1785153459684782000,1785153459684785000,1785153459684785000,1785153459684785000,121932490,121652369,-123.121,0.000,0.000,1.000,3.000,0.000,0.000,12.000,0,0,0
B3_zmq_pushpull,zmq_tcp,none,none,,1,23225,512,584,1785153459685588000,1785153459685588000,1785153459685588000,1785153459685589000,1785153459685780000,1785153459685783000,1785153459685783000,1785153459685783000,121932490,121652369,-89.121,0.000,0.000,1.000,3.000,0.000,0.000,34.000,0,0,0
B3_zmq_pushpull,zmq_tcp,none,none,,1,23226,512,584,1785153459686596000,1785153459686596000,1785153459686596000,1785153459686597000,1785153459686746000,1785153459686749000,1785153459686749000,1785153459686749000,121932490,121652369,-131.121,0.000,0.000,1.000,3.000,0.000,0.000,42.000,0,0,0
B3_zmq_pushpull,zmq_tcp,none,none,,1,23227,512,584,1785153459687592000,1785153459687592000,1785153459687592000,1785153459687593000,1785153459687721000,1785153459687724000,1785153459687724000,1785153459687724000,121932490,121652369,-152.121,0.000,0.000,1.000,3.000,0.000,0.000,21.000,0,0,0
B3_zmq_pushpull,zmq_tcp,none,none,,1,23228,512,584,1785153459688597000,1785153459688597000,1785153459688597000,1785153459688598000,1785153459688698000,1785153459688702000,1785153459688702000,1785153459688702000,121932490,121652369,-180.121,0.000,0.000,1.000,4.000,0.000,0.000,28.000,0,0,0
B3_zmq_pushpull,zmq_tcp,none,none,,1,23229,512,584,1785153459689595000,1785153459689595000,1785153459689595000,1785153459689596000,1785153459689690000,1785153459689693000,1785153459689693000,1785153459689693000,121932490,121652369,-186.121,0.000,0.000,1.000,3.000,0.000,0.000,6.000,0,0,0
B3_zmq_pushpull,zmq_tcp,none,none,,1,23230,512,584,1785153459690597000,1785153459690597000,1785153459690597000,1785153459690598000,1785153459690664000,1785153459690667000,1785153459690667000,1785153459690667000,121932490,121652369,-214.121,0.000,0.000,1.000,3.000,0.000,0.000,28.000,0,0,0
B3_zmq_pushpull,zmq_tcp,none,none,,1,23231,512,584,1785153459691502000,1785153459691502000,1785153459691503000,1785153459691503000,1785153459691646000,1785153459691649000,1785153459691649000,1785153459691649000,121932490,121652369,-137.121,0.000,1.000,0.000,3.000,0.000,0.000,77.000,0,0,0
B3_zmq_pushpull,zmq_tcp,none,none,,1,23232,512,584,1785153459692619000,1785153459692619000,1785153459692619000,1785153459692620000,1785153459692753000,1785153459692757000,1785153459692757000,1785153459692757000,121932490,121652369,-147.121,0.000,0.000,1.000,4.000,0.000,0.000,10.000,0,0,0
B3_zmq_pushpull,zmq_tcp,none,none,,1,23233,512,584,1785153459693444000,1785153459693445000,1785153459693445000,1785153459693446000,1785153459693594000,1785153459693597000,1785153459693597000,1785153459693597000,121932490,121652369,-132.121,1.000,0.000,1.000,3.000,0.000,0.000,15.000,0,0,0
B3_zmq_pushpull,zmq_tcp,none,none,,1,23234,512,584,1785153459694633000,1785153459694633000,1785153459694634000,1785153459694634000,1785153459694717000,1785153459694720000,1785153459694720000,1785153459694720000,121932490,121652369,-197.121,0.000,1.000,0.000,3.000,0.000,0.000,65.000,0,0,0
B3_zmq_pushpull,zmq_tcp,none,none,,1,23235,512,584,1785153459695583000,1785153459695583000,1785153459695583000,1785153459695584000,1785153459695702000,1785153459695705000,1785153459695705000,1785153459695705000,121932490,121652369,-162.121,0.000,0.000,1.000,3.000,0.000,0.000,35.000,0,0,0
B3_zmq_pushpull,zmq_tcp,none,none,,1,23236,512,584,1785153459696599000,1785153459696600000,1785153459696600000,1785153459696601000,1785153459696682000,1785153459696685000,1785153459696685000,1785153459696685000,121932490,121652369,-199.121,1.000,0.000,1.000,3.000,0.000,0.000,37.000,0,0,0
B3_zmq_pushpull,zmq_tcp,none,none,,1,23237,512,584,1785153459697596000,1785153459697596000,1785153459697596000,1785153459697597000,1785153459697673000,1785153459697676000,1785153459697676000,1785153459697676000,121932490,121652369,-204.121,0.000,0.000,1.000,3.000,0.000,0.000,5.000,0,0,0
B3_zmq_pushpull,zmq_tcp,none,none,,1,23238,512,584,1785153459698598000,1785153459698598000,1785153459698598000,1785153459698599000,1785153459698655000,1785153459698657000,1785153459698657000,1785153459698657000,121932490,121652369,-224.121,0.000,0.000,1.000,2.000,0.000,0.000,20.000,0,0,0
B3_zmq_pushpull,zmq_tcp,none,none,,1,23239,512,584,1785153459699593000,1785153459699594000,1785153459699594000,1785153459699594000,1785153459699766000,1785153459699769000,1785153459699769000,1785153459699769000,121932490,121652369,-108.121,1.000,0.000,0.000,3.000,0.000,0.000,116.000,0,0,0
B3_zmq_pushpull,zmq_tcp,none,none,,1,23240,512,584,1785153459700597000,1785153459700597000,1785153459700597000,1785153459700598000,1785153459700747000,1785153459700749000,1785153459700749000,1785153459700749000,121932490,121652369,-131.121,0.000,0.000,1.000,2.000,0.000,0.000,23.000,0,0,0
B3_zmq_pushpull,zmq_tcp,none,none,,1,23241,512,584,1785153459701595000,1785153459701595000,1785153459701595000,1785153459701596000,1785153459701733000,1785153459701736000,1785153459701736000,1785153459701736000,121932490,121652369,-143.121,0.000,0.000,1.000,3.000,0.000,0.000,12.000,0,0,0
B3_zmq_pushpull,zmq_tcp,none,none,,1,23242,512,584,1785153459702424000,1785153459702424000,1785153459702424000,1785153459702425000,1785153459702568000,1785153459702571000,1785153459702571000,1785153459702571000,121932490,121652369,-137.121,0.000,0.000,1.000,3.000,0.000,0.000,6.000,0,0,0
B3_zmq_pushpull,zmq_tcp,none,none,,1,23243,512,584,1785153459703635000,1785153459703636000,1785153459703636000,1785153459703637000,1785153459703806000,1785153459703809000,1785153459703809000,1785153459703809000,121932490,121652369,-111.121,1.000,0.000,1.000,3.000,0.000,0.000,26.000,0,0,0
B3_zmq_pushpull,zmq_tcp,none,none,,1,23244,512,584,1785153459704591000,1785153459704591000,1785153459704591000,1785153459704592000,1785153459704649000,1785153459704652000,1785153459704652000,1785153459704652000,121932490,121652369,-223.121,0.000,0.000,1.000,3.000,0.000,0.000,112.000,0,0,0
B3_zmq_pushpull,zmq_tcp,none,none,,1,23245,512,584,1785153459705596000,1785153459705596000,1785153459705596000,1785153459705597000,1785153459705769000,1785153459705772000,1785153459705772000,1785153459705772000,121932490,121652369,-108.121,0.000,0.000,1.000,3.000,0.000,0.000,115.000,0,0,0
B3_zmq_pushpull,zmq_tcp,none,none,,1,23246,512,584,1785153459706595000,1785153459706596000,1785153459706596000,1785153459706597000,1785153459706760000,1785153459706762000,1785153459706762000,1785153459706763000,121932490,121652369,-117.121,1.000,0.000,1.000,2.000,0.000,1.000,9.000,0,0,0
B3_zmq_pushpull,zmq_tcp,none,none,,1,23247,512,584,1785153459707595000,1785153459707595000,1785153459707595000,1785153459707596000,1785153459707750000,1785153459707753000,1785153459707753000,1785153459707753000,121932490,121652369,-126.121,0.000,0.000,1.000,3.000,0.000,0.000,9.000,0,0,0
B3_zmq_pushpull,zmq_tcp,none,none,,1,23248,512,584,1785153459708595000,1785153459708595000,1785153459708595000,1785153459708596000,1785153459708737000,1785153459708740000,1785153459708740000,1785153459708740000,121932490,121652369,-139.121,0.000,0.000,1.000,3.000,0.000,0.000,13.000,0,0,0
B3_zmq_pushpull,zmq_tcp,none,none,,1,23249,512,584,1785153459709595000,1785153459709595000,1785153459709595000,1785153459709596000,1785153459709722000,1785153459709725000,1785153459709725000,1785153459709725000,121932490,121652369,-154.121,0.000,0.000,1.000,3.000,0.000,0.000,15.000,0,0,0
B3_zmq_pushpull,zmq_tcp,none,none,,1,23250,512,584,1785153459710592000,1785153459710592000,1785153459710592000,1785153459710593000,1785153459710704000,1785153459710707000,1785153459710707000,1785153459710707000,121932490,121652369,-169.121,0.000,0.000,1.000,3.000,0.000,0.000,15.000,0,0,0
B3_zmq_pushpull,zmq_tcp,none,none,,1,23251,512,584,1785153459711596000,1785153459711596000,1785153459711596000,1785153459711597000,1785153459711697000,1785153459711700000,1785153459711700000,1785153459711700000,121932490,121652369,-180.121,0.000,0.000,1.000,3.000,0.000,0.000,11.000,0,0,0
B3_zmq_pushpull,zmq_tcp,none,none,,1,23252,512,584,1785153459712563000,1785153459712563000,1785153459712563000,1785153459712564000,1785153459712705000,1785153459712707000,1785153459712707000,1785153459712707000,121932490,121652369,-139.121,0.000,0.000,1.000,2.000,0.000,0.000,41.000,0,0,0
B3_zmq_pushpull,zmq_tcp,none,none,,1,23253,512,584,1785153459713409000,1785153459713409000,1785153459713409000,1785153459713410000,1785153459713567000,1785153459713569000,1785153459713569000,1785153459713569000,121932490,121652369,-123.121,0.000,0.000,1.000,2.000,0.000,0.000,16.000,0,0,0
B3_zmq_pushpull,zmq_tcp,none,none,,1,23254,512,584,1785153459714640000,1785153459714640000,1785153459714640000,1785153459714641000,1785153459714685000,1785153459714689000,1785153459714689000,1785153459714689000,121932490,121652369,-236.121,0.000,0.000,1.000,4.000,0.000,0.000,113.000,0,0,0
B3_zmq_pushpull,zmq_tcp,none,none,,1,23255,512,584,1785153459715584000,1785153459715584000,1785153459715584000,1785153459715585000,1785153459715665000,1785153459715668000,1785153459715668000,1785153459715668000,121932490,121652369,-200.121,0.000,0.000,1.000,3.000,0.000,0.000,36.000,0,0,0
B3_zmq_pushpull,zmq_tcp,none,none,,1,23256,512,584,1785153459716597000,1785153459716598000,1785153459716598000,1785153459716599000,1785153459716645000,1785153459716649000,1785153459716649000,1785153459716649000,121932490,121652369,-234.121,1.000,0.000,1.000,4.000,0.000,0.000,34.000,0,0,0
B3_zmq_pushpull,zmq_tcp,none,none,,1,23257,512,584,1785153459717594000,1785153459717594000,1785153459717594000,1785153459717595000,1785153459717643000,1785153459717646000,1785153459717646000,1785153459717646000,121932490,121652369,-232.121,0.000,0.000,1.000,3.000,0.000,0.000,2.000,0,0,0
B3_zmq_pushpull,zmq_tcp,none,none,,1,23258,512,584,1785153459718601000,1785153459718602000,1785153459718602000,1785153459718603000,1785153459718787000,1785153459718789000,1785153459718789000,1785153459718789000,121932490,121652369,-96.121,1.000,0.000,1.000,2.000,0.000,0.000,136.000,0,0,0
B3_zmq_pushpull,zmq_tcp,none,none,,1,23259,512,584,1785153459719594000,1785153459719594000,1785153459719594000,1785153459719595000,1785153459719788000,1785153459719791000,1785153459719791000,1785153459719791000,121932490,121652369,-87.121,0.000,0.000,1.000,3.000,0.000,0.000,9.000,0,0,0
B3_zmq_pushpull,zmq_tcp,none,none,,1,23260,512,584,1785153459720599000,1785153459720599000,1785153459720599000,1785153459720600000,1785153459720781000,1785153459720784000,1785153459720784000,1785153459720784000,121932490,121652369,-99.121,0.000,0.000,1.000,3.000,0.000,0.000,12.000,0,0,0
B3_zmq_pushpull,zmq_tcp,none,none,,1,23261,512,584,1785153459721591000,1785153459721592000,1785153459721592000,1785153459721593000,1785153459721765000,1785153459721768000,1785153459721768000,1785153459721768000,121932490,121652369,-108.121,1.000,0.000,1.000,3.000,0.000,0.000,9.000,0,0,0
B3_zmq_pushpull,zmq_tcp,none,none,,1,23262,512,584,1785153459722596000,1785153459722596000,1785153459722596000,1785153459722597000,1785153459722760000,1785153459722763000,1785153459722763000,1785153459722763000,121932490,121652369,-117.121,0.000,0.000,1.000,3.000,0.000,0.000,9.000,0,0,0
B3_zmq_pushpull,zmq_tcp,none,none,,1,23263,512,584,1785153459723440000,1785153459723441000,1785153459723441000,1785153459723442000,1785153459723592000,1785153459723594000,1785153459723594000,1785153459723595000,121932490,121652369,-130.121,1.000,0.000,1.000,2.000,0.000,1.000,13.000,0,0,0
B3_zmq_pushpull,zmq_tcp,none,none,,1,23264,512,584,1785153459724421000,1785153459724421000,1785153459724421000,1785153459724422000,1785153459724572000,1785153459724574000,1785153459724574000,1785153459724575000,121932490,121652369,-130.121,0.000,0.000,1.000,2.000,0.000,1.000,0.000,0,0,0
B3_zmq_pushpull,zmq_tcp,none,none,,1,23265,512,584,1785153459725407000,1785153459725407000,1785153459725407000,1785153459725408000,1785153459725552000,1785153459725555000,1785153459725555000,1785153459725555000,121932490,121652369,-136.121,0.000,0.000,1.000,3.000,0.000,0.000,6.000,0,0,0
B3_zmq_pushpull,zmq_tcp,none,none,,1,23266,512,584,1785153459726645000,1785153459726645000,1785153459726645000,1785153459726646000,1785153459726809000,1785153459726812000,1785153459726812000,1785153459726812000,121932490,121652369,-117.121,0.000,0.000,1.000,3.000,0.000,0.000,19.000,0,0,0
B3_zmq_pushpull,zmq_tcp,none,none,,1,23267,512,584,1785153459727583000,1785153459727583000,1785153459727583000,1785153459727584000,1785153459727660000,1785153459727663000,1785153459727663000,1785153459727663000,121932490,121652369,-204.121,0.000,0.000,1.000,3.000,0.000,0.000,87.000,0,0,0
B3_zmq_pushpull,zmq_tcp,none,none,,1,23268,512,584,1785153459728598000,1785153459728598000,1785153459728598000,1785153459728599000,1785153459728643000,1785153459728646000,1785153459728646000,1785153459728646000,121932490,121652369,-236.121,0.000,0.000,1.000,3.000,0.000,0.000,32.000,0,0,0
B3_zmq_pushpull,zmq_tcp,none,none,,1,23269,512,584,1785153459729595000,1785153459729595000,1785153459729595000,1785153459729596000,1785153459729763000,1785153459729765000,1785153459729765000,1785153459729765000,121932490,121652369,-113.121,0.000,0.000,1.000,2.000,0.000,0.000,123.000,0,0,0
B3_zmq_pushpull,zmq_tcp,none,none,,1,23270,512,584,1785153459730441000,1785153459730441000,1785153459730441000,1785153459730442000,1785153459730593000,1785153459730596000,1785153459730596000,1785153459730596000,121932490,121652369,-129.121,0.000,0.000,1.000,3.000,0.000,0.000,16.000,0,0,0
B3_zmq_pushpull,zmq_tcp,none,none,,1,23271,512,584,1785153459731429000,1785153459731429000,1785153459731429000,1785153459731430000,1785153459731583000,1785153459731586000,1785153459731586000,1785153459731586000,121932490,121652369,-127.121,0.000,0.000,1.000,3.000,0.000,0.000,2.000,0,0,0
B3_zmq_pushpull,zmq_tcp,none,none,,1,23272,512,584,1785153459732413000,1785153459732413000,1785153459732413000,1785153459732414000,1785153459732569000,1785153459732572000,1785153459732572000,1785153459732572000,121932490,121652369,-125.121,0.000,0.000,1.000,3.000,0.000,0.000,2.000,0,0,0
B3_zmq_pushpull,zmq_tcp,none,none,,1,23273,512,584,1785153459733406000,1785153459733406000,1785153459733406000,1785153459733407000,1785153459733564000,1785153459733567000,1785153459733567000,1785153459733567000,121932490,121652369,-123.121,0.000,0.000,1.000,3.000,0.000,0.000,2.000,0,0,0
B3_zmq_pushpull,zmq_tcp,none,none,,1,23274,512,584,1785153459734408000,1785153459734408000,1785153459734408000,1785153459734409000,1785153459734556000,1785153459734559000,1785153459734559000,1785153459734559000,121932490,121652369,-133.121,0.000,0.000,1.000,3.000,0.000,0.000,10.000,0,0,0
B3_zmq_pushpull,zmq_tcp,none,none,,1,23275,512,584,1785153459735642000,1785153459735642000,1785153459735642000,1785153459735643000,1785153459735701000,1785153459735705000,1785153459735705000,1785153459735705000,121932490,121652369,-222.121,0.000,0.000,1.000,4.000,0.000,0.000,89.000,0,0,0
B3_zmq_pushpull,zmq_tcp,none,none,,1,23276,512,584,1785153459736519000,1785153459736519000,1785153459736520000,1785153459736520000,1785153459736673000,1785153459736675000,1785153459736675000,1785153459736675000,121932490,121652369,-127.121,0.000,1.000,0.000,2.000,0.000,0.000,95.000,0,0,0
B3_zmq_pushpull,zmq_tcp,none,none,,1,23277,512,584,1785153459737491000,1785153459737491000,1785153459737491000,1785153459737492000,1785153459737644000,1785153459737647000,1785153459737647000,1785153459737647000,121932490,121652369,-128.121,0.000,0.000,1.000,3.000,0.000,0.000,1.000,0,0,0
B3_zmq_pushpull,zmq_tcp,none,none,,1,23278,512,584,1785153459738487000,1785153459738487000,1785153459738487000,1785153459738488000,1785153459738641000,1785153459738643000,1785153459738643000,1785153459738643000,121932490,121652369,-127.121,0.000,0.000,1.000,2.000,0.000,0.000,1.000,0,0,0
B3_zmq_pushpull,zmq_tcp,none,none,,1,23279,512,584,1785153459739473000,1785153459739473000,1785153459739473000,1785153459739474000,1785153459739629000,1785153459739632000,1785153459739632000,1785153459739632000,121932490,121652369,-125.121,0.000,0.000,1.000,3.000,0.000,0.000,2.000,0,0,0
B3_zmq_pushpull,zmq_tcp,none,none,,1,23280,512,584,1785153459740450000,1785153459740450000,1785153459740450000,1785153459740451000,1785153459740609000,1785153459740612000,1785153459740612000,1785153459740612000,121932490,121652369,-122.121,0.000,0.000,1.000,3.000,0.000,0.000,3.000,0,0,0
B3_zmq_pushpull,zmq_tcp,none,none,,1,23281,512,584,1785153459741631000,1785153459741631000,1785153459741631000,1785153459741632000,1785153459741728000,1785153459741731000,1785153459741731000,1785153459741731000,121932490,121652369,-184.121,0.000,0.000,1.000,3.000,0.000,0.000,62.000,0,0,0
B3_zmq_pushpull,zmq_tcp,none,none,,1,23282,512,584,1785153459742586000,1785153459742586000,1785153459742586000,1785153459742587000,1785153459742707000,1785153459742709000,1785153459742709000,1785153459742709000,121932490,121652369,-160.121,0.000,0.000,1.000,2.000,0.000,0.000,24.000,0,0,0
B3_zmq_pushpull,zmq_tcp,none,none,,1,23283,512,584,1785153459743595000,1785153459743595000,1785153459743595000,1785153459743596000,1785153459743681000,1785153459743684000,1785153459743684000,1785153459743684000,121932490,121652369,-195.121,0.000,0.000,1.000,3.000,0.000,0.000,35.000,0,0,0
B3_zmq_pushpull,zmq_tcp,none,none,,1,23284,512,584,1785153459744595000,1785153459744595000,1785153459744595000,1785153459744596000,1785153459744641000,1785153459744645000,1785153459744645000,1785153459744645000,121932490,121652369,-235.121,0.000,0.000,1.000,4.000,0.000,0.000,40.000,0,0,0
B3_zmq_pushpull,zmq_tcp,none,none,,1,23285,512,584,1785153459745597000,1785153459745597000,1785153459745598000,1785153459745598000,1785153459745769000,1785153459745772000,1785153459745772000,1785153459745772000,121932490,121652369,-109.121,0.000,1.000,0.000,3.000,0.000,0.000,126.000,0,0,0
B3_zmq_pushpull,zmq_tcp,none,none,,1,23286,512,584,1785153459746591000,1785153459746591000,1785153459746591000,1785153459746592000,1785153459746756000,1785153459746759000,1785153459746759000,1785153459746759000,121932490,121652369,-116.121,0.000,0.000,1.000,3.000,0.000,0.000,7.000,0,0,0
B3_zmq_pushpull,zmq_tcp,none,none,,1,23287,512,584,1785153459747597000,1785153459747597000,1785153459747597000,1785153459747598000,1785153459747747000,1785153459747750000,1785153459747750000,1785153459747750000,121932490,121652369,-131.121,0.000,0.000,1.000,3.000,0.000,0.000,15.000,0,0,0
B3_zmq_pushpull,zmq_tcp,none,none,,1,23288,512,584,1785153459748440000,1785153459748441000,1785153459748441000,1785153459748442000,1785153459748600000,1785153459748603000,1785153459748603000,1785153459748603000,121932490,121652369,-122.121,1.000,0.000,1.000,3.000,0.000,0.000,9.000,0,0,0
B3_zmq_pushpull,zmq_tcp,none,none,,1,23289,512,584,1785153459749634000,1785153459749634000,1785153459749634000,1785153459749635000,1785153459749712000,1785153459749715000,1785153459749715000,1785153459749715000,121932490,121652369,-203.121,0.000,0.000,1.000,3.000,0.000,0.000,81.000,0,0,0
B3_zmq_pushpull,zmq_tcp,none,none,,1,23290,512,584,1785153459750583000,1785153459750583000,1785153459750583000,1785153459750584000,1785153459750696000,1785153459750699000,1785153459750699000,1785153459750699000,121932490,121652369,-168.121,0.000,0.000,1.000,3.000,0.000,0.000,35.000,0,0,0
B3_zmq_pushpull,zmq_tcp,none,none,,1,23291,512,584,1785153459751517000,1785153459751517000,1785153459751517000,1785153459751518000,1785153459751671000,1785153459751674000,1785153459751674000,1785153459751674000,121932490,121652369,-127.121,0.000,0.000,1.000,3.000,0.000,0.000,41.000,0,0,0
B3_zmq_pushpull,zmq_tcp,none,none,,1,23292,512,584,1785153459752501000,1785153459752501000,1785153459752501000,1785153459752502000,1785153459752655000,1785153459752657000,1785153459752657000,1785153459752657000,121932490,121652369,-127.121,0.000,0.000,1.000,2.000,0.000,0.000,0.000,0,0,0
B3_zmq_pushpull,zmq_tcp,none,none,,1,23293,512,584,1785153459753475000,1785153459753475000,1785153459753476000,1785153459753476000,1785153459753635000,1785153459753639000,1785153459753639000,1785153459753639000,121932490,121652369,-121.121,0.000,1.000,0.000,4.000,0.000,0.000,6.000,0,0,0
B3_zmq_pushpull,zmq_tcp,none,none,,1,23294,512,584,1785153459754453000,1785153459754453000,1785153459754453000,1785153459754454000,1785153459754612000,1785153459754615000,1785153459754615000,1785153459754615000,121932490,121652369,-122.121,0.000,0.000,1.000,3.000,0.000,0.000,1.000,0,0,0
B3_zmq_pushpull,zmq_tcp,none,none,,1,23295,512,584,1785153459755633000,1785153459755633000,1785153459755633000,1785153459755634000,1785153459755720000,1785153459755723000,1785153459755723000,1785153459755723000,121932490,121652369,-194.121,0.000,0.000,1.000,3.000,0.000,0.000,72.000,0,0,0
B3_zmq_pushpull,zmq_tcp,none,none,,1,23296,512,584,1785153459756586000,1785153459756586000,1785153459756586000,1785153459756587000,1785153459756700000,1785153459756703000,1785153459756703000,1785153459756703000,121932490,121652369,-167.121,0.000,0.000,1.000,3.000,0.000,0.000,27.000,0,0,0
B3_zmq_pushpull,zmq_tcp,none,none,,1,23297,512,584,1785153459757598000,1785153459757598000,1785153459757598000,1785153459757599000,1785153459757689000,1785153459757692000,1785153459757692000,1785153459757692000,121932490,121652369,-190.121,0.000,0.000,1.000,3.000,0.000,0.000,23.000,0,0,0
B3_zmq_pushpull,zmq_tcp,none,none,,1,23298,512,584,1785153459758595000,1785153459758595000,1785153459758595000,1785153459758596000,1785153459758675000,1785153459758677000,1785153459758677000,1785153459758677000,121932490,121652369,-201.121,0.000,0.000,1.000,2.000,0.000,0.000,11.000,0,0,0
B3_zmq_pushpull,zmq_tcp,none,none,,1,23299,512,584,1785153459759595000,1785153459759595000,1785153459759595000,1785153459759596000,1785153459759776000,1785153459759779000,1785153459759779000,1785153459759779000,121932490,121652369,-100.121,0.000,0.000,1.000,3.000,0.000,0.000,101.000,0,0,0
B3_zmq_pushpull,zmq_tcp,none,none,,1,23300,512,584,1785153459760597000,1785153459760597000,1785153459760597000,1785153459760598000,1785153459760763000,1785153459760766000,1785153459760766000,1785153459760766000,121932490,121652369,-115.121,0.000,0.000,1.000,3.000,0.000,0.000,15.000,0,0,0
B3_zmq_pushpull,zmq_tcp,none,none,,1,23301,512,584,1785153459761443000,1785153459761443000,1785153459761443000,1785153459761444000,1785153459761600000,1785153459761603000,1785153459761603000,1785153459761603000,121932490,121652369,-124.121,0.000,0.000,1.000,3.000,0.000,0.000,9.000,0,0,0
B3_zmq_pushpull,zmq_tcp,none,none,,1,23302,512,584,1785153459762634000,1785153459762634000,1785153459762634000,1785153459762635000,1785153459762720000,1785153459762723000,1785153459762723000,1785153459762723000,121932490,121652369,-195.121,0.000,0.000,1.000,3.000,0.000,0.000,71.000,0,0,0
B3_zmq_pushpull,zmq_tcp,none,none,,1,23303,512,584,1785153459763584000,1785153459763585000,1785153459763585000,1785153459763586000,1785153459763713000,1785153459763716000,1785153459763716000,1785153459763716000,121932490,121652369,-153.121,1.000,0.000,1.000,3.000,0.000,0.000,42.000,0,0,0
B3_zmq_pushpull,zmq_tcp,none,none,,1,23304,512,584,1785153459764598000,1785153459764598000,1785153459764598000,1785153459764599000,1785153459764679000,1785153459764681000,1785153459764681000,1785153459764681000,121932490,121652369,-200.121,0.000,0.000,1.000,2.000,0.000,0.000,47.000,0,0,0
B3_zmq_pushpull,zmq_tcp,none,none,,1,23305,512,584,1785153459765595000,1785153459765595000,1785153459765595000,1785153459765596000,1785153459765647000,1785153459765649000,1785153459765649000,1785153459765649000,121932490,121652369,-229.121,0.000,0.000,1.000,2.000,0.000,0.000,29.000,0,0,0
B3_zmq_pushpull,zmq_tcp,none,none,,1,23306,512,584,1785153459766595000,1785153459766595000,1785153459766595000,1785153459766596000,1785153459766772000,1785153459766775000,1785153459766775000,1785153459766775000,121932490,121652369,-104.121,0.000,0.000,1.000,3.000,0.000,0.000,125.000,0,0,0
B3_zmq_pushpull,zmq_tcp,none,none,,1,23307,512,584,1785153459767464000,1785153459767464000,1785153459767464000,1785153459767465000,1785153459767624000,1785153459767627000,1785153459767627000,1785153459767627000,121932490,121652369,-121.121,0.000,0.000,1.000,3.000,0.000,0.000,17.000,0,0,0
B3_zmq_pushpull,zmq_tcp,none,none,,1,23308,512,584,1785153459768628000,1785153459768628000,1785153459768629000,1785153459768629000,1785153459768740000,1785153459768743000,1785153459768743000,1785153459768743000,121932490,121652369,-169.121,0.000,1.000,0.000,3.000,0.000,0.000,48.000,0,0,0
B3_zmq_pushpull,zmq_tcp,none,none,,1,23309,512,584,1785153459769590000,1785153459769590000,1785153459769590000,1785153459769591000,1785153459769728000,1785153459769731000,1785153459769731000,1785153459769731000,121932490,121652369,-143.121,0.000,0.000,1.000,3.000,0.000,0.000,26.000,0,0,0
B3_zmq_pushpull,zmq_tcp,none,none,,1,23310,512,584,1785153459770596000,1785153459770597000,1785153459770597000,1785153459770597000,1785153459770708000,1785153459770711000,1785153459770711000,1785153459770711000,121932490,121652369,-169.121,1.000,0.000,0.000,3.000,0.000,0.000,26.000,0,0,0
B3_zmq_pushpull,zmq_tcp,none,none,,1,23311,512,584,1785153459771592000,1785153459771593000,1785153459771593000,1785153459771593000,1785153459771677000,1785153459771680000,1785153459771680000,1785153459771680000,121932490,121652369,-196.121,1.000,0.000,0.000,3.000,0.000,0.000,27.000,0,0,0
B3_zmq_pushpull,zmq_tcp,none,none,,1,23312,512,584,1785153459772596000,1785153459772596000,1785153459772597000,1785153459772597000,1785153459772643000,1785153459772645000,1785153459772645000,1785153459772645000,121932490,121652369,-234.121,0.000,1.000,0.000,2.000,0.000,0.000,38.000,0,0,0
B3_zmq_pushpull,zmq_tcp,none,none,,1,23313,512,584,1785153459773598000,1785153459773598000,1785153459773598000,1785153459773599000,1785153459773774000,1785153459773776000,1785153459773776000,1785153459773776000,121932490,121652369,-105.121,0.000,0.000,1.000,2.000,0.000,0.000,129.000,0,0,0
B3_zmq_pushpull,zmq_tcp,none,none,,1,23314,512,584,1785153459774463000,1785153459774463000,1785153459774463000,1785153459774464000,1785153459774620000,1785153459774623000,1785153459774623000,1785153459774623000,121932490,121652369,-124.121,0.000,0.000,1.000,3.000,0.000,0.000,19.000,0,0,0
B3_zmq_pushpull,zmq_tcp,none,none,,1,23315,512,584,1785153459775631000,1785153459775631000,1785153459775631000,1785153459775632000,1785153459775747000,1785153459775749000,1785153459775749000,1785153459775749000,121932490,121652369,-165.121,0.000,0.000,1.000,2.000,0.000,0.000,41.000,0,0,0
B3_zmq_pushpull,zmq_tcp,none,none,,1,23316,512,584,1785153459776587000,1785153459776587000,1785153459776588000,1785153459776588000,1785153459776740000,1785153459776743000,1785153459776743000,1785153459776743000,121932490,121652369,-128.121,0.000,1.000,0.000,3.000,0.000,0.000,37.000,0,0,0
B3_zmq_pushpull,zmq_tcp,none,none,,1,23317,512,584,1785153459777445000,1785153459777445000,1785153459777445000,1785153459777446000,1785153459777598000,1785153459777600000,1785153459777600000,1785153459777600000,121932490,121652369,-128.121,0.000,0.000,1.000,2.000,0.000,0.000,0.000,0,0,0
B3_zmq_pushpull,zmq_tcp,none,none,,1,23318,512,584,1785153459778422000,1785153459778422000,1785153459778422000,1785153459778423000,1785153459778575000,1785153459778577000,1785153459778577000,1785153459778577000,121932490,121652369,-128.121,0.000,0.000,1.000,2.000,0.000,0.000,0.000,0,0,0
B3_zmq_pushpull,zmq_tcp,none,none,,1,23319,512,584,1785153459779410000,1785153459779410000,1785153459779410000,1785153459779411000,1785153459779561000,1785153459779564000,1785153459779564000,1785153459779564000,121932490,121652369,-130.121,0.000,0.000,1.000,3.000,0.000,0.000,2.000,0,0,0
B3_zmq_pushpull,zmq_tcp,none,none,,1,23320,512,584,1785153459780406000,1785153459780406000,1785153459780406000,1785153459780407000,1785153459780554000,1785153459780557000,1785153459780557000,1785153459780557000,121932490,121652369,-133.121,0.000,0.000,1.000,3.000,0.000,0.000,3.000,0,0,0
B3_zmq_pushpull,zmq_tcp,none,none,,1,23321,512,584,1785153459781508000,1785153459781508000,1785153459781508000,1785153459781509000,1785153459781668000,1785153459781671000,1785153459781671000,1785153459781671000,121932490,121652369,-121.121,0.000,0.000,1.000,3.000,0.000,0.000,12.000,0,0,0
B3_zmq_pushpull,zmq_tcp,none,none,,1,23322,512,584,1785153459782619000,1785153459782619000,1785153459782619000,1785153459782620000,1785153459782798000,1785153459782801000,1785153459782801000,1785153459782801000,121932490,121652369,-102.121,0.000,0.000,1.000,3.000,0.000,0.000,19.000,0,0,0
B3_zmq_pushpull,zmq_tcp,none,none,,1,23323,512,584,1785153459783499000,1785153459783499000,1785153459783500000,1785153459783501000,1785153459783650000,1785153459783652000,1785153459783653000,1785153459783653000,121932490,121652369,-131.121,0.000,1.000,1.000,2.000,1.000,0.000,29.000,0,0,0
B3_zmq_pushpull,zmq_tcp,none,none,,1,23324,512,584,1785153459784480000,1785153459784480000,1785153459784480000,1785153459784481000,1785153459784635000,1785153459784638000,1785153459784638000,1785153459784638000,121932490,121652369,-126.121,0.000,0.000,1.000,3.000,0.000,0.000,5.000,0,0,0
B3_zmq_pushpull,zmq_tcp,none,none,,1,23325,512,584,1785153459785466000,1785153459785466000,1785153459785466000,1785153459785467000,1785153459785619000,1785153459785621000,1785153459785622000,1785153459785622000,121932490,121652369,-128.121,0.000,0.000,1.000,2.000,1.000,0.000,2.000,0,0,0
B3_zmq_pushpull,zmq_tcp,none,none,,1,23326,512,584,1785153459786434000,1785153459786434000,1785153459786434000,1785153459786435000,1785153459786587000,1785153459786589000,1785153459786589000,1785153459786590000,121932490,121652369,-128.121,0.000,0.000,1.000,2.000,0.000,1.000,0.000,0,0,0
B3_zmq_pushpull,zmq_tcp,none,none,,1,23327,512,584,1785153459787422000,1785153459787422000,1785153459787422000,1785153459787423000,1785153459787582000,1785153459787585000,1785153459787585000,1785153459787585000,121932490,121652369,-121.121,0.000,0.000,1.000,3.000,0.000,0.000,7.000,0,0,0
B3_zmq_pushpull,zmq_tcp,none,none,,1,23328,512,584,1785153459788407000,1785153459788408000,1785153459788408000,1785153459788409000,1785153459788552000,1785153459788555000,1785153459788555000,1785153459788555000,121932490,121652369,-137.121,1.000,0.000,1.000,3.000,0.000,0.000,16.000,0,0,0
B3_zmq_pushpull,zmq_tcp,none,none,,1,23329,512,584,1785153459789521000,1785153459789521000,1785153459789521000,1785153459789522000,1785153459789678000,1785153459789680000,1785153459789680000,1785153459789680000,121932490,121652369,-124.121,0.000,0.000,1.000,2.000,0.000,0.000,13.000,0,0,0
B3_zmq_pushpull,zmq_tcp,none,none,,1,23330,512,584,1785153459790500000,1785153459790500000,1785153459790500000,1785153459790501000,1785153459790658000,1785153459790661000,1785153459790661000,1785153459790661000,121932490,121652369,-123.121,0.000,0.000,1.000,3.000,0.000,0.000,1.000,0,0,0
B3_zmq_pushpull,zmq_tcp,none,none,,1,23331,512,584,1785153459791619000,1785153459791619000,1785153459791619000,1785153459791620000,1785153459791779000,1785153459791782000,1785153459791782000,1785153459791782000,121932490,121652369,-121.121,0.000,0.000,1.000,3.000,0.000,0.000,2.000,0,0,0
B3_zmq_pushpull,zmq_tcp,none,none,,1,23332,512,584,1785153459792590000,1785153459792590000,1785153459792590000,1785153459792591000,1785153459792638000,1785153459792641000,1785153459792641000,1785153459792641000,121932490,121652369,-233.121,0.000,0.000,1.000,3.000,0.000,0.000,112.000,0,0,0
B3_zmq_pushpull,zmq_tcp,none,none,,1,23333,512,584,1785153459793597000,1785153459793597000,1785153459793597000,1785153459793598000,1785153459793640000,1785153459793644000,1785153459793644000,1785153459793644000,121932490,121652369,-238.121,0.000,0.000,1.000,4.000,0.000,0.000,5.000,0,0,0
B3_zmq_pushpull,zmq_tcp,none,none,,1,23334,512,584,1785153459794461000,1785153459794461000,1785153459794461000,1785153459794462000,1785153459794622000,1785153459794625000,1785153459794625000,1785153459794625000,121932490,121652369,-120.121,0.000,0.000,1.000,3.000,0.000,0.000,118.000,0,0,0
B3_zmq_pushpull,zmq_tcp,none,none,,1,23335,512,584,1785153459795446000,1785153459795446000,1785153459795446000,1785153459795447000,1785153459795606000,1785153459795608000,1785153459795608000,1785153459795608000,121932490,121652369,-121.121,0.000,0.000,1.000,2.000,0.000,0.000,1.000,0,0,0
B3_zmq_pushpull,zmq_tcp,none,none,,1,23336,512,584,1785153459796633000,1785153459796633000,1785153459796633000,1785153459796634000,1785153459796836000,1785153459796839000,1785153459796839000,1785153459796840000,121932490,121652369,-78.121,0.000,0.000,1.000,3.000,0.000,1.000,43.000,0,0,0
B3_zmq_pushpull,zmq_tcp,none,none,,1,23337,512,584,1785153459797409000,1785153459797409000,1785153459797409000,1785153459797410000,1785153459797556000,1785153459797559000,1785153459797559000,1785153459797559000,121932490,121652369,-134.121,0.000,0.000,1.000,3.000,0.000,0.000,56.000,0,0,0
B3_zmq_pushpull,zmq_tcp,none,none,,1,23338,512,584,1785153459798642000,1785153459798642000,1785153459798642000,1785153459798643000,1785153459798687000,1785153459798691000,1785153459798691000,1785153459798691000,121932490,121652369,-236.121,0.000,0.000,1.000,4.000,0.000,0.000,102.000,0,0,0
B3_zmq_pushpull,zmq_tcp,none,none,,1,23339,512,584,1785153459799521000,1785153459799521000,1785153459799521000,1785153459799522000,1785153459799663000,1785153459799666000,1785153459799666000,1785153459799666000,121932490,121652369,-139.121,0.000,0.000,1.000,3.000,0.000,0.000,97.000,0,0,0
B3_zmq_pushpull,zmq_tcp,none,none,,1,23340,512,584,1785153459800510000,1785153459800510000,1785153459800510000,1785153459800511000,1785153459800664000,1785153459800667000,1785153459800667000,1785153459800667000,121932490,121652369,-127.121,0.000,0.000,1.000,3.000,0.000,0.000,12.000,0,0,0
B3_zmq_pushpull,zmq_tcp,none,none,,1,23341,512,584,1785153459801502000,1785153459801502000,1785153459801503000,1785153459801504000,1785153459801654000,1785153459801661000,1785153459801661000,1785153459801661000,121932490,121652369,-130.121,0.000,1.000,1.000,7.000,0.000,0.000,3.000,0,0,0
B3_zmq_pushpull,zmq_tcp,none,none,,1,23342,512,584,1785153459802481000,1785153459802481000,1785153459802481000,1785153459802482000,1785153459802642000,1785153459802644000,1785153459802644000,1785153459802644000,121932490,121652369,-120.121,0.000,0.000,1.000,2.000,0.000,0.000,10.000,0,0,0
B3_zmq_pushpull,zmq_tcp,none,none,,1,23343,512,584,1785153459803624000,1785153459803624000,1785153459803624000,1785153459803625000,1785153459803772000,1785153459803775000,1785153459803775000,1785153459803775000,121932490,121652369,-133.121,0.000,0.000,1.000,3.000,0.000,0.000,13.000,0,0,0
B3_zmq_pushpull,zmq_tcp,none,none,,1,23344,512,584,1785153459804589000,1785153459804589000,1785153459804589000,1785153459804590000,1785153459804743000,1785153459804746000,1785153459804746000,1785153459804746000,121932490,121652369,-127.121,0.000,0.000,1.000,3.000,0.000,0.000,6.000,0,0,0
B3_zmq_pushpull,zmq_tcp,none,none,,1,23345,512,584,1785153459805597000,1785153459805597000,1785153459805597000,1785153459805598000,1785153459805739000,1785153459805742000,1785153459805742000,1785153459805742000,121932490,121652369,-139.121,0.000,0.000,1.000,3.000,0.000,0.000,12.000,0,0,0
B3_zmq_pushpull,zmq_tcp,none,none,,1,23346,512,584,1785153459806595000,1785153459806595000,1785153459806595000,1785153459806596000,1785153459806716000,1785153459806719000,1785153459806719000,1785153459806719000,121932490,121652369,-160.121,0.000,0.000,1.000,3.000,0.000,0.000,21.000,0,0,0
B3_zmq_pushpull,zmq_tcp,none,none,,1,23347,512,584,1785153459807596000,1785153459807596000,1785153459807596000,1785153459807597000,1785153459807693000,1785153459807695000,1785153459807695000,1785153459807695000,121932490,121652369,-184.121,0.000,0.000,1.000,2.000,0.000,0.000,24.000,0,0,0
B3_zmq_pushpull,zmq_tcp,none,none,,1,23348,512,584,1785153459808593000,1785153459808593000,1785153459808594000,1785153459808594000,1785153459808683000,1785153459808686000,1785153459808686000,1785153459808686000,121932490,121652369,-191.121,0.000,1.000,0.000,3.000,0.000,0.000,7.000,0,0,0
B3_zmq_pushpull,zmq_tcp,none,none,,1,23349,512,584,1785153459809597000,1785153459809598000,1785153459809598000,1785153459809599000,1785153459809676000,1785153459809680000,1785153459809680000,1785153459809680000,121932490,121652369,-203.121,1.000,0.000,1.000,4.000,0.000,0.000,12.000,0,0,0
B3_zmq_pushpull,zmq_tcp,none,none,,1,23350,512,584,1785153459810596000,1785153459810596000,1785153459810596000,1785153459810597000,1785153459810657000,1785153459810660000,1785153459810660000,1785153459810660000,121932490,121652369,-220.121,0.000,0.000,1.000,3.000,0.000,0.000,17.000,0,0,0
B3_zmq_pushpull,zmq_tcp,none,none,,1,23351,512,584,1785153459811596000,1785153459811596000,1785153459811596000,1785153459811597000,1785153459811792000,1785153459811796000,1785153459811796000,1785153459811796000,121932490,121652369,-85.121,0.000,0.000,1.000,4.000,0.000,0.000,135.000,0,0,0
B3_zmq_pushpull,zmq_tcp,none,none,,1,23352,512,584,1785153459812594000,1785153459812594000,1785153459812594000,1785153459812595000,1785153459812776000,1785153459812779000,1785153459812779000,1785153459812779000,121932490,121652369,-99.121,0.000,0.000,1.000,3.000,0.000,0.000,14.000,0,0,0
B3_zmq_pushpull,zmq_tcp,none,none,,1,23353,512,584,1785153459813597000,1785153459813597000,1785153459813598000,1785153459813598000,1785153459813737000,1785153459813739000,1785153459813739000,1785153459813739000,121932490,121652369,-141.121,0.000,1.000,0.000,2.000,0.000,0.000,42.000,0,0,0
B3_zmq_pushpull,zmq_tcp,none,none,,1,23354,512,584,1785153459814595000,1785153459814595000,1785153459814596000,1785153459814596000,1785153459814719000,1785153459814722000,1785153459814722000,1785153459814722000,121932490,121652369,-157.121,0.000,1.000,0.000,3.000,0.000,0.000,16.000,0,0,0
B3_zmq_pushpull,zmq_tcp,none,none,,1,23355,512,584,1785153459815596000,1785153459815596000,1785153459815596000,1785153459815597000,1785153459815716000,1785153459815719000,1785153459815719000,1785153459815719000,121932490,121652369,-161.121,0.000,0.000,1.000,3.000,0.000,0.000,4.000,0,0,0
B3_zmq_pushpull,zmq_tcp,none,none,,1,23356,512,584,1785153459816593000,1785153459816593000,1785153459816593000,1785153459816594000,1785153459816713000,1785153459816716000,1785153459816716000,1785153459816716000,121932490,121652369,-161.121,0.000,0.000,1.000,3.000,0.000,0.000,0.000,0,0,0
B3_zmq_pushpull,zmq_tcp,none,none,,1,23357,512,584,1785153459817597000,1785153459817597000,1785153459817597000,1785153459817598000,1785153459817716000,1785153459817718000,1785153459817718000,1785153459817718000,121932490,121652369,-162.121,0.000,0.000,1.000,2.000,0.000,0.000,1.000,0,0,0
B3_zmq_pushpull,zmq_tcp,none,none,,1,23358,512,584,1785153459818596000,1785153459818596000,1785153459818596000,1785153459818597000,1785153459818705000,1785153459818708000,1785153459818708000,1785153459818708000,121932490,121652369,-172.121,0.000,0.000,1.000,3.000,0.000,0.000,10.000,0,0,0
B3_zmq_pushpull,zmq_tcp,none,none,,1,23359,512,584,1785153459819595000,1785153459819595000,1785153459819596000,1785153459819596000,1785153459819704000,1785153459819707000,1785153459819707000,1785153459819707000,121932490,121652369,-172.121,0.000,1.000,0.000,3.000,0.000,0.000,0.000,0,0,0
B3_zmq_pushpull,zmq_tcp,none,none,,1,23360,512,584,1785153459820593000,1785153459820593000,1785153459820593000,1785153459820594000,1785153459820694000,1785153459820697000,1785153459820697000,1785153459820697000,121932490,121652369,-180.121,0.000,0.000,1.000,3.000,0.000,0.000,8.000,0,0,0
B3_zmq_pushpull,zmq_tcp,none,none,,1,23361,512,584,1785153459821597000,1785153459821597000,1785153459821597000,1785153459821598000,1785153459821686000,1785153459821688000,1785153459821688000,1785153459821688000,121932490,121652369,-192.121,0.000,0.000,1.000,2.000,0.000,0.000,12.000,0,0,0
B3_zmq_pushpull,zmq_tcp,none,none,,1,23362,512,584,1785153459822596000,1785153459822596000,1785153459822596000,1785153459822597000,1785153459822667000,1785153459822670000,1785153459822670000,1785153459822670000,121932490,121652369,-210.121,0.000,0.000,1.000,3.000,0.000,0.000,18.000,0,0,0
B3_zmq_pushpull,zmq_tcp,none,none,,1,23363,512,584,1785153459823596000,1785153459823596000,1785153459823596000,1785153459823597000,1785153459823648000,1785153459823651000,1785153459823651000,1785153459823651000,121932490,121652369,-229.121,0.000,0.000,1.000,3.000,0.000,0.000,19.000,0,0,0
B3_zmq_pushpull,zmq_tcp,none,none,,1,23364,512,584,1785153459824476000,1785153459824477000,1785153459824477000,1785153459824478000,1785153459824615000,1785153459824618000,1785153459824618000,1785153459824618000,121932490,121652369,-143.121,1.000,0.000,1.000,3.000,0.000,0.000,86.000,0,0,0
B3_zmq_pushpull,zmq_tcp,none,none,,1,23365,512,584,1785153459825445000,1785153459825446000,1785153459825446000,1785153459825447000,1785153459825590000,1785153459825592000,1785153459825592000,1785153459825592000,121932490,121652369,-137.121,1.000,0.000,1.000,2.000,0.000,0.000,6.000,0,0,0
B3_zmq_pushpull,zmq_tcp,none,none,,1,23366,512,584,1785153459826636000,1785153459826636000,1785153459826636000,1785153459826637000,1785153459826732000,1785153459826736000,1785153459826736000,1785153459826736000,121932490,121652369,-185.121,0.000,0.000,1.000,4.000,0.000,0.000,48.000,0,0,0
B3_zmq_pushpull,zmq_tcp,none,none,,1,23367,512,584,1785153459827582000,1785153459827582000,1785153459827582000,1785153459827583000,1785153459827718000,1785153459827722000,1785153459827722000,1785153459827722000,121932490,121652369,-145.121,0.000,0.000,1.000,4.000,0.000,0.000,40.000,0,0,0
B3_zmq_pushpull,zmq_tcp,none,none,,1,23368,512,584,1785153459828601000,1785153459828602000,1785153459828602000,1785153459828603000,1785153459828719000,1785153459828722000,1785153459828722000,1785153459828722000,121932490,121652369,-164.121,1.000,0.000,1.000,3.000,0.000,0.000,19.000,0,0,0
B3_zmq_pushpull,zmq_tcp,none,none,,1,23369,512,584,1785153459829595000,1785153459829595000,1785153459829595000,1785153459829596000,1785153459829732000,1785153459829735000,1785153459829735000,1785153459829735000,121932490,121652369,-144.121,0.000,0.000,1.000,3.000,0.000,0.000,20.000,0,0,0
B3_zmq_pushpull,zmq_tcp,none,none,,1,23370,512,584,1785153459830597000,1785153459830597000,1785153459830597000,1785153459830598000,1785153459830735000,1785153459830738000,1785153459830738000,1785153459830738000,121932490,121652369,-143.121,0.000,0.000,1.000,3.000,0.000,0.000,1.000,0,0,0
B3_zmq_pushpull,zmq_tcp,none,none,,1,23371,512,584,1785153459831593000,1785153459831593000,1785153459831593000,1785153459831594000,1785153459831737000,1785153459831740000,1785153459831740000,1785153459831740000,121932490,121652369,-137.121,0.000,0.000,1.000,3.000,0.000,0.000,6.000,0,0,0
B3_zmq_pushpull,zmq_tcp,none,none,,1,23372,512,584,1785153459832449000,1785153459832449000,1785153459832449000,1785153459832450000,1785153459832592000,1785153459832597000,1785153459832597000,1785153459832597000,121932490,121652369,-138.121,0.000,0.000,1.000,5.000,0.000,0.000,1.000,0,0,0
B3_zmq_pushpull,zmq_tcp,none,none,,1,23373,512,584,1785153459833634000,1785153459833634000,1785153459833634000,1785153459833635000,1785153459833716000,1785153459833719000,1785153459833719000,1785153459833719000,121932490,121652369,-199.121,0.000,0.000,1.000,3.000,0.000,0.000,61.000,0,0,0
B3_zmq_pushpull,zmq_tcp,none,none,,1,23374,512,584,1785153459834440000,1785153459834441000,1785153459834441000,1785153459834442000,1785153459834581000,1785153459834585000,1785153459834585000,1785153459834585000,121932490,121652369,-141.121,1.000,0.000,1.000,4.000,0.000,0.000,58.000,0,0,0
B3_zmq_pushpull,zmq_tcp,none,none,,1,23375,512,584,1785153459835635000,1785153459835635000,1785153459835635000,1785153459835636000,1785153459835732000,1785153459835735000,1785153459835735000,1785153459835735000,121932490,121652369,-184.121,0.000,0.000,1.000,3.000,0.000,0.000,43.000,0,0,0
B3_zmq_pushpull,zmq_tcp,none,none,,1,23376,512,584,1785153459836590000,1785153459836590000,1785153459836590000,1785153459836591000,1785153459836737000,1785153459836740000,1785153459836740000,1785153459836740000,121932490,121652369,-134.121,0.000,0.000,1.000,3.000,0.000,0.000,50.000,0,0,0
B3_zmq_pushpull,zmq_tcp,none,none,,1,23377,512,584,1785153459837599000,1785153459837599000,1785153459837599000,1785153459837600000,1785153459837739000,1785153459837743000,1785153459837743000,1785153459837743000,121932490,121652369,-141.121,0.000,0.000,1.000,4.000,0.000,0.000,7.000,0,0,0
B3_zmq_pushpull,zmq_tcp,none,none,,1,23378,512,584,1785153459838432000,1785153459838432000,1785153459838432000,1785153459838433000,1785153459838590000,1785153459838593000,1785153459838593000,1785153459838593000,121932490,121652369,-123.121,0.000,0.000,1.000,3.000,0.000,0.000,18.000,0,0,0
B3_zmq_pushpull,zmq_tcp,none,none,,1,23379,512,584,1785153459839638000,1785153459839638000,1785153459839638000,1785153459839640000,1785153459839741000,1785153459839745000,1785153459839745000,1785153459839745000,121932490,121652369,-179.121,0.000,0.000,2.000,4.000,0.000,0.000,56.000,0,0,0
B3_zmq_pushpull,zmq_tcp,none,none,,1,23380,512,584,1785153459840585000,1785153459840585000,1785153459840585000,1785153459840586000,1785153459840731000,1785153459840734000,1785153459840734000,1785153459840734000,121932490,121652369,-135.121,0.000,0.000,1.000,3.000,0.000,0.000,44.000,0,0,0
B3_zmq_pushpull,zmq_tcp,none,none,,1,23381,512,584,1785153459841427000,1785153459841427000,1785153459841427000,1785153459841428000,1785153459841580000,1785153459841583000,1785153459841583000,1785153459841583000,121932490,121652369,-128.121,0.000,0.000,1.000,3.000,0.000,0.000,7.000,0,0,0
B3_zmq_pushpull,zmq_tcp,none,none,,1,23382,512,584,1785153459842411000,1785153459842411000,1785153459842411000,1785153459842412000,1785153459842545000,1785153459842548000,1785153459842548000,1785153459842548000,121932490,121652369,-147.121,0.000,0.000,1.000,3.000,0.000,0.000,19.000,0,0,0
B3_zmq_pushpull,zmq_tcp,none,none,,1,23383,512,584,1785153459843644000,1785153459843644000,1785153459843644000,1785153459843645000,1785153459843797000,1785153459843799000,1785153459843799000,1785153459843799000,121932490,121652369,-128.121,0.000,0.000,1.000,2.000,0.000,0.000,19.000,0,0,0
B3_zmq_pushpull,zmq_tcp,none,none,,1,23384,512,584,1785153459844585000,1785153459844585000,1785153459844586000,1785153459844586000,1785153459844656000,1785153459844659000,1785153459844659000,1785153459844659000,121932490,121652369,-210.121,0.000,1.000,0.000,3.000,0.000,0.000,82.000,0,0,0
B3_zmq_pushpull,zmq_tcp,none,none,,1,23385,512,584,1785153459845597000,1785153459845597000,1785153459845597000,1785153459845598000,1785153459845645000,1785153459845648000,1785153459845648000,1785153459845648000,121932490,121652369,-233.121,0.000,0.000,1.000,3.000,0.000,0.000,23.000,0,0,0
B3_zmq_pushpull,zmq_tcp,none,none,,1,23386,512,584,1785153459846507000,1785153459846507000,1785153459846508000,1785153459846508000,1785153459846654000,1785153459846656000,1785153459846656000,1785153459846657000,121932490,121652369,-134.121,0.000,1.000,0.000,2.000,0.000,1.000,99.000,0,0,0
B3_zmq_pushpull,zmq_tcp,none,none,,1,23387,512,584,1785153459847620000,1785153459847620000,1785153459847620000,1785153459847621000,1785153459847798000,1785153459847801000,1785153459847801000,1785153459847801000,121932490,121652369,-103.121,0.000,0.000,1.000,3.000,0.000,0.000,31.000,0,0,0
B3_zmq_pushpull,zmq_tcp,none,none,,1,23388,512,584,1785153459848483000,1785153459848483000,1785153459848483000,1785153459848484000,1785153459848641000,1785153459848645000,1785153459848645000,1785153459848645000,121932490,121652369,-123.121,0.000,0.000,1.000,4.000,0.000,0.000,20.000,0,0,0
B3_zmq_pushpull,zmq_tcp,none,none,,1,23389,512,584,1785153459849625000,1785153459849625000,1785153459849626000,1785153459849626000,1785153459849782000,1785153459849784000,1785153459849784000,1785153459849784000,121932490,121652369,-124.121,0.000,1.000,0.000,2.000,0.000,0.000,1.000,0,0,0
B3_zmq_pushpull,zmq_tcp,none,none,,1,23390,512,584,1785153459850590000,1785153459850590000,1785153459850590000,1785153459850591000,1785153459850649000,1785153459850652000,1785153459850652000,1785153459850652000,121932490,121652369,-222.121,0.000,0.000,1.000,3.000,0.000,0.000,98.000,0,0,0
B3_zmq_pushpull,zmq_tcp,none,none,,1,23391,512,584,1785153459851495000,1785153459851495000,1785153459851495000,1785153459851496000,1785153459851639000,1785153459851642000,1785153459851642000,1785153459851642000,121932490,121652369,-137.121,0.000,0.000,1.000,3.000,0.000,0.000,85.000,0,0,0
B3_zmq_pushpull,zmq_tcp,none,none,,1,23392,512,584,1785153459852620000,1785153459852620000,1785153459852620000,1785153459852621000,1785153459852774000,1785153459852777000,1785153459852777000,1785153459852777000,121932490,121652369,-127.121,0.000,0.000,1.000,3.000,0.000,0.000,10.000,0,0,0
B3_zmq_pushpull,zmq_tcp,none,none,,1,23393,512,584,1785153459853479000,1785153459853479000,1785153459853480000,1785153459853480000,1785153459853626000,1785153459853628000,1785153459853628000,1785153459853628000,121932490,121652369,-134.121,0.000,1.000,0.000,2.000,0.000,0.000,7.000,0,0,0
B3_zmq_pushpull,zmq_tcp,none,none,,1,23394,512,584,1785153459854476000,1785153459854476000,1785153459854476000,1785153459854477000,1785153459854631000,1785153459854634000,1785153459854634000,1785153459854634000,121932490,121652369,-126.121,0.000,0.000,1.000,3.000,0.000,0.000,8.000,0,0,0
B3_zmq_pushpull,zmq_tcp,none,none,,1,23395,512,584,1785153459855479000,1785153459855479000,1785153459855479000,1785153459855480000,1785153459855637000,1785153459855640000,1785153459855640000,1785153459855640000,121932490,121652369,-123.121,0.000,0.000,1.000,3.000,0.000,0.000,3.000,0,0,0
B3_zmq_pushpull,zmq_tcp,none,none,,1,23396,512,584,1785153459856499000,1785153459856499000,1785153459856499000,1785153459856500000,1785153459856655000,1785153459856658000,1785153459856658000,1785153459856658000,121932490,121652369,-125.121,0.000,0.000,1.000,3.000,0.000,0.000,2.000,0,0,0
B3_zmq_pushpull,zmq_tcp,none,none,,1,23397,512,584,1785153459857621000,1785153459857621000,1785153459857621000,1785153459857622000,1785153459857676000,1785153459857679000,1785153459857679000,1785153459857679000,121932490,121652369,-226.121,0.000,0.000,1.000,3.000,0.000,0.000,101.000,0,0,0
B3_zmq_pushpull,zmq_tcp,none,none,,1,23398,512,584,1785153459858592000,1785153459858592000,1785153459858592000,1785153459858593000,1785153459858686000,1785153459858688000,1785153459858688000,1785153459858688000,121932490,121652369,-187.121,0.000,0.000,1.000,2.000,0.000,0.000,39.000,0,0,0
B3_zmq_pushpull,zmq_tcp,none,none,,1,23399,512,584,1785153459859535000,1785153459859535000,1785153459859535000,1785153459859536000,1785153459859676000,1785153459859679000,1785153459859679000,1785153459859679000,121932490,121652369,-140.121,0.000,0.000,1.000,3.000,0.000,0.000,47.000,0,0,0
B3_zmq_pushpull,zmq_tcp,none,none,,1,23400,512,584,1785153459860519000,1785153459860519000,1785153459860519000,1785153459860520000,1785153459860661000,1785153459860665000,1785153459860665000,1785153459860665000,121932490,121652369,-139.121,0.000,0.000,1.000,4.000,0.000,0.000,1.000,0,0,0
B3_zmq_pushpull,zmq_tcp,none,none,,1,23401,512,584,1785153459861618000,1785153459861618000,1785153459861618000,1785153459861619000,1785153459861799000,1785153459861802000,1785153459861802000,1785153459861802000,121932490,121652369,-100.121,0.000,0.000,1.000,3.000,0.000,0.000,39.000,0,0,0
B3_zmq_pushpull,zmq_tcp,none,none,,1,23402,512,584,1785153459862590000,1785153459862590000,1785153459862590000,1785153459862591000,1785153459862633000,1785153459862637000,1785153459862637000,1785153459862637000,121932490,121652369,-238.121,0.000,0.000,1.000,4.000,0.000,0.000,138.000,0,0,0
B3_zmq_pushpull,zmq_tcp,none,none,,1,23403,512,584,1785153459863495000,1785153459863495000,1785153459863495000,1785153459863496000,1785153459863657000,1785153459863660000,1785153459863660000,1785153459863660000,121932490,121652369,-119.121,0.000,0.000,1.000,3.000,0.000,0.000,119.000,0,0,0
B3_zmq_pushpull,zmq_tcp,none,none,,1,23404,512,584,1785153459864623000,1785153459864623000,1785153459864623000,1785153459864624000,1785153459864810000,1785153459864813000,1785153459864813000,1785153459864813000,121932490,121652369,-94.121,0.000,0.000,1.000,3.000,0.000,0.000,25.000,0,0,0
B3_zmq_pushpull,zmq_tcp,none,none,,1,23405,512,584,1785153459865507000,1785153459865507000,1785153459865507000,1785153459865508000,1785153459865662000,1785153459865664000,1785153459865664000,1785153459865664000,121932490,121652369,-126.121,0.000,0.000,1.000,2.000,0.000,0.000,32.000,0,0,0
B3_zmq_pushpull,zmq_tcp,none,none,,1,23406,512,584,1785153459866620000,1785153459866620000,1785153459866620000,1785153459866621000,1785153459866803000,1785153459866806000,1785153459866806000,1785153459866806000,121932490,121652369,-98.121,0.000,0.000,1.000,3.000,0.000,0.000,28.000,0,0,0
B3_zmq_pushpull,zmq_tcp,none,none,,1,23407,512,584,1785153459867509000,1785153459867509000,1785153459867509000,1785153459867510000,1785153459867659000,1785153459867662000,1785153459867662000,1785153459867662000,121932490,121652369,-131.121,0.000,0.000,1.000,3.000,0.000,0.000,33.000,0,0,0
B3_zmq_pushpull,zmq_tcp,none,none,,1,23408,512,584,1785153459868512000,1785153459868512000,1785153459868512000,1785153459868513000,1785153459868669000,1785153459868671000,1785153459868671000,1785153459868671000,121932490,121652369,-124.121,0.000,0.000,1.000,2.000,0.000,0.000,7.000,0,0,0
B3_zmq_pushpull,zmq_tcp,none,none,,1,23409,512,584,1785153459869524000,1785153459869524000,1785153459869524000,1785153459869525000,1785153459869680000,1785153459869684000,1785153459869684000,1785153459869684000,121932490,121652369,-125.121,0.000,0.000,1.000,4.000,0.000,0.000,1.000,0,0,0
B3_zmq_pushpull,zmq_tcp,none,none,,1,23410,512,584,1785153459870615000,1785153459870616000,1785153459870616000,1785153459870617000,1785153459870663000,1785153459870666000,1785153459870666000,1785153459870666000,121932490,121652369,-234.121,1.000,0.000,1.000,3.000,0.000,0.000,109.000,0,0,0
B3_zmq_pushpull,zmq_tcp,none,none,,1,23411,512,584,1785153459871593000,1785153459871593000,1785153459871593000,1785153459871594000,1785153459871672000,1785153459871675000,1785153459871675000,1785153459871675000,121932490,121652369,-202.121,0.000,0.000,1.000,3.000,0.000,0.000,32.000,0,0,0
B3_zmq_pushpull,zmq_tcp,none,none,,1,23412,512,584,1785153459872597000,1785153459872597000,1785153459872597000,1785153459872598000,1785153459872684000,1785153459872687000,1785153459872687000,1785153459872687000,121932490,121652369,-194.121,0.000,0.000,1.000,3.000,0.000,0.000,8.000,0,0,0
B3_zmq_pushpull,zmq_tcp,none,none,,1,23413,512,584,1785153459873597000,1785153459873597000,1785153459873597000,1785153459873598000,1785153459873695000,1785153459873698000,1785153459873698000,1785153459873698000,121932490,121652369,-183.121,0.000,0.000,1.000,3.000,0.000,0.000,11.000,0,0,0
B3_zmq_pushpull,zmq_tcp,none,none,,1,23414,512,584,1785153459874597000,1785153459874598000,1785153459874598000,1785153459874599000,1785153459874694000,1785153459874696000,1785153459874696000,1785153459874696000,121932490,121652369,-185.121,1.000,0.000,1.000,2.000,0.000,0.000,2.000,0,0,0
B3_zmq_pushpull,zmq_tcp,none,none,,1,23415,512,584,1785153459875593000,1785153459875593000,1785153459875593000,1785153459875594000,1785153459875702000,1785153459875705000,1785153459875705000,1785153459875705000,121932490,121652369,-172.121,0.000,0.000,1.000,3.000,0.000,0.000,13.000,0,0,0
B3_zmq_pushpull,zmq_tcp,none,none,,1,23416,512,584,1785153459876598000,1785153459876598000,1785153459876598000,1785153459876599000,1785153459876706000,1785153459876708000,1785153459876708000,1785153459876708000,121932490,121652369,-173.121,0.000,0.000,1.000,2.000,0.000,0.000,1.000,0,0,0
B3_zmq_pushpull,zmq_tcp,none,none,,1,23417,512,584,1785153459877597000,1785153459877597000,1785153459877597000,1785153459877598000,1785153459877721000,1785153459877724000,1785153459877724000,1785153459877724000,121932490,121652369,-157.121,0.000,0.000,1.000,3.000,0.000,0.000,16.000,0,0,0
B3_zmq_pushpull,zmq_tcp,none,none,,1,23418,512,584,1785153459878597000,1785153459878597000,1785153459878597000,1785153459878598000,1785153459878737000,1785153459878741000,1785153459878741000,1785153459878741000,121932490,121652369,-141.121,0.000,0.000,1.000,4.000,0.000,0.000,16.000,0,0,0
B3_zmq_pushpull,zmq_tcp,none,none,,1,23419,512,584,1785153459879594000,1785153459879594000,1785153459879594000,1785153459879595000,1785153459879746000,1785153459879748000,1785153459879748000,1785153459879748000,121932490,121652369,-129.121,0.000,0.000,1.000,2.000,0.000,0.000,12.000,0,0,0
B3_zmq_pushpull,zmq_tcp,none,none,,1,23420,512,584,1785153459880600000,1785153459880600000,1785153459880600000,1785153459880601000,1785153459880758000,1785153459880760000,1785153459880760000,1785153459880760000,121932490,121652369,-123.121,0.000,0.000,1.000,2.000,0.000,0.000,6.000,0,0,0
B3_zmq_pushpull,zmq_tcp,none,none,,1,23421,512,584,1785153459881600000,1785153459881600000,1785153459881600000,1785153459881601000,1785153459881749000,1785153459881752000,1785153459881752000,1785153459881752000,121932490,121652369,-132.121,0.000,0.000,1.000,3.000,0.000,0.000,9.000,0,0,0
B3_zmq_pushpull,zmq_tcp,none,none,,1,23422,512,584,1785153459882460000,1785153459882461000,1785153459882461000,1785153459882462000,1785153459882621000,1785153459882624000,1785153459882624000,1785153459882624000,121932490,121652369,-121.121,1.000,0.000,1.000,3.000,0.000,0.000,11.000,0,0,0
B3_zmq_pushpull,zmq_tcp,none,none,,1,23423,512,584,1785153459883472000,1785153459883472000,1785153459883472000,1785153459883473000,1785153459883630000,1785153459883632000,1785153459883632000,1785153459883632000,121932490,121652369,-123.121,0.000,0.000,1.000,2.000,0.000,0.000,2.000,0,0,0
B3_zmq_pushpull,zmq_tcp,none,none,,1,23424,512,584,1785153459884489000,1785153459884489000,1785153459884489000,1785153459884490000,1785153459884647000,1785153459884650000,1785153459884650000,1785153459884650000,121932490,121652369,-123.121,0.000,0.000,1.000,3.000,0.000,0.000,0.000,0,0,0
B3_zmq_pushpull,zmq_tcp,none,none,,1,23425,512,584,1785153459885624000,1785153459885624000,1785153459885624000,1785153459885625000,1785153459885806000,1785153459885808000,1785153459885808000,1785153459885808000,121932490,121652369,-99.121,0.000,0.000,1.000,2.000,0.000,0.000,24.000,0,0,0
B3_zmq_pushpull,zmq_tcp,none,none,,1,23426,512,584,1785153459886502000,1785153459886502000,1785153459886502000,1785153459886503000,1785153459886660000,1785153459886663000,1785153459886663000,1785153459886663000,121932490,121652369,-123.121,0.000,0.000,1.000,3.000,0.000,0.000,24.000,0,0,0
B3_zmq_pushpull,zmq_tcp,none,none,,1,23427,512,584,1785153459887621000,1785153459887621000,1785153459887621000,1785153459887622000,1785153459887798000,1785153459887800000,1785153459887800000,1785153459887800000,121932490,121652369,-104.121,0.000,0.000,1.000,2.000,0.000,0.000,19.000,0,0,0
B3_zmq_pushpull,zmq_tcp,none,none,,1,23428,512,584,1785153459888592000,1785153459888592000,1785153459888592000,1785153459888593000,1785153459888636000,1785153459888639000,1785153459888639000,1785153459888639000,121932490,121652369,-237.121,0.000,0.000,1.000,3.000,0.000,0.000,133.000,0,0,0
B3_zmq_pushpull,zmq_tcp,none,none,,1,23429,512,584,1785153459889598000,1785153459889599000,1785153459889599000,1785153459889600000,1785153459889767000,1785153459889770000,1785153459889770000,1785153459889770000,121932490,121652369,-113.121,1.000,0.000,1.000,3.000,0.000,0.000,124.000,0,0,0
B3_zmq_pushpull,zmq_tcp,none,none,,1,23430,512,584,1785153459890457000,1785153459890457000,1785153459890457000,1785153459890458000,1785153459890611000,1785153459890614000,1785153459890614000,1785153459890614000,121932490,121652369,-127.121,0.000,0.000,1.000,3.000,0.000,0.000,14.000,0,0,0
B3_zmq_pushpull,zmq_tcp,none,none,,1,23431,512,584,1785153459891459000,1785153459891459000,1785153459891459000,1785153459891460000,1785153459891616000,1785153459891619000,1785153459891619000,1785153459891619000,121932490,121652369,-124.121,0.000,0.000,1.000,3.000,0.000,0.000,3.000,0,0,0
B3_zmq_pushpull,zmq_tcp,none,none,,1,23432,512,584,1785153459892631000,1785153459892631000,1785153459892631000,1785153459892632000,1785153459892756000,1785153459892759000,1785153459892759000,1785153459892759000,121932490,121652369,-156.121,0.000,0.000,1.000,3.000,0.000,0.000,32.000,0,0,0
B3_zmq_pushpull,zmq_tcp,none,none,,1,23433,512,584,1785153459893586000,1785153459893586000,1785153459893586000,1785153459893587000,1785153459893754000,1785153459893756000,1785153459893756000,1785153459893756000,121932490,121652369,-113.121,0.000,0.000,1.000,2.000,0.000,0.000,43.000,0,0,0
B3_zmq_pushpull,zmq_tcp,none,none,,1,23434,512,584,1785153459894601000,1785153459894601000,1785153459894601000,1785153459894602000,1785153459894759000,1785153459894762000,1785153459894762000,1785153459894762000,121932490,121652369,-123.121,0.000,0.000,1.000,3.000,0.000,0.000,10.000,0,0,0
B3_zmq_pushpull,zmq_tcp,none,none,,1,23435,512,584,1785153459895595000,1785153459895595000,1785153459895595000,1785153459895596000,1785153459895754000,1785153459895757000,1785153459895757000,1785153459895757000,121932490,121652369,-122.121,0.000,0.000,1.000,3.000,0.000,0.000,1.000,0,0,0
B3_zmq_pushpull,zmq_tcp,none,none,,1,23436,512,584,1785153459896596000,1785153459896596000,1785153459896596000,1785153459896597000,1785153459896751000,1785153459896754000,1785153459896754000,1785153459896754000,121932490,121652369,-126.121,0.000,0.000,1.000,3.000,0.000,0.000,4.000,0,0,0
B3_zmq_pushpull,zmq_tcp,none,none,,1,23437,512,584,1785153459897594000,1785153459897594000,1785153459897594000,1785153459897595000,1785153459897736000,1785153459897738000,1785153459897738000,1785153459897738000,121932490,121652369,-139.121,0.000,0.000,1.000,2.000,0.000,0.000,13.000,0,0,0
B3_zmq_pushpull,zmq_tcp,none,none,,1,23438,512,584,1785153459898598000,1785153459898598000,1785153459898598000,1785153459898599000,1785153459898724000,1785153459898727000,1785153459898727000,1785153459898727000,121932490,121652369,-155.121,0.000,0.000,1.000,3.000,0.000,0.000,16.000,0,0,0
B3_zmq_pushpull,zmq_tcp,none,none,,1,23439,512,584,1785153459899597000,1785153459899597000,1785153459899597000,1785153459899598000,1785153459899742000,1785153459899745000,1785153459899745000,1785153459899745000,121932490,121652369,-136.121,0.000,0.000,1.000,3.000,0.000,0.000,19.000,0,0,0
B3_zmq_pushpull,zmq_tcp,none,none,,1,23440,512,584,1785153459900594000,1785153459900594000,1785153459900594000,1785153459900595000,1785153459900735000,1785153459900738000,1785153459900738000,1785153459900738000,121932490,121652369,-140.121,0.000,0.000,1.000,3.000,0.000,0.000,4.000,0,0,0
B3_zmq_pushpull,zmq_tcp,none,none,,1,23441,512,584,1785153459901599000,1785153459901599000,1785153459901599000,1785153459901600000,1785153459901746000,1785153459901748000,1785153459901748000,1785153459901748000,121932490,121652369,-134.121,0.000,0.000,1.000,2.000,0.000,0.000,6.000,0,0,0
B3_zmq_pushpull,zmq_tcp,none,none,,1,23442,512,584,1785153459902598000,1785153459902598000,1785153459902598000,1785153459902599000,1785153459902762000,1785153459902765000,1785153459902765000,1785153459902765000,121932490,121652369,-117.121,0.000,0.000,1.000,3.000,0.000,0.000,17.000,0,0,0
B3_zmq_pushpull,zmq_tcp,none,none,,1,23443,512,584,1785153459903593000,1785153459903593000,1785153459903593000,1785153459903594000,1785153459903752000,1785153459903755000,1785153459903755000,1785153459903755000,121932490,121652369,-122.121,0.000,0.000,1.000,3.000,0.000,0.000,5.000,0,0,0
B3_zmq_pushpull,zmq_tcp,none,none,,1,23444,512,584,1785153459904599000,1785153459904599000,1785153459904599000,1785153459904600000,1785153459904757000,1785153459904759000,1785153459904759000,1785153459904759000,121932490,121652369,-123.121,0.000,0.000,1.000,2.000,0.000,0.000,1.000,0,0,0
B3_zmq_pushpull,zmq_tcp,none,none,,1,23445,512,584,1785153459905598000,1785153459905598000,1785153459905598000,1785153459905599000,1785153459905758000,1785153459905760000,1785153459905760000,1785153459905760000,121932490,121652369,-121.121,0.000,0.000,1.000,2.000,0.000,0.000,2.000,0,0,0
B3_zmq_pushpull,zmq_tcp,none,none,,1,23446,512,584,1785153459906597000,1785153459906597000,1785153459906597000,1785153459906598000,1785153459906766000,1785153459906768000,1785153459906768000,1785153459906768000,121932490,121652369,-112.121,0.000,0.000,1.000,2.000,0.000,0.000,9.000,0,0,0
B3_zmq_pushpull,zmq_tcp,none,none,,1,23447,512,584,1785153459907598000,1785153459907598000,1785153459907598000,1785153459907599000,1785153459907784000,1785153459907787000,1785153459907787000,1785153459907787000,121932490,121652369,-95.121,0.000,0.000,1.000,3.000,0.000,0.000,17.000,0,0,0
B3_zmq_pushpull,zmq_tcp,none,none,,1,23448,512,584,1785153459908500000,1785153459908500000,1785153459908500000,1785153459908501000,1785153459908649000,1785153459908652000,1785153459908652000,1785153459908652000,121932490,121652369,-132.121,0.000,0.000,1.000,3.000,0.000,0.000,37.000,0,0,0
B3_zmq_pushpull,zmq_tcp,none,none,,1,23449,512,584,1785153459909622000,1785153459909622000,1785153459909622000,1785153459909623000,1785153459909780000,1785153459909782000,1785153459909782000,1785153459909782000,121932490,121652369,-123.121,0.000,0.000,1.000,2.000,0.000,0.000,9.000,0,0,0
B3_zmq_pushpull,zmq_tcp,none,none,,1,23450,512,584,1785153459910589000,1785153459910589000,1785153459910589000,1785153459910590000,1785153459910630000,1785153459910633000,1785153459910633000,1785153459910633000,121932490,121652369,-240.121,0.000,0.000,1.000,3.000,0.000,0.000,117.000,0,0,0
B3_zmq_pushpull,zmq_tcp,none,none,,1,23451,512,584,1785153459911600000,1785153459911600000,1785153459911600000,1785153459911601000,1785153459911638000,1785153459911641000,1785153459911641000,1785153459911641000,121932490,121652369,-243.121,0.000,0.000,1.000,3.000,0.000,0.000,3.000,0,0,0
B3_zmq_pushpull,zmq_tcp,none,none,,1,23452,512,584,1785153459912598000,1785153459912598000,1785153459912598000,1785153459912599000,1785153459912643000,1785153459912647000,1785153459912647000,1785153459912647000,121932490,121652369,-236.121,0.000,0.000,1.000,4.000,0.000,0.000,7.000,0,0,0
B3_zmq_pushpull,zmq_tcp,none,none,,1,23453,512,584,1785153459913598000,1785153459913598000,1785153459913598000,1785153459913599000,1785153459913660000,1785153459913663000,1785153459913663000,1785153459913663000,121932490,121652369,-219.121,0.000,0.000,1.000,3.000,0.000,0.000,17.000,0,0,0
B3_zmq_pushpull,zmq_tcp,none,none,,1,23454,512,584,1785153459914596000,1785153459914596000,1785153459914596000,1785153459914597000,1785153459914656000,1785153459914660000,1785153459914660000,1785153459914660000,121932490,121652369,-221.121,0.000,0.000,1.000,4.000,0.000,0.000,2.000,0,0,0
B3_zmq_pushpull,zmq_tcp,none,none,,1,23455,512,584,1785153459915598000,1785153459915598000,1785153459915598000,1785153459915599000,1785153459915788000,1785153459915792000,1785153459915792000,1785153459915792000,121932490,121652369,-91.121,0.000,0.000,1.000,4.000,0.000,0.000,130.000,0,0,0
B3_zmq_pushpull,zmq_tcp,none,none,,1,23456,512,584,1785153459916598000,1785153459916598000,1785153459916598000,1785153459916599000,1785153459916642000,1785153459916645000,1785153459916645000,1785153459916645000,121932490,121652369,-237.121,0.000,0.000,1.000,3.000,0.000,0.000,146.000,0,0,0
B3_zmq_pushpull,zmq_tcp,none,none,,1,23457,512,584,1785153459917598000,1785153459917598000,1785153459917598000,1785153459917599000,1785153459917656000,1785153459917659000,1785153459917659000,1785153459917659000,121932490,121652369,-223.121,0.000,0.000,1.000,3.000,0.000,0.000,14.000,0,0,0
B3_zmq_pushpull,zmq_tcp,none,none,,1,23458,512,584,1785153459918593000,1785153459918593000,1785153459918593000,1785153459918594000,1785153459918652000,1785153459918655000,1785153459918655000,1785153459918655000,121932490,121652369,-222.121,0.000,0.000,1.000,3.000,0.000,0.000,1.000,0,0,0
B3_zmq_pushpull,zmq_tcp,none,none,,1,23459,512,584,1785153459919602000,1785153459919602000,1785153459919602000,1785153459919603000,1785153459919647000,1785153459919651000,1785153459919651000,1785153459919651000,121932490,121652369,-236.121,0.000,0.000,1.000,4.000,0.000,0.000,14.000,0,0,0
B3_zmq_pushpull,zmq_tcp,none,none,,1,23460,512,584,1785153459920596000,1785153459920596000,1785153459920596000,1785153459920597000,1785153459920651000,1785153459920654000,1785153459920654000,1785153459920654000,121932490,121652369,-226.121,0.000,0.000,1.000,3.000,0.000,0.000,10.000,0,0,0
B3_zmq_pushpull,zmq_tcp,none,none,,1,23461,512,584,1785153459921599000,1785153459921599000,1785153459921600000,1785153459921601000,1785153459921672000,1785153459921675000,1785153459921675000,1785153459921675000,121932490,121652369,-209.121,0.000,1.000,1.000,3.000,0.000,0.000,17.000,0,0,0
B3_zmq_pushpull,zmq_tcp,none,none,,1,23462,512,584,1785153459922523000,1785153459922524000,1785153459922524000,1785153459922525000,1785153459922682000,1785153459922684000,1785153459922684000,1785153459922684000,121932490,121652369,-123.121,1.000,0.000,1.000,2.000,0.000,0.000,86.000,0,0,0
B3_zmq_pushpull,zmq_tcp,none,none,,1,23463,512,584,1785153459923616000,1785153459923616000,1785153459923616000,1785153459923617000,1785153459923679000,1785153459923682000,1785153459923682000,1785153459923682000,121932490,121652369,-218.121,0.000,0.000,1.000,3.000,0.000,0.000,95.000,0,0,0
B3_zmq_pushpull,zmq_tcp,none,none,,1,23464,512,584,1785153459924593000,1785153459924593000,1785153459924593000,1785153459924594000,1785153459924674000,1785153459924677000,1785153459924677000,1785153459924677000,121932490,121652369,-200.121,0.000,0.000,1.000,3.000,0.000,0.000,18.000,0,0,0
B3_zmq_pushpull,zmq_tcp,none,none,,1,23465,512,584,1785153459925509000,1785153459925509000,1785153459925509000,1785153459925510000,1785153459925663000,1785153459925666000,1785153459925666000,1785153459925666000,121932490,121652369,-127.121,0.000,0.000,1.000,3.000,0.000,0.000,73.000,0,0,0
B3_zmq_pushpull,zmq_tcp,none,none,,1,23466,512,584,1785153459926619000,1785153459926619000,1785153459926619000,1785153459926620000,1785153459926790000,1785153459926793000,1785153459926793000,1785153459926793000,121932490,121652369,-110.121,0.000,0.000,1.000,3.000,0.000,0.000,17.000,0,0,0
B3_zmq_pushpull,zmq_tcp,none,none,,1,23467,512,584,1785153459927592000,1785153459927592000,1785153459927592000,1785153459927593000,1785153459927643000,1785153459927647000,1785153459927647000,1785153459927647000,121932490,121652369,-230.121,0.000,0.000,1.000,4.000,0.000,0.000,120.000,0,0,0
B3_zmq_pushpull,zmq_tcp,none,none,,1,23468,512,584,1785153459928469000,1785153459928469000,1785153459928469000,1785153459928470000,1785153459928615000,1785153459928617000,1785153459928618000,1785153459928618000,121932490,121652369,-135.121,0.000,0.000,1.000,2.000,1.000,0.000,95.000,0,0,0
B3_zmq_pushpull,zmq_tcp,none,none,,1,23469,512,584,1785153459929472000,1785153459929472000,1785153459929472000,1785153459929473000,1785153459929629000,1785153459929631000,1785153459929632000,1785153459929632000,121932490,121652369,-124.121,0.000,0.000,1.000,2.000,1.000,0.000,11.000,0,0,0
B3_zmq_pushpull,zmq_tcp,none,none,,1,23470,512,584,1785153459930470000,1785153459930471000,1785153459930471000,1785153459930472000,1785153459930615000,1785153459930618000,1785153459930618000,1785153459930618000,121932490,121652369,-137.121,1.000,0.000,1.000,3.000,0.000,0.000,13.000,0,0,0
B3_zmq_pushpull,zmq_tcp,none,none,,1,23471,512,584,1785153459931629000,1785153459931629000,1785153459931629000,1785153459931630000,1785153459931762000,1785153459931764000,1785153459931765000,1785153459931765000,121932490,121652369,-148.121,0.000,0.000,1.000,2.000,1.000,0.000,11.000,0,0,0
B3_zmq_pushpull,zmq_tcp,none,none,,1,23472,512,584,1785153459932589000,1785153459932589000,1785153459932589000,1785153459932590000,1785153459932750000,1785153459932752000,1785153459932753000,1785153459932753000,121932490,121652369,-120.121,0.000,0.000,1.000,2.000,1.000,0.000,28.000,0,0,0
B3_zmq_pushpull,zmq_tcp,none,none,,1,23473,512,584,1785153459933463000,1785153459933463000,1785153459933463000,1785153459933464000,1785153459933607000,1785153459933610000,1785153459933610000,1785153459933610000,121932490,121652369,-137.121,0.000,0.000,1.000,3.000,0.000,0.000,17.000,0,0,0
B3_zmq_pushpull,zmq_tcp,none,none,,1,23474,512,584,1785153459934630000,1785153459934630000,1785153459934630000,1785153459934631000,1785153459934746000,1785153459934749000,1785153459934749000,1785153459934749000,121932490,121652369,-165.121,0.000,0.000,1.000,3.000,0.000,0.000,28.000,0,0,0
B3_zmq_pushpull,zmq_tcp,none,none,,1,23475,512,584,1785153459935589000,1785153459935590000,1785153459935590000,1785153459935591000,1785153459935747000,1785153459935750000,1785153459935750000,1785153459935750000,121932490,121652369,-124.121,1.000,0.000,1.000,3.000,0.000,0.000,41.000,0,0,0
B3_zmq_pushpull,zmq_tcp,none,none,,1,23476,512,584,1785153459936595000,1785153459936595000,1785153459936595000,1785153459936596000,1785153459936753000,1785153459936755000,1785153459936755000,1785153459936755000,121932490,121652369,-123.121,0.000,0.000,1.000,2.000,0.000,0.000,1.000,0,0,0
B3_zmq_pushpull,zmq_tcp,none,none,,1,23477,512,584,1785153459937598000,1785153459937598000,1785153459937598000,1785153459937599000,1785153459937753000,1785153459937755000,1785153459937755000,1785153459937755000,121932490,121652369,-126.121,0.000,0.000,1.000,2.000,0.000,0.000,3.000,0,0,0
B3_zmq_pushpull,zmq_tcp,none,none,,1,23478,512,584,1785153459938597000,1785153459938597000,1785153459938597000,1785153459938598000,1785153459938753000,1785153459938755000,1785153459938755000,1785153459938755000,121932490,121652369,-125.121,0.000,0.000,1.000,2.000,0.000,0.000,1.000,0,0,0
B3_zmq_pushpull,zmq_tcp,none,none,,1,23479,512,584,1785153459939594000,1785153459939595000,1785153459939595000,1785153459939596000,1785153459939743000,1785153459939746000,1785153459939747000,1785153459939747000,121932490,121652369,-133.121,1.000,0.000,1.000,3.000,1.000,0.000,8.000,0,0,0
B3_zmq_pushpull,zmq_tcp,none,none,,1,23480,512,584,1785153459940440000,1785153459940440000,1785153459940440000,1785153459940441000,1785153459940583000,1785153459940586000,1785153459940586000,1785153459940586000,121932490,121652369,-138.121,0.000,0.000,1.000,3.000,0.000,0.000,5.000,0,0,0
B3_zmq_pushpull,zmq_tcp,none,none,,1,23481,512,584,1785153459941637000,1785153459941637000,1785153459941637000,1785153459941638000,1785153459941734000,1785153459941737000,1785153459941737000,1785153459941737000,121932490,121652369,-184.121,0.000,0.000,1.000,3.000,0.000,0.000,46.000,0,0,0
B3_zmq_pushpull,zmq_tcp,none,none,,1,23482,512,584,1785153459942584000,1785153459942584000,1785153459942584000,1785153459942585000,1785153459942738000,1785153459942740000,1785153459942740000,1785153459942740000,121932490,121652369,-127.121,0.000,0.000,1.000,2.000,0.000,0.000,57.000,0,0,0
B3_zmq_pushpull,zmq_tcp,none,none,,1,23483,512,584,1785153459943602000,1785153459943602000,1785153459943602000,1785153459943603000,1785153459943748000,1785153459943752000,1785153459943752000,1785153459943752000,121932490,121652369,-135.121,0.000,0.000,1.000,4.000,0.000,0.000,8.000,0,0,0
B3_zmq_pushpull,zmq_tcp,none,none,,1,23484,512,584,1785153459944595000,1785153459944595000,1785153459944596000,1785153459944596000,1785153459944738000,1785153459944741000,1785153459944741000,1785153459944741000,121932490,121652369,-138.121,0.000,1.000,0.000,3.000,0.000,0.000,3.000,0,0,0
B3_zmq_pushpull,zmq_tcp,none,none,,1,23485,512,584,1785153459945597000,1785153459945597000,1785153459945597000,1785153459945598000,1785153459945735000,1785153459945738000,1785153459945738000,1785153459945738000,121932490,121652369,-143.121,0.000,0.000,1.000,3.000,0.000,0.000,5.000,0,0,0
B3_zmq_pushpull,zmq_tcp,none,none,,1,23486,512,584,1785153459946594000,1785153459946594000,1785153459946594000,1785153459946595000,1785153459946721000,1785153459946724000,1785153459946724000,1785153459946724000,121932490,121652369,-154.121,0.000,0.000,1.000,3.000,0.000,0.000,11.000,0,0,0
B3_zmq_pushpull,zmq_tcp,none,none,,1,23487,512,584,1785153459947411000,1785153459947411000,1785153459947411000,1785153459947412000,1785153459947573000,1785153459947575000,1785153459947576000,1785153459947576000,121932490,121652369,-119.121,0.000,0.000,1.000,2.000,1.000,0.000,35.000,0,0,0
B3_zmq_pushpull,zmq_tcp,none,none,,1,23488,512,584,1785153459948649000,1785153459948649000,1785153459948649000,1785153459948650000,1785153459948728000,1785153459948730000,1785153459948730000,1785153459948730000,121932490,121652369,-202.121,0.000,0.000,1.000,2.000,0.000,0.000,83.000,0,0,0
B3_zmq_pushpull,zmq_tcp,none,none,,1,23489,512,584,1785153459949441000,1785153459949441000,1785153459949441000,1785153459949442000,1785153459949592000,1785153459949594000,1785153459949594000,1785153459949594000,121932490,121652369,-130.121,0.000,0.000,1.000,2.000,0.000,0.000,72.000,0,0,0
B3_zmq_pushpull,zmq_tcp,none,none,,1,23490,512,584,1785153459950638000,1785153459950638000,1785153459950638000,1785153459950639000,1785153459950745000,1785153459950748000,1785153459950748000,1785153459950748000,121932490,121652369,-174.121,0.000,0.000,1.000,3.000,0.000,0.000,44.000,0,0,0
B3_zmq_pushpull,zmq_tcp,none,none,,1,23491,512,584,1785153459951587000,1785153459951587000,1785153459951587000,1785153459951588000,1785153459951725000,1785153459951728000,1785153459951728000,1785153459951728000,121932490,121652369,-143.121,0.000,0.000,1.000,3.000,0.000,0.000,31.000,0,0,0
B3_zmq_pushpull,zmq_tcp,none,none,,1,23492,512,584,1785153459952603000,1785153459952603000,1785153459952603000,1785153459952604000,1785153459952716000,1785153459952719000,1785153459952719000,1785153459952719000,121932490,121652369,-168.121,0.000,0.000,1.000,3.000,0.000,0.000,25.000,0,0,0
B3_zmq_pushpull,zmq_tcp,none,none,,1,23493,512,584,1785153459953593000,1785153459953593000,1785153459953593000,1785153459953594000,1785153459953733000,1785153459953736000,1785153459953736000,1785153459953736000,121932490,121652369,-141.121,0.000,0.000,1.000,3.000,0.000,0.000,27.000,0,0,0
B3_zmq_pushpull,zmq_tcp,none,none,,1,23494,512,584,1785153459954598000,1785153459954598000,1785153459954598000,1785153459954599000,1785153459954740000,1785153459954743000,1785153459954743000,1785153459954743000,121932490,121652369,-139.121,0.000,0.000,1.000,3.000,0.000,0.000,2.000,0,0,0
B3_zmq_pushpull,zmq_tcp,none,none,,1,23495,512,584,1785153459955597000,1785153459955597000,1785153459955597000,1785153459955599000,1785153459955735000,1785153459955738000,1785153459955738000,1785153459955738000,121932490,121652369,-144.121,0.000,0.000,2.000,3.000,0.000,0.000,5.000,0,0,0
B3_zmq_pushpull,zmq_tcp,none,none,,1,23496,512,584,1785153459956441000,1785153459956442000,1785153459956442000,1785153459956443000,1785153459956596000,1785153459956600000,1785153459956600000,1785153459956600000,121932490,121652369,-127.121,1.000,0.000,1.000,4.000,0.000,0.000,17.000,0,0,0
B3_zmq_pushpull,zmq_tcp,none,none,,1,23497,512,584,1785153459957458000,1785153459957458000,1785153459957458000,1785153459957459000,1785153459957617000,1785153459957619000,1785153459957620000,1785153459957620000,121932490,121652369,-122.121,0.000,0.000,1.000,2.000,1.000,0.000,5.000,0,0,0
B3_zmq_pushpull,zmq_tcp,none,none,,1,23498,512,584,1785153459958632000,1785153459958632000,1785153459958632000,1785153459958633000,1785153459958767000,1785153459958770000,1785153459958770000,1785153459958770000,121932490,121652369,-146.121,0.000,0.000,1.000,3.000,0.000,0.000,24.000,0,0,0
B3_zmq_pushpull,zmq_tcp,none,none,,1,23499,512,584,1785153459959589000,1785153459959589000,1785153459959589000,1785153459959590000,1785153459959759000,1785153459959766000,1785153459959766000,1785153459959766000,121932490,121652369,-111.121,0.000,0.000,1.000,7.000,0.000,0.000,35.000,0,0,0
B3_zmq_pushpull,zmq_tcp,none,none,,1,23500,512,584,1785153459960471000,1785153459960471000,1785153459960471000,1785153459960472000,1785153459960627000,1785153459960630000,1785153459960630000,1785153459960630000,121932490,121652369,-125.121,0.000,0.000,1.000,3.000,0.000,0.000,14.000,0,0,0
B3_zmq_pushpull,zmq_tcp,none,none,,1,23501,512,584,1785153459961472000,1785153459961472000,1785153459961472000,1785153459961473000,1785153459961633000,1785153459961637000,1785153459961637000,1785153459961637000,121932490,121652369,-120.121,0.000,0.000,1.000,4.000,0.000,0.000,5.000,0,0,0
B3_zmq_pushpull,zmq_tcp,none,none,,1,23502,512,584,1785153459962630000,1785153459962630000,1785153459962630000,1785153459962631000,1785153459962762000,1785153459962765000,1785153459962765000,1785153459962765000,121932490,121652369,-149.121,0.000,0.000,1.000,3.000,0.000,0.000,29.000,0,0,0
B3_zmq_pushpull,zmq_tcp,none,none,,1,23503,512,584,1785153459963586000,1785153459963586000,1785153459963586000,1785153459963587000,1785153459963632000,1785153459963636000,1785153459963636000,1785153459963636000,121932490,121652369,-235.121,0.000,0.000,1.000,4.000,0.000,0.000,86.000,0,0,0
B3_zmq_pushpull,zmq_tcp,none,none,,1,23504,512,584,1785153459964602000,1785153459964602000,1785153459964602000,1785153459964603000,1785153459964769000,1785153459964773000,1785153459964773000,1785153459964773000,121932490,121652369,-114.121,0.000,0.000,1.000,4.000,0.000,0.000,121.000,0,0,0
B3_zmq_pushpull,zmq_tcp,none,none,,1,23505,512,584,1785153459965475000,1785153459965475000,1785153459965475000,1785153459965476000,1785153459965631000,1785153459965634000,1785153459965634000,1785153459965634000,121932490,121652369,-125.121,0.000,0.000,1.000,3.000,0.000,0.000,11.000,0,0,0
B3_zmq_pushpull,zmq_tcp,none,none,,1,23506,512,584,1785153459966475000,1785153459966475000,1785153459966475000,1785153459966476000,1785153459966637000,1785153459966639000,1785153459966639000,1785153459966639000,121932490,121652369,-119.121,0.000,0.000,1.000,2.000,0.000,0.000,6.000,0,0,0
B3_zmq_pushpull,zmq_tcp,none,none,,1,23507,512,584,1785153459967487000,1785153459967487000,1785153459967487000,1785153459967488000,1785153459967643000,1785153459967646000,1785153459967646000,1785153459967646000,121932490,121652369,-125.121,0.000,0.000,1.000,3.000,0.000,0.000,6.000,0,0,0
B3_zmq_pushpull,zmq_tcp,none,none,,1,23508,512,584,1785153459968489000,1785153459968489000,1785153459968489000,1785153459968490000,1785153459968641000,1785153459968644000,1785153459968644000,1785153459968644000,121932490,121652369,-129.121,0.000,0.000,1.000,3.000,0.000,0.000,4.000,0,0,0
B3_zmq_pushpull,zmq_tcp,none,none,,1,23509,512,584,1785153459969624000,1785153459969624000,1785153459969624000,1785153459969625000,1785153459969791000,1785153459969794000,1785153459969794000,1785153459969794000,121932490,121652369,-114.121,0.000,0.000,1.000,3.000,0.000,0.000,15.000,0,0,0
B3_zmq_pushpull,zmq_tcp,none,none,,1,23510,512,584,1785153459970505000,1785153459970505000,1785153459970506000,1785153459970507000,1785153459970657000,1785153459970659000,1785153459970659000,1785153459970659000,121932490,121652369,-130.121,0.000,1.000,1.000,2.000,0.000,0.000,16.000,0,0,0
B3_zmq_pushpull,zmq_tcp,none,none,,1,23511,512,584,1785153459971504000,1785153459971504000,1785153459971505000,1785153459971506000,1785153459971659000,1785153459971663000,1785153459971663000,1785153459971663000,121932490,121652369,-127.121,0.000,1.000,1.000,4.000,0.000,0.000,3.000,0,0,0
B3_zmq_pushpull,zmq_tcp,none,none,,1,23512,512,584,1785153459972504000,1785153459972504000,1785153459972504000,1785153459972505000,1785153459972649000,1785153459972652000,1785153459972652000,1785153459972652000,121932490,121652369,-136.121,0.000,0.000,1.000,3.000,0.000,0.000,9.000,0,0,0
B3_zmq_pushpull,zmq_tcp,none,none,,1,23513,512,584,1785153459973490000,1785153459973490000,1785153459973490000,1785153459973491000,1785153459973643000,1785153459973646000,1785153459973646000,1785153459973646000,121932490,121652369,-128.121,0.000,0.000,1.000,3.000,0.000,0.000,8.000,0,0,0
B3_zmq_pushpull,zmq_tcp,none,none,,1,23514,512,584,1785153459974624000,1785153459974624000,1785153459974624000,1785153459974625000,1785153459974802000,1785153459974805000,1785153459974805000,1785153459974805000,121932490,121652369,-103.121,0.000,0.000,1.000,3.000,0.000,0.000,25.000,0,0,0
B3_zmq_pushpull,zmq_tcp,none,none,,1,23515,512,584,1785153459975591000,1785153459975591000,1785153459975591000,1785153459975592000,1785153459975668000,1785153459975671000,1785153459975671000,1785153459975671000,121932490,121652369,-204.121,0.000,0.000,1.000,3.000,0.000,0.000,101.000,0,0,0
B3_zmq_pushpull,zmq_tcp,none,none,,1,23516,512,584,1785153459976600000,1785153459976600000,1785153459976600000,1785153459976601000,1785153459976654000,1785153459976657000,1785153459976657000,1785153459976657000,121932490,121652369,-227.121,0.000,0.000,1.000,3.000,0.000,0.000,23.000,0,0,0
B3_zmq_pushpull,zmq_tcp,none,none,,1,23517,512,584,1785153459977494000,1785153459977494000,1785153459977494000,1785153459977495000,1785153459977653000,1785153459977655000,1785153459977655000,1785153459977655000,121932490,121652369,-122.121,0.000,0.000,1.000,2.000,0.000,0.000,105.000,0,0,0
B3_zmq_pushpull,zmq_tcp,none,none,,1,23518,512,584,1785153459978627000,1785153459978627000,1785153459978627000,1785153459978628000,1785153459978799000,1785153459978802000,1785153459978802000,1785153459978802000,121932490,121652369,-109.121,0.000,0.000,1.000,3.000,0.000,0.000,13.000,0,0,0
B3_zmq_pushpull,zmq_tcp,none,none,,1,23519,512,584,1785153459979491000,1785153459979491000,1785153459979491000,1785153459979492000,1785153459979646000,1785153459979649000,1785153459979649000,1785153459979649000,121932490,121652369,-126.121,0.000,0.000,1.000,3.000,0.000,0.000,17.000,0,0,0
B3_zmq_pushpull,zmq_tcp,none,none,,1,23520,512,584,1785153459980624000,1785153459980624000,1785153459980624000,1785153459980625000,1785153459980794000,1785153459980797000,1785153459980797000,1785153459980797000,121932490,121652369,-111.121,0.000,0.000,1.000,3.000,0.000,0.000,15.000,0,0,0
B3_zmq_pushpull,zmq_tcp,none,none,,1,23521,512,584,1785153459981588000,1785153459981588000,1785153459981588000,1785153459981589000,1785153459981647000,1785153459981650000,1785153459981650000,1785153459981650000,121932490,121652369,-222.121,0.000,0.000,1.000,3.000,0.000,0.000,111.000,0,0,0
B3_zmq_pushpull,zmq_tcp,none,none,,1,23522,512,584,1785153459982600000,1785153459982600000,1785153459982600000,1785153459982601000,1785153459982641000,1785153459982644000,1785153459982644000,1785153459982644000,121932490,121652369,-240.121,0.000,0.000,1.000,3.000,0.000,0.000,18.000,0,0,0
B3_zmq_pushpull,zmq_tcp,none,none,,1,23523,512,584,1785153459983502000,1785153459983502000,1785153459983502000,1785153459983503000,1785153459983651000,1785153459983654000,1785153459983654000,1785153459983654000,121932490,121652369,-132.121,0.000,0.000,1.000,3.000,0.000,0.000,108.000,0,0,0
B3_zmq_pushpull,zmq_tcp,none,none,,1,23524,512,584,1785153459984504000,1785153459984505000,1785153459984505000,1785153459984506000,1785153459984654000,1785153459984657000,1785153459984657000,1785153459984657000,121932490,121652369,-132.121,1.000,0.000,1.000,3.000,0.000,0.000,0.000,0,0,0
B3_zmq_pushpull,zmq_tcp,none,none,,1,23525,512,584,1785153459985492000,1785153459985493000,1785153459985493000,1785153459985494000,1785153459985650000,1785153459985653000,1785153459985653000,1785153459985653000,121932490,121652369,-124.121,1.000,0.000,1.000,3.000,0.000,0.000,8.000,0,0,0
B3_zmq_pushpull,zmq_tcp,none,none,,1,23526,512,584,1785153459986493000,1785153459986493000,1785153459986493000,1785153459986495000,1785153459986651000,1785153459986654000,1785153459986654000,1785153459986654000,121932490,121652369,-124.121,0.000,0.000,2.000,3.000,0.000,0.000,0.000,0,0,0
B3_zmq_pushpull,zmq_tcp,none,none,,1,23527,512,584,1785153459987624000,1785153459987624000,1785153459987624000,1785153459987625000,1785153459987807000,1785153459987810000,1785153459987810000,1785153459987810000,121932490,121652369,-98.121,0.000,0.000,1.000,3.000,0.000,0.000,26.000,0,0,0
B3_zmq_pushpull,zmq_tcp,none,none,,1,23528,512,584,1785153459988590000,1785153459988590000,1785153459988590000,1785153459988591000,1785153459988672000,1785153459988674000,1785153459988674000,1785153459988674000,121932490,121652369,-199.121,0.000,0.000,1.000,2.000,0.000,0.000,101.000,0,0,0
B3_zmq_pushpull,zmq_tcp,none,none,,1,23529,512,584,1785153459989601000,1785153459989601000,1785153459989601000,1785153459989602000,1785153459989669000,1785153459989672000,1785153459989672000,1785153459989672000,121932490,121652369,-213.121,0.000,0.000,1.000,3.000,0.000,0.000,14.000,0,0,0
B3_zmq_pushpull,zmq_tcp,none,none,,1,23530,512,584,1785153459990600000,1785153459990600000,1785153459990600000,1785153459990601000,1785153459990682000,1785153459990685000,1785153459990685000,1785153459990685000,121932490,121652369,-199.121,0.000,0.000,1.000,3.000,0.000,0.000,14.000,0,0,0
B3_zmq_pushpull,zmq_tcp,none,none,,1,23531,512,584,1785153459991597000,1785153459991598000,1785153459991598000,1785153459991598000,1785153459991688000,1785153459991690000,1785153459991690000,1785153459991690000,121932490,121652369,-190.121,1.000,0.000,0.000,2.000,0.000,0.000,9.000,0,0,0
B3_zmq_pushpull,zmq_tcp,none,none,,1,23532,512,584,1785153459992600000,1785153459992600000,1785153459992600000,1785153459992601000,1785153459992698000,1785153459992701000,1785153459992702000,1785153459992702000,121932490,121652369,-183.121,0.000,0.000,1.000,3.000,1.000,0.000,7.000,0,0,0
B3_zmq_pushpull,zmq_tcp,none,none,,1,23533,512,584,1785153459993597000,1785153459993597000,1785153459993597000,1785153459993598000,1785153459993704000,1785153459993706000,1785153459993706000,1785153459993706000,121932490,121652369,-174.121,0.000,0.000,1.000,2.000,0.000,0.000,9.000,0,0,0
B3_zmq_pushpull,zmq_tcp,none,none,,1,23534,512,584,1785153459994597000,1785153459994597000,1785153459994598000,1785153459994598000,1785153459994691000,1785153459994694000,1785153459994694000,1785153459994694000,121932490,121652369,-187.121,0.000,1.000,0.000,3.000,0.000,0.000,13.000,0,0,0
B3_zmq_pushpull,zmq_tcp,none,none,,1,23535,512,584,1785153459995597000,1785153459995598000,1785153459995598000,1785153459995599000,1785153459995705000,1785153459995708000,1785153459995708000,1785153459995708000,121932490,121652369,-174.121,1.000,0.000,1.000,3.000,0.000,0.000,13.000,0,0,0
B3_zmq_pushpull,zmq_tcp,none,none,,1,23536,512,584,1785153459996596000,1785153459996596000,1785153459996596000,1785153459996597000,1785153459996712000,1785153459996714000,1785153459996714000,1785153459996714000,121932490,121652369,-165.121,0.000,0.000,1.000,2.000,0.000,0.000,9.000,0,0,0
B3_zmq_pushpull,zmq_tcp,none,none,,1,23537,512,584,1785153459997598000,1785153459997599000,1785153459997599000,1785153459997600000,1785153459997725000,1785153459997728000,1785153459997728000,1785153459997728000,121932490,121652369,-155.121,1.000,0.000,1.000,3.000,0.000,0.000,10.000,0,0,0
B3_zmq_pushpull,zmq_tcp,none,none,,1,23538,512,584,1785153459998600000,1785153459998600000,1785153459998600000,1785153459998601000,1785153459998737000,1785153459998740000,1785153459998740000,1785153459998740000,121932490,121652369,-144.121,0.000,0.000,1.000,3.000,0.000,0.000,11.000,0,0,0
B3_zmq_pushpull,zmq_tcp,none,none,,1,23539,512,584,1785153459999596000,1785153459999596000,1785153459999596000,1785153459999597000,1785153459999750000,1785153459999753000,1785153459999753000,1785153459999753000,121932490,121652369,-127.121,0.000,0.000,1.000,3.000,0.000,0.000,17.000,0,0,0
B3_zmq_pushpull,zmq_tcp,none,none,,1,23540,512,584,1785153460000599000,1785153460000599000,1785153460000599000,1785153460000600000,1785153460000749000,1785153460000752000,1785153460000752000,1785153460000752000,121932490,121652369,-131.121,0.000,0.000,1.000,3.000,0.000,0.000,4.000,0,0,0
B3_zmq_pushpull,zmq_tcp,none,none,,1,23541,512,584,1785153460001597000,1785153460001597000,1785153460001597000,1785153460001598000,1785153460001737000,1785153460001740000,1785153460001740000,1785153460001740000,121932490,121652369,-141.121,0.000,0.000,1.000,3.000,0.000,0.000,10.000,0,0,0
B3_zmq_pushpull,zmq_tcp,none,none,,1,23542,512,584,1785153460002438000,1785153460002438000,1785153460002438000,1785153460002439000,1785153460002593000,1785153460002596000,1785153460002596000,1785153460002596000,121932490,121652369,-126.121,0.000,0.000,1.000,3.000,0.000,0.000,15.000,0,0,0
B3_zmq_pushpull,zmq_tcp,none,none,,1,23543,512,584,1785153460003447000,1785153460003447000,1785153460003447000,1785153460003448000,1785153460003602000,1785153460003605000,1785153460003605000,1785153460003605000,121932490,121652369,-126.121,0.000,0.000,1.000,3.000,0.000,0.000,0.000,0,0,0
B3_zmq_pushpull,zmq_tcp,none,none,,1,23544,512,584,1785153460004452000,1785153460004452000,1785153460004452000,1785153460004453000,1785153460004609000,1785153460004612000,1785153460004612000,1785153460004612000,121932490,121652369,-124.121,0.000,0.000,1.000,3.000,0.000,0.000,2.000,0,0,0
B3_zmq_pushpull,zmq_tcp,none,none,,1,23545,512,584,1785153460005463000,1785153460005464000,1785153460005464000,1785153460005465000,1785153460005624000,1785153460005626000,1785153460005626000,1785153460005626000,121932490,121652369,-121.121,1.000,0.000,1.000,2.000,0.000,0.000,3.000,0,0,0
B3_zmq_pushpull,zmq_tcp,none,none,,1,23546,512,584,1785153460006629000,1785153460006629000,1785153460006629000,1785153460006630000,1785153460006770000,1785153460006773000,1785153460006773000,1785153460006773000,121932490,121652369,-140.121,0.000,0.000,1.000,3.000,0.000,0.000,19.000,0,0,0
B3_zmq_pushpull,zmq_tcp,none,none,,1,23547,512,584,1785153460007590000,1785153460007590000,1785153460007590000,1785153460007591000,1785153460007635000,1785153460007639000,1785153460007639000,1785153460007639000,121932490,121652369,-236.121,0.000,0.000,1.000,4.000,0.000,0.000,96.000,0,0,0
B3_zmq_pushpull,zmq_tcp,none,none,,1,23548,512,584,1785153460008600000,1785153460008600000,1785153460008600000,1785153460008601000,1785153460008769000,1785153460008772000,1785153460008772000,1785153460008772000,121932490,121652369,-112.121,0.000,0.000,1.000,3.000,0.000,0.000,124.000,0,0,0
B3_zmq_pushpull,zmq_tcp,none,none,,1,23549,512,584,1785153460009468000,1785153460009469000,1785153460009469000,1785153460009470000,1785153460009622000,1785153460009625000,1785153460009625000,1785153460009625000,121932490,121652369,-128.121,1.000,0.000,1.000,3.000,0.000,0.000,16.000,0,0,0
B3_zmq_pushpull,zmq_tcp,none,none,,1,23550,512,584,1785153460010463000,1785153460010463000,1785153460010463000,1785153460010464000,1785153460010621000,1785153460010624000,1785153460010624000,1785153460010624000,121932490,121652369,-123.121,0.000,0.000,1.000,3.000,0.000,0.000,5.000,0,0,0
B3_zmq_pushpull,zmq_tcp,none,none,,1,23551,512,584,1785153460011630000,1785153460011631000,1785153460011631000,1785153460011632000,1785153460011742000,1785153460011745000,1785153460011745000,1785153460011745000,121932490,121652369,-170.121,1.000,0.000,1.000,3.000,0.000,0.000,47.000,0,0,0
B3_zmq_pushpull,zmq_tcp,none,none,,1,23552,512,584,1785153460012590000,1785153460012590000,1785153460012590000,1785153460012591000,1785153460012756000,1785153460012758000,1785153460012758000,1785153460012758000,121932490,121652369,-115.121,0.000,0.000,1.000,2.000,0.000,0.000,55.000,0,0,0
B3_zmq_pushpull,zmq_tcp,none,none,,1,23553,512,584,1785153460013459000,1785153460013459000,1785153460013459000,1785153460013460000,1785153460013616000,1785153460013618000,1785153460013618000,1785153460013618000,121932490,121652369,-124.121,0.000,0.000,1.000,2.000,0.000,0.000,9.000,0,0,0
B3_zmq_pushpull,zmq_tcp,none,none,,1,23554,512,584,1785153460014632000,1785153460014632000,1785153460014632000,1785153460014633000,1785153460014768000,1785153460014771000,1785153460014771000,1785153460014771000,121932490,121652369,-145.121,0.000,0.000,1.000,3.000,0.000,0.000,21.000,0,0,0
B3_zmq_pushpull,zmq_tcp,none,none,,1,23555,512,584,1785153460015462000,1785153460015462000,1785153460015462000,1785153460015463000,1785153460015616000,1785153460015618000,1785153460015618000,1785153460015618000,121932490,121652369,-127.121,0.000,0.000,1.000,2.000,0.000,0.000,18.000,0,0,0
B3_zmq_pushpull,zmq_tcp,none,none,,1,23556,512,584,1785153460016632000,1785153460016632000,1785153460016632000,1785153460016633000,1785153460016753000,1785153460016756000,1785153460016756000,1785153460016756000,121932490,121652369,-160.121,0.000,0.000,1.000,3.000,0.000,0.000,33.000,0,0,0
B3_zmq_pushpull,zmq_tcp,none,none,,1,23557,512,584,1785153460017590000,1785153460017590000,1785153460017590000,1785153460017591000,1785153460017633000,1785153460017636000,1785153460017636000,1785153460017636000,121932490,121652369,-238.121,0.000,0.000,1.000,3.000,0.000,0.000,78.000,0,0,0
B3_zmq_pushpull,zmq_tcp,none,none,,1,23558,512,584,1785153460018603000,1785153460018603000,1785153460018603000,1785153460018604000,1785153460018649000,1785153460018651000,1785153460018652000,1785153460018652000,121932490,121652369,-235.121,0.000,0.000,1.000,2.000,1.000,0.000,3.000,0,0,0
B3_zmq_pushpull,zmq_tcp,none,none,,1,23559,512,584,1785153460019483000,1785153460019483000,1785153460019483000,1785153460019484000,1785153460019629000,1785153460019631000,1785153460019632000,1785153460019632000,121932490,121652369,-135.121,0.000,0.000,1.000,2.000,1.000,0.000,100.000,0,0,0
B3_zmq_pushpull,zmq_tcp,none,none,,1,23560,512,584,1785153460020631000,1785153460020631000,1785153460020631000,1785153460020632000,1785153460020782000,1785153460020785000,1785153460020785000,1785153460020785000,121932490,121652369,-130.121,0.000,0.000,1.000,3.000,0.000,0.000,5.000,0,0,0
B3_zmq_pushpull,zmq_tcp,none,none,,1,23561,512,584,1785153460021477000,1785153460021477000,1785153460021477000,1785153460021478000,1785153460021634000,1785153460021637000,1785153460021637000,1785153460021637000,121932490,121652369,-124.121,0.000,0.000,1.000,3.000,0.000,0.000,6.000,0,0,0
B3_zmq_pushpull,zmq_tcp,none,none,,1,23562,512,584,1785153460022628000,1785153460022628000,1785153460022628000,1785153460022629000,1785153460022762000,1785153460022765000,1785153460022765000,1785153460022765000,121932490,121652369,-147.121,0.000,0.000,1.000,3.000,0.000,0.000,23.000,0,0,0
B3_zmq_pushpull,zmq_tcp,none,none,,1,23563,512,584,1785153460023587000,1785153460023587000,1785153460023587000,1785153460023588000,1785153460023750000,1785153460023753000,1785153460023753000,1785153460023753000,121932490,121652369,-118.121,0.000,0.000,1.000,3.000,0.000,0.000,29.000,0,0,0
B3_zmq_pushpull,zmq_tcp,none,none,,1,23564,512,584,1785153460024601000,1785153460024601000,1785153460024601000,1785153460024602000,1785153460024773000,1785153460024781000,1785153460024781000,1785153460024781000,121932490,121652369,-109.121,0.000,0.000,1.000,8.000,0.000,0.000,9.000,0,0,0
B3_zmq_pushpull,zmq_tcp,none,none,,1,23565,512,584,1785153460025598000,1785153460025598000,1785153460025598000,1785153460025599000,1785153460025769000,1785153460025772000,1785153460025772000,1785153460025772000,121932490,121652369,-110.121,0.000,0.000,1.000,3.000,0.000,0.000,1.000,0,0,0
B3_zmq_pushpull,zmq_tcp,none,none,,1,23566,512,584,1785153460026598000,1785153460026598000,1785153460026598000,1785153460026599000,1785153460026766000,1785153460026768000,1785153460026768000,1785153460026768000,121932490,121652369,-113.121,0.000,0.000,1.000,2.000,0.000,0.000,3.000,0,0,0
B3_zmq_pushpull,zmq_tcp,none,none,,1,23567,512,584,1785153460027599000,1785153460027599000,1785153460027599000,1785153460027600000,1785153460027777000,1785153460027780000,1785153460027780000,1785153460027780000,121932490,121652369,-103.121,0.000,0.000,1.000,3.000,0.000,0.000,10.000,0,0,0
B3_zmq_pushpull,zmq_tcp,none,none,,1,23568,512,584,1785153460028598000,1785153460028598000,1785153460028598000,1785153460028599000,1785153460028642000,1785153460028646000,1785153460028646000,1785153460028646000,121932490,121652369,-237.121,0.000,0.000,1.000,4.000,0.000,0.000,134.000,0,0,0
B3_zmq_pushpull,zmq_tcp,none,none,,1,23569,512,584,1785153460029483000,1785153460029483000,1785153460029483000,1785153460029484000,1785153460029637000,1785153460029640000,1785153460029640000,1785153460029640000,121932490,121652369,-127.121,0.000,0.000,1.000,3.000,0.000,0.000,110.000,0,0,0
B3_zmq_pushpull,zmq_tcp,none,none,,1,23570,512,584,1785153460030478000,1785153460030478000,1785153460030478000,1785153460030479000,1785153460030633000,1785153460030636000,1785153460030636000,1785153460030636000,121932490,121652369,-126.121,0.000,0.000,1.000,3.000,0.000,0.000,1.000,0,0,0
B3_zmq_pushpull,zmq_tcp,none,none,,1,23571,512,584,1785153460031472000,1785153460031472000,1785153460031472000,1785153460031473000,1785153460031621000,1785153460031624000,1785153460031624000,1785153460031624000,121932490,121652369,-132.121,0.000,0.000,1.000,3.000,0.000,0.000,6.000,0,0,0
B3_zmq_pushpull,zmq_tcp,none,none,,1,23572,512,584,1785153460032629000,1785153460032630000,1785153460032630000,1785153460032631000,1785153460032772000,1785153460032774000,1785153460032774000,1785153460032774000,121932490,121652369,-139.121,1.000,0.000,1.000,2.000,0.000,0.000,7.000,0,0,0
B3_zmq_pushpull,zmq_tcp,none,none,,1,23573,512,584,1785153460033590000,1785153460033590000,1785153460033590000,1785153460033591000,1785153460033778000,1785153460033781000,1785153460033781000,1785153460033781000,121932490,121652369,-93.121,0.000,0.000,1.000,3.000,0.000,0.000,46.000,0,0,0
B3_zmq_pushpull,zmq_tcp,none,none,,1,23574,512,584,1785153460034599000,1785153460034599000,1785153460034599000,1785153460034600000,1785153460034656000,1785153460034660000,1785153460034660000,1785153460034660000,121932490,121652369,-224.121,0.000,0.000,1.000,4.000,0.000,0.000,131.000,0,0,0
B3_zmq_pushpull,zmq_tcp,none,none,,1,23575,512,584,1785153460035502000,1785153460035503000,1785153460035503000,1785153460035504000,1785153460035646000,1785153460035649000,1785153460035649000,1785153460035649000,121932490,121652369,-138.121,1.000,0.000,1.000,3.000,0.000,0.000,86.000,0,0,0
B3_zmq_pushpull,zmq_tcp,none,none,,1,23576,512,584,1785153460036622000,1785153460036622000,1785153460036622000,1785153460036623000,1785153460036773000,1785153460036776000,1785153460036776000,1785153460036776000,121932490,121652369,-130.121,0.000,0.000,1.000,3.000,0.000,0.000,8.000,0,0,0
B3_zmq_pushpull,zmq_tcp,none,none,,1,23577,512,584,1785153460037589000,1785153460037589000,1785153460037589000,1785153460037590000,1785153460037636000,1785153460037639000,1785153460037639000,1785153460037639000,121932490,121652369,-234.121,0.000,0.000,1.000,3.000,0.000,0.000,104.000,0,0,0
B3_zmq_pushpull,zmq_tcp,none,none,,1,23578,512,584,1785153460038603000,1785153460038603000,1785153460038603000,1785153460038604000,1785153460038652000,1785153460038655000,1785153460038655000,1785153460038655000,121932490,121652369,-232.121,0.000,0.000,1.000,3.000,0.000,0.000,2.000,0,0,0
B3_zmq_pushpull,zmq_tcp,none,none,,1,23579,512,584,1785153460039599000,1785153460039599000,1785153460039599000,1785153460039600000,1785153460039672000,1785153460039675000,1785153460039675000,1785153460039675000,121932490,121652369,-208.121,0.000,0.000,1.000,3.000,0.000,0.000,24.000,0,0,0
B3_zmq_pushpull,zmq_tcp,none,none,,1,23580,512,584,1785153460040598000,1785153460040598000,1785153460040598000,1785153460040599000,1785153460040684000,1785153460040687000,1785153460040687000,1785153460040687000,121932490,121652369,-195.121,0.000,0.000,1.000,3.000,0.000,0.000,13.000,0,0,0
B3_zmq_pushpull,zmq_tcp,none,none,,1,23581,512,584,1785153460041594000,1785153460041594000,1785153460041594000,1785153460041595000,1785153460041689000,1785153460041693000,1785153460041693000,1785153460041693000,121932490,121652369,-186.121,0.000,0.000,1.000,4.000,0.000,0.000,9.000,0,0,0
B3_zmq_pushpull,zmq_tcp,none,none,,1,23582,512,584,1785153460042523000,1785153460042523000,1785153460042523000,1785153460042524000,1785153460042679000,1785153460042682000,1785153460042682000,1785153460042682000,121932490,121652369,-125.121,0.000,0.000,1.000,3.000,0.000,0.000,61.000,0,0,0
B3_zmq_pushpull,zmq_tcp,none,none,,1,23583,512,584,1785153460043513000,1785153460043513000,1785153460043513000,1785153460043514000,1785153460043666000,1785153460043669000,1785153460043669000,1785153460043669000,121932490,121652369,-128.121,0.000,0.000,1.000,3.000,0.000,0.000,3.000,0,0,0
B3_zmq_pushpull,zmq_tcp,none,none,,1,23584,512,584,1785153460044512000,1785153460044512000,1785153460044512000,1785153460044513000,1785153460044657000,1785153460044660000,1785153460044660000,1785153460044660000,121932490,121652369,-136.121,0.000,0.000,1.000,3.000,0.000,0.000,8.000,0,0,0
B3_zmq_pushpull,zmq_tcp,none,none,,1,23585,512,584,1785153460045616000,1785153460045616000,1785153460045617000,1785153460045617000,1785153460045659000,1785153460045661000,1785153460045661000,1785153460045661000,121932490,121652369,-238.121,0.000,1.000,0.000,2.000,0.000,0.000,102.000,0,0,0
B3_zmq_pushpull,zmq_tcp,none,none,,1,23586,512,584,1785153460046594000,1785153460046594000,1785153460046594000,1785153460046595000,1785153460046665000,1785153460046668000,1785153460046668000,1785153460046668000,121932490,121652369,-210.121,0.000,0.000,1.000,3.000,0.000,0.000,28.000,0,0,0
B3_zmq_pushpull,zmq_tcp,none,none,,1,23587,512,584,1785153460047600000,1785153460047600000,1785153460047600000,1785153460047601000,1785153460047683000,1785153460047685000,1785153460047685000,1785153460047685000,121932490,121652369,-198.121,0.000,0.000,1.000,2.000,0.000,0.000,12.000,0,0,0
B3_zmq_pushpull,zmq_tcp,none,none,,1,23588,512,584,1785153460048597000,1785153460048597000,1785153460048597000,1785153460048598000,1785153460048678000,1785153460048680000,1785153460048680000,1785153460048680000,121932490,121652369,-200.121,0.000,0.000,1.000,2.000,0.000,0.000,2.000,0,0,0
B3_zmq_pushpull,zmq_tcp,none,none,,1,23589,512,584,1785153460049598000,1785153460049598000,1785153460049598000,1785153460049599000,1785153460049661000,1785153460049664000,1785153460049664000,1785153460049664000,121932490,121652369,-218.121,0.000,0.000,1.000,3.000,0.000,0.000,18.000,0,0,0
B3_zmq_pushpull,zmq_tcp,none,none,,1,23590,512,584,1785153460050598000,1785153460050598000,1785153460050598000,1785153460050599000,1785153460050656000,1785153460050658000,1785153460050658000,1785153460050658000,121932490,121652369,-223.121,0.000,0.000,1.000,2.000,0.000,0.000,5.000,0,0,0
B3_zmq_pushpull,zmq_tcp,none,none,,1,23591,512,584,1785153460051598000,1785153460051598000,1785153460051598000,1785153460051599000,1785153460051643000,1785153460051646000,1785153460051646000,1785153460051646000,121932490,121652369,-236.121,0.000,0.000,1.000,3.000,0.000,0.000,13.000,0,0,0
B3_zmq_pushpull,zmq_tcp,none,none,,1,23592,512,584,1785153460052596000,1785153460052596000,1785153460052597000,1785153460052597000,1785153460052644000,1785153460052647000,1785153460052647000,1785153460052647000,121932490,121652369,-233.121,0.000,1.000,0.000,3.000,0.000,0.000,3.000,0,0,0
B3_zmq_pushpull,zmq_tcp,none,none,,1,23593,512,584,1785153460053601000,1785153460053601000,1785153460053601000,1785153460053602000,1785153460053785000,1785153460053788000,1785153460053788000,1785153460053788000,121932490,121652369,-97.121,0.000,0.000,1.000,3.000,0.000,0.000,136.000,0,0,0
B3_zmq_pushpull,zmq_tcp,none,none,,1,23594,512,584,1785153460054502000,1785153460054502000,1785153460054502000,1785153460054503000,1785153460054660000,1785153460054663000,1785153460054663000,1785153460054663000,121932490,121652369,-123.121,0.000,0.000,1.000,3.000,0.000,0.000,26.000,0,0,0
B3_zmq_pushpull,zmq_tcp,none,none,,1,23595,512,584,1785153460055624000,1785153460055624000,1785153460055624000,1785153460055625000,1785153460055816000,1785153460055818000,1785153460055819000,1785153460055819000,121932490,121652369,-89.121,0.000,0.000,1.000,2.000,1.000,0.000,34.000,0,0,0
B3_zmq_pushpull,zmq_tcp,none,none,,1,23596,512,584,1785153460056590000,1785153460056590000,1785153460056590000,1785153460056591000,1785153460056672000,1785153460056674000,1785153460056675000,1785153460056675000,121932490,121652369,-199.121,0.000,0.000,1.000,2.000,1.000,0.000,110.000,0,0,0
B3_zmq_pushpull,zmq_tcp,none,none,,1,23597,512,584,1785153460057600000,1785153460057601000,1785153460057601000,1785153460057602000,1785153460057668000,1785153460057670000,1785153460057670000,1785153460057670000,121932490,121652369,-214.121,1.000,0.000,1.000,2.000,0.000,0.000,15.000,0,0,0
B3_zmq_pushpull,zmq_tcp,none,none,,1,23598,512,584,1785153460058598000,1785153460058598000,1785153460058598000,1785153460058599000,1785153460058671000,1785153460058674000,1785153460058674000,1785153460058674000,121932490,121652369,-208.121,0.000,0.000,1.000,3.000,0.000,0.000,6.000,0,0,0
B3_zmq_pushpull,zmq_tcp,none,none,,1,23599,512,584,1785153460059599000,1785153460059599000,1785153460059599000,1785153460059600000,1785153460059690000,1785153460059692000,1785153460059692000,1785153460059692000,121932490,121652369,-190.121,0.000,0.000,1.000,2.000,0.000,0.000,18.000,0,0,0
B3_zmq_pushpull,zmq_tcp,none,none,,1,23600,512,584,1785153460060595000,1785153460060595000,1785153460060595000,1785153460060596000,1785153460060685000,1785153460060688000,1785153460060689000,1785153460060689000,121932490,121652369,-191.121,0.000,0.000,1.000,3.000,1.000,0.000,1.000,0,0,0
B3_zmq_pushpull,zmq_tcp,none,none,,1,23601,512,584,1785153460061602000,1785153460061602000,1785153460061602000,1785153460061603000,1785153460061680000,1785153460061683000,1785153460061683000,1785153460061683000,121932490,121652369,-203.121,0.000,0.000,1.000,3.000,0.000,0.000,12.000,0,0,0
B3_zmq_pushpull,zmq_tcp,none,none,,1,23602,512,584,1785153460062596000,1785153460062597000,1785153460062597000,1785153460062598000,1785153460062693000,1785153460062696000,1785153460062696000,1785153460062696000,121932490,121652369,-185.121,1.000,0.000,1.000,3.000,0.000,0.000,18.000,0,0,0
B3_zmq_pushpull,zmq_tcp,none,none,,1,23603,512,584,1785153460063598000,1785153460063598000,1785153460063598000,1785153460063599000,1785153460063683000,1785153460063685000,1785153460063685000,1785153460063685000,121932490,121652369,-196.121,0.000,0.000,1.000,2.000,0.000,0.000,11.000,0,0,0
B3_zmq_pushpull,zmq_tcp,none,none,,1,23604,512,584,1785153460064595000,1785153460064595000,1785153460064595000,1785153460064596000,1785153460064687000,1785153460064689000,1785153460064689000,1785153460064689000,121932490,121652369,-189.121,0.000,0.000,1.000,2.000,0.000,0.000,7.000,0,0,0
B3_zmq_pushpull,zmq_tcp,none,none,,1,23605,512,584,1785153460065600000,1785153460065600000,1785153460065600000,1785153460065601000,1785153460065683000,1785153460065685000,1785153460065685000,1785153460065685000,121932490,121652369,-198.121,0.000,0.000,1.000,2.000,0.000,0.000,9.000,0,0,0
B3_zmq_pushpull,zmq_tcp,none,none,,1,23606,512,584,1785153460066601000,1785153460066601000,1785153460066601000,1785153460066602000,1785153460066667000,1785153460066669000,1785153460066669000,1785153460066669000,121932490,121652369,-215.121,0.000,0.000,1.000,2.000,0.000,0.000,17.000,0,0,0
B3_zmq_pushpull,zmq_tcp,none,none,,1,23607,512,584,1785153460067597000,1785153460067597000,1785153460067597000,1785153460067598000,1785153460067669000,1785153460067672000,1785153460067672000,1785153460067672000,121932490,121652369,-209.121,0.000,0.000,1.000,3.000,0.000,0.000,6.000,0,0,0
B3_zmq_pushpull,zmq_tcp,none,none,,1,23608,512,584,1785153460068598000,1785153460068598000,1785153460068598000,1785153460068599000,1785153460068676000,1785153460068679000,1785153460068679000,1785153460068679000,121932490,121652369,-203.121,0.000,0.000,1.000,3.000,0.000,0.000,6.000,0,0,0
B3_zmq_pushpull,zmq_tcp,none,none,,1,23609,512,584,1785153460069600000,1785153460069600000,1785153460069601000,1785153460069601000,1785153460069687000,1785153460069689000,1785153460069689000,1785153460069689000,121932490,121652369,-194.121,0.000,1.000,0.000,2.000,0.000,0.000,9.000,0,0,0
B3_zmq_pushpull,zmq_tcp,none,none,,1,23610,512,584,1785153460070598000,1785153460070598000,1785153460070598000,1785153460070599000,1785153460070646000,1785153460070650000,1785153460070650000,1785153460070650000,121932490,121652369,-233.121,0.000,0.000,1.000,4.000,0.000,0.000,39.000,0,0,0
B3_zmq_pushpull,zmq_tcp,none,none,,1,23611,512,584,1785153460071595000,1785153460071595000,1785153460071595000,1785153460071596000,1785153460071646000,1785153460071649000,1785153460071649000,1785153460071649000,121932490,121652369,-230.121,0.000,0.000,1.000,3.000,0.000,0.000,3.000,0,0,0
B3_zmq_pushpull,zmq_tcp,none,none,,1,23612,512,584,1785153460072600000,1785153460072600000,1785153460072600000,1785153460072601000,1785153460072651000,1785153460072654000,1785153460072654000,1785153460072654000,121932490,121652369,-230.121,0.000,0.000,1.000,3.000,0.000,0.000,0.000,0,0,0
B3_zmq_pushpull,zmq_tcp,none,none,,1,23613,512,584,1785153460073601000,1785153460073601000,1785153460073601000,1785153460073602000,1785153460073663000,1785153460073667000,1785153460073667000,1785153460073667000,121932490,121652369,-219.121,0.000,0.000,1.000,4.000,0.000,0.000,11.000,0,0,0
B3_zmq_pushpull,zmq_tcp,none,none,,1,23614,512,584,1785153460074518000,1785153460074518000,1785153460074518000,1785153460074520000,1785153460074667000,1785153460074669000,1785153460074669000,1785153460074669000,121932490,121652369,-133.121,0.000,0.000,2.000,2.000,0.000,0.000,86.000,0,0,0
B3_zmq_pushpull,zmq_tcp,none,none,,1,23615,512,584,1785153460075521000,1785153460075521000,1785153460075521000,1785153460075522000,1785153460075673000,1785153460075676000,1785153460075676000,1785153460075676000,121932490,121652369,-129.121,0.000,0.000,1.000,3.000,0.000,0.000,4.000,0,0,0
B3_zmq_pushpull,zmq_tcp,none,none,,1,23616,512,584,1785153460076512000,1785153460076512000,1785153460076512000,1785153460076513000,1785153460076649000,1785153460076651000,1785153460076652000,1785153460076652000,121932490,121652369,-144.121,0.000,0.000,1.000,2.000,1.000,0.000,15.000,0,0,0
B3_zmq_pushpull,zmq_tcp,none,none,,1,23617,512,584,1785153460077619000,1785153460077619000,1785153460077619000,1785153460077620000,1785153460077769000,1785153460077772000,1785153460077772000,1785153460077772000,121932490,121652369,-131.121,0.000,0.000,1.000,3.000,0.000,0.000,13.000,0,0,0
B3_zmq_pushpull,zmq_tcp,none,none,,1,23618,512,584,1785153460078590000,1785153460078590000,1785153460078590000,1785153460078591000,1785153460078630000,1785153460078634000,1785153460078634000,1785153460078634000,121932490,121652369,-241.121,0.000,0.000,1.000,4.000,0.000,0.000,110.000,0,0,0
B3_zmq_pushpull,zmq_tcp,none,none,,1,23619,512,584,1785153460079605000,1785153460079605000,1785153460079605000,1785153460079606000,1785153460079779000,1785153460079781000,1785153460079781000,1785153460079781000,121932490,121652369,-107.121,0.000,0.000,1.000,2.000,0.000,0.000,134.000,0,0,0
B3_zmq_pushpull,zmq_tcp,none,none,,1,23620,512,584,1785153460080597000,1785153460080597000,1785153460080597000,1785153460080598000,1785153460080654000,1785153460080656000,1785153460080656000,1785153460080657000,121932490,121652369,-224.121,0.000,0.000,1.000,2.000,0.000,1.000,117.000,0,0,0
B3_zmq_pushpull,zmq_tcp,none,none,,1,23621,512,584,1785153460081598000,1785153460081598000,1785153460081598000,1785153460081599000,1785153460081661000,1785153460081664000,1785153460081664000,1785153460081664000,121932490,121652369,-218.121,0.000,0.000,1.000,3.000,0.000,0.000,6.000,0,0,0
B3_zmq_pushpull,zmq_tcp,none,none,,1,23622,512,584,1785153460082510000,1785153460082510000,1785153460082510000,1785153460082511000,1785153460082662000,1785153460082665000,1785153460082665000,1785153460082665000,121932490,121652369,-129.121,0.000,0.000,1.000,3.000,0.000,0.000,89.000,0,0,0
B3_zmq_pushpull,zmq_tcp,none,none,,1,23623,512,584,1785153460083505000,1785153460083505000,1785153460083505000,1785153460083506000,1785153460083659000,1785153460083661000,1785153460083661000,1785153460083661000,121932490,121652369,-127.121,0.000,0.000,1.000,2.000,0.000,0.000,2.000,0,0,0
B3_zmq_pushpull,zmq_tcp,none,none,,1,23624,512,584,1785153460084510000,1785153460084510000,1785153460084510000,1785153460084511000,1785153460084664000,1785153460084667000,1785153460084667000,1785153460084667000,121932490,121652369,-127.121,0.000,0.000,1.000,3.000,0.000,0.000,0.000,0,0,0
B3_zmq_pushpull,zmq_tcp,none,none,,1,23625,512,584,1785153460085505000,1785153460085505000,1785153460085505000,1785153460085506000,1785153460085650000,1785153460085652000,1785153460085653000,1785153460085653000,121932490,121652369,-136.121,0.000,0.000,1.000,2.000,1.000,0.000,9.000,0,0,0
B3_zmq_pushpull,zmq_tcp,none,none,,1,23626,512,584,1785153460086503000,1785153460086503000,1785153460086503000,1785153460086504000,1785153460086664000,1785153460086667000,1785153460086667000,1785153460086667000,121932490,121652369,-120.121,0.000,0.000,1.000,3.000,0.000,0.000,16.000,0,0,0
B3_zmq_pushpull,zmq_tcp,none,none,,1,23627,512,584,1785153460087622000,1785153460087622000,1785153460087622000,1785153460087623000,1785153460087803000,1785153460087805000,1785153460087805000,1785153460087805000,121932490,121652369,-100.121,0.000,0.000,1.000,2.000,0.000,0.000,20.000,0,0,0
B3_zmq_pushpull,zmq_tcp,none,none,,1,23628,512,584,1785153460088597000,1785153460088597000,1785153460088597000,1785153460088598000,1785153460088671000,1785153460088673000,1785153460088673000,1785153460088673000,121932490,121652369,-207.121,0.000,0.000,1.000,2.000,0.000,0.000,107.000,0,0,0
B3_zmq_pushpull,zmq_tcp,none,none,,1,23629,512,584,1785153460089597000,1785153460089597000,1785153460089597000,1785153460089598000,1785153460089661000,1785153460089665000,1785153460089665000,1785153460089665000,121932490,121652369,-217.121,0.000,0.000,1.000,4.000,0.000,0.000,10.000,0,0,0
B3_zmq_pushpull,zmq_tcp,none,none,,1,23630,512,584,1785153460090508000,1785153460090509000,1785153460090509000,1785153460090510000,1785153460090658000,1785153460090661000,1785153460090661000,1785153460090661000,121932490,121652369,-132.121,1.000,0.000,1.000,3.000,0.000,0.000,85.000,0,0,0
B3_zmq_pushpull,zmq_tcp,none,none,,1,23631,512,584,1785153460091621000,1785153460091621000,1785153460091621000,1785153460091622000,1785153460091789000,1785153460091792000,1785153460091792000,1785153460091792000,121932490,121652369,-113.121,0.000,0.000,1.000,3.000,0.000,0.000,19.000,0,0,0
B3_zmq_pushpull,zmq_tcp,none,none,,1,23632,512,584,1785153460092481000,1785153460092481000,1785153460092481000,1785153460092482000,1785153460092635000,1785153460092637000,1785153460092637000,1785153460092637000,121932490,121652369,-127.121,0.000,0.000,1.000,2.000,0.000,0.000,14.000,0,0,0
B3_zmq_pushpull,zmq_tcp,none,none,,1,23633,512,584,1785153460093626000,1785153460093626000,1785153460093626000,1785153460093627000,1785153460093781000,1785153460093784000,1785153460093784000,1785153460093784000,121932490,121652369,-126.121,0.000,0.000,1.000,3.000,0.000,0.000,1.000,0,0,0
B3_zmq_pushpull,zmq_tcp,none,none,,1,23634,512,584,1785153460094591000,1785153460094591000,1785153460094591000,1785153460094592000,1785153460094649000,1785153460094652000,1785153460094652000,1785153460094652000,121932490,121652369,-223.121,0.000,0.000,1.000,3.000,0.000,0.000,97.000,0,0,0
B3_zmq_pushpull,zmq_tcp,none,none,,1,23635,512,584,1785153460095495000,1785153460095495000,1785153460095495000,1785153460095496000,1785153460095645000,1785153460095648000,1785153460095648000,1785153460095648000,121932490,121652369,-131.121,0.000,0.000,1.000,3.000,0.000,0.000,92.000,0,0,0
B3_zmq_pushpull,zmq_tcp,none,none,,1,23636,512,584,1785153460096481000,1785153460096481000,1785153460096481000,1785153460096482000,1785153460096628000,1785153460096631000,1785153460096631000,1785153460096631000,121932490,121652369,-134.121,0.000,0.000,1.000,3.000,0.000,0.000,3.000,0,0,0
B3_zmq_pushpull,zmq_tcp,none,none,,1,23637,512,584,1785153460097626000,1785153460097627000,1785153460097627000,1785153460097628000,1785153460097769000,1785153460097771000,1785153460097771000,1785153460097771000,121932490,121652369,-139.121,1.000,0.000,1.000,2.000,0.000,0.000,5.000,0,0,0
B3_zmq_pushpull,zmq_tcp,none,none,,1,23638,512,584,1785153460098591000,1785153460098592000,1785153460098592000,1785153460098593000,1785153460098755000,1785153460098757000,1785153460098757000,1785153460098757000,121932490,121652369,-118.121,1.000,0.000,1.000,2.000,0.000,0.000,21.000,0,0,0
B3_zmq_pushpull,zmq_tcp,none,none,,1,23639,512,584,1785153460099597000,1785153460099597000,1785153460099597000,1785153460099598000,1785153460099760000,1785153460099763000,1785153460099763000,1785153460099763000,121932490,121652369,-118.121,0.000,0.000,1.000,3.000,0.000,0.000,0.000,0,0,0
B3_zmq_pushpull,zmq_tcp,none,none,,1,23640,512,584,1785153460100453000,1785153460100453000,1785153460100453000,1785153460100454000,1785153460100597000,1785153460100600000,1785153460100600000,1785153460100600000,121932490,121652369,-137.121,0.000,0.000,1.000,3.000,0.000,0.000,19.000,0,0,0
B3_zmq_pushpull,zmq_tcp,none,none,,1,23641,512,584,1785153460101634000,1785153460101634000,1785153460101634000,1785153460101635000,1785153460101731000,1785153460101733000,1785153460101733000,1785153460101733000,121932490,121652369,-184.121,0.000,0.000,1.000,2.000,0.000,0.000,47.000,0,0,0
B3_zmq_pushpull,zmq_tcp,none,none,,1,23642,512,584,1785153460102588000,1785153460102588000,1785153460102588000,1785153460102589000,1785153460102739000,1785153460102741000,1785153460102741000,1785153460102741000,121932490,121652369,-130.121,0.000,0.000,1.000,2.000,0.000,0.000,54.000,0,0,0
B3_zmq_pushpull,zmq_tcp,none,none,,1,23643,512,584,1785153460103600000,1785153460103600000,1785153460103601000,1785153460103601000,1785153460103741000,1785153460103744000,1785153460103744000,1785153460103744000,121932490,121652369,-140.121,0.000,1.000,0.000,3.000,0.000,0.000,10.000,0,0,0
B3_zmq_pushpull,zmq_tcp,none,none,,1,23644,512,584,1785153460104597000,1785153460104598000,1785153460104598000,1785153460104599000,1785153460104740000,1785153460104743000,1785153460104743000,1785153460104743000,121932490,121652369,-139.121,1.000,0.000,1.000,3.000,0.000,0.000,1.000,0,0,0
B3_zmq_pushpull,zmq_tcp,none,none,,1,23645,512,584,1785153460105598000,1785153460105598000,1785153460105598000,1785153460105599000,1785153460105716000,1785153460105719000,1785153460105719000,1785153460105719000,121932490,121652369,-163.121,0.000,0.000,1.000,3.000,0.000,0.000,24.000,0,0,0
B3_zmq_pushpull,zmq_tcp,none,none,,1,23646,512,584,1785153460106595000,1785153460106595000,1785153460106595000,1785153460106596000,1785153460106703000,1785153460106706000,1785153460106706000,1785153460106706000,121932490,121652369,-173.121,0.000,0.000,1.000,3.000,0.000,0.000,10.000,0,0,0
B3_zmq_pushpull,zmq_tcp,none,none,,1,23647,512,584,1785153460107599000,1785153460107599000,1785153460107599000,1785153460107600000,1785153460107715000,1785153460107717000,1785153460107717000,1785153460107717000,121932490,121652369,-165.121,0.000,0.000,1.000,2.000,0.000,0.000,8.000,0,0,0
B3_zmq_pushpull,zmq_tcp,none,none,,1,23648,512,584,1785153460108599000,1785153460108599000,1785153460108599000,1785153460108600000,1785153460108721000,1785153460108724000,1785153460108724000,1785153460108724000,121932490,121652369,-159.121,0.000,0.000,1.000,3.000,0.000,0.000,6.000,0,0,0
B3_zmq_pushpull,zmq_tcp,none,none,,1,23649,512,584,1785153460109596000,1785153460109596000,1785153460109597000,1785153460109597000,1785153460109727000,1785153460109730000,1785153460109730000,1785153460109730000,121932490,121652369,-150.121,0.000,1.000,0.000,3.000,0.000,0.000,9.000,0,0,0
B3_zmq_pushpull,zmq_tcp,none,none,,1,23650,512,584,1785153460110599000,1785153460110599000,1785153460110599000,1785153460110600000,1785153460110745000,1785153460110748000,1785153460110748000,1785153460110748000,121932490,121652369,-135.121,0.000,0.000,1.000,3.000,0.000,0.000,15.000,0,0,0
B3_zmq_pushpull,zmq_tcp,none,none,,1,23651,512,584,1785153460111599000,1785153460111599000,1785153460111599000,1785153460111600000,1785153460111756000,1785153460111759000,1785153460111759000,1785153460111759000,121932490,121652369,-124.121,0.000,0.000,1.000,3.000,0.000,0.000,11.000,0,0,0
B3_zmq_pushpull,zmq_tcp,none,none,,1,23652,512,584,1785153460112451000,1785153460112451000,1785153460112451000,1785153460112452000,1785153460112604000,1785153460112607000,1785153460112607000,1785153460112607000,121932490,121652369,-128.121,0.000,0.000,1.000,3.000,0.000,0.000,4.000,0,0,0
B3_zmq_pushpull,zmq_tcp,none,none,,1,23653,512,584,1785153460113631000,1785153460113631000,1785153460113632000,1785153460113632000,1785153460113740000,1785153460113743000,1785153460113743000,1785153460113743000,121932490,121652369,-172.121,0.000,1.000,0.000,3.000,0.000,0.000,44.000,0,0,0
B3_zmq_pushpull,zmq_tcp,none,none,,1,23654,512,584,1785153460114590000,1785153460114590000,1785153460114590000,1785153460114591000,1785153460114747000,1785153460114750000,1785153460114750000,1785153460114750000,121932490,121652369,-124.121,0.000,0.000,1.000,3.000,0.000,0.000,48.000,0,0,0
B3_zmq_pushpull,zmq_tcp,none,none,,1,23655,512,584,1785153460115601000,1785153460115601000,1785153460115602000,1785153460115603000,1785153460115748000,1785153460115751000,1785153460115751000,1785153460115751000,121932490,121652369,-135.121,0.000,1.000,1.000,3.000,0.000,0.000,11.000,0,0,0
B3_zmq_pushpull,zmq_tcp,none,none,,1,23656,512,584,1785153460116458000,1785153460116458000,1785153460116458000,1785153460116460000,1785153460116607000,1785153460116610000,1785153460116610000,1785153460116610000,121932490,121652369,-133.121,0.000,0.000,2.000,3.000,0.000,0.000,2.000,0,0,0
B3_zmq_pushpull,zmq_tcp,none,none,,1,23657,512,584,1785153460117632000,1785153460117632000,1785153460117632000,1785153460117633000,1785153460117706000,1785153460117708000,1785153460117708000,1785153460117708000,121932490,121652369,-207.121,0.000,0.000,1.000,2.000,0.000,0.000,74.000,0,0,0
B3_zmq_pushpull,zmq_tcp,none,none,,1,23658,512,584,1785153460118589000,1785153460118589000,1785153460118589000,1785153460118590000,1785153460118657000,1785153460118659000,1785153460118659000,1785153460118659000,121932490,121652369,-213.121,0.000,0.000,1.000,2.000,0.000,0.000,6.000,0,0,0
B3_zmq_pushpull,zmq_tcp,none,none,,1,23659,512,584,1785153460119600000,1785153460119600000,1785153460119600000,1785153460119601000,1785153460119782000,1785153460119785000,1785153460119785000,1785153460119785000,121932490,121652369,-99.121,0.000,0.000,1.000,3.000,0.000,0.000,114.000,0,0,0
B3_zmq_pushpull,zmq_tcp,none,none,,1,23660,512,584,1785153460120595000,1785153460120595000,1785153460120595000,1785153460120596000,1785153460120762000,1785153460120765000,1785153460120765000,1785153460120765000,121932490,121652369,-114.121,0.000,0.000,1.000,3.000,0.000,0.000,15.000,0,0,0
B3_zmq_pushpull,zmq_tcp,none,none,,1,23661,512,584,1785153460121598000,1785153460121599000,1785153460121599000,1785153460121600000,1785153460121757000,1785153460121759000,1785153460121759000,1785153460121759000,121932490,121652369,-123.121,1.000,0.000,1.000,2.000,0.000,0.000,9.000,0,0,0
B3_zmq_pushpull,zmq_tcp,none,none,,1,23662,512,584,1785153460122597000,1785153460122598000,1785153460122598000,1785153460122599000,1785153460122746000,1785153460122749000,1785153460122749000,1785153460122749000,121932490,121652369,-133.121,1.000,0.000,1.000,3.000,0.000,0.000,10.000,0,0,0
B3_zmq_pushpull,zmq_tcp,none,none,,1,23663,512,584,1785153460123597000,1785153460123597000,1785153460123597000,1785153460123598000,1785153460123736000,1785153460123739000,1785153460123739000,1785153460123739000,121932490,121652369,-142.121,0.000,0.000,1.000,3.000,0.000,0.000,9.000,0,0,0
B3_zmq_pushpull,zmq_tcp,none,none,,1,23664,512,584,1785153460124596000,1785153460124596000,1785153460124596000,1785153460124597000,1785153460124726000,1785153460124729000,1785153460124729000,1785153460124729000,121932490,121652369,-151.121,0.000,0.000,1.000,3.000,0.000,0.000,9.000,0,0,0
B3_zmq_pushpull,zmq_tcp,none,none,,1,23665,512,584,1785153460125598000,1785153460125598000,1785153460125598000,1785153460125599000,1785153460125709000,1785153460125712000,1785153460125712000,1785153460125712000,121932490,121652369,-170.121,0.000,0.000,1.000,3.000,0.000,0.000,19.000,0,0,0
B3_zmq_pushpull,zmq_tcp,none,none,,1,23666,512,584,1785153460126597000,1785153460126597000,1785153460126597000,1785153460126598000,1785153460126697000,1785153460126699000,1785153460126699000,1785153460126699000,121932490,121652369,-181.121,0.000,0.000,1.000,2.000,0.000,0.000,11.000,0,0,0
B3_zmq_pushpull,zmq_tcp,none,none,,1,23667,512,584,1785153460127597000,1785153460127597000,1785153460127597000,1785153460127598000,1785153460127682000,1785153460127685000,1785153460127685000,1785153460127685000,121932490,121652369,-196.121,0.000,0.000,1.000,3.000,0.000,0.000,15.000,0,0,0
B3_zmq_pushpull,zmq_tcp,none,none,,1,23668,512,584,1785153460128595000,1785153460128595000,1785153460128595000,1785153460128596000,1785153460128677000,1785153460128680000,1785153460128680000,1785153460128680000,121932490,121652369,-199.121,0.000,0.000,1.000,3.000,0.000,0.000,3.000,0,0,0
B3_zmq_pushpull,zmq_tcp,none,none,,1,23669,512,584,1785153460129598000,1785153460129599000,1785153460129599000,1785153460129600000,1785153460129778000,1785153460129781000,1785153460129781000,1785153460129781000,121932490,121652369,-102.121,1.000,0.000,1.000,3.000,0.000,0.000,97.000,0,0,0
B3_zmq_pushpull,zmq_tcp,none,none,,1,23670,512,584,1785153460130599000,1785153460130599000,1785153460130599000,1785153460130600000,1785153460130779000,1785153460130787000,1785153460130787000,1785153460130787000,121932490,121652369,-101.121,0.000,0.000,1.000,8.000,0.000,0.000,1.000,0,0,0
B3_zmq_pushpull,zmq_tcp,none,none,,1,23671,512,584,1785153460131596000,1785153460131596000,1785153460131596000,1785153460131597000,1785153460131766000,1785153460131769000,1785153460131769000,1785153460131769000,121932490,121652369,-111.121,0.000,0.000,1.000,3.000,0.000,0.000,10.000,0,0,0
B3_zmq_pushpull,zmq_tcp,none,none,,1,23672,512,584,1785153460132468000,1785153460132469000,1785153460132469000,1785153460132470000,1785153460132611000,1785153460132614000,1785153460132614000,1785153460132614000,121932490,121652369,-139.121,1.000,0.000,1.000,3.000,0.000,0.000,28.000,0,0,0
B3_zmq_pushpull,zmq_tcp,none,none,,1,23673,512,584,1785153460133629000,1785153460133629000,1785153460133629000,1785153460133630000,1785153460133718000,1785153460133721000,1785153460133721000,1785153460133721000,121932490,121652369,-192.121,0.000,0.000,1.000,3.000,0.000,0.000,53.000,0,0,0
B3_zmq_pushpull,zmq_tcp,none,none,,1,23674,512,584,1785153460134586000,1785153460134587000,1785153460134587000,1785153460134588000,1785153460134711000,1785153460134715000,1785153460134715000,1785153460134715000,121932490,121652369,-157.121,1.000,0.000,1.000,4.000,0.000,0.000,35.000,0,0,0
B3_zmq_pushpull,zmq_tcp,none,none,,1,23675,512,584,1785153460135600000,1785153460135600000,1785153460135600000,1785153460135601000,1785153460135683000,1785153460135686000,1785153460135686000,1785153460135686000,121932490,121652369,-198.121,0.000,0.000,1.000,3.000,0.000,0.000,41.000,0,0,0
B3_zmq_pushpull,zmq_tcp,none,none,,1,23676,512,584,1785153460136600000,1785153460136600000,1785153460136600000,1785153460136601000,1785153460136669000,1785153460136671000,1785153460136671000,1785153460136671000,121932490,121652369,-212.121,0.000,0.000,1.000,2.000,0.000,0.000,14.000,0,0,0
B3_zmq_pushpull,zmq_tcp,none,none,,1,23677,512,584,1785153460137597000,1785153460137597000,1785153460137597000,1785153460137598000,1785153460137783000,1785153460137786000,1785153460137786000,1785153460137786000,121932490,121652369,-95.121,0.000,0.000,1.000,3.000,0.000,0.000,117.000,0,0,0
B3_zmq_pushpull,zmq_tcp,none,none,,1,23678,512,584,1785153460138599000,1785153460138599000,1785153460138599000,1785153460138600000,1785153460138784000,1785153460138787000,1785153460138787000,1785153460138787000,121932490,121652369,-96.121,0.000,0.000,1.000,3.000,0.000,0.000,1.000,0,0,0
B3_zmq_pushpull,zmq_tcp,none,none,,1,23679,512,584,1785153460139597000,1785153460139598000,1785153460139598000,1785153460139599000,1785153460139642000,1785153460139645000,1785153460139645000,1785153460139646000,121932490,121652369,-237.121,1.000,0.000,1.000,3.000,0.000,1.000,141.000,0,0,0
B3_zmq_pushpull,zmq_tcp,none,none,,1,23680,512,584,1785153460140597000,1785153460140597000,1785153460140597000,1785153460140598000,1785153460140643000,1785153460140647000,1785153460140647000,1785153460140647000,121932490,121652369,-235.121,0.000,0.000,1.000,4.000,0.000,0.000,2.000,0,0,0
B3_zmq_pushpull,zmq_tcp,none,none,,1,23681,512,584,1785153460141597000,1785153460141597000,1785153460141597000,1785153460141598000,1785153460141765000,1785153460141768000,1785153460141768000,1785153460141768000,121932490,121652369,-113.121,0.000,0.000,1.000,3.000,0.000,0.000,122.000,0,0,0
B3_zmq_pushpull,zmq_tcp,none,none,,1,23682,512,584,1785153460142456000,1785153460142456000,1785153460142456000,1785153460142457000,1785153460142606000,1785153460142608000,1785153460142608000,1785153460142608000,121932490,121652369,-131.121,0.000,0.000,1.000,2.000,0.000,0.000,18.000,0,0,0
B3_zmq_pushpull,zmq_tcp,none,none,,1,23683,512,584,1785153460143633000,1785153460143633000,1785153460143633000,1785153460143634000,1785153460143704000,1785153460143707000,1785153460143707000,1785153460143707000,121932490,121652369,-210.121,0.000,0.000,1.000,3.000,0.000,0.000,79.000,0,0,0
B3_zmq_pushpull,zmq_tcp,none,none,,1,23684,512,584,1785153460144591000,1785153460144591000,1785153460144591000,1785153460144592000,1785153460144685000,1785153460144687000,1785153460144687000,1785153460144687000,121932490,121652369,-187.121,0.000,0.000,1.000,2.000,0.000,0.000,23.000,0,0,0
B3_zmq_pushpull,zmq_tcp,none,none,,1,23685,512,584,1785153460145600000,1785153460145600000,1785153460145600000,1785153460145601000,1785153460145670000,1785153460145673000,1785153460145673000,1785153460145673000,121932490,121652369,-211.121,0.000,0.000,1.000,3.000,0.000,0.000,24.000,0,0,0
B3_zmq_pushpull,zmq_tcp,none,none,,1,23686,512,584,1785153460146512000,1785153460146512000,1785153460146512000,1785153460146513000,1785153460146654000,1785153460146657000,1785153460146657000,1785153460146657000,121932490,121652369,-139.121,0.000,0.000,1.000,3.000,0.000,0.000,72.000,0,0,0
B3_zmq_pushpull,zmq_tcp,none,none,,1,23687,512,584,1785153460147619000,1785153460147619000,1785153460147619000,1785153460147620000,1785153460147770000,1785153460147773000,1785153460147773000,1785153460147773000,121932490,121652369,-130.121,0.000,0.000,1.000,3.000,0.000,0.000,9.000,0,0,0
B3_zmq_pushpull,zmq_tcp,none,none,,1,23688,512,584,1785153460148593000,1785153460148593000,1785153460148593000,1785153460148594000,1785153460148765000,1785153460148768000,1785153460148768000,1785153460148768000,121932490,121652369,-109.121,0.000,0.000,1.000,3.000,0.000,0.000,21.000,0,0,0
B3_zmq_pushpull,zmq_tcp,none,none,,1,23689,512,584,1785153460149598000,1785153460149599000,1785153460149599000,1785153460149600000,1785153460149761000,1785153460149763000,1785153460149763000,1785153460149763000,121932490,121652369,-119.121,1.000,0.000,1.000,2.000,0.000,0.000,10.000,0,0,0
B3_zmq_pushpull,zmq_tcp,none,none,,1,23690,512,584,1785153460150600000,1785153460150600000,1785153460150600000,1785153460150601000,1785153460150755000,1785153460150758000,1785153460150758000,1785153460150758000,121932490,121652369,-126.121,0.000,0.000,1.000,3.000,0.000,0.000,7.000,0,0,0
B3_zmq_pushpull,zmq_tcp,none,none,,1,23691,512,584,1785153460151597000,1785153460151597000,1785153460151597000,1785153460151598000,1785153460151757000,1785153460151759000,1785153460151759000,1785153460151759000,121932490,121652369,-121.121,0.000,0.000,1.000,2.000,0.000,0.000,5.000,0,0,0
B3_zmq_pushpull,zmq_tcp,none,none,,1,23692,512,584,1785153460152597000,1785153460152597000,1785153460152597000,1785153460152598000,1785153460152734000,1785153460152737000,1785153460152737000,1785153460152737000,121932490,121652369,-144.121,0.000,0.000,1.000,3.000,0.000,0.000,23.000,0,0,0
B3_zmq_pushpull,zmq_tcp,none,none,,1,23693,512,584,1785153460153598000,1785153460153599000,1785153460153599000,1785153460153600000,1785153460153696000,1785153460153699000,1785153460153699000,1785153460153699000,121932490,121652369,-184.121,1.000,0.000,1.000,3.000,0.000,0.000,40.000,0,0,0
B3_zmq_pushpull,zmq_tcp,none,none,,1,23694,512,584,1785153460154594000,1785153460154594000,1785153460154595000,1785153460154595000,1785153460154671000,1785153460154674000,1785153460154674000,1785153460154674000,121932490,121652369,-204.121,0.000,1.000,0.000,3.000,0.000,0.000,20.000,0,0,0
B3_zmq_pushpull,zmq_tcp,none,none,,1,23695,512,584,1785153460155600000,1785153460155600000,1785153460155600000,1785153460155601000,1785153460155639000,1785153460155642000,1785153460155642000,1785153460155642000,121932490,121652369,-242.121,0.000,0.000,1.000,3.000,0.000,0.000,38.000,0,0,0
B3_zmq_pushpull,zmq_tcp,none,none,,1,23696,512,584,1785153460156598000,1785153460156598000,1785153460156598000,1785153460156599000,1785153460156750000,1785153460156753000,1785153460156753000,1785153460156753000,121932490,121652369,-129.121,0.000,0.000,1.000,3.000,0.000,0.000,113.000,0,0,0
B3_zmq_pushpull,zmq_tcp,none,none,,1,23697,512,584,1785153460157598000,1785153460157598000,1785153460157598000,1785153460157599000,1785153460157743000,1785153460157746000,1785153460157746000,1785153460157746000,121932490,121652369,-136.121,0.000,0.000,1.000,3.000,0.000,0.000,7.000,0,0,0
B3_zmq_pushpull,zmq_tcp,none,none,,1,23698,512,584,1785153460158594000,1785153460158595000,1785153460158595000,1785153460158596000,1785153460158734000,1785153460158737000,1785153460158737000,1785153460158737000,121932490,121652369,-142.121,1.000,0.000,1.000,3.000,0.000,0.000,6.000,0,0,0
B3_zmq_pushpull,zmq_tcp,none,none,,1,23699,512,584,1785153460159599000,1785153460159599000,1785153460159599000,1785153460159600000,1785153460159716000,1785153460159718000,1785153460159718000,1785153460159719000,121932490,121652369,-164.121,0.000,0.000,1.000,2.000,0.000,1.000,22.000,0,0,0
B3_zmq_pushpull,zmq_tcp,none,none,,1,23700,512,584,1785153460160597000,1785153460160597000,1785153460160597000,1785153460160598000,1785153460160705000,1785153460160707000,1785153460160707000,1785153460160707000,121932490,121652369,-173.121,0.000,0.000,1.000,2.000,0.000,0.000,9.000,0,0,0
B3_zmq_pushpull,zmq_tcp,none,none,,1,23701,512,584,1785153460161527000,1785153460161528000,1785153460161528000,1785153460161529000,1785153460161668000,1785153460161671000,1785153460161671000,1785153460161671000,121932490,121652369,-141.121,1.000,0.000,1.000,3.000,0.000,0.000,32.000,0,0,0
B3_zmq_pushpull,zmq_tcp,none,none,,1,23702,512,584,1785153460162612000,1785153460162612000,1785153460162612000,1785153460162613000,1785153460162664000,1785153460162667000,1785153460162667000,1785153460162667000,121932490,121652369,-229.121,0.000,0.000,1.000,3.000,0.000,0.000,88.000,0,0,0
B3_zmq_pushpull,zmq_tcp,none,none,,1,23703,512,584,1785153460163598000,1785153460163598000,1785153460163598000,1785153460163599000,1785153460163665000,1785153460163668000,1785153460163668000,1785153460163668000,121932490,121652369,-214.121,0.000,0.000,1.000,3.000,0.000,0.000,15.000,0,0,0
B3_zmq_pushpull,zmq_tcp,none,none,,1,23704,512,584,1785153460164597000,1785153460164597000,1785153460164597000,1785153460164598000,1785153460164812000,1785153460164814000,1785153460164814000,1785153460164814000,121932490,121652369,-66.121,0.000,0.000,1.000,2.000,0.000,0.000,148.000,0,0,0
B3_zmq_pushpull,zmq_tcp,none,none,,1,23705,512,584,1785153460165597000,1785153460165597000,1785153460165597000,1785153460165598000,1785153460165774000,1785153460165777000,1785153460165777000,1785153460165777000,121932490,121652369,-104.121,0.000,0.000,1.000,3.000,0.000,0.000,38.000,0,0,0
B3_zmq_pushpull,zmq_tcp,none,none,,1,23706,512,584,1785153460166597000,1785153460166597000,1785153460166597000,1785153460166598000,1785153460166762000,1785153460166765000,1785153460166765000,1785153460166765000,121932490,121652369,-116.121,0.000,0.000,1.000,3.000,0.000,0.000,12.000,0,0,0
B3_zmq_pushpull,zmq_tcp,none,none,,1,23707,512,584,1785153460167597000,1785153460167597000,1785153460167597000,1785153460167598000,1785153460167768000,1785153460167770000,1785153460167770000,1785153460167770000,121932490,121652369,-110.121,0.000,0.000,1.000,2.000,0.000,0.000,6.000,0,0,0
B3_zmq_pushpull,zmq_tcp,none,none,,1,23708,512,584,1785153460168598000,1785153460168598000,1785153460168598000,1785153460168599000,1785153460168757000,1785153460168760000,1785153460168760000,1785153460168760000,121932490,121652369,-122.121,0.000,0.000,1.000,3.000,0.000,0.000,12.000,0,0,0
B3_zmq_pushpull,zmq_tcp,none,none,,1,23709,512,584,1785153460169450000,1785153460169450000,1785153460169450000,1785153460169451000,1785153460169612000,1785153460169614000,1785153460169614000,1785153460169614000,121932490,121652369,-119.121,0.000,0.000,1.000,2.000,0.000,0.000,3.000,0,0,0
B3_zmq_pushpull,zmq_tcp,none,none,,1,23710,512,584,1785153460170636000,1785153460170636000,1785153460170637000,1785153460170637000,1785153460170750000,1785153460170753000,1785153460170753000,1785153460170753000,121932490,121652369,-167.121,0.000,1.000,0.000,3.000,0.000,0.000,48.000,0,0,0
B3_zmq_pushpull,zmq_tcp,none,none,,1,23711,512,584,1785153460171591000,1785153460171591000,1785153460171591000,1785153460171592000,1785153460171716000,1785153460171719000,1785153460171719000,1785153460171719000,121932490,121652369,-156.121,0.000,0.000,1.000,3.000,0.000,0.000,11.000,0,0,0
B3_zmq_pushpull,zmq_tcp,none,none,,1,23712,512,584,1785153460172600000,1785153460172600000,1785153460172600000,1785153460172601000,1785153460172681000,1785153460172684000,1785153460172684000,1785153460172684000,121932490,121652369,-200.121,0.000,0.000,1.000,3.000,0.000,0.000,44.000,0,0,0
B3_zmq_pushpull,zmq_tcp,none,none,,1,23713,512,584,1785153460173598000,1785153460173598000,1785153460173598000,1785153460173599000,1785153460173670000,1785153460173673000,1785153460173673000,1785153460173673000,121932490,121652369,-209.121,0.000,0.000,1.000,3.000,0.000,0.000,9.000,0,0,0
B3_zmq_pushpull,zmq_tcp,none,none,,1,23714,512,584,1785153460174599000,1785153460174599000,1785153460174599000,1785153460174600000,1785153460174673000,1785153460174676000,1785153460174676000,1785153460174676000,121932490,121652369,-207.121,0.000,0.000,1.000,3.000,0.000,0.000,2.000,0,0,0
B3_zmq_pushpull,zmq_tcp,none,none,,1,23715,512,584,1785153460175600000,1785153460175600000,1785153460175600000,1785153460175601000,1785153460175662000,1785153460175665000,1785153460175665000,1785153460175665000,121932490,121652369,-219.121,0.000,0.000,1.000,3.000,0.000,0.000,12.000,0,0,0
B3_zmq_pushpull,zmq_tcp,none,none,,1,23716,512,584,1785153460176597000,1785153460176598000,1785153460176598000,1785153460176599000,1785153460176792000,1785153460176794000,1785153460176794000,1785153460176794000,121932490,121652369,-87.121,1.000,0.000,1.000,2.000,0.000,0.000,132.000,0,0,0
B3_zmq_pushpull,zmq_tcp,none,none,,1,23717,512,584,1785153460177597000,1785153460177597000,1785153460177597000,1785153460177598000,1785153460177784000,1785153460177786000,1785153460177786000,1785153460177786000,121932490,121652369,-94.121,0.000,0.000,1.000,2.000,0.000,0.000,7.000,0,0,0
B3_zmq_pushpull,zmq_tcp,none,none,,1,23718,512,584,1785153460178602000,1785153460178602000,1785153460178602000,1785153460178603000,1785153460178776000,1785153460178778000,1785153460178778000,1785153460178778000,121932490,121652369,-107.121,0.000,0.000,1.000,2.000,0.000,0.000,13.000,0,0,0
B3_zmq_pushpull,zmq_tcp,none,none,,1,23719,512,584,1785153460179599000,1785153460179599000,1785153460179599000,1785153460179600000,1785153460179767000,1785153460179770000,1785153460179770000,1785153460179770000,121932490,121652369,-113.121,0.000,0.000,1.000,3.000,0.000,0.000,6.000,0,0,0
B3_zmq_pushpull,zmq_tcp,none,none,,1,23720,512,584,1785153460180596000,1785153460180596000,1785153460180596000,1785153460180597000,1785153460180753000,1785153460180756000,1785153460180756000,1785153460180756000,121932490,121652369,-124.121,0.000,0.000,1.000,3.000,0.000,0.000,11.000,0,0,0
B3_zmq_pushpull,zmq_tcp,none,none,,1,23721,512,584,1785153460181599000,1785153460181599000,1785153460181599000,1785153460181600000,1785153460181747000,1785153460181750000,1785153460181750000,1785153460181750000,121932490,121652369,-133.121,0.000,0.000,1.000,3.000,0.000,0.000,9.000,0,0,0
B3_zmq_pushpull,zmq_tcp,none,none,,1,23722,512,584,1785153460182597000,1785153460182597000,1785153460182597000,1785153460182598000,1785153460182726000,1785153460182729000,1785153460182729000,1785153460182729000,121932490,121652369,-152.121,0.000,0.000,1.000,3.000,0.000,0.000,19.000,0,0,0
B3_zmq_pushpull,zmq_tcp,none,none,,1,23723,512,584,1785153460183597000,1785153460183597000,1785153460183598000,1785153460183598000,1785153460183712000,1785153460183714000,1785153460183714000,1785153460183714000,121932490,121652369,-166.121,0.000,1.000,0.000,2.000,0.000,0.000,14.000,0,0,0
B3_zmq_pushpull,zmq_tcp,none,none,,1,23724,512,584,1785153460184597000,1785153460184598000,1785153460184598000,1785153460184599000,1785153460184704000,1785153460184708000,1785153460184708000,1785153460184708000,121932490,121652369,-175.121,1.000,0.000,1.000,4.000,0.000,0.000,9.000,0,0,0
B3_zmq_pushpull,zmq_tcp,none,none,,1,23725,512,584,1785153460185597000,1785153460185598000,1785153460185598000,1785153460185599000,1785153460185694000,1785153460185697000,1785153460185697000,1785153460185697000,121932490,121652369,-185.121,1.000,0.000,1.000,3.000,0.000,0.000,10.000,0,0,0
B3_zmq_pushpull,zmq_tcp,none,none,,1,23726,512,584,1785153460186598000,1785153460186598000,1785153460186598000,1785153460186599000,1785153460186663000,1785153460186666000,1785153460186666000,1785153460186666000,121932490,121652369,-216.121,0.000,0.000,1.000,3.000,0.000,0.000,31.000,0,0,0
B3_zmq_pushpull,zmq_tcp,none,none,,1,23727,512,584,1785153460187597000,1785153460187597000,1785153460187598000,1785153460187598000,1785153460187656000,1785153460187658000,1785153460187658000,1785153460187658000,121932490,121652369,-222.121,0.000,1.000,0.000,2.000,0.000,0.000,6.000,0,0,0
B3_zmq_pushpull,zmq_tcp,none,none,,1,23728,512,584,1785153460188597000,1785153460188597000,1785153460188598000,1785153460188598000,1785153460188649000,1785153460188653000,1785153460188653000,1785153460188653000,121932490,121652369,-229.121,0.000,1.000,0.000,4.000,0.000,0.000,7.000,0,0,0
B3_zmq_pushpull,zmq_tcp,none,none,,1,23729,512,584,1785153460189597000,1785153460189597000,1785153460189598000,1785153460189598000,1785153460189641000,1785153460189644000,1785153460189644000,1785153460189644000,121932490,121652369,-237.121,0.000,1.000,0.000,3.000,0.000,0.000,8.000,0,0,0
B3_zmq_pushpull,zmq_tcp,none,none,,1,23730,512,584,1785153460190598000,1785153460190598000,1785153460190598000,1785153460190599000,1785153460190763000,1785153460190766000,1785153460190766000,1785153460190766000,121932490,121652369,-116.121,0.000,0.000,1.000,3.000,0.000,0.000,121.000,0,0,0
B3_zmq_pushpull,zmq_tcp,none,none,,1,23731,512,584,1785153460191598000,1785153460191598000,1785153460191598000,1785153460191599000,1785153460191748000,1785153460191751000,1785153460191751000,1785153460191751000,121932490,121652369,-131.121,0.000,0.000,1.000,3.000,0.000,0.000,15.000,0,0,0
B3_zmq_pushpull,zmq_tcp,none,none,,1,23732,512,584,1785153460192595000,1785153460192596000,1785153460192596000,1785153460192597000,1785153460192745000,1785153460192748000,1785153460192748000,1785153460192748000,121932490,121652369,-132.121,1.000,0.000,1.000,3.000,0.000,0.000,1.000,0,0,0
B3_zmq_pushpull,zmq_tcp,none,none,,1,23733,512,584,1785153460193599000,1785153460193599000,1785153460193599000,1785153460193600000,1785153460193736000,1785153460193738000,1785153460193738000,1785153460193738000,121932490,121652369,-144.121,0.000,0.000,1.000,2.000,0.000,0.000,12.000,0,0,0
B3_zmq_pushpull,zmq_tcp,none,none,,1,23734,512,584,1785153460194597000,1785153460194597000,1785153460194598000,1785153460194598000,1785153460194720000,1785153460194722000,1785153460194722000,1785153460194722000,121932490,121652369,-158.121,0.000,1.000,0.000,2.000,0.000,0.000,14.000,0,0,0
B3_zmq_pushpull,zmq_tcp,none,none,,1,23735,512,584,1785153460195598000,1785153460195598000,1785153460195598000,1785153460195599000,1785153460195696000,1785153460195699000,1785153460195699000,1785153460195699000,121932490,121652369,-183.121,0.000,0.000,1.000,3.000,0.000,0.000,25.000,0,0,0
B3_zmq_pushpull,zmq_tcp,none,none,,1,23736,512,584,1785153460196596000,1785153460196596000,1785153460196596000,1785153460196597000,1785153460196686000,1785153460196689000,1785153460196689000,1785153460196689000,121932490,121652369,-191.121,0.000,0.000,1.000,3.000,0.000,0.000,8.000,0,0,0
B3_zmq_pushpull,zmq_tcp,none,none,,1,23737,512,584,1785153460197600000,1785153460197600000,1785153460197600000,1785153460197601000,1785153460197654000,1785153460197657000,1785153460197657000,1785153460197657000,121932490,121652369,-227.121,0.000,0.000,1.000,3.000,0.000,0.000,36.000,0,0,0
B3_zmq_pushpull,zmq_tcp,none,none,,1,23738,512,584,1785153460198598000,1785153460198598000,1785153460198598000,1785153460198599000,1785153460198770000,1785153460198773000,1785153460198773000,1785153460198773000,121932490,121652369,-109.121,0.000,0.000,1.000,3.000,0.000,0.000,118.000,0,0,0
B3_zmq_pushpull,zmq_tcp,none,none,,1,23739,512,584,1785153460199598000,1785153460199598000,1785153460199598000,1785153460199599000,1785153460199739000,1785153460199742000,1785153460199742000,1785153460199742000,121932490,121652369,-140.121,0.000,0.000,1.000,3.000,0.000,0.000,31.000,0,0,0
B3_zmq_pushpull,zmq_tcp,none,none,,1,23740,512,584,1785153460200595000,1785153460200595000,1785153460200595000,1785153460200596000,1785153460200740000,1785153460200743000,1785153460200743000,1785153460200743000,121932490,121652369,-136.121,0.000,0.000,1.000,3.000,0.000,0.000,4.000,0,0,0
B3_zmq_pushpull,zmq_tcp,none,none,,1,23741,512,584,1785153460201599000,1785153460201600000,1785153460201600000,1785153460201601000,1785153460201708000,1785153460201711000,1785153460201711000,1785153460201711000,121932490,121652369,-173.121,1.000,0.000,1.000,3.000,0.000,0.000,37.000,0,0,0
B3_zmq_pushpull,zmq_tcp,none,none,,1,23742,512,584,1785153460202598000,1785153460202598000,1785153460202598000,1785153460202599000,1785153460202693000,1785153460202696000,1785153460202696000,1785153460202696000,121932490,121652369,-186.121,0.000,0.000,1.000,3.000,0.000,0.000,13.000,0,0,0
B3_zmq_pushpull,zmq_tcp,none,none,,1,23743,512,584,1785153460203598000,1785153460203598000,1785153460203598000,1785153460203599000,1785153460203801000,1785153460203805000,1785153460203805000,1785153460203805000,121932490,121652369,-78.121,0.000,0.000,1.000,4.000,0.000,0.000,108.000,0,0,0
B3_zmq_pushpull,zmq_tcp,none,none,,1,23744,512,584,1785153460204596000,1785153460204596000,1785153460204596000,1785153460204597000,1785153460204780000,1785153460204783000,1785153460204783000,1785153460204783000,121932490,121652369,-97.121,0.000,0.000,1.000,3.000,0.000,0.000,19.000,0,0,0
B3_zmq_pushpull,zmq_tcp,none,none,,1,23745,512,584,1785153460205599000,1785153460205599000,1785153460205599000,1785153460205600000,1785153460205776000,1785153460205779000,1785153460205779000,1785153460205779000,121932490,121652369,-104.121,0.000,0.000,1.000,3.000,0.000,0.000,7.000,0,0,0
B3_zmq_pushpull,zmq_tcp,none,none,,1,23746,512,584,1785153460206597000,1785153460206598000,1785153460206598000,1785153460206599000,1785153460206754000,1785153460206757000,1785153460206757000,1785153460206757000,121932490,121652369,-125.121,1.000,0.000,1.000,3.000,0.000,0.000,21.000,0,0,0
B3_zmq_pushpull,zmq_tcp,none,none,,1,23747,512,584,1785153460207598000,1785153460207598000,1785153460207598000,1785153460207599000,1785153460207727000,1785153460207729000,1785153460207729000,1785153460207729000,121932490,121652369,-152.121,0.000,0.000,1.000,2.000,0.000,0.000,27.000,0,0,0
B3_zmq_pushpull,zmq_tcp,none,none,,1,23748,512,584,1785153460208424000,1785153460208425000,1785153460208425000,1785153460208426000,1785153460208578000,1785153460208581000,1785153460208581000,1785153460208581000,121932490,121652369,-128.121,1.000,0.000,1.000,3.000,0.000,0.000,24.000,0,0,0
B3_zmq_pushpull,zmq_tcp,none,none,,1,23749,512,584,1785153460209417000,1785153460209417000,1785153460209417000,1785153460209418000,1785153460209569000,1785153460209572000,1785153460209572000,1785153460209572000,121932490,121652369,-129.121,0.000,0.000,1.000,3.000,0.000,0.000,1.000,0,0,0
B3_zmq_pushpull,zmq_tcp,none,none,,1,23750,512,584,1785153460210410000,1785153460210410000,1785153460210410000,1785153460210411000,1785153460210549000,1785153460210552000,1785153460210552000,1785153460210552000,121932490,121652369,-142.121,0.000,0.000,1.000,3.000,0.000,0.000,13.000,0,0,0
B3_zmq_pushpull,zmq_tcp,none,none,,1,23751,512,584,1785153460211646000,1785153460211646000,1785153460211646000,1785153460211647000,1785153460211785000,1785153460211788000,1785153460211788000,1785153460211788000,121932490,121652369,-142.121,0.000,0.000,1.000,3.000,0.000,0.000,0.000,0,0,0
B3_zmq_pushpull,zmq_tcp,none,none,,1,23752,512,584,1785153460212583000,1785153460212583000,1785153460212583000,1785153460212584000,1785153460212760000,1785153460212763000,1785153460212763000,1785153460212763000,121932490,121652369,-104.121,0.000,0.000,1.000,3.000,0.000,0.000,38.000,0,0,0
B3_zmq_pushpull,zmq_tcp,none,none,,1,23753,512,584,1785153460213602000,1785153460213602000,1785153460213602000,1785153460213603000,1785153460213744000,1785153460213747000,1785153460213747000,1785153460213747000,121932490,121652369,-139.121,0.000,0.000,1.000,3.000,0.000,0.000,35.000,0,0,0
B3_zmq_pushpull,zmq_tcp,none,none,,1,23754,512,584,1785153460214445000,1785153460214445000,1785153460214445000,1785153460214446000,1785153460214598000,1785153460214601000,1785153460214601000,1785153460214601000,121932490,121652369,-128.121,0.000,0.000,1.000,3.000,0.000,0.000,11.000,0,0,0
B3_zmq_pushpull,zmq_tcp,none,none,,1,23755,512,584,1785153460215435000,1785153460215435000,1785153460215435000,1785153460215436000,1785153460215581000,1785153460215584000,1785153460215584000,1785153460215584000,121932490,121652369,-135.121,0.000,0.000,1.000,3.000,0.000,0.000,7.000,0,0,0
B3_zmq_pushpull,zmq_tcp,none,none,,1,23756,512,584,1785153460216639000,1785153460216639000,1785153460216639000,1785153460216640000,1785153460216807000,1785153460216810000,1785153460216810000,1785153460216810000,121932490,121652369,-113.121,0.000,0.000,1.000,3.000,0.000,0.000,22.000,0,0,0
B3_zmq_pushpull,zmq_tcp,none,none,,1,23757,512,584,1785153460217505000,1785153460217505000,1785153460217505000,1785153460217506000,1785153460217649000,1785153460217652000,1785153460217652000,1785153460217652000,121932490,121652369,-137.121,0.000,0.000,1.000,3.000,0.000,0.000,24.000,0,0,0
B3_zmq_pushpull,zmq_tcp,none,none,,1,23758,512,584,1785153460218622000,1785153460218622000,1785153460218622000,1785153460218623000,1785153460218767000,1785153460218771000,1785153460218771000,1785153460218771000,121932490,121652369,-136.121,0.000,0.000,1.000,4.000,0.000,0.000,1.000,0,0,0
B3_zmq_pushpull,zmq_tcp,none,none,,1,23759,512,584,1785153460219592000,1785153460219593000,1785153460219593000,1785153460219594000,1785153460219745000,1785153460219748000,1785153460219748000,1785153460219748000,121932490,121652369,-129.121,1.000,0.000,1.000,3.000,0.000,0.000,7.000,0,0,0
B3_zmq_pushpull,zmq_tcp,none,none,,1,23760,512,584,1785153460220451000,1785153460220451000,1785153460220451000,1785153460220452000,1785153460220604000,1785153460220606000,1785153460220606000,1785153460220606000,121932490,121652369,-128.121,0.000,0.000,1.000,2.000,0.000,0.000,1.000,0,0,0
B3_zmq_pushpull,zmq_tcp,none,none,,1,23761,512,584,1785153460221424000,1785153460221425000,1785153460221425000,1785153460221426000,1785153460221579000,1785153460221582000,1785153460221582000,1785153460221582000,121932490,121652369,-127.121,1.000,0.000,1.000,3.000,0.000,0.000,1.000,0,0,0
B3_zmq_pushpull,zmq_tcp,none,none,,1,23762,512,584,1785153460222642000,1785153460222643000,1785153460222643000,1785153460222644000,1785153460222702000,1785153460222706000,1785153460222706000,1785153460222706000,121932490,121652369,-222.121,1.000,0.000,1.000,4.000,0.000,0.000,95.000,0,0,0
B3_zmq_pushpull,zmq_tcp,none,none,,1,23763,512,584,1785153460223585000,1785153460223585000,1785153460223585000,1785153460223586000,1785153460223687000,1785153460223690000,1785153460223690000,1785153460223690000,121932490,121652369,-179.121,0.000,0.000,1.000,3.000,0.000,0.000,43.000,0,0,0
B3_zmq_pushpull,zmq_tcp,none,none,,1,23764,512,584,1785153460224602000,1785153460224602000,1785153460224602000,1785153460224603000,1785153460224681000,1785153460224683000,1785153460224683000,1785153460224683000,121932490,121652369,-202.121,0.000,0.000,1.000,2.000,0.000,0.000,23.000,0,0,0
B3_zmq_pushpull,zmq_tcp,none,none,,1,23765,512,584,1785153460225596000,1785153460225596000,1785153460225596000,1785153460225597000,1785153460225686000,1785153460225689000,1785153460225689000,1785153460225689000,121932490,121652369,-191.121,0.000,0.000,1.000,3.000,0.000,0.000,11.000,0,0,0
B3_zmq_pushpull,zmq_tcp,none,none,,1,23766,512,584,1785153460226599000,1785153460226599000,1785153460226599000,1785153460226600000,1785153460226676000,1785153460226679000,1785153460226680000,1785153460226680000,121932490,121652369,-204.121,0.000,0.000,1.000,3.000,1.000,0.000,13.000,0,0,0
B3_zmq_pushpull,zmq_tcp,none,none,,1,23767,512,584,1785153460227595000,1785153460227595000,1785153460227595000,1785153460227596000,1785153460227667000,1785153460227670000,1785153460227670000,1785153460227670000,121932490,121652369,-209.121,0.000,0.000,1.000,3.000,0.000,0.000,5.000,0,0,0
B3_zmq_pushpull,zmq_tcp,none,none,,1,23768,512,584,1785153460228600000,1785153460228600000,1785153460228600000,1785153460228601000,1785153460228653000,1785153460228656000,1785153460228657000,1785153460228657000,121932490,121652369,-228.121,0.000,0.000,1.000,3.000,1.000,0.000,19.000,0,0,0
B3_zmq_pushpull,zmq_tcp,none,none,,1,23769,512,584,1785153460229600000,1785153460229600000,1785153460229600000,1785153460229601000,1785153460229792000,1785153460229795000,1785153460229795000,1785153460229795000,121932490,121652369,-89.121,0.000,0.000,1.000,3.000,0.000,0.000,139.000,0,0,0
B3_zmq_pushpull,zmq_tcp,none,none,,1,23770,512,584,1785153460230598000,1785153460230598000,1785153460230598000,1785153460230599000,1785153460230769000,1785153460230772000,1785153460230772000,1785153460230772000,121932490,121652369,-110.121,0.000,0.000,1.000,3.000,0.000,0.000,21.000,0,0,0
B3_zmq_pushpull,zmq_tcp,none,none,,1,23771,512,584,1785153460231466000,1785153460231466000,1785153460231466000,1785153460231467000,1785153460231617000,1785153460231620000,1785153460231620000,1785153460231620000,121932490,121652369,-130.121,0.000,0.000,1.000,3.000,0.000,0.000,20.000,0,0,0
B3_zmq_pushpull,zmq_tcp,none,none,,1,23772,512,584,1785153460232435000,1785153460232435000,1785153460232435000,1785153460232436000,1785153460232588000,1785153460232590000,1785153460232590000,1785153460232591000,121932490,121652369,-128.121,0.000,0.000,1.000,2.000,0.000,1.000,2.000,0,0,0
B3_zmq_pushpull,zmq_tcp,none,none,,1,23773,512,584,1785153460233639000,1785153460233639000,1785153460233639000,1785153460233640000,1785153460233719000,1785153460233722000,1785153460233722000,1785153460233722000,121932490,121652369,-201.121,0.000,0.000,1.000,3.000,0.000,0.000,73.000,0,0,0
B3_zmq_pushpull,zmq_tcp,none,none,,1,23774,512,584,1785153460234587000,1785153460234587000,1785153460234587000,1785153460234588000,1785153460234711000,1785153460234713000,1785153460234713000,1785153460234713000,121932490,121652369,-157.121,0.000,0.000,1.000,2.000,0.000,0.000,44.000,0,0,0
B3_zmq_pushpull,zmq_tcp,none,none,,1,23775,512,584,1785153460235600000,1785153460235600000,1785153460235600000,1785153460235601000,1785153460235677000,1785153460235680000,1785153460235680000,1785153460235680000,121932490,121652369,-204.121,0.000,0.000,1.000,3.000,0.000,0.000,47.000,0,0,0
B3_zmq_pushpull,zmq_tcp,none,none,,1,23776,512,584,1785153460236599000,1785153460236599000,1785153460236599000,1785153460236600000,1785153460236678000,1785153460236683000,1785153460236683000,1785153460236683000,121932490,121652369,-202.121,0.000,0.000,1.000,5.000,0.000,0.000,2.000,0,0,0
B3_zmq_pushpull,zmq_tcp,none,none,,1,23777,512,584,1785153460237601000,1785153460237601000,1785153460237601000,1785153460237602000,1785153460237667000,1785153460237670000,1785153460237670000,1785153460237670000,121932490,121652369,-215.121,0.000,0.000,1.000,3.000,0.000,0.000,13.000,0,0,0
B3_zmq_pushpull,zmq_tcp,none,none,,1,23778,512,584,1785153460238598000,1785153460238598000,1785153460238598000,1785153460238599000,1785153460238792000,1785153460238795000,1785153460238795000,1785153460238795000,121932490,121652369,-87.121,0.000,0.000,1.000,3.000,0.000,0.000,128.000,0,0,0
B3_zmq_pushpull,zmq_tcp,none,none,,1,23779,512,584,1785153460239599000,1785153460239599000,1785153460239599000,1785153460239600000,1785153460239761000,1785153460239764000,1785153460239764000,1785153460239764000,121932490,121652369,-119.121,0.000,0.000,1.000,3.000,0.000,0.000,32.000,0,0,0
B3_zmq_pushpull,zmq_tcp,none,none,,1,23780,512,584,1785153460240599000,1785153460240599000,1785153460240599000,1785153460240600000,1785153460240744000,1785153460240747000,1785153460240747000,1785153460240747000,121932490,121652369,-136.121,0.000,0.000,1.000,3.000,0.000,0.000,17.000,0,0,0
B3_zmq_pushpull,zmq_tcp,none,none,,1,23781,512,584,1785153460241598000,1785153460241598000,1785153460241598000,1785153460241599000,1785153460241735000,1785153460241737000,1785153460241737000,1785153460241737000,121932490,121652369,-144.121,0.000,0.000,1.000,2.000,0.000,0.000,8.000,0,0,0
B3_zmq_pushpull,zmq_tcp,none,none,,1,23782,512,584,1785153460242597000,1785153460242597000,1785153460242597000,1785153460242598000,1785153460242717000,1785153460242722000,1785153460242722000,1785153460242722000,121932490,121652369,-161.121,0.000,0.000,1.000,5.000,0.000,0.000,17.000,0,0,0
B3_zmq_pushpull,zmq_tcp,none,none,,1,23783,512,584,1785153460243598000,1785153460243598000,1785153460243598000,1785153460243599000,1785153460243685000,1785153460243688000,1785153460243688000,1785153460243688000,121932490,121652369,-194.121,0.000,0.000,1.000,3.000,0.000,0.000,33.000,0,0,0
B3_zmq_pushpull,zmq_tcp,none,none,,1,23784,512,584,1785153460244598000,1785153460244598000,1785153460244598000,1785153460244599000,1785153460244671000,1785153460244673000,1785153460244673000,1785153460244673000,121932490,121652369,-208.121,0.000,0.000,1.000,2.000,0.000,0.000,14.000,0,0,0
B3_zmq_pushpull,zmq_tcp,none,none,,1,23785,512,584,1785153460245598000,1785153460245598000,1785153460245598000,1785153460245599000,1785153460245651000,1785153460245654000,1785153460245654000,1785153460245654000,121932490,121652369,-228.121,0.000,0.000,1.000,3.000,0.000,0.000,20.000,0,0,0
B3_zmq_pushpull,zmq_tcp,none,none,,1,23786,512,584,1785153460246502000,1785153460246502000,1785153460246502000,1785153460246504000,1785153460246644000,1785153460246647000,1785153460246647000,1785153460246647000,121932490,121652369,-140.121,0.000,0.000,2.000,3.000,0.000,0.000,88.000,0,0,0
B3_zmq_pushpull,zmq_tcp,none,none,,1,23787,512,584,1785153460247622000,1785153460247622000,1785153460247622000,1785153460247623000,1785153460247785000,1785153460247788000,1785153460247788000,1785153460247788000,121932490,121652369,-118.121,0.000,0.000,1.000,3.000,0.000,0.000,22.000,0,0,0
B3_zmq_pushpull,zmq_tcp,none,none,,1,23788,512,584,1785153460248597000,1785153460248597000,1785153460248597000,1785153460248598000,1785153460248771000,1785153460248773000,1785153460248773000,1785153460248773000,121932490,121652369,-107.121,0.000,0.000,1.000,2.000,0.000,0.000,11.000,0,0,0
B3_zmq_pushpull,zmq_tcp,none,none,,1,23789,512,584,1785153460249471000,1785153460249471000,1785153460249471000,1785153460249472000,1785153460249632000,1785153460249635000,1785153460249635000,1785153460249635000,121932490,121652369,-120.121,0.000,0.000,1.000,3.000,0.000,0.000,13.000,0,0,0
B3_zmq_pushpull,zmq_tcp,none,none,,1,23790,512,584,1785153460250630000,1785153460250630000,1785153460250630000,1785153460250631000,1785153460250736000,1785153460250739000,1785153460250739000,1785153460250739000,121932490,121652369,-175.121,0.000,0.000,1.000,3.000,0.000,0.000,55.000,0,0,0
B3_zmq_pushpull,zmq_tcp,none,none,,1,23791,512,584,1785153460251590000,1785153460251590000,1785153460251590000,1785153460251591000,1785153460251711000,1785153460251713000,1785153460251713000,1785153460251713000,121932490,121652369,-160.121,0.000,0.000,1.000,2.000,0.000,0.000,15.000,0,0,0
B3_zmq_pushpull,zmq_tcp,none,none,,1,23792,512,584,1785153460252414000,1785153460252414000,1785153460252414000,1785153460252416000,1785153460252555000,1785153460252558000,1785153460252558000,1785153460252558000,121932490,121652369,-141.121,0.000,0.000,2.000,3.000,0.000,0.000,19.000,0,0,0
B3_zmq_pushpull,zmq_tcp,none,none,,1,23793,512,584,1785153460253647000,1785153460253648000,1785153460253648000,1785153460253649000,1785153460253835000,1785153460253837000,1785153460253837000,1785153460253837000,121932490,121652369,-94.121,1.000,0.000,1.000,2.000,0.000,0.000,47.000,0,0,0
B3_zmq_pushpull,zmq_tcp,none,none,,1,23794,512,584,1785153460254409000,1785153460254409000,1785153460254409000,1785153460254410000,1785153460254553000,1785153460254556000,1785153460254556000,1785153460254556000,121932490,121652369,-137.121,0.000,0.000,1.000,3.000,0.000,0.000,43.000,0,0,0
B3_zmq_pushpull,zmq_tcp,none,none,,1,23795,512,584,1785153460255519000,1785153460255519000,1785153460255520000,1785153460255520000,1785153460255681000,1785153460255684000,1785153460255684000,1785153460255684000,121932490,121652369,-119.121,0.000,1.000,0.000,3.000,0.000,0.000,18.000,0,0,0
B3_zmq_pushpull,zmq_tcp,none,none,,1,23796,512,584,1785153460256620000,1785153460256620000,1785153460256620000,1785153460256621000,1785153460256780000,1785153460256784000,1785153460256784000,1785153460256784000,121932490,121652369,-121.121,0.000,0.000,1.000,4.000,0.000,0.000,2.000,0,0,0
B3_zmq_pushpull,zmq_tcp,none,none,,1,23797,512,584,1785153460257497000,1785153460257497000,1785153460257497000,1785153460257499000,1785153460257640000,1785153460257643000,1785153460257643000,1785153460257643000,121932490,121652369,-139.121,0.000,0.000,2.000,3.000,0.000,0.000,18.000,0,0,0
B3_zmq_pushpull,zmq_tcp,none,none,,1,23798,512,584,1785153460258623000,1785153460258623000,1785153460258624000,1785153460258624000,1785153460258769000,1785153460258772000,1785153460258772000,1785153460258772000,121932490,121652369,-135.121,0.000,1.000,0.000,3.000,0.000,0.000,4.000,0,0,0
B3_zmq_pushpull,zmq_tcp,none,none,,1,23799,512,584,1785153460259593000,1785153460259593000,1785153460259593000,1785153460259594000,1785153460259759000,1785153460259762000,1785153460259762000,1785153460259762000,121932490,121652369,-115.121,0.000,0.000,1.000,3.000,0.000,0.000,20.000,0,0,0
B3_zmq_pushpull,zmq_tcp,none,none,,1,23800,512,584,1785153460260476000,1785153460260476000,1785153460260476000,1785153460260477000,1785153460260627000,1785153460260630000,1785153460260630000,1785153460260630000,121932490,121652369,-130.121,0.000,0.000,1.000,3.000,0.000,0.000,15.000,0,0,0
B3_zmq_pushpull,zmq_tcp,none,none,,1,23801,512,584,1785153460261479000,1785153460261479000,1785153460261479000,1785153460261480000,1785153460261636000,1785153460261640000,1785153460261640000,1785153460261640000,121932490,121652369,-124.121,0.000,0.000,1.000,4.000,0.000,0.000,6.000,0,0,0
B3_zmq_pushpull,zmq_tcp,none,none,,1,23802,512,584,1785153460262473000,1785153460262473000,1785153460262473000,1785153460262474000,1785153460262633000,1785153460262636000,1785153460262636000,1785153460262636000,121932490,121652369,-121.121,0.000,0.000,1.000,3.000,0.000,0.000,3.000,0,0,0
B3_zmq_pushpull,zmq_tcp,none,none,,1,23803,512,584,1785153460263630000,1785153460263630000,1785153460263630000,1785153460263631000,1785153460263749000,1785153460263752000,1785153460263752000,1785153460263752000,121932490,121652369,-162.121,0.000,0.000,1.000,3.000,0.000,0.000,41.000,0,0,0
B3_zmq_pushpull,zmq_tcp,none,none,,1,23804,512,584,1785153460264591000,1785153460264591000,1785153460264591000,1785153460264592000,1785153460264741000,1785153460264744000,1785153460264744000,1785153460264744000,121932490,121652369,-131.121,0.000,0.000,1.000,3.000,0.000,0.000,31.000,0,0,0
B3_zmq_pushpull,zmq_tcp,none,none,,1,23805,512,584,1785153460265596000,1785153460265596000,1785153460265597000,1785153460265598000,1785153460265717000,1785153460265721000,1785153460265721000,1785153460265721000,121932490,121652369,-161.121,0.000,1.000,1.000,4.000,0.000,0.000,30.000,0,0,0
B3_zmq_pushpull,zmq_tcp,none,none,,1,23806,512,584,1785153460266601000,1785153460266601000,1785153460266601000,1785153460266602000,1785153460266705000,1785153460266708000,1785153460266708000,1785153460266708000,121932490,121652369,-177.121,0.000,0.000,1.000,3.000,0.000,0.000,16.000,0,0,0
B3_zmq_pushpull,zmq_tcp,none,none,,1,23807,512,584,1785153460267599000,1785153460267599000,1785153460267599000,1785153460267600000,1785153460267681000,1785153460267684000,1785153460267684000,1785153460267684000,121932490,121652369,-199.121,0.000,0.000,1.000,3.000,0.000,0.000,22.000,0,0,0
B3_zmq_pushpull,zmq_tcp,none,none,,1,23808,512,584,1785153460268598000,1785153460268598000,1785153460268598000,1785153460268599000,1785153460268664000,1785153460268667000,1785153460268667000,1785153460268667000,121932490,121652369,-215.121,0.000,0.000,1.000,3.000,0.000,0.000,16.000,0,0,0
B3_zmq_pushpull,zmq_tcp,none,none,,1,23809,512,584,1785153460269600000,1785153460269600000,1785153460269600000,1785153460269601000,1785153460269779000,1785153460269781000,1785153460269781000,1785153460269781000,121932490,121652369,-102.121,0.000,0.000,1.000,2.000,0.000,0.000,113.000,0,0,0
B3_zmq_pushpull,zmq_tcp,none,none,,1,23810,512,584,1785153460270598000,1785153460270598000,1785153460270598000,1785153460270599000,1785153460270773000,1785153460270776000,1785153460270776000,1785153460270776000,121932490,121652369,-106.121,0.000,0.000,1.000,3.000,0.000,0.000,4.000,0,0,0
B3_zmq_pushpull,zmq_tcp,none,none,,1,23811,512,584,1785153460271598000,1785153460271598000,1785153460271598000,1785153460271599000,1785153460271772000,1785153460271775000,1785153460271775000,1785153460271775000,121932490,121652369,-107.121,0.000,0.000,1.000,3.000,0.000,0.000,1.000,0,0,0
B3_zmq_pushpull,zmq_tcp,none,none,,1,23812,512,584,1785153460272465000,1785153460272465000,1785153460272465000,1785153460272466000,1785153460272619000,1785153460272622000,1785153460272622000,1785153460272622000,121932490,121652369,-127.121,0.000,0.000,1.000,3.000,0.000,0.000,20.000,0,0,0
B3_zmq_pushpull,zmq_tcp,none,none,,1,23813,512,584,1785153460273444000,1785153460273444000,1785153460273444000,1785153460273445000,1785153460273599000,1785153460273601000,1785153460273601000,1785153460273601000,121932490,121652369,-126.121,0.000,0.000,1.000,2.000,0.000,0.000,1.000,0,0,0
B3_zmq_pushpull,zmq_tcp,none,none,,1,23814,512,584,1785153460274639000,1785153460274639000,1785153460274639000,1785153460274640000,1785153460274703000,1785153460274706000,1785153460274706000,1785153460274706000,121932490,121652369,-217.121,0.000,0.000,1.000,3.000,0.000,0.000,91.000,0,0,0
B3_zmq_pushpull,zmq_tcp,none,none,,1,23815,512,584,1785153460275583000,1785153460275583000,1785153460275583000,1785153460275584000,1785153460275680000,1785153460275683000,1785153460275683000,1785153460275683000,121932490,121652369,-184.121,0.000,0.000,1.000,3.000,0.000,0.000,33.000,0,0,0
B3_zmq_pushpull,zmq_tcp,none,none,,1,23816,512,584,1785153460276604000,1785153460276604000,1785153460276604000,1785153460276605000,1785153460276684000,1785153460276688000,1785153460276688000,1785153460276688000,121932490,121652369,-201.121,0.000,0.000,1.000,4.000,0.000,0.000,17.000,0,0,0
B3_zmq_pushpull,zmq_tcp,none,none,,1,23817,512,584,1785153460277596000,1785153460277597000,1785153460277597000,1785153460277598000,1785153460277667000,1785153460277671000,1785153460277671000,1785153460277671000,121932490,121652369,-211.121,1.000,0.000,1.000,4.000,0.000,0.000,10.000,0,0,0
B3_zmq_pushpull,zmq_tcp,none,none,,1,23818,512,584,1785153460278599000,1785153460278600000,1785153460278600000,1785153460278601000,1785153460278671000,1785153460278674000,1785153460278674000,1785153460278674000,121932490,121652369,-210.121,1.000,0.000,1.000,3.000,0.000,0.000,1.000,0,0,0
B3_zmq_pushpull,zmq_tcp,none,none,,1,23819,512,584,1785153460279598000,1785153460279598000,1785153460279598000,1785153460279599000,1785153460279788000,1785153460279791000,1785153460279791000,1785153460279791000,121932490,121652369,-91.121,0.000,0.000,1.000,3.000,0.000,0.000,119.000,0,0,0
B3_zmq_pushpull,zmq_tcp,none,none,,1,23820,512,584,1785153460280601000,1785153460280601000,1785153460280601000,1785153460280602000,1785153460280772000,1785153460280775000,1785153460280775000,1785153460280775000,121932490,121652369,-110.121,0.000,0.000,1.000,3.000,0.000,0.000,19.000,0,0,0
B3_zmq_pushpull,zmq_tcp,none,none,,1,23821,512,584,1785153460281598000,1785153460281598000,1785153460281598000,1785153460281599000,1785153460281764000,1785153460281767000,1785153460281767000,1785153460281767000,121932490,121652369,-115.121,0.000,0.000,1.000,3.000,0.000,0.000,5.000,0,0,0
B3_zmq_pushpull,zmq_tcp,none,none,,1,23822,512,584,1785153460282600000,1785153460282601000,1785153460282601000,1785153460282602000,1785153460282729000,1785153460282732000,1785153460282732000,1785153460282732000,121932490,121652369,-153.121,1.000,0.000,1.000,3.000,0.000,0.000,38.000,0,0,0
B3_zmq_pushpull,zmq_tcp,none,none,,1,23823,512,584,1785153460283595000,1785153460283595000,1785153460283595000,1785153460283596000,1785153460283723000,1785153460283725000,1785153460283725000,1785153460283725000,121932490,121652369,-153.121,0.000,0.000,1.000,2.000,0.000,0.000,0.000,0,0,0
B3_zmq_pushpull,zmq_tcp,none,none,,1,23824,512,584,1785153460284600000,1785153460284600000,1785153460284600000,1785153460284601000,1785153460284700000,1785153460284703000,1785153460284703000,1785153460284703000,121932490,121652369,-181.121,0.000,0.000,1.000,3.000,0.000,0.000,28.000,0,0,0
B3_zmq_pushpull,zmq_tcp,none,none,,1,23825,512,584,1785153460285598000,1785153460285598000,1785153460285598000,1785153460285599000,1785153460285677000,1785153460285680000,1785153460285680000,1785153460285680000,121932490,121652369,-202.121,0.000,0.000,1.000,3.000,0.000,0.000,21.000,0,0,0
B3_zmq_pushpull,zmq_tcp,none,none,,1,23826,512,584,1785153460286598000,1785153460286598000,1785153460286598000,1785153460286599000,1785153460286654000,1785153460286657000,1785153460286657000,1785153460286657000,121932490,121652369,-225.121,0.000,0.000,1.000,3.000,0.000,0.000,23.000,0,0,0
B3_zmq_pushpull,zmq_tcp,none,none,,1,23827,512,584,1785153460287596000,1785153460287596000,1785153460287596000,1785153460287597000,1785153460287770000,1785153460287772000,1785153460287772000,1785153460287772000,121932490,121652369,-107.121,0.000,0.000,1.000,2.000,0.000,0.000,118.000,0,0,0
B3_zmq_pushpull,zmq_tcp,none,none,,1,23828,512,584,1785153460288485000,1785153460288485000,1785153460288485000,1785153460288486000,1785153460288639000,1785153460288642000,1785153460288642000,1785153460288642000,121932490,121652369,-127.121,0.000,0.000,1.000,3.000,0.000,0.000,20.000,0,0,0
B3_zmq_pushpull,zmq_tcp,none,none,,1,23829,512,584,1785153460289469000,1785153460289469000,1785153460289469000,1785153460289470000,1785153460289628000,1785153460289631000,1785153460289631000,1785153460289631000,121932490,121652369,-122.121,0.000,0.000,1.000,3.000,0.000,0.000,5.000,0,0,0
B3_zmq_pushpull,zmq_tcp,none,none,,1,23830,512,584,1785153460290632000,1785153460290632000,1785153460290632000,1785153460290633000,1785153460290723000,1785153460290726000,1785153460290726000,1785153460290726000,121932490,121652369,-190.121,0.000,0.000,1.000,3.000,0.000,0.000,68.000,0,0,0
B3_zmq_pushpull,zmq_tcp,none,none,,1,23831,512,584,1785153460291587000,1785153460291587000,1785153460291587000,1785153460291588000,1785153460291692000,1785153460291695000,1785153460291695000,1785153460291695000,121932490,121652369,-176.121,0.000,0.000,1.000,3.000,0.000,0.000,14.000,0,0,0
B3_zmq_pushpull,zmq_tcp,none,none,,1,23832,512,584,1785153460292601000,1785153460292601000,1785153460292601000,1785153460292602000,1785153460292682000,1785153460292684000,1785153460292684000,1785153460292684000,121932490,121652369,-200.121,0.000,0.000,1.000,2.000,0.000,0.000,24.000,0,0,0
B3_zmq_pushpull,zmq_tcp,none,none,,1,23833,512,584,1785153460293598000,1785153460293598000,1785153460293598000,1785153460293599000,1785153460293648000,1785153460293651000,1785153460293651000,1785153460293651000,121932490,121652369,-231.121,0.000,0.000,1.000,3.000,0.000,0.000,31.000,0,0,0
B3_zmq_pushpull,zmq_tcp,none,none,,1,23834,512,584,1785153460294598000,1785153460294598000,1785153460294598000,1785153460294599000,1785153460294775000,1785153460294778000,1785153460294778000,1785153460294778000,121932490,121652369,-104.121,0.000,0.000,1.000,3.000,0.000,0.000,127.000,0,0,0
B3_zmq_pushpull,zmq_tcp,none,none,,1,23835,512,584,1785153460295475000,1785153460295475000,1785153460295475000,1785153460295476000,1785153460295623000,1785153460295627000,1785153460295627000,1785153460295627000,121932490,121652369,-133.121,0.000,0.000,1.000,4.000,0.000,0.000,29.000,0,0,0
B3_zmq_pushpull,zmq_tcp,none,none,,1,23836,512,584,1785153460296452000,1785153460296452000,1785153460296452000,1785153460296453000,1785153460296611000,1785153460296613000,1785153460296613000,1785153460296613000,121932490,121652369,-122.121,0.000,0.000,1.000,2.000,0.000,0.000,11.000,0,0,0
B3_zmq_pushpull,zmq_tcp,none,none,,1,23837,512,584,1785153460297635000,1785153460297635000,1785153460297635000,1785153460297636000,1785153460297733000,1785153460297736000,1785153460297736000,1785153460297736000,121932490,121652369,-183.121,0.000,0.000,1.000,3.000,0.000,0.000,61.000,0,0,0
B3_zmq_pushpull,zmq_tcp,none,none,,1,23838,512,584,1785153460298586000,1785153460298586000,1785153460298586000,1785153460298587000,1785153460298732000,1785153460298735000,1785153460298735000,1785153460298735000,121932490,121652369,-135.121,0.000,0.000,1.000,3.000,0.000,0.000,48.000,0,0,0
B3_zmq_pushpull,zmq_tcp,none,none,,1,23839,512,584,1785153460299602000,1785153460299602000,1785153460299602000,1785153460299603000,1785153460299714000,1785153460299716000,1785153460299716000,1785153460299716000,121932490,121652369,-169.121,0.000,0.000,1.000,2.000,0.000,0.000,34.000,0,0,0
B3_zmq_pushpull,zmq_tcp,none,none,,1,23840,512,584,1785153460300598000,1785153460300598000,1785153460300598000,1785153460300599000,1785153460300699000,1785153460300701000,1785153460300702000,1785153460300702000,121932490,121652369,-180.121,0.000,0.000,1.000,2.000,1.000,0.000,11.000,0,0,0
B3_zmq_pushpull,zmq_tcp,none,none,,1,23841,512,584,1785153460301598000,1785153460301598000,1785153460301598000,1785153460301599000,1785153460301674000,1785153460301676000,1785153460301676000,1785153460301676000,121932490,121652369,-205.121,0.000,0.000,1.000,2.000,0.000,0.000,25.000,0,0,0
B3_zmq_pushpull,zmq_tcp,none,none,,1,23842,512,584,1785153460302595000,1785153460302595000,1785153460302595000,1785153460302596000,1785153460302650000,1785153460302655000,1785153460302655000,1785153460302655000,121932490,121652369,-226.121,0.000,0.000,1.000,5.000,0.000,0.000,21.000,0,0,0
B3_zmq_pushpull,zmq_tcp,none,none,,1,23843,512,584,1785153460303496000,1785153460303496000,1785153460303496000,1785153460303497000,1785153460303655000,1785153460303658000,1785153460303658000,1785153460303658000,121932490,121652369,-122.121,0.000,0.000,1.000,3.000,0.000,0.000,104.000,0,0,0
B3_zmq_pushpull,zmq_tcp,none,none,,1,23844,512,584,1785153460304627000,1785153460304627000,1785153460304628000,1785153460304628000,1785153460304791000,1785153460304794000,1785153460304794000,1785153460304794000,121932490,121652369,-117.121,0.000,1.000,0.000,3.000,0.000,0.000,5.000,0,0,0
B3_zmq_pushpull,zmq_tcp,none,none,,1,23845,512,584,1785153460305592000,1785153460305592000,1785153460305592000,1785153460305593000,1785153460305763000,1785153460305767000,1785153460305767000,1785153460305767000,121932490,121652369,-110.121,0.000,0.000,1.000,4.000,0.000,0.000,7.000,0,0,0
B3_zmq_pushpull,zmq_tcp,none,none,,1,23846,512,584,1785153460306599000,1785153460306600000,1785153460306600000,1785153460306601000,1785153460306746000,1785153460306748000,1785153460306748000,1785153460306748000,121932490,121652369,-135.121,1.000,0.000,1.000,2.000,0.000,0.000,25.000,0,0,0
B3_zmq_pushpull,zmq_tcp,none,none,,1,23847,512,584,1785153460307441000,1785153460307441000,1785153460307441000,1785153460307442000,1785153460307583000,1785153460307585000,1785153460307585000,1785153460307586000,121932490,121652369,-139.121,0.000,0.000,1.000,2.000,0.000,1.000,4.000,0,0,0
B3_zmq_pushpull,zmq_tcp,none,none,,1,23848,512,584,1785153460308411000,1785153460308411000,1785153460308411000,1785153460308412000,1785153460308565000,1785153460308568000,1785153460308568000,1785153460308568000,121932490,121652369,-127.121,0.000,0.000,1.000,3.000,0.000,0.000,12.000,0,0,0
B3_zmq_pushpull,zmq_tcp,none,none,,1,23849,512,584,1785153460309409000,1785153460309409000,1785153460309409000,1785153460309410000,1785153460309566000,1785153460309568000,1785153460309568000,1785153460309568000,121932490,121652369,-124.121,0.000,0.000,1.000,2.000,0.000,0.000,3.000,0,0,0
B3_zmq_pushpull,zmq_tcp,none,none,,1,23850,512,584,1785153460310401000,1785153460310401000,1785153460310401000,1785153460310402000,1785153460310559000,1785153460310562000,1785153460310562000,1785153460310562000,121932490,121652369,-123.121,0.000,0.000,1.000,3.000,0.000,0.000,1.000,0,0,0
B3_zmq_pushpull,zmq_tcp,none,none,,1,23851,512,584,1785153460311520000,1785153460311520000,1785153460311520000,1785153460311522000,1785153460311664000,1785153460311667000,1785153460311667000,1785153460311667000,121932490,121652369,-138.121,0.000,0.000,2.000,3.000,0.000,0.000,15.000,0,0,0
B3_zmq_pushpull,zmq_tcp,none,none,,1,23852,512,584,1785153460312616000,1785153460312616000,1785153460312616000,1785153460312617000,1785153460312788000,1785153460312791000,1785153460312791000,1785153460312791000,121932490,121652369,-109.121,0.000,0.000,1.000,3.000,0.000,0.000,29.000,0,0,0
B3_zmq_pushpull,zmq_tcp,none,none,,1,23853,512,584,1785153460313594000,1785153460313594000,1785153460313594000,1785153460313595000,1785153460313762000,1785153460313765000,1785153460313765000,1785153460313765000,121932490,121652369,-113.121,0.000,0.000,1.000,3.000,0.000,0.000,4.000,0,0,0
B3_zmq_pushpull,zmq_tcp,none,none,,1,23854,512,584,1785153460314424000,1785153460314424000,1785153460314424000,1785153460314425000,1785153460314578000,1785153460314580000,1785153460314580000,1785153460314580000,121932490,121652369,-127.121,0.000,0.000,1.000,2.000,0.000,0.000,14.000,0,0,0
B3_zmq_pushpull,zmq_tcp,none,none,,1,23855,512,584,1785153460315405000,1785153460315405000,1785153460315405000,1785153460315406000,1785153460315546000,1785153460315549000,1785153460315549000,1785153460315549000,121932490,121652369,-140.121,0.000,0.000,1.000,3.000,0.000,0.000,13.000,0,0,0
B3_zmq_pushpull,zmq_tcp,none,none,,1,23856,512,584,1785153460316524000,1785153460316524000,1785153460316524000,1785153460316525000,1785153460316686000,1785153460316688000,1785153460316688000,1785153460316688000,121932490,121652369,-119.121,0.000,0.000,1.000,2.000,0.000,0.000,21.000,0,0,0
B3_zmq_pushpull,zmq_tcp,none,none,,1,23857,512,584,1785153460317618000,1785153460317619000,1785153460317619000,1785153460317620000,1785153460317807000,1785153460317810000,1785153460317810000,1785153460317810000,121932490,121652369,-93.121,1.000,0.000,1.000,3.000,0.000,0.000,26.000,0,0,0
B3_zmq_pushpull,zmq_tcp,none,none,,1,23858,512,584,1785153460318504000,1785153460318505000,1785153460318505000,1785153460318506000,1785153460318664000,1785153460318667000,1785153460318667000,1785153460318667000,121932490,121652369,-122.121,1.000,0.000,1.000,3.000,0.000,0.000,29.000,0,0,0
B3_zmq_pushpull,zmq_tcp,none,none,,1,23859,512,584,1785153460319625000,1785153460319625000,1785153460319625000,1785153460319626000,1785153460319787000,1785153460319790000,1785153460319790000,1785153460319790000,121932490,121652369,-119.121,0.000,0.000,1.000,3.000,0.000,0.000,3.000,0,0,0
B3_zmq_pushpull,zmq_tcp,none,none,,1,23860,512,584,1785153460320591000,1785153460320591000,1785153460320591000,1785153460320592000,1785153460320762000,1785153460320764000,1785153460320764000,1785153460320764000,121932490,121652369,-110.121,0.000,0.000,1.000,2.000,0.000,0.000,9.000,0,0,0
B3_zmq_pushpull,zmq_tcp,none,none,,1,23861,512,584,1785153460321601000,1785153460321601000,1785153460321601000,1785153460321602000,1785153460321728000,1785153460321731000,1785153460321731000,1785153460321732000,121932490,121652369,-154.121,0.000,0.000,1.000,3.000,0.000,1.000,44.000,0,0,0
B3_zmq_pushpull,zmq_tcp,none,none,,1,23862,512,584,1785153460322418000,1785153460322418000,1785153460322418000,1785153460322419000,1785153460322575000,1785153460322578000,1785153460322578000,1785153460322578000,121932490,121652369,-124.121,0.000,0.000,1.000,3.000,0.000,0.000,30.000,0,0,0
B3_zmq_pushpull,zmq_tcp,none,none,,1,23863,512,584,1785153460323424000,1785153460323424000,1785153460323424000,1785153460323425000,1785153460323587000,1785153460323591000,1785153460323591000,1785153460323591000,121932490,121652369,-118.121,0.000,0.000,1.000,4.000,0.000,0.000,6.000,0,0,0
B3_zmq_pushpull,zmq_tcp,none,none,,1,23864,512,584,1785153460324642000,1785153460324642000,1785153460324643000,1785153460324643000,1785153460324710000,1785153460324714000,1785153460324714000,1785153460324714000,121932490,121652369,-213.121,0.000,1.000,0.000,4.000,0.000,0.000,95.000,0,0,0
B3_zmq_pushpull,zmq_tcp,none,none,,1,23865,512,584,1785153460325590000,1785153460325590000,1785153460325590000,1785153460325591000,1785153460325674000,1785153460325676000,1785153460325676000,1785153460325676000,121932490,121652369,-197.121,0.000,0.000,1.000,2.000,0.000,0.000,16.000,0,0,0
B3_zmq_pushpull,zmq_tcp,none,none,,1,23866,512,584,1785153460326601000,1785153460326601000,1785153460326601000,1785153460326602000,1785153460326665000,1785153460326668000,1785153460326668000,1785153460326668000,121932490,121652369,-217.121,0.000,0.000,1.000,3.000,0.000,0.000,20.000,0,0,0
B3_zmq_pushpull,zmq_tcp,none,none,,1,23867,512,584,1785153460327493000,1785153460327493000,1785153460327493000,1785153460327494000,1785153460327643000,1785153460327646000,1785153460327646000,1785153460327646000,121932490,121652369,-131.121,0.000,0.000,1.000,3.000,0.000,0.000,86.000,0,0,0
B3_zmq_pushpull,zmq_tcp,none,none,,1,23868,512,584,1785153460328470000,1785153460328470000,1785153460328471000,1785153460328471000,1785153460328623000,1785153460328626000,1785153460328626000,1785153460328626000,121932490,121652369,-128.121,0.000,1.000,0.000,3.000,0.000,0.000,3.000,0,0,0
B3_zmq_pushpull,zmq_tcp,none,none,,1,23869,512,584,1785153460329451000,1785153460329451000,1785153460329451000,1785153460329452000,1785153460329608000,1785153460329611000,1785153460329611000,1785153460329611000,121932490,121652369,-124.121,0.000,0.000,1.000,3.000,0.000,0.000,4.000,0,0,0
B3_zmq_pushpull,zmq_tcp,none,none,,1,23870,512,584,1785153460330635000,1785153460330635000,1785153460330636000,1785153460330636000,1785153460330754000,1785153460330756000,1785153460330756000,1785153460330756000,121932490,121652369,-162.121,0.000,1.000,0.000,2.000,0.000,0.000,38.000,0,0,0
B3_zmq_pushpull,zmq_tcp,none,none,,1,23871,512,584,1785153460331589000,1785153460331589000,1785153460331589000,1785153460331590000,1785153460331739000,1785153460331742000,1785153460331742000,1785153460331742000,121932490,121652369,-131.121,0.000,0.000,1.000,3.000,0.000,0.000,31.000,0,0,0
B3_zmq_pushpull,zmq_tcp,none,none,,1,23872,512,584,1785153460332598000,1785153460332598000,1785153460332598000,1785153460332599000,1785153460332724000,1785153460332727000,1785153460332727000,1785153460332727000,121932490,121652369,-155.121,0.000,0.000,1.000,3.000,0.000,0.000,24.000,0,0,0
B3_zmq_pushpull,zmq_tcp,none,none,,1,23873,512,584,1785153460333600000,1785153460333601000,1785153460333601000,1785153460333602000,1785153460333703000,1785153460333706000,1785153460333706000,1785153460333706000,121932490,121652369,-179.121,1.000,0.000,1.000,3.000,0.000,0.000,24.000,0,0,0
B3_zmq_pushpull,zmq_tcp,none,none,,1,23874,512,584,1785153460334600000,1785153460334601000,1785153460334601000,1785153460334602000,1785153460334690000,1785153460334694000,1785153460334694000,1785153460334694000,121932490,121652369,-192.121,1.000,0.000,1.000,4.000,0.000,0.000,13.000,0,0,0
B3_zmq_pushpull,zmq_tcp,none,none,,1,23875,512,584,1785153460335594000,1785153460335594000,1785153460335594000,1785153460335595000,1785153460335674000,1785153460335676000,1785153460335676000,1785153460335676000,121932490,121652369,-201.121,0.000,0.000,1.000,2.000,0.000,0.000,9.000,0,0,0
B3_zmq_pushpull,zmq_tcp,none,none,,1,23876,512,584,1785153460336600000,1785153460336600000,1785153460336601000,1785153460336601000,1785153460336655000,1785153460336659000,1785153460336659000,1785153460336659000,121932490,121652369,-226.121,0.000,1.000,0.000,4.000,0.000,0.000,25.000,0,0,0
B3_zmq_pushpull,zmq_tcp,none,none,,1,23877,512,584,1785153460337600000,1785153460337600000,1785153460337600000,1785153460337601000,1785153460337659000,1785153460337662000,1785153460337662000,1785153460337662000,121932490,121652369,-222.121,0.000,0.000,1.000,3.000,0.000,0.000,4.000,0,0,0
B3_zmq_pushpull,zmq_tcp,none,none,,1,23878,512,584,1785153460338504000,1785153460338505000,1785153460338505000,1785153460338506000,1785153460338664000,1785153460338667000,1785153460338667000,1785153460338667000,121932490,121652369,-122.121,1.000,0.000,1.000,3.000,0.000,0.000,100.000,0,0,0
B3_zmq_pushpull,zmq_tcp,none,none,,1,23879,512,584,1785153460339623000,1785153460339623000,1785153460339623000,1785153460339624000,1785153460339806000,1785153460339808000,1785153460339809000,1785153460339809000,121932490,121652369,-98.121,0.000,0.000,1.000,2.000,1.000,0.000,24.000,0,0,0
B3_zmq_pushpull,zmq_tcp,none,none,,1,23880,512,584,1785153460340592000,1785153460340592000,1785153460340592000,1785153460340593000,1785153460340662000,1785153460340665000,1785153460340665000,1785153460340665000,121932490,121652369,-211.121,0.000,0.000,1.000,3.000,0.000,0.000,113.000,0,0,0
B3_zmq_pushpull,zmq_tcp,none,none,,1,23881,512,584,1785153460341599000,1785153460341600000,1785153460341600000,1785153460341600000,1785153460341659000,1785153460341664000,1785153460341664000,1785153460341664000,121932490,121652369,-221.121,1.000,0.000,0.000,5.000,0.000,0.000,10.000,0,0,0
B3_zmq_pushpull,zmq_tcp,none,none,,1,23882,512,584,1785153460342595000,1785153460342596000,1785153460342596000,1785153460342597000,1785153460342640000,1785153460342644000,1785153460342644000,1785153460342644000,121932490,121652369,-237.121,1.000,0.000,1.000,4.000,0.000,0.000,16.000,0,0,0
B3_zmq_pushpull,zmq_tcp,none,none,,1,23883,512,584,1785153460343599000,1785153460343600000,1785153460343600000,1785153460343601000,1785153460343765000,1785153460343768000,1785153460343768000,1785153460343768000,121932490,121652369,-116.121,1.000,0.000,1.000,3.000,0.000,0.000,121.000,0,0,0
B3_zmq_pushpull,zmq_tcp,none,none,,1,23884,512,584,1785153460344598000,1785153460344598000,1785153460344598000,1785153460344599000,1785153460344751000,1785153460344754000,1785153460344754000,1785153460344754000,121932490,121652369,-128.121,0.000,0.000,1.000,3.000,0.000,0.000,12.000,0,0,0
B3_zmq_pushpull,zmq_tcp,none,none,,1,23885,512,584,1785153460345598000,1785153460345598000,1785153460345598000,1785153460345599000,1785153460345742000,1785153460345744000,1785153460345744000,1785153460345744000,121932490,121652369,-137.121,0.000,0.000,1.000,2.000,0.000,0.000,9.000,0,0,0
B3_zmq_pushpull,zmq_tcp,none,none,,1,23886,512,584,1785153460346436000,1785153460346436000,1785153460346436000,1785153460346437000,1785153460346584000,1785153460346587000,1785153460346587000,1785153460346587000,121932490,121652369,-133.121,0.000,0.000,1.000,3.000,0.000,0.000,4.000,0,0,0
B3_zmq_pushpull,zmq_tcp,none,none,,1,23887,512,584,1785153460347642000,1785153460347642000,1785153460347642000,1785153460347643000,1785153460347826000,1785153460347829000,1785153460347829000,1785153460347829000,121932490,121652369,-97.121,0.000,0.000,1.000,3.000,0.000,0.000,36.000,0,0,0
B3_zmq_pushpull,zmq_tcp,none,none,,1,23888,512,584,1785153460348587000,1785153460348588000,1785153460348588000,1785153460348589000,1785153460348678000,1785153460348681000,1785153460348681000,1785153460348681000,121932490,121652369,-191.121,1.000,0.000,1.000,3.000,0.000,0.000,94.000,0,0,0
B3_zmq_pushpull,zmq_tcp,none,none,,1,23889,512,584,1785153460349601000,1785153460349601000,1785153460349601000,1785153460349602000,1785153460349663000,1785153460349666000,1785153460349666000,1785153460349666000,121932490,121652369,-219.121,0.000,0.000,1.000,3.000,0.000,0.000,28.000,0,0,0
B3_zmq_pushpull,zmq_tcp,none,none,,1,23890,512,584,1785153460350596000,1785153460350596000,1785153460350596000,1785153460350597000,1785153460350647000,1785153460350651000,1785153460350651000,1785153460350651000,121932490,121652369,-230.121,0.000,0.000,1.000,4.000,0.000,0.000,11.000,0,0,0
B3_zmq_pushpull,zmq_tcp,none,none,,1,23891,512,584,1785153460351602000,1785153460351602000,1785153460351602000,1785153460351603000,1785153460351659000,1785153460351662000,1785153460351662000,1785153460351662000,121932490,121652369,-224.121,0.000,0.000,1.000,3.000,0.000,0.000,6.000,0,0,0
B3_zmq_pushpull,zmq_tcp,none,none,,1,23892,512,584,1785153460352598000,1785153460352598000,1785153460352598000,1785153460352599000,1785153460352798000,1785153460352800000,1785153460352801000,1785153460352801000,121932490,121652369,-81.121,0.000,0.000,1.000,2.000,1.000,0.000,143.000,0,0,0
B3_zmq_pushpull,zmq_tcp,none,none,,1,23893,512,584,1785153460353600000,1785153460353600000,1785153460353600000,1785153460353601000,1785153460353796000,1785153460353799000,1785153460353799000,1785153460353799000,121932490,121652369,-85.121,0.000,0.000,1.000,3.000,0.000,0.000,4.000,0,0,0
B3_zmq_pushpull,zmq_tcp,none,none,,1,23894,512,584,1785153460354598000,1785153460354598000,1785153460354598000,1785153460354599000,1785153460354784000,1785153460354787000,1785153460354787000,1785153460354787000,121932490,121652369,-95.121,0.000,0.000,1.000,3.000,0.000,0.000,10.000,0,0,0
B3_zmq_pushpull,zmq_tcp,none,none,,1,23895,512,584,1785153460355598000,1785153460355598000,1785153460355598000,1785153460355599000,1785153460355646000,1785153460355649000,1785153460355649000,1785153460355649000,121932490,121652369,-233.121,0.000,0.000,1.000,3.000,0.000,0.000,138.000,0,0,0
B3_zmq_pushpull,zmq_tcp,none,none,,1,23896,512,584,1785153460356598000,1785153460356598000,1785153460356598000,1785153460356599000,1785153460356643000,1785153460356646000,1785153460356646000,1785153460356646000,121932490,121652369,-236.121,0.000,0.000,1.000,3.000,0.000,0.000,3.000,0,0,0
B3_zmq_pushpull,zmq_tcp,none,none,,1,23897,512,584,1785153460357599000,1785153460357599000,1785153460357599000,1785153460357600000,1785153460357770000,1785153460357773000,1785153460357773000,1785153460357773000,121932490,121652369,-110.121,0.000,0.000,1.000,3.000,0.000,0.000,126.000,0,0,0
B3_zmq_pushpull,zmq_tcp,none,none,,1,23898,512,584,1785153460358596000,1785153460358596000,1785153460358596000,1785153460358597000,1785153460358749000,1785153460358752000,1785153460358752000,1785153460358752000,121932490,121652369,-128.121,0.000,0.000,1.000,3.000,0.000,0.000,18.000,0,0,0
B3_zmq_pushpull,zmq_tcp,none,none,,1,23899,512,584,1785153460359599000,1785153460359600000,1785153460359600000,1785153460359601000,1785153460359714000,1785153460359717000,1785153460359717000,1785153460359717000,121932490,121652369,-167.121,1.000,0.000,1.000,3.000,0.000,0.000,39.000,0,0,0
B3_zmq_pushpull,zmq_tcp,none,none,,1,23900,512,584,1785153460360599000,1785153460360600000,1785153460360600000,1785153460360601000,1785153460360694000,1785153460360697000,1785153460360697000,1785153460360697000,121932490,121652369,-187.121,1.000,0.000,1.000,3.000,0.000,0.000,20.000,0,0,0
B3_zmq_pushpull,zmq_tcp,none,none,,1,23901,512,584,1785153460361594000,1785153460361594000,1785153460361594000,1785153460361595000,1785153460361669000,1785153460361671000,1785153460361671000,1785153460361671000,121932490,121652369,-206.121,0.000,0.000,1.000,2.000,0.000,0.000,19.000,0,0,0
B3_zmq_pushpull,zmq_tcp,none,none,,1,23902,512,584,1785153460362600000,1785153460362600000,1785153460362600000,1785153460362601000,1785153460362778000,1785153460362781000,1785153460362781000,1785153460362781000,121932490,121652369,-103.121,0.000,0.000,1.000,3.000,0.000,0.000,103.000,0,0,0
B3_zmq_pushpull,zmq_tcp,none,none,,1,23903,512,584,1785153460363598000,1785153460363599000,1785153460363599000,1785153460363600000,1785153460363751000,1785153460363754000,1785153460363754000,1785153460363754000,121932490,121652369,-129.121,1.000,0.000,1.000,3.000,0.000,0.000,26.000,0,0,0
B3_zmq_pushpull,zmq_tcp,none,none,,1,23904,512,584,1785153460364440000,1785153460364440000,1785153460364440000,1785153460364441000,1785153460364595000,1785153460364598000,1785153460364598000,1785153460364598000,121932490,121652369,-126.121,0.000,0.000,1.000,3.000,0.000,0.000,3.000,0,0,0
B3_zmq_pushpull,zmq_tcp,none,none,,1,23905,512,584,1785153460365426000,1785153460365427000,1785153460365427000,1785153460365428000,1785153460365570000,1785153460365573000,1785153460365573000,1785153460365573000,121932490,121652369,-138.121,1.000,0.000,1.000,3.000,0.000,0.000,12.000,0,0,0
B3_zmq_pushpull,zmq_tcp,none,none,,1,23906,512,584,1785153460366642000,1785153460366642000,1785153460366642000,1785153460366643000,1785153460366714000,1785153460366717000,1785153460366717000,1785153460366717000,121932490,121652369,-209.121,0.000,0.000,1.000,3.000,0.000,0.000,71.000,0,0,0
B3_zmq_pushpull,zmq_tcp,none,none,,1,23907,512,584,1785153460367415000,1785153460367415000,1785153460367415000,1785153460367416000,1785153460367575000,1785153460367578000,1785153460367578000,1785153460367578000,121932490,121652369,-121.121,0.000,0.000,1.000,3.000,0.000,0.000,88.000,0,0,0
B3_zmq_pushpull,zmq_tcp,none,none,,1,23908,512,584,1785153460368645000,1785153460368645000,1785153460368645000,1785153460368646000,1785153460368820000,1785153460368823000,1785153460368823000,1785153460368823000,121932490,121652369,-106.121,0.000,0.000,1.000,3.000,0.000,0.000,15.000,0,0,0
B3_zmq_pushpull,zmq_tcp,none,none,,1,23909,512,584,1785153460369586000,1785153460369586000,1785153460369586000,1785153460369587000,1785153460369659000,1785153460369662000,1785153460369662000,1785153460369662000,121932490,121652369,-208.121,0.000,0.000,1.000,3.000,0.000,0.000,102.000,0,0,0
B3_zmq_pushpull,zmq_tcp,none,none,,1,23910,512,584,1785153460370602000,1785153460370602000,1785153460370602000,1785153460370603000,1785153460370754000,1785153460370756000,1785153460370757000,1785153460370757000,121932490,121652369,-129.121,0.000,0.000,1.000,2.000,1.000,0.000,79.000,0,0,0
B3_zmq_pushpull,zmq_tcp,none,none,,1,23911,512,584,1785153460371602000,1785153460371602000,1785153460371602000,1785153460371603000,1785153460371757000,1785153460371761000,1785153460371761000,1785153460371761000,121932490,121652369,-126.121,0.000,0.000,1.000,4.000,0.000,0.000,3.000,0,0,0
B3_zmq_pushpull,zmq_tcp,none,none,,1,23912,512,584,1785153460372599000,1785153460372599000,1785153460372599000,1785153460372600000,1785153460372750000,1785153460372753000,1785153460372753000,1785153460372753000,121932490,121652369,-130.121,0.000,0.000,1.000,3.000,0.000,0.000,4.000,0,0,0
B3_zmq_pushpull,zmq_tcp,none,none,,1,23913,512,584,1785153460373599000,1785153460373599000,1785153460373599000,1785153460373600000,1785153460373753000,1785153460373755000,1785153460373755000,1785153460373755000,121932490,121652369,-127.121,0.000,0.000,1.000,2.000,0.000,0.000,3.000,0,0,0
B3_zmq_pushpull,zmq_tcp,none,none,,1,23914,512,584,1785153460374598000,1785153460374598000,1785153460374598000,1785153460374599000,1785153460374739000,1785153460374742000,1785153460374742000,1785153460374742000,121932490,121652369,-140.121,0.000,0.000,1.000,3.000,0.000,0.000,13.000,0,0,0
B3_zmq_pushpull,zmq_tcp,none,none,,1,23915,512,584,1785153460375601000,1785153460375601000,1785153460375601000,1785153460375602000,1785153460375726000,1785153460375729000,1785153460375729000,1785153460375729000,121932490,121652369,-156.121,0.000,0.000,1.000,3.000,0.000,0.000,16.000,0,0,0
B3_zmq_pushpull,zmq_tcp,none,none,,1,23916,512,584,1785153460376596000,1785153460376596000,1785153460376596000,1785153460376597000,1785153460376702000,1785153460376705000,1785153460376705000,1785153460376705000,121932490,121652369,-175.121,0.000,0.000,1.000,3.000,0.000,0.000,19.000,0,0,0
B3_zmq_pushpull,zmq_tcp,none,none,,1,23917,512,584,1785153460377600000,1785153460377600000,1785153460377600000,1785153460377601000,1785153460377695000,1785153460377698000,1785153460377698000,1785153460377698000,121932490,121652369,-186.121,0.000,0.000,1.000,3.000,0.000,0.000,11.000,0,0,0
B3_zmq_pushpull,zmq_tcp,none,none,,1,23918,512,584,1785153460378604000,1785153460378604000,1785153460378605000,1785153460378605000,1785153460378678000,1785153460378681000,1785153460378681000,1785153460378681000,121932490,121652369,-207.121,0.000,1.000,0.000,3.000,0.000,0.000,21.000,0,0,0
B3_zmq_pushpull,zmq_tcp,none,none,,1,23919,512,584,1785153460379598000,1785153460379598000,1785153460379598000,1785153460379599000,1785153460379667000,1785153460379671000,1785153460379671000,1785153460379671000,121932490,121652369,-212.121,0.000,0.000,1.000,4.000,0.000,0.000,5.000,0,0,0
B3_zmq_pushpull,zmq_tcp,none,none,,1,23920,512,584,1785153460380601000,1785153460380601000,1785153460380601000,1785153460380602000,1785153460380790000,1785153460380793000,1785153460380793000,1785153460380793000,121932490,121652369,-92.121,0.000,0.000,1.000,3.000,0.000,0.000,120.000,0,0,0
B3_zmq_pushpull,zmq_tcp,none,none,,1,23921,512,584,1785153460381488000,1785153460381488000,1785153460381488000,1785153460381489000,1785153460381646000,1785153460381649000,1785153460381649000,1785153460381649000,121932490,121652369,-123.121,0.000,0.000,1.000,3.000,0.000,0.000,31.000,0,0,0
B3_zmq_pushpull,zmq_tcp,none,none,,1,23922,512,584,1785153460382464000,1785153460382464000,1785153460382464000,1785153460382465000,1785153460382610000,1785153460382612000,1785153460382612000,1785153460382612000,121932490,121652369,-135.121,0.000,0.000,1.000,2.000,0.000,0.000,12.000,0,0,0
B3_zmq_pushpull,zmq_tcp,none,none,,1,23923,512,584,1785153460383445000,1785153460383445000,1785153460383445000,1785153460383446000,1785153460383602000,1785153460383605000,1785153460383605000,1785153460383605000,121932490,121652369,-124.121,0.000,0.000,1.000,3.000,0.000,0.000,11.000,0,0,0
B3_zmq_pushpull,zmq_tcp,none,none,,1,23924,512,584,1785153460384640000,1785153460384640000,1785153460384640000,1785153460384641000,1785153460384728000,1785153460384731000,1785153460384731000,1785153460384731000,121932490,121652369,-193.121,0.000,0.000,1.000,3.000,0.000,0.000,69.000,0,0,0
B3_zmq_pushpull,zmq_tcp,none,none,,1,23925,512,584,1785153460385592000,1785153460385592000,1785153460385592000,1785153460385593000,1785153460385752000,1785153460385755000,1785153460385755000,1785153460385755000,121932490,121652369,-121.121,0.000,0.000,1.000,3.000,0.000,0.000,72.000,0,0,0
B3_zmq_pushpull,zmq_tcp,none,none,,1,23926,512,584,1785153460386467000,1785153460386467000,1785153460386467000,1785153460386468000,1785153460386624000,1785153460386627000,1785153460386627000,1785153460386627000,121932490,121652369,-124.121,0.000,0.000,1.000,3.000,0.000,0.000,3.000,0,0,0
B3_zmq_pushpull,zmq_tcp,none,none,,1,23927,512,584,1785153460387634000,1785153460387634000,1785153460387634000,1785153460387635000,1785153460387771000,1785153460387774000,1785153460387774000,1785153460387774000,121932490,121652369,-144.121,0.000,0.000,1.000,3.000,0.000,0.000,20.000,0,0,0
B3_zmq_pushpull,zmq_tcp,none,none,,1,23928,512,584,1785153460388594000,1785153460388594000,1785153460388595000,1785153460388595000,1785153460388751000,1785153460388755000,1785153460388755000,1785153460388755000,121932490,121652369,-124.121,0.000,1.000,0.000,4.000,0.000,0.000,20.000,0,0,0
B3_zmq_pushpull,zmq_tcp,none,none,,1,23929,512,584,1785153460389600000,1785153460389600000,1785153460389600000,1785153460389601000,1785153460389747000,1785153460389750000,1785153460389750000,1785153460389750000,121932490,121652369,-134.121,0.000,0.000,1.000,3.000,0.000,0.000,10.000,0,0,0
B3_zmq_pushpull,zmq_tcp,none,none,,1,23930,512,584,1785153460390600000,1785153460390600000,1785153460390600000,1785153460390601000,1785153460390744000,1785153460390747000,1785153460390747000,1785153460390747000,121932490,121652369,-137.121,0.000,0.000,1.000,3.000,0.000,0.000,3.000,0,0,0
B3_zmq_pushpull,zmq_tcp,none,none,,1,23931,512,584,1785153460391601000,1785153460391601000,1785153460391601000,1785153460391602000,1785153460391740000,1785153460391743000,1785153460391743000,1785153460391743000,121932490,121652369,-142.121,0.000,0.000,1.000,3.000,0.000,0.000,5.000,0,0,0
B3_zmq_pushpull,zmq_tcp,none,none,,1,23932,512,584,1785153460392596000,1785153460392596000,1785153460392596000,1785153460392597000,1785153460392762000,1785153460392765000,1785153460392765000,1785153460392765000,121932490,121652369,-115.121,0.000,0.000,1.000,3.000,0.000,0.000,27.000,0,0,0
B3_zmq_pushpull,zmq_tcp,none,none,,1,23933,512,584,1785153460393475000,1785153460393475000,1785153460393475000,1785153460393476000,1785153460393635000,1785153460393638000,1785153460393638000,1785153460393638000,121932490,121652369,-121.121,0.000,0.000,1.000,3.000,0.000,0.000,6.000,0,0,0
B3_zmq_pushpull,zmq_tcp,none,none,,1,23934,512,584,1785153460394631000,1785153460394631000,1785153460394631000,1785153460394632000,1785153460394779000,1785153460394782000,1785153460394782000,1785153460394782000,121932490,121652369,-133.121,0.000,0.000,1.000,3.000,0.000,0.000,12.000,0,0,0
B3_zmq_pushpull,zmq_tcp,none,none,,1,23935,512,584,1785153460395589000,1785153460395589000,1785153460395589000,1785153460395590000,1785153460395786000,1785153460395788000,1785153460395788000,1785153460395788000,121932490,121652369,-84.121,0.000,0.000,1.000,2.000,0.000,0.000,49.000,0,0,0
B3_zmq_pushpull,zmq_tcp,none,none,,1,23936,512,584,1785153460396603000,1785153460396603000,1785153460396603000,1785153460396604000,1785153460396767000,1785153460396770000,1785153460396770000,1785153460396770000,121932490,121652369,-117.121,0.000,0.000,1.000,3.000,0.000,0.000,33.000,0,0,0
B3_zmq_pushpull,zmq_tcp,none,none,,1,23937,512,584,1785153460397598000,1785153460397599000,1785153460397599000,1785153460397600000,1785153460397747000,1785153460397750000,1785153460397750000,1785153460397750000,121932490,121652369,-133.121,1.000,0.000,1.000,3.000,0.000,0.000,16.000,0,0,0
B3_zmq_pushpull,zmq_tcp,none,none,,1,23938,512,584,1785153460398454000,1785153460398454000,1785153460398454000,1785153460398455000,1785153460398610000,1785153460398612000,1785153460398612000,1785153460398612000,121932490,121652369,-125.121,0.000,0.000,1.000,2.000,0.000,0.000,8.000,0,0,0
B3_zmq_pushpull,zmq_tcp,none,none,,1,23939,512,584,1785153460399452000,1785153460399452000,1785153460399452000,1785153460399453000,1785153460399611000,1785153460399614000,1785153460399614000,1785153460399614000,121932490,121652369,-122.121,0.000,0.000,1.000,3.000,0.000,0.000,3.000,0,0,0
B3_zmq_pushpull,zmq_tcp,none,none,,1,23940,512,584,1785153460400637000,1785153460400637000,1785153460400637000,1785153460400638000,1785153460400770000,1785153460400773000,1785153460400773000,1785153460400773000,121932490,121652369,-148.121,0.000,0.000,1.000,3.000,0.000,0.000,26.000,0,0,0
B3_zmq_pushpull,zmq_tcp,none,none,,1,23941,512,584,1785153460401593000,1785153460401593000,1785153460401593000,1785153460401594000,1785153460401777000,1785153460401779000,1785153460401779000,1785153460401779000,121932490,121652369,-97.121,0.000,0.000,1.000,2.000,0.000,0.000,51.000,0,0,0
B3_zmq_pushpull,zmq_tcp,none,none,,1,23942,512,584,1785153460402599000,1785153460402599000,1785153460402600000,1785153460402600000,1785153460402781000,1785153460402784000,1785153460402784000,1785153460402784000,121932490,121652369,-99.121,0.000,1.000,0.000,3.000,0.000,0.000,2.000,0,0,0
B3_zmq_pushpull,zmq_tcp,none,none,,1,23943,512,584,1785153460403479000,1785153460403480000,1785153460403480000,1785153460403480000,1785153460403636000,1785153460403639000,1785153460403639000,1785153460403639000,121932490,121652369,-124.121,1.000,0.000,0.000,3.000,0.000,0.000,25.000,0,0,0
B3_zmq_pushpull,zmq_tcp,none,none,,1,23944,512,584,1785153460404630000,1785153460404630000,1785153460404630000,1785153460404631000,1785153460404761000,1785153460404763000,1785153460404763000,1785153460404763000,121932490,121652369,-150.121,0.000,0.000,1.000,2.000,0.000,0.000,26.000,0,0,0
B3_zmq_pushpull,zmq_tcp,none,none,,1,23945,512,584,1785153460405589000,1785153460405589000,1785153460405589000,1785153460405590000,1785153460405751000,1785153460405754000,1785153460405754000,1785153460405754000,121932490,121652369,-119.121,0.000,0.000,1.000,3.000,0.000,0.000,31.000,0,0,0
B3_zmq_pushpull,zmq_tcp,none,none,,1,23946,512,584,1785153460406604000,1785153460406605000,1785153460406605000,1785153460406605000,1785153460406767000,1785153460406770000,1785153460406770000,1785153460406770000,121932490,121652369,-118.121,1.000,0.000,0.000,3.000,0.000,0.000,1.000,0,0,0
B3_zmq_pushpull,zmq_tcp,none,none,,1,23947,512,584,1785153460407482000,1785153460407482000,1785153460407482000,1785153460407483000,1785153460407645000,1785153460407647000,1785153460407647000,1785153460407647000,121932490,121652369,-118.121,0.000,0.000,1.000,2.000,0.000,0.000,0.000,0,0,0
B3_zmq_pushpull,zmq_tcp,none,none,,1,23948,512,584,1785153460408630000,1785153460408631000,1785153460408631000,1785153460408632000,1785153460408787000,1785153460408790000,1785153460408790000,1785153460408790000,121932490,121652369,-125.121,1.000,0.000,1.000,3.000,0.000,0.000,7.000,0,0,0
B3_zmq_pushpull,zmq_tcp,none,none,,1,23949,512,584,1785153460409590000,1785153460409590000,1785153460409590000,1785153460409591000,1785153460409649000,1785153460409654000,1785153460409654000,1785153460409654000,121932490,121652369,-222.121,0.000,0.000,1.000,5.000,0.000,0.000,97.000,0,0,0
B3_zmq_pushpull,zmq_tcp,none,none,,1,23950,512,584,1785153460410603000,1785153460410603000,1785153460410603000,1785153460410604000,1785153460410648000,1785153460410652000,1785153460410652000,1785153460410652000,121932490,121652369,-236.121,0.000,0.000,1.000,4.000,0.000,0.000,14.000,0,0,0
B3_zmq_pushpull,zmq_tcp,none,none,,1,23951,512,584,1785153460411599000,1785153460411599000,1785153460411599000,1785153460411600000,1785153460411763000,1785153460411766000,1785153460411766000,1785153460411766000,121932490,121652369,-117.121,0.000,0.000,1.000,3.000,0.000,0.000,119.000,0,0,0
B3_zmq_pushpull,zmq_tcp,none,none,,1,23952,512,584,1785153460412474000,1785153460412474000,1785153460412474000,1785153460412476000,1785153460412633000,1785153460412636000,1785153460412636000,1785153460412636000,121932490,121652369,-123.121,0.000,0.000,2.000,3.000,0.000,0.000,6.000,0,0,0
B3_zmq_pushpull,zmq_tcp,none,none,,1,23953,512,584,1785153460413627000,1785153460413627000,1785153460413627000,1785153460413628000,1785153460413775000,1785153460413778000,1785153460413778000,1785153460413778000,121932490,121652369,-133.121,0.000,0.000,1.000,3.000,0.000,0.000,10.000,0,0,0
B3_zmq_pushpull,zmq_tcp,none,none,,1,23954,512,584,1785153460414593000,1785153460414593000,1785153460414593000,1785153460414594000,1785153460414776000,1785153460414779000,1785153460414780000,1785153460414780000,121932490,121652369,-98.121,0.000,0.000,1.000,3.000,1.000,0.000,35.000,0,0,0
B3_zmq_pushpull,zmq_tcp,none,none,,1,23955,512,584,1785153460415600000,1785153460415600000,1785153460415600000,1785153460415601000,1785153460415786000,1785153460415789000,1785153460415789000,1785153460415789000,121932490,121652369,-95.121,0.000,0.000,1.000,3.000,0.000,0.000,3.000,0,0,0
B3_zmq_pushpull,zmq_tcp,none,none,,1,23956,512,584,1785153460416596000,1785153460416596000,1785153460416596000,1785153460416597000,1785153460416783000,1785153460416786000,1785153460416786000,1785153460416786000,121932490,121652369,-94.121,0.000,0.000,1.000,3.000,0.000,0.000,1.000,0,0,0
B3_zmq_pushpull,zmq_tcp,none,none,,1,23957,512,584,1785153460417490000,1785153460417490000,1785153460417490000,1785153460417491000,1785153460417645000,1785153460417648000,1785153460417648000,1785153460417648000,121932490,121652369,-126.121,0.000,0.000,1.000,3.000,0.000,0.000,32.000,0,0,0
B3_zmq_pushpull,zmq_tcp,none,none,,1,23958,512,584,1785153460418476000,1785153460418476000,1785153460418477000,1785153460418477000,1785153460418630000,1785153460418633000,1785153460418633000,1785153460418633000,121932490,121652369,-127.121,0.000,1.000,0.000,3.000,0.000,0.000,1.000,0,0,0
B3_zmq_pushpull,zmq_tcp,none,none,,1,23959,512,584,1785153460419447000,1785153460419447000,1785153460419447000,1785153460419448000,1785153460419600000,1785153460419602000,1785153460419602000,1785153460419602000,121932490,121652369,-128.121,0.000,0.000,1.000,2.000,0.000,0.000,1.000,0,0,0
B3_zmq_pushpull,zmq_tcp,none,none,,1,23960,512,584,1785153460420454000,1785153460420454000,1785153460420454000,1785153460420455000,1785153460420612000,1785153460420614000,1785153460420614000,1785153460420614000,121932490,121652369,-123.121,0.000,0.000,1.000,2.000,0.000,0.000,5.000,0,0,0
B3_zmq_pushpull,zmq_tcp,none,none,,1,23961,512,584,1785153460421634000,1785153460421635000,1785153460421635000,1785153460421636000,1785153460421742000,1785153460421745000,1785153460421745000,1785153460421745000,121932490,121652369,-174.121,1.000,0.000,1.000,3.000,0.000,0.000,51.000,0,0,0
B3_zmq_pushpull,zmq_tcp,none,none,,1,23962,512,584,1785153460422592000,1785153460422592000,1785153460422592000,1785153460422593000,1785153460422750000,1785153460422759000,1785153460422759000,1785153460422759000,121932490,121652369,-123.121,0.000,0.000,1.000,9.000,0.000,0.000,51.000,0,0,0
B3_zmq_pushpull,zmq_tcp,none,none,,1,23963,512,584,1785153460423597000,1785153460423597000,1785153460423597000,1785153460423598000,1785153460423738000,1785153460423741000,1785153460423741000,1785153460423741000,121932490,121652369,-140.121,0.000,0.000,1.000,3.000,0.000,0.000,17.000,0,0,0
B3_zmq_pushpull,zmq_tcp,none,none,,1,23964,512,584,1785153460424602000,1785153460424602000,1785153460424602000,1785153460424603000,1785153460424737000,1785153460424740000,1785153460424740000,1785153460424740000,121932490,121652369,-146.121,0.000,0.000,1.000,3.000,0.000,0.000,6.000,0,0,0
B3_zmq_pushpull,zmq_tcp,none,none,,1,23965,512,584,1785153460425438000,1785153460425439000,1785153460425439000,1785153460425440000,1785153460425597000,1785153460425600000,1785153460425600000,1785153460425600000,121932490,121652369,-123.121,1.000,0.000,1.000,3.000,0.000,0.000,23.000,0,0,0
B3_zmq_pushpull,zmq_tcp,none,none,,1,23966,512,584,1785153460426439000,1785153460426439000,1785153460426439000,1785153460426441000,1785153460426586000,1785153460426589000,1785153460426589000,1785153460426589000,121932490,121652369,-135.121,0.000,0.000,2.000,3.000,0.000,0.000,12.000,0,0,0
B3_zmq_pushpull,zmq_tcp,none,none,,1,23967,512,584,1785153460427414000,1785153460427414000,1785153460427414000,1785153460427415000,1785153460427574000,1785153460427577000,1785153460427577000,1785153460427577000,121932490,121652369,-121.121,0.000,0.000,1.000,3.000,0.000,0.000,14.000,0,0,0
B3_zmq_pushpull,zmq_tcp,none,none,,1,23968,512,584,1785153460428649000,1785153460428650000,1785153460428650000,1785153460428651000,1785153460428838000,1785153460428841000,1785153460428841000,1785153460428841000,121932490,121652369,-93.121,1.000,0.000,1.000,3.000,0.000,0.000,28.000,0,0,0
B3_zmq_pushpull,zmq_tcp,none,none,,1,23969,512,584,1785153460429410000,1785153460429411000,1785153460429411000,1785153460429412000,1785153460429555000,1785153460429558000,1785153460429558000,1785153460429558000,121932490,121652369,-137.121,1.000,0.000,1.000,3.000,0.000,0.000,44.000,0,0,0
B3_zmq_pushpull,zmq_tcp,none,none,,1,23970,512,584,1785153460430418000,1785153460430418000,1785153460430418000,1785153460430419000,1785153460430577000,1785153460430580000,1785153460430580000,1785153460430580000,121932490,121652369,-122.121,0.000,0.000,1.000,3.000,0.000,0.000,15.000,0,0,0
B3_zmq_pushpull,zmq_tcp,none,none,,1,23971,512,584,1785153460431644000,1785153460431644000,1785153460431644000,1785153460431645000,1785153460431690000,1785153460431694000,1785153460431694000,1785153460431694000,121932490,121652369,-235.121,0.000,0.000,1.000,4.000,0.000,0.000,113.000,0,0,0
B3_zmq_pushpull,zmq_tcp,none,none,,1,23972,512,584,1785153460432589000,1785153460432589000,1785153460432589000,1785153460432590000,1785153460432655000,1785153460432658000,1785153460432658000,1785153460432658000,121932490,121652369,-215.121,0.000,0.000,1.000,3.000,0.000,0.000,20.000,0,0,0
B3_zmq_pushpull,zmq_tcp,none,none,,1,23973,512,584,1785153460433602000,1785153460433602000,1785153460433602000,1785153460433603000,1785153460433772000,1785153460433774000,1785153460433774000,1785153460433774000,121932490,121652369,-111.121,0.000,0.000,1.000,2.000,0.000,0.000,104.000,0,0,0
B3_zmq_pushpull,zmq_tcp,none,none,,1,23974,512,584,1785153460434600000,1785153460434600000,1785153460434600000,1785153460434601000,1785153460434767000,1785153460434770000,1785153460434770000,1785153460434770000,121932490,121652369,-114.121,0.000,0.000,1.000,3.000,0.000,0.000,3.000,0,0,0
B3_zmq_pushpull,zmq_tcp,none,none,,1,23975,512,584,1785153460435603000,1785153460435603000,1785153460435603000,1785153460435604000,1785153460435762000,1785153460435765000,1785153460435765000,1785153460435765000,121932490,121652369,-122.121,0.000,0.000,1.000,3.000,0.000,0.000,8.000,0,0,0
B3_zmq_pushpull,zmq_tcp,none,none,,1,23976,512,584,1785153460436600000,1785153460436600000,1785153460436600000,1785153460436601000,1785153460436772000,1785153460436774000,1785153460436774000,1785153460436774000,121932490,121652369,-109.121,0.000,0.000,1.000,2.000,0.000,0.000,13.000,0,0,0
B3_zmq_pushpull,zmq_tcp,none,none,,1,23977,512,584,1785153460437599000,1785153460437599000,1785153460437599000,1785153460437600000,1785153460437750000,1785153460437752000,1785153460437753000,1785153460437753000,121932490,121652369,-130.121,0.000,0.000,1.000,2.000,1.000,0.000,21.000,0,0,0
B3_zmq_pushpull,zmq_tcp,none,none,,1,23978,512,584,1785153460438596000,1785153460438596000,1785153460438596000,1785153460438597000,1785153460438749000,1785153460438752000,1785153460438752000,1785153460438752000,121932490,121652369,-128.121,0.000,0.000,1.000,3.000,0.000,0.000,2.000,0,0,0
B3_zmq_pushpull,zmq_tcp,none,none,,1,23979,512,584,1785153460439600000,1785153460439600000,1785153460439600000,1785153460439601000,1785153460439725000,1785153460439728000,1785153460439728000,1785153460439728000,121932490,121652369,-156.121,0.000,0.000,1.000,3.000,0.000,0.000,28.000,0,0,0
B3_zmq_pushpull,zmq_tcp,none,none,,1,23980,512,584,1785153460440599000,1785153460440599000,1785153460440599000,1785153460440600000,1785153460440684000,1785153460440686000,1785153460440686000,1785153460440686000,121932490,121652369,-196.121,0.000,0.000,1.000,2.000,0.000,0.000,40.000,0,0,0
B3_zmq_pushpull,zmq_tcp,none,none,,1,23981,512,584,1785153460441599000,1785153460441599000,1785153460441599000,1785153460441600000,1785153460441672000,1785153460441675000,1785153460441675000,1785153460441675000,121932490,121652369,-208.121,0.000,0.000,1.000,3.000,0.000,0.000,12.000,0,0,0
B3_zmq_pushpull,zmq_tcp,none,none,,1,23982,512,584,1785153460442599000,1785153460442599000,1785153460442599000,1785153460442600000,1785153460442669000,1785153460442672000,1785153460442672000,1785153460442672000,121932490,121652369,-211.121,0.000,0.000,1.000,3.000,0.000,0.000,3.000,0,0,0
B3_zmq_pushpull,zmq_tcp,none,none,,1,23983,512,584,1785153460443599000,1785153460443599000,1785153460443599000,1785153460443600000,1785153460443789000,1785153460443792000,1785153460443792000,1785153460443792000,121932490,121652369,-91.121,0.000,0.000,1.000,3.000,0.000,0.000,120.000,0,0,0
B3_zmq_pushpull,zmq_tcp,none,none,,1,23984,512,584,1785153460444601000,1785153460444601000,1785153460444601000,1785153460444602000,1785153460444788000,1785153460444790000,1785153460444790000,1785153460444790000,121932490,121652369,-94.121,0.000,0.000,1.000,2.000,0.000,0.000,3.000,0,0,0
B3_zmq_pushpull,zmq_tcp,none,none,,1,23985,512,584,1785153460445597000,1785153460445597000,1785153460445598000,1785153460445598000,1785153460445633000,1785153460445637000,1785153460445637000,1785153460445637000,121932490,121652369,-245.121,0.000,1.000,0.000,4.000,0.000,0.000,151.000,0,0,0
B3_zmq_pushpull,zmq_tcp,none,none,,1,23986,512,584,1785153460446447000,1785153460446447000,1785153460446447000,1785153460446448000,1785153460446600000,1785153460446602000,1785153460446602000,1785153460446602000,121932490,121652369,-128.121,0.000,0.000,1.000,2.000,0.000,0.000,117.000,0,0,0
B3_zmq_pushpull,zmq_tcp,none,none,,1,23987,512,584,1785153460447407000,1785153460447407000,1785153460447408000,1785153460447409000,1785153460447550000,1785153460447553000,1785153460447553000,1785153460447553000,121932490,121652369,-139.121,0.000,1.000,1.000,3.000,0.000,0.000,11.000,0,0,0
B3_zmq_pushpull,zmq_tcp,none,none,,1,23988,512,584,1785153460448647000,1785153460448647000,1785153460448647000,1785153460448648000,1785153460448836000,1785153460448838000,1785153460448838000,1785153460448838000,121932490,121652369,-92.121,0.000,0.000,1.000,2.000,0.000,0.000,47.000,0,0,0
B3_zmq_pushpull,zmq_tcp,none,none,,1,23989,512,584,1785153460449584000,1785153460449584000,1785153460449584000,1785153460449585000,1785153460449677000,1785153460449680000,1785153460449680000,1785153460449680000,121932490,121652369,-188.121,0.000,0.000,1.000,3.000,0.000,0.000,96.000,0,0,0
B3_zmq_pushpull,zmq_tcp,none,none,,1,23990,512,584,1785153460450603000,1785153460450603000,1785153460450603000,1785153460450604000,1785153460450675000,1785153460450678000,1785153460450678000,1785153460450678000,121932490,121652369,-209.121,0.000,0.000,1.000,3.000,0.000,0.000,21.000,0,0,0
B3_zmq_pushpull,zmq_tcp,none,none,,1,23991,512,584,1785153460451597000,1785153460451597000,1785153460451597000,1785153460451599000,1785153460451666000,1785153460451670000,1785153460451670000,1785153460451670000,121932490,121652369,-213.121,0.000,0.000,2.000,4.000,0.000,0.000,4.000,0,0,0
B3_zmq_pushpull,zmq_tcp,none,none,,1,23992,512,584,1785153460452600000,1785153460452600000,1785153460452600000,1785153460452601000,1785153460452659000,1785153460452661000,1785153460452662000,1785153460452662000,121932490,121652369,-222.121,0.000,0.000,1.000,2.000,1.000,0.000,9.000,0,0,0
B3_zmq_pushpull,zmq_tcp,none,none,,1,23993,512,584,1785153460453598000,1785153460453598000,1785153460453598000,1785153460453599000,1785153460453649000,1785153460453652000,1785153460453652000,1785153460453652000,121932490,121652369,-230.121,0.000,0.000,1.000,3.000,0.000,0.000,8.000,0,0,0
B3_zmq_pushpull,zmq_tcp,none,none,,1,23994,512,584,1785153460454405000,1785153460454405000,1785153460454405000,1785153460454406000,1785153460454497000,1785153460454500000,1785153460454500000,1785153460454500000,121932490,121652369,-189.121,0.000,0.000,1.000,3.000,0.000,0.000,41.000,0,0,0
B3_zmq_pushpull,zmq_tcp,none,none,,1,23995,512,584,1785153460455648000,1785153460455648000,1785153460455648000,1785153460455649000,1785153460455768000,1785153460455771000,1785153460455771000,1785153460455771000,121932490,121652369,-161.121,0.000,0.000,1.000,3.000,0.000,0.000,28.000,0,0,0
B3_zmq_pushpull,zmq_tcp,none,none,,1,23996,512,584,1785153460456586000,1785153460456586000,1785153460456586000,1785153460456587000,1785153460456756000,1785153460456758000,1785153460456758000,1785153460456758000,121932490,121652369,-111.121,0.000,0.000,1.000,2.000,0.000,0.000,50.000,0,0,0
B3_zmq_pushpull,zmq_tcp,none,none,,1,23997,512,584,1785153460457603000,1785153460457603000,1785153460457603000,1785153460457604000,1785153460457758000,1785153460457761000,1785153460457761000,1785153460457761000,121932490,121652369,-126.121,0.000,0.000,1.000,3.000,0.000,0.000,15.000,0,0,0
B3_zmq_pushpull,zmq_tcp,none,none,,1,23998,512,584,1785153460458599000,1785153460458599000,1785153460458599000,1785153460458600000,1785153460458734000,1785153460458737000,1785153460458737000,1785153460458737000,121932490,121652369,-146.121,0.000,0.000,1.000,3.000,0.000,0.000,20.000,0,0,0
B3_zmq_pushpull,zmq_tcp,none,none,,1,23999,512,584,1785153460459599000,1785153460459599000,1785153460459599000,1785153460459600000,1785153460459731000,1785153460459738000,1785153460459738000,1785153460459738000,121932490,121652369,-149.121,0.000,0.000,1.000,7.000,0.000,0.000,3.000,0,0,0
B3_zmq_pushpull,zmq_tcp,none,none,,1,24000,512,584,1785153460460596000,1785153460460596000,1785153460460596000,1785153460460597000,1785153460460709000,1785153460460712000,1785153460460712000,1785153460460712000,121932490,121652369,-168.121,0.000,0.000,1.000,3.000,0.000,0.000,19.000,0,0,0
B3_zmq_pushpull,zmq_tcp,none,none,,1,24001,512,584,1785153460461600000,1785153460461600000,1785153460461600000,1785153460461601000,1785153460461692000,1785153460461694000,1785153460461694000,1785153460461694000,121932490,121652369,-189.121,0.000,0.000,1.000,2.000,0.000,0.000,21.000,0,0,0
B3_zmq_pushpull,zmq_tcp,none,none,,1,24002,512,584,1785153460462599000,1785153460462599000,1785153460462599000,1785153460462600000,1785153460462678000,1785153460462686000,1785153460462686000,1785153460462686000,121932490,121652369,-202.121,0.000,0.000,1.000,8.000,0.000,0.000,13.000,0,0,0
B3_zmq_pushpull,zmq_tcp,none,none,,1,24003,512,584,1785153460463601000,1785153460463601000,1785153460463601000,1785153460463602000,1785153460463676000,1785153460463679000,1785153460463679000,1785153460463679000,121932490,121652369,-206.121,0.000,0.000,1.000,3.000,0.000,0.000,4.000,0,0,0
B3_zmq_pushpull,zmq_tcp,none,none,,1,24004,512,584,1785153460464595000,1785153460464595000,1785153460464595000,1785153460464596000,1785153460464661000,1785153460464664000,1785153460464664000,1785153460464664000,121932490,121652369,-215.121,0.000,0.000,1.000,3.000,0.000,0.000,9.000,0,0,0
B3_zmq_pushpull,zmq_tcp,none,none,,1,24005,512,584,1785153460465603000,1785153460465603000,1785153460465603000,1785153460465604000,1785153460465664000,1785153460465667000,1785153460465667000,1785153460465667000,121932490,121652369,-220.121,0.000,0.000,1.000,3.000,0.000,0.000,5.000,0,0,0
B3_zmq_pushpull,zmq_tcp,none,none,,1,24006,512,584,1785153460466599000,1785153460466599000,1785153460466599000,1785153460466600000,1785153460466646000,1785153460466650000,1785153460466650000,1785153460466650000,121932490,121652369,-234.121,0.000,0.000,1.000,4.000,0.000,0.000,14.000,0,0,0
B3_zmq_pushpull,zmq_tcp,none,none,,1,24007,512,584,1785153460467601000,1785153460467601000,1785153460467601000,1785153460467602000,1785153460467757000,1785153460467760000,1785153460467760000,1785153460467760000,121932490,121652369,-125.121,0.000,0.000,1.000,3.000,0.000,0.000,109.000,0,0,0
B3_zmq_pushpull,zmq_tcp,none,none,,1,24008,512,584,1785153460468598000,1785153460468598000,1785153460468598000,1785153460468599000,1785153460468740000,1785153460468742000,1785153460468742000,1785153460468742000,121932490,121652369,-139.121,0.000,0.000,1.000,2.000,0.000,0.000,14.000,0,0,0
B3_zmq_pushpull,zmq_tcp,none,none,,1,24009,512,584,1785153460469601000,1785153460469601000,1785153460469601000,1785153460469602000,1785153460469737000,1785153460469740000,1785153460469740000,1785153460469740000,121932490,121652369,-145.121,0.000,0.000,1.000,3.000,0.000,0.000,6.000,0,0,0
B3_zmq_pushpull,zmq_tcp,none,none,,1,24010,512,584,1785153460470599000,1785153460470599000,1785153460470599000,1785153460470600000,1785153460470728000,1785153460470731000,1785153460470731000,1785153460470731000,121932490,121652369,-152.121,0.000,0.000,1.000,3.000,0.000,0.000,7.000,0,0,0
B3_zmq_pushpull,zmq_tcp,none,none,,1,24011,512,584,1785153460471601000,1785153460471601000,1785153460471602000,1785153460471602000,1785153460471713000,1785153460471718000,1785153460471718000,1785153460471718000,121932490,121652369,-169.121,0.000,1.000,0.000,5.000,0.000,0.000,17.000,0,0,0
B3_zmq_pushpull,zmq_tcp,none,none,,1,24012,512,584,1785153460472604000,1785153460472604000,1785153460472604000,1785153460472605000,1785153460472709000,1785153460472713000,1785153460472714000,1785153460472714000,121932490,121652369,-176.121,0.000,0.000,1.000,4.000,1.000,0.000,7.000,0,0,0
B3_zmq_pushpull,zmq_tcp,none,none,,1,24013,512,584,1785153460473597000,1785153460473597000,1785153460473598000,1785153460473598000,1785153460473693000,1785153460473698000,1785153460473698000,1785153460473698000,121932490,121652369,-185.121,0.000,1.000,0.000,5.000,0.000,0.000,9.000,0,0,0
B3_zmq_pushpull,zmq_tcp,none,none,,1,24014,512,584,1785153460474600000,1785153460474600000,1785153460474600000,1785153460474601000,1785153460474680000,1785153460474682000,1785153460474682000,1785153460474682000,121932490,121652369,-201.121,0.000,0.000,1.000,2.000,0.000,0.000,16.000,0,0,0
B3_zmq_pushpull,zmq_tcp,none,none,,1,24015,512,584,1785153460475599000,1785153460475600000,1785153460475600000,1785153460475601000,1785153460475672000,1785153460475674000,1785153460475674000,1785153460475674000,121932490,121652369,-209.121,1.000,0.000,1.000,2.000,0.000,0.000,8.000,0,0,0
B3_zmq_pushpull,zmq_tcp,none,none,,1,24016,512,584,1785153460476596000,1785153460476596000,1785153460476596000,1785153460476597000,1785153460476654000,1785153460476657000,1785153460476657000,1785153460476657000,121932490,121652369,-223.121,0.000,0.000,1.000,3.000,0.000,0.000,14.000,0,0,0
B3_zmq_pushpull,zmq_tcp,none,none,,1,24017,512,584,1785153460477601000,1785153460477602000,1785153460477602000,1785153460477603000,1785153460477794000,1785153460477797000,1785153460477797000,1785153460477797000,121932490,121652369,-89.121,1.000,0.000,1.000,3.000,0.000,0.000,134.000,0,0,0
B3_zmq_pushpull,zmq_tcp,none,none,,1,24018,512,584,1785153460478599000,1785153460478599000,1785153460478599000,1785153460478600000,1785153460478777000,1785153460478780000,1785153460478780000,1785153460478780000,121932490,121652369,-103.121,0.000,0.000,1.000,3.000,0.000,0.000,14.000,0,0,0
B3_zmq_pushpull,zmq_tcp,none,none,,1,24019,512,584,1785153460479601000,1785153460479601000,1785153460479601000,1785153460479602000,1785153460479773000,1785153460479776000,1785153460479776000,1785153460479776000,121932490,121652369,-109.121,0.000,0.000,1.000,3.000,0.000,0.000,6.000,0,0,0
B3_zmq_pushpull,zmq_tcp,none,none,,1,24020,512,584,1785153460480458000,1785153460480458000,1785153460480458000,1785153460480459000,1785153460480611000,1785153460480614000,1785153460480614000,1785153460480614000,121932490,121652369,-128.121,0.000,0.000,1.000,3.000,0.000,0.000,19.000,0,0,0
B3_zmq_pushpull,zmq_tcp,none,none,,1,24021,512,584,1785153460481431000,1785153460481431000,1785153460481431000,1785153460481432000,1785153460481583000,1785153460481585000,1785153460481585000,1785153460481585000,121932490,121652369,-129.121,0.000,0.000,1.000,2.000,0.000,0.000,1.000,0,0,0
B3_zmq_pushpull,zmq_tcp,none,none,,1,24022,512,584,1785153460482409000,1785153460482409000,1785153460482409000,1785153460482410000,1785153460482552000,1785153460482555000,1785153460482555000,1785153460482555000,121932490,121652369,-138.121,0.000,0.000,1.000,3.000,0.000,0.000,9.000,0,0,0
B3_zmq_pushpull,zmq_tcp,none,none,,1,24023,512,584,1785153460483403000,1785153460483404000,1785153460483404000,1785153460483405000,1785153460483553000,1785153460483556000,1785153460483556000,1785153460483556000,121932490,121652369,-132.121,1.000,0.000,1.000,3.000,0.000,0.000,6.000,0,0,0
B3_zmq_pushpull,zmq_tcp,none,none,,1,24024,512,584,1785153460484645000,1785153460484646000,1785153460484646000,1785153460484647000,1785153460484827000,1785153460484830000,1785153460484830000,1785153460484830000,121932490,121652369,-100.121,1.000,0.000,1.000,3.000,0.000,0.000,32.000,0,0,0
B3_zmq_pushpull,zmq_tcp,none,none,,1,24025,512,584,1785153460485589000,1785153460485590000,1785153460485590000,1785153460485591000,1785153460485689000,1785153460485692000,1785153460485692000,1785153460485692000,121932490,121652369,-182.121,1.000,0.000,1.000,3.000,0.000,0.000,82.000,0,0,0
B3_zmq_pushpull,zmq_tcp,none,none,,1,24026,512,584,1785153460486601000,1785153460486602000,1785153460486602000,1785153460486603000,1785153460486669000,1785153460486672000,1785153460486672000,1785153460486672000,121932490,121652369,-214.121,1.000,0.000,1.000,3.000,0.000,0.000,32.000,0,0,0
B3_zmq_pushpull,zmq_tcp,none,none,,1,24027,512,584,1785153460487598000,1785153460487598000,1785153460487598000,1785153460487599000,1785153460487663000,1785153460487665000,1785153460487665000,1785153460487665000,121932490,121652369,-216.121,0.000,0.000,1.000,2.000,0.000,0.000,2.000,0,0,0
B3_zmq_pushpull,zmq_tcp,none,none,,1,24028,512,584,1785153460488600000,1785153460488600000,1785153460488600000,1785153460488601000,1785153460488651000,1785153460488655000,1785153460488655000,1785153460488655000,121932490,121652369,-230.121,0.000,0.000,1.000,4.000,0.000,0.000,14.000,0,0,0
B3_zmq_pushpull,zmq_tcp,none,none,,1,24029,512,584,1785153460489600000,1785153460489600000,1785153460489600000,1785153460489601000,1785153460489764000,1785153460489767000,1785153460489767000,1785153460489767000,121932490,121652369,-117.121,0.000,0.000,1.000,3.000,0.000,0.000,113.000,0,0,0
B3_zmq_pushpull,zmq_tcp,none,none,,1,24030,512,584,1785153460490604000,1785153460490604000,1785153460490604000,1785153460490605000,1785153460490767000,1785153460490769000,1785153460490769000,1785153460490769000,121932490,121652369,-118.121,0.000,0.000,1.000,2.000,0.000,0.000,1.000,0,0,0
B3_zmq_pushpull,zmq_tcp,none,none,,1,24031,512,584,1785153460491455000,1785153460491455000,1785153460491455000,1785153460491456000,1785153460491604000,1785153460491607000,1785153460491607000,1785153460491607000,121932490,121652369,-132.121,0.000,0.000,1.000,3.000,0.000,0.000,14.000,0,0,0
B3_zmq_pushpull,zmq_tcp,none,none,,1,24032,512,584,1785153460492425000,1785153460492425000,1785153460492425000,1785153460492427000,1785153460492576000,1785153460492579000,1785153460492579000,1785153460492579000,121932490,121652369,-131.121,0.000,0.000,2.000,3.000,0.000,0.000,1.000,0,0,0
B3_zmq_pushpull,zmq_tcp,none,none,,1,24033,512,584,1785153460493415000,1785153460493415000,1785153460493415000,1785153460493416000,1785153460493573000,1785153460493576000,1785153460493576000,1785153460493576000,121932490,121652369,-123.121,0.000,0.000,1.000,3.000,0.000,0.000,8.000,0,0,0
B3_zmq_pushpull,zmq_tcp,none,none,,1,24034,512,584,1785153460494403000,1785153460494403000,1785153460494403000,1785153460494404000,1785153460494556000,1785153460494560000,1785153460494560000,1785153460494560000,121932490,121652369,-128.121,0.000,0.000,1.000,4.000,0.000,0.000,5.000,0,0,0
B3_zmq_pushpull,zmq_tcp,none,none,,1,24035,512,584,1785153460495404000,1785153460495405000,1785153460495405000,1785153460495406000,1785153460495544000,1785153460495547000,1785153460495547000,1785153460495547000,121932490,121652369,-142.121,1.000,0.000,1.000,3.000,0.000,0.000,14.000,0,0,0
B3_zmq_pushpull,zmq_tcp,none,none,,1,24036,512,584,1785153460496492000,1785153460496492000,1785153460496492000,1785153460496493000,1785153460496644000,1785153460496647000,1785153460496647000,1785153460496647000,121932490,121652369,-129.121,0.000,0.000,1.000,3.000,0.000,0.000,13.000,0,0,0
B3_zmq_pushpull,zmq_tcp,none,none,,1,24037,512,584,1785153460497484000,1785153460497484000,1785153460497484000,1785153460497485000,1785153460497633000,1785153460497636000,1785153460497636000,1785153460497636000,121932490,121652369,-132.121,0.000,0.000,1.000,3.000,0.000,0.000,3.000,0,0,0
B3_zmq_pushpull,zmq_tcp,none,none,,1,24038,512,584,1785153460498470000,1785153460498470000,1785153460498470000,1785153460498472000,1785153460498620000,1785153460498623000,1785153460498623000,1785153460498623000,121932490,121652369,-132.121,0.000,0.000,2.000,3.000,0.000,0.000,0.000,0,0,0
B3_zmq_pushpull,zmq_tcp,none,none,,1,24039,512,584,1785153460499635000,1785153460499635000,1785153460499635000,1785153460499636000,1785153460499740000,1785153460499743000,1785153460499743000,1785153460499743000,121932490,121652369,-176.121,0.000,0.000,1.000,3.000,0.000,0.000,44.000,0,0,0
B3_zmq_pushpull,zmq_tcp,none,none,,1,24040,512,584,1785153460500591000,1785153460500591000,1785153460500591000,1785153460500592000,1785153460500733000,1785153460500737000,1785153460500737000,1785153460500737000,121932490,121652369,-139.121,0.000,0.000,1.000,4.000,0.000,0.000,37.000,0,0,0
B3_zmq_pushpull,zmq_tcp,none,none,,1,24041,512,584,1785153460501425000,1785153460501425000,1785153460501425000,1785153460501426000,1785153460501577000,1785153460501580000,1785153460501580000,1785153460501580000,121932490,121652369,-129.121,0.000,0.000,1.000,3.000,0.000,0.000,10.000,0,0,0
B3_zmq_pushpull,zmq_tcp,none,none,,1,24042,512,584,1785153460502402000,1785153460502402000,1785153460502402000,1785153460502403000,1785153460502555000,1785153460502558000,1785153460502558000,1785153460502558000,121932490,121652369,-128.121,0.000,0.000,1.000,3.000,0.000,0.000,1.000,0,0,0
B3_zmq_pushpull,zmq_tcp,none,none,,1,24043,512,584,1785153460503507000,1785153460503508000,1785153460503508000,1785153460503509000,1785153460503661000,1785153460503664000,1785153460503664000,1785153460503664000,121932490,121652369,-128.121,1.000,0.000,1.000,3.000,0.000,0.000,0.000,0,0,0
B3_zmq_pushpull,zmq_tcp,none,none,,1,24044,512,584,1785153460504488000,1785153460504488000,1785153460504488000,1785153460504489000,1785153460504642000,1785153460504645000,1785153460504645000,1785153460504645000,121932490,121652369,-127.121,0.000,0.000,1.000,3.000,0.000,0.000,1.000,0,0,0
B3_zmq_pushpull,zmq_tcp,none,none,,1,24045,512,584,1785153460505630000,1785153460505630000,1785153460505630000,1785153460505631000,1785153460505788000,1785153460505791000,1785153460505791000,1785153460505791000,121932490,121652369,-123.121,0.000,0.000,1.000,3.000,0.000,0.000,4.000,0,0,0
B3_zmq_pushpull,zmq_tcp,none,none,,1,24046,512,584,1785153460506476000,1785153460506476000,1785153460506476000,1785153460506477000,1785153460506637000,1785153460506640000,1785153460506640000,1785153460506640000,121932490,121652369,-120.121,0.000,0.000,1.000,3.000,0.000,0.000,3.000,0,0,0
B3_zmq_pushpull,zmq_tcp,none,none,,1,24047,512,584,1785153460507630000,1785153460507630000,1785153460507630000,1785153460507631000,1785153460507764000,1785153460507767000,1785153460507767000,1785153460507767000,121932490,121652369,-147.121,0.000,0.000,1.000,3.000,0.000,0.000,27.000,0,0,0
B3_zmq_pushpull,zmq_tcp,none,none,,1,24048,512,584,1785153460508591000,1785153460508591000,1785153460508591000,1785153460508592000,1785153460508731000,1785153460508733000,1785153460508733000,1785153460508733000,121932490,121652369,-141.121,0.000,0.000,1.000,2.000,0.000,0.000,6.000,0,0,0
B3_zmq_pushpull,zmq_tcp,none,none,,1,24049,512,584,1785153460509602000,1785153460509602000,1785153460509602000,1785153460509603000,1785153460509688000,1785153460509691000,1785153460509691000,1785153460509691000,121932490,121652369,-195.121,0.000,0.000,1.000,3.000,0.000,0.000,54.000,0,0,0
B3_zmq_pushpull,zmq_tcp,none,none,,1,24050,512,584,1785153460510600000,1785153460510600000,1785153460510600000,1785153460510601000,1785153460510671000,1785153460510673000,1785153460510673000,1785153460510673000,121932490,121652369,-210.121,0.000,0.000,1.000,2.000,0.000,0.000,15.000,0,0,0
B3_zmq_pushpull,zmq_tcp,none,none,,1,24051,512,584,1785153460511601000,1785153460511602000,1785153460511602000,1785153460511603000,1785153460511790000,1785153460511794000,1785153460511794000,1785153460511794000,121932490,121652369,-93.121,1.000,0.000,1.000,4.000,0.000,0.000,117.000,0,0,0
B3_zmq_pushpull,zmq_tcp,none,none,,1,24052,512,584,1785153460512474000,1785153460512474000,1785153460512474000,1785153460512475000,1785153460512632000,1785153460512635000,1785153460512635000,1785153460512635000,121932490,121652369,-123.121,0.000,0.000,1.000,3.000,0.000,0.000,30.000,0,0,0
B3_zmq_pushpull,zmq_tcp,none,none,,1,24053,512,584,1785153460513634000,1785153460513634000,1785153460513634000,1785153460513635000,1785153460513743000,1785153460513745000,1785153460513745000,1785153460513745000,121932490,121652369,-172.121,0.000,0.000,1.000,2.000,0.000,0.000,49.000,0,0,0
B3_zmq_pushpull,zmq_tcp,none,none,,1,24054,512,584,1785153460514592000,1785153460514592000,1785153460514592000,1785153460514593000,1785153460514728000,1785153460514731000,1785153460514731000,1785153460514731000,121932490,121652369,-145.121,0.000,0.000,1.000,3.000,0.000,0.000,27.000,0,0,0
B3_zmq_pushpull,zmq_tcp,none,none,,1,24055,512,584,1785153460515602000,1785153460515602000,1785153460515602000,1785153460515603000,1785153460515705000,1785153460515708000,1785153460515708000,1785153460515708000,121932490,121652369,-178.121,0.000,0.000,1.000,3.000,0.000,0.000,33.000,0,0,0
B3_zmq_pushpull,zmq_tcp,none,none,,1,24056,512,584,1785153460516599000,1785153460516599000,1785153460516599000,1785153460516600000,1785153460516670000,1785153460516673000,1785153460516673000,1785153460516673000,121932490,121652369,-210.121,0.000,0.000,1.000,3.000,0.000,0.000,32.000,0,0,0
B3_zmq_pushpull,zmq_tcp,none,none,,1,24057,512,584,1785153460517605000,1785153460517605000,1785153460517605000,1785153460517606000,1785153460517781000,1785153460517784000,1785153460517784000,1785153460517784000,121932490,121652369,-105.121,0.000,0.000,1.000,3.000,0.000,0.000,105.000,0,0,0
B3_zmq_pushpull,zmq_tcp,none,none,,1,24058,512,584,1785153460518598000,1785153460518598000,1785153460518598000,1785153460518599000,1785153460518772000,1785153460518775000,1785153460518775000,1785153460518775000,121932490,121652369,-107.121,0.000,0.000,1.000,3.000,0.000,0.000,2.000,0,0,0
B3_zmq_pushpull,zmq_tcp,none,none,,1,24059,512,584,1785153460519603000,1785153460519604000,1785153460519604000,1785153460519605000,1785153460519763000,1785153460519765000,1785153460519765000,1785153460519765000,121932490,121652369,-122.121,1.000,0.000,1.000,2.000,0.000,0.000,15.000,0,0,0
B3_zmq_pushpull,zmq_tcp,none,none,,1,24060,512,584,1785153460520442000,1785153460520442000,1785153460520442000,1785153460520443000,1785153460520591000,1785153460520593000,1785153460520593000,1785153460520593000,121932490,121652369,-132.121,0.000,0.000,1.000,2.000,0.000,0.000,10.000,0,0,0
B3_zmq_pushpull,zmq_tcp,none,none,,1,24061,512,584,1785153460521428000,1785153460521428000,1785153460521428000,1785153460521429000,1785153460521573000,1785153460521576000,1785153460521576000,1785153460521576000,121932490,121652369,-136.121,0.000,0.000,1.000,3.000,0.000,0.000,4.000,0,0,0
B3_zmq_pushpull,zmq_tcp,none,none,,1,24062,512,584,1785153460522642000,1785153460522642000,1785153460522642000,1785153460522643000,1785153460522703000,1785153460522706000,1785153460522706000,1785153460522706000,121932490,121652369,-220.121,0.000,0.000,1.000,3.000,0.000,0.000,84.000,0,0,0
B3_zmq_pushpull,zmq_tcp,none,none,,1,24063,512,584,1785153460523586000,1785153460523586000,1785153460523586000,1785153460523587000,1785153460523689000,1785153460523692000,1785153460523692000,1785153460523692000,121932490,121652369,-178.121,0.000,0.000,1.000,3.000,0.000,0.000,42.000,0,0,0
B3_zmq_pushpull,zmq_tcp,none,none,,1,24064,512,584,1785153460524603000,1785153460524603000,1785153460524603000,1785153460524604000,1785153460524693000,1785153460524697000,1785153460524697000,1785153460524697000,121932490,121652369,-191.121,0.000,0.000,1.000,4.000,0.000,0.000,13.000,0,0,0
B3_zmq_pushpull,zmq_tcp,none,none,,1,24065,512,584,1785153460525600000,1785153460525600000,1785153460525601000,1785153460525601000,1785153460525675000,1785153460525678000,1785153460525678000,1785153460525678000,121932490,121652369,-206.121,0.000,1.000,0.000,3.000,0.000,0.000,15.000,0,0,0
B3_zmq_pushpull,zmq_tcp,none,none,,1,24066,512,584,1785153460526599000,1785153460526599000,1785153460526599000,1785153460526600000,1785153460526665000,1785153460526669000,1785153460526669000,1785153460526669000,121932490,121652369,-215.121,0.000,0.000,1.000,4.000,0.000,0.000,9.000,0,0,0
B3_zmq_pushpull,zmq_tcp,none,none,,1,24067,512,584,1785153460527598000,1785153460527598000,1785153460527598000,1785153460527599000,1785153460527793000,1785153460527796000,1785153460527796000,1785153460527796000,121932490,121652369,-86.121,0.000,0.000,1.000,3.000,0.000,0.000,129.000,0,0,0
B3_zmq_pushpull,zmq_tcp,none,none,,1,24068,512,584,1785153460528600000,1785153460528601000,1785153460528601000,1785153460528602000,1785153460528644000,1785153460528647000,1785153460528647000,1785153460528647000,121932490,121652369,-238.121,1.000,0.000,1.000,3.000,0.000,0.000,152.000,0,0,0
B3_zmq_pushpull,zmq_tcp,none,none,,1,24069,512,584,1785153460529462000,1785153460529462000,1785153460529462000,1785153460529463000,1785153460529615000,1785153460529617000,1785153460529617000,1785153460529617000,121932490,121652369,-128.121,0.000,0.000,1.000,2.000,0.000,0.000,110.000,0,0,0
B3_zmq_pushpull,zmq_tcp,none,none,,1,24070,512,584,1785153460530421000,1785153460530421000,1785153460530421000,1785153460530422000,1785153460530575000,1785153460530578000,1785153460530578000,1785153460530578000,121932490,121652369,-127.121,0.000,0.000,1.000,3.000,0.000,0.000,1.000,0,0,0
B3_zmq_pushpull,zmq_tcp,none,none,,1,24071,512,584,1785153460531530000,1785153460531530000,1785153460531530000,1785153460531531000,1785153460531677000,1785153460531680000,1785153460531680000,1785153460531680000,121932490,121652369,-134.121,0.000,0.000,1.000,3.000,0.000,0.000,7.000,0,0,0
B3_zmq_pushpull,zmq_tcp,none,none,,1,24072,512,584,1785153460532509000,1785153460532509000,1785153460532509000,1785153460532510000,1785153460532665000,1785153460532668000,1785153460532668000,1785153460532668000,121932490,121652369,-125.121,0.000,0.000,1.000,3.000,0.000,0.000,9.000,0,0,0
B3_zmq_pushpull,zmq_tcp,none,none,,1,24073,512,584,1785153460533483000,1785153460533484000,1785153460533484000,1785153460533485000,1785153460533640000,1785153460533643000,1785153460533643000,1785153460533643000,121932490,121652369,-125.121,1.000,0.000,1.000,3.000,0.000,0.000,0.000,0,0,0
B3_zmq_pushpull,zmq_tcp,none,none,,1,24074,512,584,1785153460534482000,1785153460534483000,1785153460534483000,1785153460534484000,1785153460534622000,1785153460534625000,1785153460534625000,1785153460534625000,121932490,121652369,-142.121,1.000,0.000,1.000,3.000,0.000,0.000,17.000,0,0,0
B3_zmq_pushpull,zmq_tcp,none,none,,1,24075,512,584,1785153460535629000,1785153460535629000,1785153460535629000,1785153460535630000,1785153460535749000,1785153460535752000,1785153460535752000,1785153460535752000,121932490,121652369,-161.121,0.000,0.000,1.000,3.000,0.000,0.000,19.000,0,0,0
B3_zmq_pushpull,zmq_tcp,none,none,,1,24076,512,584,1785153460536592000,1785153460536593000,1785153460536593000,1785153460536594000,1785153460536725000,1785153460536728000,1785153460536728000,1785153460536728000,121932490,121652369,-149.121,1.000,0.000,1.000,3.000,0.000,0.000,12.000,0,0,0
B3_zmq_pushpull,zmq_tcp,none,none,,1,24077,512,584,1785153460537598000,1785153460537598000,1785153460537598000,1785153460537599000,1785153460537681000,1785153460537685000,1785153460537685000,1785153460537685000,121932490,121652369,-198.121,0.000,0.000,1.000,4.000,0.000,0.000,49.000,0,0,0
B3_zmq_pushpull,zmq_tcp,none,none,,1,24078,512,584,1785153460538531000,1785153460538531000,1785153460538532000,1785153460538532000,1785153460538694000,1785153460538704000,1785153460538704000,1785153460538704000,121932490,121652369,-118.121,0.000,1.000,0.000,10.000,0.000,0.000,80.000,0,0,0
B3_zmq_pushpull,zmq_tcp,none,none,,1,24079,512,584,1785153460539616000,1785153460539616000,1785153460539617000,1785153460539617000,1785153460539683000,1785153460539686000,1785153460539686000,1785153460539686000,121932490,121652369,-214.121,0.000,1.000,0.000,3.000,0.000,0.000,96.000,0,0,0
B3_zmq_pushpull,zmq_tcp,none,none,,1,24080,512,584,1785153460540598000,1785153460540598000,1785153460540598000,1785153460540599000,1785153460540666000,1785153460540669000,1785153460540669000,1785153460540669000,121932490,121652369,-213.121,0.000,0.000,1.000,3.000,0.000,0.000,1.000,0,0,0
B3_zmq_pushpull,zmq_tcp,none,none,,1,24081,512,584,1785153460541600000,1785153460541601000,1785153460541601000,1785153460541602000,1785153460541786000,1785153460541789000,1785153460541789000,1785153460541789000,121932490,121652369,-96.121,1.000,0.000,1.000,3.000,0.000,0.000,117.000,0,0,0
B3_zmq_pushpull,zmq_tcp,none,none,,1,24082,512,584,1785153460542600000,1785153460542600000,1785153460542600000,1785153460542601000,1785153460542648000,1785153460542652000,1785153460542652000,1785153460542652000,121932490,121652369,-233.121,0.000,0.000,1.000,4.000,0.000,0.000,137.000,0,0,0
B3_zmq_pushpull,zmq_tcp,none,none,,1,24083,512,584,1785153460543599000,1785153460543599000,1785153460543599000,1785153460543600000,1785153460543767000,1785153460543769000,1785153460543769000,1785153460543770000,121932490,121652369,-113.121,0.000,0.000,1.000,2.000,0.000,1.000,120.000,0,0,0
B3_zmq_pushpull,zmq_tcp,none,none,,1,24084,512,584,1785153460544596000,1785153460544597000,1785153460544597000,1785153460544598000,1785153460544734000,1785153460544736000,1785153460544736000,1785153460544736000,121932490,121652369,-144.121,1.000,0.000,1.000,2.000,0.000,0.000,31.000,0,0,0
B3_zmq_pushpull,zmq_tcp,none,none,,1,24085,512,584,1785153460545600000,1785153460545601000,1785153460545601000,1785153460545602000,1785153460545727000,1785153460545729000,1785153460545729000,1785153460545729000,121932490,121652369,-155.121,1.000,0.000,1.000,2.000,0.000,0.000,11.000,0,0,0
B3_zmq_pushpull,zmq_tcp,none,none,,1,24086,512,584,1785153460546601000,1785153460546602000,1785153460546602000,1785153460546603000,1785153460546715000,1785153460546718000,1785153460546718000,1785153460546718000,121932490,121652369,-168.121,1.000,0.000,1.000,3.000,0.000,0.000,13.000,0,0,0
B3_zmq_pushpull,zmq_tcp,none,none,,1,24087,512,584,1785153460547595000,1785153460547595000,1785153460547595000,1785153460547596000,1785153460547693000,1785153460547696000,1785153460547696000,1785153460547696000,121932490,121652369,-183.121,0.000,0.000,1.000,3.000,0.000,0.000,15.000,0,0,0
B3_zmq_pushpull,zmq_tcp,none,none,,1,24088,512,584,1785153460548602000,1785153460548603000,1785153460548603000,1785153460548604000,1785153460548681000,1785153460548684000,1785153460548684000,1785153460548684000,121932490,121652369,-203.121,1.000,0.000,1.000,3.000,0.000,0.000,20.000,0,0,0
B3_zmq_pushpull,zmq_tcp,none,none,,1,24089,512,584,1785153460549599000,1785153460549599000,1785153460549599000,1785153460549600000,1785153460549662000,1785153460549664000,1785153460549664000,1785153460549664000,121932490,121652369,-218.121,0.000,0.000,1.000,2.000,0.000,0.000,15.000,0,0,0
B3_zmq_pushpull,zmq_tcp,none,none,,1,24090,512,584,1785153460550599000,1785153460550599000,1785153460550599000,1785153460550600000,1785153460550786000,1785153460550788000,1785153460550788000,1785153460550788000,121932490,121652369,-94.121,0.000,0.000,1.000,2.000,0.000,0.000,124.000,0,0,0
B3_zmq_pushpull,zmq_tcp,none,none,,1,24091,512,584,1785153460551596000,1785153460551597000,1785153460551597000,1785153460551598000,1785153460551766000,1785153460551768000,1785153460551768000,1785153460551768000,121932490,121652369,-112.121,1.000,0.000,1.000,2.000,0.000,0.000,18.000,0,0,0
B3_zmq_pushpull,zmq_tcp,none,none,,1,24092,512,584,1785153460552602000,1785153460552602000,1785153460552602000,1785153460552603000,1785153460552771000,1785153460552774000,1785153460552774000,1785153460552774000,121932490,121652369,-112.121,0.000,0.000,1.000,3.000,0.000,0.000,0.000,0,0,0
B3_zmq_pushpull,zmq_tcp,none,none,,1,24093,512,584,1785153460553599000,1785153460553599000,1785153460553599000,1785153460553600000,1785153460553790000,1785153460553792000,1785153460553792000,1785153460553792000,121932490,121652369,-90.121,0.000,0.000,1.000,2.000,0.000,0.000,22.000,0,0,0
B3_zmq_pushpull,zmq_tcp,none,none,,1,24094,512,584,1785153460554601000,1785153460554602000,1785153460554602000,1785153460554602000,1785153460554795000,1785153460554798000,1785153460554798000,1785153460554798000,121932490,121652369,-87.121,1.000,0.000,0.000,3.000,0.000,0.000,3.000,0,0,0
B3_zmq_pushpull,zmq_tcp,none,none,,1,24095,512,584,1785153460555595000,1785153460555595000,1785153460555595000,1785153460555596000,1785153460555770000,1785153460555772000,1785153460555772000,1785153460555772000,121932490,121652369,-106.121,0.000,0.000,1.000,2.000,0.000,0.000,19.000,0,0,0
B3_zmq_pushpull,zmq_tcp,none,none,,1,24096,512,584,1785153460556601000,1785153460556601000,1785153460556601000,1785153460556602000,1785153460556755000,1785153460556758000,1785153460556758000,1785153460556758000,121932490,121652369,-127.121,0.000,0.000,1.000,3.000,0.000,0.000,21.000,0,0,0
B3_zmq_pushpull,zmq_tcp,none,none,,1,24097,512,584,1785153460557599000,1785153460557600000,1785153460557600000,1785153460557601000,1785153460557742000,1785153460557744000,1785153460557744000,1785153460557744000,121932490,121652369,-139.121,1.000,0.000,1.000,2.000,0.000,0.000,12.000,0,0,0
B3_zmq_pushpull,zmq_tcp,none,none,,1,24098,512,584,1785153460558600000,1785153460558600000,1785153460558600000,1785153460558601000,1785153460558719000,1785153460558722000,1785153460558722000,1785153460558722000,121932490,121652369,-162.121,0.000,0.000,1.000,3.000,0.000,0.000,23.000,0,0,0
B3_zmq_pushpull,zmq_tcp,none,none,,1,24099,512,584,1785153460559596000,1785153460559597000,1785153460559597000,1785153460559598000,1785153460559707000,1785153460559710000,1785153460559710000,1785153460559710000,121932490,121652369,-171.121,1.000,0.000,1.000,3.000,0.000,0.000,9.000,0,0,0
B3_zmq_pushpull,zmq_tcp,none,none,,1,24100,512,584,1785153460560603000,1785153460560603000,1785153460560603000,1785153460560604000,1785153460560696000,1785153460560699000,1785153460560699000,1785153460560699000,121932490,121652369,-188.121,0.000,0.000,1.000,3.000,0.000,0.000,17.000,0,0,0
B3_zmq_pushpull,zmq_tcp,none,none,,1,24101,512,584,1785153460561598000,1785153460561598000,1785153460561598000,1785153460561599000,1785153460561683000,1785153460561686000,1785153460561686000,1785153460561686000,121932490,121652369,-196.121,0.000,0.000,1.000,3.000,0.000,0.000,8.000,0,0,0
B3_zmq_pushpull,zmq_tcp,none,none,,1,24102,512,584,1785153460562601000,1785153460562601000,1785153460562601000,1785153460562602000,1785153460562799000,1785153460562801000,1785153460562801000,1785153460562801000,121932490,121652369,-83.121,0.000,0.000,1.000,2.000,0.000,0.000,113.000,0,0,0
B3_zmq_pushpull,zmq_tcp,none,none,,1,24103,512,584,1785153460563595000,1785153460563595000,1785153460563595000,1785153460563596000,1785153460563642000,1785153460563645000,1785153460563645000,1785153460563645000,121932490,121652369,-234.121,0.000,0.000,1.000,3.000,0.000,0.000,151.000,0,0,0
B3_zmq_pushpull,zmq_tcp,none,none,,1,24104,512,584,1785153460564601000,1785153460564601000,1785153460564601000,1785153460564602000,1785153460564739000,1785153460564742000,1785153460564742000,1785153460564742000,121932490,121652369,-143.121,0.000,0.000,1.000,3.000,0.000,0.000,91.000,0,0,0
B3_zmq_pushpull,zmq_tcp,none,none,,1,24105,512,584,1785153460565406000,1785153460565406000,1785153460565407000,1785153460565407000,1785153460565561000,1785153460565564000,1785153460565564000,1785153460565564000,121932490,121652369,-126.121,0.000,1.000,0.000,3.000,0.000,0.000,17.000,0,0,0
B3_zmq_pushpull,zmq_tcp,none,none,,1,24106,512,584,1785153460566654000,1785153460566654000,1785153460566654000,1785153460566655000,1785153460566827000,1785153460566830000,1785153460566830000,1785153460566830000,121932490,121652369,-108.121,0.000,0.000,1.000,3.000,0.000,0.000,18.000,0,0,0
B3_zmq_pushpull,zmq_tcp,none,none,,1,24107,512,584,1785153460567588000,1785153460567588000,1785153460567588000,1785153460567589000,1785153460567768000,1785153460567771000,1785153460567771000,1785153460567771000,121932490,121652369,-101.121,0.000,0.000,1.000,3.000,0.000,0.000,7.000,0,0,0
B3_zmq_pushpull,zmq_tcp,none,none,,1,24108,512,584,1785153460568605000,1785153460568605000,1785153460568605000,1785153460568606000,1785153460568770000,1785153460568773000,1785153460568773000,1785153460568773000,121932490,121652369,-116.121,0.000,0.000,1.000,3.000,0.000,0.000,15.000,0,0,0
B3_zmq_pushpull,zmq_tcp,none,none,,1,24109,512,584,1785153460569450000,1785153460569450000,1785153460569450000,1785153460569451000,1785153460569607000,1785153460569610000,1785153460569610000,1785153460569610000,121932490,121652369,-124.121,0.000,0.000,1.000,3.000,0.000,0.000,8.000,0,0,0
B3_zmq_pushpull,zmq_tcp,none,none,,1,24110,512,584,1785153460570637000,1785153460570637000,1785153460570637000,1785153460570638000,1785153460570737000,1785153460570740000,1785153460570740000,1785153460570740000,121932490,121652369,-181.121,0.000,0.000,1.000,3.000,0.000,0.000,57.000,0,0,0
B3_zmq_pushpull,zmq_tcp,none,none,,1,24111,512,584,1785153460571587000,1785153460571587000,1785153460571587000,1785153460571588000,1785153460571722000,1785153460571724000,1785153460571724000,1785153460571724000,121932490,121652369,-146.121,0.000,0.000,1.000,2.000,0.000,0.000,35.000,0,0,0
B3_zmq_pushpull,zmq_tcp,none,none,,1,24112,512,584,1785153460572603000,1785153460572603000,1785153460572603000,1785153460572604000,1785153460572709000,1785153460572711000,1785153460572711000,1785153460572711000,121932490,121652369,-175.121,0.000,0.000,1.000,2.000,0.000,0.000,29.000,0,0,0
B3_zmq_pushpull,zmq_tcp,none,none,,1,24113,512,584,1785153460573599000,1785153460573599000,1785153460573599000,1785153460573600000,1785153460573696000,1785153460573699000,1785153460573699000,1785153460573699000,121932490,121652369,-184.121,0.000,0.000,1.000,3.000,0.000,0.000,9.000,0,0,0
B3_zmq_pushpull,zmq_tcp,none,none,,1,24114,512,584,1785153460574527000,1785153460574527000,1785153460574527000,1785153460574528000,1785153460574684000,1785153460574687000,1785153460574687000,1785153460574687000,121932490,121652369,-124.121,0.000,0.000,1.000,3.000,0.000,0.000,60.000,0,0,0
B3_zmq_pushpull,zmq_tcp,none,none,,1,24115,512,584,1785153460575617000,1785153460575617000,1785153460575617000,1785153460575618000,1785153460575676000,1785153460575679000,1785153460575679000,1785153460575679000,121932490,121652369,-222.121,0.000,0.000,1.000,3.000,0.000,0.000,98.000,0,0,0
B3_zmq_pushpull,zmq_tcp,none,none,,1,24116,512,584,1785153460576597000,1785153460576597000,1785153460576597000,1785153460576598000,1785153460576667000,1785153460576670000,1785153460576670000,1785153460576670000,121932490,121652369,-211.121,0.000,0.000,1.000,3.000,0.000,0.000,11.000,0,0,0
B3_zmq_pushpull,zmq_tcp,none,none,,1,24117,512,584,1785153460577605000,1785153460577605000,1785153460577605000,1785153460577606000,1785153460577812000,1785153460577816000,1785153460577816000,1785153460577816000,121932490,121652369,-74.121,0.000,0.000,1.000,4.000,0.000,0.000,137.000,0,0,0
B3_zmq_pushpull,zmq_tcp,none,none,,1,24118,512,584,1785153460578494000,1785153460578495000,1785153460578495000,1785153460578496000,1785153460578647000,1785153460578650000,1785153460578650000,1785153460578650000,121932490,121652369,-129.121,1.000,0.000,1.000,3.000,0.000,0.000,55.000,0,0,0
B3_zmq_pushpull,zmq_tcp,none,none,,1,24119,512,584,1785153460579480000,1785153460579480000,1785153460579480000,1785153460579481000,1785153460579638000,1785153460579641000,1785153460579641000,1785153460579641000,121932490,121652369,-123.121,0.000,0.000,1.000,3.000,0.000,0.000,6.000,0,0,0
B3_zmq_pushpull,zmq_tcp,none,none,,1,24120,512,584,1785153460580476000,1785153460580476000,1785153460580476000,1785153460580477000,1785153460580634000,1785153460580638000,1785153460580638000,1785153460580638000,121932490,121652369,-123.121,0.000,0.000,1.000,4.000,0.000,0.000,0.000,0,0,0
B3_zmq_pushpull,zmq_tcp,none,none,,1,24121,512,584,1785153460581464000,1785153460581464000,1785153460581464000,1785153460581465000,1785153460581625000,1785153460581627000,1785153460581627000,1785153460581627000,121932490,121652369,-120.121,0.000,0.000,1.000,2.000,0.000,0.000,3.000,0,0,0
B3_zmq_pushpull,zmq_tcp,none,none,,1,24122,512,584,1785153460582635000,1785153460582635000,1785153460582635000,1785153460582636000,1785153460582733000,1785153460582736000,1785153460582736000,1785153460582736000,121932490,121652369,-183.121,0.000,0.000,1.000,3.000,0.000,0.000,63.000,0,0,0
B3_zmq_pushpull,zmq_tcp,none,none,,1,24123,512,584,1785153460583591000,1785153460583592000,1785153460583592000,1785153460583593000,1785153460583708000,1785153460583711000,1785153460583711000,1785153460583711000,121932490,121652369,-165.121,1.000,0.000,1.000,3.000,0.000,0.000,18.000,0,0,0
B3_zmq_pushpull,zmq_tcp,none,none,,1,24124,512,584,1785153460584602000,1785153460584602000,1785153460584602000,1785153460584603000,1785153460584662000,1785153460584665000,1785153460584665000,1785153460584665000,121932490,121652369,-221.121,0.000,0.000,1.000,3.000,0.000,0.000,56.000,0,0,0
B3_zmq_pushpull,zmq_tcp,none,none,,1,24125,512,584,1785153460585596000,1785153460585596000,1785153460585596000,1785153460585597000,1785153460585644000,1785153460585648000,1785153460585648000,1785153460585648000,121932490,121652369,-233.121,0.000,0.000,1.000,4.000,0.000,0.000,12.000,0,0,0
B3_zmq_pushpull,zmq_tcp,none,none,,1,24126,512,584,1785153460586490000,1785153460586490000,1785153460586490000,1785153460586491000,1785153460586647000,1785153460586650000,1785153460586650000,1785153460586650000,121932490,121652369,-124.121,0.000,0.000,1.000,3.000,0.000,0.000,109.000,0,0,0
B3_zmq_pushpull,zmq_tcp,none,none,,1,24127,512,584,1785153460587628000,1785153460587628000,1785153460587628000,1785153460587629000,1785153460587775000,1785153460587780000,1785153460587780000,1785153460587780000,121932490,121652369,-134.121,0.000,0.000,1.000,5.000,0.000,0.000,10.000,0,0,0
B3_zmq_pushpull,zmq_tcp,none,none,,1,24128,512,584,1785153460588593000,1785153460588593000,1785153460588593000,1785153460588594000,1785153460588754000,1785153460588757000,1785153460588757000,1785153460588757000,121932490,121652369,-120.121,0.000,0.000,1.000,3.000,0.000,0.000,14.000,0,0,0
B3_zmq_pushpull,zmq_tcp,none,none,,1,24129,512,584,1785153460589602000,1785153460589603000,1785153460589603000,1785153460589604000,1785153460589748000,1785153460589751000,1785153460589751000,1785153460589751000,121932490,121652369,-136.121,1.000,0.000,1.000,3.000,0.000,0.000,16.000,0,0,0
B3_zmq_pushpull,zmq_tcp,none,none,,1,24130,512,584,1785153460590599000,1785153460590599000,1785153460590599000,1785153460590600000,1785153460590731000,1785153460590734000,1785153460590734000,1785153460590734000,121932490,121652369,-149.121,0.000,0.000,1.000,3.000,0.000,0.000,13.000,0,0,0
B3_zmq_pushpull,zmq_tcp,none,none,,1,24131,512,584,1785153460591600000,1785153460591600000,1785153460591600000,1785153460591601000,1785153460591704000,1785153460591707000,1785153460591707000,1785153460591707000,121932490,121652369,-177.121,0.000,0.000,1.000,3.000,0.000,0.000,28.000,0,0,0
B3_zmq_pushpull,zmq_tcp,none,none,,1,24132,512,584,1785153460592599000,1785153460592599000,1785153460592599000,1785153460592600000,1785153460592670000,1785153460592672000,1785153460592672000,1785153460592672000,121932490,121652369,-210.121,0.000,0.000,1.000,2.000,0.000,0.000,33.000,0,0,0
B3_zmq_pushpull,zmq_tcp,none,none,,1,24133,512,584,1785153460593603000,1785153460593604000,1785153460593604000,1785153460593605000,1785153460593798000,1785153460593801000,1785153460593801000,1785153460593801000,121932490,121652369,-87.121,1.000,0.000,1.000,3.000,0.000,0.000,123.000,0,0,0
B3_zmq_pushpull,zmq_tcp,none,none,,1,24134,512,584,1785153460594506000,1785153460594506000,1785153460594506000,1785153460594507000,1785153460594666000,1785153460594668000,1785153460594669000,1785153460594669000,121932490,121652369,-121.121,0.000,0.000,1.000,2.000,1.000,0.000,34.000,0,0,0
B3_zmq_pushpull,zmq_tcp,none,none,,1,24135,512,584,1785153460595626000,1785153460595626000,1785153460595626000,1785153460595627000,1785153460595804000,1785153460595807000,1785153460595807000,1785153460595807000,121932490,121652369,-103.121,0.000,0.000,1.000,3.000,0.000,0.000,18.000,0,0,0
B3_zmq_pushpull,zmq_tcp,none,none,,1,24136,512,584,1785153460596590000,1785153460596590000,1785153460596590000,1785153460596591000,1785153460596769000,1785153460596772000,1785153460596772000,1785153460596772000,121932490,121652369,-102.121,0.000,0.000,1.000,3.000,0.000,0.000,1.000,0,0,0
B3_zmq_pushpull,zmq_tcp,none,none,,1,24137,512,584,1785153460597603000,1785153460597604000,1785153460597604000,1785153460597605000,1785153460597744000,1785153460597747000,1785153460597747000,1785153460597747000,121932490,121652369,-141.121,1.000,0.000,1.000,3.000,0.000,0.000,39.000,0,0,0
B3_zmq_pushpull,zmq_tcp,none,none,,1,24138,512,584,1785153460598450000,1785153460598450000,1785153460598450000,1785153460598452000,1785153460598594000,1785153460598597000,1785153460598597000,1785153460598597000,121932490,121652369,-138.121,0.000,0.000,2.000,3.000,0.000,0.000,3.000,0,0,0
B3_zmq_pushpull,zmq_tcp,none,none,,1,24139,512,584,1785153460599418000,1785153460599418000,1785153460599418000,1785153460599419000,1785153460599578000,1785153460599580000,1785153460599580000,1785153460599580000,121932490,121652369,-121.121,0.000,0.000,1.000,2.000,0.000,0.000,17.000,0,0,0
B3_zmq_pushpull,zmq_tcp,none,none,,1,24140,512,584,1785153460600646000,1785153460600646000,1785153460600646000,1785153460600647000,1785153460600706000,1785153460600710000,1785153460600710000,1785153460600710000,121932490,121652369,-221.121,0.000,0.000,1.000,4.000,0.000,0.000,100.000,0,0,0
B3_zmq_pushpull,zmq_tcp,none,none,,1,24141,512,584,1785153460601591000,1785153460601591000,1785153460601591000,1785153460601592000,1785153460601699000,1785153460601707000,1785153460601707000,1785153460601707000,121932490,121652369,-173.121,0.000,0.000,1.000,8.000,0.000,0.000,48.000,0,0,0
B3_zmq_pushpull,zmq_tcp,none,none,,1,24142,512,584,1785153460602602000,1785153460602602000,1785153460602602000,1785153460602603000,1785153460602687000,1785153460602690000,1785153460602690000,1785153460602690000,121932490,121652369,-196.121,0.000,0.000,1.000,3.000,0.000,0.000,23.000,0,0,0
B3_zmq_pushpull,zmq_tcp,none,none,,1,24143,512,584,1785153460603601000,1785153460603601000,1785153460603601000,1785153460603602000,1785153460603682000,1785153460603685000,1785153460603685000,1785153460603685000,121932490,121652369,-200.121,0.000,0.000,1.000,3.000,0.000,0.000,4.000,0,0,0
B3_zmq_pushpull,zmq_tcp,none,none,,1,24144,512,584,1785153460604600000,1785153460604600000,1785153460604600000,1785153460604601000,1785153460604658000,1785153460604661000,1785153460604661000,1785153460604661000,121932490,121652369,-223.121,0.000,0.000,1.000,3.000,0.000,0.000,23.000,0,0,0
B3_zmq_pushpull,zmq_tcp,none,none,,1,24145,512,584,1785153460605600000,1785153460605600000,1785153460605600000,1785153460605601000,1785153460605767000,1785153460605770000,1785153460605770000,1785153460605770000,121932490,121652369,-114.121,0.000,0.000,1.000,3.000,0.000,0.000,109.000,0,0,0
B3_zmq_pushpull,zmq_tcp,none,none,,1,24146,512,584,1785153460606600000,1785153460606600000,1785153460606600000,1785153460606601000,1785153460606743000,1785153460606746000,1785153460606746000,1785153460606746000,121932490,121652369,-138.121,0.000,0.000,1.000,3.000,0.000,0.000,24.000,0,0,0
B3_zmq_pushpull,zmq_tcp,none,none,,1,24147,512,584,1785153460607597000,1785153460607597000,1785153460607597000,1785153460607598000,1785153460607755000,1785153460607758000,1785153460607758000,1785153460607758000,121932490,121652369,-123.121,0.000,0.000,1.000,3.000,0.000,0.000,15.000,0,0,0
B3_zmq_pushpull,zmq_tcp,none,none,,1,24148,512,584,1785153460608599000,1785153460608600000,1785153460608600000,1785153460608601000,1785153460608733000,1785153460608735000,1785153460608735000,1785153460608735000,121932490,121652369,-148.121,1.000,0.000,1.000,2.000,0.000,0.000,25.000,0,0,0
B3_zmq_pushpull,zmq_tcp,none,none,,1,24149,512,584,1785153460609602000,1785153460609602000,1785153460609602000,1785153460609603000,1785153460609719000,1785153460609722000,1785153460609722000,1785153460609722000,121932490,121652369,-164.121,0.000,0.000,1.000,3.000,0.000,0.000,16.000,0,0,0
B3_zmq_pushpull,zmq_tcp,none,none,,1,24150,512,584,1785153460610598000,1785153460610598000,1785153460610598000,1785153460610599000,1785153460610698000,1785153460610700000,1785153460610700000,1785153460610700000,121932490,121652369,-181.121,0.000,0.000,1.000,2.000,0.000,0.000,17.000,0,0,0
B3_zmq_pushpull,zmq_tcp,none,none,,1,24151,512,584,1785153460611600000,1785153460611600000,1785153460611600000,1785153460611601000,1785153460611667000,1785153460611670000,1785153460611670000,1785153460611670000,121932490,121652369,-214.121,0.000,0.000,1.000,3.000,0.000,0.000,33.000,0,0,0
B3_zmq_pushpull,zmq_tcp,none,none,,1,24152,512,584,1785153460612600000,1785153460612600000,1785153460612600000,1785153460612601000,1785153460612647000,1785153460612651000,1785153460612651000,1785153460612651000,121932490,121652369,-234.121,0.000,0.000,1.000,4.000,0.000,0.000,20.000,0,0,0
B3_zmq_pushpull,zmq_tcp,none,none,,1,24153,512,584,1785153460613487000,1785153460613487000,1785153460613487000,1785153460613488000,1785153460613630000,1785153460613633000,1785153460613633000,1785153460613633000,121932490,121652369,-138.121,0.000,0.000,1.000,3.000,0.000,0.000,96.000,0,0,0
B3_zmq_pushpull,zmq_tcp,none,none,,1,24154,512,584,1785153460614475000,1785153460614475000,1785153460614475000,1785153460614477000,1785153460614611000,1785153460614614000,1785153460614614000,1785153460614614000,121932490,121652369,-146.121,0.000,0.000,2.000,3.000,0.000,0.000,8.000,0,0,0
B3_zmq_pushpull,zmq_tcp,none,none,,1,24155,512,584,1785153460615632000,1785153460615632000,1785153460615632000,1785153460615633000,1785153460615755000,1785153460615758000,1785153460615758000,1785153460615758000,121932490,121652369,-158.121,0.000,0.000,1.000,3.000,0.000,0.000,12.000,0,0,0
B3_zmq_pushpull,zmq_tcp,none,none,,1,24156,512,584,1785153460616592000,1785153460616592000,1785153460616592000,1785153460616593000,1785153460616751000,1785153460616754000,1785153460616754000,1785153460616754000,121932490,121652369,-122.121,0.000,0.000,1.000,3.000,0.000,0.000,36.000,0,0,0
B3_zmq_pushpull,zmq_tcp,none,none,,1,24157,512,584,1785153460617601000,1785153460617602000,1785153460617602000,1785153460617603000,1785153460617750000,1785153460617752000,1785153460617752000,1785153460617753000,121932490,121652369,-133.121,1.000,0.000,1.000,2.000,0.000,1.000,11.000,0,0,0
B3_zmq_pushpull,zmq_tcp,none,none,,1,24158,512,584,1785153460618600000,1785153460618600000,1785153460618600000,1785153460618601000,1785153460618747000,1785153460618750000,1785153460618750000,1785153460618750000,121932490,121652369,-134.121,0.000,0.000,1.000,3.000,0.000,0.000,1.000,0,0,0
B3_zmq_pushpull,zmq_tcp,none,none,,1,24159,512,584,1785153460619599000,1785153460619600000,1785153460619600000,1785153460619601000,1785153460619711000,1785153460619715000,1785153460619715000,1785153460619715000,121932490,121652369,-170.121,1.000,0.000,1.000,4.000,0.000,0.000,36.000,0,0,0
B3_zmq_pushpull,zmq_tcp,none,none,,1,24160,512,584,1785153460620403000,1785153460620403000,1785153460620403000,1785153460620404000,1785153460620554000,1785153460620557000,1785153460620557000,1785153460620557000,121932490,121652369,-130.121,0.000,0.000,1.000,3.000,0.000,0.000,40.000,0,0,0
B3_zmq_pushpull,zmq_tcp,none,none,,1,24161,512,584,1785153460621504000,1785153460621504000,1785153460621504000,1785153460621505000,1785153460621657000,1785153460621659000,1785153460621659000,1785153460621659000,121932490,121652369,-128.121,0.000,0.000,1.000,2.000,0.000,0.000,2.000,0,0,0
B3_zmq_pushpull,zmq_tcp,none,none,,1,24162,512,584,1785153460622480000,1785153460622480000,1785153460622480000,1785153460622481000,1785153460622641000,1785153460622644000,1785153460622644000,1785153460622644000,121932490,121652369,-120.121,0.000,0.000,1.000,3.000,0.000,0.000,8.000,0,0,0
B3_zmq_pushpull,zmq_tcp,none,none,,1,24163,512,584,1785153460623636000,1785153460623636000,1785153460623636000,1785153460623637000,1785153460623761000,1785153460623763000,1785153460623763000,1785153460623764000,121932490,121652369,-156.121,0.000,0.000,1.000,2.000,0.000,1.000,36.000,0,0,0
B3_zmq_pushpull,zmq_tcp,none,none,,1,24164,512,584,1785153460624453000,1785153460624453000,1785153460624453000,1785153460624454000,1785153460624609000,1785153460624612000,1785153460624612000,1785153460624612000,121932490,121652369,-125.121,0.000,0.000,1.000,3.000,0.000,0.000,31.000,0,0,0
B3_zmq_pushpull,zmq_tcp,none,none,,1,24165,512,584,1785153460625457000,1785153460625457000,1785153460625457000,1785153460625458000,1785153460625601000,1785153460625603000,1785153460625603000,1785153460625603000,121932490,121652369,-137.121,0.000,0.000,1.000,2.000,0.000,0.000,12.000,0,0,0
B3_zmq_pushpull,zmq_tcp,none,none,,1,24166,512,584,1785153460626635000,1785153460626636000,1785153460626636000,1785153460626637000,1785153460626705000,1785153460626707000,1785153460626707000,1785153460626707000,121932490,121652369,-212.121,1.000,0.000,1.000,2.000,0.000,0.000,75.000,0,0,0
B3_zmq_pushpull,zmq_tcp,none,none,,1,24167,512,584,1785153460627410000,1785153460627410000,1785153460627410000,1785153460627411000,1785153460627554000,1785153460627558000,1785153460627558000,1785153460627558000,121932490,121652369,-137.121,0.000,0.000,1.000,4.000,0.000,0.000,75.000,0,0,0
B3_zmq_pushpull,zmq_tcp,none,none,,1,24168,512,584,1785153460628650000,1785153460628650000,1785153460628650000,1785153460628651000,1785153460628835000,1785153460628840000,1785153460628840000,1785153460628840000,121932490,121652369,-96.121,0.000,0.000,1.000,5.000,0.000,0.000,41.000,0,0,0
B3_zmq_pushpull,zmq_tcp,none,none,,1,24169,512,584,1785153460629590000,1785153460629590000,1785153460629590000,1785153460629591000,1785153460629703000,1785153460629706000,1785153460629706000,1785153460629706000,121932490,121652369,-168.121,0.000,0.000,1.000,3.000,0.000,0.000,72.000,0,0,0
B3_zmq_pushpull,zmq_tcp,none,none,,1,24170,512,584,1785153460630602000,1785153460630602000,1785153460630602000,1785153460630603000,1785153460630709000,1785153460630711000,1785153460630711000,1785153460630711000,121932490,121652369,-174.121,0.000,0.000,1.000,2.000,0.000,0.000,6.000,0,0,0
B3_zmq_pushpull,zmq_tcp,none,none,,1,24171,512,584,1785153460631567000,1785153460631567000,1785153460631567000,1785153460631568000,1785153460631711000,1785153460631714000,1785153460631714000,1785153460631714000,121932490,121652369,-137.121,0.000,0.000,1.000,3.000,0.000,0.000,37.000,0,0,0
B3_zmq_pushpull,zmq_tcp,none,none,,1,24172,512,584,1785153460632407000,1785153460632407000,1785153460632407000,1785153460632408000,1785153460632551000,1785153460632554000,1785153460632554000,1785153460632554000,121932490,121652369,-137.121,0.000,0.000,1.000,3.000,0.000,0.000,0.000,0,0,0
B3_zmq_pushpull,zmq_tcp,none,none,,1,24173,512,584,1785153460633405000,1785153460633405000,1785153460633405000,1785153460633406000,1785153460633545000,1785153460633548000,1785153460633548000,1785153460633548000,121932490,121652369,-141.121,0.000,0.000,1.000,3.000,0.000,0.000,4.000,0,0,0
B3_zmq_pushpull,zmq_tcp,none,none,,1,24174,512,584,1785153460634519000,1785153460634519000,1785153460634519000,1785153460634520000,1785153460634671000,1785153460634674000,1785153460634674000,1785153460634674000,121932490,121652369,-129.121,0.000,0.000,1.000,3.000,0.000,0.000,12.000,0,0,0
B3_zmq_pushpull,zmq_tcp,none,none,,1,24175,512,584,1785153460635490000,1785153460635490000,1785153460635490000,1785153460635491000,1785153460635646000,1785153460635649000,1785153460635649000,1785153460635649000,121932490,121652369,-125.121,0.000,0.000,1.000,3.000,0.000,0.000,4.000,0,0,0
B3_zmq_pushpull,zmq_tcp,none,none,,1,24176,512,584,1785153460636482000,1785153460636482000,1785153460636482000,1785153460636483000,1785153460636639000,1785153460636642000,1785153460636642000,1785153460636642000,121932490,121652369,-124.121,0.000,0.000,1.000,3.000,0.000,0.000,1.000,0,0,0
B3_zmq_pushpull,zmq_tcp,none,none,,1,24177,512,584,1785153460637472000,1785153460637472000,1785153460637472000,1785153460637473000,1785153460637630000,1785153460637633000,1785153460637633000,1785153460637633000,121932490,121652369,-123.121,0.000,0.000,1.000,3.000,0.000,0.000,1.000,0,0,0
B3_zmq_pushpull,zmq_tcp,none,none,,1,24178,512,584,1785153460638467000,1785153460638467000,1785153460638467000,1785153460638468000,1785153460638617000,1785153460638620000,1785153460638620000,1785153460638620000,121932490,121652369,-131.121,0.000,0.000,1.000,3.000,0.000,0.000,8.000,0,0,0
B3_zmq_pushpull,zmq_tcp,none,none,,1,24179,512,584,1785153460639635000,1785153460639635000,1785153460639635000,1785153460639636000,1785153460639740000,1785153460639744000,1785153460639744000,1785153460639744000,121932490,121652369,-176.121,0.000,0.000,1.000,4.000,0.000,0.000,45.000,0,0,0
B3_zmq_pushpull,zmq_tcp,none,none,,1,24180,512,584,1785153460640590000,1785153460640590000,1785153460640590000,1785153460640591000,1785153460640718000,1785153460640721000,1785153460640721000,1785153460640721000,121932490,121652369,-153.121,0.000,0.000,1.000,3.000,0.000,0.000,23.000,0,0,0
B3_zmq_pushpull,zmq_tcp,none,none,,1,24181,512,584,1785153460641602000,1785153460641603000,1785153460641603000,1785153460641604000,1785153460641666000,1785153460641669000,1785153460641669000,1785153460641669000,121932490,121652369,-218.121,1.000,0.000,1.000,3.000,0.000,0.000,65.000,0,0,0
B3_zmq_pushpull,zmq_tcp,none,none,,1,24182,512,584,1785153460642601000,1785153460642601000,1785153460642601000,1785153460642602000,1785153460642653000,1785153460642657000,1785153460642657000,1785153460642657000,121932490,121652369,-229.121,0.000,0.000,1.000,4.000,0.000,0.000,11.000,0,0,0
B3_zmq_pushpull,zmq_tcp,none,none,,1,24183,512,584,1785153460643509000,1785153460643509000,1785153460643510000,1785153460643510000,1785153460643670000,1785153460643673000,1785153460643673000,1785153460643673000,121932490,121652369,-120.121,0.000,1.000,0.000,3.000,0.000,0.000,109.000,0,0,0
B3_zmq_pushpull,zmq_tcp,none,none,,1,24184,512,584,1785153460644622000,1785153460644622000,1785153460644622000,1785153460644623000,1785153460644797000,1785153460644799000,1785153460644799000,1785153460644799000,121932490,121652369,-106.121,0.000,0.000,1.000,2.000,0.000,0.000,14.000,0,0,0
B3_zmq_pushpull,zmq_tcp,none,none,,1,24185,512,584,1785153460645596000,1785153460645596000,1785153460645596000,1785153460645597000,1785153460645787000,1785153460645792000,1785153460645792000,1785153460645792000,121932490,121652369,-90.121,0.000,0.000,1.000,5.000,0.000,0.000,16.000,0,0,0
B3_zmq_pushpull,zmq_tcp,none,none,,1,24186,512,584,1785153460646600000,1785153460646600000,1785153460646600000,1785153460646601000,1785153460646771000,1785153460646774000,1785153460646774000,1785153460646774000,121932490,121652369,-110.121,0.000,0.000,1.000,3.000,0.000,0.000,20.000,0,0,0
B3_zmq_pushpull,zmq_tcp,none,none,,1,24187,512,584,1785153460647600000,1785153460647600000,1785153460647600000,1785153460647601000,1785153460647751000,1785153460647754000,1785153460647754000,1785153460647754000,121932490,121652369,-130.121,0.000,0.000,1.000,3.000,0.000,0.000,20.000,0,0,0
B3_zmq_pushpull,zmq_tcp,none,none,,1,24188,512,584,1785153460648600000,1785153460648600000,1785153460648600000,1785153460648601000,1785153460648738000,1785153460648741000,1785153460648741000,1785153460648741000,121932490,121652369,-143.121,0.000,0.000,1.000,3.000,0.000,0.000,13.000,0,0,0
B3_zmq_pushpull,zmq_tcp,none,none,,1,24189,512,584,1785153460649597000,1785153460649597000,1785153460649597000,1785153460649598000,1785153460649719000,1785153460649722000,1785153460649722000,1785153460649722000,121932490,121652369,-159.121,0.000,0.000,1.000,3.000,0.000,0.000,16.000,0,0,0
B3_zmq_pushpull,zmq_tcp,none,none,,1,24190,512,584,1785153460650601000,1785153460650601000,1785153460650601000,1785153460650602000,1785153460650674000,1785153460650677000,1785153460650677000,1785153460650677000,121932490,121652369,-208.121,0.000,0.000,1.000,3.000,0.000,0.000,49.000,0,0,0
B3_zmq_pushpull,zmq_tcp,none,none,,1,24191,512,584,1785153460651602000,1785153460651602000,1785153460651602000,1785153460651603000,1785153460651670000,1785153460651673000,1785153460651673000,1785153460651673000,121932490,121652369,-213.121,0.000,0.000,1.000,3.000,0.000,0.000,5.000,0,0,0
B3_zmq_pushpull,zmq_tcp,none,none,,1,24192,512,584,1785153460652598000,1785153460652598000,1785153460652599000,1785153460652599000,1785153460652786000,1785153460652790000,1785153460652790000,1785153460652790000,121932490,121652369,-93.121,0.000,1.000,0.000,4.000,0.000,0.000,120.000,0,0,0
B3_zmq_pushpull,zmq_tcp,none,none,,1,24193,512,584,1785153460653600000,1785153460653600000,1785153460653600000,1785153460653601000,1785153460653773000,1785153460653776000,1785153460653776000,1785153460653776000,121932490,121652369,-108.121,0.000,0.000,1.000,3.000,0.000,0.000,15.000,0,0,0
B3_zmq_pushpull,zmq_tcp,none,none,,1,24194,512,584,1785153460654461000,1785153460654462000,1785153460654462000,1785153460654463000,1785153460654605000,1785153460654608000,1785153460654608000,1785153460654608000,121932490,121652369,-138.121,1.000,0.000,1.000,3.000,0.000,0.000,30.000,0,0,0
B3_zmq_pushpull,zmq_tcp,none,none,,1,24195,512,584,1785153460655432000,1785153460655432000,1785153460655432000,1785153460655433000,1785153460655585000,1785153460655587000,1785153460655587000,1785153460655587000,121932490,121652369,-128.121,0.000,0.000,1.000,2.000,0.000,0.000,10.000,0,0,0
B3_zmq_pushpull,zmq_tcp,none,none,,1,24196,512,584,1785153460656418000,1785153460656418000,1785153460656418000,1785153460656419000,1785153460656566000,1785153460656569000,1785153460656569000,1785153460656569000,121932490,121652369,-133.121,0.000,0.000,1.000,3.000,0.000,0.000,5.000,0,0,0
B3_zmq_pushpull,zmq_tcp,none,none,,1,24197,512,584,1785153460657649000,1785153460657649000,1785153460657649000,1785153460657650000,1785153460657827000,1785153460657830000,1785153460657830000,1785153460657830000,121932490,121652369,-103.121,0.000,0.000,1.000,3.000,0.000,0.000,30.000,0,0,0
B3_zmq_pushpull,zmq_tcp,none,none,,1,24198,512,584,1785153460658588000,1785153460658588000,1785153460658588000,1785153460658589000,1785153460658659000,1785153460658661000,1785153460658661000,1785153460658661000,121932490,121652369,-210.121,0.000,0.000,1.000,2.000,0.000,0.000,107.000,0,0,0
B3_zmq_pushpull,zmq_tcp,none,none,,1,24199,512,584,1785153460659603000,1785153460659603000,1785153460659603000,1785153460659604000,1785153460659669000,1785153460659672000,1785153460659673000,1785153460659673000,121932490,121652369,-215.121,0.000,0.000,1.000,3.000,1.000,0.000,5.000,0,0,0
B3_zmq_pushpull,zmq_tcp,none,none,,1,24200,512,584,1785153460660496000,1785153460660496000,1785153460660496000,1785153460660497000,1785153460660653000,1785153460660656000,1785153460660656000,1785153460660656000,121932490,121652369,-124.121,0.000,0.000,1.000,3.000,0.000,0.000,91.000,0,0,0
B3_zmq_pushpull,zmq_tcp,none,none,,1,24201,512,584,1785153460661627000,1785153460661627000,1785153460661627000,1785153460661628000,1785153460661771000,1785153460661774000,1785153460661774000,1785153460661774000,121932490,121652369,-137.121,0.000,0.000,1.000,3.000,0.000,0.000,13.000,0,0,0
B3_zmq_pushpull,zmq_tcp,none,none,,1,24202,512,584,1785153460662591000,1785153460662591000,1785153460662591000,1785153460662592000,1785153460662744000,1785153460662748000,1785153460662749000,1785153460662749000,121932490,121652369,-128.121,0.000,0.000,1.000,4.000,1.000,0.000,9.000,0,0,0
B3_zmq_pushpull,zmq_tcp,none,none,,1,24203,512,584,1785153460663446000,1785153460663446000,1785153460663446000,1785153460663447000,1785153460663603000,1785153460663606000,1785153460663606000,1785153460663606000,121932490,121652369,-124.121,0.000,0.000,1.000,3.000,0.000,0.000,4.000,0,0,0
B3_zmq_pushpull,zmq_tcp,none,none,,1,24204,512,584,1785153460664444000,1785153460664445000,1785153460664445000,1785153460664446000,1785153460664602000,1785153460664605000,1785153460664605000,1785153460664605000,121932490,121652369,-124.121,1.000,0.000,1.000,3.000,0.000,0.000,0.000,0,0,0
B3_zmq_pushpull,zmq_tcp,none,none,,1,24205,512,584,1785153460665641000,1785153460665641000,1785153460665641000,1785153460665642000,1785153460665716000,1785153460665718000,1785153460665718000,1785153460665718000,121932490,121652369,-206.121,0.000,0.000,1.000,2.000,0.000,0.000,82.000,0,0,0
B3_zmq_pushpull,zmq_tcp,none,none,,1,24206,512,584,1785153460666408000,1785153460666408000,1785153460666408000,1785153460666409000,1785153460666554000,1785153460666557000,1785153460666557000,1785153460666557000,121932490,121652369,-135.121,0.000,0.000,1.000,3.000,0.000,0.000,71.000,0,0,0
B3_zmq_pushpull,zmq_tcp,none,none,,1,24207,512,584,1785153460667516000,1785153460667516000,1785153460667516000,1785153460667517000,1785153460667670000,1785153460667673000,1785153460667673000,1785153460667673000,121932490,121652369,-127.121,0.000,0.000,1.000,3.000,0.000,0.000,8.000,0,0,0
B3_zmq_pushpull,zmq_tcp,none,none,,1,24208,512,584,1785153460668487000,1785153460668487000,1785153460668487000,1785153460668488000,1785153460668638000,1785153460668641000,1785153460668641000,1785153460668641000,121932490,121652369,-130.121,0.000,0.000,1.000,3.000,0.000,0.000,3.000,0,0,0
B3_zmq_pushpull,zmq_tcp,none,none,,1,24209,512,584,1785153460669477000,1785153460669477000,1785153460669477000,1785153460669478000,1785153460669628000,1785153460669630000,1785153460669630000,1785153460669630000,121932490,121652369,-130.121,0.000,0.000,1.000,2.000,0.000,0.000,0.000,0,0,0
B3_zmq_pushpull,zmq_tcp,none,none,,1,24210,512,584,1785153460670459000,1785153460670459000,1785153460670459000,1785153460670460000,1785153460670616000,1785153460670618000,1785153460670618000,1785153460670618000,121932490,121652369,-124.121,0.000,0.000,1.000,2.000,0.000,0.000,6.000,0,0,0
B3_zmq_pushpull,zmq_tcp,none,none,,1,24211,512,584,1785153460671427000,1785153460671427000,1785153460671427000,1785153460671428000,1785153460671588000,1785153460671590000,1785153460671590000,1785153460671590000,121932490,121652369,-120.121,0.000,0.000,1.000,2.000,0.000,0.000,4.000,0,0,0
B3_zmq_pushpull,zmq_tcp,none,none,,1,24212,512,584,1785153460672644000,1785153460672644000,1785153460672644000,1785153460672645000,1785153460672840000,1785153460672842000,1785153460672842000,1785153460672842000,121932490,121652369,-85.121,0.000,0.000,1.000,2.000,0.000,0.000,35.000,0,0,0
B3_zmq_pushpull,zmq_tcp,none,none,,1,24213,512,584,1785153460673586000,1785153460673587000,1785153460673587000,1785153460673588000,1785153460673670000,1785153460673673000,1785153460673673000,1785153460673673000,121932490,121652369,-198.121,1.000,0.000,1.000,3.000,0.000,0.000,113.000,0,0,0
B3_zmq_pushpull,zmq_tcp,none,none,,1,24214,512,584,1785153460674604000,1785153460674604000,1785153460674604000,1785153460674605000,1785153460674651000,1785153460674655000,1785153460674656000,1785153460674656000,121932490,121652369,-234.121,0.000,0.000,1.000,4.000,1.000,0.000,36.000,0,0,0
B3_zmq_pushpull,zmq_tcp,none,none,,1,24215,512,584,1785153460675598000,1785153460675599000,1785153460675599000,1785153460675600000,1785153460675645000,1785153460675649000,1785153460675649000,1785153460675649000,121932490,121652369,-235.121,1.000,0.000,1.000,4.000,0.000,0.000,1.000,0,0,0
B3_zmq_pushpull,zmq_tcp,none,none,,1,24216,512,584,1785153460676601000,1785153460676601000,1785153460676601000,1785153460676602000,1785153460676764000,1785153460676766000,1785153460676766000,1785153460676766000,121932490,121652369,-118.121,0.000,0.000,1.000,2.000,0.000,0.000,117.000,0,0,0
B3_zmq_pushpull,zmq_tcp,none,none,,1,24217,512,584,1785153460677601000,1785153460677602000,1785153460677602000,1785153460677603000,1785153460677762000,1785153460677765000,1785153460677765000,1785153460677765000,121932490,121652369,-121.121,1.000,0.000,1.000,3.000,0.000,0.000,3.000,0,0,0
B3_zmq_pushpull,zmq_tcp,none,none,,1,24218,512,584,1785153460678600000,1785153460678600000,1785153460678600000,1785153460678601000,1785153460678768000,1785153460678770000,1785153460678770000,1785153460678770000,121932490,121652369,-113.121,0.000,0.000,1.000,2.000,0.000,0.000,8.000,0,0,0
B3_zmq_pushpull,zmq_tcp,none,none,,1,24219,512,584,1785153460679602000,1785153460679602000,1785153460679602000,1785153460679603000,1785153460679769000,1785153460679772000,1785153460679772000,1785153460679772000,121932490,121652369,-114.121,0.000,0.000,1.000,3.000,0.000,0.000,1.000,0,0,0
B3_zmq_pushpull,zmq_tcp,none,none,,1,24220,512,584,1785153460680598000,1785153460680598000,1785153460680598000,1785153460680599000,1785153460680762000,1785153460680765000,1785153460680765000,1785153460680765000,121932490,121652369,-117.121,0.000,0.000,1.000,3.000,0.000,0.000,3.000,0,0,0
B3_zmq_pushpull,zmq_tcp,none,none,,1,24221,512,584,1785153460681601000,1785153460681602000,1785153460681602000,1785153460681603000,1785153460681745000,1785153460681748000,1785153460681748000,1785153460681748000,121932490,121652369,-138.121,1.000,0.000,1.000,3.000,0.000,0.000,21.000,0,0,0
B3_zmq_pushpull,zmq_tcp,none,none,,1,24222,512,584,1785153460682600000,1785153460682600000,1785153460682600000,1785153460682601000,1785153460682737000,1785153460682740000,1785153460682740000,1785153460682740000,121932490,121652369,-144.121,0.000,0.000,1.000,3.000,0.000,0.000,6.000,0,0,0
B3_zmq_pushpull,zmq_tcp,none,none,,1,24223,512,584,1785153460683601000,1785153460683601000,1785153460683601000,1785153460683602000,1785153460683713000,1785153460683716000,1785153460683716000,1785153460683716000,121932490,121652369,-169.121,0.000,0.000,1.000,3.000,0.000,0.000,25.000,0,0,0
B3_zmq_pushpull,zmq_tcp,none,none,,1,24224,512,584,1785153460684409000,1785153460684409000,1785153460684409000,1785153460684410000,1785153460684565000,1785153460684568000,1785153460684568000,1785153460684568000,121932490,121652369,-125.121,0.000,0.000,1.000,3.000,0.000,0.000,44.000,0,0,0
B3_zmq_pushpull,zmq_tcp,none,none,,1,24225,512,584,1785153460685522000,1785153460685522000,1785153460685522000,1785153460685523000,1785153460685680000,1785153460685682000,1785153460685682000,1785153460685682000,121932490,121652369,-123.121,0.000,0.000,1.000,2.000,0.000,0.000,2.000,0,0,0
B3_zmq_pushpull,zmq_tcp,none,none,,1,24226,512,584,1785153460686503000,1785153460686503000,1785153460686503000,1785153460686504000,1785153460686661000,1785153460686664000,1785153460686664000,1785153460686664000,121932490,121652369,-123.121,0.000,0.000,1.000,3.000,0.000,0.000,0.000,0,0,0
B3_zmq_pushpull,zmq_tcp,none,none,,1,24227,512,584,1785153460687624000,1785153460687624000,1785153460687624000,1785153460687625000,1785153460687782000,1785153460687785000,1785153460687785000,1785153460687785000,121932490,121652369,-123.121,0.000,0.000,1.000,3.000,0.000,0.000,0.000,0,0,0
B3_zmq_pushpull,zmq_tcp,none,none,,1,24228,512,584,1785153460688594000,1785153460688594000,1785153460688594000,1785153460688595000,1785153460688635000,1785153460688638000,1785153460688638000,1785153460688638000,121932490,121652369,-240.121,0.000,0.000,1.000,3.000,0.000,0.000,117.000,0,0,0
B3_zmq_pushpull,zmq_tcp,none,none,,1,24229,512,584,1785153460689461000,1785153460689461000,1785153460689461000,1785153460689462000,1785153460689604000,1785153460689607000,1785153460689607000,1785153460689608000,121932490,121652369,-138.121,0.000,0.000,1.000,3.000,0.000,1.000,102.000,0,0,0
B3_zmq_pushpull,zmq_tcp,none,none,,1,24230,512,584,1785153460690635000,1785153460690635000,1785153460690635000,1785153460690636000,1785153460690722000,1785153460690725000,1785153460690725000,1785153460690725000,121932490,121652369,-194.121,0.000,0.000,1.000,3.000,0.000,0.000,56.000,0,0,0
B3_zmq_pushpull,zmq_tcp,none,none,,1,24231,512,584,1785153460691588000,1785153460691588000,1785153460691588000,1785153460691589000,1785153460691710000,1785153460691713000,1785153460691713000,1785153460691713000,121932490,121652369,-159.121,0.000,0.000,1.000,3.000,0.000,0.000,35.000,0,0,0
B3_zmq_pushpull,zmq_tcp,none,none,,1,24232,512,584,1785153460692604000,1785153460692604000,1785153460692604000,1785153460692605000,1785153460692704000,1785153460692706000,1785153460692706000,1785153460692706000,121932490,121652369,-181.121,0.000,0.000,1.000,2.000,0.000,0.000,22.000,0,0,0
B3_zmq_pushpull,zmq_tcp,none,none,,1,24233,512,584,1785153460693601000,1785153460693601000,1785153460693601000,1785153460693602000,1785153460693684000,1785153460693686000,1785153460693686000,1785153460693686000,121932490,121652369,-198.121,0.000,0.000,1.000,2.000,0.000,0.000,17.000,0,0,0
B3_zmq_pushpull,zmq_tcp,none,none,,1,24234,512,584,1785153460694602000,1785153460694602000,1785153460694602000,1785153460694603000,1785153460694681000,1785153460694684000,1785153460694684000,1785153460694684000,121932490,121652369,-202.121,0.000,0.000,1.000,3.000,0.000,0.000,4.000,0,0,0
B3_zmq_pushpull,zmq_tcp,none,none,,1,24235,512,584,1785153460695596000,1785153460695596000,1785153460695596000,1785153460695597000,1785153460695641000,1785153460695644000,1785153460695644000,1785153460695644000,121932490,121652369,-236.121,0.000,0.000,1.000,3.000,0.000,0.000,34.000,0,0,0
B3_zmq_pushpull,zmq_tcp,none,none,,1,24236,512,584,1785153460696602000,1785153460696602000,1785153460696602000,1785153460696603000,1785153460696742000,1785153460696745000,1785153460696745000,1785153460696745000,121932490,121652369,-141.121,0.000,0.000,1.000,3.000,0.000,0.000,95.000,0,0,0
B3_zmq_pushpull,zmq_tcp,none,none,,1,24237,512,584,1785153460697600000,1785153460697600000,1785153460697600000,1785153460697601000,1785153460697720000,1785153460697722000,1785153460697722000,1785153460697722000,121932490,121652369,-161.121,0.000,0.000,1.000,2.000,0.000,0.000,20.000,0,0,0
B3_zmq_pushpull,zmq_tcp,none,none,,1,24238,512,584,1785153460698602000,1785153460698602000,1785153460698602000,1785153460698603000,1785153460698721000,1785153460698724000,1785153460698724000,1785153460698724000,121932490,121652369,-162.121,0.000,0.000,1.000,3.000,0.000,0.000,1.000,0,0,0
B3_zmq_pushpull,zmq_tcp,none,none,,1,24239,512,584,1785153460699596000,1785153460699596000,1785153460699596000,1785153460699597000,1785153460699718000,1785153460699721000,1785153460699721000,1785153460699721000,121932490,121652369,-159.121,0.000,0.000,1.000,3.000,0.000,0.000,3.000,0,0,0
B3_zmq_pushpull,zmq_tcp,none,none,,1,24240,512,584,1785153460700421000,1785153460700421000,1785153460700421000,1785153460700422000,1785153460700565000,1785153460700568000,1785153460700568000,1785153460700568000,121932490,121652369,-137.121,0.000,0.000,1.000,3.000,0.000,0.000,22.000,0,0,0
B3_zmq_pushpull,zmq_tcp,none,none,,1,24241,512,584,1785153460701407000,1785153460701407000,1785153460701407000,1785153460701408000,1785153460701552000,1785153460701554000,1785153460701554000,1785153460701554000,121932490,121652369,-136.121,0.000,0.000,1.000,2.000,0.000,0.000,1.000,0,0,0
B3_zmq_pushpull,zmq_tcp,none,none,,1,24242,512,584,1785153460702649000,1785153460702650000,1785153460702650000,1785153460702651000,1785153460702820000,1785153460702823000,1785153460702823000,1785153460702823000,121932490,121652369,-111.121,1.000,0.000,1.000,3.000,0.000,0.000,25.000,0,0,0
B3_zmq_pushpull,zmq_tcp,none,none,,1,24243,512,584,1785153460703588000,1785153460703588000,1785153460703588000,1785153460703589000,1785153460703668000,1785153460703670000,1785153460703670000,1785153460703670000,121932490,121652369,-201.121,0.000,0.000,1.000,2.000,0.000,0.000,90.000,0,0,0
B3_zmq_pushpull,zmq_tcp,none,none,,1,24244,512,584,1785153460704604000,1785153460704604000,1785153460704604000,1785153460704605000,1785153460704650000,1785153460704653000,1785153460704653000,1785153460704653000,121932490,121652369,-235.121,0.000,0.000,1.000,3.000,0.000,0.000,34.000,0,0,0
B3_zmq_pushpull,zmq_tcp,none,none,,1,24245,512,584,1785153460705600000,1785153460705600000,1785153460705600000,1785153460705601000,1785153460705657000,1785153460705660000,1785153460705660000,1785153460705660000,121932490,121652369,-224.121,0.000,0.000,1.000,3.000,0.000,0.000,11.000,0,0,0
B3_zmq_pushpull,zmq_tcp,none,none,,1,24246,512,584,1785153460706602000,1785153460706602000,1785153460706602000,1785153460706603000,1785153460706781000,1785153460706784000,1785153460706784000,1785153460706784000,121932490,121652369,-102.121,0.000,0.000,1.000,3.000,0.000,0.000,122.000,0,0,0
B3_zmq_pushpull,zmq_tcp,none,none,,1,24247,512,584,1785153460707596000,1785153460707596000,1785153460707596000,1785153460707597000,1785153460707644000,1785153460707647000,1785153460707648000,1785153460707648000,121932490,121652369,-233.121,0.000,0.000,1.000,3.000,1.000,0.000,131.000,0,0,0
B3_zmq_pushpull,zmq_tcp,none,none,,1,24248,512,584,1785153460708604000,1785153460708604000,1785153460708604000,1785153460708605000,1785153460708778000,1785153460708781000,1785153460708781000,1785153460708781000,121932490,121652369,-107.121,0.000,0.000,1.000,3.000,0.000,0.000,126.000,0,0,0
B3_zmq_pushpull,zmq_tcp,none,none,,1,24249,512,584,1785153460709600000,1785153460709600000,1785153460709600000,1785153460709601000,1785153460709772000,1785153460709775000,1785153460709775000,1785153460709775000,121932490,121652369,-109.121,0.000,0.000,1.000,3.000,0.000,0.000,2.000,0,0,0
B3_zmq_pushpull,zmq_tcp,none,none,,1,24250,512,584,1785153460710462000,1785153460710462000,1785153460710462000,1785153460710463000,1785153460710614000,1785153460710617000,1785153460710617000,1785153460710617000,121932490,121652369,-129.121,0.000,0.000,1.000,3.000,0.000,0.000,20.000,0,0,0
B3_zmq_pushpull,zmq_tcp,none,none,,1,24251,512,584,1785153460711430000,1785153460711430000,1785153460711430000,1785153460711431000,1785153460711582000,1785153460711585000,1785153460711585000,1785153460711585000,121932490,121652369,-129.121,0.000,0.000,1.000,3.000,0.000,0.000,0.000,0,0,0
B3_zmq_pushpull,zmq_tcp,none,none,,1,24252,512,584,1785153460712418000,1785153460712418000,1785153460712418000,1785153460712419000,1785153460712578000,1785153460712581000,1785153460712581000,1785153460712581000,121932490,121652369,-121.121,0.000,0.000,1.000,3.000,0.000,0.000,8.000,0,0,0
B3_zmq_pushpull,zmq_tcp,none,none,,1,24253,512,584,1785153460713645000,1785153460713645000,1785153460713645000,1785153460713646000,1785153460713834000,1785153460713842000,1785153460713842000,1785153460713842000,121932490,121652369,-92.121,0.000,0.000,1.000,8.000,0.000,0.000,29.000,0,0,0
B3_zmq_pushpull,zmq_tcp,none,none,,1,24254,512,584,1785153460714590000,1785153460714590000,1785153460714590000,1785153460714591000,1785153460714686000,1785153460714689000,1785153460714689000,1785153460714689000,121932490,121652369,-185.121,0.000,0.000,1.000,3.000,0.000,0.000,93.000,0,0,0
B3_zmq_pushpull,zmq_tcp,none,none,,1,24255,512,584,1785153460715603000,1785153460715603000,1785153460715603000,1785153460715604000,1785153460715665000,1785153460715668000,1785153460715668000,1785153460715668000,121932490,121652369,-219.121,0.000,0.000,1.000,3.000,0.000,0.000,34.000,0,0,0
B3_zmq_pushpull,zmq_tcp,none,none,,1,24256,512,584,1785153460716600000,1785153460716600000,1785153460716600000,1785153460716601000,1785153460716653000,1785153460716656000,1785153460716656000,1785153460716656000,121932490,121652369,-228.121,0.000,0.000,1.000,3.000,0.000,0.000,9.000,0,0,0
B3_zmq_pushpull,zmq_tcp,none,none,,1,24257,512,584,1785153460717600000,1785153460717600000,1785153460717600000,1785153460717601000,1785153460717766000,1785153460717769000,1785153460717769000,1785153460717769000,121932490,121652369,-115.121,0.000,0.000,1.000,3.000,0.000,0.000,113.000,0,0,0
B3_zmq_pushpull,zmq_tcp,none,none,,1,24258,512,584,1785153460718598000,1785153460718598000,1785153460718598000,1785153460718599000,1785153460718749000,1785153460718752000,1785153460718752000,1785153460718752000,121932490,121652369,-130.121,0.000,0.000,1.000,3.000,0.000,0.000,15.000,0,0,0
B3_zmq_pushpull,zmq_tcp,none,none,,1,24259,512,584,1785153460719442000,1785153460719442000,1785153460719442000,1785153460719443000,1785153460719598000,1785153460719601000,1785153460719601000,1785153460719601000,121932490,121652369,-125.121,0.000,0.000,1.000,3.000,0.000,0.000,5.000,0,0,0
B3_zmq_pushpull,zmq_tcp,none,none,,1,24260,512,584,1785153460720641000,1785153460720641000,1785153460720641000,1785153460720642000,1785153460720723000,1785153460720726000,1785153460720726000,1785153460720726000,121932490,121652369,-199.121,0.000,0.000,1.000,3.000,0.000,0.000,74.000,0,0,0
B3_zmq_pushpull,zmq_tcp,none,none,,1,24261,512,584,1785153460721589000,1785153460721589000,1785153460721590000,1785153460721590000,1785153460721724000,1785153460721726000,1785153460721727000,1785153460721727000,121932490,121652369,-146.121,0.000,1.000,0.000,2.000,1.000,0.000,53.000,0,0,0
B3_zmq_pushpull,zmq_tcp,none,none,,1,24262,512,584,1785153460722603000,1785153460722603000,1785153460722603000,1785153460722604000,1785153460722721000,1785153460722724000,1785153460722724000,1785153460722724000,121932490,121652369,-163.121,0.000,0.000,1.000,3.000,0.000,0.000,17.000,0,0,0
B3_zmq_pushpull,zmq_tcp,none,none,,1,24263,512,584,1785153460723600000,1785153460723600000,1785153460723600000,1785153460723601000,1785153460723704000,1785153460723707000,1785153460723707000,1785153460723707000,121932490,121652369,-177.121,0.000,0.000,1.000,3.000,0.000,0.000,14.000,0,0,0
B3_zmq_pushpull,zmq_tcp,none,none,,1,24264,512,584,1785153460724600000,1785153460724600000,1785153460724600000,1785153460724601000,1785153460724680000,1785153460724682000,1785153460724682000,1785153460724682000,121932490,121652369,-201.121,0.000,0.000,1.000,2.000,0.000,0.000,24.000,0,0,0
B3_zmq_pushpull,zmq_tcp,none,none,,1,24265,512,584,1785153460725597000,1785153460725598000,1785153460725598000,1785153460725599000,1785153460725642000,1785153460725646000,1785153460725646000,1785153460725646000,121932490,121652369,-237.121,1.000,0.000,1.000,4.000,0.000,0.000,36.000,0,0,0
B3_zmq_pushpull,zmq_tcp,none,none,,1,24266,512,584,1785153460726466000,1785153460726466000,1785153460726466000,1785153460726467000,1785153460726625000,1785153460726628000,1785153460726628000,1785153460726628000,121932490,121652369,-122.121,0.000,0.000,1.000,3.000,0.000,0.000,115.000,0,0,0
B3_zmq_pushpull,zmq_tcp,none,none,,1,24267,512,584,1785153460727448000,1785153460727449000,1785153460727449000,1785153460727450000,1785153460727606000,1785153460727609000,1785153460727609000,1785153460727609000,121932490,121652369,-124.121,1.000,0.000,1.000,3.000,0.000,0.000,2.000,0,0,0
B3_zmq_pushpull,zmq_tcp,none,none,,1,24268,512,584,1785153460728641000,1785153460728641000,1785153460728641000,1785153460728642000,1785153460728735000,1785153460728737000,1785153460728737000,1785153460728737000,121932490,121652369,-187.121,0.000,0.000,1.000,2.000,0.000,0.000,63.000,0,0,0
B3_zmq_pushpull,zmq_tcp,none,none,,1,24269,512,584,1785153460729587000,1785153460729587000,1785153460729587000,1785153460729588000,1785153460729711000,1785153460729714000,1785153460729714000,1785153460729714000,121932490,121652369,-157.121,0.000,0.000,1.000,3.000,0.000,0.000,30.000,0,0,0
B3_zmq_pushpull,zmq_tcp,none,none,,1,24270,512,584,1785153460730604000,1785153460730604000,1785153460730604000,1785153460730605000,1785153460730695000,1785153460730698000,1785153460730698000,1785153460730698000,121932490,121652369,-190.121,0.000,0.000,1.000,3.000,0.000,0.000,33.000,0,0,0
B3_zmq_pushpull,zmq_tcp,none,none,,1,24271,512,584,1785153460731600000,1785153460731600000,1785153460731600000,1785153460731601000,1785153460731682000,1785153460731685000,1785153460731685000,1785153460731685000,121932490,121652369,-199.121,0.000,0.000,1.000,3.000,0.000,0.000,9.000,0,0,0
B3_zmq_pushpull,zmq_tcp,none,none,,1,24272,512,584,1785153460732601000,1785153460732601000,1785153460732601000,1785153460732602000,1785153460732693000,1785153460732696000,1785153460732696000,1785153460732696000,121932490,121652369,-189.121,0.000,0.000,1.000,3.000,0.000,0.000,10.000,0,0,0
B3_zmq_pushpull,zmq_tcp,none,none,,1,24273,512,584,1785153460733600000,1785153460733600000,1785153460733600000,1785153460733601000,1785153460733693000,1785153460733696000,1785153460733696000,1785153460733696000,121932490,121652369,-188.121,0.000,0.000,1.000,3.000,0.000,0.000,1.000,0,0,0
B3_zmq_pushpull,zmq_tcp,none,none,,1,24274,512,584,1785153460734602000,1785153460734602000,1785153460734602000,1785153460734603000,1785153460734693000,1785153460734696000,1785153460734696000,1785153460734696000,121932490,121652369,-190.121,0.000,0.000,1.000,3.000,0.000,0.000,2.000,0,0,0
B3_zmq_pushpull,zmq_tcp,none,none,,1,24275,512,584,1785153460735600000,1785153460735600000,1785153460735600000,1785153460735601000,1785153460735693000,1785153460735697000,1785153460735697000,1785153460735697000,121932490,121652369,-188.121,0.000,0.000,1.000,4.000,0.000,0.000,2.000,0,0,0
B3_zmq_pushpull,zmq_tcp,none,none,,1,24276,512,584,1785153460736602000,1785153460736603000,1785153460736603000,1785153460736604000,1785153460736686000,1785153460736689000,1785153460736689000,1785153460736689000,121932490,121652369,-198.121,1.000,0.000,1.000,3.000,0.000,0.000,10.000,0,0,0
B3_zmq_pushpull,zmq_tcp,none,none,,1,24277,512,584,1785153460737599000,1785153460737599000,1785153460737599000,1785153460737600000,1785153460737663000,1785153460737666000,1785153460737666000,1785153460737666000,121932490,121652369,-217.121,0.000,0.000,1.000,3.000,0.000,0.000,19.000,0,0,0
B3_zmq_pushpull,zmq_tcp,none,none,,1,24278,512,584,1785153460738601000,1785153460738602000,1785153460738602000,1785153460738603000,1785153460738651000,1785153460738654000,1785153460738655000,1785153460738655000,121932490,121652369,-232.121,1.000,0.000,1.000,3.000,1.000,0.000,15.000,0,0,0
B3_zmq_pushpull,zmq_tcp,none,none,,1,24279,512,584,1785153460739601000,1785153460739601000,1785153460739601000,1785153460739602000,1785153460739650000,1785153460739654000,1785153460739655000,1785153460739655000,121932490,121652369,-232.121,0.000,0.000,1.000,4.000,1.000,0.000,0.000,0,0,0
B3_zmq_pushpull,zmq_tcp,none,none,,1,24280,512,584,1785153460740600000,1785153460740600000,1785153460740600000,1785153460740601000,1785153460740789000,1785153460740792000,1785153460740792000,1785153460740792000,121932490,121652369,-92.121,0.000,0.000,1.000,3.000,0.000,0.000,140.000,0,0,0
B3_zmq_pushpull,zmq_tcp,none,none,,1,24281,512,584,1785153460741600000,1785153460741600000,1785153460741600000,1785153460741601000,1785153460741763000,1785153460741765000,1785153460741765000,1785153460741765000,121932490,121652369,-118.121,0.000,0.000,1.000,2.000,0.000,0.000,26.000,0,0,0
B3_zmq_pushpull,zmq_tcp,none,none,,1,24282,512,584,1785153460742444000,1785153460742444000,1785153460742444000,1785153460742445000,1785153460742604000,1785153460742606000,1785153460742607000,1785153460742607000,121932490,121652369,-121.121,0.000,0.000,1.000,2.000,1.000,0.000,3.000,0,0,0
B3_zmq_pushpull,zmq_tcp,none,none,,1,24283,512,584,1785153460743422000,1785153460743422000,1785153460743422000,1785153460743423000,1785153460743581000,1785153460743583000,1785153460743584000,1785153460743584000,121932490,121652369,-122.121,0.000,0.000,1.000,2.000,1.000,0.000,1.000,0,0,0
B3_zmq_pushpull,zmq_tcp,none,none,,1,24284,512,584,1785153460744424000,1785153460744424000,1785153460744424000,1785153460744425000,1785153460744573000,1785153460744576000,1785153460744576000,1785153460744576000,121932490,121652369,-132.121,0.000,0.000,1.000,3.000,0.000,0.000,10.000,0,0,0
B3_zmq_pushpull,zmq_tcp,none,none,,1,24285,512,584,1785153460745646000,1785153460745646000,1785153460745646000,1785153460745647000,1785153460745836000,1785153460745838000,1785153460745839000,1785153460745839000,121932490,121652369,-91.121,0.000,0.000,1.000,2.000,1.000,0.000,41.000,0,0,0
B3_zmq_pushpull,zmq_tcp,none,none,,1,24286,512,584,1785153460746403000,1785153460746403000,1785153460746403000,1785153460746404000,1785153460746544000,1785153460746547000,1785153460746547000,1785153460746547000,121932490,121652369,-140.121,0.000,0.000,1.000,3.000,0.000,0.000,49.000,0,0,0
B3_zmq_pushpull,zmq_tcp,none,none,,1,24287,512,584,1785153460747529000,1785153460747529000,1785153460747529000,1785153460747530000,1785153460747687000,1785153460747689000,1785153460747689000,1785153460747689000,121932490,121652369,-123.121,0.000,0.000,1.000,2.000,0.000,0.000,17.000,0,0,0
B3_zmq_pushpull,zmq_tcp,none,none,,1,24288,512,584,1785153460748526000,1785153460748526000,1785153460748526000,1785153460748527000,1785153460748679000,1785153460748681000,1785153460748681000,1785153460748681000,121932490,121652369,-128.121,0.000,0.000,1.000,2.000,0.000,0.000,5.000,0,0,0
B3_zmq_pushpull,zmq_tcp,none,none,,1,24289,512,584,1785153460749521000,1785153460749521000,1785153460749521000,1785153460749522000,1785153460749674000,1785153460749676000,1785153460749676000,1785153460749676000,121932490,121652369,-128.121,0.000,0.000,1.000,2.000,0.000,0.000,0.000,0,0,0
B3_zmq_pushpull,zmq_tcp,none,none,,1,24290,512,584,1785153460750519000,1785153460750519000,1785153460750519000,1785153460750520000,1785153460750663000,1785153460750666000,1785153460750666000,1785153460750666000,121932490,121652369,-137.121,0.000,0.000,1.000,3.000,0.000,0.000,9.000,0,0,0
B3_zmq_pushpull,zmq_tcp,none,none,,1,24291,512,584,1785153460751620000,1785153460751620000,1785153460751620000,1785153460751621000,1785153460751788000,1785153460751791000,1785153460751791000,1785153460751791000,121932490,121652369,-113.121,0.000,0.000,1.000,3.000,0.000,0.000,24.000,0,0,0
B3_zmq_pushpull,zmq_tcp,none,none,,1,24292,512,584,1785153460752478000,1785153460752478000,1785153460752478000,1785153460752479000,1785153460752620000,1785153460752623000,1785153460752623000,1785153460752623000,121932490,121652369,-139.121,0.000,0.000,1.000,3.000,0.000,0.000,26.000,0,0,0
B3_zmq_pushpull,zmq_tcp,none,none,,1,24293,512,584,1785153460753631000,1785153460753631000,1785153460753631000,1785153460753632000,1785153460753740000,1785153460753743000,1785153460753743000,1785153460753743000,121932490,121652369,-172.121,0.000,0.000,1.000,3.000,0.000,0.000,33.000,0,0,0
B3_zmq_pushpull,zmq_tcp,none,none,,1,24294,512,584,1785153460754592000,1785153460754592000,1785153460754592000,1785153460754593000,1785153460754717000,1785153460754720000,1785153460754720000,1785153460754720000,121932490,121652369,-156.121,0.000,0.000,1.000,3.000,0.000,0.000,16.000,0,0,0
B3_zmq_pushpull,zmq_tcp,none,none,,1,24295,512,584,1785153460755605000,1785153460755606000,1785153460755606000,1785153460755607000,1785153460755702000,1785153460755704000,1785153460755704000,1785153460755704000,121932490,121652369,-185.121,1.000,0.000,1.000,2.000,0.000,0.000,29.000,0,0,0
B3_zmq_pushpull,zmq_tcp,none,none,,1,24296,512,584,1785153460756596000,1785153460756596000,1785153460756596000,1785153460756597000,1785153460756674000,1785153460756677000,1785153460756677000,1785153460756677000,121932490,121652369,-203.121,0.000,0.000,1.000,3.000,0.000,0.000,18.000,0,0,0
B3_zmq_pushpull,zmq_tcp,none,none,,1,24297,512,584,1785153460757602000,1785153460757602000,1785153460757602000,1785153460757603000,1785153460757648000,1785153460757652000,1785153460757652000,1785153460757652000,121932490,121652369,-235.121,0.000,0.000,1.000,4.000,0.000,0.000,32.000,0,0,0
B3_zmq_pushpull,zmq_tcp,none,none,,1,24298,512,584,1785153460758600000,1785153460758600000,1785153460758600000,1785153460758601000,1785153460758759000,1785153460758762000,1785153460758762000,1785153460758762000,121932490,121652369,-122.121,0.000,0.000,1.000,3.000,0.000,0.000,113.000,0,0,0
B3_zmq_pushpull,zmq_tcp,none,none,,1,24299,512,584,1785153460759601000,1785153460759601000,1785153460759601000,1785153460759602000,1785153460759741000,1785153460759744000,1785153460759744000,1785153460759744000,121932490,121652369,-141.121,0.000,0.000,1.000,3.000,0.000,0.000,19.000,0,0,0
B3_zmq_pushpull,zmq_tcp,none,none,,1,24300,512,584,1785153460760448000,1785153460760448000,1785153460760448000,1785153460760449000,1785153460760606000,1785153460760610000,1785153460760610000,1785153460760610000,121932490,121652369,-123.121,0.000,0.000,1.000,4.000,0.000,0.000,18.000,0,0,0
B3_zmq_pushpull,zmq_tcp,none,none,,1,24301,512,584,1785153460761423000,1785153460761423000,1785153460761423000,1785153460761424000,1785153460761574000,1785153460761577000,1785153460761577000,1785153460761577000,121932490,121652369,-130.121,0.000,0.000,1.000,3.000,0.000,0.000,7.000,0,0,0
B3_zmq_pushpull,zmq_tcp,none,none,,1,24302,512,584,1785153460762413000,1785153460762413000,1785153460762413000,1785153460762414000,1785153460762571000,1785153460762573000,1785153460762573000,1785153460762573000,121932490,121652369,-123.121,0.000,0.000,1.000,2.000,0.000,0.000,7.000,0,0,0
B3_zmq_pushpull,zmq_tcp,none,none,,1,24303,512,584,1785153460763420000,1785153460763420000,1785153460763420000,1785153460763421000,1785153460763581000,1785153460763584000,1785153460763585000,1785153460763585000,121932490,121652369,-120.121,0.000,0.000,1.000,3.000,1.000,0.000,3.000,0,0,0
B3_zmq_pushpull,zmq_tcp,none,none,,1,24304,512,584,1785153460764644000,1785153460764644000,1785153460764644000,1785153460764645000,1785153460764832000,1785153460764835000,1785153460764835000,1785153460764835000,121932490,121652369,-93.121,0.000,0.000,1.000,3.000,0.000,0.000,27.000,0,0,0
B3_zmq_pushpull,zmq_tcp,none,none,,1,24305,512,584,1785153460765590000,1785153460765590000,1785153460765590000,1785153460765591000,1785153460765677000,1785153460765680000,1785153460765680000,1785153460765680000,121932490,121652369,-194.121,0.000,0.000,1.000,3.000,0.000,0.000,101.000,0,0,0
B3_zmq_pushpull,zmq_tcp,none,none,,1,24306,512,584,1785153460766603000,1785153460766603000,1785153460766603000,1785153460766604000,1785153460766659000,1785153460766662000,1785153460766662000,1785153460766662000,121932490,121652369,-225.121,0.000,0.000,1.000,3.000,0.000,0.000,31.000,0,0,0
B3_zmq_pushpull,zmq_tcp,none,none,,1,24307,512,584,1785153460767480000,1785153460767480000,1785153460767480000,1785153460767481000,1785153460767637000,1785153460767640000,1785153460767640000,1785153460767640000,121932490,121652369,-124.121,0.000,0.000,1.000,3.000,0.000,0.000,101.000,0,0,0
B3_zmq_pushpull,zmq_tcp,none,none,,1,24308,512,584,1785153460768632000,1785153460768632000,1785153460768632000,1785153460768633000,1785153460768749000,1785153460768752000,1785153460768752000,1785153460768752000,121932490,121652369,-164.121,0.000,0.000,1.000,3.000,0.000,0.000,40.000,0,0,0
B3_zmq_pushpull,zmq_tcp,none,none,,1,24309,512,584,1785153460769593000,1785153460769593000,1785153460769593000,1785153460769594000,1785153460769739000,1785153460769741000,1785153460769741000,1785153460769741000,121932490,121652369,-135.121,0.000,0.000,1.000,2.000,0.000,0.000,29.000,0,0,0
B3_zmq_pushpull,zmq_tcp,none,none,,1,24310,512,584,1785153460770603000,1785153460770603000,1785153460770603000,1785153460770604000,1785153460770721000,1785153460770724000,1785153460770724000,1785153460770724000,121932490,121652369,-163.121,0.000,0.000,1.000,3.000,0.000,0.000,28.000,0,0,0
B3_zmq_pushpull,zmq_tcp,none,none,,1,24311,512,584,1785153460771602000,1785153460771602000,1785153460771602000,1785153460771603000,1785153460771723000,1785153460771726000,1785153460771726000,1785153460771726000,121932490,121652369,-160.121,0.000,0.000,1.000,3.000,0.000,0.000,3.000,0,0,0
B3_zmq_pushpull,zmq_tcp,none,none,,1,24312,512,584,1785153460772531000,1785153460772531000,1785153460772531000,1785153460772532000,1785153460772689000,1785153460772693000,1785153460772693000,1785153460772694000,121932490,121652369,-123.121,0.000,0.000,1.000,4.000,0.000,1.000,37.000,0,0,0
B3_zmq_pushpull,zmq_tcp,none,none,,1,24313,512,584,1785153460773620000,1785153460773620000,1785153460773620000,1785153460773621000,1785153460773684000,1785153460773687000,1785153460773687000,1785153460773687000,121932490,121652369,-217.121,0.000,0.000,1.000,3.000,0.000,0.000,94.000,0,0,0
B3_zmq_pushpull,zmq_tcp,none,none,,1,24314,512,584,1785153460774518000,1785153460774518000,1785153460774518000,1785153460774519000,1785153460774679000,1785153460774681000,1785153460774681000,1785153460774681000,121932490,121652369,-120.121,0.000,0.000,1.000,2.000,0.000,0.000,97.000,0,0,0
B3_zmq_pushpull,zmq_tcp,none,none,,1,24315,512,584,1785153460775623000,1785153460775623000,1785153460775623000,1785153460775624000,1785153460775811000,1785153460775813000,1785153460775813000,1785153460775813000,121932490,121652369,-93.121,0.000,0.000,1.000,2.000,0.000,0.000,27.000,0,0,0
B3_zmq_pushpull,zmq_tcp,none,none,,1,24316,512,584,1785153460776595000,1785153460776595000,1785153460776595000,1785153460776596000,1785153460776789000,1785153460776792000,1785153460776792000,1785153460776792000,121932490,121652369,-87.121,0.000,0.000,1.000,3.000,0.000,0.000,6.000,0,0,0
B3_zmq_pushpull,zmq_tcp,none,none,,1,24317,512,584,1785153460777492000,1785153460777492000,1785153460777492000,1785153460777494000,1785153460777643000,1785153460777647000,1785153460777647000,1785153460777647000,121932490,121652369,-131.121,0.000,0.000,2.000,4.000,0.000,0.000,44.000,0,0,0
B3_zmq_pushpull,zmq_tcp,none,none,,1,24318,512,584,1785153460778630000,1785153460778630000,1785153460778630000,1785153460778631000,1785153460778785000,1785153460778788000,1785153460778788000,1785153460778788000,121932490,121652369,-126.121,0.000,0.000,1.000,3.000,0.000,0.000,5.000,0,0,0
B3_zmq_pushpull,zmq_tcp,none,none,,1,24319,512,584,1785153460779593000,1785153460779593000,1785153460779593000,1785153460779594000,1785153460779747000,1785153460779749000,1785153460779749000,1785153460779749000,121932490,121652369,-127.121,0.000,0.000,1.000,2.000,0.000,0.000,1.000,0,0,0
B3_zmq_pushpull,zmq_tcp,none,none,,1,24320,512,584,1785153460780603000,1785153460780603000,1785153460780603000,1785153460780604000,1785153460780716000,1785153460780719000,1785153460780719000,1785153460780719000,121932490,121652369,-168.121,0.000,0.000,1.000,3.000,0.000,0.000,41.000,0,0,0
B3_zmq_pushpull,zmq_tcp,none,none,,1,24321,512,584,1785153460781596000,1785153460781597000,1785153460781597000,1785153460781597000,1785153460781716000,1785153460781719000,1785153460781719000,1785153460781719000,121932490,121652369,-161.121,1.000,0.000,0.000,3.000,0.000,0.000,7.000,0,0,0
B3_zmq_pushpull,zmq_tcp,none,none,,1,24322,512,584,1785153460782602000,1785153460782602000,1785153460782602000,1785153460782603000,1785153460782707000,1785153460782710000,1785153460782710000,1785153460782710000,121932490,121652369,-176.121,0.000,0.000,1.000,3.000,0.000,0.000,15.000,0,0,0
B3_zmq_pushpull,zmq_tcp,none,none,,1,24323,512,584,1785153460783603000,1785153460783603000,1785153460783603000,1785153460783604000,1785153460783712000,1785153460783715000,1785153460783715000,1785153460783715000,121932490,121652369,-172.121,0.000,0.000,1.000,3.000,0.000,0.000,4.000,0,0,0
B3_zmq_pushpull,zmq_tcp,none,none,,1,24324,512,584,1785153460784600000,1785153460784600000,1785153460784601000,1785153460784601000,1785153460784711000,1785153460784713000,1785153460784713000,1785153460784713000,121932490,121652369,-170.121,0.000,1.000,0.000,2.000,0.000,0.000,2.000,0,0,0
B3_zmq_pushpull,zmq_tcp,none,none,,1,24325,512,584,1785153460785603000,1785153460785603000,1785153460785603000,1785153460785604000,1785153460785706000,1785153460785710000,1785153460785710000,1785153460785710000,121932490,121652369,-178.121,0.000,0.000,1.000,4.000,0.000,0.000,8.000,0,0,0
B3_zmq_pushpull,zmq_tcp,none,none,,1,24326,512,584,1785153460786600000,1785153460786600000,1785153460786601000,1785153460786601000,1785153460786688000,1785153460786691000,1785153460786691000,1785153460786691000,121932490,121652369,-193.121,0.000,1.000,0.000,3.000,0.000,0.000,15.000,0,0,0
B3_zmq_pushpull,zmq_tcp,none,none,,1,24327,512,584,1785153460787600000,1785153460787600000,1785153460787601000,1785153460787601000,1785153460787673000,1785153460787676000,1785153460787676000,1785153460787676000,121932490,121652369,-208.121,0.000,1.000,0.000,3.000,0.000,0.000,15.000,0,0,0
B3_zmq_pushpull,zmq_tcp,none,none,,1,24328,512,584,1785153460788601000,1785153460788601000,1785153460788602000,1785153460788603000,1785153460788666000,1785153460788669000,1785153460788670000,1785153460788670000,121932490,121652369,-217.121,0.000,1.000,1.000,3.000,1.000,0.000,9.000,0,0,0
B3_zmq_pushpull,zmq_tcp,none,none,,1,24329,512,584,1785153460789600000,1785153460789600000,1785153460789600000,1785153460789601000,1785153460789668000,1785153460789671000,1785153460789671000,1785153460789671000,121932490,121652369,-213.121,0.000,0.000,1.000,3.000,0.000,0.000,4.000,0,0,0
B3_zmq_pushpull,zmq_tcp,none,none,,1,24330,512,584,1785153460790601000,1785153460790601000,1785153460790601000,1785153460790602000,1785153460790667000,1785153460790670000,1785153460790670000,1785153460790670000,121932490,121652369,-215.121,0.000,0.000,1.000,3.000,0.000,0.000,2.000,0,0,0
B3_zmq_pushpull,zmq_tcp,none,none,,1,24331,512,584,1785153460791602000,1785153460791603000,1785153460791603000,1785153460791604000,1785153460791670000,1785153460791672000,1785153460791672000,1785153460791672000,121932490,121652369,-214.121,1.000,0.000,1.000,2.000,0.000,0.000,1.000,0,0,0
B3_zmq_pushpull,zmq_tcp,none,none,,1,24332,512,584,1785153460792602000,1785153460792602000,1785153460792602000,1785153460792603000,1785153460792783000,1785153460792786000,1785153460792786000,1785153460792786000,121932490,121652369,-100.121,0.000,0.000,1.000,3.000,0.000,0.000,114.000,0,0,0
B3_zmq_pushpull,zmq_tcp,none,none,,1,24333,512,584,1785153460793600000,1785153460793601000,1785153460793601000,1785153460793602000,1785153460793763000,1785153460793766000,1785153460793766000,1785153460793766000,121932490,121652369,-119.121,1.000,0.000,1.000,3.000,0.000,0.000,19.000,0,0,0
B3_zmq_pushpull,zmq_tcp,none,none,,1,24334,512,584,1785153460794601000,1785153460794601000,1785153460794601000,1785153460794602000,1785153460794740000,1785153460794743000,1785153460794743000,1785153460794743000,121932490,121652369,-142.121,0.000,0.000,1.000,3.000,0.000,0.000,23.000,0,0,0
B3_zmq_pushpull,zmq_tcp,none,none,,1,24335,512,584,1785153460795600000,1785153460795601000,1785153460795601000,1785153460795602000,1785153460795733000,1785153460795736000,1785153460795736000,1785153460795736000,121932490,121652369,-149.121,1.000,0.000,1.000,3.000,0.000,0.000,7.000,0,0,0
B3_zmq_pushpull,zmq_tcp,none,none,,1,24336,512,584,1785153460796598000,1785153460796598000,1785153460796598000,1785153460796599000,1785153460796719000,1785153460796722000,1785153460796722000,1785153460796722000,121932490,121652369,-160.121,0.000,0.000,1.000,3.000,0.000,0.000,11.000,0,0,0
B3_zmq_pushpull,zmq_tcp,none,none,,1,24337,512,584,1785153460797604000,1785153460797605000,1785153460797605000,1785153460797606000,1785153460797712000,1785153460797715000,1785153460797715000,1785153460797715000,121932490,121652369,-174.121,1.000,0.000,1.000,3.000,0.000,0.000,14.000,0,0,0
B3_zmq_pushpull,zmq_tcp,none,none,,1,24338,512,584,1785153460798600000,1785153460798601000,1785153460798601000,1785153460798602000,1785153460798708000,1785153460798711000,1785153460798711000,1785153460798711000,121932490,121652369,-174.121,1.000,0.000,1.000,3.000,0.000,0.000,0.000,0,0,0
B3_zmq_pushpull,zmq_tcp,none,none,,1,24339,512,584,1785153460799604000,1785153460799604000,1785153460799604000,1785153460799605000,1785153460799707000,1785153460799710000,1785153460799710000,1785153460799710000,121932490,121652369,-178.121,0.000,0.000,1.000,3.000,0.000,0.000,4.000,0,0,0
B3_zmq_pushpull,zmq_tcp,none,none,,1,24340,512,584,1785153460800598000,1785153460800598000,1785153460800598000,1785153460800599000,1785153460800685000,1785153460800688000,1785153460800688000,1785153460800688000,121932490,121652369,-194.121,0.000,0.000,1.000,3.000,0.000,0.000,16.000,0,0,0
B3_zmq_pushpull,zmq_tcp,none,none,,1,24341,512,584,1785153460801601000,1785153460801601000,1785153460801601000,1785153460801602000,1785153460801673000,1785153460801676000,1785153460801676000,1785153460801676000,121932490,121652369,-209.121,0.000,0.000,1.000,3.000,0.000,0.000,15.000,0,0,0
B3_zmq_pushpull,zmq_tcp,none,none,,1,24342,512,584,1785153460802605000,1785153460802605000,1785153460802605000,1785153460802606000,1785153460802792000,1785153460802795000,1785153460802795000,1785153460802795000,121932490,121652369,-94.121,0.000,0.000,1.000,3.000,0.000,0.000,115.000,0,0,0
B3_zmq_pushpull,zmq_tcp,none,none,,1,24343,512,584,1785153460803598000,1785153460803599000,1785153460803599000,1785153460803600000,1785153460803795000,1785153460803798000,1785153460803799000,1785153460803799000,121932490,121652369,-85.121,1.000,0.000,1.000,3.000,1.000,0.000,9.000,0,0,0
B3_zmq_pushpull,zmq_tcp,none,none,,1,24344,512,584,1785153460804602000,1785153460804602000,1785153460804602000,1785153460804603000,1785153460804796000,1785153460804799000,1785153460804799000,1785153460804799000,121932490,121652369,-87.121,0.000,0.000,1.000,3.000,0.000,0.000,2.000,0,0,0
B3_zmq_pushpull,zmq_tcp,none,none,,1,24345,512,584,1785153460805603000,1785153460805603000,1785153460805603000,1785153460805604000,1785153460805790000,1785153460805792000,1785153460805792000,1785153460805792000,121932490,121652369,-94.121,0.000,0.000,1.000,2.000,0.000,0.000,7.000,0,0,0
B3_zmq_pushpull,zmq_tcp,none,none,,1,24346,512,584,1785153460806480000,1785153460806480000,1785153460806480000,1785153460806481000,1785153460806637000,1785153460806640000,1785153460806640000,1785153460806640000,121932490,121652369,-124.121,0.000,0.000,1.000,3.000,0.000,0.000,30.000,0,0,0
B3_zmq_pushpull,zmq_tcp,none,none,,1,24347,512,584,1785153460807631000,1785153460807631000,1785153460807631000,1785153460807632000,1785153460807748000,1785153460807751000,1785153460807751000,1785153460807751000,121932490,121652369,-164.121,0.000,0.000,1.000,3.000,0.000,0.000,40.000,0,0,0
B3_zmq_pushpull,zmq_tcp,none,none,,1,24348,512,584,1785153460808596000,1785153460808596000,1785153460808596000,1785153460808597000,1785153460808736000,1785153460808739000,1785153460808739000,1785153460808739000,121932490,121652369,-141.121,0.000,0.000,1.000,3.000,0.000,0.000,23.000,0,0,0
B3_zmq_pushpull,zmq_tcp,none,none,,1,24349,512,584,1785153460809602000,1785153460809602000,1785153460809602000,1785153460809603000,1785153460809712000,1785153460809715000,1785153460809715000,1785153460809715000,121932490,121652369,-171.121,0.000,0.000,1.000,3.000,0.000,0.000,30.000,0,0,0
B3_zmq_pushpull,zmq_tcp,none,none,,1,24350,512,584,1785153460810599000,1785153460810600000,1785153460810600000,1785153460810601000,1785153460810695000,1785153460810699000,1785153460810699000,1785153460810699000,121932490,121652369,-186.121,1.000,0.000,1.000,4.000,0.000,0.000,15.000,0,0,0
B3_zmq_pushpull,zmq_tcp,none,none,,1,24351,512,584,1785153460811603000,1785153460811603000,1785153460811603000,1785153460811604000,1785153460811693000,1785153460811695000,1785153460811695000,1785153460811695000,121932490,121652369,-191.121,0.000,0.000,1.000,2.000,0.000,0.000,5.000,0,0,0
B3_zmq_pushpull,zmq_tcp,none,none,,1,24352,512,584,1785153460812602000,1785153460812602000,1785153460812602000,1785153460812603000,1785153460812687000,1785153460812690000,1785153460812690000,1785153460812690000,121932490,121652369,-196.121,0.000,0.000,1.000,3.000,0.000,0.000,5.000,0,0,0
B3_zmq_pushpull,zmq_tcp,none,none,,1,24353,512,584,1785153460813601000,1785153460813601000,1785153460813601000,1785153460813602000,1785153460813665000,1785153460813669000,1785153460813669000,1785153460813669000,121932490,121652369,-217.121,0.000,0.000,1.000,4.000,0.000,0.000,21.000,0,0,0
B3_zmq_pushpull,zmq_tcp,none,none,,1,24354,512,584,1785153460814599000,1785153460814599000,1785153460814599000,1785153460814600000,1785153460814780000,1785153460814782000,1785153460814782000,1785153460814782000,121932490,121652369,-100.121,0.000,0.000,1.000,2.000,0.000,0.000,117.000,0,0,0
B3_zmq_pushpull,zmq_tcp,none,none,,1,24355,512,584,1785153460815603000,1785153460815603000,1785153460815603000,1785153460815604000,1785153460815762000,1785153460815765000,1785153460815765000,1785153460815765000,121932490,121652369,-122.121,0.000,0.000,1.000,3.000,0.000,0.000,22.000,0,0,0
B3_zmq_pushpull,zmq_tcp,none,none,,1,24356,512,584,1785153460816443000,1785153460816443000,1785153460816443000,1785153460816444000,1785153460816600000,1785153460816604000,1785153460816604000,1785153460816604000,121932490,121652369,-124.121,0.000,0.000,1.000,4.000,0.000,0.000,2.000,0,0,0
B3_zmq_pushpull,zmq_tcp,none,none,,1,24357,512,584,1785153460817642000,1785153460817642000,1785153460817642000,1785153460817643000,1785153460817731000,1785153460817733000,1785153460817733000,1785153460817733000,121932490,121652369,-192.121,0.000,0.000,1.000,2.000,0.000,0.000,68.000,0,0,0
B3_zmq_pushpull,zmq_tcp,none,none,,1,24358,512,584,1785153460818588000,1785153460818588000,1785153460818588000,1785153460818589000,1785153460818737000,1785153460818740000,1785153460818740000,1785153460818740000,121932490,121652369,-132.121,0.000,0.000,1.000,3.000,0.000,0.000,60.000,0,0,0
B3_zmq_pushpull,zmq_tcp,none,none,,1,24359,512,584,1785153460819605000,1785153460819605000,1785153460819605000,1785153460819606000,1785153460819725000,1785153460819728000,1785153460819728000,1785153460819728000,121932490,121652369,-161.121,0.000,0.000,1.000,3.000,0.000,0.000,29.000,0,0,0
B3_zmq_pushpull,zmq_tcp,none,none,,1,24360,512,584,1785153460820600000,1785153460820600000,1785153460820600000,1785153460820601000,1785153460820715000,1785153460820718000,1785153460820718000,1785153460820718000,121932490,121652369,-166.121,0.000,0.000,1.000,3.000,0.000,0.000,5.000,0,0,0
B3_zmq_pushpull,zmq_tcp,none,none,,1,24361,512,584,1785153460821601000,1785153460821601000,1785153460821602000,1785153460821602000,1785153460821710000,1785153460821712000,1785153460821712000,1785153460821712000,121932490,121652369,-172.121,0.000,1.000,0.000,2.000,0.000,0.000,6.000,0,0,0
B3_zmq_pushpull,zmq_tcp,none,none,,1,24362,512,584,1785153460822602000,1785153460822602000,1785153460822602000,1785153460822603000,1785153460822700000,1785153460822703000,1785153460822704000,1785153460822704000,121932490,121652369,-183.121,0.000,0.000,1.000,3.000,1.000,0.000,11.000,0,0,0
B3_zmq_pushpull,zmq_tcp,none,none,,1,24363,512,584,1785153460823409000,1785153460823409000,1785153460823409000,1785153460823410000,1785153460823557000,1785153460823560000,1785153460823560000,1785153460823560000,121932490,121652369,-133.121,0.000,0.000,1.000,3.000,0.000,0.000,50.000,0,0,0
B3_zmq_pushpull,zmq_tcp,none,none,,1,24364,512,584,1785153460824525000,1785153460824525000,1785153460824525000,1785153460824526000,1785153460824682000,1785153460824685000,1785153460824685000,1785153460824685000,121932490,121652369,-124.121,0.000,0.000,1.000,3.000,0.000,0.000,9.000,0,0,0
B3_zmq_pushpull,zmq_tcp,none,none,,1,24365,512,584,1785153460825621000,1785153460825621000,1785153460825621000,1785153460825622000,1785153460825690000,1785153460825694000,1785153460825694000,1785153460825694000,121932490,121652369,-212.121,0.000,0.000,1.000,4.000,0.000,0.000,88.000,0,0,0
B3_zmq_pushpull,zmq_tcp,none,none,,1,24366,512,584,1785153460826512000,1785153460826512000,1785153460826512000,1785153460826513000,1785153460826664000,1785153460826667000,1785153460826667000,1785153460826667000,121932490,121652369,-129.121,0.000,0.000,1.000,3.000,0.000,0.000,83.000,0,0,0
B3_zmq_pushpull,zmq_tcp,none,none,,1,24367,512,584,1785153460827497000,1785153460827497000,1785153460827497000,1785153460827499000,1785153460827654000,1785153460827657000,1785153460827657000,1785153460827657000,121932490,121652369,-125.121,0.000,0.000,2.000,3.000,0.000,0.000,4.000,0,0,0
B3_zmq_pushpull,zmq_tcp,none,none,,1,24368,512,584,1785153460828630000,1785153460828630000,1785153460828630000,1785153460828631000,1785153460828779000,1785153460828782000,1785153460828782000,1785153460828782000,121932490,121652369,-132.121,0.000,0.000,1.000,3.000,0.000,0.000,7.000,0,0,0
B3_zmq_pushpull,zmq_tcp,none,none,,1,24369,512,584,1785153460829595000,1785153460829596000,1785153460829596000,1785153460829597000,1785153460829772000,1785153460829775000,1785153460829775000,1785153460829775000,121932490,121652369,-105.121,1.000,0.000,1.000,3.000,0.000,0.000,27.000,0,0,0
B3_zmq_pushpull,zmq_tcp,none,none,,1,24370,512,584,1785153460830605000,1785153460830605000,1785153460830605000,1785153460830606000,1785153460830752000,1785153460830755000,1785153460830755000,1785153460830755000,121932490,121652369,-134.121,0.000,0.000,1.000,3.000,0.000,0.000,29.000,0,0,0
B3_zmq_pushpull,zmq_tcp,none,none,,1,24371,512,584,1785153460831601000,1785153460831601000,1785153460831601000,1785153460831602000,1785153460831758000,1785153460831760000,1785153460831760000,1785153460831760000,121932490,121652369,-124.121,0.000,0.000,1.000,2.000,0.000,0.000,10.000,0,0,0
B3_zmq_pushpull,zmq_tcp,none,none,,1,24372,512,584,1785153460832601000,1785153460832601000,1785153460832601000,1785153460832602000,1785153460832762000,1785153460832765000,1785153460832766000,1785153460832766000,121932490,121652369,-120.121,0.000,0.000,1.000,3.000,1.000,0.000,4.000,0,0,0
B3_zmq_pushpull,zmq_tcp,none,none,,1,24373,512,584,1785153460833601000,1785153460833601000,1785153460833601000,1785153460833602000,1785153460833759000,1785153460833762000,1785153460833762000,1785153460833762000,121932490,121652369,-123.121,0.000,0.000,1.000,3.000,0.000,0.000,3.000,0,0,0
B3_zmq_pushpull,zmq_tcp,none,none,,1,24374,512,584,1785153460834601000,1785153460834601000,1785153460834601000,1785153460834602000,1785153460834748000,1785153460834751000,1785153460834751000,1785153460834751000,121932490,121652369,-134.121,0.000,0.000,1.000,3.000,0.000,0.000,11.000,0,0,0
B3_zmq_pushpull,zmq_tcp,none,none,,1,24375,512,584,1785153460835601000,1785153460835601000,1785153460835601000,1785153460835602000,1785153460835720000,1785153460835723000,1785153460835723000,1785153460835723000,121932490,121652369,-162.121,0.000,0.000,1.000,3.000,0.000,0.000,28.000,0,0,0
B3_zmq_pushpull,zmq_tcp,none,none,,1,24376,512,584,1785153460836601000,1785153460836601000,1785153460836601000,1785153460836602000,1785153460836694000,1785153460836696000,1785153460836696000,1785153460836696000,121932490,121652369,-188.121,0.000,0.000,1.000,2.000,0.000,0.000,26.000,0,0,0
B3_zmq_pushpull,zmq_tcp,none,none,,1,24377,512,584,1785153460837598000,1785153460837598000,1785153460837598000,1785153460837599000,1785153460837659000,1785153460837662000,1785153460837662000,1785153460837662000,121932490,121652369,-220.121,0.000,0.000,1.000,3.000,0.000,0.000,32.000,0,0,0
B3_zmq_pushpull,zmq_tcp,none,none,,1,24378,512,584,1785153460838507000,1785153460838507000,1785153460838507000,1785153460838509000,1785153460838651000,1785153460838654000,1785153460838654000,1785153460838654000,121932490,121652369,-138.121,0.000,0.000,2.000,3.000,0.000,0.000,82.000,0,0,0
B3_zmq_pushpull,zmq_tcp,none,none,,1,24379,512,584,1785153460839488000,1785153460839488000,1785153460839488000,1785153460839489000,1785153460839648000,1785153460839651000,1785153460839651000,1785153460839651000,121932490,121652369,-121.121,0.000,0.000,1.000,3.000,0.000,0.000,17.000,0,0,0
B3_zmq_pushpull,zmq_tcp,none,none,,1,24380,512,584,1785153460840631000,1785153460840631000,1785153460840631000,1785153460840632000,1785153460840761000,1785153460840764000,1785153460840764000,1785153460840764000,121932490,121652369,-151.121,0.000,0.000,1.000,3.000,0.000,0.000,30.000,0,0,0
B3_zmq_pushpull,zmq_tcp,none,none,,1,24381,512,584,1785153460841593000,1785153460841593000,1785153460841593000,1785153460841594000,1785153460841755000,1785153460841758000,1785153460841758000,1785153460841758000,121932490,121652369,-119.121,0.000,0.000,1.000,3.000,0.000,0.000,32.000,0,0,0
B3_zmq_pushpull,zmq_tcp,none,none,,1,24382,512,584,1785153460842603000,1785153460842603000,1785153460842603000,1785153460842604000,1785153460842738000,1785153460842741000,1785153460842741000,1785153460842741000,121932490,121652369,-146.121,0.000,0.000,1.000,3.000,0.000,0.000,27.000,0,0,0
B3_zmq_pushpull,zmq_tcp,none,none,,1,24383,512,584,1785153460843601000,1785153460843601000,1785153460843601000,1785153460843602000,1785153460843703000,1785153460843706000,1785153460843706000,1785153460843706000,121932490,121652369,-179.121,0.000,0.000,1.000,3.000,0.000,0.000,33.000,0,0,0
B3_zmq_pushpull,zmq_tcp,none,none,,1,24384,512,584,1785153460844604000,1785153460844604000,1785153460844604000,1785153460844605000,1785153460844692000,1785153460844694000,1785153460844694000,1785153460844694000,121932490,121652369,-193.121,0.000,0.000,1.000,2.000,0.000,0.000,14.000,0,0,0
B3_zmq_pushpull,zmq_tcp,none,none,,1,24385,512,584,1785153460845599000,1785153460845599000,1785153460845600000,1785153460845600000,1785153460845687000,1785153460845689000,1785153460845689000,1785153460845689000,121932490,121652369,-193.121,0.000,1.000,0.000,2.000,0.000,0.000,0.000,0,0,0
B3_zmq_pushpull,zmq_tcp,none,none,,1,24386,512,584,1785153460846605000,1785153460846605000,1785153460846605000,1785153460846606000,1785153460846671000,1785153460846674000,1785153460846674000,1785153460846674000,121932490,121652369,-215.121,0.000,0.000,1.000,3.000,0.000,0.000,22.000,0,0,0
B3_zmq_pushpull,zmq_tcp,none,none,,1,24387,512,584,1785153460847603000,1785153460847604000,1785153460847604000,1785153460847605000,1785153460847664000,1785153460847667000,1785153460847667000,1785153460847667000,121932490,121652369,-221.121,1.000,0.000,1.000,3.000,0.000,0.000,6.000,0,0,0
B3_zmq_pushpull,zmq_tcp,none,none,,1,24388,512,584,1785153460848506000,1785153460848506000,1785153460848506000,1785153460848507000,1785153460848663000,1785153460848666000,1785153460848666000,1785153460848666000,121932490,121652369,-124.121,0.000,0.000,1.000,3.000,0.000,0.000,97.000,0,0,0
B3_zmq_pushpull,zmq_tcp,none,none,,1,24389,512,584,1785153460849515000,1785153460849516000,1785153460849516000,1785153460849517000,1785153460849674000,1785153460849677000,1785153460849677000,1785153460849677000,121932490,121652369,-123.121,1.000,0.000,1.000,3.000,0.000,0.000,1.000,0,0,0
B3_zmq_pushpull,zmq_tcp,none,none,,1,24390,512,584,1785153460850625000,1785153460850625000,1785153460850625000,1785153460850626000,1785153460850659000,1785153460850662000,1785153460850662000,1785153460850662000,121932490,121652369,-247.121,0.000,0.000,1.000,3.000,0.000,0.000,124.000,0,0,0
B3_zmq_pushpull,zmq_tcp,none,none,,1,24391,512,584,1785153460851595000,1785153460851596000,1785153460851596000,1785153460851597000,1785153460851655000,1785153460851658000,1785153460851658000,1785153460851658000,121932490,121652369,-222.121,1.000,0.000,1.000,3.000,0.000,0.000,25.000,0,0,0
B3_zmq_pushpull,zmq_tcp,none,none,,1,24392,512,584,1785153460852499000,1785153460852499000,1785153460852499000,1785153460852500000,1785153460852658000,1785153460852660000,1785153460852660000,1785153460852661000,121932490,121652369,-122.121,0.000,0.000,1.000,2.000,0.000,1.000,100.000,0,0,0
B3_zmq_pushpull,zmq_tcp,none,none,,1,24393,512,584,1785153460853485000,1785153460853485000,1785153460853486000,1785153460853486000,1785153460853643000,1785153460853646000,1785153460853646000,1785153460853646000,121932490,121652369,-123.121,0.000,1.000,0.000,3.000,0.000,0.000,1.000,0,0,0
B3_zmq_pushpull,zmq_tcp,none,none,,1,24394,512,584,1785153460854479000,1785153460854479000,1785153460854479000,1785153460854480000,1785153460854638000,1785153460854640000,1785153460854640000,1785153460854640000,121932490,121652369,-122.121,0.000,0.000,1.000,2.000,0.000,0.000,1.000,0,0,0
B3_zmq_pushpull,zmq_tcp,none,none,,1,24395,512,584,1785153460855632000,1785153460855632000,1785153460855632000,1785153460855633000,1785153460855743000,1785153460855746000,1785153460855746000,1785153460855746000,121932490,121652369,-170.121,0.000,0.000,1.000,3.000,0.000,0.000,48.000,0,0,0
B3_zmq_pushpull,zmq_tcp,none,none,,1,24396,512,584,1785153460856590000,1785153460856591000,1785153460856591000,1785153460856592000,1785153460856732000,1785153460856735000,1785153460856735000,1785153460856735000,121932490,121652369,-140.121,1.000,0.000,1.000,3.000,0.000,0.000,30.000,0,0,0
B3_zmq_pushpull,zmq_tcp,none,none,,1,24397,512,584,1785153460857603000,1785153460857604000,1785153460857604000,1785153460857605000,1785153460857698000,1785153460857700000,1785153460857700000,1785153460857700000,121932490,121652369,-187.121,1.000,0.000,1.000,2.000,0.000,0.000,47.000,0,0,0
B3_zmq_pushpull,zmq_tcp,none,none,,1,24398,512,584,1785153460858405000,1785153460858405000,1785153460858406000,1785153460858407000,1785153460858563000,1785153460858566000,1785153460858566000,1785153460858566000,121932490,121652369,-124.121,0.000,1.000,1.000,3.000,0.000,0.000,63.000,0,0,0
B3_zmq_pushpull,zmq_tcp,none,none,,1,24399,512,584,1785153460859415000,1785153460859416000,1785153460859416000,1785153460859417000,1785153460859559000,1785153460859562000,1785153460859562000,1785153460859562000,121932490,121652369,-138.121,1.000,0.000,1.000,3.000,0.000,0.000,14.000,0,0,0
B3_zmq_pushpull,zmq_tcp,none,none,,1,24400,512,584,1785153460860404000,1785153460860404000,1785153460860404000,1785153460860405000,1785153460860563000,1785153460860566000,1785153460860566000,1785153460860566000,121932490,121652369,-122.121,0.000,0.000,1.000,3.000,0.000,0.000,16.000,0,0,0
B3_zmq_pushpull,zmq_tcp,none,none,,1,24401,512,584,1785153460861412000,1785153460861412000,1785153460861412000,1785153460861413000,1785153460861559000,1785153460861562000,1785153460861562000,1785153460861562000,121932490,121652369,-134.121,0.000,0.000,1.000,3.000,0.000,0.000,12.000,0,0,0
B3_zmq_pushpull,zmq_tcp,none,none,,1,24402,512,584,1785153460862531000,1785153460862531000,1785153460862531000,1785153460862532000,1785153460862691000,1785153460862694000,1785153460862694000,1785153460862694000,121932490,121652369,-121.121,0.000,0.000,1.000,3.000,0.000,0.000,13.000,0,0,0
B3_zmq_pushpull,zmq_tcp,none,none,,1,24403,512,584,1785153460863618000,1785153460863619000,1785153460863619000,1785153460863620000,1785153460863671000,1785153460863674000,1785153460863674000,1785153460863674000,121932490,121652369,-229.121,1.000,0.000,1.000,3.000,0.000,0.000,108.000,0,0,0
B3_zmq_pushpull,zmq_tcp,none,none,,1,24404,512,584,1785153460864598000,1785153460864598000,1785153460864598000,1785153460864599000,1785153460864656000,1785153460864659000,1785153460864659000,1785153460864660000,121932490,121652369,-223.121,0.000,0.000,1.000,3.000,0.000,1.000,6.000,0,0,0
B3_zmq_pushpull,zmq_tcp,none,none,,1,24405,512,584,1785153460865603000,1785153460865603000,1785153460865603000,1785153460865604000,1785153460865651000,1785153460865653000,1785153460865653000,1785153460865653000,121932490,121652369,-233.121,0.000,0.000,1.000,2.000,0.000,0.000,10.000,0,0,0
B3_zmq_pushpull,zmq_tcp,none,none,,1,24406,512,584,1785153460866601000,1785153460866601000,1785153460866601000,1785153460866602000,1785153460866786000,1785153460866789000,1785153460866789000,1785153460866789000,121932490,121652369,-96.121,0.000,0.000,1.000,3.000,0.000,0.000,137.000,0,0,0
B3_zmq_pushpull,zmq_tcp,none,none,,1,24407,512,584,1785153460867601000,1785153460867601000,1785153460867601000,1785153460867602000,1785153460867783000,1785153460867786000,1785153460867786000,1785153460867786000,121932490,121652369,-99.121,0.000,0.000,1.000,3.000,0.000,0.000,3.000,0,0,0
B3_zmq_pushpull,zmq_tcp,none,none,,1,24408,512,584,1785153460868602000,1785153460868602000,1785153460868602000,1785153460868603000,1785153460868779000,1785153460868782000,1785153460868782000,1785153460868782000,121932490,121652369,-104.121,0.000,0.000,1.000,3.000,0.000,0.000,5.000,0,0,0
B3_zmq_pushpull,zmq_tcp,none,none,,1,24409,512,584,1785153460869498000,1785153460869498000,1785153460869499000,1785153460869500000,1785153460869638000,1785153460869642000,1785153460869642000,1785153460869642000,121932490,121652369,-142.121,0.000,1.000,1.000,4.000,0.000,0.000,38.000,0,0,0
B3_zmq_pushpull,zmq_tcp,none,none,,1,24410,512,584,1785153460870624000,1785153460870624000,1785153460870624000,1785153460870625000,1785153460870778000,1785153460870781000,1785153460870781000,1785153460870781000,121932490,121652369,-127.121,0.000,0.000,1.000,3.000,0.000,0.000,15.000,0,0,0
B3_zmq_pushpull,zmq_tcp,none,none,,1,24411,512,584,1785153460871596000,1785153460871597000,1785153460871597000,1785153460871598000,1785153460871765000,1785153460871768000,1785153460871768000,1785153460871768000,121932490,121652369,-113.121,1.000,0.000,1.000,3.000,0.000,0.000,14.000,0,0,0
B3_zmq_pushpull,zmq_tcp,none,none,,1,24412,512,584,1785153460872604000,1785153460872604000,1785153460872604000,1785153460872605000,1785153460872759000,1785153460872762000,1785153460872762000,1785153460872762000,121932490,121652369,-126.121,0.000,0.000,1.000,3.000,0.000,0.000,13.000,0,0,0
B3_zmq_pushpull,zmq_tcp,none,none,,1,24413,512,584,1785153460873598000,1785153460873599000,1785153460873599000,1785153460873600000,1785153460873749000,1785153460873752000,1785153460873752000,1785153460873752000,121932490,121652369,-131.121,1.000,0.000,1.000,3.000,0.000,0.000,5.000,0,0,0
B3_zmq_pushpull,zmq_tcp,none,none,,1,24414,512,584,1785153460874605000,1785153460874605000,1785153460874605000,1785153460874606000,1785153460874738000,1785153460874741000,1785153460874741000,1785153460874741000,121932490,121652369,-148.121,0.000,0.000,1.000,3.000,0.000,0.000,17.000,0,0,0
B3_zmq_pushpull,zmq_tcp,none,none,,1,24415,512,584,1785153460875601000,1785153460875601000,1785153460875601000,1785153460875602000,1785153460875729000,1785153460875733000,1785153460875733000,1785153460875733000,121932490,121652369,-153.121,0.000,0.000,1.000,4.000,0.000,0.000,5.000,0,0,0
B3_zmq_pushpull,zmq_tcp,none,none,,1,24416,512,584,1785153460876603000,1785153460876603000,1785153460876603000,1785153460876604000,1785153460876707000,1785153460876710000,1785153460876710000,1785153460876710000,121932490,121652369,-177.121,0.000,0.000,1.000,3.000,0.000,0.000,24.000,0,0,0
B3_zmq_pushpull,zmq_tcp,none,none,,1,24417,512,584,1785153460877598000,1785153460877598000,1785153460877598000,1785153460877599000,1785153460877693000,1785153460877697000,1785153460877697000,1785153460877697000,121932490,121652369,-186.121,0.000,0.000,1.000,4.000,0.000,0.000,9.000,0,0,0
B3_zmq_pushpull,zmq_tcp,none,none,,1,24418,512,584,1785153460878603000,1785153460878603000,1785153460878603000,1785153460878604000,1785153460878681000,1785153460878683000,1785153460878683000,1785153460878683000,121932490,121652369,-203.121,0.000,0.000,1.000,2.000,0.000,0.000,17.000,0,0,0
B3_zmq_pushpull,zmq_tcp,none,none,,1,24419,512,584,1785153460879602000,1785153460879602000,1785153460879602000,1785153460879603000,1785153460879664000,1785153460879666000,1785153460879666000,1785153460879666000,121932490,121652369,-219.121,0.000,0.000,1.000,2.000,0.000,0.000,16.000,0,0,0
B3_zmq_pushpull,zmq_tcp,none,none,,1,24420,512,584,1785153460880601000,1785153460880601000,1785153460880601000,1785153460880602000,1785153460880787000,1785153460880790000,1785153460880790000,1785153460880790000,121932490,121652369,-95.121,0.000,0.000,1.000,3.000,0.000,0.000,124.000,0,0,0
B3_zmq_pushpull,zmq_tcp,none,none,,1,24421,512,584,1785153460881602000,1785153460881602000,1785153460881602000,1785153460881603000,1785153460881770000,1785153460881774000,1785153460881774000,1785153460881774000,121932490,121652369,-113.121,0.000,0.000,1.000,4.000,0.000,0.000,18.000,0,0,0
B3_zmq_pushpull,zmq_tcp,none,none,,1,24422,512,584,1785153460882602000,1785153460882602000,1785153460882602000,1785153460882609000,1785153460882770000,1785153460882773000,1785153460882773000,1785153460882773000,121932490,121652369,-119.121,0.000,0.000,7.000,3.000,0.000,0.000,6.000,0,0,0
B3_zmq_pushpull,zmq_tcp,none,none,,1,24423,512,584,1785153460883601000,1785153460883601000,1785153460883601000,1785153460883602000,1785153460883752000,1785153460883755000,1785153460883755000,1785153460883755000,121932490,121652369,-130.121,0.000,0.000,1.000,3.000,0.000,0.000,11.000,0,0,0
B3_zmq_pushpull,zmq_tcp,none,none,,1,24424,512,584,1785153460884601000,1785153460884601000,1785153460884601000,1785153460884602000,1785153460884751000,1785153460884754000,1785153460884754000,1785153460884754000,121932490,121652369,-131.121,0.000,0.000,1.000,3.000,0.000,0.000,1.000,0,0,0
B3_zmq_pushpull,zmq_tcp,none,none,,1,24425,512,584,1785153460885598000,1785153460885598000,1785153460885598000,1785153460885599000,1785153460885733000,1785153460885736000,1785153460885736000,1785153460885736000,121932490,121652369,-146.121,0.000,0.000,1.000,3.000,0.000,0.000,15.000,0,0,0
B3_zmq_pushpull,zmq_tcp,none,none,,1,24426,512,584,1785153460886424000,1785153460886424000,1785153460886424000,1785153460886425000,1785153460886578000,1785153460886581000,1785153460886581000,1785153460886581000,121932490,121652369,-127.121,0.000,0.000,1.000,3.000,0.000,0.000,19.000,0,0,0
B3_zmq_pushpull,zmq_tcp,none,none,,1,24427,512,584,1785153460887416000,1785153460887416000,1785153460887416000,1785153460887417000,1785153460887570000,1785153460887573000,1785153460887573000,1785153460887573000,121932490,121652369,-127.121,0.000,0.000,1.000,3.000,0.000,0.000,0.000,0,0,0
B3_zmq_pushpull,zmq_tcp,none,none,,1,24428,512,584,1785153460888412000,1785153460888412000,1785153460888412000,1785153460888413000,1785153460888566000,1785153460888569000,1785153460888569000,1785153460888569000,121932490,121652369,-127.121,0.000,0.000,1.000,3.000,0.000,0.000,0.000,0,0,0
B3_zmq_pushpull,zmq_tcp,none,none,,1,24429,512,584,1785153460889416000,1785153460889416000,1785153460889416000,1785153460889417000,1785153460889563000,1785153460889566000,1785153460889566000,1785153460889566000,121932490,121652369,-134.121,0.000,0.000,1.000,3.000,0.000,0.000,7.000,0,0,0
B3_zmq_pushpull,zmq_tcp,none,none,,1,24430,512,584,1785153460890405000,1785153460890405000,1785153460890405000,1785153460890406000,1785153460890559000,1785153460890562000,1785153460890562000,1785153460890562000,121932490,121652369,-127.121,0.000,0.000,1.000,3.000,0.000,0.000,7.000,0,0,0
B3_zmq_pushpull,zmq_tcp,none,none,,1,24431,512,584,1785153460891521000,1785153460891521000,1785153460891521000,1785153460891523000,1785153460891677000,1785153460891679000,1785153460891679000,1785153460891679000,121932490,121652369,-126.121,0.000,0.000,2.000,2.000,0.000,0.000,1.000,0,0,0
B3_zmq_pushpull,zmq_tcp,none,none,,1,24432,512,584,1785153460892517000,1785153460892517000,1785153460892517000,1785153460892518000,1785153460892671000,1785153460892674000,1785153460892674000,1785153460892674000,121932490,121652369,-127.121,0.000,0.000,1.000,3.000,0.000,0.000,1.000,0,0,0
B3_zmq_pushpull,zmq_tcp,none,none,,1,24433,512,584,1785153460893512000,1785153460893512000,1785153460893512000,1785153460893513000,1785153460893669000,1785153460893671000,1785153460893671000,1785153460893671000,121932490,121652369,-124.121,0.000,0.000,1.000,2.000,0.000,0.000,3.000,0,0,0
B3_zmq_pushpull,zmq_tcp,none,none,,1,24434,512,584,1785153460894504000,1785153460894504000,1785153460894504000,1785153460894505000,1785153460894658000,1785153460894661000,1785153460894661000,1785153460894661000,121932490,121652369,-127.121,0.000,0.000,1.000,3.000,0.000,0.000,3.000,0,0,0
B3_zmq_pushpull,zmq_tcp,none,none,,1,24435,512,584,1785153460895509000,1785153460895510000,1785153460895510000,1785153460895511000,1785153460895662000,1785153460895665000,1785153460895665000,1785153460895665000,121932490,121652369,-129.121,1.000,0.000,1.000,3.000,0.000,0.000,2.000,0,0,0
B3_zmq_pushpull,zmq_tcp,none,none,,1,24436,512,584,1785153460896621000,1785153460896621000,1785153460896621000,1785153460896622000,1785153460896793000,1785153460896795000,1785153460896795000,1785153460896795000,121932490,121652369,-109.121,0.000,0.000,1.000,2.000,0.000,0.000,20.000,0,0,0
B3_zmq_pushpull,zmq_tcp,none,none,,1,24437,512,584,1785153460897601000,1785153460897601000,1785153460897601000,1785153460897602000,1785153460897789000,1785153460897792000,1785153460897792000,1785153460897792000,121932490,121652369,-93.121,0.000,0.000,1.000,3.000,0.000,0.000,16.000,0,0,0
B3_zmq_pushpull,zmq_tcp,none,none,,1,24438,512,584,1785153460898605000,1785153460898605000,1785153460898605000,1785153460898607000,1785153460898790000,1785153460898793000,1785153460898793000,1785153460898793000,121932490,121652369,-97.121,0.000,0.000,2.000,3.000,0.000,0.000,4.000,0,0,0
B3_zmq_pushpull,zmq_tcp,none,none,,1,24439,512,584,1785153460899597000,1785153460899597000,1785153460899597000,1785153460899598000,1785153460899779000,1785153460899781000,1785153460899781000,1785153460899781000,121932490,121652369,-99.121,0.000,0.000,1.000,2.000,0.000,0.000,2.000,0,0,0
B3_zmq_pushpull,zmq_tcp,none,none,,1,24440,512,584,1785153460900603000,1785153460900603000,1785153460900603000,1785153460900604000,1785153460900770000,1785153460900773000,1785153460900773000,1785153460900773000,121932490,121652369,-114.121,0.000,0.000,1.000,3.000,0.000,0.000,15.000,0,0,0
B3_zmq_pushpull,zmq_tcp,none,none,,1,24441,512,584,1785153460901601000,1785153460901601000,1785153460901601000,1785153460901602000,1785153460901773000,1785153460901775000,1785153460901776000,1785153460901776000,121932490,121652369,-109.121,0.000,0.000,1.000,2.000,1.000,0.000,5.000,0,0,0
B3_zmq_pushpull,zmq_tcp,none,none,,1,24442,512,584,1785153460902602000,1785153460902602000,1785153460902602000,1785153460902603000,1785153460902777000,1785153460902779000,1785153460902780000,1785153460902780000,121932490,121652369,-106.121,0.000,0.000,1.000,2.000,1.000,0.000,3.000,0,0,0
B3_zmq_pushpull,zmq_tcp,none,none,,1,24443,512,584,1785153460903486000,1785153460903487000,1785153460903487000,1785153460903488000,1785153460903641000,1785153460903643000,1785153460903643000,1785153460903644000,121932490,121652369,-127.121,1.000,0.000,1.000,2.000,0.000,1.000,21.000,0,0,0
B3_zmq_pushpull,zmq_tcp,none,none,,1,24444,512,584,1785153460904632000,1785153460904632000,1785153460904632000,1785153460904633000,1785153460904777000,1785153460904780000,1785153460904780000,1785153460904780000,121932490,121652369,-136.121,0.000,0.000,1.000,3.000,0.000,0.000,9.000,0,0,0
B3_zmq_pushpull,zmq_tcp,none,none,,1,24445,512,584,1785153460905595000,1785153460905595000,1785153460905595000,1785153460905596000,1785153460905775000,1785153460905778000,1785153460905778000,1785153460905779000,121932490,121652369,-101.121,0.000,0.000,1.000,3.000,0.000,1.000,35.000,0,0,0
B3_zmq_pushpull,zmq_tcp,none,none,,1,24446,512,584,1785153460906604000,1785153460906604000,1785153460906604000,1785153460906605000,1785153460906754000,1785153460906757000,1785153460906757000,1785153460906757000,121932490,121652369,-131.121,0.000,0.000,1.000,3.000,0.000,0.000,30.000,0,0,0
B3_zmq_pushpull,zmq_tcp,none,none,,1,24447,512,584,1785153460907601000,1785153460907602000,1785153460907602000,1785153460907603000,1785153460907747000,1785153460907750000,1785153460907750000,1785153460907750000,121932490,121652369,-136.121,1.000,0.000,1.000,3.000,0.000,0.000,5.000,0,0,0
B3_zmq_pushpull,zmq_tcp,none,none,,1,24448,512,584,1785153460908601000,1785153460908601000,1785153460908601000,1785153460908602000,1785153460908754000,1785153460908757000,1785153460908757000,1785153460908757000,121932490,121652369,-128.121,0.000,0.000,1.000,3.000,0.000,0.000,8.000,0,0,0
B3_zmq_pushpull,zmq_tcp,none,none,,1,24449,512,584,1785153460909601000,1785153460909601000,1785153460909601000,1785153460909602000,1785153460909731000,1785153460909734000,1785153460909734000,1785153460909734000,121932490,121652369,-151.121,0.000,0.000,1.000,3.000,0.000,0.000,23.000,0,0,0
B3_zmq_pushpull,zmq_tcp,none,none,,1,24450,512,584,1785153460910601000,1785153460910601000,1785153460910601000,1785153460910602000,1785153460910721000,1785153460910724000,1785153460910724000,1785153460910724000,121932490,121652369,-161.121,0.000,0.000,1.000,3.000,0.000,0.000,10.000,0,0,0
B3_zmq_pushpull,zmq_tcp,none,none,,1,24451,512,584,1785153460911598000,1785153460911598000,1785153460911599000,1785153460911599000,1785153460911705000,1785153460911708000,1785153460911708000,1785153460911708000,121932490,121652369,-174.121,0.000,1.000,0.000,3.000,0.000,0.000,13.000,0,0,0
B3_zmq_pushpull,zmq_tcp,none,none,,1,24452,512,584,1785153460912603000,1785153460912603000,1785153460912603000,1785153460912604000,1785153460912680000,1785153460912683000,1785153460912683000,1785153460912683000,121932490,121652369,-204.121,0.000,0.000,1.000,3.000,0.000,0.000,30.000,0,0,0
B3_zmq_pushpull,zmq_tcp,none,none,,1,24453,512,584,1785153460913602000,1785153460913602000,1785153460913602000,1785153460913603000,1785153460913669000,1785153460913672000,1785153460913672000,1785153460913672000,121932490,121652369,-214.121,0.000,0.000,1.000,3.000,0.000,0.000,10.000,0,0,0
B3_zmq_pushpull,zmq_tcp,none,none,,1,24454,512,584,1785153460914601000,1785153460914601000,1785153460914601000,1785153460914602000,1785153460914664000,1785153460914666000,1785153460914666000,1785153460914666000,121932490,121652369,-218.121,0.000,0.000,1.000,2.000,0.000,0.000,4.000,0,0,0
B3_zmq_pushpull,zmq_tcp,none,none,,1,24455,512,584,1785153460915500000,1785153460915500000,1785153460915500000,1785153460915502000,1785153460915660000,1785153460915663000,1785153460915663000,1785153460915663000,121932490,121652369,-122.121,0.000,0.000,2.000,3.000,0.000,0.000,96.000,0,0,0
B3_zmq_pushpull,zmq_tcp,none,none,,1,24456,512,584,1785153460916627000,1785153460916627000,1785153460916628000,1785153460916629000,1785153460916801000,1785153460916804000,1785153460916804000,1785153460916804000,121932490,121652369,-108.121,0.000,1.000,1.000,3.000,0.000,0.000,14.000,0,0,0
B3_zmq_pushpull,zmq_tcp,none,none,,1,24457,512,584,1785153460917592000,1785153460917592000,1785153460917592000,1785153460917593000,1785153460917651000,1785153460917654000,1785153460917654000,1785153460917654000,121932490,121652369,-222.121,0.000,0.000,1.000,3.000,0.000,0.000,114.000,0,0,0
B3_zmq_pushpull,zmq_tcp,none,none,,1,24458,512,584,1785153460918604000,1785153460918605000,1785153460918605000,1785153460918606000,1785153460918790000,1785153460918793000,1785153460918793000,1785153460918793000,121932490,121652369,-96.121,1.000,0.000,1.000,3.000,0.000,0.000,126.000,0,0,0
B3_zmq_pushpull,zmq_tcp,none,none,,1,24459,512,584,1785153460919601000,1785153460919601000,1785153460919601000,1785153460919602000,1785153460919659000,1785153460919665000,1785153460919666000,1785153460919666000,121932490,121652369,-223.121,0.000,0.000,1.000,6.000,1.000,0.000,127.000,0,0,0
B3_zmq_pushpull,zmq_tcp,none,none,,1,24460,512,584,1785153460920603000,1785153460920603000,1785153460920603000,1785153460920604000,1785153460920782000,1785153460920785000,1785153460920785000,1785153460920785000,121932490,121652369,-102.121,0.000,0.000,1.000,3.000,0.000,0.000,121.000,0,0,0
B3_zmq_pushpull,zmq_tcp,none,none,,1,24461,512,584,1785153460921598000,1785153460921598000,1785153460921598000,1785153460921599000,1785153460921778000,1785153460921781000,1785153460921781000,1785153460921781000,121932490,121652369,-101.121,0.000,0.000,1.000,3.000,0.000,0.000,1.000,0,0,0
B3_zmq_pushpull,zmq_tcp,none,none,,1,24462,512,584,1785153460922603000,1785153460922603000,1785153460922604000,1785153460922604000,1785153460922771000,1785153460922774000,1785153460922774000,1785153460922774000,121932490,121652369,-113.121,0.000,1.000,0.000,3.000,0.000,0.000,12.000,0,0,0
B3_zmq_pushpull,zmq_tcp,none,none,,1,24463,512,584,1785153460923601000,1785153460923601000,1785153460923601000,1785153460923602000,1785153460923782000,1785153460923785000,1785153460923785000,1785153460923785000,121932490,121652369,-100.121,0.000,0.000,1.000,3.000,0.000,0.000,13.000,0,0,0
B3_zmq_pushpull,zmq_tcp,none,none,,1,24464,512,584,1785153460924601000,1785153460924601000,1785153460924601000,1785153460924602000,1785153460924759000,1785153460924762000,1785153460924762000,1785153460924762000,121932490,121652369,-123.121,0.000,0.000,1.000,3.000,0.000,0.000,23.000,0,0,0
B3_zmq_pushpull,zmq_tcp,none,none,,1,24465,512,584,1785153460925565000,1785153460925565000,1785153460925565000,1785153460925566000,1785153460925735000,1785153460925738000,1785153460925738000,1785153460925738000,121932490,121652369,-111.121,0.000,0.000,1.000,3.000,0.000,0.000,12.000,0,0,0
B3_zmq_pushpull,zmq_tcp,none,none,,1,24466,512,584,1785153460926611000,1785153460926611000,1785153460926611000,1785153460926612000,1785153460926728000,1785153460926731000,1785153460926732000,1785153460926732000,121932490,121652369,-164.121,0.000,0.000,1.000,3.000,1.000,0.000,53.000,0,0,0
B3_zmq_pushpull,zmq_tcp,none,none,,1,24467,512,584,1785153460927601000,1785153460927601000,1785153460927601000,1785153460927602000,1785153460927721000,1785153460927723000,1785153460927723000,1785153460927723000,121932490,121652369,-161.121,0.000,0.000,1.000,2.000,0.000,0.000,3.000,0,0,0
B3_zmq_pushpull,zmq_tcp,none,none,,1,24468,512,584,1785153460928601000,1785153460928601000,1785153460928601000,1785153460928602000,1785153460928672000,1785153460928675000,1785153460928675000,1785153460928675000,121932490,121652369,-210.121,0.000,0.000,1.000,3.000,0.000,0.000,49.000,0,0,0
B3_zmq_pushpull,zmq_tcp,none,none,,1,24469,512,584,1785153460929601000,1785153460929601000,1785153460929602000,1785153460929602000,1785153460929642000,1785153460929644000,1785153460929644000,1785153460929644000,121932490,121652369,-240.121,0.000,1.000,0.000,2.000,0.000,0.000,30.000,0,0,0
B3_zmq_pushpull,zmq_tcp,none,none,,1,24470,512,584,1785153460930484000,1785153460930485000,1785153460930485000,1785153460930486000,1785153460930642000,1785153460930645000,1785153460930645000,1785153460930645000,121932490,121652369,-124.121,1.000,0.000,1.000,3.000,0.000,0.000,116.000,0,0,0
B3_zmq_pushpull,zmq_tcp,none,none,,1,24471,512,584,1785153460931494000,1785153460931494000,1785153460931494000,1785153460931495000,1785153460931652000,1785153460931654000,1785153460931654000,1785153460931654000,121932490,121652369,-123.121,0.000,0.000,1.000,2.000,0.000,0.000,1.000,0,0,0
B3_zmq_pushpull,zmq_tcp,none,none,,1,24472,512,584,1785153460932631000,1785153460932631000,1785153460932631000,1785153460932632000,1785153460932790000,1785153460932793000,1785153460932793000,1785153460932793000,121932490,121652369,-122.121,0.000,0.000,1.000,3.000,0.000,0.000,1.000,0,0,0
B3_zmq_pushpull,zmq_tcp,none,none,,1,24473,512,584,1785153460933595000,1785153460933595000,1785153460933595000,1785153460933596000,1785153460933655000,1785153460933659000,1785153460933659000,1785153460933659000,121932490,121652369,-221.121,0.000,0.000,1.000,4.000,0.000,0.000,99.000,0,0,0
B3_zmq_pushpull,zmq_tcp,none,none,,1,24474,512,584,1785153460934604000,1785153460934604000,1785153460934604000,1785153460934605000,1785153460934784000,1785153460934786000,1785153460934786000,1785153460934786000,121932490,121652369,-101.121,0.000,0.000,1.000,2.000,0.000,0.000,120.000,0,0,0
B3_zmq_pushpull,zmq_tcp,none,none,,1,24475,512,584,1785153460935606000,1785153460935606000,1785153460935606000,1785153460935607000,1785153460935789000,1785153460935792000,1785153460935792000,1785153460935792000,121932490,121652369,-98.121,0.000,0.000,1.000,3.000,0.000,0.000,3.000,0,0,0
B3_zmq_pushpull,zmq_tcp,none,none,,1,24476,512,584,1785153460936483000,1785153460936484000,1785153460936484000,1785153460936485000,1785153460936628000,1785153460936630000,1785153460936630000,1785153460936630000,121932490,121652369,-137.121,1.000,0.000,1.000,2.000,0.000,0.000,39.000,0,0,0
B3_zmq_pushpull,zmq_tcp,none,none,,1,24477,512,584,1785153460937464000,1785153460937464000,1785153460937465000,1785153460937465000,1785153460937622000,1785153460937625000,1785153460937625000,1785153460937625000,121932490,121652369,-123.121,0.000,1.000,0.000,3.000,0.000,0.000,14.000,0,0,0
B3_zmq_pushpull,zmq_tcp,none,none,,1,24478,512,584,1785153460938636000,1785153460938636000,1785153460938636000,1785153460938637000,1785153460938738000,1785153460938741000,1785153460938741000,1785153460938741000,121932490,121652369,-179.121,0.000,0.000,1.000,3.000,0.000,0.000,56.000,0,0,0
B3_zmq_pushpull,zmq_tcp,none,none,,1,24479,512,584,1785153460939469000,1785153460939469000,1785153460939469000,1785153460939470000,1785153460939600000,1785153460939603000,1785153460939603000,1785153460939603000,121932490,121652369,-150.121,0.000,0.000,1.000,3.000,0.000,0.000,29.000,0,0,0
B3_zmq_pushpull,zmq_tcp,none,none,,1,24480,512,584,1785153460940635000,1785153460940635000,1785153460940635000,1785153460940636000,1785153460940718000,1785153460940721000,1785153460940721000,1785153460940721000,121932490,121652369,-198.121,0.000,0.000,1.000,3.000,0.000,0.000,48.000,0,0,0
B3_zmq_pushpull,zmq_tcp,none,none,,1,24481,512,584,1785153460941591000,1785153460941591000,1785153460941591000,1785153460941592000,1785153460941706000,1785153460941709000,1785153460941709000,1785153460941709000,121932490,121652369,-166.121,0.000,0.000,1.000,3.000,0.000,0.000,32.000,0,0,0
B3_zmq_pushpull,zmq_tcp,none,none,,1,24482,512,584,1785153460942604000,1785153460942604000,1785153460942604000,1785153460942605000,1785153460942673000,1785153460942676000,1785153460942676000,1785153460942676000,121932490,121652369,-212.121,0.000,0.000,1.000,3.000,0.000,0.000,46.000,0,0,0
B3_zmq_pushpull,zmq_tcp,none,none,,1,24483,512,584,1785153460943603000,1785153460943603000,1785153460943603000,1785153460943604000,1785153460943790000,1785153460943793000,1785153460943793000,1785153460943793000,121932490,121652369,-94.121,0.000,0.000,1.000,3.000,0.000,0.000,118.000,0,0,0
B3_zmq_pushpull,zmq_tcp,none,none,,1,24484,512,584,1785153460944601000,1785153460944601000,1785153460944601000,1785153460944602000,1785153460944772000,1785153460944774000,1785153460944774000,1785153460944774000,121932490,121652369,-110.121,0.000,0.000,1.000,2.000,0.000,0.000,16.000,0,0,0
B3_zmq_pushpull,zmq_tcp,none,none,,1,24485,512,584,1785153460945600000,1785153460945600000,1785153460945600000,1785153460945601000,1785153460945769000,1785153460945772000,1785153460945772000,1785153460945772000,121932490,121652369,-112.121,0.000,0.000,1.000,3.000,0.000,0.000,2.000,0,0,0
B3_zmq_pushpull,zmq_tcp,none,none,,1,24486,512,584,1785153460946602000,1785153460946602000,1785153460946602000,1785153460946603000,1785153460946764000,1785153460946767000,1785153460946767000,1785153460946767000,121932490,121652369,-119.121,0.000,0.000,1.000,3.000,0.000,0.000,7.000,0,0,0
B3_zmq_pushpull,zmq_tcp,none,none,,1,24487,512,584,1785153460947442000,1785153460947442000,1785153460947442000,1785153460947444000,1785153460947586000,1785153460947589000,1785153460947589000,1785153460947589000,121932490,121652369,-138.121,0.000,0.000,2.000,3.000,0.000,0.000,19.000,0,0,0
B3_zmq_pushpull,zmq_tcp,none,none,,1,24488,512,584,1785153460948641000,1785153460948641000,1785153460948641000,1785153460948642000,1785153460948700000,1785153460948702000,1785153460948702000,1785153460948702000,121932490,121652369,-222.121,0.000,0.000,1.000,2.000,0.000,0.000,84.000,0,0,0
B3_zmq_pushpull,zmq_tcp,none,none,,1,24489,512,584,1785153460949589000,1785153460949589000,1785153460949589000,1785153460949590000,1785153460949686000,1785153460949689000,1785153460949689000,1785153460949689000,121932490,121652369,-184.121,0.000,0.000,1.000,3.000,0.000,0.000,38.000,0,0,0
B3_zmq_pushpull,zmq_tcp,none,none,,1,24490,512,584,1785153460950605000,1785153460950605000,1785153460950605000,1785153460950606000,1785153460950675000,1785153460950678000,1785153460950678000,1785153460950678000,121932490,121652369,-211.121,0.000,0.000,1.000,3.000,0.000,0.000,27.000,0,0,0
B3_zmq_pushpull,zmq_tcp,none,none,,1,24491,512,584,1785153460951603000,1785153460951603000,1785153460951603000,1785153460951604000,1785153460951677000,1785153460951680000,1785153460951680000,1785153460951680000,121932490,121652369,-207.121,0.000,0.000,1.000,3.000,0.000,0.000,4.000,0,0,0
B3_zmq_pushpull,zmq_tcp,none,none,,1,24492,512,584,1785153460952601000,1785153460952601000,1785153460952601000,1785153460952602000,1785153460952679000,1785153460952684000,1785153460952684000,1785153460952684000,121932490,121652369,-203.121,0.000,0.000,1.000,5.000,0.000,0.000,4.000,0,0,0
B3_zmq_pushpull,zmq_tcp,none,none,,1,24493,512,584,1785153460953522000,1785153460953522000,1785153460953522000,1785153460953523000,1785153460953681000,1785153460953684000,1785153460953684000,1785153460953684000,121932490,121652369,-122.121,0.000,0.000,1.000,3.000,0.000,0.000,81.000,0,0,0
B3_zmq_pushpull,zmq_tcp,none,none,,1,24494,512,584,1785153460954626000,1785153460954626000,1785153460954627000,1785153460954628000,1785153460954682000,1785153460954686000,1785153460954686000,1785153460954686000,121932490,121652369,-226.121,0.000,1.000,1.000,4.000,0.000,0.000,104.000,0,0,0
B3_zmq_pushpull,zmq_tcp,none,none,,1,24495,512,584,1785153460955596000,1785153460955596000,1785153460955596000,1785153460955597000,1785153460955676000,1785153460955679000,1785153460955679000,1785153460955679000,121932490,121652369,-201.121,0.000,0.000,1.000,3.000,0.000,0.000,25.000,0,0,0
B3_zmq_pushpull,zmq_tcp,none,none,,1,24496,512,584,1785153460956603000,1785153460956603000,1785153460956603000,1785153460956604000,1785153460956659000,1785153460956663000,1785153460956663000,1785153460956663000,121932490,121652369,-225.121,0.000,0.000,1.000,4.000,0.000,0.000,24.000,0,0,0
B3_zmq_pushpull,zmq_tcp,none,none,,1,24497,512,584,1785153460957517000,1785153460957517000,1785153460957517000,1785153460957519000,1785153460957661000,1785153460957664000,1785153460957664000,1785153460957664000,121932490,121652369,-138.121,0.000,0.000,2.000,3.000,0.000,0.000,87.000,0,0,0
B3_zmq_pushpull,zmq_tcp,none,none,,1,24498,512,584,1785153460958624000,1785153460958624000,1785153460958624000,1785153460958626000,1785153460958673000,1785153460958676000,1785153460958676000,1785153460958676000,121932490,121652369,-233.121,0.000,0.000,2.000,3.000,0.000,0.000,95.000,0,0,0
B3_zmq_pushpull,zmq_tcp,none,none,,1,24499,512,584,1785153460959601000,1785153460959601000,1785153460959601000,1785153460959602000,1785153460959686000,1785153460959692000,1785153460959692000,1785153460959692000,121932490,121652369,-196.121,0.000,0.000,1.000,6.000,0.000,0.000,37.000,0,0,0
B3_zmq_pushpull,zmq_tcp,none,none,,1,24500,512,584,1785153460960603000,1785153460960603000,1785153460960603000,1785153460960604000,1785153460960686000,1785153460960689000,1785153460960689000,1785153460960689000,121932490,121652369,-198.121,0.000,0.000,1.000,3.000,0.000,0.000,2.000,0,0,0
B3_zmq_pushpull,zmq_tcp,none,none,,1,24501,512,584,1785153460961598000,1785153460961599000,1785153460961599000,1785153460961600000,1785153460961690000,1785153460961693000,1785153460961693000,1785153460961693000,121932490,121652369,-190.121,1.000,0.000,1.000,3.000,0.000,0.000,8.000,0,0,0
B3_zmq_pushpull,zmq_tcp,none,none,,1,24502,512,584,1785153460962606000,1785153460962606000,1785153460962606000,1785153460962607000,1785153460962689000,1785153460962691000,1785153460962691000,1785153460962691000,121932490,121652369,-198.121,0.000,0.000,1.000,2.000,0.000,0.000,8.000,0,0,0
B3_zmq_pushpull,zmq_tcp,none,none,,1,24503,512,584,1785153460963603000,1785153460963603000,1785153460963603000,1785153460963604000,1785153460963698000,1785153460963701000,1785153460963701000,1785153460963701000,121932490,121652369,-186.121,0.000,0.000,1.000,3.000,0.000,0.000,12.000,0,0,0
B3_zmq_pushpull,zmq_tcp,none,none,,1,24504,512,584,1785153460964405000,1785153460964406000,1785153460964406000,1785153460964407000,1785153460964547000,1785153460964550000,1785153460964550000,1785153460964550000,121932490,121652369,-140.121,1.000,0.000,1.000,3.000,0.000,0.000,46.000,0,0,0
B3_zmq_pushpull,zmq_tcp,none,none,,1,24505,512,584,1785153460965524000,1785153460965524000,1785153460965524000,1785153460965525000,1785153460965678000,1785153460965681000,1785153460965681000,1785153460965681000,121932490,121652369,-127.121,0.000,0.000,1.000,3.000,0.000,0.000,13.000,0,0,0
B3_zmq_pushpull,zmq_tcp,none,none,,1,24506,512,584,1785153460966627000,1785153460966627000,1785153460966627000,1785153460966628000,1785153460966673000,1785153460966677000,1785153460966677000,1785153460966677000,121932490,121652369,-235.121,0.000,0.000,1.000,4.000,0.000,0.000,108.000,0,0,0
B3_zmq_pushpull,zmq_tcp,none,none,,1,24507,512,584,1785153460967596000,1785153460967596000,1785153460967596000,1785153460967597000,1785153460967683000,1785153460967686000,1785153460967686000,1785153460967686000,121932490,121652369,-194.121,0.000,0.000,1.000,3.000,0.000,0.000,41.000,0,0,0
B3_zmq_pushpull,zmq_tcp,none,none,,1,24508,512,584,1785153460968604000,1785153460968604000,1785153460968604000,1785153460968605000,1785153460968679000,1785153460968682000,1785153460968682000,1785153460968682000,121932490,121652369,-206.121,0.000,0.000,1.000,3.000,0.000,0.000,12.000,0,0,0
B3_zmq_pushpull,zmq_tcp,none,none,,1,24509,512,584,1785153460969603000,1785153460969603000,1785153460969603000,1785153460969604000,1785153460969675000,1785153460969678000,1785153460969678000,1785153460969678000,121932490,121652369,-209.121,0.000,0.000,1.000,3.000,0.000,0.000,3.000,0,0,0
B3_zmq_pushpull,zmq_tcp,none,none,,1,24510,512,584,1785153460970605000,1785153460970605000,1785153460970605000,1785153460970606000,1785153460970679000,1785153460970687000,1785153460970687000,1785153460970687000,121932490,121652369,-207.121,0.000,0.000,1.000,8.000,0.000,0.000,2.000,0,0,0
B3_zmq_pushpull,zmq_tcp,none,none,,1,24511,512,584,1785153460971598000,1785153460971599000,1785153460971599000,1785153460971600000,1785153460971679000,1785153460971682000,1785153460971682000,1785153460971682000,121932490,121652369,-201.121,1.000,0.000,1.000,3.000,0.000,0.000,6.000,0,0,0
B3_zmq_pushpull,zmq_tcp,none,none,,1,24512,512,584,1785153460972607000,1785153460972607000,1785153460972607000,1785153460972608000,1785153460972692000,1785153460972695000,1785153460972695000,1785153460972695000,121932490,121652369,-196.121,0.000,0.000,1.000,3.000,0.000,0.000,5.000,0,0,0
B3_zmq_pushpull,zmq_tcp,none,none,,1,24513,512,584,1785153460973410000,1785153460973410000,1785153460973410000,1785153460973411000,1785153460973551000,1785153460973554000,1785153460973554000,1785153460973554000,121932490,121652369,-140.121,0.000,0.000,1.000,3.000,0.000,0.000,56.000,0,0,0
B3_zmq_pushpull,zmq_tcp,none,none,,1,24514,512,584,1785153460974418000,1785153460974418000,1785153460974418000,1785153460974419000,1785153460974574000,1785153460974577000,1785153460974577000,1785153460974577000,121932490,121652369,-125.121,0.000,0.000,1.000,3.000,0.000,0.000,15.000,0,0,0
B3_zmq_pushpull,zmq_tcp,none,none,,1,24515,512,584,1785153460975424000,1785153460975424000,1785153460975424000,1785153460975425000,1785153460975579000,1785153460975582000,1785153460975582000,1785153460975582000,121932490,121652369,-126.121,0.000,0.000,1.000,3.000,0.000,0.000,1.000,0,0,0
B3_zmq_pushpull,zmq_tcp,none,none,,1,24516,512,584,1785153460976421000,1785153460976421000,1785153460976421000,1785153460976422000,1785153460976564000,1785153460976567000,1785153460976567000,1785153460976567000,121932490,121652369,-138.121,0.000,0.000,1.000,3.000,0.000,0.000,12.000,0,0,0
B3_zmq_pushpull,zmq_tcp,none,none,,1,24517,512,584,1785153460977648000,1785153460977648000,1785153460977648000,1785153460977649000,1785153460977710000,1785153460977713000,1785153460977713000,1785153460977713000,121932490,121652369,-219.121,0.000,0.000,1.000,3.000,0.000,0.000,81.000,0,0,0
B3_zmq_pushpull,zmq_tcp,none,none,,1,24518,512,584,1785153460978589000,1785153460978589000,1785153460978589000,1785153460978590000,1785153460978709000,1785153460978711000,1785153460978711000,1785153460978711000,121932490,121652369,-161.121,0.000,0.000,1.000,2.000,0.000,0.000,58.000,0,0,0
B3_zmq_pushpull,zmq_tcp,none,none,,1,24519,512,584,1785153460979609000,1785153460979609000,1785153460979609000,1785153460979610000,1785153460979718000,1785153460979720000,1785153460979720000,1785153460979720000,121932490,121652369,-172.121,0.000,0.000,1.000,2.000,0.000,0.000,11.000,0,0,0
B3_zmq_pushpull,zmq_tcp,none,none,,1,24520,512,584,1785153460980602000,1785153460980602000,1785153460980602000,1785153460980603000,1785153460980719000,1785153460980722000,1785153460980722000,1785153460980722000,121932490,121652369,-164.121,0.000,0.000,1.000,3.000,0.000,0.000,8.000,0,0,0
B3_zmq_pushpull,zmq_tcp,none,none,,1,24521,512,584,1785153460981603000,1785153460981603000,1785153460981603000,1785153460981604000,1785153460981707000,1785153460981710000,1785153460981710000,1785153460981710000,121932490,121652369,-177.121,0.000,0.000,1.000,3.000,0.000,0.000,13.000,0,0,0
B3_zmq_pushpull,zmq_tcp,none,none,,1,24522,512,584,1785153460982601000,1785153460982601000,1785153460982601000,1785153460982602000,1785153460982703000,1785153460982706000,1785153460982706000,1785153460982706000,121932490,121652369,-179.121,0.000,0.000,1.000,3.000,0.000,0.000,2.000,0,0,0
B3_zmq_pushpull,zmq_tcp,none,none,,1,24523,512,584,1785153460983603000,1785153460983603000,1785153460983603000,1785153460983604000,1785153460983707000,1785153460983710000,1785153460983710000,1785153460983710000,121932490,121652369,-177.121,0.000,0.000,1.000,3.000,0.000,0.000,2.000,0,0,0
B3_zmq_pushpull,zmq_tcp,none,none,,1,24524,512,584,1785153460984603000,1785153460984603000,1785153460984603000,1785153460984604000,1785153460984719000,1785153460984722000,1785153460984722000,1785153460984722000,121932490,121652369,-165.121,0.000,0.000,1.000,3.000,0.000,0.000,12.000,0,0,0
B3_zmq_pushpull,zmq_tcp,none,none,,1,24525,512,584,1785153460985602000,1785153460985602000,1785153460985602000,1785153460985603000,1785153460985721000,1785153460985724000,1785153460985724000,1785153460985724000,121932490,121652369,-162.121,0.000,0.000,1.000,3.000,0.000,0.000,3.000,0,0,0
B3_zmq_pushpull,zmq_tcp,none,none,,1,24526,512,584,1785153460986602000,1785153460986602000,1785153460986602000,1785153460986603000,1785153460986729000,1785153460986731000,1785153460986731000,1785153460986731000,121932490,121652369,-154.121,0.000,0.000,1.000,2.000,0.000,0.000,8.000,0,0,0
B3_zmq_pushpull,zmq_tcp,none,none,,1,24527,512,584,1785153460987602000,1785153460987602000,1785153460987602000,1785153460987603000,1785153460987732000,1785153460987735000,1785153460987735000,1785153460987735000,121932490,121652369,-151.121,0.000,0.000,1.000,3.000,0.000,0.000,3.000,0,0,0
B3_zmq_pushpull,zmq_tcp,none,none,,1,24528,512,584,1785153460988602000,1785153460988603000,1785153460988603000,1785153460988604000,1785153460988727000,1785153460988730000,1785153460988730000,1785153460988730000,121932490,121652369,-157.121,1.000,0.000,1.000,3.000,0.000,0.000,6.000,0,0,0
B3_zmq_pushpull,zmq_tcp,none,none,,1,24529,512,584,1785153460989600000,1785153460989600000,1785153460989600000,1785153460989601000,1785153460989722000,1785153460989725000,1785153460989725000,1785153460989725000,121932490,121652369,-159.121,0.000,0.000,1.000,3.000,0.000,0.000,2.000,0,0,0
B3_zmq_pushpull,zmq_tcp,none,none,,1,24530,512,584,1785153460990604000,1785153460990604000,1785153460990604000,1785153460990605000,1785153460990718000,1785153460990721000,1785153460990721000,1785153460990721000,121932490,121652369,-167.121,0.000,0.000,1.000,3.000,0.000,0.000,8.000,0,0,0
B3_zmq_pushpull,zmq_tcp,none,none,,1,24531,512,584,1785153460991602000,1785153460991602000,1785153460991602000,1785153460991603000,1785153460991741000,1785153460991743000,1785153460991743000,1785153460991743000,121932490,121652369,-142.121,0.000,0.000,1.000,2.000,0.000,0.000,25.000,0,0,0
B3_zmq_pushpull,zmq_tcp,none,none,,1,24532,512,584,1785153460992604000,1785153460992604000,1785153460992604000,1785153460992605000,1785153460992737000,1785153460992739000,1785153460992739000,1785153460992739000,121932490,121652369,-148.121,0.000,0.000,1.000,2.000,0.000,0.000,6.000,0,0,0
B3_zmq_pushpull,zmq_tcp,none,none,,1,24533,512,584,1785153460993601000,1785153460993601000,1785153460993601000,1785153460993602000,1785153460993745000,1785153460993747000,1785153460993747000,1785153460993747000,121932490,121652369,-137.121,0.000,0.000,1.000,2.000,0.000,0.000,11.000,0,0,0
B3_zmq_pushpull,zmq_tcp,none,none,,1,24534,512,584,1785153460994604000,1785153460994604000,1785153460994604000,1785153460994605000,1785153460994759000,1785153460994762000,1785153460994762000,1785153460994763000,121932490,121652369,-126.121,0.000,0.000,1.000,3.000,0.000,1.000,11.000,0,0,0
B3_zmq_pushpull,zmq_tcp,none,none,,1,24535,512,584,1785153460995602000,1785153460995602000,1785153460995602000,1785153460995603000,1785153460995758000,1785153460995761000,1785153460995761000,1785153460995761000,121932490,121652369,-125.121,0.000,0.000,1.000,3.000,0.000,0.000,1.000,0,0,0
B3_zmq_pushpull,zmq_tcp,none,none,,1,24536,512,584,1785153460996603000,1785153460996603000,1785153460996603000,1785153460996604000,1785153460996763000,1785153460996766000,1785153460996766000,1785153460996766000,121932490,121652369,-121.121,0.000,0.000,1.000,3.000,0.000,0.000,4.000,0,0,0
B3_zmq_pushpull,zmq_tcp,none,none,,1,24537,512,584,1785153460997600000,1785153460997600000,1785153460997600000,1785153460997601000,1785153460997765000,1785153460997767000,1785153460997767000,1785153460997767000,121932490,121652369,-116.121,0.000,0.000,1.000,2.000,0.000,0.000,5.000,0,0,0
B3_zmq_pushpull,zmq_tcp,none,none,,1,24538,512,584,1785153460998610000,1785153460998610000,1785153460998610000,1785153460998611000,1785153460998781000,1785153460998783000,1785153460998783000,1785153460998783000,121932490,121652369,-110.121,0.000,0.000,1.000,2.000,0.000,0.000,6.000,0,0,0
B3_zmq_pushpull,zmq_tcp,none,none,,1,24539,512,584,1785153460999601000,1785153460999602000,1785153460999602000,1785153460999603000,1785153460999650000,1785153460999655000,1785153460999655000,1785153460999655000,121932490,121652369,-233.121,1.000,0.000,1.000,5.000,0.000,0.000,123.000,0,0,0
B3_zmq_pushpull,zmq_tcp,none,none,,1,24540,512,584,1785153461000510000,1785153461000510000,1785153461000510000,1785153461000511000,1785153461000669000,1785153461000671000,1785153461000671000,1785153461000671000,121932490,121652369,-122.121,0.000,0.000,1.000,2.000,0.000,0.000,111.000,0,0,0
B3_zmq_pushpull,zmq_tcp,none,none,,1,24541,512,584,1785153461001625000,1785153461001625000,1785153461001626000,1785153461001626000,1785153461001694000,1785153461001698000,1785153461001698000,1785153461001698000,121932490,121652369,-212.121,0.000,1.000,0.000,4.000,0.000,0.000,90.000,0,0,0
B3_zmq_pushpull,zmq_tcp,none,none,,1,24542,512,584,1785153461002530000,1785153461002530000,1785153461002530000,1785153461002531000,1785153461002674000,1785153461002677000,1785153461002677000,1785153461002677000,121932490,121652369,-137.121,0.000,0.000,1.000,3.000,0.000,0.000,75.000,0,0,0
B3_zmq_pushpull,zmq_tcp,none,none,,1,24543,512,584,1785153461003514000,1785153461003514000,1785153461003514000,1785153461003515000,1785153461003667000,1785153461003670000,1785153461003670000,1785153461003670000,121932490,121652369,-128.121,0.000,0.000,1.000,3.000,0.000,0.000,9.000,0,0,0
B3_zmq_pushpull,zmq_tcp,none,none,,1,24544,512,584,1785153461004622000,1785153461004623000,1785153461004623000,1785153461004624000,1785153461004668000,1785153461004671000,1785153461004671000,1785153461004671000,121932490,121652369,-236.121,1.000,0.000,1.000,3.000,0.000,0.000,108.000,0,0,0
B3_zmq_pushpull,zmq_tcp,none,none,,1,24545,512,584,1785153461005601000,1785153461005602000,1785153461005602000,1785153461005602000,1785153461005657000,1785153461005665000,1785153461005665000,1785153461005665000,121932490,121652369,-225.121,1.000,0.000,0.000,8.000,0.000,0.000,11.000,0,0,0
B3_zmq_pushpull,zmq_tcp,none,none,,1,24546,512,584,1785153461006605000,1785153461006606000,1785153461006606000,1785153461006607000,1785153461006659000,1785153461006662000,1785153461006662000,1785153461006662000,121932490,121652369,-228.121,1.000,0.000,1.000,3.000,0.000,0.000,3.000,0,0,0
B3_zmq_pushpull,zmq_tcp,none,none,,1,24547,512,584,1785153461007505000,1785153461007505000,1785153461007505000,1785153461007506000,1785153461007665000,1785153461007667000,1785153461007667000,1785153461007667000,121932490,121652369,-121.121,0.000,0.000,1.000,2.000,0.000,0.000,107.000,0,0,0
B3_zmq_pushpull,zmq_tcp,none,none,,1,24548,512,584,1785153461008628000,1785153461008628000,1785153461008628000,1785153461008629000,1785153461008680000,1785153461008683000,1785153461008683000,1785153461008683000,121932490,121652369,-229.121,0.000,0.000,1.000,3.000,0.000,0.000,108.000,0,0,0
B3_zmq_pushpull,zmq_tcp,none,none,,1,24549,512,584,1785153461009596000,1785153461009596000,1785153461009597000,1785153461009597000,1785153461009694000,1785153461009697000,1785153461009697000,1785153461009697000,121932490,121652369,-183.121,0.000,1.000,0.000,3.000,0.000,0.000,46.000,0,0,0
B3_zmq_pushpull,zmq_tcp,none,none,,1,24550,512,584,1785153461010604000,1785153461010604000,1785153461010604000,1785153461010605000,1785153461010690000,1785153461010693000,1785153461010693000,1785153461010693000,121932490,121652369,-195.121,0.000,0.000,1.000,3.000,0.000,0.000,12.000,0,0,0
B3_zmq_pushpull,zmq_tcp,none,none,,1,24551,512,584,1785153461011599000,1785153461011599000,1785153461011599000,1785153461011600000,1785153461011695000,1785153461011697000,1785153461011697000,1785153461011697000,121932490,121652369,-185.121,0.000,0.000,1.000,2.000,0.000,0.000,10.000,0,0,0
B3_zmq_pushpull,zmq_tcp,none,none,,1,24552,512,584,1785153461012607000,1785153461012607000,1785153461012607000,1785153461012608000,1785153461012712000,1785153461012714000,1785153461012714000,1785153461012714000,121932490,121652369,-176.121,0.000,0.000,1.000,2.000,0.000,0.000,9.000,0,0,0
B3_zmq_pushpull,zmq_tcp,none,none,,1,24553,512,584,1785153461013602000,1785153461013602000,1785153461013602000,1785153461013603000,1785153461013713000,1785153461013716000,1785153461013716000,1785153461013716000,121932490,121652369,-170.121,0.000,0.000,1.000,3.000,0.000,0.000,6.000,0,0,0
B3_zmq_pushpull,zmq_tcp,none,none,,1,24554,512,584,1785153461014604000,1785153461014604000,1785153461014604000,1785153461014605000,1785153461014711000,1785153461014714000,1785153461014714000,1785153461014714000,121932490,121652369,-174.121,0.000,0.000,1.000,3.000,0.000,0.000,4.000,0,0,0
B3_zmq_pushpull,zmq_tcp,none,none,,1,24555,512,584,1785153461015599000,1785153461015600000,1785153461015600000,1785153461015601000,1785153461015726000,1785153461015729000,1785153461015729000,1785153461015729000,121932490,121652369,-155.121,1.000,0.000,1.000,3.000,0.000,0.000,19.000,0,0,0
B3_zmq_pushpull,zmq_tcp,none,none,,1,24556,512,584,1785153461016604000,1785153461016604000,1785153461016604000,1785153461016605000,1785153461016727000,1785153461016730000,1785153461016730000,1785153461016730000,121932490,121652369,-158.121,0.000,0.000,1.000,3.000,0.000,0.000,3.000,0,0,0
B3_zmq_pushpull,zmq_tcp,none,none,,1,24557,512,584,1785153461017603000,1785153461017603000,1785153461017603000,1785153461017604000,1785153461017694000,1785153461017697000,1785153461017697000,1785153461017697000,121932490,121652369,-190.121,0.000,0.000,1.000,3.000,0.000,0.000,32.000,0,0,0
B3_zmq_pushpull,zmq_tcp,none,none,,1,24558,512,584,1785153461018603000,1785153461018603000,1785153461018603000,1785153461018604000,1785153461018685000,1785153461018687000,1785153461018687000,1785153461018687000,121932490,121652369,-199.121,0.000,0.000,1.000,2.000,0.000,0.000,9.000,0,0,0
B3_zmq_pushpull,zmq_tcp,none,none,,1,24559,512,584,1785153461019600000,1785153461019600000,1785153461019600000,1785153461019601000,1785153461019688000,1785153461019690000,1785153461019690000,1785153461019690000,121932490,121652369,-193.121,0.000,0.000,1.000,2.000,0.000,0.000,6.000,0,0,0
B3_zmq_pushpull,zmq_tcp,none,none,,1,24560,512,584,1785153461020605000,1785153461020605000,1785153461020605000,1785153461020606000,1785153461020697000,1785153461020699000,1785153461020700000,1785153461020700000,121932490,121652369,-189.121,0.000,0.000,1.000,2.000,1.000,0.000,4.000,0,0,0
B3_zmq_pushpull,zmq_tcp,none,none,,1,24561,512,584,1785153461021605000,1785153461021605000,1785153461021605000,1785153461021606000,1785153461021697000,1785153461021705000,1785153461021705000,1785153461021705000,121932490,121652369,-189.121,0.000,0.000,1.000,8.000,0.000,0.000,0.000,0,0,0
B3_zmq_pushpull,zmq_tcp,none,none,,1,24562,512,584,1785153461022603000,1785153461022603000,1785153461022603000,1785153461022604000,1785153461022722000,1785153461022725000,1785153461022725000,1785153461022725000,121932490,121652369,-162.121,0.000,0.000,1.000,3.000,0.000,0.000,27.000,0,0,0
B3_zmq_pushpull,zmq_tcp,none,none,,1,24563,512,584,1785153461023603000,1785153461023603000,1785153461023603000,1785153461023604000,1785153461023718000,1785153461023721000,1785153461023722000,1785153461023722000,121932490,121652369,-166.121,0.000,0.000,1.000,3.000,1.000,0.000,4.000,0,0,0
B3_zmq_pushpull,zmq_tcp,none,none,,1,24564,512,584,1785153461024413000,1785153461024413000,1785153461024413000,1785153461024414000,1785153461024569000,1785153461024572000,1785153461024572000,1785153461024572000,121932490,121652369,-125.121,0.000,0.000,1.000,3.000,0.000,0.000,41.000,0,0,0
B3_zmq_pushpull,zmq_tcp,none,none,,1,24565,512,584,1785153461025651000,1785153461025651000,1785153461025651000,1785153461025652000,1785153461025706000,1785153461025710000,1785153461025710000,1785153461025710000,121932490,121652369,-226.121,0.000,0.000,1.000,4.000,0.000,0.000,101.000,0,0,0
B3_zmq_pushpull,zmq_tcp,none,none,,1,24566,512,584,1785153461026591000,1785153461026591000,1785153461026591000,1785153461026592000,1785153461026697000,1785153461026700000,1785153461026700000,1785153461026700000,121932490,121652369,-175.121,0.000,0.000,1.000,3.000,0.000,0.000,51.000,0,0,0
B3_zmq_pushpull,zmq_tcp,none,none,,1,24567,512,584,1785153461027605000,1785153461027606000,1785153461027606000,1785153461027607000,1785153461027690000,1785153461027692000,1785153461027692000,1785153461027692000,121932490,121652369,-197.121,1.000,0.000,1.000,2.000,0.000,0.000,22.000,0,0,0
B3_zmq_pushpull,zmq_tcp,none,none,,1,24568,512,584,1785153461028605000,1785153461028605000,1785153461028605000,1785153461028606000,1785153461028693000,1785153461028696000,1785153461028696000,1785153461028696000,121932490,121652369,-193.121,0.000,0.000,1.000,3.000,0.000,0.000,4.000,0,0,0
B3_zmq_pushpull,zmq_tcp,none,none,,1,24569,512,584,1785153461029603000,1785153461029603000,1785153461029603000,1785153461029604000,1785153461029701000,1785153461029704000,1785153461029704000,1785153461029704000,121932490,121652369,-183.121,0.000,0.000,1.000,3.000,0.000,0.000,10.000,0,0,0
B3_zmq_pushpull,zmq_tcp,none,none,,1,24570,512,584,1785153461030601000,1785153461030602000,1785153461030602000,1785153461030603000,1785153461030669000,1785153461030672000,1785153461030672000,1785153461030672000,121932490,121652369,-214.121,1.000,0.000,1.000,3.000,0.000,0.000,31.000,0,0,0
B3_zmq_pushpull,zmq_tcp,none,none,,1,24571,512,584,1785153461031603000,1785153461031603000,1785153461031603000,1785153461031604000,1785153461031664000,1785153461031666000,1785153461031666000,1785153461031666000,121932490,121652369,-220.121,0.000,0.000,1.000,2.000,0.000,0.000,6.000,0,0,0
B3_zmq_pushpull,zmq_tcp,none,none,,1,24572,512,584,1785153461032603000,1785153461032604000,1785153461032604000,1785153461032605000,1785153461032667000,1785153461032670000,1785153461032670000,1785153461032670000,121932490,121652369,-218.121,1.000,0.000,1.000,3.000,0.000,0.000,2.000,0,0,0
B3_zmq_pushpull,zmq_tcp,none,none,,1,24573,512,584,1785153461033599000,1785153461033599000,1785153461033599000,1785153461033600000,1785153461033661000,1785153461033664000,1785153461033664000,1785153461033664000,121932490,121652369,-219.121,0.000,0.000,1.000,3.000,0.000,0.000,1.000,0,0,0
B3_zmq_pushpull,zmq_tcp,none,none,,1,24574,512,584,1785153461034607000,1785153461034607000,1785153461034607000,1785153461034608000,1785153461034665000,1785153461034667000,1785153461034667000,1785153461034667000,121932490,121652369,-223.121,0.000,0.000,1.000,2.000,0.000,0.000,4.000,0,0,0
B3_zmq_pushpull,zmq_tcp,none,none,,1,24575,512,584,1785153461035506000,1785153461035506000,1785153461035506000,1785153461035507000,1785153461035661000,1785153461035664000,1785153461035664000,1785153461035664000,121932490,121652369,-126.121,0.000,0.000,1.000,3.000,0.000,0.000,97.000,0,0,0
B3_zmq_pushpull,zmq_tcp,none,none,,1,24576,512,584,1785153461036633000,1785153461036633000,1785153461036633000,1785153461036634000,1785153461036800000,1785153461036802000,1785153461036802000,1785153461036802000,121932490,121652369,-114.121,0.000,0.000,1.000,2.000,0.000,0.000,12.000,0,0,0
B3_zmq_pushpull,zmq_tcp,none,none,,1,24577,512,584,1785153461037509000,1785153461037509000,1785153461037509000,1785153461037510000,1785153461037665000,1785153461037668000,1785153461037668000,1785153461037668000,121932490,121652369,-125.121,0.000,0.000,1.000,3.000,0.000,0.000,11.000,0,0,0
B3_zmq_pushpull,zmq_tcp,none,none,,1,24578,512,584,1785153461038627000,1785153461038627000,1785153461038627000,1785153461038628000,1785153461038667000,1785153461038671000,1785153461038671000,1785153461038671000,121932490,121652369,-241.121,0.000,0.000,1.000,4.000,0.000,0.000,116.000,0,0,0
B3_zmq_pushpull,zmq_tcp,none,none,,1,24579,512,584,1785153461039491000,1785153461039491000,1785153461039491000,1785153461039492000,1785153461039647000,1785153461039650000,1785153461039650000,1785153461039650000,121932490,121652369,-125.121,0.000,0.000,1.000,3.000,0.000,0.000,116.000,0,0,0
B3_zmq_pushpull,zmq_tcp,none,none,,1,24580,512,584,1785153461040497000,1785153461040497000,1785153461040497000,1785153461040498000,1785153461040645000,1785153461040648000,1785153461040648000,1785153461040648000,121932490,121652369,-133.121,0.000,0.000,1.000,3.000,0.000,0.000,8.000,0,0,0
B3_zmq_pushpull,zmq_tcp,none,none,,1,24581,512,584,1785153461041629000,1785153461041629000,1785153461041629000,1785153461041630000,1785153461041797000,1785153461041800000,1785153461041800000,1785153461041800000,121932490,121652369,-113.121,0.000,0.000,1.000,3.000,0.000,0.000,20.000,0,0,0
B3_zmq_pushpull,zmq_tcp,none,none,,1,24582,512,584,1785153461042596000,1785153461042596000,1785153461042596000,1785153461042597000,1785153461042655000,1785153461042657000,1785153461042657000,1785153461042657000,121932490,121652369,-222.121,0.000,0.000,1.000,2.000,0.000,0.000,109.000,0,0,0
B3_zmq_pushpull,zmq_tcp,none,none,,1,24583,512,584,1785153461043606000,1785153461043606000,1785153461043606000,1785153461043607000,1785153461043779000,1785153461043782000,1785153461043782000,1785153461043782000,121932490,121652369,-108.121,0.000,0.000,1.000,3.000,0.000,0.000,114.000,0,0,0
B3_zmq_pushpull,zmq_tcp,none,none,,1,24584,512,584,1785153461044600000,1785153461044600000,1785153461044600000,1785153461044601000,1785153461044632000,1785153461044636000,1785153461044636000,1785153461044636000,121932490,121652369,-249.121,0.000,0.000,1.000,4.000,0.000,0.000,141.000,0,0,0
B3_zmq_pushpull,zmq_tcp,none,none,,1,24585,512,584,1785153461045604000,1785153461045604000,1785153461045604000,1785153461045605000,1785153461045765000,1785153461045768000,1785153461045768000,1785153461045768000,121932490,121652369,-120.121,0.000,0.000,1.000,3.000,0.000,0.000,129.000,0,0,0
B3_zmq_pushpull,zmq_tcp,none,none,,1,24586,512,584,1785153461051103000,1785153461051104000,1785153461051105000,1785153461051108000,1785153461054938000,1785153461054952000,1785153461054953000,1785153461054953000,121932490,121652369,3549.879,1.000,1.000,3.000,14.000,1.000,0.000,3670.000,0,0,0
B3_zmq_pushpull,zmq_tcp,none,none,,1,24587,512,584,1785153461051271000,1785153461051271000,1785153461051271000,1785153461051273000,1785153461054943000,1785153461054994000,1785153461054994000,1785153461054994000,121932490,121652369,3389.879,0.000,0.000,2.000,51.000,0.000,0.000,160.000,0,0,0
B3_zmq_pushpull,zmq_tcp,none,none,,1,24588,512,584,1785153461051273000,1785153461051273000,1785153461051273000,1785153461051274000,1785153461054943000,1785153461055000000,1785153461055000000,1785153461055000000,121932490,121652369,3388.879,0.000,0.000,1.000,57.000,0.000,0.000,1.000,0,0,0
B3_zmq_pushpull,zmq_tcp,none,none,,1,24589,512,584,1785153461051275000,1785153461051275000,1785153461051275000,1785153461051276000,1785153461054944000,1785153461055004000,1785153461055004000,1785153461055004000,121932490,121652369,3387.879,0.000,0.000,1.000,60.000,0.000,0.000,1.000,0,0,0
B3_zmq_pushpull,zmq_tcp,none,none,,1,24590,512,584,1785153461051276000,1785153461051276000,1785153461051276000,1785153461051277000,1785153461054944000,1785153461055007000,1785153461055007000,1785153461055007000,121932490,121652369,3386.879,0.000,0.000,1.000,63.000,0.000,0.000,1.000,0,0,0
B3_zmq_pushpull,zmq_tcp,none,none,,1,24591,512,584,1785153461054808000,1785153461054810000,1785153461054811000,1785153461054813000,1785153461054945000,1785153461055050000,1785153461055050000,1785153461055050000,121932490,121652369,-148.121,2.000,1.000,2.000,105.000,0.000,0.000,3535.000,0,0,0
B3_zmq_pushpull,zmq_tcp,none,none,,1,24592,512,584,1785153461054842000,1785153461054843000,1785153461054843000,1785153461054844000,1785153461054945000,1785153461055054000,1785153461055054000,1785153461055054000,121932490,121652369,-179.121,1.000,0.000,1.000,109.000,0.000,0.000,31.000,0,0,0
B3_zmq_pushpull,zmq_tcp,none,none,,1,24593,512,584,1785153461054845000,1785153461054845000,1785153461054845000,1785153461054847000,1785153461054945000,1785153461055058000,1785153461055058000,1785153461055058000,121932490,121652369,-182.121,0.000,0.000,2.000,113.000,0.000,0.000,3.000,0,0,0
B3_zmq_pushpull,zmq_tcp,none,none,,1,24594,512,584,1785153461054847000,1785153461054847000,1785153461054847000,1785153461054849000,1785153461054945000,1785153461055061000,1785153461055061000,1785153461055061000,121932490,121652369,-184.121,0.000,0.000,2.000,116.000,0.000,0.000,2.000,0,0,0
B3_zmq_pushpull,zmq_tcp,none,none,,1,24595,512,584,1785153461055562000,1785153461055563000,1785153461055563000,1785153461055565000,1785153461055734000,1785153461055744000,1785153461055744000,1785153461055744000,121932490,121652369,-111.121,1.000,0.000,2.000,10.000,0.000,0.000,73.000,0,0,0
B3_zmq_pushpull,zmq_tcp,none,none,,1,24596,512,584,1785153461056783000,1785153461056785000,1785153461056785000,1785153461056787000,1785153461056988000,1785153461056996000,1785153461056996000,1785153461056997000,121932490,121652369,-79.121,2.000,0.000,2.000,8.000,0.000,1.000,32.000,0,0,0
B3_zmq_pushpull,zmq_tcp,none,none,,1,24597,512,584,1785153461057439000,1785153461057440000,1785153461057440000,1785153461057442000,1785153461057630000,1785153461057638000,1785153461057639000,1785153461057639000,121932490,121652369,-92.121,1.000,0.000,2.000,8.000,1.000,0.000,13.000,0,0,0
B3_zmq_pushpull,zmq_tcp,none,none,,1,24598,512,584,1785153461058672000,1785153461058673000,1785153461058673000,1785153461058675000,1785153461058909000,1785153461058917000,1785153461058917000,1785153461058917000,121932490,121652369,-46.121,1.000,0.000,2.000,8.000,0.000,0.000,46.000,0,0,0
B3_zmq_pushpull,zmq_tcp,none,none,,1,24599,512,584,1785153461059527000,1785153461059528000,1785153461059528000,1785153461059530000,1785153461059708000,1785153461059716000,1785153461059716000,1785153461059716000,121932490,121652369,-102.121,1.000,0.000,2.000,8.000,0.000,0.000,56.000,0,0,0
B3_zmq_pushpull,zmq_tcp,none,none,,1,24600,512,584,1785153461060624000,1785153461060625000,1785153461060625000,1785153461060627000,1785153461060832000,1785153461060870000,1785153461060870000,1785153461060870000,121932490,121652369,-75.121,1.000,0.000,2.000,38.000,0.000,0.000,27.000,0,0,0
B3_zmq_pushpull,zmq_tcp,none,none,,1,24601,512,584,1785153461061480000,1785153461061482000,1785153461061482000,1785153461061484000,1785153461061611000,1785153461061619000,1785153461061619000,1785153461061619000,121932490,121652369,-153.121,2.000,0.000,2.000,8.000,0.000,0.000,78.000,0,0,0
B3_zmq_pushpull,zmq_tcp,none,none,,1,24602,512,584,1785153461062490000,1785153461062491000,1785153461062491000,1785153461062492000,1785153461062649000,1785153461062655000,1785153461062655000,1785153461062655000,121932490,121652369,-123.121,1.000,0.000,1.000,6.000,0.000,0.000,30.000,0,0,0
B3_zmq_pushpull,zmq_tcp,none,none,,1,24603,512,584,1785153461063520000,1785153461063521000,1785153461063521000,1785153461063523000,1785153461063709000,1785153461063716000,1785153461063716000,1785153461063716000,121932490,121652369,-94.121,1.000,0.000,2.000,7.000,0.000,0.000,29.000,0,0,0
B3_zmq_pushpull,zmq_tcp,none,none,,1,24604,512,584,1785153461064625000,1785153461064625000,1785153461064626000,1785153461064627000,1785153461064805000,1785153461064812000,1785153461064812000,1785153461064812000,121932490,121652369,-102.121,0.000,1.000,1.000,7.000,0.000,0.000,8.000,0,0,0
B3_zmq_pushpull,zmq_tcp,none,none,,1,24605,512,584,1785153461065510000,1785153461065511000,1785153461065511000,1785153461065513000,1785153461065670000,1785153461065677000,1785153461065677000,1785153461065677000,121932490,121652369,-123.121,1.000,0.000,2.000,7.000,0.000,0.000,21.000,0,0,0
B3_zmq_pushpull,zmq_tcp,none,none,,1,24606,512,584,1785153461066683000,1785153461066684000,1785153461066684000,1785153461066686000,1785153461066896000,1785153461066906000,1785153461066906000,1785153461066906000,121932490,121652369,-70.121,1.000,0.000,2.000,10.000,0.000,0.000,53.000,0,0,0
B3_zmq_pushpull,zmq_tcp,none,none,,1,24607,512,584,1785153461067588000,1785153461067589000,1785153461067590000,1785153461067591000,1785153461067673000,1785153461067682000,1785153461067682000,1785153461067682000,121932490,121652369,-198.121,1.000,1.000,1.000,9.000,0.000,0.000,128.000,0,0,0
B3_zmq_pushpull,zmq_tcp,none,none,,1,24608,512,584,1785153461068419000,1785153461068420000,1785153461068420000,1785153461068422000,1785153461068562000,1785153461068569000,1785153461068569000,1785153461068570000,121932490,121652369,-140.121,1.000,0.000,2.000,7.000,0.000,1.000,58.000,0,0,0
B3_zmq_pushpull,zmq_tcp,none,none,,1,24609,512,584,1785153461069435000,1785153461069436000,1785153461069436000,1785153461069437000,1785153461069595000,1785153461069602000,1785153461069602000,1785153461069602000,121932490,121652369,-122.121,1.000,0.000,1.000,7.000,0.000,0.000,18.000,0,0,0
B3_zmq_pushpull,zmq_tcp,none,none,,1,24610,512,584,1785153461070472000,1785153461070473000,1785153461070473000,1785153461070475000,1785153461070659000,1785153461070666000,1785153461070666000,1785153461070666000,121932490,121652369,-96.121,1.000,0.000,2.000,7.000,0.000,0.000,26.000,0,0,0
B3_zmq_pushpull,zmq_tcp,none,none,,1,24611,512,584,1785153461071424000,1785153461071425000,1785153461071425000,1785153461071427000,1785153461071721000,1785153461071730000,1785153461071731000,1785153461071731000,121932490,121652369,13.879,1.000,0.000,2.000,9.000,1.000,0.000,110.000,0,0,0
B3_zmq_pushpull,zmq_tcp,none,none,,1,24612,512,584,1785153461072649000,1785153461072650000,1785153461072650000,1785153461072652000,1785153461072759000,1785153461072764000,1785153461072764000,1785153461072764000,121932490,121652369,-173.121,1.000,0.000,2.000,5.000,0.000,0.000,187.000,0,0,0
B3_zmq_pushpull,zmq_tcp,none,none,,1,24613,512,584,1785153461073645000,1785153461073646000,1785153461073646000,1785153461073647000,1785153461073843000,1785153461073852000,1785153461073852000,1785153461073852000,121932490,121652369,-84.121,1.000,0.000,1.000,9.000,0.000,0.000,89.000,0,0,0
B3_zmq_pushpull,zmq_tcp,none,none,,1,24614,512,584,1785153461074592000,1785153461074592000,1785153461074592000,1785153461074593000,1785153461074659000,1785153461074664000,1785153461074664000,1785153461074664000,121932490,121652369,-214.121,0.000,0.000,1.000,5.000,0.000,0.000,130.000,0,0,0
B3_zmq_pushpull,zmq_tcp,none,none,,1,24615,512,584,1785153461075499000,1785153461075500000,1785153461075500000,1785153461075501000,1785153461075658000,1785153461075662000,1785153461075662000,1785153461075662000,121932490,121652369,-123.121,1.000,0.000,1.000,4.000,0.000,0.000,91.000,0,0,0
B3_zmq_pushpull,zmq_tcp,none,none,,1,24616,512,584,1785153461076628000,1785153461076628000,1785153461076628000,1785153461076629000,1785153461076798000,1785153461076802000,1785153461076802000,1785153461076802000,121932490,121652369,-111.121,0.000,0.000,1.000,4.000,0.000,0.000,12.000,0,0,0
B3_zmq_pushpull,zmq_tcp,none,none,,1,24617,512,584,1785153461077604000,1785153461077605000,1785153461077606000,1785153461077608000,1785153461077780000,1785153461077789000,1785153461077790000,1785153461077790000,121932490,121652369,-108.121,1.000,1.000,2.000,9.000,1.000,0.000,3.000,0,0,0
B3_zmq_pushpull,zmq_tcp,none,none,,1,24618,512,584,1785153461078521000,1785153461078522000,1785153461078522000,1785153461078524000,1785153461078685000,1785153461078694000,1785153461078694000,1785153461078694000,121932490,121652369,-119.121,1.000,0.000,2.000,9.000,0.000,0.000,11.000,0,0,0
B3_zmq_pushpull,zmq_tcp,none,none,,1,24619,512,584,1785153461079522000,1785153461079523000,1785153461079523000,1785153461079525000,1785153461079687000,1785153461079696000,1785153461079696000,1785153461079696000,121932490,121652369,-118.121,1.000,0.000,2.000,9.000,0.000,0.000,1.000,0,0,0
B3_zmq_pushpull,zmq_tcp,none,none,,1,24620,512,584,1785153461080425000,1785153461080427000,1785153461080427000,1785153461080429000,1785153461080594000,1785153461080603000,1785153461080603000,1785153461080603000,121932490,121652369,-115.121,2.000,0.000,2.000,9.000,0.000,0.000,3.000,0,0,0
B3_zmq_pushpull,zmq_tcp,none,none,,1,24621,512,584,1785153461081646000,1785153461081647000,1785153461081647000,1785153461081649000,1785153461081734000,1785153461081743000,1785153461081744000,1785153461081744000,121932490,121652369,-195.121,1.000,0.000,2.000,9.000,1.000,0.000,80.000,0,0,0
B3_zmq_pushpull,zmq_tcp,none,none,,1,24622,512,584,1785153461082599000,1785153461082599000,1785153461082599000,1785153461082601000,1785153461082661000,1785153461082666000,1785153461082666000,1785153461082666000,121932490,121652369,-220.121,0.000,0.000,2.000,5.000,0.000,0.000,25.000,0,0,0
B3_zmq_pushpull,zmq_tcp,none,none,,1,24623,512,584,1785153461083521000,1785153461083521000,1785153461083521000,1785153461083522000,1785153461083679000,1785153461083683000,1785153461083683000,1785153461083683000,121932490,121652369,-123.121,0.000,0.000,1.000,4.000,0.000,0.000,97.000,0,0,0
B3_zmq_pushpull,zmq_tcp,none,none,,1,24624,512,584,1785153461084407000,1785153461084407000,1785153461084407000,1785153461084408000,1785153461084551000,1785153461084554000,1785153461084554000,1785153461084555000,121932490,121652369,-137.121,0.000,0.000,1.000,3.000,0.000,1.000,14.000,0,0,0
B3_zmq_pushpull,zmq_tcp,none,none,,1,24625,512,584,1785153461085412000,1785153461085413000,1785153461085413000,1785153461085414000,1785153461085594000,1785153461085604000,1785153461085604000,1785153461085604000,121932490,121652369,-100.121,1.000,0.000,1.000,10.000,0.000,0.000,37.000,0,0,0
B3_zmq_pushpull,zmq_tcp,none,none,,1,24626,512,584,1785153461086445000,1785153461086445000,1785153461086445000,1785153461086446000,1785153461086603000,1785153461086606000,1785153461086607000,1785153461086607000,121932490,121652369,-123.121,0.000,0.000,1.000,3.000,1.000,0.000,23.000,0,0,0
B3_zmq_pushpull,zmq_tcp,none,none,,1,24627,512,584,1785153461087643000,1785153461087643000,1785153461087643000,1785153461087644000,1785153461087756000,1785153461087760000,1785153461087760000,1785153461087760000,121932490,121652369,-168.121,0.000,0.000,1.000,4.000,0.000,0.000,45.000,0,0,0
B3_zmq_pushpull,zmq_tcp,none,none,,1,24628,512,584,1785153461088593000,1785153461088593000,1785153461088593000,1785153461088594000,1785153461088658000,1785153461088662000,1785153461088662000,1785153461088662000,121932490,121652369,-216.121,0.000,0.000,1.000,4.000,0.000,0.000,48.000,0,0,0
B3_zmq_pushpull,zmq_tcp,none,none,,1,24629,512,584,1785153461089608000,1785153461089609000,1785153461089609000,1785153461089610000,1785153461089687000,1785153461089690000,1785153461089690000,1785153461089690000,121932490,121652369,-203.121,1.000,0.000,1.000,3.000,0.000,0.000,13.000,0,0,0
B3_zmq_pushpull,zmq_tcp,none,none,,1,24630,512,584,1785153461090602000,1785153461090602000,1785153461090602000,1785153461090603000,1785153461090709000,1785153461090712000,1785153461090712000,1785153461090712000,121932490,121652369,-174.121,0.000,0.000,1.000,3.000,0.000,0.000,29.000,0,0,0
B3_zmq_pushpull,zmq_tcp,none,none,,1,24631,512,584,1785153461091605000,1785153461091605000,1785153461091605000,1785153461091606000,1785153461091723000,1785153461091725000,1785153461091725000,1785153461091725000,121932490,121652369,-163.121,0.000,0.000,1.000,2.000,0.000,0.000,11.000,0,0,0
B3_zmq_pushpull,zmq_tcp,none,none,,1,24632,512,584,1785153461092435000,1785153461092435000,1785153461092435000,1785153461092437000,1785153461092592000,1785153461092596000,1785153461092596000,1785153461092596000,121932490,121652369,-125.121,0.000,0.000,2.000,4.000,0.000,0.000,38.000,0,0,0
B3_zmq_pushpull,zmq_tcp,none,none,,1,24633,512,584,1785153461093647000,1785153461093648000,1785153461093648000,1785153461093649000,1785153461093748000,1785153461093751000,1785153461093751000,1785153461093751000,121932490,121652369,-181.121,1.000,0.000,1.000,3.000,0.000,0.000,56.000,0,0,0
B3_zmq_pushpull,zmq_tcp,none,none,,1,24634,512,584,1785153461094597000,1785153461094597000,1785153461094597000,1785153461094598000,1785153461094757000,1785153461094760000,1785153461094760000,1785153461094760000,121932490,121652369,-121.121,0.000,0.000,1.000,3.000,0.000,0.000,60.000,0,0,0
B3_zmq_pushpull,zmq_tcp,none,none,,1,24635,512,584,1785153461095606000,1785153461095606000,1785153461095607000,1785153461095607000,1785153461095771000,1785153461095774000,1785153461095774000,1785153461095774000,121932490,121652369,-116.121,0.000,1.000,0.000,3.000,0.000,0.000,5.000,0,0,0
B3_zmq_pushpull,zmq_tcp,none,none,,1,24636,512,584,1785153461096485000,1785153461096485000,1785153461096485000,1785153461096486000,1785153461096640000,1785153461096643000,1785153461096643000,1785153461096643000,121932490,121652369,-126.121,0.000,0.000,1.000,3.000,0.000,0.000,10.000,0,0,0
B3_zmq_pushpull,zmq_tcp,none,none,,1,24637,512,584,1785153461097632000,1785153461097633000,1785153461097633000,1785153461097634000,1785153461097775000,1785153461097782000,1785153461097782000,1785153461097782000,121932490,121652369,-139.121,1.000,0.000,1.000,7.000,0.000,0.000,13.000,0,0,0
B3_zmq_pushpull,zmq_tcp,none,none,,1,24638,512,584,1785153461098596000,1785153461098597000,1785153461098597000,1785153461098598000,1785153461098655000,1785153461098658000,1785153461098658000,1785153461098658000,121932490,121652369,-223.121,1.000,0.000,1.000,3.000,0.000,0.000,84.000,0,0,0
B3_zmq_pushpull,zmq_tcp,none,none,,1,24639,512,584,1785153461099606000,1785153461099606000,1785153461099606000,1785153461099607000,1785153461099654000,1785153461099657000,1785153461099657000,1785153461099657000,121932490,121652369,-233.121,0.000,0.000,1.000,3.000,0.000,0.000,10.000,0,0,0
B3_zmq_pushpull,zmq_tcp,none,none,,1,24640,512,584,1785153461100604000,1785153461100604000,1785153461100604000,1785153461100606000,1785153461100765000,1785153461100768000,1785153461100768000,1785153461100768000,121932490,121652369,-121.121,0.000,0.000,2.000,3.000,0.000,0.000,112.000,0,0,0
B3_zmq_pushpull,zmq_tcp,none,none,,1,24641,512,584,1785153461101605000,1785153461101605000,1785153461101605000,1785153461101606000,1785153461101768000,1785153461101771000,1785153461101771000,1785153461101771000,121932490,121652369,-118.121,0.000,0.000,1.000,3.000,0.000,0.000,3.000,0,0,0
B3_zmq_pushpull,zmq_tcp,none,none,,1,24642,512,584,1785153461102602000,1785153461102602000,1785153461102602000,1785153461102603000,1785153461102779000,1785153461102782000,1785153461102782000,1785153461102782000,121932490,121652369,-104.121,0.000,0.000,1.000,3.000,0.000,0.000,14.000,0,0,0
B3_zmq_pushpull,zmq_tcp,none,none,,1,24643,512,584,1785153461103604000,1785153461103604000,1785153461103605000,1785153461103605000,1785153461103647000,1785153461103651000,1785153461103651000,1785153461103651000,121932490,121652369,-238.121,0.000,1.000,0.000,4.000,0.000,0.000,134.000,0,0,0
B3_zmq_pushpull,zmq_tcp,none,none,,1,24644,512,584,1785153461104488000,1785153461104488000,1785153461104488000,1785153461104489000,1785153461104644000,1785153461104647000,1785153461104647000,1785153461104647000,121932490,121652369,-125.121,0.000,0.000,1.000,3.000,0.000,0.000,113.000,0,0,0
B3_zmq_pushpull,zmq_tcp,none,none,,1,24645,512,584,1785153461105499000,1785153461105499000,1785153461105499000,1785153461105500000,1785153461105660000,1785153461105663000,1785153461105663000,1785153461105663000,121932490,121652369,-120.121,0.000,0.000,1.000,3.000,0.000,0.000,5.000,0,0,0
B3_zmq_pushpull,zmq_tcp,none,none,,1,24646,512,584,1785153461106490000,1785153461106490000,1785153461106490000,1785153461106491000,1785153461106644000,1785153461106648000,1785153461106648000,1785153461106648000,121932490,121652369,-127.121,0.000,0.000,1.000,4.000,0.000,0.000,7.000,0,0,0
B3_zmq_pushpull,zmq_tcp,none,none,,1,24647,512,584,1785153461107490000,1785153461107490000,1785153461107490000,1785153461107492000,1785153461107643000,1785153461107646000,1785153461107646000,1785153461107646000,121932490,121652369,-129.121,0.000,0.000,2.000,3.000,0.000,0.000,2.000,0,0,0
B3_zmq_pushpull,zmq_tcp,none,none,,1,24648,512,584,1785153461108628000,1785153461108628000,1785153461108628000,1785153461108629000,1785153461108780000,1785153461108783000,1785153461108783000,1785153461108783000,121932490,121652369,-129.121,0.000,0.000,1.000,3.000,0.000,0.000,0.000,0,0,0
B3_zmq_pushpull,zmq_tcp,none,none,,1,24649,512,584,1785153461109599000,1785153461109599000,1785153461109599000,1785153461109600000,1785153461109765000,1785153461109768000,1785153461109768000,1785153461109768000,121932490,121652369,-115.121,0.000,0.000,1.000,3.000,0.000,0.000,14.000,0,0,0
B3_zmq_pushpull,zmq_tcp,none,none,,1,24650,512,584,1785153461110604000,1785153461110604000,1785153461110604000,1785153461110605000,1785153461110784000,1785153461110787000,1785153461110787000,1785153461110787000,121932490,121652369,-101.121,0.000,0.000,1.000,3.000,0.000,0.000,14.000,0,0,0
B3_zmq_pushpull,zmq_tcp,none,none,,1,24651,512,584,1785153461111605000,1785153461111605000,1785153461111605000,1785153461111606000,1785153461111795000,1785153461111797000,1785153461111797000,1785153461111797000,121932490,121652369,-91.121,0.000,0.000,1.000,2.000,0.000,0.000,10.000,0,0,0
B3_zmq_pushpull,zmq_tcp,none,none,,1,24652,512,584,1785153461112603000,1785153461112603000,1785153461112604000,1785153461112604000,1785153461112795000,1785153461112797000,1785153461112798000,1785153461112798000,121932490,121652369,-89.121,0.000,1.000,0.000,2.000,1.000,0.000,2.000,0,0,0
B3_zmq_pushpull,zmq_tcp,none,none,,1,24653,512,584,1785153461113605000,1785153461113605000,1785153461113605000,1785153461113606000,1785153461113671000,1785153461113675000,1785153461113675000,1785153461113675000,121932490,121652369,-215.121,0.000,0.000,1.000,4.000,0.000,0.000,126.000,0,0,0
B3_zmq_pushpull,zmq_tcp,none,none,,1,24654,512,584,1785153461114523000,1785153461114524000,1785153461114524000,1785153461114525000,1785153461114667000,1785153461114671000,1785153461114671000,1785153461114671000,121932490,121652369,-138.121,1.000,0.000,1.000,4.000,0.000,0.000,77.000,0,0,0
B3_zmq_pushpull,zmq_tcp,none,none,,1,24655,512,584,1785153461115625000,1785153461115625000,1785153461115625000,1785153461115626000,1785153461115677000,1785153461115680000,1785153461115680000,1785153461115680000,121932490,121652369,-229.121,0.000,0.000,1.000,3.000,0.000,0.000,91.000,0,0,0
B3_zmq_pushpull,zmq_tcp,none,none,,1,24656,512,584,1785153461116598000,1785153461116598000,1785153461116598000,1785153461116599000,1785153461116685000,1785153461116688000,1785153461116688000,1785153461116688000,121932490,121652369,-194.121,0.000,0.000,1.000,3.000,0.000,0.000,35.000,0,0,0
B3_zmq_pushpull,zmq_tcp,none,none,,1,24657,512,584,1785153461117607000,1785153461117607000,1785153461117608000,1785153461117608000,1785153461117679000,1785153461117681000,1785153461117681000,1785153461117681000,121932490,121652369,-209.121,0.000,1.000,0.000,2.000,0.000,0.000,15.000,0,0,0
B3_zmq_pushpull,zmq_tcp,none,none,,1,24658,512,584,1785153461118602000,1785153461118602000,1785153461118602000,1785153461118603000,1785153461118683000,1785153461118686000,1785153461118686000,1785153461118686000,121932490,121652369,-200.121,0.000,0.000,1.000,3.000,0.000,0.000,9.000,0,0,0
B3_zmq_pushpull,zmq_tcp,none,none,,1,24659,512,584,1785153461119536000,1785153461119537000,1785153461119537000,1785153461119538000,1785153461119687000,1785153461119690000,1785153461119690000,1785153461119690000,121932490,121652369,-131.121,1.000,0.000,1.000,3.000,0.000,0.000,69.000,0,0,0
B3_zmq_pushpull,zmq_tcp,none,none,,1,24660,512,584,1785153461120620000,1785153461120620000,1785153461120620000,1785153461120621000,1785153461120819000,1785153461120822000,1785153461120822000,1785153461120822000,121932490,121652369,-82.121,0.000,0.000,1.000,3.000,0.000,0.000,49.000,0,0,0
B3_zmq_pushpull,zmq_tcp,none,none,,1,24661,512,584,1785153461121597000,1785153461121597000,1785153461121597000,1785153461121598000,1785153461121670000,1785153461121673000,1785153461121673000,1785153461121673000,121932490,121652369,-208.121,0.000,0.000,1.000,3.000,0.000,0.000,126.000,0,0,0
B3_zmq_pushpull,zmq_tcp,none,none,,1,24662,512,584,1785153461122609000,1785153461122609000,1785153461122609000,1785153461122610000,1785153461122672000,1785153461122675000,1785153461122675000,1785153461122675000,121932490,121652369,-218.121,0.000,0.000,1.000,3.000,0.000,0.000,10.000,0,0,0
B3_zmq_pushpull,zmq_tcp,none,none,,1,24663,512,584,1785153461123602000,1785153461123602000,1785153461123602000,1785153461123603000,1785153461123682000,1785153461123690000,1785153461123690000,1785153461123690000,121932490,121652369,-201.121,0.000,0.000,1.000,8.000,0.000,0.000,17.000,0,0,0
B3_zmq_pushpull,zmq_tcp,none,none,,1,24664,512,584,1785153461124606000,1785153461124606000,1785153461124606000,1785153461124607000,1785153461124683000,1785153461124685000,1785153461124685000,1785153461124685000,121932490,121652369,-204.121,0.000,0.000,1.000,2.000,0.000,0.000,3.000,0,0,0
B3_zmq_pushpull,zmq_tcp,none,none,,1,24665,512,584,1785153461125599000,1785153461125600000,1785153461125600000,1785153461125601000,1785153461125696000,1785153461125699000,1785153461125699000,1785153461125699000,121932490,121652369,-185.121,1.000,0.000,1.000,3.000,0.000,0.000,19.000,0,0,0
B3_zmq_pushpull,zmq_tcp,none,none,,1,24666,512,584,1785153461126606000,1785153461126606000,1785153461126606000,1785153461126607000,1785153461126707000,1785153461126710000,1785153461126710000,1785153461126710000,121932490,121652369,-180.121,0.000,0.000,1.000,3.000,0.000,0.000,5.000,0,0,0
B3_zmq_pushpull,zmq_tcp,none,none,,1,24667,512,584,1785153461127606000,1785153461127606000,1785153461127607000,1785153461127608000,1785153461127721000,1785153461127724000,1785153461127724000,1785153461127724000,121932490,121652369,-167.121,0.000,1.000,1.000,3.000,0.000,0.000,13.000,0,0,0
B3_zmq_pushpull,zmq_tcp,none,none,,1,24668,512,584,1785153461128603000,1785153461128604000,1785153461128604000,1785153461128605000,1785153461128721000,1785153461128724000,1785153461128724000,1785153461128724000,121932490,121652369,-164.121,1.000,0.000,1.000,3.000,0.000,0.000,3.000,0,0,0
B3_zmq_pushpull,zmq_tcp,none,none,,1,24669,512,584,1785153461129604000,1785153461129604000,1785153461129604000,1785153461129605000,1785153461129739000,1785153461129742000,1785153461129742000,1785153461129742000,121932490,121652369,-146.121,0.000,0.000,1.000,3.000,0.000,0.000,18.000,0,0,0
B3_zmq_pushpull,zmq_tcp,none,none,,1,24670,512,584,1785153461130604000,1785153461130604000,1785153461130604000,1785153461130605000,1785153461130749000,1785153461130753000,1785153461130753000,1785153461130753000,121932490,121652369,-136.121,0.000,0.000,1.000,4.000,0.000,0.000,10.000,0,0,0
B3_zmq_pushpull,zmq_tcp,none,none,,1,24671,512,584,1785153461131603000,1785153461131603000,1785153461131603000,1785153461131604000,1785153461131763000,1785153461131765000,1785153461131765000,1785153461131766000,121932490,121652369,-121.121,0.000,0.000,1.000,2.000,0.000,1.000,15.000,0,0,0
B3_zmq_pushpull,zmq_tcp,none,none,,1,24672,512,584,1785153461132602000,1785153461132602000,1785153461132602000,1785153461132603000,1785153461132768000,1785153461132771000,1785153461132771000,1785153461132771000,121932490,121652369,-115.121,0.000,0.000,1.000,3.000,0.000,0.000,6.000,0,0,0
B3_zmq_pushpull,zmq_tcp,none,none,,1,24673,512,584,1785153461133603000,1785153461133603000,1785153461133604000,1785153461133604000,1785153461133792000,1785153461133795000,1785153461133796000,1785153461133796000,121932490,121652369,-92.121,0.000,1.000,0.000,3.000,1.000,0.000,23.000,0,0,0
B3_zmq_pushpull,zmq_tcp,none,none,,1,24674,512,584,1785153461134606000,1785153461134606000,1785153461134606000,1785153461134607000,1785153461134661000,1785153461134665000,1785153461134665000,1785153461134665000,121932490,121652369,-226.121,0.000,0.000,1.000,4.000,0.000,0.000,134.000,0,0,0
B3_zmq_pushpull,zmq_tcp,none,none,,1,24675,512,584,1785153461135602000,1785153461135603000,1785153461135603000,1785153461135604000,1785153461135667000,1785153461135670000,1785153461135670000,1785153461135670000,121932490,121652369,-217.121,1.000,0.000,1.000,3.000,0.000,0.000,9.000,0,0,0
B3_zmq_pushpull,zmq_tcp,none,none,,1,24676,512,584,1785153461136603000,1785153461136604000,1785153461136604000,1785153461136605000,1785153461136667000,1785153461136670000,1785153461136670000,1785153461136670000,121932490,121652369,-218.121,1.000,0.000,1.000,3.000,0.000,0.000,1.000,0,0,0
B3_zmq_pushpull,zmq_tcp,none,none,,1,24677,512,584,1785153461137603000,1785153461137603000,1785153461137603000,1785153461137604000,1785153461137678000,1785153461137681000,1785153461137681000,1785153461137681000,121932490,121652369,-206.121,0.000,0.000,1.000,3.000,0.000,0.000,12.000,0,0,0
B3_zmq_pushpull,zmq_tcp,none,none,,1,24678,512,584,1785153461138603000,1785153461138603000,1785153461138603000,1785153461138604000,1785153461138680000,1785153461138683000,1785153461138683000,1785153461138683000,121932490,121652369,-204.121,0.000,0.000,1.000,3.000,0.000,0.000,2.000,0,0,0
B3_zmq_pushpull,zmq_tcp,none,none,,1,24679,512,584,1785153461139602000,1785153461139602000,1785153461139602000,1785153461139603000,1785153461139678000,1785153461139680000,1785153461139680000,1785153461139680000,121932490,121652369,-205.121,0.000,0.000,1.000,2.000,0.000,0.000,1.000,0,0,0
B3_zmq_pushpull,zmq_tcp,none,none,,1,24680,512,584,1785153461140604000,1785153461140604000,1785153461140604000,1785153461140605000,1785153461140653000,1785153461140656000,1785153461140656000,1785153461140656000,121932490,121652369,-232.121,0.000,0.000,1.000,3.000,0.000,0.000,27.000,0,0,0
B3_zmq_pushpull,zmq_tcp,none,none,,1,24681,512,584,1785153461141493000,1785153461141493000,1785153461141493000,1785153461141494000,1785153461141650000,1785153461141653000,1785153461141653000,1785153461141653000,121932490,121652369,-124.121,0.000,0.000,1.000,3.000,0.000,0.000,108.000,0,0,0
B3_zmq_pushpull,zmq_tcp,none,none,,1,24682,512,584,1785153461142632000,1785153461142632000,1785153461142632000,1785153461142633000,1785153461142792000,1785153461142795000,1785153461142795000,1785153461142795000,121932490,121652369,-121.121,0.000,0.000,1.000,3.000,0.000,0.000,3.000,0,0,0
B3_zmq_pushpull,zmq_tcp,none,none,,1,24683,512,584,1785153461143596000,1785153461143596000,1785153461143596000,1785153461143597000,1785153461143776000,1785153461143779000,1785153461143779000,1785153461143779000,121932490,121652369,-101.121,0.000,0.000,1.000,3.000,0.000,0.000,20.000,0,0,0
B3_zmq_pushpull,zmq_tcp,none,none,,1,24684,512,584,1785153461144490000,1785153461144490000,1785153461144490000,1785153461144491000,1785153461144636000,1785153461144639000,1785153461144639000,1785153461144639000,121932490,121652369,-135.121,0.000,0.000,1.000,3.000,0.000,0.000,34.000,0,0,0
B3_zmq_pushpull,zmq_tcp,none,none,,1,24685,512,584,1785153461145631000,1785153461145632000,1785153461145632000,1785153461145633000,1785153461145783000,1785153461145786000,1785153461145786000,1785153461145786000,121932490,121652369,-130.121,1.000,0.000,1.000,3.000,0.000,0.000,5.000,0,0,0
B3_zmq_pushpull,zmq_tcp,none,none,,1,24686,512,584,1785153461146597000,1785153461146597000,1785153461146597000,1785153461146598000,1785153461146795000,1785153461146798000,1785153461146798000,1785153461146798000,121932490,121652369,-83.121,0.000,0.000,1.000,3.000,0.000,0.000,47.000,0,0,0
B3_zmq_pushpull,zmq_tcp,none,none,,1,24687,512,584,1785153461147507000,1785153461147507000,1785153461147507000,1785153461147508000,1785153461147659000,1785153461147666000,1785153461147666000,1785153461147666000,121932490,121652369,-129.121,0.000,0.000,1.000,7.000,0.000,0.000,46.000,0,0,0
B3_zmq_pushpull,zmq_tcp,none,none,,1,24688,512,584,1785153461148628000,1785153461148628000,1785153461148628000,1785153461148629000,1785153461148788000,1785153461148791000,1785153461148791000,1785153461148791000,121932490,121652369,-121.121,0.000,0.000,1.000,3.000,0.000,0.000,8.000,0,0,0
B3_zmq_pushpull,zmq_tcp,none,none,,1,24689,512,584,1785153461149598000,1785153461149598000,1785153461149598000,1785153461149599000,1785153461149652000,1785153461149655000,1785153461149655000,1785153461149655000,121932490,121652369,-227.121,0.000,0.000,1.000,3.000,0.000,0.000,106.000,0,0,0
B3_zmq_pushpull,zmq_tcp,none,none,,1,24690,512,584,1785153461150604000,1785153461150604000,1785153461150604000,1785153461150605000,1785153461150669000,1785153461150672000,1785153461150672000,1785153461150672000,121932490,121652369,-216.121,0.000,0.000,1.000,3.000,0.000,0.000,11.000,0,0,0
B3_zmq_pushpull,zmq_tcp,none,none,,1,24691,512,584,1785153461151604000,1785153461151605000,1785153461151605000,1785153461151606000,1785153461151673000,1785153461151676000,1785153461151676000,1785153461151676000,121932490,121652369,-213.121,1.000,0.000,1.000,3.000,0.000,0.000,3.000,0,0,0
B3_zmq_pushpull,zmq_tcp,none,none,,1,24692,512,584,1785153461152512000,1785153461152512000,1785153461152512000,1785153461152513000,1785153461152659000,1785153461152662000,1785153461152662000,1785153461152662000,121932490,121652369,-134.121,0.000,0.000,1.000,3.000,0.000,0.000,79.000,0,0,0
B3_zmq_pushpull,zmq_tcp,none,none,,1,24693,512,584,1785153461153627000,1785153461153627000,1785153461153627000,1785153461153628000,1785153461153796000,1785153461153799000,1785153461153799000,1785153461153799000,121932490,121652369,-112.121,0.000,0.000,1.000,3.000,0.000,0.000,22.000,0,0,0
B3_zmq_pushpull,zmq_tcp,none,none,,1,24694,512,584,1785153461154595000,1785153461154595000,1785153461154595000,1785153461154596000,1785153461154778000,1785153461154781000,1785153461154781000,1785153461154781000,121932490,121652369,-98.121,0.000,0.000,1.000,3.000,0.000,0.000,14.000,0,0,0
B3_zmq_pushpull,zmq_tcp,none,none,,1,24695,512,584,1785153461155459000,1785153461155459000,1785153461155459000,1785153461155461000,1785153461155607000,1785153461155610000,1785153461155610000,1785153461155610000,121932490,121652369,-134.121,0.000,0.000,2.000,3.000,0.000,0.000,36.000,0,0,0
B3_zmq_pushpull,zmq_tcp,none,none,,1,24696,512,584,1785153461156459000,1785153461156459000,1785153461156459000,1785153461156460000,1785153461156608000,1785153461156612000,1785153461156612000,1785153461156612000,121932490,121652369,-132.121,0.000,0.000,1.000,4.000,0.000,0.000,2.000,0,0,0
B3_zmq_pushpull,zmq_tcp,none,none,,1,24697,512,584,1785153461157456000,1785153461157456000,1785153461157456000,1785153461157457000,1785153461157600000,1785153461157603000,1785153461157603000,1785153461157603000,121932490,121652369,-137.121,0.000,0.000,1.000,3.000,0.000,0.000,5.000,0,0,0
B3_zmq_pushpull,zmq_tcp,none,none,,1,24698,512,584,1785153461158637000,1785153461158637000,1785153461158637000,1785153461158638000,1785153461158732000,1785153461158735000,1785153461158735000,1785153461158735000,121932490,121652369,-186.121,0.000,0.000,1.000,3.000,0.000,0.000,49.000,0,0,0
B3_zmq_pushpull,zmq_tcp,none,none,,1,24699,512,584,1785153461159595000,1785153461159596000,1785153461159596000,1785153461159597000,1785153461159714000,1785153461159716000,1785153461159716000,1785153461159716000,121932490,121652369,-163.121,1.000,0.000,1.000,2.000,0.000,0.000,23.000,0,0,0
B3_zmq_pushpull,zmq_tcp,none,none,,1,24700,512,584,1785153461160607000,1785153461160607000,1785153461160607000,1785153461160608000,1785153461160712000,1785153461160715000,1785153461160715000,1785153461160715000,121932490,121652369,-176.121,0.000,0.000,1.000,3.000,0.000,0.000,13.000,0,0,0
B3_zmq_pushpull,zmq_tcp,none,none,,1,24701,512,584,1785153461161599000,1785153461161599000,1785153461161599000,1785153461161600000,1785153461161715000,1785153461161718000,1785153461161718000,1785153461161718000,121932490,121652369,-165.121,0.000,0.000,1.000,3.000,0.000,0.000,11.000,0,0,0
B3_zmq_pushpull,zmq_tcp,none,none,,1,24702,512,584,1785153461162411000,1785153461162412000,1785153461162412000,1785153461162413000,1785153461162567000,1785153461162570000,1785153461162571000,1785153461162571000,121932490,121652369,-126.121,1.000,0.000,1.000,3.000,1.000,0.000,39.000,0,0,0
B3_zmq_pushpull,zmq_tcp,none,none,,1,24703,512,584,1785153461163652000,1785153461163652000,1785153461163652000,1785153461163653000,1785153461163694000,1785153461163697000,1785153461163697000,1785153461163697000,121932490,121652369,-239.121,0.000,0.000,1.000,3.000,0.000,0.000,113.000,0,0,0
B3_zmq_pushpull,zmq_tcp,none,none,,1,24704,512,584,1785153461164590000,1785153461164590000,1785153461164590000,1785153461164591000,1785153461164704000,1785153461164707000,1785153461164707000,1785153461164707000,121932490,121652369,-167.121,0.000,0.000,1.000,3.000,0.000,0.000,72.000,0,0,0
B3_zmq_pushpull,zmq_tcp,none,none,,1,24705,512,584,1785153461165608000,1785153461165608000,1785153461165608000,1785153461165609000,1785153461165712000,1785153461165715000,1785153461165715000,1785153461165715000,121932490,121652369,-177.121,0.000,0.000,1.000,3.000,0.000,0.000,10.000,0,0,0
B3_zmq_pushpull,zmq_tcp,none,none,,1,24706,512,584,1785153461166602000,1785153461166602000,1785153461166602000,1785153461166603000,1785153461166714000,1785153461166716000,1785153461166716000,1785153461166716000,121932490,121652369,-169.121,0.000,0.000,1.000,2.000,0.000,0.000,8.000,0,0,0
B3_zmq_pushpull,zmq_tcp,none,none,,1,24707,512,584,1785153461167603000,1785153461167603000,1785153461167603000,1785153461167604000,1785153461167719000,1785153461167722000,1785153461167722000,1785153461167722000,121932490,121652369,-165.121,0.000,0.000,1.000,3.000,0.000,0.000,4.000,0,0,0
B3_zmq_pushpull,zmq_tcp,none,none,,1,24708,512,584,1785153461168602000,1785153461168602000,1785153461168602000,1785153461168604000,1785153461168741000,1785153461168744000,1785153461168744000,1785153461168744000,121932490,121652369,-143.121,0.000,0.000,2.000,3.000,0.000,0.000,22.000,0,0,0
B3_zmq_pushpull,zmq_tcp,none,none,,1,24709,512,584,1785153461169461000,1785153461169461000,1785153461169461000,1785153461169463000,1785153461169602000,1785153461169605000,1785153461169605000,1785153461169605000,121932490,121652369,-141.121,0.000,0.000,2.000,3.000,0.000,0.000,2.000,0,0,0
B3_zmq_pushpull,zmq_tcp,none,none,,1,24710,512,584,1785153461170434000,1785153461170435000,1785153461170435000,1785153461170436000,1785153461170590000,1785153461170592000,1785153461170592000,1785153461170592000,121932490,121652369,-126.121,1.000,0.000,1.000,2.000,0.000,0.000,15.000,0,0,0
B3_zmq_pushpull,zmq_tcp,none,none,,1,24711,512,584,1785153461171422000,1785153461171423000,1785153461171423000,1785153461171424000,1785153461171577000,1785153461171580000,1785153461171580000,1785153461171580000,121932490,121652369,-127.121,1.000,0.000,1.000,3.000,0.000,0.000,1.000,0,0,0
B3_zmq_pushpull,zmq_tcp,none,none,,1,24712,512,584,1785153461172426000,1785153461172426000,1785153461172426000,1785153461172427000,1785153461172582000,1785153461172584000,1785153461172584000,1785153461172584000,121932490,121652369,-125.121,0.000,0.000,1.000,2.000,0.000,0.000,2.000,0,0,0
B3_zmq_pushpull,zmq_tcp,none,none,,1,24713,512,584,1785153461173649000,1785153461173649000,1785153461173649000,1785153461173650000,1785153461173711000,1785153461173714000,1785153461173714000,1785153461173714000,121932490,121652369,-219.121,0.000,0.000,1.000,3.000,0.000,0.000,94.000,0,0,0
B3_zmq_pushpull,zmq_tcp,none,none,,1,24714,512,584,1785153461174593000,1785153461174593000,1785153461174593000,1785153461174594000,1785153461174718000,1785153461174720000,1785153461174720000,1785153461174720000,121932490,121652369,-156.121,0.000,0.000,1.000,2.000,0.000,0.000,63.000,0,0,0
B3_zmq_pushpull,zmq_tcp,none,none,,1,24715,512,584,1785153461175605000,1785153461175605000,1785153461175605000,1785153461175606000,1785153461175721000,1785153461175725000,1785153461175725000,1785153461175725000,121932490,121652369,-165.121,0.000,0.000,1.000,4.000,0.000,0.000,9.000,0,0,0
B3_zmq_pushpull,zmq_tcp,none,none,,1,24716,512,584,1785153461176424000,1785153461176424000,1785153461176424000,1785153461176425000,1785153461176581000,1785153461176584000,1785153461176584000,1785153461176584000,121932490,121652369,-124.121,0.000,0.000,1.000,3.000,0.000,0.000,41.000,0,0,0
B3_zmq_pushpull,zmq_tcp,none,none,,1,24717,512,584,1785153461177650000,1785153461177650000,1785153461177650000,1785153461177651000,1785153461177717000,1785153461177720000,1785153461177720000,1785153461177720000,121932490,121652369,-214.121,0.000,0.000,1.000,3.000,0.000,0.000,90.000,0,0,0
B3_zmq_pushpull,zmq_tcp,none,none,,1,24718,512,584,1785153461178589000,1785153461178589000,1785153461178589000,1785153461178590000,1785153461178722000,1785153461178724000,1785153461178724000,1785153461178724000,121932490,121652369,-148.121,0.000,0.000,1.000,2.000,0.000,0.000,66.000,0,0,0
B3_zmq_pushpull,zmq_tcp,none,none,,1,24719,512,584,1785153461179607000,1785153461179607000,1785153461179608000,1785153461179608000,1785153461179734000,1785153461179736000,1785153461179736000,1785153461179736000,121932490,121652369,-154.121,0.000,1.000,0.000,2.000,0.000,0.000,6.000,0,0,0
B3_zmq_pushpull,zmq_tcp,none,none,,1,24720,512,584,1785153461180602000,1785153461180602000,1785153461180602000,1785153461180603000,1785153461180728000,1785153461180731000,1785153461180731000,1785153461180731000,121932490,121652369,-155.121,0.000,0.000,1.000,3.000,0.000,0.000,1.000,0,0,0
B3_zmq_pushpull,zmq_tcp,none,none,,1,24721,512,584,1785153461181603000,1785153461181604000,1785153461181604000,1785153461181605000,1785153461181718000,1785153461181722000,1785153461181722000,1785153461181722000,121932490,121652369,-167.121,1.000,0.000,1.000,4.000,0.000,0.000,12.000,0,0,0
B3_zmq_pushpull,zmq_tcp,none,none,,1,24722,512,584,1785153461182604000,1785153461182604000,1785153461182604000,1785153461182606000,1785153461182727000,1785153461182731000,1785153461182731000,1785153461182732000,121932490,121652369,-159.121,0.000,0.000,2.000,4.000,0.000,1.000,8.000,0,0,0
B3_zmq_pushpull,zmq_tcp,none,none,,1,24723,512,584,1785153461183418000,1785153461183418000,1785153461183418000,1785153461183420000,1785153461183579000,1785153461183582000,1785153461183582000,1785153461183582000,121932490,121652369,-121.121,0.000,0.000,2.000,3.000,0.000,0.000,38.000,0,0,0
B3_zmq_pushpull,zmq_tcp,none,none,,1,24724,512,584,1785153461184435000,1785153461184436000,1785153461184436000,1785153461184437000,1785153461184593000,1785153461184597000,1785153461184597000,1785153461184597000,121932490,121652369,-124.121,1.000,0.000,1.000,4.000,0.000,0.000,3.000,0,0,0
B3_zmq_pushpull,zmq_tcp,none,none,,1,24725,512,584,1785153461185648000,1785153461185648000,1785153461185648000,1785153461185649000,1785153461185727000,1785153461185730000,1785153461185730000,1785153461185730000,121932490,121652369,-202.121,0.000,0.000,1.000,3.000,0.000,0.000,78.000,0,0,0
B3_zmq_pushpull,zmq_tcp,none,none,,1,24726,512,584,1785153461186591000,1785153461186592000,1785153461186592000,1785153461186593000,1785153461186728000,1785153461186731000,1785153461186731000,1785153461186731000,121932490,121652369,-145.121,1.000,0.000,1.000,3.000,0.000,0.000,57.000,0,0,0
B3_zmq_pushpull,zmq_tcp,none,none,,1,24727,512,584,1785153461187610000,1785153461187610000,1785153461187610000,1785153461187610000,1785153461187734000,1785153461187737000,1785153461187737000,1785153461187737000,121932490,121652369,-156.121,0.000,0.000,0.000,3.000,0.000,0.000,11.000,0,0,0
B3_zmq_pushpull,zmq_tcp,none,none,,1,24728,512,584,1785153461188602000,1785153461188602000,1785153461188602000,1785153461188603000,1785153461188738000,1785153461188740000,1785153461188740000,1785153461188740000,121932490,121652369,-145.121,0.000,0.000,1.000,2.000,0.000,0.000,11.000,0,0,0
B3_zmq_pushpull,zmq_tcp,none,none,,1,24729,512,584,1785153461189605000,1785153461189605000,1785153461189605000,1785153461189606000,1785153461189750000,1785153461189753000,1785153461189753000,1785153461189753000,121932490,121652369,-136.121,0.000,0.000,1.000,3.000,0.000,0.000,9.000,0,0,0
B3_zmq_pushpull,zmq_tcp,none,none,,1,24730,512,584,1785153461190600000,1785153461190600000,1785153461190600000,1785153461190602000,1785153461190749000,1785153461190752000,1785153461190752000,1785153461190752000,121932490,121652369,-133.121,0.000,0.000,2.000,3.000,0.000,0.000,3.000,0,0,0
B3_zmq_pushpull,zmq_tcp,none,none,,1,24731,512,584,1785153461191605000,1785153461191605000,1785153461191605000,1785153461191606000,1785153461191737000,1785153461191739000,1785153461191739000,1785153461191739000,121932490,121652369,-149.121,0.000,0.000,1.000,2.000,0.000,0.000,16.000,0,0,0
B3_zmq_pushpull,zmq_tcp,none,none,,1,24732,512,584,1785153461192604000,1785153461192604000,1785153461192604000,1785153461192605000,1785153461192739000,1785153461192742000,1785153461192742000,1785153461192742000,121932490,121652369,-146.121,0.000,0.000,1.000,3.000,0.000,0.000,3.000,0,0,0
B3_zmq_pushpull,zmq_tcp,none,none,,1,24733,512,584,1785153461193603000,1785153461193604000,1785153461193604000,1785153461193605000,1785153461193736000,1785153461193738000,1785153461193738000,1785153461193738000,121932490,121652369,-149.121,1.000,0.000,1.000,2.000,0.000,0.000,3.000,0,0,0
B3_zmq_pushpull,zmq_tcp,none,none,,1,24734,512,584,1785153461194602000,1785153461194602000,1785153461194602000,1785153461194603000,1785153461194732000,1785153461194735000,1785153461194735000,1785153461194735000,121932490,121652369,-151.121,0.000,0.000,1.000,3.000,0.000,0.000,2.000,0,0,0
B3_zmq_pushpull,zmq_tcp,none,none,,1,24735,512,584,1785153461195439000,1785153461195439000,1785153461195439000,1785153461195440000,1785153461195584000,1785153461195586000,1785153461195586000,1785153461195586000,121932490,121652369,-136.121,0.000,0.000,1.000,2.000,0.000,0.000,15.000,0,0,0
B3_zmq_pushpull,zmq_tcp,none,none,,1,24736,512,584,1785153461196645000,1785153461196645000,1785153461196645000,1785153461196646000,1785153461196709000,1785153461196714000,1785153461196714000,1785153461196714000,121932490,121652369,-217.121,0.000,0.000,1.000,5.000,0.000,0.000,81.000,0,0,0
B3_zmq_pushpull,zmq_tcp,none,none,,1,24737,512,584,1785153461197418000,1785153461197418000,1785153461197418000,1785153461197419000,1785153461197575000,1785153461197578000,1785153461197578000,1785153461197578000,121932490,121652369,-124.121,0.000,0.000,1.000,3.000,0.000,0.000,93.000,0,0,0
B3_zmq_pushpull,zmq_tcp,none,none,,1,24738,512,584,1785153461198651000,1785153461198651000,1785153461198651000,1785153461198652000,1785153461198720000,1785153461198723000,1785153461198723000,1785153461198723000,121932490,121652369,-212.121,0.000,0.000,1.000,3.000,0.000,0.000,88.000,0,0,0
B3_zmq_pushpull,zmq_tcp,none,none,,1,24739,512,584,1785153461199592000,1785153461199592000,1785153461199592000,1785153461199593000,1785153461199717000,1785153461199719000,1785153461199719000,1785153461199719000,121932490,121652369,-156.121,0.000,0.000,1.000,2.000,0.000,0.000,56.000,0,0,0
B3_zmq_pushpull,zmq_tcp,none,none,,1,24740,512,584,1785153461200607000,1785153461200608000,1785153461200608000,1785153461200609000,1785153461200727000,1785153461200730000,1785153461200730000,1785153461200730000,121932490,121652369,-162.121,1.000,0.000,1.000,3.000,0.000,0.000,6.000,0,0,0
B3_zmq_pushpull,zmq_tcp,none,none,,1,24741,512,584,1785153461201600000,1785153461201600000,1785153461201600000,1785153461201601000,1785153461201737000,1785153461201739000,1785153461201739000,1785153461201739000,121932490,121652369,-144.121,0.000,0.000,1.000,2.000,0.000,0.000,18.000,0,0,0
B3_zmq_pushpull,zmq_tcp,none,none,,1,24742,512,584,1785153461202605000,1785153461202605000,1785153461202605000,1785153461202606000,1785153461202722000,1785153461202725000,1785153461202725000,1785153461202725000,121932490,121652369,-164.121,0.000,0.000,1.000,3.000,0.000,0.000,20.000,0,0,0
B3_zmq_pushpull,zmq_tcp,none,none,,1,24743,512,584,1785153461203604000,1785153461203604000,1785153461203604000,1785153461203605000,1785153461203721000,1785153461203723000,1785153461203723000,1785153461203723000,121932490,121652369,-164.121,0.000,0.000,1.000,2.000,0.000,0.000,0.000,0,0,0
B3_zmq_pushpull,zmq_tcp,none,none,,1,24744,512,584,1785153461204603000,1785153461204604000,1785153461204604000,1785153461204605000,1785153461204715000,1785153461204718000,1785153461204718000,1785153461204718000,121932490,121652369,-170.121,1.000,0.000,1.000,3.000,0.000,0.000,6.000,0,0,0
B3_zmq_pushpull,zmq_tcp,none,none,,1,24745,512,584,1785153461205601000,1785153461205601000,1785153461205602000,1785153461205602000,1785153461205721000,1785153461205724000,1785153461205724000,1785153461205724000,121932490,121652369,-161.121,0.000,1.000,0.000,3.000,0.000,0.000,9.000,0,0,0
B3_zmq_pushpull,zmq_tcp,none,none,,1,24746,512,584,1785153461206605000,1785153461206605000,1785153461206605000,1785153461206606000,1785153461206719000,1785153461206722000,1785153461206723000,1785153461206723000,121932490,121652369,-167.121,0.000,0.000,1.000,3.000,1.000,0.000,6.000,0,0,0
B3_zmq_pushpull,zmq_tcp,none,none,,1,24747,512,584,1785153461207603000,1785153461207603000,1785153461207603000,1785153461207604000,1785153461207725000,1785153461207728000,1785153461207728000,1785153461207728000,121932490,121652369,-159.121,0.000,0.000,1.000,3.000,0.000,0.000,8.000,0,0,0
B3_zmq_pushpull,zmq_tcp,none,none,,1,24748,512,584,1785153461208604000,1785153461208604000,1785153461208604000,1785153461208605000,1785153461208701000,1785153461208703000,1785153461208703000,1785153461208703000,121932490,121652369,-184.121,0.000,0.000,1.000,2.000,0.000,0.000,25.000,0,0,0
B3_zmq_pushpull,zmq_tcp,none,none,,1,24749,512,584,1785153461209601000,1785153461209601000,1785153461209601000,1785153461209602000,1785153461209711000,1785153461209714000,1785153461209714000,1785153461209714000,121932490,121652369,-171.121,0.000,0.000,1.000,3.000,0.000,0.000,13.000,0,0,0
B3_zmq_pushpull,zmq_tcp,none,none,,1,24750,512,584,1785153461210605000,1785153461210605000,1785153461210605000,1785153461210606000,1785153461210707000,1785153461210710000,1785153461210710000,1785153461210710000,121932490,121652369,-179.121,0.000,0.000,1.000,3.000,0.000,0.000,8.000,0,0,0
B3_zmq_pushpull,zmq_tcp,none,none,,1,24751,512,584,1785153461211603000,1785153461211603000,1785153461211603000,1785153461211605000,1785153461211692000,1785153461211695000,1785153461211695000,1785153461211695000,121932490,121652369,-193.121,0.000,0.000,2.000,3.000,0.000,0.000,14.000,0,0,0
B3_zmq_pushpull,zmq_tcp,none,none,,1,24752,512,584,1785153461212604000,1785153461212604000,1785153461212604000,1785153461212605000,1785153461212685000,1785153461212687000,1785153461212687000,1785153461212687000,121932490,121652369,-200.121,0.000,0.000,1.000,2.000,0.000,0.000,7.000,0,0,0
B3_zmq_pushpull,zmq_tcp,none,none,,1,24753,512,584,1785153461213601000,1785153461213601000,1785153461213602000,1785153461213602000,1785153461213684000,1785153461213686000,1785153461213686000,1785153461213686000,121932490,121652369,-198.121,0.000,1.000,0.000,2.000,0.000,0.000,2.000,0,0,0
B3_zmq_pushpull,zmq_tcp,none,none,,1,24754,512,584,1785153461214606000,1785153461214606000,1785153461214606000,1785153461214607000,1785153461214683000,1785153461214686000,1785153461214686000,1785153461214686000,121932490,121652369,-204.121,0.000,0.000,1.000,3.000,0.000,0.000,6.000,0,0,0
B3_zmq_pushpull,zmq_tcp,none,none,,1,24755,512,584,1785153461215605000,1785153461215605000,1785153461215605000,1785153461215606000,1785153461215676000,1785153461215679000,1785153461215679000,1785153461215679000,121932490,121652369,-210.121,0.000,0.000,1.000,3.000,0.000,0.000,6.000,0,0,0
B3_zmq_pushpull,zmq_tcp,none,none,,1,24756,512,584,1785153461216603000,1785153461216603000,1785153461216603000,1785153461216604000,1785153461216691000,1785153461216694000,1785153461216694000,1785153461216694000,121932490,121652369,-193.121,0.000,0.000,1.000,3.000,0.000,0.000,17.000,0,0,0
B3_zmq_pushpull,zmq_tcp,none,none,,1,24757,512,584,1785153461217605000,1785153461217605000,1785153461217605000,1785153461217606000,1785153461217689000,1785153461217691000,1785153461217691000,1785153461217691000,121932490,121652369,-197.121,0.000,0.000,1.000,2.000,0.000,0.000,4.000,0,0,0
B3_zmq_pushpull,zmq_tcp,none,none,,1,24758,512,584,1785153461218604000,1785153461218604000,1785153461218604000,1785153461218605000,1785153461218690000,1785153461218693000,1785153461218693000,1785153461218693000,121932490,121652369,-195.121,0.000,0.000,1.000,3.000,0.000,0.000,2.000,0,0,0
B3_zmq_pushpull,zmq_tcp,none,none,,1,24759,512,584,1785153461219603000,1785153461219603000,1785153461219604000,1785153461219605000,1785153461219692000,1785153461219695000,1785153461219695000,1785153461219695000,121932490,121652369,-193.121,0.000,1.000,1.000,3.000,0.000,0.000,2.000,0,0,0
B3_zmq_pushpull,zmq_tcp,none,none,,1,24760,512,584,1785153461220602000,1785153461220602000,1785153461220602000,1785153461220603000,1785153461220680000,1785153461220684000,1785153461220684000,1785153461220684000,121932490,121652369,-203.121,0.000,0.000,1.000,4.000,0.000,0.000,10.000,0,0,0
B3_zmq_pushpull,zmq_tcp,none,none,,1,24761,512,584,1785153461221605000,1785153461221605000,1785153461221605000,1785153461221606000,1785153461221686000,1785153461221689000,1785153461221689000,1785153461221689000,121932490,121652369,-200.121,0.000,0.000,1.000,3.000,0.000,0.000,3.000,0,0,0
B3_zmq_pushpull,zmq_tcp,none,none,,1,24762,512,584,1785153461222604000,1785153461222604000,1785153461222604000,1785153461222605000,1785153461222687000,1785153461222690000,1785153461222690000,1785153461222690000,121932490,121652369,-198.121,0.000,0.000,1.000,3.000,0.000,0.000,2.000,0,0,0
B3_zmq_pushpull,zmq_tcp,none,none,,1,24763,512,584,1785153461223605000,1785153461223605000,1785153461223605000,1785153461223606000,1785153461223668000,1785153461223671000,1785153461223671000,1785153461223671000,121932490,121652369,-218.121,0.000,0.000,1.000,3.000,0.000,0.000,20.000,0,0,0
B3_zmq_pushpull,zmq_tcp,none,none,,1,24764,512,584,1785153461224603000,1785153461224604000,1785153461224604000,1785153461224605000,1785153461224654000,1785153461224658000,1785153461224658000,1785153461224658000,121932490,121652369,-231.121,1.000,0.000,1.000,4.000,0.000,0.000,13.000,0,0,0
B3_zmq_pushpull,zmq_tcp,none,none,,1,24765,512,584,1785153461225604000,1785153461225605000,1785153461225605000,1785153461225606000,1785153461225651000,1785153461225654000,1785153461225654000,1785153461225654000,121932490,121652369,-235.121,1.000,0.000,1.000,3.000,0.000,0.000,4.000,0,0,0
B3_zmq_pushpull,zmq_tcp,none,none,,1,24766,512,584,1785153461226604000,1785153461226604000,1785153461226604000,1785153461226605000,1785153461226650000,1785153461226653000,1785153461226653000,1785153461226653000,121932490,121652369,-235.121,0.000,0.000,1.000,3.000,0.000,0.000,0.000,0,0,0
B3_zmq_pushpull,zmq_tcp,none,none,,1,24767,512,584,1785153461227605000,1785153461227605000,1785153461227605000,1785153461227606000,1785153461227664000,1785153461227668000,1785153461227668000,1785153461227668000,121932490,121652369,-222.121,0.000,0.000,1.000,4.000,0.000,0.000,13.000,0,0,0
B3_zmq_pushpull,zmq_tcp,none,none,,1,24768,512,584,1785153461228525000,1785153461228525000,1785153461228525000,1785153461228526000,1785153461228681000,1785153461228684000,1785153461228684000,1785153461228684000,121932490,121652369,-125.121,0.000,0.000,1.000,3.000,0.000,0.000,97.000,0,0,0
B3_zmq_pushpull,zmq_tcp,none,none,,1,24769,512,584,1785153461229624000,1785153461229624000,1785153461229624000,1785153461229625000,1785153461229683000,1785153461229686000,1785153461229686000,1785153461229686000,121932490,121652369,-222.121,0.000,0.000,1.000,3.000,0.000,0.000,97.000,0,0,0
B3_zmq_pushpull,zmq_tcp,none,none,,1,24770,512,584,1785153461230600000,1785153461230600000,1785153461230600000,1785153461230601000,1785153461230691000,1785153461230694000,1785153461230694000,1785153461230694000,121932490,121652369,-190.121,0.000,0.000,1.000,3.000,0.000,0.000,32.000,0,0,0
B3_zmq_pushpull,zmq_tcp,none,none,,1,24771,512,584,1785153461231605000,1785153461231605000,1785153461231605000,1785153461231606000,1785153461231686000,1785153461231689000,1785153461231689000,1785153461231689000,121932490,121652369,-200.121,0.000,0.000,1.000,3.000,0.000,0.000,10.000,0,0,0
B3_zmq_pushpull,zmq_tcp,none,none,,1,24772,512,584,1785153461232603000,1785153461232603000,1785153461232603000,1785153461232604000,1785153461232699000,1785153461232702000,1785153461232702000,1785153461232702000,121932490,121652369,-185.121,0.000,0.000,1.000,3.000,0.000,0.000,15.000,0,0,0
B3_zmq_pushpull,zmq_tcp,none,none,,1,24773,512,584,1785153461233604000,1785153461233604000,1785153461233604000,1785153461233605000,1785153461233709000,1785153461233711000,1785153461233711000,1785153461233711000,121932490,121652369,-176.121,0.000,0.000,1.000,2.000,0.000,0.000,9.000,0,0,0
B3_zmq_pushpull,zmq_tcp,none,none,,1,24774,512,584,1785153461234604000,1785153461234604000,1785153461234604000,1785153461234606000,1785153461234722000,1785153461234725000,1785153461234725000,1785153461234725000,121932490,121652369,-164.121,0.000,0.000,2.000,3.000,0.000,0.000,12.000,0,0,0
B3_zmq_pushpull,zmq_tcp,none,none,,1,24775,512,584,1785153461235604000,1785153461235604000,1785153461235605000,1785153461235605000,1785153461235732000,1785153461235735000,1785153461235735000,1785153461235735000,121932490,121652369,-153.121,0.000,1.000,0.000,3.000,0.000,0.000,11.000,0,0,0
B3_zmq_pushpull,zmq_tcp,none,none,,1,24776,512,584,1785153461236601000,1785153461236601000,1785153461236601000,1785153461236602000,1785153461236731000,1785153461236734000,1785153461236734000,1785153461236734000,121932490,121652369,-151.121,0.000,0.000,1.000,3.000,0.000,0.000,2.000,0,0,0
B3_zmq_pushpull,zmq_tcp,none,none,,1,24777,512,584,1785153461237605000,1785153461237605000,1785153461237605000,1785153461237606000,1785153461237729000,1785153461237731000,1785153461237731000,1785153461237731000,121932490,121652369,-157.121,0.000,0.000,1.000,2.000,0.000,0.000,6.000,0,0,0
B3_zmq_pushpull,zmq_tcp,none,none,,1,24778,512,584,1785153461238604000,1785153461238604000,1785153461238604000,1785153461238605000,1785153461238719000,1785153461238722000,1785153461238722000,1785153461238722000,121932490,121652369,-166.121,0.000,0.000,1.000,3.000,0.000,0.000,9.000,0,0,0
B3_zmq_pushpull,zmq_tcp,none,none,,1,24779,512,584,1785153461239604000,1785153461239604000,1785153461239604000,1785153461239605000,1785153461239726000,1785153461239729000,1785153461239729000,1785153461239729000,121932490,121652369,-159.121,0.000,0.000,1.000,3.000,0.000,0.000,7.000,0,0,0
B3_zmq_pushpull,zmq_tcp,none,none,,1,24780,512,584,1785153461240601000,1785153461240601000,1785153461240601000,1785153461240602000,1785153461240730000,1785153461240733000,1785153461240734000,1785153461240734000,121932490,121652369,-152.121,0.000,0.000,1.000,3.000,1.000,0.000,7.000,0,0,0
B3_zmq_pushpull,zmq_tcp,none,none,,1,24781,512,584,1785153461241605000,1785153461241605000,1785153461241605000,1785153461241606000,1785153461241734000,1785153461241737000,1785153461241737000,1785153461241737000,121932490,121652369,-152.121,0.000,0.000,1.000,3.000,0.000,0.000,0.000,0,0,0
B3_zmq_pushpull,zmq_tcp,none,none,,1,24782,512,584,1785153461242604000,1785153461242604000,1785153461242604000,1785153461242605000,1785153461242747000,1785153461242750000,1785153461242750000,1785153461242750000,121932490,121652369,-138.121,0.000,0.000,1.000,3.000,0.000,0.000,14.000,0,0,0
B3_zmq_pushpull,zmq_tcp,none,none,,1,24783,512,584,1785153461243604000,1785153461243604000,1785153461243604000,1785153461243605000,1785153461243755000,1785153461243758000,1785153461243758000,1785153461243758000,121932490,121652369,-130.121,0.000,0.000,1.000,3.000,0.000,0.000,8.000,0,0,0
B3_zmq_pushpull,zmq_tcp,none,none,,1,24784,512,584,1785153461244603000,1785153461244603000,1785153461244603000,1785153461244604000,1785153461244759000,1785153461244762000,1785153461244762000,1785153461244762000,121932490,121652369,-125.121,0.000,0.000,1.000,3.000,0.000,0.000,5.000,0,0,0
B3_zmq_pushpull,zmq_tcp,none,none,,1,24785,512,584,1785153461245469000,1785153461245469000,1785153461245469000,1785153461245470000,1785153461245622000,1785153461245625000,1785153461245625000,1785153461245625000,121932490,121652369,-128.121,0.000,0.000,1.000,3.000,0.000,0.000,3.000,0,0,0
B3_zmq_pushpull,zmq_tcp,none,none,,1,24786,512,584,1785153461246639000,1785153461246639000,1785153461246639000,1785153461246640000,1785153461246746000,1785153461246749000,1785153461246749000,1785153461246749000,121932490,121652369,-174.121,0.000,0.000,1.000,3.000,0.000,0.000,46.000,0,0,0
B3_zmq_pushpull,zmq_tcp,none,none,,1,24787,512,584,1785153461247592000,1785153461247592000,1785153461247592000,1785153461247593000,1785153461247750000,1785153461247753000,1785153461247753000,1785153461247753000,121932490,121652369,-123.121,0.000,0.000,1.000,3.000,0.000,0.000,51.000,0,0,0
B3_zmq_pushpull,zmq_tcp,none,none,,1,24788,512,584,1785153461248606000,1785153461248607000,1785153461248607000,1785153461248608000,1785153461248754000,1785153461248757000,1785153461248757000,1785153461248757000,121932490,121652369,-134.121,1.000,0.000,1.000,3.000,0.000,0.000,11.000,0,0,0
B3_zmq_pushpull,zmq_tcp,none,none,,1,24789,512,584,1785153461249604000,1785153461249604000,1785153461249604000,1785153461249605000,1785153461249751000,1785153461249754000,1785153461249754000,1785153461249754000,121932490,121652369,-134.121,0.000,0.000,1.000,3.000,0.000,0.000,0.000,0,0,0
B3_zmq_pushpull,zmq_tcp,none,none,,1,24790,512,584,1785153461250603000,1785153461250603000,1785153461250603000,1785153461250604000,1785153461250750000,1785153461250752000,1785153461250752000,1785153461250752000,121932490,121652369,-134.121,0.000,0.000,1.000,2.000,0.000,0.000,0.000,0,0,0
B3_zmq_pushpull,zmq_tcp,none,none,,1,24791,512,584,1785153461251601000,1785153461251601000,1785153461251601000,1785153461251602000,1785153461251744000,1785153461251747000,1785153461251747000,1785153461251747000,121932490,121652369,-138.121,0.000,0.000,1.000,3.000,0.000,0.000,4.000,0,0,0
B3_zmq_pushpull,zmq_tcp,none,none,,1,24792,512,584,1785153461252605000,1785153461252605000,1785153461252605000,1785153461252606000,1785153461252747000,1785153461252750000,1785153461252750000,1785153461252750000,121932490,121652369,-139.121,0.000,0.000,1.000,3.000,0.000,0.000,1.000,0,0,0
B3_zmq_pushpull,zmq_tcp,none,none,,1,24793,512,584,1785153461253450000,1785153461253450000,1785153461253450000,1785153461253451000,1785153461253606000,1785153461253609000,1785153461253609000,1785153461253609000,121932490,121652369,-125.121,0.000,0.000,1.000,3.000,0.000,0.000,14.000,0,0,0
B3_zmq_pushpull,zmq_tcp,none,none,,1,24794,512,584,1785153461254451000,1785153461254451000,1785153461254452000,1785153461254452000,1785153461254605000,1785153461254607000,1785153461254607000,1785153461254607000,121932490,121652369,-127.121,0.000,1.000,0.000,2.000,0.000,0.000,2.000,0,0,0
B3_zmq_pushpull,zmq_tcp,none,none,,1,24795,512,584,1785153461255639000,1785153461255639000,1785153461255639000,1785153461255640000,1785153461255745000,1785153461255748000,1785153461255748000,1785153461255748000,121932490,121652369,-175.121,0.000,0.000,1.000,3.000,0.000,0.000,48.000,0,0,0
B3_zmq_pushpull,zmq_tcp,none,none,,1,24796,512,584,1785153461256596000,1785153461256596000,1785153461256596000,1785153461256597000,1785153461256734000,1785153461256737000,1785153461256737000,1785153461256737000,121932490,121652369,-143.121,0.000,0.000,1.000,3.000,0.000,0.000,32.000,0,0,0
B3_zmq_pushpull,zmq_tcp,none,none,,1,24797,512,584,1785153461257606000,1785153461257606000,1785153461257606000,1785153461257607000,1785153461257738000,1785153461257741000,1785153461257741000,1785153461257741000,121932490,121652369,-149.121,0.000,0.000,1.000,3.000,0.000,0.000,6.000,0,0,0
B3_zmq_pushpull,zmq_tcp,none,none,,1,24798,512,584,1785153461258602000,1785153461258602000,1785153461258602000,1785153461258603000,1785153461258726000,1785153461258729000,1785153461258729000,1785153461258729000,121932490,121652369,-157.121,0.000,0.000,1.000,3.000,0.000,0.000,8.000,0,0,0
B3_zmq_pushpull,zmq_tcp,none,none,,1,24799,512,584,1785153461259429000,1785153461259429000,1785153461259429000,1785153461259430000,1785153461259585000,1785153461259588000,1785153461259588000,1785153461259588000,121932490,121652369,-125.121,0.000,0.000,1.000,3.000,0.000,0.000,32.000,0,0,0
B3_zmq_pushpull,zmq_tcp,none,none,,1,24800,512,584,1785153461260648000,1785153461260648000,1785153461260648000,1785153461260649000,1785153461260736000,1785153461260739000,1785153461260739000,1785153461260739000,121932490,121652369,-193.121,0.000,0.000,1.000,3.000,0.000,0.000,68.000,0,0,0
B3_zmq_pushpull,zmq_tcp,none,none,,1,24801,512,584,1785153461261590000,1785153461261590000,1785153461261590000,1785153461261591000,1785153461261747000,1785153461261750000,1785153461261750000,1785153461261750000,121932490,121652369,-124.121,0.000,0.000,1.000,3.000,0.000,0.000,69.000,0,0,0
B3_zmq_pushpull,zmq_tcp,none,none,,1,24802,512,584,1785153461262608000,1785153461262608000,1785153461262608000,1785153461262609000,1785153461262760000,1785153461262763000,1785153461262763000,1785153461262763000,121932490,121652369,-129.121,0.000,0.000,1.000,3.000,0.000,0.000,5.000,0,0,0
B3_zmq_pushpull,zmq_tcp,none,none,,1,24803,512,584,1785153461263603000,1785153461263603000,1785153461263603000,1785153461263605000,1785153461263773000,1785153461263776000,1785153461263776000,1785153461263776000,121932490,121652369,-112.121,0.000,0.000,2.000,3.000,0.000,0.000,17.000,0,0,0
B3_zmq_pushpull,zmq_tcp,none,none,,1,24804,512,584,1785153461264605000,1785153461264605000,1785153461264605000,1785153461264606000,1785153461264779000,1785153461264782000,1785153461264782000,1785153461264782000,121932490,121652369,-107.121,0.000,0.000,1.000,3.000,0.000,0.000,5.000,0,0,0
B3_zmq_pushpull,zmq_tcp,none,none,,1,24805,512,584,1785153461265603000,1785153461265603000,1785153461265603000,1785153461265604000,1785153461265656000,1785153461265659000,1785153461265659000,1785153461265659000,121932490,121652369,-228.121,0.000,0.000,1.000,3.000,0.000,0.000,121.000,0,0,0
B3_zmq_pushpull,zmq_tcp,none,none,,1,24806,512,584,1785153461266606000,1785153461266606000,1785153461266606000,1785153461266607000,1785153461266656000,1785153461266659000,1785153461266659000,1785153461266659000,121932490,121652369,-231.121,0.000,0.000,1.000,3.000,0.000,0.000,3.000,0,0,0
B3_zmq_pushpull,zmq_tcp,none,none,,1,24807,512,584,1785153461267604000,1785153461267604000,1785153461267604000,1785153461267605000,1785153461267664000,1785153461267667000,1785153461267667000,1785153461267667000,121932490,121652369,-221.121,0.000,0.000,1.000,3.000,0.000,0.000,10.000,0,0,0
B3_zmq_pushpull,zmq_tcp,none,none,,1,24808,512,584,1785153461268604000,1785153461268604000,1785153461268604000,1785153461268605000,1785153461268671000,1785153461268674000,1785153461268674000,1785153461268674000,121932490,121652369,-214.121,0.000,0.000,1.000,3.000,0.000,0.000,7.000,0,0,0
B3_zmq_pushpull,zmq_tcp,none,none,,1,24809,512,584,1785153461269603000,1785153461269603000,1785153461269603000,1785153461269604000,1785153461269680000,1785153461269683000,1785153461269683000,1785153461269683000,121932490,121652369,-204.121,0.000,0.000,1.000,3.000,0.000,0.000,10.000,0,0,0
B3_zmq_pushpull,zmq_tcp,none,none,,1,24810,512,584,1785153461270605000,1785153461270605000,1785153461270605000,1785153461270606000,1785153461270696000,1785153461270698000,1785153461270698000,1785153461270698000,121932490,121652369,-190.121,0.000,0.000,1.000,2.000,0.000,0.000,14.000,0,0,0
B3_zmq_pushpull,zmq_tcp,none,none,,1,24811,512,584,1785153461271604000,1785153461271604000,1785153461271604000,1785153461271605000,1785153461271717000,1785153461271720000,1785153461271720000,1785153461271720000,121932490,121652369,-168.121,0.000,0.000,1.000,3.000,0.000,0.000,22.000,0,0,0
B3_zmq_pushpull,zmq_tcp,none,none,,1,24812,512,584,1785153461272605000,1785153461272605000,1785153461272605000,1785153461272606000,1785153461272728000,1785153461272731000,1785153461272731000,1785153461272731000,121932490,121652369,-158.121,0.000,0.000,1.000,3.000,0.000,0.000,10.000,0,0,0
B3_zmq_pushpull,zmq_tcp,none,none,,1,24813,512,584,1785153461273600000,1785153461273600000,1785153461273600000,1785153461273601000,1785153461273740000,1785153461273743000,1785153461273743000,1785153461273743000,121932490,121652369,-141.121,0.000,0.000,1.000,3.000,0.000,0.000,17.000,0,0,0
B3_zmq_pushpull,zmq_tcp,none,none,,1,24814,512,584,1785153461274604000,1785153461274605000,1785153461274605000,1785153461274606000,1785153461274746000,1785153461274749000,1785153461274749000,1785153461274749000,121932490,121652369,-140.121,1.000,0.000,1.000,3.000,0.000,0.000,1.000,0,0,0
B3_zmq_pushpull,zmq_tcp,none,none,,1,24815,512,584,1785153461275604000,1785153461275604000,1785153461275604000,1785153461275605000,1785153461275734000,1785153461275738000,1785153461275738000,1785153461275738000,121932490,121652369,-151.121,0.000,0.000,1.000,4.000,0.000,0.000,11.000,0,0,0
B3_zmq_pushpull,zmq_tcp,none,none,,1,24816,512,584,1785153461276604000,1785153461276605000,1785153461276605000,1785153461276606000,1785153461276742000,1785153461276745000,1785153461276745000,1785153461276745000,121932490,121652369,-144.121,1.000,0.000,1.000,3.000,0.000,0.000,7.000,0,0,0
B3_zmq_pushpull,zmq_tcp,none,none,,1,24817,512,584,1785153461277601000,1785153461277601000,1785153461277601000,1785153461277602000,1785153461277745000,1785153461277748000,1785153461277748000,1785153461277748000,121932490,121652369,-137.121,0.000,0.000,1.000,3.000,0.000,0.000,7.000,0,0,0
B3_zmq_pushpull,zmq_tcp,none,none,,1,24818,512,584,1785153461278605000,1785153461278605000,1785153461278605000,1785153461278606000,1785153461278742000,1785153461278745000,1785153461278745000,1785153461278745000,121932490,121652369,-144.121,0.000,0.000,1.000,3.000,0.000,0.000,7.000,0,0,0
B3_zmq_pushpull,zmq_tcp,none,none,,1,24819,512,584,1785153461279604000,1785153461279604000,1785153461279604000,1785153461279605000,1785153461279752000,1785153461279755000,1785153461279755000,1785153461279755000,121932490,121652369,-133.121,0.000,0.000,1.000,3.000,0.000,0.000,11.000,0,0,0
B3_zmq_pushpull,zmq_tcp,none,none,,1,24820,512,584,1785153461280604000,1785153461280604000,1785153461280604000,1785153461280605000,1785153461280752000,1785153461280754000,1785153461280754000,1785153461280755000,121932490,121652369,-133.121,0.000,0.000,1.000,2.000,0.000,1.000,0.000,0,0,0
B3_zmq_pushpull,zmq_tcp,none,none,,1,24821,512,584,1785153461281461000,1785153461281461000,1785153461281461000,1785153461281462000,1785153461281606000,1785153461281609000,1785153461281609000,1785153461281609000,121932490,121652369,-136.121,0.000,0.000,1.000,3.000,0.000,0.000,3.000,0,0,0
B3_zmq_pushpull,zmq_tcp,none,none,,1,24822,512,584,1785153461282640000,1785153461282640000,1785153461282640000,1785153461282641000,1785153461282734000,1785153461282737000,1785153461282737000,1785153461282737000,121932490,121652369,-187.121,0.000,0.000,1.000,3.000,0.000,0.000,51.000,0,0,0
B3_zmq_pushpull,zmq_tcp,none,none,,1,24823,512,584,1785153461283595000,1785153461283595000,1785153461283595000,1785153461283596000,1785153461283742000,1785153461283745000,1785153461283745000,1785153461283745000,121932490,121652369,-134.121,0.000,0.000,1.000,3.000,0.000,0.000,53.000,0,0,0
B3_zmq_pushpull,zmq_tcp,none,none,,1,24824,512,584,1785153461284608000,1785153461284608000,1785153461284608000,1785153461284609000,1785153461284757000,1785153461284760000,1785153461284760000,1785153461284760000,121932490,121652369,-132.121,0.000,0.000,1.000,3.000,0.000,0.000,2.000,0,0,0
B3_zmq_pushpull,zmq_tcp,none,none,,1,24825,512,584,1785153461285603000,1785153461285603000,1785153461285603000,1785153461285604000,1785153461285732000,1785153461285735000,1785153461285735000,1785153461285735000,121932490,121652369,-152.121,0.000,0.000,1.000,3.000,0.000,0.000,20.000,0,0,0
B3_zmq_pushpull,zmq_tcp,none,none,,1,24826,512,584,1785153461286604000,1785153461286604000,1785153461286604000,1785153461286605000,1785153461286734000,1785153461286737000,1785153461286737000,1785153461286737000,121932490,121652369,-151.121,0.000,0.000,1.000,3.000,0.000,0.000,1.000,0,0,0
B3_zmq_pushpull,zmq_tcp,none,none,,1,24827,512,584,1785153461287604000,1785153461287604000,1785153461287604000,1785153461287605000,1785153461287724000,1785153461287727000,1785153461287727000,1785153461287727000,121932490,121652369,-161.121,0.000,0.000,1.000,3.000,0.000,0.000,10.000,0,0,0
B3_zmq_pushpull,zmq_tcp,none,none,,1,24828,512,584,1785153461288427000,1785153461288428000,1785153461288428000,1785153461288429000,1785153461288572000,1785153461288574000,1785153461288574000,1785153461288574000,121932490,121652369,-137.121,1.000,0.000,1.000,2.000,0.000,0.000,24.000,0,0,0
B3_zmq_pushpull,zmq_tcp,none,none,,1,24829,512,584,1785153461289645000,1785153461289646000,1785153461289646000,1785153461289647000,1785153461289716000,1785153461289718000,1785153461289718000,1785153461289718000,121932490,121652369,-211.121,1.000,0.000,1.000,2.000,0.000,0.000,74.000,0,0,0
B3_zmq_pushpull,zmq_tcp,none,none,,1,24830,512,584,1785153461290593000,1785153461290593000,1785153461290593000,1785153461290594000,1785153461290730000,1785153461290733000,1785153461290734000,1785153461290734000,121932490,121652369,-144.121,0.000,0.000,1.000,3.000,1.000,0.000,67.000,0,0,0
B3_zmq_pushpull,zmq_tcp,none,none,,1,24831,512,584,1785153461291422000,1785153461291422000,1785153461291422000,1785153461291423000,1785153461291580000,1785153461291582000,1785153461291582000,1785153461291582000,121932490,121652369,-123.121,0.000,0.000,1.000,2.000,0.000,0.000,21.000,0,0,0
B3_zmq_pushpull,zmq_tcp,none,none,,1,24832,512,584,1785153461292439000,1785153461292440000,1785153461292440000,1785153461292441000,1785153461292598000,1785153461292601000,1785153461292601000,1785153461292601000,121932490,121652369,-123.121,1.000,0.000,1.000,3.000,0.000,0.000,0.000,0,0,0
B3_zmq_pushpull,zmq_tcp,none,none,,1,24833,512,584,1785153461293458000,1785153461293458000,1785153461293458000,1785153461293459000,1785153461293616000,1785153461293618000,1785153461293618000,1785153461293618000,121932490,121652369,-123.121,0.000,0.000,1.000,2.000,0.000,0.000,0.000,0,0,0
B3_zmq_pushpull,zmq_tcp,none,none,,1,24834,512,584,1785153461294458000,1785153461294459000,1785153461294459000,1785153461294460000,1785153461294613000,1785153461294616000,1785153461294617000,1785153461294617000,121932490,121652369,-127.121,1.000,0.000,1.000,3.000,1.000,0.000,4.000,0,0,0
B3_zmq_pushpull,zmq_tcp,none,none,,1,24835,512,584,1785153461295457000,1785153461295457000,1785153461295457000,1785153461295458000,1785153461295601000,1785153461295604000,1785153461295604000,1785153461295604000,121932490,121652369,-137.121,0.000,0.000,1.000,3.000,0.000,0.000,10.000,0,0,0
B3_zmq_pushpull,zmq_tcp,none,none,,1,24836,512,584,1785153461296638000,1785153461296638000,1785153461296638000,1785153461296639000,1785153461296741000,1785153461296744000,1785153461296744000,1785153461296744000,121932490,121652369,-178.121,0.000,0.000,1.000,3.000,0.000,0.000,41.000,0,0,0
B3_zmq_pushpull,zmq_tcp,none,none,,1,24837,512,584,1785153461297597000,1785153461297597000,1785153461297597000,1785153461297598000,1785153461297752000,1785153461297754000,1785153461297754000,1785153461297754000,121932490,121652369,-126.121,0.000,0.000,1.000,2.000,0.000,0.000,52.000,0,0,0
B3_zmq_pushpull,zmq_tcp,none,none,,1,24838,512,584,1785153461298607000,1785153461298607000,1785153461298608000,1785153461298608000,1785153461298750000,1785153461298753000,1785153461298753000,1785153461298753000,121932490,121652369,-138.121,0.000,1.000,0.000,3.000,0.000,0.000,12.000,0,0,0
B3_zmq_pushpull,zmq_tcp,none,none,,1,24839,512,584,1785153461299600000,1785153461299600000,1785153461299600000,1785153461299601000,1785153461299765000,1785153461299768000,1785153461299768000,1785153461299768000,121932490,121652369,-116.121,0.000,0.000,1.000,3.000,0.000,0.000,22.000,0,0,0
B3_zmq_pushpull,zmq_tcp,none,none,,1,24840,512,584,1785153461300458000,1785153461300458000,1785153461300458000,1785153461300459000,1785153461300620000,1785153461300622000,1785153461300622000,1785153461300622000,121932490,121652369,-119.121,0.000,0.000,1.000,2.000,0.000,0.000,3.000,0,0,0
B3_zmq_pushpull,zmq_tcp,none,none,,1,24841,512,584,1785153461301641000,1785153461301641000,1785153461301641000,1785153461301642000,1785153461301759000,1785153461301762000,1785153461301762000,1785153461301762000,121932490,121652369,-163.121,0.000,0.000,1.000,3.000,0.000,0.000,44.000,0,0,0
B3_zmq_pushpull,zmq_tcp,none,none,,1,24842,512,584,1785153461302592000,1785153461302592000,1785153461302592000,1785153461302593000,1785153461302633000,1785153461302636000,1785153461302636000,1785153461302636000,121932490,121652369,-240.121,0.000,0.000,1.000,3.000,0.000,0.000,77.000,0,0,0
B3_zmq_pushpull,zmq_tcp,none,none,,1,24843,512,584,1785153461303476000,1785153461303476000,1785153461303476000,1785153461303477000,1785153461303620000,1785153461303622000,1785153461303622000,1785153461303622000,121932490,121652369,-137.121,0.000,0.000,1.000,2.000,0.000,0.000,103.000,0,0,0
B3_zmq_pushpull,zmq_tcp,none,none,,1,24844,512,584,1785153461304637000,1785153461304637000,1785153461304637000,1785153461304638000,1785153461304756000,1785153461304758000,1785153461304758000,1785153461304758000,121932490,121652369,-162.121,0.000,0.000,1.000,2.000,0.000,0.000,25.000,0,0,0
B3_zmq_pushpull,zmq_tcp,none,none,,1,24845,512,584,1785153461305596000,1785153461305596000,1785153461305596000,1785153461305597000,1785153461305761000,1785153461305764000,1785153461305764000,1785153461305764000,121932490,121652369,-116.121,0.000,0.000,1.000,3.000,0.000,0.000,46.000,0,0,0
B3_zmq_pushpull,zmq_tcp,none,none,,1,24846,512,584,1785153461306470000,1785153461306470000,1785153461306470000,1785153461306471000,1785153461306618000,1785153461306622000,1785153461306622000,1785153461306622000,121932490,121652369,-133.121,0.000,0.000,1.000,4.000,0.000,0.000,17.000,0,0,0
B3_zmq_pushpull,zmq_tcp,none,none,,1,24847,512,584,1785153461307464000,1785153461307464000,1785153461307465000,1785153461307465000,1785153461307624000,1785153461307627000,1785153461307627000,1785153461307627000,121932490,121652369,-121.121,0.000,1.000,0.000,3.000,0.000,0.000,12.000,0,0,0
B3_zmq_pushpull,zmq_tcp,none,none,,1,24848,512,584,1785153461308639000,1785153461308639000,1785153461308639000,1785153461308640000,1785153461308760000,1785153461308763000,1785153461308763000,1785153461308763000,121932490,121652369,-160.121,0.000,0.000,1.000,3.000,0.000,0.000,39.000,0,0,0
B3_zmq_pushpull,zmq_tcp,none,none,,1,24849,512,584,1785153461309592000,1785153461309592000,1785153461309593000,1785153461309593000,1785153461309632000,1785153461309635000,1785153461309635000,1785153461309635000,121932490,121652369,-241.121,0.000,1.000,0.000,3.000,0.000,0.000,81.000,0,0,0
B3_zmq_pushpull,zmq_tcp,none,none,,1,24850,512,584,1785153461310457000,1785153461310457000,1785153461310457000,1785153461310458000,1785153461310610000,1785153461310613000,1785153461310613000,1785153461310613000,121932490,121652369,-128.121,0.000,0.000,1.000,3.000,0.000,0.000,113.000,0,0,0
B3_zmq_pushpull,zmq_tcp,none,none,,1,24851,512,584,1785153461311460000,1785153461311460000,1785153461311460000,1785153461311461000,1785153461311621000,1785153461311624000,1785153461311624000,1785153461311624000,121932490,121652369,-120.121,0.000,0.000,1.000,3.000,0.000,0.000,8.000,0,0,0
B3_zmq_pushpull,zmq_tcp,none,none,,1,24852,512,584,1785153461312641000,1785153461312641000,1785153461312642000,1785153461312642000,1785153461312757000,1785153461312760000,1785153461312760000,1785153461312760000,121932490,121652369,-165.121,0.000,1.000,0.000,3.000,0.000,0.000,45.000,0,0,0
B3_zmq_pushpull,zmq_tcp,none,none,,1,24853,512,584,1785153461313594000,1785153461313594000,1785153461313594000,1785153461313595000,1785153461313741000,1785153461313744000,1785153461313744000,1785153461313744000,121932490,121652369,-134.121,0.000,0.000,1.000,3.000,0.000,0.000,31.000,0,0,0
B3_zmq_pushpull,zmq_tcp,none,none,,1,24854,512,584,1785153461314608000,1785153461314608000,1785153461314608000,1785153461314609000,1785153461314741000,1785153461314744000,1785153461314744000,1785153461314744000,121932490,121652369,-148.121,0.000,0.000,1.000,3.000,0.000,0.000,14.000,0,0,0
B3_zmq_pushpull,zmq_tcp,none,none,,1,24855,512,584,1785153461315604000,1785153461315604000,1785153461315604000,1785153461315605000,1785153461315739000,1785153461315743000,1785153461315743000,1785153461315743000,121932490,121652369,-146.121,0.000,0.000,1.000,4.000,0.000,0.000,2.000,0,0,0
B3_zmq_pushpull,zmq_tcp,none,none,,1,24856,512,584,1785153461316604000,1785153461316604000,1785153461316604000,1785153461316605000,1785153461316726000,1785153461316729000,1785153461316729000,1785153461316729000,121932490,121652369,-159.121,0.000,0.000,1.000,3.000,0.000,0.000,13.000,0,0,0
B3_zmq_pushpull,zmq_tcp,none,none,,1,24857,512,584,1785153461317602000,1785153461317602000,1785153461317602000,1785153461317603000,1785153461317713000,1785153461317716000,1785153461317716000,1785153461317716000,121932490,121652369,-170.121,0.000,0.000,1.000,3.000,0.000,0.000,11.000,0,0,0
B3_zmq_pushpull,zmq_tcp,none,none,,1,24858,512,584,1785153461318605000,1785153461318605000,1785153461318605000,1785153461318606000,1785153461318725000,1785153461318728000,1785153461318728000,1785153461318728000,121932490,121652369,-161.121,0.000,0.000,1.000,3.000,0.000,0.000,9.000,0,0,0
B3_zmq_pushpull,zmq_tcp,none,none,,1,24859,512,584,1785153461319604000,1785153461319604000,1785153461319604000,1785153461319605000,1785153461319720000,1785153461319722000,1785153461319722000,1785153461319722000,121932490,121652369,-165.121,0.000,0.000,1.000,2.000,0.000,0.000,4.000,0,0,0
B3_zmq_pushpull,zmq_tcp,none,none,,1,24860,512,584,1785153461320606000,1785153461320606000,1785153461320606000,1785153461320607000,1785153461320721000,1785153461320724000,1785153461320724000,1785153461320724000,121932490,121652369,-166.121,0.000,0.000,1.000,3.000,0.000,0.000,1.000,0,0,0
B3_zmq_pushpull,zmq_tcp,none,none,,1,24861,512,584,1785153461321600000,1785153461321600000,1785153461321600000,1785153461321601000,1785153461321726000,1785153461321729000,1785153461321729000,1785153461321729000,121932490,121652369,-155.121,0.000,0.000,1.000,3.000,0.000,0.000,11.000,0,0,0
B3_zmq_pushpull,zmq_tcp,none,none,,1,24862,512,584,1785153461322605000,1785153461322605000,1785153461322605000,1785153461322606000,1785153461322717000,1785153461322719000,1785153461322719000,1785153461322719000,121932490,121652369,-169.121,0.000,0.000,1.000,2.000,0.000,0.000,14.000,0,0,0
B3_zmq_pushpull,zmq_tcp,none,none,,1,24863,512,584,1785153461323604000,1785153461323604000,1785153461323604000,1785153461323605000,1785153461323714000,1785153461323717000,1785153461323717000,1785153461323717000,121932490,121652369,-171.121,0.000,0.000,1.000,3.000,0.000,0.000,2.000,0,0,0
B3_zmq_pushpull,zmq_tcp,none,none,,1,24864,512,584,1785153461324604000,1785153461324604000,1785153461324604000,1785153461324605000,1785153461324701000,1785153461324703000,1785153461324703000,1785153461324703000,121932490,121652369,-184.121,0.000,0.000,1.000,2.000,0.000,0.000,13.000,0,0,0
B3_zmq_pushpull,zmq_tcp,none,none,,1,24865,512,584,1785153461325601000,1785153461325602000,1785153461325602000,1785153461325603000,1785153461325721000,1785153461325724000,1785153461325724000,1785153461325724000,121932490,121652369,-162.121,1.000,0.000,1.000,3.000,0.000,0.000,22.000,0,0,0
B3_zmq_pushpull,zmq_tcp,none,none,,1,24866,512,584,1785153461326606000,1785153461326606000,1785153461326606000,1785153461326607000,1785153461326715000,1785153461326718000,1785153461326718000,1785153461326718000,121932490,121652369,-172.121,0.000,0.000,1.000,3.000,0.000,0.000,10.000,0,0,0
B3_zmq_pushpull,zmq_tcp,none,none,,1,24867,512,584,1785153461327605000,1785153461327605000,1785153461327605000,1785153461327606000,1785153461327727000,1785153461327729000,1785153461327729000,1785153461327729000,121932490,121652369,-159.121,0.000,0.000,1.000,2.000,0.000,0.000,13.000,0,0,0
B3_zmq_pushpull,zmq_tcp,none,none,,1,24868,512,584,1785153461328600000,1785153461328600000,1785153461328600000,1785153461328601000,1785153461328729000,1785153461328732000,1785153461328732000,1785153461328732000,121932490,121652369,-152.121,0.000,0.000,1.000,3.000,0.000,0.000,7.000,0,0,0
B3_zmq_pushpull,zmq_tcp,none,none,,1,24869,512,584,1785153461329606000,1785153461329606000,1785153461329606000,1785153461329607000,1785153461329723000,1785153461329727000,1785153461329727000,1785153461329727000,121932490,121652369,-164.121,0.000,0.000,1.000,4.000,0.000,0.000,12.000,0,0,0
B3_zmq_pushpull,zmq_tcp,none,none,,1,24870,512,584,1785153461330431000,1785153461330431000,1785153461330431000,1785153461330432000,1785153461330585000,1785153461330588000,1785153461330588000,1785153461330588000,121932490,121652369,-127.121,0.000,0.000,1.000,3.000,0.000,0.000,37.000,0,0,0
B3_zmq_pushpull,zmq_tcp,none,none,,1,24871,512,584,1785153461331422000,1785153461331423000,1785153461331423000,1785153461331424000,1785153461331569000,1785153461331572000,1785153461331572000,1785153461331572000,121932490,121652369,-135.121,1.000,0.000,1.000,3.000,0.000,0.000,8.000,0,0,0
B3_zmq_pushpull,zmq_tcp,none,none,,1,24872,512,584,1785153461332648000,1785153461332648000,1785153461332648000,1785153461332649000,1785153461332695000,1785153461332698000,1785153461332698000,1785153461332698000,121932490,121652369,-234.121,0.000,0.000,1.000,3.000,0.000,0.000,99.000,0,0,0
B3_zmq_pushpull,zmq_tcp,none,none,,1,24873,512,584,1785153461333594000,1785153461333594000,1785153461333594000,1785153461333595000,1785153461333705000,1785153461333708000,1785153461333708000,1785153461333708000,121932490,121652369,-170.121,0.000,0.000,1.000,3.000,0.000,0.000,64.000,0,0,0
B3_zmq_pushpull,zmq_tcp,none,none,,1,24874,512,584,1785153461334607000,1785153461334607000,1785153461334607000,1785153461334608000,1785153461334686000,1785153461334688000,1785153461334689000,1785153461334689000,121932490,121652369,-202.121,0.000,0.000,1.000,2.000,1.000,0.000,32.000,0,0,0
B3_zmq_pushpull,zmq_tcp,none,none,,1,24875,512,584,1785153461335531000,1785153461335531000,1785153461335531000,1785153461335532000,1785153461335688000,1785153461335690000,1785153461335690000,1785153461335690000,121932490,121652369,-124.121,0.000,0.000,1.000,2.000,0.000,0.000,78.000,0,0,0
B3_zmq_pushpull,zmq_tcp,none,none,,1,24876,512,584,1785153461336623000,1785153461336623000,1785153461336623000,1785153461336624000,1785153461336689000,1785153461336692000,1785153461336692000,1785153461336692000,121932490,121652369,-215.121,0.000,0.000,1.000,3.000,0.000,0.000,91.000,0,0,0
B3_zmq_pushpull,zmq_tcp,none,none,,1,24877,512,584,1785153461337547000,1785153461337547000,1785153461337547000,1785153461337548000,1785153461337688000,1785153461337691000,1785153461337691000,1785153461337691000,121932490,121652369,-140.121,0.000,0.000,1.000,3.000,0.000,0.000,75.000,0,0,0
B3_zmq_pushpull,zmq_tcp,none,none,,1,24878,512,584,1785153461338530000,1785153461338531000,1785153461338531000,1785153461338532000,1785153461338684000,1785153461338687000,1785153461338687000,1785153461338687000,121932490,121652369,-128.121,1.000,0.000,1.000,3.000,0.000,0.000,12.000,0,0,0
B3_zmq_pushpull,zmq_tcp,none,none,,1,24879,512,584,1785153461339619000,1785153461339619000,1785153461339619000,1785153461339620000,1785153461339669000,1785153461339672000,1785153461339672000,1785153461339672000,121932490,121652369,-231.121,0.000,0.000,1.000,3.000,0.000,0.000,103.000,0,0,0
B3_zmq_pushpull,zmq_tcp,none,none,,1,24880,512,584,1785153461340522000,1785153461340523000,1785153461340523000,1785153461340524000,1785153461340677000,1785153461340680000,1785153461340680000,1785153461340680000,121932490,121652369,-127.121,1.000,0.000,1.000,3.000,0.000,0.000,104.000,0,0,0
B3_zmq_pushpull,zmq_tcp,none,none,,1,24881,512,584,1785153461341509000,1785153461341509000,1785153461341509000,1785153461341510000,1785153461341664000,1785153461341667000,1785153461341667000,1785153461341667000,121932490,121652369,-126.121,0.000,0.000,1.000,3.000,0.000,0.000,1.000,0,0,0
B3_zmq_pushpull,zmq_tcp,none,none,,1,24882,512,584,1785153461342630000,1785153461342630000,1785153461342630000,1785153461342631000,1785153461342803000,1785153461342806000,1785153461342806000,1785153461342806000,121932490,121652369,-108.121,0.000,0.000,1.000,3.000,0.000,0.000,18.000,0,0,0
B3_zmq_pushpull,zmq_tcp,none,none,,1,24883,512,584,1785153461343598000,1785153461343599000,1785153461343599000,1785153461343600000,1785153461343645000,1785153461343649000,1785153461343649000,1785153461343649000,121932490,121652369,-235.121,1.000,0.000,1.000,4.000,0.000,0.000,127.000,0,0,0
B3_zmq_pushpull,zmq_tcp,none,none,,1,24884,512,584,1785153461344607000,1785153461344607000,1785153461344607000,1785153461344608000,1785153461344653000,1785153461344655000,1785153461344655000,1785153461344655000,121932490,121652369,-235.121,0.000,0.000,1.000,2.000,0.000,0.000,0.000,0,0,0
B3_zmq_pushpull,zmq_tcp,none,none,,1,24885,512,584,1785153461345603000,1785153461345603000,1785153461345604000,1785153461345604000,1785153461345651000,1785153461345654000,1785153461345654000,1785153461345654000,121932490,121652369,-233.121,0.000,1.000,0.000,3.000,0.000,0.000,2.000,0,0,0
B3_zmq_pushpull,zmq_tcp,none,none,,1,24886,512,584,1785153461346605000,1785153461346606000,1785153461346606000,1785153461346607000,1785153461346668000,1785153461346672000,1785153461346672000,1785153461346672000,121932490,121652369,-219.121,1.000,0.000,1.000,4.000,0.000,0.000,14.000,0,0,0
B3_zmq_pushpull,zmq_tcp,none,none,,1,24887,512,584,1785153461347603000,1785153461347604000,1785153461347604000,1785153461347605000,1785153461347783000,1785153461347786000,1785153461347786000,1785153461347786000,121932490,121652369,-102.121,1.000,0.000,1.000,3.000,0.000,0.000,117.000,0,0,0
B3_zmq_pushpull,zmq_tcp,none,none,,1,24888,512,584,1785153461348483000,1785153461348484000,1785153461348484000,1785153461348485000,1785153461348627000,1785153461348630000,1785153461348630000,1785153461348630000,121932490,121652369,-138.121,1.000,0.000,1.000,3.000,0.000,0.000,36.000,0,0,0
B3_zmq_pushpull,zmq_tcp,none,none,,1,24889,512,584,1785153461349635000,1785153461349635000,1785153461349635000,1785153461349636000,1785153461349760000,1785153461349763000,1785153461349763000,1785153461349763000,121932490,121652369,-156.121,0.000,0.000,1.000,3.000,0.000,0.000,18.000,0,0,0
B3_zmq_pushpull,zmq_tcp,none,none,,1,24890,512,584,1785153461350594000,1785153461350594000,1785153461350595000,1785153461350595000,1785153461350758000,1785153461350761000,1785153461350761000,1785153461350761000,121932490,121652369,-117.121,0.000,1.000,0.000,3.000,0.000,0.000,39.000,0,0,0
B3_zmq_pushpull,zmq_tcp,none,none,,1,24891,512,584,1785153461351608000,1785153461351608000,1785153461351608000,1785153461351609000,1785153461351768000,1785153461351771000,1785153461351771000,1785153461351771000,121932490,121652369,-121.121,0.000,0.000,1.000,3.000,0.000,0.000,4.000,0,0,0
B3_zmq_pushpull,zmq_tcp,none,none,,1,24892,512,584,1785153461352605000,1785153461352605000,1785153461352605000,1785153461352606000,1785153461352646000,1785153461352650000,1785153461352650000,1785153461352650000,121932490,121652369,-240.121,0.000,0.000,1.000,4.000,0.000,0.000,119.000,0,0,0
B3_zmq_pushpull,zmq_tcp,none,none,,1,24893,512,584,1785153461353605000,1785153461353605000,1785153461353605000,1785153461353606000,1785153461353789000,1785153461353792000,1785153461353792000,1785153461353792000,121932490,121652369,-97.121,0.000,0.000,1.000,3.000,0.000,0.000,143.000,0,0,0
B3_zmq_pushpull,zmq_tcp,none,none,,1,24894,512,584,1785153461354569000,1785153461354570000,1785153461354570000,1785153461354571000,1785153461354645000,1785153461354648000,1785153461354648000,1785153461354648000,121932490,121652369,-206.121,1.000,0.000,1.000,3.000,0.000,0.000,109.000,0,0,0
B3_zmq_pushpull,zmq_tcp,none,none,,1,24895,512,584,1785153461355481000,1785153461355481000,1785153461355481000,1785153461355482000,1785153461355635000,1785153461355637000,1785153461355637000,1785153461355637000,121932490,121652369,-127.121,0.000,0.000,1.000,2.000,0.000,0.000,79.000,0,0,0
B3_zmq_pushpull,zmq_tcp,none,none,,1,24896,512,584,1785153461356634000,1785153461356634000,1785153461356634000,1785153461356635000,1785153461356776000,1785153461356779000,1785153461356779000,1785153461356779000,121932490,121652369,-139.121,0.000,0.000,1.000,3.000,0.000,0.000,12.000,0,0,0
B3_zmq_pushpull,zmq_tcp,none,none,,1,24897,512,584,1785153461357594000,1785153461357594000,1785153461357594000,1785153461357595000,1785153461357764000,1785153461357768000,1785153461357768000,1785153461357768000,121932490,121652369,-111.121,0.000,0.000,1.000,4.000,0.000,0.000,28.000,0,0,0
B3_zmq_pushpull,zmq_tcp,none,none,,1,24898,512,584,1785153461358607000,1785153461358608000,1785153461358608000,1785153461358609000,1785153461358768000,1785153461358771000,1785153461358771000,1785153461358771000,121932490,121652369,-121.121,1.000,0.000,1.000,3.000,0.000,0.000,10.000,0,0,0
B3_zmq_pushpull,zmq_tcp,none,none,,1,24899,512,584,1785153461359605000,1785153461359605000,1785153461359605000,1785153461359606000,1785153461359781000,1785153461359783000,1785153461359783000,1785153461359783000,121932490,121652369,-105.121,0.000,0.000,1.000,2.000,0.000,0.000,16.000,0,0,0
B3_zmq_pushpull,zmq_tcp,none,none,,1,24900,512,584,1785153461360605000,1785153461360605000,1785153461360605000,1785153461360606000,1785153461360795000,1785153461360798000,1785153461360798000,1785153461360798000,121932490,121652369,-91.121,0.000,0.000,1.000,3.000,0.000,0.000,14.000,0,0,0
B3_zmq_pushpull,zmq_tcp,none,none,,1,24901,512,584,1785153461361492000,1785153461361492000,1785153461361492000,1785153461361493000,1785153461361643000,1785153461361646000,1785153461361646000,1785153461361646000,121932490,121652369,-130.121,0.000,0.000,1.000,3.000,0.000,0.000,39.000,0,0,0
B3_zmq_pushpull,zmq_tcp,none,none,,1,24902,512,584,1785153461362632000,1785153461362632000,1785153461362632000,1785153461362633000,1785153461362787000,1785153461362790000,1785153461362790000,1785153461362790000,121932490,121652369,-126.121,0.000,0.000,1.000,3.000,0.000,0.000,4.000,0,0,0
B3_zmq_pushpull,zmq_tcp,none,none,,1,24903,512,584,1785153461363599000,1785153461363599000,1785153461363599000,1785153461363600000,1785153461363662000,1785153461363665000,1785153461363665000,1785153461363665000,121932490,121652369,-218.121,0.000,0.000,1.000,3.000,0.000,0.000,92.000,0,0,0
B3_zmq_pushpull,zmq_tcp,none,none,,1,24904,512,584,1785153461364608000,1785153461364608000,1785153461364608000,1785153461364609000,1785153461364662000,1785153461364665000,1785153461364665000,1785153461364665000,121932490,121652369,-227.121,0.000,0.000,1.000,3.000,0.000,0.000,9.000,0,0,0
B3_zmq_pushpull,zmq_tcp,none,none,,1,24905,512,584,1785153461365517000,1785153461365517000,1785153461365517000,1785153461365518000,1785153461365672000,1785153461365676000,1785153461365676000,1785153461365676000,121932490,121652369,-126.121,0.000,0.000,1.000,4.000,0.000,0.000,101.000,0,0,0
B3_zmq_pushpull,zmq_tcp,none,none,,1,24906,512,584,1785153461366516000,1785153461366516000,1785153461366516000,1785153461366517000,1785153461366660000,1785153461366663000,1785153461366663000,1785153461366663000,121932490,121652369,-137.121,0.000,0.000,1.000,3.000,0.000,0.000,11.000,0,0,0
B3_zmq_pushpull,zmq_tcp,none,none,,1,24907,512,584,1785153461367499000,1785153461367499000,1785153461367499000,1785153461367500000,1785153461367654000,1785153461367657000,1785153461367657000,1785153461367657000,121932490,121652369,-126.121,0.000,0.000,1.000,3.000,0.000,0.000,11.000,0,0,0
B3_zmq_pushpull,zmq_tcp,none,none,,1,24908,512,584,1785153461368491000,1785153461368491000,1785153461368491000,1785153461368492000,1785153461368638000,1785153461368640000,1785153461368640000,1785153461368640000,121932490,121652369,-134.121,0.000,0.000,1.000,2.000,0.000,0.000,8.000,0,0,0
B3_zmq_pushpull,zmq_tcp,none,none,,1,24909,512,584,1785153461369630000,1785153461369630000,1785153461369630000,1785153461369631000,1785153461369762000,1785153461369766000,1785153461369766000,1785153461369766000,121932490,121652369,-149.121,0.000,0.000,1.000,4.000,0.000,0.000,15.000,0,0,0
B3_zmq_pushpull,zmq_tcp,none,none,,1,24910,512,584,1785153461370486000,1785153461370486000,1785153461370487000,1785153461370488000,1785153461370628000,1785153461370631000,1785153461370632000,1785153461370632000,121932490,121652369,-140.121,0.000,1.000,1.000,3.000,1.000,0.000,9.000,0,0,0
B3_zmq_pushpull,zmq_tcp,none,none,,1,24911,512,584,1785153461371634000,1785153461371634000,1785153461371634000,1785153461371635000,1785153461371775000,1785153461371778000,1785153461371778000,1785153461371778000,121932490,121652369,-140.121,0.000,0.000,1.000,3.000,0.000,0.000,0.000,0,0,0
B3_zmq_pushpull,zmq_tcp,none,none,,1,24912,512,584,1785153461372594000,1785153461372594000,1785153461372594000,1785153461372595000,1785153461372651000,1785153461372653000,1785153461372653000,1785153461372654000,121932490,121652369,-224.121,0.000,0.000,1.000,2.000,0.000,1.000,84.000,0,0,0
B3_zmq_pushpull,zmq_tcp,none,none,,1,24913,512,584,1785153461373608000,1785153461373608000,1785153461373608000,1785153461373609000,1785153461373662000,1785153461373665000,1785153461373665000,1785153461373665000,121932490,121652369,-227.121,0.000,0.000,1.000,3.000,0.000,0.000,3.000,0,0,0
B3_zmq_pushpull,zmq_tcp,none,none,,1,24914,512,584,1785153461374605000,1785153461374605000,1785153461374605000,1785153461374606000,1785153461374677000,1785153461374680000,1785153461374680000,1785153461374680000,121932490,121652369,-209.121,0.000,0.000,1.000,3.000,0.000,0.000,18.000,0,0,0
B3_zmq_pushpull,zmq_tcp,none,none,,1,24915,512,584,1785153461375605000,1785153461375605000,1785153461375605000,1785153461375606000,1785153461375686000,1785153461375688000,1785153461375688000,1785153461375688000,121932490,121652369,-200.121,0.000,0.000,1.000,2.000,0.000,0.000,9.000,0,0,0
B3_zmq_pushpull,zmq_tcp,none,none,,1,24916,512,584,1785153461376604000,1785153461376604000,1785153461376604000,1785153461376605000,1785153461376691000,1785153461376694000,1785153461376694000,1785153461376694000,121932490,121652369,-194.121,0.000,0.000,1.000,3.000,0.000,0.000,6.000,0,0,0
B3_zmq_pushpull,zmq_tcp,none,none,,1,24917,512,584,1785153461377605000,1785153461377605000,1785153461377605000,1785153461377606000,1785153461377695000,1785153461377698000,1785153461377698000,1785153461377698000,121932490,121652369,-191.121,0.000,0.000,1.000,3.000,0.000,0.000,3.000,0,0,0
B3_zmq_pushpull,zmq_tcp,none,none,,1,24918,512,584,1785153461378605000,1785153461378605000,1785153461378605000,1785153461378606000,1785153461378704000,1785153461378708000,1785153461378708000,1785153461378708000,121932490,121652369,-182.121,0.000,0.000,1.000,4.000,0.000,0.000,9.000,0,0,0
B3_zmq_pushpull,zmq_tcp,none,none,,1,24919,512,584,1785153461379605000,1785153461379605000,1785153461379605000,1785153461379606000,1785153461379698000,1785153461379701000,1785153461379701000,1785153461379701000,121932490,121652369,-188.121,0.000,0.000,1.000,3.000,0.000,0.000,6.000,0,0,0
B3_zmq_pushpull,zmq_tcp,none,none,,1,24920,512,584,1785153461380603000,1785153461380603000,1785153461380603000,1785153461380604000,1785153461380682000,1785153461380685000,1785153461380685000,1785153461380685000,121932490,121652369,-202.121,0.000,0.000,1.000,3.000,0.000,0.000,14.000,0,0,0
B3_zmq_pushpull,zmq_tcp,none,none,,1,24921,512,584,1785153461381606000,1785153461381607000,1785153461381607000,1785153461381608000,1785153461381679000,1785153461381682000,1785153461381682000,1785153461381682000,121932490,121652369,-209.121,1.000,0.000,1.000,3.000,0.000,0.000,7.000,0,0,0
B3_zmq_pushpull,zmq_tcp,none,none,,1,24922,512,584,1785153461382605000,1785153461382605000,1785153461382605000,1785153461382606000,1785153461382666000,1785153461382670000,1785153461382670000,1785153461382670000,121932490,121652369,-220.121,0.000,0.000,1.000,4.000,0.000,0.000,11.000,0,0,0
B3_zmq_pushpull,zmq_tcp,none,none,,1,24923,512,584,1785153461383522000,1785153461383522000,1785153461383522000,1785153461383523000,1785153461383670000,1785153461383672000,1785153461383672000,1785153461383672000,121932490,121652369,-133.121,0.000,0.000,1.000,2.000,0.000,0.000,87.000,0,0,0
B3_zmq_pushpull,zmq_tcp,none,none,,1,24924,512,584,1785153461384625000,1785153461384625000,1785153461384625000,1785153461384626000,1785153461384812000,1785153461384815000,1785153461384815000,1785153461384815000,121932490,121652369,-94.121,0.000,0.000,1.000,3.000,0.000,0.000,39.000,0,0,0
B3_zmq_pushpull,zmq_tcp,none,none,,1,24925,512,584,1785153461385600000,1785153461385600000,1785153461385600000,1785153461385601000,1785153461385679000,1785153461385682000,1785153461385682000,1785153461385682000,121932490,121652369,-202.121,0.000,0.000,1.000,3.000,0.000,0.000,108.000,0,0,0
B3_zmq_pushpull,zmq_tcp,none,none,,1,24926,512,584,1785153461386611000,1785153461386611000,1785153461386611000,1785153461386613000,1785153461386667000,1785153461386670000,1785153461386671000,1785153461386671000,121932490,121652369,-226.121,0.000,0.000,2.000,3.000,1.000,0.000,24.000,0,0,0
B3_zmq_pushpull,zmq_tcp,none,none,,1,24927,512,584,1785153461387602000,1785153461387602000,1785153461387602000,1785153461387603000,1785153461387662000,1785153461387666000,1785153461387666000,1785153461387666000,121932490,121652369,-221.121,0.000,0.000,1.000,4.000,0.000,0.000,5.000,0,0,0
B3_zmq_pushpull,zmq_tcp,none,none,,1,24928,512,584,1785153461388608000,1785153461388608000,1785153461388608000,1785153461388609000,1785153461388796000,1785153461388800000,1785153461388800000,1785153461388800000,121932490,121652369,-93.121,0.000,0.000,1.000,4.000,0.000,0.000,128.000,0,0,0
B3_zmq_pushpull,zmq_tcp,none,none,,1,24929,512,584,1785153461389605000,1785153461389605000,1785153461389605000,1785153461389606000,1785153461389787000,1785153461389790000,1785153461389790000,1785153461389790000,121932490,121652369,-99.121,0.000,0.000,1.000,3.000,0.000,0.000,6.000,0,0,0
B3_zmq_pushpull,zmq_tcp,none,none,,1,24930,512,584,1785153461390607000,1785153461390607000,1785153461390607000,1785153461390608000,1785153461390788000,1785153461390791000,1785153461390791000,1785153461390791000,121932490,121652369,-100.121,0.000,0.000,1.000,3.000,0.000,0.000,1.000,0,0,0
B3_zmq_pushpull,zmq_tcp,none,none,,1,24931,512,584,1785153461391604000,1785153461391604000,1785153461391604000,1785153461391605000,1785153461391661000,1785153461391664000,1785153461391664000,1785153461391664000,121932490,121652369,-224.121,0.000,0.000,1.000,3.000,0.000,0.000,124.000,0,0,0
B3_zmq_pushpull,zmq_tcp,none,none,,1,24932,512,584,1785153461392606000,1785153461392606000,1785153461392606000,1785153461392607000,1785153461392656000,1785153461392660000,1785153461392660000,1785153461392660000,121932490,121652369,-231.121,0.000,0.000,1.000,4.000,0.000,0.000,7.000,0,0,0
B3_zmq_pushpull,zmq_tcp,none,none,,1,24933,512,584,1785153461393605000,1785153461393605000,1785153461393605000,1785153461393606000,1785153461393660000,1785153461393664000,1785153461393664000,1785153461393664000,121932490,121652369,-226.121,0.000,0.000,1.000,4.000,0.000,0.000,5.000,0,0,0
B3_zmq_pushpull,zmq_tcp,none,none,,1,24934,512,584,1785153461394605000,1785153461394605000,1785153461394605000,1785153461394606000,1785153461394669000,1785153461394672000,1785153461394672000,1785153461394672000,121932490,121652369,-217.121,0.000,0.000,1.000,3.000,0.000,0.000,9.000,0,0,0
B3_zmq_pushpull,zmq_tcp,none,none,,1,24935,512,584,1785153461395602000,1785153461395602000,1785153461395602000,1785153461395603000,1785153461395675000,1785153461395678000,1785153461395678000,1785153461395678000,121932490,121652369,-208.121,0.000,0.000,1.000,3.000,0.000,0.000,9.000,0,0,0
B3_zmq_pushpull,zmq_tcp,none,none,,1,24936,512,584,1785153461396606000,1785153461396606000,1785153461396607000,1785153461396607000,1785153461396659000,1785153461396662000,1785153461396662000,1785153461396662000,121932490,121652369,-228.121,0.000,1.000,0.000,3.000,0.000,0.000,20.000,0,0,0
B3_zmq_pushpull,zmq_tcp,none,none,,1,24937,512,584,1785153461397501000,1785153461397502000,1785153461397502000,1785153461397503000,1785153461397658000,1785153461397660000,1785153461397660000,1785153461397660000,121932490,121652369,-125.121,1.000,0.000,1.000,2.000,0.000,0.000,103.000,0,0,0
B3_zmq_pushpull,zmq_tcp,none,none,,1,24938,512,584,1785153461398632000,1785153461398632000,1785153461398632000,1785153461398633000,1785153461398791000,1785153461398794000,1785153461398794000,1785153461398794000,121932490,121652369,-122.121,0.000,0.000,1.000,3.000,0.000,0.000,3.000,0,0,0
B3_zmq_pushpull,zmq_tcp,none,none,,1,24939,512,584,1785153461399596000,1785153461399596000,1785153461399596000,1785153461399597000,1785153461399644000,1785153461399647000,1785153461399647000,1785153461399647000,121932490,121652369,-233.121,0.000,0.000,1.000,3.000,0.000,0.000,111.000,0,0,0
B3_zmq_pushpull,zmq_tcp,none,none,,1,24940,512,584,1785153461400608000,1785153461400608000,1785153461400608000,1785153461400609000,1785153461400770000,1785153461400772000,1785153461400772000,1785153461400772000,121932490,121652369,-119.121,0.000,0.000,1.000,2.000,0.000,0.000,114.000,0,0,0
B3_zmq_pushpull,zmq_tcp,none,none,,1,24941,512,584,1785153461401472000,1785153461401472000,1785153461401472000,1785153461401473000,1785153461401627000,1785153461401630000,1785153461401630000,1785153461401630000,121932490,121652369,-126.121,0.000,0.000,1.000,3.000,0.000,0.000,7.000,0,0,0
B3_zmq_pushpull,zmq_tcp,none,none,,1,24942,512,584,1785153461402638000,1785153461402638000,1785153461402638000,1785153461402639000,1785153461402762000,1785153461402764000,1785153461402764000,1785153461402764000,121932490,121652369,-157.121,0.000,0.000,1.000,2.000,0.000,0.000,31.000,0,0,0
B3_zmq_pushpull,zmq_tcp,none,none,,1,24943,512,584,1785153461403593000,1785153461403593000,1785153461403593000,1785153461403594000,1785153461403751000,1785153461403754000,1785153461403754000,1785153461403754000,121932490,121652369,-123.121,0.000,0.000,1.000,3.000,0.000,0.000,34.000,0,0,0
B3_zmq_pushpull,zmq_tcp,none,none,,1,24944,512,584,1785153461404607000,1785153461404607000,1785153461404607000,1785153461404608000,1785153461404746000,1785153461404748000,1785153461404748000,1785153461404748000,121932490,121652369,-142.121,0.000,0.000,1.000,2.000,0.000,0.000,19.000,0,0,0
B3_zmq_pushpull,zmq_tcp,none,none,,1,24945,512,584,1785153461405605000,1785153461405605000,1785153461405605000,1785153461405606000,1785153461405750000,1785153461405752000,1785153461405752000,1785153461405752000,121932490,121652369,-136.121,0.000,0.000,1.000,2.000,0.000,0.000,6.000,0,0,0
B3_zmq_pushpull,zmq_tcp,none,none,,1,24946,512,584,1785153461406605000,1785153461406605000,1785153461406605000,1785153461406606000,1785153461406751000,1785153461406754000,1785153461406754000,1785153461406754000,121932490,121652369,-135.121,0.000,0.000,1.000,3.000,0.000,0.000,1.000,0,0,0
B3_zmq_pushpull,zmq_tcp,none,none,,1,24947,512,584,1785153461407602000,1785153461407602000,1785153461407603000,1785153461407603000,1785153461407740000,1785153461407743000,1785153461407743000,1785153461407743000,121932490,121652369,-143.121,0.000,1.000,0.000,3.000,0.000,0.000,8.000,0,0,0
B3_zmq_pushpull,zmq_tcp,none,none,,1,24948,512,584,1785153461408455000,1785153461408455000,1785153461408455000,1785153461408457000,1785153461408597000,1785153461408600000,1785153461408600000,1785153461408600000,121932490,121652369,-140.121,0.000,0.000,2.000,3.000,0.000,0.000,3.000,0,0,0
B3_zmq_pushpull,zmq_tcp,none,none,,1,24949,512,584,1785153461409642000,1785153461409642000,1785153461409642000,1785153461409643000,1785153461409763000,1785153461409766000,1785153461409766000,1785153461409766000,121932490,121652369,-160.121,0.000,0.000,1.000,3.000,0.000,0.000,20.000,0,0,0
B3_zmq_pushpull,zmq_tcp,none,none,,1,24950,512,584,1785153461410595000,1785153461410596000,1785153461410596000,1785153461410597000,1785153461410781000,1785153461410784000,1785153461410784000,1785153461410784000,121932490,121652369,-96.121,1.000,0.000,1.000,3.000,0.000,0.000,64.000,0,0,0
B3_zmq_pushpull,zmq_tcp,none,none,,1,24951,512,584,1785153461411608000,1785153461411608000,1785153461411608000,1785153461411609000,1785153461411774000,1785153461411777000,1785153461411777000,1785153461411777000,121932490,121652369,-115.121,0.000,0.000,1.000,3.000,0.000,0.000,19.000,0,0,0
B3_zmq_pushpull,zmq_tcp,none,none,,1,24952,512,584,1785153461412471000,1785153461412471000,1785153461412471000,1785153461412472000,1785153461412629000,1785153461412631000,1785153461412631000,1785153461412631000,121932490,121652369,-123.121,0.000,0.000,1.000,2.000,0.000,0.000,8.000,0,0,0
B3_zmq_pushpull,zmq_tcp,none,none,,1,24953,512,584,1785153461413638000,1785153461413638000,1785153461413638000,1785153461413639000,1785153461413747000,1785153461413750000,1785153461413750000,1785153461413750000,121932490,121652369,-172.121,0.000,0.000,1.000,3.000,0.000,0.000,49.000,0,0,0
B3_zmq_pushpull,zmq_tcp,none,none,,1,24954,512,584,1785153461414592000,1785153461414592000,1785153461414592000,1785153461414593000,1785153461414738000,1785153461414741000,1785153461414741000,1785153461414741000,121932490,121652369,-135.121,0.000,0.000,1.000,3.000,0.000,0.000,37.000,0,0,0
B3_zmq_pushpull,zmq_tcp,none,none,,1,24955,512,584,1785153461415609000,1785153461415609000,1785153461415609000,1785153461415610000,1785153461415739000,1785153461415742000,1785153461415742000,1785153461415742000,121932490,121652369,-151.121,0.000,0.000,1.000,3.000,0.000,0.000,16.000,0,0,0
B3_zmq_pushpull,zmq_tcp,none,none,,1,24956,512,584,1785153461416604000,1785153461416604000,1785153461416604000,1785153461416605000,1785153461416734000,1785153461416737000,1785153461416737000,1785153461416737000,121932490,121652369,-151.121,0.000,0.000,1.000,3.000,0.000,0.000,0.000,0,0,0
B3_zmq_pushpull,zmq_tcp,none,none,,1,24957,512,584,1785153461417605000,1785153461417605000,1785153461417605000,1785153461417606000,1785153461417736000,1785153461417739000,1785153461417739000,1785153461417739000,121932490,121652369,-150.121,0.000,0.000,1.000,3.000,0.000,0.000,1.000,0,0,0
B3_zmq_pushpull,zmq_tcp,none,none,,1,24958,512,584,1785153461418602000,1785153461418602000,1785153461418602000,1785153461418603000,1785153461418739000,1785153461418742000,1785153461418742000,1785153461418742000,121932490,121652369,-144.121,0.000,0.000,1.000,3.000,0.000,0.000,6.000,0,0,0
B3_zmq_pushpull,zmq_tcp,none,none,,1,24959,512,584,1785153461419607000,1785153461419607000,1785153461419607000,1785153461419608000,1785153461419738000,1785153461419741000,1785153461419741000,1785153461419741000,121932490,121652369,-150.121,0.000,0.000,1.000,3.000,0.000,0.000,6.000,0,0,0
B3_zmq_pushpull,zmq_tcp,none,none,,1,24960,512,584,1785153461420605000,1785153461420605000,1785153461420605000,1785153461420606000,1785153461420757000,1785153461420759000,1785153461420759000,1785153461420759000,121932490,121652369,-129.121,0.000,0.000,1.000,2.000,0.000,0.000,21.000,0,0,0
B3_zmq_pushpull,zmq_tcp,none,none,,1,24961,512,584,1785153461421605000,1785153461421605000,1785153461421605000,1785153461421606000,1785153461421751000,1785153461421754000,1785153461421754000,1785153461421754000,121932490,121652369,-135.121,0.000,0.000,1.000,3.000,0.000,0.000,6.000,0,0,0
B3_zmq_pushpull,zmq_tcp,none,none,,1,24962,512,584,1785153461422604000,1785153461422604000,1785153461422604000,1785153461422606000,1785153461422751000,1785153461422755000,1785153461422755000,1785153461422755000,121932490,121652369,-135.121,0.000,0.000,2.000,4.000,0.000,0.000,0.000,0,0,0
B3_zmq_pushpull,zmq_tcp,none,none,,1,24963,512,584,1785153461423605000,1785153461423605000,1785153461423605000,1785153461423606000,1785153461423743000,1785153461423746000,1785153461423746000,1785153461423746000,121932490,121652369,-143.121,0.000,0.000,1.000,3.000,0.000,0.000,8.000,0,0,0
B3_zmq_pushpull,zmq_tcp,none,none,,1,24964,512,584,1785153461424605000,1785153461424605000,1785153461424605000,1785153461424606000,1785153461424739000,1785153461424742000,1785153461424742000,1785153461424742000,121932490,121652369,-147.121,0.000,0.000,1.000,3.000,0.000,0.000,4.000,0,0,0
B3_zmq_pushpull,zmq_tcp,none,none,,1,24965,512,584,1785153461425605000,1785153461425605000,1785153461425605000,1785153461425606000,1785153461425719000,1785153461425722000,1785153461425722000,1785153461425722000,121932490,121652369,-167.121,0.000,0.000,1.000,3.000,0.000,0.000,20.000,0,0,0
B3_zmq_pushpull,zmq_tcp,none,none,,1,24966,512,584,1785153461426603000,1785153461426603000,1785153461426603000,1785153461426604000,1785153461426723000,1785153461426726000,1785153461426726000,1785153461426726000,121932490,121652369,-161.121,0.000,0.000,1.000,3.000,0.000,0.000,6.000,0,0,0
B3_zmq_pushpull,zmq_tcp,none,none,,1,24967,512,584,1785153461427606000,1785153461427606000,1785153461427606000,1785153461427607000,1785153461427734000,1785153461427737000,1785153461427737000,1785153461427737000,121932490,121652369,-153.121,0.000,0.000,1.000,3.000,0.000,0.000,8.000,0,0,0
B3_zmq_pushpull,zmq_tcp,none,none,,1,24968,512,584,1785153461428604000,1785153461428604000,1785153461428605000,1785153461428606000,1785153461428715000,1785153461428718000,1785153461428718000,1785153461428718000,121932490,121652369,-171.121,0.000,1.000,1.000,3.000,0.000,0.000,18.000,0,0,0
B3_zmq_pushpull,zmq_tcp,none,none,,1,24969,512,584,1785153461429605000,1785153461429605000,1785153461429605000,1785153461429606000,1785153461429702000,1785153461429704000,1785153461429704000,1785153461429705000,121932490,121652369,-184.121,0.000,0.000,1.000,2.000,0.000,1.000,13.000,0,0,0
B3_zmq_pushpull,zmq_tcp,none,none,,1,24970,512,584,1785153461430604000,1785153461430604000,1785153461430604000,1785153461430605000,1785153461430701000,1785153461430703000,1785153461430703000,1785153461430703000,121932490,121652369,-184.121,0.000,0.000,1.000,2.000,0.000,0.000,0.000,0,0,0
B3_zmq_pushpull,zmq_tcp,none,none,,1,24971,512,584,1785153461431605000,1785153461431605000,1785153461431605000,1785153461431606000,1785153461431684000,1785153461431687000,1785153461431687000,1785153461431687000,121932490,121652369,-202.121,0.000,0.000,1.000,3.000,0.000,0.000,18.000,0,0,0
B3_zmq_pushpull,zmq_tcp,none,none,,1,24972,512,584,1785153461432605000,1785153461432605000,1785153461432606000,1785153461432606000,1785153461432689000,1785153461432692000,1785153461432692000,1785153461432692000,121932490,121652369,-197.121,0.000,1.000,0.000,3.000,0.000,0.000,5.000,0,0,0
B3_zmq_pushpull,zmq_tcp,none,none,,1,24973,512,584,1785153461433602000,1785153461433602000,1785153461433602000,1785153461433603000,1785153461433697000,1785153461433701000,1785153461433701000,1785153461433701000,121932490,121652369,-186.121,0.000,0.000,1.000,4.000,0.000,0.000,11.000,0,0,0
B3_zmq_pushpull,zmq_tcp,none,none,,1,24974,512,584,1785153461434607000,1785153461434607000,1785153461434607000,1785153461434608000,1785153461434675000,1785153461434678000,1785153461434678000,1785153461434678000,121932490,121652369,-213.121,0.000,0.000,1.000,3.000,0.000,0.000,27.000,0,0,0
B3_zmq_pushpull,zmq_tcp,none,none,,1,24975,512,584,1785153461435605000,1785153461435605000,1785153461435605000,1785153461435607000,1785153461435673000,1785153461435676000,1785153461435676000,1785153461435676000,121932490,121652369,-214.121,0.000,0.000,2.000,3.000,0.000,0.000,1.000,0,0,0
B3_zmq_pushpull,zmq_tcp,none,none,,1,24976,512,584,1785153461436606000,1785153461436606000,1785153461436606000,1785153461436607000,1785153461436677000,1785153461436680000,1785153461436680000,1785153461436680000,121932490,121652369,-210.121,0.000,0.000,1.000,3.000,0.000,0.000,4.000,0,0,0
B3_zmq_pushpull,zmq_tcp,none,none,,1,24977,512,584,1785153461437601000,1785153461437601000,1785153461437601000,1785153461437602000,1785153461437685000,1785153461437687000,1785153461437687000,1785153461437687000,121932490,121652369,-197.121,0.000,0.000,1.000,2.000,0.000,0.000,13.000,0,0,0
B3_zmq_pushpull,zmq_tcp,none,none,,1,24978,512,584,1785153461438607000,1785153461438607000,1785153461438607000,1785153461438608000,1785153461438695000,1785153461438698000,1785153461438698000,1785153461438698000,121932490,121652369,-193.121,0.000,0.000,1.000,3.000,0.000,0.000,4.000,0,0,0
B3_zmq_pushpull,zmq_tcp,none,none,,1,24979,512,584,1785153461439605000,1785153461439605000,1785153461439605000,1785153461439606000,1785153461439693000,1785153461439695000,1785153461439695000,1785153461439695000,121932490,121652369,-193.121,0.000,0.000,1.000,2.000,0.000,0.000,0.000,0,0,0
B3_zmq_pushpull,zmq_tcp,none,none,,1,24980,512,584,1785153461440606000,1785153461440606000,1785153461440606000,1785153461440607000,1785153461440697000,1785153461440701000,1785153461440701000,1785153461440701000,121932490,121652369,-190.121,0.000,0.000,1.000,4.000,0.000,0.000,3.000,0,0,0
B3_zmq_pushpull,zmq_tcp,none,none,,1,24981,512,584,1785153461441604000,1785153461441604000,1785153461441604000,1785153461441605000,1785153461441709000,1785153461441711000,1785153461441711000,1785153461441711000,121932490,121652369,-176.121,0.000,0.000,1.000,2.000,0.000,0.000,14.000,0,0,0
B3_zmq_pushpull,zmq_tcp,none,none,,1,24982,512,584,1785153461442605000,1785153461442605000,1785153461442605000,1785153461442606000,1785153461442715000,1785153461442718000,1785153461442718000,1785153461442718000,121932490,121652369,-171.121,0.000,0.000,1.000,3.000,0.000,0.000,5.000,0,0,0
B3_zmq_pushpull,zmq_tcp,none,none,,1,24983,512,584,1785153461443605000,1785153461443605000,1785153461443605000,1785153461443606000,1785153461443715000,1785153461443718000,1785153461443718000,1785153461443718000,121932490,121652369,-171.121,0.000,0.000,1.000,3.000,0.000,0.000,0.000,0,0,0
B3_zmq_pushpull,zmq_tcp,none,none,,1,24984,512,584,1785153461444605000,1785153461444606000,1785153461444606000,1785153461444607000,1785153461444718000,1785153461444721000,1785153461444721000,1785153461444721000,121932490,121652369,-169.121,1.000,0.000,1.000,3.000,0.000,0.000,2.000,0,0,0
B3_zmq_pushpull,zmq_tcp,none,none,,1,24985,512,584,1785153461445602000,1785153461445603000,1785153461445603000,1785153461445604000,1785153461445725000,1785153461445729000,1785153461445729000,1785153461445729000,121932490,121652369,-159.121,1.000,0.000,1.000,4.000,0.000,0.000,10.000,0,0,0
B3_zmq_pushpull,zmq_tcp,none,none,,1,24986,512,584,1785153461446606000,1785153461446606000,1785153461446607000,1785153461446608000,1785153461446701000,1785153461446704000,1785153461446704000,1785153461446704000,121932490,121652369,-187.121,0.000,1.000,1.000,3.000,0.000,0.000,28.000,0,0,0
B3_zmq_pushpull,zmq_tcp,none,none,,1,24987,512,584,1785153461447606000,1785153461447606000,1785153461447606000,1785153461447607000,1785153461447703000,1785153461447707000,1785153461447707000,1785153461447707000,121932490,121652369,-184.121,0.000,0.000,1.000,4.000,0.000,0.000,3.000,0,0,0
B3_zmq_pushpull,zmq_tcp,none,none,,1,24988,512,584,1785153461448605000,1785153461448605000,1785153461448605000,1785153461448606000,1785153461448707000,1785153461448710000,1785153461448710000,1785153461448710000,121932490,121652369,-179.121,0.000,0.000,1.000,3.000,0.000,0.000,5.000,0,0,0
B3_zmq_pushpull,zmq_tcp,none,none,,1,24989,512,584,1785153461449602000,1785153461449603000,1785153461449603000,1785153461449604000,1785153461449714000,1785153461449718000,1785153461449718000,1785153461449718000,121932490,121652369,-170.121,1.000,0.000,1.000,4.000,0.000,0.000,9.000,0,0,0
B3_zmq_pushpull,zmq_tcp,none,none,,1,24990,512,584,1785153461450607000,1785153461450607000,1785153461450607000,1785153461450608000,1785153461450705000,1785153461450708000,1785153461450708000,1785153461450708000,121932490,121652369,-183.121,0.000,0.000,1.000,3.000,0.000,0.000,13.000,0,0,0
B3_zmq_pushpull,zmq_tcp,none,none,,1,24991,512,584,1785153461451605000,1785153461451605000,1785153461451605000,1785153461451606000,1785153461451713000,1785153461451715000,1785153461451715000,1785153461451715000,121932490,121652369,-173.121,0.000,0.000,1.000,2.000,0.000,0.000,10.000,0,0,0
B3_zmq_pushpull,zmq_tcp,none,none,,1,24992,512,584,1785153461452605000,1785153461452605000,1785153461452605000,1785153461452606000,1785153461452711000,1785153461452714000,1785153461452714000,1785153461452714000,121932490,121652369,-175.121,0.000,0.000,1.000,3.000,0.000,0.000,2.000,0,0,0
B3_zmq_pushpull,zmq_tcp,none,none,,1,24993,512,584,1785153461453604000,1785153461453604000,1785153461453604000,1785153461453605000,1785153461453718000,1785153461453721000,1785153461453721000,1785153461453721000,121932490,121652369,-167.121,0.000,0.000,1.000,3.000,0.000,0.000,8.000,0,0,0
B3_zmq_pushpull,zmq_tcp,none,none,,1,24994,512,584,1785153461454604000,1785153461454605000,1785153461454605000,1785153461454606000,1785153461454714000,1785153461454717000,1785153461454717000,1785153461454717000,121932490,121652369,-172.121,1.000,0.000,1.000,3.000,0.000,0.000,5.000,0,0,0
B3_zmq_pushpull,zmq_tcp,none,none,,1,24995,512,584,1785153461455605000,1785153461455606000,1785153461455606000,1785153461455607000,1785153461455705000,1785153461455707000,1785153461455707000,1785153461455707000,121932490,121652369,-182.121,1.000,0.000,1.000,2.000,0.000,0.000,10.000,0,0,0
B3_zmq_pushpull,zmq_tcp,none,none,,1,24996,512,584,1785153461456601000,1785153461456601000,1785153461456601000,1785153461456602000,1785153461456703000,1785153461456707000,1785153461456707000,1785153461456707000,121932490,121652369,-179.121,0.000,0.000,1.000,4.000,0.000,0.000,3.000,0,0,0
B3_zmq_pushpull,zmq_tcp,none,none,,1,24997,512,584,1785153461457608000,1785153461457609000,1785153461457609000,1785153461457610000,1785153461457697000,1785153461457700000,1785153461457700000,1785153461457700000,121932490,121652369,-193.121,1.000,0.000,1.000,3.000,0.000,0.000,14.000,0,0,0
B3_zmq_pushpull,zmq_tcp,none,none,,1,24998,512,584,1785153461458605000,1785153461458605000,1785153461458606000,1785153461458606000,1785153461458686000,1785153461458689000,1785153461458689000,1785153461458689000,121932490,121652369,-200.121,0.000,1.000,0.000,3.000,0.000,0.000,7.000,0,0,0
B3_zmq_pushpull,zmq_tcp,none,none,,1,24999,512,584,1785153461459607000,1785153461459607000,1785153461459607000,1785153461459608000,1785153461459689000,1785153461459696000,1785153461459696000,1785153461459696000,121932490,121652369,-199.121,0.000,0.000,1.000,7.000,0.000,0.000,1.000,0,0,0
B3_zmq_pushpull,zmq_tcp,none,none,,1,25000,512,584,1785153461460601000,1785153461460602000,1785153461460602000,1785153461460603000,1785153461460670000,1785153461460673000,1785153461460673000,1785153461460673000,121932490,121652369,-213.121,1.000,0.000,1.000,3.000,0.000,0.000,14.000,0,0,0
B3_zmq_pushpull,zmq_tcp,none,none,,1,25001,512,584,1785153461461608000,1785153461461608000,1785153461461608000,1785153461461609000,1785153461461666000,1785153461461669000,1785153461461669000,1785153461461669000,121932490,121652369,-223.121,0.000,0.000,1.000,3.000,0.000,0.000,10.000,0,0,0
B3_zmq_pushpull,zmq_tcp,none,none,,1,25002,512,584,1785153461462605000,1785153461462605000,1785153461462606000,1785153461462606000,1785153461462675000,1785153461462679000,1785153461462679000,1785153461462679000,121932490,121652369,-211.121,0.000,1.000,0.000,4.000,0.000,0.000,12.000,0,0,0
B3_zmq_pushpull,zmq_tcp,none,none,,1,25003,512,584,1785153461463605000,1785153461463605000,1785153461463605000,1785153461463606000,1785153461463672000,1785153461463675000,1785153461463675000,1785153461463675000,121932490,121652369,-214.121,0.000,0.000,1.000,3.000,0.000,0.000,3.000,0,0,0
B3_zmq_pushpull,zmq_tcp,none,none,,1,25004,512,584,1785153461464603000,1785153461464603000,1785153461464603000,1785153461464604000,1785153461464681000,1785153461464684000,1785153461464684000,1785153461464684000,121932490,121652369,-203.121,0.000,0.000,1.000,3.000,0.000,0.000,11.000,0,0,0
B3_zmq_pushpull,zmq_tcp,none,none,,1,25005,512,584,1785153461465607000,1785153461465607000,1785153461465607000,1785153461465608000,1785153461465687000,1785153461465690000,1785153461465690000,1785153461465690000,121932490,121652369,-201.121,0.000,0.000,1.000,3.000,0.000,0.000,2.000,0,0,0
B3_zmq_pushpull,zmq_tcp,none,none,,1,25006,512,584,1785153461466605000,1785153461466605000,1785153461466606000,1785153461466607000,1785153461466680000,1785153461466683000,1785153461466683000,1785153461466683000,121932490,121652369,-207.121,0.000,1.000,1.000,3.000,0.000,0.000,6.000,0,0,0
B3_zmq_pushpull,zmq_tcp,none,none,,1,25007,512,584,1785153461467605000,1785153461467605000,1785153461467605000,1785153461467606000,1785153461467693000,1785153461467695000,1785153461467696000,1785153461467696000,121932490,121652369,-193.121,0.000,0.000,1.000,2.000,1.000,0.000,14.000,0,0,0
B3_zmq_pushpull,zmq_tcp,none,none,,1,25008,512,584,1785153461468606000,1785153461468606000,1785153461468606000,1785153461468607000,1785153461468695000,1785153461468698000,1785153461468698000,1785153461468698000,121932490,121652369,-192.121,0.000,0.000,1.000,3.000,0.000,0.000,1.000,0,0,0
B3_zmq_pushpull,zmq_tcp,none,none,,1,25009,512,584,1785153461469606000,1785153461469606000,1785153461469606000,1785153461469607000,1785153461469714000,1785153461469716000,1785153461469716000,1785153461469716000,121932490,121652369,-173.121,0.000,0.000,1.000,2.000,0.000,0.000,19.000,0,0,0
B3_zmq_pushpull,zmq_tcp,none,none,,1,25010,512,584,1785153461470605000,1785153461470605000,1785153461470605000,1785153461470606000,1785153461470713000,1785153461470715000,1785153461470715000,1785153461470715000,121932490,121652369,-173.121,0.000,0.000,1.000,2.000,0.000,0.000,0.000,0,0,0
B3_zmq_pushpull,zmq_tcp,none,none,,1,25011,512,584,1785153461471602000,1785153461471602000,1785153461471602000,1785153461471603000,1785153461471706000,1785153461471709000,1785153461471709000,1785153461471709000,121932490,121652369,-177.121,0.000,0.000,1.000,3.000,0.000,0.000,4.000,0,0,0
B3_zmq_pushpull,zmq_tcp,none,none,,1,25012,512,584,1785153461472607000,1785153461472607000,1785153461472607000,1785153461472608000,1785153461472711000,1785153461472713000,1785153461472713000,1785153461472713000,121932490,121652369,-177.121,0.000,0.000,1.000,2.000,0.000,0.000,0.000,0,0,0
B3_zmq_pushpull,zmq_tcp,none,none,,1,25013,512,584,1785153461473605000,1785153461473605000,1785153461473605000,1785153461473606000,1785153461473723000,1785153461473726000,1785153461473726000,1785153461473726000,121932490,121652369,-163.121,0.000,0.000,1.000,3.000,0.000,0.000,14.000,0,0,0
B3_zmq_pushpull,zmq_tcp,none,none,,1,25014,512,584,1785153461474605000,1785153461474605000,1785153461474605000,1785153461474606000,1785153461474726000,1785153461474729000,1785153461474729000,1785153461474729000,121932490,121652369,-160.121,0.000,0.000,1.000,3.000,0.000,0.000,3.000,0,0,0
B3_zmq_pushpull,zmq_tcp,none,none,,1,25015,512,584,1785153461475602000,1785153461475602000,1785153461475602000,1785153461475604000,1785153461475724000,1785153461475727000,1785153461475727000,1785153461475727000,121932490,121652369,-160.121,0.000,0.000,2.000,3.000,0.000,0.000,0.000,0,0,0
B3_zmq_pushpull,zmq_tcp,none,none,,1,25016,512,584,1785153461476607000,1785153461476607000,1785153461476607000,1785153461476608000,1785153461476718000,1785153461476721000,1785153461476721000,1785153461476721000,121932490,121652369,-170.121,0.000,0.000,1.000,3.000,0.000,0.000,10.000,0,0,0
B3_zmq_pushpull,zmq_tcp,none,none,,1,25017,512,584,1785153461477607000,1785153461477607000,1785153461477607000,1785153461477608000,1785153461477741000,1785153461477744000,1785153461477744000,1785153461477744000,121932490,121652369,-147.121,0.000,0.000,1.000,3.000,0.000,0.000,23.000,0,0,0
B3_zmq_pushpull,zmq_tcp,none,none,,1,25018,512,584,1785153461478600000,1785153461478600000,1785153461478600000,1785153461478601000,1785153461478743000,1785153461478746000,1785153461478746000,1785153461478746000,121932490,121652369,-138.121,0.000,0.000,1.000,3.000,0.000,0.000,9.000,0,0,0
B3_zmq_pushpull,zmq_tcp,none,none,,1,25019,512,584,1785153461479607000,1785153461479607000,1785153461479607000,1785153461479608000,1785153461479752000,1785153461479754000,1785153461479754000,1785153461479754000,121932490,121652369,-136.121,0.000,0.000,1.000,2.000,0.000,0.000,2.000,0,0,0
B3_zmq_pushpull,zmq_tcp,none,none,,1,25020,512,584,1785153461480605000,1785153461480606000,1785153461480606000,1785153461480607000,1785153461480745000,1785153461480748000,1785153461480748000,1785153461480748000,121932490,121652369,-142.121,1.000,0.000,1.000,3.000,0.000,0.000,6.000,0,0,0
B3_zmq_pushpull,zmq_tcp,none,none,,1,25021,512,584,1785153461481606000,1785153461481606000,1785153461481606000,1785153461481607000,1785153461481748000,1785153461481750000,1785153461481750000,1785153461481750000,121932490,121652369,-139.121,0.000,0.000,1.000,2.000,0.000,0.000,3.000,0,0,0
B3_zmq_pushpull,zmq_tcp,none,none,,1,25022,512,584,1785153461482605000,1785153461482605000,1785153461482605000,1785153461482606000,1785153461482748000,1785153461482750000,1785153461482750000,1785153461482750000,121932490,121652369,-138.121,0.000,0.000,1.000,2.000,0.000,0.000,1.000,0,0,0
B3_zmq_pushpull,zmq_tcp,none,none,,1,25023,512,584,1785153461483605000,1785153461483605000,1785153461483605000,1785153461483606000,1785153461483738000,1785153461483741000,1785153461483741000,1785153461483741000,121932490,121652369,-148.121,0.000,0.000,1.000,3.000,0.000,0.000,10.000,0,0,0
B3_zmq_pushpull,zmq_tcp,none,none,,1,25024,512,584,1785153461484605000,1785153461484605000,1785153461484605000,1785153461484606000,1785153461484738000,1785153461484741000,1785153461484741000,1785153461484741000,121932490,121652369,-148.121,0.000,0.000,1.000,3.000,0.000,0.000,0.000,0,0,0
B3_zmq_pushpull,zmq_tcp,none,none,,1,25025,512,584,1785153461485457000,1785153461485458000,1785153461485458000,1785153461485459000,1785153461485600000,1785153461485602000,1785153461485602000,1785153461485603000,121932490,121652369,-139.121,1.000,0.000,1.000,2.000,0.000,1.000,9.000,0,0,0
B3_zmq_pushpull,zmq_tcp,none,none,,1,25026,512,584,1785153461486445000,1785153461486445000,1785153461486445000,1785153461486446000,1785153461486601000,1785153461486604000,1785153461486604000,1785153461486604000,121932490,121652369,-125.121,0.000,0.000,1.000,3.000,0.000,0.000,14.000,0,0,0
B3_zmq_pushpull,zmq_tcp,none,none,,1,25027,512,584,1785153461487438000,1785153461487438000,1785153461487438000,1785153461487439000,1785153461487594000,1785153461487597000,1785153461487597000,1785153461487597000,121932490,121652369,-125.121,0.000,0.000,1.000,3.000,0.000,0.000,0.000,0,0,0
B3_zmq_pushpull,zmq_tcp,none,none,,1,25028,512,584,1785153461488648000,1785153461488648000,1785153461488649000,1785153461488649000,1785153461488742000,1785153461488745000,1785153461488745000,1785153461488745000,121932490,121652369,-187.121,0.000,1.000,0.000,3.000,0.000,0.000,62.000,0,0,0
B3_zmq_pushpull,zmq_tcp,none,none,,1,25029,512,584,1785153461489591000,1785153461489591000,1785153461489591000,1785153461489592000,1785153461489741000,1785153461489744000,1785153461489744000,1785153461489744000,121932490,121652369,-131.121,0.000,0.000,1.000,3.000,0.000,0.000,56.000,0,0,0
B3_zmq_pushpull,zmq_tcp,none,none,,1,25030,512,584,1785153461490609000,1785153461490609000,1785153461490609000,1785153461490610000,1785153461490748000,1785153461490750000,1785153461490750000,1785153461490750000,121932490,121652369,-142.121,0.000,0.000,1.000,2.000,0.000,0.000,11.000,0,0,0
B3_zmq_pushpull,zmq_tcp,none,none,,1,25031,512,584,1785153461491450000,1785153461491450000,1785153461491450000,1785153461491452000,1785153461491605000,1785153461491608000,1785153461491608000,1785153461491608000,121932490,121652369,-127.121,0.000,0.000,2.000,3.000,0.000,0.000,15.000,0,0,0
B3_zmq_pushpull,zmq_tcp,none,none,,1,25032,512,584,1785153461492644000,1785153461492644000,1785153461492644000,1785153461492645000,1785153461492756000,1785153461492758000,1785153461492758000,1785153461492758000,121932490,121652369,-169.121,0.000,0.000,1.000,2.000,0.000,0.000,42.000,0,0,0
B3_zmq_pushpull,zmq_tcp,none,none,,1,25033,512,584,1785153461493594000,1785153461493594000,1785153461493594000,1785153461493595000,1785153461493754000,1785153461493757000,1785153461493757000,1785153461493757000,121932490,121652369,-121.121,0.000,0.000,1.000,3.000,0.000,0.000,48.000,0,0,0
B3_zmq_pushpull,zmq_tcp,none,none,,1,25034,512,584,1785153461494607000,1785153461494607000,1785153461494607000,1785153461494608000,1785153461494762000,1785153461494765000,1785153461494765000,1785153461494765000,121932490,121652369,-126.121,0.000,0.000,1.000,3.000,0.000,0.000,5.000,0,0,0
B3_zmq_pushpull,zmq_tcp,none,none,,1,25035,512,584,1785153461495477000,1785153461495477000,1785153461495477000,1785153461495478000,1785153461495634000,1785153461495637000,1785153461495637000,1785153461495637000,121932490,121652369,-124.121,0.000,0.000,1.000,3.000,0.000,0.000,2.000,0,0,0
B3_zmq_pushpull,zmq_tcp,none,none,,1,25036,512,584,1785153461496636000,1785153461496636000,1785153461496636000,1785153461496638000,1785153461496770000,1785153461496774000,1785153461496774000,1785153461496774000,121932490,121652369,-148.121,0.000,0.000,2.000,4.000,0.000,0.000,24.000,0,0,0
B3_zmq_pushpull,zmq_tcp,none,none,,1,25037,512,584,1785153461497598000,1785153461497598000,1785153461497598000,1785153461497599000,1785153461497773000,1785153461497776000,1785153461497776000,1785153461497776000,121932490,121652369,-106.121,0.000,0.000,1.000,3.000,0.000,0.000,42.000,0,0,0
B3_zmq_pushpull,zmq_tcp,none,none,,1,25038,512,584,1785153461498607000,1785153461498607000,1785153461498607000,1785153461498608000,1785153461498757000,1785153461498760000,1785153461498760000,1785153461498760000,121932490,121652369,-131.121,0.000,0.000,1.000,3.000,0.000,0.000,25.000,0,0,0
B3_zmq_pushpull,zmq_tcp,none,none,,1,25039,512,584,1785153461499604000,1785153461499605000,1785153461499605000,1785153461499606000,1785153461499756000,1785153461499759000,1785153461499759000,1785153461499759000,121932490,121652369,-130.121,1.000,0.000,1.000,3.000,0.000,0.000,1.000,0,0,0
B3_zmq_pushpull,zmq_tcp,none,none,,1,25040,512,584,1785153461500606000,1785153461500606000,1785153461500606000,1785153461500607000,1785153461500773000,1785153461500776000,1785153461500776000,1785153461500776000,121932490,121652369,-114.121,0.000,0.000,1.000,3.000,0.000,0.000,16.000,0,0,0
B3_zmq_pushpull,zmq_tcp,none,none,,1,25041,512,584,1785153461501605000,1785153461501605000,1785153461501605000,1785153461501606000,1785153461501776000,1785153461501779000,1785153461501779000,1785153461501779000,121932490,121652369,-110.121,0.000,0.000,1.000,3.000,0.000,0.000,4.000,0,0,0
B3_zmq_pushpull,zmq_tcp,none,none,,1,25042,512,584,1785153461502490000,1785153461502490000,1785153461502490000,1785153461502491000,1785153461502650000,1785153461502653000,1785153461502653000,1785153461502653000,121932490,121652369,-121.121,0.000,0.000,1.000,3.000,0.000,0.000,11.000,0,0,0
B3_zmq_pushpull,zmq_tcp,none,none,,1,25043,512,584,1785153461503635000,1785153461503635000,1785153461503635000,1785153461503636000,1785153461503786000,1785153461503789000,1785153461503789000,1785153461503789000,121932490,121652369,-130.121,0.000,0.000,1.000,3.000,0.000,0.000,9.000,0,0,0
B3_zmq_pushpull,zmq_tcp,none,none,,1,25044,512,584,1785153461504595000,1785153461504595000,1785153461504595000,1785153461504596000,1785153461504642000,1785153461504646000,1785153461504646000,1785153461504646000,121932490,121652369,-234.121,0.000,0.000,1.000,4.000,0.000,0.000,104.000,0,0,0
B3_zmq_pushpull,zmq_tcp,none,none,,1,25045,512,584,1785153461505608000,1785153461505608000,1785153461505608000,1785153461505609000,1785153461505773000,1785153461505776000,1785153461505776000,1785153461505776000,121932490,121652369,-116.121,0.000,0.000,1.000,3.000,0.000,0.000,118.000,0,0,0
B3_zmq_pushpull,zmq_tcp,none,none,,1,25046,512,584,1785153461506478000,1785153461506478000,1785153461506478000,1785153461506479000,1785153461506640000,1785153461506642000,1785153461506642000,1785153461506642000,121932490,121652369,-119.121,0.000,0.000,1.000,2.000,0.000,0.000,3.000,0,0,0
B3_zmq_pushpull,zmq_tcp,none,none,,1,25047,512,584,1785153461507639000,1785153461507639000,1785153461507639000,1785153461507640000,1785153461507798000,1785153461507800000,1785153461507800000,1785153461507800000,121932490,121652369,-122.121,0.000,0.000,1.000,2.000,0.000,0.000,3.000,0,0,0
B3_zmq_pushpull,zmq_tcp,none,none,,1,25048,512,584,1785153461508495000,1785153461508495000,1785153461508495000,1785153461508496000,1785153461508656000,1785153461508658000,1785153461508658000,1785153461508658000,121932490,121652369,-120.121,0.000,0.000,1.000,2.000,0.000,0.000,2.000,0,0,0
B3_zmq_pushpull,zmq_tcp,none,none,,1,25049,512,584,1785153461509636000,1785153461509637000,1785153461509637000,1785153461509638000,1785153461509798000,1785153461509801000,1785153461509801000,1785153461509801000,121932490,121652369,-120.121,1.000,0.000,1.000,3.000,0.000,0.000,0.000,0,0,0
B3_zmq_pushpull,zmq_tcp,none,none,,1,25050,512,584,1785153461510598000,1785153461510598000,1785153461510598000,1785153461510599000,1785153461510644000,1785153461510647000,1785153461510647000,1785153461510647000,121932490,121652369,-235.121,0.000,0.000,1.000,3.000,0.000,0.000,115.000,0,0,0
B3_zmq_pushpull,zmq_tcp,none,none,,1,25051,512,584,1785153461511608000,1785153461511608000,1785153461511608000,1785153461511609000,1785153461511663000,1785153461511666000,1785153461511666000,1785153461511666000,121932490,121652369,-226.121,0.000,0.000,1.000,3.000,0.000,0.000,9.000,0,0,0
B3_zmq_pushpull,zmq_tcp,none,none,,1,25052,512,584,1785153461512602000,1785153461512602000,1785153461512602000,1785153461512603000,1785153461512662000,1785153461512666000,1785153461512666000,1785153461512666000,121932490,121652369,-221.121,0.000,0.000,1.000,4.000,0.000,0.000,5.000,0,0,0
B3_zmq_pushpull,zmq_tcp,none,none,,1,25053,512,584,1785153461513505000,1785153461513505000,1785153461513505000,1785153461513506000,1785153461513656000,1785153461513659000,1785153461513659000,1785153461513659000,121932490,121652369,-130.121,0.000,0.000,1.000,3.000,0.000,0.000,91.000,0,0,0
B3_zmq_pushpull,zmq_tcp,none,none,,1,25054,512,584,1785153461514631000,1785153461514631000,1785153461514631000,1785153461514632000,1785153461514801000,1785153461514804000,1785153461514804000,1785153461514804000,121932490,121652369,-111.121,0.000,0.000,1.000,3.000,0.000,0.000,19.000,0,0,0
B3_zmq_pushpull,zmq_tcp,none,none,,1,25055,512,584,1785153461515487000,1785153461515487000,1785153461515488000,1785153461515488000,1785153461515648000,1785153461515650000,1785153461515650000,1785153461515650000,121932490,121652369,-120.121,0.000,1.000,0.000,2.000,0.000,0.000,9.000,0,0,0
B3_zmq_pushpull,zmq_tcp,none,none,,1,25056,512,584,1785153461516503000,1785153461516503000,1785153461516503000,1785153461516504000,1785153461516655000,1785153461516658000,1785153461516658000,1785153461516658000,121932490,121652369,-129.121,0.000,0.000,1.000,3.000,0.000,0.000,9.000,0,0,0
B3_zmq_pushpull,zmq_tcp,none,none,,1,25057,512,584,1785153461517518000,1785153461517518000,1785153461517518000,1785153461517519000,1785153461517674000,1785153461517677000,1785153461517677000,1785153461517677000,121932490,121652369,-125.121,0.000,0.000,1.000,3.000,0.000,0.000,4.000,0,0,0
B3_zmq_pushpull,zmq_tcp,none,none,,1,25058,512,584,1785153461518628000,1785153461518628000,1785153461518628000,1785153461518629000,1785153461518813000,1785153461518816000,1785153461518816000,1785153461518816000,121932490,121652369,-96.121,0.000,0.000,1.000,3.000,0.000,0.000,29.000,0,0,0
B3_zmq_pushpull,zmq_tcp,none,none,,1,25059,512,584,1785153461519514000,1785153461519514000,1785153461519514000,1785153461519515000,1785153461519670000,1785153461519672000,1785153461519672000,1785153461519672000,121932490,121652369,-125.121,0.000,0.000,1.000,2.000,0.000,0.000,29.000,0,0,0
B3_zmq_pushpull,zmq_tcp,none,none,,1,25060,512,584,1785153461520630000,1785153461520631000,1785153461520631000,1785153461520632000,1785153461520829000,1785153461520832000,1785153461520832000,1785153461520832000,121932490,121652369,-83.121,1.000,0.000,1.000,3.000,0.000,0.000,42.000,0,0,0
B3_zmq_pushpull,zmq_tcp,none,none,,1,25061,512,584,1785153461521525000,1785153461521525000,1785153461521525000,1785153461521526000,1785153461521685000,1785153461521688000,1785153461521688000,1785153461521688000,121932490,121652369,-121.121,0.000,0.000,1.000,3.000,0.000,0.000,38.000,0,0,0
B3_zmq_pushpull,zmq_tcp,none,none,,1,25062,512,584,1785153461522627000,1785153461522627000,1785153461522627000,1785153461522628000,1785153461522704000,1785153461522707000,1785153461522707000,1785153461522707000,121932490,121652369,-204.121,0.000,0.000,1.000,3.000,0.000,0.000,83.000,0,0,0
B3_zmq_pushpull,zmq_tcp,none,none,,1,25063,512,584,1785153461523415000,1785153461523415000,1785153461523415000,1785153461523416000,1785153461523564000,1785153461523566000,1785153461523566000,1785153461523566000,121932490,121652369,-132.121,0.000,0.000,1.000,2.000,0.000,0.000,72.000,0,0,0
B3_zmq_pushpull,zmq_tcp,none,none,,1,25064,512,584,1785153461524655000,1785153461524655000,1785153461524655000,1785153461524656000,1785153461524701000,1785153461524705000,1785153461524705000,1785153461524705000,121932490,121652369,-235.121,0.000,0.000,1.000,4.000,0.000,0.000,103.000,0,0,0
B3_zmq_pushpull,zmq_tcp,none,none,,1,25065,512,584,1785153461525594000,1785153461525594000,1785153461525594000,1785153461525595000,1785153461525692000,1785153461525694000,1785153461525694000,1785153461525694000,121932490,121652369,-183.121,0.000,0.000,1.000,2.000,0.000,0.000,52.000,0,0,0
B3_zmq_pushpull,zmq_tcp,none,none,,1,25066,512,584,1785153461526415000,1785153461526415000,1785153461526415000,1785153461526416000,1785153461526557000,1785153461526560000,1785153461526560000,1785153461526560000,121932490,121652369,-139.121,0.000,0.000,1.000,3.000,0.000,0.000,44.000,0,0,0
B3_zmq_pushpull,zmq_tcp,none,none,,1,25067,512,584,1785153461527413000,1785153461527413000,1785153461527413000,1785153461527414000,1785153461527574000,1785153461527577000,1785153461527577000,1785153461527577000,121932490,121652369,-120.121,0.000,0.000,1.000,3.000,0.000,0.000,19.000,0,0,0
B3_zmq_pushpull,zmq_tcp,none,none,,1,25068,512,584,1785153461528656000,1785153461528656000,1785153461528657000,1785153461528657000,1785153461528852000,1785153461528855000,1785153461528855000,1785153461528855000,121932490,121652369,-85.121,0.000,1.000,0.000,3.000,0.000,0.000,35.000,0,0,0
B3_zmq_pushpull,zmq_tcp,none,none,,1,25069,512,584,1785153461529592000,1785153461529592000,1785153461529592000,1785153461529593000,1785153461529732000,1785153461529734000,1785153461529734000,1785153461529734000,121932490,121652369,-141.121,0.000,0.000,1.000,2.000,0.000,0.000,56.000,0,0,0
B3_zmq_pushpull,zmq_tcp,none,none,,1,25070,512,584,1785153461530607000,1785153461530607000,1785153461530607000,1785153461530608000,1785153461530741000,1785153461530744000,1785153461530744000,1785153461530744000,121932490,121652369,-147.121,0.000,0.000,1.000,3.000,0.000,0.000,6.000,0,0,0
B3_zmq_pushpull,zmq_tcp,none,none,,1,25071,512,584,1785153461531605000,1785153461531605000,1785153461531605000,1785153461531606000,1785153461531726000,1785153461531729000,1785153461531729000,1785153461531729000,121932490,121652369,-160.121,0.000,0.000,1.000,3.000,0.000,0.000,13.000,0,0,0
B3_zmq_pushpull,zmq_tcp,none,none,,1,25072,512,584,1785153461532605000,1785153461532606000,1785153461532606000,1785153461532607000,1785153461532728000,1785153461532730000,1785153461532730000,1785153461532730000,121932490,121652369,-159.121,1.000,0.000,1.000,2.000,0.000,0.000,1.000,0,0,0
B3_zmq_pushpull,zmq_tcp,none,none,,1,25073,512,584,1785153461533605000,1785153461533606000,1785153461533606000,1785153461533607000,1785153461533711000,1785153461533713000,1785153461533713000,1785153461533713000,121932490,121652369,-176.121,1.000,0.000,1.000,2.000,0.000,0.000,17.000,0,0,0
B3_zmq_pushpull,zmq_tcp,none,none,,1,25074,512,584,1785153461534608000,1785153461534608000,1785153461534608000,1785153461534609000,1785153461534726000,1785153461534729000,1785153461534729000,1785153461534729000,121932490,121652369,-163.121,0.000,0.000,1.000,3.000,0.000,0.000,13.000,0,0,0
B3_zmq_pushpull,zmq_tcp,none,none,,1,25075,512,584,1785153461535605000,1785153461535605000,1785153461535605000,1785153461535606000,1785153461535726000,1785153461535729000,1785153461535729000,1785153461535729000,121932490,121652369,-160.121,0.000,0.000,1.000,3.000,0.000,0.000,3.000,0,0,0
B3_zmq_pushpull,zmq_tcp,none,none,,1,25076,512,584,1785153461536606000,1785153461536606000,1785153461536606000,1785153461536607000,1785153461536737000,1785153461536740000,1785153461536740000,1785153461536740000,121932490,121652369,-150.121,0.000,0.000,1.000,3.000,0.000,0.000,10.000,0,0,0
B3_zmq_pushpull,zmq_tcp,none,none,,1,25077,512,584,1785153461537602000,1785153461537602000,1785153461537602000,1785153461537603000,1785153461537741000,1785153461537744000,1785153461537744000,1785153461537744000,121932490,121652369,-142.121,0.000,0.000,1.000,3.000,0.000,0.000,8.000,0,0,0
B3_zmq_pushpull,zmq_tcp,none,none,,1,25078,512,584,1785153461538607000,1785153461538607000,1785153461538607000,1785153461538608000,1785153461538742000,1785153461538746000,1785153461538746000,1785153461538746000,121932490,121652369,-146.121,0.000,0.000,1.000,4.000,0.000,0.000,4.000,0,0,0
B3_zmq_pushpull,zmq_tcp,none,none,,1,25079,512,584,1785153461539605000,1785153461539605000,1785153461539606000,1785153461539606000,1785153461539732000,1785153461539734000,1785153461539734000,1785153461539734000,121932490,121652369,-154.121,0.000,1.000,0.000,2.000,0.000,0.000,8.000,0,0,0
B3_zmq_pushpull,zmq_tcp,none,none,,1,25080,512,584,1785153461540606000,1785153461540606000,1785153461540606000,1785153461540607000,1785153461540744000,1785153461540746000,1785153461540746000,1785153461540746000,121932490,121652369,-143.121,0.000,0.000,1.000,2.000,0.000,0.000,11.000,0,0,0
B3_zmq_pushpull,zmq_tcp,none,none,,1,25081,512,584,1785153461541602000,1785153461541602000,1785153461541602000,1785153461541603000,1785153461541752000,1785153461541754000,1785153461541754000,1785153461541755000,121932490,121652369,-131.121,0.000,0.000,1.000,2.000,0.000,1.000,12.000,0,0,0
B3_zmq_pushpull,zmq_tcp,none,none,,1,25082,512,584,1785153461542466000,1785153461542466000,1785153461542466000,1785153461542467000,1785153461542628000,1785153461542630000,1785153461542631000,1785153461542631000,121932490,121652369,-119.121,0.000,0.000,1.000,2.000,1.000,0.000,12.000,0,0,0
B3_zmq_pushpull,zmq_tcp,none,none,,1,25083,512,584,1785153461543640000,1785153461543640000,1785153461543640000,1785153461543641000,1785153461543773000,1785153461543776000,1785153461543776000,1785153461543776000,121932490,121652369,-148.121,0.000,0.000,1.000,3.000,0.000,0.000,29.000,0,0,0
B3_zmq_pushpull,zmq_tcp,none,none,,1,25084,512,584,1785153461544598000,1785153461544598000,1785153461544598000,1785153461544599000,1785153461544769000,1785153461544773000,1785153461544773000,1785153461544773000,121932490,121652369,-110.121,0.000,0.000,1.000,4.000,0.000,0.000,38.000,0,0,0
B3_zmq_pushpull,zmq_tcp,none,none,,1,25085,512,584,1785153461545474000,1785153461545474000,1785153461545474000,1785153461545475000,1785153461545629000,1785153461545632000,1785153461545632000,1785153461545632000,121932490,121652369,-126.121,0.000,0.000,1.000,3.000,0.000,0.000,16.000,0,0,0
B3_zmq_pushpull,zmq_tcp,none,none,,1,25086,512,584,1785153461546639000,1785153461546639000,1785153461546639000,1785153461546640000,1785153461546769000,1785153461546772000,1785153461546772000,1785153461546772000,121932490,121652369,-151.121,0.000,0.000,1.000,3.000,0.000,0.000,25.000,0,0,0
B3_zmq_pushpull,zmq_tcp,none,none,,1,25087,512,584,1785153461547598000,1785153461547599000,1785153461547599000,1785153461547600000,1785153461547781000,1785153461547784000,1785153461547784000,1785153461547784000,121932490,121652369,-99.121,1.000,0.000,1.000,3.000,0.000,0.000,52.000,0,0,0
B3_zmq_pushpull,zmq_tcp,none,none,,1,25088,512,584,1785153461548498000,1785153461548499000,1785153461548499000,1785153461548500000,1785153461548660000,1785153461548662000,1785153461548662000,1785153461548662000,121932490,121652369,-120.121,1.000,0.000,1.000,2.000,0.000,0.000,21.000,0,0,0
B3_zmq_pushpull,zmq_tcp,none,none,,1,25089,512,584,1785153461549632000,1785153461549633000,1785153461549633000,1785153461549634000,1785153461549813000,1785153461549816000,1785153461549816000,1785153461549816000,121932490,121652369,-101.121,1.000,0.000,1.000,3.000,0.000,0.000,19.000,0,0,0
B3_zmq_pushpull,zmq_tcp,none,none,,1,25090,512,584,1785153461550524000,1785153461550524000,1785153461550524000,1785153461550525000,1785153461550676000,1785153461550679000,1785153461550679000,1785153461550679000,121932490,121652369,-129.121,0.000,0.000,1.000,3.000,0.000,0.000,28.000,0,0,0
B3_zmq_pushpull,zmq_tcp,none,none,,1,25091,512,584,1785153461551628000,1785153461551628000,1785153461551628000,1785153461551629000,1785153461551811000,1785153461551814000,1785153461551814000,1785153461551814000,121932490,121652369,-98.121,0.000,0.000,1.000,3.000,0.000,0.000,31.000,0,0,0
B3_zmq_pushpull,zmq_tcp,none,none,,1,25092,512,584,1785153461552597000,1785153461552598000,1785153461552598000,1785153461552599000,1785153461552667000,1785153461552669000,1785153461552669000,1785153461552669000,121932490,121652369,-212.121,1.000,0.000,1.000,2.000,0.000,0.000,114.000,0,0,0
B3_zmq_pushpull,zmq_tcp,none,none,,1,25093,512,584,1785153461553608000,1785153461553609000,1785153461553609000,1785153461553610000,1785153461553656000,1785153461553659000,1785153461553659000,1785153461553659000,121932490,121652369,-234.121,1.000,0.000,1.000,3.000,0.000,0.000,22.000,0,0,0
B3_zmq_pushpull,zmq_tcp,none,none,,1,25094,512,584,1785153461554606000,1785153461554607000,1785153461554607000,1785153461554608000,1785153461554656000,1785153461554660000,1785153461554660000,1785153461554660000,121932490,121652369,-232.121,1.000,0.000,1.000,4.000,0.000,0.000,2.000,0,0,0
B3_zmq_pushpull,zmq_tcp,none,none,,1,25095,512,584,1785153461555606000,1785153461555606000,1785153461555606000,1785153461555607000,1785153461555665000,1785153461555667000,1785153461555667000,1785153461555667000,121932490,121652369,-222.121,0.000,0.000,1.000,2.000,0.000,0.000,10.000,0,0,0
B3_zmq_pushpull,zmq_tcp,none,none,,1,25096,512,584,1785153461556515000,1785153461556515000,1785153461556515000,1785153461556516000,1785153461556675000,1785153461556677000,1785153461556677000,1785153461556677000,121932490,121652369,-121.121,0.000,0.000,1.000,2.000,0.000,0.000,101.000,0,0,0
B3_zmq_pushpull,zmq_tcp,none,none,,1,25097,512,584,1785153461557518000,1785153461557519000,1785153461557519000,1785153461557520000,1785153461557681000,1785153461557684000,1785153461557684000,1785153461557684000,121932490,121652369,-119.121,1.000,0.000,1.000,3.000,0.000,0.000,2.000,0,0,0
B3_zmq_pushpull,zmq_tcp,none,none,,1,25098,512,584,1785153461558627000,1785153461558627000,1785153461558628000,1785153461558628000,1785153461558687000,1785153461558690000,1785153461558690000,1785153461558690000,121932490,121652369,-221.121,0.000,1.000,0.000,3.000,0.000,0.000,102.000,0,0,0
B3_zmq_pushpull,zmq_tcp,none,none,,1,25099,512,584,1785153461559596000,1785153461559597000,1785153461559597000,1785153461559598000,1785153461559689000,1785153461559692000,1785153461559692000,1785153461559692000,121932490,121652369,-189.121,1.000,0.000,1.000,3.000,0.000,0.000,32.000,0,0,0
B3_zmq_pushpull,zmq_tcp,none,none,,1,25100,512,584,1785153461560534000,1785153461560534000,1785153461560534000,1785153461560535000,1785153461560685000,1785153461560688000,1785153461560688000,1785153461560689000,121932490,121652369,-130.121,0.000,0.000,1.000,3.000,0.000,1.000,59.000,0,0,0
B3_zmq_pushpull,zmq_tcp,none,none,,1,25101,512,584,1785153461561532000,1785153461561532000,1785153461561532000,1785153461561533000,1785153461561681000,1785153461561684000,1785153461561684000,1785153461561684000,121932490,121652369,-132.121,0.000,0.000,1.000,3.000,0.000,0.000,2.000,0,0,0
B3_zmq_pushpull,zmq_tcp,none,none,,1,25102,512,584,1785153461562624000,1785153461562625000,1785153461562625000,1785153461562626000,1785153461562693000,1785153461562697000,1785153461562697000,1785153461562697000,121932490,121652369,-213.121,1.000,0.000,1.000,4.000,0.000,0.000,81.000,0,0,0
B3_zmq_pushpull,zmq_tcp,none,none,,1,25103,512,584,1785153461563600000,1785153461563600000,1785153461563600000,1785153461563601000,1785153461563697000,1785153461563700000,1785153461563700000,1785153461563700000,121932490,121652369,-184.121,0.000,0.000,1.000,3.000,0.000,0.000,29.000,0,0,0
B3_zmq_pushpull,zmq_tcp,none,none,,1,25104,512,584,1785153461564608000,1785153461564608000,1785153461564608000,1785153461564609000,1785153461564715000,1785153461564718000,1785153461564718000,1785153461564718000,121932490,121652369,-174.121,0.000,0.000,1.000,3.000,0.000,0.000,10.000,0,0,0
B3_zmq_pushpull,zmq_tcp,none,none,,1,25105,512,584,1785153461565606000,1785153461565606000,1785153461565606000,1785153461565607000,1785153461565719000,1785153461565724000,1785153461565724000,1785153461565724000,121932490,121652369,-168.121,0.000,0.000,1.000,5.000,0.000,0.000,6.000,0,0,0
B3_zmq_pushpull,zmq_tcp,none,none,,1,25106,512,584,1785153461566606000,1785153461566606000,1785153461566606000,1785153461566607000,1785153461566717000,1785153461566720000,1785153461566720000,1785153461566720000,121932490,121652369,-170.121,0.000,0.000,1.000,3.000,0.000,0.000,2.000,0,0,0
B3_zmq_pushpull,zmq_tcp,none,none,,1,25107,512,584,1785153461567603000,1785153461567603000,1785153461567603000,1785153461567604000,1785153461567715000,1785153461567718000,1785153461567718000,1785153461567718000,121932490,121652369,-169.121,0.000,0.000,1.000,3.000,0.000,0.000,1.000,0,0,0
B3_zmq_pushpull,zmq_tcp,none,none,,1,25108,512,584,1785153461568607000,1785153461568607000,1785153461568607000,1785153461568608000,1785153461568724000,1785153461568727000,1785153461568727000,1785153461568727000,121932490,121652369,-164.121,0.000,0.000,1.000,3.000,0.000,0.000,5.000,0,0,0
B3_zmq_pushpull,zmq_tcp,none,none,,1,25109,512,584,1785153461569604000,1785153461569604000,1785153461569604000,1785153461569605000,1785153461569739000,1785153461569741000,1785153461569741000,1785153461569741000,121932490,121652369,-146.121,0.000,0.000,1.000,2.000,0.000,0.000,18.000,0,0,0
B3_zmq_pushpull,zmq_tcp,none,none,,1,25110,512,584,1785153461570606000,1785153461570606000,1785153461570606000,1785153461570607000,1785153461570751000,1785153461570753000,1785153461570753000,1785153461570753000,121932490,121652369,-136.121,0.000,0.000,1.000,2.000,0.000,0.000,10.000,0,0,0
B3_zmq_pushpull,zmq_tcp,none,none,,1,25111,512,584,1785153461571605000,1785153461571605000,1785153461571605000,1785153461571606000,1785153461571747000,1785153461571750000,1785153461571750000,1785153461571750000,121932490,121652369,-139.121,0.000,0.000,1.000,3.000,0.000,0.000,3.000,0,0,0
B3_zmq_pushpull,zmq_tcp,none,none,,1,25112,512,584,1785153461572605000,1785153461572605000,1785153461572606000,1785153461572607000,1785153461572761000,1785153461572764000,1785153461572764000,1785153461572764000,121932490,121652369,-126.121,0.000,1.000,1.000,3.000,0.000,0.000,13.000,0,0,0
B3_zmq_pushpull,zmq_tcp,none,none,,1,25113,512,584,1785153461573606000,1785153461573606000,1785153461573606000,1785153461573607000,1785153461573780000,1785153461573783000,1785153461573783000,1785153461573783000,121932490,121652369,-107.121,0.000,0.000,1.000,3.000,0.000,0.000,19.000,0,0,0
B3_zmq_pushpull,zmq_tcp,none,none,,1,25114,512,584,1785153461574606000,1785153461574606000,1785153461574606000,1785153461574607000,1785153461574775000,1785153461574777000,1785153461574777000,1785153461574777000,121932490,121652369,-112.121,0.000,0.000,1.000,2.000,0.000,0.000,5.000,0,0,0
B3_zmq_pushpull,zmq_tcp,none,none,,1,25115,512,584,1785153461575469000,1785153461575469000,1785153461575469000,1785153461575470000,1785153461575623000,1785153461575626000,1785153461575626000,1785153461575626000,121932490,121652369,-127.121,0.000,0.000,1.000,3.000,0.000,0.000,15.000,0,0,0
B3_zmq_pushpull,zmq_tcp,none,none,,1,25116,512,584,1785153461576461000,1785153461576461000,1785153461576461000,1785153461576462000,1785153461576621000,1785153461576624000,1785153461576624000,1785153461576624000,121932490,121652369,-121.121,0.000,0.000,1.000,3.000,0.000,0.000,6.000,0,0,0
B3_zmq_pushpull,zmq_tcp,none,none,,1,25117,512,584,1785153461577453000,1785153461577453000,1785153461577453000,1785153461577454000,1785153461577611000,1785153461577614000,1785153461577614000,1785153461577614000,121932490,121652369,-123.121,0.000,0.000,1.000,3.000,0.000,0.000,2.000,0,0,0
B3_zmq_pushpull,zmq_tcp,none,none,,1,25118,512,584,1785153461578448000,1785153461578448000,1785153461578448000,1785153461578449000,1785153461578604000,1785153461578607000,1785153461578607000,1785153461578607000,121932490,121652369,-125.121,0.000,0.000,1.000,3.000,0.000,0.000,2.000,0,0,0
B3_zmq_pushpull,zmq_tcp,none,none,,1,25119,512,584,1785153461579431000,1785153461579431000,1785153461579431000,1785153461579433000,1785153461579577000,1785153461579580000,1785153461579580000,1785153461579580000,121932490,121652369,-136.121,0.000,0.000,2.000,3.000,0.000,0.000,11.000,0,0,0
B3_zmq_pushpull,zmq_tcp,none,none,,1,25120,512,584,1785153461580649000,1785153461580649000,1785153461580649000,1785153461580650000,1785153461580698000,1785153461580701000,1785153461580701000,1785153461580701000,121932490,121652369,-232.121,0.000,0.000,1.000,3.000,0.000,0.000,96.000,0,0,0
B3_zmq_pushpull,zmq_tcp,none,none,,1,25121,512,584,1785153461581505000,1785153461581505000,1785153461581505000,1785153461581506000,1785153461581650000,1785153461581652000,1785153461581653000,1785153461581653000,121932490,121652369,-136.121,0.000,0.000,1.000,2.000,1.000,0.000,96.000,0,0,0
B3_zmq_pushpull,zmq_tcp,none,none,,1,25122,512,584,1785153461582488000,1785153461582488000,1785153461582488000,1785153461582489000,1785153461582643000,1785153461582646000,1785153461582646000,1785153461582646000,121932490,121652369,-126.121,0.000,0.000,1.000,3.000,0.000,0.000,10.000,0,0,0
B3_zmq_pushpull,zmq_tcp,none,none,,1,25123,512,584,1785153461583464000,1785153461583464000,1785153461583464000,1785153461583465000,1785153461583620000,1785153461583623000,1785153461583623000,1785153461583623000,121932490,121652369,-125.121,0.000,0.000,1.000,3.000,0.000,0.000,1.000,0,0,0
B3_zmq_pushpull,zmq_tcp,none,none,,1,25124,512,584,1785153461584468000,1785153461584468000,1785153461584468000,1785153461584470000,1785153461584615000,1785153461584618000,1785153461584618000,1785153461584618000,121932490,121652369,-135.121,0.000,0.000,2.000,3.000,0.000,0.000,10.000,0,0,0
B3_zmq_pushpull,zmq_tcp,none,none,,1,25125,512,584,1785153461585642000,1785153461585642000,1785153461585642000,1785153461585643000,1785153461585755000,1785153461585758000,1785153461585758000,1785153461585758000,121932490,121652369,-168.121,0.000,0.000,1.000,3.000,0.000,0.000,33.000,0,0,0
B3_zmq_pushpull,zmq_tcp,none,none,,1,25126,512,584,1785153461586593000,1785153461586593000,1785153461586593000,1785153461586594000,1785153461586718000,1785153461586721000,1785153461586721000,1785153461586721000,121932490,121652369,-156.121,0.000,0.000,1.000,3.000,0.000,0.000,12.000,0,0,0
B3_zmq_pushpull,zmq_tcp,none,none,,1,25127,512,584,1785153461587609000,1785153461587609000,1785153461587609000,1785153461587610000,1785153461587684000,1785153461587687000,1785153461587687000,1785153461587687000,121932490,121652369,-206.121,0.000,0.000,1.000,3.000,0.000,0.000,50.000,0,0,0
B3_zmq_pushpull,zmq_tcp,none,none,,1,25128,512,584,1785153461588605000,1785153461588605000,1785153461588605000,1785153461588606000,1785153461588670000,1785153461588672000,1785153461588672000,1785153461588672000,121932490,121652369,-216.121,0.000,0.000,1.000,2.000,0.000,0.000,10.000,0,0,0
B3_zmq_pushpull,zmq_tcp,none,none,,1,25129,512,584,1785153461589606000,1785153461589606000,1785153461589606000,1785153461589607000,1785153461589778000,1785153461589780000,1785153461589780000,1785153461589780000,121932490,121652369,-109.121,0.000,0.000,1.000,2.000,0.000,0.000,107.000,0,0,0
B3_zmq_pushpull,zmq_tcp,none,none,,1,25130,512,584,1785153461590602000,1785153461590602000,1785153461590602000,1785153461590603000,1785153461590763000,1785153461590765000,1785153461590765000,1785153461590765000,121932490,121652369,-120.121,0.000,0.000,1.000,2.000,0.000,0.000,11.000,0,0,0
B3_zmq_pushpull,zmq_tcp,none,none,,1,25131,512,584,1785153461591606000,1785153461591607000,1785153461591607000,1785153461591608000,1785153461591749000,1785153461591752000,1785153461591752000,1785153461591752000,121932490,121652369,-139.121,1.000,0.000,1.000,3.000,0.000,0.000,19.000,0,0,0
B3_zmq_pushpull,zmq_tcp,none,none,,1,25132,512,584,1785153461592605000,1785153461592605000,1785153461592605000,1785153461592606000,1785153461592735000,1785153461592738000,1785153461592738000,1785153461592738000,121932490,121652369,-151.121,0.000,0.000,1.000,3.000,0.000,0.000,12.000,0,0,0
B3_zmq_pushpull,zmq_tcp,none,none,,1,25133,512,584,1785153461593605000,1785153461593606000,1785153461593606000,1785153461593607000,1785153461593704000,1785153461593707000,1785153461593707000,1785153461593707000,121932490,121652369,-183.121,1.000,0.000,1.000,3.000,0.000,0.000,32.000,0,0,0
B3_zmq_pushpull,zmq_tcp,none,none,,1,25134,512,584,1785153461594602000,1785153461594602000,1785153461594602000,1785153461594603000,1785153461594671000,1785153461594674000,1785153461594674000,1785153461594674000,121932490,121652369,-212.121,0.000,0.000,1.000,3.000,0.000,0.000,29.000,0,0,0
B3_zmq_pushpull,zmq_tcp,none,none,,1,25135,512,584,1785153461595606000,1785153461595606000,1785153461595606000,1785153461595607000,1785153461595651000,1785153461595654000,1785153461595654000,1785153461595654000,121932490,121652369,-236.121,0.000,0.000,1.000,3.000,0.000,0.000,24.000,0,0,0
B3_zmq_pushpull,zmq_tcp,none,none,,1,25136,512,584,1785153461596606000,1785153461596606000,1785153461596606000,1785153461596607000,1785153461596764000,1785153461596773000,1785153461596773000,1785153461596773000,121932490,121652369,-123.121,0.000,0.000,1.000,9.000,0.000,0.000,113.000,0,0,0
B3_zmq_pushpull,zmq_tcp,none,none,,1,25137,512,584,1785153461597605000,1785153461597605000,1785153461597605000,1785153461597606000,1785153461597766000,1785153461597768000,1785153461597769000,1785153461597769000,121932490,121652369,-120.121,0.000,0.000,1.000,2.000,1.000,0.000,3.000,0,0,0
B3_zmq_pushpull,zmq_tcp,none,none,,1,25138,512,584,1785153461598457000,1785153461598457000,1785153461598457000,1785153461598458000,1785153461598606000,1785153461598613000,1785153461598613000,1785153461598613000,121932490,121652369,-132.121,0.000,0.000,1.000,7.000,0.000,0.000,12.000,0,0,0
B3_zmq_pushpull,zmq_tcp,none,none,,1,25139,512,584,1785153461599446000,1785153461599446000,1785153461599446000,1785153461599447000,1785153461599603000,1785153461599606000,1785153461599606000,1785153461599606000,121932490,121652369,-124.121,0.000,0.000,1.000,3.000,0.000,0.000,8.000,0,0,0
B3_zmq_pushpull,zmq_tcp,none,none,,1,25140,512,584,1785153461600645000,1785153461600645000,1785153461600645000,1785153461600646000,1785153461600712000,1785153461600715000,1785153461600715000,1785153461600715000,121932490,121652369,-214.121,0.000,0.000,1.000,3.000,0.000,0.000,90.000,0,0,0
B3_zmq_pushpull,zmq_tcp,none,none,,1,25141,512,584,1785153461601593000,1785153461601593000,1785153461601593000,1785153461601594000,1785153461601680000,1785153461601683000,1785153461601683000,1785153461601683000,121932490,121652369,-194.121,0.000,0.000,1.000,3.000,0.000,0.000,20.000,0,0,0
B3_zmq_pushpull,zmq_tcp,none,none,,1,25142,512,584,1785153461602609000,1785153461602609000,1785153461602609000,1785153461602610000,1785153461602655000,1785153461602658000,1785153461602658000,1785153461602658000,121932490,121652369,-235.121,0.000,0.000,1.000,3.000,0.000,0.000,41.000,0,0,0
B3_zmq_pushpull,zmq_tcp,none,none,,1,25143,512,584,1785153461603609000,1785153461603609000,1785153461603609000,1785153461603610000,1785153461603777000,1785153461603779000,1785153461603779000,1785153461603779000,121932490,121652369,-113.121,0.000,0.000,1.000,2.000,0.000,0.000,122.000,0,0,0
B3_zmq_pushpull,zmq_tcp,none,none,,1,25144,512,584,1785153461604604000,1785153461604604000,1785153461604604000,1785153461604605000,1785153461604760000,1785153461604763000,1785153461604763000,1785153461604763000,121932490,121652369,-125.121,0.000,0.000,1.000,3.000,0.000,0.000,12.000,0,0,0
B3_zmq_pushpull,zmq_tcp,none,none,,1,25145,512,584,1785153461605463000,1785153461605463000,1785153461605463000,1785153461605464000,1785153461605623000,1785153461605626000,1785153461605626000,1785153461605626000,121932490,121652369,-121.121,0.000,0.000,1.000,3.000,0.000,0.000,4.000,0,0,0
B3_zmq_pushpull,zmq_tcp,none,none,,1,25146,512,584,1785153461606641000,1785153461606641000,1785153461606641000,1785153461606642000,1785153461606723000,1785153461606726000,1785153461606726000,1785153461606726000,121932490,121652369,-199.121,0.000,0.000,1.000,3.000,0.000,0.000,78.000,0,0,0
B3_zmq_pushpull,zmq_tcp,none,none,,1,25147,512,584,1785153461607595000,1785153461607595000,1785153461607596000,1785153461607596000,1785153461607718000,1785153461607721000,1785153461607721000,1785153461607721000,121932490,121652369,-158.121,0.000,1.000,0.000,3.000,0.000,0.000,41.000,0,0,0
B3_zmq_pushpull,zmq_tcp,none,none,,1,25148,512,584,1785153461608608000,1785153461608608000,1785153461608608000,1785153461608609000,1785153461608698000,1785153461608701000,1785153461608701000,1785153461608701000,121932490,121652369,-191.121,0.000,0.000,1.000,3.000,0.000,0.000,33.000,0,0,0
B3_zmq_pushpull,zmq_tcp,none,none,,1,25149,512,584,1785153461609512000,1785153461609512000,1785153461609512000,1785153461609513000,1785153461609663000,1785153461609666000,1785153461609666000,1785153461609666000,121932490,121652369,-130.121,0.000,0.000,1.000,3.000,0.000,0.000,61.000,0,0,0
B3_zmq_pushpull,zmq_tcp,none,none,,1,25150,512,584,1785153461610489000,1785153461610489000,1785153461610489000,1785153461610490000,1785153461610637000,1785153461610640000,1785153461610640000,1785153461610640000,121932490,121652369,-133.121,0.000,0.000,1.000,3.000,0.000,0.000,3.000,0,0,0
B3_zmq_pushpull,zmq_tcp,none,none,,1,25151,512,584,1785153461611470000,1785153461611470000,1785153461611470000,1785153461611471000,1785153461611627000,1785153461611630000,1785153461611630000,1785153461611630000,121932490,121652369,-124.121,0.000,0.000,1.000,3.000,0.000,0.000,9.000,0,0,0
B3_zmq_pushpull,zmq_tcp,none,none,,1,25152,512,584,1785153461612458000,1785153461612458000,1785153461612459000,1785153461612459000,1785153461612618000,1785153461612620000,1785153461612620000,1785153461612620000,121932490,121652369,-121.121,0.000,1.000,0.000,2.000,0.000,0.000,3.000,0,0,0
B3_zmq_pushpull,zmq_tcp,none,none,,1,25153,512,584,1785153461613643000,1785153461613643000,1785153461613643000,1785153461613644000,1785153461613735000,1785153461613738000,1785153461613738000,1785153461613738000,121932490,121652369,-189.121,0.000,0.000,1.000,3.000,0.000,0.000,68.000,0,0,0
B3_zmq_pushpull,zmq_tcp,none,none,,1,25154,512,584,1785153461614595000,1785153461614595000,1785153461614596000,1785153461614596000,1785153461614696000,1785153461614699000,1785153461614699000,1785153461614699000,121932490,121652369,-180.121,0.000,1.000,0.000,3.000,0.000,0.000,9.000,0,0,0
B3_zmq_pushpull,zmq_tcp,none,none,,1,25155,512,584,1785153461615607000,1785153461615607000,1785153461615608000,1785153461615608000,1785153461615658000,1785153461615661000,1785153461615661000,1785153461615661000,121932490,121652369,-230.121,0.000,1.000,0.000,3.000,0.000,0.000,50.000,0,0,0
B3_zmq_pushpull,zmq_tcp,none,none,,1,25156,512,584,1785153461616601000,1785153461616601000,1785153461616601000,1785153461616602000,1785153461616645000,1785153461616648000,1785153461616649000,1785153461616649000,121932490,121652369,-237.121,0.000,0.000,1.000,3.000,1.000,0.000,7.000,0,0,0
B3_zmq_pushpull,zmq_tcp,none,none,,1,25157,512,584,1785153461617474000,1785153461617474000,1785153461617474000,1785153461617475000,1785153461617630000,1785153461617633000,1785153461617633000,1785153461617633000,121932490,121652369,-125.121,0.000,0.000,1.000,3.000,0.000,0.000,112.000,0,0,0
B3_zmq_pushpull,zmq_tcp,none,none,,1,25158,512,584,1785153461618641000,1785153461618641000,1785153461618641000,1785153461618642000,1785153461618754000,1785153461618756000,1785153461618756000,1785153461618756000,121932490,121652369,-168.121,0.000,0.000,1.000,2.000,0.000,0.000,43.000,0,0,0
B3_zmq_pushpull,zmq_tcp,none,none,,1,25159,512,584,1785153461619597000,1785153461619597000,1785153461619597000,1785153461619598000,1785153461619760000,1785153461619763000,1785153461619763000,1785153461619763000,121932490,121652369,-118.121,0.000,0.000,1.000,3.000,0.000,0.000,50.000,0,0,0
B3_zmq_pushpull,zmq_tcp,none,none,,1,25160,512,584,1785153461620607000,1785153461620608000,1785153461620608000,1785153461620608000,1785153461620740000,1785153461620743000,1785153461620743000,1785153461620743000,121932490,121652369,-148.121,1.000,0.000,0.000,3.000,0.000,0.000,30.000,0,0,0
B3_zmq_pushpull,zmq_tcp,none,none,,1,25161,512,584,1785153461621605000,1785153461621605000,1785153461621605000,1785153461621606000,1785153461621723000,1785153461621729000,1785153461621729000,1785153461621729000,121932490,121652369,-163.121,0.000,0.000,1.000,6.000,0.000,0.000,15.000,0,0,0
B3_zmq_pushpull,zmq_tcp,none,none,,1,25162,512,584,1785153461622426000,1785153461622427000,1785153461622427000,1785153461622428000,1785153461622579000,1785153461622582000,1785153461622582000,1785153461622582000,121932490,121652369,-129.121,1.000,0.000,1.000,3.000,0.000,0.000,34.000,0,0,0
B3_zmq_pushpull,zmq_tcp,none,none,,1,25163,512,584,1785153461623407000,1785153461623407000,1785153461623407000,1785153461623408000,1785153461623546000,1785153461623549000,1785153461623549000,1785153461623549000,121932490,121652369,-142.121,0.000,0.000,1.000,3.000,0.000,0.000,13.000,0,0,0
B3_zmq_pushpull,zmq_tcp,none,none,,1,25164,512,584,1785153461624535000,1785153461624535000,1785153461624535000,1785153461624536000,1785153461624694000,1785153461624696000,1785153461624696000,1785153461624696000,121932490,121652369,-122.121,0.000,0.000,1.000,2.000,0.000,0.000,20.000,0,0,0
B3_zmq_pushpull,zmq_tcp,none,none,,1,25165,512,584,1785153461625624000,1785153461625624000,1785153461625624000,1785153461625625000,1785153461625827000,1785153461625830000,1785153461625830000,1785153461625830000,121932490,121652369,-78.121,0.000,0.000,1.000,3.000,0.000,0.000,44.000,0,0,0
B3_zmq_pushpull,zmq_tcp,none,none,,1,25166,512,584,1785153461626597000,1785153461626597000,1785153461626597000,1785153461626598000,1785153461626679000,1785153461626682000,1785153461626682000,1785153461626682000,121932490,121652369,-199.121,0.000,0.000,1.000,3.000,0.000,0.000,121.000,0,0,0
B3_zmq_pushpull,zmq_tcp,none,none,,1,25167,512,584,1785153461627610000,1785153461627610000,1785153461627610000,1785153461627611000,1785153461627670000,1785153461627672000,1785153461627672000,1785153461627672000,121932490,121652369,-221.121,0.000,0.000,1.000,2.000,0.000,0.000,22.000,0,0,0
B3_zmq_pushpull,zmq_tcp,none,none,,1,25168,512,584,1785153461628604000,1785153461628604000,1785153461628604000,1785153461628605000,1785153461628651000,1785153461628655000,1785153461628655000,1785153461628655000,121932490,121652369,-234.121,0.000,0.000,1.000,4.000,0.000,0.000,13.000,0,0,0
B3_zmq_pushpull,zmq_tcp,none,none,,1,25169,512,584,1785153461629480000,1785153461629480000,1785153461629480000,1785153461629481000,1785153461629634000,1785153461629636000,1785153461629636000,1785153461629637000,121932490,121652369,-127.121,0.000,0.000,1.000,2.000,0.000,1.000,107.000,0,0,0
B3_zmq_pushpull,zmq_tcp,none,none,,1,25170,512,584,1785153461630449000,1785153461630449000,1785153461630449000,1785153461630450000,1785153461630602000,1785153461630604000,1785153461630604000,1785153461630604000,121932490,121652369,-128.121,0.000,0.000,1.000,2.000,0.000,0.000,1.000,0,0,0
B3_zmq_pushpull,zmq_tcp,none,none,,1,25171,512,584,1785153461631447000,1785153461631447000,1785153461631447000,1785153461631448000,1785153461631581000,1785153461631583000,1785153461631583000,1785153461631583000,121932490,121652369,-147.121,0.000,0.000,1.000,2.000,0.000,0.000,19.000,0,0,0
B3_zmq_pushpull,zmq_tcp,none,none,,1,25172,512,584,1785153461632646000,1785153461632646000,1785153461632646000,1785153461632647000,1785153461632843000,1785153461632846000,1785153461632846000,1785153461632846000,121932490,121652369,-84.121,0.000,0.000,1.000,3.000,0.000,0.000,63.000,0,0,0
B3_zmq_pushpull,zmq_tcp,none,none,,1,25173,512,584,1785153461633593000,1785153461633594000,1785153461633594000,1785153461633595000,1785153461633691000,1785153461633694000,1785153461633694000,1785153461633694000,121932490,121652369,-184.121,1.000,0.000,1.000,3.000,0.000,0.000,100.000,0,0,0
B3_zmq_pushpull,zmq_tcp,none,none,,1,25174,512,584,1785153461634609000,1785153461634609000,1785153461634609000,1785153461634610000,1785153461634696000,1785153461634699000,1785153461634699000,1785153461634699000,121932490,121652369,-194.121,0.000,0.000,1.000,3.000,0.000,0.000,10.000,0,0,0
B3_zmq_pushpull,zmq_tcp,none,none,,1,25175,512,584,1785153461635604000,1785153461635604000,1785153461635604000,1785153461635605000,1785153461635691000,1785153461635694000,1785153461635694000,1785153461635694000,121932490,121652369,-194.121,0.000,0.000,1.000,3.000,0.000,0.000,0.000,0,0,0
B3_zmq_pushpull,zmq_tcp,none,none,,1,25176,512,584,1785153461636606000,1785153461636606000,1785153461636606000,1785153461636607000,1785153461636670000,1785153461636673000,1785153461636673000,1785153461636673000,121932490,121652369,-217.121,0.000,0.000,1.000,3.000,0.000,0.000,23.000,0,0,0
B3_zmq_pushpull,zmq_tcp,none,none,,1,25177,512,584,1785153461637602000,1785153461637602000,1785153461637602000,1785153461637603000,1785153461637649000,1785153461637653000,1785153461637653000,1785153461637653000,121932490,121652369,-234.121,0.000,0.000,1.000,4.000,0.000,0.000,17.000,0,0,0
B3_zmq_pushpull,zmq_tcp,none,none,,1,25178,512,584,1785153461638606000,1785153461638606000,1785153461638606000,1785153461638607000,1785153461638657000,1785153461638660000,1785153461638660000,1785153461638660000,121932490,121652369,-230.121,0.000,0.000,1.000,3.000,0.000,0.000,4.000,0,0,0
B3_zmq_pushpull,zmq_tcp,none,none,,1,25179,512,584,1785153461639605000,1785153461639605000,1785153461639605000,1785153461639606000,1785153461639770000,1785153461639773000,1785153461639773000,1785153461639773000,121932490,121652369,-116.121,0.000,0.000,1.000,3.000,0.000,0.000,114.000,0,0,0
B3_zmq_pushpull,zmq_tcp,none,none,,1,25180,512,584,1785153461640606000,1785153461640606000,1785153461640606000,1785153461640607000,1785153461640769000,1785153461640771000,1785153461640771000,1785153461640771000,121932490,121652369,-118.121,0.000,0.000,1.000,2.000,0.000,0.000,2.000,0,0,0
B3_zmq_pushpull,zmq_tcp,none,none,,1,25181,512,584,1785153461641604000,1785153461641604000,1785153461641604000,1785153461641605000,1785153461641755000,1785153461641758000,1785153461641758000,1785153461641758000,121932490,121652369,-130.121,0.000,0.000,1.000,3.000,0.000,0.000,12.000,0,0,0
B3_zmq_pushpull,zmq_tcp,none,none,,1,25182,512,584,1785153461642605000,1785153461642605000,1785153461642605000,1785153461642606000,1785153461642745000,1785153461642747000,1785153461642747000,1785153461642747000,121932490,121652369,-141.121,0.000,0.000,1.000,2.000,0.000,0.000,11.000,0,0,0
B3_zmq_pushpull,zmq_tcp,none,none,,1,25183,512,584,1785153461643605000,1785153461643605000,1785153461643605000,1785153461643606000,1785153461643719000,1785153461643722000,1785153461643722000,1785153461643722000,121932490,121652369,-167.121,0.000,0.000,1.000,3.000,0.000,0.000,26.000,0,0,0
B3_zmq_pushpull,zmq_tcp,none,none,,1,25184,512,584,1785153461644606000,1785153461644606000,1785153461644606000,1785153461644607000,1785153461644706000,1785153461644709000,1785153461644709000,1785153461644709000,121932490,121652369,-181.121,0.000,0.000,1.000,3.000,0.000,0.000,14.000,0,0,0
B3_zmq_pushpull,zmq_tcp,none,none,,1,25185,512,584,1785153461645602000,1785153461645602000,1785153461645602000,1785153461645603000,1785153461645702000,1785153461645704000,1785153461645705000,1785153461645705000,121932490,121652369,-181.121,0.000,0.000,1.000,2.000,1.000,0.000,0.000,0,0,0
B3_zmq_pushpull,zmq_tcp,none,none,,1,25186,512,584,1785153461646609000,1785153461646609000,1785153461646609000,1785153461646610000,1785153461646694000,1785153461646696000,1785153461646696000,1785153461646696000,121932490,121652369,-196.121,0.000,0.000,1.000,2.000,0.000,0.000,15.000,0,0,0
B3_zmq_pushpull,zmq_tcp,none,none,,1,25187,512,584,1785153461647603000,1785153461647604000,1785153461647604000,1785153461647605000,1785153461647677000,1785153461647680000,1785153461647680000,1785153461647680000,121932490,121652369,-208.121,1.000,0.000,1.000,3.000,0.000,0.000,12.000,0,0,0
B3_zmq_pushpull,zmq_tcp,none,none,,1,25188,512,584,1785153461648607000,1785153461648607000,1785153461648607000,1785153461648608000,1785153461648661000,1785153461648664000,1785153461648664000,1785153461648664000,121932490,121652369,-227.121,0.000,0.000,1.000,3.000,0.000,0.000,19.000,0,0,0
B3_zmq_pushpull,zmq_tcp,none,none,,1,25189,512,584,1785153461649603000,1785153461649603000,1785153461649603000,1785153461649604000,1785153461649647000,1785153461649650000,1785153461649650000,1785153461649650000,121932490,121652369,-237.121,0.000,0.000,1.000,3.000,0.000,0.000,10.000,0,0,0
B3_zmq_pushpull,zmq_tcp,none,none,,1,25190,512,584,1785153461650469000,1785153461650469000,1785153461650469000,1785153461650470000,1785153461650621000,1785153461650623000,1785153461650623000,1785153461650623000,121932490,121652369,-129.121,0.000,0.000,1.000,2.000,0.000,0.000,108.000,0,0,0
B3_zmq_pushpull,zmq_tcp,none,none,,1,25191,512,584,1785153461651458000,1785153461651458000,1785153461651458000,1785153461651459000,1785153461651613000,1785153461651615000,1785153461651615000,1785153461651615000,121932490,121652369,-126.121,0.000,0.000,1.000,2.000,0.000,0.000,3.000,0,0,0
B3_zmq_pushpull,zmq_tcp,none,none,,1,25192,512,584,1785153461652453000,1785153461652453000,1785153461652453000,1785153461652454000,1785153461652611000,1785153461652614000,1785153461652614000,1785153461652614000,121932490,121652369,-123.121,0.000,0.000,1.000,3.000,0.000,0.000,3.000,0,0,0
B3_zmq_pushpull,zmq_tcp,none,none,,1,25193,512,584,1785153461653452000,1785153461653453000,1785153461653453000,1785153461653454000,1785153461653602000,1785153461653605000,1785153461653605000,1785153461653605000,121932490,121652369,-132.121,1.000,0.000,1.000,3.000,0.000,0.000,9.000,0,0,0
B3_zmq_pushpull,zmq_tcp,none,none,,1,25194,512,584,1785153461654646000,1785153461654646000,1785153461654646000,1785153461654647000,1785153461654730000,1785153461654733000,1785153461654733000,1785153461654733000,121932490,121652369,-197.121,0.000,0.000,1.000,3.000,0.000,0.000,65.000,0,0,0
B3_zmq_pushpull,zmq_tcp,none,none,,1,25195,512,584,1785153461655598000,1785153461655598000,1785153461655598000,1785153461655599000,1785153461655714000,1785153461655717000,1785153461655717000,1785153461655717000,121932490,121652369,-165.121,0.000,0.000,1.000,3.000,0.000,0.000,32.000,0,0,0
B3_zmq_pushpull,zmq_tcp,none,none,,1,25196,512,584,1785153461656607000,1785153461656607000,1785153461656607000,1785153461656608000,1785153461656693000,1785153461656696000,1785153461656696000,1785153461656696000,121932490,121652369,-195.121,0.000,0.000,1.000,3.000,0.000,0.000,30.000,0,0,0
B3_zmq_pushpull,zmq_tcp,none,none,,1,25197,512,584,1785153461657605000,1785153461657605000,1785153461657605000,1785153461657606000,1785153461657679000,1785153461657682000,1785153461657682000,1785153461657682000,121932490,121652369,-207.121,0.000,0.000,1.000,3.000,0.000,0.000,12.000,0,0,0
B3_zmq_pushpull,zmq_tcp,none,none,,1,25198,512,584,1785153461658606000,1785153461658606000,1785153461658606000,1785153461658607000,1785153461658660000,1785153461658663000,1785153461658663000,1785153461658663000,121932490,121652369,-227.121,0.000,0.000,1.000,3.000,0.000,0.000,20.000,0,0,0
B3_zmq_pushpull,zmq_tcp,none,none,,1,25199,512,584,1785153461659602000,1785153461659602000,1785153461659602000,1785153461659603000,1785153461659647000,1785153461659650000,1785153461659650000,1785153461659650000,121932490,121652369,-236.121,0.000,0.000,1.000,3.000,0.000,0.000,9.000,0,0,0
B3_zmq_pushpull,zmq_tcp,none,none,,1,25200,512,584,1785153461660608000,1785153461660608000,1785153461660608000,1785153461660609000,1785153461660778000,1785153461660781000,1785153461660781000,1785153461660781000,121932490,121652369,-111.121,0.000,0.000,1.000,3.000,0.000,0.000,125.000,0,0,0
B3_zmq_pushpull,zmq_tcp,none,none,,1,25201,512,584,1785153461661604000,1785153461661605000,1785153461661605000,1785153461661606000,1785153461661763000,1785153461661766000,1785153461661766000,1785153461661766000,121932490,121652369,-123.121,1.000,0.000,1.000,3.000,0.000,0.000,12.000,0,0,0
B3_zmq_pushpull,zmq_tcp,none,none,,1,25202,512,584,1785153461662605000,1785153461662605000,1785153461662605000,1785153461662606000,1785153461662754000,1785153461662757000,1785153461662757000,1785153461662757000,121932490,121652369,-132.121,0.000,0.000,1.000,3.000,0.000,0.000,9.000,0,0,0
B3_zmq_pushpull,zmq_tcp,none,none,,1,25203,512,584,1785153461663602000,1785153461663602000,1785153461663602000,1785153461663603000,1785153461663729000,1785153461663731000,1785153461663731000,1785153461663731000,121932490,121652369,-154.121,0.000,0.000,1.000,2.000,0.000,0.000,22.000,0,0,0
B3_zmq_pushpull,zmq_tcp,none,none,,1,25204,512,584,1785153461664606000,1785153461664606000,1785153461664606000,1785153461664607000,1785153461664715000,1785153461664718000,1785153461664718000,1785153461664718000,121932490,121652369,-172.121,0.000,0.000,1.000,3.000,0.000,0.000,18.000,0,0,0
B3_zmq_pushpull,zmq_tcp,none,none,,1,25205,512,584,1785153461665610000,1785153461665610000,1785153461665610000,1785153461665611000,1785153461665715000,1785153461665718000,1785153461665718000,1785153461665718000,121932490,121652369,-176.121,0.000,0.000,1.000,3.000,0.000,0.000,4.000,0,0,0
B3_zmq_pushpull,zmq_tcp,none,none,,1,25206,512,584,1785153461666604000,1785153461666604000,1785153461666604000,1785153461666605000,1785153461666709000,1785153461666711000,1785153461666711000,1785153461666711000,121932490,121652369,-176.121,0.000,0.000,1.000,2.000,0.000,0.000,0.000,0,0,0
B3_zmq_pushpull,zmq_tcp,none,none,,1,25207,512,584,1785153461667608000,1785153461667608000,1785153461667608000,1785153461667609000,1785153461667689000,1785153461667691000,1785153461667691000,1785153461667691000,121932490,121652369,-200.121,0.000,0.000,1.000,2.000,0.000,0.000,24.000,0,0,0
B3_zmq_pushpull,zmq_tcp,none,none,,1,25208,512,584,1785153461668608000,1785153461668608000,1785153461668608000,1785153461668609000,1785153461668670000,1785153461668673000,1785153461668673000,1785153461668673000,121932490,121652369,-219.121,0.000,0.000,1.000,3.000,0.000,0.000,19.000,0,0,0
B3_zmq_pushpull,zmq_tcp,none,none,,1,25209,512,584,1785153461669605000,1785153461669605000,1785153461669605000,1785153461669606000,1785153461669791000,1785153461669794000,1785153461669794000,1785153461669794000,121932490,121652369,-95.121,0.000,0.000,1.000,3.000,0.000,0.000,124.000,0,0,0
B3_zmq_pushpull,zmq_tcp,none,none,,1,25210,512,584,1785153461670477000,1785153461670478000,1785153461670478000,1785153461670479000,1785153461670630000,1785153461670634000,1785153461670634000,1785153461670634000,121932490,121652369,-129.121,1.000,0.000,1.000,4.000,0.000,0.000,34.000,0,0,0
B3_zmq_pushpull,zmq_tcp,none,none,,1,25211,512,584,1785153461671455000,1785153461671455000,1785153461671455000,1785153461671456000,1785153461671607000,1785153461671610000,1785153461671610000,1785153461671610000,121932490,121652369,-129.121,0.000,0.000,1.000,3.000,0.000,0.000,0.000,0,0,0
B3_zmq_pushpull,zmq_tcp,none,none,,1,25212,512,584,1785153461672425000,1785153461672426000,1785153461672426000,1785153461672427000,1785153461672580000,1785153461672582000,1785153461672582000,1785153461672582000,121932490,121652369,-127.121,1.000,0.000,1.000,2.000,0.000,0.000,2.000,0,0,0
B3_zmq_pushpull,zmq_tcp,none,none,,1,25213,512,584,1785153461673420000,1785153461673420000,1785153461673420000,1785153461673421000,1785153461673581000,1785153461673583000,1785153461673583000,1785153461673583000,121932490,121652369,-120.121,0.000,0.000,1.000,2.000,0.000,0.000,7.000,0,0,0
B3_zmq_pushpull,zmq_tcp,none,none,,1,25214,512,584,1785153461674653000,1785153461674653000,1785153461674653000,1785153461674654000,1785153461674838000,1785153461674841000,1785153461674841000,1785153461674841000,121932490,121652369,-96.121,0.000,0.000,1.000,3.000,0.000,0.000,24.000,0,0,0
B3_zmq_pushpull,zmq_tcp,none,none,,1,25215,512,584,1785153461675593000,1785153461675593000,1785153461675593000,1785153461675594000,1785153461675670000,1785153461675673000,1785153461675673000,1785153461675673000,121932490,121652369,-204.121,0.000,0.000,1.000,3.000,0.000,0.000,108.000,0,0,0
B3_zmq_pushpull,zmq_tcp,none,none,,1,25216,512,584,1785153461676609000,1785153461676609000,1785153461676609000,1785153461676610000,1785153461676778000,1785153461676781000,1785153461676781000,1785153461676781000,121932490,121652369,-112.121,0.000,0.000,1.000,3.000,0.000,0.000,92.000,0,0,0
B3_zmq_pushpull,zmq_tcp,none,none,,1,25217,512,584,1785153461677601000,1785153461677601000,1785153461677601000,1785153461677602000,1785153461677757000,1785153461677759000,1785153461677759000,1785153461677759000,121932490,121652369,-125.121,0.000,0.000,1.000,2.000,0.000,0.000,13.000,0,0,0
B3_zmq_pushpull,zmq_tcp,none,none,,1,25218,512,584,1785153461678606000,1785153461678606000,1785153461678607000,1785153461678607000,1785153461678733000,1785153461678735000,1785153461678735000,1785153461678735000,121932490,121652369,-154.121,0.000,1.000,0.000,2.000,0.000,0.000,29.000,0,0,0
B3_zmq_pushpull,zmq_tcp,none,none,,1,25219,512,584,1785153461679605000,1785153461679605000,1785153461679605000,1785153461679606000,1785153461679718000,1785153461679721000,1785153461679721000,1785153461679721000,121932490,121652369,-168.121,0.000,0.000,1.000,3.000,0.000,0.000,14.000,0,0,0
B3_zmq_pushpull,zmq_tcp,none,none,,1,25220,512,584,1785153461680607000,1785153461680607000,1785153461680607000,1785153461680608000,1785153461680699000,1785153461680701000,1785153461680701000,1785153461680701000,121932490,121652369,-189.121,0.000,0.000,1.000,2.000,0.000,0.000,21.000,0,0,0
B3_zmq_pushpull,zmq_tcp,none,none,,1,25221,512,584,1785153461681604000,1785153461681604000,1785153461681604000,1785153461681605000,1785153461681676000,1785153461681680000,1785153461681680000,1785153461681680000,121932490,121652369,-209.121,0.000,0.000,1.000,4.000,0.000,0.000,20.000,0,0,0
B3_zmq_pushpull,zmq_tcp,none,none,,1,25222,512,584,1785153461682605000,1785153461682605000,1785153461682605000,1785153461682606000,1785153461682672000,1785153461682675000,1785153461682675000,1785153461682675000,121932490,121652369,-214.121,0.000,0.000,1.000,3.000,0.000,0.000,5.000,0,0,0
B3_zmq_pushpull,zmq_tcp,none,none,,1,25223,512,584,1785153461683494000,1785153461683495000,1785153461683495000,1785153461683496000,1785153461683652000,1785153461683654000,1785153461683654000,1785153461683654000,121932490,121652369,-124.121,1.000,0.000,1.000,2.000,0.000,0.000,90.000,0,0,0
B3_zmq_pushpull,zmq_tcp,none,none,,1,25224,512,584,1785153461684633000,1785153461684633000,1785153461684633000,1785153461684634000,1785153461684765000,1785153461684768000,1785153461684768000,1785153461684768000,121932490,121652369,-149.121,0.000,0.000,1.000,3.000,0.000,0.000,25.000,0,0,0
B3_zmq_pushpull,zmq_tcp,none,none,,1,25225,512,584,1785153461685436000,1785153461685436000,1785153461685436000,1785153461685437000,1785153461685587000,1785153461685591000,1785153461685591000,1785153461685591000,121932490,121652369,-130.121,0.000,0.000,1.000,4.000,0.000,0.000,19.000,0,0,0
B3_zmq_pushpull,zmq_tcp,none,none,,1,25226,512,584,1785153461686648000,1785153461686648000,1785153461686648000,1785153461686649000,1785153461686710000,1785153461686713000,1785153461686713000,1785153461686713000,121932490,121652369,-219.121,0.000,0.000,1.000,3.000,0.000,0.000,89.000,0,0,0
B3_zmq_pushpull,zmq_tcp,none,none,,1,25227,512,584,1785153461687599000,1785153461687599000,1785153461687599000,1785153461687600000,1785153461687686000,1785153461687689000,1785153461687689000,1785153461687689000,121932490,121652369,-194.121,0.000,0.000,1.000,3.000,0.000,0.000,25.000,0,0,0
B3_zmq_pushpull,zmq_tcp,none,none,,1,25228,512,584,1785153461688609000,1785153461688609000,1785153461688609000,1785153461688610000,1785153461688701000,1785153461688703000,1785153461688703000,1785153461688703000,121932490,121652369,-189.121,0.000,0.000,1.000,2.000,0.000,0.000,5.000,0,0,0
B3_zmq_pushpull,zmq_tcp,none,none,,1,25229,512,584,1785153461689604000,1785153461689604000,1785153461689604000,1785153461689605000,1785153461689779000,1785153461689782000,1785153461689782000,1785153461689782000,121932490,121652369,-106.121,0.000,0.000,1.000,3.000,0.000,0.000,83.000,0,0,0
B3_zmq_pushpull,zmq_tcp,none,none,,1,25230,512,584,1785153461690605000,1785153461690605000,1785153461690606000,1785153461690606000,1785153461690749000,1785153461690752000,1785153461690752000,1785153461690752000,121932490,121652369,-137.121,0.000,1.000,0.000,3.000,0.000,0.000,31.000,0,0,0
B3_zmq_pushpull,zmq_tcp,none,none,,1,25231,512,584,1785153461691605000,1785153461691605000,1785153461691605000,1785153461691606000,1785153461691734000,1785153461691737000,1785153461691737000,1785153461691737000,121932490,121652369,-152.121,0.000,0.000,1.000,3.000,0.000,0.000,15.000,0,0,0
B3_zmq_pushpull,zmq_tcp,none,none,,1,25232,512,584,1785153461692605000,1785153461692605000,1785153461692605000,1785153461692606000,1785153461692719000,1785153461692722000,1785153461692722000,1785153461692722000,121932490,121652369,-167.121,0.000,0.000,1.000,3.000,0.000,0.000,15.000,0,0,0
B3_zmq_pushpull,zmq_tcp,none,none,,1,25233,512,584,1785153461693605000,1785153461693605000,1785153461693605000,1785153461693606000,1785153461693712000,1785153461693714000,1785153461693714000,1785153461693714000,121932490,121652369,-174.121,0.000,0.000,1.000,2.000,0.000,0.000,7.000,0,0,0
B3_zmq_pushpull,zmq_tcp,none,none,,1,25234,512,584,1785153461694608000,1785153461694608000,1785153461694608000,1785153461694609000,1785153461694691000,1785153461694694000,1785153461694694000,1785153461694694000,121932490,121652369,-198.121,0.000,0.000,1.000,3.000,0.000,0.000,24.000,0,0,0
B3_zmq_pushpull,zmq_tcp,none,none,,1,25235,512,584,1785153461695605000,1785153461695605000,1785153461695605000,1785153461695606000,1785153461695682000,1785153461695685000,1785153461695685000,1785153461695685000,121932490,121652369,-204.121,0.000,0.000,1.000,3.000,0.000,0.000,6.000,0,0,0
B3_zmq_pushpull,zmq_tcp,none,none,,1,25236,512,584,1785153461696607000,1785153461696607000,1785153461696607000,1785153461696608000,1785153461696670000,1785153461696673000,1785153461696673000,1785153461696673000,121932490,121652369,-218.121,0.000,0.000,1.000,3.000,0.000,0.000,14.000,0,0,0
B3_zmq_pushpull,zmq_tcp,none,none,,1,25237,512,584,1785153461697519000,1785153461697519000,1785153461697519000,1785153461697521000,1785153461697666000,1785153461697669000,1785153461697669000,1785153461697669000,121932490,121652369,-135.121,0.000,0.000,2.000,3.000,0.000,0.000,83.000,0,0,0
B3_zmq_pushpull,zmq_tcp,none,none,,1,25238,512,584,1785153461698506000,1785153461698506000,1785153461698506000,1785153461698507000,1785153461698658000,1785153461698661000,1785153461698661000,1785153461698661000,121932490,121652369,-129.121,0.000,0.000,1.000,3.000,0.000,0.000,6.000,0,0,0
B3_zmq_pushpull,zmq_tcp,none,none,,1,25239,512,584,1785153461699492000,1785153461699493000,1785153461699493000,1785153461699494000,1785153461699636000,1785153461699638000,1785153461699638000,1785153461699638000,121932490,121652369,-138.121,1.000,0.000,1.000,2.000,0.000,0.000,9.000,0,0,0
B3_zmq_pushpull,zmq_tcp,none,none,,1,25240,512,584,1785153461700633000,1785153461700633000,1785153461700633000,1785153461700634000,1785153461700757000,1785153461700759000,1785153461700760000,1785153461700760000,121932490,121652369,-157.121,0.000,0.000,1.000,2.000,1.000,0.000,19.000,0,0,0
B3_zmq_pushpull,zmq_tcp,none,none,,1,25241,512,584,1785153461701596000,1785153461701596000,1785153461701596000,1785153461701597000,1785153461701741000,1785153461701749000,1785153461701749000,1785153461701749000,121932490,121652369,-136.121,0.000,0.000,1.000,8.000,0.000,0.000,21.000,0,0,0
B3_zmq_pushpull,zmq_tcp,none,none,,1,25242,512,584,1785153461702611000,1785153461702611000,1785153461702611000,1785153461702612000,1785153461702736000,1785153461702738000,1785153461702738000,1785153461702738000,121932490,121652369,-156.121,0.000,0.000,1.000,2.000,0.000,0.000,20.000,0,0,0
B3_zmq_pushpull,zmq_tcp,none,none,,1,25243,512,584,1785153461703604000,1785153461703604000,1785153461703604000,1785153461703605000,1785153461703717000,1785153461703719000,1785153461703719000,1785153461703719000,121932490,121652369,-168.121,0.000,0.000,1.000,2.000,0.000,0.000,12.000,0,0,0
B3_zmq_pushpull,zmq_tcp,none,none,,1,25244,512,584,1785153461704574000,1785153461704574000,1785153461704574000,1785153461704575000,1785153461704715000,1785153461704718000,1785153461704718000,1785153461704718000,121932490,121652369,-140.121,0.000,0.000,1.000,3.000,0.000,0.000,28.000,0,0,0
B3_zmq_pushpull,zmq_tcp,none,none,,1,25245,512,584,1785153461705612000,1785153461705613000,1785153461705613000,1785153461705613000,1785153461705668000,1785153461705671000,1785153461705671000,1785153461705671000,121932490,121652369,-225.121,1.000,0.000,0.000,3.000,0.000,0.000,85.000,0,0,0
B3_zmq_pushpull,zmq_tcp,none,none,,1,25246,512,584,1785153461706604000,1785153461706604000,1785153461706604000,1785153461706605000,1785153461706645000,1785153461706647000,1785153461706647000,1785153461706647000,121932490,121652369,-240.121,0.000,0.000,1.000,2.000,0.000,0.000,15.000,0,0,0
B3_zmq_pushpull,zmq_tcp,none,none,,1,25247,512,584,1785153461707605000,1785153461707606000,1785153461707606000,1785153461707607000,1785153461707758000,1785153461707761000,1785153461707761000,1785153461707761000,121932490,121652369,-129.121,1.000,0.000,1.000,3.000,0.000,0.000,111.000,0,0,0
B3_zmq_pushpull,zmq_tcp,none,none,,1,25248,512,584,1785153461708603000,1785153461708603000,1785153461708603000,1785153461708604000,1785153461708752000,1785153461708754000,1785153461708754000,1785153461708754000,121932490,121652369,-132.121,0.000,0.000,1.000,2.000,0.000,0.000,3.000,0,0,0
B3_zmq_pushpull,zmq_tcp,none,none,,1,25249,512,584,1785153461709607000,1785153461709607000,1785153461709607000,1785153461709608000,1785153461709745000,1785153461709748000,1785153461709748000,1785153461709748000,121932490,121652369,-143.121,0.000,0.000,1.000,3.000,0.000,0.000,11.000,0,0,0
B3_zmq_pushpull,zmq_tcp,none,none,,1,25250,512,584,1785153461710605000,1785153461710605000,1785153461710605000,1785153461710606000,1785153461710721000,1785153461710724000,1785153461710724000,1785153461710724000,121932490,121652369,-165.121,0.000,0.000,1.000,3.000,0.000,0.000,22.000,0,0,0
B3_zmq_pushpull,zmq_tcp,none,none,,1,25251,512,584,1785153461711605000,1785153461711605000,1785153461711605000,1785153461711606000,1785153461711696000,1785153461711698000,1785153461711698000,1785153461711698000,121932490,121652369,-190.121,0.000,0.000,1.000,2.000,0.000,0.000,25.000,0,0,0
B3_zmq_pushpull,zmq_tcp,none,none,,1,25252,512,584,1785153461712602000,1785153461712603000,1785153461712603000,1785153461712604000,1785153461712670000,1785153461712673000,1785153461712673000,1785153461712673000,121932490,121652369,-214.121,1.000,0.000,1.000,3.000,0.000,0.000,24.000,0,0,0
B3_zmq_pushpull,zmq_tcp,none,none,,1,25253,512,584,1785153461713607000,1785153461713608000,1785153461713608000,1785153461713609000,1785153461713656000,1785153461713659000,1785153461713659000,1785153461713659000,121932490,121652369,-233.121,1.000,0.000,1.000,3.000,0.000,0.000,19.000,0,0,0
B3_zmq_pushpull,zmq_tcp,none,none,,1,25254,512,584,1785153461714606000,1785153461714606000,1785153461714606000,1785153461714607000,1785153461714808000,1785153461714810000,1785153461714810000,1785153461714810000,121932490,121652369,-79.121,0.000,0.000,1.000,2.000,0.000,0.000,154.000,0,0,0
B3_zmq_pushpull,zmq_tcp,none,none,,1,25255,512,584,1785153461715604000,1785153461715604000,1785153461715604000,1785153461715605000,1785153461715670000,1785153461715675000,1785153461715675000,1785153461715675000,121932490,121652369,-215.121,0.000,0.000,1.000,5.000,0.000,0.000,136.000,0,0,0
B3_zmq_pushpull,zmq_tcp,none,none,,1,25256,512,584,1785153461716511000,1785153461716512000,1785153461716512000,1785153461716512000,1785153461716656000,1785153461716658000,1785153461716658000,1785153461716658000,121932490,121652369,-136.121,1.000,0.000,0.000,2.000,0.000,0.000,79.000,0,0,0
B3_zmq_pushpull,zmq_tcp,none,none,,1,25257,512,584,1785153461717630000,1785153461717630000,1785153461717630000,1785153461717631000,1785153461717774000,1785153461717777000,1785153461717777000,1785153461717777000,121932490,121652369,-137.121,0.000,0.000,1.000,3.000,0.000,0.000,1.000,0,0,0
B3_zmq_pushpull,zmq_tcp,none,none,,1,25258,512,584,1785153461718599000,1785153461718600000,1785153461718600000,1785153461718601000,1785153461718770000,1785153461718773000,1785153461718773000,1785153461718774000,121932490,121652369,-111.121,1.000,0.000,1.000,3.000,0.000,1.000,26.000,0,0,0
B3_zmq_pushpull,zmq_tcp,none,none,,1,25259,512,584,1785153461719607000,1785153461719607000,1785153461719607000,1785153461719608000,1785153461719758000,1785153461719761000,1785153461719761000,1785153461719761000,121932490,121652369,-130.121,0.000,0.000,1.000,3.000,0.000,0.000,19.000,0,0,0
B3_zmq_pushpull,zmq_tcp,none,none,,1,25260,512,584,1785153461720454000,1785153461720454000,1785153461720454000,1785153461720455000,1785153461720606000,1785153461720609000,1785153461720609000,1785153461720609000,121932490,121652369,-129.121,0.000,0.000,1.000,3.000,0.000,0.000,1.000,0,0,0
B3_zmq_pushpull,zmq_tcp,none,none,,1,25261,512,584,1785153461721435000,1785153461721435000,1785153461721435000,1785153461721436000,1785153461721588000,1785153461721590000,1785153461721590000,1785153461721590000,121932490,121652369,-128.121,0.000,0.000,1.000,2.000,0.000,0.000,1.000,0,0,0
B3_zmq_pushpull,zmq_tcp,none,none,,1,25262,512,584,1785153461722434000,1785153461722434000,1785153461722434000,1785153461722435000,1785153461722584000,1785153461722587000,1785153461722587000,1785153461722587000,121932490,121652369,-131.121,0.000,0.000,1.000,3.000,0.000,0.000,3.000,0,0,0
B3_zmq_pushpull,zmq_tcp,none,none,,1,25263,512,584,1785153461723649000,1785153461723650000,1785153461723650000,1785153461723651000,1785153461723716000,1785153461723718000,1785153461723718000,1785153461723718000,121932490,121652369,-215.121,1.000,0.000,1.000,2.000,0.000,0.000,84.000,0,0,0
B3_zmq_pushpull,zmq_tcp,none,none,,1,25264,512,584,1785153461724527000,1785153461724527000,1785153461724527000,1785153461724528000,1785153461724684000,1785153461724686000,1785153461724686000,1785153461724686000,121932490,121652369,-124.121,0.000,0.000,1.000,2.000,0.000,0.000,91.000,0,0,0
B3_zmq_pushpull,zmq_tcp,none,none,,1,25265,512,584,1785153461725523000,1785153461725523000,1785153461725523000,1785153461725524000,1785153461725677000,1785153461725680000,1785153461725680000,1785153461725680000,121932490,121652369,-127.121,0.000,0.000,1.000,3.000,0.000,0.000,3.000,0,0,0
B3_zmq_pushpull,zmq_tcp,none,none,,1,25266,512,584,1785153461726503000,1785153461726503000,1785153461726503000,1785153461726504000,1785153461726649000,1785153461726652000,1785153461726652000,1785153461726652000,121932490,121652369,-135.121,0.000,0.000,1.000,3.000,0.000,0.000,8.000,0,0,0
B3_zmq_pushpull,zmq_tcp,none,none,,1,25267,512,584,1785153461727631000,1785153461727631000,1785153461727631000,1785153461727632000,1785153461727757000,1785153461727760000,1785153461727760000,1785153461727760000,121932490,121652369,-155.121,0.000,0.000,1.000,3.000,0.000,0.000,20.000,0,0,0
B3_zmq_pushpull,zmq_tcp,none,none,,1,25268,512,584,1785153461728599000,1785153461728599000,1785153461728599000,1785153461728600000,1785153461728722000,1785153461728725000,1785153461728725000,1785153461728725000,121932490,121652369,-158.121,0.000,0.000,1.000,3.000,0.000,0.000,3.000,0,0,0
B3_zmq_pushpull,zmq_tcp,none,none,,1,25269,512,584,1785153461729609000,1785153461729609000,1785153461729609000,1785153461729610000,1785153461729708000,1785153461729710000,1785153461729710000,1785153461729710000,121932490,121652369,-182.121,0.000,0.000,1.000,2.000,0.000,0.000,24.000,0,0,0
B3_zmq_pushpull,zmq_tcp,none,none,,1,25270,512,584,1785153461730605000,1785153461730605000,1785153461730605000,1785153461730606000,1785153461730665000,1785153461730668000,1785153461730668000,1785153461730668000,121932490,121652369,-221.121,0.000,0.000,1.000,3.000,0.000,0.000,39.000,0,0,0
B3_zmq_pushpull,zmq_tcp,none,none,,1,25271,512,584,1785153461731607000,1785153461731607000,1785153461731607000,1785153461731608000,1785153461731796000,1785153461731798000,1785153461731798000,1785153461731798000,121932490,121652369,-92.121,0.000,0.000,1.000,2.000,0.000,0.000,129.000,0,0,0
B3_zmq_pushpull,zmq_tcp,none,none,,1,25272,512,584,1785153461732483000,1785153461732483000,1785153461732483000,1785153461732484000,1785153461732624000,1785153461732627000,1785153461732628000,1785153461732628000,121932490,121652369,-140.121,0.000,0.000,1.000,3.000,1.000,0.000,48.000,0,0,0
B3_zmq_pushpull,zmq_tcp,none,none,,1,25273,512,584,1785153461733452000,1785153461733453000,1785153461733453000,1785153461733453000,1785153461733604000,1785153461733606000,1785153461733606000,1785153461733606000,121932490,121652369,-129.121,1.000,0.000,0.000,2.000,0.000,0.000,11.000,0,0,0
B3_zmq_pushpull,zmq_tcp,none,none,,1,25274,512,584,1785153461734429000,1785153461734429000,1785153461734429000,1785153461734430000,1785153461734572000,1785153461734574000,1785153461734574000,1785153461734574000,121932490,121652369,-138.121,0.000,0.000,1.000,2.000,0.000,0.000,9.000,0,0,0
B3_zmq_pushpull,zmq_tcp,none,none,,1,25275,512,584,1785153461735651000,1785153461735652000,1785153461735652000,1785153461735653000,1785153461735846000,1785153461735849000,1785153461735849000,1785153461735849000,121932490,121652369,-87.121,1.000,0.000,1.000,3.000,0.000,0.000,51.000,0,0,0
B3_zmq_pushpull,zmq_tcp,none,none,,1,25276,512,584,1785153461736413000,1785153461736413000,1785153461736413000,1785153461736414000,1785153461736561000,1785153461736564000,1785153461736564000,1785153461736564000,121932490,121652369,-133.121,0.000,0.000,1.000,3.000,0.000,0.000,46.000,0,0,0
B3_zmq_pushpull,zmq_tcp,none,none,,1,25277,512,584,1785153461737656000,1785153461737656000,1785153461737656000,1785153461737657000,1785153461737816000,1785153461737818000,1785153461737818000,1785153461737818000,121932490,121652369,-121.121,0.000,0.000,1.000,2.000,0.000,0.000,12.000,0,0,0
B3_zmq_pushpull,zmq_tcp,none,none,,1,25278,512,584,1785153461738592000,1785153461738592000,1785153461738592000,1785153461738593000,1785153461738770000,1785153461738773000,1785153461738773000,1785153461738773000,121932490,121652369,-103.121,0.000,0.000,1.000,3.000,0.000,0.000,18.000,0,0,0
B3_zmq_pushpull,zmq_tcp,none,none,,1,25279,512,584,1785153461739470000,1785153461739470000,1785153461739470000,1785153461739471000,1785153461739613000,1785153461739616000,1785153461739616000,1785153461739616000,121932490,121652369,-138.121,0.000,0.000,1.000,3.000,0.000,0.000,35.000,0,0,0
B3_zmq_pushpull,zmq_tcp,none,none,,1,25280,512,584,1785153461740636000,1785153461740637000,1785153461740637000,1785153461740638000,1785153461740718000,1785153461740721000,1785153461740721000,1785153461740721000,121932490,121652369,-200.121,1.000,0.000,1.000,3.000,0.000,0.000,62.000,0,0,0
B3_zmq_pushpull,zmq_tcp,none,none,,1,25281,512,584,1785153461741597000,1785153461741597000,1785153461741597000,1785153461741598000,1785153461741694000,1785153461741697000,1785153461741697000,1785153461741697000,121932490,121652369,-184.121,0.000,0.000,1.000,3.000,0.000,0.000,16.000,0,0,0
B3_zmq_pushpull,zmq_tcp,none,none,,1,25282,512,584,1785153461742608000,1785153461742608000,1785153461742608000,1785153461742609000,1785153461742676000,1785153461742680000,1785153461742680000,1785153461742680000,121932490,121652369,-213.121,0.000,0.000,1.000,4.000,0.000,0.000,29.000,0,0,0
B3_zmq_pushpull,zmq_tcp,none,none,,1,25283,512,584,1785153461743512000,1785153461743512000,1785153461743512000,1785153461743513000,1785153461743670000,1785153461743673000,1785153461743673000,1785153461743673000,121932490,121652369,-123.121,0.000,0.000,1.000,3.000,0.000,0.000,90.000,0,0,0
B3_zmq_pushpull,zmq_tcp,none,none,,1,25284,512,584,1785153461744630000,1785153461744630000,1785153461744630000,1785153461744631000,1785153461744786000,1785153461744788000,1785153461744788000,1785153461744788000,121932490,121652369,-125.121,0.000,0.000,1.000,2.000,0.000,0.000,2.000,0,0,0
B3_zmq_pushpull,zmq_tcp,none,none,,1,25285,512,584,1785153461745482000,1785153461745482000,1785153461745482000,1785153461745483000,1785153461745637000,1785153461745640000,1785153461745640000,1785153461745640000,121932490,121652369,-126.121,0.000,0.000,1.000,3.000,0.000,0.000,1.000,0,0,0
B3_zmq_pushpull,zmq_tcp,none,none,,1,25286,512,584,1785153461746466000,1785153461746466000,1785153461746466000,1785153461746467000,1785153461746618000,1785153461746623000,1785153461746623000,1785153461746623000,121932490,121652369,-129.121,0.000,0.000,1.000,5.000,0.000,0.000,3.000,0,0,0
B3_zmq_pushpull,zmq_tcp,none,none,,1,25287,512,584,1785153461747446000,1785153461747446000,1785153461747446000,1785153461747447000,1785153461747600000,1785153461747602000,1785153461747602000,1785153461747602000,121932490,121652369,-127.121,0.000,0.000,1.000,2.000,0.000,0.000,2.000,0,0,0
B3_zmq_pushpull,zmq_tcp,none,none,,1,25288,512,584,1785153461748425000,1785153461748425000,1785153461748425000,1785153461748426000,1785153461748581000,1785153461748584000,1785153461748584000,1785153461748584000,121932490,121652369,-125.121,0.000,0.000,1.000,3.000,0.000,0.000,2.000,0,0,0
B3_zmq_pushpull,zmq_tcp,none,none,,1,25289,512,584,1785153461749653000,1785153461749653000,1785153461749653000,1785153461749654000,1785153461749852000,1785153461749854000,1785153461749854000,1785153461749854000,121932490,121652369,-82.121,0.000,0.000,1.000,2.000,0.000,0.000,43.000,0,0,0
B3_zmq_pushpull,zmq_tcp,none,none,,1,25290,512,584,1785153461750591000,1785153461750591000,1785153461750591000,1785153461750592000,1785153461750701000,1785153461750704000,1785153461750704000,1785153461750704000,121932490,121652369,-171.121,0.000,0.000,1.000,3.000,0.000,0.000,89.000,0,0,0
B3_zmq_pushpull,zmq_tcp,none,none,,1,25291,512,584,1785153461751612000,1785153461751612000,1785153461751612000,1785153461751613000,1785153461751685000,1785153461751688000,1785153461751688000,1785153461751688000,121932490,121652369,-208.121,0.000,0.000,1.000,3.000,0.000,0.000,37.000,0,0,0
B3_zmq_pushpull,zmq_tcp,none,none,,1,25292,512,584,1785153461752606000,1785153461752606000,1785153461752606000,1785153461752607000,1785153461752683000,1785153461752686000,1785153461752686000,1785153461752686000,121932490,121652369,-204.121,0.000,0.000,1.000,3.000,0.000,0.000,4.000,0,0,0
B3_zmq_pushpull,zmq_tcp,none,none,,1,25293,512,584,1785153461753605000,1785153461753606000,1785153461753606000,1785153461753607000,1785153461753672000,1785153461753675000,1785153461753675000,1785153461753675000,121932490,121652369,-215.121,1.000,0.000,1.000,3.000,0.000,0.000,11.000,0,0,0
B3_zmq_pushpull,zmq_tcp,none,none,,1,25294,512,584,1785153461754603000,1785153461754603000,1785153461754603000,1785153461754604000,1785153461754656000,1785153461754658000,1785153461754658000,1785153461754658000,121932490,121652369,-228.121,0.000,0.000,1.000,2.000,0.000,0.000,13.000,0,0,0
B3_zmq_pushpull,zmq_tcp,none,none,,1,25295,512,584,1785153461755607000,1785153461755607000,1785153461755607000,1785153461755608000,1785153461755768000,1785153461755771000,1785153461755771000,1785153461755771000,121932490,121652369,-120.121,0.000,0.000,1.000,3.000,0.000,0.000,108.000,0,0,0
B3_zmq_pushpull,zmq_tcp,none,none,,1,25296,512,584,1785153461756605000,1785153461756606000,1785153461756606000,1785153461756607000,1785153461756745000,1785153461756748000,1785153461756748000,1785153461756748000,121932490,121652369,-142.121,1.000,0.000,1.000,3.000,0.000,0.000,22.000,0,0,0
B3_zmq_pushpull,zmq_tcp,none,none,,1,25297,512,584,1785153461757430000,1785153461757430000,1785153461757430000,1785153461757431000,1785153461757591000,1785153461757593000,1785153461757593000,1785153461757593000,121932490,121652369,-120.121,0.000,0.000,1.000,2.000,0.000,0.000,22.000,0,0,0
B3_zmq_pushpull,zmq_tcp,none,none,,1,25298,512,584,1785153461758649000,1785153461758650000,1785153461758650000,1785153461758651000,1785153461758705000,1785153461758708000,1785153461758708000,1785153461758708000,121932490,121652369,-226.121,1.000,0.000,1.000,3.000,0.000,0.000,106.000,0,0,0
B3_zmq_pushpull,zmq_tcp,none,none,,1,25299,512,584,1785153461759414000,1785153461759414000,1785153461759414000,1785153461759415000,1785153461759555000,1785153461759557000,1785153461759557000,1785153461759558000,121932490,121652369,-140.121,0.000,0.000,1.000,2.000,0.000,1.000,86.000,0,0,0
B3_zmq_pushpull,zmq_tcp,none,none,,1,25300,512,584,1785153461760521000,1785153461760521000,1785153461760521000,1785153461760522000,1785153461760664000,1785153461760667000,1785153461760667000,1785153461760667000,121932490,121652369,-138.121,0.000,0.000,1.000,3.000,0.000,0.000,2.000,0,0,0
B3_zmq_pushpull,zmq_tcp,none,none,,1,25301,512,584,1785153461761508000,1785153461761508000,1785153461761508000,1785153461761509000,1785153461761660000,1785153461761662000,1785153461761663000,1785153461761663000,121932490,121652369,-129.121,0.000,0.000,1.000,2.000,1.000,0.000,9.000,0,0,0
B3_zmq_pushpull,zmq_tcp,none,none,,1,25302,512,584,1785153461762500000,1785153461762500000,1785153461762500000,1785153461762501000,1785153461762648000,1785153461762650000,1785153461762650000,1785153461762650000,121932490,121652369,-133.121,0.000,0.000,1.000,2.000,0.000,0.000,4.000,0,0,0
B3_zmq_pushpull,zmq_tcp,none,none,,1,25303,512,584,1785153461763632000,1785153461763633000,1785153461763633000,1785153461763634000,1785153461763788000,1785153461763790000,1785153461763790000,1785153461763790000,121932490,121652369,-126.121,1.000,0.000,1.000,2.000,0.000,0.000,7.000,0,0,0
B3_zmq_pushpull,zmq_tcp,none,none,,1,25304,512,584,1785153461764596000,1785153461764596000,1785153461764596000,1785153461764597000,1785153461764767000,1785153461764769000,1785153461764769000,1785153461764769000,121932490,121652369,-110.121,0.000,0.000,1.000,2.000,0.000,0.000,16.000,0,0,0
B3_zmq_pushpull,zmq_tcp,none,none,,1,25305,512,584,1785153461765465000,1785153461765465000,1785153461765465000,1785153461765466000,1785153461765625000,1785153461765628000,1785153461765628000,1785153461765628000,121932490,121652369,-121.121,0.000,0.000,1.000,3.000,0.000,0.000,11.000,0,0,0
B3_zmq_pushpull,zmq_tcp,none,none,,1,25306,512,584,1785153461766640000,1785153461766640000,1785153461766640000,1785153461766641000,1785153461766753000,1785153461766756000,1785153461766756000,1785153461766756000,121932490,121652369,-168.121,0.000,0.000,1.000,3.000,0.000,0.000,47.000,0,0,0
B3_zmq_pushpull,zmq_tcp,none,none,,1,25307,512,584,1785153461767594000,1785153461767594000,1785153461767594000,1785153461767595000,1785153461767725000,1785153461767728000,1785153461767728000,1785153461767728000,121932490,121652369,-150.121,0.000,0.000,1.000,3.000,0.000,0.000,18.000,0,0,0
B3_zmq_pushpull,zmq_tcp,none,none,,1,25308,512,584,1785153461768609000,1785153461768610000,1785153461768610000,1785153461768611000,1785153461768700000,1785153461768702000,1785153461768702000,1785153461768702000,121932490,121652369,-191.121,1.000,0.000,1.000,2.000,0.000,0.000,41.000,0,0,0
B3_zmq_pushpull,zmq_tcp,none,none,,1,25309,512,584,1785153461769605000,1785153461769606000,1785153461769606000,1785153461769607000,1785153461769688000,1785153461769690000,1785153461769690000,1785153461769690000,121932490,121652369,-199.121,1.000,0.000,1.000,2.000,0.000,0.000,8.000,0,0,0
B3_zmq_pushpull,zmq_tcp,none,none,,1,25310,512,584,1785153461770605000,1785153461770606000,1785153461770606000,1785153461770607000,1785153461770673000,1785153461770676000,1785153461770676000,1785153461770676000,121932490,121652369,-214.121,1.000,0.000,1.000,3.000,0.000,0.000,15.000,0,0,0
B3_zmq_pushpull,zmq_tcp,none,none,,1,25311,512,584,1785153461771606000,1785153461771606000,1785153461771606000,1785153461771607000,1785153461771788000,1785153461771790000,1785153461771790000,1785153461771791000,121932490,121652369,-99.121,0.000,0.000,1.000,2.000,0.000,1.000,115.000,0,0,0
B3_zmq_pushpull,zmq_tcp,none,none,,1,25312,512,584,1785153461772610000,1785153461772610000,1785153461772610000,1785153461772611000,1785153461772770000,1785153461772772000,1785153461772772000,1785153461772772000,121932490,121652369,-121.121,0.000,0.000,1.000,2.000,0.000,0.000,22.000,0,0,0
B3_zmq_pushpull,zmq_tcp,none,none,,1,25313,512,584,1785153461773605000,1785153461773605000,1785153461773605000,1785153461773606000,1785153461773759000,1785153461773763000,1785153461773763000,1785153461773763000,121932490,121652369,-127.121,0.000,0.000,1.000,4.000,0.000,0.000,6.000,0,0,0
B3_zmq_pushpull,zmq_tcp,none,none,,1,25314,512,584,1785153461774606000,1785153461774606000,1785153461774606000,1785153461774607000,1785153461774737000,1785153461774740000,1785153461774740000,1785153461774740000,121932490,121652369,-150.121,0.000,0.000,1.000,3.000,0.000,0.000,23.000,0,0,0
B3_zmq_pushpull,zmq_tcp,none,none,,1,25315,512,584,1785153461775603000,1785153461775603000,1785153461775603000,1785153461775604000,1785153461775723000,1785153461775726000,1785153461775726000,1785153461775726000,121932490,121652369,-161.121,0.000,0.000,1.000,3.000,0.000,0.000,11.000,0,0,0
B3_zmq_pushpull,zmq_tcp,none,none,,1,25316,512,584,1785153461776534000,1785153461776534000,1785153461776534000,1785153461776535000,1785153461776689000,1785153461776692000,1785153461776692000,1785153461776692000,121932490,121652369,-126.121,0.000,0.000,1.000,3.000,0.000,0.000,35.000,0,0,0
B3_zmq_pushpull,zmq_tcp,none,none,,1,25317,512,584,1785153461777629000,1785153461777630000,1785153461777630000,1785153461777631000,1785153461777824000,1785153461777826000,1785153461777827000,1785153461777827000,121932490,121652369,-87.121,1.000,0.000,1.000,2.000,1.000,0.000,39.000,0,0,0
B3_zmq_pushpull,zmq_tcp,none,none,,1,25318,512,584,1785153461778596000,1785153461778596000,1785153461778596000,1785153461778597000,1785153461778671000,1785153461778673000,1785153461778673000,1785153461778673000,121932490,121652369,-206.121,0.000,0.000,1.000,2.000,0.000,0.000,119.000,0,0,0
B3_zmq_pushpull,zmq_tcp,none,none,,1,25319,512,584,1785153461779610000,1785153461779610000,1785153461779610000,1785153461779611000,1785153461779660000,1785153461779663000,1785153461779663000,1785153461779663000,121932490,121652369,-231.121,0.000,0.000,1.000,3.000,0.000,0.000,25.000,0,0,0
B3_zmq_pushpull,zmq_tcp,none,none,,1,25320,512,584,1785153461780604000,1785153461780604000,1785153461780604000,1785153461780605000,1785153461780768000,1785153461780771000,1785153461780771000,1785153461780771000,121932490,121652369,-117.121,0.000,0.000,1.000,3.000,0.000,0.000,114.000,0,0,0
B3_zmq_pushpull,zmq_tcp,none,none,,1,25321,512,584,1785153461781606000,1785153461781606000,1785153461781606000,1785153461781607000,1785153461781756000,1785153461781759000,1785153461781759000,1785153461781759000,121932490,121652369,-131.121,0.000,0.000,1.000,3.000,0.000,0.000,14.000,0,0,0
B3_zmq_pushpull,zmq_tcp,none,none,,1,25322,512,584,1785153461782603000,1785153461782603000,1785153461782603000,1785153461782604000,1785153461782714000,1785153461782717000,1785153461782717000,1785153461782717000,121932490,121652369,-170.121,0.000,0.000,1.000,3.000,0.000,0.000,39.000,0,0,0
B3_zmq_pushpull,zmq_tcp,none,none,,1,25323,512,584,1785153461783608000,1785153461783608000,1785153461783608000,1785153461783609000,1785153461783672000,1785153461783674000,1785153461783674000,1785153461783674000,121932490,121652369,-217.121,0.000,0.000,1.000,2.000,0.000,0.000,47.000,0,0,0
B3_zmq_pushpull,zmq_tcp,none,none,,1,25324,512,584,1785153461784606000,1785153461784606000,1785153461784606000,1785153461784607000,1785153461784667000,1785153461784669000,1785153461784669000,1785153461784669000,121932490,121652369,-220.121,0.000,0.000,1.000,2.000,0.000,0.000,3.000,0,0,0
B3_zmq_pushpull,zmq_tcp,none,none,,1,25325,512,584,1785153461785608000,1785153461785608000,1785153461785608000,1785153461785609000,1785153461785800000,1785153461785803000,1785153461785803000,1785153461785803000,121932490,121652369,-89.121,0.000,0.000,1.000,3.000,0.000,0.000,131.000,0,0,0
B3_zmq_pushpull,zmq_tcp,none,none,,1,25326,512,584,1785153461786488000,1785153461786488000,1785153461786488000,1785153461786490000,1785153461786635000,1785153461786637000,1785153461786637000,1785153461786637000,121932490,121652369,-135.121,0.000,0.000,2.000,2.000,0.000,0.000,46.000,0,0,0
B3_zmq_pushpull,zmq_tcp,none,none,,1,25327,512,584,1785153461787469000,1785153461787469000,1785153461787469000,1785153461787471000,1785153461787620000,1785153461787623000,1785153461787623000,1785153461787623000,121932490,121652369,-131.121,0.000,0.000,2.000,3.000,0.000,0.000,4.000,0,0,0
B3_zmq_pushpull,zmq_tcp,none,none,,1,25328,512,584,1785153461788451000,1785153461788451000,1785153461788451000,1785153461788452000,1785153461788604000,1785153461788607000,1785153461788607000,1785153461788607000,121932490,121652369,-128.121,0.000,0.000,1.000,3.000,0.000,0.000,3.000,0,0,0
B3_zmq_pushpull,zmq_tcp,none,none,,1,25329,512,584,1785153461789431000,1785153461789431000,1785153461789431000,1785153461789432000,1785153461789583000,1785153461789585000,1785153461789585000,1785153461789585000,121932490,121652369,-129.121,0.000,0.000,1.000,2.000,0.000,0.000,1.000,0,0,0
B3_zmq_pushpull,zmq_tcp,none,none,,1,25330,512,584,1785153461790419000,1785153461790419000,1785153461790419000,1785153461790420000,1785153461790561000,1785153461790564000,1785153461790564000,1785153461790564000,121932490,121652369,-139.121,0.000,0.000,1.000,3.000,0.000,0.000,10.000,0,0,0
B3_zmq_pushpull,zmq_tcp,none,none,,1,25331,512,584,1785153461791414000,1785153461791414000,1785153461791414000,1785153461791415000,1785153461791559000,1785153461791561000,1785153461791561000,1785153461791561000,121932490,121652369,-136.121,0.000,0.000,1.000,2.000,0.000,0.000,3.000,0,0,0
B3_zmq_pushpull,zmq_tcp,none,none,,1,25332,512,584,1785153461792534000,1785153461792534000,1785153461792534000,1785153461792535000,1785153461792690000,1785153461792693000,1785153461792694000,1785153461792694000,121932490,121652369,-125.121,0.000,0.000,1.000,3.000,1.000,0.000,11.000,0,0,0
B3_zmq_pushpull,zmq_tcp,none,none,,1,25333,512,584,1785153461793540000,1785153461793540000,1785153461793540000,1785153461793541000,1785153461793697000,1785153461793700000,1785153461793700000,1785153461793700000,121932490,121652369,-124.121,0.000,0.000,1.000,3.000,0.000,0.000,1.000,0,0,0
B3_zmq_pushpull,zmq_tcp,none,none,,1,25334,512,584,1785153461794515000,1785153461794516000,1785153461794516000,1785153461794517000,1785153461794671000,1785153461794674000,1785153461794674000,1785153461794674000,121932490,121652369,-126.121,1.000,0.000,1.000,3.000,0.000,0.000,2.000,0,0,0
B3_zmq_pushpull,zmq_tcp,none,none,,1,25335,512,584,1785153461795489000,1785153461795489000,1785153461795489000,1785153461795490000,1785153461795641000,1785153461795644000,1785153461795644000,1785153461795644000,121932490,121652369,-129.121,0.000,0.000,1.000,3.000,0.000,0.000,3.000,0,0,0
B3_zmq_pushpull,zmq_tcp,none,none,,1,25336,512,584,1785153461796467000,1785153461796467000,1785153461796467000,1785153461796468000,1785153461796621000,1785153461796624000,1785153461796624000,1785153461796624000,121932490,121652369,-127.121,0.000,0.000,1.000,3.000,0.000,0.000,2.000,0,0,0
B3_zmq_pushpull,zmq_tcp,none,none,,1,25337,512,584,1785153461797439000,1785153461797439000,1785153461797439000,1785153461797440000,1785153461797592000,1785153461797595000,1785153461797595000,1785153461797595000,121932490,121652369,-128.121,0.000,0.000,1.000,3.000,0.000,0.000,1.000,0,0,0
B3_zmq_pushpull,zmq_tcp,none,none,,1,25338,512,584,1785153461798438000,1785153461798438000,1785153461798438000,1785153461798439000,1785153461798596000,1785153461798599000,1785153461798599000,1785153461798599000,121932490,121652369,-123.121,0.000,0.000,1.000,3.000,0.000,0.000,5.000,0,0,0
B3_zmq_pushpull,zmq_tcp,none,none,,1,25339,512,584,1785153461799435000,1785153461799435000,1785153461799435000,1785153461799436000,1785153461799584000,1785153461799586000,1785153461799587000,1785153461799587000,121932490,121652369,-132.121,0.000,0.000,1.000,2.000,1.000,0.000,9.000,0,0,0
B3_zmq_pushpull,zmq_tcp,none,none,,1,25340,512,584,1785153461800412000,1785153461800412000,1785153461800412000,1785153461800413000,1785153461800573000,1785153461800577000,1785153461800577000,1785153461800577000,121932490,121652369,-120.121,0.000,0.000,1.000,4.000,0.000,0.000,12.000,0,0,0
B3_zmq_pushpull,zmq_tcp,none,none,,1,25341,512,584,1785153461801654000,1785153461801654000,1785153461801654000,1785153461801655000,1785153461801829000,1785153461801832000,1785153461801832000,1785153461801832000,121932490,121652369,-106.121,0.000,0.000,1.000,3.000,0.000,0.000,14.000,0,0,0
B3_zmq_pushpull,zmq_tcp,none,none,,1,25342,512,584,1785153461802594000,1785153461802594000,1785153461802594000,1785153461802595000,1785153461802685000,1785153461802689000,1785153461802689000,1785153461802689000,121932490,121652369,-190.121,0.000,0.000,1.000,4.000,0.000,0.000,84.000,0,0,0
B3_zmq_pushpull,zmq_tcp,none,none,,1,25343,512,584,1785153461803610000,1785153461803610000,1785153461803610000,1785153461803611000,1785153461803662000,1785153461803665000,1785153461803665000,1785153461803665000,121932490,121652369,-229.121,0.000,0.000,1.000,3.000,0.000,0.000,39.000,0,0,0
B3_zmq_pushpull,zmq_tcp,none,none,,1,25344,512,584,1785153461804602000,1785153461804602000,1785153461804602000,1785153461804603000,1785153461804647000,1785153461804650000,1785153461804650000,1785153461804650000,121932490,121652369,-236.121,0.000,0.000,1.000,3.000,0.000,0.000,7.000,0,0,0
B3_zmq_pushpull,zmq_tcp,none,none,,1,25345,512,584,1785153461805607000,1785153461805607000,1785153461805607000,1785153461805608000,1785153461805781000,1785153461805785000,1785153461805785000,1785153461805785000,121932490,121652369,-107.121,0.000,0.000,1.000,4.000,0.000,0.000,129.000,0,0,0
B3_zmq_pushpull,zmq_tcp,none,none,,1,25346,512,584,1785153461806609000,1785153461806610000,1785153461806610000,1785153461806611000,1785153461806783000,1785153461806785000,1785153461806785000,1785153461806785000,121932490,121652369,-108.121,1.000,0.000,1.000,2.000,0.000,0.000,1.000,0,0,0
B3_zmq_pushpull,zmq_tcp,none,none,,1,25347,512,584,1785153461807609000,1785153461807609000,1785153461807609000,1785153461807610000,1785153461807779000,1785153461807781000,1785153461807781000,1785153461807781000,121932490,121652369,-111.121,0.000,0.000,1.000,2.000,0.000,0.000,3.000,0,0,0
B3_zmq_pushpull,zmq_tcp,none,none,,1,25348,512,584,1785153461808602000,1785153461808602000,1785153461808602000,1785153461808603000,1785153461808759000,1785153461808762000,1785153461808762000,1785153461808762000,121932490,121652369,-124.121,0.000,0.000,1.000,3.000,0.000,0.000,13.000,0,0,0
B3_zmq_pushpull,zmq_tcp,none,none,,1,25349,512,584,1785153461809608000,1785153461809608000,1785153461809608000,1785153461809609000,1785153461809762000,1785153461809764000,1785153461809764000,1785153461809764000,121932490,121652369,-127.121,0.000,0.000,1.000,2.000,0.000,0.000,3.000,0,0,0
B3_zmq_pushpull,zmq_tcp,none,none,,1,25350,512,584,1785153461810606000,1785153461810606000,1785153461810606000,1785153461810607000,1785153461810757000,1785153461810760000,1785153461810760000,1785153461810760000,121932490,121652369,-130.121,0.000,0.000,1.000,3.000,0.000,0.000,3.000,0,0,0
B3_zmq_pushpull,zmq_tcp,none,none,,1,25351,512,584,1785153461811463000,1785153461811463000,1785153461811463000,1785153461811464000,1785153461811615000,1785153461811617000,1785153461811617000,1785153461811617000,121932490,121652369,-129.121,0.000,0.000,1.000,2.000,0.000,0.000,1.000,0,0,0
B3_zmq_pushpull,zmq_tcp,none,none,,1,25352,512,584,1785153461812453000,1785153461812453000,1785153461812453000,1785153461812454000,1785153461812598000,1785153461812600000,1785153461812600000,1785153461812600000,121932490,121652369,-136.121,0.000,0.000,1.000,2.000,0.000,0.000,7.000,0,0,0
B3_zmq_pushpull,zmq_tcp,none,none,,1,25353,512,584,1785153461813644000,1785153461813645000,1785153461813645000,1785153461813646000,1785153461813715000,1785153461813718000,1785153461813718000,1785153461813718000,121932490,121652369,-211.121,1.000,0.000,1.000,3.000,0.000,0.000,75.000,0,0,0
B3_zmq_pushpull,zmq_tcp,none,none,,1,25354,512,584,1785153461814598000,1785153461814598000,1785153461814598000,1785153461814599000,1785153461814720000,1785153461814723000,1785153461814723000,1785153461814723000,121932490,121652369,-159.121,0.000,0.000,1.000,3.000,0.000,0.000,52.000,0,0,0
B3_zmq_pushpull,zmq_tcp,none,none,,1,25355,512,584,1785153461815421000,1785153461815421000,1785153461815421000,1785153461815422000,1785153461815566000,1785153461815569000,1785153461815569000,1785153461815569000,121932490,121652369,-136.121,0.000,0.000,1.000,3.000,0.000,0.000,23.000,0,0,0
B3_zmq_pushpull,zmq_tcp,none,none,,1,25356,512,584,1785153461816653000,1785153461816653000,1785153461816653000,1785153461816654000,1785153461816832000,1785153461816836000,1785153461816836000,1785153461816836000,121932490,121652369,-102.121,0.000,0.000,1.000,4.000,0.000,0.000,34.000,0,0,0
B3_zmq_pushpull,zmq_tcp,none,none,,1,25357,512,584,1785153461817512000,1785153461817513000,1785153461817513000,1785153461817514000,1785153461817664000,1785153461817667000,1785153461817667000,1785153461817667000,121932490,121652369,-130.121,1.000,0.000,1.000,3.000,0.000,0.000,28.000,0,0,0
B3_zmq_pushpull,zmq_tcp,none,none,,1,25358,512,584,1785153461818504000,1785153461818504000,1785153461818504000,1785153461818505000,1785153461818659000,1785153461818661000,1785153461818661000,1785153461818661000,121932490,121652369,-126.121,0.000,0.000,1.000,2.000,0.000,0.000,4.000,0,0,0
B3_zmq_pushpull,zmq_tcp,none,none,,1,25359,512,584,1785153461819631000,1785153461819631000,1785153461819631000,1785153461819632000,1785153461819764000,1785153461819766000,1785153461819766000,1785153461819766000,121932490,121652369,-148.121,0.000,0.000,1.000,2.000,0.000,0.000,22.000,0,0,0
B3_zmq_pushpull,zmq_tcp,none,none,,1,25360,512,584,1785153461820606000,1785153461820606000,1785153461820606000,1785153461820607000,1785153461820755000,1785153461820757000,1785153461820758000,1785153461820758000,121932490,121652369,-132.121,0.000,0.000,1.000,2.000,1.000,0.000,16.000,0,0,0
B3_zmq_pushpull,zmq_tcp,none,none,,1,25361,512,584,1785153461821606000,1785153461821606000,1785153461821606000,1785153461821607000,1785153461821743000,1785153461821745000,1785153461821745000,1785153461821745000,121932490,121652369,-144.121,0.000,0.000,1.000,2.000,0.000,0.000,12.000,0,0,0
B3_zmq_pushpull,zmq_tcp,none,none,,1,25362,512,584,1785153461822606000,1785153461822606000,1785153461822606000,1785153461822607000,1785153461822739000,1785153461822742000,1785153461822743000,1785153461822743000,121932490,121652369,-148.121,0.000,0.000,1.000,3.000,1.000,0.000,4.000,0,0,0
B3_zmq_pushpull,zmq_tcp,none,none,,1,25363,512,584,1785153461823606000,1785153461823606000,1785153461823606000,1785153461823607000,1785153461823709000,1785153461823712000,1785153461823712000,1785153461823712000,121932490,121652369,-178.121,0.000,0.000,1.000,3.000,0.000,0.000,30.000,0,0,0
B3_zmq_pushpull,zmq_tcp,none,none,,1,25364,512,584,1785153461824607000,1785153461824607000,1785153461824607000,1785153461824608000,1785153461824687000,1785153461824689000,1785153461824689000,1785153461824689000,121932490,121652369,-201.121,0.000,0.000,1.000,2.000,0.000,0.000,23.000,0,0,0
B3_zmq_pushpull,zmq_tcp,none,none,,1,25365,512,584,1785153461825603000,1785153461825603000,1785153461825603000,1785153461825604000,1785153461825650000,1785153461825653000,1785153461825653000,1785153461825653000,121932490,121652369,-234.121,0.000,0.000,1.000,3.000,0.000,0.000,33.000,0,0,0
B3_zmq_pushpull,zmq_tcp,none,none,,1,25366,512,584,1785153461826610000,1785153461826610000,1785153461826610000,1785153461826611000,1785153461826661000,1785153461826665000,1785153461826665000,1785153461826665000,121932490,121652369,-230.121,0.000,0.000,1.000,4.000,0.000,0.000,4.000,0,0,0
B3_zmq_pushpull,zmq_tcp,none,none,,1,25367,512,584,1785153461827501000,1785153461827501000,1785153461827502000,1785153461827503000,1785153461827646000,1785153461827648000,1785153461827648000,1785153461827648000,121932490,121652369,-137.121,0.000,1.000,1.000,2.000,0.000,0.000,93.000,0,0,0
B3_zmq_pushpull,zmq_tcp,none,none,,1,25368,512,584,1785153461828633000,1785153461828633000,1785153461828633000,1785153461828634000,1785153461828775000,1785153461828778000,1785153461828778000,1785153461828778000,121932490,121652369,-139.121,0.000,0.000,1.000,3.000,0.000,0.000,2.000,0,0,0
B3_zmq_pushpull,zmq_tcp,none,none,,1,25369,512,584,1785153461829466000,1785153461829466000,1785153461829466000,1785153461829467000,1785153461829626000,1785153461829633000,1785153461829633000,1785153461829634000,121932490,121652369,-121.121,0.000,0.000,1.000,7.000,0.000,1.000,18.000,0,0,0
B3_zmq_pushpull,zmq_tcp,none,none,,1,25370,512,584,1785153461830478000,1785153461830479000,1785153461830479000,1785153461830480000,1785153461830638000,1785153461830640000,1785153461830641000,1785153461830641000,121932490,121652369,-122.121,1.000,0.000,1.000,2.000,1.000,0.000,1.000,0,0,0
B3_zmq_pushpull,zmq_tcp,none,none,,1,25371,512,584,1785153461831473000,1785153461831473000,1785153461831473000,1785153461831474000,1785153461831628000,1785153461831631000,1785153461831631000,1785153461831631000,121932490,121652369,-126.121,0.000,0.000,1.000,3.000,0.000,0.000,4.000,0,0,0
B3_zmq_pushpull,zmq_tcp,none,none,,1,25372,512,584,1785153461832640000,1785153461832640000,1785153461832640000,1785153461832641000,1785153461832779000,1785153461832782000,1785153461832782000,1785153461832782000,121932490,121652369,-142.121,0.000,0.000,1.000,3.000,0.000,0.000,16.000,0,0,0
B3_zmq_pushpull,zmq_tcp,none,none,,1,25373,512,584,1785153461833598000,1785153461833599000,1785153461833599000,1785153461833600000,1785153461833778000,1785153461833781000,1785153461833781000,1785153461833781000,121932490,121652369,-102.121,1.000,0.000,1.000,3.000,0.000,0.000,40.000,0,0,0
B3_zmq_pushpull,zmq_tcp,none,none,,1,25374,512,584,1785153461834611000,1785153461834611000,1785153461834611000,1785153461834612000,1785153461834775000,1785153461834777000,1785153461834778000,1785153461834778000,121932490,121652369,-117.121,0.000,0.000,1.000,2.000,1.000,0.000,15.000,0,0,0
B3_zmq_pushpull,zmq_tcp,none,none,,1,25375,512,584,1785153461835605000,1785153461835605000,1785153461835605000,1785153461835606000,1785153461835764000,1785153461835767000,1785153461835767000,1785153461835767000,121932490,121652369,-122.121,0.000,0.000,1.000,3.000,0.000,0.000,5.000,0,0,0
B3_zmq_pushpull,zmq_tcp,none,none,,1,25376,512,584,1785153461836611000,1785153461836611000,1785153461836611000,1785153461836612000,1785153461836740000,1785153461836743000,1785153461836743000,1785153461836743000,121932490,121652369,-152.121,0.000,0.000,1.000,3.000,0.000,0.000,30.000,0,0,0
B3_zmq_pushpull,zmq_tcp,none,none,,1,25377,512,584,1785153461837602000,1785153461837602000,1785153461837602000,1785153461837603000,1785153461837720000,1785153461837723000,1785153461837723000,1785153461837723000,121932490,121652369,-163.121,0.000,0.000,1.000,3.000,0.000,0.000,11.000,0,0,0
B3_zmq_pushpull,zmq_tcp,none,none,,1,25378,512,584,1785153461838607000,1785153461838607000,1785153461838607000,1785153461838608000,1785153461838707000,1785153461838709000,1785153461838709000,1785153461838709000,121932490,121652369,-181.121,0.000,0.000,1.000,2.000,0.000,0.000,18.000,0,0,0
B3_zmq_pushpull,zmq_tcp,none,none,,1,25379,512,584,1785153461839606000,1785153461839606000,1785153461839606000,1785153461839607000,1785153461839696000,1785153461839699000,1785153461839699000,1785153461839699000,121932490,121652369,-191.121,0.000,0.000,1.000,3.000,0.000,0.000,10.000,0,0,0
B3_zmq_pushpull,zmq_tcp,none,none,,1,25380,512,584,1785153461840607000,1785153461840607000,1785153461840607000,1785153461840608000,1785153461840684000,1785153461840688000,1785153461840688000,1785153461840688000,121932490,121652369,-204.121,0.000,0.000,1.000,4.000,0.000,0.000,13.000,0,0,0
B3_zmq_pushpull,zmq_tcp,none,none,,1,25381,512,584,1785153461841603000,1785153461841603000,1785153461841603000,1785153461841604000,1785153461841665000,1785153461841668000,1785153461841668000,1785153461841668000,121932490,121652369,-219.121,0.000,0.000,1.000,3.000,0.000,0.000,15.000,0,0,0
B3_zmq_pushpull,zmq_tcp,none,none,,1,25382,512,584,1785153461842504000,1785153461842504000,1785153461842504000,1785153461842505000,1785153461842662000,1785153461842664000,1785153461842664000,1785153461842664000,121932490,121652369,-123.121,0.000,0.000,1.000,2.000,0.000,0.000,96.000,0,0,0
B3_zmq_pushpull,zmq_tcp,none,none,,1,25383,512,584,1785153461843480000,1785153461843480000,1785153461843480000,1785153461843481000,1785153461843638000,1785153461843642000,1785153461843642000,1785153461843642000,121932490,121652369,-123.121,0.000,0.000,1.000,4.000,0.000,0.000,0.000,0,0,0
B3_zmq_pushpull,zmq_tcp,none,none,,1,25384,512,584,1785153461844638000,1785153461844638000,1785153461844638000,1785153461844639000,1785153461844751000,1785153461844754000,1785153461844754000,1785153461844754000,121932490,121652369,-168.121,0.000,0.000,1.000,3.000,0.000,0.000,45.000,0,0,0
B3_zmq_pushpull,zmq_tcp,none,none,,1,25385,512,584,1785153461845595000,1785153461845595000,1785153461845595000,1785153461845596000,1785153461845708000,1785153461845711000,1785153461845711000,1785153461845711000,121932490,121652369,-168.121,0.000,0.000,1.000,3.000,0.000,0.000,0.000,0,0,0
B3_zmq_pushpull,zmq_tcp,none,none,,1,25386,512,584,1785153461846609000,1785153461846609000,1785153461846609000,1785153461846610000,1785153461846696000,1785153461846699000,1785153461846699000,1785153461846699000,121932490,121652369,-194.121,0.000,0.000,1.000,3.000,0.000,0.000,26.000,0,0,0
B3_zmq_pushpull,zmq_tcp,none,none,,1,25387,512,584,1785153461847609000,1785153461847609000,1785153461847609000,1785153461847610000,1785153461847683000,1785153461847686000,1785153461847686000,1785153461847686000,121932490,121652369,-207.121,0.000,0.000,1.000,3.000,0.000,0.000,13.000,0,0,0
B3_zmq_pushpull,zmq_tcp,none,none,,1,25388,512,584,1785153461848608000,1785153461848608000,1785153461848608000,1785153461848609000,1785153461848676000,1785153461848681000,1785153461848681000,1785153461848681000,121932490,121652369,-213.121,0.000,0.000,1.000,5.000,0.000,0.000,6.000,0,0,0
B3_zmq_pushpull,zmq_tcp,none,none,,1,25389,512,584,1785153461849518000,1785153461849518000,1785153461849518000,1785153461849519000,1785153461849679000,1785153461849682000,1785153461849682000,1785153461849682000,121932490,121652369,-120.121,0.000,0.000,1.000,3.000,0.000,0.000,93.000,0,0,0
B3_zmq_pushpull,zmq_tcp,none,none,,1,25390,512,584,1785153461850633000,1785153461850633000,1785153461850633000,1785153461850634000,1785153461850816000,1785153461850820000,1785153461850820000,1785153461850820000,121932490,121652369,-98.121,0.000,0.000,1.000,4.000,0.000,0.000,22.000,0,0,0
B3_zmq_pushpull,zmq_tcp,none,none,,1,25391,512,584,1785153461851518000,1785153461851518000,1785153461851518000,1785153461851519000,1785153461851670000,1785153461851674000,1785153461851674000,1785153461851674000,121932490,121652369,-129.121,0.000,0.000,1.000,4.000,0.000,0.000,31.000,0,0,0
B3_zmq_pushpull,zmq_tcp,none,none,,1,25392,512,584,1785153461852508000,1785153461852508000,1785153461852509000,1785153461852509000,1785153461852668000,1785153461852671000,1785153461852671000,1785153461852671000,121932490,121652369,-121.121,0.000,1.000,0.000,3.000,0.000,0.000,8.000,0,0,0
B3_zmq_pushpull,zmq_tcp,none,none,,1,25393,512,584,1785153461853507000,1785153461853507000,1785153461853507000,1785153461853508000,1785153461853664000,1785153461853667000,1785153461853667000,1785153461853667000,121932490,121652369,-124.121,0.000,0.000,1.000,3.000,0.000,0.000,3.000,0,0,0
B3_zmq_pushpull,zmq_tcp,none,none,,1,25394,512,584,1785153461854636000,1785153461854637000,1785153461854637000,1785153461854638000,1785153461854785000,1785153461854787000,1785153461854787000,1785153461854787000,121932490,121652369,-133.121,1.000,0.000,1.000,2.000,0.000,0.000,9.000,0,0,0
B3_zmq_pushpull,zmq_tcp,none,none,,1,25395,512,584,1785153461855599000,1785153461855599000,1785153461855599000,1785153461855600000,1785153461855778000,1785153461855780000,1785153461855780000,1785153461855780000,121932490,121652369,-102.121,0.000,0.000,1.000,2.000,0.000,0.000,31.000,0,0,0
B3_zmq_pushpull,zmq_tcp,none,none,,1,25396,512,584,1785153461856608000,1785153461856608000,1785153461856608000,1785153461856609000,1785153461856751000,1785153461856754000,1785153461856754000,1785153461856754000,121932490,121652369,-138.121,0.000,0.000,1.000,3.000,0.000,0.000,36.000,0,0,0
B3_zmq_pushpull,zmq_tcp,none,none,,1,25397,512,584,1785153461857606000,1785153461857606000,1785153461857606000,1785153461857607000,1785153461857739000,1785153461857742000,1785153461857742000,1785153461857742000,121932490,121652369,-148.121,0.000,0.000,1.000,3.000,0.000,0.000,10.000,0,0,0
B3_zmq_pushpull,zmq_tcp,none,none,,1,25398,512,584,1785153461858606000,1785153461858606000,1785153461858606000,1785153461858607000,1785153461858704000,1785153461858707000,1785153461858707000,1785153461858707000,121932490,121652369,-183.121,0.000,0.000,1.000,3.000,0.000,0.000,35.000,0,0,0
B3_zmq_pushpull,zmq_tcp,none,none,,1,25399,512,584,1785153461859603000,1785153461859603000,1785153461859603000,1785153461859604000,1785153461859662000,1785153461859665000,1785153461859665000,1785153461859665000,121932490,121652369,-222.121,0.000,0.000,1.000,3.000,0.000,0.000,39.000,0,0,0
B3_zmq_pushpull,zmq_tcp,none,none,,1,25400,512,584,1785153461860607000,1785153461860608000,1785153461860608000,1785153461860609000,1785153461860674000,1785153461860676000,1785153461860677000,1785153461860677000,121932490,121652369,-215.121,1.000,0.000,1.000,2.000,1.000,0.000,7.000,0,0,0
B3_zmq_pushpull,zmq_tcp,none,none,,1,25401,512,584,1785153461861606000,1785153461861606000,1785153461861606000,1785153461861607000,1785153461861682000,1785153461861685000,1785153461861685000,1785153461861685000,121932490,121652369,-205.121,0.000,0.000,1.000,3.000,0.000,0.000,10.000,0,0,0
B3_zmq_pushpull,zmq_tcp,none,none,,1,25402,512,584,1785153461862603000,1785153461862603000,1785153461862604000,1785153461862604000,1785153461862656000,1785153461862659000,1785153461862659000,1785153461862659000,121932490,121652369,-228.121,0.000,1.000,0.000,3.000,0.000,0.000,23.000,0,0,0
B3_zmq_pushpull,zmq_tcp,none,none,,1,25403,512,584,1785153461863607000,1785153461863607000,1785153461863607000,1785153461863608000,1785153461863657000,1785153461863660000,1785153461863660000,1785153461863660000,121932490,121652369,-231.121,0.000,0.000,1.000,3.000,0.000,0.000,3.000,0,0,0
B3_zmq_pushpull,zmq_tcp,none,none,,1,25404,512,584,1785153461864611000,1785153461864611000,1785153461864611000,1785153461864612000,1785153461864800000,1785153461864803000,1785153461864803000,1785153461864803000,121932490,121652369,-92.121,0.000,0.000,1.000,3.000,0.000,0.000,139.000,0,0,0
B3_zmq_pushpull,zmq_tcp,none,none,,1,25405,512,584,1785153461865603000,1785153461865603000,1785153461865604000,1785153461865604000,1785153461865648000,1785153461865652000,1785153461865652000,1785153461865652000,121932490,121652369,-236.121,0.000,1.000,0.000,4.000,0.000,0.000,144.000,0,0,0
B3_zmq_pushpull,zmq_tcp,none,none,,1,25406,512,584,1785153461866608000,1785153461866608000,1785153461866608000,1785153461866609000,1785153461866758000,1785153461866760000,1785153461866760000,1785153461866760000,121932490,121652369,-131.121,0.000,0.000,1.000,2.000,0.000,0.000,105.000,0,0,0
B3_zmq_pushpull,zmq_tcp,none,none,,1,25407,512,584,1785153461867600000,1785153461867600000,1785153461867601000,1785153461867602000,1785153461867739000,1785153461867742000,1785153461867742000,1785153461867742000,121932490,121652369,-143.121,0.000,1.000,1.000,3.000,0.000,0.000,12.000,0,0,0
B3_zmq_pushpull,zmq_tcp,none,none,,1,25408,512,584,1785153461868449000,1785153461868449000,1785153461868449000,1785153461868450000,1785153461868598000,1785153461868600000,1785153461868600000,1785153461868600000,121932490,121652369,-132.121,0.000,0.000,1.000,2.000,0.000,0.000,11.000,0,0,0
B3_zmq_pushpull,zmq_tcp,none,none,,1,25409,512,584,1785153461869644000,1785153461869645000,1785153461869645000,1785153461869646000,1785153461869713000,1785153461869716000,1785153461869716000,1785153461869716000,121932490,121652369,-213.121,1.000,0.000,1.000,3.000,0.000,0.000,81.000,0,0,0
B3_zmq_pushpull,zmq_tcp,none,none,,1,25410,512,584,1785153461870597000,1785153461870597000,1785153461870597000,1785153461870598000,1785153461870680000,1785153461870683000,1785153461870683000,1785153461870683000,121932490,121652369,-198.121,0.000,0.000,1.000,3.000,0.000,0.000,15.000,0,0,0
B3_zmq_pushpull,zmq_tcp,none,none,,1,25411,512,584,1785153461871611000,1785153461871611000,1785153461871611000,1785153461871613000,1785153461871787000,1785153461871790000,1785153461871790000,1785153461871790000,121932490,121652369,-106.121,0.000,0.000,2.000,3.000,0.000,0.000,92.000,0,0,0
B3_zmq_pushpull,zmq_tcp,none,none,,1,25412,512,584,1785153461872604000,1785153461872604000,1785153461872604000,1785153461872605000,1785153461872763000,1785153461872766000,1785153461872766000,1785153461872766000,121932490,121652369,-122.121,0.000,0.000,1.000,3.000,0.000,0.000,16.000,0,0,0
B3_zmq_pushpull,zmq_tcp,none,none,,1,25413,512,584,1785153461873608000,1785153461873608000,1785153461873608000,1785153461873609000,1785153461873760000,1785153461873763000,1785153461873763000,1785153461873763000,121932490,121652369,-129.121,0.000,0.000,1.000,3.000,0.000,0.000,7.000,0,0,0
B3_zmq_pushpull,zmq_tcp,none,none,,1,25414,512,584,1785153461874606000,1785153461874606000,1785153461874606000,1785153461874607000,1785153461874762000,1785153461874764000,1785153461874764000,1785153461874765000,121932490,121652369,-125.121,0.000,0.000,1.000,2.000,0.000,1.000,4.000,0,0,0
B3_zmq_pushpull,zmq_tcp,none,none,,1,25415,512,584,1785153461875461000,1785153461875461000,1785153461875461000,1785153461875462000,1785153461875618000,1785153461875621000,1785153461875621000,1785153461875621000,121932490,121652369,-124.121,0.000,0.000,1.000,3.000,0.000,0.000,1.000,0,0,0
B3_zmq_pushpull,zmq_tcp,none,none,,1,25416,512,584,1785153461876642000,1785153461876642000,1785153461876642000,1785153461876643000,1785153461876727000,1785153461876729000,1785153461876729000,1785153461876729000,121932490,121652369,-196.121,0.000,0.000,1.000,2.000,0.000,0.000,72.000,0,0,0
B3_zmq_pushpull,zmq_tcp,none,none,,1,25417,512,584,1785153461877600000,1785153461877601000,1785153461877601000,1785153461877602000,1785153461877714000,1785153461877716000,1785153461877716000,1785153461877717000,121932490,121652369,-168.121,1.000,0.000,1.000,2.000,0.000,1.000,28.000,0,0,0
B3_zmq_pushpull,zmq_tcp,none,none,,1,25418,512,584,1785153461878607000,1785153461878608000,1785153461878608000,1785153461878609000,1785153461878690000,1785153461878693000,1785153461878693000,1785153461878693000,121932490,121652369,-199.121,1.000,0.000,1.000,3.000,0.000,0.000,31.000,0,0,0
B3_zmq_pushpull,zmq_tcp,none,none,,1,25419,512,584,1785153461879603000,1785153461879604000,1785153461879604000,1785153461879605000,1785153461879675000,1785153461879678000,1785153461879678000,1785153461879678000,121932490,121652369,-210.121,1.000,0.000,1.000,3.000,0.000,0.000,11.000,0,0,0
B3_zmq_pushpull,zmq_tcp,none,none,,1,25420,512,584,1785153461880607000,1785153461880608000,1785153461880608000,1785153461880609000,1785153461880652000,1785153461880656000,1785153461880656000,1785153461880656000,121932490,121652369,-237.121,1.000,0.000,1.000,4.000,0.000,0.000,27.000,0,0,0
B3_zmq_pushpull,zmq_tcp,none,none,,1,25421,512,584,1785153461881608000,1785153461881609000,1785153461881609000,1785153461881610000,1785153461881780000,1785153461881783000,1785153461881783000,1785153461881783000,121932490,121652369,-110.121,1.000,0.000,1.000,3.000,0.000,0.000,127.000,0,0,0
B3_zmq_pushpull,zmq_tcp,none,none,,1,25422,512,584,1785153461882602000,1785153461882602000,1785153461882602000,1785153461882603000,1785153461882760000,1785153461882763000,1785153461882763000,1785153461882763000,121932490,121652369,-123.121,0.000,0.000,1.000,3.000,0.000,0.000,13.000,0,0,0
B3_zmq_pushpull,zmq_tcp,none,none,,1,25423,512,584,1785153461883476000,1785153461883476000,1785153461883476000,1785153461883477000,1785153461883636000,1785153461883639000,1785153461883639000,1785153461883639000,121932490,121652369,-121.121,0.000,0.000,1.000,3.000,0.000,0.000,2.000,0,0,0
B3_zmq_pushpull,zmq_tcp,none,none,,1,25424,512,584,1785153461884470000,1785153461884471000,1785153461884471000,1785153461884472000,1785153461884615000,1785153461884618000,1785153461884618000,1785153461884618000,121932490,121652369,-137.121,1.000,0.000,1.000,3.000,0.000,0.000,16.000,0,0,0
B3_zmq_pushpull,zmq_tcp,none,none,,1,25425,512,584,1785153461885437000,1785153461885437000,1785153461885437000,1785153461885438000,1785153461885587000,1785153461885590000,1785153461885590000,1785153461885590000,121932490,121652369,-131.121,0.000,0.000,1.000,3.000,0.000,0.000,6.000,0,0,0
B3_zmq_pushpull,zmq_tcp,none,none,,1,25426,512,584,1785153461886412000,1785153461886412000,1785153461886412000,1785153461886413000,1785153461886566000,1785153461886568000,1785153461886568000,1785153461886568000,121932490,121652369,-127.121,0.000,0.000,1.000,2.000,0.000,0.000,4.000,0,0,0
B3_zmq_pushpull,zmq_tcp,none,none,,1,25427,512,584,1785153461887658000,1785153461887658000,1785153461887659000,1785153461887660000,1785153461887709000,1785153461887712000,1785153461887713000,1785153461887713000,121932490,121652369,-231.121,0.000,1.000,1.000,3.000,1.000,0.000,104.000,0,0,0
B3_zmq_pushpull,zmq_tcp,none,none,,1,25428,512,584,1785153461888594000,1785153461888594000,1785153461888594000,1785153461888595000,1785153461888707000,1785153461888710000,1785153461888710000,1785153461888710000,121932490,121652369,-168.121,0.000,0.000,1.000,3.000,0.000,0.000,63.000,0,0,0
B3_zmq_pushpull,zmq_tcp,none,none,,1,25429,512,584,1785153461889611000,1785153461889611000,1785153461889611000,1785153461889612000,1785153461889708000,1785153461889711000,1785153461889711000,1785153461889711000,121932490,121652369,-184.121,0.000,0.000,1.000,3.000,0.000,0.000,16.000,0,0,0
B3_zmq_pushpull,zmq_tcp,none,none,,1,25430,512,584,1785153461890606000,1785153461890606000,1785153461890606000,1785153461890607000,1785153461890712000,1785153461890715000,1785153461890715000,1785153461890715000,121932490,121652369,-175.121,0.000,0.000,1.000,3.000,0.000,0.000,9.000,0,0,0
B3_zmq_pushpull,zmq_tcp,none,none,,1,25431,512,584,1785153461891606000,1785153461891606000,1785153461891606000,1785153461891607000,1785153461891671000,1785153461891674000,1785153461891674000,1785153461891674000,121932490,121652369,-216.121,0.000,0.000,1.000,3.000,0.000,0.000,41.000,0,0,0
B3_zmq_pushpull,zmq_tcp,none,none,,1,25432,512,584,1785153461892606000,1785153461892606000,1785153461892606000,1785153461892607000,1785153461892796000,1785153461892799000,1785153461892799000,1785153461892799000,121932490,121652369,-91.121,0.000,0.000,1.000,3.000,0.000,0.000,125.000,0,0,0
B3_zmq_pushpull,zmq_tcp,none,none,,1,25433,512,584,1785153461893486000,1785153461893486000,1785153461893486000,1785153461893488000,1785153461893648000,1785153461893652000,1785153461893652000,1785153461893652000,121932490,121652369,-120.121,0.000,0.000,2.000,4.000,0.000,0.000,29.000,0,0,0
B3_zmq_pushpull,zmq_tcp,none,none,,1,25434,512,584,1785153461894477000,1785153461894477000,1785153461894477000,1785153461894478000,1785153461894637000,1785153461894639000,1785153461894639000,1785153461894639000,121932490,121652369,-121.121,0.000,0.000,1.000,2.000,0.000,0.000,1.000,0,0,0
B3_zmq_pushpull,zmq_tcp,none,none,,1,25435,512,584,1785153461895477000,1785153461895477000,1785153461895477000,1785153461895478000,1785153461895631000,1785153461895634000,1785153461895634000,1785153461895634000,121932490,121652369,-127.121,0.000,0.000,1.000,3.000,0.000,0.000,6.000,0,0,0
B3_zmq_pushpull,zmq_tcp,none,none,,1,25436,512,584,1785153461896639000,1785153461896639000,1785153461896639000,1785153461896640000,1785153461896779000,1785153461896782000,1785153461896782000,1785153461896782000,121932490,121652369,-141.121,0.000,0.000,1.000,3.000,0.000,0.000,14.000,0,0,0
B3_zmq_pushpull,zmq_tcp,none,none,,1,25437,512,584,1785153461897605000,1785153461897605000,1785153461897605000,1785153461897606000,1785153461897784000,1785153461897787000,1785153461897787000,1785153461897787000,121932490,121652369,-102.121,0.000,0.000,1.000,3.000,0.000,0.000,39.000,0,0,0
B3_zmq_pushpull,zmq_tcp,none,none,,1,25438,512,584,1785153461898609000,1785153461898609000,1785153461898609000,1785153461898610000,1785153461898781000,1785153461898784000,1785153461898784000,1785153461898784000,121932490,121652369,-109.121,0.000,0.000,1.000,3.000,0.000,0.000,7.000,0,0,0
B3_zmq_pushpull,zmq_tcp,none,none,,1,25439,512,584,1785153461899487000,1785153461899487000,1785153461899487000,1785153461899488000,1785153461899647000,1785153461899650000,1785153461899650000,1785153461899650000,121932490,121652369,-121.121,0.000,0.000,1.000,3.000,0.000,0.000,12.000,0,0,0
B3_zmq_pushpull,zmq_tcp,none,none,,1,25440,512,584,1785153461900639000,1785153461900639000,1785153461900639000,1785153461900640000,1785153461900770000,1785153461900772000,1785153461900772000,1785153461900772000,121932490,121652369,-150.121,0.000,0.000,1.000,2.000,0.000,0.000,29.000,0,0,0
B3_zmq_pushpull,zmq_tcp,none,none,,1,25441,512,584,1785153461901600000,1785153461901600000,1785153461901600000,1785153461901601000,1785153461901645000,1785153461901649000,1785153461901649000,1785153461901649000,121932490,121652369,-236.121,0.000,0.000,1.000,4.000,0.000,0.000,86.000,0,0,0
B3_zmq_pushpull,zmq_tcp,none,none,,1,25442,512,584,1785153461902502000,1785153461902502000,1785153461902502000,1785153461902503000,1785153461902651000,1785153461902654000,1785153461902654000,1785153461902654000,121932490,121652369,-132.121,0.000,0.000,1.000,3.000,0.000,0.000,104.000,0,0,0
B3_zmq_pushpull,zmq_tcp,none,none,,1,25443,512,584,1785153461903502000,1785153461903503000,1785153461903503000,1785153461903504000,1785153461903663000,1785153461903667000,1785153461903667000,1785153461903667000,121932490,121652369,-121.121,1.000,0.000,1.000,4.000,0.000,0.000,11.000,0,0,0
B3_zmq_pushpull,zmq_tcp,none,none,,1,25444,512,584,1785153461904527000,1785153461904527000,1785153461904527000,1785153461904528000,1785153461904687000,1785153461904690000,1785153461904690000,1785153461904690000,121932490,121652369,-121.121,0.000,0.000,1.000,3.000,0.000,0.000,0.000,0,0,0
B3_zmq_pushpull,zmq_tcp,none,none,,1,25445,512,584,1785153461905630000,1785153461905630000,1785153461905630000,1785153461905631000,1785153461905824000,1785153461905827000,1785153461905827000,1785153461905827000,121932490,121652369,-87.121,0.000,0.000,1.000,3.000,0.000,0.000,34.000,0,0,0
B3_zmq_pushpull,zmq_tcp,none,none,,1,25446,512,584,1785153461906599000,1785153461906599000,1785153461906599000,1785153461906600000,1785153461906673000,1785153461906676000,1785153461906676000,1785153461906676000,121932490,121652369,-207.121,0.000,0.000,1.000,3.000,0.000,0.000,120.000,0,0,0
B3_zmq_pushpull,zmq_tcp,none,none,,1,25447,512,584,1785153461907610000,1785153461907610000,1785153461907610000,1785153461907611000,1785153461907683000,1785153461907686000,1785153461907686000,1785153461907686000,121932490,121652369,-208.121,0.000,0.000,1.000,3.000,0.000,0.000,1.000,0,0,0
B3_zmq_pushpull,zmq_tcp,none,none,,1,25448,512,584,1785153461908606000,1785153461908606000,1785153461908607000,1785153461908608000,1785153461908672000,1785153461908675000,1785153461908675000,1785153461908675000,121932490,121652369,-216.121,0.000,1.000,1.000,3.000,0.000,0.000,8.000,0,0,0
B3_zmq_pushpull,zmq_tcp,none,none,,1,25449,512,584,1785153461909609000,1785153461909609000,1785153461909609000,1785153461909610000,1785153461909674000,1785153461909677000,1785153461909677000,1785153461909677000,121932490,121652369,-216.121,0.000,0.000,1.000,3.000,0.000,0.000,0.000,0,0,0
B3_zmq_pushpull,zmq_tcp,none,none,,1,25450,512,584,1785153461910604000,1785153461910604000,1785153461910604000,1785153461910605000,1785153461910682000,1785153461910685000,1785153461910685000,1785153461910685000,121932490,121652369,-203.121,0.000,0.000,1.000,3.000,0.000,0.000,13.000,0,0,0
B3_zmq_pushpull,zmq_tcp,none,none,,1,25451,512,584,1785153461911609000,1785153461911610000,1785153461911610000,1785153461911611000,1785153461911689000,1785153461911691000,1785153461911691000,1785153461911691000,121932490,121652369,-202.121,1.000,0.000,1.000,2.000,0.000,0.000,1.000,0,0,0
B3_zmq_pushpull,zmq_tcp,none,none,,1,25452,512,584,1785153461912608000,1785153461912608000,1785153461912608000,1785153461912609000,1785153461912690000,1785153461912693000,1785153461912693000,1785153461912693000,121932490,121652369,-199.121,0.000,0.000,1.000,3.000,0.000,0.000,3.000,0,0,0
B3_zmq_pushpull,zmq_tcp,none,none,,1,25453,512,584,1785153461913608000,1785153461913608000,1785153461913608000,1785153461913609000,1785153461913799000,1785153461913803000,1785153461913803000,1785153461913803000,121932490,121652369,-90.121,0.000,0.000,1.000,4.000,0.000,0.000,109.000,0,0,0
B3_zmq_pushpull,zmq_tcp,none,none,,1,25454,512,584,1785153461914604000,1785153461914604000,1785153461914604000,1785153461914605000,1785153461914657000,1785153461914660000,1785153461914660000,1785153461914660000,121932490,121652369,-228.121,0.000,0.000,1.000,3.000,0.000,0.000,138.000,0,0,0
B3_zmq_pushpull,zmq_tcp,none,none,,1,25455,512,584,1785153461915610000,1785153461915610000,1785153461915610000,1785153461915611000,1785153461915670000,1785153461915673000,1785153461915673000,1785153461915673000,121932490,121652369,-221.121,0.000,0.000,1.000,3.000,0.000,0.000,7.000,0,0,0
B3_zmq_pushpull,zmq_tcp,none,none,,1,25456,512,584,1785153461916609000,1785153461916610000,1785153461916610000,1785153461916611000,1785153461916673000,1785153461916676000,1785153461916676000,1785153461916676000,121932490,121652369,-218.121,1.000,0.000,1.000,3.000,0.000,0.000,3.000,0,0,0
B3_zmq_pushpull,zmq_tcp,none,none,,1,25457,512,584,1785153461917609000,1785153461917609000,1785153461917609000,1785153461917610000,1785153461917692000,1785153461917695000,1785153461917695000,1785153461917695000,121932490,121652369,-198.121,0.000,0.000,1.000,3.000,0.000,0.000,20.000,0,0,0
B3_zmq_pushpull,zmq_tcp,none,none,,1,25458,512,584,1785153461918608000,1785153461918608000,1785153461918608000,1785153461918609000,1785153461918690000,1785153461918692000,1785153461918692000,1785153461918692000,121932490,121652369,-199.121,0.000,0.000,1.000,2.000,0.000,0.000,1.000,0,0,0
B3_zmq_pushpull,zmq_tcp,none,none,,1,25459,512,584,1785153461919610000,1785153461919610000,1785153461919610000,1785153461919611000,1785153461919718000,1785153461919720000,1785153461919720000,1785153461919720000,121932490,121652369,-173.121,0.000,0.000,1.000,2.000,0.000,0.000,26.000,0,0,0
B3_zmq_pushpull,zmq_tcp,none,none,,1,25460,512,584,1785153461920609000,1785153461920609000,1785153461920609000,1785153461920610000,1785153461920732000,1785153461920736000,1785153461920736000,1785153461920736000,121932490,121652369,-158.121,0.000,0.000,1.000,4.000,0.000,0.000,15.000,0,0,0
B3_zmq_pushpull,zmq_tcp,none,none,,1,25461,512,584,1785153461921606000,1785153461921606000,1785153461921606000,1785153461921607000,1785153461921742000,1785153461921744000,1785153461921744000,1785153461921744000,121932490,121652369,-145.121,0.000,0.000,1.000,2.000,0.000,0.000,13.000,0,0,0
B3_zmq_pushpull,zmq_tcp,none,none,,1,25462,512,584,1785153461922608000,1785153461922608000,1785153461922608000,1785153461922609000,1785153461922747000,1785153461922750000,1785153461922750000,1785153461922750000,121932490,121652369,-142.121,0.000,0.000,1.000,3.000,0.000,0.000,3.000,0,0,0
B3_zmq_pushpull,zmq_tcp,none,none,,1,25463,512,584,1785153461923608000,1785153461923608000,1785153461923608000,1785153461923609000,1785153461923756000,1785153461923759000,1785153461923759000,1785153461923759000,121932490,121652369,-133.121,0.000,0.000,1.000,3.000,0.000,0.000,9.000,0,0,0
B3_zmq_pushpull,zmq_tcp,none,none,,1,25464,512,584,1785153461924606000,1785153461924607000,1785153461924607000,1785153461924608000,1785153461924766000,1785153461924768000,1785153461924768000,1785153461924768000,121932490,121652369,-122.121,1.000,0.000,1.000,2.000,0.000,0.000,11.000,0,0,0
B3_zmq_pushpull,zmq_tcp,none,none,,1,25465,512,584,1785153461925607000,1785153461925607000,1785153461925607000,1785153461925608000,1785153461925780000,1785153461925784000,1785153461925784000,1785153461925784000,121932490,121652369,-108.121,0.000,0.000,1.000,4.000,0.000,0.000,14.000,0,0,0
B3_zmq_pushpull,zmq_tcp,none,none,,1,25466,512,584,1785153461926608000,1785153461926608000,1785153461926608000,1785153461926609000,1785153461926777000,1785153461926780000,1785153461926781000,1785153461926781000,121932490,121652369,-112.121,0.000,0.000,1.000,3.000,1.000,0.000,4.000,0,0,0
B3_zmq_pushpull,zmq_tcp,none,none,,1,25467,512,584,1785153461927607000,1785153461927608000,1785153461927608000,1785153461927609000,1785153461927776000,1785153461927779000,1785153461927779000,1785153461927779000,121932490,121652369,-113.121,1.000,0.000,1.000,3.000,0.000,0.000,1.000,0,0,0
B3_zmq_pushpull,zmq_tcp,none,none,,1,25468,512,584,1785153461928479000,1785153461928479000,1785153461928479000,1785153461928480000,1785153461928635000,1785153461928638000,1785153461928638000,1785153461928638000,121932490,121652369,-125.121,0.000,0.000,1.000,3.000,0.000,0.000,12.000,0,0,0
B3_zmq_pushpull,zmq_tcp,none,none,,1,25469,512,584,1785153461929465000,1785153461929465000,1785153461929465000,1785153461929466000,1785153461929626000,1785153461929629000,1785153461929629000,1785153461929629000,121932490,121652369,-120.121,0.000,0.000,1.000,3.000,0.000,0.000,5.000,0,0,0
B3_zmq_pushpull,zmq_tcp,none,none,,1,25470,512,584,1785153461930644000,1785153461930644000,1785153461930644000,1785153461930645000,1785153461930769000,1785153461930773000,1785153461930773000,1785153461930773000,121932490,121652369,-156.121,0.000,0.000,1.000,4.000,0.000,0.000,36.000,0,0,0
B3_zmq_pushpull,zmq_tcp,none,none,,1,25471,512,584,1785153461931597000,1785153461931597000,1785153461931597000,1785153461931598000,1785153461931773000,1785153461931781000,1785153461931781000,1785153461931781000,121932490,121652369,-105.121,0.000,0.000,1.000,8.000,0.000,0.000,51.000,0,0,0
B3_zmq_pushpull,zmq_tcp,none,none,,1,25472,512,584,1785153461932611000,1785153461932611000,1785153461932611000,1785153461932612000,1785153461932771000,1785153461932774000,1785153461932774000,1785153461932774000,121932490,121652369,-121.121,0.000,0.000,1.000,3.000,0.000,0.000,16.000,0,0,0
B3_zmq_pushpull,zmq_tcp,none,none,,1,25473,512,584,1785153461933460000,1785153461933460000,1785153461933460000,1785153461933461000,1785153461933619000,1785153461933622000,1785153461933622000,1785153461933622000,121932490,121652369,-122.121,0.000,0.000,1.000,3.000,0.000,0.000,1.000,0,0,0
B3_zmq_pushpull,zmq_tcp,none,none,,1,25474,512,584,1785153461934444000,1785153461934444000,1785153461934444000,1785153461934445000,1785153461934594000,1785153461934598000,1785153461934598000,1785153461934598000,121932490,121652369,-131.121,0.000,0.000,1.000,4.000,0.000,0.000,9.000,0,0,0
B3_zmq_pushpull,zmq_tcp,none,none,,1,25475,512,584,1785153461935421000,1785153461935422000,1785153461935422000,1785153461935423000,1785153461935574000,1785153461935577000,1785153461935577000,1785153461935577000,121932490,121652369,-129.121,1.000,0.000,1.000,3.000,0.000,0.000,2.000,0,0,0
B3_zmq_pushpull,zmq_tcp,none,none,,1,25476,512,584,1785153461936653000,1785153461936653000,1785153461936653000,1785153461936654000,1785153461936811000,1785153461936814000,1785153461936814000,1785153461936814000,121932490,121652369,-123.121,0.000,0.000,1.000,3.000,0.000,0.000,6.000,0,0,0
B3_zmq_pushpull,zmq_tcp,none,none,,1,25477,512,584,1785153461937596000,1785153461937596000,1785153461937596000,1785153461937597000,1785153461937667000,1785153461937669000,1785153461937669000,1785153461937669000,121932490,121652369,-210.121,0.000,0.000,1.000,2.000,0.000,0.000,87.000,0,0,0
B3_zmq_pushpull,zmq_tcp,none,none,,1,25478,512,584,1785153461938609000,1785153461938609000,1785153461938609000,1785153461938610000,1785153461938674000,1785153461938677000,1785153461938677000,1785153461938677000,121932490,121652369,-216.121,0.000,0.000,1.000,3.000,0.000,0.000,6.000,0,0,0
B3_zmq_pushpull,zmq_tcp,none,none,,1,25479,512,584,1785153461939606000,1785153461939607000,1785153461939607000,1785153461939608000,1785153461939791000,1785153461939795000,1785153461939795000,1785153461939795000,121932490,121652369,-97.121,1.000,0.000,1.000,4.000,0.000,0.000,119.000,0,0,0
B3_zmq_pushpull,zmq_tcp,none,none,,1,25480,512,584,1785153461940492000,1785153461940492000,1785153461940492000,1785153461940493000,1785153461940646000,1785153461940649000,1785153461940649000,1785153461940649000,121932490,121652369,-127.121,0.000,0.000,1.000,3.000,0.000,0.000,30.000,0,0,0
B3_zmq_pushpull,zmq_tcp,none,none,,1,25481,512,584,1785153461941481000,1785153461941481000,1785153461941481000,1785153461941482000,1785153461941627000,1785153461941630000,1785153461941630000,1785153461941630000,121932490,121652369,-135.121,0.000,0.000,1.000,3.000,0.000,0.000,8.000,0,0,0
B3_zmq_pushpull,zmq_tcp,none,none,,1,25482,512,584,1785153461942641000,1785153461942641000,1785153461942641000,1785153461942642000,1785153461942739000,1785153461942742000,1785153461942742000,1785153461942742000,121932490,121652369,-183.121,0.000,0.000,1.000,3.000,0.000,0.000,48.000,0,0,0
B3_zmq_pushpull,zmq_tcp,none,none,,1,25483,512,584,1785153461943601000,1785153461943601000,1785153461943601000,1785153461943602000,1785153461943718000,1785153461943721000,1785153461943721000,1785153461943721000,121932490,121652369,-164.121,0.000,0.000,1.000,3.000,0.000,0.000,19.000,0,0,0
B3_zmq_pushpull,zmq_tcp,none,none,,1,25484,512,584,1785153461944609000,1785153461944610000,1785153461944610000,1785153461944611000,1785153461944677000,1785153461944682000,1785153461944682000,1785153461944683000,121932490,121652369,-214.121,1.000,0.000,1.000,5.000,0.000,1.000,50.000,0,0,0
B3_zmq_pushpull,zmq_tcp,none,none,,1,25485,512,584,1785153461945604000,1785153461945604000,1785153461945604000,1785153461945605000,1785153461945793000,1785153461945796000,1785153461945796000,1785153461945796000,121932490,121652369,-92.121,0.000,0.000,1.000,3.000,0.000,0.000,122.000,0,0,0
B3_zmq_pushpull,zmq_tcp,none,none,,1,25486,512,584,1785153461946610000,1785153461946611000,1785153461946611000,1785153461946612000,1785153461946771000,1785153461946774000,1785153461946774000,1785153461946774000,121932490,121652369,-121.121,1.000,0.000,1.000,3.000,0.000,0.000,29.000,0,0,0
B3_zmq_pushpull,zmq_tcp,none,none,,1,25487,512,584,1785153461947473000,1785153461947473000,1785153461947473000,1785153461947474000,1785153461947631000,1785153461947634000,1785153461947634000,1785153461947634000,121932490,121652369,-123.121,0.000,0.000,1.000,3.000,0.000,0.000,2.000,0,0,0
B3_zmq_pushpull,zmq_tcp,none,none,,1,25488,512,584,1785153461948472000,1785153461948472000,1785153461948472000,1785153461948473000,1785153461948625000,1785153461948628000,1785153461948628000,1785153461948628000,121932490,121652369,-128.121,0.000,0.000,1.000,3.000,0.000,0.000,5.000,0,0,0
B3_zmq_pushpull,zmq_tcp,none,none,,1,25489,512,584,1785153461949462000,1785153461949462000,1785153461949462000,1785153461949463000,1785153461949616000,1785153461949618000,1785153461949618000,1785153461949618000,121932490,121652369,-127.121,0.000,0.000,1.000,2.000,0.000,0.000,1.000,0,0,0
B3_zmq_pushpull,zmq_tcp,none,none,,1,25490,512,584,1785153461950644000,1785153461950644000,1785153461950644000,1785153461950645000,1785153461950745000,1785153461950747000,1785153461950747000,1785153461950747000,121932490,121652369,-180.121,0.000,0.000,1.000,2.000,0.000,0.000,53.000,0,0,0
B3_zmq_pushpull,zmq_tcp,none,none,,1,25491,512,584,1785153461951597000,1785153461951597000,1785153461951597000,1785153461951598000,1785153461951730000,1785153461951734000,1785153461951734000,1785153461951734000,121932490,121652369,-148.121,0.000,0.000,1.000,4.000,0.000,0.000,32.000,0,0,0
B3_zmq_pushpull,zmq_tcp,none,none,,1,25492,512,584,1785153461952609000,1785153461952609000,1785153461952609000,1785153461952610000,1785153461952720000,1785153461952723000,1785153461952723000,1785153461952723000,121932490,121652369,-170.121,0.000,0.000,1.000,3.000,0.000,0.000,22.000,0,0,0
B3_zmq_pushpull,zmq_tcp,none,none,,1,25493,512,584,1785153461953419000,1785153461953420000,1785153461953420000,1785153461953421000,1785153461953562000,1785153461953565000,1785153461953565000,1785153461953565000,121932490,121652369,-139.121,1.000,0.000,1.000,3.000,0.000,0.000,31.000,0,0,0
B3_zmq_pushpull,zmq_tcp,none,none,,1,25494,512,584,1785153461954656000,1785153461954656000,1785153461954656000,1785153461954657000,1785153461954720000,1785153461954728000,1785153461954728000,1785153461954728000,121932490,121652369,-217.121,0.000,0.000,1.000,8.000,0.000,0.000,78.000,0,0,0
B3_zmq_pushpull,zmq_tcp,none,none,,1,25495,512,584,1785153461955437000,1785153461955437000,1785153461955438000,1785153461955438000,1785153461955591000,1785153461955594000,1785153461955594000,1785153461955594000,121932490,121652369,-127.121,0.000,1.000,0.000,3.000,0.000,0.000,90.000,0,0,0
B3_zmq_pushpull,zmq_tcp,none,none,,1,25496,512,584,1785153461956425000,1785153461956425000,1785153461956425000,1785153461956426000,1785153461956579000,1785153461956582000,1785153461956582000,1785153461956582000,121932490,121652369,-127.121,0.000,0.000,1.000,3.000,0.000,0.000,0.000,0,0,0
B3_zmq_pushpull,zmq_tcp,none,none,,1,25497,512,584,1785153461957411000,1785153461957411000,1785153461957411000,1785153461957412000,1785153461957560000,1785153461957563000,1785153461957563000,1785153461957563000,121932490,121652369,-132.121,0.000,0.000,1.000,3.000,0.000,0.000,5.000,0,0,0
B3_zmq_pushpull,zmq_tcp,none,none,,1,25498,512,584,1785153461958422000,1785153461958422000,1785153461958422000,1785153461958423000,1785153461958567000,1785153461958570000,1785153461958570000,1785153461958570000,121932490,121652369,-136.121,0.000,0.000,1.000,3.000,0.000,0.000,4.000,0,0,0
B3_zmq_pushpull,zmq_tcp,none,none,,1,25499,512,584,1785153461959533000,1785153461959533000,1785153461959533000,1785153461959535000,1785153461959685000,1785153461959691000,1785153461959691000,1785153461959691000,121932490,121652369,-130.121,0.000,0.000,2.000,6.000,0.000,0.000,6.000,0,0,0
B3_zmq_pushpull,zmq_tcp,none,none,,1,25500,512,584,1785153461960627000,1785153461960627000,1785153461960627000,1785153461960628000,1785153461960684000,1785153461960687000,1785153461960687000,1785153461960687000,121932490,121652369,-224.121,0.000,0.000,1.000,3.000,0.000,0.000,94.000,0,0,0
B3_zmq_pushpull,zmq_tcp,none,none,,1,25501,512,584,1785153461961534000,1785153461961534000,1785153461961534000,1785153461961535000,1785153461961690000,1785153461961693000,1785153461961693000,1785153461961693000,121932490,121652369,-125.121,0.000,0.000,1.000,3.000,0.000,0.000,99.000,0,0,0
B3_zmq_pushpull,zmq_tcp,none,none,,1,25502,512,584,1785153461962622000,1785153461962622000,1785153461962622000,1785153461962623000,1785153461962696000,1785153461962699000,1785153461962699000,1785153461962699000,121932490,121652369,-207.121,0.000,0.000,1.000,3.000,0.000,0.000,82.000,0,0,0
B3_zmq_pushpull,zmq_tcp,none,none,,1,25503,512,584,1785153461963604000,1785153461963604000,1785153461963604000,1785153461963605000,1785153461963700000,1785153461963703000,1785153461963703000,1785153461963703000,121932490,121652369,-185.121,0.000,0.000,1.000,3.000,0.000,0.000,22.000,0,0,0
B3_zmq_pushpull,zmq_tcp,none,none,,1,25504,512,584,1785153461964609000,1785153461964609000,1785153461964609000,1785153461964610000,1785153461964687000,1785153461964690000,1785153461964690000,1785153461964690000,121932490,121652369,-203.121,0.000,0.000,1.000,3.000,0.000,0.000,18.000,0,0,0
B3_zmq_pushpull,zmq_tcp,none,none,,1,25505,512,584,1785153461965607000,1785153461965607000,1785153461965607000,1785153461965608000,1785153461965685000,1785153461965688000,1785153461965688000,1785153461965688000,121932490,121652369,-203.121,0.000,0.000,1.000,3.000,0.000,0.000,0.000,0,0,0
B3_zmq_pushpull,zmq_tcp,none,none,,1,25506,512,584,1785153461966608000,1785153461966608000,1785153461966608000,1785153461966609000,1785153461966693000,1785153461966696000,1785153461966696000,1785153461966696000,121932490,121652369,-196.121,0.000,0.000,1.000,3.000,0.000,0.000,7.000,0,0,0
B3_zmq_pushpull,zmq_tcp,none,none,,1,25507,512,584,1785153461967608000,1785153461967608000,1785153461967608000,1785153461967609000,1785153461967690000,1785153461967693000,1785153461967693000,1785153461967693000,121932490,121652369,-199.121,0.000,0.000,1.000,3.000,0.000,0.000,3.000,0,0,0
B3_zmq_pushpull,zmq_tcp,none,none,,1,25508,512,584,1785153461968609000,1785153461968609000,1785153461968609000,1785153461968610000,1785153461968705000,1785153461968708000,1785153461968708000,1785153461968708000,121932490,121652369,-185.121,0.000,0.000,1.000,3.000,0.000,0.000,14.000,0,0,0
B3_zmq_pushpull,zmq_tcp,none,none,,1,25509,512,584,1785153461969604000,1785153461969604000,1785153461969604000,1785153461969605000,1785153461969710000,1785153461969713000,1785153461969713000,1785153461969713000,121932490,121652369,-175.121,0.000,0.000,1.000,3.000,0.000,0.000,10.000,0,0,0
B3_zmq_pushpull,zmq_tcp,none,none,,1,25510,512,584,1785153461970609000,1785153461970609000,1785153461970609000,1785153461970610000,1785153461970715000,1785153461970718000,1785153461970718000,1785153461970718000,121932490,121652369,-175.121,0.000,0.000,1.000,3.000,0.000,0.000,0.000,0,0,0
B3_zmq_pushpull,zmq_tcp,none,none,,1,25511,512,584,1785153461971607000,1785153461971608000,1785153461971608000,1785153461971609000,1785153461971719000,1785153461971722000,1785153461971722000,1785153461971722000,121932490,121652369,-170.121,1.000,0.000,1.000,3.000,0.000,0.000,5.000,0,0,0
B3_zmq_pushpull,zmq_tcp,none,none,,1,25512,512,584,1785153461972608000,1785153461972608000,1785153461972609000,1785153461972610000,1785153461972725000,1785153461972727000,1785153461972728000,1785153461972728000,121932490,121652369,-165.121,0.000,1.000,1.000,2.000,1.000,0.000,5.000,0,0,0
B3_zmq_pushpull,zmq_tcp,none,none,,1,25513,512,584,1785153461973604000,1785153461973604000,1785153461973604000,1785153461973605000,1785153461973730000,1785153461973733000,1785153461973733000,1785153461973733000,121932490,121652369,-155.121,0.000,0.000,1.000,3.000,0.000,0.000,10.000,0,0,0
B3_zmq_pushpull,zmq_tcp,none,none,,1,25514,512,584,1785153461974612000,1785153461974612000,1785153461974612000,1785153461974613000,1785153461974751000,1785153461974754000,1785153461974754000,1785153461974754000,121932490,121652369,-142.121,0.000,0.000,1.000,3.000,0.000,0.000,13.000,0,0,0
B3_zmq_pushpull,zmq_tcp,none,none,,1,25515,512,584,1785153461975606000,1785153461975606000,1785153461975607000,1785153461975607000,1785153461975754000,1785153461975757000,1785153461975757000,1785153461975757000,121932490,121652369,-133.121,0.000,1.000,0.000,3.000,0.000,0.000,9.000,0,0,0
B3_zmq_pushpull,zmq_tcp,none,none,,1,25516,512,584,1785153461976608000,1785153461976608000,1785153461976608000,1785153461976609000,1785153461976761000,1785153461976764000,1785153461976764000,1785153461976764000,121932490,121652369,-128.121,0.000,0.000,1.000,3.000,0.000,0.000,5.000,0,0,0
B3_zmq_pushpull,zmq_tcp,none,none,,1,25517,512,584,1785153461977460000,1785153461977460000,1785153461977460000,1785153461977461000,1785153461977617000,1785153461977619000,1785153461977619000,1785153461977619000,121932490,121652369,-124.121,0.000,0.000,1.000,2.000,0.000,0.000,4.000,0,0,0
B3_zmq_pushpull,zmq_tcp,none,none,,1,25518,512,584,1785153461978469000,1785153461978469000,1785153461978469000,1785153461978470000,1785153461978623000,1785153461978626000,1785153461978626000,1785153461978626000,121932490,121652369,-127.121,0.000,0.000,1.000,3.000,0.000,0.000,3.000,0,0,0
B3_zmq_pushpull,zmq_tcp,none,none,,1,25519,512,584,1785153461979642000,1785153461979642000,1785153461979642000,1785153461979643000,1785153461979748000,1785153461979751000,1785153461979751000,1785153461979751000,121932490,121652369,-175.121,0.000,0.000,1.000,3.000,0.000,0.000,48.000,0,0,0
B3_zmq_pushpull,zmq_tcp,none,none,,1,25520,512,584,1785153461980451000,1785153461980451000,1785153461980451000,1785153461980452000,1785153461980598000,1785153461980601000,1785153461980601000,1785153461980601000,121932490,121652369,-134.121,0.000,0.000,1.000,3.000,0.000,0.000,41.000,0,0,0
B3_zmq_pushpull,zmq_tcp,none,none,,1,25521,512,584,1785153461981648000,1785153461981648000,1785153461981648000,1785153461981649000,1785153461981761000,1785153461981763000,1785153461981763000,1785153461981763000,121932490,121652369,-168.121,0.000,0.000,1.000,2.000,0.000,0.000,34.000,0,0,0
B3_zmq_pushpull,zmq_tcp,none,none,,1,25522,512,584,1785153461982598000,1785153461982598000,1785153461982598000,1785153461982599000,1785153461982757000,1785153461982759000,1785153461982759000,1785153461982759000,121932490,121652369,-122.121,0.000,0.000,1.000,2.000,0.000,0.000,46.000,0,0,0
B3_zmq_pushpull,zmq_tcp,none,none,,1,25523,512,584,1785153461983610000,1785153461983611000,1785153461983611000,1785153461983612000,1785153461983762000,1785153461983765000,1785153461983765000,1785153461983765000,121932490,121652369,-130.121,1.000,0.000,1.000,3.000,0.000,0.000,8.000,0,0,0
B3_zmq_pushpull,zmq_tcp,none,none,,1,25524,512,584,1785153461984603000,1785153461984603000,1785153461984603000,1785153461984604000,1785153461984757000,1785153461984759000,1785153461984759000,1785153461984759000,121932490,121652369,-127.121,0.000,0.000,1.000,2.000,0.000,0.000,3.000,0,0,0
B3_zmq_pushpull,zmq_tcp,none,none,,1,25525,512,584,1785153461985447000,1785153461985447000,1785153461985447000,1785153461985448000,1785153461985601000,1785153461985603000,1785153461985603000,1785153461985603000,121932490,121652369,-127.121,0.000,0.000,1.000,2.000,0.000,0.000,0.000,0,0,0
B3_zmq_pushpull,zmq_tcp,none,none,,1,25526,512,584,1785153461986455000,1785153461986456000,1785153461986456000,1785153461986457000,1785153461986614000,1785153461986617000,1785153461986617000,1785153461986617000,121932490,121652369,-123.121,1.000,0.000,1.000,3.000,0.000,0.000,4.000,0,0,0
B3_zmq_pushpull,zmq_tcp,none,none,,1,25527,512,584,1785153461987646000,1785153461987646000,1785153461987647000,1785153461987647000,1785153461987756000,1785153461987758000,1785153461987758000,1785153461987758000,121932490,121652369,-171.121,0.000,1.000,0.000,2.000,0.000,0.000,48.000,0,0,0
B3_zmq_pushpull,zmq_tcp,none,none,,1,25528,512,584,1785153461988598000,1785153461988599000,1785153461988599000,1785153461988600000,1785153461988758000,1785153461988761000,1785153461988761000,1785153461988761000,121932490,121652369,-122.121,1.000,0.000,1.000,3.000,0.000,0.000,49.000,0,0,0
B3_zmq_pushpull,zmq_tcp,none,none,,1,25529,512,584,1785153461989610000,1785153461989610000,1785153461989610000,1785153461989611000,1785153461989755000,1785153461989759000,1785153461989759000,1785153461989759000,121932490,121652369,-136.121,0.000,0.000,1.000,4.000,0.000,0.000,14.000,0,0,0
B3_zmq_pushpull,zmq_tcp,none,none,,1,25530,512,584,1785153461990608000,1785153461990608000,1785153461990608000,1785153461990609000,1785153461990757000,1785153461990759000,1785153461990759000,1785153461990759000,121932490,121652369,-132.121,0.000,0.000,1.000,2.000,0.000,0.000,4.000,0,0,0
B3_zmq_pushpull,zmq_tcp,none,none,,1,25531,512,584,1785153461991607000,1785153461991607000,1785153461991607000,1785153461991608000,1785153461991762000,1785153461991765000,1785153461991765000,1785153461991765000,121932490,121652369,-126.121,0.000,0.000,1.000,3.000,0.000,0.000,6.000,0,0,0
B3_zmq_pushpull,zmq_tcp,none,none,,1,25532,512,584,1785153461992605000,1785153461992605000,1785153461992605000,1785153461992606000,1785153461992749000,1785153461992751000,1785153461992751000,1785153461992751000,121932490,121652369,-137.121,0.000,0.000,1.000,2.000,0.000,0.000,11.000,0,0,0
B3_zmq_pushpull,zmq_tcp,none,none,,1,25533,512,584,1785153461993609000,1785153461993609000,1785153461993609000,1785153461993610000,1785153461993759000,1785153461993762000,1785153461993762000,1785153461993762000,121932490,121652369,-131.121,0.000,0.000,1.000,3.000,0.000,0.000,6.000,0,0,0
B3_zmq_pushpull,zmq_tcp,none,none,,1,25534,512,584,1785153461994608000,1785153461994608000,1785153461994608000,1785153461994609000,1785153461994761000,1785153461994763000,1785153461994763000,1785153461994763000,121932490,121652369,-128.121,0.000,0.000,1.000,2.000,0.000,0.000,3.000,0,0,0
B3_zmq_pushpull,zmq_tcp,none,none,,1,25535,512,584,1785153461995606000,1785153461995607000,1785153461995607000,1785153461995608000,1785153461995749000,1785153461995751000,1785153461995751000,1785153461995751000,121932490,121652369,-139.121,1.000,0.000,1.000,2.000,0.000,0.000,11.000,0,0,0
B3_zmq_pushpull,zmq_tcp,none,none,,1,25536,512,584,1785153461996608000,1785153461996608000,1785153461996608000,1785153461996609000,1785153461996757000,1785153461996760000,1785153461996760000,1785153461996760000,121932490,121652369,-132.121,0.000,0.000,1.000,3.000,0.000,0.000,7.000,0,0,0
B3_zmq_pushpull,zmq_tcp,none,none,,1,25537,512,584,1785153461997609000,1785153461997609000,1785153461997609000,1785153461997610000,1785153461997754000,1785153461997757000,1785153461997757000,1785153461997757000,121932490,121652369,-136.121,0.000,0.000,1.000,3.000,0.000,0.000,4.000,0,0,0
B3_zmq_pushpull,zmq_tcp,none,none,,1,25538,512,584,1785153461998605000,1785153461998605000,1785153461998605000,1785153461998606000,1785153461998750000,1785153461998753000,1785153461998753000,1785153461998753000,121932490,121652369,-136.121,0.000,0.000,1.000,3.000,0.000,0.000,0.000,0,0,0
B3_zmq_pushpull,zmq_tcp,none,none,,1,25539,512,584,1785153461999612000,1785153461999612000,1785153461999612000,1785153461999613000,1785153461999759000,1785153461999762000,1785153461999762000,1785153461999762000,121932490,121652369,-134.121,0.000,0.000,1.000,3.000,0.000,0.000,2.000,0,0,0
B3_zmq_pushpull,zmq_tcp,none,none,,1,25540,512,584,1785153462000607000,1785153462000607000,1785153462000607000,1785153462000608000,1785153462000771000,1785153462000774000,1785153462000774000,1785153462000774000,121932490,121652369,-117.121,0.000,0.000,1.000,3.000,0.000,0.000,17.000,0,0,0
B3_zmq_pushpull,zmq_tcp,none,none,,1,25541,512,584,1785153462001610000,1785153462001611000,1785153462001611000,1785153462001612000,1785153462001775000,1785153462001778000,1785153462001778000,1785153462001778000,121932490,121652369,-117.121,1.000,0.000,1.000,3.000,0.000,0.000,0.000,0,0,0
B3_zmq_pushpull,zmq_tcp,none,none,,1,25542,512,584,1785153462002606000,1785153462002606000,1785153462002606000,1785153462002607000,1785153462002768000,1785153462002772000,1785153462002772000,1785153462002772000,121932490,121652369,-119.121,0.000,0.000,1.000,4.000,0.000,0.000,2.000,0,0,0
B3_zmq_pushpull,zmq_tcp,none,none,,1,25543,512,584,1785153462003476000,1785153462003476000,1785153462003476000,1785153462003477000,1785153462003633000,1785153462003635000,1785153462003635000,1785153462003635000,121932490,121652369,-124.121,0.000,0.000,1.000,2.000,0.000,0.000,5.000,0,0,0
B3_zmq_pushpull,zmq_tcp,none,none,,1,25544,512,584,1785153462004641000,1785153462004641000,1785153462004641000,1785153462004642000,1785153462004779000,1785153462004782000,1785153462004782000,1785153462004782000,121932490,121652369,-143.121,0.000,0.000,1.000,3.000,0.000,0.000,19.000,0,0,0
B3_zmq_pushpull,zmq_tcp,none,none,,1,25545,512,584,1785153462005596000,1785153462005596000,1785153462005596000,1785153462005597000,1785153462005635000,1785153462005638000,1785153462005638000,1785153462005638000,121932490,121652369,-242.121,0.000,0.000,1.000,3.000,0.000,0.000,99.000,0,0,0
B3_zmq_pushpull,zmq_tcp,none,none,,1,25546,512,584,1785153462006484000,1785153462006484000,1785153462006484000,1785153462006485000,1785153462006642000,1785153462006645000,1785153462006645000,1785153462006645000,121932490,121652369,-123.121,0.000,0.000,1.000,3.000,0.000,0.000,119.000,0,0,0
B3_zmq_pushpull,zmq_tcp,none,none,,1,25547,512,584,1785153462007504000,1785153462007504000,1785153462007504000,1785153462007505000,1785153462007651000,1785153462007654000,1785153462007654000,1785153462007654000,121932490,121652369,-134.121,0.000,0.000,1.000,3.000,0.000,0.000,11.000,0,0,0
B3_zmq_pushpull,zmq_tcp,none,none,,1,25548,512,584,1785153462008635000,1785153462008635000,1785153462008635000,1785153462008636000,1785153462008798000,1785153462008801000,1785153462008801000,1785153462008801000,121932490,121652369,-118.121,0.000,0.000,1.000,3.000,0.000,0.000,16.000,0,0,0
B3_zmq_pushpull,zmq_tcp,none,none,,1,25549,512,584,1785153462009503000,1785153462009503000,1785153462009504000,1785153462009504000,1785153462009653000,1785153462009655000,1785153462009655000,1785153462009655000,121932490,121652369,-131.121,0.000,1.000,0.000,2.000,0.000,0.000,13.000,0,0,0
B3_zmq_pushpull,zmq_tcp,none,none,,1,25550,512,584,1785153462010636000,1785153462010636000,1785153462010636000,1785153462010637000,1785153462010770000,1785153462010773000,1785153462010773000,1785153462010773000,121932490,121652369,-147.121,0.000,0.000,1.000,3.000,0.000,0.000,16.000,0,0,0
B3_zmq_pushpull,zmq_tcp,none,none,,1,25551,512,584,1785153462011601000,1785153462011601000,1785153462011601000,1785153462011602000,1785153462011767000,1785153462011770000,1785153462011770000,1785153462011770000,121932490,121652369,-115.121,0.000,0.000,1.000,3.000,0.000,0.000,32.000,0,0,0
B3_zmq_pushpull,zmq_tcp,none,none,,1,25552,512,584,1785153462012467000,1785153462012467000,1785153462012467000,1785153462012468000,1785153462012621000,1785153462012623000,1785153462012623000,1785153462012623000,121932490,121652369,-127.121,0.000,0.000,1.000,2.000,0.000,0.000,12.000,0,0,0
B3_zmq_pushpull,zmq_tcp,none,none,,1,25553,512,584,1785153462013642000,1785153462013643000,1785153462013643000,1785153462013644000,1785153462013758000,1785153462013761000,1785153462013761000,1785153462013761000,121932490,121652369,-166.121,1.000,0.000,1.000,3.000,0.000,0.000,39.000,0,0,0
B3_zmq_pushpull,zmq_tcp,none,none,,1,25554,512,584,1785153462014604000,1785153462014605000,1785153462014605000,1785153462014606000,1785153462014763000,1785153462014766000,1785153462014766000,1785153462014766000,121932490,121652369,-123.121,1.000,0.000,1.000,3.000,0.000,0.000,43.000,0,0,0
B3_zmq_pushpull,zmq_tcp,none,none,,1,25555,512,584,1785153462015610000,1785153462015610000,1785153462015610000,1785153462015611000,1785153462015759000,1785153462015762000,1785153462015762000,1785153462015762000,121932490,121652369,-132.121,0.000,0.000,1.000,3.000,0.000,0.000,9.000,0,0,0
B3_zmq_pushpull,zmq_tcp,none,none,,1,25556,512,584,1785153462016605000,1785153462016605000,1785153462016605000,1785153462016606000,1785153462016765000,1785153462016767000,1785153462016767000,1785153462016767000,121932490,121652369,-121.121,0.000,0.000,1.000,2.000,0.000,0.000,11.000,0,0,0
B3_zmq_pushpull,zmq_tcp,none,none,,1,25557,512,584,1785153462017611000,1785153462017611000,1785153462017611000,1785153462017612000,1785153462017785000,1785153462017788000,1785153462017788000,1785153462017788000,121932490,121652369,-107.121,0.000,0.000,1.000,3.000,0.000,0.000,14.000,0,0,0
B3_zmq_pushpull,zmq_tcp,none,none,,1,25558,512,584,1785153462018607000,1785153462018607000,1785153462018607000,1785153462018608000,1785153462018762000,1785153462018765000,1785153462018765000,1785153462018765000,121932490,121652369,-126.121,0.000,0.000,1.000,3.000,0.000,0.000,19.000,0,0,0
B3_zmq_pushpull,zmq_tcp,none,none,,1,25559,512,584,1785153462019454000,1785153462019454000,1785153462019454000,1785153462019455000,1785153462019607000,1785153462019610000,1785153462019610000,1785153462019610000,121932490,121652369,-128.121,0.000,0.000,1.000,3.000,0.000,0.000,2.000,0,0,0
B3_zmq_pushpull,zmq_tcp,none,none,,1,25560,512,584,1785153462020452000,1785153462020452000,1785153462020452000,1785153462020453000,1785153462020613000,1785153462020615000,1785153462020615000,1785153462020615000,121932490,121652369,-120.121,0.000,0.000,1.000,2.000,0.000,0.000,8.000,0,0,0
B3_zmq_pushpull,zmq_tcp,none,none,,1,25561,512,584,1785153462021464000,1785153462021464000,1785153462021464000,1785153462021465000,1785153462021621000,1785153462021623000,1785153462021623000,1785153462021623000,121932490,121652369,-124.121,0.000,0.000,1.000,2.000,0.000,0.000,4.000,0,0,0
B3_zmq_pushpull,zmq_tcp,none,none,,1,25562,512,584,1785153462022644000,1785153462022644000,1785153462022644000,1785153462022645000,1785153462022771000,1785153462022774000,1785153462022774000,1785153462022774000,121932490,121652369,-154.121,0.000,0.000,1.000,3.000,0.000,0.000,30.000,0,0,0
B3_zmq_pushpull,zmq_tcp,none,none,,1,25563,512,584,1785153462023599000,1785153462023600000,1785153462023600000,1785153462023600000,1785153462023777000,1785153462023779000,1785153462023779000,1785153462023779000,121932490,121652369,-103.121,1.000,0.000,0.000,2.000,0.000,0.000,51.000,0,0,0
B3_zmq_pushpull,zmq_tcp,none,none,,1,25564,512,584,1785153462024491000,1785153462024491000,1785153462024491000,1785153462024492000,1785153462024651000,1785153462024654000,1785153462024654000,1785153462024654000,121932490,121652369,-121.121,0.000,0.000,1.000,3.000,0.000,0.000,18.000,0,0,0
B3_zmq_pushpull,zmq_tcp,none,none,,1,25565,512,584,1785153462025637000,1785153462025637000,1785153462025637000,1785153462025638000,1785153462025787000,1785153462025790000,1785153462025790000,1785153462025790000,121932490,121652369,-131.121,0.000,0.000,1.000,3.000,0.000,0.000,10.000,0,0,0
B3_zmq_pushpull,zmq_tcp,none,none,,1,25566,512,584,1785153462026601000,1785153462026601000,1785153462026602000,1785153462026602000,1785153462026773000,1785153462026775000,1785153462026775000,1785153462026775000,121932490,121652369,-109.121,0.000,1.000,0.000,2.000,0.000,0.000,22.000,0,0,0
B3_zmq_pushpull,zmq_tcp,none,none,,1,25567,512,584,1785153462027607000,1785153462027607000,1785153462027607000,1785153462027608000,1785153462027771000,1785153462027774000,1785153462027774000,1785153462027774000,121932490,121652369,-117.121,0.000,0.000,1.000,3.000,0.000,0.000,8.000,0,0,0
B3_zmq_pushpull,zmq_tcp,none,none,,1,25568,512,584,1785153462028609000,1785153462028609000,1785153462028609000,1785153462028610000,1785153462028654000,1785153462028658000,1785153462028658000,1785153462028658000,121932490,121652369,-236.121,0.000,0.000,1.000,4.000,0.000,0.000,119.000,0,0,0
B3_zmq_pushpull,zmq_tcp,none,none,,1,25569,512,584,1785153462029609000,1785153462029609000,1785153462029609000,1785153462029610000,1785153462029786000,1785153462029788000,1785153462029788000,1785153462029788000,121932490,121652369,-104.121,0.000,0.000,1.000,2.000,0.000,0.000,132.000,0,0,0
B3_zmq_pushpull,zmq_tcp,none,none,,1,25570,512,584,1785153462030604000,1785153462030604000,1785153462030604000,1785153462030605000,1785153462030784000,1785153462030787000,1785153462030787000,1785153462030787000,121932490,121652369,-101.121,0.000,0.000,1.000,3.000,0.000,0.000,3.000,0,0,0
B3_zmq_pushpull,zmq_tcp,none,none,,1,25571,512,584,1785153462031612000,1785153462031612000,1785153462031612000,1785153462031613000,1785153462031777000,1785153462031779000,1785153462031779000,1785153462031779000,121932490,121652369,-116.121,0.000,0.000,1.000,2.000,0.000,0.000,15.000,0,0,0
B3_zmq_pushpull,zmq_tcp,none,none,,1,25572,512,584,1785153462032607000,1785153462032607000,1785153462032607000,1785153462032608000,1785153462032650000,1785153462032653000,1785153462032653000,1785153462032653000,121932490,121652369,-238.121,0.000,0.000,1.000,3.000,0.000,0.000,122.000,0,0,0
B3_zmq_pushpull,zmq_tcp,none,none,,1,25573,512,584,1785153462033608000,1785153462033608000,1785153462033608000,1785153462033609000,1785153462033787000,1785153462033790000,1785153462033790000,1785153462033790000,121932490,121652369,-102.121,0.000,0.000,1.000,3.000,0.000,0.000,136.000,0,0,0
B3_zmq_pushpull,zmq_tcp,none,none,,1,25574,512,584,1785153462034606000,1785153462034606000,1785153462034606000,1785153462034607000,1785153462034765000,1785153462034767000,1785153462034768000,1785153462034768000,121932490,121652369,-122.121,0.000,0.000,1.000,2.000,1.000,0.000,20.000,0,0,0
B3_zmq_pushpull,zmq_tcp,none,none,,1,25575,512,584,1785153462035608000,1785153462035608000,1785153462035609000,1785153462035609000,1785153462035760000,1785153462035763000,1785153462035763000,1785153462035763000,121932490,121652369,-129.121,0.000,1.000,0.000,3.000,0.000,0.000,7.000,0,0,0
B3_zmq_pushpull,zmq_tcp,none,none,,1,25576,512,584,1785153462036608000,1785153462036608000,1785153462036608000,1785153462036609000,1785153462036757000,1785153462036759000,1785153462036760000,1785153462036760000,121932490,121652369,-132.121,0.000,0.000,1.000,2.000,1.000,0.000,3.000,0,0,0
B3_zmq_pushpull,zmq_tcp,none,none,,1,25577,512,584,1785153462037610000,1785153462037610000,1785153462037610000,1785153462037611000,1785153462037768000,1785153462037770000,1785153462037770000,1785153462037770000,121932490,121652369,-123.121,0.000,0.000,1.000,2.000,0.000,0.000,9.000,0,0,0
B3_zmq_pushpull,zmq_tcp,none,none,,1,25578,512,584,1785153462038607000,1785153462038607000,1785153462038607000,1785153462038608000,1785153462038767000,1785153462038770000,1785153462038770000,1785153462038770000,121932490,121652369,-121.121,0.000,0.000,1.000,3.000,0.000,0.000,2.000,0,0,0
B3_zmq_pushpull,zmq_tcp,none,none,,1,25579,512,584,1785153462039608000,1785153462039608000,1785153462039608000,1785153462039609000,1785153462039777000,1785153462039780000,1785153462039780000,1785153462039780000,121932490,121652369,-112.121,0.000,0.000,1.000,3.000,0.000,0.000,9.000,0,0,0
B3_zmq_pushpull,zmq_tcp,none,none,,1,25580,512,584,1785153462040608000,1785153462040609000,1785153462040609000,1785153462040610000,1785153462040651000,1785153462040654000,1785153462040654000,1785153462040654000,121932490,121652369,-239.121,1.000,0.000,1.000,3.000,0.000,0.000,127.000,0,0,0
B3_zmq_pushpull,zmq_tcp,none,none,,1,25581,512,584,1785153462041494000,1785153462041494000,1785153462041494000,1785153462041495000,1785153462041639000,1785153462041641000,1785153462041641000,1785153462041641000,121932490,121652369,-136.121,0.000,0.000,1.000,2.000,0.000,0.000,103.000,0,0,0
B3_zmq_pushpull,zmq_tcp,none,none,,1,25582,512,584,1785153462042499000,1785153462042499000,1785153462042499000,1785153462042500000,1785153462042657000,1785153462042660000,1785153462042660000,1785153462042660000,121932490,121652369,-123.121,0.000,0.000,1.000,3.000,0.000,0.000,13.000,0,0,0
B3_zmq_pushpull,zmq_tcp,none,none,,1,25583,512,584,1785153462043499000,1785153462043499000,1785153462043500000,1785153462043500000,1785153462043649000,1785153462043652000,1785153462043652000,1785153462043652000,121932490,121652369,-131.121,0.000,1.000,0.000,3.000,0.000,0.000,8.000,0,0,0
B3_zmq_pushpull,zmq_tcp,none,none,,1,25584,512,584,1785153462044637000,1785153462044637000,1785153462044637000,1785153462044638000,1785153462044786000,1785153462044789000,1785153462044789000,1785153462044789000,121932490,121652369,-132.121,0.000,0.000,1.000,3.000,0.000,0.000,1.000,0,0,0
B3_zmq_pushpull,zmq_tcp,none,none,,1,25585,512,584,1785153462045598000,1785153462045598000,1785153462045598000,1785153462045599000,1785153462045784000,1785153462045786000,1785153462045786000,1785153462045786000,121932490,121652369,-95.121,0.000,0.000,1.000,2.000,0.000,0.000,37.000,0,0,0
B3_zmq_pushpull,zmq_tcp,none,none,,1,25586,512,584,1785153462046487000,1785153462046487000,1785153462046488000,1785153462046488000,1785153462046632000,1785153462046634000,1785153462046634000,1785153462046634000,121932490,121652369,-136.121,0.000,1.000,0.000,2.000,0.000,0.000,41.000,0,0,0
B3_zmq_pushpull,zmq_tcp,none,none,,1,25587,512,584,1785153462047638000,1785153462047638000,1785153462047638000,1785153462047639000,1785153462047778000,1785153462047781000,1785153462047781000,1785153462047781000,121932490,121652369,-141.121,0.000,0.000,1.000,3.000,0.000,0.000,5.000,0,0,0
B3_zmq_pushpull,zmq_tcp,none,none,,1,25588,512,584,1785153462048600000,1785153462048600000,1785153462048600000,1785153462048601000,1785153462048641000,1785153462048644000,1785153462048644000,1785153462048644000,121932490,121652369,-240.121,0.000,0.000,1.000,3.000,0.000,0.000,99.000,0,0,0
B3_zmq_pushpull,zmq_tcp,none,none,,1,25589,512,584,1785153462049613000,1785153462049613000,1785153462049614000,1785153462049614000,1785153462049773000,1785153462049775000,1785153462049776000,1785153462049776000,121932490,121652369,-121.121,0.000,1.000,0.000,2.000,1.000,0.000,119.000,0,0,0
B3_zmq_pushpull,zmq_tcp,none,none,,1,25590,512,584,1785153462050478000,1785153462050478000,1785153462050478000,1785153462050479000,1785153462050626000,1785153462050629000,1785153462050629000,1785153462050629000,121932490,121652369,-133.121,0.000,0.000,1.000,3.000,0.000,0.000,12.000,0,0,0
B3_zmq_pushpull,zmq_tcp,none,none,,1,25591,512,584,1785153462051641000,1785153462051641000,1785153462051641000,1785153462051642000,1785153462051777000,1785153462051779000,1785153462051779000,1785153462051780000,121932490,121652369,-145.121,0.000,0.000,1.000,2.000,0.000,1.000,12.000,0,0,0
B3_zmq_pushpull,zmq_tcp,none,none,,1,25592,512,584,1785153462052599000,1785153462052599000,1785153462052599000,1785153462052600000,1785153462052768000,1785153462052770000,1785153462052770000,1785153462052770000,121932490,121652369,-112.121,0.000,0.000,1.000,2.000,0.000,0.000,33.000,0,0,0
B3_zmq_pushpull,zmq_tcp,none,none,,1,25593,512,584,1785153462053611000,1785153462053611000,1785153462053611000,1785153462053612000,1785153462053778000,1785153462053781000,1785153462053781000,1785153462053781000,121932490,121652369,-114.121,0.000,0.000,1.000,3.000,0.000,0.000,2.000,0,0,0
B3_zmq_pushpull,zmq_tcp,none,none,,1,25594,512,584,1785153462054608000,1785153462054608000,1785153462054608000,1785153462054609000,1785153462054780000,1785153462054782000,1785153462054782000,1785153462054782000,121932490,121652369,-109.121,0.000,0.000,1.000,2.000,0.000,0.000,5.000,0,0,0
B3_zmq_pushpull,zmq_tcp,none,none,,1,25595,512,584,1785153462055608000,1785153462055608000,1785153462055608000,1785153462055609000,1785153462055788000,1785153462055792000,1785153462055792000,1785153462055792000,121932490,121652369,-101.121,0.000,0.000,1.000,4.000,0.000,0.000,8.000,0,0,0
B3_zmq_pushpull,zmq_tcp,none,none,,1,25596,512,584,1785153462056606000,1785153462056606000,1785153462056606000,1785153462056607000,1785153462056650000,1785153462056654000,1785153462056654000,1785153462056654000,121932490,121652369,-237.121,0.000,0.000,1.000,4.000,0.000,0.000,136.000,0,0,0
B3_zmq_pushpull,zmq_tcp,none,none,,1,25597,512,584,1785153462057505000,1785153462057505000,1785153462057505000,1785153462057506000,1785153462057665000,1785153462057668000,1785153462057668000,1785153462057668000,121932490,121652369,-121.121,0.000,0.000,1.000,3.000,0.000,0.000,116.000,0,0,0
B3_zmq_pushpull,zmq_tcp,none,none,,1,25598,512,584,1785153462058634000,1785153462058634000,1785153462058634000,1785153462058635000,1785153462058794000,1785153462058797000,1785153462058797000,1785153462058797000,121932490,121652369,-121.121,0.000,0.000,1.000,3.000,0.000,0.000,0.000,0,0,0
B3_zmq_pushpull,zmq_tcp,none,none,,1,25599,512,584,1785153462059509000,1785153462059509000,1785153462059509000,1785153462059510000,1785153462059655000,1785153462059658000,1785153462059658000,1785153462059658000,121932490,121652369,-135.121,0.000,0.000,1.000,3.000,0.000,0.000,14.000,0,0,0
B3_zmq_pushpull,zmq_tcp,none,none,,1,25600,512,584,1785153462060633000,1785153462060633000,1785153462060633000,1785153462060634000,1785153462060786000,1785153462060789000,1785153462060789000,1785153462060789000,121932490,121652369,-128.121,0.000,0.000,1.000,3.000,0.000,0.000,7.000,0,0,0
B3_zmq_pushpull,zmq_tcp,none,none,,1,25601,512,584,1785153462061603000,1785153462061603000,1785153462061603000,1785153462061604000,1785153462061649000,1785153462061652000,1785153462061652000,1785153462061652000,121932490,121652369,-235.121,0.000,0.000,1.000,3.000,0.000,0.000,107.000,0,0,0
B3_zmq_pushpull,zmq_tcp,none,none,,1,25602,512,584,1785153462062610000,1785153462062610000,1785153462062610000,1785153462062611000,1785153462062756000,1785153462062758000,1785153462062758000,1785153462062758000,121932490,121652369,-135.121,0.000,0.000,1.000,2.000,0.000,0.000,100.000,0,0,0
B3_zmq_pushpull,zmq_tcp,none,none,,1,25603,512,584,1785153462063603000,1785153462063603000,1785153462063603000,1785153462063604000,1785153462063761000,1785153462063764000,1785153462063764000,1785153462063764000,121932490,121652369,-123.121,0.000,0.000,1.000,3.000,0.000,0.000,12.000,0,0,0
B3_zmq_pushpull,zmq_tcp,none,none,,1,25604,512,584,1785153462064466000,1785153462064466000,1785153462064466000,1785153462064467000,1785153462064624000,1785153462064626000,1785153462064626000,1785153462064626000,121932490,121652369,-123.121,0.000,0.000,1.000,2.000,0.000,0.000,0.000,0,0,0
B3_zmq_pushpull,zmq_tcp,none,none,,1,25605,512,584,1785153462065476000,1785153462065477000,1785153462065477000,1785153462065478000,1785153462065636000,1785153462065639000,1785153462065639000,1785153462065639000,121932490,121652369,-122.121,1.000,0.000,1.000,3.000,0.000,0.000,1.000,0,0,0
B3_zmq_pushpull,zmq_tcp,none,none,,1,25606,512,584,1785153462066641000,1785153462066641000,1785153462066641000,1785153462066642000,1785153462066770000,1785153462066773000,1785153462066773000,1785153462066773000,121932490,121652369,-152.121,0.000,0.000,1.000,3.000,0.000,0.000,30.000,0,0,0
B3_zmq_pushpull,zmq_tcp,none,none,,1,25607,512,584,1785153462067597000,1785153462067598000,1785153462067598000,1785153462067599000,1785153462067638000,1785153462067642000,1785153462067642000,1785153462067642000,121932490,121652369,-241.121,1.000,0.000,1.000,4.000,0.000,0.000,89.000,0,0,0
B3_zmq_pushpull,zmq_tcp,none,none,,1,25608,512,584,1785153462068612000,1785153462068612000,1785153462068612000,1785153462068613000,1785153462068764000,1785153462068767000,1785153462068767000,1785153462068767000,121932490,121652369,-129.121,0.000,0.000,1.000,3.000,0.000,0.000,112.000,0,0,0
B3_zmq_pushpull,zmq_tcp,none,none,,1,25609,512,584,1785153462069473000,1785153462069473000,1785153462069473000,1785153462069474000,1785153462069609000,1785153462069612000,1785153462069612000,1785153462069612000,121932490,121652369,-145.121,0.000,0.000,1.000,3.000,0.000,0.000,16.000,0,0,0
B3_zmq_pushpull,zmq_tcp,none,none,,1,25610,512,584,1785153462070644000,1785153462070644000,1785153462070644000,1785153462070645000,1785153462070753000,1785153462070756000,1785153462070756000,1785153462070756000,121932490,121652369,-172.121,0.000,0.000,1.000,3.000,0.000,0.000,27.000,0,0,0
B3_zmq_pushpull,zmq_tcp,none,none,,1,25611,512,584,1785153462071600000,1785153462071600000,1785153462071600000,1785153462071601000,1785153462071770000,1785153462071773000,1785153462071773000,1785153462071773000,121932490,121652369,-111.121,0.000,0.000,1.000,3.000,0.000,0.000,61.000,0,0,0
B3_zmq_pushpull,zmq_tcp,none,none,,1,25612,512,584,1785153462072471000,1785153462072471000,1785153462072471000,1785153462072472000,1785153462072629000,1785153462072632000,1785153462072632000,1785153462072632000,121932490,121652369,-123.121,0.000,0.000,1.000,3.000,0.000,0.000,12.000,0,0,0
B3_zmq_pushpull,zmq_tcp,none,none,,1,25613,512,584,1785153462073466000,1785153462073466000,1785153462073466000,1785153462073467000,1785153462073615000,1785153462073618000,1785153462073618000,1785153462073618000,121932490,121652369,-132.121,0.000,0.000,1.000,3.000,0.000,0.000,9.000,0,0,0
B3_zmq_pushpull,zmq_tcp,none,none,,1,25614,512,584,1785153462074644000,1785153462074644000,1785153462074644000,1785153462074645000,1785153462074745000,1785153462074748000,1785153462074748000,1785153462074748000,121932490,121652369,-180.121,0.000,0.000,1.000,3.000,0.000,0.000,48.000,0,0,0
B3_zmq_pushpull,zmq_tcp,none,none,,1,25615,512,584,1785153462075596000,1785153462075596000,1785153462075596000,1785153462075597000,1785153462075740000,1785153462075742000,1785153462075742000,1785153462075742000,121932490,121652369,-137.121,0.000,0.000,1.000,2.000,0.000,0.000,43.000,0,0,0
B3_zmq_pushpull,zmq_tcp,none,none,,1,25616,512,584,1785153462076611000,1785153462076611000,1785153462076611000,1785153462076612000,1785153462076747000,1785153462076750000,1785153462076750000,1785153462076750000,121932490,121652369,-145.121,0.000,0.000,1.000,3.000,0.000,0.000,8.000,0,0,0
B3_zmq_pushpull,zmq_tcp,none,none,,1,25617,512,584,1785153462077608000,1785153462077608000,1785153462077608000,1785153462077609000,1785153462077744000,1785153462077746000,1785153462077746000,1785153462077746000,121932490,121652369,-145.121,0.000,0.000,1.000,2.000,0.000,0.000,0.000,0,0,0
B3_zmq_pushpull,zmq_tcp,none,none,,1,25618,512,584,1785153462078608000,1785153462078609000,1785153462078609000,1785153462078610000,1785153462078762000,1785153462078765000,1785153462078765000,1785153462078765000,121932490,121652369,-128.121,1.000,0.000,1.000,3.000,0.000,0.000,17.000,0,0,0
B3_zmq_pushpull,zmq_tcp,none,none,,1,25619,512,584,1785153462079607000,1785153462079607000,1785153462079607000,1785153462079608000,1785153462079746000,1785153462079749000,1785153462079749000,1785153462079749000,121932490,121652369,-142.121,0.000,0.000,1.000,3.000,0.000,0.000,14.000,0,0,0
B3_zmq_pushpull,zmq_tcp,none,none,,1,25620,512,584,1785153462080608000,1785153462080608000,1785153462080608000,1785153462080609000,1785153462080734000,1785153462080737000,1785153462080737000,1785153462080737000,121932490,121652369,-155.121,0.000,0.000,1.000,3.000,0.000,0.000,13.000,0,0,0
B3_zmq_pushpull,zmq_tcp,none,none,,1,25621,512,584,1785153462081608000,1785153462081608000,1785153462081608000,1785153462081609000,1785153462081730000,1785153462081733000,1785153462081733000,1785153462081733000,121932490,121652369,-159.121,0.000,0.000,1.000,3.000,0.000,0.000,4.000,0,0,0
B3_zmq_pushpull,zmq_tcp,none,none,,1,25622,512,584,1785153462082608000,1785153462082608000,1785153462082608000,1785153462082609000,1785153462082717000,1785153462082720000,1785153462082720000,1785153462082720000,121932490,121652369,-172.121,0.000,0.000,1.000,3.000,0.000,0.000,13.000,0,0,0
B3_zmq_pushpull,zmq_tcp,none,none,,1,25623,512,584,1785153462083610000,1785153462083610000,1785153462083610000,1785153462083611000,1785153462083709000,1785153462083712000,1785153462083712000,1785153462083712000,121932490,121652369,-182.121,0.000,0.000,1.000,3.000,0.000,0.000,10.000,0,0,0
B3_zmq_pushpull,zmq_tcp,none,none,,1,25624,512,584,1785153462084609000,1785153462084609000,1785153462084609000,1785153462084610000,1785153462084718000,1785153462084721000,1785153462084721000,1785153462084721000,121932490,121652369,-172.121,0.000,0.000,1.000,3.000,0.000,0.000,10.000,0,0,0
B3_zmq_pushpull,zmq_tcp,none,none,,1,25625,512,584,1785153462085608000,1785153462085608000,1785153462085608000,1785153462085609000,1785153462085726000,1785153462085729000,1785153462085729000,1785153462085729000,121932490,121652369,-163.121,0.000,0.000,1.000,3.000,0.000,0.000,9.000,0,0,0
B3_zmq_pushpull,zmq_tcp,none,none,,1,25626,512,584,1785153462086611000,1785153462086611000,1785153462086611000,1785153462086612000,1785153462086732000,1785153462086734000,1785153462086734000,1785153462086734000,121932490,121652369,-160.121,0.000,0.000,1.000,2.000,0.000,0.000,3.000,0,0,0
B3_zmq_pushpull,zmq_tcp,none,none,,1,25627,512,584,1785153462087603000,1785153462087604000,1785153462087604000,1785153462087605000,1785153462087744000,1785153462087746000,1785153462087746000,1785153462087747000,121932490,121652369,-141.121,1.000,0.000,1.000,2.000,0.000,1.000,19.000,0,0,0
B3_zmq_pushpull,zmq_tcp,none,none,,1,25628,512,584,1785153462088454000,1785153462088454000,1785153462088454000,1785153462088455000,1785153462088608000,1785153462088611000,1785153462088611000,1785153462088611000,121932490,121652369,-127.121,0.000,0.000,1.000,3.000,0.000,0.000,14.000,0,0,0
B3_zmq_pushpull,zmq_tcp,none,none,,1,25629,512,584,1785153462089441000,1785153462089441000,1785153462089441000,1785153462089442000,1785153462089585000,1785153462089588000,1785153462089588000,1785153462089588000,121932490,121652369,-137.121,0.000,0.000,1.000,3.000,0.000,0.000,10.000,0,0,0
B3_zmq_pushpull,zmq_tcp,none,none,,1,25630,512,584,1785153462090651000,1785153462090652000,1785153462090652000,1785153462090653000,1785153462090707000,1785153462090711000,1785153462090711000,1785153462090711000,121932490,121652369,-226.121,1.000,0.000,1.000,4.000,0.000,0.000,89.000,0,0,0
B3_zmq_pushpull,zmq_tcp,none,none,,1,25631,512,584,1785153462091596000,1785153462091596000,1785153462091596000,1785153462091597000,1785153462091724000,1785153462091727000,1785153462091727000,1785153462091727000,121932490,121652369,-153.121,0.000,0.000,1.000,3.000,0.000,0.000,73.000,0,0,0
B3_zmq_pushpull,zmq_tcp,none,none,,1,25632,512,584,1785153462092612000,1785153462092612000,1785153462092612000,1785153462092613000,1785153462092721000,1785153462092724000,1785153462092724000,1785153462092724000,121932490,121652369,-172.121,0.000,0.000,1.000,3.000,0.000,0.000,19.000,0,0,0
B3_zmq_pushpull,zmq_tcp,none,none,,1,25633,512,584,1785153462093608000,1785153462093608000,1785153462093608000,1785153462093609000,1785153462093721000,1785153462093724000,1785153462093724000,1785153462093724000,121932490,121652369,-168.121,0.000,0.000,1.000,3.000,0.000,0.000,4.000,0,0,0
B3_zmq_pushpull,zmq_tcp,none,none,,1,25634,512,584,1785153462094609000,1785153462094609000,1785153462094609000,1785153462094610000,1785153462094715000,1785153462094717000,1785153462094717000,1785153462094717000,121932490,121652369,-175.121,0.000,0.000,1.000,2.000,0.000,0.000,7.000,0,0,0
B3_zmq_pushpull,zmq_tcp,none,none,,1,25635,512,584,1785153462095604000,1785153462095604000,1785153462095604000,1785153462095605000,1785153462095722000,1785153462095725000,1785153462095725000,1785153462095725000,121932490,121652369,-163.121,0.000,0.000,1.000,3.000,0.000,0.000,12.000,0,0,0
B3_zmq_pushpull,zmq_tcp,none,none,,1,25636,512,584,1785153462096609000,1785153462096609000,1785153462096610000,1785153462096610000,1785153462096720000,1785153462096722000,1785153462096723000,1785153462096723000,121932490,121652369,-170.121,0.000,1.000,0.000,2.000,1.000,0.000,7.000,0,0,0
B3_zmq_pushpull,zmq_tcp,none,none,,1,25637,512,584,1785153462097608000,1785153462097608000,1785153462097608000,1785153462097609000,1785153462097719000,1785153462097721000,1785153462097721000,1785153462097721000,121932490,121652369,-170.121,0.000,0.000,1.000,2.000,0.000,0.000,0.000,0,0,0
B3_zmq_pushpull,zmq_tcp,none,none,,1,25638,512,584,1785153462098608000,1785153462098608000,1785153462098608000,1785153462098609000,1785153462098728000,1785153462098731000,1785153462098731000,1785153462098731000,121932490,121652369,-161.121,0.000,0.000,1.000,3.000,0.000,0.000,9.000,0,0,0
B3_zmq_pushpull,zmq_tcp,none,none,,1,25639,512,584,1785153462099605000,1785153462099605000,1785153462099606000,1785153462099606000,1785153462099737000,1785153462099744000,1785153462099744000,1785153462099744000,121932490,121652369,-149.121,0.000,1.000,0.000,7.000,0.000,0.000,12.000,0,0,0
B3_zmq_pushpull,zmq_tcp,none,none,,1,25640,512,584,1785153462100611000,1785153462100611000,1785153462100611000,1785153462100612000,1785153462100763000,1785153462100765000,1785153462100765000,1785153462100765000,121932490,121652369,-129.121,0.000,0.000,1.000,2.000,0.000,0.000,20.000,0,0,0
B3_zmq_pushpull,zmq_tcp,none,none,,1,25641,512,584,1785153462101609000,1785153462101609000,1785153462101609000,1785153462101610000,1785153462101776000,1785153462101779000,1785153462101779000,1785153462101779000,121932490,121652369,-114.121,0.000,0.000,1.000,3.000,0.000,0.000,15.000,0,0,0
B3_zmq_pushpull,zmq_tcp,none,none,,1,25642,512,584,1785153462102608000,1785153462102609000,1785153462102609000,1785153462102610000,1785153462102650000,1785153462102653000,1785153462102653000,1785153462102653000,121932490,121652369,-240.121,1.000,0.000,1.000,3.000,0.000,0.000,126.000,0,0,0
B3_zmq_pushpull,zmq_tcp,none,none,,1,25643,512,584,1785153462103608000,1785153462103609000,1785153462103609000,1785153462103610000,1785153462103652000,1785153462103655000,1785153462103655000,1785153462103655000,121932490,121652369,-238.121,1.000,0.000,1.000,3.000,0.000,0.000,2.000,0,0,0
B3_zmq_pushpull,zmq_tcp,none,none,,1,25644,512,584,1785153462104608000,1785153462104608000,1785153462104608000,1785153462104609000,1785153462104667000,1785153462104669000,1785153462104669000,1785153462104669000,121932490,121652369,-222.121,0.000,0.000,1.000,2.000,0.000,0.000,16.000,0,0,0
B3_zmq_pushpull,zmq_tcp,none,none,,1,25645,512,584,1785153462105608000,1785153462105609000,1785153462105609000,1785153462105610000,1785153462105656000,1785153462105659000,1785153462105659000,1785153462105659000,121932490,121652369,-234.121,1.000,0.000,1.000,3.000,0.000,0.000,12.000,0,0,0
B3_zmq_pushpull,zmq_tcp,none,none,,1,25646,512,584,1785153462106509000,1785153462106509000,1785153462106509000,1785153462106510000,1785153462106667000,1785153462106670000,1785153462106670000,1785153462106670000,121932490,121652369,-123.121,0.000,0.000,1.000,3.000,0.000,0.000,111.000,0,0,0
B3_zmq_pushpull,zmq_tcp,none,none,,1,25647,512,584,1785153462107510000,1785153462107510000,1785153462107510000,1785153462107511000,1785153462107668000,1785153462107671000,1785153462107671000,1785153462107671000,121932490,121652369,-123.121,0.000,0.000,1.000,3.000,0.000,0.000,0.000,0,0,0
B3_zmq_pushpull,zmq_tcp,none,none,,1,25648,512,584,1785153462108500000,1785153462108500000,1785153462108500000,1785153462108501000,1785153462108646000,1785153462108649000,1785153462108649000,1785153462108649000,121932490,121652369,-135.121,0.000,0.000,1.000,3.000,0.000,0.000,12.000,0,0,0
B3_zmq_pushpull,zmq_tcp,none,none,,1,25649,512,584,1785153462109636000,1785153462109636000,1785153462109636000,1785153462109637000,1785153462109784000,1785153462109787000,1785153462109787000,1785153462109787000,121932490,121652369,-133.121,0.000,0.000,1.000,3.000,0.000,0.000,2.000,0,0,0
B3_zmq_pushpull,zmq_tcp,none,none,,1,25650,512,584,1785153462110598000,1785153462110598000,1785153462110598000,1785153462110599000,1785153462110641000,1785153462110644000,1785153462110644000,1785153462110644000,121932490,121652369,-238.121,0.000,0.000,1.000,3.000,0.000,0.000,105.000,0,0,0
B3_zmq_pushpull,zmq_tcp,none,none,,1,25651,512,584,1785153462111614000,1785153462111614000,1785153462111614000,1785153462111615000,1785153462111773000,1785153462111776000,1785153462111776000,1785153462111776000,121932490,121652369,-122.121,0.000,0.000,1.000,3.000,0.000,0.000,116.000,0,0,0
B3_zmq_pushpull,zmq_tcp,none,none,,1,25652,512,584,1785153462112609000,1785153462112609000,1785153462112609000,1785153462112610000,1785153462112771000,1785153462112774000,1785153462112774000,1785153462112774000,121932490,121652369,-119.121,0.000,0.000,1.000,3.000,0.000,0.000,3.000,0,0,0
B3_zmq_pushpull,zmq_tcp,none,none,,1,25653,512,584,1785153462113612000,1785153462113612000,1785153462113612000,1785153462113613000,1785153462113772000,1785153462113775000,1785153462113775000,1785153462113775000,121932490,121652369,-121.121,0.000,0.000,1.000,3.000,0.000,0.000,2.000,0,0,0
B3_zmq_pushpull,zmq_tcp,none,none,,1,25654,512,584,1785153462114479000,1785153462114479000,1785153462114479000,1785153462114480000,1785153462114637000,1785153462114640000,1785153462114640000,1785153462114640000,121932490,121652369,-123.121,0.000,0.000,1.000,3.000,0.000,0.000,2.000,0,0,0
B3_zmq_pushpull,zmq_tcp,none,none,,1,25655,512,584,1785153462115640000,1785153462115640000,1785153462115640000,1785153462115641000,1785153462115775000,1785153462115777000,1785153462115777000,1785153462115777000,121932490,121652369,-146.121,0.000,0.000,1.000,2.000,0.000,0.000,23.000,0,0,0
B3_zmq_pushpull,zmq_tcp,none,none,,1,25656,512,584,1785153462116601000,1785153462116601000,1785153462116601000,1785153462116602000,1785153462116641000,1785153462116644000,1785153462116644000,1785153462116644000,121932490,121652369,-241.121,0.000,0.000,1.000,3.000,0.000,0.000,95.000,0,0,0
B3_zmq_pushpull,zmq_tcp,none,none,,1,25657,512,584,1785153462117611000,1785153462117611000,1785153462117611000,1785153462117612000,1785153462117760000,1785153462117763000,1785153462117763000,1785153462117763000,121932490,121652369,-132.121,0.000,0.000,1.000,3.000,0.000,0.000,109.000,0,0,0
B3_zmq_pushpull,zmq_tcp,none,none,,1,25658,512,584,1785153462118455000,1785153462118456000,1785153462118456000,1785153462118457000,1785153462118615000,1785153462118617000,1785153462118617000,1785153462118617000,121932490,121652369,-122.121,1.000,0.000,1.000,2.000,0.000,0.000,10.000,0,0,0
B3_zmq_pushpull,zmq_tcp,none,none,,1,25659,512,584,1785153462119462000,1785153462119462000,1785153462119463000,1785153462119463000,1785153462119618000,1785153462119620000,1785153462119620000,1785153462119620000,121932490,121652369,-125.121,0.000,1.000,0.000,2.000,0.000,0.000,3.000,0,0,0
B3_zmq_pushpull,zmq_tcp,none,none,,1,25660,512,584,1785153462120449000,1785153462120449000,1785153462120449000,1785153462120450000,1785153462120610000,1785153462120612000,1785153462120612000,1785153462120612000,121932490,121652369,-120.121,0.000,0.000,1.000,2.000,0.000,0.000,5.000,0,0,0
B3_zmq_pushpull,zmq_tcp,none,none,,1,25661,512,584,1785153462121647000,1785153462121647000,1785153462121647000,1785153462121648000,1785153462121729000,1785153462121733000,1785153462121733000,1785153462121733000,121932490,121652369,-199.121,0.000,0.000,1.000,4.000,0.000,0.000,79.000,0,0,0
B3_zmq_pushpull,zmq_tcp,none,none,,1,25662,512,584,1785153462122596000,1785153462122596000,1785153462122596000,1785153462122597000,1785153462122703000,1785153462122706000,1785153462122706000,1785153462122706000,121932490,121652369,-174.121,0.000,0.000,1.000,3.000,0.000,0.000,25.000,0,0,0
B3_zmq_pushpull,zmq_tcp,none,none,,1,25663,512,584,1785153462123610000,1785153462123610000,1785153462123610000,1785153462123611000,1785153462123666000,1785153462123668000,1785153462123668000,1785153462123668000,121932490,121652369,-225.121,0.000,0.000,1.000,2.000,0.000,0.000,51.000,0,0,0
B3_zmq_pushpull,zmq_tcp,none,none,,1,25664,512,584,1785153462124607000,1785153462124608000,1785153462124608000,1785153462124609000,1785153462124652000,1785153462124656000,1785153462124656000,1785153462124656000,121932490,121652369,-237.121,1.000,0.000,1.000,4.000,0.000,0.000,12.000,0,0,0
B3_zmq_pushpull,zmq_tcp,none,none,,1,25665,512,584,1785153462125608000,1785153462125609000,1785153462125609000,1785153462125610000,1785153462125770000,1785153462125772000,1785153462125772000,1785153462125772000,121932490,121652369,-120.121,1.000,0.000,1.000,2.000,0.000,0.000,117.000,0,0,0
B3_zmq_pushpull,zmq_tcp,none,none,,1,25666,512,584,1785153462126448000,1785153462126448000,1785153462126448000,1785153462126449000,1785153462126600000,1785153462126603000,1785153462126603000,1785153462126603000,121932490,121652369,-129.121,0.000,0.000,1.000,3.000,0.000,0.000,9.000,0,0,0
B3_zmq_pushpull,zmq_tcp,none,none,,1,25667,512,584,1785153462127438000,1785153462127439000,1785153462127439000,1785153462127440000,1785153462127585000,1785153462127588000,1785153462127588000,1785153462127588000,121932490,121652369,-135.121,1.000,0.000,1.000,3.000,0.000,0.000,6.000,0,0,0
B3_zmq_pushpull,zmq_tcp,none,none,,1,25668,512,584,1785153462128650000,1785153462128650000,1785153462128650000,1785153462128651000,1785153462128714000,1785153462128717000,1785153462128717000,1785153462128717000,121932490,121652369,-217.121,0.000,0.000,1.000,3.000,0.000,0.000,82.000,0,0,0
B3_zmq_pushpull,zmq_tcp,none,none,,1,25669,512,584,1785153462129598000,1785153462129598000,1785153462129598000,1785153462129599000,1785153462129682000,1785153462129685000,1785153462129685000,1785153462129685000,121932490,121652369,-197.121,0.000,0.000,1.000,3.000,0.000,0.000,20.000,0,0,0
B3_zmq_pushpull,zmq_tcp,none,none,,1,25670,512,584,1785153462130610000,1785153462130610000,1785153462130610000,1785153462130611000,1785153462130782000,1785153462130784000,1785153462130784000,1785153462130784000,121932490,121652369,-109.121,0.000,0.000,1.000,2.000,0.000,0.000,88.000,0,0,0
B3_zmq_pushpull,zmq_tcp,none,none,,1,25671,512,584,1785153462131470000,1785153462131471000,1785153462131471000,1785153462131472000,1785153462131622000,1785153462131625000,1785153462131625000,1785153462131625000,121932490,121652369,-130.121,1.000,0.000,1.000,3.000,0.000,0.000,21.000,0,0,0
B3_zmq_pushpull,zmq_tcp,none,none,,1,25672,512,584,1785153462132463000,1785153462132463000,1785153462132463000,1785153462132464000,1785153462132608000,1785153462132611000,1785153462132611000,1785153462132611000,121932490,121652369,-136.121,0.000,0.000,1.000,3.000,0.000,0.000,6.000,0,0,0
B3_zmq_pushpull,zmq_tcp,none,none,,1,25673,512,584,1785153462133643000,1785153462133643000,1785153462133643000,1785153462133644000,1785153462133740000,1785153462133743000,1785153462133743000,1785153462133743000,121932490,121652369,-184.121,0.000,0.000,1.000,3.000,0.000,0.000,48.000,0,0,0
B3_zmq_pushpull,zmq_tcp,none,none,,1,25674,512,584,1785153462134599000,1785153462134600000,1785153462134600000,1785153462134601000,1785153462134734000,1785153462134736000,1785153462134737000,1785153462134737000,121932490,121652369,-147.121,1.000,0.000,1.000,2.000,1.000,0.000,37.000,0,0,0
B3_zmq_pushpull,zmq_tcp,none,none,,1,25675,512,584,1785153462135612000,1785153462135613000,1785153462135613000,1785153462135614000,1785153462135719000,1785153462135722000,1785153462135722000,1785153462135722000,121932490,121652369,-175.121,1.000,0.000,1.000,3.000,0.000,0.000,28.000,0,0,0
B3_zmq_pushpull,zmq_tcp,none,none,,1,25676,512,584,1785153462136607000,1785153462136607000,1785153462136608000,1785153462136608000,1785153462136700000,1785153462136703000,1785153462136703000,1785153462136703000,121932490,121652369,-188.121,0.000,1.000,0.000,3.000,0.000,0.000,13.000,0,0,0
B3_zmq_pushpull,zmq_tcp,none,none,,1,25677,512,584,1785153462137529000,1785153462137529000,1785153462137529000,1785153462137530000,1785153462137680000,1785153462137683000,1785153462137683000,1785153462137683000,121932490,121652369,-130.121,0.000,0.000,1.000,3.000,0.000,0.000,58.000,0,0,0
B3_zmq_pushpull,zmq_tcp,none,none,,1,25678,512,584,1785153462138505000,1785153462138505000,1785153462138505000,1785153462138506000,1785153462138658000,1785153462138660000,1785153462138660000,1785153462138660000,121932490,121652369,-128.121,0.000,0.000,1.000,2.000,0.000,0.000,2.000,0,0,0
B3_zmq_pushpull,zmq_tcp,none,none,,1,25679,512,584,1785153462139489000,1785153462139489000,1785153462139489000,1785153462139490000,1785153462139642000,1785153462139644000,1785153462139644000,1785153462139644000,121932490,121652369,-128.121,0.000,0.000,1.000,2.000,0.000,0.000,0.000,0,0,0
B3_zmq_pushpull,zmq_tcp,none,none,,1,25680,512,584,1785153462140470000,1785153462140471000,1785153462140471000,1785153462140472000,1785153462140629000,1785153462140631000,1785153462140631000,1785153462140631000,121932490,121652369,-123.121,1.000,0.000,1.000,2.000,0.000,0.000,5.000,0,0,0
B3_zmq_pushpull,zmq_tcp,none,none,,1,25681,512,584,1785153462141468000,1785153462141468000,1785153462141468000,1785153462141469000,1785153462141626000,1785153462141628000,1785153462141628000,1785153462141628000,121932490,121652369,-123.121,0.000,0.000,1.000,2.000,0.000,0.000,0.000,0,0,0
B3_zmq_pushpull,zmq_tcp,none,none,,1,25682,512,584,1785153462142446000,1785153462142447000,1785153462142447000,1785153462142448000,1785153462142607000,1785153462142610000,1785153462142610000,1785153462142610000,121932490,121652369,-121.121,1.000,0.000,1.000,3.000,0.000,0.000,2.000,0,0,0
B3_zmq_pushpull,zmq_tcp,none,none,,1,25683,512,584,1785153462143647000,1785153462143648000,1785153462143648000,1785153462143649000,1785153462143719000,1785153462143722000,1785153462143722000,1785153462143722000,121932490,121652369,-210.121,1.000,0.000,1.000,3.000,0.000,0.000,89.000,0,0,0
B3_zmq_pushpull,zmq_tcp,none,none,,1,25684,512,584,1785153462144595000,1785153462144596000,1785153462144596000,1785153462144597000,1785153462144676000,1785153462144679000,1785153462144679000,1785153462144679000,121932490,121652369,-201.121,1.000,0.000,1.000,3.000,0.000,0.000,9.000,0,0,0
B3_zmq_pushpull,zmq_tcp,none,none,,1,25685,512,584,1785153462145612000,1785153462145612000,1785153462145613000,1785153462145613000,1785153462145646000,1785153462145649000,1785153462145649000,1785153462145649000,121932490,121652369,-247.121,0.000,1.000,0.000,3.000,0.000,0.000,46.000,0,0,0
B3_zmq_pushpull,zmq_tcp,none,none,,1,25686,512,584,1785153462146475000,1785153462146475000,1785153462146475000,1785153462146476000,1785153462146623000,1785153462146626000,1785153462146626000,1785153462146626000,121932490,121652369,-133.121,0.000,0.000,1.000,3.000,0.000,0.000,114.000,0,0,0
B3_zmq_pushpull,zmq_tcp,none,none,,1,25687,512,584,1785153462147642000,1785153462147642000,1785153462147642000,1785153462147643000,1785153462147744000,1785153462147747000,1785153462147747000,1785153462147747000,121932490,121652369,-179.121,0.000,0.000,1.000,3.000,0.000,0.000,46.000,0,0,0
B3_zmq_pushpull,zmq_tcp,none,none,,1,25688,512,584,1785153462148596000,1785153462148596000,1785153462148596000,1785153462148597000,1785153462148754000,1785153462148757000,1785153462148757000,1785153462148757000,121932490,121652369,-123.121,0.000,0.000,1.000,3.000,0.000,0.000,56.000,0,0,0
B3_zmq_pushpull,zmq_tcp,none,none,,1,25689,512,584,1785153462149449000,1785153462149449000,1785153462149449000,1785153462149450000,1785153462149610000,1785153462149613000,1785153462149613000,1785153462149613000,121932490,121652369,-120.121,0.000,0.000,1.000,3.000,0.000,0.000,3.000,0,0,0
B3_zmq_pushpull,zmq_tcp,none,none,,1,25690,512,584,1785153462150647000,1785153462150648000,1785153462150648000,1785153462150649000,1785153462150729000,1785153462150731000,1785153462150732000,1785153462150732000,121932490,121652369,-200.121,1.000,0.000,1.000,2.000,1.000,0.000,80.000,0,0,0
B3_zmq_pushpull,zmq_tcp,none,none,,1,25691,512,584,1785153462151596000,1785153462151596000,1785153462151596000,1785153462151597000,1785153462151707000,1785153462151710000,1785153462151710000,1785153462151710000,121932490,121652369,-170.121,0.000,0.000,1.000,3.000,0.000,0.000,30.000,0,0,0
B3_zmq_pushpull,zmq_tcp,none,none,,1,25692,512,584,1785153462152611000,1785153462152612000,1785153462152612000,1785153462152613000,1785153462152691000,1785153462152694000,1785153462152694000,1785153462152694000,121932490,121652369,-202.121,1.000,0.000,1.000,3.000,0.000,0.000,32.000,0,0,0
B3_zmq_pushpull,zmq_tcp,none,none,,1,25693,512,584,1785153462153524000,1785153462153524000,1785153462153524000,1785153462153525000,1785153462153683000,1785153462153686000,1785153462153686000,1785153462153686000,121932490,121652369,-122.121,0.000,0.000,1.000,3.000,0.000,0.000,80.000,0,0,0
B3_zmq_pushpull,zmq_tcp,none,none,,1,25694,512,584,1785153462154629000,1785153462154629000,1785153462154629000,1785153462154630000,1785153462154806000,1785153462154808000,1785153462154808000,1785153462154808000,121932490,121652369,-104.121,0.000,0.000,1.000,2.000,0.000,0.000,18.000,0,0,0
B3_zmq_pushpull,zmq_tcp,none,none,,1,25695,512,584,1785153462155602000,1785153462155602000,1785153462155602000,1785153462155603000,1785153462155793000,1785153462155795000,1785153462155795000,1785153462155795000,121932490,121652369,-90.121,0.000,0.000,1.000,2.000,0.000,0.000,14.000,0,0,0
B3_zmq_pushpull,zmq_tcp,none,none,,1,25696,512,584,1785153462156610000,1785153462156610000,1785153462156610000,1785153462156611000,1785153462156778000,1785153462156780000,1785153462156780000,1785153462156780000,121932490,121652369,-113.121,0.000,0.000,1.000,2.000,0.000,0.000,23.000,0,0,0
B3_zmq_pushpull,zmq_tcp,none,none,,1,25697,512,584,1785153462157608000,1785153462157608000,1785153462157608000,1785153462157609000,1785153462157761000,1785153462157764000,1785153462157764000,1785153462157764000,121932490,121652369,-128.121,0.000,0.000,1.000,3.000,0.000,0.000,15.000,0,0,0
B3_zmq_pushpull,zmq_tcp,none,none,,1,25698,512,584,1785153462158462000,1785153462158462000,1785153462158462000,1785153462158463000,1785153462158606000,1785153462158608000,1785153462158609000,1785153462158609000,121932490,121652369,-137.121,0.000,0.000,1.000,2.000,1.000,0.000,9.000,0,0,0
B3_zmq_pushpull,zmq_tcp,none,none,,1,25699,512,584,1785153462159642000,1785153462159642000,1785153462159642000,1785153462159643000,1785153462159713000,1785153462159715000,1785153462159715000,1785153462159715000,121932490,121652369,-210.121,0.000,0.000,1.000,2.000,0.000,0.000,73.000,0,0,0
B3_zmq_pushpull,zmq_tcp,none,none,,1,25700,512,584,1785153462160600000,1785153462160601000,1785153462160601000,1785153462160602000,1785153462160712000,1785153462160716000,1785153462160716000,1785153462160716000,121932490,121652369,-170.121,1.000,0.000,1.000,4.000,0.000,0.000,40.000,0,0,0
B3_zmq_pushpull,zmq_tcp,none,none,,1,25701,512,584,1785153462161417000,1785153462161417000,1785153462161417000,1785153462161418000,1785153462161562000,1785153462161565000,1785153462161565000,1785153462161565000,121932490,121652369,-136.121,0.000,0.000,1.000,3.000,0.000,0.000,34.000,0,0,0
B3_zmq_pushpull,zmq_tcp,none,none,,1,25702,512,584,1785153462162410000,1785153462162411000,1785153462162411000,1785153462162412000,1785153462162546000,1785153462162549000,1785153462162549000,1785153462162549000,121932490,121652369,-146.121,1.000,0.000,1.000,3.000,0.000,0.000,10.000,0,0,0
B3_zmq_pushpull,zmq_tcp,none,none,,1,25703,512,584,1785153462163529000,1785153462163529000,1785153462163529000,1785153462163530000,1785153462163689000,1785153462163692000,1785153462163692000,1785153462163692000,121932490,121652369,-121.121,0.000,0.000,1.000,3.000,0.000,0.000,25.000,0,0,0
B3_zmq_pushpull,zmq_tcp,none,none,,1,25704,512,584,1785153462164628000,1785153462164628000,1785153462164628000,1785153462164629000,1785153462164787000,1785153462164790000,1785153462164790000,1785153462164790000,121932490,121652369,-122.121,0.000,0.000,1.000,3.000,0.000,0.000,1.000,0,0,0
B3_zmq_pushpull,zmq_tcp,none,none,,1,25705,512,584,1785153462165602000,1785153462165603000,1785153462165603000,1785153462165604000,1785153462165753000,1785153462165756000,1785153462165756000,1785153462165756000,121932490,121652369,-131.121,1.000,0.000,1.000,3.000,0.000,0.000,9.000,0,0,0
B3_zmq_pushpull,zmq_tcp,none,none,,1,25706,512,584,1785153462166606000,1785153462166606000,1785153462166606000,1785153462166607000,1785153462166713000,1785153462166715000,1785153462166715000,1785153462166715000,121932490,121652369,-174.121,0.000,0.000,1.000,2.000,0.000,0.000,43.000,0,0,0
B3_zmq_pushpull,zmq_tcp,none,none,,1,25707,512,584,1785153462167609000,1785153462167609000,1785153462167609000,1785153462167610000,1785153462167677000,1785153462167679000,1785153462167679000,1785153462167679000,121932490,121652369,-213.121,0.000,0.000,1.000,2.000,0.000,0.000,39.000,0,0,0
B3_zmq_pushpull,zmq_tcp,none,none,,1,25708,512,584,1785153462168608000,1785153462168608000,1785153462168608000,1785153462168609000,1785153462168671000,1785153462168675000,1785153462168675000,1785153462168675000,121932490,121652369,-218.121,0.000,0.000,1.000,4.000,0.000,0.000,5.000,0,0,0
B3_zmq_pushpull,zmq_tcp,none,none,,1,25709,512,584,1785153462169605000,1785153462169605000,1785153462169605000,1785153462169606000,1785153462169795000,1785153462169798000,1785153462169798000,1785153462169798000,121932490,121652369,-91.121,0.000,0.000,1.000,3.000,0.000,0.000,127.000,0,0,0
B3_zmq_pushpull,zmq_tcp,none,none,,1,25710,512,584,1785153462170474000,1785153462170474000,1785153462170474000,1785153462170476000,1785153462170615000,1785153462170618000,1785153462170618000,1785153462170618000,121932490,121652369,-141.121,0.000,0.000,2.000,3.000,0.000,0.000,50.000,0,0,0
B3_zmq_pushpull,zmq_tcp,none,none,,1,25711,512,584,1785153462171641000,1785153462171642000,1785153462171642000,1785153462171643000,1785153462171760000,1785153462171763000,1785153462171763000,1785153462171763000,121932490,121652369,-163.121,1.000,0.000,1.000,3.000,0.000,0.000,22.000,0,0,0
B3_zmq_pushpull,zmq_tcp,none,none,,1,25712,512,584,1785153462172440000,1785153462172440000,1785153462172440000,1785153462172441000,1785153462172593000,1785153462172595000,1785153462172595000,1785153462172595000,121932490,121652369,-128.121,0.000,0.000,1.000,2.000,0.000,0.000,35.000,0,0,0
B3_zmq_pushpull,zmq_tcp,none,none,,1,25713,512,584,1785153462173653000,1785153462173653000,1785153462173653000,1785153462173654000,1785153462173720000,1785153462173722000,1785153462173722000,1785153462173722000,121932490,121652369,-214.121,0.000,0.000,1.000,2.000,0.000,0.000,86.000,0,0,0
B3_zmq_pushpull,zmq_tcp,none,none,,1,25714,512,584,1785153462174597000,1785153462174597000,1785153462174597000,1785153462174598000,1785153462174718000,1785153462174721000,1785153462174721000,1785153462174721000,121932490,121652369,-160.121,0.000,0.000,1.000,3.000,0.000,0.000,54.000,0,0,0
B3_zmq_pushpull,zmq_tcp,none,none,,1,25715,512,584,1785153462175613000,1785153462175613000,1785153462175613000,1785153462175614000,1785153462175699000,1785153462175702000,1785153462175702000,1785153462175702000,121932490,121652369,-195.121,0.000,0.000,1.000,3.000,0.000,0.000,35.000,0,0,0
B3_zmq_pushpull,zmq_tcp,none,none,,1,25716,512,584,1785153462176606000,1785153462176606000,1785153462176606000,1785153462176607000,1785153462176797000,1785153462176799000,1785153462176799000,1785153462176799000,121932490,121652369,-90.121,0.000,0.000,1.000,2.000,0.000,0.000,105.000,0,0,0
B3_zmq_pushpull,zmq_tcp,none,none,,1,25717,512,584,1785153462177610000,1785153462177610000,1785153462177610000,1785153462177611000,1785153462177653000,1785153462177657000,1785153462177657000,1785153462177657000,121932490,121652369,-238.121,0.000,0.000,1.000,4.000,0.000,0.000,148.000,0,0,0
B3_zmq_pushpull,zmq_tcp,none,none,,1,25718,512,584,1785153462178484000,1785153462178484000,1785153462178484000,1785153462178485000,1785153462178639000,1785153462178642000,1785153462178642000,1785153462178642000,121932490,121652369,-126.121,0.000,0.000,1.000,3.000,0.000,0.000,112.000,0,0,0
B3_zmq_pushpull,zmq_tcp,none,none,,1,25719,512,584,1785153462179464000,1785153462179464000,1785153462179464000,1785153462179465000,1785153462179617000,1785153462179620000,1785153462179620000,1785153462179620000,121932490,121652369,-128.121,0.000,0.000,1.000,3.000,0.000,0.000,2.000,0,0,0
B3_zmq_pushpull,zmq_tcp,none,none,,1,25720,512,584,1785153462180449000,1785153462180449000,1785153462180449000,1785153462180450000,1785153462180596000,1785153462180599000,1785153462180599000,1785153462180599000,121932490,121652369,-134.121,0.000,0.000,1.000,3.000,0.000,0.000,6.000,0,0,0
B3_zmq_pushpull,zmq_tcp,none,none,,1,25721,512,584,1785153462181437000,1785153462181437000,1785153462181437000,1785153462181438000,1785153462181594000,1785153462181597000,1785153462181597000,1785153462181597000,121932490,121652369,-124.121,0.000,0.000,1.000,3.000,0.000,0.000,10.000,0,0,0
B3_zmq_pushpull,zmq_tcp,none,none,,1,25722,512,584,1785153462182653000,1785153462182653000,1785153462182653000,1785153462182654000,1785153462182855000,1785153462182858000,1785153462182858000,1785153462182858000,121932490,121652369,-79.121,0.000,0.000,1.000,3.000,0.000,0.000,45.000,0,0,0
B3_zmq_pushpull,zmq_tcp,none,none,,1,25723,512,584,1785153462183417000,1785153462183417000,1785153462183417000,1785153462183418000,1785153462183561000,1785153462183563000,1785153462183563000,1785153462183563000,121932490,121652369,-137.121,0.000,0.000,1.000,2.000,0.000,0.000,58.000,0,0,0
B3_zmq_pushpull,zmq_tcp,none,none,,1,25724,512,584,1785153462184657000,1785153462184657000,1785153462184657000,1785153462184658000,1785153462184829000,1785153462184832000,1785153462184832000,1785153462184832000,121932490,121652369,-109.121,0.000,0.000,1.000,3.000,0.000,0.000,28.000,0,0,0
B3_zmq_pushpull,zmq_tcp,none,none,,1,25725,512,584,1785153462185520000,1785153462185520000,1785153462185520000,1785153462185521000,1785153462185673000,1785153462185675000,1785153462185675000,1785153462185675000,121932490,121652369,-128.121,0.000,0.000,1.000,2.000,0.000,0.000,19.000,0,0,0
B3_zmq_pushpull,zmq_tcp,none,none,,1,25726,512,584,1785153462186631000,1785153462186631000,1785153462186631000,1785153462186632000,1785153462186799000,1785153462186803000,1785153462186803000,1785153462186803000,121932490,121652369,-113.121,0.000,0.000,1.000,4.000,0.000,0.000,15.000,0,0,0
B3_zmq_pushpull,zmq_tcp,none,none,,1,25727,512,584,1785153462187600000,1785153462187600000,1785153462187600000,1785153462187601000,1785153462187656000,1785153462187661000,1785153462187661000,1785153462187661000,121932490,121652369,-225.121,0.000,0.000,1.000,5.000,0.000,0.000,112.000,0,0,0
B3_zmq_pushpull,zmq_tcp,none,none,,1,25728,512,584,1785153462188613000,1785153462188613000,1785153462188613000,1785153462188614000,1785153462188805000,1785153462188807000,1785153462188807000,1785153462188808000,121932490,121652369,-89.121,0.000,0.000,1.000,2.000,0.000,1.000,136.000,0,0,0
B3_zmq_pushpull,zmq_tcp,none,none,,1,25729,512,584,1785153462189505000,1785153462189505000,1785153462189505000,1785153462189506000,1785153462189666000,1785153462189669000,1785153462189669000,1785153462189669000,121932490,121652369,-120.121,0.000,0.000,1.000,3.000,0.000,0.000,31.000,0,0,0
B3_zmq_pushpull,zmq_tcp,none,none,,1,25730,512,584,1785153462190633000,1785153462190633000,1785153462190633000,1785153462190634000,1785153462190785000,1785153462190787000,1785153462190787000,1785153462190787000,121932490,121652369,-129.121,0.000,0.000,1.000,2.000,0.000,0.000,9.000,0,0,0
B3_zmq_pushpull,zmq_tcp,none,none,,1,25731,512,584,1785153462191469000,1785153462191470000,1785153462191470000,1785153462191471000,1785153462191631000,1785153462191634000,1785153462191634000,1785153462191634000,121932490,121652369,-120.121,1.000,0.000,1.000,3.000,0.000,0.000,9.000,0,0,0
B3_zmq_pushpull,zmq_tcp,none,none,,1,25732,512,584,1785153462192642000,1785153462192643000,1785153462192643000,1785153462192644000,1785153462192742000,1785153462192745000,1785153462192745000,1785153462192745000,121932490,121652369,-182.121,1.000,0.000,1.000,3.000,0.000,0.000,62.000,0,0,0
B3_zmq_pushpull,zmq_tcp,none,none,,1,25733,512,584,1785153462193413000,1785153462193414000,1785153462193414000,1785153462193415000,1785153462193566000,1785153462193569000,1785153462193569000,1785153462193569000,121932490,121652369,-129.121,1.000,0.000,1.000,3.000,0.000,0.000,53.000,0,0,0
B3_zmq_pushpull,zmq_tcp,none,none,,1,25734,512,584,1785153462194662000,1785153462194662000,1785153462194662000,1785153462194663000,1785153462194839000,1785153462194842000,1785153462194842000,1785153462194842000,121932490,121652369,-104.121,0.000,0.000,1.000,3.000,0.000,0.000,25.000,0,0,0
B3_zmq_pushpull,zmq_tcp,none,none,,1,25735,512,584,1785153462195594000,1785153462195594000,1785153462195594000,1785153462195595000,1785153462195695000,1785153462195698000,1785153462195698000,1785153462195698000,121932490,121652369,-180.121,0.000,0.000,1.000,3.000,0.000,0.000,76.000,0,0,0
B3_zmq_pushpull,zmq_tcp,none,none,,1,25736,512,584,1785153462196614000,1785153462196614000,1785153462196615000,1785153462196615000,1785153462196685000,1785153462196687000,1785153462196687000,1785153462196687000,121932490,121652369,-210.121,0.000,1.000,0.000,2.000,0.000,0.000,30.000,0,0,0
B3_zmq_pushpull,zmq_tcp,none,none,,1,25737,512,584,1785153462197606000,1785153462197607000,1785153462197607000,1785153462197608000,1785153462197682000,1785153462197685000,1785153462197685000,1785153462197685000,121932490,121652369,-206.121,1.000,0.000,1.000,3.000,0.000,0.000,4.000,0,0,0
B3_zmq_pushpull,zmq_tcp,none,none,,1,25738,512,584,1785153462198614000,1785153462198615000,1785153462198615000,1785153462198616000,1785153462198794000,1785153462198798000,1785153462198798000,1785153462198798000,121932490,121652369,-102.121,1.000,0.000,1.000,4.000,0.000,0.000,104.000,0,0,0
B3_zmq_pushpull,zmq_tcp,none,none,,1,25739,512,584,1785153462199605000,1785153462199606000,1785153462199606000,1785153462199607000,1785153462199793000,1785153462199796000,1785153462199796000,1785153462199796000,121932490,121652369,-94.121,1.000,0.000,1.000,3.000,0.000,0.000,8.000,0,0,0
B3_zmq_pushpull,zmq_tcp,none,none,,1,25740,512,584,1785153462200612000,1785153462200612000,1785153462200612000,1785153462200613000,1785153462200789000,1785153462200792000,1785153462200792000,1785153462200792000,121932490,121652369,-104.121,0.000,0.000,1.000,3.000,0.000,0.000,10.000,0,0,0
B3_zmq_pushpull,zmq_tcp,none,none,,1,25741,512,584,1785153462201607000,1785153462201608000,1785153462201608000,1785153462201609000,1785153462201789000,1785153462201792000,1785153462201792000,1785153462201792000,121932490,121652369,-100.121,1.000,0.000,1.000,3.000,0.000,0.000,4.000,0,0,0
B3_zmq_pushpull,zmq_tcp,none,none,,1,25742,512,584,1785153462202611000,1785153462202611000,1785153462202611000,1785153462202612000,1785153462202791000,1785153462202795000,1785153462202795000,1785153462202795000,121932490,121652369,-101.121,0.000,0.000,1.000,4.000,0.000,0.000,1.000,0,0,0
B3_zmq_pushpull,zmq_tcp,none,none,,1,25743,512,584,1785153462203604000,1785153462203604000,1785153462203604000,1785153462203605000,1785153462203772000,1785153462203774000,1785153462203774000,1785153462203774000,121932490,121652369,-113.121,0.000,0.000,1.000,2.000,0.000,0.000,12.000,0,0,0
B3_zmq_pushpull,zmq_tcp,none,none,,1,25744,512,584,1785153462204610000,1785153462204610000,1785153462204610000,1785153462204611000,1785153462204762000,1785153462204765000,1785153462204765000,1785153462204765000,121932490,121652369,-129.121,0.000,0.000,1.000,3.000,0.000,0.000,16.000,0,0,0
B3_zmq_pushpull,zmq_tcp,none,none,,1,25745,512,584,1785153462205608000,1785153462205608000,1785153462205608000,1785153462205609000,1785153462205760000,1785153462205762000,1785153462205762000,1785153462205762000,121932490,121652369,-129.121,0.000,0.000,1.000,2.000,0.000,0.000,0.000,0,0,0
B3_zmq_pushpull,zmq_tcp,none,none,,1,25746,512,584,1785153462206608000,1785153462206608000,1785153462206608000,1785153462206609000,1785153462206736000,1785153462206738000,1785153462206738000,1785153462206738000,121932490,121652369,-153.121,0.000,0.000,1.000,2.000,0.000,0.000,24.000,0,0,0
B3_zmq_pushpull,zmq_tcp,none,none,,1,25747,512,584,1785153462207605000,1785153462207605000,1785153462207605000,1785153462207606000,1785153462207712000,1785153462207715000,1785153462207715000,1785153462207715000,121932490,121652369,-174.121,0.000,0.000,1.000,3.000,0.000,0.000,21.000,0,0,0
B3_zmq_pushpull,zmq_tcp,none,none,,1,25748,512,584,1785153462208412000,1785153462208412000,1785153462208412000,1785153462208413000,1785153462208571000,1785153462208574000,1785153462208574000,1785153462208574000,121932490,121652369,-122.121,0.000,0.000,1.000,3.000,0.000,0.000,52.000,0,0,0
B3_zmq_pushpull,zmq_tcp,none,none,,1,25749,512,584,1785153462209415000,1785153462209415000,1785153462209415000,1785153462209416000,1785153462209560000,1785153462209562000,1785153462209562000,1785153462209562000,121932490,121652369,-136.121,0.000,0.000,1.000,2.000,0.000,0.000,14.000,0,0,0
B3_zmq_pushpull,zmq_tcp,none,none,,1,25750,512,584,1785153462210414000,1785153462210414000,1785153462210414000,1785153462210415000,1785153462210572000,1785153462210574000,1785153462210574000,1785153462210574000,121932490,121652369,-123.121,0.000,0.000,1.000,2.000,0.000,0.000,13.000,0,0,0
B3_zmq_pushpull,zmq_tcp,none,none,,1,25751,512,584,1785153462211653000,1785153462211653000,1785153462211653000,1785153462211654000,1785153462211830000,1785153462211833000,1785153462211833000,1785153462211833000,121932490,121652369,-104.121,0.000,0.000,1.000,3.000,0.000,0.000,19.000,0,0,0
B3_zmq_pushpull,zmq_tcp,none,none,,1,25752,512,584,1785153462212597000,1785153462212597000,1785153462212597000,1785153462212598000,1785153462212680000,1785153462212682000,1785153462212682000,1785153462212682000,121932490,121652369,-198.121,0.000,0.000,1.000,2.000,0.000,0.000,94.000,0,0,0
B3_zmq_pushpull,zmq_tcp,none,none,,1,25753,512,584,1785153462213610000,1785153462213611000,1785153462213611000,1785153462213612000,1785153462213664000,1785153462213667000,1785153462213667000,1785153462213667000,121932490,121652369,-228.121,1.000,0.000,1.000,3.000,0.000,0.000,30.000,0,0,0
B3_zmq_pushpull,zmq_tcp,none,none,,1,25754,512,584,1785153462214605000,1785153462214605000,1785153462214605000,1785153462214606000,1785153462214783000,1785153462214785000,1785153462214785000,1785153462214785000,121932490,121652369,-103.121,0.000,0.000,1.000,2.000,0.000,0.000,125.000,0,0,0
B3_zmq_pushpull,zmq_tcp,none,none,,1,25755,512,584,1785153462215614000,1785153462215614000,1785153462215614000,1785153462215615000,1785153462215773000,1785153462215776000,1785153462215776000,1785153462215776000,121932490,121652369,-122.121,0.000,0.000,1.000,3.000,0.000,0.000,19.000,0,0,0
B3_zmq_pushpull,zmq_tcp,none,none,,1,25756,512,584,1785153462216609000,1785153462216609000,1785153462216609000,1785153462216610000,1785153462216769000,1785153462216772000,1785153462216772000,1785153462216772000,121932490,121652369,-121.121,0.000,0.000,1.000,3.000,0.000,0.000,1.000,0,0,0
B3_zmq_pushpull,zmq_tcp,none,none,,1,25757,512,584,1785153462217611000,1785153462217612000,1785153462217612000,1785153462217613000,1785153462217772000,1785153462217774000,1785153462217774000,1785153462217774000,121932490,121652369,-121.121,1.000,0.000,1.000,2.000,0.000,0.000,0.000,0,0,0
B3_zmq_pushpull,zmq_tcp,none,none,,1,25758,512,584,1785153462218606000,1785153462218606000,1785153462218606000,1785153462218607000,1785153462218772000,1785153462218775000,1785153462218775000,1785153462218775000,121932490,121652369,-115.121,0.000,0.000,1.000,3.000,0.000,0.000,6.000,0,0,0
B3_zmq_pushpull,zmq_tcp,none,none,,1,25759,512,584,1785153462219609000,1785153462219609000,1785153462219609000,1785153462219610000,1785153462219752000,1785153462219754000,1785153462219754000,1785153462219754000,121932490,121652369,-138.121,0.000,0.000,1.000,2.000,0.000,0.000,23.000,0,0,0
B3_zmq_pushpull,zmq_tcp,none,none,,1,25760,512,584,1785153462220458000,1785153462220458000,1785153462220459000,1785153462220460000,1785153462220620000,1785153462220623000,1785153462220623000,1785153462220623000,121932490,121652369,-120.121,0.000,1.000,1.000,3.000,0.000,0.000,18.000,0,0,0
B3_zmq_pushpull,zmq_tcp,none,none,,1,25761,512,584,1785153462221456000,1785153462221456000,1785153462221456000,1785153462221457000,1785153462221605000,1785153462221609000,1785153462221609000,1785153462221609000,121932490,121652369,-132.121,0.000,0.000,1.000,4.000,0.000,0.000,12.000,0,0,0
B3_zmq_pushpull,zmq_tcp,none,none,,1,25762,512,584,1785153462222647000,1785153462222647000,1785153462222647000,1785153462222648000,1785153462222740000,1785153462222743000,1785153462222743000,1785153462222743000,121932490,121652369,-188.121,0.000,0.000,1.000,3.000,0.000,0.000,56.000,0,0,0
B3_zmq_pushpull,zmq_tcp,none,none,,1,25763,512,584,1785153462223600000,1785153462223600000,1785153462223600000,1785153462223601000,1785153462223736000,1785153462223738000,1785153462223738000,1785153462223738000,121932490,121652369,-145.121,0.000,0.000,1.000,2.000,0.000,0.000,43.000,0,0,0
B3_zmq_pushpull,zmq_tcp,none,none,,1,25764,512,584,1785153462224613000,1785153462224613000,1785153462224613000,1785153462224614000,1785153462224714000,1785153462224717000,1785153462224717000,1785153462224717000,121932490,121652369,-180.121,0.000,0.000,1.000,3.000,0.000,0.000,35.000,0,0,0
B3_zmq_pushpull,zmq_tcp,none,none,,1,25765,512,584,1785153462225607000,1785153462225607000,1785153462225607000,1785153462225608000,1785153462225702000,1785153462225705000,1785153462225705000,1785153462225705000,121932490,121652369,-186.121,0.000,0.000,1.000,3.000,0.000,0.000,6.000,0,0,0
B3_zmq_pushpull,zmq_tcp,none,none,,1,25766,512,584,1785153462226613000,1785153462226613000,1785153462226613000,1785153462226614000,1785153462226694000,1785153462226697000,1785153462226697000,1785153462226697000,121932490,121652369,-200.121,0.000,0.000,1.000,3.000,0.000,0.000,14.000,0,0,0
B3_zmq_pushpull,zmq_tcp,none,none,,1,25767,512,584,1785153462227607000,1785153462227607000,1785153462227607000,1785153462227608000,1785153462227653000,1785153462227656000,1785153462227657000,1785153462227657000,121932490,121652369,-235.121,0.000,0.000,1.000,3.000,1.000,0.000,35.000,0,0,0
B3_zmq_pushpull,zmq_tcp,none,none,,1,25768,512,584,1785153462228608000,1785153462228608000,1785153462228608000,1785153462228609000,1785153462228790000,1785153462228793000,1785153462228793000,1785153462228793000,121932490,121652369,-99.121,0.000,0.000,1.000,3.000,0.000,0.000,136.000,0,0,0
B3_zmq_pushpull,zmq_tcp,none,none,,1,25769,512,584,1785153462229606000,1785153462229606000,1785153462229606000,1785153462229607000,1785153462229779000,1785153462229782000,1785153462229782000,1785153462229782000,121932490,121652369,-108.121,0.000,0.000,1.000,3.000,0.000,0.000,9.000,0,0,0
B3_zmq_pushpull,zmq_tcp,none,none,,1,25770,512,584,1785153462230610000,1785153462230610000,1785153462230610000,1785153462230611000,1785153462230761000,1785153462230764000,1785153462230764000,1785153462230764000,121932490,121652369,-130.121,0.000,0.000,1.000,3.000,0.000,0.000,22.000,0,0,0
B3_zmq_pushpull,zmq_tcp,none,none,,1,25771,512,584,1785153462231608000,1785153462231608000,1785153462231608000,1785153462231609000,1785153462231745000,1785153462231748000,1785153462231748000,1785153462231748000,121932490,121652369,-144.121,0.000,0.000,1.000,3.000,0.000,0.000,14.000,0,0,0
B3_zmq_pushpull,zmq_tcp,none,none,,1,25772,512,584,1785153462232610000,1785153462232610000,1785153462232610000,1785153462232611000,1785153462232727000,1785153462232730000,1785153462232730000,1785153462232730000,121932490,121652369,-164.121,0.000,0.000,1.000,3.000,0.000,0.000,20.000,0,0,0
B3_zmq_pushpull,zmq_tcp,none,none,,1,25773,512,584,1785153462233604000,1785153462233604000,1785153462233604000,1785153462233605000,1785153462233705000,1785153462233709000,1785153462233709000,1785153462233709000,121932490,121652369,-180.121,0.000,0.000,1.000,4.000,0.000,0.000,16.000,0,0,0
B3_zmq_pushpull,zmq_tcp,none,none,,1,25774,512,584,1785153462234609000,1785153462234609000,1785153462234610000,1785153462234610000,1785153462234678000,1785153462234681000,1785153462234681000,1785153462234681000,121932490,121652369,-212.121,0.000,1.000,0.000,3.000,0.000,0.000,32.000,0,0,0
B3_zmq_pushpull,zmq_tcp,none,none,,1,25775,512,584,1785153462235608000,1785153462235608000,1785153462235608000,1785153462235609000,1785153462235659000,1785153462235663000,1785153462235663000,1785153462235663000,121932490,121652369,-230.121,0.000,0.000,1.000,4.000,0.000,0.000,18.000,0,0,0
B3_zmq_pushpull,zmq_tcp,none,none,,1,25776,512,584,1785153462236503000,1785153462236503000,1785153462236503000,1785153462236504000,1785153462236661000,1785153462236665000,1785153462236665000,1785153462236665000,121932490,121652369,-123.121,0.000,0.000,1.000,4.000,0.000,0.000,107.000,0,0,0
B3_zmq_pushpull,zmq_tcp,none,none,,1,25777,512,584,1785153462237502000,1785153462237502000,1785153462237502000,1785153462237503000,1785153462237660000,1785153462237663000,1785153462237663000,1785153462237663000,121932490,121652369,-123.121,0.000,0.000,1.000,3.000,0.000,0.000,0.000,0,0,0
B3_zmq_pushpull,zmq_tcp,none,none,,1,25778,512,584,1785153462238637000,1785153462238637000,1785153462238638000,1785153462238639000,1785153462238764000,1785153462238766000,1785153462238766000,1785153462238766000,121932490,121652369,-155.121,0.000,1.000,1.000,2.000,0.000,0.000,32.000,0,0,0
B3_zmq_pushpull,zmq_tcp,none,none,,1,25779,512,584,1785153462239604000,1785153462239604000,1785153462239604000,1785153462239605000,1785153462239761000,1785153462239764000,1785153462239764000,1785153462239764000,121932490,121652369,-124.121,0.000,0.000,1.000,3.000,0.000,0.000,31.000,0,0,0
B3_zmq_pushpull,zmq_tcp,none,none,,1,25780,512,584,1785153462240611000,1785153462240611000,1785153462240611000,1785153462240612000,1785153462240735000,1785153462240738000,1785153462240738000,1785153462240738000,121932490,121652369,-157.121,0.000,0.000,1.000,3.000,0.000,0.000,33.000,0,0,0
B3_zmq_pushpull,zmq_tcp,none,none,,1,25781,512,584,1785153462241610000,1785153462241610000,1785153462241611000,1785153462241612000,1785153462241721000,1785153462241724000,1785153462241724000,1785153462241724000,121932490,121652369,-171.121,0.000,1.000,1.000,3.000,0.000,0.000,14.000,0,0,0
B3_zmq_pushpull,zmq_tcp,none,none,,1,25782,512,584,1785153462242608000,1785153462242608000,1785153462242608000,1785153462242609000,1785153462242702000,1785153462242704000,1785153462242704000,1785153462242704000,121932490,121652369,-187.121,0.000,0.000,1.000,2.000,0.000,0.000,16.000,0,0,0
B3_zmq_pushpull,zmq_tcp,none,none,,1,25783,512,584,1785153462243612000,1785153462243612000,1785153462243612000,1785153462243613000,1785153462243678000,1785153462243681000,1785153462243681000,1785153462243681000,121932490,121652369,-215.121,0.000,0.000,1.000,3.000,0.000,0.000,28.000,0,0,0
B3_zmq_pushpull,zmq_tcp,none,none,,1,25784,512,584,1785153462244607000,1785153462244607000,1785153462244607000,1785153462244608000,1785153462244673000,1785153462244676000,1785153462244676000,1785153462244676000,121932490,121652369,-215.121,0.000,0.000,1.000,3.000,0.000,0.000,0.000,0,0,0
B3_zmq_pushpull,zmq_tcp,none,none,,1,25785,512,584,1785153462245613000,1785153462245613000,1785153462245613000,1785153462245614000,1785153462245790000,1785153462245793000,1785153462245793000,1785153462245793000,121932490,121652369,-104.121,0.000,0.000,1.000,3.000,0.000,0.000,111.000,0,0,0
B3_zmq_pushpull,zmq_tcp,none,none,,1,25786,512,584,1785153462246605000,1785153462246606000,1785153462246606000,1785153462246607000,1785153462246787000,1785153462246792000,1785153462246792000,1785153462246792000,121932490,121652369,-100.121,1.000,0.000,1.000,5.000,0.000,0.000,4.000,0,0,0
B3_zmq_pushpull,zmq_tcp,none,none,,1,25787,512,584,1785153462247610000,1785153462247610000,1785153462247610000,1785153462247611000,1785153462247764000,1785153462247767000,1785153462247767000,1785153462247767000,121932490,121652369,-127.121,0.000,0.000,1.000,3.000,0.000,0.000,27.000,0,0,0
B3_zmq_pushpull,zmq_tcp,none,none,,1,25788,512,584,1785153462248608000,1785153462248608000,1785153462248609000,1785153462248609000,1785153462248747000,1785153462248749000,1785153462248749000,1785153462248750000,121932490,121652369,-142.121,0.000,1.000,0.000,2.000,0.000,1.000,15.000,0,0,0
B3_zmq_pushpull,zmq_tcp,none,none,,1,25789,512,584,1785153462249449000,1785153462249449000,1785153462249449000,1785153462249450000,1785153462249606000,1785153462249609000,1785153462249609000,1785153462249609000,121932490,121652369,-124.121,0.000,0.000,1.000,3.000,0.000,0.000,18.000,0,0,0
B3_zmq_pushpull,zmq_tcp,none,none,,1,25790,512,584,1785153462250438000,1785153462250438000,1785153462250438000,1785153462250439000,1785153462250592000,1785153462250594000,1785153462250594000,1785153462250594000,121932490,121652369,-127.121,0.000,0.000,1.000,2.000,0.000,0.000,3.000,0,0,0
B3_zmq_pushpull,zmq_tcp,none,none,,1,25791,512,584,1785153462251419000,1785153462251420000,1785153462251420000,1785153462251421000,1785153462251578000,1785153462251581000,1785153462251581000,1785153462251581000,121932490,121652369,-123.121,1.000,0.000,1.000,3.000,0.000,0.000,4.000,0,0,0
B3_zmq_pushpull,zmq_tcp,none,none,,1,25792,512,584,1785153462252411000,1785153462252411000,1785153462252411000,1785153462252412000,1785153462252556000,1785153462252558000,1785153462252558000,1785153462252558000,121932490,121652369,-136.121,0.000,0.000,1.000,2.000,0.000,0.000,13.000,0,0,0
B3_zmq_pushpull,zmq_tcp,none,none,,1,25793,512,584,1785153462253540000,1785153462253540000,1785153462253540000,1785153462253541000,1785153462253697000,1785153462253700000,1785153462253700000,1785153462253700000,121932490,121652369,-124.121,0.000,0.000,1.000,3.000,0.000,0.000,12.000,0,0,0
B3_zmq_pushpull,zmq_tcp,none,none,,1,25794,512,584,1785153462254534000,1785153462254534000,1785153462254534000,1785153462254535000,1785153462254690000,1785153462254693000,1785153462254693000,1785153462254693000,121932490,121652369,-125.121,0.000,0.000,1.000,3.000,0.000,0.000,1.000,0,0,0
B3_zmq_pushpull,zmq_tcp,none,none,,1,25795,512,584,1785153462255525000,1785153462255525000,1785153462255525000,1785153462255526000,1785153462255678000,1785153462255681000,1785153462255681000,1785153462255681000,121932490,121652369,-128.121,0.000,0.000,1.000,3.000,0.000,0.000,3.000,0,0,0
B3_zmq_pushpull,zmq_tcp,none,none,,1,25796,512,584,1785153462256494000,1785153462256494000,1785153462256494000,1785153462256495000,1785153462256647000,1785153462256650000,1785153462256650000,1785153462256650000,121932490,121652369,-128.121,0.000,0.000,1.000,3.000,0.000,0.000,0.000,0,0,0
B3_zmq_pushpull,zmq_tcp,none,none,,1,25797,512,584,1785153462257495000,1785153462257496000,1785153462257496000,1785153462257497000,1785153462257648000,1785153462257650000,1785153462257650000,1785153462257650000,121932490,121652369,-129.121,1.000,0.000,1.000,2.000,0.000,0.000,1.000,0,0,0
B3_zmq_pushpull,zmq_tcp,none,none,,1,25798,512,584,1785153462258531000,1785153462258531000,1785153462258531000,1785153462258532000,1785153462258652000,1785153462258655000,1785153462258655000,1785153462258655000,121932490,121652369,-160.121,0.000,0.000,1.000,3.000,0.000,0.000,31.000,0,0,0
B3_zmq_pushpull,zmq_tcp,none,none,,1,25799,512,584,1785153462259630000,1785153462259630000,1785153462259631000,1785153462259632000,1785153462259793000,1785153462259796000,1785153462259796000,1785153462259796000,121932490,121652369,-119.121,0.000,1.000,1.000,3.000,0.000,0.000,41.000,0,0,0
B3_zmq_pushpull,zmq_tcp,none,none,,1,25800,512,584,1785153462260603000,1785153462260603000,1785153462260603000,1785153462260604000,1785153462260780000,1785153462260783000,1785153462260783000,1785153462260783000,121932490,121652369,-104.121,0.000,0.000,1.000,3.000,0.000,0.000,15.000,0,0,0
B3_zmq_pushpull,zmq_tcp,none,none,,1,25801,512,584,1785153462261610000,1785153462261610000,1785153462261610000,1785153462261611000,1785153462261752000,1785153462261755000,1785153462261755000,1785153462261755000,121932490,121652369,-139.121,0.000,0.000,1.000,3.000,0.000,0.000,35.000,0,0,0
B3_zmq_pushpull,zmq_tcp,none,none,,1,25802,512,584,1785153462262608000,1785153462262608000,1785153462262608000,1785153462262609000,1785153462262739000,1785153462262742000,1785153462262742000,1785153462262742000,121932490,121652369,-150.121,0.000,0.000,1.000,3.000,0.000,0.000,11.000,0,0,0
B3_zmq_pushpull,zmq_tcp,none,none,,1,25803,512,584,1785153462263441000,1785153462263441000,1785153462263441000,1785153462263443000,1785153462263599000,1785153462263602000,1785153462263602000,1785153462263602000,121932490,121652369,-124.121,0.000,0.000,2.000,3.000,0.000,0.000,26.000,0,0,0
B3_zmq_pushpull,zmq_tcp,none,none,,1,25804,512,584,1785153462264652000,1785153462264653000,1785153462264653000,1785153462264654000,1785153462264746000,1785153462264749000,1785153462264749000,1785153462264749000,121932490,121652369,-188.121,1.000,0.000,1.000,3.000,0.000,0.000,64.000,0,0,0
B3_zmq_pushpull,zmq_tcp,none,none,,1,25805,512,584,1785153462265596000,1785153462265597000,1785153462265597000,1785153462265598000,1785153462265738000,1785153462265741000,1785153462265741000,1785153462265741000,121932490,121652369,-140.121,1.000,0.000,1.000,3.000,0.000,0.000,48.000,0,0,0
B3_zmq_pushpull,zmq_tcp,none,none,,1,25806,512,584,1785153462266612000,1785153462266612000,1785153462266612000,1785153462266613000,1785153462266732000,1785153462266734000,1785153462266734000,1785153462266734000,121932490,121652369,-161.121,0.000,0.000,1.000,2.000,0.000,0.000,21.000,0,0,0
B3_zmq_pushpull,zmq_tcp,none,none,,1,25807,512,584,1785153462267610000,1785153462267611000,1785153462267611000,1785153462267612000,1785153462267706000,1785153462267709000,1785153462267709000,1785153462267709000,121932490,121652369,-186.121,1.000,0.000,1.000,3.000,0.000,0.000,25.000,0,0,0
B3_zmq_pushpull,zmq_tcp,none,none,,1,25808,512,584,1785153462268610000,1785153462268610000,1785153462268610000,1785153462268611000,1785153462268692000,1785153462268696000,1785153462268696000,1785153462268696000,121932490,121652369,-199.121,0.000,0.000,1.000,4.000,0.000,0.000,13.000,0,0,0
B3_zmq_pushpull,zmq_tcp,none,none,,1,25809,512,584,1785153462269515000,1785153462269515000,1785153462269515000,1785153462269516000,1785153462269676000,1785153462269678000,1785153462269679000,1785153462269679000,121932490,121652369,-120.121,0.000,0.000,1.000,2.000,1.000,0.000,79.000,0,0,0
B3_zmq_pushpull,zmq_tcp,none,none,,1,25810,512,584,1785153462270632000,1785153462270632000,1785153462270632000,1785153462270633000,1785153462270804000,1785153462270807000,1785153462270807000,1785153462270807000,121932490,121652369,-109.121,0.000,0.000,1.000,3.000,0.000,0.000,11.000,0,0,0
B3_zmq_pushpull,zmq_tcp,none,none,,1,25811,512,584,1785153462271498000,1785153462271498000,1785153462271498000,1785153462271499000,1785153462271654000,1785153462271658000,1785153462271658000,1785153462271658000,121932490,121652369,-125.121,0.000,0.000,1.000,4.000,0.000,0.000,16.000,0,0,0
B3_zmq_pushpull,zmq_tcp,none,none,,1,25812,512,584,1785153462272474000,1785153462272474000,1785153462272474000,1785153462272475000,1785153462272632000,1785153462272636000,1785153462272636000,1785153462272636000,121932490,121652369,-123.121,0.000,0.000,1.000,4.000,0.000,0.000,2.000,0,0,0
B3_zmq_pushpull,zmq_tcp,none,none,,1,25813,512,584,1785153462273457000,1785153462273457000,1785153462273457000,1785153462273458000,1785153462273616000,1785153462273618000,1785153462273618000,1785153462273618000,121932490,121652369,-122.121,0.000,0.000,1.000,2.000,0.000,0.000,1.000,0,0,0
B3_zmq_pushpull,zmq_tcp,none,none,,1,25814,512,584,1785153462274443000,1785153462274443000,1785153462274443000,1785153462274444000,1785153462274594000,1785153462274597000,1785153462274597000,1785153462274597000,121932490,121652369,-130.121,0.000,0.000,1.000,3.000,0.000,0.000,8.000,0,0,0
B3_zmq_pushpull,zmq_tcp,none,none,,1,25815,512,584,1785153462275650000,1785153462275650000,1785153462275650000,1785153462275651000,1785153462275729000,1785153462275732000,1785153462275732000,1785153462275732000,121932490,121652369,-202.121,0.000,0.000,1.000,3.000,0.000,0.000,72.000,0,0,0
B3_zmq_pushpull,zmq_tcp,none,none,,1,25816,512,584,1785153462276595000,1785153462276595000,1785153462276595000,1785153462276596000,1785153462276705000,1785153462276708000,1785153462276708000,1785153462276708000,121932490,121652369,-171.121,0.000,0.000,1.000,3.000,0.000,0.000,31.000,0,0,0
B3_zmq_pushpull,zmq_tcp,none,none,,1,25817,512,584,1785153462277612000,1785153462277612000,1785153462277612000,1785153462277613000,1785153462277673000,1785153462277676000,1785153462277676000,1785153462277676000,121932490,121652369,-220.121,0.000,0.000,1.000,3.000,0.000,0.000,49.000,0,0,0
B3_zmq_pushpull,zmq_tcp,none,none,,1,25818,512,584,1785153462278501000,1785153462278501000,1785153462278501000,1785153462278502000,1785153462278649000,1785153462278652000,1785153462278652000,1785153462278652000,121932490,121652369,-133.121,0.000,0.000,1.000,3.000,0.000,0.000,87.000,0,0,0
B3_zmq_pushpull,zmq_tcp,none,none,,1,25819,512,584,1785153462279637000,1785153462279637000,1785153462279637000,1785153462279638000,1785153462279780000,1785153462279783000,1785153462279783000,1785153462279783000,121932490,121652369,-138.121,0.000,0.000,1.000,3.000,0.000,0.000,5.000,0,0,0
B3_zmq_pushpull,zmq_tcp,none,none,,1,25820,512,584,1785153462280601000,1785153462280601000,1785153462280601000,1785153462280602000,1785153462280777000,1785153462280780000,1785153462280780000,1785153462280780000,121932490,121652369,-105.121,0.000,0.000,1.000,3.000,0.000,0.000,33.000,0,0,0
B3_zmq_pushpull,zmq_tcp,none,none,,1,25821,512,584,1785153462281481000,1785153462281481000,1785153462281481000,1785153462281482000,1785153462281640000,1785153462281643000,1785153462281643000,1785153462281643000,121932490,121652369,-122.121,0.000,0.000,1.000,3.000,0.000,0.000,17.000,0,0,0
B3_zmq_pushpull,zmq_tcp,none,none,,1,25822,512,584,1785153462282640000,1785153462282640000,1785153462282640000,1785153462282641000,1785153462282751000,1785153462282753000,1785153462282753000,1785153462282753000,121932490,121652369,-170.121,0.000,0.000,1.000,2.000,0.000,0.000,48.000,0,0,0
B3_zmq_pushpull,zmq_tcp,none,none,,1,25823,512,584,1785153462283598000,1785153462283598000,1785153462283598000,1785153462283599000,1785153462283728000,1785153462283731000,1785153462283731000,1785153462283731000,121932490,121652369,-151.121,0.000,0.000,1.000,3.000,0.000,0.000,19.000,0,0,0
B3_zmq_pushpull,zmq_tcp,none,none,,1,25824,512,584,1785153462284611000,1785153462284611000,1785153462284611000,1785153462284612000,1785153462284703000,1785153462284705000,1785153462284705000,1785153462284705000,121932490,121652369,-189.121,0.000,0.000,1.000,2.000,0.000,0.000,38.000,0,0,0
B3_zmq_pushpull,zmq_tcp,none,none,,1,25825,512,584,1785153462285608000,1785153462285608000,1785153462285608000,1785153462285609000,1785153462285680000,1785153462285683000,1785153462285683000,1785153462285683000,121932490,121652369,-209.121,0.000,0.000,1.000,3.000,0.000,0.000,20.000,0,0,0
B3_zmq_pushpull,zmq_tcp,none,none,,1,25826,512,584,1785153462286608000,1785153462286608000,1785153462286608000,1785153462286609000,1785153462286796000,1785153462286799000,1785153462286799000,1785153462286799000,121932490,121652369,-93.121,0.000,0.000,1.000,3.000,0.000,0.000,116.000,0,0,0
B3_zmq_pushpull,zmq_tcp,none,none,,1,25827,512,584,1785153462287611000,1785153462287611000,1785153462287611000,1785153462287612000,1785153462287785000,1785153462287788000,1785153462287788000,1785153462287788000,121932490,121652369,-107.121,0.000,0.000,1.000,3.000,0.000,0.000,14.000,0,0,0
B3_zmq_pushpull,zmq_tcp,none,none,,1,25828,512,584,1785153462288607000,1785153462288607000,1785153462288607000,1785153462288608000,1785153462288770000,1785153462288773000,1785153462288773000,1785153462288773000,121932490,121652369,-118.121,0.000,0.000,1.000,3.000,0.000,0.000,11.000,0,0,0
B3_zmq_pushpull,zmq_tcp,none,none,,1,25829,512,584,1785153462289609000,1785153462289609000,1785153462289609000,1785153462289610000,1785153462289767000,1785153462289769000,1785153462289770000,1785153462289770000,121932490,121652369,-123.121,0.000,0.000,1.000,2.000,1.000,0.000,5.000,0,0,0
B3_zmq_pushpull,zmq_tcp,none,none,,1,25830,512,584,1785153462290606000,1785153462290606000,1785153462290606000,1785153462290607000,1785153462290745000,1785153462290748000,1785153462290748000,1785153462290748000,121932490,121652369,-142.121,0.000,0.000,1.000,3.000,0.000,0.000,19.000,0,0,0
B3_zmq_pushpull,zmq_tcp,none,none,,1,25831,512,584,1785153462291609000,1785153462291610000,1785153462291610000,1785153462291611000,1785153462291712000,1785153462291714000,1785153462291715000,1785153462291715000,121932490,121652369,-179.121,1.000,0.000,1.000,2.000,1.000,0.000,37.000,0,0,0
B3_zmq_pushpull,zmq_tcp,none,none,,1,25832,512,584,1785153462292608000,1785153462292608000,1785153462292608000,1785153462292609000,1785153462292699000,1785153462292701000,1785153462292701000,1785153462292701000,121932490,121652369,-190.121,0.000,0.000,1.000,2.000,0.000,0.000,11.000,0,0,0
B3_zmq_pushpull,zmq_tcp,none,none,,1,25833,512,584,1785153462293611000,1785153462293611000,1785153462293611000,1785153462293612000,1785153462293699000,1785153462293702000,1785153462293702000,1785153462293702000,121932490,121652369,-193.121,0.000,0.000,1.000,3.000,0.000,0.000,3.000,0,0,0
B3_zmq_pushpull,zmq_tcp,none,none,,1,25834,512,584,1785153462294604000,1785153462294604000,1785153462294604000,1785153462294605000,1785153462294689000,1785153462294692000,1785153462294692000,1785153462294692000,121932490,121652369,-196.121,0.000,0.000,1.000,3.000,0.000,0.000,3.000,0,0,0
B3_zmq_pushpull,zmq_tcp,none,none,,1,25835,512,584,1785153462295610000,1785153462295610000,1785153462295610000,1785153462295611000,1785153462295656000,1785153462295660000,1785153462295660000,1785153462295660000,121932490,121652369,-235.121,0.000,0.000,1.000,4.000,0.000,0.000,39.000,0,0,0
B3_zmq_pushpull,zmq_tcp,none,none,,1,25836,512,584,1785153462296609000,1785153462296609000,1785153462296609000,1785153462296610000,1785153462296764000,1785153462296767000,1785153462296767000,1785153462296767000,121932490,121652369,-126.121,0.000,0.000,1.000,3.000,0.000,0.000,109.000,0,0,0
B3_zmq_pushpull,zmq_tcp,none,none,,1,25837,512,584,1785153462297608000,1785153462297608000,1785153462297608000,1785153462297609000,1785153462297732000,1785153462297735000,1785153462297735000,1785153462297735000,121932490,121652369,-157.121,0.000,0.000,1.000,3.000,0.000,0.000,31.000,0,0,0
B3_zmq_pushpull,zmq_tcp,none,none,,1,25838,512,584,1785153462298606000,1785153462298606000,1785153462298606000,1785153462298607000,1785153462298708000,1785153462298711000,1785153462298711000,1785153462298711000,121932490,121652369,-179.121,0.000,0.000,1.000,3.000,0.000,0.000,22.000,0,0,0
B3_zmq_pushpull,zmq_tcp,none,none,,1,25839,512,584,1785153462299612000,1785153462299612000,1785153462299612000,1785153462299613000,1785153462299708000,1785153462299711000,1785153462299711000,1785153462299711000,121932490,121652369,-185.121,0.000,0.000,1.000,3.000,0.000,0.000,6.000,0,0,0
B3_zmq_pushpull,zmq_tcp,none,none,,1,25840,512,584,1785153462300609000,1785153462300609000,1785153462300609000,1785153462300610000,1785153462300703000,1785153462300705000,1785153462300705000,1785153462300705000,121932490,121652369,-187.121,0.000,0.000,1.000,2.000,0.000,0.000,2.000,0,0,0
B3_zmq_pushpull,zmq_tcp,none,none,,1,25841,512,584,1785153462301607000,1785153462301607000,1785153462301607000,1785153462301608000,1785153462301693000,1785153462301696000,1785153462301696000,1785153462301696000,121932490,121652369,-195.121,0.000,0.000,1.000,3.000,0.000,0.000,8.000,0,0,0
B3_zmq_pushpull,zmq_tcp,none,none,,1,25842,512,584,1785153462302614000,1785153462302614000,1785153462302614000,1785153462302615000,1785153462302690000,1785153462302692000,1785153462302692000,1785153462302692000,121932490,121652369,-205.121,0.000,0.000,1.000,2.000,0.000,0.000,10.000,0,0,0
B3_zmq_pushpull,zmq_tcp,none,none,,1,25843,512,584,1785153462303607000,1785153462303607000,1785153462303607000,1785153462303608000,1785153462303673000,1785153462303676000,1785153462303676000,1785153462303676000,121932490,121652369,-215.121,0.000,0.000,1.000,3.000,0.000,0.000,10.000,0,0,0
B3_zmq_pushpull,zmq_tcp,none,none,,1,25844,512,584,1785153462304611000,1785153462304611000,1785153462304611000,1785153462304612000,1785153462304787000,1785153462304790000,1785153462304790000,1785153462304790000,121932490,121652369,-105.121,0.000,0.000,1.000,3.000,0.000,0.000,110.000,0,0,0
B3_zmq_pushpull,zmq_tcp,none,none,,1,25845,512,584,1785153462305467000,1785153462305468000,1785153462305468000,1785153462305469000,1785153462305620000,1785153462305623000,1785153462305623000,1785153462305623000,121932490,121652369,-129.121,1.000,0.000,1.000,3.000,0.000,0.000,24.000,0,0,0
B3_zmq_pushpull,zmq_tcp,none,none,,1,25846,512,584,1785153462306457000,1785153462306457000,1785153462306457000,1785153462306459000,1785153462306605000,1785153462306608000,1785153462306608000,1785153462306608000,121932490,121652369,-134.121,0.000,0.000,2.000,3.000,0.000,0.000,5.000,0,0,0
B3_zmq_pushpull,zmq_tcp,none,none,,1,25847,512,584,1785153462307648000,1785153462307648000,1785153462307648000,1785153462307649000,1785153462307740000,1785153462307743000,1785153462307743000,1785153462307743000,121932490,121652369,-189.121,0.000,0.000,1.000,3.000,0.000,0.000,55.000,0,0,0
B3_zmq_pushpull,zmq_tcp,none,none,,1,25848,512,584,1785153462308600000,1785153462308600000,1785153462308600000,1785153462308601000,1785153462308729000,1785153462308732000,1785153462308732000,1785153462308732000,121932490,121652369,-152.121,0.000,0.000,1.000,3.000,0.000,0.000,37.000,0,0,0
B3_zmq_pushpull,zmq_tcp,none,none,,1,25849,512,584,1785153462309611000,1785153462309611000,1785153462309611000,1785153462309612000,1785153462309722000,1785153462309725000,1785153462309725000,1785153462309725000,121932490,121652369,-170.121,0.000,0.000,1.000,3.000,0.000,0.000,18.000,0,0,0
B3_zmq_pushpull,zmq_tcp,none,none,,1,25850,512,584,1785153462310535000,1785153462310535000,1785153462310535000,1785153462310536000,1785153462310687000,1785153462310689000,1785153462310689000,1785153462310689000,121932490,121652369,-129.121,0.000,0.000,1.000,2.000,0.000,0.000,41.000,0,0,0
B3_zmq_pushpull,zmq_tcp,none,none,,1,25851,512,584,1785153462311502000,1785153462311502000,1785153462311502000,1785153462311503000,1785153462311656000,1785153462311659000,1785153462311659000,1785153462311659000,121932490,121652369,-127.121,0.000,0.000,1.000,3.000,0.000,0.000,2.000,0,0,0
B3_zmq_pushpull,zmq_tcp,none,none,,1,25852,512,584,1785153462312492000,1785153462312492000,1785153462312492000,1785153462312493000,1785153462312635000,1785153462312637000,1785153462312637000,1785153462312637000,121932490,121652369,-138.121,0.000,0.000,1.000,2.000,0.000,0.000,11.000,0,0,0
B3_zmq_pushpull,zmq_tcp,none,none,,1,25853,512,584,1785153462313638000,1785153462313638000,1785153462313638000,1785153462313639000,1785153462313749000,1785153462313752000,1785153462313752000,1785153462313752000,121932490,121652369,-170.121,0.000,0.000,1.000,3.000,0.000,0.000,32.000,0,0,0
B3_zmq_pushpull,zmq_tcp,none,none,,1,25854,512,584,1785153462314604000,1785153462314604000,1785153462314604000,1785153462314605000,1785153462314740000,1785153462314743000,1785153462314743000,1785153462314743000,121932490,121652369,-145.121,0.000,0.000,1.000,3.000,0.000,0.000,25.000,0,0,0
B3_zmq_pushpull,zmq_tcp,none,none,,1,25855,512,584,1785153462315607000,1785153462315607000,1785153462315607000,1785153462315608000,1785153462315718000,1785153462315721000,1785153462315721000,1785153462315721000,121932490,121652369,-170.121,0.000,0.000,1.000,3.000,0.000,0.000,25.000,0,0,0
B3_zmq_pushpull,zmq_tcp,none,none,,1,25856,512,584,1785153462316611000,1785153462316611000,1785153462316611000,1785153462316612000,1785153462316717000,1785153462316720000,1785153462316720000,1785153462316720000,121932490,121652369,-175.121,0.000,0.000,1.000,3.000,0.000,0.000,5.000,0,0,0
B3_zmq_pushpull,zmq_tcp,none,none,,1,25857,512,584,1785153462317608000,1785153462317608000,1785153462317609000,1785153462317609000,1785153462317707000,1785153462317710000,1785153462317710000,1785153462317710000,121932490,121652369,-182.121,0.000,1.000,0.000,3.000,0.000,0.000,7.000,0,0,0
B3_zmq_pushpull,zmq_tcp,none,none,,1,25858,512,584,1785153462318606000,1785153462318606000,1785153462318606000,1785153462318607000,1785153462318652000,1785153462318655000,1785153462318655000,1785153462318655000,121932490,121652369,-235.121,0.000,0.000,1.000,3.000,0.000,0.000,53.000,0,0,0
B3_zmq_pushpull,zmq_tcp,none,none,,1,25859,512,584,1785153462319610000,1785153462319611000,1785153462319611000,1785153462319612000,1785153462319656000,1785153462319659000,1785153462319659000,1785153462319659000,121932490,121652369,-236.121,1.000,0.000,1.000,3.000,0.000,0.000,1.000,0,0,0
B3_zmq_pushpull,zmq_tcp,none,none,,1,25860,512,584,1785153462320609000,1785153462320609000,1785153462320609000,1785153462320610000,1785153462320758000,1785153462320761000,1785153462320761000,1785153462320761000,121932490,121652369,-132.121,0.000,0.000,1.000,3.000,0.000,0.000,104.000,0,0,0
B3_zmq_pushpull,zmq_tcp,none,none,,1,25861,512,584,1785153462321608000,1785153462321608000,1785153462321608000,1785153462321609000,1785153462321735000,1785153462321737000,1785153462321737000,1785153462321737000,121932490,121652369,-154.121,0.000,0.000,1.000,2.000,0.000,0.000,22.000,0,0,0
B3_zmq_pushpull,zmq_tcp,none,none,,1,25862,512,584,1785153462322608000,1785153462322608000,1785153462322608000,1785153462322609000,1785153462322711000,1785153462322713000,1785153462322713000,1785153462322713000,121932490,121652369,-178.121,0.000,0.000,1.000,2.000,0.000,0.000,24.000,0,0,0
B3_zmq_pushpull,zmq_tcp,none,none,,1,25863,512,584,1785153462323611000,1785153462323611000,1785153462323611000,1785153462323612000,1785153462323700000,1785153462323703000,1785153462323703000,1785153462323703000,121932490,121652369,-192.121,0.000,0.000,1.000,3.000,0.000,0.000,14.000,0,0,0
B3_zmq_pushpull,zmq_tcp,none,none,,1,25864,512,584,1785153462324608000,1785153462324609000,1785153462324609000,1785153462324610000,1785153462324664000,1785153462324667000,1785153462324667000,1785153462324667000,121932490,121652369,-226.121,1.000,0.000,1.000,3.000,0.000,0.000,34.000,0,0,0
B3_zmq_pushpull,zmq_tcp,none,none,,1,25865,512,584,1785153462325479000,1785153462325480000,1785153462325480000,1785153462325481000,1785153462325631000,1785153462325633000,1785153462325633000,1785153462325633000,121932490,121652369,-130.121,1.000,0.000,1.000,2.000,0.000,0.000,96.000,0,0,0
B3_zmq_pushpull,zmq_tcp,none,none,,1,25866,512,584,1785153462326447000,1785153462326448000,1785153462326448000,1785153462326449000,1785153462326600000,1785153462326603000,1785153462326603000,1785153462326603000,121932490,121652369,-129.121,1.000,0.000,1.000,3.000,0.000,0.000,1.000,0,0,0
B3_zmq_pushpull,zmq_tcp,none,none,,1,25867,512,584,1785153462327441000,1785153462327441000,1785153462327441000,1785153462327442000,1785153462327600000,1785153462327603000,1785153462327603000,1785153462327603000,121932490,121652369,-122.121,0.000,0.000,1.000,3.000,0.000,0.000,7.000,0,0,0
B3_zmq_pushpull,zmq_tcp,none,none,,1,25868,512,584,1785153462328652000,1785153462328653000,1785153462328653000,1785153462328654000,1785153462328728000,1785153462328730000,1785153462328730000,1785153462328730000,121932490,121652369,-206.121,1.000,0.000,1.000,2.000,0.000,0.000,84.000,0,0,0
B3_zmq_pushpull,zmq_tcp,none,none,,1,25869,512,584,1785153462329598000,1785153462329598000,1785153462329598000,1785153462329599000,1785153462329720000,1785153462329723000,1785153462329723000,1785153462329723000,121932490,121652369,-159.121,0.000,0.000,1.000,3.000,0.000,0.000,47.000,0,0,0
B3_zmq_pushpull,zmq_tcp,none,none,,1,25870,512,584,1785153462330612000,1785153462330612000,1785153462330612000,1785153462330613000,1785153462330720000,1785153462330723000,1785153462330723000,1785153462330723000,121932490,121652369,-173.121,0.000,0.000,1.000,3.000,0.000,0.000,14.000,0,0,0
B3_zmq_pushpull,zmq_tcp,none,none,,1,25871,512,584,1785153462331608000,1785153462331609000,1785153462331609000,1785153462331610000,1785153462331704000,1785153462331708000,1785153462331708000,1785153462331708000,121932490,121652369,-186.121,1.000,0.000,1.000,4.000,0.000,0.000,13.000,0,0,0
B3_zmq_pushpull,zmq_tcp,none,none,,1,25872,512,584,1785153462332608000,1785153462332608000,1785153462332609000,1785153462332609000,1785153462332691000,1785153462332693000,1785153462332693000,1785153462332693000,121932490,121652369,-198.121,0.000,1.000,0.000,2.000,0.000,0.000,12.000,0,0,0
B3_zmq_pushpull,zmq_tcp,none,none,,1,25873,512,584,1785153462333607000,1785153462333607000,1785153462333607000,1785153462333608000,1785153462333649000,1785153462333652000,1785153462333652000,1785153462333652000,121932490,121652369,-239.121,0.000,0.000,1.000,3.000,0.000,0.000,41.000,0,0,0
B3_zmq_pushpull,zmq_tcp,none,none,,1,25874,512,584,1785153462334615000,1785153462334615000,1785153462334615000,1785153462334616000,1785153462334781000,1785153462334784000,1785153462334784000,1785153462334784000,121932490,121652369,-115.121,0.000,0.000,1.000,3.000,0.000,0.000,124.000,0,0,0
B3_zmq_pushpull,zmq_tcp,none,none,,1,25875,512,584,1785153462335607000,1785153462335607000,1785153462335607000,1785153462335608000,1785153462335769000,1785153462335772000,1785153462335772000,1785153462335772000,121932490,121652369,-119.121,0.000,0.000,1.000,3.000,0.000,0.000,4.000,0,0,0
B3_zmq_pushpull,zmq_tcp,none,none,,1,25876,512,584,1785153462336612000,1785153462336612000,1785153462336612000,1785153462336613000,1785153462336761000,1785153462336764000,1785153462336764000,1785153462336764000,121932490,121652369,-132.121,0.000,0.000,1.000,3.000,0.000,0.000,13.000,0,0,0
B3_zmq_pushpull,zmq_tcp,none,none,,1,25877,512,584,1785153462337607000,1785153462337607000,1785153462337607000,1785153462337608000,1785153462337735000,1785153462337737000,1785153462337737000,1785153462337737000,121932490,121652369,-153.121,0.000,0.000,1.000,2.000,0.000,0.000,21.000,0,0,0
B3_zmq_pushpull,zmq_tcp,none,none,,1,25878,512,584,1785153462338610000,1785153462338610000,1785153462338610000,1785153462338611000,1785153462338716000,1785153462338720000,1785153462338720000,1785153462338720000,121932490,121652369,-175.121,0.000,0.000,1.000,4.000,0.000,0.000,22.000,0,0,0
B3_zmq_pushpull,zmq_tcp,none,none,,1,25879,512,584,1785153462339608000,1785153462339609000,1785153462339609000,1785153462339609000,1785153462339701000,1785153462339704000,1785153462339704000,1785153462339704000,121932490,121652369,-188.121,1.000,0.000,0.000,3.000,0.000,0.000,13.000,0,0,0
B3_zmq_pushpull,zmq_tcp,none,none,,1,25880,512,584,1785153462340609000,1785153462340609000,1785153462340610000,1785153462340610000,1785153462340672000,1785153462340676000,1785153462340676000,1785153462340676000,121932490,121652369,-218.121,0.000,1.000,0.000,4.000,0.000,0.000,30.000,0,0,0
B3_zmq_pushpull,zmq_tcp,none,none,,1,25881,512,584,1785153462341610000,1785153462341611000,1785153462341611000,1785153462341612000,1785153462341791000,1785153462341794000,1785153462341794000,1785153462341794000,121932490,121652369,-101.121,1.000,0.000,1.000,3.000,0.000,0.000,117.000,0,0,0
B3_zmq_pushpull,zmq_tcp,none,none,,1,25882,512,584,1785153462342611000,1785153462342611000,1785153462342611000,1785153462342612000,1785153462342799000,1785153462342802000,1785153462342802000,1785153462342802000,121932490,121652369,-93.121,0.000,0.000,1.000,3.000,0.000,0.000,8.000,0,0,0
B3_zmq_pushpull,zmq_tcp,none,none,,1,25883,512,584,1785153462343608000,1785153462343609000,1785153462343609000,1785153462343610000,1785153462343798000,1785153462343800000,1785153462343800000,1785153462343800000,121932490,121652369,-92.121,1.000,0.000,1.000,2.000,0.000,0.000,1.000,0,0,0
B3_zmq_pushpull,zmq_tcp,none,none,,1,25884,512,584,1785153462344500000,1785153462344501000,1785153462344501000,1785153462344502000,1785153462344658000,1785153462344660000,1785153462344660000,1785153462344660000,121932490,121652369,-124.121,1.000,0.000,1.000,2.000,0.000,0.000,32.000,0,0,0
B3_zmq_pushpull,zmq_tcp,none,none,,1,25885,512,584,1785153462345636000,1785153462345636000,1785153462345636000,1785153462345637000,1785153462345778000,1785153462345780000,1785153462345780000,1785153462345780000,121932490,121652369,-139.121,0.000,0.000,1.000,2.000,0.000,0.000,15.000,0,0,0
B3_zmq_pushpull,zmq_tcp,none,none,,1,25886,512,584,1785153462346602000,1785153462346602000,1785153462346602000,1785153462346603000,1785153462346746000,1785153462346748000,1785153462346748000,1785153462346748000,121932490,121652369,-137.121,0.000,0.000,1.000,2.000,0.000,0.000,2.000,0,0,0
B3_zmq_pushpull,zmq_tcp,none,none,,1,25887,512,584,1785153462347610000,1785153462347611000,1785153462347611000,1785153462347612000,1785153462347732000,1785153462347736000,1785153462347736000,1785153462347736000,121932490,121652369,-160.121,1.000,0.000,1.000,4.000,0.000,0.000,23.000,0,0,0
B3_zmq_pushpull,zmq_tcp,none,none,,1,25888,512,584,1785153462348434000,1785153462348434000,1785153462348435000,1785153462348435000,1785153462348591000,1785153462348593000,1785153462348593000,1785153462348593000,121932490,121652369,-124.121,0.000,1.000,0.000,2.000,0.000,0.000,36.000,0,0,0
B3_zmq_pushpull,zmq_tcp,none,none,,1,25889,512,584,1785153462349653000,1785153462349653000,1785153462349653000,1785153462349654000,1785153462349710000,1785153462349713000,1785153462349713000,1785153462349713000,121932490,121652369,-224.121,0.000,0.000,1.000,3.000,0.000,0.000,100.000,0,0,0
B3_zmq_pushpull,zmq_tcp,none,none,,1,25890,512,584,1785153462350601000,1785153462350601000,1785153462350601000,1785153462350602000,1785153462350684000,1785153462350687000,1785153462350687000,1785153462350687000,121932490,121652369,-198.121,0.000,0.000,1.000,3.000,0.000,0.000,26.000,0,0,0
B3_zmq_pushpull,zmq_tcp,none,none,,1,25891,512,584,1785153462351611000,1785153462351611000,1785153462351611000,1785153462351612000,1785153462351812000,1785153462351816000,1785153462351816000,1785153462351816000,121932490,121652369,-80.121,0.000,0.000,1.000,4.000,0.000,0.000,118.000,0,0,0
B3_zmq_pushpull,zmq_tcp,none,none,,1,25892,512,584,1785153462352508000,1785153462352508000,1785153462352508000,1785153462352509000,1785153462352662000,1785153462352665000,1785153462352665000,1785153462352665000,121932490,121652369,-127.121,0.000,0.000,1.000,3.000,0.000,0.000,47.000,0,0,0
B3_zmq_pushpull,zmq_tcp,none,none,,1,25893,512,584,1785153462353489000,1785153462353489000,1785153462353489000,1785153462353490000,1785153462353642000,1785153462353644000,1785153462353644000,1785153462353644000,121932490,121652369,-128.121,0.000,0.000,1.000,2.000,0.000,0.000,1.000,0,0,0
B3_zmq_pushpull,zmq_tcp,none,none,,1,25894,512,584,1785153462354461000,1785153462354461000,1785153462354461000,1785153462354462000,1785153462354612000,1785153462354615000,1785153462354615000,1785153462354615000,121932490,121652369,-130.121,0.000,0.000,1.000,3.000,0.000,0.000,2.000,0,0,0
B3_zmq_pushpull,zmq_tcp,none,none,,1,25895,512,584,1785153462355455000,1785153462355455000,1785153462355455000,1785153462355456000,1785153462355612000,1785153462355615000,1785153462355615000,1785153462355615000,121932490,121652369,-124.121,0.000,0.000,1.000,3.000,0.000,0.000,6.000,0,0,0
B3_zmq_pushpull,zmq_tcp,none,none,,1,25896,512,584,1785153462356647000,1785153462356647000,1785153462356647000,1785153462356648000,1785153462356748000,1785153462356751000,1785153462356751000,1785153462356751000,121932490,121652369,-180.121,0.000,0.000,1.000,3.000,0.000,0.000,56.000,0,0,0
B3_zmq_pushpull,zmq_tcp,none,none,,1,25897,512,584,1785153462357599000,1785153462357600000,1785153462357600000,1785153462357601000,1785153462357751000,1785153462357754000,1785153462357754000,1785153462357754000,121932490,121652369,-130.121,1.000,0.000,1.000,3.000,0.000,0.000,50.000,0,0,0
B3_zmq_pushpull,zmq_tcp,none,none,,1,25898,512,584,1785153462358614000,1785153462358614000,1785153462358614000,1785153462358615000,1785153462358739000,1785153462358742000,1785153462358742000,1785153462358742000,121932490,121652369,-156.121,0.000,0.000,1.000,3.000,0.000,0.000,26.000,0,0,0
B3_zmq_pushpull,zmq_tcp,none,none,,1,25899,512,584,1785153462359605000,1785153462359605000,1785153462359605000,1785153462359606000,1785153462359710000,1785153462359713000,1785153462359713000,1785153462359713000,121932490,121652369,-176.121,0.000,0.000,1.000,3.000,0.000,0.000,20.000,0,0,0
B3_zmq_pushpull,zmq_tcp,none,none,,1,25900,512,584,1785153462360520000,1785153462360520000,1785153462360520000,1785153462360521000,1785153462360674000,1785153462360676000,1785153462360676000,1785153462360676000,121932490,121652369,-127.121,0.000,0.000,1.000,2.000,0.000,0.000,49.000,0,0,0
B3_zmq_pushpull,zmq_tcp,none,none,,1,25901,512,584,1785153462361502000,1785153462361502000,1785153462361502000,1785153462361503000,1785153462361655000,1785153462361659000,1785153462361659000,1785153462361659000,121932490,121652369,-128.121,0.000,0.000,1.000,4.000,0.000,0.000,1.000,0,0,0
B3_zmq_pushpull,zmq_tcp,none,none,,1,25902,512,584,1785153462362489000,1785153462362489000,1785153462362489000,1785153462362490000,1785153462362650000,1785153462362652000,1785153462362652000,1785153462362652000,121932490,121652369,-120.121,0.000,0.000,1.000,2.000,0.000,0.000,8.000,0,0,0
B3_zmq_pushpull,zmq_tcp,none,none,,1,25903,512,584,1785153462363636000,1785153462363636000,1785153462363636000,1785153462363637000,1785153462363787000,1785153462363790000,1785153462363790000,1785153462363790000,121932490,121652369,-130.121,0.000,0.000,1.000,3.000,0.000,0.000,10.000,0,0,0
B3_zmq_pushpull,zmq_tcp,none,none,,1,25904,512,584,1785153462364602000,1785153462364602000,1785153462364602000,1785153462364603000,1785153462364758000,1785153462364760000,1785153462364760000,1785153462364760000,121932490,121652369,-125.121,0.000,0.000,1.000,2.000,0.000,0.000,5.000,0,0,0
B3_zmq_pushpull,zmq_tcp,none,none,,1,25905,512,584,1785153462365613000,1785153462365613000,1785153462365613000,1785153462365614000,1785153462365734000,1785153462365736000,1785153462365736000,1785153462365736000,121932490,121652369,-160.121,0.000,0.000,1.000,2.000,0.000,0.000,35.000,0,0,0
B3_zmq_pushpull,zmq_tcp,none,none,,1,25906,512,584,1785153462366605000,1785153462366605000,1785153462366605000,1785153462366606000,1785153462366710000,1785153462366712000,1785153462366712000,1785153462366712000,121932490,121652369,-176.121,0.000,0.000,1.000,2.000,0.000,0.000,16.000,0,0,0
B3_zmq_pushpull,zmq_tcp,none,none,,1,25907,512,584,1785153462367611000,1785153462367611000,1785153462367612000,1785153462367612000,1785153462367703000,1785153462367706000,1785153462367706000,1785153462367706000,121932490,121652369,-189.121,0.000,1.000,0.000,3.000,0.000,0.000,13.000,0,0,0
B3_zmq_pushpull,zmq_tcp,none,none,,1,25908,512,584,1785153462368609000,1785153462368609000,1785153462368609000,1785153462368610000,1785153462368712000,1785153462368715000,1785153462368715000,1785153462368715000,121932490,121652369,-178.121,0.000,0.000,1.000,3.000,0.000,0.000,11.000,0,0,0
B3_zmq_pushpull,zmq_tcp,none,none,,1,25909,512,584,1785153462369611000,1785153462369611000,1785153462369611000,1785153462369612000,1785153462369692000,1785153462369695000,1785153462369695000,1785153462369695000,121932490,121652369,-200.121,0.000,0.000,1.000,3.000,0.000,0.000,22.000,0,0,0
B3_zmq_pushpull,zmq_tcp,none,none,,1,25910,512,584,1785153462370607000,1785153462370607000,1785153462370608000,1785153462370608000,1785153462370679000,1785153462370682000,1785153462370682000,1785153462370682000,121932490,121652369,-209.121,0.000,1.000,0.000,3.000,0.000,0.000,9.000,0,0,0
B3_zmq_pushpull,zmq_tcp,none,none,,1,25911,512,584,1785153462371611000,1785153462371612000,1785153462371612000,1785153462371613000,1785153462371668000,1785153462371671000,1785153462371671000,1785153462371671000,121932490,121652369,-225.121,1.000,0.000,1.000,3.000,0.000,0.000,16.000,0,0,0
B3_zmq_pushpull,zmq_tcp,none,none,,1,25912,512,584,1785153462372609000,1785153462372609000,1785153462372609000,1785153462372610000,1785153462372658000,1785153462372662000,1785153462372662000,1785153462372662000,121932490,121652369,-232.121,0.000,0.000,1.000,4.000,0.000,0.000,7.000,0,0,0
B3_zmq_pushpull,zmq_tcp,none,none,,1,25913,512,584,1785153462373610000,1785153462373610000,1785153462373610000,1785153462373611000,1785153462373768000,1785153462373771000,1785153462373771000,1785153462373771000,121932490,121652369,-123.121,0.000,0.000,1.000,3.000,0.000,0.000,109.000,0,0,0
B3_zmq_pushpull,zmq_tcp,none,none,,1,25914,512,584,1785153462374606000,1785153462374606000,1785153462374606000,1785153462374607000,1785153462374755000,1785153462374758000,1785153462374758000,1785153462374758000,121932490,121652369,-132.121,0.000,0.000,1.000,3.000,0.000,0.000,9.000,0,0,0
B3_zmq_pushpull,zmq_tcp,none,none,,1,25915,512,584,1785153462375610000,1785153462375610000,1785153462375610000,1785153462375611000,1785153462375742000,1785153462375745000,1785153462375745000,1785153462375745000,121932490,121652369,-149.121,0.000,0.000,1.000,3.000,0.000,0.000,17.000,0,0,0
B3_zmq_pushpull,zmq_tcp,none,none,,1,25916,512,584,1785153462376610000,1785153462376610000,1785153462376610000,1785153462376611000,1785153462376724000,1785153462376727000,1785153462376727000,1785153462376727000,121932490,121652369,-167.121,0.000,0.000,1.000,3.000,0.000,0.000,18.000,0,0,0
B3_zmq_pushpull,zmq_tcp,none,none,,1,25917,512,584,1785153462377607000,1785153462377607000,1785153462377607000,1785153462377608000,1785153462377716000,1785153462377719000,1785153462377720000,1785153462377720000,121932490,121652369,-172.121,0.000,0.000,1.000,3.000,1.000,0.000,5.000,0,0,0
B3_zmq_pushpull,zmq_tcp,none,none,,1,25918,512,584,1785153462378609000,1785153462378609000,1785153462378609000,1785153462378610000,1785153462378723000,1785153462378726000,1785153462378726000,1785153462378726000,121932490,121652369,-167.121,0.000,0.000,1.000,3.000,0.000,0.000,5.000,0,0,0
B3_zmq_pushpull,zmq_tcp,none,none,,1,25919,512,584,1785153462379420000,1785153462379420000,1785153462379420000,1785153462379421000,1785153462379578000,1785153462379580000,1785153462379580000,1785153462379580000,121932490,121652369,-123.121,0.000,0.000,1.000,2.000,0.000,0.000,44.000,0,0,0
B3_zmq_pushpull,zmq_tcp,none,none,,1,25920,512,584,1785153462380416000,1785153462380416000,1785153462380416000,1785153462380417000,1785153462380568000,1785153462380572000,1785153462380572000,1785153462380572000,121932490,121652369,-129.121,0.000,0.000,1.000,4.000,0.000,0.000,6.000,0,0,0
B3_zmq_pushpull,zmq_tcp,none,none,,1,25921,512,584,1785153462381414000,1785153462381414000,1785153462381415000,1785153462381415000,1785153462381554000,1785153462381556000,1785153462381556000,1785153462381556000,121932490,121652369,-141.121,0.000,1.000,0.000,2.000,0.000,0.000,12.000,0,0,0
B3_zmq_pushpull,zmq_tcp,none,none,,1,25922,512,584,1785153462382521000,1785153462382521000,1785153462382521000,1785153462382522000,1785153462382674000,1785153462382676000,1785153462382676000,1785153462382676000,121932490,121652369,-128.121,0.000,0.000,1.000,2.000,0.000,0.000,13.000,0,0,0
B3_zmq_pushpull,zmq_tcp,none,none,,1,25923,512,584,1785153462383519000,1785153462383520000,1785153462383520000,1785153462383521000,1785153462383667000,1785153462383670000,1785153462383670000,1785153462383670000,121932490,121652369,-134.121,1.000,0.000,1.000,3.000,0.000,0.000,6.000,0,0,0
B3_zmq_pushpull,zmq_tcp,none,none,,1,25924,512,584,1785153462384631000,1785153462384632000,1785153462384632000,1785153462384633000,1785153462384807000,1785153462384810000,1785153462384810000,1785153462384810000,121932490,121652369,-106.121,1.000,0.000,1.000,3.000,0.000,0.000,28.000,0,0,0
B3_zmq_pushpull,zmq_tcp,none,none,,1,25925,512,584,1785153462385605000,1785153462385606000,1785153462385606000,1785153462385607000,1785153462385795000,1785153462385798000,1785153462385798000,1785153462385798000,121932490,121652369,-92.121,1.000,0.000,1.000,3.000,0.000,0.000,14.000,0,0,0
B3_zmq_pushpull,zmq_tcp,none,none,,1,25926,512,584,1785153462386611000,1785153462386611000,1785153462386611000,1785153462386612000,1785153462386781000,1785153462386785000,1785153462386785000,1785153462386785000,121932490,121652369,-111.121,0.000,0.000,1.000,4.000,0.000,0.000,19.000,0,0,0
B3_zmq_pushpull,zmq_tcp,none,none,,1,25927,512,584,1785153462387481000,1785153462387481000,1785153462387481000,1785153462387482000,1785153462387614000,1785153462387616000,1785153462387616000,1785153462387616000,121932490,121652369,-148.121,0.000,0.000,1.000,2.000,0.000,0.000,37.000,0,0,0
B3_zmq_pushpull,zmq_tcp,none,none,,1,25928,512,584,1785153462388641000,1785153462388641000,1785153462388641000,1785153462388642000,1785153462388731000,1785153462388734000,1785153462388734000,1785153462388734000,121932490,121652369,-191.121,0.000,0.000,1.000,3.000,0.000,0.000,43.000,0,0,0
B3_zmq_pushpull,zmq_tcp,none,none,,1,25929,512,584,1785153462389601000,1785153462389601000,1785153462389601000,1785153462389602000,1785153462389735000,1785153462389738000,1785153462389738000,1785153462389738000,121932490,121652369,-147.121,0.000,0.000,1.000,3.000,0.000,0.000,44.000,0,0,0
B3_zmq_pushpull,zmq_tcp,none,none,,1,25930,512,584,1785153462390611000,1785153462390611000,1785153462390612000,1785153462390612000,1785153462390689000,1785153462390692000,1785153462390692000,1785153462390692000,121932490,121652369,-203.121,0.000,1.000,0.000,3.000,0.000,0.000,56.000,0,0,0
B3_zmq_pushpull,zmq_tcp,none,none,,1,25931,512,584,1785153462391610000,1785153462391610000,1785153462391610000,1785153462391611000,1785153462391674000,1785153462391677000,1785153462391677000,1785153462391677000,121932490,121652369,-217.121,0.000,0.000,1.000,3.000,0.000,0.000,14.000,0,0,0
B3_zmq_pushpull,zmq_tcp,none,none,,1,25932,512,584,1785153462392503000,1785153462392504000,1785153462392504000,1785153462392505000,1785153462392664000,1785153462392667000,1785153462392667000,1785153462392667000,121932490,121652369,-121.121,1.000,0.000,1.000,3.000,0.000,0.000,96.000,0,0,0
B3_zmq_pushpull,zmq_tcp,none,none,,1,25933,512,584,1785153462393636000,1785153462393636000,1785153462393636000,1785153462393637000,1785153462393784000,1785153462393787000,1785153462393787000,1785153462393787000,121932490,121652369,-133.121,0.000,0.000,1.000,3.000,0.000,0.000,12.000,0,0,0
B3_zmq_pushpull,zmq_tcp,none,none,,1,25934,512,584,1785153462394599000,1785153462394600000,1785153462394600000,1785153462394601000,1785153462394760000,1785153462394763000,1785153462394763000,1785153462394763000,121932490,121652369,-121.121,1.000,0.000,1.000,3.000,0.000,0.000,12.000,0,0,0
B3_zmq_pushpull,zmq_tcp,none,none,,1,25935,512,584,1785153462395611000,1785153462395612000,1785153462395612000,1785153462395613000,1785153462395728000,1785153462395732000,1785153462395732000,1785153462395732000,121932490,121652369,-165.121,1.000,0.000,1.000,4.000,0.000,0.000,44.000,0,0,0
B3_zmq_pushpull,zmq_tcp,none,none,,1,25936,512,584,1785153462396424000,1785153462396424000,1785153462396424000,1785153462396425000,1785153462396580000,1785153462396583000,1785153462396583000,1785153462396583000,121932490,121652369,-125.121,0.000,0.000,1.000,3.000,0.000,0.000,40.000,0,0,0
B3_zmq_pushpull,zmq_tcp,none,none,,1,25937,512,584,1785153462397425000,1785153462397425000,1785153462397425000,1785153462397426000,1785153462397560000,1785153462397563000,1785153462397563000,1785153462397563000,121932490,121652369,-146.121,0.000,0.000,1.000,3.000,0.000,0.000,21.000,0,0,0
B3_zmq_pushpull,zmq_tcp,none,none,,1,25938,512,584,1785153462398537000,1785153462398537000,1785153462398537000,1785153462398538000,1785153462398698000,1785153462398700000,1785153462398700000,1785153462398700000,121932490,121652369,-120.121,0.000,0.000,1.000,2.000,0.000,0.000,26.000,0,0,0
B3_zmq_pushpull,zmq_tcp,none,none,,1,25939,512,584,1785153462399628000,1785153462399628000,1785153462399628000,1785153462399629000,1785153462399813000,1785153462399815000,1785153462399815000,1785153462399815000,121932490,121652369,-96.121,0.000,0.000,1.000,2.000,0.000,0.000,24.000,0,0,0
B3_zmq_pushpull,zmq_tcp,none,none,,1,25940,512,584,1785153462400606000,1785153462400606000,1785153462400606000,1785153462400607000,1785153462400666000,1785153462400671000,1785153462400671000,1785153462400671000,121932490,121652369,-221.121,0.000,0.000,1.000,5.000,0.000,0.000,125.000,0,0,0
B3_zmq_pushpull,zmq_tcp,none,none,,1,25941,512,584,1785153462401506000,1785153462401507000,1785153462401507000,1785153462401508000,1785153462401658000,1785153462401660000,1785153462401660000,1785153462401660000,121932490,121652369,-130.121,1.000,0.000,1.000,2.000,0.000,0.000,91.000,0,0,0
B3_zmq_pushpull,zmq_tcp,none,none,,1,25942,512,584,1785153462402494000,1785153462402495000,1785153462402495000,1785153462402496000,1785153462402648000,1785153462402651000,1785153462402651000,1785153462402651000,121932490,121652369,-128.121,1.000,0.000,1.000,3.000,0.000,0.000,2.000,0,0,0
B3_zmq_pushpull,zmq_tcp,none,none,,1,25943,512,584,1785153462403643000,1785153462403643000,1785153462403643000,1785153462403644000,1785153462403770000,1785153462403772000,1785153462403772000,1785153462403773000,121932490,121652369,-154.121,0.000,0.000,1.000,2.000,0.000,1.000,26.000,0,0,0
B3_zmq_pushpull,zmq_tcp,none,none,,1,25944,512,584,1785153462404597000,1785153462404597000,1785153462404597000,1785153462404598000,1785153462404771000,1785153462404774000,1785153462404774000,1785153462404774000,121932490,121652369,-107.121,0.000,0.000,1.000,3.000,0.000,0.000,47.000,0,0,0
B3_zmq_pushpull,zmq_tcp,none,none,,1,25945,512,584,1785153462405613000,1785153462405614000,1785153462405614000,1785153462405615000,1785153462405761000,1785153462405763000,1785153462405763000,1785153462405763000,121932490,121652369,-134.121,1.000,0.000,1.000,2.000,0.000,0.000,27.000,0,0,0
B3_zmq_pushpull,zmq_tcp,none,none,,1,25946,512,584,1785153462406607000,1785153462406608000,1785153462406608000,1785153462406609000,1785153462406746000,1785153462406749000,1785153462406749000,1785153462406749000,121932490,121652369,-143.121,1.000,0.000,1.000,3.000,0.000,0.000,9.000,0,0,0
B3_zmq_pushpull,zmq_tcp,none,none,,1,25947,512,584,1785153462407609000,1785153462407609000,1785153462407609000,1785153462407610000,1785153462407738000,1785153462407741000,1785153462407741000,1785153462407741000,121932490,121652369,-152.121,0.000,0.000,1.000,3.000,0.000,0.000,9.000,0,0,0
B3_zmq_pushpull,zmq_tcp,none,none,,1,25948,512,584,1785153462408428000,1785153462408429000,1785153462408429000,1785153462408430000,1785153462408571000,1785153462408574000,1785153462408574000,1785153462408574000,121932490,121652369,-139.121,1.000,0.000,1.000,3.000,0.000,0.000,13.000,0,0,0
B3_zmq_pushpull,zmq_tcp,none,none,,1,25949,512,584,1785153462409654000,1785153462409654000,1785153462409654000,1785153462409655000,1785153462409823000,1785153462409826000,1785153462409826000,1785153462409826000,121932490,121652369,-112.121,0.000,0.000,1.000,3.000,0.000,0.000,27.000,0,0,0
B3_zmq_pushpull,zmq_tcp,none,none,,1,25950,512,584,1785153462410601000,1785153462410601000,1785153462410601000,1785153462410602000,1785153462410659000,1785153462410661000,1785153462410662000,1785153462410662000,121932490,121652369,-223.121,0.000,0.000,1.000,2.000,1.000,0.000,111.000,0,0,0
B3_zmq_pushpull,zmq_tcp,none,none,,1,25951,512,584,1785153462411614000,1785153462411614000,1785153462411614000,1785153462411615000,1785153462411789000,1785153462411791000,1785153462411791000,1785153462411791000,121932490,121652369,-106.121,0.000,0.000,1.000,2.000,0.000,0.000,117.000,0,0,0
B3_zmq_pushpull,zmq_tcp,none,none,,1,25952,512,584,1785153462412487000,1785153462412487000,1785153462412487000,1785153462412488000,1785153462412647000,1785153462412650000,1785153462412650000,1785153462412650000,121932490,121652369,-121.121,0.000,0.000,1.000,3.000,0.000,0.000,15.000,0,0,0
B3_zmq_pushpull,zmq_tcp,none,none,,1,25953,512,584,1785153462413640000,1785153462413640000,1785153462413640000,1785153462413641000,1785153462413774000,1785153462413776000,1785153462413776000,1785153462413777000,121932490,121652369,-147.121,0.000,0.000,1.000,2.000,0.000,1.000,26.000,0,0,0
B3_zmq_pushpull,zmq_tcp,none,none,,1,25954,512,584,1785153462414601000,1785153462414602000,1785153462414602000,1785153462414603000,1785153462414771000,1785153462414775000,1785153462414775000,1785153462414775000,121932490,121652369,-112.121,1.000,0.000,1.000,4.000,0.000,0.000,35.000,0,0,0
B3_zmq_pushpull,zmq_tcp,none,none,,1,25955,512,584,1785153462415612000,1785153462415612000,1785153462415612000,1785153462415613000,1785153462415752000,1785153462415755000,1785153462415755000,1785153462415755000,121932490,121652369,-141.121,0.000,0.000,1.000,3.000,0.000,0.000,29.000,0,0,0
B3_zmq_pushpull,zmq_tcp,none,none,,1,25956,512,584,1785153462416451000,1785153462416451000,1785153462416451000,1785153462416452000,1785153462416602000,1785153462416605000,1785153462416605000,1785153462416605000,121932490,121652369,-130.121,0.000,0.000,1.000,3.000,0.000,0.000,11.000,0,0,0
B3_zmq_pushpull,zmq_tcp,none,none,,1,25957,512,584,1785153462417454000,1785153462417454000,1785153462417454000,1785153462417455000,1785153462417613000,1785153462417615000,1785153462417615000,1785153462417615000,121932490,121652369,-122.121,0.000,0.000,1.000,2.000,0.000,0.000,8.000,0,0,0
B3_zmq_pushpull,zmq_tcp,none,none,,1,25958,512,584,1785153462418441000,1785153462418442000,1785153462418442000,1785153462418443000,1785153462418591000,1785153462418594000,1785153462418594000,1785153462418594000,121932490,121652369,-132.121,1.000,0.000,1.000,3.000,0.000,0.000,10.000,0,0,0
B3_zmq_pushpull,zmq_tcp,none,none,,1,25959,512,584,1785153462419439000,1785153462419439000,1785153462419439000,1785153462419440000,1785153462419595000,1785153462419599000,1785153462419599000,1785153462419599000,121932490,121652369,-125.121,0.000,0.000,1.000,4.000,0.000,0.000,7.000,0,0,0
B3_zmq_pushpull,zmq_tcp,none,none,,1,25960,512,584,1785153462420652000,1785153462420652000,1785153462420652000,1785153462420653000,1785153462420719000,1785153462420723000,1785153462420723000,1785153462420723000,121932490,121652369,-214.121,0.000,0.000,1.000,4.000,0.000,0.000,89.000,0,0,0
B3_zmq_pushpull,zmq_tcp,none,none,,1,25961,512,584,1785153462421598000,1785153462421599000,1785153462421599000,1785153462421600000,1785153462421698000,1785153462421701000,1785153462421701000,1785153462421701000,121932490,121652369,-182.121,1.000,0.000,1.000,3.000,0.000,0.000,32.000,0,0,0
B3_zmq_pushpull,zmq_tcp,none,none,,1,25962,512,584,1785153462422612000,1785153462422612000,1785153462422612000,1785153462422613000,1785153462422675000,1785153462422678000,1785153462422678000,1785153462422678000,121932490,121652369,-218.121,0.000,0.000,1.000,3.000,0.000,0.000,36.000,0,0,0
B3_zmq_pushpull,zmq_tcp,none,none,,1,25963,512,584,1785153462423609000,1785153462423609000,1785153462423609000,1785153462423610000,1785153462423656000,1785153462423659000,1785153462423659000,1785153462423659000,121932490,121652369,-234.121,0.000,0.000,1.000,3.000,0.000,0.000,16.000,0,0,0
B3_zmq_pushpull,zmq_tcp,none,none,,1,25964,512,584,1785153462424610000,1785153462424610000,1785153462424610000,1785153462424611000,1785153462424659000,1785153462424664000,1785153462424664000,1785153462424664000,121932490,121652369,-232.121,0.000,0.000,1.000,5.000,0.000,0.000,2.000,0,0,0
B3_zmq_pushpull,zmq_tcp,none,none,,1,25965,512,584,1785153462425609000,1785153462425609000,1785153462425609000,1785153462425610000,1785153462425799000,1785153462425802000,1785153462425802000,1785153462425802000,121932490,121652369,-91.121,0.000,0.000,1.000,3.000,0.000,0.000,141.000,0,0,0
B3_zmq_pushpull,zmq_tcp,none,none,,1,25966,512,584,1785153462426498000,1785153462426498000,1785153462426498000,1785153462426499000,1785153462426659000,1785153462426662000,1785153462426662000,1785153462426662000,121932490,121652369,-120.121,0.000,0.000,1.000,3.000,0.000,0.000,29.000,0,0,0
B3_zmq_pushpull,zmq_tcp,none,none,,1,25967,512,584,1785153462427639000,1785153462427640000,1785153462427640000,1785153462427641000,1785153462427778000,1785153462427781000,1785153462427781000,1785153462427781000,121932490,121652369,-143.121,1.000,0.000,1.000,3.000,0.000,0.000,23.000,0,0,0
B3_zmq_pushpull,zmq_tcp,none,none,,1,25968,512,584,1785153462428601000,1785153462428601000,1785153462428601000,1785153462428602000,1785153462428741000,1785153462428744000,1785153462428744000,1785153462428744000,121932490,121652369,-141.121,0.000,0.000,1.000,3.000,0.000,0.000,2.000,0,0,0
B3_zmq_pushpull,zmq_tcp,none,none,,1,25969,512,584,1785153462429612000,1785153462429612000,1785153462429612000,1785153462429613000,1785153462429699000,1785153462429702000,1785153462429702000,1785153462429702000,121932490,121652369,-194.121,0.000,0.000,1.000,3.000,0.000,0.000,53.000,0,0,0
B3_zmq_pushpull,zmq_tcp,none,none,,1,25970,512,584,1785153462430606000,1785153462430607000,1785153462430607000,1785153462430608000,1785153462430665000,1785153462430667000,1785153462430667000,1785153462430667000,121932490,121652369,-223.121,1.000,0.000,1.000,2.000,0.000,0.000,29.000,0,0,0
B3_zmq_pushpull,zmq_tcp,none,none,,1,25971,512,584,1785153462431610000,1785153462431611000,1785153462431611000,1785153462431612000,1785153462431774000,1785153462431777000,1785153462431777000,1785153462431777000,121932490,121652369,-118.121,1.000,0.000,1.000,3.000,0.000,0.000,105.000,0,0,0
B3_zmq_pushpull,zmq_tcp,none,none,,1,25972,512,584,1785153462432609000,1785153462432609000,1785153462432609000,1785153462432610000,1785153462432753000,1785153462432755000,1785153462432755000,1785153462432755000,121932490,121652369,-137.121,0.000,0.000,1.000,2.000,0.000,0.000,19.000,0,0,0
B3_zmq_pushpull,zmq_tcp,none,none,,1,25973,512,584,1785153462433449000,1785153462433449000,1785153462433449000,1785153462433450000,1785153462433610000,1785153462433613000,1785153462433613000,1785153462433613000,121932490,121652369,-120.121,0.000,0.000,1.000,3.000,0.000,0.000,17.000,0,0,0
B3_zmq_pushpull,zmq_tcp,none,none,,1,25974,512,584,1785153462434649000,1785153462434649000,1785153462434649000,1785153462434650000,1785153462434730000,1785153462434733000,1785153462434733000,1785153462434733000,121932490,121652369,-200.121,0.000,0.000,1.000,3.000,0.000,0.000,80.000,0,0,0
B3_zmq_pushpull,zmq_tcp,none,none,,1,25975,512,584,1785153462435600000,1785153462435600000,1785153462435600000,1785153462435601000,1785153462435701000,1785153462435704000,1785153462435704000,1785153462435704000,121932490,121652369,-180.121,0.000,0.000,1.000,3.000,0.000,0.000,20.000,0,0,0
B3_zmq_pushpull,zmq_tcp,none,none,,1,25976,512,584,1785153462436612000,1785153462436612000,1785153462436612000,1785153462436613000,1785153462436675000,1785153462436678000,1785153462436678000,1785153462436678000,121932490,121652369,-218.121,0.000,0.000,1.000,3.000,0.000,0.000,38.000,0,0,0
B3_zmq_pushpull,zmq_tcp,none,none,,1,25977,512,584,1785153462437607000,1785153462437607000,1785153462437607000,1785153462437608000,1785153462437653000,1785153462437657000,1785153462437657000,1785153462437657000,121932490,121652369,-235.121,0.000,0.000,1.000,4.000,0.000,0.000,17.000,0,0,0
B3_zmq_pushpull,zmq_tcp,none,none,,1,25978,512,584,1785153462438610000,1785153462438610000,1785153462438610000,1785153462438611000,1785153462438662000,1785153462438666000,1785153462438666000,1785153462438666000,121932490,121652369,-229.121,0.000,0.000,1.000,4.000,0.000,0.000,6.000,0,0,0
B3_zmq_pushpull,zmq_tcp,none,none,,1,25979,512,584,1785153462439611000,1785153462439612000,1785153462439612000,1785153462439613000,1785153462439795000,1785153462439798000,1785153462439798000,1785153462439798000,121932490,121652369,-98.121,1.000,0.000,1.000,3.000,0.000,0.000,131.000,0,0,0
B3_zmq_pushpull,zmq_tcp,none,none,,1,25980,512,584,1785153462440609000,1785153462440609000,1785153462440609000,1785153462440610000,1785153462440781000,1785153462440784000,1785153462440784000,1785153462440784000,121932490,121652369,-109.121,0.000,0.000,1.000,3.000,0.000,0.000,11.000,0,0,0
B3_zmq_pushpull,zmq_tcp,none,none,,1,25981,512,584,1785153462441605000,1785153462441605000,1785153462441605000,1785153462441606000,1785153462441777000,1785153462441780000,1785153462441780000,1785153462441780000,121932490,121652369,-109.121,0.000,0.000,1.000,3.000,0.000,0.000,0.000,0,0,0
B3_zmq_pushpull,zmq_tcp,none,none,,1,25982,512,584,1785153462442469000,1785153462442469000,1785153462442469000,1785153462442470000,1785153462442619000,1785153462442622000,1785153462442623000,1785153462442623000,121932490,121652369,-131.121,0.000,0.000,1.000,3.000,1.000,0.000,22.000,0,0,0
B3_zmq_pushpull,zmq_tcp,none,none,,1,25983,512,584,1785153462443451000,1785153462443451000,1785153462443451000,1785153462443452000,1785153462443603000,1785153462443606000,1785153462443606000,1785153462443606000,121932490,121652369,-129.121,0.000,0.000,1.000,3.000,0.000,0.000,2.000,0,0,0
B3_zmq_pushpull,zmq_tcp,none,none,,1,25984,512,584,1785153462444439000,1785153462444439000,1785153462444439000,1785153462444440000,1785153462444592000,1785153462444596000,1785153462444596000,1785153462444596000,121932490,121652369,-128.121,0.000,0.000,1.000,4.000,0.000,0.000,1.000,0,0,0
B3_zmq_pushpull,zmq_tcp,none,none,,1,25985,512,584,1785153462445427000,1785153462445427000,1785153462445427000,1785153462445428000,1785153462445589000,1785153462445591000,1785153462445591000,1785153462445591000,121932490,121652369,-119.121,0.000,0.000,1.000,2.000,0.000,0.000,9.000,0,0,0
B3_zmq_pushpull,zmq_tcp,none,none,,1,25986,512,584,1785153462446657000,1785153462446657000,1785153462446658000,1785153462446658000,1785153462446832000,1785153462446834000,1785153462446834000,1785153462446835000,121932490,121652369,-106.121,0.000,1.000,0.000,2.000,0.000,1.000,13.000,0,0,0
B3_zmq_pushpull,zmq_tcp,none,none,,1,25987,512,584,1785153462447597000,1785153462447597000,1785153462447597000,1785153462447598000,1785153462447673000,1785153462447676000,1785153462447676000,1785153462447676000,121932490,121652369,-205.121,0.000,0.000,1.000,3.000,0.000,0.000,99.000,0,0,0
B3_zmq_pushpull,zmq_tcp,none,none,,1,25988,512,584,1785153462448611000,1785153462448611000,1785153462448611000,1785153462448612000,1785153462448666000,1785153462448670000,1785153462448670000,1785153462448670000,121932490,121652369,-226.121,0.000,0.000,1.000,4.000,0.000,0.000,21.000,0,0,0
B3_zmq_pushpull,zmq_tcp,none,none,,1,25989,512,584,1785153462449609000,1785153462449609000,1785153462449609000,1785153462449610000,1785153462449657000,1785153462449660000,1785153462449660000,1785153462449660000,121932490,121652369,-233.121,0.000,0.000,1.000,3.000,0.000,0.000,7.000,0,0,0
B3_zmq_pushpull,zmq_tcp,none,none,,1,25990,512,584,1785153462450610000,1785153462450611000,1785153462450611000,1785153462450612000,1785153462450779000,1785153462450782000,1785153462450782000,1785153462450782000,121932490,121652369,-113.121,1.000,0.000,1.000,3.000,0.000,0.000,120.000,0,0,0
B3_zmq_pushpull,zmq_tcp,none,none,,1,25991,512,584,1785153462451607000,1785153462451607000,1785153462451607000,1785153462451608000,1785153462451760000,1785153462451763000,1785153462451763000,1785153462451763000,121932490,121652369,-128.121,0.000,0.000,1.000,3.000,0.000,0.000,15.000,0,0,0
B3_zmq_pushpull,zmq_tcp,none,none,,1,25992,512,584,1785153462452613000,1785153462452613000,1785153462452613000,1785153462452614000,1785153462452739000,1785153462452742000,1785153462452742000,1785153462452742000,121932490,121652369,-155.121,0.000,0.000,1.000,3.000,0.000,0.000,27.000,0,0,0
B3_zmq_pushpull,zmq_tcp,none,none,,1,25993,512,584,1785153462453429000,1785153462453430000,1785153462453430000,1785153462453431000,1785153462453584000,1785153462453588000,1785153462453588000,1785153462453588000,121932490,121652369,-127.121,1.000,0.000,1.000,4.000,0.000,0.000,28.000,0,0,0
B3_zmq_pushpull,zmq_tcp,none,none,,1,25994,512,584,1785153462454661000,1785153462454661000,1785153462454661000,1785153462454662000,1785153462454859000,1785153462454862000,1785153462454862000,1785153462454862000,121932490,121652369,-83.121,0.000,0.000,1.000,3.000,0.000,0.000,44.000,0,0,0
B3_zmq_pushpull,zmq_tcp,none,none,,1,25995,512,584,1785153462455594000,1785153462455594000,1785153462455594000,1785153462455595000,1785153462455735000,1785153462455738000,1785153462455738000,1785153462455738000,121932490,121652369,-140.121,0.000,0.000,1.000,3.000,0.000,0.000,57.000,0,0,0
B3_zmq_pushpull,zmq_tcp,none,none,,1,25996,512,584,1785153462456614000,1785153462456614000,1785153462456614000,1785153462456615000,1785153462456726000,1785153462456729000,1785153462456729000,1785153462456729000,121932490,121652369,-169.121,0.000,0.000,1.000,3.000,0.000,0.000,29.000,0,0,0
B3_zmq_pushpull,zmq_tcp,none,none,,1,25997,512,584,1785153462457609000,1785153462457609000,1785153462457609000,1785153462457610000,1785153462457731000,1785153462457734000,1785153462457734000,1785153462457734000,121932490,121652369,-159.121,0.000,0.000,1.000,3.000,0.000,0.000,10.000,0,0,0
B3_zmq_pushpull,zmq_tcp,none,none,,1,25998,512,584,1785153462458611000,1785153462458611000,1785153462458611000,1785153462458612000,1785153462458736000,1785153462458739000,1785153462458739000,1785153462458739000,121932490,121652369,-156.121,0.000,0.000,1.000,3.000,0.000,0.000,3.000,0,0,0
B3_zmq_pushpull,zmq_tcp,none,none,,1,25999,512,584,1785153462459609000,1785153462459609000,1785153462459609000,1785153462459610000,1785153462459760000,1785153462459767000,1785153462459767000,1785153462459767000,121932490,121652369,-130.121,0.000,0.000,1.000,7.000,0.000,0.000,26.000,0,0,0
B3_zmq_pushpull,zmq_tcp,none,none,,1,26000,512,584,1785153462460611000,1785153462460611000,1785153462460611000,1785153462460612000,1785153462460772000,1785153462460775000,1785153462460775000,1785153462460775000,121932490,121652369,-120.121,0.000,0.000,1.000,3.000,0.000,0.000,10.000,0,0,0
B3_zmq_pushpull,zmq_tcp,none,none,,1,26001,512,584,1785153462461610000,1785153462461610000,1785153462461610000,1785153462461611000,1785153462461771000,1785153462461774000,1785153462461774000,1785153462461774000,121932490,121652369,-120.121,0.000,0.000,1.000,3.000,0.000,0.000,0.000,0,0,0
B3_zmq_pushpull,zmq_tcp,none,none,,1,26002,512,584,1785153462462612000,1785153462462612000,1785153462462612000,1785153462462612000,1785153462462779000,1785153462462781000,1785153462462781000,1785153462462781000,121932490,121652369,-113.121,0.000,0.000,0.000,2.000,0.000,0.000,7.000,0,0,0
B3_zmq_pushpull,zmq_tcp,none,none,,1,26003,512,584,1785153462463606000,1785153462463607000,1785153462463607000,1785153462463608000,1785153462463776000,1785153462463779000,1785153462463779000,1785153462463779000,121932490,121652369,-112.121,1.000,0.000,1.000,3.000,0.000,0.000,1.000,0,0,0
B3_zmq_pushpull,zmq_tcp,none,none,,1,26004,512,584,1785153462464612000,1785153462464612000,1785153462464612000,1785153462464613000,1785153462464656000,1785153462464660000,1785153462464660000,1785153462464660000,121932490,121652369,-237.121,0.000,0.000,1.000,4.000,0.000,0.000,125.000,0,0,0
B3_zmq_pushpull,zmq_tcp,none,none,,1,26005,512,584,1785153462465512000,1785153462465512000,1785153462465512000,1785153462465513000,1785153462465652000,1785153462465655000,1785153462465655000,1785153462465655000,121932490,121652369,-141.121,0.000,0.000,1.000,3.000,0.000,0.000,96.000,0,0,0
B3_zmq_pushpull,zmq_tcp,none,none,,1,26006,512,584,1785153462466507000,1785153462466507000,1785153462466507000,1785153462466508000,1785153462466662000,1785153462466665000,1785153462466665000,1785153462466665000,121932490,121652369,-126.121,0.000,0.000,1.000,3.000,0.000,0.000,15.000,0,0,0
B3_zmq_pushpull,zmq_tcp,none,none,,1,26007,512,584,1785153462467633000,1785153462467633000,1785153462467633000,1785153462467634000,1785153462467800000,1785153462467803000,1785153462467803000,1785153462467803000,121932490,121652369,-114.121,0.000,0.000,1.000,3.000,0.000,0.000,12.000,0,0,0
B3_zmq_pushpull,zmq_tcp,none,none,,1,26008,512,584,1785153462468608000,1785153462468608000,1785153462468608000,1785153462468609000,1785153462468666000,1785153462468669000,1785153462468669000,1785153462468669000,121932490,121652369,-223.121,0.000,0.000,1.000,3.000,0.000,0.000,109.000,0,0,0
B3_zmq_pushpull,zmq_tcp,none,none,,1,26009,512,584,1785153462469522000,1785153462469522000,1785153462469522000,1785153462469523000,1785153462469670000,1785153462469672000,1785153462469672000,1785153462469672000,121932490,121652369,-133.121,0.000,0.000,1.000,2.000,0.000,0.000,90.000,0,0,0
B3_zmq_pushpull,zmq_tcp,none,none,,1,26010,512,584,1785153462470632000,1785153462470632000,1785153462470632000,1785153462470633000,1785153462470673000,1785153462470677000,1785153462470677000,1785153462470677000,121932490,121652369,-240.121,0.000,0.000,1.000,4.000,0.000,0.000,107.000,0,0,0
B3_zmq_pushpull,zmq_tcp,none,none,,1,26011,512,584,1785153462471605000,1785153462471605000,1785153462471605000,1785153462471606000,1785153462471663000,1785153462471666000,1785153462471666000,1785153462471666000,121932490,121652369,-223.121,0.000,0.000,1.000,3.000,0.000,0.000,17.000,0,0,0
B3_zmq_pushpull,zmq_tcp,none,none,,1,26012,512,584,1785153462472612000,1785153462472612000,1785153462472612000,1785153462472613000,1785153462472670000,1785153462472673000,1785153462472673000,1785153462472673000,121932490,121652369,-223.121,0.000,0.000,1.000,3.000,0.000,0.000,0.000,0,0,0
B3_zmq_pushpull,zmq_tcp,none,none,,1,26013,512,584,1785153462473520000,1785153462473520000,1785153462473520000,1785153462473521000,1785153462473682000,1785153462473684000,1785153462473685000,1785153462473685000,121932490,121652369,-119.121,0.000,0.000,1.000,2.000,1.000,0.000,104.000,0,0,0
B3_zmq_pushpull,zmq_tcp,none,none,,1,26014,512,584,1785153462474634000,1785153462474634000,1785153462474634000,1785153462474635000,1785153462474699000,1785153462474702000,1785153462474702000,1785153462474702000,121932490,121652369,-216.121,0.000,0.000,1.000,3.000,0.000,0.000,97.000,0,0,0
B3_zmq_pushpull,zmq_tcp,none,none,,1,26015,512,584,1785153462475605000,1785153462475605000,1785153462475605000,1785153462475606000,1785153462475716000,1785153462475719000,1785153462475719000,1785153462475719000,121932490,121652369,-170.121,0.000,0.000,1.000,3.000,0.000,0.000,46.000,0,0,0
B3_zmq_pushpull,zmq_tcp,none,none,,1,26016,512,584,1785153462476613000,1785153462476613000,1785153462476613000,1785153462476614000,1785153462476709000,1785153462476712000,1785153462476712000,1785153462476712000,121932490,121652369,-185.121,0.000,0.000,1.000,3.000,0.000,0.000,15.000,0,0,0
B3_zmq_pushpull,zmq_tcp,none,none,,1,26017,512,584,1785153462477418000,1785153462477418000,1785153462477418000,1785153462477419000,1785153462477573000,1785153462477575000,1785153462477575000,1785153462477575000,121932490,121652369,-126.121,0.000,0.000,1.000,2.000,0.000,0.000,59.000,0,0,0
B3_zmq_pushpull,zmq_tcp,none,none,,1,26018,512,584,1785153462478658000,1785153462478659000,1785153462478659000,1785153462478660000,1785153462478709000,1785153462478712000,1785153462478712000,1785153462478712000,121932490,121652369,-231.121,1.000,0.000,1.000,3.000,0.000,0.000,105.000,0,0,0
B3_zmq_pushpull,zmq_tcp,none,none,,1,26019,512,584,1785153462479598000,1785153462479598000,1785153462479599000,1785153462479599000,1785153462479705000,1785153462479707000,1785153462479707000,1785153462479707000,121932490,121652369,-174.121,0.000,1.000,0.000,2.000,0.000,0.000,57.000,0,0,0
B3_zmq_pushpull,zmq_tcp,none,none,,1,26020,512,584,1785153462480613000,1785153462480613000,1785153462480613000,1785153462480614000,1785153462480690000,1785153462480692000,1785153462480692000,1785153462480692000,121932490,121652369,-204.121,0.000,0.000,1.000,2.000,0.000,0.000,30.000,0,0,0
B3_zmq_pushpull,zmq_tcp,none,none,,1,26021,512,584,1785153462481607000,1785153462481607000,1785153462481607000,1785153462481608000,1785153462481687000,1785153462481690000,1785153462481690000,1785153462481690000,121932490,121652369,-201.121,0.000,0.000,1.000,3.000,0.000,0.000,3.000,0,0,0
B3_zmq_pushpull,zmq_tcp,none,none,,1,26022,512,584,1785153462482613000,1785153462482613000,1785153462482613000,1785153462482614000,1785153462482676000,1785153462482680000,1785153462482680000,1785153462482680000,121932490,121652369,-218.121,0.000,0.000,1.000,4.000,0.000,0.000,17.000,0,0,0
B3_zmq_pushpull,zmq_tcp,none,none,,1,26023,512,584,1785153462483610000,1785153462483610000,1785153462483611000,1785153462483611000,1785153462483668000,1785153462483672000,1785153462483672000,1785153462483672000,121932490,121652369,-223.121,0.000,1.000,0.000,4.000,0.000,0.000,5.000,0,0,0
B3_zmq_pushpull,zmq_tcp,none,none,,1,26024,512,584,1785153462484525000,1785153462484525000,1785153462484525000,1785153462484526000,1785153462484679000,1785153462484682000,1785153462484682000,1785153462484682000,121932490,121652369,-127.121,0.000,0.000,1.000,3.000,0.000,0.000,96.000,0,0,0
B3_zmq_pushpull,zmq_tcp,none,none,,1,26025,512,584,1785153462485511000,1785153462485511000,1785153462485511000,1785153462485512000,1785153462485665000,1785153462485667000,1785153462485667000,1785153462485667000,121932490,121652369,-127.121,0.000,0.000,1.000,2.000,0.000,0.000,0.000,0,0,0
B3_zmq_pushpull,zmq_tcp,none,none,,1,26026,512,584,1785153462486492000,1785153462486492000,1785153462486492000,1785153462486493000,1785153462486651000,1785153462486658000,1785153462486658000,1785153462486659000,121932490,121652369,-122.121,0.000,0.000,1.000,7.000,0.000,1.000,5.000,0,0,0
B3_zmq_pushpull,zmq_tcp,none,none,,1,26027,512,584,1785153462487513000,1785153462487513000,1785153462487513000,1785153462487514000,1785153462487665000,1785153462487668000,1785153462487668000,1785153462487668000,121932490,121652369,-129.121,0.000,0.000,1.000,3.000,0.000,0.000,7.000,0,0,0
B3_zmq_pushpull,zmq_tcp,none,none,,1,26028,512,584,1785153462488640000,1785153462488640000,1785153462488640000,1785153462488641000,1785153462488810000,1785153462488813000,1785153462488813000,1785153462488813000,121932490,121652369,-111.121,0.000,0.000,1.000,3.000,0.000,0.000,18.000,0,0,0
B3_zmq_pushpull,zmq_tcp,none,none,,1,26029,512,584,1785153462489599000,1785153462489599000,1785153462489599000,1785153462489601000,1785153462489666000,1785153462489669000,1785153462489669000,1785153462489669000,121932490,121652369,-215.121,0.000,0.000,2.000,3.000,0.000,0.000,104.000,0,0,0
B3_zmq_pushpull,zmq_tcp,none,none,,1,26030,512,584,1785153462490614000,1785153462490614000,1785153462490614000,1785153462490615000,1785153462490782000,1785153462490786000,1785153462490786000,1785153462490786000,121932490,121652369,-113.121,0.000,0.000,1.000,4.000,0.000,0.000,102.000,0,0,0
B3_zmq_pushpull,zmq_tcp,none,none,,1,26031,512,584,1785153462491609000,1785153462491609000,1785153462491609000,1785153462491610000,1785153462491643000,1785153462491646000,1785153462491646000,1785153462491646000,121932490,121652369,-247.121,0.000,0.000,1.000,3.000,0.000,0.000,134.000,0,0,0
B3_zmq_pushpull,zmq_tcp,none,none,,1,26032,512,584,1785153462492611000,1785153462492611000,1785153462492611000,1785153462492612000,1785153462492773000,1785153462492775000,1785153462492775000,1785153462492775000,121932490,121652369,-119.121,0.000,0.000,1.000,2.000,0.000,0.000,128.000,0,0,0
B3_zmq_pushpull,zmq_tcp,none,none,,1,26033,512,584,1785153462493608000,1785153462493608000,1785153462493608000,1785153462493609000,1785153462493751000,1785153462493754000,1785153462493754000,1785153462493754000,121932490,121652369,-138.121,0.000,0.000,1.000,3.000,0.000,0.000,19.000,0,0,0
B3_zmq_pushpull,zmq_tcp,none,none,,1,26034,512,584,1785153462494612000,1785153462494612000,1785153462494612000,1785153462494613000,1785153462494768000,1785153462494770000,1785153462494770000,1785153462494770000,121932490,121652369,-125.121,0.000,0.000,1.000,2.000,0.000,0.000,13.000,0,0,0
B3_zmq_pushpull,zmq_tcp,none,none,,1,26035,512,584,1785153462495610000,1785153462495611000,1785153462495611000,1785153462495612000,1785153462495750000,1785153462495752000,1785153462495753000,1785153462495753000,121932490,121652369,-142.121,1.000,0.000,1.000,2.000,1.000,0.000,17.000,0,0,0
B3_zmq_pushpull,zmq_tcp,none,none,,1,26036,512,584,1785153462496611000,1785153462496611000,1785153462496611000,1785153462496612000,1785153462496755000,1785153462496758000,1785153462496758000,1785153462496758000,121932490,121652369,-137.121,0.000,0.000,1.000,3.000,0.000,0.000,5.000,0,0,0
B3_zmq_pushpull,zmq_tcp,none,none,,1,26037,512,584,1785153462497614000,1785153462497614000,1785153462497614000,1785153462497615000,1785153462497761000,1785153462497765000,1785153462497765000,1785153462497765000,121932490,121652369,-134.121,0.000,0.000,1.000,4.000,0.000,0.000,3.000,0,0,0
B3_zmq_pushpull,zmq_tcp,none,none,,1,26038,512,584,1785153462498611000,1785153462498611000,1785153462498611000,1785153462498612000,1785153462498766000,1785153462498769000,1785153462498769000,1785153462498769000,121932490,121652369,-126.121,0.000,0.000,1.000,3.000,0.000,0.000,8.000,0,0,0
B3_zmq_pushpull,zmq_tcp,none,none,,1,26039,512,584,1785153462499609000,1785153462499610000,1785153462499610000,1785153462499611000,1785153462499745000,1785153462499747000,1785153462499747000,1785153462499747000,121932490,121652369,-146.121,1.000,0.000,1.000,2.000,0.000,0.000,20.000,0,0,0
B3_zmq_pushpull,zmq_tcp,none,none,,1,26040,512,584,1785153462500610000,1785153462500610000,1785153462500610000,1785153462500611000,1785153462500741000,1785153462500743000,1785153462500743000,1785153462500743000,121932490,121652369,-150.121,0.000,0.000,1.000,2.000,0.000,0.000,4.000,0,0,0
B3_zmq_pushpull,zmq_tcp,none,none,,1,26041,512,584,1785153462501609000,1785153462501609000,1785153462501609000,1785153462501610000,1785153462501761000,1785153462501763000,1785153462501763000,1785153462501763000,121932490,121652369,-129.121,0.000,0.000,1.000,2.000,0.000,0.000,21.000,0,0,0
B3_zmq_pushpull,zmq_tcp,none,none,,1,26042,512,584,1785153462502613000,1785153462502613000,1785153462502613000,1785153462502614000,1785153462502778000,1785153462502781000,1785153462502781000,1785153462502781000,121932490,121652369,-116.121,0.000,0.000,1.000,3.000,0.000,0.000,13.000,0,0,0
B3_zmq_pushpull,zmq_tcp,none,none,,1,26043,512,584,1785153462503611000,1785153462503611000,1785153462503611000,1785153462503612000,1785153462503781000,1785153462503783000,1785153462503783000,1785153462503783000,121932490,121652369,-111.121,0.000,0.000,1.000,2.000,0.000,0.000,5.000,0,0,0
B3_zmq_pushpull,zmq_tcp,none,none,,1,26044,512,584,1785153462504611000,1785153462504611000,1785153462504611000,1785153462504612000,1785153462504657000,1785153462504660000,1785153462504660000,1785153462504660000,121932490,121652369,-235.121,0.000,0.000,1.000,3.000,0.000,0.000,124.000,0,0,0
B3_zmq_pushpull,zmq_tcp,none,none,,1,26045,512,584,1785153462505611000,1785153462505611000,1785153462505611000,1785153462505612000,1785153462505658000,1785153462505661000,1785153462505661000,1785153462505661000,121932490,121652369,-234.121,0.000,0.000,1.000,3.000,0.000,0.000,1.000,0,0,0
B3_zmq_pushpull,zmq_tcp,none,none,,1,26046,512,584,1785153462506610000,1785153462506611000,1785153462506611000,1785153462506612000,1785153462506665000,1785153462506668000,1785153462506668000,1785153462506668000,121932490,121652369,-227.121,1.000,0.000,1.000,3.000,0.000,0.000,7.000,0,0,0
B3_zmq_pushpull,zmq_tcp,none,none,,1,26047,512,584,1785153462507611000,1785153462507611000,1785153462507611000,1785153462507612000,1785153462507673000,1785153462507677000,1785153462507677000,1785153462507677000,121932490,121652369,-219.121,0.000,0.000,1.000,4.000,0.000,0.000,8.000,0,0,0
B3_zmq_pushpull,zmq_tcp,none,none,,1,26048,512,584,1785153462508610000,1785153462508610000,1785153462508610000,1785153462508611000,1785153462508691000,1785153462508694000,1785153462508694000,1785153462508694000,121932490,121652369,-200.121,0.000,0.000,1.000,3.000,0.000,0.000,19.000,0,0,0
B3_zmq_pushpull,zmq_tcp,none,none,,1,26049,512,584,1785153462509611000,1785153462509611000,1785153462509611000,1785153462509612000,1785153462509706000,1785153462509709000,1785153462509709000,1785153462509709000,121932490,121652369,-186.121,0.000,0.000,1.000,3.000,0.000,0.000,14.000,0,0,0
B3_zmq_pushpull,zmq_tcp,none,none,,1,26050,512,584,1785153462510613000,1785153462510613000,1785153462510613000,1785153462510614000,1785153462510730000,1785153462510733000,1785153462510733000,1785153462510733000,121932490,121652369,-164.121,0.000,0.000,1.000,3.000,0.000,0.000,22.000,0,0,0
B3_zmq_pushpull,zmq_tcp,none,none,,1,26051,512,584,1785153462511609000,1785153462511609000,1785153462511609000,1785153462511610000,1785153462511729000,1785153462511731000,1785153462511731000,1785153462511731000,121932490,121652369,-161.121,0.000,0.000,1.000,2.000,0.000,0.000,3.000,0,0,0
B3_zmq_pushpull,zmq_tcp,none,none,,1,26052,512,584,1785153462512610000,1785153462512610000,1785153462512610000,1785153462512611000,1785153462512741000,1785153462512744000,1785153462512744000,1785153462512744000,121932490,121652369,-150.121,0.000,0.000,1.000,3.000,0.000,0.000,11.000,0,0,0
B3_zmq_pushpull,zmq_tcp,none,none,,1,26053,512,584,1785153462513610000,1785153462513610000,1785153462513610000,1785153462513611000,1785153462513739000,1785153462513742000,1785153462513742000,1785153462513742000,121932490,121652369,-152.121,0.000,0.000,1.000,3.000,0.000,0.000,2.000,0,0,0
B3_zmq_pushpull,zmq_tcp,none,none,,1,26054,512,584,1785153462514611000,1785153462514611000,1785153462514611000,1785153462514612000,1785153462514753000,1785153462514755000,1785153462514755000,1785153462514755000,121932490,121652369,-139.121,0.000,0.000,1.000,2.000,0.000,0.000,13.000,0,0,0
B3_zmq_pushpull,zmq_tcp,none,none,,1,26055,512,584,1785153462515609000,1785153462515609000,1785153462515610000,1785153462515610000,1785153462515765000,1785153462515767000,1785153462515767000,1785153462515767000,121932490,121652369,-125.121,0.000,1.000,0.000,2.000,0.000,0.000,14.000,0,0,0
B3_zmq_pushpull,zmq_tcp,none,none,,1,26056,512,584,1785153462516611000,1785153462516611000,1785153462516611000,1785153462516612000,1785153462516783000,1785153462516786000,1785153462516786000,1785153462516786000,121932490,121652369,-109.121,0.000,0.000,1.000,3.000,0.000,0.000,16.000,0,0,0
B3_zmq_pushpull,zmq_tcp,none,none,,1,26057,512,584,1785153462517611000,1785153462517611000,1785153462517611000,1785153462517612000,1785153462517793000,1785153462517796000,1785153462517796000,1785153462517796000,121932490,121652369,-99.121,0.000,0.000,1.000,3.000,0.000,0.000,10.000,0,0,0
B3_zmq_pushpull,zmq_tcp,none,none,,1,26058,512,584,1785153462518613000,1785153462518613000,1785153462518613000,1785153462518614000,1785153462518807000,1785153462518810000,1785153462518810000,1785153462518810000,121932490,121652369,-87.121,0.000,0.000,1.000,3.000,0.000,0.000,12.000,0,0,0
B3_zmq_pushpull,zmq_tcp,none,none,,1,26059,512,584,1785153462519608000,1785153462519608000,1785153462519608000,1785153462519609000,1785153462519671000,1785153462519674000,1785153462519674000,1785153462519674000,121932490,121652369,-218.121,0.000,0.000,1.000,3.000,0.000,0.000,131.000,0,0,0
B3_zmq_pushpull,zmq_tcp,none,none,,1,26060,512,584,1785153462520613000,1785153462520613000,1785153462520613000,1785153462520614000,1785153462520680000,1785153462520683000,1785153462520683000,1785153462520683000,121932490,121652369,-214.121,0.000,0.000,1.000,3.000,0.000,0.000,4.000,0,0,0
B3_zmq_pushpull,zmq_tcp,none,none,,1,26061,512,584,1785153462521611000,1785153462521611000,1785153462521611000,1785153462521612000,1785153462521680000,1785153462521682000,1785153462521682000,1785153462521682000,121932490,121652369,-212.121,0.000,0.000,1.000,2.000,0.000,0.000,2.000,0,0,0
B3_zmq_pushpull,zmq_tcp,none,none,,1,26062,512,584,1785153462522611000,1785153462522611000,1785153462522611000,1785153462522612000,1785153462522692000,1785153462522695000,1785153462522695000,1785153462522695000,121932490,121652369,-200.121,0.000,0.000,1.000,3.000,0.000,0.000,12.000,0,0,0
B3_zmq_pushpull,zmq_tcp,none,none,,1,26063,512,584,1785153462523608000,1785153462523608000,1785153462523608000,1785153462523609000,1785153462523703000,1785153462523707000,1785153462523707000,1785153462523707000,121932490,121652369,-186.121,0.000,0.000,1.000,4.000,0.000,0.000,14.000,0,0,0
B3_zmq_pushpull,zmq_tcp,none,none,,1,26064,512,584,1785153462524613000,1785153462524613000,1785153462524613000,1785153462524614000,1785153462524713000,1785153462524715000,1785153462524715000,1785153462524715000,121932490,121652369,-181.121,0.000,0.000,1.000,2.000,0.000,0.000,5.000,0,0,0
B3_zmq_pushpull,zmq_tcp,none,none,,1,26065,512,584,1785153462525610000,1785153462525610000,1785153462525611000,1785153462525611000,1785153462525730000,1785153462525733000,1785153462525733000,1785153462525733000,121932490,121652369,-161.121,0.000,1.000,0.000,3.000,0.000,0.000,20.000,0,0,0
B3_zmq_pushpull,zmq_tcp,none,none,,1,26066,512,584,1785153462526610000,1785153462526610000,1785153462526610000,1785153462526611000,1785153462526723000,1785153462526726000,1785153462526726000,1785153462526726000,121932490,121652369,-168.121,0.000,0.000,1.000,3.000,0.000,0.000,7.000,0,0,0
B3_zmq_pushpull,zmq_tcp,none,none,,1,26067,512,584,1785153462527608000,1785153462527608000,1785153462527608000,1785153462527609000,1785153462527721000,1785153462527723000,1785153462527724000,1785153462527724000,121932490,121652369,-168.121,0.000,0.000,1.000,2.000,1.000,0.000,0.000,0,0,0
B3_zmq_pushpull,zmq_tcp,none,none,,1,26068,512,584,1785153462528613000,1785153462528613000,1785153462528613000,1785153462528614000,1785153462528733000,1785153462528735000,1785153462528735000,1785153462528735000,121932490,121652369,-161.121,0.000,0.000,1.000,2.000,0.000,0.000,7.000,0,0,0
B3_zmq_pushpull,zmq_tcp,none,none,,1,26069,512,584,1785153462529610000,1785153462529610000,1785153462529611000,1785153462529611000,1785153462529750000,1785153462529753000,1785153462529753000,1785153462529753000,121932490,121652369,-141.121,0.000,1.000,0.000,3.000,0.000,0.000,20.000,0,0,0
B3_zmq_pushpull,zmq_tcp,none,none,,1,26070,512,584,1785153462530607000,1785153462530607000,1785153462530607000,1785153462530608000,1785153462530757000,1785153462530759000,1785153462530759000,1785153462530759000,121932490,121652369,-131.121,0.000,0.000,1.000,2.000,0.000,0.000,10.000,0,0,0
B3_zmq_pushpull,zmq_tcp,none,none,,1,26071,512,584,1785153462531611000,1785153462531611000,1785153462531611000,1785153462531612000,1785153462531771000,1785153462531774000,1785153462531774000,1785153462531774000,121932490,121652369,-121.121,0.000,0.000,1.000,3.000,0.000,0.000,10.000,0,0,0
B3_zmq_pushpull,zmq_tcp,none,none,,1,26072,512,584,1785153462532611000,1785153462532611000,1785153462532611000,1785153462532612000,1785153462532786000,1785153462532789000,1785153462532789000,1785153462532789000,121932490,121652369,-106.121,0.000,0.000,1.000,3.000,0.000,0.000,15.000,0,0,0
B3_zmq_pushpull,zmq_tcp,none,none,,1,26073,512,584,1785153462533612000,1785153462533612000,1785153462533612000,1785153462533613000,1785153462533794000,1785153462533797000,1785153462533797000,1785153462533797000,121932490,121652369,-99.121,0.000,0.000,1.000,3.000,0.000,0.000,7.000,0,0,0
B3_zmq_pushpull,zmq_tcp,none,none,,1,26074,512,584,1785153462534608000,1785153462534608000,1785153462534608000,1785153462534609000,1785153462534653000,1785153462534656000,1785153462534656000,1785153462534656000,121932490,121652369,-236.121,0.000,0.000,1.000,3.000,0.000,0.000,137.000,0,0,0
B3_zmq_pushpull,zmq_tcp,none,none,,1,26075,512,584,1785153462535613000,1785153462535613000,1785153462535613000,1785153462535614000,1785153462535659000,1785153462535663000,1785153462535663000,1785153462535663000,121932490,121652369,-235.121,0.000,0.000,1.000,4.000,0.000,0.000,1.000,0,0,0
B3_zmq_pushpull,zmq_tcp,none,none,,1,26076,512,584,1785153462536611000,1785153462536611000,1785153462536611000,1785153462536612000,1785153462536670000,1785153462536674000,1785153462536674000,1785153462536674000,121932490,121652369,-222.121,0.000,0.000,1.000,4.000,0.000,0.000,13.000,0,0,0
B3_zmq_pushpull,zmq_tcp,none,none,,1,26077,512,584,1785153462537506000,1785153462537506000,1785153462537507000,1785153462537507000,1785153462537656000,1785153462537658000,1785153462537658000,1785153462537658000,121932490,121652369,-131.121,0.000,1.000,0.000,2.000,0.000,0.000,91.000,0,0,0
B3_zmq_pushpull,zmq_tcp,none,none,,1,26078,512,584,1785153462538633000,1785153462538633000,1785153462538634000,1785153462538634000,1785153462538800000,1785153462538802000,1785153462538802000,1785153462538802000,121932490,121652369,-114.121,0.000,1.000,0.000,2.000,0.000,0.000,17.000,0,0,0
B3_zmq_pushpull,zmq_tcp,none,none,,1,26079,512,584,1785153462539606000,1785153462539606000,1785153462539606000,1785153462539607000,1785153462539651000,1785153462539655000,1785153462539655000,1785153462539655000,121932490,121652369,-236.121,0.000,0.000,1.000,4.000,0.000,0.000,122.000,0,0,0
B3_zmq_pushpull,zmq_tcp,none,none,,1,26080,512,584,1785153462540612000,1785153462540612000,1785153462540612000,1785153462540613000,1785153462540781000,1785153462540784000,1785153462540784000,1785153462540784000,121932490,121652369,-112.121,0.000,0.000,1.000,3.000,0.000,0.000,124.000,0,0,0
B3_zmq_pushpull,zmq_tcp,none,none,,1,26081,512,584,1785153462541607000,1785153462541607000,1785153462541607000,1785153462541608000,1785153462541640000,1785153462541642000,1785153462541642000,1785153462541642000,121932490,121652369,-248.121,0.000,0.000,1.000,2.000,0.000,0.000,136.000,0,0,0
B3_zmq_pushpull,zmq_tcp,none,none,,1,26082,512,584,1785153462542612000,1785153462542612000,1785153462542612000,1785153462542613000,1785153462542782000,1785153462542785000,1785153462542785000,1785153462542785000,121932490,121652369,-111.121,0.000,0.000,1.000,3.000,0.000,0.000,137.000,0,0,0
B3_zmq_pushpull,zmq_tcp,none,none,,1,26083,512,584,1785153462543613000,1785153462543614000,1785153462543614000,1785153462543615000,1785153462543784000,1785153462543786000,1785153462543786000,1785153462543786000,121932490,121652369,-111.121,1.000,0.000,1.000,2.000,0.000,0.000,0.000,0,0,0
B3_zmq_pushpull,zmq_tcp,none,none,,1,26084,512,584,1785153462544611000,1785153462544611000,1785153462544611000,1785153462544612000,1785153462544774000,1785153462544777000,1785153462544777000,1785153462544777000,121932490,121652369,-118.121,0.000,0.000,1.000,3.000,0.000,0.000,7.000,0,0,0
B3_zmq_pushpull,zmq_tcp,none,none,,1,26085,512,584,1785153462545473000,1785153462545473000,1785153462545473000,1785153462545474000,1785153462545633000,1785153462545636000,1785153462545636000,1785153462545636000,121932490,121652369,-121.121,0.000,0.000,1.000,3.000,0.000,0.000,3.000,0,0,0
B3_zmq_pushpull,zmq_tcp,none,none,,1,26086,512,584,1785153462546645000,1785153462546645000,1785153462546645000,1785153462546646000,1785153462546764000,1785153462546766000,1785153462546766000,1785153462546766000,121932490,121652369,-162.121,0.000,0.000,1.000,2.000,0.000,0.000,41.000,0,0,0
B3_zmq_pushpull,zmq_tcp,none,none,,1,26087,512,584,1785153462547600000,1785153462547600000,1785153462547600000,1785153462547601000,1785153462547770000,1785153462547773000,1785153462547773000,1785153462547773000,121932490,121652369,-111.121,0.000,0.000,1.000,3.000,0.000,0.000,51.000,0,0,0
B3_zmq_pushpull,zmq_tcp,none,none,,1,26088,512,584,1785153462548471000,1785153462548472000,1785153462548472000,1785153462548473000,1785153462548627000,1785153462548631000,1785153462548631000,1785153462548631000,121932490,121652369,-126.121,1.000,0.000,1.000,4.000,0.000,0.000,15.000,0,0,0
B3_zmq_pushpull,zmq_tcp,none,none,,1,26089,512,584,1785153462549645000,1785153462549646000,1785153462549646000,1785153462549647000,1785153462549761000,1785153462549764000,1785153462549764000,1785153462549764000,121932490,121652369,-166.121,1.000,0.000,1.000,3.000,0.000,0.000,40.000,0,0,0
B3_zmq_pushpull,zmq_tcp,none,none,,1,26090,512,584,1785153462550602000,1785153462550602000,1785153462550602000,1785153462550603000,1785153462550784000,1785153462550786000,1785153462550786000,1785153462550786000,121932490,121652369,-99.121,0.000,0.000,1.000,2.000,0.000,0.000,67.000,0,0,0
B3_zmq_pushpull,zmq_tcp,none,none,,1,26091,512,584,1785153462551615000,1785153462551615000,1785153462551615000,1785153462551616000,1785153462551793000,1785153462551796000,1785153462551796000,1785153462551796000,121932490,121652369,-103.121,0.000,0.000,1.000,3.000,0.000,0.000,4.000,0,0,0
B3_zmq_pushpull,zmq_tcp,none,none,,1,26092,512,584,1785153462552611000,1785153462552611000,1785153462552611000,1785153462552612000,1785153462552675000,1785153462552677000,1785153462552677000,1785153462552677000,121932490,121652369,-217.121,0.000,0.000,1.000,2.000,0.000,0.000,114.000,0,0,0
B3_zmq_pushpull,zmq_tcp,none,none,,1,26093,512,584,1785153462553612000,1785153462553612000,1785153462553612000,1785153462553613000,1785153462553696000,1785153462553699000,1785153462553699000,1785153462553699000,121932490,121652369,-197.121,0.000,0.000,1.000,3.000,0.000,0.000,20.000,0,0,0
B3_zmq_pushpull,zmq_tcp,none,none,,1,26094,512,584,1785153462554607000,1785153462554607000,1785153462554607000,1785153462554608000,1785153462554709000,1785153462554712000,1785153462554712000,1785153462554712000,121932490,121652369,-179.121,0.000,0.000,1.000,3.000,0.000,0.000,18.000,0,0,0
B3_zmq_pushpull,zmq_tcp,none,none,,1,26095,512,584,1785153462555612000,1785153462555612000,1785153462555612000,1785153462555613000,1785153462555717000,1785153462555720000,1785153462555720000,1785153462555720000,121932490,121652369,-176.121,0.000,0.000,1.000,3.000,0.000,0.000,3.000,0,0,0
B3_zmq_pushpull,zmq_tcp,none,none,,1,26096,512,584,1785153462556611000,1785153462556611000,1785153462556611000,1785153462556612000,1785153462556718000,1785153462556721000,1785153462556721000,1785153462556721000,121932490,121652369,-174.121,0.000,0.000,1.000,3.000,0.000,0.000,2.000,0,0,0
B3_zmq_pushpull,zmq_tcp,none,none,,1,26097,512,584,1785153462557611000,1785153462557611000,1785153462557611000,1785153462557612000,1785153462557741000,1785153462557744000,1785153462557744000,1785153462557744000,121932490,121652369,-151.121,0.000,0.000,1.000,3.000,0.000,0.000,23.000,0,0,0
B3_zmq_pushpull,zmq_tcp,none,none,,1,26098,512,584,1785153462558609000,1785153462558609000,1785153462558609000,1785153462558610000,1785153462558746000,1785153462558749000,1785153462558749000,1785153462558749000,121932490,121652369,-144.121,0.000,0.000,1.000,3.000,0.000,0.000,7.000,0,0,0
B3_zmq_pushpull,zmq_tcp,none,none,,1,26099,512,584,1785153462559611000,1785153462559611000,1785153462559611000,1785153462559612000,1785153462559764000,1785153462559766000,1785153462559766000,1785153462559767000,121932490,121652369,-128.121,0.000,0.000,1.000,2.000,0.000,1.000,16.000,0,0,0
B3_zmq_pushpull,zmq_tcp,none,none,,1,26100,512,584,1785153462560611000,1785153462560611000,1785153462560611000,1785153462560612000,1785153462560762000,1785153462560766000,1785153462560766000,1785153462560766000,121932490,121652369,-130.121,0.000,0.000,1.000,4.000,0.000,0.000,2.000,0,0,0
B3_zmq_pushpull,zmq_tcp,none,none,,1,26101,512,584,1785153462561611000,1785153462561611000,1785153462561611000,1785153462561612000,1785153462561777000,1785153462561781000,1785153462561781000,1785153462561781000,121932490,121652369,-115.121,0.000,0.000,1.000,4.000,0.000,0.000,15.000,0,0,0
B3_zmq_pushpull,zmq_tcp,none,none,,1,26102,512,584,1785153462562610000,1785153462562610000,1785153462562610000,1785153462562611000,1785153462562778000,1785153462562781000,1785153462562781000,1785153462562781000,121932490,121652369,-113.121,0.000,0.000,1.000,3.000,0.000,0.000,2.000,0,0,0
B3_zmq_pushpull,zmq_tcp,none,none,,1,26103,512,584,1785153462563611000,1785153462563611000,1785153462563611000,1785153462563612000,1785153462563788000,1785153462563790000,1785153462563790000,1785153462563790000,121932490,121652369,-104.121,0.000,0.000,1.000,2.000,0.000,0.000,9.000,0,0,0
B3_zmq_pushpull,zmq_tcp,none,none,,1,26104,512,584,1785153462564611000,1785153462564611000,1785153462564611000,1785153462564612000,1785153462564664000,1785153462564668000,1785153462564668000,1785153462564668000,121932490,121652369,-228.121,0.000,0.000,1.000,4.000,0.000,0.000,124.000,0,0,0
B3_zmq_pushpull,zmq_tcp,none,none,,1,26105,512,584,1785153462565518000,1785153462565518000,1785153462565518000,1785153462565519000,1785153462565679000,1785153462565682000,1785153462565682000,1785153462565682000,121932490,121652369,-120.121,0.000,0.000,1.000,3.000,0.000,0.000,108.000,0,0,0
B3_zmq_pushpull,zmq_tcp,none,none,,1,26106,512,584,1785153462566634000,1785153462566634000,1785153462566634000,1785153462566635000,1785153462566816000,1785153462566819000,1785153462566819000,1785153462566819000,121932490,121652369,-99.121,0.000,0.000,1.000,3.000,0.000,0.000,21.000,0,0,0
B3_zmq_pushpull,zmq_tcp,none,none,,1,26107,512,584,1785153462567540000,1785153462567540000,1785153462567540000,1785153462567541000,1785153462567684000,1785153462567687000,1785153462567687000,1785153462567687000,121932490,121652369,-137.121,0.000,0.000,1.000,3.000,0.000,0.000,38.000,0,0,0
B3_zmq_pushpull,zmq_tcp,none,none,,1,26108,512,584,1785153462568529000,1785153462568529000,1785153462568529000,1785153462568530000,1785153462568687000,1785153462568689000,1785153462568689000,1785153462568689000,121932490,121652369,-123.121,0.000,0.000,1.000,2.000,0.000,0.000,14.000,0,0,0
B3_zmq_pushpull,zmq_tcp,none,none,,1,26109,512,584,1785153462569629000,1785153462569629000,1785153462569629000,1785153462569630000,1785153462569694000,1785153462569697000,1785153462569697000,1785153462569697000,121932490,121652369,-216.121,0.000,0.000,1.000,3.000,0.000,0.000,93.000,0,0,0
B3_zmq_pushpull,zmq_tcp,none,none,,1,26110,512,584,1785153462570607000,1785153462570607000,1785153462570607000,1785153462570608000,1785153462570701000,1785153462570705000,1785153462570705000,1785153462570705000,121932490,121652369,-187.121,0.000,0.000,1.000,4.000,0.000,0.000,29.000,0,0,0
B3_zmq_pushpull,zmq_tcp,none,none,,1,26111,512,584,1785153462571612000,1785153462571612000,1785153462571612000,1785153462571613000,1785153462571729000,1785153462571732000,1785153462571732000,1785153462571732000,121932490,121652369,-164.121,0.000,0.000,1.000,3.000,0.000,0.000,23.000,0,0,0
B3_zmq_pushpull,zmq_tcp,none,none,,1,26112,512,584,1785153462572607000,1785153462572607000,1785153462572607000,1785153462572608000,1785153462572729000,1785153462572732000,1785153462572732000,1785153462572732000,121932490,121652369,-159.121,0.000,0.000,1.000,3.000,0.000,0.000,5.000,0,0,0
B3_zmq_pushpull,zmq_tcp,none,none,,1,26113,512,584,1785153462573613000,1785153462573613000,1785153462573613000,1785153462573614000,1785153462573747000,1785153462573749000,1785153462573749000,1785153462573749000,121932490,121652369,-147.121,0.000,0.000,1.000,2.000,0.000,0.000,12.000,0,0,0
B3_zmq_pushpull,zmq_tcp,none,none,,1,26114,512,584,1785153462574611000,1785153462574611000,1785153462574611000,1785153462574612000,1785153462574750000,1785153462574754000,1785153462574754000,1785153462574754000,121932490,121652369,-142.121,0.000,0.000,1.000,4.000,0.000,0.000,5.000,0,0,0
B3_zmq_pushpull,zmq_tcp,none,none,,1,26115,512,584,1785153462575611000,1785153462575611000,1785153462575611000,1785153462575612000,1785153462575759000,1785153462575761000,1785153462575761000,1785153462575761000,121932490,121652369,-133.121,0.000,0.000,1.000,2.000,0.000,0.000,9.000,0,0,0
B3_zmq_pushpull,zmq_tcp,none,none,,1,26116,512,584,1785153462576476000,1785153462576476000,1785153462576476000,1785153462576477000,1785153462576635000,1785153462576637000,1785153462576637000,1785153462576637000,121932490,121652369,-122.121,0.000,0.000,1.000,2.000,0.000,0.000,11.000,0,0,0
B3_zmq_pushpull,zmq_tcp,none,none,,1,26117,512,584,1785153462577644000,1785153462577644000,1785153462577644000,1785153462577645000,1785153462577781000,1785153462577784000,1785153462577784000,1785153462577784000,121932490,121652369,-144.121,0.000,0.000,1.000,3.000,0.000,0.000,22.000,0,0,0
B3_zmq_pushpull,zmq_tcp,none,none,,1,26118,512,584,1785153462578606000,1785153462578606000,1785153462578606000,1785153462578607000,1785153462578791000,1785153462578793000,1785153462578793000,1785153462578793000,121932490,121652369,-96.121,0.000,0.000,1.000,2.000,0.000,0.000,48.000,0,0,0
B3_zmq_pushpull,zmq_tcp,none,none,,1,26119,512,584,1785153462579507000,1785153462579507000,1785153462579507000,1785153462579508000,1785153462579647000,1785153462579649000,1785153462579649000,1785153462579649000,121932490,121652369,-141.121,0.000,0.000,1.000,2.000,0.000,0.000,45.000,0,0,0
B3_zmq_pushpull,zmq_tcp,none,none,,1,26120,512,584,1785153462580635000,1785153462580636000,1785153462580636000,1785153462580637000,1785153462580795000,1785153462580797000,1785153462580797000,1785153462580797000,121932490,121652369,-122.121,1.000,0.000,1.000,2.000,0.000,0.000,19.000,0,0,0
B3_zmq_pushpull,zmq_tcp,none,none,,1,26121,512,584,1785153462581606000,1785153462581606000,1785153462581606000,1785153462581607000,1785153462581656000,1785153462581659000,1785153462581659000,1785153462581659000,121932490,121652369,-231.121,0.000,0.000,1.000,3.000,0.000,0.000,109.000,0,0,0
B3_zmq_pushpull,zmq_tcp,none,none,,1,26122,512,584,1785153462582613000,1785153462582613000,1785153462582613000,1785153462582614000,1785153462582677000,1785153462582681000,1785153462582681000,1785153462582681000,121932490,121652369,-217.121,0.000,0.000,1.000,4.000,0.000,0.000,14.000,0,0,0
B3_zmq_pushpull,zmq_tcp,none,none,,1,26123,512,584,1785153462583607000,1785153462583607000,1785153462583607000,1785153462583608000,1785153462583691000,1785153462583693000,1785153462583693000,1785153462583693000,121932490,121652369,-197.121,0.000,0.000,1.000,2.000,0.000,0.000,20.000,0,0,0
B3_zmq_pushpull,zmq_tcp,none,none,,1,26124,512,584,1785153462584614000,1785153462584614000,1785153462584614000,1785153462584615000,1785153462584699000,1785153462584706000,1785153462584706000,1785153462584706000,121932490,121652369,-196.121,0.000,0.000,1.000,7.000,0.000,0.000,1.000,0,0,0
B3_zmq_pushpull,zmq_tcp,none,none,,1,26125,512,584,1785153462585611000,1785153462585611000,1785153462585611000,1785153462585612000,1785153462585725000,1785153462585728000,1785153462585728000,1785153462585728000,121932490,121652369,-167.121,0.000,0.000,1.000,3.000,0.000,0.000,29.000,0,0,0
B3_zmq_pushpull,zmq_tcp,none,none,,1,26126,512,584,1785153462586611000,1785153462586611000,1785153462586611000,1785153462586612000,1785153462586725000,1785153462586728000,1785153462586728000,1785153462586728000,121932490,121652369,-167.121,0.000,0.000,1.000,3.000,0.000,0.000,0.000,0,0,0
B3_zmq_pushpull,zmq_tcp,none,none,,1,26127,512,584,1785153462587609000,1785153462587609000,1785153462587610000,1785153462587611000,1785153462587748000,1785153462587751000,1785153462587751000,1785153462587751000,121932490,121652369,-143.121,0.000,1.000,1.000,3.000,0.000,0.000,24.000,0,0,0
B3_zmq_pushpull,zmq_tcp,none,none,,1,26128,512,584,1785153462588611000,1785153462588611000,1785153462588611000,1785153462588612000,1785153462588743000,1785153462588746000,1785153462588746000,1785153462588746000,121932490,121652369,-149.121,0.000,0.000,1.000,3.000,0.000,0.000,6.000,0,0,0
B3_zmq_pushpull,zmq_tcp,none,none,,1,26129,512,584,1785153462589611000,1785153462589611000,1785153462589611000,1785153462589612000,1785153462589745000,1785153462589748000,1785153462589748000,1785153462589748000,121932490,121652369,-147.121,0.000,0.000,1.000,3.000,0.000,0.000,2.000,0,0,0
B3_zmq_pushpull,zmq_tcp,none,none,,1,26130,512,584,1785153462590611000,1785153462590611000,1785153462590611000,1785153462590612000,1785153462590752000,1785153462590755000,1785153462590755000,1785153462590755000,121932490,121652369,-140.121,0.000,0.000,1.000,3.000,0.000,0.000,7.000,0,0,0
B3_zmq_pushpull,zmq_tcp,none,none,,1,26131,512,584,1785153462591479000,1785153462591479000,1785153462591479000,1785153462591480000,1785153462591620000,1785153462591623000,1785153462591623000,1785153462591623000,121932490,121652369,-140.121,0.000,0.000,1.000,3.000,0.000,0.000,0.000,0,0,0
B3_zmq_pushpull,zmq_tcp,none,none,,1,26132,512,584,1785153462592482000,1785153462592482000,1785153462592482000,1785153462592483000,1785153462592630000,1785153462592634000,1785153462592634000,1785153462592634000,121932490,121652369,-133.121,0.000,0.000,1.000,4.000,0.000,0.000,7.000,0,0,0
B3_zmq_pushpull,zmq_tcp,none,none,,1,26133,512,584,1785153462593646000,1785153462593646000,1785153462593646000,1785153462593647000,1785153462593788000,1785153462593791000,1785153462593791000,1785153462593791000,121932490,121652369,-139.121,0.000,0.000,1.000,3.000,0.000,0.000,6.000,0,0,0
B3_zmq_pushpull,zmq_tcp,none,none,,1,26134,512,584,1785153462594604000,1785153462594604000,1785153462594604000,1785153462594605000,1785153462594799000,1785153462594801000,1785153462594801000,1785153462594801000,121932490,121652369,-86.121,0.000,0.000,1.000,2.000,0.000,0.000,53.000,0,0,0
B3_zmq_pushpull,zmq_tcp,none,none,,1,26135,512,584,1785153462595510000,1785153462595510000,1785153462595510000,1785153462595511000,1785153462595656000,1785153462595659000,1785153462595659000,1785153462595659000,121932490,121652369,-135.121,0.000,0.000,1.000,3.000,0.000,0.000,49.000,0,0,0
B3_zmq_pushpull,zmq_tcp,none,none,,1,26136,512,584,1785153462596638000,1785153462596638000,1785153462596638000,1785153462596639000,1785153462596808000,1785153462596811000,1785153462596811000,1785153462596811000,121932490,121652369,-111.121,0.000,0.000,1.000,3.000,0.000,0.000,24.000,0,0,0
B3_zmq_pushpull,zmq_tcp,none,none,,1,26137,512,584,1785153462597605000,1785153462597605000,1785153462597605000,1785153462597606000,1785153462597665000,1785153462597669000,1785153462597669000,1785153462597669000,121932490,121652369,-221.121,0.000,0.000,1.000,4.000,0.000,0.000,110.000,0,0,0
B3_zmq_pushpull,zmq_tcp,none,none,,1,26138,512,584,1785153462598615000,1785153462598615000,1785153462598615000,1785153462598616000,1785153462598677000,1785153462598680000,1785153462598680000,1785153462598680000,121932490,121652369,-219.121,0.000,0.000,1.000,3.000,0.000,0.000,2.000,0,0,0
B3_zmq_pushpull,zmq_tcp,none,none,,1,26139,512,584,1785153462599610000,1785153462599610000,1785153462599610000,1785153462599611000,1785153462599699000,1785153462599702000,1785153462599702000,1785153462599702000,121932490,121652369,-192.121,0.000,0.000,1.000,3.000,0.000,0.000,27.000,0,0,0
B3_zmq_pushpull,zmq_tcp,none,none,,1,26140,512,584,1785153462600614000,1785153462600614000,1785153462600614000,1785153462600615000,1785153462600705000,1785153462600708000,1785153462600708000,1785153462600708000,121932490,121652369,-190.121,0.000,0.000,1.000,3.000,0.000,0.000,2.000,0,0,0
B3_zmq_pushpull,zmq_tcp,none,none,,1,26141,512,584,1785153462601607000,1785153462601607000,1785153462601607000,1785153462601608000,1785153462601721000,1785153462601724000,1785153462601724000,1785153462601724000,121932490,121652369,-167.121,0.000,0.000,1.000,3.000,0.000,0.000,23.000,0,0,0
B3_zmq_pushpull,zmq_tcp,none,none,,1,26142,512,584,1785153462602612000,1785153462602612000,1785153462602613000,1785153462602613000,1785153462602732000,1785153462602735000,1785153462602735000,1785153462602735000,121932490,121652369,-161.121,0.000,1.000,0.000,3.000,0.000,0.000,6.000,0,0,0
B3_zmq_pushpull,zmq_tcp,none,none,,1,26143,512,584,1785153462603611000,1785153462603611000,1785153462603611000,1785153462603612000,1785153462603715000,1785153462603717000,1785153462603717000,1785153462603717000,121932490,121652369,-177.121,0.000,0.000,1.000,2.000,0.000,0.000,16.000,0,0,0
B3_zmq_pushpull,zmq_tcp,none,none,,1,26144,512,584,1785153462604611000,1785153462604611000,1785153462604611000,1785153462604612000,1785153462604713000,1785153462604716000,1785153462604716000,1785153462604716000,121932490,121652369,-179.121,0.000,0.000,1.000,3.000,0.000,0.000,2.000,0,0,0
B3_zmq_pushpull,zmq_tcp,none,none,,1,26145,512,584,1785153462605608000,1785153462605608000,1785153462605608000,1785153462605609000,1785153462605717000,1785153462605720000,1785153462605720000,1785153462605720000,121932490,121652369,-172.121,0.000,0.000,1.000,3.000,0.000,0.000,7.000,0,0,0
B3_zmq_pushpull,zmq_tcp,none,none,,1,26146,512,584,1785153462606613000,1785153462606613000,1785153462606614000,1785153462606614000,1785153462606727000,1785153462606730000,1785153462606730000,1785153462606730000,121932490,121652369,-167.121,0.000,1.000,0.000,3.000,0.000,0.000,5.000,0,0,0
B3_zmq_pushpull,zmq_tcp,none,none,,1,26147,512,584,1785153462607422000,1785153462607422000,1785153462607422000,1785153462607424000,1785153462607583000,1785153462607585000,1785153462607585000,1785153462607585000,121932490,121652369,-121.121,0.000,0.000,2.000,2.000,0.000,0.000,46.000,0,0,0
B3_zmq_pushpull,zmq_tcp,none,none,,1,26148,512,584,1785153462608661000,1785153462608661000,1785153462608661000,1785153462608662000,1785153462608732000,1785153462608735000,1785153462608735000,1785153462608735000,121932490,121652369,-210.121,0.000,0.000,1.000,3.000,0.000,0.000,89.000,0,0,0
B3_zmq_pushpull,zmq_tcp,none,none,,1,26149,512,584,1785153462609598000,1785153462609598000,1785153462609598000,1785153462609599000,1785153462609753000,1785153462609757000,1785153462609757000,1785153462609757000,121932490,121652369,-126.121,0.000,0.000,1.000,4.000,0.000,0.000,84.000,0,0,0
B3_zmq_pushpull,zmq_tcp,none,none,,1,26150,512,584,1785153462610436000,1785153462610436000,1785153462610436000,1785153462610437000,1785153462610592000,1785153462610595000,1785153462610595000,1785153462610595000,121932490,121652369,-125.121,0.000,0.000,1.000,3.000,0.000,0.000,1.000,0,0,0
B3_zmq_pushpull,zmq_tcp,none,none,,1,26151,512,584,1785153462611655000,1785153462611655000,1785153462611655000,1785153462611656000,1785153462611715000,1785153462611717000,1785153462611717000,1785153462611717000,121932490,121652369,-221.121,0.000,0.000,1.000,2.000,0.000,0.000,96.000,0,0,0
B3_zmq_pushpull,zmq_tcp,none,none,,1,26152,512,584,1785153462612602000,1785153462612602000,1785153462612602000,1785153462612603000,1785153462612702000,1785153462612704000,1785153462612704000,1785153462612704000,121932490,121652369,-181.121,0.000,0.000,1.000,2.000,0.000,0.000,40.000,0,0,0
B3_zmq_pushpull,zmq_tcp,none,none,,1,26153,512,584,1785153462613609000,1785153462613609000,1785153462613609000,1785153462613610000,1785153462613687000,1785153462613690000,1785153462613690000,1785153462613690000,121932490,121652369,-203.121,0.000,0.000,1.000,3.000,0.000,0.000,22.000,0,0,0
B3_zmq_pushpull,zmq_tcp,none,none,,1,26154,512,584,1785153462614612000,1785153462614612000,1785153462614612000,1785153462614613000,1785153462614657000,1785153462614661000,1785153462614661000,1785153462614661000,121932490,121652369,-236.121,0.000,0.000,1.000,4.000,0.000,0.000,33.000,0,0,0
B3_zmq_pushpull,zmq_tcp,none,none,,1,26155,512,584,1785153462615610000,1785153462615610000,1785153462615610000,1785153462615611000,1785153462615807000,1785153462615810000,1785153462615810000,1785153462615810000,121932490,121652369,-84.121,0.000,0.000,1.000,3.000,0.000,0.000,152.000,0,0,0
B3_zmq_pushpull,zmq_tcp,none,none,,1,26156,512,584,1785153462616487000,1785153462616487000,1785153462616487000,1785153462616488000,1785153462616639000,1785153462616642000,1785153462616642000,1785153462616642000,121932490,121652369,-129.121,0.000,0.000,1.000,3.000,0.000,0.000,45.000,0,0,0
B3_zmq_pushpull,zmq_tcp,none,none,,1,26157,512,584,1785153462617466000,1785153462617466000,1785153462617466000,1785153462617467000,1785153462617619000,1785153462617622000,1785153462617622000,1785153462617622000,121932490,121652369,-128.121,0.000,0.000,1.000,3.000,0.000,0.000,1.000,0,0,0
B3_zmq_pushpull,zmq_tcp,none,none,,1,26158,512,584,1785153462618456000,1785153462618456000,1785153462618456000,1785153462618458000,1785153462618610000,1785153462618613000,1785153462618613000,1785153462618613000,121932490,121652369,-128.121,0.000,0.000,2.000,3.000,0.000,0.000,0.000,0,0,0
B3_zmq_pushpull,zmq_tcp,none,none,,1,26159,512,584,1785153462619450000,1785153462619450000,1785153462619450000,1785153462619451000,1785153462619596000,1785153462619599000,1785153462619599000,1785153462619599000,121932490,121652369,-135.121,0.000,0.000,1.000,3.000,0.000,0.000,7.000,0,0,0
B3_zmq_pushpull,zmq_tcp,none,none,,1,26160,512,584,1785153462620437000,1785153462620438000,1785153462620438000,1785153462620439000,1785153462620595000,1785153462620598000,1785153462620598000,1785153462620598000,121932490,121652369,-124.121,1.000,0.000,1.000,3.000,0.000,0.000,11.000,0,0,0
B3_zmq_pushpull,zmq_tcp,none,none,,1,26161,512,584,1785153462621655000,1785153462621655000,1785153462621655000,1785153462621656000,1785153462621717000,1785153462621720000,1785153462621720000,1785153462621720000,121932490,121652369,-219.121,0.000,0.000,1.000,3.000,0.000,0.000,95.000,0,0,0
B3_zmq_pushpull,zmq_tcp,none,none,,1,26162,512,584,1785153462622420000,1785153462622420000,1785153462622420000,1785153462622421000,1785153462622564000,1785153462622567000,1785153462622567000,1785153462622567000,121932490,121652369,-137.121,0.000,0.000,1.000,3.000,0.000,0.000,82.000,0,0,0
B3_zmq_pushpull,zmq_tcp,none,none,,1,26163,512,584,1785153462623423000,1785153462623423000,1785153462623423000,1785153462623424000,1785153462623566000,1785153462623569000,1785153462623569000,1785153462623569000,121932490,121652369,-138.121,0.000,0.000,1.000,3.000,0.000,0.000,1.000,0,0,0
B3_zmq_pushpull,zmq_tcp,none,none,,1,26164,512,584,1785153462624658000,1785153462624658000,1785153462624658000,1785153462624659000,1785153462624822000,1785153462624825000,1785153462624825000,1785153462624825000,121932490,121652369,-117.121,0.000,0.000,1.000,3.000,0.000,0.000,21.000,0,0,0
B3_zmq_pushpull,zmq_tcp,none,none,,1,26165,512,584,1785153462625599000,1785153462625599000,1785153462625599000,1785153462625600000,1785153462625661000,1785153462625664000,1785153462625664000,1785153462625664000,121932490,121652369,-219.121,0.000,0.000,1.000,3.000,0.000,0.000,102.000,0,0,0
B3_zmq_pushpull,zmq_tcp,none,none,,1,26166,512,584,1785153462626615000,1785153462626615000,1785153462626615000,1785153462626616000,1785153462626791000,1785153462626794000,1785153462626794000,1785153462626794000,121932490,121652369,-105.121,0.000,0.000,1.000,3.000,0.000,0.000,114.000,0,0,0
B3_zmq_pushpull,zmq_tcp,none,none,,1,26167,512,584,1785153462627473000,1785153462627473000,1785153462627473000,1785153462627474000,1785153462627621000,1785153462627623000,1785153462627623000,1785153462627623000,121932490,121652369,-133.121,0.000,0.000,1.000,2.000,0.000,0.000,28.000,0,0,0
B3_zmq_pushpull,zmq_tcp,none,none,,1,26168,512,584,1785153462628647000,1785153462628647000,1785153462628647000,1785153462628648000,1785153462628747000,1785153462628750000,1785153462628750000,1785153462628750000,121932490,121652369,-181.121,0.000,0.000,1.000,3.000,0.000,0.000,48.000,0,0,0
B3_zmq_pushpull,zmq_tcp,none,none,,1,26169,512,584,1785153462629602000,1785153462629603000,1785153462629603000,1785153462629604000,1785153462629745000,1785153462629748000,1785153462629748000,1785153462629748000,121932490,121652369,-139.121,1.000,0.000,1.000,3.000,0.000,0.000,42.000,0,0,0
B3_zmq_pushpull,zmq_tcp,none,none,,1,26170,512,584,1785153462630613000,1785153462630613000,1785153462630613000,1785153462630614000,1785153462630724000,1785153462630727000,1785153462630727000,1785153462630727000,121932490,121652369,-170.121,0.000,0.000,1.000,3.000,0.000,0.000,31.000,0,0,0
B3_zmq_pushpull,zmq_tcp,none,none,,1,26171,512,584,1785153462631606000,1785153462631606000,1785153462631606000,1785153462631607000,1785153462631699000,1785153462631702000,1785153462631702000,1785153462631702000,121932490,121652369,-188.121,0.000,0.000,1.000,3.000,0.000,0.000,18.000,0,0,0
B3_zmq_pushpull,zmq_tcp,none,none,,1,26172,512,584,1785153462632611000,1785153462632611000,1785153462632612000,1785153462632612000,1785153462632692000,1785153462632696000,1785153462632696000,1785153462632696000,121932490,121652369,-200.121,0.000,1.000,0.000,4.000,0.000,0.000,12.000,0,0,0
B3_zmq_pushpull,zmq_tcp,none,none,,1,26173,512,584,1785153462633611000,1785153462633611000,1785153462633611000,1785153462633612000,1785153462633703000,1785153462633706000,1785153462633706000,1785153462633706000,121932490,121652369,-189.121,0.000,0.000,1.000,3.000,0.000,0.000,11.000,0,0,0
B3_zmq_pushpull,zmq_tcp,none,none,,1,26174,512,584,1785153462634612000,1785153462634612000,1785153462634612000,1785153462634613000,1785153462634711000,1785153462634714000,1785153462634714000,1785153462634714000,121932490,121652369,-182.121,0.000,0.000,1.000,3.000,0.000,0.000,7.000,0,0,0
B3_zmq_pushpull,zmq_tcp,none,none,,1,26175,512,584,1785153462635606000,1785153462635606000,1785153462635606000,1785153462635607000,1785153462635711000,1785153462635714000,1785153462635714000,1785153462635714000,121932490,121652369,-176.121,0.000,0.000,1.000,3.000,0.000,0.000,6.000,0,0,0
B3_zmq_pushpull,zmq_tcp,none,none,,1,26176,512,584,1785153462636613000,1785153462636613000,1785153462636613000,1785153462636614000,1785153462636708000,1785153462636711000,1785153462636711000,1785153462636711000,121932490,121652369,-186.121,0.000,0.000,1.000,3.000,0.000,0.000,10.000,0,0,0
B3_zmq_pushpull,zmq_tcp,none,none,,1,26177,512,584,1785153462637609000,1785153462637609000,1785153462637609000,1785153462637610000,1785153462637671000,1785153462637674000,1785153462637674000,1785153462637674000,121932490,121652369,-219.121,0.000,0.000,1.000,3.000,0.000,0.000,33.000,0,0,0
B3_zmq_pushpull,zmq_tcp,none,none,,1,26178,512,584,1785153462638611000,1785153462638611000,1785153462638612000,1785153462638613000,1785153462638794000,1785153462638796000,1785153462638796000,1785153462638796000,121932490,121652369,-99.121,0.000,1.000,1.000,2.000,0.000,0.000,120.000,0,0,0
B3_zmq_pushpull,zmq_tcp,none,none,,1,26179,512,584,1785153462639607000,1785153462639607000,1785153462639607000,1785153462639608000,1785153462639760000,1785153462639763000,1785153462639763000,1785153462639763000,121932490,121652369,-128.121,0.000,0.000,1.000,3.000,0.000,0.000,29.000,0,0,0
B3_zmq_pushpull,zmq_tcp,none,none,,1,26180,512,584,1785153462640612000,1785153462640612000,1785153462640612000,1785153462640613000,1785153462640772000,1785153462640775000,1785153462640775000,1785153462640775000,121932490,121652369,-121.121,0.000,0.000,1.000,3.000,0.000,0.000,7.000,0,0,0
B3_zmq_pushpull,zmq_tcp,none,none,,1,26181,512,584,1785153462641610000,1785153462641610000,1785153462641610000,1785153462641611000,1785153462641754000,1785153462641756000,1785153462641756000,1785153462641756000,121932490,121652369,-137.121,0.000,0.000,1.000,2.000,0.000,0.000,16.000,0,0,0
B3_zmq_pushpull,zmq_tcp,none,none,,1,26182,512,584,1785153462642612000,1785153462642612000,1785153462642612000,1785153462642613000,1785153462642742000,1785153462642744000,1785153462642744000,1785153462642744000,121932490,121652369,-151.121,0.000,0.000,1.000,2.000,0.000,0.000,14.000,0,0,0
B3_zmq_pushpull,zmq_tcp,none,none,,1,26183,512,584,1785153462643610000,1785153462643610000,1785153462643610000,1785153462643611000,1785153462643739000,1785153462643742000,1785153462643742000,1785153462643742000,121932490,121652369,-152.121,0.000,0.000,1.000,3.000,0.000,0.000,1.000,0,0,0
B3_zmq_pushpull,zmq_tcp,none,none,,1,26184,512,584,1785153462644610000,1785153462644610000,1785153462644610000,1785153462644611000,1785153462644730000,1785153462644733000,1785153462644733000,1785153462644733000,121932490,121652369,-161.121,0.000,0.000,1.000,3.000,0.000,0.000,9.000,0,0,0
B3_zmq_pushpull,zmq_tcp,none,none,,1,26185,512,584,1785153462645610000,1785153462645610000,1785153462645610000,1785153462645611000,1785153462645708000,1785153462645711000,1785153462645711000,1785153462645711000,121932490,121652369,-183.121,0.000,0.000,1.000,3.000,0.000,0.000,22.000,0,0,0
B3_zmq_pushpull,zmq_tcp,none,none,,1,26186,512,584,1785153462646610000,1785153462646610000,1785153462646610000,1785153462646611000,1785153462646698000,1785153462646701000,1785153462646701000,1785153462646701000,121932490,121652369,-193.121,0.000,0.000,1.000,3.000,0.000,0.000,10.000,0,0,0
B3_zmq_pushpull,zmq_tcp,none,none,,1,26187,512,584,1785153462647607000,1785153462647608000,1785153462647608000,1785153462647609000,1785153462647698000,1785153462647700000,1785153462647700000,1785153462647700000,121932490,121652369,-191.121,1.000,0.000,1.000,2.000,0.000,0.000,2.000,0,0,0
B3_zmq_pushpull,zmq_tcp,none,none,,1,26188,512,584,1785153462648614000,1785153462648614000,1785153462648614000,1785153462648615000,1785153462648689000,1785153462648692000,1785153462648692000,1785153462648692000,121932490,121652369,-206.121,0.000,0.000,1.000,3.000,0.000,0.000,15.000,0,0,0
B3_zmq_pushpull,zmq_tcp,none,none,,1,26189,512,584,1785153462649610000,1785153462649610000,1785153462649610000,1785153462649611000,1785153462649682000,1785153462649685000,1785153462649685000,1785153462649685000,121932490,121652369,-209.121,0.000,0.000,1.000,3.000,0.000,0.000,3.000,0,0,0
B3_zmq_pushpull,zmq_tcp,none,none,,1,26190,512,584,1785153462650611000,1785153462650611000,1785153462650611000,1785153462650612000,1785153462650670000,1785153462650674000,1785153462650674000,1785153462650674000,121932490,121652369,-222.121,0.000,0.000,1.000,4.000,0.000,0.000,13.000,0,0,0
B3_zmq_pushpull,zmq_tcp,none,none,,1,26191,512,584,1785153462651502000,1785153462651502000,1785153462651502000,1785153462651503000,1785153462651644000,1785153462651647000,1785153462651647000,1785153462651648000,121932490,121652369,-139.121,0.000,0.000,1.000,3.000,0.000,1.000,83.000,0,0,0
B3_zmq_pushpull,zmq_tcp,none,none,,1,26192,512,584,1785153462652638000,1785153462652638000,1785153462652638000,1785153462652639000,1785153462652752000,1785153462652755000,1785153462652755000,1785153462652755000,121932490,121652369,-167.121,0.000,0.000,1.000,3.000,0.000,0.000,28.000,0,0,0
B3_zmq_pushpull,zmq_tcp,none,none,,1,26193,512,584,1785153462653601000,1785153462653601000,1785153462653601000,1785153462653602000,1785153462653740000,1785153462653743000,1785153462653743000,1785153462653743000,121932490,121652369,-142.121,0.000,0.000,1.000,3.000,0.000,0.000,25.000,0,0,0
B3_zmq_pushpull,zmq_tcp,none,none,,1,26194,512,584,1785153462654445000,1785153462654445000,1785153462654445000,1785153462654446000,1785153462654596000,1785153462654599000,1785153462654599000,1785153462654599000,121932490,121652369,-130.121,0.000,0.000,1.000,3.000,0.000,0.000,12.000,0,0,0
B3_zmq_pushpull,zmq_tcp,none,none,,1,26195,512,584,1785153462655651000,1785153462655651000,1785153462655652000,1785153462655652000,1785153462655723000,1785153462655726000,1785153462655726000,1785153462655726000,121932490,121652369,-209.121,0.000,1.000,0.000,3.000,0.000,0.000,79.000,0,0,0
B3_zmq_pushpull,zmq_tcp,none,none,,1,26196,512,584,1785153462656599000,1785153462656599000,1785153462656599000,1785153462656600000,1785153462656715000,1785153462656718000,1785153462656718000,1785153462656718000,121932490,121652369,-165.121,0.000,0.000,1.000,3.000,0.000,0.000,44.000,0,0,0
B3_zmq_pushpull,zmq_tcp,none,none,,1,26197,512,584,1785153462657613000,1785153462657613000,1785153462657613000,1785153462657614000,1785153462657694000,1785153462657696000,1785153462657696000,1785153462657696000,121932490,121652369,-200.121,0.000,0.000,1.000,2.000,0.000,0.000,35.000,0,0,0
B3_zmq_pushpull,zmq_tcp,none,none,,1,26198,512,584,1785153462658610000,1785153462658610000,1785153462658610000,1785153462658611000,1785153462658679000,1785153462658682000,1785153462658682000,1785153462658682000,121932490,121652369,-212.121,0.000,0.000,1.000,3.000,0.000,0.000,12.000,0,0,0
B3_zmq_pushpull,zmq_tcp,none,none,,1,26199,512,584,1785153462659610000,1785153462659610000,1785153462659610000,1785153462659611000,1785153462659779000,1785153462659782000,1785153462659782000,1785153462659782000,121932490,121652369,-112.121,0.000,0.000,1.000,3.000,0.000,0.000,100.000,0,0,0
B3_zmq_pushpull,zmq_tcp,none,none,,1,26200,512,584,1785153462660607000,1785153462660608000,1785153462660608000,1785153462660609000,1785153462660739000,1785153462660742000,1785153462660742000,1785153462660742000,121932490,121652369,-150.121,1.000,0.000,1.000,3.000,0.000,0.000,38.000,0,0,0
B3_zmq_pushpull,zmq_tcp,none,none,,1,26201,512,584,1785153462661611000,1785153462661612000,1785153462661612000,1785153462661613000,1785153462661719000,1785153462661722000,1785153462661722000,1785153462661722000,121932490,121652369,-174.121,1.000,0.000,1.000,3.000,0.000,0.000,24.000,0,0,0
B3_zmq_pushpull,zmq_tcp,none,none,,1,26202,512,584,1785153462662612000,1785153462662613000,1785153462662613000,1785153462662614000,1785153462662727000,1785153462662730000,1785153462662730000,1785153462662730000,121932490,121652369,-167.121,1.000,0.000,1.000,3.000,0.000,0.000,7.000,0,0,0
B3_zmq_pushpull,zmq_tcp,none,none,,1,26203,512,584,1785153462663609000,1785153462663609000,1785153462663609000,1785153462663610000,1785153462663702000,1785153462663705000,1785153462663705000,1785153462663705000,121932490,121652369,-188.121,0.000,0.000,1.000,3.000,0.000,0.000,21.000,0,0,0
B3_zmq_pushpull,zmq_tcp,none,none,,1,26204,512,584,1785153462664613000,1785153462664613000,1785153462664613000,1785153462664614000,1785153462664686000,1785153462664688000,1785153462664688000,1785153462664688000,121932490,121652369,-208.121,0.000,0.000,1.000,2.000,0.000,0.000,20.000,0,0,0
B3_zmq_pushpull,zmq_tcp,none,none,,1,26205,512,584,1785153462665610000,1785153462665610000,1785153462665610000,1785153462665611000,1785153462665671000,1785153462665674000,1785153462665674000,1785153462665674000,121932490,121652369,-220.121,0.000,0.000,1.000,3.000,0.000,0.000,12.000,0,0,0
B3_zmq_pushpull,zmq_tcp,none,none,,1,26206,512,584,1785153462666610000,1785153462666610000,1785153462666610000,1785153462666611000,1785153462666773000,1785153462666775000,1785153462666775000,1785153462666775000,121932490,121652369,-118.121,0.000,0.000,1.000,2.000,0.000,0.000,102.000,0,0,0
B3_zmq_pushpull,zmq_tcp,none,none,,1,26207,512,584,1785153462667468000,1785153462667468000,1785153462667468000,1785153462667469000,1785153462667622000,1785153462667625000,1785153462667625000,1785153462667625000,121932490,121652369,-127.121,0.000,0.000,1.000,3.000,0.000,0.000,9.000,0,0,0
B3_zmq_pushpull,zmq_tcp,none,none,,1,26208,512,584,1785153462668464000,1785153462668464000,1785153462668464000,1785153462668465000,1785153462668622000,1785153462668625000,1785153462668625000,1785153462668625000,121932490,121652369,-123.121,0.000,0.000,1.000,3.000,0.000,0.000,4.000,0,0,0
B3_zmq_pushpull,zmq_tcp,none,none,,1,26209,512,584,1785153462669440000,1785153462669440000,1785153462669440000,1785153462669441000,1785153462669598000,1785153462669601000,1785153462669601000,1785153462669601000,121932490,121652369,-123.121,0.000,0.000,1.000,3.000,0.000,0.000,0.000,0,0,0
B3_zmq_pushpull,zmq_tcp,none,none,,1,26210,512,584,1785153462670443000,1785153462670443000,1785153462670443000,1785153462670444000,1785153462670599000,1785153462670602000,1785153462670602000,1785153462670602000,121932490,121652369,-125.121,0.000,0.000,1.000,3.000,0.000,0.000,2.000,0,0,0
B3_zmq_pushpull,zmq_tcp,none,none,,1,26211,512,584,1785153462671417000,1785153462671417000,1785153462671417000,1785153462671418000,1785153462671578000,1785153462671582000,1785153462671582000,1785153462671582000,121932490,121652369,-120.121,0.000,0.000,1.000,4.000,0.000,0.000,5.000,0,0,0
B3_zmq_pushpull,zmq_tcp,none,none,,1,26212,512,584,1785153462672660000,1785153462672660000,1785153462672660000,1785153462672661000,1785153462672704000,1785153462672709000,1785153462672709000,1785153462672709000,121932490,121652369,-237.121,0.000,0.000,1.000,5.000,0.000,0.000,117.000,0,0,0
B3_zmq_pushpull,zmq_tcp,none,none,,1,26213,512,584,1785153462673598000,1785153462673598000,1785153462673599000,1785153462673599000,1785153462673697000,1785153462673699000,1785153462673699000,1785153462673699000,121932490,121652369,-182.121,0.000,1.000,0.000,2.000,0.000,0.000,55.000,0,0,0
B3_zmq_pushpull,zmq_tcp,none,none,,1,26214,512,584,1785153462674614000,1785153462674614000,1785153462674614000,1785153462674615000,1785153462674668000,1785153462674671000,1785153462674671000,1785153462674671000,121932490,121652369,-227.121,0.000,0.000,1.000,3.000,0.000,0.000,45.000,0,0,0
B3_zmq_pushpull,zmq_tcp,none,none,,1,26215,512,584,1785153462675612000,1785153462675612000,1785153462675612000,1785153462675613000,1785153462675671000,1785153462675674000,1785153462675674000,1785153462675674000,121932490,121652369,-222.121,0.000,0.000,1.000,3.000,0.000,0.000,5.000,0,0,0
B3_zmq_pushpull,zmq_tcp,none,none,,1,26216,512,584,1785153462676610000,1785153462676610000,1785153462676611000,1785153462676611000,1785153462676685000,1785153462676687000,1785153462676688000,1785153462676688000,121932490,121652369,-206.121,0.000,1.000,0.000,2.000,1.000,0.000,16.000,0,0,0
B3_zmq_pushpull,zmq_tcp,none,none,,1,26217,512,584,1785153462677609000,1785153462677610000,1785153462677610000,1785153462677611000,1785153462677677000,1785153462677680000,1785153462677680000,1785153462677680000,121932490,121652369,-214.121,1.000,0.000,1.000,3.000,0.000,0.000,8.000,0,0,0
B3_zmq_pushpull,zmq_tcp,none,none,,1,26218,512,584,1785153462678610000,1785153462678610000,1785153462678610000,1785153462678611000,1785153462678785000,1785153462678787000,1785153462678787000,1785153462678787000,121932490,121652369,-106.121,0.000,0.000,1.000,2.000,0.000,0.000,108.000,0,0,0
B3_zmq_pushpull,zmq_tcp,none,none,,1,26219,512,584,1785153462679611000,1785153462679611000,1785153462679611000,1785153462679612000,1785153462679771000,1785153462679775000,1785153462679775000,1785153462679775000,121932490,121652369,-121.121,0.000,0.000,1.000,4.000,0.000,0.000,15.000,0,0,0
B3_zmq_pushpull,zmq_tcp,none,none,,1,26220,512,584,1785153462680610000,1785153462680610000,1785153462680610000,1785153462680611000,1785153462680738000,1785153462680741000,1785153462680741000,1785153462680741000,121932490,121652369,-153.121,0.000,0.000,1.000,3.000,0.000,0.000,32.000,0,0,0
B3_zmq_pushpull,zmq_tcp,none,none,,1,26221,512,584,1785153462681608000,1785153462681608000,1785153462681608000,1785153462681609000,1785153462681718000,1785153462681721000,1785153462681721000,1785153462681721000,121932490,121652369,-171.121,0.000,0.000,1.000,3.000,0.000,0.000,18.000,0,0,0
B3_zmq_pushpull,zmq_tcp,none,none,,1,26222,512,584,1785153462682421000,1785153462682422000,1785153462682422000,1785153462682423000,1785153462682569000,1785153462682572000,1785153462682572000,1785153462682572000,121932490,121652369,-134.121,1.000,0.000,1.000,3.000,0.000,0.000,37.000,0,0,0
B3_zmq_pushpull,zmq_tcp,none,none,,1,26223,512,584,1785153462683660000,1785153462683660000,1785153462683660000,1785153462683661000,1785153462683842000,1785153462683845000,1785153462683845000,1785153462683845000,121932490,121652369,-99.121,0.000,0.000,1.000,3.000,0.000,0.000,35.000,0,0,0
B3_zmq_pushpull,zmq_tcp,none,none,,1,26224,512,584,1785153462684526000,1785153462684526000,1785153462684526000,1785153462684527000,1785153462684683000,1785153462684686000,1785153462684686000,1785153462684686000,121932490,121652369,-124.121,0.000,0.000,1.000,3.000,0.000,0.000,25.000,0,0,0
B3_zmq_pushpull,zmq_tcp,none,none,,1,26225,512,584,1785153462685521000,1785153462685521000,1785153462685521000,1785153462685522000,1785153462685678000,1785153462685681000,1785153462685681000,1785153462685681000,121932490,121652369,-124.121,0.000,0.000,1.000,3.000,0.000,0.000,0.000,0,0,0
B3_zmq_pushpull,zmq_tcp,none,none,,1,26226,512,584,1785153462686516000,1785153462686516000,1785153462686516000,1785153462686517000,1785153462686669000,1785153462686672000,1785153462686672000,1785153462686672000,121932490,121652369,-128.121,0.000,0.000,1.000,3.000,0.000,0.000,4.000,0,0,0
B3_zmq_pushpull,zmq_tcp,none,none,,1,26227,512,584,1785153462687634000,1785153462687634000,1785153462687634000,1785153462687635000,1785153462687759000,1785153462687762000,1785153462687762000,1785153462687762000,121932490,121652369,-156.121,0.000,0.000,1.000,3.000,0.000,0.000,28.000,0,0,0
B3_zmq_pushpull,zmq_tcp,none,none,,1,26228,512,584,1785153462688604000,1785153462688604000,1785153462688604000,1785153462688605000,1785153462688751000,1785153462688754000,1785153462688754000,1785153462688754000,121932490,121652369,-134.121,0.000,0.000,1.000,3.000,0.000,0.000,22.000,0,0,0
B3_zmq_pushpull,zmq_tcp,none,none,,1,26229,512,584,1785153462689450000,1785153462689450000,1785153462689450000,1785153462689451000,1785153462689598000,1785153462689601000,1785153462689601000,1785153462689601000,121932490,121652369,-133.121,0.000,0.000,1.000,3.000,0.000,0.000,1.000,0,0,0
B3_zmq_pushpull,zmq_tcp,none,none,,1,26230,512,584,1785153462690650000,1785153462690651000,1785153462690651000,1785153462690652000,1785153462690720000,1785153462690722000,1785153462690722000,1785153462690722000,121932490,121652369,-212.121,1.000,0.000,1.000,2.000,0.000,0.000,79.000,0,0,0
B3_zmq_pushpull,zmq_tcp,none,none,,1,26231,512,584,1785153462691602000,1785153462691602000,1785153462691602000,1785153462691603000,1785153462691709000,1785153462691711000,1785153462691711000,1785153462691711000,121932490,121652369,-174.121,0.000,0.000,1.000,2.000,0.000,0.000,38.000,0,0,0
B3_zmq_pushpull,zmq_tcp,none,none,,1,26232,512,584,1785153462692613000,1785153462692613000,1785153462692613000,1785153462692614000,1785153462692707000,1785153462692710000,1785153462692710000,1785153462692710000,121932490,121652369,-187.121,0.000,0.000,1.000,3.000,0.000,0.000,13.000,0,0,0
B3_zmq_pushpull,zmq_tcp,none,none,,1,26233,512,584,1785153462693610000,1785153462693610000,1785153462693610000,1785153462693611000,1785153462693693000,1785153462693695000,1785153462693695000,1785153462693695000,121932490,121652369,-198.121,0.000,0.000,1.000,2.000,0.000,0.000,11.000,0,0,0
B3_zmq_pushpull,zmq_tcp,none,none,,1,26234,512,584,1785153462694610000,1785153462694610000,1785153462694610000,1785153462694611000,1785153462694677000,1785153462694679000,1785153462694679000,1785153462694679000,121932490,121652369,-214.121,0.000,0.000,1.000,2.000,0.000,0.000,16.000,0,0,0
B3_zmq_pushpull,zmq_tcp,none,none,,1,26235,512,584,1785153462695608000,1785153462695608000,1785153462695608000,1785153462695609000,1785153462695657000,1785153462695660000,1785153462695660000,1785153462695660000,121932490,121652369,-232.121,0.000,0.000,1.000,3.000,0.000,0.000,18.000,0,0,0
B3_zmq_pushpull,zmq_tcp,none,none,,1,26236,512,584,1785153462696617000,1785153462696617000,1785153462696617000,1785153462696618000,1785153462696801000,1785153462696803000,1785153462696803000,1785153462696803000,121932490,121652369,-97.121,0.000,0.000,1.000,2.000,0.000,0.000,135.000,0,0,0
B3_zmq_pushpull,zmq_tcp,none,none,,1,26237,512,584,1785153462697491000,1785153462697491000,1785153462697491000,1785153462697493000,1785153462697641000,1785153462697643000,1785153462697643000,1785153462697643000,121932490,121652369,-132.121,0.000,0.000,2.000,2.000,0.000,0.000,35.000,0,0,0
B3_zmq_pushpull,zmq_tcp,none,none,,1,26238,512,584,1785153462698640000,1785153462698640000,1785153462698640000,1785153462698641000,1785153462698774000,1785153462698777000,1785153462698777000,1785153462698777000,121932490,121652369,-147.121,0.000,0.000,1.000,3.000,0.000,0.000,15.000,0,0,0
B3_zmq_pushpull,zmq_tcp,none,none,,1,26239,512,584,1785153462699605000,1785153462699605000,1785153462699605000,1785153462699606000,1785153462699762000,1785153462699765000,1785153462699765000,1785153462699765000,121932490,121652369,-124.121,0.000,0.000,1.000,3.000,0.000,0.000,23.000,0,0,0
B3_zmq_pushpull,zmq_tcp,none,none,,1,26240,512,584,1785153462700612000,1785153462700612000,1785153462700612000,1785153462700613000,1785153462700744000,1785153462700747000,1785153462700747000,1785153462700747000,121932490,121652369,-149.121,0.000,0.000,1.000,3.000,0.000,0.000,25.000,0,0,0
B3_zmq_pushpull,zmq_tcp,none,none,,1,26241,512,584,1785153462701611000,1785153462701611000,1785153462701611000,1785153462701612000,1785153462701714000,1785153462701717000,1785153462701717000,1785153462701717000,121932490,121652369,-178.121,0.000,0.000,1.000,3.000,0.000,0.000,29.000,0,0,0
B3_zmq_pushpull,zmq_tcp,none,none,,1,26242,512,584,1785153462702612000,1785153462702612000,1785153462702612000,1785153462702613000,1785153462702673000,1785153462702676000,1785153462702676000,1785153462702676000,121932490,121652369,-220.121,0.000,0.000,1.000,3.000,0.000,0.000,42.000,0,0,0
B3_zmq_pushpull,zmq_tcp,none,none,,1,26243,512,584,1785153462703514000,1785153462703514000,1785153462703514000,1785153462703515000,1785153462703667000,1785153462703670000,1785153462703670000,1785153462703670000,121932490,121652369,-128.121,0.000,0.000,1.000,3.000,0.000,0.000,92.000,0,0,0
B3_zmq_pushpull,zmq_tcp,none,none,,1,26244,512,584,1785153462704477000,1785153462704478000,1785153462704478000,1785153462704479000,1785153462704620000,1785153462704623000,1785153462704623000,1785153462704623000,121932490,121652369,-139.121,1.000,0.000,1.000,3.000,0.000,0.000,11.000,0,0,0
B3_zmq_pushpull,zmq_tcp,none,none,,1,26245,512,584,1785153462705467000,1785153462705467000,1785153462705467000,1785153462705468000,1785153462705625000,1785153462705628000,1785153462705628000,1785153462705628000,121932490,121652369,-123.121,0.000,0.000,1.000,3.000,0.000,0.000,16.000,0,0,0
B3_zmq_pushpull,zmq_tcp,none,none,,1,26246,512,584,1785153462706646000,1785153462706646000,1785153462706646000,1785153462706647000,1785153462706740000,1785153462706744000,1785153462706744000,1785153462706744000,121932490,121652369,-187.121,0.000,0.000,1.000,4.000,0.000,0.000,64.000,0,0,0
B3_zmq_pushpull,zmq_tcp,none,none,,1,26247,512,584,1785153462707601000,1785153462707601000,1785153462707601000,1785153462707602000,1785153462707729000,1785153462707732000,1785153462707732000,1785153462707732000,121932490,121652369,-153.121,0.000,0.000,1.000,3.000,0.000,0.000,34.000,0,0,0
B3_zmq_pushpull,zmq_tcp,none,none,,1,26248,512,584,1785153462708613000,1785153462708613000,1785153462708613000,1785153462708614000,1785153462708703000,1785153462708706000,1785153462708706000,1785153462708706000,121932490,121652369,-191.121,0.000,0.000,1.000,3.000,0.000,0.000,38.000,0,0,0
B3_zmq_pushpull,zmq_tcp,none,none,,1,26249,512,584,1785153462709611000,1785153462709611000,1785153462709611000,1785153462709612000,1785153462709682000,1785153462709685000,1785153462709685000,1785153462709685000,121932490,121652369,-210.121,0.000,0.000,1.000,3.000,0.000,0.000,19.000,0,0,0
B3_zmq_pushpull,zmq_tcp,none,none,,1,26250,512,584,1785153462710610000,1785153462710611000,1785153462710611000,1785153462710612000,1785153462710669000,1785153462710672000,1785153462710672000,1785153462710672000,121932490,121652369,-223.121,1.000,0.000,1.000,3.000,0.000,0.000,13.000,0,0,0
B3_zmq_pushpull,zmq_tcp,none,none,,1,26251,512,584,1785153462711516000,1785153462711516000,1785153462711516000,1785153462711517000,1785153462711674000,1785153462711677000,1785153462711677000,1785153462711677000,121932490,121652369,-123.121,0.000,0.000,1.000,3.000,0.000,0.000,100.000,0,0,0
B3_zmq_pushpull,zmq_tcp,none,none,,1,26252,512,584,1785153462712636000,1785153462712636000,1785153462712636000,1785153462712637000,1785153462712795000,1785153462712798000,1785153462712798000,1785153462712798000,121932490,121652369,-122.121,0.000,0.000,1.000,3.000,0.000,0.000,1.000,0,0,0
B3_zmq_pushpull,zmq_tcp,none,none,,1,26253,512,584,1785153462713606000,1785153462713606000,1785153462713606000,1785153462713607000,1785153462713653000,1785153462713657000,1785153462713657000,1785153462713657000,121932490,121652369,-234.121,0.000,0.000,1.000,4.000,0.000,0.000,112.000,0,0,0
B3_zmq_pushpull,zmq_tcp,none,none,,1,26254,512,584,1785153462714613000,1785153462714613000,1785153462714614000,1785153462714614000,1785153462714763000,1785153462714767000,1785153462714767000,1785153462714767000,121932490,121652369,-131.121,0.000,1.000,0.000,4.000,0.000,0.000,103.000,0,0,0
B3_zmq_pushpull,zmq_tcp,none,none,,1,26255,512,584,1785153462715462000,1785153462715462000,1785153462715462000,1785153462715463000,1785153462715615000,1785153462715618000,1785153462715618000,1785153462715618000,121932490,121652369,-128.121,0.000,0.000,1.000,3.000,0.000,0.000,3.000,0,0,0
B3_zmq_pushpull,zmq_tcp,none,none,,1,26256,512,584,1785153462716441000,1785153462716441000,1785153462716441000,1785153462716442000,1785153462716591000,1785153462716594000,1785153462716594000,1785153462716594000,121932490,121652369,-131.121,0.000,0.000,1.000,3.000,0.000,0.000,3.000,0,0,0
B3_zmq_pushpull,zmq_tcp,none,none,,1,26257,512,584,1785153462717416000,1785153462717416000,1785153462717416000,1785153462717417000,1785153462717574000,1785153462717578000,1785153462717578000,1785153462717578000,121932490,121652369,-123.121,0.000,0.000,1.000,4.000,0.000,0.000,8.000,0,0,0
B3_zmq_pushpull,zmq_tcp,none,none,,1,26258,512,584,1785153462718417000,1785153462718418000,1785153462718418000,1785153462718419000,1785153462718553000,1785153462718555000,1785153462718555000,1785153462718555000,121932490,121652369,-146.121,1.000,0.000,1.000,2.000,0.000,0.000,23.000,0,0,0
B3_zmq_pushpull,zmq_tcp,none,none,,1,26259,512,584,1785153462719514000,1785153462719514000,1785153462719514000,1785153462719515000,1785153462719662000,1785153462719665000,1785153462719665000,1785153462719665000,121932490,121652369,-133.121,0.000,0.000,1.000,3.000,0.000,0.000,13.000,0,0,0
B3_zmq_pushpull,zmq_tcp,none,none,,1,26260,512,584,1785153462720636000,1785153462720636000,1785153462720636000,1785153462720637000,1785153462720770000,1785153462720773000,1785153462720773000,1785153462720773000,121932490,121652369,-147.121,0.000,0.000,1.000,3.000,0.000,0.000,14.000,0,0,0
B3_zmq_pushpull,zmq_tcp,none,none,,1,26261,512,584,1785153462721605000,1785153462721606000,1785153462721606000,1785153462721606000,1785153462721749000,1785153462721751000,1785153462721752000,1785153462721752000,121932490,121652369,-137.121,1.000,0.000,0.000,2.000,1.000,0.000,10.000,0,0,0
B3_zmq_pushpull,zmq_tcp,none,none,,1,26262,512,584,1785153462722609000,1785153462722609000,1785153462722609000,1785153462722610000,1785153462722715000,1785153462722718000,1785153462722718000,1785153462722718000,121932490,121652369,-175.121,0.000,0.000,1.000,3.000,0.000,0.000,38.000,0,0,0
B3_zmq_pushpull,zmq_tcp,none,none,,1,26263,512,584,1785153462723614000,1785153462723615000,1785153462723615000,1785153462723616000,1785153462723702000,1785153462723705000,1785153462723705000,1785153462723705000,121932490,121652369,-194.121,1.000,0.000,1.000,3.000,0.000,0.000,19.000,0,0,0
B3_zmq_pushpull,zmq_tcp,none,none,,1,26264,512,584,1785153462724610000,1785153462724611000,1785153462724611000,1785153462724612000,1785153462724694000,1785153462724697000,1785153462724697000,1785153462724697000,121932490,121652369,-198.121,1.000,0.000,1.000,3.000,0.000,0.000,4.000,0,0,0
B3_zmq_pushpull,zmq_tcp,none,none,,1,26265,512,584,1785153462725610000,1785153462725610000,1785153462725610000,1785153462725611000,1785153462725664000,1785153462725667000,1785153462725667000,1785153462725667000,121932490,121652369,-227.121,0.000,0.000,1.000,3.000,0.000,0.000,29.000,0,0,0
B3_zmq_pushpull,zmq_tcp,none,none,,1,26266,512,584,1785153462726488000,1785153462726488000,1785153462726488000,1785153462726489000,1785153462726648000,1785153462726651000,1785153462726651000,1785153462726651000,121932490,121652369,-121.121,0.000,0.000,1.000,3.000,0.000,0.000,106.000,0,0,0
B3_zmq_pushpull,zmq_tcp,none,none,,1,26267,512,584,1785153462727467000,1785153462727467000,1785153462727467000,1785153462727468000,1785153462727623000,1785153462727626000,1785153462727626000,1785153462727626000,121932490,121652369,-125.121,0.000,0.000,1.000,3.000,0.000,0.000,4.000,0,0,0
B3_zmq_pushpull,zmq_tcp,none,none,,1,26268,512,584,1785153462728647000,1785153462728647000,1785153462728647000,1785153462728648000,1785153462728741000,1785153462728743000,1785153462728743000,1785153462728743000,121932490,121652369,-187.121,0.000,0.000,1.000,2.000,0.000,0.000,62.000,0,0,0
B3_zmq_pushpull,zmq_tcp,none,none,,1,26269,512,584,1785153462729598000,1785153462729599000,1785153462729599000,1785153462729600000,1785153462729708000,1785153462729710000,1785153462729710000,1785153462729710000,121932490,121652369,-172.121,1.000,0.000,1.000,2.000,0.000,0.000,15.000,0,0,0
B3_zmq_pushpull,zmq_tcp,none,none,,1,26270,512,584,1785153462730615000,1785153462730615000,1785153462730615000,1785153462730616000,1785153462730684000,1785153462730686000,1785153462730686000,1785153462730686000,121932490,121652369,-212.121,0.000,0.000,1.000,2.000,0.000,0.000,40.000,0,0,0
B3_zmq_pushpull,zmq_tcp,none,none,,1,26271,512,584,1785153462731609000,1785153462731609000,1785153462731609000,1785153462731610000,1785153462731794000,1785153462731797000,1785153462731797000,1785153462731797000,121932490,121652369,-96.121,0.000,0.000,1.000,3.000,0.000,0.000,116.000,0,0,0
B3_zmq_pushpull,zmq_tcp,none,none,,1,26272,512,584,1785153462732611000,1785153462732611000,1785153462732611000,1785153462732612000,1785153462732766000,1785153462732769000,1785153462732769000,1785153462732769000,121932490,121652369,-126.121,0.000,0.000,1.000,3.000,0.000,0.000,30.000,0,0,0
B3_zmq_pushpull,zmq_tcp,none,none,,1,26273,512,584,1785153462733612000,1785153462733612000,1785153462733612000,1785153462733613000,1785153462733750000,1785153462733753000,1785153462733753000,1785153462733753000,121932490,121652369,-143.121,0.000,0.000,1.000,3.000,0.000,0.000,17.000,0,0,0
B3_zmq_pushpull,zmq_tcp,none,none,,1,26274,512,584,1785153462734612000,1785153462734612000,1785153462734612000,1785153462734613000,1785153462734724000,1785153462734727000,1785153462734727000,1785153462734727000,121932490,121652369,-169.121,0.000,0.000,1.000,3.000,0.000,0.000,26.000,0,0,0
B3_zmq_pushpull,zmq_tcp,none,none,,1,26275,512,584,1785153462735611000,1785153462735611000,1785153462735611000,1785153462735612000,1785153462735702000,1785153462735705000,1785153462735705000,1785153462735705000,121932490,121652369,-190.121,0.000,0.000,1.000,3.000,0.000,0.000,21.000,0,0,0
B3_zmq_pushpull,zmq_tcp,none,none,,1,26276,512,584,1785153462736612000,1785153462736612000,1785153462736612000,1785153462736613000,1785153462736686000,1785153462736689000,1785153462736689000,1785153462736689000,121932490,121652369,-207.121,0.000,0.000,1.000,3.000,0.000,0.000,17.000,0,0,0
B3_zmq_pushpull,zmq_tcp,none,none,,1,26277,512,584,1785153462737608000,1785153462737608000,1785153462737608000,1785153462737609000,1785153462737662000,1785153462737665000,1785153462737665000,1785153462737665000,121932490,121652369,-227.121,0.000,0.000,1.000,3.000,0.000,0.000,20.000,0,0,0
B3_zmq_pushpull,zmq_tcp,none,none,,1,26278,512,584,1785153462738613000,1785153462738613000,1785153462738613000,1785153462738614000,1785153462738676000,1785153462738678000,1785153462738679000,1785153462738679000,121932490,121652369,-218.121,0.000,0.000,1.000,2.000,1.000,0.000,9.000,0,0,0
B3_zmq_pushpull,zmq_tcp,none,none,,1,26279,512,584,1785153462739610000,1785153462739611000,1785153462739611000,1785153462739612000,1785153462739674000,1785153462739677000,1785153462739677000,1785153462739677000,121932490,121652369,-218.121,1.000,0.000,1.000,3.000,0.000,0.000,0.000,0,0,0
B3_zmq_pushpull,zmq_tcp,none,none,,1,26280,512,584,1785153462740614000,1785153462740614000,1785153462740614000,1785153462740615000,1785153462740817000,1785153462740820000,1785153462740820000,1785153462740820000,121932490,121652369,-78.121,0.000,0.000,1.000,3.000,0.000,0.000,140.000,0,0,0
B3_zmq_pushpull,zmq_tcp,none,none,,1,26281,512,584,1785153462741505000,1785153462741505000,1785153462741505000,1785153462741506000,1785153462741649000,1785153462741652000,1785153462741652000,1785153462741652000,121932490,121652369,-137.121,0.000,0.000,1.000,3.000,0.000,0.000,59.000,0,0,0
B3_zmq_pushpull,zmq_tcp,none,none,,1,26282,512,584,1785153462742637000,1785153462742637000,1785153462742637000,1785153462742638000,1785153462742746000,1785153462742750000,1785153462742750000,1785153462742750000,121932490,121652369,-172.121,0.000,0.000,1.000,4.000,0.000,0.000,35.000,0,0,0
B3_zmq_pushpull,zmq_tcp,none,none,,1,26283,512,584,1785153462743436000,1785153462743436000,1785153462743436000,1785153462743437000,1785153462743588000,1785153462743590000,1785153462743590000,1785153462743590000,121932490,121652369,-129.121,0.000,0.000,1.000,2.000,0.000,0.000,43.000,0,0,0
B3_zmq_pushpull,zmq_tcp,none,none,,1,26284,512,584,1785153462744425000,1785153462744426000,1785153462744426000,1785153462744427000,1785153462744574000,1785153462744577000,1785153462744577000,1785153462744577000,121932490,121652369,-133.121,1.000,0.000,1.000,3.000,0.000,0.000,4.000,0,0,0
B3_zmq_pushpull,zmq_tcp,none,none,,1,26285,512,584,1785153462745655000,1785153462745655000,1785153462745655000,1785153462745656000,1785153462745707000,1785153462745711000,1785153462745711000,1785153462745711000,121932490,121652369,-229.121,0.000,0.000,1.000,4.000,0.000,0.000,96.000,0,0,0
B3_zmq_pushpull,zmq_tcp,none,none,,1,26286,512,584,1785153462746602000,1785153462746603000,1785153462746603000,1785153462746604000,1785153462746701000,1785153462746704000,1785153462746704000,1785153462746704000,121932490,121652369,-183.121,1.000,0.000,1.000,3.000,0.000,0.000,46.000,0,0,0
B3_zmq_pushpull,zmq_tcp,none,none,,1,26287,512,584,1785153462747613000,1785153462747613000,1785153462747613000,1785153462747614000,1785153462747686000,1785153462747688000,1785153462747688000,1785153462747688000,121932490,121652369,-208.121,0.000,0.000,1.000,2.000,0.000,0.000,25.000,0,0,0
B3_zmq_pushpull,zmq_tcp,none,none,,1,26288,512,584,1785153462748516000,1785153462748516000,1785153462748516000,1785153462748517000,1785153462748669000,1785153462748672000,1785153462748672000,1785153462748672000,121932490,121652369,-128.121,0.000,0.000,1.000,3.000,0.000,0.000,80.000,0,0,0
B3_zmq_pushpull,zmq_tcp,none,none,,1,26289,512,584,1785153462749504000,1785153462749504000,1785153462749504000,1785153462749505000,1785153462749657000,1785153462749660000,1785153462749660000,1785153462749660000,121932490,121652369,-128.121,0.000,0.000,1.000,3.000,0.000,0.000,0.000,0,0,0
B3_zmq_pushpull,zmq_tcp,none,none,,1,26290,512,584,1785153462750493000,1785153462750493000,1785153462750494000,1785153462750495000,1785153462750645000,1785153462750648000,1785153462750648000,1785153462750648000,121932490,121652369,-130.121,0.000,1.000,1.000,3.000,0.000,0.000,2.000,0,0,0
B3_zmq_pushpull,zmq_tcp,none,none,,1,26291,512,584,1785153462751457000,1785153462751457000,1785153462751457000,1785153462751458000,1785153462751601000,1785153462751604000,1785153462751604000,1785153462751604000,121932490,121652369,-137.121,0.000,0.000,1.000,3.000,0.000,0.000,7.000,0,0,0
B3_zmq_pushpull,zmq_tcp,none,none,,1,26292,512,584,1785153462752647000,1785153462752647000,1785153462752647000,1785153462752648000,1785153462752741000,1785153462752744000,1785153462752744000,1785153462752744000,121932490,121652369,-187.121,0.000,0.000,1.000,3.000,0.000,0.000,50.000,0,0,0
B3_zmq_pushpull,zmq_tcp,none,none,,1,26293,512,584,1785153462753603000,1785153462753603000,1785153462753603000,1785153462753604000,1785153462753720000,1785153462753722000,1785153462753722000,1785153462753722000,121932490,121652369,-164.121,0.000,0.000,1.000,2.000,0.000,0.000,23.000,0,0,0
B3_zmq_pushpull,zmq_tcp,none,none,,1,26294,512,584,1785153462754616000,1785153462754616000,1785153462754616000,1785153462754617000,1785153462754706000,1785153462754709000,1785153462754709000,1785153462754709000,121932490,121652369,-191.121,0.000,0.000,1.000,3.000,0.000,0.000,27.000,0,0,0
B3_zmq_pushpull,zmq_tcp,none,none,,1,26295,512,584,1785153462755610000,1785153462755610000,1785153462755610000,1785153462755611000,1785153462755677000,1785153462755680000,1785153462755680000,1785153462755681000,121932490,121652369,-214.121,0.000,0.000,1.000,3.000,0.000,1.000,23.000,0,0,0
B3_zmq_pushpull,zmq_tcp,none,none,,1,26296,512,584,1785153462756498000,1785153462756498000,1785153462756498000,1785153462756499000,1785153462756649000,1785153462756652000,1785153462756652000,1785153462756652000,121932490,121652369,-130.121,0.000,0.000,1.000,3.000,0.000,0.000,84.000,0,0,0
B3_zmq_pushpull,zmq_tcp,none,none,,1,26297,512,584,1785153462757474000,1785153462757474000,1785153462757474000,1785153462757475000,1785153462757625000,1785153462757628000,1785153462757628000,1785153462757628000,121932490,121652369,-130.121,0.000,0.000,1.000,3.000,0.000,0.000,0.000,0,0,0
B3_zmq_pushpull,zmq_tcp,none,none,,1,26298,512,584,1785153462758466000,1785153462758466000,1785153462758466000,1785153462758467000,1785153462758624000,1785153462758626000,1785153462758626000,1785153462758626000,121932490,121652369,-123.121,0.000,0.000,1.000,2.000,0.000,0.000,7.000,0,0,0
B3_zmq_pushpull,zmq_tcp,none,none,,1,26299,512,584,1785153462759470000,1785153462759470000,1785153462759470000,1785153462759471000,1785153462759628000,1785153462759630000,1785153462759630000,1785153462759630000,121932490,121652369,-123.121,0.000,0.000,1.000,2.000,0.000,0.000,0.000,0,0,0
B3_zmq_pushpull,zmq_tcp,none,none,,1,26300,512,584,1785153462760648000,1785153462760648000,1785153462760648000,1785153462760649000,1785153462760757000,1785153462760760000,1785153462760760000,1785153462760760000,121932490,121652369,-172.121,0.000,0.000,1.000,3.000,0.000,0.000,49.000,0,0,0
B3_zmq_pushpull,zmq_tcp,none,none,,1,26301,512,584,1785153462761602000,1785153462761602000,1785153462761602000,1785153462761603000,1785153462761753000,1785153462761756000,1785153462761756000,1785153462761756000,121932490,121652369,-130.121,0.000,0.000,1.000,3.000,0.000,0.000,42.000,0,0,0
B3_zmq_pushpull,zmq_tcp,none,none,,1,26302,512,584,1785153462762609000,1785153462762609000,1785153462762609000,1785153462762610000,1785153462762722000,1785153462762725000,1785153462762726000,1785153462762726000,121932490,121652369,-168.121,0.000,0.000,1.000,3.000,1.000,0.000,38.000,0,0,0
B3_zmq_pushpull,zmq_tcp,none,none,,1,26303,512,584,1785153462763612000,1785153462763612000,1785153462763612000,1785153462763613000,1785153462763689000,1785153462763692000,1785153462763692000,1785153462763692000,121932490,121652369,-204.121,0.000,0.000,1.000,3.000,0.000,0.000,36.000,0,0,0
B3_zmq_pushpull,zmq_tcp,none,none,,1,26304,512,584,1785153462764611000,1785153462764611000,1785153462764611000,1785153462764612000,1785153462764678000,1785153462764681000,1785153462764681000,1785153462764681000,121932490,121652369,-214.121,0.000,0.000,1.000,3.000,0.000,0.000,10.000,0,0,0
B3_zmq_pushpull,zmq_tcp,none,none,,1,26305,512,584,1785153462765612000,1785153462765612000,1785153462765613000,1785153462765613000,1785153462765667000,1785153462765671000,1785153462765671000,1785153462765671000,121932490,121652369,-226.121,0.000,1.000,0.000,4.000,0.000,0.000,12.000,0,0,0
B3_zmq_pushpull,zmq_tcp,none,none,,1,26306,512,584,1785153462766511000,1785153462766511000,1785153462766511000,1785153462766512000,1785153462766668000,1785153462766670000,1785153462766670000,1785153462766670000,121932490,121652369,-124.121,0.000,0.000,1.000,2.000,0.000,0.000,102.000,0,0,0
B3_zmq_pushpull,zmq_tcp,none,none,,1,26307,512,584,1785153462767499000,1785153462767499000,1785153462767500000,1785153462767500000,1785153462767650000,1785153462767653000,1785153462767653000,1785153462767653000,121932490,121652369,-130.121,0.000,1.000,0.000,3.000,0.000,0.000,6.000,0,0,0
B3_zmq_pushpull,zmq_tcp,none,none,,1,26308,512,584,1785153462768480000,1785153462768480000,1785153462768480000,1785153462768481000,1785153462768627000,1785153462768629000,1785153462768629000,1785153462768629000,121932490,121652369,-134.121,0.000,0.000,1.000,2.000,0.000,0.000,4.000,0,0,0
B3_zmq_pushpull,zmq_tcp,none,none,,1,26309,512,584,1785153462769643000,1785153462769643000,1785153462769643000,1785153462769644000,1785153462769726000,1785153462769729000,1785153462769729000,1785153462769729000,121932490,121652369,-198.121,0.000,0.000,1.000,3.000,0.000,0.000,64.000,0,0,0
B3_zmq_pushpull,zmq_tcp,none,none,,1,26310,512,584,1785153462770603000,1785153462770603000,1785153462770603000,1785153462770604000,1785153462770685000,1785153462770688000,1785153462770688000,1785153462770688000,121932490,121652369,-199.121,0.000,0.000,1.000,3.000,0.000,0.000,1.000,0,0,0
B3_zmq_pushpull,zmq_tcp,none,none,,1,26311,512,584,1785153462771613000,1785153462771613000,1785153462771613000,1785153462771614000,1785153462771670000,1785153462771673000,1785153462771673000,1785153462771673000,121932490,121652369,-224.121,0.000,0.000,1.000,3.000,0.000,0.000,25.000,0,0,0
B3_zmq_pushpull,zmq_tcp,none,none,,1,26312,512,584,1785153462772610000,1785153462772611000,1785153462772611000,1785153462772612000,1785153462772665000,1785153462772668000,1785153462772668000,1785153462772668000,121932490,121652369,-227.121,1.000,0.000,1.000,3.000,0.000,0.000,3.000,0,0,0
B3_zmq_pushpull,zmq_tcp,none,none,,1,26313,512,584,1785153462773492000,1785153462773492000,1785153462773492000,1785153462773493000,1785153462773650000,1785153462773654000,1785153462773654000,1785153462773654000,121932490,121652369,-123.121,0.000,0.000,1.000,4.000,0.000,0.000,104.000,0,0,0
B3_zmq_pushpull,zmq_tcp,none,none,,1,26314,512,584,1785153462774477000,1785153462774477000,1785153462774477000,1785153462774478000,1785153462774624000,1785153462774626000,1785153462774626000,1785153462774627000,121932490,121652369,-134.121,0.000,0.000,1.000,2.000,0.000,1.000,11.000,0,0,0
B3_zmq_pushpull,zmq_tcp,none,none,,1,26315,512,584,1785153462775645000,1785153462775646000,1785153462775646000,1785153462775647000,1785153462775756000,1785153462775758000,1785153462775758000,1785153462775758000,121932490,121652369,-171.121,1.000,0.000,1.000,2.000,0.000,0.000,37.000,0,0,0
B3_zmq_pushpull,zmq_tcp,none,none,,1,26316,512,584,1785153462776602000,1785153462776602000,1785153462776602000,1785153462776603000,1785153462776738000,1785153462776742000,1785153462776742000,1785153462776742000,121932490,121652369,-145.121,0.000,0.000,1.000,4.000,0.000,0.000,26.000,0,0,0
B3_zmq_pushpull,zmq_tcp,none,none,,1,26317,512,584,1785153462777419000,1785153462777419000,1785153462777419000,1785153462777420000,1785153462777572000,1785153462777574000,1785153462777574000,1785153462777574000,121932490,121652369,-128.121,0.000,0.000,1.000,2.000,0.000,0.000,17.000,0,0,0
B3_zmq_pushpull,zmq_tcp,none,none,,1,26318,512,584,1785153462778419000,1785153462778419000,1785153462778419000,1785153462778420000,1785153462778558000,1785153462778561000,1785153462778561000,1785153462778561000,121932490,121652369,-142.121,0.000,0.000,1.000,3.000,0.000,0.000,14.000,0,0,0
B3_zmq_pushpull,zmq_tcp,none,none,,1,26319,512,584,1785153462779659000,1785153462779659000,1785153462779659000,1785153462779660000,1785153462779818000,1785153462779820000,1785153462779820000,1785153462779820000,121932490,121652369,-122.121,0.000,0.000,1.000,2.000,0.000,0.000,20.000,0,0,0
B3_zmq_pushpull,zmq_tcp,none,none,,1,26320,512,584,1785153462780598000,1785153462780599000,1785153462780599000,1785153462780600000,1785153462780668000,1785153462780671000,1785153462780671000,1785153462780671000,121932490,121652369,-212.121,1.000,0.000,1.000,3.000,0.000,0.000,90.000,0,0,0
B3_zmq_pushpull,zmq_tcp,none,none,,1,26321,512,584,1785153462781615000,1785153462781615000,1785153462781615000,1785153462781616000,1785153462781792000,1785153462781800000,1785153462781800000,1785153462781800000,121932490,121652369,-104.121,0.000,0.000,1.000,8.000,0.000,0.000,108.000,0,0,0
B3_zmq_pushpull,zmq_tcp,none,none,,1,26322,512,584,1785153462782613000,1785153462782613000,1785153462782613000,1785153462782614000,1785153462782775000,1785153462782777000,1785153462782777000,1785153462782777000,121932490,121652369,-119.121,0.000,0.000,1.000,2.000,0.000,0.000,15.000,0,0,0
B3_zmq_pushpull,zmq_tcp,none,none,,1,26323,512,584,1785153462783464000,1785153462783464000,1785153462783464000,1785153462783465000,1785153462783615000,1785153462783617000,1785153462783617000,1785153462783617000,121932490,121652369,-130.121,0.000,0.000,1.000,2.000,0.000,0.000,11.000,0,0,0
B3_zmq_pushpull,zmq_tcp,none,none,,1,26324,512,584,1785153462784440000,1785153462784441000,1785153462784441000,1785153462784442000,1785153462784594000,1785153462784597000,1785153462784597000,1785153462784597000,121932490,121652369,-128.121,1.000,0.000,1.000,3.000,0.000,0.000,2.000,0,0,0
B3_zmq_pushpull,zmq_tcp,none,none,,1,26325,512,584,1785153462785430000,1785153462785430000,1785153462785430000,1785153462785431000,1785153462785582000,1785153462785585000,1785153462785585000,1785153462785585000,121932490,121652369,-129.121,0.000,0.000,1.000,3.000,0.000,0.000,1.000,0,0,0
B3_zmq_pushpull,zmq_tcp,none,none,,1,26326,512,584,1785153462786423000,1785153462786423000,1785153462786423000,1785153462786424000,1785153462786581000,1785153462786584000,1785153462786584000,1785153462786584000,121932490,121652369,-123.121,0.000,0.000,1.000,3.000,0.000,0.000,6.000,0,0,0
B3_zmq_pushpull,zmq_tcp,none,none,,1,26327,512,584,1785153462787418000,1785153462787418000,1785153462787418000,1785153462787419000,1785153462787578000,1785153462787581000,1785153462787581000,1785153462787581000,121932490,121652369,-121.121,0.000,0.000,1.000,3.000,0.000,0.000,2.000,0,0,0
B3_zmq_pushpull,zmq_tcp,none,none,,1,26328,512,584,1785153462788661000,1785153462788661000,1785153462788661000,1785153462788662000,1785153462788831000,1785153462788833000,1785153462788833000,1785153462788833000,121932490,121652369,-111.121,0.000,0.000,1.000,2.000,0.000,0.000,10.000,0,0,0
B3_zmq_pushpull,zmq_tcp,none,none,,1,26329,512,584,1785153462789601000,1785153462789601000,1785153462789601000,1785153462789602000,1785153462789652000,1785153462789655000,1785153462789655000,1785153462789655000,121932490,121652369,-230.121,0.000,0.000,1.000,3.000,0.000,0.000,119.000,0,0,0
B3_zmq_pushpull,zmq_tcp,none,none,,1,26330,512,584,1785153462790614000,1785153462790614000,1785153462790614000,1785153462790615000,1785153462790785000,1785153462790788000,1785153462790788000,1785153462790788000,121932490,121652369,-110.121,0.000,0.000,1.000,3.000,0.000,0.000,120.000,0,0,0
B3_zmq_pushpull,zmq_tcp,none,none,,1,26331,512,584,1785153462791482000,1785153462791482000,1785153462791482000,1785153462791483000,1785153462791624000,1785153462791627000,1785153462791627000,1785153462791627000,121932490,121652369,-139.121,0.000,0.000,1.000,3.000,0.000,0.000,29.000,0,0,0
B3_zmq_pushpull,zmq_tcp,none,none,,1,26332,512,584,1785153462792443000,1785153462792443000,1785153462792443000,1785153462792444000,1785153462792596000,1785153462792598000,1785153462792599000,1785153462792599000,121932490,121652369,-128.121,0.000,0.000,1.000,2.000,1.000,0.000,11.000,0,0,0
B3_zmq_pushpull,zmq_tcp,none,none,,1,26333,512,584,1785153462793433000,1785153462793433000,1785153462793434000,1785153462793434000,1785153462793591000,1785153462793593000,1785153462793593000,1785153462793593000,121932490,121652369,-123.121,0.000,1.000,0.000,2.000,0.000,0.000,5.000,0,0,0
B3_zmq_pushpull,zmq_tcp,none,none,,1,26334,512,584,1785153462794425000,1785153462794425000,1785153462794425000,1785153462794426000,1785153462794585000,1785153462794588000,1785153462794588000,1785153462794588000,121932490,121652369,-121.121,0.000,0.000,1.000,3.000,0.000,0.000,2.000,0,0,0
B3_zmq_pushpull,zmq_tcp,none,none,,1,26335,512,584,1785153462795658000,1785153462795658000,1785153462795658000,1785153462795659000,1785153462795719000,1785153462795722000,1785153462795722000,1785153462795722000,121932490,121652369,-220.121,0.000,0.000,1.000,3.000,0.000,0.000,99.000,0,0,0
B3_zmq_pushpull,zmq_tcp,none,none,,1,26336,512,584,1785153462796426000,1785153462796427000,1785153462796427000,1785153462796428000,1785153462796567000,1785153462796569000,1785153462796569000,1785153462796569000,121932490,121652369,-141.121,1.000,0.000,1.000,2.000,0.000,0.000,79.000,0,0,0
B3_zmq_pushpull,zmq_tcp,none,none,,1,26337,512,584,1785153462797535000,1785153462797535000,1785153462797535000,1785153462797536000,1785153462797688000,1785153462797691000,1785153462797691000,1785153462797691000,121932490,121652369,-128.121,0.000,0.000,1.000,3.000,0.000,0.000,13.000,0,0,0
B3_zmq_pushpull,zmq_tcp,none,none,,1,26338,512,584,1785153462798510000,1785153462798510000,1785153462798510000,1785153462798511000,1785153462798661000,1785153462798664000,1785153462798664000,1785153462798664000,121932490,121652369,-130.121,0.000,0.000,1.000,3.000,0.000,0.000,2.000,0,0,0
B3_zmq_pushpull,zmq_tcp,none,none,,1,26339,512,584,1785153462799486000,1785153462799486000,1785153462799486000,1785153462799488000,1785153462799620000,1785153462799622000,1785153462799622000,1785153462799622000,121932490,121652369,-148.121,0.000,0.000,2.000,2.000,0.000,0.000,18.000,0,0,0
B3_zmq_pushpull,zmq_tcp,none,none,,1,26340,512,584,1785153462800643000,1785153462800643000,1785153462800643000,1785153462800644000,1785153462800751000,1785153462800753000,1785153462800753000,1785153462800753000,121932490,121652369,-173.121,0.000,0.000,1.000,2.000,0.000,0.000,25.000,0,0,0
B3_zmq_pushpull,zmq_tcp,none,none,,1,26341,512,584,1785153462801600000,1785153462801600000,1785153462801601000,1785153462801602000,1785153462801737000,1785153462801740000,1785153462801740000,1785153462801740000,121932490,121652369,-145.121,0.000,1.000,1.000,3.000,0.000,0.000,28.000,0,0,0
B3_zmq_pushpull,zmq_tcp,none,none,,1,26342,512,584,1785153462802616000,1785153462802616000,1785153462802616000,1785153462802617000,1785153462802737000,1785153462802740000,1785153462802740000,1785153462802740000,121932490,121652369,-160.121,0.000,0.000,1.000,3.000,0.000,0.000,15.000,0,0,0
B3_zmq_pushpull,zmq_tcp,none,none,,1,26343,512,584,1785153462803611000,1785153462803611000,1785153462803611000,1785153462803612000,1785153462803719000,1785153462803721000,1785153462803721000,1785153462803721000,121932490,121652369,-173.121,0.000,0.000,1.000,2.000,0.000,0.000,13.000,0,0,0
B3_zmq_pushpull,zmq_tcp,none,none,,1,26344,512,584,1785153462804611000,1785153462804611000,1785153462804611000,1785153462804612000,1785153462804698000,1785153462804701000,1785153462804701000,1785153462804701000,121932490,121652369,-194.121,0.000,0.000,1.000,3.000,0.000,0.000,21.000,0,0,0
B3_zmq_pushpull,zmq_tcp,none,none,,1,26345,512,584,1785153462805608000,1785153462805608000,1785153462805608000,1785153462805609000,1785153462805683000,1785153462805685000,1785153462805685000,1785153462805685000,121932490,121652369,-206.121,0.000,0.000,1.000,2.000,0.000,0.000,12.000,0,0,0
B3_zmq_pushpull,zmq_tcp,none,none,,1,26346,512,584,1785153462806613000,1785153462806613000,1785153462806613000,1785153462806614000,1785153462806670000,1785153462806673000,1785153462806673000,1785153462806673000,121932490,121652369,-224.121,0.000,0.000,1.000,3.000,0.000,0.000,18.000,0,0,0
B3_zmq_pushpull,zmq_tcp,none,none,,1,26347,512,584,1785153462807611000,1785153462807611000,1785153462807611000,1785153462807612000,1785153462807660000,1785153462807664000,1785153462807664000,1785153462807664000,121932490,121652369,-232.121,0.000,0.000,1.000,4.000,0.000,0.000,8.000,0,0,0
B3_zmq_pushpull,zmq_tcp,none,none,,1,26348,512,584,1785153462808483000,1785153462808483000,1785153462808483000,1785153462808484000,1785153462808639000,1785153462808642000,1785153462808642000,1785153462808642000,121932490,121652369,-125.121,0.000,0.000,1.000,3.000,0.000,0.000,107.000,0,0,0
B3_zmq_pushpull,zmq_tcp,none,none,,1,26349,512,584,1785153462809641000,1785153462809641000,1785153462809641000,1785153462809642000,1785153462809749000,1785153462809752000,1785153462809752000,1785153462809752000,121932490,121652369,-173.121,0.000,0.000,1.000,3.000,0.000,0.000,48.000,0,0,0
B3_zmq_pushpull,zmq_tcp,none,none,,1,26350,512,584,1785153462810427000,1785153462810427000,1785153462810427000,1785153462810428000,1785153462810571000,1785153462810573000,1785153462810573000,1785153462810573000,121932490,121652369,-137.121,0.000,0.000,1.000,2.000,0.000,0.000,36.000,0,0,0
B3_zmq_pushpull,zmq_tcp,none,none,,1,26351,512,584,1785153462811658000,1785153462811659000,1785153462811659000,1785153462811660000,1785153462811832000,1785153462811835000,1785153462811835000,1785153462811835000,121932490,121652369,-108.121,1.000,0.000,1.000,3.000,0.000,0.000,29.000,0,0,0
B3_zmq_pushpull,zmq_tcp,none,none,,1,26352,512,584,1785153462812599000,1785153462812600000,1785153462812600000,1785153462812601000,1785153462812672000,1785153462812675000,1785153462812675000,1785153462812675000,121932490,121652369,-209.121,1.000,0.000,1.000,3.000,0.000,0.000,101.000,0,0,0
B3_zmq_pushpull,zmq_tcp,none,none,,1,26353,512,584,1785153462813615000,1785153462813615000,1785153462813615000,1785153462813616000,1785153462813796000,1785153462813800000,1785153462813800000,1785153462813800000,121932490,121652369,-100.121,0.000,0.000,1.000,4.000,0.000,0.000,109.000,0,0,0
B3_zmq_pushpull,zmq_tcp,none,none,,1,26354,512,584,1785153462814468000,1785153462814469000,1785153462814469000,1785153462814470000,1785153462814623000,1785153462814626000,1785153462814626000,1785153462814626000,121932490,121652369,-127.121,1.000,0.000,1.000,3.000,0.000,0.000,27.000,0,0,0
B3_zmq_pushpull,zmq_tcp,none,none,,1,26355,512,584,1785153462815439000,1785153462815439000,1785153462815439000,1785153462815440000,1785153462815592000,1785153462815596000,1785153462815596000,1785153462815596000,121932490,121652369,-128.121,0.000,0.000,1.000,4.000,0.000,0.000,1.000,0,0,0
B3_zmq_pushpull,zmq_tcp,none,none,,1,26356,512,584,1785153462816434000,1785153462816434000,1785153462816434000,1785153462816435000,1785153462816577000,1785153462816580000,1785153462816580000,1785153462816580000,121932490,121652369,-138.121,0.000,0.000,1.000,3.000,0.000,0.000,10.000,0,0,0
B3_zmq_pushpull,zmq_tcp,none,none,,1,26357,512,584,1785153462817658000,1785153462817658000,1785153462817658000,1785153462817659000,1785153462817713000,1785153462817715000,1785153462817715000,1785153462817715000,121932490,121652369,-226.121,0.000,0.000,1.000,2.000,0.000,0.000,88.000,0,0,0
B3_zmq_pushpull,zmq_tcp,none,none,,1,26358,512,584,1785153462818600000,1785153462818600000,1785153462818600000,1785153462818601000,1785153462818702000,1785153462818705000,1785153462818705000,1785153462818705000,121932490,121652369,-179.121,0.000,0.000,1.000,3.000,0.000,0.000,47.000,0,0,0
B3_zmq_pushpull,zmq_tcp,none,none,,1,26359,512,584,1785153462819612000,1785153462819612000,1785153462819613000,1785153462819613000,1785153462819696000,1785153462819699000,1785153462819699000,1785153462819699000,121932490,121652369,-197.121,0.000,1.000,0.000,3.000,0.000,0.000,18.000,0,0,0
B3_zmq_pushpull,zmq_tcp,none,none,,1,26360,512,584,1785153462820612000,1785153462820612000,1785153462820612000,1785153462820613000,1785153462820695000,1785153462820698000,1785153462820698000,1785153462820698000,121932490,121652369,-198.121,0.000,0.000,1.000,3.000,0.000,0.000,1.000,0,0,0
B3_zmq_pushpull,zmq_tcp,none,none,,1,26361,512,584,1785153462821612000,1785153462821613000,1785153462821613000,1785153462821614000,1785153462821688000,1785153462821691000,1785153462821692000,1785153462821692000,121932490,121652369,-206.121,1.000,0.000,1.000,3.000,1.000,0.000,8.000,0,0,0
B3_zmq_pushpull,zmq_tcp,none,none,,1,26362,512,584,1785153462822608000,1785153462822608000,1785153462822608000,1785153462822609000,1785153462822682000,1785153462822686000,1785153462822686000,1785153462822686000,121932490,121652369,-207.121,0.000,0.000,1.000,4.000,0.000,0.000,1.000,0,0,0
B3_zmq_pushpull,zmq_tcp,none,none,,1,26363,512,584,1785153462823617000,1785153462823617000,1785153462823617000,1785153462823618000,1785153462823699000,1785153462823702000,1785153462823702000,1785153462823702000,121932490,121652369,-199.121,0.000,0.000,1.000,3.000,0.000,0.000,8.000,0,0,0
B3_zmq_pushpull,zmq_tcp,none,none,,1,26364,512,584,1785153462824610000,1785153462824610000,1785153462824610000,1785153462824611000,1785153462824689000,1785153462824692000,1785153462824692000,1785153462824692000,121932490,121652369,-202.121,0.000,0.000,1.000,3.000,0.000,0.000,3.000,0,0,0
B3_zmq_pushpull,zmq_tcp,none,none,,1,26365,512,584,1785153462825615000,1785153462825615000,1785153462825615000,1785153462825616000,1785153462825679000,1785153462825684000,1785153462825684000,1785153462825684000,121932490,121652369,-217.121,0.000,0.000,1.000,5.000,0.000,0.000,15.000,0,0,0
B3_zmq_pushpull,zmq_tcp,none,none,,1,26366,512,584,1785153462826607000,1785153462826607000,1785153462826607000,1785153462826608000,1785153462826677000,1785153462826681000,1785153462826681000,1785153462826681000,121932490,121652369,-211.121,0.000,0.000,1.000,4.000,0.000,0.000,6.000,0,0,0
B3_zmq_pushpull,zmq_tcp,none,none,,1,26367,512,584,1785153462827613000,1785153462827613000,1785153462827613000,1785153462827614000,1785153462827672000,1785153462827675000,1785153462827675000,1785153462827675000,121932490,121652369,-222.121,0.000,0.000,1.000,3.000,0.000,0.000,11.000,0,0,0
B3_zmq_pushpull,zmq_tcp,none,none,,1,26368,512,584,1785153462828611000,1785153462828611000,1785153462828611000,1785153462828612000,1785153462828669000,1785153462828672000,1785153462828672000,1785153462828672000,121932490,121652369,-223.121,0.000,0.000,1.000,3.000,0.000,0.000,1.000,0,0,0
B3_zmq_pushpull,zmq_tcp,none,none,,1,26369,512,584,1785153462829612000,1785153462829612000,1785153462829612000,1785153462829613000,1785153462829675000,1785153462829678000,1785153462829678000,1785153462829678000,121932490,121652369,-218.121,0.000,0.000,1.000,3.000,0.000,0.000,5.000,0,0,0
B3_zmq_pushpull,zmq_tcp,none,none,,1,26370,512,584,1785153462830506000,1785153462830506000,1785153462830506000,1785153462830507000,1785153462830659000,1785153462830661000,1785153462830661000,1785153462830661000,121932490,121652369,-128.121,0.000,0.000,1.000,2.000,0.000,0.000,90.000,0,0,0
B3_zmq_pushpull,zmq_tcp,none,none,,1,26371,512,584,1785153462831490000,1785153462831490000,1785153462831490000,1785153462831491000,1785153462831645000,1785153462831649000,1785153462831649000,1785153462831649000,121932490,121652369,-126.121,0.000,0.000,1.000,4.000,0.000,0.000,2.000,0,0,0
B3_zmq_pushpull,zmq_tcp,none,none,,1,26372,512,584,1785153462832642000,1785153462832642000,1785153462832642000,1785153462832643000,1785153462832784000,1785153462832787000,1785153462832787000,1785153462832787000,121932490,121652369,-139.121,0.000,0.000,1.000,3.000,0.000,0.000,13.000,0,0,0
B3_zmq_pushpull,zmq_tcp,none,none,,1,26373,512,584,1785153462833489000,1785153462833490000,1785153462833490000,1785153462833491000,1785153462833628000,1785153462833631000,1785153462833631000,1785153462833631000,121932490,121652369,-143.121,1.000,0.000,1.000,3.000,0.000,0.000,4.000,0,0,0
B3_zmq_pushpull,zmq_tcp,none,none,,1,26374,512,584,1785153462834472000,1785153462834473000,1785153462834473000,1785153462834474000,1785153462834616000,1785153462834619000,1785153462834619000,1785153462834619000,121932490,121652369,-138.121,1.000,0.000,1.000,3.000,0.000,0.000,5.000,0,0,0
B3_zmq_pushpull,zmq_tcp,none,none,,1,26375,512,584,1785153462835442000,1785153462835442000,1785153462835442000,1785153462835443000,1785153462835596000,1785153462835598000,1785153462835599000,1785153462835599000,121932490,121652369,-127.121,0.000,0.000,1.000,2.000,1.000,0.000,11.000,0,0,0
B3_zmq_pushpull,zmq_tcp,none,none,,1,26376,512,584,1785153462836654000,1785153462836654000,1785153462836654000,1785153462836655000,1785153462836716000,1785153462836719000,1785153462836719000,1785153462836719000,121932490,121652369,-219.121,0.000,0.000,1.000,3.000,0.000,0.000,92.000,0,0,0
B3_zmq_pushpull,zmq_tcp,none,none,,1,26377,512,584,1785153462837423000,1785153462837424000,1785153462837424000,1785153462837425000,1785153462837579000,1785153462837582000,1785153462837582000,1785153462837582000,121932490,121652369,-126.121,1.000,0.000,1.000,3.000,0.000,0.000,93.000,0,0,0
B3_zmq_pushpull,zmq_tcp,none,none,,1,26378,512,584,1785153462838658000,1785153462838658000,1785153462838658000,1785153462838659000,1785153462838853000,1785153462838857000,1785153462838857000,1785153462838857000,121932490,121652369,-86.121,0.000,0.000,1.000,4.000,0.000,0.000,40.000,0,0,0
B3_zmq_pushpull,zmq_tcp,none,none,,1,26379,512,584,1785153462839601000,1785153462839601000,1785153462839602000,1785153462839603000,1785153462839706000,1785153462839708000,1785153462839708000,1785153462839709000,121932490,121652369,-177.121,0.000,1.000,1.000,2.000,0.000,1.000,91.000,0,0,0
B3_zmq_pushpull,zmq_tcp,none,none,,1,26380,512,584,1785153462840614000,1785153462840614000,1785153462840614000,1785153462840615000,1785153462840684000,1785153462840687000,1785153462840687000,1785153462840687000,121932490,121652369,-211.121,0.000,0.000,1.000,3.000,0.000,0.000,34.000,0,0,0
B3_zmq_pushpull,zmq_tcp,none,none,,1,26381,512,584,1785153462841611000,1785153462841611000,1785153462841611000,1785153462841612000,1785153462841660000,1785153462841664000,1785153462841664000,1785153462841664000,121932490,121652369,-232.121,0.000,0.000,1.000,4.000,0.000,0.000,21.000,0,0,0
B3_zmq_pushpull,zmq_tcp,none,none,,1,26382,512,584,1785153462842611000,1785153462842611000,1785153462842611000,1785153462842612000,1785153462842664000,1785153462842667000,1785153462842667000,1785153462842667000,121932490,121652369,-228.121,0.000,0.000,1.000,3.000,0.000,0.000,4.000,0,0,0
B3_zmq_pushpull,zmq_tcp,none,none,,1,26383,512,584,1785153462843615000,1785153462843615000,1785153462843615000,1785153462843616000,1785153462843803000,1785153462843805000,1785153462843806000,1785153462843806000,121932490,121652369,-93.121,0.000,0.000,1.000,2.000,1.000,0.000,135.000,0,0,0
B3_zmq_pushpull,zmq_tcp,none,none,,1,26384,512,584,1785153462844610000,1785153462844610000,1785153462844610000,1785153462844611000,1785153462844804000,1785153462844807000,1785153462844807000,1785153462844807000,121932490,121652369,-87.121,0.000,0.000,1.000,3.000,0.000,0.000,6.000,0,0,0
B3_zmq_pushpull,zmq_tcp,none,none,,1,26385,512,584,1785153462845502000,1785153462845503000,1785153462845503000,1785153462845504000,1785153462845659000,1785153462845662000,1785153462845662000,1785153462845662000,121932490,121652369,-125.121,1.000,0.000,1.000,3.000,0.000,0.000,38.000,0,0,0
B3_zmq_pushpull,zmq_tcp,none,none,,1,26386,512,584,1785153462846508000,1785153462846509000,1785153462846509000,1785153462846510000,1785153462846666000,1785153462846669000,1785153462846669000,1785153462846669000,121932490,121652369,-124.121,1.000,0.000,1.000,3.000,0.000,0.000,1.000,0,0,0
B3_zmq_pushpull,zmq_tcp,none,none,,1,26387,512,584,1785153462847638000,1785153462847638000,1785153462847638000,1785153462847639000,1785153462847781000,1785153462847790000,1785153462847790000,1785153462847790000,121932490,121652369,-138.121,0.000,0.000,1.000,9.000,0.000,0.000,14.000,0,0,0
B3_zmq_pushpull,zmq_tcp,none,none,,1,26388,512,584,1785153462848605000,1785153462848605000,1785153462848605000,1785153462848606000,1785153462848761000,1785153462848765000,1785153462848765000,1785153462848765000,121932490,121652369,-125.121,0.000,0.000,1.000,4.000,0.000,0.000,13.000,0,0,0
B3_zmq_pushpull,zmq_tcp,none,none,,1,26389,512,584,1785153462849458000,1785153462849458000,1785153462849458000,1785153462849459000,1785153462849615000,1785153462849617000,1785153462849617000,1785153462849618000,121932490,121652369,-124.121,0.000,0.000,1.000,2.000,0.000,1.000,1.000,0,0,0
B3_zmq_pushpull,zmq_tcp,none,none,,1,26390,512,584,1785153462850449000,1785153462850449000,1785153462850449000,1785153462850450000,1785153462850609000,1785153462850612000,1785153462850612000,1785153462850612000,121932490,121652369,-121.121,0.000,0.000,1.000,3.000,0.000,0.000,3.000,0,0,0
B3_zmq_pushpull,zmq_tcp,none,none,,1,26391,512,584,1785153462851655000,1785153462851655000,1785153462851655000,1785153462851656000,1785153462851765000,1785153462851767000,1785153462851767000,1785153462851767000,121932490,121652369,-171.121,0.000,0.000,1.000,2.000,0.000,0.000,50.000,0,0,0
B3_zmq_pushpull,zmq_tcp,none,none,,1,26392,512,584,1785153462852600000,1785153462852600000,1785153462852600000,1785153462852601000,1785153462852780000,1785153462852783000,1785153462852783000,1785153462852783000,121932490,121652369,-101.121,0.000,0.000,1.000,3.000,0.000,0.000,70.000,0,0,0
B3_zmq_pushpull,zmq_tcp,none,none,,1,26393,512,584,1785153462853486000,1785153462853486000,1785153462853487000,1785153462853487000,1785153462853644000,1785153462853647000,1785153462853647000,1785153462853647000,121932490,121652369,-123.121,0.000,1.000,0.000,3.000,0.000,0.000,22.000,0,0,0
B3_zmq_pushpull,zmq_tcp,none,none,,1,26394,512,584,1785153462854645000,1785153462854645000,1785153462854645000,1785153462854646000,1785153462854799000,1785153462854801000,1785153462854801000,1785153462854801000,121932490,121652369,-127.121,0.000,0.000,1.000,2.000,0.000,0.000,4.000,0,0,0
B3_zmq_pushpull,zmq_tcp,none,none,,1,26395,512,584,1785153462855605000,1785153462855605000,1785153462855605000,1785153462855606000,1785153462855766000,1785153462855769000,1785153462855769000,1785153462855769000,121932490,121652369,-120.121,0.000,0.000,1.000,3.000,0.000,0.000,7.000,0,0,0
B3_zmq_pushpull,zmq_tcp,none,none,,1,26396,512,584,1785153462856474000,1785153462856475000,1785153462856475000,1785153462856476000,1785153462856634000,1785153462856638000,1785153462856638000,1785153462856638000,121932490,121652369,-122.121,1.000,0.000,1.000,4.000,0.000,0.000,2.000,0,0,0
B3_zmq_pushpull,zmq_tcp,none,none,,1,26397,512,584,1785153462857472000,1785153462857472000,1785153462857472000,1785153462857473000,1785153462857629000,1785153462857632000,1785153462857632000,1785153462857632000,121932490,121652369,-124.121,0.000,0.000,1.000,3.000,0.000,0.000,2.000,0,0,0
B3_zmq_pushpull,zmq_tcp,none,none,,1,26398,512,584,1785153462858650000,1785153462858651000,1785153462858651000,1785153462858652000,1785153462858779000,1785153462858781000,1785153462858781000,1785153462858781000,121932490,121652369,-153.121,1.000,0.000,1.000,2.000,0.000,0.000,29.000,0,0,0
B3_zmq_pushpull,zmq_tcp,none,none,,1,26399,512,584,1785153462859601000,1785153462859602000,1785153462859602000,1785153462859603000,1785153462859652000,1785153462859656000,1785153462859656000,1785153462859656000,121932490,121652369,-231.121,1.000,0.000,1.000,4.000,0.000,0.000,78.000,0,0,0
B3_zmq_pushpull,zmq_tcp,none,none,,1,26400,512,584,1785153462860616000,1785153462860616000,1785153462860616000,1785153462860617000,1785153462860792000,1785153462860795000,1785153462860795000,1785153462860795000,121932490,121652369,-105.121,0.000,0.000,1.000,3.000,0.000,0.000,126.000,0,0,0
B3_zmq_pushpull,zmq_tcp,none,none,,1,26401,512,584,1785153462861613000,1785153462861613000,1785153462861613000,1785153462861614000,1785153462861663000,1785153462861666000,1785153462861666000,1785153462861666000,121932490,121652369,-231.121,0.000,0.000,1.000,3.000,0.000,0.000,126.000,0,0,0
B3_zmq_pushpull,zmq_tcp,none,none,,1,26402,512,584,1785153462862490000,1785153462862491000,1785153462862491000,1785153462862492000,1785153462862647000,1785153462862649000,1785153462862649000,1785153462862649000,121932490,121652369,-125.121,1.000,0.000,1.000,2.000,0.000,0.000,106.000,0,0,0
B3_zmq_pushpull,zmq_tcp,none,none,,1,26403,512,584,1785153462863640000,1785153462863640000,1785153462863640000,1785153462863641000,1785153462863797000,1785153462863800000,1785153462863800000,1785153462863800000,121932490,121652369,-124.121,0.000,0.000,1.000,3.000,0.000,0.000,1.000,0,0,0
B3_zmq_pushpull,zmq_tcp,none,none,,1,26404,512,584,1785153462864606000,1785153462864606000,1785153462864606000,1785153462864607000,1785153462864803000,1785153462864805000,1785153462864805000,1785153462864805000,121932490,121652369,-84.121,0.000,0.000,1.000,2.000,0.000,0.000,40.000,0,0,0
B3_zmq_pushpull,zmq_tcp,none,none,,1,26405,512,584,1785153462865617000,1785153462865617000,1785153462865617000,1785153462865618000,1785153462865810000,1785153462865813000,1785153462865813000,1785153462865813000,121932490,121652369,-88.121,0.000,0.000,1.000,3.000,0.000,0.000,4.000,0,0,0
B3_zmq_pushpull,zmq_tcp,none,none,,1,26406,512,584,1785153462866612000,1785153462866612000,1785153462866612000,1785153462866613000,1785153462866658000,1785153462866661000,1785153462866661000,1785153462866661000,121932490,121652369,-235.121,0.000,0.000,1.000,3.000,0.000,0.000,147.000,0,0,0
B3_zmq_pushpull,zmq_tcp,none,none,,1,26407,512,584,1785153462867615000,1785153462867615000,1785153462867615000,1785153462867616000,1785153462867807000,1785153462867810000,1785153462867810000,1785153462867810000,121932490,121652369,-89.121,0.000,0.000,1.000,3.000,0.000,0.000,146.000,0,0,0
B3_zmq_pushpull,zmq_tcp,none,none,,1,26408,512,584,1785153462868613000,1785153462868613000,1785153462868613000,1785153462868614000,1785153462868678000,1785153462868681000,1785153462868682000,1785153462868682000,121932490,121652369,-216.121,0.000,0.000,1.000,3.000,1.000,0.000,127.000,0,0,0
B3_zmq_pushpull,zmq_tcp,none,none,,1,26409,512,584,1785153462869613000,1785153462869613000,1785153462869613000,1785153462869614000,1785153462869704000,1785153462869707000,1785153462869707000,1785153462869707000,121932490,121652369,-190.121,0.000,0.000,1.000,3.000,0.000,0.000,26.000,0,0,0
B3_zmq_pushpull,zmq_tcp,none,none,,1,26410,512,584,1785153462870608000,1785153462870608000,1785153462870608000,1785153462870609000,1785153462870719000,1785153462870721000,1785153462870722000,1785153462870722000,121932490,121652369,-170.121,0.000,0.000,1.000,2.000,1.000,0.000,20.000,0,0,0
B3_zmq_pushpull,zmq_tcp,none,none,,1,26411,512,584,1785153462871615000,1785153462871615000,1785153462871615000,1785153462871616000,1785153462871739000,1785153462871741000,1785153462871741000,1785153462871741000,121932490,121652369,-157.121,0.000,0.000,1.000,2.000,0.000,0.000,13.000,0,0,0
B3_zmq_pushpull,zmq_tcp,none,none,,1,26412,512,584,1785153462872612000,1785153462872612000,1785153462872612000,1785153462872613000,1785153462872743000,1785153462872745000,1785153462872745000,1785153462872745000,121932490,121652369,-150.121,0.000,0.000,1.000,2.000,0.000,0.000,7.000,0,0,0
B3_zmq_pushpull,zmq_tcp,none,none,,1,26413,512,584,1785153462873614000,1785153462873614000,1785153462873614000,1785153462873615000,1785153462873763000,1785153462873766000,1785153462873766000,1785153462873766000,121932490,121652369,-132.121,0.000,0.000,1.000,3.000,0.000,0.000,18.000,0,0,0
B3_zmq_pushpull,zmq_tcp,none,none,,1,26414,512,584,1785153462874608000,1785153462874608000,1785153462874608000,1785153462874609000,1785153462874768000,1785153462874771000,1785153462874771000,1785153462874771000,121932490,121652369,-121.121,0.000,0.000,1.000,3.000,0.000,0.000,11.000,0,0,0
B3_zmq_pushpull,zmq_tcp,none,none,,1,26415,512,584,1785153462875613000,1785153462875614000,1785153462875614000,1785153462875615000,1785153462875765000,1785153462875768000,1785153462875768000,1785153462875768000,121932490,121652369,-130.121,1.000,0.000,1.000,3.000,0.000,0.000,9.000,0,0,0
B3_zmq_pushpull,zmq_tcp,none,none,,1,26416,512,584,1785153462876613000,1785153462876614000,1785153462876614000,1785153462876615000,1785153462876772000,1785153462876775000,1785153462876775000,1785153462876775000,121932490,121652369,-123.121,1.000,0.000,1.000,3.000,0.000,0.000,7.000,0,0,0
B3_zmq_pushpull,zmq_tcp,none,none,,1,26417,512,584,1785153462877614000,1785153462877615000,1785153462877615000,1785153462877616000,1785153462877777000,1785153462877780000,1785153462877780000,1785153462877780000,121932490,121652369,-119.121,1.000,0.000,1.000,3.000,0.000,0.000,4.000,0,0,0
B3_zmq_pushpull,zmq_tcp,none,none,,1,26418,512,584,1785153462878610000,1785153462878610000,1785153462878610000,1785153462878611000,1785153462878794000,1785153462878796000,1785153462878796000,1785153462878796000,121932490,121652369,-97.121,0.000,0.000,1.000,2.000,0.000,0.000,22.000,0,0,0
B3_zmq_pushpull,zmq_tcp,none,none,,1,26419,512,584,1785153462879615000,1785153462879615000,1785153462879615000,1785153462879616000,1785153462879680000,1785153462879683000,1785153462879683000,1785153462879683000,121932490,121652369,-216.121,0.000,0.000,1.000,3.000,0.000,0.000,119.000,0,0,0
B3_zmq_pushpull,zmq_tcp,none,none,,1,26420,512,584,1785153462880613000,1785153462880614000,1785153462880614000,1785153462880615000,1785153462880690000,1785153462880692000,1785153462880692000,1785153462880692000,121932490,121652369,-205.121,1.000,0.000,1.000,2.000,0.000,0.000,11.000,0,0,0
B3_zmq_pushpull,zmq_tcp,none,none,,1,26421,512,584,1785153462881612000,1785153462881613000,1785153462881613000,1785153462881614000,1785153462881707000,1785153462881709000,1785153462881709000,1785153462881709000,121932490,121652369,-187.121,1.000,0.000,1.000,2.000,0.000,0.000,18.000,0,0,0
B3_zmq_pushpull,zmq_tcp,none,none,,1,26422,512,584,1785153462882610000,1785153462882610000,1785153462882610000,1785153462882611000,1785153462882704000,1785153462882707000,1785153462882707000,1785153462882707000,121932490,121652369,-187.121,0.000,0.000,1.000,3.000,0.000,0.000,0.000,0,0,0
B3_zmq_pushpull,zmq_tcp,none,none,,1,26423,512,584,1785153462883614000,1785153462883614000,1785153462883614000,1785153462883615000,1785153462883707000,1785153462883710000,1785153462883710000,1785153462883710000,121932490,121652369,-188.121,0.000,0.000,1.000,3.000,0.000,0.000,1.000,0,0,0
B3_zmq_pushpull,zmq_tcp,none,none,,1,26424,512,584,1785153462884613000,1785153462884613000,1785153462884613000,1785153462884614000,1785153462884711000,1785153462884714000,1785153462884714000,1785153462884714000,121932490,121652369,-183.121,0.000,0.000,1.000,3.000,0.000,0.000,5.000,0,0,0
B3_zmq_pushpull,zmq_tcp,none,none,,1,26425,512,584,1785153462885614000,1785153462885614000,1785153462885614000,1785153462885615000,1785153462885724000,1785153462885727000,1785153462885727000,1785153462885727000,121932490,121652369,-171.121,0.000,0.000,1.000,3.000,0.000,0.000,12.000,0,0,0
B3_zmq_pushpull,zmq_tcp,none,none,,1,26426,512,584,1785153462886612000,1785153462886612000,1785153462886612000,1785153462886613000,1785153462886743000,1785153462886745000,1785153462886746000,1785153462886746000,121932490,121652369,-150.121,0.000,0.000,1.000,2.000,1.000,0.000,21.000,0,0,0
B3_zmq_pushpull,zmq_tcp,none,none,,1,26427,512,584,1785153462887612000,1785153462887612000,1785153462887613000,1785153462887613000,1785153462887748000,1785153462887753000,1785153462887753000,1785153462887753000,121932490,121652369,-145.121,0.000,1.000,0.000,5.000,0.000,0.000,5.000,0,0,0
B3_zmq_pushpull,zmq_tcp,none,none,,1,26428,512,584,1785153462888615000,1785153462888615000,1785153462888615000,1785153462888617000,1785153462888735000,1785153462888737000,1785153462888737000,1785153462888737000,121932490,121652369,-162.121,0.000,0.000,2.000,2.000,0.000,0.000,17.000,0,0,0
B3_zmq_pushpull,zmq_tcp,none,none,,1,26429,512,584,1785153462889449000,1785153462889449000,1785153462889449000,1785153462889451000,1785153462889597000,1785153462889600000,1785153462889600000,1785153462889600000,121932490,121652369,-134.121,0.000,0.000,2.000,3.000,0.000,0.000,28.000,0,0,0
B3_zmq_pushpull,zmq_tcp,none,none,,1,26430,512,584,1785153462890656000,1785153462890656000,1785153462890656000,1785153462890658000,1785153462890722000,1785153462890726000,1785153462890726000,1785153462890726000,121932490,121652369,-216.121,0.000,0.000,2.000,4.000,0.000,0.000,82.000,0,0,0
B3_zmq_pushpull,zmq_tcp,none,none,,1,26431,512,584,1785153462891602000,1785153462891602000,1785153462891602000,1785153462891603000,1785153462891741000,1785153462891745000,1785153462891745000,1785153462891745000,121932490,121652369,-142.121,0.000,0.000,1.000,4.000,0.000,0.000,74.000,0,0,0
B3_zmq_pushpull,zmq_tcp,none,none,,1,26432,512,584,1785153462892617000,1785153462892617000,1785153462892617000,1785153462892618000,1785153462892721000,1785153462892724000,1785153462892724000,1785153462892724000,121932490,121652369,-177.121,0.000,0.000,1.000,3.000,0.000,0.000,35.000,0,0,0
B3_zmq_pushpull,zmq_tcp,none,none,,1,26433,512,584,1785153462893610000,1785153462893610000,1785153462893610000,1785153462893611000,1785153462893733000,1785153462893736000,1785153462893736000,1785153462893736000,121932490,121652369,-158.121,0.000,0.000,1.000,3.000,0.000,0.000,19.000,0,0,0
B3_zmq_pushpull,zmq_tcp,none,none,,1,26434,512,584,1785153462894614000,1785153462894614000,1785153462894614000,1785153462894615000,1785153462894741000,1785153462894744000,1785153462894744000,1785153462894744000,121932490,121652369,-154.121,0.000,0.000,1.000,3.000,0.000,0.000,4.000,0,0,0
B3_zmq_pushpull,zmq_tcp,none,none,,1,26435,512,584,1785153462895612000,1785153462895612000,1785153462895612000,1785153462895613000,1785153462895740000,1785153462895743000,1785153462895743000,1785153462895743000,121932490,121652369,-153.121,0.000,0.000,1.000,3.000,0.000,0.000,1.000,0,0,0
B3_zmq_pushpull,zmq_tcp,none,none,,1,26436,512,584,1785153462896612000,1785153462896613000,1785153462896613000,1785153462896614000,1785153462896744000,1785153462896747000,1785153462896747000,1785153462896747000,121932490,121652369,-150.121,1.000,0.000,1.000,3.000,0.000,0.000,3.000,0,0,0
B3_zmq_pushpull,zmq_tcp,none,none,,1,26437,512,584,1785153462897610000,1785153462897610000,1785153462897610000,1785153462897611000,1785153462897730000,1785153462897733000,1785153462897733000,1785153462897733000,121932490,121652369,-161.121,0.000,0.000,1.000,3.000,0.000,0.000,11.000,0,0,0
B3_zmq_pushpull,zmq_tcp,none,none,,1,26438,512,584,1785153462898616000,1785153462898616000,1785153462898617000,1785153462898618000,1785153462898735000,1785153462898738000,1785153462898738000,1785153462898738000,121932490,121652369,-163.121,0.000,1.000,1.000,3.000,0.000,0.000,2.000,0,0,0
B3_zmq_pushpull,zmq_tcp,none,none,,1,26439,512,584,1785153462899611000,1785153462899611000,1785153462899611000,1785153462899612000,1785153462899716000,1785153462899719000,1785153462899719000,1785153462899719000,121932490,121652369,-176.121,0.000,0.000,1.000,3.000,0.000,0.000,13.000,0,0,0
B3_zmq_pushpull,zmq_tcp,none,none,,1,26440,512,584,1785153462900614000,1785153462900614000,1785153462900614000,1785153462900615000,1785153462900708000,1785153462900711000,1785153462900711000,1785153462900711000,121932490,121652369,-187.121,0.000,0.000,1.000,3.000,0.000,0.000,11.000,0,0,0
B3_zmq_pushpull,zmq_tcp,none,none,,1,26441,512,584,1785153462901610000,1785153462901610000,1785153462901610000,1785153462901611000,1785153462901696000,1785153462901699000,1785153462901699000,1785153462901699000,121932490,121652369,-195.121,0.000,0.000,1.000,3.000,0.000,0.000,8.000,0,0,0
B3_zmq_pushpull,zmq_tcp,none,none,,1,26442,512,584,1785153462902613000,1785153462902613000,1785153462902613000,1785153462902614000,1785153462902704000,1785153462902707000,1785153462902707000,1785153462902707000,121932490,121652369,-190.121,0.000,0.000,1.000,3.000,0.000,0.000,5.000,0,0,0
B3_zmq_pushpull,zmq_tcp,none,none,,1,26443,512,584,1785153462903613000,1785153462903613000,1785153462903613000,1785153462903614000,1785153462903708000,1785153462903711000,1785153462903711000,1785153462903711000,121932490,121652369,-186.121,0.000,0.000,1.000,3.000,0.000,0.000,4.000,0,0,0
B3_zmq_pushpull,zmq_tcp,none,none,,1,26444,512,584,1785153462904613000,1785153462904613000,1785153462904613000,1785153462904614000,1785153462904709000,1785153462904713000,1785153462904713000,1785153462904713000,121932490,121652369,-185.121,0.000,0.000,1.000,4.000,0.000,0.000,1.000,0,0,0
B3_zmq_pushpull,zmq_tcp,none,none,,1,26445,512,584,1785153462905427000,1785153462905427000,1785153462905427000,1785153462905428000,1785153462905585000,1785153462905588000,1785153462905588000,1785153462905588000,121932490,121652369,-123.121,0.000,0.000,1.000,3.000,0.000,0.000,62.000,0,0,0
B3_zmq_pushpull,zmq_tcp,none,none,,1,26446,512,584,1785153462906426000,1785153462906426000,1785153462906426000,1785153462906427000,1785153462906585000,1785153462906589000,1785153462906589000,1785153462906589000,121932490,121652369,-122.121,0.000,0.000,1.000,4.000,0.000,0.000,1.000,0,0,0
B3_zmq_pushpull,zmq_tcp,none,none,,1,26447,512,584,1785153462907430000,1785153462907430000,1785153462907430000,1785153462907431000,1785153462907580000,1785153462907582000,1785153462907582000,1785153462907582000,121932490,121652369,-131.121,0.000,0.000,1.000,2.000,0.000,0.000,9.000,0,0,0
B3_zmq_pushpull,zmq_tcp,none,none,,1,26448,512,584,1785153462908433000,1785153462908433000,1785153462908433000,1785153462908434000,1785153462908591000,1785153462908594000,1785153462908594000,1785153462908594000,121932490,121652369,-123.121,0.000,0.000,1.000,3.000,0.000,0.000,8.000,0,0,0
B3_zmq_pushpull,zmq_tcp,none,none,,1,26449,512,584,1785153462909426000,1785153462909426000,1785153462909426000,1785153462909427000,1785153462909580000,1785153462909583000,1785153462909583000,1785153462909583000,121932490,121652369,-127.121,0.000,0.000,1.000,3.000,0.000,0.000,4.000,0,0,0
B3_zmq_pushpull,zmq_tcp,none,none,,1,26450,512,584,1785153462910422000,1785153462910422000,1785153462910422000,1785153462910423000,1785153462910576000,1785153462910579000,1785153462910579000,1785153462910579000,121932490,121652369,-127.121,0.000,0.000,1.000,3.000,0.000,0.000,0.000,0,0,0
B3_zmq_pushpull,zmq_tcp,none,none,,1,26451,512,584,1785153462911662000,1785153462911662000,1785153462911662000,1785153462911663000,1785153462911717000,1785153462911720000,1785153462911720000,1785153462911720000,121932490,121652369,-226.121,0.000,0.000,1.000,3.000,0.000,0.000,99.000,0,0,0
B3_zmq_pushpull,zmq_tcp,none,none,,1,26452,512,584,1785153462912599000,1785153462912599000,1785153462912599000,1785153462912600000,1785153462912704000,1785153462912707000,1785153462912707000,1785153462912707000,121932490,121652369,-176.121,0.000,0.000,1.000,3.000,0.000,0.000,50.000,0,0,0
B3_zmq_pushpull,zmq_tcp,none,none,,1,26453,512,584,1785153462913617000,1785153462913617000,1785153462913617000,1785153462913618000,1785153462913723000,1785153462913725000,1785153462913725000,1785153462913725000,121932490,121652369,-175.121,0.000,0.000,1.000,2.000,0.000,0.000,1.000,0,0,0
B3_zmq_pushpull,zmq_tcp,none,none,,1,26454,512,584,1785153462914612000,1785153462914612000,1785153462914613000,1785153462914613000,1785153462914737000,1785153462914740000,1785153462914740000,1785153462914740000,121932490,121652369,-156.121,0.000,1.000,0.000,3.000,0.000,0.000,19.000,0,0,0
B3_zmq_pushpull,zmq_tcp,none,none,,1,26455,512,584,1785153462915613000,1785153462915613000,1785153462915613000,1785153462915614000,1785153462915721000,1785153462915725000,1785153462915725000,1785153462915725000,121932490,121652369,-173.121,0.000,0.000,1.000,4.000,0.000,0.000,17.000,0,0,0
B3_zmq_pushpull,zmq_tcp,none,none,,1,26456,512,584,1785153462916420000,1785153462916420000,1785153462916420000,1785153462916421000,1785153462916576000,1785153462916579000,1785153462916579000,1785153462916579000,121932490,121652369,-125.121,0.000,0.000,1.000,3.000,0.000,0.000,48.000,0,0,0
B3_zmq_pushpull,zmq_tcp,none,none,,1,26457,512,584,1785153462917661000,1785153462917661000,1785153462917661000,1785153462917662000,1785153462917703000,1785153462917706000,1785153462917706000,1785153462917706000,121932490,121652369,-239.121,0.000,0.000,1.000,3.000,0.000,0.000,114.000,0,0,0
B3_zmq_pushpull,zmq_tcp,none,none,,1,26458,512,584,1785153462918605000,1785153462918605000,1785153462918605000,1785153462918606000,1785153462918713000,1785153462918717000,1785153462918717000,1785153462918717000,121932490,121652369,-173.121,0.000,0.000,1.000,4.000,0.000,0.000,66.000,0,0,0
B3_zmq_pushpull,zmq_tcp,none,none,,1,26459,512,584,1785153462919425000,1785153462919425000,1785153462919425000,1785153462919426000,1785153462919569000,1785153462919572000,1785153462919572000,1785153462919572000,121932490,121652369,-137.121,0.000,0.000,1.000,3.000,0.000,0.000,36.000,0,0,0
B3_zmq_pushpull,zmq_tcp,none,none,,1,26460,512,584,1785153462920419000,1785153462920419000,1785153462920419000,1785153462920420000,1785153462920577000,1785153462920580000,1785153462920580000,1785153462920580000,121932490,121652369,-123.121,0.000,0.000,1.000,3.000,0.000,0.000,14.000,0,0,0
B3_zmq_pushpull,zmq_tcp,none,none,,1,26461,512,584,1785153462921419000,1785153462921419000,1785153462921419000,1785153462921420000,1785153462921579000,1785153462921582000,1785153462921582000,1785153462921582000,121932490,121652369,-121.121,0.000,0.000,1.000,3.000,0.000,0.000,2.000,0,0,0
B3_zmq_pushpull,zmq_tcp,none,none,,1,26462,512,584,1785153462922663000,1785153462922663000,1785153462922663000,1785153462922664000,1785153462922738000,1785153462922740000,1785153462922740000,1785153462922740000,121932490,121652369,-206.121,0.000,0.000,1.000,2.000,0.000,0.000,85.000,0,0,0
B3_zmq_pushpull,zmq_tcp,none,none,,1,26463,512,584,1785153462923429000,1785153462923429000,1785153462923429000,1785153462923430000,1785153462923574000,1785153462923577000,1785153462923577000,1785153462923577000,121932490,121652369,-136.121,0.000,0.000,1.000,3.000,0.000,0.000,70.000,0,0,0
B3_zmq_pushpull,zmq_tcp,none,none,,1,26464,512,584,1785153462924426000,1785153462924426000,1785153462924427000,1785153462924427000,1785153462924580000,1785153462924583000,1785153462924583000,1785153462924583000,121932490,121652369,-127.121,0.000,1.000,0.000,3.000,0.000,0.000,9.000,0,0,0
B3_zmq_pushpull,zmq_tcp,none,none,,1,26465,512,584,1785153462925421000,1785153462925422000,1785153462925422000,1785153462925423000,1785153462925579000,1785153462925581000,1785153462925581000,1785153462925582000,121932490,121652369,-124.121,1.000,0.000,1.000,2.000,0.000,1.000,3.000,0,0,0
B3_zmq_pushpull,zmq_tcp,none,none,,1,26466,512,584,1785153462926661000,1785153462926661000,1785153462926661000,1785153462926662000,1785153462926726000,1785153462926729000,1785153462926729000,1785153462926729000,121932490,121652369,-216.121,0.000,0.000,1.000,3.000,0.000,0.000,92.000,0,0,0
B3_zmq_pushpull,zmq_tcp,none,none,,1,26467,512,584,1785153462927429000,1785153462927429000,1785153462927429000,1785153462927430000,1785153462927581000,1785153462927584000,1785153462927584000,1785153462927584000,121932490,121652369,-129.121,0.000,0.000,1.000,3.000,0.000,0.000,87.000,0,0,0
B3_zmq_pushpull,zmq_tcp,none,none,,1,26468,512,584,1785153462928660000,1785153462928660000,1785153462928661000,1785153462928661000,1785153462928725000,1785153462928727000,1785153462928727000,1785153462928727000,121932490,121652369,-216.121,0.000,1.000,0.000,2.000,0.000,0.000,87.000,0,0,0
B3_zmq_pushpull,zmq_tcp,none,none,,1,26469,512,584,1785153462929601000,1785153462929601000,1785153462929601000,1785153462929602000,1785153462929709000,1785153462929712000,1785153462929712000,1785153462929712000,121932490,121652369,-173.121,0.000,0.000,1.000,3.000,0.000,0.000,43.000,0,0,0
B3_zmq_pushpull,zmq_tcp,none,none,,1,26470,512,584,1785153462930615000,1785153462930615000,1785153462930616000,1785153462930616000,1785153462930707000,1785153462930710000,1785153462930710000,1785153462930710000,121932490,121652369,-189.121,0.000,1.000,0.000,3.000,0.000,0.000,16.000,0,0,0
B3_zmq_pushpull,zmq_tcp,none,none,,1,26471,512,584,1785153462931611000,1785153462931611000,1785153462931612000,1785153462931612000,1785153462931711000,1785153462931713000,1785153462931713000,1785153462931713000,121932490,121652369,-181.121,0.000,1.000,0.000,2.000,0.000,0.000,8.000,0,0,0
B3_zmq_pushpull,zmq_tcp,none,none,,1,26472,512,584,1785153462932572000,1785153462932572000,1785153462932573000,1785153462932573000,1785153462932718000,1785153462932720000,1785153462932720000,1785153462932720000,121932490,121652369,-135.121,0.000,1.000,0.000,2.000,0.000,0.000,46.000,0,0,0
B3_zmq_pushpull,zmq_tcp,none,none,,1,26473,512,584,1785153462933422000,1785153462933422000,1785153462933423000,1785153462933423000,1785153462933581000,1785153462933583000,1785153462933583000,1785153462933583000,121932490,121652369,-122.121,0.000,1.000,0.000,2.000,0.000,0.000,13.000,0,0,0
B3_zmq_pushpull,zmq_tcp,none,none,,1,26474,512,584,1785153462934436000,1785153462934436000,1785153462934436000,1785153462934437000,1785153462934594000,1785153462934597000,1785153462934597000,1785153462934597000,121932490,121652369,-123.121,0.000,0.000,1.000,3.000,0.000,0.000,1.000,0,0,0
B3_zmq_pushpull,zmq_tcp,none,none,,1,26475,512,584,1785153462935450000,1785153462935451000,1785153462935451000,1785153462935452000,1785153462935607000,1785153462935610000,1785153462935610000,1785153462935610000,121932490,121652369,-125.121,1.000,0.000,1.000,3.000,0.000,0.000,2.000,0,0,0
B3_zmq_pushpull,zmq_tcp,none,none,,1,26476,512,584,1785153462936453000,1785153462936454000,1785153462936454000,1785153462936455000,1785153462936608000,1785153462936611000,1785153462936611000,1785153462936611000,121932490,121652369,-127.121,1.000,0.000,1.000,3.000,0.000,0.000,2.000,0,0,0
B3_zmq_pushpull,zmq_tcp,none,none,,1,26477,512,584,1785153462937430000,1785153462937430000,1785153462937430000,1785153462937431000,1785153462937584000,1785153462937587000,1785153462937587000,1785153462937587000,121932490,121652369,-127.121,0.000,0.000,1.000,3.000,0.000,0.000,0.000,0,0,0
B3_zmq_pushpull,zmq_tcp,none,none,,1,26478,512,584,1785153462938426000,1785153462938427000,1785153462938427000,1785153462938428000,1785153462938580000,1785153462938583000,1785153462938583000,1785153462938583000,121932490,121652369,-128.121,1.000,0.000,1.000,3.000,0.000,0.000,1.000,0,0,0
B3_zmq_pushpull,zmq_tcp,none,none,,1,26479,512,584,1785153462939427000,1785153462939427000,1785153462939427000,1785153462939428000,1785153462939587000,1785153462939590000,1785153462939590000,1785153462939590000,121932490,121652369,-121.121,0.000,0.000,1.000,3.000,0.000,0.000,7.000,0,0,0
B3_zmq_pushpull,zmq_tcp,none,none,,1,26480,512,584,1785153462940660000,1785153462940660000,1785153462940660000,1785153462940661000,1785153462940715000,1785153462940718000,1785153462940718000,1785153462940718000,121932490,121652369,-226.121,0.000,0.000,1.000,3.000,0.000,0.000,105.000,0,0,0
B3_zmq_pushpull,zmq_tcp,none,none,,1,26481,512,584,1785153462941601000,1785153462941601000,1785153462941601000,1785153462941602000,1785153462941711000,1785153462941714000,1785153462941714000,1785153462941714000,121932490,121652369,-171.121,0.000,0.000,1.000,3.000,0.000,0.000,55.000,0,0,0
B3_zmq_pushpull,zmq_tcp,none,none,,1,26482,512,584,1785153462942615000,1785153462942615000,1785153462942615000,1785153462942616000,1785153462942732000,1785153462942735000,1785153462942735000,1785153462942735000,121932490,121652369,-164.121,0.000,0.000,1.000,3.000,0.000,0.000,7.000,0,0,0
B3_zmq_pushpull,zmq_tcp,none,none,,1,26483,512,584,1785153462943613000,1785153462943613000,1785153462943613000,1785153462943614000,1785153462943726000,1785153462943729000,1785153462943729000,1785153462943729000,121932490,121652369,-168.121,0.000,0.000,1.000,3.000,0.000,0.000,4.000,0,0,0
B3_zmq_pushpull,zmq_tcp,none,none,,1,26484,512,584,1785153462944612000,1785153462944613000,1785153462944613000,1785153462944614000,1785153462944734000,1785153462944736000,1785153462944736000,1785153462944736000,121932490,121652369,-160.121,1.000,0.000,1.000,2.000,0.000,0.000,8.000,0,0,0
B3_zmq_pushpull,zmq_tcp,none,none,,1,26485,512,584,1785153462945610000,1785153462945610000,1785153462945610000,1785153462945611000,1785153462945728000,1785153462945731000,1785153462945731000,1785153462945731000,121932490,121652369,-163.121,0.000,0.000,1.000,3.000,0.000,0.000,3.000,0,0,0
B3_zmq_pushpull,zmq_tcp,none,none,,1,26486,512,584,1785153462946435000,1785153462946435000,1785153462946435000,1785153462946436000,1785153462946588000,1785153462946590000,1785153462946591000,1785153462946591000,121932490,121652369,-128.121,0.000,0.000,1.000,2.000,1.000,0.000,35.000,0,0,0
B3_zmq_pushpull,zmq_tcp,none,none,,1,26487,512,584,1785153462947657000,1785153462947657000,1785153462947657000,1785153462947658000,1785153462947731000,1785153462947734000,1785153462947734000,1785153462947734000,121932490,121652369,-207.121,0.000,0.000,1.000,3.000,0.000,0.000,79.000,0,0,0
B3_zmq_pushpull,zmq_tcp,none,none,,1,26488,512,584,1785153462948601000,1785153462948601000,1785153462948601000,1785153462948602000,1785153462948745000,1785153462948748000,1785153462948748000,1785153462948748000,121932490,121652369,-137.121,0.000,0.000,1.000,3.000,0.000,0.000,70.000,0,0,0
B3_zmq_pushpull,zmq_tcp,none,none,,1,26489,512,584,1785153462949453000,1785153462949453000,1785153462949453000,1785153462949454000,1785153462949611000,1785153462949614000,1785153462949614000,1785153462949614000,121932490,121652369,-123.121,0.000,0.000,1.000,3.000,0.000,0.000,14.000,0,0,0
B3_zmq_pushpull,zmq_tcp,none,none,,1,26490,512,584,1785153462950653000,1785153462950653000,1785153462950653000,1785153462950654000,1785153462950752000,1785153462950755000,1785153462950755000,1785153462950755000,121932490,121652369,-182.121,0.000,0.000,1.000,3.000,0.000,0.000,59.000,0,0,0
B3_zmq_pushpull,zmq_tcp,none,none,,1,26491,512,584,1785153462951605000,1785153462951605000,1785153462951605000,1785153462951606000,1785153462951733000,1785153462951736000,1785153462951736000,1785153462951736000,121932490,121652369,-153.121,0.000,0.000,1.000,3.000,0.000,0.000,29.000,0,0,0
B3_zmq_pushpull,zmq_tcp,none,none,,1,26492,512,584,1785153462952585000,1785153462952585000,1785153462952585000,1785153462952586000,1785153462952726000,1785153462952729000,1785153462952729000,1785153462952729000,121932490,121652369,-140.121,0.000,0.000,1.000,3.000,0.000,0.000,13.000,0,0,0
B3_zmq_pushpull,zmq_tcp,none,none,,1,26493,512,584,1785153462953428000,1785153462953428000,1785153462953428000,1785153462953429000,1785153462953586000,1785153462953589000,1785153462953589000,1785153462953589000,121932490,121652369,-123.121,0.000,0.000,1.000,3.000,0.000,0.000,17.000,0,0,0
B3_zmq_pushpull,zmq_tcp,none,none,,1,26494,512,584,1785153462954419000,1785153462954419000,1785153462954419000,1785153462954420000,1785153462954576000,1785153462954580000,1785153462954580000,1785153462954580000,121932490,121652369,-124.121,0.000,0.000,1.000,4.000,0.000,0.000,1.000,0,0,0
B3_zmq_pushpull,zmq_tcp,none,none,,1,26495,512,584,1785153462955662000,1785153462955662000,1785153462955662000,1785153462955663000,1785153462955846000,1785153462955849000,1785153462955849000,1785153462955849000,121932490,121652369,-97.121,0.000,0.000,1.000,3.000,0.000,0.000,27.000,0,0,0
B3_zmq_pushpull,zmq_tcp,none,none,,1,26496,512,584,1785153462956597000,1785153462956597000,1785153462956597000,1785153462956598000,1785153462956722000,1785153462956725000,1785153462956725000,1785153462956725000,121932490,121652369,-156.121,0.000,0.000,1.000,3.000,0.000,0.000,59.000,0,0,0
B3_zmq_pushpull,zmq_tcp,none,none,,1,26497,512,584,1785153462957618000,1785153462957618000,1785153462957618000,1785153462957619000,1785153462957742000,1785153462957745000,1785153462957745000,1785153462957745000,121932490,121652369,-157.121,0.000,0.000,1.000,3.000,0.000,0.000,1.000,0,0,0
B3_zmq_pushpull,zmq_tcp,none,none,,1,26498,512,584,1785153462958612000,1785153462958612000,1785153462958612000,1785153462958613000,1785153462958734000,1785153462958737000,1785153462958737000,1785153462958737000,121932490,121652369,-159.121,0.000,0.000,1.000,3.000,0.000,0.000,2.000,0,0,0
B3_zmq_pushpull,zmq_tcp,none,none,,1,26499,512,584,1785153462959613000,1785153462959613000,1785153462959613000,1785153462959614000,1785153462959724000,1785153462959730000,1785153462959730000,1785153462959730000,121932490,121652369,-170.121,0.000,0.000,1.000,6.000,0.000,0.000,11.000,0,0,0
B3_zmq_pushpull,zmq_tcp,none,none,,1,26500,512,584,1785153462960610000,1785153462960610000,1785153462960610000,1785153462960611000,1785153462960728000,1785153462960731000,1785153462960731000,1785153462960731000,121932490,121652369,-163.121,0.000,0.000,1.000,3.000,0.000,0.000,7.000,0,0,0
B3_zmq_pushpull,zmq_tcp,none,none,,1,26501,512,584,1785153462961614000,1785153462961614000,1785153462961614000,1785153462961615000,1785153462961733000,1785153462961736000,1785153462961736000,1785153462961736000,121932490,121652369,-162.121,0.000,0.000,1.000,3.000,0.000,0.000,1.000,0,0,0
B3_zmq_pushpull,zmq_tcp,none,none,,1,26502,512,584,1785153462962614000,1785153462962614000,1785153462962614000,1785153462962615000,1785153462962725000,1785153462962728000,1785153462962728000,1785153462962728000,121932490,121652369,-170.121,0.000,0.000,1.000,3.000,0.000,0.000,8.000,0,0,0
B3_zmq_pushpull,zmq_tcp,none,none,,1,26503,512,584,1785153462963610000,1785153462963610000,1785153462963610000,1785153462963611000,1785153462963735000,1785153462963738000,1785153462963738000,1785153462963738000,121932490,121652369,-156.121,0.000,0.000,1.000,3.000,0.000,0.000,14.000,0,0,0
B3_zmq_pushpull,zmq_tcp,none,none,,1,26504,512,584,1785153462964614000,1785153462964614000,1785153462964614000,1785153462964615000,1785153462964737000,1785153462964740000,1785153462964740000,1785153462964740000,121932490,121652369,-158.121,0.000,0.000,1.000,3.000,0.000,0.000,2.000,0,0,0
B3_zmq_pushpull,zmq_tcp,none,none,,1,26505,512,584,1785153462965613000,1785153462965613000,1785153462965613000,1785153462965614000,1785153462965738000,1785153462965741000,1785153462965741000,1785153462965741000,121932490,121652369,-156.121,0.000,0.000,1.000,3.000,0.000,0.000,2.000,0,0,0
B3_zmq_pushpull,zmq_tcp,none,none,,1,26506,512,584,1785153462966613000,1785153462966613000,1785153462966613000,1785153462966614000,1785153462966735000,1785153462966738000,1785153462966738000,1785153462966738000,121932490,121652369,-159.121,0.000,0.000,1.000,3.000,0.000,0.000,3.000,0,0,0
B3_zmq_pushpull,zmq_tcp,none,none,,1,26507,512,584,1785153462967611000,1785153462967611000,1785153462967611000,1785153462967612000,1785153462967745000,1785153462967747000,1785153462967747000,1785153462967747000,121932490,121652369,-147.121,0.000,0.000,1.000,2.000,0.000,0.000,12.000,0,0,0
B3_zmq_pushpull,zmq_tcp,none,none,,1,26508,512,584,1785153462968614000,1785153462968614000,1785153462968614000,1785153462968615000,1785153462968749000,1785153462968751000,1785153462968751000,1785153462968751000,121932490,121652369,-146.121,0.000,0.000,1.000,2.000,0.000,0.000,1.000,0,0,0
B3_zmq_pushpull,zmq_tcp,none,none,,1,26509,512,584,1785153462969613000,1785153462969613000,1785153462969613000,1785153462969614000,1785153462969739000,1785153462969742000,1785153462969742000,1785153462969742000,121932490,121652369,-155.121,0.000,0.000,1.000,3.000,0.000,0.000,9.000,0,0,0
B3_zmq_pushpull,zmq_tcp,none,none,,1,26510,512,584,1785153462970616000,1785153462970616000,1785153462970616000,1785153462970617000,1785153462970743000,1785153462970746000,1785153462970746000,1785153462970746000,121932490,121652369,-154.121,0.000,0.000,1.000,3.000,0.000,0.000,1.000,0,0,0
B3_zmq_pushpull,zmq_tcp,none,none,,1,26511,512,584,1785153462971610000,1785153462971610000,1785153462971610000,1785153462971611000,1785153462971749000,1785153462971751000,1785153462971752000,1785153462971752000,121932490,121652369,-142.121,0.000,0.000,1.000,2.000,1.000,0.000,12.000,0,0,0
B3_zmq_pushpull,zmq_tcp,none,none,,1,26512,512,584,1785153462972614000,1785153462972614000,1785153462972614000,1785153462972615000,1785153462972755000,1785153462972758000,1785153462972758000,1785153462972758000,121932490,121652369,-140.121,0.000,0.000,1.000,3.000,0.000,0.000,2.000,0,0,0
B3_zmq_pushpull,zmq_tcp,none,none,,1,26513,512,584,1785153462973613000,1785153462973613000,1785153462973613000,1785153462973614000,1785153462973753000,1785153462973755000,1785153462973755000,1785153462973755000,121932490,121652369,-141.121,0.000,0.000,1.000,2.000,0.000,0.000,1.000,0,0,0
B3_zmq_pushpull,zmq_tcp,none,none,,1,26514,512,584,1785153462974613000,1785153462974613000,1785153462974613000,1785153462974614000,1785153462974754000,1785153462974757000,1785153462974757000,1785153462974757000,121932490,121652369,-140.121,0.000,0.000,1.000,3.000,0.000,0.000,1.000,0,0,0
B3_zmq_pushpull,zmq_tcp,none,none,,1,26515,512,584,1785153462975612000,1785153462975612000,1785153462975612000,1785153462975613000,1785153462975773000,1785153462975775000,1785153462975775000,1785153462975775000,121932490,121652369,-120.121,0.000,0.000,1.000,2.000,0.000,0.000,20.000,0,0,0
B3_zmq_pushpull,zmq_tcp,none,none,,1,26516,512,584,1785153462976615000,1785153462976615000,1785153462976615000,1785153462976616000,1785153462976783000,1785153462976786000,1785153462976786000,1785153462976786000,121932490,121652369,-113.121,0.000,0.000,1.000,3.000,0.000,0.000,7.000,0,0,0
B3_zmq_pushpull,zmq_tcp,none,none,,1,26517,512,584,1785153462977615000,1785153462977615000,1785153462977615000,1785153462977616000,1785153462977667000,1785153462977671000,1785153462977671000,1785153462977671000,121932490,121652369,-229.121,0.000,0.000,1.000,4.000,0.000,0.000,116.000,0,0,0
B3_zmq_pushpull,zmq_tcp,none,none,,1,26518,512,584,1785153462978612000,1785153462978612000,1785153462978612000,1785153462978613000,1785153462978669000,1785153462978672000,1785153462978672000,1785153462978672000,121932490,121652369,-224.121,0.000,0.000,1.000,3.000,0.000,0.000,5.000,0,0,0
B3_zmq_pushpull,zmq_tcp,none,none,,1,26519,512,584,1785153462979614000,1785153462979614000,1785153462979614000,1785153462979615000,1785153462979673000,1785153462979675000,1785153462979675000,1785153462979675000,121932490,121652369,-222.121,0.000,0.000,1.000,2.000,0.000,0.000,2.000,0,0,0
B3_zmq_pushpull,zmq_tcp,none,none,,1,26520,512,584,1785153462980613000,1785153462980613000,1785153462980613000,1785153462980614000,1785153462980659000,1785153462980662000,1785153462980662000,1785153462980662000,121932490,121652369,-235.121,0.000,0.000,1.000,3.000,0.000,0.000,13.000,0,0,0
B3_zmq_pushpull,zmq_tcp,none,none,,1,26521,512,584,1785153462981617000,1785153462981617000,1785153462981617000,1785153462981618000,1785153462981812000,1785153462981814000,1785153462981814000,1785153462981814000,121932490,121652369,-86.121,0.000,0.000,1.000,2.000,0.000,0.000,149.000,0,0,0
B3_zmq_pushpull,zmq_tcp,none,none,,1,26522,512,584,1785153462982518000,1785153462982518000,1785153462982518000,1785153462982519000,1785153462982678000,1785153462982681000,1785153462982681000,1785153462982681000,121932490,121652369,-121.121,0.000,0.000,1.000,3.000,0.000,0.000,35.000,0,0,0
B3_zmq_pushpull,zmq_tcp,none,none,,1,26523,512,584,1785153462983522000,1785153462983522000,1785153462983522000,1785153462983523000,1785153462983674000,1785153462983677000,1785153462983677000,1785153462983677000,121932490,121652369,-129.121,0.000,0.000,1.000,3.000,0.000,0.000,8.000,0,0,0
B3_zmq_pushpull,zmq_tcp,none,none,,1,26524,512,584,1785153462984638000,1785153462984638000,1785153462984638000,1785153462984639000,1785153462984807000,1785153462984810000,1785153462984810000,1785153462984810000,121932490,121652369,-112.121,0.000,0.000,1.000,3.000,0.000,0.000,17.000,0,0,0
B3_zmq_pushpull,zmq_tcp,none,none,,1,26525,512,584,1785153462985516000,1785153462985516000,1785153462985516000,1785153462985517000,1785153462985673000,1785153462985676000,1785153462985676000,1785153462985676000,121932490,121652369,-124.121,0.000,0.000,1.000,3.000,0.000,0.000,12.000,0,0,0
B3_zmq_pushpull,zmq_tcp,none,none,,1,26526,512,584,1785153462986637000,1785153462986637000,1785153462986637000,1785153462986638000,1785153462986811000,1785153462986814000,1785153462986814000,1785153462986814000,121932490,121652369,-107.121,0.000,0.000,1.000,3.000,0.000,0.000,17.000,0,0,0
B3_zmq_pushpull,zmq_tcp,none,none,,1,26527,512,584,1785153462987608000,1785153462987608000,1785153462987608000,1785153462987609000,1785153462987670000,1785153462987673000,1785153462987673000,1785153462987673000,121932490,121652369,-219.121,0.000,0.000,1.000,3.000,0.000,0.000,112.000,0,0,0
B3_zmq_pushpull,zmq_tcp,none,none,,1,26528,512,584,1785153462988614000,1785153462988615000,1785153462988615000,1785153462988616000,1785153462988682000,1785153462988685000,1785153462988685000,1785153462988685000,121932490,121652369,-214.121,1.000,0.000,1.000,3.000,0.000,0.000,5.000,0,0,0
B3_zmq_pushpull,zmq_tcp,none,none,,1,26529,512,584,1785153462989544000,1785153462989544000,1785153462989544000,1785153462989545000,1785153462989694000,1785153462989697000,1785153462989697000,1785153462989697000,121932490,121652369,-131.121,0.000,0.000,1.000,3.000,0.000,0.000,83.000,0,0,0
B3_zmq_pushpull,zmq_tcp,none,none,,1,26530,512,584,1785153462990630000,1785153462990631000,1785153462990631000,1785153462990632000,1785153462990698000,1785153462990702000,1785153462990702000,1785153462990702000,121932490,121652369,-214.121,1.000,0.000,1.000,4.000,0.000,0.000,83.000,0,0,0
B3_zmq_pushpull,zmq_tcp,none,none,,1,26531,512,584,1785153462991541000,1785153462991541000,1785153462991541000,1785153462991542000,1785153462991694000,1785153462991697000,1785153462991697000,1785153462991697000,121932490,121652369,-128.121,0.000,0.000,1.000,3.000,0.000,0.000,86.000,0,0,0
B3_zmq_pushpull,zmq_tcp,none,none,,1,26532,512,584,1785153462992632000,1785153462992632000,1785153462992632000,1785153462992633000,1785153462992682000,1785153462992686000,1785153462992686000,1785153462992686000,121932490,121652369,-231.121,0.000,0.000,1.000,4.000,0.000,0.000,103.000,0,0,0
B3_zmq_pushpull,zmq_tcp,none,none,,1,26533,512,584,1785153462993505000,1785153462993505000,1785153462993505000,1785153462993506000,1785153462993661000,1785153462993663000,1785153462993664000,1785153462993664000,121932490,121652369,-125.121,0.000,0.000,1.000,2.000,1.000,0.000,106.000,0,0,0
B3_zmq_pushpull,zmq_tcp,none,none,,1,26534,512,584,1785153462994640000,1785153462994640000,1785153462994640000,1785153462994641000,1785153462994798000,1785153462994801000,1785153462994801000,1785153462994801000,121932490,121652369,-123.121,0.000,0.000,1.000,3.000,0.000,0.000,2.000,0,0,0
B3_zmq_pushpull,zmq_tcp,none,none,,1,26535,512,584,1785153462995609000,1785153462995610000,1785153462995610000,1785153462995611000,1785153462995663000,1785153462995666000,1785153462995666000,1785153462995666000,121932490,121652369,-228.121,1.000,0.000,1.000,3.000,0.000,0.000,105.000,0,0,0
B3_zmq_pushpull,zmq_tcp,none,none,,1,26536,512,584,1785153462996515000,1785153462996515000,1785153462996516000,1785153462996516000,1785153462996677000,1785153462996679000,1785153462996679000,1785153462996679000,121932490,121652369,-119.121,0.000,1.000,0.000,2.000,0.000,0.000,109.000,0,0,0
B3_zmq_pushpull,zmq_tcp,none,none,,1,26537,512,584,1785153462997532000,1785153462997532000,1785153462997532000,1785153462997533000,1785153462997693000,1785153462997695000,1785153462997695000,1785153462997695000,121932490,121652369,-120.121,0.000,0.000,1.000,2.000,0.000,0.000,1.000,0,0,0
B3_zmq_pushpull,zmq_tcp,none,none,,1,26538,512,584,1785153462998530000,1785153462998530000,1785153462998530000,1785153462998531000,1785153462998689000,1785153462998692000,1785153462998692000,1785153462998692000,121932490,121652369,-122.121,0.000,0.000,1.000,3.000,0.000,0.000,2.000,0,0,0
B3_zmq_pushpull,zmq_tcp,none,none,,1,26539,512,584,1785153462999533000,1785153462999533000,1785153462999533000,1785153462999534000,1785153462999690000,1785153462999693000,1785153462999693000,1785153462999693000,121932490,121652369,-124.121,0.000,0.000,1.000,3.000,0.000,0.000,2.000,0,0,0
B3_zmq_pushpull,zmq_tcp,none,none,,1,26540,512,584,1785153463000631000,1785153463000631000,1785153463000631000,1785153463000632000,1785153463000695000,1785153463000698000,1785153463000698000,1785153463000698000,121932490,121652369,-217.121,0.000,0.000,1.000,3.000,0.000,0.000,93.000,0,0,0
B3_zmq_pushpull,zmq_tcp,none,none,,1,26541,512,584,1785153463001609000,1785153463001610000,1785153463001610000,1785153463001611000,1785153463001685000,1785153463001687000,1785153463001687000,1785153463001687000,121932490,121652369,-206.121,1.000,0.000,1.000,2.000,0.000,0.000,11.000,0,0,0
B3_zmq_pushpull,zmq_tcp,none,none,,1,26542,512,584,1785153463002615000,1785153463002615000,1785153463002615000,1785153463002616000,1785153463002690000,1785153463002693000,1785153463002693000,1785153463002693000,121932490,121652369,-206.121,0.000,0.000,1.000,3.000,0.000,0.000,0.000,0,0,0
B3_zmq_pushpull,zmq_tcp,none,none,,1,26543,512,584,1785153463003610000,1785153463003610000,1785153463003610000,1785153463003611000,1785153463003693000,1785153463003697000,1785153463003697000,1785153463003697000,121932490,121652369,-198.121,0.000,0.000,1.000,4.000,0.000,0.000,8.000,0,0,0
B3_zmq_pushpull,zmq_tcp,none,none,,1,26544,512,584,1785153463004614000,1785153463004614000,1785153463004615000,1785153463004615000,1785153463004705000,1785153463004708000,1785153463004708000,1785153463004708000,121932490,121652369,-190.121,0.000,1.000,0.000,3.000,0.000,0.000,8.000,0,0,0
B3_zmq_pushpull,zmq_tcp,none,none,,1,26545,512,584,1785153463005418000,1785153463005418000,1785153463005418000,1785153463005419000,1785153463005565000,1785153463005568000,1785153463005568000,1785153463005568000,121932490,121652369,-134.121,0.000,0.000,1.000,3.000,0.000,0.000,56.000,0,0,0
B3_zmq_pushpull,zmq_tcp,none,none,,1,26546,512,584,1785153463006425000,1785153463006425000,1785153463006425000,1785153463006426000,1785153463006558000,1785153463006561000,1785153463006561000,1785153463006561000,121932490,121652369,-148.121,0.000,0.000,1.000,3.000,0.000,0.000,14.000,0,0,0
B3_zmq_pushpull,zmq_tcp,none,none,,1,26547,512,584,1785153463007537000,1785153463007537000,1785153463007537000,1785153463007538000,1785153463007681000,1785153463007684000,1785153463007684000,1785153463007684000,121932490,121652369,-137.121,0.000,0.000,1.000,3.000,0.000,0.000,11.000,0,0,0
B3_zmq_pushpull,zmq_tcp,none,none,,1,26548,512,584,1785153463008637000,1785153463008637000,1785153463008637000,1785153463008638000,1785153463008689000,1785153463008692000,1785153463008692000,1785153463008692000,121932490,121652369,-229.121,0.000,0.000,1.000,3.000,0.000,0.000,92.000,0,0,0
B3_zmq_pushpull,zmq_tcp,none,none,,1,26549,512,584,1785153463009609000,1785153463009609000,1785153463009609000,1785153463009610000,1785153463009697000,1785153463009699000,1785153463009699000,1785153463009699000,121932490,121652369,-193.121,0.000,0.000,1.000,2.000,0.000,0.000,36.000,0,0,0
B3_zmq_pushpull,zmq_tcp,none,none,,1,26550,512,584,1785153463010610000,1785153463010610000,1785153463010611000,1785153463010611000,1785153463010697000,1785153463010700000,1785153463010700000,1785153463010700000,121932490,121652369,-194.121,0.000,1.000,0.000,3.000,0.000,0.000,1.000,0,0,0
B3_zmq_pushpull,zmq_tcp,none,none,,1,26551,512,584,1785153463011616000,1785153463011616000,1785153463011616000,1785153463011617000,1785153463011718000,1785153463011721000,1785153463011721000,1785153463011721000,121932490,121652369,-179.121,0.000,0.000,1.000,3.000,0.000,0.000,15.000,0,0,0
B3_zmq_pushpull,zmq_tcp,none,none,,1,26552,512,584,1785153463012613000,1785153463012613000,1785153463012613000,1785153463012614000,1785153463012725000,1785153463012727000,1785153463012727000,1785153463012727000,121932490,121652369,-169.121,0.000,0.000,1.000,2.000,0.000,0.000,10.000,0,0,0
B3_zmq_pushpull,zmq_tcp,none,none,,1,26553,512,584,1785153463013612000,1785153463013612000,1785153463013612000,1785153463013613000,1785153463013738000,1785153463013741000,1785153463013741000,1785153463013741000,121932490,121652369,-155.121,0.000,0.000,1.000,3.000,0.000,0.000,14.000,0,0,0
B3_zmq_pushpull,zmq_tcp,none,none,,1,26554,512,584,1785153463014613000,1785153463014614000,1785153463014614000,1785153463014615000,1785153463014718000,1785153463014723000,1785153463014723000,1785153463014723000,121932490,121652369,-177.121,1.000,0.000,1.000,5.000,0.000,0.000,22.000,0,0,0
B3_zmq_pushpull,zmq_tcp,none,none,,1,26555,512,584,1785153463015613000,1785153463015613000,1785153463015613000,1785153463015614000,1785153463015710000,1785153463015713000,1785153463015713000,1785153463015713000,121932490,121652369,-184.121,0.000,0.000,1.000,3.000,0.000,0.000,7.000,0,0,0
B3_zmq_pushpull,zmq_tcp,none,none,,1,26556,512,584,1785153463016613000,1785153463016613000,1785153463016613000,1785153463016614000,1785153463016731000,1785153463016734000,1785153463016734000,1785153463016734000,121932490,121652369,-163.121,0.000,0.000,1.000,3.000,0.000,0.000,21.000,0,0,0
B3_zmq_pushpull,zmq_tcp,none,none,,1,26557,512,584,1785153463017610000,1785153463017611000,1785153463017611000,1785153463017612000,1785153463017746000,1785153463017749000,1785153463017749000,1785153463017749000,121932490,121652369,-146.121,1.000,0.000,1.000,3.000,0.000,0.000,17.000,0,0,0
B3_zmq_pushpull,zmq_tcp,none,none,,1,26558,512,584,1785153463018614000,1785153463018614000,1785153463018615000,1785153463018615000,1785153463018744000,1785153463018746000,1785153463018746000,1785153463018746000,121932490,121652369,-151.121,0.000,1.000,0.000,2.000,0.000,0.000,5.000,0,0,0
B3_zmq_pushpull,zmq_tcp,none,none,,1,26559,512,584,1785153463019615000,1785153463019615000,1785153463019615000,1785153463019616000,1785153463019740000,1785153463019744000,1785153463019744000,1785153463019744000,121932490,121652369,-156.121,0.000,0.000,1.000,4.000,0.000,0.000,5.000,0,0,0
B3_zmq_pushpull,zmq_tcp,none,none,,1,26560,512,584,1785153463020612000,1785153463020612000,1785153463020612000,1785153463020613000,1785153463020741000,1785153463020744000,1785153463020744000,1785153463020744000,121932490,121652369,-152.121,0.000,0.000,1.000,3.000,0.000,0.000,4.000,0,0,0
B3_zmq_pushpull,zmq_tcp,none,none,,1,26561,512,584,1785153463021613000,1785153463021613000,1785153463021613000,1785153463021614000,1785153463021740000,1785153463021743000,1785153463021743000,1785153463021743000,121932490,121652369,-154.121,0.000,0.000,1.000,3.000,0.000,0.000,2.000,0,0,0
B3_zmq_pushpull,zmq_tcp,none,none,,1,26562,512,584,1785153463022613000,1785153463022613000,1785153463022613000,1785153463022614000,1785153463022729000,1785153463022731000,1785153463022731000,1785153463022732000,121932490,121652369,-165.121,0.000,0.000,1.000,2.000,0.000,1.000,11.000,0,0,0
B3_zmq_pushpull,zmq_tcp,none,none,,1,26563,512,584,1785153463023614000,1785153463023614000,1785153463023614000,1785153463023615000,1785153463023748000,1785153463023755000,1785153463023755000,1785153463023755000,121932490,121652369,-147.121,0.000,0.000,1.000,7.000,0.000,0.000,18.000,0,0,0
B3_zmq_pushpull,zmq_tcp,none,none,,1,26564,512,584,1785153463024608000,1785153463024608000,1785153463024608000,1785153463024609000,1785153463024764000,1785153463024767000,1785153463024767000,1785153463024767000,121932490,121652369,-125.121,0.000,0.000,1.000,3.000,0.000,0.000,22.000,0,0,0
B3_zmq_pushpull,zmq_tcp,none,none,,1,26565,512,584,1785153463025614000,1785153463025614000,1785153463025614000,1785153463025615000,1785153463025769000,1785153463025773000,1785153463025773000,1785153463025773000,121932490,121652369,-126.121,0.000,0.000,1.000,4.000,0.000,0.000,1.000,0,0,0
B3_zmq_pushpull,zmq_tcp,none,none,,1,26566,512,584,1785153463026612000,1785153463026612000,1785153463026612000,1785153463026613000,1785153463026771000,1785153463026774000,1785153463026774000,1785153463026774000,121932490,121652369,-122.121,0.000,0.000,1.000,3.000,0.000,0.000,4.000,0,0,0
B3_zmq_pushpull,zmq_tcp,none,none,,1,26567,512,584,1785153463027613000,1785153463027614000,1785153463027614000,1785153463027615000,1785153463027761000,1785153463027764000,1785153463027764000,1785153463027764000,121932490,121652369,-134.121,1.000,0.000,1.000,3.000,0.000,0.000,12.000,0,0,0
B3_zmq_pushpull,zmq_tcp,none,none,,1,26568,512,584,1785153463028610000,1785153463028610000,1785153463028610000,1785153463028611000,1785153463028770000,1785153463028773000,1785153463028773000,1785153463028773000,121932490,121652369,-121.121,0.000,0.000,1.000,3.000,0.000,0.000,13.000,0,0,0
B3_zmq_pushpull,zmq_tcp,none,none,,1,26569,512,584,1785153463029615000,1785153463029615000,1785153463029615000,1785153463029616000,1785153463029773000,1785153463029776000,1785153463029776000,1785153463029776000,121932490,121652369,-123.121,0.000,0.000,1.000,3.000,0.000,0.000,2.000,0,0,0
B3_zmq_pushpull,zmq_tcp,none,none,,1,26570,512,584,1785153463030613000,1785153463030613000,1785153463030613000,1785153463030614000,1785153463030772000,1785153463030775000,1785153463030775000,1785153463030775000,121932490,121652369,-122.121,0.000,0.000,1.000,3.000,0.000,0.000,1.000,0,0,0
B3_zmq_pushpull,zmq_tcp,none,none,,1,26571,512,584,1785153463031490000,1785153463031490000,1785153463031490000,1785153463031491000,1785153463031647000,1785153463031650000,1785153463031650000,1785153463031650000,121932490,121652369,-124.121,0.000,0.000,1.000,3.000,0.000,0.000,2.000,0,0,0
B3_zmq_pushpull,zmq_tcp,none,none,,1,26572,512,584,1785153463032640000,1785153463032640000,1785153463032640000,1785153463032641000,1785153463032801000,1785153463032804000,1785153463032804000,1785153463032804000,121932490,121652369,-120.121,0.000,0.000,1.000,3.000,0.000,0.000,4.000,0,0,0
B3_zmq_pushpull,zmq_tcp,none,none,,1,26573,512,584,1785153463033607000,1785153463033607000,1785153463033608000,1785153463033608000,1785153463033802000,1785153463033805000,1785153463033805000,1785153463033805000,121932490,121652369,-86.121,0.000,1.000,0.000,3.000,0.000,0.000,34.000,0,0,0
B3_zmq_pushpull,zmq_tcp,none,none,,1,26574,512,584,1785153463034615000,1785153463034615000,1785153463034615000,1785153463034616000,1785153463034674000,1785153463034677000,1785153463034677000,1785153463034677000,121932490,121652369,-222.121,0.000,0.000,1.000,3.000,0.000,0.000,136.000,0,0,0
B3_zmq_pushpull,zmq_tcp,none,none,,1,26575,512,584,1785153463035510000,1785153463035510000,1785153463035510000,1785153463035511000,1785153463035668000,1785153463035670000,1785153463035670000,1785153463035670000,121932490,121652369,-123.121,0.000,0.000,1.000,2.000,0.000,0.000,99.000,0,0,0
B3_zmq_pushpull,zmq_tcp,none,none,,1,26576,512,584,1785153463036502000,1785153463036502000,1785153463036502000,1785153463036503000,1785153463036657000,1785153463036660000,1785153463036660000,1785153463036660000,121932490,121652369,-126.121,0.000,0.000,1.000,3.000,0.000,0.000,3.000,0,0,0
B3_zmq_pushpull,zmq_tcp,none,none,,1,26577,512,584,1785153463037642000,1785153463037642000,1785153463037642000,1785153463037643000,1785153463037817000,1785153463037820000,1785153463037820000,1785153463037820000,121932490,121652369,-106.121,0.000,0.000,1.000,3.000,0.000,0.000,20.000,0,0,0
B3_zmq_pushpull,zmq_tcp,none,none,,1,26578,512,584,1785153463038603000,1785153463038603000,1785153463038603000,1785153463038604000,1785153463038663000,1785153463038666000,1785153463038666000,1785153463038666000,121932490,121652369,-221.121,0.000,0.000,1.000,3.000,0.000,0.000,115.000,0,0,0
B3_zmq_pushpull,zmq_tcp,none,none,,1,26579,512,584,1785153463039617000,1785153463039617000,1785153463039617000,1785153463039618000,1785153463039680000,1785153463039683000,1785153463039683000,1785153463039683000,121932490,121652369,-218.121,0.000,0.000,1.000,3.000,0.000,0.000,3.000,0,0,0
B3_zmq_pushpull,zmq_tcp,none,none,,1,26580,512,584,1785153463040612000,1785153463040612000,1785153463040612000,1785153463040613000,1785153463040680000,1785153463040684000,1785153463040684000,1785153463040684000,121932490,121652369,-213.121,0.000,0.000,1.000,4.000,0.000,0.000,5.000,0,0,0
B3_zmq_pushpull,zmq_tcp,none,none,,1,26581,512,584,1785153463041614000,1785153463041614000,1785153463041614000,1785153463041615000,1785153463041671000,1785153463041674000,1785153463041674000,1785153463041674000,121932490,121652369,-224.121,0.000,0.000,1.000,3.000,0.000,0.000,11.000,0,0,0
B3_zmq_pushpull,zmq_tcp,none,none,,1,26582,512,584,1785153463042611000,1785153463042611000,1785153463042611000,1785153463042612000,1785153463042657000,1785153463042660000,1785153463042660000,1785153463042660000,121932490,121652369,-235.121,0.000,0.000,1.000,3.000,0.000,0.000,11.000,0,0,0
B3_zmq_pushpull,zmq_tcp,none,none,,1,26583,512,584,1785153463043614000,1785153463043614000,1785153463043614000,1785153463043615000,1785153463043662000,1785153463043666000,1785153463043666000,1785153463043666000,121932490,121652369,-233.121,0.000,0.000,1.000,4.000,0.000,0.000,2.000,0,0,0
B3_zmq_pushpull,zmq_tcp,none,none,,1,26584,512,584,1785153463044614000,1785153463044614000,1785153463044614000,1785153463044615000,1785153463044662000,1785153463044666000,1785153463044666000,1785153463044666000,121932490,121652369,-233.121,0.000,0.000,1.000,4.000,0.000,0.000,0.000,0,0,0
B3_zmq_pushpull,zmq_tcp,none,none,,1,26585,512,584,1785153463045618000,1785153463045619000,1785153463045619000,1785153463045620000,1785153463045804000,1785153463045806000,1785153463045806000,1785153463045806000,121932490,121652369,-96.121,1.000,0.000,1.000,2.000,0.000,0.000,137.000,0,0,0
B3_zmq_pushpull,zmq_tcp,none,none,,1,26586,512,584,1785153463046612000,1785153463046612000,1785153463046612000,1785153463046613000,1785153463046800000,1785153463046802000,1785153463046802000,1785153463046802000,121932490,121652369,-93.121,0.000,0.000,1.000,2.000,0.000,0.000,3.000,0,0,0
B3_zmq_pushpull,zmq_tcp,none,none,,1,26587,512,584,1785153463047504000,1785153463047505000,1785153463047505000,1785153463047506000,1785153463047648000,1785153463047650000,1785153463047650000,1785153463047650000,121932490,121652369,-138.121,1.000,0.000,1.000,2.000,0.000,0.000,45.000,0,0,0
B3_zmq_pushpull,zmq_tcp,none,none,,1,26588,512,584,1785153463048642000,1785153463048642000,1785153463048642000,1785153463048643000,1785153463048788000,1785153463048790000,1785153463048791000,1785153463048791000,121932490,121652369,-135.121,0.000,0.000,1.000,2.000,1.000,0.000,3.000,0,0,0
B3_zmq_pushpull,zmq_tcp,none,none,,1,26589,512,584,1785153463049604000,1785153463049604000,1785153463049604000,1785153463049605000,1785153463049650000,1785153463049654000,1785153463049654000,1785153463049654000,121932490,121652369,-235.121,0.000,0.000,1.000,4.000,0.000,0.000,100.000,0,0,0
B3_zmq_pushpull,zmq_tcp,none,none,,1,26590,512,584,1785153463050616000,1785153463050616000,1785153463050616000,1785153463050617000,1785153463050662000,1785153463050665000,1785153463050665000,1785153463050665000,121932490,121652369,-235.121,0.000,0.000,1.000,3.000,0.000,0.000,0.000,0,0,0
B3_zmq_pushpull,zmq_tcp,none,none,,1,26591,512,584,1785153463051510000,1785153463051510000,1785153463051510000,1785153463051511000,1785153463051673000,1785153463051681000,1785153463051681000,1785153463051681000,121932490,121652369,-118.121,0.000,0.000,1.000,8.000,0.000,0.000,117.000,0,0,0
B3_zmq_pushpull,zmq_tcp,none,none,,1,26592,512,584,1785153463052641000,1785153463052641000,1785153463052641000,1785153463052642000,1785153463052825000,1785153463052828000,1785153463052828000,1785153463052828000,121932490,121652369,-97.121,0.000,0.000,1.000,3.000,0.000,0.000,21.000,0,0,0
B3_zmq_pushpull,zmq_tcp,none,none,,1,26593,512,584,1785153463053603000,1785153463053604000,1785153463053604000,1785153463053605000,1785153463053676000,1785153463053679000,1785153463053679000,1785153463053679000,121932490,121652369,-209.121,1.000,0.000,1.000,3.000,0.000,0.000,112.000,0,0,0
B3_zmq_pushpull,zmq_tcp,none,none,,1,26594,512,584,1785153463054616000,1785153463054616000,1785153463054616000,1785153463054617000,1785153463054800000,1785153463054803000,1785153463054803000,1785153463054803000,121932490,121652369,-97.121,0.000,0.000,1.000,3.000,0.000,0.000,112.000,0,0,0
B3_zmq_pushpull,zmq_tcp,none,none,,1,26595,512,584,1785153463055502000,1785153463055502000,1785153463055502000,1785153463055503000,1785153463055639000,1785153463055641000,1785153463055641000,1785153463055641000,121932490,121652369,-144.121,0.000,0.000,1.000,2.000,0.000,0.000,47.000,0,0,0
B3_zmq_pushpull,zmq_tcp,none,none,,1,26596,512,584,1785153463056642000,1785153463056642000,1785153463056642000,1785153463056643000,1785153463056786000,1785153463056789000,1785153463056789000,1785153463056789000,121932490,121652369,-137.121,0.000,0.000,1.000,3.000,0.000,0.000,7.000,0,0,0
B3_zmq_pushpull,zmq_tcp,none,none,,1,26597,512,584,1785153463057604000,1785153463057604000,1785153463057604000,1785153463057605000,1785153463057780000,1785153463057783000,1785153463057783000,1785153463057783000,121932490,121652369,-105.121,0.000,0.000,1.000,3.000,0.000,0.000,32.000,0,0,0
B3_zmq_pushpull,zmq_tcp,none,none,,1,26598,512,584,1785153463058618000,1785153463058618000,1785153463058618000,1785153463058619000,1785153463058804000,1785153463058806000,1785153463058806000,1785153463058806000,121932490,121652369,-95.121,0.000,0.000,1.000,2.000,0.000,0.000,10.000,0,0,0
B3_zmq_pushpull,zmq_tcp,none,none,,1,26599,512,584,1785153463059619000,1785153463059619000,1785153463059619000,1785153463059620000,1785153463059676000,1785153463059679000,1785153463059679000,1785153463059679000,121932490,121652369,-224.121,0.000,0.000,1.000,3.000,0.000,0.000,129.000,0,0,0
B3_zmq_pushpull,zmq_tcp,none,none,,1,26600,512,584,1785153463060614000,1785153463060615000,1785153463060615000,1785153463060616000,1785153463060692000,1785153463060694000,1785153463060694000,1785153463060695000,121932490,121652369,-204.121,1.000,0.000,1.000,2.000,0.000,1.000,20.000,0,0,0
B3_zmq_pushpull,zmq_tcp,none,none,,1,26601,512,584,1785153463061609000,1785153463061609000,1785153463061609000,1785153463061610000,1785153463061717000,1785153463061722000,1785153463061722000,1785153463061722000,121932490,121652369,-173.121,0.000,0.000,1.000,5.000,0.000,0.000,31.000,0,0,0
B3_zmq_pushpull,zmq_tcp,none,none,,1,26602,512,584,1785153463062418000,1785153463062418000,1785153463062418000,1785153463062419000,1785153463062574000,1785153463062577000,1785153463062577000,1785153463062577000,121932490,121652369,-125.121,0.000,0.000,1.000,3.000,0.000,0.000,48.000,0,0,0
B3_zmq_pushpull,zmq_tcp,none,none,,1,26603,512,584,1785153463063663000,1785153463063663000,1785153463063663000,1785153463063664000,1785153463063721000,1785153463063724000,1785153463063724000,1785153463063724000,121932490,121652369,-223.121,0.000,0.000,1.000,3.000,0.000,0.000,98.000,0,0,0
B3_zmq_pushpull,zmq_tcp,none,none,,1,26604,512,584,1785153463064433000,1785153463064434000,1785153463064434000,1785153463064434000,1785153463064592000,1785153463064595000,1785153463064595000,1785153463064595000,121932490,121652369,-122.121,1.000,0.000,0.000,3.000,0.000,0.000,101.000,0,0,0
B3_zmq_pushpull,zmq_tcp,none,none,,1,26605,512,584,1785153463065660000,1785153463065660000,1785153463065660000,1785153463065661000,1785153463065719000,1785153463065722000,1785153463065722000,1785153463065722000,121932490,121652369,-222.121,0.000,0.000,1.000,3.000,0.000,0.000,100.000,0,0,0
B3_zmq_pushpull,zmq_tcp,none,none,,1,26606,512,584,1785153463066602000,1785153463066602000,1785153463066602000,1785153463066603000,1785153463066713000,1785153463066716000,1785153463066716000,1785153463066716000,121932490,121652369,-170.121,0.000,0.000,1.000,3.000,0.000,0.000,52.000,0,0,0
B3_zmq_pushpull,zmq_tcp,none,none,,1,26607,512,584,1785153463067427000,1785153463067428000,1785153463067428000,1785153463067429000,1785153463067589000,1785153463067592000,1785153463067592000,1785153463067592000,121932490,121652369,-120.121,1.000,0.000,1.000,3.000,0.000,0.000,50.000,0,0,0
B3_zmq_pushpull,zmq_tcp,none,none,,1,26608,512,584,1785153463068657000,1785153463068657000,1785153463068657000,1785153463068658000,1785153463068708000,1785153463068711000,1785153463068711000,1785153463068711000,121932490,121652369,-230.121,0.000,0.000,1.000,3.000,0.000,0.000,110.000,0,0,0
B3_zmq_pushpull,zmq_tcp,none,none,,1,26609,512,584,1785153463069603000,1785153463069603000,1785153463069603000,1785153463069604000,1785153463069706000,1785153463069709000,1785153463069709000,1785153463069709000,121932490,121652369,-178.121,0.000,0.000,1.000,3.000,0.000,0.000,52.000,0,0,0
B3_zmq_pushpull,zmq_tcp,none,none,,1,26610,512,584,1785153463070618000,1785153463070618000,1785153463070618000,1785153463070619000,1785153463070705000,1785153463070708000,1785153463070708000,1785153463070708000,121932490,121652369,-194.121,0.000,0.000,1.000,3.000,0.000,0.000,16.000,0,0,0
B3_zmq_pushpull,zmq_tcp,none,none,,1,26611,512,584,1785153463071610000,1785153463071610000,1785153463071610000,1785153463071611000,1785153463071702000,1785153463071705000,1785153463071705000,1785153463071705000,121932490,121652369,-189.121,0.000,0.000,1.000,3.000,0.000,0.000,5.000,0,0,0
B3_zmq_pushpull,zmq_tcp,none,none,,1,26612,512,584,1785153463072617000,1785153463072617000,1785153463072617000,1785153463072618000,1785153463072706000,1785153463072708000,1785153463072708000,1785153463072708000,121932490,121652369,-192.121,0.000,0.000,1.000,2.000,0.000,0.000,3.000,0,0,0
B3_zmq_pushpull,zmq_tcp,none,none,,1,26613,512,584,1785153463073613000,1785153463073614000,1785153463073614000,1785153463073615000,1785153463073705000,1785153463073708000,1785153463073708000,1785153463073708000,121932490,121652369,-190.121,1.000,0.000,1.000,3.000,0.000,0.000,2.000,0,0,0
B3_zmq_pushpull,zmq_tcp,none,none,,1,26614,512,584,1785153463074615000,1785153463074615000,1785153463074615000,1785153463074616000,1785153463074702000,1785153463074706000,1785153463074706000,1785153463074706000,121932490,121652369,-194.121,0.000,0.000,1.000,4.000,0.000,0.000,4.000,0,0,0
B3_zmq_pushpull,zmq_tcp,none,none,,1,26615,512,584,1785153463075609000,1785153463075610000,1785153463075610000,1785153463075611000,1785153463075705000,1785153463075708000,1785153463075708000,1785153463075708000,121932490,121652369,-186.121,1.000,0.000,1.000,3.000,0.000,0.000,8.000,0,0,0
B3_zmq_pushpull,zmq_tcp,none,none,,1,26616,512,584,1785153463076615000,1785153463076615000,1785153463076615000,1785153463076616000,1785153463076714000,1785153463076717000,1785153463076717000,1785153463076717000,121932490,121652369,-182.121,0.000,0.000,1.000,3.000,0.000,0.000,4.000,0,0,0
B3_zmq_pushpull,zmq_tcp,none,none,,1,26617,512,584,1785153463077614000,1785153463077614000,1785153463077614000,1785153463077615000,1785153463077710000,1785153463077713000,1785153463077713000,1785153463077713000,121932490,121652369,-185.121,0.000,0.000,1.000,3.000,0.000,0.000,3.000,0,0,0
B3_zmq_pushpull,zmq_tcp,none,none,,1,26618,512,584,1785153463078614000,1785153463078614000,1785153463078614000,1785153463078615000,1785153463078722000,1785153463078725000,1785153463078725000,1785153463078725000,121932490,121652369,-173.121,0.000,0.000,1.000,3.000,0.000,0.000,12.000,0,0,0
B3_zmq_pushpull,zmq_tcp,none,none,,1,26619,512,584,1785153463079612000,1785153463079612000,1785153463079612000,1785153463079613000,1785153463079736000,1785153463079738000,1785153463079738000,1785153463079738000,121932490,121652369,-157.121,0.000,0.000,1.000,2.000,0.000,0.000,16.000,0,0,0
B3_zmq_pushpull,zmq_tcp,none,none,,1,26620,512,584,1785153463080615000,1785153463080615000,1785153463080615000,1785153463080616000,1785153463080741000,1785153463080744000,1785153463080744000,1785153463080744000,121932490,121652369,-155.121,0.000,0.000,1.000,3.000,0.000,0.000,2.000,0,0,0
B3_zmq_pushpull,zmq_tcp,none,none,,1,26621,512,584,1785153463081613000,1785153463081613000,1785153463081613000,1785153463081614000,1785153463081745000,1785153463081748000,1785153463081748000,1785153463081748000,121932490,121652369,-149.121,0.000,0.000,1.000,3.000,0.000,0.000,6.000,0,0,0
B3_zmq_pushpull,zmq_tcp,none,none,,1,26622,512,584,1785153463082615000,1785153463082615000,1785153463082615000,1785153463082616000,1785153463082754000,1785153463082757000,1785153463082757000,1785153463082757000,121932490,121652369,-142.121,0.000,0.000,1.000,3.000,0.000,0.000,7.000,0,0,0
B3_zmq_pushpull,zmq_tcp,none,none,,1,26623,512,584,1785153463083461000,1785153463083461000,1785153463083461000,1785153463083462000,1785153463083619000,1785153463083622000,1785153463083622000,1785153463083622000,121932490,121652369,-123.121,0.000,0.000,1.000,3.000,0.000,0.000,19.000,0,0,0
B3_zmq_pushpull,zmq_tcp,none,none,,1,26624,512,584,1785153463084654000,1785153463084654000,1785153463084654000,1785153463084655000,1785153463084765000,1785153463084768000,1785153463084768000,1785153463084768000,121932490,121652369,-170.121,0.000,0.000,1.000,3.000,0.000,0.000,47.000,0,0,0
B3_zmq_pushpull,zmq_tcp,none,none,,1,26625,512,584,1785153463085607000,1785153463085607000,1785153463085607000,1785153463085608000,1785153463085760000,1785153463085762000,1785153463085762000,1785153463085762000,121932490,121652369,-128.121,0.000,0.000,1.000,2.000,0.000,0.000,42.000,0,0,0
B3_zmq_pushpull,zmq_tcp,none,none,,1,26626,512,584,1785153463086463000,1785153463086463000,1785153463086463000,1785153463086464000,1785153463086622000,1785153463086625000,1785153463086625000,1785153463086625000,121932490,121652369,-122.121,0.000,0.000,1.000,3.000,0.000,0.000,6.000,0,0,0
B3_zmq_pushpull,zmq_tcp,none,none,,1,26627,512,584,1785153463087476000,1785153463087476000,1785153463087476000,1785153463087477000,1785153463087633000,1785153463087636000,1785153463087636000,1785153463087636000,121932490,121652369,-124.121,0.000,0.000,1.000,3.000,0.000,0.000,2.000,0,0,0
B3_zmq_pushpull,zmq_tcp,none,none,,1,26628,512,584,1785153463088651000,1785153463088651000,1785153463088651000,1785153463088652000,1785153463088772000,1785153463088774000,1785153463088774000,1785153463088775000,121932490,121652369,-160.121,0.000,0.000,1.000,2.000,0.000,1.000,36.000,0,0,0
B3_zmq_pushpull,zmq_tcp,none,none,,1,26629,512,584,1785153463089608000,1785153463089608000,1785153463089608000,1785153463089609000,1785153463089777000,1785153463089780000,1785153463089780000,1785153463089780000,121932490,121652369,-112.121,0.000,0.000,1.000,3.000,0.000,0.000,48.000,0,0,0
B3_zmq_pushpull,zmq_tcp,none,none,,1,26630,512,584,1785153463090611000,1785153463090611000,1785153463090611000,1785153463090612000,1785153463090653000,1785153463090656000,1785153463090656000,1785153463090656000,121932490,121652369,-239.121,0.000,0.000,1.000,3.000,0.000,0.000,127.000,0,0,0
B3_zmq_pushpull,zmq_tcp,none,none,,1,26631,512,584,1785153463091488000,1785153463091488000,1785153463091488000,1785153463091489000,1785153463091644000,1785153463091646000,1785153463091646000,1785153463091646000,121932490,121652369,-125.121,0.000,0.000,1.000,2.000,0.000,0.000,114.000,0,0,0
B3_zmq_pushpull,zmq_tcp,none,none,,1,26632,512,584,1785153463092646000,1785153463092646000,1785153463092646000,1785153463092647000,1785153463092801000,1785153463092804000,1785153463092804000,1785153463092804000,121932490,121652369,-126.121,0.000,0.000,1.000,3.000,0.000,0.000,1.000,0,0,0
B3_zmq_pushpull,zmq_tcp,none,none,,1,26633,512,584,1785153463093603000,1785153463093603000,1785153463093603000,1785153463093604000,1785153463093671000,1785153463093675000,1785153463093675000,1785153463093675000,121932490,121652369,-213.121,0.000,0.000,1.000,4.000,0.000,0.000,87.000,0,0,0
B3_zmq_pushpull,zmq_tcp,none,none,,1,26634,512,584,1785153463094617000,1785153463094617000,1785153463094617000,1785153463094618000,1785153463094695000,1785153463094698000,1785153463094698000,1785153463094698000,121932490,121652369,-203.121,0.000,0.000,1.000,3.000,0.000,0.000,10.000,0,0,0
B3_zmq_pushpull,zmq_tcp,none,none,,1,26635,512,584,1785153463095616000,1785153463095616000,1785153463095616000,1785153463095617000,1785153463095713000,1785153463095716000,1785153463095716000,1785153463095716000,121932490,121652369,-184.121,0.000,0.000,1.000,3.000,0.000,0.000,19.000,0,0,0
B3_zmq_pushpull,zmq_tcp,none,none,,1,26636,512,584,1785153463096615000,1785153463096615000,1785153463096615000,1785153463096616000,1785153463096734000,1785153463096737000,1785153463096737000,1785153463096737000,121932490,121652369,-162.121,0.000,0.000,1.000,3.000,0.000,0.000,22.000,0,0,0
B3_zmq_pushpull,zmq_tcp,none,none,,1,26637,512,584,1785153463097612000,1785153463097613000,1785153463097613000,1785153463097614000,1785153463097745000,1785153463097747000,1785153463097747000,1785153463097748000,121932490,121652369,-149.121,1.000,0.000,1.000,2.000,0.000,1.000,13.000,0,0,0
B3_zmq_pushpull,zmq_tcp,none,none,,1,26638,512,584,1785153463098613000,1785153463098614000,1785153463098614000,1785153463098615000,1785153463098750000,1785153463098753000,1785153463098753000,1785153463098753000,121932490,121652369,-145.121,1.000,0.000,1.000,3.000,0.000,0.000,4.000,0,0,0
B3_zmq_pushpull,zmq_tcp,none,none,,1,26639,512,584,1785153463099614000,1785153463099614000,1785153463099614000,1785153463099615000,1785153463099759000,1785153463099761000,1785153463099761000,1785153463099761000,121932490,121652369,-136.121,0.000,0.000,1.000,2.000,0.000,0.000,9.000,0,0,0
B3_zmq_pushpull,zmq_tcp,none,none,,1,26640,512,584,1785153463100613000,1785153463100614000,1785153463100614000,1785153463100615000,1785153463100750000,1785153463100753000,1785153463100753000,1785153463100753000,121932490,121652369,-145.121,1.000,0.000,1.000,3.000,0.000,0.000,9.000,0,0,0
B3_zmq_pushpull,zmq_tcp,none,none,,1,26641,512,584,1785153463101611000,1785153463101611000,1785153463101611000,1785153463101612000,1785153463101760000,1785153463101763000,1785153463101763000,1785153463101763000,121932490,121652369,-132.121,0.000,0.000,1.000,3.000,0.000,0.000,13.000,0,0,0
B3_zmq_pushpull,zmq_tcp,none,none,,1,26642,512,584,1785153463102615000,1785153463102615000,1785153463102615000,1785153463102616000,1785153463102766000,1785153463102769000,1785153463102769000,1785153463102769000,121932490,121652369,-130.121,0.000,0.000,1.000,3.000,0.000,0.000,2.000,0,0,0
B3_zmq_pushpull,zmq_tcp,none,none,,1,26643,512,584,1785153463103614000,1785153463103615000,1785153463103615000,1785153463103616000,1785153463103785000,1785153463103788000,1785153463103788000,1785153463103788000,121932490,121652369,-111.121,1.000,0.000,1.000,3.000,0.000,0.000,19.000,0,0,0
B3_zmq_pushpull,zmq_tcp,none,none,,1,26644,512,584,1785153463104611000,1785153463104611000,1785153463104611000,1785153463104612000,1785153463104793000,1785153463104796000,1785153463104796000,1785153463104796000,121932490,121652369,-99.121,0.000,0.000,1.000,3.000,0.000,0.000,12.000,0,0,0
B3_zmq_pushpull,zmq_tcp,none,none,,1,26645,512,584,1785153463105619000,1785153463105620000,1785153463105620000,1785153463105621000,1785153463105781000,1785153463105784000,1785153463105784000,1785153463105784000,121932490,121652369,-120.121,1.000,0.000,1.000,3.000,0.000,0.000,21.000,0,0,0
B3_zmq_pushpull,zmq_tcp,none,none,,1,26646,512,584,1785153463106613000,1785153463106613000,1785153463106613000,1785153463106614000,1785153463106772000,1785153463106774000,1785153463106775000,1785153463106775000,121932490,121652369,-122.121,0.000,0.000,1.000,2.000,1.000,0.000,2.000,0,0,0
B3_zmq_pushpull,zmq_tcp,none,none,,1,26647,512,584,1785153463107617000,1785153463107617000,1785153463107617000,1785153463107618000,1785153463107782000,1785153463107785000,1785153463107785000,1785153463107785000,121932490,121652369,-116.121,0.000,0.000,1.000,3.000,0.000,0.000,6.000,0,0,0
B3_zmq_pushpull,zmq_tcp,none,none,,1,26648,512,584,1785153463108614000,1785153463108614000,1785153463108614000,1785153463108615000,1785153463108772000,1785153463108775000,1785153463108775000,1785153463108775000,121932490,121652369,-123.121,0.000,0.000,1.000,3.000,0.000,0.000,7.000,0,0,0
B3_zmq_pushpull,zmq_tcp,none,none,,1,26649,512,584,1785153463109614000,1785153463109614000,1785153463109614000,1785153463109615000,1785153463109773000,1785153463109776000,1785153463109776000,1785153463109776000,121932490,121652369,-122.121,0.000,0.000,1.000,3.000,0.000,0.000,1.000,0,0,0
B3_zmq_pushpull,zmq_tcp,none,none,,1,26650,512,584,1785153463110614000,1785153463110614000,1785153463110614000,1785153463110616000,1785153463110750000,1785153463110754000,1785153463110754000,1785153463110754000,121932490,121652369,-146.121,0.000,0.000,2.000,4.000,0.000,0.000,24.000,0,0,0
B3_zmq_pushpull,zmq_tcp,none,none,,1,26651,512,584,1785153463111613000,1785153463111614000,1785153463111614000,1785153463111615000,1785153463111751000,1785153463111753000,1785153463111753000,1785153463111753000,121932490,121652369,-144.121,1.000,0.000,1.000,2.000,0.000,0.000,2.000,0,0,0
B3_zmq_pushpull,zmq_tcp,none,none,,1,26652,512,584,1785153463112611000,1785153463112611000,1785153463112611000,1785153463112612000,1785153463112747000,1785153463112749000,1785153463112749000,1785153463112749000,121932490,121652369,-145.121,0.000,0.000,1.000,2.000,0.000,0.000,1.000,0,0,0
B3_zmq_pushpull,zmq_tcp,none,none,,1,26653,512,584,1785153463113615000,1785153463113615000,1785153463113615000,1785153463113616000,1785153463113746000,1785153463113749000,1785153463113749000,1785153463113749000,121932490,121652369,-150.121,0.000,0.000,1.000,3.000,0.000,0.000,5.000,0,0,0
B3_zmq_pushpull,zmq_tcp,none,none,,1,26654,512,584,1785153463114613000,1785153463114613000,1785153463114613000,1785153463114614000,1785153463114763000,1785153463114766000,1785153463114766000,1785153463114766000,121932490,121652369,-131.121,0.000,0.000,1.000,3.000,0.000,0.000,19.000,0,0,0
B3_zmq_pushpull,zmq_tcp,none,none,,1,26655,512,584,1785153463115614000,1785153463115614000,1785153463115614000,1785153463115615000,1785153463115777000,1785153463115780000,1785153463115780000,1785153463115780000,121932490,121652369,-118.121,0.000,0.000,1.000,3.000,0.000,0.000,13.000,0,0,0
B3_zmq_pushpull,zmq_tcp,none,none,,1,26656,512,584,1785153463116613000,1785153463116613000,1785153463116613000,1785153463116614000,1785153463116793000,1785153463116796000,1785153463116796000,1785153463116796000,121932490,121652369,-101.121,0.000,0.000,1.000,3.000,0.000,0.000,17.000,0,0,0
B3_zmq_pushpull,zmq_tcp,none,none,,1,26657,512,584,1785153463117615000,1785153463117616000,1785153463117616000,1785153463117616000,1785153463117792000,1785153463117795000,1785153463117795000,1785153463117795000,121932490,121652369,-104.121,1.000,0.000,0.000,3.000,0.000,0.000,3.000,0,0,0
B3_zmq_pushpull,zmq_tcp,none,none,,1,26658,512,584,1785153463118614000,1785153463118614000,1785153463118614000,1785153463118615000,1785153463118660000,1785153463118663000,1785153463118663000,1785153463118663000,121932490,121652369,-235.121,0.000,0.000,1.000,3.000,0.000,0.000,131.000,0,0,0
B3_zmq_pushpull,zmq_tcp,none,none,,1,26659,512,584,1785153463119614000,1785153463119614000,1785153463119614000,1785153463119615000,1785153463119656000,1785153463119659000,1785153463119659000,1785153463119659000,121932490,121652369,-239.121,0.000,0.000,1.000,3.000,0.000,0.000,4.000,0,0,0
B3_zmq_pushpull,zmq_tcp,none,none,,1,26660,512,584,1785153463120498000,1785153463120499000,1785153463120499000,1785153463120500000,1785153463120645000,1785153463120648000,1785153463120648000,1785153463120648000,121932490,121652369,-135.121,1.000,0.000,1.000,3.000,0.000,0.000,104.000,0,0,0
B3_zmq_pushpull,zmq_tcp,none,none,,1,26661,512,584,1785153463121643000,1785153463121643000,1785153463121643000,1785153463121644000,1785153463121799000,1785153463121802000,1785153463121802000,1785153463121802000,121932490,121652369,-125.121,0.000,0.000,1.000,3.000,0.000,0.000,10.000,0,0,0
B3_zmq_pushpull,zmq_tcp,none,none,,1,26662,512,584,1785153463122610000,1785153463122610000,1785153463122610000,1785153463122611000,1785153463122800000,1785153463122803000,1785153463122803000,1785153463122803000,121932490,121652369,-91.121,0.000,0.000,1.000,3.000,0.000,0.000,34.000,0,0,0
B3_zmq_pushpull,zmq_tcp,none,none,,1,26663,512,584,1785153463123615000,1785153463123615000,1785153463123616000,1785153463123616000,1785153463123685000,1785153463123688000,1785153463123688000,1785153463123688000,121932490,121652369,-211.121,0.000,1.000,0.000,3.000,0.000,0.000,120.000,0,0,0
B3_zmq_pushpull,zmq_tcp,none,none,,1,26664,512,584,1785153463124541000,1785153463124541000,1785153463124541000,1785153463124543000,1785153463124700000,1785153463124703000,1785153463124704000,1785153463124704000,121932490,121652369,-123.121,0.000,0.000,2.000,3.000,1.000,0.000,88.000,0,0,0
B3_zmq_pushpull,zmq_tcp,none,none,,1,26665,512,584,1785153463125542000,1785153463125542000,1785153463125542000,1785153463125543000,1785153463125692000,1785153463125695000,1785153463125695000,1785153463125695000,121932490,121652369,-131.121,0.000,0.000,1.000,3.000,0.000,0.000,8.000,0,0,0
B3_zmq_pushpull,zmq_tcp,none,none,,1,26666,512,584,1785153463126635000,1785153463126635000,1785153463126635000,1785153463126636000,1785153463126703000,1785153463126706000,1785153463126706000,1785153463126706000,121932490,121652369,-213.121,0.000,0.000,1.000,3.000,0.000,0.000,82.000,0,0,0
B3_zmq_pushpull,zmq_tcp,none,none,,1,26667,512,584,1785153463127426000,1785153463127426000,1785153463127426000,1785153463127427000,1785153463127573000,1785153463127576000,1785153463127576000,1785153463127576000,121932490,121652369,-134.121,0.000,0.000,1.000,3.000,0.000,0.000,79.000,0,0,0
B3_zmq_pushpull,zmq_tcp,none,none,,1,26668,512,584,1785153463128433000,1785153463128433000,1785153463128433000,1785153463128434000,1785153463128595000,1785153463128597000,1785153463128598000,1785153463128598000,121932490,121652369,-119.121,0.000,0.000,1.000,2.000,1.000,0.000,15.000,0,0,0
B3_zmq_pushpull,zmq_tcp,none,none,,1,26669,512,584,1785153463129659000,1785153463129659000,1785153463129659000,1785153463129660000,1785153463129745000,1785153463129749000,1785153463129749000,1785153463129749000,121932490,121652369,-195.121,0.000,0.000,1.000,4.000,0.000,0.000,76.000,0,0,0
B3_zmq_pushpull,zmq_tcp,none,none,,1,26670,512,584,1785153463130603000,1785153463130603000,1785153463130603000,1785153463130604000,1785153463130752000,1785153463130755000,1785153463130755000,1785153463130755000,121932490,121652369,-132.121,0.000,0.000,1.000,3.000,0.000,0.000,63.000,0,0,0
B3_zmq_pushpull,zmq_tcp,none,none,,1,26671,512,584,1785153463131483000,1785153463131483000,1785153463131483000,1785153463131484000,1785153463131611000,1785153463131614000,1785153463131614000,1785153463131614000,121932490,121652369,-153.121,0.000,0.000,1.000,3.000,0.000,0.000,21.000,0,0,0
B3_zmq_pushpull,zmq_tcp,none,none,,1,26672,512,584,1785153463132647000,1785153463132647000,1785153463132647000,1785153463132648000,1785153463132755000,1785153463132757000,1785153463132757000,1785153463132757000,121932490,121652369,-173.121,0.000,0.000,1.000,2.000,0.000,0.000,20.000,0,0,0
B3_zmq_pushpull,zmq_tcp,none,none,,1,26673,512,584,1785153463133606000,1785153463133606000,1785153463133606000,1785153463133607000,1785153463133743000,1785153463133746000,1785153463133746000,1785153463133746000,121932490,121652369,-144.121,0.000,0.000,1.000,3.000,0.000,0.000,29.000,0,0,0
B3_zmq_pushpull,zmq_tcp,none,none,,1,26674,512,584,1785153463134615000,1785153463134615000,1785153463134615000,1785153463134616000,1785153463134745000,1785153463134748000,1785153463134748000,1785153463134748000,121932490,121652369,-151.121,0.000,0.000,1.000,3.000,0.000,0.000,7.000,0,0,0
B3_zmq_pushpull,zmq_tcp,none,none,,1,26675,512,584,1785153463135614000,1785153463135614000,1785153463135614000,1785153463135615000,1785153463135741000,1785153463135744000,1785153463135744000,1785153463135744000,121932490,121652369,-154.121,0.000,0.000,1.000,3.000,0.000,0.000,3.000,0,0,0
B3_zmq_pushpull,zmq_tcp,none,none,,1,26676,512,584,1785153463136616000,1785153463136617000,1785153463136617000,1785153463136618000,1785153463136737000,1785153463136740000,1785153463136740000,1785153463136740000,121932490,121652369,-161.121,1.000,0.000,1.000,3.000,0.000,0.000,7.000,0,0,0
B3_zmq_pushpull,zmq_tcp,none,none,,1,26677,512,584,1785153463137612000,1785153463137612000,1785153463137613000,1785153463137613000,1785153463137749000,1785153463137752000,1785153463137752000,1785153463137752000,121932490,121652369,-144.121,0.000,1.000,0.000,3.000,0.000,0.000,17.000,0,0,0
B3_zmq_pushpull,zmq_tcp,none,none,,1,26678,512,584,1785153463138614000,1785153463138614000,1785153463138614000,1785153463138615000,1785153463138746000,1785153463138749000,1785153463138749000,1785153463138749000,121932490,121652369,-149.121,0.000,0.000,1.000,3.000,0.000,0.000,5.000,0,0,0
B3_zmq_pushpull,zmq_tcp,none,none,,1,26679,512,584,1785153463139614000,1785153463139614000,1785153463139614000,1785153463139615000,1785153463139741000,1785153463139744000,1785153463139744000,1785153463139744000,121932490,121652369,-154.121,0.000,0.000,1.000,3.000,0.000,0.000,5.000,0,0,0
B3_zmq_pushpull,zmq_tcp,none,none,,1,26680,512,584,1785153463140614000,1785153463140614000,1785153463140614000,1785153463140615000,1785153463140729000,1785153463140732000,1785153463140732000,1785153463140732000,121932490,121652369,-166.121,0.000,0.000,1.000,3.000,0.000,0.000,12.000,0,0,0
B3_zmq_pushpull,zmq_tcp,none,none,,1,26681,512,584,1785153463141613000,1785153463141613000,1785153463141613000,1785153463141614000,1785153463141740000,1785153463141743000,1785153463141743000,1785153463141743000,121932490,121652369,-154.121,0.000,0.000,1.000,3.000,0.000,0.000,12.000,0,0,0
B3_zmq_pushpull,zmq_tcp,none,none,,1,26682,512,584,1785153463142614000,1785153463142614000,1785153463142614000,1785153463142615000,1785153463142749000,1785153463142752000,1785153463142752000,1785153463142752000,121932490,121652369,-146.121,0.000,0.000,1.000,3.000,0.000,0.000,8.000,0,0,0
B3_zmq_pushpull,zmq_tcp,none,none,,1,26683,512,584,1785153463143614000,1785153463143615000,1785153463143615000,1785153463143616000,1785153463143756000,1785153463143759000,1785153463143759000,1785153463143759000,121932490,121652369,-140.121,1.000,0.000,1.000,3.000,0.000,0.000,6.000,0,0,0
B3_zmq_pushpull,zmq_tcp,none,none,,1,26684,512,584,1785153463144611000,1785153463144611000,1785153463144611000,1785153463144612000,1785153463144744000,1785153463144747000,1785153463144747000,1785153463144747000,121932490,121652369,-148.121,0.000,0.000,1.000,3.000,0.000,0.000,8.000,0,0,0
B3_zmq_pushpull,zmq_tcp,none,none,,1,26685,512,584,1785153463145615000,1785153463145615000,1785153463145615000,1785153463145616000,1785153463145759000,1785153463145762000,1785153463145762000,1785153463145762000,121932490,121652369,-137.121,0.000,0.000,1.000,3.000,0.000,0.000,11.000,0,0,0
B3_zmq_pushpull,zmq_tcp,none,none,,1,26686,512,584,1785153463146614000,1785153463146614000,1785153463146614000,1785153463146615000,1785153463146748000,1785153463146751000,1785153463146751000,1785153463146751000,121932490,121652369,-147.121,0.000,0.000,1.000,3.000,0.000,0.000,10.000,0,0,0
B3_zmq_pushpull,zmq_tcp,none,none,,1,26687,512,584,1785153463147614000,1785153463147614000,1785153463147614000,1785153463147615000,1785153463147739000,1785153463147741000,1785153463147741000,1785153463147741000,121932490,121652369,-156.121,0.000,0.000,1.000,2.000,0.000,0.000,9.000,0,0,0
B3_zmq_pushpull,zmq_tcp,none,none,,1,26688,512,584,1785153463148614000,1785153463148614000,1785153463148614000,1785153463148615000,1785153463148743000,1785153463148745000,1785153463148745000,1785153463148745000,121932490,121652369,-152.121,0.000,0.000,1.000,2.000,0.000,0.000,4.000,0,0,0
B3_zmq_pushpull,zmq_tcp,none,none,,1,26689,512,584,1785153463149616000,1785153463149617000,1785153463149617000,1785153463149618000,1785153463149746000,1785153463149749000,1785153463149749000,1785153463149749000,121932490,121652369,-152.121,1.000,0.000,1.000,3.000,0.000,0.000,0.000,0,0,0
B3_zmq_pushpull,zmq_tcp,none,none,,1,26690,512,584,1785153463150614000,1785153463150614000,1785153463150614000,1785153463150615000,1785153463150751000,1785153463150753000,1785153463150753000,1785153463150753000,121932490,121652369,-144.121,0.000,0.000,1.000,2.000,0.000,0.000,8.000,0,0,0
B3_zmq_pushpull,zmq_tcp,none,none,,1,26691,512,584,1785153463151617000,1785153463151617000,1785153463151618000,1785153463151618000,1785153463151760000,1785153463151763000,1785153463151763000,1785153463151763000,121932490,121652369,-138.121,0.000,1.000,0.000,3.000,0.000,0.000,6.000,0,0,0
B3_zmq_pushpull,zmq_tcp,none,none,,1,26692,512,584,1785153463152613000,1785153463152614000,1785153463152614000,1785153463152615000,1785153463152770000,1785153463152772000,1785153463152772000,1785153463152772000,121932490,121652369,-125.121,1.000,0.000,1.000,2.000,0.000,0.000,13.000,0,0,0
B3_zmq_pushpull,zmq_tcp,none,none,,1,26693,512,584,1785153463153614000,1785153463153614000,1785153463153614000,1785153463153615000,1785153463153751000,1785153463153753000,1785153463153753000,1785153463153754000,121932490,121652369,-144.121,0.000,0.000,1.000,2.000,0.000,1.000,19.000,0,0,0
B3_zmq_pushpull,zmq_tcp,none,none,,1,26694,512,584,1785153463154614000,1785153463154614000,1785153463154614000,1785153463154615000,1785153463154741000,1785153463154744000,1785153463154744000,1785153463154744000,121932490,121652369,-154.121,0.000,0.000,1.000,3.000,0.000,0.000,10.000,0,0,0
B3_zmq_pushpull,zmq_tcp,none,none,,1,26695,512,584,1785153463155614000,1785153463155614000,1785153463155614000,1785153463155615000,1785153463155752000,1785153463155755000,1785153463155755000,1785153463155755000,121932490,121652369,-143.121,0.000,0.000,1.000,3.000,0.000,0.000,11.000,0,0,0
B3_zmq_pushpull,zmq_tcp,none,none,,1,26696,512,584,1785153463156610000,1785153463156610000,1785153463156610000,1785153463156611000,1785153463156759000,1785153463156762000,1785153463156762000,1785153463156762000,121932490,121652369,-132.121,0.000,0.000,1.000,3.000,0.000,0.000,11.000,0,0,0
B3_zmq_pushpull,zmq_tcp,none,none,,1,26697,512,584,1785153463157463000,1785153463157463000,1785153463157463000,1785153463157464000,1785153463157623000,1785153463157626000,1785153463157626000,1785153463157626000,121932490,121652369,-121.121,0.000,0.000,1.000,3.000,0.000,0.000,11.000,0,0,0
B3_zmq_pushpull,zmq_tcp,none,none,,1,26698,512,584,1785153463158654000,1785153463158654000,1785153463158654000,1785153463158655000,1785153463158751000,1785153463158754000,1785153463158754000,1785153463158754000,121932490,121652369,-184.121,0.000,0.000,1.000,3.000,0.000,0.000,63.000,0,0,0
B3_zmq_pushpull,zmq_tcp,none,none,,1,26699,512,584,1785153463159600000,1785153463159600000,1785153463159600000,1785153463159601000,1785153463159754000,1785153463159757000,1785153463159757000,1785153463159757000,121932490,121652369,-127.121,0.000,0.000,1.000,3.000,0.000,0.000,57.000,0,0,0
B3_zmq_pushpull,zmq_tcp,none,none,,1,26700,512,584,1785153463160618000,1785153463160618000,1785153463160618000,1785153463160619000,1785153463160743000,1785153463160746000,1785153463160746000,1785153463160746000,121932490,121652369,-156.121,0.000,0.000,1.000,3.000,0.000,0.000,29.000,0,0,0
B3_zmq_pushpull,zmq_tcp,none,none,,1,26701,512,584,1785153463161612000,1785153463161613000,1785153463161613000,1785153463161614000,1785153463161740000,1785153463161743000,1785153463161743000,1785153463161743000,121932490,121652369,-154.121,1.000,0.000,1.000,3.000,0.000,0.000,2.000,0,0,0
B3_zmq_pushpull,zmq_tcp,none,none,,1,26702,512,584,1785153463162614000,1785153463162614000,1785153463162614000,1785153463162615000,1785153463162740000,1785153463162743000,1785153463162743000,1785153463162743000,121932490,121652369,-155.121,0.000,0.000,1.000,3.000,0.000,0.000,1.000,0,0,0
B3_zmq_pushpull,zmq_tcp,none,none,,1,26703,512,584,1785153463163611000,1785153463163611000,1785153463163611000,1785153463163612000,1785153463163764000,1785153463163767000,1785153463163767000,1785153463163767000,121932490,121652369,-128.121,0.000,0.000,1.000,3.000,0.000,0.000,27.000,0,0,0
B3_zmq_pushpull,zmq_tcp,none,none,,1,26704,512,584,1785153463164617000,1785153463164617000,1785153463164617000,1785153463164618000,1785153463164779000,1785153463164782000,1785153463164782000,1785153463164782000,121932490,121652369,-119.121,0.000,0.000,1.000,3.000,0.000,0.000,9.000,0,0,0
B3_zmq_pushpull,zmq_tcp,none,none,,1,26705,512,584,1785153463165613000,1785153463165614000,1785153463165614000,1785153463165615000,1785153463165798000,1785153463165801000,1785153463165801000,1785153463165801000,121932490,121652369,-97.121,1.000,0.000,1.000,3.000,0.000,0.000,22.000,0,0,0
B3_zmq_pushpull,zmq_tcp,none,none,,1,26706,512,584,1785153463166614000,1785153463166614000,1785153463166614000,1785153463166615000,1785153463166662000,1785153463166665000,1785153463166665000,1785153463166665000,121932490,121652369,-233.121,0.000,0.000,1.000,3.000,0.000,0.000,136.000,0,0,0
B3_zmq_pushpull,zmq_tcp,none,none,,1,26707,512,584,1785153463167613000,1785153463167613000,1785153463167613000,1785153463167614000,1785153463167662000,1785153463167665000,1785153463167665000,1785153463167665000,121932490,121652369,-232.121,0.000,0.000,1.000,3.000,0.000,0.000,1.000,0,0,0
B3_zmq_pushpull,zmq_tcp,none,none,,1,26708,512,584,1785153463168615000,1785153463168615000,1785153463168615000,1785153463168616000,1785153463168662000,1785153463168666000,1785153463168666000,1785153463168666000,121932490,121652369,-234.121,0.000,0.000,1.000,4.000,0.000,0.000,2.000,0,0,0
B3_zmq_pushpull,zmq_tcp,none,none,,1,26709,512,584,1785153463169613000,1785153463169613000,1785153463169613000,1785153463169614000,1785153463169669000,1785153463169672000,1785153463169672000,1785153463169672000,121932490,121652369,-225.121,0.000,0.000,1.000,3.000,0.000,0.000,9.000,0,0,0
B3_zmq_pushpull,zmq_tcp,none,none,,1,26710,512,584,1785153463170613000,1785153463170613000,1785153463170613000,1785153463170614000,1785153463170798000,1785153463170800000,1785153463170801000,1785153463170801000,121932490,121652369,-96.121,0.000,0.000,1.000,2.000,1.000,0.000,129.000,0,0,0
B3_zmq_pushpull,zmq_tcp,none,none,,1,26711,512,584,1785153463171610000,1785153463171610000,1785153463171610000,1785153463171611000,1785153463171801000,1785153463171803000,1785153463171803000,1785153463171803000,121932490,121652369,-90.121,0.000,0.000,1.000,2.000,0.000,0.000,6.000,0,0,0
B3_zmq_pushpull,zmq_tcp,none,none,,1,26712,512,584,1785153463172614000,1785153463172614000,1785153463172614000,1785153463172615000,1785153463172790000,1785153463172792000,1785153463172793000,1785153463172793000,121932490,121652369,-105.121,0.000,0.000,1.000,2.000,1.000,0.000,15.000,0,0,0
B3_zmq_pushpull,zmq_tcp,none,none,,1,26713,512,584,1785153463173613000,1785153463173613000,1785153463173613000,1785153463173614000,1785153463173765000,1785153463173769000,1785153463173769000,1785153463173769000,121932490,121652369,-129.121,0.000,0.000,1.000,4.000,0.000,0.000,24.000,0,0,0
B3_zmq_pushpull,zmq_tcp,none,none,,1,26714,512,584,1785153463174455000,1785153463174455000,1785153463174455000,1785153463174456000,1785153463174598000,1785153463174601000,1785153463174601000,1785153463174601000,121932490,121652369,-138.121,0.000,0.000,1.000,3.000,0.000,0.000,9.000,0,0,0
B3_zmq_pushpull,zmq_tcp,none,none,,1,26715,512,584,1785153463175433000,1785153463175434000,1785153463175434000,1785153463175435000,1785153463175582000,1785153463175585000,1785153463175585000,1785153463175585000,121932490,121652369,-133.121,1.000,0.000,1.000,3.000,0.000,0.000,5.000,0,0,0
B3_zmq_pushpull,zmq_tcp,none,none,,1,26716,512,584,1785153463176658000,1785153463176658000,1785153463176658000,1785153463176659000,1785153463176845000,1785153463176847000,1785153463176847000,1785153463176847000,121932490,121652369,-94.121,0.000,0.000,1.000,2.000,0.000,0.000,39.000,0,0,0
B3_zmq_pushpull,zmq_tcp,none,none,,1,26717,512,584,1785153463177604000,1785153463177604000,1785153463177604000,1785153463177605000,1785153463177693000,1785153463177696000,1785153463177696000,1785153463177696000,121932490,121652369,-192.121,0.000,0.000,1.000,3.000,0.000,0.000,98.000,0,0,0
B3_zmq_pushpull,zmq_tcp,none,none,,1,26718,512,584,1785153463178530000,1785153463178530000,1785153463178530000,1785153463178532000,1785153463178674000,1785153463178677000,1785153463178677000,1785153463178677000,121932490,121652369,-138.121,0.000,0.000,2.000,3.000,0.000,0.000,54.000,0,0,0
B3_zmq_pushpull,zmq_tcp,none,none,,1,26719,512,584,1785153463179501000,1785153463179501000,1785153463179501000,1785153463179502000,1785153463179662000,1785153463179664000,1785153463179665000,1785153463179665000,121932490,121652369,-120.121,0.000,0.000,1.000,2.000,1.000,0.000,18.000,0,0,0
B3_zmq_pushpull,zmq_tcp,none,none,,1,26720,512,584,1785153463180645000,1785153463180645000,1785153463180645000,1785153463180646000,1785153463180804000,1785153463180808000,1785153463180808000,1785153463180808000,121932490,121652369,-122.121,0.000,0.000,1.000,4.000,0.000,0.000,2.000,0,0,0
B3_zmq_pushpull,zmq_tcp,none,none,,1,26721,512,584,1785153463181602000,1785153463181602000,1785153463181602000,1785153463181603000,1785153463181664000,1785153463181668000,1785153463181668000,1785153463181668000,121932490,121652369,-219.121,0.000,0.000,1.000,4.000,0.000,0.000,97.000,0,0,0
B3_zmq_pushpull,zmq_tcp,none,none,,1,26722,512,584,1785153463182616000,1785153463182616000,1785153463182616000,1785153463182617000,1785153463182665000,1785153463182669000,1785153463182669000,1785153463182669000,121932490,121652369,-232.121,0.000,0.000,1.000,4.000,0.000,0.000,13.000,0,0,0
B3_zmq_pushpull,zmq_tcp,none,none,,1,26723,512,584,1785153463183488000,1785153463183488000,1785153463183488000,1785153463183489000,1785153463183646000,1785153463183649000,1785153463183649000,1785153463183649000,121932490,121652369,-123.121,0.000,0.000,1.000,3.000,0.000,0.000,109.000,0,0,0
B3_zmq_pushpull,zmq_tcp,none,none,,1,26724,512,584,1785153463184644000,1785153463184644000,1785153463184644000,1785153463184645000,1785153463184762000,1785153463184765000,1785153463184765000,1785153463184765000,121932490,121652369,-163.121,0.000,0.000,1.000,3.000,0.000,0.000,40.000,0,0,0
B3_zmq_pushpull,zmq_tcp,none,none,,1,26725,512,584,1785153463185605000,1785153463185605000,1785153463185605000,1785153463185606000,1785153463185763000,1785153463185766000,1785153463185766000,1785153463185766000,121932490,121652369,-123.121,0.000,0.000,1.000,3.000,0.000,0.000,40.000,0,0,0
B3_zmq_pushpull,zmq_tcp,none,none,,1,26726,512,584,1785153463186616000,1785153463186616000,1785153463186616000,1785153463186617000,1785153463186759000,1785153463186762000,1785153463186762000,1785153463186762000,121932490,121652369,-138.121,0.000,0.000,1.000,3.000,0.000,0.000,15.000,0,0,0
B3_zmq_pushpull,zmq_tcp,none,none,,1,26727,512,584,1785153463187452000,1785153463187452000,1785153463187452000,1785153463187453000,1785153463187603000,1785153463187606000,1785153463187606000,1785153463187606000,121932490,121652369,-130.121,0.000,0.000,1.000,3.000,0.000,0.000,8.000,0,0,0
B3_zmq_pushpull,zmq_tcp,none,none,,1,26728,512,584,1785153463188437000,1785153463188437000,1785153463188437000,1785153463188438000,1785153463188591000,1785153463188594000,1785153463188594000,1785153463188594000,121932490,121652369,-127.121,0.000,0.000,1.000,3.000,0.000,0.000,3.000,0,0,0
B3_zmq_pushpull,zmq_tcp,none,none,,1,26729,512,584,1785153463189656000,1785153463189656000,1785153463189656000,1785153463189657000,1785153463189724000,1785153463189727000,1785153463189727000,1785153463189727000,121932490,121652369,-213.121,0.000,0.000,1.000,3.000,0.000,0.000,86.000,0,0,0
B3_zmq_pushpull,zmq_tcp,none,none,,1,26730,512,584,1785153463190602000,1785153463190603000,1785153463190603000,1785153463190604000,1785153463190719000,1785153463190723000,1785153463190723000,1785153463190723000,121932490,121652369,-165.121,1.000,0.000,1.000,4.000,0.000,0.000,48.000,0,0,0
B3_zmq_pushpull,zmq_tcp,none,none,,1,26731,512,584,1785153463191618000,1785153463191618000,1785153463191618000,1785153463191619000,1785153463191699000,1785153463191702000,1785153463191702000,1785153463191702000,121932490,121652369,-200.121,0.000,0.000,1.000,3.000,0.000,0.000,35.000,0,0,0
B3_zmq_pushpull,zmq_tcp,none,none,,1,26732,512,584,1785153463192610000,1785153463192610000,1785153463192610000,1785153463192611000,1785153463192671000,1785153463192674000,1785153463192674000,1785153463192674000,121932490,121652369,-220.121,0.000,0.000,1.000,3.000,0.000,0.000,20.000,0,0,0
B3_zmq_pushpull,zmq_tcp,none,none,,1,26733,512,584,1785153463193619000,1785153463193619000,1785153463193619000,1785153463193620000,1785153463193789000,1785153463193791000,1785153463193791000,1785153463193791000,121932490,121652369,-111.121,0.000,0.000,1.000,2.000,0.000,0.000,109.000,0,0,0
B3_zmq_pushpull,zmq_tcp,none,none,,1,26734,512,584,1785153463194612000,1785153463194612000,1785153463194612000,1785153463194613000,1785153463194759000,1785153463194763000,1785153463194763000,1785153463194763000,121932490,121652369,-134.121,0.000,0.000,1.000,4.000,0.000,0.000,23.000,0,0,0
B3_zmq_pushpull,zmq_tcp,none,none,,1,26735,512,584,1785153463195431000,1785153463195431000,1785153463195431000,1785153463195432000,1785153463195583000,1785153463195586000,1785153463195586000,1785153463195586000,121932490,121652369,-129.121,0.000,0.000,1.000,3.000,0.000,0.000,5.000,0,0,0
B3_zmq_pushpull,zmq_tcp,none,none,,1,26736,512,584,1785153463196528000,1785153463196529000,1785153463196529000,1785153463196530000,1785153463196677000,1785153463196681000,1785153463196681000,1785153463196681000,121932490,121652369,-133.121,1.000,0.000,1.000,4.000,0.000,0.000,4.000,0,0,0
B3_zmq_pushpull,zmq_tcp,none,none,,1,26737,512,584,1785153463197634000,1785153463197634000,1785153463197635000,1785153463197635000,1785153463197825000,1785153463197827000,1785153463197827000,1785153463197827000,121932490,121652369,-90.121,0.000,1.000,0.000,2.000,0.000,0.000,43.000,0,0,0
B3_zmq_pushpull,zmq_tcp,none,none,,1,26738,512,584,1785153463198610000,1785153463198610000,1785153463198610000,1785153463198611000,1785153463198810000,1785153463198813000,1785153463198813000,1785153463198813000,121932490,121652369,-81.121,0.000,0.000,1.000,3.000,0.000,0.000,9.000,0,0,0
B3_zmq_pushpull,zmq_tcp,none,none,,1,26739,512,584,1785153463199610000,1785153463199610000,1785153463199610000,1785153463199611000,1785153463199794000,1785153463199796000,1785153463199796000,1785153463199796000,121932490,121652369,-97.121,0.000,0.000,1.000,2.000,0.000,0.000,16.000,0,0,0
B3_zmq_pushpull,zmq_tcp,none,none,,1,26740,512,584,1785153463200616000,1785153463200617000,1785153463200617000,1785153463200618000,1785153463200781000,1785153463200783000,1785153463200783000,1785153463200783000,121932490,121652369,-117.121,1.000,0.000,1.000,2.000,0.000,0.000,20.000,0,0,0
B3_zmq_pushpull,zmq_tcp,none,none,,1,26741,512,584,1785153463201613000,1785153463201613000,1785153463201613000,1785153463201614000,1785153463201758000,1785153463201761000,1785153463201761000,1785153463201761000,121932490,121652369,-136.121,0.000,0.000,1.000,3.000,0.000,0.000,19.000,0,0,0
B3_zmq_pushpull,zmq_tcp,none,none,,1,26742,512,584,1785153463202444000,1785153463202444000,1785153463202444000,1785153463202445000,1785153463202595000,1785153463202598000,1785153463202598000,1785153463202598000,121932490,121652369,-130.121,0.000,0.000,1.000,3.000,0.000,0.000,6.000,0,0,0
B3_zmq_pushpull,zmq_tcp,none,none,,1,26743,512,584,1785153463203657000,1785153463203657000,1785153463203657000,1785153463203658000,1785153463203735000,1785153463203739000,1785153463203739000,1785153463203739000,121932490,121652369,-203.121,0.000,0.000,1.000,4.000,0.000,0.000,73.000,0,0,0
B3_zmq_pushpull,zmq_tcp,none,none,,1,26744,512,584,1785153463204605000,1785153463204605000,1785153463204605000,1785153463204606000,1785153463204735000,1785153463204738000,1785153463204738000,1785153463204738000,121932490,121652369,-151.121,0.000,0.000,1.000,3.000,0.000,0.000,52.000,0,0,0
B3_zmq_pushpull,zmq_tcp,none,none,,1,26745,512,584,1785153463205616000,1785153463205616000,1785153463205616000,1785153463205617000,1785153463205726000,1785153463205729000,1785153463205729000,1785153463205729000,121932490,121652369,-171.121,0.000,0.000,1.000,3.000,0.000,0.000,20.000,0,0,0
B3_zmq_pushpull,zmq_tcp,none,none,,1,26746,512,584,1785153463206614000,1785153463206614000,1785153463206614000,1785153463206615000,1785153463206701000,1785153463206703000,1785153463206703000,1785153463206703000,121932490,121652369,-194.121,0.000,0.000,1.000,2.000,0.000,0.000,23.000,0,0,0
B3_zmq_pushpull,zmq_tcp,none,none,,1,26747,512,584,1785153463207616000,1785153463207616000,1785153463207616000,1785153463207617000,1785153463207683000,1785153463207687000,1785153463207687000,1785153463207687000,121932490,121652369,-214.121,0.000,0.000,1.000,4.000,0.000,0.000,20.000,0,0,0
B3_zmq_pushpull,zmq_tcp,none,none,,1,26748,512,584,1785153463208520000,1785153463208520000,1785153463208520000,1785153463208521000,1785153463208678000,1785153463208681000,1785153463208681000,1785153463208681000,121932490,121652369,-123.121,0.000,0.000,1.000,3.000,0.000,0.000,91.000,0,0,0
B3_zmq_pushpull,zmq_tcp,none,none,,1,26749,512,584,1785153463209637000,1785153463209637000,1785153463209637000,1785153463209638000,1785153463209793000,1785153463209795000,1785153463209795000,1785153463209795000,121932490,121652369,-125.121,0.000,0.000,1.000,2.000,0.000,0.000,2.000,0,0,0
B3_zmq_pushpull,zmq_tcp,none,none,,1,26750,512,584,1785153463210608000,1785153463210608000,1785153463210608000,1785153463210609000,1785153463210791000,1785153463210794000,1785153463210794000,1785153463210794000,121932490,121652369,-98.121,0.000,0.000,1.000,3.000,0.000,0.000,27.000,0,0,0
B3_zmq_pushpull,zmq_tcp,none,none,,1,26751,512,584,1785153463211614000,1785153463211614000,1785153463211614000,1785153463211615000,1785153463211789000,1785153463211791000,1785153463211791000,1785153463211792000,121932490,121652369,-106.121,0.000,0.000,1.000,2.000,0.000,1.000,8.000,0,0,0
B3_zmq_pushpull,zmq_tcp,none,none,,1,26752,512,584,1785153463212615000,1785153463212615000,1785153463212615000,1785153463212616000,1785153463212778000,1785153463212781000,1785153463212781000,1785153463212781000,121932490,121652369,-118.121,0.000,0.000,1.000,3.000,0.000,0.000,12.000,0,0,0
B3_zmq_pushpull,zmq_tcp,none,none,,1,26753,512,584,1785153463213613000,1785153463213613000,1785153463213614000,1785153463213614000,1785153463213763000,1785153463213767000,1785153463213767000,1785153463213767000,121932490,121652369,-131.121,0.000,1.000,0.000,4.000,0.000,0.000,13.000,0,0,0
B3_zmq_pushpull,zmq_tcp,none,none,,1,26754,512,584,1785153463214609000,1785153463214609000,1785153463214609000,1785153463214610000,1785153463214739000,1785153463214742000,1785153463214742000,1785153463214742000,121932490,121652369,-151.121,0.000,0.000,1.000,3.000,0.000,0.000,20.000,0,0,0
B3_zmq_pushpull,zmq_tcp,none,none,,1,26755,512,584,1785153463215614000,1785153463215615000,1785153463215615000,1785153463215616000,1785153463215723000,1785153463215727000,1785153463215727000,1785153463215727000,121932490,121652369,-173.121,1.000,0.000,1.000,4.000,0.000,0.000,22.000,0,0,0
B3_zmq_pushpull,zmq_tcp,none,none,,1,26756,512,584,1785153463216614000,1785153463216614000,1785153463216614000,1785153463216615000,1785153463216702000,1785153463216705000,1785153463216705000,1785153463216705000,121932490,121652369,-193.121,0.000,0.000,1.000,3.000,0.000,0.000,20.000,0,0,0
B3_zmq_pushpull,zmq_tcp,none,none,,1,26757,512,584,1785153463217613000,1785153463217613000,1785153463217613000,1785153463217614000,1785153463217697000,1785153463217699000,1785153463217699000,1785153463217699000,121932490,121652369,-197.121,0.000,0.000,1.000,2.000,0.000,0.000,4.000,0,0,0
B3_zmq_pushpull,zmq_tcp,none,none,,1,26758,512,584,1785153463218613000,1785153463218613000,1785153463218613000,1785153463218614000,1785153463218698000,1785153463218706000,1785153463218706000,1785153463218706000,121932490,121652369,-196.121,0.000,0.000,1.000,8.000,0.000,0.000,1.000,0,0,0
B3_zmq_pushpull,zmq_tcp,none,none,,1,26759,512,584,1785153463219613000,1785153463219613000,1785153463219613000,1785153463219614000,1785153463219696000,1785153463219699000,1785153463219699000,1785153463219699000,121932490,121652369,-198.121,0.000,0.000,1.000,3.000,0.000,0.000,2.000,0,0,0
B3_zmq_pushpull,zmq_tcp,none,none,,1,26760,512,584,1785153463220615000,1785153463220615000,1785153463220615000,1785153463220616000,1785153463220806000,1785153463220809000,1785153463220809000,1785153463220809000,121932490,121652369,-90.121,0.000,0.000,1.000,3.000,0.000,0.000,108.000,0,0,0
B3_zmq_pushpull,zmq_tcp,none,none,,1,26761,512,584,1785153463221612000,1785153463221612000,1785153463221612000,1785153463221613000,1785153463221786000,1785153463221789000,1785153463221789000,1785153463221789000,121932490,121652369,-107.121,0.000,0.000,1.000,3.000,0.000,0.000,17.000,0,0,0
B3_zmq_pushpull,zmq_tcp,none,none,,1,26762,512,584,1785153463222613000,1785153463222613000,1785153463222613000,1785153463222614000,1785153463222784000,1785153463222787000,1785153463222787000,1785153463222787000,121932490,121652369,-110.121,0.000,0.000,1.000,3.000,0.000,0.000,3.000,0,0,0
B3_zmq_pushpull,zmq_tcp,none,none,,1,26763,512,584,1785153463223613000,1785153463223613000,1785153463223613000,1785153463223614000,1785153463223742000,1785153463223745000,1785153463223745000,1785153463223745000,121932490,121652369,-152.121,0.000,0.000,1.000,3.000,0.000,0.000,42.000,0,0,0
B3_zmq_pushpull,zmq_tcp,none,none,,1,26764,512,584,1785153463224440000,1785153463224440000,1785153463224440000,1785153463224441000,1785153463224594000,1785153463224596000,1785153463224596000,1785153463224596000,121932490,121652369,-127.121,0.000,0.000,1.000,2.000,0.000,0.000,25.000,0,0,0
B3_zmq_pushpull,zmq_tcp,none,none,,1,26765,512,584,1785153463225436000,1785153463225436000,1785153463225436000,1785153463225437000,1785153463225596000,1785153463225598000,1785153463225598000,1785153463225598000,121932490,121652369,-121.121,0.000,0.000,1.000,2.000,0.000,0.000,6.000,0,0,0
B3_zmq_pushpull,zmq_tcp,none,none,,1,26766,512,584,1785153463226435000,1785153463226435000,1785153463226435000,1785153463226436000,1785153463226583000,1785153463226586000,1785153463226586000,1785153463226586000,121932490,121652369,-133.121,0.000,0.000,1.000,3.000,0.000,0.000,12.000,0,0,0
B3_zmq_pushpull,zmq_tcp,none,none,,1,26767,512,584,1785153463227420000,1785153463227420000,1785153463227420000,1785153463227421000,1785153463227578000,1785153463227581000,1785153463227581000,1785153463227581000,121932490,121652369,-123.121,0.000,0.000,1.000,3.000,0.000,0.000,10.000,0,0,0
B3_zmq_pushpull,zmq_tcp,none,none,,1,26768,512,584,1785153463228541000,1785153463228541000,1785153463228541000,1785153463228542000,1785153463228691000,1785153463228695000,1785153463228695000,1785153463228695000,121932490,121652369,-131.121,0.000,0.000,1.000,4.000,0.000,0.000,8.000,0,0,0
B3_zmq_pushpull,zmq_tcp,none,none,,1,26769,512,584,1785153463229629000,1785153463229629000,1785153463229629000,1785153463229630000,1785153463229796000,1785153463229798000,1785153463229798000,1785153463229798000,121932490,121652369,-114.121,0.000,0.000,1.000,2.000,0.000,0.000,17.000,0,0,0
B3_zmq_pushpull,zmq_tcp,none,none,,1,26770,512,584,1785153463230496000,1785153463230496000,1785153463230496000,1785153463230497000,1785153463230657000,1785153463230659000,1785153463230660000,1785153463230660000,121932490,121652369,-120.121,0.000,0.000,1.000,2.000,1.000,0.000,6.000,0,0,0
B3_zmq_pushpull,zmq_tcp,none,none,,1,26771,512,584,1785153463231643000,1785153463231643000,1785153463231643000,1785153463231644000,1785153463231795000,1785153463231798000,1785153463231798000,1785153463231798000,121932490,121652369,-129.121,0.000,0.000,1.000,3.000,0.000,0.000,9.000,0,0,0
B3_zmq_pushpull,zmq_tcp,none,none,,1,26772,512,584,1785153463232606000,1785153463232606000,1785153463232606000,1785153463232607000,1785153463232663000,1785153463232666000,1785153463232666000,1785153463232666000,121932490,121652369,-224.121,0.000,0.000,1.000,3.000,0.000,0.000,95.000,0,0,0
B3_zmq_pushpull,zmq_tcp,none,none,,1,26773,512,584,1785153463233616000,1785153463233616000,1785153463233616000,1785153463233617000,1785153463233801000,1785153463233804000,1785153463233804000,1785153463233804000,121932490,121652369,-96.121,0.000,0.000,1.000,3.000,0.000,0.000,128.000,0,0,0
B3_zmq_pushpull,zmq_tcp,none,none,,1,26774,512,584,1785153463234616000,1785153463234616000,1785153463234616000,1785153463234617000,1785153463234673000,1785153463234676000,1785153463234676000,1785153463234676000,121932490,121652369,-224.121,0.000,0.000,1.000,3.000,0.000,0.000,128.000,0,0,0
B3_zmq_pushpull,zmq_tcp,none,none,,1,26775,512,584,1785153463235620000,1785153463235620000,1785153463235620000,1785153463235621000,1785153463235673000,1785153463235676000,1785153463235676000,1785153463235676000,121932490,121652369,-228.121,0.000,0.000,1.000,3.000,0.000,0.000,4.000,0,0,0
B3_zmq_pushpull,zmq_tcp,none,none,,1,26776,512,584,1785153463236612000,1785153463236612000,1785153463236612000,1785153463236613000,1785153463236661000,1785153463236664000,1785153463236664000,1785153463236664000,121932490,121652369,-232.121,0.000,0.000,1.000,3.000,0.000,0.000,4.000,0,0,0
B3_zmq_pushpull,zmq_tcp,none,none,,1,26777,512,584,1785153463237613000,1785153463237613000,1785153463237613000,1785153463237614000,1785153463237782000,1785153463237785000,1785153463237785000,1785153463237785000,121932490,121652369,-112.121,0.000,0.000,1.000,3.000,0.000,0.000,120.000,0,0,0
B3_zmq_pushpull,zmq_tcp,none,none,,1,26778,512,584,1785153463238617000,1785153463238617000,1785153463238617000,1785153463238618000,1785153463238784000,1785153463238787000,1785153463238787000,1785153463238787000,121932490,121652369,-114.121,0.000,0.000,1.000,3.000,0.000,0.000,2.000,0,0,0
B3_zmq_pushpull,zmq_tcp,none,none,,1,26779,512,584,1785153463239490000,1785153463239490000,1785153463239490000,1785153463239491000,1785153463239648000,1785153463239651000,1785153463239651000,1785153463239651000,121932490,121652369,-123.121,0.000,0.000,1.000,3.000,0.000,0.000,9.000,0,0,0
B3_zmq_pushpull,zmq_tcp,none,none,,1,26780,512,584,1785153463240642000,1785153463240642000,1785153463240642000,1785153463240643000,1785153463240793000,1785153463240795000,1785153463240796000,1785153463240796000,121932490,121652369,-130.121,0.000,0.000,1.000,2.000,1.000,0.000,7.000,0,0,0
B3_zmq_pushpull,zmq_tcp,none,none,,1,26781,512,584,1785153463241482000,1785153463241482000,1785153463241482000,1785153463241483000,1785153463241641000,1785153463241644000,1785153463241644000,1785153463241644000,121932490,121652369,-122.121,0.000,0.000,1.000,3.000,0.000,0.000,8.000,0,0,0
B3_zmq_pushpull,zmq_tcp,none,none,,1,26782,512,584,1785153463242647000,1785153463242647000,1785153463242647000,1785153463242648000,1785153463242768000,1785153463242771000,1785153463242771000,1785153463242771000,121932490,121652369,-160.121,0.000,0.000,1.000,3.000,0.000,0.000,38.000,0,0,0
B3_zmq_pushpull,zmq_tcp,none,none,,1,26783,512,584,1785153463243605000,1785153463243605000,1785153463243605000,1785153463243606000,1785153463243737000,1785153463243740000,1785153463243740000,1785153463243740000,121932490,121652369,-149.121,0.000,0.000,1.000,3.000,0.000,0.000,11.000,0,0,0
B3_zmq_pushpull,zmq_tcp,none,none,,1,26784,512,584,1785153463244616000,1785153463244616000,1785153463244616000,1785153463244617000,1785153463244709000,1785153463244712000,1785153463244712000,1785153463244712000,121932490,121652369,-188.121,0.000,0.000,1.000,3.000,0.000,0.000,39.000,0,0,0
B3_zmq_pushpull,zmq_tcp,none,none,,1,26785,512,584,1785153463245613000,1785153463245613000,1785153463245613000,1785153463245614000,1785153463245694000,1785153463245698000,1785153463245698000,1785153463245698000,121932490,121652369,-200.121,0.000,0.000,1.000,4.000,0.000,0.000,12.000,0,0,0
B3_zmq_pushpull,zmq_tcp,none,none,,1,26786,512,584,1785153463246616000,1785153463246616000,1785153463246616000,1785153463246617000,1785153463246695000,1785153463246697000,1785153463246697000,1785153463246697000,121932490,121652369,-202.121,0.000,0.000,1.000,2.000,0.000,0.000,2.000,0,0,0
B3_zmq_pushpull,zmq_tcp,none,none,,1,26787,512,584,1785153463247612000,1785153463247612000,1785153463247612000,1785153463247613000,1785153463247689000,1785153463247692000,1785153463247692000,1785153463247692000,121932490,121652369,-204.121,0.000,0.000,1.000,3.000,0.000,0.000,2.000,0,0,0
B3_zmq_pushpull,zmq_tcp,none,none,,1,26788,512,584,1785153463248616000,1785153463248616000,1785153463248616000,1785153463248617000,1785153463248808000,1785153463248810000,1785153463248810000,1785153463248810000,121932490,121652369,-89.121,0.000,0.000,1.000,2.000,0.000,0.000,115.000,0,0,0
B3_zmq_pushpull,zmq_tcp,none,none,,1,26789,512,584,1785153463249614000,1785153463249614000,1785153463249614000,1785153463249615000,1785153463249784000,1785153463249787000,1785153463249787000,1785153463249787000,121932490,121652369,-111.121,0.000,0.000,1.000,3.000,0.000,0.000,22.000,0,0,0
B3_zmq_pushpull,zmq_tcp,none,none,,1,26790,512,584,1785153463250614000,1785153463250614000,1785153463250614000,1785153463250615000,1785153463250745000,1785153463250748000,1785153463250748000,1785153463250748000,121932490,121652369,-150.121,0.000,0.000,1.000,3.000,0.000,0.000,39.000,0,0,0
B3_zmq_pushpull,zmq_tcp,none,none,,1,26791,512,584,1785153463251611000,1785153463251611000,1785153463251611000,1785153463251612000,1785153463251716000,1785153463251718000,1785153463251718000,1785153463251718000,121932490,121652369,-176.121,0.000,0.000,1.000,2.000,0.000,0.000,26.000,0,0,0
B3_zmq_pushpull,zmq_tcp,none,none,,1,26792,512,584,1785153463252615000,1785153463252615000,1785153463252615000,1785153463252616000,1785153463252719000,1785153463252723000,1785153463252723000,1785153463252723000,121932490,121652369,-177.121,0.000,0.000,1.000,4.000,0.000,0.000,1.000,0,0,0
B3_zmq_pushpull,zmq_tcp,none,none,,1,26793,512,584,1785153463253613000,1785153463253613000,1785153463253614000,1785153463253614000,1785153463253710000,1785153463253712000,1785153463253713000,1785153463253713000,121932490,121652369,-184.121,0.000,1.000,0.000,2.000,1.000,0.000,7.000,0,0,0
B3_zmq_pushpull,zmq_tcp,none,none,,1,26794,512,584,1785153463254618000,1785153463254618000,1785153463254618000,1785153463254619000,1785153463254708000,1785153463254710000,1785153463254710000,1785153463254710000,121932490,121652369,-191.121,0.000,0.000,1.000,2.000,0.000,0.000,7.000,0,0,0
B3_zmq_pushpull,zmq_tcp,none,none,,1,26795,512,584,1785153463255612000,1785153463255612000,1785153463255612000,1785153463255613000,1785153463255686000,1785153463255689000,1785153463255689000,1785153463255689000,121932490,121652369,-207.121,0.000,0.000,1.000,3.000,0.000,0.000,16.000,0,0,0
B3_zmq_pushpull,zmq_tcp,none,none,,1,26796,512,584,1785153463256616000,1785153463256617000,1785153463256617000,1785153463256618000,1785153463256663000,1785153463256667000,1785153463256667000,1785153463256667000,121932490,121652369,-235.121,1.000,0.000,1.000,4.000,0.000,0.000,28.000,0,0,0
B3_zmq_pushpull,zmq_tcp,none,none,,1,26797,512,584,1785153463257613000,1785153463257613000,1785153463257614000,1785153463257614000,1785153463257659000,1785153463257663000,1785153463257663000,1785153463257663000,121932490,121652369,-235.121,0.000,1.000,0.000,4.000,0.000,0.000,0.000,0,0,0
B3_zmq_pushpull,zmq_tcp,none,none,,1,26798,512,584,1785153463258613000,1785153463258613000,1785153463258614000,1785153463258614000,1785153463258768000,1785153463258770000,1785153463258770000,1785153463258770000,121932490,121652369,-126.121,0.000,1.000,0.000,2.000,0.000,0.000,109.000,0,0,0
B3_zmq_pushpull,zmq_tcp,none,none,,1,26799,512,584,1785153463259611000,1785153463259611000,1785153463259611000,1785153463259612000,1785153463259748000,1785153463259751000,1785153463259751000,1785153463259751000,121932490,121652369,-144.121,0.000,0.000,1.000,3.000,0.000,0.000,18.000,0,0,0
B3_zmq_pushpull,zmq_tcp,none,none,,1,26800,512,584,1785153463260615000,1785153463260615000,1785153463260615000,1785153463260616000,1785153463260728000,1785153463260730000,1785153463260730000,1785153463260730000,121932490,121652369,-168.121,0.000,0.000,1.000,2.000,0.000,0.000,24.000,0,0,0
B3_zmq_pushpull,zmq_tcp,none,none,,1,26801,512,584,1785153463261613000,1785153463261613000,1785153463261614000,1785153463261615000,1785153463261704000,1785153463261706000,1785153463261706000,1785153463261706000,121932490,121652369,-191.121,0.000,1.000,1.000,2.000,0.000,0.000,23.000,0,0,0
B3_zmq_pushpull,zmq_tcp,none,none,,1,26802,512,584,1785153463262618000,1785153463262618000,1785153463262618000,1785153463262619000,1785153463262696000,1785153463262699000,1785153463262699000,1785153463262699000,121932490,121652369,-203.121,0.000,0.000,1.000,3.000,0.000,0.000,12.000,0,0,0
B3_zmq_pushpull,zmq_tcp,none,none,,1,26803,512,584,1785153463263612000,1785153463263612000,1785153463263612000,1785153463263613000,1785153463263678000,1785153463263681000,1785153463263681000,1785153463263681000,121932490,121652369,-215.121,0.000,0.000,1.000,3.000,0.000,0.000,12.000,0,0,0
B3_zmq_pushpull,zmq_tcp,none,none,,1,26804,512,584,1785153463264616000,1785153463264616000,1785153463264616000,1785153463264617000,1785153463264668000,1785153463264671000,1785153463264671000,1785153463264671000,121932490,121652369,-229.121,0.000,0.000,1.000,3.000,0.000,0.000,14.000,0,0,0
B3_zmq_pushpull,zmq_tcp,none,none,,1,26805,512,584,1785153463265614000,1785153463265614000,1785153463265614000,1785153463265615000,1785153463265768000,1785153463265771000,1785153463265771000,1785153463265771000,121932490,121652369,-127.121,0.000,0.000,1.000,3.000,0.000,0.000,102.000,0,0,0
B3_zmq_pushpull,zmq_tcp,none,none,,1,26806,512,584,1785153463266615000,1785153463266615000,1785153463266615000,1785153463266616000,1785153463266774000,1785153463266778000,1785153463266778000,1785153463266778000,121932490,121652369,-122.121,0.000,0.000,1.000,4.000,0.000,0.000,5.000,0,0,0
B3_zmq_pushpull,zmq_tcp,none,none,,1,26807,512,584,1785153463267611000,1785153463267611000,1785153463267611000,1785153463267612000,1785153463267756000,1785153463267758000,1785153463267758000,1785153463267758000,121932490,121652369,-136.121,0.000,0.000,1.000,2.000,0.000,0.000,14.000,0,0,0
B3_zmq_pushpull,zmq_tcp,none,none,,1,26808,512,584,1785153463268618000,1785153463268618000,1785153463268618000,1785153463268619000,1785153463268745000,1785153463268748000,1785153463268748000,1785153463268748000,121932490,121652369,-154.121,0.000,0.000,1.000,3.000,0.000,0.000,18.000,0,0,0
B3_zmq_pushpull,zmq_tcp,none,none,,1,26809,512,584,1785153463269612000,1785153463269612000,1785153463269612000,1785153463269613000,1785153463269738000,1785153463269741000,1785153463269741000,1785153463269741000,121932490,121652369,-155.121,0.000,0.000,1.000,3.000,0.000,0.000,1.000,0,0,0
B3_zmq_pushpull,zmq_tcp,none,none,,1,26810,512,584,1785153463270615000,1785153463270615000,1785153463270615000,1785153463270616000,1785153463270730000,1785153463270733000,1785153463270733000,1785153463270733000,121932490,121652369,-166.121,0.000,0.000,1.000,3.000,0.000,0.000,11.000,0,0,0
B3_zmq_pushpull,zmq_tcp,none,none,,1,26811,512,584,1785153463271611000,1785153463271611000,1785153463271611000,1785153463271612000,1785153463271709000,1785153463271712000,1785153463271712000,1785153463271712000,121932490,121652369,-183.121,0.000,0.000,1.000,3.000,0.000,0.000,17.000,0,0,0
B3_zmq_pushpull,zmq_tcp,none,none,,1,26812,512,584,1785153463272615000,1785153463272615000,1785153463272615000,1785153463272616000,1785153463272677000,1785153463272680000,1785153463272680000,1785153463272680000,121932490,121652369,-219.121,0.000,0.000,1.000,3.000,0.000,0.000,36.000,0,0,0
B3_zmq_pushpull,zmq_tcp,none,none,,1,26813,512,584,1785153463273618000,1785153463273618000,1785153463273619000,1785153463273620000,1785153463273816000,1785153463273818000,1785153463273818000,1785153463273818000,121932490,121652369,-84.121,0.000,1.000,1.000,2.000,0.000,0.000,135.000,0,0,0
B3_zmq_pushpull,zmq_tcp,none,none,,1,26814,512,584,1785153463274612000,1785153463274612000,1785153463274612000,1785153463274613000,1785153463274797000,1785153463274799000,1785153463274799000,1785153463274799000,121932490,121652369,-96.121,0.000,0.000,1.000,2.000,0.000,0.000,12.000,0,0,0
B3_zmq_pushpull,zmq_tcp,none,none,,1,26815,512,584,1785153463275613000,1785153463275614000,1785153463275614000,1785153463275615000,1785153463275787000,1785153463275789000,1785153463275789000,1785153463275789000,121932490,121652369,-108.121,1.000,0.000,1.000,2.000,0.000,0.000,12.000,0,0,0
B3_zmq_pushpull,zmq_tcp,none,none,,1,26816,512,584,1785153463276616000,1785153463276616000,1785153463276616000,1785153463276617000,1785153463276788000,1785153463276790000,1785153463276790000,1785153463276790000,121932490,121652369,-109.121,0.000,0.000,1.000,2.000,0.000,0.000,1.000,0,0,0
B3_zmq_pushpull,zmq_tcp,none,none,,1,26817,512,584,1785153463277612000,1785153463277613000,1785153463277613000,1785153463277614000,1785153463277758000,1785153463277762000,1785153463277762000,1785153463277762000,121932490,121652369,-136.121,1.000,0.000,1.000,4.000,0.000,0.000,27.000,0,0,0
B3_zmq_pushpull,zmq_tcp,none,none,,1,26818,512,584,1785153463278611000,1785153463278611000,1785153463278611000,1785153463278612000,1785153463278737000,1785153463278740000,1785153463278740000,1785153463278740000,121932490,121652369,-155.121,0.000,0.000,1.000,3.000,0.000,0.000,19.000,0,0,0
B3_zmq_pushpull,zmq_tcp,none,none,,1,26819,512,584,1785153463279615000,1785153463279615000,1785153463279615000,1785153463279616000,1785153463279722000,1785153463279725000,1785153463279725000,1785153463279725000,121932490,121652369,-174.121,0.000,0.000,1.000,3.000,0.000,0.000,19.000,0,0,0
B3_zmq_pushpull,zmq_tcp,none,none,,1,26820,512,584,1785153463280614000,1785153463280614000,1785153463280614000,1785153463280615000,1785153463280724000,1785153463280727000,1785153463280727000,1785153463280727000,121932490,121652369,-171.121,0.000,0.000,1.000,3.000,0.000,0.000,3.000,0,0,0
B3_zmq_pushpull,zmq_tcp,none,none,,1,26821,512,584,1785153463281612000,1785153463281612000,1785153463281612000,1785153463281613000,1785153463281706000,1785153463281709000,1785153463281709000,1785153463281709000,121932490,121652369,-187.121,0.000,0.000,1.000,3.000,0.000,0.000,16.000,0,0,0
B3_zmq_pushpull,zmq_tcp,none,none,,1,26822,512,584,1785153463282615000,1785153463282615000,1785153463282615000,1785153463282616000,1785153463282710000,1785153463282713000,1785153463282713000,1785153463282713000,121932490,121652369,-186.121,0.000,0.000,1.000,3.000,0.000,0.000,1.000,0,0,0
B3_zmq_pushpull,zmq_tcp,none,none,,1,26823,512,584,1785153463283615000,1785153463283615000,1785153463283615000,1785153463283616000,1785153463283700000,1785153463283702000,1785153463283702000,1785153463283702000,121932490,121652369,-196.121,0.000,0.000,1.000,2.000,0.000,0.000,10.000,0,0,0
B3_zmq_pushpull,zmq_tcp,none,none,,1,26824,512,584,1785153463284611000,1785153463284611000,1785153463284611000,1785153463284612000,1785153463284688000,1785153463284691000,1785153463284691000,1785153463284691000,121932490,121652369,-204.121,0.000,0.000,1.000,3.000,0.000,0.000,8.000,0,0,0
B3_zmq_pushpull,zmq_tcp,none,none,,1,26825,512,584,1785153463285616000,1785153463285616000,1785153463285616000,1785153463285617000,1785153463285666000,1785153463285669000,1785153463285669000,1785153463285669000,121932490,121652369,-231.121,0.000,0.000,1.000,3.000,0.000,0.000,27.000,0,0,0
B3_zmq_pushpull,zmq_tcp,none,none,,1,26826,512,584,1785153463286613000,1785153463286614000,1785153463286614000,1785153463286615000,1785153463286658000,1785153463286662000,1785153463286662000,1785153463286662000,121932490,121652369,-237.121,1.000,0.000,1.000,4.000,0.000,0.000,6.000,0,0,0
B3_zmq_pushpull,zmq_tcp,none,none,,1,26827,512,584,1785153463287511000,1785153463287511000,1785153463287511000,1785153463287512000,1785153463287666000,1785153463287669000,1785153463287669000,1785153463287669000,121932490,121652369,-126.121,0.000,0.000,1.000,3.000,0.000,0.000,111.000,0,0,0
B3_zmq_pushpull,zmq_tcp,none,none,,1,26828,512,584,1785153463288511000,1785153463288511000,1785153463288511000,1785153463288512000,1785153463288664000,1785153463288667000,1785153463288667000,1785153463288667000,121932490,121652369,-128.121,0.000,0.000,1.000,3.000,0.000,0.000,2.000,0,0,0
B3_zmq_pushpull,zmq_tcp,none,none,,1,26829,512,584,1785153463289643000,1785153463289643000,1785153463289643000,1785153463289644000,1785153463289796000,1785153463289798000,1785153463289798000,1785153463289799000,121932490,121652369,-128.121,0.000,0.000,1.000,2.000,0.000,1.000,0.000,0,0,0
B3_zmq_pushpull,zmq_tcp,none,none,,1,26830,512,584,1785153463290493000,1785153463290494000,1785153463290494000,1785153463290495000,1785153463290652000,1785153463290655000,1785153463290655000,1785153463290655000,121932490,121652369,-123.121,1.000,0.000,1.000,3.000,0.000,0.000,5.000,0,0,0
B3_zmq_pushpull,zmq_tcp,none,none,,1,26831,512,584,1785153463291477000,1785153463291477000,1785153463291477000,1785153463291478000,1785153463291629000,1785153463291632000,1785153463291632000,1785153463291632000,121932490,121652369,-129.121,0.000,0.000,1.000,3.000,0.000,0.000,6.000,0,0,0
B3_zmq_pushpull,zmq_tcp,none,none,,1,26832,512,584,1785153463292468000,1785153463292468000,1785153463292468000,1785153463292469000,1785153463292612000,1785153463292614000,1785153463292614000,1785153463292614000,121932490,121652369,-137.121,0.000,0.000,1.000,2.000,0.000,0.000,8.000,0,0,0
B3_zmq_pushpull,zmq_tcp,none,none,,1,26833,512,584,1785153463293651000,1785153463293651000,1785153463293651000,1785153463293652000,1785153463293723000,1785153463293726000,1785153463293726000,1785153463293726000,121932490,121652369,-209.121,0.000,0.000,1.000,3.000,0.000,0.000,72.000,0,0,0
B3_zmq_pushpull,zmq_tcp,none,none,,1,26834,512,584,1785153463294604000,1785153463294604000,1785153463294604000,1785153463294605000,1785153463294716000,1785153463294719000,1785153463294719000,1785153463294719000,121932490,121652369,-169.121,0.000,0.000,1.000,3.000,0.000,0.000,40.000,0,0,0
B3_zmq_pushpull,zmq_tcp,none,none,,1,26835,512,584,1785153463295616000,1785153463295616000,1785153463295616000,1785153463295617000,1785153463295712000,1785153463295715000,1785153463295715000,1785153463295715000,121932490,121652369,-185.121,0.000,0.000,1.000,3.000,0.000,0.000,16.000,0,0,0
B3_zmq_pushpull,zmq_tcp,none,none,,1,26836,512,584,1785153463296613000,1785153463296613000,1785153463296614000,1785153463296614000,1785153463296712000,1785153463296716000,1785153463296716000,1785153463296716000,121932490,121652369,-182.121,0.000,1.000,0.000,4.000,0.000,0.000,3.000,0,0,0
B3_zmq_pushpull,zmq_tcp,none,none,,1,26837,512,584,1785153463297616000,1785153463297616000,1785153463297616000,1785153463297617000,1785153463297701000,1785153463297704000,1785153463297704000,1785153463297704000,121932490,121652369,-196.121,0.000,0.000,1.000,3.000,0.000,0.000,14.000,0,0,0
B3_zmq_pushpull,zmq_tcp,none,none,,1,26838,512,584,1785153463298613000,1785153463298614000,1785153463298614000,1785153463298615000,1785153463298693000,1785153463298696000,1785153463298696000,1785153463298696000,121932490,121652369,-202.121,1.000,0.000,1.000,3.000,0.000,0.000,6.000,0,0,0
B3_zmq_pushpull,zmq_tcp,none,none,,1,26839,512,584,1785153463299613000,1785153463299614000,1785153463299614000,1785153463299615000,1785153463299678000,1785153463299681000,1785153463299681000,1785153463299681000,121932490,121652369,-217.121,1.000,0.000,1.000,3.000,0.000,0.000,15.000,0,0,0
B3_zmq_pushpull,zmq_tcp,none,none,,1,26840,512,584,1785153463300614000,1785153463300614000,1785153463300614000,1785153463300615000,1785153463300656000,1785153463300660000,1785153463300660000,1785153463300660000,121932490,121652369,-239.121,0.000,0.000,1.000,4.000,0.000,0.000,22.000,0,0,0
B3_zmq_pushpull,zmq_tcp,none,none,,1,26841,512,584,1785153463301494000,1785153463301494000,1785153463301494000,1785153463301496000,1785153463301646000,1785153463301648000,1785153463301648000,1785153463301648000,121932490,121652369,-130.121,0.000,0.000,2.000,2.000,0.000,0.000,109.000,0,0,0
B3_zmq_pushpull,zmq_tcp,none,none,,1,26842,512,584,1785153463302640000,1785153463302640000,1785153463302640000,1785153463302641000,1785153463302784000,1785153463302786000,1785153463302786000,1785153463302786000,121932490,121652369,-137.121,0.000,0.000,1.000,2.000,0.000,0.000,7.000,0,0,0
B3_zmq_pushpull,zmq_tcp,none,none,,1,26843,512,584,1785153463303475000,1785153463303475000,1785153463303475000,1785153463303476000,1785153463303631000,1785153463303633000,1785153463303633000,1785153463303633000,121932490,121652369,-125.121,0.000,0.000,1.000,2.000,0.000,0.000,12.000,0,0,0
B3_zmq_pushpull,zmq_tcp,none,none,,1,26844,512,584,1785153463304459000,1785153463304459000,1785153463304459000,1785153463304460000,1785153463304620000,1785153463304623000,1785153463304623000,1785153463304623000,121932490,121652369,-120.121,0.000,0.000,1.000,3.000,0.000,0.000,5.000,0,0,0
B3_zmq_pushpull,zmq_tcp,none,none,,1,26845,512,584,1785153463305445000,1785153463305445000,1785153463305445000,1785153463305446000,1785153463305596000,1785153463305599000,1785153463305599000,1785153463305599000,121932490,121652369,-130.121,0.000,0.000,1.000,3.000,0.000,0.000,10.000,0,0,0
B3_zmq_pushpull,zmq_tcp,none,none,,1,26846,512,584,1785153463306421000,1785153463306421000,1785153463306421000,1785153463306422000,1785153463306572000,1785153463306574000,1785153463306574000,1785153463306574000,121932490,121652369,-130.121,0.000,0.000,1.000,2.000,0.000,0.000,0.000,0,0,0
B3_zmq_pushpull,zmq_tcp,none,none,,1,26847,512,584,1785153463307530000,1785153463307530000,1785153463307530000,1785153463307531000,1785153463307683000,1785153463307685000,1785153463307685000,1785153463307685000,121932490,121652369,-128.121,0.000,0.000,1.000,2.000,0.000,0.000,2.000,0,0,0
B3_zmq_pushpull,zmq_tcp,none,none,,1,26848,512,584,1785153463308517000,1785153463308517000,1785153463308517000,1785153463308518000,1785153463308675000,1785153463308677000,1785153463308677000,1785153463308677000,121932490,121652369,-123.121,0.000,0.000,1.000,2.000,0.000,0.000,5.000,0,0,0
B3_zmq_pushpull,zmq_tcp,none,none,,1,26849,512,584,1785153463309515000,1785153463309515000,1785153463309515000,1785153463309516000,1785153463309672000,1785153463309675000,1785153463309675000,1785153463309675000,121932490,121652369,-124.121,0.000,0.000,1.000,3.000,0.000,0.000,1.000,0,0,0
B3_zmq_pushpull,zmq_tcp,none,none,,1,26850,512,584,1785153463310502000,1785153463310502000,1785153463310502000,1785153463310503000,1785153463310661000,1785153463310664000,1785153463310664000,1785153463310664000,121932490,121652369,-122.121,0.000,0.000,1.000,3.000,0.000,0.000,2.000,0,0,0
B3_zmq_pushpull,zmq_tcp,none,none,,1,26851,512,584,1785153463311642000,1785153463311642000,1785153463311642000,1785153463311643000,1785153463311771000,1785153463311773000,1785153463311773000,1785153463311773000,121932490,121652369,-152.121,0.000,0.000,1.000,2.000,0.000,0.000,30.000,0,0,0
B3_zmq_pushpull,zmq_tcp,none,none,,1,26852,512,584,1785153463312608000,1785153463312608000,1785153463312608000,1785153463312609000,1785153463312753000,1785153463312756000,1785153463312756000,1785153463312756000,121932490,121652369,-136.121,0.000,0.000,1.000,3.000,0.000,0.000,16.000,0,0,0
B3_zmq_pushpull,zmq_tcp,none,none,,1,26853,512,584,1785153463313615000,1785153463313615000,1785153463313615000,1785153463313616000,1785153463313729000,1785153463313732000,1785153463313732000,1785153463313732000,121932490,121652369,-167.121,0.000,0.000,1.000,3.000,0.000,0.000,31.000,0,0,0
B3_zmq_pushpull,zmq_tcp,none,none,,1,26854,512,584,1785153463314613000,1785153463314614000,1785153463314614000,1785153463314615000,1785153463314699000,1785153463314702000,1785153463314702000,1785153463314702000,121932490,121652369,-196.121,1.000,0.000,1.000,3.000,0.000,0.000,29.000,0,0,0
B3_zmq_pushpull,zmq_tcp,none,none,,1,26855,512,584,1785153463315616000,1785153463315616000,1785153463315617000,1785153463315617000,1785153463315811000,1785153463315813000,1785153463315813000,1785153463315813000,121932490,121652369,-86.121,0.000,1.000,0.000,2.000,0.000,0.000,110.000,0,0,0
B3_zmq_pushpull,zmq_tcp,none,none,,1,26856,512,584,1785153463316499000,1785153463316499000,1785153463316499000,1785153463316500000,1785153463316657000,1785153463316660000,1785153463316660000,1785153463316660000,121932490,121652369,-123.121,0.000,0.000,1.000,3.000,0.000,0.000,37.000,0,0,0
B3_zmq_pushpull,zmq_tcp,none,none,,1,26857,512,584,1785153463317643000,1785153463317643000,1785153463317643000,1785153463317644000,1785153463317787000,1785153463317789000,1785153463317789000,1785153463317789000,121932490,121652369,-137.121,0.000,0.000,1.000,2.000,0.000,0.000,14.000,0,0,0
B3_zmq_pushpull,zmq_tcp,none,none,,1,26858,512,584,1785153463318465000,1785153463318465000,1785153463318465000,1785153463318466000,1785153463318624000,1785153463318627000,1785153463318627000,1785153463318627000,121932490,121652369,-122.121,0.000,0.000,1.000,3.000,0.000,0.000,15.000,0,0,0
B3_zmq_pushpull,zmq_tcp,none,none,,1,26859,512,584,1785153463319651000,1785153463319651000,1785153463319651000,1785153463319652000,1785153463319739000,1785153463319742000,1785153463319742000,1785153463319742000,121932490,121652369,-193.121,0.000,0.000,1.000,3.000,0.000,0.000,71.000,0,0,0
B3_zmq_pushpull,zmq_tcp,none,none,,1,26860,512,584,1785153463320419000,1785153463320419000,1785153463320420000,1785153463320420000,1785153463320571000,1785153463320573000,1785153463320573000,1785153463320573000,121932490,121652369,-129.121,0.000,1.000,0.000,2.000,0.000,0.000,64.000,0,0,0
B3_zmq_pushpull,zmq_tcp,none,none,,1,26861,512,584,1785153463321664000,1785153463321664000,1785153463321664000,1785153463321665000,1785153463321714000,1785153463321718000,1785153463321718000,1785153463321718000,121932490,121652369,-231.121,0.000,0.000,1.000,4.000,0.000,0.000,102.000,0,0,0
B3_zmq_pushpull,zmq_tcp,none,none,,1,26862,512,584,1785153463322602000,1785153463322602000,1785153463322602000,1785153463322603000,1785153463322720000,1785153463322724000,1785153463322724000,1785153463322724000,121932490,121652369,-163.121,0.000,0.000,1.000,4.000,0.000,0.000,68.000,0,0,0
B3_zmq_pushpull,zmq_tcp,none,none,,1,26863,512,584,1785153463323620000,1785153463323620000,1785153463323620000,1785153463323621000,1785153463323721000,1785153463323724000,1785153463323724000,1785153463323724000,121932490,121652369,-180.121,0.000,0.000,1.000,3.000,0.000,0.000,17.000,0,0,0
B3_zmq_pushpull,zmq_tcp,none,none,,1,26864,512,584,1785153463324608000,1785153463324608000,1785153463324608000,1785153463324609000,1785153463324725000,1785153463324728000,1785153463324728000,1785153463324728000,121932490,121652369,-164.121,0.000,0.000,1.000,3.000,0.000,0.000,16.000,0,0,0
B3_zmq_pushpull,zmq_tcp,none,none,,1,26865,512,584,1785153463325617000,1785153463325617000,1785153463325617000,1785153463325618000,1785153463325721000,1785153463325724000,1785153463325724000,1785153463325724000,121932490,121652369,-177.121,0.000,0.000,1.000,3.000,0.000,0.000,13.000,0,0,0
B3_zmq_pushpull,zmq_tcp,none,none,,1,26866,512,584,1785153463326614000,1785153463326614000,1785153463326614000,1785153463326615000,1785153463326704000,1785153463326708000,1785153463326708000,1785153463326708000,121932490,121652369,-191.121,0.000,0.000,1.000,4.000,0.000,0.000,14.000,0,0,0
B3_zmq_pushpull,zmq_tcp,none,none,,1,26867,512,584,1785153463327614000,1785153463327614000,1785153463327614000,1785153463327615000,1785153463327681000,1785153463327684000,1785153463327684000,1785153463327684000,121932490,121652369,-214.121,0.000,0.000,1.000,3.000,0.000,0.000,23.000,0,0,0
B3_zmq_pushpull,zmq_tcp,none,none,,1,26868,512,584,1785153463328522000,1785153463328522000,1785153463328522000,1785153463328523000,1785153463328675000,1785153463328677000,1785153463328677000,1785153463328677000,121932490,121652369,-128.121,0.000,0.000,1.000,2.000,0.000,0.000,86.000,0,0,0
B3_zmq_pushpull,zmq_tcp,none,none,,1,26869,512,584,1785153463329522000,1785153463329522000,1785153463329522000,1785153463329523000,1785153463329684000,1785153463329687000,1785153463329687000,1785153463329687000,121932490,121652369,-119.121,0.000,0.000,1.000,3.000,0.000,0.000,9.000,0,0,0
B3_zmq_pushpull,zmq_tcp,none,none,,1,26870,512,584,1785153463330638000,1785153463330638000,1785153463330638000,1785153463330639000,1785153463330809000,1785153463330812000,1785153463330812000,1785153463330812000,121932490,121652369,-110.121,0.000,0.000,1.000,3.000,0.000,0.000,9.000,0,0,0
B3_zmq_pushpull,zmq_tcp,none,none,,1,26871,512,584,1785153463331609000,1785153463331609000,1785153463331609000,1785153463331610000,1785153463331785000,1785153463331788000,1785153463331788000,1785153463331788000,121932490,121652369,-105.121,0.000,0.000,1.000,3.000,0.000,0.000,5.000,0,0,0
B3_zmq_pushpull,zmq_tcp,none,none,,1,26872,512,584,1785153463332615000,1785153463332615000,1785153463332615000,1785153463332616000,1785153463332772000,1785153463332775000,1785153463332775000,1785153463332775000,121932490,121652369,-124.121,0.000,0.000,1.000,3.000,0.000,0.000,19.000,0,0,0
B3_zmq_pushpull,zmq_tcp,none,none,,1,26873,512,584,1785153463333614000,1785153463333614000,1785153463333614000,1785153463333615000,1785153463333781000,1785153463333784000,1785153463333784000,1785153463333784000,121932490,121652369,-114.121,0.000,0.000,1.000,3.000,0.000,0.000,10.000,0,0,0
B3_zmq_pushpull,zmq_tcp,none,none,,1,26874,512,584,1785153463334614000,1785153463334614000,1785153463334614000,1785153463334615000,1785153463334772000,1785153463334774000,1785153463334774000,1785153463334774000,121932490,121652369,-123.121,0.000,0.000,1.000,2.000,0.000,0.000,9.000,0,0,0
B3_zmq_pushpull,zmq_tcp,none,none,,1,26875,512,584,1785153463335474000,1785153463335474000,1785153463335474000,1785153463335475000,1785153463335632000,1785153463335635000,1785153463335635000,1785153463335635000,121932490,121652369,-123.121,0.000,0.000,1.000,3.000,0.000,0.000,0.000,0,0,0
B3_zmq_pushpull,zmq_tcp,none,none,,1,26876,512,584,1785153463336651000,1785153463336651000,1785153463336651000,1785153463336652000,1785153463336742000,1785153463336745000,1785153463336745000,1785153463336745000,121932490,121652369,-190.121,0.000,0.000,1.000,3.000,0.000,0.000,67.000,0,0,0
B3_zmq_pushpull,zmq_tcp,none,none,,1,26877,512,584,1785153463337608000,1785153463337608000,1785153463337608000,1785153463337609000,1785153463337702000,1785153463337705000,1785153463337705000,1785153463337705000,121932490,121652369,-187.121,0.000,0.000,1.000,3.000,0.000,0.000,3.000,0,0,0
B3_zmq_pushpull,zmq_tcp,none,none,,1,26878,512,584,1785153463338543000,1785153463338543000,1785153463338543000,1785153463338544000,1785153463338703000,1785153463338705000,1785153463338705000,1785153463338705000,121932490,121652369,-121.121,0.000,0.000,1.000,2.000,0.000,0.000,66.000,0,0,0
B3_zmq_pushpull,zmq_tcp,none,none,,1,26879,512,584,1785153463339422000,1785153463339422000,1785153463339423000,1785153463339423000,1785153463339564000,1785153463339566000,1785153463339567000,1785153463339567000,121932490,121652369,-139.121,0.000,1.000,0.000,2.000,1.000,0.000,18.000,0,0,0
B3_zmq_pushpull,zmq_tcp,none,none,,1,26880,512,584,1785153463340662000,1785153463340662000,1785153463340662000,1785153463340663000,1785153463340704000,1785153463340706000,1785153463340706000,1785153463340706000,121932490,121652369,-239.121,0.000,0.000,1.000,2.000,0.000,0.000,100.000,0,0,0
B3_zmq_pushpull,zmq_tcp,none,none,,1,26881,512,584,1785153463341530000,1785153463341530000,1785153463341530000,1785153463341531000,1785153463341681000,1785153463341685000,1785153463341685000,1785153463341685000,121932490,121652369,-130.121,0.000,0.000,1.000,4.000,0.000,0.000,109.000,0,0,0
B3_zmq_pushpull,zmq_tcp,none,none,,1,26882,512,584,1785153463342635000,1785153463342635000,1785153463342635000,1785153463342636000,1785153463342803000,1785153463342806000,1785153463342806000,1785153463342806000,121932490,121652369,-113.121,0.000,0.000,1.000,3.000,0.000,0.000,17.000,0,0,0
B3_zmq_pushpull,zmq_tcp,none,none,,1,26883,512,584,1785153463343606000,1785153463343606000,1785153463343606000,1785153463343607000,1785153463343781000,1785153463343784000,1785153463343784000,1785153463343784000,121932490,121652369,-106.121,0.000,0.000,1.000,3.000,0.000,0.000,7.000,0,0,0
B3_zmq_pushpull,zmq_tcp,none,none,,1,26884,512,584,1785153463344617000,1785153463344617000,1785153463344617000,1785153463344618000,1785153463344769000,1785153463344772000,1785153463344772000,1785153463344772000,121932490,121652369,-129.121,0.000,0.000,1.000,3.000,0.000,0.000,23.000,0,0,0
B3_zmq_pushpull,zmq_tcp,none,none,,1,26885,512,584,1785153463345467000,1785153463345467000,1785153463345467000,1785153463345468000,1785153463345627000,1785153463345629000,1785153463345629000,1785153463345629000,121932490,121652369,-121.121,0.000,0.000,1.000,2.000,0.000,0.000,8.000,0,0,0
B3_zmq_pushpull,zmq_tcp,none,none,,1,26886,512,584,1785153463346651000,1785153463346651000,1785153463346651000,1785153463346652000,1785153463346733000,1785153463346737000,1785153463346737000,1785153463346737000,121932490,121652369,-199.121,0.000,0.000,1.000,4.000,0.000,0.000,78.000,0,0,0
B3_zmq_pushpull,zmq_tcp,none,none,,1,26887,512,584,1785153463347602000,1785153463347602000,1785153463347602000,1785153463347603000,1785153463347721000,1785153463347724000,1785153463347724000,1785153463347724000,121932490,121652369,-162.121,0.000,0.000,1.000,3.000,0.000,0.000,37.000,0,0,0
B3_zmq_pushpull,zmq_tcp,none,none,,1,26888,512,584,1785153463348617000,1785153463348617000,1785153463348617000,1785153463348618000,1785153463348709000,1785153463348713000,1785153463348713000,1785153463348713000,121932490,121652369,-189.121,0.000,0.000,1.000,4.000,0.000,0.000,27.000,0,0,0
B3_zmq_pushpull,zmq_tcp,none,none,,1,26889,512,584,1785153463349614000,1785153463349614000,1785153463349614000,1785153463349615000,1785153463349680000,1785153463349683000,1785153463349683000,1785153463349683000,121932490,121652369,-215.121,0.000,0.000,1.000,3.000,0.000,0.000,26.000,0,0,0
B3_zmq_pushpull,zmq_tcp,none,none,,1,26890,512,584,1785153463350614000,1785153463350614000,1785153463350614000,1785153463350615000,1785153463350805000,1785153463350808000,1785153463350808000,1785153463350808000,121932490,121652369,-90.121,0.000,0.000,1.000,3.000,0.000,0.000,125.000,0,0,0
B3_zmq_pushpull,zmq_tcp,none,none,,1,26891,512,584,1785153463351497000,1785153463351497000,1785153463351497000,1785153463351498000,1785153463351655000,1785153463351658000,1785153463351658000,1785153463351658000,121932490,121652369,-123.121,0.000,0.000,1.000,3.000,0.000,0.000,33.000,0,0,0
B3_zmq_pushpull,zmq_tcp,none,none,,1,26892,512,584,1785153463352482000,1785153463352482000,1785153463352482000,1785153463352483000,1785153463352631000,1785153463352635000,1785153463352635000,1785153463352635000,121932490,121652369,-132.121,0.000,0.000,1.000,4.000,0.000,0.000,9.000,0,0,0
B3_zmq_pushpull,zmq_tcp,none,none,,1,26893,512,584,1785153463353650000,1785153463353650000,1785153463353650000,1785153463353651000,1785153463353746000,1785153463353749000,1785153463353749000,1785153463353749000,121932490,121652369,-185.121,0.000,0.000,1.000,3.000,0.000,0.000,53.000,0,0,0
B3_zmq_pushpull,zmq_tcp,none,none,,1,26894,512,584,1785153463354603000,1785153463354603000,1785153463354603000,1785153463354604000,1785153463354721000,1785153463354724000,1785153463354724000,1785153463354724000,121932490,121652369,-163.121,0.000,0.000,1.000,3.000,0.000,0.000,22.000,0,0,0
B3_zmq_pushpull,zmq_tcp,none,none,,1,26895,512,584,1785153463355616000,1785153463355617000,1785153463355617000,1785153463355618000,1785153463355679000,1785153463355681000,1785153463355681000,1785153463355681000,121932490,121652369,-219.121,1.000,0.000,1.000,2.000,0.000,0.000,56.000,0,0,0
B3_zmq_pushpull,zmq_tcp,none,none,,1,26896,512,584,1785153463356615000,1785153463356615000,1785153463356615000,1785153463356616000,1785153463356658000,1785153463356661000,1785153463356661000,1785153463356661000,121932490,121652369,-238.121,0.000,0.000,1.000,3.000,0.000,0.000,19.000,0,0,0
B3_zmq_pushpull,zmq_tcp,none,none,,1,26897,512,584,1785153463357616000,1785153463357616000,1785153463357616000,1785153463357617000,1785153463357788000,1785153463357791000,1785153463357791000,1785153463357791000,121932490,121652369,-109.121,0.000,0.000,1.000,3.000,0.000,0.000,129.000,0,0,0
B3_zmq_pushpull,zmq_tcp,none,none,,1,26898,512,584,1785153463358477000,1785153463358477000,1785153463358477000,1785153463358478000,1785153463358631000,1785153463358634000,1785153463358634000,1785153463358634000,121932490,121652369,-127.121,0.000,0.000,1.000,3.000,0.000,0.000,18.000,0,0,0
B3_zmq_pushpull,zmq_tcp,none,none,,1,26899,512,584,1785153463359471000,1785153463359471000,1785153463359471000,1785153463359472000,1785153463359620000,1785153463359623000,1785153463359623000,1785153463359623000,121932490,121652369,-132.121,0.000,0.000,1.000,3.000,0.000,0.000,5.000,0,0,0
B3_zmq_pushpull,zmq_tcp,none,none,,1,26900,512,584,1785153463360651000,1785153463360651000,1785153463360651000,1785153463360652000,1785153463360740000,1785153463360743000,1785153463360743000,1785153463360743000,121932490,121652369,-192.121,0.000,0.000,1.000,3.000,0.000,0.000,60.000,0,0,0
B3_zmq_pushpull,zmq_tcp,none,none,,1,26901,512,584,1785153463361604000,1785153463361605000,1785153463361605000,1785153463361606000,1785153463361729000,1785153463361733000,1785153463361733000,1785153463361733000,121932490,121652369,-157.121,1.000,0.000,1.000,4.000,0.000,0.000,35.000,0,0,0
B3_zmq_pushpull,zmq_tcp,none,none,,1,26902,512,584,1785153463362616000,1785153463362617000,1785153463362617000,1785153463362618000,1785153463362697000,1785153463362700000,1785153463362700000,1785153463362700000,121932490,121652369,-201.121,1.000,0.000,1.000,3.000,0.000,0.000,44.000,0,0,0
B3_zmq_pushpull,zmq_tcp,none,none,,1,26903,512,584,1785153463363620000,1785153463363621000,1785153463363621000,1785153463363622000,1785153463363687000,1785153463363690000,1785153463363690000,1785153463363690000,121932490,121652369,-215.121,1.000,0.000,1.000,3.000,0.000,0.000,14.000,0,0,0
B3_zmq_pushpull,zmq_tcp,none,none,,1,26904,512,584,1785153463364615000,1785153463364615000,1785153463364615000,1785153463364616000,1785153463364823000,1785153463364826000,1785153463364826000,1785153463364826000,121932490,121652369,-73.121,0.000,0.000,1.000,3.000,0.000,0.000,142.000,0,0,0
B3_zmq_pushpull,zmq_tcp,none,none,,1,26905,512,584,1785153463365610000,1785153463365610000,1785153463365610000,1785153463365611000,1785153463365804000,1785153463365807000,1785153463365807000,1785153463365807000,121932490,121652369,-87.121,0.000,0.000,1.000,3.000,0.000,0.000,14.000,0,0,0
B3_zmq_pushpull,zmq_tcp,none,none,,1,26906,512,584,1785153463366502000,1785153463366502000,1785153463366502000,1785153463366503000,1785153463366659000,1785153463366661000,1785153463366662000,1785153463366662000,121932490,121652369,-124.121,0.000,0.000,1.000,2.000,1.000,0.000,37.000,0,0,0
B3_zmq_pushpull,zmq_tcp,none,none,,1,26907,512,584,1785153463367642000,1785153463367642000,1785153463367642000,1785153463367643000,1785153463367780000,1785153463367783000,1785153463367783000,1785153463367783000,121932490,121652369,-143.121,0.000,0.000,1.000,3.000,0.000,0.000,19.000,0,0,0
B3_zmq_pushpull,zmq_tcp,none,none,,1,26908,512,584,1785153463368606000,1785153463368606000,1785153463368606000,1785153463368607000,1785153463368760000,1785153463368763000,1785153463368763000,1785153463368763000,121932490,121652369,-127.121,0.000,0.000,1.000,3.000,0.000,0.000,16.000,0,0,0
B3_zmq_pushpull,zmq_tcp,none,none,,1,26909,512,584,1785153463369615000,1785153463369615000,1785153463369615000,1785153463369616000,1785153463369746000,1785153463369748000,1785153463369748000,1785153463369748000,121932490,121652369,-150.121,0.000,0.000,1.000,2.000,0.000,0.000,23.000,0,0,0
B3_zmq_pushpull,zmq_tcp,none,none,,1,26910,512,584,1785153463370614000,1785153463370614000,1785153463370614000,1785153463370615000,1785153463370726000,1785153463370729000,1785153463370729000,1785153463370729000,121932490,121652369,-169.121,0.000,0.000,1.000,3.000,0.000,0.000,19.000,0,0,0
B3_zmq_pushpull,zmq_tcp,none,none,,1,26911,512,584,1785153463371614000,1785153463371614000,1785153463371614000,1785153463371615000,1785153463371703000,1785153463371706000,1785153463371706000,1785153463371706000,121932490,121652369,-192.121,0.000,0.000,1.000,3.000,0.000,0.000,23.000,0,0,0
B3_zmq_pushpull,zmq_tcp,none,none,,1,26912,512,584,1785153463372614000,1785153463372614000,1785153463372614000,1785153463372615000,1785153463372678000,1785153463372680000,1785153463372680000,1785153463372680000,121932490,121652369,-217.121,0.000,0.000,1.000,2.000,0.000,0.000,25.000,0,0,0
B3_zmq_pushpull,zmq_tcp,none,none,,1,26913,512,584,1785153463373614000,1785153463373614000,1785153463373614000,1785153463373615000,1785153463373662000,1785153463373667000,1785153463373667000,1785153463373667000,121932490,121652369,-233.121,0.000,0.000,1.000,5.000,0.000,0.000,16.000,0,0,0
B3_zmq_pushpull,zmq_tcp,none,none,,1,26914,512,584,1785153463374616000,1785153463374616000,1785153463374616000,1785153463374617000,1785153463374785000,1785153463374789000,1785153463374789000,1785153463374789000,121932490,121652369,-112.121,0.000,0.000,1.000,4.000,0.000,0.000,121.000,0,0,0
B3_zmq_pushpull,zmq_tcp,none,none,,1,26915,512,584,1785153463375610000,1785153463375610000,1785153463375610000,1785153463375611000,1785153463375775000,1785153463375778000,1785153463375778000,1785153463375778000,121932490,121652369,-116.121,0.000,0.000,1.000,3.000,0.000,0.000,4.000,0,0,0
B3_zmq_pushpull,zmq_tcp,none,none,,1,26916,512,584,1785153463376616000,1785153463376616000,1785153463376616000,1785153463376617000,1785153463376767000,1785153463376770000,1785153463376770000,1785153463376770000,121932490,121652369,-130.121,0.000,0.000,1.000,3.000,0.000,0.000,14.000,0,0,0
B3_zmq_pushpull,zmq_tcp,none,none,,1,26917,512,584,1785153463377614000,1785153463377614000,1785153463377614000,1785153463377615000,1785153463377771000,1785153463377774000,1785153463377774000,1785153463377774000,121932490,121652369,-124.121,0.000,0.000,1.000,3.000,0.000,0.000,6.000,0,0,0
B3_zmq_pushpull,zmq_tcp,none,none,,1,26918,512,584,1785153463378616000,1785153463378616000,1785153463378616000,1785153463378617000,1785153463378742000,1785153463378744000,1785153463378744000,1785153463378744000,121932490,121652369,-155.121,0.000,0.000,1.000,2.000,0.000,0.000,31.000,0,0,0
B3_zmq_pushpull,zmq_tcp,none,none,,1,26919,512,584,1785153463379611000,1785153463379611000,1785153463379611000,1785153463379612000,1785153463379726000,1785153463379728000,1785153463379728000,1785153463379728000,121932490,121652369,-166.121,0.000,0.000,1.000,2.000,0.000,0.000,11.000,0,0,0
B3_zmq_pushpull,zmq_tcp,none,none,,1,26920,512,584,1785153463380617000,1785153463380617000,1785153463380617000,1785153463380618000,1785153463380712000,1785153463380715000,1785153463380715000,1785153463380715000,121932490,121652369,-186.121,0.000,0.000,1.000,3.000,0.000,0.000,20.000,0,0,0
B3_zmq_pushpull,zmq_tcp,none,none,,1,26921,512,584,1785153463381613000,1785153463381613000,1785153463381613000,1785153463381614000,1785153463381688000,1785153463381691000,1785153463381692000,1785153463381692000,121932490,121652369,-206.121,0.000,0.000,1.000,3.000,1.000,0.000,20.000,0,0,0
B3_zmq_pushpull,zmq_tcp,none,none,,1,26922,512,584,1785153463382615000,1785153463382615000,1785153463382615000,1785153463382616000,1785153463382672000,1785153463382676000,1785153463382676000,1785153463382676000,121932490,121652369,-224.121,0.000,0.000,1.000,4.000,0.000,0.000,18.000,0,0,0
B3_zmq_pushpull,zmq_tcp,none,none,,1,26923,512,584,1785153463383611000,1785153463383611000,1785153463383611000,1785153463383612000,1785153463383659000,1785153463383662000,1785153463383662000,1785153463383662000,121932490,121652369,-233.121,0.000,0.000,1.000,3.000,0.000,0.000,9.000,0,0,0
B3_zmq_pushpull,zmq_tcp,none,none,,1,26924,512,584,1785153463384616000,1785153463384616000,1785153463384616000,1785153463384617000,1785153463384796000,1785153463384804000,1785153463384804000,1785153463384804000,121932490,121652369,-101.121,0.000,0.000,1.000,8.000,0.000,0.000,132.000,0,0,0
B3_zmq_pushpull,zmq_tcp,none,none,,1,26925,512,584,1785153463385614000,1785153463385614000,1785153463385614000,1785153463385615000,1785153463385787000,1785153463385790000,1785153463385790000,1785153463385790000,121932490,121652369,-108.121,0.000,0.000,1.000,3.000,0.000,0.000,7.000,0,0,0
B3_zmq_pushpull,zmq_tcp,none,none,,1,26926,512,584,1785153463386616000,1785153463386616000,1785153463386616000,1785153463386617000,1785153463386778000,1785153463386780000,1785153463386780000,1785153463386780000,121932490,121652369,-119.121,0.000,0.000,1.000,2.000,0.000,0.000,11.000,0,0,0
B3_zmq_pushpull,zmq_tcp,none,none,,1,26927,512,584,1785153463387610000,1785153463387610000,1785153463387610000,1785153463387611000,1785153463387772000,1785153463387775000,1785153463387775000,1785153463387775000,121932490,121652369,-119.121,0.000,0.000,1.000,3.000,0.000,0.000,0.000,0,0,0
B3_zmq_pushpull,zmq_tcp,none,none,,1,26928,512,584,1785153463388617000,1785153463388617000,1785153463388618000,1785153463388618000,1785153463388774000,1785153463388776000,1785153463388776000,1785153463388777000,121932490,121652369,-124.121,0.000,1.000,0.000,2.000,0.000,1.000,5.000,0,0,0
B3_zmq_pushpull,zmq_tcp,none,none,,1,26929,512,584,1785153463389614000,1785153463389614000,1785153463389614000,1785153463389615000,1785153463389762000,1785153463389764000,1785153463389764000,1785153463389764000,121932490,121652369,-133.121,0.000,0.000,1.000,2.000,0.000,0.000,9.000,0,0,0
B3_zmq_pushpull,zmq_tcp,none,none,,1,26930,512,584,1785153463390614000,1785153463390614000,1785153463390614000,1785153463390615000,1785153463390730000,1785153463390733000,1785153463390733000,1785153463390733000,121932490,121652369,-165.121,0.000,0.000,1.000,3.000,0.000,0.000,32.000,0,0,0
B3_zmq_pushpull,zmq_tcp,none,none,,1,26931,512,584,1785153463391611000,1785153463391612000,1785153463391612000,1785153463391613000,1785153463391727000,1785153463391730000,1785153463391730000,1785153463391730000,121932490,121652369,-166.121,1.000,0.000,1.000,3.000,0.000,0.000,1.000,0,0,0
B3_zmq_pushpull,zmq_tcp,none,none,,1,26932,512,584,1785153463392618000,1785153463392618000,1785153463392618000,1785153463392619000,1785153463392723000,1785153463392726000,1785153463392726000,1785153463392726000,121932490,121652369,-176.121,0.000,0.000,1.000,3.000,0.000,0.000,10.000,0,0,0
B3_zmq_pushpull,zmq_tcp,none,none,,1,26933,512,584,1785153463393614000,1785153463393614000,1785153463393614000,1785153463393615000,1785153463393715000,1785153463393718000,1785153463393718000,1785153463393718000,121932490,121652369,-180.121,0.000,0.000,1.000,3.000,0.000,0.000,4.000,0,0,0
B3_zmq_pushpull,zmq_tcp,none,none,,1,26934,512,584,1785153463394548000,1785153463394549000,1785153463394549000,1785153463394550000,1785153463394711000,1785153463394714000,1785153463394714000,1785153463394714000,121932490,121652369,-119.121,1.000,0.000,1.000,3.000,0.000,0.000,61.000,0,0,0
B3_zmq_pushpull,zmq_tcp,none,none,,1,26935,512,584,1785153463395631000,1785153463395631000,1785153463395631000,1785153463395632000,1785153463395694000,1785153463395696000,1785153463395696000,1785153463395696000,121932490,121652369,-218.121,0.000,0.000,1.000,2.000,0.000,0.000,99.000,0,0,0
B3_zmq_pushpull,zmq_tcp,none,none,,1,26936,512,584,1785153463396610000,1785153463396610000,1785153463396610000,1785153463396611000,1785153463396660000,1785153463396664000,1785153463396664000,1785153463396664000,121932490,121652369,-231.121,0.000,0.000,1.000,4.000,0.000,0.000,13.000,0,0,0
B3_zmq_pushpull,zmq_tcp,none,none,,1,26937,512,584,1785153463397481000,1785153463397481000,1785153463397481000,1785153463397482000,1785153463397634000,1785153463397636000,1785153463397637000,1785153463397637000,121932490,121652369,-128.121,0.000,0.000,1.000,2.000,1.000,0.000,103.000,0,0,0
B3_zmq_pushpull,zmq_tcp,none,none,,1,26938,512,584,1785153463398477000,1785153463398478000,1785153463398478000,1785153463398479000,1785153463398620000,1785153463398623000,1785153463398623000,1785153463398623000,121932490,121652369,-139.121,1.000,0.000,1.000,3.000,0.000,0.000,11.000,0,0,0
B3_zmq_pushpull,zmq_tcp,none,none,,1,26939,512,584,1785153463399647000,1785153463399647000,1785153463399647000,1785153463399648000,1785153463399735000,1785153463399738000,1785153463399738000,1785153463399738000,121932490,121652369,-193.121,0.000,0.000,1.000,3.000,0.000,0.000,54.000,0,0,0
B3_zmq_pushpull,zmq_tcp,none,none,,1,26940,512,584,1785153463400607000,1785153463400607000,1785153463400608000,1785153463400608000,1785153463400730000,1785153463400733000,1785153463400733000,1785153463400733000,121932490,121652369,-158.121,0.000,1.000,0.000,3.000,0.000,0.000,35.000,0,0,0
B3_zmq_pushpull,zmq_tcp,none,none,,1,26941,512,584,1785153463401617000,1785153463401617000,1785153463401617000,1785153463401618000,1785153463401718000,1785153463401720000,1785153463401720000,1785153463401720000,121932490,121652369,-180.121,0.000,0.000,1.000,2.000,0.000,0.000,22.000,0,0,0
B3_zmq_pushpull,zmq_tcp,none,none,,1,26942,512,584,1785153463402612000,1785153463402612000,1785153463402612000,1785153463402613000,1785153463402694000,1785153463402697000,1785153463402697000,1785153463402697000,121932490,121652369,-199.121,0.000,0.000,1.000,3.000,0.000,0.000,19.000,0,0,0
B3_zmq_pushpull,zmq_tcp,none,none,,1,26943,512,584,1785153463403615000,1785153463403616000,1785153463403616000,1785153463403617000,1785153463403669000,1785153463403672000,1785153463403672000,1785153463403672000,121932490,121652369,-228.121,1.000,0.000,1.000,3.000,0.000,0.000,29.000,0,0,0
B3_zmq_pushpull,zmq_tcp,none,none,,1,26944,512,584,1785153463404614000,1785153463404614000,1785153463404614000,1785153463404615000,1785153463404662000,1785153463404665000,1785153463404665000,1785153463404665000,121932490,121652369,-233.121,0.000,0.000,1.000,3.000,0.000,0.000,5.000,0,0,0
B3_zmq_pushpull,zmq_tcp,none,none,,1,26945,512,584,1785153463405614000,1785153463405614000,1785153463405614000,1785153463405615000,1785153463405787000,1785153463405790000,1785153463405790000,1785153463405790000,121932490,121652369,-108.121,0.000,0.000,1.000,3.000,0.000,0.000,125.000,0,0,0
B3_zmq_pushpull,zmq_tcp,none,none,,1,26946,512,584,1785153463406475000,1785153463406475000,1785153463406475000,1785153463406476000,1785153463406627000,1785153463406630000,1785153463406630000,1785153463406630000,121932490,121652369,-129.121,0.000,0.000,1.000,3.000,0.000,0.000,21.000,0,0,0
B3_zmq_pushpull,zmq_tcp,none,none,,1,26947,512,584,1785153463407449000,1785153463407449000,1785153463407449000,1785153463407450000,1785153463407607000,1785153463407610000,1785153463407610000,1785153463407610000,121932490,121652369,-123.121,0.000,0.000,1.000,3.000,0.000,0.000,6.000,0,0,0
B3_zmq_pushpull,zmq_tcp,none,none,,1,26948,512,584,1785153463408434000,1785153463408434000,1785153463408435000,1785153463408436000,1785153463408581000,1785153463408584000,1785153463408584000,1785153463408584000,121932490,121652369,-135.121,0.000,1.000,1.000,3.000,0.000,0.000,12.000,0,0,0
B3_zmq_pushpull,zmq_tcp,none,none,,1,26949,512,584,1785153463409660000,1785153463409660000,1785153463409660000,1785153463409661000,1785153463409716000,1785153463409719000,1785153463409720000,1785153463409720000,121932490,121652369,-225.121,0.000,0.000,1.000,3.000,1.000,0.000,90.000,0,0,0
B3_zmq_pushpull,zmq_tcp,none,none,,1,26950,512,584,1785153463410601000,1785153463410601000,1785153463410601000,1785153463410602000,1785153463410700000,1785153463410703000,1785153463410703000,1785153463410703000,121932490,121652369,-182.121,0.000,0.000,1.000,3.000,0.000,0.000,43.000,0,0,0
B3_zmq_pushpull,zmq_tcp,none,none,,1,26951,512,584,1785153463411618000,1785153463411618000,1785153463411618000,1785153463411619000,1785153463411676000,1785153463411679000,1785153463411679000,1785153463411679000,121932490,121652369,-223.121,0.000,0.000,1.000,3.000,0.000,0.000,41.000,0,0,0
B3_zmq_pushpull,zmq_tcp,none,none,,1,26952,512,584,1785153463412613000,1785153463412613000,1785153463412613000,1785153463412614000,1785153463412663000,1785153463412666000,1785153463412666000,1785153463412666000,121932490,121652369,-231.121,0.000,0.000,1.000,3.000,0.000,0.000,8.000,0,0,0
B3_zmq_pushpull,zmq_tcp,none,none,,1,26953,512,584,1785153463413615000,1785153463413615000,1785153463413616000,1785153463413616000,1785153463413779000,1785153463413782000,1785153463413782000,1785153463413782000,121932490,121652369,-117.121,0.000,1.000,0.000,3.000,0.000,0.000,114.000,0,0,0
B3_zmq_pushpull,zmq_tcp,none,none,,1,26954,512,584,1785153463414613000,1785153463414613000,1785153463414614000,1785153463414614000,1785153463414783000,1785153463414786000,1785153463414786000,1785153463414786000,121932490,121652369,-111.121,0.000,1.000,0.000,3.000,0.000,0.000,6.000,0,0,0
B3_zmq_pushpull,zmq_tcp,none,none,,1,26955,512,584,1785153463415615000,1785153463415616000,1785153463415616000,1785153463415617000,1785153463415772000,1785153463415775000,1785153463415775000,1785153463415775000,121932490,121652369,-125.121,1.000,0.000,1.000,3.000,0.000,0.000,14.000,0,0,0
B3_zmq_pushpull,zmq_tcp,none,none,,1,26956,512,584,1785153463416614000,1785153463416615000,1785153463416615000,1785153463416616000,1785153463416758000,1785153463416761000,1785153463416761000,1785153463416761000,121932490,121652369,-138.121,1.000,0.000,1.000,3.000,0.000,0.000,13.000,0,0,0
B3_zmq_pushpull,zmq_tcp,none,none,,1,26957,512,584,1785153463417614000,1785153463417614000,1785153463417614000,1785153463417615000,1785153463417736000,1785153463417739000,1785153463417739000,1785153463417739000,121932490,121652369,-159.121,0.000,0.000,1.000,3.000,0.000,0.000,21.000,0,0,0
B3_zmq_pushpull,zmq_tcp,none,none,,1,26958,512,584,1785153463418612000,1785153463418612000,1785153463418612000,1785153463418613000,1785153463418708000,1785153463418711000,1785153463418711000,1785153463418711000,121932490,121652369,-185.121,0.000,0.000,1.000,3.000,0.000,0.000,26.000,0,0,0
B3_zmq_pushpull,zmq_tcp,none,none,,1,26959,512,584,1785153463419615000,1785153463419615000,1785153463419616000,1785153463419616000,1785153463419711000,1785153463419714000,1785153463419714000,1785153463419714000,121932490,121652369,-185.121,0.000,1.000,0.000,3.000,0.000,0.000,0.000,0,0,0
B3_zmq_pushpull,zmq_tcp,none,none,,1,26960,512,584,1785153463420617000,1785153463420617000,1785153463420617000,1785153463420618000,1785153463420698000,1785153463420701000,1785153463420701000,1785153463420701000,121932490,121652369,-200.121,0.000,0.000,1.000,3.000,0.000,0.000,15.000,0,0,0
B3_zmq_pushpull,zmq_tcp,none,none,,1,26961,512,584,1785153463421613000,1785153463421613000,1785153463421613000,1785153463421614000,1785153463421699000,1785153463421702000,1785153463421702000,1785153463421702000,121932490,121652369,-195.121,0.000,0.000,1.000,3.000,0.000,0.000,5.000,0,0,0
B3_zmq_pushpull,zmq_tcp,none,none,,1,26962,512,584,1785153463422614000,1785153463422614000,1785153463422614000,1785153463422615000,1785153463422688000,1785153463422691000,1785153463422691000,1785153463422691000,121932490,121652369,-207.121,0.000,0.000,1.000,3.000,0.000,0.000,12.000,0,0,0
B3_zmq_pushpull,zmq_tcp,none,none,,1,26963,512,584,1785153463423615000,1785153463423615000,1785153463423615000,1785153463423616000,1785153463423685000,1785153463423689000,1785153463423689000,1785153463423689000,121932490,121652369,-211.121,0.000,0.000,1.000,4.000,0.000,0.000,4.000,0,0,0
B3_zmq_pushpull,zmq_tcp,none,none,,1,26964,512,584,1785153463424614000,1785153463424614000,1785153463424614000,1785153463424615000,1785153463424676000,1785153463424680000,1785153463424680000,1785153463424680000,121932490,121652369,-219.121,0.000,0.000,1.000,4.000,0.000,0.000,8.000,0,0,0
B3_zmq_pushpull,zmq_tcp,none,none,,1,26965,512,584,1785153463425612000,1785153463425612000,1785153463425612000,1785153463425613000,1785153463425657000,1785153463425661000,1785153463425661000,1785153463425661000,121932490,121652369,-236.121,0.000,0.000,1.000,4.000,0.000,0.000,17.000,0,0,0
B3_zmq_pushpull,zmq_tcp,none,none,,1,26966,512,584,1785153463426615000,1785153463426616000,1785153463426616000,1785153463426617000,1785153463426807000,1785153463426815000,1785153463426816000,1785153463426816000,121932490,121652369,-90.121,1.000,0.000,1.000,8.000,1.000,0.000,146.000,0,0,0
B3_zmq_pushpull,zmq_tcp,none,none,,1,26967,512,584,1785153463427615000,1785153463427615000,1785153463427615000,1785153463427616000,1785153463427802000,1785153463427804000,1785153463427805000,1785153463427805000,121932490,121652369,-94.121,0.000,0.000,1.000,2.000,1.000,0.000,4.000,0,0,0
B3_zmq_pushpull,zmq_tcp,none,none,,1,26968,512,584,1785153463428615000,1785153463428615000,1785153463428615000,1785153463428616000,1785153463428777000,1785153463428779000,1785153463428779000,1785153463428779000,121932490,121652369,-119.121,0.000,0.000,1.000,2.000,0.000,0.000,25.000,0,0,0
B3_zmq_pushpull,zmq_tcp,none,none,,1,26969,512,584,1785153463429477000,1785153463429477000,1785153463429477000,1785153463429478000,1785153463429625000,1785153463429630000,1785153463429630000,1785153463429630000,121932490,121652369,-133.121,0.000,0.000,1.000,5.000,0.000,0.000,14.000,0,0,0
B3_zmq_pushpull,zmq_tcp,none,none,,1,26970,512,584,1785153463430465000,1785153463430465000,1785153463430465000,1785153463430466000,1785153463430618000,1785153463430621000,1785153463430621000,1785153463430621000,121932490,121652369,-128.121,0.000,0.000,1.000,3.000,0.000,0.000,5.000,0,0,0
B3_zmq_pushpull,zmq_tcp,none,none,,1,26971,512,584,1785153463431433000,1785153463431433000,1785153463431433000,1785153463431434000,1785153463431589000,1785153463431595000,1785153463431595000,1785153463431595000,121932490,121652369,-125.121,0.000,0.000,1.000,6.000,0.000,0.000,3.000,0,0,0
B3_zmq_pushpull,zmq_tcp,none,none,,1,26972,512,584,1785153463432658000,1785153463432658000,1785153463432658000,1785153463432659000,1785153463432838000,1785153463432841000,1785153463432841000,1785153463432841000,121932490,121652369,-101.121,0.000,0.000,1.000,3.000,0.000,0.000,24.000,0,0,0
B3_zmq_pushpull,zmq_tcp,none,none,,1,26973,512,584,1785153463433609000,1785153463433609000,1785153463433609000,1785153463433610000,1785153463433697000,1785153463433700000,1785153463433700000,1785153463433700000,121932490,121652369,-193.121,0.000,0.000,1.000,3.000,0.000,0.000,92.000,0,0,0
B3_zmq_pushpull,zmq_tcp,none,none,,1,26974,512,584,1785153463434615000,1785153463434616000,1785153463434616000,1785153463434617000,1785153463434692000,1785153463434694000,1785153463434694000,1785153463434694000,121932490,121652369,-205.121,1.000,0.000,1.000,2.000,0.000,0.000,12.000,0,0,0
B3_zmq_pushpull,zmq_tcp,none,none,,1,26975,512,584,1785153463435618000,1785153463435618000,1785153463435618000,1785153463435619000,1785153463435681000,1785153463435683000,1785153463435683000,1785153463435683000,121932490,121652369,-218.121,0.000,0.000,1.000,2.000,0.000,0.000,13.000,0,0,0
B3_zmq_pushpull,zmq_tcp,none,none,,1,26976,512,584,1785153463436614000,1785153463436614000,1785153463436614000,1785153463436615000,1785153463436674000,1785153463436677000,1785153463436677000,1785153463436677000,121932490,121652369,-221.121,0.000,0.000,1.000,3.000,0.000,0.000,3.000,0,0,0
B3_zmq_pushpull,zmq_tcp,none,none,,1,26977,512,584,1785153463437615000,1785153463437615000,1785153463437615000,1785153463437616000,1785153463437665000,1785153463437668000,1785153463437668000,1785153463437668000,121932490,121652369,-231.121,0.000,0.000,1.000,3.000,0.000,0.000,10.000,0,0,0
B3_zmq_pushpull,zmq_tcp,none,none,,1,26978,512,584,1785153463438614000,1785153463438614000,1785153463438615000,1785153463438615000,1785153463438781000,1785153463438783000,1785153463438783000,1785153463438783000,121932490,121652369,-114.121,0.000,1.000,0.000,2.000,0.000,0.000,117.000,0,0,0
B3_zmq_pushpull,zmq_tcp,none,none,,1,26979,512,584,1785153463439614000,1785153463439614000,1785153463439614000,1785153463439616000,1785153463439756000,1785153463439759000,1785153463439759000,1785153463439760000,121932490,121652369,-140.121,0.000,0.000,2.000,3.000,0.000,1.000,26.000,0,0,0
B3_zmq_pushpull,zmq_tcp,none,none,,1,26980,512,584,1785153463440614000,1785153463440614000,1785153463440615000,1785153463440615000,1785153463440723000,1785153463440726000,1785153463440726000,1785153463440726000,121932490,121652369,-172.121,0.000,1.000,0.000,3.000,0.000,0.000,32.000,0,0,0
B3_zmq_pushpull,zmq_tcp,none,none,,1,26981,512,584,1785153463441617000,1785153463441617000,1785153463441617000,1785153463441618000,1785153463441723000,1785153463441726000,1785153463441726000,1785153463441726000,121932490,121652369,-175.121,0.000,0.000,1.000,3.000,0.000,0.000,3.000,0,0,0
B3_zmq_pushpull,zmq_tcp,none,none,,1,26982,512,584,1785153463442614000,1785153463442614000,1785153463442614000,1785153463442615000,1785153463442699000,1785153463442702000,1785153463442703000,1785153463442703000,121932490,121652369,-196.121,0.000,0.000,1.000,3.000,1.000,0.000,21.000,0,0,0
B3_zmq_pushpull,zmq_tcp,none,none,,1,26983,512,584,1785153463443615000,1785153463443615000,1785153463443615000,1785153463443616000,1785153463443687000,1785153463443691000,1785153463443691000,1785153463443691000,121932490,121652369,-209.121,0.000,0.000,1.000,4.000,0.000,0.000,13.000,0,0,0
B3_zmq_pushpull,zmq_tcp,none,none,,1,26984,512,584,1785153463444614000,1785153463444614000,1785153463444615000,1785153463444616000,1785153463444679000,1785153463444682000,1785153463444682000,1785153463444682000,121932490,121652369,-217.121,0.000,1.000,1.000,3.000,0.000,0.000,8.000,0,0,0
B3_zmq_pushpull,zmq_tcp,none,none,,1,26985,512,584,1785153463445617000,1785153463445618000,1785153463445618000,1785153463445619000,1785153463445693000,1785153463445695000,1785153463445695000,1785153463445695000,121932490,121652369,-206.121,1.000,0.000,1.000,2.000,0.000,0.000,11.000,0,0,0
B3_zmq_pushpull,zmq_tcp,none,none,,1,26986,512,584,1785153463446612000,1785153463446612000,1785153463446612000,1785153463446613000,1785153463446690000,1785153463446693000,1785153463446693000,1785153463446693000,121932490,121652369,-203.121,0.000,0.000,1.000,3.000,0.000,0.000,3.000,0,0,0
B3_zmq_pushpull,zmq_tcp,none,none,,1,26987,512,584,1785153463447618000,1785153463447618000,1785153463447618000,1785153463447619000,1785153463447689000,1785153463447692000,1785153463447692000,1785153463447692000,121932490,121652369,-210.121,0.000,0.000,1.000,3.000,0.000,0.000,7.000,0,0,0
B3_zmq_pushpull,zmq_tcp,none,none,,1,26988,512,584,1785153463448614000,1785153463448615000,1785153463448615000,1785153463448616000,1785153463448677000,1785153463448680000,1785153463448680000,1785153463448680000,121932490,121652369,-219.121,1.000,0.000,1.000,3.000,0.000,0.000,9.000,0,0,0
B3_zmq_pushpull,zmq_tcp,none,none,,1,26989,512,584,1785153463449617000,1785153463449617000,1785153463449617000,1785153463449618000,1785153463449810000,1785153463449813000,1785153463449813000,1785153463449813000,121932490,121652369,-88.121,0.000,0.000,1.000,3.000,0.000,0.000,131.000,0,0,0
B3_zmq_pushpull,zmq_tcp,none,none,,1,26990,512,584,1785153463450610000,1785153463450611000,1785153463450611000,1785153463450612000,1785153463450805000,1785153463450808000,1785153463450809000,1785153463450809000,121932490,121652369,-87.121,1.000,0.000,1.000,3.000,1.000,0.000,1.000,0,0,0
B3_zmq_pushpull,zmq_tcp,none,none,,1,26991,512,584,1785153463451616000,1785153463451616000,1785153463451616000,1785153463451617000,1785153463451785000,1785153463451788000,1785153463451788000,1785153463451788000,121932490,121652369,-112.121,0.000,0.000,1.000,3.000,0.000,0.000,25.000,0,0,0
B3_zmq_pushpull,zmq_tcp,none,none,,1,26992,512,584,1785153463452615000,1785153463452615000,1785153463452615000,1785153463452616000,1785153463452762000,1785153463452765000,1785153463452765000,1785153463452765000,121932490,121652369,-134.121,0.000,0.000,1.000,3.000,0.000,0.000,22.000,0,0,0
B3_zmq_pushpull,zmq_tcp,none,none,,1,26993,512,584,1785153463453615000,1785153463453615000,1785153463453615000,1785153463453616000,1785153463453742000,1785153463453745000,1785153463453745000,1785153463453745000,121932490,121652369,-154.121,0.000,0.000,1.000,3.000,0.000,0.000,20.000,0,0,0
B3_zmq_pushpull,zmq_tcp,none,none,,1,26994,512,584,1785153463454612000,1785153463454612000,1785153463454612000,1785153463454613000,1785153463454730000,1785153463454733000,1785153463454733000,1785153463454733000,121932490,121652369,-163.121,0.000,0.000,1.000,3.000,0.000,0.000,9.000,0,0,0
B3_zmq_pushpull,zmq_tcp,none,none,,1,26995,512,584,1785153463455619000,1785153463455619000,1785153463455619000,1785153463455620000,1785153463455711000,1785153463455714000,1785153463455714000,1785153463455714000,121932490,121652369,-189.121,0.000,0.000,1.000,3.000,0.000,0.000,26.000,0,0,0
B3_zmq_pushpull,zmq_tcp,none,none,,1,26996,512,584,1785153463456615000,1785153463456615000,1785153463456615000,1785153463456616000,1785153463456702000,1785153463456705000,1785153463456705000,1785153463456705000,121932490,121652369,-194.121,0.000,0.000,1.000,3.000,0.000,0.000,5.000,0,0,0
B3_zmq_pushpull,zmq_tcp,none,none,,1,26997,512,584,1785153463457617000,1785153463457617000,1785153463457617000,1785153463457618000,1785153463457806000,1785153463457809000,1785153463457809000,1785153463457809000,121932490,121652369,-92.121,0.000,0.000,1.000,3.000,0.000,0.000,102.000,0,0,0
B3_zmq_pushpull,zmq_tcp,none,none,,1,26998,512,584,1785153463458610000,1785153463458611000,1785153463458611000,1785153463458612000,1785153463458656000,1785153463458660000,1785153463458660000,1785153463458660000,121932490,121652369,-236.121,1.000,0.000,1.000,4.000,0.000,0.000,144.000,0,0,0
B3_zmq_pushpull,zmq_tcp,none,none,,1,26999,512,584,1785153463459616000,1785153463459616000,1785153463459616000,1785153463459617000,1785153463459771000,1785153463459777000,1785153463459777000,1785153463459777000,121932490,121652369,-126.121,0.000,0.000,1.000,6.000,0.000,0.000,110.000,0,0,0
B3_zmq_pushpull,zmq_tcp,none,none,,1,27000,512,584,1785153463460615000,1785153463460615000,1785153463460615000,1785153463460616000,1785153463460743000,1785153463460746000,1785153463460746000,1785153463460746000,121932490,121652369,-153.121,0.000,0.000,1.000,3.000,0.000,0.000,27.000,0,0,0
B3_zmq_pushpull,zmq_tcp,none,none,,1,27001,512,584,1785153463461617000,1785153463461617000,1785153463461617000,1785153463461618000,1785153463461729000,1785153463461731000,1785153463461731000,1785153463461731000,121932490,121652369,-169.121,0.000,0.000,1.000,2.000,0.000,0.000,16.000,0,0,0
B3_zmq_pushpull,zmq_tcp,none,none,,1,27002,512,584,1785153463462610000,1785153463462611000,1785153463462611000,1785153463462612000,1785153463462694000,1785153463462696000,1785153463462696000,1785153463462696000,121932490,121652369,-198.121,1.000,0.000,1.000,2.000,0.000,0.000,29.000,0,0,0
B3_zmq_pushpull,zmq_tcp,none,none,,1,27003,512,584,1785153463463618000,1785153463463618000,1785153463463618000,1785153463463619000,1785153463463684000,1785153463463687000,1785153463463687000,1785153463463687000,121932490,121652369,-215.121,0.000,0.000,1.000,3.000,0.000,0.000,17.000,0,0,0
B3_zmq_pushpull,zmq_tcp,none,none,,1,27004,512,584,1785153463464512000,1785153463464512000,1785153463464512000,1785153463464513000,1785153463464670000,1785153463464673000,1785153463464673000,1785153463464673000,121932490,121652369,-123.121,0.000,0.000,1.000,3.000,0.000,0.000,92.000,0,0,0
B3_zmq_pushpull,zmq_tcp,none,none,,1,27005,512,584,1785153463465643000,1785153463465644000,1785153463465644000,1785153463465645000,1785153463465777000,1785153463465780000,1785153463465780000,1785153463465780000,121932490,121652369,-148.121,1.000,0.000,1.000,3.000,0.000,0.000,25.000,0,0,0
B3_zmq_pushpull,zmq_tcp,none,none,,1,27006,512,584,1785153463466608000,1785153463466608000,1785153463466608000,1785153463466609000,1785153463466755000,1785153463466757000,1785153463466757000,1785153463466757000,121932490,121652369,-134.121,0.000,0.000,1.000,2.000,0.000,0.000,14.000,0,0,0
B3_zmq_pushpull,zmq_tcp,none,none,,1,27007,512,584,1785153463467451000,1785153463467451000,1785153463467451000,1785153463467452000,1785153463467606000,1785153463467609000,1785153463467609000,1785153463467609000,121932490,121652369,-126.121,0.000,0.000,1.000,3.000,0.000,0.000,8.000,0,0,0
B3_zmq_pushpull,zmq_tcp,none,none,,1,27008,512,584,1785153463468431000,1785153463468431000,1785153463468431000,1785153463468432000,1785153463468591000,1785153463468596000,1785153463468596000,1785153463468596000,121932490,121652369,-121.121,0.000,0.000,1.000,5.000,0.000,0.000,5.000,0,0,0
B3_zmq_pushpull,zmq_tcp,none,none,,1,27009,512,584,1785153463469664000,1785153463469664000,1785153463469664000,1785153463469665000,1785153463469730000,1785153463469733000,1785153463469733000,1785153463469733000,121932490,121652369,-215.121,0.000,0.000,1.000,3.000,0.000,0.000,94.000,0,0,0
B3_zmq_pushpull,zmq_tcp,none,none,,1,27010,512,584,1785153463470602000,1785153463470602000,1785153463470602000,1785153463470603000,1785153463470751000,1785153463470754000,1785153463470754000,1785153463470754000,121932490,121652369,-132.121,0.000,0.000,1.000,3.000,0.000,0.000,83.000,0,0,0
B3_zmq_pushpull,zmq_tcp,none,none,,1,27011,512,584,1785153463471624000,1785153463471624000,1785153463471624000,1785153463471625000,1785153463471752000,1785153463471755000,1785153463471755000,1785153463471755000,121932490,121652369,-153.121,0.000,0.000,1.000,3.000,0.000,0.000,21.000,0,0,0
B3_zmq_pushpull,zmq_tcp,none,none,,1,27012,512,584,1785153463472614000,1785153463472614000,1785153463472614000,1785153463472615000,1785153463472734000,1785153463472737000,1785153463472737000,1785153463472737000,121932490,121652369,-161.121,0.000,0.000,1.000,3.000,0.000,0.000,8.000,0,0,0
B3_zmq_pushpull,zmq_tcp,none,none,,1,27013,512,584,1785153463473439000,1785153463473439000,1785153463473440000,1785153463473440000,1785153463473597000,1785153463473599000,1785153463473599000,1785153463473599000,121932490,121652369,-123.121,0.000,1.000,0.000,2.000,0.000,0.000,38.000,0,0,0
B3_zmq_pushpull,zmq_tcp,none,none,,1,27014,512,584,1785153463474439000,1785153463474439000,1785153463474440000,1785153463474440000,1785153463474595000,1785153463474598000,1785153463474598000,1785153463474598000,121932490,121652369,-125.121,0.000,1.000,0.000,3.000,0.000,0.000,2.000,0,0,0
B3_zmq_pushpull,zmq_tcp,none,none,,1,27015,512,584,1785153463475663000,1785153463475663000,1785153463475663000,1785153463475664000,1785153463475746000,1785153463475749000,1785153463475749000,1785153463475749000,121932490,121652369,-198.121,0.000,0.000,1.000,3.000,0.000,0.000,73.000,0,0,0
B3_zmq_pushpull,zmq_tcp,none,none,,1,27016,512,584,1785153463476603000,1785153463476604000,1785153463476604000,1785153463476605000,1785153463476741000,1785153463476744000,1785153463476744000,1785153463476744000,121932490,121652369,-144.121,1.000,0.000,1.000,3.000,0.000,0.000,54.000,0,0,0
B3_zmq_pushpull,zmq_tcp,none,none,,1,27017,512,584,1785153463477620000,1785153463477620000,1785153463477620000,1785153463477621000,1785153463477745000,1785153463477747000,1785153463477747000,1785153463477747000,121932490,121652369,-156.121,0.000,0.000,1.000,2.000,0.000,0.000,12.000,0,0,0
B3_zmq_pushpull,zmq_tcp,none,none,,1,27018,512,584,1785153463478614000,1785153463478614000,1785153463478614000,1785153463478615000,1785153463478755000,1785153463478758000,1785153463478758000,1785153463478758000,121932490,121652369,-140.121,0.000,0.000,1.000,3.000,0.000,0.000,16.000,0,0,0
B3_zmq_pushpull,zmq_tcp,none,none,,1,27019,512,584,1785153463479463000,1785153463479463000,1785153463479463000,1785153463479464000,1785153463479618000,1785153463479621000,1785153463479621000,1785153463479621000,121932490,121652369,-126.121,0.000,0.000,1.000,3.000,0.000,0.000,14.000,0,0,0
B3_zmq_pushpull,zmq_tcp,none,none,,1,27020,512,584,1785153463480655000,1785153463480655000,1785153463480655000,1785153463480656000,1785153463480750000,1785153463480753000,1785153463480753000,1785153463480753000,121932490,121652369,-186.121,0.000,0.000,1.000,3.000,0.000,0.000,60.000,0,0,0
B3_zmq_pushpull,zmq_tcp,none,none,,1,27021,512,584,1785153463481454000,1785153463481454000,1785153463481454000,1785153463481455000,1785153463481609000,1785153463481611000,1785153463481611000,1785153463481611000,121932490,121652369,-126.121,0.000,0.000,1.000,2.000,0.000,0.000,60.000,0,0,0
B3_zmq_pushpull,zmq_tcp,none,none,,1,27022,512,584,1785153463482655000,1785153463482655000,1785153463482655000,1785153463482656000,1785153463482735000,1785153463482738000,1785153463482738000,1785153463482738000,121932490,121652369,-201.121,0.000,0.000,1.000,3.000,0.000,0.000,75.000,0,0,0
B3_zmq_pushpull,zmq_tcp,none,none,,1,27023,512,584,1785153463483609000,1785153463483609000,1785153463483609000,1785153463483610000,1785153463483730000,1785153463483733000,1785153463483733000,1785153463483733000,121932490,121652369,-160.121,0.000,0.000,1.000,3.000,0.000,0.000,41.000,0,0,0
B3_zmq_pushpull,zmq_tcp,none,none,,1,27024,512,584,1785153463484617000,1785153463484617000,1785153463484617000,1785153463484618000,1785153463484722000,1785153463484726000,1785153463484726000,1785153463484726000,121932490,121652369,-176.121,0.000,0.000,1.000,4.000,0.000,0.000,16.000,0,0,0
B3_zmq_pushpull,zmq_tcp,none,none,,1,27025,512,584,1785153463485615000,1785153463485615000,1785153463485615000,1785153463485616000,1785153463485739000,1785153463485742000,1785153463485742000,1785153463485742000,121932490,121652369,-157.121,0.000,0.000,1.000,3.000,0.000,0.000,19.000,0,0,0
B3_zmq_pushpull,zmq_tcp,none,none,,1,27026,512,584,1785153463486616000,1785153463486616000,1785153463486616000,1785153463486617000,1785153463486741000,1785153463486744000,1785153463486744000,1785153463486744000,121932490,121652369,-156.121,0.000,0.000,1.000,3.000,0.000,0.000,1.000,0,0,0
B3_zmq_pushpull,zmq_tcp,none,none,,1,27027,512,584,1785153463487616000,1785153463487616000,1785153463487616000,1785153463487617000,1785153463487750000,1785153463487753000,1785153463487753000,1785153463487753000,121932490,121652369,-147.121,0.000,0.000,1.000,3.000,0.000,0.000,9.000,0,0,0
B3_zmq_pushpull,zmq_tcp,none,none,,1,27028,512,584,1785153463488464000,1785153463488465000,1785153463488465000,1785153463488466000,1785153463488622000,1785153463488625000,1785153463488625000,1785153463488625000,121932490,121652369,-124.121,1.000,0.000,1.000,3.000,0.000,0.000,23.000,0,0,0
B3_zmq_pushpull,zmq_tcp,none,none,,1,27029,512,584,1785153463489650000,1785153463489651000,1785153463489651000,1785153463489652000,1785153463489768000,1785153463489771000,1785153463489771000,1785153463489771000,121932490,121652369,-164.121,1.000,0.000,1.000,3.000,0.000,0.000,40.000,0,0,0
B3_zmq_pushpull,zmq_tcp,none,none,,1,27030,512,584,1785153463490608000,1785153463490608000,1785153463490608000,1785153463490609000,1785153463490767000,1785153463490770000,1785153463490770000,1785153463490770000,121932490,121652369,-122.121,0.000,0.000,1.000,3.000,0.000,0.000,42.000,0,0,0
B3_zmq_pushpull,zmq_tcp,none,none,,1,27031,512,584,1785153463491617000,1785153463491617000,1785153463491617000,1785153463491618000,1785153463491779000,1785153463491782000,1785153463491782000,1785153463491782000,121932490,121652369,-119.121,0.000,0.000,1.000,3.000,0.000,0.000,3.000,0,0,0
B3_zmq_pushpull,zmq_tcp,none,none,,1,27032,512,584,1785153463492492000,1785153463492492000,1785153463492492000,1785153463492493000,1785153463492644000,1785153463492647000,1785153463492647000,1785153463492647000,121932490,121652369,-129.121,0.000,0.000,1.000,3.000,0.000,0.000,10.000,0,0,0
B3_zmq_pushpull,zmq_tcp,none,none,,1,27033,512,584,1785153463493498000,1785153463493498000,1785153463493498000,1785153463493499000,1785153463493653000,1785153463493655000,1785153463493655000,1785153463493655000,121932490,121652369,-126.121,0.000,0.000,1.000,2.000,0.000,0.000,3.000,0,0,0
B3_zmq_pushpull,zmq_tcp,none,none,,1,27034,512,584,1785153463494645000,1785153463494645000,1785153463494645000,1785153463494646000,1785153463494776000,1785153463494779000,1785153463494779000,1785153463494779000,121932490,121652369,-150.121,0.000,0.000,1.000,3.000,0.000,0.000,24.000,0,0,0
B3_zmq_pushpull,zmq_tcp,none,none,,1,27035,512,584,1785153463495605000,1785153463495605000,1785153463495605000,1785153463495606000,1785153463495794000,1785153463495798000,1785153463495798000,1785153463495798000,121932490,121652369,-92.121,0.000,0.000,1.000,4.000,0.000,0.000,58.000,0,0,0
B3_zmq_pushpull,zmq_tcp,none,none,,1,27036,512,584,1785153463496619000,1785153463496619000,1785153463496619000,1785153463496620000,1785153463496796000,1785153463496799000,1785153463496799000,1785153463496799000,121932490,121652369,-104.121,0.000,0.000,1.000,3.000,0.000,0.000,12.000,0,0,0
B3_zmq_pushpull,zmq_tcp,none,none,,1,27037,512,584,1785153463497494000,1785153463497494000,1785153463497494000,1785153463497495000,1785153463497654000,1785153463497657000,1785153463497657000,1785153463497657000,121932490,121652369,-121.121,0.000,0.000,1.000,3.000,0.000,0.000,17.000,0,0,0
B3_zmq_pushpull,zmq_tcp,none,none,,1,27038,512,584,1785153463498499000,1785153463498499000,1785153463498499000,1785153463498500000,1785153463498658000,1785153463498661000,1785153463498661000,1785153463498661000,121932490,121652369,-122.121,0.000,0.000,1.000,3.000,0.000,0.000,1.000,0,0,0
B3_zmq_pushpull,zmq_tcp,none,none,,1,27039,512,584,1785153463499506000,1785153463499506000,1785153463499506000,1785153463499507000,1785153463499666000,1785153463499669000,1785153463499669000,1785153463499669000,121932490,121652369,-121.121,0.000,0.000,1.000,3.000,0.000,0.000,1.000,0,0,0
B3_zmq_pushpull,zmq_tcp,none,none,,1,27040,512,584,1785153463500645000,1785153463500645000,1785153463500645000,1785153463500646000,1785153463500819000,1785153463500823000,1785153463500823000,1785153463500823000,121932490,121652369,-107.121,0.000,0.000,1.000,4.000,0.000,0.000,14.000,0,0,0
B3_zmq_pushpull,zmq_tcp,none,none,,1,27041,512,584,1785153463501609000,1785153463501609000,1785153463501609000,1785153463501610000,1785153463501669000,1785153463501673000,1785153463501673000,1785153463501673000,121932490,121652369,-221.121,0.000,0.000,1.000,4.000,0.000,0.000,114.000,0,0,0
B3_zmq_pushpull,zmq_tcp,none,none,,1,27042,512,584,1785153463502614000,1785153463502614000,1785153463502614000,1785153463502616000,1785153463502670000,1785153463502673000,1785153463502673000,1785153463502673000,121932490,121652369,-226.121,0.000,0.000,2.000,3.000,0.000,0.000,5.000,0,0,0
B3_zmq_pushpull,zmq_tcp,none,none,,1,27043,512,584,1785153463503617000,1785153463503617000,1785153463503617000,1785153463503618000,1785153463503800000,1785153463503803000,1785153463503803000,1785153463503803000,121932490,121652369,-98.121,0.000,0.000,1.000,3.000,0.000,0.000,128.000,0,0,0
B3_zmq_pushpull,zmq_tcp,none,none,,1,27044,512,584,1785153463504618000,1785153463504618000,1785153463504618000,1785153463504619000,1785153463504807000,1785153463504810000,1785153463504810000,1785153463504810000,121932490,121652369,-92.121,0.000,0.000,1.000,3.000,0.000,0.000,6.000,0,0,0
B3_zmq_pushpull,zmq_tcp,none,none,,1,27045,512,584,1785153463505502000,1785153463505502000,1785153463505502000,1785153463505503000,1785153463505665000,1785153463505667000,1785153463505667000,1785153463505667000,121932490,121652369,-118.121,0.000,0.000,1.000,2.000,0.000,0.000,26.000,0,0,0
B3_zmq_pushpull,zmq_tcp,none,none,,1,27046,512,584,1785153463506645000,1785153463506645000,1785153463506646000,1785153463506646000,1785153463506791000,1785153463506794000,1785153463506794000,1785153463506794000,121932490,121652369,-135.121,0.000,1.000,0.000,3.000,0.000,0.000,17.000,0,0,0
B3_zmq_pushpull,zmq_tcp,none,none,,1,27047,512,584,1785153463507611000,1785153463507611000,1785153463507611000,1785153463507612000,1785153463507787000,1785153463507791000,1785153463507791000,1785153463507791000,121932490,121652369,-105.121,0.000,0.000,1.000,4.000,0.000,0.000,30.000,0,0,0
B3_zmq_pushpull,zmq_tcp,none,none,,1,27048,512,584,1785153463508621000,1785153463508621000,1785153463508621000,1785153463508622000,1785153463508779000,1785153463508782000,1785153463508782000,1785153463508782000,121932490,121652369,-123.121,0.000,0.000,1.000,3.000,0.000,0.000,18.000,0,0,0
B3_zmq_pushpull,zmq_tcp,none,none,,1,27049,512,584,1785153463509496000,1785153463509496000,1785153463509496000,1785153463509497000,1785153463509654000,1785153463509657000,1785153463509657000,1785153463509657000,121932490,121652369,-123.121,0.000,0.000,1.000,3.000,0.000,0.000,0.000,0,0,0
B3_zmq_pushpull,zmq_tcp,none,none,,1,27050,512,584,1785153463510515000,1785153463510515000,1785153463510515000,1785153463510516000,1785153463510667000,1785153463510670000,1785153463510670000,1785153463510670000,121932490,121652369,-129.121,0.000,0.000,1.000,3.000,0.000,0.000,6.000,0,0,0
B3_zmq_pushpull,zmq_tcp,none,none,,1,27051,512,584,1785153463511644000,1785153463511644000,1785153463511644000,1785153463511645000,1785153463511821000,1785153463511823000,1785153463511823000,1785153463511823000,121932490,121652369,-104.121,0.000,0.000,1.000,2.000,0.000,0.000,25.000,0,0,0
B3_zmq_pushpull,zmq_tcp,none,none,,1,27052,512,584,1785153463512606000,1785153463512606000,1785153463512606000,1785153463512607000,1785153463512691000,1785153463512694000,1785153463512694000,1785153463512694000,121932490,121652369,-196.121,0.000,0.000,1.000,3.000,0.000,0.000,92.000,0,0,0
B3_zmq_pushpull,zmq_tcp,none,none,,1,27053,512,584,1785153463513618000,1785153463513618000,1785153463513619000,1785153463513619000,1785153463513683000,1785153463513686000,1785153463513686000,1785153463513686000,121932490,121652369,-216.121,0.000,1.000,0.000,3.000,0.000,0.000,20.000,0,0,0
B3_zmq_pushpull,zmq_tcp,none,none,,1,27054,512,584,1785153463514520000,1785153463514520000,1785153463514520000,1785153463514521000,1785153463514675000,1785153463514678000,1785153463514678000,1785153463514678000,121932490,121652369,-126.121,0.000,0.000,1.000,3.000,0.000,0.000,90.000,0,0,0
B3_zmq_pushpull,zmq_tcp,none,none,,1,27055,512,584,1785153463515640000,1785153463515640000,1785153463515640000,1785153463515641000,1785153463515816000,1785153463515818000,1785153463515818000,1785153463515818000,121932490,121652369,-105.121,0.000,0.000,1.000,2.000,0.000,0.000,21.000,0,0,0
B3_zmq_pushpull,zmq_tcp,none,none,,1,27056,512,584,1785153463516535000,1785153463516535000,1785153463516535000,1785153463516536000,1785153463516697000,1785153463516700000,1785153463516700000,1785153463516700000,121932490,121652369,-119.121,0.000,0.000,1.000,3.000,0.000,0.000,14.000,0,0,0
B3_zmq_pushpull,zmq_tcp,none,none,,1,27057,512,584,1785153463517638000,1785153463517638000,1785153463517638000,1785153463517639000,1785153463517825000,1785153463517827000,1785153463517828000,1785153463517828000,121932490,121652369,-94.121,0.000,0.000,1.000,2.000,1.000,0.000,25.000,0,0,0
B3_zmq_pushpull,zmq_tcp,none,none,,1,27058,512,584,1785153463518529000,1785153463518530000,1785153463518530000,1785153463518531000,1785153463518690000,1785153463518693000,1785153463518693000,1785153463518693000,121932490,121652369,-121.121,1.000,0.000,1.000,3.000,0.000,0.000,27.000,0,0,0
B3_zmq_pushpull,zmq_tcp,none,none,,1,27059,512,584,1785153463519637000,1785153463519637000,1785153463519638000,1785153463519638000,1785153463519839000,1785153463519842000,1785153463519842000,1785153463519842000,121932490,121652369,-79.121,0.000,1.000,0.000,3.000,0.000,0.000,42.000,0,0,0
B3_zmq_pushpull,zmq_tcp,none,none,,1,27060,512,584,1785153463520608000,1785153463520608000,1785153463520608000,1785153463520609000,1785153463520713000,1785153463520716000,1785153463520716000,1785153463520716000,121932490,121652369,-176.121,0.000,0.000,1.000,3.000,0.000,0.000,97.000,0,0,0
B3_zmq_pushpull,zmq_tcp,none,none,,1,27061,512,584,1785153463521619000,1785153463521619000,1785153463521619000,1785153463521620000,1785153463521713000,1785153463521716000,1785153463521716000,1785153463521716000,121932490,121652369,-187.121,0.000,0.000,1.000,3.000,0.000,0.000,11.000,0,0,0
B3_zmq_pushpull,zmq_tcp,none,none,,1,27062,512,584,1785153463522616000,1785153463522616000,1785153463522616000,1785153463522617000,1785153463522710000,1785153463522713000,1785153463522713000,1785153463522713000,121932490,121652369,-187.121,0.000,0.000,1.000,3.000,0.000,0.000,0.000,0,0,0
B3_zmq_pushpull,zmq_tcp,none,none,,1,27063,512,584,1785153463523617000,1785153463523617000,1785153463523617000,1785153463523618000,1785153463523701000,1785153463523703000,1785153463523703000,1785153463523703000,121932490,121652369,-197.121,0.000,0.000,1.000,2.000,0.000,0.000,10.000,0,0,0
B3_zmq_pushpull,zmq_tcp,none,none,,1,27064,512,584,1785153463524615000,1785153463524615000,1785153463524615000,1785153463524616000,1785153463524697000,1785153463524700000,1785153463524700000,1785153463524700000,121932490,121652369,-199.121,0.000,0.000,1.000,3.000,0.000,0.000,2.000,0,0,0
B3_zmq_pushpull,zmq_tcp,none,none,,1,27065,512,584,1785153463525616000,1785153463525616000,1785153463525616000,1785153463525617000,1785153463525695000,1785153463525698000,1785153463525698000,1785153463525698000,121932490,121652369,-202.121,0.000,0.000,1.000,3.000,0.000,0.000,3.000,0,0,0
B3_zmq_pushpull,zmq_tcp,none,none,,1,27066,512,584,1785153463526617000,1785153463526617000,1785153463526617000,1785153463526618000,1785153463526712000,1785153463526714000,1785153463526714000,1785153463526714000,121932490,121652369,-186.121,0.000,0.000,1.000,2.000,0.000,0.000,16.000,0,0,0
B3_zmq_pushpull,zmq_tcp,none,none,,1,27067,512,584,1785153463527618000,1785153463527618000,1785153463527618000,1785153463527619000,1785153463527716000,1785153463527719000,1785153463527719000,1785153463527719000,121932490,121652369,-183.121,0.000,0.000,1.000,3.000,0.000,0.000,3.000,0,0,0
B3_zmq_pushpull,zmq_tcp,none,none,,1,27068,512,584,1785153463528425000,1785153463528425000,1785153463528425000,1785153463528426000,1785153463528567000,1785153463528569000,1785153463528569000,1785153463528569000,121932490,121652369,-139.121,0.000,0.000,1.000,2.000,0.000,0.000,44.000,0,0,0
B3_zmq_pushpull,zmq_tcp,none,none,,1,27069,512,584,1785153463529546000,1785153463529546000,1785153463529546000,1785153463529547000,1785153463529705000,1785153463529708000,1785153463529708000,1785153463529708000,121932490,121652369,-122.121,0.000,0.000,1.000,3.000,0.000,0.000,17.000,0,0,0
B3_zmq_pushpull,zmq_tcp,none,none,,1,27070,512,584,1785153463530634000,1785153463530634000,1785153463530634000,1785153463530635000,1785153463530713000,1785153463530715000,1785153463530716000,1785153463530716000,121932490,121652369,-202.121,0.000,0.000,1.000,2.000,1.000,0.000,80.000,0,0,0
B3_zmq_pushpull,zmq_tcp,none,none,,1,27071,512,584,1785153463531608000,1785153463531608000,1785153463531608000,1785153463531609000,1785153463531717000,1785153463531720000,1785153463531720000,1785153463531720000,121932490,121652369,-172.121,0.000,0.000,1.000,3.000,0.000,0.000,30.000,0,0,0
B3_zmq_pushpull,zmq_tcp,none,none,,1,27072,512,584,1785153463532624000,1785153463532624000,1785153463532624000,1785153463532625000,1785153463532731000,1785153463532735000,1785153463532735000,1785153463532735000,121932490,121652369,-174.121,0.000,0.000,1.000,4.000,0.000,0.000,2.000,0,0,0
B3_zmq_pushpull,zmq_tcp,none,none,,1,27073,512,584,1785153463533614000,1785153463533615000,1785153463533615000,1785153463533616000,1785153463533746000,1785153463533749000,1785153463533749000,1785153463533749000,121932490,121652369,-150.121,1.000,0.000,1.000,3.000,0.000,0.000,24.000,0,0,0
B3_zmq_pushpull,zmq_tcp,none,none,,1,27074,512,584,1785153463534616000,1785153463534616000,1785153463534616000,1785153463534617000,1785153463534742000,1785153463534745000,1785153463534745000,1785153463534745000,121932490,121652369,-155.121,0.000,0.000,1.000,3.000,0.000,0.000,5.000,0,0,0
B3_zmq_pushpull,zmq_tcp,none,none,,1,27075,512,584,1785153463535614000,1785153463535615000,1785153463535615000,1785153463535616000,1785153463535741000,1785153463535743000,1785153463535744000,1785153463535744000,121932490,121652369,-155.121,1.000,0.000,1.000,2.000,1.000,0.000,0.000,0,0,0
B3_zmq_pushpull,zmq_tcp,none,none,,1,27076,512,584,1785153463536616000,1785153463536616000,1785153463536616000,1785153463536617000,1785153463536739000,1785153463536742000,1785153463536742000,1785153463536742000,121932490,121652369,-158.121,0.000,0.000,1.000,3.000,0.000,0.000,3.000,0,0,0
B3_zmq_pushpull,zmq_tcp,none,none,,1,27077,512,584,1785153463537616000,1785153463537616000,1785153463537616000,1785153463537617000,1785153463537754000,1785153463537757000,1785153463537757000,1785153463537757000,121932490,121652369,-143.121,0.000,0.000,1.000,3.000,0.000,0.000,15.000,0,0,0
B3_zmq_pushpull,zmq_tcp,none,none,,1,27078,512,584,1785153463538616000,1785153463538616000,1785153463538616000,1785153463538617000,1785153463538758000,1785153463538761000,1785153463538761000,1785153463538761000,121932490,121652369,-139.121,0.000,0.000,1.000,3.000,0.000,0.000,4.000,0,0,0
B3_zmq_pushpull,zmq_tcp,none,none,,1,27079,512,584,1785153463539612000,1785153463539612000,1785153463539612000,1785153463539613000,1785153463539762000,1785153463539765000,1785153463539766000,1785153463539766000,121932490,121652369,-131.121,0.000,0.000,1.000,3.000,1.000,0.000,8.000,0,0,0
B3_zmq_pushpull,zmq_tcp,none,none,,1,27080,512,584,1785153463540622000,1785153463540622000,1785153463540622000,1785153463540623000,1785153463540766000,1785153463540769000,1785153463540769000,1785153463540769000,121932490,121652369,-137.121,0.000,0.000,1.000,3.000,0.000,0.000,6.000,0,0,0
B3_zmq_pushpull,zmq_tcp,none,none,,1,27081,512,584,1785153463541615000,1785153463541616000,1785153463541616000,1785153463541617000,1785153463541771000,1785153463541775000,1785153463541775000,1785153463541775000,121932490,121652369,-126.121,1.000,0.000,1.000,4.000,0.000,0.000,11.000,0,0,0
B3_zmq_pushpull,zmq_tcp,none,none,,1,27082,512,584,1785153463542475000,1785153463542475000,1785153463542475000,1785153463542476000,1785153463542624000,1785153463542626000,1785153463542626000,1785153463542626000,121932490,121652369,-132.121,0.000,0.000,1.000,2.000,0.000,0.000,6.000,0,0,0
B3_zmq_pushpull,zmq_tcp,none,none,,1,27083,512,584,1785153463543648000,1785153463543648000,1785153463543648000,1785153463543649000,1785153463543770000,1785153463543773000,1785153463543773000,1785153463543773000,121932490,121652369,-159.121,0.000,0.000,1.000,3.000,0.000,0.000,27.000,0,0,0
B3_zmq_pushpull,zmq_tcp,none,none,,1,27084,512,584,1785153463544610000,1785153463544610000,1785153463544610000,1785153463544611000,1785153463544774000,1785153463544777000,1785153463544777000,1785153463544777000,121932490,121652369,-117.121,0.000,0.000,1.000,3.000,0.000,0.000,42.000,0,0,0
B3_zmq_pushpull,zmq_tcp,none,none,,1,27085,512,584,1785153463545622000,1785153463545623000,1785153463545623000,1785153463545624000,1785153463545782000,1785153463545785000,1785153463545785000,1785153463545785000,121932490,121652369,-122.121,1.000,0.000,1.000,3.000,0.000,0.000,5.000,0,0,0
B3_zmq_pushpull,zmq_tcp,none,none,,1,27086,512,584,1785153463546616000,1785153463546616000,1785153463546616000,1785153463546617000,1785153463546794000,1785153463546797000,1785153463546797000,1785153463546797000,121932490,121652369,-103.121,0.000,0.000,1.000,3.000,0.000,0.000,19.000,0,0,0
B3_zmq_pushpull,zmq_tcp,none,none,,1,27087,512,584,1785153463547616000,1785153463547616000,1785153463547616000,1785153463547617000,1785153463547806000,1785153463547809000,1785153463547809000,1785153463547809000,121932490,121652369,-91.121,0.000,0.000,1.000,3.000,0.000,0.000,12.000,0,0,0
B3_zmq_pushpull,zmq_tcp,none,none,,1,27088,512,584,1785153463548523000,1785153463548523000,1785153463548523000,1785153463548524000,1785153463548678000,1785153463548681000,1785153463548681000,1785153463548681000,121932490,121652369,-126.121,0.000,0.000,1.000,3.000,0.000,0.000,35.000,0,0,0
B3_zmq_pushpull,zmq_tcp,none,none,,1,27089,512,584,1785153463549639000,1785153463549639000,1785153463549639000,1785153463549640000,1785153463549694000,1785153463549696000,1785153463549696000,1785153463549696000,121932490,121652369,-226.121,0.000,0.000,1.000,2.000,0.000,0.000,100.000,0,0,0
B3_zmq_pushpull,zmq_tcp,none,none,,1,27090,512,584,1785153463550607000,1785153463550607000,1785153463550607000,1785153463550608000,1785153463550691000,1785153463550694000,1785153463550694000,1785153463550694000,121932490,121652369,-197.121,0.000,0.000,1.000,3.000,0.000,0.000,29.000,0,0,0
B3_zmq_pushpull,zmq_tcp,none,none,,1,27091,512,584,1785153463551619000,1785153463551619000,1785153463551619000,1785153463551620000,1785153463551703000,1785153463551705000,1785153463551705000,1785153463551705000,121932490,121652369,-197.121,0.000,0.000,1.000,2.000,0.000,0.000,0.000,0,0,0
B3_zmq_pushpull,zmq_tcp,none,none,,1,27092,512,584,1785153463552617000,1785153463552617000,1785153463552617000,1785153463552618000,1785153463552703000,1785153463552706000,1785153463552706000,1785153463552706000,121932490,121652369,-195.121,0.000,0.000,1.000,3.000,0.000,0.000,2.000,0,0,0
B3_zmq_pushpull,zmq_tcp,none,none,,1,27093,512,584,1785153463553616000,1785153463553616000,1785153463553616000,1785153463553617000,1785153463553703000,1785153463553705000,1785153463553705000,1785153463553705000,121932490,121652369,-194.121,0.000,0.000,1.000,2.000,0.000,0.000,1.000,0,0,0
B3_zmq_pushpull,zmq_tcp,none,none,,1,27094,512,584,1785153463554616000,1785153463554616000,1785153463554616000,1785153463554617000,1785153463554722000,1785153463554725000,1785153463554725000,1785153463554725000,121932490,121652369,-175.121,0.000,0.000,1.000,3.000,0.000,0.000,19.000,0,0,0
B3_zmq_pushpull,zmq_tcp,none,none,,1,27095,512,584,1785153463555616000,1785153463555616000,1785153463555616000,1785153463555617000,1785153463555730000,1785153463555733000,1785153463555733000,1785153463555733000,121932490,121652369,-167.121,0.000,0.000,1.000,3.000,0.000,0.000,8.000,0,0,0
B3_zmq_pushpull,zmq_tcp,none,none,,1,27096,512,584,1785153463556616000,1785153463556616000,1785153463556616000,1785153463556617000,1785153463556721000,1785153463556724000,1785153463556724000,1785153463556724000,121932490,121652369,-176.121,0.000,0.000,1.000,3.000,0.000,0.000,9.000,0,0,0
B3_zmq_pushpull,zmq_tcp,none,none,,1,27097,512,584,1785153463557616000,1785153463557616000,1785153463557616000,1785153463557617000,1785153463557717000,1785153463557720000,1785153463557720000,1785153463557720000,121932490,121652369,-180.121,0.000,0.000,1.000,3.000,0.000,0.000,4.000,0,0,0
B3_zmq_pushpull,zmq_tcp,none,none,,1,27098,512,584,1785153463558614000,1785153463558614000,1785153463558614000,1785153463558615000,1785153463558705000,1785153463558707000,1785153463558707000,1785153463558707000,121932490,121652369,-190.121,0.000,0.000,1.000,2.000,0.000,0.000,10.000,0,0,0
B3_zmq_pushpull,zmq_tcp,none,none,,1,27099,512,584,1785153463559616000,1785153463559616000,1785153463559616000,1785153463559617000,1785153463559718000,1785153463559721000,1785153463559721000,1785153463559721000,121932490,121652369,-179.121,0.000,0.000,1.000,3.000,0.000,0.000,11.000,0,0,0
B3_zmq_pushpull,zmq_tcp,none,none,,1,27100,512,584,1785153463560617000,1785153463560617000,1785153463560617000,1785153463560618000,1785153463560730000,1785153463560733000,1785153463560733000,1785153463560733000,121932490,121652369,-168.121,0.000,0.000,1.000,3.000,0.000,0.000,11.000,0,0,0
B3_zmq_pushpull,zmq_tcp,none,none,,1,27101,512,584,1785153463561615000,1785153463561615000,1785153463561615000,1785153463561616000,1785153463561738000,1785153463561741000,1785153463561741000,1785153463561741000,121932490,121652369,-158.121,0.000,0.000,1.000,3.000,0.000,0.000,10.000,0,0,0
B3_zmq_pushpull,zmq_tcp,none,none,,1,27102,512,584,1785153463562616000,1785153463562616000,1785153463562616000,1785153463562617000,1785153463562737000,1785153463562740000,1785153463562740000,1785153463562740000,121932490,121652369,-160.121,0.000,0.000,1.000,3.000,0.000,0.000,2.000,0,0,0
B3_zmq_pushpull,zmq_tcp,none,none,,1,27103,512,584,1785153463563616000,1785153463563616000,1785153463563616000,1785153463563617000,1785153463563733000,1785153463563736000,1785153463563736000,1785153463563736000,121932490,121652369,-164.121,0.000,0.000,1.000,3.000,0.000,0.000,4.000,0,0,0
B3_zmq_pushpull,zmq_tcp,none,none,,1,27104,512,584,1785153463564616000,1785153463564616000,1785153463564616000,1785153463564617000,1785153463564713000,1785153463564716000,1785153463564716000,1785153463564716000,121932490,121652369,-184.121,0.000,0.000,1.000,3.000,0.000,0.000,20.000,0,0,0
B3_zmq_pushpull,zmq_tcp,none,none,,1,27105,512,584,1785153463565612000,1785153463565612000,1785153463565612000,1785153463565613000,1785153463565710000,1785153463565713000,1785153463565713000,1785153463565713000,121932490,121652369,-183.121,0.000,0.000,1.000,3.000,0.000,0.000,1.000,0,0,0
B3_zmq_pushpull,zmq_tcp,none,none,,1,27106,512,584,1785153463566618000,1785153463566619000,1785153463566619000,1785153463566620000,1785153463566700000,1785153463566703000,1785153463566703000,1785153463566703000,121932490,121652369,-200.121,1.000,0.000,1.000,3.000,0.000,0.000,17.000,0,0,0
B3_zmq_pushpull,zmq_tcp,none,none,,1,27107,512,584,1785153463567617000,1785153463567617000,1785153463567618000,1785153463567618000,1785153463567804000,1785153463567807000,1785153463567807000,1785153463567807000,121932490,121652369,-94.121,0.000,1.000,0.000,3.000,0.000,0.000,106.000,0,0,0
B3_zmq_pushpull,zmq_tcp,none,none,,1,27108,512,584,1785153463568616000,1785153463568616000,1785153463568616000,1785153463568617000,1785153463568789000,1785153463568793000,1785153463568793000,1785153463568793000,121932490,121652369,-108.121,0.000,0.000,1.000,4.000,0.000,0.000,14.000,0,0,0
B3_zmq_pushpull,zmq_tcp,none,none,,1,27109,512,584,1785153463569615000,1785153463569615000,1785153463569615000,1785153463569616000,1785153463569775000,1785153463569777000,1785153463569778000,1785153463569778000,121932490,121652369,-121.121,0.000,0.000,1.000,2.000,1.000,0.000,13.000,0,0,0
B3_zmq_pushpull,zmq_tcp,none,none,,1,27110,512,584,1785153463570615000,1785153463570615000,1785153463570615000,1785153463570616000,1785153463570767000,1785153463570769000,1785153463570769000,1785153463570769000,121932490,121652369,-129.121,0.000,0.000,1.000,2.000,0.000,0.000,8.000,0,0,0
B3_zmq_pushpull,zmq_tcp,none,none,,1,27111,512,584,1785153463571443000,1785153463571443000,1785153463571444000,1785153463571444000,1785153463571596000,1785153463571599000,1785153463571599000,1785153463571599000,121932490,121652369,-128.121,0.000,1.000,0.000,3.000,0.000,0.000,1.000,0,0,0
B3_zmq_pushpull,zmq_tcp,none,none,,1,27112,512,584,1785153463572655000,1785153463572655000,1785153463572655000,1785153463572656000,1785153463572717000,1785153463572720000,1785153463572720000,1785153463572720000,121932490,121652369,-219.121,0.000,0.000,1.000,3.000,0.000,0.000,91.000,0,0,0
B3_zmq_pushpull,zmq_tcp,none,none,,1,27113,512,584,1785153463573606000,1785153463573606000,1785153463573606000,1785153463573607000,1785153463573700000,1785153463573703000,1785153463573703000,1785153463573703000,121932490,121652369,-187.121,0.000,0.000,1.000,3.000,0.000,0.000,32.000,0,0,0
B3_zmq_pushpull,zmq_tcp,none,none,,1,27114,512,584,1785153463574619000,1785153463574620000,1785153463574620000,1785153463574621000,1785153463574676000,1785153463574679000,1785153463574679000,1785153463574679000,121932490,121652369,-225.121,1.000,0.000,1.000,3.000,0.000,0.000,38.000,0,0,0
B3_zmq_pushpull,zmq_tcp,none,none,,1,27115,512,584,1785153463575614000,1785153463575614000,1785153463575614000,1785153463575615000,1785153463575802000,1785153463575806000,1785153463575806000,1785153463575806000,121932490,121652369,-93.121,0.000,0.000,1.000,4.000,0.000,0.000,132.000,0,0,0
B3_zmq_pushpull,zmq_tcp,none,none,,1,27116,512,584,1785153463576616000,1785153463576616000,1785153463576616000,1785153463576617000,1785153463576768000,1785153463576771000,1785153463576771000,1785153463576771000,121932490,121652369,-129.121,0.000,0.000,1.000,3.000,0.000,0.000,36.000,0,0,0
B3_zmq_pushpull,zmq_tcp,none,none,,1,27117,512,584,1785153463577615000,1785153463577615000,1785153463577615000,1785153463577616000,1785153463577735000,1785153463577737000,1785153463577737000,1785153463577737000,121932490,121652369,-161.121,0.000,0.000,1.000,2.000,0.000,0.000,32.000,0,0,0
B3_zmq_pushpull,zmq_tcp,none,none,,1,27118,512,584,1785153463578616000,1785153463578616000,1785153463578616000,1785153463578617000,1785153463578703000,1785153463578706000,1785153463578706000,1785153463578706000,121932490,121652369,-194.121,0.000,0.000,1.000,3.000,0.000,0.000,33.000,0,0,0
B3_zmq_pushpull,zmq_tcp,none,none,,1,27119,512,584,1785153463579533000,1785153463579533000,1785153463579533000,1785153463579534000,1785153463579686000,1785153463579690000,1785153463579690000,1785153463579690000,121932490,121652369,-128.121,0.000,0.000,1.000,4.000,0.000,0.000,66.000,0,0,0
B3_zmq_pushpull,zmq_tcp,none,none,,1,27120,512,584,1785153463580522000,1785153463580522000,1785153463580522000,1785153463580523000,1785153463580683000,1785153463580686000,1785153463580686000,1785153463580686000,121932490,121652369,-120.121,0.000,0.000,1.000,3.000,0.000,0.000,8.000,0,0,0
B3_zmq_pushpull,zmq_tcp,none,none,,1,27121,512,584,1785153463581639000,1785153463581639000,1785153463581639000,1785153463581640000,1785153463581796000,1785153463581799000,1785153463581799000,1785153463581799000,121932490,121652369,-124.121,0.000,0.000,1.000,3.000,0.000,0.000,4.000,0,0,0
B3_zmq_pushpull,zmq_tcp,none,none,,1,27122,512,584,1785153463582610000,1785153463582610000,1785153463582610000,1785153463582611000,1785153463582784000,1785153463582787000,1785153463582787000,1785153463582787000,121932490,121652369,-107.121,0.000,0.000,1.000,3.000,0.000,0.000,17.000,0,0,0
B3_zmq_pushpull,zmq_tcp,none,none,,1,27123,512,584,1785153463583616000,1785153463583616000,1785153463583616000,1785153463583617000,1785153463583776000,1785153463583779000,1785153463583779000,1785153463583779000,121932490,121652369,-121.121,0.000,0.000,1.000,3.000,0.000,0.000,14.000,0,0,0
B3_zmq_pushpull,zmq_tcp,none,none,,1,27124,512,584,1785153463584615000,1785153463584615000,1785153463584615000,1785153463584616000,1785153463584743000,1785153463584746000,1785153463584746000,1785153463584746000,121932490,121652369,-153.121,0.000,0.000,1.000,3.000,0.000,0.000,32.000,0,0,0
B3_zmq_pushpull,zmq_tcp,none,none,,1,27125,512,584,1785153463585433000,1785153463585433000,1785153463585433000,1785153463585434000,1785153463585587000,1785153463585589000,1785153463585589000,1785153463585589000,121932490,121652369,-127.121,0.000,0.000,1.000,2.000,0.000,0.000,26.000,0,0,0
B3_zmq_pushpull,zmq_tcp,none,none,,1,27126,512,584,1785153463586436000,1785153463586436000,1785153463586436000,1785153463586437000,1785153463586597000,1785153463586600000,1785153463586600000,1785153463586600000,121932490,121652369,-120.121,0.000,0.000,1.000,3.000,0.000,0.000,7.000,0,0,0
B3_zmq_pushpull,zmq_tcp,none,none,,1,27127,512,584,1785153463587426000,1785153463587426000,1785153463587426000,1785153463587427000,1785153463587580000,1785153463587583000,1785153463587583000,1785153463587583000,121932490,121652369,-127.121,0.000,0.000,1.000,3.000,0.000,0.000,7.000,0,0,0
B3_zmq_pushpull,zmq_tcp,none,none,,1,27128,512,584,1785153463588427000,1785153463588427000,1785153463588427000,1785153463588428000,1785153463588563000,1785153463588566000,1785153463588566000,1785153463588566000,121932490,121652369,-145.121,0.000,0.000,1.000,3.000,0.000,0.000,18.000,0,0,0
B3_zmq_pushpull,zmq_tcp,none,none,,1,27129,512,584,1785153463589664000,1785153463589665000,1785153463589665000,1785153463589666000,1785153463589798000,1785153463589801000,1785153463589801000,1785153463589801000,121932490,121652369,-148.121,1.000,0.000,1.000,3.000,0.000,0.000,3.000,0,0,0
B3_zmq_pushpull,zmq_tcp,none,none,,1,27130,512,584,1785153463590601000,1785153463590601000,1785153463590601000,1785153463590602000,1785153463590772000,1785153463590775000,1785153463590775000,1785153463590775000,121932490,121652369,-110.121,0.000,0.000,1.000,3.000,0.000,0.000,38.000,0,0,0
B3_zmq_pushpull,zmq_tcp,none,none,,1,27131,512,584,1785153463591619000,1785153463591619000,1785153463591619000,1785153463591621000,1785153463591768000,1785153463591771000,1785153463591771000,1785153463591771000,121932490,121652369,-133.121,0.000,0.000,2.000,3.000,0.000,0.000,23.000,0,0,0
B3_zmq_pushpull,zmq_tcp,none,none,,1,27132,512,584,1785153463592616000,1785153463592616000,1785153463592616000,1785153463592617000,1785153463592775000,1785153463592777000,1785153463592777000,1785153463592777000,121932490,121652369,-122.121,0.000,0.000,1.000,2.000,0.000,0.000,11.000,0,0,0
B3_zmq_pushpull,zmq_tcp,none,none,,1,27133,512,584,1785153463593620000,1785153463593621000,1785153463593621000,1785153463593622000,1785153463593779000,1785153463593781000,1785153463593782000,1785153463593782000,121932490,121652369,-123.121,1.000,0.000,1.000,2.000,1.000,0.000,1.000,0,0,0
B3_zmq_pushpull,zmq_tcp,none,none,,1,27134,512,584,1785153463594613000,1785153463594614000,1785153463594614000,1785153463594614000,1785153463594777000,1785153463594780000,1785153463594780000,1785153463594780000,121932490,121652369,-117.121,1.000,0.000,0.000,3.000,0.000,0.000,6.000,0,0,0
B3_zmq_pushpull,zmq_tcp,none,none,,1,27135,512,584,1785153463595616000,1785153463595616000,1785153463595616000,1785153463595617000,1785153463595769000,1785153463595773000,1785153463595773000,1785153463595773000,121932490,121652369,-128.121,0.000,0.000,1.000,4.000,0.000,0.000,11.000,0,0,0
B3_zmq_pushpull,zmq_tcp,none,none,,1,27136,512,584,1785153463596615000,1785153463596615000,1785153463596615000,1785153463596616000,1785153463596756000,1785153463596759000,1785153463596759000,1785153463596759000,121932490,121652369,-140.121,0.000,0.000,1.000,3.000,0.000,0.000,12.000,0,0,0
B3_zmq_pushpull,zmq_tcp,none,none,,1,27137,512,584,1785153463597615000,1785153463597615000,1785153463597615000,1785153463597616000,1785153463597728000,1785153463597731000,1785153463597731000,1785153463597731000,121932490,121652369,-168.121,0.000,0.000,1.000,3.000,0.000,0.000,28.000,0,0,0
B3_zmq_pushpull,zmq_tcp,none,none,,1,27138,512,584,1785153463598612000,1785153463598613000,1785153463598613000,1785153463598614000,1785153463598706000,1785153463598708000,1785153463598708000,1785153463598708000,121932490,121652369,-188.121,1.000,0.000,1.000,2.000,0.000,0.000,20.000,0,0,0
B3_zmq_pushpull,zmq_tcp,none,none,,1,27139,512,584,1785153463599559000,1785153463599559000,1785153463599559000,1785153463599560000,1785153463599703000,1785153463599705000,1785153463599705000,1785153463599705000,121932490,121652369,-137.121,0.000,0.000,1.000,2.000,0.000,0.000,51.000,0,0,0
B3_zmq_pushpull,zmq_tcp,none,none,,1,27140,512,584,1785153463600543000,1785153463600544000,1785153463600544000,1785153463600545000,1785153463600690000,1785153463600692000,1785153463600692000,1785153463600692000,121932490,121652369,-135.121,1.000,0.000,1.000,2.000,0.000,0.000,2.000,0,0,0
B3_zmq_pushpull,zmq_tcp,none,none,,1,27141,512,584,1785153463601538000,1785153463601538000,1785153463601538000,1785153463601539000,1785153463601696000,1785153463601704000,1785153463601704000,1785153463601704000,121932490,121652369,-123.121,0.000,0.000,1.000,8.000,0.000,0.000,12.000,0,0,0
B3_zmq_pushpull,zmq_tcp,none,none,,1,27142,512,584,1785153463602641000,1785153463602641000,1785153463602641000,1785153463602642000,1785153463602824000,1785153463602827000,1785153463602827000,1785153463602827000,121932490,121652369,-98.121,0.000,0.000,1.000,3.000,0.000,0.000,25.000,0,0,0
B3_zmq_pushpull,zmq_tcp,none,none,,1,27143,512,584,1785153463603522000,1785153463603522000,1785153463603522000,1785153463603523000,1785153463603673000,1785153463603676000,1785153463603676000,1785153463603676000,121932490,121652369,-130.121,0.000,0.000,1.000,3.000,0.000,0.000,32.000,0,0,0
B3_zmq_pushpull,zmq_tcp,none,none,,1,27144,512,584,1785153463604501000,1785153463604501000,1785153463604501000,1785153463604503000,1785153463604644000,1785153463604647000,1785153463604647000,1785153463604647000,121932490,121652369,-139.121,0.000,0.000,2.000,3.000,0.000,0.000,9.000,0,0,0
B3_zmq_pushpull,zmq_tcp,none,none,,1,27145,512,584,1785153463605467000,1785153463605468000,1785153463605468000,1785153463605469000,1785153463605628000,1785153463605632000,1785153463605632000,1785153463605632000,121932490,121652369,-121.121,1.000,0.000,1.000,4.000,0.000,0.000,18.000,0,0,0
B3_zmq_pushpull,zmq_tcp,none,none,,1,27146,512,584,1785153463606461000,1785153463606461000,1785153463606461000,1785153463606462000,1785153463606620000,1785153463606623000,1785153463606623000,1785153463606623000,121932490,121652369,-122.121,0.000,0.000,1.000,3.000,0.000,0.000,1.000,0,0,0
B3_zmq_pushpull,zmq_tcp,none,none,,1,27147,512,584,1785153463607660000,1785153463607660000,1785153463607660000,1785153463607661000,1785153463607764000,1785153463607767000,1785153463607767000,1785153463607767000,121932490,121652369,-177.121,0.000,0.000,1.000,3.000,0.000,0.000,55.000,0,0,0
B3_zmq_pushpull,zmq_tcp,none,none,,1,27148,512,584,1785153463608604000,1785153463608604000,1785153463608605000,1785153463608605000,1785153463608737000,1785153463608740000,1785153463608740000,1785153463608740000,121932490,121652369,-148.121,0.000,1.000,0.000,3.000,0.000,0.000,29.000,0,0,0
B3_zmq_pushpull,zmq_tcp,none,none,,1,27149,512,584,1785153463609620000,1785153463609620000,1785153463609621000,1785153463609621000,1785153463609717000,1785153463609719000,1785153463609719000,1785153463609719000,121932490,121652369,-184.121,0.000,1.000,0.000,2.000,0.000,0.000,36.000,0,0,0
B3_zmq_pushpull,zmq_tcp,none,none,,1,27150,512,584,1785153463610614000,1785153463610614000,1785153463610614000,1785153463610615000,1785153463610695000,1785153463610697000,1785153463610697000,1785153463610697000,121932490,121652369,-200.121,0.000,0.000,1.000,2.000,0.000,0.000,16.000,0,0,0
B3_zmq_pushpull,zmq_tcp,none,none,,1,27151,512,584,1785153463611618000,1785153463611619000,1785153463611619000,1785153463611620000,1785153463611686000,1785153463611688000,1785153463611688000,1785153463611689000,121932490,121652369,-214.121,1.000,0.000,1.000,2.000,0.000,1.000,14.000,0,0,0
B3_zmq_pushpull,zmq_tcp,none,none,,1,27152,512,584,1785153463612614000,1785153463612614000,1785153463612614000,1785153463612615000,1785153463612683000,1785153463612687000,1785153463612687000,1785153463612687000,121932490,121652369,-212.121,0.000,0.000,1.000,4.000,0.000,0.000,2.000,0,0,0
B3_zmq_pushpull,zmq_tcp,none,none,,1,27153,512,584,1785153463613511000,1785153463613511000,1785153463613511000,1785153463613512000,1785153463613668000,1785153463613671000,1785153463613671000,1785153463613671000,121932490,121652369,-124.121,0.000,0.000,1.000,3.000,0.000,0.000,88.000,0,0,0
B3_zmq_pushpull,zmq_tcp,none,none,,1,27154,512,584,1785153463614643000,1785153463614643000,1785153463614643000,1785153463614644000,1785153463614800000,1785153463614803000,1785153463614803000,1785153463614803000,121932490,121652369,-124.121,0.000,0.000,1.000,3.000,0.000,0.000,0.000,0,0,0
B3_zmq_pushpull,zmq_tcp,none,none,,1,27155,512,584,1785153463615496000,1785153463615496000,1785153463615496000,1785153463615497000,1785153463615656000,1785153463615659000,1785153463615659000,1785153463615659000,121932490,121652369,-121.121,0.000,0.000,1.000,3.000,0.000,0.000,3.000,0,0,0
B3_zmq_pushpull,zmq_tcp,none,none,,1,27156,512,584,1785153463616646000,1785153463616646000,1785153463616646000,1785153463616647000,1785153463616793000,1785153463616796000,1785153463616796000,1785153463616796000,121932490,121652369,-134.121,0.000,0.000,1.000,3.000,0.000,0.000,13.000,0,0,0
B3_zmq_pushpull,zmq_tcp,none,none,,1,27157,512,584,1785153463617612000,1785153463617612000,1785153463617613000,1785153463617613000,1785153463617778000,1785153463617781000,1785153463617781000,1785153463617781000,121932490,121652369,-115.121,0.000,1.000,0.000,3.000,0.000,0.000,19.000,0,0,0
B3_zmq_pushpull,zmq_tcp,none,none,,1,27158,512,584,1785153463618618000,1785153463618618000,1785153463618618000,1785153463618619000,1785153463618755000,1785153463618757000,1785153463618757000,1785153463618757000,121932490,121652369,-144.121,0.000,0.000,1.000,2.000,0.000,0.000,29.000,0,0,0
B3_zmq_pushpull,zmq_tcp,none,none,,1,27159,512,584,1785153463619612000,1785153463619613000,1785153463619613000,1785153463619614000,1785153463619721000,1785153463619724000,1785153463619724000,1785153463619724000,121932490,121652369,-173.121,1.000,0.000,1.000,3.000,0.000,0.000,29.000,0,0,0
B3_zmq_pushpull,zmq_tcp,none,none,,1,27160,512,584,1785153463620426000,1785153463620426000,1785153463620426000,1785153463620427000,1785153463620567000,1785153463620569000,1785153463620570000,1785153463620570000,121932490,121652369,-140.121,0.000,0.000,1.000,2.000,1.000,0.000,33.000,0,0,0
B3_zmq_pushpull,zmq_tcp,none,none,,1,27161,512,584,1785153463621534000,1785153463621534000,1785153463621534000,1785153463621535000,1785153463621692000,1785153463621695000,1785153463621695000,1785153463621695000,121932490,121652369,-123.121,0.000,0.000,1.000,3.000,0.000,0.000,17.000,0,0,0
B3_zmq_pushpull,zmq_tcp,none,none,,1,27162,512,584,1785153463622525000,1785153463622525000,1785153463622525000,1785153463622526000,1785153463622686000,1785153463622688000,1785153463622688000,1785153463622688000,121932490,121652369,-120.121,0.000,0.000,1.000,2.000,0.000,0.000,3.000,0,0,0
B3_zmq_pushpull,zmq_tcp,none,none,,1,27163,512,584,1785153463623643000,1785153463623643000,1785153463623643000,1785153463623644000,1785153463623834000,1785153463623841000,1785153463623841000,1785153463623841000,121932490,121652369,-90.121,0.000,0.000,1.000,7.000,0.000,0.000,30.000,0,0,0
B3_zmq_pushpull,zmq_tcp,none,none,,1,27164,512,584,1785153463624526000,1785153463624526000,1785153463624526000,1785153463624527000,1785153463624683000,1785153463624686000,1785153463624686000,1785153463624686000,121932490,121652369,-124.121,0.000,0.000,1.000,3.000,0.000,0.000,34.000,0,0,0
B3_zmq_pushpull,zmq_tcp,none,none,,1,27165,512,584,1785153463625515000,1785153463625515000,1785153463625515000,1785153463625516000,1785153463625658000,1785153463625661000,1785153463625661000,1785153463625661000,121932490,121652369,-138.121,0.000,0.000,1.000,3.000,0.000,0.000,14.000,0,0,0
B3_zmq_pushpull,zmq_tcp,none,none,,1,27166,512,584,1785153463626640000,1785153463626641000,1785153463626641000,1785153463626642000,1785153463626763000,1785153463626766000,1785153463626766000,1785153463626766000,121932490,121652369,-159.121,1.000,0.000,1.000,3.000,0.000,0.000,21.000,0,0,0
B3_zmq_pushpull,zmq_tcp,none,none,,1,27167,512,584,1785153463627446000,1785153463627447000,1785153463627447000,1785153463627448000,1785153463627590000,1785153463627592000,1785153463627592000,1785153463627592000,121932490,121652369,-138.121,1.000,0.000,1.000,2.000,0.000,0.000,21.000,0,0,0
B3_zmq_pushpull,zmq_tcp,none,none,,1,27168,512,584,1785153463628658000,1785153463628658000,1785153463628658000,1785153463628659000,1785153463628723000,1785153463628726000,1785153463628726000,1785153463628726000,121932490,121652369,-216.121,0.000,0.000,1.000,3.000,0.000,0.000,78.000,0,0,0
B3_zmq_pushpull,zmq_tcp,none,none,,1,27169,512,584,1785153463629606000,1785153463629607000,1785153463629607000,1785153463629608000,1785153463629717000,1785153463629720000,1785153463629720000,1785153463629720000,121932490,121652369,-171.121,1.000,0.000,1.000,3.000,0.000,0.000,45.000,0,0,0
B3_zmq_pushpull,zmq_tcp,none,none,,1,27170,512,584,1785153463630618000,1785153463630618000,1785153463630618000,1785153463630619000,1785153463630715000,1785153463630717000,1785153463630717000,1785153463630717000,121932490,121652369,-184.121,0.000,0.000,1.000,2.000,0.000,0.000,13.000,0,0,0
B3_zmq_pushpull,zmq_tcp,none,none,,1,27171,512,584,1785153463631614000,1785153463631614000,1785153463631614000,1785153463631615000,1785153463631719000,1785153463631721000,1785153463631721000,1785153463631722000,121932490,121652369,-176.121,0.000,0.000,1.000,2.000,0.000,1.000,8.000,0,0,0
B3_zmq_pushpull,zmq_tcp,none,none,,1,27172,512,584,1785153463632617000,1785153463632617000,1785153463632618000,1785153463632618000,1785153463632711000,1785153463632714000,1785153463632714000,1785153463632714000,121932490,121652369,-187.121,0.000,1.000,0.000,3.000,0.000,0.000,11.000,0,0,0
B3_zmq_pushpull,zmq_tcp,none,none,,1,27173,512,584,1785153463633616000,1785153463633616000,1785153463633616000,1785153463633617000,1785153463633684000,1785153463633687000,1785153463633687000,1785153463633687000,121932490,121652369,-213.121,0.000,0.000,1.000,3.000,0.000,0.000,26.000,0,0,0
B3_zmq_pushpull,zmq_tcp,none,none,,1,27174,512,584,1785153463634616000,1785153463634616000,1785153463634616000,1785153463634617000,1785153463634804000,1785153463634807000,1785153463634807000,1785153463634807000,121932490,121652369,-93.121,0.000,0.000,1.000,3.000,0.000,0.000,120.000,0,0,0
B3_zmq_pushpull,zmq_tcp,none,none,,1,27175,512,584,1785153463635514000,1785153463635514000,1785153463635514000,1785153463635515000,1785153463635668000,1785153463635671000,1785153463635671000,1785153463635671000,121932490,121652369,-127.121,0.000,0.000,1.000,3.000,0.000,0.000,34.000,0,0,0
B3_zmq_pushpull,zmq_tcp,none,none,,1,27176,512,584,1785153463636484000,1785153463636484000,1785153463636484000,1785153463636485000,1785153463636644000,1785153463636647000,1785153463636647000,1785153463636647000,121932490,121652369,-121.121,0.000,0.000,1.000,3.000,0.000,0.000,6.000,0,0,0
B3_zmq_pushpull,zmq_tcp,none,none,,1,27177,512,584,1785153463637651000,1785153463637651000,1785153463637651000,1785153463637652000,1785153463637770000,1785153463637772000,1785153463637772000,1785153463637772000,121932490,121652369,-162.121,0.000,0.000,1.000,2.000,0.000,0.000,41.000,0,0,0
B3_zmq_pushpull,zmq_tcp,none,none,,1,27178,512,584,1785153463638607000,1785153463638607000,1785153463638607000,1785153463638608000,1785153463638751000,1785153463638754000,1785153463638754000,1785153463638754000,121932490,121652369,-137.121,0.000,0.000,1.000,3.000,0.000,0.000,25.000,0,0,0
B3_zmq_pushpull,zmq_tcp,none,none,,1,27179,512,584,1785153463639617000,1785153463639617000,1785153463639617000,1785153463639618000,1785153463639722000,1785153463639724000,1785153463639724000,1785153463639724000,121932490,121652369,-176.121,0.000,0.000,1.000,2.000,0.000,0.000,39.000,0,0,0
B3_zmq_pushpull,zmq_tcp,none,none,,1,27180,512,584,1785153463640615000,1785153463640615000,1785153463640615000,1785153463640616000,1785153463640687000,1785153463640689000,1785153463640690000,1785153463640690000,121932490,121652369,-209.121,0.000,0.000,1.000,2.000,1.000,0.000,33.000,0,0,0
B3_zmq_pushpull,zmq_tcp,none,none,,1,27181,512,584,1785153463641616000,1785153463641616000,1785153463641616000,1785153463641617000,1785153463641683000,1785153463641686000,1785153463641686000,1785153463641686000,121932490,121652369,-214.121,0.000,0.000,1.000,3.000,0.000,0.000,5.000,0,0,0
B3_zmq_pushpull,zmq_tcp,none,none,,1,27182,512,584,1785153463642613000,1785153463642613000,1785153463642613000,1785153463642614000,1785153463642683000,1785153463642686000,1785153463642686000,1785153463642686000,121932490,121652369,-211.121,0.000,0.000,1.000,3.000,0.000,0.000,3.000,0,0,0
B3_zmq_pushpull,zmq_tcp,none,none,,1,27183,512,584,1785153463643619000,1785153463643619000,1785153463643619000,1785153463643620000,1785153463643686000,1785153463643688000,1785153463643689000,1785153463643689000,121932490,121652369,-214.121,0.000,0.000,1.000,2.000,1.000,0.000,3.000,0,0,0
B3_zmq_pushpull,zmq_tcp,none,none,,1,27184,512,584,1785153463644530000,1785153463644530000,1785153463644530000,1785153463644531000,1785153463644683000,1785153463644686000,1785153463644686000,1785153463644686000,121932490,121652369,-128.121,0.000,0.000,1.000,3.000,0.000,0.000,86.000,0,0,0
B3_zmq_pushpull,zmq_tcp,none,none,,1,27185,512,584,1785153463645639000,1785153463645639000,1785153463645639000,1785153463645640000,1785153463645808000,1785153463645812000,1785153463645812000,1785153463645812000,121932490,121652369,-112.121,0.000,0.000,1.000,4.000,0.000,0.000,16.000,0,0,0
B3_zmq_pushpull,zmq_tcp,none,none,,1,27186,512,584,1785153463646609000,1785153463646609000,1785153463646609000,1785153463646610000,1785153463646658000,1785153463646661000,1785153463646661000,1785153463646661000,121932490,121652369,-232.121,0.000,0.000,1.000,3.000,0.000,0.000,120.000,0,0,0
B3_zmq_pushpull,zmq_tcp,none,none,,1,27187,512,584,1785153463647477000,1785153463647477000,1785153463647477000,1785153463647478000,1785153463647628000,1785153463647631000,1785153463647631000,1785153463647631000,121932490,121652369,-130.121,0.000,0.000,1.000,3.000,0.000,0.000,102.000,0,0,0
B3_zmq_pushpull,zmq_tcp,none,none,,1,27188,512,584,1785153463648466000,1785153463648466000,1785153463648466000,1785153463648467000,1785153463648621000,1785153463648624000,1785153463648624000,1785153463648624000,121932490,121652369,-126.121,0.000,0.000,1.000,3.000,0.000,0.000,4.000,0,0,0
B3_zmq_pushpull,zmq_tcp,none,none,,1,27189,512,584,1785153463649437000,1785153463649438000,1785153463649438000,1785153463649439000,1785153463649598000,1785153463649600000,1785153463649600000,1785153463649600000,121932490,121652369,-121.121,1.000,0.000,1.000,2.000,0.000,0.000,5.000,0,0,0
B3_zmq_pushpull,zmq_tcp,none,none,,1,27190,512,584,1785153463650659000,1785153463650659000,1785153463650659000,1785153463650660000,1785153463650844000,1785153463650848000,1785153463650848000,1785153463650848000,121932490,121652369,-96.121,0.000,0.000,1.000,4.000,0.000,0.000,25.000,0,0,0
B3_zmq_pushpull,zmq_tcp,none,none,,1,27191,512,584,1785153463651607000,1785153463651607000,1785153463651607000,1785153463651608000,1785153463651696000,1785153463651699000,1785153463651699000,1785153463651699000,121932490,121652369,-192.121,0.000,0.000,1.000,3.000,0.000,0.000,96.000,0,0,0
B3_zmq_pushpull,zmq_tcp,none,none,,1,27192,512,584,1785153463652618000,1785153463652618000,1785153463652618000,1785153463652619000,1785153463652684000,1785153463652687000,1785153463652687000,1785153463652687000,121932490,121652369,-215.121,0.000,0.000,1.000,3.000,0.000,0.000,23.000,0,0,0
B3_zmq_pushpull,zmq_tcp,none,none,,1,27193,512,584,1785153463653614000,1785153463653614000,1785153463653614000,1785153463653615000,1785153463653664000,1785153463653667000,1785153463653667000,1785153463653667000,121932490,121652369,-231.121,0.000,0.000,1.000,3.000,0.000,0.000,16.000,0,0,0
B3_zmq_pushpull,zmq_tcp,none,none,,1,27194,512,584,1785153463654617000,1785153463654617000,1785153463654617000,1785153463654618000,1785153463654662000,1785153463654666000,1785153463654666000,1785153463654666000,121932490,121652369,-236.121,0.000,0.000,1.000,4.000,0.000,0.000,5.000,0,0,0
B3_zmq_pushpull,zmq_tcp,none,none,,1,27195,512,584,1785153463655509000,1785153463655509000,1785153463655509000,1785153463655510000,1785153463655670000,1785153463655672000,1785153463655672000,1785153463655672000,121932490,121652369,-120.121,0.000,0.000,1.000,2.000,0.000,0.000,116.000,0,0,0
B3_zmq_pushpull,zmq_tcp,none,none,,1,27196,512,584,1785153463656515000,1785153463656515000,1785153463656515000,1785153463656516000,1785153463656671000,1785153463656674000,1785153463656674000,1785153463656674000,121932490,121652369,-125.121,0.000,0.000,1.000,3.000,0.000,0.000,5.000,0,0,0
B3_zmq_pushpull,zmq_tcp,none,none,,1,27197,512,584,1785153463657637000,1785153463657638000,1785153463657638000,1785153463657639000,1785153463657787000,1785153463657790000,1785153463657790000,1785153463657790000,121932490,121652369,-132.121,1.000,0.000,1.000,3.000,0.000,0.000,7.000,0,0,0
B3_zmq_pushpull,zmq_tcp,none,none,,1,27198,512,584,1785153463658480000,1785153463658480000,1785153463658480000,1785153463658481000,1785153463658639000,1785153463658642000,1785153463658642000,1785153463658642000,121932490,121652369,-122.121,0.000,0.000,1.000,3.000,0.000,0.000,10.000,0,0,0
B3_zmq_pushpull,zmq_tcp,none,none,,1,27199,512,584,1785153463659650000,1785153463659650000,1785153463659650000,1785153463659651000,1785153463659750000,1785153463659753000,1785153463659753000,1785153463659753000,121932490,121652369,-181.121,0.000,0.000,1.000,3.000,0.000,0.000,59.000,0,0,0
B3_zmq_pushpull,zmq_tcp,none,none,,1,27200,512,584,1785153463660605000,1785153463660605000,1785153463660605000,1785153463660606000,1785153463660706000,1785153463660708000,1785153463660708000,1785153463660708000,121932490,121652369,-180.121,0.000,0.000,1.000,2.000,0.000,0.000,1.000,0,0,0
B3_zmq_pushpull,zmq_tcp,none,none,,1,27201,512,584,1785153463661618000,1785153463661618000,1785153463661618000,1785153463661619000,1785153463661683000,1785153463661686000,1785153463661686000,1785153463661686000,121932490,121652369,-216.121,0.000,0.000,1.000,3.000,0.000,0.000,36.000,0,0,0
B3_zmq_pushpull,zmq_tcp,none,none,,1,27202,512,584,1785153463662615000,1785153463662615000,1785153463662616000,1785153463662616000,1785153463662684000,1785153463662687000,1785153463662688000,1785153463662688000,121932490,121652369,-212.121,0.000,1.000,0.000,3.000,1.000,0.000,4.000,0,0,0
B3_zmq_pushpull,zmq_tcp,none,none,,1,27203,512,584,1785153463663528000,1785153463663528000,1785153463663528000,1785153463663530000,1785153463663676000,1785153463663679000,1785153463663679000,1785153463663679000,121932490,121652369,-134.121,0.000,0.000,2.000,3.000,0.000,0.000,78.000,0,0,0
B3_zmq_pushpull,zmq_tcp,none,none,,1,27204,512,584,1785153463664635000,1785153463664636000,1785153463664636000,1785153463664637000,1785153463664802000,1785153463664805000,1785153463664805000,1785153463664805000,121932490,121652369,-115.121,1.000,0.000,1.000,3.000,0.000,0.000,19.000,0,0,0
B3_zmq_pushpull,zmq_tcp,none,none,,1,27205,512,584,1785153463665611000,1785153463665611000,1785153463665612000,1785153463665612000,1785153463665783000,1785153463665786000,1785153463665786000,1785153463665786000,121932490,121652369,-109.121,0.000,1.000,0.000,3.000,0.000,0.000,6.000,0,0,0
B3_zmq_pushpull,zmq_tcp,none,none,,1,27206,512,584,1785153463666617000,1785153463666617000,1785153463666617000,1785153463666618000,1785153463666757000,1785153463666760000,1785153463666760000,1785153463666760000,121932490,121652369,-141.121,0.000,0.000,1.000,3.000,0.000,0.000,32.000,0,0,0
B3_zmq_pushpull,zmq_tcp,none,none,,1,27207,512,584,1785153463667455000,1785153463667455000,1785153463667455000,1785153463667456000,1785153463667598000,1785153463667600000,1785153463667600000,1785153463667600000,121932490,121652369,-138.121,0.000,0.000,1.000,2.000,0.000,0.000,3.000,0,0,0
B3_zmq_pushpull,zmq_tcp,none,none,,1,27208,512,584,1785153463668656000,1785153463668656000,1785153463668657000,1785153463668657000,1785153463668692000,1785153463668695000,1785153463668695000,1785153463668695000,121932490,121652369,-245.121,0.000,1.000,0.000,3.000,0.000,0.000,107.000,0,0,0
B3_zmq_pushpull,zmq_tcp,none,none,,1,27209,512,584,1785153463669521000,1785153463669521000,1785153463669521000,1785153463669522000,1785153463669678000,1785153463669680000,1785153463669681000,1785153463669681000,121932490,121652369,-124.121,0.000,0.000,1.000,2.000,1.000,0.000,121.000,0,0,0
B3_zmq_pushpull,zmq_tcp,none,none,,1,27210,512,584,1785153463670503000,1785153463670503000,1785153463670503000,1785153463670504000,1785153463670663000,1785153463670666000,1785153463670666000,1785153463670666000,121932490,121652369,-121.121,0.000,0.000,1.000,3.000,0.000,0.000,3.000,0,0,0
B3_zmq_pushpull,zmq_tcp,none,none,,1,27211,512,584,1785153463671644000,1785153463671644000,1785153463671644000,1785153463671645000,1785153463671781000,1785153463671784000,1785153463671784000,1785153463671784000,121932490,121652369,-144.121,0.000,0.000,1.000,3.000,0.000,0.000,23.000,0,0,0
B3_zmq_pushpull,zmq_tcp,none,none,,1,27212,512,584,1785153463672610000,1785153463672610000,1785153463672610000,1785153463672611000,1785153463672762000,1785153463672765000,1785153463672765000,1785153463672765000,121932490,121652369,-129.121,0.000,0.000,1.000,3.000,0.000,0.000,15.000,0,0,0
B3_zmq_pushpull,zmq_tcp,none,none,,1,27213,512,584,1785153463673619000,1785153463673619000,1785153463673619000,1785153463673620000,1785153463673733000,1785153463673736000,1785153463673736000,1785153463673736000,121932490,121652369,-167.121,0.000,0.000,1.000,3.000,0.000,0.000,38.000,0,0,0
B3_zmq_pushpull,zmq_tcp,none,none,,1,27214,512,584,1785153463674612000,1785153463674612000,1785153463674612000,1785153463674613000,1785153463674684000,1785153463674687000,1785153463674687000,1785153463674687000,121932490,121652369,-209.121,0.000,0.000,1.000,3.000,0.000,0.000,42.000,0,0,0
B3_zmq_pushpull,zmq_tcp,none,none,,1,27215,512,584,1785153463675617000,1785153463675617000,1785153463675617000,1785153463675618000,1785153463675661000,1785153463675664000,1785153463675664000,1785153463675664000,121932490,121652369,-237.121,0.000,0.000,1.000,3.000,0.000,0.000,28.000,0,0,0
B3_zmq_pushpull,zmq_tcp,none,none,,1,27216,512,584,1785153463676621000,1785153463676621000,1785153463676621000,1785153463676622000,1785153463676791000,1785153463676794000,1785153463676794000,1785153463676794000,121932490,121652369,-111.121,0.000,0.000,1.000,3.000,0.000,0.000,126.000,0,0,0
B3_zmq_pushpull,zmq_tcp,none,none,,1,27217,512,584,1785153463677611000,1785153463677612000,1785153463677612000,1785153463677613000,1785153463677775000,1785153463677778000,1785153463677778000,1785153463677778000,121932490,121652369,-118.121,1.000,0.000,1.000,3.000,0.000,0.000,7.000,0,0,0
B3_zmq_pushpull,zmq_tcp,none,none,,1,27218,512,584,1785153463678618000,1785153463678618000,1785153463678618000,1785153463678619000,1785153463678739000,1785153463678742000,1785153463678742000,1785153463678742000,121932490,121652369,-160.121,0.000,0.000,1.000,3.000,0.000,0.000,42.000,0,0,0
B3_zmq_pushpull,zmq_tcp,none,none,,1,27219,512,584,1785153463679618000,1785153463679618000,1785153463679618000,1785153463679619000,1785153463679727000,1785153463679730000,1785153463679730000,1785153463679730000,121932490,121652369,-172.121,0.000,0.000,1.000,3.000,0.000,0.000,12.000,0,0,0
B3_zmq_pushpull,zmq_tcp,none,none,,1,27220,512,584,1785153463680616000,1785153463680616000,1785153463680616000,1785153463680617000,1785153463680695000,1785153463680697000,1785153463680697000,1785153463680697000,121932490,121652369,-202.121,0.000,0.000,1.000,2.000,0.000,0.000,30.000,0,0,0
B3_zmq_pushpull,zmq_tcp,none,none,,1,27221,512,584,1785153463681613000,1785153463681613000,1785153463681613000,1785153463681614000,1785153463681679000,1785153463681682000,1785153463681682000,1785153463681682000,121932490,121652369,-215.121,0.000,0.000,1.000,3.000,0.000,0.000,13.000,0,0,0
B3_zmq_pushpull,zmq_tcp,none,none,,1,27222,512,584,1785153463682617000,1785153463682617000,1785153463682617000,1785153463682618000,1785153463682789000,1785153463682791000,1785153463682791000,1785153463682791000,121932490,121652369,-109.121,0.000,0.000,1.000,2.000,0.000,0.000,106.000,0,0,0
B3_zmq_pushpull,zmq_tcp,none,none,,1,27223,512,584,1785153463683616000,1785153463683616000,1785153463683616000,1785153463683617000,1785153463683761000,1785153463683764000,1785153463683764000,1785153463683764000,121932490,121652369,-136.121,0.000,0.000,1.000,3.000,0.000,0.000,27.000,0,0,0
B3_zmq_pushpull,zmq_tcp,none,none,,1,27224,512,584,1785153463684461000,1785153463684461000,1785153463684461000,1785153463684462000,1785153463684615000,1785153463684618000,1785153463684618000,1785153463684618000,121932490,121652369,-127.121,0.000,0.000,1.000,3.000,0.000,0.000,9.000,0,0,0
B3_zmq_pushpull,zmq_tcp,none,none,,1,27225,512,584,1785153463685452000,1785153463685453000,1785153463685453000,1785153463685454000,1785153463685613000,1785153463685615000,1785153463685615000,1785153463685615000,121932490,121652369,-121.121,1.000,0.000,1.000,2.000,0.000,0.000,6.000,0,0,0
B3_zmq_pushpull,zmq_tcp,none,none,,1,27226,512,584,1785153463686431000,1785153463686431000,1785153463686431000,1785153463686432000,1785153463686587000,1785153463686590000,1785153463686590000,1785153463686590000,121932490,121652369,-125.121,0.000,0.000,1.000,3.000,0.000,0.000,4.000,0,0,0
B3_zmq_pushpull,zmq_tcp,none,none,,1,27227,512,584,1785153463687663000,1785153463687663000,1785153463687663000,1785153463687664000,1785153463687721000,1785153463687724000,1785153463687724000,1785153463687724000,121932490,121652369,-223.121,0.000,0.000,1.000,3.000,0.000,0.000,98.000,0,0,0
B3_zmq_pushpull,zmq_tcp,none,none,,1,27228,512,584,1785153463688601000,1785153463688601000,1785153463688601000,1785153463688602000,1785153463688709000,1785153463688711000,1785153463688711000,1785153463688711000,121932490,121652369,-173.121,0.000,0.000,1.000,2.000,0.000,0.000,50.000,0,0,0
B3_zmq_pushpull,zmq_tcp,none,none,,1,27229,512,584,1785153463689619000,1785153463689620000,1785153463689620000,1785153463689621000,1785153463689688000,1785153463689691000,1785153463689691000,1785153463689691000,121932490,121652369,-213.121,1.000,0.000,1.000,3.000,0.000,0.000,40.000,0,0,0
B3_zmq_pushpull,zmq_tcp,none,none,,1,27230,512,584,1785153463690618000,1785153463690619000,1785153463690619000,1785153463690620000,1785153463690681000,1785153463690684000,1785153463690684000,1785153463690684000,121932490,121652369,-219.121,1.000,0.000,1.000,3.000,0.000,0.000,6.000,0,0,0
B3_zmq_pushpull,zmq_tcp,none,none,,1,27231,512,584,1785153463691615000,1785153463691616000,1785153463691616000,1785153463691617000,1785153463691813000,1785153463691815000,1785153463691815000,1785153463691815000,121932490,121652369,-84.121,1.000,0.000,1.000,2.000,0.000,0.000,135.000,0,0,0
B3_zmq_pushpull,zmq_tcp,none,none,,1,27232,512,584,1785153463692505000,1785153463692505000,1785153463692505000,1785153463692506000,1785153463692657000,1785153463692659000,1785153463692659000,1785153463692659000,121932490,121652369,-129.121,0.000,0.000,1.000,2.000,0.000,0.000,45.000,0,0,0
B3_zmq_pushpull,zmq_tcp,none,none,,1,27233,512,584,1785153463693644000,1785153463693644000,1785153463693644000,1785153463693645000,1785153463693771000,1785153463693774000,1785153463693774000,1785153463693774000,121932490,121652369,-154.121,0.000,0.000,1.000,3.000,0.000,0.000,25.000,0,0,0
B3_zmq_pushpull,zmq_tcp,none,none,,1,27234,512,584,1785153463694609000,1785153463694609000,1785153463694609000,1785153463694610000,1785153463694746000,1785153463694749000,1785153463694749000,1785153463694749000,121932490,121652369,-144.121,0.000,0.000,1.000,3.000,0.000,0.000,10.000,0,0,0
B3_zmq_pushpull,zmq_tcp,none,none,,1,27235,512,584,1785153463695617000,1785153463695617000,1785153463695617000,1785153463695618000,1785153463695722000,1785153463695724000,1785153463695724000,1785153463695725000,121932490,121652369,-176.121,0.000,0.000,1.000,2.000,0.000,1.000,32.000,0,0,0
B3_zmq_pushpull,zmq_tcp,none,none,,1,27236,512,584,1785153463696614000,1785153463696614000,1785153463696614000,1785153463696615000,1785153463696681000,1785153463696684000,1785153463696684000,1785153463696684000,121932490,121652369,-214.121,0.000,0.000,1.000,3.000,0.000,0.000,38.000,0,0,0
B3_zmq_pushpull,zmq_tcp,none,none,,1,27237,512,584,1785153463697617000,1785153463697617000,1785153463697617000,1785153463697618000,1785153463697802000,1785153463697805000,1785153463697805000,1785153463697805000,121932490,121652369,-96.121,0.000,0.000,1.000,3.000,0.000,0.000,118.000,0,0,0
B3_zmq_pushpull,zmq_tcp,none,none,,1,27238,512,584,1785153463698620000,1785153463698620000,1785153463698620000,1785153463698621000,1785153463698791000,1785153463698794000,1785153463698794000,1785153463698794000,121932490,121652369,-110.121,0.000,0.000,1.000,3.000,0.000,0.000,14.000,0,0,0
B3_zmq_pushpull,zmq_tcp,none,none,,1,27239,512,584,1785153463699613000,1785153463699613000,1785153463699613000,1785153463699614000,1785153463699788000,1785153463699796000,1785153463699796000,1785153463699796000,121932490,121652369,-106.121,0.000,0.000,1.000,8.000,0.000,0.000,4.000,0,0,0
B3_zmq_pushpull,zmq_tcp,none,none,,1,27240,512,584,1785153463700619000,1785153463700619000,1785153463700619000,1785153463700620000,1785153463700782000,1785153463700785000,1785153463700785000,1785153463700785000,121932490,121652369,-118.121,0.000,0.000,1.000,3.000,0.000,0.000,12.000,0,0,0
B3_zmq_pushpull,zmq_tcp,none,none,,1,27241,512,584,1785153463701614000,1785153463701615000,1785153463701615000,1785153463701616000,1785153463701749000,1785153463701751000,1785153463701751000,1785153463701751000,121932490,121652369,-147.121,1.000,0.000,1.000,2.000,0.000,0.000,29.000,0,0,0
B3_zmq_pushpull,zmq_tcp,none,none,,1,27242,512,584,1785153463702617000,1785153463702617000,1785153463702617000,1785153463702618000,1785153463702715000,1785153463702718000,1785153463702718000,1785153463702718000,121932490,121652369,-183.121,0.000,0.000,1.000,3.000,0.000,0.000,36.000,0,0,0
B3_zmq_pushpull,zmq_tcp,none,none,,1,27243,512,584,1785153463703614000,1785153463703614000,1785153463703614000,1785153463703615000,1785153463703691000,1785153463703694000,1785153463703694000,1785153463703694000,121932490,121652369,-204.121,0.000,0.000,1.000,3.000,0.000,0.000,21.000,0,0,0
B3_zmq_pushpull,zmq_tcp,none,none,,1,27244,512,584,1785153463704620000,1785153463704620000,1785153463704620000,1785153463704621000,1785153463704678000,1785153463704682000,1785153463704682000,1785153463704682000,121932490,121652369,-223.121,0.000,0.000,1.000,4.000,0.000,0.000,19.000,0,0,0
B3_zmq_pushpull,zmq_tcp,none,none,,1,27245,512,584,1785153463705521000,1785153463705521000,1785153463705522000,1785153463705522000,1785153463705682000,1785153463705685000,1785153463705685000,1785153463705685000,121932490,121652369,-120.121,0.000,1.000,0.000,3.000,0.000,0.000,103.000,0,0,0
B3_zmq_pushpull,zmq_tcp,none,none,,1,27246,512,584,1785153463706642000,1785153463706642000,1785153463706642000,1785153463706643000,1785153463706814000,1785153463706817000,1785153463706817000,1785153463706817000,121932490,121652369,-109.121,0.000,0.000,1.000,3.000,0.000,0.000,11.000,0,0,0
B3_zmq_pushpull,zmq_tcp,none,none,,1,27247,512,584,1785153463707502000,1785153463707502000,1785153463707503000,1785153463707503000,1785153463707662000,1785153463707665000,1785153463707665000,1785153463707665000,121932490,121652369,-121.121,0.000,1.000,0.000,3.000,0.000,0.000,12.000,0,0,0
B3_zmq_pushpull,zmq_tcp,none,none,,1,27248,512,584,1785153463708644000,1785153463708644000,1785153463708644000,1785153463708645000,1785153463708790000,1785153463708793000,1785153463708793000,1785153463708793000,121932490,121652369,-135.121,0.000,0.000,1.000,3.000,0.000,0.000,14.000,0,0,0
B3_zmq_pushpull,zmq_tcp,none,none,,1,27249,512,584,1785153463709487000,1785153463709487000,1785153463709487000,1785153463709488000,1785153463709638000,1785153463709641000,1785153463709641000,1785153463709641000,121932490,121652369,-130.121,0.000,0.000,1.000,3.000,0.000,0.000,5.000,0,0,0
B3_zmq_pushpull,zmq_tcp,none,none,,1,27250,512,584,1785153463710468000,1785153463710468000,1785153463710468000,1785153463710469000,1785153463710622000,1785153463710625000,1785153463710625000,1785153463710625000,121932490,121652369,-127.121,0.000,0.000,1.000,3.000,0.000,0.000,3.000,0,0,0
B3_zmq_pushpull,zmq_tcp,none,none,,1,27251,512,584,1785153463711459000,1785153463711459000,1785153463711459000,1785153463711461000,1785153463711606000,1785153463711609000,1785153463711609000,1785153463711609000,121932490,121652369,-135.121,0.000,0.000,2.000,3.000,0.000,0.000,8.000,0,0,0
B3_zmq_pushpull,zmq_tcp,none,none,,1,27252,512,584,1785153463712658000,1785153463712658000,1785153463712658000,1785153463712659000,1785153463712722000,1785153463712725000,1785153463712725000,1785153463712725000,121932490,121652369,-217.121,0.000,0.000,1.000,3.000,0.000,0.000,82.000,0,0,0
B3_zmq_pushpull,zmq_tcp,none,none,,1,27253,512,584,1785153463713605000,1785153463713605000,1785153463713605000,1785153463713606000,1785153463713697000,1785153463713699000,1785153463713699000,1785153463713699000,121932490,121652369,-189.121,0.000,0.000,1.000,2.000,0.000,0.000,28.000,0,0,0
B3_zmq_pushpull,zmq_tcp,none,none,,1,27254,512,584,1785153463714621000,1785153463714621000,1785153463714621000,1785153463714622000,1785153463714809000,1785153463714811000,1785153463714811000,1785153463714811000,121932490,121652369,-93.121,0.000,0.000,1.000,2.000,0.000,0.000,96.000,0,0,0
B3_zmq_pushpull,zmq_tcp,none,none,,1,27255,512,584,1785153463715499000,1785153463715499000,1785153463715499000,1785153463715500000,1785153463715651000,1785153463715654000,1785153463715654000,1785153463715654000,121932490,121652369,-129.121,0.000,0.000,1.000,3.000,0.000,0.000,36.000,0,0,0
B3_zmq_pushpull,zmq_tcp,none,none,,1,27256,512,584,1785153463716478000,1785153463716478000,1785153463716478000,1785153463716479000,1785153463716622000,1785153463716625000,1785153463716625000,1785153463716625000,121932490,121652369,-137.121,0.000,0.000,1.000,3.000,0.000,0.000,8.000,0,0,0
B3_zmq_pushpull,zmq_tcp,none,none,,1,27257,512,584,1785153463717650000,1785153463717650000,1785153463717650000,1785153463717651000,1785153463717719000,1785153463717722000,1785153463717722000,1785153463717722000,121932490,121652369,-212.121,0.000,0.000,1.000,3.000,0.000,0.000,75.000,0,0,0
B3_zmq_pushpull,zmq_tcp,none,none,,1,27258,512,584,1785153463718608000,1785153463718608000,1785153463718608000,1785153463718609000,1785153463718707000,1785153463718710000,1785153463718710000,1785153463718710000,121932490,121652369,-182.121,0.000,0.000,1.000,3.000,0.000,0.000,30.000,0,0,0
B3_zmq_pushpull,zmq_tcp,none,none,,1,27259,512,584,1785153463719618000,1785153463719618000,1785153463719619000,1785153463719619000,1785153463719684000,1785153463719686000,1785153463719686000,1785153463719686000,121932490,121652369,-215.121,0.000,1.000,0.000,2.000,0.000,0.000,33.000,0,0,0
B3_zmq_pushpull,zmq_tcp,none,none,,1,27260,512,584,1785153463720617000,1785153463720618000,1785153463720618000,1785153463720619000,1785153463720796000,1785153463720799000,1785153463720799000,1785153463720799000,121932490,121652369,-103.121,1.000,0.000,1.000,3.000,0.000,0.000,112.000,0,0,0
B3_zmq_pushpull,zmq_tcp,none,none,,1,27261,512,584,1785153463721617000,1785153463721617000,1785153463721617000,1785153463721618000,1785153463721781000,1785153463721784000,1785153463721784000,1785153463721784000,121932490,121652369,-117.121,0.000,0.000,1.000,3.000,0.000,0.000,14.000,0,0,0
B3_zmq_pushpull,zmq_tcp,none,none,,1,27262,512,584,1785153463722613000,1785153463722613000,1785153463722613000,1785153463722614000,1785153463722742000,1785153463722745000,1785153463722745000,1785153463722745000,121932490,121652369,-152.121,0.000,0.000,1.000,3.000,0.000,0.000,35.000,0,0,0
B3_zmq_pushpull,zmq_tcp,none,none,,1,27263,512,584,1785153463723617000,1785153463723617000,1785153463723617000,1785153463723618000,1785153463723699000,1785153463723702000,1785153463723702000,1785153463723702000,121932490,121652369,-199.121,0.000,0.000,1.000,3.000,0.000,0.000,47.000,0,0,0
B3_zmq_pushpull,zmq_tcp,none,none,,1,27264,512,584,1785153463724616000,1785153463724616000,1785153463724616000,1785153463724617000,1785153463724671000,1785153463724674000,1785153463724674000,1785153463724674000,121932490,121652369,-226.121,0.000,0.000,1.000,3.000,0.000,0.000,27.000,0,0,0
B3_zmq_pushpull,zmq_tcp,none,none,,1,27265,512,584,1785153463725500000,1785153463725500000,1785153463725500000,1785153463725501000,1785153463725659000,1785153463725662000,1785153463725662000,1785153463725662000,121932490,121652369,-122.121,0.000,0.000,1.000,3.000,0.000,0.000,104.000,0,0,0
B3_zmq_pushpull,zmq_tcp,none,none,,1,27266,512,584,1785153463726487000,1785153463726487000,1785153463726487000,1785153463726488000,1785153463726643000,1785153463726647000,1785153463726647000,1785153463726647000,121932490,121652369,-125.121,0.000,0.000,1.000,4.000,0.000,0.000,3.000,0,0,0
B3_zmq_pushpull,zmq_tcp,none,none,,1,27267,512,584,1785153463727477000,1785153463727478000,1785153463727478000,1785153463727479000,1785153463727635000,1785153463727638000,1785153463727638000,1785153463727638000,121932490,121652369,-124.121,1.000,0.000,1.000,3.000,0.000,0.000,1.000,0,0,0
B3_zmq_pushpull,zmq_tcp,none,none,,1,27268,512,584,1785153463728480000,1785153463728480000,1785153463728480000,1785153463728481000,1785153463728639000,1785153463728642000,1785153463728642000,1785153463728642000,121932490,121652369,-122.121,0.000,0.000,1.000,3.000,0.000,0.000,2.000,0,0,0
B3_zmq_pushpull,zmq_tcp,none,none,,1,27269,512,584,1785153463729470000,1785153463729470000,1785153463729470000,1785153463729471000,1785153463729621000,1785153463729624000,1785153463729624000,1785153463729624000,121932490,121652369,-130.121,0.000,0.000,1.000,3.000,0.000,0.000,8.000,0,0,0
B3_zmq_pushpull,zmq_tcp,none,none,,1,27270,512,584,1785153463730457000,1785153463730457000,1785153463730458000,1785153463730458000,1785153463730609000,1785153463730611000,1785153463730611000,1785153463730611000,121932490,121652369,-129.121,0.000,1.000,0.000,2.000,0.000,0.000,1.000,0,0,0
B3_zmq_pushpull,zmq_tcp,none,none,,1,27271,512,584,1785153463731444000,1785153463731444000,1785153463731444000,1785153463731445000,1785153463731586000,1785153463731589000,1785153463731589000,1785153463731589000,121932490,121652369,-139.121,0.000,0.000,1.000,3.000,0.000,0.000,10.000,0,0,0
B3_zmq_pushpull,zmq_tcp,none,none,,1,27272,512,584,1785153463732420000,1785153463732420000,1785153463732420000,1785153463732421000,1785153463732565000,1785153463732567000,1785153463732567000,1785153463732567000,121932490,121652369,-136.121,0.000,0.000,1.000,2.000,0.000,0.000,3.000,0,0,0
B3_zmq_pushpull,zmq_tcp,none,none,,1,27273,512,584,1785153463733423000,1785153463733423000,1785153463733423000,1785153463733424000,1785153463733567000,1785153463733570000,1785153463733570000,1785153463733570000,121932490,121652369,-137.121,0.000,0.000,1.000,3.000,0.000,0.000,1.000,0,0,0
B3_zmq_pushpull,zmq_tcp,none,none,,1,27274,512,584,1785153463734536000,1785153463734537000,1785153463734537000,1785153463734538000,1785153463734676000,1785153463734678000,1785153463734679000,1785153463734679000,121932490,121652369,-142.121,1.000,0.000,1.000,2.000,1.000,0.000,5.000,0,0,0
B3_zmq_pushpull,zmq_tcp,none,none,,1,27275,512,584,1785153463735637000,1785153463735637000,1785153463735637000,1785153463735638000,1785153463735781000,1785153463735784000,1785153463735784000,1785153463735784000,121932490,121652369,-137.121,0.000,0.000,1.000,3.000,0.000,0.000,5.000,0,0,0
B3_zmq_pushpull,zmq_tcp,none,none,,1,27276,512,584,1785153463736612000,1785153463736612000,1785153463736612000,1785153463736613000,1785153463736737000,1785153463736739000,1785153463736739000,1785153463736739000,121932490,121652369,-156.121,0.000,0.000,1.000,2.000,0.000,0.000,19.000,0,0,0
B3_zmq_pushpull,zmq_tcp,none,none,,1,27277,512,584,1785153463737618000,1785153463737618000,1785153463737618000,1785153463737619000,1785153463737713000,1785153463737716000,1785153463737716000,1785153463737716000,121932490,121652369,-186.121,0.000,0.000,1.000,3.000,0.000,0.000,30.000,0,0,0
B3_zmq_pushpull,zmq_tcp,none,none,,1,27278,512,584,1785153463738616000,1785153463738616000,1785153463738616000,1785153463738617000,1785153463738693000,1785153463738695000,1785153463738695000,1785153463738695000,121932490,121652369,-204.121,0.000,0.000,1.000,2.000,0.000,0.000,18.000,0,0,0
B3_zmq_pushpull,zmq_tcp,none,none,,1,27279,512,584,1785153463739618000,1785153463739619000,1785153463739619000,1785153463739620000,1785153463739799000,1785153463739801000,1785153463739801000,1785153463739801000,121932490,121652369,-101.121,1.000,0.000,1.000,2.000,0.000,0.000,103.000,0,0,0
B3_zmq_pushpull,zmq_tcp,none,none,,1,27280,512,584,1785153463740613000,1785153463740613000,1785153463740613000,1785153463740614000,1785153463740767000,1785153463740770000,1785153463740770000,1785153463740770000,121932490,121652369,-127.121,0.000,0.000,1.000,3.000,0.000,0.000,26.000,0,0,0
B3_zmq_pushpull,zmq_tcp,none,none,,1,27281,512,584,1785153463741620000,1785153463741620000,1785153463741620000,1785153463741621000,1785153463741739000,1785153463741742000,1785153463741742000,1785153463741742000,121932490,121652369,-162.121,0.000,0.000,1.000,3.000,0.000,0.000,35.000,0,0,0
B3_zmq_pushpull,zmq_tcp,none,none,,1,27282,512,584,1785153463742617000,1785153463742617000,1785153463742617000,1785153463742618000,1785153463742710000,1785153463742713000,1785153463742713000,1785153463742713000,121932490,121652369,-188.121,0.000,0.000,1.000,3.000,0.000,0.000,26.000,0,0,0
B3_zmq_pushpull,zmq_tcp,none,none,,1,27283,512,584,1785153463743616000,1785153463743616000,1785153463743616000,1785153463743617000,1785153463743693000,1785153463743696000,1785153463743697000,1785153463743697000,121932490,121652369,-204.121,0.000,0.000,1.000,3.000,1.000,0.000,16.000,0,0,0
B3_zmq_pushpull,zmq_tcp,none,none,,1,27284,512,584,1785153463744512000,1785153463744513000,1785153463744513000,1785153463744514000,1785153463744658000,1785153463744660000,1785153463744660000,1785153463744660000,121932490,121652369,-136.121,1.000,0.000,1.000,2.000,0.000,0.000,68.000,0,0,0
B3_zmq_pushpull,zmq_tcp,none,none,,1,27285,512,584,1785153463745641000,1785153463745641000,1785153463745641000,1785153463745642000,1785153463745780000,1785153463745783000,1785153463745783000,1785153463745783000,121932490,121652369,-142.121,0.000,0.000,1.000,3.000,0.000,0.000,6.000,0,0,0
B3_zmq_pushpull,zmq_tcp,none,none,,1,27286,512,584,1785153463746610000,1785153463746611000,1785153463746611000,1785153463746612000,1785153463746740000,1785153463746743000,1785153463746743000,1785153463746743000,121932490,121652369,-152.121,1.000,0.000,1.000,3.000,0.000,0.000,10.000,0,0,0
B3_zmq_pushpull,zmq_tcp,none,none,,1,27287,512,584,1785153463747419000,1785153463747420000,1785153463747420000,1785153463747421000,1785153463747568000,1785153463747570000,1785153463747570000,1785153463747570000,121932490,121652369,-133.121,1.000,0.000,1.000,2.000,0.000,0.000,19.000,0,0,0
B3_zmq_pushpull,zmq_tcp,none,none,,1,27288,512,584,1785153463748665000,1785153463748665000,1785153463748665000,1785153463748666000,1785153463748843000,1785153463748846000,1785153463748846000,1785153463748846000,121932490,121652369,-103.121,0.000,0.000,1.000,3.000,0.000,0.000,30.000,0,0,0
B3_zmq_pushpull,zmq_tcp,none,none,,1,27289,512,584,1785153463749606000,1785153463749606000,1785153463749606000,1785153463749607000,1785153463749679000,1785153463749682000,1785153463749682000,1785153463749682000,121932490,121652369,-208.121,0.000,0.000,1.000,3.000,0.000,0.000,105.000,0,0,0
B3_zmq_pushpull,zmq_tcp,none,none,,1,27290,512,584,1785153463750618000,1785153463750619000,1785153463750619000,1785153463750620000,1785153463750801000,1785153463750805000,1785153463750805000,1785153463750805000,121932490,121652369,-99.121,1.000,0.000,1.000,4.000,0.000,0.000,109.000,0,0,0
B3_zmq_pushpull,zmq_tcp,none,none,,1,27291,512,584,1785153463751613000,1785153463751613000,1785153463751613000,1785153463751614000,1785153463751648000,1785153463751651000,1785153463751651000,1785153463751651000,121932490,121652369,-246.121,0.000,0.000,1.000,3.000,0.000,0.000,147.000,0,0,0
B3_zmq_pushpull,zmq_tcp,none,none,,1,27292,512,584,1785153463752617000,1785153463752617000,1785153463752617000,1785153463752618000,1785153463752768000,1785153463752770000,1785153463752770000,1785153463752770000,121932490,121652369,-130.121,0.000,0.000,1.000,2.000,0.000,0.000,116.000,0,0,0
B3_zmq_pushpull,zmq_tcp,none,none,,1,27293,512,584,1785153463753616000,1785153463753616000,1785153463753616000,1785153463753617000,1785153463753774000,1785153463753777000,1785153463753777000,1785153463753777000,121932490,121652369,-123.121,0.000,0.000,1.000,3.000,0.000,0.000,7.000,0,0,0
B3_zmq_pushpull,zmq_tcp,none,none,,1,27294,512,584,1785153463754445000,1785153463754445000,1785153463754446000,1785153463754446000,1785153463754601000,1785153463754604000,1785153463754604000,1785153463754604000,121932490,121652369,-125.121,0.000,1.000,0.000,3.000,0.000,0.000,2.000,0,0,0
B3_zmq_pushpull,zmq_tcp,none,none,,1,27295,512,584,1785153463755447000,1785153463755447000,1785153463755447000,1785153463755448000,1785153463755605000,1785153463755607000,1785153463755607000,1785153463755608000,121932490,121652369,-123.121,0.000,0.000,1.000,2.000,0.000,1.000,2.000,0,0,0
B3_zmq_pushpull,zmq_tcp,none,none,,1,27296,512,584,1785153463756661000,1785153463756661000,1785153463756661000,1785153463756662000,1785153463756730000,1785153463756735000,1785153463756735000,1785153463756735000,121932490,121652369,-212.121,0.000,0.000,1.000,5.000,0.000,0.000,89.000,0,0,0
B3_zmq_pushpull,zmq_tcp,none,none,,1,27297,512,584,1785153463757605000,1785153463757605000,1785153463757605000,1785153463757606000,1785153463757724000,1785153463757727000,1785153463757727000,1785153463757727000,121932490,121652369,-162.121,0.000,0.000,1.000,3.000,0.000,0.000,50.000,0,0,0
B3_zmq_pushpull,zmq_tcp,none,none,,1,27298,512,584,1785153463758616000,1785153463758616000,1785153463758616000,1785153463758617000,1785153463758689000,1785153463758692000,1785153463758692000,1785153463758692000,121932490,121652369,-208.121,0.000,0.000,1.000,3.000,0.000,0.000,46.000,0,0,0
B3_zmq_pushpull,zmq_tcp,none,none,,1,27299,512,584,1785153463759501000,1785153463759501000,1785153463759501000,1785153463759502000,1785153463759653000,1785153463759656000,1785153463759656000,1785153463759656000,121932490,121652369,-129.121,0.000,0.000,1.000,3.000,0.000,0.000,79.000,0,0,0
B3_zmq_pushpull,zmq_tcp,none,none,,1,27300,512,584,1785153463760484000,1785153463760484000,1785153463760484000,1785153463760485000,1785153463760641000,1785153463760644000,1785153463760644000,1785153463760644000,121932490,121652369,-124.121,0.000,0.000,1.000,3.000,0.000,0.000,5.000,0,0,0
B3_zmq_pushpull,zmq_tcp,none,none,,1,27301,512,584,1785153463761652000,1785153463761652000,1785153463761652000,1785153463761653000,1785153463761774000,1785153463761777000,1785153463761777000,1785153463761777000,121932490,121652369,-159.121,0.000,0.000,1.000,3.000,0.000,0.000,35.000,0,0,0
B3_zmq_pushpull,zmq_tcp,none,none,,1,27302,512,584,1785153463762606000,1785153463762606000,1785153463762606000,1785153463762607000,1785153463762765000,1785153463762768000,1785153463762768000,1785153463762768000,121932490,121652369,-122.121,0.000,0.000,1.000,3.000,0.000,0.000,37.000,0,0,0
B3_zmq_pushpull,zmq_tcp,none,none,,1,27303,512,584,1785153463763452000,1785153463763452000,1785153463763452000,1785153463763453000,1785153463763602000,1785153463763605000,1785153463763605000,1785153463763605000,121932490,121652369,-131.121,0.000,0.000,1.000,3.000,0.000,0.000,9.000,0,0,0
B3_zmq_pushpull,zmq_tcp,none,none,,1,27304,512,584,1785153463764431000,1785153463764431000,1785153463764431000,1785153463764432000,1785153463764577000,1785153463764579000,1785153463764580000,1785153463764580000,121932490,121652369,-135.121,0.000,0.000,1.000,2.000,1.000,0.000,4.000,0,0,0
B3_zmq_pushpull,zmq_tcp,none,none,,1,27305,512,584,1785153463765663000,1785153463765663000,1785153463765663000,1785153463765664000,1785153463765844000,1785153463765846000,1785153463765846000,1785153463765846000,121932490,121652369,-100.121,0.000,0.000,1.000,2.000,0.000,0.000,35.000,0,0,0
B3_zmq_pushpull,zmq_tcp,none,none,,1,27306,512,584,1785153463766535000,1785153463766535000,1785153463766535000,1785153463766536000,1785153463766686000,1785153463766690000,1785153463766690000,1785153463766690000,121932490,121652369,-130.121,0.000,0.000,1.000,4.000,0.000,0.000,30.000,0,0,0
B3_zmq_pushpull,zmq_tcp,none,none,,1,27307,512,584,1785153463767522000,1785153463767522000,1785153463767522000,1785153463767523000,1785153463767678000,1785153463767681000,1785153463767681000,1785153463767681000,121932490,121652369,-125.121,0.000,0.000,1.000,3.000,0.000,0.000,5.000,0,0,0
B3_zmq_pushpull,zmq_tcp,none,none,,1,27308,512,584,1785153463768518000,1785153463768518000,1785153463768518000,1785153463768519000,1785153463768665000,1785153463768668000,1785153463768668000,1785153463768668000,121932490,121652369,-134.121,0.000,0.000,1.000,3.000,0.000,0.000,9.000,0,0,0
B3_zmq_pushpull,zmq_tcp,none,none,,1,27309,512,584,1785153463769645000,1785153463769645000,1785153463769645000,1785153463769646000,1785153463769794000,1785153463769797000,1785153463769798000,1785153463769798000,121932490,121652369,-132.121,0.000,0.000,1.000,3.000,1.000,0.000,2.000,0,0,0
B3_zmq_pushpull,zmq_tcp,none,none,,1,27310,512,584,1785153463770605000,1785153463770605000,1785153463770605000,1785153463770606000,1785153463770780000,1785153463770782000,1785153463770782000,1785153463770782000,121932490,121652369,-106.121,0.000,0.000,1.000,2.000,0.000,0.000,26.000,0,0,0
B3_zmq_pushpull,zmq_tcp,none,none,,1,27311,512,584,1785153463771462000,1785153463771462000,1785153463771462000,1785153463771463000,1785153463771613000,1785153463771618000,1785153463771618000,1785153463771618000,121932490,121652369,-130.121,0.000,0.000,1.000,5.000,0.000,0.000,24.000,0,0,0
B3_zmq_pushpull,zmq_tcp,none,none,,1,27312,512,584,1785153463772655000,1785153463772655000,1785153463772655000,1785153463772656000,1785153463772712000,1785153463772715000,1785153463772715000,1785153463772715000,121932490,121652369,-224.121,0.000,0.000,1.000,3.000,0.000,0.000,94.000,0,0,0
B3_zmq_pushpull,zmq_tcp,none,none,,1,27313,512,584,1785153463773605000,1785153463773605000,1785153463773605000,1785153463773606000,1785153463773694000,1785153463773697000,1785153463773697000,1785153463773697000,121932490,121652369,-192.121,0.000,0.000,1.000,3.000,0.000,0.000,32.000,0,0,0
B3_zmq_pushpull,zmq_tcp,none,none,,1,27314,512,584,1785153463774623000,1785153463774623000,1785153463774623000,1785153463774624000,1785153463774800000,1785153463774802000,1785153463774802000,1785153463774802000,121932490,121652369,-104.121,0.000,0.000,1.000,2.000,0.000,0.000,88.000,0,0,0
B3_zmq_pushpull,zmq_tcp,none,none,,1,27315,512,584,1785153463775617000,1785153463775617000,1785153463775617000,1785153463775618000,1785153463775772000,1785153463775775000,1785153463775775000,1785153463775775000,121932490,121652369,-126.121,0.000,0.000,1.000,3.000,0.000,0.000,22.000,0,0,0
B3_zmq_pushpull,zmq_tcp,none,none,,1,27316,512,584,1785153463776461000,1785153463776461000,1785153463776461000,1785153463776462000,1785153463776618000,1785153463776621000,1785153463776621000,1785153463776621000,121932490,121652369,-124.121,0.000,0.000,1.000,3.000,0.000,0.000,2.000,0,0,0
B3_zmq_pushpull,zmq_tcp,none,none,,1,27317,512,584,1785153463777657000,1785153463777657000,1785153463777657000,1785153463777658000,1785153463777747000,1785153463777750000,1785153463777750000,1785153463777750000,121932490,121652369,-191.121,0.000,0.000,1.000,3.000,0.000,0.000,67.000,0,0,0
B3_zmq_pushpull,zmq_tcp,none,none,,1,27318,512,584,1785153463778607000,1785153463778607000,1785153463778607000,1785153463778608000,1785153463778709000,1785153463778713000,1785153463778713000,1785153463778713000,121932490,121652369,-179.121,0.000,0.000,1.000,4.000,0.000,0.000,12.000,0,0,0
B3_zmq_pushpull,zmq_tcp,none,none,,1,27319,512,584,1785153463779619000,1785153463779619000,1785153463779619000,1785153463779620000,1785153463779665000,1785153463779669000,1785153463779669000,1785153463779669000,121932490,121652369,-235.121,0.000,0.000,1.000,4.000,0.000,0.000,56.000,0,0,0
B3_zmq_pushpull,zmq_tcp,none,none,,1,27320,512,584,1785153463780482000,1785153463780482000,1785153463780482000,1785153463780483000,1785153463780616000,1785153463780618000,1785153463780618000,1785153463780619000,121932490,121652369,-147.121,0.000,0.000,1.000,2.000,0.000,1.000,88.000,0,0,0
B3_zmq_pushpull,zmq_tcp,none,none,,1,27321,512,584,1785153463781653000,1785153463781653000,1785153463781653000,1785153463781654000,1785153463781750000,1785153463781753000,1785153463781753000,1785153463781753000,121932490,121652369,-184.121,0.000,0.000,1.000,3.000,0.000,0.000,37.000,0,0,0
B3_zmq_pushpull,zmq_tcp,none,none,,1,27322,512,584,1785153463782607000,1785153463782607000,1785153463782607000,1785153463782608000,1785153463782717000,1785153463782720000,1785153463782720000,1785153463782720000,121932490,121652369,-171.121,0.000,0.000,1.000,3.000,0.000,0.000,13.000,0,0,0
B3_zmq_pushpull,zmq_tcp,none,none,,1,27323,512,584,1785153463783621000,1785153463783621000,1785153463783621000,1785153463783622000,1785153463783717000,1785153463783720000,1785153463783720000,1785153463783720000,121932490,121652369,-185.121,0.000,0.000,1.000,3.000,0.000,0.000,14.000,0,0,0
B3_zmq_pushpull,zmq_tcp,none,none,,1,27324,512,584,1785153463784612000,1785153463784612000,1785153463784612000,1785153463784613000,1785153463784689000,1785153463784692000,1785153463784692000,1785153463784692000,121932490,121652369,-204.121,0.000,0.000,1.000,3.000,0.000,0.000,19.000,0,0,0
B3_zmq_pushpull,zmq_tcp,none,none,,1,27325,512,584,1785153463785617000,1785153463785617000,1785153463785617000,1785153463785618000,1785153463785668000,1785153463785673000,1785153463785673000,1785153463785673000,121932490,121652369,-230.121,0.000,0.000,1.000,5.000,0.000,0.000,26.000,0,0,0
B3_zmq_pushpull,zmq_tcp,none,none,,1,27326,512,584,1785153463786616000,1785153463786616000,1785153463786616000,1785153463786617000,1785153463786769000,1785153463786772000,1785153463786772000,1785153463786772000,121932490,121652369,-128.121,0.000,0.000,1.000,3.000,0.000,0.000,102.000,0,0,0
B3_zmq_pushpull,zmq_tcp,none,none,,1,27327,512,584,1785153463787616000,1785153463787616000,1785153463787616000,1785153463787617000,1785153463787749000,1785153463787752000,1785153463787752000,1785153463787752000,121932490,121652369,-148.121,0.000,0.000,1.000,3.000,0.000,0.000,20.000,0,0,0
B3_zmq_pushpull,zmq_tcp,none,none,,1,27328,512,584,1785153463788613000,1785153463788613000,1785153463788613000,1785153463788614000,1785153463788726000,1785153463788729000,1785153463788729000,1785153463788729000,121932490,121652369,-168.121,0.000,0.000,1.000,3.000,0.000,0.000,20.000,0,0,0
B3_zmq_pushpull,zmq_tcp,none,none,,1,27329,512,584,1785153463789617000,1785153463789617000,1785153463789617000,1785153463789618000,1785153463789705000,1785153463789708000,1785153463789708000,1785153463789708000,121932490,121652369,-193.121,0.000,0.000,1.000,3.000,0.000,0.000,25.000,0,0,0
B3_zmq_pushpull,zmq_tcp,none,none,,1,27330,512,584,1785153463790523000,1785153463790523000,1785153463790523000,1785153463790524000,1785153463790680000,1785153463790682000,1785153463790682000,1785153463790682000,121932490,121652369,-124.121,0.000,0.000,1.000,2.000,0.000,0.000,69.000,0,0,0
B3_zmq_pushpull,zmq_tcp,none,none,,1,27331,512,584,1785153463791640000,1785153463791640000,1785153463791640000,1785153463791641000,1785153463791800000,1785153463791803000,1785153463791803000,1785153463791803000,121932490,121652369,-121.121,0.000,0.000,1.000,3.000,0.000,0.000,3.000,0,0,0
B3_zmq_pushpull,zmq_tcp,none,none,,1,27332,512,584,1785153463792610000,1785153463792610000,1785153463792610000,1785153463792611000,1785153463792770000,1785153463792773000,1785153463792773000,1785153463792773000,121932490,121652369,-121.121,0.000,0.000,1.000,3.000,0.000,0.000,0.000,0,0,0
B3_zmq_pushpull,zmq_tcp,none,none,,1,27333,512,584,1785153463793617000,1785153463793617000,1785153463793617000,1785153463793618000,1785153463793726000,1785153463793729000,1785153463793729000,1785153463793729000,121932490,121652369,-172.121,0.000,0.000,1.000,3.000,0.000,0.000,51.000,0,0,0
B3_zmq_pushpull,zmq_tcp,none,none,,1,27334,512,584,1785153463794617000,1785153463794618000,1785153463794618000,1785153463794619000,1785153463794713000,1785153463794716000,1785153463794716000,1785153463794716000,121932490,121652369,-186.121,1.000,0.000,1.000,3.000,0.000,0.000,14.000,0,0,0
B3_zmq_pushpull,zmq_tcp,none,none,,1,27335,512,584,1785153463795619000,1785153463795619000,1785153463795619000,1785153463795620000,1785153463795816000,1785153463795818000,1785153463795818000,1785153463795818000,121932490,121652369,-84.121,0.000,0.000,1.000,2.000,0.000,0.000,102.000,0,0,0
B3_zmq_pushpull,zmq_tcp,none,none,,1,27336,512,584,1785153463796511000,1785153463796511000,1785153463796511000,1785153463796512000,1785153463796669000,1785153463796672000,1785153463796672000,1785153463796672000,121932490,121652369,-123.121,0.000,0.000,1.000,3.000,0.000,0.000,39.000,0,0,0
B3_zmq_pushpull,zmq_tcp,none,none,,1,27337,512,584,1785153463797643000,1785153463797643000,1785153463797643000,1785153463797644000,1785153463797770000,1785153463797773000,1785153463797773000,1785153463797773000,121932490,121652369,-154.121,0.000,0.000,1.000,3.000,0.000,0.000,31.000,0,0,0
B3_zmq_pushpull,zmq_tcp,none,none,,1,27338,512,584,1785153463798463000,1785153463798463000,1785153463798463000,1785153463798464000,1785153463798623000,1785153463798626000,1785153463798626000,1785153463798626000,121932490,121652369,-121.121,0.000,0.000,1.000,3.000,0.000,0.000,33.000,0,0,0
B3_zmq_pushpull,zmq_tcp,none,none,,1,27339,512,584,1785153463799655000,1785153463799655000,1785153463799655000,1785153463799656000,1785153463799744000,1785153463799747000,1785153463799747000,1785153463799747000,121932490,121652369,-192.121,0.000,0.000,1.000,3.000,0.000,0.000,71.000,0,0,0
B3_zmq_pushpull,zmq_tcp,none,none,,1,27340,512,584,1785153463800434000,1785153463800434000,1785153463800434000,1785153463800435000,1785153463800588000,1785153463800591000,1785153463800591000,1785153463800591000,121932490,121652369,-127.121,0.000,0.000,1.000,3.000,0.000,0.000,65.000,0,0,0
B3_zmq_pushpull,zmq_tcp,none,none,,1,27341,512,584,1785153463801547000,1785153463801547000,1785153463801547000,1785153463801548000,1785153463801694000,1785153463801698000,1785153463801698000,1785153463801698000,121932490,121652369,-134.121,0.000,0.000,1.000,4.000,0.000,0.000,7.000,0,0,0
B3_zmq_pushpull,zmq_tcp,none,none,,1,27342,512,584,1785153463802636000,1785153463802636000,1785153463802636000,1785153463802637000,1785153463802698000,1785153463802702000,1785153463802702000,1785153463802702000,121932490,121652369,-219.121,0.000,0.000,1.000,4.000,0.000,0.000,85.000,0,0,0
B3_zmq_pushpull,zmq_tcp,none,none,,1,27343,512,584,1785153463803522000,1785153463803522000,1785153463803522000,1785153463803523000,1785153463803678000,1785153463803681000,1785153463803681000,1785153463803681000,121932490,121652369,-125.121,0.000,0.000,1.000,3.000,0.000,0.000,94.000,0,0,0
B3_zmq_pushpull,zmq_tcp,none,none,,1,27344,512,584,1785153463804496000,1785153463804496000,1785153463804496000,1785153463804497000,1785153463804644000,1785153463804646000,1785153463804646000,1785153463804646000,121932490,121652369,-133.121,0.000,0.000,1.000,2.000,0.000,0.000,8.000,0,0,0
B3_zmq_pushpull,zmq_tcp,none,none,,1,27345,512,584,1785153463805648000,1785153463805648000,1785153463805648000,1785153463805649000,1785153463805767000,1785153463805770000,1785153463805770000,1785153463805770000,121932490,121652369,-162.121,0.000,0.000,1.000,3.000,0.000,0.000,29.000,0,0,0
B3_zmq_pushpull,zmq_tcp,none,none,,1,27346,512,584,1785153463806608000,1785153463806608000,1785153463806608000,1785153463806609000,1785153463806747000,1785153463806749000,1785153463806749000,1785153463806749000,121932490,121652369,-142.121,0.000,0.000,1.000,2.000,0.000,0.000,20.000,0,0,0
B3_zmq_pushpull,zmq_tcp,none,none,,1,27347,512,584,1785153463807433000,1785153463807433000,1785153463807433000,1785153463807434000,1785153463807577000,1785153463807580000,1785153463807580000,1785153463807580000,121932490,121652369,-137.121,0.000,0.000,1.000,3.000,0.000,0.000,5.000,0,0,0
B3_zmq_pushpull,zmq_tcp,none,none,,1,27348,512,584,1785153463808664000,1785153463808664000,1785153463808664000,1785153463808665000,1785153463808838000,1785153463808841000,1785153463808842000,1785153463808842000,121932490,121652369,-107.121,0.000,0.000,1.000,3.000,1.000,0.000,30.000,0,0,0
B3_zmq_pushpull,zmq_tcp,none,none,,1,27349,512,584,1785153463809606000,1785153463809606000,1785153463809606000,1785153463809607000,1785153463809667000,1785153463809670000,1785153463809670000,1785153463809670000,121932490,121652369,-220.121,0.000,0.000,1.000,3.000,0.000,0.000,113.000,0,0,0
B3_zmq_pushpull,zmq_tcp,none,none,,1,27350,512,584,1785153463810620000,1785153463810620000,1785153463810620000,1785153463810621000,1785153463810798000,1785153463810801000,1785153463810801000,1785153463810801000,121932490,121652369,-103.121,0.000,0.000,1.000,3.000,0.000,0.000,117.000,0,0,0
B3_zmq_pushpull,zmq_tcp,none,none,,1,27351,512,584,1785153463811497000,1785153463811497000,1785153463811497000,1785153463811498000,1785153463811652000,1785153463811654000,1785153463811655000,1785153463811655000,121932490,121652369,-126.121,0.000,0.000,1.000,2.000,1.000,0.000,23.000,0,0,0
B3_zmq_pushpull,zmq_tcp,none,none,,1,27352,512,584,1785153463812491000,1785153463812491000,1785153463812491000,1785153463812492000,1785153463812635000,1785153463812638000,1785153463812639000,1785153463812639000,121932490,121652369,-137.121,0.000,0.000,1.000,3.000,1.000,0.000,11.000,0,0,0
B3_zmq_pushpull,zmq_tcp,none,none,,1,27353,512,584,1785153463813461000,1785153463813462000,1785153463813462000,1785153463813463000,1785153463813605000,1785153463813608000,1785153463813608000,1785153463813608000,121932490,121652369,-138.121,1.000,0.000,1.000,3.000,0.000,0.000,1.000,0,0,0
B3_zmq_pushpull,zmq_tcp,none,none,,1,27354,512,584,1785153463814656000,1785153463814656000,1785153463814656000,1785153463814657000,1785153463814734000,1785153463814737000,1785153463814737000,1785153463814737000,121932490,121652369,-203.121,0.000,0.000,1.000,3.000,0.000,0.000,65.000,0,0,0
B3_zmq_pushpull,zmq_tcp,none,none,,1,27355,512,584,1785153463815605000,1785153463815605000,1785153463815605000,1785153463815606000,1785153463815727000,1785153463815730000,1785153463815730000,1785153463815730000,121932490,121652369,-159.121,0.000,0.000,1.000,3.000,0.000,0.000,44.000,0,0,0
B3_zmq_pushpull,zmq_tcp,none,none,,1,27356,512,584,1785153463816623000,1785153463816623000,1785153463816624000,1785153463816625000,1785153463816719000,1785153463816722000,1785153463816722000,1785153463816722000,121932490,121652369,-186.121,0.000,1.000,1.000,3.000,0.000,0.000,27.000,0,0,0
B3_zmq_pushpull,zmq_tcp,none,none,,1,27357,512,584,1785153463817423000,1785153463817424000,1785153463817424000,1785153463817425000,1785153463817577000,1785153463817580000,1785153463817580000,1785153463817580000,121932490,121652369,-128.121,1.000,0.000,1.000,3.000,0.000,0.000,58.000,0,0,0
B3_zmq_pushpull,zmq_tcp,none,none,,1,27358,512,584,1785153463818430000,1785153463818430000,1785153463818430000,1785153463818431000,1785153463818571000,1785153463818574000,1785153463818574000,1785153463818574000,121932490,121652369,-140.121,0.000,0.000,1.000,3.000,0.000,0.000,12.000,0,0,0
B3_zmq_pushpull,zmq_tcp,none,none,,1,27359,512,584,1785153463819421000,1785153463819421000,1785153463819421000,1785153463819422000,1785153463819575000,1785153463819578000,1785153463819578000,1785153463819578000,121932490,121652369,-127.121,0.000,0.000,1.000,3.000,0.000,0.000,13.000,0,0,0
B3_zmq_pushpull,zmq_tcp,none,none,,1,27360,512,584,1785153463820429000,1785153463820429000,1785153463820429000,1785153463820430000,1785153463820575000,1785153463820577000,1785153463820577000,1785153463820577000,121932490,121652369,-135.121,0.000,0.000,1.000,2.000,0.000,0.000,8.000,0,0,0
B3_zmq_pushpull,zmq_tcp,none,none,,1,27361,512,584,1785153463821665000,1785153463821665000,1785153463821665000,1785153463821666000,1785153463821853000,1785153463821857000,1785153463821857000,1785153463821857000,121932490,121652369,-93.121,0.000,0.000,1.000,4.000,0.000,0.000,42.000,0,0,0
B3_zmq_pushpull,zmq_tcp,none,none,,1,27362,512,584,1785153463822423000,1785153463822423000,1785153463822423000,1785153463822424000,1785153463822573000,1785153463822576000,1785153463822576000,1785153463822576000,121932490,121652369,-131.121,0.000,0.000,1.000,3.000,0.000,0.000,38.000,0,0,0
B3_zmq_pushpull,zmq_tcp,none,none,,1,27363,512,584,1785153463823664000,1785153463823665000,1785153463823665000,1785153463823666000,1785153463823825000,1785153463823828000,1785153463823828000,1785153463823828000,121932490,121652369,-121.121,1.000,0.000,1.000,3.000,0.000,0.000,10.000,0,0,0
B3_zmq_pushpull,zmq_tcp,none,none,,1,27364,512,584,1785153463824503000,1785153463824503000,1785153463824504000,1785153463824504000,1785153463824657000,1785153463824660000,1785153463824660000,1785153463824660000,121932490,121652369,-127.121,0.000,1.000,0.000,3.000,0.000,0.000,6.000,0,0,0
B3_zmq_pushpull,zmq_tcp,none,none,,1,27365,512,584,1785153463825475000,1785153463825476000,1785153463825476000,1785153463825477000,1785153463825629000,1785153463825632000,1785153463825632000,1785153463825632000,121932490,121652369,-128.121,1.000,0.000,1.000,3.000,0.000,0.000,1.000,0,0,0
B3_zmq_pushpull,zmq_tcp,none,none,,1,27366,512,584,1785153463826450000,1785153463826450000,1785153463826450000,1785153463826451000,1785153463826593000,1785153463826596000,1785153463826596000,1785153463826596000,121932490,121652369,-138.121,0.000,0.000,1.000,3.000,0.000,0.000,10.000,0,0,0
B3_zmq_pushpull,zmq_tcp,none,none,,1,27367,512,584,1785153463827424000,1785153463827425000,1785153463827425000,1785153463827426000,1785153463827577000,1785153463827580000,1785153463827580000,1785153463827580000,121932490,121652369,-129.121,1.000,0.000,1.000,3.000,0.000,0.000,9.000,0,0,0
B3_zmq_pushpull,zmq_tcp,none,none,,1,27368,512,584,1785153463828537000,1785153463828537000,1785153463828537000,1785153463828539000,1785153463828694000,1785153463828697000,1785153463828697000,1785153463828697000,121932490,121652369,-125.121,0.000,0.000,2.000,3.000,0.000,0.000,4.000,0,0,0
B3_zmq_pushpull,zmq_tcp,none,none,,1,27369,512,584,1785153463829538000,1785153463829538000,1785153463829538000,1785153463829539000,1785153463829690000,1785153463829693000,1785153463829694000,1785153463829694000,121932490,121652369,-129.121,0.000,0.000,1.000,3.000,1.000,0.000,4.000,0,0,0
B3_zmq_pushpull,zmq_tcp,none,none,,1,27370,512,584,1785153463830530000,1785153463830530000,1785153463830530000,1785153463830531000,1785153463830688000,1785153463830691000,1785153463830691000,1785153463830691000,121932490,121652369,-123.121,0.000,0.000,1.000,3.000,0.000,0.000,6.000,0,0,0
B3_zmq_pushpull,zmq_tcp,none,none,,1,27371,512,584,1785153463831513000,1785153463831513000,1785153463831513000,1785153463831514000,1785153463831663000,1785153463831665000,1785153463831665000,1785153463831665000,121932490,121652369,-131.121,0.000,0.000,1.000,2.000,0.000,0.000,8.000,0,0,0
B3_zmq_pushpull,zmq_tcp,none,none,,1,27372,512,584,1785153463832645000,1785153463832645000,1785153463832645000,1785153463832646000,1785153463832784000,1785153463832787000,1785153463832787000,1785153463832787000,121932490,121652369,-142.121,0.000,0.000,1.000,3.000,0.000,0.000,11.000,0,0,0
B3_zmq_pushpull,zmq_tcp,none,none,,1,27373,512,584,1785153463833608000,1785153463833608000,1785153463833608000,1785153463833609000,1785153463833765000,1785153463833768000,1785153463833768000,1785153463833768000,121932490,121652369,-124.121,0.000,0.000,1.000,3.000,0.000,0.000,18.000,0,0,0
B3_zmq_pushpull,zmq_tcp,none,none,,1,27374,512,584,1785153463834619000,1785153463834619000,1785153463834619000,1785153463834620000,1785153463834735000,1785153463834737000,1785153463834737000,1785153463834737000,121932490,121652369,-165.121,0.000,0.000,1.000,2.000,0.000,0.000,41.000,0,0,0
B3_zmq_pushpull,zmq_tcp,none,none,,1,27375,512,584,1785153463835617000,1785153463835617000,1785153463835617000,1785153463835618000,1785153463835715000,1785153463835717000,1785153463835717000,1785153463835717000,121932490,121652369,-183.121,0.000,0.000,1.000,2.000,0.000,0.000,18.000,0,0,0
B3_zmq_pushpull,zmq_tcp,none,none,,1,27376,512,584,1785153463836616000,1785153463836616000,1785153463836616000,1785153463836617000,1785153463836710000,1785153463836713000,1785153463836713000,1785153463836713000,121932490,121652369,-187.121,0.000,0.000,1.000,3.000,0.000,0.000,4.000,0,0,0
B3_zmq_pushpull,zmq_tcp,none,none,,1,27377,512,584,1785153463837617000,1785153463837617000,1785153463837617000,1785153463837618000,1785153463837703000,1785153463837706000,1785153463837706000,1785153463837706000,121932490,121652369,-195.121,0.000,0.000,1.000,3.000,0.000,0.000,8.000,0,0,0
B3_zmq_pushpull,zmq_tcp,none,none,,1,27378,512,584,1785153463838618000,1785153463838618000,1785153463838618000,1785153463838619000,1785153463838691000,1785153463838694000,1785153463838694000,1785153463838694000,121932490,121652369,-208.121,0.000,0.000,1.000,3.000,0.000,0.000,13.000,0,0,0
B3_zmq_pushpull,zmq_tcp,none,none,,1,27379,512,584,1785153463839616000,1785153463839616000,1785153463839616000,1785153463839617000,1785153463839813000,1785153463839817000,1785153463839817000,1785153463839817000,121932490,121652369,-84.121,0.000,0.000,1.000,4.000,0.000,0.000,124.000,0,0,0
B3_zmq_pushpull,zmq_tcp,none,none,,1,27380,512,584,1785153463840621000,1785153463840621000,1785153463840622000,1785153463840623000,1785153463840797000,1785153463840801000,1785153463840801000,1785153463840801000,121932490,121652369,-106.121,0.000,1.000,1.000,4.000,0.000,0.000,22.000,0,0,0
B3_zmq_pushpull,zmq_tcp,none,none,,1,27381,512,584,1785153463841502000,1785153463841502000,1785153463841502000,1785153463841503000,1785153463841650000,1785153463841653000,1785153463841653000,1785153463841653000,121932490,121652369,-133.121,0.000,0.000,1.000,3.000,0.000,0.000,27.000,0,0,0
B3_zmq_pushpull,zmq_tcp,none,none,,1,27382,512,584,1785153463842493000,1785153463842493000,1785153463842493000,1785153463842494000,1785153463842651000,1785153463842653000,1785153463842653000,1785153463842653000,121932490,121652369,-123.121,0.000,0.000,1.000,2.000,0.000,0.000,10.000,0,0,0
B3_zmq_pushpull,zmq_tcp,none,none,,1,27383,512,584,1785153463843471000,1785153463843471000,1785153463843471000,1785153463843472000,1785153463843632000,1785153463843635000,1785153463843635000,1785153463843635000,121932490,121652369,-120.121,0.000,0.000,1.000,3.000,0.000,0.000,3.000,0,0,0
B3_zmq_pushpull,zmq_tcp,none,none,,1,27384,512,584,1785153463844654000,1785153463844654000,1785153463844654000,1785153463844655000,1785153463844731000,1785153463844734000,1785153463844734000,1785153463844734000,121932490,121652369,-204.121,0.000,0.000,1.000,3.000,0.000,0.000,84.000,0,0,0
B3_zmq_pushpull,zmq_tcp,none,none,,1,27385,512,584,1785153463845606000,1785153463845606000,1785153463845606000,1785153463845607000,1785153463845716000,1785153463845719000,1785153463845719000,1785153463845719000,121932490,121652369,-171.121,0.000,0.000,1.000,3.000,0.000,0.000,33.000,0,0,0
B3_zmq_pushpull,zmq_tcp,none,none,,1,27386,512,584,1785153463846621000,1785153463846621000,1785153463846621000,1785153463846622000,1785153463846696000,1785153463846699000,1785153463846699000,1785153463846699000,121932490,121652369,-206.121,0.000,0.000,1.000,3.000,0.000,0.000,35.000,0,0,0
B3_zmq_pushpull,zmq_tcp,none,none,,1,27387,512,584,1785153463847619000,1785153463847619000,1785153463847619000,1785153463847620000,1785153463847684000,1785153463847689000,1785153463847689000,1785153463847689000,121932490,121652369,-216.121,0.000,0.000,1.000,5.000,0.000,0.000,10.000,0,0,0
B3_zmq_pushpull,zmq_tcp,none,none,,1,27388,512,584,1785153463848494000,1785153463848494000,1785153463848494000,1785153463848495000,1785153463848647000,1785153463848650000,1785153463848650000,1785153463848650000,121932490,121652369,-128.121,0.000,0.000,1.000,3.000,0.000,0.000,88.000,0,0,0
B3_zmq_pushpull,zmq_tcp,none,none,,1,27389,512,584,1785153463849471000,1785153463849472000,1785153463849472000,1785153463849473000,1785153463849623000,1785153463849626000,1785153463849626000,1785153463849626000,121932490,121652369,-130.121,1.000,0.000,1.000,3.000,0.000,0.000,2.000,0,0,0
B3_zmq_pushpull,zmq_tcp,none,none,,1,27390,512,584,1785153463850654000,1785153463850654000,1785153463850654000,1785153463850655000,1785153463850719000,1785153463850722000,1785153463850722000,1785153463850722000,121932490,121652369,-216.121,0.000,0.000,1.000,3.000,0.000,0.000,86.000,0,0,0
B3_zmq_pushpull,zmq_tcp,none,none,,1,27391,512,584,1785153463851608000,1785153463851608000,1785153463851608000,1785153463851609000,1785153463851705000,1785153463851708000,1785153463851708000,1785153463851708000,121932490,121652369,-184.121,0.000,0.000,1.000,3.000,0.000,0.000,32.000,0,0,0
B3_zmq_pushpull,zmq_tcp,none,none,,1,27392,512,584,1785153463852620000,1785153463852620000,1785153463852621000,1785153463852621000,1785153463852697000,1785153463852700000,1785153463852700000,1785153463852700000,121932490,121652369,-204.121,0.000,1.000,0.000,3.000,0.000,0.000,20.000,0,0,0
B3_zmq_pushpull,zmq_tcp,none,none,,1,27393,512,584,1785153463853615000,1785153463853615000,1785153463853615000,1785153463853616000,1785153463853802000,1785153463853805000,1785153463853805000,1785153463853805000,121932490,121652369,-94.121,0.000,0.000,1.000,3.000,0.000,0.000,110.000,0,0,0
B3_zmq_pushpull,zmq_tcp,none,none,,1,27394,512,584,1785153463854494000,1785153463854494000,1785153463854494000,1785153463854495000,1785153463854649000,1785153463854653000,1785153463854653000,1785153463854653000,121932490,121652369,-126.121,0.000,0.000,1.000,4.000,0.000,0.000,32.000,0,0,0
B3_zmq_pushpull,zmq_tcp,none,none,,1,27395,512,584,1785153463855488000,1785153463855488000,1785153463855488000,1785153463855489000,1785153463855630000,1785153463855633000,1785153463855633000,1785153463855633000,121932490,121652369,-139.121,0.000,0.000,1.000,3.000,0.000,0.000,13.000,0,0,0
B3_zmq_pushpull,zmq_tcp,none,none,,1,27396,512,584,1785153463856472000,1785153463856473000,1785153463856473000,1785153463856474000,1785153463856625000,1785153463856628000,1785153463856628000,1785153463856628000,121932490,121652369,-129.121,1.000,0.000,1.000,3.000,0.000,0.000,10.000,0,0,0
B3_zmq_pushpull,zmq_tcp,none,none,,1,27397,512,584,1785153463857453000,1785153463857453000,1785153463857453000,1785153463857454000,1785153463857604000,1785153463857607000,1785153463857607000,1785153463857607000,121932490,121652369,-130.121,0.000,0.000,1.000,3.000,0.000,0.000,1.000,0,0,0
B3_zmq_pushpull,zmq_tcp,none,none,,1,27398,512,584,1785153463858662000,1785153463858663000,1785153463858663000,1785153463858664000,1785153463858734000,1785153463858736000,1785153463858736000,1785153463858736000,121932490,121652369,-210.121,1.000,0.000,1.000,2.000,0.000,0.000,80.000,0,0,0
B3_zmq_pushpull,zmq_tcp,none,none,,1,27399,512,584,1785153463859605000,1785153463859605000,1785153463859605000,1785153463859606000,1785153463859693000,1785153463859696000,1785153463859696000,1785153463859696000,121932490,121652369,-193.121,0.000,0.000,1.000,3.000,0.000,0.000,17.000,0,0,0
B3_zmq_pushpull,zmq_tcp,none,none,,1,27400,512,584,1785153463860622000,1785153463860622000,1785153463860622000,1785153463860623000,1785153463860812000,1785153463860815000,1785153463860815000,1785153463860815000,121932490,121652369,-91.121,0.000,0.000,1.000,3.000,0.000,0.000,102.000,0,0,0
B3_zmq_pushpull,zmq_tcp,none,none,,1,27401,512,584,1785153463861617000,1785153463861617000,1785153463861617000,1785153463861618000,1785153463861656000,1785153463861658000,1785153463861659000,1785153463861659000,121932490,121652369,-242.121,0.000,0.000,1.000,2.000,1.000,0.000,151.000,0,0,0
B3_zmq_pushpull,zmq_tcp,none,none,,1,27402,512,584,1785153463862432000,1785153463862432000,1785153463862432000,1785153463862433000,1785153463862491000,1785153463862494000,1785153463862494000,1785153463862494000,121932490,121652369,-222.121,0.000,0.000,1.000,3.000,0.000,0.000,20.000,0,0,0
B3_zmq_pushpull,zmq_tcp,none,none,,1,27403,512,584,1785153463863662000,1785153463863662000,1785153463863662000,1785153463863663000,1785153463863747000,1785153463863750000,1785153463863750000,1785153463863750000,121932490,121652369,-196.121,0.000,0.000,1.000,3.000,0.000,0.000,26.000,0,0,0
B3_zmq_pushpull,zmq_tcp,none,none,,1,27404,512,584,1785153463864606000,1785153463864606000,1785153463864606000,1785153463864607000,1785153463864742000,1785153463864745000,1785153463864745000,1785153463864745000,121932490,121652369,-145.121,0.000,0.000,1.000,3.000,0.000,0.000,51.000,0,0,0
B3_zmq_pushpull,zmq_tcp,none,none,,1,27405,512,584,1785153463865579000,1785153463865579000,1785153463865579000,1785153463865580000,1785153463865723000,1785153463865725000,1785153463865725000,1785153463865726000,121932490,121652369,-137.121,0.000,0.000,1.000,2.000,0.000,1.000,8.000,0,0,0
B3_zmq_pushpull,zmq_tcp,none,none,,1,27406,512,584,1785153463866539000,1785153463866539000,1785153463866539000,1785153463866540000,1785153463866696000,1785153463866699000,1785153463866699000,1785153463866699000,121932490,121652369,-124.121,0.000,0.000,1.000,3.000,0.000,0.000,13.000,0,0,0
B3_zmq_pushpull,zmq_tcp,none,none,,1,27407,512,584,1785153463867641000,1785153463867641000,1785153463867641000,1785153463867642000,1785153463867801000,1785153463867804000,1785153463867804000,1785153463867804000,121932490,121652369,-121.121,0.000,0.000,1.000,3.000,0.000,0.000,3.000,0,0,0
B3_zmq_pushpull,zmq_tcp,none,none,,1,27408,512,584,1785153463868462000,1785153463868462000,1785153463868462000,1785153463868464000,1785153463868663000,1785153463868666000,1785153463868667000,1785153463868667000,121932490,121652369,-81.121,0.000,0.000,2.000,3.000,1.000,0.000,40.000,0,0,0
B3_zmq_pushpull,zmq_tcp,none,none,,1,27409,512,584,1785153463869486000,1785153463869486000,1785153463869486000,1785153463869487000,1785153463869644000,1785153463869647000,1785153463869647000,1785153463869647000,121932490,121652369,-123.121,0.000,0.000,1.000,3.000,0.000,0.000,42.000,0,0,0
B3_zmq_pushpull,zmq_tcp,none,none,,1,27410,512,584,1785153463870648000,1785153463870649000,1785153463870649000,1785153463870650000,1785153463870773000,1785153463870777000,1785153463870777000,1785153463870777000,121932490,121652369,-157.121,1.000,0.000,1.000,4.000,0.000,0.000,34.000,0,0,0
B3_zmq_pushpull,zmq_tcp,none,none,,1,27411,512,584,1785153463871611000,1785153463871612000,1785153463871612000,1785153463871613000,1785153463871772000,1785153463871775000,1785153463871775000,1785153463871775000,121932490,121652369,-121.121,1.000,0.000,1.000,3.000,0.000,0.000,36.000,0,0,0
B3_zmq_pushpull,zmq_tcp,none,none,,1,27412,512,584,1785153463872618000,1785153463872618000,1785153463872618000,1785153463872619000,1785153463872767000,1785153463872769000,1785153463872770000,1785153463872770000,121932490,121652369,-132.121,0.000,0.000,1.000,2.000,1.000,0.000,11.000,0,0,0
B3_zmq_pushpull,zmq_tcp,none,none,,1,27413,512,584,1785153463873615000,1785153463873615000,1785153463873615000,1785153463873616000,1785153463873753000,1785153463873756000,1785153463873756000,1785153463873756000,121932490,121652369,-143.121,0.000,0.000,1.000,3.000,0.000,0.000,11.000,0,0,0
B3_zmq_pushpull,zmq_tcp,none,none,,1,27414,512,584,1785153463874616000,1785153463874617000,1785153463874617000,1785153463874618000,1785153463874739000,1785153463874741000,1785153463874742000,1785153463874742000,121932490,121652369,-159.121,1.000,0.000,1.000,2.000,1.000,0.000,16.000,0,0,0
B3_zmq_pushpull,zmq_tcp,none,none,,1,27415,512,584,1785153463875582000,1785153463875583000,1785153463875583000,1785153463875584000,1785153463875723000,1785153463875726000,1785153463875726000,1785153463875726000,121932490,121652369,-141.121,1.000,0.000,1.000,3.000,0.000,0.000,18.000,0,0,0
B3_zmq_pushpull,zmq_tcp,none,none,,1,27416,512,584,1785153463876626000,1785153463876627000,1785153463876627000,1785153463876628000,1785153463876676000,1785153463876680000,1785153463876680000,1785153463876680000,121932490,121652369,-232.121,1.000,0.000,1.000,4.000,0.000,0.000,91.000,0,0,0
B3_zmq_pushpull,zmq_tcp,none,none,,1,27417,512,584,1785153463877506000,1785153463877506000,1785153463877506000,1785153463877507000,1785153463877659000,1785153463877662000,1785153463877662000,1785153463877662000,121932490,121652369,-128.121,0.000,0.000,1.000,3.000,0.000,0.000,104.000,0,0,0
B3_zmq_pushpull,zmq_tcp,none,none,,1,27418,512,584,1785153463878487000,1785153463878487000,1785153463878487000,1785153463878489000,1785153463878621000,1785153463878623000,1785153463878623000,1785153463878623000,121932490,121652369,-148.121,0.000,0.000,2.000,2.000,0.000,0.000,20.000,0,0,0
B3_zmq_pushpull,zmq_tcp,none,none,,1,27419,512,584,1785153463879652000,1785153463879652000,1785153463879652000,1785153463879653000,1785153463879755000,1785153463879758000,1785153463879758000,1785153463879758000,121932490,121652369,-178.121,0.000,0.000,1.000,3.000,0.000,0.000,30.000,0,0,0
B3_zmq_pushpull,zmq_tcp,none,none,,1,27420,512,584,1785153463880607000,1785153463880607000,1785153463880607000,1785153463880608000,1785153463880716000,1785153463880719000,1785153463880719000,1785153463880719000,121932490,121652369,-172.121,0.000,0.000,1.000,3.000,0.000,0.000,6.000,0,0,0
B3_zmq_pushpull,zmq_tcp,none,none,,1,27421,512,584,1785153463881621000,1785153463881621000,1785153463881622000,1785153463881622000,1785153463881700000,1785153463881703000,1785153463881703000,1785153463881703000,121932490,121652369,-202.121,0.000,1.000,0.000,3.000,0.000,0.000,30.000,0,0,0
B3_zmq_pushpull,zmq_tcp,none,none,,1,27422,512,584,1785153463882616000,1785153463882616000,1785153463882616000,1785153463882617000,1785153463882662000,1785153463882665000,1785153463882665000,1785153463882665000,121932490,121652369,-235.121,0.000,0.000,1.000,3.000,0.000,0.000,33.000,0,0,0
B3_zmq_pushpull,zmq_tcp,none,none,,1,27423,512,584,1785153463883617000,1785153463883617000,1785153463883617000,1785153463883618000,1785153463883763000,1785153463883766000,1785153463883766000,1785153463883766000,121932490,121652369,-135.121,0.000,0.000,1.000,3.000,0.000,0.000,100.000,0,0,0
B3_zmq_pushpull,zmq_tcp,none,none,,1,27424,512,584,1785153463884614000,1785153463884614000,1785153463884614000,1785153463884615000,1785153463884738000,1785153463884740000,1785153463884740000,1785153463884740000,121932490,121652369,-157.121,0.000,0.000,1.000,2.000,0.000,0.000,22.000,0,0,0
B3_zmq_pushpull,zmq_tcp,none,none,,1,27425,512,584,1785153463885618000,1785153463885618000,1785153463885618000,1785153463885619000,1785153463885708000,1785153463885711000,1785153463885711000,1785153463885711000,121932490,121652369,-191.121,0.000,0.000,1.000,3.000,0.000,0.000,34.000,0,0,0
B3_zmq_pushpull,zmq_tcp,none,none,,1,27426,512,584,1785153463886618000,1785153463886618000,1785153463886618000,1785153463886619000,1785153463886688000,1785153463886691000,1785153463886691000,1785153463886691000,121932490,121652369,-211.121,0.000,0.000,1.000,3.000,0.000,0.000,20.000,0,0,0
B3_zmq_pushpull,zmq_tcp,none,none,,1,27427,512,584,1785153463887621000,1785153463887622000,1785153463887622000,1785153463887623000,1785153463887805000,1785153463887808000,1785153463887808000,1785153463887808000,121932490,121652369,-98.121,1.000,0.000,1.000,3.000,0.000,0.000,113.000,0,0,0
B3_zmq_pushpull,zmq_tcp,none,none,,1,27428,512,584,1785153463888617000,1785153463888617000,1785153463888617000,1785153463888618000,1785153463888801000,1785153463888804000,1785153463888804000,1785153463888804000,121932490,121652369,-97.121,0.000,0.000,1.000,3.000,0.000,0.000,1.000,0,0,0
B3_zmq_pushpull,zmq_tcp,none,none,,1,27429,512,584,1785153463889619000,1785153463889619000,1785153463889619000,1785153463889620000,1785153463889799000,1785153463889803000,1785153463889803000,1785153463889803000,121932490,121652369,-101.121,0.000,0.000,1.000,4.000,0.000,0.000,4.000,0,0,0
B3_zmq_pushpull,zmq_tcp,none,none,,1,27430,512,584,1785153463890493000,1785153463890493000,1785153463890493000,1785153463890494000,1785153463890648000,1785153463890651000,1785153463890651000,1785153463890651000,121932490,121652369,-126.121,0.000,0.000,1.000,3.000,0.000,0.000,25.000,0,0,0
B3_zmq_pushpull,zmq_tcp,none,none,,1,27431,512,584,1785153463891486000,1785153463891486000,1785153463891486000,1785153463891487000,1785153463891638000,1785153463891640000,1785153463891640000,1785153463891640000,121932490,121652369,-129.121,0.000,0.000,1.000,2.000,0.000,0.000,3.000,0,0,0
B3_zmq_pushpull,zmq_tcp,none,none,,1,27432,512,584,1785153463892467000,1785153463892467000,1785153463892467000,1785153463892468000,1785153463892619000,1785153463892622000,1785153463892622000,1785153463892622000,121932490,121652369,-129.121,0.000,0.000,1.000,3.000,0.000,0.000,0.000,0,0,0
B3_zmq_pushpull,zmq_tcp,none,none,,1,27433,512,584,1785153463893654000,1785153463893654000,1785153463893654000,1785153463893655000,1785153463893730000,1785153463893733000,1785153463893733000,1785153463893733000,121932490,121652369,-205.121,0.000,0.000,1.000,3.000,0.000,0.000,76.000,0,0,0
B3_zmq_pushpull,zmq_tcp,none,none,,1,27434,512,584,1785153463894607000,1785153463894607000,1785153463894607000,1785153463894608000,1785153463894716000,1785153463894719000,1785153463894719000,1785153463894719000,121932490,121652369,-172.121,0.000,0.000,1.000,3.000,0.000,0.000,33.000,0,0,0
B3_zmq_pushpull,zmq_tcp,none,none,,1,27435,512,584,1785153463895622000,1785153463895622000,1785153463895622000,1785153463895623000,1785153463895712000,1785153463895715000,1785153463895715000,1785153463895715000,121932490,121652369,-191.121,0.000,0.000,1.000,3.000,0.000,0.000,19.000,0,0,0
B3_zmq_pushpull,zmq_tcp,none,none,,1,27436,512,584,1785153463896615000,1785153463896616000,1785153463896616000,1785153463896617000,1785153463896693000,1785153463896697000,1785153463896697000,1785153463896697000,121932490,121652369,-204.121,1.000,0.000,1.000,4.000,0.000,0.000,13.000,0,0,0
B3_zmq_pushpull,zmq_tcp,none,none,,1,27437,512,584,1785153463897618000,1785153463897618000,1785153463897618000,1785153463897619000,1785153463897668000,1785153463897671000,1785153463897671000,1785153463897671000,121932490,121652369,-231.121,0.000,0.000,1.000,3.000,0.000,0.000,27.000,0,0,0
B3_zmq_pushpull,zmq_tcp,none,none,,1,27438,512,584,1785153463898614000,1785153463898614000,1785153463898614000,1785153463898615000,1785153463898649000,1785153463898651000,1785153463898651000,1785153463898651000,121932490,121652369,-246.121,0.000,0.000,1.000,2.000,0.000,0.000,15.000,0,0,0
B3_zmq_pushpull,zmq_tcp,none,none,,1,27439,512,584,1785153463899488000,1785153463899488000,1785153463899489000,1785153463899489000,1785153463899640000,1785153463899643000,1785153463899643000,1785153463899643000,121932490,121652369,-129.121,0.000,1.000,0.000,3.000,0.000,0.000,117.000,0,0,0
B3_zmq_pushpull,zmq_tcp,none,none,,1,27440,512,584,1785153463900469000,1785153463900469000,1785153463900469000,1785153463900470000,1785153463900619000,1785153463900622000,1785153463900622000,1785153463900622000,121932490,121652369,-131.121,0.000,0.000,1.000,3.000,0.000,0.000,2.000,0,0,0
B3_zmq_pushpull,zmq_tcp,none,none,,1,27441,512,584,1785153463901656000,1785153463901656000,1785153463901656000,1785153463901657000,1785153463901735000,1785153463901738000,1785153463901738000,1785153463901738000,121932490,121652369,-202.121,0.000,0.000,1.000,3.000,0.000,0.000,71.000,0,0,0
B3_zmq_pushpull,zmq_tcp,none,none,,1,27442,512,584,1785153463902430000,1785153463902431000,1785153463902431000,1785153463902432000,1785153463902591000,1785153463902594000,1785153463902594000,1785153463902594000,121932490,121652369,-121.121,1.000,0.000,1.000,3.000,0.000,0.000,81.000,0,0,0
B3_zmq_pushpull,zmq_tcp,none,none,,1,27443,512,584,1785153463903663000,1785153463903663000,1785153463903663000,1785153463903664000,1785153463903696000,1785153463903699000,1785153463903699000,1785153463903699000,121932490,121652369,-248.121,0.000,0.000,1.000,3.000,0.000,0.000,127.000,0,0,0
B3_zmq_pushpull,zmq_tcp,none,none,,1,27444,512,584,1785153463904532000,1785153463904532000,1785153463904532000,1785153463904533000,1785153463904683000,1785153463904686000,1785153463904686000,1785153463904686000,121932490,121652369,-130.121,0.000,0.000,1.000,3.000,0.000,0.000,118.000,0,0,0
B3_zmq_pushpull,zmq_tcp,none,none,,1,27445,512,584,1785153463905638000,1785153463905638000,1785153463905638000,1785153463905639000,1785153463905690000,1785153463905694000,1785153463905694000,1785153463905694000,121932490,121652369,-229.121,0.000,0.000,1.000,4.000,0.000,0.000,99.000,0,0,0
B3_zmq_pushpull,zmq_tcp,none,none,,1,27446,512,584,1785153463906529000,1785153463906530000,1785153463906530000,1785153463906531000,1785153463906668000,1785153463906671000,1785153463906671000,1785153463906671000,121932490,121652369,-143.121,1.000,0.000,1.000,3.000,0.000,0.000,86.000,0,0,0
B3_zmq_pushpull,zmq_tcp,none,none,,1,27447,512,584,1785153463907643000,1785153463907643000,1785153463907643000,1785153463907644000,1785153463907796000,1785153463907800000,1785153463907800000,1785153463907800000,121932490,121652369,-128.121,0.000,0.000,1.000,4.000,0.000,0.000,15.000,0,0,0
B3_zmq_pushpull,zmq_tcp,none,none,,1,27448,512,584,1785153463908610000,1785153463908610000,1785153463908610000,1785153463908611000,1785153463908802000,1785153463908805000,1785153463908805000,1785153463908805000,121932490,121652369,-89.121,0.000,0.000,1.000,3.000,0.000,0.000,39.000,0,0,0
B3_zmq_pushpull,zmq_tcp,none,none,,1,27449,512,584,1785153463909622000,1785153463909622000,1785153463909622000,1785153463909623000,1785153463909784000,1785153463909787000,1785153463909787000,1785153463909787000,121932490,121652369,-119.121,0.000,0.000,1.000,3.000,0.000,0.000,30.000,0,0,0
B3_zmq_pushpull,zmq_tcp,none,none,,1,27450,512,584,1785153463910616000,1785153463910616000,1785153463910616000,1785153463910617000,1785153463910779000,1785153463910782000,1785153463910782000,1785153463910782000,121932490,121652369,-118.121,0.000,0.000,1.000,3.000,0.000,0.000,1.000,0,0,0
B3_zmq_pushpull,zmq_tcp,none,none,,1,27451,512,584,1785153463911618000,1785153463911618000,1785153463911618000,1785153463911619000,1785153463911751000,1785153463911754000,1785153463911754000,1785153463911754000,121932490,121652369,-148.121,0.000,0.000,1.000,3.000,0.000,0.000,30.000,0,0,0
B3_zmq_pushpull,zmq_tcp,none,none,,1,27452,512,584,1785153463912618000,1785153463912618000,1785153463912618000,1785153463912619000,1785153463912723000,1785153463912725000,1785153463912725000,1785153463912725000,121932490,121652369,-176.121,0.000,0.000,1.000,2.000,0.000,0.000,28.000,0,0,0
B3_zmq_pushpull,zmq_tcp,none,none,,1,27453,512,584,1785153463913536000,1785153463913536000,1785153463913536000,1785153463913537000,1785153463913693000,1785153463913696000,1785153463913696000,1785153463913696000,121932490,121652369,-124.121,0.000,0.000,1.000,3.000,0.000,0.000,52.000,0,0,0
B3_zmq_pushpull,zmq_tcp,none,none,,1,27454,512,584,1785153463914634000,1785153463914634000,1785153463914634000,1785153463914635000,1785153463914682000,1785153463914686000,1785153463914686000,1785153463914686000,121932490,121652369,-233.121,0.000,0.000,1.000,4.000,0.000,0.000,109.000,0,0,0
B3_zmq_pushpull,zmq_tcp,none,none,,1,27455,512,584,1785153463915522000,1785153463915522000,1785153463915522000,1785153463915523000,1785153463915679000,1785153463915682000,1785153463915682000,1785153463915682000,121932490,121652369,-124.121,0.000,0.000,1.000,3.000,0.000,0.000,109.000,0,0,0
B3_zmq_pushpull,zmq_tcp,none,none,,1,27456,512,584,1785153463916521000,1785153463916521000,1785153463916521000,1785153463916522000,1785153463916684000,1785153463916687000,1785153463916687000,1785153463916687000,121932490,121652369,-118.121,0.000,0.000,1.000,3.000,0.000,0.000,6.000,0,0,0
B3_zmq_pushpull,zmq_tcp,none,none,,1,27457,512,584,1785153463917641000,1785153463917641000,1785153463917641000,1785153463917642000,1785153463917687000,1785153463917691000,1785153463917691000,1785153463917691000,121932490,121652369,-235.121,0.000,0.000,1.000,4.000,0.000,0.000,117.000,0,0,0
B3_zmq_pushpull,zmq_tcp,none,none,,1,27458,512,584,1785153463918517000,1785153463918518000,1785153463918518000,1785153463918519000,1785153463918660000,1785153463918663000,1785153463918663000,1785153463918663000,121932490,121652369,-139.121,1.000,0.000,1.000,3.000,0.000,0.000,96.000,0,0,0
B3_zmq_pushpull,zmq_tcp,none,none,,1,27459,512,584,1785153463919644000,1785153463919644000,1785153463919644000,1785153463919645000,1785153463919766000,1785153463919768000,1785153463919768000,1785153463919768000,121932490,121652369,-159.121,0.000,0.000,1.000,2.000,0.000,0.000,20.000,0,0,0
B3_zmq_pushpull,zmq_tcp,none,none,,1,27460,512,584,1785153463920610000,1785153463920610000,1785153463920610000,1785153463920611000,1785153463920724000,1785153463920727000,1785153463920727000,1785153463920727000,121932490,121652369,-167.121,0.000,0.000,1.000,3.000,0.000,0.000,8.000,0,0,0
B3_zmq_pushpull,zmq_tcp,none,none,,1,27461,512,584,1785153463921429000,1785153463921430000,1785153463921430000,1785153463921431000,1785153463921578000,1785153463921580000,1785153463921580000,1785153463921580000,121932490,121652369,-133.121,1.000,0.000,1.000,2.000,0.000,0.000,34.000,0,0,0
B3_zmq_pushpull,zmq_tcp,none,none,,1,27462,512,584,1785153463922661000,1785153463922661000,1785153463922661000,1785153463922662000,1785153463922831000,1785153463922834000,1785153463922834000,1785153463922834000,121932490,121652369,-111.121,0.000,0.000,1.000,3.000,0.000,0.000,22.000,0,0,0
B3_zmq_pushpull,zmq_tcp,none,none,,1,27463,512,584,1785153463923606000,1785153463923606000,1785153463923606000,1785153463923607000,1785153463923679000,1785153463923682000,1785153463923682000,1785153463923682000,121932490,121652369,-208.121,0.000,0.000,1.000,3.000,0.000,0.000,97.000,0,0,0
B3_zmq_pushpull,zmq_tcp,none,none,,1,27464,512,584,1785153463924622000,1785153463924623000,1785153463924623000,1785153463924624000,1785153463924784000,1785153463924787000,1785153463924788000,1785153463924788000,121932490,121652369,-120.121,1.000,0.000,1.000,3.000,1.000,0.000,88.000,0,0,0
B3_zmq_pushpull,zmq_tcp,none,none,,1,27465,512,584,1785153463925616000,1785153463925616000,1785153463925617000,1785153463925617000,1785153463925774000,1785153463925776000,1785153463925776000,1785153463925777000,121932490,121652369,-123.121,0.000,1.000,0.000,2.000,0.000,1.000,3.000,0,0,0
B3_zmq_pushpull,zmq_tcp,none,none,,1,27466,512,584,1785153463926619000,1785153463926619000,1785153463926620000,1785153463926621000,1785153463926747000,1785153463926750000,1785153463926750000,1785153463926750000,121932490,121652369,-154.121,0.000,1.000,1.000,3.000,0.000,0.000,31.000,0,0,0
B3_zmq_pushpull,zmq_tcp,none,none,,1,27467,512,584,1785153463927617000,1785153463927617000,1785153463927617000,1785153463927618000,1785153463927744000,1785153463927747000,1785153463927747000,1785153463927747000,121932490,121652369,-154.121,0.000,0.000,1.000,3.000,0.000,0.000,0.000,0,0,0
B3_zmq_pushpull,zmq_tcp,none,none,,1,27468,512,584,1785153463928617000,1785153463928617000,1785153463928617000,1785153463928618000,1785153463928710000,1785153463928714000,1785153463928714000,1785153463928714000,121932490,121652369,-188.121,0.000,0.000,1.000,4.000,0.000,0.000,34.000,0,0,0
B3_zmq_pushpull,zmq_tcp,none,none,,1,27469,512,584,1785153463929619000,1785153463929619000,1785153463929619000,1785153463929620000,1785153463929712000,1785153463929715000,1785153463929715000,1785153463929715000,121932490,121652369,-188.121,0.000,0.000,1.000,3.000,0.000,0.000,0.000,0,0,0
B3_zmq_pushpull,zmq_tcp,none,none,,1,27470,512,584,1785153463930617000,1785153463930617000,1785153463930617000,1785153463930618000,1785153463930714000,1785153463930718000,1785153463930718000,1785153463930718000,121932490,121652369,-184.121,0.000,0.000,1.000,4.000,0.000,0.000,4.000,0,0,0
B3_zmq_pushpull,zmq_tcp,none,none,,1,27471,512,584,1785153463931617000,1785153463931617000,1785153463931617000,1785153463931618000,1785153463931684000,1785153463931687000,1785153463931687000,1785153463931687000,121932490,121652369,-214.121,0.000,0.000,1.000,3.000,0.000,0.000,30.000,0,0,0
B3_zmq_pushpull,zmq_tcp,none,none,,1,27472,512,584,1785153463932617000,1785153463932617000,1785153463932617000,1785153463932618000,1785153463932786000,1785153463932789000,1785153463932789000,1785153463932789000,121932490,121652369,-112.121,0.000,0.000,1.000,3.000,0.000,0.000,102.000,0,0,0
B3_zmq_pushpull,zmq_tcp,none,none,,1,27473,512,584,1785153463933493000,1785153463933493000,1785153463933493000,1785153463933494000,1785153463933650000,1785153463933653000,1785153463933653000,1785153463933653000,121932490,121652369,-124.121,0.000,0.000,1.000,3.000,0.000,0.000,12.000,0,0,0
B3_zmq_pushpull,zmq_tcp,none,none,,1,27474,512,584,1785153463934488000,1785153463934488000,1785153463934488000,1785153463934489000,1785153463934642000,1785153463934645000,1785153463934645000,1785153463934645000,121932490,121652369,-127.121,0.000,0.000,1.000,3.000,0.000,0.000,3.000,0,0,0
B3_zmq_pushpull,zmq_tcp,none,none,,1,27475,512,584,1785153463935489000,1785153463935489000,1785153463935490000,1785153463935490000,1785153463935648000,1785153463935651000,1785153463935651000,1785153463935651000,121932490,121652369,-122.121,0.000,1.000,0.000,3.000,0.000,0.000,5.000,0,0,0
B3_zmq_pushpull,zmq_tcp,none,none,,1,27476,512,584,1785153463936477000,1785153463936477000,1785153463936478000,1785153463936479000,1785153463936634000,1785153463936637000,1785153463936637000,1785153463936637000,121932490,121652369,-125.121,0.000,1.000,1.000,3.000,0.000,0.000,3.000,0,0,0
B3_zmq_pushpull,zmq_tcp,none,none,,1,27477,512,584,1785153463937654000,1785153463937654000,1785153463937654000,1785153463937655000,1785153463937765000,1785153463937767000,1785153463937767000,1785153463937767000,121932490,121652369,-170.121,0.000,0.000,1.000,2.000,0.000,0.000,45.000,0,0,0
B3_zmq_pushpull,zmq_tcp,none,none,,1,27478,512,584,1785153463938608000,1785153463938608000,1785153463938608000,1785153463938609000,1785153463938746000,1785153463938749000,1785153463938749000,1785153463938749000,121932490,121652369,-143.121,0.000,0.000,1.000,3.000,0.000,0.000,27.000,0,0,0
B3_zmq_pushpull,zmq_tcp,none,none,,1,27479,512,584,1785153463939620000,1785153463939620000,1785153463939620000,1785153463939621000,1785153463939726000,1785153463939728000,1785153463939729000,1785153463939729000,121932490,121652369,-175.121,0.000,0.000,1.000,2.000,1.000,0.000,32.000,0,0,0
B3_zmq_pushpull,zmq_tcp,none,none,,1,27480,512,584,1785153463940614000,1785153463940614000,1785153463940614000,1785153463940615000,1785153463940706000,1785153463940709000,1785153463940709000,1785153463940709000,121932490,121652369,-189.121,0.000,0.000,1.000,3.000,0.000,0.000,14.000,0,0,0
B3_zmq_pushpull,zmq_tcp,none,none,,1,27481,512,584,1785153463941432000,1785153463941432000,1785153463941432000,1785153463941433000,1785153463941579000,1785153463941582000,1785153463941582000,1785153463941582000,121932490,121652369,-134.121,0.000,0.000,1.000,3.000,0.000,0.000,55.000,0,0,0
B3_zmq_pushpull,zmq_tcp,none,none,,1,27482,512,584,1785153463942422000,1785153463942422000,1785153463942422000,1785153463942423000,1785153463942578000,1785153463942581000,1785153463942581000,1785153463942581000,121932490,121652369,-125.121,0.000,0.000,1.000,3.000,0.000,0.000,9.000,0,0,0
B3_zmq_pushpull,zmq_tcp,none,none,,1,27483,512,584,1785153463943544000,1785153463943544000,1785153463943544000,1785153463943545000,1785153463943702000,1785153463943704000,1785153463943704000,1785153463943705000,121932490,121652369,-123.121,0.000,0.000,1.000,2.000,0.000,1.000,2.000,0,0,0
B3_zmq_pushpull,zmq_tcp,none,none,,1,27484,512,584,1785153463944518000,1785153463944518000,1785153463944518000,1785153463944519000,1785153463944679000,1785153463944682000,1785153463944683000,1785153463944683000,121932490,121652369,-120.121,0.000,0.000,1.000,3.000,1.000,0.000,3.000,0,0,0
B3_zmq_pushpull,zmq_tcp,none,none,,1,27485,512,584,1785153463945520000,1785153463945521000,1785153463945521000,1785153463945522000,1785153463945663000,1785153463945667000,1785153463945667000,1785153463945667000,121932490,121652369,-139.121,1.000,0.000,1.000,4.000,0.000,0.000,19.000,0,0,0
B3_zmq_pushpull,zmq_tcp,none,none,,1,27486,512,584,1785153463946483000,1785153463946483000,1785153463946483000,1785153463946484000,1785153463946625000,1785153463946628000,1785153463946628000,1785153463946628000,121932490,121652369,-139.121,0.000,0.000,1.000,3.000,0.000,0.000,0.000,0,0,0
B3_zmq_pushpull,zmq_tcp,none,none,,1,27487,512,584,1785153463947441000,1785153463947441000,1785153463947442000,1785153463947442000,1785153463947594000,1785153463947596000,1785153463947596000,1785153463947597000,121932490,121652369,-128.121,0.000,1.000,0.000,2.000,0.000,1.000,11.000,0,0,0
B3_zmq_pushpull,zmq_tcp,none,none,,1,27488,512,584,1785153463948428000,1785153463948428000,1785153463948428000,1785153463948429000,1785153463948586000,1785153463948588000,1785153463948588000,1785153463948589000,121932490,121652369,-123.121,0.000,0.000,1.000,2.000,0.000,1.000,5.000,0,0,0
B3_zmq_pushpull,zmq_tcp,none,none,,1,27489,512,584,1785153463949419000,1785153463949420000,1785153463949420000,1785153463949421000,1785153463949563000,1785153463949566000,1785153463949566000,1785153463949566000,121932490,121652369,-138.121,1.000,0.000,1.000,3.000,0.000,0.000,15.000,0,0,0
B3_zmq_pushpull,zmq_tcp,none,none,,1,27490,512,584,1785153463950534000,1785153463950534000,1785153463950534000,1785153463950535000,1785153463950691000,1785153463950694000,1785153463950694000,1785153463950694000,121932490,121652369,-124.121,0.000,0.000,1.000,3.000,0.000,0.000,14.000,0,0,0
B3_zmq_pushpull,zmq_tcp,none,none,,1,27491,512,584,1785153463951509000,1785153463951509000,1785153463951510000,1785153463951511000,1785153463951671000,1785153463951674000,1785153463951674000,1785153463951675000,121932490,121652369,-120.121,0.000,1.000,1.000,3.000,0.000,1.000,4.000,0,0,0
B3_zmq_pushpull,zmq_tcp,none,none,,1,27492,512,584,1785153463952645000,1785153463952645000,1785153463952645000,1785153463952646000,1785153463952805000,1785153463952808000,1785153463952808000,1785153463952808000,121932490,121652369,-121.121,0.000,0.000,1.000,3.000,0.000,0.000,1.000,0,0,0
B3_zmq_pushpull,zmq_tcp,none,none,,1,27493,512,584,1785153463953612000,1785153463953612000,1785153463953612000,1785153463953613000,1785153463953786000,1785153463953790000,1785153463953790000,1785153463953790000,121932490,121652369,-107.121,0.000,0.000,1.000,4.000,0.000,0.000,14.000,0,0,0
B3_zmq_pushpull,zmq_tcp,none,none,,1,27494,512,584,1785153463954616000,1785153463954616000,1785153463954616000,1785153463954617000,1785153463954656000,1785153463954660000,1785153463954660000,1785153463954660000,121932490,121652369,-241.121,0.000,0.000,1.000,4.000,0.000,0.000,134.000,0,0,0
B3_zmq_pushpull,zmq_tcp,none,none,,1,27495,512,584,1785153463955619000,1785153463955619000,1785153463955619000,1785153463955620000,1785153463955804000,1785153463955807000,1785153463955807000,1785153463955807000,121932490,121652369,-96.121,0.000,0.000,1.000,3.000,0.000,0.000,145.000,0,0,0
B3_zmq_pushpull,zmq_tcp,none,none,,1,27496,512,584,1785153463956617000,1785153463956618000,1785153463956618000,1785153463956619000,1785153463956807000,1785153463956810000,1785153463956811000,1785153463956811000,121932490,121652369,-92.121,1.000,0.000,1.000,3.000,1.000,0.000,4.000,0,0,0
B3_zmq_pushpull,zmq_tcp,none,none,,1,27497,512,584,1785153463957617000,1785153463957618000,1785153463957618000,1785153463957619000,1785153463957671000,1785153463957675000,1785153463957675000,1785153463957675000,121932490,121652369,-228.121,1.000,0.000,1.000,4.000,0.000,0.000,136.000,0,0,0
B3_zmq_pushpull,zmq_tcp,none,none,,1,27498,512,584,1785153463958618000,1785153463958619000,1785153463958619000,1785153463958620000,1785153463958674000,1785153463958677000,1785153463958677000,1785153463958677000,121932490,121652369,-226.121,1.000,0.000,1.000,3.000,0.000,0.000,2.000,0,0,0
B3_zmq_pushpull,zmq_tcp,none,none,,1,27499,512,584,1785153463959618000,1785153463959618000,1785153463959618000,1785153463959619000,1785153463959678000,1785153463959685000,1785153463959685000,1785153463959685000,121932490,121652369,-221.121,0.000,0.000,1.000,7.000,0.000,0.000,5.000,0,0,0
B3_zmq_pushpull,zmq_tcp,none,none,,1,27500,512,584,1785153463960619000,1785153463960619000,1785153463960619000,1785153463960620000,1785153463960681000,1785153463960685000,1785153463960685000,1785153463960685000,121932490,121652369,-219.121,0.000,0.000,1.000,4.000,0.000,0.000,2.000,0,0,0
B3_zmq_pushpull,zmq_tcp,none,none,,1,27501,512,584,1785153463961615000,1785153463961616000,1785153463961616000,1785153463961617000,1785153463961687000,1785153463961690000,1785153463961690000,1785153463961690000,121932490,121652369,-210.121,1.000,0.000,1.000,3.000,0.000,0.000,9.000,0,0,0
B3_zmq_pushpull,zmq_tcp,none,none,,1,27502,512,584,1785153463962619000,1785153463962619000,1785153463962620000,1785153463962620000,1785153463962688000,1785153463962691000,1785153463962691000,1785153463962691000,121932490,121652369,-212.121,0.000,1.000,0.000,3.000,0.000,0.000,2.000,0,0,0
B3_zmq_pushpull,zmq_tcp,none,none,,1,27503,512,584,1785153463963618000,1785153463963618000,1785153463963618000,1785153463963619000,1785153463963684000,1785153463963687000,1785153463963687000,1785153463963687000,121932490,121652369,-215.121,0.000,0.000,1.000,3.000,0.000,0.000,3.000,0,0,0
B3_zmq_pushpull,zmq_tcp,none,none,,1,27504,512,584,1785153463964619000,1785153463964619000,1785153463964619000,1785153463964620000,1785153463964679000,1785153463964682000,1785153463964683000,1785153463964683000,121932490,121652369,-221.121,0.000,0.000,1.000,3.000,1.000,0.000,6.000,0,0,0
B3_zmq_pushpull,zmq_tcp,none,none,,1,27505,512,584,1785153463965618000,1785153463965618000,1785153463965618000,1785153463965619000,1785153463965687000,1785153463965690000,1785153463965690000,1785153463965690000,121932490,121652369,-212.121,0.000,0.000,1.000,3.000,0.000,0.000,9.000,0,0,0
B3_zmq_pushpull,zmq_tcp,none,none,,1,27506,512,584,1785153463966619000,1785153463966619000,1785153463966619000,1785153463966620000,1785153463966683000,1785153463966686000,1785153463966686000,1785153463966686000,121932490,121652369,-217.121,0.000,0.000,1.000,3.000,0.000,0.000,5.000,0,0,0
B3_zmq_pushpull,zmq_tcp,none,none,,1,27507,512,584,1785153463967618000,1785153463967618000,1785153463967618000,1785153463967619000,1785153463967673000,1785153463967676000,1785153463967676000,1785153463967676000,121932490,121652369,-226.121,0.000,0.000,1.000,3.000,0.000,0.000,9.000,0,0,0
B3_zmq_pushpull,zmq_tcp,none,none,,1,27508,512,584,1785153463968618000,1785153463968618000,1785153463968618000,1785153463968619000,1785153463968672000,1785153463968675000,1785153463968675000,1785153463968675000,121932490,121652369,-227.121,0.000,0.000,1.000,3.000,0.000,0.000,1.000,0,0,0
B3_zmq_pushpull,zmq_tcp,none,none,,1,27509,512,584,1785153463969616000,1785153463969616000,1785153463969616000,1785153463969617000,1785153463969683000,1785153463969686000,1785153463969686000,1785153463969686000,121932490,121652369,-214.121,0.000,0.000,1.000,3.000,0.000,0.000,13.000,0,0,0
B3_zmq_pushpull,zmq_tcp,none,none,,1,27510,512,584,1785153463970624000,1785153463970624000,1785153463970624000,1785153463970625000,1785153463970675000,1785153463970678000,1785153463970678000,1785153463970678000,121932490,121652369,-230.121,0.000,0.000,1.000,3.000,0.000,0.000,16.000,0,0,0
B3_zmq_pushpull,zmq_tcp,none,none,,1,27511,512,584,1785153463971521000,1785153463971521000,1785153463971521000,1785153463971522000,1785153463971676000,1785153463971679000,1785153463971679000,1785153463971679000,121932490,121652369,-126.121,0.000,0.000,1.000,3.000,0.000,0.000,104.000,0,0,0
B3_zmq_pushpull,zmq_tcp,none,none,,1,27512,512,584,1785153463972645000,1785153463972645000,1785153463972645000,1785153463972646000,1785153463972823000,1785153463972826000,1785153463972826000,1785153463972826000,121932490,121652369,-103.121,0.000,0.000,1.000,3.000,0.000,0.000,23.000,0,0,0
B3_zmq_pushpull,zmq_tcp,none,none,,1,27513,512,584,1785153463973538000,1785153463973538000,1785153463973538000,1785153463973539000,1785153463973683000,1785153463973686000,1785153463973686000,1785153463973686000,121932490,121652369,-136.121,0.000,0.000,1.000,3.000,0.000,0.000,33.000,0,0,0
B3_zmq_pushpull,zmq_tcp,none,none,,1,27514,512,584,1785153463974638000,1785153463974638000,1785153463974638000,1785153463974639000,1785153463974669000,1785153463974673000,1785153463974673000,1785153463974673000,121932490,121652369,-250.121,0.000,0.000,1.000,4.000,0.000,0.000,114.000,0,0,0
B3_zmq_pushpull,zmq_tcp,none,none,,1,27515,512,584,1785153463975613000,1785153463975613000,1785153463975613000,1785153463975614000,1785153463975653000,1785153463975656000,1785153463975656000,1785153463975656000,121932490,121652369,-241.121,0.000,0.000,1.000,3.000,0.000,0.000,9.000,0,0,0
B3_zmq_pushpull,zmq_tcp,none,none,,1,27516,512,584,1785153463976620000,1785153463976620000,1785153463976620000,1785153463976621000,1785153463976799000,1785153463976802000,1785153463976802000,1785153463976802000,121932490,121652369,-102.121,0.000,0.000,1.000,3.000,0.000,0.000,139.000,0,0,0
B3_zmq_pushpull,zmq_tcp,none,none,,1,27517,512,584,1785153463977617000,1785153463977617000,1785153463977617000,1785153463977618000,1785153463977663000,1785153463977666000,1785153463977666000,1785153463977666000,121932490,121652369,-235.121,0.000,0.000,1.000,3.000,0.000,0.000,133.000,0,0,0
B3_zmq_pushpull,zmq_tcp,none,none,,1,27518,512,584,1785153463978526000,1785153463978526000,1785153463978526000,1785153463978527000,1785153463978663000,1785153463978666000,1785153463978666000,1785153463978666000,121932490,121652369,-144.121,0.000,0.000,1.000,3.000,0.000,0.000,91.000,0,0,0
B3_zmq_pushpull,zmq_tcp,none,none,,1,27519,512,584,1785153463979505000,1785153463979505000,1785153463979505000,1785153463979506000,1785153463979663000,1785153463979666000,1785153463979666000,1785153463979666000,121932490,121652369,-123.121,0.000,0.000,1.000,3.000,0.000,0.000,21.000,0,0,0
B3_zmq_pushpull,zmq_tcp,none,none,,1,27520,512,584,1785153463980520000,1785153463980520000,1785153463980520000,1785153463980521000,1785153463980674000,1785153463980677000,1785153463980677000,1785153463980677000,121932490,121652369,-127.121,0.000,0.000,1.000,3.000,0.000,0.000,4.000,0,0,0
B3_zmq_pushpull,zmq_tcp,none,none,,1,27521,512,584,1785153463981524000,1785153463981524000,1785153463981524000,1785153463981525000,1785153463981680000,1785153463981683000,1785153463981683000,1785153463981683000,121932490,121652369,-125.121,0.000,0.000,1.000,3.000,0.000,0.000,2.000,0,0,0
B3_zmq_pushpull,zmq_tcp,none,none,,1,27522,512,584,1785153463982642000,1785153463982642000,1785153463982642000,1785153463982643000,1785153463982692000,1785153463982695000,1785153463982695000,1785153463982695000,121932490,121652369,-231.121,0.000,0.000,1.000,3.000,0.000,0.000,106.000,0,0,0
B3_zmq_pushpull,zmq_tcp,none,none,,1,27523,512,584,1785153463983613000,1785153463983613000,1785153463983613000,1785153463983614000,1785153463983706000,1785153463983708000,1785153463983708000,1785153463983709000,121932490,121652369,-188.121,0.000,0.000,1.000,2.000,0.000,1.000,43.000,0,0,0
B3_zmq_pushpull,zmq_tcp,none,none,,1,27524,512,584,1785153463984447000,1785153463984447000,1785153463984447000,1785153463984448000,1785153463984560000,1785153463984563000,1785153463984563000,1785153463984563000,121932490,121652369,-168.121,0.000,0.000,1.000,3.000,0.000,0.000,20.000,0,0,0
B3_zmq_pushpull,zmq_tcp,none,none,,1,27525,512,584,1785153463985661000,1785153463985661000,1785153463985661000,1785153463985662000,1785153463985856000,1785153463985859000,1785153463985859000,1785153463985859000,121932490,121652369,-86.121,0.000,0.000,1.000,3.000,0.000,0.000,82.000,0,0,0
B3_zmq_pushpull,zmq_tcp,none,none,,1,27526,512,584,1785153463986607000,1785153463986607000,1785153463986607000,1785153463986608000,1785153463986722000,1785153463986724000,1785153463986724000,1785153463986724000,121932490,121652369,-166.121,0.000,0.000,1.000,2.000,0.000,0.000,80.000,0,0,0
B3_zmq_pushpull,zmq_tcp,none,none,,1,27527,512,584,1785153463987625000,1785153463987625000,1785153463987625000,1785153463987626000,1785153463987690000,1785153463987694000,1785153463987695000,1785153463987695000,121932490,121652369,-216.121,0.000,0.000,1.000,4.000,1.000,0.000,50.000,0,0,0
B3_zmq_pushpull,zmq_tcp,none,none,,1,27528,512,584,1785153463988545000,1785153463988546000,1785153463988546000,1785153463988547000,1785153463988703000,1785153463988706000,1785153463988706000,1785153463988706000,121932490,121652369,-124.121,1.000,0.000,1.000,3.000,0.000,0.000,92.000,0,0,0
B3_zmq_pushpull,zmq_tcp,none,none,,1,27529,512,584,1785153463989431000,1785153463989432000,1785153463989432000,1785153463989433000,1785153463989576000,1785153463989579000,1785153463989579000,1785153463989579000,121932490,121652369,-137.121,1.000,0.000,1.000,3.000,0.000,0.000,13.000,0,0,0
B3_zmq_pushpull,zmq_tcp,none,none,,1,27530,512,584,1785153463990425000,1785153463990425000,1785153463990425000,1785153463990426000,1785153463990583000,1785153463990586000,1785153463990586000,1785153463990586000,121932490,121652369,-123.121,0.000,0.000,1.000,3.000,0.000,0.000,14.000,0,0,0
B3_zmq_pushpull,zmq_tcp,none,none,,1,27531,512,584,1785153463991426000,1785153463991426000,1785153463991426000,1785153463991427000,1785153463991571000,1785153463991575000,1785153463991575000,1785153463991575000,121932490,121652369,-136.121,0.000,0.000,1.000,4.000,0.000,0.000,13.000,0,0,0
B3_zmq_pushpull,zmq_tcp,none,none,,1,27532,512,584,1785153463992667000,1785153463992667000,1785153463992667000,1785153463992668000,1785153463992820000,1785153463992823000,1785153463992823000,1785153463992823000,121932490,121652369,-128.121,0.000,0.000,1.000,3.000,0.000,0.000,8.000,0,0,0
B3_zmq_pushpull,zmq_tcp,none,none,,1,27533,512,584,1785153463993524000,1785153463993524000,1785153463993524000,1785153463993525000,1785153463993682000,1785153463993684000,1785153463993684000,1785153463993684000,121932490,121652369,-123.121,0.000,0.000,1.000,2.000,0.000,0.000,5.000,0,0,0
B3_zmq_pushpull,zmq_tcp,none,none,,1,27534,512,584,1785153463994562000,1785153463994562000,1785153463994562000,1785153463994563000,1785153463994676000,1785153463994679000,1785153463994679000,1785153463994679000,121932490,121652369,-167.121,0.000,0.000,1.000,3.000,0.000,0.000,44.000,0,0,0
B3_zmq_pushpull,zmq_tcp,none,none,,1,27535,512,584,1785153463995629000,1785153463995629000,1785153463995629000,1785153463995630000,1785153463995671000,1785153463995674000,1785153463995674000,1785153463995674000,121932490,121652369,-239.121,0.000,0.000,1.000,3.000,0.000,0.000,72.000,0,0,0
B3_zmq_pushpull,zmq_tcp,none,none,,1,27536,512,584,1785153463996616000,1785153463996616000,1785153463996616000,1785153463996617000,1785153463996659000,1785153463996663000,1785153463996663000,1785153463996663000,121932490,121652369,-238.121,0.000,0.000,1.000,4.000,0.000,0.000,1.000,0,0,0
B3_zmq_pushpull,zmq_tcp,none,none,,1,27537,512,584,1785153463997479000,1785153463997480000,1785153463997480000,1785153463997481000,1785153463997632000,1785153463997634000,1785153463997634000,1785153463997634000,121932490,121652369,-129.121,1.000,0.000,1.000,2.000,0.000,0.000,109.000,0,0,0
B3_zmq_pushpull,zmq_tcp,none,none,,1,27538,512,584,1785153463998655000,1785153463998655000,1785153463998656000,1785153463998656000,1785153463998764000,1785153463998767000,1785153463998767000,1785153463998767000,121932490,121652369,-172.121,0.000,1.000,0.000,3.000,0.000,0.000,43.000,0,0,0
B3_zmq_pushpull,zmq_tcp,none,none,,1,27539,512,584,1785153463999607000,1785153463999607000,1785153463999607000,1785153463999608000,1785153463999767000,1785153463999770000,1785153463999770000,1785153463999770000,121932490,121652369,-121.121,0.000,0.000,1.000,3.000,0.000,0.000,51.000,0,0,0
B3_zmq_pushpull,zmq_tcp,none,none,,1,27540,512,584,1785153464000622000,1785153464000622000,1785153464000622000,1785153464000623000,1785153464000780000,1785153464000783000,1785153464000783000,1785153464000783000,121932490,121652369,-123.121,0.000,0.000,1.000,3.000,0.000,0.000,2.000,0,0,0
B3_zmq_pushpull,zmq_tcp,none,none,,1,27541,512,584,1785153464001619000,1785153464001619000,1785153464001619000,1785153464001620000,1785153464001776000,1785153464001779000,1785153464001779000,1785153464001779000,121932490,121652369,-124.121,0.000,0.000,1.000,3.000,0.000,0.000,1.000,0,0,0
B3_zmq_pushpull,zmq_tcp,none,none,,1,27542,512,584,1785153464002618000,1785153464002618000,1785153464002618000,1785153464002619000,1785153464002763000,1785153464002766000,1785153464002766000,1785153464002766000,121932490,121652369,-136.121,0.000,0.000,1.000,3.000,0.000,0.000,12.000,0,0,0
B3_zmq_pushpull,zmq_tcp,none,none,,1,27543,512,584,1785153464003615000,1785153464003615000,1785153464003615000,1785153464003616000,1785153464003748000,1785153464003751000,1785153464003751000,1785153464003751000,121932490,121652369,-148.121,0.000,0.000,1.000,3.000,0.000,0.000,12.000,0,0,0
B3_zmq_pushpull,zmq_tcp,none,none,,1,27544,512,584,1785153464004619000,1785153464004619000,1785153464004619000,1785153464004620000,1785153464004760000,1785153464004763000,1785153464004763000,1785153464004763000,121932490,121652369,-140.121,0.000,0.000,1.000,3.000,0.000,0.000,8.000,0,0,0
B3_zmq_pushpull,zmq_tcp,none,none,,1,27545,512,584,1785153464005618000,1785153464005618000,1785153464005618000,1785153464005619000,1785153464005742000,1785153464005745000,1785153464005745000,1785153464005745000,121932490,121652369,-157.121,0.000,0.000,1.000,3.000,0.000,0.000,17.000,0,0,0
B3_zmq_pushpull,zmq_tcp,none,none,,1,27546,512,584,1785153464006429000,1785153464006429000,1785153464006429000,1785153464006430000,1785153464006587000,1785153464006590000,1785153464006590000,1785153464006590000,121932490,121652369,-123.121,0.000,0.000,1.000,3.000,0.000,0.000,34.000,0,0,0
B3_zmq_pushpull,zmq_tcp,none,none,,1,27547,512,584,1785153464007667000,1785153464007667000,1785153464007667000,1785153464007668000,1785153464007739000,1785153464007743000,1785153464007743000,1785153464007743000,121932490,121652369,-209.121,0.000,0.000,1.000,4.000,0.000,0.000,86.000,0,0,0
B3_zmq_pushpull,zmq_tcp,none,none,,1,27548,512,584,1785153464008444000,1785153464008445000,1785153464008445000,1785153464008446000,1785153464008598000,1785153464008601000,1785153464008601000,1785153464008601000,121932490,121652369,-128.121,1.000,0.000,1.000,3.000,0.000,0.000,81.000,0,0,0
B3_zmq_pushpull,zmq_tcp,none,none,,1,27549,512,584,1785153464009662000,1785153464009662000,1785153464009662000,1785153464009663000,1785153464009717000,1785153464009721000,1785153464009721000,1785153464009721000,121932490,121652369,-226.121,0.000,0.000,1.000,4.000,0.000,0.000,98.000,0,0,0
B3_zmq_pushpull,zmq_tcp,none,none,,1,27550,512,584,1785153464010608000,1785153464010608000,1785153464010608000,1785153464010609000,1785153464010727000,1785153464010730000,1785153464010730000,1785153464010730000,121932490,121652369,-162.121,0.000,0.000,1.000,3.000,0.000,0.000,64.000,0,0,0
B3_zmq_pushpull,zmq_tcp,none,none,,1,27551,512,584,1785153464011621000,1785153464011621000,1785153464011621000,1785153464011622000,1785153464011742000,1785153464011745000,1785153464011745000,1785153464011745000,121932490,121652369,-160.121,0.000,0.000,1.000,3.000,0.000,0.000,2.000,0,0,0
B3_zmq_pushpull,zmq_tcp,none,none,,1,27552,512,584,1785153464012621000,1785153464012621000,1785153464012621000,1785153464012622000,1785153464012751000,1785153464012754000,1785153464012754000,1785153464012754000,121932490,121652369,-151.121,0.000,0.000,1.000,3.000,0.000,0.000,9.000,0,0,0
B3_zmq_pushpull,zmq_tcp,none,none,,1,27553,512,584,1785153464013618000,1785153464013618000,1785153464013619000,1785153464013619000,1785153464013771000,1785153464013774000,1785153464013774000,1785153464013774000,121932490,121652369,-128.121,0.000,1.000,0.000,3.000,0.000,0.000,23.000,0,0,0
B3_zmq_pushpull,zmq_tcp,none,none,,1,27554,512,584,1785153464014478000,1785153464014478000,1785153464014478000,1785153464014479000,1785153464014636000,1785153464014639000,1785153464014639000,1785153464014639000,121932490,121652369,-123.121,0.000,0.000,1.000,3.000,0.000,0.000,5.000,0,0,0
B3_zmq_pushpull,zmq_tcp,none,none,,1,27555,512,584,1785153464015653000,1785153464015653000,1785153464015653000,1785153464015654000,1785153464015778000,1785153464015781000,1785153464015781000,1785153464015781000,121932490,121652369,-156.121,0.000,0.000,1.000,3.000,0.000,0.000,33.000,0,0,0
B3_zmq_pushpull,zmq_tcp,none,none,,1,27556,512,584,1785153464016610000,1785153464016611000,1785153464016611000,1785153464016612000,1785153464016771000,1785153464016774000,1785153464016775000,1785153464016775000,121932490,121652369,-121.121,1.000,0.000,1.000,3.000,1.000,0.000,35.000,0,0,0
B3_zmq_pushpull,zmq_tcp,none,none,,1,27557,512,584,1785153464017621000,1785153464017621000,1785153464017621000,1785153464017622000,1785153464017750000,1785153464017753000,1785153464017753000,1785153464017753000,121932490,121652369,-152.121,0.000,0.000,1.000,3.000,0.000,0.000,31.000,0,0,0
B3_zmq_pushpull,zmq_tcp,none,none,,1,27558,512,584,1785153464018460000,1785153464018460000,1785153464018460000,1785153464018461000,1785153464018615000,1785153464018618000,1785153464018618000,1785153464018618000,121932490,121652369,-126.121,0.000,0.000,1.000,3.000,0.000,0.000,26.000,0,0,0
B3_zmq_pushpull,zmq_tcp,none,none,,1,27559,512,584,1785153464019660000,1785153464019660000,1785153464019661000,1785153464019661000,1785153464019735000,1785153464019738000,1785153464019738000,1785153464019738000,121932490,121652369,-206.121,0.000,1.000,0.000,3.000,0.000,0.000,80.000,0,0,0
B3_zmq_pushpull,zmq_tcp,none,none,,1,27560,512,584,1785153464020607000,1785153464020608000,1785153464020608000,1785153464020609000,1785153464020735000,1785153464020738000,1785153464020738000,1785153464020738000,121932490,121652369,-154.121,1.000,0.000,1.000,3.000,0.000,0.000,52.000,0,0,0
B3_zmq_pushpull,zmq_tcp,none,none,,1,27561,512,584,1785153464021434000,1785153464021434000,1785153464021434000,1785153464021435000,1785153464021570000,1785153464021572000,1785153464021573000,1785153464021573000,121932490,121652369,-145.121,0.000,0.000,1.000,2.000,1.000,0.000,9.000,0,0,0
B3_zmq_pushpull,zmq_tcp,none,none,,1,27562,512,584,1785153464022661000,1785153464022661000,1785153464022661000,1785153464022662000,1785153464022708000,1785153464022711000,1785153464022711000,1785153464022711000,121932490,121652369,-234.121,0.000,0.000,1.000,3.000,0.000,0.000,89.000,0,0,0
B3_zmq_pushpull,zmq_tcp,none,none,,1,27563,512,584,1785153464023609000,1785153464023609000,1785153464023609000,1785153464023610000,1785153464023684000,1785153464023687000,1785153464023687000,1785153464023687000,121932490,121652369,-206.121,0.000,0.000,1.000,3.000,0.000,0.000,28.000,0,0,0
B3_zmq_pushpull,zmq_tcp,none,none,,1,27564,512,584,1785153464024621000,1785153464024621000,1785153464024621000,1785153464024622000,1785153464024674000,1785153464024677000,1785153464024677000,1785153464024677000,121932490,121652369,-228.121,0.000,0.000,1.000,3.000,0.000,0.000,22.000,0,0,0
B3_zmq_pushpull,zmq_tcp,none,none,,1,27565,512,584,1785153464025615000,1785153464025616000,1785153464025616000,1785153464025617000,1785153464025690000,1785153464025692000,1785153464025693000,1785153464025693000,121932490,121652369,-207.121,1.000,0.000,1.000,2.000,1.000,0.000,21.000,0,0,0
B3_zmq_pushpull,zmq_tcp,none,none,,1,27566,512,584,1785153464026620000,1785153464026621000,1785153464026621000,1785153464026622000,1785153464026679000,1785153464026682000,1785153464026682000,1785153464026682000,121932490,121652369,-223.121,1.000,0.000,1.000,3.000,0.000,0.000,16.000,0,0,0
B3_zmq_pushpull,zmq_tcp,none,none,,1,27567,512,584,1785153464027527000,1785153464027527000,1785153464027527000,1785153464027528000,1785153464027675000,1785153464027678000,1785153464027678000,1785153464027678000,121932490,121652369,-133.121,0.000,0.000,1.000,3.000,0.000,0.000,90.000,0,0,0
B3_zmq_pushpull,zmq_tcp,none,none,,1,27568,512,584,1785153464028644000,1785153464028644000,1785153464028644000,1785153464028645000,1785153464028822000,1785153464028824000,1785153464028824000,1785153464028824000,121932490,121652369,-103.121,0.000,0.000,1.000,2.000,0.000,0.000,30.000,0,0,0
B3_zmq_pushpull,zmq_tcp,none,none,,1,27569,512,584,1785153464029534000,1785153464029534000,1785153464029534000,1785153464029535000,1785153464029678000,1785153464029681000,1785153464029681000,1785153464029681000,121932490,121652369,-137.121,0.000,0.000,1.000,3.000,0.000,0.000,34.000,0,0,0
B3_zmq_pushpull,zmq_tcp,none,none,,1,27570,512,584,1785153464030640000,1785153464030640000,1785153464030640000,1785153464030641000,1785153464030680000,1785153464030684000,1785153464030684000,1785153464030684000,121932490,121652369,-241.121,0.000,0.000,1.000,4.000,0.000,0.000,104.000,0,0,0
B3_zmq_pushpull,zmq_tcp,none,none,,1,27571,512,584,1785153464031613000,1785153464031613000,1785153464031613000,1785153464031614000,1785153464031659000,1785153464031662000,1785153464031662000,1785153464031662000,121932490,121652369,-235.121,0.000,0.000,1.000,3.000,0.000,0.000,6.000,0,0,0
B3_zmq_pushpull,zmq_tcp,none,none,,1,27572,512,584,1785153464032512000,1785153464032512000,1785153464032512000,1785153464032513000,1785153464032654000,1785153464032657000,1785153464032657000,1785153464032657000,121932490,121652369,-139.121,0.000,0.000,1.000,3.000,0.000,0.000,96.000,0,0,0
B3_zmq_pushpull,zmq_tcp,none,none,,1,27573,512,584,1785153464033509000,1785153464033509000,1785153464033509000,1785153464033510000,1785153464033658000,1785153464033661000,1785153464033661000,1785153464033661000,121932490,121652369,-132.121,0.000,0.000,1.000,3.000,0.000,0.000,7.000,0,0,0
B3_zmq_pushpull,zmq_tcp,none,none,,1,27574,512,584,1785153464034649000,1785153464034649000,1785153464034649000,1785153464034650000,1785153464034809000,1785153464034811000,1785153464034811000,1785153464034811000,121932490,121652369,-121.121,0.000,0.000,1.000,2.000,0.000,0.000,11.000,0,0,0
B3_zmq_pushpull,zmq_tcp,none,none,,1,27575,512,584,1785153464035611000,1785153464035611000,1785153464035611000,1785153464035612000,1785153464035810000,1785153464035813000,1785153464035813000,1785153464035813000,121932490,121652369,-82.121,0.000,0.000,1.000,3.000,0.000,0.000,39.000,0,0,0
B3_zmq_pushpull,zmq_tcp,none,none,,1,27576,512,584,1785153464036617000,1785153464036617000,1785153464036617000,1785153464036618000,1785153464036659000,1785153464036662000,1785153464036662000,1785153464036662000,121932490,121652369,-239.121,0.000,0.000,1.000,3.000,0.000,0.000,157.000,0,0,0
B3_zmq_pushpull,zmq_tcp,none,none,,1,27577,512,584,1785153464037618000,1785153464037619000,1785153464037619000,1785153464037620000,1785153464037665000,1785153464037667000,1785153464037667000,1785153464037667000,121932490,121652369,-235.121,1.000,0.000,1.000,2.000,0.000,0.000,4.000,0,0,0
B3_zmq_pushpull,zmq_tcp,none,none,,1,27578,512,584,1785153464038619000,1785153464038619000,1785153464038619000,1785153464038620000,1785153464038802000,1785153464038805000,1785153464038805000,1785153464038805000,121932490,121652369,-98.121,0.000,0.000,1.000,3.000,0.000,0.000,137.000,0,0,0
B3_zmq_pushpull,zmq_tcp,none,none,,1,27579,512,584,1785153464039507000,1785153464039507000,1785153464039507000,1785153464039508000,1785153464039655000,1785153464039658000,1785153464039658000,1785153464039658000,121932490,121652369,-133.121,0.000,0.000,1.000,3.000,0.000,0.000,35.000,0,0,0
B3_zmq_pushpull,zmq_tcp,none,none,,1,27580,512,584,1785153464040646000,1785153464040647000,1785153464040647000,1785153464040648000,1785153464040794000,1785153464040797000,1785153464040797000,1785153464040797000,121932490,121652369,-134.121,1.000,0.000,1.000,3.000,0.000,0.000,1.000,0,0,0
B3_zmq_pushpull,zmq_tcp,none,none,,1,27581,512,584,1785153464041480000,1785153464041480000,1785153464041480000,1785153464041481000,1785153464041631000,1785153464041634000,1785153464041634000,1785153464041634000,121932490,121652369,-130.121,0.000,0.000,1.000,3.000,0.000,0.000,4.000,0,0,0
B3_zmq_pushpull,zmq_tcp,none,none,,1,27582,512,584,1785153464042476000,1785153464042476000,1785153464042476000,1785153464042477000,1785153464042630000,1785153464042632000,1785153464042632000,1785153464042632000,121932490,121652369,-127.121,0.000,0.000,1.000,2.000,0.000,0.000,3.000,0,0,0
B3_zmq_pushpull,zmq_tcp,none,none,,1,27583,512,584,1785153464043653000,1785153464043653000,1785153464043653000,1785153464043654000,1785153464043769000,1785153464043771000,1785153464043771000,1785153464043771000,121932490,121652369,-165.121,0.000,0.000,1.000,2.000,0.000,0.000,38.000,0,0,0
B3_zmq_pushpull,zmq_tcp,none,none,,1,27584,512,584,1785153464044610000,1785153464044610000,1785153464044610000,1785153464044611000,1785153464044745000,1785153464044747000,1785153464044747000,1785153464044747000,121932490,121652369,-146.121,0.000,0.000,1.000,2.000,0.000,0.000,19.000,0,0,0
B3_zmq_pushpull,zmq_tcp,none,none,,1,27585,512,584,1785153464045621000,1785153464045621000,1785153464045621000,1785153464045622000,1785153464045723000,1785153464045726000,1785153464045726000,1785153464045726000,121932490,121652369,-179.121,0.000,0.000,1.000,3.000,0.000,0.000,33.000,0,0,0
B3_zmq_pushpull,zmq_tcp,none,none,,1,27586,512,584,1785153464046614000,1785153464046614000,1785153464046614000,1785153464046615000,1785153464046719000,1785153464046722000,1785153464046723000,1785153464046723000,121932490,121652369,-176.121,0.000,0.000,1.000,3.000,1.000,0.000,3.000,0,0,0
B3_zmq_pushpull,zmq_tcp,none,none,,1,27587,512,584,1785153464047621000,1785153464047621000,1785153464047621000,1785153464047622000,1785153464047705000,1785153464047708000,1785153464047708000,1785153464047708000,121932490,121652369,-197.121,0.000,0.000,1.000,3.000,0.000,0.000,21.000,0,0,0
B3_zmq_pushpull,zmq_tcp,none,none,,1,27588,512,584,1785153464048619000,1785153464048619000,1785153464048619000,1785153464048620000,1785153464048701000,1785153464048704000,1785153464048704000,1785153464048704000,121932490,121652369,-199.121,0.000,0.000,1.000,3.000,0.000,0.000,2.000,0,0,0
B3_zmq_pushpull,zmq_tcp,none,none,,1,27589,512,584,1785153464049423000,1785153464049423000,1785153464049423000,1785153464049424000,1785153464049582000,1785153464049585000,1785153464049585000,1785153464049585000,121932490,121652369,-122.121,0.000,0.000,1.000,3.000,0.000,0.000,77.000,0,0,0
B3_zmq_pushpull,zmq_tcp,none,none,,1,27590,512,584,1785153464050666000,1785153464050667000,1785153464050667000,1785153464050668000,1785153464050714000,1785153464050717000,1785153464050717000,1785153464050717000,121932490,121652369,-234.121,1.000,0.000,1.000,3.000,0.000,0.000,112.000,0,0,0
B3_zmq_pushpull,zmq_tcp,none,none,,1,27591,512,584,1785153464051606000,1785153464051606000,1785153464051606000,1785153464051607000,1785153464051719000,1785153464051722000,1785153464051722000,1785153464051722000,121932490,121652369,-168.121,0.000,0.000,1.000,3.000,0.000,0.000,66.000,0,0,0
B3_zmq_pushpull,zmq_tcp,none,none,,1,27592,512,584,1785153464052621000,1785153464052621000,1785153464052621000,1785153464052622000,1785153464052706000,1785153464052709000,1785153464052709000,1785153464052709000,121932490,121652369,-196.121,0.000,0.000,1.000,3.000,0.000,0.000,28.000,0,0,0
B3_zmq_pushpull,zmq_tcp,none,none,,1,27593,512,584,1785153464053432000,1785153464053433000,1785153464053433000,1785153464053434000,1785153464053578000,1785153464053581000,1785153464053581000,1785153464053581000,121932490,121652369,-136.121,1.000,0.000,1.000,3.000,0.000,0.000,60.000,0,0,0
B3_zmq_pushpull,zmq_tcp,none,none,,1,27594,512,584,1785153464054665000,1785153464054665000,1785153464054665000,1785153464054666000,1785153464054727000,1785153464054730000,1785153464054730000,1785153464054730000,121932490,121652369,-219.121,0.000,0.000,1.000,3.000,0.000,0.000,83.000,0,0,0
B3_zmq_pushpull,zmq_tcp,none,none,,1,27595,512,584,1785153464055608000,1785153464055608000,1785153464055608000,1785153464055609000,1785153464055718000,1785153464055721000,1785153464055721000,1785153464055721000,121932490,121652369,-171.121,0.000,0.000,1.000,3.000,0.000,0.000,48.000,0,0,0
B3_zmq_pushpull,zmq_tcp,none,none,,1,27596,512,584,1785153464056622000,1785153464056622000,1785153464056622000,1785153464056623000,1785153464056714000,1785153464056717000,1785153464056717000,1785153464056717000,121932490,121652369,-189.121,0.000,0.000,1.000,3.000,0.000,0.000,18.000,0,0,0
B3_zmq_pushpull,zmq_tcp,none,none,,1,27597,512,584,1785153464057546000,1785153464057546000,1785153464057546000,1785153464057547000,1785153464057690000,1785153464057693000,1785153464057693000,1785153464057693000,121932490,121652369,-137.121,0.000,0.000,1.000,3.000,0.000,0.000,52.000,0,0,0
B3_zmq_pushpull,zmq_tcp,none,none,,1,27598,512,584,1785153464058637000,1785153464058637000,1785153464058638000,1785153464058638000,1785153464058685000,1785153464058687000,1785153464058687000,1785153464058687000,121932490,121652369,-233.121,0.000,1.000,0.000,2.000,0.000,0.000,96.000,0,0,0
B3_zmq_pushpull,zmq_tcp,none,none,,1,27599,512,584,1785153464059615000,1785153464059615000,1785153464059615000,1785153464059616000,1785153464059679000,1785153464059682000,1785153464059682000,1785153464059682000,121932490,121652369,-217.121,0.000,0.000,1.000,3.000,0.000,0.000,16.000,0,0,0
B3_zmq_pushpull,zmq_tcp,none,none,,1,27600,512,584,1785153464060620000,1785153464060620000,1785153464060620000,1785153464060621000,1785153464060678000,1785153464060680000,1785153464060680000,1785153464060680000,121932490,121652369,-223.121,0.000,0.000,1.000,2.000,0.000,0.000,6.000,0,0,0
B3_zmq_pushpull,zmq_tcp,none,none,,1,27601,512,584,1785153464061616000,1785153464061616000,1785153464061616000,1785153464061617000,1785153464061685000,1785153464061688000,1785153464061688000,1785153464061688000,121932490,121652369,-212.121,0.000,0.000,1.000,3.000,0.000,0.000,11.000,0,0,0
B3_zmq_pushpull,zmq_tcp,none,none,,1,27602,512,584,1785153464062620000,1785153464062620000,1785153464062620000,1785153464062621000,1785153464062682000,1785153464062685000,1785153464062685000,1785153464062685000,121932490,121652369,-219.121,0.000,0.000,1.000,3.000,0.000,0.000,7.000,0,0,0
B3_zmq_pushpull,zmq_tcp,none,none,,1,27603,512,584,1785153464063620000,1785153464063620000,1785153464063620000,1785153464063621000,1785153464063677000,1785153464063679000,1785153464063679000,1785153464063679000,121932490,121652369,-224.121,0.000,0.000,1.000,2.000,0.000,0.000,5.000,0,0,0
B3_zmq_pushpull,zmq_tcp,none,none,,1,27604,512,584,1785153464064517000,1785153464064517000,1785153464064517000,1785153464064518000,1785153464064670000,1785153464064673000,1785153464064673000,1785153464064673000,121932490,121652369,-128.121,0.000,0.000,1.000,3.000,0.000,0.000,96.000,0,0,0
B3_zmq_pushpull,zmq_tcp,none,none,,1,27605,512,584,1785153464065641000,1785153464065642000,1785153464065642000,1785153464065643000,1785153464065810000,1785153464065813000,1785153464065813000,1785153464065813000,121932490,121652369,-113.121,1.000,0.000,1.000,3.000,0.000,0.000,15.000,0,0,0
B3_zmq_pushpull,zmq_tcp,none,none,,1,27606,512,584,1785153464066513000,1785153464066513000,1785153464066513000,1785153464066514000,1785153464066669000,1785153464066672000,1785153464066672000,1785153464066672000,121932490,121652369,-125.121,0.000,0.000,1.000,3.000,0.000,0.000,12.000,0,0,0
B3_zmq_pushpull,zmq_tcp,none,none,,1,27607,512,584,1785153464067645000,1785153464067645000,1785153464067646000,1785153464067647000,1785153464067811000,1785153464067814000,1785153464067814000,1785153464067814000,121932490,121652369,-116.121,0.000,1.000,1.000,3.000,0.000,0.000,9.000,0,0,0
B3_zmq_pushpull,zmq_tcp,none,none,,1,27608,512,584,1785153464068524000,1785153464068524000,1785153464068524000,1785153464068525000,1785153464068685000,1785153464068687000,1785153464068688000,1785153464068688000,121932490,121652369,-120.121,0.000,0.000,1.000,2.000,1.000,0.000,4.000,0,0,0
B3_zmq_pushpull,zmq_tcp,none,none,,1,27609,512,584,1785153464069643000,1785153464069644000,1785153464069644000,1785153464069645000,1785153464069822000,1785153464069825000,1785153464069825000,1785153464069825000,121932490,121652369,-103.121,1.000,0.000,1.000,3.000,0.000,0.000,17.000,0,0,0
B3_zmq_pushpull,zmq_tcp,none,none,,1,27610,512,584,1785153464070536000,1785153464070536000,1785153464070537000,1785153464070537000,1785153464070694000,1785153464070697000,1785153464070697000,1785153464070697000,121932490,121652369,-123.121,0.000,1.000,0.000,3.000,0.000,0.000,20.000,0,0,0
B3_zmq_pushpull,zmq_tcp,none,none,,1,27611,512,584,1785153464071539000,1785153464071539000,1785153464071539000,1785153464071540000,1785153464071693000,1785153464071696000,1785153464071696000,1785153464071696000,121932490,121652369,-127.121,0.000,0.000,1.000,3.000,0.000,0.000,4.000,0,0,0
B3_zmq_pushpull,zmq_tcp,none,none,,1,27612,512,584,1785153464072635000,1785153464072635000,1785153464072635000,1785153464072636000,1785153464072697000,1785153464072700000,1785153464072700000,1785153464072700000,121932490,121652369,-219.121,0.000,0.000,1.000,3.000,0.000,0.000,92.000,0,0,0
B3_zmq_pushpull,zmq_tcp,none,none,,1,27613,512,584,1785153464073525000,1785153464073525000,1785153464073525000,1785153464073526000,1785153464073680000,1785153464073683000,1785153464073683000,1785153464073683000,121932490,121652369,-126.121,0.000,0.000,1.000,3.000,0.000,0.000,93.000,0,0,0
B3_zmq_pushpull,zmq_tcp,none,none,,1,27614,512,584,1785153464074643000,1785153464074643000,1785153464074643000,1785153464074644000,1785153464074702000,1785153464074705000,1785153464074705000,1785153464074705000,121932490,121652369,-222.121,0.000,0.000,1.000,3.000,0.000,0.000,96.000,0,0,0
B3_zmq_pushpull,zmq_tcp,none,none,,1,27615,512,584,1785153464075543000,1785153464075544000,1785153464075544000,1785153464075545000,1785153464075701000,1785153464075704000,1785153464075704000,1785153464075704000,121932490,121652369,-124.121,1.000,0.000,1.000,3.000,0.000,0.000,98.000,0,0,0
B3_zmq_pushpull,zmq_tcp,none,none,,1,27616,512,584,1785153464076637000,1785153464076638000,1785153464076638000,1785153464076639000,1785153464076690000,1785153464076693000,1785153464076693000,1785153464076693000,121932490,121652369,-229.121,1.000,0.000,1.000,3.000,0.000,0.000,105.000,0,0,0
B3_zmq_pushpull,zmq_tcp,none,none,,1,27617,512,584,1785153464077548000,1785153464077548000,1785153464077548000,1785153464077549000,1785153464077709000,1785153464077712000,1785153464077712000,1785153464077712000,121932490,121652369,-120.121,0.000,0.000,1.000,3.000,0.000,0.000,109.000,0,0,0
B3_zmq_pushpull,zmq_tcp,none,none,,1,27618,512,584,1785153464078636000,1785153464078636000,1785153464078636000,1785153464078637000,1785153464078717000,1785153464078720000,1785153464078720000,1785153464078720000,121932490,121652369,-200.121,0.000,0.000,1.000,3.000,0.000,0.000,80.000,0,0,0
B3_zmq_pushpull,zmq_tcp,none,none,,1,27619,512,584,1785153464079611000,1785153464079611000,1785153464079611000,1785153464079612000,1785153464079698000,1785153464079701000,1785153464079701000,1785153464079701000,121932490,121652369,-194.121,0.000,0.000,1.000,3.000,0.000,0.000,6.000,0,0,0
B3_zmq_pushpull,zmq_tcp,none,none,,1,27620,512,584,1785153464080622000,1785153464080622000,1785153464080622000,1785153464080623000,1785153464080705000,1785153464080708000,1785153464080708000,1785153464080708000,121932490,121652369,-198.121,0.000,0.000,1.000,3.000,0.000,0.000,4.000,0,0,0
B3_zmq_pushpull,zmq_tcp,none,none,,1,27621,512,584,1785153464081619000,1785153464081619000,1785153464081619000,1785153464081620000,1785153464081733000,1785153464081735000,1785153464081736000,1785153464081736000,121932490,121652369,-167.121,0.000,0.000,1.000,2.000,1.000,0.000,31.000,0,0,0
B3_zmq_pushpull,zmq_tcp,none,none,,1,27622,512,584,1785153464082621000,1785153464082621000,1785153464082621000,1785153464082622000,1785153464082730000,1785153464082733000,1785153464082733000,1785153464082733000,121932490,121652369,-172.121,0.000,0.000,1.000,3.000,0.000,0.000,5.000,0,0,0
B3_zmq_pushpull,zmq_tcp,none,none,,1,27623,512,584,1785153464083617000,1785153464083617000,1785153464083617000,1785153464083618000,1785153464083748000,1785153464083750000,1785153464083750000,1785153464083750000,121932490,121652369,-150.121,0.000,0.000,1.000,2.000,0.000,0.000,22.000,0,0,0
B3_zmq_pushpull,zmq_tcp,none,none,,1,27624,512,584,1785153464084620000,1785153464084620000,1785153464084620000,1785153464084621000,1785153464084731000,1785153464084734000,1785153464084734000,1785153464084734000,121932490,121652369,-170.121,0.000,0.000,1.000,3.000,0.000,0.000,20.000,0,0,0
B3_zmq_pushpull,zmq_tcp,none,none,,1,27625,512,584,1785153464085617000,1785153464085617000,1785153464085617000,1785153464085618000,1785153464085729000,1785153464085732000,1785153464085732000,1785153464085732000,121932490,121652369,-169.121,0.000,0.000,1.000,3.000,0.000,0.000,1.000,0,0,0
B3_zmq_pushpull,zmq_tcp,none,none,,1,27626,512,584,1785153464086619000,1785153464086619000,1785153464086619000,1785153464086620000,1785153464086727000,1785153464086730000,1785153464086730000,1785153464086730000,121932490,121652369,-173.121,0.000,0.000,1.000,3.000,0.000,0.000,4.000,0,0,0
B3_zmq_pushpull,zmq_tcp,none,none,,1,27627,512,584,1785153464087621000,1785153464087621000,1785153464087621000,1785153464087622000,1785153464087705000,1785153464087708000,1785153464087708000,1785153464087708000,121932490,121652369,-197.121,0.000,0.000,1.000,3.000,0.000,0.000,24.000,0,0,0
B3_zmq_pushpull,zmq_tcp,none,none,,1,27628,512,584,1785153464088619000,1785153464088619000,1785153464088619000,1785153464088620000,1785153464088700000,1785153464088702000,1785153464088702000,1785153464088702000,121932490,121652369,-200.121,0.000,0.000,1.000,2.000,0.000,0.000,3.000,0,0,0
B3_zmq_pushpull,zmq_tcp,none,none,,1,27629,512,584,1785153464089620000,1785153464089620000,1785153464089620000,1785153464089621000,1785153464089826000,1785153464089829000,1785153464089829000,1785153464089829000,121932490,121652369,-75.121,0.000,0.000,1.000,3.000,0.000,0.000,125.000,0,0,0
B3_zmq_pushpull,zmq_tcp,none,none,,1,27630,512,584,1785153464090511000,1785153464090511000,1785153464090511000,1785153464090512000,1785153464090658000,1785153464090661000,1785153464090661000,1785153464090661000,121932490,121652369,-134.121,0.000,0.000,1.000,3.000,0.000,0.000,59.000,0,0,0
B3_zmq_pushpull,zmq_tcp,none,none,,1,27631,512,584,1785153464091648000,1785153464091648000,1785153464091648000,1785153464091649000,1785153464091809000,1785153464091812000,1785153464091812000,1785153464091812000,121932490,121652369,-120.121,0.000,0.000,1.000,3.000,0.000,0.000,14.000,0,0,0
B3_zmq_pushpull,zmq_tcp,none,none,,1,27632,512,584,1785153464092505000,1785153464092505000,1785153464092505000,1785153464092506000,1785153464092650000,1785153464092652000,1785153464092652000,1785153464092652000,121932490,121652369,-136.121,0.000,0.000,1.000,2.000,0.000,0.000,16.000,0,0,0
B3_zmq_pushpull,zmq_tcp,none,none,,1,27633,512,584,1785153464093646000,1785153464093646000,1785153464093646000,1785153464093647000,1785153464093780000,1785153464093782000,1785153464093782000,1785153464093782000,121932490,121652369,-147.121,0.000,0.000,1.000,2.000,0.000,0.000,11.000,0,0,0
B3_zmq_pushpull,zmq_tcp,none,none,,1,27634,512,584,1785153464094611000,1785153464094612000,1785153464094612000,1785153464094613000,1785153464094764000,1785153464094768000,1785153464094768000,1785153464094768000,121932490,121652369,-129.121,1.000,0.000,1.000,4.000,0.000,0.000,18.000,0,0,0
B3_zmq_pushpull,zmq_tcp,none,none,,1,27635,512,584,1785153464095620000,1785153464095620000,1785153464095620000,1785153464095621000,1785153464095757000,1785153464095760000,1785153464095760000,1785153464095760000,121932490,121652369,-144.121,0.000,0.000,1.000,3.000,0.000,0.000,15.000,0,0,0
B3_zmq_pushpull,zmq_tcp,none,none,,1,27636,512,584,1785153464096618000,1785153464096619000,1785153464096619000,1785153464096620000,1785153464096750000,1785153464096753000,1785153464096753000,1785153464096753000,121932490,121652369,-150.121,1.000,0.000,1.000,3.000,0.000,0.000,6.000,0,0,0
B3_zmq_pushpull,zmq_tcp,none,none,,1,27637,512,584,1785153464097619000,1785153464097619000,1785153464097619000,1785153464097620000,1785153464097723000,1785153464097726000,1785153464097726000,1785153464097726000,121932490,121652369,-177.121,0.000,0.000,1.000,3.000,0.000,0.000,27.000,0,0,0
B3_zmq_pushpull,zmq_tcp,none,none,,1,27638,512,584,1785153464098617000,1785153464098617000,1785153464098617000,1785153464098618000,1785153464098720000,1785153464098723000,1785153464098723000,1785153464098723000,121932490,121652369,-178.121,0.000,0.000,1.000,3.000,0.000,0.000,1.000,0,0,0
B3_zmq_pushpull,zmq_tcp,none,none,,1,27639,512,584,1785153464099540000,1785153464099540000,1785153464099540000,1785153464099541000,1785153464099694000,1785153464099697000,1785153464099697000,1785153464099697000,121932490,121652369,-127.121,0.000,0.000,1.000,3.000,0.000,0.000,51.000,0,0,0
B3_zmq_pushpull,zmq_tcp,none,none,,1,27640,512,584,1785153464100640000,1785153464100640000,1785153464100640000,1785153464100641000,1785153464100698000,1785153464100702000,1785153464100702000,1785153464100702000,121932490,121652369,-223.121,0.000,0.000,1.000,4.000,0.000,0.000,96.000,0,0,0
B3_zmq_pushpull,zmq_tcp,none,none,,1,27641,512,584,1785153464101611000,1785153464101611000,1785153464101611000,1785153464101612000,1785153464101701000,1785153464101704000,1785153464101704000,1785153464101704000,121932490,121652369,-191.121,0.000,0.000,1.000,3.000,0.000,0.000,32.000,0,0,0
B3_zmq_pushpull,zmq_tcp,none,none,,1,27642,512,584,1785153464102627000,1785153464102627000,1785153464102627000,1785153464102628000,1785153464102698000,1785153464102701000,1785153464102701000,1785153464102701000,121932490,121652369,-210.121,0.000,0.000,1.000,3.000,0.000,0.000,19.000,0,0,0
B3_zmq_pushpull,zmq_tcp,none,none,,1,27643,512,584,1785153464103618000,1785153464103618000,1785153464103618000,1785153464103619000,1785153464103683000,1785153464103687000,1785153464103687000,1785153464103687000,121932490,121652369,-216.121,0.000,0.000,1.000,4.000,0.000,0.000,6.000,0,0,0
B3_zmq_pushpull,zmq_tcp,none,none,,1,27644,512,584,1785153464104621000,1785153464104621000,1785153464104621000,1785153464104622000,1785153464104820000,1785153464104822000,1785153464104822000,1785153464104822000,121932490,121652369,-82.121,0.000,0.000,1.000,2.000,0.000,0.000,134.000,0,0,0
B3_zmq_pushpull,zmq_tcp,none,none,,1,27645,512,584,1785153464105530000,1785153464105530000,1785153464105530000,1785153464105531000,1785153464105689000,1785153464105694000,1785153464105695000,1785153464105695000,121932490,121652369,-122.121,0.000,0.000,1.000,5.000,1.000,0.000,40.000,0,0,0
B3_zmq_pushpull,zmq_tcp,none,none,,1,27646,512,584,1785153464106525000,1785153464106525000,1785153464106525000,1785153464106526000,1785153464106680000,1785153464106682000,1785153464106682000,1785153464106682000,121932490,121652369,-126.121,0.000,0.000,1.000,2.000,0.000,0.000,4.000,0,0,0
B3_zmq_pushpull,zmq_tcp,none,none,,1,27647,512,584,1785153464107643000,1785153464107643000,1785153464107643000,1785153464107644000,1785153464107807000,1785153464107811000,1785153464107811000,1785153464107811000,121932490,121652369,-117.121,0.000,0.000,1.000,4.000,0.000,0.000,9.000,0,0,0
B3_zmq_pushpull,zmq_tcp,none,none,,1,27648,512,584,1785153464108610000,1785153464108610000,1785153464108610000,1785153464108611000,1785153464108656000,1785153464108659000,1785153464108660000,1785153464108660000,121932490,121652369,-235.121,0.000,0.000,1.000,3.000,1.000,0.000,118.000,0,0,0
B3_zmq_pushpull,zmq_tcp,none,none,,1,27649,512,584,1785153464109622000,1785153464109622000,1785153464109622000,1785153464109623000,1785153464109787000,1785153464109789000,1785153464109789000,1785153464109789000,121932490,121652369,-116.121,0.000,0.000,1.000,2.000,0.000,0.000,119.000,0,0,0
B3_zmq_pushpull,zmq_tcp,none,none,,1,27650,512,584,1785153464110620000,1785153464110620000,1785153464110620000,1785153464110621000,1785153464110792000,1785153464110794000,1785153464110794000,1785153464110794000,121932490,121652369,-109.121,0.000,0.000,1.000,2.000,0.000,0.000,7.000,0,0,0
B3_zmq_pushpull,zmq_tcp,none,none,,1,27651,512,584,1785153464111619000,1785153464111619000,1785153464111619000,1785153464111620000,1785153464111805000,1785153464111808000,1785153464111808000,1785153464111808000,121932490,121652369,-95.121,0.000,0.000,1.000,3.000,0.000,0.000,14.000,0,0,0
B3_zmq_pushpull,zmq_tcp,none,none,,1,27652,512,584,1785153464112506000,1785153464112506000,1785153464112506000,1785153464112507000,1785153464112665000,1785153464112668000,1785153464112668000,1785153464112668000,121932490,121652369,-122.121,0.000,0.000,1.000,3.000,0.000,0.000,27.000,0,0,0
B3_zmq_pushpull,zmq_tcp,none,none,,1,27653,512,584,1785153464113647000,1785153464113647000,1785153464113647000,1785153464113648000,1785153464113814000,1785153464113817000,1785153464113817000,1785153464113817000,121932490,121652369,-114.121,0.000,0.000,1.000,3.000,0.000,0.000,8.000,0,0,0
B3_zmq_pushpull,zmq_tcp,none,none,,1,27654,512,584,1785153464114516000,1785153464114516000,1785153464114516000,1785153464114517000,1785153464114670000,1785153464114673000,1785153464114673000,1785153464114673000,121932490,121652369,-127.121,0.000,0.000,1.000,3.000,0.000,0.000,13.000,0,0,0
B3_zmq_pushpull,zmq_tcp,none,none,,1,27655,512,584,1785153464115644000,1785153464115644000,1785153464115644000,1785153464115645000,1785153464115802000,1785153464115805000,1785153464115805000,1785153464115805000,121932490,121652369,-123.121,0.000,0.000,1.000,3.000,0.000,0.000,4.000,0,0,0
B3_zmq_pushpull,zmq_tcp,none,none,,1,27656,512,584,1785153464116611000,1785153464116611000,1785153464116611000,1785153464116612000,1785153464116789000,1785153464116792000,1785153464116792000,1785153464116792000,121932490,121652369,-103.121,0.000,0.000,1.000,3.000,0.000,0.000,20.000,0,0,0
B3_zmq_pushpull,zmq_tcp,none,none,,1,27657,512,584,1785153464117621000,1785153464117621000,1785153464117621000,1785153464117622000,1785153464117763000,1785153464117765000,1785153464117765000,1785153464117765000,121932490,121652369,-139.121,0.000,0.000,1.000,2.000,0.000,0.000,36.000,0,0,0
B3_zmq_pushpull,zmq_tcp,none,none,,1,27658,512,584,1785153464118620000,1785153464118620000,1785153464118620000,1785153464118621000,1785153464118740000,1785153464118743000,1785153464118743000,1785153464118743000,121932490,121652369,-161.121,0.000,0.000,1.000,3.000,0.000,0.000,22.000,0,0,0
B3_zmq_pushpull,zmq_tcp,none,none,,1,27659,512,584,1785153464119619000,1785153464119619000,1785153464119619000,1785153464119620000,1785153464119715000,1785153464119718000,1785153464119718000,1785153464119718000,121932490,121652369,-185.121,0.000,0.000,1.000,3.000,0.000,0.000,24.000,0,0,0
B3_zmq_pushpull,zmq_tcp,none,none,,1,27660,512,584,1785153464120615000,1785153464120615000,1785153464120615000,1785153464120616000,1785153464120703000,1785153464120705000,1785153464120705000,1785153464120705000,121932490,121652369,-193.121,0.000,0.000,1.000,2.000,0.000,0.000,8.000,0,0,0
B3_zmq_pushpull,zmq_tcp,none,none,,1,27661,512,584,1785153464121619000,1785153464121619000,1785153464121619000,1785153464121620000,1785153464121670000,1785153464121673000,1785153464121673000,1785153464121673000,121932490,121652369,-230.121,0.000,0.000,1.000,3.000,0.000,0.000,37.000,0,0,0
B3_zmq_pushpull,zmq_tcp,none,none,,1,27662,512,584,1785153464122618000,1785153464122618000,1785153464122618000,1785153464122619000,1785153464122796000,1785153464122799000,1785153464122799000,1785153464122799000,121932490,121652369,-103.121,0.000,0.000,1.000,3.000,0.000,0.000,127.000,0,0,0
B3_zmq_pushpull,zmq_tcp,none,none,,1,27663,512,584,1785153464123491000,1785153464123492000,1785153464123492000,1785153464123493000,1785153464123649000,1785153464123652000,1785153464123652000,1785153464123652000,121932490,121652369,-124.121,1.000,0.000,1.000,3.000,0.000,0.000,21.000,0,0,0
B3_zmq_pushpull,zmq_tcp,none,none,,1,27664,512,584,1785153464124470000,1785153464124470000,1785153464124470000,1785153464124471000,1785153464124629000,1785153464124632000,1785153464124632000,1785153464124632000,121932490,121652369,-122.121,0.000,0.000,1.000,3.000,0.000,0.000,2.000,0,0,0
B3_zmq_pushpull,zmq_tcp,none,none,,1,27665,512,584,1785153464125655000,1785153464125655000,1785153464125655000,1785153464125656000,1785153464125737000,1785153464125740000,1785153464125740000,1785153464125740000,121932490,121652369,-199.121,0.000,0.000,1.000,3.000,0.000,0.000,77.000,0,0,0
B3_zmq_pushpull,zmq_tcp,none,none,,1,27666,512,584,1785153464126609000,1785153464126609000,1785153464126609000,1785153464126610000,1785153464126732000,1785153464126735000,1785153464126735000,1785153464126735000,121932490,121652369,-158.121,0.000,0.000,1.000,3.000,0.000,0.000,41.000,0,0,0
B3_zmq_pushpull,zmq_tcp,none,none,,1,27667,512,584,1785153464127620000,1785153464127621000,1785153464127621000,1785153464127622000,1785153464127697000,1785153464127700000,1785153464127700000,1785153464127700000,121932490,121652369,-205.121,1.000,0.000,1.000,3.000,0.000,0.000,47.000,0,0,0
B3_zmq_pushpull,zmq_tcp,none,none,,1,27668,512,584,1785153464128619000,1785153464128619000,1785153464128619000,1785153464128620000,1785153464128674000,1785153464128677000,1785153464128677000,1785153464128677000,121932490,121652369,-226.121,0.000,0.000,1.000,3.000,0.000,0.000,21.000,0,0,0
B3_zmq_pushpull,zmq_tcp,none,none,,1,27669,512,584,1785153464129485000,1785153464129485000,1785153464129485000,1785153464129486000,1785153464129640000,1785153464129643000,1785153464129643000,1785153464129643000,121932490,121652369,-126.121,0.000,0.000,1.000,3.000,0.000,0.000,100.000,0,0,0
B3_zmq_pushpull,zmq_tcp,none,none,,1,27670,512,584,1785153464130654000,1785153464130654000,1785153464130654000,1785153464130655000,1785153464130765000,1785153464130768000,1785153464130768000,1785153464130768000,121932490,121652369,-170.121,0.000,0.000,1.000,3.000,0.000,0.000,44.000,0,0,0
B3_zmq_pushpull,zmq_tcp,none,none,,1,27671,512,584,1785153464131609000,1785153464131609000,1785153464131609000,1785153464131610000,1785153464131753000,1785153464131756000,1785153464131756000,1785153464131756000,121932490,121652369,-137.121,0.000,0.000,1.000,3.000,0.000,0.000,33.000,0,0,0
B3_zmq_pushpull,zmq_tcp,none,none,,1,27672,512,584,1785153464132622000,1785153464132623000,1785153464132623000,1785153464132624000,1785153464132727000,1785153464132729000,1785153464132729000,1785153464132729000,121932490,121652369,-177.121,1.000,0.000,1.000,2.000,0.000,0.000,40.000,0,0,0
B3_zmq_pushpull,zmq_tcp,none,none,,1,27673,512,584,1785153464133618000,1785153464133618000,1785153464133618000,1785153464133619000,1785153464133694000,1785153464133697000,1785153464133697000,1785153464133697000,121932490,121652369,-205.121,0.000,0.000,1.000,3.000,0.000,0.000,28.000,0,0,0
B3_zmq_pushpull,zmq_tcp,none,none,,1,27674,512,584,1785153464134525000,1785153464134525000,1785153464134525000,1785153464134526000,1785153464134678000,1785153464134680000,1785153464134680000,1785153464134680000,121932490,121652369,-128.121,0.000,0.000,1.000,2.000,0.000,0.000,77.000,0,0,0
B3_zmq_pushpull,zmq_tcp,none,none,,1,27675,512,584,1785153464135502000,1785153464135502000,1785153464135502000,1785153464135503000,1785153464135655000,1785153464135657000,1785153464135658000,1785153464135658000,121932490,121652369,-128.121,0.000,0.000,1.000,2.000,1.000,0.000,0.000,0,0,0
B3_zmq_pushpull,zmq_tcp,none,none,,1,27676,512,584,1785153464136476000,1785153464136476000,1785153464136477000,1785153464136477000,1785153464136630000,1785153464136633000,1785153464136633000,1785153464136633000,121932490,121652369,-127.121,0.000,1.000,0.000,3.000,0.000,0.000,1.000,0,0,0
B3_zmq_pushpull,zmq_tcp,none,none,,1,27677,512,584,1785153464137457000,1785153464137457000,1785153464137457000,1785153464137459000,1785153464137604000,1785153464137607000,1785153464137607000,1785153464137607000,121932490,121652369,-135.121,0.000,0.000,2.000,3.000,0.000,0.000,8.000,0,0,0
B3_zmq_pushpull,zmq_tcp,none,none,,1,27678,512,584,1785153464138660000,1785153464138660000,1785153464138660000,1785153464138661000,1785153464138728000,1785153464138731000,1785153464138731000,1785153464138731000,121932490,121652369,-213.121,0.000,0.000,1.000,3.000,0.000,0.000,78.000,0,0,0
B3_zmq_pushpull,zmq_tcp,none,none,,1,27679,512,584,1785153464139607000,1785153464139607000,1785153464139607000,1785153464139608000,1785153464139700000,1785153464139703000,1785153464139703000,1785153464139703000,121932490,121652369,-188.121,0.000,0.000,1.000,3.000,0.000,0.000,25.000,0,0,0
B3_zmq_pushpull,zmq_tcp,none,none,,1,27680,512,584,1785153464140621000,1785153464140621000,1785153464140621000,1785153464140622000,1785153464140687000,1785153464140690000,1785153464140690000,1785153464140690000,121932490,121652369,-215.121,0.000,0.000,1.000,3.000,0.000,0.000,27.000,0,0,0
B3_zmq_pushpull,zmq_tcp,none,none,,1,27681,512,584,1785153464141618000,1785153464141618000,1785153464141618000,1785153464141619000,1785153464141778000,1785153464141780000,1785153464141780000,1785153464141780000,121932490,121652369,-121.121,0.000,0.000,1.000,2.000,0.000,0.000,94.000,0,0,0
B3_zmq_pushpull,zmq_tcp,none,none,,1,27682,512,584,1785153464142474000,1785153464142474000,1785153464142474000,1785153464142475000,1785153464142627000,1785153464142630000,1785153464142630000,1785153464142630000,121932490,121652369,-128.121,0.000,0.000,1.000,3.000,0.000,0.000,7.000,0,0,0
B3_zmq_pushpull,zmq_tcp,none,none,,1,27683,512,584,1785153464143440000,1785153464143440000,1785153464143440000,1785153464143441000,1785153464143595000,1785153464143598000,1785153464143598000,1785153464143598000,121932490,121652369,-126.121,0.000,0.000,1.000,3.000,0.000,0.000,2.000,0,0,0
B3_zmq_pushpull,zmq_tcp,none,none,,1,27684,512,584,1785153464144664000,1785153464144664000,1785153464144664000,1785153464144665000,1785153464144836000,1785153464144839000,1785153464144839000,1785153464144839000,121932490,121652369,-109.121,0.000,0.000,1.000,3.000,0.000,0.000,17.000,0,0,0
B3_zmq_pushpull,zmq_tcp,none,none,,1,27685,512,584,1785153464145607000,1785153464145607000,1785153464145607000,1785153464145608000,1785153464145807000,1785153464145810000,1785153464145810000,1785153464145810000,121932490,121652369,-81.121,0.000,0.000,1.000,3.000,0.000,0.000,28.000,0,0,0
B3_zmq_pushpull,zmq_tcp,none,none,,1,27686,512,584,1785153464146502000,1785153464146502000,1785153464146502000,1785153464146503000,1785153464146659000,1785153464146662000,1785153464146662000,1785153464146662000,121932490,121652369,-124.121,0.000,0.000,1.000,3.000,0.000,0.000,43.000,0,0,0
B3_zmq_pushpull,zmq_tcp,none,none,,1,27687,512,584,1785153464147499000,1785153464147499000,1785153464147499000,1785153464147500000,1785153464147651000,1785153464147654000,1785153464147654000,1785153464147654000,121932490,121652369,-129.121,0.000,0.000,1.000,3.000,0.000,0.000,5.000,0,0,0
B3_zmq_pushpull,zmq_tcp,none,none,,1,27688,512,584,1785153464148468000,1785153464148468000,1785153464148468000,1785153464148469000,1785153464148619000,1785153464148621000,1785153464148622000,1785153464148622000,121932490,121652369,-130.121,0.000,0.000,1.000,2.000,1.000,0.000,1.000,0,0,0
B3_zmq_pushpull,zmq_tcp,none,none,,1,27689,512,584,1785153464149446000,1785153464149447000,1785153464149447000,1785153464149448000,1785153464149599000,1785153464149601000,1785153464149602000,1785153464149602000,121932490,121652369,-129.121,1.000,0.000,1.000,2.000,1.000,0.000,1.000,0,0,0
B3_zmq_pushpull,zmq_tcp,none,none,,1,27690,512,584,1785153464150444000,1785153464150444000,1785153464150444000,1785153464150445000,1785153464150602000,1785153464150604000,1785153464150604000,1785153464150604000,121932490,121652369,-123.121,0.000,0.000,1.000,2.000,0.000,0.000,6.000,0,0,0
B3_zmq_pushpull,zmq_tcp,none,none,,1,27691,512,584,1785153464151437000,1785153464151437000,1785153464151438000,1785153464151439000,1785153464151584000,1785153464151588000,1785153464151588000,1785153464151588000,121932490,121652369,-135.121,0.000,1.000,1.000,4.000,0.000,0.000,12.000,0,0,0
B3_zmq_pushpull,zmq_tcp,none,none,,1,27692,512,584,1785153464152424000,1785153464152424000,1785153464152424000,1785153464152425000,1785153464152572000,1785153464152575000,1785153464152575000,1785153464152575000,121932490,121652369,-133.121,0.000,0.000,1.000,3.000,0.000,0.000,2.000,0,0,0
B3_zmq_pushpull,zmq_tcp,none,none,,1,27693,512,584,1785153464153667000,1785153464153667000,1785153464153667000,1785153464153668000,1785153464153828000,1785153464153831000,1785153464153831000,1785153464153831000,121932490,121652369,-120.121,0.000,0.000,1.000,3.000,0.000,0.000,13.000,0,0,0
B3_zmq_pushpull,zmq_tcp,none,none,,1,27694,512,584,1785153464154513000,1785153464154513000,1785153464154513000,1785153464154514000,1785153464154664000,1785153464154667000,1785153464154667000,1785153464154667000,121932490,121652369,-130.121,0.000,0.000,1.000,3.000,0.000,0.000,10.000,0,0,0
B3_zmq_pushpull,zmq_tcp,none,none,,1,27695,512,584,1785153464155489000,1785153464155489000,1785153464155489000,1785153464155490000,1785153464155642000,1785153464155644000,1785153464155644000,1785153464155644000,121932490,121652369,-128.121,0.000,0.000,1.000,2.000,0.000,0.000,2.000,0,0,0
B3_zmq_pushpull,zmq_tcp,none,none,,1,27696,512,584,1785153464156468000,1785153464156468000,1785153464156468000,1785153464156469000,1785153464156620000,1785153464156623000,1785153464156623000,1785153464156623000,121932490,121652369,-129.121,0.000,0.000,1.000,3.000,0.000,0.000,1.000,0,0,0
B3_zmq_pushpull,zmq_tcp,none,none,,1,27697,512,584,1785153464157443000,1785153464157443000,1785153464157443000,1785153464157444000,1785153464157592000,1785153464157595000,1785153464157595000,1785153464157595000,121932490,121652369,-132.121,0.000,0.000,1.000,3.000,0.000,0.000,3.000,0,0,0
B3_zmq_pushpull,zmq_tcp,none,none,,1,27698,512,584,1785153464158432000,1785153464158432000,1785153464158432000,1785153464158433000,1785153464158588000,1785153464158591000,1785153464158591000,1785153464158591000,121932490,121652369,-125.121,0.000,0.000,1.000,3.000,0.000,0.000,7.000,0,0,0
B3_zmq_pushpull,zmq_tcp,none,none,,1,27699,512,584,1785153464159423000,1785153464159423000,1785153464159423000,1785153464159424000,1785153464159570000,1785153464159572000,1785153464159572000,1785153464159572000,121932490,121652369,-134.121,0.000,0.000,1.000,2.000,0.000,0.000,9.000,0,0,0
B3_zmq_pushpull,zmq_tcp,none,none,,1,27700,512,584,1785153464160541000,1785153464160541000,1785153464160541000,1785153464160542000,1785153464160702000,1785153464160704000,1785153464160704000,1785153464160704000,121932490,121652369,-120.121,0.000,0.000,1.000,2.000,0.000,0.000,14.000,0,0,0
B3_zmq_pushpull,zmq_tcp,none,none,,1,27701,512,584,1785153464161637000,1785153464161637000,1785153464161637000,1785153464161638000,1785153464161683000,1785153464161687000,1785153464161687000,1785153464161687000,121932490,121652369,-235.121,0.000,0.000,1.000,4.000,0.000,0.000,115.000,0,0,0
B3_zmq_pushpull,zmq_tcp,none,none,,1,27702,512,584,1785153464162614000,1785153464162614000,1785153464162614000,1785153464162615000,1785153464162675000,1785153464162678000,1785153464162678000,1785153464162678000,121932490,121652369,-220.121,0.000,0.000,1.000,3.000,0.000,0.000,15.000,0,0,0
B3_zmq_pushpull,zmq_tcp,none,none,,1,27703,512,584,1785153464163619000,1785153464163619000,1785153464163619000,1785153464163620000,1785153464163667000,1785153464163670000,1785153464163670000,1785153464163670000,121932490,121652369,-233.121,0.000,0.000,1.000,3.000,0.000,0.000,13.000,0,0,0
B3_zmq_pushpull,zmq_tcp,none,none,,1,27704,512,584,1785153464164474000,1785153464164474000,1785153464164474000,1785153464164475000,1785153464164622000,1785153464164624000,1785153464164624000,1785153464164624000,121932490,121652369,-133.121,0.000,0.000,1.000,2.000,0.000,0.000,100.000,0,0,0
B3_zmq_pushpull,zmq_tcp,none,none,,1,27705,512,584,1785153464165654000,1785153464165654000,1785153464165654000,1785153464165655000,1785153464165740000,1785153464165743000,1785153464165743000,1785153464165743000,121932490,121652369,-195.121,0.000,0.000,1.000,3.000,0.000,0.000,62.000,0,0,0
B3_zmq_pushpull,zmq_tcp,none,none,,1,27706,512,584,1785153464166613000,1785153464166613000,1785153464166613000,1785153464166614000,1785153464166739000,1785153464166742000,1785153464166742000,1785153464166742000,121932490,121652369,-155.121,0.000,0.000,1.000,3.000,0.000,0.000,40.000,0,0,0
B3_zmq_pushpull,zmq_tcp,none,none,,1,27707,512,584,1785153464167622000,1785153464167622000,1785153464167622000,1785153464167623000,1785153464167720000,1785153464167723000,1785153464167723000,1785153464167723000,121932490,121652369,-183.121,0.000,0.000,1.000,3.000,0.000,0.000,28.000,0,0,0
B3_zmq_pushpull,zmq_tcp,none,none,,1,27708,512,584,1785153464168617000,1785153464168617000,1785153464168617000,1785153464168618000,1785153464168682000,1785153464168685000,1785153464168685000,1785153464168685000,121932490,121652369,-216.121,0.000,0.000,1.000,3.000,0.000,0.000,33.000,0,0,0
B3_zmq_pushpull,zmq_tcp,none,none,,1,27709,512,584,1785153464169618000,1785153464169618000,1785153464169618000,1785153464169619000,1785153464169776000,1785153464169779000,1785153464169779000,1785153464169779000,121932490,121652369,-123.121,0.000,0.000,1.000,3.000,0.000,0.000,93.000,0,0,0
B3_zmq_pushpull,zmq_tcp,none,none,,1,27710,512,584,1785153464170618000,1785153464170618000,1785153464170618000,1785153464170619000,1785153464170735000,1785153464170738000,1785153464170738000,1785153464170738000,121932490,121652369,-164.121,0.000,0.000,1.000,3.000,0.000,0.000,41.000,0,0,0
B3_zmq_pushpull,zmq_tcp,none,none,,1,27711,512,584,1785153464171620000,1785153464171620000,1785153464171620000,1785153464171621000,1785153464171706000,1785153464171708000,1785153464171708000,1785153464171708000,121932490,121652369,-195.121,0.000,0.000,1.000,2.000,0.000,0.000,31.000,0,0,0
B3_zmq_pushpull,zmq_tcp,none,none,,1,27712,512,584,1785153464172618000,1785153464172618000,1785153464172618000,1785153464172619000,1785153464172673000,1785153464172677000,1785153464172677000,1785153464172677000,121932490,121652369,-226.121,0.000,0.000,1.000,4.000,0.000,0.000,31.000,0,0,0
B3_zmq_pushpull,zmq_tcp,none,none,,1,27713,512,584,1785153464173505000,1785153464173505000,1785153464173505000,1785153464173506000,1785153464173664000,1785153464173667000,1785153464173667000,1785153464173667000,121932490,121652369,-122.121,0.000,0.000,1.000,3.000,0.000,0.000,104.000,0,0,0
B3_zmq_pushpull,zmq_tcp,none,none,,1,27714,512,584,1785153464174646000,1785153464174646000,1785153464174646000,1785153464174647000,1785153464174775000,1785153464174778000,1785153464174778000,1785153464174778000,121932490,121652369,-152.121,0.000,0.000,1.000,3.000,0.000,0.000,30.000,0,0,0
B3_zmq_pushpull,zmq_tcp,none,none,,1,27715,512,584,1785153464175609000,1785153464175609000,1785153464175609000,1785153464175610000,1785153464175742000,1785153464175744000,1785153464175744000,1785153464175744000,121932490,121652369,-148.121,0.000,0.000,1.000,2.000,0.000,0.000,4.000,0,0,0
B3_zmq_pushpull,zmq_tcp,none,none,,1,27716,512,584,1785153464176621000,1785153464176621000,1785153464176622000,1785153464176622000,1785153464176707000,1785153464176710000,1785153464176710000,1785153464176710000,121932490,121652369,-195.121,0.000,1.000,0.000,3.000,0.000,0.000,47.000,0,0,0
B3_zmq_pushpull,zmq_tcp,none,none,,1,27717,512,584,1785153464177620000,1785153464177620000,1785153464177620000,1785153464177621000,1785153464177659000,1785153464177662000,1785153464177662000,1785153464177662000,121932490,121652369,-242.121,0.000,0.000,1.000,3.000,0.000,0.000,47.000,0,0,0
B3_zmq_pushpull,zmq_tcp,none,none,,1,27718,512,584,1785153464178499000,1785153464178499000,1785153464178499000,1785153464178500000,1785153464178652000,1785153464178656000,1785153464178656000,1785153464178656000,121932490,121652369,-128.121,0.000,0.000,1.000,4.000,0.000,0.000,114.000,0,0,0
B3_zmq_pushpull,zmq_tcp,none,none,,1,27719,512,584,1785153464179486000,1785153464179486000,1785153464179486000,1785153464179487000,1785153464179631000,1785153464179634000,1785153464179634000,1785153464179634000,121932490,121652369,-136.121,0.000,0.000,1.000,3.000,0.000,0.000,8.000,0,0,0
B3_zmq_pushpull,zmq_tcp,none,none,,1,27720,512,584,1785153464180654000,1785153464180654000,1785153464180654000,1785153464180655000,1785153464180756000,1785153464180760000,1785153464180760000,1785153464180760000,121932490,121652369,-179.121,0.000,0.000,1.000,4.000,0.000,0.000,43.000,0,0,0
B3_zmq_pushpull,zmq_tcp,none,none,,1,27721,512,584,1785153464181610000,1785153464181611000,1785153464181611000,1785153464181612000,1785153464181735000,1785153464181738000,1785153464181738000,1785153464181738000,121932490,121652369,-157.121,1.000,0.000,1.000,3.000,0.000,0.000,22.000,0,0,0
B3_zmq_pushpull,zmq_tcp,none,none,,1,27722,512,584,1785153464182619000,1785153464182619000,1785153464182620000,1785153464182621000,1785153464182710000,1785153464182713000,1785153464182713000,1785153464182713000,121932490,121652369,-191.121,0.000,1.000,1.000,3.000,0.000,0.000,34.000,0,0,0
B3_zmq_pushpull,zmq_tcp,none,none,,1,27723,512,584,1785153464183618000,1785153464183618000,1785153464183619000,1785153464183619000,1785153464183666000,1785153464183669000,1785153464183669000,1785153464183669000,121932490,121652369,-233.121,0.000,1.000,0.000,3.000,0.000,0.000,42.000,0,0,0
B3_zmq_pushpull,zmq_tcp,none,none,,1,27724,512,584,1785153464184618000,1785153464184619000,1785153464184619000,1785153464184620000,1785153464184791000,1785153464184794000,1785153464184794000,1785153464184794000,121932490,121652369,-109.121,1.000,0.000,1.000,3.000,0.000,0.000,124.000,0,0,0
B3_zmq_pushpull,zmq_tcp,none,none,,1,27725,512,584,1785153464185623000,1785153464185623000,1785153464185623000,1785153464185624000,1785153464185783000,1785153464185786000,1785153464185786000,1785153464185786000,121932490,121652369,-121.121,0.000,0.000,1.000,3.000,0.000,0.000,12.000,0,0,0
B3_zmq_pushpull,zmq_tcp,none,none,,1,27726,512,584,1785153464186617000,1785153464186617000,1785153464186617000,1785153464186618000,1785153464186790000,1785153464186792000,1785153464186792000,1785153464186792000,121932490,121652369,-108.121,0.000,0.000,1.000,2.000,0.000,0.000,13.000,0,0,0
B3_zmq_pushpull,zmq_tcp,none,none,,1,27727,512,584,1785153464187477000,1785153464187477000,1785153464187478000,1785153464187478000,1785153464187638000,1785153464187640000,1785153464187640000,1785153464187640000,121932490,121652369,-120.121,0.000,1.000,0.000,2.000,0.000,0.000,12.000,0,0,0
B3_zmq_pushpull,zmq_tcp,none,none,,1,27728,512,584,1785153464188465000,1785153464188466000,1785153464188466000,1785153464188467000,1785153464188606000,1785153464188608000,1785153464188608000,1785153464188608000,121932490,121652369,-141.121,1.000,0.000,1.000,2.000,0.000,0.000,21.000,0,0,0
B3_zmq_pushpull,zmq_tcp,none,none,,1,27729,512,584,1785153464189654000,1785153464189654000,1785153464189654000,1785153464189655000,1785153464189699000,1785153464189703000,1785153464189703000,1785153464189703000,121932490,121652369,-236.121,0.000,0.000,1.000,4.000,0.000,0.000,95.000,0,0,0
B3_zmq_pushpull,zmq_tcp,none,none,,1,27730,512,584,1785153464190510000,1785153464190511000,1785153464190511000,1785153464190512000,1785153464190662000,1785153464190665000,1785153464190665000,1785153464190665000,121932490,121652369,-130.121,1.000,0.000,1.000,3.000,0.000,0.000,106.000,0,0,0
B3_zmq_pushpull,zmq_tcp,none,none,,1,27731,512,584,1785153464191478000,1785153464191478000,1785153464191478000,1785153464191479000,1785153464191629000,1785153464191631000,1785153464191631000,1785153464191631000,121932490,121652369,-130.121,0.000,0.000,1.000,2.000,0.000,0.000,0.000,0,0,0
B3_zmq_pushpull,zmq_tcp,none,none,,1,27732,512,584,1785153464192452000,1785153464192452000,1785153464192452000,1785153464192453000,1785153464192616000,1785153464192619000,1785153464192619000,1785153464192619000,121932490,121652369,-117.121,0.000,0.000,1.000,3.000,0.000,0.000,13.000,0,0,0
B3_zmq_pushpull,zmq_tcp,none,none,,1,27733,512,584,1785153464193662000,1785153464193662000,1785153464193662000,1785153464193663000,1785153464193858000,1785153464193860000,1785153464193860000,1785153464193860000,121932490,121652369,-85.121,0.000,0.000,1.000,2.000,0.000,0.000,32.000,0,0,0
B3_zmq_pushpull,zmq_tcp,none,none,,1,27734,512,584,1785153464194607000,1785153464194608000,1785153464194608000,1785153464194609000,1785153464194690000,1785153464194692000,1785153464194692000,1785153464194692000,121932490,121652369,-199.121,1.000,0.000,1.000,2.000,0.000,0.000,114.000,0,0,0
B3_zmq_pushpull,zmq_tcp,none,none,,1,27735,512,584,1785153464195623000,1785153464195623000,1785153464195623000,1785153464195624000,1785153464195808000,1785153464195811000,1785153464195811000,1785153464195811000,121932490,121652369,-96.121,0.000,0.000,1.000,3.000,0.000,0.000,103.000,0,0,0
B3_zmq_pushpull,zmq_tcp,none,none,,1,27736,512,584,1785153464196497000,1785153464196498000,1785153464196498000,1785153464196499000,1785153464196641000,1785153464196643000,1785153464196643000,1785153464196643000,121932490,121652369,-138.121,1.000,0.000,1.000,2.000,0.000,0.000,42.000,0,0,0
B3_zmq_pushpull,zmq_tcp,none,none,,1,27737,512,584,1785153464197649000,1785153464197649000,1785153464197649000,1785153464197650000,1785153464197729000,1785153464197732000,1785153464197732000,1785153464197732000,121932490,121652369,-201.121,0.000,0.000,1.000,3.000,0.000,0.000,63.000,0,0,0
B3_zmq_pushpull,zmq_tcp,none,none,,1,27738,512,584,1785153464198422000,1785153464198422000,1785153464198422000,1785153464198423000,1785153464198561000,1785153464198563000,1785153464198563000,1785153464198563000,121932490,121652369,-142.121,0.000,0.000,1.000,2.000,0.000,0.000,59.000,0,0,0
B3_zmq_pushpull,zmq_tcp,none,none,,1,27739,512,584,1785153464199542000,1785153464199543000,1785153464199543000,1785153464199544000,1785153464199699000,1785153464199702000,1785153464199702000,1785153464199702000,121932490,121652369,-125.121,1.000,0.000,1.000,3.000,0.000,0.000,17.000,0,0,0
B3_zmq_pushpull,zmq_tcp,none,none,,1,27740,512,584,1785153464200638000,1785153464200638000,1785153464200638000,1785153464200639000,1785153464200689000,1785153464200691000,1785153464200691000,1785153464200691000,121932490,121652369,-230.121,0.000,0.000,1.000,2.000,0.000,0.000,105.000,0,0,0
B3_zmq_pushpull,zmq_tcp,none,none,,1,27741,512,584,1785153464201617000,1785153464201617000,1785153464201617000,1785153464201618000,1785153464201805000,1785153464201807000,1785153464201807000,1785153464201807000,121932490,121652369,-93.121,0.000,0.000,1.000,2.000,0.000,0.000,137.000,0,0,0
B3_zmq_pushpull,zmq_tcp,none,none,,1,27742,512,584,1785153464202618000,1785153464202618000,1785153464202618000,1785153464202619000,1785153464202779000,1785153464202782000,1785153464202782000,1785153464202782000,121932490,121652369,-120.121,0.000,0.000,1.000,3.000,0.000,0.000,27.000,0,0,0
B3_zmq_pushpull,zmq_tcp,none,none,,1,27743,512,584,1785153464203618000,1785153464203618000,1785153464203618000,1785153464203619000,1785153464203750000,1785153464203753000,1785153464203753000,1785153464203753000,121932490,121652369,-149.121,0.000,0.000,1.000,3.000,0.000,0.000,29.000,0,0,0
B3_zmq_pushpull,zmq_tcp,none,none,,1,27744,512,584,1785153464204618000,1785153464204618000,1785153464204618000,1785153464204619000,1785153464204707000,1785153464204710000,1785153464204710000,1785153464204710000,121932490,121652369,-192.121,0.000,0.000,1.000,3.000,0.000,0.000,43.000,0,0,0
B3_zmq_pushpull,zmq_tcp,none,none,,1,27745,512,584,1785153464205617000,1785153464205617000,1785153464205617000,1785153464205618000,1785153464205701000,1785153464205703000,1785153464205703000,1785153464205703000,121932490,121652369,-197.121,0.000,0.000,1.000,2.000,0.000,0.000,5.000,0,0,0
B3_zmq_pushpull,zmq_tcp,none,none,,1,27746,512,584,1785153464206624000,1785153464206624000,1785153464206624000,1785153464206625000,1785153464206809000,1785153464206811000,1785153464206811000,1785153464206811000,121932490,121652369,-96.121,0.000,0.000,1.000,2.000,0.000,0.000,101.000,0,0,0
B3_zmq_pushpull,zmq_tcp,none,none,,1,27747,512,584,1785153464207619000,1785153464207619000,1785153464207620000,1785153464207620000,1785153464207795000,1785153464207799000,1785153464207799000,1785153464207799000,121932490,121652369,-105.121,0.000,1.000,0.000,4.000,0.000,0.000,9.000,0,0,0
B3_zmq_pushpull,zmq_tcp,none,none,,1,27748,512,584,1785153464208468000,1785153464208468000,1785153464208468000,1785153464208469000,1785153464208627000,1785153464208630000,1785153464208630000,1785153464208630000,121932490,121652369,-122.121,0.000,0.000,1.000,3.000,0.000,0.000,17.000,0,0,0
B3_zmq_pushpull,zmq_tcp,none,none,,1,27749,512,584,1785153464209658000,1785153464209658000,1785153464209658000,1785153464209659000,1785153464209739000,1785153464209742000,1785153464209742000,1785153464209742000,121932490,121652369,-200.121,0.000,0.000,1.000,3.000,0.000,0.000,78.000,0,0,0
B3_zmq_pushpull,zmq_tcp,none,none,,1,27750,512,584,1785153464210609000,1785153464210609000,1785153464210609000,1785153464210610000,1785153464210718000,1785153464210721000,1785153464210721000,1785153464210721000,121932490,121652369,-172.121,0.000,0.000,1.000,3.000,0.000,0.000,28.000,0,0,0
B3_zmq_pushpull,zmq_tcp,none,none,,1,27751,512,584,1785153464211621000,1785153464211621000,1785153464211621000,1785153464211622000,1785153464211689000,1785153464211691000,1785153464211691000,1785153464211691000,121932490,121652369,-213.121,0.000,0.000,1.000,2.000,0.000,0.000,41.000,0,0,0
B3_zmq_pushpull,zmq_tcp,none,none,,1,27752,512,584,1785153464212616000,1785153464212616000,1785153464212616000,1785153464212617000,1785153464212661000,1785153464212664000,1785153464212664000,1785153464212664000,121932490,121652369,-236.121,0.000,0.000,1.000,3.000,0.000,0.000,23.000,0,0,0
B3_zmq_pushpull,zmq_tcp,none,none,,1,27753,512,584,1785153464213622000,1785153464213622000,1785153464213622000,1785153464213623000,1785153464213677000,1785153464213679000,1785153464213679000,1785153464213679000,121932490,121652369,-226.121,0.000,0.000,1.000,2.000,0.000,0.000,10.000,0,0,0
B3_zmq_pushpull,zmq_tcp,none,none,,1,27754,512,584,1785153464214618000,1785153464214618000,1785153464214618000,1785153464214619000,1785153464214813000,1785153464214815000,1785153464214815000,1785153464214815000,121932490,121652369,-86.121,0.000,0.000,1.000,2.000,0.000,0.000,140.000,0,0,0
B3_zmq_pushpull,zmq_tcp,none,none,,1,27755,512,584,1785153464215521000,1785153464215521000,1785153464215521000,1785153464215522000,1785153464215671000,1785153464215674000,1785153464215674000,1785153464215674000,121932490,121652369,-131.121,0.000,0.000,1.000,3.000,0.000,0.000,45.000,0,0,0
B3_zmq_pushpull,zmq_tcp,none,none,,1,27756,512,584,1785153464216642000,1785153464216643000,1785153464216643000,1785153464216644000,1785153464216797000,1785153464216800000,1785153464216800000,1785153464216800000,121932490,121652369,-127.121,1.000,0.000,1.000,3.000,0.000,0.000,4.000,0,0,0
B3_zmq_pushpull,zmq_tcp,none,none,,1,27757,512,584,1785153464217613000,1785153464217613000,1785153464217613000,1785153464217614000,1785153464217754000,1785153464217757000,1785153464217757000,1785153464217757000,121932490,121652369,-140.121,0.000,0.000,1.000,3.000,0.000,0.000,13.000,0,0,0
B3_zmq_pushpull,zmq_tcp,none,none,,1,27758,512,584,1785153464218620000,1785153464218620000,1785153464218620000,1785153464218621000,1785153464218729000,1785153464218731000,1785153464218731000,1785153464218731000,121932490,121652369,-172.121,0.000,0.000,1.000,2.000,0.000,0.000,32.000,0,0,0
B3_zmq_pushpull,zmq_tcp,none,none,,1,27759,512,584,1785153464219616000,1785153464219616000,1785153464219616000,1785153464219617000,1785153464219711000,1785153464219714000,1785153464219714000,1785153464219714000,121932490,121652369,-186.121,0.000,0.000,1.000,3.000,0.000,0.000,14.000,0,0,0
B3_zmq_pushpull,zmq_tcp,none,none,,1,27760,512,584,1785153464220620000,1785153464220620000,1785153464220620000,1785153464220621000,1785153464220699000,1785153464220702000,1785153464220702000,1785153464220702000,121932490,121652369,-202.121,0.000,0.000,1.000,3.000,0.000,0.000,16.000,0,0,0
B3_zmq_pushpull,zmq_tcp,none,none,,1,27761,512,584,1785153464221621000,1785153464221621000,1785153464221621000,1785153464221622000,1785153464221690000,1785153464221693000,1785153464221693000,1785153464221693000,121932490,121652369,-212.121,0.000,0.000,1.000,3.000,0.000,0.000,10.000,0,0,0
B3_zmq_pushpull,zmq_tcp,none,none,,1,27762,512,584,1785153464222617000,1785153464222617000,1785153464222617000,1785153464222618000,1785153464222810000,1785153464222813000,1785153464222813000,1785153464222813000,121932490,121652369,-88.121,0.000,0.000,1.000,3.000,0.000,0.000,124.000,0,0,0
B3_zmq_pushpull,zmq_tcp,none,none,,1,27763,512,584,1785153464223516000,1785153464223516000,1785153464223516000,1785153464223517000,1785153464223674000,1785153464223677000,1785153464223677000,1785153464223677000,121932490,121652369,-123.121,0.000,0.000,1.000,3.000,0.000,0.000,35.000,0,0,0
B3_zmq_pushpull,zmq_tcp,none,none,,1,27764,512,584,1785153464224507000,1785153464224507000,1785153464224507000,1785153464224508000,1785153464224663000,1785153464224666000,1785153464224666000,1785153464224666000,121932490,121652369,-125.121,0.000,0.000,1.000,3.000,0.000,0.000,2.000,0,0,0
B3_zmq_pushpull,zmq_tcp,none,none,,1,27765,512,584,1785153464225481000,1785153464225482000,1785153464225482000,1785153464225483000,1785153464225634000,1785153464225637000,1785153464225637000,1785153464225637000,121932490,121652369,-129.121,1.000,0.000,1.000,3.000,0.000,0.000,4.000,0,0,0
B3_zmq_pushpull,zmq_tcp,none,none,,1,27766,512,584,1785153464226470000,1785153464226470000,1785153464226470000,1785153464226471000,1785153464226622000,1785153464226624000,1785153464226624000,1785153464226624000,121932490,121652369,-129.121,0.000,0.000,1.000,2.000,0.000,0.000,0.000,0,0,0
B3_zmq_pushpull,zmq_tcp,none,none,,1,27767,512,584,1785153464227460000,1785153464227460000,1785153464227461000,1785153464227462000,1785153464227610000,1785153464227613000,1785153464227613000,1785153464227613000,121932490,121652369,-132.121,0.000,1.000,1.000,3.000,0.000,0.000,3.000,0,0,0
B3_zmq_pushpull,zmq_tcp,none,none,,1,27768,512,584,1785153464228662000,1785153464228662000,1785153464228662000,1785153464228663000,1785153464228736000,1785153464228740000,1785153464228740000,1785153464228740000,121932490,121652369,-207.121,0.000,0.000,1.000,4.000,0.000,0.000,75.000,0,0,0
B3_zmq_pushpull,zmq_tcp,none,none,,1,27769,512,584,1785153464229607000,1785153464229607000,1785153464229607000,1785153464229608000,1785153464229713000,1785153464229715000,1785153464229715000,1785153464229715000,121932490,121652369,-175.121,0.000,0.000,1.000,2.000,0.000,0.000,32.000,0,0,0
B3_zmq_pushpull,zmq_tcp,none,none,,1,27770,512,584,1785153464230622000,1785153464230622000,1785153464230622000,1785153464230623000,1785153464230709000,1785153464230711000,1785153464230711000,1785153464230711000,121932490,121652369,-194.121,0.000,0.000,1.000,2.000,0.000,0.000,19.000,0,0,0
B3_zmq_pushpull,zmq_tcp,none,none,,1,27771,512,584,1785153464231617000,1785153464231617000,1785153464231617000,1785153464231618000,1785153464231678000,1785153464231682000,1785153464231682000,1785153464231682000,121932490,121652369,-220.121,0.000,0.000,1.000,4.000,0.000,0.000,26.000,0,0,0
B3_zmq_pushpull,zmq_tcp,none,none,,1,27772,512,584,1785153464232620000,1785153464232620000,1785153464232620000,1785153464232621000,1785153464232791000,1785153464232794000,1785153464232794000,1785153464232794000,121932490,121652369,-110.121,0.000,0.000,1.000,3.000,0.000,0.000,110.000,0,0,0
B3_zmq_pushpull,zmq_tcp,none,none,,1,27773,512,584,1785153464233620000,1785153464233620000,1785153464233620000,1785153464233621000,1785153464233765000,1785153464233767000,1785153464233767000,1785153464233767000,121932490,121652369,-136.121,0.000,0.000,1.000,2.000,0.000,0.000,26.000,0,0,0
B3_zmq_pushpull,zmq_tcp,none,none,,1,27774,512,584,1785153464234621000,1785153464234621000,1785153464234621000,1785153464234622000,1785153464234746000,1785153464234749000,1785153464234749000,1785153464234749000,121932490,121652369,-156.121,0.000,0.000,1.000,3.000,0.000,0.000,20.000,0,0,0
B3_zmq_pushpull,zmq_tcp,none,none,,1,27775,512,584,1785153464235621000,1785153464235621000,1785153464235621000,1785153464235622000,1785153464235738000,1785153464235741000,1785153464235741000,1785153464235741000,121932490,121652369,-164.121,0.000,0.000,1.000,3.000,0.000,0.000,8.000,0,0,0
B3_zmq_pushpull,zmq_tcp,none,none,,1,27776,512,584,1785153464236614000,1785153464236614000,1785153464236615000,1785153464236615000,1785153464236730000,1785153464236733000,1785153464236733000,1785153464236733000,121932490,121652369,-165.121,0.000,1.000,0.000,3.000,0.000,0.000,1.000,0,0,0
B3_zmq_pushpull,zmq_tcp,none,none,,1,27777,512,584,1785153464237622000,1785153464237622000,1785153464237622000,1785153464237623000,1785153464237724000,1785153464237727000,1785153464237727000,1785153464237727000,121932490,121652369,-179.121,0.000,0.000,1.000,3.000,0.000,0.000,14.000,0,0,0
B3_zmq_pushpull,zmq_tcp,none,none,,1,27778,512,584,1785153464238617000,1785153464238617000,1785153464238617000,1785153464238618000,1785153464238695000,1785153464238698000,1785153464238698000,1785153464238698000,121932490,121652369,-203.121,0.000,0.000,1.000,3.000,0.000,0.000,24.000,0,0,0
B3_zmq_pushpull,zmq_tcp,none,none,,1,27779,512,584,1785153464239620000,1785153464239620000,1785153464239620000,1785153464239621000,1785153464239790000,1785153464239793000,1785153464239793000,1785153464239793000,121932490,121652369,-111.121,0.000,0.000,1.000,3.000,0.000,0.000,92.000,0,0,0
B3_zmq_pushpull,zmq_tcp,none,none,,1,27780,512,584,1785153464240619000,1785153464240619000,1785153464240619000,1785153464240621000,1785153464240768000,1785153464240771000,1785153464240771000,1785153464240771000,121932490,121652369,-133.121,0.000,0.000,2.000,3.000,0.000,0.000,22.000,0,0,0
B3_zmq_pushpull,zmq_tcp,none,none,,1,27781,512,584,1785153464241621000,1785153464241621000,1785153464241621000,1785153464241622000,1785153464241749000,1785153464241752000,1785153464241752000,1785153464241752000,121932490,121652369,-153.121,0.000,0.000,1.000,3.000,0.000,0.000,20.000,0,0,0
B3_zmq_pushpull,zmq_tcp,none,none,,1,27782,512,584,1785153464242618000,1785153464242619000,1785153464242619000,1785153464242620000,1785153464242742000,1785153464242745000,1785153464242745000,1785153464242745000,121932490,121652369,-158.121,1.000,0.000,1.000,3.000,0.000,0.000,5.000,0,0,0
B3_zmq_pushpull,zmq_tcp,none,none,,1,27783,512,584,1785153464243620000,1785153464243621000,1785153464243621000,1785153464243622000,1785153464243743000,1785153464243746000,1785153464243746000,1785153464243746000,121932490,121652369,-159.121,1.000,0.000,1.000,3.000,0.000,0.000,1.000,0,0,0
B3_zmq_pushpull,zmq_tcp,none,none,,1,27784,512,584,1785153464244614000,1785153464244615000,1785153464244615000,1785153464244616000,1785153464244738000,1785153464244741000,1785153464244741000,1785153464244741000,121932490,121652369,-158.121,1.000,0.000,1.000,3.000,0.000,0.000,1.000,0,0,0
B3_zmq_pushpull,zmq_tcp,none,none,,1,27785,512,584,1785153464245620000,1785153464245620000,1785153464245620000,1785153464245621000,1785153464245726000,1785153464245729000,1785153464245729000,1785153464245729000,121932490,121652369,-175.121,0.000,0.000,1.000,3.000,0.000,0.000,17.000,0,0,0
B3_zmq_pushpull,zmq_tcp,none,none,,1,27786,512,584,1785153464246619000,1785153464246619000,1785153464246619000,1785153464246620000,1785153464246702000,1785153464246705000,1785153464246705000,1785153464246705000,121932490,121652369,-198.121,0.000,0.000,1.000,3.000,0.000,0.000,23.000,0,0,0
B3_zmq_pushpull,zmq_tcp,none,none,,1,27787,512,584,1785153464247619000,1785153464247619000,1785153464247619000,1785153464247620000,1785153464247673000,1785153464247676000,1785153464247676000,1785153464247676000,121932490,121652369,-227.121,0.000,0.000,1.000,3.000,0.000,0.000,29.000,0,0,0
B3_zmq_pushpull,zmq_tcp,none,none,,1,27788,512,584,1785153464248620000,1785153464248620000,1785153464248620000,1785153464248621000,1785153464248673000,1785153464248677000,1785153464248677000,1785153464248677000,121932490,121652369,-228.121,0.000,0.000,1.000,4.000,0.000,0.000,1.000,0,0,0
B3_zmq_pushpull,zmq_tcp,none,none,,1,27789,512,584,1785153464249618000,1785153464249619000,1785153464249619000,1785153464249620000,1785153464249787000,1785153464249790000,1785153464249790000,1785153464249790000,121932490,121652369,-113.121,1.000,0.000,1.000,3.000,0.000,0.000,115.000,0,0,0
B3_zmq_pushpull,zmq_tcp,none,none,,1,27790,512,584,1785153464250619000,1785153464250619000,1785153464250619000,1785153464250620000,1785153464250753000,1785153464250755000,1785153464250755000,1785153464250755000,121932490,121652369,-147.121,0.000,0.000,1.000,2.000,0.000,0.000,34.000,0,0,0
B3_zmq_pushpull,zmq_tcp,none,none,,1,27791,512,584,1785153464251620000,1785153464251620000,1785153464251620000,1785153464251621000,1785153464251719000,1785153464251722000,1785153464251722000,1785153464251722000,121932490,121652369,-182.121,0.000,0.000,1.000,3.000,0.000,0.000,35.000,0,0,0
B3_zmq_pushpull,zmq_tcp,none,none,,1,27792,512,584,1785153464252620000,1785153464252620000,1785153464252620000,1785153464252621000,1785153464252687000,1785153464252690000,1785153464252690000,1785153464252690000,121932490,121652369,-214.121,0.000,0.000,1.000,3.000,0.000,0.000,32.000,0,0,0
B3_zmq_pushpull,zmq_tcp,none,none,,1,27793,512,584,1785153464253619000,1785153464253619000,1785153464253619000,1785153464253620000,1785153464253666000,1785153464253670000,1785153464253670000,1785153464253670000,121932490,121652369,-234.121,0.000,0.000,1.000,4.000,0.000,0.000,20.000,0,0,0
B3_zmq_pushpull,zmq_tcp,none,none,,1,27794,512,584,1785153464254513000,1785153464254514000,1785153464254514000,1785153464254515000,1785153464254657000,1785153464254659000,1785153464254659000,1785153464254660000,121932490,121652369,-138.121,1.000,0.000,1.000,2.000,0.000,1.000,96.000,0,0,0
B3_zmq_pushpull,zmq_tcp,none,none,,1,27795,512,584,1785153464255650000,1785153464255650000,1785153464255650000,1785153464255651000,1785153464255758000,1785153464255761000,1785153464255761000,1785153464255761000,121932490,121652369,-173.121,0.000,0.000,1.000,3.000,0.000,0.000,35.000,0,0,0
B3_zmq_pushpull,zmq_tcp,none,none,,1,27796,512,584,1785153464256613000,1785153464256613000,1785153464256613000,1785153464256614000,1785153464256713000,1785153464256715000,1785153464256715000,1785153464256715000,121932490,121652369,-181.121,0.000,0.000,1.000,2.000,0.000,0.000,8.000,0,0,0
B3_zmq_pushpull,zmq_tcp,none,none,,1,27797,512,584,1785153464257620000,1785153464257620000,1785153464257620000,1785153464257621000,1785153464257693000,1785153464257696000,1785153464257696000,1785153464257696000,121932490,121652369,-208.121,0.000,0.000,1.000,3.000,0.000,0.000,27.000,0,0,0
B3_zmq_pushpull,zmq_tcp,none,none,,1,27798,512,584,1785153464258619000,1785153464258619000,1785153464258619000,1785153464258620000,1785153464258662000,1785153464258666000,1785153464258666000,1785153464258666000,121932490,121652369,-238.121,0.000,0.000,1.000,4.000,0.000,0.000,30.000,0,0,0
B3_zmq_pushpull,zmq_tcp,none,none,,1,27799,512,584,1785153464259486000,1785153464259486000,1785153464259486000,1785153464259488000,1785153464259629000,1785153464259631000,1785153464259631000,1785153464259631000,121932490,121652369,-139.121,0.000,0.000,2.000,2.000,0.000,0.000,99.000,0,0,0
B3_zmq_pushpull,zmq_tcp,none,none,,1,27800,512,584,1785153464260649000,1785153464260649000,1785153464260649000,1785153464260650000,1785153464260745000,1785153464260747000,1785153464260747000,1785153464260747000,121932490,121652369,-185.121,0.000,0.000,1.000,2.000,0.000,0.000,46.000,0,0,0
B3_zmq_pushpull,zmq_tcp,none,none,,1,27801,512,584,1785153464261613000,1785153464261613000,1785153464261613000,1785153464261614000,1785153464261721000,1785153464261723000,1785153464261723000,1785153464261723000,121932490,121652369,-173.121,0.000,0.000,1.000,2.000,0.000,0.000,12.000,0,0,0
B3_zmq_pushpull,zmq_tcp,none,none,,1,27802,512,584,1785153464262622000,1785153464262622000,1785153464262622000,1785153464262623000,1785153464262824000,1785153464262827000,1785153464262827000,1785153464262827000,121932490,121652369,-79.121,0.000,0.000,1.000,3.000,0.000,0.000,94.000,0,0,0
B3_zmq_pushpull,zmq_tcp,none,none,,1,27803,512,584,1785153464263528000,1785153464263528000,1785153464263528000,1785153464263529000,1785153464263684000,1785153464263687000,1785153464263687000,1785153464263687000,121932490,121652369,-125.121,0.000,0.000,1.000,3.000,0.000,0.000,46.000,0,0,0
B3_zmq_pushpull,zmq_tcp,none,none,,1,27804,512,584,1785153464264643000,1785153464264643000,1785153464264643000,1785153464264644000,1785153464264693000,1785153464264696000,1785153464264696000,1785153464264696000,121932490,121652369,-231.121,0.000,0.000,1.000,3.000,0.000,0.000,106.000,0,0,0
B3_zmq_pushpull,zmq_tcp,none,none,,1,27805,512,584,1785153464265614000,1785153464265614000,1785153464265614000,1785153464265615000,1785153464265673000,1785153464265676000,1785153464265676000,1785153464265676000,121932490,121652369,-222.121,0.000,0.000,1.000,3.000,0.000,0.000,9.000,0,0,0
B3_zmq_pushpull,zmq_tcp,none,none,,1,27806,512,584,1785153464266620000,1785153464266620000,1785153464266620000,1785153464266621000,1785153464266789000,1785153464266791000,1785153464266792000,1785153464266792000,121932490,121652369,-112.121,0.000,0.000,1.000,2.000,1.000,0.000,110.000,0,0,0
B3_zmq_pushpull,zmq_tcp,none,none,,1,27807,512,584,1785153464267476000,1785153464267476000,1785153464267476000,1785153464267477000,1785153464267628000,1785153464267630000,1785153464267630000,1785153464267630000,121932490,121652369,-129.121,0.000,0.000,1.000,2.000,0.000,0.000,17.000,0,0,0
B3_zmq_pushpull,zmq_tcp,none,none,,1,27808,512,584,1785153464268469000,1785153464268469000,1785153464268469000,1785153464268470000,1785153464268624000,1785153464268627000,1785153464268627000,1785153464268627000,121932490,121652369,-126.121,0.000,0.000,1.000,3.000,0.000,0.000,3.000,0,0,0
B3_zmq_pushpull,zmq_tcp,none,none,,1,27809,512,584,1785153464269661000,1785153464269661000,1785153464269661000,1785153464269662000,1785153464269749000,1785153464269752000,1785153464269752000,1785153464269752000,121932490,121652369,-193.121,0.000,0.000,1.000,3.000,0.000,0.000,67.000,0,0,0
B3_zmq_pushpull,zmq_tcp,none,none,,1,27810,512,584,1785153464270608000,1785153464270608000,1785153464270608000,1785153464270609000,1785153464270734000,1785153464270737000,1785153464270737000,1785153464270737000,121932490,121652369,-155.121,0.000,0.000,1.000,3.000,0.000,0.000,38.000,0,0,0
B3_zmq_pushpull,zmq_tcp,none,none,,1,27811,512,584,1785153464271621000,1785153464271621000,1785153464271621000,1785153464271622000,1785153464271716000,1785153464271718000,1785153464271718000,1785153464271718000,121932490,121652369,-186.121,0.000,0.000,1.000,2.000,0.000,0.000,31.000,0,0,0
B3_zmq_pushpull,zmq_tcp,none,none,,1,27812,512,584,1785153464272620000,1785153464272620000,1785153464272620000,1785153464272621000,1785153464272666000,1785153464272670000,1785153464272670000,1785153464272670000,121932490,121652369,-235.121,0.000,0.000,1.000,4.000,0.000,0.000,49.000,0,0,0
B3_zmq_pushpull,zmq_tcp,none,none,,1,27813,512,584,1785153464273619000,1785153464273619000,1785153464273619000,1785153464273620000,1785153464273776000,1785153464273779000,1785153464273779000,1785153464273779000,121932490,121652369,-124.121,0.000,0.000,1.000,3.000,0.000,0.000,111.000,0,0,0
B3_zmq_pushpull,zmq_tcp,none,none,,1,27814,512,584,1785153464274459000,1785153464274459000,1785153464274459000,1785153464274460000,1785153464274612000,1785153464274614000,1785153464274614000,1785153464274614000,121932490,121652369,-128.121,0.000,0.000,1.000,2.000,0.000,0.000,4.000,0,0,0
B3_zmq_pushpull,zmq_tcp,none,none,,1,27815,512,584,1785153464275447000,1785153464275447000,1785153464275448000,1785153464275448000,1785153464275605000,1785153464275608000,1785153464275608000,1785153464275608000,121932490,121652369,-123.121,0.000,1.000,0.000,3.000,0.000,0.000,5.000,0,0,0
B3_zmq_pushpull,zmq_tcp,none,none,,1,27816,512,584,1785153464276663000,1785153464276664000,1785153464276664000,1785153464276665000,1785153464276853000,1785153464276856000,1785153464276856000,1785153464276856000,121932490,121652369,-92.121,1.000,0.000,1.000,3.000,0.000,0.000,31.000,0,0,0
B3_zmq_pushpull,zmq_tcp,none,none,,1,27817,512,584,1785153464277526000,1785153464277527000,1785153464277527000,1785153464277528000,1785153464277685000,1785153464277688000,1785153464277688000,1785153464277688000,121932490,121652369,-123.121,1.000,0.000,1.000,3.000,0.000,0.000,31.000,0,0,0
B3_zmq_pushpull,zmq_tcp,none,none,,1,27818,512,584,1785153464278515000,1785153464278515000,1785153464278515000,1785153464278516000,1785153464278664000,1785153464278668000,1785153464278668000,1785153464278668000,121932490,121652369,-132.121,0.000,0.000,1.000,4.000,0.000,0.000,9.000,0,0,0
B3_zmq_pushpull,zmq_tcp,none,none,,1,27819,512,584,1785153464279646000,1785153464279646000,1785153464279646000,1785153464279647000,1785153464279786000,1785153464279789000,1785153464279789000,1785153464279789000,121932490,121652369,-141.121,0.000,0.000,1.000,3.000,0.000,0.000,9.000,0,0,0
B3_zmq_pushpull,zmq_tcp,none,none,,1,27820,512,584,1785153464280612000,1785153464280612000,1785153464280612000,1785153464280613000,1785153464280754000,1785153464280757000,1785153464280757000,1785153464280757000,121932490,121652369,-139.121,0.000,0.000,1.000,3.000,0.000,0.000,2.000,0,0,0
B3_zmq_pushpull,zmq_tcp,none,none,,1,27821,512,584,1785153464281619000,1785153464281619000,1785153464281619000,1785153464281620000,1785153464281728000,1785153464281730000,1785153464281730000,1785153464281730000,121932490,121652369,-172.121,0.000,0.000,1.000,2.000,0.000,0.000,33.000,0,0,0
B3_zmq_pushpull,zmq_tcp,none,none,,1,27822,512,584,1785153464282619000,1785153464282619000,1785153464282619000,1785153464282620000,1785153464282713000,1785153464282716000,1785153464282716000,1785153464282716000,121932490,121652369,-187.121,0.000,0.000,1.000,3.000,0.000,0.000,15.000,0,0,0
B3_zmq_pushpull,zmq_tcp,none,none,,1,27823,512,584,1785153464283619000,1785153464283619000,1785153464283619000,1785153464283620000,1785153464283692000,1785153464283695000,1785153464283695000,1785153464283695000,121932490,121652369,-208.121,0.000,0.000,1.000,3.000,0.000,0.000,21.000,0,0,0
B3_zmq_pushpull,zmq_tcp,none,none,,1,27824,512,584,1785153464284512000,1785153464284512000,1785153464284513000,1785153464284514000,1785153464284654000,1785153464284658000,1785153464284658000,1785153464284658000,121932490,121652369,-140.121,0.000,1.000,1.000,4.000,0.000,0.000,68.000,0,0,0
B3_zmq_pushpull,zmq_tcp,none,none,,1,27825,512,584,1785153464285481000,1785153464285481000,1785153464285481000,1785153464285482000,1785153464285625000,1785153464285628000,1785153464285628000,1785153464285628000,121932490,121652369,-137.121,0.000,0.000,1.000,3.000,0.000,0.000,3.000,0,0,0
B3_zmq_pushpull,zmq_tcp,none,none,,1,27826,512,584,1785153464286448000,1785153464286448000,1785153464286449000,1785153464286450000,1785153464286592000,1785153464286594000,1785153464286594000,1785153464286594000,121932490,121652369,-138.121,0.000,1.000,1.000,2.000,0.000,0.000,1.000,0,0,0
B3_zmq_pushpull,zmq_tcp,none,none,,1,27827,512,584,1785153464287662000,1785153464287662000,1785153464287662000,1785153464287663000,1785153464287850000,1785153464287853000,1785153464287853000,1785153464287853000,121932490,121652369,-93.121,0.000,0.000,1.000,3.000,0.000,0.000,45.000,0,0,0
B3_zmq_pushpull,zmq_tcp,none,none,,1,27828,512,584,1785153464288605000,1785153464288605000,1785153464288605000,1785153464288606000,1785153464288680000,1785153464288682000,1785153464288683000,1785153464288683000,121932490,121652369,-206.121,0.000,0.000,1.000,2.000,1.000,0.000,113.000,0,0,0
B3_zmq_pushpull,zmq_tcp,none,none,,1,27829,512,584,1785153464289623000,1785153464289623000,1785153464289623000,1785153464289624000,1785153464289795000,1785153464289798000,1785153464289798000,1785153464289798000,121932490,121652369,-109.121,0.000,0.000,1.000,3.000,0.000,0.000,97.000,0,0,0
B3_zmq_pushpull,zmq_tcp,none,none,,1,27830,512,584,1785153464290486000,1785153464290486000,1785153464290486000,1785153464290487000,1785153464290628000,1785153464290631000,1785153464290631000,1785153464290631000,121932490,121652369,-139.121,0.000,0.000,1.000,3.000,0.000,0.000,30.000,0,0,0
B3_zmq_pushpull,zmq_tcp,none,none,,1,27831,512,584,1785153464291653000,1785153464291653000,1785153464291653000,1785153464291654000,1785153464291718000,1785153464291722000,1785153464291722000,1785153464291722000,121932490,121652369,-216.121,0.000,0.000,1.000,4.000,0.000,0.000,77.000,0,0,0
B3_zmq_pushpull,zmq_tcp,none,none,,1,27832,512,584,1785153464292611000,1785153464292612000,1785153464292612000,1785153464292613000,1785153464292714000,1785153464292717000,1785153464292717000,1785153464292717000,121932490,121652369,-179.121,1.000,0.000,1.000,3.000,0.000,0.000,37.000,0,0,0
B3_zmq_pushpull,zmq_tcp,none,none,,1,27833,512,584,1785153464293621000,1785153464293621000,1785153464293622000,1785153464293622000,1785153464293701000,1785153464293704000,1785153464293704000,1785153464293704000,121932490,121652369,-201.121,0.000,1.000,0.000,3.000,0.000,0.000,22.000,0,0,0
B3_zmq_pushpull,zmq_tcp,none,none,,1,27834,512,584,1785153464294619000,1785153464294619000,1785153464294619000,1785153464294620000,1785153464294698000,1785153464294701000,1785153464294701000,1785153464294701000,121932490,121652369,-202.121,0.000,0.000,1.000,3.000,0.000,0.000,1.000,0,0,0
B3_zmq_pushpull,zmq_tcp,none,none,,1,27835,512,584,1785153464295619000,1785153464295619000,1785153464295619000,1785153464295620000,1785153464295688000,1785153464295691000,1785153464295691000,1785153464295691000,121932490,121652369,-212.121,0.000,0.000,1.000,3.000,0.000,0.000,10.000,0,0,0
B3_zmq_pushpull,zmq_tcp,none,none,,1,27836,512,584,1785153464296617000,1785153464296617000,1785153464296617000,1785153464296618000,1785153464296656000,1785153464296660000,1785153464296660000,1785153464296660000,121932490,121652369,-242.121,0.000,0.000,1.000,4.000,0.000,0.000,30.000,0,0,0
B3_zmq_pushpull,zmq_tcp,none,none,,1,27837,512,584,1785153464297620000,1785153464297620000,1785153464297620000,1785153464297621000,1785153464297760000,1785153464297762000,1785153464297762000,1785153464297762000,121932490,121652369,-141.121,0.000,0.000,1.000,2.000,0.000,0.000,101.000,0,0,0
B3_zmq_pushpull,zmq_tcp,none,none,,1,27838,512,584,1785153464298619000,1785153464298619000,1785153464298619000,1785153464298620000,1785153464298749000,1785153464298752000,1785153464298752000,1785153464298752000,121932490,121652369,-151.121,0.000,0.000,1.000,3.000,0.000,0.000,10.000,0,0,0
B3_zmq_pushpull,zmq_tcp,none,none,,1,27839,512,584,1785153464299619000,1785153464299619000,1785153464299619000,1785153464299620000,1785153464299737000,1785153464299740000,1785153464299740000,1785153464299740000,121932490,121652369,-163.121,0.000,0.000,1.000,3.000,0.000,0.000,12.000,0,0,0
B3_zmq_pushpull,zmq_tcp,none,none,,1,27840,512,584,1785153464300422000,1785153464300423000,1785153464300423000,1785153464300424000,1785153464300580000,1785153464300583000,1785153464300583000,1785153464300583000,121932490,121652369,-124.121,1.000,0.000,1.000,3.000,0.000,0.000,39.000,0,0,0
B3_zmq_pushpull,zmq_tcp,none,none,,1,27841,512,584,1785153464301668000,1785153464301668000,1785153464301668000,1785153464301669000,1785153464301721000,1785153464301724000,1785153464301724000,1785153464301724000,121932490,121652369,-228.121,0.000,0.000,1.000,3.000,0.000,0.000,104.000,0,0,0
B3_zmq_pushpull,zmq_tcp,none,none,,1,27842,512,584,1785153464302608000,1785153464302608000,1785153464302608000,1785153464302609000,1785153464302717000,1785153464302720000,1785153464302720000,1785153464302720000,121932490,121652369,-172.121,0.000,0.000,1.000,3.000,0.000,0.000,56.000,0,0,0
B3_zmq_pushpull,zmq_tcp,none,none,,1,27843,512,584,1785153464303622000,1785153464303623000,1785153464303623000,1785153464303624000,1785153464303712000,1785153464303714000,1785153464303714000,1785153464303714000,121932490,121652369,-192.121,1.000,0.000,1.000,2.000,0.000,0.000,20.000,0,0,0
B3_zmq_pushpull,zmq_tcp,none,none,,1,27844,512,584,1785153464304616000,1785153464304616000,1785153464304616000,1785153464304617000,1785153464304719000,1785153464304722000,1785153464304722000,1785153464304722000,121932490,121652369,-178.121,0.000,0.000,1.000,3.000,0.000,0.000,14.000,0,0,0
B3_zmq_pushpull,zmq_tcp,none,none,,1,27845,512,584,1785153464305621000,1785153464305622000,1785153464305622000,1785153464305623000,1785153464305715000,1785153464305719000,1785153464305719000,1785153464305719000,121932490,121652369,-188.121,1.000,0.000,1.000,4.000,0.000,0.000,10.000,0,0,0
B3_zmq_pushpull,zmq_tcp,none,none,,1,27846,512,584,1785153464306621000,1785153464306621000,1785153464306621000,1785153464306622000,1785153464306714000,1785153464306717000,1785153464306717000,1785153464306717000,121932490,121652369,-188.121,0.000,0.000,1.000,3.000,0.000,0.000,0.000,0,0,0
B3_zmq_pushpull,zmq_tcp,none,none,,1,27847,512,584,1785153464307620000,1785153464307620000,1785153464307620000,1785153464307621000,1785153464307708000,1785153464307710000,1785153464307710000,1785153464307710000,121932490,121652369,-193.121,0.000,0.000,1.000,2.000,0.000,0.000,5.000,0,0,0
B3_zmq_pushpull,zmq_tcp,none,none,,1,27848,512,584,1785153464308617000,1785153464308618000,1785153464308618000,1785153464308619000,1785153464308706000,1785153464308709000,1785153464308709000,1785153464308709000,121932490,121652369,-193.121,1.000,0.000,1.000,3.000,0.000,0.000,0.000,0,0,0
B3_zmq_pushpull,zmq_tcp,none,none,,1,27849,512,584,1785153464309622000,1785153464309622000,1785153464309622000,1785153464309623000,1785153464309706000,1785153464309709000,1785153464309709000,1785153464309709000,121932490,121652369,-197.121,0.000,0.000,1.000,3.000,0.000,0.000,4.000,0,0,0
B3_zmq_pushpull,zmq_tcp,none,none,,1,27850,512,584,1785153464310620000,1785153464310620000,1785153464310620000,1785153464310621000,1785153464310697000,1785153464310701000,1785153464310701000,1785153464310701000,121932490,121652369,-204.121,0.000,0.000,1.000,4.000,0.000,0.000,7.000,0,0,0
B3_zmq_pushpull,zmq_tcp,none,none,,1,27851,512,584,1785153464311620000,1785153464311620000,1785153464311620000,1785153464311621000,1785153464311699000,1785153464311703000,1785153464311703000,1785153464311703000,121932490,121652369,-202.121,0.000,0.000,1.000,4.000,0.000,0.000,2.000,0,0,0
B3_zmq_pushpull,zmq_tcp,none,none,,1,27852,512,584,1785153464312618000,1785153464312618000,1785153464312618000,1785153464312619000,1785153464312698000,1785153464312701000,1785153464312701000,1785153464312701000,121932490,121652369,-201.121,0.000,0.000,1.000,3.000,0.000,0.000,1.000,0,0,0
B3_zmq_pushpull,zmq_tcp,none,none,,1,27853,512,584,1785153464313621000,1785153464313622000,1785153464313622000,1785153464313623000,1785153464313704000,1785153464313706000,1785153464313706000,1785153464313706000,121932490,121652369,-199.121,1.000,0.000,1.000,2.000,0.000,0.000,2.000,0,0,0
B3_zmq_pushpull,zmq_tcp,none,none,,1,27854,512,584,1785153464314543000,1785153464314543000,1785153464314543000,1785153464314544000,1785153464314688000,1785153464314691000,1785153464314691000,1785153464314691000,121932490,121652369,-136.121,0.000,0.000,1.000,3.000,0.000,0.000,63.000,0,0,0
B3_zmq_pushpull,zmq_tcp,none,none,,1,27855,512,584,1785153464315640000,1785153464315640000,1785153464315640000,1785153464315641000,1785153464315699000,1785153464315703000,1785153464315703000,1785153464315703000,121932490,121652369,-222.121,0.000,0.000,1.000,4.000,0.000,0.000,86.000,0,0,0
B3_zmq_pushpull,zmq_tcp,none,none,,1,27856,512,584,1785153464316425000,1785153464316425000,1785153464316425000,1785153464316426000,1785153464316568000,1785153464316570000,1785153464316570000,1785153464316570000,121932490,121652369,-138.121,0.000,0.000,1.000,2.000,0.000,0.000,84.000,0,0,0
B3_zmq_pushpull,zmq_tcp,none,none,,1,27857,512,584,1785153464317433000,1785153464317433000,1785153464317433000,1785153464317434000,1785153464317563000,1785153464317566000,1785153464317566000,1785153464317566000,121932490,121652369,-151.121,0.000,0.000,1.000,3.000,0.000,0.000,13.000,0,0,0
B3_zmq_pushpull,zmq_tcp,none,none,,1,27858,512,584,1785153464318667000,1785153464318667000,1785153464318667000,1785153464318668000,1785153464318841000,1785153464318844000,1785153464318844000,1785153464318844000,121932490,121652369,-107.121,0.000,0.000,1.000,3.000,0.000,0.000,44.000,0,0,0
B3_zmq_pushpull,zmq_tcp,none,none,,1,27859,512,584,1785153464319605000,1785153464319606000,1785153464319606000,1785153464319607000,1785153464319680000,1785153464319682000,1785153464319682000,1785153464319682000,121932490,121652369,-207.121,1.000,0.000,1.000,2.000,0.000,0.000,100.000,0,0,0
B3_zmq_pushpull,zmq_tcp,none,none,,1,27860,512,584,1785153464320624000,1785153464320624000,1785153464320624000,1785153464320625000,1785153464320684000,1785153464320688000,1785153464320688000,1785153464320688000,121932490,121652369,-221.121,0.000,0.000,1.000,4.000,0.000,0.000,14.000,0,0,0
B3_zmq_pushpull,zmq_tcp,none,none,,1,27861,512,584,1785153464321619000,1785153464321619000,1785153464321619000,1785153464321620000,1785153464321668000,1785153464321671000,1785153464321671000,1785153464321672000,121932490,121652369,-232.121,0.000,0.000,1.000,3.000,0.000,1.000,11.000,0,0,0
B3_zmq_pushpull,zmq_tcp,none,none,,1,27862,512,584,1785153464322620000,1785153464322620000,1785153464322620000,1785153464322621000,1785153464322672000,1785153464322675000,1785153464322675000,1785153464322675000,121932490,121652369,-229.121,0.000,0.000,1.000,3.000,0.000,0.000,3.000,0,0,0
B3_zmq_pushpull,zmq_tcp,none,none,,1,27863,512,584,1785153464323619000,1785153464323619000,1785153464323619000,1785153464323620000,1785153464323677000,1785153464323681000,1785153464323681000,1785153464323681000,121932490,121652369,-223.121,0.000,0.000,1.000,4.000,0.000,0.000,6.000,0,0,0
B3_zmq_pushpull,zmq_tcp,none,none,,1,27864,512,584,1785153464324621000,1785153464324621000,1785153464324621000,1785153464324622000,1785153464324691000,1785153464324694000,1785153464324694000,1785153464324694000,121932490,121652369,-211.121,0.000,0.000,1.000,3.000,0.000,0.000,12.000,0,0,0
B3_zmq_pushpull,zmq_tcp,none,none,,1,27865,512,584,1785153464325621000,1785153464325621000,1785153464325621000,1785153464325622000,1785153464325698000,1785153464325701000,1785153464325701000,1785153464325701000,121932490,121652369,-204.121,0.000,0.000,1.000,3.000,0.000,0.000,7.000,0,0,0
B3_zmq_pushpull,zmq_tcp,none,none,,1,27866,512,584,1785153464326616000,1785153464326616000,1785153464326616000,1785153464326617000,1785153464326694000,1785153464326697000,1785153464326697000,1785153464326697000,121932490,121652369,-203.121,0.000,0.000,1.000,3.000,0.000,0.000,1.000,0,0,0
B3_zmq_pushpull,zmq_tcp,none,none,,1,27867,512,584,1785153464327622000,1785153464327623000,1785153464327623000,1785153464327624000,1785153464327685000,1785153464327688000,1785153464327688000,1785153464327688000,121932490,121652369,-219.121,1.000,0.000,1.000,3.000,0.000,0.000,16.000,0,0,0
B3_zmq_pushpull,zmq_tcp,none,none,,1,27868,512,584,1785153464328621000,1785153464328621000,1785153464328621000,1785153464328622000,1785153464328681000,1785153464328684000,1785153464328684000,1785153464328684000,121932490,121652369,-221.121,0.000,0.000,1.000,3.000,0.000,0.000,2.000,0,0,0
B3_zmq_pushpull,zmq_tcp,none,none,,1,27869,512,584,1785153464329621000,1785153464329621000,1785153464329621000,1785153464329622000,1785153464329671000,1785153464329674000,1785153464329675000,1785153464329675000,121932490,121652369,-231.121,0.000,0.000,1.000,3.000,1.000,0.000,10.000,0,0,0
B3_zmq_pushpull,zmq_tcp,none,none,,1,27870,512,584,1785153464330620000,1785153464330620000,1785153464330620000,1785153464330621000,1785153464330681000,1785153464330684000,1785153464330684000,1785153464330684000,121932490,121652369,-220.121,0.000,0.000,1.000,3.000,0.000,0.000,11.000,0,0,0
B3_zmq_pushpull,zmq_tcp,none,none,,1,27871,512,584,1785153464331625000,1785153464331625000,1785153464331625000,1785153464331626000,1785153464331701000,1785153464331704000,1785153464331704000,1785153464331704000,121932490,121652369,-205.121,0.000,0.000,1.000,3.000,0.000,0.000,15.000,0,0,0
B3_zmq_pushpull,zmq_tcp,none,none,,1,27872,512,584,1785153464332619000,1785153464332619000,1785153464332619000,1785153464332620000,1785153464332698000,1785153464332701000,1785153464332701000,1785153464332701000,121932490,121652369,-202.121,0.000,0.000,1.000,3.000,0.000,0.000,3.000,0,0,0
B3_zmq_pushpull,zmq_tcp,none,none,,1,27873,512,584,1785153464333621000,1785153464333621000,1785153464333621000,1785153464333622000,1785153464333709000,1785153464333712000,1785153464333712000,1785153464333712000,121932490,121652369,-193.121,0.000,0.000,1.000,3.000,0.000,0.000,9.000,0,0,0
B3_zmq_pushpull,zmq_tcp,none,none,,1,27874,512,584,1785153464334617000,1785153464334617000,1785153464334617000,1785153464334618000,1785153464334732000,1785153464334734000,1785153464334734000,1785153464334734000,121932490,121652369,-166.121,0.000,0.000,1.000,2.000,0.000,0.000,27.000,0,0,0
B3_zmq_pushpull,zmq_tcp,none,none,,1,27875,512,584,1785153464335621000,1785153464335621000,1785153464335622000,1785153464335622000,1785153464335745000,1785153464335748000,1785153464335748000,1785153464335748000,121932490,121652369,-157.121,0.000,1.000,0.000,3.000,0.000,0.000,9.000,0,0,0
B3_zmq_pushpull,zmq_tcp,none,none,,1,27876,512,584,1785153464336620000,1785153464336620000,1785153464336620000,1785153464336621000,1785153464336736000,1785153464336738000,1785153464336738000,1785153464336738000,121932490,121652369,-165.121,0.000,0.000,1.000,2.000,0.000,0.000,8.000,0,0,0
B3_zmq_pushpull,zmq_tcp,none,none,,1,27877,512,584,1785153464337622000,1785153464337623000,1785153464337623000,1785153464337624000,1785153464337743000,1785153464337746000,1785153464337746000,1785153464337746000,121932490,121652369,-161.121,1.000,0.000,1.000,3.000,0.000,0.000,4.000,0,0,0
B3_zmq_pushpull,zmq_tcp,none,none,,1,27878,512,584,1785153464338452000,1785153464338452000,1785153464338452000,1785153464338453000,1785153464338612000,1785153464338614000,1785153464338614000,1785153464338614000,121932490,121652369,-121.121,0.000,0.000,1.000,2.000,0.000,0.000,40.000,0,0,0
B3_zmq_pushpull,zmq_tcp,none,none,,1,27879,512,584,1785153464339663000,1785153464339663000,1785153464339663000,1785153464339664000,1785153464339758000,1785153464339761000,1785153464339761000,1785153464339761000,121932490,121652369,-186.121,0.000,0.000,1.000,3.000,0.000,0.000,65.000,0,0,0
B3_zmq_pushpull,zmq_tcp,none,none,,1,27880,512,584,1785153464340608000,1785153464340609000,1785153464340609000,1785153464340610000,1785153464340752000,1785153464340754000,1785153464340754000,1785153464340754000,121932490,121652369,-138.121,1.000,0.000,1.000,2.000,0.000,0.000,48.000,0,0,0
B3_zmq_pushpull,zmq_tcp,none,none,,1,27881,512,584,1785153464341623000,1785153464341623000,1785153464341623000,1785153464341624000,1785153464341776000,1785153464341778000,1785153464341778000,1785153464341778000,121932490,121652369,-128.121,0.000,0.000,1.000,2.000,0.000,0.000,10.000,0,0,0
B3_zmq_pushpull,zmq_tcp,none,none,,1,27882,512,584,1785153464342617000,1785153464342617000,1785153464342617000,1785153464342618000,1785153464342784000,1785153464342787000,1785153464342787000,1785153464342787000,121932490,121652369,-114.121,0.000,0.000,1.000,3.000,0.000,0.000,14.000,0,0,0
B3_zmq_pushpull,zmq_tcp,none,none,,1,27883,512,584,1785153464343622000,1785153464343622000,1785153464343622000,1785153464343623000,1785153464343797000,1785153464343800000,1785153464343800000,1785153464343800000,121932490,121652369,-106.121,0.000,0.000,1.000,3.000,0.000,0.000,8.000,0,0,0
B3_zmq_pushpull,zmq_tcp,none,none,,1,27884,512,584,1785153464344621000,1785153464344621000,1785153464344621000,1785153464344622000,1785153464344674000,1785153464344678000,1785153464344678000,1785153464344678000,121932490,121652369,-228.121,0.000,0.000,1.000,4.000,0.000,0.000,122.000,0,0,0
B3_zmq_pushpull,zmq_tcp,none,none,,1,27885,512,584,1785153464345517000,1785153464345517000,1785153464345517000,1785153464345518000,1785153464345678000,1785153464345681000,1785153464345681000,1785153464345681000,121932490,121652369,-120.121,0.000,0.000,1.000,3.000,0.000,0.000,108.000,0,0,0
B3_zmq_pushpull,zmq_tcp,none,none,,1,27886,512,584,1785153464346543000,1785153464346543000,1785153464346543000,1785153464346544000,1785153464346704000,1785153464346706000,1785153464346706000,1785153464346706000,121932490,121652369,-120.121,0.000,0.000,1.000,2.000,0.000,0.000,0.000,0,0,0
B3_zmq_pushpull,zmq_tcp,none,none,,1,27887,512,584,1785153464347643000,1785153464347643000,1785153464347643000,1785153464347644000,1785153464347699000,1785153464347702000,1785153464347702000,1785153464347702000,121932490,121652369,-225.121,0.000,0.000,1.000,3.000,0.000,0.000,105.000,0,0,0
B3_zmq_pushpull,zmq_tcp,none,none,,1,27888,512,584,1785153464348618000,1785153464348618000,1785153464348618000,1785153464348619000,1785153464348710000,1785153464348713000,1785153464348713000,1785153464348713000,121932490,121652369,-189.121,0.000,0.000,1.000,3.000,0.000,0.000,36.000,0,0,0
B3_zmq_pushpull,zmq_tcp,none,none,,1,27889,512,584,1785153464349620000,1785153464349620000,1785153464349620000,1785153464349621000,1785153464349716000,1785153464349719000,1785153464349719000,1785153464349719000,121932490,121652369,-185.121,0.000,0.000,1.000,3.000,0.000,0.000,4.000,0,0,0
B3_zmq_pushpull,zmq_tcp,none,none,,1,27890,512,584,1785153464350620000,1785153464350620000,1785153464350620000,1785153464350621000,1785153464350712000,1785153464350715000,1785153464350715000,1785153464350715000,121932490,121652369,-189.121,0.000,0.000,1.000,3.000,0.000,0.000,4.000,0,0,0
B3_zmq_pushpull,zmq_tcp,none,none,,1,27891,512,584,1785153464351621000,1785153464351621000,1785153464351621000,1785153464351622000,1785153464351720000,1785153464351722000,1785153464351722000,1785153464351722000,121932490,121652369,-182.121,0.000,0.000,1.000,2.000,0.000,0.000,7.000,0,0,0
B3_zmq_pushpull,zmq_tcp,none,none,,1,27892,512,584,1785153464352621000,1785153464352621000,1785153464352621000,1785153464352622000,1785153464352712000,1785153464352714000,1785153464352714000,1785153464352714000,121932490,121652369,-190.121,0.000,0.000,1.000,2.000,0.000,0.000,8.000,0,0,0
B3_zmq_pushpull,zmq_tcp,none,none,,1,27893,512,584,1785153464353623000,1785153464353623000,1785153464353623000,1785153464353624000,1785153464353724000,1785153464353726000,1785153464353726000,1785153464353726000,121932490,121652369,-180.121,0.000,0.000,1.000,2.000,0.000,0.000,10.000,0,0,0
B3_zmq_pushpull,zmq_tcp,none,none,,1,27894,512,584,1785153464354620000,1785153464354620000,1785153464354620000,1785153464354621000,1785153464354717000,1785153464354720000,1785153464354720000,1785153464354720000,121932490,121652369,-184.121,0.000,0.000,1.000,3.000,0.000,0.000,4.000,0,0,0
B3_zmq_pushpull,zmq_tcp,none,none,,1,27895,512,584,1785153464355623000,1785153464355623000,1785153464355623000,1785153464355624000,1785153464355725000,1785153464355728000,1785153464355728000,1785153464355728000,121932490,121652369,-179.121,0.000,0.000,1.000,3.000,0.000,0.000,5.000,0,0,0
B3_zmq_pushpull,zmq_tcp,none,none,,1,27896,512,584,1785153464356549000,1785153464356549000,1785153464356549000,1785153464356550000,1785153464356705000,1785153464356708000,1785153464356708000,1785153464356708000,121932490,121652369,-125.121,0.000,0.000,1.000,3.000,0.000,0.000,54.000,0,0,0
B3_zmq_pushpull,zmq_tcp,none,none,,1,27897,512,584,1785153464357638000,1785153464357638000,1785153464357638000,1785153464357639000,1785153464357702000,1785153464357705000,1785153464357705000,1785153464357705000,121932490,121652369,-217.121,0.000,0.000,1.000,3.000,0.000,0.000,92.000,0,0,0
B3_zmq_pushpull,zmq_tcp,none,none,,1,27898,512,584,1785153464358616000,1785153464358616000,1785153464358616000,1785153464358617000,1785153464358721000,1785153464358724000,1785153464358724000,1785153464358724000,121932490,121652369,-176.121,0.000,0.000,1.000,3.000,0.000,0.000,41.000,0,0,0
B3_zmq_pushpull,zmq_tcp,none,none,,1,27899,512,584,1785153464359622000,1785153464359622000,1785153464359622000,1785153464359623000,1785153464359723000,1785153464359725000,1785153464359725000,1785153464359725000,121932490,121652369,-180.121,0.000,0.000,1.000,2.000,0.000,0.000,4.000,0,0,0
B3_zmq_pushpull,zmq_tcp,none,none,,1,27900,512,584,1785153464360619000,1785153464360619000,1785153464360619000,1785153464360620000,1785153464360719000,1785153464360722000,1785153464360722000,1785153464360722000,121932490,121652369,-181.121,0.000,0.000,1.000,3.000,0.000,0.000,1.000,0,0,0
B3_zmq_pushpull,zmq_tcp,none,none,,1,27901,512,584,1785153464361621000,1785153464361621000,1785153464361621000,1785153464361622000,1785153464361738000,1785153464361741000,1785153464361741000,1785153464361741000,121932490,121652369,-164.121,0.000,0.000,1.000,3.000,0.000,0.000,17.000,0,0,0
B3_zmq_pushpull,zmq_tcp,none,none,,1,27902,512,584,1785153464362619000,1785153464362620000,1785153464362620000,1785153464362621000,1785153464362740000,1785153464362742000,1785153464362742000,1785153464362743000,121932490,121652369,-161.121,1.000,0.000,1.000,2.000,0.000,1.000,3.000,0,0,0
B3_zmq_pushpull,zmq_tcp,none,none,,1,27903,512,584,1785153464363620000,1785153464363620000,1785153464363620000,1785153464363621000,1785153464363748000,1785153464363751000,1785153464363751000,1785153464363751000,121932490,121652369,-153.121,0.000,0.000,1.000,3.000,0.000,0.000,8.000,0,0,0
B3_zmq_pushpull,zmq_tcp,none,none,,1,27904,512,584,1785153464364617000,1785153464364618000,1785153464364618000,1785153464364619000,1785153464364731000,1785153464364733000,1785153464364733000,1785153464364733000,121932490,121652369,-168.121,1.000,0.000,1.000,2.000,0.000,0.000,15.000,0,0,0
B3_zmq_pushpull,zmq_tcp,none,none,,1,27905,512,584,1785153464365622000,1785153464365622000,1785153464365622000,1785153464365623000,1785153464365723000,1785153464365726000,1785153464365726000,1785153464365726000,121932490,121652369,-180.121,0.000,0.000,1.000,3.000,0.000,0.000,12.000,0,0,0
B3_zmq_pushpull,zmq_tcp,none,none,,1,27906,512,584,1785153464366620000,1785153464366620000,1785153464366620000,1785153464366621000,1785153464366726000,1785153464366729000,1785153464366729000,1785153464366729000,121932490,121652369,-175.121,0.000,0.000,1.000,3.000,0.000,0.000,5.000,0,0,0
B3_zmq_pushpull,zmq_tcp,none,none,,1,27907,512,584,1785153464367623000,1785153464367623000,1785153464367623000,1785153464367624000,1785153464367739000,1785153464367741000,1785153464367741000,1785153464367741000,121932490,121652369,-165.121,0.000,0.000,1.000,2.000,0.000,0.000,10.000,0,0,0
B3_zmq_pushpull,zmq_tcp,none,none,,1,27908,512,584,1785153464368617000,1785153464368617000,1785153464368617000,1785153464368618000,1785153464368742000,1785153464368746000,1785153464368746000,1785153464368746000,121932490,121652369,-156.121,0.000,0.000,1.000,4.000,0.000,0.000,9.000,0,0,0
B3_zmq_pushpull,zmq_tcp,none,none,,1,27909,512,584,1785153464369620000,1785153464369620000,1785153464369621000,1785153464369621000,1785153464369742000,1785153464369745000,1785153464369746000,1785153464369746000,121932490,121652369,-159.121,0.000,1.000,0.000,3.000,1.000,0.000,3.000,0,0,0
B3_zmq_pushpull,zmq_tcp,none,none,,1,27910,512,584,1785153464370619000,1785153464370619000,1785153464370619000,1785153464370620000,1785153464370695000,1785153464370697000,1785153464370697000,1785153464370697000,121932490,121652369,-205.121,0.000,0.000,1.000,2.000,0.000,0.000,46.000,0,0,0
B3_zmq_pushpull,zmq_tcp,none,none,,1,27911,512,584,1785153464371619000,1785153464371619000,1785153464371619000,1785153464371620000,1785153464371664000,1785153464371666000,1785153464371666000,1785153464371666000,121932490,121652369,-236.121,0.000,0.000,1.000,2.000,0.000,0.000,31.000,0,0,0
B3_zmq_pushpull,zmq_tcp,none,none,,1,27912,512,584,1785153464372620000,1785153464372620000,1785153464372620000,1785153464372621000,1785153464372769000,1785153464372773000,1785153464372773000,1785153464372773000,121932490,121652369,-132.121,0.000,0.000,1.000,4.000,0.000,0.000,104.000,0,0,0
B3_zmq_pushpull,zmq_tcp,none,none,,1,27913,512,584,1785153464373473000,1785153464373473000,1785153464373473000,1785153464373474000,1785153464373629000,1785153464373632000,1785153464373632000,1785153464373632000,121932490,121652369,-125.121,0.000,0.000,1.000,3.000,0.000,0.000,7.000,0,0,0
B3_zmq_pushpull,zmq_tcp,none,none,,1,27914,512,584,1785153464374655000,1785153464374655000,1785153464374655000,1785153464374656000,1785153464374722000,1785153464374726000,1785153464374726000,1785153464374726000,121932490,121652369,-214.121,0.000,0.000,1.000,4.000,0.000,0.000,89.000,0,0,0
B3_zmq_pushpull,zmq_tcp,none,none,,1,27915,512,584,1785153464375543000,1785153464375543000,1785153464375543000,1785153464375544000,1785153464375696000,1785153464375699000,1785153464375699000,1785153464375699000,121932490,121652369,-128.121,0.000,0.000,1.000,3.000,0.000,0.000,86.000,0,0,0
B3_zmq_pushpull,zmq_tcp,none,none,,1,27916,512,584,1785153464376639000,1785153464376639000,1785153464376639000,1785153464376640000,1785153464376809000,1785153464376813000,1785153464376813000,1785153464376813000,121932490,121652369,-111.121,0.000,0.000,1.000,4.000,0.000,0.000,17.000,0,0,0
B3_zmq_pushpull,zmq_tcp,none,none,,1,27917,512,584,1785153464377614000,1785153464377614000,1785153464377614000,1785153464377615000,1785153464377661000,1785153464377665000,1785153464377665000,1785153464377665000,121932490,121652369,-234.121,0.000,0.000,1.000,4.000,0.000,0.000,123.000,0,0,0
B3_zmq_pushpull,zmq_tcp,none,none,,1,27918,512,584,1785153464378479000,1785153464378480000,1785153464378480000,1785153464378481000,1785153464378635000,1785153464378637000,1785153464378637000,1785153464378637000,121932490,121652369,-126.121,1.000,0.000,1.000,2.000,0.000,0.000,108.000,0,0,0
B3_zmq_pushpull,zmq_tcp,none,none,,1,27919,512,584,1785153464379457000,1785153464379457000,1785153464379457000,1785153464379458000,1785153464379613000,1785153464379616000,1785153464379616000,1785153464379616000,121932490,121652369,-125.121,0.000,0.000,1.000,3.000,0.000,0.000,1.000,0,0,0
B3_zmq_pushpull,zmq_tcp,none,none,,1,27920,512,584,1785153464380438000,1785153464380438000,1785153464380438000,1785153464380439000,1785153464380599000,1785153464380601000,1785153464380601000,1785153464380601000,121932490,121652369,-120.121,0.000,0.000,1.000,2.000,0.000,0.000,5.000,0,0,0
B3_zmq_pushpull,zmq_tcp,none,none,,1,27921,512,584,1785153464381436000,1785153464381436000,1785153464381436000,1785153464381437000,1785153464381586000,1785153464381588000,1785153464381588000,1785153464381588000,121932490,121652369,-131.121,0.000,0.000,1.000,2.000,0.000,0.000,11.000,0,0,0
B3_zmq_pushpull,zmq_tcp,none,none,,1,27922,512,584,1785153464382547000,1785153464382548000,1785153464382548000,1785153464382549000,1785153464382708000,1785153464382711000,1785153464382711000,1785153464382711000,121932490,121652369,-121.121,1.000,0.000,1.000,3.000,0.000,0.000,10.000,0,0,0
B3_zmq_pushpull,zmq_tcp,none,none,,1,27923,512,584,1785153464383637000,1785153464383638000,1785153464383638000,1785153464383638000,1785153464383701000,1785153464383704000,1785153464383704000,1785153464383704000,121932490,121652369,-217.121,1.000,0.000,0.000,3.000,0.000,0.000,96.000,0,0,0
B3_zmq_pushpull,zmq_tcp,none,none,,1,27924,512,584,1785153464384615000,1785153464384615000,1785153464384615000,1785153464384616000,1785153464384675000,1785153464384677000,1785153464384677000,1785153464384677000,121932490,121652369,-221.121,0.000,0.000,1.000,2.000,0.000,0.000,4.000,0,0,0
B3_zmq_pushpull,zmq_tcp,none,none,,1,27925,512,584,1785153464385621000,1785153464385621000,1785153464385621000,1785153464385622000,1785153464385773000,1785153464385776000,1785153464385776000,1785153464385776000,121932490,121652369,-129.121,0.000,0.000,1.000,3.000,0.000,0.000,92.000,0,0,0
B3_zmq_pushpull,zmq_tcp,none,none,,1,27926,512,584,1785153464386464000,1785153464386464000,1785153464386464000,1785153464386465000,1785153464386609000,1785153464386612000,1785153464386612000,1785153464386612000,121932490,121652369,-136.121,0.000,0.000,1.000,3.000,0.000,0.000,7.000,0,0,0
B3_zmq_pushpull,zmq_tcp,none,none,,1,27927,512,584,1785153464387660000,1785153464387661000,1785153464387661000,1785153464387661000,1785153464387731000,1785153464387734000,1785153464387735000,1785153464387735000,121932490,121652369,-210.121,1.000,0.000,0.000,3.000,1.000,0.000,74.000,0,0,0
B3_zmq_pushpull,zmq_tcp,none,none,,1,27928,512,584,1785153464388610000,1785153464388610000,1785153464388610000,1785153464388611000,1785153464388708000,1785153464388711000,1785153464388711000,1785153464388711000,121932490,121652369,-183.121,0.000,0.000,1.000,3.000,0.000,0.000,27.000,0,0,0
B3_zmq_pushpull,zmq_tcp,none,none,,1,27929,512,584,1785153464389627000,1785153464389627000,1785153464389627000,1785153464389628000,1785153464389704000,1785153464389707000,1785153464389707000,1785153464389707000,121932490,121652369,-204.121,0.000,0.000,1.000,3.000,0.000,0.000,21.000,0,0,0
B3_zmq_pushpull,zmq_tcp,none,none,,1,27930,512,584,1785153464390617000,1785153464390617000,1785153464390617000,1785153464390618000,1785153464390671000,1785153464390675000,1785153464390675000,1785153464390675000,121932490,121652369,-227.121,0.000,0.000,1.000,4.000,0.000,0.000,23.000,0,0,0
B3_zmq_pushpull,zmq_tcp,none,none,,1,27931,512,584,1785153464391620000,1785153464391621000,1785153464391621000,1785153464391622000,1785153464391665000,1785153464391669000,1785153464391669000,1785153464391669000,121932490,121652369,-237.121,1.000,0.000,1.000,4.000,0.000,0.000,10.000,0,0,0
B3_zmq_pushpull,zmq_tcp,none,none,,1,27932,512,584,1785153464392472000,1785153464392472000,1785153464392472000,1785153464392473000,1785153464392626000,1785153464392628000,1785153464392628000,1785153464392628000,121932490,121652369,-127.121,0.000,0.000,1.000,2.000,0.000,0.000,110.000,0,0,0
B3_zmq_pushpull,zmq_tcp,none,none,,1,27933,512,584,1785153464393657000,1785153464393657000,1785153464393657000,1785153464393658000,1785153464393771000,1785153464393774000,1785153464393774000,1785153464393774000,121932490,121652369,-167.121,0.000,0.000,1.000,3.000,0.000,0.000,40.000,0,0,0
B3_zmq_pushpull,zmq_tcp,none,none,,1,27934,512,584,1785153464394607000,1785153464394608000,1785153464394608000,1785153464394609000,1785153464394758000,1785153464394761000,1785153464394761000,1785153464394761000,121932490,121652369,-131.121,1.000,0.000,1.000,3.000,0.000,0.000,36.000,0,0,0
B3_zmq_pushpull,zmq_tcp,none,none,,1,27935,512,584,1785153464395440000,1785153464395440000,1785153464395440000,1785153464395441000,1785153464395592000,1785153464395595000,1785153464395595000,1785153464395595000,121932490,121652369,-129.121,0.000,0.000,1.000,3.000,0.000,0.000,2.000,0,0,0
B3_zmq_pushpull,zmq_tcp,none,none,,1,27936,512,584,1785153464396666000,1785153464396666000,1785153464396666000,1785153464396667000,1785153464396725000,1785153464396728000,1785153464396728000,1785153464396729000,121932490,121652369,-222.121,0.000,0.000,1.000,3.000,0.000,1.000,93.000,0,0,0
B3_zmq_pushpull,zmq_tcp,none,none,,1,27937,512,584,1785153464397425000,1785153464397425000,1785153464397425000,1785153464397426000,1785153464397567000,1785153464397570000,1785153464397570000,1785153464397570000,121932490,121652369,-139.121,0.000,0.000,1.000,3.000,0.000,0.000,83.000,0,0,0
B3_zmq_pushpull,zmq_tcp,none,none,,1,27938,512,584,1785153464398534000,1785153464398534000,1785153464398534000,1785153464398535000,1785153464398687000,1785153464398689000,1785153464398690000,1785153464398690000,121932490,121652369,-128.121,0.000,0.000,1.000,2.000,1.000,0.000,11.000,0,0,0
B3_zmq_pushpull,zmq_tcp,none,none,,1,27939,512,584,1785153464399513000,1785153464399513000,1785153464399513000,1785153464399514000,1785153464399664000,1785153464399667000,1785153464399667000,1785153464399667000,121932490,121652369,-130.121,0.000,0.000,1.000,3.000,0.000,0.000,2.000,0,0,0
B3_zmq_pushpull,zmq_tcp,none,none,,1,27940,512,584,1785153464400488000,1785153464400488000,1785153464400488000,1785153464400489000,1785153464400647000,1785153464400650000,1785153464400650000,1785153464400650000,121932490,121652369,-122.121,0.000,0.000,1.000,3.000,0.000,0.000,8.000,0,0,0
B3_zmq_pushpull,zmq_tcp,none,none,,1,27941,512,584,1785153464401653000,1785153464401653000,1785153464401653000,1785153464401654000,1785153464401779000,1785153464401782000,1785153464401782000,1785153464401782000,121932490,121652369,-155.121,0.000,0.000,1.000,3.000,0.000,0.000,33.000,0,0,0
B3_zmq_pushpull,zmq_tcp,none,none,,1,27942,512,584,1785153464402615000,1785153464402615000,1785153464402616000,1785153464402616000,1785153464402774000,1785153464402777000,1785153464402777000,1785153464402777000,121932490,121652369,-122.121,0.000,1.000,0.000,3.000,0.000,0.000,33.000,0,0,0
B3_zmq_pushpull,zmq_tcp,none,none,,1,27943,512,584,1785153464403464000,1785153464403465000,1785153464403465000,1785153464403466000,1785153464403615000,1785153464403617000,1785153464403617000,1785153464403617000,121932490,121652369,-131.121,1.000,0.000,1.000,2.000,0.000,0.000,9.000,0,0,0
B3_zmq_pushpull,zmq_tcp,none,none,,1,27944,512,584,1785153464404660000,1785153464404660000,1785153464404660000,1785153464404661000,1785153464404709000,1785153464404712000,1785153464404712000,1785153464404712000,121932490,121652369,-232.121,0.000,0.000,1.000,3.000,0.000,0.000,101.000,0,0,0
B3_zmq_pushpull,zmq_tcp,none,none,,1,27945,512,584,1785153464405609000,1785153464405609000,1785153464405609000,1785153464405610000,1785153464405667000,1785153464405670000,1785153464405670000,1785153464405670000,121932490,121652369,-223.121,0.000,0.000,1.000,3.000,0.000,0.000,9.000,0,0,0
B3_zmq_pushpull,zmq_tcp,none,none,,1,27946,512,584,1785153464406622000,1785153464406622000,1785153464406622000,1785153464406623000,1785153464406783000,1785153464406786000,1785153464406786000,1785153464406786000,121932490,121652369,-120.121,0.000,0.000,1.000,3.000,0.000,0.000,103.000,0,0,0
B3_zmq_pushpull,zmq_tcp,none,none,,1,27947,512,584,1785153464407619000,1785153464407619000,1785153464407619000,1785153464407620000,1785153464407790000,1785153464407792000,1785153464407792000,1785153464407792000,121932490,121652369,-110.121,0.000,0.000,1.000,2.000,0.000,0.000,10.000,0,0,0
B3_zmq_pushpull,zmq_tcp,none,none,,1,27948,512,584,1785153464408620000,1785153464408620000,1785153464408620000,1785153464408621000,1785153464408776000,1785153464408779000,1785153464408779000,1785153464408779000,121932490,121652369,-125.121,0.000,0.000,1.000,3.000,0.000,0.000,15.000,0,0,0
B3_zmq_pushpull,zmq_tcp,none,none,,1,27949,512,584,1785153464409615000,1785153464409615000,1785153464409615000,1785153464409616000,1785153464409779000,1785153464409782000,1785153464409782000,1785153464409782000,121932490,121652369,-117.121,0.000,0.000,1.000,3.000,0.000,0.000,8.000,0,0,0
B3_zmq_pushpull,zmq_tcp,none,none,,1,27950,512,584,1785153464410623000,1785153464410623000,1785153464410623000,1785153464410624000,1785153464410759000,1785153464410763000,1785153464410763000,1785153464410763000,121932490,121652369,-145.121,0.000,0.000,1.000,4.000,0.000,0.000,28.000,0,0,0
B3_zmq_pushpull,zmq_tcp,none,none,,1,27951,512,584,1785153464411620000,1785153464411620000,1785153464411620000,1785153464411621000,1785153464411752000,1785153464411756000,1785153464411756000,1785153464411756000,121932490,121652369,-149.121,0.000,0.000,1.000,4.000,0.000,0.000,4.000,0,0,0
B3_zmq_pushpull,zmq_tcp,none,none,,1,27952,512,584,1785153464412619000,1785153464412619000,1785153464412619000,1785153464412620000,1785153464412723000,1785153464412726000,1785153464412726000,1785153464412726000,121932490,121652369,-177.121,0.000,0.000,1.000,3.000,0.000,0.000,28.000,0,0,0
B3_zmq_pushpull,zmq_tcp,none,none,,1,27953,512,584,1785153464413617000,1785153464413617000,1785153464413617000,1785153464413618000,1785153464413683000,1785153464413686000,1785153464413686000,1785153464413686000,121932490,121652369,-215.121,0.000,0.000,1.000,3.000,0.000,0.000,38.000,0,0,0
B3_zmq_pushpull,zmq_tcp,none,none,,1,27954,512,584,1785153464414623000,1785153464414624000,1785153464414624000,1785153464414625000,1785153464414791000,1785153464414794000,1785153464414794000,1785153464414794000,121932490,121652369,-114.121,1.000,0.000,1.000,3.000,0.000,0.000,101.000,0,0,0
B3_zmq_pushpull,zmq_tcp,none,none,,1,27955,512,584,1785153464415618000,1785153464415618000,1785153464415618000,1785153464415619000,1785153464415783000,1785153464415786000,1785153464415786000,1785153464415786000,121932490,121652369,-116.121,0.000,0.000,1.000,3.000,0.000,0.000,2.000,0,0,0
B3_zmq_pushpull,zmq_tcp,none,none,,1,27956,512,584,1785153464416622000,1785153464416622000,1785153464416622000,1785153464416623000,1785153464416766000,1785153464416769000,1785153464416769000,1785153464416769000,121932490,121652369,-137.121,0.000,0.000,1.000,3.000,0.000,0.000,21.000,0,0,0
B3_zmq_pushpull,zmq_tcp,none,none,,1,27957,512,584,1785153464417615000,1785153464417616000,1785153464417616000,1785153464417617000,1785153464417756000,1785153464417759000,1785153464417760000,1785153464417760000,121932490,121652369,-141.121,1.000,0.000,1.000,3.000,1.000,0.000,4.000,0,0,0
B3_zmq_pushpull,zmq_tcp,none,none,,1,27958,512,584,1785153464418621000,1785153464418621000,1785153464418621000,1785153464418622000,1785153464418743000,1785153464418746000,1785153464418746000,1785153464418746000,121932490,121652369,-159.121,0.000,0.000,1.000,3.000,0.000,0.000,18.000,0,0,0
B3_zmq_pushpull,zmq_tcp,none,none,,1,27959,512,584,1785153464419619000,1785153464419619000,1785153464419619000,1785153464419620000,1785153464419720000,1785153464419723000,1785153464419723000,1785153464419723000,121932490,121652369,-180.121,0.000,0.000,1.000,3.000,0.000,0.000,21.000,0,0,0
B3_zmq_pushpull,zmq_tcp,none,none,,1,27960,512,584,1785153464420619000,1785153464420619000,1785153464420619000,1785153464420620000,1785153464420688000,1785153464420691000,1785153464420691000,1785153464420691000,121932490,121652369,-212.121,0.000,0.000,1.000,3.000,0.000,0.000,32.000,0,0,0
B3_zmq_pushpull,zmq_tcp,none,none,,1,27961,512,584,1785153464421617000,1785153464421617000,1785153464421617000,1785153464421618000,1785153464421675000,1785153464421678000,1785153464421678000,1785153464421678000,121932490,121652369,-223.121,0.000,0.000,1.000,3.000,0.000,0.000,11.000,0,0,0
B3_zmq_pushpull,zmq_tcp,none,none,,1,27962,512,584,1785153464422623000,1785153464422623000,1785153464422623000,1785153464422624000,1785153464422806000,1785153464422808000,1785153464422808000,1785153464422808000,121932490,121652369,-98.121,0.000,0.000,1.000,2.000,0.000,0.000,125.000,0,0,0
B3_zmq_pushpull,zmq_tcp,none,none,,1,27963,512,584,1785153464423618000,1785153464423618000,1785153464423619000,1785153464423619000,1785153464423790000,1785153464423792000,1785153464423792000,1785153464423792000,121932490,121652369,-109.121,0.000,1.000,0.000,2.000,0.000,0.000,11.000,0,0,0
B3_zmq_pushpull,zmq_tcp,none,none,,1,27964,512,584,1785153464424622000,1785153464424622000,1785153464424622000,1785153464424623000,1785153464424755000,1785153464424758000,1785153464424758000,1785153464424758000,121932490,121652369,-148.121,0.000,0.000,1.000,3.000,0.000,0.000,39.000,0,0,0
B3_zmq_pushpull,zmq_tcp,none,none,,1,27965,512,584,1785153464425615000,1785153464425615000,1785153464425615000,1785153464425616000,1785153464425727000,1785153464425730000,1785153464425730000,1785153464425730000,121932490,121652369,-169.121,0.000,0.000,1.000,3.000,0.000,0.000,21.000,0,0,0
B3_zmq_pushpull,zmq_tcp,none,none,,1,27966,512,584,1785153464426621000,1785153464426621000,1785153464426621000,1785153464426622000,1785153464426685000,1785153464426687000,1785153464426687000,1785153464426687000,121932490,121652369,-217.121,0.000,0.000,1.000,2.000,0.000,0.000,48.000,0,0,0
B3_zmq_pushpull,zmq_tcp,none,none,,1,27967,512,584,1785153464427619000,1785153464427619000,1785153464427619000,1785153464427620000,1785153464427664000,1785153464427668000,1785153464427668000,1785153464427668000,121932490,121652369,-236.121,0.000,0.000,1.000,4.000,0.000,0.000,19.000,0,0,0
B3_zmq_pushpull,zmq_tcp,none,none,,1,27968,512,584,1785153464428621000,1785153464428621000,1785153464428621000,1785153464428622000,1785153464428779000,1785153464428782000,1785153464428782000,1785153464428782000,121932490,121652369,-123.121,0.000,0.000,1.000,3.000,0.000,0.000,113.000,0,0,0
B3_zmq_pushpull,zmq_tcp,none,none,,1,27969,512,584,1785153464429616000,1785153464429616000,1785153464429616000,1785153464429617000,1785153464429774000,1785153464429776000,1785153464429776000,1785153464429776000,121932490,121652369,-123.121,0.000,0.000,1.000,2.000,0.000,0.000,0.000,0,0,0
B3_zmq_pushpull,zmq_tcp,none,none,,1,27970,512,584,1785153464430621000,1785153464430621000,1785153464430621000,1785153464430622000,1785153464430757000,1785153464430760000,1785153464430760000,1785153464430760000,121932490,121652369,-145.121,0.000,0.000,1.000,3.000,0.000,0.000,22.000,0,0,0
B3_zmq_pushpull,zmq_tcp,none,none,,1,27971,512,584,1785153464431619000,1785153464431619000,1785153464431620000,1785153464431620000,1785153464431746000,1785153464431748000,1785153464431748000,1785153464431748000,121932490,121652369,-154.121,0.000,1.000,0.000,2.000,0.000,0.000,9.000,0,0,0
B3_zmq_pushpull,zmq_tcp,none,none,,1,27972,512,584,1785153464432619000,1785153464432619000,1785153464432620000,1785153464432620000,1785153464432727000,1785153464432730000,1785153464432730000,1785153464432730000,121932490,121652369,-173.121,0.000,1.000,0.000,3.000,0.000,0.000,19.000,0,0,0
B3_zmq_pushpull,zmq_tcp,none,none,,1,27973,512,584,1785153464433617000,1785153464433617000,1785153464433617000,1785153464433618000,1785153464433695000,1785153464433699000,1785153464433699000,1785153464433699000,121932490,121652369,-203.121,0.000,0.000,1.000,4.000,0.000,0.000,30.000,0,0,0
B3_zmq_pushpull,zmq_tcp,none,none,,1,27974,512,584,1785153464434513000,1785153464434513000,1785153464434513000,1785153464434514000,1785153464434675000,1785153464434679000,1785153464434679000,1785153464434679000,121932490,121652369,-119.121,0.000,0.000,1.000,4.000,0.000,0.000,84.000,0,0,0
B3_zmq_pushpull,zmq_tcp,none,none,,1,27975,512,584,1785153464435516000,1785153464435516000,1785153464435516000,1785153464435517000,1785153464435674000,1785153464435678000,1785153464435678000,1785153464435678000,121932490,121652369,-123.121,0.000,0.000,1.000,4.000,0.000,0.000,4.000,0,0,0
B3_zmq_pushpull,zmq_tcp,none,none,,1,27976,512,584,1785153464436508000,1785153464436508000,1785153464436508000,1785153464436509000,1785153464436664000,1785153464436667000,1785153464436667000,1785153464436667000,121932490,121652369,-125.121,0.000,0.000,1.000,3.000,0.000,0.000,2.000,0,0,0
B3_zmq_pushpull,zmq_tcp,none,none,,1,27977,512,584,1785153464437492000,1785153464437492000,1785153464437492000,1785153464437493000,1785153464437650000,1785153464437652000,1785153464437652000,1785153464437652000,121932490,121652369,-123.121,0.000,0.000,1.000,2.000,0.000,0.000,2.000,0,0,0
B3_zmq_pushpull,zmq_tcp,none,none,,1,27978,512,584,1785153464438477000,1785153464438477000,1785153464438477000,1785153464438478000,1785153464438627000,1785153464438629000,1785153464438630000,1785153464438630000,121932490,121652369,-131.121,0.000,0.000,1.000,2.000,1.000,0.000,8.000,0,0,0
B3_zmq_pushpull,zmq_tcp,none,none,,1,27979,512,584,1785153464439446000,1785153464439446000,1785153464439446000,1785153464439447000,1785153464439597000,1785153464439600000,1785153464439600000,1785153464439600000,121932490,121652369,-130.121,0.000,0.000,1.000,3.000,0.000,0.000,1.000,0,0,0
B3_zmq_pushpull,zmq_tcp,none,none,,1,27980,512,584,1785153464440544000,1785153464440544000,1785153464440544000,1785153464440545000,1785153464440687000,1785153464440691000,1785153464440691000,1785153464440691000,121932490,121652369,-138.121,0.000,0.000,1.000,4.000,0.000,0.000,8.000,0,0,0
B3_zmq_pushpull,zmq_tcp,none,none,,1,27981,512,584,1785153464441635000,1785153464441636000,1785153464441636000,1785153464441637000,1785153464441788000,1785153464441791000,1785153464441791000,1785153464441791000,121932490,121652369,-129.121,1.000,0.000,1.000,3.000,0.000,0.000,9.000,0,0,0
B3_zmq_pushpull,zmq_tcp,none,none,,1,27982,512,584,1785153464442615000,1785153464442616000,1785153464442616000,1785153464442617000,1785153464442775000,1785153464442778000,1785153464442778000,1785153464442778000,121932490,121652369,-122.121,1.000,0.000,1.000,3.000,0.000,0.000,7.000,0,0,0
B3_zmq_pushpull,zmq_tcp,none,none,,1,27983,512,584,1785153464443621000,1785153464443621000,1785153464443621000,1785153464443622000,1785153464443746000,1785153464443748000,1785153464443748000,1785153464443748000,121932490,121652369,-156.121,0.000,0.000,1.000,2.000,0.000,0.000,34.000,0,0,0
B3_zmq_pushpull,zmq_tcp,none,none,,1,27984,512,584,1785153464444619000,1785153464444619000,1785153464444619000,1785153464444620000,1785153464444738000,1785153464444740000,1785153464444740000,1785153464444740000,121932490,121652369,-162.121,0.000,0.000,1.000,2.000,0.000,0.000,6.000,0,0,0
B3_zmq_pushpull,zmq_tcp,none,none,,1,27985,512,584,1785153464445621000,1785153464445621000,1785153464445621000,1785153464445622000,1785153464445708000,1785153464445711000,1785153464445711000,1785153464445711000,121932490,121652369,-194.121,0.000,0.000,1.000,3.000,0.000,0.000,32.000,0,0,0
B3_zmq_pushpull,zmq_tcp,none,none,,1,27986,512,584,1785153464446552000,1785153464446553000,1785153464446553000,1785153464446554000,1785153464446710000,1785153464446713000,1785153464446713000,1785153464446713000,121932490,121652369,-124.121,1.000,0.000,1.000,3.000,0.000,0.000,70.000,0,0,0
B3_zmq_pushpull,zmq_tcp,none,none,,1,27987,512,584,1785153464447637000,1785153464447637000,1785153464447637000,1785153464447638000,1785153464447831000,1785153464447834000,1785153464447834000,1785153464447834000,121932490,121652369,-87.121,0.000,0.000,1.000,3.000,0.000,0.000,37.000,0,0,0
B3_zmq_pushpull,zmq_tcp,none,none,,1,27988,512,584,1785153464448614000,1785153464448614000,1785153464448615000,1785153464448615000,1785153464448691000,1785153464448694000,1785153464448694000,1785153464448694000,121932490,121652369,-204.121,0.000,1.000,0.000,3.000,0.000,0.000,117.000,0,0,0
B3_zmq_pushpull,zmq_tcp,none,none,,1,27989,512,584,1785153464449621000,1785153464449621000,1785153464449621000,1785153464449622000,1785153464449684000,1785153464449687000,1785153464449687000,1785153464449687000,121932490,121652369,-218.121,0.000,0.000,1.000,3.000,0.000,0.000,14.000,0,0,0
B3_zmq_pushpull,zmq_tcp,none,none,,1,27990,512,584,1785153464450518000,1785153464450518000,1785153464450519000,1785153464450520000,1785153464450665000,1785153464450667000,1785153464450667000,1785153464450667000,121932490,121652369,-135.121,0.000,1.000,1.000,2.000,0.000,0.000,83.000,0,0,0
B3_zmq_pushpull,zmq_tcp,none,none,,1,27991,512,584,1785153464451645000,1785153464451645000,1785153464451645000,1785153464451646000,1785153464451786000,1785153464451788000,1785153464451788000,1785153464451789000,121932490,121652369,-140.121,0.000,0.000,1.000,2.000,0.000,1.000,5.000,0,0,0
B3_zmq_pushpull,zmq_tcp,none,none,,1,27992,512,584,1785153464452614000,1785153464452614000,1785153464452614000,1785153464452615000,1785153464452772000,1785153464452776000,1785153464452776000,1785153464452776000,121932490,121652369,-123.121,0.000,0.000,1.000,4.000,0.000,0.000,17.000,0,0,0
B3_zmq_pushpull,zmq_tcp,none,none,,1,27993,512,584,1785153464453623000,1785153464453623000,1785153464453623000,1785153464453624000,1785153464453750000,1785153464453753000,1785153464453753000,1785153464453753000,121932490,121652369,-154.121,0.000,0.000,1.000,3.000,0.000,0.000,31.000,0,0,0
B3_zmq_pushpull,zmq_tcp,none,none,,1,27994,512,584,1785153464454597000,1785153464454597000,1785153464454597000,1785153464454598000,1785153464454751000,1785153464454754000,1785153464454754000,1785153464454754000,121932490,121652369,-127.121,0.000,0.000,1.000,3.000,0.000,0.000,27.000,0,0,0
B3_zmq_pushpull,zmq_tcp,none,none,,1,27995,512,584,1785153464455596000,1785153464455596000,1785153464455596000,1785153464455597000,1785153464455742000,1785153464455745000,1785153464455746000,1785153464455746000,121932490,121652369,-135.121,0.000,0.000,1.000,3.000,1.000,0.000,8.000,0,0,0
B3_zmq_pushpull,zmq_tcp,none,none,,1,27996,512,584,1785153464456625000,1785153464456626000,1785153464456626000,1785153464456627000,1785153464456746000,1785153464456749000,1785153464456749000,1785153464456749000,121932490,121652369,-161.121,1.000,0.000,1.000,3.000,0.000,0.000,26.000,0,0,0
B3_zmq_pushpull,zmq_tcp,none,none,,1,27997,512,584,1785153464457619000,1785153464457619000,1785153464457619000,1785153464457620000,1785153464457761000,1785153464457763000,1785153464457763000,1785153464457763000,121932490,121652369,-139.121,0.000,0.000,1.000,2.000,0.000,0.000,22.000,0,0,0
B3_zmq_pushpull,zmq_tcp,none,none,,1,27998,512,584,1785153464458622000,1785153464458622000,1785153464458622000,1785153464458623000,1785153464458752000,1785153464458755000,1785153464458755000,1785153464458755000,121932490,121652369,-151.121,0.000,0.000,1.000,3.000,0.000,0.000,12.000,0,0,0
B3_zmq_pushpull,zmq_tcp,none,none,,1,27999,512,584,1785153464459618000,1785153464459618000,1785153464459619000,1785153464459619000,1785153464459755000,1785153464459761000,1785153464459761000,1785153464459761000,121932490,121652369,-144.121,0.000,1.000,0.000,6.000,0.000,0.000,7.000,0,0,0
B3_zmq_pushpull,zmq_tcp,none,none,,1,28000,512,584,1785153464460622000,1785153464460622000,1785153464460622000,1785153464460623000,1785153464460750000,1785153464460753000,1785153464460753000,1785153464460753000,121932490,121652369,-153.121,0.000,0.000,1.000,3.000,0.000,0.000,9.000,0,0,0
B3_zmq_pushpull,zmq_tcp,none,none,,1,28001,512,584,1785153464461621000,1785153464461621000,1785153464461621000,1785153464461622000,1785153464461757000,1785153464461759000,1785153464461759000,1785153464461759000,121932490,121652369,-145.121,0.000,0.000,1.000,2.000,0.000,0.000,8.000,0,0,0
B3_zmq_pushpull,zmq_tcp,none,none,,1,28002,512,584,1785153464462621000,1785153464462621000,1785153464462621000,1785153464462622000,1785153464462771000,1785153464462774000,1785153464462774000,1785153464462774000,121932490,121652369,-131.121,0.000,0.000,1.000,3.000,0.000,0.000,14.000,0,0,0
B3_zmq_pushpull,zmq_tcp,none,none,,1,28003,512,584,1785153464463475000,1785153464463475000,1785153464463475000,1785153464463476000,1785153464463631000,1785153464463634000,1785153464463635000,1785153464463635000,121932490,121652369,-125.121,0.000,0.000,1.000,3.000,1.000,0.000,6.000,0,0,0
B3_zmq_pushpull,zmq_tcp,none,none,,1,28004,512,584,1785153464464658000,1785153464464658000,1785153464464658000,1785153464464659000,1785153464464763000,1785153464464766000,1785153464464766000,1785153464464766000,121932490,121652369,-176.121,0.000,0.000,1.000,3.000,0.000,0.000,51.000,0,0,0
B3_zmq_pushpull,zmq_tcp,none,none,,1,28005,512,584,1785153464465616000,1785153464465616000,1785153464465616000,1785153464465617000,1785153464465779000,1785153464465782000,1785153464465782000,1785153464465782000,121932490,121652369,-118.121,0.000,0.000,1.000,3.000,0.000,0.000,58.000,0,0,0
B3_zmq_pushpull,zmq_tcp,none,none,,1,28006,512,584,1785153464466623000,1785153464466623000,1785153464466623000,1785153464466624000,1785153464466788000,1785153464466791000,1785153464466791000,1785153464466791000,121932490,121652369,-116.121,0.000,0.000,1.000,3.000,0.000,0.000,2.000,0,0,0
B3_zmq_pushpull,zmq_tcp,none,none,,1,28007,512,584,1785153464467617000,1785153464467617000,1785153464467617000,1785153464467618000,1785153464467663000,1785153464467667000,1785153464467667000,1785153464467667000,121932490,121652369,-235.121,0.000,0.000,1.000,4.000,0.000,0.000,119.000,0,0,0
B3_zmq_pushpull,zmq_tcp,none,none,,1,28008,512,584,1785153464468622000,1785153464468622000,1785153464468622000,1785153464468623000,1785153464468658000,1785153464468661000,1785153464468661000,1785153464468661000,121932490,121652369,-245.121,0.000,0.000,1.000,3.000,0.000,0.000,10.000,0,0,0
B3_zmq_pushpull,zmq_tcp,none,none,,1,28009,512,584,1785153464469621000,1785153464469621000,1785153464469621000,1785153464469622000,1785153464469671000,1785153464469675000,1785153464469675000,1785153464469675000,121932490,121652369,-231.121,0.000,0.000,1.000,4.000,0.000,0.000,14.000,0,0,0
B3_zmq_pushpull,zmq_tcp,none,none,,1,28010,512,584,1785153464470621000,1785153464470621000,1785153464470622000,1785153464470622000,1785153464470698000,1785153464470702000,1785153464470702000,1785153464470702000,121932490,121652369,-204.121,0.000,1.000,0.000,4.000,0.000,0.000,27.000,0,0,0
B3_zmq_pushpull,zmq_tcp,none,none,,1,28011,512,584,1785153464471617000,1785153464471617000,1785153464471617000,1785153464471618000,1785153464471702000,1785153464471705000,1785153464471705000,1785153464471705000,121932490,121652369,-196.121,0.000,0.000,1.000,3.000,0.000,0.000,8.000,0,0,0
B3_zmq_pushpull,zmq_tcp,none,none,,1,28012,512,584,1785153464472623000,1785153464472623000,1785153464472623000,1785153464472624000,1785153464472694000,1785153464472697000,1785153464472697000,1785153464472697000,121932490,121652369,-210.121,0.000,0.000,1.000,3.000,0.000,0.000,14.000,0,0,0
B3_zmq_pushpull,zmq_tcp,none,none,,1,28013,512,584,1785153464473624000,1785153464473624000,1785153464473624000,1785153464473625000,1785153464473708000,1785153464473711000,1785153464473711000,1785153464473711000,121932490,121652369,-197.121,0.000,0.000,1.000,3.000,0.000,0.000,13.000,0,0,0
B3_zmq_pushpull,zmq_tcp,none,none,,1,28014,512,584,1785153464474620000,1785153464474621000,1785153464474621000,1785153464474622000,1785153464474714000,1785153464474717000,1785153464474717000,1785153464474717000,121932490,121652369,-188.121,1.000,0.000,1.000,3.000,0.000,0.000,9.000,0,0,0
B3_zmq_pushpull,zmq_tcp,none,none,,1,28015,512,584,1785153464475430000,1785153464475430000,1785153464475430000,1785153464475431000,1785153464475574000,1785153464475577000,1785153464475577000,1785153464475577000,121932490,121652369,-137.121,0.000,0.000,1.000,3.000,0.000,0.000,51.000,0,0,0
B3_zmq_pushpull,zmq_tcp,none,none,,1,28016,512,584,1785153464476431000,1785153464476432000,1785153464476432000,1785153464476433000,1785153464476564000,1785153464476567000,1785153464476567000,1785153464476567000,121932490,121652369,-149.121,1.000,0.000,1.000,3.000,0.000,0.000,12.000,0,0,0
B3_zmq_pushpull,zmq_tcp,none,none,,1,28017,512,584,1785153464477550000,1785153464477550000,1785153464477550000,1785153464477551000,1785153464477712000,1785153464477721000,1785153464477721000,1785153464477721000,121932490,121652369,-119.121,0.000,0.000,1.000,9.000,0.000,0.000,30.000,0,0,0
B3_zmq_pushpull,zmq_tcp,none,none,,1,28018,512,584,1785153464478634000,1785153464478634000,1785153464478635000,1785153464478635000,1785153464478722000,1785153464478725000,1785153464478725000,1785153464478725000,121932490,121652369,-193.121,0.000,1.000,0.000,3.000,0.000,0.000,74.000,0,0,0
B3_zmq_pushpull,zmq_tcp,none,none,,1,28019,512,584,1785153464479424000,1785153464479424000,1785153464479424000,1785153464479425000,1785153464479567000,1785153464479570000,1785153464479570000,1785153464479570000,121932490,121652369,-138.121,0.000,0.000,1.000,3.000,0.000,0.000,55.000,0,0,0
B3_zmq_pushpull,zmq_tcp,none,none,,1,28020,512,584,1785153464480673000,1785153464480673000,1785153464480673000,1785153464480674000,1785153464480836000,1785153464480839000,1785153464480839000,1785153464480839000,121932490,121652369,-118.121,0.000,0.000,1.000,3.000,0.000,0.000,20.000,0,0,0
B3_zmq_pushpull,zmq_tcp,none,none,,1,28021,512,584,1785153464481606000,1785153464481606000,1785153464481606000,1785153464481607000,1785153464481685000,1785153464481688000,1785153464481688000,1785153464481688000,121932490,121652369,-202.121,0.000,0.000,1.000,3.000,0.000,0.000,84.000,0,0,0
B3_zmq_pushpull,zmq_tcp,none,none,,1,28022,512,584,1785153464482515000,1785153464482515000,1785153464482515000,1785153464482516000,1785153464482675000,1785153464482678000,1785153464482678000,1785153464482678000,121932490,121652369,-121.121,0.000,0.000,1.000,3.000,0.000,0.000,81.000,0,0,0
B3_zmq_pushpull,zmq_tcp,none,none,,1,28023,512,584,1785153464483601000,1785153464483601000,1785153464483601000,1785153464483602000,1785153464483678000,1785153464483682000,1785153464483682000,1785153464483682000,121932490,121652369,-204.121,0.000,0.000,1.000,4.000,0.000,0.000,83.000,0,0,0
B3_zmq_pushpull,zmq_tcp,none,none,,1,28024,512,584,1785153464484522000,1785153464484522000,1785153464484522000,1785153464484523000,1785153464484675000,1785153464484678000,1785153464484678000,1785153464484678000,121932490,121652369,-128.121,0.000,0.000,1.000,3.000,0.000,0.000,76.000,0,0,0
B3_zmq_pushpull,zmq_tcp,none,none,,1,28025,512,584,1785153464485644000,1785153464485644000,1785153464485644000,1785153464485645000,1785153464485815000,1785153464485818000,1785153464485818000,1785153464485818000,121932490,121652369,-110.121,0.000,0.000,1.000,3.000,0.000,0.000,18.000,0,0,0
B3_zmq_pushpull,zmq_tcp,none,none,,1,28026,512,584,1785153464486616000,1785153464486616000,1785153464486616000,1785153464486617000,1785153464486681000,1785153464486685000,1785153464486685000,1785153464486685000,121932490,121652369,-216.121,0.000,0.000,1.000,4.000,0.000,0.000,106.000,0,0,0
B3_zmq_pushpull,zmq_tcp,none,none,,1,28027,512,584,1785153464487627000,1785153464487627000,1785153464487627000,1785153464487628000,1785153464487687000,1785153464487691000,1785153464487691000,1785153464487691000,121932490,121652369,-221.121,0.000,0.000,1.000,4.000,0.000,0.000,5.000,0,0,0
B3_zmq_pushpull,zmq_tcp,none,none,,1,28028,512,584,1785153464488618000,1785153464488618000,1785153464488618000,1785153464488619000,1785153464488689000,1785153464488692000,1785153464488692000,1785153464488692000,121932490,121652369,-210.121,0.000,0.000,1.000,3.000,0.000,0.000,11.000,0,0,0
B3_zmq_pushpull,zmq_tcp,none,none,,1,28029,512,584,1785153464489622000,1785153464489623000,1785153464489623000,1785153464489624000,1785153464489668000,1785153464489672000,1785153464489672000,1785153464489672000,121932490,121652369,-236.121,1.000,0.000,1.000,4.000,0.000,0.000,26.000,0,0,0
B3_zmq_pushpull,zmq_tcp,none,none,,1,28030,512,584,1785153464490621000,1785153464490621000,1785153464490621000,1785153464490622000,1785153464490670000,1785153464490674000,1785153464490674000,1785153464490674000,121932490,121652369,-232.121,0.000,0.000,1.000,4.000,0.000,0.000,4.000,0,0,0
B3_zmq_pushpull,zmq_tcp,none,none,,1,28031,512,584,1785153464491624000,1785153464491624000,1785153464491624000,1785153464491625000,1785153464491696000,1785153464491699000,1785153464491699000,1785153464491699000,121932490,121652369,-209.121,0.000,0.000,1.000,3.000,0.000,0.000,23.000,0,0,0
B3_zmq_pushpull,zmq_tcp,none,none,,1,28032,512,584,1785153464492617000,1785153464492617000,1785153464492617000,1785153464492618000,1785153464492698000,1785153464492701000,1785153464492701000,1785153464492701000,121932490,121652369,-200.121,0.000,0.000,1.000,3.000,0.000,0.000,9.000,0,0,0
B3_zmq_pushpull,zmq_tcp,none,none,,1,28033,512,584,1785153464493623000,1785153464493623000,1785153464493623000,1785153464493624000,1785153464493706000,1785153464493709000,1785153464493709000,1785153464493709000,121932490,121652369,-198.121,0.000,0.000,1.000,3.000,0.000,0.000,2.000,0,0,0
B3_zmq_pushpull,zmq_tcp,none,none,,1,28034,512,584,1785153464494621000,1785153464494621000,1785153464494621000,1785153464494622000,1785153464494716000,1785153464494719000,1785153464494719000,1785153464494719000,121932490,121652369,-186.121,0.000,0.000,1.000,3.000,0.000,0.000,12.000,0,0,0
B3_zmq_pushpull,zmq_tcp,none,none,,1,28035,512,584,1785153464495621000,1785153464495621000,1785153464495621000,1785153464495622000,1785153464495733000,1785153464495735000,1785153464495735000,1785153464495735000,121932490,121652369,-169.121,0.000,0.000,1.000,2.000,0.000,0.000,17.000,0,0,0
B3_zmq_pushpull,zmq_tcp,none,none,,1,28036,512,584,1785153464496618000,1785153464496618000,1785153464496618000,1785153464496619000,1785153464496723000,1785153464496726000,1785153464496726000,1785153464496726000,121932490,121652369,-176.121,0.000,0.000,1.000,3.000,0.000,0.000,7.000,0,0,0
B3_zmq_pushpull,zmq_tcp,none,none,,1,28037,512,584,1785153464497622000,1785153464497622000,1785153464497622000,1785153464497623000,1785153464497727000,1785153464497730000,1785153464497730000,1785153464497730000,121932490,121652369,-176.121,0.000,0.000,1.000,3.000,0.000,0.000,0.000,0,0,0
B3_zmq_pushpull,zmq_tcp,none,none,,1,28038,512,584,1785153464498621000,1785153464498621000,1785153464498621000,1785153464498622000,1785153464498743000,1785153464498746000,1785153464498746000,1785153464498746000,121932490,121652369,-159.121,0.000,0.000,1.000,3.000,0.000,0.000,17.000,0,0,0
B3_zmq_pushpull,zmq_tcp,none,none,,1,28039,512,584,1785153464499623000,1785153464499623000,1785153464499623000,1785153464499624000,1785153464499751000,1785153464499754000,1785153464499754000,1785153464499754000,121932490,121652369,-153.121,0.000,0.000,1.000,3.000,0.000,0.000,6.000,0,0,0
B3_zmq_pushpull,zmq_tcp,none,none,,1,28040,512,584,1785153464500617000,1785153464500617000,1785153464500617000,1785153464500618000,1785153464500746000,1785153464500748000,1785153464500748000,1785153464500748000,121932490,121652369,-152.121,0.000,0.000,1.000,2.000,0.000,0.000,1.000,0,0,0
B3_zmq_pushpull,zmq_tcp,none,none,,1,28041,512,584,1785153464501622000,1785153464501622000,1785153464501622000,1785153464501623000,1785153464501747000,1785153464501750000,1785153464501750000,1785153464501750000,121932490,121652369,-156.121,0.000,0.000,1.000,3.000,0.000,0.000,4.000,0,0,0
B3_zmq_pushpull,zmq_tcp,none,none,,1,28042,512,584,1785153464502621000,1785153464502621000,1785153464502621000,1785153464502622000,1785153464502754000,1785153464502757000,1785153464502757000,1785153464502757000,121932490,121652369,-148.121,0.000,0.000,1.000,3.000,0.000,0.000,8.000,0,0,0
B3_zmq_pushpull,zmq_tcp,none,none,,1,28043,512,584,1785153464503621000,1785153464503621000,1785153464503621000,1785153464503622000,1785153464503755000,1785153464503758000,1785153464503758000,1785153464503758000,121932490,121652369,-147.121,0.000,0.000,1.000,3.000,0.000,0.000,1.000,0,0,0
B3_zmq_pushpull,zmq_tcp,none,none,,1,28044,512,584,1785153464504618000,1785153464504618000,1785153464504618000,1785153464504619000,1785153464504753000,1785153464504755000,1785153464504755000,1785153464504755000,121932490,121652369,-146.121,0.000,0.000,1.000,2.000,0.000,0.000,1.000,0,0,0
B3_zmq_pushpull,zmq_tcp,none,none,,1,28045,512,584,1785153464505622000,1785153464505622000,1785153464505622000,1785153464505623000,1785153464505762000,1785153464505765000,1785153464505765000,1785153464505765000,121932490,121652369,-141.121,0.000,0.000,1.000,3.000,0.000,0.000,5.000,0,0,0
B3_zmq_pushpull,zmq_tcp,none,none,,1,28046,512,584,1785153464506621000,1785153464506621000,1785153464506621000,1785153464506622000,1785153464506775000,1785153464506778000,1785153464506778000,1785153464506778000,121932490,121652369,-127.121,0.000,0.000,1.000,3.000,0.000,0.000,14.000,0,0,0
B3_zmq_pushpull,zmq_tcp,none,none,,1,28047,512,584,1785153464507477000,1785153464507477000,1785153464507477000,1785153464507478000,1785153464507638000,1785153464507641000,1785153464507641000,1785153464507641000,121932490,121652369,-120.121,0.000,0.000,1.000,3.000,0.000,0.000,7.000,0,0,0
B3_zmq_pushpull,zmq_tcp,none,none,,1,28048,512,584,1785153464508654000,1785153464508654000,1785153464508654000,1785153464508655000,1785153464508775000,1785153464508778000,1785153464508778000,1785153464508778000,121932490,121652369,-160.121,0.000,0.000,1.000,3.000,0.000,0.000,40.000,0,0,0
B3_zmq_pushpull,zmq_tcp,none,none,,1,28049,512,584,1785153464509613000,1785153464509613000,1785153464509613000,1785153464509614000,1785153464509778000,1785153464509781000,1785153464509781000,1785153464509781000,121932490,121652369,-116.121,0.000,0.000,1.000,3.000,0.000,0.000,44.000,0,0,0
B3_zmq_pushpull,zmq_tcp,none,none,,1,28050,512,584,1785153464510623000,1785153464510623000,1785153464510623000,1785153464510624000,1785153464510770000,1785153464510774000,1785153464510774000,1785153464510774000,121932490,121652369,-134.121,0.000,0.000,1.000,4.000,0.000,0.000,18.000,0,0,0
B3_zmq_pushpull,zmq_tcp,none,none,,1,28051,512,584,1785153464511616000,1785153464511616000,1785153464511616000,1785153464511617000,1785153464511773000,1785153464511776000,1785153464511776000,1785153464511776000,121932490,121652369,-124.121,0.000,0.000,1.000,3.000,0.000,0.000,10.000,0,0,0
B3_zmq_pushpull,zmq_tcp,none,none,,1,28052,512,584,1785153464512623000,1785153464512624000,1785153464512624000,1785153464512625000,1785153464512790000,1785153464512793000,1785153464512793000,1785153464512793000,121932490,121652369,-115.121,1.000,0.000,1.000,3.000,0.000,0.000,9.000,0,0,0
B3_zmq_pushpull,zmq_tcp,none,none,,1,28053,512,584,1785153464513622000,1785153464513622000,1785153464513622000,1785153464513623000,1785153464513795000,1785153464513798000,1785153464513798000,1785153464513798000,121932490,121652369,-108.121,0.000,0.000,1.000,3.000,0.000,0.000,7.000,0,0,0
B3_zmq_pushpull,zmq_tcp,none,none,,1,28054,512,584,1785153464514622000,1785153464514622000,1785153464514622000,1785153464514623000,1785153464514783000,1785153464514786000,1785153464514786000,1785153464514786000,121932490,121652369,-120.121,0.000,0.000,1.000,3.000,0.000,0.000,12.000,0,0,0
B3_zmq_pushpull,zmq_tcp,none,none,,1,28055,512,584,1785153464515470000,1785153464515470000,1785153464515470000,1785153464515471000,1785153464515630000,1785153464515633000,1785153464515633000,1785153464515633000,121932490,121652369,-121.121,0.000,0.000,1.000,3.000,0.000,0.000,1.000,0,0,0
B3_zmq_pushpull,zmq_tcp,none,none,,1,28056,512,584,1785153464516658000,1785153464516658000,1785153464516658000,1785153464516659000,1785153464516785000,1785153464516787000,1785153464516788000,1785153464516788000,121932490,121652369,-154.121,0.000,0.000,1.000,2.000,1.000,0.000,33.000,0,0,0
B3_zmq_pushpull,zmq_tcp,none,none,,1,28057,512,584,1785153464517612000,1785153464517612000,1785153464517612000,1785153464517613000,1785153464517657000,1785153464517660000,1785153464517660000,1785153464517660000,121932490,121652369,-236.121,0.000,0.000,1.000,3.000,0.000,0.000,82.000,0,0,0
B3_zmq_pushpull,zmq_tcp,none,none,,1,28058,512,584,1785153464518510000,1785153464518510000,1785153464518510000,1785153464518511000,1785153464518669000,1785153464518672000,1785153464518672000,1785153464518672000,121932490,121652369,-122.121,0.000,0.000,1.000,3.000,0.000,0.000,114.000,0,0,0
B3_zmq_pushpull,zmq_tcp,none,none,,1,28059,512,584,1785153464519651000,1785153464519651000,1785153464519651000,1785153464519652000,1785153464519819000,1785153464519822000,1785153464519822000,1785153464519822000,121932490,121652369,-113.121,0.000,0.000,1.000,3.000,0.000,0.000,9.000,0,0,0
B3_zmq_pushpull,zmq_tcp,none,none,,1,28060,512,584,1785153464520523000,1785153464520523000,1785153464520523000,1785153464520524000,1785153464520686000,1785153464520689000,1785153464520689000,1785153464520689000,121932490,121652369,-118.121,0.000,0.000,1.000,3.000,0.000,0.000,5.000,0,0,0
B3_zmq_pushpull,zmq_tcp,none,none,,1,28061,512,584,1785153464521533000,1785153464521533000,1785153464521533000,1785153464521534000,1785153464521691000,1785153464521694000,1785153464521694000,1785153464521694000,121932490,121652369,-123.121,0.000,0.000,1.000,3.000,0.000,0.000,5.000,0,0,0
B3_zmq_pushpull,zmq_tcp,none,none,,1,28062,512,584,1785153464522531000,1785153464522531000,1785153464522531000,1785153464522532000,1785153464522687000,1785153464522690000,1785153464522690000,1785153464522690000,121932490,121652369,-125.121,0.000,0.000,1.000,3.000,0.000,0.000,2.000,0,0,0
B3_zmq_pushpull,zmq_tcp,none,none,,1,28063,512,584,1785153464523530000,1785153464523530000,1785153464523530000,1785153464523531000,1785153464523686000,1785153464523689000,1785153464523689000,1785153464523689000,121932490,121652369,-125.121,0.000,0.000,1.000,3.000,0.000,0.000,0.000,0,0,0
B3_zmq_pushpull,zmq_tcp,none,none,,1,28064,512,584,1785153464524530000,1785153464524530000,1785153464524530000,1785153464524531000,1785153464524686000,1785153464524689000,1785153464524689000,1785153464524689000,121932490,121652369,-125.121,0.000,0.000,1.000,3.000,0.000,0.000,0.000,0,0,0
B3_zmq_pushpull,zmq_tcp,none,none,,1,28065,512,584,1785153464525532000,1785153464525532000,1785153464525532000,1785153464525533000,1785153464525675000,1785153464525678000,1785153464525678000,1785153464525678000,121932490,121652369,-138.121,0.000,0.000,1.000,3.000,0.000,0.000,13.000,0,0,0
B3_zmq_pushpull,zmq_tcp,none,none,,1,28066,512,584,1785153464526646000,1785153464526646000,1785153464526646000,1785153464526647000,1785153464526830000,1785153464526833000,1785153464526833000,1785153464526833000,121932490,121652369,-97.121,0.000,0.000,1.000,3.000,0.000,0.000,41.000,0,0,0
B3_zmq_pushpull,zmq_tcp,none,none,,1,28067,512,584,1785153464527532000,1785153464527532000,1785153464527532000,1785153464527533000,1785153464527694000,1785153464527697000,1785153464527697000,1785153464527697000,121932490,121652369,-119.121,0.000,0.000,1.000,3.000,0.000,0.000,22.000,0,0,0
B3_zmq_pushpull,zmq_tcp,none,none,,1,28068,512,584,1785153464528645000,1785153464528645000,1785153464528645000,1785153464528646000,1785153464528841000,1785153464528844000,1785153464528844000,1785153464528844000,121932490,121652369,-85.121,0.000,0.000,1.000,3.000,0.000,0.000,34.000,0,0,0
B3_zmq_pushpull,zmq_tcp,none,none,,1,28069,512,584,1785153464529612000,1785153464529612000,1785153464529612000,1785153464529613000,1785153464529711000,1785153464529715000,1785153464529715000,1785153464529715000,121932490,121652369,-182.121,0.000,0.000,1.000,4.000,0.000,0.000,97.000,0,0,0
B3_zmq_pushpull,zmq_tcp,none,none,,1,28070,512,584,1785153464530623000,1785153464530623000,1785153464530623000,1785153464530624000,1785153464530698000,1785153464530701000,1785153464530701000,1785153464530701000,121932490,121652369,-206.121,0.000,0.000,1.000,3.000,0.000,0.000,24.000,0,0,0
B3_zmq_pushpull,zmq_tcp,none,none,,1,28071,512,584,1785153464531620000,1785153464531620000,1785153464531620000,1785153464531621000,1785153464531675000,1785153464531678000,1785153464531678000,1785153464531678000,121932490,121652369,-226.121,0.000,0.000,1.000,3.000,0.000,0.000,20.000,0,0,0
B3_zmq_pushpull,zmq_tcp,none,none,,1,28072,512,584,1785153464532620000,1785153464532620000,1785153464532620000,1785153464532621000,1785153464532786000,1785153464532789000,1785153464532789000,1785153464532789000,121932490,121652369,-115.121,0.000,0.000,1.000,3.000,0.000,0.000,111.000,0,0,0
B3_zmq_pushpull,zmq_tcp,none,none,,1,28073,512,584,1785153464533617000,1785153464533617000,1785153464533617000,1785153464533618000,1785153464533778000,1785153464533781000,1785153464533781000,1785153464533781000,121932490,121652369,-120.121,0.000,0.000,1.000,3.000,0.000,0.000,5.000,0,0,0
B3_zmq_pushpull,zmq_tcp,none,none,,1,28074,512,584,1785153464534624000,1785153464534624000,1785153464534624000,1785153464534625000,1785153464534745000,1785153464534748000,1785153464534748000,1785153464534748000,121932490,121652369,-160.121,0.000,0.000,1.000,3.000,0.000,0.000,40.000,0,0,0
B3_zmq_pushpull,zmq_tcp,none,none,,1,28075,512,584,1785153464535427000,1785153464535427000,1785153464535427000,1785153464535428000,1785153464535579000,1785153464535582000,1785153464535582000,1785153464535582000,121932490,121652369,-129.121,0.000,0.000,1.000,3.000,0.000,0.000,31.000,0,0,0
B3_zmq_pushpull,zmq_tcp,none,none,,1,28076,512,584,1785153464536670000,1785153464536670000,1785153464536671000,1785153464536671000,1785153464536817000,1785153464536820000,1785153464536820000,1785153464536820000,121932490,121652369,-134.121,0.000,1.000,0.000,3.000,0.000,0.000,5.000,0,0,0
B3_zmq_pushpull,zmq_tcp,none,none,,1,28077,512,584,1785153464537604000,1785153464537604000,1785153464537604000,1785153464537605000,1785153464537645000,1785153464537647000,1785153464537647000,1785153464537647000,121932490,121652369,-240.121,0.000,0.000,1.000,2.000,0.000,0.000,106.000,0,0,0
B3_zmq_pushpull,zmq_tcp,none,none,,1,28078,512,584,1785153464538624000,1785153464538624000,1785153464538624000,1785153464538625000,1785153464538760000,1785153464538762000,1785153464538762000,1785153464538762000,121932490,121652369,-145.121,0.000,0.000,1.000,2.000,0.000,0.000,95.000,0,0,0
B3_zmq_pushpull,zmq_tcp,none,none,,1,28079,512,584,1785153464539623000,1785153464539623000,1785153464539623000,1785153464539624000,1785153464539737000,1785153464539740000,1785153464539740000,1785153464539740000,121932490,121652369,-167.121,0.000,0.000,1.000,3.000,0.000,0.000,22.000,0,0,0
B3_zmq_pushpull,zmq_tcp,none,none,,1,28080,512,584,1785153464540622000,1785153464540623000,1785153464540623000,1785153464540624000,1785153464540726000,1785153464540729000,1785153464540729000,1785153464540729000,121932490,121652369,-178.121,1.000,0.000,1.000,3.000,0.000,0.000,11.000,0,0,0
B3_zmq_pushpull,zmq_tcp,none,none,,1,28081,512,584,1785153464541617000,1785153464541617000,1785153464541618000,1785153464541618000,1785153464541716000,1785153464541718000,1785153464541718000,1785153464541718000,121932490,121652369,-182.121,0.000,1.000,0.000,2.000,0.000,0.000,4.000,0,0,0
B3_zmq_pushpull,zmq_tcp,none,none,,1,28082,512,584,1785153464542624000,1785153464542624000,1785153464542624000,1785153464542625000,1785153464542813000,1785153464542816000,1785153464542816000,1785153464542816000,121932490,121652369,-92.121,0.000,0.000,1.000,3.000,0.000,0.000,90.000,0,0,0
B3_zmq_pushpull,zmq_tcp,none,none,,1,28083,512,584,1785153464543619000,1785153464543619000,1785153464543619000,1785153464543620000,1785153464543806000,1785153464543809000,1785153464543809000,1785153464543809000,121932490,121652369,-94.121,0.000,0.000,1.000,3.000,0.000,0.000,2.000,0,0,0
B3_zmq_pushpull,zmq_tcp,none,none,,1,28084,512,584,1785153464544621000,1785153464544622000,1785153464544622000,1785153464544623000,1785153464544780000,1785153464544783000,1785153464544783000,1785153464544783000,121932490,121652369,-123.121,1.000,0.000,1.000,3.000,0.000,0.000,29.000,0,0,0
B3_zmq_pushpull,zmq_tcp,none,none,,1,28085,512,584,1785153464545478000,1785153464545478000,1785153464545478000,1785153464545479000,1785153464545630000,1785153464545633000,1785153464545633000,1785153464545633000,121932490,121652369,-129.121,0.000,0.000,1.000,3.000,0.000,0.000,6.000,0,0,0
B3_zmq_pushpull,zmq_tcp,none,none,,1,28086,512,584,1785153464546449000,1785153464546449000,1785153464546449000,1785153464546450000,1785153464546602000,1785153464546605000,1785153464546605000,1785153464546605000,121932490,121652369,-128.121,0.000,0.000,1.000,3.000,0.000,0.000,1.000,0,0,0
B3_zmq_pushpull,zmq_tcp,none,none,,1,28087,512,584,1785153464547429000,1785153464547429000,1785153464547429000,1785153464547430000,1785153464547582000,1785153464547585000,1785153464547585000,1785153464547585000,121932490,121652369,-128.121,0.000,0.000,1.000,3.000,0.000,0.000,0.000,0,0,0
B3_zmq_pushpull,zmq_tcp,none,none,,1,28088,512,584,1785153464548670000,1785153464548670000,1785153464548670000,1785153464548671000,1785153464548849000,1785153464548852000,1785153464548852000,1785153464548852000,121932490,121652369,-102.121,0.000,0.000,1.000,3.000,0.000,0.000,26.000,0,0,0
B3_zmq_pushpull,zmq_tcp,none,none,,1,28089,512,584,1785153464549540000,1785153464549541000,1785153464549541000,1785153464549542000,1785153464549697000,1785153464549700000,1785153464549700000,1785153464549700000,121932490,121652369,-125.121,1.000,0.000,1.000,3.000,0.000,0.000,23.000,0,0,0
B3_zmq_pushpull,zmq_tcp,none,none,,1,28090,512,584,1785153464550516000,1785153464550516000,1785153464550516000,1785153464550517000,1785153464550669000,1785153464550672000,1785153464550672000,1785153464550672000,121932490,121652369,-128.121,0.000,0.000,1.000,3.000,0.000,0.000,3.000,0,0,0
B3_zmq_pushpull,zmq_tcp,none,none,,1,28091,512,584,1785153464551504000,1785153464551505000,1785153464551505000,1785153464551506000,1785153464551657000,1785153464551660000,1785153464551660000,1785153464551660000,121932490,121652369,-129.121,1.000,0.000,1.000,3.000,0.000,0.000,1.000,0,0,0
B3_zmq_pushpull,zmq_tcp,none,none,,1,28092,512,584,1785153464552650000,1785153464552650000,1785153464552650000,1785153464552651000,1785153464552786000,1785153464552789000,1785153464552789000,1785153464552789000,121932490,121652369,-145.121,0.000,0.000,1.000,3.000,0.000,0.000,16.000,0,0,0
B3_zmq_pushpull,zmq_tcp,none,none,,1,28093,512,584,1785153464553609000,1785153464553609000,1785153464553610000,1785153464553610000,1785153464553782000,1785153464553785000,1785153464553785000,1785153464553785000,121932490,121652369,-108.121,0.000,1.000,0.000,3.000,0.000,0.000,37.000,0,0,0
B3_zmq_pushpull,zmq_tcp,none,none,,1,28094,512,584,1785153464554623000,1785153464554623000,1785153464554623000,1785153464554624000,1785153464554768000,1785153464554770000,1785153464554770000,1785153464554770000,121932490,121652369,-136.121,0.000,0.000,1.000,2.000,0.000,0.000,28.000,0,0,0
B3_zmq_pushpull,zmq_tcp,none,none,,1,28095,512,584,1785153464555620000,1785153464555620000,1785153464555620000,1785153464555621000,1785153464555754000,1785153464555757000,1785153464555757000,1785153464555757000,121932490,121652369,-147.121,0.000,0.000,1.000,3.000,0.000,0.000,11.000,0,0,0
B3_zmq_pushpull,zmq_tcp,none,none,,1,28096,512,584,1785153464556623000,1785153464556623000,1785153464556623000,1785153464556624000,1785153464556741000,1785153464556744000,1785153464556744000,1785153464556744000,121932490,121652369,-163.121,0.000,0.000,1.000,3.000,0.000,0.000,16.000,0,0,0
B3_zmq_pushpull,zmq_tcp,none,none,,1,28097,512,584,1785153464557619000,1785153464557619000,1785153464557619000,1785153464557620000,1785153464557728000,1785153464557730000,1785153464557730000,1785153464557730000,121932490,121652369,-172.121,0.000,0.000,1.000,2.000,0.000,0.000,9.000,0,0,0
B3_zmq_pushpull,zmq_tcp,none,none,,1,28098,512,584,1785153464558621000,1785153464558621000,1785153464558621000,1785153464558622000,1785153464558726000,1785153464558729000,1785153464558729000,1785153464558729000,121932490,121652369,-176.121,0.000,0.000,1.000,3.000,0.000,0.000,4.000,0,0,0
B3_zmq_pushpull,zmq_tcp,none,none,,1,28099,512,584,1785153464559620000,1785153464559620000,1785153464559620000,1785153464559621000,1785153464559713000,1785153464559716000,1785153464559716000,1785153464559716000,121932490,121652369,-188.121,0.000,0.000,1.000,3.000,0.000,0.000,12.000,0,0,0
B3_zmq_pushpull,zmq_tcp,none,none,,1,28100,512,584,1785153464560621000,1785153464560621000,1785153464560621000,1785153464560622000,1785153464560686000,1785153464560688000,1785153464560688000,1785153464560688000,121932490,121652369,-216.121,0.000,0.000,1.000,2.000,0.000,0.000,28.000,0,0,0
B3_zmq_pushpull,zmq_tcp,none,none,,1,28101,512,584,1785153464561524000,1785153464561524000,1785153464561524000,1785153464561525000,1785153464561681000,1785153464561684000,1785153464561684000,1785153464561684000,121932490,121652369,-124.121,0.000,0.000,1.000,3.000,0.000,0.000,92.000,0,0,0
B3_zmq_pushpull,zmq_tcp,none,none,,1,28102,512,584,1785153464562523000,1785153464562523000,1785153464562523000,1785153464562524000,1785153464562680000,1785153464562684000,1785153464562684000,1785153464562684000,121932490,121652369,-124.121,0.000,0.000,1.000,4.000,0.000,0.000,0.000,0,0,0
B3_zmq_pushpull,zmq_tcp,none,none,,1,28103,512,584,1785153464563520000,1785153464563520000,1785153464563521000,1785153464563522000,1785153464563681000,1785153464563684000,1785153464563684000,1785153464563684000,121932490,121652369,-121.121,0.000,1.000,1.000,3.000,0.000,0.000,3.000,0,0,0
B3_zmq_pushpull,zmq_tcp,none,none,,1,28104,512,584,1785153464564646000,1785153464564646000,1785153464564646000,1785153464564648000,1785153464564805000,1785153464564808000,1785153464564808000,1785153464564808000,121932490,121652369,-123.121,0.000,0.000,2.000,3.000,0.000,0.000,2.000,0,0,0
B3_zmq_pushpull,zmq_tcp,none,none,,1,28105,512,584,1785153464565509000,1785153464565509000,1785153464565509000,1785153464565510000,1785153464565662000,1785153464565666000,1785153464565666000,1785153464565666000,121932490,121652369,-128.121,0.000,0.000,1.000,4.000,0.000,0.000,5.000,0,0,0
B3_zmq_pushpull,zmq_tcp,none,none,,1,28106,512,584,1785153464566507000,1785153464566507000,1785153464566507000,1785153464566508000,1785153464566662000,1785153464566666000,1785153464566666000,1785153464566666000,121932490,121652369,-126.121,0.000,0.000,1.000,4.000,0.000,0.000,2.000,0,0,0
B3_zmq_pushpull,zmq_tcp,none,none,,1,28107,512,584,1785153464567503000,1785153464567503000,1785153464567503000,1785153464567504000,1785153464567648000,1785153464567651000,1785153464567651000,1785153464567651000,121932490,121652369,-136.121,0.000,0.000,1.000,3.000,0.000,0.000,10.000,0,0,0
B3_zmq_pushpull,zmq_tcp,none,none,,1,28108,512,584,1785153464568652000,1785153464568652000,1785153464568652000,1785153464568653000,1785153464568784000,1785153464568787000,1785153464568787000,1785153464568787000,121932490,121652369,-149.121,0.000,0.000,1.000,3.000,0.000,0.000,13.000,0,0,0
B3_zmq_pushpull,zmq_tcp,none,none,,1,28109,512,584,1785153464569612000,1785153464569612000,1785153464569612000,1785153464569613000,1785153464569798000,1785153464569801000,1785153464569801000,1785153464569801000,121932490,121652369,-95.121,0.000,0.000,1.000,3.000,0.000,0.000,54.000,0,0,0
B3_zmq_pushpull,zmq_tcp,none,none,,1,28110,512,584,1785153464570627000,1785153464570627000,1785153464570627000,1785153464570628000,1785153464570690000,1785153464570694000,1785153464570694000,1785153464570694000,121932490,121652369,-218.121,0.000,0.000,1.000,4.000,0.000,0.000,123.000,0,0,0
B3_zmq_pushpull,zmq_tcp,none,none,,1,28111,512,584,1785153464571531000,1785153464571531000,1785153464571531000,1785153464571532000,1785153464571693000,1785153464571695000,1785153464571695000,1785153464571695000,121932490,121652369,-119.121,0.000,0.000,1.000,2.000,0.000,0.000,99.000,0,0,0
B3_zmq_pushpull,zmq_tcp,none,none,,1,28112,512,584,1785153464572645000,1785153464572645000,1785153464572645000,1785153464572646000,1785153464572822000,1785153464572825000,1785153464572825000,1785153464572825000,121932490,121652369,-104.121,0.000,0.000,1.000,3.000,0.000,0.000,15.000,0,0,0
B3_zmq_pushpull,zmq_tcp,none,none,,1,28113,512,584,1785153464573525000,1785153464573525000,1785153464573525000,1785153464573526000,1785153464573680000,1785153464573682000,1785153464573682000,1785153464573682000,121932490,121652369,-126.121,0.000,0.000,1.000,2.000,0.000,0.000,22.000,0,0,0
B3_zmq_pushpull,zmq_tcp,none,none,,1,28114,512,584,1785153464574646000,1785153464574646000,1785153464574646000,1785153464574647000,1785153464574686000,1785153464574689000,1785153464574689000,1785153464574689000,121932490,121652369,-241.121,0.000,0.000,1.000,3.000,0.000,0.000,115.000,0,0,0
B3_zmq_pushpull,zmq_tcp,none,none,,1,28115,512,584,1785153464575616000,1785153464575616000,1785153464575616000,1785153464575617000,1785153464575694000,1785153464575698000,1785153464575698000,1785153464575698000,121932490,121652369,-203.121,0.000,0.000,1.000,4.000,0.000,0.000,38.000,0,0,0
B3_zmq_pushpull,zmq_tcp,none,none,,1,28116,512,584,1785153464576623000,1785153464576623000,1785153464576624000,1785153464576624000,1785153464576704000,1785153464576707000,1785153464576707000,1785153464576707000,121932490,121652369,-200.121,0.000,1.000,0.000,3.000,0.000,0.000,3.000,0,0,0
B3_zmq_pushpull,zmq_tcp,none,none,,1,28117,512,584,1785153464577617000,1785153464577618000,1785153464577618000,1785153464577619000,1785153464577697000,1785153464577700000,1785153464577701000,1785153464577701000,121932490,121652369,-202.121,1.000,0.000,1.000,3.000,1.000,0.000,2.000,0,0,0
B3_zmq_pushpull,zmq_tcp,none,none,,1,28118,512,584,1785153464578623000,1785153464578623000,1785153464578623000,1785153464578624000,1785153464578690000,1785153464578694000,1785153464578694000,1785153464578694000,121932490,121652369,-214.121,0.000,0.000,1.000,4.000,0.000,0.000,12.000,0,0,0
B3_zmq_pushpull,zmq_tcp,none,none,,1,28119,512,584,1785153464579622000,1785153464579622000,1785153464579622000,1785153464579623000,1785153464579800000,1785153464579803000,1785153464579803000,1785153464579803000,121932490,121652369,-103.121,0.000,0.000,1.000,3.000,0.000,0.000,111.000,0,0,0
B3_zmq_pushpull,zmq_tcp,none,none,,1,28120,512,584,1785153464580493000,1785153464580493000,1785153464580493000,1785153464580494000,1785153464580650000,1785153464580653000,1785153464580653000,1785153464580653000,121932490,121652369,-124.121,0.000,0.000,1.000,3.000,0.000,0.000,21.000,0,0,0
B3_zmq_pushpull,zmq_tcp,none,none,,1,28121,512,584,1785153464581503000,1785153464581503000,1785153464581503000,1785153464581504000,1785153464581661000,1785153464581664000,1785153464581664000,1785153464581664000,121932490,121652369,-123.121,0.000,0.000,1.000,3.000,0.000,0.000,1.000,0,0,0
B3_zmq_pushpull,zmq_tcp,none,none,,1,28122,512,584,1785153464582518000,1785153464582518000,1785153464582518000,1785153464582519000,1785153464582678000,1785153464582681000,1785153464582681000,1785153464582681000,121932490,121652369,-121.121,0.000,0.000,1.000,3.000,0.000,0.000,2.000,0,0,0
B3_zmq_pushpull,zmq_tcp,none,none,,1,28123,512,584,1785153464583609000,1785153464583609000,1785153464583609000,1785153464583610000,1785153464583677000,1785153464583680000,1785153464583680000,1785153464583680000,121932490,121652369,-213.121,0.000,0.000,1.000,3.000,0.000,0.000,92.000,0,0,0
B3_zmq_pushpull,zmq_tcp,none,none,,1,28124,512,584,1785153464584626000,1785153464584626000,1785153464584626000,1785153464584627000,1785153464584694000,1785153464584697000,1785153464584697000,1785153464584697000,121932490,121652369,-213.121,0.000,0.000,1.000,3.000,0.000,0.000,0.000,0,0,0
B3_zmq_pushpull,zmq_tcp,none,none,,1,28125,512,584,1785153464585547000,1785153464585547000,1785153464585547000,1785153464585548000,1785153464585713000,1785153464585716000,1785153464585716000,1785153464585716000,121932490,121652369,-115.121,0.000,0.000,1.000,3.000,0.000,0.000,98.000,0,0,0
B3_zmq_pushpull,zmq_tcp,none,none,,1,28126,512,584,1785153464586541000,1785153464586542000,1785153464586542000,1785153464586543000,1785153464586698000,1785153464586701000,1785153464586701000,1785153464586701000,121932490,121652369,-125.121,1.000,0.000,1.000,3.000,0.000,0.000,10.000,0,0,0
B3_zmq_pushpull,zmq_tcp,none,none,,1,28127,512,584,1785153464587644000,1785153464587644000,1785153464587645000,1785153464587645000,1785153464587857000,1785153464587860000,1785153464587860000,1785153464587860000,121932490,121652369,-68.121,0.000,1.000,0.000,3.000,0.000,0.000,57.000,0,0,0
B3_zmq_pushpull,zmq_tcp,none,none,,1,28128,512,584,1785153464588612000,1785153464588612000,1785153464588612000,1785153464588613000,1785153464588732000,1785153464588734000,1785153464588734000,1785153464588734000,121932490,121652369,-161.121,0.000,0.000,1.000,2.000,0.000,0.000,93.000,0,0,0
B3_zmq_pushpull,zmq_tcp,none,none,,1,28129,512,584,1785153464589627000,1785153464589627000,1785153464589627000,1785153464589628000,1785153464589740000,1785153464589742000,1785153464589742000,1785153464589742000,121932490,121652369,-168.121,0.000,0.000,1.000,2.000,0.000,0.000,7.000,0,0,0
B3_zmq_pushpull,zmq_tcp,none,none,,1,28130,512,584,1785153464590620000,1785153464590620000,1785153464590621000,1785153464590621000,1785153464590758000,1785153464590761000,1785153464590761000,1785153464590761000,121932490,121652369,-143.121,0.000,1.000,0.000,3.000,0.000,0.000,25.000,0,0,0
B3_zmq_pushpull,zmq_tcp,none,none,,1,28131,512,584,1785153464591622000,1785153464591622000,1785153464591622000,1785153464591623000,1785153464591762000,1785153464591765000,1785153464591765000,1785153464591765000,121932490,121652369,-141.121,0.000,0.000,1.000,3.000,0.000,0.000,2.000,0,0,0
B3_zmq_pushpull,zmq_tcp,none,none,,1,28132,512,584,1785153464592620000,1785153464592620000,1785153464592620000,1785153464592622000,1785153464592768000,1785153464592771000,1785153464592771000,1785153464592771000,121932490,121652369,-134.121,0.000,0.000,2.000,3.000,0.000,0.000,7.000,0,0,0
B3_zmq_pushpull,zmq_tcp,none,none,,1,28133,512,584,1785153464593622000,1785153464593622000,1785153464593622000,1785153464593623000,1785153464593768000,1785153464593771000,1785153464593771000,1785153464593771000,121932490,121652369,-135.121,0.000,0.000,1.000,3.000,0.000,0.000,1.000,0,0,0
B3_zmq_pushpull,zmq_tcp,none,none,,1,28134,512,584,1785153464594620000,1785153464594620000,1785153464594621000,1785153464594621000,1785153464594747000,1785153464594749000,1785153464594749000,1785153464594749000,121932490,121652369,-154.121,0.000,1.000,0.000,2.000,0.000,0.000,19.000,0,0,0
B3_zmq_pushpull,zmq_tcp,none,none,,1,28135,512,584,1785153464595620000,1785153464595620000,1785153464595620000,1785153464595621000,1785153464595732000,1785153464595735000,1785153464595735000,1785153464595735000,121932490,121652369,-169.121,0.000,0.000,1.000,3.000,0.000,0.000,15.000,0,0,0
B3_zmq_pushpull,zmq_tcp,none,none,,1,28136,512,584,1785153464596623000,1785153464596623000,1785153464596623000,1785153464596624000,1785153464596740000,1785153464596743000,1785153464596743000,1785153464596743000,121932490,121652369,-164.121,0.000,0.000,1.000,3.000,0.000,0.000,5.000,0,0,0
B3_zmq_pushpull,zmq_tcp,none,none,,1,28137,512,584,1785153464597589000,1785153464597589000,1785153464597589000,1785153464597590000,1785153464597732000,1785153464597735000,1785153464597735000,1785153464597736000,121932490,121652369,-138.121,0.000,0.000,1.000,3.000,0.000,1.000,26.000,0,0,0
B3_zmq_pushpull,zmq_tcp,none,none,,1,28138,512,584,1785153464598434000,1785153464598434000,1785153464598435000,1785153464598435000,1785153464598595000,1785153464598597000,1785153464598597000,1785153464598597000,121932490,121652369,-120.121,0.000,1.000,0.000,2.000,0.000,0.000,18.000,0,0,0
B3_zmq_pushpull,zmq_tcp,none,none,,1,28139,512,584,1785153464599668000,1785153464599668000,1785153464599668000,1785153464599669000,1785153464599852000,1785153464599855000,1785153464599855000,1785153464599855000,121932490,121652369,-97.121,0.000,0.000,1.000,3.000,0.000,0.000,23.000,0,0,0
B3_zmq_pushpull,zmq_tcp,none,none,,1,28140,512,584,1785153464600606000,1785153464600606000,1785153464600606000,1785153464600607000,1785153464600672000,1785153464600675000,1785153464600675000,1785153464600675000,121932490,121652369,-215.121,0.000,0.000,1.000,3.000,0.000,0.000,118.000,0,0,0
B3_zmq_pushpull,zmq_tcp,none,none,,1,28141,512,584,1785153464601626000,1785153464601627000,1785153464601627000,1785153464601628000,1785153464601781000,1785153464601784000,1785153464601784000,1785153464601784000,121932490,121652369,-127.121,1.000,0.000,1.000,3.000,0.000,0.000,88.000,0,0,0
B3_zmq_pushpull,zmq_tcp,none,none,,1,28142,512,584,1785153464602480000,1785153464602481000,1785153464602481000,1785153464602482000,1785153464602637000,1785153464602640000,1785153464602640000,1785153464602640000,121932490,121652369,-125.121,1.000,0.000,1.000,3.000,0.000,0.000,2.000,0,0,0
B3_zmq_pushpull,zmq_tcp,none,none,,1,28143,512,584,1785153464603658000,1785153464603658000,1785153464603658000,1785153464603659000,1785153464603759000,1785153464603761000,1785153464603761000,1785153464603761000,121932490,121652369,-180.121,0.000,0.000,1.000,2.000,0.000,0.000,55.000,0,0,0
B3_zmq_pushpull,zmq_tcp,none,none,,1,28144,512,584,1785153464604611000,1785153464604611000,1785153464604611000,1785153464604612000,1785153464604765000,1785153464604768000,1785153464604768000,1785153464604768000,121932490,121652369,-127.121,0.000,0.000,1.000,3.000,0.000,0.000,53.000,0,0,0
B3_zmq_pushpull,zmq_tcp,none,none,,1,28145,512,584,1785153464605625000,1785153464605626000,1785153464605626000,1785153464605627000,1785153464605761000,1785153464605764000,1785153464605764000,1785153464605764000,121932490,121652369,-146.121,1.000,0.000,1.000,3.000,0.000,0.000,19.000,0,0,0
B3_zmq_pushpull,zmq_tcp,none,none,,1,28146,512,584,1785153464606619000,1785153464606619000,1785153464606619000,1785153464606620000,1785153464606743000,1785153464606746000,1785153464606746000,1785153464606746000,121932490,121652369,-157.121,0.000,0.000,1.000,3.000,0.000,0.000,11.000,0,0,0
B3_zmq_pushpull,zmq_tcp,none,none,,1,28147,512,584,1785153464607624000,1785153464607624000,1785153464607624000,1785153464607625000,1785153464607735000,1785153464607738000,1785153464607738000,1785153464607738000,121932490,121652369,-170.121,0.000,0.000,1.000,3.000,0.000,0.000,13.000,0,0,0
B3_zmq_pushpull,zmq_tcp,none,none,,1,28148,512,584,1785153464608618000,1785153464608618000,1785153464608618000,1785153464608619000,1785153464608737000,1785153464608740000,1785153464608740000,1785153464608740000,121932490,121652369,-162.121,0.000,0.000,1.000,3.000,0.000,0.000,8.000,0,0,0
B3_zmq_pushpull,zmq_tcp,none,none,,1,28149,512,584,1785153464609624000,1785153464609624000,1785153464609624000,1785153464609625000,1785153464609725000,1785153464609728000,1785153464609728000,1785153464609728000,121932490,121652369,-180.121,0.000,0.000,1.000,3.000,0.000,0.000,18.000,0,0,0
B3_zmq_pushpull,zmq_tcp,none,none,,1,28150,512,584,1785153464610623000,1785153464610624000,1785153464610624000,1785153464610625000,1785153464610716000,1785153464610719000,1785153464610719000,1785153464610719000,121932490,121652369,-189.121,1.000,0.000,1.000,3.000,0.000,0.000,9.000,0,0,0
B3_zmq_pushpull,zmq_tcp,none,none,,1,28151,512,584,1785153464611623000,1785153464611623000,1785153464611623000,1785153464611624000,1785153464611709000,1785153464611712000,1785153464611712000,1785153464611712000,121932490,121652369,-195.121,0.000,0.000,1.000,3.000,0.000,0.000,6.000,0,0,0
B3_zmq_pushpull,zmq_tcp,none,none,,1,28152,512,584,1785153464612619000,1785153464612619000,1785153464612619000,1785153464612620000,1785153464612692000,1785153464612695000,1785153464612695000,1785153464612695000,121932490,121652369,-208.121,0.000,0.000,1.000,3.000,0.000,0.000,13.000,0,0,0
B3_zmq_pushpull,zmq_tcp,none,none,,1,28153,512,584,1785153464613425000,1785153464613425000,1785153464613425000,1785153464613426000,1785153464613542000,1785153464613545000,1785153464613545000,1785153464613545000,121932490,121652369,-164.121,0.000,0.000,1.000,3.000,0.000,0.000,44.000,0,0,0
B3_zmq_pushpull,zmq_tcp,none,none,,1,28154,512,584,1785153464614670000,1785153464614670000,1785153464614670000,1785153464614671000,1785153464614800000,1785153464614803000,1785153464614803000,1785153464614803000,121932490,121652369,-151.121,0.000,0.000,1.000,3.000,0.000,0.000,13.000,0,0,0
B3_zmq_pushpull,zmq_tcp,none,none,,1,28155,512,584,1785153464615611000,1785153464615612000,1785153464615612000,1785153464615613000,1785153464615770000,1785153464615773000,1785153464615773000,1785153464615773000,121932490,121652369,-123.121,1.000,0.000,1.000,3.000,0.000,0.000,28.000,0,0,0
B3_zmq_pushpull,zmq_tcp,none,none,,1,28156,512,584,1785153464616623000,1785153464616623000,1785153464616623000,1785153464616624000,1785153464616785000,1785153464616788000,1785153464616789000,1785153464616789000,121932490,121652369,-119.121,0.000,0.000,1.000,3.000,1.000,0.000,4.000,0,0,0
B3_zmq_pushpull,zmq_tcp,none,none,,1,28157,512,584,1785153464617623000,1785153464617623000,1785153464617623000,1785153464617624000,1785153464617783000,1785153464617785000,1785153464617785000,1785153464617785000,121932490,121652369,-121.121,0.000,0.000,1.000,2.000,0.000,0.000,2.000,0,0,0
B3_zmq_pushpull,zmq_tcp,none,none,,1,28158,512,584,1785153464618620000,1785153464618621000,1785153464618621000,1785153464618622000,1785153464618780000,1785153464618783000,1785153464618783000,1785153464618783000,121932490,121652369,-122.121,1.000,0.000,1.000,3.000,0.000,0.000,1.000,0,0,0
B3_zmq_pushpull,zmq_tcp,none,none,,1,28159,512,584,1785153464619621000,1785153464619621000,1785153464619621000,1785153464619622000,1785153464619774000,1785153464619777000,1785153464619777000,1785153464619777000,121932490,121652369,-128.121,0.000,0.000,1.000,3.000,0.000,0.000,6.000,0,0,0
B3_zmq_pushpull,zmq_tcp,none,none,,1,28160,512,584,1785153464620621000,1785153464620621000,1785153464620621000,1785153464620622000,1785153464620736000,1785153464620739000,1785153464620739000,1785153464620739000,121932490,121652369,-166.121,0.000,0.000,1.000,3.000,0.000,0.000,38.000,0,0,0
B3_zmq_pushpull,zmq_tcp,none,none,,1,28161,512,584,1785153464621620000,1785153464621620000,1785153464621621000,1785153464621621000,1785153464621716000,1785153464621719000,1785153464621719000,1785153464621719000,121932490,121652369,-185.121,0.000,1.000,0.000,3.000,0.000,0.000,19.000,0,0,0
B3_zmq_pushpull,zmq_tcp,none,none,,1,28162,512,584,1785153464622535000,1785153464622536000,1785153464622536000,1785153464622537000,1785153464622688000,1785153464622691000,1785153464622691000,1785153464622691000,121932490,121652369,-129.121,1.000,0.000,1.000,3.000,0.000,0.000,56.000,0,0,0
B3_zmq_pushpull,zmq_tcp,none,none,,1,28163,512,584,1785153464623514000,1785153464623514000,1785153464623514000,1785153464623515000,1785153464623675000,1785153464623678000,1785153464623678000,1785153464623678000,121932490,121652369,-120.121,0.000,0.000,1.000,3.000,0.000,0.000,9.000,0,0,0
B3_zmq_pushpull,zmq_tcp,none,none,,1,28164,512,584,1785153464624647000,1785153464624647000,1785153464624647000,1785153464624648000,1785153464624799000,1785153464624802000,1785153464624802000,1785153464624802000,121932490,121652369,-129.121,0.000,0.000,1.000,3.000,0.000,0.000,9.000,0,0,0
B3_zmq_pushpull,zmq_tcp,none,none,,1,28165,512,584,1785153464625502000,1785153464625502000,1785153464625502000,1785153464625503000,1785153464625660000,1785153464625663000,1785153464625663000,1785153464625663000,121932490,121652369,-123.121,0.000,0.000,1.000,3.000,0.000,0.000,6.000,0,0,0
B3_zmq_pushpull,zmq_tcp,none,none,,1,28166,512,584,1785153464626488000,1785153464626488000,1785153464626488000,1785153464626489000,1785153464626637000,1785153464626640000,1785153464626640000,1785153464626640000,121932490,121652369,-132.121,0.000,0.000,1.000,3.000,0.000,0.000,9.000,0,0,0
B3_zmq_pushpull,zmq_tcp,none,none,,1,28167,512,584,1785153464627651000,1785153464627651000,1785153464627651000,1785153464627652000,1785153464627760000,1785153464627763000,1785153464627763000,1785153464627763000,121932490,121652369,-172.121,0.000,0.000,1.000,3.000,0.000,0.000,40.000,0,0,0
B3_zmq_pushpull,zmq_tcp,none,none,,1,28168,512,584,1785153464628614000,1785153464628614000,1785153464628614000,1785153464628615000,1785153464628737000,1785153464628740000,1785153464628740000,1785153464628740000,121932490,121652369,-158.121,0.000,0.000,1.000,3.000,0.000,0.000,14.000,0,0,0
B3_zmq_pushpull,zmq_tcp,none,none,,1,28169,512,584,1785153464629432000,1785153464629432000,1785153464629432000,1785153464629433000,1785153464629575000,1785153464629579000,1785153464629579000,1785153464629579000,121932490,121652369,-138.121,0.000,0.000,1.000,4.000,0.000,0.000,20.000,0,0,0
B3_zmq_pushpull,zmq_tcp,none,none,,1,28170,512,584,1785153464630669000,1785153464630669000,1785153464630669000,1785153464630670000,1785153464630856000,1785153464630859000,1785153464630859000,1785153464630859000,121932490,121652369,-94.121,0.000,0.000,1.000,3.000,0.000,0.000,44.000,0,0,0
B3_zmq_pushpull,zmq_tcp,none,none,,1,28171,512,584,1785153464631608000,1785153464631608000,1785153464631608000,1785153464631609000,1785153464631704000,1785153464631707000,1785153464631707000,1785153464631707000,121932490,121652369,-185.121,0.000,0.000,1.000,3.000,0.000,0.000,91.000,0,0,0
B3_zmq_pushpull,zmq_tcp,none,none,,1,28172,512,584,1785153464632627000,1785153464632627000,1785153464632627000,1785153464632628000,1785153464632685000,1785153464632688000,1785153464632688000,1785153464632688000,121932490,121652369,-223.121,0.000,0.000,1.000,3.000,0.000,0.000,38.000,0,0,0
B3_zmq_pushpull,zmq_tcp,none,none,,1,28173,512,584,1785153464633624000,1785153464633624000,1785153464633624000,1785153464633625000,1785153464633816000,1785153464633819000,1785153464633819000,1785153464633819000,121932490,121652369,-89.121,0.000,0.000,1.000,3.000,0.000,0.000,134.000,0,0,0
B3_zmq_pushpull,zmq_tcp,none,none,,1,28174,512,584,1785153464634623000,1785153464634623000,1785153464634623000,1785153464634625000,1785153464634815000,1785153464634818000,1785153464634818000,1785153464634818000,121932490,121652369,-90.121,0.000,0.000,2.000,3.000,0.000,0.000,1.000,0,0,0
B3_zmq_pushpull,zmq_tcp,none,none,,1,28175,512,584,1785153464635514000,1785153464635514000,1785153464635514000,1785153464635516000,1785153464635667000,1785153464635669000,1785153464635670000,1785153464635670000,121932490,121652369,-129.121,0.000,0.000,2.000,2.000,1.000,0.000,39.000,0,0,0
B3_zmq_pushpull,zmq_tcp,none,none,,1,28176,512,584,1785153464636647000,1785153464636647000,1785153464636647000,1785153464636648000,1785153464636788000,1785153464636791000,1785153464636791000,1785153464636791000,121932490,121652369,-140.121,0.000,0.000,1.000,3.000,0.000,0.000,11.000,0,0,0
B3_zmq_pushpull,zmq_tcp,none,none,,1,28177,512,584,1785153464637614000,1785153464637614000,1785153464637614000,1785153464637615000,1785153464637767000,1785153464637769000,1785153464637770000,1785153464637770000,121932490,121652369,-128.121,0.000,0.000,1.000,2.000,1.000,0.000,12.000,0,0,0
B3_zmq_pushpull,zmq_tcp,none,none,,1,28178,512,584,1785153464638622000,1785153464638622000,1785153464638622000,1785153464638623000,1785153464638769000,1785153464638772000,1785153464638772000,1785153464638772000,121932490,121652369,-134.121,0.000,0.000,1.000,3.000,0.000,0.000,6.000,0,0,0
B3_zmq_pushpull,zmq_tcp,none,none,,1,28179,512,584,1785153464639622000,1785153464639622000,1785153464639622000,1785153464639623000,1785153464639764000,1785153464639767000,1785153464639767000,1785153464639767000,121932490,121652369,-139.121,0.000,0.000,1.000,3.000,0.000,0.000,5.000,0,0,0
B3_zmq_pushpull,zmq_tcp,none,none,,1,28180,512,584,1785153464640625000,1785153464640625000,1785153464640625000,1785153464640626000,1785153464640733000,1785153464640737000,1785153464640737000,1785153464640737000,121932490,121652369,-173.121,0.000,0.000,1.000,4.000,0.000,0.000,34.000,0,0,0
B3_zmq_pushpull,zmq_tcp,none,none,,1,28181,512,584,1785153464641620000,1785153464641621000,1785153464641621000,1785153464641622000,1785153464641707000,1785153464641710000,1785153464641710000,1785153464641710000,121932490,121652369,-195.121,1.000,0.000,1.000,3.000,0.000,0.000,22.000,0,0,0
B3_zmq_pushpull,zmq_tcp,none,none,,1,28182,512,584,1785153464642620000,1785153464642620000,1785153464642621000,1785153464642621000,1785153464642693000,1785153464642696000,1785153464642696000,1785153464642696000,121932490,121652369,-208.121,0.000,1.000,0.000,3.000,0.000,0.000,13.000,0,0,0
B3_zmq_pushpull,zmq_tcp,none,none,,1,28183,512,584,1785153464643624000,1785153464643624000,1785153464643624000,1785153464643625000,1785153464643690000,1785153464643692000,1785153464643692000,1785153464643692000,121932490,121652369,-215.121,0.000,0.000,1.000,2.000,0.000,0.000,7.000,0,0,0
B3_zmq_pushpull,zmq_tcp,none,none,,1,28184,512,584,1785153464644623000,1785153464644623000,1785153464644623000,1785153464644624000,1785153464644689000,1785153464644693000,1785153464644693000,1785153464644693000,121932490,121652369,-215.121,0.000,0.000,1.000,4.000,0.000,0.000,0.000,0,0,0
B3_zmq_pushpull,zmq_tcp,none,none,,1,28185,512,584,1785153464645622000,1785153464645623000,1785153464645623000,1785153464645624000,1785153464645698000,1785153464645701000,1785153464645701000,1785153464645701000,121932490,121652369,-206.121,1.000,0.000,1.000,3.000,0.000,0.000,9.000,0,0,0
B3_zmq_pushpull,zmq_tcp,none,none,,1,28186,512,584,1785153464646619000,1785153464646619000,1785153464646619000,1785153464646620000,1785153464646694000,1785153464646697000,1785153464646697000,1785153464646697000,121932490,121652369,-206.121,0.000,0.000,1.000,3.000,0.000,0.000,0.000,0,0,0
B3_zmq_pushpull,zmq_tcp,none,none,,1,28187,512,584,1785153464647624000,1785153464647624000,1785153464647624000,1785153464647625000,1785153464647690000,1785153464647692000,1785153464647692000,1785153464647692000,121932490,121652369,-215.121,0.000,0.000,1.000,2.000,0.000,0.000,9.000,0,0,0
B3_zmq_pushpull,zmq_tcp,none,none,,1,28188,512,584,1785153464648516000,1785153464648516000,1785153464648517000,1785153464648517000,1785153464648668000,1785153464648671000,1785153464648671000,1785153464648671000,121932490,121652369,-129.121,0.000,1.000,0.000,3.000,0.000,0.000,86.000,0,0,0
B3_zmq_pushpull,zmq_tcp,none,none,,1,28189,512,584,1785153464649508000,1785153464649508000,1785153464649508000,1785153464649509000,1785153464649660000,1785153464649664000,1785153464649664000,1785153464649664000,121932490,121652369,-129.121,0.000,0.000,1.000,4.000,0.000,0.000,0.000,0,0,0
B3_zmq_pushpull,zmq_tcp,none,none,,1,28190,512,584,1785153464650486000,1785153464650486000,1785153464650486000,1785153464650487000,1785153464650638000,1785153464650640000,1785153464650640000,1785153464650640000,121932490,121652369,-129.121,0.000,0.000,1.000,2.000,0.000,0.000,0.000,0,0,0
B3_zmq_pushpull,zmq_tcp,none,none,,1,28191,512,584,1785153464651469000,1785153464651469000,1785153464651469000,1785153464651470000,1785153464651622000,1785153464651625000,1785153464651625000,1785153464651625000,121932490,121652369,-128.121,0.000,0.000,1.000,3.000,0.000,0.000,1.000,0,0,0
B3_zmq_pushpull,zmq_tcp,none,none,,1,28192,512,584,1785153464652442000,1785153464652442000,1785153464652442000,1785153464652444000,1785153464652582000,1785153464652586000,1785153464652586000,1785153464652586000,121932490,121652369,-142.121,0.000,0.000,2.000,4.000,0.000,0.000,14.000,0,0,0
B3_zmq_pushpull,zmq_tcp,none,none,,1,28193,512,584,1785153464653549000,1785153464653549000,1785153464653549000,1785153464653550000,1785153464653707000,1785153464653710000,1785153464653710000,1785153464653710000,121932490,121652369,-123.121,0.000,0.000,1.000,3.000,0.000,0.000,19.000,0,0,0
B3_zmq_pushpull,zmq_tcp,none,none,,1,28194,512,584,1785153464654525000,1785153464654525000,1785153464654525000,1785153464654526000,1785153464654686000,1785153464654688000,1785153464654688000,1785153464654688000,121932490,121652369,-120.121,0.000,0.000,1.000,2.000,0.000,0.000,3.000,0,0,0
B3_zmq_pushpull,zmq_tcp,none,none,,1,28195,512,584,1785153464655645000,1785153464655645000,1785153464655645000,1785153464655646000,1785153464655815000,1785153464655819000,1785153464655819000,1785153464655819000,121932490,121652369,-111.121,0.000,0.000,1.000,4.000,0.000,0.000,9.000,0,0,0
B3_zmq_pushpull,zmq_tcp,none,none,,1,28196,512,584,1785153464656616000,1785153464656616000,1785153464656616000,1785153464656617000,1785153464656787000,1785153464656790000,1785153464656790000,1785153464656790000,121932490,121652369,-110.121,0.000,0.000,1.000,3.000,0.000,0.000,1.000,0,0,0
B3_zmq_pushpull,zmq_tcp,none,none,,1,28197,512,584,1785153464657620000,1785153464657620000,1785153464657620000,1785153464657621000,1785153464657783000,1785153464657786000,1785153464657786000,1785153464657786000,121932490,121652369,-118.121,0.000,0.000,1.000,3.000,0.000,0.000,8.000,0,0,0
B3_zmq_pushpull,zmq_tcp,none,none,,1,28198,512,584,1785153464658483000,1785153464658484000,1785153464658484000,1785153464658485000,1785153464658638000,1785153464658641000,1785153464658641000,1785153464658641000,121932490,121652369,-127.121,1.000,0.000,1.000,3.000,0.000,0.000,9.000,0,0,0
B3_zmq_pushpull,zmq_tcp,none,none,,1,28199,512,584,1785153464659468000,1785153464659468000,1785153464659468000,1785153464659470000,1785153464659618000,1785153464659620000,1785153464659620000,1785153464659620000,121932490,121652369,-132.121,0.000,0.000,2.000,2.000,0.000,0.000,5.000,0,0,0
B3_zmq_pushpull,zmq_tcp,none,none,,1,28200,512,584,1785153464660659000,1785153464660659000,1785153464660659000,1785153464660660000,1785153464660755000,1785153464660757000,1785153464660757000,1785153464660758000,121932490,121652369,-185.121,0.000,0.000,1.000,2.000,0.000,1.000,53.000,0,0,0
B3_zmq_pushpull,zmq_tcp,none,none,,1,28201,512,584,1785153464661612000,1785153464661612000,1785153464661612000,1785153464661613000,1785153464661758000,1785153464661762000,1785153464661762000,1785153464661762000,121932490,121652369,-135.121,0.000,0.000,1.000,4.000,0.000,0.000,50.000,0,0,0
B3_zmq_pushpull,zmq_tcp,none,none,,1,28202,512,584,1785153464662623000,1785153464662623000,1785153464662623000,1785153464662624000,1785153464662730000,1785153464662733000,1785153464662733000,1785153464662733000,121932490,121652369,-174.121,0.000,0.000,1.000,3.000,0.000,0.000,39.000,0,0,0
B3_zmq_pushpull,zmq_tcp,none,none,,1,28203,512,584,1785153464663621000,1785153464663621000,1785153464663621000,1785153464663622000,1785153464663707000,1785153464663710000,1785153464663710000,1785153464663710000,121932490,121652369,-195.121,0.000,0.000,1.000,3.000,0.000,0.000,21.000,0,0,0
B3_zmq_pushpull,zmq_tcp,none,none,,1,28204,512,584,1785153464664621000,1785153464664621000,1785153464664621000,1785153464664622000,1785153464664673000,1785153464664676000,1785153464664676000,1785153464664676000,121932490,121652369,-229.121,0.000,0.000,1.000,3.000,0.000,0.000,34.000,0,0,0
B3_zmq_pushpull,zmq_tcp,none,none,,1,28205,512,584,1785153464665618000,1785153464665618000,1785153464665618000,1785153464665619000,1785153464665806000,1785153464665808000,1785153464665808000,1785153464665808000,121932490,121652369,-93.121,0.000,0.000,1.000,2.000,0.000,0.000,136.000,0,0,0
B3_zmq_pushpull,zmq_tcp,none,none,,1,28206,512,584,1785153464666622000,1785153464666622000,1785153464666622000,1785153464666623000,1785153464666791000,1785153464666794000,1785153464666794000,1785153464666794000,121932490,121652369,-112.121,0.000,0.000,1.000,3.000,0.000,0.000,19.000,0,0,0
B3_zmq_pushpull,zmq_tcp,none,none,,1,28207,512,584,1785153464667621000,1785153464667621000,1785153464667621000,1785153464667622000,1785153464667766000,1785153464667768000,1785153464667768000,1785153464667768000,121932490,121652369,-136.121,0.000,0.000,1.000,2.000,0.000,0.000,24.000,0,0,0
B3_zmq_pushpull,zmq_tcp,none,none,,1,28208,512,584,1785153464668621000,1785153464668621000,1785153464668621000,1785153464668622000,1785153464668749000,1785153464668753000,1785153464668753000,1785153464668753000,121932490,121652369,-153.121,0.000,0.000,1.000,4.000,0.000,0.000,17.000,0,0,0
B3_zmq_pushpull,zmq_tcp,none,none,,1,28209,512,584,1785153464669620000,1785153464669620000,1785153464669620000,1785153464669621000,1785153464669723000,1785153464669726000,1785153464669726000,1785153464669726000,121932490,121652369,-178.121,0.000,0.000,1.000,3.000,0.000,0.000,25.000,0,0,0
B3_zmq_pushpull,zmq_tcp,none,none,,1,28210,512,584,1785153464670622000,1785153464670622000,1785153464670622000,1785153464670623000,1785153464670708000,1785153464670712000,1785153464670712000,1785153464670712000,121932490,121652369,-195.121,0.000,0.000,1.000,4.000,0.000,0.000,17.000,0,0,0
B3_zmq_pushpull,zmq_tcp,none,none,,1,28211,512,584,1785153464671621000,1785153464671621000,1785153464671621000,1785153464671622000,1785153464671695000,1785153464671698000,1785153464671698000,1785153464671698000,121932490,121652369,-207.121,0.000,0.000,1.000,3.000,0.000,0.000,12.000,0,0,0
B3_zmq_pushpull,zmq_tcp,none,none,,1,28212,512,584,1785153464672621000,1785153464672621000,1785153464672621000,1785153464672622000,1785153464672689000,1785153464672692000,1785153464672692000,1785153464672692000,121932490,121652369,-213.121,0.000,0.000,1.000,3.000,0.000,0.000,6.000,0,0,0
B3_zmq_pushpull,zmq_tcp,none,none,,1,28213,512,584,1785153464673521000,1785153464673521000,1785153464673521000,1785153464673522000,1785153464673674000,1785153464673676000,1785153464673676000,1785153464673676000,121932490,121652369,-128.121,0.000,0.000,1.000,2.000,0.000,0.000,85.000,0,0,0
B3_zmq_pushpull,zmq_tcp,none,none,,1,28214,512,584,1785153464674500000,1785153464674500000,1785153464674500000,1785153464674501000,1785153464674652000,1785153464674655000,1785153464674655000,1785153464674655000,121932490,121652369,-129.121,0.000,0.000,1.000,3.000,0.000,0.000,1.000,0,0,0
B3_zmq_pushpull,zmq_tcp,none,none,,1,28215,512,584,1785153464675497000,1785153464675497000,1785153464675498000,1785153464675498000,1785153464675651000,1785153464675655000,1785153464675655000,1785153464675655000,121932490,121652369,-127.121,0.000,1.000,0.000,4.000,0.000,0.000,2.000,0,0,0
B3_zmq_pushpull,zmq_tcp,none,none,,1,28216,512,584,1785153464676655000,1785153464676655000,1785153464676655000,1785153464676656000,1785153464676792000,1785153464676795000,1785153464676795000,1785153464676795000,121932490,121652369,-144.121,0.000,0.000,1.000,3.000,0.000,0.000,17.000,0,0,0
B3_zmq_pushpull,zmq_tcp,none,none,,1,28217,512,584,1785153464677610000,1785153464677610000,1785153464677610000,1785153464677611000,1785153464677786000,1785153464677788000,1785153464677788000,1785153464677788000,121932490,121652369,-105.121,0.000,0.000,1.000,2.000,0.000,0.000,39.000,0,0,0
B3_zmq_pushpull,zmq_tcp,none,none,,1,28218,512,584,1785153464678626000,1785153464678626000,1785153464678626000,1785153464678627000,1785153464678747000,1785153464678750000,1785153464678750000,1785153464678750000,121932490,121652369,-160.121,0.000,0.000,1.000,3.000,0.000,0.000,55.000,0,0,0
B3_zmq_pushpull,zmq_tcp,none,none,,1,28219,512,584,1785153464679624000,1785153464679624000,1785153464679624000,1785153464679625000,1785153464679743000,1785153464679746000,1785153464679746000,1785153464679746000,121932490,121652369,-162.121,0.000,0.000,1.000,3.000,0.000,0.000,2.000,0,0,0
B3_zmq_pushpull,zmq_tcp,none,none,,1,28220,512,584,1785153464680622000,1785153464680622000,1785153464680622000,1785153464680623000,1785153464680713000,1785153464680716000,1785153464680716000,1785153464680716000,121932490,121652369,-190.121,0.000,0.000,1.000,3.000,0.000,0.000,28.000,0,0,0
B3_zmq_pushpull,zmq_tcp,none,none,,1,28221,512,584,1785153464681621000,1785153464681621000,1785153464681621000,1785153464681622000,1785153464681702000,1785153464681705000,1785153464681705000,1785153464681705000,121932490,121652369,-200.121,0.000,0.000,1.000,3.000,0.000,0.000,10.000,0,0,0
B3_zmq_pushpull,zmq_tcp,none,none,,1,28222,512,584,1785153464682623000,1785153464682624000,1785153464682624000,1785153464682625000,1785153464682690000,1785153464682693000,1785153464682693000,1785153464682693000,121932490,121652369,-215.121,1.000,0.000,1.000,3.000,0.000,0.000,15.000,0,0,0
B3_zmq_pushpull,zmq_tcp,none,none,,1,28223,512,584,1785153464683621000,1785153464683621000,1785153464683621000,1785153464683622000,1785153464683678000,1785153464683681000,1785153464683681000,1785153464683681000,121932490,121652369,-224.121,0.000,0.000,1.000,3.000,0.000,0.000,9.000,0,0,0
B3_zmq_pushpull,zmq_tcp,none,none,,1,28224,512,584,1785153464684621000,1785153464684621000,1785153464684621000,1785153464684622000,1785153464684669000,1785153464684672000,1785153464684672000,1785153464684672000,121932490,121652369,-233.121,0.000,0.000,1.000,3.000,0.000,0.000,9.000,0,0,0
B3_zmq_pushpull,zmq_tcp,none,none,,1,28225,512,584,1785153464685499000,1785153464685499000,1785153464685499000,1785153464685500000,1785153464685652000,1785153464685655000,1785153464685655000,1785153464685655000,121932490,121652369,-128.121,0.000,0.000,1.000,3.000,0.000,0.000,105.000,0,0,0
B3_zmq_pushpull,zmq_tcp,none,none,,1,28226,512,584,1785153464686485000,1785153464686486000,1785153464686486000,1785153464686487000,1785153464686643000,1785153464686646000,1785153464686646000,1785153464686646000,121932490,121652369,-124.121,1.000,0.000,1.000,3.000,0.000,0.000,4.000,0,0,0
B3_zmq_pushpull,zmq_tcp,none,none,,1,28227,512,584,1785153464687448000,1785153464687448000,1785153464687448000,1785153464687449000,1785153464687608000,1785153464687612000,1785153464687612000,1785153464687612000,121932490,121652369,-121.121,0.000,0.000,1.000,4.000,0.000,0.000,3.000,0,0,0
B3_zmq_pushpull,zmq_tcp,none,none,,1,28228,512,584,1785153464688433000,1785153464688433000,1785153464688434000,1785153464688434000,1785153464688594000,1785153464688596000,1785153464688596000,1785153464688596000,121932490,121652369,-120.121,0.000,1.000,0.000,2.000,0.000,0.000,1.000,0,0,0
B3_zmq_pushpull,zmq_tcp,none,none,,1,28229,512,584,1785153464689668000,1785153464689668000,1785153464689668000,1785153464689669000,1785153464689822000,1785153464689824000,1785153464689824000,1785153464689824000,121932490,121652369,-127.121,0.000,0.000,1.000,2.000,0.000,0.000,7.000,0,0,0
B3_zmq_pushpull,zmq_tcp,none,none,,1,28230,512,584,1785153464690522000,1785153464690522000,1785153464690522000,1785153464690523000,1785153464690674000,1785153464690678000,1785153464690678000,1785153464690678000,121932490,121652369,-129.121,0.000,0.000,1.000,4.000,0.000,0.000,2.000,0,0,0
B3_zmq_pushpull,zmq_tcp,none,none,,1,28231,512,584,1785153464691500000,1785153464691500000,1785153464691500000,1785153464691501000,1785153464691652000,1785153464691655000,1785153464691655000,1785153464691655000,121932490,121652369,-129.121,0.000,0.000,1.000,3.000,0.000,0.000,0.000,0,0,0
B3_zmq_pushpull,zmq_tcp,none,none,,1,28232,512,584,1785153464692490000,1785153464692490000,1785153464692491000,1785153464692492000,1785153464692651000,1785153464692654000,1785153464692654000,1785153464692654000,121932490,121652369,-121.121,0.000,1.000,1.000,3.000,0.000,0.000,8.000,0,0,0
B3_zmq_pushpull,zmq_tcp,none,none,,1,28233,512,584,1785153464693479000,1785153464693479000,1785153464693479000,1785153464693480000,1785153464693631000,1785153464693634000,1785153464693634000,1785153464693634000,121932490,121652369,-129.121,0.000,0.000,1.000,3.000,0.000,0.000,8.000,0,0,0
B3_zmq_pushpull,zmq_tcp,none,none,,1,28234,512,584,1785153464694659000,1785153464694660000,1785153464694660000,1785153464694661000,1785153464694756000,1785153464694758000,1785153464694758000,1785153464694758000,121932490,121652369,-185.121,1.000,0.000,1.000,2.000,0.000,0.000,56.000,0,0,0
B3_zmq_pushpull,zmq_tcp,none,none,,1,28235,512,584,1785153464695607000,1785153464695608000,1785153464695608000,1785153464695609000,1785153464695741000,1785153464695743000,1785153464695743000,1785153464695743000,121932490,121652369,-148.121,1.000,0.000,1.000,2.000,0.000,0.000,37.000,0,0,0
B3_zmq_pushpull,zmq_tcp,none,none,,1,28236,512,584,1785153464696626000,1785153464696626000,1785153464696626000,1785153464696627000,1785153464696716000,1785153464696720000,1785153464696720000,1785153464696720000,121932490,121652369,-191.121,0.000,0.000,1.000,4.000,0.000,0.000,43.000,0,0,0
B3_zmq_pushpull,zmq_tcp,none,none,,1,28237,512,584,1785153464697619000,1785153464697620000,1785153464697620000,1785153464697621000,1785153464697703000,1785153464697707000,1785153464697707000,1785153464697707000,121932490,121652369,-198.121,1.000,0.000,1.000,4.000,0.000,0.000,7.000,0,0,0
B3_zmq_pushpull,zmq_tcp,none,none,,1,28238,512,584,1785153464698624000,1785153464698624000,1785153464698624000,1785153464698625000,1785153464698707000,1785153464698710000,1785153464698711000,1785153464698711000,121932490,121652369,-198.121,0.000,0.000,1.000,3.000,1.000,0.000,0.000,0,0,0
B3_zmq_pushpull,zmq_tcp,none,none,,1,28239,512,584,1785153464699618000,1785153464699618000,1785153464699618000,1785153464699619000,1785153464699697000,1785153464699700000,1785153464699700000,1785153464699700000,121932490,121652369,-202.121,0.000,0.000,1.000,3.000,0.000,0.000,4.000,0,0,0
B3_zmq_pushpull,zmq_tcp,none,none,,1,28240,512,584,1785153464700625000,1785153464700625000,1785153464700625000,1785153464700626000,1785153464700698000,1785153464700702000,1785153464700702000,1785153464700702000,121932490,121652369,-208.121,0.000,0.000,1.000,4.000,0.000,0.000,6.000,0,0,0
B3_zmq_pushpull,zmq_tcp,none,none,,1,28241,512,584,1785153464701621000,1785153464701621000,1785153464701621000,1785153464701622000,1785153464701701000,1785153464701704000,1785153464701704000,1785153464701704000,121932490,121652369,-201.121,0.000,0.000,1.000,3.000,0.000,0.000,7.000,0,0,0
B3_zmq_pushpull,zmq_tcp,none,none,,1,28242,512,584,1785153464702624000,1785153464702624000,1785153464702624000,1785153464702625000,1785153464702689000,1785153464702691000,1785153464702691000,1785153464702691000,121932490,121652369,-216.121,0.000,0.000,1.000,2.000,0.000,0.000,15.000,0,0,0
B3_zmq_pushpull,zmq_tcp,none,none,,1,28243,512,584,1785153464703620000,1785153464703620000,1785153464703620000,1785153464703621000,1785153464703814000,1785153464703818000,1785153464703818000,1785153464703818000,121932490,121652369,-87.121,0.000,0.000,1.000,4.000,0.000,0.000,129.000,0,0,0
B3_zmq_pushpull,zmq_tcp,none,none,,1,28244,512,584,1785153464704622000,1785153464704622000,1785153464704622000,1785153464704623000,1785153464704670000,1785153464704673000,1785153464704673000,1785153464704673000,121932490,121652369,-233.121,0.000,0.000,1.000,3.000,0.000,0.000,146.000,0,0,0
B3_zmq_pushpull,zmq_tcp,none,none,,1,28245,512,584,1785153464705621000,1785153464705621000,1785153464705621000,1785153464705622000,1785153464705783000,1785153464705786000,1785153464705786000,1785153464705786000,121932490,121652369,-119.121,0.000,0.000,1.000,3.000,0.000,0.000,114.000,0,0,0
B3_zmq_pushpull,zmq_tcp,none,none,,1,28246,512,584,1785153464706475000,1785153464706475000,1785153464706475000,1785153464706476000,1785153464706630000,1785153464706633000,1785153464706633000,1785153464706633000,121932490,121652369,-126.121,0.000,0.000,1.000,3.000,0.000,0.000,7.000,0,0,0
B3_zmq_pushpull,zmq_tcp,none,none,,1,28247,512,584,1785153464707488000,1785153464707488000,1785153464707488000,1785153464707489000,1785153464707646000,1785153464707649000,1785153464707649000,1785153464707649000,121932490,121652369,-123.121,0.000,0.000,1.000,3.000,0.000,0.000,3.000,0,0,0
B3_zmq_pushpull,zmq_tcp,none,none,,1,28248,512,584,1785153464708659000,1785153464708659000,1785153464708659000,1785153464708660000,1785153464708785000,1785153464708787000,1785153464708787000,1785153464708787000,121932490,121652369,-155.121,0.000,0.000,1.000,2.000,0.000,0.000,32.000,0,0,0
B3_zmq_pushpull,zmq_tcp,none,none,,1,28249,512,584,1785153464709616000,1785153464709616000,1785153464709617000,1785153464709617000,1785153464709775000,1785153464709778000,1785153464709778000,1785153464709778000,121932490,121652369,-122.121,0.000,1.000,0.000,3.000,0.000,0.000,33.000,0,0,0
B3_zmq_pushpull,zmq_tcp,none,none,,1,28250,512,584,1785153464710623000,1785153464710623000,1785153464710623000,1785153464710624000,1785153464710761000,1785153464710763000,1785153464710764000,1785153464710764000,121932490,121652369,-143.121,0.000,0.000,1.000,2.000,1.000,0.000,21.000,0,0,0
B3_zmq_pushpull,zmq_tcp,none,none,,1,28251,512,584,1785153464711621000,1785153464711621000,1785153464711621000,1785153464711622000,1785153464711738000,1785153464711741000,1785153464711741000,1785153464711741000,121932490,121652369,-164.121,0.000,0.000,1.000,3.000,0.000,0.000,21.000,0,0,0
B3_zmq_pushpull,zmq_tcp,none,none,,1,28252,512,584,1785153464712621000,1785153464712621000,1785153464712621000,1785153464712622000,1785153464712722000,1785153464712725000,1785153464712725000,1785153464712725000,121932490,121652369,-180.121,0.000,0.000,1.000,3.000,0.000,0.000,16.000,0,0,0
B3_zmq_pushpull,zmq_tcp,none,none,,1,28253,512,584,1785153464713621000,1785153464713621000,1785153464713621000,1785153464713622000,1785153464713714000,1785153464713716000,1785153464713716000,1785153464713716000,121932490,121652369,-188.121,0.000,0.000,1.000,2.000,0.000,0.000,8.000,0,0,0
B3_zmq_pushpull,zmq_tcp,none,none,,1,28254,512,584,1785153464714623000,1785153464714624000,1785153464714624000,1785153464714625000,1785153464714696000,1785153464714698000,1785153464714698000,1785153464714698000,121932490,121652369,-209.121,1.000,0.000,1.000,2.000,0.000,0.000,21.000,0,0,0
B3_zmq_pushpull,zmq_tcp,none,none,,1,28255,512,584,1785153464715621000,1785153464715621000,1785153464715621000,1785153464715622000,1785153464715681000,1785153464715683000,1785153464715684000,1785153464715684000,121932490,121652369,-221.121,0.000,0.000,1.000,2.000,1.000,0.000,12.000,0,0,0
B3_zmq_pushpull,zmq_tcp,none,none,,1,28256,512,584,1785153464716510000,1785153464716510000,1785153464716510000,1785153464716512000,1785153464716661000,1785153464716663000,1785153464716663000,1785153464716663000,121932490,121652369,-131.121,0.000,0.000,2.000,2.000,0.000,0.000,90.000,0,0,0
B3_zmq_pushpull,zmq_tcp,none,none,,1,28257,512,584,1785153464717648000,1785153464717648000,1785153464717648000,1785153464717649000,1785153464717785000,1785153464717788000,1785153464717789000,1785153464717789000,121932490,121652369,-144.121,0.000,0.000,1.000,3.000,1.000,0.000,13.000,0,0,0
B3_zmq_pushpull,zmq_tcp,none,none,,1,28258,512,584,1785153464718619000,1785153464718619000,1785153464718619000,1785153464718620000,1785153464718785000,1785153464718787000,1785153464718787000,1785153464718787000,121932490,121652369,-115.121,0.000,0.000,1.000,2.000,0.000,0.000,29.000,0,0,0
B3_zmq_pushpull,zmq_tcp,none,none,,1,28259,512,584,1785153464719623000,1785153464719623000,1785153464719623000,1785153464719624000,1785153464719769000,1785153464719771000,1785153464719771000,1785153464719771000,121932490,121652369,-135.121,0.000,0.000,1.000,2.000,0.000,0.000,20.000,0,0,0
B3_zmq_pushpull,zmq_tcp,none,none,,1,28260,512,584,1785153464720620000,1785153464720620000,1785153464720620000,1785153464720621000,1785153464720780000,1785153464720784000,1785153464720784000,1785153464720784000,121932490,121652369,-121.121,0.000,0.000,1.000,4.000,0.000,0.000,14.000,0,0,0
B3_zmq_pushpull,zmq_tcp,none,none,,1,28261,512,584,1785153464721622000,1785153464721622000,1785153464721622000,1785153464721623000,1785153464721766000,1785153464721769000,1785153464721769000,1785153464721769000,121932490,121652369,-137.121,0.000,0.000,1.000,3.000,0.000,0.000,16.000,0,0,0
B3_zmq_pushpull,zmq_tcp,none,none,,1,28262,512,584,1785153464722623000,1785153464722623000,1785153464722623000,1785153464722624000,1785153464722764000,1785153464722767000,1785153464722767000,1785153464722767000,121932490,121652369,-140.121,0.000,0.000,1.000,3.000,0.000,0.000,3.000,0,0,0
B3_zmq_pushpull,zmq_tcp,none,none,,1,28263,512,584,1785153464723625000,1785153464723626000,1785153464723626000,1785153464723627000,1785153464723778000,1785153464723780000,1785153464723780000,1785153464723780000,121932490,121652369,-129.121,1.000,0.000,1.000,2.000,0.000,0.000,11.000,0,0,0
B3_zmq_pushpull,zmq_tcp,none,none,,1,28264,512,584,1785153464724624000,1785153464724624000,1785153464724624000,1785153464724625000,1785153464724796000,1785153464724799000,1785153464724799000,1785153464724799000,121932490,121652369,-109.121,0.000,0.000,1.000,3.000,0.000,0.000,20.000,0,0,0
B3_zmq_pushpull,zmq_tcp,none,none,,1,28265,512,584,1785153464725622000,1785153464725623000,1785153464725623000,1785153464725624000,1785153464725795000,1785153464725798000,1785153464725798000,1785153464725798000,121932490,121652369,-109.121,1.000,0.000,1.000,3.000,0.000,0.000,0.000,0,0,0
B3_zmq_pushpull,zmq_tcp,none,none,,1,28266,512,584,1785153464726623000,1785153464726623000,1785153464726623000,1785153464726624000,1785153464726670000,1785153464726674000,1785153464726674000,1785153464726674000,121932490,121652369,-234.121,0.000,0.000,1.000,4.000,0.000,0.000,125.000,0,0,0
B3_zmq_pushpull,zmq_tcp,none,none,,1,28267,512,584,1785153464727622000,1785153464727623000,1785153464727623000,1785153464727624000,1785153464727794000,1785153464727796000,1785153464727796000,1785153464727796000,121932490,121652369,-110.121,1.000,0.000,1.000,2.000,0.000,0.000,124.000,0,0,0
B3_zmq_pushpull,zmq_tcp,none,none,,1,28268,512,584,1785153464728620000,1785153464728620000,1785153464728620000,1785153464728621000,1785153464728806000,1785153464728808000,1785153464728808000,1785153464728808000,121932490,121652369,-95.121,0.000,0.000,1.000,2.000,0.000,0.000,15.000,0,0,0
B3_zmq_pushpull,zmq_tcp,none,none,,1,28269,512,584,1785153464729628000,1785153464729629000,1785153464729629000,1785153464729630000,1785153464729810000,1785153464729812000,1785153464729812000,1785153464729812000,121932490,121652369,-100.121,1.000,0.000,1.000,2.000,0.000,0.000,5.000,0,0,0
B3_zmq_pushpull,zmq_tcp,none,none,,1,28270,512,584,1785153464730622000,1785153464730622000,1785153464730622000,1785153464730623000,1785153464730819000,1785153464730822000,1785153464730822000,1785153464730822000,121932490,121652369,-84.121,0.000,0.000,1.000,3.000,0.000,0.000,16.000,0,0,0
B3_zmq_pushpull,zmq_tcp,none,none,,1,28271,512,584,1785153464731623000,1785153464731623000,1785153464731624000,1785153464731625000,1785153464731802000,1785153464731806000,1785153464731806000,1785153464731806000,121932490,121652369,-103.121,0.000,1.000,1.000,4.000,0.000,0.000,19.000,0,0,0
B3_zmq_pushpull,zmq_tcp,none,none,,1,28272,512,584,1785153464732617000,1785153464732617000,1785153464732617000,1785153464732618000,1785153464732793000,1785153464732795000,1785153464732795000,1785153464732795000,121932490,121652369,-105.121,0.000,0.000,1.000,2.000,0.000,0.000,2.000,0,0,0
B3_zmq_pushpull,zmq_tcp,none,none,,1,28273,512,584,1785153464733492000,1785153464733492000,1785153464733492000,1785153464733493000,1785153464733645000,1785153464733647000,1785153464733647000,1785153464733647000,121932490,121652369,-128.121,0.000,0.000,1.000,2.000,0.000,0.000,23.000,0,0,0
B3_zmq_pushpull,zmq_tcp,none,none,,1,28274,512,584,1785153464734473000,1785153464734474000,1785153464734474000,1785153464734475000,1785153464734618000,1785153464734621000,1785153464734621000,1785153464734621000,121932490,121652369,-137.121,1.000,0.000,1.000,3.000,0.000,0.000,9.000,0,0,0
B3_zmq_pushpull,zmq_tcp,none,none,,1,28275,512,584,1785153464735658000,1785153464735658000,1785153464735659000,1785153464735660000,1785153464735758000,1785153464735761000,1785153464735761000,1785153464735761000,121932490,121652369,-182.121,0.000,1.000,1.000,3.000,0.000,0.000,45.000,0,0,0
B3_zmq_pushpull,zmq_tcp,none,none,,1,28276,512,584,1785153464736612000,1785153464736612000,1785153464736612000,1785153464736613000,1785153464736730000,1785153464736733000,1785153464736733000,1785153464736733000,121932490,121652369,-163.121,0.000,0.000,1.000,3.000,0.000,0.000,19.000,0,0,0
B3_zmq_pushpull,zmq_tcp,none,none,,1,28277,512,584,1785153464737624000,1785153464737624000,1785153464737624000,1785153464737625000,1785153464737799000,1785153464737802000,1785153464737803000,1785153464737803000,121932490,121652369,-106.121,0.000,0.000,1.000,3.000,1.000,0.000,57.000,0,0,0
B3_zmq_pushpull,zmq_tcp,none,none,,1,28278,512,584,1785153464738621000,1785153464738621000,1785153464738621000,1785153464738622000,1785153464738781000,1785153464738783000,1785153464738783000,1785153464738783000,121932490,121652369,-121.121,0.000,0.000,1.000,2.000,0.000,0.000,15.000,0,0,0
B3_zmq_pushpull,zmq_tcp,none,none,,1,28279,512,584,1785153464739621000,1785153464739621000,1785153464739621000,1785153464739622000,1785153464739746000,1785153464739749000,1785153464739749000,1785153464739749000,121932490,121652369,-156.121,0.000,0.000,1.000,3.000,0.000,0.000,35.000,0,0,0
B3_zmq_pushpull,zmq_tcp,none,none,,1,28280,512,584,1785153464740621000,1785153464740621000,1785153464740621000,1785153464740622000,1785153464740696000,1785153464740699000,1785153464740699000,1785153464740699000,121932490,121652369,-206.121,0.000,0.000,1.000,3.000,0.000,0.000,50.000,0,0,0
B3_zmq_pushpull,zmq_tcp,none,none,,1,28281,512,584,1785153464741621000,1785153464741621000,1785153464741621000,1785153464741622000,1785153464741808000,1785153464741811000,1785153464741811000,1785153464741811000,121932490,121652369,-94.121,0.000,0.000,1.000,3.000,0.000,0.000,112.000,0,0,0
B3_zmq_pushpull,zmq_tcp,none,none,,1,28282,512,584,1785153464742623000,1785153464742623000,1785153464742623000,1785153464742624000,1785153464742790000,1785153464742793000,1785153464742793000,1785153464742793000,121932490,121652369,-114.121,0.000,0.000,1.000,3.000,0.000,0.000,20.000,0,0,0
B3_zmq_pushpull,zmq_tcp,none,none,,1,28283,512,584,1785153464743619000,1785153464743619000,1785153464743619000,1785153464743620000,1785153464743758000,1785153464743761000,1785153464743761000,1785153464743761000,121932490,121652369,-142.121,0.000,0.000,1.000,3.000,0.000,0.000,28.000,0,0,0
B3_zmq_pushpull,zmq_tcp,none,none,,1,28284,512,584,1785153464744623000,1785153464744623000,1785153464744623000,1785153464744624000,1785153464744718000,1785153464744721000,1785153464744721000,1785153464744721000,121932490,121652369,-186.121,0.000,0.000,1.000,3.000,0.000,0.000,44.000,0,0,0
B3_zmq_pushpull,zmq_tcp,none,none,,1,28285,512,584,1785153464745622000,1785153464745622000,1785153464745622000,1785153464745623000,1785153464745695000,1785153464745698000,1785153464745698000,1785153464745698000,121932490,121652369,-208.121,0.000,0.000,1.000,3.000,0.000,0.000,22.000,0,0,0
B3_zmq_pushpull,zmq_tcp,none,none,,1,28286,512,584,1785153464746621000,1785153464746621000,1785153464746621000,1785153464746622000,1785153464746686000,1785153464746689000,1785153464746689000,1785153464746689000,121932490,121652369,-216.121,0.000,0.000,1.000,3.000,0.000,0.000,8.000,0,0,0
B3_zmq_pushpull,zmq_tcp,none,none,,1,28287,512,584,1785153464747618000,1785153464747618000,1785153464747618000,1785153464747620000,1785153464747791000,1785153464747795000,1785153464747795000,1785153464747795000,121932490,121652369,-109.121,0.000,0.000,2.000,4.000,0.000,0.000,107.000,0,0,0
B3_zmq_pushpull,zmq_tcp,none,none,,1,28288,512,584,1785153464748624000,1785153464748624000,1785153464748624000,1785153464748625000,1785153464748800000,1785153464748804000,1785153464748804000,1785153464748804000,121932490,121652369,-105.121,0.000,0.000,1.000,4.000,0.000,0.000,4.000,0,0,0
B3_zmq_pushpull,zmq_tcp,none,none,,1,28289,512,584,1785153464749622000,1785153464749622000,1785153464749622000,1785153464749623000,1785153464749777000,1785153464749779000,1785153464749780000,1785153464749780000,121932490,121652369,-126.121,0.000,0.000,1.000,2.000,1.000,0.000,21.000,0,0,0
B3_zmq_pushpull,zmq_tcp,none,none,,1,28290,512,584,1785153464750619000,1785153464750619000,1785153464750619000,1785153464750620000,1785153464750773000,1785153464750776000,1785153464750776000,1785153464750776000,121932490,121652369,-127.121,0.000,0.000,1.000,3.000,0.000,0.000,1.000,0,0,0
B3_zmq_pushpull,zmq_tcp,none,none,,1,28291,512,584,1785153464751625000,1785153464751625000,1785153464751625000,1785153464751626000,1785153464751746000,1785153464751750000,1785153464751750000,1785153464751750000,121932490,121652369,-160.121,0.000,0.000,1.000,4.000,0.000,0.000,33.000,0,0,0
B3_zmq_pushpull,zmq_tcp,none,none,,1,28292,512,584,1785153464752622000,1785153464752622000,1785153464752622000,1785153464752623000,1785153464752722000,1785153464752725000,1785153464752725000,1785153464752725000,121932490,121652369,-181.121,0.000,0.000,1.000,3.000,0.000,0.000,21.000,0,0,0
B3_zmq_pushpull,zmq_tcp,none,none,,1,28293,512,584,1785153464753621000,1785153464753621000,1785153464753621000,1785153464753622000,1785153464753689000,1785153464753691000,1785153464753691000,1785153464753691000,121932490,121652369,-213.121,0.000,0.000,1.000,2.000,0.000,0.000,32.000,0,0,0
B3_zmq_pushpull,zmq_tcp,none,none,,1,28294,512,584,1785153464754618000,1785153464754619000,1785153464754619000,1785153464754620000,1785153464754674000,1785153464754677000,1785153464754677000,1785153464754677000,121932490,121652369,-226.121,1.000,0.000,1.000,3.000,0.000,0.000,13.000,0,0,0
B3_zmq_pushpull,zmq_tcp,none,none,,1,28295,512,584,1785153464755623000,1785153464755623000,1785153464755623000,1785153464755624000,1785153464755672000,1785153464755675000,1785153464755675000,1785153464755675000,121932490,121652369,-232.121,0.000,0.000,1.000,3.000,0.000,0.000,6.000,0,0,0
B3_zmq_pushpull,zmq_tcp,none,none,,1,28296,512,584,1785153464756621000,1785153464756621000,1785153464756621000,1785153464756622000,1785153464756790000,1785153464756793000,1785153464756793000,1785153464756793000,121932490,121652369,-112.121,0.000,0.000,1.000,3.000,0.000,0.000,120.000,0,0,0
B3_zmq_pushpull,zmq_tcp,none,none,,1,28297,512,584,1785153464757623000,1785153464757623000,1785153464757623000,1785153464757624000,1785153464757790000,1785153464757793000,1785153464757793000,1785153464757793000,121932490,121652369,-114.121,0.000,0.000,1.000,3.000,0.000,0.000,2.000,0,0,0
B3_zmq_pushpull,zmq_tcp,none,none,,1,28298,512,584,1785153464758494000,1785153464758495000,1785153464758495000,1785153464758496000,1785153464758654000,1785153464758657000,1785153464758657000,1785153464758657000,121932490,121652369,-122.121,1.000,0.000,1.000,3.000,0.000,0.000,8.000,0,0,0
B3_zmq_pushpull,zmq_tcp,none,none,,1,28299,512,584,1785153464759653000,1785153464759653000,1785153464759653000,1785153464759654000,1785153464759772000,1785153464759775000,1785153464759775000,1785153464759775000,121932490,121652369,-162.121,0.000,0.000,1.000,3.000,0.000,0.000,40.000,0,0,0
B3_zmq_pushpull,zmq_tcp,none,none,,1,28300,512,584,1785153464760613000,1785153464760613000,1785153464760613000,1785153464760614000,1785153464760741000,1785153464760744000,1785153464760744000,1785153464760744000,121932490,121652369,-153.121,0.000,0.000,1.000,3.000,0.000,0.000,9.000,0,0,0
B3_zmq_pushpull,zmq_tcp,none,none,,1,28301,512,584,1785153464761624000,1785153464761624000,1785153464761624000,1785153464761625000,1785153464761703000,1785153464761706000,1785153464761706000,1785153464761706000,121932490,121652369,-202.121,0.000,0.000,1.000,3.000,0.000,0.000,49.000,0,0,0
B3_zmq_pushpull,zmq_tcp,none,none,,1,28302,512,584,1785153464762620000,1785153464762620000,1785153464762620000,1785153464762621000,1785153464762686000,1785153464762691000,1785153464762691000,1785153464762691000,121932490,121652369,-215.121,0.000,0.000,1.000,5.000,0.000,0.000,13.000,0,0,0
B3_zmq_pushpull,zmq_tcp,none,none,,1,28303,512,584,1785153464763621000,1785153464763621000,1785153464763621000,1785153464763622000,1785153464763683000,1785153464763687000,1785153464763687000,1785153464763687000,121932490,121652369,-219.121,0.000,0.000,1.000,4.000,0.000,0.000,4.000,0,0,0
B3_zmq_pushpull,zmq_tcp,none,none,,1,28304,512,584,1785153464764621000,1785153464764621000,1785153464764621000,1785153464764622000,1785153464764785000,1785153464764787000,1785153464764787000,1785153464764787000,121932490,121652369,-117.121,0.000,0.000,1.000,2.000,0.000,0.000,102.000,0,0,0
B3_zmq_pushpull,zmq_tcp,none,none,,1,28305,512,584,1785153464765624000,1785153464765624000,1785153464765624000,1785153464765625000,1785153464765777000,1785153464765780000,1785153464765780000,1785153464765780000,121932490,121652369,-128.121,0.000,0.000,1.000,3.000,0.000,0.000,11.000,0,0,0
B3_zmq_pushpull,zmq_tcp,none,none,,1,28306,512,584,1785153464766617000,1785153464766617000,1785153464766618000,1785153464766618000,1785153464766756000,1785153464766758000,1785153464766758000,1785153464766758000,121932490,121652369,-142.121,0.000,1.000,0.000,2.000,0.000,0.000,14.000,0,0,0
B3_zmq_pushpull,zmq_tcp,none,none,,1,28307,512,584,1785153464767453000,1785153464767454000,1785153464767454000,1785153464767455000,1785153464767605000,1785153464767608000,1785153464767608000,1785153464767608000,121932490,121652369,-130.121,1.000,0.000,1.000,3.000,0.000,0.000,12.000,0,0,0
B3_zmq_pushpull,zmq_tcp,none,none,,1,28308,512,584,1785153464768664000,1785153464768664000,1785153464768664000,1785153464768665000,1785153464768715000,1785153464768718000,1785153464768718000,1785153464768718000,121932490,121652369,-230.121,0.000,0.000,1.000,3.000,0.000,0.000,100.000,0,0,0
B3_zmq_pushpull,zmq_tcp,none,none,,1,28309,512,584,1785153464769539000,1785153464769539000,1785153464769539000,1785153464769540000,1785153464769698000,1785153464769701000,1785153464769701000,1785153464769701000,121932490,121652369,-122.121,0.000,0.000,1.000,3.000,0.000,0.000,108.000,0,0,0
B3_zmq_pushpull,zmq_tcp,none,none,,1,28310,512,584,1785153464770645000,1785153464770645000,1785153464770645000,1785153464770646000,1785153464770813000,1785153464770815000,1785153464770815000,1785153464770815000,121932490,121652369,-113.121,0.000,0.000,1.000,2.000,0.000,0.000,9.000,0,0,0
B3_zmq_pushpull,zmq_tcp,none,none,,1,28311,512,584,1785153464771619000,1785153464771619000,1785153464771619000,1785153464771620000,1785153464771672000,1785153464771676000,1785153464771676000,1785153464771676000,121932490,121652369,-228.121,0.000,0.000,1.000,4.000,0.000,0.000,115.000,0,0,0
B3_zmq_pushpull,zmq_tcp,none,none,,1,28312,512,584,1785153464772494000,1785153464772494000,1785153464772495000,1785153464772496000,1785153464772642000,1785153464772645000,1785153464772645000,1785153464772645000,121932490,121652369,-134.121,0.000,1.000,1.000,3.000,0.000,0.000,94.000,0,0,0
B3_zmq_pushpull,zmq_tcp,none,none,,1,28313,512,584,1785153464773651000,1785153464773651000,1785153464773651000,1785153464773652000,1785153464773730000,1785153464773733000,1785153464773733000,1785153464773733000,121932490,121652369,-202.121,0.000,0.000,1.000,3.000,0.000,0.000,68.000,0,0,0
B3_zmq_pushpull,zmq_tcp,none,none,,1,28314,512,584,1785153464774614000,1785153464774615000,1785153464774615000,1785153464774616000,1785153464774696000,1785153464774698000,1785153464774698000,1785153464774698000,121932490,121652369,-200.121,1.000,0.000,1.000,2.000,0.000,0.000,2.000,0,0,0
B3_zmq_pushpull,zmq_tcp,none,none,,1,28315,512,584,1785153464775622000,1785153464775623000,1785153464775623000,1785153464775624000,1785153464775675000,1785153464775678000,1785153464775678000,1785153464775678000,121932490,121652369,-229.121,1.000,0.000,1.000,3.000,0.000,0.000,29.000,0,0,0
B3_zmq_pushpull,zmq_tcp,none,none,,1,28316,512,584,1785153464776508000,1785153464776508000,1785153464776508000,1785153464776509000,1785153464776664000,1785153464776667000,1785153464776667000,1785153464776667000,121932490,121652369,-125.121,0.000,0.000,1.000,3.000,0.000,0.000,104.000,0,0,0
B3_zmq_pushpull,zmq_tcp,none,none,,1,28317,512,584,1785153464777500000,1785153464777500000,1785153464777500000,1785153464777501000,1785153464777657000,1785153464777660000,1785153464777660000,1785153464777660000,121932490,121652369,-124.121,0.000,0.000,1.000,3.000,0.000,0.000,1.000,0,0,0
B3_zmq_pushpull,zmq_tcp,none,none,,1,28318,512,584,1785153464778478000,1785153464778478000,1785153464778478000,1785153464778479000,1785153464778632000,1785153464778635000,1785153464778635000,1785153464778635000,121932490,121652369,-127.121,0.000,0.000,1.000,3.000,0.000,0.000,3.000,0,0,0
B3_zmq_pushpull,zmq_tcp,none,none,,1,28319,512,584,1785153464779449000,1785153464779450000,1785153464779450000,1785153464779451000,1785153464779604000,1785153464779606000,1785153464779606000,1785153464779606000,121932490,121652369,-127.121,1.000,0.000,1.000,2.000,0.000,0.000,0.000,0,0,0
B3_zmq_pushpull,zmq_tcp,none,none,,1,28320,512,584,1785153464780431000,1785153464780432000,1785153464780432000,1785153464780433000,1785153464780584000,1785153464780587000,1785153464780587000,1785153464780587000,121932490,121652369,-129.121,1.000,0.000,1.000,3.000,0.000,0.000,2.000,0,0,0
B3_zmq_pushpull,zmq_tcp,none,none,,1,28321,512,584,1785153464781531000,1785153464781531000,1785153464781531000,1785153464781533000,1785153464781674000,1785153464781677000,1785153464781677000,1785153464781677000,121932490,121652369,-139.121,0.000,0.000,2.000,3.000,0.000,0.000,10.000,0,0,0
B3_zmq_pushpull,zmq_tcp,none,none,,1,28322,512,584,1785153464782644000,1785153464782644000,1785153464782644000,1785153464782645000,1785153464782789000,1785153464782792000,1785153464782792000,1785153464782792000,121932490,121652369,-136.121,0.000,0.000,1.000,3.000,0.000,0.000,3.000,0,0,0
B3_zmq_pushpull,zmq_tcp,none,none,,1,28323,512,584,1785153464783616000,1785153464783617000,1785153464783617000,1785153464783618000,1785153464783782000,1785153464783785000,1785153464783785000,1785153464783785000,121932490,121652369,-116.121,1.000,0.000,1.000,3.000,0.000,0.000,20.000,0,0,0
B3_zmq_pushpull,zmq_tcp,none,none,,1,28324,512,584,1785153464784475000,1785153464784475000,1785153464784475000,1785153464784476000,1785153464784630000,1785153464784633000,1785153464784633000,1785153464784633000,121932490,121652369,-126.121,0.000,0.000,1.000,3.000,0.000,0.000,10.000,0,0,0
B3_zmq_pushpull,zmq_tcp,none,none,,1,28325,512,584,1785153464785452000,1785153464785452000,1785153464785452000,1785153464785453000,1785153464785606000,1785153464785609000,1785153464785609000,1785153464785609000,121932490,121652369,-127.121,0.000,0.000,1.000,3.000,0.000,0.000,1.000,0,0,0
B3_zmq_pushpull,zmq_tcp,none,none,,1,28326,512,584,1785153464786436000,1785153464786436000,1785153464786436000,1785153464786437000,1785153464786594000,1785153464786597000,1785153464786597000,1785153464786597000,121932490,121652369,-123.121,0.000,0.000,1.000,3.000,0.000,0.000,4.000,0,0,0
B3_zmq_pushpull,zmq_tcp,none,none,,1,28327,512,584,1785153464787425000,1785153464787425000,1785153464787425000,1785153464787426000,1785153464787564000,1785153464787567000,1785153464787567000,1785153464787567000,121932490,121652369,-142.121,0.000,0.000,1.000,3.000,0.000,0.000,19.000,0,0,0
B3_zmq_pushpull,zmq_tcp,none,none,,1,28328,512,584,1785153464788518000,1785153464788518000,1785153464788518000,1785153464788519000,1785153464788670000,1785153464788673000,1785153464788673000,1785153464788673000,121932490,121652369,-129.121,0.000,0.000,1.000,3.000,0.000,0.000,13.000,0,0,0
B3_zmq_pushpull,zmq_tcp,none,none,,1,28329,512,584,1785153464789648000,1785153464789648000,1785153464789648000,1785153464789649000,1785153464789795000,1785153464789798000,1785153464789798000,1785153464789798000,121932490,121652369,-134.121,0.000,0.000,1.000,3.000,0.000,0.000,5.000,0,0,0
B3_zmq_pushpull,zmq_tcp,none,none,,1,28330,512,584,1785153464790504000,1785153464790505000,1785153464790505000,1785153464790506000,1785153464790664000,1785153464790666000,1785153464790666000,1785153464790666000,121932490,121652369,-122.121,1.000,0.000,1.000,2.000,0.000,0.000,12.000,0,0,0
B3_zmq_pushpull,zmq_tcp,none,none,,1,28331,512,584,1785153464791652000,1785153464791652000,1785153464791652000,1785153464791653000,1785153464791797000,1785153464791800000,1785153464791800000,1785153464791800000,121932490,121652369,-136.121,0.000,0.000,1.000,3.000,0.000,0.000,14.000,0,0,0
B3_zmq_pushpull,zmq_tcp,none,none,,1,28332,512,584,1785153464792615000,1785153464792615000,1785153464792615000,1785153464792616000,1785153464792790000,1785153464792794000,1785153464792794000,1785153464792794000,121932490,121652369,-106.121,0.000,0.000,1.000,4.000,0.000,0.000,30.000,0,0,0
B3_zmq_pushpull,zmq_tcp,none,none,,1,28333,512,584,1785153464793623000,1785153464793623000,1785153464793623000,1785153464793624000,1785153464793757000,1785153464793760000,1785153464793760000,1785153464793760000,121932490,121652369,-147.121,0.000,0.000,1.000,3.000,0.000,0.000,41.000,0,0,0
B3_zmq_pushpull,zmq_tcp,none,none,,1,28334,512,584,1785153464794621000,1785153464794621000,1785153464794622000,1785153464794623000,1785153464794734000,1785153464794738000,1785153464794738000,1785153464794738000,121932490,121652369,-169.121,0.000,1.000,1.000,4.000,0.000,0.000,22.000,0,0,0
B3_zmq_pushpull,zmq_tcp,none,none,,1,28335,512,584,1785153464795621000,1785153464795622000,1785153464795622000,1785153464795623000,1785153464795714000,1785153464795717000,1785153464795717000,1785153464795717000,121932490,121652369,-189.121,1.000,0.000,1.000,3.000,0.000,0.000,20.000,0,0,0
B3_zmq_pushpull,zmq_tcp,none,none,,1,28336,512,584,1785153464796622000,1785153464796622000,1785153464796622000,1785153464796623000,1785153464796690000,1785153464796693000,1785153464796693000,1785153464796693000,121932490,121652369,-213.121,0.000,0.000,1.000,3.000,0.000,0.000,24.000,0,0,0
B3_zmq_pushpull,zmq_tcp,none,none,,1,28337,512,584,1785153464797623000,1785153464797623000,1785153464797623000,1785153464797624000,1785153464797826000,1785153464797829000,1785153464797829000,1785153464797829000,121932490,121652369,-78.121,0.000,0.000,1.000,3.000,0.000,0.000,135.000,0,0,0
B3_zmq_pushpull,zmq_tcp,none,none,,1,28338,512,584,1785153464798617000,1785153464798618000,1785153464798618000,1785153464798619000,1785153464798804000,1785153464798806000,1785153464798806000,1785153464798806000,121932490,121652369,-95.121,1.000,0.000,1.000,2.000,0.000,0.000,17.000,0,0,0
B3_zmq_pushpull,zmq_tcp,none,none,,1,28339,512,584,1785153464799625000,1785153464799625000,1785153464799625000,1785153464799626000,1785153464799781000,1785153464799784000,1785153464799784000,1785153464799784000,121932490,121652369,-125.121,0.000,0.000,1.000,3.000,0.000,0.000,30.000,0,0,0
B3_zmq_pushpull,zmq_tcp,none,none,,1,28340,512,584,1785153464800621000,1785153464800621000,1785153464800621000,1785153464800622000,1785153464800751000,1785153464800754000,1785153464800754000,1785153464800754000,121932490,121652369,-151.121,0.000,0.000,1.000,3.000,0.000,0.000,26.000,0,0,0
B3_zmq_pushpull,zmq_tcp,none,none,,1,28341,512,584,1785153464801622000,1785153464801622000,1785153464801622000,1785153464801623000,1785153464801737000,1785153464801740000,1785153464801740000,1785153464801740000,121932490,121652369,-166.121,0.000,0.000,1.000,3.000,0.000,0.000,15.000,0,0,0
B3_zmq_pushpull,zmq_tcp,none,none,,1,28342,512,584,1785153464802619000,1785153464802619000,1785153464802619000,1785153464802620000,1785153464802732000,1785153464802734000,1785153464802734000,1785153464802734000,121932490,121652369,-168.121,0.000,0.000,1.000,2.000,0.000,0.000,2.000,0,0,0
B3_zmq_pushpull,zmq_tcp,none,none,,1,28343,512,584,1785153464803625000,1785153464803625000,1785153464803625000,1785153464803626000,1785153464803738000,1785153464803741000,1785153464803741000,1785153464803741000,121932490,121652369,-168.121,0.000,0.000,1.000,3.000,0.000,0.000,0.000,0,0,0
B3_zmq_pushpull,zmq_tcp,none,none,,1,28344,512,584,1785153464804622000,1785153464804623000,1785153464804623000,1785153464804624000,1785153464804730000,1785153464804733000,1785153464804733000,1785153464804733000,121932490,121652369,-174.121,1.000,0.000,1.000,3.000,0.000,0.000,6.000,0,0,0
B3_zmq_pushpull,zmq_tcp,none,none,,1,28345,512,584,1785153464805624000,1785153464805624000,1785153464805624000,1785153464805625000,1785153464805749000,1785153464805752000,1785153464805752000,1785153464805752000,121932490,121652369,-156.121,0.000,0.000,1.000,3.000,0.000,0.000,18.000,0,0,0
B3_zmq_pushpull,zmq_tcp,none,none,,1,28346,512,584,1785153464806623000,1785153464806623000,1785153464806623000,1785153464806624000,1785153464806744000,1785153464806746000,1785153464806746000,1785153464806746000,121932490,121652369,-160.121,0.000,0.000,1.000,2.000,0.000,0.000,4.000,0,0,0
B3_zmq_pushpull,zmq_tcp,none,none,,1,28347,512,584,1785153464807622000,1785153464807622000,1785153464807622000,1785153464807623000,1785153464807772000,1785153464807774000,1785153464807774000,1785153464807774000,121932490,121652369,-131.121,0.000,0.000,1.000,2.000,0.000,0.000,29.000,0,0,0
B3_zmq_pushpull,zmq_tcp,none,none,,1,28348,512,584,1785153464808623000,1785153464808623000,1785153464808623000,1785153464808624000,1785153464808781000,1785153464808784000,1785153464808784000,1785153464808784000,121932490,121652369,-123.121,0.000,0.000,1.000,3.000,0.000,0.000,8.000,0,0,0
B3_zmq_pushpull,zmq_tcp,none,none,,1,28349,512,584,1785153464809620000,1785153464809620000,1785153464809620000,1785153464809621000,1785153464809659000,1785153464809662000,1785153464809662000,1785153464809662000,121932490,121652369,-242.121,0.000,0.000,1.000,3.000,0.000,0.000,119.000,0,0,0
B3_zmq_pushpull,zmq_tcp,none,none,,1,28350,512,584,1785153464810625000,1785153464810625000,1785153464810625000,1785153464810626000,1785153464810774000,1785153464810777000,1785153464810777000,1785153464810777000,121932490,121652369,-132.121,0.000,0.000,1.000,3.000,0.000,0.000,110.000,0,0,0
B3_zmq_pushpull,zmq_tcp,none,none,,1,28351,512,584,1785153464811503000,1785153464811503000,1785153464811503000,1785153464811504000,1785153464811660000,1785153464811663000,1785153464811663000,1785153464811663000,121932490,121652369,-124.121,0.000,0.000,1.000,3.000,0.000,0.000,8.000,0,0,0
B3_zmq_pushpull,zmq_tcp,none,none,,1,28352,512,584,1785153464812653000,1785153464812653000,1785153464812653000,1785153464812654000,1785153464812819000,1785153464812823000,1785153464812823000,1785153464812823000,121932490,121652369,-115.121,0.000,0.000,1.000,4.000,0.000,0.000,9.000,0,0,0
B3_zmq_pushpull,zmq_tcp,none,none,,1,28353,512,584,1785153464813524000,1785153464813524000,1785153464813524000,1785153464813525000,1785153464813683000,1785153464813686000,1785153464813686000,1785153464813686000,121932490,121652369,-122.121,0.000,0.000,1.000,3.000,0.000,0.000,7.000,0,0,0
B3_zmq_pushpull,zmq_tcp,none,none,,1,28354,512,584,1785153464814649000,1785153464814649000,1785153464814650000,1785153464814650000,1785153464814841000,1785153464814844000,1785153464814844000,1785153464814844000,121932490,121652369,-89.121,0.000,1.000,0.000,3.000,0.000,0.000,33.000,0,0,0
B3_zmq_pushpull,zmq_tcp,none,none,,1,28355,512,584,1785153464815617000,1785153464815617000,1785153464815617000,1785153464815618000,1785153464815719000,1785153464815722000,1785153464815722000,1785153464815722000,121932490,121652369,-179.121,0.000,0.000,1.000,3.000,0.000,0.000,90.000,0,0,0
B3_zmq_pushpull,zmq_tcp,none,none,,1,28356,512,584,1785153464816625000,1785153464816625000,1785153464816625000,1785153464816626000,1785153464816734000,1785153464816737000,1785153464816737000,1785153464816737000,121932490,121652369,-172.121,0.000,0.000,1.000,3.000,0.000,0.000,7.000,0,0,0
B3_zmq_pushpull,zmq_tcp,none,none,,1,28357,512,584,1785153464817618000,1785153464817618000,1785153464817618000,1785153464817619000,1785153464817742000,1785153464817745000,1785153464817746000,1785153464817746000,121932490,121652369,-157.121,0.000,0.000,1.000,3.000,1.000,0.000,15.000,0,0,0
B3_zmq_pushpull,zmq_tcp,none,none,,1,28358,512,584,1785153464818624000,1785153464818625000,1785153464818625000,1785153464818626000,1785153464818735000,1785153464818739000,1785153464818739000,1785153464818739000,121932490,121652369,-171.121,1.000,0.000,1.000,4.000,0.000,0.000,14.000,0,0,0
B3_zmq_pushpull,zmq_tcp,none,none,,1,28359,512,584,1785153464819622000,1785153464819622000,1785153464819622000,1785153464819623000,1785153464819726000,1785153464819730000,1785153464819730000,1785153464819730000,121932490,121652369,-177.121,0.000,0.000,1.000,4.000,0.000,0.000,6.000,0,0,0
B3_zmq_pushpull,zmq_tcp,none,none,,1,28360,512,584,1785153464820623000,1785153464820623000,1785153464820623000,1785153464820624000,1785153464820693000,1785153464820696000,1785153464820696000,1785153464820696000,121932490,121652369,-211.121,0.000,0.000,1.000,3.000,0.000,0.000,34.000,0,0,0
B3_zmq_pushpull,zmq_tcp,none,none,,1,28361,512,584,1785153464821620000,1785153464821620000,1785153464821620000,1785153464821621000,1785153464821670000,1785153464821674000,1785153464821674000,1785153464821674000,121932490,121652369,-231.121,0.000,0.000,1.000,4.000,0.000,0.000,20.000,0,0,0
B3_zmq_pushpull,zmq_tcp,none,none,,1,28362,512,584,1785153464822626000,1785153464822626000,1785153464822626000,1785153464822628000,1785153464822802000,1785153464822805000,1785153464822805000,1785153464822805000,121932490,121652369,-106.121,0.000,0.000,2.000,3.000,0.000,0.000,125.000,0,0,0
B3_zmq_pushpull,zmq_tcp,none,none,,1,28363,512,584,1785153464823620000,1785153464823620000,1785153464823620000,1785153464823621000,1785153464823669000,1785153464823672000,1785153464823672000,1785153464823672000,121932490,121652369,-232.121,0.000,0.000,1.000,3.000,0.000,0.000,126.000,0,0,0
B3_zmq_pushpull,zmq_tcp,none,none,,1,28364,512,584,1785153464824624000,1785153464824624000,1785153464824624000,1785153464824625000,1785153464824675000,1785153464824678000,1785153464824678000,1785153464824678000,121932490,121652369,-230.121,0.000,0.000,1.000,3.000,0.000,0.000,2.000,0,0,0
B3_zmq_pushpull,zmq_tcp,none,none,,1,28365,512,584,1785153464825621000,1785153464825622000,1785153464825622000,1785153464825623000,1785153464825672000,1785153464825676000,1785153464825676000,1785153464825676000,121932490,121652369,-231.121,1.000,0.000,1.000,4.000,0.000,0.000,1.000,0,0,0
B3_zmq_pushpull,zmq_tcp,none,none,,1,28366,512,584,1785153464826626000,1785153464826626000,1785153464826627000,1785153464826628000,1785153464826799000,1785153464826802000,1785153464826802000,1785153464826802000,121932490,121652369,-109.121,0.000,1.000,1.000,3.000,0.000,0.000,122.000,0,0,0
B3_zmq_pushpull,zmq_tcp,none,none,,1,28367,512,584,1785153464827625000,1785153464827625000,1785153464827625000,1785153464827626000,1785153464827784000,1785153464827787000,1785153464827787000,1785153464827787000,121932490,121652369,-122.121,0.000,0.000,1.000,3.000,0.000,0.000,13.000,0,0,0
B3_zmq_pushpull,zmq_tcp,none,none,,1,28368,512,584,1785153464828619000,1785153464828619000,1785153464828619000,1785153464828620000,1785153464828778000,1785153464828781000,1785153464828781000,1785153464828781000,121932490,121652369,-122.121,0.000,0.000,1.000,3.000,0.000,0.000,0.000,0,0,0
B3_zmq_pushpull,zmq_tcp,none,none,,1,28369,512,584,1785153464829623000,1785153464829623000,1785153464829623000,1785153464829624000,1785153464829758000,1785153464829761000,1785153464829761000,1785153464829761000,121932490,121652369,-146.121,0.000,0.000,1.000,3.000,0.000,0.000,24.000,0,0,0
B3_zmq_pushpull,zmq_tcp,none,none,,1,28370,512,584,1785153464830621000,1785153464830622000,1785153464830622000,1785153464830623000,1785153464830740000,1785153464830743000,1785153464830743000,1785153464830743000,121932490,121652369,-163.121,1.000,0.000,1.000,3.000,0.000,0.000,17.000,0,0,0
B3_zmq_pushpull,zmq_tcp,none,none,,1,28371,512,584,1785153464831621000,1785153464831622000,1785153464831622000,1785153464831623000,1785153464831720000,1785153464831723000,1785153464831723000,1785153464831723000,121932490,121652369,-183.121,1.000,0.000,1.000,3.000,0.000,0.000,20.000,0,0,0
B3_zmq_pushpull,zmq_tcp,none,none,,1,28372,512,584,1785153464832620000,1785153464832620000,1785153464832620000,1785153464832621000,1785153464832696000,1785153464832699000,1785153464832699000,1785153464832699000,121932490,121652369,-205.121,0.000,0.000,1.000,3.000,0.000,0.000,22.000,0,0,0
B3_zmq_pushpull,zmq_tcp,none,none,,1,28373,512,584,1785153464833623000,1785153464833623000,1785153464833623000,1785153464833624000,1785153464833687000,1785153464833690000,1785153464833690000,1785153464833690000,121932490,121652369,-217.121,0.000,0.000,1.000,3.000,0.000,0.000,12.000,0,0,0
B3_zmq_pushpull,zmq_tcp,none,none,,1,28374,512,584,1785153464834622000,1785153464834622000,1785153464834622000,1785153464834623000,1785153464834671000,1785153464834675000,1785153464834675000,1785153464834675000,121932490,121652369,-232.121,0.000,0.000,1.000,4.000,0.000,0.000,15.000,0,0,0
B3_zmq_pushpull,zmq_tcp,none,none,,1,28375,512,584,1785153464835621000,1785153464835622000,1785153464835622000,1785153464835623000,1785153464835795000,1785153464835798000,1785153464835798000,1785153464835798000,121932490,121652369,-108.121,1.000,0.000,1.000,3.000,0.000,0.000,124.000,0,0,0
B3_zmq_pushpull,zmq_tcp,none,none,,1,28376,512,584,1785153464836620000,1785153464836620000,1785153464836620000,1785153464836621000,1785153464836665000,1785153464836668000,1785153464836668000,1785153464836668000,121932490,121652369,-236.121,0.000,0.000,1.000,3.000,0.000,0.000,128.000,0,0,0
B3_zmq_pushpull,zmq_tcp,none,none,,1,28377,512,584,1785153464837623000,1785153464837624000,1785153464837624000,1785153464837625000,1785153464837784000,1785153464837787000,1785153464837787000,1785153464837787000,121932490,121652369,-121.121,1.000,0.000,1.000,3.000,0.000,0.000,115.000,0,0,0
B3_zmq_pushpull,zmq_tcp,none,none,,1,28378,512,584,1785153464838623000,1785153464838623000,1785153464838623000,1785153464838624000,1785153464838771000,1785153464838774000,1785153464838774000,1785153464838774000,121932490,121652369,-133.121,0.000,0.000,1.000,3.000,0.000,0.000,12.000,0,0,0
B3_zmq_pushpull,zmq_tcp,none,none,,1,28379,512,584,1785153464839619000,1785153464839620000,1785153464839620000,1785153464839621000,1785153464839750000,1785153464839753000,1785153464839753000,1785153464839753000,121932490,121652369,-151.121,1.000,0.000,1.000,3.000,0.000,0.000,18.000,0,0,0
B3_zmq_pushpull,zmq_tcp,none,none,,1,28380,512,584,1785153464840457000,1785153464840457000,1785153464840457000,1785153464840458000,1785153464840615000,1785153464840618000,1785153464840618000,1785153464840618000,121932490,121652369,-123.121,0.000,0.000,1.000,3.000,0.000,0.000,28.000,0,0,0
B3_zmq_pushpull,zmq_tcp,none,none,,1,28381,512,584,1785153464841454000,1785153464841454000,1785153464841454000,1785153464841455000,1785153464841609000,1785153464841612000,1785153464841612000,1785153464841612000,121932490,121652369,-126.121,0.000,0.000,1.000,3.000,0.000,0.000,3.000,0,0,0
B3_zmq_pushpull,zmq_tcp,none,none,,1,28382,512,584,1785153464842429000,1785153464842430000,1785153464842430000,1785153464842431000,1785153464842585000,1785153464842589000,1785153464842589000,1785153464842589000,121932490,121652369,-126.121,1.000,0.000,1.000,4.000,0.000,0.000,0.000,0,0,0
B3_zmq_pushpull,zmq_tcp,none,none,,1,28383,512,584,1785153464843432000,1785153464843433000,1785153464843433000,1785153464843434000,1785153464843572000,1785153464843575000,1785153464843575000,1785153464843575000,121932490,121652369,-142.121,1.000,0.000,1.000,3.000,0.000,0.000,16.000,0,0,0
B3_zmq_pushpull,zmq_tcp,none,none,,1,28384,512,584,1785153464844541000,1785153464844541000,1785153464844541000,1785153464844543000,1785153464844701000,1785153464844704000,1785153464844704000,1785153464844704000,121932490,121652369,-122.121,0.000,0.000,2.000,3.000,0.000,0.000,20.000,0,0,0
B3_zmq_pushpull,zmq_tcp,none,none,,1,28385,512,584,1785153464845642000,1785153464845642000,1785153464845642000,1785153464845643000,1785153464845831000,1785153464845833000,1785153464845833000,1785153464845833000,121932490,121652369,-92.121,0.000,0.000,1.000,2.000,0.000,0.000,30.000,0,0,0
B3_zmq_pushpull,zmq_tcp,none,none,,1,28386,512,584,1785153464846616000,1785153464846616000,1785153464846616000,1785153464846617000,1785153464846676000,1785153464846679000,1785153464846679000,1785153464846679000,121932490,121652369,-221.121,0.000,0.000,1.000,3.000,0.000,0.000,129.000,0,0,0
B3_zmq_pushpull,zmq_tcp,none,none,,1,28387,512,584,1785153464847623000,1785153464847623000,1785153464847623000,1785153464847624000,1785153464847803000,1785153464847806000,1785153464847806000,1785153464847806000,121932490,121652369,-101.121,0.000,0.000,1.000,3.000,0.000,0.000,120.000,0,0,0
B3_zmq_pushpull,zmq_tcp,none,none,,1,28388,512,584,1785153464848623000,1785153464848623000,1785153464848623000,1785153464848624000,1785153464848680000,1785153464848684000,1785153464848684000,1785153464848684000,121932490,121652369,-224.121,0.000,0.000,1.000,4.000,0.000,0.000,123.000,0,0,0
B3_zmq_pushpull,zmq_tcp,none,none,,1,28389,512,584,1785153464849623000,1785153464849623000,1785153464849623000,1785153464849624000,1785153464849807000,1785153464849809000,1785153464849809000,1785153464849809000,121932490,121652369,-97.121,0.000,0.000,1.000,2.000,0.000,0.000,127.000,0,0,0
B3_zmq_pushpull,zmq_tcp,none,none,,1,28390,512,584,1785153464850621000,1785153464850621000,1785153464850621000,1785153464850622000,1785153464850665000,1785153464850669000,1785153464850669000,1785153464850669000,121932490,121652369,-237.121,0.000,0.000,1.000,4.000,0.000,0.000,140.000,0,0,0
B3_zmq_pushpull,zmq_tcp,none,none,,1,28391,512,584,1785153464851494000,1785153464851494000,1785153464851494000,1785153464851496000,1785153464851637000,1785153464851640000,1785153464851640000,1785153464851640000,121932490,121652369,-139.121,0.000,0.000,2.000,3.000,0.000,0.000,98.000,0,0,0
B3_zmq_pushpull,zmq_tcp,none,none,,1,28392,512,584,1785153464852450000,1785153464852450000,1785153464852450000,1785153464852452000,1785153464852593000,1785153464852596000,1785153464852596000,1785153464852596000,121932490,121652369,-139.121,0.000,0.000,2.000,3.000,0.000,0.000,0.000,0,0,0
B3_zmq_pushpull,zmq_tcp,none,none,,1,28393,512,584,1785153464853665000,1785153464853665000,1785153464853665000,1785153464853666000,1785153464853716000,1785153464853719000,1785153464853719000,1785153464853719000,121932490,121652369,-230.121,0.000,0.000,1.000,3.000,0.000,0.000,91.000,0,0,0
B3_zmq_pushpull,zmq_tcp,none,none,,1,28394,512,584,1785153464854613000,1785153464854613000,1785153464854613000,1785153464854614000,1785153464854713000,1785153464854716000,1785153464854716000,1785153464854716000,121932490,121652369,-181.121,0.000,0.000,1.000,3.000,0.000,0.000,49.000,0,0,0
B3_zmq_pushpull,zmq_tcp,none,none,,1,28395,512,584,1785153464855624000,1785153464855624000,1785153464855624000,1785153464855625000,1785153464855712000,1785153464855715000,1785153464855715000,1785153464855715000,121932490,121652369,-193.121,0.000,0.000,1.000,3.000,0.000,0.000,12.000,0,0,0
B3_zmq_pushpull,zmq_tcp,none,none,,1,28396,512,584,1785153464856624000,1785153464856624000,1785153464856624000,1785153464856625000,1785153464856709000,1785153464856712000,1785153464856712000,1785153464856712000,121932490,121652369,-196.121,0.000,0.000,1.000,3.000,0.000,0.000,3.000,0,0,0
B3_zmq_pushpull,zmq_tcp,none,none,,1,28397,512,584,1785153464857621000,1785153464857622000,1785153464857622000,1785153464857623000,1785153464857697000,1785153464857701000,1785153464857701000,1785153464857701000,121932490,121652369,-206.121,1.000,0.000,1.000,4.000,0.000,0.000,10.000,0,0,0
B3_zmq_pushpull,zmq_tcp,none,none,,1,28398,512,584,1785153464858518000,1785153464858518000,1785153464858519000,1785153464858520000,1785153464858661000,1785153464858664000,1785153464858664000,1785153464858664000,121932490,121652369,-139.121,0.000,1.000,1.000,3.000,0.000,0.000,67.000,0,0,0
B3_zmq_pushpull,zmq_tcp,none,none,,1,28399,512,584,1785153464859649000,1785153464859649000,1785153464859649000,1785153464859650000,1785153464859759000,1785153464859761000,1785153464859761000,1785153464859761000,121932490,121652369,-171.121,0.000,0.000,1.000,2.000,0.000,0.000,32.000,0,0,0
B3_zmq_pushpull,zmq_tcp,none,none,,1,28400,512,584,1785153464860615000,1785153464860615000,1785153464860615000,1785153464860616000,1785153464860756000,1785153464860759000,1785153464860759000,1785153464860759000,121932490,121652369,-140.121,0.000,0.000,1.000,3.000,0.000,0.000,31.000,0,0,0
B3_zmq_pushpull,zmq_tcp,none,none,,1,28401,512,584,1785153464861624000,1785153464861624000,1785153464861624000,1785153464861625000,1785153464861738000,1785153464861740000,1785153464861740000,1785153464861740000,121932490,121652369,-167.121,0.000,0.000,1.000,2.000,0.000,0.000,27.000,0,0,0
B3_zmq_pushpull,zmq_tcp,none,none,,1,28402,512,584,1785153464862622000,1785153464862622000,1785153464862622000,1785153464862623000,1785153464862739000,1785153464862741000,1785153464862741000,1785153464862741000,121932490,121652369,-164.121,0.000,0.000,1.000,2.000,0.000,0.000,3.000,0,0,0
B3_zmq_pushpull,zmq_tcp,none,none,,1,28403,512,584,1785153464863622000,1785153464863622000,1785153464863622000,1785153464863623000,1785153464863713000,1785153464863716000,1785153464863716000,1785153464863716000,121932490,121652369,-190.121,0.000,0.000,1.000,3.000,0.000,0.000,26.000,0,0,0
B3_zmq_pushpull,zmq_tcp,none,none,,1,28404,512,584,1785153464864622000,1785153464864622000,1785153464864622000,1785153464864623000,1785153464864666000,1785153464864671000,1785153464864671000,1785153464864671000,121932490,121652369,-237.121,0.000,0.000,1.000,5.000,0.000,0.000,47.000,0,0,0
B3_zmq_pushpull,zmq_tcp,none,none,,1,28405,512,584,1785153464865622000,1785153464865622000,1785153464865622000,1785153464865623000,1785153464865778000,1785153464865780000,1785153464865780000,1785153464865780000,121932490,121652369,-125.121,0.000,0.000,1.000,2.000,0.000,0.000,112.000,0,0,0
B3_zmq_pushpull,zmq_tcp,none,none,,1,28406,512,584,1785153464866619000,1785153464866619000,1785153464866619000,1785153464866620000,1785153464866764000,1785153464866767000,1785153464866767000,1785153464866767000,121932490,121652369,-136.121,0.000,0.000,1.000,3.000,0.000,0.000,11.000,0,0,0
B3_zmq_pushpull,zmq_tcp,none,none,,1,28407,512,584,1785153464867623000,1785153464867623000,1785153464867623000,1785153464867624000,1785153464867740000,1785153464867743000,1785153464867743000,1785153464867743000,121932490,121652369,-164.121,0.000,0.000,1.000,3.000,0.000,0.000,28.000,0,0,0
B3_zmq_pushpull,zmq_tcp,none,none,,1,28408,512,584,1785153464868621000,1785153464868621000,1785153464868621000,1785153464868622000,1785153464868719000,1785153464868722000,1785153464868722000,1785153464868722000,121932490,121652369,-183.121,0.000,0.000,1.000,3.000,0.000,0.000,19.000,0,0,0
B3_zmq_pushpull,zmq_tcp,none,none,,1,28409,512,584,1785153464869622000,1785153464869622000,1785153464869622000,1785153464869623000,1785153464869710000,1785153464869713000,1785153464869713000,1785153464869713000,121932490,121652369,-193.121,0.000,0.000,1.000,3.000,0.000,0.000,10.000,0,0,0
B3_zmq_pushpull,zmq_tcp,none,none,,1,28410,512,584,1785153464870619000,1785153464870620000,1785153464870620000,1785153464870621000,1785153464870708000,1785153464870711000,1785153464870711000,1785153464870711000,121932490,121652369,-193.121,1.000,0.000,1.000,3.000,0.000,0.000,0.000,0,0,0
B3_zmq_pushpull,zmq_tcp,none,none,,1,28411,512,584,1785153464871623000,1785153464871623000,1785153464871623000,1785153464871624000,1785153464871688000,1785153464871691000,1785153464871691000,1785153464871691000,121932490,121652369,-216.121,0.000,0.000,1.000,3.000,0.000,0.000,23.000,0,0,0
B3_zmq_pushpull,zmq_tcp,none,none,,1,28412,512,584,1785153464872622000,1785153464872623000,1785153464872623000,1785153464872624000,1785153464872671000,1785153464872676000,1785153464872676000,1785153464872676000,121932490,121652369,-233.121,1.000,0.000,1.000,5.000,0.000,0.000,17.000,0,0,0
B3_zmq_pushpull,zmq_tcp,none,none,,1,28413,512,584,1785153464873622000,1785153464873622000,1785153464873622000,1785153464873623000,1785153464873793000,1785153464873796000,1785153464873796000,1785153464873796000,121932490,121652369,-110.121,0.000,0.000,1.000,3.000,0.000,0.000,123.000,0,0,0
B3_zmq_pushpull,zmq_tcp,none,none,,1,28414,512,584,1785153464874626000,1785153464874626000,1785153464874626000,1785153464874627000,1785153464874795000,1785153464874798000,1785153464874798000,1785153464874798000,121932490,121652369,-112.121,0.000,0.000,1.000,3.000,0.000,0.000,2.000,0,0,0
B3_zmq_pushpull,zmq_tcp,none,none,,1,28415,512,584,1785153464875620000,1785153464875620000,1785153464875621000,1785153464875621000,1785153464875761000,1785153464875764000,1785153464875764000,1785153464875764000,121932490,121652369,-140.121,0.000,1.000,0.000,3.000,0.000,0.000,28.000,0,0,0
B3_zmq_pushpull,zmq_tcp,none,none,,1,28416,512,584,1785153464876625000,1785153464876625000,1785153464876625000,1785153464876626000,1785153464876755000,1785153464876757000,1785153464876757000,1785153464876757000,121932490,121652369,-151.121,0.000,0.000,1.000,2.000,0.000,0.000,11.000,0,0,0
B3_zmq_pushpull,zmq_tcp,none,none,,1,28417,512,584,1785153464877626000,1785153464877627000,1785153464877627000,1785153464877628000,1785153464877728000,1785153464877731000,1785153464877731000,1785153464877731000,121932490,121652369,-180.121,1.000,0.000,1.000,3.000,0.000,0.000,29.000,0,0,0
B3_zmq_pushpull,zmq_tcp,none,none,,1,28418,512,584,1785153464878572000,1785153464878573000,1785153464878573000,1785153464878574000,1785153464878716000,1785153464878720000,1785153464878720000,1785153464878720000,121932490,121652369,-138.121,1.000,0.000,1.000,4.000,0.000,0.000,42.000,0,0,0
B3_zmq_pushpull,zmq_tcp,none,none,,1,28419,512,584,1785153464879429000,1785153464879429000,1785153464879429000,1785153464879430000,1785153464879573000,1785153464879576000,1785153464879576000,1785153464879576000,121932490,121652369,-137.121,0.000,0.000,1.000,3.000,0.000,0.000,1.000,0,0,0
B3_zmq_pushpull,zmq_tcp,none,none,,1,28420,512,584,1785153464880431000,1785153464880432000,1785153464880432000,1785153464880433000,1785153464880576000,1785153464880579000,1785153464880579000,1785153464880579000,121932490,121652369,-137.121,1.000,0.000,1.000,3.000,0.000,0.000,0.000,0,0,0
B3_zmq_pushpull,zmq_tcp,none,none,,1,28421,512,584,1785153464881553000,1785153464881553000,1785153464881553000,1785153464881554000,1785153464881704000,1785153464881708000,1785153464881708000,1785153464881708000,121932490,121652369,-130.121,0.000,0.000,1.000,4.000,0.000,0.000,7.000,0,0,0
B3_zmq_pushpull,zmq_tcp,none,none,,1,28422,512,584,1785153464882642000,1785153464882642000,1785153464882642000,1785153464882643000,1785153464882815000,1785153464882817000,1785153464882817000,1785153464882817000,121932490,121652369,-108.121,0.000,0.000,1.000,2.000,0.000,0.000,22.000,0,0,0
B3_zmq_pushpull,zmq_tcp,none,none,,1,28423,512,584,1785153464883620000,1785153464883621000,1785153464883621000,1785153464883622000,1785153464883791000,1785153464883793000,1785153464883793000,1785153464883793000,121932490,121652369,-111.121,1.000,0.000,1.000,2.000,0.000,0.000,3.000,0,0,0
B3_zmq_pushpull,zmq_tcp,none,none,,1,28424,512,584,1785153464884623000,1785153464884623000,1785153464884623000,1785153464884624000,1785153464884769000,1785153464884773000,1785153464884773000,1785153464884773000,121932490,121652369,-135.121,0.000,0.000,1.000,4.000,0.000,0.000,24.000,0,0,0
B3_zmq_pushpull,zmq_tcp,none,none,,1,28425,512,584,1785153464885622000,1785153464885622000,1785153464885622000,1785153464885623000,1785153464885727000,1785153464885730000,1785153464885730000,1785153464885730000,121932490,121652369,-176.121,0.000,0.000,1.000,3.000,0.000,0.000,41.000,0,0,0
B3_zmq_pushpull,zmq_tcp,none,none,,1,28426,512,584,1785153464886622000,1785153464886622000,1785153464886622000,1785153464886623000,1785153464886707000,1785153464886709000,1785153464886709000,1785153464886709000,121932490,121652369,-196.121,0.000,0.000,1.000,2.000,0.000,0.000,20.000,0,0,0
B3_zmq_pushpull,zmq_tcp,none,none,,1,28427,512,584,1785153464887619000,1785153464887619000,1785153464887619000,1785153464887620000,1785153464887703000,1785153464887706000,1785153464887706000,1785153464887706000,121932490,121652369,-197.121,0.000,0.000,1.000,3.000,0.000,0.000,1.000,0,0,0
B3_zmq_pushpull,zmq_tcp,none,none,,1,28428,512,584,1785153464888626000,1785153464888626000,1785153464888626000,1785153464888628000,1785153464888666000,1785153464888669000,1785153464888669000,1785153464888669000,121932490,121652369,-242.121,0.000,0.000,2.000,3.000,0.000,0.000,45.000,0,0,0
B3_zmq_pushpull,zmq_tcp,none,none,,1,28429,512,584,1785153464889620000,1785153464889621000,1785153464889621000,1785153464889622000,1785153464889801000,1785153464889804000,1785153464889804000,1785153464889804000,121932490,121652369,-101.121,1.000,0.000,1.000,3.000,0.000,0.000,141.000,0,0,0
B3_zmq_pushpull,zmq_tcp,none,none,,1,28430,512,584,1785153464890624000,1785153464890625000,1785153464890625000,1785153464890626000,1785153464890785000,1785153464890788000,1785153464890788000,1785153464890788000,121932490,121652369,-121.121,1.000,0.000,1.000,3.000,0.000,0.000,20.000,0,0,0
B3_zmq_pushpull,zmq_tcp,none,none,,1,28431,512,584,1785153464891621000,1785153464891621000,1785153464891621000,1785153464891622000,1785153464891745000,1785153464891748000,1785153464891748000,1785153464891748000,121932490,121652369,-157.121,0.000,0.000,1.000,3.000,0.000,0.000,36.000,0,0,0
B3_zmq_pushpull,zmq_tcp,none,none,,1,28432,512,584,1785153464892623000,1785153464892623000,1785153464892623000,1785153464892624000,1785153464892724000,1785153464892727000,1785153464892727000,1785153464892727000,121932490,121652369,-180.121,0.000,0.000,1.000,3.000,0.000,0.000,23.000,0,0,0
B3_zmq_pushpull,zmq_tcp,none,none,,1,28433,512,584,1785153464893622000,1785153464893622000,1785153464893622000,1785153464893623000,1785153464893704000,1785153464893707000,1785153464893707000,1785153464893707000,121932490,121652369,-199.121,0.000,0.000,1.000,3.000,0.000,0.000,19.000,0,0,0
B3_zmq_pushpull,zmq_tcp,none,none,,1,28434,512,584,1785153464894623000,1785153464894623000,1785153464894623000,1785153464894624000,1785153464894686000,1785153464894689000,1785153464894689000,1785153464894689000,121932490,121652369,-218.121,0.000,0.000,1.000,3.000,0.000,0.000,19.000,0,0,0
B3_zmq_pushpull,zmq_tcp,none,none,,1,28435,512,584,1785153464895619000,1785153464895619000,1785153464895619000,1785153464895620000,1785153464895669000,1785153464895673000,1785153464895673000,1785153464895673000,121932490,121652369,-231.121,0.000,0.000,1.000,4.000,0.000,0.000,13.000,0,0,0
B3_zmq_pushpull,zmq_tcp,none,none,,1,28436,512,584,1785153464896625000,1785153464896625000,1785153464896625000,1785153464896626000,1785153464896777000,1785153464896780000,1785153464896780000,1785153464896780000,121932490,121652369,-129.121,0.000,0.000,1.000,3.000,0.000,0.000,102.000,0,0,0
B3_zmq_pushpull,zmq_tcp,none,none,,1,28437,512,584,1785153464897622000,1785153464897622000,1785153464897622000,1785153464897623000,1785153464897755000,1785153464897757000,1785153464897758000,1785153464897758000,121932490,121652369,-148.121,0.000,0.000,1.000,2.000,1.000,0.000,19.000,0,0,0
B3_zmq_pushpull,zmq_tcp,none,none,,1,28438,512,584,1785153464898623000,1785153464898623000,1785153464898623000,1785153464898624000,1785153464898717000,1785153464898720000,1785153464898720000,1785153464898720000,121932490,121652369,-187.121,0.000,0.000,1.000,3.000,0.000,0.000,39.000,0,0,0
B3_zmq_pushpull,zmq_tcp,none,none,,1,28439,512,584,1785153464899622000,1785153464899622000,1785153464899622000,1785153464899623000,1785153464899687000,1785153464899690000,1785153464899690000,1785153464899690000,121932490,121652369,-216.121,0.000,0.000,1.000,3.000,0.000,0.000,29.000,0,0,0
B3_zmq_pushpull,zmq_tcp,none,none,,1,28440,512,584,1785153464900622000,1785153464900622000,1785153464900622000,1785153464900623000,1785153464900783000,1785153464900785000,1785153464900785000,1785153464900785000,121932490,121652369,-120.121,0.000,0.000,1.000,2.000,0.000,0.000,96.000,0,0,0
B3_zmq_pushpull,zmq_tcp,none,none,,1,28441,512,584,1785153464901622000,1785153464901622000,1785153464901622000,1785153464901623000,1785153464901764000,1785153464901767000,1785153464901767000,1785153464901767000,121932490,121652369,-139.121,0.000,0.000,1.000,3.000,0.000,0.000,19.000,0,0,0
B3_zmq_pushpull,zmq_tcp,none,none,,1,28442,512,584,1785153464902622000,1785153464902622000,1785153464902622000,1785153464902623000,1785153464902754000,1785153464902756000,1785153464902756000,1785153464902757000,121932490,121652369,-149.121,0.000,0.000,1.000,2.000,0.000,1.000,10.000,0,0,0
B3_zmq_pushpull,zmq_tcp,none,none,,1,28443,512,584,1785153464903621000,1785153464903621000,1785153464903622000,1785153464903622000,1785153464903736000,1785153464903739000,1785153464903739000,1785153464903739000,121932490,121652369,-166.121,0.000,1.000,0.000,3.000,0.000,0.000,17.000,0,0,0
B3_zmq_pushpull,zmq_tcp,none,none,,1,28444,512,584,1785153464904623000,1785153464904623000,1785153464904623000,1785153464904624000,1785153464904726000,1785153464904728000,1785153464904728000,1785153464904728000,121932490,121652369,-178.121,0.000,0.000,1.000,2.000,0.000,0.000,12.000,0,0,0
B3_zmq_pushpull,zmq_tcp,none,none,,1,28445,512,584,1785153464905624000,1785153464905624000,1785153464905624000,1785153464905625000,1785153464905701000,1785153464905704000,1785153464905704000,1785153464905704000,121932490,121652369,-204.121,0.000,0.000,1.000,3.000,0.000,0.000,26.000,0,0,0
B3_zmq_pushpull,zmq_tcp,none,none,,1,28446,512,584,1785153464906620000,1785153464906620000,1785153464906620000,1785153464906621000,1785153464906669000,1785153464906673000,1785153464906673000,1785153464906673000,121932490,121652369,-232.121,0.000,0.000,1.000,4.000,0.000,0.000,28.000,0,0,0
B3_zmq_pushpull,zmq_tcp,none,none,,1,28447,512,584,1785153464907508000,1785153464907508000,1785153464907508000,1785153464907509000,1785153464907663000,1785153464907666000,1785153464907666000,1785153464907666000,121932490,121652369,-126.121,0.000,0.000,1.000,3.000,0.000,0.000,106.000,0,0,0
B3_zmq_pushpull,zmq_tcp,none,none,,1,28448,512,584,1785153464908514000,1785153464908515000,1785153464908515000,1785153464908516000,1785153464908674000,1785153464908676000,1785153464908676000,1785153464908676000,121932490,121652369,-122.121,1.000,0.000,1.000,2.000,0.000,0.000,4.000,0,0,0
B3_zmq_pushpull,zmq_tcp,none,none,,1,28449,512,584,1785153464909651000,1785153464909651000,1785153464909651000,1785153464909652000,1785153464909804000,1785153464909807000,1785153464909807000,1785153464909807000,121932490,121652369,-128.121,0.000,0.000,1.000,3.000,0.000,0.000,6.000,0,0,0
B3_zmq_pushpull,zmq_tcp,none,none,,1,28450,512,584,1785153464910494000,1785153464910494000,1785153464910495000,1785153464910495000,1785153464910656000,1785153464910659000,1785153464910659000,1785153464910659000,121932490,121652369,-119.121,0.000,1.000,0.000,3.000,0.000,0.000,9.000,0,0,0
B3_zmq_pushpull,zmq_tcp,none,none,,1,28451,512,584,1785153464911656000,1785153464911656000,1785153464911656000,1785153464911657000,1785153464911784000,1785153464911787000,1785153464911787000,1785153464911787000,121932490,121652369,-153.121,0.000,0.000,1.000,3.000,0.000,0.000,34.000,0,0,0
B3_zmq_pushpull,zmq_tcp,none,none,,1,28452,512,584,1785153464912614000,1785153464912614000,1785153464912614000,1785153464912615000,1785153464912770000,1785153464912772000,1785153464912772000,1785153464912772000,121932490,121652369,-125.121,0.000,0.000,1.000,2.000,0.000,0.000,28.000,0,0,0
B3_zmq_pushpull,zmq_tcp,none,none,,1,28453,512,584,1785153464913625000,1785153464913625000,1785153464913625000,1785153464913626000,1785153464913724000,1785153464913727000,1785153464913727000,1785153464913727000,121932490,121652369,-182.121,0.000,0.000,1.000,3.000,0.000,0.000,57.000,0,0,0
B3_zmq_pushpull,zmq_tcp,none,none,,1,28454,512,584,1785153464914623000,1785153464914623000,1785153464914623000,1785153464914624000,1785153464914704000,1785153464914707000,1785153464914707000,1785153464914707000,121932490,121652369,-200.121,0.000,0.000,1.000,3.000,0.000,0.000,18.000,0,0,0
B3_zmq_pushpull,zmq_tcp,none,none,,1,28455,512,584,1785153464915622000,1785153464915622000,1785153464915622000,1785153464915623000,1785153464915681000,1785153464915685000,1785153464915685000,1785153464915685000,121932490,121652369,-222.121,0.000,0.000,1.000,4.000,0.000,0.000,22.000,0,0,0
B3_zmq_pushpull,zmq_tcp,none,none,,1,28456,512,584,1785153464916622000,1785153464916622000,1785153464916622000,1785153464916623000,1785153464916796000,1785153464916804000,1785153464916804000,1785153464916804000,121932490,121652369,-107.121,0.000,0.000,1.000,8.000,0.000,0.000,115.000,0,0,0
B3_zmq_pushpull,zmq_tcp,none,none,,1,28457,512,584,1785153464917624000,1785153464917625000,1785153464917625000,1785153464917626000,1785153464917772000,1785153464917775000,1785153464917775000,1785153464917775000,121932490,121652369,-134.121,1.000,0.000,1.000,3.000,0.000,0.000,27.000,0,0,0
B3_zmq_pushpull,zmq_tcp,none,none,,1,28458,512,584,1785153464918618000,1785153464918618000,1785153464918618000,1785153464918619000,1785153464918758000,1785153464918760000,1785153464918760000,1785153464918760000,121932490,121652369,-141.121,0.000,0.000,1.000,2.000,0.000,0.000,7.000,0,0,0
B3_zmq_pushpull,zmq_tcp,none,none,,1,28459,512,584,1785153464919623000,1785153464919623000,1785153464919623000,1785153464919624000,1785153464919744000,1785153464919748000,1785153464919748000,1785153464919748000,121932490,121652369,-160.121,0.000,0.000,1.000,4.000,0.000,0.000,19.000,0,0,0
B3_zmq_pushpull,zmq_tcp,none,none,,1,28460,512,584,1785153464920435000,1785153464920435000,1785153464920435000,1785153464920436000,1785153464920578000,1785153464920581000,1785153464920581000,1785153464920581000,121932490,121652369,-138.121,0.000,0.000,1.000,3.000,0.000,0.000,22.000,0,0,0
B3_zmq_pushpull,zmq_tcp,none,none,,1,28461,512,584,1785153464921554000,1785153464921554000,1785153464921554000,1785153464921555000,1785153464921710000,1785153464921712000,1785153464921712000,1785153464921712000,121932490,121652369,-125.121,0.000,0.000,1.000,2.000,0.000,0.000,13.000,0,0,0
B3_zmq_pushpull,zmq_tcp,none,none,,1,28462,512,584,1785153464922638000,1785153464922638000,1785153464922638000,1785153464922639000,1785153464922811000,1785153464922814000,1785153464922814000,1785153464922814000,121932490,121652369,-108.121,0.000,0.000,1.000,3.000,0.000,0.000,17.000,0,0,0
B3_zmq_pushpull,zmq_tcp,none,none,,1,28463,512,584,1785153464923621000,1785153464923621000,1785153464923621000,1785153464923622000,1785153464923806000,1785153464923808000,1785153464923808000,1785153464923808000,121932490,121652369,-96.121,0.000,0.000,1.000,2.000,0.000,0.000,12.000,0,0,0
B3_zmq_pushpull,zmq_tcp,none,none,,1,28464,512,584,1785153464924623000,1785153464924623000,1785153464924624000,1785153464924624000,1785153464924803000,1785153464924806000,1785153464924806000,1785153464924806000,121932490,121652369,-101.121,0.000,1.000,0.000,3.000,0.000,0.000,5.000,0,0,0
B3_zmq_pushpull,zmq_tcp,none,none,,1,28465,512,584,1785153464925621000,1785153464925621000,1785153464925621000,1785153464925622000,1785153464925800000,1785153464925803000,1785153464925803000,1785153464925803000,121932490,121652369,-102.121,0.000,0.000,1.000,3.000,0.000,0.000,1.000,0,0,0
B3_zmq_pushpull,zmq_tcp,none,none,,1,28466,512,584,1785153464926623000,1785153464926624000,1785153464926624000,1785153464926625000,1785153464926776000,1785153464926779000,1785153464926779000,1785153464926779000,121932490,121652369,-129.121,1.000,0.000,1.000,3.000,0.000,0.000,27.000,0,0,0
B3_zmq_pushpull,zmq_tcp,none,none,,1,28467,512,584,1785153464927622000,1785153464927623000,1785153464927623000,1785153464927624000,1785153464927762000,1785153464927766000,1785153464927766000,1785153464927766000,121932490,121652369,-142.121,1.000,0.000,1.000,4.000,0.000,0.000,13.000,0,0,0
B3_zmq_pushpull,zmq_tcp,none,none,,1,28468,512,584,1785153464928622000,1785153464928622000,1785153464928622000,1785153464928623000,1785153464928739000,1785153464928742000,1785153464928742000,1785153464928742000,121932490,121652369,-164.121,0.000,0.000,1.000,3.000,0.000,0.000,22.000,0,0,0
B3_zmq_pushpull,zmq_tcp,none,none,,1,28469,512,584,1785153464929621000,1785153464929622000,1785153464929622000,1785153464929623000,1785153464929736000,1785153464929739000,1785153464929739000,1785153464929739000,121932490,121652369,-167.121,1.000,0.000,1.000,3.000,0.000,0.000,3.000,0,0,0
B3_zmq_pushpull,zmq_tcp,none,none,,1,28470,512,584,1785153464930625000,1785153464930625000,1785153464930625000,1785153464930626000,1785153464930718000,1785153464930720000,1785153464930720000,1785153464930720000,121932490,121652369,-188.121,0.000,0.000,1.000,2.000,0.000,0.000,21.000,0,0,0
B3_zmq_pushpull,zmq_tcp,none,none,,1,28471,512,584,1785153464931624000,1785153464931624000,1785153464931624000,1785153464931625000,1785153464931831000,1785153464931834000,1785153464931834000,1785153464931834000,121932490,121652369,-74.121,0.000,0.000,1.000,3.000,0.000,0.000,114.000,0,0,0
B3_zmq_pushpull,zmq_tcp,none,none,,1,28472,512,584,1785153464932619000,1785153464932619000,1785153464932620000,1785153464932620000,1785153464932799000,1785153464932802000,1785153464932802000,1785153464932802000,121932490,121652369,-101.121,0.000,1.000,0.000,3.000,0.000,0.000,27.000,0,0,0
B3_zmq_pushpull,zmq_tcp,none,none,,1,28473,512,584,1785153464933625000,1785153464933625000,1785153464933626000,1785153464933626000,1785153464933802000,1785153464933805000,1785153464933805000,1785153464933805000,121932490,121652369,-104.121,0.000,1.000,0.000,3.000,0.000,0.000,3.000,0,0,0
B3_zmq_pushpull,zmq_tcp,none,none,,1,28474,512,584,1785153464934622000,1785153464934622000,1785153464934623000,1785153464934624000,1785153464934790000,1785153464934795000,1785153464934796000,1785153464934796000,121932490,121652369,-114.121,0.000,1.000,1.000,5.000,1.000,0.000,10.000,0,0,0
B3_zmq_pushpull,zmq_tcp,none,none,,1,28475,512,584,1785153464935623000,1785153464935623000,1785153464935623000,1785153464935624000,1785153464935770000,1785153464935772000,1785153464935772000,1785153464935772000,121932490,121652369,-134.121,0.000,0.000,1.000,2.000,0.000,0.000,20.000,0,0,0
B3_zmq_pushpull,zmq_tcp,none,none,,1,28476,512,584,1785153464936623000,1785153464936623000,1785153464936623000,1785153464936624000,1785153464936754000,1785153464936757000,1785153464936757000,1785153464936757000,121932490,121652369,-150.121,0.000,0.000,1.000,3.000,0.000,0.000,16.000,0,0,0
B3_zmq_pushpull,zmq_tcp,none,none,,1,28477,512,584,1785153464937625000,1785153464937625000,1785153464937625000,1785153464937626000,1785153464937745000,1785153464937748000,1785153464937748000,1785153464937748000,121932490,121652369,-161.121,0.000,0.000,1.000,3.000,0.000,0.000,11.000,0,0,0
B3_zmq_pushpull,zmq_tcp,none,none,,1,28478,512,584,1785153464938622000,1785153464938622000,1785153464938622000,1785153464938623000,1785153464938703000,1785153464938706000,1785153464938706000,1785153464938706000,121932490,121652369,-200.121,0.000,0.000,1.000,3.000,0.000,0.000,39.000,0,0,0
B3_zmq_pushpull,zmq_tcp,none,none,,1,28479,512,584,1785153464939625000,1785153464939625000,1785153464939625000,1785153464939626000,1785153464939828000,1785153464939831000,1785153464939831000,1785153464939831000,121932490,121652369,-78.121,0.000,0.000,1.000,3.000,0.000,0.000,122.000,0,0,0
B3_zmq_pushpull,zmq_tcp,none,none,,1,28480,512,584,1785153464940619000,1785153464940619000,1785153464940619000,1785153464940620000,1785153464940664000,1785153464940668000,1785153464940668000,1785153464940668000,121932490,121652369,-236.121,0.000,0.000,1.000,4.000,0.000,0.000,158.000,0,0,0
B3_zmq_pushpull,zmq_tcp,none,none,,1,28481,512,584,1785153464941624000,1785153464941624000,1785153464941624000,1785153464941625000,1785153464941766000,1785153464941768000,1785153464941768000,1785153464941768000,121932490,121652369,-139.121,0.000,0.000,1.000,2.000,0.000,0.000,97.000,0,0,0
B3_zmq_pushpull,zmq_tcp,none,none,,1,28482,512,584,1785153464942622000,1785153464942622000,1785153464942622000,1785153464942623000,1785153464942747000,1785153464942750000,1785153464942750000,1785153464942750000,121932490,121652369,-156.121,0.000,0.000,1.000,3.000,0.000,0.000,17.000,0,0,0
B3_zmq_pushpull,zmq_tcp,none,none,,1,28483,512,584,1785153464943623000,1785153464943623000,1785153464943623000,1785153464943624000,1785153464943715000,1785153464943718000,1785153464943718000,1785153464943718000,121932490,121652369,-189.121,0.000,0.000,1.000,3.000,0.000,0.000,33.000,0,0,0
B3_zmq_pushpull,zmq_tcp,none,none,,1,28484,512,584,1785153464944621000,1785153464944621000,1785153464944621000,1785153464944622000,1785153464944708000,1785153464944711000,1785153464944711000,1785153464944711000,121932490,121652369,-194.121,0.000,0.000,1.000,3.000,0.000,0.000,5.000,0,0,0
B3_zmq_pushpull,zmq_tcp,none,none,,1,28485,512,584,1785153464945626000,1785153464945626000,1785153464945626000,1785153464945627000,1785153464945705000,1785153464945708000,1785153464945708000,1785153464945708000,121932490,121652369,-202.121,0.000,0.000,1.000,3.000,0.000,0.000,8.000,0,0,0
B3_zmq_pushpull,zmq_tcp,none,none,,1,28486,512,584,1785153464946621000,1785153464946621000,1785153464946621000,1785153464946622000,1785153464946684000,1785153464946687000,1785153464946687000,1785153464946687000,121932490,121652369,-218.121,0.000,0.000,1.000,3.000,0.000,0.000,16.000,0,0,0
B3_zmq_pushpull,zmq_tcp,none,none,,1,28487,512,584,1785153464947625000,1785153464947625000,1785153464947625000,1785153464947626000,1785153464947812000,1785153464947815000,1785153464947815000,1785153464947815000,121932490,121652369,-94.121,0.000,0.000,1.000,3.000,0.000,0.000,124.000,0,0,0
B3_zmq_pushpull,zmq_tcp,none,none,,1,28488,512,584,1785153464948621000,1785153464948621000,1785153464948621000,1785153464948622000,1785153464948783000,1785153464948786000,1785153464948786000,1785153464948786000,121932490,121652369,-119.121,0.000,0.000,1.000,3.000,0.000,0.000,25.000,0,0,0
B3_zmq_pushpull,zmq_tcp,none,none,,1,28489,512,584,1785153464949624000,1785153464949624000,1785153464949624000,1785153464949625000,1785153464949772000,1785153464949775000,1785153464949775000,1785153464949775000,121932490,121652369,-133.121,0.000,0.000,1.000,3.000,0.000,0.000,14.000,0,0,0
B3_zmq_pushpull,zmq_tcp,none,none,,1,28490,512,584,1785153464950470000,1785153464950470000,1785153464950470000,1785153464950471000,1785153464950623000,1785153464950626000,1785153464950626000,1785153464950626000,121932490,121652369,-128.121,0.000,0.000,1.000,3.000,0.000,0.000,5.000,0,0,0
B3_zmq_pushpull,zmq_tcp,none,none,,1,28491,512,584,1785153464951466000,1785153464951466000,1785153464951466000,1785153464951468000,1785153464951621000,1785153464951624000,1785153464951625000,1785153464951625000,121932490,121652369,-127.121,0.000,0.000,2.000,3.000,1.000,0.000,1.000,0,0,0
B3_zmq_pushpull,zmq_tcp,none,none,,1,28492,512,584,1785153464952659000,1785153464952659000,1785153464952659000,1785153464952660000,1785153464952749000,1785153464952752000,1785153464952752000,1785153464952753000,121932490,121652369,-191.121,0.000,0.000,1.000,3.000,0.000,1.000,64.000,0,0,0
B3_zmq_pushpull,zmq_tcp,none,none,,1,28493,512,584,1785153464953462000,1785153464953462000,1785153464953463000,1785153464953464000,1785153464953607000,1785153464953610000,1785153464953610000,1785153464953610000,121932490,121652369,-137.121,0.000,1.000,1.000,3.000,0.000,0.000,54.000,0,0,0
B3_zmq_pushpull,zmq_tcp,none,none,,1,28494,512,584,1785153464954663000,1785153464954664000,1785153464954664000,1785153464954665000,1785153464954738000,1785153464954741000,1785153464954741000,1785153464954741000,121932490,121652369,-207.121,1.000,0.000,1.000,3.000,0.000,0.000,70.000,0,0,0
B3_zmq_pushpull,zmq_tcp,none,none,,1,28495,512,584,1785153464955610000,1785153464955610000,1785153464955610000,1785153464955611000,1785153464955735000,1785153464955737000,1785153464955737000,1785153464955737000,121932490,121652369,-156.121,0.000,0.000,1.000,2.000,0.000,0.000,51.000,0,0,0
B3_zmq_pushpull,zmq_tcp,none,none,,1,28496,512,584,1785153464956628000,1785153464956628000,1785153464956628000,1785153464956629000,1785153464956732000,1785153464956735000,1785153464956735000,1785153464956735000,121932490,121652369,-177.121,0.000,0.000,1.000,3.000,0.000,0.000,21.000,0,0,0
B3_zmq_pushpull,zmq_tcp,none,none,,1,28497,512,584,1785153464957627000,1785153464957627000,1785153464957627000,1785153464957628000,1785153464957705000,1785153464957708000,1785153464957708000,1785153464957708000,121932490,121652369,-203.121,0.000,0.000,1.000,3.000,0.000,0.000,26.000,0,0,0
B3_zmq_pushpull,zmq_tcp,none,none,,1,28498,512,584,1785153464958623000,1785153464958623000,1785153464958624000,1785153464958625000,1785153464958677000,1785153464958681000,1785153464958681000,1785153464958681000,121932490,121652369,-228.121,0.000,1.000,1.000,4.000,0.000,0.000,25.000,0,0,0
B3_zmq_pushpull,zmq_tcp,none,none,,1,28499,512,584,1785153464959620000,1785153464959620000,1785153464959620000,1785153464959622000,1785153464959669000,1785153464959675000,1785153464959675000,1785153464959675000,121932490,121652369,-233.121,0.000,0.000,2.000,6.000,0.000,0.000,5.000,0,0,0
B3_zmq_pushpull,zmq_tcp,none,none,,1,28500,512,584,1785153464960625000,1785153464960625000,1785153464960625000,1785153464960626000,1785153464960796000,1785153464960800000,1785153464960800000,1785153464960800000,121932490,121652369,-110.121,0.000,0.000,1.000,4.000,0.000,0.000,123.000,0,0,0
B3_zmq_pushpull,zmq_tcp,none,none,,1,28501,512,584,1785153464961623000,1785153464961623000,1785153464961623000,1785153464961624000,1785153464961672000,1785153464961676000,1785153464961676000,1785153464961676000,121932490,121652369,-232.121,0.000,0.000,1.000,4.000,0.000,0.000,122.000,0,0,0
B3_zmq_pushpull,zmq_tcp,none,none,,1,28502,512,584,1785153464962623000,1785153464962624000,1785153464962624000,1785153464962625000,1785153464962680000,1785153464962683000,1785153464962683000,1785153464962683000,121932490,121652369,-225.121,1.000,0.000,1.000,3.000,0.000,0.000,7.000,0,0,0
B3_zmq_pushpull,zmq_tcp,none,none,,1,28503,512,584,1785153464963533000,1785153464963534000,1785153464963534000,1785153464963535000,1785153464963689000,1785153464963692000,1785153464963692000,1785153464963692000,121932490,121652369,-126.121,1.000,0.000,1.000,3.000,0.000,0.000,99.000,0,0,0
B3_zmq_pushpull,zmq_tcp,none,none,,1,28504,512,584,1785153464964523000,1785153464964523000,1785153464964523000,1785153464964524000,1785153464964677000,1785153464964680000,1785153464964680000,1785153464964680000,121932490,121652369,-127.121,0.000,0.000,1.000,3.000,0.000,0.000,1.000,0,0,0
B3_zmq_pushpull,zmq_tcp,none,none,,1,28505,512,584,1785153464965542000,1785153464965542000,1785153464965542000,1785153464965543000,1785153464965698000,1785153464965701000,1785153464965701000,1785153464965701000,121932490,121652369,-125.121,0.000,0.000,1.000,3.000,0.000,0.000,2.000,0,0,0
B3_zmq_pushpull,zmq_tcp,none,none,,1,28506,512,584,1785153464966643000,1785153464966644000,1785153464966644000,1785153464966645000,1785153464966825000,1785153464966828000,1785153464966828000,1785153464966828000,121932490,121652369,-100.121,1.000,0.000,1.000,3.000,0.000,0.000,25.000,0,0,0
B3_zmq_pushpull,zmq_tcp,none,none,,1,28507,512,584,1785153464967513000,1785153464967513000,1785153464967513000,1785153464967514000,1785153464967660000,1785153464967663000,1785153464967663000,1785153464967663000,121932490,121652369,-134.121,0.000,0.000,1.000,3.000,0.000,0.000,34.000,0,0,0
B3_zmq_pushpull,zmq_tcp,none,none,,1,28508,512,584,1785153464968504000,1785153464968504000,1785153464968504000,1785153464968505000,1785153464968660000,1785153464968664000,1785153464968664000,1785153464968664000,121932490,121652369,-125.121,0.000,0.000,1.000,4.000,0.000,0.000,9.000,0,0,0
B3_zmq_pushpull,zmq_tcp,none,none,,1,28509,512,584,1785153464969518000,1785153464969518000,1785153464969518000,1785153464969519000,1785153464969662000,1785153464969664000,1785153464969664000,1785153464969664000,121932490,121652369,-137.121,0.000,0.000,1.000,2.000,0.000,0.000,12.000,0,0,0
B3_zmq_pushpull,zmq_tcp,none,none,,1,28510,512,584,1785153464970651000,1785153464970651000,1785153464970651000,1785153464970652000,1785153464970771000,1785153464970774000,1785153464970774000,1785153464970774000,121932490,121652369,-161.121,0.000,0.000,1.000,3.000,0.000,0.000,24.000,0,0,0
B3_zmq_pushpull,zmq_tcp,none,none,,1,28511,512,584,1785153464971476000,1785153464971476000,1785153464971476000,1785153464971477000,1785153464971629000,1785153464971632000,1785153464971632000,1785153464971632000,121932490,121652369,-128.121,0.000,0.000,1.000,3.000,0.000,0.000,33.000,0,0,0
B3_zmq_pushpull,zmq_tcp,none,none,,1,28512,512,584,1785153464972662000,1785153464972662000,1785153464972662000,1785153464972663000,1785153464972787000,1785153464972790000,1785153464972790000,1785153464972790000,121932490,121652369,-156.121,0.000,0.000,1.000,3.000,0.000,0.000,28.000,0,0,0
B3_zmq_pushpull,zmq_tcp,none,none,,1,28513,512,584,1785153464973614000,1785153464973614000,1785153464973614000,1785153464973615000,1785153464973787000,1785153464973789000,1785153464973790000,1785153464973790000,121932490,121652369,-108.121,0.000,0.000,1.000,2.000,1.000,0.000,48.000,0,0,0
B3_zmq_pushpull,zmq_tcp,none,none,,1,28514,512,584,1785153464974626000,1785153464974626000,1785153464974626000,1785153464974627000,1785153464974770000,1785153464974772000,1785153464974772000,1785153464974772000,121932490,121652369,-137.121,0.000,0.000,1.000,2.000,0.000,0.000,29.000,0,0,0
B3_zmq_pushpull,zmq_tcp,none,none,,1,28515,512,584,1785153464975622000,1785153464975622000,1785153464975622000,1785153464975623000,1785153464975756000,1785153464975759000,1785153464975759000,1785153464975759000,121932490,121652369,-147.121,0.000,0.000,1.000,3.000,0.000,0.000,10.000,0,0,0
B3_zmq_pushpull,zmq_tcp,none,none,,1,28516,512,584,1785153464976623000,1785153464976623000,1785153464976623000,1785153464976624000,1785153464976761000,1785153464976764000,1785153464976764000,1785153464976764000,121932490,121652369,-143.121,0.000,0.000,1.000,3.000,0.000,0.000,4.000,0,0,0
B3_zmq_pushpull,zmq_tcp,none,none,,1,28517,512,584,1785153464977623000,1785153464977624000,1785153464977624000,1785153464977624000,1785153464977740000,1785153464977744000,1785153464977744000,1785153464977744000,121932490,121652369,-164.121,1.000,0.000,0.000,4.000,0.000,0.000,21.000,0,0,0
B3_zmq_pushpull,zmq_tcp,none,none,,1,28518,512,584,1785153464978440000,1785153464978440000,1785153464978440000,1785153464978441000,1785153464978596000,1785153464978599000,1785153464978599000,1785153464978599000,121932490,121652369,-125.121,0.000,0.000,1.000,3.000,0.000,0.000,39.000,0,0,0
B3_zmq_pushpull,zmq_tcp,none,none,,1,28519,512,584,1785153464979438000,1785153464979438000,1785153464979438000,1785153464979439000,1785153464979583000,1785153464979586000,1785153464979586000,1785153464979586000,121932490,121652369,-136.121,0.000,0.000,1.000,3.000,0.000,0.000,11.000,0,0,0
B3_zmq_pushpull,zmq_tcp,none,none,,1,28520,512,584,1785153464980670000,1785153464980670000,1785153464980670000,1785153464980671000,1785153464980851000,1785153464980854000,1785153464980854000,1785153464980854000,121932490,121652369,-100.121,0.000,0.000,1.000,3.000,0.000,0.000,36.000,0,0,0
B3_zmq_pushpull,zmq_tcp,none,none,,1,28521,512,584,1785153464981614000,1785153464981614000,1785153464981614000,1785153464981615000,1785153464981691000,1785153464981694000,1785153464981694000,1785153464981694000,121932490,121652369,-204.121,0.000,0.000,1.000,3.000,0.000,0.000,104.000,0,0,0
B3_zmq_pushpull,zmq_tcp,none,none,,1,28522,512,584,1785153464982540000,1785153464982541000,1785153464982541000,1785153464982542000,1785153464982702000,1785153464982704000,1785153464982704000,1785153464982704000,121932490,121652369,-120.121,1.000,0.000,1.000,2.000,0.000,0.000,84.000,0,0,0
B3_zmq_pushpull,zmq_tcp,none,none,,1,28523,512,584,1785153464983645000,1785153464983645000,1785153464983645000,1785153464983646000,1785153464983689000,1785153464983691000,1785153464983692000,1785153464983692000,121932490,121652369,-237.121,0.000,0.000,1.000,2.000,1.000,0.000,117.000,0,0,0
B3_zmq_pushpull,zmq_tcp,none,none,,1,28524,512,584,1785153464984618000,1785153464984618000,1785153464984618000,1785153464984619000,1785153464984675000,1785153464984677000,1785153464984677000,1785153464984677000,121932490,121652369,-224.121,0.000,0.000,1.000,2.000,0.000,0.000,13.000,0,0,0
B3_zmq_pushpull,zmq_tcp,none,none,,1,28525,512,584,1785153464985623000,1785153464985624000,1785153464985624000,1785153464985625000,1785153464985798000,1785153464985805000,1785153464985805000,1785153464985805000,121932490,121652369,-107.121,1.000,0.000,1.000,7.000,0.000,0.000,117.000,0,0,0
B3_zmq_pushpull,zmq_tcp,none,none,,1,28526,512,584,1785153464986626000,1785153464986626000,1785153464986626000,1785153464986627000,1785153464986683000,1785153464986686000,1785153464986686000,1785153464986686000,121932490,121652369,-224.121,0.000,0.000,1.000,3.000,0.000,0.000,117.000,0,0,0
B3_zmq_pushpull,zmq_tcp,none,none,,1,28527,512,584,1785153464987527000,1785153464987527000,1785153464987527000,1785153464987528000,1785153464987686000,1785153464987688000,1785153464987688000,1785153464987688000,121932490,121652369,-122.121,0.000,0.000,1.000,2.000,0.000,0.000,102.000,0,0,0
B3_zmq_pushpull,zmq_tcp,none,none,,1,28528,512,584,1785153464988648000,1785153464988648000,1785153464988648000,1785153464988649000,1785153464988837000,1785153464988840000,1785153464988840000,1785153464988840000,121932490,121652369,-92.121,0.000,0.000,1.000,3.000,0.000,0.000,30.000,0,0,0
B3_zmq_pushpull,zmq_tcp,none,none,,1,28529,512,584,1785153464989540000,1785153464989540000,1785153464989540000,1785153464989541000,1785153464989695000,1785153464989698000,1785153464989698000,1785153464989698000,121932490,121652369,-126.121,0.000,0.000,1.000,3.000,0.000,0.000,34.000,0,0,0
B3_zmq_pushpull,zmq_tcp,none,none,,1,28530,512,584,1785153464990538000,1785153464990538000,1785153464990538000,1785153464990539000,1785153464990691000,1785153464990694000,1785153464990694000,1785153464990694000,121932490,121652369,-128.121,0.000,0.000,1.000,3.000,0.000,0.000,2.000,0,0,0
B3_zmq_pushpull,zmq_tcp,none,none,,1,28531,512,584,1785153464991645000,1785153464991645000,1785153464991645000,1785153464991646000,1785153464991687000,1785153464991690000,1785153464991690000,1785153464991690000,121932490,121652369,-239.121,0.000,0.000,1.000,3.000,0.000,0.000,111.000,0,0,0
B3_zmq_pushpull,zmq_tcp,none,none,,1,28532,512,584,1785153464992518000,1785153464992518000,1785153464992518000,1785153464992519000,1785153464992674000,1785153464992676000,1785153464992676000,1785153464992676000,121932490,121652369,-125.121,0.000,0.000,1.000,2.000,0.000,0.000,114.000,0,0,0
B3_zmq_pushpull,zmq_tcp,none,none,,1,28533,512,584,1785153464993647000,1785153464993648000,1785153464993648000,1785153464993649000,1785153464993688000,1785153464993692000,1785153464993692000,1785153464993692000,121932490,121652369,-241.121,1.000,0.000,1.000,4.000,0.000,0.000,116.000,0,0,0
B3_zmq_pushpull,zmq_tcp,none,none,,1,28534,512,584,1785153464994620000,1785153464994620000,1785153464994620000,1785153464994621000,1785153464994677000,1785153464994680000,1785153464994681000,1785153464994681000,121932490,121652369,-224.121,0.000,0.000,1.000,3.000,1.000,0.000,17.000,0,0,0
B3_zmq_pushpull,zmq_tcp,none,none,,1,28535,512,584,1785153464995508000,1785153464995508000,1785153464995508000,1785153464995509000,1785153464995668000,1785153464995671000,1785153464995671000,1785153464995671000,121932490,121652369,-121.121,0.000,0.000,1.000,3.000,0.000,0.000,103.000,0,0,0
B3_zmq_pushpull,zmq_tcp,none,none,,1,28536,512,584,1785153464996653000,1785153464996653000,1785153464996653000,1785153464996654000,1785153464996822000,1785153464996824000,1785153464996824000,1785153464996824000,121932490,121652369,-112.121,0.000,0.000,1.000,2.000,0.000,0.000,9.000,0,0,0
B3_zmq_pushpull,zmq_tcp,none,none,,1,28537,512,584,1785153464997530000,1785153464997531000,1785153464997531000,1785153464997532000,1785153464997684000,1785153464997687000,1785153464997687000,1785153464997687000,121932490,121652369,-128.121,1.000,0.000,1.000,3.000,0.000,0.000,16.000,0,0,0
B3_zmq_pushpull,zmq_tcp,none,none,,1,28538,512,584,1785153464998517000,1785153464998518000,1785153464998518000,1785153464998519000,1785153464998671000,1785153464998673000,1785153464998673000,1785153464998674000,121932490,121652369,-128.121,1.000,0.000,1.000,2.000,0.000,1.000,0.000,0,0,0
B3_zmq_pushpull,zmq_tcp,none,none,,1,28539,512,584,1785153464999650000,1785153464999650000,1785153464999650000,1785153464999651000,1785153464999811000,1785153464999813000,1785153464999814000,1785153464999814000,121932490,121652369,-120.121,0.000,0.000,1.000,2.000,1.000,0.000,8.000,0,0,0
B3_zmq_pushpull,zmq_tcp,none,none,,1,28540,512,584,1785153465000621000,1785153465000621000,1785153465000621000,1785153465000622000,1785153465000810000,1785153465000813000,1785153465000813000,1785153465000813000,121932490,121652369,-92.121,0.000,0.000,1.000,3.000,0.000,0.000,28.000,0,0,0
B3_zmq_pushpull,zmq_tcp,none,none,,1,28541,512,584,1785153465001621000,1785153465001621000,1785153465001621000,1785153465001622000,1785153465001806000,1785153465001808000,1785153465001808000,1785153465001808000,121932490,121652369,-96.121,0.000,0.000,1.000,2.000,0.000,0.000,4.000,0,0,0
B3_zmq_pushpull,zmq_tcp,none,none,,1,28542,512,584,1785153465002510000,1785153465002510000,1785153465002510000,1785153465002511000,1785153465002658000,1785153465002660000,1785153465002660000,1785153465002660000,121932490,121652369,-133.121,0.000,0.000,1.000,2.000,0.000,0.000,37.000,0,0,0
B3_zmq_pushpull,zmq_tcp,none,none,,1,28543,512,584,1785153465003651000,1785153465003651000,1785153465003651000,1785153465003652000,1785153465003788000,1785153465003792000,1785153465003792000,1785153465003792000,121932490,121652369,-144.121,0.000,0.000,1.000,4.000,0.000,0.000,11.000,0,0,0
B3_zmq_pushpull,zmq_tcp,none,none,,1,28544,512,584,1785153465004483000,1785153465004483000,1785153465004483000,1785153465004484000,1785153465004636000,1785153465004639000,1785153465004639000,1785153465004639000,121932490,121652369,-128.121,0.000,0.000,1.000,3.000,0.000,0.000,16.000,0,0,0
B3_zmq_pushpull,zmq_tcp,none,none,,1,28545,512,584,1785153465005658000,1785153465005658000,1785153465005658000,1785153465005659000,1785153465005760000,1785153465005763000,1785153465005763000,1785153465005763000,121932490,121652369,-179.121,0.000,0.000,1.000,3.000,0.000,0.000,51.000,0,0,0
B3_zmq_pushpull,zmq_tcp,none,none,,1,28546,512,584,1785153465006615000,1785153465006615000,1785153465006615000,1785153465006616000,1785153465006758000,1785153465006760000,1785153465006760000,1785153465006760000,121932490,121652369,-138.121,0.000,0.000,1.000,2.000,0.000,0.000,41.000,0,0,0
B3_zmq_pushpull,zmq_tcp,none,none,,1,28547,512,584,1785153465007628000,1785153465007628000,1785153465007628000,1785153465007629000,1785153465007754000,1785153465007756000,1785153465007756000,1785153465007756000,121932490,121652369,-155.121,0.000,0.000,1.000,2.000,0.000,0.000,17.000,0,0,0
B3_zmq_pushpull,zmq_tcp,none,none,,1,28548,512,584,1785153465008621000,1785153465008621000,1785153465008621000,1785153465008622000,1785153465008756000,1785153465008759000,1785153465008759000,1785153465008759000,121932490,121652369,-146.121,0.000,0.000,1.000,3.000,0.000,0.000,9.000,0,0,0
B3_zmq_pushpull,zmq_tcp,none,none,,1,28549,512,584,1785153465009625000,1785153465009625000,1785153465009625000,1785153465009626000,1785153465009759000,1785153465009762000,1785153465009762000,1785153465009762000,121932490,121652369,-147.121,0.000,0.000,1.000,3.000,0.000,0.000,1.000,0,0,0
B3_zmq_pushpull,zmq_tcp,none,none,,1,28550,512,584,1785153465010623000,1785153465010623000,1785153465010623000,1785153465010624000,1785153465010763000,1785153465010766000,1785153465010766000,1785153465010766000,121932490,121652369,-141.121,0.000,0.000,1.000,3.000,0.000,0.000,6.000,0,0,0
B3_zmq_pushpull,zmq_tcp,none,none,,1,28551,512,584,1785153465011457000,1785153465011457000,1785153465011457000,1785153465011458000,1785153465011612000,1785153465011615000,1785153465011615000,1785153465011615000,121932490,121652369,-126.121,0.000,0.000,1.000,3.000,0.000,0.000,15.000,0,0,0
B3_zmq_pushpull,zmq_tcp,none,none,,1,28552,512,584,1785153465012663000,1785153465012663000,1785153465012663000,1785153465012664000,1785153465012740000,1785153465012743000,1785153465012743000,1785153465012743000,121932490,121652369,-204.121,0.000,0.000,1.000,3.000,0.000,0.000,78.000,0,0,0
B3_zmq_pushpull,zmq_tcp,none,none,,1,28553,512,584,1785153465013614000,1785153465013614000,1785153465013614000,1785153465013615000,1785153465013741000,1785153465013744000,1785153465013744000,1785153465013744000,121932490,121652369,-154.121,0.000,0.000,1.000,3.000,0.000,0.000,50.000,0,0,0
B3_zmq_pushpull,zmq_tcp,none,none,,1,28554,512,584,1785153465014627000,1785153465014627000,1785153465014627000,1785153465014628000,1785153465014748000,1785153465014751000,1785153465014751000,1785153465014751000,121932490,121652369,-160.121,0.000,0.000,1.000,3.000,0.000,0.000,6.000,0,0,0
B3_zmq_pushpull,zmq_tcp,none,none,,1,28555,512,584,1785153465015622000,1785153465015622000,1785153465015622000,1785153465015623000,1785153465015739000,1785153465015742000,1785153465015742000,1785153465015742000,121932490,121652369,-164.121,0.000,0.000,1.000,3.000,0.000,0.000,4.000,0,0,0
B3_zmq_pushpull,zmq_tcp,none,none,,1,28556,512,584,1785153465016625000,1785153465016625000,1785153465016625000,1785153465016626000,1785153465016739000,1785153465016742000,1785153465016742000,1785153465016742000,121932490,121652369,-167.121,0.000,0.000,1.000,3.000,0.000,0.000,3.000,0,0,0
B3_zmq_pushpull,zmq_tcp,none,none,,1,28557,512,584,1785153465017623000,1785153465017624000,1785153465017624000,1785153465017625000,1785153465017718000,1785153465017720000,1785153465017720000,1785153465017720000,121932490,121652369,-187.121,1.000,0.000,1.000,2.000,0.000,0.000,20.000,0,0,0
B3_zmq_pushpull,zmq_tcp,none,none,,1,28558,512,584,1785153465018624000,1785153465018624000,1785153465018624000,1785153465018625000,1785153465018714000,1785153465018716000,1785153465018716000,1785153465018716000,121932490,121652369,-191.121,0.000,0.000,1.000,2.000,0.000,0.000,4.000,0,0,0
B3_zmq_pushpull,zmq_tcp,none,none,,1,28559,512,584,1785153465019621000,1785153465019621000,1785153465019621000,1785153465019622000,1785153465019700000,1785153465019703000,1785153465019703000,1785153465019703000,121932490,121652369,-202.121,0.000,0.000,1.000,3.000,0.000,0.000,11.000,0,0,0
B3_zmq_pushpull,zmq_tcp,none,none,,1,28560,512,584,1785153465020626000,1785153465020626000,1785153465020626000,1785153465020627000,1785153465020714000,1785153465020716000,1785153465020716000,1785153465020716000,121932490,121652369,-193.121,0.000,0.000,1.000,2.000,0.000,0.000,9.000,0,0,0
B3_zmq_pushpull,zmq_tcp,none,none,,1,28561,512,584,1785153465021623000,1785153465021623000,1785153465021623000,1785153465021624000,1785153465021718000,1785153465021721000,1785153465021721000,1785153465021721000,121932490,121652369,-186.121,0.000,0.000,1.000,3.000,0.000,0.000,7.000,0,0,0
B3_zmq_pushpull,zmq_tcp,none,none,,1,28562,512,584,1785153465022625000,1785153465022625000,1785153465022625000,1785153465022626000,1785153465022722000,1785153465022724000,1785153465022724000,1785153465022724000,121932490,121652369,-184.121,0.000,0.000,1.000,2.000,0.000,0.000,2.000,0,0,0
B3_zmq_pushpull,zmq_tcp,none,none,,1,28563,512,584,1785153465023622000,1785153465023622000,1785153465023622000,1785153465023623000,1785153465023722000,1785153465023725000,1785153465023725000,1785153465023725000,121932490,121652369,-181.121,0.000,0.000,1.000,3.000,0.000,0.000,3.000,0,0,0
B3_zmq_pushpull,zmq_tcp,none,none,,1,28564,512,584,1785153465024624000,1785153465024624000,1785153465024624000,1785153465024625000,1785153465024716000,1785153465024719000,1785153465024719000,1785153465024719000,121932490,121652369,-189.121,0.000,0.000,1.000,3.000,0.000,0.000,8.000,0,0,0
B3_zmq_pushpull,zmq_tcp,none,none,,1,28565,512,584,1785153465025624000,1785153465025624000,1785153465025624000,1785153465025625000,1785153465025692000,1785153465025695000,1785153465025695000,1785153465025695000,121932490,121652369,-213.121,0.000,0.000,1.000,3.000,0.000,0.000,24.000,0,0,0
B3_zmq_pushpull,zmq_tcp,none,none,,1,28566,512,584,1785153465026624000,1785153465026624000,1785153465026624000,1785153465026625000,1785153465026680000,1785153465026684000,1785153465026684000,1785153465026684000,121932490,121652369,-225.121,0.000,0.000,1.000,4.000,0.000,0.000,12.000,0,0,0
B3_zmq_pushpull,zmq_tcp,none,none,,1,28567,512,584,1785153465027621000,1785153465027622000,1785153465027622000,1785153465027623000,1785153465027670000,1785153465027674000,1785153465027674000,1785153465027674000,121932490,121652369,-233.121,1.000,0.000,1.000,4.000,0.000,0.000,8.000,0,0,0
B3_zmq_pushpull,zmq_tcp,none,none,,1,28568,512,584,1785153465028624000,1785153465028624000,1785153465028624000,1785153465028625000,1785153465028802000,1785153465028804000,1785153465028804000,1785153465028804000,121932490,121652369,-103.121,0.000,0.000,1.000,2.000,0.000,0.000,130.000,0,0,0
B3_zmq_pushpull,zmq_tcp,none,none,,1,28569,512,584,1785153465029626000,1785153465029626000,1785153465029626000,1785153465029627000,1785153465029819000,1785153465029822000,1785153465029822000,1785153465029822000,121932490,121652369,-88.121,0.000,0.000,1.000,3.000,0.000,0.000,15.000,0,0,0
B3_zmq_pushpull,zmq_tcp,none,none,,1,28570,512,584,1785153465030621000,1785153465030621000,1785153465030621000,1785153465030622000,1785153465030686000,1785153465030690000,1785153465030690000,1785153465030690000,121932490,121652369,-216.121,0.000,0.000,1.000,4.000,0.000,0.000,128.000,0,0,0
B3_zmq_pushpull,zmq_tcp,none,none,,1,28571,512,584,1785153465031625000,1785153465031625000,1785153465031625000,1785153465031626000,1785153465031681000,1785153465031684000,1785153465031684000,1785153465031684000,121932490,121652369,-225.121,0.000,0.000,1.000,3.000,0.000,0.000,9.000,0,0,0
B3_zmq_pushpull,zmq_tcp,none,none,,1,28572,512,584,1785153465032624000,1785153465032624000,1785153465032624000,1785153465032625000,1785153465032679000,1785153465032682000,1785153465032682000,1785153465032682000,121932490,121652369,-226.121,0.000,0.000,1.000,3.000,0.000,0.000,1.000,0,0,0
B3_zmq_pushpull,zmq_tcp,none,none,,1,28573,512,584,1785153465033624000,1785153465033624000,1785153465033624000,1785153465033625000,1785153465033677000,1785153465033681000,1785153465033681000,1785153465033681000,121932490,121652369,-228.121,0.000,0.000,1.000,4.000,0.000,0.000,2.000,0,0,0
B3_zmq_pushpull,zmq_tcp,none,none,,1,28574,512,584,1785153465034621000,1785153465034621000,1785153465034621000,1785153465034622000,1785153465034671000,1785153465034674000,1785153465034674000,1785153465034674000,121932490,121652369,-231.121,0.000,0.000,1.000,3.000,0.000,0.000,3.000,0,0,0
B3_zmq_pushpull,zmq_tcp,none,none,,1,28575,512,584,1785153465035626000,1785153465035626000,1785153465035626000,1785153465035627000,1785153465035792000,1785153465035795000,1785153465035795000,1785153465035795000,121932490,121652369,-115.121,0.000,0.000,1.000,3.000,0.000,0.000,116.000,0,0,0
B3_zmq_pushpull,zmq_tcp,none,none,,1,28576,512,584,1785153465036624000,1785153465036624000,1785153465036624000,1785153465036625000,1785153465036801000,1785153465036804000,1785153465036804000,1785153465036805000,121932490,121652369,-104.121,0.000,0.000,1.000,3.000,0.000,1.000,11.000,0,0,0
B3_zmq_pushpull,zmq_tcp,none,none,,1,28577,512,584,1785153465037623000,1785153465037624000,1785153465037624000,1785153465037625000,1785153465037763000,1785153465037766000,1785153465037766000,1785153465037766000,121932490,121652369,-142.121,1.000,0.000,1.000,3.000,0.000,0.000,38.000,0,0,0
B3_zmq_pushpull,zmq_tcp,none,none,,1,28578,512,584,1785153465038621000,1785153465038621000,1785153465038621000,1785153465038622000,1785153465038764000,1785153465038767000,1785153465038767000,1785153465038767000,121932490,121652369,-138.121,0.000,0.000,1.000,3.000,0.000,0.000,4.000,0,0,0
B3_zmq_pushpull,zmq_tcp,none,none,,1,28579,512,584,1785153465039625000,1785153465039625000,1785153465039625000,1785153465039626000,1785153465039759000,1785153465039762000,1785153465039763000,1785153465039763000,121932490,121652369,-147.121,0.000,0.000,1.000,3.000,1.000,0.000,9.000,0,0,0
B3_zmq_pushpull,zmq_tcp,none,none,,1,28580,512,584,1785153465040463000,1785153465040463000,1785153465040463000,1785153465040464000,1785153465040617000,1785153465040619000,1785153465040619000,1785153465040620000,121932490,121652369,-127.121,0.000,0.000,1.000,2.000,0.000,1.000,20.000,0,0,0
B3_zmq_pushpull,zmq_tcp,none,none,,1,28581,512,584,1785153465041664000,1785153465041664000,1785153465041664000,1785153465041665000,1785153465041756000,1785153465041759000,1785153465041759000,1785153465041759000,121932490,121652369,-189.121,0.000,0.000,1.000,3.000,0.000,0.000,62.000,0,0,0
B3_zmq_pushpull,zmq_tcp,none,none,,1,28582,512,584,1785153465042612000,1785153465042612000,1785153465042612000,1785153465042613000,1785153465042755000,1785153465042758000,1785153465042758000,1785153465042758000,121932490,121652369,-138.121,0.000,0.000,1.000,3.000,0.000,0.000,51.000,0,0,0
B3_zmq_pushpull,zmq_tcp,none,none,,1,28583,512,584,1785153465043626000,1785153465043626000,1785153465043627000,1785153465043627000,1785153465043730000,1785153465043732000,1785153465043732000,1785153465043732000,121932490,121652369,-177.121,0.000,1.000,0.000,2.000,0.000,0.000,39.000,0,0,0
B3_zmq_pushpull,zmq_tcp,none,none,,1,28584,512,584,1785153465044626000,1785153465044626000,1785153465044626000,1785153465044627000,1785153465044740000,1785153465044743000,1785153465044743000,1785153465044743000,121932490,121652369,-167.121,0.000,0.000,1.000,3.000,0.000,0.000,10.000,0,0,0
B3_zmq_pushpull,zmq_tcp,none,none,,1,28585,512,584,1785153465045623000,1785153465045624000,1785153465045624000,1785153465045625000,1785153465045747000,1785153465045750000,1785153465045750000,1785153465045750000,121932490,121652369,-158.121,1.000,0.000,1.000,3.000,0.000,0.000,9.000,0,0,0
B3_zmq_pushpull,zmq_tcp,none,none,,1,28586,512,584,1785153465046621000,1785153465046621000,1785153465046621000,1785153465046622000,1785153465046742000,1785153465046745000,1785153465046745000,1785153465046745000,121932490,121652369,-160.121,0.000,0.000,1.000,3.000,0.000,0.000,2.000,0,0,0
B3_zmq_pushpull,zmq_tcp,none,none,,1,28587,512,584,1785153465047429000,1785153465047429000,1785153465047429000,1785153465047430000,1785153465047570000,1785153465047572000,1785153465047572000,1785153465047572000,121932490,121652369,-140.121,0.000,0.000,1.000,2.000,0.000,0.000,20.000,0,0,0
B3_zmq_pushpull,zmq_tcp,none,none,,1,28588,512,584,1785153465048429000,1785153465048429000,1785153465048429000,1785153465048430000,1785153465048587000,1785153465048590000,1785153465048590000,1785153465048590000,121932490,121652369,-123.121,0.000,0.000,1.000,3.000,0.000,0.000,17.000,0,0,0
B3_zmq_pushpull,zmq_tcp,none,none,,1,28589,512,584,1785153465049674000,1785153465049674000,1785153465049674000,1785153465049675000,1785153465049863000,1785153465049866000,1785153465049866000,1785153465049866000,121932490,121652369,-92.121,0.000,0.000,1.000,3.000,0.000,0.000,31.000,0,0,0
B3_zmq_pushpull,zmq_tcp,none,none,,1,28590,512,584,1785153465050610000,1785153465050610000,1785153465050610000,1785153465050611000,1785153465050718000,1785153465050721000,1785153465050721000,1785153465050721000,121932490,121652369,-173.121,0.000,0.000,1.000,3.000,0.000,0.000,81.000,0,0,0
B3_zmq_pushpull,zmq_tcp,none,none,,1,28591,512,584,1785153465051628000,1785153465051628000,1785153465051628000,1785153465051629000,1785153465051690000,1785153465051693000,1785153465051693000,1785153465051693000,121932490,121652369,-219.121,0.000,0.000,1.000,3.000,0.000,0.000,46.000,0,0,0
B3_zmq_pushpull,zmq_tcp,none,none,,1,28592,512,584,1785153465052622000,1785153465052623000,1785153465052623000,1785153465052624000,1785153465052686000,1785153465052688000,1785153465052688000,1785153465052688000,121932490,121652369,-218.121,1.000,0.000,1.000,2.000,0.000,0.000,1.000,0,0,0
B3_zmq_pushpull,zmq_tcp,none,none,,1,28593,512,584,1785153465053624000,1785153465053624000,1785153465053624000,1785153465053625000,1785153465053681000,1785153465053683000,1785153465053683000,1785153465053683000,121932490,121652369,-224.121,0.000,0.000,1.000,2.000,0.000,0.000,6.000,0,0,0
B3_zmq_pushpull,zmq_tcp,none,none,,1,28594,512,584,1785153465054620000,1785153465054620000,1785153465054620000,1785153465054621000,1785153465054685000,1785153465054687000,1785153465054687000,1785153465054687000,121932490,121652369,-216.121,0.000,0.000,1.000,2.000,0.000,0.000,8.000,0,0,0
B3_zmq_pushpull,zmq_tcp,none,none,,1,28595,512,584,1785153465055626000,1785153465055627000,1785153465055627000,1785153465055628000,1785153465055690000,1785153465055693000,1785153465055693000,1785153465055693000,121932490,121652369,-218.121,1.000,0.000,1.000,3.000,0.000,0.000,2.000,0,0,0
B3_zmq_pushpull,zmq_tcp,none,none,,1,28596,512,584,1785153465056625000,1785153465056625000,1785153465056625000,1785153465056626000,1785153465056706000,1785153465056708000,1785153465056709000,1785153465056709000,121932490,121652369,-200.121,0.000,0.000,1.000,2.000,1.000,0.000,18.000,0,0,0
B3_zmq_pushpull,zmq_tcp,none,none,,1,28597,512,584,1785153465057624000,1785153465057624000,1785153465057624000,1785153465057625000,1785153465057694000,1785153465057696000,1785153465057696000,1785153465057696000,121932490,121652369,-211.121,0.000,0.000,1.000,2.000,0.000,0.000,11.000,0,0,0
B3_zmq_pushpull,zmq_tcp,none,none,,1,28598,512,584,1785153465058624000,1785153465058624000,1785153465058624000,1785153465058625000,1785153465058688000,1785153465058691000,1785153465058691000,1785153465058691000,121932490,121652369,-217.121,0.000,0.000,1.000,3.000,0.000,0.000,6.000,0,0,0
B3_zmq_pushpull,zmq_tcp,none,none,,1,28599,512,584,1785153465059624000,1785153465059624000,1785153465059624000,1785153465059625000,1785153465059690000,1785153465059693000,1785153465059693000,1785153465059693000,121932490,121652369,-215.121,0.000,0.000,1.000,3.000,0.000,0.000,2.000,0,0,0
B3_zmq_pushpull,zmq_tcp,none,none,,1,28600,512,584,1785153465060524000,1785153465060524000,1785153465060524000,1785153465060525000,1785153465060678000,1785153465060681000,1785153465060681000,1785153465060681000,121932490,121652369,-127.121,0.000,0.000,1.000,3.000,0.000,0.000,88.000,0,0,0
B3_zmq_pushpull,zmq_tcp,none,none,,1,28601,512,584,1785153465061530000,1785153465061530000,1785153465061530000,1785153465061531000,1785153465061685000,1785153465061687000,1785153465061687000,1785153465061687000,121932490,121652369,-126.121,0.000,0.000,1.000,2.000,0.000,0.000,1.000,0,0,0
B3_zmq_pushpull,zmq_tcp,none,none,,1,28602,512,584,1785153465062648000,1785153465062648000,1785153465062648000,1785153465062649000,1785153465062698000,1785153465062701000,1785153465062701000,1785153465062701000,121932490,121652369,-231.121,0.000,0.000,1.000,3.000,0.000,0.000,105.000,0,0,0
B3_zmq_pushpull,zmq_tcp,none,none,,1,28603,512,584,1785153465063623000,1785153465063623000,1785153465063623000,1785153465063624000,1785153465063804000,1785153465063807000,1785153465063807000,1785153465063807000,121932490,121652369,-100.121,0.000,0.000,1.000,3.000,0.000,0.000,131.000,0,0,0
B3_zmq_pushpull,zmq_tcp,none,none,,1,28604,512,584,1785153465064622000,1785153465064623000,1785153465064623000,1785153465064624000,1785153465064671000,1785153465064674000,1785153465064674000,1785153465064674000,121932490,121652369,-233.121,1.000,0.000,1.000,3.000,0.000,0.000,133.000,0,0,0
B3_zmq_pushpull,zmq_tcp,none,none,,1,28605,512,584,1785153465065531000,1785153465065531000,1785153465065531000,1785153465065532000,1785153465065691000,1785153465065694000,1785153465065694000,1785153465065694000,121932490,121652369,-121.121,0.000,0.000,1.000,3.000,0.000,0.000,112.000,0,0,0
B3_zmq_pushpull,zmq_tcp,none,none,,1,28606,512,584,1785153465066648000,1785153465066648000,1785153465066648000,1785153465066649000,1785153465066704000,1785153465066708000,1785153465066708000,1785153465066708000,121932490,121652369,-225.121,0.000,0.000,1.000,4.000,0.000,0.000,104.000,0,0,0
B3_zmq_pushpull,zmq_tcp,none,none,,1,28607,512,584,1785153465067530000,1785153465067530000,1785153465067530000,1785153465067531000,1785153465067686000,1785153465067689000,1785153465067689000,1785153465067689000,121932490,121652369,-125.121,0.000,0.000,1.000,3.000,0.000,0.000,100.000,0,0,0
B3_zmq_pushpull,zmq_tcp,none,none,,1,28608,512,584,1785153465068520000,1785153465068520000,1785153465068521000,1785153465068521000,1785153465068665000,1785153465068667000,1785153465068667000,1785153465068667000,121932490,121652369,-136.121,0.000,1.000,0.000,2.000,0.000,0.000,11.000,0,0,0
B3_zmq_pushpull,zmq_tcp,none,none,,1,28609,512,584,1785153465069653000,1785153465069653000,1785153465069653000,1785153465069654000,1785153465069771000,1785153465069774000,1785153465069774000,1785153465069774000,121932490,121652369,-163.121,0.000,0.000,1.000,3.000,0.000,0.000,27.000,0,0,0
B3_zmq_pushpull,zmq_tcp,none,none,,1,28610,512,584,1785153465070612000,1785153465070612000,1785153465070612000,1785153465070613000,1785153465070766000,1785153465070769000,1785153465070769000,1785153465070769000,121932490,121652369,-127.121,0.000,0.000,1.000,3.000,0.000,0.000,36.000,0,0,0
B3_zmq_pushpull,zmq_tcp,none,none,,1,28611,512,584,1785153465071628000,1785153465071628000,1785153465071628000,1785153465071629000,1785153465071761000,1785153465071763000,1785153465071763000,1785153465071763000,121932490,121652369,-148.121,0.000,0.000,1.000,2.000,0.000,0.000,21.000,0,0,0
B3_zmq_pushpull,zmq_tcp,none,none,,1,28612,512,584,1785153465072622000,1785153465072622000,1785153465072622000,1785153465072623000,1785153465072757000,1785153465072759000,1785153465072759000,1785153465072759000,121932490,121652369,-146.121,0.000,0.000,1.000,2.000,0.000,0.000,2.000,0,0,0
B3_zmq_pushpull,zmq_tcp,none,none,,1,28613,512,584,1785153465073625000,1785153465073625000,1785153465073625000,1785153465073626000,1785153465073735000,1785153465073738000,1785153465073738000,1785153465073738000,121932490,121652369,-171.121,0.000,0.000,1.000,3.000,0.000,0.000,25.000,0,0,0
B3_zmq_pushpull,zmq_tcp,none,none,,1,28614,512,584,1785153465074621000,1785153465074621000,1785153465074621000,1785153465074622000,1785153465074712000,1785153465074714000,1785153465074714000,1785153465074714000,121932490,121652369,-190.121,0.000,0.000,1.000,2.000,0.000,0.000,19.000,0,0,0
B3_zmq_pushpull,zmq_tcp,none,none,,1,28615,512,584,1785153465075625000,1785153465075625000,1785153465075625000,1785153465075626000,1785153465075709000,1785153465075711000,1785153465075711000,1785153465075711000,121932490,121652369,-197.121,0.000,0.000,1.000,2.000,0.000,0.000,7.000,0,0,0
B3_zmq_pushpull,zmq_tcp,none,none,,1,28616,512,584,1785153465076624000,1785153465076624000,1785153465076624000,1785153465076625000,1785153465076713000,1785153465076716000,1785153465076716000,1785153465076716000,121932490,121652369,-192.121,0.000,0.000,1.000,3.000,0.000,0.000,5.000,0,0,0
B3_zmq_pushpull,zmq_tcp,none,none,,1,28617,512,584,1785153465077625000,1785153465077625000,1785153465077625000,1785153465077626000,1785153465077722000,1785153465077725000,1785153465077725000,1785153465077725000,121932490,121652369,-184.121,0.000,0.000,1.000,3.000,0.000,0.000,8.000,0,0,0
B3_zmq_pushpull,zmq_tcp,none,none,,1,28618,512,584,1785153465078623000,1785153465078623000,1785153465078623000,1785153465078624000,1785153465078701000,1785153465078704000,1785153465078704000,1785153465078704000,121932490,121652369,-203.121,0.000,0.000,1.000,3.000,0.000,0.000,19.000,0,0,0
B3_zmq_pushpull,zmq_tcp,none,none,,1,28619,512,584,1785153465079624000,1785153465079624000,1785153465079624000,1785153465079625000,1785153465079694000,1785153465079697000,1785153465079697000,1785153465079697000,121932490,121652369,-211.121,0.000,0.000,1.000,3.000,0.000,0.000,8.000,0,0,0
B3_zmq_pushpull,zmq_tcp,none,none,,1,28620,512,584,1785153465080526000,1785153465080526000,1785153465080526000,1785153465080527000,1785153465080670000,1785153465080673000,1785153465080673000,1785153465080673000,121932490,121652369,-137.121,0.000,0.000,1.000,3.000,0.000,0.000,74.000,0,0,0
B3_zmq_pushpull,zmq_tcp,none,none,,1,28621,512,584,1785153465081648000,1785153465081648000,1785153465081648000,1785153465081649000,1785153465081799000,1785153465081802000,1785153465081802000,1785153465081802000,121932490,121652369,-130.121,0.000,0.000,1.000,3.000,0.000,0.000,7.000,0,0,0
B3_zmq_pushpull,zmq_tcp,none,none,,1,28622,512,584,1785153465082617000,1785153465082617000,1785153465082618000,1785153465082618000,1785153465082662000,1785153465082665000,1785153465082666000,1785153465082666000,121932490,121652369,-236.121,0.000,1.000,0.000,3.000,1.000,0.000,106.000,0,0,0
B3_zmq_pushpull,zmq_tcp,none,none,,1,28623,512,584,1785153465083630000,1785153465083630000,1785153465083630000,1785153465083631000,1785153465083669000,1785153465083673000,1785153465083673000,1785153465083673000,121932490,121652369,-242.121,0.000,0.000,1.000,4.000,0.000,0.000,6.000,0,0,0
B3_zmq_pushpull,zmq_tcp,none,none,,1,28624,512,584,1785153465084625000,1785153465084625000,1785153465084625000,1785153465084626000,1785153465084686000,1785153465084689000,1785153465084689000,1785153465084689000,121932490,121652369,-220.121,0.000,0.000,1.000,3.000,0.000,0.000,22.000,0,0,0
B3_zmq_pushpull,zmq_tcp,none,none,,1,28625,512,584,1785153465085625000,1785153465085626000,1785153465085626000,1785153465085627000,1785153465085825000,1785153465085828000,1785153465085828000,1785153465085828000,121932490,121652369,-82.121,1.000,0.000,1.000,3.000,0.000,0.000,138.000,0,0,0
B3_zmq_pushpull,zmq_tcp,none,none,,1,28626,512,584,1785153465086527000,1785153465086527000,1785153465086527000,1785153465086528000,1785153465086686000,1785153465086689000,1785153465086689000,1785153465086689000,121932490,121652369,-122.121,0.000,0.000,1.000,3.000,0.000,0.000,40.000,0,0,0
B3_zmq_pushpull,zmq_tcp,none,none,,1,28627,512,584,1785153465087649000,1785153465087649000,1785153465087649000,1785153465087650000,1785153465087697000,1785153465087701000,1785153465087701000,1785153465087701000,121932490,121652369,-233.121,0.000,0.000,1.000,4.000,0.000,0.000,111.000,0,0,0
B3_zmq_pushpull,zmq_tcp,none,none,,1,28628,512,584,1785153465088533000,1785153465088533000,1785153465088533000,1785153465088534000,1785153465088677000,1785153465088680000,1785153465088680000,1785153465088680000,121932490,121652369,-137.121,0.000,0.000,1.000,3.000,0.000,0.000,96.000,0,0,0
B3_zmq_pushpull,zmq_tcp,none,none,,1,28629,512,584,1785153465089648000,1785153465089648000,1785153465089648000,1785153465089649000,1785153465089813000,1785153465089816000,1785153465089816000,1785153465089816000,121932490,121652369,-116.121,0.000,0.000,1.000,3.000,0.000,0.000,21.000,0,0,0
B3_zmq_pushpull,zmq_tcp,none,none,,1,28630,512,584,1785153465090505000,1785153465090505000,1785153465090505000,1785153465090506000,1785153465090663000,1785153465090666000,1785153465090666000,1785153465090666000,121932490,121652369,-123.121,0.000,0.000,1.000,3.000,0.000,0.000,7.000,0,0,0
B3_zmq_pushpull,zmq_tcp,none,none,,1,28631,512,584,1785153465091654000,1785153465091654000,1785153465091655000,1785153465091655000,1785153465091813000,1785153465091816000,1785153465091816000,1785153465091816000,121932490,121652369,-122.121,0.000,1.000,0.000,3.000,0.000,0.000,1.000,0,0,0
B3_zmq_pushpull,zmq_tcp,none,none,,1,28632,512,584,1785153465092522000,1785153465092522000,1785153465092522000,1785153465092523000,1785153465092683000,1785153465092686000,1785153465092686000,1785153465092686000,121932490,121652369,-120.121,0.000,0.000,1.000,3.000,0.000,0.000,2.000,0,0,0
B3_zmq_pushpull,zmq_tcp,none,none,,1,28633,512,584,1785153465093649000,1785153465093650000,1785153465093650000,1785153465093651000,1785153465093820000,1785153465093822000,1785153465093822000,1785153465093822000,121932490,121652369,-111.121,1.000,0.000,1.000,2.000,0.000,0.000,9.000,0,0,0
B3_zmq_pushpull,zmq_tcp,none,none,,1,28634,512,584,1785153465094615000,1785153465094615000,1785153465094615000,1785153465094616000,1785153465094657000,1785153465094659000,1785153465094659000,1785153465094659000,121932490,121652369,-239.121,0.000,0.000,1.000,2.000,0.000,0.000,128.000,0,0,0
B3_zmq_pushpull,zmq_tcp,none,none,,1,28635,512,584,1785153465095627000,1785153465095627000,1785153465095627000,1785153465095628000,1785153465095789000,1785153465095791000,1785153465095791000,1785153465095791000,121932490,121652369,-119.121,0.000,0.000,1.000,2.000,0.000,0.000,120.000,0,0,0
B3_zmq_pushpull,zmq_tcp,none,none,,1,28636,512,584,1785153465096624000,1785153465096625000,1785153465096625000,1785153465096626000,1785153465096786000,1785153465096789000,1785153465096789000,1785153465096789000,121932490,121652369,-120.121,1.000,0.000,1.000,3.000,0.000,0.000,1.000,0,0,0
B3_zmq_pushpull,zmq_tcp,none,none,,1,28637,512,584,1785153465097624000,1785153465097624000,1785153465097624000,1785153465097625000,1785153465097772000,1785153465097775000,1785153465097775000,1785153465097775000,121932490,121652369,-133.121,0.000,0.000,1.000,3.000,0.000,0.000,13.000,0,0,0
B3_zmq_pushpull,zmq_tcp,none,none,,1,28638,512,584,1785153465098621000,1785153465098622000,1785153465098622000,1785153465098622000,1785153465098774000,1785153465098777000,1785153465098777000,1785153465098777000,121932490,121652369,-128.121,1.000,0.000,0.000,3.000,0.000,0.000,5.000,0,0,0
B3_zmq_pushpull,zmq_tcp,none,none,,1,28639,512,584,1785153465099463000,1785153465099463000,1785153465099463000,1785153465099464000,1785153465099624000,1785153465099626000,1785153465099626000,1785153465099626000,121932490,121652369,-120.121,0.000,0.000,1.000,2.000,0.000,0.000,8.000,0,0,0
B3_zmq_pushpull,zmq_tcp,none,none,,1,28640,512,584,1785153465100664000,1785153465100664000,1785153465100664000,1785153465100665000,1785153465100770000,1785153465100773000,1785153465100773000,1785153465100773000,121932490,121652369,-175.121,0.000,0.000,1.000,3.000,0.000,0.000,55.000,0,0,0
B3_zmq_pushpull,zmq_tcp,none,none,,1,28641,512,584,1785153465101611000,1785153465101611000,1785153465101611000,1785153465101612000,1785153465101751000,1785153465101755000,1785153465101755000,1785153465101755000,121932490,121652369,-141.121,0.000,0.000,1.000,4.000,0.000,0.000,34.000,0,0,0
B3_zmq_pushpull,zmq_tcp,none,none,,1,28642,512,584,1785153465102628000,1785153465102628000,1785153465102628000,1785153465102629000,1785153465102737000,1785153465102739000,1785153465102740000,1785153465102740000,121932490,121652369,-172.121,0.000,0.000,1.000,2.000,1.000,0.000,31.000,0,0,0
B3_zmq_pushpull,zmq_tcp,none,none,,1,28643,512,584,1785153465103623000,1785153465103623000,1785153465103623000,1785153465103624000,1785153465103728000,1785153465103730000,1785153465103730000,1785153465103730000,121932490,121652369,-176.121,0.000,0.000,1.000,2.000,0.000,0.000,4.000,0,0,0
B3_zmq_pushpull,zmq_tcp,none,none,,1,28644,512,584,1785153465104624000,1785153465104624000,1785153465104624000,1785153465104625000,1785153465104714000,1785153465104717000,1785153465104717000,1785153465104717000,121932490,121652369,-191.121,0.000,0.000,1.000,3.000,0.000,0.000,15.000,0,0,0
B3_zmq_pushpull,zmq_tcp,none,none,,1,28645,512,584,1785153465105622000,1785153465105623000,1785153465105623000,1785153465105624000,1785153465105728000,1785153465105730000,1785153465105730000,1785153465105730000,121932490,121652369,-176.121,1.000,0.000,1.000,2.000,0.000,0.000,15.000,0,0,0
B3_zmq_pushpull,zmq_tcp,none,none,,1,28646,512,584,1785153465106624000,1785153465106624000,1785153465106624000,1785153465106625000,1785153465106722000,1785153465106725000,1785153465106725000,1785153465106725000,121932490,121652369,-183.121,0.000,0.000,1.000,3.000,0.000,0.000,7.000,0,0,0
B3_zmq_pushpull,zmq_tcp,none,none,,1,28647,512,584,1785153465107624000,1785153465107624000,1785153465107624000,1785153465107625000,1785153465107721000,1785153465107724000,1785153465107724000,1785153465107724000,121932490,121652369,-184.121,0.000,0.000,1.000,3.000,0.000,0.000,1.000,0,0,0
B3_zmq_pushpull,zmq_tcp,none,none,,1,28648,512,584,1785153465108436000,1785153465108436000,1785153465108436000,1785153465108437000,1785153465108577000,1785153465108580000,1785153465108580000,1785153465108580000,121932490,121652369,-140.121,0.000,0.000,1.000,3.000,0.000,0.000,44.000,0,0,0
B3_zmq_pushpull,zmq_tcp,none,none,,1,28649,512,584,1785153465109432000,1785153465109432000,1785153465109432000,1785153465109433000,1785153465109574000,1785153465109577000,1785153465109577000,1785153465109577000,121932490,121652369,-139.121,0.000,0.000,1.000,3.000,0.000,0.000,1.000,0,0,0
B3_zmq_pushpull,zmq_tcp,none,none,,1,28650,512,584,1785153465110548000,1785153465110548000,1785153465110548000,1785153465110549000,1785153465110700000,1785153465110702000,1785153465110702000,1785153465110702000,121932490,121652369,-129.121,0.000,0.000,1.000,2.000,0.000,0.000,10.000,0,0,0
B3_zmq_pushpull,zmq_tcp,none,none,,1,28651,512,584,1785153465111646000,1785153465111646000,1785153465111646000,1785153465111647000,1785153465111706000,1785153465111710000,1785153465111710000,1785153465111710000,121932490,121652369,-221.121,0.000,0.000,1.000,4.000,0.000,0.000,92.000,0,0,0
B3_zmq_pushpull,zmq_tcp,none,none,,1,28652,512,584,1785153465112618000,1785153465112619000,1785153465112619000,1785153465112620000,1785153465112715000,1785153465112718000,1785153465112718000,1785153465112718000,121932490,121652369,-185.121,1.000,0.000,1.000,3.000,0.000,0.000,36.000,0,0,0
B3_zmq_pushpull,zmq_tcp,none,none,,1,28653,512,584,1785153465113626000,1785153465113626000,1785153465113626000,1785153465113627000,1785153465113725000,1785153465113727000,1785153465113728000,1785153465113728000,121932490,121652369,-182.121,0.000,0.000,1.000,2.000,1.000,0.000,3.000,0,0,0
B3_zmq_pushpull,zmq_tcp,none,none,,1,28654,512,584,1785153465114624000,1785153465114624000,1785153465114624000,1785153465114625000,1785153465114713000,1785153465114715000,1785153465114716000,1785153465114716000,121932490,121652369,-192.121,0.000,0.000,1.000,2.000,1.000,0.000,10.000,0,0,0
B3_zmq_pushpull,zmq_tcp,none,none,,1,28655,512,584,1785153465115624000,1785153465115624000,1785153465115624000,1785153465115625000,1785153465115712000,1785153465115716000,1785153465115716000,1785153465115716000,121932490,121652369,-193.121,0.000,0.000,1.000,4.000,0.000,0.000,1.000,0,0,0
B3_zmq_pushpull,zmq_tcp,none,none,,1,28656,512,584,1785153465116428000,1785153465116428000,1785153465116428000,1785153465116429000,1785153465116569000,1785153465116572000,1785153465116572000,1785153465116572000,121932490,121652369,-140.121,0.000,0.000,1.000,3.000,0.000,0.000,53.000,0,0,0
B3_zmq_pushpull,zmq_tcp,none,none,,1,28657,512,584,1785153465117546000,1785153465117546000,1785153465117546000,1785153465117547000,1785153465117690000,1785153465117693000,1785153465117693000,1785153465117693000,121932490,121652369,-137.121,0.000,0.000,1.000,3.000,0.000,0.000,3.000,0,0,0
B3_zmq_pushpull,zmq_tcp,none,none,,1,28658,512,584,1785153465118644000,1785153465118644000,1785153465118644000,1785153465118645000,1785153465118839000,1785153465118841000,1785153465118841000,1785153465118841000,121932490,121652369,-86.121,0.000,0.000,1.000,2.000,0.000,0.000,51.000,0,0,0
B3_zmq_pushpull,zmq_tcp,none,none,,1,28659,512,584,1785153465119529000,1785153465119529000,1785153465119529000,1785153465119530000,1785153465119687000,1785153465119689000,1785153465119689000,1785153465119689000,121932490,121652369,-123.121,0.000,0.000,1.000,2.000,0.000,0.000,37.000,0,0,0
B3_zmq_pushpull,zmq_tcp,none,none,,1,28660,512,584,1785153465120647000,1785153465120647000,1785153465120647000,1785153465120648000,1785153465120803000,1785153465120805000,1785153465120805000,1785153465120805000,121932490,121652369,-125.121,0.000,0.000,1.000,2.000,0.000,0.000,2.000,0,0,0
B3_zmq_pushpull,zmq_tcp,none,none,,1,28661,512,584,1785153465121503000,1785153465121503000,1785153465121503000,1785153465121505000,1785153465121653000,1785153465121656000,1785153465121657000,1785153465121657000,121932490,121652369,-132.121,0.000,0.000,2.000,3.000,1.000,0.000,7.000,0,0,0
B3_zmq_pushpull,zmq_tcp,none,none,,1,28662,512,584,1785153465122474000,1785153465122474000,1785153465122474000,1785153465122475000,1785153465122627000,1785153465122630000,1785153465122630000,1785153465122630000,121932490,121652369,-128.121,0.000,0.000,1.000,3.000,0.000,0.000,4.000,0,0,0
B3_zmq_pushpull,zmq_tcp,none,none,,1,28663,512,584,1785153465123658000,1785153465123658000,1785153465123658000,1785153465123659000,1785153465123735000,1785153465123737000,1785153465123737000,1785153465123737000,121932490,121652369,-204.121,0.000,0.000,1.000,2.000,0.000,0.000,76.000,0,0,0
B3_zmq_pushpull,zmq_tcp,none,none,,1,28664,512,584,1785153465124615000,1785153465124616000,1785153465124616000,1785153465124617000,1785153465124692000,1785153465124695000,1785153465124695000,1785153465124695000,121932490,121652369,-205.121,1.000,0.000,1.000,3.000,0.000,0.000,1.000,0,0,0
B3_zmq_pushpull,zmq_tcp,none,none,,1,28665,512,584,1785153465125626000,1785153465125626000,1785153465125626000,1785153465125627000,1785153465125784000,1785153465125787000,1785153465125787000,1785153465125787000,121932490,121652369,-123.121,0.000,0.000,1.000,3.000,0.000,0.000,82.000,0,0,0
B3_zmq_pushpull,zmq_tcp,none,none,,1,28666,512,584,1785153465126622000,1785153465126624000,1785153465126624000,1785153465126625000,1785153465126784000,1785153465126787000,1785153465126787000,1785153465126787000,121932490,121652369,-121.121,2.000,0.000,1.000,3.000,0.000,0.000,2.000,0,0,0
B3_zmq_pushpull,zmq_tcp,none,none,,1,28667,512,584,1785153465127484000,1785153465127484000,1785153465127484000,1785153465127485000,1785153465127638000,1785153465127641000,1785153465127641000,1785153465127641000,121932490,121652369,-127.121,0.000,0.000,1.000,3.000,0.000,0.000,6.000,0,0,0
B3_zmq_pushpull,zmq_tcp,none,none,,1,28668,512,584,1785153465128465000,1785153465128466000,1785153465128466000,1785153465128467000,1785153465128617000,1785153465128620000,1785153465128620000,1785153465128620000,121932490,121652369,-130.121,1.000,0.000,1.000,3.000,0.000,0.000,3.000,0,0,0
B3_zmq_pushpull,zmq_tcp,none,none,,1,28669,512,584,1785153465129442000,1785153465129442000,1785153465129442000,1785153465129443000,1785153465129596000,1785153465129599000,1785153465129599000,1785153465129599000,121932490,121652369,-127.121,0.000,0.000,1.000,3.000,0.000,0.000,3.000,0,0,0
B3_zmq_pushpull,zmq_tcp,none,none,,1,28670,512,584,1785153465130426000,1785153465130427000,1785153465130427000,1785153465130428000,1785153465130567000,1785153465130569000,1785153465130569000,1785153465130569000,121932490,121652369,-141.121,1.000,0.000,1.000,2.000,0.000,0.000,14.000,0,0,0
B3_zmq_pushpull,zmq_tcp,none,none,,1,28671,512,584,1785153465131523000,1785153465131523000,1785153465131523000,1785153465131524000,1785153465131675000,1785153465131678000,1785153465131678000,1785153465131678000,121932490,121652369,-129.121,0.000,0.000,1.000,3.000,0.000,0.000,12.000,0,0,0
B3_zmq_pushpull,zmq_tcp,none,none,,1,28672,512,584,1785153465132650000,1785153465132651000,1785153465132651000,1785153465132652000,1785153465132821000,1785153465132829000,1785153465132829000,1785153465132829000,121932490,121652369,-111.121,1.000,0.000,1.000,8.000,0.000,0.000,18.000,0,0,0
B3_zmq_pushpull,zmq_tcp,none,none,,1,28673,512,584,1785153465133523000,1785153465133523000,1785153465133523000,1785153465133524000,1785153465133671000,1785153465133673000,1785153465133673000,1785153465133673000,121932490,121652369,-133.121,0.000,0.000,1.000,2.000,0.000,0.000,22.000,0,0,0
B3_zmq_pushpull,zmq_tcp,none,none,,1,28674,512,584,1785153465134653000,1785153465134653000,1785153465134653000,1785153465134654000,1785153465134795000,1785153465134798000,1785153465134798000,1785153465134798000,121932490,121652369,-139.121,0.000,0.000,1.000,3.000,0.000,0.000,6.000,0,0,0
B3_zmq_pushpull,zmq_tcp,none,none,,1,28675,512,584,1785153465135617000,1785153465135618000,1785153465135618000,1785153465135619000,1785153465135782000,1785153465135785000,1785153465135785000,1785153465135785000,121932490,121652369,-117.121,1.000,0.000,1.000,3.000,0.000,0.000,22.000,0,0,0
B3_zmq_pushpull,zmq_tcp,none,none,,1,28676,512,584,1785153465136626000,1785153465136626000,1785153465136626000,1785153465136627000,1785153465136756000,1785153465136759000,1785153465136759000,1785153465136759000,121932490,121652369,-151.121,0.000,0.000,1.000,3.000,0.000,0.000,34.000,0,0,0
B3_zmq_pushpull,zmq_tcp,none,none,,1,28677,512,584,1785153465137619000,1785153465137619000,1785153465137619000,1785153465137620000,1785153465137733000,1785153465137736000,1785153465137736000,1785153465137736000,121932490,121652369,-167.121,0.000,0.000,1.000,3.000,0.000,0.000,16.000,0,0,0
B3_zmq_pushpull,zmq_tcp,none,none,,1,28678,512,584,1785153465138626000,1785153465138626000,1785153465138626000,1785153465138627000,1785153465138700000,1785153465138703000,1785153465138703000,1785153465138703000,121932490,121652369,-207.121,0.000,0.000,1.000,3.000,0.000,0.000,40.000,0,0,0
B3_zmq_pushpull,zmq_tcp,none,none,,1,28679,512,584,1785153465139623000,1785153465139623000,1785153465139623000,1785153465139624000,1785153465139669000,1785153465139673000,1785153465139673000,1785153465139673000,121932490,121652369,-235.121,0.000,0.000,1.000,4.000,0.000,0.000,28.000,0,0,0
B3_zmq_pushpull,zmq_tcp,none,none,,1,28680,512,584,1785153465140498000,1785153465140499000,1785153465140499000,1785153465140500000,1785153465140644000,1785153465140647000,1785153465140647000,1785153465140647000,121932490,121652369,-136.121,1.000,0.000,1.000,3.000,0.000,0.000,99.000,0,0,0
B3_zmq_pushpull,zmq_tcp,none,none,,1,28681,512,584,1785153465141655000,1785153465141655000,1785153465141655000,1785153465141656000,1785153465141760000,1785153465141763000,1785153465141763000,1785153465141763000,121932490,121652369,-176.121,0.000,0.000,1.000,3.000,0.000,0.000,40.000,0,0,0
B3_zmq_pushpull,zmq_tcp,none,none,,1,28682,512,584,1785153465142445000,1785153465142446000,1785153465142446000,1785153465142447000,1785153465142597000,1785153465142600000,1785153465142600000,1785153465142601000,121932490,121652369,-130.121,1.000,0.000,1.000,3.000,0.000,1.000,46.000,0,0,0
B3_zmq_pushpull,zmq_tcp,none,none,,1,28683,512,584,1785153465143433000,1785153465143433000,1785153465143433000,1785153465143434000,1785153465143587000,1785153465143589000,1785153465143589000,1785153465143589000,121932490,121652369,-127.121,0.000,0.000,1.000,2.000,0.000,0.000,3.000,0,0,0
B3_zmq_pushpull,zmq_tcp,none,none,,1,28684,512,584,1785153465144426000,1785153465144426000,1785153465144426000,1785153465144427000,1785153465144556000,1785153465144560000,1785153465144560000,1785153465144560000,121932490,121652369,-151.121,0.000,0.000,1.000,4.000,0.000,0.000,24.000,0,0,0
B3_zmq_pushpull,zmq_tcp,none,none,,1,28685,512,584,1785153465145670000,1785153465145670000,1785153465145670000,1785153465145671000,1785153465145796000,1785153465145799000,1785153465145799000,1785153465145799000,121932490,121652369,-155.121,0.000,0.000,1.000,3.000,0.000,0.000,4.000,0,0,0
B3_zmq_pushpull,zmq_tcp,none,none,,1,28686,512,584,1785153465146612000,1785153465146612000,1785153465146612000,1785153465146613000,1785153465146767000,1785153465146769000,1785153465146769000,1785153465146769000,121932490,121652369,-126.121,0.000,0.000,1.000,2.000,0.000,0.000,29.000,0,0,0
B3_zmq_pushpull,zmq_tcp,none,none,,1,28687,512,584,1785153465147626000,1785153465147626000,1785153465147626000,1785153465147627000,1785153465147731000,1785153465147733000,1785153465147733000,1785153465147733000,121932490,121652369,-176.121,0.000,0.000,1.000,2.000,0.000,0.000,50.000,0,0,0
B3_zmq_pushpull,zmq_tcp,none,none,,1,28688,512,584,1785153465148624000,1785153465148624000,1785153465148624000,1785153465148625000,1785153465148716000,1785153465148719000,1785153465148719000,1785153465148720000,121932490,121652369,-189.121,0.000,0.000,1.000,3.000,0.000,1.000,13.000,0,0,0
B3_zmq_pushpull,zmq_tcp,none,none,,1,28689,512,584,1785153465149548000,1785153465149548000,1785153465149548000,1785153465149549000,1785153465149692000,1785153465149696000,1785153465149696000,1785153465149696000,121932490,121652369,-137.121,0.000,0.000,1.000,4.000,0.000,0.000,52.000,0,0,0
B3_zmq_pushpull,zmq_tcp,none,none,,1,28690,512,584,1785153465150643000,1785153465150643000,1785153465150643000,1785153465150644000,1785153465150781000,1785153465150784000,1785153465150784000,1785153465150784000,121932490,121652369,-143.121,0.000,0.000,1.000,3.000,0.000,0.000,6.000,0,0,0
B3_zmq_pushpull,zmq_tcp,none,none,,1,28691,512,584,1785153465151615000,1785153465151615000,1785153465151615000,1785153465151616000,1785153465151767000,1785153465151770000,1785153465151770000,1785153465151770000,121932490,121652369,-129.121,0.000,0.000,1.000,3.000,0.000,0.000,14.000,0,0,0
B3_zmq_pushpull,zmq_tcp,none,none,,1,28692,512,584,1785153465152465000,1785153465152465000,1785153465152465000,1785153465152466000,1785153465152619000,1785153465152622000,1785153465152622000,1785153465152622000,121932490,121652369,-127.121,0.000,0.000,1.000,3.000,0.000,0.000,2.000,0,0,0
B3_zmq_pushpull,zmq_tcp,none,none,,1,28693,512,584,1785153465153464000,1785153465153464000,1785153465153464000,1785153465153465000,1785153465153616000,1785153465153619000,1785153465153619000,1785153465153619000,121932490,121652369,-129.121,0.000,0.000,1.000,3.000,0.000,0.000,2.000,0,0,0
B3_zmq_pushpull,zmq_tcp,none,none,,1,28694,512,584,1785153465154665000,1785153465154666000,1785153465154666000,1785153465154667000,1785153465154734000,1785153465154736000,1785153465154736000,1785153465154736000,121932490,121652369,-213.121,1.000,0.000,1.000,2.000,0.000,0.000,84.000,0,0,0
B3_zmq_pushpull,zmq_tcp,none,none,,1,28695,512,584,1785153465155612000,1785153465155612000,1785153465155613000,1785153465155613000,1785153465155710000,1785153465155713000,1785153465155713000,1785153465155713000,121932490,121652369,-183.121,0.000,1.000,0.000,3.000,0.000,0.000,30.000,0,0,0
B3_zmq_pushpull,zmq_tcp,none,none,,1,28696,512,584,1785153465156626000,1785153465156627000,1785153465156627000,1785153465156628000,1785153465156699000,1785153465156702000,1785153465156702000,1785153465156702000,121932490,121652369,-209.121,1.000,0.000,1.000,3.000,0.000,0.000,26.000,0,0,0
B3_zmq_pushpull,zmq_tcp,none,none,,1,28697,512,584,1785153465157623000,1785153465157623000,1785153465157623000,1785153465157624000,1785153465157664000,1785153465157668000,1785153465157668000,1785153465157668000,121932490,121652369,-240.121,0.000,0.000,1.000,4.000,0.000,0.000,31.000,0,0,0
B3_zmq_pushpull,zmq_tcp,none,none,,1,28698,512,584,1785153465158493000,1785153465158493000,1785153465158493000,1785153465158495000,1785153465158636000,1785153465158639000,1785153465158639000,1785153465158639000,121932490,121652369,-139.121,0.000,0.000,2.000,3.000,0.000,0.000,101.000,0,0,0
B3_zmq_pushpull,zmq_tcp,none,none,,1,28699,512,584,1785153465159653000,1785153465159653000,1785153465159653000,1785153465159654000,1785153465159735000,1785153465159738000,1785153465159738000,1785153465159738000,121932490,121652369,-199.121,0.000,0.000,1.000,3.000,0.000,0.000,60.000,0,0,0
B3_zmq_pushpull,zmq_tcp,none,none,,1,28700,512,584,1785153465160554000,1785153465160554000,1785153465160554000,1785153465160555000,1785153465160707000,1785153465160709000,1785153465160709000,1785153465160709000,121932490,121652369,-128.121,0.000,0.000,1.000,2.000,0.000,0.000,71.000,0,0,0
B3_zmq_pushpull,zmq_tcp,none,none,,1,28701,512,584,1785153465161641000,1785153465161641000,1785153465161641000,1785153465161642000,1785153465161843000,1785153465161846000,1785153465161846000,1785153465161846000,121932490,121652369,-79.121,0.000,0.000,1.000,3.000,0.000,0.000,49.000,0,0,0
B3_zmq_pushpull,zmq_tcp,none,none,,1,28702,512,584,1785153465162531000,1785153465162531000,1785153465162532000,1785153465162533000,1785153465162680000,1785153465162683000,1785153465162683000,1785153465162683000,121932490,121652369,-133.121,0.000,1.000,1.000,3.000,0.000,0.000,54.000,0,0,0
B3_zmq_pushpull,zmq_tcp,none,none,,1,28703,512,584,1785153465163647000,1785153465163647000,1785153465163647000,1785153465163648000,1785153465163774000,1785153465163776000,1785153465163776000,1785153465163776000,121932490,121652369,-154.121,0.000,0.000,1.000,2.000,0.000,0.000,21.000,0,0,0
B3_zmq_pushpull,zmq_tcp,none,none,,1,28704,512,584,1785153465164618000,1785153465164618000,1785153465164618000,1785153465164619000,1785153465164752000,1785153465164755000,1785153465164755000,1785153465164755000,121932490,121652369,-147.121,0.000,0.000,1.000,3.000,0.000,0.000,7.000,0,0,0
B3_zmq_pushpull,zmq_tcp,none,none,,1,28705,512,584,1785153465165624000,1785153465165625000,1785153465165625000,1785153465165626000,1785153465165719000,1785153465165721000,1785153465165722000,1785153465165722000,121932490,121652369,-187.121,1.000,0.000,1.000,2.000,1.000,0.000,40.000,0,0,0
B3_zmq_pushpull,zmq_tcp,none,none,,1,28706,512,584,1785153465166621000,1785153465166621000,1785153465166621000,1785153465166622000,1785153465166703000,1785153465166706000,1785153465166706000,1785153465166706000,121932490,121652369,-199.121,0.000,0.000,1.000,3.000,0.000,0.000,12.000,0,0,0
B3_zmq_pushpull,zmq_tcp,none,none,,1,28707,512,584,1785153465167518000,1785153465167518000,1785153465167518000,1785153465167519000,1785153465167678000,1785153465167680000,1785153465167680000,1785153465167680000,121932490,121652369,-121.121,0.000,0.000,1.000,2.000,0.000,0.000,78.000,0,0,0
B3_zmq_pushpull,zmq_tcp,none,none,,1,28708,512,584,1785153465168515000,1785153465168515000,1785153465168515000,1785153465168516000,1785153465168663000,1785153465168666000,1785153465168666000,1785153465168666000,121932490,121652369,-133.121,0.000,0.000,1.000,3.000,0.000,0.000,12.000,0,0,0
B3_zmq_pushpull,zmq_tcp,none,none,,1,28709,512,584,1785153465169650000,1785153465169650000,1785153465169650000,1785153465169651000,1785153465169790000,1785153465169793000,1785153465169793000,1785153465169793000,121932490,121652369,-141.121,0.000,0.000,1.000,3.000,0.000,0.000,8.000,0,0,0
B3_zmq_pushpull,zmq_tcp,none,none,,1,28710,512,584,1785153465170617000,1785153465170617000,1785153465170617000,1785153465170618000,1785153465170743000,1785153465170746000,1785153465170746000,1785153465170746000,121932490,121652369,-155.121,0.000,0.000,1.000,3.000,0.000,0.000,14.000,0,0,0
B3_zmq_pushpull,zmq_tcp,none,none,,1,28711,512,584,1785153465171626000,1785153465171626000,1785153465171626000,1785153465171627000,1785153465171718000,1785153465171720000,1785153465171720000,1785153465171720000,121932490,121652369,-189.121,0.000,0.000,1.000,2.000,0.000,0.000,34.000,0,0,0
B3_zmq_pushpull,zmq_tcp,none,none,,1,28712,512,584,1785153465172623000,1785153465172623000,1785153465172623000,1785153465172624000,1785153465172694000,1785153465172696000,1785153465172696000,1785153465172696000,121932490,121652369,-210.121,0.000,0.000,1.000,2.000,0.000,0.000,21.000,0,0,0
B3_zmq_pushpull,zmq_tcp,none,none,,1,28713,512,584,1785153465173623000,1785153465173623000,1785153465173623000,1785153465173624000,1785153465173810000,1785153465173812000,1785153465173812000,1785153465173812000,121932490,121652369,-94.121,0.000,0.000,1.000,2.000,0.000,0.000,116.000,0,0,0
B3_zmq_pushpull,zmq_tcp,none,none,,1,28714,512,584,1785153465174621000,1785153465174621000,1785153465174621000,1785153465174622000,1785153465174768000,1785153465174771000,1785153465174771000,1785153465174771000,121932490,121652369,-134.121,0.000,0.000,1.000,3.000,0.000,0.000,40.000,0,0,0
B3_zmq_pushpull,zmq_tcp,none,none,,1,28715,512,584,1785153465175452000,1785153465175452000,1785153465175452000,1785153465175453000,1785153465175612000,1785153465175615000,1785153465175615000,1785153465175615000,121932490,121652369,-121.121,0.000,0.000,1.000,3.000,0.000,0.000,13.000,0,0,0
B3_zmq_pushpull,zmq_tcp,none,none,,1,28716,512,584,1785153465176670000,1785153465176670000,1785153465176670000,1785153465176671000,1785153465176741000,1785153465176744000,1785153465176744000,1785153465176744000,121932490,121652369,-210.121,0.000,0.000,1.000,3.000,0.000,0.000,89.000,0,0,0
B3_zmq_pushpull,zmq_tcp,none,none,,1,28717,512,584,1785153465177425000,1785153465177426000,1785153465177426000,1785153465177427000,1785153465177567000,1785153465177570000,1785153465177570000,1785153465177570000,121932490,121652369,-140.121,1.000,0.000,1.000,3.000,0.000,0.000,70.000,0,0,0
B3_zmq_pushpull,zmq_tcp,none,none,,1,28718,512,584,1785153465178545000,1785153465178545000,1785153465178545000,1785153465178547000,1785153465178688000,1785153465178691000,1785153465178691000,1785153465178691000,121932490,121652369,-139.121,0.000,0.000,2.000,3.000,0.000,0.000,1.000,0,0,0
B3_zmq_pushpull,zmq_tcp,none,none,,1,28719,512,584,1785153465179643000,1785153465179644000,1785153465179644000,1785153465179645000,1785153465179812000,1785153465179815000,1785153465179815000,1785153465179815000,121932490,121652369,-113.121,1.000,0.000,1.000,3.000,0.000,0.000,26.000,0,0,0
B3_zmq_pushpull,zmq_tcp,none,none,,1,28720,512,584,1785153465180620000,1785153465180620000,1785153465180620000,1785153465180621000,1785153465180778000,1785153465180780000,1785153465180780000,1785153465180780000,121932490,121652369,-123.121,0.000,0.000,1.000,2.000,0.000,0.000,10.000,0,0,0
B3_zmq_pushpull,zmq_tcp,none,none,,1,28721,512,584,1785153465181622000,1785153465181622000,1785153465181622000,1785153465181623000,1785153465181770000,1785153465181773000,1785153465181773000,1785153465181773000,121932490,121652369,-133.121,0.000,0.000,1.000,3.000,0.000,0.000,10.000,0,0,0
B3_zmq_pushpull,zmq_tcp,none,none,,1,28722,512,584,1785153465182454000,1785153465182454000,1785153465182455000,1785153465182455000,1785153465182607000,1785153465182610000,1785153465182610000,1785153465182610000,121932490,121652369,-128.121,0.000,1.000,0.000,3.000,0.000,0.000,5.000,0,0,0
B3_zmq_pushpull,zmq_tcp,none,none,,1,28723,512,584,1785153465183441000,1785153465183442000,1785153465183442000,1785153465183443000,1785153465183586000,1785153465183588000,1785153465183589000,1785153465183589000,121932490,121652369,-137.121,1.000,0.000,1.000,2.000,1.000,0.000,9.000,0,0,0
B3_zmq_pushpull,zmq_tcp,none,none,,1,28724,512,584,1785153465184669000,1785153465184670000,1785153465184670000,1785153465184671000,1785153465184851000,1785153465184854000,1785153465184854000,1785153465184854000,121932490,121652369,-100.121,1.000,0.000,1.000,3.000,0.000,0.000,37.000,0,0,0
B3_zmq_pushpull,zmq_tcp,none,none,,1,28725,512,584,1785153465185609000,1785153465185609000,1785153465185609000,1785153465185610000,1785153465185698000,1785153465185700000,1785153465185700000,1785153465185700000,121932490,121652369,-192.121,0.000,0.000,1.000,2.000,0.000,0.000,92.000,0,0,0
B3_zmq_pushpull,zmq_tcp,none,none,,1,28726,512,584,1785153465186627000,1785153465186627000,1785153465186627000,1785153465186628000,1785153465186682000,1785153465186684000,1785153465186684000,1785153465186684000,121932490,121652369,-226.121,0.000,0.000,1.000,2.000,0.000,0.000,34.000,0,0,0
B3_zmq_pushpull,zmq_tcp,none,none,,1,28727,512,584,1785153465187624000,1785153465187624000,1785153465187625000,1785153465187625000,1785153465187671000,1785153465187675000,1785153465187675000,1785153465187675000,121932490,121652369,-234.121,0.000,1.000,0.000,4.000,0.000,0.000,8.000,0,0,0
B3_zmq_pushpull,zmq_tcp,none,none,,1,28728,512,584,1785153465188512000,1785153465188513000,1785153465188513000,1785153465188514000,1785153465188666000,1785153465188670000,1785153465188670000,1785153465188670000,121932490,121652369,-128.121,1.000,0.000,1.000,4.000,0.000,0.000,106.000,0,0,0
B3_zmq_pushpull,zmq_tcp,none,none,,1,28729,512,584,1785153465189650000,1785153465189650000,1785153465189650000,1785153465189651000,1785153465189782000,1785153465189784000,1785153465189784000,1785153465189784000,121932490,121652369,-149.121,0.000,0.000,1.000,2.000,0.000,0.000,21.000,0,0,0
B3_zmq_pushpull,zmq_tcp,none,none,,1,28730,512,584,1785153465190617000,1785153465190617000,1785153465190617000,1785153465190618000,1785153465190771000,1785153465190774000,1785153465190774000,1785153465190774000,121932490,121652369,-127.121,0.000,0.000,1.000,3.000,0.000,0.000,22.000,0,0,0
B3_zmq_pushpull,zmq_tcp,none,none,,1,28731,512,584,1785153465191625000,1785153465191625000,1785153465191625000,1785153465191626000,1785153465191742000,1785153465191745000,1785153465191745000,1785153465191745000,121932490,121652369,-164.121,0.000,0.000,1.000,3.000,0.000,0.000,37.000,0,0,0
B3_zmq_pushpull,zmq_tcp,none,none,,1,28732,512,584,1785153465192621000,1785153465192621000,1785153465192621000,1785153465192622000,1785153465192716000,1785153465192719000,1785153465192720000,1785153465192720000,121932490,121652369,-186.121,0.000,0.000,1.000,3.000,1.000,0.000,22.000,0,0,0
B3_zmq_pushpull,zmq_tcp,none,none,,1,28733,512,584,1785153465193540000,1785153465193540000,1785153465193540000,1785153465193541000,1785153465193683000,1785153465193686000,1785153465193686000,1785153465193686000,121932490,121652369,-138.121,0.000,0.000,1.000,3.000,0.000,0.000,48.000,0,0,0
B3_zmq_pushpull,zmq_tcp,none,none,,1,28734,512,584,1785153465194647000,1785153465194647000,1785153465194647000,1785153465194648000,1785153465194804000,1785153465194807000,1785153465194807000,1785153465194807000,121932490,121652369,-124.121,0.000,0.000,1.000,3.000,0.000,0.000,14.000,0,0,0
B3_zmq_pushpull,zmq_tcp,none,none,,1,28735,512,584,1785153465195617000,1785153465195617000,1785153465195617000,1785153465195618000,1785153465195800000,1785153465195803000,1785153465195803000,1785153465195803000,121932490,121652369,-98.121,0.000,0.000,1.000,3.000,0.000,0.000,26.000,0,0,0
B3_zmq_pushpull,zmq_tcp,none,none,,1,28736,512,584,1785153465196628000,1785153465196628000,1785153465196628000,1785153465196629000,1785153465196787000,1785153465196790000,1785153465196790000,1785153465196790000,121932490,121652369,-122.121,0.000,0.000,1.000,3.000,0.000,0.000,24.000,0,0,0
B3_zmq_pushpull,zmq_tcp,none,none,,1,28737,512,584,1785153465197622000,1785153465197622000,1785153465197622000,1785153465197623000,1785153465197772000,1785153465197775000,1785153465197775000,1785153465197775000,121932490,121652369,-131.121,0.000,0.000,1.000,3.000,0.000,0.000,9.000,0,0,0
B3_zmq_pushpull,zmq_tcp,none,none,,1,28738,512,584,1785153465198469000,1785153465198469000,1785153465198469000,1785153465198470000,1785153465198623000,1785153465198626000,1785153465198626000,1785153465198626000,121932490,121652369,-127.121,0.000,0.000,1.000,3.000,0.000,0.000,4.000,0,0,0
B3_zmq_pushpull,zmq_tcp,none,none,,1,28739,512,584,1785153465199449000,1785153465199449000,1785153465199449000,1785153465199450000,1785153465199591000,1785153465199594000,1785153465199594000,1785153465199594000,121932490,121652369,-139.121,0.000,0.000,1.000,3.000,0.000,0.000,12.000,0,0,0
B3_zmq_pushpull,zmq_tcp,none,none,,1,28740,512,584,1785153465200429000,1785153465200429000,1785153465200429000,1785153465200430000,1785153465200571000,1785153465200573000,1785153465200573000,1785153465200573000,121932490,121652369,-139.121,0.000,0.000,1.000,2.000,0.000,0.000,0.000,0,0,0
B3_zmq_pushpull,zmq_tcp,none,none,,1,28741,512,584,1785153465201433000,1785153465201433000,1785153465201433000,1785153465201434000,1785153465201576000,1785153465201579000,1785153465201579000,1785153465201579000,121932490,121652369,-138.121,0.000,0.000,1.000,3.000,0.000,0.000,1.000,0,0,0
B3_zmq_pushpull,zmq_tcp,none,none,,1,28742,512,584,1785153465202527000,1785153465202527000,1785153465202527000,1785153465202528000,1785153465202678000,1785153465202680000,1785153465202680000,1785153465202680000,121932490,121652369,-130.121,0.000,0.000,1.000,2.000,0.000,0.000,8.000,0,0,0
B3_zmq_pushpull,zmq_tcp,none,none,,1,28743,512,584,1785153465203647000,1785153465203648000,1785153465203648000,1785153465203649000,1785153465203794000,1785153465203796000,1785153465203796000,1785153465203796000,121932490,121652369,-135.121,1.000,0.000,1.000,2.000,0.000,0.000,5.000,0,0,0
B3_zmq_pushpull,zmq_tcp,none,none,,1,28744,512,584,1785153465204618000,1785153465204618000,1785153465204618000,1785153465204619000,1785153465204759000,1785153465204762000,1785153465204762000,1785153465204762000,121932490,121652369,-140.121,0.000,0.000,1.000,3.000,0.000,0.000,5.000,0,0,0
B3_zmq_pushpull,zmq_tcp,none,none,,1,28745,512,584,1785153465205625000,1785153465205625000,1785153465205625000,1785153465205626000,1785153465205722000,1785153465205725000,1785153465205725000,1785153465205725000,121932490,121652369,-184.121,0.000,0.000,1.000,3.000,0.000,0.000,44.000,0,0,0
B3_zmq_pushpull,zmq_tcp,none,none,,1,28746,512,584,1785153465206621000,1785153465206621000,1785153465206621000,1785153465206622000,1785153465206703000,1785153465206706000,1785153465206706000,1785153465206706000,121932490,121652369,-199.121,0.000,0.000,1.000,3.000,0.000,0.000,15.000,0,0,0
B3_zmq_pushpull,zmq_tcp,none,none,,1,28747,512,584,1785153465207625000,1785153465207625000,1785153465207625000,1785153465207626000,1785153465207661000,1785153465207664000,1785153465207664000,1785153465207664000,121932490,121652369,-245.121,0.000,0.000,1.000,3.000,0.000,0.000,46.000,0,0,0
B3_zmq_pushpull,zmq_tcp,none,none,,1,28748,512,584,1785153465208624000,1785153465208624000,1785153465208624000,1785153465208625000,1785153465208780000,1785153465208783000,1785153465208783000,1785153465208783000,121932490,121652369,-125.121,0.000,0.000,1.000,3.000,0.000,0.000,120.000,0,0,0
B3_zmq_pushpull,zmq_tcp,none,none,,1,28749,512,584,1785153465209624000,1785153465209624000,1785153465209624000,1785153465209625000,1785153465209772000,1785153465209775000,1785153465209775000,1785153465209775000,121932490,121652369,-133.121,0.000,0.000,1.000,3.000,0.000,0.000,8.000,0,0,0
B3_zmq_pushpull,zmq_tcp,none,none,,1,28750,512,584,1785153465210623000,1785153465210623000,1785153465210624000,1785153465210624000,1785153465210750000,1785153465210752000,1785153465210752000,1785153465210752000,121932490,121652369,-154.121,0.000,1.000,0.000,2.000,0.000,0.000,21.000,0,0,0
B3_zmq_pushpull,zmq_tcp,none,none,,1,28751,512,584,1785153465211623000,1785153465211623000,1785153465211624000,1785153465211624000,1785153465211742000,1785153465211745000,1785153465211745000,1785153465211745000,121932490,121652369,-162.121,0.000,1.000,0.000,3.000,0.000,0.000,8.000,0,0,0
B3_zmq_pushpull,zmq_tcp,none,none,,1,28752,512,584,1785153465212623000,1785153465212623000,1785153465212624000,1785153465212624000,1785153465212727000,1785153465212730000,1785153465212730000,1785153465212730000,121932490,121652369,-177.121,0.000,1.000,0.000,3.000,0.000,0.000,15.000,0,0,0
B3_zmq_pushpull,zmq_tcp,none,none,,1,28753,512,584,1785153465213623000,1785153465213624000,1785153465213624000,1785153465213625000,1785153465213715000,1785153465213718000,1785153465213718000,1785153465213718000,121932490,121652369,-190.121,1.000,0.000,1.000,3.000,0.000,0.000,13.000,0,0,0
B3_zmq_pushpull,zmq_tcp,none,none,,1,28754,512,584,1785153465214622000,1785153465214622000,1785153465214622000,1785153465214623000,1785153465214693000,1785153465214695000,1785153465214695000,1785153465214695000,121932490,121652369,-210.121,0.000,0.000,1.000,2.000,0.000,0.000,20.000,0,0,0
B3_zmq_pushpull,zmq_tcp,none,none,,1,28755,512,584,1785153465215628000,1785153465215628000,1785153465215628000,1785153465215629000,1785153465215815000,1785153465215818000,1785153465215818000,1785153465215818000,121932490,121652369,-94.121,0.000,0.000,1.000,3.000,0.000,0.000,116.000,0,0,0
B3_zmq_pushpull,zmq_tcp,none,none,,1,28756,512,584,1785153465216622000,1785153465216622000,1785153465216622000,1785153465216623000,1785153465216805000,1785153465216808000,1785153465216808000,1785153465216808000,121932490,121652369,-98.121,0.000,0.000,1.000,3.000,0.000,0.000,4.000,0,0,0
B3_zmq_pushpull,zmq_tcp,none,none,,1,28757,512,584,1785153465217505000,1785153465217505000,1785153465217505000,1785153465217506000,1785153465217665000,1785153465217667000,1785153465217667000,1785153465217667000,121932490,121652369,-121.121,0.000,0.000,1.000,2.000,0.000,0.000,23.000,0,0,0
B3_zmq_pushpull,zmq_tcp,none,none,,1,28758,512,584,1785153465218653000,1785153465218653000,1785153465218653000,1785153465218654000,1785153465218791000,1785153465218794000,1785153465218794000,1785153465218794000,121932490,121652369,-143.121,0.000,0.000,1.000,3.000,0.000,0.000,22.000,0,0,0
B3_zmq_pushpull,zmq_tcp,none,none,,1,28759,512,584,1785153465219617000,1785153465219617000,1785153465219617000,1785153465219618000,1785153465219775000,1785153465219780000,1785153465219780000,1785153465219780000,121932490,121652369,-123.121,0.000,0.000,1.000,5.000,0.000,0.000,20.000,0,0,0
B3_zmq_pushpull,zmq_tcp,none,none,,1,28760,512,584,1785153465220456000,1785153465220456000,1785153465220456000,1785153465220457000,1785153465220599000,1785153465220602000,1785153465220602000,1785153465220602000,121932490,121652369,-138.121,0.000,0.000,1.000,3.000,0.000,0.000,15.000,0,0,0
B3_zmq_pushpull,zmq_tcp,none,none,,1,28761,512,584,1785153465221547000,1785153465221547000,1785153465221547000,1785153465221548000,1785153465221699000,1785153465221702000,1785153465221702000,1785153465221702000,121932490,121652369,-129.121,0.000,0.000,1.000,3.000,0.000,0.000,9.000,0,0,0
B3_zmq_pushpull,zmq_tcp,none,none,,1,28762,512,584,1785153465222523000,1785153465222523000,1785153465222523000,1785153465222524000,1785153465222681000,1785153465222683000,1785153465222683000,1785153465222683000,121932490,121652369,-123.121,0.000,0.000,1.000,2.000,0.000,0.000,6.000,0,0,0
B3_zmq_pushpull,zmq_tcp,none,none,,1,28763,512,584,1785153465223653000,1785153465223653000,1785153465223653000,1785153465223654000,1785153465223791000,1785153465223794000,1785153465223794000,1785153465223794000,121932490,121652369,-143.121,0.000,0.000,1.000,3.000,0.000,0.000,20.000,0,0,0
B3_zmq_pushpull,zmq_tcp,none,none,,1,28764,512,584,1785153465224474000,1785153465224474000,1785153465224474000,1785153465224475000,1785153465224634000,1785153465224637000,1785153465224637000,1785153465224637000,121932490,121652369,-121.121,0.000,0.000,1.000,3.000,0.000,0.000,22.000,0,0,0
B3_zmq_pushpull,zmq_tcp,none,none,,1,28765,512,584,1785153465225663000,1785153465225664000,1785153465225664000,1785153465225665000,1785153465225759000,1785153465225762000,1785153465225762000,1785153465225762000,121932490,121652369,-186.121,1.000,0.000,1.000,3.000,0.000,0.000,65.000,0,0,0
B3_zmq_pushpull,zmq_tcp,none,none,,1,28766,512,584,1785153465226612000,1785153465226612000,1785153465226612000,1785153465226613000,1785153465226721000,1785153465226723000,1785153465226724000,1785153465226724000,121932490,121652369,-172.121,0.000,0.000,1.000,2.000,1.000,0.000,14.000,0,0,0
B3_zmq_pushpull,zmq_tcp,none,none,,1,28767,512,584,1785153465227627000,1785153465227628000,1785153465227628000,1785153465227629000,1785153465227698000,1785153465227701000,1785153465227701000,1785153465227701000,121932490,121652369,-211.121,1.000,0.000,1.000,3.000,0.000,0.000,39.000,0,0,0
B3_zmq_pushpull,zmq_tcp,none,none,,1,28768,512,584,1785153465228624000,1785153465228624000,1785153465228624000,1785153465228625000,1785153465228669000,1785153465228672000,1785153465228672000,1785153465228672000,121932490,121652369,-236.121,0.000,0.000,1.000,3.000,0.000,0.000,25.000,0,0,0
B3_zmq_pushpull,zmq_tcp,none,none,,1,28769,512,584,1785153465229626000,1785153465229626000,1785153465229627000,1785153465229627000,1785153465229791000,1785153465229794000,1785153465229794000,1785153465229794000,121932490,121652369,-116.121,0.000,1.000,0.000,3.000,0.000,0.000,120.000,0,0,0
B3_zmq_pushpull,zmq_tcp,none,none,,1,28770,512,584,1785153465230620000,1785153465230620000,1785153465230620000,1785153465230621000,1785153465230759000,1785153465230761000,1785153465230761000,1785153465230761000,121932490,121652369,-142.121,0.000,0.000,1.000,2.000,0.000,0.000,26.000,0,0,0
B3_zmq_pushpull,zmq_tcp,none,none,,1,28771,512,584,1785153465231627000,1785153465231628000,1785153465231628000,1785153465231629000,1785153465231747000,1785153465231750000,1785153465231750000,1785153465231750000,121932490,121652369,-162.121,1.000,0.000,1.000,3.000,0.000,0.000,20.000,0,0,0
B3_zmq_pushpull,zmq_tcp,none,none,,1,28772,512,584,1785153465232623000,1785153465232624000,1785153465232624000,1785153465232625000,1785153465232737000,1785153465232740000,1785153465232740000,1785153465232740000,121932490,121652369,-168.121,1.000,0.000,1.000,3.000,0.000,0.000,6.000,0,0,0
B3_zmq_pushpull,zmq_tcp,none,none,,1,28773,512,584,1785153465233623000,1785153465233624000,1785153465233624000,1785153465233625000,1785153465233719000,1785153465233724000,1785153465233724000,1785153465233724000,121932490,121652369,-186.121,1.000,0.000,1.000,5.000,0.000,0.000,18.000,0,0,0
B3_zmq_pushpull,zmq_tcp,none,none,,1,28774,512,584,1785153465234621000,1785153465234621000,1785153465234621000,1785153465234622000,1785153465234677000,1785153465234679000,1785153465234679000,1785153465234679000,121932490,121652369,-225.121,0.000,0.000,1.000,2.000,0.000,0.000,39.000,0,0,0
B3_zmq_pushpull,zmq_tcp,none,none,,1,28775,512,584,1785153465235625000,1785153465235626000,1785153465235626000,1785153465235627000,1785153465235797000,1785153465235801000,1785153465235801000,1785153465235801000,121932490,121652369,-110.121,1.000,0.000,1.000,4.000,0.000,0.000,115.000,0,0,0
B3_zmq_pushpull,zmq_tcp,none,none,,1,28776,512,584,1785153465236500000,1785153465236500000,1785153465236500000,1785153465236501000,1785153465236661000,1785153465236663000,1785153465236663000,1785153465236663000,121932490,121652369,-120.121,0.000,0.000,1.000,2.000,0.000,0.000,10.000,0,0,0
B3_zmq_pushpull,zmq_tcp,none,none,,1,28777,512,584,1785153465237657000,1785153465237657000,1785153465237657000,1785153465237658000,1785153465237769000,1785153465237771000,1785153465237771000,1785153465237771000,121932490,121652369,-169.121,0.000,0.000,1.000,2.000,0.000,0.000,49.000,0,0,0
B3_zmq_pushpull,zmq_tcp,none,none,,1,28778,512,584,1785153465238614000,1785153465238615000,1785153465238615000,1785153465238616000,1785153465238772000,1785153465238775000,1785153465238775000,1785153465238775000,121932490,121652369,-124.121,1.000,0.000,1.000,3.000,0.000,0.000,45.000,0,0,0
B3_zmq_pushpull,zmq_tcp,none,none,,1,28779,512,584,1785153465239458000,1785153465239458000,1785153465239458000,1785153465239459000,1785153465239619000,1785153465239622000,1785153465239622000,1785153465239622000,121932490,121652369,-120.121,0.000,0.000,1.000,3.000,0.000,0.000,4.000,0,0,0
B3_zmq_pushpull,zmq_tcp,none,none,,1,28780,512,584,1785153465240665000,1785153465240665000,1785153465240665000,1785153465240666000,1785153465240732000,1785153465240735000,1785153465240735000,1785153465240735000,121932490,121652369,-214.121,0.000,0.000,1.000,3.000,0.000,0.000,94.000,0,0,0
B3_zmq_pushpull,zmq_tcp,none,none,,1,28781,512,584,1785153465241611000,1785153465241611000,1785153465241611000,1785153465241612000,1785153465241697000,1785153465241699000,1785153465241699000,1785153465241699000,121932490,121652369,-195.121,0.000,0.000,1.000,2.000,0.000,0.000,19.000,0,0,0
B3_zmq_pushpull,zmq_tcp,none,none,,1,28782,512,584,1785153465242629000,1785153465242629000,1785153465242629000,1785153465242630000,1785153465242680000,1785153465242683000,1785153465242683000,1785153465242683000,121932490,121652369,-230.121,0.000,0.000,1.000,3.000,0.000,0.000,35.000,0,0,0
B3_zmq_pushpull,zmq_tcp,none,none,,1,28783,512,584,1785153465243622000,1785153465243622000,1785153465243622000,1785153465243623000,1785153465243671000,1785153465243674000,1785153465243674000,1785153465243674000,121932490,121652369,-232.121,0.000,0.000,1.000,3.000,0.000,0.000,2.000,0,0,0
B3_zmq_pushpull,zmq_tcp,none,none,,1,28784,512,584,1785153465244625000,1785153465244625000,1785153465244625000,1785153465244626000,1785153465244794000,1785153465244797000,1785153465244797000,1785153465244797000,121932490,121652369,-112.121,0.000,0.000,1.000,3.000,0.000,0.000,120.000,0,0,0
B3_zmq_pushpull,zmq_tcp,none,none,,1,28785,512,584,1785153465245489000,1785153465245489000,1785153465245490000,1785153465245490000,1785153465245643000,1785153465245646000,1785153465245646000,1785153465245646000,121932490,121652369,-127.121,0.000,1.000,0.000,3.000,0.000,0.000,15.000,0,0,0
B3_zmq_pushpull,zmq_tcp,none,none,,1,28786,512,584,1785153465246459000,1785153465246459000,1785153465246459000,1785153465246460000,1785153465246613000,1785153465246616000,1785153465246616000,1785153465246616000,121932490,121652369,-127.121,0.000,0.000,1.000,3.000,0.000,0.000,0.000,0,0,0
B3_zmq_pushpull,zmq_tcp,none,none,,1,28787,512,584,1785153465247453000,1785153465247453000,1785153465247454000,1785153465247454000,1785153465247605000,1785153465247608000,1785153465247608000,1785153465247608000,121932490,121652369,-129.121,0.000,1.000,0.000,3.000,0.000,0.000,2.000,0,0,0
B3_zmq_pushpull,zmq_tcp,none,none,,1,28788,512,584,1785153465248429000,1785153465248429000,1785153465248429000,1785153465248430000,1785153465248585000,1785153465248587000,1785153465248587000,1785153465248587000,121932490,121652369,-125.121,0.000,0.000,1.000,2.000,0.000,0.000,4.000,0,0,0
B3_zmq_pushpull,zmq_tcp,none,none,,1,28789,512,584,1785153465249672000,1785153465249672000,1785153465249672000,1785153465249673000,1785153465249835000,1785153465249838000,1785153465249838000,1785153465249838000,121932490,121652369,-118.121,0.000,0.000,1.000,3.000,0.000,0.000,7.000,0,0,0
B3_zmq_pushpull,zmq_tcp,none,none,,1,28790,512,584,1785153465250612000,1785153465250612000,1785153465250612000,1785153465250613000,1785153465250686000,1785153465250689000,1785153465250689000,1785153465250689000,121932490,121652369,-207.121,0.000,0.000,1.000,3.000,0.000,0.000,89.000,0,0,0
B3_zmq_pushpull,zmq_tcp,none,none,,1,28791,512,584,1785153465251500000,1785153465251501000,1785153465251501000,1785153465251502000,1785153465251661000,1785153465251663000,1785153465251663000,1785153465251663000,121932490,121652369,-121.121,1.000,0.000,1.000,2.000,0.000,0.000,86.000,0,0,0
B3_zmq_pushpull,zmq_tcp,none,none,,1,28792,512,584,1785153465252659000,1785153465252660000,1785153465252660000,1785153465252661000,1785153465252767000,1785153465252770000,1785153465252770000,1785153465252770000,121932490,121652369,-174.121,1.000,0.000,1.000,3.000,0.000,0.000,53.000,0,0,0
B3_zmq_pushpull,zmq_tcp,none,none,,1,28793,512,584,1785153465253616000,1785153465253616000,1785153465253616000,1785153465253617000,1785153465253754000,1785153465253758000,1785153465253758000,1785153465253758000,121932490,121652369,-143.121,0.000,0.000,1.000,4.000,0.000,0.000,31.000,0,0,0
B3_zmq_pushpull,zmq_tcp,none,none,,1,28794,512,584,1785153465254447000,1785153465254447000,1785153465254447000,1785153465254448000,1785153465254599000,1785153465254602000,1785153465254602000,1785153465254602000,121932490,121652369,-129.121,0.000,0.000,1.000,3.000,0.000,0.000,14.000,0,0,0
B3_zmq_pushpull,zmq_tcp,none,none,,1,28795,512,584,1785153465255427000,1785153465255427000,1785153465255427000,1785153465255428000,1785153465255566000,1785153465255569000,1785153465255569000,1785153465255569000,121932490,121652369,-142.121,0.000,0.000,1.000,3.000,0.000,0.000,13.000,0,0,0
B3_zmq_pushpull,zmq_tcp,none,none,,1,28796,512,584,1785153465256533000,1785153465256533000,1785153465256534000,1785153465256535000,1785153465256679000,1785153465256682000,1785153465256682000,1785153465256682000,121932490,121652369,-136.121,0.000,1.000,1.000,3.000,0.000,0.000,6.000,0,0,0
B3_zmq_pushpull,zmq_tcp,none,none,,1,28797,512,584,1785153465257646000,1785153465257646000,1785153465257646000,1785153465257647000,1785153465257807000,1785153465257810000,1785153465257810000,1785153465257810000,121932490,121652369,-120.121,0.000,0.000,1.000,3.000,0.000,0.000,16.000,0,0,0
B3_zmq_pushpull,zmq_tcp,none,none,,1,28798,512,584,1785153465258623000,1785153465258623000,1785153465258624000,1785153465258624000,1785153465258789000,1785153465258791000,1785153465258791000,1785153465258791000,121932490,121652369,-115.121,0.000,1.000,0.000,2.000,0.000,0.000,5.000,0,0,0
B3_zmq_pushpull,zmq_tcp,none,none,,1,28799,512,584,1785153465259624000,1785153465259624000,1785153465259624000,1785153465259625000,1785153465259777000,1785153465259780000,1785153465259780000,1785153465259780000,121932490,121652369,-128.121,0.000,0.000,1.000,3.000,0.000,0.000,13.000,0,0,0
B3_zmq_pushpull,zmq_tcp,none,none,,1,28800,512,584,1785153465260484000,1785153465260484000,1785153465260484000,1785153465260485000,1785153465260639000,1785153465260642000,1785153465260642000,1785153465260642000,121932490,121652369,-126.121,0.000,0.000,1.000,3.000,0.000,0.000,2.000,0,0,0
B3_zmq_pushpull,zmq_tcp,none,none,,1,28801,512,584,1785153465261478000,1785153465261479000,1785153465261479000,1785153465261480000,1785153465261630000,1785153465261633000,1785153465261633000,1785153465261633000,121932490,121652369,-130.121,1.000,0.000,1.000,3.000,0.000,0.000,4.000,0,0,0
B3_zmq_pushpull,zmq_tcp,none,none,,1,28802,512,584,1785153465262464000,1785153465262464000,1785153465262464000,1785153465262465000,1785153465262618000,1785153465262621000,1785153465262621000,1785153465262621000,121932490,121652369,-127.121,0.000,0.000,1.000,3.000,0.000,0.000,3.000,0,0,0
B3_zmq_pushpull,zmq_tcp,none,none,,1,28803,512,584,1785153465263662000,1785153465263662000,1785153465263663000,1785153465263664000,1785153465263728000,1785153465263732000,1785153465263732000,1785153465263732000,121932490,121652369,-216.121,0.000,1.000,1.000,4.000,0.000,0.000,89.000,0,0,0
B3_zmq_pushpull,zmq_tcp,none,none,,1,28804,512,584,1785153465264428000,1785153465264428000,1785153465264428000,1785153465264429000,1785153465264573000,1785153465264575000,1785153465264575000,1785153465264575000,121932490,121652369,-136.121,0.000,0.000,1.000,2.000,0.000,0.000,80.000,0,0,0
B3_zmq_pushpull,zmq_tcp,none,none,,1,28805,512,584,1785153465265541000,1785153465265541000,1785153465265542000,1785153465265542000,1785153465265702000,1785153465265705000,1785153465265705000,1785153465265705000,121932490,121652369,-120.121,0.000,1.000,0.000,3.000,0.000,0.000,16.000,0,0,0
B3_zmq_pushpull,zmq_tcp,none,none,,1,28806,512,584,1785153465266646000,1785153465266646000,1785153465266646000,1785153465266647000,1785153465266811000,1785153465266814000,1785153465266814000,1785153465266814000,121932490,121652369,-116.121,0.000,0.000,1.000,3.000,0.000,0.000,4.000,0,0,0
B3_zmq_pushpull,zmq_tcp,none,none,,1,28807,512,584,1785153465267620000,1785153465267620000,1785153465267620000,1785153465267621000,1785153465267783000,1785153465267786000,1785153465267786000,1785153465267786000,121932490,121652369,-118.121,0.000,0.000,1.000,3.000,0.000,0.000,2.000,0,0,0
B3_zmq_pushpull,zmq_tcp,none,none,,1,28808,512,584,1785153465268625000,1785153465268626000,1785153465268626000,1785153465268626000,1785153465268774000,1785153465268777000,1785153465268777000,1785153465268777000,121932490,121652369,-132.121,1.000,0.000,0.000,3.000,0.000,0.000,14.000,0,0,0
B3_zmq_pushpull,zmq_tcp,none,none,,1,28809,512,584,1785153465269621000,1785153465269621000,1785153465269621000,1785153465269622000,1785153465269745000,1785153465269748000,1785153465269748000,1785153465269748000,121932490,121652369,-157.121,0.000,0.000,1.000,3.000,0.000,0.000,25.000,0,0,0
B3_zmq_pushpull,zmq_tcp,none,none,,1,28810,512,584,1785153465270626000,1785153465270626000,1785153465270626000,1785153465270627000,1785153465270722000,1785153465270725000,1785153465270725000,1785153465270725000,121932490,121652369,-185.121,0.000,0.000,1.000,3.000,0.000,0.000,28.000,0,0,0
B3_zmq_pushpull,zmq_tcp,none,none,,1,28811,512,584,1785153465271624000,1785153465271624000,1785153465271624000,1785153465271625000,1785153465271697000,1785153465271699000,1785153465271699000,1785153465271699000,121932490,121652369,-208.121,0.000,0.000,1.000,2.000,0.000,0.000,23.000,0,0,0
B3_zmq_pushpull,zmq_tcp,none,none,,1,28812,512,584,1785153465272626000,1785153465272626000,1785153465272626000,1785153465272627000,1785153465272694000,1785153465272697000,1785153465272698000,1785153465272698000,121932490,121652369,-213.121,0.000,0.000,1.000,3.000,1.000,0.000,5.000,0,0,0
B3_zmq_pushpull,zmq_tcp,none,none,,1,28813,512,584,1785153465273624000,1785153465273624000,1785153465273624000,1785153465273625000,1785153465273814000,1785153465273817000,1785153465273817000,1785153465273817000,121932490,121652369,-91.121,0.000,0.000,1.000,3.000,0.000,0.000,122.000,0,0,0
B3_zmq_pushpull,zmq_tcp,none,none,,1,28814,512,584,1785153465274496000,1785153465274497000,1785153465274497000,1785153465274498000,1785153465274651000,1785153465274654000,1785153465274654000,1785153465274654000,121932490,121652369,-127.121,1.000,0.000,1.000,3.000,0.000,0.000,36.000,0,0,0
B3_zmq_pushpull,zmq_tcp,none,none,,1,28815,512,584,1785153465275490000,1785153465275490000,1785153465275490000,1785153465275491000,1785153465275642000,1785153465275645000,1785153465275645000,1785153465275645000,121932490,121652369,-129.121,0.000,0.000,1.000,3.000,0.000,0.000,2.000,0,0,0
B3_zmq_pushpull,zmq_tcp,none,none,,1,28816,512,584,1785153465276462000,1785153465276462000,1785153465276463000,1785153465276463000,1785153465276605000,1785153465276607000,1785153465276608000,1785153465276608000,121932490,121652369,-138.121,0.000,1.000,0.000,2.000,1.000,0.000,9.000,0,0,0
B3_zmq_pushpull,zmq_tcp,none,none,,1,28817,512,584,1785153465277435000,1785153465277435000,1785153465277435000,1785153465277436000,1785153465277589000,1785153465277593000,1785153465277593000,1785153465277593000,121932490,121652369,-127.121,0.000,0.000,1.000,4.000,0.000,0.000,11.000,0,0,0
B3_zmq_pushpull,zmq_tcp,none,none,,1,28818,512,584,1785153465278549000,1785153465278550000,1785153465278550000,1785153465278551000,1785153465278710000,1785153465278713000,1785153465278713000,1785153465278713000,121932490,121652369,-121.121,1.000,0.000,1.000,3.000,0.000,0.000,6.000,0,0,0
B3_zmq_pushpull,zmq_tcp,none,none,,1,28819,512,584,1785153465279643000,1785153465279643000,1785153465279643000,1785153465279644000,1785153465279836000,1785153465279839000,1785153465279839000,1785153465279839000,121932490,121652369,-88.121,0.000,0.000,1.000,3.000,0.000,0.000,33.000,0,0,0
B3_zmq_pushpull,zmq_tcp,none,none,,1,28820,512,584,1785153465280618000,1785153465280618000,1785153465280618000,1785153465280619000,1785153465280684000,1785153465280686000,1785153465280686000,1785153465280686000,121932490,121652369,-215.121,0.000,0.000,1.000,2.000,0.000,0.000,127.000,0,0,0
B3_zmq_pushpull,zmq_tcp,none,none,,1,28821,512,584,1785153465281626000,1785153465281626000,1785153465281626000,1785153465281627000,1785153465281793000,1785153465281796000,1785153465281796000,1785153465281796000,121932490,121652369,-114.121,0.000,0.000,1.000,3.000,0.000,0.000,101.000,0,0,0
B3_zmq_pushpull,zmq_tcp,none,none,,1,28822,512,584,1785153465282624000,1785153465282624000,1785153465282624000,1785153465282625000,1785153465282783000,1785153465282787000,1785153465282787000,1785153465282787000,121932490,121652369,-122.121,0.000,0.000,1.000,4.000,0.000,0.000,8.000,0,0,0
B3_zmq_pushpull,zmq_tcp,none,none,,1,28823,512,584,1785153465283464000,1785153465283464000,1785153465283464000,1785153465283465000,1785153465283617000,1785153465283619000,1785153465283619000,1785153465283619000,121932490,121652369,-128.121,0.000,0.000,1.000,2.000,0.000,0.000,6.000,0,0,0
B3_zmq_pushpull,zmq_tcp,none,none,,1,28824,512,584,1785153465284437000,1785153465284438000,1785153465284438000,1785153465284439000,1785153465284578000,1785153465284581000,1785153465284581000,1785153465284581000,121932490,121652369,-141.121,1.000,0.000,1.000,3.000,0.000,0.000,13.000,0,0,0
B3_zmq_pushpull,zmq_tcp,none,none,,1,28825,512,584,1785153465285670000,1785153465285671000,1785153465285671000,1785153465285672000,1785153465285801000,1785153465285804000,1785153465285804000,1785153465285804000,121932490,121652369,-151.121,1.000,0.000,1.000,3.000,0.000,0.000,10.000,0,0,0
B3_zmq_pushpull,zmq_tcp,none,none,,1,28826,512,584,1785153465286501000,1785153465286501000,1785153465286501000,1785153465286502000,1785153465286657000,1785153465286660000,1785153465286660000,1785153465286660000,121932490,121652369,-125.121,0.000,0.000,1.000,3.000,0.000,0.000,26.000,0,0,0
B3_zmq_pushpull,zmq_tcp,none,none,,1,28827,512,584,1785153465287498000,1785153465287498000,1785153465287498000,1785153465287499000,1785153465287658000,1785153465287661000,1785153465287661000,1785153465287661000,121932490,121652369,-121.121,0.000,0.000,1.000,3.000,0.000,0.000,4.000,0,0,0
B3_zmq_pushpull,zmq_tcp,none,none,,1,28828,512,584,1785153465288656000,1785153465288656000,1785153465288656000,1785153465288657000,1785153465288800000,1785153465288802000,1785153465288802000,1785153465288802000,121932490,121652369,-137.121,0.000,0.000,1.000,2.000,0.000,0.000,16.000,0,0,0
B3_zmq_pushpull,zmq_tcp,none,none,,1,28829,512,584,1785153465289617000,1785153465289617000,1785153465289617000,1785153465289618000,1785153465289770000,1785153465289773000,1785153465289773000,1785153465289773000,121932490,121652369,-128.121,0.000,0.000,1.000,3.000,0.000,0.000,9.000,0,0,0
B3_zmq_pushpull,zmq_tcp,none,none,,1,28830,512,584,1785153465290623000,1785153465290623000,1785153465290623000,1785153465290624000,1785153465290746000,1785153465290749000,1785153465290749000,1785153465290749000,121932490,121652369,-158.121,0.000,0.000,1.000,3.000,0.000,0.000,30.000,0,0,0
B3_zmq_pushpull,zmq_tcp,none,none,,1,28831,512,584,1785153465291433000,1785153465291433000,1785153465291433000,1785153465291434000,1785153465291586000,1785153465291589000,1785153465291589000,1785153465291589000,121932490,121652369,-128.121,0.000,0.000,1.000,3.000,0.000,0.000,30.000,0,0,0
B3_zmq_pushpull,zmq_tcp,none,none,,1,28832,512,584,1785153465292547000,1785153465292548000,1785153465292548000,1785153465292549000,1785153465292706000,1785153465292709000,1785153465292709000,1785153465292709000,121932490,121652369,-123.121,1.000,0.000,1.000,3.000,0.000,0.000,5.000,0,0,0
B3_zmq_pushpull,zmq_tcp,none,none,,1,28833,512,584,1785153465293644000,1785153465293645000,1785153465293645000,1785153465293646000,1785153465293815000,1785153465293818000,1785153465293818000,1785153465293818000,121932490,121652369,-111.121,1.000,0.000,1.000,3.000,0.000,0.000,12.000,0,0,0
B3_zmq_pushpull,zmq_tcp,none,none,,1,28834,512,584,1785153465294619000,1785153465294619000,1785153465294619000,1785153465294620000,1785153465294810000,1785153465294813000,1785153465294813000,1785153465294813000,121932490,121652369,-90.121,0.000,0.000,1.000,3.000,0.000,0.000,21.000,0,0,0
B3_zmq_pushpull,zmq_tcp,none,none,,1,28835,512,584,1785153465295626000,1785153465295626000,1785153465295626000,1785153465295627000,1785153465295782000,1785153465295785000,1785153465295785000,1785153465295785000,121932490,121652369,-125.121,0.000,0.000,1.000,3.000,0.000,0.000,35.000,0,0,0
B3_zmq_pushpull,zmq_tcp,none,none,,1,28836,512,584,1785153465296624000,1785153465296624000,1785153465296624000,1785153465296625000,1785153465296732000,1785153465296734000,1785153465296734000,1785153465296734000,121932490,121652369,-173.121,0.000,0.000,1.000,2.000,0.000,0.000,48.000,0,0,0
B3_zmq_pushpull,zmq_tcp,none,none,,1,28837,512,584,1785153465297624000,1785153465297624000,1785153465297624000,1785153465297625000,1785153465297718000,1785153465297721000,1785153465297721000,1785153465297721000,121932490,121652369,-187.121,0.000,0.000,1.000,3.000,0.000,0.000,14.000,0,0,0
B3_zmq_pushpull,zmq_tcp,none,none,,1,28838,512,584,1785153465298624000,1785153465298624000,1785153465298624000,1785153465298625000,1785153465298693000,1785153465298696000,1785153465298696000,1785153465298696000,121932490,121652369,-212.121,0.000,0.000,1.000,3.000,0.000,0.000,25.000,0,0,0
B3_zmq_pushpull,zmq_tcp,none,none,,1,28839,512,584,1785153465299624000,1785153465299624000,1785153465299624000,1785153465299625000,1785153465299818000,1785153465299821000,1785153465299821000,1785153465299821000,121932490,121652369,-87.121,0.000,0.000,1.000,3.000,0.000,0.000,125.000,0,0,0
B3_zmq_pushpull,zmq_tcp,none,none,,1,28840,512,584,1785153465300626000,1785153465300626000,1785153465300626000,1785153465300627000,1785153465300801000,1785153465300804000,1785153465300804000,1785153465300804000,121932490,121652369,-106.121,0.000,0.000,1.000,3.000,0.000,0.000,19.000,0,0,0
B3_zmq_pushpull,zmq_tcp,none,none,,1,28841,512,584,1785153465301623000,1785153465301623000,1785153465301623000,1785153465301624000,1785153465301774000,1785153465301777000,1785153465301777000,1785153465301777000,121932490,121652369,-130.121,0.000,0.000,1.000,3.000,0.000,0.000,24.000,0,0,0
B3_zmq_pushpull,zmq_tcp,none,none,,1,28842,512,584,1785153465302476000,1785153465302476000,1785153465302477000,1785153465302477000,1785153465302628000,1785153465302631000,1785153465302631000,1785153465302631000,121932490,121652369,-129.121,0.000,1.000,0.000,3.000,0.000,0.000,1.000,0,0,0
B3_zmq_pushpull,zmq_tcp,none,none,,1,28843,512,584,1785153465303444000,1785153465303444000,1785153465303444000,1785153465303445000,1785153465303597000,1785153465303600000,1785153465303600000,1785153465303600000,121932490,121652369,-128.121,0.000,0.000,1.000,3.000,0.000,0.000,1.000,0,0,0
B3_zmq_pushpull,zmq_tcp,none,none,,1,28844,512,584,1785153465304670000,1785153465304670000,1785153465304670000,1785153465304671000,1785153465304830000,1785153465304833000,1785153465304833000,1785153465304833000,121932490,121652369,-121.121,0.000,0.000,1.000,3.000,0.000,0.000,7.000,0,0,0
B3_zmq_pushpull,zmq_tcp,none,none,,1,28845,512,584,1785153465305609000,1785153465305609000,1785153465305610000,1785153465305610000,1785153465305673000,1785153465305676000,1785153465305676000,1785153465305676000,121932490,121652369,-217.121,0.000,1.000,0.000,3.000,0.000,0.000,96.000,0,0,0
B3_zmq_pushpull,zmq_tcp,none,none,,1,28846,512,584,1785153465306631000,1785153465306631000,1785153465306631000,1785153465306632000,1785153465306804000,1785153465306806000,1785153465306806000,1785153465306806000,121932490,121652369,-108.121,0.000,0.000,1.000,2.000,0.000,0.000,109.000,0,0,0
B3_zmq_pushpull,zmq_tcp,none,none,,1,28847,512,584,1785153465307623000,1785153465307623000,1785153465307623000,1785153465307624000,1785153465307794000,1785153465307797000,1785153465307797000,1785153465307797000,121932490,121652369,-110.121,0.000,0.000,1.000,3.000,0.000,0.000,2.000,0,0,0
B3_zmq_pushpull,zmq_tcp,none,none,,1,28848,512,584,1785153465308487000,1785153465308487000,1785153465308487000,1785153465308488000,1785153465308646000,1785153465308649000,1785153465308649000,1785153465308649000,121932490,121652369,-122.121,0.000,0.000,1.000,3.000,0.000,0.000,12.000,0,0,0
B3_zmq_pushpull,zmq_tcp,none,none,,1,28849,512,584,1785153465309657000,1785153465309657000,1785153465309657000,1785153465309658000,1785153465309747000,1785153465309749000,1785153465309749000,1785153465309749000,121932490,121652369,-191.121,0.000,0.000,1.000,2.000,0.000,0.000,69.000,0,0,0
B3_zmq_pushpull,zmq_tcp,none,none,,1,28850,512,584,1785153465310616000,1785153465310616000,1785153465310616000,1785153465310617000,1785153465310696000,1785153465310698000,1785153465310698000,1785153465310698000,121932490,121652369,-201.121,0.000,0.000,1.000,2.000,0.000,0.000,10.000,0,0,0
B3_zmq_pushpull,zmq_tcp,none,none,,1,28851,512,584,1785153465311627000,1785153465311627000,1785153465311627000,1785153465311628000,1785153465311674000,1785153465311678000,1785153465311678000,1785153465311678000,121932490,121652369,-234.121,0.000,0.000,1.000,4.000,0.000,0.000,33.000,0,0,0
B3_zmq_pushpull,zmq_tcp,none,none,,1,28852,512,584,1785153465312628000,1785153465312628000,1785153465312628000,1785153465312629000,1785153465312778000,1785153465312781000,1785153465312781000,1785153465312781000,121932490,121652369,-131.121,0.000,0.000,1.000,3.000,0.000,0.000,103.000,0,0,0
B3_zmq_pushpull,zmq_tcp,none,none,,1,28853,512,584,1785153465313475000,1785153465313475000,1785153465313475000,1785153465313476000,1785153465313621000,1785153465313624000,1785153465313624000,1785153465313624000,121932490,121652369,-135.121,0.000,0.000,1.000,3.000,0.000,0.000,4.000,0,0,0
B3_zmq_pushpull,zmq_tcp,none,none,,1,28854,512,584,1785153465314664000,1785153465314664000,1785153465314664000,1785153465314665000,1785153465314732000,1785153465314735000,1785153465314735000,1785153465314735000,121932490,121652369,-213.121,0.000,0.000,1.000,3.000,0.000,0.000,78.000,0,0,0
B3_zmq_pushpull,zmq_tcp,none,none,,1,28855,512,584,1785153465315613000,1785153465315613000,1785153465315613000,1785153465315614000,1785153465315717000,1785153465315720000,1785153465315720000,1785153465315720000,121932490,121652369,-177.121,0.000,0.000,1.000,3.000,0.000,0.000,36.000,0,0,0
B3_zmq_pushpull,zmq_tcp,none,none,,1,28856,512,584,1785153465316627000,1785153465316627000,1785153465316627000,1785153465316628000,1785153465316689000,1785153465316692000,1785153465316692000,1785153465316692000,121932490,121652369,-219.121,0.000,0.000,1.000,3.000,0.000,0.000,42.000,0,0,0
B3_zmq_pushpull,zmq_tcp,none,none,,1,28857,512,584,1785153465317518000,1785153465317518000,1785153465317518000,1785153465317519000,1785153465317670000,1785153465317673000,1785153465317673000,1785153465317673000,121932490,121652369,-129.121,0.000,0.000,1.000,3.000,0.000,0.000,90.000,0,0,0
B3_zmq_pushpull,zmq_tcp,none,none,,1,28858,512,584,1785153465318497000,1785153465318497000,1785153465318497000,1785153465318498000,1785153465318640000,1785153465318642000,1785153465318642000,1785153465318642000,121932490,121652369,-138.121,0.000,0.000,1.000,2.000,0.000,0.000,9.000,0,0,0
B3_zmq_pushpull,zmq_tcp,none,none,,1,28859,512,584,1785153465319653000,1785153465319653000,1785153465319653000,1785153465319654000,1785153465319763000,1785153465319765000,1785153465319765000,1785153465319765000,121932490,121652369,-171.121,0.000,0.000,1.000,2.000,0.000,0.000,33.000,0,0,0
B3_zmq_pushpull,zmq_tcp,none,none,,1,28860,512,584,1785153465320620000,1785153465320620000,1785153465320620000,1785153465320621000,1785153465320742000,1785153465320745000,1785153465320745000,1785153465320745000,121932490,121652369,-159.121,0.000,0.000,1.000,3.000,0.000,0.000,12.000,0,0,0
B3_zmq_pushpull,zmq_tcp,none,none,,1,28861,512,584,1785153465321625000,1785153465321625000,1785153465321625000,1785153465321626000,1785153465321721000,1785153465321724000,1785153465321724000,1785153465321724000,121932490,121652369,-185.121,0.000,0.000,1.000,3.000,0.000,0.000,26.000,0,0,0
B3_zmq_pushpull,zmq_tcp,none,none,,1,28862,512,584,1785153465322625000,1785153465322625000,1785153465322625000,1785153465322626000,1785153465322717000,1785153465322720000,1785153465322720000,1785153465322720000,121932490,121652369,-189.121,0.000,0.000,1.000,3.000,0.000,0.000,4.000,0,0,0
B3_zmq_pushpull,zmq_tcp,none,none,,1,28863,512,584,1785153465323624000,1785153465323624000,1785153465323624000,1785153465323625000,1785153465323712000,1785153465323715000,1785153465323715000,1785153465323715000,121932490,121652369,-193.121,0.000,0.000,1.000,3.000,0.000,0.000,4.000,0,0,0
B3_zmq_pushpull,zmq_tcp,none,none,,1,28864,512,584,1785153465324624000,1785153465324624000,1785153465324624000,1785153465324625000,1785153465324673000,1785153465324676000,1785153465324676000,1785153465324676000,121932490,121652369,-232.121,0.000,0.000,1.000,3.000,0.000,0.000,39.000,0,0,0
B3_zmq_pushpull,zmq_tcp,none,none,,1,28865,512,584,1785153465325624000,1785153465325624000,1785153465325624000,1785153465325625000,1785153465325793000,1785153465325796000,1785153465325796000,1785153465325796000,121932490,121652369,-112.121,0.000,0.000,1.000,3.000,0.000,0.000,120.000,0,0,0
B3_zmq_pushpull,zmq_tcp,none,none,,1,28866,512,584,1785153465326621000,1785153465326621000,1785153465326621000,1785153465326622000,1785153465326782000,1785153465326785000,1785153465326785000,1785153465326785000,121932490,121652369,-120.121,0.000,0.000,1.000,3.000,0.000,0.000,8.000,0,0,0
B3_zmq_pushpull,zmq_tcp,none,none,,1,28867,512,584,1785153465327625000,1785153465327625000,1785153465327626000,1785153465327626000,1785153465327755000,1785153465327758000,1785153465327758000,1785153465327758000,121932490,121652369,-151.121,0.000,1.000,0.000,3.000,0.000,0.000,31.000,0,0,0
B3_zmq_pushpull,zmq_tcp,none,none,,1,28868,512,584,1785153465328439000,1785153465328439000,1785153465328439000,1785153465328440000,1785153465328596000,1785153465328599000,1785153465328599000,1785153465328599000,121932490,121652369,-124.121,0.000,0.000,1.000,3.000,0.000,0.000,27.000,0,0,0
B3_zmq_pushpull,zmq_tcp,none,none,,1,28869,512,584,1785153465329671000,1785153465329671000,1785153465329671000,1785153465329672000,1785153465329861000,1785153465329864000,1785153465329864000,1785153465329864000,121932490,121652369,-91.121,0.000,0.000,1.000,3.000,0.000,0.000,33.000,0,0,0
B3_zmq_pushpull,zmq_tcp,none,none,,1,28870,512,584,1785153465330548000,1785153465330549000,1785153465330549000,1785153465330550000,1785153465330700000,1785153465330704000,1785153465330704000,1785153465330704000,121932490,121652369,-130.121,1.000,0.000,1.000,4.000,0.000,0.000,39.000,0,0,0
B3_zmq_pushpull,zmq_tcp,none,none,,1,28871,512,584,1785153465331644000,1785153465331644000,1785153465331644000,1785153465331645000,1785153465331691000,1785153465331694000,1785153465331694000,1785153465331695000,121932490,121652369,-234.121,0.000,0.000,1.000,3.000,0.000,1.000,104.000,0,0,0
B3_zmq_pushpull,zmq_tcp,none,none,,1,28872,512,584,1785153465332620000,1785153465332620000,1785153465332620000,1785153465332621000,1785153465332686000,1785153465332689000,1785153465332689000,1785153465332689000,121932490,121652369,-215.121,0.000,0.000,1.000,3.000,0.000,0.000,19.000,0,0,0
B3_zmq_pushpull,zmq_tcp,none,none,,1,28873,512,584,1785153465333625000,1785153465333626000,1785153465333626000,1785153465333627000,1785153465333817000,1785153465333820000,1785153465333820000,1785153465333820000,121932490,121652369,-90.121,1.000,0.000,1.000,3.000,0.000,0.000,125.000,0,0,0
B3_zmq_pushpull,zmq_tcp,none,none,,1,28874,512,584,1785153465334620000,1785153465334620000,1785153465334620000,1785153465334621000,1785153465334784000,1785153465334786000,1785153465334787000,1785153465334787000,121932490,121652369,-117.121,0.000,0.000,1.000,2.000,1.000,0.000,27.000,0,0,0
B3_zmq_pushpull,zmq_tcp,none,none,,1,28875,512,584,1785153465335626000,1785153465335626000,1785153465335626000,1785153465335627000,1785153465335748000,1785153465335750000,1785153465335750000,1785153465335750000,121932490,121652369,-159.121,0.000,0.000,1.000,2.000,0.000,0.000,42.000,0,0,0
B3_zmq_pushpull,zmq_tcp,none,none,,1,28876,512,584,1785153465336624000,1785153465336624000,1785153465336624000,1785153465336625000,1785153465336725000,1785153465336728000,1785153465336728000,1785153465336728000,121932490,121652369,-180.121,0.000,0.000,1.000,3.000,0.000,0.000,21.000,0,0,0
B3_zmq_pushpull,zmq_tcp,none,none,,1,28877,512,584,1785153465337625000,1785153465337625000,1785153465337625000,1785153465337626000,1785153465337701000,1785153465337705000,1785153465337705000,1785153465337705000,121932490,121652369,-205.121,0.000,0.000,1.000,4.000,0.000,0.000,25.000,0,0,0
B3_zmq_pushpull,zmq_tcp,none,none,,1,28878,512,584,1785153465338621000,1785153465338621000,1785153465338622000,1785153465338622000,1785153465338784000,1785153465338786000,1785153465338786000,1785153465338786000,121932490,121652369,-118.121,0.000,1.000,0.000,2.000,0.000,0.000,87.000,0,0,0
B3_zmq_pushpull,zmq_tcp,none,none,,1,28879,512,584,1785153465339626000,1785153465339626000,1785153465339626000,1785153465339627000,1785153465339724000,1785153465339727000,1785153465339727000,1785153465339727000,121932490,121652369,-183.121,0.000,0.000,1.000,3.000,0.000,0.000,65.000,0,0,0
B3_zmq_pushpull,zmq_tcp,none,none,,1,28880,512,584,1785153465340625000,1785153465340625000,1785153465340625000,1785153465340626000,1785153465340709000,1785153465340712000,1785153465340712000,1785153465340712000,121932490,121652369,-197.121,0.000,0.000,1.000,3.000,0.000,0.000,14.000,0,0,0
B3_zmq_pushpull,zmq_tcp,none,none,,1,28881,512,584,1785153465341629000,1785153465341629000,1785153465341629000,1785153465341630000,1785153465341822000,1785153465341825000,1785153465341825000,1785153465341825000,121932490,121652369,-88.121,0.000,0.000,1.000,3.000,0.000,0.000,109.000,0,0,0
B3_zmq_pushpull,zmq_tcp,none,none,,1,28882,512,584,1785153465342623000,1785153465342623000,1785153465342623000,1785153465342624000,1785153465342797000,1785153465342800000,1785153465342800000,1785153465342800000,121932490,121652369,-107.121,0.000,0.000,1.000,3.000,0.000,0.000,19.000,0,0,0
B3_zmq_pushpull,zmq_tcp,none,none,,1,28883,512,584,1785153465343624000,1785153465343624000,1785153465343624000,1785153465343625000,1785153465343756000,1785153465343759000,1785153465343759000,1785153465343759000,121932490,121652369,-149.121,0.000,0.000,1.000,3.000,0.000,0.000,42.000,0,0,0
B3_zmq_pushpull,zmq_tcp,none,none,,1,28884,512,584,1785153465344451000,1785153465344451000,1785153465344451000,1785153465344452000,1785153465344603000,1785153465344606000,1785153465344606000,1785153465344606000,121932490,121652369,-129.121,0.000,0.000,1.000,3.000,0.000,0.000,20.000,0,0,0
B3_zmq_pushpull,zmq_tcp,none,none,,1,28885,512,584,1785153465345428000,1785153465345429000,1785153465345429000,1785153465345430000,1785153465345582000,1785153465345585000,1785153465345585000,1785153465345585000,121932490,121652369,-128.121,1.000,0.000,1.000,3.000,0.000,0.000,1.000,0,0,0
B3_zmq_pushpull,zmq_tcp,none,none,,1,28886,512,584,1785153465346530000,1785153465346530000,1785153465346530000,1785153465346531000,1785153465346672000,1785153465346675000,1785153465346675000,1785153465346675000,121932490,121652369,-139.121,0.000,0.000,1.000,3.000,0.000,0.000,11.000,0,0,0
B3_zmq_pushpull,zmq_tcp,none,none,,1,28887,512,584,1785153465347648000,1785153465347648000,1785153465347648000,1785153465347649000,1785153465347789000,1785153465347792000,1785153465347792000,1785153465347792000,121932490,121652369,-140.121,0.000,0.000,1.000,3.000,0.000,0.000,1.000,0,0,0
B3_zmq_pushpull,zmq_tcp,none,none,,1,28888,512,584,1785153465348621000,1785153465348621000,1785153465348621000,1785153465348622000,1785153465348769000,1785153465348772000,1785153465348772000,1785153465348772000,121932490,121652369,-133.121,0.000,0.000,1.000,3.000,0.000,0.000,7.000,0,0,0
B3_zmq_pushpull,zmq_tcp,none,none,,1,28889,512,584,1785153465349626000,1785153465349627000,1785153465349627000,1785153465349628000,1785153465349760000,1785153465349762000,1785153465349762000,1785153465349763000,121932490,121652369,-148.121,1.000,0.000,1.000,2.000,0.000,1.000,15.000,0,0,0
B3_zmq_pushpull,zmq_tcp,none,none,,1,28890,512,584,1785153465350624000,1785153465350624000,1785153465350624000,1785153465350625000,1785153465350755000,1785153465350757000,1785153465350757000,1785153465350757000,121932490,121652369,-150.121,0.000,0.000,1.000,2.000,0.000,0.000,2.000,0,0,0
B3_zmq_pushpull,zmq_tcp,none,none,,1,28891,512,584,1785153465351624000,1785153465351624000,1785153465351624000,1785153465351625000,1785153465351717000,1785153465351721000,1785153465351721000,1785153465351721000,121932490,121652369,-188.121,0.000,0.000,1.000,4.000,0.000,0.000,38.000,0,0,0
B3_zmq_pushpull,zmq_tcp,none,none,,1,28892,512,584,1785153465352529000,1785153465352529000,1785153465352529000,1785153465352530000,1785153465352684000,1785153465352686000,1785153465352686000,1785153465352686000,121932490,121652369,-126.121,0.000,0.000,1.000,2.000,0.000,0.000,62.000,0,0,0
B3_zmq_pushpull,zmq_tcp,none,none,,1,28893,512,584,1785153465353504000,1785153465353504000,1785153465353504000,1785153465353505000,1785153465353659000,1785153465353662000,1785153465353662000,1785153465353662000,121932490,121652369,-126.121,0.000,0.000,1.000,3.000,0.000,0.000,0.000,0,0,0
B3_zmq_pushpull,zmq_tcp,none,none,,1,28894,512,584,1785153465354655000,1785153465354655000,1785153465354655000,1785153465354656000,1785153465354763000,1785153465354766000,1785153465354766000,1785153465354766000,121932490,121652369,-173.121,0.000,0.000,1.000,3.000,0.000,0.000,47.000,0,0,0
B3_zmq_pushpull,zmq_tcp,none,none,,1,28895,512,584,1785153465355615000,1785153465355616000,1785153465355616000,1785153465355616000,1785153465355733000,1785153465355736000,1785153465355736000,1785153465355736000,121932490,121652369,-163.121,1.000,0.000,0.000,3.000,0.000,0.000,10.000,0,0,0
B3_zmq_pushpull,zmq_tcp,none,none,,1,28896,512,584,1785153465356627000,1785153465356627000,1785153465356627000,1785153465356628000,1785153465356713000,1785153465356716000,1785153465356716000,1785153465356716000,121932490,121652369,-195.121,0.000,0.000,1.000,3.000,0.000,0.000,32.000,0,0,0
B3_zmq_pushpull,zmq_tcp,none,none,,1,28897,512,584,1785153465357625000,1785153465357625000,1785153465357625000,1785153465357626000,1785153465357683000,1785153465357686000,1785153465357686000,1785153465357686000,121932490,121652369,-223.121,0.000,0.000,1.000,3.000,0.000,0.000,28.000,0,0,0
B3_zmq_pushpull,zmq_tcp,none,none,,1,28898,512,584,1785153465358624000,1785153465358624000,1785153465358624000,1785153465358625000,1785153465358784000,1785153465358787000,1785153465358787000,1785153465358788000,121932490,121652369,-121.121,0.000,0.000,1.000,3.000,0.000,1.000,102.000,0,0,0
B3_zmq_pushpull,zmq_tcp,none,none,,1,28899,512,584,1785153465359620000,1785153465359620000,1785153465359620000,1785153465359621000,1785153465359769000,1785153465359772000,1785153465359773000,1785153465359773000,121932490,121652369,-132.121,0.000,0.000,1.000,3.000,1.000,0.000,11.000,0,0,0
B3_zmq_pushpull,zmq_tcp,none,none,,1,28900,512,584,1785153465360450000,1785153465360451000,1785153465360451000,1785153465360451000,1785153465360603000,1785153465360605000,1785153465360605000,1785153465360605000,121932490,121652369,-128.121,1.000,0.000,0.000,2.000,0.000,0.000,4.000,0,0,0
B3_zmq_pushpull,zmq_tcp,none,none,,1,28901,512,584,1785153465361437000,1785153465361437000,1785153465361437000,1785153465361438000,1785153465361593000,1785153465361602000,1785153465361602000,1785153465361602000,121932490,121652369,-125.121,0.000,0.000,1.000,9.000,0.000,0.000,3.000,0,0,0
B3_zmq_pushpull,zmq_tcp,none,none,,1,28902,512,584,1785153465362436000,1785153465362437000,1785153465362437000,1785153465362438000,1785153465362581000,1785153465362584000,1785153465362584000,1785153465362584000,121932490,121652369,-137.121,1.000,0.000,1.000,3.000,0.000,0.000,12.000,0,0,0
B3_zmq_pushpull,zmq_tcp,none,none,,1,28903,512,584,1785153465363534000,1785153465363534000,1785153465363535000,1785153465363535000,1785153465363683000,1785153465363685000,1785153465363685000,1785153465363685000,121932490,121652369,-132.121,0.000,1.000,0.000,2.000,0.000,0.000,5.000,0,0,0
B3_zmq_pushpull,zmq_tcp,none,none,,1,28904,512,584,1785153465364647000,1785153465364647000,1785153465364647000,1785153465364648000,1785153465364792000,1785153465364795000,1785153465364795000,1785153465364795000,121932490,121652369,-136.121,0.000,0.000,1.000,3.000,0.000,0.000,4.000,0,0,0
B3_zmq_pushpull,zmq_tcp,none,none,,1,28905,512,584,1785153465365619000,1785153465365619000,1785153465365619000,1785153465365620000,1785153465365781000,1785153465365787000,1785153465365787000,1785153465365787000,121932490,121652369,-119.121,0.000,0.000,1.000,6.000,0.000,0.000,17.000,0,0,0
B3_zmq_pushpull,zmq_tcp,none,none,,1,28906,512,584,1785153465366473000,1785153465366473000,1785153465366473000,1785153465366474000,1785153465366624000,1785153465366627000,1785153465366627000,1785153465366627000,121932490,121652369,-130.121,0.000,0.000,1.000,3.000,0.000,0.000,11.000,0,0,0
B3_zmq_pushpull,zmq_tcp,none,none,,1,28907,512,584,1785153465367461000,1785153465367462000,1785153465367462000,1785153465367463000,1785153465367613000,1785153465367616000,1785153465367616000,1785153465367616000,121932490,121652369,-130.121,1.000,0.000,1.000,3.000,0.000,0.000,0.000,0,0,0
B3_zmq_pushpull,zmq_tcp,none,none,,1,28908,512,584,1785153465368437000,1785153465368437000,1785153465368437000,1785153465368438000,1785153465368599000,1785153465368601000,1785153465368601000,1785153465368601000,121932490,121652369,-119.121,0.000,0.000,1.000,2.000,0.000,0.000,11.000,0,0,0
B3_zmq_pushpull,zmq_tcp,none,none,,1,28909,512,584,1785153465369673000,1785153465369673000,1785153465369673000,1785153465369674000,1785153465369861000,1785153465369864000,1785153465369864000,1785153465369864000,121932490,121652369,-93.121,0.000,0.000,1.000,3.000,0.000,0.000,26.000,0,0,0
B3_zmq_pushpull,zmq_tcp,none,none,,1,28910,512,584,1785153465370430000,1785153465370430000,1785153465370430000,1785153465370431000,1785153465370575000,1785153465370578000,1785153465370578000,1785153465370578000,121932490,121652369,-136.121,0.000,0.000,1.000,3.000,0.000,0.000,43.000,0,0,0
B3_zmq_pushpull,zmq_tcp,none,none,,1,28911,512,584,1785153465371546000,1785153465371546000,1785153465371546000,1785153465371548000,1785153465371687000,1785153465371689000,1785153465371689000,1785153465371690000,121932490,121652369,-141.121,0.000,0.000,2.000,2.000,0.000,1.000,5.000,0,0,0
B3_zmq_pushpull,zmq_tcp,none,none,,1,28912,512,584,1785153465372644000,1785153465372645000,1785153465372645000,1785153465372646000,1785153465372783000,1785153465372788000,1785153465372788000,1785153465372788000,121932490,121652369,-143.121,1.000,0.000,1.000,5.000,0.000,0.000,2.000,0,0,0
B3_zmq_pushpull,zmq_tcp,none,none,,1,28913,512,584,1785153465373621000,1785153465373621000,1785153465373621000,1785153465373622000,1785153465373763000,1785153465373765000,1785153465373765000,1785153465373765000,121932490,121652369,-139.121,0.000,0.000,1.000,2.000,0.000,0.000,4.000,0,0,0
B3_zmq_pushpull,zmq_tcp,none,none,,1,28914,512,584,1785153465374624000,1785153465374624000,1785153465374624000,1785153465374625000,1785153465374740000,1785153465374743000,1785153465374743000,1785153465374743000,121932490,121652369,-165.121,0.000,0.000,1.000,3.000,0.000,0.000,26.000,0,0,0
B3_zmq_pushpull,zmq_tcp,none,none,,1,28915,512,584,1785153465375628000,1785153465375628000,1785153465375629000,1785153465375629000,1785153465375740000,1785153465375746000,1785153465375746000,1785153465375746000,121932490,121652369,-169.121,0.000,1.000,0.000,6.000,0.000,0.000,4.000,0,0,0
B3_zmq_pushpull,zmq_tcp,none,none,,1,28916,512,584,1785153465376626000,1785153465376626000,1785153465376626000,1785153465376627000,1785153465376717000,1785153465376720000,1785153465376720000,1785153465376720000,121932490,121652369,-190.121,0.000,0.000,1.000,3.000,0.000,0.000,21.000,0,0,0
B3_zmq_pushpull,zmq_tcp,none,none,,1,28917,512,584,1785153465377626000,1785153465377626000,1785153465377627000,1785153465377627000,1785153465377703000,1785153465377706000,1785153465377706000,1785153465377706000,121932490,121652369,-204.121,0.000,1.000,0.000,3.000,0.000,0.000,14.000,0,0,0
B3_zmq_pushpull,zmq_tcp,none,none,,1,28918,512,584,1785153465378526000,1785153465378526000,1785153465378526000,1785153465378528000,1785153465378672000,1785153465378675000,1785153465378675000,1785153465378675000,121932490,121652369,-136.121,0.000,0.000,2.000,3.000,0.000,0.000,68.000,0,0,0
B3_zmq_pushpull,zmq_tcp,none,none,,1,28919,512,584,1785153465379650000,1785153465379650000,1785153465379650000,1785153465379651000,1785153465379781000,1785153465379785000,1785153465379785000,1785153465379785000,121932490,121652369,-150.121,0.000,0.000,1.000,4.000,0.000,0.000,14.000,0,0,0
B3_zmq_pushpull,zmq_tcp,none,none,,1,28920,512,584,1785153465380615000,1785153465380615000,1785153465380615000,1785153465380616000,1785153465380728000,1785153465380731000,1785153465380731000,1785153465380731000,121932490,121652369,-168.121,0.000,0.000,1.000,3.000,0.000,0.000,18.000,0,0,0
B3_zmq_pushpull,zmq_tcp,none,none,,1,28921,512,584,1785153465381627000,1785153465381627000,1785153465381627000,1785153465381628000,1785153465381674000,1785153465381677000,1785153465381677000,1785153465381677000,121932490,121652369,-234.121,0.000,0.000,1.000,3.000,0.000,0.000,66.000,0,0,0
B3_zmq_pushpull,zmq_tcp,none,none,,1,28922,512,584,1785153465382624000,1785153465382624000,1785153465382624000,1785153465382625000,1785153465382803000,1785153465382806000,1785153465382806000,1785153465382806000,121932490,121652369,-102.121,0.000,0.000,1.000,3.000,0.000,0.000,132.000,0,0,0
B3_zmq_pushpull,zmq_tcp,none,none,,1,28923,512,584,1785153465383628000,1785153465383628000,1785153465383628000,1785153465383629000,1785153465383804000,1785153465383807000,1785153465383807000,1785153465383807000,121932490,121652369,-105.121,0.000,0.000,1.000,3.000,0.000,0.000,3.000,0,0,0
B3_zmq_pushpull,zmq_tcp,none,none,,1,28924,512,584,1785153465384499000,1785153465384499000,1785153465384499000,1785153465384500000,1785153465384656000,1785153465384659000,1785153465384659000,1785153465384659000,121932490,121652369,-124.121,0.000,0.000,1.000,3.000,0.000,0.000,19.000,0,0,0
B3_zmq_pushpull,zmq_tcp,none,none,,1,28925,512,584,1785153465385498000,1785153465385498000,1785153465385498000,1785153465385499000,1785153465385654000,1785153465385658000,1785153465385658000,1785153465385658000,121932490,121652369,-125.121,0.000,0.000,1.000,4.000,0.000,0.000,1.000,0,0,0
B3_zmq_pushpull,zmq_tcp,none,none,,1,28926,512,584,1785153465386493000,1785153465386493000,1785153465386493000,1785153465386494000,1785153465386645000,1785153465386648000,1785153465386648000,1785153465386648000,121932490,121652369,-129.121,0.000,0.000,1.000,3.000,0.000,0.000,4.000,0,0,0
B3_zmq_pushpull,zmq_tcp,none,none,,1,28927,512,584,1785153465387453000,1785153465387453000,1785153465387453000,1785153465387455000,1785153465387596000,1785153465387599000,1785153465387599000,1785153465387599000,121932490,121652369,-139.121,0.000,0.000,2.000,3.000,0.000,0.000,10.000,0,0,0
B3_zmq_pushpull,zmq_tcp,none,none,,1,28928,512,584,1785153465388666000,1785153465388666000,1785153465388666000,1785153465388667000,1785153465388715000,1785153465388718000,1785153465388718000,1785153465388718000,121932490,121652369,-232.121,0.000,0.000,1.000,3.000,0.000,0.000,93.000,0,0,0
B3_zmq_pushpull,zmq_tcp,none,none,,1,28929,512,584,1785153465389430000,1785153465389430000,1785153465389430000,1785153465389431000,1785153465389575000,1785153465389577000,1785153465389577000,1785153465389578000,121932490,121652369,-136.121,0.000,0.000,1.000,2.000,0.000,1.000,96.000,0,0,0
B3_zmq_pushpull,zmq_tcp,none,none,,1,28930,512,584,1785153465390539000,1785153465390540000,1785153465390540000,1785153465390541000,1785153465390697000,1785153465390700000,1785153465390700000,1785153465390700000,121932490,121652369,-124.121,1.000,0.000,1.000,3.000,0.000,0.000,12.000,0,0,0
B3_zmq_pushpull,zmq_tcp,none,none,,1,28931,512,584,1785153465391513000,1785153465391513000,1785153465391513000,1785153465391515000,1785153465391661000,1785153465391664000,1785153465391664000,1785153465391664000,121932490,121652369,-134.121,0.000,0.000,2.000,3.000,0.000,0.000,10.000,0,0,0
B3_zmq_pushpull,zmq_tcp,none,none,,1,28932,512,584,1785153465392653000,1785153465392653000,1785153465392653000,1785153465392654000,1785153465392783000,1785153465392786000,1785153465392786000,1785153465392786000,121932490,121652369,-151.121,0.000,0.000,1.000,3.000,0.000,0.000,17.000,0,0,0
B3_zmq_pushpull,zmq_tcp,none,none,,1,28933,512,584,1785153465393618000,1785153465393618000,1785153465393618000,1785153465393619000,1785153465393757000,1785153465393760000,1785153465393760000,1785153465393760000,121932490,121652369,-142.121,0.000,0.000,1.000,3.000,0.000,0.000,9.000,0,0,0
B3_zmq_pushpull,zmq_tcp,none,none,,1,28934,512,584,1785153465394623000,1785153465394623000,1785153465394623000,1785153465394624000,1785153465394732000,1785153465394735000,1785153465394735000,1785153465394735000,121932490,121652369,-172.121,0.000,0.000,1.000,3.000,0.000,0.000,30.000,0,0,0
B3_zmq_pushpull,zmq_tcp,none,none,,1,28935,512,584,1785153465395627000,1785153465395627000,1785153465395627000,1785153465395628000,1785153465395683000,1785153465395685000,1785153465395685000,1785153465395685000,121932490,121652369,-225.121,0.000,0.000,1.000,2.000,0.000,0.000,53.000,0,0,0
B3_zmq_pushpull,zmq_tcp,none,none,,1,28936,512,584,1785153465396626000,1785153465396626000,1785153465396626000,1785153465396627000,1785153465396811000,1785153465396813000,1785153465396813000,1785153465396813000,121932490,121652369,-96.121,0.000,0.000,1.000,2.000,0.000,0.000,129.000,0,0,0
B3_zmq_pushpull,zmq_tcp,none,none,,1,28937,512,584,1785153465397624000,1785153465397624000,1785153465397624000,1785153465397625000,1785153465397805000,1785153465397809000,1785153465397809000,1785153465397809000,121932490,121652369,-100.121,0.000,0.000,1.000,4.000,0.000,0.000,4.000,0,0,0
B3_zmq_pushpull,zmq_tcp,none,none,,1,28938,512,584,1785153465398500000,1785153465398500000,1785153465398501000,1785153465398502000,1785153465398642000,1785153465398647000,1785153465398647000,1785153465398647000,121932490,121652369,-140.121,0.000,1.000,1.000,5.000,0.000,0.000,40.000,0,0,0
B3_zmq_pushpull,zmq_tcp,none,none,,1,28939,512,584,1785153465399657000,1785153465399658000,1785153465399658000,1785153465399658000,1785153465399765000,1785153465399768000,1785153465399768000,1785153465399768000,121932490,121652369,-173.121,1.000,0.000,0.000,3.000,0.000,0.000,33.000,0,0,0
B3_zmq_pushpull,zmq_tcp,none,none,,1,28940,512,584,1785153465400617000,1785153465400617000,1785153465400617000,1785153465400618000,1785153465400749000,1785153465400752000,1785153465400752000,1785153465400752000,121932490,121652369,-149.121,0.000,0.000,1.000,3.000,0.000,0.000,24.000,0,0,0
B3_zmq_pushpull,zmq_tcp,none,none,,1,28941,512,584,1785153465401627000,1785153465401627000,1785153465401627000,1785153465401628000,1785153465401720000,1785153465401723000,1785153465401723000,1785153465401723000,121932490,121652369,-188.121,0.000,0.000,1.000,3.000,0.000,0.000,39.000,0,0,0
B3_zmq_pushpull,zmq_tcp,none,none,,1,28942,512,584,1785153465402625000,1785153465402625000,1785153465402625000,1785153465402626000,1785153465402685000,1785153465402689000,1785153465402689000,1785153465402689000,121932490,121652369,-221.121,0.000,0.000,1.000,4.000,0.000,0.000,33.000,0,0,0
B3_zmq_pushpull,zmq_tcp,none,none,,1,28943,512,584,1785153465403626000,1785153465403626000,1785153465403626000,1785153465403627000,1785153465403803000,1785153465403811000,1785153465403811000,1785153465403811000,121932490,121652369,-104.121,0.000,0.000,1.000,8.000,0.000,0.000,117.000,0,0,0
B3_zmq_pushpull,zmq_tcp,none,none,,1,28944,512,584,1785153465404620000,1785153465404620000,1785153465404621000,1785153465404621000,1785153465404780000,1785153465404783000,1785153465404783000,1785153465404783000,121932490,121652369,-121.121,0.000,1.000,0.000,3.000,0.000,0.000,17.000,0,0,0
B3_zmq_pushpull,zmq_tcp,none,none,,1,28945,512,584,1785153465405629000,1785153465405630000,1785153465405630000,1785153465405631000,1785153465405768000,1785153465405771000,1785153465405771000,1785153465405771000,121932490,121652369,-143.121,1.000,0.000,1.000,3.000,0.000,0.000,22.000,0,0,0
B3_zmq_pushpull,zmq_tcp,none,none,,1,28946,512,584,1785153465406623000,1785153465406623000,1785153465406623000,1785153465406624000,1785153465406748000,1785153465406751000,1785153465406751000,1785153465406751000,121932490,121652369,-156.121,0.000,0.000,1.000,3.000,0.000,0.000,13.000,0,0,0
B3_zmq_pushpull,zmq_tcp,none,none,,1,28947,512,584,1785153465407626000,1785153465407626000,1785153465407626000,1785153465407627000,1785153465407724000,1785153465407727000,1785153465407727000,1785153465407727000,121932490,121652369,-183.121,0.000,0.000,1.000,3.000,0.000,0.000,27.000,0,0,0
B3_zmq_pushpull,zmq_tcp,none,none,,1,28948,512,584,1785153465408622000,1785153465408622000,1785153465408622000,1785153465408623000,1785153465408689000,1785153465408692000,1785153465408692000,1785153465408692000,121932490,121652369,-214.121,0.000,0.000,1.000,3.000,0.000,0.000,31.000,0,0,0
B3_zmq_pushpull,zmq_tcp,none,none,,1,28949,512,584,1785153465409626000,1785153465409627000,1785153465409627000,1785153465409628000,1785153465409662000,1785153465409665000,1785153465409665000,1785153465409665000,121932490,121652369,-246.121,1.000,0.000,1.000,3.000,0.000,0.000,32.000,0,0,0
B3_zmq_pushpull,zmq_tcp,none,none,,1,28950,512,584,1785153465410625000,1785153465410625000,1785153465410625000,1785153465410626000,1785153465410783000,1785153465410785000,1785153465410786000,1785153465410786000,121932490,121652369,-123.121,0.000,0.000,1.000,2.000,1.000,0.000,123.000,0,0,0
B3_zmq_pushpull,zmq_tcp,none,none,,1,28951,512,584,1785153465411625000,1785153465411625000,1785153465411625000,1785153465411626000,1785153465411768000,1785153465411771000,1785153465411771000,1785153465411771000,121932490,121652369,-138.121,0.000,0.000,1.000,3.000,0.000,0.000,15.000,0,0,0
B3_zmq_pushpull,zmq_tcp,none,none,,1,28952,512,584,1785153465412462000,1785153465412462000,1785153465412462000,1785153465412463000,1785153465412613000,1785153465412616000,1785153465412616000,1785153465412616000,121932490,121652369,-130.121,0.000,0.000,1.000,3.000,0.000,0.000,8.000,0,0,0
B3_zmq_pushpull,zmq_tcp,none,none,,1,28953,512,584,1785153465413665000,1785153465413665000,1785153465413665000,1785153465413666000,1785153465413731000,1785153465413734000,1785153465413734000,1785153465413734000,121932490,121652369,-215.121,0.000,0.000,1.000,3.000,0.000,0.000,85.000,0,0,0
B3_zmq_pushpull,zmq_tcp,none,none,,1,28954,512,584,1785153465414615000,1785153465414615000,1785153465414615000,1785153465414616000,1785153465414697000,1785153465414700000,1785153465414700000,1785153465414700000,121932490,121652369,-199.121,0.000,0.000,1.000,3.000,0.000,0.000,16.000,0,0,0
B3_zmq_pushpull,zmq_tcp,none,none,,1,28955,512,584,1785153465415627000,1785153465415627000,1785153465415627000,1785153465415628000,1785153465415799000,1785153465415802000,1785153465415802000,1785153465415802000,121932490,121652369,-109.121,0.000,0.000,1.000,3.000,0.000,0.000,90.000,0,0,0
B3_zmq_pushpull,zmq_tcp,none,none,,1,28956,512,584,1785153465416491000,1785153465416491000,1785153465416491000,1785153465416492000,1785153465416625000,1785153465416627000,1785153465416627000,1785153465416627000,121932490,121652369,-147.121,0.000,0.000,1.000,2.000,0.000,0.000,38.000,0,0,0
B3_zmq_pushpull,zmq_tcp,none,none,,1,28957,512,584,1785153465417661000,1785153465417661000,1785153465417661000,1785153465417662000,1785153465417752000,1785153465417755000,1785153465417755000,1785153465417755000,121932490,121652369,-190.121,0.000,0.000,1.000,3.000,0.000,0.000,43.000,0,0,0
B3_zmq_pushpull,zmq_tcp,none,none,,1,28958,512,584,1785153465418616000,1785153465418617000,1785153465418617000,1785153465418618000,1785153465418748000,1785153465418751000,1785153465418751000,1785153465418751000,121932490,121652369,-150.121,1.000,0.000,1.000,3.000,0.000,0.000,40.000,0,0,0
B3_zmq_pushpull,zmq_tcp,none,none,,1,28959,512,584,1785153465419630000,1785153465419630000,1785153465419630000,1785153465419631000,1785153465419722000,1785153465419724000,1785153465419724000,1785153465419724000,121932490,121652369,-189.121,0.000,0.000,1.000,2.000,0.000,0.000,39.000,0,0,0
B3_zmq_pushpull,zmq_tcp,none,none,,1,28960,512,584,1785153465420621000,1785153465420621000,1785153465420621000,1785153465420622000,1785153465420670000,1785153465420673000,1785153465420673000,1785153465420673000,121932490,121652369,-232.121,0.000,0.000,1.000,3.000,0.000,0.000,43.000,0,0,0
B3_zmq_pushpull,zmq_tcp,none,none,,1,28961,512,584,1785153465421626000,1785153465421626000,1785153465421626000,1785153465421627000,1785153465421799000,1785153465421801000,1785153465421801000,1785153465421802000,121932490,121652369,-108.121,0.000,0.000,1.000,2.000,0.000,1.000,124.000,0,0,0
B3_zmq_pushpull,zmq_tcp,none,none,,1,28962,512,584,1785153465422624000,1785153465422625000,1785153465422625000,1785153465422626000,1785153465422756000,1785153465422759000,1785153465422759000,1785153465422759000,121932490,121652369,-150.121,1.000,0.000,1.000,3.000,0.000,0.000,42.000,0,0,0
B3_zmq_pushpull,zmq_tcp,none,none,,1,28963,512,584,1785153465423624000,1785153465423625000,1785153465423625000,1785153465423626000,1785153465423730000,1785153465423732000,1785153465423732000,1785153465423732000,121932490,121652369,-176.121,1.000,0.000,1.000,2.000,0.000,0.000,26.000,0,0,0
B3_zmq_pushpull,zmq_tcp,none,none,,1,28964,512,584,1785153465424624000,1785153465424624000,1785153465424624000,1785153465424625000,1785153465424718000,1785153465424721000,1785153465424721000,1785153465424721000,121932490,121652369,-187.121,0.000,0.000,1.000,3.000,0.000,0.000,11.000,0,0,0
B3_zmq_pushpull,zmq_tcp,none,none,,1,28965,512,584,1785153465425624000,1785153465425625000,1785153465425625000,1785153465425626000,1785153465425712000,1785153465425715000,1785153465425715000,1785153465425715000,121932490,121652369,-194.121,1.000,0.000,1.000,3.000,0.000,0.000,7.000,0,0,0
B3_zmq_pushpull,zmq_tcp,none,none,,1,28966,512,584,1785153465426627000,1785153465426627000,1785153465426627000,1785153465426628000,1785153465426703000,1785153465426706000,1785153465426706000,1785153465426706000,121932490,121652369,-205.121,0.000,0.000,1.000,3.000,0.000,0.000,11.000,0,0,0
B3_zmq_pushpull,zmq_tcp,none,none,,1,28967,512,584,1785153465427625000,1785153465427625000,1785153465427625000,1785153465427626000,1785153465427671000,1785153465427674000,1785153465427674000,1785153465427675000,121932490,121652369,-235.121,0.000,0.000,1.000,3.000,0.000,1.000,30.000,0,0,0
B3_zmq_pushpull,zmq_tcp,none,none,,1,28968,512,584,1785153465428625000,1785153465428625000,1785153465428625000,1785153465428626000,1785153465428671000,1785153465428674000,1785153465428674000,1785153465428674000,121932490,121652369,-235.121,0.000,0.000,1.000,3.000,0.000,0.000,0.000,0,0,0
B3_zmq_pushpull,zmq_tcp,none,none,,1,28969,512,584,1785153465429507000,1785153465429507000,1785153465429507000,1785153465429508000,1785153465429650000,1785153465429652000,1785153465429652000,1785153465429652000,121932490,121652369,-138.121,0.000,0.000,1.000,2.000,0.000,0.000,97.000,0,0,0
B3_zmq_pushpull,zmq_tcp,none,none,,1,28970,512,584,1785153465430622000,1785153465430622000,1785153465430622000,1785153465430623000,1785153465430767000,1785153465430770000,1785153465430770000,1785153465430770000,121932490,121652369,-136.121,0.000,0.000,1.000,3.000,0.000,0.000,2.000,0,0,0
B3_zmq_pushpull,zmq_tcp,none,none,,1,28971,512,584,1785153465431459000,1785153465431459000,1785153465431459000,1785153465431460000,1785153465431607000,1785153465431610000,1785153465431610000,1785153465431610000,121932490,121652369,-133.121,0.000,0.000,1.000,3.000,0.000,0.000,3.000,0,0,0
B3_zmq_pushpull,zmq_tcp,none,none,,1,28972,512,584,1785153465432667000,1785153465432667000,1785153465432667000,1785153465432668000,1785153465432850000,1785153465432853000,1785153465432853000,1785153465432853000,121932490,121652369,-98.121,0.000,0.000,1.000,3.000,0.000,0.000,35.000,0,0,0
B3_zmq_pushpull,zmq_tcp,none,none,,1,28973,512,584,1785153465433532000,1785153465433532000,1785153465433532000,1785153465433533000,1785153465433690000,1785153465433692000,1785153465433692000,1785153465433692000,121932490,121652369,-123.121,0.000,0.000,1.000,2.000,0.000,0.000,25.000,0,0,0
B3_zmq_pushpull,zmq_tcp,none,none,,1,28974,512,584,1785153465434520000,1785153465434521000,1785153465434521000,1785153465434522000,1785153465434672000,1785153465434675000,1785153465434675000,1785153465434675000,121932490,121652369,-130.121,1.000,0.000,1.000,3.000,0.000,0.000,7.000,0,0,0
B3_zmq_pushpull,zmq_tcp,none,none,,1,28975,512,584,1785153465435497000,1785153465435497000,1785153465435497000,1785153465435498000,1785153465435650000,1785153465435652000,1785153465435652000,1785153465435652000,121932490,121652369,-128.121,0.000,0.000,1.000,2.000,0.000,0.000,2.000,0,0,0
B3_zmq_pushpull,zmq_tcp,none,none,,1,28976,512,584,1785153465436485000,1785153465436485000,1785153465436485000,1785153465436487000,1785153465436628000,1785153465436631000,1785153465436631000,1785153465436631000,121932490,121652369,-139.121,0.000,0.000,2.000,3.000,0.000,0.000,11.000,0,0,0
B3_zmq_pushpull,zmq_tcp,none,none,,1,28977,512,584,1785153465437660000,1785153465437660000,1785153465437660000,1785153465437661000,1785153465437722000,1785153465437725000,1785153465437725000,1785153465437725000,121932490,121652369,-219.121,0.000,0.000,1.000,3.000,0.000,0.000,80.000,0,0,0
B3_zmq_pushpull,zmq_tcp,none,none,,1,28978,512,584,1785153465438615000,1785153465438615000,1785153465438615000,1785153465438616000,1785153465438712000,1785153465438716000,1785153465438716000,1785153465438716000,121932490,121652369,-184.121,0.000,0.000,1.000,4.000,0.000,0.000,35.000,0,0,0
B3_zmq_pushpull,zmq_tcp,none,none,,1,28979,512,584,1785153465439627000,1785153465439627000,1785153465439627000,1785153465439628000,1785153465439691000,1785153465439694000,1785153465439694000,1785153465439694000,121932490,121652369,-217.121,0.000,0.000,1.000,3.000,0.000,0.000,33.000,0,0,0
B3_zmq_pushpull,zmq_tcp,none,none,,1,28980,512,584,1785153465440627000,1785153465440627000,1785153465440627000,1785153465440628000,1785153465440679000,1785153465440681000,1785153465440681000,1785153465440681000,121932490,121652369,-229.121,0.000,0.000,1.000,2.000,0.000,0.000,12.000,0,0,0
B3_zmq_pushpull,zmq_tcp,none,none,,1,28981,512,584,1785153465441625000,1785153465441625000,1785153465441625000,1785153465441626000,1785153465441796000,1785153465441799000,1785153465441799000,1785153465441799000,121932490,121652369,-110.121,0.000,0.000,1.000,3.000,0.000,0.000,119.000,0,0,0
B3_zmq_pushpull,zmq_tcp,none,none,,1,28982,512,584,1785153465442622000,1785153465442622000,1785153465442622000,1785153465442623000,1785153465442784000,1785153465442787000,1785153465442787000,1785153465442787000,121932490,121652369,-119.121,0.000,0.000,1.000,3.000,0.000,0.000,9.000,0,0,0
B3_zmq_pushpull,zmq_tcp,none,none,,1,28983,512,584,1785153465443626000,1785153465443626000,1785153465443626000,1785153465443627000,1785153465443741000,1785153465443743000,1785153465443743000,1785153465443743000,121932490,121652369,-166.121,0.000,0.000,1.000,2.000,0.000,0.000,47.000,0,0,0
B3_zmq_pushpull,zmq_tcp,none,none,,1,28984,512,584,1785153465444625000,1785153465444625000,1785153465444625000,1785153465444626000,1785153465444695000,1785153465444698000,1785153465444698000,1785153465444698000,121932490,121652369,-211.121,0.000,0.000,1.000,3.000,0.000,0.000,45.000,0,0,0
B3_zmq_pushpull,zmq_tcp,none,none,,1,28985,512,584,1785153465445528000,1785153465445529000,1785153465445529000,1785153465445530000,1785153465445686000,1785153465445688000,1785153465445688000,1785153465445688000,121932490,121652369,-124.121,1.000,0.000,1.000,2.000,0.000,0.000,87.000,0,0,0
B3_zmq_pushpull,zmq_tcp,none,none,,1,28986,512,584,1785153465446649000,1785153465446649000,1785153465446649000,1785153465446650000,1785153465446794000,1785153465446796000,1785153465446796000,1785153465446796000,121932490,121652369,-136.121,0.000,0.000,1.000,2.000,0.000,0.000,12.000,0,0,0
B3_zmq_pushpull,zmq_tcp,none,none,,1,28987,512,584,1785153465447620000,1785153465447620000,1785153465447620000,1785153465447621000,1785153465447779000,1785153465447782000,1785153465447782000,1785153465447782000,121932490,121652369,-122.121,0.000,0.000,1.000,3.000,0.000,0.000,14.000,0,0,0
B3_zmq_pushpull,zmq_tcp,none,none,,1,28988,512,584,1785153465448627000,1785153465448627000,1785153465448627000,1785153465448628000,1785153465448750000,1785153465448752000,1785153465448752000,1785153465448753000,121932490,121652369,-158.121,0.000,0.000,1.000,2.000,0.000,1.000,36.000,0,0,0
B3_zmq_pushpull,zmq_tcp,none,none,,1,28989,512,584,1785153465449622000,1785153465449622000,1785153465449622000,1785153465449623000,1785153465449706000,1785153465449708000,1785153465449708000,1785153465449708000,121932490,121652369,-197.121,0.000,0.000,1.000,2.000,0.000,0.000,39.000,0,0,0
B3_zmq_pushpull,zmq_tcp,none,none,,1,28990,512,584,1785153465450626000,1785153465450626000,1785153465450626000,1785153465450627000,1785153465450671000,1785153465450674000,1785153465450674000,1785153465450674000,121932490,121652369,-236.121,0.000,0.000,1.000,3.000,0.000,0.000,39.000,0,0,0
B3_zmq_pushpull,zmq_tcp,none,none,,1,28991,512,584,1785153465451627000,1785153465451627000,1785153465451627000,1785153465451628000,1785153465451800000,1785153465451804000,1785153465451804000,1785153465451804000,121932490,121652369,-108.121,0.000,0.000,1.000,4.000,0.000,0.000,128.000,0,0,0
B3_zmq_pushpull,zmq_tcp,none,none,,1,28992,512,584,1785153465452488000,1785153465452488000,1785153465452488000,1785153465452490000,1785153465452650000,1785153465452652000,1785153465452653000,1785153465452653000,121932490,121652369,-120.121,0.000,0.000,2.000,2.000,1.000,0.000,12.000,0,0,0
B3_zmq_pushpull,zmq_tcp,none,none,,1,28993,512,584,1785153465453656000,1785153465453656000,1785153465453657000,1785153465453658000,1785153465453787000,1785153465453790000,1785153465453790000,1785153465453790000,121932490,121652369,-151.121,0.000,1.000,1.000,3.000,0.000,0.000,31.000,0,0,0
B3_zmq_pushpull,zmq_tcp,none,none,,1,28994,512,584,1785153465454622000,1785153465454622000,1785153465454622000,1785153465454623000,1785153465454664000,1785153465454667000,1785153465454667000,1785153465454667000,121932490,121652369,-239.121,0.000,0.000,1.000,3.000,0.000,0.000,88.000,0,0,0
B3_zmq_pushpull,zmq_tcp,none,none,,1,28995,512,584,1785153465455627000,1785153465455627000,1785153465455627000,1785153465455628000,1785153465455807000,1785153465455810000,1785153465455810000,1785153465455810000,121932490,121652369,-101.121,0.000,0.000,1.000,3.000,0.000,0.000,138.000,0,0,0
B3_zmq_pushpull,zmq_tcp,none,none,,1,28996,512,584,1785153465456500000,1785153465456500000,1785153465456500000,1785153465456501000,1785153465456646000,1785153465456649000,1785153465456649000,1785153465456649000,121932490,121652369,-135.121,0.000,0.000,1.000,3.000,0.000,0.000,34.000,0,0,0
B3_zmq_pushpull,zmq_tcp,none,none,,1,28997,512,584,1785153465457658000,1785153465457658000,1785153465457658000,1785153465457659000,1785153465457784000,1785153465457787000,1785153465457787000,1785153465457787000,121932490,121652369,-155.121,0.000,0.000,1.000,3.000,0.000,0.000,20.000,0,0,0
B3_zmq_pushpull,zmq_tcp,none,none,,1,28998,512,584,1785153465458621000,1785153465458621000,1785153465458621000,1785153465458622000,1785153465458783000,1785153465458785000,1785153465458785000,1785153465458785000,121932490,121652369,-119.121,0.000,0.000,1.000,2.000,0.000,0.000,36.000,0,0,0
B3_zmq_pushpull,zmq_tcp,none,none,,1,28999,512,584,1785153465459627000,1785153465459627000,1785153465459627000,1785153465459628000,1785153465459785000,1785153465459791000,1785153465459792000,1785153465459792000,121932490,121652369,-123.121,0.000,0.000,1.000,6.000,1.000,0.000,4.000,0,0,0
B3_zmq_pushpull,zmq_tcp,none,none,,1,29000,512,584,1785153465460623000,1785153465460623000,1785153465460623000,1785153465460624000,1785153465460800000,1785153465460803000,1785153465460803000,1785153465460803000,121932490,121652369,-104.121,0.000,0.000,1.000,3.000,0.000,0.000,19.000,0,0,0
B3_zmq_pushpull,zmq_tcp,none,none,,1,29001,512,584,1785153465461501000,1785153465461501000,1785153465461501000,1785153465461502000,1785153465461645000,1785153465461648000,1785153465461648000,1785153465461648000,121932490,121652369,-137.121,0.000,0.000,1.000,3.000,0.000,0.000,33.000,0,0,0
B3_zmq_pushpull,zmq_tcp,none,none,,1,29002,512,584,1785153465462658000,1785153465462658000,1785153465462658000,1785153465462659000,1785153465462780000,1785153465462783000,1785153465462783000,1785153465462783000,121932490,121652369,-159.121,0.000,0.000,1.000,3.000,0.000,0.000,22.000,0,0,0
B3_zmq_pushpull,zmq_tcp,none,none,,1,29003,512,584,1785153465463617000,1785153465463617000,1785153465463617000,1785153465463618000,1785153465463765000,1785153465463768000,1785153465463768000,1785153465463768000,121932490,121652369,-133.121,0.000,0.000,1.000,3.000,0.000,0.000,26.000,0,0,0
B3_zmq_pushpull,zmq_tcp,none,none,,1,29004,512,584,1785153465464629000,1785153465464629000,1785153465464629000,1785153465464630000,1785153465464743000,1785153465464746000,1785153465464746000,1785153465464746000,121932490,121652369,-167.121,0.000,0.000,1.000,3.000,0.000,0.000,34.000,0,0,0
B3_zmq_pushpull,zmq_tcp,none,none,,1,29005,512,584,1785153465465626000,1785153465465626000,1785153465465626000,1785153465465627000,1785153465465732000,1785153465465735000,1785153465465735000,1785153465465735000,121932490,121652369,-175.121,0.000,0.000,1.000,3.000,0.000,0.000,8.000,0,0,0
B3_zmq_pushpull,zmq_tcp,none,none,,1,29006,512,584,1785153465466627000,1785153465466627000,1785153465466627000,1785153465466628000,1785153465466727000,1785153465466729000,1785153465466730000,1785153465466730000,121932490,121652369,-181.121,0.000,0.000,1.000,2.000,1.000,0.000,6.000,0,0,0
B3_zmq_pushpull,zmq_tcp,none,none,,1,29007,512,584,1785153465467622000,1785153465467622000,1785153465467622000,1785153465467623000,1785153465467716000,1785153465467719000,1785153465467719000,1785153465467719000,121932490,121652369,-187.121,0.000,0.000,1.000,3.000,0.000,0.000,6.000,0,0,0
B3_zmq_pushpull,zmq_tcp,none,none,,1,29008,512,584,1785153465468628000,1785153465468628000,1785153465468628000,1785153465468629000,1785153465468739000,1785153465468741000,1785153465468741000,1785153465468741000,121932490,121652369,-170.121,0.000,0.000,1.000,2.000,0.000,0.000,17.000,0,0,0
B3_zmq_pushpull,zmq_tcp,none,none,,1,29009,512,584,1785153465469626000,1785153465469626000,1785153465469626000,1785153465469627000,1785153465469748000,1785153465469751000,1785153465469751000,1785153465469751000,121932490,121652369,-159.121,0.000,0.000,1.000,3.000,0.000,0.000,11.000,0,0,0
B3_zmq_pushpull,zmq_tcp,none,none,,1,29010,512,584,1785153465470626000,1785153465470626000,1785153465470626000,1785153465470627000,1785153465470753000,1785153465470756000,1785153465470756000,1785153465470756000,121932490,121652369,-154.121,0.000,0.000,1.000,3.000,0.000,0.000,5.000,0,0,0
B3_zmq_pushpull,zmq_tcp,none,none,,1,29011,512,584,1785153465471623000,1785153465471623000,1785153465471623000,1785153465471624000,1785153465471748000,1785153465471751000,1785153465471751000,1785153465471751000,121932490,121652369,-156.121,0.000,0.000,1.000,3.000,0.000,0.000,2.000,0,0,0
B3_zmq_pushpull,zmq_tcp,none,none,,1,29012,512,584,1785153465472627000,1785153465472628000,1785153465472628000,1785153465472629000,1785153465472756000,1785153465472759000,1785153465472759000,1785153465472759000,121932490,121652369,-153.121,1.000,0.000,1.000,3.000,0.000,0.000,3.000,0,0,0
B3_zmq_pushpull,zmq_tcp,none,none,,1,29013,512,584,1785153465473628000,1785153465473629000,1785153465473629000,1785153465473630000,1785153465473755000,1785153465473758000,1785153465473758000,1785153465473758000,121932490,121652369,-155.121,1.000,0.000,1.000,3.000,0.000,0.000,2.000,0,0,0
B3_zmq_pushpull,zmq_tcp,none,none,,1,29014,512,584,1785153465474625000,1785153465474626000,1785153465474626000,1785153465474627000,1785153465474751000,1785153465474753000,1785153465474753000,1785153465474753000,121932490,121652369,-156.121,1.000,0.000,1.000,2.000,0.000,0.000,1.000,0,0,0
B3_zmq_pushpull,zmq_tcp,none,none,,1,29015,512,584,1785153465475626000,1785153465475626000,1785153465475626000,1785153465475627000,1785153465475744000,1785153465475747000,1785153465475748000,1785153465475748000,121932490,121652369,-163.121,0.000,0.000,1.000,3.000,1.000,0.000,7.000,0,0,0
B3_zmq_pushpull,zmq_tcp,none,none,,1,29016,512,584,1785153465476626000,1785153465476626000,1785153465476626000,1785153465476627000,1785153465476717000,1785153465476720000,1785153465476720000,1785153465476720000,121932490,121652369,-190.121,0.000,0.000,1.000,3.000,0.000,0.000,27.000,0,0,0
B3_zmq_pushpull,zmq_tcp,none,none,,1,29017,512,584,1785153465477626000,1785153465477626000,1785153465477626000,1785153465477627000,1785153465477712000,1785153465477715000,1785153465477715000,1785153465477715000,121932490,121652369,-195.121,0.000,0.000,1.000,3.000,0.000,0.000,5.000,0,0,0
B3_zmq_pushpull,zmq_tcp,none,none,,1,29018,512,584,1785153465478626000,1785153465478626000,1785153465478626000,1785153465478627000,1785153465478698000,1785153465478700000,1785153465478700000,1785153465478700000,121932490,121652369,-209.121,0.000,0.000,1.000,2.000,0.000,0.000,14.000,0,0,0
B3_zmq_pushpull,zmq_tcp,none,none,,1,29019,512,584,1785153465479626000,1785153465479626000,1785153465479626000,1785153465479627000,1785153465479699000,1785153465479702000,1785153465479702000,1785153465479702000,121932490,121652369,-208.121,0.000,0.000,1.000,3.000,0.000,0.000,1.000,0,0,0
B3_zmq_pushpull,zmq_tcp,none,none,,1,29020,512,584,1785153465480550000,1785153465480550000,1785153465480550000,1785153465480551000,1785153465480699000,1785153465480702000,1785153465480702000,1785153465480702000,121932490,121652369,-132.121,0.000,0.000,1.000,3.000,0.000,0.000,76.000,0,0,0
B3_zmq_pushpull,zmq_tcp,none,none,,1,29021,512,584,1785153465481645000,1785153465481645000,1785153465481645000,1785153465481646000,1785153465481819000,1785153465481821000,1785153465481821000,1785153465481821000,121932490,121652369,-107.121,0.000,0.000,1.000,2.000,0.000,0.000,25.000,0,0,0
B3_zmq_pushpull,zmq_tcp,none,none,,1,29022,512,584,1785153465482621000,1785153465482621000,1785153465482621000,1785153465482622000,1785153465482680000,1785153465482683000,1785153465482683000,1785153465482683000,121932490,121652369,-222.121,0.000,0.000,1.000,3.000,0.000,0.000,115.000,0,0,0
B3_zmq_pushpull,zmq_tcp,none,none,,1,29023,512,584,1785153465483628000,1785153465483628000,1785153465483628000,1785153465483629000,1785153465483673000,1785153465483677000,1785153465483677000,1785153465483677000,121932490,121652369,-236.121,0.000,0.000,1.000,4.000,0.000,0.000,14.000,0,0,0
B3_zmq_pushpull,zmq_tcp,none,none,,1,29024,512,584,1785153465484626000,1785153465484626000,1785153465484626000,1785153465484627000,1785153465484679000,1785153465484681000,1785153465484681000,1785153465484681000,121932490,121652369,-228.121,0.000,0.000,1.000,2.000,0.000,0.000,8.000,0,0,0
B3_zmq_pushpull,zmq_tcp,none,none,,1,29025,512,584,1785153465485626000,1785153465485626000,1785153465485626000,1785153465485627000,1785153465485683000,1785153465485686000,1785153465485686000,1785153465485686000,121932490,121652369,-224.121,0.000,0.000,1.000,3.000,0.000,0.000,4.000,0,0,0
B3_zmq_pushpull,zmq_tcp,none,none,,1,29026,512,584,1785153465486623000,1785153465486623000,1785153465486624000,1785153465486624000,1785153465486683000,1785153465486686000,1785153465486686000,1785153465486686000,121932490,121652369,-221.121,0.000,1.000,0.000,3.000,0.000,0.000,3.000,0,0,0
B3_zmq_pushpull,zmq_tcp,none,none,,1,29027,512,584,1785153465487629000,1785153465487629000,1785153465487629000,1785153465487630000,1785153465487707000,1785153465487709000,1785153465487710000,1785153465487710000,121932490,121652369,-203.121,0.000,0.000,1.000,2.000,1.000,0.000,18.000,0,0,0
B3_zmq_pushpull,zmq_tcp,none,none,,1,29028,512,584,1785153465488626000,1785153465488626000,1785153465488626000,1785153465488627000,1785153465488707000,1785153465488710000,1785153465488710000,1785153465488710000,121932490,121652369,-200.121,0.000,0.000,1.000,3.000,0.000,0.000,3.000,0,0,0
B3_zmq_pushpull,zmq_tcp,none,none,,1,29029,512,584,1785153465489627000,1785153465489627000,1785153465489627000,1785153465489628000,1785153465489704000,1785153465489707000,1785153465489707000,1785153465489707000,121932490,121652369,-204.121,0.000,0.000,1.000,3.000,0.000,0.000,4.000,0,0,0
B3_zmq_pushpull,zmq_tcp,none,none,,1,29030,512,584,1785153465490545000,1785153465490545000,1785153465490545000,1785153465490546000,1785153465490699000,1785153465490701000,1785153465490701000,1785153465490702000,121932490,121652369,-127.121,0.000,0.000,1.000,2.000,0.000,1.000,77.000,0,0,0
B3_zmq_pushpull,zmq_tcp,none,none,,1,29031,512,584,1785153465491511000,1785153465491511000,1785153465491511000,1785153465491512000,1785153465491667000,1785153465491669000,1785153465491669000,1785153465491669000,121932490,121652369,-125.121,0.000,0.000,1.000,2.000,0.000,0.000,2.000,0,0,0
B3_zmq_pushpull,zmq_tcp,none,none,,1,29032,512,584,1785153465492655000,1785153465492655000,1785153465492655000,1785153465492656000,1785153465492794000,1785153465492797000,1785153465492797000,1785153465492797000,121932490,121652369,-142.121,0.000,0.000,1.000,3.000,0.000,0.000,17.000,0,0,0
B3_zmq_pushpull,zmq_tcp,none,none,,1,29033,512,584,1785153465493488000,1785153465493488000,1785153465493488000,1785153465493489000,1785153465493647000,1785153465493650000,1785153465493650000,1785153465493650000,121932490,121652369,-122.121,0.000,0.000,1.000,3.000,0.000,0.000,20.000,0,0,0
B3_zmq_pushpull,zmq_tcp,none,none,,1,29034,512,584,1785153465494661000,1785153465494661000,1785153465494661000,1785153465494662000,1785153465494802000,1785153465494804000,1785153465494804000,1785153465494804000,121932490,121652369,-140.121,0.000,0.000,1.000,2.000,0.000,0.000,18.000,0,0,0
B3_zmq_pushpull,zmq_tcp,none,none,,1,29035,512,584,1785153465495619000,1785153465495619000,1785153465495619000,1785153465495620000,1785153465495676000,1785153465495680000,1785153465495680000,1785153465495680000,121932490,121652369,-224.121,0.000,0.000,1.000,4.000,0.000,0.000,84.000,0,0,0
B3_zmq_pushpull,zmq_tcp,none,none,,1,29036,512,584,1785153465496507000,1785153465496507000,1785153465496507000,1785153465496508000,1785153465496653000,1785153465496656000,1785153465496656000,1785153465496656000,121932490,121652369,-135.121,0.000,0.000,1.000,3.000,0.000,0.000,89.000,0,0,0
B3_zmq_pushpull,zmq_tcp,none,none,,1,29037,512,584,1785153465497503000,1785153465497503000,1785153465497503000,1785153465497504000,1785153465497649000,1785153465497651000,1785153465497651000,1785153465497651000,121932490,121652369,-135.121,0.000,0.000,1.000,2.000,0.000,0.000,0.000,0,0,0
B3_zmq_pushpull,zmq_tcp,none,none,,1,29038,512,584,1785153465498656000,1785153465498657000,1785153465498657000,1785153465498658000,1785153465498784000,1785153465498787000,1785153465498787000,1785153465498787000,121932490,121652369,-154.121,1.000,0.000,1.000,3.000,0.000,0.000,19.000,0,0,0
B3_zmq_pushpull,zmq_tcp,none,none,,1,29039,512,584,1785153465499619000,1785153465499620000,1785153465499620000,1785153465499621000,1785153465499780000,1785153465499783000,1785153465499783000,1785153465499783000,121932490,121652369,-121.121,1.000,0.000,1.000,3.000,0.000,0.000,33.000,0,0,0
B3_zmq_pushpull,zmq_tcp,none,none,,1,29040,512,584,1785153465500624000,1785153465500625000,1785153465500625000,1785153465500626000,1785153465500760000,1785153465500763000,1785153465500764000,1785153465500764000,121932490,121652369,-146.121,1.000,0.000,1.000,3.000,1.000,0.000,25.000,0,0,0
B3_zmq_pushpull,zmq_tcp,none,none,,1,29041,512,584,1785153465501630000,1785153465501630000,1785153465501630000,1785153465501631000,1785153465501759000,1785153465501762000,1785153465501762000,1785153465501762000,121932490,121652369,-152.121,0.000,0.000,1.000,3.000,0.000,0.000,6.000,0,0,0
B3_zmq_pushpull,zmq_tcp,none,none,,1,29042,512,584,1785153465502457000,1785153465502457000,1785153465502458000,1785153465502458000,1785153465502616000,1785153465502619000,1785153465502619000,1785153465502619000,121932490,121652369,-122.121,0.000,1.000,0.000,3.000,0.000,0.000,30.000,0,0,0
B3_zmq_pushpull,zmq_tcp,none,none,,1,29043,512,584,1785153465503671000,1785153465503672000,1785153465503672000,1785153465503673000,1785153465503748000,1785153465503751000,1785153465503751000,1785153465503751000,121932490,121652369,-205.121,1.000,0.000,1.000,3.000,0.000,0.000,83.000,0,0,0
B3_zmq_pushpull,zmq_tcp,none,none,,1,29044,512,584,1785153465504446000,1785153465504446000,1785153465504446000,1785153465504447000,1785153465504581000,1785153465504584000,1785153465504584000,1785153465504584000,121932490,121652369,-146.121,0.000,0.000,1.000,3.000,0.000,0.000,59.000,0,0,0
B3_zmq_pushpull,zmq_tcp,none,none,,1,29045,512,584,1785153465505672000,1785153465505672000,1785153465505672000,1785153465505673000,1785153465505718000,1785153465505721000,1785153465505721000,1785153465505721000,121932490,121652369,-235.121,0.000,0.000,1.000,3.000,0.000,0.000,89.000,0,0,0
B3_zmq_pushpull,zmq_tcp,none,none,,1,29046,512,584,1785153465506615000,1785153465506616000,1785153465506616000,1785153465506617000,1785153465506685000,1785153465506687000,1785153465506687000,1785153465506687000,121932490,121652369,-212.121,1.000,0.000,1.000,2.000,0.000,0.000,23.000,0,0,0
B3_zmq_pushpull,zmq_tcp,none,none,,1,29047,512,584,1785153465507629000,1785153465507629000,1785153465507629000,1785153465507630000,1785153465507687000,1785153465507690000,1785153465507690000,1785153465507690000,121932490,121652369,-223.121,0.000,0.000,1.000,3.000,0.000,0.000,11.000,0,0,0
B3_zmq_pushpull,zmq_tcp,none,none,,1,29048,512,584,1785153465508624000,1785153465508624000,1785153465508624000,1785153465508625000,1785153465508690000,1785153465508692000,1785153465508692000,1785153465508692000,121932490,121652369,-215.121,0.000,0.000,1.000,2.000,0.000,0.000,8.000,0,0,0
B3_zmq_pushpull,zmq_tcp,none,none,,1,29049,512,584,1785153465509630000,1785153465509630000,1785153465509631000,1785153465509632000,1785153465509816000,1785153465509819000,1785153465509819000,1785153465509819000,121932490,121652369,-96.121,0.000,1.000,1.000,3.000,0.000,0.000,119.000,0,0,0
B3_zmq_pushpull,zmq_tcp,none,none,,1,29050,512,584,1785153465510531000,1785153465510531000,1785153465510531000,1785153465510532000,1785153465510690000,1785153465510692000,1785153465510692000,1785153465510692000,121932490,121652369,-122.121,0.000,0.000,1.000,2.000,0.000,0.000,26.000,0,0,0
B3_zmq_pushpull,zmq_tcp,none,none,,1,29051,512,584,1785153465511650000,1785153465511650000,1785153465511650000,1785153465511651000,1785153465511834000,1785153465511836000,1785153465511836000,1785153465511836000,121932490,121652369,-97.121,0.000,0.000,1.000,2.000,0.000,0.000,25.000,0,0,0
B3_zmq_pushpull,zmq_tcp,none,none,,1,29052,512,584,1785153465512617000,1785153465512617000,1785153465512617000,1785153465512618000,1785153465512668000,1785153465512671000,1785153465512671000,1785153465512671000,121932490,121652369,-230.121,0.000,0.000,1.000,3.000,0.000,0.000,133.000,0,0,0
B3_zmq_pushpull,zmq_tcp,none,none,,1,29053,512,584,1785153465513628000,1785153465513628000,1785153465513628000,1785153465513629000,1785153465513768000,1785153465513771000,1785153465513771000,1785153465513771000,121932490,121652369,-141.121,0.000,0.000,1.000,3.000,0.000,0.000,89.000,0,0,0
B3_zmq_pushpull,zmq_tcp,none,none,,1,29054,512,584,1785153465514626000,1785153465514626000,1785153465514626000,1785153465514627000,1785153465514760000,1785153465514763000,1785153465514763000,1785153465514763000,121932490,121652369,-147.121,0.000,0.000,1.000,3.000,0.000,0.000,6.000,0,0,0
B3_zmq_pushpull,zmq_tcp,none,none,,1,29055,512,584,1785153465515627000,1785153465515627000,1785153465515628000,1785153465515628000,1785153465515754000,1785153465515757000,1785153465515757000,1785153465515757000,121932490,121652369,-154.121,0.000,1.000,0.000,3.000,0.000,0.000,7.000,0,0,0
B3_zmq_pushpull,zmq_tcp,none,none,,1,29056,512,584,1785153465516625000,1785153465516625000,1785153465516626000,1785153465516626000,1785153465516754000,1785153465516756000,1785153465516756000,1785153465516756000,121932490,121652369,-152.121,0.000,1.000,0.000,2.000,0.000,0.000,2.000,0,0,0
B3_zmq_pushpull,zmq_tcp,none,none,,1,29057,512,584,1785153465517629000,1785153465517629000,1785153465517629000,1785153465517630000,1785153465517764000,1785153465517767000,1785153465517767000,1785153465517767000,121932490,121652369,-146.121,0.000,0.000,1.000,3.000,0.000,0.000,6.000,0,0,0
B3_zmq_pushpull,zmq_tcp,none,none,,1,29058,512,584,1785153465518626000,1785153465518626000,1785153465518626000,1785153465518627000,1785153465518771000,1785153465518774000,1785153465518774000,1785153465518774000,121932490,121652369,-136.121,0.000,0.000,1.000,3.000,0.000,0.000,10.000,0,0,0
B3_zmq_pushpull,zmq_tcp,none,none,,1,29059,512,584,1785153465519625000,1785153465519625000,1785153465519625000,1785153465519626000,1785153465519767000,1785153465519770000,1785153465519770000,1785153465519770000,121932490,121652369,-139.121,0.000,0.000,1.000,3.000,0.000,0.000,3.000,0,0,0
B3_zmq_pushpull,zmq_tcp,none,none,,1,29060,512,584,1785153465520624000,1785153465520624000,1785153465520624000,1785153465520625000,1785153465520771000,1785153465520774000,1785153465520774000,1785153465520774000,121932490,121652369,-134.121,0.000,0.000,1.000,3.000,0.000,0.000,5.000,0,0,0
B3_zmq_pushpull,zmq_tcp,none,none,,1,29061,512,584,1785153465521461000,1785153465521461000,1785153465521461000,1785153465521462000,1785153465521615000,1785153465521618000,1785153465521618000,1785153465521618000,121932490,121652369,-127.121,0.000,0.000,1.000,3.000,0.000,0.000,7.000,0,0,0
B3_zmq_pushpull,zmq_tcp,none,none,,1,29062,512,584,1785153465522668000,1785153465522668000,1785153465522668000,1785153465522669000,1785153465522743000,1785153465522746000,1785153465522746000,1785153465522746000,121932490,121652369,-206.121,0.000,0.000,1.000,3.000,0.000,0.000,79.000,0,0,0
B3_zmq_pushpull,zmq_tcp,none,none,,1,29063,512,584,1785153465523617000,1785153465523617000,1785153465523617000,1785153465523618000,1785153465523747000,1785153465523750000,1785153465523750000,1785153465523750000,121932490,121652369,-151.121,0.000,0.000,1.000,3.000,0.000,0.000,55.000,0,0,0
B3_zmq_pushpull,zmq_tcp,none,none,,1,29064,512,584,1785153465524445000,1785153465524445000,1785153465524446000,1785153465524446000,1785153465524603000,1785153465524606000,1785153465524606000,1785153465524606000,121932490,121652369,-123.121,0.000,1.000,0.000,3.000,0.000,0.000,28.000,0,0,0
B3_zmq_pushpull,zmq_tcp,none,none,,1,29065,512,584,1785153465525672000,1785153465525672000,1785153465525672000,1785153465525673000,1785153465525750000,1785153465525752000,1785153465525752000,1785153465525752000,121932490,121652369,-203.121,0.000,0.000,1.000,2.000,0.000,0.000,80.000,0,0,0
B3_zmq_pushpull,zmq_tcp,none,none,,1,29066,512,584,1785153465526614000,1785153465526614000,1785153465526614000,1785153465526615000,1785153465526716000,1785153465526719000,1785153465526719000,1785153465526719000,121932490,121652369,-179.121,0.000,0.000,1.000,3.000,0.000,0.000,24.000,0,0,0
B3_zmq_pushpull,zmq_tcp,none,none,,1,29067,512,584,1785153465527629000,1785153465527629000,1785153465527629000,1785153465527630000,1785153465527712000,1785153465527715000,1785153465527715000,1785153465527715000,121932490,121652369,-198.121,0.000,0.000,1.000,3.000,0.000,0.000,19.000,0,0,0
B3_zmq_pushpull,zmq_tcp,none,none,,1,29068,512,584,1785153465528630000,1785153465528630000,1785153465528630000,1785153465528631000,1785153465528708000,1785153465528712000,1785153465528712000,1785153465528712000,121932490,121652369,-203.121,0.000,0.000,1.000,4.000,0.000,0.000,5.000,0,0,0
B3_zmq_pushpull,zmq_tcp,none,none,,1,29069,512,584,1785153465529550000,1785153465529550000,1785153465529550000,1785153465529551000,1785153465529708000,1785153465529711000,1785153465529711000,1785153465529711000,121932490,121652369,-123.121,0.000,0.000,1.000,3.000,0.000,0.000,80.000,0,0,0
B3_zmq_pushpull,zmq_tcp,none,none,,1,29070,512,584,1785153465530645000,1785153465530645000,1785153465530645000,1785153465530646000,1785153465530704000,1785153465530706000,1785153465530706000,1785153465530706000,121932490,121652369,-222.121,0.000,0.000,1.000,2.000,0.000,0.000,99.000,0,0,0
B3_zmq_pushpull,zmq_tcp,none,none,,1,29071,512,584,1785153465531625000,1785153465531625000,1785153465531625000,1785153465531626000,1785153465531720000,1785153465531723000,1785153465531724000,1785153465531724000,121932490,121652369,-186.121,0.000,0.000,1.000,3.000,1.000,0.000,36.000,0,0,0
B3_zmq_pushpull,zmq_tcp,none,none,,1,29072,512,584,1785153465532431000,1785153465532432000,1785153465532432000,1785153465532433000,1785153465532572000,1785153465532575000,1785153465532575000,1785153465532575000,121932490,121652369,-141.121,1.000,0.000,1.000,3.000,0.000,0.000,45.000,0,0,0
B3_zmq_pushpull,zmq_tcp,none,none,,1,29073,512,584,1785153465533547000,1785153465533547000,1785153465533547000,1785153465533548000,1785153465533691000,1785153465533694000,1785153465533694000,1785153465533694000,121932490,121652369,-137.121,0.000,0.000,1.000,3.000,0.000,0.000,4.000,0,0,0
B3_zmq_pushpull,zmq_tcp,none,none,,1,29074,512,584,1785153465534535000,1785153465534535000,1785153465534535000,1785153465534536000,1785153465534680000,1785153465534683000,1785153465534683000,1785153465534683000,121932490,121652369,-136.121,0.000,0.000,1.000,3.000,0.000,0.000,1.000,0,0,0
B3_zmq_pushpull,zmq_tcp,none,none,,1,29075,512,584,1785153465535652000,1785153465535652000,1785153465535652000,1785153465535653000,1785153465535811000,1785153465535814000,1785153465535814000,1785153465535814000,121932490,121652369,-122.121,0.000,0.000,1.000,3.000,0.000,0.000,14.000,0,0,0
B3_zmq_pushpull,zmq_tcp,none,none,,1,29076,512,584,1785153465536620000,1785153465536620000,1785153465536620000,1785153465536621000,1785153465536664000,1785153465536667000,1785153465536667000,1785153465536667000,121932490,121652369,-237.121,0.000,0.000,1.000,3.000,0.000,0.000,115.000,0,0,0
B3_zmq_pushpull,zmq_tcp,none,none,,1,29077,512,584,1785153465537629000,1785153465537629000,1785153465537629000,1785153465537630000,1785153465537798000,1785153465537800000,1785153465537800000,1785153465537800000,121932490,121652369,-112.121,0.000,0.000,1.000,2.000,0.000,0.000,125.000,0,0,0
B3_zmq_pushpull,zmq_tcp,none,none,,1,29078,512,584,1785153465538626000,1785153465538626000,1785153465538626000,1785153465538627000,1785153465538795000,1785153465538798000,1785153465538798000,1785153465538798000,121932490,121652369,-112.121,0.000,0.000,1.000,3.000,0.000,0.000,0.000,0,0,0
B3_zmq_pushpull,zmq_tcp,none,none,,1,29079,512,584,1785153465539626000,1785153465539626000,1785153465539626000,1785153465539627000,1785153465539779000,1785153465539782000,1785153465539782000,1785153465539782000,121932490,121652369,-128.121,0.000,0.000,1.000,3.000,0.000,0.000,16.000,0,0,0
B3_zmq_pushpull,zmq_tcp,none,none,,1,29080,512,584,1785153465540624000,1785153465540624000,1785153465540624000,1785153465540625000,1785153465540774000,1785153465540776000,1785153465540776000,1785153465540776000,121932490,121652369,-131.121,0.000,0.000,1.000,2.000,0.000,0.000,3.000,0,0,0
B3_zmq_pushpull,zmq_tcp,none,none,,1,29081,512,584,1785153465541627000,1785153465541627000,1785153465541627000,1785153465541628000,1785153465541751000,1785153465541754000,1785153465541754000,1785153465541754000,121932490,121652369,-157.121,0.000,0.000,1.000,3.000,0.000,0.000,26.000,0,0,0
B3_zmq_pushpull,zmq_tcp,none,none,,1,29082,512,584,1785153465542626000,1785153465542626000,1785153465542626000,1785153465542627000,1785153465542743000,1785153465542746000,1785153465542746000,1785153465542746000,121932490,121652369,-164.121,0.000,0.000,1.000,3.000,0.000,0.000,7.000,0,0,0
B3_zmq_pushpull,zmq_tcp,none,none,,1,29083,512,584,1785153465543627000,1785153465543628000,1785153465543628000,1785153465543628000,1785153465543736000,1785153465543739000,1785153465543739000,1785153465543739000,121932490,121652369,-172.121,1.000,0.000,0.000,3.000,0.000,0.000,8.000,0,0,0
B3_zmq_pushpull,zmq_tcp,none,none,,1,29084,512,584,1785153465544625000,1785153465544625000,1785153465544625000,1785153465544626000,1785153465544720000,1785153465544723000,1785153465544723000,1785153465544723000,121932490,121652369,-186.121,0.000,0.000,1.000,3.000,0.000,0.000,14.000,0,0,0
B3_zmq_pushpull,zmq_tcp,none,none,,1,29085,512,584,1785153465545434000,1785153465545434000,1785153465545434000,1785153465545435000,1785153465545579000,1785153465545582000,1785153465545582000,1785153465545582000,121932490,121652369,-136.121,0.000,0.000,1.000,3.000,0.000,0.000,50.000,0,0,0
B3_zmq_pushpull,zmq_tcp,none,none,,1,29086,512,584,1785153465546540000,1785153465546540000,1785153465546541000,1785153465546541000,1785153465546684000,1785153465546687000,1785153465546687000,1785153465546687000,121932490,121652369,-137.121,0.000,1.000,0.000,3.000,0.000,0.000,1.000,0,0,0
B3_zmq_pushpull,zmq_tcp,none,none,,1,29087,512,584,1785153465547648000,1785153465547648000,1785153465547648000,1785153465547649000,1785153465547794000,1785153465547796000,1785153465547796000,1785153465547796000,121932490,121652369,-135.121,0.000,0.000,1.000,2.000,0.000,0.000,2.000,0,0,0
B3_zmq_pushpull,zmq_tcp,none,none,,1,29088,512,584,1785153465548484000,1785153465548484000,1785153465548484000,1785153465548485000,1785153465548638000,1785153465548640000,1785153465548640000,1785153465548640000,121932490,121652369,-127.121,0.000,0.000,1.000,2.000,0.000,0.000,8.000,0,0,0
B3_zmq_pushpull,zmq_tcp,none,none,,1,29089,512,584,1785153465549485000,1785153465549485000,1785153465549485000,1785153465549486000,1785153465549634000,1785153465549636000,1785153465549636000,1785153465549636000,121932490,121652369,-132.121,0.000,0.000,1.000,2.000,0.000,0.000,5.000,0,0,0
B3_zmq_pushpull,zmq_tcp,none,none,,1,29090,512,584,1785153465550663000,1785153465550663000,1785153465550663000,1785153465550664000,1785153465550751000,1785153465550754000,1785153465550754000,1785153465550754000,121932490,121652369,-193.121,0.000,0.000,1.000,3.000,0.000,0.000,61.000,0,0,0
B3_zmq_pushpull,zmq_tcp,none,none,,1,29091,512,584,1785153465551614000,1785153465551614000,1785153465551614000,1785153465551615000,1785153465551754000,1785153465551756000,1785153465551757000,1785153465551757000,121932490,121652369,-141.121,0.000,0.000,1.000,2.000,1.000,0.000,52.000,0,0,0
B3_zmq_pushpull,zmq_tcp,none,none,,1,29092,512,584,1785153465552630000,1785153465552630000,1785153465552630000,1785153465552631000,1785153465552758000,1785153465552761000,1785153465552761000,1785153465552761000,121932490,121652369,-153.121,0.000,0.000,1.000,3.000,0.000,0.000,12.000,0,0,0
B3_zmq_pushpull,zmq_tcp,none,none,,1,29093,512,584,1785153465553626000,1785153465553626000,1785153465553626000,1785153465553627000,1785153465553748000,1785153465553751000,1785153465553751000,1785153465553751000,121932490,121652369,-159.121,0.000,0.000,1.000,3.000,0.000,0.000,6.000,0,0,0
B3_zmq_pushpull,zmq_tcp,none,none,,1,29094,512,584,1785153465554440000,1785153465554440000,1785153465554440000,1785153465554441000,1785153465554595000,1785153465554598000,1785153465554598000,1785153465554598000,121932490,121652369,-126.121,0.000,0.000,1.000,3.000,0.000,0.000,33.000,0,0,0
B3_zmq_pushpull,zmq_tcp,none,none,,1,29095,512,584,1785153465555447000,1785153465555447000,1785153465555447000,1785153465555448000,1785153465555600000,1785153465555603000,1785153465555603000,1785153465555603000,121932490,121652369,-128.121,0.000,0.000,1.000,3.000,0.000,0.000,2.000,0,0,0
B3_zmq_pushpull,zmq_tcp,none,none,,1,29096,512,584,1785153465556446000,1785153465556446000,1785153465556446000,1785153465556447000,1785153465556594000,1785153465556597000,1785153465556597000,1785153465556597000,121932490,121652369,-133.121,0.000,0.000,1.000,3.000,0.000,0.000,5.000,0,0,0
B3_zmq_pushpull,zmq_tcp,none,none,,1,29097,512,584,1785153465557674000,1785153465557674000,1785153465557675000,1785153465557675000,1785153465557869000,1785153465557871000,1785153465557871000,1785153465557871000,121932490,121652369,-86.121,0.000,1.000,0.000,2.000,0.000,0.000,47.000,0,0,0
B3_zmq_pushpull,zmq_tcp,none,none,,1,29098,512,584,1785153465558440000,1785153465558440000,1785153465558440000,1785153465558441000,1785153465558581000,1785153465558583000,1785153465558583000,1785153465558583000,121932490,121652369,-140.121,0.000,0.000,1.000,2.000,0.000,0.000,54.000,0,0,0
B3_zmq_pushpull,zmq_tcp,none,none,,1,29099,512,584,1785153465559434000,1785153465559434000,1785153465559434000,1785153465559435000,1785153465559579000,1785153465559582000,1785153465559582000,1785153465559582000,121932490,121652369,-136.121,0.000,0.000,1.000,3.000,0.000,0.000,4.000,0,0,0
B3_zmq_pushpull,zmq_tcp,none,none,,1,29100,512,584,1785153465560553000,1785153465560554000,1785153465560554000,1785153465560555000,1785153465560709000,1785153465560711000,1785153465560711000,1785153465560711000,121932490,121652369,-126.121,1.000,0.000,1.000,2.000,0.000,0.000,10.000,0,0,0
B3_zmq_pushpull,zmq_tcp,none,none,,1,29101,512,584,1785153465561549000,1785153465561550000,1785153465561550000,1785153465561551000,1785153465561703000,1785153465561706000,1785153465561706000,1785153465561706000,121932490,121652369,-128.121,1.000,0.000,1.000,3.000,0.000,0.000,2.000,0,0,0
B3_zmq_pushpull,zmq_tcp,none,none,,1,29102,512,584,1785153465562535000,1785153465562535000,1785153465562535000,1785153465562536000,1785153465562693000,1785153465562695000,1785153465562695000,1785153465562695000,121932490,121652369,-123.121,0.000,0.000,1.000,2.000,0.000,0.000,5.000,0,0,0
B3_zmq_pushpull,zmq_tcp,none,none,,1,29103,512,584,1785153465563649000,1785153465563649000,1785153465563649000,1785153465563650000,1785153465563696000,1785153465563699000,1785153465563699000,1785153465563699000,121932490,121652369,-234.121,0.000,0.000,1.000,3.000,0.000,0.000,111.000,0,0,0
B3_zmq_pushpull,zmq_tcp,none,none,,1,29104,512,584,1785153465564624000,1785153465564624000,1785153465564624000,1785153465564625000,1785153465564692000,1785153465564695000,1785153465564696000,1785153465564696000,121932490,121652369,-213.121,0.000,0.000,1.000,3.000,1.000,0.000,21.000,0,0,0
B3_zmq_pushpull,zmq_tcp,none,none,,1,29105,512,584,1785153465565626000,1785153465565627000,1785153465565627000,1785153465565628000,1785153465565684000,1785153465565687000,1785153465565687000,1785153465565687000,121932490,121652369,-224.121,1.000,0.000,1.000,3.000,0.000,0.000,11.000,0,0,0
B3_zmq_pushpull,zmq_tcp,none,none,,1,29106,512,584,1785153465566536000,1785153465566536000,1785153465566536000,1785153465566537000,1785153465566694000,1785153465566696000,1785153465566696000,1785153465566696000,121932490,121652369,-123.121,0.000,0.000,1.000,2.000,0.000,0.000,101.000,0,0,0
B3_zmq_pushpull,zmq_tcp,none,none,,1,29107,512,584,1785153465567545000,1785153465567546000,1785153465567546000,1785153465567547000,1785153465567690000,1785153465567693000,1785153465567693000,1785153465567693000,121932490,121652369,-137.121,1.000,0.000,1.000,3.000,0.000,0.000,14.000,0,0,0
B3_zmq_pushpull,zmq_tcp,none,none,,1,29108,512,584,1785153465568532000,1785153465568533000,1785153465568533000,1785153465568534000,1785153465568677000,1785153465568680000,1785153465568680000,1785153465568680000,121932490,121652369,-137.121,1.000,0.000,1.000,3.000,0.000,0.000,0.000,0,0,0
B3_zmq_pushpull,zmq_tcp,none,none,,1,29109,512,584,1785153465569528000,1785153465569529000,1785153465569529000,1785153465569530000,1785153465569682000,1785153465569684000,1785153465569684000,1785153465569685000,121932490,121652369,-128.121,1.000,0.000,1.000,2.000,0.000,1.000,9.000,0,0,0
B3_zmq_pushpull,zmq_tcp,none,none,,1,29110,512,584,1785153465570651000,1785153465570651000,1785153465570651000,1785153465570652000,1785153465570698000,1785153465570702000,1785153465570702000,1785153465570702000,121932490,121652369,-234.121,0.000,0.000,1.000,4.000,0.000,0.000,106.000,0,0,0
B3_zmq_pushpull,zmq_tcp,none,none,,1,29111,512,584,1785153465571560000,1785153465571560000,1785153465571560000,1785153465571561000,1785153465571719000,1785153465571722000,1785153465571722000,1785153465571722000,121932490,121652369,-122.121,0.000,0.000,1.000,3.000,0.000,0.000,112.000,0,0,0
B3_zmq_pushpull,zmq_tcp,none,none,,1,29112,512,584,1785153465572641000,1785153465572641000,1785153465572641000,1785153465572642000,1785153465572711000,1785153465572714000,1785153465572714000,1785153465572714000,121932490,121652369,-211.121,0.000,0.000,1.000,3.000,0.000,0.000,89.000,0,0,0
B3_zmq_pushpull,zmq_tcp,none,none,,1,29113,512,584,1785153465573624000,1785153465573624000,1785153465573624000,1785153465573625000,1785153465573717000,1785153465573719000,1785153465573719000,1785153465573719000,121932490,121652369,-188.121,0.000,0.000,1.000,2.000,0.000,0.000,23.000,0,0,0
B3_zmq_pushpull,zmq_tcp,none,none,,1,29114,512,584,1785153465574628000,1785153465574628000,1785153465574628000,1785153465574629000,1785153465574686000,1785153465574689000,1785153465574689000,1785153465574689000,121932490,121652369,-223.121,0.000,0.000,1.000,3.000,0.000,0.000,35.000,0,0,0
B3_zmq_pushpull,zmq_tcp,none,none,,1,29115,512,584,1785153465575528000,1785153465575528000,1785153465575528000,1785153465575529000,1785153465575682000,1785153465575685000,1785153465575685000,1785153465575685000,121932490,121652369,-127.121,0.000,0.000,1.000,3.000,0.000,0.000,96.000,0,0,0
B3_zmq_pushpull,zmq_tcp,none,none,,1,29116,512,584,1785153465576652000,1785153465576652000,1785153465576652000,1785153465576653000,1785153465576806000,1785153465576808000,1785153465576808000,1785153465576808000,121932490,121652369,-127.121,0.000,0.000,1.000,2.000,0.000,0.000,0.000,0,0,0
B3_zmq_pushpull,zmq_tcp,none,none,,1,29117,512,584,1785153465577624000,1785153465577624000,1785153465577624000,1785153465577625000,1785153465577797000,1785153465577799000,1785153465577799000,1785153465577799000,121932490,121652369,-108.121,0.000,0.000,1.000,2.000,0.000,0.000,19.000,0,0,0
B3_zmq_pushpull,zmq_tcp,none,none,,1,29118,512,584,1785153465578629000,1785153465578629000,1785153465578629000,1785153465578630000,1785153465578794000,1785153465578797000,1785153465578797000,1785153465578797000,121932490,121652369,-116.121,0.000,0.000,1.000,3.000,0.000,0.000,8.000,0,0,0
B3_zmq_pushpull,zmq_tcp,none,none,,1,29119,512,584,1785153465579623000,1785153465579623000,1785153465579623000,1785153465579624000,1785153465579799000,1785153465579802000,1785153465579802000,1785153465579802000,121932490,121652369,-105.121,0.000,0.000,1.000,3.000,0.000,0.000,11.000,0,0,0
B3_zmq_pushpull,zmq_tcp,none,none,,1,29120,512,584,1785153465580486000,1785153465580486000,1785153465580486000,1785153465580487000,1785153465580641000,1785153465580643000,1785153465580643000,1785153465580643000,121932490,121652369,-126.121,0.000,0.000,1.000,2.000,0.000,0.000,21.000,0,0,0
B3_zmq_pushpull,zmq_tcp,none,none,,1,29121,512,584,1785153465581661000,1785153465581661000,1785153465581661000,1785153465581662000,1785153465581786000,1785153465581789000,1785153465581789000,1785153465581789000,121932490,121652369,-156.121,0.000,0.000,1.000,3.000,0.000,0.000,30.000,0,0,0
B3_zmq_pushpull,zmq_tcp,none,none,,1,29122,512,584,1785153465582615000,1785153465582615000,1785153465582615000,1785153465582616000,1785153465582782000,1785153465582785000,1785153465582785000,1785153465582785000,121932490,121652369,-114.121,0.000,0.000,1.000,3.000,0.000,0.000,42.000,0,0,0
B3_zmq_pushpull,zmq_tcp,none,none,,1,29123,512,584,1785153465583458000,1785153465583458000,1785153465583458000,1785153465583459000,1785153465583617000,1785153465583619000,1785153465583619000,1785153465583619000,121932490,121652369,-122.121,0.000,0.000,1.000,2.000,0.000,0.000,8.000,0,0,0
B3_zmq_pushpull,zmq_tcp,none,none,,1,29124,512,584,1785153465584675000,1785153465584675000,1785153465584676000,1785153465584676000,1785153465584777000,1785153465584779000,1785153465584779000,1785153465584779000,121932490,121652369,-179.121,0.000,1.000,0.000,2.000,0.000,0.000,57.000,0,0,0
B3_zmq_pushpull,zmq_tcp,none,none,,1,29125,512,584,1785153465585616000,1785153465585616000,1785153465585616000,1785153465585617000,1785153465585782000,1785153465585785000,1785153465585785000,1785153465585785000,121932490,121652369,-115.121,0.000,0.000,1.000,3.000,0.000,0.000,64.000,0,0,0
B3_zmq_pushpull,zmq_tcp,none,none,,1,29126,512,584,1785153465586484000,1785153465586484000,1785153465586484000,1785153465586485000,1785153465586643000,1785153465586646000,1785153465586646000,1785153465586646000,121932490,121652369,-122.121,0.000,0.000,1.000,3.000,0.000,0.000,7.000,0,0,0
B3_zmq_pushpull,zmq_tcp,none,none,,1,29127,512,584,1785153465587490000,1785153465587490000,1785153465587490000,1785153465587491000,1785153465587639000,1785153465587642000,1785153465587642000,1785153465587642000,121932490,121652369,-132.121,0.000,0.000,1.000,3.000,0.000,0.000,10.000,0,0,0
B3_zmq_pushpull,zmq_tcp,none,none,,1,29128,512,584,1785153465588661000,1785153465588661000,1785153465588661000,1785153465588662000,1785153465588770000,1785153465588773000,1785153465588773000,1785153465588773000,121932490,121652369,-172.121,0.000,0.000,1.000,3.000,0.000,0.000,40.000,0,0,0
B3_zmq_pushpull,zmq_tcp,none,none,,1,29129,512,584,1785153465589615000,1785153465589615000,1785153465589615000,1785153465589616000,1785153465589765000,1785153465589767000,1785153465589767000,1785153465589767000,121932490,121652369,-131.121,0.000,0.000,1.000,2.000,0.000,0.000,41.000,0,0,0
B3_zmq_pushpull,zmq_tcp,none,none,,1,29130,512,584,1785153465590629000,1785153465590629000,1785153465590629000,1785153465590630000,1785153465590752000,1785153465590755000,1785153465590755000,1785153465590755000,121932490,121652369,-158.121,0.000,0.000,1.000,3.000,0.000,0.000,27.000,0,0,0
B3_zmq_pushpull,zmq_tcp,none,none,,1,29131,512,584,1785153465591626000,1785153465591626000,1785153465591627000,1785153465591627000,1785153465591751000,1785153465591755000,1785153465591755000,1785153465591755000,121932490,121652369,-156.121,0.000,1.000,0.000,4.000,0.000,0.000,2.000,0,0,0
B3_zmq_pushpull,zmq_tcp,none,none,,1,29132,512,584,1785153465592460000,1785153465592460000,1785153465592460000,1785153465592461000,1785153465592615000,1785153465592618000,1785153465592619000,1785153465592619000,121932490,121652369,-126.121,0.000,0.000,1.000,3.000,1.000,0.000,30.000,0,0,0
B3_zmq_pushpull,zmq_tcp,none,none,,1,29133,512,584,1785153465593668000,1785153465593668000,1785153465593668000,1785153465593669000,1785153465593757000,1785153465593759000,1785153465593759000,1785153465593759000,121932490,121652369,-192.121,0.000,0.000,1.000,2.000,0.000,0.000,66.000,0,0,0
B3_zmq_pushpull,zmq_tcp,none,none,,1,29134,512,584,1785153465594616000,1785153465594616000,1785153465594617000,1785153465594617000,1785153465594766000,1785153465594769000,1785153465594769000,1785153465594769000,121932490,121652369,-131.121,0.000,1.000,0.000,3.000,0.000,0.000,61.000,0,0,0
B3_zmq_pushpull,zmq_tcp,none,none,,1,29135,512,584,1785153465595629000,1785153465595629000,1785153465595629000,1785153465595630000,1785153465595746000,1785153465595749000,1785153465595749000,1785153465595749000,121932490,121652369,-164.121,0.000,0.000,1.000,3.000,0.000,0.000,33.000,0,0,0
B3_zmq_pushpull,zmq_tcp,none,none,,1,29136,512,584,1785153465596625000,1785153465596625000,1785153465596625000,1785153465596626000,1785153465596742000,1785153465596746000,1785153465596746000,1785153465596746000,121932490,121652369,-164.121,0.000,0.000,1.000,4.000,0.000,0.000,0.000,0,0,0
B3_zmq_pushpull,zmq_tcp,none,none,,1,29137,512,584,1785153465597435000,1785153465597435000,1785153465597435000,1785153465597436000,1785153465597581000,1785153465597583000,1785153465597583000,1785153465597583000,121932490,121652369,-135.121,0.000,0.000,1.000,2.000,0.000,0.000,29.000,0,0,0
B3_zmq_pushpull,zmq_tcp,none,none,,1,29138,512,584,1785153465598677000,1785153465598678000,1785153465598678000,1785153465598679000,1785153465598873000,1785153465598876000,1785153465598876000,1785153465598876000,121932490,121652369,-86.121,1.000,0.000,1.000,3.000,0.000,0.000,49.000,0,0,0
B3_zmq_pushpull,zmq_tcp,none,none,,1,29139,512,584,1785153465599439000,1785153465599439000,1785153465599439000,1785153465599440000,1785153465599597000,1785153465599604000,1785153465599605000,1785153465599605000,121932490,121652369,-123.121,0.000,0.000,1.000,7.000,1.000,0.000,37.000,0,0,0
B3_zmq_pushpull,zmq_tcp,none,none,,1,29140,512,584,1785153465600676000,1785153465600676000,1785153465600676000,1785153465600677000,1785153465600738000,1785153465600741000,1785153465600741000,1785153465600741000,121932490,121652369,-219.121,0.000,0.000,1.000,3.000,0.000,0.000,96.000,0,0,0
B3_zmq_pushpull,zmq_tcp,none,none,,1,29141,512,584,1785153465601614000,1785153465601615000,1785153465601615000,1785153465601616000,1785153465601743000,1785153465601746000,1785153465601746000,1785153465601746000,121932490,121652369,-153.121,1.000,0.000,1.000,3.000,0.000,0.000,66.000,0,0,0
B3_zmq_pushpull,zmq_tcp,none,none,,1,29142,512,584,1785153465602629000,1785153465602629000,1785153465602629000,1785153465602630000,1785153465602731000,1785153465602733000,1785153465602733000,1785153465602733000,121932490,121652369,-179.121,0.000,0.000,1.000,2.000,0.000,0.000,26.000,0,0,0
B3_zmq_pushpull,zmq_tcp,none,none,,1,29143,512,584,1785153465603622000,1785153465603622000,1785153465603622000,1785153465603623000,1785153465603737000,1785153465603740000,1785153465603740000,1785153465603740000,121932490,121652369,-166.121,0.000,0.000,1.000,3.000,0.000,0.000,13.000,0,0,0
B3_zmq_pushpull,zmq_tcp,none,none,,1,29144,512,584,1785153465604628000,1785153465604628000,1785153465604628000,1785153465604629000,1785153465604735000,1785153465604738000,1785153465604738000,1785153465604738000,121932490,121652369,-174.121,0.000,0.000,1.000,3.000,0.000,0.000,8.000,0,0,0
B3_zmq_pushpull,zmq_tcp,none,none,,1,29145,512,584,1785153465605627000,1785153465605627000,1785153465605627000,1785153465605628000,1785153465605732000,1785153465605735000,1785153465605735000,1785153465605735000,121932490,121652369,-176.121,0.000,0.000,1.000,3.000,0.000,0.000,2.000,0,0,0
B3_zmq_pushpull,zmq_tcp,none,none,,1,29146,512,584,1785153465606597000,1785153465606597000,1785153465606597000,1785153465606598000,1785153465606742000,1785153465606745000,1785153465606745000,1785153465606745000,121932490,121652369,-136.121,0.000,0.000,1.000,3.000,0.000,0.000,40.000,0,0,0
B3_zmq_pushpull,zmq_tcp,none,none,,1,29147,512,584,1785153465607456000,1785153465607456000,1785153465607456000,1785153465607457000,1785153465607615000,1785153465607624000,1785153465607624000,1785153465607624000,121932490,121652369,-122.121,0.000,0.000,1.000,9.000,0.000,0.000,14.000,0,0,0
B3_zmq_pushpull,zmq_tcp,none,none,,1,29148,512,584,1785153465608460000,1785153465608460000,1785153465608460000,1785153465608461000,1785153465608614000,1785153465608617000,1785153465608617000,1785153465608617000,121932490,121652369,-127.121,0.000,0.000,1.000,3.000,0.000,0.000,5.000,0,0,0
B3_zmq_pushpull,zmq_tcp,none,none,,1,29149,512,584,1785153465609668000,1785153465609668000,1785153465609668000,1785153465609669000,1785153465609752000,1785153465609755000,1785153465609755000,1785153465609755000,121932490,121652369,-197.121,0.000,0.000,1.000,3.000,0.000,0.000,70.000,0,0,0
B3_zmq_pushpull,zmq_tcp,none,none,,1,29150,512,584,1785153465610613000,1785153465610613000,1785153465610613000,1785153465610614000,1785153465610739000,1785153465610741000,1785153465610741000,1785153465610741000,121932490,121652369,-155.121,0.000,0.000,1.000,2.000,0.000,0.000,42.000,0,0,0
B3_zmq_pushpull,zmq_tcp,none,none,,1,29151,512,584,1785153465611630000,1785153465611630000,1785153465611630000,1785153465611631000,1785153465611718000,1785153465611721000,1785153465611721000,1785153465611721000,121932490,121652369,-193.121,0.000,0.000,1.000,3.000,0.000,0.000,38.000,0,0,0
B3_zmq_pushpull,zmq_tcp,none,none,,1,29152,512,584,1785153465612626000,1785153465612626000,1785153465612626000,1785153465612627000,1785153465612708000,1785153465612711000,1785153465612711000,1785153465612711000,121932490,121652369,-199.121,0.000,0.000,1.000,3.000,0.000,0.000,6.000,0,0,0
B3_zmq_pushpull,zmq_tcp,none,none,,1,29153,512,584,1785153465613628000,1785153465613628000,1785153465613628000,1785153465613629000,1785153465613833000,1785153465613836000,1785153465613836000,1785153465613836000,121932490,121652369,-76.121,0.000,0.000,1.000,3.000,0.000,0.000,123.000,0,0,0
B3_zmq_pushpull,zmq_tcp,none,none,,1,29154,512,584,1785153465614622000,1785153465614622000,1785153465614622000,1785153465614623000,1785153465614792000,1785153465614794000,1785153465614794000,1785153465614794000,121932490,121652369,-111.121,0.000,0.000,1.000,2.000,0.000,0.000,35.000,0,0,0
B3_zmq_pushpull,zmq_tcp,none,none,,1,29155,512,584,1785153465615495000,1785153465615496000,1785153465615496000,1785153465615497000,1785153465615649000,1785153465615652000,1785153465615652000,1785153465615652000,121932490,121652369,-128.121,1.000,0.000,1.000,3.000,0.000,0.000,17.000,0,0,0
B3_zmq_pushpull,zmq_tcp,none,none,,1,29156,512,584,1785153465616659000,1785153465616660000,1785153465616660000,1785153465616661000,1785153465616771000,1785153465616774000,1785153465616774000,1785153465616774000,121932490,121652369,-170.121,1.000,0.000,1.000,3.000,0.000,0.000,42.000,0,0,0
B3_zmq_pushpull,zmq_tcp,none,none,,1,29157,512,584,1785153465617615000,1785153465617615000,1785153465617615000,1785153465617616000,1785153465617721000,1785153465617724000,1785153465617724000,1785153465617724000,121932490,121652369,-175.121,0.000,0.000,1.000,3.000,0.000,0.000,5.000,0,0,0
B3_zmq_pushpull,zmq_tcp,none,none,,1,29158,512,584,1785153465618565000,1785153465618566000,1785153465618566000,1785153465618567000,1785153465618720000,1785153465618723000,1785153465618723000,1785153465618723000,121932490,121652369,-127.121,1.000,0.000,1.000,3.000,0.000,0.000,48.000,0,0,0
B3_zmq_pushpull,zmq_tcp,none,none,,1,29159,512,584,1785153465619642000,1785153465619642000,1785153465619642000,1785153465619643000,1785153465619709000,1785153465619713000,1785153465619713000,1785153465619713000,121932490,121652369,-214.121,0.000,0.000,1.000,4.000,0.000,0.000,87.000,0,0,0
B3_zmq_pushpull,zmq_tcp,none,none,,1,29160,512,584,1785153465620622000,1785153465620622000,1785153465620622000,1785153465620623000,1785153465620824000,1785153465620828000,1785153465620828000,1785153465620828000,121932490,121652369,-79.121,0.000,0.000,1.000,4.000,0.000,0.000,135.000,0,0,0
B3_zmq_pushpull,zmq_tcp,none,none,,1,29161,512,584,1785153465621626000,1785153465621626000,1785153465621626000,1785153465621627000,1785153465621817000,1785153465621820000,1785153465621820000,1785153465621820000,121932490,121652369,-90.121,0.000,0.000,1.000,3.000,0.000,0.000,11.000,0,0,0
B3_zmq_pushpull,zmq_tcp,none,none,,1,29162,512,584,1785153465622626000,1785153465622626000,1785153465622626000,1785153465622627000,1785153465622771000,1785153465622773000,1785153465622773000,1785153465622773000,121932490,121652369,-136.121,0.000,0.000,1.000,2.000,0.000,0.000,46.000,0,0,0
B3_zmq_pushpull,zmq_tcp,none,none,,1,29163,512,584,1785153465623626000,1785153465623626000,1785153465623626000,1785153465623627000,1785153465623760000,1785153465623764000,1785153465623764000,1785153465623764000,121932490,121652369,-147.121,0.000,0.000,1.000,4.000,0.000,0.000,11.000,0,0,0
B3_zmq_pushpull,zmq_tcp,none,none,,1,29164,512,584,1785153465624623000,1785153465624623000,1785153465624623000,1785153465624624000,1785153465624747000,1785153465624749000,1785153465624749000,1785153465624749000,121932490,121652369,-157.121,0.000,0.000,1.000,2.000,0.000,0.000,10.000,0,0,0
B3_zmq_pushpull,zmq_tcp,none,none,,1,29165,512,584,1785153465625627000,1785153465625627000,1785153465625627000,1785153465625628000,1785153465625728000,1785153465625731000,1785153465625731000,1785153465625731000,121932490,121652369,-180.121,0.000,0.000,1.000,3.000,0.000,0.000,23.000,0,0,0
B3_zmq_pushpull,zmq_tcp,none,none,,1,29166,512,584,1785153465626628000,1785153465626628000,1785153465626628000,1785153465626629000,1785153465626726000,1785153465626729000,1785153465626729000,1785153465626729000,121932490,121652369,-183.121,0.000,0.000,1.000,3.000,0.000,0.000,3.000,0,0,0
B3_zmq_pushpull,zmq_tcp,none,none,,1,29167,512,584,1785153465627626000,1785153465627626000,1785153465627626000,1785153465627627000,1785153465627728000,1785153465627730000,1785153465627730000,1785153465627730000,121932490,121652369,-179.121,0.000,0.000,1.000,2.000,0.000,0.000,4.000,0,0,0
B3_zmq_pushpull,zmq_tcp,none,none,,1,29168,512,584,1785153465628626000,1785153465628626000,1785153465628626000,1785153465628627000,1785153465628716000,1785153465628719000,1785153465628719000,1785153465628719000,121932490,121652369,-191.121,0.000,0.000,1.000,3.000,0.000,0.000,12.000,0,0,0
B3_zmq_pushpull,zmq_tcp,none,none,,1,29169,512,584,1785153465629626000,1785153465629626000,1785153465629626000,1785153465629627000,1785153465629699000,1785153465629702000,1785153465629702000,1785153465629702000,121932490,121652369,-208.121,0.000,0.000,1.000,3.000,0.000,0.000,17.000,0,0,0
B3_zmq_pushpull,zmq_tcp,none,none,,1,29170,512,584,1785153465630626000,1785153465630626000,1785153465630626000,1785153465630627000,1785153465630791000,1785153465630794000,1785153465630794000,1785153465630794000,121932490,121652369,-116.121,0.000,0.000,1.000,3.000,0.000,0.000,92.000,0,0,0
B3_zmq_pushpull,zmq_tcp,none,none,,1,29171,512,584,1785153465631624000,1785153465631624000,1785153465631624000,1785153465631625000,1785153465631764000,1785153465631767000,1785153465631767000,1785153465631767000,121932490,121652369,-141.121,0.000,0.000,1.000,3.000,0.000,0.000,25.000,0,0,0
B3_zmq_pushpull,zmq_tcp,none,none,,1,29172,512,584,1785153465632627000,1785153465632627000,1785153465632627000,1785153465632628000,1785153465632740000,1785153465632743000,1785153465632743000,1785153465632743000,121932490,121652369,-168.121,0.000,0.000,1.000,3.000,0.000,0.000,27.000,0,0,0
B3_zmq_pushpull,zmq_tcp,none,none,,1,29173,512,584,1785153465633628000,1785153465633629000,1785153465633629000,1785153465633630000,1785153465633719000,1785153465633721000,1785153465633721000,1785153465633721000,121932490,121652369,-191.121,1.000,0.000,1.000,2.000,0.000,0.000,23.000,0,0,0
B3_zmq_pushpull,zmq_tcp,none,none,,1,29174,512,584,1785153465634627000,1785153465634627000,1785153465634627000,1785153465634628000,1785153465634706000,1785153465634708000,1785153465634708000,1785153465634708000,121932490,121652369,-202.121,0.000,0.000,1.000,2.000,0.000,0.000,11.000,0,0,0
B3_zmq_pushpull,zmq_tcp,none,none,,1,29175,512,584,1785153465635628000,1785153465635629000,1785153465635629000,1785153465635630000,1785153465635806000,1785153465635808000,1785153465635808000,1785153465635808000,121932490,121652369,-104.121,1.000,0.000,1.000,2.000,0.000,0.000,98.000,0,0,0
B3_zmq_pushpull,zmq_tcp,none,none,,1,29176,512,584,1785153465636626000,1785153465636626000,1785153465636626000,1785153465636627000,1785153465636779000,1785153465636781000,1785153465636781000,1785153465636781000,121932490,121652369,-128.121,0.000,0.000,1.000,2.000,0.000,0.000,24.000,0,0,0
B3_zmq_pushpull,zmq_tcp,none,none,,1,29177,512,584,1785153465637626000,1785153465637626000,1785153465637626000,1785153465637627000,1785153465637745000,1785153465637748000,1785153465637748000,1785153465637748000,121932490,121652369,-162.121,0.000,0.000,1.000,3.000,0.000,0.000,34.000,0,0,0
B3_zmq_pushpull,zmq_tcp,none,none,,1,29178,512,584,1785153465638623000,1785153465638623000,1785153465638623000,1785153465638624000,1785153465638721000,1785153465638724000,1785153465638724000,1785153465638724000,121932490,121652369,-183.121,0.000,0.000,1.000,3.000,0.000,0.000,21.000,0,0,0
B3_zmq_pushpull,zmq_tcp,none,none,,1,29179,512,584,1785153465639627000,1785153465639628000,1785153465639628000,1785153465639629000,1785153465639693000,1785153465639696000,1785153465639696000,1785153465639696000,121932490,121652369,-216.121,1.000,0.000,1.000,3.000,0.000,0.000,33.000,0,0,0
B3_zmq_pushpull,zmq_tcp,none,none,,1,29180,512,584,1785153465640628000,1785153465640628000,1785153465640628000,1785153465640629000,1785153465640684000,1785153465640687000,1785153465640687000,1785153465640687000,121932490,121652369,-225.121,0.000,0.000,1.000,3.000,0.000,0.000,9.000,0,0,0
B3_zmq_pushpull,zmq_tcp,none,none,,1,29181,512,584,1785153465641629000,1785153465641629000,1785153465641629000,1785153465641630000,1785153465641691000,1785153465641693000,1785153465641693000,1785153465641693000,121932490,121652369,-219.121,0.000,0.000,1.000,2.000,0.000,0.000,6.000,0,0,0
B3_zmq_pushpull,zmq_tcp,none,none,,1,29182,512,584,1785153465642626000,1785153465642626000,1785153465642626000,1785153465642627000,1785153465642788000,1785153465642791000,1785153465642791000,1785153465642791000,121932490,121652369,-119.121,0.000,0.000,1.000,3.000,0.000,0.000,100.000,0,0,0
B3_zmq_pushpull,zmq_tcp,none,none,,1,29183,512,584,1785153465643626000,1785153465643626000,1785153465643626000,1785153465643627000,1785153465643776000,1785153465643779000,1785153465643779000,1785153465643779000,121932490,121652369,-131.121,0.000,0.000,1.000,3.000,0.000,0.000,12.000,0,0,0
B3_zmq_pushpull,zmq_tcp,none,none,,1,29184,512,584,1785153465644626000,1785153465644626000,1785153465644626000,1785153465644627000,1785153465644757000,1785153465644760000,1785153465644760000,1785153465644760000,121932490,121652369,-150.121,0.000,0.000,1.000,3.000,0.000,0.000,19.000,0,0,0
B3_zmq_pushpull,zmq_tcp,none,none,,1,29185,512,584,1785153465645623000,1785153465645623000,1785153465645623000,1785153465645624000,1785153465645719000,1785153465645721000,1785153465645721000,1785153465645721000,121932490,121652369,-185.121,0.000,0.000,1.000,2.000,0.000,0.000,35.000,0,0,0
B3_zmq_pushpull,zmq_tcp,none,none,,1,29186,512,584,1785153465646628000,1785153465646628000,1785153465646628000,1785153465646629000,1785153465646680000,1785153465646683000,1785153465646683000,1785153465646683000,121932490,121652369,-229.121,0.000,0.000,1.000,3.000,0.000,0.000,44.000,0,0,0
B3_zmq_pushpull,zmq_tcp,none,none,,1,29187,512,584,1785153465647626000,1785153465647626000,1785153465647626000,1785153465647627000,1785153465647689000,1785153465647692000,1785153465647692000,1785153465647692000,121932490,121652369,-218.121,0.000,0.000,1.000,3.000,0.000,0.000,11.000,0,0,0
B3_zmq_pushpull,zmq_tcp,none,none,,1,29188,512,584,1785153465648628000,1785153465648628000,1785153465648628000,1785153465648629000,1785153465648692000,1785153465648696000,1785153465648696000,1785153465648696000,121932490,121652369,-217.121,0.000,0.000,1.000,4.000,0.000,0.000,1.000,0,0,0
B3_zmq_pushpull,zmq_tcp,none,none,,1,29189,512,584,1785153465649626000,1785153465649627000,1785153465649627000,1785153465649628000,1785153465649692000,1785153465649695000,1785153465649695000,1785153465649695000,121932490,121652369,-216.121,1.000,0.000,1.000,3.000,0.000,0.000,1.000,0,0,0
B3_zmq_pushpull,zmq_tcp,none,none,,1,29190,512,584,1785153465650626000,1785153465650626000,1785153465650626000,1785153465650627000,1785153465650674000,1785153465650677000,1785153465650677000,1785153465650677000,121932490,121652369,-233.121,0.000,0.000,1.000,3.000,0.000,0.000,17.000,0,0,0
B3_zmq_pushpull,zmq_tcp,none,none,,1,29191,512,584,1785153465651626000,1785153465651626000,1785153465651626000,1785153465651627000,1785153465651796000,1785153465651799000,1785153465651799000,1785153465651799000,121932490,121652369,-111.121,0.000,0.000,1.000,3.000,0.000,0.000,122.000,0,0,0
B3_zmq_pushpull,zmq_tcp,none,none,,1,29192,512,584,1785153465652626000,1785153465652626000,1785153465652626000,1785153465652627000,1785153465652767000,1785153465652769000,1785153465652769000,1785153465652769000,121932490,121652369,-140.121,0.000,0.000,1.000,2.000,0.000,0.000,29.000,0,0,0
B3_zmq_pushpull,zmq_tcp,none,none,,1,29193,512,584,1785153465653626000,1785153465653626000,1785153465653626000,1785153465653627000,1785153465653743000,1785153465653745000,1785153465653745000,1785153465653745000,121932490,121652369,-164.121,0.000,0.000,1.000,2.000,0.000,0.000,24.000,0,0,0
B3_zmq_pushpull,zmq_tcp,none,none,,1,29194,512,584,1785153465654629000,1785153465654629000,1785153465654629000,1785153465654630000,1785153465654731000,1785153465654734000,1785153465654734000,1785153465654734000,121932490,121652369,-179.121,0.000,0.000,1.000,3.000,0.000,0.000,15.000,0,0,0
B3_zmq_pushpull,zmq_tcp,none,none,,1,29195,512,584,1785153465655628000,1785153465655629000,1785153465655629000,1785153465655630000,1785153465655714000,1785153465655716000,1785153465655716000,1785153465655716000,121932490,121652369,-196.121,1.000,0.000,1.000,2.000,0.000,0.000,17.000,0,0,0
B3_zmq_pushpull,zmq_tcp,none,none,,1,29196,512,584,1785153465656624000,1785153465656625000,1785153465656625000,1785153465656626000,1785153465656682000,1785153465656685000,1785153465656685000,1785153465656685000,121932490,121652369,-224.121,1.000,0.000,1.000,3.000,0.000,0.000,28.000,0,0,0
B3_zmq_pushpull,zmq_tcp,none,none,,1,29197,512,584,1785153465657626000,1785153465657626000,1785153465657626000,1785153465657627000,1785153465657673000,1785153465657677000,1785153465657677000,1785153465657677000,121932490,121652369,-234.121,0.000,0.000,1.000,4.000,0.000,0.000,10.000,0,0,0
B3_zmq_pushpull,zmq_tcp,none,none,,1,29198,512,584,1785153465658626000,1785153465658626000,1785153465658626000,1785153465658627000,1785153465658776000,1785153465658779000,1785153465658779000,1785153465658779000,121932490,121652369,-131.121,0.000,0.000,1.000,3.000,0.000,0.000,103.000,0,0,0
B3_zmq_pushpull,zmq_tcp,none,none,,1,29199,512,584,1785153465659626000,1785153465659626000,1785153465659626000,1785153465659627000,1785153465659739000,1785153465659741000,1785153465659741000,1785153465659741000,121932490,121652369,-168.121,0.000,0.000,1.000,2.000,0.000,0.000,37.000,0,0,0
B3_zmq_pushpull,zmq_tcp,none,none,,1,29200,512,584,1785153465660623000,1785153465660623000,1785153465660623000,1785153465660624000,1785153465660705000,1785153465660708000,1785153465660708000,1785153465660708000,121932490,121652369,-199.121,0.000,0.000,1.000,3.000,0.000,0.000,31.000,0,0,0
B3_zmq_pushpull,zmq_tcp,none,none,,1,29201,512,584,1785153465661627000,1785153465661627000,1785153465661628000,1785153465661628000,1785153465661689000,1785153465661692000,1785153465661692000,1785153465661692000,121932490,121652369,-219.121,0.000,1.000,0.000,3.000,0.000,0.000,20.000,0,0,0
B3_zmq_pushpull,zmq_tcp,none,none,,1,29202,512,584,1785153465662631000,1785153465662631000,1785153465662631000,1785153465662632000,1785153465662794000,1785153465662796000,1785153465662796000,1785153465662796000,121932490,121652369,-118.121,0.000,0.000,1.000,2.000,0.000,0.000,101.000,0,0,0
B3_zmq_pushpull,zmq_tcp,none,none,,1,29203,512,584,1785153465663623000,1785153465663623000,1785153465663623000,1785153465663624000,1785153465663768000,1785153465663771000,1785153465663771000,1785153465663772000,121932490,121652369,-136.121,0.000,0.000,1.000,3.000,0.000,1.000,18.000,0,0,0
B3_zmq_pushpull,zmq_tcp,none,none,,1,29204,512,584,1785153465664628000,1785153465664628000,1785153465664628000,1785153465664629000,1785153465664733000,1785153465664736000,1785153465664736000,1785153465664736000,121932490,121652369,-176.121,0.000,0.000,1.000,3.000,0.000,0.000,40.000,0,0,0
B3_zmq_pushpull,zmq_tcp,none,none,,1,29205,512,584,1785153465665627000,1785153465665627000,1785153465665627000,1785153465665628000,1785153465665712000,1785153465665715000,1785153465665715000,1785153465665715000,121932490,121652369,-196.121,0.000,0.000,1.000,3.000,0.000,0.000,20.000,0,0,0
B3_zmq_pushpull,zmq_tcp,none,none,,1,29206,512,584,1785153465666626000,1785153465666626000,1785153465666626000,1785153465666627000,1785153465666680000,1785153465666683000,1785153465666683000,1785153465666683000,121932490,121652369,-227.121,0.000,0.000,1.000,3.000,0.000,0.000,31.000,0,0,0
B3_zmq_pushpull,zmq_tcp,none,none,,1,29207,512,584,1785153465667527000,1785153465667527000,1785153465667527000,1785153465667528000,1785153465667684000,1785153465667687000,1785153465667687000,1785153465667687000,121932490,121652369,-124.121,0.000,0.000,1.000,3.000,0.000,0.000,103.000,0,0,0
B3_zmq_pushpull,zmq_tcp,none,none,,1,29208,512,584,1785153465668524000,1785153465668524000,1785153465668524000,1785153465668525000,1785153465668684000,1785153465668687000,1785153465668687000,1785153465668687000,121932490,121652369,-121.121,0.000,0.000,1.000,3.000,0.000,0.000,3.000,0,0,0
B3_zmq_pushpull,zmq_tcp,none,none,,1,29209,512,584,1785153465669654000,1785153465669654000,1785153465669654000,1785153465669655000,1785153465669816000,1785153465669819000,1785153465669819000,1785153465669819000,121932490,121652369,-119.121,0.000,0.000,1.000,3.000,0.000,0.000,2.000,0,0,0
B3_zmq_pushpull,zmq_tcp,none,none,,1,29210,512,584,1785153465670617000,1785153465670617000,1785153465670617000,1785153465670618000,1785153465670791000,1785153465670794000,1785153465670794000,1785153465670794000,121932490,121652369,-107.121,0.000,0.000,1.000,3.000,0.000,0.000,12.000,0,0,0
B3_zmq_pushpull,zmq_tcp,none,none,,1,29211,512,584,1785153465671629000,1785153465671629000,1785153465671629000,1785153465671630000,1785153465671783000,1785153465671786000,1785153465671786000,1785153465671786000,121932490,121652369,-127.121,0.000,0.000,1.000,3.000,0.000,0.000,20.000,0,0,0
B3_zmq_pushpull,zmq_tcp,none,none,,1,29212,512,584,1785153465672626000,1785153465672626000,1785153465672626000,1785153465672627000,1785153465672742000,1785153465672746000,1785153465672746000,1785153465672746000,121932490,121652369,-165.121,0.000,0.000,1.000,4.000,0.000,0.000,38.000,0,0,0
B3_zmq_pushpull,zmq_tcp,none,none,,1,29213,512,584,1785153465673626000,1785153465673626000,1785153465673626000,1785153465673627000,1785153465673714000,1785153465673716000,1785153465673716000,1785153465673716000,121932490,121652369,-193.121,0.000,0.000,1.000,2.000,0.000,0.000,28.000,0,0,0
B3_zmq_pushpull,zmq_tcp,none,none,,1,29214,512,584,1785153465674626000,1785153465674626000,1785153465674626000,1785153465674627000,1785153465674711000,1785153465674714000,1785153465674714000,1785153465674715000,121932490,121652369,-196.121,0.000,0.000,1.000,3.000,0.000,1.000,3.000,0,0,0
B3_zmq_pushpull,zmq_tcp,none,none,,1,29215,512,584,1785153465675629000,1785153465675629000,1785153465675629000,1785153465675630000,1785153465675707000,1785153465675710000,1785153465675710000,1785153465675710000,121932490,121652369,-203.121,0.000,0.000,1.000,3.000,0.000,0.000,7.000,0,0,0
B3_zmq_pushpull,zmq_tcp,none,none,,1,29216,512,584,1785153465676626000,1785153465676626000,1785153465676626000,1785153465676627000,1785153465676810000,1785153465676813000,1785153465676813000,1785153465676813000,121932490,121652369,-97.121,0.000,0.000,1.000,3.000,0.000,0.000,106.000,0,0,0
B3_zmq_pushpull,zmq_tcp,none,none,,1,29217,512,584,1785153465677631000,1785153465677631000,1785153465677631000,1785153465677632000,1785153465677799000,1785153465677802000,1785153465677802000,1785153465677802000,121932490,121652369,-113.121,0.000,0.000,1.000,3.000,0.000,0.000,16.000,0,0,0
B3_zmq_pushpull,zmq_tcp,none,none,,1,29218,512,584,1785153465678625000,1785153465678625000,1785153465678625000,1785153465678626000,1785153465678784000,1785153465678787000,1785153465678787000,1785153465678787000,121932490,121652369,-122.121,0.000,0.000,1.000,3.000,0.000,0.000,9.000,0,0,0
B3_zmq_pushpull,zmq_tcp,none,none,,1,29219,512,584,1785153465679627000,1785153465679627000,1785153465679627000,1785153465679628000,1785153465679759000,1785153465679761000,1785153465679761000,1785153465679761000,121932490,121652369,-149.121,0.000,0.000,1.000,2.000,0.000,0.000,27.000,0,0,0
B3_zmq_pushpull,zmq_tcp,none,none,,1,29220,512,584,1785153465680626000,1785153465680626000,1785153465680626000,1785153465680627000,1785153465680718000,1785153465680720000,1785153465680720000,1785153465680720000,121932490,121652369,-189.121,0.000,0.000,1.000,2.000,0.000,0.000,40.000,0,0,0
B3_zmq_pushpull,zmq_tcp,none,none,,1,29221,512,584,1785153465681627000,1785153465681627000,1785153465681627000,1785153465681628000,1785153465681690000,1785153465681693000,1785153465681693000,1785153465681693000,121932490,121652369,-218.121,0.000,0.000,1.000,3.000,0.000,0.000,29.000,0,0,0
B3_zmq_pushpull,zmq_tcp,none,none,,1,29222,512,584,1785153465682625000,1785153465682625000,1785153465682625000,1785153465682626000,1785153465682687000,1785153465682690000,1785153465682690000,1785153465682690000,121932490,121652369,-219.121,0.000,0.000,1.000,3.000,0.000,0.000,1.000,0,0,0
B3_zmq_pushpull,zmq_tcp,none,none,,1,29223,512,584,1785153465683629000,1785153465683629000,1785153465683629000,1785153465683630000,1785153465683804000,1785153465683807000,1785153465683807000,1785153465683807000,121932490,121652369,-106.121,0.000,0.000,1.000,3.000,0.000,0.000,113.000,0,0,0
B3_zmq_pushpull,zmq_tcp,none,none,,1,29224,512,584,1785153465684627000,1785153465684627000,1785153465684627000,1785153465684628000,1785153465684804000,1785153465684807000,1785153465684807000,1785153465684807000,121932490,121652369,-104.121,0.000,0.000,1.000,3.000,0.000,0.000,2.000,0,0,0
B3_zmq_pushpull,zmq_tcp,none,none,,1,29225,512,584,1785153465685626000,1785153465685626000,1785153465685626000,1785153465685627000,1785153465685763000,1785153465685766000,1785153465685766000,1785153465685766000,121932490,121652369,-144.121,0.000,0.000,1.000,3.000,0.000,0.000,40.000,0,0,0
B3_zmq_pushpull,zmq_tcp,none,none,,1,29226,512,584,1785153465686624000,1785153465686624000,1785153465686624000,1785153465686625000,1785153465686723000,1785153465686726000,1785153465686726000,1785153465686726000,121932490,121652369,-182.121,0.000,0.000,1.000,3.000,0.000,0.000,38.000,0,0,0
B3_zmq_pushpull,zmq_tcp,none,none,,1,29227,512,584,1785153465687628000,1785153465687628000,1785153465687628000,1785153465687629000,1785153465687690000,1785153465687692000,1785153465687692000,1785153465687692000,121932490,121652369,-219.121,0.000,0.000,1.000,2.000,0.000,0.000,37.000,0,0,0
B3_zmq_pushpull,zmq_tcp,none,none,,1,29228,512,584,1785153465688628000,1785153465688628000,1785153465688628000,1785153465688629000,1785153465688806000,1785153465688808000,1785153465688808000,1785153465688808000,121932490,121652369,-103.121,0.000,0.000,1.000,2.000,0.000,0.000,116.000,0,0,0
B3_zmq_pushpull,zmq_tcp,none,none,,1,29229,512,584,1785153465689628000,1785153465689628000,1785153465689628000,1785153465689629000,1785153465689786000,1785153465689789000,1785153465689789000,1785153465689789000,121932490,121652369,-123.121,0.000,0.000,1.000,3.000,0.000,0.000,20.000,0,0,0
B3_zmq_pushpull,zmq_tcp,none,none,,1,29230,512,584,1785153465690629000,1785153465690629000,1785153465690629000,1785153465690630000,1785153465690766000,1785153465690768000,1785153465690768000,1785153465690768000,121932490,121652369,-144.121,0.000,0.000,1.000,2.000,0.000,0.000,21.000,0,0,0
B3_zmq_pushpull,zmq_tcp,none,none,,1,29231,512,584,1785153465691629000,1785153465691629000,1785153465691629000,1785153465691630000,1785153465691758000,1785153465691760000,1785153465691760000,1785153465691760000,121932490,121652369,-152.121,0.000,0.000,1.000,2.000,0.000,0.000,8.000,0,0,0
B3_zmq_pushpull,zmq_tcp,none,none,,1,29232,512,584,1785153465692625000,1785153465692625000,1785153465692625000,1785153465692626000,1785153465692728000,1785153465692731000,1785153465692731000,1785153465692731000,121932490,121652369,-178.121,0.000,0.000,1.000,3.000,0.000,0.000,26.000,0,0,0
B3_zmq_pushpull,zmq_tcp,none,none,,1,29233,512,584,1785153465693627000,1785153465693627000,1785153465693628000,1785153465693629000,1785153465693705000,1785153465693707000,1785153465693707000,1785153465693707000,121932490,121652369,-204.121,0.000,1.000,1.000,2.000,0.000,0.000,26.000,0,0,0
B3_zmq_pushpull,zmq_tcp,none,none,,1,29234,512,584,1785153465694626000,1785153465694626000,1785153465694626000,1785153465694627000,1785153465694673000,1785153465694677000,1785153465694677000,1785153465694677000,121932490,121652369,-234.121,0.000,0.000,1.000,4.000,0.000,0.000,30.000,0,0,0
B3_zmq_pushpull,zmq_tcp,none,none,,1,29235,512,584,1785153465695528000,1785153465695528000,1785153465695528000,1785153465695529000,1785153465695686000,1785153465695688000,1785153465695688000,1785153465695688000,121932490,121652369,-123.121,0.000,0.000,1.000,2.000,0.000,0.000,111.000,0,0,0
B3_zmq_pushpull,zmq_tcp,none,none,,1,29236,512,584,1785153465696528000,1785153465696528000,1785153465696528000,1785153465696529000,1785153465696678000,1785153465696681000,1785153465696681000,1785153465696681000,121932490,121652369,-131.121,0.000,0.000,1.000,3.000,0.000,0.000,8.000,0,0,0
B3_zmq_pushpull,zmq_tcp,none,none,,1,29237,512,584,1785153465697651000,1785153465697651000,1785153465697652000,1785153465697652000,1785153465697819000,1785153465697822000,1785153465697822000,1785153465697822000,121932490,121652369,-113.121,0.000,1.000,0.000,3.000,0.000,0.000,18.000,0,0,0
B3_zmq_pushpull,zmq_tcp,none,none,,1,29238,512,584,1785153465698508000,1785153465698508000,1785153465698508000,1785153465698509000,1785153465698660000,1785153465698663000,1785153465698663000,1785153465698663000,121932490,121652369,-129.121,0.000,0.000,1.000,3.000,0.000,0.000,16.000,0,0,0
B3_zmq_pushpull,zmq_tcp,none,none,,1,29239,512,584,1785153465699478000,1785153465699478000,1785153465699478000,1785153465699479000,1785153465699631000,1785153465699634000,1785153465699634000,1785153465699634000,121932490,121652369,-128.121,0.000,0.000,1.000,3.000,0.000,0.000,1.000,0,0,0
B3_zmq_pushpull,zmq_tcp,none,none,,1,29240,512,584,1785153465700468000,1785153465700468000,1785153465700468000,1785153465700469000,1785153465700610000,1785153465700613000,1785153465700613000,1785153465700613000,121932490,121652369,-139.121,0.000,0.000,1.000,3.000,0.000,0.000,11.000,0,0,0
B3_zmq_pushpull,zmq_tcp,none,none,,1,29241,512,584,1785153465701430000,1785153465701430000,1785153465701430000,1785153465701431000,1785153465701580000,1785153465701583000,1785153465701583000,1785153465701583000,121932490,121652369,-131.121,0.000,0.000,1.000,3.000,0.000,0.000,8.000,0,0,0
B3_zmq_pushpull,zmq_tcp,none,none,,1,29242,512,584,1785153465702433000,1785153465702433000,1785153465702433000,1785153465702434000,1785153465702594000,1785153465702597000,1785153465702597000,1785153465702597000,121932490,121652369,-120.121,0.000,0.000,1.000,3.000,0.000,0.000,11.000,0,0,0
B3_zmq_pushpull,zmq_tcp,none,none,,1,29243,512,584,1785153465703674000,1785153465703674000,1785153465703674000,1785153465703675000,1785153465703824000,1785153465703827000,1785153465703827000,1785153465703827000,121932490,121652369,-131.121,0.000,0.000,1.000,3.000,0.000,0.000,11.000,0,0,0
B3_zmq_pushpull,zmq_tcp,none,none,,1,29244,512,584,1785153465704497000,1785153465704497000,1785153465704497000,1785153465704498000,1785153465704658000,1785153465704661000,1785153465704661000,1785153465704661000,121932490,121652369,-120.121,0.000,0.000,1.000,3.000,0.000,0.000,11.000,0,0,0
B3_zmq_pushpull,zmq_tcp,none,none,,1,29245,512,584,1785153465705659000,1785153465705659000,1785153465705659000,1785153465705660000,1785153465705789000,1785153465705791000,1785153465705791000,1785153465705791000,121932490,121652369,-151.121,0.000,0.000,1.000,2.000,0.000,0.000,31.000,0,0,0
B3_zmq_pushpull,zmq_tcp,none,none,,1,29246,512,584,1785153465706618000,1785153465706618000,1785153465706618000,1785153465706619000,1785153465706770000,1785153465706773000,1785153465706773000,1785153465706773000,121932490,121652369,-129.121,0.000,0.000,1.000,3.000,0.000,0.000,22.000,0,0,0
B3_zmq_pushpull,zmq_tcp,none,none,,1,29247,512,584,1785153465707468000,1785153465707468000,1785153465707468000,1785153465707469000,1785153465707610000,1785153465707613000,1785153465707613000,1785153465707613000,121932490,121652369,-139.121,0.000,0.000,1.000,3.000,0.000,0.000,10.000,0,0,0
B3_zmq_pushpull,zmq_tcp,none,none,,1,29248,512,584,1785153465708664000,1785153465708664000,1785153465708664000,1785153465708665000,1785153465708708000,1785153465708711000,1785153465708711000,1785153465708711000,121932490,121652369,-237.121,0.000,0.000,1.000,3.000,0.000,0.000,98.000,0,0,0
B3_zmq_pushpull,zmq_tcp,none,none,,1,29249,512,584,1785153465709617000,1785153465709617000,1785153465709617000,1785153465709618000,1785153465709672000,1785153465709675000,1785153465709675000,1785153465709675000,121932490,121652369,-226.121,0.000,0.000,1.000,3.000,0.000,0.000,11.000,0,0,0
B3_zmq_pushpull,zmq_tcp,none,none,,1,29250,512,584,1785153465710629000,1785153465710629000,1785153465710629000,1785153465710630000,1785153465710784000,1785153465710788000,1785153465710788000,1785153465710788000,121932490,121652369,-126.121,0.000,0.000,1.000,4.000,0.000,0.000,100.000,0,0,0
B3_zmq_pushpull,zmq_tcp,none,none,,1,29251,512,584,1785153465711467000,1785153465711467000,1785153465711468000,1785153465711468000,1785153465711627000,1785153465711630000,1785153465711630000,1785153465711630000,121932490,121652369,-121.121,0.000,1.000,0.000,3.000,0.000,0.000,5.000,0,0,0
B3_zmq_pushpull,zmq_tcp,none,none,,1,29252,512,584,1785153465712667000,1785153465712667000,1785153465712668000,1785153465712668000,1785153465712756000,1785153465712760000,1785153465712760000,1785153465712760000,121932490,121652369,-192.121,0.000,1.000,0.000,4.000,0.000,0.000,71.000,0,0,0
B3_zmq_pushpull,zmq_tcp,none,none,,1,29253,512,584,1785153465713617000,1785153465713617000,1785153465713617000,1785153465713618000,1785153465713726000,1785153465713729000,1785153465713729000,1785153465713729000,121932490,121652369,-172.121,0.000,0.000,1.000,3.000,0.000,0.000,20.000,0,0,0
B3_zmq_pushpull,zmq_tcp,none,none,,1,29254,512,584,1785153465714540000,1785153465714540000,1785153465714540000,1785153465714541000,1785153465714694000,1785153465714696000,1785153465714696000,1785153465714696000,121932490,121652369,-127.121,0.000,0.000,1.000,2.000,0.000,0.000,45.000,0,0,0
B3_zmq_pushpull,zmq_tcp,none,none,,1,29255,512,584,1785153465715501000,1785153465715501000,1785153465715501000,1785153465715502000,1785153465715644000,1785153465715647000,1785153465715647000,1785153465715647000,121932490,121652369,-138.121,0.000,0.000,1.000,3.000,0.000,0.000,11.000,0,0,0
B3_zmq_pushpull,zmq_tcp,none,none,,1,29256,512,584,1785153465716661000,1785153465716661000,1785153465716661000,1785153465716662000,1785153465716776000,1785153465716779000,1785153465716779000,1785153465716779000,121932490,121652369,-166.121,0.000,0.000,1.000,3.000,0.000,0.000,28.000,0,0,0
B3_zmq_pushpull,zmq_tcp,none,none,,1,29257,512,584,1785153465717618000,1785153465717618000,1785153465717618000,1785153465717619000,1785153465717762000,1785153465717764000,1785153465717764000,1785153465717764000,121932490,121652369,-137.121,0.000,0.000,1.000,2.000,0.000,0.000,29.000,0,0,0
B3_zmq_pushpull,zmq_tcp,none,none,,1,29258,512,584,1785153465718630000,1785153465718630000,1785153465718630000,1785153465718631000,1785153465718718000,1785153465718720000,1785153465718720000,1785153465718720000,121932490,121652369,-193.121,0.000,0.000,1.000,2.000,0.000,0.000,56.000,0,0,0
B3_zmq_pushpull,zmq_tcp,none,none,,1,29259,512,584,1785153465719626000,1785153465719626000,1785153465719626000,1785153465719627000,1785153465719695000,1785153465719699000,1785153465719699000,1785153465719699000,121932490,121652369,-212.121,0.000,0.000,1.000,4.000,0.000,0.000,19.000,0,0,0
B3_zmq_pushpull,zmq_tcp,none,none,,1,29260,512,584,1785153465720626000,1785153465720626000,1785153465720626000,1785153465720627000,1785153465720689000,1785153465720693000,1785153465720693000,1785153465720693000,121932490,121652369,-218.121,0.000,0.000,1.000,4.000,0.000,0.000,6.000,0,0,0
B3_zmq_pushpull,zmq_tcp,none,none,,1,29261,512,584,1785153465721622000,1785153465721622000,1785153465721622000,1785153465721623000,1785153465721670000,1785153465721673000,1785153465721673000,1785153465721673000,121932490,121652369,-233.121,0.000,0.000,1.000,3.000,0.000,0.000,15.000,0,0,0
B3_zmq_pushpull,zmq_tcp,none,none,,1,29262,512,584,1785153465722498000,1785153465722499000,1785153465722499000,1785153465722500000,1785153465722653000,1785153465722656000,1785153465722656000,1785153465722656000,121932490,121652369,-127.121,1.000,0.000,1.000,3.000,0.000,0.000,106.000,0,0,0
B3_zmq_pushpull,zmq_tcp,none,none,,1,29263,512,584,1785153465723496000,1785153465723496000,1785153465723496000,1785153465723497000,1785153465723652000,1785153465723655000,1785153465723655000,1785153465723655000,121932490,121652369,-125.121,0.000,0.000,1.000,3.000,0.000,0.000,2.000,0,0,0
B3_zmq_pushpull,zmq_tcp,none,none,,1,29264,512,584,1785153465724466000,1785153465724467000,1785153465724467000,1785153465724467000,1785153465724627000,1785153465724630000,1785153465724630000,1785153465724630000,121932490,121652369,-120.121,1.000,0.000,0.000,3.000,0.000,0.000,5.000,0,0,0
B3_zmq_pushpull,zmq_tcp,none,none,,1,29265,512,584,1785153465725666000,1785153465725666000,1785153465725666000,1785153465725667000,1785153465725754000,1785153465725756000,1785153465725756000,1785153465725756000,121932490,121652369,-193.121,0.000,0.000,1.000,2.000,0.000,0.000,73.000,0,0,0
B3_zmq_pushpull,zmq_tcp,none,none,,1,29266,512,584,1785153465726617000,1785153465726617000,1785153465726617000,1785153465726618000,1785153465726722000,1785153465726725000,1785153465726725000,1785153465726725000,121932490,121652369,-176.121,0.000,0.000,1.000,3.000,0.000,0.000,17.000,0,0,0
B3_zmq_pushpull,zmq_tcp,none,none,,1,29267,512,584,1785153465727629000,1785153465727629000,1785153465727629000,1785153465727630000,1785153465727687000,1785153465727690000,1785153465727691000,1785153465727691000,121932490,121652369,-223.121,0.000,0.000,1.000,3.000,1.000,0.000,47.000,0,0,0
B3_zmq_pushpull,zmq_tcp,none,none,,1,29268,512,584,1785153465728622000,1785153465728622000,1785153465728622000,1785153465728623000,1785153465728656000,1785153465728660000,1785153465728660000,1785153465728660000,121932490,121652369,-247.121,0.000,0.000,1.000,4.000,0.000,0.000,24.000,0,0,0
B3_zmq_pushpull,zmq_tcp,none,none,,1,29269,512,584,1785153465729477000,1785153465729477000,1785153465729478000,1785153465729478000,1785153465729634000,1785153465729636000,1785153465729637000,1785153465729637000,121932490,121652369,-124.121,0.000,1.000,0.000,2.000,1.000,0.000,123.000,0,0,0
B3_zmq_pushpull,zmq_tcp,none,none,,1,29270,512,584,1785153465730475000,1785153465730475000,1785153465730475000,1785153465730476000,1785153465730630000,1785153465730633000,1785153465730633000,1785153465730633000,121932490,121652369,-126.121,0.000,0.000,1.000,3.000,0.000,0.000,2.000,0,0,0
B3_zmq_pushpull,zmq_tcp,none,none,,1,29271,512,584,1785153465731449000,1785153465731449000,1785153465731449000,1785153465731450000,1785153465731606000,1785153465731609000,1785153465731609000,1785153465731609000,121932490,121652369,-124.121,0.000,0.000,1.000,3.000,0.000,0.000,2.000,0,0,0
B3_zmq_pushpull,zmq_tcp,none,none,,1,29272,512,584,1785153465732449000,1785153465732449000,1785153465732449000,1785153465732450000,1785153465732610000,1785153465732612000,1785153465732612000,1785153465732612000,121932490,121652369,-120.121,0.000,0.000,1.000,2.000,0.000,0.000,4.000,0,0,0
B3_zmq_pushpull,zmq_tcp,none,none,,1,29273,512,584,1785153465733672000,1785153465733672000,1785153465733672000,1785153465733673000,1785153465733741000,1785153465733743000,1785153465733743000,1785153465733743000,121932490,121652369,-212.121,0.000,0.000,1.000,2.000,0.000,0.000,92.000,0,0,0
B3_zmq_pushpull,zmq_tcp,none,none,,1,29274,512,584,1785153465734615000,1785153465734616000,1785153465734616000,1785153465734617000,1785153465734721000,1785153465734723000,1785153465734723000,1785153465734723000,121932490,121652369,-176.121,1.000,0.000,1.000,2.000,0.000,0.000,36.000,0,0,0
B3_zmq_pushpull,zmq_tcp,none,none,,1,29275,512,584,1785153465735626000,1785153465735626000,1785153465735626000,1785153465735627000,1785153465735695000,1785153465735698000,1785153465735698000,1785153465735698000,121932490,121652369,-212.121,0.000,0.000,1.000,3.000,0.000,0.000,36.000,0,0,0
B3_zmq_pushpull,zmq_tcp,none,none,,1,29276,512,584,1785153465736627000,1785153465736627000,1785153465736627000,1785153465736628000,1785153465736674000,1785153465736676000,1785153465736676000,1785153465736676000,121932490,121652369,-234.121,0.000,0.000,1.000,2.000,0.000,0.000,22.000,0,0,0
B3_zmq_pushpull,zmq_tcp,none,none,,1,29277,512,584,1785153465737626000,1785153465737626000,1785153465737626000,1785153465737627000,1785153465737780000,1785153465737782000,1785153465737782000,1785153465737782000,121932490,121652369,-127.121,0.000,0.000,1.000,2.000,0.000,0.000,107.000,0,0,0
B3_zmq_pushpull,zmq_tcp,none,none,,1,29278,512,584,1785153465738623000,1785153465738623000,1785153465738623000,1785153465738624000,1785153465738767000,1785153465738770000,1785153465738770000,1785153465738770000,121932490,121652369,-137.121,0.000,0.000,1.000,3.000,0.000,0.000,10.000,0,0,0
B3_zmq_pushpull,zmq_tcp,none,none,,1,29279,512,584,1785153465739627000,1785153465739628000,1785153465739628000,1785153465739629000,1785153465739758000,1785153465739761000,1785153465739761000,1785153465739761000,121932490,121652369,-151.121,1.000,0.000,1.000,3.000,0.000,0.000,14.000,0,0,0
B3_zmq_pushpull,zmq_tcp,none,none,,1,29280,512,584,1785153465740626000,1785153465740626000,1785153465740626000,1785153465740627000,1785153465740721000,1785153465740724000,1785153465740724000,1785153465740724000,121932490,121652369,-186.121,0.000,0.000,1.000,3.000,0.000,0.000,35.000,0,0,0
B3_zmq_pushpull,zmq_tcp,none,none,,1,29281,512,584,1785153465741626000,1785153465741626000,1785153465741626000,1785153465741627000,1785153465741687000,1785153465741689000,1785153465741689000,1785153465741689000,121932490,121652369,-220.121,0.000,0.000,1.000,2.000,0.000,0.000,34.000,0,0,0
B3_zmq_pushpull,zmq_tcp,none,none,,1,29282,512,584,1785153465742623000,1785153465742624000,1785153465742624000,1785153465742625000,1785153465742670000,1785153465742673000,1785153465742673000,1785153465742673000,121932490,121652369,-235.121,1.000,0.000,1.000,3.000,0.000,0.000,15.000,0,0,0
B3_zmq_pushpull,zmq_tcp,none,none,,1,29283,512,584,1785153465743515000,1785153465743516000,1785153465743516000,1785153465743517000,1785153465743671000,1785153465743674000,1785153465743674000,1785153465743674000,121932490,121652369,-126.121,1.000,0.000,1.000,3.000,0.000,0.000,109.000,0,0,0
B3_zmq_pushpull,zmq_tcp,none,none,,1,29284,512,584,1785153465744508000,1785153465744508000,1785153465744508000,1785153465744509000,1785153465744666000,1785153465744669000,1785153465744669000,1785153465744669000,121932490,121652369,-123.121,0.000,0.000,1.000,3.000,0.000,0.000,3.000,0,0,0
B3_zmq_pushpull,zmq_tcp,none,none,,1,29285,512,584,1785153465745496000,1785153465745496000,1785153465745496000,1785153465745497000,1785153465745645000,1785153465745648000,1785153465745648000,1785153465745648000,121932490,121652369,-132.121,0.000,0.000,1.000,3.000,0.000,0.000,9.000,0,0,0
B3_zmq_pushpull,zmq_tcp,none,none,,1,29286,512,584,1785153465746658000,1785153465746658000,1785153465746658000,1785153465746659000,1785153465746782000,1785153465746784000,1785153465746785000,1785153465746785000,121932490,121652369,-157.121,0.000,0.000,1.000,2.000,1.000,0.000,25.000,0,0,0
B3_zmq_pushpull,zmq_tcp,none,none,,1,29287,512,584,1785153465747619000,1785153465747619000,1785153465747619000,1785153465747620000,1785153465747765000,1785153465747767000,1785153465747767000,1785153465747767000,121932490,121652369,-135.121,0.000,0.000,1.000,2.000,0.000,0.000,22.000,0,0,0
B3_zmq_pushpull,zmq_tcp,none,none,,1,29288,512,584,1785153465748444000,1785153465748444000,1785153465748444000,1785153465748445000,1785153465748595000,1785153465748598000,1785153465748598000,1785153465748598000,121932490,121652369,-130.121,0.000,0.000,1.000,3.000,0.000,0.000,5.000,0,0,0
B3_zmq_pushpull,zmq_tcp,none,none,,1,29289,512,584,1785153465749673000,1785153465749673000,1785153465749673000,1785153465749674000,1785153465749826000,1785153465749829000,1785153465749829000,1785153465749829000,121932490,121652369,-128.121,0.000,0.000,1.000,3.000,0.000,0.000,2.000,0,0,0
B3_zmq_pushpull,zmq_tcp,none,none,,1,29290,512,584,1785153465750615000,1785153465750615000,1785153465750615000,1785153465750616000,1785153465750658000,1785153465750661000,1785153465750661000,1785153465750661000,121932490,121652369,-238.121,0.000,0.000,1.000,3.000,0.000,0.000,110.000,0,0,0
B3_zmq_pushpull,zmq_tcp,none,none,,1,29291,512,584,1785153465751630000,1785153465751630000,1785153465751630000,1785153465751631000,1785153465751767000,1785153465751770000,1785153465751770000,1785153465751770000,121932490,121652369,-144.121,0.000,0.000,1.000,3.000,0.000,0.000,94.000,0,0,0
B3_zmq_pushpull,zmq_tcp,none,none,,1,29292,512,584,1785153465752626000,1785153465752626000,1785153465752626000,1785153465752627000,1785153465752746000,1785153465752749000,1785153465752749000,1785153465752749000,121932490,121652369,-161.121,0.000,0.000,1.000,3.000,0.000,0.000,17.000,0,0,0
B3_zmq_pushpull,zmq_tcp,none,none,,1,29293,512,584,1785153465753627000,1785153465753628000,1785153465753628000,1785153465753628000,1785153465753723000,1785153465753726000,1785153465753726000,1785153465753726000,121932490,121652369,-185.121,1.000,0.000,0.000,3.000,0.000,0.000,24.000,0,0,0
B3_zmq_pushpull,zmq_tcp,none,none,,1,29294,512,584,1785153465754624000,1785153465754624000,1785153465754624000,1785153465754625000,1785153465754711000,1785153465754714000,1785153465754714000,1785153465754714000,121932490,121652369,-194.121,0.000,0.000,1.000,3.000,0.000,0.000,9.000,0,0,0
B3_zmq_pushpull,zmq_tcp,none,none,,1,29295,512,584,1785153465755629000,1785153465755629000,1785153465755629000,1785153465755630000,1785153465755686000,1785153465755689000,1785153465755689000,1785153465755689000,121932490,121652369,-224.121,0.000,0.000,1.000,3.000,0.000,0.000,30.000,0,0,0
B3_zmq_pushpull,zmq_tcp,none,none,,1,29296,512,584,1785153465756626000,1785153465756626000,1785153465756626000,1785153465756627000,1785153465756782000,1785153465756785000,1785153465756785000,1785153465756785000,121932490,121652369,-125.121,0.000,0.000,1.000,3.000,0.000,0.000,99.000,0,0,0
B3_zmq_pushpull,zmq_tcp,none,none,,1,29297,512,584,1785153465757626000,1785153465757626000,1785153465757626000,1785153465757627000,1785153465757753000,1785153465757756000,1785153465757756000,1785153465757756000,121932490,121652369,-154.121,0.000,0.000,1.000,3.000,0.000,0.000,29.000,0,0,0
B3_zmq_pushpull,zmq_tcp,none,none,,1,29298,512,584,1785153465758624000,1785153465758624000,1785153465758624000,1785153465758625000,1785153465758751000,1785153465758754000,1785153465758754000,1785153465758754000,121932490,121652369,-154.121,0.000,0.000,1.000,3.000,0.000,0.000,0.000,0,0,0
B3_zmq_pushpull,zmq_tcp,none,none,,1,29299,512,584,1785153465759630000,1785153465759630000,1785153465759630000,1785153465759631000,1785153465759749000,1785153465759751000,1785153465759751000,1785153465759751000,121932490,121652369,-162.121,0.000,0.000,1.000,2.000,0.000,0.000,8.000,0,0,0
B3_zmq_pushpull,zmq_tcp,none,none,,1,29300,512,584,1785153465760628000,1785153465760628000,1785153465760628000,1785153465760629000,1785153465760728000,1785153465760731000,1785153465760731000,1785153465760731000,121932490,121652369,-181.121,0.000,0.000,1.000,3.000,0.000,0.000,19.000,0,0,0
B3_zmq_pushpull,zmq_tcp,none,none,,1,29301,512,584,1785153465761624000,1785153465761625000,1785153465761625000,1785153465761626000,1785153465761707000,1785153465761710000,1785153465761710000,1785153465761710000,121932490,121652369,-199.121,1.000,0.000,1.000,3.000,0.000,0.000,18.000,0,0,0
B3_zmq_pushpull,zmq_tcp,none,none,,1,29302,512,584,1785153465762628000,1785153465762628000,1785153465762628000,1785153465762629000,1785153465762685000,1785153465762687000,1785153465762687000,1785153465762687000,121932490,121652369,-224.121,0.000,0.000,1.000,2.000,0.000,0.000,25.000,0,0,0
B3_zmq_pushpull,zmq_tcp,none,none,,1,29303,512,584,1785153465763626000,1785153465763626000,1785153465763626000,1785153465763627000,1785153465763794000,1785153465763797000,1785153465763797000,1785153465763797000,121932490,121652369,-113.121,0.000,0.000,1.000,3.000,0.000,0.000,111.000,0,0,0
B3_zmq_pushpull,zmq_tcp,none,none,,1,29304,512,584,1785153465764473000,1785153465764473000,1785153465764473000,1785153465764474000,1785153465764615000,1785153465764619000,1785153465764619000,1785153465764619000,121932490,121652369,-139.121,0.000,0.000,1.000,4.000,0.000,0.000,26.000,0,0,0
B3_zmq_pushpull,zmq_tcp,none,none,,1,29305,512,584,1785153465765443000,1785153465765443000,1785153465765443000,1785153465765444000,1785153465765602000,1785153465765609000,1785153465765609000,1785153465765609000,121932490,121652369,-122.121,0.000,0.000,1.000,7.000,0.000,0.000,17.000,0,0,0
B3_zmq_pushpull,zmq_tcp,none,none,,1,29306,512,584,1785153465766433000,1785153465766433000,1785153465766434000,1785153465766434000,1785153465766594000,1785153465766597000,1785153465766597000,1785153465766597000,121932490,121652369,-120.121,0.000,1.000,0.000,3.000,0.000,0.000,2.000,0,0,0
B3_zmq_pushpull,zmq_tcp,none,none,,1,29307,512,584,1785153465767677000,1785153465767677000,1785153465767677000,1785153465767678000,1785153465767867000,1785153465767870000,1785153465767870000,1785153465767871000,121932490,121652369,-91.121,0.000,0.000,1.000,3.000,0.000,1.000,29.000,0,0,0
B3_zmq_pushpull,zmq_tcp,none,none,,1,29308,512,584,1785153465768542000,1785153465768542000,1785153465768543000,1785153465768543000,1785153465768685000,1785153465768688000,1785153465768688000,1785153465768688000,121932490,121652369,-138.121,0.000,1.000,0.000,3.000,0.000,0.000,47.000,0,0,0
B3_zmq_pushpull,zmq_tcp,none,none,,1,29309,512,584,1785153465769503000,1785153465769503000,1785153465769503000,1785153465769504000,1785153465769646000,1785153465769649000,1785153465769649000,1785153465769649000,121932490,121652369,-138.121,0.000,0.000,1.000,3.000,0.000,0.000,0.000,0,0,0
B3_zmq_pushpull,zmq_tcp,none,none,,1,29310,512,584,1785153465770658000,1785153465770658000,1785153465770658000,1785153465770659000,1785153465770751000,1785153465770754000,1785153465770754000,1785153465770754000,121932490,121652369,-188.121,0.000,0.000,1.000,3.000,0.000,0.000,50.000,0,0,0
B3_zmq_pushpull,zmq_tcp,none,none,,1,29311,512,584,1785153465771619000,1785153465771619000,1785153465771620000,1785153465771620000,1785153465771717000,1785153465771720000,1785153465771720000,1785153465771720000,121932490,121652369,-183.121,0.000,1.000,0.000,3.000,0.000,0.000,5.000,0,0,0
B3_zmq_pushpull,zmq_tcp,none,none,,1,29312,512,584,1785153465772546000,1785153465772546000,1785153465772546000,1785153465772547000,1785153465772707000,1785153465772710000,1785153465772710000,1785153465772710000,121932490,121652369,-120.121,0.000,0.000,1.000,3.000,0.000,0.000,63.000,0,0,0
B3_zmq_pushpull,zmq_tcp,none,none,,1,29313,512,584,1785153465773549000,1785153465773549000,1785153465773549000,1785153465773550000,1785153465773699000,1785153465773702000,1785153465773702000,1785153465773702000,121932490,121652369,-131.121,0.000,0.000,1.000,3.000,0.000,0.000,11.000,0,0,0
B3_zmq_pushpull,zmq_tcp,none,none,,1,29314,512,584,1785153465774508000,1785153465774509000,1785153465774509000,1785153465774510000,1785153465774658000,1785153465774661000,1785153465774661000,1785153465774661000,121932490,121652369,-132.121,1.000,0.000,1.000,3.000,0.000,0.000,1.000,0,0,0
B3_zmq_pushpull,zmq_tcp,none,none,,1,29315,512,584,1785153465775656000,1785153465775656000,1785153465775656000,1785153465775657000,1785153465775777000,1785153465775780000,1785153465775780000,1785153465775780000,121932490,121652369,-160.121,0.000,0.000,1.000,3.000,0.000,0.000,28.000,0,0,0
B3_zmq_pushpull,zmq_tcp,none,none,,1,29316,512,584,1785153465776617000,1785153465776617000,1785153465776617000,1785153465776618000,1785153465776751000,1785153465776754000,1785153465776754000,1785153465776754000,121932490,121652369,-147.121,0.000,0.000,1.000,3.000,0.000,0.000,13.000,0,0,0
B3_zmq_pushpull,zmq_tcp,none,none,,1,29317,512,584,1785153465777629000,1785153465777629000,1785153465777629000,1785153465777630000,1785153465777729000,1785153465777731000,1785153465777731000,1785153465777731000,121932490,121652369,-181.121,0.000,0.000,1.000,2.000,0.000,0.000,34.000,0,0,0
B3_zmq_pushpull,zmq_tcp,none,none,,1,29318,512,584,1785153465778628000,1785153465778628000,1785153465778628000,1785153465778629000,1785153465778725000,1785153465778727000,1785153465778727000,1785153465778727000,121932490,121652369,-184.121,0.000,0.000,1.000,2.000,0.000,0.000,3.000,0,0,0
B3_zmq_pushpull,zmq_tcp,none,none,,1,29319,512,584,1785153465779629000,1785153465779629000,1785153465779629000,1785153465779630000,1785153465779695000,1785153465779697000,1785153465779697000,1785153465779697000,121932490,121652369,-215.121,0.000,0.000,1.000,2.000,0.000,0.000,31.000,0,0,0
B3_zmq_pushpull,zmq_tcp,none,none,,1,29320,512,584,1785153465780625000,1785153465780625000,1785153465780625000,1785153465780626000,1785153465780802000,1785153465780805000,1785153465780805000,1785153465780805000,121932490,121652369,-104.121,0.000,0.000,1.000,3.000,0.000,0.000,111.000,0,0,0
B3_zmq_pushpull,zmq_tcp,none,none,,1,29321,512,584,1785153465781630000,1785153465781630000,1785153465781630000,1785153465781631000,1785153465781790000,1785153465781793000,1785153465781793000,1785153465781793000,121932490,121652369,-121.121,0.000,0.000,1.000,3.000,0.000,0.000,17.000,0,0,0
B3_zmq_pushpull,zmq_tcp,none,none,,1,29322,512,584,1785153465782492000,1785153465782492000,1785153465782492000,1785153465782493000,1785153465782643000,1785153465782646000,1785153465782646000,1785153465782646000,121932490,121652369,-130.121,0.000,0.000,1.000,3.000,0.000,0.000,9.000,0,0,0
B3_zmq_pushpull,zmq_tcp,none,none,,1,29323,512,584,1785153465783471000,1785153465783471000,1785153465783471000,1785153465783472000,1785153465783623000,1785153465783626000,1785153465783626000,1785153465783626000,121932490,121652369,-129.121,0.000,0.000,1.000,3.000,0.000,0.000,1.000,0,0,0
B3_zmq_pushpull,zmq_tcp,none,none,,1,29324,512,584,1785153465784439000,1785153465784439000,1785153465784439000,1785153465784440000,1785153465784591000,1785153465784594000,1785153465784594000,1785153465784594000,121932490,121652369,-129.121,0.000,0.000,1.000,3.000,0.000,0.000,0.000,0,0,0
B3_zmq_pushpull,zmq_tcp,none,none,,1,29325,512,584,1785153465785540000,1785153465785540000,1785153465785540000,1785153465785541000,1785153465785682000,1785153465785685000,1785153465785685000,1785153465785685000,121932490,121652369,-139.121,0.000,0.000,1.000,3.000,0.000,0.000,10.000,0,0,0
B3_zmq_pushpull,zmq_tcp,none,none,,1,29326,512,584,1785153465786527000,1785153465786528000,1785153465786528000,1785153465786529000,1785153465786673000,1785153465786675000,1785153465786675000,1785153465786676000,121932490,121652369,-136.121,1.000,0.000,1.000,2.000,0.000,1.000,3.000,0,0,0
B3_zmq_pushpull,zmq_tcp,none,none,,1,29327,512,584,1785153465787498000,1785153465787498000,1785153465787498000,1785153465787499000,1785153465787658000,1785153465787661000,1785153465787661000,1785153465787661000,121932490,121652369,-121.121,0.000,0.000,1.000,3.000,0.000,0.000,15.000,0,0,0
B3_zmq_pushpull,zmq_tcp,none,none,,1,29328,512,584,1785153465788662000,1785153465788662000,1785153465788662000,1785153465788663000,1785153465788741000,1785153465788743000,1785153465788743000,1785153465788744000,121932490,121652369,-202.121,0.000,0.000,1.000,2.000,0.000,1.000,81.000,0,0,0
B3_zmq_pushpull,zmq_tcp,none,none,,1,29329,512,584,1785153465789618000,1785153465789619000,1785153465789619000,1785153465789620000,1785153465789713000,1785153465789716000,1785153465789716000,1785153465789716000,121932490,121652369,-187.121,1.000,0.000,1.000,3.000,0.000,0.000,15.000,0,0,0
B3_zmq_pushpull,zmq_tcp,none,none,,1,29330,512,584,1785153465790542000,1785153465790542000,1785153465790542000,1785153465790543000,1785153465790685000,1785153465790687000,1785153465790687000,1785153465790687000,121932490,121652369,-138.121,0.000,0.000,1.000,2.000,0.000,0.000,49.000,0,0,0
B3_zmq_pushpull,zmq_tcp,none,none,,1,29331,512,584,1785153465791648000,1785153465791648000,1785153465791648000,1785153465791649000,1785153465791782000,1785153465791785000,1785153465791785000,1785153465791785000,121932490,121652369,-147.121,0.000,0.000,1.000,3.000,0.000,0.000,9.000,0,0,0
B3_zmq_pushpull,zmq_tcp,none,none,,1,29332,512,584,1785153465792621000,1785153465792622000,1785153465792622000,1785153465792623000,1785153465792774000,1785153465792777000,1785153465792777000,1785153465792777000,121932490,121652369,-129.121,1.000,0.000,1.000,3.000,0.000,0.000,18.000,0,0,0
B3_zmq_pushpull,zmq_tcp,none,none,,1,29333,512,584,1785153465793626000,1785153465793626000,1785153465793626000,1785153465793627000,1785153465793761000,1785153465793763000,1785153465793763000,1785153465793763000,121932490,121652369,-146.121,0.000,0.000,1.000,2.000,0.000,0.000,17.000,0,0,0
B3_zmq_pushpull,zmq_tcp,none,none,,1,29334,512,584,1785153465794628000,1785153465794628000,1785153465794628000,1785153465794629000,1785153465794737000,1785153465794739000,1785153465794739000,1785153465794739000,121932490,121652369,-172.121,0.000,0.000,1.000,2.000,0.000,0.000,26.000,0,0,0
B3_zmq_pushpull,zmq_tcp,none,none,,1,29335,512,584,1785153465795629000,1785153465795629000,1785153465795629000,1785153465795630000,1785153465795713000,1785153465795716000,1785153465795716000,1785153465795716000,121932490,121652369,-197.121,0.000,0.000,1.000,3.000,0.000,0.000,25.000,0,0,0
B3_zmq_pushpull,zmq_tcp,none,none,,1,29336,512,584,1785153465796625000,1785153465796625000,1785153465796625000,1785153465796626000,1785153465796698000,1785153465796701000,1785153465796701000,1785153465796701000,121932490,121652369,-208.121,0.000,0.000,1.000,3.000,0.000,0.000,11.000,0,0,0
B3_zmq_pushpull,zmq_tcp,none,none,,1,29337,512,584,1785153465797628000,1785153465797628000,1785153465797628000,1785153465797629000,1785153465797674000,1785153465797678000,1785153465797678000,1785153465797678000,121932490,121652369,-235.121,0.000,0.000,1.000,4.000,0.000,0.000,27.000,0,0,0
B3_zmq_pushpull,zmq_tcp,none,none,,1,29338,512,584,1785153465798627000,1785153465798627000,1785153465798627000,1785153465798628000,1785153465798793000,1785153465798796000,1785153465798796000,1785153465798796000,121932490,121652369,-115.121,0.000,0.000,1.000,3.000,0.000,0.000,120.000,0,0,0
B3_zmq_pushpull,zmq_tcp,none,none,,1,29339,512,584,1785153465799627000,1785153465799627000,1785153465799627000,1785153465799628000,1785153465799792000,1785153465799794000,1785153465799794000,1785153465799794000,121932490,121652369,-116.121,0.000,0.000,1.000,2.000,0.000,0.000,1.000,0,0,0
B3_zmq_pushpull,zmq_tcp,none,none,,1,29340,512,584,1785153465800624000,1785153465800624000,1785153465800624000,1785153465800625000,1785153465800789000,1785153465800792000,1785153465800792000,1785153465800792000,121932490,121652369,-116.121,0.000,0.000,1.000,3.000,0.000,0.000,0.000,0,0,0
B3_zmq_pushpull,zmq_tcp,none,none,,1,29341,512,584,1785153465801488000,1785153465801488000,1785153465801488000,1785153465801489000,1785153465801646000,1785153465801649000,1785153465801649000,1785153465801649000,121932490,121652369,-123.121,0.000,0.000,1.000,3.000,0.000,0.000,7.000,0,0,0
B3_zmq_pushpull,zmq_tcp,none,none,,1,29342,512,584,1785153465802483000,1785153465802483000,1785153465802483000,1785153465802484000,1785153465802642000,1785153465802645000,1785153465802645000,1785153465802645000,121932490,121652369,-122.121,0.000,0.000,1.000,3.000,0.000,0.000,1.000,0,0,0
B3_zmq_pushpull,zmq_tcp,none,none,,1,29343,512,584,1785153465803663000,1785153465803663000,1785153465803663000,1785153465803664000,1785153465803748000,1785153465803750000,1785153465803750000,1785153465803750000,121932490,121652369,-196.121,0.000,0.000,1.000,2.000,0.000,0.000,74.000,0,0,0
B3_zmq_pushpull,zmq_tcp,none,none,,1,29344,512,584,1785153465804617000,1785153465804617000,1785153465804617000,1785153465804618000,1785153465804724000,1785153465804726000,1785153465804726000,1785153465804726000,121932490,121652369,-174.121,0.000,0.000,1.000,2.000,0.000,0.000,22.000,0,0,0
B3_zmq_pushpull,zmq_tcp,none,none,,1,29345,512,584,1785153465805629000,1785153465805629000,1785153465805629000,1785153465805630000,1785153465805692000,1785153465805694000,1785153465805694000,1785153465805694000,121932490,121652369,-218.121,0.000,0.000,1.000,2.000,0.000,0.000,44.000,0,0,0
B3_zmq_pushpull,zmq_tcp,none,none,,1,29346,512,584,1785153465806629000,1785153465806630000,1785153465806630000,1785153465806631000,1785153465806808000,1785153465806811000,1785153465806811000,1785153465806811000,121932490,121652369,-103.121,1.000,0.000,1.000,3.000,0.000,0.000,115.000,0,0,0
B3_zmq_pushpull,zmq_tcp,none,none,,1,29347,512,584,1785153465807516000,1785153465807516000,1785153465807516000,1785153465807517000,1785153465807663000,1785153465807665000,1785153465807665000,1785153465807665000,121932490,121652369,-134.121,0.000,0.000,1.000,2.000,0.000,0.000,31.000,0,0,0
B3_zmq_pushpull,zmq_tcp,none,none,,1,29348,512,584,1785153465808652000,1785153465808652000,1785153465808652000,1785153465808653000,1785153465808794000,1785153465808797000,1785153465808797000,1785153465808797000,121932490,121652369,-139.121,0.000,0.000,1.000,3.000,0.000,0.000,5.000,0,0,0
B3_zmq_pushpull,zmq_tcp,none,none,,1,29349,512,584,1785153465809620000,1785153465809621000,1785153465809621000,1785153465809622000,1785153465809765000,1785153465809768000,1785153465809768000,1785153465809768000,121932490,121652369,-137.121,1.000,0.000,1.000,3.000,0.000,0.000,2.000,0,0,0
B3_zmq_pushpull,zmq_tcp,none,none,,1,29350,512,584,1785153465810630000,1785153465810630000,1785153465810630000,1785153465810631000,1785153465810756000,1785153465810759000,1785153465810759000,1785153465810759000,121932490,121652369,-155.121,0.000,0.000,1.000,3.000,0.000,0.000,18.000,0,0,0
B3_zmq_pushpull,zmq_tcp,none,none,,1,29351,512,584,1785153465811622000,1785153465811623000,1785153465811623000,1785153465811624000,1785153465811751000,1785153465811753000,1785153465811753000,1785153465811753000,121932490,121652369,-153.121,1.000,0.000,1.000,2.000,0.000,0.000,2.000,0,0,0
B3_zmq_pushpull,zmq_tcp,none,none,,1,29352,512,584,1785153465812628000,1785153465812628000,1785153465812628000,1785153465812629000,1785153465812737000,1785153465812740000,1785153465812740000,1785153465812740000,121932490,121652369,-172.121,0.000,0.000,1.000,3.000,0.000,0.000,19.000,0,0,0
B3_zmq_pushpull,zmq_tcp,none,none,,1,29353,512,584,1785153465813627000,1785153465813627000,1785153465813627000,1785153465813628000,1785153465813731000,1785153465813734000,1785153465813734000,1785153465813734000,121932490,121652369,-177.121,0.000,0.000,1.000,3.000,0.000,0.000,5.000,0,0,0
B3_zmq_pushpull,zmq_tcp,none,none,,1,29354,512,584,1785153465814627000,1785153465814627000,1785153465814627000,1785153465814628000,1785153465814709000,1785153465814712000,1785153465814712000,1785153465814712000,121932490,121652369,-199.121,0.000,0.000,1.000,3.000,0.000,0.000,22.000,0,0,0
B3_zmq_pushpull,zmq_tcp,none,none,,1,29355,512,584,1785153465815625000,1785153465815625000,1785153465815625000,1785153465815626000,1785153465815699000,1785153465815703000,1785153465815703000,1785153465815703000,121932490,121652369,-207.121,0.000,0.000,1.000,4.000,0.000,0.000,8.000,0,0,0
B3_zmq_pushpull,zmq_tcp,none,none,,1,29356,512,584,1785153465816517000,1785153465816517000,1785153465816518000,1785153465816518000,1785153465816670000,1785153465816674000,1785153465816674000,1785153465816674000,121932490,121652369,-128.121,0.000,1.000,0.000,4.000,0.000,0.000,79.000,0,0,0
B3_zmq_pushpull,zmq_tcp,none,none,,1,29357,512,584,1785153465817500000,1785153465817500000,1785153465817500000,1785153465817501000,1785153465817655000,1785153465817659000,1785153465817659000,1785153465817659000,121932490,121652369,-126.121,0.000,0.000,1.000,4.000,0.000,0.000,2.000,0,0,0
B3_zmq_pushpull,zmq_tcp,none,none,,1,29358,512,584,1785153465818492000,1785153465818492000,1785153465818493000,1785153465818493000,1785153465818645000,1785153465818648000,1785153465818648000,1785153465818648000,121932490,121652369,-128.121,0.000,1.000,0.000,3.000,0.000,0.000,2.000,0,0,0
B3_zmq_pushpull,zmq_tcp,none,none,,1,29359,512,584,1785153465819472000,1785153465819472000,1785153465819473000,1785153465819473000,1785153465819625000,1785153465819628000,1785153465819628000,1785153465819628000,121932490,121652369,-128.121,0.000,1.000,0.000,3.000,0.000,0.000,0.000,0,0,0
B3_zmq_pushpull,zmq_tcp,none,none,,1,29360,512,584,1785153465820446000,1785153465820446000,1785153465820446000,1785153465820448000,1785153465820590000,1785153465820593000,1785153465820593000,1785153465820593000,121932490,121652369,-138.121,0.000,0.000,2.000,3.000,0.000,0.000,10.000,0,0,0
B3_zmq_pushpull,zmq_tcp,none,none,,1,29361,512,584,1785153465821675000,1785153465821675000,1785153465821675000,1785153465821676000,1785153465821853000,1785153465821856000,1785153465821856000,1785153465821856000,121932490,121652369,-103.121,0.000,0.000,1.000,3.000,0.000,0.000,35.000,0,0,0
B3_zmq_pushpull,zmq_tcp,none,none,,1,29362,512,584,1785153465822612000,1785153465822612000,1785153465822612000,1785153465822613000,1785153465822712000,1785153465822714000,1785153465822714000,1785153465822714000,121932490,121652369,-181.121,0.000,0.000,1.000,2.000,0.000,0.000,78.000,0,0,0
B3_zmq_pushpull,zmq_tcp,none,none,,1,29363,512,584,1785153465823635000,1785153465823635000,1785153465823635000,1785153465823636000,1785153465823825000,1785153465823828000,1785153465823828000,1785153465823828000,121932490,121652369,-91.121,0.000,0.000,1.000,3.000,0.000,0.000,90.000,0,0,0
B3_zmq_pushpull,zmq_tcp,none,none,,1,29364,512,584,1785153465824527000,1785153465824527000,1785153465824527000,1785153465824528000,1785153465824680000,1785153465824683000,1785153465824683000,1785153465824683000,121932490,121652369,-128.121,0.000,0.000,1.000,3.000,0.000,0.000,37.000,0,0,0
B3_zmq_pushpull,zmq_tcp,none,none,,1,29365,512,584,1785153465825496000,1785153465825496000,1785153465825496000,1785153465825497000,1785153465825646000,1785153465825649000,1785153465825649000,1785153465825649000,121932490,121652369,-131.121,0.000,0.000,1.000,3.000,0.000,0.000,3.000,0,0,0
B3_zmq_pushpull,zmq_tcp,none,none,,1,29366,512,584,1785153465826480000,1785153465826480000,1785153465826481000,1785153465826481000,1785153465826637000,1785153465826641000,1785153465826641000,1785153465826641000,121932490,121652369,-124.121,0.000,1.000,0.000,4.000,0.000,0.000,7.000,0,0,0
B3_zmq_pushpull,zmq_tcp,none,none,,1,29367,512,584,1785153465827664000,1785153465827664000,1785153465827664000,1785153465827665000,1785153465827758000,1785153465827761000,1785153465827761000,1785153465827761000,121932490,121652369,-187.121,0.000,0.000,1.000,3.000,0.000,0.000,63.000,0,0,0
B3_zmq_pushpull,zmq_tcp,none,none,,1,29368,512,584,1785153465828619000,1785153465828620000,1785153465828620000,1785153465828621000,1785153465828730000,1785153465828733000,1785153465828733000,1785153465828733000,121932490,121652369,-171.121,1.000,0.000,1.000,3.000,0.000,0.000,16.000,0,0,0
B3_zmq_pushpull,zmq_tcp,none,none,,1,29369,512,584,1785153465829626000,1785153465829626000,1785153465829626000,1785153465829627000,1785153465829688000,1785153465829690000,1785153465829690000,1785153465829690000,121932490,121652369,-219.121,0.000,0.000,1.000,2.000,0.000,0.000,48.000,0,0,0
B3_zmq_pushpull,zmq_tcp,none,none,,1,29370,512,584,1785153465830629000,1785153465830629000,1785153465830629000,1785153465830630000,1785153465830674000,1785153465830677000,1785153465830677000,1785153465830677000,121932490,121652369,-236.121,0.000,0.000,1.000,3.000,0.000,0.000,17.000,0,0,0
B3_zmq_pushpull,zmq_tcp,none,none,,1,29371,512,584,1785153465831503000,1785153465831503000,1785153465831503000,1785153465831504000,1785153465831654000,1785153465831658000,1785153465831658000,1785153465831658000,121932490,121652369,-130.121,0.000,0.000,1.000,4.000,0.000,0.000,106.000,0,0,0
B3_zmq_pushpull,zmq_tcp,none,none,,1,29372,512,584,1785153465832490000,1785153465832490000,1785153465832490000,1785153465832491000,1785153465832646000,1785153465832649000,1785153465832649000,1785153465832649000,121932490,121652369,-125.121,0.000,0.000,1.000,3.000,0.000,0.000,5.000,0,0,0
B3_zmq_pushpull,zmq_tcp,none,none,,1,29373,512,584,1785153465833659000,1785153465833659000,1785153465833659000,1785153465833660000,1785153465833771000,1785153465833774000,1785153465833774000,1785153465833774000,121932490,121652369,-169.121,0.000,0.000,1.000,3.000,0.000,0.000,44.000,0,0,0
B3_zmq_pushpull,zmq_tcp,none,none,,1,29374,512,584,1785153465834619000,1785153465834619000,1785153465834619000,1785153465834620000,1785153465834770000,1785153465834773000,1785153465834773000,1785153465834773000,121932490,121652369,-130.121,0.000,0.000,1.000,3.000,0.000,0.000,39.000,0,0,0
B3_zmq_pushpull,zmq_tcp,none,none,,1,29375,512,584,1785153465835632000,1785153465835632000,1785153465835632000,1785153465835633000,1785153465835750000,1785153465835753000,1785153465835753000,1785153465835753000,121932490,121652369,-163.121,0.000,0.000,1.000,3.000,0.000,0.000,33.000,0,0,0
B3_zmq_pushpull,zmq_tcp,none,none,,1,29376,512,584,1785153465836625000,1785153465836626000,1785153465836626000,1785153465836627000,1785153465836753000,1785153465836755000,1785153465836755000,1785153465836755000,121932490,121652369,-154.121,1.000,0.000,1.000,2.000,0.000,0.000,9.000,0,0,0
B3_zmq_pushpull,zmq_tcp,none,none,,1,29377,512,584,1785153465837628000,1785153465837628000,1785153465837628000,1785153465837629000,1785153465837753000,1785153465837756000,1785153465837756000,1785153465837756000,121932490,121652369,-156.121,0.000,0.000,1.000,3.000,0.000,0.000,2.000,0,0,0
B3_zmq_pushpull,zmq_tcp,none,none,,1,29378,512,584,1785153465838630000,1785153465838630000,1785153465838630000,1785153465838631000,1785153465838744000,1785153465838747000,1785153465838747000,1785153465838747000,121932490,121652369,-167.121,0.000,0.000,1.000,3.000,0.000,0.000,11.000,0,0,0
B3_zmq_pushpull,zmq_tcp,none,none,,1,29379,512,584,1785153465839627000,1785153465839627000,1785153465839627000,1785153465839628000,1785153465839740000,1785153465839743000,1785153465839743000,1785153465839743000,121932490,121652369,-168.121,0.000,0.000,1.000,3.000,0.000,0.000,1.000,0,0,0
B3_zmq_pushpull,zmq_tcp,none,none,,1,29380,512,584,1785153465840629000,1785153465840629000,1785153465840629000,1785153465840630000,1785153465840729000,1785153465840732000,1785153465840732000,1785153465840732000,121932490,121652369,-181.121,0.000,0.000,1.000,3.000,0.000,0.000,13.000,0,0,0
B3_zmq_pushpull,zmq_tcp,none,none,,1,29381,512,584,1785153465841631000,1785153465841631000,1785153465841631000,1785153465841632000,1785153465841714000,1785153465841717000,1785153465841717000,1785153465841717000,121932490,121652369,-198.121,0.000,0.000,1.000,3.000,0.000,0.000,17.000,0,0,0
B3_zmq_pushpull,zmq_tcp,none,none,,1,29382,512,584,1785153465842628000,1785153465842628000,1785153465842628000,1785153465842629000,1785153465842709000,1785153465842713000,1785153465842713000,1785153465842713000,121932490,121652369,-200.121,0.000,0.000,1.000,4.000,0.000,0.000,2.000,0,0,0
B3_zmq_pushpull,zmq_tcp,none,none,,1,29383,512,584,1785153465843627000,1785153465843627000,1785153465843627000,1785153465843628000,1785153465843696000,1785153465843699000,1785153465843699000,1785153465843699000,121932490,121652369,-212.121,0.000,0.000,1.000,3.000,0.000,0.000,12.000,0,0,0
B3_zmq_pushpull,zmq_tcp,none,none,,1,29384,512,584,1785153465844629000,1785153465844629000,1785153465844629000,1785153465844630000,1785153465844689000,1785153465844692000,1785153465844692000,1785153465844692000,121932490,121652369,-221.121,0.000,0.000,1.000,3.000,0.000,0.000,9.000,0,0,0
B3_zmq_pushpull,zmq_tcp,none,none,,1,29385,512,584,1785153465845627000,1785153465845627000,1785153465845627000,1785153465845628000,1785153465845680000,1785153465845684000,1785153465845684000,1785153465845684000,121932490,121652369,-228.121,0.000,0.000,1.000,4.000,0.000,0.000,7.000,0,0,0
B3_zmq_pushpull,zmq_tcp,none,none,,1,29386,512,584,1785153465846627000,1785153465846627000,1785153465846627000,1785153465846628000,1785153465846809000,1785153465846812000,1785153465846812000,1785153465846812000,121932490,121652369,-99.121,0.000,0.000,1.000,3.000,0.000,0.000,129.000,0,0,0
B3_zmq_pushpull,zmq_tcp,none,none,,1,29387,512,584,1785153465847624000,1785153465847624000,1785153465847624000,1785153465847625000,1785153465847792000,1785153465847794000,1785153465847794000,1785153465847795000,121932490,121652369,-113.121,0.000,0.000,1.000,2.000,0.000,1.000,14.000,0,0,0
B3_zmq_pushpull,zmq_tcp,none,none,,1,29388,512,584,1785153465848496000,1785153465848496000,1785153465848496000,1785153465848498000,1785153465848654000,1785153465848657000,1785153465848657000,1785153465848657000,121932490,121652369,-124.121,0.000,0.000,2.000,3.000,0.000,0.000,11.000,0,0,0
B3_zmq_pushpull,zmq_tcp,none,none,,1,29389,512,584,1785153465849491000,1785153465849491000,1785153465849491000,1785153465849492000,1785153465849649000,1785153465849652000,1785153465849652000,1785153465849652000,121932490,121652369,-123.121,0.000,0.000,1.000,3.000,0.000,0.000,1.000,0,0,0
B3_zmq_pushpull,zmq_tcp,none,none,,1,29390,512,584,1785153465850485000,1785153465850485000,1785153465850485000,1785153465850486000,1785153465850642000,1785153465850646000,1785153465850646000,1785153465850646000,121932490,121652369,-124.121,0.000,0.000,1.000,4.000,0.000,0.000,1.000,0,0,0
B3_zmq_pushpull,zmq_tcp,none,none,,1,29391,512,584,1785153465851663000,1785153465851663000,1785153465851663000,1785153465851664000,1785153465851761000,1785153465851764000,1785153465851764000,1785153465851764000,121932490,121652369,-183.121,0.000,0.000,1.000,3.000,0.000,0.000,59.000,0,0,0
B3_zmq_pushpull,zmq_tcp,none,none,,1,29392,512,584,1785153465852619000,1785153465852619000,1785153465852619000,1785153465852620000,1785153465852752000,1785153465852756000,1785153465852756000,1785153465852756000,121932490,121652369,-148.121,0.000,0.000,1.000,4.000,0.000,0.000,35.000,0,0,0
B3_zmq_pushpull,zmq_tcp,none,none,,1,29393,512,584,1785153465853461000,1785153465853462000,1785153465853462000,1785153465853463000,1785153465853616000,1785153465853619000,1785153465853619000,1785153465853619000,121932490,121652369,-127.121,1.000,0.000,1.000,3.000,0.000,0.000,21.000,0,0,0
B3_zmq_pushpull,zmq_tcp,none,none,,1,29394,512,584,1785153465854455000,1785153465854455000,1785153465854456000,1785153465854456000,1785153465854613000,1785153465854615000,1785153465854615000,1785153465854615000,121932490,121652369,-123.121,0.000,1.000,0.000,2.000,0.000,0.000,4.000,0,0,0
B3_zmq_pushpull,zmq_tcp,none,none,,1,29395,512,584,1785153465855670000,1785153465855670000,1785153465855670000,1785153465855671000,1785153465855739000,1785153465855742000,1785153465855742000,1785153465855742000,121932490,121652369,-212.121,0.000,0.000,1.000,3.000,0.000,0.000,89.000,0,0,0
B3_zmq_pushpull,zmq_tcp,none,none,,1,29396,512,584,1785153465856618000,1785153465856618000,1785153465856618000,1785153465856619000,1785153465856724000,1785153465856726000,1785153465856727000,1785153465856727000,121932490,121652369,-175.121,0.000,0.000,1.000,2.000,1.000,0.000,37.000,0,0,0
B3_zmq_pushpull,zmq_tcp,none,none,,1,29397,512,584,1785153465857634000,1785153465857635000,1785153465857635000,1785153465857636000,1785153465857712000,1785153465857715000,1785153465857715000,1785153465857715000,121932490,121652369,-204.121,1.000,0.000,1.000,3.000,0.000,0.000,29.000,0,0,0
B3_zmq_pushpull,zmq_tcp,none,none,,1,29398,512,584,1785153465858625000,1785153465858625000,1785153465858625000,1785153465858626000,1785153465858701000,1785153465858705000,1785153465858705000,1785153465858705000,121932490,121652369,-205.121,0.000,0.000,1.000,4.000,0.000,0.000,1.000,0,0,0
B3_zmq_pushpull,zmq_tcp,none,none,,1,29399,512,584,1785153465859628000,1785153465859628000,1785153465859629000,1785153465859629000,1785153465859677000,1785153465859680000,1785153465859680000,1785153465859680000,121932490,121652369,-232.121,0.000,1.000,0.000,3.000,0.000,0.000,27.000,0,0,0
B3_zmq_pushpull,zmq_tcp,none,none,,1,29400,512,584,1785153465860627000,1785153465860627000,1785153465860627000,1785153465860628000,1785153465860788000,1785153465860791000,1785153465860791000,1785153465860791000,121932490,121652369,-120.121,0.000,0.000,1.000,3.000,0.000,0.000,112.000,0,0,0
B3_zmq_pushpull,zmq_tcp,none,none,,1,29401,512,584,1785153465861628000,1785153465861628000,1785153465861628000,1785153465861629000,1785153465861760000,1785153465861763000,1785153465861763000,1785153465861763000,121932490,121652369,-149.121,0.000,0.000,1.000,3.000,0.000,0.000,29.000,0,0,0
B3_zmq_pushpull,zmq_tcp,none,none,,1,29402,512,584,1785153465862628000,1785153465862628000,1785153465862628000,1785153465862629000,1785153465862741000,1785153465862744000,1785153465862744000,1785153465862744000,121932490,121652369,-168.121,0.000,0.000,1.000,3.000,0.000,0.000,19.000,0,0,0
B3_zmq_pushpull,zmq_tcp,none,none,,1,29403,512,584,1785153465863627000,1785153465863627000,1785153465863627000,1785153465863628000,1785153465863724000,1785153465863726000,1785153465863726000,1785153465863727000,121932490,121652369,-184.121,0.000,0.000,1.000,2.000,0.000,1.000,16.000,0,0,0
B3_zmq_pushpull,zmq_tcp,none,none,,1,29404,512,584,1785153465864629000,1785153465864629000,1785153465864629000,1785153465864630000,1785153465864719000,1785153465864721000,1785153465864721000,1785153465864721000,121932490,121652369,-191.121,0.000,0.000,1.000,2.000,0.000,0.000,7.000,0,0,0
B3_zmq_pushpull,zmq_tcp,none,none,,1,29405,512,584,1785153465865627000,1785153465865627000,1785153465865627000,1785153465865628000,1785153465865709000,1785153465865712000,1785153465865712000,1785153465865712000,121932490,121652369,-199.121,0.000,0.000,1.000,3.000,0.000,0.000,8.000,0,0,0
B3_zmq_pushpull,zmq_tcp,none,none,,1,29406,512,584,1785153465866627000,1785153465866627000,1785153465866627000,1785153465866628000,1785153465866693000,1785153465866697000,1785153465866697000,1785153465866697000,121932490,121652369,-215.121,0.000,0.000,1.000,4.000,0.000,0.000,16.000,0,0,0
B3_zmq_pushpull,zmq_tcp,none,none,,1,29407,512,584,1785153465867627000,1785153465867627000,1785153465867627000,1785153465867628000,1785153465867672000,1785153465867675000,1785153465867675000,1785153465867675000,121932490,121652369,-236.121,0.000,0.000,1.000,3.000,0.000,0.000,21.000,0,0,0
B3_zmq_pushpull,zmq_tcp,none,none,,1,29408,512,584,1785153465868531000,1785153465868531000,1785153465868531000,1785153465868532000,1785153465868671000,1785153465868674000,1785153465868674000,1785153465868674000,121932490,121652369,-141.121,0.000,0.000,1.000,3.000,0.000,0.000,95.000,0,0,0
B3_zmq_pushpull,zmq_tcp,none,none,,1,29409,512,584,1785153465869507000,1785153465869508000,1785153465869508000,1785153465869509000,1785153465869665000,1785153465869668000,1785153465869668000,1785153465869668000,121932490,121652369,-124.121,1.000,0.000,1.000,3.000,0.000,0.000,17.000,0,0,0
B3_zmq_pushpull,zmq_tcp,none,none,,1,29410,512,584,1785153465870509000,1785153465870509000,1785153465870510000,1785153465870510000,1785153465870658000,1785153465870660000,1785153465870661000,1785153465870661000,121932490,121652369,-132.121,0.000,1.000,0.000,2.000,1.000,0.000,8.000,0,0,0
B3_zmq_pushpull,zmq_tcp,none,none,,1,29411,512,584,1785153465871486000,1785153465871487000,1785153465871487000,1785153465871488000,1785153465871639000,1785153465871641000,1785153465871641000,1785153465871641000,121932490,121652369,-129.121,1.000,0.000,1.000,2.000,0.000,0.000,3.000,0,0,0
B3_zmq_pushpull,zmq_tcp,none,none,,1,29412,512,584,1785153465872665000,1785153465872665000,1785153465872665000,1785153465872666000,1785153465872760000,1785153465872763000,1785153465872763000,1785153465872763000,121932490,121652369,-186.121,0.000,0.000,1.000,3.000,0.000,0.000,57.000,0,0,0
B3_zmq_pushpull,zmq_tcp,none,none,,1,29413,512,584,1785153465873473000,1785153465873473000,1785153465873474000,1785153465873475000,1785153465873625000,1785153465873629000,1785153465873629000,1785153465873629000,121932490,121652369,-130.121,0.000,1.000,1.000,4.000,0.000,0.000,56.000,0,0,0
B3_zmq_pushpull,zmq_tcp,none,none,,1,29414,512,584,1785153465874668000,1785153465874668000,1785153465874668000,1785153465874669000,1785153465874764000,1785153465874767000,1785153465874767000,1785153465874767000,121932490,121652369,-185.121,0.000,0.000,1.000,3.000,0.000,0.000,55.000,0,0,0
B3_zmq_pushpull,zmq_tcp,none,none,,1,29415,512,584,1785153465875617000,1785153465875618000,1785153465875618000,1785153465875619000,1785153465875748000,1785153465875751000,1785153465875751000,1785153465875751000,121932490,121652369,-151.121,1.000,0.000,1.000,3.000,0.000,0.000,34.000,0,0,0
B3_zmq_pushpull,zmq_tcp,none,none,,1,29416,512,584,1785153465876632000,1785153465876633000,1785153465876633000,1785153465876634000,1785153465876754000,1785153465876758000,1785153465876758000,1785153465876758000,121932490,121652369,-160.121,1.000,0.000,1.000,4.000,0.000,0.000,9.000,0,0,0
B3_zmq_pushpull,zmq_tcp,none,none,,1,29417,512,584,1785153465877624000,1785153465877624000,1785153465877624000,1785153465877625000,1785153465877756000,1785153465877759000,1785153465877759000,1785153465877759000,121932490,121652369,-149.121,0.000,0.000,1.000,3.000,0.000,0.000,11.000,0,0,0
B3_zmq_pushpull,zmq_tcp,none,none,,1,29418,512,584,1785153465878629000,1785153465878630000,1785153465878630000,1785153465878631000,1785153465878765000,1785153465878768000,1785153465878768000,1785153465878768000,121932490,121652369,-146.121,1.000,0.000,1.000,3.000,0.000,0.000,3.000,0,0,0
B3_zmq_pushpull,zmq_tcp,none,none,,1,29419,512,584,1785153465879635000,1785153465879635000,1785153465879635000,1785153465879636000,1785153465879761000,1785153465879764000,1785153465879764000,1785153465879764000,121932490,121652369,-155.121,0.000,0.000,1.000,3.000,0.000,0.000,9.000,0,0,0
B3_zmq_pushpull,zmq_tcp,none,none,,1,29420,512,584,1785153465880624000,1785153465880624000,1785153465880624000,1785153465880625000,1785153465880764000,1785153465880766000,1785153465880766000,1785153465880766000,121932490,121652369,-141.121,0.000,0.000,1.000,2.000,0.000,0.000,14.000,0,0,0
B3_zmq_pushpull,zmq_tcp,none,none,,1,29421,512,584,1785153465881630000,1785153465881630000,1785153465881630000,1785153465881631000,1785153465881770000,1785153465881774000,1785153465881774000,1785153465881774000,121932490,121652369,-141.121,0.000,0.000,1.000,4.000,0.000,0.000,0.000,0,0,0
B3_zmq_pushpull,zmq_tcp,none,none,,1,29422,512,584,1785153465882628000,1785153465882628000,1785153465882628000,1785153465882629000,1785153465882768000,1785153465882771000,1785153465882771000,1785153465882771000,121932490,121652369,-141.121,0.000,0.000,1.000,3.000,0.000,0.000,0.000,0,0,0
B3_zmq_pushpull,zmq_tcp,none,none,,1,29423,512,584,1785153465883628000,1785153465883628000,1785153465883628000,1785153465883629000,1785153465883778000,1785153465883781000,1785153465883781000,1785153465883781000,121932490,121652369,-131.121,0.000,0.000,1.000,3.000,0.000,0.000,10.000,0,0,0
B3_zmq_pushpull,zmq_tcp,none,none,,1,29424,512,584,1785153465884473000,1785153465884473000,1785153465884473000,1785153465884474000,1785153465884640000,1785153465884642000,1785153465884642000,1785153465884642000,121932490,121652369,-114.121,0.000,0.000,1.000,2.000,0.000,0.000,17.000,0,0,0
B3_zmq_pushpull,zmq_tcp,none,none,,1,29425,512,584,1785153465885480000,1785153465885480000,1785153465885480000,1785153465885481000,1785153465885640000,1785153465885642000,1785153465885642000,1785153465885642000,121932490,121652369,-121.121,0.000,0.000,1.000,2.000,0.000,0.000,7.000,0,0,0
B3_zmq_pushpull,zmq_tcp,none,none,,1,29426,512,584,1785153465886667000,1785153465886667000,1785153465886667000,1785153465886668000,1785153465886782000,1785153465886785000,1785153465886785000,1785153465886785000,121932490,121652369,-166.121,0.000,0.000,1.000,3.000,0.000,0.000,45.000,0,0,0
B3_zmq_pushpull,zmq_tcp,none,none,,1,29427,512,584,1785153465887493000,1785153465887494000,1785153465887494000,1785153465887495000,1785153465887639000,1785153465887642000,1785153465887642000,1785153465887642000,121932490,121652369,-136.121,1.000,0.000,1.000,3.000,0.000,0.000,30.000,0,0,0
B3_zmq_pushpull,zmq_tcp,none,none,,1,29428,512,584,1785153465888661000,1785153465888662000,1785153465888662000,1785153465888663000,1785153465888786000,1785153465888789000,1785153465888789000,1785153465888789000,121932490,121652369,-157.121,1.000,0.000,1.000,3.000,0.000,0.000,21.000,0,0,0
B3_zmq_pushpull,zmq_tcp,none,none,,1,29429,512,584,1785153465889620000,1785153465889621000,1785153465889621000,1785153465889622000,1785153465889789000,1785153465889792000,1785153465889792000,1785153465889792000,121932490,121652369,-113.121,1.000,0.000,1.000,3.000,0.000,0.000,44.000,0,0,0
B3_zmq_pushpull,zmq_tcp,none,none,,1,29430,512,584,1785153465890480000,1785153465890480000,1785153465890480000,1785153465890481000,1785153465890641000,1785153465890644000,1785153465890644000,1785153465890644000,121932490,121652369,-120.121,0.000,0.000,1.000,3.000,0.000,0.000,7.000,0,0,0
B3_zmq_pushpull,zmq_tcp,none,none,,1,29431,512,584,1785153465891663000,1785153465891663000,1785153465891663000,1785153465891664000,1785153465891778000,1785153465891781000,1785153465891781000,1785153465891781000,121932490,121652369,-166.121,0.000,0.000,1.000,3.000,0.000,0.000,46.000,0,0,0
B3_zmq_pushpull,zmq_tcp,none,none,,1,29432,512,584,1785153465892620000,1785153465892620000,1785153465892621000,1785153465892621000,1785153465892788000,1785153465892790000,1785153465892791000,1785153465892791000,121932490,121652369,-113.121,0.000,1.000,0.000,2.000,1.000,0.000,53.000,0,0,0
B3_zmq_pushpull,zmq_tcp,none,none,,1,29433,512,584,1785153465893632000,1785153465893632000,1785153465893632000,1785153465893633000,1785153465893793000,1785153465893797000,1785153465893797000,1785153465893797000,121932490,121652369,-120.121,0.000,0.000,1.000,4.000,0.000,0.000,7.000,0,0,0
B3_zmq_pushpull,zmq_tcp,none,none,,1,29434,512,584,1785153465894472000,1785153465894472000,1785153465894472000,1785153465894473000,1785153465894629000,1785153465894632000,1785153465894632000,1785153465894632000,121932490,121652369,-124.121,0.000,0.000,1.000,3.000,0.000,0.000,4.000,0,0,0
B3_zmq_pushpull,zmq_tcp,none,none,,1,29435,512,584,1785153465895666000,1785153465895666000,1785153465895667000,1785153465895667000,1785153465895758000,1785153465895761000,1785153465895761000,1785153465895761000,121932490,121652369,-189.121,0.000,1.000,0.000,3.000,0.000,0.000,65.000,0,0,0
B3_zmq_pushpull,zmq_tcp,none,none,,1,29436,512,584,1785153465896618000,1785153465896618000,1785153465896618000,1785153465896619000,1785153465896761000,1785153465896764000,1785153465896764000,1785153465896764000,121932490,121652369,-138.121,0.000,0.000,1.000,3.000,0.000,0.000,51.000,0,0,0
B3_zmq_pushpull,zmq_tcp,none,none,,1,29437,512,584,1785153465897630000,1785153465897630000,1785153465897630000,1785153465897631000,1785153465897775000,1785153465897779000,1785153465897779000,1785153465897779000,121932490,121652369,-136.121,0.000,0.000,1.000,4.000,0.000,0.000,2.000,0,0,0
B3_zmq_pushpull,zmq_tcp,none,none,,1,29438,512,584,1785153465898625000,1785153465898625000,1785153465898625000,1785153465898626000,1785153465898788000,1785153465898790000,1785153465898791000,1785153465898791000,121932490,121652369,-118.121,0.000,0.000,1.000,2.000,1.000,0.000,18.000,0,0,0
B3_zmq_pushpull,zmq_tcp,none,none,,1,29439,512,584,1785153465899630000,1785153465899630000,1785153465899630000,1785153465899631000,1785153465899780000,1785153465899783000,1785153465899783000,1785153465899783000,121932490,121652369,-131.121,0.000,0.000,1.000,3.000,0.000,0.000,13.000,0,0,0
B3_zmq_pushpull,zmq_tcp,none,none,,1,29440,512,584,1785153465900630000,1785153465900630000,1785153465900630000,1785153465900631000,1785153465900791000,1785153465900793000,1785153465900793000,1785153465900793000,121932490,121652369,-120.121,0.000,0.000,1.000,2.000,0.000,0.000,11.000,0,0,0
B3_zmq_pushpull,zmq_tcp,none,none,,1,29441,512,584,1785153465901629000,1785153465901629000,1785153465901629000,1785153465901630000,1785153465901801000,1785153465901805000,1785153465901805000,1785153465901805000,121932490,121652369,-109.121,0.000,0.000,1.000,4.000,0.000,0.000,11.000,0,0,0
B3_zmq_pushpull,zmq_tcp,none,none,,1,29442,512,584,1785153465902626000,1785153465902626000,1785153465902626000,1785153465902627000,1785153465902796000,1785153465902799000,1785153465902799000,1785153465902799000,121932490,121652369,-111.121,0.000,0.000,1.000,3.000,0.000,0.000,2.000,0,0,0
B3_zmq_pushpull,zmq_tcp,none,none,,1,29443,512,584,1785153465903630000,1785153465903630000,1785153465903631000,1785153465903631000,1785153465903801000,1785153465903804000,1785153465903804000,1785153465903804000,121932490,121652369,-110.121,0.000,1.000,0.000,3.000,0.000,0.000,1.000,0,0,0
B3_zmq_pushpull,zmq_tcp,none,none,,1,29444,512,584,1785153465904630000,1785153465904630000,1785153465904630000,1785153465904631000,1785153465904807000,1785153465904809000,1785153465904809000,1785153465904809000,121932490,121652369,-104.121,0.000,0.000,1.000,2.000,0.000,0.000,6.000,0,0,0
B3_zmq_pushpull,zmq_tcp,none,none,,1,29445,512,584,1785153465905627000,1785153465905627000,1785153465905627000,1785153465905628000,1785153465905820000,1785153465905823000,1785153465905823000,1785153465905823000,121932490,121652369,-88.121,0.000,0.000,1.000,3.000,0.000,0.000,16.000,0,0,0
B3_zmq_pushpull,zmq_tcp,none,none,,1,29446,512,584,1785153465906525000,1785153465906525000,1785153465906525000,1785153465906526000,1785153465906687000,1785153465906689000,1785153465906689000,1785153465906689000,121932490,121652369,-119.121,0.000,0.000,1.000,2.000,0.000,0.000,31.000,0,0,0
B3_zmq_pushpull,zmq_tcp,none,none,,1,29447,512,584,1785153465907526000,1785153465907526000,1785153465907526000,1785153465907527000,1785153465907684000,1785153465907687000,1785153465907687000,1785153465907687000,121932490,121652369,-123.121,0.000,0.000,1.000,3.000,0.000,0.000,4.000,0,0,0
B3_zmq_pushpull,zmq_tcp,none,none,,1,29448,512,584,1785153465908537000,1785153465908537000,1785153465908537000,1785153465908538000,1785153465908695000,1785153465908698000,1785153465908698000,1785153465908698000,121932490,121652369,-123.121,0.000,0.000,1.000,3.000,0.000,0.000,0.000,0,0,0
B3_zmq_pushpull,zmq_tcp,none,none,,1,29449,512,584,1785153465909530000,1785153465909530000,1785153465909530000,1785153465909531000,1785153465909687000,1785153465909690000,1785153465909690000,1785153465909690000,121932490,121652369,-124.121,0.000,0.000,1.000,3.000,0.000,0.000,1.000,0,0,0
B3_zmq_pushpull,zmq_tcp,none,none,,1,29450,512,584,1785153465910654000,1785153465910654000,1785153465910654000,1785153465910655000,1785153465910809000,1785153465910812000,1785153465910812000,1785153465910812000,121932490,121652369,-126.121,0.000,0.000,1.000,3.000,0.000,0.000,2.000,0,0,0
B3_zmq_pushpull,zmq_tcp,none,none,,1,29451,512,584,1785153465911520000,1785153465911520000,1785153465911520000,1785153465911521000,1785153465911683000,1785153465911686000,1785153465911686000,1785153465911687000,121932490,121652369,-118.121,0.000,0.000,1.000,3.000,0.000,1.000,8.000,0,0,0
B3_zmq_pushpull,zmq_tcp,none,none,,1,29452,512,584,1785153465912656000,1785153465912656000,1785153465912656000,1785153465912657000,1785153465912823000,1785153465912826000,1785153465912826000,1785153465912826000,121932490,121652369,-114.121,0.000,0.000,1.000,3.000,0.000,0.000,4.000,0,0,0
B3_zmq_pushpull,zmq_tcp,none,none,,1,29453,512,584,1785153465913620000,1785153465913620000,1785153465913620000,1785153465913621000,1785153465913684000,1785153465913687000,1785153465913688000,1785153465913688000,121932490,121652369,-217.121,0.000,0.000,1.000,3.000,1.000,0.000,103.000,0,0,0
B3_zmq_pushpull,zmq_tcp,none,none,,1,29454,512,584,1785153465914521000,1785153465914521000,1785153465914521000,1785153465914522000,1785153465914679000,1785153465914682000,1785153465914682000,1785153465914682000,121932490,121652369,-123.121,0.000,0.000,1.000,3.000,0.000,0.000,94.000,0,0,0
B3_zmq_pushpull,zmq_tcp,none,none,,1,29455,512,584,1785153465915655000,1785153465915655000,1785153465915656000,1785153465915656000,1785153465915801000,1785153465915804000,1785153465915804000,1785153465915804000,121932490,121652369,-135.121,0.000,1.000,0.000,3.000,0.000,0.000,12.000,0,0,0
B3_zmq_pushpull,zmq_tcp,none,none,,1,29456,512,584,1785153465916627000,1785153465916627000,1785153465916627000,1785153465916628000,1785153465916789000,1785153465916792000,1785153465916792000,1785153465916792000,121932490,121652369,-119.121,0.000,0.000,1.000,3.000,0.000,0.000,16.000,0,0,0
B3_zmq_pushpull,zmq_tcp,none,none,,1,29457,512,584,1785153465917632000,1785153465917632000,1785153465917632000,1785153465917633000,1785153465917803000,1785153465917805000,1785153465917805000,1785153465917805000,121932490,121652369,-110.121,0.000,0.000,1.000,2.000,0.000,0.000,9.000,0,0,0
B3_zmq_pushpull,zmq_tcp,none,none,,1,29458,512,584,1785153465918629000,1785153465918629000,1785153465918629000,1785153465918630000,1785153465918803000,1785153465918805000,1785153465918805000,1785153465918805000,121932490,121652369,-107.121,0.000,0.000,1.000,2.000,0.000,0.000,3.000,0,0,0
B3_zmq_pushpull,zmq_tcp,none,none,,1,29459,512,584,1785153465919633000,1785153465919634000,1785153465919634000,1785153465919635000,1785153465919811000,1785153465919813000,1785153465919813000,1785153465919813000,121932490,121652369,-104.121,1.000,0.000,1.000,2.000,0.000,0.000,3.000,0,0,0
B3_zmq_pushpull,zmq_tcp,none,none,,1,29460,512,584,1785153465920625000,1785153465920625000,1785153465920625000,1785153465920626000,1785153465920680000,1785153465920683000,1785153465920683000,1785153465920683000,121932490,121652369,-226.121,0.000,0.000,1.000,3.000,0.000,0.000,122.000,0,0,0
B3_zmq_pushpull,zmq_tcp,none,none,,1,29461,512,584,1785153465921630000,1785153465921630000,1785153465921630000,1785153465921631000,1785153465921678000,1785153465921682000,1785153465921682000,1785153465921682000,121932490,121652369,-233.121,0.000,0.000,1.000,4.000,0.000,0.000,7.000,0,0,0
B3_zmq_pushpull,zmq_tcp,none,none,,1,29462,512,584,1785153465922629000,1785153465922629000,1785153465922629000,1785153465922630000,1785153465922668000,1785153465922672000,1785153465922672000,1785153465922672000,121932490,121652369,-242.121,0.000,0.000,1.000,4.000,0.000,0.000,9.000,0,0,0
B3_zmq_pushpull,zmq_tcp,none,none,,1,29463,512,584,1785153465923507000,1785153465923507000,1785153465923507000,1785153465923508000,1785153465923659000,1785153465923662000,1785153465923662000,1785153465923662000,121932490,121652369,-129.121,0.000,0.000,1.000,3.000,0.000,0.000,113.000,0,0,0
B3_zmq_pushpull,zmq_tcp,none,none,,1,29464,512,584,1785153465924655000,1785153465924655000,1785153465924656000,1785153465924656000,1785153465924816000,1785153465924820000,1785153465924820000,1785153465924820000,121932490,121652369,-120.121,0.000,1.000,0.000,4.000,0.000,0.000,9.000,0,0,0
B3_zmq_pushpull,zmq_tcp,none,none,,1,29465,512,584,1785153465925623000,1785153465925623000,1785153465925623000,1785153465925624000,1785153465925687000,1785153465925691000,1785153465925691000,1785153465925691000,121932490,121652369,-217.121,0.000,0.000,1.000,4.000,0.000,0.000,97.000,0,0,0
B3_zmq_pushpull,zmq_tcp,none,none,,1,29466,512,584,1785153465926534000,1785153465926534000,1785153465926534000,1785153465926535000,1785153465926695000,1785153465926697000,1785153465926697000,1785153465926697000,121932490,121652369,-120.121,0.000,0.000,1.000,2.000,0.000,0.000,97.000,0,0,0
B3_zmq_pushpull,zmq_tcp,none,none,,1,29467,512,584,1785153465927652000,1785153465927652000,1785153465927652000,1785153465927653000,1785153465927841000,1785153465927844000,1785153465927844000,1785153465927844000,121932490,121652369,-92.121,0.000,0.000,1.000,3.000,0.000,0.000,28.000,0,0,0
B3_zmq_pushpull,zmq_tcp,none,none,,1,29468,512,584,1785153465928552000,1785153465928552000,1785153465928552000,1785153465928553000,1785153465928702000,1785153465928706000,1785153465928706000,1785153465928706000,121932490,121652369,-131.121,0.000,0.000,1.000,4.000,0.000,0.000,39.000,0,0,0
B3_zmq_pushpull,zmq_tcp,none,none,,1,29469,512,584,1785153465929647000,1785153465929647000,1785153465929647000,1785153465929648000,1785153465929703000,1785153465929707000,1785153465929707000,1785153465929707000,121932490,121652369,-225.121,0.000,0.000,1.000,4.000,0.000,0.000,94.000,0,0,0
B3_zmq_pushpull,zmq_tcp,none,none,,1,29470,512,584,1785153465930540000,1785153465930540000,1785153465930540000,1785153465930541000,1785153465930685000,1785153465930688000,1785153465930688000,1785153465930688000,121932490,121652369,-136.121,0.000,0.000,1.000,3.000,0.000,0.000,89.000,0,0,0
B3_zmq_pushpull,zmq_tcp,none,none,,1,29471,512,584,1785153465931652000,1785153465931652000,1785153465931652000,1785153465931653000,1785153465931699000,1785153465931702000,1785153465931702000,1785153465931702000,121932490,121652369,-234.121,0.000,0.000,1.000,3.000,0.000,0.000,98.000,0,0,0
B3_zmq_pushpull,zmq_tcp,none,none,,1,29472,512,584,1785153465932530000,1785153465932530000,1785153465932530000,1785153465932531000,1785153465932689000,1785153465932692000,1785153465932692000,1785153465932692000,121932490,121652369,-122.121,0.000,0.000,1.000,3.000,0.000,0.000,112.000,0,0,0
B3_zmq_pushpull,zmq_tcp,none,none,,1,29473,512,584,1785153465933539000,1785153465933539000,1785153465933539000,1785153465933540000,1785153465933696000,1785153465933699000,1785153465933699000,1785153465933699000,121932490,121652369,-124.121,0.000,0.000,1.000,3.000,0.000,0.000,2.000,0,0,0
B3_zmq_pushpull,zmq_tcp,none,none,,1,29474,512,584,1785153465934650000,1785153465934650000,1785153465934650000,1785153465934651000,1785153465934808000,1785153465934811000,1785153465934811000,1785153465934811000,121932490,121652369,-123.121,0.000,0.000,1.000,3.000,0.000,0.000,1.000,0,0,0
B3_zmq_pushpull,zmq_tcp,none,none,,1,29475,512,584,1785153465935625000,1785153465935625000,1785153465935626000,1785153465935627000,1785153465935810000,1785153465935813000,1785153465935813000,1785153465935813000,121932490,121652369,-97.121,0.000,1.000,1.000,3.000,0.000,0.000,26.000,0,0,0
B3_zmq_pushpull,zmq_tcp,none,none,,1,29476,512,584,1785153465936629000,1785153465936629000,1785153465936630000,1785153465936630000,1785153465936804000,1785153465936807000,1785153465936807000,1785153465936807000,121932490,121652369,-106.121,0.000,1.000,0.000,3.000,0.000,0.000,9.000,0,0,0
B3_zmq_pushpull,zmq_tcp,none,none,,1,29477,512,584,1785153465937630000,1785153465937630000,1785153465937630000,1785153465937631000,1785153465937821000,1785153465937824000,1785153465937824000,1785153465937824000,121932490,121652369,-90.121,0.000,0.000,1.000,3.000,0.000,0.000,16.000,0,0,0
B3_zmq_pushpull,zmq_tcp,none,none,,1,29478,512,584,1785153465938508000,1785153465938508000,1785153465938508000,1785153465938509000,1785153465938655000,1785153465938658000,1785153465938658000,1785153465938658000,121932490,121652369,-134.121,0.000,0.000,1.000,3.000,0.000,0.000,44.000,0,0,0
B3_zmq_pushpull,zmq_tcp,none,none,,1,29479,512,584,1785153465939511000,1785153465939511000,1785153465939511000,1785153465939512000,1785153465939660000,1785153465939663000,1785153465939663000,1785153465939663000,121932490,121652369,-132.121,0.000,0.000,1.000,3.000,0.000,0.000,2.000,0,0,0
B3_zmq_pushpull,zmq_tcp,none,none,,1,29480,512,584,1785153465940658000,1785153465940658000,1785153465940658000,1785153465940659000,1785153465940785000,1785153465940788000,1785153465940788000,1785153465940788000,121932490,121652369,-154.121,0.000,0.000,1.000,3.000,0.000,0.000,22.000,0,0,0
B3_zmq_pushpull,zmq_tcp,none,none,,1,29481,512,584,1785153465941621000,1785153465941621000,1785153465941621000,1785153465941622000,1785153465941769000,1785153465941773000,1785153465941773000,1785153465941773000,121932490,121652369,-133.121,0.000,0.000,1.000,4.000,0.000,0.000,21.000,0,0,0
B3_zmq_pushpull,zmq_tcp,none,none,,1,29482,512,584,1785153465942528000,1785153465942528000,1785153465942528000,1785153465942529000,1785153465942620000,1785153465942623000,1785153465942623000,1785153465942623000,121932490,121652369,-189.121,0.000,0.000,1.000,3.000,0.000,0.000,56.000,0,0,0
B3_zmq_pushpull,zmq_tcp,none,none,,1,29483,512,584,1785153465943461000,1785153465943461000,1785153465943461000,1785153465943462000,1785153465943616000,1785153465943619000,1785153465943619000,1785153465943619000,121932490,121652369,-126.121,0.000,0.000,1.000,3.000,0.000,0.000,63.000,0,0,0
B3_zmq_pushpull,zmq_tcp,none,none,,1,29484,512,584,1785153465944444000,1785153465944444000,1785153465944444000,1785153465944445000,1785153465944597000,1785153465944600000,1785153465944600000,1785153465944600000,121932490,121652369,-128.121,0.000,0.000,1.000,3.000,0.000,0.000,2.000,0,0,0
B3_zmq_pushpull,zmq_tcp,none,none,,1,29485,512,584,1785153465945436000,1785153465945436000,1785153465945436000,1785153465945437000,1785153465945596000,1785153465945599000,1785153465945599000,1785153465945599000,121932490,121652369,-121.121,0.000,0.000,1.000,3.000,0.000,0.000,7.000,0,0,0
B3_zmq_pushpull,zmq_tcp,none,none,,1,29486,512,584,1785153465946680000,1785153465946680000,1785153465946680000,1785153465946681000,1785153465946869000,1785153465946872000,1785153465946872000,1785153465946872000,121932490,121652369,-92.121,0.000,0.000,1.000,3.000,0.000,0.000,29.000,0,0,0
B3_zmq_pushpull,zmq_tcp,none,none,,1,29487,512,584,1785153465947434000,1785153465947435000,1785153465947435000,1785153465947436000,1785153465947579000,1785153465947581000,1785153465947582000,1785153465947582000,121932490,121652369,-137.121,1.000,0.000,1.000,2.000,1.000,0.000,45.000,0,0,0
B3_zmq_pushpull,zmq_tcp,none,none,,1,29488,512,584,1785153465948677000,1785153465948677000,1785153465948677000,1785153465948678000,1785153465948837000,1785153465948840000,1785153465948840000,1785153465948840000,121932490,121652369,-121.121,0.000,0.000,1.000,3.000,0.000,0.000,16.000,0,0,0
B3_zmq_pushpull,zmq_tcp,none,none,,1,29489,512,584,1785153465949548000,1785153465949549000,1785153465949549000,1785153465949550000,1785153465949695000,1785153465949698000,1785153465949698000,1785153465949698000,121932490,121652369,-135.121,1.000,0.000,1.000,3.000,0.000,0.000,14.000,0,0,0
B3_zmq_pushpull,zmq_tcp,none,none,,1,29490,512,584,1785153465950530000,1785153465950531000,1785153465950531000,1785153465950532000,1785153465950685000,1785153465950688000,1785153465950688000,1785153465950688000,121932490,121652369,-127.121,1.000,0.000,1.000,3.000,0.000,0.000,8.000,0,0,0
B3_zmq_pushpull,zmq_tcp,none,none,,1,29491,512,584,1785153465951653000,1785153465951653000,1785153465951653000,1785153465951654000,1785153465951699000,1785153465951702000,1785153465951702000,1785153465951702000,121932490,121652369,-235.121,0.000,0.000,1.000,3.000,0.000,0.000,108.000,0,0,0
B3_zmq_pushpull,zmq_tcp,none,none,,1,29492,512,584,1785153465952546000,1785153465952547000,1785153465952547000,1785153465952548000,1785153465952684000,1785153465952687000,1785153465952687000,1785153465952687000,121932490,121652369,-144.121,1.000,0.000,1.000,3.000,0.000,0.000,91.000,0,0,0
B3_zmq_pushpull,zmq_tcp,none,none,,1,29493,512,584,1785153465953647000,1785153465953647000,1785153465953647000,1785153465953648000,1785153465953696000,1785153465953700000,1785153465953700000,1785153465953700000,121932490,121652369,-232.121,0.000,0.000,1.000,4.000,0.000,0.000,88.000,0,0,0
B3_zmq_pushpull,zmq_tcp,none,none,,1,29494,512,584,1785153465954525000,1785153465954525000,1785153465954526000,1785153465954526000,1785153465954684000,1785153465954687000,1785153465954687000,1785153465954687000,121932490,121652369,-122.121,0.000,1.000,0.000,3.000,0.000,0.000,110.000,0,0,0
B3_zmq_pushpull,zmq_tcp,none,none,,1,29495,512,584,1785153465955527000,1785153465955527000,1785153465955527000,1785153465955528000,1785153465955685000,1785153465955690000,1785153465955690000,1785153465955690000,121932490,121652369,-123.121,0.000,0.000,1.000,5.000,0.000,0.000,1.000,0,0,0
B3_zmq_pushpull,zmq_tcp,none,none,,1,29496,512,584,1785153465956654000,1785153465956654000,1785153465956655000,1785153465956655000,1785153465956831000,1785153465956834000,1785153465956834000,1785153465956834000,121932490,121652369,-104.121,0.000,1.000,0.000,3.000,0.000,0.000,19.000,0,0,0
B3_zmq_pushpull,zmq_tcp,none,none,,1,29497,512,584,1785153465957619000,1785153465957620000,1785153465957620000,1785153465957621000,1785153465957667000,1785153465957671000,1785153465957671000,1785153465957671000,121932490,121652369,-234.121,1.000,0.000,1.000,4.000,0.000,0.000,130.000,0,0,0
B3_zmq_pushpull,zmq_tcp,none,none,,1,29498,512,584,1785153465958631000,1785153465958632000,1785153465958632000,1785153465958633000,1785153465958809000,1785153465958812000,1785153465958812000,1785153465958812000,121932490,121652369,-104.121,1.000,0.000,1.000,3.000,0.000,0.000,130.000,0,0,0
B3_zmq_pushpull,zmq_tcp,none,none,,1,29499,512,584,1785153465959629000,1785153465959629000,1785153465959629000,1785153465959630000,1785153465959695000,1785153465959702000,1785153465959702000,1785153465959702000,121932490,121652369,-215.121,0.000,0.000,1.000,7.000,0.000,0.000,111.000,0,0,0
B3_zmq_pushpull,zmq_tcp,none,none,,1,29500,512,584,1785153465960628000,1785153465960628000,1785153465960628000,1785153465960629000,1785153465960688000,1785153465960691000,1785153465960691000,1785153465960691000,121932490,121652369,-221.121,0.000,0.000,1.000,3.000,0.000,0.000,6.000,0,0,0
B3_zmq_pushpull,zmq_tcp,none,none,,1,29501,512,584,1785153465961626000,1785153465961626000,1785153465961626000,1785153465961627000,1785153465961691000,1785153465961695000,1785153465961695000,1785153465961695000,121932490,121652369,-216.121,0.000,0.000,1.000,4.000,0.000,0.000,5.000,0,0,0
B3_zmq_pushpull,zmq_tcp,none,none,,1,29502,512,584,1785153465962631000,1785153465962631000,1785153465962631000,1785153465962632000,1785153465962704000,1785153465962708000,1785153465962708000,1785153465962708000,121932490,121652369,-208.121,0.000,0.000,1.000,4.000,0.000,0.000,8.000,0,0,0
B3_zmq_pushpull,zmq_tcp,none,none,,1,29503,512,584,1785153465963629000,1785153465963629000,1785153465963629000,1785153465963630000,1785153465963714000,1785153465963717000,1785153465963717000,1785153465963717000,121932490,121652369,-196.121,0.000,0.000,1.000,3.000,0.000,0.000,12.000,0,0,0
B3_zmq_pushpull,zmq_tcp,none,none,,1,29504,512,584,1785153465964624000,1785153465964625000,1785153465964625000,1785153465964626000,1785153465964715000,1785153465964718000,1785153465964718000,1785153465964718000,121932490,121652369,-191.121,1.000,0.000,1.000,3.000,0.000,0.000,5.000,0,0,0
B3_zmq_pushpull,zmq_tcp,none,none,,1,29505,512,584,1785153465965630000,1785153465965630000,1785153465965630000,1785153465965631000,1785153465965715000,1785153465965718000,1785153465965718000,1785153465965718000,121932490,121652369,-196.121,0.000,0.000,1.000,3.000,0.000,0.000,5.000,0,0,0
B3_zmq_pushpull,zmq_tcp,none,none,,1,29506,512,584,1785153465966629000,1785153465966630000,1785153465966630000,1785153465966631000,1785153465966705000,1785153465966708000,1785153465966708000,1785153465966708000,121932490,121652369,-206.121,1.000,0.000,1.000,3.000,0.000,0.000,10.000,0,0,0
B3_zmq_pushpull,zmq_tcp,none,none,,1,29507,512,584,1785153465967627000,1785153465967627000,1785153465967627000,1785153465967628000,1785153465967702000,1785153465967704000,1785153465967704000,1785153465967704000,121932490,121652369,-206.121,0.000,0.000,1.000,2.000,0.000,0.000,0.000,0,0,0
B3_zmq_pushpull,zmq_tcp,none,none,,1,29508,512,584,1785153465968629000,1785153465968629000,1785153465968629000,1785153465968630000,1785153465968701000,1785153465968704000,1785153465968704000,1785153465968704000,121932490,121652369,-209.121,0.000,0.000,1.000,3.000,0.000,0.000,3.000,0,0,0
B3_zmq_pushpull,zmq_tcp,none,none,,1,29509,512,584,1785153465969628000,1785153465969629000,1785153465969629000,1785153465969630000,1785153465969716000,1785153465969719000,1785153465969719000,1785153465969719000,121932490,121652369,-194.121,1.000,0.000,1.000,3.000,0.000,0.000,15.000,0,0,0
B3_zmq_pushpull,zmq_tcp,none,none,,1,29510,512,584,1785153465970630000,1785153465970630000,1785153465970630000,1785153465970631000,1785153465970719000,1785153465970722000,1785153465970722000,1785153465970722000,121932490,121652369,-192.121,0.000,0.000,1.000,3.000,0.000,0.000,2.000,0,0,0
B3_zmq_pushpull,zmq_tcp,none,none,,1,29511,512,584,1785153465971624000,1785153465971625000,1785153465971625000,1785153465971626000,1785153465971728000,1785153465971731000,1785153465971731000,1785153465971731000,121932490,121652369,-178.121,1.000,0.000,1.000,3.000,0.000,0.000,14.000,0,0,0
B3_zmq_pushpull,zmq_tcp,none,none,,1,29512,512,584,1785153465972630000,1785153465972630000,1785153465972630000,1785153465972631000,1785153465972716000,1785153465972719000,1785153465972719000,1785153465972719000,121932490,121652369,-195.121,0.000,0.000,1.000,3.000,0.000,0.000,17.000,0,0,0
B3_zmq_pushpull,zmq_tcp,none,none,,1,29513,512,584,1785153465973629000,1785153465973629000,1785153465973629000,1785153465973630000,1785153465973711000,1785153465973714000,1785153465973714000,1785153465973714000,121932490,121652369,-199.121,0.000,0.000,1.000,3.000,0.000,0.000,4.000,0,0,0
B3_zmq_pushpull,zmq_tcp,none,none,,1,29514,512,584,1785153465974628000,1785153465974628000,1785153465974628000,1785153465974629000,1785153465974716000,1785153465974719000,1785153465974719000,1785153465974719000,121932490,121652369,-193.121,0.000,0.000,1.000,3.000,0.000,0.000,6.000,0,0,0
B3_zmq_pushpull,zmq_tcp,none,none,,1,29515,512,584,1785153465975626000,1785153465975626000,1785153465975626000,1785153465975627000,1785153465975736000,1785153465975739000,1785153465975739000,1785153465975739000,121932490,121652369,-171.121,0.000,0.000,1.000,3.000,0.000,0.000,22.000,0,0,0
B3_zmq_pushpull,zmq_tcp,none,none,,1,29516,512,584,1785153465976631000,1785153465976631000,1785153465976631000,1785153465976632000,1785153465976748000,1785153465976751000,1785153465976751000,1785153465976751000,121932490,121652369,-164.121,0.000,0.000,1.000,3.000,0.000,0.000,7.000,0,0,0
B3_zmq_pushpull,zmq_tcp,none,none,,1,29517,512,584,1785153465977628000,1785153465977629000,1785153465977629000,1785153465977630000,1785153465977754000,1785153465977757000,1785153465977757000,1785153465977757000,121932490,121652369,-156.121,1.000,0.000,1.000,3.000,0.000,0.000,8.000,0,0,0
B3_zmq_pushpull,zmq_tcp,none,none,,1,29518,512,584,1785153465978630000,1785153465978630000,1785153465978631000,1785153465978632000,1785153465978709000,1785153465978712000,1785153465978712000,1785153465978712000,121932490,121652369,-203.121,0.000,1.000,1.000,3.000,0.000,0.000,47.000,0,0,0
B3_zmq_pushpull,zmq_tcp,none,none,,1,29519,512,584,1785153465979631000,1785153465979631000,1785153465979631000,1785153465979632000,1785153465979719000,1785153465979721000,1785153465979721000,1785153465979721000,121932490,121652369,-193.121,0.000,0.000,1.000,2.000,0.000,0.000,10.000,0,0,0
B3_zmq_pushpull,zmq_tcp,none,none,,1,29520,512,584,1785153465980629000,1785153465980629000,1785153465980629000,1785153465980630000,1785153465980733000,1785153465980736000,1785153465980736000,1785153465980736000,121932490,121652369,-177.121,0.000,0.000,1.000,3.000,0.000,0.000,16.000,0,0,0
B3_zmq_pushpull,zmq_tcp,none,none,,1,29521,512,584,1785153465981627000,1785153465981628000,1785153465981628000,1785153465981629000,1785153465981736000,1785153465981739000,1785153465981739000,1785153465981739000,121932490,121652369,-173.121,1.000,0.000,1.000,3.000,0.000,0.000,4.000,0,0,0
B3_zmq_pushpull,zmq_tcp,none,none,,1,29522,512,584,1785153465982630000,1785153465982630000,1785153465982630000,1785153465982631000,1785153465982735000,1785153465982738000,1785153465982738000,1785153465982738000,121932490,121652369,-176.121,0.000,0.000,1.000,3.000,0.000,0.000,3.000,0,0,0
B3_zmq_pushpull,zmq_tcp,none,none,,1,29523,512,584,1785153465983628000,1785153465983629000,1785153465983629000,1785153465983630000,1785153465983736000,1785153465983739000,1785153465983739000,1785153465983739000,121932490,121652369,-174.121,1.000,0.000,1.000,3.000,0.000,0.000,2.000,0,0,0
B3_zmq_pushpull,zmq_tcp,none,none,,1,29524,512,584,1785153465984628000,1785153465984629000,1785153465984629000,1785153465984630000,1785153465984741000,1785153465984744000,1785153465984744000,1785153465984744000,121932490,121652369,-169.121,1.000,0.000,1.000,3.000,0.000,0.000,5.000,0,0,0
B3_zmq_pushpull,zmq_tcp,none,none,,1,29525,512,584,1785153465985626000,1785153465985626000,1785153465985626000,1785153465985627000,1785153465985745000,1785153465985748000,1785153465985748000,1785153465985748000,121932490,121652369,-162.121,0.000,0.000,1.000,3.000,0.000,0.000,7.000,0,0,0
B3_zmq_pushpull,zmq_tcp,none,none,,1,29526,512,584,1785153465986633000,1785153465986633000,1785153465986633000,1785153465986634000,1785153465986735000,1785153465986737000,1785153465986738000,1785153465986738000,121932490,121652369,-179.121,0.000,0.000,1.000,2.000,1.000,0.000,17.000,0,0,0
B3_zmq_pushpull,zmq_tcp,none,none,,1,29527,512,584,1785153465987630000,1785153465987630000,1785153465987630000,1785153465987631000,1785153465987744000,1785153465987747000,1785153465987747000,1785153465987747000,121932490,121652369,-167.121,0.000,0.000,1.000,3.000,0.000,0.000,12.000,0,0,0
B3_zmq_pushpull,zmq_tcp,none,none,,1,29528,512,584,1785153465988630000,1785153465988630000,1785153465988630000,1785153465988631000,1785153465988749000,1785153465988752000,1785153465988752000,1785153465988752000,121932490,121652369,-162.121,0.000,0.000,1.000,3.000,0.000,0.000,5.000,0,0,0
B3_zmq_pushpull,zmq_tcp,none,none,,1,29529,512,584,1785153465989628000,1785153465989629000,1785153465989629000,1785153465989630000,1785153465989749000,1785153465989752000,1785153465989752000,1785153465989752000,121932490,121652369,-161.121,1.000,0.000,1.000,3.000,0.000,0.000,1.000,0,0,0
B3_zmq_pushpull,zmq_tcp,none,none,,1,29530,512,584,1785153465990629000,1785153465990630000,1785153465990630000,1785153465990631000,1785153465990753000,1785153465990756000,1785153465990756000,1785153465990756000,121932490,121652369,-158.121,1.000,0.000,1.000,3.000,0.000,0.000,3.000,0,0,0
B3_zmq_pushpull,zmq_tcp,none,none,,1,29531,512,584,1785153465991628000,1785153465991629000,1785153465991629000,1785153465991630000,1785153465991745000,1785153465991750000,1785153465991750000,1785153465991750000,121932490,121652369,-165.121,1.000,0.000,1.000,5.000,0.000,0.000,7.000,0,0,0
B3_zmq_pushpull,zmq_tcp,none,none,,1,29532,512,584,1785153465992625000,1785153465992625000,1785153465992625000,1785153465992626000,1785153465992743000,1785153465992746000,1785153465992746000,1785153465992746000,121932490,121652369,-163.121,0.000,0.000,1.000,3.000,0.000,0.000,2.000,0,0,0
B3_zmq_pushpull,zmq_tcp,none,none,,1,29533,512,584,1785153465993630000,1785153465993630000,1785153465993630000,1785153465993631000,1785153465993751000,1785153465993753000,1785153465993753000,1785153465993754000,121932490,121652369,-160.121,0.000,0.000,1.000,2.000,0.000,1.000,3.000,0,0,0
B3_zmq_pushpull,zmq_tcp,none,none,,1,29534,512,584,1785153465994632000,1785153465994632000,1785153465994632000,1785153465994633000,1785153465994761000,1785153465994764000,1785153465994764000,1785153465994764000,121932490,121652369,-152.121,0.000,0.000,1.000,3.000,0.000,0.000,8.000,0,0,0
B3_zmq_pushpull,zmq_tcp,none,none,,1,29535,512,584,1785153465995629000,1785153465995630000,1785153465995630000,1785153465995631000,1785153465995755000,1785153465995757000,1785153465995758000,1785153465995758000,121932490,121652369,-156.121,1.000,0.000,1.000,2.000,1.000,0.000,4.000,0,0,0
B3_zmq_pushpull,zmq_tcp,none,none,,1,29536,512,584,1785153465996630000,1785153465996630000,1785153465996630000,1785153465996631000,1785153465996756000,1785153465996759000,1785153465996759000,1785153465996759000,121932490,121652369,-155.121,0.000,0.000,1.000,3.000,0.000,0.000,1.000,0,0,0
B3_zmq_pushpull,zmq_tcp,none,none,,1,29537,512,584,1785153465997629000,1785153465997629000,1785153465997629000,1785153465997630000,1785153465997761000,1785153465997764000,1785153465997764000,1785153465997764000,121932490,121652369,-149.121,0.000,0.000,1.000,3.000,0.000,0.000,6.000,0,0,0
B3_zmq_pushpull,zmq_tcp,none,none,,1,29538,512,584,1785153465998632000,1785153465998632000,1785153465998632000,1785153465998633000,1785153465998772000,1785153465998774000,1785153465998774000,1785153465998774000,121932490,121652369,-141.121,0.000,0.000,1.000,2.000,0.000,0.000,8.000,0,0,0
B3_zmq_pushpull,zmq_tcp,none,none,,1,29539,512,584,1785153465999625000,1785153465999625000,1785153465999625000,1785153465999626000,1785153465999776000,1785153465999779000,1785153465999779000,1785153465999779000,121932490,121652369,-130.121,0.000,0.000,1.000,3.000,0.000,0.000,11.000,0,0,0
B3_zmq_pushpull,zmq_tcp,none,none,,1,29540,512,584,1785153466000631000,1785153466000631000,1785153466000631000,1785153466000632000,1785153466000773000,1785153466000776000,1785153466000776000,1785153466000776000,121932490,121652369,-139.121,0.000,0.000,1.000,3.000,0.000,0.000,9.000,0,0,0
B3_zmq_pushpull,zmq_tcp,none,none,,1,29541,512,584,1785153466001629000,1785153466001629000,1785153466001629000,1785153466001630000,1785153466001785000,1785153466001788000,1785153466001788000,1785153466001788000,121932490,121652369,-125.121,0.000,0.000,1.000,3.000,0.000,0.000,14.000,0,0,0
B3_zmq_pushpull,zmq_tcp,none,none,,1,29542,512,584,1785153466002631000,1785153466002632000,1785153466002632000,1785153466002633000,1785153466002807000,1785153466002810000,1785153466002810000,1785153466002810000,121932490,121652369,-106.121,1.000,0.000,1.000,3.000,0.000,0.000,19.000,0,0,0
B3_zmq_pushpull,zmq_tcp,none,none,,1,29543,512,584,1785153466003627000,1785153466003628000,1785153466003628000,1785153466003629000,1785153466003816000,1785153466003819000,1785153466003819000,1785153466003819000,121932490,121652369,-93.121,1.000,0.000,1.000,3.000,0.000,0.000,13.000,0,0,0
B3_zmq_pushpull,zmq_tcp,none,none,,1,29544,512,584,1785153466004531000,1785153466004531000,1785153466004531000,1785153466004532000,1785153466004682000,1785153466004685000,1785153466004685000,1785153466004685000,121932490,121652369,-130.121,0.000,0.000,1.000,3.000,0.000,0.000,37.000,0,0,0
B3_zmq_pushpull,zmq_tcp,none,none,,1,29545,512,584,1785153466005654000,1785153466005654000,1785153466005654000,1785153466005655000,1785153466005810000,1785153466005812000,1785153466005812000,1785153466005812000,121932490,121652369,-125.121,0.000,0.000,1.000,2.000,0.000,0.000,5.000,0,0,0
B3_zmq_pushpull,zmq_tcp,none,none,,1,29546,512,584,1785153466006619000,1785153466006620000,1785153466006620000,1785153466006621000,1785153466006675000,1785153466006678000,1785153466006678000,1785153466006678000,121932490,121652369,-226.121,1.000,0.000,1.000,3.000,0.000,0.000,101.000,0,0,0
B3_zmq_pushpull,zmq_tcp,none,none,,1,29547,512,584,1785153466007631000,1785153466007632000,1785153466007632000,1785153466007633000,1785153466007675000,1785153466007679000,1785153466007679000,1785153466007679000,121932490,121652369,-238.121,1.000,0.000,1.000,4.000,0.000,0.000,12.000,0,0,0
B3_zmq_pushpull,zmq_tcp,none,none,,1,29548,512,584,1785153466008632000,1785153466008632000,1785153466008632000,1785153466008633000,1785153466008684000,1785153466008687000,1785153466008688000,1785153466008688000,121932490,121652369,-229.121,0.000,0.000,1.000,3.000,1.000,0.000,9.000,0,0,0
B3_zmq_pushpull,zmq_tcp,none,none,,1,29549,512,584,1785153466009629000,1785153466009629000,1785153466009629000,1785153466009630000,1785153466009692000,1785153466009696000,1785153466009696000,1785153466009696000,121932490,121652369,-218.121,0.000,0.000,1.000,4.000,0.000,0.000,11.000,0,0,0
B3_zmq_pushpull,zmq_tcp,none,none,,1,29550,512,584,1785153466010540000,1785153466010540000,1785153466010540000,1785153466010541000,1785153466010698000,1785153466010700000,1785153466010700000,1785153466010700000,121932490,121652369,-123.121,0.000,0.000,1.000,2.000,0.000,0.000,95.000,0,0,0
B3_zmq_pushpull,zmq_tcp,none,none,,1,29551,512,584,1785153466011540000,1785153466011541000,1785153466011541000,1785153466011542000,1785153466011699000,1785153466011702000,1785153466011702000,1785153466011702000,121932490,121652369,-123.121,1.000,0.000,1.000,3.000,0.000,0.000,0.000,0,0,0
B3_zmq_pushpull,zmq_tcp,none,none,,1,29552,512,584,1785153466012651000,1785153466012652000,1785153466012652000,1785153466012653000,1785153466012708000,1785153466012711000,1785153466012712000,1785153466012712000,121932490,121652369,-225.121,1.000,0.000,1.000,3.000,1.000,0.000,102.000,0,0,0
B3_zmq_pushpull,zmq_tcp,none,none,,1,29553,512,584,1785153466013619000,1785153466013620000,1785153466013620000,1785153466013621000,1785153466013698000,1785153466013700000,1785153466013700000,1785153466013700000,121932490,121652369,-203.121,1.000,0.000,1.000,2.000,0.000,0.000,22.000,0,0,0
B3_zmq_pushpull,zmq_tcp,none,none,,1,29554,512,584,1785153466014636000,1785153466014636000,1785153466014636000,1785153466014637000,1785153466014683000,1785153466014686000,1785153466014686000,1785153466014686000,121932490,121652369,-234.121,0.000,0.000,1.000,3.000,0.000,0.000,31.000,0,0,0
B3_zmq_pushpull,zmq_tcp,none,none,,1,29555,512,584,1785153466015627000,1785153466015628000,1785153466015628000,1785153466015629000,1785153466015682000,1785153466015686000,1785153466015686000,1785153466015686000,121932490,121652369,-227.121,1.000,0.000,1.000,4.000,0.000,0.000,7.000,0,0,0
B3_zmq_pushpull,zmq_tcp,none,none,,1,29556,512,584,1785153466016630000,1785153466016630000,1785153466016630000,1785153466016631000,1785153466016698000,1785153466016701000,1785153466016702000,1785153466016702000,121932490,121652369,-213.121,0.000,0.000,1.000,3.000,1.000,0.000,14.000,0,0,0
B3_zmq_pushpull,zmq_tcp,none,none,,1,29557,512,584,1785153466017626000,1785153466017626000,1785153466017626000,1785153466017627000,1785153466017691000,1785153466017694000,1785153466017694000,1785153466017694000,121932490,121652369,-216.121,0.000,0.000,1.000,3.000,0.000,0.000,3.000,0,0,0
B3_zmq_pushpull,zmq_tcp,none,none,,1,29558,512,584,1785153466018631000,1785153466018631000,1785153466018631000,1785153466018632000,1785153466018706000,1785153466018709000,1785153466018709000,1785153466018709000,121932490,121652369,-206.121,0.000,0.000,1.000,3.000,0.000,0.000,10.000,0,0,0
B3_zmq_pushpull,zmq_tcp,none,none,,1,29559,512,584,1785153466019629000,1785153466019629000,1785153466019629000,1785153466019630000,1785153466019711000,1785153466019714000,1785153466019714000,1785153466019714000,121932490,121652369,-199.121,0.000,0.000,1.000,3.000,0.000,0.000,7.000,0,0,0
B3_zmq_pushpull,zmq_tcp,none,none,,1,29560,512,584,1785153466020629000,1785153466020629000,1785153466020629000,1785153466020630000,1785153466020707000,1785153466020709000,1785153466020710000,1785153466020710000,121932490,121652369,-203.121,0.000,0.000,1.000,2.000,1.000,0.000,4.000,0,0,0
B3_zmq_pushpull,zmq_tcp,none,none,,1,29561,512,584,1785153466021626000,1785153466021626000,1785153466021626000,1785153466021627000,1785153466021711000,1785153466021714000,1785153466021714000,1785153466021714000,121932490,121652369,-196.121,0.000,0.000,1.000,3.000,0.000,0.000,7.000,0,0,0
B3_zmq_pushpull,zmq_tcp,none,none,,1,29562,512,584,1785153466022631000,1785153466022631000,1785153466022631000,1785153466022632000,1785153466022714000,1785153466022716000,1785153466022716000,1785153466022716000,121932490,121652369,-198.121,0.000,0.000,1.000,2.000,0.000,0.000,2.000,0,0,0
B3_zmq_pushpull,zmq_tcp,none,none,,1,29563,512,584,1785153466023629000,1785153466023629000,1785153466023629000,1785153466023630000,1785153466023696000,1785153466023699000,1785153466023699000,1785153466023699000,121932490,121652369,-214.121,0.000,0.000,1.000,3.000,0.000,0.000,16.000,0,0,0
B3_zmq_pushpull,zmq_tcp,none,none,,1,29564,512,584,1785153466024630000,1785153466024630000,1785153466024630000,1785153466024631000,1785153466024687000,1785153466024691000,1785153466024692000,1785153466024692000,121932490,121652369,-224.121,0.000,0.000,1.000,4.000,1.000,0.000,10.000,0,0,0
B3_zmq_pushpull,zmq_tcp,none,none,,1,29565,512,584,1785153466025542000,1785153466025542000,1785153466025542000,1785153466025543000,1785153466025700000,1785153466025703000,1785153466025703000,1785153466025703000,121932490,121652369,-123.121,0.000,0.000,1.000,3.000,0.000,0.000,101.000,0,0,0
B3_zmq_pushpull,zmq_tcp,none,none,,1,29566,512,584,1785153466026650000,1785153466026650000,1785153466026650000,1785153466026651000,1785153466026695000,1785153466026699000,1785153466026699000,1785153466026699000,121932490,121652369,-236.121,0.000,0.000,1.000,4.000,0.000,0.000,113.000,0,0,0
B3_zmq_pushpull,zmq_tcp,none,none,,1,29567,512,584,1785153466027624000,1785153466027624000,1785153466027624000,1785153466027625000,1785153466027691000,1785153466027694000,1785153466027694000,1785153466027694000,121932490,121652369,-214.121,0.000,0.000,1.000,3.000,0.000,0.000,22.000,0,0,0
B3_zmq_pushpull,zmq_tcp,none,none,,1,29568,512,584,1785153466028630000,1785153466028630000,1785153466028630000,1785153466028631000,1785153466028689000,1785153466028692000,1785153466028692000,1785153466028692000,121932490,121652369,-222.121,0.000,0.000,1.000,3.000,0.000,0.000,8.000,0,0,0
B3_zmq_pushpull,zmq_tcp,none,none,,1,29569,512,584,1785153466029627000,1785153466029627000,1785153466029627000,1785153466029628000,1785153466029680000,1785153466029683000,1785153466029683000,1785153466029683000,121932490,121652369,-228.121,0.000,0.000,1.000,3.000,0.000,0.000,6.000,0,0,0
B3_zmq_pushpull,zmq_tcp,none,none,,1,29570,512,584,1785153466030633000,1785153466030633000,1785153466030633000,1785153466030634000,1785153466030698000,1785153466030700000,1785153466030700000,1785153466030700000,121932490,121652369,-216.121,0.000,0.000,1.000,2.000,0.000,0.000,12.000,0,0,0
B3_zmq_pushpull,zmq_tcp,none,none,,1,29571,512,584,1785153466031628000,1785153466031628000,1785153466031628000,1785153466031629000,1785153466031676000,1785153466031680000,1785153466031680000,1785153466031680000,121932490,121652369,-233.121,0.000,0.000,1.000,4.000,0.000,0.000,17.000,0,0,0
B3_zmq_pushpull,zmq_tcp,none,none,,1,29572,512,584,1785153466032536000,1785153466032536000,1785153466032536000,1785153466032537000,1785153466032692000,1785153466032695000,1785153466032695000,1785153466032695000,121932490,121652369,-125.121,0.000,0.000,1.000,3.000,0.000,0.000,108.000,0,0,0
B3_zmq_pushpull,zmq_tcp,none,none,,1,29573,512,584,1785153466033649000,1785153466033649000,1785153466033649000,1785153466033650000,1785153466033688000,1785153466033692000,1785153466033692000,1785153466033692000,121932490,121652369,-242.121,0.000,0.000,1.000,4.000,0.000,0.000,117.000,0,0,0
B3_zmq_pushpull,zmq_tcp,none,none,,1,29574,512,584,1785153466034624000,1785153466034624000,1785153466034624000,1785153466034625000,1785153466034686000,1785153466034689000,1785153466034689000,1785153466034689000,121932490,121652369,-219.121,0.000,0.000,1.000,3.000,0.000,0.000,23.000,0,0,0
B3_zmq_pushpull,zmq_tcp,none,none,,1,29575,512,584,1785153466035520000,1785153466035520000,1785153466035520000,1785153466035521000,1785153466035674000,1785153466035676000,1785153466035676000,1785153466035676000,121932490,121652369,-127.121,0.000,0.000,1.000,2.000,0.000,0.000,92.000,0,0,0
B3_zmq_pushpull,zmq_tcp,none,none,,1,29576,512,584,1785153466036537000,1785153466036537000,1785153466036537000,1785153466036538000,1785153466036698000,1785153466036700000,1785153466036700000,1785153466036700000,121932490,121652369,-120.121,0.000,0.000,1.000,2.000,0.000,0.000,7.000,0,0,0
B3_zmq_pushpull,zmq_tcp,none,none,,1,29577,512,584,1785153466037529000,1785153466037529000,1785153466037529000,1785153466037530000,1785153466037687000,1785153466037690000,1785153466037690000,1785153466037690000,121932490,121652369,-123.121,0.000,0.000,1.000,3.000,0.000,0.000,3.000,0,0,0
B3_zmq_pushpull,zmq_tcp,none,none,,1,29578,512,584,1785153466038654000,1785153466038654000,1785153466038654000,1785153466038655000,1785153466038819000,1785153466038822000,1785153466038822000,1785153466038822000,121932490,121652369,-116.121,0.000,0.000,1.000,3.000,0.000,0.000,7.000,0,0,0
B3_zmq_pushpull,zmq_tcp,none,none,,1,29579,512,584,1785153466039622000,1785153466039622000,1785153466039622000,1785153466039623000,1785153466039800000,1785153466039802000,1785153466039802000,1785153466039802000,121932490,121652369,-103.121,0.000,0.000,1.000,2.000,0.000,0.000,13.000,0,0,0
B3_zmq_pushpull,zmq_tcp,none,none,,1,29580,512,584,1785153466040630000,1785153466040630000,1785153466040630000,1785153466040631000,1785153466040661000,1785153466040664000,1785153466040664000,1785153466040664000,121932490,121652369,-250.121,0.000,0.000,1.000,3.000,0.000,0.000,147.000,0,0,0
B3_zmq_pushpull,zmq_tcp,none,none,,1,29581,512,584,1785153466041493000,1785153466041493000,1785153466041493000,1785153466041494000,1785153466041647000,1785153466041650000,1785153466041650000,1785153466041650000,121932490,121652369,-127.121,0.000,0.000,1.000,3.000,0.000,0.000,123.000,0,0,0
B3_zmq_pushpull,zmq_tcp,none,none,,1,29582,512,584,1785153466042489000,1785153466042489000,1785153466042489000,1785153466042490000,1785153466042643000,1785153466042646000,1785153466042646000,1785153466042646000,121932490,121652369,-127.121,0.000,0.000,1.000,3.000,0.000,0.000,0.000,0,0,0
B3_zmq_pushpull,zmq_tcp,none,none,,1,29583,512,584,1785153466043492000,1785153466043492000,1785153466043492000,1785153466043493000,1785153466043651000,1785153466043655000,1785153466043655000,1785153466043655000,121932490,121652369,-122.121,0.000,0.000,1.000,4.000,0.000,0.000,5.000,0,0,0
B3_zmq_pushpull,zmq_tcp,none,none,,1,29584,512,584,1785153466044462000,1785153466044463000,1785153466044463000,1785153466044464000,1785153466044622000,1785153466044624000,1785153466044624000,1785153466044624000,121932490,121652369,-122.121,1.000,0.000,1.000,2.000,0.000,0.000,0.000,0,0,0
B3_zmq_pushpull,zmq_tcp,none,none,,1,29585,512,584,1785153466045481000,1785153466045481000,1785153466045481000,1785153466045482000,1785153466045639000,1785153466045642000,1785153466045642000,1785153466045642000,121932490,121652369,-123.121,0.000,0.000,1.000,3.000,0.000,0.000,1.000,0,0,0
B3_zmq_pushpull,zmq_tcp,none,none,,1,29586,512,584,1785153466046480000,1785153466046481000,1785153466046481000,1785153466046482000,1785153466046642000,1785153466046644000,1785153466046644000,1785153466046644000,121932490,121652369,-120.121,1.000,0.000,1.000,2.000,0.000,0.000,3.000,0,0,0
B3_zmq_pushpull,zmq_tcp,none,none,,1,29587,512,584,1785153466047666000,1785153466047666000,1785153466047666000,1785153466047667000,1785153466047774000,1785153466047776000,1785153466047777000,1785153466047777000,121932490,121652369,-173.121,0.000,0.000,1.000,2.000,1.000,0.000,53.000,0,0,0
B3_zmq_pushpull,zmq_tcp,none,none,,1,29588,512,584,1785153466048616000,1785153466048616000,1785153466048616000,1785153466048617000,1785153466048770000,1785153466048772000,1785153466048772000,1785153466048772000,121932490,121652369,-127.121,0.000,0.000,1.000,2.000,0.000,0.000,46.000,0,0,0
B3_zmq_pushpull,zmq_tcp,none,none,,1,29589,512,584,1785153466049631000,1785153466049631000,1785153466049631000,1785153466049632000,1785153466049774000,1785153466049776000,1785153466049776000,1785153466049776000,121932490,121652369,-138.121,0.000,0.000,1.000,2.000,0.000,0.000,11.000,0,0,0
B3_zmq_pushpull,zmq_tcp,none,none,,1,29590,512,584,1785153466050629000,1785153466050629000,1785153466050629000,1785153466050630000,1785153466050763000,1785153466050766000,1785153466050766000,1785153466050766000,121932490,121652369,-147.121,0.000,0.000,1.000,3.000,0.000,0.000,9.000,0,0,0
B3_zmq_pushpull,zmq_tcp,none,none,,1,29591,512,584,1785153466051630000,1785153466051630000,1785153466051630000,1785153466051631000,1785153466051758000,1785153466051760000,1785153466051760000,1785153466051760000,121932490,121652369,-153.121,0.000,0.000,1.000,2.000,0.000,0.000,6.000,0,0,0
B3_zmq_pushpull,zmq_tcp,none,none,,1,29592,512,584,1785153466052629000,1785153466052629000,1785153466052629000,1785153466052630000,1785153466052752000,1785153466052755000,1785153466052755000,1785153466052755000,121932490,121652369,-158.121,0.000,0.000,1.000,3.000,0.000,0.000,5.000,0,0,0
B3_zmq_pushpull,zmq_tcp,none,none,,1,29593,512,584,1785153466053630000,1785153466053630000,1785153466053630000,1785153466053631000,1785153466053759000,1785153466053762000,1785153466053762000,1785153466053762000,121932490,121652369,-152.121,0.000,0.000,1.000,3.000,0.000,0.000,6.000,0,0,0
B3_zmq_pushpull,zmq_tcp,none,none,,1,29594,512,584,1785153466054629000,1785153466054629000,1785153466054629000,1785153466054630000,1785153466054756000,1785153466054760000,1785153466054760000,1785153466054760000,121932490,121652369,-154.121,0.000,0.000,1.000,4.000,0.000,0.000,2.000,0,0,0
B3_zmq_pushpull,zmq_tcp,none,none,,1,29595,512,584,1785153466055440000,1785153466055440000,1785153466055440000,1785153466055441000,1785153466055595000,1785153466055598000,1785153466055598000,1785153466055598000,121932490,121652369,-126.121,0.000,0.000,1.000,3.000,0.000,0.000,28.000,0,0,0
B3_zmq_pushpull,zmq_tcp,none,none,,1,29596,512,584,1785153466056440000,1785153466056440000,1785153466056440000,1785153466056441000,1785153466056580000,1785153466056584000,1785153466056584000,1785153466056584000,121932490,121652369,-141.121,0.000,0.000,1.000,4.000,0.000,0.000,15.000,0,0,0
B3_zmq_pushpull,zmq_tcp,none,none,,1,29597,512,584,1785153466057680000,1785153466057680000,1785153466057680000,1785153466057681000,1785153466057846000,1785153466057848000,1785153466057848000,1785153466057848000,121932490,121652369,-115.121,0.000,0.000,1.000,2.000,0.000,0.000,26.000,0,0,0
B3_zmq_pushpull,zmq_tcp,none,none,,1,29598,512,584,1785153466058617000,1785153466058617000,1785153466058617000,1785153466058618000,1785153466058705000,1785153466058707000,1785153466058707000,1785153466058707000,121932490,121652369,-193.121,0.000,0.000,1.000,2.000,0.000,0.000,78.000,0,0,0
B3_zmq_pushpull,zmq_tcp,none,none,,1,29599,512,584,1785153466059633000,1785153466059633000,1785153466059633000,1785153466059634000,1785153466059707000,1785153466059710000,1785153466059710000,1785153466059710000,121932490,121652369,-207.121,0.000,0.000,1.000,3.000,0.000,0.000,14.000,0,0,0
B3_zmq_pushpull,zmq_tcp,none,none,,1,29600,512,584,1785153466060628000,1785153466060628000,1785153466060628000,1785153466060629000,1785153466060706000,1785153466060709000,1785153466060709000,1785153466060709000,121932490,121652369,-203.121,0.000,0.000,1.000,3.000,0.000,0.000,4.000,0,0,0
B3_zmq_pushpull,zmq_tcp,none,none,,1,29601,512,584,1785153466061537000,1785153466061537000,1785153466061537000,1785153466061538000,1785153466061681000,1785153466061683000,1785153466061683000,1785153466061683000,121932490,121652369,-137.121,0.000,0.000,1.000,2.000,0.000,0.000,66.000,0,0,0
B3_zmq_pushpull,zmq_tcp,none,none,,1,29602,512,584,1785153466062652000,1785153466062652000,1785153466062652000,1785153466062653000,1785153466062798000,1785153466062800000,1785153466062800000,1785153466062800000,121932490,121652369,-135.121,0.000,0.000,1.000,2.000,0.000,0.000,2.000,0,0,0
B3_zmq_pushpull,zmq_tcp,none,none,,1,29603,512,584,1785153466063489000,1785153466063489000,1785153466063489000,1785153466063490000,1785153466063632000,1785153466063635000,1785153466063635000,1785153466063635000,121932490,121652369,-138.121,0.000,0.000,1.000,3.000,0.000,0.000,3.000,0,0,0
B3_zmq_pushpull,zmq_tcp,none,none,,1,29604,512,584,1785153466064667000,1785153466064667000,1785153466064667000,1785153466064668000,1785153466064761000,1785153466064764000,1785153466064764000,1785153466064764000,121932490,121652369,-187.121,0.000,0.000,1.000,3.000,0.000,0.000,49.000,0,0,0
B3_zmq_pushpull,zmq_tcp,none,none,,1,29605,512,584,1785153466065621000,1785153466065621000,1785153466065621000,1785153466065622000,1785153466065772000,1785153466065776000,1785153466065776000,1785153466065776000,121932490,121652369,-130.121,0.000,0.000,1.000,4.000,0.000,0.000,57.000,0,0,0
B3_zmq_pushpull,zmq_tcp,none,none,,1,29606,512,584,1785153466066483000,1785153466066483000,1785153466066483000,1785153466066484000,1785153466066633000,1785153466066641000,1785153466066641000,1785153466066641000,121932490,121652369,-131.121,0.000,0.000,1.000,8.000,0.000,0.000,1.000,0,0,0
B3_zmq_pushpull,zmq_tcp,none,none,,1,29607,512,584,1785153466067665000,1785153466067665000,1785153466067665000,1785153466067666000,1785153466067779000,1785153466067782000,1785153466067782000,1785153466067782000,121932490,121652369,-167.121,0.000,0.000,1.000,3.000,0.000,0.000,36.000,0,0,0
B3_zmq_pushpull,zmq_tcp,none,none,,1,29608,512,584,1785153466068620000,1785153466068620000,1785153466068620000,1785153466068621000,1785153466068780000,1785153466068783000,1785153466068783000,1785153466068783000,121932490,121652369,-121.121,0.000,0.000,1.000,3.000,0.000,0.000,46.000,0,0,0
B3_zmq_pushpull,zmq_tcp,none,none,,1,29609,512,584,1785153466069631000,1785153466069632000,1785153466069632000,1785153466069633000,1785153466069767000,1785153466069770000,1785153466069770000,1785153466069770000,121932490,121652369,-146.121,1.000,0.000,1.000,3.000,0.000,0.000,25.000,0,0,0
B3_zmq_pushpull,zmq_tcp,none,none,,1,29610,512,584,1785153466070625000,1785153466070625000,1785153466070625000,1785153466070626000,1785153466070771000,1785153466070774000,1785153466070774000,1785153466070774000,121932490,121652369,-135.121,0.000,0.000,1.000,3.000,0.000,0.000,11.000,0,0,0
B3_zmq_pushpull,zmq_tcp,none,none,,1,29611,512,584,1785153466071630000,1785153466071630000,1785153466071630000,1785153466071631000,1785153466071794000,1785153466071797000,1785153466071797000,1785153466071797000,121932490,121652369,-117.121,0.000,0.000,1.000,3.000,0.000,0.000,18.000,0,0,0
B3_zmq_pushpull,zmq_tcp,none,none,,1,29612,512,584,1785153466072631000,1785153466072631000,1785153466072631000,1785153466072632000,1785153466072788000,1785153466072791000,1785153466072791000,1785153466072791000,121932490,121652369,-124.121,0.000,0.000,1.000,3.000,0.000,0.000,7.000,0,0,0
B3_zmq_pushpull,zmq_tcp,none,none,,1,29613,512,584,1785153466073500000,1785153466073500000,1785153466073500000,1785153466073501000,1785153466073656000,1785153466073659000,1785153466073659000,1785153466073659000,121932490,121652369,-125.121,0.000,0.000,1.000,3.000,0.000,0.000,1.000,0,0,0
B3_zmq_pushpull,zmq_tcp,none,none,,1,29614,512,584,1785153466074478000,1785153466074478000,1785153466074478000,1785153466074479000,1785153466074626000,1785153466074629000,1785153466074629000,1785153466074629000,121932490,121652369,-133.121,0.000,0.000,1.000,3.000,0.000,0.000,8.000,0,0,0
B3_zmq_pushpull,zmq_tcp,none,none,,1,29615,512,584,1785153466075666000,1785153466075667000,1785153466075667000,1785153466075667000,1785153466075739000,1785153466075742000,1785153466075742000,1785153466075742000,121932490,121652369,-208.121,1.000,0.000,0.000,3.000,0.000,0.000,75.000,0,0,0
B3_zmq_pushpull,zmq_tcp,none,none,,1,29616,512,584,1785153466076619000,1785153466076620000,1785153466076620000,1785153466076621000,1785153466076743000,1785153466076746000,1785153466076746000,1785153466076746000,121932490,121652369,-158.121,1.000,0.000,1.000,3.000,0.000,0.000,50.000,0,0,0
B3_zmq_pushpull,zmq_tcp,none,none,,1,29617,512,584,1785153466077630000,1785153466077630000,1785153466077630000,1785153466077631000,1785153466077741000,1785153466077745000,1785153466077745000,1785153466077745000,121932490,121652369,-170.121,0.000,0.000,1.000,4.000,0.000,0.000,12.000,0,0,0
B3_zmq_pushpull,zmq_tcp,none,none,,1,29618,512,584,1785153466078629000,1785153466078629000,1785153466078629000,1785153466078630000,1785153466078730000,1785153466078732000,1785153466078733000,1785153466078733000,121932490,121652369,-180.121,0.000,0.000,1.000,2.000,1.000,0.000,10.000,0,0,0
B3_zmq_pushpull,zmq_tcp,none,none,,1,29619,512,584,1785153466079632000,1785153466079632000,1785153466079632000,1785153466079633000,1785153466079711000,1785153466079714000,1785153466079714000,1785153466079714000,121932490,121652369,-202.121,0.000,0.000,1.000,3.000,0.000,0.000,22.000,0,0,0
B3_zmq_pushpull,zmq_tcp,none,none,,1,29620,512,584,1785153466080628000,1785153466080628000,1785153466080628000,1785153466080629000,1785153466080693000,1785153466080696000,1785153466080696000,1785153466080696000,121932490,121652369,-216.121,0.000,0.000,1.000,3.000,0.000,0.000,14.000,0,0,0
B3_zmq_pushpull,zmq_tcp,none,none,,1,29621,512,584,1785153466081529000,1785153466081529000,1785153466081529000,1785153466081530000,1785153466081685000,1785153466081687000,1785153466081687000,1785153466081687000,121932490,121652369,-125.121,0.000,0.000,1.000,2.000,0.000,0.000,91.000,0,0,0
B3_zmq_pushpull,zmq_tcp,none,none,,1,29622,512,584,1785153466082654000,1785153466082654000,1785153466082654000,1785153466082655000,1785153466082783000,1785153466082786000,1785153466082786000,1785153466082786000,121932490,121652369,-152.121,0.000,0.000,1.000,3.000,0.000,0.000,27.000,0,0,0
B3_zmq_pushpull,zmq_tcp,none,none,,1,29623,512,584,1785153466083620000,1785153466083620000,1785153466083620000,1785153466083621000,1785153466083652000,1785153466083654000,1785153466083654000,1785153466083654000,121932490,121652369,-249.121,0.000,0.000,1.000,2.000,0.000,0.000,97.000,0,0,0
B3_zmq_pushpull,zmq_tcp,none,none,,1,29624,512,584,1785153466084632000,1785153466084632000,1785153466084632000,1785153466084633000,1785153466084774000,1785153466084777000,1785153466084777000,1785153466084777000,121932490,121652369,-139.121,0.000,0.000,1.000,3.000,0.000,0.000,110.000,0,0,0
B3_zmq_pushpull,zmq_tcp,none,none,,1,29625,512,584,1785153466085631000,1785153466085631000,1785153466085631000,1785153466085632000,1785153466085773000,1785153466085776000,1785153466085776000,1785153466085776000,121932490,121652369,-139.121,0.000,0.000,1.000,3.000,0.000,0.000,0.000,0,0,0
B3_zmq_pushpull,zmq_tcp,none,none,,1,29626,512,584,1785153466086453000,1785153466086453000,1785153466086453000,1785153466086454000,1785153466086601000,1785153466086603000,1785153466086603000,1785153466086603000,121932490,121652369,-133.121,0.000,0.000,1.000,2.000,0.000,0.000,6.000,0,0,0
B3_zmq_pushpull,zmq_tcp,none,none,,1,29627,512,584,1785153466087674000,1785153466087674000,1785153466087674000,1785153466087675000,1785153466087859000,1785153466087862000,1785153466087862000,1785153466087863000,121932490,121652369,-96.121,0.000,0.000,1.000,3.000,0.000,1.000,37.000,0,0,0
B3_zmq_pushpull,zmq_tcp,none,none,,1,29628,512,584,1785153466088558000,1785153466088558000,1785153466088558000,1785153466088559000,1785153466088709000,1785153466088711000,1785153466088711000,1785153466088711000,121932490,121652369,-130.121,0.000,0.000,1.000,2.000,0.000,0.000,34.000,0,0,0
B3_zmq_pushpull,zmq_tcp,none,none,,1,29629,512,584,1785153466089648000,1785153466089648000,1785153466089648000,1785153466089649000,1785153466089833000,1785153466089835000,1785153466089835000,1785153466089835000,121932490,121652369,-96.121,0.000,0.000,1.000,2.000,0.000,0.000,34.000,0,0,0
B3_zmq_pushpull,zmq_tcp,none,none,,1,29630,512,584,1785153466090621000,1785153466090621000,1785153466090621000,1785153466090622000,1785153466090687000,1785153466090690000,1785153466090690000,1785153466090690000,121932490,121652369,-215.121,0.000,0.000,1.000,3.000,0.000,0.000,119.000,0,0,0
B3_zmq_pushpull,zmq_tcp,none,none,,1,29631,512,584,1785153466091633000,1785153466091633000,1785153466091633000,1785153466091634000,1785153466091683000,1785153466091686000,1785153466091687000,1785153466091687000,121932490,121652369,-231.121,0.000,0.000,1.000,3.000,1.000,0.000,16.000,0,0,0
B3_zmq_pushpull,zmq_tcp,none,none,,1,29632,512,584,1785153466092629000,1785153466092630000,1785153466092630000,1785153466092631000,1785153466092678000,1785153466092682000,1785153466092682000,1785153466092682000,121932490,121652369,-233.121,1.000,0.000,1.000,4.000,0.000,0.000,2.000,0,0,0
B3_zmq_pushpull,zmq_tcp,none,none,,1,29633,512,584,1785153466093632000,1785153466093632000,1785153466093632000,1785153466093633000,1785153466093797000,1785153466093799000,1785153466093799000,1785153466093799000,121932490,121652369,-116.121,0.000,0.000,1.000,2.000,0.000,0.000,117.000,0,0,0
B3_zmq_pushpull,zmq_tcp,none,none,,1,29634,512,584,1785153466094628000,1785153466094628000,1785153466094628000,1785153466094629000,1785153466094794000,1785153466094797000,1785153466094797000,1785153466094797000,121932490,121652369,-115.121,0.000,0.000,1.000,3.000,0.000,0.000,1.000,0,0,0
B3_zmq_pushpull,zmq_tcp,none,none,,1,29635,512,584,1785153466095630000,1785153466095630000,1785153466095630000,1785153466095631000,1785153466095799000,1785153466095802000,1785153466095802000,1785153466095802000,121932490,121652369,-112.121,0.000,0.000,1.000,3.000,0.000,0.000,3.000,0,0,0
B3_zmq_pushpull,zmq_tcp,none,none,,1,29636,512,584,1785153466096630000,1785153466096630000,1785153466096630000,1785153466096631000,1785153466096803000,1785153466096806000,1785153466096806000,1785153466096806000,121932490,121652369,-108.121,0.000,0.000,1.000,3.000,0.000,0.000,4.000,0,0,0
B3_zmq_pushpull,zmq_tcp,none,none,,1,29637,512,584,1785153466097629000,1785153466097630000,1785153466097630000,1785153466097631000,1785153466097801000,1785153466097803000,1785153466097803000,1785153466097803000,121932490,121652369,-110.121,1.000,0.000,1.000,2.000,0.000,0.000,2.000,0,0,0
B3_zmq_pushpull,zmq_tcp,none,none,,1,29638,512,584,1785153466098628000,1785153466098628000,1785153466098628000,1785153466098629000,1785153466098801000,1785153466098803000,1785153466098803000,1785153466098804000,121932490,121652369,-108.121,0.000,0.000,1.000,2.000,0.000,1.000,2.000,0,0,0
B3_zmq_pushpull,zmq_tcp,none,none,,1,29639,512,584,1785153466099503000,1785153466099503000,1785153466099504000,1785153466099504000,1785153466099659000,1785153466099662000,1785153466099662000,1785153466099662000,121932490,121652369,-125.121,0.000,1.000,0.000,3.000,0.000,0.000,17.000,0,0,0
B3_zmq_pushpull,zmq_tcp,none,none,,1,29640,512,584,1785153466100660000,1785153466100660000,1785153466100660000,1785153466100661000,1785153466100803000,1785153466100806000,1785153466100806000,1785153466100806000,121932490,121652369,-138.121,0.000,0.000,1.000,3.000,0.000,0.000,13.000,0,0,0
B3_zmq_pushpull,zmq_tcp,none,none,,1,29641,512,584,1785153466101624000,1785153466101625000,1785153466101625000,1785153466101626000,1785153466101685000,1785153466101688000,1785153466101688000,1785153466101688000,121932490,121652369,-221.121,1.000,0.000,1.000,3.000,0.000,0.000,83.000,0,0,0
B3_zmq_pushpull,zmq_tcp,none,none,,1,29642,512,584,1785153466102631000,1785153466102631000,1785153466102631000,1785153466102632000,1785153466102683000,1785153466102686000,1785153466102686000,1785153466102686000,121932490,121652369,-229.121,0.000,0.000,1.000,3.000,0.000,0.000,8.000,0,0,0
B3_zmq_pushpull,zmq_tcp,none,none,,1,29643,512,584,1785153466103529000,1785153466103530000,1785153466103530000,1785153466103531000,1785153466103683000,1785153466103687000,1785153466103687000,1785153466103687000,121932490,121652369,-128.121,1.000,0.000,1.000,4.000,0.000,0.000,101.000,0,0,0
B3_zmq_pushpull,zmq_tcp,none,none,,1,29644,512,584,1785153466104655000,1785153466104655000,1785153466104655000,1785153466104656000,1785153466104823000,1785153466104826000,1785153466104826000,1785153466104826000,121932490,121652369,-113.121,0.000,0.000,1.000,3.000,0.000,0.000,15.000,0,0,0
B3_zmq_pushpull,zmq_tcp,none,none,,1,29645,512,584,1785153466105524000,1785153466105524000,1785153466105524000,1785153466105525000,1785153466105678000,1785153466105681000,1785153466105681000,1785153466105681000,121932490,121652369,-127.121,0.000,0.000,1.000,3.000,0.000,0.000,14.000,0,0,0
B3_zmq_pushpull,zmq_tcp,none,none,,1,29646,512,584,1785153466106658000,1785153466106658000,1785153466106658000,1785153466106659000,1785153466106821000,1785153466106823000,1785153466106823000,1785153466106823000,121932490,121652369,-118.121,0.000,0.000,1.000,2.000,0.000,0.000,9.000,0,0,0
B3_zmq_pushpull,zmq_tcp,none,none,,1,29647,512,584,1785153466107625000,1785153466107625000,1785153466107626000,1785153466107626000,1785153466107671000,1785153466107675000,1785153466107675000,1785153466107675000,121932490,121652369,-235.121,0.000,1.000,0.000,4.000,0.000,0.000,117.000,0,0,0
B3_zmq_pushpull,zmq_tcp,none,none,,1,29648,512,584,1785153466108517000,1785153466108517000,1785153466108517000,1785153466108518000,1785153466108680000,1785153466108682000,1785153466108682000,1785153466108682000,121932490,121652369,-118.121,0.000,0.000,1.000,2.000,0.000,0.000,117.000,0,0,0
B3_zmq_pushpull,zmq_tcp,none,none,,1,29649,512,584,1785153466109657000,1785153466109657000,1785153466109657000,1785153466109658000,1785153466109822000,1785153466109825000,1785153466109825000,1785153466109825000,121932490,121652369,-116.121,0.000,0.000,1.000,3.000,0.000,0.000,2.000,0,0,0
B3_zmq_pushpull,zmq_tcp,none,none,,1,29650,512,584,1785153466110623000,1785153466110623000,1785153466110623000,1785153466110624000,1785153466110668000,1785153466110671000,1785153466110671000,1785153466110671000,121932490,121652369,-236.121,0.000,0.000,1.000,3.000,0.000,0.000,120.000,0,0,0
B3_zmq_pushpull,zmq_tcp,none,none,,1,29651,512,584,1785153466111631000,1785153466111631000,1785153466111631000,1785153466111632000,1785153466111809000,1785153466111813000,1785153466111813000,1785153466111813000,121932490,121652369,-103.121,0.000,0.000,1.000,4.000,0.000,0.000,133.000,0,0,0
B3_zmq_pushpull,zmq_tcp,none,none,,1,29652,512,584,1785153466112624000,1785153466112625000,1785153466112625000,1785153466112626000,1785153466112782000,1785153466112785000,1785153466112785000,1785153466112785000,121932490,121652369,-124.121,1.000,0.000,1.000,3.000,0.000,0.000,21.000,0,0,0
B3_zmq_pushpull,zmq_tcp,none,none,,1,29653,512,584,1785153466113633000,1785153466113633000,1785153466113633000,1785153466113634000,1785153466113783000,1785153466113787000,1785153466113787000,1785153466113787000,121932490,121652369,-131.121,0.000,0.000,1.000,4.000,0.000,0.000,7.000,0,0,0
B3_zmq_pushpull,zmq_tcp,none,none,,1,29654,512,584,1785153466114483000,1785153466114483000,1785153466114483000,1785153466114484000,1785153466114631000,1785153466114634000,1785153466114634000,1785153466114634000,121932490,121652369,-133.121,0.000,0.000,1.000,3.000,0.000,0.000,2.000,0,0,0
B3_zmq_pushpull,zmq_tcp,none,none,,1,29655,512,584,1785153466115667000,1785153466115667000,1785153466115667000,1785153466115668000,1785153466115766000,1785153466115769000,1785153466115769000,1785153466115769000,121932490,121652369,-182.121,0.000,0.000,1.000,3.000,0.000,0.000,49.000,0,0,0
B3_zmq_pushpull,zmq_tcp,none,none,,1,29656,512,584,1785153466116619000,1785153466116619000,1785153466116619000,1785153466116620000,1785153466116767000,1785153466116770000,1785153466116770000,1785153466116770000,121932490,121652369,-133.121,0.000,0.000,1.000,3.000,0.000,0.000,49.000,0,0,0
B3_zmq_pushpull,zmq_tcp,none,none,,1,29657,512,584,1785153466117632000,1785153466117632000,1785153466117632000,1785153466117633000,1785153466117753000,1785153466117756000,1785153466117756000,1785153466117756000,121932490,121652369,-160.121,0.000,0.000,1.000,3.000,0.000,0.000,27.000,0,0,0
B3_zmq_pushpull,zmq_tcp,none,none,,1,29658,512,584,1785153466118629000,1785153466118629000,1785153466118629000,1785153466118630000,1785153466118749000,1785153466118751000,1785153466118751000,1785153466118751000,121932490,121652369,-161.121,0.000,0.000,1.000,2.000,0.000,0.000,1.000,0,0,0
B3_zmq_pushpull,zmq_tcp,none,none,,1,29659,512,584,1785153466119629000,1785153466119629000,1785153466119630000,1785153466119630000,1785153466119739000,1785153466119742000,1785153466119742000,1785153466119742000,121932490,121652369,-171.121,0.000,1.000,0.000,3.000,0.000,0.000,10.000,0,0,0
B3_zmq_pushpull,zmq_tcp,none,none,,1,29660,512,584,1785153466120626000,1785153466120626000,1785153466120626000,1785153466120627000,1785153466120737000,1785153466120740000,1785153466120740000,1785153466120740000,121932490,121652369,-170.121,0.000,0.000,1.000,3.000,0.000,0.000,1.000,0,0,0
B3_zmq_pushpull,zmq_tcp,none,none,,1,29661,512,584,1785153466121631000,1785153466121631000,1785153466121631000,1785153466121632000,1785153466121697000,1785153466121700000,1785153466121700000,1785153466121700000,121932490,121652369,-215.121,0.000,0.000,1.000,3.000,0.000,0.000,45.000,0,0,0
B3_zmq_pushpull,zmq_tcp,none,none,,1,29662,512,584,1785153466122631000,1785153466122631000,1785153466122631000,1785153466122632000,1785153466122697000,1785153466122700000,1785153466122700000,1785153466122700000,121932490,121652369,-215.121,0.000,0.000,1.000,3.000,0.000,0.000,0.000,0,0,0
B3_zmq_pushpull,zmq_tcp,none,none,,1,29663,512,584,1785153466123502000,1785153466123502000,1785153466123502000,1785153466123503000,1785153466123650000,1785153466123653000,1785153466123653000,1785153466123653000,121932490,121652369,-133.121,0.000,0.000,1.000,3.000,0.000,0.000,82.000,0,0,0
B3_zmq_pushpull,zmq_tcp,none,none,,1,29664,512,584,1785153466124660000,1785153466124660000,1785153466124660000,1785153466124661000,1785153466124760000,1785153466124762000,1785153466124762000,1785153466124762000,121932490,121652369,-181.121,0.000,0.000,1.000,2.000,0.000,0.000,48.000,0,0,0
B3_zmq_pushpull,zmq_tcp,none,none,,1,29665,512,584,1785153466125620000,1785153466125620000,1785153466125620000,1785153466125621000,1785153466125727000,1785153466125729000,1785153466125729000,1785153466125729000,121932490,121652369,-174.121,0.000,0.000,1.000,2.000,0.000,0.000,7.000,0,0,0
B3_zmq_pushpull,zmq_tcp,none,none,,1,29666,512,584,1785153466126631000,1785153466126631000,1785153466126631000,1785153466126632000,1785153466126695000,1785153466126697000,1785153466126697000,1785153466126697000,121932490,121652369,-217.121,0.000,0.000,1.000,2.000,0.000,0.000,43.000,0,0,0
B3_zmq_pushpull,zmq_tcp,none,none,,1,29667,512,584,1785153466127629000,1785153466127629000,1785153466127629000,1785153466127630000,1785153466127680000,1785153466127684000,1785153466127684000,1785153466127684000,121932490,121652369,-230.121,0.000,0.000,1.000,4.000,0.000,0.000,13.000,0,0,0
B3_zmq_pushpull,zmq_tcp,none,none,,1,29668,512,584,1785153466128517000,1785153466128517000,1785153466128517000,1785153466128518000,1785153466128677000,1785153466128680000,1785153466128680000,1785153466128680000,121932490,121652369,-121.121,0.000,0.000,1.000,3.000,0.000,0.000,109.000,0,0,0
B3_zmq_pushpull,zmq_tcp,none,none,,1,29669,512,584,1785153466129656000,1785153466129656000,1785153466129656000,1785153466129657000,1785153466129789000,1785153466129792000,1785153466129792000,1785153466129792000,121932490,121652369,-148.121,0.000,0.000,1.000,3.000,0.000,0.000,27.000,0,0,0
B3_zmq_pushpull,zmq_tcp,none,none,,1,29670,512,584,1785153466130622000,1785153466130622000,1785153466130622000,1785153466130623000,1785153466130773000,1785153466130776000,1785153466130776000,1785153466130776000,121932490,121652369,-130.121,0.000,0.000,1.000,3.000,0.000,0.000,18.000,0,0,0
B3_zmq_pushpull,zmq_tcp,none,none,,1,29671,512,584,1785153466131630000,1785153466131630000,1785153466131630000,1785153466131631000,1785153466131741000,1785153466131744000,1785153466131744000,1785153466131744000,121932490,121652369,-170.121,0.000,0.000,1.000,3.000,0.000,0.000,40.000,0,0,0
B3_zmq_pushpull,zmq_tcp,none,none,,1,29672,512,584,1785153466132628000,1785153466132628000,1785153466132629000,1785153466132629000,1785153466132689000,1785153466132692000,1785153466132692000,1785153466132692000,121932490,121652369,-220.121,0.000,1.000,0.000,3.000,0.000,0.000,50.000,0,0,0
B3_zmq_pushpull,zmq_tcp,none,none,,1,29673,512,584,1785153466133628000,1785153466133628000,1785153466133628000,1785153466133629000,1785153466133797000,1785153466133799000,1785153466133799000,1785153466133799000,121932490,121652369,-112.121,0.000,0.000,1.000,2.000,0.000,0.000,108.000,0,0,0
B3_zmq_pushpull,zmq_tcp,none,none,,1,29674,512,584,1785153466134628000,1785153466134629000,1785153466134629000,1785153466134630000,1785153466134780000,1785153466134783000,1785153466134783000,1785153466134783000,121932490,121652369,-130.121,1.000,0.000,1.000,3.000,0.000,0.000,18.000,0,0,0
B3_zmq_pushpull,zmq_tcp,none,none,,1,29675,512,584,1785153466135470000,1785153466135470000,1785153466135470000,1785153466135471000,1785153466135628000,1785153466135631000,1785153466135631000,1785153466135631000,121932490,121652369,-123.121,0.000,0.000,1.000,3.000,0.000,0.000,7.000,0,0,0
B3_zmq_pushpull,zmq_tcp,none,none,,1,29676,512,584,1785153466136441000,1785153466136441000,1785153466136441000,1785153466136442000,1785153466136599000,1785153466136602000,1785153466136602000,1785153466136602000,121932490,121652369,-123.121,0.000,0.000,1.000,3.000,0.000,0.000,0.000,0,0,0
B3_zmq_pushpull,zmq_tcp,none,none,,1,29677,512,584,1785153466137435000,1785153466137435000,1785153466137436000,1785153466137436000,1785153466137576000,1785153466137579000,1785153466137579000,1785153466137579000,121932490,121652369,-140.121,0.000,1.000,0.000,3.000,0.000,0.000,17.000,0,0,0
B3_zmq_pushpull,zmq_tcp,none,none,,1,29678,512,584,1785153466138538000,1785153466138538000,1785153466138538000,1785153466138539000,1785153466138689000,1785153466138692000,1785153466138692000,1785153466138692000,121932490,121652369,-130.121,0.000,0.000,1.000,3.000,0.000,0.000,10.000,0,0,0
B3_zmq_pushpull,zmq_tcp,none,none,,1,29679,512,584,1785153466139514000,1785153466139514000,1785153466139514000,1785153466139515000,1785153466139665000,1785153466139668000,1785153466139668000,1785153466139668000,121932490,121652369,-130.121,0.000,0.000,1.000,3.000,0.000,0.000,0.000,0,0,0
B3_zmq_pushpull,zmq_tcp,none,none,,1,29680,512,584,1785153466140493000,1785153466140493000,1785153466140493000,1785153466140494000,1785153466140645000,1785153466140648000,1785153466140648000,1785153466140649000,121932490,121652369,-129.121,0.000,0.000,1.000,3.000,0.000,1.000,1.000,0,0,0
B3_zmq_pushpull,zmq_tcp,none,none,,1,29681,512,584,1785153466141659000,1785153466141659000,1785153466141659000,1785153466141660000,1785153466141757000,1785153466141760000,1785153466141760000,1785153466141760000,121932490,121652369,-183.121,0.000,0.000,1.000,3.000,0.000,0.000,54.000,0,0,0
B3_zmq_pushpull,zmq_tcp,none,none,,1,29682,512,584,1785153466142624000,1785153466142625000,1785153466142625000,1785153466142626000,1785153466142752000,1785153466142755000,1785153466142755000,1785153466142755000,121932490,121652369,-154.121,1.000,0.000,1.000,3.000,0.000,0.000,29.000,0,0,0
B3_zmq_pushpull,zmq_tcp,none,none,,1,29683,512,584,1785153466143630000,1785153466143630000,1785153466143630000,1785153466143631000,1785153466143731000,1785153466143733000,1785153466143733000,1785153466143733000,121932490,121652369,-180.121,0.000,0.000,1.000,2.000,0.000,0.000,26.000,0,0,0
B3_zmq_pushpull,zmq_tcp,none,none,,1,29684,512,584,1785153466144628000,1785153466144628000,1785153466144628000,1785153466144629000,1785153466144698000,1785153466144701000,1785153466144701000,1785153466144701000,121932490,121652369,-211.121,0.000,0.000,1.000,3.000,0.000,0.000,31.000,0,0,0
B3_zmq_pushpull,zmq_tcp,none,none,,1,29685,512,584,1785153466145628000,1785153466145628000,1785153466145628000,1785153466145629000,1785153466145679000,1785153466145682000,1785153466145682000,1785153466145682000,121932490,121652369,-230.121,0.000,0.000,1.000,3.000,0.000,0.000,19.000,0,0,0
B3_zmq_pushpull,zmq_tcp,none,none,,1,29686,512,584,1785153466146507000,1785153466146507000,1785153466146508000,1785153466146508000,1785153466146660000,1785153466146663000,1785153466146663000,1785153466146663000,121932490,121652369,-128.121,0.000,1.000,0.000,3.000,0.000,0.000,102.000,0,0,0
B3_zmq_pushpull,zmq_tcp,none,none,,1,29687,512,584,1785153466147469000,1785153466147469000,1785153466147469000,1785153466147470000,1785153466147623000,1785153466147625000,1785153466147625000,1785153466147625000,121932490,121652369,-127.121,0.000,0.000,1.000,2.000,0.000,0.000,1.000,0,0,0
B3_zmq_pushpull,zmq_tcp,none,none,,1,29688,512,584,1785153466148465000,1785153466148465000,1785153466148465000,1785153466148466000,1785153466148623000,1785153466148631000,1785153466148631000,1785153466148631000,121932490,121652369,-123.121,0.000,0.000,1.000,8.000,0.000,0.000,4.000,0,0,0
B3_zmq_pushpull,zmq_tcp,none,none,,1,29689,512,584,1785153466149461000,1785153466149461000,1785153466149461000,1785153466149462000,1785153466149621000,1785153466149624000,1785153466149624000,1785153466149624000,121932490,121652369,-121.121,0.000,0.000,1.000,3.000,0.000,0.000,2.000,0,0,0
B3_zmq_pushpull,zmq_tcp,none,none,,1,29690,512,584,1785153466150674000,1785153466150674000,1785153466150674000,1785153466150675000,1785153466150759000,1785153466150761000,1785153466150761000,1785153466150761000,121932490,121652369,-196.121,0.000,0.000,1.000,2.000,0.000,0.000,75.000,0,0,0
B3_zmq_pushpull,zmq_tcp,none,none,,1,29691,512,584,1785153466151616000,1785153466151617000,1785153466151617000,1785153466151618000,1785153466151743000,1785153466151745000,1785153466151745000,1785153466151745000,121932490,121652369,-155.121,1.000,0.000,1.000,2.000,0.000,0.000,41.000,0,0,0
B3_zmq_pushpull,zmq_tcp,none,none,,1,29692,512,584,1785153466152632000,1785153466152632000,1785153466152632000,1785153466152633000,1785153466152713000,1785153466152716000,1785153466152716000,1785153466152716000,121932490,121652369,-200.121,0.000,0.000,1.000,3.000,0.000,0.000,45.000,0,0,0
B3_zmq_pushpull,zmq_tcp,none,none,,1,29693,512,584,1785153466153534000,1785153466153534000,1785153466153534000,1785153466153535000,1785153466153685000,1785153466153688000,1785153466153688000,1785153466153688000,121932490,121652369,-130.121,0.000,0.000,1.000,3.000,0.000,0.000,70.000,0,0,0
B3_zmq_pushpull,zmq_tcp,none,none,,1,29694,512,584,1785153466154513000,1785153466154513000,1785153466154513000,1785153466154514000,1785153466154656000,1785153466154659000,1785153466154659000,1785153466154659000,121932490,121652369,-138.121,0.000,0.000,1.000,3.000,0.000,0.000,8.000,0,0,0
B3_zmq_pushpull,zmq_tcp,none,none,,1,29695,512,584,1785153466155498000,1785153466155499000,1785153466155499000,1785153466155500000,1785153466155643000,1785153466155646000,1785153466155646000,1785153466155646000,121932490,121652369,-137.121,1.000,0.000,1.000,3.000,0.000,0.000,1.000,0,0,0
B3_zmq_pushpull,zmq_tcp,none,none,,1,29696,512,584,1785153466156662000,1785153466156662000,1785153466156662000,1785153466156663000,1785153466156764000,1785153466156767000,1785153466156767000,1785153466156767000,121932490,121652369,-179.121,0.000,0.000,1.000,3.000,0.000,0.000,42.000,0,0,0
B3_zmq_pushpull,zmq_tcp,none,none,,1,29697,512,584,1785153466157621000,1785153466157621000,1785153466157621000,1785153466157622000,1785153466157751000,1785153466157753000,1785153466157754000,1785153466157754000,121932490,121652369,-151.121,0.000,0.000,1.000,2.000,1.000,0.000,28.000,0,0,0
B3_zmq_pushpull,zmq_tcp,none,none,,1,29698,512,584,1785153466158628000,1785153466158628000,1785153466158628000,1785153466158629000,1785153466158727000,1785153466158730000,1785153466158730000,1785153466158730000,121932490,121652369,-182.121,0.000,0.000,1.000,3.000,0.000,0.000,31.000,0,0,0
B3_zmq_pushpull,zmq_tcp,none,none,,1,29699,512,584,1785153466159630000,1785153466159630000,1785153466159630000,1785153466159631000,1785153466159692000,1785153466159695000,1785153466159695000,1785153466159695000,121932490,121652369,-219.121,0.000,0.000,1.000,3.000,0.000,0.000,37.000,0,0,0
B3_zmq_pushpull,zmq_tcp,none,none,,1,29700,512,584,1785153466160628000,1785153466160629000,1785153466160629000,1785153466160629000,1785153466160793000,1785153466160796000,1785153466160796000,1785153466160796000,121932490,121652369,-116.121,1.000,0.000,0.000,3.000,0.000,0.000,103.000,0,0,0
B3_zmq_pushpull,zmq_tcp,none,none,,1,29701,512,584,1785153466161493000,1785153466161493000,1785153466161493000,1785153466161494000,1785153466161647000,1785153466161649000,1785153466161649000,1785153466161649000,121932490,121652369,-127.121,0.000,0.000,1.000,2.000,0.000,0.000,11.000,0,0,0
B3_zmq_pushpull,zmq_tcp,none,none,,1,29702,512,584,1785153466162473000,1785153466162473000,1785153466162473000,1785153466162475000,1785153466162620000,1785153466162623000,1785153466162623000,1785153466162623000,121932490,121652369,-135.121,0.000,0.000,2.000,3.000,0.000,0.000,8.000,0,0,0
B3_zmq_pushpull,zmq_tcp,none,none,,1,29703,512,584,1785153466163667000,1785153466163667000,1785153466163667000,1785153466163668000,1785153466163745000,1785153466163748000,1785153466163748000,1785153466163748000,121932490,121652369,-203.121,0.000,0.000,1.000,3.000,0.000,0.000,68.000,0,0,0
B3_zmq_pushpull,zmq_tcp,none,none,,1,29704,512,584,1785153466164618000,1785153466164618000,1785153466164618000,1785153466164619000,1785153466164731000,1785153466164734000,1785153466164734000,1785153466164734000,121932490,121652369,-168.121,0.000,0.000,1.000,3.000,0.000,0.000,35.000,0,0,0
B3_zmq_pushpull,zmq_tcp,none,none,,1,29705,512,584,1785153466165631000,1785153466165631000,1785153466165631000,1785153466165632000,1785153466165699000,1785153466165702000,1785153466165702000,1785153466165702000,121932490,121652369,-213.121,0.000,0.000,1.000,3.000,0.000,0.000,45.000,0,0,0
B3_zmq_pushpull,zmq_tcp,none,none,,1,29706,512,584,1785153466166628000,1785153466166629000,1785153466166629000,1785153466166630000,1785153466166800000,1785153466166803000,1785153466166803000,1785153466166803000,121932490,121652369,-110.121,1.000,0.000,1.000,3.000,0.000,0.000,103.000,0,0,0
B3_zmq_pushpull,zmq_tcp,none,none,,1,29707,512,584,1785153466167628000,1785153466167629000,1785153466167629000,1785153466167630000,1785153466167757000,1785153466167760000,1785153466167760000,1785153466167760000,121932490,121652369,-153.121,1.000,0.000,1.000,3.000,0.000,0.000,43.000,0,0,0
B3_zmq_pushpull,zmq_tcp,none,none,,1,29708,512,584,1785153466168629000,1785153466168630000,1785153466168630000,1785153466168631000,1785153466168742000,1785153466168745000,1785153466168745000,1785153466168745000,121932490,121652369,-169.121,1.000,0.000,1.000,3.000,0.000,0.000,16.000,0,0,0
B3_zmq_pushpull,zmq_tcp,none,none,,1,29709,512,584,1785153466169628000,1785153466169628000,1785153466169629000,1785153466169629000,1785153466169735000,1785153466169737000,1785153466169737000,1785153466169737000,121932490,121652369,-174.121,0.000,1.000,0.000,2.000,0.000,0.000,5.000,0,0,0
B3_zmq_pushpull,zmq_tcp,none,none,,1,29710,512,584,1785153466170631000,1785153466170631000,1785153466170631000,1785153466170632000,1785153466170731000,1785153466170733000,1785153466170733000,1785153466170733000,121932490,121652369,-181.121,0.000,0.000,1.000,2.000,0.000,0.000,7.000,0,0,0
B3_zmq_pushpull,zmq_tcp,none,none,,1,29711,512,584,1785153466171624000,1785153466171625000,1785153466171625000,1785153466171626000,1785153466171710000,1785153466171712000,1785153466171712000,1785153466171712000,121932490,121652369,-196.121,1.000,0.000,1.000,2.000,0.000,0.000,15.000,0,0,0
B3_zmq_pushpull,zmq_tcp,none,none,,1,29712,512,584,1785153466172630000,1785153466172630000,1785153466172630000,1785153466172631000,1785153466172692000,1785153466172695000,1785153466172695000,1785153466172695000,121932490,121652369,-219.121,0.000,0.000,1.000,3.000,0.000,0.000,23.000,0,0,0
B3_zmq_pushpull,zmq_tcp,none,none,,1,29713,512,584,1785153466173628000,1785153466173629000,1785153466173629000,1785153466173630000,1785153466173789000,1785153466173792000,1785153466173792000,1785153466173792000,121932490,121652369,-121.121,1.000,0.000,1.000,3.000,0.000,0.000,98.000,0,0,0
B3_zmq_pushpull,zmq_tcp,none,none,,1,29714,512,584,1785153466174628000,1785153466174629000,1785153466174629000,1785153466174630000,1785153466174756000,1785153466174759000,1785153466174759000,1785153466174759000,121932490,121652369,-154.121,1.000,0.000,1.000,3.000,0.000,0.000,33.000,0,0,0
B3_zmq_pushpull,zmq_tcp,none,none,,1,29715,512,584,1785153466175629000,1785153466175629000,1785153466175629000,1785153466175630000,1785153466175747000,1785153466175749000,1785153466175749000,1785153466175749000,121932490,121652369,-163.121,0.000,0.000,1.000,2.000,0.000,0.000,9.000,0,0,0
B3_zmq_pushpull,zmq_tcp,none,none,,1,29716,512,584,1785153466176628000,1785153466176629000,1785153466176629000,1785153466176630000,1785153466176694000,1785153466176696000,1785153466176696000,1785153466176696000,121932490,121652369,-216.121,1.000,0.000,1.000,2.000,0.000,0.000,53.000,0,0,0
B3_zmq_pushpull,zmq_tcp,none,none,,1,29717,512,584,1785153466177628000,1785153466177629000,1785153466177629000,1785153466177630000,1785153466177796000,1785153466177799000,1785153466177799000,1785153466177799000,121932490,121652369,-114.121,1.000,0.000,1.000,3.000,0.000,0.000,102.000,0,0,0
B3_zmq_pushpull,zmq_tcp,none,none,,1,29718,512,584,1785153466178496000,1785153466178497000,1785153466178497000,1785153466178498000,1785153466178654000,1785153466178656000,1785153466178656000,1785153466178656000,121932490,121652369,-124.121,1.000,0.000,1.000,2.000,0.000,0.000,10.000,0,0,0
B3_zmq_pushpull,zmq_tcp,none,none,,1,29719,512,584,1785153466179488000,1785153466179488000,1785153466179488000,1785153466179489000,1785153466179639000,1785153466179643000,1785153466179643000,1785153466179643000,121932490,121652369,-130.121,0.000,0.000,1.000,4.000,0.000,0.000,6.000,0,0,0
B3_zmq_pushpull,zmq_tcp,none,none,,1,29720,512,584,1785153466180664000,1785153466180665000,1785153466180665000,1785153466180666000,1785153466180740000,1785153466180743000,1785153466180743000,1785153466180743000,121932490,121652369,-206.121,1.000,0.000,1.000,3.000,0.000,0.000,76.000,0,0,0
B3_zmq_pushpull,zmq_tcp,none,none,,1,29721,512,584,1785153466181619000,1785153466181620000,1785153466181620000,1785153466181621000,1785153466181683000,1785153466181687000,1785153466181687000,1785153466181687000,121932490,121652369,-218.121,1.000,0.000,1.000,4.000,0.000,0.000,12.000,0,0,0
B3_zmq_pushpull,zmq_tcp,none,none,,1,29722,512,584,1785153466182527000,1785153466182527000,1785153466182527000,1785153466182528000,1785153466182675000,1785153466182678000,1785153466182678000,1785153466182678000,121932490,121652369,-133.121,0.000,0.000,1.000,3.000,0.000,0.000,85.000,0,0,0
B3_zmq_pushpull,zmq_tcp,none,none,,1,29723,512,584,1785153466183654000,1785153466183654000,1785153466183654000,1785153466183655000,1785153466183783000,1785153466183786000,1785153466183786000,1785153466183786000,121932490,121652369,-152.121,0.000,0.000,1.000,3.000,0.000,0.000,19.000,0,0,0
B3_zmq_pushpull,zmq_tcp,none,none,,1,29724,512,584,1785153466184622000,1785153466184622000,1785153466184622000,1785153466184623000,1785153466184771000,1785153466184774000,1785153466184774000,1785153466184774000,121932490,121652369,-132.121,0.000,0.000,1.000,3.000,0.000,0.000,20.000,0,0,0
B3_zmq_pushpull,zmq_tcp,none,none,,1,29725,512,584,1785153466185627000,1785153466185627000,1785153466185627000,1785153466185628000,1785153466185770000,1785153466185772000,1785153466185772000,1785153466185772000,121932490,121652369,-138.121,0.000,0.000,1.000,2.000,0.000,0.000,6.000,0,0,0
B3_zmq_pushpull,zmq_tcp,none,none,,1,29726,512,584,1785153466186630000,1785153466186630000,1785153466186630000,1785153466186631000,1785153466186751000,1785153466186754000,1785153466186754000,1785153466186754000,121932490,121652369,-160.121,0.000,0.000,1.000,3.000,0.000,0.000,22.000,0,0,0
B3_zmq_pushpull,zmq_tcp,none,none,,1,29727,512,584,1785153466187630000,1785153466187630000,1785153466187630000,1785153466187631000,1785153466187708000,1785153466187711000,1785153466187711000,1785153466187711000,121932490,121652369,-203.121,0.000,0.000,1.000,3.000,0.000,0.000,43.000,0,0,0
B3_zmq_pushpull,zmq_tcp,none,none,,1,29728,512,584,1785153466188626000,1785153466188626000,1785153466188626000,1785153466188627000,1785153466188671000,1785153466188674000,1785153466188674000,1785153466188674000,121932490,121652369,-236.121,0.000,0.000,1.000,3.000,0.000,0.000,33.000,0,0,0
B3_zmq_pushpull,zmq_tcp,none,none,,1,29729,512,584,1785153466189632000,1785153466189632000,1785153466189632000,1785153466189633000,1785153466189792000,1785153466189795000,1785153466189795000,1785153466189795000,121932490,121652369,-121.121,0.000,0.000,1.000,3.000,0.000,0.000,115.000,0,0,0
B3_zmq_pushpull,zmq_tcp,none,none,,1,29730,512,584,1785153466190628000,1785153466190628000,1785153466190628000,1785153466190629000,1785153466190771000,1785153466190774000,1785153466190774000,1785153466190774000,121932490,121652369,-138.121,0.000,0.000,1.000,3.000,0.000,0.000,17.000,0,0,0
B3_zmq_pushpull,zmq_tcp,none,none,,1,29731,512,584,1785153466191631000,1785153466191631000,1785153466191631000,1785153466191632000,1785153466191760000,1785153466191763000,1785153466191763000,1785153466191763000,121932490,121652369,-152.121,0.000,0.000,1.000,3.000,0.000,0.000,14.000,0,0,0
B3_zmq_pushpull,zmq_tcp,none,none,,1,29732,512,584,1785153466192630000,1785153466192630000,1785153466192630000,1785153466192631000,1785153466192733000,1785153466192736000,1785153466192736000,1785153466192736000,121932490,121652369,-178.121,0.000,0.000,1.000,3.000,0.000,0.000,26.000,0,0,0
B3_zmq_pushpull,zmq_tcp,none,none,,1,29733,512,584,1785153466193629000,1785153466193629000,1785153466193629000,1785153466193630000,1785153466193730000,1785153466193732000,1785153466193732000,1785153466193732000,121932490,121652369,-180.121,0.000,0.000,1.000,2.000,0.000,0.000,2.000,0,0,0
B3_zmq_pushpull,zmq_tcp,none,none,,1,29734,512,584,1785153466194629000,1785153466194629000,1785153466194629000,1785153466194630000,1785153466194706000,1785153466194709000,1785153466194709000,1785153466194709000,121932490,121652369,-204.121,0.000,0.000,1.000,3.000,0.000,0.000,24.000,0,0,0
B3_zmq_pushpull,zmq_tcp,none,none,,1,29735,512,584,1785153466195527000,1785153466195527000,1785153466195527000,1785153466195528000,1785153466195670000,1785153466195672000,1785153466195672000,1785153466195672000,121932490,121652369,-138.121,0.000,0.000,1.000,2.000,0.000,0.000,66.000,0,0,0
B3_zmq_pushpull,zmq_tcp,none,none,,1,29736,512,584,1785153466196654000,1785153466196654000,1785153466196654000,1785153466196655000,1785153466196814000,1785153466196816000,1785153466196816000,1785153466196816000,121932490,121652369,-121.121,0.000,0.000,1.000,2.000,0.000,0.000,17.000,0,0,0
B3_zmq_pushpull,zmq_tcp,none,none,,1,29737,512,584,1785153466197628000,1785153466197628000,1785153466197628000,1785153466197629000,1785153466197792000,1785153466197795000,1785153466197796000,1785153466197796000,121932490,121652369,-117.121,0.000,0.000,1.000,3.000,1.000,0.000,4.000,0,0,0
B3_zmq_pushpull,zmq_tcp,none,none,,1,29738,512,584,1785153466198633000,1785153466198633000,1785153466198633000,1785153466198634000,1785153466198771000,1785153466198774000,1785153466198774000,1785153466198774000,121932490,121652369,-143.121,0.000,0.000,1.000,3.000,0.000,0.000,26.000,0,0,0
B3_zmq_pushpull,zmq_tcp,none,none,,1,29739,512,584,1785153466199627000,1785153466199627000,1785153466199627000,1785153466199628000,1785153466199728000,1785153466199731000,1785153466199731000,1785153466199731000,121932490,121652369,-180.121,0.000,0.000,1.000,3.000,0.000,0.000,37.000,0,0,0
B3_zmq_pushpull,zmq_tcp,none,none,,1,29740,512,584,1785153466200630000,1785153466200630000,1785153466200630000,1785153466200631000,1785153466200687000,1785153466200690000,1785153466200690000,1785153466200690000,121932490,121652369,-224.121,0.000,0.000,1.000,3.000,0.000,0.000,44.000,0,0,0
B3_zmq_pushpull,zmq_tcp,none,none,,1,29741,512,584,1785153466201629000,1785153466201629000,1785153466201629000,1785153466201630000,1785153466201800000,1785153466201803000,1785153466201803000,1785153466201803000,121932490,121652369,-110.121,0.000,0.000,1.000,3.000,0.000,0.000,114.000,0,0,0
B3_zmq_pushpull,zmq_tcp,none,none,,1,29742,512,584,1785153466202629000,1785153466202629000,1785153466202630000,1785153466202630000,1785153466202792000,1785153466202795000,1785153466202795000,1785153466202795000,121932490,121652369,-118.121,0.000,1.000,0.000,3.000,0.000,0.000,8.000,0,0,0
B3_zmq_pushpull,zmq_tcp,none,none,,1,29743,512,584,1785153466203509000,1785153466203509000,1785153466203509000,1785153466203510000,1785153466203656000,1785153466203659000,1785153466203659000,1785153466203659000,121932490,121652369,-134.121,0.000,0.000,1.000,3.000,0.000,0.000,16.000,0,0,0
B3_zmq_pushpull,zmq_tcp,none,none,,1,29744,512,584,1785153466204659000,1785153466204659000,1785153466204659000,1785153466204660000,1785153466204772000,1785153466204775000,1785153466204775000,1785153466204775000,121932490,121652369,-168.121,0.000,0.000,1.000,3.000,0.000,0.000,34.000,0,0,0
B3_zmq_pushpull,zmq_tcp,none,none,,1,29745,512,584,1785153466205625000,1785153466205625000,1785153466205625000,1785153466205626000,1785153466205758000,1785153466205760000,1785153466205760000,1785153466205760000,121932490,121652369,-148.121,0.000,0.000,1.000,2.000,0.000,0.000,20.000,0,0,0
B3_zmq_pushpull,zmq_tcp,none,none,,1,29746,512,584,1785153466206630000,1785153466206630000,1785153466206630000,1785153466206631000,1785153466206748000,1785153466206751000,1785153466206751000,1785153466206751000,121932490,121652369,-163.121,0.000,0.000,1.000,3.000,0.000,0.000,15.000,0,0,0
B3_zmq_pushpull,zmq_tcp,none,none,,1,29747,512,584,1785153466207627000,1785153466207627000,1785153466207627000,1785153466207628000,1785153466207739000,1785153466207742000,1785153466207742000,1785153466207742000,121932490,121652369,-169.121,0.000,0.000,1.000,3.000,0.000,0.000,6.000,0,0,0
B3_zmq_pushpull,zmq_tcp,none,none,,1,29748,512,584,1785153466208630000,1785153466208630000,1785153466208630000,1785153466208631000,1785153466208705000,1785153466208708000,1785153466208708000,1785153466208708000,121932490,121652369,-206.121,0.000,0.000,1.000,3.000,0.000,0.000,37.000,0,0,0
B3_zmq_pushpull,zmq_tcp,none,none,,1,29749,512,584,1785153466209629000,1785153466209629000,1785153466209629000,1785153466209630000,1785153466209675000,1785153466209678000,1785153466209678000,1785153466209678000,121932490,121652369,-235.121,0.000,0.000,1.000,3.000,0.000,0.000,29.000,0,0,0
B3_zmq_pushpull,zmq_tcp,none,none,,1,29750,512,584,1785153466210629000,1785153466210629000,1785153466210629000,1785153466210630000,1785153466210812000,1785153466210815000,1785153466210815000,1785153466210815000,121932490,121652369,-98.121,0.000,0.000,1.000,3.000,0.000,0.000,137.000,0,0,0
B3_zmq_pushpull,zmq_tcp,none,none,,1,29751,512,584,1785153466211627000,1785153466211627000,1785153466211627000,1785153466211628000,1785153466211675000,1785153466211679000,1785153466211679000,1785153466211679000,121932490,121652369,-233.121,0.000,0.000,1.000,4.000,0.000,0.000,135.000,0,0,0
B3_zmq_pushpull,zmq_tcp,none,none,,1,29752,512,584,1785153466212509000,1785153466212509000,1785153466212509000,1785153466212510000,1785153466212668000,1785153466212672000,1785153466212672000,1785153466212672000,121932490,121652369,-122.121,0.000,0.000,1.000,4.000,0.000,0.000,111.000,0,0,0
B3_zmq_pushpull,zmq_tcp,none,none,,1,29753,512,584,1785153466213481000,1785153466213482000,1785153466213482000,1785153466213483000,1785153466213623000,1785153466213626000,1785153466213626000,1785153466213626000,121932490,121652369,-140.121,1.000,0.000,1.000,3.000,0.000,0.000,18.000,0,0,0
B3_zmq_pushpull,zmq_tcp,none,none,,1,29754,512,584,1785153466214449000,1785153466214449000,1785153466214449000,1785153466214450000,1785153466214603000,1785153466214606000,1785153466214606000,1785153466214606000,121932490,121652369,-127.121,0.000,0.000,1.000,3.000,0.000,0.000,13.000,0,0,0
B3_zmq_pushpull,zmq_tcp,none,none,,1,29755,512,584,1785153466215433000,1785153466215433000,1785153466215433000,1785153466215434000,1785153466215572000,1785153466215575000,1785153466215575000,1785153466215575000,121932490,121652369,-142.121,0.000,0.000,1.000,3.000,0.000,0.000,15.000,0,0,0
B3_zmq_pushpull,zmq_tcp,none,none,,1,29756,512,584,1785153466216528000,1785153466216528000,1785153466216528000,1785153466216529000,1785153466216681000,1785153466216685000,1785153466216685000,1785153466216685000,121932490,121652369,-128.121,0.000,0.000,1.000,4.000,0.000,0.000,14.000,0,0,0
B3_zmq_pushpull,zmq_tcp,none,none,,1,29757,512,584,1785153466217654000,1785153466217655000,1785153466217655000,1785153466217656000,1785153466217810000,1785153466217812000,1785153466217812000,1785153466217812000,121932490,121652369,-126.121,1.000,0.000,1.000,2.000,0.000,0.000,2.000,0,0,0
B3_zmq_pushpull,zmq_tcp,none,none,,1,29758,512,584,1785153466218619000,1785153466218620000,1785153466218620000,1785153466218621000,1785153466218799000,1785153466218802000,1785153466218802000,1785153466218802000,121932490,121652369,-102.121,1.000,0.000,1.000,3.000,0.000,0.000,24.000,0,0,0
B3_zmq_pushpull,zmq_tcp,none,none,,1,29759,512,584,1785153466219634000,1785153466219634000,1785153466219634000,1785153466219635000,1785153466219799000,1785153466219802000,1785153466219802000,1785153466219802000,121932490,121652369,-116.121,0.000,0.000,1.000,3.000,0.000,0.000,14.000,0,0,0
B3_zmq_pushpull,zmq_tcp,none,none,,1,29760,512,584,1785153466220627000,1785153466220627000,1785153466220628000,1785153466220628000,1785153466220764000,1785153466220767000,1785153466220767000,1785153466220767000,121932490,121652369,-144.121,0.000,1.000,0.000,3.000,0.000,0.000,28.000,0,0,0
B3_zmq_pushpull,zmq_tcp,none,none,,1,29761,512,584,1785153466221629000,1785153466221629000,1785153466221629000,1785153466221630000,1785153466221746000,1785153466221749000,1785153466221749000,1785153466221749000,121932490,121652369,-164.121,0.000,0.000,1.000,3.000,0.000,0.000,20.000,0,0,0
B3_zmq_pushpull,zmq_tcp,none,none,,1,29762,512,584,1785153466222626000,1785153466222626000,1785153466222626000,1785153466222627000,1785153466222722000,1785153466222724000,1785153466222724000,1785153466222724000,121932490,121652369,-185.121,0.000,0.000,1.000,2.000,0.000,0.000,21.000,0,0,0
B3_zmq_pushpull,zmq_tcp,none,none,,1,29763,512,584,1785153466223631000,1785153466223631000,1785153466223631000,1785153466223632000,1785153466223693000,1785153466223696000,1785153466223696000,1785153466223696000,121932490,121652369,-219.121,0.000,0.000,1.000,3.000,0.000,0.000,34.000,0,0,0
B3_zmq_pushpull,zmq_tcp,none,none,,1,29764,512,584,1785153466224629000,1785153466224629000,1785153466224629000,1785153466224630000,1785153466224794000,1785153466224796000,1785153466224796000,1785153466224796000,121932490,121652369,-116.121,0.000,0.000,1.000,2.000,0.000,0.000,103.000,0,0,0
B3_zmq_pushpull,zmq_tcp,none,none,,1,29765,512,584,1785153466225631000,1785153466225632000,1785153466225632000,1785153466225633000,1785153466225768000,1785153466225771000,1785153466225771000,1785153466225771000,121932490,121652369,-145.121,1.000,0.000,1.000,3.000,0.000,0.000,29.000,0,0,0
B3_zmq_pushpull,zmq_tcp,none,none,,1,29766,512,584,1785153466226627000,1785153466226627000,1785153466226627000,1785153466226628000,1785153466226743000,1785153466226746000,1785153466226746000,1785153466226746000,121932490,121652369,-165.121,0.000,0.000,1.000,3.000,0.000,0.000,20.000,0,0,0
B3_zmq_pushpull,zmq_tcp,none,none,,1,29767,512,584,1785153466227631000,1785153466227631000,1785153466227632000,1785153466227632000,1785153466227726000,1785153466227729000,1785153466227729000,1785153466227729000,121932490,121652369,-186.121,0.000,1.000,0.000,3.000,0.000,0.000,21.000,0,0,0
B3_zmq_pushpull,zmq_tcp,none,none,,1,29768,512,584,1785153466228541000,1785153466228542000,1785153466228542000,1785153466228543000,1785153466228692000,1785153466228696000,1785153466228696000,1785153466228696000,121932490,121652369,-131.121,1.000,0.000,1.000,4.000,0.000,0.000,55.000,0,0,0
B3_zmq_pushpull,zmq_tcp,none,none,,1,29769,512,584,1785153466229509000,1785153466229509000,1785153466229509000,1785153466229510000,1785153466229662000,1785153466229664000,1785153466229664000,1785153466229664000,121932490,121652369,-128.121,0.000,0.000,1.000,2.000,0.000,0.000,3.000,0,0,0
B3_zmq_pushpull,zmq_tcp,none,none,,1,29770,512,584,1785153466230477000,1785153466230478000,1785153466230478000,1785153466230479000,1785153466230622000,1785153466230624000,1785153466230624000,1785153466230624000,121932490,121652369,-137.121,1.000,0.000,1.000,2.000,0.000,0.000,9.000,0,0,0
B3_zmq_pushpull,zmq_tcp,none,none,,1,29771,512,584,1785153466231670000,1785153466231670000,1785153466231670000,1785153466231671000,1785153466231849000,1785153466231852000,1785153466231852000,1785153466231852000,121932490,121652369,-102.121,0.000,0.000,1.000,3.000,0.000,0.000,35.000,0,0,0
B3_zmq_pushpull,zmq_tcp,none,none,,1,29772,512,584,1785153466232619000,1785153466232620000,1785153466232620000,1785153466232621000,1785153466232698000,1785153466232701000,1785153466232701000,1785153466232701000,121932490,121652369,-203.121,1.000,0.000,1.000,3.000,0.000,0.000,101.000,0,0,0
B3_zmq_pushpull,zmq_tcp,none,none,,1,29773,512,584,1785153466233633000,1785153466233633000,1785153466233633000,1785153466233634000,1785153466233706000,1785153466233709000,1785153466233709000,1785153466233709000,121932490,121652369,-208.121,0.000,0.000,1.000,3.000,0.000,0.000,5.000,0,0,0
B3_zmq_pushpull,zmq_tcp,none,none,,1,29774,512,584,1785153466234627000,1785153466234627000,1785153466234628000,1785153466234628000,1785153466234704000,1785153466234707000,1785153466234707000,1785153466234708000,121932490,121652369,-204.121,0.000,1.000,0.000,3.000,0.000,1.000,4.000,0,0,0
B3_zmq_pushpull,zmq_tcp,none,none,,1,29775,512,584,1785153466235630000,1785153466235630000,1785153466235630000,1785153466235631000,1785153466235688000,1785153466235692000,1785153466235692000,1785153466235692000,121932490,121652369,-223.121,0.000,0.000,1.000,4.000,0.000,0.000,19.000,0,0,0
B3_zmq_pushpull,zmq_tcp,none,none,,1,29776,512,584,1785153466236524000,1785153466236524000,1785153466236524000,1785153466236525000,1785153466236666000,1785153466236669000,1785153466236669000,1785153466236669000,121932490,121652369,-139.121,0.000,0.000,1.000,3.000,0.000,0.000,84.000,0,0,0
B3_zmq_pushpull,zmq_tcp,none,none,,1,29777,512,584,1785153466237494000,1785153466237494000,1785153466237494000,1785153466237495000,1785153466237646000,1785153466237648000,1785153466237648000,1785153466237648000,121932490,121652369,-129.121,0.000,0.000,1.000,2.000,0.000,0.000,10.000,0,0,0
B3_zmq_pushpull,zmq_tcp,none,none,,1,29778,512,584,1785153466238489000,1785153466238490000,1785153466238490000,1785153466238491000,1785153466238648000,1785153466238651000,1785153466238651000,1785153466238651000,121932490,121652369,-123.121,1.000,0.000,1.000,3.000,0.000,0.000,6.000,0,0,0
B3_zmq_pushpull,zmq_tcp,none,none,,1,29779,512,584,1785153466239666000,1785153466239666000,1785153466239666000,1785153466239667000,1785153466239780000,1785153466239783000,1785153466239783000,1785153466239783000,121932490,121652369,-167.121,0.000,0.000,1.000,3.000,0.000,0.000,44.000,0,0,0
B3_zmq_pushpull,zmq_tcp,none,none,,1,29780,512,584,1785153466240617000,1785153466240617000,1785153466240617000,1785153466240618000,1785153466240772000,1785153466240776000,1785153466240776000,1785153466240776000,121932490,121652369,-126.121,0.000,0.000,1.000,4.000,0.000,0.000,41.000,0,0,0
B3_zmq_pushpull,zmq_tcp,none,none,,1,29781,512,584,1785153466241468000,1785153466241468000,1785153466241468000,1785153466241469000,1785153466241628000,1785153466241631000,1785153466241631000,1785153466241631000,121932490,121652369,-121.121,0.000,0.000,1.000,3.000,0.000,0.000,5.000,0,0,0
B3_zmq_pushpull,zmq_tcp,none,none,,1,29782,512,584,1785153466242669000,1785153466242669000,1785153466242669000,1785153466242670000,1785153466242727000,1785153466242730000,1785153466242730000,1785153466242730000,121932490,121652369,-223.121,0.000,0.000,1.000,3.000,0.000,0.000,102.000,0,0,0
B3_zmq_pushpull,zmq_tcp,none,none,,1,29783,512,584,1785153466243553000,1785153466243554000,1785153466243554000,1785153466243555000,1785153466243709000,1785153466243711000,1785153466243711000,1785153466243711000,121932490,121652369,-126.121,1.000,0.000,1.000,2.000,0.000,0.000,97.000,0,0,0
B3_zmq_pushpull,zmq_tcp,none,none,,1,29784,512,584,1785153466244525000,1785153466244525000,1785153466244525000,1785153466244526000,1785153466244677000,1785153466244679000,1785153466244679000,1785153466244679000,121932490,121652369,-129.121,0.000,0.000,1.000,2.000,0.000,0.000,3.000,0,0,0
B3_zmq_pushpull,zmq_tcp,none,none,,1,29785,512,584,1785153466245512000,1785153466245512000,1785153466245512000,1785153466245513000,1785153466245673000,1785153466245675000,1785153466245675000,1785153466245675000,121932490,121652369,-120.121,0.000,0.000,1.000,2.000,0.000,0.000,9.000,0,0,0
B3_zmq_pushpull,zmq_tcp,none,none,,1,29786,512,584,1785153466246659000,1785153466246659000,1785153466246659000,1785153466246660000,1785153466246790000,1785153466246793000,1785153466246793000,1785153466246793000,121932490,121652369,-150.121,0.000,0.000,1.000,3.000,0.000,0.000,30.000,0,0,0
B3_zmq_pushpull,zmq_tcp,none,none,,1,29787,512,584,1785153466247621000,1785153466247621000,1785153466247621000,1785153466247622000,1785153466247773000,1785153466247775000,1785153466247775000,1785153466247775000,121932490,121652369,-129.121,0.000,0.000,1.000,2.000,0.000,0.000,21.000,0,0,0
B3_zmq_pushpull,zmq_tcp,none,none,,1,29788,512,584,1785153466248470000,1785153466248470000,1785153466248470000,1785153466248471000,1785153466248620000,1785153466248623000,1785153466248623000,1785153466248623000,121932490,121652369,-131.121,0.000,0.000,1.000,3.000,0.000,0.000,2.000,0,0,0
B3_zmq_pushpull,zmq_tcp,none,none,,1,29789,512,584,1785153466249669000,1785153466249669000,1785153466249669000,1785153466249670000,1785153466249743000,1785153466249748000,1785153466249748000,1785153466249748000,121932490,121652369,-207.121,0.000,0.000,1.000,5.000,0.000,0.000,76.000,0,0,0
B3_zmq_pushpull,zmq_tcp,none,none,,1,29790,512,584,1785153466250616000,1785153466250616000,1785153466250616000,1785153466250617000,1785153466250721000,1785153466250723000,1785153466250723000,1785153466250723000,121932490,121652369,-176.121,0.000,0.000,1.000,2.000,0.000,0.000,31.000,0,0,0
B3_zmq_pushpull,zmq_tcp,none,none,,1,29791,512,584,1785153466251633000,1785153466251633000,1785153466251633000,1785153466251634000,1785153466251699000,1785153466251702000,1785153466251702000,1785153466251702000,121932490,121652369,-215.121,0.000,0.000,1.000,3.000,0.000,0.000,39.000,0,0,0
B3_zmq_pushpull,zmq_tcp,none,none,,1,29792,512,584,1785153466252629000,1785153466252629000,1785153466252629000,1785153466252630000,1785153466252682000,1785153466252685000,1785153466252685000,1785153466252685000,121932490,121652369,-228.121,0.000,0.000,1.000,3.000,0.000,0.000,13.000,0,0,0
B3_zmq_pushpull,zmq_tcp,none,none,,1,29793,512,584,1785153466253518000,1785153466253518000,1785153466253518000,1785153466253519000,1785153466253658000,1785153466253660000,1785153466253660000,1785153466253660000,121932490,121652369,-141.121,0.000,0.000,1.000,2.000,0.000,0.000,87.000,0,0,0
B3_zmq_pushpull,zmq_tcp,none,none,,1,29794,512,584,1785153466254654000,1785153466254654000,1785153466254655000,1785153466254655000,1785153466254797000,1785153466254800000,1785153466254800000,1785153466254800000,121932490,121652369,-138.121,0.000,1.000,0.000,3.000,0.000,0.000,3.000,0,0,0
B3_zmq_pushpull,zmq_tcp,none,none,,1,29795,512,584,1785153466255622000,1785153466255622000,1785153466255622000,1785153466255623000,1785153466255750000,1785153466255753000,1785153466255753000,1785153466255753000,121932490,121652369,-153.121,0.000,0.000,1.000,3.000,0.000,0.000,15.000,0,0,0
B3_zmq_pushpull,zmq_tcp,none,none,,1,29796,512,584,1785153466256632000,1785153466256632000,1785153466256632000,1785153466256633000,1785153466256707000,1785153466256710000,1785153466256710000,1785153466256710000,121932490,121652369,-206.121,0.000,0.000,1.000,3.000,0.000,0.000,53.000,0,0,0
B3_zmq_pushpull,zmq_tcp,none,none,,1,29797,512,584,1785153466257628000,1785153466257628000,1785153466257628000,1785153466257629000,1785153466257674000,1785153466257678000,1785153466257678000,1785153466257678000,121932490,121652369,-235.121,0.000,0.000,1.000,4.000,0.000,0.000,29.000,0,0,0
B3_zmq_pushpull,zmq_tcp,none,none,,1,29798,512,584,1785153466258629000,1785153466258629000,1785153466258629000,1785153466258630000,1785153466258684000,1785153466258687000,1785153466258687000,1785153466258688000,121932490,121652369,-226.121,0.000,0.000,1.000,3.000,0.000,1.000,9.000,0,0,0
B3_zmq_pushpull,zmq_tcp,none,none,,1,29799,512,584,1785153466259634000,1785153466259634000,1785153466259634000,1785153466259635000,1785153466259809000,1785153466259811000,1785153466259811000,1785153466259811000,121932490,121652369,-106.121,0.000,0.000,1.000,2.000,0.000,0.000,120.000,0,0,0
B3_zmq_pushpull,zmq_tcp,none,none,,1,29800,512,584,1785153466260630000,1785153466260630000,1785153466260630000,1785153466260631000,1785153466260788000,1785153466260791000,1785153466260791000,1785153466260791000,121932490,121652369,-123.121,0.000,0.000,1.000,3.000,0.000,0.000,17.000,0,0,0
B3_zmq_pushpull,zmq_tcp,none,none,,1,29801,512,584,1785153466261629000,1785153466261629000,1785153466261629000,1785153466261630000,1785153466261758000,1785153466261760000,1785153466261760000,1785153466261760000,121932490,121652369,-152.121,0.000,0.000,1.000,2.000,0.000,0.000,29.000,0,0,0
B3_zmq_pushpull,zmq_tcp,none,none,,1,29802,512,584,1785153466262630000,1785153466262631000,1785153466262631000,1785153466262632000,1785153466262742000,1785153466262745000,1785153466262745000,1785153466262745000,121932490,121652369,-170.121,1.000,0.000,1.000,3.000,0.000,0.000,18.000,0,0,0
B3_zmq_pushpull,zmq_tcp,none,none,,1,29803,512,584,1785153466263629000,1785153466263629000,1785153466263629000,1785153466263630000,1785153466263711000,1785153466263714000,1785153466263714000,1785153466263714000,121932490,121652369,-199.121,0.000,0.000,1.000,3.000,0.000,0.000,29.000,0,0,0
B3_zmq_pushpull,zmq_tcp,none,none,,1,29804,512,584,1785153466264628000,1785153466264628000,1785153466264628000,1785153466264629000,1785153466264688000,1785153466264690000,1785153466264690000,1785153466264690000,121932490,121652369,-221.121,0.000,0.000,1.000,2.000,0.000,0.000,22.000,0,0,0
B3_zmq_pushpull,zmq_tcp,none,none,,1,29805,512,584,1785153466265519000,1785153466265519000,1785153466265519000,1785153466265520000,1785153466265663000,1785153466265665000,1785153466265665000,1785153466265665000,121932490,121652369,-137.121,0.000,0.000,1.000,2.000,0.000,0.000,84.000,0,0,0
B3_zmq_pushpull,zmq_tcp,none,none,,1,29806,512,584,1785153466266496000,1785153466266496000,1785153466266496000,1785153466266497000,1785153466266657000,1785153466266659000,1785153466266659000,1785153466266659000,121932490,121652369,-120.121,0.000,0.000,1.000,2.000,0.000,0.000,17.000,0,0,0
B3_zmq_pushpull,zmq_tcp,none,none,,1,29807,512,584,1785153466267667000,1785153466267667000,1785153466267667000,1785153466267668000,1785153466267774000,1785153466267777000,1785153466267777000,1785153466267777000,121932490,121652369,-174.121,0.000,0.000,1.000,3.000,0.000,0.000,54.000,0,0,0
B3_zmq_pushpull,zmq_tcp,none,none,,1,29808,512,584,1785153466268617000,1785153466268617000,1785153466268617000,1785153466268618000,1785153466268761000,1785153466268763000,1785153466268763000,1785153466268763000,121932490,121652369,-137.121,0.000,0.000,1.000,2.000,0.000,0.000,37.000,0,0,0
B3_zmq_pushpull,zmq_tcp,none,none,,1,29809,512,584,1785153466269439000,1785153466269439000,1785153466269439000,1785153466269440000,1785153466269589000,1785153466269593000,1785153466269593000,1785153466269593000,121932490,121652369,-131.121,0.000,0.000,1.000,4.000,0.000,0.000,6.000,0,0,0
B3_zmq_pushpull,zmq_tcp,none,none,,1,29810,512,584,1785153466270677000,1785153466270677000,1785153466270677000,1785153466270678000,1785153466270823000,1785153466270826000,1785153466270826000,1785153466270826000,121932490,121652369,-135.121,0.000,0.000,1.000,3.000,0.000,0.000,4.000,0,0,0
B3_zmq_pushpull,zmq_tcp,none,none,,1,29811,512,584,1785153466271617000,1785153466271617000,1785153466271617000,1785153466271618000,1785153466271653000,1785153466271656000,1785153466271656000,1785153466271656000,121932490,121652369,-245.121,0.000,0.000,1.000,3.000,0.000,0.000,110.000,0,0,0
B3_zmq_pushpull,zmq_tcp,none,none,,1,29812,512,584,1785153466272632000,1785153466272632000,1785153466272632000,1785153466272633000,1785153466272767000,1785153466272770000,1785153466272770000,1785153466272770000,121932490,121652369,-146.121,0.000,0.000,1.000,3.000,0.000,0.000,99.000,0,0,0
B3_zmq_pushpull,zmq_tcp,none,none,,1,29813,512,584,1785153466273629000,1785153466273629000,1785153466273629000,1785153466273630000,1785153466273755000,1785153466273758000,1785153466273758000,1785153466273758000,121932490,121652369,-155.121,0.000,0.000,1.000,3.000,0.000,0.000,9.000,0,0,0
B3_zmq_pushpull,zmq_tcp,none,none,,1,29814,512,584,1785153466274632000,1785153466274632000,1785153466274632000,1785153466274633000,1785153466274731000,1785153466274734000,1785153466274734000,1785153466274734000,121932490,121652369,-182.121,0.000,0.000,1.000,3.000,0.000,0.000,27.000,0,0,0
B3_zmq_pushpull,zmq_tcp,none,none,,1,29815,512,584,1785153466275625000,1785153466275625000,1785153466275625000,1785153466275626000,1785153466275679000,1785153466275681000,1785153466275681000,1785153466275681000,121932490,121652369,-227.121,0.000,0.000,1.000,2.000,0.000,0.000,45.000,0,0,0
B3_zmq_pushpull,zmq_tcp,none,none,,1,29816,512,584,1785153466276631000,1785153466276631000,1785153466276631000,1785153466276632000,1785153466276798000,1785153466276801000,1785153466276801000,1785153466276801000,121932490,121652369,-114.121,0.000,0.000,1.000,3.000,0.000,0.000,113.000,0,0,0
B3_zmq_pushpull,zmq_tcp,none,none,,1,29817,512,584,1785153466277629000,1785153466277629000,1785153466277629000,1785153466277630000,1785153466277765000,1785153466277767000,1785153466277767000,1785153466277767000,121932490,121652369,-145.121,0.000,0.000,1.000,2.000,0.000,0.000,31.000,0,0,0
B3_zmq_pushpull,zmq_tcp,none,none,,1,29818,512,584,1785153466278629000,1785153466278629000,1785153466278629000,1785153466278630000,1785153466278714000,1785153466278717000,1785153466278717000,1785153466278717000,121932490,121652369,-196.121,0.000,0.000,1.000,3.000,0.000,0.000,51.000,0,0,0
B3_zmq_pushpull,zmq_tcp,none,none,,1,29819,512,584,1785153466279627000,1785153466279627000,1785153466279627000,1785153466279628000,1785153466279694000,1785153466279697000,1785153466279697000,1785153466279697000,121932490,121652369,-214.121,0.000,0.000,1.000,3.000,0.000,0.000,18.000,0,0,0
B3_zmq_pushpull,zmq_tcp,none,none,,1,29820,512,584,1785153466280524000,1785153466280524000,1785153466280524000,1785153466280525000,1785153466280682000,1785153466280685000,1785153466280685000,1785153466280685000,121932490,121652369,-123.121,0.000,0.000,1.000,3.000,0.000,0.000,91.000,0,0,0
B3_zmq_pushpull,zmq_tcp,none,none,,1,29821,512,584,1785153466281500000,1785153466281500000,1785153466281500000,1785153466281501000,1785153466281657000,1785153466281660000,1785153466281660000,1785153466281660000,121932490,121652369,-124.121,0.000,0.000,1.000,3.000,0.000,0.000,1.000,0,0,0
B3_zmq_pushpull,zmq_tcp,none,none,,1,29822,512,584,1785153466282485000,1785153466282485000,1785153466282485000,1785153466282486000,1785153466282633000,1785153466282635000,1785153466282635000,1785153466282635000,121932490,121652369,-133.121,0.000,0.000,1.000,2.000,0.000,0.000,9.000,0,0,0
B3_zmq_pushpull,zmq_tcp,none,none,,1,29823,512,584,1785153466283470000,1785153466283470000,1785153466283471000,1785153466283471000,1785153466283622000,1785153466283625000,1785153466283625000,1785153466283625000,121932490,121652369,-129.121,0.000,1.000,0.000,3.000,0.000,0.000,4.000,0,0,0
B3_zmq_pushpull,zmq_tcp,none,none,,1,29824,512,584,1785153466284433000,1785153466284433000,1785153466284433000,1785153466284434000,1785153466284577000,1785153466284579000,1785153466284579000,1785153466284579000,121932490,121652369,-137.121,0.000,0.000,1.000,2.000,0.000,0.000,8.000,0,0,0
B3_zmq_pushpull,zmq_tcp,none,none,,1,29825,512,584,1785153466285550000,1785153466285550000,1785153466285550000,1785153466285551000,1785153466285693000,1785153466285695000,1785153466285695000,1785153466285695000,121932490,121652369,-138.121,0.000,0.000,1.000,2.000,0.000,0.000,1.000,0,0,0
B3_zmq_pushpull,zmq_tcp,none,none,,1,29826,512,584,1785153466286647000,1785153466286647000,1785153466286647000,1785153466286648000,1785153466286821000,1785153466286823000,1785153466286823000,1785153466286823000,121932490,121652369,-107.121,0.000,0.000,1.000,2.000,0.000,0.000,31.000,0,0,0
B3_zmq_pushpull,zmq_tcp,none,none,,1,29827,512,584,1785153466287625000,1785153466287625000,1785153466287625000,1785153466287626000,1785153466287813000,1785153466287815000,1785153466287815000,1785153466287816000,121932490,121652369,-93.121,0.000,0.000,1.000,2.000,0.000,1.000,14.000,0,0,0
B3_zmq_pushpull,zmq_tcp,none,none,,1,29828,512,584,1785153466288517000,1785153466288518000,1785153466288518000,1785153466288519000,1785153466288674000,1785153466288677000,1785153466288677000,1785153466288677000,121932490,121652369,-125.121,1.000,0.000,1.000,3.000,0.000,0.000,32.000,0,0,0
B3_zmq_pushpull,zmq_tcp,none,none,,1,29829,512,584,1785153466289662000,1785153466289662000,1785153466289662000,1785153466289663000,1785153466289819000,1785153466289822000,1785153466289822000,1785153466289822000,121932490,121652369,-124.121,0.000,0.000,1.000,3.000,0.000,0.000,1.000,0,0,0
B3_zmq_pushpull,zmq_tcp,none,none,,1,29830,512,584,1785153466290622000,1785153466290622000,1785153466290622000,1785153466290623000,1785153466290663000,1785153466290666000,1785153466290666000,1785153466290666000,121932490,121652369,-240.121,0.000,0.000,1.000,3.000,0.000,0.000,116.000,0,0,0
B3_zmq_pushpull,zmq_tcp,none,none,,1,29831,512,584,1785153466291632000,1785153466291632000,1785153466291632000,1785153466291633000,1785153466291767000,1785153466291770000,1785153466291770000,1785153466291770000,121932490,121652369,-146.121,0.000,0.000,1.000,3.000,0.000,0.000,94.000,0,0,0
B3_zmq_pushpull,zmq_tcp,none,none,,1,29832,512,584,1785153466292629000,1785153466292629000,1785153466292629000,1785153466292630000,1785153466292726000,1785153466292729000,1785153466292729000,1785153466292729000,121932490,121652369,-184.121,0.000,0.000,1.000,3.000,0.000,0.000,38.000,0,0,0
B3_zmq_pushpull,zmq_tcp,none,none,,1,29833,512,584,1785153466293542000,1785153466293542000,1785153466293542000,1785153466293543000,1785153466293694000,1785153466293697000,1785153466293697000,1785153466293697000,121932490,121652369,-129.121,0.000,0.000,1.000,3.000,0.000,0.000,55.000,0,0,0
B3_zmq_pushpull,zmq_tcp,none,none,,1,29834,512,584,1785153466294529000,1785153466294530000,1785153466294530000,1785153466294531000,1785153466294687000,1785153466294690000,1785153466294690000,1785153466294690000,121932490,121652369,-124.121,1.000,0.000,1.000,3.000,0.000,0.000,5.000,0,0,0
B3_zmq_pushpull,zmq_tcp,none,none,,1,29835,512,584,1785153466295505000,1785153466295506000,1785153466295506000,1785153466295507000,1785153466295666000,1785153466295669000,1785153466295669000,1785153466295669000,121932490,121652369,-121.121,1.000,0.000,1.000,3.000,0.000,0.000,3.000,0,0,0
B3_zmq_pushpull,zmq_tcp,none,none,,1,29836,512,584,1785153466296664000,1785153466296664000,1785153466296664000,1785153466296665000,1785153466296774000,1785153466296777000,1785153466296777000,1785153466296777000,121932490,121652369,-171.121,0.000,0.000,1.000,3.000,0.000,0.000,50.000,0,0,0
B3_zmq_pushpull,zmq_tcp,none,none,,1,29837,512,584,1785153466297620000,1785153466297620000,1785153466297620000,1785153466297621000,1785153466297746000,1785153466297749000,1785153466297749000,1785153466297749000,121932490,121652369,-155.121,0.000,0.000,1.000,3.000,0.000,0.000,16.000,0,0,0
B3_zmq_pushpull,zmq_tcp,none,none,,1,29838,512,584,1785153466298632000,1785153466298632000,1785153466298632000,1785153466298633000,1785153466298715000,1785153466298718000,1785153466298718000,1785153466298718000,121932490,121652369,-198.121,0.000,0.000,1.000,3.000,0.000,0.000,43.000,0,0,0
B3_zmq_pushpull,zmq_tcp,none,none,,1,29839,512,584,1785153466299629000,1785153466299629000,1785153466299629000,1785153466299630000,1785153466299691000,1785153466299694000,1785153466299694000,1785153466299694000,121932490,121652369,-219.121,0.000,0.000,1.000,3.000,0.000,0.000,21.000,0,0,0
B3_zmq_pushpull,zmq_tcp,none,none,,1,29840,512,584,1785153466300631000,1785153466300631000,1785153466300631000,1785153466300632000,1785153466300694000,1785153466300697000,1785153466300697000,1785153466300697000,121932490,121652369,-218.121,0.000,0.000,1.000,3.000,0.000,0.000,1.000,0,0,0
B3_zmq_pushpull,zmq_tcp,none,none,,1,29841,512,584,1785153466301625000,1785153466301625000,1785153466301625000,1785153466301626000,1785153466301679000,1785153466301682000,1785153466301682000,1785153466301682000,121932490,121652369,-227.121,0.000,0.000,1.000,3.000,0.000,0.000,9.000,0,0,0
B3_zmq_pushpull,zmq_tcp,none,none,,1,29842,512,584,1785153466302633000,1785153466302633000,1785153466302633000,1785153466302634000,1785153466302806000,1785153466302809000,1785153466302809000,1785153466302809000,121932490,121652369,-108.121,0.000,0.000,1.000,3.000,0.000,0.000,119.000,0,0,0
B3_zmq_pushpull,zmq_tcp,none,none,,1,29843,512,584,1785153466303628000,1785153466303628000,1785153466303628000,1785153466303629000,1785153466303798000,1785153466303801000,1785153466303801000,1785153466303801000,121932490,121652369,-111.121,0.000,0.000,1.000,3.000,0.000,0.000,3.000,0,0,0
B3_zmq_pushpull,zmq_tcp,none,none,,1,29844,512,584,1785153466304629000,1785153466304630000,1785153466304630000,1785153466304631000,1785153466304773000,1785153466304776000,1785153466304776000,1785153466304776000,121932490,121652369,-138.121,1.000,0.000,1.000,3.000,0.000,0.000,27.000,0,0,0
B3_zmq_pushpull,zmq_tcp,none,none,,1,29845,512,584,1785153466305626000,1785153466305627000,1785153466305627000,1785153466305628000,1785153466305747000,1785153466305750000,1785153466305750000,1785153466305750000,121932490,121652369,-161.121,1.000,0.000,1.000,3.000,0.000,0.000,23.000,0,0,0
B3_zmq_pushpull,zmq_tcp,none,none,,1,29846,512,584,1785153466306630000,1785153466306631000,1785153466306631000,1785153466306632000,1785153466306717000,1785153466306719000,1785153466306719000,1785153466306719000,121932490,121652369,-195.121,1.000,0.000,1.000,2.000,0.000,0.000,34.000,0,0,0
B3_zmq_pushpull,zmq_tcp,none,none,,1,29847,512,584,1785153466307634000,1785153466307634000,1785153466307634000,1785153466307635000,1785153466307698000,1785153466307701000,1785153466307701000,1785153466307701000,121932490,121652369,-217.121,0.000,0.000,1.000,3.000,0.000,0.000,22.000,0,0,0
B3_zmq_pushpull,zmq_tcp,none,none,,1,29848,512,584,1785153466308628000,1785153466308628000,1785153466308628000,1785153466308629000,1785153466308799000,1785153466308802000,1785153466308802000,1785153466308802000,121932490,121652369,-110.121,0.000,0.000,1.000,3.000,0.000,0.000,107.000,0,0,0
B3_zmq_pushpull,zmq_tcp,none,none,,1,29849,512,584,1785153466309630000,1785153466309631000,1785153466309631000,1785153466309632000,1785153466309800000,1785153466309802000,1785153466309802000,1785153466309802000,121932490,121652369,-112.121,1.000,0.000,1.000,2.000,0.000,0.000,2.000,0,0,0
B3_zmq_pushpull,zmq_tcp,none,none,,1,29850,512,584,1785153466310493000,1785153466310494000,1785153466310494000,1785153466310495000,1785153466310650000,1785153466310653000,1785153466310653000,1785153466310653000,121932490,121652369,-125.121,1.000,0.000,1.000,3.000,0.000,0.000,13.000,0,0,0
B3_zmq_pushpull,zmq_tcp,none,none,,1,29851,512,584,1785153466311663000,1785153466311663000,1785153466311663000,1785153466311664000,1785153466311765000,1785153466311768000,1785153466311768000,1785153466311768000,121932490,121652369,-179.121,0.000,0.000,1.000,3.000,0.000,0.000,54.000,0,0,0
B3_zmq_pushpull,zmq_tcp,none,none,,1,29852,512,584,1785153466312619000,1785153466312619000,1785153466312619000,1785153466312620000,1785153466312744000,1785153466312747000,1785153466312747000,1785153466312747000,121932490,121652369,-156.121,0.000,0.000,1.000,3.000,0.000,0.000,23.000,0,0,0
B3_zmq_pushpull,zmq_tcp,none,none,,1,29853,512,584,1785153466313436000,1785153466313436000,1785153466313436000,1785153466313437000,1785153466313566000,1785153466313569000,1785153466313569000,1785153466313569000,121932490,121652369,-151.121,0.000,0.000,1.000,3.000,0.000,0.000,5.000,0,0,0
B3_zmq_pushpull,zmq_tcp,none,none,,1,29854,512,584,1785153466314528000,1785153466314528000,1785153466314528000,1785153466314529000,1785153466314661000,1785153466314664000,1785153466314664000,1785153466314664000,121932490,121652369,-148.121,0.000,0.000,1.000,3.000,0.000,0.000,3.000,0,0,0
B3_zmq_pushpull,zmq_tcp,none,none,,1,29855,512,584,1785153466315656000,1785153466315656000,1785153466315656000,1785153466315657000,1785153466315777000,1785153466315779000,1785153466315780000,1785153466315780000,121932490,121652369,-160.121,0.000,0.000,1.000,2.000,1.000,0.000,12.000,0,0,0
B3_zmq_pushpull,zmq_tcp,none,none,,1,29856,512,584,1785153466316622000,1785153466316622000,1785153466316622000,1785153466316623000,1785153466316780000,1785153466316782000,1785153466316782000,1785153466316782000,121932490,121652369,-123.121,0.000,0.000,1.000,2.000,0.000,0.000,37.000,0,0,0
B3_zmq_pushpull,zmq_tcp,none,none,,1,29857,512,584,1785153466317631000,1785153466317631000,1785153466317631000,1785153466317632000,1785153466317742000,1785153466317745000,1785153466317745000,1785153466317745000,121932490,121652369,-170.121,0.000,0.000,1.000,3.000,0.000,0.000,47.000,0,0,0
B3_zmq_pushpull,zmq_tcp,none,none,,1,29858,512,584,1785153466318629000,1785153466318629000,1785153466318629000,1785153466318630000,1785153466318702000,1785153466318705000,1785153466318705000,1785153466318705000,121932490,121652369,-208.121,0.000,0.000,1.000,3.000,0.000,0.000,38.000,0,0,0
B3_zmq_pushpull,zmq_tcp,none,none,,1,29859,512,584,1785153466319629000,1785153466319629000,1785153466319629000,1785153466319630000,1785153466319803000,1785153466319806000,1785153466319806000,1785153466319806000,121932490,121652369,-107.121,0.000,0.000,1.000,3.000,0.000,0.000,101.000,0,0,0
B3_zmq_pushpull,zmq_tcp,none,none,,1,29860,512,584,1785153466320475000,1785153466320475000,1785153466320476000,1785153466320477000,1785153466320618000,1785153466320621000,1785153466320621000,1785153466320621000,121932490,121652369,-139.121,0.000,1.000,1.000,3.000,0.000,0.000,32.000,0,0,0
B3_zmq_pushpull,zmq_tcp,none,none,,1,29861,512,584,1785153466321668000,1785153466321668000,1785153466321668000,1785153466321669000,1785153466321735000,1785153466321739000,1785153466321739000,1785153466321739000,121932490,121652369,-214.121,0.000,0.000,1.000,4.000,0.000,0.000,75.000,0,0,0
B3_zmq_pushpull,zmq_tcp,none,none,,1,29862,512,584,1785153466322550000,1785153466322550000,1785153466322550000,1785153466322551000,1785153466322699000,1785153466322702000,1785153466322702000,1785153466322702000,121932490,121652369,-132.121,0.000,0.000,1.000,3.000,0.000,0.000,82.000,0,0,0
B3_zmq_pushpull,zmq_tcp,none,none,,1,29863,512,584,1785153466323649000,1785153466323649000,1785153466323649000,1785153466323650000,1785153466323809000,1785153466323812000,1785153466323812000,1785153466323812000,121932490,121652369,-121.121,0.000,0.000,1.000,3.000,0.000,0.000,11.000,0,0,0
B3_zmq_pushpull,zmq_tcp,none,none,,1,29864,512,584,1785153466324624000,1785153466324624000,1785153466324624000,1785153466324625000,1785153466324801000,1785153466324804000,1785153466324804000,1785153466324804000,121932490,121652369,-104.121,0.000,0.000,1.000,3.000,0.000,0.000,17.000,0,0,0
B3_zmq_pushpull,zmq_tcp,none,none,,1,29865,512,584,1785153466325632000,1785153466325632000,1785153466325632000,1785153466325633000,1785153466325781000,1785153466325785000,1785153466325785000,1785153466325785000,121932490,121652369,-132.121,0.000,0.000,1.000,4.000,0.000,0.000,28.000,0,0,0
B3_zmq_pushpull,zmq_tcp,none,none,,1,29866,512,584,1785153466326472000,1785153466326472000,1785153466326472000,1785153466326473000,1785153466326624000,1785153466326626000,1785153466326626000,1785153466326626000,121932490,121652369,-129.121,0.000,0.000,1.000,2.000,0.000,0.000,3.000,0,0,0
B3_zmq_pushpull,zmq_tcp,none,none,,1,29867,512,584,1785153466327450000,1785153466327450000,1785153466327450000,1785153466327451000,1785153466327604000,1785153466327606000,1785153466327607000,1785153466327607000,121932490,121652369,-127.121,0.000,0.000,1.000,2.000,1.000,0.000,2.000,0,0,0
B3_zmq_pushpull,zmq_tcp,none,none,,1,29868,512,584,1785153466328441000,1785153466328441000,1785153466328441000,1785153466328443000,1785153466328585000,1785153466328588000,1785153466328588000,1785153466328588000,121932490,121652369,-138.121,0.000,0.000,2.000,3.000,0.000,0.000,11.000,0,0,0
B3_zmq_pushpull,zmq_tcp,none,none,,1,29869,512,584,1785153466329442000,1785153466329442000,1785153466329442000,1785153466329443000,1785153466329576000,1785153466329579000,1785153466329579000,1785153466329579000,121932490,121652369,-147.121,0.000,0.000,1.000,3.000,0.000,0.000,9.000,0,0,0
B3_zmq_pushpull,zmq_tcp,none,none,,1,29870,512,584,1785153466330541000,1785153466330541000,1785153466330542000,1785153466330543000,1785153466330690000,1785153466330693000,1785153466330693000,1785153466330693000,121932490,121652369,-133.121,0.000,1.000,1.000,3.000,0.000,0.000,14.000,0,0,0
B3_zmq_pushpull,zmq_tcp,none,none,,1,29871,512,584,1785153466331651000,1785153466331652000,1785153466331652000,1785153466331653000,1785153466331782000,1785153466331785000,1785153466331785000,1785153466331785000,121932490,121652369,-151.121,1.000,0.000,1.000,3.000,0.000,0.000,18.000,0,0,0
B3_zmq_pushpull,zmq_tcp,none,none,,1,29872,512,584,1785153466332624000,1785153466332624000,1785153466332624000,1785153466332625000,1785153466332741000,1785153466332744000,1785153466332744000,1785153466332744000,121932490,121652369,-164.121,0.000,0.000,1.000,3.000,0.000,0.000,13.000,0,0,0
B3_zmq_pushpull,zmq_tcp,none,none,,1,29873,512,584,1785153466333632000,1785153466333632000,1785153466333632000,1785153466333633000,1785153466333726000,1785153466333729000,1785153466333729000,1785153466333729000,121932490,121652369,-187.121,0.000,0.000,1.000,3.000,0.000,0.000,23.000,0,0,0
B3_zmq_pushpull,zmq_tcp,none,none,,1,29874,512,584,1785153466334626000,1785153466334626000,1785153466334626000,1785153466334627000,1785153466334693000,1785153466334696000,1785153466334696000,1785153466334696000,121932490,121652369,-214.121,0.000,0.000,1.000,3.000,0.000,0.000,27.000,0,0,0
B3_zmq_pushpull,zmq_tcp,none,none,,1,29875,512,584,1785153466335632000,1785153466335632000,1785153466335632000,1785153466335633000,1785153466335814000,1785153466335817000,1785153466335817000,1785153466335817000,121932490,121652369,-99.121,0.000,0.000,1.000,3.000,0.000,0.000,115.000,0,0,0
B3_zmq_pushpull,zmq_tcp,none,none,,1,29876,512,584,1785153466336631000,1785153466336631000,1785153466336631000,1785153466336632000,1785153466336786000,1785153466336788000,1785153466336788000,1785153466336788000,121932490,121652369,-126.121,0.000,0.000,1.000,2.000,0.000,0.000,27.000,0,0,0
B3_zmq_pushpull,zmq_tcp,none,none,,1,29877,512,584,1785153466337630000,1785153466337630000,1785153466337630000,1785153466337631000,1785153466337766000,1785153466337769000,1785153466337769000,1785153466337769000,121932490,121652369,-145.121,0.000,0.000,1.000,3.000,0.000,0.000,19.000,0,0,0
B3_zmq_pushpull,zmq_tcp,none,none,,1,29878,512,584,1785153466338627000,1785153466338627000,1785153466338627000,1785153466338628000,1785153466338760000,1785153466338762000,1785153466338762000,1785153466338762000,121932490,121652369,-148.121,0.000,0.000,1.000,2.000,0.000,0.000,3.000,0,0,0
B3_zmq_pushpull,zmq_tcp,none,none,,1,29879,512,584,1785153466339631000,1785153466339631000,1785153466339631000,1785153466339632000,1785153466339729000,1785153466339732000,1785153466339732000,1785153466339732000,121932490,121652369,-183.121,0.000,0.000,1.000,3.000,0.000,0.000,35.000,0,0,0
B3_zmq_pushpull,zmq_tcp,none,none,,1,29880,512,584,1785153466340629000,1785153466340629000,1785153466340629000,1785153466340631000,1785153466340694000,1785153466340697000,1785153466340697000,1785153466340697000,121932490,121652369,-217.121,0.000,0.000,2.000,3.000,0.000,0.000,34.000,0,0,0
B3_zmq_pushpull,zmq_tcp,none,none,,1,29881,512,584,1785153466341524000,1785153466341524000,1785153466341525000,1785153466341525000,1785153466341665000,1785153466341668000,1785153466341668000,1785153466341668000,121932490,121652369,-140.121,0.000,1.000,0.000,3.000,0.000,0.000,77.000,0,0,0
B3_zmq_pushpull,zmq_tcp,none,none,,1,29882,512,584,1785153466342491000,1785153466342491000,1785153466342491000,1785153466342492000,1785153466342650000,1785153466342653000,1785153466342653000,1785153466342653000,121932490,121652369,-122.121,0.000,0.000,1.000,3.000,0.000,0.000,18.000,0,0,0
B3_zmq_pushpull,zmq_tcp,none,none,,1,29883,512,584,1785153466343666000,1785153466343666000,1785153466343666000,1785153466343667000,1785153466343790000,1785153466343793000,1785153466343793000,1785153466343793000,121932490,121652369,-157.121,0.000,0.000,1.000,3.000,0.000,0.000,35.000,0,0,0
B3_zmq_pushpull,zmq_tcp,none,none,,1,29884,512,584,1785153466344620000,1785153466344620000,1785153466344620000,1785153466344621000,1785153466344757000,1785153466344760000,1785153466344760000,1785153466344760000,121932490,121652369,-144.121,0.000,0.000,1.000,3.000,0.000,0.000,13.000,0,0,0
B3_zmq_pushpull,zmq_tcp,none,none,,1,29885,512,584,1785153466345631000,1785153466345631000,1785153466345631000,1785153466345632000,1785153466345724000,1785153466345727000,1785153466345727000,1785153466345727000,121932490,121652369,-188.121,0.000,0.000,1.000,3.000,0.000,0.000,44.000,0,0,0
B3_zmq_pushpull,zmq_tcp,none,none,,1,29886,512,584,1785153466346629000,1785153466346629000,1785153466346629000,1785153466346630000,1785153466346677000,1785153466346681000,1785153466346681000,1785153466346681000,121932490,121652369,-233.121,0.000,0.000,1.000,4.000,0.000,0.000,45.000,0,0,0
B3_zmq_pushpull,zmq_tcp,none,none,,1,29887,512,584,1785153466347629000,1785153466347629000,1785153466347630000,1785153466347630000,1785153466347788000,1785153466347790000,1785153466347790000,1785153466347790000,121932490,121652369,-122.121,0.000,1.000,0.000,2.000,0.000,0.000,111.000,0,0,0
B3_zmq_pushpull,zmq_tcp,none,none,,1,29888,512,584,1785153466348627000,1785153466348627000,1785153466348627000,1785153466348628000,1785153466348757000,1785153466348760000,1785153466348760000,1785153466348760000,121932490,121652369,-151.121,0.000,0.000,1.000,3.000,0.000,0.000,29.000,0,0,0
B3_zmq_pushpull,zmq_tcp,none,none,,1,29889,512,584,1785153466349633000,1785153466349633000,1785153466349634000,1785153466349634000,1785153466349726000,1785153466349729000,1785153466349729000,1785153466349729000,121932490,121652369,-188.121,0.000,1.000,0.000,3.000,0.000,0.000,37.000,0,0,0
B3_zmq_pushpull,zmq_tcp,none,none,,1,29890,512,584,1785153466350632000,1785153466350632000,1785153466350632000,1785153466350633000,1785153466350709000,1785153466350712000,1785153466350712000,1785153466350712000,121932490,121652369,-204.121,0.000,0.000,1.000,3.000,0.000,0.000,16.000,0,0,0
B3_zmq_pushpull,zmq_tcp,none,none,,1,29891,512,584,1785153466351630000,1785153466351630000,1785153466351630000,1785153466351631000,1785153466351705000,1785153466351708000,1785153466351708000,1785153466351708000,121932490,121652369,-206.121,0.000,0.000,1.000,3.000,0.000,0.000,2.000,0,0,0
B3_zmq_pushpull,zmq_tcp,none,none,,1,29892,512,584,1785153466352629000,1785153466352629000,1785153466352630000,1785153466352630000,1785153466352815000,1785153466352818000,1785153466352818000,1785153466352818000,121932490,121652369,-95.121,0.000,1.000,0.000,3.000,0.000,0.000,111.000,0,0,0
B3_zmq_pushpull,zmq_tcp,none,none,,1,29893,512,584,1785153466353629000,1785153466353630000,1785153466353630000,1785153466353631000,1785153466353676000,1785153466353679000,1785153466353679000,1785153466353679000,121932490,121652369,-235.121,1.000,0.000,1.000,3.000,0.000,0.000,140.000,0,0,0
B3_zmq_pushpull,zmq_tcp,none,none,,1,29894,512,584,1785153466354494000,1785153466354494000,1785153466354494000,1785153466354495000,1785153466354646000,1785153466354649000,1785153466354649000,1785153466354649000,121932490,121652369,-129.121,0.000,0.000,1.000,3.000,0.000,0.000,106.000,0,0,0
B3_zmq_pushpull,zmq_tcp,none,none,,1,29895,512,584,1785153466355474000,1785153466355475000,1785153466355475000,1785153466355476000,1785153466355626000,1785153466355629000,1785153466355629000,1785153466355629000,121932490,121652369,-130.121,1.000,0.000,1.000,3.000,0.000,0.000,1.000,0,0,0
B3_zmq_pushpull,zmq_tcp,none,none,,1,29896,512,584,1785153466356471000,1785153466356472000,1785153466356472000,1785153466356473000,1785153466356620000,1785153466356622000,1785153466356622000,1785153466356622000,121932490,121652369,-133.121,1.000,0.000,1.000,2.000,0.000,0.000,3.000,0,0,0
B3_zmq_pushpull,zmq_tcp,none,none,,1,29897,512,584,1785153466357672000,1785153466357672000,1785153466357672000,1785153466357673000,1785153466357881000,1785153466357884000,1785153466357884000,1785153466357884000,121932490,121652369,-72.121,0.000,0.000,1.000,3.000,0.000,0.000,61.000,0,0,0
B3_zmq_pushpull,zmq_tcp,none,none,,1,29898,512,584,1785153466358616000,1785153466358616000,1785153466358616000,1785153466358617000,1785153466358713000,1785153466358716000,1785153466358716000,1785153466358716000,121932490,121652369,-184.121,0.000,0.000,1.000,3.000,0.000,0.000,112.000,0,0,0
B3_zmq_pushpull,zmq_tcp,none,none,,1,29899,512,584,1785153466359633000,1785153466359634000,1785153466359634000,1785153466359635000,1785153466359682000,1785153466359684000,1785153466359684000,1785153466359684000,121932490,121652369,-233.121,1.000,0.000,1.000,2.000,0.000,0.000,49.000,0,0,0
B3_zmq_pushpull,zmq_tcp,none,none,,1,29900,512,584,1785153466360630000,1785153466360630000,1785153466360630000,1785153466360631000,1785153466360679000,1785153466360682000,1785153466360682000,1785153466360682000,121932490,121652369,-232.121,0.000,0.000,1.000,3.000,0.000,0.000,1.000,0,0,0
B3_zmq_pushpull,zmq_tcp,none,none,,1,29901,512,584,1785153466361508000,1785153466361509000,1785153466361509000,1785153466361510000,1785153466361653000,1785153466361656000,1785153466361656000,1785153466361656000,121932490,121652369,-137.121,1.000,0.000,1.000,3.000,0.000,0.000,95.000,0,0,0
B3_zmq_pushpull,zmq_tcp,none,none,,1,29902,512,584,1785153466362472000,1785153466362473000,1785153466362473000,1785153466362474000,1785153466362624000,1785153466362627000,1785153466362627000,1785153466362627000,121932490,121652369,-130.121,1.000,0.000,1.000,3.000,0.000,0.000,7.000,0,0,0
B3_zmq_pushpull,zmq_tcp,none,none,,1,29903,512,584,1785153466363672000,1785153466363672000,1785153466363672000,1785153466363673000,1785153466363749000,1785153466363752000,1785153466363752000,1785153466363752000,121932490,121652369,-204.121,0.000,0.000,1.000,3.000,0.000,0.000,74.000,0,0,0
B3_zmq_pushpull,zmq_tcp,none,none,,1,29904,512,584,1785153466364620000,1785153466364620000,1785153466364620000,1785153466364621000,1785153466364724000,1785153466364726000,1785153466364726000,1785153466364726000,121932490,121652369,-177.121,0.000,0.000,1.000,2.000,0.000,0.000,27.000,0,0,0
B3_zmq_pushpull,zmq_tcp,none,none,,1,29905,512,584,1785153466365633000,1785153466365633000,1785153466365633000,1785153466365634000,1785153466365824000,1785153466365826000,1785153466365826000,1785153466365826000,121932490,121652369,-90.121,0.000,0.000,1.000,2.000,0.000,0.000,87.000,0,0,0
B3_zmq_pushpull,zmq_tcp,none,none,,1,29906,512,584,1785153466366524000,1785153466366524000,1785153466366524000,1785153466366525000,1785153466366684000,1785153466366686000,1785153466366687000,1785153466366687000,121932490,121652369,-121.121,0.000,0.000,1.000,2.000,1.000,0.000,31.000,0,0,0
B3_zmq_pushpull,zmq_tcp,none,none,,1,29907,512,584,1785153466367656000,1785153466367656000,1785153466367656000,1785153466367657000,1785153466367783000,1785153466367787000,1785153466367787000,1785153466367787000,121932490,121652369,-154.121,0.000,0.000,1.000,4.000,0.000,0.000,33.000,0,0,0
B3_zmq_pushpull,zmq_tcp,none,none,,1,29908,512,584,1785153466368620000,1785153466368620000,1785153466368620000,1785153466368621000,1785153466368749000,1785153466368752000,1785153466368752000,1785153466368752000,121932490,121652369,-152.121,0.000,0.000,1.000,3.000,0.000,0.000,2.000,0,0,0
B3_zmq_pushpull,zmq_tcp,none,none,,1,29909,512,584,1785153466369441000,1785153466369442000,1785153466369442000,1785153466369443000,1785153466369585000,1785153466369588000,1785153466369588000,1785153466369588000,121932490,121652369,-138.121,1.000,0.000,1.000,3.000,0.000,0.000,14.000,0,0,0
B3_zmq_pushpull,zmq_tcp,none,none,,1,29910,512,584,1785153466370551000,1785153466370551000,1785153466370551000,1785153466370552000,1785153466370711000,1785153466370714000,1785153466370714000,1785153466370714000,121932490,121652369,-121.121,0.000,0.000,1.000,3.000,0.000,0.000,17.000,0,0,0
B3_zmq_pushpull,zmq_tcp,none,none,,1,29911,512,584,1785153466371538000,1785153466371538000,1785153466371538000,1785153466371539000,1785153466371699000,1785153466371701000,1785153466371701000,1785153466371701000,121932490,121652369,-120.121,0.000,0.000,1.000,2.000,0.000,0.000,1.000,0,0,0
B3_zmq_pushpull,zmq_tcp,none,none,,1,29912,512,584,1785153466372652000,1785153466372652000,1785153466372652000,1785153466372653000,1785153466372804000,1785153466372806000,1785153466372806000,1785153466372806000,121932490,121652369,-129.121,0.000,0.000,1.000,2.000,0.000,0.000,9.000,0,0,0
B3_zmq_pushpull,zmq_tcp,none,none,,1,29913,512,584,1785153466373496000,1785153466373496000,1785153466373496000,1785153466373497000,1785153466373639000,1785153466373642000,1785153466373642000,1785153466373642000,121932490,121652369,-138.121,0.000,0.000,1.000,3.000,0.000,0.000,9.000,0,0,0
B3_zmq_pushpull,zmq_tcp,none,none,,1,29914,512,584,1785153466374663000,1785153466374663000,1785153466374663000,1785153466374664000,1785153466374755000,1785153466374757000,1785153466374757000,1785153466374757000,121932490,121652369,-189.121,0.000,0.000,1.000,2.000,0.000,0.000,51.000,0,0,0
B3_zmq_pushpull,zmq_tcp,none,none,,1,29915,512,584,1785153466375619000,1785153466375619000,1785153466375619000,1785153466375620000,1785153466375731000,1785153466375733000,1785153466375733000,1785153466375733000,121932490,121652369,-169.121,0.000,0.000,1.000,2.000,0.000,0.000,20.000,0,0,0
B3_zmq_pushpull,zmq_tcp,none,none,,1,29916,512,584,1785153466376633000,1785153466376633000,1785153466376633000,1785153466376634000,1785153466376703000,1785153466376706000,1785153466376706000,1785153466376706000,121932490,121652369,-211.121,0.000,0.000,1.000,3.000,0.000,0.000,42.000,0,0,0
B3_zmq_pushpull,zmq_tcp,none,none,,1,29917,512,584,1785153466377531000,1785153466377531000,1785153466377531000,1785153466377532000,1785153466377685000,1785153466377688000,1785153466377688000,1785153466377688000,121932490,121652369,-127.121,0.000,0.000,1.000,3.000,0.000,0.000,84.000,0,0,0
B3_zmq_pushpull,zmq_tcp,none,none,,1,29918,512,584,1785153466378531000,1785153466378531000,1785153466378531000,1785153466378532000,1785153466378679000,1785153466378681000,1785153466378682000,1785153466378682000,121932490,121652369,-133.121,0.000,0.000,1.000,2.000,1.000,0.000,6.000,0,0,0
B3_zmq_pushpull,zmq_tcp,none,none,,1,29919,512,584,1785153466379658000,1785153466379658000,1785153466379658000,1785153466379659000,1785153466379815000,1785153466379817000,1785153466379817000,1785153466379817000,121932490,121652369,-124.121,0.000,0.000,1.000,2.000,0.000,0.000,9.000,0,0,0
B3_zmq_pushpull,zmq_tcp,none,none,,1,29920,512,584,1785153466380493000,1785153466380493000,1785153466380493000,1785153466380494000,1785153466380652000,1785153466380655000,1785153466380655000,1785153466380655000,121932490,121652369,-122.121,0.000,0.000,1.000,3.000,0.000,0.000,2.000,0,0,0
B3_zmq_pushpull,zmq_tcp,none,none,,1,29921,512,584,1785153466381475000,1785153466381475000,1785153466381475000,1785153466381476000,1785153466381619000,1785153466381621000,1785153466381621000,1785153466381621000,121932490,121652369,-137.121,0.000,0.000,1.000,2.000,0.000,0.000,15.000,0,0,0
B3_zmq_pushpull,zmq_tcp,none,none,,1,29922,512,584,1785153466382453000,1785153466382453000,1785153466382453000,1785153466382454000,1785153466382604000,1785153466382607000,1785153466382607000,1785153466382607000,121932490,121652369,-130.121,0.000,0.000,1.000,3.000,0.000,0.000,7.000,0,0,0
B3_zmq_pushpull,zmq_tcp,none,none,,1,29923,512,584,1785153466383444000,1785153466383444000,1785153466383444000,1785153466383445000,1785153466383599000,1785153466383602000,1785153466383602000,1785153466383602000,121932490,121652369,-126.121,0.000,0.000,1.000,3.000,0.000,0.000,4.000,0,0,0
B3_zmq_pushpull,zmq_tcp,none,none,,1,29924,512,584,1785153466384677000,1785153466384677000,1785153466384677000,1785153466384678000,1785153466384844000,1785153466384847000,1785153466384847000,1785153466384847000,121932490,121652369,-114.121,0.000,0.000,1.000,3.000,0.000,0.000,12.000,0,0,0
B3_zmq_pushpull,zmq_tcp,none,none,,1,29925,512,584,1785153466385620000,1785153466385620000,1785153466385620000,1785153466385621000,1785153466385797000,1785153466385800000,1785153466385801000,1785153466385801000,121932490,121652369,-104.121,0.000,0.000,1.000,3.000,1.000,0.000,10.000,0,0,0
B3_zmq_pushpull,zmq_tcp,none,none,,1,29926,512,584,1785153466386471000,1785153466386471000,1785153466386471000,1785153466386472000,1785153466386620000,1785153466386623000,1785153466386623000,1785153466386623000,121932490,121652369,-132.121,0.000,0.000,1.000,3.000,0.000,0.000,28.000,0,0,0
B3_zmq_pushpull,zmq_tcp,none,none,,1,29927,512,584,1785153466387670000,1785153466387670000,1785153466387670000,1785153466387671000,1785153466387831000,1785153466387833000,1785153466387834000,1785153466387834000,121932490,121652369,-120.121,0.000,0.000,1.000,2.000,1.000,0.000,12.000,0,0,0
B3_zmq_pushpull,zmq_tcp,none,none,,1,29928,512,584,1785153466388620000,1785153466388620000,1785153466388620000,1785153466388621000,1785153466388676000,1785153466388679000,1785153466388679000,1785153466388679000,121932490,121652369,-225.121,0.000,0.000,1.000,3.000,0.000,0.000,105.000,0,0,0
B3_zmq_pushpull,zmq_tcp,none,none,,1,29929,512,584,1785153466389632000,1785153466389632000,1785153466389633000,1785153466389633000,1785153466389783000,1785153466389785000,1785153466389785000,1785153466389785000,121932490,121652369,-130.121,0.000,1.000,0.000,2.000,0.000,0.000,95.000,0,0,0
B3_zmq_pushpull,zmq_tcp,none,none,,1,29930,512,584,1785153466390627000,1785153466390627000,1785153466390627000,1785153466390628000,1785153466390748000,1785153466390750000,1785153466390751000,1785153466390751000,121932490,121652369,-160.121,0.000,0.000,1.000,2.000,1.000,0.000,30.000,0,0,0
B3_zmq_pushpull,zmq_tcp,none,none,,1,29931,512,584,1785153466391634000,1785153466391634000,1785153466391634000,1785153466391635000,1785153466391743000,1785153466391746000,1785153466391746000,1785153466391746000,121932490,121652369,-172.121,0.000,0.000,1.000,3.000,0.000,0.000,12.000,0,0,0
B3_zmq_pushpull,zmq_tcp,none,none,,1,29932,512,584,1785153466392628000,1785153466392628000,1785153466392628000,1785153466392629000,1785153466392737000,1785153466392740000,1785153466392740000,1785153466392740000,121932490,121652369,-172.121,0.000,0.000,1.000,3.000,0.000,0.000,0.000,0,0,0
B3_zmq_pushpull,zmq_tcp,none,none,,1,29933,512,584,1785153466393632000,1785153466393632000,1785153466393632000,1785153466393633000,1785153466393719000,1785153466393722000,1785153466393722000,1785153466393722000,121932490,121652369,-194.121,0.000,0.000,1.000,3.000,0.000,0.000,22.000,0,0,0
B3_zmq_pushpull,zmq_tcp,none,none,,1,29934,512,584,1785153466394628000,1785153466394629000,1785153466394629000,1785153466394630000,1785153466394716000,1785153466394719000,1785153466394719000,1785153466394720000,121932490,121652369,-194.121,1.000,0.000,1.000,3.000,0.000,1.000,0.000,0,0,0
B3_zmq_pushpull,zmq_tcp,none,none,,1,29935,512,584,1785153466395539000,1785153466395539000,1785153466395539000,1785153466395540000,1785153466395693000,1785153466395696000,1785153466395696000,1785153466395696000,121932490,121652369,-127.121,0.000,0.000,1.000,3.000,0.000,0.000,67.000,0,0,0
B3_zmq_pushpull,zmq_tcp,none,none,,1,29936,512,584,1785153466396509000,1785153466396509000,1785153466396509000,1785153466396510000,1785153466396651000,1785153466396653000,1785153466396653000,1785153466396653000,121932490,121652369,-139.121,0.000,0.000,1.000,2.000,0.000,0.000,12.000,0,0,0
B3_zmq_pushpull,zmq_tcp,none,none,,1,29937,512,584,1785153466397489000,1785153466397489000,1785153466397489000,1785153466397490000,1785153466397641000,1785153466397645000,1785153466397645000,1785153466397645000,121932490,121652369,-129.121,0.000,0.000,1.000,4.000,0.000,0.000,10.000,0,0,0
B3_zmq_pushpull,zmq_tcp,none,none,,1,29938,512,584,1785153466398469000,1785153466398469000,1785153466398469000,1785153466398470000,1785153466398625000,1785153466398628000,1785153466398628000,1785153466398628000,121932490,121652369,-125.121,0.000,0.000,1.000,3.000,0.000,0.000,4.000,0,0,0
B3_zmq_pushpull,zmq_tcp,none,none,,1,29939,512,584,1785153466399445000,1785153466399445000,1785153466399445000,1785153466399446000,1785153466399607000,1785153466399609000,1785153466399609000,1785153466399609000,121932490,121652369,-119.121,0.000,0.000,1.000,2.000,0.000,0.000,6.000,0,0,0
B3_zmq_pushpull,zmq_tcp,none,none,,1,29940,512,584,1785153466400676000,1785153466400677000,1785153466400677000,1785153466400678000,1785153466400861000,1785153466400863000,1785153466400863000,1785153466400863000,121932490,121652369,-97.121,1.000,0.000,1.000,2.000,0.000,0.000,22.000,0,0,0
B3_zmq_pushpull,zmq_tcp,none,none,,1,29941,512,584,1785153466401542000,1785153466401543000,1785153466401543000,1785153466401544000,1785153466401696000,1785153466401700000,1785153466401700000,1785153466401700000,121932490,121652369,-128.121,1.000,0.000,1.000,4.000,0.000,0.000,31.000,0,0,0
B3_zmq_pushpull,zmq_tcp,none,none,,1,29942,512,584,1785153466402653000,1785153466402653000,1785153466402653000,1785153466402654000,1785153466402809000,1785153466402811000,1785153466402811000,1785153466402811000,121932490,121652369,-125.121,0.000,0.000,1.000,2.000,0.000,0.000,3.000,0,0,0
B3_zmq_pushpull,zmq_tcp,none,none,,1,29943,512,584,1785153466403625000,1785153466403625000,1785153466403625000,1785153466403626000,1785153466403781000,1785153466403784000,1785153466403784000,1785153466403784000,121932490,121652369,-125.121,0.000,0.000,1.000,3.000,0.000,0.000,0.000,0,0,0
B3_zmq_pushpull,zmq_tcp,none,none,,1,29944,512,584,1785153466404631000,1785153466404631000,1785153466404631000,1785153466404632000,1785153466404764000,1785153466404767000,1785153466404767000,1785153466404767000,121932490,121652369,-148.121,0.000,0.000,1.000,3.000,0.000,0.000,23.000,0,0,0
B3_zmq_pushpull,zmq_tcp,none,none,,1,29945,512,584,1785153466405627000,1785153466405627000,1785153466405627000,1785153466405628000,1785153466405744000,1785153466405747000,1785153466405747000,1785153466405747000,121932490,121652369,-164.121,0.000,0.000,1.000,3.000,0.000,0.000,16.000,0,0,0
B3_zmq_pushpull,zmq_tcp,none,none,,1,29946,512,584,1785153466406631000,1785153466406631000,1785153466406631000,1785153466406632000,1785153466406714000,1785153466406716000,1785153466406716000,1785153466406716000,121932490,121652369,-198.121,0.000,0.000,1.000,2.000,0.000,0.000,34.000,0,0,0
B3_zmq_pushpull,zmq_tcp,none,none,,1,29947,512,584,1785153466407630000,1785153466407630000,1785153466407630000,1785153466407631000,1785153466407719000,1785153466407721000,1785153466407721000,1785153466407721000,121932490,121652369,-192.121,0.000,0.000,1.000,2.000,0.000,0.000,6.000,0,0,0
B3_zmq_pushpull,zmq_tcp,none,none,,1,29948,512,584,1785153466408631000,1785153466408631000,1785153466408631000,1785153466408632000,1785153466408709000,1785153466408712000,1785153466408712000,1785153466408712000,121932490,121652369,-203.121,0.000,0.000,1.000,3.000,0.000,0.000,11.000,0,0,0
B3_zmq_pushpull,zmq_tcp,none,none,,1,29949,512,584,1785153466409630000,1785153466409630000,1785153466409630000,1785153466409631000,1785153466409804000,1785153466409807000,1785153466409807000,1785153466409807000,121932490,121652369,-107.121,0.000,0.000,1.000,3.000,0.000,0.000,96.000,0,0,0
B3_zmq_pushpull,zmq_tcp,none,none,,1,29950,512,584,1785153466410475000,1785153466410475000,1785153466410476000,1785153466410477000,1785153466410617000,1785153466410620000,1785153466410620000,1785153466410620000,121932490,121652369,-140.121,0.000,1.000,1.000,3.000,0.000,0.000,33.000,0,0,0
B3_zmq_pushpull,zmq_tcp,none,none,,1,29951,512,584,1785153466411445000,1785153466411445000,1785153466411445000,1785153466411446000,1785153466411597000,1785153466411600000,1785153466411600000,1785153466411600000,121932490,121652369,-129.121,0.000,0.000,1.000,3.000,0.000,0.000,11.000,0,0,0
B3_zmq_pushpull,zmq_tcp,none,none,,1,29952,512,584,1785153466412435000,1785153466412435000,1785153466412435000,1785153466412436000,1785153466412575000,1785153466412578000,1785153466412578000,1785153466412578000,121932490,121652369,-141.121,0.000,0.000,1.000,3.000,0.000,0.000,12.000,0,0,0
B3_zmq_pushpull,zmq_tcp,none,none,,1,29953,512,584,1785153466413677000,1785153466413677000,1785153466413677000,1785153466413678000,1785153466413831000,1785153466413833000,1785153466413833000,1785153466413833000,121932490,121652369,-127.121,0.000,0.000,1.000,2.000,0.000,0.000,14.000,0,0,0
B3_zmq_pushpull,zmq_tcp,none,none,,1,29954,512,584,1785153466414519000,1785153466414519000,1785153466414520000,1785153466414521000,1785153466414669000,1785153466414673000,1785153466414673000,1785153466414673000,121932490,121652369,-132.121,0.000,1.000,1.000,4.000,0.000,0.000,5.000,0,0,0
B3_zmq_pushpull,zmq_tcp,none,none,,1,29955,512,584,1785153466415659000,1785153466415659000,1785153466415659000,1785153466415660000,1785153466415795000,1785153466415798000,1785153466415798000,1785153466415798000,121932490,121652369,-145.121,0.000,0.000,1.000,3.000,0.000,0.000,13.000,0,0,0
B3_zmq_pushpull,zmq_tcp,none,none,,1,29956,512,584,1785153466416621000,1785153466416621000,1785153466416621000,1785153466416622000,1785153466416768000,1785153466416771000,1785153466416771000,1785153466416771000,121932490,121652369,-134.121,0.000,0.000,1.000,3.000,0.000,0.000,11.000,0,0,0
B3_zmq_pushpull,zmq_tcp,none,none,,1,29957,512,584,1785153466417632000,1785153466417632000,1785153466417633000,1785153466417633000,1785153466417734000,1785153466417736000,1785153466417736000,1785153466417736000,121932490,121652369,-179.121,0.000,1.000,0.000,2.000,0.000,0.000,45.000,0,0,0
B3_zmq_pushpull,zmq_tcp,none,none,,1,29958,512,584,1785153466418631000,1785153466418631000,1785153466418631000,1785153466418632000,1785153466418724000,1785153466418727000,1785153466418727000,1785153466418727000,121932490,121652369,-188.121,0.000,0.000,1.000,3.000,0.000,0.000,9.000,0,0,0
B3_zmq_pushpull,zmq_tcp,none,none,,1,29959,512,584,1785153466419630000,1785153466419630000,1785153466419630000,1785153466419631000,1785153466419835000,1785153466419837000,1785153466419837000,1785153466419837000,121932490,121652369,-76.121,0.000,0.000,1.000,2.000,0.000,0.000,112.000,0,0,0
B3_zmq_pushpull,zmq_tcp,none,none,,1,29960,512,584,1785153466420628000,1785153466420628000,1785153466420628000,1785153466420629000,1785153466420804000,1785153466420807000,1785153466420807000,1785153466420807000,121932490,121652369,-105.121,0.000,0.000,1.000,3.000,0.000,0.000,29.000,0,0,0
B3_zmq_pushpull,zmq_tcp,none,none,,1,29961,512,584,1785153466421631000,1785153466421631000,1785153466421632000,1785153466421632000,1785153466421781000,1785153466421784000,1785153466421784000,1785153466421784000,121932490,121652369,-131.121,0.000,1.000,0.000,3.000,0.000,0.000,26.000,0,0,0
B3_zmq_pushpull,zmq_tcp,none,none,,1,29962,512,584,1785153466422630000,1785153466422630000,1785153466422630000,1785153466422631000,1785153466422755000,1785153466422758000,1785153466422758000,1785153466422758000,121932490,121652369,-156.121,0.000,0.000,1.000,3.000,0.000,0.000,25.000,0,0,0
B3_zmq_pushpull,zmq_tcp,none,none,,1,29963,512,584,1785153466423630000,1785153466423630000,1785153466423630000,1785153466423631000,1785153466423743000,1785153466423745000,1785153466423745000,1785153466423745000,121932490,121652369,-168.121,0.000,0.000,1.000,2.000,0.000,0.000,12.000,0,0,0
B3_zmq_pushpull,zmq_tcp,none,none,,1,29964,512,584,1785153466424627000,1785153466424627000,1785153466424627000,1785153466424628000,1785153466424714000,1785153466424717000,1785153466424717000,1785153466424717000,121932490,121652369,-194.121,0.000,0.000,1.000,3.000,0.000,0.000,26.000,0,0,0
B3_zmq_pushpull,zmq_tcp,none,none,,1,29965,512,584,1785153466425530000,1785153466425530000,1785153466425530000,1785153466425531000,1785153466425674000,1785153466425677000,1785153466425677000,1785153466425677000,121932490,121652369,-137.121,0.000,0.000,1.000,3.000,0.000,0.000,57.000,0,0,0
B3_zmq_pushpull,zmq_tcp,none,none,,1,29966,512,584,1785153466426655000,1785153466426655000,1785153466426656000,1785153466426656000,1785153466426799000,1785153466426801000,1785153466426801000,1785153466426801000,121932490,121652369,-137.121,0.000,1.000,0.000,2.000,0.000,0.000,0.000,0,0,0
B3_zmq_pushpull,zmq_tcp,none,none,,1,29967,512,584,1785153466427621000,1785153466427621000,1785153466427621000,1785153466427622000,1785153466427775000,1785153466427778000,1785153466427778000,1785153466427778000,121932490,121652369,-127.121,0.000,0.000,1.000,3.000,0.000,0.000,10.000,0,0,0
B3_zmq_pushpull,zmq_tcp,none,none,,1,29968,512,584,1785153466428460000,1785153466428460000,1785153466428460000,1785153466428461000,1785153466428616000,1785153466428619000,1785153466428619000,1785153466428619000,121932490,121652369,-125.121,0.000,0.000,1.000,3.000,0.000,0.000,2.000,0,0,0
B3_zmq_pushpull,zmq_tcp,none,none,,1,29969,512,584,1785153466429446000,1785153466429446000,1785153466429446000,1785153466429447000,1785153466429599000,1785153466429602000,1785153466429602000,1785153466429602000,121932490,121652369,-128.121,0.000,0.000,1.000,3.000,0.000,0.000,3.000,0,0,0
B3_zmq_pushpull,zmq_tcp,none,none,,1,29970,512,584,1785153466430543000,1785153466430543000,1785153466430543000,1785153466430544000,1785153466430684000,1785153466430687000,1785153466430687000,1785153466430687000,121932490,121652369,-140.121,0.000,0.000,1.000,3.000,0.000,0.000,12.000,0,0,0
B3_zmq_pushpull,zmq_tcp,none,none,,1,29971,512,584,1785153466431513000,1785153466431513000,1785153466431513000,1785153466431514000,1785153466431657000,1785153466431659000,1785153466431659000,1785153466431660000,121932490,121652369,-137.121,0.000,0.000,1.000,2.000,0.000,1.000,3.000,0,0,0
B3_zmq_pushpull,zmq_tcp,none,none,,1,29972,512,584,1785153466432660000,1785153466432660000,1785153466432660000,1785153466432661000,1785153466432766000,1785153466432769000,1785153466432769000,1785153466432769000,121932490,121652369,-175.121,0.000,0.000,1.000,3.000,0.000,0.000,38.000,0,0,0
B3_zmq_pushpull,zmq_tcp,none,none,,1,29973,512,584,1785153466433626000,1785153466433626000,1785153466433626000,1785153466433627000,1785153466433753000,1785153466433756000,1785153466433756000,1785153466433756000,121932490,121652369,-154.121,0.000,0.000,1.000,3.000,0.000,0.000,21.000,0,0,0
B3_zmq_pushpull,zmq_tcp,none,none,,1,29974,512,584,1785153466434460000,1785153466434460000,1785153466434460000,1785153466434461000,1785153466434614000,1785153466434616000,1785153466434616000,1785153466434616000,121932490,121652369,-127.121,0.000,0.000,1.000,2.000,0.000,0.000,27.000,0,0,0
B3_zmq_pushpull,zmq_tcp,none,none,,1,29975,512,584,1785153466435439000,1785153466435439000,1785153466435439000,1785153466435440000,1785153466435583000,1785153466435585000,1785153466435585000,1785153466435585000,121932490,121652369,-137.121,0.000,0.000,1.000,2.000,0.000,0.000,10.000,0,0,0
B3_zmq_pushpull,zmq_tcp,none,none,,1,29976,512,584,1785153466436678000,1785153466436679000,1785153466436679000,1785153466436680000,1785153466436845000,1785153466436848000,1785153466436848000,1785153466436848000,121932490,121652369,-115.121,1.000,0.000,1.000,3.000,0.000,0.000,22.000,0,0,0
B3_zmq_pushpull,zmq_tcp,none,none,,1,29977,512,584,1785153466437616000,1785153466437616000,1785153466437616000,1785153466437617000,1785153466437695000,1785153466437698000,1785153466437698000,1785153466437698000,121932490,121652369,-202.121,0.000,0.000,1.000,3.000,0.000,0.000,87.000,0,0,0
B3_zmq_pushpull,zmq_tcp,none,none,,1,29978,512,584,1785153466438634000,1785153466438634000,1785153466438634000,1785153466438635000,1785153466438677000,1785153466438681000,1785153466438681000,1785153466438681000,121932490,121652369,-238.121,0.000,0.000,1.000,4.000,0.000,0.000,36.000,0,0,0
B3_zmq_pushpull,zmq_tcp,none,none,,1,29979,512,584,1785153466439631000,1785153466439631000,1785153466439631000,1785153466439632000,1785153466439679000,1785153466439683000,1785153466439683000,1785153466439683000,121932490,121652369,-233.121,0.000,0.000,1.000,4.000,0.000,0.000,5.000,0,0,0
B3_zmq_pushpull,zmq_tcp,none,none,,1,29980,512,584,1785153466440524000,1785153466440524000,1785153466440524000,1785153466440525000,1785153466440676000,1785153466440679000,1785153466440679000,1785153466440679000,121932490,121652369,-129.121,0.000,0.000,1.000,3.000,0.000,0.000,104.000,0,0,0
B3_zmq_pushpull,zmq_tcp,none,none,,1,29981,512,584,1785153466441513000,1785153466441513000,1785153466441513000,1785153466441514000,1785153466441674000,1785153466441676000,1785153466441676000,1785153466441676000,121932490,121652369,-120.121,0.000,0.000,1.000,2.000,0.000,0.000,9.000,0,0,0
B3_zmq_pushpull,zmq_tcp,none,none,,1,29982,512,584,1785153466442660000,1785153466442660000,1785153466442660000,1785153466442661000,1785153466442799000,1785153466442802000,1785153466442802000,1785153466442802000,121932490,121652369,-142.121,0.000,0.000,1.000,3.000,0.000,0.000,22.000,0,0,0
B3_zmq_pushpull,zmq_tcp,none,none,,1,29983,512,584,1785153466443495000,1785153466443495000,1785153466443495000,1785153466443496000,1785153466443639000,1785153466443642000,1785153466443642000,1785153466443642000,121932490,121652369,-137.121,0.000,0.000,1.000,3.000,0.000,0.000,5.000,0,0,0
B3_zmq_pushpull,zmq_tcp,none,none,,1,29984,512,584,1785153466444664000,1785153466444665000,1785153466444665000,1785153466444666000,1785153466444756000,1785153466444759000,1785153466444759000,1785153466444759000,121932490,121652369,-190.121,1.000,0.000,1.000,3.000,0.000,0.000,53.000,0,0,0
B3_zmq_pushpull,zmq_tcp,none,none,,1,29985,512,584,1785153466445619000,1785153466445619000,1785153466445619000,1785153466445620000,1785153466445731000,1785153466445734000,1785153466445734000,1785153466445734000,121932490,121652369,-169.121,0.000,0.000,1.000,3.000,0.000,0.000,21.000,0,0,0
B3_zmq_pushpull,zmq_tcp,none,none,,1,29986,512,584,1785153466446633000,1785153466446633000,1785153466446633000,1785153466446634000,1785153466446702000,1785153466446706000,1785153466446706000,1785153466446706000,121932490,121652369,-212.121,0.000,0.000,1.000,4.000,0.000,0.000,43.000,0,0,0
B3_zmq_pushpull,zmq_tcp,none,none,,1,29987,512,584,1785153466447529000,1785153466447530000,1785153466447530000,1785153466447531000,1785153466447678000,1785153466447680000,1785153466447680000,1785153466447680000,121932490,121652369,-133.121,1.000,0.000,1.000,2.000,0.000,0.000,79.000,0,0,0
B3_zmq_pushpull,zmq_tcp,none,none,,1,29988,512,584,1785153466448658000,1785153466448658000,1785153466448658000,1785153466448659000,1785153466448795000,1785153466448797000,1785153466448798000,1785153466448798000,121932490,121652369,-144.121,0.000,0.000,1.000,2.000,1.000,0.000,11.000,0,0,0
B3_zmq_pushpull,zmq_tcp,none,none,,1,29989,512,584,1785153466449622000,1785153466449622000,1785153466449622000,1785153466449623000,1785153466449770000,1785153466449773000,1785153466449773000,1785153466449773000,121932490,121652369,-133.121,0.000,0.000,1.000,3.000,0.000,0.000,11.000,0,0,0
B3_zmq_pushpull,zmq_tcp,none,none,,1,29990,512,584,1785153466450633000,1785153466450633000,1785153466450633000,1785153466450634000,1785153466450719000,1785153466450722000,1785153466450722000,1785153466450722000,121932490,121652369,-195.121,0.000,0.000,1.000,3.000,0.000,0.000,62.000,0,0,0
B3_zmq_pushpull,zmq_tcp,none,none,,1,29991,512,584,1785153466451630000,1785153466451630000,1785153466451630000,1785153466451631000,1785153466451699000,1785153466451701000,1785153466451701000,1785153466451702000,121932490,121652369,-212.121,0.000,0.000,1.000,2.000,0.000,1.000,17.000,0,0,0
B3_zmq_pushpull,zmq_tcp,none,none,,1,29992,512,584,1785153466452630000,1785153466452630000,1785153466452630000,1785153466452631000,1785153466452812000,1785153466452814000,1785153466452814000,1785153466452814000,121932490,121652369,-99.121,0.000,0.000,1.000,2.000,0.000,0.000,113.000,0,0,0
B3_zmq_pushpull,zmq_tcp,none,none,,1,29993,512,584,1785153466453627000,1785153466453627000,1785153466453628000,1785153466453629000,1785153466453680000,1785153466453683000,1785153466453683000,1785153466453683000,121932490,121652369,-229.121,0.000,1.000,1.000,3.000,0.000,0.000,130.000,0,0,0
B3_zmq_pushpull,zmq_tcp,none,none,,1,29994,512,584,1785153466454545000,1785153466454545000,1785153466454545000,1785153466454546000,1785153466454684000,1785153466454688000,1785153466454688000,1785153466454688000,121932490,121652369,-142.121,0.000,0.000,1.000,4.000,0.000,0.000,87.000,0,0,0
B3_zmq_pushpull,zmq_tcp,none,none,,1,29995,512,584,1785153466455512000,1785153466455512000,1785153466455512000,1785153466455513000,1785153466455666000,1785153466455669000,1785153466455669000,1785153466455669000,121932490,121652369,-127.121,0.000,0.000,1.000,3.000,0.000,0.000,15.000,0,0,0
B3_zmq_pushpull,zmq_tcp,none,none,,1,29996,512,584,1785153466456510000,1785153466456510000,1785153466456510000,1785153466456512000,1785153466456652000,1785153466456655000,1785153466456655000,1785153466456655000,121932490,121652369,-140.121,0.000,0.000,2.000,3.000,0.000,0.000,13.000,0,0,0
B3_zmq_pushpull,zmq_tcp,none,none,,1,29997,512,584,1785153466457657000,1785153466457657000,1785153466457657000,1785153466457658000,1785153466457797000,1785153466457800000,1785153466457800000,1785153466457800000,121932490,121652369,-141.121,0.000,0.000,1.000,3.000,0.000,0.000,1.000,0,0,0
B3_zmq_pushpull,zmq_tcp,none,none,,1,29998,512,584,1785153466458625000,1785153466458625000,1785153466458625000,1785153466458626000,1785153466458785000,1785153466458788000,1785153466458788000,1785153466458788000,121932490,121652369,-121.121,0.000,0.000,1.000,3.000,0.000,0.000,20.000,0,0,0
B3_zmq_pushpull,zmq_tcp,none,none,,1,29999,512,584,1785153466459632000,1785153466459633000,1785153466459633000,1785153466459634000,1785153466459778000,1785153466459785000,1785153466459785000,1785153466459785000,121932490,121652369,-136.121,1.000,0.000,1.000,7.000,0.000,0.000,15.000,0,0,0
B3_zmq_pushpull,zmq_tcp,none,none,,1,30000,512,584,1785153466460478000,1785153466460478000,1785153466460478000,1785153466460479000,1785153466460639000,1785153466460641000,1785153466460641000,1785153466460641000,121932490,121652369,-120.121,0.000,0.000,1.000,2.000,0.000,0.000,16.000,0,0,0
B3_zmq_pushpull,zmq_tcp,none,none,,1,30001,512,584,1785153466461670000,1785153466461670000,1785153466461670000,1785153466461671000,1785153466461784000,1785153466461787000,1785153466461787000,1785153466461787000,121932490,121652369,-167.121,0.000,0.000,1.000,3.000,0.000,0.000,47.000,0,0,0
B3_zmq_pushpull,zmq_tcp,none,none,,1,30002,512,584,1785153466462622000,1785153466462622000,1785153466462622000,1785153466462623000,1785153466462784000,1785153466462787000,1785153466462788000,1785153466462788000,121932490,121652369,-119.121,0.000,0.000,1.000,3.000,1.000,0.000,48.000,0,0,0
B3_zmq_pushpull,zmq_tcp,none,none,,1,30003,512,584,1785153466463481000,1785153466463481000,1785153466463481000,1785153466463482000,1785153466463637000,1785153466463640000,1785153466463640000,1785153466463640000,121932490,121652369,-125.121,0.000,0.000,1.000,3.000,0.000,0.000,6.000,0,0,0
B3_zmq_pushpull,zmq_tcp,none,none,,1,30004,512,584,1785153466464477000,1785153466464477000,1785153466464477000,1785153466464478000,1785153466464633000,1785153466464636000,1785153466464636000,1785153466464636000,121932490,121652369,-125.121,0.000,0.000,1.000,3.000,0.000,0.000,0.000,0,0,0
B3_zmq_pushpull,zmq_tcp,none,none,,1,30005,512,584,1785153466465670000,1785153466465670000,1785153466465670000,1785153466465671000,1785153466465771000,1785153466465773000,1785153466465773000,1785153466465773000,121932490,121652369,-180.121,0.000,0.000,1.000,2.000,0.000,0.000,55.000,0,0,0
B3_zmq_pushpull,zmq_tcp,none,none,,1,30006,512,584,1785153466466621000,1785153466466621000,1785153466466621000,1785153466466622000,1785153466466757000,1785153466466760000,1785153466466760000,1785153466466760000,121932490,121652369,-145.121,0.000,0.000,1.000,3.000,0.000,0.000,35.000,0,0,0
B3_zmq_pushpull,zmq_tcp,none,none,,1,30007,512,584,1785153466467633000,1785153466467633000,1785153466467633000,1785153466467634000,1785153466467726000,1785153466467729000,1785153466467729000,1785153466467729000,121932490,121652369,-188.121,0.000,0.000,1.000,3.000,0.000,0.000,43.000,0,0,0
B3_zmq_pushpull,zmq_tcp,none,none,,1,30008,512,584,1785153466468636000,1785153466468636000,1785153466468636000,1785153466468637000,1785153466468749000,1785153466468752000,1785153466468752000,1785153466468752000,121932490,121652369,-168.121,0.000,0.000,1.000,3.000,0.000,0.000,20.000,0,0,0
B3_zmq_pushpull,zmq_tcp,none,none,,1,30009,512,584,1785153466469630000,1785153466469630000,1785153466469630000,1785153466469631000,1785153466469757000,1785153466469765000,1785153466469765000,1785153466469765000,121932490,121652369,-154.121,0.000,0.000,1.000,8.000,0.000,0.000,14.000,0,0,0
B3_zmq_pushpull,zmq_tcp,none,none,,1,30010,512,584,1785153466470633000,1785153466470633000,1785153466470633000,1785153466470634000,1785153466470752000,1785153466470755000,1785153466470755000,1785153466470755000,121932490,121652369,-162.121,0.000,0.000,1.000,3.000,0.000,0.000,8.000,0,0,0
B3_zmq_pushpull,zmq_tcp,none,none,,1,30011,512,584,1785153466471631000,1785153466471631000,1785153466471631000,1785153466471632000,1785153466471744000,1785153466471747000,1785153466471747000,1785153466471747000,121932490,121652369,-168.121,0.000,0.000,1.000,3.000,0.000,0.000,6.000,0,0,0
B3_zmq_pushpull,zmq_tcp,none,none,,1,30012,512,584,1785153466472448000,1785153466472448000,1785153466472448000,1785153466472449000,1785153466472603000,1785153466472606000,1785153466472606000,1785153466472606000,121932490,121652369,-126.121,0.000,0.000,1.000,3.000,0.000,0.000,42.000,0,0,0
B3_zmq_pushpull,zmq_tcp,none,none,,1,30013,512,584,1785153466473677000,1785153466473677000,1785153466473677000,1785153466473678000,1785153466473735000,1785153466473738000,1785153466473738000,1785153466473738000,121932490,121652369,-223.121,0.000,0.000,1.000,3.000,0.000,0.000,97.000,0,0,0
B3_zmq_pushpull,zmq_tcp,none,none,,1,30014,512,584,1785153466474619000,1785153466474619000,1785153466474619000,1785153466474620000,1785153466474752000,1785153466474755000,1785153466474755000,1785153466474755000,121932490,121652369,-148.121,0.000,0.000,1.000,3.000,0.000,0.000,75.000,0,0,0
B3_zmq_pushpull,zmq_tcp,none,none,,1,30015,512,584,1785153466475634000,1785153466475634000,1785153466475634000,1785153466475635000,1785153466475767000,1785153466475769000,1785153466475769000,1785153466475769000,121932490,121652369,-148.121,0.000,0.000,1.000,2.000,0.000,0.000,0.000,0,0,0
B3_zmq_pushpull,zmq_tcp,none,none,,1,30016,512,584,1785153466476630000,1785153466476631000,1785153466476631000,1785153466476632000,1785153466476777000,1785153466476780000,1785153466476780000,1785153466476780000,121932490,121652369,-135.121,1.000,0.000,1.000,3.000,0.000,0.000,13.000,0,0,0
B3_zmq_pushpull,zmq_tcp,none,none,,1,30017,512,584,1785153466477631000,1785153466477631000,1785153466477631000,1785153466477632000,1785153466477769000,1785153466477772000,1785153466477772000,1785153466477772000,121932490,121652369,-143.121,0.000,0.000,1.000,3.000,0.000,0.000,8.000,0,0,0
B3_zmq_pushpull,zmq_tcp,none,none,,1,30018,512,584,1785153466478630000,1785153466478630000,1785153466478630000,1785153466478631000,1785153466478776000,1785153466478779000,1785153466478779000,1785153466478779000,121932490,121652369,-135.121,0.000,0.000,1.000,3.000,0.000,0.000,8.000,0,0,0
B3_zmq_pushpull,zmq_tcp,none,none,,1,30019,512,584,1785153466479630000,1785153466479630000,1785153466479630000,1785153466479631000,1785153466479774000,1785153466479777000,1785153466479777000,1785153466479777000,121932490,121652369,-137.121,0.000,0.000,1.000,3.000,0.000,0.000,2.000,0,0,0
B3_zmq_pushpull,zmq_tcp,none,none,,1,30020,512,584,1785153466480631000,1785153466480631000,1785153466480631000,1785153466480632000,1785153466480772000,1785153466480775000,1785153466480775000,1785153466480775000,121932490,121652369,-140.121,0.000,0.000,1.000,3.000,0.000,0.000,3.000,0,0,0
B3_zmq_pushpull,zmq_tcp,none,none,,1,30021,512,584,1785153466481476000,1785153466481476000,1785153466481476000,1785153466481477000,1785153466481637000,1785153466481640000,1785153466481640000,1785153466481640000,121932490,121652369,-120.121,0.000,0.000,1.000,3.000,0.000,0.000,20.000,0,0,0
B3_zmq_pushpull,zmq_tcp,none,none,,1,30022,512,584,1785153466482670000,1785153466482670000,1785153466482670000,1785153466482671000,1785153466482795000,1785153466482797000,1785153466482797000,1785153466482797000,121932490,121652369,-156.121,0.000,0.000,1.000,2.000,0.000,0.000,36.000,0,0,0
B3_zmq_pushpull,zmq_tcp,none,none,,1,30023,512,584,1785153466483626000,1785153466483627000,1785153466483627000,1785153466483628000,1785153466483807000,1785153466483810000,1785153466483810000,1785153466483810000,121932490,121652369,-101.121,1.000,0.000,1.000,3.000,0.000,0.000,55.000,0,0,0
B3_zmq_pushpull,zmq_tcp,none,none,,1,30024,512,584,1785153466484514000,1785153466484515000,1785153466484515000,1785153466484516000,1785153466484667000,1785153466484670000,1785153466484670000,1785153466484670000,121932490,121652369,-129.121,1.000,0.000,1.000,3.000,0.000,0.000,28.000,0,0,0
B3_zmq_pushpull,zmq_tcp,none,none,,1,30025,512,584,1785153466485659000,1785153466485659000,1785153466485660000,1785153466485660000,1785153466485808000,1785153466485811000,1785153466485811000,1785153466485811000,121932490,121652369,-132.121,0.000,1.000,0.000,3.000,0.000,0.000,3.000,0,0,0
B3_zmq_pushpull,zmq_tcp,none,none,,1,30026,512,584,1785153466486511000,1785153466486511000,1785153466486511000,1785153466486512000,1785153466486646000,1785153466486649000,1785153466486649000,1785153466486649000,121932490,121652369,-146.121,0.000,0.000,1.000,3.000,0.000,0.000,14.000,0,0,0
B3_zmq_pushpull,zmq_tcp,none,none,,1,30027,512,584,1785153466487662000,1785153466487662000,1785153466487662000,1785153466487663000,1785153466487765000,1785153466487768000,1785153466487768000,1785153466487768000,121932490,121652369,-178.121,0.000,0.000,1.000,3.000,0.000,0.000,32.000,0,0,0
B3_zmq_pushpull,zmq_tcp,none,none,,1,30028,512,584,1785153466488625000,1785153466488625000,1785153466488625000,1785153466488626000,1785153466488783000,1785153466488786000,1785153466488786000,1785153466488786000,121932490,121652369,-123.121,0.000,0.000,1.000,3.000,0.000,0.000,55.000,0,0,0
B3_zmq_pushpull,zmq_tcp,none,none,,1,30029,512,584,1785153466489633000,1785153466489633000,1785153466489633000,1785153466489634000,1785153466489778000,1785153466489780000,1785153466489781000,1785153466489781000,121932490,121652369,-136.121,0.000,0.000,1.000,2.000,1.000,0.000,13.000,0,0,0
B3_zmq_pushpull,zmq_tcp,none,none,,1,30030,512,584,1785153466490470000,1785153466490470000,1785153466490471000,1785153466490472000,1785153466490631000,1785153466490633000,1785153466490633000,1785153466490633000,121932490,121652369,-121.121,0.000,1.000,1.000,2.000,0.000,0.000,15.000,0,0,0
B3_zmq_pushpull,zmq_tcp,none,none,,1,30031,512,584,1785153466491674000,1785153466491675000,1785153466491675000,1785153466491676000,1785153466491773000,1785153466491776000,1785153466491776000,1785153466491776000,121932490,121652369,-183.121,1.000,0.000,1.000,3.000,0.000,0.000,62.000,0,0,0
B3_zmq_pushpull,zmq_tcp,none,none,,1,30032,512,584,1785153466492620000,1785153466492620000,1785153466492620000,1785153466492621000,1785153466492775000,1785153466492778000,1785153466492778000,1785153466492778000,121932490,121652369,-126.121,0.000,0.000,1.000,3.000,0.000,0.000,57.000,0,0,0
B3_zmq_pushpull,zmq_tcp,none,none,,1,30033,512,584,1785153466493479000,1785153466493479000,1785153466493479000,1785153466493480000,1785153466493632000,1785153466493635000,1785153466493635000,1785153466493635000,121932490,121652369,-128.121,0.000,0.000,1.000,3.000,0.000,0.000,2.000,0,0,0
B3_zmq_pushpull,zmq_tcp,none,none,,1,30034,512,584,1785153466494670000,1785153466494670000,1785153466494670000,1785153466494671000,1785153466494770000,1785153466494772000,1785153466494772000,1785153466494772000,121932490,121652369,-181.121,0.000,0.000,1.000,2.000,0.000,0.000,53.000,0,0,0
B3_zmq_pushpull,zmq_tcp,none,none,,1,30035,512,584,1785153466495621000,1785153466495621000,1785153466495621000,1785153466495622000,1785153466495773000,1785153466495777000,1785153466495777000,1785153466495777000,121932490,121652369,-129.121,0.000,0.000,1.000,4.000,0.000,0.000,52.000,0,0,0
B3_zmq_pushpull,zmq_tcp,none,none,,1,30036,512,584,1785153466496631000,1785153466496631000,1785153466496631000,1785153466496632000,1785153466496782000,1785153466496784000,1785153466496784000,1785153466496784000,121932490,121652369,-130.121,0.000,0.000,1.000,2.000,0.000,0.000,1.000,0,0,0
B3_zmq_pushpull,zmq_tcp,none,none,,1,30037,512,584,1785153466497631000,1785153466497631000,1785153466497631000,1785153466497632000,1785153466497778000,1785153466497780000,1785153466497780000,1785153466497780000,121932490,121652369,-134.121,0.000,0.000,1.000,2.000,0.000,0.000,4.000,0,0,0
B3_zmq_pushpull,zmq_tcp,none,none,,1,30038,512,584,1785153466498631000,1785153466498631000,1785153466498632000,1785153466498632000,1785153466498771000,1785153466498774000,1785153466498774000,1785153466498774000,121932490,121652369,-141.121,0.000,1.000,0.000,3.000,0.000,0.000,7.000,0,0,0
B3_zmq_pushpull,zmq_tcp,none,none,,1,30039,512,584,1785153466499630000,1785153466499630000,1785153466499630000,1785153466499631000,1785153466499780000,1785153466499783000,1785153466499783000,1785153466499784000,121932490,121652369,-131.121,0.000,0.000,1.000,3.000,0.000,1.000,10.000,0,0,0
B3_zmq_pushpull,zmq_tcp,none,none,,1,30040,512,584,1785153466500465000,1785153466500465000,1785153466500465000,1785153466500466000,1785153466500619000,1785153466500621000,1785153466500622000,1785153466500622000,121932490,121652369,-127.121,0.000,0.000,1.000,2.000,1.000,0.000,4.000,0,0,0
B3_zmq_pushpull,zmq_tcp,none,none,,1,30041,512,584,1785153466501444000,1785153466501444000,1785153466501444000,1785153466501445000,1785153466501599000,1785153466501601000,1785153466501602000,1785153466501602000,121932490,121652369,-126.121,0.000,0.000,1.000,2.000,1.000,0.000,1.000,0,0,0
B3_zmq_pushpull,zmq_tcp,none,none,,1,30042,512,584,1785153466502681000,1785153466502681000,1785153466502681000,1785153466502682000,1785153466502740000,1785153466502743000,1785153466502743000,1785153466502743000,121932490,121652369,-222.121,0.000,0.000,1.000,3.000,0.000,0.000,96.000,0,0,0
B3_zmq_pushpull,zmq_tcp,none,none,,1,30043,512,584,1785153466503616000,1785153466503617000,1785153466503617000,1785153466503618000,1785153466503744000,1785153466503747000,1785153466503747000,1785153466503747000,121932490,121652369,-154.121,1.000,0.000,1.000,3.000,0.000,0.000,68.000,0,0,0
B3_zmq_pushpull,zmq_tcp,none,none,,1,30044,512,584,1785153466504636000,1785153466504637000,1785153466504637000,1785153466504638000,1785153466504742000,1785153466504745000,1785153466504745000,1785153466504745000,121932490,121652369,-176.121,1.000,0.000,1.000,3.000,0.000,0.000,22.000,0,0,0
B3_zmq_pushpull,zmq_tcp,none,none,,1,30045,512,584,1785153466505630000,1785153466505630000,1785153466505630000,1785153466505631000,1785153466505756000,1785153466505759000,1785153466505759000,1785153466505759000,121932490,121652369,-155.121,0.000,0.000,1.000,3.000,0.000,0.000,21.000,0,0,0
B3_zmq_pushpull,zmq_tcp,none,none,,1,30046,512,584,1785153466506631000,1785153466506631000,1785153466506631000,1785153466506632000,1785153466506755000,1785153466506758000,1785153466506758000,1785153466506758000,121932490,121652369,-157.121,0.000,0.000,1.000,3.000,0.000,0.000,2.000,0,0,0
B3_zmq_pushpull,zmq_tcp,none,none,,1,30047,512,584,1785153466507629000,1785153466507629000,1785153466507629000,1785153466507630000,1785153466507734000,1785153466507737000,1785153466507737000,1785153466507737000,121932490,121652369,-176.121,0.000,0.000,1.000,3.000,0.000,0.000,19.000,0,0,0
B3_zmq_pushpull,zmq_tcp,none,none,,1,30048,512,584,1785153466508633000,1785153466508633000,1785153466508633000,1785153466508634000,1785153466508731000,1785153466508734000,1785153466508734000,1785153466508734000,121932490,121652369,-183.121,0.000,0.000,1.000,3.000,0.000,0.000,7.000,0,0,0
B3_zmq_pushpull,zmq_tcp,none,none,,1,30049,512,584,1785153466509445000,1785153466509445000,1785153466509445000,1785153466509446000,1785153466509587000,1785153466509590000,1785153466509590000,1785153466509590000,121932490,121652369,-139.121,0.000,0.000,1.000,3.000,0.000,0.000,44.000,0,0,0
B3_zmq_pushpull,zmq_tcp,none,none,,1,30050,512,584,1785153466510436000,1785153466510436000,1785153466510436000,1785153466510437000,1785153466510586000,1785153466510588000,1785153466510588000,1785153466510588000,121932490,121652369,-131.121,0.000,0.000,1.000,2.000,0.000,0.000,8.000,0,0,0
B3_zmq_pushpull,zmq_tcp,none,none,,1,30051,512,584,1785153466511680000,1785153466511680000,1785153466511680000,1785153466511681000,1785153466511854000,1785153466511857000,1785153466511857000,1785153466511857000,121932490,121652369,-107.121,0.000,0.000,1.000,3.000,0.000,0.000,24.000,0,0,0
B3_zmq_pushpull,zmq_tcp,none,none,,1,30052,512,584,1785153466512538000,1785153466512539000,1785153466512539000,1785153466512540000,1785153466512688000,1785153466512691000,1785153466512691000,1785153466512692000,121932490,121652369,-132.121,1.000,0.000,1.000,3.000,0.000,1.000,25.000,0,0,0
B3_zmq_pushpull,zmq_tcp,none,none,,1,30053,512,584,1785153466513656000,1785153466513656000,1785153466513656000,1785153466513657000,1785153466513820000,1785153466513823000,1785153466513823000,1785153466513823000,121932490,121652369,-117.121,0.000,0.000,1.000,3.000,0.000,0.000,15.000,0,0,0
B3_zmq_pushpull,zmq_tcp,none,none,,1,30054,512,584,1785153466514622000,1785153466514622000,1785153466514622000,1785153466514623000,1785153466514675000,1785153466514678000,1785153466514678000,1785153466514678000,121932490,121652369,-228.121,0.000,0.000,1.000,3.000,0.000,0.000,111.000,0,0,0
B3_zmq_pushpull,zmq_tcp,none,none,,1,30055,512,584,1785153466515520000,1785153466515520000,1785153466515520000,1785153466515521000,1785153466515675000,1785153466515678000,1785153466515678000,1785153466515678000,121932490,121652369,-126.121,0.000,0.000,1.000,3.000,0.000,0.000,102.000,0,0,0
B3_zmq_pushpull,zmq_tcp,none,none,,1,30056,512,584,1785153466516659000,1785153466516659000,1785153466516659000,1785153466516660000,1785153466516795000,1785153466516799000,1785153466516799000,1785153466516799000,121932490,121652369,-145.121,0.000,0.000,1.000,4.000,0.000,0.000,19.000,0,0,0
B3_zmq_pushpull,zmq_tcp,none,none,,1,30057,512,584,1785153466517623000,1785153466517623000,1785153466517623000,1785153466517624000,1785153466517816000,1785153466517819000,1785153466517819000,1785153466517819000,121932490,121652369,-88.121,0.000,0.000,1.000,3.000,0.000,0.000,57.000,0,0,0
B3_zmq_pushpull,zmq_tcp,none,none,,1,30058,512,584,1785153466518633000,1785153466518633000,1785153466518633000,1785153466518634000,1785153466518799000,1785153466518802000,1785153466518802000,1785153466518802000,121932490,121652369,-115.121,0.000,0.000,1.000,3.000,0.000,0.000,27.000,0,0,0
B3_zmq_pushpull,zmq_tcp,none,none,,1,30059,512,584,1785153466519508000,1785153466519508000,1785153466519508000,1785153466519509000,1785153466519667000,1785153466519670000,1785153466519670000,1785153466519670000,121932490,121652369,-122.121,0.000,0.000,1.000,3.000,0.000,0.000,7.000,0,0,0
B3_zmq_pushpull,zmq_tcp,none,none,,1,30060,512,584,1785153466520662000,1785153466520662000,1785153466520662000,1785153466520663000,1785153466520820000,1785153466520824000,1785153466520824000,1785153466520824000,121932490,121652369,-123.121,0.000,0.000,1.000,4.000,0.000,0.000,1.000,0,0,0
B3_zmq_pushpull,zmq_tcp,none,none,,1,30061,512,584,1785153466521516000,1785153466521516000,1785153466521516000,1785153466521517000,1785153466521671000,1785153466521674000,1785153466521674000,1785153466521674000,121932490,121652369,-126.121,0.000,0.000,1.000,3.000,0.000,0.000,3.000,0,0,0
B3_zmq_pushpull,zmq_tcp,none,none,,1,30062,512,584,1785153466522661000,1785153466522661000,1785153466522661000,1785153466522662000,1785153466522799000,1785153466522802000,1785153466522802000,1785153466522802000,121932490,121652369,-143.121,0.000,0.000,1.000,3.000,0.000,0.000,17.000,0,0,0
B3_zmq_pushpull,zmq_tcp,none,none,,1,30063,512,584,1785153466523510000,1785153466523510000,1785153466523510000,1785153466523511000,1785153466523664000,1785153466523667000,1785153466523667000,1785153466523667000,121932490,121652369,-127.121,0.000,0.000,1.000,3.000,0.000,0.000,16.000,0,0,0
B3_zmq_pushpull,zmq_tcp,none,none,,1,30064,512,584,1785153466524512000,1785153466524512000,1785153466524512000,1785153466524513000,1785153466524670000,1785153466524673000,1785153466524673000,1785153466524673000,121932490,121652369,-123.121,0.000,0.000,1.000,3.000,0.000,0.000,4.000,0,0,0
B3_zmq_pushpull,zmq_tcp,none,none,,1,30065,512,584,1785153466525518000,1785153466525518000,1785153466525518000,1785153466525519000,1785153466525678000,1785153466525681000,1785153466525681000,1785153466525681000,121932490,121652369,-121.121,0.000,0.000,1.000,3.000,0.000,0.000,2.000,0,0,0
B3_zmq_pushpull,zmq_tcp,none,none,,1,30066,512,584,1785153466526659000,1785153466526659000,1785153466526659000,1785153466526660000,1785153466526803000,1785153466526806000,1785153466526806000,1785153466526806000,121932490,121652369,-137.121,0.000,0.000,1.000,3.000,0.000,0.000,16.000,0,0,0
B3_zmq_pushpull,zmq_tcp,none,none,,1,30067,512,584,1785153466527625000,1785153466527625000,1785153466527625000,1785153466527626000,1785153466527811000,1785153466527814000,1785153466527814000,1785153466527814000,121932490,121652369,-95.121,0.000,0.000,1.000,3.000,0.000,0.000,42.000,0,0,0
B3_zmq_pushpull,zmq_tcp,none,none,,1,30068,512,584,1785153466528631000,1785153466528631000,1785153466528631000,1785153466528632000,1785153466528679000,1785153466528682000,1785153466528682000,1785153466528683000,121932490,121652369,-233.121,0.000,0.000,1.000,3.000,0.000,1.000,138.000,0,0,0
B3_zmq_pushpull,zmq_tcp,none,none,,1,30069,512,584,1785153466529536000,1785153466529536000,1785153466529536000,1785153466529537000,1785153466529683000,1785153466529686000,1785153466529686000,1785153466529686000,121932490,121652369,-134.121,0.000,0.000,1.000,3.000,0.000,0.000,99.000,0,0,0
B3_zmq_pushpull,zmq_tcp,none,none,,1,30070,512,584,1785153466530656000,1785153466530656000,1785153466530656000,1785153466530657000,1785153466530835000,1785153466530838000,1785153466530838000,1785153466530838000,121932490,121652369,-102.121,0.000,0.000,1.000,3.000,0.000,0.000,32.000,0,0,0
B3_zmq_pushpull,zmq_tcp,none,none,,1,30071,512,584,1785153466531542000,1785153466531543000,1785153466531543000,1785153466531544000,1785153466531702000,1785153466531704000,1785153466531704000,1785153466531704000,121932490,121652369,-122.121,1.000,0.000,1.000,2.000,0.000,0.000,20.000,0,0,0
B3_zmq_pushpull,zmq_tcp,none,none,,1,30072,512,584,1785153466532549000,1785153466532549000,1785153466532549000,1785153466532550000,1785153466532710000,1785153466532712000,1785153466532712000,1785153466532712000,121932490,121652369,-120.121,0.000,0.000,1.000,2.000,0.000,0.000,2.000,0,0,0
B3_zmq_pushpull,zmq_tcp,none,none,,1,30073,512,584,1785153466533553000,1785153466533553000,1785153466533553000,1785153466533554000,1785153466533712000,1785153466533715000,1785153466533715000,1785153466533715000,121932490,121652369,-122.121,0.000,0.000,1.000,3.000,0.000,0.000,2.000,0,0,0
B3_zmq_pushpull,zmq_tcp,none,none,,1,30074,512,584,1785153466534544000,1785153466534544000,1785153466534544000,1785153466534545000,1785153466534698000,1785153466534700000,1785153466534700000,1785153466534700000,121932490,121652369,-127.121,0.000,0.000,1.000,2.000,0.000,0.000,5.000,0,0,0
B3_zmq_pushpull,zmq_tcp,none,none,,1,30075,512,584,1785153466535653000,1785153466535653000,1785153466535653000,1785153466535654000,1785153466535705000,1785153466535708000,1785153466535708000,1785153466535708000,121932490,121652369,-229.121,0.000,0.000,1.000,3.000,0.000,0.000,102.000,0,0,0
B3_zmq_pushpull,zmq_tcp,none,none,,1,30076,512,584,1785153466536626000,1785153466536626000,1785153466536626000,1785153466536627000,1785153466536693000,1785153466536696000,1785153466536696000,1785153466536696000,121932490,121652369,-214.121,0.000,0.000,1.000,3.000,0.000,0.000,15.000,0,0,0
B3_zmq_pushpull,zmq_tcp,none,none,,1,30077,512,584,1785153466537636000,1785153466537636000,1785153466537636000,1785153466537637000,1785153466537707000,1785153466537710000,1785153466537710000,1785153466537710000,121932490,121652369,-210.121,0.000,0.000,1.000,3.000,0.000,0.000,4.000,0,0,0
B3_zmq_pushpull,zmq_tcp,none,none,,1,30078,512,584,1785153466538629000,1785153466538629000,1785153466538629000,1785153466538630000,1785153466538714000,1785153466538716000,1785153466538716000,1785153466538716000,121932490,121652369,-196.121,0.000,0.000,1.000,2.000,0.000,0.000,14.000,0,0,0
B3_zmq_pushpull,zmq_tcp,none,none,,1,30079,512,584,1785153466539632000,1785153466539632000,1785153466539632000,1785153466539633000,1785153466539700000,1785153466539703000,1785153466539703000,1785153466539703000,121932490,121652369,-213.121,0.000,0.000,1.000,3.000,0.000,0.000,17.000,0,0,0
B3_zmq_pushpull,zmq_tcp,none,none,,1,30080,512,584,1785153466540633000,1785153466540633000,1785153466540633000,1785153466540634000,1785153466540695000,1785153466540698000,1785153466540698000,1785153466540698000,121932490,121652369,-219.121,0.000,0.000,1.000,3.000,0.000,0.000,6.000,0,0,0
B3_zmq_pushpull,zmq_tcp,none,none,,1,30081,512,584,1785153466541632000,1785153466541632000,1785153466541632000,1785153466541633000,1785153466541690000,1785153466541693000,1785153466541693000,1785153466541693000,121932490,121652369,-223.121,0.000,0.000,1.000,3.000,0.000,0.000,4.000,0,0,0
B3_zmq_pushpull,zmq_tcp,none,none,,1,30082,512,584,1785153466542630000,1785153466542630000,1785153466542630000,1785153466542631000,1785153466542678000,1785153466542680000,1785153466542680000,1785153466542680000,121932490,121652369,-233.121,0.000,0.000,1.000,2.000,0.000,0.000,10.000,0,0,0
B3_zmq_pushpull,zmq_tcp,none,none,,1,30083,512,584,1785153466543633000,1785153466543633000,1785153466543633000,1785153466543634000,1785153466543807000,1785153466543810000,1785153466543810000,1785153466543810000,121932490,121652369,-107.121,0.000,0.000,1.000,3.000,0.000,0.000,126.000,0,0,0
B3_zmq_pushpull,zmq_tcp,none,none,,1,30084,512,584,1785153466544518000,1785153466544518000,1785153466544518000,1785153466544519000,1785153466544672000,1785153466544675000,1785153466544675000,1785153466544675000,121932490,121652369,-127.121,0.000,0.000,1.000,3.000,0.000,0.000,20.000,0,0,0
B3_zmq_pushpull,zmq_tcp,none,none,,1,30085,512,584,1785153466545659000,1785153466545660000,1785153466545660000,1785153466545661000,1785153466545801000,1785153466545804000,1785153466545804000,1785153466545804000,121932490,121652369,-140.121,1.000,0.000,1.000,3.000,0.000,0.000,13.000,0,0,0
B3_zmq_pushpull,zmq_tcp,none,none,,1,30086,512,584,1785153466546626000,1785153466546626000,1785153466546626000,1785153466546627000,1785153466546798000,1785153466546800000,1785153466546800000,1785153466546800000,121932490,121652369,-109.121,0.000,0.000,1.000,2.000,0.000,0.000,31.000,0,0,0
B3_zmq_pushpull,zmq_tcp,none,none,,1,30087,512,584,1785153466547633000,1785153466547633000,1785153466547633000,1785153466547634000,1785153466547786000,1785153466547788000,1785153466547788000,1785153466547788000,121932490,121652369,-128.121,0.000,0.000,1.000,2.000,0.000,0.000,19.000,0,0,0
B3_zmq_pushpull,zmq_tcp,none,none,,1,30088,512,584,1785153466548631000,1785153466548631000,1785153466548632000,1785153466548632000,1785153466548766000,1785153466548769000,1785153466548769000,1785153466548769000,121932490,121652369,-146.121,0.000,1.000,0.000,3.000,0.000,0.000,18.000,0,0,0
B3_zmq_pushpull,zmq_tcp,none,none,,1,30089,512,584,1785153466549631000,1785153466549631000,1785153466549632000,1785153466549632000,1785153466549760000,1785153466549763000,1785153466549763000,1785153466549763000,121932490,121652369,-152.121,0.000,1.000,0.000,3.000,0.000,0.000,6.000,0,0,0
B3_zmq_pushpull,zmq_tcp,none,none,,1,30090,512,584,1785153466550629000,1785153466550629000,1785153466550629000,1785153466550630000,1785153466550741000,1785153466550744000,1785153466550744000,1785153466550744000,121932490,121652369,-169.121,0.000,0.000,1.000,3.000,0.000,0.000,17.000,0,0,0
B3_zmq_pushpull,zmq_tcp,none,none,,1,30091,512,584,1785153466551636000,1785153466551636000,1785153466551636000,1785153466551637000,1785153466551742000,1785153466551744000,1785153466551744000,1785153466551744000,121932490,121652369,-175.121,0.000,0.000,1.000,2.000,0.000,0.000,6.000,0,0,0
B3_zmq_pushpull,zmq_tcp,none,none,,1,30092,512,584,1785153466552631000,1785153466552631000,1785153466552631000,1785153466552632000,1785153466552747000,1785153466552750000,1785153466552750000,1785153466552750000,121932490,121652369,-165.121,0.000,0.000,1.000,3.000,0.000,0.000,10.000,0,0,0
B3_zmq_pushpull,zmq_tcp,none,none,,1,30093,512,584,1785153466553632000,1785153466553632000,1785153466553632000,1785153466553633000,1785153466553740000,1785153466553743000,1785153466553743000,1785153466553743000,121932490,121652369,-173.121,0.000,0.000,1.000,3.000,0.000,0.000,8.000,0,0,0
B3_zmq_pushpull,zmq_tcp,none,none,,1,30094,512,584,1785153466554631000,1785153466554631000,1785153466554632000,1785153466554632000,1785153466554750000,1785153466554752000,1785153466554752000,1785153466554752000,121932490,121652369,-162.121,0.000,1.000,0.000,2.000,0.000,0.000,11.000,0,0,0
B3_zmq_pushpull,zmq_tcp,none,none,,1,30095,512,584,1785153466555631000,1785153466555631000,1785153466555632000,1785153466555632000,1785153466555738000,1785153466555741000,1785153466555741000,1785153466555741000,121932490,121652369,-174.121,0.000,1.000,0.000,3.000,0.000,0.000,12.000,0,0,0
B3_zmq_pushpull,zmq_tcp,none,none,,1,30096,512,584,1785153466556632000,1785153466556632000,1785153466556632000,1785153466556633000,1785153466556735000,1785153466556738000,1785153466556738000,1785153466556738000,121932490,121652369,-178.121,0.000,0.000,1.000,3.000,0.000,0.000,4.000,0,0,0
B3_zmq_pushpull,zmq_tcp,none,none,,1,30097,512,584,1785153466557631000,1785153466557631000,1785153466557631000,1785153466557632000,1785153466557722000,1785153466557725000,1785153466557725000,1785153466557725000,121932490,121652369,-190.121,0.000,0.000,1.000,3.000,0.000,0.000,12.000,0,0,0
B3_zmq_pushpull,zmq_tcp,none,none,,1,30098,512,584,1785153466558629000,1785153466558629000,1785153466558629000,1785153466558630000,1785153466558706000,1785153466558708000,1785153466558708000,1785153466558708000,121932490,121652369,-204.121,0.000,0.000,1.000,2.000,0.000,0.000,14.000,0,0,0
B3_zmq_pushpull,zmq_tcp,none,none,,1,30099,512,584,1785153466559633000,1785153466559633000,1785153466559633000,1785153466559634000,1785153466559712000,1785153466559715000,1785153466559715000,1785153466559715000,121932490,121652369,-202.121,0.000,0.000,1.000,3.000,0.000,0.000,2.000,0,0,0
B3_zmq_pushpull,zmq_tcp,none,none,,1,30100,512,584,1785153466560633000,1785153466560633000,1785153466560633000,1785153466560634000,1785153466560717000,1785153466560720000,1785153466560720000,1785153466560720000,121932490,121652369,-197.121,0.000,0.000,1.000,3.000,0.000,0.000,5.000,0,0,0
B3_zmq_pushpull,zmq_tcp,none,none,,1,30101,512,584,1785153466561630000,1785153466561630000,1785153466561631000,1785153466561631000,1785153466561722000,1785153466561724000,1785153466561725000,1785153466561725000,121932490,121652369,-189.121,0.000,1.000,0.000,2.000,1.000,0.000,8.000,0,0,0
B3_zmq_pushpull,zmq_tcp,none,none,,1,30102,512,584,1785153466562632000,1785153466562632000,1785153466562632000,1785153466562633000,1785153466562734000,1785153466562737000,1785153466562737000,1785153466562737000,121932490,121652369,-179.121,0.000,0.000,1.000,3.000,0.000,0.000,10.000,0,0,0
B3_zmq_pushpull,zmq_tcp,none,none,,1,30103,512,584,1785153466563632000,1785153466563632000,1785153466563632000,1785153466563633000,1785153466563692000,1785153466563695000,1785153466563695000,1785153466563695000,121932490,121652369,-221.121,0.000,0.000,1.000,3.000,0.000,0.000,42.000,0,0,0
B3_zmq_pushpull,zmq_tcp,none,none,,1,30104,512,584,1785153466564632000,1785153466564632000,1785153466564632000,1785153466564633000,1785153466564804000,1785153466564807000,1785153466564807000,1785153466564807000,121932490,121652369,-109.121,0.000,0.000,1.000,3.000,0.000,0.000,112.000,0,0,0
B3_zmq_pushpull,zmq_tcp,none,none,,1,30105,512,584,1785153466565632000,1785153466565632000,1785153466565632000,1785153466565633000,1785153466565680000,1785153466565683000,1785153466565683000,1785153466565683000,121932490,121652369,-233.121,0.000,0.000,1.000,3.000,0.000,0.000,124.000,0,0,0
B3_zmq_pushpull,zmq_tcp,none,none,,1,30106,512,584,1785153466566632000,1785153466566633000,1785153466566633000,1785153466566634000,1785153466566694000,1785153466566697000,1785153466566697000,1785153466566697000,121932490,121652369,-220.121,1.000,0.000,1.000,3.000,0.000,0.000,13.000,0,0,0
B3_zmq_pushpull,zmq_tcp,none,none,,1,30107,512,584,1785153466567541000,1785153466567541000,1785153466567541000,1785153466567542000,1785153466567700000,1785153466567703000,1785153466567703000,1785153466567703000,121932490,121652369,-122.121,0.000,0.000,1.000,3.000,0.000,0.000,98.000,0,0,0
B3_zmq_pushpull,zmq_tcp,none,none,,1,30108,512,584,1785153466568657000,1785153466568657000,1785153466568657000,1785153466568658000,1785153466568838000,1785153466568842000,1785153466568842000,1785153466568842000,121932490,121652369,-100.121,0.000,0.000,1.000,4.000,0.000,0.000,22.000,0,0,0
B3_zmq_pushpull,zmq_tcp,none,none,,1,30109,512,584,1785153466569539000,1785153466569539000,1785153466569539000,1785153466569540000,1785153466569694000,1785153466569696000,1785153466569696000,1785153466569697000,121932490,121652369,-126.121,0.000,0.000,1.000,2.000,0.000,1.000,26.000,0,0,0
B3_zmq_pushpull,zmq_tcp,none,none,,1,30110,512,584,1785153466570653000,1785153466570653000,1785153466570653000,1785153466570654000,1785153466570813000,1785153466570815000,1785153466570815000,1785153466570815000,121932490,121652369,-121.121,0.000,0.000,1.000,2.000,0.000,0.000,5.000,0,0,0
B3_zmq_pushpull,zmq_tcp,none,none,,1,30111,512,584,1785153466571625000,1785153466571625000,1785153466571625000,1785153466571626000,1785153466571781000,1785153466571784000,1785153466571784000,1785153466571784000,121932490,121652369,-125.121,0.000,0.000,1.000,3.000,0.000,0.000,4.000,0,0,0
B3_zmq_pushpull,zmq_tcp,none,none,,1,30112,512,584,1785153466572634000,1785153466572634000,1785153466572634000,1785153466572635000,1785153466572778000,1785153466572781000,1785153466572781000,1785153466572781000,121932490,121652369,-137.121,0.000,0.000,1.000,3.000,0.000,0.000,12.000,0,0,0
B3_zmq_pushpull,zmq_tcp,none,none,,1,30113,512,584,1785153466573627000,1785153466573627000,1785153466573627000,1785153466573628000,1785153466573749000,1785153466573752000,1785153466573752000,1785153466573752000,121932490,121652369,-159.121,0.000,0.000,1.000,3.000,0.000,0.000,22.000,0,0,0
B3_zmq_pushpull,zmq_tcp,none,none,,1,30114,512,584,1785153466574635000,1785153466574635000,1785153466574635000,1785153466574636000,1785153466574728000,1785153466574730000,1785153466574730000,1785153466574730000,121932490,121652369,-188.121,0.000,0.000,1.000,2.000,0.000,0.000,29.000,0,0,0
B3_zmq_pushpull,zmq_tcp,none,none,,1,30115,512,584,1785153466575633000,1785153466575633000,1785153466575633000,1785153466575634000,1785153466575688000,1785153466575691000,1785153466575691000,1785153466575691000,121932490,121652369,-226.121,0.000,0.000,1.000,3.000,0.000,0.000,38.000,0,0,0
B3_zmq_pushpull,zmq_tcp,none,none,,1,30116,512,584,1785153466576631000,1785153466576632000,1785153466576632000,1785153466576633000,1785153466576690000,1785153466576694000,1785153466576694000,1785153466576694000,121932490,121652369,-223.121,1.000,0.000,1.000,4.000,0.000,0.000,3.000,0,0,0
B3_zmq_pushpull,zmq_tcp,none,none,,1,30117,512,584,1785153466577502000,1785153466577502000,1785153466577502000,1785153466577503000,1785153466577654000,1785153466577657000,1785153466577657000,1785153466577657000,121932490,121652369,-129.121,0.000,0.000,1.000,3.000,0.000,0.000,94.000,0,0,0
B3_zmq_pushpull,zmq_tcp,none,none,,1,30118,512,584,1785153466578472000,1785153466578472000,1785153466578472000,1785153466578473000,1785153466578624000,1785153466578626000,1785153466578626000,1785153466578626000,121932490,121652369,-129.121,0.000,0.000,1.000,2.000,0.000,0.000,0.000,0,0,0
B3_zmq_pushpull,zmq_tcp,none,none,,1,30119,512,584,1785153466579455000,1785153466579455000,1785153466579455000,1785153466579457000,1785153466579594000,1785153466579596000,1785153466579596000,1785153466579596000,121932490,121652369,-143.121,0.000,0.000,2.000,2.000,0.000,0.000,14.000,0,0,0
B3_zmq_pushpull,zmq_tcp,none,none,,1,30120,512,584,1785153466580677000,1785153466580677000,1785153466580677000,1785153466580678000,1785153466580844000,1785153466580846000,1785153466580846000,1785153466580846000,121932490,121652369,-114.121,0.000,0.000,1.000,2.000,0.000,0.000,29.000,0,0,0
B3_zmq_pushpull,zmq_tcp,none,none,,1,30121,512,584,1785153466581616000,1785153466581616000,1785153466581616000,1785153466581617000,1785153466581685000,1785153466581688000,1785153466581688000,1785153466581688000,121932490,121652369,-212.121,0.000,0.000,1.000,3.000,0.000,0.000,98.000,0,0,0
B3_zmq_pushpull,zmq_tcp,none,none,,1,30122,512,584,1785153466582637000,1785153466582638000,1785153466582638000,1785153466582639000,1785153466582808000,1785153466582811000,1785153466582811000,1785153466582811000,121932490,121652369,-111.121,1.000,0.000,1.000,3.000,0.000,0.000,101.000,0,0,0
B3_zmq_pushpull,zmq_tcp,none,none,,1,30123,512,584,1785153466583629000,1785153466583629000,1785153466583629000,1785153466583630000,1785153466583800000,1785153466583802000,1785153466583802000,1785153466583802000,121932490,121652369,-110.121,0.000,0.000,1.000,2.000,0.000,0.000,1.000,0,0,0
B3_zmq_pushpull,zmq_tcp,none,none,,1,30124,512,584,1785153466584631000,1785153466584631000,1785153466584631000,1785153466584632000,1785153466584780000,1785153466584783000,1785153466584783000,1785153466584783000,121932490,121652369,-132.121,0.000,0.000,1.000,3.000,0.000,0.000,22.000,0,0,0
B3_zmq_pushpull,zmq_tcp,none,none,,1,30125,512,584,1785153466585628000,1785153466585628000,1785153466585628000,1785153466585629000,1785153466585747000,1785153466585750000,1785153466585750000,1785153466585750000,121932490,121652369,-162.121,0.000,0.000,1.000,3.000,0.000,0.000,30.000,0,0,0
B3_zmq_pushpull,zmq_tcp,none,none,,1,30126,512,584,1785153466586439000,1785153466586439000,1785153466586440000,1785153466586441000,1785153466586578000,1785153466586581000,1785153466586581000,1785153466586581000,121932490,121652369,-143.121,0.000,1.000,1.000,3.000,0.000,0.000,19.000,0,0,0
B3_zmq_pushpull,zmq_tcp,none,none,,1,30127,512,584,1785153466587530000,1785153466587530000,1785153466587530000,1785153466587531000,1785153466587677000,1785153466587680000,1785153466587680000,1785153466587680000,121932490,121652369,-134.121,0.000,0.000,1.000,3.000,0.000,0.000,9.000,0,0,0
B3_zmq_pushpull,zmq_tcp,none,none,,1,30128,512,584,1785153466588659000,1785153466588659000,1785153466588659000,1785153466588660000,1785153466588785000,1785153466588788000,1785153466588788000,1785153466588788000,121932490,121652369,-155.121,0.000,0.000,1.000,3.000,0.000,0.000,21.000,0,0,0
B3_zmq_pushpull,zmq_tcp,none,none,,1,30129,512,584,1785153466589622000,1785153466589622000,1785153466589622000,1785153466589623000,1785153466589763000,1785153466589766000,1785153466589766000,1785153466589766000,121932490,121652369,-140.121,0.000,0.000,1.000,3.000,0.000,0.000,15.000,0,0,0
B3_zmq_pushpull,zmq_tcp,none,none,,1,30130,512,584,1785153466590633000,1785153466590633000,1785153466590633000,1785153466590634000,1785153466590734000,1785153466590737000,1785153466590737000,1785153466590737000,121932490,121652369,-180.121,0.000,0.000,1.000,3.000,0.000,0.000,40.000,0,0,0
B3_zmq_pushpull,zmq_tcp,none,none,,1,30131,512,584,1785153466591631000,1785153466591631000,1785153466591631000,1785153466591632000,1785153466591700000,1785153466591702000,1785153466591702000,1785153466591702000,121932490,121652369,-212.121,0.000,0.000,1.000,2.000,0.000,0.000,32.000,0,0,0
B3_zmq_pushpull,zmq_tcp,none,none,,1,30132,512,584,1785153466592631000,1785153466592631000,1785153466592631000,1785153466592632000,1785153466592792000,1785153466592794000,1785153466592794000,1785153466592794000,121932490,121652369,-120.121,0.000,0.000,1.000,2.000,0.000,0.000,92.000,0,0,0
B3_zmq_pushpull,zmq_tcp,none,none,,1,30133,512,584,1785153466593628000,1785153466593628000,1785153466593628000,1785153466593629000,1785153466593789000,1785153466593792000,1785153466593792000,1785153466593792000,121932490,121652369,-120.121,0.000,0.000,1.000,3.000,0.000,0.000,0.000,0,0,0
B3_zmq_pushpull,zmq_tcp,none,none,,1,30134,512,584,1785153466594635000,1785153466594635000,1785153466594635000,1785153466594636000,1785153466594752000,1785153466594754000,1785153466594754000,1785153466594754000,121932490,121652369,-164.121,0.000,0.000,1.000,2.000,0.000,0.000,44.000,0,0,0
B3_zmq_pushpull,zmq_tcp,none,none,,1,30135,512,584,1785153466595631000,1785153466595631000,1785153466595631000,1785153466595632000,1785153466595740000,1785153466595742000,1785153466595742000,1785153466595742000,121932490,121652369,-172.121,0.000,0.000,1.000,2.000,0.000,0.000,8.000,0,0,0
B3_zmq_pushpull,zmq_tcp,none,none,,1,30136,512,584,1785153466596633000,1785153466596633000,1785153466596633000,1785153466596634000,1785153466596716000,1785153466596719000,1785153466596719000,1785153466596719000,121932490,121652369,-198.121,0.000,0.000,1.000,3.000,0.000,0.000,26.000,0,0,0
B3_zmq_pushpull,zmq_tcp,none,none,,1,30137,512,584,1785153466597629000,1785153466597629000,1785153466597629000,1785153466597630000,1785153466597696000,1785153466597698000,1785153466597698000,1785153466597698000,121932490,121652369,-214.121,0.000,0.000,1.000,2.000,0.000,0.000,16.000,0,0,0
B3_zmq_pushpull,zmq_tcp,none,none,,1,30138,512,584,1785153466598632000,1785153466598632000,1785153466598632000,1785153466598633000,1785153466598802000,1785153466598805000,1785153466598805000,1785153466598805000,121932490,121652369,-111.121,0.000,0.000,1.000,3.000,0.000,0.000,103.000,0,0,0
B3_zmq_pushpull,zmq_tcp,none,none,,1,30139,512,584,1785153466599631000,1785153466599631000,1785153466599631000,1785153466599632000,1785153466599763000,1785153466599765000,1785153466599766000,1785153466599766000,121932490,121652369,-149.121,0.000,0.000,1.000,2.000,1.000,0.000,38.000,0,0,0
B3_zmq_pushpull,zmq_tcp,none,none,,1,30140,512,584,1785153466600631000,1785153466600631000,1785153466600631000,1785153466600632000,1785153466600771000,1785153466600774000,1785153466600774000,1785153466600774000,121932490,121652369,-141.121,0.000,0.000,1.000,3.000,0.000,0.000,8.000,0,0,0
B3_zmq_pushpull,zmq_tcp,none,none,,1,30141,512,584,1785153466601631000,1785153466601631000,1785153466601631000,1785153466601632000,1785153466601750000,1785153466601753000,1785153466601753000,1785153466601753000,121932490,121652369,-162.121,0.000,0.000,1.000,3.000,0.000,0.000,21.000,0,0,0
B3_zmq_pushpull,zmq_tcp,none,none,,1,30142,512,584,1785153466602631000,1785153466602631000,1785153466602631000,1785153466602632000,1785153466602744000,1785153466602746000,1785153466602746000,1785153466602746000,121932490,121652369,-168.121,0.000,0.000,1.000,2.000,0.000,0.000,6.000,0,0,0
B3_zmq_pushpull,zmq_tcp,none,none,,1,30143,512,584,1785153466603631000,1785153466603631000,1785153466603631000,1785153466603632000,1785153466603734000,1785153466603738000,1785153466603738000,1785153466603738000,121932490,121652369,-178.121,0.000,0.000,1.000,4.000,0.000,0.000,10.000,0,0,0
B3_zmq_pushpull,zmq_tcp,none,none,,1,30144,512,584,1785153466604631000,1785153466604631000,1785153466604631000,1785153466604632000,1785153466604729000,1785153466604732000,1785153466604732000,1785153466604732000,121932490,121652369,-183.121,0.000,0.000,1.000,3.000,0.000,0.000,5.000,0,0,0
B3_zmq_pushpull,zmq_tcp,none,none,,1,30145,512,584,1785153466605628000,1785153466605628000,1785153466605628000,1785153466605629000,1785153466605698000,1785153466605701000,1785153466605701000,1785153466605701000,121932490,121652369,-211.121,0.000,0.000,1.000,3.000,0.000,0.000,28.000,0,0,0
B3_zmq_pushpull,zmq_tcp,none,none,,1,30146,512,584,1785153466606633000,1785153466606633000,1785153466606633000,1785153466606634000,1785153466606680000,1785153466606683000,1785153466606683000,1785153466606683000,121932490,121652369,-234.121,0.000,0.000,1.000,3.000,0.000,0.000,23.000,0,0,0
B3_zmq_pushpull,zmq_tcp,none,none,,1,30147,512,584,1785153466607633000,1785153466607633000,1785153466607633000,1785153466607634000,1785153466607684000,1785153466607688000,1785153466607688000,1785153466607688000,121932490,121652369,-230.121,0.000,0.000,1.000,4.000,0.000,0.000,4.000,0,0,0
B3_zmq_pushpull,zmq_tcp,none,none,,1,30148,512,584,1785153466608522000,1785153466608522000,1785153466608522000,1785153466608523000,1785153466608680000,1785153466608682000,1785153466608682000,1785153466608682000,121932490,121652369,-123.121,0.000,0.000,1.000,2.000,0.000,0.000,107.000,0,0,0
B3_zmq_pushpull,zmq_tcp,none,none,,1,30149,512,584,1785153466609499000,1785153466609499000,1785153466609499000,1785153466609500000,1785153466609657000,1785153466609660000,1785153466609660000,1785153466609660000,121932490,121652369,-123.121,0.000,0.000,1.000,3.000,0.000,0.000,0.000,0,0,0
B3_zmq_pushpull,zmq_tcp,none,none,,1,30150,512,584,1785153466610664000,1785153466610664000,1785153466610664000,1785153466610665000,1785153466610765000,1785153466610768000,1785153466610768000,1785153466610768000,121932490,121652369,-180.121,0.000,0.000,1.000,3.000,0.000,0.000,57.000,0,0,0
B3_zmq_pushpull,zmq_tcp,none,none,,1,30151,512,584,1785153466611620000,1785153466611620000,1785153466611620000,1785153466611621000,1785153466611734000,1785153466611737000,1785153466611737000,1785153466611737000,121932490,121652369,-167.121,0.000,0.000,1.000,3.000,0.000,0.000,13.000,0,0,0
B3_zmq_pushpull,zmq_tcp,none,none,,1,30152,512,584,1785153466612633000,1785153466612633000,1785153466612634000,1785153466612634000,1785153466612709000,1785153466612712000,1785153466612712000,1785153466612712000,121932490,121652369,-205.121,0.000,1.000,0.000,3.000,0.000,0.000,38.000,0,0,0
B3_zmq_pushpull,zmq_tcp,none,none,,1,30153,512,584,1785153466613631000,1785153466613631000,1785153466613631000,1785153466613632000,1785153466613678000,1785153466613681000,1785153466613681000,1785153466613681000,121932490,121652369,-234.121,0.000,0.000,1.000,3.000,0.000,0.000,29.000,0,0,0
B3_zmq_pushpull,zmq_tcp,none,none,,1,30154,512,584,1785153466614633000,1785153466614634000,1785153466614634000,1785153466614635000,1785153466614796000,1785153466614799000,1785153466614799000,1785153466614799000,121932490,121652369,-119.121,1.000,0.000,1.000,3.000,0.000,0.000,115.000,0,0,0
B3_zmq_pushpull,zmq_tcp,none,none,,1,30155,512,584,1785153466615629000,1785153466615630000,1785153466615630000,1785153466615631000,1785153466615793000,1785153466615796000,1785153466615796000,1785153466615796000,121932490,121652369,-118.121,1.000,0.000,1.000,3.000,0.000,0.000,1.000,0,0,0
B3_zmq_pushpull,zmq_tcp,none,none,,1,30156,512,584,1785153466616476000,1785153466616476000,1785153466616476000,1785153466616477000,1785153466616634000,1785153466616637000,1785153466616637000,1785153466616637000,121932490,121652369,-123.121,0.000,0.000,1.000,3.000,0.000,0.000,5.000,0,0,0
B3_zmq_pushpull,zmq_tcp,none,none,,1,30157,512,584,1785153466617443000,1785153466617443000,1785153466617443000,1785153466617445000,1785153466617604000,1785153466617608000,1785153466617608000,1785153466617608000,121932490,121652369,-121.121,0.000,0.000,2.000,4.000,0.000,0.000,2.000,0,0,0
B3_zmq_pushpull,zmq_tcp,none,none,,1,30158,512,584,1785153466618447000,1785153466618449000,1785153466618449000,1785153466618450000,1785153466618602000,1785153466618605000,1785153466618605000,1785153466618605000,121932490,121652369,-128.121,2.000,0.000,1.000,3.000,0.000,0.000,7.000,0,0,0
B3_zmq_pushpull,zmq_tcp,none,none,,1,30159,512,584,1785153466619441000,1785153466619441000,1785153466619441000,1785153466619442000,1785153466619594000,1785153466619597000,1785153466619597000,1785153466619597000,121932490,121652369,-128.121,0.000,0.000,1.000,3.000,0.000,0.000,0.000,0,0,0
B3_zmq_pushpull,zmq_tcp,none,none,,1,30160,512,584,1785153466620552000,1785153466620552000,1785153466620553000,1785153466620554000,1785153466620690000,1785153466620693000,1785153466620693000,1785153466620693000,121932490,121652369,-144.121,0.000,1.000,1.000,3.000,0.000,0.000,16.000,0,0,0
B3_zmq_pushpull,zmq_tcp,none,none,,1,30161,512,584,1785153466621654000,1785153466621654000,1785153466621654000,1785153466621655000,1785153466621802000,1785153466621806000,1785153466621806000,1785153466621806000,121932490,121652369,-133.121,0.000,0.000,1.000,4.000,0.000,0.000,11.000,0,0,0
B3_zmq_pushpull,zmq_tcp,none,none,,1,30162,512,584,1785153466622626000,1785153466622626000,1785153466622626000,1785153466622627000,1785153466622781000,1785153466622784000,1785153466622784000,1785153466622784000,121932490,121652369,-126.121,0.000,0.000,1.000,3.000,0.000,0.000,7.000,0,0,0
B3_zmq_pushpull,zmq_tcp,none,none,,1,30163,512,584,1785153466623632000,1785153466623633000,1785153466623633000,1785153466623634000,1785153466623765000,1785153466623768000,1785153466623768000,1785153466623768000,121932490,121652369,-149.121,1.000,0.000,1.000,3.000,0.000,0.000,23.000,0,0,0
B3_zmq_pushpull,zmq_tcp,none,none,,1,30164,512,584,1785153466624632000,1785153466624632000,1785153466624632000,1785153466624633000,1785153466624754000,1785153466624757000,1785153466624757000,1785153466624757000,121932490,121652369,-159.121,0.000,0.000,1.000,3.000,0.000,0.000,10.000,0,0,0
B3_zmq_pushpull,zmq_tcp,none,none,,1,30165,512,584,1785153466625631000,1785153466625631000,1785153466625631000,1785153466625632000,1785153466625742000,1785153466625745000,1785153466625745000,1785153466625745000,121932490,121652369,-170.121,0.000,0.000,1.000,3.000,0.000,0.000,11.000,0,0,0
B3_zmq_pushpull,zmq_tcp,none,none,,1,30166,512,584,1785153466626628000,1785153466626628000,1785153466626628000,1785153466626629000,1785153466626718000,1785153466626721000,1785153466626721000,1785153466626721000,121932490,121652369,-191.121,0.000,0.000,1.000,3.000,0.000,0.000,21.000,0,0,0
B3_zmq_pushpull,zmq_tcp,none,none,,1,30167,512,584,1785153466627632000,1785153466627632000,1785153466627633000,1785153466627633000,1785153466627691000,1785153466627694000,1785153466627694000,1785153466627694000,121932490,121652369,-222.121,0.000,1.000,0.000,3.000,0.000,0.000,31.000,0,0,0
B3_zmq_pushpull,zmq_tcp,none,none,,1,30168,512,584,1785153466628633000,1785153466628633000,1785153466628633000,1785153466628634000,1785153466628820000,1785153466628822000,1785153466628822000,1785153466628822000,121932490,121652369,-94.121,0.000,0.000,1.000,2.000,0.000,0.000,128.000,0,0,0
B3_zmq_pushpull,zmq_tcp,none,none,,1,30169,512,584,1785153466629629000,1785153466629629000,1785153466629629000,1785153466629630000,1785153466629804000,1785153466629806000,1785153466629807000,1785153466629807000,121932490,121652369,-106.121,0.000,0.000,1.000,2.000,1.000,0.000,12.000,0,0,0
B3_zmq_pushpull,zmq_tcp,none,none,,1,30170,512,584,1785153466630632000,1785153466630632000,1785153466630633000,1785153466630633000,1785153466630803000,1785153466630806000,1785153466630806000,1785153466630806000,121932490,121652369,-110.121,0.000,1.000,0.000,3.000,0.000,0.000,4.000,0,0,0
B3_zmq_pushpull,zmq_tcp,none,none,,1,30171,512,584,1785153466631631000,1785153466631631000,1785153466631631000,1785153466631632000,1785153466631783000,1785153466631785000,1785153466631785000,1785153466631785000,121932490,121652369,-129.121,0.000,0.000,1.000,2.000,0.000,0.000,19.000,0,0,0
B3_zmq_pushpull,zmq_tcp,none,none,,1,30172,512,584,1785153466632468000,1785153466632469000,1785153466632469000,1785153466632470000,1785153466632621000,1785153466632624000,1785153466632624000,1785153466632624000,121932490,121652369,-129.121,1.000,0.000,1.000,3.000,0.000,0.000,0.000,0,0,0
B3_zmq_pushpull,zmq_tcp,none,none,,1,30173,512,584,1785153466633460000,1785153466633460000,1785153466633460000,1785153466633461000,1785153466633603000,1785153466633605000,1785153466633605000,1785153466633605000,121932490,121652369,-138.121,0.000,0.000,1.000,2.000,0.000,0.000,9.000,0,0,0
B3_zmq_pushpull,zmq_tcp,none,none,,1,30174,512,584,1785153466634674000,1785153466634674000,1785153466634674000,1785153466634675000,1785153466634727000,1785153466634730000,1785153466634730000,1785153466634730000,121932490,121652369,-228.121,0.000,0.000,1.000,3.000,0.000,0.000,90.000,0,0,0
B3_zmq_pushpull,zmq_tcp,none,none,,1,30175,512,584,1785153466635550000,1785153466635550000,1785153466635550000,1785153466635551000,1785153466635707000,1785153466635710000,1785153466635710000,1785153466635710000,121932490,121652369,-124.121,0.000,0.000,1.000,3.000,0.000,0.000,104.000,0,0,0
B3_zmq_pushpull,zmq_tcp,none,none,,1,30176,512,584,1785153466636529000,1785153466636529000,1785153466636529000,1785153466636530000,1785153466636681000,1785153466636684000,1785153466636684000,1785153466636684000,121932490,121652369,-129.121,0.000,0.000,1.000,3.000,0.000,0.000,5.000,0,0,0
B3_zmq_pushpull,zmq_tcp,none,none,,1,30177,512,584,1785153466637656000,1785153466637657000,1785153466637657000,1785153466637658000,1785153466637792000,1785153466637795000,1785153466637795000,1785153466637795000,121932490,121652369,-146.121,1.000,0.000,1.000,3.000,0.000,0.000,17.000,0,0,0
B3_zmq_pushpull,zmq_tcp,none,none,,1,30178,512,584,1785153466638626000,1785153466638626000,1785153466638626000,1785153466638627000,1785153466638767000,1785153466638769000,1785153466638770000,1785153466638770000,121932490,121652369,-140.121,0.000,0.000,1.000,2.000,1.000,0.000,6.000,0,0,0
B3_zmq_pushpull,zmq_tcp,none,none,,1,30179,512,584,1785153466639629000,1785153466639630000,1785153466639630000,1785153466639631000,1785153466639752000,1785153466639754000,1785153466639754000,1785153466639754000,121932490,121652369,-159.121,1.000,0.000,1.000,2.000,0.000,0.000,19.000,0,0,0
B3_zmq_pushpull,zmq_tcp,none,none,,1,30180,512,584,1785153466640632000,1785153466640632000,1785153466640632000,1785153466640633000,1785153466640728000,1785153466640730000,1785153466640730000,1785153466640731000,121932490,121652369,-185.121,0.000,0.000,1.000,2.000,0.000,1.000,26.000,0,0,0
B3_zmq_pushpull,zmq_tcp,none,none,,1,30181,512,584,1785153466641631000,1785153466641631000,1785153466641631000,1785153466641632000,1785153466641711000,1785153466641713000,1785153466641713000,1785153466641713000,121932490,121652369,-201.121,0.000,0.000,1.000,2.000,0.000,0.000,16.000,0,0,0
B3_zmq_pushpull,zmq_tcp,none,none,,1,30182,512,584,1785153466642631000,1785153466642631000,1785153466642631000,1785153466642632000,1785153466642695000,1785153466642697000,1785153466642697000,1785153466642697000,121932490,121652369,-217.121,0.000,0.000,1.000,2.000,0.000,0.000,16.000,0,0,0
B3_zmq_pushpull,zmq_tcp,none,none,,1,30183,512,584,1785153466643543000,1785153466643543000,1785153466643543000,1785153466643544000,1785153466643684000,1785153466643686000,1785153466643686000,1785153466643686000,121932490,121652369,-140.121,0.000,0.000,1.000,2.000,0.000,0.000,77.000,0,0,0
B3_zmq_pushpull,zmq_tcp,none,none,,1,30184,512,584,1785153466644509000,1785153466644509000,1785153466644510000,1785153466644511000,1785153466644657000,1785153466644660000,1785153466644660000,1785153466644660000,121932490,121652369,-134.121,0.000,1.000,1.000,3.000,0.000,0.000,6.000,0,0,0
B3_zmq_pushpull,zmq_tcp,none,none,,1,30185,512,584,1785153466645463000,1785153466645463000,1785153466645464000,1785153466645464000,1785153466645616000,1785153466645619000,1785153466645619000,1785153466645619000,121932490,121652369,-128.121,0.000,1.000,0.000,3.000,0.000,0.000,6.000,0,0,0
B3_zmq_pushpull,zmq_tcp,none,none,,1,30186,512,584,1785153466646445000,1785153466646445000,1785153466646445000,1785153466646446000,1785153466646584000,1785153466646587000,1785153466646587000,1785153466646587000,121932490,121652369,-142.121,0.000,0.000,1.000,3.000,0.000,0.000,14.000,0,0,0
B3_zmq_pushpull,zmq_tcp,none,none,,1,30187,512,584,1785153466647554000,1785153466647554000,1785153466647554000,1785153466647555000,1785153466647705000,1785153466647708000,1785153466647708000,1785153466647708000,121932490,121652369,-130.121,0.000,0.000,1.000,3.000,0.000,0.000,12.000,0,0,0
B3_zmq_pushpull,zmq_tcp,none,none,,1,30188,512,584,1785153466648550000,1785153466648550000,1785153466648550000,1785153466648551000,1785153466648707000,1785153466648709000,1785153466648709000,1785153466648709000,121932490,121652369,-124.121,0.000,0.000,1.000,2.000,0.000,0.000,6.000,0,0,0
B3_zmq_pushpull,zmq_tcp,none,none,,1,30189,512,584,1785153466649651000,1785153466649651000,1785153466649651000,1785153466649652000,1785153466649807000,1785153466649810000,1785153466649810000,1785153466649810000,121932490,121652369,-125.121,0.000,0.000,1.000,3.000,0.000,0.000,1.000,0,0,0
B3_zmq_pushpull,zmq_tcp,none,none,,1,30190,512,584,1785153466650627000,1785153466650627000,1785153466650627000,1785153466650628000,1785153466650787000,1785153466650789000,1785153466650789000,1785153466650789000,121932490,121652369,-121.121,0.000,0.000,1.000,2.000,0.000,0.000,4.000,0,0,0
B3_zmq_pushpull,zmq_tcp,none,none,,1,30191,512,584,1785153466651492000,1785153466651492000,1785153466651492000,1785153466651493000,1785153466651651000,1785153466651653000,1785153466651653000,1785153466651653000,121932490,121652369,-122.121,0.000,0.000,1.000,2.000,0.000,0.000,1.000,0,0,0
B3_zmq_pushpull,zmq_tcp,none,none,,1,30192,512,584,1785153466652666000,1785153466652666000,1785153466652667000,1785153466652667000,1785153466652727000,1785153466652731000,1785153466652731000,1785153466652731000,121932490,121652369,-220.121,0.000,1.000,0.000,4.000,0.000,0.000,98.000,0,0,0
B3_zmq_pushpull,zmq_tcp,none,none,,1,30193,512,584,1785153466653619000,1785153466653619000,1785153466653619000,1785153466653620000,1785153466653667000,1785153466653670000,1785153466653670000,1785153466653671000,121932490,121652369,-233.121,0.000,0.000,1.000,3.000,0.000,1.000,13.000,0,0,0
B3_zmq_pushpull,zmq_tcp,none,none,,1,30194,512,584,1785153466654496000,1785153466654496000,1785153466654496000,1785153466654497000,1785153466654639000,1785153466654641000,1785153466654641000,1785153466654641000,121932490,121652369,-138.121,0.000,0.000,1.000,2.000,0.000,0.000,95.000,0,0,0
B3_zmq_pushpull,zmq_tcp,none,none,,1,30195,512,584,1785153466655666000,1785153466655666000,1785153466655666000,1785153466655667000,1785153466655764000,1785153466655767000,1785153466655767000,1785153466655767000,121932490,121652369,-183.121,0.000,0.000,1.000,3.000,0.000,0.000,45.000,0,0,0
B3_zmq_pushpull,zmq_tcp,none,none,,1,30196,512,584,1785153466656623000,1785153466656623000,1785153466656623000,1785153466656624000,1785153466656755000,1785153466656757000,1785153466656757000,1785153466656757000,121932490,121652369,-149.121,0.000,0.000,1.000,2.000,0.000,0.000,34.000,0,0,0
B3_zmq_pushpull,zmq_tcp,none,none,,1,30197,512,584,1785153466657633000,1785153466657633000,1785153466657633000,1785153466657634000,1785153466657734000,1785153466657737000,1785153466657737000,1785153466657737000,121932490,121652369,-180.121,0.000,0.000,1.000,3.000,0.000,0.000,31.000,0,0,0
B3_zmq_pushpull,zmq_tcp,none,none,,1,30198,512,584,1785153466658551000,1785153466658551000,1785153466658551000,1785153466658552000,1785153466658709000,1785153466658712000,1785153466658712000,1785153466658712000,121932490,121652369,-123.121,0.000,0.000,1.000,3.000,0.000,0.000,57.000,0,0,0
B3_zmq_pushpull,zmq_tcp,none,none,,1,30199,512,584,1785153466659544000,1785153466659544000,1785153466659544000,1785153466659545000,1785153466659687000,1785153466659689000,1785153466659689000,1785153466659689000,121932490,121652369,-138.121,0.000,0.000,1.000,2.000,0.000,0.000,15.000,0,0,0
B3_zmq_pushpull,zmq_tcp,none,none,,1,30200,512,584,1785153466660654000,1785153466660654000,1785153466660654000,1785153466660655000,1785153466660772000,1785153466660775000,1785153466660775000,1785153466660775000,121932490,121652369,-163.121,0.000,0.000,1.000,3.000,0.000,0.000,25.000,0,0,0
B3_zmq_pushpull,zmq_tcp,none,none,,1,30201,512,584,1785153466661623000,1785153466661623000,1785153466661623000,1785153466661624000,1785153466661731000,1785153466661733000,1785153466661733000,1785153466661733000,121932490,121652369,-173.121,0.000,0.000,1.000,2.000,0.000,0.000,10.000,0,0,0
B3_zmq_pushpull,zmq_tcp,none,none,,1,30202,512,584,1785153466662638000,1785153466662638000,1785153466662638000,1785153466662639000,1785153466662712000,1785153466662715000,1785153466662715000,1785153466662715000,121932490,121652369,-207.121,0.000,0.000,1.000,3.000,0.000,0.000,34.000,0,0,0
B3_zmq_pushpull,zmq_tcp,none,none,,1,30203,512,584,1785153466663630000,1785153466663630000,1785153466663630000,1785153466663631000,1785153466663677000,1785153466663680000,1785153466663680000,1785153466663680000,121932490,121652369,-234.121,0.000,0.000,1.000,3.000,0.000,0.000,27.000,0,0,0
B3_zmq_pushpull,zmq_tcp,none,none,,1,30204,512,584,1785153466664632000,1785153466664633000,1785153466664633000,1785153466664634000,1785153466664794000,1785153466664797000,1785153466664797000,1785153466664797000,121932490,121652369,-120.121,1.000,0.000,1.000,3.000,0.000,0.000,114.000,0,0,0
B3_zmq_pushpull,zmq_tcp,none,none,,1,30205,512,584,1785153466665628000,1785153466665628000,1785153466665629000,1785153466665629000,1785153466665764000,1785153466665767000,1785153466665767000,1785153466665767000,121932490,121652369,-145.121,0.000,1.000,0.000,3.000,0.000,0.000,25.000,0,0,0
B3_zmq_pushpull,zmq_tcp,none,none,,1,30206,512,584,1785153466666632000,1785153466666632000,1785153466666633000,1785153466666633000,1785153466666727000,1785153466666730000,1785153466666730000,1785153466666730000,121932490,121652369,-186.121,0.000,1.000,0.000,3.000,0.000,0.000,41.000,0,0,0
B3_zmq_pushpull,zmq_tcp,none,none,,1,30207,512,584,1785153466667631000,1785153466667631000,1785153466667631000,1785153466667632000,1785153466667704000,1785153466667707000,1785153466667707000,1785153466667707000,121932490,121652369,-208.121,0.000,0.000,1.000,3.000,0.000,0.000,22.000,0,0,0
B3_zmq_pushpull,zmq_tcp,none,none,,1,30208,512,584,1785153466668631000,1785153466668631000,1785153466668631000,1785153466668632000,1785153466668688000,1785153466668691000,1785153466668691000,1785153466668691000,121932490,121652369,-224.121,0.000,0.000,1.000,3.000,0.000,0.000,16.000,0,0,0
B3_zmq_pushpull,zmq_tcp,none,none,,1,30209,512,584,1785153466669628000,1785153466669629000,1785153466669629000,1785153466669630000,1785153466669670000,1785153466669673000,1785153466669673000,1785153466669673000,121932490,121652369,-240.121,1.000,0.000,1.000,3.000,0.000,0.000,16.000,0,0,0
B3_zmq_pushpull,zmq_tcp,none,none,,1,30210,512,584,1785153466670632000,1785153466670633000,1785153466670633000,1785153466670634000,1785153466670783000,1785153466670786000,1785153466670786000,1785153466670786000,121932490,121652369,-131.121,1.000,0.000,1.000,3.000,0.000,0.000,109.000,0,0,0
B3_zmq_pushpull,zmq_tcp,none,none,,1,30211,512,584,1785153466671472000,1785153466671473000,1785153466671473000,1785153466671474000,1785153466671621000,1785153466671624000,1785153466671624000,1785153466671624000,121932490,121652369,-133.121,1.000,0.000,1.000,3.000,0.000,0.000,2.000,0,0,0
B3_zmq_pushpull,zmq_tcp,none,none,,1,30212,512,584,1785153466672672000,1785153466672672000,1785153466672672000,1785153466672673000,1785153466672731000,1785153466672733000,1785153466672733000,1785153466672733000,121932490,121652369,-222.121,0.000,0.000,1.000,2.000,0.000,0.000,89.000,0,0,0
B3_zmq_pushpull,zmq_tcp,none,none,,1,30213,512,584,1785153466673618000,1785153466673618000,1785153466673618000,1785153466673619000,1785153466673708000,1785153466673711000,1785153466673711000,1785153466673711000,121932490,121652369,-191.121,0.000,0.000,1.000,3.000,0.000,0.000,31.000,0,0,0
B3_zmq_pushpull,zmq_tcp,none,none,,1,30214,512,584,1785153466674635000,1785153466674635000,1785153466674635000,1785153466674636000,1785153466674805000,1785153466674808000,1785153466674808000,1785153466674808000,121932490,121652369,-111.121,0.000,0.000,1.000,3.000,0.000,0.000,80.000,0,0,0
B3_zmq_pushpull,zmq_tcp,none,none,,1,30215,512,584,1785153466675630000,1785153466675630000,1785153466675630000,1785153466675631000,1785153466675754000,1785153466675757000,1785153466675757000,1785153466675757000,121932490,121652369,-157.121,0.000,0.000,1.000,3.000,0.000,0.000,46.000,0,0,0
B3_zmq_pushpull,zmq_tcp,none,none,,1,30216,512,584,1785153466676632000,1785153466676633000,1785153466676633000,1785153466676634000,1785153466676747000,1785153466676749000,1785153466676749000,1785153466676749000,121932490,121652369,-167.121,1.000,0.000,1.000,2.000,0.000,0.000,10.000,0,0,0
B3_zmq_pushpull,zmq_tcp,none,none,,1,30217,512,584,1785153466677630000,1785153466677630000,1785153466677630000,1785153466677631000,1785153466677732000,1785153466677735000,1785153466677735000,1785153466677735000,121932490,121652369,-179.121,0.000,0.000,1.000,3.000,0.000,0.000,12.000,0,0,0
B3_zmq_pushpull,zmq_tcp,none,none,,1,30218,512,584,1785153466678633000,1785153466678633000,1785153466678633000,1785153466678634000,1785153466678714000,1785153466678717000,1785153466678717000,1785153466678717000,121932490,121652369,-200.121,0.000,0.000,1.000,3.000,0.000,0.000,21.000,0,0,0
B3_zmq_pushpull,zmq_tcp,none,none,,1,30219,512,584,1785153466679557000,1785153466679557000,1785153466679557000,1785153466679558000,1785153466679717000,1785153466679721000,1785153466679721000,1785153466679721000,121932490,121652369,-121.121,0.000,0.000,1.000,4.000,0.000,0.000,79.000,0,0,0
B3_zmq_pushpull,zmq_tcp,none,none,,1,30220,512,584,1785153466680533000,1785153466680533000,1785153466680533000,1785153466680535000,1785153466680677000,1785153466680680000,1785153466680680000,1785153466680680000,121932490,121652369,-138.121,0.000,0.000,2.000,3.000,0.000,0.000,17.000,0,0,0
B3_zmq_pushpull,zmq_tcp,none,none,,1,30221,512,584,1785153466681653000,1785153466681653000,1785153466681653000,1785153466681654000,1785153466681796000,1785153466681799000,1785153466681799000,1785153466681799000,121932490,121652369,-138.121,0.000,0.000,1.000,3.000,0.000,0.000,0.000,0,0,0
B3_zmq_pushpull,zmq_tcp,none,none,,1,30222,512,584,1785153466682628000,1785153466682629000,1785153466682629000,1785153466682630000,1785153466682775000,1785153466682777000,1785153466682777000,1785153466682777000,121932490,121652369,-135.121,1.000,0.000,1.000,2.000,0.000,0.000,3.000,0,0,0
B3_zmq_pushpull,zmq_tcp,none,none,,1,30223,512,584,1785153466683632000,1785153466683633000,1785153466683633000,1785153466683634000,1785153466683767000,1785153466683769000,1785153466683769000,1785153466683769000,121932490,121652369,-147.121,1.000,0.000,1.000,2.000,0.000,0.000,12.000,0,0,0
B3_zmq_pushpull,zmq_tcp,none,none,,1,30224,512,584,1785153466684628000,1785153466684628000,1785153466684628000,1785153466684629000,1785153466684744000,1785153466684746000,1785153466684746000,1785153466684746000,121932490,121652369,-165.121,0.000,0.000,1.000,2.000,0.000,0.000,18.000,0,0,0
B3_zmq_pushpull,zmq_tcp,none,none,,1,30225,512,584,1785153466685632000,1785153466685633000,1785153466685633000,1785153466685634000,1785153466685725000,1785153466685728000,1785153466685728000,1785153466685728000,121932490,121652369,-189.121,1.000,0.000,1.000,3.000,0.000,0.000,24.000,0,0,0
B3_zmq_pushpull,zmq_tcp,none,none,,1,30226,512,584,1785153466686636000,1785153466686636000,1785153466686636000,1785153466686637000,1785153466686825000,1785153466686828000,1785153466686828000,1785153466686828000,121932490,121652369,-92.121,0.000,0.000,1.000,3.000,0.000,0.000,97.000,0,0,0
B3_zmq_pushpull,zmq_tcp,none,none,,1,30227,512,584,1785153466687630000,1785153466687630000,1785153466687630000,1785153466687631000,1785153466687797000,1785153466687801000,1785153466687801000,1785153466687801000,121932490,121652369,-114.121,0.000,0.000,1.000,4.000,0.000,0.000,22.000,0,0,0
B3_zmq_pushpull,zmq_tcp,none,none,,1,30228,512,584,1785153466688633000,1785153466688633000,1785153466688633000,1785153466688634000,1785153466688775000,1785153466688777000,1785153466688777000,1785153466688777000,121932490,121652369,-139.121,0.000,0.000,1.000,2.000,0.000,0.000,25.000,0,0,0
B3_zmq_pushpull,zmq_tcp,none,none,,1,30229,512,584,1785153466689631000,1785153466689631000,1785153466689631000,1785153466689632000,1785153466689721000,1785153466689724000,1785153466689724000,1785153466689724000,121932490,121652369,-191.121,0.000,0.000,1.000,3.000,0.000,0.000,52.000,0,0,0
B3_zmq_pushpull,zmq_tcp,none,none,,1,30230,512,584,1785153466690631000,1785153466690631000,1785153466690631000,1785153466690632000,1785153466690698000,1785153466690701000,1785153466690701000,1785153466690701000,121932490,121652369,-214.121,0.000,0.000,1.000,3.000,0.000,0.000,23.000,0,0,0
B3_zmq_pushpull,zmq_tcp,none,none,,1,30231,512,584,1785153466691629000,1785153466691629000,1785153466691629000,1785153466691630000,1785153466691678000,1785153466691682000,1785153466691682000,1785153466691682000,121932490,121652369,-232.121,0.000,0.000,1.000,4.000,0.000,0.000,18.000,0,0,0
B3_zmq_pushpull,zmq_tcp,none,none,,1,30232,512,584,1785153466692509000,1785153466692509000,1785153466692509000,1785153466692510000,1785153466692663000,1785153466692666000,1785153466692666000,1785153466692666000,121932490,121652369,-127.121,0.000,0.000,1.000,3.000,0.000,0.000,105.000,0,0,0
B3_zmq_pushpull,zmq_tcp,none,none,,1,30233,512,584,1785153466693488000,1785153466693488000,1785153466693488000,1785153466693489000,1785153466693639000,1785153466693641000,1785153466693641000,1785153466693641000,121932490,121652369,-130.121,0.000,0.000,1.000,2.000,0.000,0.000,3.000,0,0,0
B3_zmq_pushpull,zmq_tcp,none,none,,1,30234,512,584,1785153466694460000,1785153466694461000,1785153466694461000,1785153466694462000,1785153466694602000,1785153466694605000,1785153466694605000,1785153466694605000,121932490,121652369,-140.121,1.000,0.000,1.000,3.000,0.000,0.000,10.000,0,0,0
B3_zmq_pushpull,zmq_tcp,none,none,,1,30235,512,584,1785153466695439000,1785153466695440000,1785153466695440000,1785153466695441000,1785153466695579000,1785153466695581000,1785153466695582000,1785153466695582000,121932490,121652369,-142.121,1.000,0.000,1.000,2.000,1.000,0.000,2.000,0,0,0
B3_zmq_pushpull,zmq_tcp,none,none,,1,30236,512,584,1785153466696546000,1785153466696547000,1785153466696547000,1785153466696548000,1785153466696700000,1785153466696702000,1785153466696702000,1785153466696702000,121932490,121652369,-128.121,1.000,0.000,1.000,2.000,0.000,0.000,14.000,0,0,0
B3_zmq_pushpull,zmq_tcp,none,none,,1,30237,512,584,1785153466697534000,1785153466697534000,1785153466697535000,1785153466697535000,1785153466697688000,1785153466697691000,1785153466697691000,1785153466697691000,121932490,121652369,-127.121,0.000,1.000,0.000,3.000,0.000,0.000,1.000,0,0,0
B3_zmq_pushpull,zmq_tcp,none,none,,1,30238,512,584,1785153466698525000,1785153466698525000,1785153466698526000,1785153466698526000,1785153466698678000,1785153466698681000,1785153466698681000,1785153466698681000,121932490,121652369,-128.121,0.000,1.000,0.000,3.000,0.000,0.000,1.000,0,0,0
B3_zmq_pushpull,zmq_tcp,none,none,,1,30239,512,584,1785153466699658000,1785153466699658000,1785153466699658000,1785153466699659000,1785153466699779000,1785153466699782000,1785153466699782000,1785153466699782000,121932490,121652369,-160.121,0.000,0.000,1.000,3.000,0.000,0.000,32.000,0,0,0
B3_zmq_pushpull,zmq_tcp,none,none,,1,30240,512,584,1785153466700625000,1785153466700625000,1785153466700625000,1785153466700626000,1785153466700770000,1785153466700772000,1785153466700772000,1785153466700772000,121932490,121652369,-136.121,0.000,0.000,1.000,2.000,0.000,0.000,24.000,0,0,0
B3_zmq_pushpull,zmq_tcp,none,none,,1,30241,512,584,1785153466701630000,1785153466701630000,1785153466701630000,1785153466701631000,1785153466701743000,1785153466701747000,1785153466701747000,1785153466701747000,121932490,121652369,-168.121,0.000,0.000,1.000,4.000,0.000,0.000,32.000,0,0,0
B3_zmq_pushpull,zmq_tcp,none,none,,1,30242,512,584,1785153466708254000,1785153466708257000,1785153466708258000,1785153466708261000,1785153466709129000,1785153466709159000,1785153466709159000,1785153466709159000,121932490,121652369,587.879,3.000,1.000,3.000,30.000,0.000,0.000,756.000,0,0,0
B3_zmq_pushpull,zmq_tcp,none,none,,1,30243,512,584,1785153466708330000,1785153466708331000,1785153466708331000,1785153466708332000,1785153466709132000,1785153466710084000,1785153466710085000,1785153466710085000,121932490,121652369,519.879,1.000,0.000,1.000,952.000,1.000,0.000,68.000,0,0,0
B3_zmq_pushpull,zmq_tcp,none,none,,1,30244,512,584,1785153466708333000,1785153466708333000,1785153466708333000,1785153466708335000,1785153466709132000,1785153466710090000,1785153466710090000,1785153466710090000,121932490,121652369,516.879,0.000,0.000,2.000,958.000,0.000,0.000,3.000,0,0,0
B3_zmq_pushpull,zmq_tcp,none,none,,1,30245,512,584,1785153466708335000,1785153466708335000,1785153466708335000,1785153466708337000,1785153466709132000,1785153466710094000,1785153466710094000,1785153466710094000,121932490,121652369,514.879,0.000,0.000,2.000,962.000,0.000,0.000,2.000,0,0,0
B3_zmq_pushpull,zmq_tcp,none,none,,1,30246,512,584,1785153466708337000,1785153466708337000,1785153466708337000,1785153466708339000,1785153466709133000,1785153466710098000,1785153466710098000,1785153466710098000,121932490,121652369,513.879,0.000,0.000,2.000,965.000,0.000,0.000,1.000,0,0,0
B3_zmq_pushpull,zmq_tcp,none,none,,1,30247,512,584,1785153466708339000,1785153466708339000,1785153466708339000,1785153466708341000,1785153466709133000,1785153466710101000,1785153466710101000,1785153466710101000,121932490,121652369,511.879,0.000,0.000,2.000,968.000,0.000,0.000,2.000,0,0,0
B3_zmq_pushpull,zmq_tcp,none,none,,1,30248,512,584,1785153466708562000,1785153466708563000,1785153466708563000,1785153466708565000,1785153466710322000,1785153466710350000,1785153466710350000,1785153466710350000,121932490,121652369,1476.879,1.000,0.000,2.000,28.000,0.000,0.000,965.000,0,0,0
B3_zmq_pushpull,zmq_tcp,none,none,,1,30249,512,584,1785153466710262000,1785153466710263000,1785153466710264000,1785153466710265000,1785153466710517000,1785153466710538000,1785153466710538000,1785153466710538000,121932490,121652369,-28.121,1.000,1.000,1.000,21.000,0.000,0.000,1505.000,0,0,0
B3_zmq_pushpull,zmq_tcp,none,none,,1,30250,512,584,1785153466710480000,1785153466710481000,1785153466710481000,1785153466710482000,1785153466710697000,1785153466710724000,1785153466710724000,1785153466710724000,121932490,121652369,-65.121,1.000,0.000,1.000,27.000,0.000,0.000,37.000,0,0,0
B3_zmq_pushpull,zmq_tcp,none,none,,1,30251,512,584,1785153466711538000,1785153466711538000,1785153466711539000,1785153466711541000,1785153466711695000,1785153466711703000,1785153466711704000,1785153466711704000,121932490,121652369,-126.121,0.000,1.000,2.000,8.000,1.000,0.000,61.000,0,0,0
B3_zmq_pushpull,zmq_tcp,none,none,,1,30252,512,584,1785153466712660000,1785153466712662000,1785153466712662000,1785153466712664000,1785153466712825000,1785153466712833000,1785153466712834000,1785153466712834000,121932490,121652369,-119.121,2.000,0.000,2.000,8.000,1.000,0.000,7.000,0,0,0
B3_zmq_pushpull,zmq_tcp,none,none,,1,30253,512,584,1785153466713559000,1785153466713560000,1785153466713560000,1785153466713562000,1785153466713746000,1785153466713753000,1785153466713754000,1785153466713754000,121932490,121652369,-96.121,1.000,0.000,2.000,7.000,1.000,0.000,23.000,0,0,0
B3_zmq_pushpull,zmq_tcp,none,none,,1,30254,512,584,1785153466714653000,1785153466714654000,1785153466714654000,1785153466714656000,1785153466714883000,1785153466714895000,1785153466714895000,1785153466714895000,121932490,121652369,-53.121,1.000,0.000,2.000,12.000,0.000,0.000,43.000,0,0,0
B3_zmq_pushpull,zmq_tcp,none,none,,1,30255,512,584,1785153466715643000,1785153466715644000,1785153466715645000,1785153466715647000,1785153466715720000,1785153466715728000,1785153466715728000,1785153466715728000,121932490,121652369,-207.121,1.000,1.000,2.000,8.000,0.000,0.000,154.000,0,0,0
B3_zmq_pushpull,zmq_tcp,none,none,,1,30256,512,584,1785153466716484000,1785153466716485000,1785153466716485000,1785153466716487000,1785153466716698000,1785153466716708000,1785153466716708000,1785153466716708000,121932490,121652369,-69.121,1.000,0.000,2.000,10.000,0.000,0.000,138.000,0,0,0
B3_zmq_pushpull,zmq_tcp,none,none,,1,30257,512,584,1785153466717690000,1785153466717690000,1785153466717690000,1785153466717692000,1785153466717942000,1785153466717951000,1785153466717951000,1785153466717951000,121932490,121652369,-30.121,0.000,0.000,2.000,9.000,0.000,0.000,39.000,0,0,0
B3_zmq_pushpull,zmq_tcp,none,none,,1,30258,512,584,1785153466718602000,1785153466718603000,1785153466718603000,1785153466718605000,1785153466718678000,1785153466718685000,1785153466718685000,1785153466718685000,121932490,121652369,-207.121,1.000,0.000,2.000,7.000,0.000,0.000,177.000,0,0,0
B3_zmq_pushpull,zmq_tcp,none,none,,1,30259,512,584,1785153466719642000,1785153466719643000,1785153466719643000,1785153466719645000,1785153466719716000,1785153466719723000,1785153466719724000,1785153466719724000,121932490,121652369,-209.121,1.000,0.000,2.000,7.000,1.000,0.000,2.000,0,0,0
B3_zmq_pushpull,zmq_tcp,none,none,,1,30260,512,584,1785153466720445000,1785153466720446000,1785153466720446000,1785153466720448000,1785153466720634000,1785153466720641000,1785153466720642000,1785153466720642000,121932490,121652369,-94.121,1.000,0.000,2.000,7.000,1.000,0.000,115.000,0,0,0
B3_zmq_pushpull,zmq_tcp,none,none,,1,30261,512,584,1785153466721507000,1785153466721508000,1785153466721508000,1785153466721510000,1785153466721666000,1785153466721674000,1785153466721674000,1785153466721674000,121932490,121652369,-124.121,1.000,0.000,2.000,8.000,0.000,0.000,30.000,0,0,0
B3_zmq_pushpull,zmq_tcp,none,none,,1,30262,512,584,1785153466722664000,1785153466722665000,1785153466722665000,1785153466722666000,1785153466722723000,1785153466722729000,1785153466722729000,1785153466722729000,121932490,121652369,-223.121,1.000,0.000,1.000,6.000,0.000,0.000,99.000,0,0,0
B3_zmq_pushpull,zmq_tcp,none,none,,1,30263,512,584,1785153466723688000,1785153466723689000,1785153466723689000,1785153466723691000,1785153466723847000,1785153466723855000,1785153466723856000,1785153466723856000,121932490,121652369,-124.121,1.000,0.000,2.000,8.000,1.000,0.000,99.000,0,0,0
B3_zmq_pushpull,zmq_tcp,none,none,,1,30264,512,584,1785153466724655000,1785153466724656000,1785153466724656000,1785153466724658000,1785153466724824000,1785153466724828000,1785153466724829000,1785153466724829000,121932490,121652369,-114.121,1.000,0.000,2.000,4.000,1.000,0.000,10.000,0,0,0
B3_zmq_pushpull,zmq_tcp,none,none,,1,30265,512,584,1785153466725627000,1785153466725627000,1785153466725627000,1785153466725629000,1785153466725711000,1785153466725715000,1785153466725715000,1785153466725715000,121932490,121652369,-198.121,0.000,0.000,2.000,4.000,0.000,0.000,84.000,0,0,0
B3_zmq_pushpull,zmq_tcp,none,none,,1,30266,512,584,1785153466726637000,1785153466726638000,1785153466726638000,1785153466726639000,1785153466726721000,1785153466726725000,1785153466726725000,1785153466726725000,121932490,121652369,-198.121,1.000,0.000,1.000,4.000,0.000,0.000,0.000,0,0,0
B3_zmq_pushpull,zmq_tcp,none,none,,1,30267,512,584,1785153466727474000,1785153466727474000,1785153466727474000,1785153466727476000,1785153466727613000,1785153466727617000,1785153466727617000,1785153466727617000,121932490,121652369,-143.121,0.000,0.000,2.000,4.000,0.000,0.000,55.000,0,0,0
B3_zmq_pushpull,zmq_tcp,none,none,,1,30268,512,584,1785153466728741000,1785153466728742000,1785153466728743000,1785153466728745000,1785153466728928000,1785153466728938000,1785153466728939000,1785153466728939000,121932490,121652369,-97.121,1.000,1.000,2.000,10.000,1.000,0.000,46.000,0,0,0
B3_zmq_pushpull,zmq_tcp,none,none,,1,30269,512,584,1785153466729603000,1785153466729604000,1785153466729605000,1785153466729606000,1785153466729695000,1785153466729705000,1785153466729706000,1785153466729706000,121932490,121652369,-191.121,1.000,1.000,1.000,10.000,1.000,0.000,94.000,0,0,0
B3_zmq_pushpull,zmq_tcp,none,none,,1,30270,512,584,1785153466730641000,1785153466730642000,1785153466730642000,1785153466730644000,1785153466730742000,1785153466730750000,1785153466730751000,1785153466730751000,121932490,121652369,-182.121,1.000,0.000,2.000,8.000,1.000,0.000,9.000,0,0,0
B3_zmq_pushpull,zmq_tcp,none,none,,1,30271,512,584,1785153466731632000,1785153466731633000,1785153466731633000,1785153466731635000,1785153466731783000,1785153466731791000,1785153466731791000,1785153466731791000,121932490,121652369,-132.121,1.000,0.000,2.000,8.000,0.000,0.000,50.000,0,0,0
B3_zmq_pushpull,zmq_tcp,none,none,,1,30272,512,584,1785153466732703000,1785153466732704000,1785153466732704000,1785153466732706000,1785153466732873000,1785153466732881000,1785153466732882000,1785153466732882000,121932490,121652369,-113.121,1.000,0.000,2.000,8.000,1.000,0.000,19.000,0,0,0
B3_zmq_pushpull,zmq_tcp,none,none,,1,30273,512,584,1785153466733617000,1785153466733618000,1785153466733618000,1785153466733620000,1785153466733781000,1785153466733785000,1785153466733785000,1785153466733785000,121932490,121652369,-119.121,1.000,0.000,2.000,4.000,0.000,0.000,6.000,0,0,0
B3_zmq_pushpull,zmq_tcp,none,none,,1,30274,512,584,1785153466734493000,1785153466734493000,1785153466734493000,1785153466734494000,1785153466734649000,1785153466734653000,1785153466734653000,1785153466734653000,121932490,121652369,-125.121,0.000,0.000,1.000,4.000,0.000,0.000,6.000,0,0,0
B3_zmq_pushpull,zmq_tcp,none,none,,1,30275,512,584,1785153466735648000,1785153466735648000,1785153466735648000,1785153466735649000,1785153466735802000,1785153466735807000,1785153466735807000,1785153466735807000,121932490,121652369,-127.121,0.000,0.000,1.000,5.000,0.000,0.000,2.000,0,0,0
B3_zmq_pushpull,zmq_tcp,none,none,,1,30276,512,584,1785153466736515000,1785153466736515000,1785153466736515000,1785153466736516000,1785153466736669000,1785153466736672000,1785153466736672000,1785153466736672000,121932490,121652369,-127.121,0.000,0.000,1.000,3.000,0.000,0.000,0.000,0,0,0
B3_zmq_pushpull,zmq_tcp,none,none,,1,30277,512,584,1785153466737664000,1785153466737664000,1785153466737664000,1785153466737665000,1785153466737835000,1785153466737838000,1785153466737838000,1785153466737838000,121932490,121652369,-110.121,0.000,0.000,1.000,3.000,0.000,0.000,17.000,0,0,0
B3_zmq_pushpull,zmq_tcp,none,none,,1,30278,512,584,1785153466738625000,1785153466738625000,1785153466738625000,1785153466738626000,1785153466738691000,1785153466738694000,1785153466738694000,1785153466738694000,121932490,121652369,-215.121,0.000,0.000,1.000,3.000,0.000,0.000,105.000,0,0,0
B3_zmq_pushpull,zmq_tcp,none,none,,1,30279,512,584,1785153466739635000,1785153466739635000,1785153466739636000,1785153466739636000,1785153466739708000,1785153466739711000,1785153466739711000,1785153466739711000,121932490,121652369,-208.121,0.000,1.000,0.000,3.000,0.000,0.000,7.000,0,0,0
B3_zmq_pushpull,zmq_tcp,none,none,,1,30280,512,584,1785153466740629000,1785153466740629000,1785153466740629000,1785153466740630000,1785153466740705000,1785153466740709000,1785153466740709000,1785153466740709000,121932490,121652369,-205.121,0.000,0.000,1.000,4.000,0.000,0.000,3.000,0,0,0
B3_zmq_pushpull,zmq_tcp,none,none,,1,30281,512,584,1785153466741634000,1785153466741634000,1785153466741634000,1785153466741635000,1785153466741709000,1785153466741712000,1785153466741712000,1785153466741712000,121932490,121652369,-206.121,0.000,0.000,1.000,3.000,0.000,0.000,1.000,0,0,0
B3_zmq_pushpull,zmq_tcp,none,none,,1,30282,512,584,1785153466742636000,1785153466742636000,1785153466742637000,1785153466742638000,1785153466742697000,1785153466742701000,1785153466742701000,1785153466742701000,121932490,121652369,-221.121,0.000,1.000,1.000,4.000,0.000,0.000,15.000,0,0,0
B3_zmq_pushpull,zmq_tcp,none,none,,1,30283,512,584,1785153466743630000,1785153466743630000,1785153466743630000,1785153466743631000,1785153466743694000,1785153466743697000,1785153466743697000,1785153466743697000,121932490,121652369,-217.121,0.000,0.000,1.000,3.000,0.000,0.000,4.000,0,0,0
B3_zmq_pushpull,zmq_tcp,none,none,,1,30284,512,584,1785153466744635000,1785153466744635000,1785153466744635000,1785153466744636000,1785153466744698000,1785153466744701000,1785153466744701000,1785153466744701000,121932490,121652369,-218.121,0.000,0.000,1.000,3.000,0.000,0.000,1.000,0,0,0
B3_zmq_pushpull,zmq_tcp,none,none,,1,30285,512,584,1785153466745635000,1785153466745636000,1785153466745636000,1785153466745637000,1785153466745708000,1785153466745711000,1785153466745711000,1785153466745711000,121932490,121652369,-209.121,1.000,0.000,1.000,3.000,0.000,0.000,9.000,0,0,0
B3_zmq_pushpull,zmq_tcp,none,none,,1,30286,512,584,1785153466746633000,1785153466746633000,1785153466746633000,1785153466746634000,1785153466746700000,1785153466746703000,1785153466746703000,1785153466746703000,121932490,121652369,-214.121,0.000,0.000,1.000,3.000,0.000,0.000,5.000,0,0,0
B3_zmq_pushpull,zmq_tcp,none,none,,1,30287,512,584,1785153466747561000,1785153466747561000,1785153466747561000,1785153466747562000,1785153466747720000,1785153466747723000,1785153466747723000,1785153466747723000,121932490,121652369,-122.121,0.000,0.000,1.000,3.000,0.000,0.000,92.000,0,0,0
B3_zmq_pushpull,zmq_tcp,none,none,,1,30288,512,584,1785153466748563000,1785153466748563000,1785153466748563000,1785153466748564000,1785153466748723000,1785153466748725000,1785153466748726000,1785153466748726000,121932490,121652369,-121.121,0.000,0.000,1.000,2.000,1.000,0.000,1.000,0,0,0
B3_zmq_pushpull,zmq_tcp,none,none,,1,30289,512,584,1785153466749649000,1785153466749649000,1785153466749649000,1785153466749650000,1785153466749725000,1785153466749728000,1785153466749728000,1785153466749728000,121932490,121652369,-205.121,0.000,0.000,1.000,3.000,0.000,0.000,84.000,0,0,0
B3_zmq_pushpull,zmq_tcp,none,none,,1,30290,512,584,1785153466750558000,1785153466750558000,1785153466750558000,1785153466750559000,1785153466750717000,1785153466750720000,1785153466750720000,1785153466750720000,121932490,121652369,-122.121,0.000,0.000,1.000,3.000,0.000,0.000,83.000,0,0,0
B3_zmq_pushpull,zmq_tcp,none,none,,1,30291,512,584,1785153466751654000,1785153466751654000,1785153466751654000,1785153466751655000,1785153466751718000,1785153466751722000,1785153466751722000,1785153466751722000,121932490,121652369,-217.121,0.000,0.000,1.000,4.000,0.000,0.000,95.000,0,0,0
B3_zmq_pushpull,zmq_tcp,none,none,,1,30292,512,584,1785153466752627000,1785153466752627000,1785153466752627000,1785153466752628000,1785153466752706000,1785153466752709000,1785153466752709000,1785153466752709000,121932490,121652369,-202.121,0.000,0.000,1.000,3.000,0.000,0.000,15.000,0,0,0
B3_zmq_pushpull,zmq_tcp,none,none,,1,30293,512,584,1785153466753635000,1785153466753636000,1785153466753636000,1785153466753637000,1785153466753709000,1785153466753712000,1785153466753712000,1785153466753712000,121932490,121652369,-208.121,1.000,0.000,1.000,3.000,0.000,0.000,6.000,0,0,0
B3_zmq_pushpull,zmq_tcp,none,none,,1,30294,512,584,1785153466754631000,1785153466754631000,1785153466754631000,1785153466754632000,1785153466754711000,1785153466754714000,1785153466754714000,1785153466754714000,121932490,121652369,-201.121,0.000,0.000,1.000,3.000,0.000,0.000,7.000,0,0,0
B3_zmq_pushpull,zmq_tcp,none,none,,1,30295,512,584,1785153466755635000,1785153466755635000,1785153466755635000,1785153466755636000,1785153466755712000,1785153466755715000,1785153466755715000,1785153466755715000,121932490,121652369,-204.121,0.000,0.000,1.000,3.000,0.000,0.000,3.000,0,0,0
B3_zmq_pushpull,zmq_tcp,none,none,,1,30296,512,584,1785153466756557000,1785153466756557000,1785153466756557000,1785153466756558000,1785153466756706000,1785153466756709000,1785153466756709000,1785153466756709000,121932490,121652369,-132.121,0.000,0.000,1.000,3.000,0.000,0.000,72.000,0,0,0
B3_zmq_pushpull,zmq_tcp,none,none,,1,30297,512,584,1785153466757549000,1785153466757550000,1785153466757550000,1785153466757551000,1785153466757712000,1785153466757715000,1785153466757715000,1785153466757715000,121932490,121652369,-119.121,1.000,0.000,1.000,3.000,0.000,0.000,13.000,0,0,0
B3_zmq_pushpull,zmq_tcp,none,none,,1,30298,512,584,1785153466758653000,1785153466758653000,1785153466758653000,1785153466758654000,1785153466758712000,1785153466758715000,1785153466758715000,1785153466758715000,121932490,121652369,-222.121,0.000,0.000,1.000,3.000,0.000,0.000,103.000,0,0,0
B3_zmq_pushpull,zmq_tcp,none,none,,1,30299,512,584,1785153466759628000,1785153466759628000,1785153466759628000,1785153466759629000,1785153466759717000,1785153466759719000,1785153466759719000,1785153466759719000,121932490,121652369,-192.121,0.000,0.000,1.000,2.000,0.000,0.000,30.000,0,0,0
B3_zmq_pushpull,zmq_tcp,none,none,,1,30300,512,584,1785153466760634000,1785153466760634000,1785153466760634000,1785153466760635000,1785153466760741000,1785153466760749000,1785153466760749000,1785153466760749000,121932490,121652369,-174.121,0.000,0.000,1.000,8.000,0.000,0.000,18.000,0,0,0
B3_zmq_pushpull,zmq_tcp,none,none,,1,30301,512,584,1785153466761634000,1785153466761634000,1785153466761634000,1785153466761635000,1785153466761757000,1785153466761760000,1785153466761760000,1785153466761760000,121932490,121652369,-158.121,0.000,0.000,1.000,3.000,0.000,0.000,16.000,0,0,0
B3_zmq_pushpull,zmq_tcp,none,none,,1,30302,512,584,1785153466762632000,1785153466762632000,1785153466762632000,1785153466762633000,1785153466762747000,1785153466762750000,1785153466762750000,1785153466762750000,121932490,121652369,-166.121,0.000,0.000,1.000,3.000,0.000,0.000,8.000,0,0,0
B3_zmq_pushpull,zmq_tcp,none,none,,1,30303,512,584,1785153466763438000,1785153466763438000,1785153466763438000,1785153466763439000,1785153466763587000,1785153466763590000,1785153466763590000,1785153466763590000,121932490,121652369,-132.121,0.000,0.000,1.000,3.000,0.000,0.000,34.000,0,0,0
B3_zmq_pushpull,zmq_tcp,none,none,,1,30304,512,584,1785153466764681000,1785153466764681000,1785153466764681000,1785153466764682000,1785153466764855000,1785153466764858000,1785153466764858000,1785153466764858000,121932490,121652369,-107.121,0.000,0.000,1.000,3.000,0.000,0.000,25.000,0,0,0
B3_zmq_pushpull,zmq_tcp,none,none,,1,30305,512,584,1785153466765619000,1785153466765620000,1785153466765620000,1785153466765621000,1785153466765734000,1785153466765737000,1785153466765737000,1785153466765737000,121932490,121652369,-167.121,1.000,0.000,1.000,3.000,0.000,0.000,60.000,0,0,0
B3_zmq_pushpull,zmq_tcp,none,none,,1,30306,512,584,1785153466766641000,1785153466766641000,1785153466766641000,1785153466766642000,1785153466766718000,1785153466766720000,1785153466766721000,1785153466766721000,121932490,121652369,-204.121,0.000,0.000,1.000,2.000,1.000,0.000,37.000,0,0,0
B3_zmq_pushpull,zmq_tcp,none,none,,1,30307,512,584,1785153466767634000,1785153466767634000,1785153466767634000,1785153466767635000,1785153466767709000,1785153466767712000,1785153466767712000,1785153466767712000,121932490,121652369,-206.121,0.000,0.000,1.000,3.000,0.000,0.000,2.000,0,0,0
B3_zmq_pushpull,zmq_tcp,none,none,,1,30308,512,584,1785153466768634000,1785153466768634000,1785153466768634000,1785153466768635000,1785153466768714000,1785153466768717000,1785153466768717000,1785153466768717000,121932490,121652369,-201.121,0.000,0.000,1.000,3.000,0.000,0.000,5.000,0,0,0
B3_zmq_pushpull,zmq_tcp,none,none,,1,30309,512,584,1785153466769631000,1785153466769632000,1785153466769632000,1785153466769633000,1785153466769720000,1785153466769723000,1785153466769723000,1785153466769723000,121932490,121652369,-193.121,1.000,0.000,1.000,3.000,0.000,0.000,8.000,0,0,0
B3_zmq_pushpull,zmq_tcp,none,none,,1,30310,512,584,1785153466770635000,1785153466770635000,1785153466770635000,1785153466770636000,1785153466770708000,1785153466770711000,1785153466770711000,1785153466770711000,121932490,121652369,-208.121,0.000,0.000,1.000,3.000,0.000,0.000,15.000,0,0,0
B3_zmq_pushpull,zmq_tcp,none,none,,1,30311,512,584,1785153466771635000,1785153466771636000,1785153466771636000,1785153466771637000,1785153466771715000,1785153466771718000,1785153466771719000,1785153466771719000,121932490,121652369,-202.121,1.000,0.000,1.000,3.000,1.000,0.000,6.000,0,0,0
B3_zmq_pushpull,zmq_tcp,none,none,,1,30312,512,584,1785153466772629000,1785153466772629000,1785153466772629000,1785153466772630000,1785153466772705000,1785153466772708000,1785153466772708000,1785153466772708000,121932490,121652369,-205.121,0.000,0.000,1.000,3.000,0.000,0.000,3.000,0,0,0
B3_zmq_pushpull,zmq_tcp,none,none,,1,30313,512,584,1785153466773555000,1785153466773555000,1785153466773555000,1785153466773556000,1785153466773711000,1785153466773714000,1785153466773714000,1785153466773714000,121932490,121652369,-125.121,0.000,0.000,1.000,3.000,0.000,0.000,80.000,0,0,0
B3_zmq_pushpull,zmq_tcp,none,none,,1,30314,512,584,1785153466774655000,1785153466774655000,1785153466774655000,1785153466774656000,1785153466774856000,1785153466774859000,1785153466774859000,1785153466774859000,121932490,121652369,-80.121,0.000,0.000,1.000,3.000,0.000,0.000,45.000,0,0,0
B3_zmq_pushpull,zmq_tcp,none,none,,1,30315,512,584,1785153466775627000,1785153466775628000,1785153466775628000,1785153466775629000,1785153466775723000,1785153466775726000,1785153466775726000,1785153466775726000,121932490,121652369,-186.121,1.000,0.000,1.000,3.000,0.000,0.000,106.000,0,0,0
B3_zmq_pushpull,zmq_tcp,none,none,,1,30316,512,584,1785153466776634000,1785153466776634000,1785153466776634000,1785153466776635000,1785153466776729000,1785153466776732000,1785153466776732000,1785153466776732000,121932490,121652369,-186.121,0.000,0.000,1.000,3.000,0.000,0.000,0.000,0,0,0
B3_zmq_pushpull,zmq_tcp,none,none,,1,30317,512,584,1785153466777632000,1785153466777632000,1785153466777632000,1785153466777634000,1785153466777727000,1785153466777730000,1785153466777730000,1785153466777731000,121932490,121652369,-187.121,0.000,0.000,2.000,3.000,0.000,1.000,1.000,0,0,0
B3_zmq_pushpull,zmq_tcp,none,none,,1,30318,512,584,1785153466778634000,1785153466778634000,1785153466778634000,1785153466778635000,1785153466778725000,1785153466778728000,1785153466778728000,1785153466778728000,121932490,121652369,-190.121,0.000,0.000,1.000,3.000,0.000,0.000,3.000,0,0,0
B3_zmq_pushpull,zmq_tcp,none,none,,1,30319,512,584,1785153466779636000,1785153466779636000,1785153466779636000,1785153466779637000,1785153466779738000,1785153466779741000,1785153466779741000,1785153466779741000,121932490,121652369,-179.121,0.000,0.000,1.000,3.000,0.000,0.000,11.000,0,0,0
B3_zmq_pushpull,zmq_tcp,none,none,,1,30320,512,584,1785153466780633000,1785153466780633000,1785153466780633000,1785153466780634000,1785153466780742000,1785153466780745000,1785153466780745000,1785153466780745000,121932490,121652369,-172.121,0.000,0.000,1.000,3.000,0.000,0.000,7.000,0,0,0
B3_zmq_pushpull,zmq_tcp,none,none,,1,30321,512,584,1785153466781635000,1785153466781635000,1785153466781635000,1785153466781636000,1785153466781754000,1785153466781762000,1785153466781762000,1785153466781762000,121932490,121652369,-162.121,0.000,0.000,1.000,8.000,0.000,0.000,10.000,0,0,0
B3_zmq_pushpull,zmq_tcp,none,none,,1,30322,512,584,1785153466782470000,1785153466782470000,1785153466782470000,1785153466782471000,1785153466782616000,1785153466782619000,1785153466782619000,1785153466782619000,121932490,121652369,-135.121,0.000,0.000,1.000,3.000,0.000,0.000,27.000,0,0,0
B3_zmq_pushpull,zmq_tcp,none,none,,1,30323,512,584,1785153466783675000,1785153466783675000,1785153466783675000,1785153466783676000,1785153466783762000,1785153466783764000,1785153466783764000,1785153466783764000,121932490,121652369,-194.121,0.000,0.000,1.000,2.000,0.000,0.000,59.000,0,0,0
B3_zmq_pushpull,zmq_tcp,none,none,,1,30324,512,584,1785153466784622000,1785153466784622000,1785153466784622000,1785153466784623000,1785153466784765000,1785153466784768000,1785153466784768000,1785153466784768000,121932490,121652369,-138.121,0.000,0.000,1.000,3.000,0.000,0.000,56.000,0,0,0
B3_zmq_pushpull,zmq_tcp,none,none,,1,30325,512,584,1785153466785635000,1785153466785636000,1785153466785636000,1785153466785637000,1785153466785764000,1785153466785767000,1785153466785767000,1785153466785767000,121932490,121652369,-153.121,1.000,0.000,1.000,3.000,0.000,0.000,15.000,0,0,0
B3_zmq_pushpull,zmq_tcp,none,none,,1,30326,512,584,1785153466786631000,1785153466786631000,1785153466786631000,1785153466786632000,1785153466786776000,1785153466786779000,1785153466786779000,1785153466786779000,121932490,121652369,-136.121,0.000,0.000,1.000,3.000,0.000,0.000,17.000,0,0,0
B3_zmq_pushpull,zmq_tcp,none,none,,1,30327,512,584,1785153466787636000,1785153466787636000,1785153466787636000,1785153466787637000,1785153466787754000,1785153466787756000,1785153466787756000,1785153466787757000,121932490,121652369,-163.121,0.000,0.000,1.000,2.000,0.000,1.000,27.000,0,0,0
B3_zmq_pushpull,zmq_tcp,none,none,,1,30328,512,584,1785153466788632000,1785153466788632000,1785153466788633000,1785153466788633000,1785153466788759000,1785153466788762000,1785153466788762000,1785153466788762000,121932490,121652369,-154.121,0.000,1.000,0.000,3.000,0.000,0.000,9.000,0,0,0
B3_zmq_pushpull,zmq_tcp,none,none,,1,30329,512,584,1785153466789633000,1785153466789633000,1785153466789633000,1785153466789634000,1785153466789767000,1785153466789770000,1785153466789770000,1785153466789770000,121932490,121652369,-147.121,0.000,0.000,1.000,3.000,0.000,0.000,7.000,0,0,0
B3_zmq_pushpull,zmq_tcp,none,none,,1,30330,512,584,1785153466790632000,1785153466790632000,1785153466790632000,1785153466790633000,1785153466790770000,1785153466790772000,1785153466790772000,1785153466790772000,121932490,121652369,-143.121,0.000,0.000,1.000,2.000,0.000,0.000,4.000,0,0,0
B3_zmq_pushpull,zmq_tcp,none,none,,1,30331,512,584,1785153466791634000,1785153466791634000,1785153466791634000,1785153466791635000,1785153466791777000,1785153466791780000,1785153466791780000,1785153466791780000,121932490,121652369,-138.121,0.000,0.000,1.000,3.000,0.000,0.000,5.000,0,0,0
B3_zmq_pushpull,zmq_tcp,none,none,,1,30332,512,584,1785153466792476000,1785153466792476000,1785153466792476000,1785153466792478000,1785153466792624000,1785153466792628000,1785153466792628000,1785153466792628000,121932490,121652369,-134.121,0.000,0.000,2.000,4.000,0.000,0.000,4.000,0,0,0
B3_zmq_pushpull,zmq_tcp,none,none,,1,30333,512,584,1785153466793675000,1785153466793676000,1785153466793676000,1785153466793677000,1785153466793772000,1785153466793775000,1785153466793775000,1785153466793775000,121932490,121652369,-185.121,1.000,0.000,1.000,3.000,0.000,0.000,51.000,0,0,0
B3_zmq_pushpull,zmq_tcp,none,none,,1,30334,512,584,1785153466794620000,1785153466794621000,1785153466794621000,1785153466794622000,1785153466794782000,1785153466794785000,1785153466794785000,1785153466794785000,121932490,121652369,-120.121,1.000,0.000,1.000,3.000,0.000,0.000,65.000,0,0,0
B3_zmq_pushpull,zmq_tcp,none,none,,1,30335,512,584,1785153466795635000,1785153466795636000,1785153466795636000,1785153466795637000,1785153466795800000,1785153466795803000,1785153466795803000,1785153466795803000,121932490,121652369,-117.121,1.000,0.000,1.000,3.000,0.000,0.000,3.000,0,0,0
B3_zmq_pushpull,zmq_tcp,none,none,,1,30336,512,584,1785153466796634000,1785153466796634000,1785153466796634000,1785153466796635000,1785153466796818000,1785153466796820000,1785153466796820000,1785153466796820000,121932490,121652369,-97.121,0.000,0.000,1.000,2.000,0.000,0.000,20.000,0,0,0
B3_zmq_pushpull,zmq_tcp,none,none,,1,30337,512,584,1785153466797532000,1785153466797532000,1785153466797533000,1785153466797533000,1785153466797691000,1785153466797694000,1785153466797694000,1785153466797694000,121932490,121652369,-122.121,0.000,1.000,0.000,3.000,0.000,0.000,25.000,0,0,0
B3_zmq_pushpull,zmq_tcp,none,none,,1,30338,512,584,1785153466798544000,1785153466798544000,1785153466798544000,1785153466798546000,1785153466798703000,1785153466798707000,1785153466798707000,1785153466798707000,121932490,121652369,-123.121,0.000,0.000,2.000,4.000,0.000,0.000,1.000,0,0,0
B3_zmq_pushpull,zmq_tcp,none,none,,1,30339,512,584,1785153466799657000,1785153466799657000,1785153466799657000,1785153466799658000,1785153466799707000,1785153466799711000,1785153466799711000,1785153466799711000,121932490,121652369,-231.121,0.000,0.000,1.000,4.000,0.000,0.000,108.000,0,0,0
B3_zmq_pushpull,zmq_tcp,none,none,,1,30340,512,584,1785153466800630000,1785153466800630000,1785153466800630000,1785153466800631000,1785153466800710000,1785153466800713000,1785153466800713000,1785153466800713000,121932490,121652369,-201.121,0.000,0.000,1.000,3.000,0.000,0.000,30.000,0,0,0
B3_zmq_pushpull,zmq_tcp,none,none,,1,30341,512,584,1785153466801637000,1785153466801637000,1785153466801637000,1785153466801638000,1785153466801722000,1785153466801724000,1785153466801724000,1785153466801724000,121932490,121652369,-196.121,0.000,0.000,1.000,2.000,0.000,0.000,5.000,0,0,0
B3_zmq_pushpull,zmq_tcp,none,none,,1,30342,512,584,1785153466802634000,1785153466802634000,1785153466802634000,1785153466802635000,1785153466802728000,1785153466802731000,1785153466802731000,1785153466802731000,121932490,121652369,-187.121,0.000,0.000,1.000,3.000,0.000,0.000,9.000,0,0,0
B3_zmq_pushpull,zmq_tcp,none,none,,1,30343,512,584,1785153466803633000,1785153466803633000,1785153466803633000,1785153466803634000,1785153466803740000,1785153466803747000,1785153466803747000,1785153466803747000,121932490,121652369,-174.121,0.000,0.000,1.000,7.000,0.000,0.000,13.000,0,0,0
B3_zmq_pushpull,zmq_tcp,none,none,,1,30344,512,584,1785153466804631000,1785153466804631000,1785153466804631000,1785153466804632000,1785153466804757000,1785153466804761000,1785153466804761000,1785153466804761000,121932490,121652369,-155.121,0.000,0.000,1.000,4.000,0.000,0.000,19.000,0,0,0
B3_zmq_pushpull,zmq_tcp,none,none,,1,30345,512,584,1785153466805633000,1785153466805633000,1785153466805633000,1785153466805634000,1785153466805754000,1785153466805761000,1785153466805761000,1785153466805761000,121932490,121652369,-160.121,0.000,0.000,1.000,7.000,0.000,0.000,5.000,0,0,0
B3_zmq_pushpull,zmq_tcp,none,none,,1,30346,512,584,1785153466806634000,1785153466806634000,1785153466806634000,1785153466806635000,1785153466806766000,1785153466806768000,1785153466806768000,1785153466806769000,121932490,121652369,-149.121,0.000,0.000,1.000,2.000,0.000,1.000,11.000,0,0,0
B3_zmq_pushpull,zmq_tcp,none,none,,1,30347,512,584,1785153466807631000,1785153466807631000,1785153466807631000,1785153466807632000,1785153466807764000,1785153466807767000,1785153466807767000,1785153466807767000,121932490,121652369,-148.121,0.000,0.000,1.000,3.000,0.000,0.000,1.000,0,0,0
B3_zmq_pushpull,zmq_tcp,none,none,,1,30348,512,584,1785153466808466000,1785153466808466000,1785153466808466000,1785153466808467000,1785153466808622000,1785153466808625000,1785153466808625000,1785153466808625000,121932490,121652369,-125.121,0.000,0.000,1.000,3.000,0.000,0.000,23.000,0,0,0
B3_zmq_pushpull,zmq_tcp,none,none,,1,30349,512,584,1785153466809674000,1785153466809674000,1785153466809675000,1785153466809675000,1785153466809764000,1785153466809767000,1785153466809767000,1785153466809767000,121932490,121652369,-191.121,0.000,1.000,0.000,3.000,0.000,0.000,66.000,0,0,0
B3_zmq_pushpull,zmq_tcp,none,none,,1,30350,512,584,1785153466810622000,1785153466810622000,1785153466810622000,1785153466810623000,1785153466810767000,1785153466810770000,1785153466810770000,1785153466810770000,121932490,121652369,-136.121,0.000,0.000,1.000,3.000,0.000,0.000,55.000,0,0,0
B3_zmq_pushpull,zmq_tcp,none,none,,1,30351,512,584,1785153466811636000,1785153466811636000,1785153466811636000,1785153466811637000,1785153466811757000,1785153466811760000,1785153466811760000,1785153466811760000,121932490,121652369,-160.121,0.000,0.000,1.000,3.000,0.000,0.000,24.000,0,0,0
B3_zmq_pushpull,zmq_tcp,none,none,,1,30352,512,584,1785153466812529000,1785153466812529000,1785153466812529000,1785153466812531000,1785153466812623000,1785153466812627000,1785153466812627000,1785153466812627000,121932490,121652369,-188.121,0.000,0.000,2.000,4.000,0.000,0.000,28.000,0,0,0
B3_zmq_pushpull,zmq_tcp,none,none,,1,30353,512,584,1785153466813476000,1785153466813476000,1785153466813476000,1785153466813477000,1785153466813620000,1785153466813623000,1785153466813623000,1785153466813623000,121932490,121652369,-137.121,0.000,0.000,1.000,3.000,0.000,0.000,51.000,0,0,0
B3_zmq_pushpull,zmq_tcp,none,none,,1,30354,512,584,1785153466814670000,1785153466814670000,1785153466814670000,1785153466814671000,1785153466814754000,1785153466814756000,1785153466814756000,1785153466814757000,121932490,121652369,-197.121,0.000,0.000,1.000,2.000,0.000,1.000,60.000,0,0,0
B3_zmq_pushpull,zmq_tcp,none,none,,1,30355,512,584,1785153466815623000,1785153466815624000,1785153466815624000,1785153466815625000,1785153466815751000,1785153466815754000,1785153466815754000,1785153466815754000,121932490,121652369,-154.121,1.000,0.000,1.000,3.000,0.000,0.000,43.000,0,0,0
B3_zmq_pushpull,zmq_tcp,none,none,,1,30356,512,584,1785153466816636000,1785153466816637000,1785153466816637000,1785153466816638000,1785153466816750000,1785153466816753000,1785153466816753000,1785153466816753000,121932490,121652369,-168.121,1.000,0.000,1.000,3.000,0.000,0.000,14.000,0,0,0
B3_zmq_pushpull,zmq_tcp,none,none,,1,30357,512,584,1785153466817628000,1785153466817628000,1785153466817628000,1785153466817629000,1785153466817772000,1785153466817774000,1785153466817774000,1785153466817774000,121932490,121652369,-137.121,0.000,0.000,1.000,2.000,0.000,0.000,31.000,0,0,0
B3_zmq_pushpull,zmq_tcp,none,none,,1,30358,512,584,1785153466818637000,1785153466818637000,1785153466818637000,1785153466818638000,1785153466818767000,1785153466818770000,1785153466818770000,1785153466818770000,121932490,121652369,-151.121,0.000,0.000,1.000,3.000,0.000,0.000,14.000,0,0,0
B3_zmq_pushpull,zmq_tcp,none,none,,1,30359,512,584,1785153466819631000,1785153466819631000,1785153466819631000,1785153466819632000,1785153466819763000,1785153466819766000,1785153466819766000,1785153466819766000,121932490,121652369,-149.121,0.000,0.000,1.000,3.000,0.000,0.000,2.000,0,0,0
B3_zmq_pushpull,zmq_tcp,none,none,,1,30360,512,584,1785153466820635000,1785153466820635000,1785153466820636000,1785153466820636000,1785153466820752000,1785153466820755000,1785153466820755000,1785153466820755000,121932490,121652369,-164.121,0.000,1.000,0.000,3.000,0.000,0.000,15.000,0,0,0
B3_zmq_pushpull,zmq_tcp,none,none,,1,30361,512,584,1785153466821629000,1785153466821629000,1785153466821629000,1785153466821630000,1785153466821747000,1785153466821750000,1785153466821750000,1785153466821750000,121932490,121652369,-163.121,0.000,0.000,1.000,3.000,0.000,0.000,1.000,0,0,0
B3_zmq_pushpull,zmq_tcp,none,none,,1,30362,512,584,1785153466822635000,1785153466822635000,1785153466822635000,1785153466822636000,1785153466822738000,1785153466822741000,1785153466822741000,1785153466822741000,121932490,121652369,-178.121,0.000,0.000,1.000,3.000,0.000,0.000,15.000,0,0,0
B3_zmq_pushpull,zmq_tcp,none,none,,1,30363,512,584,1785153466823633000,1785153466823633000,1785153466823633000,1785153466823634000,1785153466823738000,1785153466823741000,1785153466823741000,1785153466823741000,121932490,121652369,-176.121,0.000,0.000,1.000,3.000,0.000,0.000,2.000,0,0,0
B3_zmq_pushpull,zmq_tcp,none,none,,1,30364,512,584,1785153466824633000,1785153466824633000,1785153466824633000,1785153466824634000,1785153466824727000,1785153466824730000,1785153466824730000,1785153466824730000,121932490,121652369,-187.121,0.000,0.000,1.000,3.000,0.000,0.000,11.000,0,0,0
B3_zmq_pushpull,zmq_tcp,none,none,,1,30365,512,584,1785153466825641000,1785153466825641000,1785153466825641000,1785153466825642000,1785153466825699000,1785153466825702000,1785153466825702000,1785153466825702000,121932490,121652369,-223.121,0.000,0.000,1.000,3.000,0.000,0.000,36.000,0,0,0
B3_zmq_pushpull,zmq_tcp,none,none,,1,30366,512,584,1785153466826633000,1785153466826633000,1785153466826633000,1785153466826634000,1785153466826681000,1785153466826684000,1785153466826684000,1785153466826684000,121932490,121652369,-233.121,0.000,0.000,1.000,3.000,0.000,0.000,10.000,0,0,0
B3_zmq_pushpull,zmq_tcp,none,none,,1,30367,512,584,1785153466827633000,1785153466827633000,1785153466827633000,1785153466827634000,1785153466827814000,1785153466827816000,1785153466827816000,1785153466827816000,121932490,121652369,-100.121,0.000,0.000,1.000,2.000,0.000,0.000,133.000,0,0,0
B3_zmq_pushpull,zmq_tcp,none,none,,1,30368,512,584,1785153466828502000,1785153466828502000,1785153466828502000,1785153466828503000,1785153466828662000,1785153466828664000,1785153466828665000,1785153466828665000,121932490,121652369,-121.121,0.000,0.000,1.000,2.000,1.000,0.000,21.000,0,0,0
B3_zmq_pushpull,zmq_tcp,none,none,,1,30369,512,584,1785153466829663000,1785153466829663000,1785153466829664000,1785153466829664000,1785153466829769000,1785153466829772000,1785153466829772000,1785153466829772000,121932490,121652369,-175.121,0.000,1.000,0.000,3.000,0.000,0.000,54.000,0,0,0
B3_zmq_pushpull,zmq_tcp,none,none,,1,30370,512,584,1785153466830625000,1785153466830625000,1785153466830625000,1785153466830626000,1785153466830775000,1785153466830778000,1785153466830778000,1785153466830778000,121932490,121652369,-131.121,0.000,0.000,1.000,3.000,0.000,0.000,44.000,0,0,0
B3_zmq_pushpull,zmq_tcp,none,none,,1,30371,512,584,1785153466831635000,1785153466831635000,1785153466831635000,1785153466831636000,1785153466831757000,1785153466831759000,1785153466831759000,1785153466831759000,121932490,121652369,-159.121,0.000,0.000,1.000,2.000,0.000,0.000,28.000,0,0,0
B3_zmq_pushpull,zmq_tcp,none,none,,1,30372,512,584,1785153466832629000,1785153466832629000,1785153466832629000,1785153466832630000,1785153466832760000,1785153466832763000,1785153466832763000,1785153466832763000,121932490,121652369,-150.121,0.000,0.000,1.000,3.000,0.000,0.000,9.000,0,0,0
B3_zmq_pushpull,zmq_tcp,none,none,,1,30373,512,584,1785153466833483000,1785153466833483000,1785153466833483000,1785153466833484000,1785153466833626000,1785153466833629000,1785153466833629000,1785153466833629000,121932490,121652369,-138.121,0.000,0.000,1.000,3.000,0.000,0.000,12.000,0,0,0
B3_zmq_pushpull,zmq_tcp,none,none,,1,30374,512,584,1785153466834467000,1785153466834467000,1785153466834467000,1785153466834468000,1785153466834627000,1785153466834630000,1785153466834630000,1785153466834630000,121932490,121652369,-121.121,0.000,0.000,1.000,3.000,0.000,0.000,17.000,0,0,0
B3_zmq_pushpull,zmq_tcp,none,none,,1,30375,512,584,1785153466835674000,1785153466835674000,1785153466835675000,1785153466835675000,1785153466835763000,1785153466835766000,1785153466835766000,1785153466835766000,121932490,121652369,-192.121,0.000,1.000,0.000,3.000,0.000,0.000,71.000,0,0,0
B3_zmq_pushpull,zmq_tcp,none,none,,1,30376,512,584,1785153466836620000,1785153466836620000,1785153466836620000,1785153466836621000,1785153466836760000,1785153466836763000,1785153466836763000,1785153466836763000,121932490,121652369,-141.121,0.000,0.000,1.000,3.000,0.000,0.000,51.000,0,0,0
B3_zmq_pushpull,zmq_tcp,none,none,,1,30377,512,584,1785153466837637000,1785153466837637000,1785153466837637000,1785153466837638000,1785153466837754000,1785153466837756000,1785153466837757000,1785153466837757000,121932490,121652369,-164.121,0.000,0.000,1.000,2.000,1.000,0.000,23.000,0,0,0
B3_zmq_pushpull,zmq_tcp,none,none,,1,30378,512,584,1785153466838633000,1785153466838633000,1785153466838634000,1785153466838635000,1785153466838765000,1785153466838767000,1785153466838767000,1785153466838767000,121932490,121652369,-150.121,0.000,1.000,1.000,2.000,0.000,0.000,14.000,0,0,0
B3_zmq_pushpull,zmq_tcp,none,none,,1,30379,512,584,1785153466839633000,1785153466839633000,1785153466839633000,1785153466839634000,1785153466839771000,1785153466839774000,1785153466839774000,1785153466839774000,121932490,121652369,-143.121,0.000,0.000,1.000,3.000,0.000,0.000,7.000,0,0,0
B3_zmq_pushpull,zmq_tcp,none,none,,1,30380,512,584,1785153466840631000,1785153466840631000,1785153466840631000,1785153466840632000,1785153466840774000,1785153466840777000,1785153466840777000,1785153466840777000,121932490,121652369,-138.121,0.000,0.000,1.000,3.000,0.000,0.000,5.000,0,0,0
B3_zmq_pushpull,zmq_tcp,none,none,,1,30381,512,584,1785153466841634000,1785153466841635000,1785153466841635000,1785153466841636000,1785153466841778000,1785153466841780000,1785153466841780000,1785153466841780000,121932490,121652369,-138.121,1.000,0.000,1.000,2.000,0.000,0.000,0.000,0,0,0
B3_zmq_pushpull,zmq_tcp,none,none,,1,30382,512,584,1785153466842633000,1785153466842633000,1785153466842633000,1785153466842634000,1785153466842749000,1785153466842751000,1785153466842751000,1785153466842751000,121932490,121652369,-165.121,0.000,0.000,1.000,2.000,0.000,0.000,27.000,0,0,0
B3_zmq_pushpull,zmq_tcp,none,none,,1,30383,512,584,1785153466843633000,1785153466843633000,1785153466843633000,1785153466843634000,1785153466843746000,1785153466843749000,1785153466843749000,1785153466843749000,121932490,121652369,-168.121,0.000,0.000,1.000,3.000,0.000,0.000,3.000,0,0,0
B3_zmq_pushpull,zmq_tcp,none,none,,1,30384,512,584,1785153466844631000,1785153466844631000,1785153466844631000,1785153466844632000,1785153466844726000,1785153466844729000,1785153466844729000,1785153466844729000,121932490,121652369,-186.121,0.000,0.000,1.000,3.000,0.000,0.000,18.000,0,0,0
B3_zmq_pushpull,zmq_tcp,none,none,,1,30385,512,584,1785153466845636000,1785153466845636000,1785153466845636000,1785153466845637000,1785153466845719000,1785153466845722000,1785153466845722000,1785153466845722000,121932490,121652369,-198.121,0.000,0.000,1.000,3.000,0.000,0.000,12.000,0,0,0
B3_zmq_pushpull,zmq_tcp,none,none,,1,30386,512,584,1785153466846549000,1785153466846549000,1785153466846550000,1785153466846551000,1785153466846695000,1785153466846699000,1785153466846699000,1785153466846699000,121932490,121652369,-136.121,0.000,1.000,1.000,4.000,0.000,0.000,62.000,0,0,0
B3_zmq_pushpull,zmq_tcp,none,none,,1,30387,512,584,1785153466847655000,1785153466847655000,1785153466847655000,1785153466847656000,1785153466847830000,1785153466847833000,1785153466847833000,1785153466847833000,121932490,121652369,-106.121,0.000,0.000,1.000,3.000,0.000,0.000,30.000,0,0,0
B3_zmq_pushpull,zmq_tcp,none,none,,1,30388,512,584,1785153466848531000,1785153466848532000,1785153466848532000,1785153466848533000,1785153466848686000,1785153466848689000,1785153466848689000,1785153466848689000,121932490,121652369,-127.121,1.000,0.000,1.000,3.000,0.000,0.000,21.000,0,0,0
B3_zmq_pushpull,zmq_tcp,none,none,,1,30389,512,584,1785153466849659000,1785153466849659000,1785153466849659000,1785153466849660000,1785153466849805000,1785153466849807000,1785153466849807000,1785153466849807000,121932490,121652369,-135.121,0.000,0.000,1.000,2.000,0.000,0.000,8.000,0,0,0
B3_zmq_pushpull,zmq_tcp,none,none,,1,30390,512,584,1785153466850497000,1785153466850498000,1785153466850498000,1785153466850499000,1785153466850655000,1785153466850658000,1785153466850658000,1785153466850658000,121932490,121652369,-124.121,1.000,0.000,1.000,3.000,0.000,0.000,11.000,0,0,0
B3_zmq_pushpull,zmq_tcp,none,none,,1,30391,512,584,1785153466851516000,1785153466851516000,1785153466851516000,1785153466851517000,1785153466851674000,1785153466851677000,1785153466851677000,1785153466851677000,121932490,121652369,-123.121,0.000,0.000,1.000,3.000,0.000,0.000,1.000,0,0,0
B3_zmq_pushpull,zmq_tcp,none,none,,1,30392,512,584,1785153466852522000,1785153466852522000,1785153466852522000,1785153466852523000,1785153466852682000,1785153466852685000,1785153466852685000,1785153466852685000,121932490,121652369,-121.121,0.000,0.000,1.000,3.000,0.000,0.000,2.000,0,0,0
B3_zmq_pushpull,zmq_tcp,none,none,,1,30393,512,584,1785153466853662000,1785153466853662000,1785153466853662000,1785153466853663000,1785153466853823000,1785153466853828000,1785153466853828000,1785153466853828000,121932490,121652369,-120.121,0.000,0.000,1.000,5.000,0.000,0.000,1.000,0,0,0
B3_zmq_pushpull,zmq_tcp,none,none,,1,30394,512,584,1785153466854517000,1785153466854518000,1785153466854518000,1785153466854519000,1785153466854671000,1785153466854674000,1785153466854674000,1785153466854674000,121932490,121652369,-128.121,1.000,0.000,1.000,3.000,0.000,0.000,8.000,0,0,0
B3_zmq_pushpull,zmq_tcp,none,none,,1,30395,512,584,1785153466855513000,1785153466855513000,1785153466855513000,1785153466855514000,1785153466855669000,1785153466855671000,1785153466855671000,1785153466855671000,121932490,121652369,-125.121,0.000,0.000,1.000,2.000,0.000,0.000,3.000,0,0,0
B3_zmq_pushpull,zmq_tcp,none,none,,1,30396,512,584,1785153466856664000,1785153466856664000,1785153466856664000,1785153466856665000,1785153466856787000,1785153466856790000,1785153466856790000,1785153466856790000,121932490,121652369,-158.121,0.000,0.000,1.000,3.000,0.000,0.000,33.000,0,0,0
B3_zmq_pushpull,zmq_tcp,none,none,,1,30397,512,584,1785153466857625000,1785153466857626000,1785153466857626000,1785153466857627000,1785153466857779000,1785153466857783000,1785153466857783000,1785153466857783000,121932490,121652369,-128.121,1.000,0.000,1.000,4.000,0.000,0.000,30.000,0,0,0
B3_zmq_pushpull,zmq_tcp,none,none,,1,30398,512,584,1785153466858489000,1785153466858490000,1785153466858490000,1785153466858491000,1785153466858643000,1785153466858646000,1785153466858646000,1785153466858646000,121932490,121652369,-128.121,1.000,0.000,1.000,3.000,0.000,0.000,0.000,0,0,0
B3_zmq_pushpull,zmq_tcp,none,none,,1,30399,512,584,1785153466859482000,1785153466859482000,1785153466859482000,1785153466859483000,1785153466859641000,1785153466859643000,1785153466859643000,1785153466859643000,121932490,121652369,-122.121,0.000,0.000,1.000,2.000,0.000,0.000,6.000,0,0,0
B3_zmq_pushpull,zmq_tcp,none,none,,1,30400,512,584,1785153466860670000,1785153466860671000,1785153466860671000,1785153466860672000,1785153466860776000,1785153466860779000,1785153466860779000,1785153466860779000,121932490,121652369,-176.121,1.000,0.000,1.000,3.000,0.000,0.000,54.000,0,0,0
B3_zmq_pushpull,zmq_tcp,none,none,,1,30401,512,584,1785153466861622000,1785153466861622000,1785153466861622000,1785153466861623000,1785153466861756000,1785153466861759000,1785153466861759000,1785153466861759000,121932490,121652369,-147.121,0.000,0.000,1.000,3.000,0.000,0.000,29.000,0,0,0
B3_zmq_pushpull,zmq_tcp,none,none,,1,30402,512,584,1785153466862459000,1785153466862459000,1785153466862459000,1785153466862460000,1785153466862613000,1785153466862615000,1785153466862615000,1785153466862615000,121932490,121652369,-127.121,0.000,0.000,1.000,2.000,0.000,0.000,20.000,0,0,0
B3_zmq_pushpull,zmq_tcp,none,none,,1,30403,512,584,1785153466863454000,1785153466863454000,1785153466863454000,1785153466863455000,1785153466863609000,1785153466863611000,1785153466863611000,1785153466863611000,121932490,121652369,-126.121,0.000,0.000,1.000,2.000,0.000,0.000,1.000,0,0,0
B3_zmq_pushpull,zmq_tcp,none,none,,1,30404,512,584,1785153466864679000,1785153466864679000,1785153466864679000,1785153466864680000,1785153466864851000,1785153466864854000,1785153466864854000,1785153466864854000,121932490,121652369,-109.121,0.000,0.000,1.000,3.000,0.000,0.000,17.000,0,0,0
B3_zmq_pushpull,zmq_tcp,none,none,,1,30405,512,584,1785153466865557000,1785153466865557000,1785153466865557000,1785153466865559000,1785153466865710000,1785153466865713000,1785153466865714000,1785153466865714000,121932490,121652369,-129.121,0.000,0.000,2.000,3.000,1.000,0.000,20.000,0,0,0
B3_zmq_pushpull,zmq_tcp,none,none,,1,30406,512,584,1785153466866546000,1785153466866546000,1785153466866546000,1785153466866547000,1785153466866695000,1785153466866698000,1785153466866698000,1785153466866698000,121932490,121652369,-132.121,0.000,0.000,1.000,3.000,0.000,0.000,3.000,0,0,0
B3_zmq_pushpull,zmq_tcp,none,none,,1,30407,512,584,1785153466867657000,1785153466867657000,1785153466867657000,1785153466867658000,1785153466867701000,1785153466867703000,1785153466867703000,1785153466867703000,121932490,121652369,-237.121,0.000,0.000,1.000,2.000,0.000,0.000,105.000,0,0,0
B3_zmq_pushpull,zmq_tcp,none,none,,1,30408,512,584,1785153466868630000,1785153466868630000,1785153466868630000,1785153466868631000,1785153466868706000,1785153466868709000,1785153466868709000,1785153466868709000,121932490,121652369,-205.121,0.000,0.000,1.000,3.000,0.000,0.000,32.000,0,0,0
B3_zmq_pushpull,zmq_tcp,none,none,,1,30409,512,584,1785153466869632000,1785153466869632000,1785153466869632000,1785153466869633000,1785153466869707000,1785153466869710000,1785153466869710000,1785153466869710000,121932490,121652369,-206.121,0.000,0.000,1.000,3.000,0.000,0.000,1.000,0,0,0
B3_zmq_pushpull,zmq_tcp,none,none,,1,30410,512,584,1785153466870633000,1785153466870633000,1785153466870633000,1785153466870634000,1785153466870721000,1785153466870723000,1785153466870723000,1785153466870723000,121932490,121652369,-193.121,0.000,0.000,1.000,2.000,0.000,0.000,13.000,0,0,0
B3_zmq_pushpull,zmq_tcp,none,none,,1,30411,512,584,1785153466871634000,1785153466871634000,1785153466871634000,1785153466871635000,1785153466871715000,1785153466871723000,1785153466871723000,1785153466871723000,121932490,121652369,-200.121,0.000,0.000,1.000,8.000,0.000,0.000,7.000,0,0,0
B3_zmq_pushpull,zmq_tcp,none,none,,1,30412,512,584,1785153466872630000,1785153466872630000,1785153466872630000,1785153466872631000,1785153466872722000,1785153466872725000,1785153466872725000,1785153466872725000,121932490,121652369,-189.121,0.000,0.000,1.000,3.000,0.000,0.000,11.000,0,0,0
B3_zmq_pushpull,zmq_tcp,none,none,,1,30413,512,584,1785153466873637000,1785153466873637000,1785153466873637000,1785153466873638000,1785153466873734000,1785153466873736000,1785153466873736000,1785153466873736000,121932490,121652369,-184.121,0.000,0.000,1.000,2.000,0.000,0.000,5.000,0,0,0
B3_zmq_pushpull,zmq_tcp,none,none,,1,30414,512,584,1785153466874633000,1785153466874633000,1785153466874633000,1785153466874634000,1785153466874736000,1785153466874738000,1785153466874738000,1785153466874738000,121932490,121652369,-178.121,0.000,0.000,1.000,2.000,0.000,0.000,6.000,0,0,0
B3_zmq_pushpull,zmq_tcp,none,none,,1,30415,512,584,1785153466875633000,1785153466875633000,1785153466875633000,1785153466875634000,1785153466875725000,1785153466875727000,1785153466875727000,1785153466875727000,121932490,121652369,-189.121,0.000,0.000,1.000,2.000,0.000,0.000,11.000,0,0,0
B3_zmq_pushpull,zmq_tcp,none,none,,1,30416,512,584,1785153466876632000,1785153466876632000,1785153466876632000,1785153466876633000,1785153466876722000,1785153466876725000,1785153466876725000,1785153466876725000,121932490,121652369,-191.121,0.000,0.000,1.000,3.000,0.000,0.000,2.000,0,0,0
B3_zmq_pushpull,zmq_tcp,none,none,,1,30417,512,584,1785153466877441000,1785153466877441000,1785153466877441000,1785153466877442000,1785153466877586000,1785153466877589000,1785153466877589000,1785153466877589000,121932490,121652369,-136.121,0.000,0.000,1.000,3.000,0.000,0.000,55.000,0,0,0
B3_zmq_pushpull,zmq_tcp,none,none,,1,30418,512,584,1785153466878450000,1785153466878450000,1785153466878450000,1785153466878451000,1785153466878606000,1785153466878609000,1785153466878609000,1785153466878609000,121932490,121652369,-125.121,0.000,0.000,1.000,3.000,0.000,0.000,11.000,0,0,0
B3_zmq_pushpull,zmq_tcp,none,none,,1,30419,512,584,1785153466879455000,1785153466879455000,1785153466879455000,1785153466879456000,1785153466879613000,1785153466879615000,1785153466879616000,1785153466879616000,121932490,121652369,-123.121,0.000,0.000,1.000,2.000,1.000,0.000,2.000,0,0,0
B3_zmq_pushpull,zmq_tcp,none,none,,1,30420,512,584,1785153466880459000,1785153466880459000,1785153466880459000,1785153466880460000,1785153466880600000,1785153466880604000,1785153466880604000,1785153466880604000,121932490,121652369,-140.121,0.000,0.000,1.000,4.000,0.000,0.000,17.000,0,0,0
B3_zmq_pushpull,zmq_tcp,none,none,,1,30421,512,584,1785153466881449000,1785153466881450000,1785153466881450000,1785153466881451000,1785153466881605000,1785153466881607000,1785153466881607000,1785153466881607000,121932490,121652369,-126.121,1.000,0.000,1.000,2.000,0.000,0.000,14.000,0,0,0
B3_zmq_pushpull,zmq_tcp,none,none,,1,30422,512,584,1785153466882460000,1785153466882460000,1785153466882460000,1785153466882461000,1785153466882603000,1785153466882606000,1785153466882606000,1785153466882606000,121932490,121652369,-138.121,0.000,0.000,1.000,3.000,0.000,0.000,12.000,0,0,0
B3_zmq_pushpull,zmq_tcp,none,none,,1,30423,512,584,1785153466883673000,1785153466883673000,1785153466883674000,1785153466883675000,1785153466883741000,1785153466883743000,1785153466883743000,1785153466883743000,121932490,121652369,-214.121,0.000,1.000,1.000,2.000,0.000,0.000,76.000,0,0,0
B3_zmq_pushpull,zmq_tcp,none,none,,1,30424,512,584,1785153466884624000,1785153466884624000,1785153466884624000,1785153466884625000,1785153466884717000,1785153466884720000,1785153466884720000,1785153466884720000,121932490,121652369,-188.121,0.000,0.000,1.000,3.000,0.000,0.000,26.000,0,0,0
B3_zmq_pushpull,zmq_tcp,none,none,,1,30425,512,584,1785153466885636000,1785153466885636000,1785153466885636000,1785153466885637000,1785153466885699000,1785153466885702000,1785153466885702000,1785153466885702000,121932490,121652369,-218.121,0.000,0.000,1.000,3.000,0.000,0.000,30.000,0,0,0
B3_zmq_pushpull,zmq_tcp,none,none,,1,30426,512,584,1785153466886544000,1785153466886545000,1785153466886545000,1785153466886546000,1785153466886693000,1785153466886696000,1785153466886696000,1785153466886696000,121932490,121652369,-133.121,1.000,0.000,1.000,3.000,0.000,0.000,85.000,0,0,0
B3_zmq_pushpull,zmq_tcp,none,none,,1,30427,512,584,1785153466887657000,1785153466887657000,1785153466887657000,1785153466887658000,1785153466887808000,1785153466887811000,1785153466887811000,1785153466887811000,121932490,121652369,-130.121,0.000,0.000,1.000,3.000,0.000,0.000,3.000,0,0,0
B3_zmq_pushpull,zmq_tcp,none,none,,1,30428,512,584,1785153466888523000,1785153466888523000,1785153466888523000,1785153466888524000,1785153466888679000,1785153466888681000,1785153466888681000,1785153466888681000,121932490,121652369,-125.121,0.000,0.000,1.000,2.000,0.000,0.000,5.000,0,0,0
B3_zmq_pushpull,zmq_tcp,none,none,,1,30429,512,584,1785153466889662000,1785153466889662000,1785153466889662000,1785153466889663000,1785153466889829000,1785153466889832000,1785153466889832000,1785153466889832000,121932490,121652369,-114.121,0.000,0.000,1.000,3.000,0.000,0.000,11.000,0,0,0
B3_zmq_pushpull,zmq_tcp,none,none,,1,30430,512,584,1785153466890623000,1785153466890623000,1785153466890623000,1785153466890624000,1785153466890693000,1785153466890695000,1785153466890695000,1785153466890695000,121932490,121652369,-211.121,0.000,0.000,1.000,2.000,0.000,0.000,97.000,0,0,0
B3_zmq_pushpull,zmq_tcp,none,none,,1,30431,512,584,1785153466891638000,1785153466891639000,1785153466891639000,1785153466891640000,1785153466891683000,1785153466891686000,1785153466891686000,1785153466891686000,121932490,121652369,-237.121,1.000,0.000,1.000,3.000,0.000,0.000,26.000,0,0,0
B3_zmq_pushpull,zmq_tcp,none,none,,1,30432,512,584,1785153466892528000,1785153466892528000,1785153466892528000,1785153466892529000,1785153466892686000,1785153466892689000,1785153466892689000,1785153466892689000,121932490,121652369,-123.121,0.000,0.000,1.000,3.000,0.000,0.000,114.000,0,0,0
B3_zmq_pushpull,zmq_tcp,none,none,,1,30433,512,584,1785153466893663000,1785153466893663000,1785153466893663000,1785153466893664000,1785153466893825000,1785153466893828000,1785153466893828000,1785153466893828000,121932490,121652369,-119.121,0.000,0.000,1.000,3.000,0.000,0.000,4.000,0,0,0
B3_zmq_pushpull,zmq_tcp,none,none,,1,30434,512,584,1785153466894530000,1785153466894530000,1785153466894530000,1785153466894531000,1785153466894678000,1785153466894682000,1785153466894682000,1785153466894682000,121932490,121652369,-133.121,0.000,0.000,1.000,4.000,0.000,0.000,14.000,0,0,0
B3_zmq_pushpull,zmq_tcp,none,none,,1,30435,512,584,1785153466895660000,1785153466895660000,1785153466895660000,1785153466895661000,1785153466895817000,1785153466895819000,1785153466895819000,1785153466895819000,121932490,121652369,-124.121,0.000,0.000,1.000,2.000,0.000,0.000,9.000,0,0,0
B3_zmq_pushpull,zmq_tcp,none,none,,1,30436,512,584,1785153466896631000,1785153466896632000,1785153466896632000,1785153466896633000,1785153466896807000,1785153466896810000,1785153466896810000,1785153466896810000,121932490,121652369,-106.121,1.000,0.000,1.000,3.000,0.000,0.000,18.000,0,0,0
B3_zmq_pushpull,zmq_tcp,none,none,,1,30437,512,584,1785153466897633000,1785153466897633000,1785153466897634000,1785153466897634000,1785153466897815000,1785153466897818000,1785153466897818000,1785153466897818000,121932490,121652369,-99.121,0.000,1.000,0.000,3.000,0.000,0.000,7.000,0,0,0
B3_zmq_pushpull,zmq_tcp,none,none,,1,30438,512,584,1785153466898520000,1785153466898520000,1785153466898520000,1785153466898521000,1785153466898678000,1785153466898681000,1785153466898681000,1785153466898681000,121932490,121652369,-123.121,0.000,0.000,1.000,3.000,0.000,0.000,24.000,0,0,0
B3_zmq_pushpull,zmq_tcp,none,none,,1,30439,512,584,1785153466899526000,1785153466899526000,1785153466899527000,1785153466899527000,1785153466899685000,1785153466899687000,1785153466899687000,1785153466899687000,121932490,121652369,-122.121,0.000,1.000,0.000,2.000,0.000,0.000,1.000,0,0,0
B3_zmq_pushpull,zmq_tcp,none,none,,1,30440,512,584,1785153466900660000,1785153466900660000,1785153466900660000,1785153466900661000,1785153466900822000,1785153466900825000,1785153466900825000,1785153466900825000,121932490,121652369,-119.121,0.000,0.000,1.000,3.000,0.000,0.000,3.000,0,0,0
B3_zmq_pushpull,zmq_tcp,none,none,,1,30441,512,584,1785153466901625000,1785153466901625000,1785153466901625000,1785153466901626000,1785153466901682000,1785153466901685000,1785153466901685000,1785153466901685000,121932490,121652369,-224.121,0.000,0.000,1.000,3.000,0.000,0.000,105.000,0,0,0
B3_zmq_pushpull,zmq_tcp,none,none,,1,30442,512,584,1785153466902636000,1785153466902637000,1785153466902637000,1785153466902638000,1785153466902804000,1785153466902806000,1785153466902806000,1785153466902806000,121932490,121652369,-114.121,1.000,0.000,1.000,2.000,0.000,0.000,110.000,0,0,0
B3_zmq_pushpull,zmq_tcp,none,none,,1,30443,512,584,1785153466903633000,1785153466903634000,1785153466903634000,1785153466903635000,1785153466903789000,1785153466903791000,1785153466903792000,1785153466903792000,121932490,121652369,-126.121,1.000,0.000,1.000,2.000,1.000,0.000,12.000,0,0,0
B3_zmq_pushpull,zmq_tcp,none,none,,1,30444,512,584,1785153466904633000,1785153466904634000,1785153466904634000,1785153466904635000,1785153466904802000,1785153466904806000,1785153466904806000,1785153466904806000,121932490,121652369,-113.121,1.000,0.000,1.000,4.000,0.000,0.000,13.000,0,0,0
B3_zmq_pushpull,zmq_tcp,none,none,,1,30445,512,584,1785153466905631000,1785153466905631000,1785153466905631000,1785153466905632000,1785153466905817000,1785153466905820000,1785153466905820000,1785153466905820000,121932490,121652369,-95.121,0.000,0.000,1.000,3.000,0.000,0.000,18.000,0,0,0
B3_zmq_pushpull,zmq_tcp,none,none,,1,30446,512,584,1785153466906635000,1785153466906635000,1785153466906635000,1785153466906636000,1785153466906818000,1785153466906821000,1785153466906821000,1785153466906821000,121932490,121652369,-98.121,0.000,0.000,1.000,3.000,0.000,0.000,3.000,0,0,0
B3_zmq_pushpull,zmq_tcp,none,none,,1,30447,512,584,1785153466907529000,1785153466907529000,1785153466907529000,1785153466907530000,1785153466907678000,1785153466907681000,1785153466907681000,1785153466907681000,121932490,121652369,-132.121,0.000,0.000,1.000,3.000,0.000,0.000,34.000,0,0,0
B3_zmq_pushpull,zmq_tcp,none,none,,1,30448,512,584,1785153466908660000,1785153466908660000,1785153466908660000,1785153466908661000,1785153466908808000,1785153466908810000,1785153466908810000,1785153466908810000,121932490,121652369,-133.121,0.000,0.000,1.000,2.000,0.000,0.000,1.000,0,0,0
B3_zmq_pushpull,zmq_tcp,none,none,,1,30449,512,584,1785153466909625000,1785153466909625000,1785153466909625000,1785153466909626000,1785153466909784000,1785153466909787000,1785153466909787000,1785153466909787000,121932490,121652369,-122.121,0.000,0.000,1.000,3.000,0.000,0.000,11.000,0,0,0
B3_zmq_pushpull,zmq_tcp,none,none,,1,30450,512,584,1785153466910470000,1785153466910471000,1785153466910471000,1785153466910472000,1785153466910626000,1785153466910629000,1785153466910629000,1785153466910629000,121932490,121652369,-126.121,1.000,0.000,1.000,3.000,0.000,0.000,4.000,0,0,0
B3_zmq_pushpull,zmq_tcp,none,none,,1,30451,512,584,1785153466911675000,1785153466911675000,1785153466911675000,1785153466911676000,1785153466911764000,1785153466911766000,1785153466911766000,1785153466911766000,121932490,121652369,-192.121,0.000,0.000,1.000,2.000,0.000,0.000,66.000,0,0,0
B3_zmq_pushpull,zmq_tcp,none,none,,1,30452,512,584,1785153466912620000,1785153466912620000,1785153466912620000,1785153466912621000,1785153466912757000,1785153466912760000,1785153466912760000,1785153466912760000,121932490,121652369,-144.121,0.000,0.000,1.000,3.000,0.000,0.000,48.000,0,0,0
B3_zmq_pushpull,zmq_tcp,none,none,,1,30453,512,584,1785153466913639000,1785153466913639000,1785153466913639000,1785153466913640000,1785153466913752000,1785153466913754000,1785153466913754000,1785153466913754000,121932490,121652369,-168.121,0.000,0.000,1.000,2.000,0.000,0.000,24.000,0,0,0
B3_zmq_pushpull,zmq_tcp,none,none,,1,30454,512,584,1785153466914632000,1785153466914632000,1785153466914632000,1785153466914633000,1785153466914738000,1785153466914741000,1785153466914741000,1785153466914741000,121932490,121652369,-175.121,0.000,0.000,1.000,3.000,0.000,0.000,7.000,0,0,0
B3_zmq_pushpull,zmq_tcp,none,none,,1,30455,512,584,1785153466915633000,1785153466915633000,1785153466915633000,1785153466915634000,1785153466915748000,1785153466915750000,1785153466915750000,1785153466915750000,121932490,121652369,-166.121,0.000,0.000,1.000,2.000,0.000,0.000,9.000,0,0,0
B3_zmq_pushpull,zmq_tcp,none,none,,1,30456,512,584,1785153466916632000,1785153466916632000,1785153466916632000,1785153466916633000,1785153466916730000,1785153466916733000,1785153466916733000,1785153466916733000,121932490,121652369,-183.121,0.000,0.000,1.000,3.000,0.000,0.000,17.000,0,0,0
B3_zmq_pushpull,zmq_tcp,none,none,,1,30457,512,584,1785153466917447000,1785153466917447000,1785153466917447000,1785153466917448000,1785153466917587000,1785153466917590000,1785153466917590000,1785153466917590000,121932490,121652369,-141.121,0.000,0.000,1.000,3.000,0.000,0.000,42.000,0,0,0
B3_zmq_pushpull,zmq_tcp,none,none,,1,30458,512,584,1785153466918681000,1785153466918682000,1785153466918682000,1785153466918683000,1785153466918869000,1785153466918872000,1785153466918872000,1785153466918872000,121932490,121652369,-94.121,1.000,0.000,1.000,3.000,0.000,0.000,47.000,0,0,0
B3_zmq_pushpull,zmq_tcp,none,none,,1,30459,512,584,1785153466919441000,1785153466919442000,1785153466919442000,1785153466919443000,1785153466919588000,1785153466919591000,1785153466919591000,1785153466919591000,121932490,121652369,-135.121,1.000,0.000,1.000,3.000,0.000,0.000,41.000,0,0,0
B3_zmq_pushpull,zmq_tcp,none,none,,1,30460,512,584,1785153466920686000,1785153466920686000,1785153466920686000,1785153466920687000,1785153466920862000,1785153466920865000,1785153466920865000,1785153466920865000,121932490,121652369,-105.121,0.000,0.000,1.000,3.000,0.000,0.000,30.000,0,0,0
B3_zmq_pushpull,zmq_tcp,none,none,,1,30461,512,584,1785153466921620000,1785153466921620000,1785153466921620000,1785153466921621000,1785153466921734000,1785153466921737000,1785153466921737000,1785153466921737000,121932490,121652369,-167.121,0.000,0.000,1.000,3.000,0.000,0.000,62.000,0,0,0
B3_zmq_pushpull,zmq_tcp,none,none,,1,30462,512,584,1785153466922638000,1785153466922638000,1785153466922638000,1785153466922639000,1785153466922736000,1785153466922738000,1785153466922738000,1785153466922738000,121932490,121652369,-183.121,0.000,0.000,1.000,2.000,0.000,0.000,16.000,0,0,0
B3_zmq_pushpull,zmq_tcp,none,none,,1,30463,512,584,1785153466923631000,1785153466923631000,1785153466923631000,1785153466923632000,1785153466923721000,1785153466923724000,1785153466923724000,1785153466923724000,121932490,121652369,-191.121,0.000,0.000,1.000,3.000,0.000,0.000,8.000,0,0,0
B3_zmq_pushpull,zmq_tcp,none,none,,1,30464,512,584,1785153466924635000,1785153466924635000,1785153466924635000,1785153466924636000,1785153466924711000,1785153466924713000,1785153466924713000,1785153466924713000,121932490,121652369,-205.121,0.000,0.000,1.000,2.000,0.000,0.000,14.000,0,0,0
B3_zmq_pushpull,zmq_tcp,none,none,,1,30465,512,584,1785153466925634000,1785153466925634000,1785153466925634000,1785153466925635000,1785153466925696000,1785153466925699000,1785153466925699000,1785153466925699000,121932490,121652369,-219.121,0.000,0.000,1.000,3.000,0.000,0.000,14.000,0,0,0
B3_zmq_pushpull,zmq_tcp,none,none,,1,30466,512,584,1785153466926516000,1785153466926516000,1785153466926516000,1785153466926517000,1785153466926670000,1785153466926673000,1785153466926673000,1785153466926673000,121932490,121652369,-127.121,0.000,0.000,1.000,3.000,0.000,0.000,92.000,0,0,0
B3_zmq_pushpull,zmq_tcp,none,none,,1,30467,512,584,1785153466927660000,1785153466927660000,1785153466927661000,1785153466927661000,1785153466927836000,1785153466927838000,1785153466927838000,1785153466927838000,121932490,121652369,-105.121,0.000,1.000,0.000,2.000,0.000,0.000,22.000,0,0,0
B3_zmq_pushpull,zmq_tcp,none,none,,1,30468,512,584,1785153466928537000,1785153466928537000,1785153466928537000,1785153466928538000,1785153466928697000,1785153466928700000,1785153466928700000,1785153466928700000,121932490,121652369,-121.121,0.000,0.000,1.000,3.000,0.000,0.000,16.000,0,0,0
B3_zmq_pushpull,zmq_tcp,none,none,,1,30469,512,584,1785153466929658000,1785153466929658000,1785153466929658000,1785153466929659000,1785153466929821000,1785153466929824000,1785153466929824000,1785153466929824000,121932490,121652369,-118.121,0.000,0.000,1.000,3.000,0.000,0.000,3.000,0,0,0
B3_zmq_pushpull,zmq_tcp,none,none,,1,30470,512,584,1785153466930627000,1785153466930627000,1785153466930628000,1785153466930628000,1785153466930675000,1785153466930678000,1785153466930678000,1785153466930678000,121932490,121652369,-233.121,0.000,1.000,0.000,3.000,0.000,0.000,115.000,0,0,0
B3_zmq_pushpull,zmq_tcp,none,none,,1,30471,512,584,1785153466931635000,1785153466931635000,1785153466931635000,1785153466931636000,1785153466931799000,1785153466931802000,1785153466931802000,1785153466931802000,121932490,121652369,-117.121,0.000,0.000,1.000,3.000,0.000,0.000,116.000,0,0,0
B3_zmq_pushpull,zmq_tcp,none,none,,1,30472,512,584,1785153466932634000,1785153466932634000,1785153466932634000,1785153466932635000,1785153466932800000,1785153466932802000,1785153466932802000,1785153466932802000,121932490,121652369,-115.121,0.000,0.000,1.000,2.000,0.000,0.000,2.000,0,0,0
B3_zmq_pushpull,zmq_tcp,none,none,,1,30473,512,584,1785153466933498000,1785153466933498000,1785153466933498000,1785153466933499000,1785153466933657000,1785153466933660000,1785153466933660000,1785153466933660000,121932490,121652369,-122.121,0.000,0.000,1.000,3.000,0.000,0.000,7.000,0,0,0
B3_zmq_pushpull,zmq_tcp,none,none,,1,30474,512,584,1785153466934507000,1785153466934507000,1785153466934507000,1785153466934508000,1785153466934665000,1785153466934668000,1785153466934668000,1785153466934668000,121932490,121652369,-123.121,0.000,0.000,1.000,3.000,0.000,0.000,1.000,0,0,0
B3_zmq_pushpull,zmq_tcp,none,none,,1,30475,512,584,1785153466935665000,1785153466935666000,1785153466935666000,1785153466935667000,1785153466935801000,1785153466935804000,1785153466935804000,1785153466935804000,121932490,121652369,-146.121,1.000,0.000,1.000,3.000,0.000,0.000,23.000,0,0,0
B3_zmq_pushpull,zmq_tcp,none,none,,1,30476,512,584,1785153466936627000,1785153466936627000,1785153466936627000,1785153466936628000,1785153466936785000,1785153466936788000,1785153466936788000,1785153466936788000,121932490,121652369,-123.121,0.000,0.000,1.000,3.000,0.000,0.000,23.000,0,0,0
B3_zmq_pushpull,zmq_tcp,none,none,,1,30477,512,584,1785153466937638000,1785153466937638000,1785153466937638000,1785153466937639000,1785153466937804000,1785153466937806000,1785153466937806000,1785153466937806000,121932490,121652369,-115.121,0.000,0.000,1.000,2.000,0.000,0.000,8.000,0,0,0
B3_zmq_pushpull,zmq_tcp,none,none,,1,30478,512,584,1785153466938632000,1785153466938632000,1785153466938633000,1785153466938633000,1785153466938802000,1785153466938805000,1785153466938805000,1785153466938805000,121932490,121652369,-111.121,0.000,1.000,0.000,3.000,0.000,0.000,4.000,0,0,0
B3_zmq_pushpull,zmq_tcp,none,none,,1,30479,512,584,1785153466939634000,1785153466939634000,1785153466939634000,1785153466939635000,1785153466939789000,1785153466939792000,1785153466939792000,1785153466939792000,121932490,121652369,-126.121,0.000,0.000,1.000,3.000,0.000,0.000,15.000,0,0,0
B3_zmq_pushpull,zmq_tcp,none,none,,1,30480,512,584,1785153466940491000,1785153466940491000,1785153466940491000,1785153466940492000,1785153466940638000,1785153466940641000,1785153466940641000,1785153466940641000,121932490,121652369,-134.121,0.000,0.000,1.000,3.000,0.000,0.000,8.000,0,0,0
B3_zmq_pushpull,zmq_tcp,none,none,,1,30481,512,584,1785153466941486000,1785153466941486000,1785153466941486000,1785153466941487000,1785153466941646000,1785153466941649000,1785153466941649000,1785153466941649000,121932490,121652369,-121.121,0.000,0.000,1.000,3.000,0.000,0.000,13.000,0,0,0
B3_zmq_pushpull,zmq_tcp,none,none,,1,30482,512,584,1785153466942486000,1785153466942486000,1785153466942486000,1785153466942487000,1785153466942645000,1785153466942648000,1785153466942648000,1785153466942648000,121932490,121652369,-122.121,0.000,0.000,1.000,3.000,0.000,0.000,1.000,0,0,0
B3_zmq_pushpull,zmq_tcp,none,none,,1,30483,512,584,1785153466943501000,1785153466943501000,1785153466943501000,1785153466943502000,1785153466943653000,1785153466943656000,1785153466943656000,1785153466943656000,121932490,121652369,-129.121,0.000,0.000,1.000,3.000,0.000,0.000,7.000,0,0,0
B3_zmq_pushpull,zmq_tcp,none,none,,1,30484,512,584,1785153466944665000,1785153466944666000,1785153466944666000,1785153466944667000,1785153466944782000,1785153466944785000,1785153466944785000,1785153466944785000,121932490,121652369,-165.121,1.000,0.000,1.000,3.000,0.000,0.000,36.000,0,0,0
B3_zmq_pushpull,zmq_tcp,none,none,,1,30485,512,584,1785153466945625000,1785153466945626000,1785153466945626000,1785153466945627000,1785153466945762000,1785153466945766000,1785153466945766000,1785153466945766000,121932490,121652369,-145.121,1.000,0.000,1.000,4.000,0.000,0.000,20.000,0,0,0
B3_zmq_pushpull,zmq_tcp,none,none,,1,30486,512,584,1785153466946445000,1785153466946446000,1785153466946446000,1785153466946447000,1785153466946603000,1785153466946607000,1785153466946607000,1785153466946607000,121932490,121652369,-124.121,1.000,0.000,1.000,4.000,0.000,0.000,21.000,0,0,0
B3_zmq_pushpull,zmq_tcp,none,none,,1,30487,512,584,1785153466947685000,1785153466947685000,1785153466947685000,1785153466947686000,1785153466947741000,1785153466947744000,1785153466947744000,1785153466947744000,121932490,121652369,-225.121,0.000,0.000,1.000,3.000,0.000,0.000,101.000,0,0,0
B3_zmq_pushpull,zmq_tcp,none,none,,1,30488,512,584,1785153466948618000,1785153466948618000,1785153466948618000,1785153466948619000,1785153466948767000,1785153466948769000,1785153466948769000,1785153466948769000,121932490,121652369,-132.121,0.000,0.000,1.000,2.000,0.000,0.000,93.000,0,0,0
B3_zmq_pushpull,zmq_tcp,none,none,,1,30489,512,584,1785153466949638000,1785153466949638000,1785153466949638000,1785153466949639000,1785153466949768000,1785153466949771000,1785153466949771000,1785153466949771000,121932490,121652369,-151.121,0.000,0.000,1.000,3.000,0.000,0.000,19.000,0,0,0
B3_zmq_pushpull,zmq_tcp,none,none,,1,30490,512,584,1785153466950638000,1785153466950638000,1785153466950638000,1785153466950639000,1785153466950759000,1785153466950762000,1785153466950762000,1785153466950762000,121932490,121652369,-160.121,0.000,0.000,1.000,3.000,0.000,0.000,9.000,0,0,0
B3_zmq_pushpull,zmq_tcp,none,none,,1,30491,512,584,1785153466951622000,1785153466951622000,1785153466951622000,1785153466951623000,1785153466951761000,1785153466951765000,1785153466951765000,1785153466951765000,121932490,121652369,-142.121,0.000,0.000,1.000,4.000,0.000,0.000,18.000,0,0,0
B3_zmq_pushpull,zmq_tcp,none,none,,1,30492,512,584,1785153466952480000,1785153466952480000,1785153466952480000,1785153466952481000,1785153466952607000,1785153466952610000,1785153466952610000,1785153466952610000,121932490,121652369,-154.121,0.000,0.000,1.000,3.000,0.000,0.000,12.000,0,0,0
B3_zmq_pushpull,zmq_tcp,none,none,,1,30493,512,584,1785153466953672000,1785153466953673000,1785153466953673000,1785153466953674000,1785153466953743000,1785153466953745000,1785153466953745000,1785153466953745000,121932490,121652369,-211.121,1.000,0.000,1.000,2.000,0.000,0.000,57.000,0,0,0
B3_zmq_pushpull,zmq_tcp,none,none,,1,30494,512,584,1785153466954625000,1785153466954625000,1785153466954625000,1785153466954626000,1785153466954752000,1785153466954755000,1785153466954755000,1785153466954755000,121932490,121652369,-154.121,0.000,0.000,1.000,3.000,0.000,0.000,57.000,0,0,0
B3_zmq_pushpull,zmq_tcp,none,none,,1,30495,512,584,1785153466955633000,1785153466955633000,1785153466955633000,1785153466955634000,1785153466955752000,1785153466955755000,1785153466955755000,1785153466955755000,121932490,121652369,-162.121,0.000,0.000,1.000,3.000,0.000,0.000,8.000,0,0,0
B3_zmq_pushpull,zmq_tcp,none,none,,1,30496,512,584,1785153466956634000,1785153466956634000,1785153466956634000,1785153466956635000,1785153466956753000,1785153466956756000,1785153466956756000,1785153466956756000,121932490,121652369,-162.121,0.000,0.000,1.000,3.000,0.000,0.000,0.000,0,0,0
B3_zmq_pushpull,zmq_tcp,none,none,,1,30497,512,584,1785153466957634000,1785153466957634000,1785153466957634000,1785153466957635000,1785153466957745000,1785153466957748000,1785153466957748000,1785153466957748000,121932490,121652369,-170.121,0.000,0.000,1.000,3.000,0.000,0.000,8.000,0,0,0
B3_zmq_pushpull,zmq_tcp,none,none,,1,30498,512,584,1785153466958444000,1785153466958444000,1785153466958445000,1785153466958445000,1785153466958591000,1785153466958594000,1785153466958594000,1785153466958594000,121932490,121652369,-134.121,0.000,1.000,0.000,3.000,0.000,0.000,36.000,0,0,0
B3_zmq_pushpull,zmq_tcp,none,none,,1,30499,512,584,1785153466959682000,1785153466959682000,1785153466959682000,1785153466959683000,1785153466959730000,1785153466959736000,1785153466959736000,1785153466959736000,121932490,121652369,-233.121,0.000,0.000,1.000,6.000,0.000,0.000,99.000,0,0,0
B3_zmq_pushpull,zmq_tcp,none,none,,1,30500,512,584,1785153466960622000,1785153466960623000,1785153466960623000,1785153466960624000,1785153466960735000,1785153466960738000,1785153466960738000,1785153466960738000,121932490,121652369,-169.121,1.000,0.000,1.000,3.000,0.000,0.000,64.000,0,0,0
B3_zmq_pushpull,zmq_tcp,none,none,,1,30501,512,584,1785153466961636000,1785153466961636000,1785153466961636000,1785153466961637000,1785153466961737000,1785153466961740000,1785153466961740000,1785153466961740000,121932490,121652369,-180.121,0.000,0.000,1.000,3.000,0.000,0.000,11.000,0,0,0
B3_zmq_pushpull,zmq_tcp,none,none,,1,30502,512,584,1785153466962631000,1785153466962631000,1785153466962631000,1785153466962632000,1785153466962751000,1785153466962754000,1785153466962754000,1785153466962754000,121932490,121652369,-161.121,0.000,0.000,1.000,3.000,0.000,0.000,19.000,0,0,0
B3_zmq_pushpull,zmq_tcp,none,none,,1,30503,512,584,1785153466963457000,1785153466963457000,1785153466963457000,1785153466963458000,1785153466963605000,1785153466963608000,1785153466963608000,1785153466963608000,121932490,121652369,-133.121,0.000,0.000,1.000,3.000,0.000,0.000,28.000,0,0,0
B3_zmq_pushpull,zmq_tcp,none,none,,1,30504,512,584,1785153466964678000,1785153466964679000,1785153466964679000,1785153466964680000,1785153466964850000,1785153466964853000,1785153466964853000,1785153466964853000,121932490,121652369,-110.121,1.000,0.000,1.000,3.000,0.000,0.000,23.000,0,0,0
B3_zmq_pushpull,zmq_tcp,none,none,,1,30505,512,584,1785153466965622000,1785153466965622000,1785153466965622000,1785153466965623000,1785153466965696000,1785153466965699000,1785153466965699000,1785153466965699000,121932490,121652369,-207.121,0.000,0.000,1.000,3.000,0.000,0.000,97.000,0,0,0
B3_zmq_pushpull,zmq_tcp,none,none,,1,30506,512,584,1785153466966526000,1785153466966526000,1785153466966526000,1785153466966528000,1785153466966685000,1785153466966688000,1785153466966688000,1785153466966688000,121932490,121652369,-123.121,0.000,0.000,2.000,3.000,0.000,0.000,84.000,0,0,0
B3_zmq_pushpull,zmq_tcp,none,none,,1,30507,512,584,1785153466967532000,1785153466967532000,1785153466967532000,1785153466967533000,1785153466967692000,1785153466967695000,1785153466967695000,1785153466967695000,121932490,121652369,-121.121,0.000,0.000,1.000,3.000,0.000,0.000,2.000,0,0,0
B3_zmq_pushpull,zmq_tcp,none,none,,1,30508,512,584,1785153466968661000,1785153466968661000,1785153466968661000,1785153466968662000,1785153466968835000,1785153466968838000,1785153466968838000,1785153466968838000,121932490,121652369,-107.121,0.000,0.000,1.000,3.000,0.000,0.000,14.000,0,0,0
B3_zmq_pushpull,zmq_tcp,none,none,,1,30509,512,584,1785153466969626000,1785153466969626000,1785153466969626000,1785153466969627000,1785153466969698000,1785153466969701000,1785153466969701000,1785153466969701000,121932490,121652369,-209.121,0.000,0.000,1.000,3.000,0.000,0.000,102.000,0,0,0
B3_zmq_pushpull,zmq_tcp,none,none,,1,30510,512,584,1785153466970639000,1785153466970640000,1785153466970640000,1785153466970641000,1785153466970715000,1785153466970717000,1785153466970717000,1785153466970717000,121932490,121652369,-206.121,1.000,0.000,1.000,2.000,0.000,0.000,3.000,0,0,0
B3_zmq_pushpull,zmq_tcp,none,none,,1,30511,512,584,1785153466971632000,1785153466971632000,1785153466971632000,1785153466971633000,1785153466971731000,1785153466971733000,1785153466971733000,1785153466971733000,121932490,121652369,-182.121,0.000,0.000,1.000,2.000,0.000,0.000,24.000,0,0,0
B3_zmq_pushpull,zmq_tcp,none,none,,1,30512,512,584,1785153466972634000,1785153466972634000,1785153466972634000,1785153466972635000,1785153466972736000,1785153466972739000,1785153466972739000,1785153466972739000,121932490,121652369,-179.121,0.000,0.000,1.000,3.000,0.000,0.000,3.000,0,0,0
B3_zmq_pushpull,zmq_tcp,none,none,,1,30513,512,584,1785153466973633000,1785153466973633000,1785153466973633000,1785153466973634000,1785153466973733000,1785153466973737000,1785153466973737000,1785153466973737000,121932490,121652369,-181.121,0.000,0.000,1.000,4.000,0.000,0.000,2.000,0,0,0
B3_zmq_pushpull,zmq_tcp,none,none,,1,30514,512,584,1785153466974634000,1785153466974634000,1785153466974634000,1785153466974635000,1785153466974739000,1785153466974742000,1785153466974742000,1785153466974742000,121932490,121652369,-176.121,0.000,0.000,1.000,3.000,0.000,0.000,5.000,0,0,0
B3_zmq_pushpull,zmq_tcp,none,none,,1,30515,512,584,1785153466975635000,1785153466975635000,1785153466975635000,1785153466975636000,1785153466975749000,1785153466975752000,1785153466975752000,1785153466975752000,121932490,121652369,-167.121,0.000,0.000,1.000,3.000,0.000,0.000,9.000,0,0,0
B3_zmq_pushpull,zmq_tcp,none,none,,1,30516,512,584,1785153466976468000,1785153466976468000,1785153466976468000,1785153466976469000,1785153466976620000,1785153466976622000,1785153466976622000,1785153466976622000,121932490,121652369,-129.121,0.000,0.000,1.000,2.000,0.000,0.000,38.000,0,0,0
B3_zmq_pushpull,zmq_tcp,none,none,,1,30517,512,584,1785153466977675000,1785153466977675000,1785153466977676000,1785153466977676000,1785153466977745000,1785153466977748000,1785153466977749000,1785153466977749000,121932490,121652369,-211.121,0.000,1.000,0.000,3.000,1.000,0.000,82.000,0,0,0
B3_zmq_pushpull,zmq_tcp,none,none,,1,30518,512,584,1785153466978627000,1785153466978628000,1785153466978628000,1785153466978629000,1785153466978765000,1785153466978768000,1785153466978768000,1785153466978768000,121932490,121652369,-144.121,1.000,0.000,1.000,3.000,0.000,0.000,67.000,0,0,0
B3_zmq_pushpull,zmq_tcp,none,none,,1,30519,512,584,1785153466979635000,1785153466979635000,1785153466979635000,1785153466979636000,1785153466979779000,1785153466979782000,1785153466979782000,1785153466979782000,121932490,121652369,-137.121,0.000,0.000,1.000,3.000,0.000,0.000,7.000,0,0,0
B3_zmq_pushpull,zmq_tcp,none,none,,1,30520,512,584,1785153466980631000,1785153466980631000,1785153466980631000,1785153466980632000,1785153466980776000,1785153466980779000,1785153466980779000,1785153466980779000,121932490,121652369,-136.121,0.000,0.000,1.000,3.000,0.000,0.000,1.000,0,0,0
B3_zmq_pushpull,zmq_tcp,none,none,,1,30521,512,584,1785153466981472000,1785153466981472000,1785153466981472000,1785153466981473000,1785153466981619000,1785153466981622000,1785153466981622000,1785153466981622000,121932490,121652369,-134.121,0.000,0.000,1.000,3.000,0.000,0.000,2.000,0,0,0
B3_zmq_pushpull,zmq_tcp,none,none,,1,30522,512,584,1785153466982674000,1785153466982674000,1785153466982674000,1785153466982675000,1785153466982765000,1785153466982769000,1785153466982769000,1785153466982769000,121932490,121652369,-190.121,0.000,0.000,1.000,4.000,0.000,0.000,56.000,0,0,0
B3_zmq_pushpull,zmq_tcp,none,none,,1,30523,512,584,1785153466983620000,1785153466983620000,1785153466983620000,1785153466983621000,1785153466983761000,1785153466983764000,1785153466983764000,1785153466983764000,121932490,121652369,-140.121,0.000,0.000,1.000,3.000,0.000,0.000,50.000,0,0,0
B3_zmq_pushpull,zmq_tcp,none,none,,1,30524,512,584,1785153466984440000,1785153466984441000,1785153466984441000,1785153466984442000,1785153466984597000,1785153466984600000,1785153466984600000,1785153466984600000,121932490,121652369,-125.121,1.000,0.000,1.000,3.000,0.000,0.000,15.000,0,0,0
B3_zmq_pushpull,zmq_tcp,none,none,,1,30525,512,584,1785153466985682000,1785153466985682000,1785153466985682000,1785153466985683000,1785153466985735000,1785153466985738000,1785153466985738000,1785153466985738000,121932490,121652369,-228.121,0.000,0.000,1.000,3.000,0.000,0.000,103.000,0,0,0
B3_zmq_pushpull,zmq_tcp,none,none,,1,30526,512,584,1785153466986619000,1785153466986619000,1785153466986619000,1785153466986620000,1785153466986733000,1785153466986737000,1785153466986737000,1785153466986737000,121932490,121652369,-167.121,0.000,0.000,1.000,4.000,0.000,0.000,61.000,0,0,0
B3_zmq_pushpull,zmq_tcp,none,none,,1,30527,512,584,1785153466987561000,1785153466987561000,1785153466987561000,1785153466987562000,1785153466987720000,1785153466987723000,1785153466987723000,1785153466987723000,121932490,121652369,-122.121,0.000,0.000,1.000,3.000,0.000,0.000,45.000,0,0,0
B3_zmq_pushpull,zmq_tcp,none,none,,1,30528,512,584,1785153466988653000,1785153466988653000,1785153466988653000,1785153466988654000,1785153466988719000,1785153466988722000,1785153466988722000,1785153466988722000,121932490,121652369,-215.121,0.000,0.000,1.000,3.000,0.000,0.000,93.000,0,0,0
B3_zmq_pushpull,zmq_tcp,none,none,,1,30529,512,584,1785153466989630000,1785153466989630000,1785153466989630000,1785153466989631000,1785153466989716000,1785153466989719000,1785153466989719000,1785153466989719000,121932490,121652369,-195.121,0.000,0.000,1.000,3.000,0.000,0.000,20.000,0,0,0
B3_zmq_pushpull,zmq_tcp,none,none,,1,30530,512,584,1785153466990634000,1785153466990634000,1785153466990634000,1785153466990635000,1785153466990704000,1785153466990707000,1785153466990707000,1785153466990707000,121932490,121652369,-211.121,0.000,0.000,1.000,3.000,0.000,0.000,16.000,0,0,0
B3_zmq_pushpull,zmq_tcp,none,none,,1,30531,512,584,1785153466991634000,1785153466991634000,1785153466991634000,1785153466991635000,1785153466991726000,1785153466991728000,1785153466991728000,1785153466991728000,121932490,121652369,-189.121,0.000,0.000,1.000,2.000,0.000,0.000,22.000,0,0,0
B3_zmq_pushpull,zmq_tcp,none,none,,1,30532,512,584,1785153466992445000,1785153466992445000,1785153466992445000,1785153466992446000,1785153466992610000,1785153466992612000,1785153466992612000,1785153466992612000,121932490,121652369,-116.121,0.000,0.000,1.000,2.000,0.000,0.000,73.000,0,0,0
B3_zmq_pushpull,zmq_tcp,none,none,,1,30533,512,584,1785153466993682000,1785153466993682000,1785153466993682000,1785153466993683000,1785153466993759000,1785153466993762000,1785153466993762000,1785153466993762000,121932490,121652369,-204.121,0.000,0.000,1.000,3.000,0.000,0.000,88.000,0,0,0
B3_zmq_pushpull,zmq_tcp,none,none,,1,30534,512,584,1785153466994620000,1785153466994620000,1785153466994620000,1785153466994621000,1785153466994747000,1785153466994749000,1785153466994749000,1785153466994749000,121932490,121652369,-154.121,0.000,0.000,1.000,2.000,0.000,0.000,50.000,0,0,0
B3_zmq_pushpull,zmq_tcp,none,none,,1,30535,512,584,1785153466995638000,1785153466995638000,1785153466995638000,1785153466995639000,1785153466995745000,1785153466995747000,1785153466995747000,1785153466995748000,121932490,121652369,-174.121,0.000,0.000,1.000,2.000,0.000,1.000,20.000,0,0,0
B3_zmq_pushpull,zmq_tcp,none,none,,1,30536,512,584,1785153466996633000,1785153466996634000,1785153466996634000,1785153466996635000,1785153466996755000,1785153466996758000,1785153466996758000,1785153466996758000,121932490,121652369,-160.121,1.000,0.000,1.000,3.000,0.000,0.000,14.000,0,0,0
B3_zmq_pushpull,zmq_tcp,none,none,,1,30537,512,584,1785153466997634000,1785153466997634000,1785153466997634000,1785153466997635000,1785153466997774000,1785153466997776000,1785153466997776000,1785153466997776000,121932490,121652369,-141.121,0.000,0.000,1.000,2.000,0.000,0.000,19.000,0,0,0
B3_zmq_pushpull,zmq_tcp,none,none,,1,30538,512,584,1785153466998631000,1785153466998631000,1785153466998631000,1785153466998632000,1785153466998780000,1785153466998783000,1785153466998783000,1785153466998783000,121932490,121652369,-132.121,0.000,0.000,1.000,3.000,0.000,0.000,9.000,0,0,0
B3_zmq_pushpull,zmq_tcp,none,none,,1,30539,512,584,1785153466999635000,1785153466999636000,1785153466999636000,1785153466999637000,1785153466999791000,1785153466999794000,1785153466999794000,1785153466999794000,121932490,121652369,-126.121,1.000,0.000,1.000,3.000,0.000,0.000,6.000,0,0,0
B3_zmq_pushpull,zmq_tcp,none,none,,1,30540,512,584,1785153467000634000,1785153467000634000,1785153467000634000,1785153467000635000,1785153467000814000,1785153467000817000,1785153467000817000,1785153467000817000,121932490,121652369,-101.121,0.000,0.000,1.000,3.000,0.000,0.000,25.000,0,0,0
B3_zmq_pushpull,zmq_tcp,none,none,,1,30541,512,584,1785153467001634000,1785153467001634000,1785153467001634000,1785153467001635000,1785153467001818000,1785153467001820000,1785153467001820000,1785153467001820000,121932490,121652369,-97.121,0.000,0.000,1.000,2.000,0.000,0.000,4.000,0,0,0
B3_zmq_pushpull,zmq_tcp,none,none,,1,30542,512,584,1785153467002510000,1785153467002511000,1785153467002511000,1785153467002512000,1785153467002659000,1785153467002662000,1785153467002662000,1785153467002662000,121932490,121652369,-133.121,1.000,0.000,1.000,3.000,0.000,0.000,36.000,0,0,0
B3_zmq_pushpull,zmq_tcp,none,none,,1,30543,512,584,1785153467003667000,1785153467003668000,1785153467003668000,1785153467003669000,1785153467003803000,1785153467003806000,1785153467003806000,1785153467003806000,121932490,121652369,-146.121,1.000,0.000,1.000,3.000,0.000,0.000,13.000,0,0,0
B3_zmq_pushpull,zmq_tcp,none,none,,1,30544,512,584,1785153467004523000,1785153467004523000,1785153467004523000,1785153467004524000,1785153467004683000,1785153467004686000,1785153467004686000,1785153467004686000,121932490,121652369,-121.121,0.000,0.000,1.000,3.000,0.000,0.000,25.000,0,0,0
B3_zmq_pushpull,zmq_tcp,none,none,,1,30545,512,584,1785153467005668000,1785153467005668000,1785153467005668000,1785153467005669000,1785153467005822000,1785153467005825000,1785153467005825000,1785153467005825000,121932490,121652369,-127.121,0.000,0.000,1.000,3.000,0.000,0.000,6.000,0,0,0
B3_zmq_pushpull,zmq_tcp,none,none,,1,30546,512,584,1785153467006625000,1785153467006625000,1785153467006625000,1785153467006626000,1785153467006690000,1785153467006694000,1785153467006694000,1785153467006694000,121932490,121652369,-216.121,0.000,0.000,1.000,4.000,0.000,0.000,89.000,0,0,0
B3_zmq_pushpull,zmq_tcp,none,none,,1,30547,512,584,1785153467007641000,1785153467007641000,1785153467007641000,1785153467007643000,1785153467007830000,1785153467007833000,1785153467007833000,1785153467007833000,121932490,121652369,-93.121,0.000,0.000,2.000,3.000,0.000,0.000,123.000,0,0,0
B3_zmq_pushpull,zmq_tcp,none,none,,1,30548,512,584,1785153467008634000,1785153467008634000,1785153467008634000,1785153467008635000,1785153467008690000,1785153467008695000,1785153467008695000,1785153467008695000,121932490,121652369,-225.121,0.000,0.000,1.000,5.000,0.000,0.000,132.000,0,0,0
B3_zmq_pushpull,zmq_tcp,none,none,,1,30549,512,584,1785153467009635000,1785153467009635000,1785153467009635000,1785153467009636000,1785153467009717000,1785153467009720000,1785153467009720000,1785153467009720000,121932490,121652369,-199.121,0.000,0.000,1.000,3.000,0.000,0.000,26.000,0,0,0
B3_zmq_pushpull,zmq_tcp,none,none,,1,30550,512,584,1785153467010631000,1785153467010631000,1785153467010631000,1785153467010632000,1785153467010722000,1785153467010724000,1785153467010724000,1785153467010724000,121932490,121652369,-190.121,0.000,0.000,1.000,2.000,0.000,0.000,9.000,0,0,0
B3_zmq_pushpull,zmq_tcp,none,none,,1,30551,512,584,1785153467011636000,1785153467011636000,1785153467011636000,1785153467011637000,1785153467011728000,1785153467011731000,1785153467011731000,1785153467011731000,121932490,121652369,-189.121,0.000,0.000,1.000,3.000,0.000,0.000,1.000,0,0,0
B3_zmq_pushpull,zmq_tcp,none,none,,1,30552,512,584,1785153467012634000,1785153467012634000,1785153467012634000,1785153467012635000,1785153467012716000,1785153467012719000,1785153467012719000,1785153467012719000,121932490,121652369,-199.121,0.000,0.000,1.000,3.000,0.000,0.000,10.000,0,0,0
B3_zmq_pushpull,zmq_tcp,none,none,,1,30553,512,584,1785153467013634000,1785153467013634000,1785153467013635000,1785153467013635000,1785153467013723000,1785153467013726000,1785153467013726000,1785153467013726000,121932490,121652369,-192.121,0.000,1.000,0.000,3.000,0.000,0.000,7.000,0,0,0
B3_zmq_pushpull,zmq_tcp,none,none,,1,30554,512,584,1785153467014631000,1785153467014631000,1785153467014631000,1785153467014632000,1785153467014734000,1785153467014737000,1785153467014737000,1785153467014737000,121932490,121652369,-178.121,0.000,0.000,1.000,3.000,0.000,0.000,14.000,0,0,0
B3_zmq_pushpull,zmq_tcp,none,none,,1,30555,512,584,1785153467015636000,1785153467015636000,1785153467015636000,1785153467015637000,1785153467015728000,1785153467015731000,1785153467015731000,1785153467015731000,121932490,121652369,-189.121,0.000,0.000,1.000,3.000,0.000,0.000,11.000,0,0,0
B3_zmq_pushpull,zmq_tcp,none,none,,1,30556,512,584,1785153467016634000,1785153467016634000,1785153467016634000,1785153467016635000,1785153467016726000,1785153467016728000,1785153467016728000,1785153467016728000,121932490,121652369,-189.121,0.000,0.000,1.000,2.000,0.000,0.000,0.000,0,0,0
B3_zmq_pushpull,zmq_tcp,none,none,,1,30557,512,584,1785153467017634000,1785153467017634000,1785153467017634000,1785153467017635000,1785153467017732000,1785153467017735000,1785153467017735000,1785153467017735000,121932490,121652369,-183.121,0.000,0.000,1.000,3.000,0.000,0.000,6.000,0,0,0
B3_zmq_pushpull,zmq_tcp,none,none,,1,30558,512,584,1785153467018634000,1785153467018634000,1785153467018634000,1785153467018635000,1785153467018743000,1785153467018746000,1785153467018746000,1785153467018746000,121932490,121652369,-172.121,0.000,0.000,1.000,3.000,0.000,0.000,11.000,0,0,0
B3_zmq_pushpull,zmq_tcp,none,none,,1,30559,512,584,1785153467019635000,1785153467019635000,1785153467019635000,1785153467019636000,1785153467019744000,1785153467019748000,1785153467019748000,1785153467019748000,121932490,121652369,-172.121,0.000,0.000,1.000,4.000,0.000,0.000,0.000,0,0,0
B3_zmq_pushpull,zmq_tcp,none,none,,1,30560,512,584,1785153467020634000,1785153467020634000,1785153467020634000,1785153467020635000,1785153467020751000,1785153467020754000,1785153467020754000,1785153467020754000,121932490,121652369,-164.121,0.000,0.000,1.000,3.000,0.000,0.000,8.000,0,0,0
B3_zmq_pushpull,zmq_tcp,none,none,,1,30561,512,584,1785153467021634000,1785153467021634000,1785153467021634000,1785153467021635000,1785153467021758000,1785153467021761000,1785153467021761000,1785153467021761000,121932490,121652369,-157.121,0.000,0.000,1.000,3.000,0.000,0.000,7.000,0,0,0
B3_zmq_pushpull,zmq_tcp,none,none,,1,30562,512,584,1785153467022633000,1785153467022633000,1785153467022633000,1785153467022634000,1785153467022740000,1785153467022743000,1785153467022743000,1785153467022743000,121932490,121652369,-174.121,0.000,0.000,1.000,3.000,0.000,0.000,17.000,0,0,0
B3_zmq_pushpull,zmq_tcp,none,none,,1,30563,512,584,1785153467023444000,1785153467023444000,1785153467023444000,1785153467023445000,1785153467023608000,1785153467023611000,1785153467023611000,1785153467023611000,121932490,121652369,-117.121,0.000,0.000,1.000,3.000,0.000,0.000,57.000,0,0,0
B3_zmq_pushpull,zmq_tcp,none,none,,1,30564,512,584,1785153467024683000,1785153467024683000,1785153467024683000,1785153467024684000,1785153467024746000,1785153467024750000,1785153467024750000,1785153467024750000,121932490,121652369,-218.121,0.000,0.000,1.000,4.000,0.000,0.000,101.000,0,0,0
B3_zmq_pushpull,zmq_tcp,none,none,,1,30565,512,584,1785153467025617000,1785153467025617000,1785153467025617000,1785153467025618000,1785153467025763000,1785153467025766000,1785153467025766000,1785153467025766000,121932490,121652369,-135.121,0.000,0.000,1.000,3.000,0.000,0.000,83.000,0,0,0
B3_zmq_pushpull,zmq_tcp,none,none,,1,30566,512,584,1785153467026473000,1785153467026473000,1785153467026473000,1785153467026474000,1785153467026634000,1785153467026636000,1785153467026636000,1785153467026636000,121932490,121652369,-120.121,0.000,0.000,1.000,2.000,0.000,0.000,15.000,0,0,0
B3_zmq_pushpull,zmq_tcp,none,none,,1,30567,512,584,1785153467027674000,1785153467027674000,1785153467027674000,1785153467027675000,1785153467027778000,1785153467027782000,1785153467027782000,1785153467027782000,121932490,121652369,-177.121,0.000,0.000,1.000,4.000,0.000,0.000,57.000,0,0,0
B3_zmq_pushpull,zmq_tcp,none,none,,1,30568,512,584,1785153467028625000,1785153467028625000,1785153467028625000,1785153467028626000,1785153467028774000,1785153467028777000,1785153467028777000,1785153467028777000,121932490,121652369,-132.121,0.000,0.000,1.000,3.000,0.000,0.000,45.000,0,0,0
B3_zmq_pushpull,zmq_tcp,none,none,,1,30569,512,584,1785153467029635000,1785153467029635000,1785153467029636000,1785153467029636000,1785153467029772000,1785153467029775000,1785153467029775000,1785153467029775000,121932490,121652369,-144.121,0.000,1.000,0.000,3.000,0.000,0.000,12.000,0,0,0
B3_zmq_pushpull,zmq_tcp,none,none,,1,30570,512,584,1785153467030634000,1785153467030634000,1785153467030634000,1785153467030635000,1785153467030762000,1785153467030764000,1785153467030764000,1785153467030764000,121932490,121652369,-153.121,0.000,0.000,1.000,2.000,0.000,0.000,9.000,0,0,0
B3_zmq_pushpull,zmq_tcp,none,none,,1,30571,512,584,1785153467031634000,1785153467031634000,1785153467031634000,1785153467031635000,1785153467031766000,1785153467031768000,1785153467031768000,1785153467031768000,121932490,121652369,-149.121,0.000,0.000,1.000,2.000,0.000,0.000,4.000,0,0,0
B3_zmq_pushpull,zmq_tcp,none,none,,1,30572,512,584,1785153467032632000,1785153467032632000,1785153467032632000,1785153467032633000,1785153467032778000,1785153467032781000,1785153467032781000,1785153467032781000,121932490,121652369,-135.121,0.000,0.000,1.000,3.000,0.000,0.000,14.000,0,0,0
B3_zmq_pushpull,zmq_tcp,none,none,,1,30573,512,584,1785153467033640000,1785153467033640000,1785153467033640000,1785153467033641000,1785153467033808000,1785153467033811000,1785153467033811000,1785153467033811000,121932490,121652369,-113.121,0.000,0.000,1.000,3.000,0.000,0.000,22.000,0,0,0
B3_zmq_pushpull,zmq_tcp,none,none,,1,30574,512,584,1785153467034496000,1785153467034496000,1785153467034496000,1785153467034497000,1785153467034658000,1785153467034660000,1785153467034660000,1785153467034660000,121932490,121652369,-119.121,0.000,0.000,1.000,2.000,0.000,0.000,6.000,0,0,0
B3_zmq_pushpull,zmq_tcp,none,none,,1,30575,512,584,1785153467035670000,1785153467035670000,1785153467035670000,1785153467035671000,1785153467035766000,1785153467035770000,1785153467035770000,1785153467035770000,121932490,121652369,-185.121,0.000,0.000,1.000,4.000,0.000,0.000,66.000,0,0,0
B3_zmq_pushpull,zmq_tcp,none,none,,1,30576,512,584,1785153467036458000,1785153467036459000,1785153467036459000,1785153467036460000,1785153467036604000,1785153467036608000,1785153467036608000,1785153467036608000,121932490,121652369,-136.121,1.000,0.000,1.000,4.000,0.000,0.000,49.000,0,0,0
B3_zmq_pushpull,zmq_tcp,none,none,,1,30577,512,584,1785153467037445000,1785153467037445000,1785153467037445000,1785153467037446000,1785153467037604000,1785153467037607000,1785153467037607000,1785153467037607000,121932490,121652369,-122.121,0.000,0.000,1.000,3.000,0.000,0.000,14.000,0,0,0
B3_zmq_pushpull,zmq_tcp,none,none,,1,30578,512,584,1785153467038456000,1785153467038456000,1785153467038456000,1785153467038457000,1785153467038605000,1785153467038611000,1785153467038611000,1785153467038611000,121932490,121652369,-132.121,0.000,0.000,1.000,6.000,0.000,0.000,10.000,0,0,0
B3_zmq_pushpull,zmq_tcp,none,none,,1,30579,512,584,1785153467039446000,1785153467039446000,1785153467039446000,1785153467039447000,1785153467039608000,1785153467039611000,1785153467039611000,1785153467039611000,121932490,121652369,-119.121,0.000,0.000,1.000,3.000,0.000,0.000,13.000,0,0,0
B3_zmq_pushpull,zmq_tcp,none,none,,1,30580,512,584,1785153467040446000,1785153467040446000,1785153467040446000,1785153467040447000,1785153467040606000,1785153467040609000,1785153467040609000,1785153467040609000,121932490,121652369,-121.121,0.000,0.000,1.000,3.000,0.000,0.000,2.000,0,0,0
B3_zmq_pushpull,zmq_tcp,none,none,,1,30581,512,584,1785153467041447000,1785153467041447000,1785153467041447000,1785153467041448000,1785153467041599000,1785153467041602000,1785153467041602000,1785153467041602000,121932490,121652369,-129.121,0.000,0.000,1.000,3.000,0.000,0.000,8.000,0,0,0
B3_zmq_pushpull,zmq_tcp,none,none,,1,30582,512,584,1785153467042458000,1785153467042458000,1785153467042458000,1785153467042459000,1785153467042615000,1785153467042618000,1785153467042618000,1785153467042618000,121932490,121652369,-124.121,0.000,0.000,1.000,3.000,0.000,0.000,5.000,0,0,0
B3_zmq_pushpull,zmq_tcp,none,none,,1,30583,512,584,1785153467043676000,1785153467043676000,1785153467043676000,1785153467043677000,1785153467043746000,1785153467043748000,1785153467043748000,1785153467043748000,121932490,121652369,-211.121,0.000,0.000,1.000,2.000,0.000,0.000,87.000,0,0,0
B3_zmq_pushpull,zmq_tcp,none,none,,1,30584,512,584,1785153467044624000,1785153467044624000,1785153467044624000,1785153467044625000,1785153467044735000,1785153467044738000,1785153467044738000,1785153467044738000,121932490,121652369,-170.121,0.000,0.000,1.000,3.000,0.000,0.000,41.000,0,0,0
B3_zmq_pushpull,zmq_tcp,none,none,,1,30585,512,584,1785153467045637000,1785153467045637000,1785153467045637000,1785153467045638000,1785153467045758000,1785153467045760000,1785153467045761000,1785153467045761000,121932490,121652369,-160.121,0.000,0.000,1.000,2.000,1.000,0.000,10.000,0,0,0
B3_zmq_pushpull,zmq_tcp,none,none,,1,30586,512,584,1785153467046633000,1785153467046633000,1785153467046633000,1785153467046634000,1785153467046762000,1785153467046764000,1785153467046764000,1785153467046764000,121932490,121652369,-152.121,0.000,0.000,1.000,2.000,0.000,0.000,8.000,0,0,0
B3_zmq_pushpull,zmq_tcp,none,none,,1,30587,512,584,1785153467047635000,1785153467047635000,1785153467047635000,1785153467047636000,1785153467047755000,1785153467047759000,1785153467047759000,1785153467047759000,121932490,121652369,-161.121,0.000,0.000,1.000,4.000,0.000,0.000,9.000,0,0,0
B3_zmq_pushpull,zmq_tcp,none,none,,1,30588,512,584,1785153467048458000,1785153467048459000,1785153467048459000,1785153467048460000,1785153467048615000,1785153467048618000,1785153467048618000,1785153467048618000,121932490,121652369,-125.121,1.000,0.000,1.000,3.000,0.000,0.000,36.000,0,0,0
B3_zmq_pushpull,zmq_tcp,none,none,,1,30589,512,584,1785153467049463000,1785153467049463000,1785153467049463000,1785153467049464000,1785153467049618000,1785153467049621000,1785153467049621000,1785153467049621000,121932490,121652369,-126.121,0.000,0.000,1.000,3.000,0.000,0.000,1.000,0,0,0
B3_zmq_pushpull,zmq_tcp,none,none,,1,30590,512,584,1785153467050676000,1785153467050676000,1785153467050676000,1785153467050677000,1785153467050740000,1785153467050742000,1785153467050743000,1785153467050743000,121932490,121652369,-217.121,0.000,0.000,1.000,2.000,1.000,0.000,91.000,0,0,0
B3_zmq_pushpull,zmq_tcp,none,none,,1,30591,512,584,1785153467051625000,1785153467051625000,1785153467051625000,1785153467051626000,1785153467051735000,1785153467051738000,1785153467051738000,1785153467051738000,121932490,121652369,-171.121,0.000,0.000,1.000,3.000,0.000,0.000,46.000,0,0,0
B3_zmq_pushpull,zmq_tcp,none,none,,1,30592,512,584,1785153467052637000,1785153467052637000,1785153467052637000,1785153467052638000,1785153467052735000,1785153467052738000,1785153467052738000,1785153467052738000,121932490,121652369,-183.121,0.000,0.000,1.000,3.000,0.000,0.000,12.000,0,0,0
B3_zmq_pushpull,zmq_tcp,none,none,,1,30593,512,584,1785153467053634000,1785153467053634000,1785153467053634000,1785153467053635000,1785153467053747000,1785153467053750000,1785153467053750000,1785153467053750000,121932490,121652369,-168.121,0.000,0.000,1.000,3.000,0.000,0.000,15.000,0,0,0
B3_zmq_pushpull,zmq_tcp,none,none,,1,30594,512,584,1785153467054636000,1785153467054636000,1785153467054636000,1785153467054637000,1785153467054755000,1785153467054759000,1785153467054759000,1785153467054759000,121932490,121652369,-162.121,0.000,0.000,1.000,4.000,0.000,0.000,6.000,0,0,0
B3_zmq_pushpull,zmq_tcp,none,none,,1,30595,512,584,1785153467055466000,1785153467055466000,1785153467055466000,1785153467055467000,1785153467055626000,1785153467055629000,1785153467055629000,1785153467055629000,121932490,121652369,-121.121,0.000,0.000,1.000,3.000,0.000,0.000,41.000,0,0,0
B3_zmq_pushpull,zmq_tcp,none,none,,1,30596,512,584,1785153467056678000,1785153467056678000,1785153467056678000,1785153467056679000,1785153467056770000,1785153467056773000,1785153467056773000,1785153467056773000,121932490,121652369,-189.121,0.000,0.000,1.000,3.000,0.000,0.000,68.000,0,0,0
B3_zmq_pushpull,zmq_tcp,none,none,,1,30597,512,584,1785153467057619000,1785153467057619000,1785153467057619000,1785153467057620000,1785153467057762000,1785153467057765000,1785153467057765000,1785153467057765000,121932490,121652369,-138.121,0.000,0.000,1.000,3.000,0.000,0.000,51.000,0,0,0
B3_zmq_pushpull,zmq_tcp,none,none,,1,30598,512,584,1785153467058440000,1785153467058440000,1785153467058440000,1785153467058441000,1785153467058595000,1785153467058598000,1785153467058598000,1785153467058598000,121932490,121652369,-126.121,0.000,0.000,1.000,3.000,0.000,0.000,12.000,0,0,0
B3_zmq_pushpull,zmq_tcp,none,none,,1,30599,512,584,1785153467059682000,1785153467059683000,1785153467059683000,1785153467059684000,1785153467059746000,1785153467059750000,1785153467059750000,1785153467059750000,121932490,121652369,-218.121,1.000,0.000,1.000,4.000,0.000,0.000,92.000,0,0,0
B3_zmq_pushpull,zmq_tcp,none,none,,1,30600,512,584,1785153467060617000,1785153467060617000,1785153467060617000,1785153467060618000,1785153467060765000,1785153467060768000,1785153467060768000,1785153467060768000,121932490,121652369,-133.121,0.000,0.000,1.000,3.000,0.000,0.000,85.000,0,0,0
B3_zmq_pushpull,zmq_tcp,none,none,,1,30601,512,584,1785153467061641000,1785153467061641000,1785153467061641000,1785153467061642000,1785153467061743000,1785153467061746000,1785153467061746000,1785153467061746000,121932490,121652369,-179.121,0.000,0.000,1.000,3.000,0.000,0.000,46.000,0,0,0
B3_zmq_pushpull,zmq_tcp,none,none,,1,30602,512,584,1785153467062634000,1785153467062634000,1785153467062634000,1785153467062635000,1785153467062753000,1785153467062756000,1785153467062756000,1785153467062756000,121932490,121652369,-162.121,0.000,0.000,1.000,3.000,0.000,0.000,17.000,0,0,0
B3_zmq_pushpull,zmq_tcp,none,none,,1,30603,512,584,1785153467063634000,1785153467063634000,1785153467063634000,1785153467063635000,1785153467063753000,1785153467063755000,1785153467063755000,1785153467063755000,121932490,121652369,-162.121,0.000,0.000,1.000,2.000,0.000,0.000,0.000,0,0,0
B3_zmq_pushpull,zmq_tcp,none,none,,1,30604,512,584,1785153467064631000,1785153467064632000,1785153467064632000,1785153467064633000,1785153467064742000,1785153467064744000,1785153467064745000,1785153467064745000,121932490,121652369,-171.121,1.000,0.000,1.000,2.000,1.000,0.000,9.000,0,0,0
B3_zmq_pushpull,zmq_tcp,none,none,,1,30605,512,584,1785153467065636000,1785153467065636000,1785153467065636000,1785153467065637000,1785153467065765000,1785153467065768000,1785153467065768000,1785153467065768000,121932490,121652369,-152.121,0.000,0.000,1.000,3.000,0.000,0.000,19.000,0,0,0
B3_zmq_pushpull,zmq_tcp,none,none,,1,30606,512,584,1785153467066634000,1785153467066635000,1785153467066635000,1785153467066636000,1785153467066783000,1785153467066786000,1785153467066786000,1785153467066786000,121932490,121652369,-133.121,1.000,0.000,1.000,3.000,0.000,0.000,19.000,0,0,0
B3_zmq_pushpull,zmq_tcp,none,none,,1,30607,512,584,1785153467067631000,1785153467067631000,1785153467067631000,1785153467067632000,1785153467067779000,1785153467067782000,1785153467067782000,1785153467067782000,121932490,121652369,-133.121,0.000,0.000,1.000,3.000,0.000,0.000,0.000,0,0,0
B3_zmq_pushpull,zmq_tcp,none,none,,1,30608,512,584,1785153467068636000,1785153467068636000,1785153467068636000,1785153467068637000,1785153467068781000,1785153467068784000,1785153467068784000,1785153467068784000,121932490,121652369,-136.121,0.000,0.000,1.000,3.000,0.000,0.000,3.000,0,0,0
B3_zmq_pushpull,zmq_tcp,none,none,,1,30609,512,584,1785153467069634000,1785153467069634000,1785153467069634000,1785153467069635000,1785153467069795000,1785153467069798000,1785153467069798000,1785153467069798000,121932490,121652369,-120.121,0.000,0.000,1.000,3.000,0.000,0.000,16.000,0,0,0
B3_zmq_pushpull,zmq_tcp,none,none,,1,30610,512,584,1785153467070635000,1785153467070635000,1785153467070635000,1785153467070636000,1785153467070779000,1785153467070782000,1785153467070782000,1785153467070782000,121932490,121652369,-137.121,0.000,0.000,1.000,3.000,0.000,0.000,17.000,0,0,0
B3_zmq_pushpull,zmq_tcp,none,none,,1,30611,512,584,1785153467071632000,1785153467071632000,1785153467071632000,1785153467071633000,1785153467071777000,1785153467071779000,1785153467071779000,1785153467071779000,121932490,121652369,-136.121,0.000,0.000,1.000,2.000,0.000,0.000,1.000,0,0,0
B3_zmq_pushpull,zmq_tcp,none,none,,1,30612,512,584,1785153467072636000,1785153467072636000,1785153467072636000,1785153467072637000,1785153467072772000,1785153467072775000,1785153467072775000,1785153467072775000,121932490,121652369,-145.121,0.000,0.000,1.000,3.000,0.000,0.000,9.000,0,0,0
B3_zmq_pushpull,zmq_tcp,none,none,,1,30613,512,584,1785153467073635000,1785153467073635000,1785153467073635000,1785153467073636000,1785153467073789000,1785153467073792000,1785153467073792000,1785153467073792000,121932490,121652369,-127.121,0.000,0.000,1.000,3.000,0.000,0.000,18.000,0,0,0
B3_zmq_pushpull,zmq_tcp,none,none,,1,30614,512,584,1785153467074636000,1785153467074636000,1785153467074636000,1785153467074637000,1785153467074795000,1785153467074798000,1785153467074798000,1785153467074798000,121932490,121652369,-122.121,0.000,0.000,1.000,3.000,0.000,0.000,5.000,0,0,0
B3_zmq_pushpull,zmq_tcp,none,none,,1,30615,512,584,1785153467075498000,1785153467075498000,1785153467075498000,1785153467075499000,1785153467075658000,1785153467075661000,1785153467075661000,1785153467075661000,121932490,121652369,-121.121,0.000,0.000,1.000,3.000,0.000,0.000,1.000,0,0,0
B3_zmq_pushpull,zmq_tcp,none,none,,1,30616,512,584,1785153467076651000,1785153467076651000,1785153467076651000,1785153467076653000,1785153467076794000,1785153467076797000,1785153467076797000,1785153467076797000,121932490,121652369,-139.121,0.000,0.000,2.000,3.000,0.000,0.000,18.000,0,0,0
B3_zmq_pushpull,zmq_tcp,none,none,,1,30617,512,584,1785153467077630000,1785153467077630000,1785153467077630000,1785153467077631000,1785153467077793000,1785153467077796000,1785153467077796000,1785153467077796000,121932490,121652369,-118.121,0.000,0.000,1.000,3.000,0.000,0.000,21.000,0,0,0
B3_zmq_pushpull,zmq_tcp,none,none,,1,30618,512,584,1785153467078635000,1785153467078636000,1785153467078636000,1785153467078637000,1785153467078794000,1785153467078797000,1785153467078797000,1785153467078797000,121932490,121652369,-123.121,1.000,0.000,1.000,3.000,0.000,0.000,5.000,0,0,0
B3_zmq_pushpull,zmq_tcp,none,none,,1,30619,512,584,1785153467079631000,1785153467079631000,1785153467079631000,1785153467079632000,1785153467079782000,1785153467079785000,1785153467079785000,1785153467079785000,121932490,121652369,-130.121,0.000,0.000,1.000,3.000,0.000,0.000,7.000,0,0,0
B3_zmq_pushpull,zmq_tcp,none,none,,1,30620,512,584,1785153467080503000,1785153467080503000,1785153467080503000,1785153467080504000,1785153467080660000,1785153467080664000,1785153467080664000,1785153467080664000,121932490,121652369,-124.121,0.000,0.000,1.000,4.000,0.000,0.000,6.000,0,0,0
B3_zmq_pushpull,zmq_tcp,none,none,,1,30621,512,584,1785153467081668000,1785153467081668000,1785153467081668000,1785153467081669000,1785153467081826000,1785153467081829000,1785153467081829000,1785153467081829000,121932490,121652369,-123.121,0.000,0.000,1.000,3.000,0.000,0.000,1.000,0,0,0
B3_zmq_pushpull,zmq_tcp,none,none,,1,30622,512,584,1785153467082626000,1785153467082626000,1785153467082626000,1785153467082627000,1785153467082693000,1785153467082696000,1785153467082696000,1785153467082696000,121932490,121652369,-214.121,0.000,0.000,1.000,3.000,0.000,0.000,91.000,0,0,0
B3_zmq_pushpull,zmq_tcp,none,none,,1,30623,512,584,1785153467083641000,1785153467083641000,1785153467083641000,1785153467083642000,1785153467083714000,1785153467083718000,1785153467083718000,1785153467083718000,121932490,121652369,-208.121,0.000,0.000,1.000,4.000,0.000,0.000,6.000,0,0,0
B3_zmq_pushpull,zmq_tcp,none,none,,1,30624,512,584,1785153467084633000,1785153467084633000,1785153467084633000,1785153467084634000,1785153467084725000,1785153467084727000,1785153467084727000,1785153467084727000,121932490,121652369,-189.121,0.000,0.000,1.000,2.000,0.000,0.000,19.000,0,0,0
B3_zmq_pushpull,zmq_tcp,none,none,,1,30625,512,584,1785153467085635000,1785153467085635000,1785153467085635000,1785153467085636000,1785153467085712000,1785153467085715000,1785153467085715000,1785153467085715000,121932490,121652369,-204.121,0.000,0.000,1.000,3.000,0.000,0.000,15.000,0,0,0
B3_zmq_pushpull,zmq_tcp,none,none,,1,30626,512,584,1785153467086632000,1785153467086632000,1785153467086632000,1785153467086633000,1785153467086718000,1785153467086721000,1785153467086721000,1785153467086721000,121932490,121652369,-195.121,0.000,0.000,1.000,3.000,0.000,0.000,9.000,0,0,0
B3_zmq_pushpull,zmq_tcp,none,none,,1,30627,512,584,1785153467087634000,1785153467087635000,1785153467087635000,1785153467087636000,1785153467087729000,1785153467087731000,1785153467087731000,1785153467087731000,121932490,121652369,-187.121,1.000,0.000,1.000,2.000,0.000,0.000,8.000,0,0,0
B3_zmq_pushpull,zmq_tcp,none,none,,1,30628,512,584,1785153467088636000,1785153467088636000,1785153467088636000,1785153467088637000,1785153467088727000,1785153467088730000,1785153467088730000,1785153467088730000,121932490,121652369,-190.121,0.000,0.000,1.000,3.000,0.000,0.000,3.000,0,0,0
B3_zmq_pushpull,zmq_tcp,none,none,,1,30629,512,584,1785153467089633000,1785153467089633000,1785153467089633000,1785153467089634000,1785153467089729000,1785153467089731000,1785153467089731000,1785153467089731000,121932490,121652369,-185.121,0.000,0.000,1.000,2.000,0.000,0.000,5.000,0,0,0
B3_zmq_pushpull,zmq_tcp,none,none,,1,30630,512,584,1785153467090637000,1785153467090637000,1785153467090637000,1785153467090638000,1785153467090831000,1785153467090835000,1785153467090835000,1785153467090835000,121932490,121652369,-87.121,0.000,0.000,1.000,4.000,0.000,0.000,98.000,0,0,0
B3_zmq_pushpull,zmq_tcp,none,none,,1,30631,512,584,1785153467091532000,1785153467091533000,1785153467091533000,1785153467091534000,1785153467091689000,1785153467091692000,1785153467091692000,1785153467091692000,121932490,121652369,-125.121,1.000,0.000,1.000,3.000,0.000,0.000,38.000,0,0,0
B3_zmq_pushpull,zmq_tcp,none,none,,1,30632,512,584,1785153467092660000,1785153467092660000,1785153467092660000,1785153467092661000,1785153467092837000,1785153467092839000,1785153467092839000,1785153467092839000,121932490,121652369,-104.121,0.000,0.000,1.000,2.000,0.000,0.000,21.000,0,0,0
B3_zmq_pushpull,zmq_tcp,none,none,,1,30633,512,584,1785153467093538000,1785153467093538000,1785153467093538000,1785153467093539000,1785153467093695000,1785153467093698000,1785153467093698000,1785153467093698000,121932490,121652369,-124.121,0.000,0.000,1.000,3.000,0.000,0.000,20.000,0,0,0
B3_zmq_pushpull,zmq_tcp,none,none,,1,30634,512,584,1785153467094661000,1785153467094662000,1785153467094662000,1785153467094663000,1785153467094853000,1785153467094855000,1785153467094855000,1785153467094855000,121932490,121652369,-90.121,1.000,0.000,1.000,2.000,0.000,0.000,34.000,0,0,0
B3_zmq_pushpull,zmq_tcp,none,none,,1,30635,512,584,1785153467095628000,1785153467095628000,1785153467095628000,1785153467095629000,1785153467095727000,1785153467095730000,1785153467095730000,1785153467095730000,121932490,121652369,-182.121,0.000,0.000,1.000,3.000,0.000,0.000,92.000,0,0,0
B3_zmq_pushpull,zmq_tcp,none,none,,1,30636,512,584,1785153467096636000,1785153467096637000,1785153467096637000,1785153467096638000,1785153467096700000,1785153467096703000,1785153467096703000,1785153467096703000,121932490,121652369,-218.121,1.000,0.000,1.000,3.000,0.000,0.000,36.000,0,0,0
B3_zmq_pushpull,zmq_tcp,none,none,,1,30637,512,584,1785153467097631000,1785153467097631000,1785153467097631000,1785153467097632000,1785153467097677000,1785153467097680000,1785153467097680000,1785153467097680000,121932490,121652369,-235.121,0.000,0.000,1.000,3.000,0.000,0.000,17.000,0,0,0
B3_zmq_pushpull,zmq_tcp,none,none,,1,30638,512,584,1785153467098637000,1785153467098637000,1785153467098637000,1785153467098638000,1785153467098685000,1785153467098688000,1785153467098688000,1785153467098688000,121932490,121652369,-233.121,0.000,0.000,1.000,3.000,0.000,0.000,2.000,0,0,0
B3_zmq_pushpull,zmq_tcp,none,none,,1,30639,512,584,1785153467099635000,1785153467099635000,1785153467099635000,1785153467099636000,1785153467099681000,1785153467099684000,1785153467099684000,1785153467099684000,121932490,121652369,-235.121,0.000,0.000,1.000,3.000,0.000,0.000,2.000,0,0,0
B3_zmq_pushpull,zmq_tcp,none,none,,1,30640,512,584,1785153467100635000,1785153467100636000,1785153467100636000,1785153467100637000,1785153467100826000,1785153467100829000,1785153467100829000,1785153467100829000,121932490,121652369,-91.121,1.000,0.000,1.000,3.000,0.000,0.000,144.000,0,0,0
B3_zmq_pushpull,zmq_tcp,none,none,,1,30641,512,584,1785153467101527000,1785153467101527000,1785153467101527000,1785153467101528000,1785153467101690000,1785153467101693000,1785153467101693000,1785153467101693000,121932490,121652369,-118.121,0.000,0.000,1.000,3.000,0.000,0.000,27.000,0,0,0
B3_zmq_pushpull,zmq_tcp,none,none,,1,30642,512,584,1785153467102514000,1785153467102514000,1785153467102514000,1785153467102515000,1785153467102662000,1785153467102665000,1785153467102665000,1785153467102665000,121932490,121652369,-133.121,0.000,0.000,1.000,3.000,0.000,0.000,15.000,0,0,0
B3_zmq_pushpull,zmq_tcp,none,none,,1,30643,512,584,1785153467103495000,1785153467103495000,1785153467103495000,1785153467103496000,1785153467103645000,1785153467103647000,1785153467103648000,1785153467103648000,121932490,121652369,-131.121,0.000,0.000,1.000,2.000,1.000,0.000,2.000,0,0,0
B3_zmq_pushpull,zmq_tcp,none,none,,1,30644,512,584,1785153467104670000,1785153467104670000,1785153467104670000,1785153467104671000,1785153467104779000,1785153467104782000,1785153467104782000,1785153467104782000,121932490,121652369,-172.121,0.000,0.000,1.000,3.000,0.000,0.000,41.000,0,0,0
B3_zmq_pushpull,zmq_tcp,none,none,,1,30645,512,584,1785153467105622000,1785153467105622000,1785153467105622000,1785153467105623000,1785153467105779000,1785153467105782000,1785153467105782000,1785153467105782000,121932490,121652369,-124.121,0.000,0.000,1.000,3.000,0.000,0.000,48.000,0,0,0
B3_zmq_pushpull,zmq_tcp,none,none,,1,30646,512,584,1785153467106639000,1785153467106639000,1785153467106639000,1785153467106640000,1785153467106787000,1785153467106790000,1785153467106790000,1785153467106790000,121932490,121652369,-133.121,0.000,0.000,1.000,3.000,0.000,0.000,9.000,0,0,0
B3_zmq_pushpull,zmq_tcp,none,none,,1,30647,512,584,1785153467107637000,1785153467107637000,1785153467107637000,1785153467107638000,1785153467107799000,1785153467107802000,1785153467107802000,1785153467107802000,121932490,121652369,-119.121,0.000,0.000,1.000,3.000,0.000,0.000,14.000,0,0,0
B3_zmq_pushpull,zmq_tcp,none,none,,1,30648,512,584,1785153467108635000,1785153467108635000,1785153467108635000,1785153467108636000,1785153467108799000,1785153467108802000,1785153467108802000,1785153467108802000,121932490,121652369,-117.121,0.000,0.000,1.000,3.000,0.000,0.000,2.000,0,0,0
B3_zmq_pushpull,zmq_tcp,none,none,,1,30649,512,584,1785153467109631000,1785153467109631000,1785153467109631000,1785153467109632000,1785153467109807000,1785153467109810000,1785153467109810000,1785153467109810000,121932490,121652369,-105.121,0.000,0.000,1.000,3.000,0.000,0.000,12.000,0,0,0
B3_zmq_pushpull,zmq_tcp,none,none,,1,30650,512,584,1785153467110637000,1785153467110637000,1785153467110637000,1785153467110638000,1785153467110811000,1785153467110814000,1785153467110814000,1785153467110814000,121932490,121652369,-107.121,0.000,0.000,1.000,3.000,0.000,0.000,2.000,0,0,0
B3_zmq_pushpull,zmq_tcp,none,none,,1,30651,512,584,1785153467111635000,1785153467111635000,1785153467111635000,1785153467111636000,1785153467111828000,1785153467111831000,1785153467111831000,1785153467111831000,121932490,121652369,-88.121,0.000,0.000,1.000,3.000,0.000,0.000,19.000,0,0,0
B3_zmq_pushpull,zmq_tcp,none,none,,1,30652,512,584,1785153467112635000,1785153467112635000,1785153467112636000,1785153467112636000,1785153467112806000,1785153467112809000,1785153467112809000,1785153467112809000,121932490,121652369,-110.121,0.000,1.000,0.000,3.000,0.000,0.000,22.000,0,0,0
B3_zmq_pushpull,zmq_tcp,none,none,,1,30653,512,584,1785153467113633000,1785153467113633000,1785153467113633000,1785153467113634000,1785153467113679000,1785153467113683000,1785153467113683000,1785153467113683000,121932490,121652369,-235.121,0.000,0.000,1.000,4.000,0.000,0.000,125.000,0,0,0
B3_zmq_pushpull,zmq_tcp,none,none,,1,30654,512,584,1785153467114636000,1785153467114636000,1785153467114636000,1785153467114637000,1785153467114696000,1785153467114700000,1785153467114700000,1785153467114700000,121932490,121652369,-221.121,0.000,0.000,1.000,4.000,0.000,0.000,14.000,0,0,0
B3_zmq_pushpull,zmq_tcp,none,none,,1,30655,512,584,1785153467115635000,1785153467115635000,1785153467115635000,1785153467115636000,1785153467115699000,1785153467115703000,1785153467115703000,1785153467115703000,121932490,121652369,-217.121,0.000,0.000,1.000,4.000,0.000,0.000,4.000,0,0,0
B3_zmq_pushpull,zmq_tcp,none,none,,1,30656,512,584,1785153467116635000,1785153467116635000,1785153467116635000,1785153467116636000,1785153467116722000,1785153467116725000,1785153467116725000,1785153467116725000,121932490,121652369,-194.121,0.000,0.000,1.000,3.000,0.000,0.000,23.000,0,0,0
B3_zmq_pushpull,zmq_tcp,none,none,,1,30657,512,584,1785153467117633000,1785153467117633000,1785153467117633000,1785153467117634000,1785153467117741000,1785153467117744000,1785153467117744000,1785153467117744000,121932490,121652369,-173.121,0.000,0.000,1.000,3.000,0.000,0.000,21.000,0,0,0
B3_zmq_pushpull,zmq_tcp,none,none,,1,30658,512,584,1785153467118636000,1785153467118636000,1785153467118636000,1785153467118637000,1785153467118738000,1785153467118742000,1785153467118742000,1785153467118742000,121932490,121652369,-179.121,0.000,0.000,1.000,4.000,0.000,0.000,6.000,0,0,0
B3_zmq_pushpull,zmq_tcp,none,none,,1,30659,512,584,1785153467119644000,1785153467119644000,1785153467119644000,1785153467119645000,1785153467119729000,1785153467119732000,1785153467119732000,1785153467119732000,121932490,121652369,-196.121,0.000,0.000,1.000,3.000,0.000,0.000,17.000,0,0,0
B3_zmq_pushpull,zmq_tcp,none,none,,1,30660,512,584,1785153467120633000,1785153467120634000,1785153467120634000,1785153467120635000,1785153467120728000,1785153467120730000,1785153467120731000,1785153467120731000,121932490,121652369,-187.121,1.000,0.000,1.000,2.000,1.000,0.000,9.000,0,0,0
B3_zmq_pushpull,zmq_tcp,none,none,,1,30661,512,584,1785153467121633000,1785153467121634000,1785153467121634000,1785153467121635000,1785153467121724000,1785153467121726000,1785153467121726000,1785153467121726000,121932490,121652369,-191.121,1.000,0.000,1.000,2.000,0.000,0.000,4.000,0,0,0
B3_zmq_pushpull,zmq_tcp,none,none,,1,30662,512,584,1785153467122635000,1785153467122635000,1785153467122635000,1785153467122636000,1785153467122737000,1785153467122740000,1785153467122740000,1785153467122740000,121932490,121652369,-179.121,0.000,0.000,1.000,3.000,0.000,0.000,12.000,0,0,0
B3_zmq_pushpull,zmq_tcp,none,none,,1,30663,512,584,1785153467123635000,1785153467123635000,1785153467123635000,1785153467123636000,1785153467123742000,1785153467123745000,1785153467123745000,1785153467123745000,121932490,121652369,-174.121,0.000,0.000,1.000,3.000,0.000,0.000,5.000,0,0,0
B3_zmq_pushpull,zmq_tcp,none,none,,1,30664,512,584,1785153467124631000,1785153467124631000,1785153467124631000,1785153467124632000,1785153467124757000,1785153467124760000,1785153467124760000,1785153467124760000,121932490,121652369,-155.121,0.000,0.000,1.000,3.000,0.000,0.000,19.000,0,0,0
B3_zmq_pushpull,zmq_tcp,none,none,,1,30665,512,584,1785153467125636000,1785153467125636000,1785153467125636000,1785153467125637000,1785153467125758000,1785153467125762000,1785153467125762000,1785153467125762000,121932490,121652369,-159.121,0.000,0.000,1.000,4.000,0.000,0.000,4.000,0,0,0
B3_zmq_pushpull,zmq_tcp,none,none,,1,30666,512,584,1785153467126635000,1785153467126635000,1785153467126635000,1785153467126636000,1785153467126754000,1785153467126758000,1785153467126758000,1785153467126758000,121932490,121652369,-162.121,0.000,0.000,1.000,4.000,0.000,0.000,3.000,0,0,0
B3_zmq_pushpull,zmq_tcp,none,none,,1,30667,512,584,1785153467127635000,1785153467127635000,1785153467127635000,1785153467127636000,1785153467127761000,1785153467127764000,1785153467127764000,1785153467127764000,121932490,121652369,-155.121,0.000,0.000,1.000,3.000,0.000,0.000,7.000,0,0,0
B3_zmq_pushpull,zmq_tcp,none,none,,1,30668,512,584,1785153467128635000,1785153467128635000,1785153467128635000,1785153467128636000,1785153467128762000,1785153467128765000,1785153467128765000,1785153467128765000,121932490,121652369,-154.121,0.000,0.000,1.000,3.000,0.000,0.000,1.000,0,0,0
B3_zmq_pushpull,zmq_tcp,none,none,,1,30669,512,584,1785153467129635000,1785153467129635000,1785153467129635000,1785153467129636000,1785153467129766000,1785153467129769000,1785153467129769000,1785153467129769000,121932490,121652369,-150.121,0.000,0.000,1.000,3.000,0.000,0.000,4.000,0,0,0
B3_zmq_pushpull,zmq_tcp,none,none,,1,30670,512,584,1785153467130635000,1785153467130635000,1785153467130635000,1785153467130636000,1785153467130785000,1785153467130788000,1785153467130788000,1785153467130788000,121932490,121652369,-131.121,0.000,0.000,1.000,3.000,0.000,0.000,19.000,0,0,0
B3_zmq_pushpull,zmq_tcp,none,none,,1,30671,512,584,1785153467131635000,1785153467131635000,1785153467131635000,1785153467131636000,1785153467131786000,1785153467131789000,1785153467131789000,1785153467131789000,121932490,121652369,-130.121,0.000,0.000,1.000,3.000,0.000,0.000,1.000,0,0,0
B3_zmq_pushpull,zmq_tcp,none,none,,1,30672,512,584,1785153467132634000,1785153467132634000,1785153467132634000,1785153467132635000,1785153467132778000,1785153467132782000,1785153467132782000,1785153467132782000,121932490,121652369,-137.121,0.000,0.000,1.000,4.000,0.000,0.000,7.000,0,0,0
B3_zmq_pushpull,zmq_tcp,none,none,,1,30673,512,584,1785153467133472000,1785153467133472000,1785153467133472000,1785153467133473000,1785153467133628000,1785153467133631000,1785153467133631000,1785153467133631000,121932490,121652369,-125.121,0.000,0.000,1.000,3.000,0.000,0.000,12.000,0,0,0
B3_zmq_pushpull,zmq_tcp,none,none,,1,30674,512,584,1785153467134676000,1785153467134676000,1785153467134676000,1785153467134677000,1785153467134764000,1785153467134766000,1785153467134766000,1785153467134766000,121932490,121652369,-193.121,0.000,0.000,1.000,2.000,0.000,0.000,68.000,0,0,0
B3_zmq_pushpull,zmq_tcp,none,none,,1,30675,512,584,1785153467135623000,1785153467135623000,1785153467135623000,1785153467135624000,1785153467135777000,1785153467135780000,1785153467135780000,1785153467135780000,121932490,121652369,-127.121,0.000,0.000,1.000,3.000,0.000,0.000,66.000,0,0,0
B3_zmq_pushpull,zmq_tcp,none,none,,1,30676,512,584,1785153467136640000,1785153467136640000,1785153467136640000,1785153467136641000,1785153467136788000,1785153467136790000,1785153467136790000,1785153467136790000,121932490,121652369,-133.121,0.000,0.000,1.000,2.000,0.000,0.000,6.000,0,0,0
B3_zmq_pushpull,zmq_tcp,none,none,,1,30677,512,584,1785153467137634000,1785153467137634000,1785153467137634000,1785153467137635000,1785153467137801000,1785153467137804000,1785153467137804000,1785153467137804000,121932490,121652369,-114.121,0.000,0.000,1.000,3.000,0.000,0.000,19.000,0,0,0
B3_zmq_pushpull,zmq_tcp,none,none,,1,30678,512,584,1785153467138638000,1785153467138638000,1785153467138639000,1785153467138639000,1785153467138781000,1785153467138784000,1785153467138784000,1785153467138784000,121932490,121652369,-138.121,0.000,1.000,0.000,3.000,0.000,0.000,24.000,0,0,0
B3_zmq_pushpull,zmq_tcp,none,none,,1,30679,512,584,1785153467139632000,1785153467139632000,1785153467139632000,1785153467139633000,1785153467139772000,1785153467139775000,1785153467139775000,1785153467139775000,121932490,121652369,-141.121,0.000,0.000,1.000,3.000,0.000,0.000,3.000,0,0,0
B3_zmq_pushpull,zmq_tcp,none,none,,1,30680,512,584,1785153467140456000,1785153467140457000,1785153467140457000,1785153467140458000,1785153467140604000,1785153467140607000,1785153467140607000,1785153467140607000,121932490,121652369,-134.121,1.000,0.000,1.000,3.000,0.000,0.000,7.000,0,0,0
B3_zmq_pushpull,zmq_tcp,none,none,,1,30681,512,584,1785153467141681000,1785153467141681000,1785153467141681000,1785153467141682000,1785153467141889000,1785153467141892000,1785153467141892000,1785153467141892000,121932490,121652369,-73.121,0.000,0.000,1.000,3.000,0.000,0.000,61.000,0,0,0
B3_zmq_pushpull,zmq_tcp,none,none,,1,30682,512,584,1785153467142453000,1785153467142453000,1785153467142453000,1785153467142454000,1785153467142614000,1785153467142617000,1785153467142617000,1785153467142617000,121932490,121652369,-120.121,0.000,0.000,1.000,3.000,0.000,0.000,47.000,0,0,0
B3_zmq_pushpull,zmq_tcp,none,none,,1,30683,512,584,1785153467143683000,1785153467143683000,1785153467143684000,1785153467143684000,1785153467143753000,1785153467143756000,1785153467143756000,1785153467143756000,121932490,121652369,-211.121,0.000,1.000,0.000,3.000,0.000,0.000,91.000,0,0,0
B3_zmq_pushpull,zmq_tcp,none,none,,1,30684,512,584,1785153467144623000,1785153467144623000,1785153467144623000,1785153467144624000,1785153467144752000,1785153467144754000,1785153467144754000,1785153467144754000,121932490,121652369,-152.121,0.000,0.000,1.000,2.000,0.000,0.000,59.000,0,0,0
B3_zmq_pushpull,zmq_tcp,none,none,,1,30685,512,584,1785153467145638000,1785153467145638000,1785153467145639000,1785153467145639000,1785153467145738000,1785153467145741000,1785153467145741000,1785153467145741000,121932490,121652369,-181.121,0.000,1.000,0.000,3.000,0.000,0.000,29.000,0,0,0
B3_zmq_pushpull,zmq_tcp,none,none,,1,30686,512,584,1785153467146578000,1785153467146578000,1785153467146578000,1785153467146579000,1785153467146753000,1785153467146756000,1785153467146756000,1785153467146756000,121932490,121652369,-106.121,0.000,0.000,1.000,3.000,0.000,0.000,75.000,0,0,0
B3_zmq_pushpull,zmq_tcp,none,none,,1,30687,512,584,1785153467147649000,1785153467147649000,1785153467147649000,1785153467147650000,1785153467147761000,1785153467147764000,1785153467147764000,1785153467147764000,121932490,121652369,-169.121,0.000,0.000,1.000,3.000,0.000,0.000,63.000,0,0,0
B3_zmq_pushpull,zmq_tcp,none,none,,1,30688,512,584,1785153467148631000,1785153467148631000,1785153467148631000,1785153467148632000,1785153467148741000,1785153467148744000,1785153467148744000,1785153467148744000,121932490,121652369,-171.121,0.000,0.000,1.000,3.000,0.000,0.000,2.000,0,0,0
B3_zmq_pushpull,zmq_tcp,none,none,,1,30689,512,584,1785153467149637000,1785153467149637000,1785153467149637000,1785153467149638000,1785153467149735000,1785153467149738000,1785153467149738000,1785153467149738000,121932490,121652369,-183.121,0.000,0.000,1.000,3.000,0.000,0.000,12.000,0,0,0
B3_zmq_pushpull,zmq_tcp,none,none,,1,30690,512,584,1785153467150633000,1785153467150633000,1785153467150633000,1785153467150634000,1785153467150749000,1785153467150752000,1785153467150752000,1785153467150752000,121932490,121652369,-165.121,0.000,0.000,1.000,3.000,0.000,0.000,18.000,0,0,0
B3_zmq_pushpull,zmq_tcp,none,none,,1,30691,512,584,1785153467151637000,1785153467151637000,1785153467151637000,1785153467151638000,1785153467151748000,1785153467151750000,1785153467151750000,1785153467151750000,121932490,121652369,-170.121,0.000,0.000,1.000,2.000,0.000,0.000,5.000,0,0,0
B3_zmq_pushpull,zmq_tcp,none,none,,1,30692,512,584,1785153467152636000,1785153467152636000,1785153467152636000,1785153467152637000,1785153467152748000,1785153467152750000,1785153467152750000,1785153467152750000,121932490,121652369,-169.121,0.000,0.000,1.000,2.000,0.000,0.000,1.000,0,0,0
B3_zmq_pushpull,zmq_tcp,none,none,,1,30693,512,584,1785153467153635000,1785153467153635000,1785153467153635000,1785153467153636000,1785153467153760000,1785153467153763000,1785153467153763000,1785153467153763000,121932490,121652369,-156.121,0.000,0.000,1.000,3.000,0.000,0.000,13.000,0,0,0
B3_zmq_pushpull,zmq_tcp,none,none,,1,30694,512,584,1785153467154454000,1785153467154454000,1785153467154454000,1785153467154455000,1785153467154610000,1785153467154613000,1785153467154613000,1785153467154613000,121932490,121652369,-125.121,0.000,0.000,1.000,3.000,0.000,0.000,31.000,0,0,0
B3_zmq_pushpull,zmq_tcp,none,none,,1,30695,512,584,1785153467155449000,1785153467155449000,1785153467155449000,1785153467155451000,1785153467155608000,1785153467155612000,1785153467155612000,1785153467155612000,121932490,121652369,-123.121,0.000,0.000,2.000,4.000,0.000,0.000,2.000,0,0,0
B3_zmq_pushpull,zmq_tcp,none,none,,1,30696,512,584,1785153467156683000,1785153467156683000,1785153467156683000,1785153467156684000,1785153467156780000,1785153467156782000,1785153467156783000,1785153467156783000,121932490,121652369,-184.121,0.000,0.000,1.000,2.000,1.000,0.000,61.000,0,0,0
B3_zmq_pushpull,zmq_tcp,none,none,,1,30697,512,584,1785153467157623000,1785153467157623000,1785153467157623000,1785153467157624000,1785153467157783000,1785153467157785000,1785153467157785000,1785153467157785000,121932490,121652369,-121.121,0.000,0.000,1.000,2.000,0.000,0.000,63.000,0,0,0
B3_zmq_pushpull,zmq_tcp,none,none,,1,30698,512,584,1785153467158636000,1785153467158636000,1785153467158636000,1785153467158637000,1785153467158772000,1785153467158775000,1785153467158775000,1785153467158775000,121932490,121652369,-145.121,0.000,0.000,1.000,3.000,0.000,0.000,24.000,0,0,0
B3_zmq_pushpull,zmq_tcp,none,none,,1,30699,512,584,1785153467159636000,1785153467159636000,1785153467159636000,1785153467159637000,1785153467159761000,1785153467159764000,1785153467159764000,1785153467159764000,121932490,121652369,-156.121,0.000,0.000,1.000,3.000,0.000,0.000,11.000,0,0,0
B3_zmq_pushpull,zmq_tcp,none,none,,1,30700,512,584,1785153467160636000,1785153467160636000,1785153467160636000,1785153467160637000,1785153467160749000,1785153467160753000,1785153467160753000,1785153467160753000,121932490,121652369,-168.121,0.000,0.000,1.000,4.000,0.000,0.000,12.000,0,0,0
B3_zmq_pushpull,zmq_tcp,none,none,,1,30701,512,584,1785153467161634000,1785153467161634000,1785153467161634000,1785153467161635000,1785153467161741000,1785153467161744000,1785153467161744000,1785153467161744000,121932490,121652369,-174.121,0.000,0.000,1.000,3.000,0.000,0.000,6.000,0,0,0
B3_zmq_pushpull,zmq_tcp,none,none,,1,30702,512,584,1785153467162638000,1785153467162638000,1785153467162638000,1785153467162639000,1785153467162740000,1785153467162743000,1785153467162743000,1785153467162743000,121932490,121652369,-179.121,0.000,0.000,1.000,3.000,0.000,0.000,5.000,0,0,0
B3_zmq_pushpull,zmq_tcp,none,none,,1,30703,512,584,1785153467163639000,1785153467163639000,1785153467163639000,1785153467163641000,1785153467163749000,1785153467163752000,1785153467163753000,1785153467163753000,121932490,121652369,-172.121,0.000,0.000,2.000,3.000,1.000,0.000,7.000,0,0,0
B3_zmq_pushpull,zmq_tcp,none,none,,1,30704,512,584,1785153467164449000,1785153467164449000,1785153467164449000,1785153467164450000,1785153467164599000,1785153467164602000,1785153467164602000,1785153467164602000,121932490,121652369,-131.121,0.000,0.000,1.000,3.000,0.000,0.000,41.000,0,0,0
B3_zmq_pushpull,zmq_tcp,none,none,,1,30705,512,584,1785153467165439000,1785153467165439000,1785153467165439000,1785153467165440000,1785153467165584000,1785153467165587000,1785153467165587000,1785153467165587000,121932490,121652369,-136.121,0.000,0.000,1.000,3.000,0.000,0.000,5.000,0,0,0
B3_zmq_pushpull,zmq_tcp,none,none,,1,30706,512,584,1785153467166553000,1785153467166553000,1785153467166553000,1785153467166554000,1785153467166709000,1785153467166712000,1785153467166712000,1785153467166712000,121932490,121652369,-125.121,0.000,0.000,1.000,3.000,0.000,0.000,11.000,0,0,0
B3_zmq_pushpull,zmq_tcp,none,none,,1,30707,512,584,1785153467167543000,1785153467167543000,1785153467167543000,1785153467167544000,1785153467167695000,1785153467167698000,1785153467167698000,1785153467167698000,121932490,121652369,-129.121,0.000,0.000,1.000,3.000,0.000,0.000,4.000,0,0,0
B3_zmq_pushpull,zmq_tcp,none,none,,1,30708,512,584,1785153467168521000,1785153467168521000,1785153467168521000,1785153467168522000,1785153467168673000,1785153467168676000,1785153467168676000,1785153467168676000,121932490,121652369,-129.121,0.000,0.000,1.000,3.000,0.000,0.000,0.000,0,0,0
B3_zmq_pushpull,zmq_tcp,none,none,,1,30709,512,584,1785153467169492000,1785153467169492000,1785153467169492000,1785153467169493000,1785153467169644000,1785153467169647000,1785153467169647000,1785153467169648000,121932490,121652369,-129.121,0.000,0.000,1.000,3.000,0.000,1.000,0.000,0,0,0
B3_zmq_pushpull,zmq_tcp,none,none,,1,30710,512,584,1785153467170670000,1785153467170670000,1785153467170670000,1785153467170671000,1785153467170755000,1785153467170757000,1785153467170757000,1785153467170758000,121932490,121652369,-196.121,0.000,0.000,1.000,2.000,0.000,1.000,67.000,0,0,0
B3_zmq_pushpull,zmq_tcp,none,none,,1,30711,512,584,1785153467171624000,1785153467171624000,1785153467171624000,1785153467171625000,1785153467171733000,1785153467171737000,1785153467171737000,1785153467171737000,121932490,121652369,-172.121,0.000,0.000,1.000,4.000,0.000,0.000,24.000,0,0,0
B3_zmq_pushpull,zmq_tcp,none,none,,1,30712,512,584,1785153467172443000,1785153467172444000,1785153467172444000,1785153467172445000,1785153467172578000,1785153467172581000,1785153467172581000,1785153467172581000,121932490,121652369,-147.121,1.000,0.000,1.000,3.000,0.000,0.000,25.000,0,0,0
B3_zmq_pushpull,zmq_tcp,none,none,,1,30713,512,584,1785153467173684000,1785153467173684000,1785153467173685000,1785153467173685000,1785153467173857000,1785153467173861000,1785153467173861000,1785153467173861000,121932490,121652369,-108.121,0.000,1.000,0.000,4.000,0.000,0.000,39.000,0,0,0
B3_zmq_pushpull,zmq_tcp,none,none,,1,30714,512,584,1785153467174619000,1785153467174619000,1785153467174619000,1785153467174620000,1785153467174665000,1785153467174669000,1785153467174669000,1785153467174669000,121932490,121652369,-235.121,0.000,0.000,1.000,4.000,0.000,0.000,127.000,0,0,0
B3_zmq_pushpull,zmq_tcp,none,none,,1,30715,512,584,1785153467175638000,1785153467175638000,1785153467175638000,1785153467175639000,1785153467175773000,1785153467175776000,1785153467175776000,1785153467175776000,121932490,121652369,-146.121,0.000,0.000,1.000,3.000,0.000,0.000,89.000,0,0,0
B3_zmq_pushpull,zmq_tcp,none,none,,1,30716,512,584,1785153467176634000,1785153467176634000,1785153467176634000,1785153467176635000,1785153467176742000,1785153467176744000,1785153467176744000,1785153467176744000,121932490,121652369,-173.121,0.000,0.000,1.000,2.000,0.000,0.000,27.000,0,0,0
B3_zmq_pushpull,zmq_tcp,none,none,,1,30717,512,584,1785153467177634000,1785153467177634000,1785153467177634000,1785153467177635000,1785153467177707000,1785153467177709000,1785153467177709000,1785153467177709000,121932490,121652369,-208.121,0.000,0.000,1.000,2.000,0.000,0.000,35.000,0,0,0
B3_zmq_pushpull,zmq_tcp,none,none,,1,30718,512,584,1785153467178631000,1785153467178631000,1785153467178631000,1785153467178632000,1785153467178676000,1785153467178679000,1785153467178679000,1785153467178679000,121932490,121652369,-236.121,0.000,0.000,1.000,3.000,0.000,0.000,28.000,0,0,0
B3_zmq_pushpull,zmq_tcp,none,none,,1,30719,512,584,1785153467179637000,1785153467179637000,1785153467179637000,1785153467179638000,1785153467179796000,1785153467179799000,1785153467179799000,1785153467179799000,121932490,121652369,-122.121,0.000,0.000,1.000,3.000,0.000,0.000,114.000,0,0,0
B3_zmq_pushpull,zmq_tcp,none,none,,1,30720,512,584,1785153467180634000,1785153467180634000,1785153467180634000,1785153467180635000,1785153467180773000,1785153467180777000,1785153467180777000,1785153467180777000,121932490,121652369,-142.121,0.000,0.000,1.000,4.000,0.000,0.000,20.000,0,0,0
B3_zmq_pushpull,zmq_tcp,none,none,,1,30721,512,584,1785153467181464000,1785153467181464000,1785153467181464000,1785153467181465000,1785153467181617000,1785153467181620000,1785153467181620000,1785153467181620000,121932490,121652369,-128.121,0.000,0.000,1.000,3.000,0.000,0.000,14.000,0,0,0
B3_zmq_pushpull,zmq_tcp,none,none,,1,30722,512,584,1785153467182676000,1785153467182677000,1785153467182677000,1785153467182678000,1785153467182742000,1785153467182744000,1785153467182744000,1785153467182744000,121932490,121652369,-216.121,1.000,0.000,1.000,2.000,0.000,0.000,88.000,0,0,0
B3_zmq_pushpull,zmq_tcp,none,none,,1,30723,512,584,1785153467183439000,1785153467183440000,1785153467183440000,1785153467183441000,1785153467183597000,1785153467183600000,1785153467183600000,1785153467183600000,121932490,121652369,-124.121,1.000,0.000,1.000,3.000,0.000,0.000,92.000,0,0,0
B3_zmq_pushpull,zmq_tcp,none,none,,1,30724,512,584,1785153467184568000,1785153467184568000,1785153467184569000,1785153467184570000,1785153467184716000,1785153467184719000,1785153467184719000,1785153467184719000,121932490,121652369,-134.121,0.000,1.000,1.000,3.000,0.000,0.000,10.000,0,0,0
B3_zmq_pushpull,zmq_tcp,none,none,,1,30725,512,584,1785153467185650000,1785153467185650000,1785153467185650000,1785153467185651000,1785153467185841000,1785153467185844000,1785153467185844000,1785153467185844000,121932490,121652369,-90.121,0.000,0.000,1.000,3.000,0.000,0.000,44.000,0,0,0
B3_zmq_pushpull,zmq_tcp,none,none,,1,30726,512,584,1785153467186534000,1785153467186534000,1785153467186534000,1785153467186535000,1785153467186692000,1785153467186695000,1785153467186695000,1785153467186695000,121932490,121652369,-123.121,0.000,0.000,1.000,3.000,0.000,0.000,33.000,0,0,0
B3_zmq_pushpull,zmq_tcp,none,none,,1,30727,512,584,1785153467187660000,1785153467187660000,1785153467187661000,1785153467187661000,1785153467187809000,1785153467187813000,1785153467187813000,1785153467187813000,121932490,121652369,-132.121,0.000,1.000,0.000,4.000,0.000,0.000,9.000,0,0,0
B3_zmq_pushpull,zmq_tcp,none,none,,1,30728,512,584,1785153467188490000,1785153467188490000,1785153467188490000,1785153467188491000,1785153467188643000,1785153467188645000,1785153467188645000,1785153467188645000,121932490,121652369,-128.121,0.000,0.000,1.000,2.000,0.000,0.000,4.000,0,0,0
B3_zmq_pushpull,zmq_tcp,none,none,,1,30729,512,584,1785153467189470000,1785153467189470000,1785153467189470000,1785153467189471000,1785153467189623000,1785153467189625000,1785153467189625000,1785153467189625000,121932490,121652369,-128.121,0.000,0.000,1.000,2.000,0.000,0.000,0.000,0,0,0
B3_zmq_pushpull,zmq_tcp,none,none,,1,30730,512,584,1785153467190442000,1785153467190442000,1785153467190442000,1785153467190443000,1785153467190603000,1785153467190605000,1785153467190605000,1785153467190605000,121932490,121652369,-120.121,0.000,0.000,1.000,2.000,0.000,0.000,8.000,0,0,0
B3_zmq_pushpull,zmq_tcp,none,none,,1,30731,512,584,1785153467191684000,1785153467191685000,1785153467191685000,1785153467191686000,1785153467191869000,1785153467191873000,1785153467191873000,1785153467191874000,121932490,121652369,-97.121,1.000,0.000,1.000,4.000,0.000,1.000,23.000,0,0,0
B3_zmq_pushpull,zmq_tcp,none,none,,1,30732,512,584,1785153467192554000,1785153467192554000,1785153467192554000,1785153467192555000,1785153467192712000,1785153467192715000,1785153467192715000,1785153467192715000,121932490,121652369,-123.121,0.000,0.000,1.000,3.000,0.000,0.000,26.000,0,0,0
B3_zmq_pushpull,zmq_tcp,none,none,,1,30733,512,584,1785153467193542000,1785153467193542000,1785153467193542000,1785153467193543000,1785153467193700000,1785153467193703000,1785153467193703000,1785153467193703000,121932490,121652369,-123.121,0.000,0.000,1.000,3.000,0.000,0.000,0.000,0,0,0
B3_zmq_pushpull,zmq_tcp,none,none,,1,30734,512,584,1785153467194518000,1785153467194518000,1785153467194518000,1785153467194519000,1785153467194676000,1785153467194679000,1785153467194679000,1785153467194679000,121932490,121652369,-123.121,0.000,0.000,1.000,3.000,0.000,0.000,0.000,0,0,0
B3_zmq_pushpull,zmq_tcp,none,none,,1,30735,512,584,1785153467195519000,1785153467195520000,1785153467195520000,1785153467195521000,1785153467195662000,1785153467195664000,1785153467195664000,1785153467195664000,121932490,121652369,-139.121,1.000,0.000,1.000,2.000,0.000,0.000,16.000,0,0,0
B3_zmq_pushpull,zmq_tcp,none,none,,1,30736,512,584,1785153467196502000,1785153467196503000,1785153467196503000,1785153467196504000,1785153467196647000,1785153467196649000,1785153467196649000,1785153467196649000,121932490,121652369,-137.121,1.000,0.000,1.000,2.000,0.000,0.000,2.000,0,0,0
B3_zmq_pushpull,zmq_tcp,none,none,,1,30737,512,584,1785153467197667000,1785153467197667000,1785153467197667000,1785153467197668000,1785153467197770000,1785153467197773000,1785153467197773000,1785153467197773000,121932490,121652369,-178.121,0.000,0.000,1.000,3.000,0.000,0.000,41.000,0,0,0
B3_zmq_pushpull,zmq_tcp,none,none,,1,30738,512,584,1785153467198626000,1785153467198626000,1785153467198626000,1785153467198627000,1785153467198742000,1785153467198745000,1785153467198745000,1785153467198745000,121932490,121652369,-165.121,0.000,0.000,1.000,3.000,0.000,0.000,13.000,0,0,0
B3_zmq_pushpull,zmq_tcp,none,none,,1,30739,512,584,1785153467199635000,1785153467199635000,1785153467199635000,1785153467199636000,1785153467199735000,1785153467199738000,1785153467199738000,1785153467199738000,121932490,121652369,-181.121,0.000,0.000,1.000,3.000,0.000,0.000,16.000,0,0,0
B3_zmq_pushpull,zmq_tcp,none,none,,1,30740,512,584,1785153467200557000,1785153467200557000,1785153467200557000,1785153467200558000,1785153467200703000,1785153467200707000,1785153467200707000,1785153467200707000,121932490,121652369,-135.121,0.000,0.000,1.000,4.000,0.000,0.000,46.000,0,0,0
B3_zmq_pushpull,zmq_tcp,none,none,,1,30741,512,584,1785153467201538000,1785153467201538000,1785153467201538000,1785153467201539000,1785153467201699000,1785153467201701000,1785153467201701000,1785153467201701000,121932490,121652369,-120.121,0.000,0.000,1.000,2.000,0.000,0.000,15.000,0,0,0
B3_zmq_pushpull,zmq_tcp,none,none,,1,30742,512,584,1785153467202658000,1785153467202659000,1785153467202659000,1785153467202660000,1785153467202821000,1785153467202824000,1785153467202824000,1785153467202824000,121932490,121652369,-119.121,1.000,0.000,1.000,3.000,0.000,0.000,1.000,0,0,0
B3_zmq_pushpull,zmq_tcp,none,none,,1,30743,512,584,1785153467203507000,1785153467203508000,1785153467203508000,1785153467203509000,1785153467203650000,1785153467203652000,1785153467203652000,1785153467203652000,121932490,121652369,-139.121,1.000,0.000,1.000,2.000,0.000,0.000,20.000,0,0,0
B3_zmq_pushpull,zmq_tcp,none,none,,1,30744,512,584,1785153467204466000,1785153467204466000,1785153467204466000,1785153467204467000,1785153467204618000,1785153467204620000,1785153467204620000,1785153467204620000,121932490,121652369,-129.121,0.000,0.000,1.000,2.000,0.000,0.000,10.000,0,0,0
B3_zmq_pushpull,zmq_tcp,none,none,,1,30745,512,584,1785153467205455000,1785153467205455000,1785153467205455000,1785153467205456000,1785153467205606000,1785153467205608000,1785153467205608000,1785153467205608000,121932490,121652369,-130.121,0.000,0.000,1.000,2.000,0.000,0.000,1.000,0,0,0
B3_zmq_pushpull,zmq_tcp,none,none,,1,30746,512,584,1785153467206556000,1785153467206556000,1785153467206556000,1785153467206557000,1785153467206712000,1785153467206716000,1785153467206716000,1785153467206716000,121932490,121652369,-125.121,0.000,0.000,1.000,4.000,0.000,0.000,5.000,0,0,0
B3_zmq_pushpull,zmq_tcp,none,none,,1,30747,512,584,1785153467207654000,1785153467207654000,1785153467207654000,1785153467207655000,1785153467207821000,1785153467207824000,1785153467207824000,1785153467207824000,121932490,121652369,-114.121,0.000,0.000,1.000,3.000,0.000,0.000,11.000,0,0,0
B3_zmq_pushpull,zmq_tcp,none,none,,1,30748,512,584,1785153467208631000,1785153467208632000,1785153467208632000,1785153467208633000,1785153467208820000,1785153467208823000,1785153467208823000,1785153467208823000,121932490,121652369,-93.121,1.000,0.000,1.000,3.000,0.000,0.000,21.000,0,0,0
B3_zmq_pushpull,zmq_tcp,none,none,,1,30749,512,584,1785153467209635000,1785153467209635000,1785153467209635000,1785153467209636000,1785153467209784000,1785153467209787000,1785153467209787000,1785153467209787000,121932490,121652369,-132.121,0.000,0.000,1.000,3.000,0.000,0.000,39.000,0,0,0
B3_zmq_pushpull,zmq_tcp,none,none,,1,30750,512,584,1785153467210608000,1785153467210608000,1785153467210608000,1785153467210609000,1785153467210760000,1785153467210763000,1785153467210763000,1785153467210763000,121932490,121652369,-129.121,0.000,0.000,1.000,3.000,0.000,0.000,3.000,0,0,0
B3_zmq_pushpull,zmq_tcp,none,none,,1,30751,512,584,1785153467211446000,1785153467211446000,1785153467211446000,1785153467211447000,1785153467211599000,1785153467211601000,1785153467211602000,1785153467211602000,121932490,121652369,-128.121,0.000,0.000,1.000,2.000,1.000,0.000,1.000,0,0,0
B3_zmq_pushpull,zmq_tcp,none,none,,1,30752,512,584,1785153467212439000,1785153467212440000,1785153467212440000,1785153467212441000,1785153467212582000,1785153467212585000,1785153467212585000,1785153467212585000,121932490,121652369,-139.121,1.000,0.000,1.000,3.000,0.000,0.000,11.000,0,0,0
B3_zmq_pushpull,zmq_tcp,none,none,,1,30753,512,584,1785153467213682000,1785153467213682000,1785153467213682000,1785153467213683000,1785153467213844000,1785153467213847000,1785153467213847000,1785153467213847000,121932490,121652369,-119.121,0.000,0.000,1.000,3.000,0.000,0.000,20.000,0,0,0
B3_zmq_pushpull,zmq_tcp,none,none,,1,30754,512,584,1785153467214620000,1785153467214620000,1785153467214620000,1785153467214621000,1785153467214683000,1785153467214686000,1785153467214686000,1785153467214686000,121932490,121652369,-218.121,0.000,0.000,1.000,3.000,0.000,0.000,99.000,0,0,0
B3_zmq_pushpull,zmq_tcp,none,none,,1,30755,512,584,1785153467215514000,1785153467215514000,1785153467215514000,1785153467215515000,1785153467215671000,1785153467215674000,1785153467215674000,1785153467215674000,121932490,121652369,-124.121,0.000,0.000,1.000,3.000,0.000,0.000,94.000,0,0,0
B3_zmq_pushpull,zmq_tcp,none,none,,1,30756,512,584,1785153467216664000,1785153467216665000,1785153467216665000,1785153467216666000,1785153467216786000,1785153467216790000,1785153467216790000,1785153467216790000,121932490,121652369,-160.121,1.000,0.000,1.000,4.000,0.000,0.000,36.000,0,0,0
B3_zmq_pushpull,zmq_tcp,none,none,,1,30757,512,584,1785153467217627000,1785153467217627000,1785153467217627000,1785153467217628000,1785153467217752000,1785153467217755000,1785153467217755000,1785153467217755000,121932490,121652369,-156.121,0.000,0.000,1.000,3.000,0.000,0.000,4.000,0,0,0
B3_zmq_pushpull,zmq_tcp,none,none,,1,30758,512,584,1785153467218633000,1785153467218633000,1785153467218633000,1785153467218634000,1785153467218732000,1785153467218734000,1785153467218734000,1785153467218734000,121932490,121652369,-182.121,0.000,0.000,1.000,2.000,0.000,0.000,26.000,0,0,0
B3_zmq_pushpull,zmq_tcp,none,none,,1,30759,512,584,1785153467219635000,1785153467219635000,1785153467219635000,1785153467219636000,1785153467219739000,1785153467219742000,1785153467219742000,1785153467219742000,121932490,121652369,-177.121,0.000,0.000,1.000,3.000,0.000,0.000,5.000,0,0,0
B3_zmq_pushpull,zmq_tcp,none,none,,1,30760,512,584,1785153467220636000,1785153467220637000,1785153467220637000,1785153467220638000,1785153467220705000,1785153467220709000,1785153467220709000,1785153467220709000,121932490,121652369,-213.121,1.000,0.000,1.000,4.000,0.000,0.000,36.000,0,0,0
B3_zmq_pushpull,zmq_tcp,none,none,,1,30761,512,584,1785153467221633000,1785153467221633000,1785153467221633000,1785153467221634000,1785153467221822000,1785153467221824000,1785153467221824000,1785153467221824000,121932490,121652369,-92.121,0.000,0.000,1.000,2.000,0.000,0.000,121.000,0,0,0
B3_zmq_pushpull,zmq_tcp,none,none,,1,30762,512,584,1785153467222638000,1785153467222638000,1785153467222638000,1785153467222639000,1785153467222814000,1785153467222816000,1785153467222816000,1785153467222816000,121932490,121652369,-105.121,0.000,0.000,1.000,2.000,0.000,0.000,13.000,0,0,0
B3_zmq_pushpull,zmq_tcp,none,none,,1,30763,512,584,1785153467223633000,1785153467223633000,1785153467223634000,1785153467223634000,1785153467223791000,1785153467223794000,1785153467223794000,1785153467223794000,121932490,121652369,-123.121,0.000,1.000,0.000,3.000,0.000,0.000,18.000,0,0,0
B3_zmq_pushpull,zmq_tcp,none,none,,1,30764,512,584,1785153467224635000,1785153467224635000,1785153467224635000,1785153467224636000,1785153467224762000,1785153467224764000,1785153467224764000,1785153467224764000,121932490,121652369,-154.121,0.000,0.000,1.000,2.000,0.000,0.000,31.000,0,0,0
B3_zmq_pushpull,zmq_tcp,none,none,,1,30765,512,584,1785153467225632000,1785153467225632000,1785153467225632000,1785153467225633000,1785153467225737000,1785153467225740000,1785153467225740000,1785153467225740000,121932490,121652369,-176.121,0.000,0.000,1.000,3.000,0.000,0.000,22.000,0,0,0
B3_zmq_pushpull,zmq_tcp,none,none,,1,30766,512,584,1785153467226439000,1785153467226439000,1785153467226439000,1785153467226440000,1785153467226583000,1785153467226586000,1785153467226586000,1785153467226586000,121932490,121652369,-137.121,0.000,0.000,1.000,3.000,0.000,0.000,39.000,0,0,0
B3_zmq_pushpull,zmq_tcp,none,none,,1,30767,512,584,1785153467227561000,1785153467227561000,1785153467227561000,1785153467227562000,1785153467227712000,1785153467227715000,1785153467227715000,1785153467227715000,121932490,121652369,-130.121,0.000,0.000,1.000,3.000,0.000,0.000,7.000,0,0,0
B3_zmq_pushpull,zmq_tcp,none,none,,1,30768,512,584,1785153467228655000,1785153467228655000,1785153467228655000,1785153467228656000,1785153467228828000,1785153467228831000,1785153467228831000,1785153467228831000,121932490,121652369,-108.121,0.000,0.000,1.000,3.000,0.000,0.000,22.000,0,0,0
B3_zmq_pushpull,zmq_tcp,none,none,,1,30769,512,584,1785153467229512000,1785153467229512000,1785153467229512000,1785153467229513000,1785153467229672000,1785153467229675000,1785153467229675000,1785153467229675000,121932490,121652369,-121.121,0.000,0.000,1.000,3.000,0.000,0.000,13.000,0,0,0
B3_zmq_pushpull,zmq_tcp,none,none,,1,30770,512,584,1785153467230665000,1785153467230665000,1785153467230665000,1785153467230666000,1785153467230795000,1785153467230798000,1785153467230799000,1785153467230799000,121932490,121652369,-151.121,0.000,0.000,1.000,3.000,1.000,0.000,30.000,0,0,0
B3_zmq_pushpull,zmq_tcp,none,none,,1,30771,512,584,1785153467231627000,1785153467231627000,1785153467231627000,1785153467231628000,1785153467231782000,1785153467231784000,1785153467231784000,1785153467231784000,121932490,121652369,-126.121,0.000,0.000,1.000,2.000,0.000,0.000,25.000,0,0,0
B3_zmq_pushpull,zmq_tcp,none,none,,1,30772,512,584,1785153467232571000,1785153467232572000,1785153467232572000,1785153467232573000,1785153467232618000,1785153467232621000,1785153467232621000,1785153467232621000,121932490,121652369,-235.121,1.000,0.000,1.000,3.000,0.000,0.000,109.000,0,0,0
B3_zmq_pushpull,zmq_tcp,none,none,,1,30773,512,584,1785153467233465000,1785153467233465000,1785153467233465000,1785153467233466000,1785153467233626000,1785153467233628000,1785153467233628000,1785153467233628000,121932490,121652369,-120.121,0.000,0.000,1.000,2.000,0.000,0.000,115.000,0,0,0
B3_zmq_pushpull,zmq_tcp,none,none,,1,30774,512,584,1785153467234679000,1785153467234679000,1785153467234680000,1785153467234680000,1785153467234773000,1785153467234776000,1785153467234776000,1785153467234776000,121932490,121652369,-187.121,0.000,1.000,0.000,3.000,0.000,0.000,67.000,0,0,0
B3_zmq_pushpull,zmq_tcp,none,none,,1,30775,512,584,1785153467235623000,1785153467235623000,1785153467235623000,1785153467235624000,1785153467235738000,1785153467235741000,1785153467235741000,1785153467235741000,121932490,121652369,-166.121,0.000,0.000,1.000,3.000,0.000,0.000,21.000,0,0,0
B3_zmq_pushpull,zmq_tcp,none,none,,1,30776,512,584,1785153467236442000,1785153467236442000,1785153467236442000,1785153467236443000,1785153467236587000,1785153467236590000,1785153467236590000,1785153467236590000,121932490,121652369,-136.121,0.000,0.000,1.000,3.000,0.000,0.000,30.000,0,0,0
B3_zmq_pushpull,zmq_tcp,none,none,,1,30777,512,584,1785153467237546000,1785153467237547000,1785153467237547000,1785153467237548000,1785153467237698000,1785153467237702000,1785153467237702000,1785153467237702000,121932490,121652369,-130.121,1.000,0.000,1.000,4.000,0.000,0.000,6.000,0,0,0
B3_zmq_pushpull,zmq_tcp,none,none,,1,30778,512,584,1785153467238529000,1785153467238530000,1785153467238530000,1785153467238531000,1785153467238672000,1785153467238675000,1785153467238675000,1785153467238675000,121932490,121652369,-139.121,1.000,0.000,1.000,3.000,0.000,0.000,9.000,0,0,0
B3_zmq_pushpull,zmq_tcp,none,none,,1,30779,512,584,1785153467239661000,1785153467239661000,1785153467239661000,1785153467239662000,1785153467239768000,1785153467239771000,1785153467239771000,1785153467239771000,121932490,121652369,-174.121,0.000,0.000,1.000,3.000,0.000,0.000,35.000,0,0,0
B3_zmq_pushpull,zmq_tcp,none,none,,1,30780,512,584,1785153467240625000,1785153467240625000,1785153467240625000,1785153467240626000,1785153467240751000,1785153467240754000,1785153467240754000,1785153467240754000,121932490,121652369,-155.121,0.000,0.000,1.000,3.000,0.000,0.000,19.000,0,0,0
B3_zmq_pushpull,zmq_tcp,none,none,,1,30781,512,584,1785153467241637000,1785153467241637000,1785153467241637000,1785153467241638000,1785153467241731000,1785153467241734000,1785153467241734000,1785153467241734000,121932490,121652369,-187.121,0.000,0.000,1.000,3.000,0.000,0.000,32.000,0,0,0
B3_zmq_pushpull,zmq_tcp,none,none,,1,30782,512,584,1785153467242637000,1785153467242637000,1785153467242637000,1785153467242638000,1785153467242822000,1785153467242824000,1785153467242824000,1785153467242824000,121932490,121652369,-96.121,0.000,0.000,1.000,2.000,0.000,0.000,91.000,0,0,0
B3_zmq_pushpull,zmq_tcp,none,none,,1,30783,512,584,1785153467243519000,1785153467243520000,1785153467243520000,1785153467243521000,1785153467243668000,1785153467243671000,1785153467243671000,1785153467243671000,121932490,121652369,-133.121,1.000,0.000,1.000,3.000,0.000,0.000,37.000,0,0,0
B3_zmq_pushpull,zmq_tcp,none,none,,1,30784,512,584,1785153467244489000,1785153467244489000,1785153467244489000,1785153467244490000,1785153467244640000,1785153467244645000,1785153467244645000,1785153467244645000,121932490,121652369,-130.121,0.000,0.000,1.000,5.000,0.000,0.000,3.000,0,0,0
B3_zmq_pushpull,zmq_tcp,none,none,,1,30785,512,584,1785153467245671000,1785153467245672000,1785153467245672000,1785153467245672000,1785153467245750000,1785153467245752000,1785153467245752000,1785153467245752000,121932490,121652369,-202.121,1.000,0.000,0.000,2.000,0.000,0.000,72.000,0,0,0
B3_zmq_pushpull,zmq_tcp,none,none,,1,30786,512,584,1785153467246625000,1785153467246625000,1785153467246625000,1785153467246626000,1785153467246720000,1785153467246722000,1785153467246722000,1785153467246722000,121932490,121652369,-186.121,0.000,0.000,1.000,2.000,0.000,0.000,16.000,0,0,0
B3_zmq_pushpull,zmq_tcp,none,none,,1,30787,512,584,1785153467247634000,1785153467247634000,1785153467247634000,1785153467247635000,1785153467247706000,1785153467247709000,1785153467247709000,1785153467247709000,121932490,121652369,-209.121,0.000,0.000,1.000,3.000,0.000,0.000,23.000,0,0,0
B3_zmq_pushpull,zmq_tcp,none,none,,1,30788,512,584,1785153467248636000,1785153467248636000,1785153467248636000,1785153467248637000,1785153467248819000,1785153467248822000,1785153467248822000,1785153467248822000,121932490,121652369,-98.121,0.000,0.000,1.000,3.000,0.000,0.000,111.000,0,0,0
B3_zmq_pushpull,zmq_tcp,none,none,,1,30789,512,584,1785153467249638000,1785153467249638000,1785153467249638000,1785153467249639000,1785153467249801000,1785153467249804000,1785153467249804000,1785153467249804000,121932490,121652369,-118.121,0.000,0.000,1.000,3.000,0.000,0.000,20.000,0,0,0
B3_zmq_pushpull,zmq_tcp,none,none,,1,30790,512,584,1785153467250499000,1785153467250500000,1785153467250500000,1785153467250501000,1785153467250655000,1785153467250658000,1785153467250658000,1785153467250658000,121932490,121652369,-126.121,1.000,0.000,1.000,3.000,0.000,0.000,8.000,0,0,0
B3_zmq_pushpull,zmq_tcp,none,none,,1,30791,512,584,1785153467251669000,1785153467251669000,1785153467251669000,1785153467251670000,1785153467251775000,1785153467251778000,1785153467251778000,1785153467251778000,121932490,121652369,-175.121,0.000,0.000,1.000,3.000,0.000,0.000,49.000,0,0,0
B3_zmq_pushpull,zmq_tcp,none,none,,1,30792,512,584,1785153467252626000,1785153467252626000,1785153467252626000,1785153467252627000,1785153467252724000,1785153467252727000,1785153467252727000,1785153467252727000,121932490,121652369,-183.121,0.000,0.000,1.000,3.000,0.000,0.000,8.000,0,0,0
B3_zmq_pushpull,zmq_tcp,none,none,,1,30793,512,584,1785153467253637000,1785153467253637000,1785153467253637000,1785153467253638000,1785153467253705000,1785153467253709000,1785153467253709000,1785153467253709000,121932490,121652369,-213.121,0.000,0.000,1.000,4.000,0.000,0.000,30.000,0,0,0
B3_zmq_pushpull,zmq_tcp,none,none,,1,30794,512,584,1785153467254526000,1785153467254526000,1785153467254526000,1785153467254527000,1785153467254674000,1785153467254676000,1785153467254676000,1785153467254676000,121932490,121652369,-133.121,0.000,0.000,1.000,2.000,0.000,0.000,80.000,0,0,0
B3_zmq_pushpull,zmq_tcp,none,none,,1,30795,512,584,1785153467255662000,1785153467255662000,1785153467255662000,1785153467255663000,1785153467255785000,1785153467255788000,1785153467255789000,1785153467255789000,121932490,121652369,-158.121,0.000,0.000,1.000,3.000,1.000,0.000,25.000,0,0,0
B3_zmq_pushpull,zmq_tcp,none,none,,1,30796,512,584,1785153467256472000,1785153467256472000,1785153467256472000,1785153467256473000,1785153467256634000,1785153467256636000,1785153467256637000,1785153467256637000,121932490,121652369,-119.121,0.000,0.000,1.000,2.000,1.000,0.000,39.000,0,0,0
B3_zmq_pushpull,zmq_tcp,none,none,,1,30797,512,584,1785153467257676000,1785153467257676000,1785153467257676000,1785153467257677000,1785153467257742000,1785153467257751000,1785153467257751000,1785153467257751000,121932490,121652369,-215.121,0.000,0.000,1.000,9.000,0.000,0.000,96.000,0,0,0
B3_zmq_pushpull,zmq_tcp,none,none,,1,30798,512,584,1785153467258623000,1785153467258624000,1785153467258624000,1785153467258625000,1785153467258718000,1785153467258721000,1785153467258721000,1785153467258721000,121932490,121652369,-187.121,1.000,0.000,1.000,3.000,0.000,0.000,28.000,0,0,0
B3_zmq_pushpull,zmq_tcp,none,none,,1,30799,512,584,1785153467259637000,1785153467259637000,1785153467259637000,1785153467259638000,1785153467259685000,1785153467259687000,1785153467259687000,1785153467259687000,121932490,121652369,-233.121,0.000,0.000,1.000,2.000,0.000,0.000,46.000,0,0,0
B3_zmq_pushpull,zmq_tcp,none,none,,1,30800,512,584,1785153467260634000,1785153467260634000,1785153467260634000,1785153467260635000,1785153467260787000,1785153467260790000,1785153467260790000,1785153467260790000,121932490,121652369,-128.121,0.000,0.000,1.000,3.000,0.000,0.000,105.000,0,0,0
B3_zmq_pushpull,zmq_tcp,none,none,,1,30801,512,584,1785153467261475000,1785153467261475000,1785153467261475000,1785153467261476000,1785153467261622000,1785153467261624000,1785153467261624000,1785153467261624000,121932490,121652369,-134.121,0.000,0.000,1.000,2.000,0.000,0.000,6.000,0,0,0
B3_zmq_pushpull,zmq_tcp,none,none,,1,30802,512,584,1785153467262464000,1785153467262464000,1785153467262464000,1785153467262466000,1785153467262612000,1785153467262615000,1785153467262615000,1785153467262615000,121932490,121652369,-134.121,0.000,0.000,2.000,3.000,0.000,0.000,0.000,0,0,0
B3_zmq_pushpull,zmq_tcp,none,none,,1,30803,512,584,1785153467263677000,1785153467263677000,1785153467263677000,1785153467263678000,1785153467263727000,1785153467263730000,1785153467263730000,1785153467263730000,121932490,121652369,-231.121,0.000,0.000,1.000,3.000,0.000,0.000,97.000,0,0,0
B3_zmq_pushpull,zmq_tcp,none,none,,1,30804,512,584,1785153467264627000,1785153467264627000,1785153467264627000,1785153467264628000,1785153467264702000,1785153467264706000,1785153467264706000,1785153467264706000,121932490,121652369,-206.121,0.000,0.000,1.000,4.000,0.000,0.000,25.000,0,0,0
B3_zmq_pushpull,zmq_tcp,none,none,,1,30805,512,584,1785153467265635000,1785153467265636000,1785153467265636000,1785153467265637000,1785153467265785000,1785153467265787000,1785153467265787000,1785153467265787000,121932490,121652369,-132.121,1.000,0.000,1.000,2.000,0.000,0.000,74.000,0,0,0
B3_zmq_pushpull,zmq_tcp,none,none,,1,30806,512,584,1785153467266634000,1785153467266634000,1785153467266634000,1785153467266635000,1785153467266761000,1785153467266763000,1785153467266763000,1785153467266763000,121932490,121652369,-154.121,0.000,0.000,1.000,2.000,0.000,0.000,22.000,0,0,0
B3_zmq_pushpull,zmq_tcp,none,none,,1,30807,512,584,1785153467267636000,1785153467267636000,1785153467267636000,1785153467267637000,1785153467267750000,1785153467267752000,1785153467267752000,1785153467267752000,121932490,121652369,-167.121,0.000,0.000,1.000,2.000,0.000,0.000,13.000,0,0,0
B3_zmq_pushpull,zmq_tcp,none,none,,1,30808,512,584,1785153467268634000,1785153467268634000,1785153467268634000,1785153467268635000,1785153467268731000,1785153467268734000,1785153467268734000,1785153467268734000,121932490,121652369,-184.121,0.000,0.000,1.000,3.000,0.000,0.000,17.000,0,0,0
B3_zmq_pushpull,zmq_tcp,none,none,,1,30809,512,584,1785153467269634000,1785153467269634000,1785153467269634000,1785153467269635000,1785153467269719000,1785153467269722000,1785153467269722000,1785153467269722000,121932490,121652369,-196.121,0.000,0.000,1.000,3.000,0.000,0.000,12.000,0,0,0
B3_zmq_pushpull,zmq_tcp,none,none,,1,30810,512,584,1785153467270636000,1785153467270636000,1785153467270636000,1785153467270637000,1785153467270704000,1785153467270707000,1785153467270707000,1785153467270707000,121932490,121652369,-213.121,0.000,0.000,1.000,3.000,0.000,0.000,17.000,0,0,0
B3_zmq_pushpull,zmq_tcp,none,none,,1,30811,512,584,1785153467271635000,1785153467271635000,1785153467271636000,1785153467271637000,1785153467271799000,1785153467271802000,1785153467271802000,1785153467271802000,121932490,121652369,-118.121,0.000,1.000,1.000,3.000,0.000,0.000,95.000,0,0,0
B3_zmq_pushpull,zmq_tcp,none,none,,1,30812,512,584,1785153467272634000,1785153467272634000,1785153467272634000,1785153467272635000,1785153467272779000,1785153467272782000,1785153467272782000,1785153467272782000,121932490,121652369,-136.121,0.000,0.000,1.000,3.000,0.000,0.000,18.000,0,0,0
B3_zmq_pushpull,zmq_tcp,none,none,,1,30813,512,584,1785153467273468000,1785153467273468000,1785153467273468000,1785153467273469000,1785153467273621000,1785153467273623000,1785153467273623000,1785153467273623000,121932490,121652369,-128.121,0.000,0.000,1.000,2.000,0.000,0.000,8.000,0,0,0
B3_zmq_pushpull,zmq_tcp,none,none,,1,30814,512,584,1785153467274457000,1785153467274457000,1785153467274457000,1785153467274458000,1785153467274610000,1785153467274613000,1785153467274613000,1785153467274613000,121932490,121652369,-128.121,0.000,0.000,1.000,3.000,0.000,0.000,0.000,0,0,0
B3_zmq_pushpull,zmq_tcp,none,none,,1,30815,512,584,1785153467275445000,1785153467275445000,1785153467275445000,1785153467275446000,1785153467275605000,1785153467275608000,1785153467275608000,1785153467275608000,121932490,121652369,-121.121,0.000,0.000,1.000,3.000,0.000,0.000,7.000,0,0,0
B3_zmq_pushpull,zmq_tcp,none,none,,1,30816,512,584,1785153467276550000,1785153467276551000,1785153467276551000,1785153467276552000,1785153467276711000,1785153467276714000,1785153467276714000,1785153467276714000,121932490,121652369,-121.121,1.000,0.000,1.000,3.000,0.000,0.000,0.000,0,0,0
B3_zmq_pushpull,zmq_tcp,none,none,,1,30817,512,584,1785153467277656000,1785153467277656000,1785153467277656000,1785153467277657000,1785153467277817000,1785153467277820000,1785153467277820000,1785153467277820000,121932490,121652369,-120.121,0.000,0.000,1.000,3.000,0.000,0.000,1.000,0,0,0
B3_zmq_pushpull,zmq_tcp,none,none,,1,30818,512,584,1785153467278526000,1785153467278526000,1785153467278526000,1785153467278527000,1785153467278679000,1785153467278682000,1785153467278682000,1785153467278682000,121932490,121652369,-128.121,0.000,0.000,1.000,3.000,0.000,0.000,8.000,0,0,0
B3_zmq_pushpull,zmq_tcp,none,none,,1,30819,512,584,1785153467279661000,1785153467279661000,1785153467279661000,1785153467279662000,1785153467279810000,1785153467279813000,1785153467279813000,1785153467279813000,121932490,121652369,-132.121,0.000,0.000,1.000,3.000,0.000,0.000,4.000,0,0,0
B3_zmq_pushpull,zmq_tcp,none,none,,1,30820,512,584,1785153467280628000,1785153467280628000,1785153467280628000,1785153467280629000,1785153467280779000,1785153467280782000,1785153467280782000,1785153467280782000,121932490,121652369,-130.121,0.000,0.000,1.000,3.000,0.000,0.000,2.000,0,0,0
B3_zmq_pushpull,zmq_tcp,none,none,,1,30821,512,584,1785153467281637000,1785153467281637000,1785153467281637000,1785153467281638000,1785153467281759000,1785153467281762000,1785153467281762000,1785153467281762000,121932490,121652369,-159.121,0.000,0.000,1.000,3.000,0.000,0.000,29.000,0,0,0
B3_zmq_pushpull,zmq_tcp,none,none,,1,30822,512,584,1785153467282445000,1785153467282445000,1785153467282445000,1785153467282446000,1785153467282607000,1785153467282610000,1785153467282610000,1785153467282610000,121932490,121652369,-119.121,0.000,0.000,1.000,3.000,0.000,0.000,40.000,0,0,0
B3_zmq_pushpull,zmq_tcp,none,none,,1,30823,512,584,1785153467283544000,1785153467283544000,1785153467283544000,1785153467283545000,1785153467283700000,1785153467283703000,1785153467283704000,1785153467283704000,121932490,121652369,-125.121,0.000,0.000,1.000,3.000,1.000,0.000,6.000,0,0,0
B3_zmq_pushpull,zmq_tcp,none,none,,1,30824,512,584,1785153467284539000,1785153467284539000,1785153467284539000,1785153467284541000,1785153467284689000,1785153467284691000,1785153467284691000,1785153467284691000,121932490,121652369,-132.121,0.000,0.000,2.000,2.000,0.000,0.000,7.000,0,0,0
B3_zmq_pushpull,zmq_tcp,none,none,,1,30825,512,584,1785153467285659000,1785153467285659000,1785153467285659000,1785153467285660000,1785153467285782000,1785153467285785000,1785153467285785000,1785153467285785000,121932490,121652369,-158.121,0.000,0.000,1.000,3.000,0.000,0.000,26.000,0,0,0
B3_zmq_pushpull,zmq_tcp,none,none,,1,30826,512,584,1785153467286463000,1785153467286463000,1785153467286463000,1785153467286464000,1785153467286615000,1785153467286618000,1785153467286618000,1785153467286618000,121932490,121652369,-129.121,0.000,0.000,1.000,3.000,0.000,0.000,29.000,0,0,0
B3_zmq_pushpull,zmq_tcp,none,none,,1,30827,512,584,1785153467287552000,1785153467287552000,1785153467287552000,1785153467287553000,1785153467287696000,1785153467287699000,1785153467287699000,1785153467287699000,121932490,121652369,-137.121,0.000,0.000,1.000,3.000,0.000,0.000,8.000,0,0,0
B3_zmq_pushpull,zmq_tcp,none,none,,1,30828,512,584,1785153467288660000,1785153467288660000,1785153467288661000,1785153467288661000,1785153467288827000,1785153467288830000,1785153467288830000,1785153467288830000,121932490,121652369,-114.121,0.000,1.000,0.000,3.000,0.000,0.000,23.000,0,0,0
B3_zmq_pushpull,zmq_tcp,none,none,,1,30829,512,584,1785153467289626000,1785153467289626000,1785153467289626000,1785153467289627000,1785153467289811000,1785153467289814000,1785153467289814000,1785153467289814000,121932490,121652369,-96.121,0.000,0.000,1.000,3.000,0.000,0.000,18.000,0,0,0
B3_zmq_pushpull,zmq_tcp,none,none,,1,30830,512,584,1785153467290500000,1785153467290500000,1785153467290500000,1785153467290501000,1785153467290662000,1785153467290665000,1785153467290665000,1785153467290665000,121932490,121652369,-119.121,0.000,0.000,1.000,3.000,0.000,0.000,23.000,0,0,0
B3_zmq_pushpull,zmq_tcp,none,none,,1,30831,512,584,1785153467291670000,1785153467291670000,1785153467291671000,1785153467291671000,1785153467291779000,1785153467291782000,1785153467291782000,1785153467291782000,121932490,121652369,-172.121,0.000,1.000,0.000,3.000,0.000,0.000,53.000,0,0,0
B3_zmq_pushpull,zmq_tcp,none,none,,1,30832,512,584,1785153467292622000,1785153467292622000,1785153467292622000,1785153467292623000,1785153467292721000,1785153467292723000,1785153467292724000,1785153467292724000,121932490,121652369,-182.121,0.000,0.000,1.000,2.000,1.000,0.000,10.000,0,0,0
B3_zmq_pushpull,zmq_tcp,none,none,,1,30833,512,584,1785153467293639000,1785153467293639000,1785153467293640000,1785153467293640000,1785153467293686000,1785153467293690000,1785153467293690000,1785153467293690000,121932490,121652369,-234.121,0.000,1.000,0.000,4.000,0.000,0.000,52.000,0,0,0
B3_zmq_pushpull,zmq_tcp,none,none,,1,30834,512,584,1785153467294633000,1785153467294633000,1785153467294633000,1785153467294634000,1785153467294766000,1785153467294769000,1785153467294769000,1785153467294769000,121932490,121652369,-148.121,0.000,0.000,1.000,3.000,0.000,0.000,86.000,0,0,0
B3_zmq_pushpull,zmq_tcp,none,none,,1,30835,512,584,1785153467295636000,1785153467295636000,1785153467295636000,1785153467295637000,1785153467295771000,1785153467295779000,1785153467295779000,1785153467295779000,121932490,121652369,-146.121,0.000,0.000,1.000,8.000,0.000,0.000,2.000,0,0,0
B3_zmq_pushpull,zmq_tcp,none,none,,1,30836,512,584,1785153467296632000,1785153467296632000,1785153467296632000,1785153467296633000,1785153467296741000,1785153467296744000,1785153467296744000,1785153467296744000,121932490,121652369,-172.121,0.000,0.000,1.000,3.000,0.000,0.000,26.000,0,0,0
B3_zmq_pushpull,zmq_tcp,none,none,,1,30837,512,584,1785153467297638000,1785153467297638000,1785153467297638000,1785153467297639000,1785153467297723000,1785153467297726000,1785153467297726000,1785153467297726000,121932490,121652369,-196.121,0.000,0.000,1.000,3.000,0.000,0.000,24.000,0,0,0
B3_zmq_pushpull,zmq_tcp,none,none,,1,30838,512,584,1785153467298634000,1785153467298634000,1785153467298634000,1785153467298635000,1785153467298696000,1785153467298699000,1785153467298699000,1785153467298699000,121932490,121652369,-219.121,0.000,0.000,1.000,3.000,0.000,0.000,23.000,0,0,0
B3_zmq_pushpull,zmq_tcp,none,none,,1,30839,512,584,1785153467299635000,1785153467299635000,1785153467299635000,1785153467299636000,1785153467299799000,1785153467299802000,1785153467299802000,1785153467299802000,121932490,121652369,-117.121,0.000,0.000,1.000,3.000,0.000,0.000,102.000,0,0,0
B3_zmq_pushpull,zmq_tcp,none,none,,1,30840,512,584,1785153467300633000,1785153467300633000,1785153467300633000,1785153467300634000,1785153467300775000,1785153467300779000,1785153467300779000,1785153467300779000,121932490,121652369,-139.121,0.000,0.000,1.000,4.000,0.000,0.000,22.000,0,0,0
B3_zmq_pushpull,zmq_tcp,none,none,,1,30841,512,584,1785153467301437000,1785153467301437000,1785153467301437000,1785153467301438000,1785153467301590000,1785153467301593000,1785153467301593000,1785153467301593000,121932490,121652369,-128.121,0.000,0.000,1.000,3.000,0.000,0.000,11.000,0,0,0
B3_zmq_pushpull,zmq_tcp,none,none,,1,30842,512,584,1785153467302684000,1785153467302685000,1785153467302685000,1785153467302686000,1785153467302810000,1785153467302813000,1785153467302813000,1785153467302813000,121932490,121652369,-156.121,1.000,0.000,1.000,3.000,0.000,0.000,28.000,0,0,0
B3_zmq_pushpull,zmq_tcp,none,none,,1,30843,512,584,1785153467303626000,1785153467303626000,1785153467303626000,1785153467303627000,1785153467303793000,1785153467303795000,1785153467303795000,1785153467303795000,121932490,121652369,-114.121,0.000,0.000,1.000,2.000,0.000,0.000,42.000,0,0,0
B3_zmq_pushpull,zmq_tcp,none,none,,1,30844,512,584,1785153467304637000,1785153467304637000,1785153467304637000,1785153467304638000,1785153467304766000,1785153467304769000,1785153467304769000,1785153467304769000,121932490,121652369,-152.121,0.000,0.000,1.000,3.000,0.000,0.000,38.000,0,0,0
B3_zmq_pushpull,zmq_tcp,none,none,,1,30845,512,584,1785153467305458000,1785153467305458000,1785153467305459000,1785153467305460000,1785153467305602000,1785153467305605000,1785153467305605000,1785153467305605000,121932490,121652369,-138.121,0.000,1.000,1.000,3.000,0.000,0.000,14.000,0,0,0
B3_zmq_pushpull,zmq_tcp,none,none,,1,30846,512,584,1785153467306538000,1785153467306538000,1785153467306538000,1785153467306539000,1785153467306682000,1785153467306686000,1785153467306686000,1785153467306686000,121932490,121652369,-137.121,0.000,0.000,1.000,4.000,0.000,0.000,1.000,0,0,0
B3_zmq_pushpull,zmq_tcp,none,none,,1,30847,512,584,1785153467307658000,1785153467307658000,1785153467307658000,1785153467307659000,1785153467307774000,1785153467307777000,1785153467307777000,1785153467307777000,121932490,121652369,-165.121,0.000,0.000,1.000,3.000,0.000,0.000,28.000,0,0,0
B3_zmq_pushpull,zmq_tcp,none,none,,1,30848,512,584,1785153467308629000,1785153467308629000,1785153467308629000,1785153467308630000,1785153467308714000,1785153467308717000,1785153467308717000,1785153467308717000,121932490,121652369,-196.121,0.000,0.000,1.000,3.000,0.000,0.000,31.000,0,0,0
B3_zmq_pushpull,zmq_tcp,none,none,,1,30849,512,584,1785153467309636000,1785153467309636000,1785153467309636000,1785153467309637000,1785153467309693000,1785153467309696000,1785153467309696000,1785153467309696000,121932490,121652369,-224.121,0.000,0.000,1.000,3.000,0.000,0.000,28.000,0,0,0
B3_zmq_pushpull,zmq_tcp,none,none,,1,30850,512,584,1785153467310632000,1785153467310632000,1785153467310632000,1785153467310633000,1785153467310696000,1785153467310700000,1785153467310700000,1785153467310700000,121932490,121652369,-217.121,0.000,0.000,1.000,4.000,0.000,0.000,7.000,0,0,0
B3_zmq_pushpull,zmq_tcp,none,none,,1,30851,512,584,1785153467311637000,1785153467311637000,1785153467311637000,1785153467311638000,1785153467311810000,1785153467311813000,1785153467311813000,1785153467311813000,121932490,121652369,-108.121,0.000,0.000,1.000,3.000,0.000,0.000,109.000,0,0,0
B3_zmq_pushpull,zmq_tcp,none,none,,1,30852,512,584,1785153467312517000,1785153467312517000,1785153467312517000,1785153467312518000,1785153467312678000,1785153467312681000,1785153467312681000,1785153467312681000,121932490,121652369,-120.121,0.000,0.000,1.000,3.000,0.000,0.000,12.000,0,0,0
B3_zmq_pushpull,zmq_tcp,none,none,,1,30853,512,584,1785153467313664000,1785153467313664000,1785153467313664000,1785153467313665000,1785153467313779000,1785153467313782000,1785153467313782000,1785153467313782000,121932490,121652369,-166.121,0.000,0.000,1.000,3.000,0.000,0.000,46.000,0,0,0
B3_zmq_pushpull,zmq_tcp,none,none,,1,30854,512,584,1785153467314625000,1785153467314625000,1785153467314625000,1785153467314626000,1785153467314758000,1785153467314761000,1785153467314761000,1785153467314761000,121932490,121652369,-148.121,0.000,0.000,1.000,3.000,0.000,0.000,18.000,0,0,0
B3_zmq_pushpull,zmq_tcp,none,none,,1,30855,512,584,1785153467315637000,1785153467315637000,1785153467315637000,1785153467315638000,1785153467315727000,1785153467315730000,1785153467315730000,1785153467315730000,121932490,121652369,-191.121,0.000,0.000,1.000,3.000,0.000,0.000,43.000,0,0,0
B3_zmq_pushpull,zmq_tcp,none,none,,1,30856,512,584,1785153467316634000,1785153467316634000,1785153467316635000,1785153467316635000,1785153467316688000,1785153467316691000,1785153467316691000,1785153467316691000,121932490,121652369,-227.121,0.000,1.000,0.000,3.000,0.000,0.000,36.000,0,0,0
B3_zmq_pushpull,zmq_tcp,none,none,,1,30857,512,584,1785153467317637000,1785153467317637000,1785153467317637000,1785153467317638000,1785153467317807000,1785153467317812000,1785153467317812000,1785153467317812000,121932490,121652369,-111.121,0.000,0.000,1.000,5.000,0.000,0.000,116.000,0,0,0
B3_zmq_pushpull,zmq_tcp,none,none,,1,30858,512,584,1785153467318630000,1785153467318631000,1785153467318631000,1785153467318631000,1785153467318799000,1785153467318803000,1785153467318803000,1785153467318803000,121932490,121652369,-112.121,1.000,0.000,0.000,4.000,0.000,0.000,1.000,0,0,0
B3_zmq_pushpull,zmq_tcp,none,none,,1,30859,512,584,1785153467319638000,1785153467319638000,1785153467319639000,1785153467319639000,1785153467319767000,1785153467319770000,1785153467319770000,1785153467319770000,121932490,121652369,-152.121,0.000,1.000,0.000,3.000,0.000,0.000,40.000,0,0,0
B3_zmq_pushpull,zmq_tcp,none,none,,1,30860,512,584,1785153467320634000,1785153467320634000,1785153467320634000,1785153467320635000,1785153467320766000,1785153467320770000,1785153467320770000,1785153467320770000,121932490,121652369,-149.121,0.000,0.000,1.000,4.000,0.000,0.000,3.000,0,0,0
B3_zmq_pushpull,zmq_tcp,none,none,,1,30861,512,584,1785153467321448000,1785153467321448000,1785153467321448000,1785153467321449000,1785153467321602000,1785153467321605000,1785153467321605000,1785153467321605000,121932490,121652369,-127.121,0.000,0.000,1.000,3.000,0.000,0.000,22.000,0,0,0
B3_zmq_pushpull,zmq_tcp,none,none,,1,30862,512,584,1785153467322560000,1785153467322560000,1785153467322560000,1785153467322561000,1785153467322711000,1785153467322715000,1785153467322715000,1785153467322715000,121932490,121652369,-130.121,0.000,0.000,1.000,4.000,0.000,0.000,3.000,0,0,0
B3_zmq_pushpull,zmq_tcp,none,none,,1,30863,512,584,1785153467323655000,1785153467323655000,1785153467323655000,1785153467323656000,1785153467323707000,1785153467323710000,1785153467323710000,1785153467323710000,121932490,121652369,-229.121,0.000,0.000,1.000,3.000,0.000,0.000,99.000,0,0,0
B3_zmq_pushpull,zmq_tcp,none,none,,1,30864,512,584,1785153467324525000,1785153467324526000,1785153467324526000,1785153467324527000,1785153467324683000,1785153467324686000,1785153467324686000,1785153467324686000,121932490,121652369,-124.121,1.000,0.000,1.000,3.000,0.000,0.000,105.000,0,0,0
B3_zmq_pushpull,zmq_tcp,none,none,,1,30865,512,584,1785153467325664000,1785153467325664000,1785153467325664000,1785153467325665000,1785153467325800000,1785153467325802000,1785153467325802000,1785153467325802000,121932490,121652369,-145.121,0.000,0.000,1.000,2.000,0.000,0.000,21.000,0,0,0
B3_zmq_pushpull,zmq_tcp,none,none,,1,30866,512,584,1785153467326628000,1785153467326628000,1785153467326628000,1785153467326629000,1785153467326785000,1785153467326787000,1785153467326788000,1785153467326788000,121932490,121652369,-124.121,0.000,0.000,1.000,2.000,1.000,0.000,21.000,0,0,0
B3_zmq_pushpull,zmq_tcp,none,none,,1,30867,512,584,1785153467327636000,1785153467327636000,1785153467327636000,1785153467327637000,1785153467327746000,1785153467327749000,1785153467327749000,1785153467327749000,121932490,121652369,-171.121,0.000,0.000,1.000,3.000,0.000,0.000,47.000,0,0,0
B3_zmq_pushpull,zmq_tcp,none,none,,1,30868,512,584,1785153467328437000,1785153467328438000,1785153467328438000,1785153467328439000,1785153467328589000,1785153467328591000,1785153467328592000,1785153467328592000,121932490,121652369,-130.121,1.000,0.000,1.000,2.000,1.000,0.000,41.000,0,0,0
B3_zmq_pushpull,zmq_tcp,none,none,,1,30869,512,584,1785153467329563000,1785153467329563000,1785153467329563000,1785153467329564000,1785153467329715000,1785153467329718000,1785153467329718000,1785153467329718000,121932490,121652369,-129.121,0.000,0.000,1.000,3.000,0.000,0.000,1.000,0,0,0
B3_zmq_pushpull,zmq_tcp,none,none,,1,30870,512,584,1785153467330564000,1785153467330564000,1785153467330564000,1785153467330565000,1785153467330719000,1785153467330722000,1785153467330722000,1785153467330722000,121932490,121652369,-126.121,0.000,0.000,1.000,3.000,0.000,0.000,3.000,0,0,0
B3_zmq_pushpull,zmq_tcp,none,none,,1,30871,512,584,1785153467331545000,1785153467331546000,1785153467331546000,1785153467331547000,1785153467331704000,1785153467331706000,1785153467331706000,1785153467331706000,121932490,121652369,-123.121,1.000,0.000,1.000,2.000,0.000,0.000,3.000,0,0,0
B3_zmq_pushpull,zmq_tcp,none,none,,1,30872,512,584,1785153467332540000,1785153467332540000,1785153467332540000,1785153467332541000,1785153467332701000,1785153467332703000,1785153467332703000,1785153467332704000,121932490,121652369,-120.121,0.000,0.000,1.000,2.000,0.000,1.000,3.000,0,0,0
B3_zmq_pushpull,zmq_tcp,none,none,,1,30873,512,584,1785153467333664000,1785153467333664000,1785153467333664000,1785153467333665000,1785153467333821000,1785153467333823000,1785153467333824000,1785153467333824000,121932490,121652369,-124.121,0.000,0.000,1.000,2.000,1.000,0.000,4.000,0,0,0
B3_zmq_pushpull,zmq_tcp,none,none,,1,30874,512,584,1785153467334628000,1785153467334628000,1785153467334628000,1785153467334629000,1785153467334793000,1785153467334796000,1785153467334796000,1785153467334796000,121932490,121652369,-116.121,0.000,0.000,1.000,3.000,0.000,0.000,8.000,0,0,0
B3_zmq_pushpull,zmq_tcp,none,none,,1,30875,512,584,1785153467335475000,1785153467335475000,1785153467335475000,1785153467335476000,1785153467335628000,1785153467335630000,1785153467335630000,1785153467335630000,121932490,121652369,-128.121,0.000,0.000,1.000,2.000,0.000,0.000,12.000,0,0,0
B3_zmq_pushpull,zmq_tcp,none,none,,1,30876,512,584,1785153467336452000,1785153467336452000,1785153467336452000,1785153467336453000,1785153467336596000,1785153467336598000,1785153467336598000,1785153467336598000,121932490,121652369,-137.121,0.000,0.000,1.000,2.000,0.000,0.000,9.000,0,0,0
B3_zmq_pushpull,zmq_tcp,none,none,,1,30877,512,584,1785153467337446000,1785153467337446000,1785153467337446000,1785153467337447000,1785153467337595000,1785153467337599000,1785153467337599000,1785153467337599000,121932490,121652369,-132.121,0.000,0.000,1.000,4.000,0.000,0.000,5.000,0,0,0
B3_zmq_pushpull,zmq_tcp,none,none,,1,30878,512,584,1785153467338682000,1785153467338683000,1785153467338683000,1785153467338684000,1785153467338741000,1785153467338744000,1785153467338744000,1785153467338744000,121932490,121652369,-223.121,1.000,0.000,1.000,3.000,0.000,0.000,91.000,0,0,0
B3_zmq_pushpull,zmq_tcp,none,none,,1,30879,512,584,1785153467339625000,1785153467339625000,1785153467339625000,1785153467339626000,1785153467339700000,1785153467339702000,1785153467339702000,1785153467339702000,121932490,121652369,-206.121,0.000,0.000,1.000,2.000,0.000,0.000,17.000,0,0,0
B3_zmq_pushpull,zmq_tcp,none,none,,1,30880,512,584,1785153467340637000,1785153467340637000,1785153467340637000,1785153467340638000,1785153467340813000,1785153467340815000,1785153467340815000,1785153467340815000,121932490,121652369,-105.121,0.000,0.000,1.000,2.000,0.000,0.000,101.000,0,0,0
B3_zmq_pushpull,zmq_tcp,none,none,,1,30881,512,584,1785153467341635000,1785153467341635000,1785153467341635000,1785153467341636000,1785153467341785000,1785153467341788000,1785153467341788000,1785153467341788000,121932490,121652369,-131.121,0.000,0.000,1.000,3.000,0.000,0.000,26.000,0,0,0
B3_zmq_pushpull,zmq_tcp,none,none,,1,30882,512,584,1785153467342634000,1785153467342635000,1785153467342635000,1785153467342636000,1785153467342752000,1785153467342754000,1785153467342754000,1785153467342754000,121932490,121652369,-164.121,1.000,0.000,1.000,2.000,0.000,0.000,33.000,0,0,0
B3_zmq_pushpull,zmq_tcp,none,none,,1,30883,512,584,1785153467343632000,1785153467343632000,1785153467343632000,1785153467343633000,1785153467343719000,1785153467343722000,1785153467343722000,1785153467343722000,121932490,121652369,-194.121,0.000,0.000,1.000,3.000,0.000,0.000,30.000,0,0,0
B3_zmq_pushpull,zmq_tcp,none,none,,1,30884,512,584,1785153467344637000,1785153467344637000,1785153467344637000,1785153467344638000,1785153467344678000,1785153467344682000,1785153467344682000,1785153467344682000,121932490,121652369,-240.121,0.000,0.000,1.000,4.000,0.000,0.000,46.000,0,0,0
B3_zmq_pushpull,zmq_tcp,none,none,,1,30885,512,584,1785153467345637000,1785153467345637000,1785153467345637000,1785153467345638000,1785153467345810000,1785153467345813000,1785153467345813000,1785153467345813000,121932490,121652369,-108.121,0.000,0.000,1.000,3.000,0.000,0.000,132.000,0,0,0
B3_zmq_pushpull,zmq_tcp,none,none,,1,30886,512,584,1785153467346633000,1785153467346633000,1785153467346633000,1785153467346634000,1785153467346796000,1785153467346798000,1785153467346798000,1785153467346798000,121932490,121652369,-118.121,0.000,0.000,1.000,2.000,0.000,0.000,10.000,0,0,0
B3_zmq_pushpull,zmq_tcp,none,none,,1,30887,512,584,1785153467347638000,1785153467347638000,1785153467347638000,1785153467347639000,1785153467347801000,1785153467347804000,1785153467347804000,1785153467347804000,121932490,121652369,-118.121,0.000,0.000,1.000,3.000,0.000,0.000,0.000,0,0,0
B3_zmq_pushpull,zmq_tcp,none,none,,1,30888,512,584,1785153467348486000,1785153467348486000,1785153467348486000,1785153467348487000,1785153467348641000,1785153467348645000,1785153467348645000,1785153467348645000,121932490,121652369,-126.121,0.000,0.000,1.000,4.000,0.000,0.000,8.000,0,0,0
B3_zmq_pushpull,zmq_tcp,none,none,,1,30889,512,584,1785153467349479000,1785153467349479000,1785153467349479000,1785153467349480000,1785153467349632000,1785153467349634000,1785153467349634000,1785153467349634000,121932490,121652369,-128.121,0.000,0.000,1.000,2.000,0.000,0.000,2.000,0,0,0
B3_zmq_pushpull,zmq_tcp,none,none,,1,30890,512,584,1785153467350447000,1785153467350447000,1785153467350448000,1785153467350449000,1785153467350591000,1785153467350593000,1785153467350593000,1785153467350593000,121932490,121652369,-138.121,0.000,1.000,1.000,2.000,0.000,0.000,10.000,0,0,0
B3_zmq_pushpull,zmq_tcp,none,none,,1,30891,512,584,1785153467351684000,1785153467351684000,1785153467351684000,1785153467351685000,1785153467351844000,1785153467351846000,1785153467351846000,1785153467351846000,121932490,121652369,-121.121,0.000,0.000,1.000,2.000,0.000,0.000,17.000,0,0,0
B3_zmq_pushpull,zmq_tcp,none,none,,1,30892,512,584,1785153467352530000,1785153467352530000,1785153467352530000,1785153467352531000,1785153467352678000,1785153467352681000,1785153467352681000,1785153467352681000,121932490,121652369,-133.121,0.000,0.000,1.000,3.000,0.000,0.000,12.000,0,0,0
B3_zmq_pushpull,zmq_tcp,none,none,,1,30893,512,584,1785153467353663000,1785153467353663000,1785153467353663000,1785153467353664000,1785153467353794000,1785153467353797000,1785153467353797000,1785153467353797000,121932490,121652369,-150.121,0.000,0.000,1.000,3.000,0.000,0.000,17.000,0,0,0
B3_zmq_pushpull,zmq_tcp,none,none,,1,30894,512,584,1785153467354628000,1785153467354628000,1785153467354628000,1785153467354629000,1785153467354788000,1785153467354790000,1785153467354790000,1785153467354790000,121932490,121652369,-121.121,0.000,0.000,1.000,2.000,0.000,0.000,29.000,0,0,0
B3_zmq_pushpull,zmq_tcp,none,none,,1,30895,512,584,1785153467355492000,1785153467355492000,1785153467355492000,1785153467355493000,1785153467355644000,1785153467355647000,1785153467355647000,1785153467355647000,121932490,121652369,-129.121,0.000,0.000,1.000,3.000,0.000,0.000,8.000,0,0,0
B3_zmq_pushpull,zmq_tcp,none,none,,1,30896,512,584,1785153467356461000,1785153467356461000,1785153467356461000,1785153467356462000,1785153467356604000,1785153467356606000,1785153467356606000,1785153467356606000,121932490,121652369,-138.121,0.000,0.000,1.000,2.000,0.000,0.000,9.000,0,0,0
B3_zmq_pushpull,zmq_tcp,none,none,,1,30897,512,584,1785153467357677000,1785153467357677000,1785153467357677000,1785153467357678000,1785153467357722000,1785153467357725000,1785153467357725000,1785153467357725000,121932490,121652369,-236.121,0.000,0.000,1.000,3.000,0.000,0.000,98.000,0,0,0
B3_zmq_pushpull,zmq_tcp,none,none,,1,30898,512,584,1785153467358625000,1785153467358625000,1785153467358625000,1785153467358626000,1785153467358679000,1785153467358682000,1785153467358682000,1785153467358682000,121932490,121652369,-227.121,0.000,0.000,1.000,3.000,0.000,0.000,9.000,0,0,0
B3_zmq_pushpull,zmq_tcp,none,none,,1,30899,512,584,1785153467359637000,1785153467359637000,1785153467359637000,1785153467359638000,1785153467359803000,1785153467359805000,1785153467359805000,1785153467359805000,121932490,121652369,-115.121,0.000,0.000,1.000,2.000,0.000,0.000,112.000,0,0,0
B3_zmq_pushpull,zmq_tcp,none,none,,1,30900,512,584,1785153467360633000,1785153467360633000,1785153467360633000,1785153467360634000,1785153467360770000,1785153467360773000,1785153467360773000,1785153467360773000,121932490,121652369,-144.121,0.000,0.000,1.000,3.000,0.000,0.000,29.000,0,0,0
B3_zmq_pushpull,zmq_tcp,none,none,,1,30901,512,584,1785153467361637000,1785153467361638000,1785153467361638000,1785153467361639000,1785153467361746000,1785153467361748000,1785153467361748000,1785153467361748000,121932490,121652369,-173.121,1.000,0.000,1.000,2.000,0.000,0.000,29.000,0,0,0
B3_zmq_pushpull,zmq_tcp,none,none,,1,30902,512,584,1785153467362635000,1785153467362635000,1785153467362635000,1785153467362636000,1785153467362698000,1785153467362701000,1785153467362701000,1785153467362701000,121932490,121652369,-218.121,0.000,0.000,1.000,3.000,0.000,0.000,45.000,0,0,0
B3_zmq_pushpull,zmq_tcp,none,none,,1,30903,512,584,1785153467363635000,1785153467363635000,1785153467363635000,1785153467363636000,1785153467363678000,1785153467363682000,1785153467363682000,1785153467363682000,121932490,121652369,-238.121,0.000,0.000,1.000,4.000,0.000,0.000,20.000,0,0,0
B3_zmq_pushpull,zmq_tcp,none,none,,1,30904,512,584,1785153467364633000,1785153467364633000,1785153467364633000,1785153467364634000,1785153467364682000,1785153467364686000,1785153467364686000,1785153467364686000,121932490,121652369,-232.121,0.000,0.000,1.000,4.000,0.000,0.000,6.000,0,0,0
B3_zmq_pushpull,zmq_tcp,none,none,,1,30905,512,584,1785153467365638000,1785153467365638000,1785153467365638000,1785153467365639000,1785153467365818000,1785153467365821000,1785153467365821000,1785153467365821000,121932490,121652369,-101.121,0.000,0.000,1.000,3.000,0.000,0.000,131.000,0,0,0
B3_zmq_pushpull,zmq_tcp,none,none,,1,30906,512,584,1785153467366637000,1785153467366637000,1785153467366637000,1785153467366638000,1785153467366808000,1785153467366811000,1785153467366811000,1785153467366811000,121932490,121652369,-110.121,0.000,0.000,1.000,3.000,0.000,0.000,9.000,0,0,0
B3_zmq_pushpull,zmq_tcp,none,none,,1,30907,512,584,1785153467367633000,1785153467367633000,1785153467367634000,1785153467367634000,1785153467367797000,1785153467367800000,1785153467367800000,1785153467367800000,121932490,121652369,-117.121,0.000,1.000,0.000,3.000,0.000,0.000,7.000,0,0,0
B3_zmq_pushpull,zmq_tcp,none,none,,1,30908,512,584,1785153467368635000,1785153467368635000,1785153467368635000,1785153467368636000,1785153467368781000,1785153467368784000,1785153467368784000,1785153467368784000,121932490,121652369,-135.121,0.000,0.000,1.000,3.000,0.000,0.000,18.000,0,0,0
B3_zmq_pushpull,zmq_tcp,none,none,,1,30909,512,584,1785153467369635000,1785153467369635000,1785153467369635000,1785153467369636000,1785153467369757000,1785153467369760000,1785153467369760000,1785153467369760000,121932490,121652369,-159.121,0.000,0.000,1.000,3.000,0.000,0.000,24.000,0,0,0
B3_zmq_pushpull,zmq_tcp,none,none,,1,30910,512,584,1785153467370635000,1785153467370635000,1785153467370635000,1785153467370636000,1785153467370745000,1785153467370748000,1785153467370748000,1785153467370748000,121932490,121652369,-171.121,0.000,0.000,1.000,3.000,0.000,0.000,12.000,0,0,0
B3_zmq_pushpull,zmq_tcp,none,none,,1,30911,512,584,1785153467371632000,1785153467371632000,1785153467371632000,1785153467371633000,1785153467371733000,1785153467371736000,1785153467371736000,1785153467371736000,121932490,121652369,-180.121,0.000,0.000,1.000,3.000,0.000,0.000,9.000,0,0,0
B3_zmq_pushpull,zmq_tcp,none,none,,1,30912,512,584,1785153467372636000,1785153467372636000,1785153467372636000,1785153467372637000,1785153467372706000,1785153467372709000,1785153467372709000,1785153467372709000,121932490,121652369,-211.121,0.000,0.000,1.000,3.000,0.000,0.000,31.000,0,0,0
B3_zmq_pushpull,zmq_tcp,none,none,,1,30913,512,584,1785153467373638000,1785153467373638000,1785153467373638000,1785153467373639000,1785153467373844000,1785153467373846000,1785153467373846000,1785153467373847000,121932490,121652369,-75.121,0.000,0.000,1.000,2.000,0.000,1.000,136.000,0,0,0
B3_zmq_pushpull,zmq_tcp,none,none,,1,30914,512,584,1785153467374551000,1785153467374551000,1785153467374551000,1785153467374552000,1785153467374713000,1785153467374716000,1785153467374716000,1785153467374716000,121932490,121652369,-119.121,0.000,0.000,1.000,3.000,0.000,0.000,44.000,0,0,0
B3_zmq_pushpull,zmq_tcp,none,none,,1,30915,512,584,1785153467375661000,1785153467375661000,1785153467375661000,1785153467375662000,1785153467375852000,1785153467375855000,1785153467375856000,1785153467375856000,121932490,121652369,-90.121,0.000,0.000,1.000,3.000,1.000,0.000,29.000,0,0,0
B3_zmq_pushpull,zmq_tcp,none,none,,1,30916,512,584,1785153467376629000,1785153467376629000,1785153467376629000,1785153467376630000,1785153467376694000,1785153467376698000,1785153467376698000,1785153467376698000,121932490,121652369,-216.121,0.000,0.000,1.000,4.000,0.000,0.000,126.000,0,0,0
B3_zmq_pushpull,zmq_tcp,none,none,,1,30917,512,584,1785153467377636000,1785153467377636000,1785153467377636000,1785153467377637000,1785153467377790000,1785153467377793000,1785153467377793000,1785153467377793000,121932490,121652369,-127.121,0.000,0.000,1.000,3.000,0.000,0.000,89.000,0,0,0
B3_zmq_pushpull,zmq_tcp,none,none,,1,30918,512,584,1785153467378632000,1785153467378632000,1785153467378632000,1785153467378633000,1785153467378760000,1785153467378762000,1785153467378762000,1785153467378762000,121932490,121652369,-153.121,0.000,0.000,1.000,2.000,0.000,0.000,26.000,0,0,0
B3_zmq_pushpull,zmq_tcp,none,none,,1,30919,512,584,1785153467379636000,1785153467379636000,1785153467379636000,1785153467379637000,1785153467379733000,1785153467379736000,1785153467379736000,1785153467379736000,121932490,121652369,-184.121,0.000,0.000,1.000,3.000,0.000,0.000,31.000,0,0,0
B3_zmq_pushpull,zmq_tcp,none,none,,1,30920,512,584,1785153467380639000,1785153467380640000,1785153467380640000,1785153467380641000,1785153467380832000,1785153467380834000,1785153467380834000,1785153467380834000,121932490,121652369,-89.121,1.000,0.000,1.000,2.000,0.000,0.000,95.000,0,0,0
B3_zmq_pushpull,zmq_tcp,none,none,,1,30921,512,584,1785153467381634000,1785153467381634000,1785153467381634000,1785153467381635000,1785153467381792000,1785153467381794000,1785153467381794000,1785153467381794000,121932490,121652369,-123.121,0.000,0.000,1.000,2.000,0.000,0.000,34.000,0,0,0
B3_zmq_pushpull,zmq_tcp,none,none,,1,30922,512,584,1785153467382490000,1785153467382490000,1785153467382490000,1785153467382491000,1785153467382644000,1785153467382647000,1785153467382647000,1785153467382647000,121932490,121652369,-127.121,0.000,0.000,1.000,3.000,0.000,0.000,4.000,0,0,0
B3_zmq_pushpull,zmq_tcp,none,none,,1,30923,512,584,1785153467383451000,1785153467383451000,1785153467383451000,1785153467383452000,1785153467383605000,1785153467383608000,1785153467383608000,1785153467383608000,121932490,121652369,-127.121,0.000,0.000,1.000,3.000,0.000,0.000,0.000,0,0,0
B3_zmq_pushpull,zmq_tcp,none,none,,1,30924,512,584,1785153467384443000,1785153467384443000,1785153467384443000,1785153467384444000,1785153467384574000,1785153467384576000,1785153467384576000,1785153467384576000,121932490,121652369,-150.121,0.000,0.000,1.000,2.000,0.000,0.000,23.000,0,0,0
B3_zmq_pushpull,zmq_tcp,none,none,,1,30925,512,584,1785153467385539000,1785153467385539000,1785153467385539000,1785153467385540000,1785153467385685000,1785153467385688000,1785153467385688000,1785153467385688000,121932490,121652369,-135.121,0.000,0.000,1.000,3.000,0.000,0.000,15.000,0,0,0
B3_zmq_pushpull,zmq_tcp,none,none,,1,30926,512,584,1785153467386661000,1785153467386661000,1785153467386661000,1785153467386662000,1785153467386826000,1785153467386830000,1785153467386830000,1785153467386830000,121932490,121652369,-116.121,0.000,0.000,1.000,4.000,0.000,0.000,19.000,0,0,0
B3_zmq_pushpull,zmq_tcp,none,none,,1,30927,512,584,1785153467387523000,1785153467387523000,1785153467387523000,1785153467387524000,1785153467387678000,1785153467387682000,1785153467387682000,1785153467387682000,121932490,121652369,-126.121,0.000,0.000,1.000,4.000,0.000,0.000,10.000,0,0,0
B3_zmq_pushpull,zmq_tcp,none,none,,1,30928,512,584,1785153467388500000,1785153467388500000,1785153467388500000,1785153467388501000,1785153467388658000,1785153467388661000,1785153467388661000,1785153467388661000,121932490,121652369,-123.121,0.000,0.000,1.000,3.000,0.000,0.000,3.000,0,0,0
B3_zmq_pushpull,zmq_tcp,none,none,,1,30929,512,584,1785153467389669000,1785153467389670000,1785153467389670000,1785153467389671000,1785153467389763000,1785153467389765000,1785153467389765000,1785153467389765000,121932490,121652369,-188.121,1.000,0.000,1.000,2.000,0.000,0.000,65.000,0,0,0
B3_zmq_pushpull,zmq_tcp,none,none,,1,30930,512,584,1785153467390627000,1785153467390627000,1785153467390627000,1785153467390628000,1785153467390736000,1785153467390739000,1785153467390739000,1785153467390739000,121932490,121652369,-172.121,0.000,0.000,1.000,3.000,0.000,0.000,16.000,0,0,0
B3_zmq_pushpull,zmq_tcp,none,none,,1,30931,512,584,1785153467391635000,1785153467391635000,1785153467391635000,1785153467391636000,1785153467391701000,1785153467391704000,1785153467391704000,1785153467391704000,121932490,121652369,-215.121,0.000,0.000,1.000,3.000,0.000,0.000,43.000,0,0,0
B3_zmq_pushpull,zmq_tcp,none,none,,1,30932,512,584,1785153467392636000,1785153467392636000,1785153467392636000,1785153467392637000,1785153467392794000,1785153467392796000,1785153467392796000,1785153467392796000,121932490,121652369,-123.121,0.000,0.000,1.000,2.000,0.000,0.000,92.000,0,0,0
B3_zmq_pushpull,zmq_tcp,none,none,,1,30933,512,584,1785153467393478000,1785153467393478000,1785153467393478000,1785153467393479000,1785153467393637000,1785153467393640000,1785153467393640000,1785153467393640000,121932490,121652369,-122.121,0.000,0.000,1.000,3.000,0.000,0.000,1.000,0,0,0
B3_zmq_pushpull,zmq_tcp,none,none,,1,30934,512,584,1785153467394470000,1785153467394470000,1785153467394470000,1785153467394471000,1785153467394629000,1785153467394632000,1785153467394632000,1785153467394632000,121932490,121652369,-122.121,0.000,0.000,1.000,3.000,0.000,0.000,0.000,0,0,0
B3_zmq_pushpull,zmq_tcp,none,none,,1,30935,512,584,1785153467395676000,1785153467395676000,1785153467395676000,1785153467395677000,1785153467395737000,1785153467395740000,1785153467395740000,1785153467395740000,121932490,121652369,-220.121,0.000,0.000,1.000,3.000,0.000,0.000,98.000,0,0,0
B3_zmq_pushpull,zmq_tcp,none,none,,1,30936,512,584,1785153467396626000,1785153467396626000,1785153467396626000,1785153467396627000,1785153467396715000,1785153467396718000,1785153467396718000,1785153467396718000,121932490,121652369,-192.121,0.000,0.000,1.000,3.000,0.000,0.000,28.000,0,0,0
B3_zmq_pushpull,zmq_tcp,none,none,,1,30937,512,584,1785153467397637000,1785153467397638000,1785153467397638000,1785153467397639000,1785153467397688000,1785153467397691000,1785153467397691000,1785153467397691000,121932490,121652369,-231.121,1.000,0.000,1.000,3.000,0.000,0.000,39.000,0,0,0
B3_zmq_pushpull,zmq_tcp,none,none,,1,30938,512,584,1785153467398631000,1785153467398631000,1785153467398631000,1785153467398632000,1785153467398666000,1785153467398670000,1785153467398670000,1785153467398670000,121932490,121652369,-246.121,0.000,0.000,1.000,4.000,0.000,0.000,15.000,0,0,0
B3_zmq_pushpull,zmq_tcp,none,none,,1,30939,512,584,1785153467399636000,1785153467399637000,1785153467399637000,1785153467399637000,1785153467399785000,1785153467399788000,1785153467399788000,1785153467399788000,121932490,121652369,-132.121,1.000,0.000,0.000,3.000,0.000,0.000,114.000,0,0,0
B3_zmq_pushpull,zmq_tcp,none,none,,1,30940,512,584,1785153467400635000,1785153467400635000,1785153467400635000,1785153467400636000,1785153467400771000,1785153467400773000,1785153467400773000,1785153467400773000,121932490,121652369,-145.121,0.000,0.000,1.000,2.000,0.000,0.000,13.000,0,0,0
B3_zmq_pushpull,zmq_tcp,none,none,,1,30941,512,584,1785153467401635000,1785153467401635000,1785153467401635000,1785153467401636000,1785153467401765000,1785153467401768000,1785153467401768000,1785153467401768000,121932490,121652369,-151.121,0.000,0.000,1.000,3.000,0.000,0.000,6.000,0,0,0
B3_zmq_pushpull,zmq_tcp,none,none,,1,30942,512,584,1785153467402637000,1785153467402637000,1785153467402638000,1785153467402638000,1785153467402756000,1785153467402759000,1785153467402759000,1785153467402759000,121932490,121652369,-162.121,0.000,1.000,0.000,3.000,0.000,0.000,11.000,0,0,0
B3_zmq_pushpull,zmq_tcp,none,none,,1,30943,512,584,1785153467403636000,1785153467403636000,1785153467403636000,1785153467403637000,1785153467403727000,1785153467403730000,1785153467403731000,1785153467403731000,121932490,121652369,-190.121,0.000,0.000,1.000,3.000,1.000,0.000,28.000,0,0,0
B3_zmq_pushpull,zmq_tcp,none,none,,1,30944,512,584,1785153467404635000,1785153467404635000,1785153467404635000,1785153467404636000,1785153467404720000,1785153467404722000,1785153467404723000,1785153467404723000,121932490,121652369,-196.121,0.000,0.000,1.000,2.000,1.000,0.000,6.000,0,0,0
B3_zmq_pushpull,zmq_tcp,none,none,,1,30945,512,584,1785153467405635000,1785153467405635000,1785153467405635000,1785153467405636000,1785153467405697000,1785153467405700000,1785153467405700000,1785153467405700000,121932490,121652369,-219.121,0.000,0.000,1.000,3.000,0.000,0.000,23.000,0,0,0
B3_zmq_pushpull,zmq_tcp,none,none,,1,30946,512,584,1785153467406635000,1785153467406635000,1785153467406635000,1785153467406636000,1785153467406674000,1785153467406677000,1785153467406677000,1785153467406677000,121932490,121652369,-242.121,0.000,0.000,1.000,3.000,0.000,0.000,23.000,0,0,0
B3_zmq_pushpull,zmq_tcp,none,none,,1,30947,512,584,1785153467407635000,1785153467407635000,1785153467407635000,1785153467407636000,1785153467407791000,1785153467407793000,1785153467407793000,1785153467407793000,121932490,121652369,-125.121,0.000,0.000,1.000,2.000,0.000,0.000,117.000,0,0,0
B3_zmq_pushpull,zmq_tcp,none,none,,1,30948,512,584,1785153467408637000,1785153467408637000,1785153467408637000,1785153467408638000,1785153467408801000,1785153467408804000,1785153467408804000,1785153467408804000,121932490,121652369,-117.121,0.000,0.000,1.000,3.000,0.000,0.000,8.000,0,0,0
B3_zmq_pushpull,zmq_tcp,none,none,,1,30949,512,584,1785153467409501000,1785153467409501000,1785153467409501000,1785153467409502000,1785153467409645000,1785153467409648000,1785153467409648000,1785153467409648000,121932490,121652369,-137.121,0.000,0.000,1.000,3.000,0.000,0.000,20.000,0,0,0
B3_zmq_pushpull,zmq_tcp,none,none,,1,30950,512,584,1785153467410669000,1785153467410669000,1785153467410669000,1785153467410670000,1785153467410761000,1785153467410765000,1785153467410765000,1785153467410765000,121932490,121652369,-189.121,0.000,0.000,1.000,4.000,0.000,0.000,52.000,0,0,0
B3_zmq_pushpull,zmq_tcp,none,none,,1,30951,512,584,1785153467411627000,1785153467411627000,1785153467411627000,1785153467411628000,1785153467411747000,1785153467411749000,1785153467411749000,1785153467411749000,121932490,121652369,-161.121,0.000,0.000,1.000,2.000,0.000,0.000,28.000,0,0,0
B3_zmq_pushpull,zmq_tcp,none,none,,1,30952,512,584,1785153467412638000,1785153467412638000,1785153467412638000,1785153467412639000,1785153467412724000,1785153467412726000,1785153467412727000,1785153467412727000,121932490,121652369,-195.121,0.000,0.000,1.000,2.000,1.000,0.000,34.000,0,0,0
B3_zmq_pushpull,zmq_tcp,none,none,,1,30953,512,584,1785153467413632000,1785153467413632000,1785153467413632000,1785153467413633000,1785153467413709000,1785153467413711000,1785153467413711000,1785153467413711000,121932490,121652369,-204.121,0.000,0.000,1.000,2.000,0.000,0.000,9.000,0,0,0
B3_zmq_pushpull,zmq_tcp,none,none,,1,30954,512,584,1785153467414639000,1785153467414639000,1785153467414639000,1785153467414640000,1785153467414699000,1785153467414701000,1785153467414701000,1785153467414701000,121932490,121652369,-221.121,0.000,0.000,1.000,2.000,0.000,0.000,17.000,0,0,0
B3_zmq_pushpull,zmq_tcp,none,none,,1,30955,512,584,1785153467415527000,1785153467415527000,1785153467415527000,1785153467415528000,1785153467415688000,1785153467415691000,1785153467415691000,1785153467415691000,121932490,121652369,-120.121,0.000,0.000,1.000,3.000,0.000,0.000,101.000,0,0,0
B3_zmq_pushpull,zmq_tcp,none,none,,1,30956,512,584,1785153467416664000,1785153467416664000,1785153467416664000,1785153467416665000,1785153467416793000,1785153467416796000,1785153467416796000,1785153467416796000,121932490,121652369,-152.121,0.000,0.000,1.000,3.000,0.000,0.000,32.000,0,0,0
B3_zmq_pushpull,zmq_tcp,none,none,,1,30957,512,584,1785153467417628000,1785153467417628000,1785153467417628000,1785153467417629000,1785153467417763000,1785153467417767000,1785153467417767000,1785153467417767000,121932490,121652369,-146.121,0.000,0.000,1.000,4.000,0.000,0.000,6.000,0,0,0
B3_zmq_pushpull,zmq_tcp,none,none,,1,30958,512,584,1785153467418638000,1785153467418638000,1785153467418638000,1785153467418639000,1785153467418733000,1785153467418736000,1785153467418736000,1785153467418736000,121932490,121652369,-186.121,0.000,0.000,1.000,3.000,0.000,0.000,40.000,0,0,0
B3_zmq_pushpull,zmq_tcp,none,none,,1,30959,512,584,1785153467419634000,1785153467419634000,1785153467419634000,1785153467419635000,1785153467419699000,1785153467419701000,1785153467419701000,1785153467419701000,121932490,121652369,-216.121,0.000,0.000,1.000,2.000,0.000,0.000,30.000,0,0,0
B3_zmq_pushpull,zmq_tcp,none,none,,1,30960,512,584,1785153467420636000,1785153467420636000,1785153467420636000,1785153467420637000,1785153467420788000,1785153467420791000,1785153467420791000,1785153467420791000,121932490,121652369,-129.121,0.000,0.000,1.000,3.000,0.000,0.000,87.000,0,0,0
B3_zmq_pushpull,zmq_tcp,none,none,,1,30961,512,584,1785153467421471000,1785153467421471000,1785153467421471000,1785153467421472000,1785153467421629000,1785153467421632000,1785153467421632000,1785153467421632000,121932490,121652369,-123.121,0.000,0.000,1.000,3.000,0.000,0.000,6.000,0,0,0
B3_zmq_pushpull,zmq_tcp,none,none,,1,30962,512,584,1785153467422454000,1785153467422454000,1785153467422454000,1785153467422455000,1785153467422612000,1785153467422615000,1785153467422615000,1785153467422615000,121932490,121652369,-123.121,0.000,0.000,1.000,3.000,0.000,0.000,0.000,0,0,0
B3_zmq_pushpull,zmq_tcp,none,none,,1,30963,512,584,1785153467423683000,1785153467423683000,1785153467423683000,1785153467423684000,1785153467423859000,1785153467423861000,1785153467423861000,1785153467423861000,121932490,121652369,-105.121,0.000,0.000,1.000,2.000,0.000,0.000,18.000,0,0,0
B3_zmq_pushpull,zmq_tcp,none,none,,1,30964,512,584,1785153467424621000,1785153467424621000,1785153467424621000,1785153467424622000,1785153467424712000,1785153467424715000,1785153467424715000,1785153467424715000,121932490,121652369,-190.121,0.000,0.000,1.000,3.000,0.000,0.000,85.000,0,0,0
B3_zmq_pushpull,zmq_tcp,none,none,,1,30965,512,584,1785153467425639000,1785153467425639000,1785153467425639000,1785153467425640000,1785153467425685000,1785153467425689000,1785153467425689000,1785153467425689000,121932490,121652369,-235.121,0.000,0.000,1.000,4.000,0.000,0.000,45.000,0,0,0
B3_zmq_pushpull,zmq_tcp,none,none,,1,30966,512,584,1785153467426634000,1785153467426634000,1785153467426634000,1785153467426635000,1785153467426668000,1785153467426672000,1785153467426672000,1785153467426672000,121932490,121652369,-247.121,0.000,0.000,1.000,4.000,0.000,0.000,12.000,0,0,0
B3_zmq_pushpull,zmq_tcp,none,none,,1,30967,512,584,1785153467427493000,1785153467427493000,1785153467427493000,1785153467427494000,1785153467427641000,1785153467427644000,1785153467427645000,1785153467427645000,121932490,121652369,-133.121,0.000,0.000,1.000,3.000,1.000,0.000,114.000,0,0,0
B3_zmq_pushpull,zmq_tcp,none,none,,1,30968,512,584,1785153467428471000,1785153467428471000,1785153467428472000,1785153467428472000,1785153467428632000,1785153467428635000,1785153467428635000,1785153467428635000,121932490,121652369,-120.121,0.000,1.000,0.000,3.000,0.000,0.000,13.000,0,0,0
B3_zmq_pushpull,zmq_tcp,none,none,,1,30969,512,584,1785153467429679000,1785153467429679000,1785153467429679000,1785153467429680000,1785153467429755000,1785153467429758000,1785153467429758000,1785153467429758000,121932490,121652369,-205.121,0.000,0.000,1.000,3.000,0.000,0.000,85.000,0,0,0
B3_zmq_pushpull,zmq_tcp,none,none,,1,30970,512,584,1785153467430627000,1785153467430627000,1785153467430627000,1785153467430628000,1785153467430725000,1785153467430728000,1785153467430728000,1785153467430728000,121932490,121652369,-183.121,0.000,0.000,1.000,3.000,0.000,0.000,22.000,0,0,0
B3_zmq_pushpull,zmq_tcp,none,none,,1,30971,512,584,1785153467431638000,1785153467431638000,1785153467431638000,1785153467431639000,1785153467431707000,1785153467431709000,1785153467431709000,1785153467431709000,121932490,121652369,-212.121,0.000,0.000,1.000,2.000,0.000,0.000,29.000,0,0,0
B3_zmq_pushpull,zmq_tcp,none,none,,1,30972,512,584,1785153467432635000,1785153467432635000,1785153467432635000,1785153467432636000,1785153467432681000,1785153467432685000,1785153467432685000,1785153467432685000,121932490,121652369,-235.121,0.000,0.000,1.000,4.000,0.000,0.000,23.000,0,0,0
B3_zmq_pushpull,zmq_tcp,none,none,,1,30973,512,584,1785153467433520000,1785153467433520000,1785153467433520000,1785153467433521000,1785153467433664000,1785153467433667000,1785153467433667000,1785153467433667000,121932490,121652369,-137.121,0.000,0.000,1.000,3.000,0.000,0.000,98.000,0,0,0
B3_zmq_pushpull,zmq_tcp,none,none,,1,30974,512,584,1785153467434509000,1785153467434509000,1785153467434509000,1785153467434510000,1785153467434667000,1785153467434669000,1785153467434669000,1785153467434669000,121932490,121652369,-123.121,0.000,0.000,1.000,2.000,0.000,0.000,14.000,0,0,0
B3_zmq_pushpull,zmq_tcp,none,none,,1,30975,512,584,1785153467435488000,1785153467435488000,1785153467435488000,1785153467435489000,1785153467435649000,1785153467435652000,1785153467435652000,1785153467435652000,121932490,121652369,-120.121,0.000,0.000,1.000,3.000,0.000,0.000,3.000,0,0,0
B3_zmq_pushpull,zmq_tcp,none,none,,1,30976,512,584,1785153467436477000,1785153467436477000,1785153467436477000,1785153467436478000,1785153467436625000,1785153467436628000,1785153467436628000,1785153467436628000,121932490,121652369,-133.121,0.000,0.000,1.000,3.000,0.000,0.000,13.000,0,0,0
B3_zmq_pushpull,zmq_tcp,none,none,,1,30977,512,584,1785153467437466000,1785153467437466000,1785153467437466000,1785153467437467000,1785153467437604000,1785153467437606000,1785153467437606000,1785153467437606000,121932490,121652369,-143.121,0.000,0.000,1.000,2.000,0.000,0.000,10.000,0,0,0
B3_zmq_pushpull,zmq_tcp,none,none,,1,30978,512,584,1785153467438678000,1785153467438679000,1785153467438679000,1785153467438680000,1785153467438733000,1785153467438737000,1785153467438737000,1785153467438737000,121932490,121652369,-227.121,1.000,0.000,1.000,4.000,0.000,0.000,84.000,0,0,0
B3_zmq_pushpull,zmq_tcp,none,none,,1,30979,512,584,1785153467439622000,1785153467439622000,1785153467439622000,1785153467439623000,1785153467439683000,1785153467439686000,1785153467439686000,1785153467439686000,121932490,121652369,-220.121,0.000,0.000,1.000,3.000,0.000,0.000,7.000,0,0,0
B3_zmq_pushpull,zmq_tcp,none,none,,1,30980,512,584,1785153467440502000,1785153467440502000,1785153467440502000,1785153467440503000,1785153467440656000,1785153467440658000,1785153467440658000,1785153467440658000,121932490,121652369,-127.121,0.000,0.000,1.000,2.000,0.000,0.000,93.000,0,0,0
B3_zmq_pushpull,zmq_tcp,none,none,,1,30981,512,584,1785153467441495000,1785153467441495000,1785153467441495000,1785153467441496000,1785153467441655000,1785153467441658000,1785153467441658000,1785153467441658000,121932490,121652369,-121.121,0.000,0.000,1.000,3.000,0.000,0.000,6.000,0,0,0
B3_zmq_pushpull,zmq_tcp,none,none,,1,30982,512,584,1785153467442671000,1785153467442671000,1785153467442671000,1785153467442672000,1785153467442765000,1785153467442768000,1785153467442768000,1785153467442768000,121932490,121652369,-187.121,0.000,0.000,1.000,3.000,0.000,0.000,66.000,0,0,0
B3_zmq_pushpull,zmq_tcp,none,none,,1,30983,512,584,1785153467443454000,1785153467443454000,1785153467443454000,1785153467443455000,1785153467443615000,1785153467443617000,1785153467443617000,1785153467443617000,121932490,121652369,-120.121,0.000,0.000,1.000,2.000,0.000,0.000,67.000,0,0,0
B3_zmq_pushpull,zmq_tcp,none,none,,1,30984,512,584,1785153467444680000,1785153467444680000,1785153467444680000,1785153467444681000,1785153467444751000,1785153467444754000,1785153467444754000,1785153467444754000,121932490,121652369,-210.121,0.000,0.000,1.000,3.000,0.000,0.000,90.000,0,0,0
B3_zmq_pushpull,zmq_tcp,none,none,,1,30985,512,584,1785153467445624000,1785153467445625000,1785153467445625000,1785153467445625000,1785153467445744000,1785153467445747000,1785153467445747000,1785153467445747000,121932490,121652369,-161.121,1.000,0.000,0.000,3.000,0.000,0.000,49.000,0,0,0
B3_zmq_pushpull,zmq_tcp,none,none,,1,30986,512,584,1785153467446638000,1785153467446638000,1785153467446638000,1785153467446639000,1785153467446723000,1785153467446726000,1785153467446726000,1785153467446726000,121932490,121652369,-196.121,0.000,0.000,1.000,3.000,0.000,0.000,35.000,0,0,0
B3_zmq_pushpull,zmq_tcp,none,none,,1,30987,512,584,1785153467447544000,1785153467447544000,1785153467447544000,1785153467447545000,1785153467447687000,1785153467447689000,1785153467447689000,1785153467447689000,121932490,121652369,-138.121,0.000,0.000,1.000,2.000,0.000,0.000,58.000,0,0,0
B3_zmq_pushpull,zmq_tcp,none,none,,1,30988,512,584,1785153467448658000,1785153467448658000,1785153467448658000,1785153467448659000,1785153467448797000,1785153467448800000,1785153467448800000,1785153467448800000,121932490,121652369,-142.121,0.000,0.000,1.000,3.000,0.000,0.000,4.000,0,0,0
B3_zmq_pushpull,zmq_tcp,none,none,,1,30989,512,584,1785153467449633000,1785153467449633000,1785153467449633000,1785153467449634000,1785153467449776000,1785153467449779000,1785153467449779000,1785153467449779000,121932490,121652369,-138.121,0.000,0.000,1.000,3.000,0.000,0.000,4.000,0,0,0
B3_zmq_pushpull,zmq_tcp,none,none,,1,30990,512,584,1785153467450635000,1785153467450635000,1785153467450635000,1785153467450636000,1785153467450750000,1785153467450753000,1785153467450753000,1785153467450753000,121932490,121652369,-166.121,0.000,0.000,1.000,3.000,0.000,0.000,28.000,0,0,0
B3_zmq_pushpull,zmq_tcp,none,none,,1,30991,512,584,1785153467451445000,1785153467451446000,1785153467451446000,1785153467451447000,1785153467451608000,1785153467451612000,1785153467451612000,1785153467451612000,121932490,121652369,-119.121,1.000,0.000,1.000,4.000,0.000,0.000,47.000,0,0,0
B3_zmq_pushpull,zmq_tcp,none,none,,1,30992,512,584,1785153467452451000,1785153467452451000,1785153467452451000,1785153467452453000,1785153467452609000,1785153467452613000,1785153467452613000,1785153467452613000,121932490,121652369,-124.121,0.000,0.000,2.000,4.000,0.000,0.000,5.000,0,0,0
B3_zmq_pushpull,zmq_tcp,none,none,,1,30993,512,584,1785153467453460000,1785153467453460000,1785153467453460000,1785153467453461000,1785153467453614000,1785153467453617000,1785153467453617000,1785153467453617000,121932490,121652369,-127.121,0.000,0.000,1.000,3.000,0.000,0.000,3.000,0,0,0
B3_zmq_pushpull,zmq_tcp,none,none,,1,30994,512,584,1785153467454681000,1785153467454681000,1785153467454681000,1785153467454682000,1785153467454738000,1785153467454742000,1785153467454742000,1785153467454742000,121932490,121652369,-224.121,0.000,0.000,1.000,4.000,0.000,0.000,97.000,0,0,0
B3_zmq_pushpull,zmq_tcp,none,none,,1,30995,512,584,1785153467455456000,1785153467455456000,1785153467455456000,1785153467455457000,1785153467455598000,1785153467455601000,1785153467455601000,1785153467455601000,121932490,121652369,-139.121,0.000,0.000,1.000,3.000,0.000,0.000,85.000,0,0,0
B3_zmq_pushpull,zmq_tcp,none,none,,1,30996,512,584,1785153467456682000,1785153467456682000,1785153467456682000,1785153467456683000,1785153467456728000,1785153467456732000,1785153467456732000,1785153467456732000,121932490,121652369,-235.121,0.000,0.000,1.000,4.000,0.000,0.000,96.000,0,0,0
B3_zmq_pushpull,zmq_tcp,none,none,,1,30997,512,584,1785153467457563000,1785153467457563000,1785153467457563000,1785153467457564000,1785153467457717000,1785153467457720000,1785153467457720000,1785153467457720000,121932490,121652369,-127.121,0.000,0.000,1.000,3.000,0.000,0.000,108.000,0,0,0
B3_zmq_pushpull,zmq_tcp,none,none,,1,30998,512,584,1785153467458656000,1785153467458656000,1785153467458656000,1785153467458657000,1785153467458727000,1785153467458730000,1785153467458730000,1785153467458730000,121932490,121652369,-210.121,0.000,0.000,1.000,3.000,0.000,0.000,83.000,0,0,0
B3_zmq_pushpull,zmq_tcp,none,none,,1,30999,512,584,1785153467459628000,1785153467459629000,1785153467459629000,1785153467459630000,1785153467459727000,1785153467459733000,1785153467459733000,1785153467459733000,121932490,121652369,-183.121,1.000,0.000,1.000,6.000,0.000,0.000,27.000,0,0,0
B3_zmq_pushpull,zmq_tcp,none,none,,1,31000,512,584,1785153467460639000,1785153467460639000,1785153467460639000,1785153467460640000,1785153467460713000,1785153467460716000,1785153467460716000,1785153467460716000,121932490,121652369,-207.121,0.000,0.000,1.000,3.000,0.000,0.000,24.000,0,0,0
B3_zmq_pushpull,zmq_tcp,none,none,,1,31001,512,584,1785153467461636000,1785153467461637000,1785153467461637000,1785153467461638000,1785153467461701000,1785153467461704000,1785153467461704000,1785153467461704000,121932490,121652369,-217.121,1.000,0.000,1.000,3.000,0.000,0.000,10.000,0,0,0
B3_zmq_pushpull,zmq_tcp,none,none,,1,31002,512,584,1785153467462637000,1785153467462637000,1785153467462637000,1785153467462638000,1785153467462697000,1785153467462701000,1785153467462701000,1785153467462701000,121932490,121652369,-221.121,0.000,0.000,1.000,4.000,0.000,0.000,4.000,0,0,0
B3_zmq_pushpull,zmq_tcp,none,none,,1,31003,512,584,1785153467463534000,1785153467463534000,1785153467463534000,1785153467463535000,1785153467463691000,1785153467463693000,1785153467463693000,1785153467463693000,121932490,121652369,-124.121,0.000,0.000,1.000,2.000,0.000,0.000,97.000,0,0,0
B3_zmq_pushpull,zmq_tcp,none,none,,1,31004,512,584,1785153467464532000,1785153467464532000,1785153467464533000,1785153467464533000,1785153467464688000,1785153467464690000,1785153467464690000,1785153467464690000,121932490,121652369,-125.121,0.000,1.000,0.000,2.000,0.000,0.000,1.000,0,0,0
B3_zmq_pushpull,zmq_tcp,none,none,,1,31005,512,584,1785153467465664000,1785153467465665000,1785153467465665000,1785153467465666000,1785153467465834000,1785153467465837000,1785153467465837000,1785153467465837000,121932490,121652369,-112.121,1.000,0.000,1.000,3.000,0.000,0.000,13.000,0,0,0
B3_zmq_pushpull,zmq_tcp,none,none,,1,31006,512,584,1785153467466518000,1785153467466518000,1785153467466518000,1785153467466519000,1785153467466672000,1785153467466675000,1785153467466675000,1785153467466675000,121932490,121652369,-127.121,0.000,0.000,1.000,3.000,0.000,0.000,15.000,0,0,0
B3_zmq_pushpull,zmq_tcp,none,none,,1,31007,512,584,1785153467467665000,1785153467467665000,1785153467467666000,1785153467467666000,1785153467467801000,1785153467467804000,1785153467467804000,1785153467467804000,121932490,121652369,-145.121,0.000,1.000,0.000,3.000,0.000,0.000,18.000,0,0,0
B3_zmq_pushpull,zmq_tcp,none,none,,1,31008,512,584,1785153467468630000,1785153467468630000,1785153467468630000,1785153467468631000,1785153467468798000,1785153467468801000,1785153467468801000,1785153467468801000,121932490,121652369,-113.121,0.000,0.000,1.000,3.000,0.000,0.000,32.000,0,0,0
B3_zmq_pushpull,zmq_tcp,none,none,,1,31009,512,584,1785153467469638000,1785153467469638000,1785153467469638000,1785153467469639000,1785153467469798000,1785153467469801000,1785153467469801000,1785153467469801000,121932490,121652369,-121.121,0.000,0.000,1.000,3.000,0.000,0.000,8.000,0,0,0
B3_zmq_pushpull,zmq_tcp,none,none,,1,31010,512,584,1785153467470632000,1785153467470633000,1785153467470633000,1785153467470634000,1785153467470798000,1785153467470801000,1785153467470801000,1785153467470801000,121932490,121652369,-116.121,1.000,0.000,1.000,3.000,0.000,0.000,5.000,0,0,0
B3_zmq_pushpull,zmq_tcp,none,none,,1,31011,512,584,1785153467471640000,1785153467471640000,1785153467471640000,1785153467471641000,1785153467471802000,1785153467471805000,1785153467471805000,1785153467471805000,121932490,121652369,-119.121,0.000,0.000,1.000,3.000,0.000,0.000,3.000,0,0,0
B3_zmq_pushpull,zmq_tcp,none,none,,1,31012,512,584,1785153467472634000,1785153467472634000,1785153467472635000,1785153467472635000,1785153467472798000,1785153467472801000,1785153467472801000,1785153467472801000,121932490,121652369,-117.121,0.000,1.000,0.000,3.000,0.000,0.000,2.000,0,0,0
B3_zmq_pushpull,zmq_tcp,none,none,,1,31013,512,584,1785153467473637000,1785153467473637000,1785153467473637000,1785153467473638000,1785153467473782000,1785153467473784000,1785153467473784000,1785153467473784000,121932490,121652369,-136.121,0.000,0.000,1.000,2.000,0.000,0.000,19.000,0,0,0
B3_zmq_pushpull,zmq_tcp,none,none,,1,31014,512,584,1785153467474633000,1785153467474633000,1785153467474633000,1785153467474634000,1785153467474767000,1785153467474770000,1785153467474770000,1785153467474771000,121932490,121652369,-147.121,0.000,0.000,1.000,3.000,0.000,1.000,11.000,0,0,0
B3_zmq_pushpull,zmq_tcp,none,none,,1,31015,512,584,1785153467475461000,1785153467475461000,1785153467475461000,1785153467475462000,1785153467475615000,1785153467475617000,1785153467475617000,1785153467475617000,121932490,121652369,-127.121,0.000,0.000,1.000,2.000,0.000,0.000,20.000,0,0,0
B3_zmq_pushpull,zmq_tcp,none,none,,1,31016,512,584,1785153467476469000,1785153467476469000,1785153467476469000,1785153467476470000,1785153467476625000,1785153467476628000,1785153467476628000,1785153467476628000,121932490,121652369,-125.121,0.000,0.000,1.000,3.000,0.000,0.000,2.000,0,0,0
B3_zmq_pushpull,zmq_tcp,none,none,,1,31017,512,584,1785153467477679000,1785153467477680000,1785153467477680000,1785153467477681000,1785153467477749000,1785153467477751000,1785153467477751000,1785153467477751000,121932490,121652369,-212.121,1.000,0.000,1.000,2.000,0.000,0.000,87.000,0,0,0
B3_zmq_pushpull,zmq_tcp,none,none,,1,31018,512,584,1785153467478623000,1785153467478623000,1785153467478623000,1785153467478624000,1785153467478743000,1785153467478745000,1785153467478745000,1785153467478745000,121932490,121652369,-161.121,0.000,0.000,1.000,2.000,0.000,0.000,51.000,0,0,0
B3_zmq_pushpull,zmq_tcp,none,none,,1,31019,512,584,1785153467479643000,1785153467479643000,1785153467479643000,1785153467479644000,1785153467479750000,1785153467479753000,1785153467479753000,1785153467479753000,121932490,121652369,-174.121,0.000,0.000,1.000,3.000,0.000,0.000,13.000,0,0,0
B3_zmq_pushpull,zmq_tcp,none,none,,1,31020,512,584,1785153467480635000,1785153467480636000,1785153467480636000,1785153467480637000,1785153467480747000,1785153467480750000,1785153467480750000,1785153467480750000,121932490,121652369,-170.121,1.000,0.000,1.000,3.000,0.000,0.000,4.000,0,0,0
B3_zmq_pushpull,zmq_tcp,none,none,,1,31021,512,584,1785153467481636000,1785153467481636000,1785153467481636000,1785153467481637000,1785153467481752000,1785153467481755000,1785153467481755000,1785153467481755000,121932490,121652369,-165.121,0.000,0.000,1.000,3.000,0.000,0.000,5.000,0,0,0
B3_zmq_pushpull,zmq_tcp,none,none,,1,31022,512,584,1785153467482445000,1785153467482445000,1785153467482445000,1785153467482446000,1785153467482599000,1785153467482602000,1785153467482602000,1785153467482602000,121932490,121652369,-127.121,0.000,0.000,1.000,3.000,0.000,0.000,38.000,0,0,0
B3_zmq_pushpull,zmq_tcp,none,none,,1,31023,512,584,1785153467483686000,1785153467483686000,1785153467483686000,1785153467483687000,1785153467483727000,1785153467483730000,1785153467483730000,1785153467483730000,121932490,121652369,-240.121,0.000,0.000,1.000,3.000,0.000,0.000,113.000,0,0,0
B3_zmq_pushpull,zmq_tcp,none,none,,1,31024,512,584,1785153467484626000,1785153467484626000,1785153467484626000,1785153467484627000,1785153467484706000,1785153467484709000,1785153467484709000,1785153467484709000,121932490,121652369,-201.121,0.000,0.000,1.000,3.000,0.000,0.000,39.000,0,0,0
B3_zmq_pushpull,zmq_tcp,none,none,,1,31025,512,584,1785153467485639000,1785153467485639000,1785153467485639000,1785153467485640000,1785153467485710000,1785153467485713000,1785153467485713000,1785153467485713000,121932490,121652369,-210.121,0.000,0.000,1.000,3.000,0.000,0.000,9.000,0,0,0
B3_zmq_pushpull,zmq_tcp,none,none,,1,31026,512,584,1785153467486638000,1785153467486638000,1785153467486638000,1785153467486639000,1785153467486707000,1785153467486710000,1785153467486710000,1785153467486710000,121932490,121652369,-212.121,0.000,0.000,1.000,3.000,0.000,0.000,2.000,0,0,0
B3_zmq_pushpull,zmq_tcp,none,none,,1,31027,512,584,1785153467487637000,1785153467487637000,1785153467487637000,1785153467487638000,1785153467487680000,1785153467487683000,1785153467487683000,1785153467487683000,121932490,121652369,-238.121,0.000,0.000,1.000,3.000,0.000,0.000,26.000,0,0,0
B3_zmq_pushpull,zmq_tcp,none,none,,1,31028,512,584,1785153467488637000,1785153467488637000,1785153467488637000,1785153467488638000,1785153467488680000,1785153467488683000,1785153467488683000,1785153467488683000,121932490,121652369,-238.121,0.000,0.000,1.000,3.000,0.000,0.000,0.000,0,0,0
B3_zmq_pushpull,zmq_tcp,none,none,,1,31029,512,584,1785153467489522000,1785153467489522000,1785153467489522000,1785153467489523000,1785153467489668000,1785153467489671000,1785153467489671000,1785153467489671000,121932490,121652369,-135.121,0.000,0.000,1.000,3.000,0.000,0.000,103.000,0,0,0
B3_zmq_pushpull,zmq_tcp,none,none,,1,31030,512,584,1785153467490664000,1785153467490664000,1785153467490664000,1785153467490665000,1785153467490789000,1785153467490791000,1785153467490791000,1785153467490791000,121932490,121652369,-156.121,0.000,0.000,1.000,2.000,0.000,0.000,21.000,0,0,0
B3_zmq_pushpull,zmq_tcp,none,none,,1,31031,512,584,1785153467491630000,1785153467491630000,1785153467491630000,1785153467491631000,1785153467491795000,1785153467491798000,1785153467491798000,1785153467491798000,121932490,121652369,-116.121,0.000,0.000,1.000,3.000,0.000,0.000,40.000,0,0,0
B3_zmq_pushpull,zmq_tcp,none,none,,1,31032,512,584,1785153467492637000,1785153467492637000,1785153467492637000,1785153467492638000,1785153467492795000,1785153467492797000,1785153467492797000,1785153467492797000,121932490,121652369,-123.121,0.000,0.000,1.000,2.000,0.000,0.000,7.000,0,0,0
B3_zmq_pushpull,zmq_tcp,none,none,,1,31033,512,584,1785153467493635000,1785153467493635000,1785153467493635000,1785153467493636000,1785153467493803000,1785153467493805000,1785153467493805000,1785153467493805000,121932490,121652369,-113.121,0.000,0.000,1.000,2.000,0.000,0.000,10.000,0,0,0
B3_zmq_pushpull,zmq_tcp,none,none,,1,31034,512,584,1785153467494637000,1785153467494637000,1785153467494637000,1785153467494638000,1785153467494795000,1785153467494797000,1785153467494797000,1785153467494797000,121932490,121652369,-123.121,0.000,0.000,1.000,2.000,0.000,0.000,10.000,0,0,0
B3_zmq_pushpull,zmq_tcp,none,none,,1,31035,512,584,1785153467495636000,1785153467495637000,1785153467495637000,1785153467495637000,1785153467495780000,1785153467495783000,1785153467495783000,1785153467495783000,121932490,121652369,-137.121,1.000,0.000,0.000,3.000,0.000,0.000,14.000,0,0,0
B3_zmq_pushpull,zmq_tcp,none,none,,1,31036,512,584,1785153467496636000,1785153467496636000,1785153467496636000,1785153467496637000,1785153467496767000,1785153467496769000,1785153467496769000,1785153467496769000,121932490,121652369,-150.121,0.000,0.000,1.000,2.000,0.000,0.000,13.000,0,0,0
B3_zmq_pushpull,zmq_tcp,none,none,,1,31037,512,584,1785153467497634000,1785153467497634000,1785153467497634000,1785153467497635000,1785153467497757000,1785153467497760000,1785153467497760000,1785153467497760000,121932490,121652369,-158.121,0.000,0.000,1.000,3.000,0.000,0.000,8.000,0,0,0
B3_zmq_pushpull,zmq_tcp,none,none,,1,31038,512,584,1785153467498639000,1785153467498639000,1785153467498639000,1785153467498640000,1785153467498760000,1785153467498763000,1785153467498763000,1785153467498763000,121932490,121652369,-160.121,0.000,0.000,1.000,3.000,0.000,0.000,2.000,0,0,0
B3_zmq_pushpull,zmq_tcp,none,none,,1,31039,512,584,1785153467499458000,1785153467499458000,1785153467499459000,1785153467499460000,1785153467499602000,1785153467499605000,1785153467499605000,1785153467499605000,121932490,121652369,-138.121,0.000,1.000,1.000,3.000,0.000,0.000,22.000,0,0,0
B3_zmq_pushpull,zmq_tcp,none,none,,1,31040,512,584,1785153467500454000,1785153467500454000,1785153467500454000,1785153467500455000,1785153467500593000,1785153467500595000,1785153467500596000,1785153467500596000,121932490,121652369,-142.121,0.000,0.000,1.000,2.000,1.000,0.000,4.000,0,0,0
B3_zmq_pushpull,zmq_tcp,none,none,,1,31041,512,584,1785153467501682000,1785153467501682000,1785153467501682000,1785153467501683000,1785153467501733000,1785153467501736000,1785153467501736000,1785153467501736000,121932490,121652369,-230.121,0.000,0.000,1.000,3.000,0.000,0.000,88.000,0,0,0
B3_zmq_pushpull,zmq_tcp,none,none,,1,31042,512,584,1785153467502626000,1785153467502626000,1785153467502626000,1785153467502627000,1785153467502720000,1785153467502723000,1785153467502723000,1785153467502723000,121932490,121652369,-187.121,0.000,0.000,1.000,3.000,0.000,0.000,43.000,0,0,0
B3_zmq_pushpull,zmq_tcp,none,none,,1,31043,512,584,1785153467503639000,1785153467503639000,1785153467503639000,1785153467503640000,1785153467503719000,1785153467503722000,1785153467503722000,1785153467503722000,121932490,121652369,-201.121,0.000,0.000,1.000,3.000,0.000,0.000,14.000,0,0,0
B3_zmq_pushpull,zmq_tcp,none,none,,1,31044,512,584,1785153467504638000,1785153467504638000,1785153467504638000,1785153467504639000,1785153467504730000,1785153467504733000,1785153467504733000,1785153467504733000,121932490,121652369,-189.121,0.000,0.000,1.000,3.000,0.000,0.000,12.000,0,0,0
B3_zmq_pushpull,zmq_tcp,none,none,,1,31045,512,584,1785153467505447000,1785153467505447000,1785153467505447000,1785153467505448000,1785153467505592000,1785153467505595000,1785153467505595000,1785153467505595000,121932490,121652369,-136.121,0.000,0.000,1.000,3.000,0.000,0.000,53.000,0,0,0
B3_zmq_pushpull,zmq_tcp,none,none,,1,31046,512,584,1785153467506447000,1785153467506447000,1785153467506447000,1785153467506448000,1785153467506596000,1785153467506599000,1785153467506599000,1785153467506599000,121932490,121652369,-132.121,0.000,0.000,1.000,3.000,0.000,0.000,4.000,0,0,0
B3_zmq_pushpull,zmq_tcp,none,none,,1,31047,512,584,1785153467507685000,1785153467507685000,1785153467507685000,1785153467507686000,1785153467507731000,1785153467507734000,1785153467507735000,1785153467507735000,121932490,121652369,-235.121,0.000,0.000,1.000,3.000,1.000,0.000,103.000,0,0,0
B3_zmq_pushpull,zmq_tcp,none,none,,1,31048,512,584,1785153467508623000,1785153467508623000,1785153467508623000,1785153467508624000,1785153467508733000,1785153467508735000,1785153467508735000,1785153467508735000,121932490,121652369,-171.121,0.000,0.000,1.000,2.000,0.000,0.000,64.000,0,0,0
B3_zmq_pushpull,zmq_tcp,none,none,,1,31049,512,584,1785153467509641000,1785153467509641000,1785153467509641000,1785153467509642000,1785153467509729000,1785153467509732000,1785153467509732000,1785153467509732000,121932490,121652369,-193.121,0.000,0.000,1.000,3.000,0.000,0.000,22.000,0,0,0
B3_zmq_pushpull,zmq_tcp,none,none,,1,31050,512,584,1785153467510636000,1785153467510636000,1785153467510636000,1785153467510637000,1785153467510731000,1785153467510733000,1785153467510733000,1785153467510733000,121932490,121652369,-186.121,0.000,0.000,1.000,2.000,0.000,0.000,7.000,0,0,0
B3_zmq_pushpull,zmq_tcp,none,none,,1,31051,512,584,1785153467511596000,1785153467511596000,1785153467511596000,1785153467511597000,1785153467511729000,1785153467511732000,1785153467511732000,1785153467511732000,121932490,121652369,-148.121,0.000,0.000,1.000,3.000,0.000,0.000,38.000,0,0,0
B3_zmq_pushpull,zmq_tcp,none,none,,1,31052,512,584,1785153467512451000,1785153467512451000,1785153467512451000,1785153467512452000,1785153467512596000,1785153467512599000,1785153467512599000,1785153467512599000,121932490,121652369,-136.121,0.000,0.000,1.000,3.000,0.000,0.000,12.000,0,0,0
B3_zmq_pushpull,zmq_tcp,none,none,,1,31053,512,584,1785153467513683000,1785153467513683000,1785153467513683000,1785153467513684000,1785153467513875000,1785153467513877000,1785153467513877000,1785153467513877000,121932490,121652369,-89.121,0.000,0.000,1.000,2.000,0.000,0.000,47.000,0,0,0
B3_zmq_pushpull,zmq_tcp,none,none,,1,31054,512,584,1785153467514626000,1785153467514626000,1785153467514626000,1785153467514627000,1785153467514723000,1785153467514727000,1785153467514727000,1785153467514727000,121932490,121652369,-184.121,0.000,0.000,1.000,4.000,0.000,0.000,95.000,0,0,0
B3_zmq_pushpull,zmq_tcp,none,none,,1,31055,512,584,1785153467515545000,1785153467515545000,1785153467515545000,1785153467515546000,1785153467515699000,1785153467515701000,1785153467515701000,1785153467515701000,121932490,121652369,-127.121,0.000,0.000,1.000,2.000,0.000,0.000,57.000,0,0,0
B3_zmq_pushpull,zmq_tcp,none,none,,1,31056,512,584,1785153467516541000,1785153467516541000,1785153467516541000,1785153467516542000,1785153467516695000,1785153467516697000,1785153467516697000,1785153467516697000,121932490,121652369,-127.121,0.000,0.000,1.000,2.000,0.000,0.000,0.000,0,0,0
B3_zmq_pushpull,zmq_tcp,none,none,,1,31057,512,584,1785153467517547000,1785153467517547000,1785153467517547000,1785153467517548000,1785153467517704000,1785153467517707000,1785153467517707000,1785153467517707000,121932490,121652369,-124.121,0.000,0.000,1.000,3.000,0.000,0.000,3.000,0,0,0
B3_zmq_pushpull,zmq_tcp,none,none,,1,31058,512,584,1785153467518662000,1785153467518662000,1785153467518662000,1785153467518663000,1785153467518708000,1785153467518711000,1785153467518711000,1785153467518711000,121932490,121652369,-235.121,0.000,0.000,1.000,3.000,0.000,0.000,111.000,0,0,0
B3_zmq_pushpull,zmq_tcp,none,none,,1,31059,512,584,1785153467519634000,1785153467519634000,1785153467519634000,1785153467519635000,1785153467519723000,1785153467519725000,1785153467519725000,1785153467519725000,121932490,121652369,-192.121,0.000,0.000,1.000,2.000,0.000,0.000,43.000,0,0,0
B3_zmq_pushpull,zmq_tcp,none,none,,1,31060,512,584,1785153467520639000,1785153467520639000,1785153467520639000,1785153467520640000,1785153467520731000,1785153467520733000,1785153467520733000,1785153467520733000,121932490,121652369,-189.121,0.000,0.000,1.000,2.000,0.000,0.000,3.000,0,0,0
B3_zmq_pushpull,zmq_tcp,none,none,,1,31061,512,584,1785153467521637000,1785153467521637000,1785153467521637000,1785153467521638000,1785153467521735000,1785153467521738000,1785153467521738000,1785153467521738000,121932490,121652369,-183.121,0.000,0.000,1.000,3.000,0.000,0.000,6.000,0,0,0
B3_zmq_pushpull,zmq_tcp,none,none,,1,31062,512,584,1785153467522548000,1785153467522548000,1785153467522548000,1785153467522549000,1785153467522703000,1785153467522705000,1785153467522705000,1785153467522705000,121932490,121652369,-126.121,0.000,0.000,1.000,2.000,0.000,0.000,57.000,0,0,0
B3_zmq_pushpull,zmq_tcp,none,none,,1,31063,512,584,1785153467523534000,1785153467523534000,1785153467523534000,1785153467523535000,1785153467523688000,1785153467523691000,1785153467523691000,1785153467523691000,121932490,121652369,-127.121,0.000,0.000,1.000,3.000,0.000,0.000,1.000,0,0,0
B3_zmq_pushpull,zmq_tcp,none,none,,1,31064,512,584,1785153467524540000,1785153467524540000,1785153467524540000,1785153467524541000,1785153467524695000,1785153467524698000,1785153467524698000,1785153467524698000,121932490,121652369,-126.121,0.000,0.000,1.000,3.000,0.000,0.000,1.000,0,0,0
B3_zmq_pushpull,zmq_tcp,none,none,,1,31065,512,584,1785153467525545000,1785153467525545000,1785153467525545000,1785153467525546000,1785153467525703000,1785153467525706000,1785153467525706000,1785153467525706000,121932490,121652369,-123.121,0.000,0.000,1.000,3.000,0.000,0.000,3.000,0,0,0
B3_zmq_pushpull,zmq_tcp,none,none,,1,31066,512,584,1785153467526554000,1785153467526554000,1785153467526554000,1785153467526555000,1785153467526694000,1785153467526697000,1785153467526697000,1785153467526697000,121932490,121652369,-141.121,0.000,0.000,1.000,3.000,0.000,0.000,18.000,0,0,0
B3_zmq_pushpull,zmq_tcp,none,none,,1,31067,512,584,1785153467527654000,1785153467527654000,1785153467527654000,1785153467527655000,1785153467527835000,1785153467527838000,1785153467527838000,1785153467527838000,121932490,121652369,-100.121,0.000,0.000,1.000,3.000,0.000,0.000,41.000,0,0,0
B3_zmq_pushpull,zmq_tcp,none,none,,1,31068,512,584,1785153467528633000,1785153467528633000,1785153467528633000,1785153467528634000,1785153467528819000,1785153467528822000,1785153467528822000,1785153467528822000,121932490,121652369,-95.121,0.000,0.000,1.000,3.000,0.000,0.000,5.000,0,0,0
B3_zmq_pushpull,zmq_tcp,none,none,,1,31069,512,584,1785153467529512000,1785153467529512000,1785153467529512000,1785153467529513000,1785153467529665000,1785153467529668000,1785153467529668000,1785153467529668000,121932490,121652369,-128.121,0.000,0.000,1.000,3.000,0.000,0.000,33.000,0,0,0
B3_zmq_pushpull,zmq_tcp,none,none,,1,31070,512,584,1785153467530508000,1785153467530508000,1785153467530508000,1785153467530509000,1785153467530661000,1785153467530664000,1785153467530664000,1785153467530664000,121932490,121652369,-128.121,0.000,0.000,1.000,3.000,0.000,0.000,0.000,0,0,0
B3_zmq_pushpull,zmq_tcp,none,none,,1,31071,512,584,1785153467531485000,1785153467531485000,1785153467531485000,1785153467531486000,1785153467531641000,1785153467531644000,1785153467531644000,1785153467531644000,121932490,121652369,-125.121,0.000,0.000,1.000,3.000,0.000,0.000,3.000,0,0,0
B3_zmq_pushpull,zmq_tcp,none,none,,1,31072,512,584,1785153467532682000,1785153467532682000,1785153467532682000,1785153467532683000,1785153467532783000,1785153467532785000,1785153467532785000,1785153467532785000,121932490,121652369,-180.121,0.000,0.000,1.000,2.000,0.000,0.000,55.000,0,0,0
B3_zmq_pushpull,zmq_tcp,none,none,,1,31073,512,584,1785153467533625000,1785153467533626000,1785153467533626000,1785153467533626000,1785153467533772000,1785153467533775000,1785153467533775000,1785153467533775000,121932490,121652369,-134.121,1.000,0.000,0.000,3.000,0.000,0.000,46.000,0,0,0
B3_zmq_pushpull,zmq_tcp,none,none,,1,31074,512,584,1785153467534639000,1785153467534639000,1785153467534639000,1785153467534640000,1785153467534776000,1785153467534779000,1785153467534779000,1785153467534779000,121932490,121652369,-144.121,0.000,0.000,1.000,3.000,0.000,0.000,10.000,0,0,0
B3_zmq_pushpull,zmq_tcp,none,none,,1,31075,512,584,1785153467535636000,1785153467535636000,1785153467535637000,1785153467535637000,1785153467535773000,1785153467535776000,1785153467535776000,1785153467535776000,121932490,121652369,-144.121,0.000,1.000,0.000,3.000,0.000,0.000,0.000,0,0,0
B3_zmq_pushpull,zmq_tcp,none,none,,1,31076,512,584,1785153467536637000,1785153467536637000,1785153467536637000,1785153467536638000,1785153467536772000,1785153467536775000,1785153467536775000,1785153467536775000,121932490,121652369,-146.121,0.000,0.000,1.000,3.000,0.000,0.000,2.000,0,0,0
B3_zmq_pushpull,zmq_tcp,none,none,,1,31077,512,584,1785153467537446000,1785153467537446000,1785153467537447000,1785153467537447000,1785153467537591000,1785153467537594000,1785153467537594000,1785153467537594000,121932490,121652369,-136.121,0.000,1.000,0.000,3.000,0.000,0.000,10.000,0,0,0
B3_zmq_pushpull,zmq_tcp,none,none,,1,31078,512,584,1785153467538685000,1785153467538685000,1785153467538685000,1785153467538686000,1785153467538722000,1785153467538724000,1785153467538724000,1785153467538724000,121932490,121652369,-244.121,0.000,0.000,1.000,2.000,0.000,0.000,108.000,0,0,0
B3_zmq_pushpull,zmq_tcp,none,none,,1,31079,512,584,1785153467539578000,1785153467539578000,1785153467539578000,1785153467539580000,1785153467539714000,1785153467539717000,1785153467539717000,1785153467539717000,121932490,121652369,-146.121,0.000,0.000,2.000,3.000,0.000,0.000,98.000,0,0,0
B3_zmq_pushpull,zmq_tcp,none,none,,1,31080,512,584,1785153467540441000,1785153467540441000,1785153467540441000,1785153467540442000,1785153467540585000,1785153467540588000,1785153467540588000,1785153467540588000,121932490,121652369,-137.121,0.000,0.000,1.000,3.000,0.000,0.000,9.000,0,0,0
B3_zmq_pushpull,zmq_tcp,none,none,,1,31081,512,584,1785153467541565000,1785153467541565000,1785153467541565000,1785153467541567000,1785153467541718000,1785153467541720000,1785153467541720000,1785153467541720000,121932490,121652369,-129.121,0.000,0.000,2.000,2.000,0.000,0.000,8.000,0,0,0
B3_zmq_pushpull,zmq_tcp,none,none,,1,31082,512,584,1785153467542557000,1785153467542557000,1785153467542557000,1785153467542558000,1785153467542716000,1785153467542719000,1785153467542719000,1785153467542719000,121932490,121652369,-122.121,0.000,0.000,1.000,3.000,0.000,0.000,7.000,0,0,0
B3_zmq_pushpull,zmq_tcp,none,none,,1,31083,512,584,1785153467543566000,1785153467543566000,1785153467543566000,1785153467543567000,1785153467543720000,1785153467543723000,1785153467543723000,1785153467543723000,121932490,121652369,-127.121,0.000,0.000,1.000,3.000,0.000,0.000,5.000,0,0,0
B3_zmq_pushpull,zmq_tcp,none,none,,1,31084,512,584,1785153467544553000,1785153467544554000,1785153467544554000,1785153467544555000,1785153467544707000,1785153467544710000,1785153467544710000,1785153467544710000,121932490,121652369,-128.121,1.000,0.000,1.000,3.000,0.000,0.000,1.000,0,0,0
B3_zmq_pushpull,zmq_tcp,none,none,,1,31085,512,584,1785153467545658000,1785153467545658000,1785153467545658000,1785153467545659000,1785153467545826000,1785153467545829000,1785153467545829000,1785153467545829000,121932490,121652369,-113.121,0.000,0.000,1.000,3.000,0.000,0.000,15.000,0,0,0
B3_zmq_pushpull,zmq_tcp,none,none,,1,31086,512,584,1785153467546544000,1785153467546544000,1785153467546544000,1785153467546545000,1785153467546703000,1785153467546712000,1785153467546712000,1785153467546712000,121932490,121652369,-122.121,0.000,0.000,1.000,9.000,0.000,0.000,9.000,0,0,0
B3_zmq_pushpull,zmq_tcp,none,none,,1,31087,512,584,1785153467547538000,1785153467547538000,1785153467547538000,1785153467547539000,1785153467547696000,1785153467547699000,1785153467547699000,1785153467547699000,121932490,121652369,-123.121,0.000,0.000,1.000,3.000,0.000,0.000,1.000,0,0,0
B3_zmq_pushpull,zmq_tcp,none,none,,1,31088,512,584,1785153467548558000,1785153467548558000,1785153467548558000,1785153467548559000,1785153467548716000,1785153467548719000,1785153467548719000,1785153467548719000,121932490,121652369,-123.121,0.000,0.000,1.000,3.000,0.000,0.000,0.000,0,0,0
B3_zmq_pushpull,zmq_tcp,none,none,,1,31089,512,584,1785153467549564000,1785153467549565000,1785153467549565000,1785153467549566000,1785153467549715000,1785153467549718000,1785153467549718000,1785153467549718000,121932490,121652369,-131.121,1.000,0.000,1.000,3.000,0.000,0.000,8.000,0,0,0
B3_zmq_pushpull,zmq_tcp,none,none,,1,31090,512,584,1785153467550655000,1785153467550656000,1785153467550656000,1785153467550657000,1785153467550705000,1785153467550707000,1785153467550707000,1785153467550707000,121932490,121652369,-232.121,1.000,0.000,1.000,2.000,0.000,0.000,101.000,0,0,0
B3_zmq_pushpull,zmq_tcp,none,none,,1,31091,512,584,1785153467551631000,1785153467551632000,1785153467551632000,1785153467551633000,1785153467551690000,1785153467551692000,1785153467551692000,1785153467551692000,121932490,121652369,-223.121,1.000,0.000,1.000,2.000,0.000,0.000,9.000,0,0,0
B3_zmq_pushpull,zmq_tcp,none,none,,1,31092,512,584,1785153467552638000,1785153467552638000,1785153467552638000,1785153467552639000,1785153467552677000,1785153467552679000,1785153467552679000,1785153467552679000,121932490,121652369,-242.121,0.000,0.000,1.000,2.000,0.000,0.000,19.000,0,0,0
B3_zmq_pushpull,zmq_tcp,none,none,,1,31093,512,584,1785153467553527000,1785153467553527000,1785153467553528000,1785153467553528000,1785153467553684000,1785153467553687000,1785153467553687000,1785153467553687000,121932490,121652369,-124.121,0.000,1.000,0.000,3.000,0.000,0.000,118.000,0,0,0
B3_zmq_pushpull,zmq_tcp,none,none,,1,31094,512,584,1785153467554533000,1785153467554533000,1785153467554533000,1785153467554535000,1785153467554683000,1785153467554686000,1785153467554686000,1785153467554686000,121932490,121652369,-132.121,0.000,0.000,2.000,3.000,0.000,0.000,8.000,0,0,0
B3_zmq_pushpull,zmq_tcp,none,none,,1,31095,512,584,1785153467555527000,1785153467555527000,1785153467555527000,1785153467555528000,1785153467555680000,1785153467555683000,1785153467555683000,1785153467555683000,121932490,121652369,-128.121,0.000,0.000,1.000,3.000,0.000,0.000,4.000,0,0,0
B3_zmq_pushpull,zmq_tcp,none,none,,1,31096,512,584,1785153467556532000,1785153467556532000,1785153467556532000,1785153467556533000,1785153467556692000,1785153467556695000,1785153467556695000,1785153467556695000,121932490,121652369,-121.121,0.000,0.000,1.000,3.000,0.000,0.000,7.000,0,0,0
B3_zmq_pushpull,zmq_tcp,none,none,,1,31097,512,584,1785153467557526000,1785153467557527000,1785153467557527000,1785153467557528000,1785153467557673000,1785153467557676000,1785153467557676000,1785153467557676000,121932490,121652369,-135.121,1.000,0.000,1.000,3.000,0.000,0.000,14.000,0,0,0
B3_zmq_pushpull,zmq_tcp,none,none,,1,31098,512,584,1785153467558524000,1785153467558524000,1785153467558524000,1785153467558525000,1785153467558679000,1785153467558682000,1785153467558682000,1785153467558682000,121932490,121652369,-126.121,0.000,0.000,1.000,3.000,0.000,0.000,9.000,0,0,0
B3_zmq_pushpull,zmq_tcp,none,none,,1,31099,512,584,1785153467559510000,1785153467559511000,1785153467559511000,1785153467559512000,1785153467559664000,1785153467559667000,1785153467559667000,1785153467559667000,121932490,121652369,-128.121,1.000,0.000,1.000,3.000,0.000,0.000,2.000,0,0,0
B3_zmq_pushpull,zmq_tcp,none,none,,1,31100,512,584,1785153467560526000,1785153467560526000,1785153467560526000,1785153467560527000,1785153467560672000,1785153467560675000,1785153467560675000,1785153467560675000,121932490,121652369,-135.121,0.000,0.000,1.000,3.000,0.000,0.000,7.000,0,0,0
B3_zmq_pushpull,zmq_tcp,none,none,,1,31101,512,584,1785153467561664000,1785153467561664000,1785153467561664000,1785153467561665000,1785153467561808000,1785153467561811000,1785153467561811000,1785153467561811000,121932490,121652369,-137.121,0.000,0.000,1.000,3.000,0.000,0.000,2.000,0,0,0
B3_zmq_pushpull,zmq_tcp,none,none,,1,31102,512,584,1785153467562630000,1785153467562630000,1785153467562630000,1785153467562631000,1785153467562805000,1785153467562808000,1785153467562808000,1785153467562808000,121932490,121652369,-106.121,0.000,0.000,1.000,3.000,0.000,0.000,31.000,0,0,0
B3_zmq_pushpull,zmq_tcp,none,none,,1,31103,512,584,1785153467563506000,1785153467563507000,1785153467563507000,1785153467563508000,1785153467563664000,1785153467563667000,1785153467563667000,1785153467563667000,121932490,121652369,-124.121,1.000,0.000,1.000,3.000,0.000,0.000,18.000,0,0,0
B3_zmq_pushpull,zmq_tcp,none,none,,1,31104,512,584,1785153467564499000,1785153467564499000,1785153467564499000,1785153467564500000,1785153467564652000,1785153467564656000,1785153467564656000,1785153467564656000,121932490,121652369,-128.121,0.000,0.000,1.000,4.000,0.000,0.000,4.000,0,0,0
B3_zmq_pushpull,zmq_tcp,none,none,,1,31105,512,584,1785153467565496000,1785153467565496000,1785153467565496000,1785153467565497000,1785153467565650000,1785153467565652000,1785153467565652000,1785153467565652000,121932490,121652369,-127.121,0.000,0.000,1.000,2.000,0.000,0.000,1.000,0,0,0
B3_zmq_pushpull,zmq_tcp,none,none,,1,31106,512,584,1785153467566491000,1785153467566491000,1785153467566491000,1785153467566492000,1785153467566636000,1785153467566638000,1785153467566638000,1785153467566638000,121932490,121652369,-136.121,0.000,0.000,1.000,2.000,0.000,0.000,9.000,0,0,0
B3_zmq_pushpull,zmq_tcp,none,none,,1,31107,512,584,1785153467567674000,1785153467567674000,1785153467567674000,1785153467567675000,1785153467567773000,1785153467567775000,1785153467567775000,1785153467567775000,121932490,121652369,-182.121,0.000,0.000,1.000,2.000,0.000,0.000,46.000,0,0,0
B3_zmq_pushpull,zmq_tcp,none,none,,1,31108,512,584,1785153467568628000,1785153467568628000,1785153467568628000,1785153467568629000,1785153467568787000,1785153467568790000,1785153467568790000,1785153467568790000,121932490,121652369,-122.121,0.000,0.000,1.000,3.000,0.000,0.000,60.000,0,0,0
B3_zmq_pushpull,zmq_tcp,none,none,,1,31109,512,584,1785153467569636000,1785153467569636000,1785153467569637000,1785153467569637000,1785153467569780000,1785153467569783000,1785153467569783000,1785153467569783000,121932490,121652369,-137.121,0.000,1.000,0.000,3.000,0.000,0.000,15.000,0,0,0
B3_zmq_pushpull,zmq_tcp,none,none,,1,31110,512,584,1785153467570637000,1785153467570637000,1785153467570637000,1785153467570638000,1785153467570775000,1785153467570778000,1785153467570778000,1785153467570778000,121932490,121652369,-143.121,0.000,0.000,1.000,3.000,0.000,0.000,6.000,0,0,0
B3_zmq_pushpull,zmq_tcp,none,none,,1,31111,512,584,1785153467571636000,1785153467571636000,1785153467571636000,1785153467571637000,1785153467571778000,1785153467571780000,1785153467571780000,1785153467571780000,121932490,121652369,-139.121,0.000,0.000,1.000,2.000,0.000,0.000,4.000,0,0,0
B3_zmq_pushpull,zmq_tcp,none,none,,1,31112,512,584,1785153467572634000,1785153467572634000,1785153467572634000,1785153467572635000,1785153467572772000,1785153467572775000,1785153467572775000,1785153467572775000,121932490,121652369,-143.121,0.000,0.000,1.000,3.000,0.000,0.000,4.000,0,0,0
B3_zmq_pushpull,zmq_tcp,none,none,,1,31113,512,584,1785153467573639000,1785153467573639000,1785153467573639000,1785153467573640000,1785153467573740000,1785153467573743000,1785153467573743000,1785153467573743000,121932490,121652369,-180.121,0.000,0.000,1.000,3.000,0.000,0.000,37.000,0,0,0
B3_zmq_pushpull,zmq_tcp,none,none,,1,31114,512,584,1785153467574637000,1785153467574637000,1785153467574637000,1785153467574638000,1785153467574738000,1785153467574740000,1785153467574740000,1785153467574740000,121932490,121652369,-180.121,0.000,0.000,1.000,2.000,0.000,0.000,0.000,0,0,0
B3_zmq_pushpull,zmq_tcp,none,none,,1,31115,512,584,1785153467575635000,1785153467575636000,1785153467575636000,1785153467575637000,1785153467575728000,1785153467575731000,1785153467575731000,1785153467575731000,121932490,121652369,-189.121,1.000,0.000,1.000,3.000,0.000,0.000,9.000,0,0,0
B3_zmq_pushpull,zmq_tcp,none,none,,1,31116,512,584,1785153467576571000,1785153467576571000,1785153467576571000,1785153467576572000,1785153467576730000,1785153467576732000,1785153467576732000,1785153467576732000,121932490,121652369,-122.121,0.000,0.000,1.000,2.000,0.000,0.000,67.000,0,0,0
B3_zmq_pushpull,zmq_tcp,none,none,,1,31117,512,584,1785153467577654000,1785153467577654000,1785153467577654000,1785153467577655000,1785153467577844000,1785153467577847000,1785153467577847000,1785153467577847000,121932490,121652369,-91.121,0.000,0.000,1.000,3.000,0.000,0.000,31.000,0,0,0
B3_zmq_pushpull,zmq_tcp,none,none,,1,31118,512,584,1785153467578632000,1785153467578632000,1785153467578632000,1785153467578633000,1785153467578698000,1785153467578700000,1785153467578700000,1785153467578700000,121932490,121652369,-215.121,0.000,0.000,1.000,2.000,0.000,0.000,124.000,0,0,0
B3_zmq_pushpull,zmq_tcp,none,none,,1,31119,512,584,1785153467579638000,1785153467579638000,1785153467579638000,1785153467579639000,1785153467579684000,1785153467579687000,1785153467579687000,1785153467579687000,121932490,121652369,-235.121,0.000,0.000,1.000,3.000,0.000,0.000,20.000,0,0,0
B3_zmq_pushpull,zmq_tcp,none,none,,1,31120,512,584,1785153467580637000,1785153467580637000,1785153467580637000,1785153467580638000,1785153467580680000,1785153467580683000,1785153467580683000,1785153467580683000,121932490,121652369,-238.121,0.000,0.000,1.000,3.000,0.000,0.000,3.000,0,0,0
B3_zmq_pushpull,zmq_tcp,none,none,,1,31121,512,584,1785153467581638000,1785153467581638000,1785153467581638000,1785153467581639000,1785153467581692000,1785153467581695000,1785153467581695000,1785153467581695000,121932490,121652369,-227.121,0.000,0.000,1.000,3.000,0.000,0.000,11.000,0,0,0
B3_zmq_pushpull,zmq_tcp,none,none,,1,31122,512,584,1785153467582636000,1785153467582636000,1785153467582636000,1785153467582637000,1785153467582823000,1785153467582826000,1785153467582826000,1785153467582826000,121932490,121652369,-94.121,0.000,0.000,1.000,3.000,0.000,0.000,133.000,0,0,0
B3_zmq_pushpull,zmq_tcp,none,none,,1,31123,512,584,1785153467583533000,1785153467583533000,1785153467583533000,1785153467583534000,1785153467583691000,1785153467583694000,1785153467583694000,1785153467583694000,121932490,121652369,-123.121,0.000,0.000,1.000,3.000,0.000,0.000,29.000,0,0,0
B3_zmq_pushpull,zmq_tcp,none,none,,1,31124,512,584,1785153467584536000,1785153467584536000,1785153467584536000,1785153467584537000,1785153467584692000,1785153467584694000,1785153467584694000,1785153467584694000,121932490,121652369,-125.121,0.000,0.000,1.000,2.000,0.000,0.000,2.000,0,0,0
B3_zmq_pushpull,zmq_tcp,none,none,,1,31125,512,584,1785153467585516000,1785153467585516000,1785153467585516000,1785153467585517000,1785153467585660000,1785153467585664000,1785153467585664000,1785153467585664000,121932490,121652369,-137.121,0.000,0.000,1.000,4.000,0.000,0.000,12.000,0,0,0
B3_zmq_pushpull,zmq_tcp,none,none,,1,31126,512,584,1785153467586495000,1785153467586495000,1785153467586495000,1785153467586496000,1785153467586648000,1785153467586652000,1785153467586652000,1785153467586652000,121932490,121652369,-128.121,0.000,0.000,1.000,4.000,0.000,0.000,9.000,0,0,0
B3_zmq_pushpull,zmq_tcp,none,none,,1,31127,512,584,1785153467587673000,1785153467587673000,1785153467587673000,1785153467587674000,1785153467587788000,1785153467587791000,1785153467587791000,1785153467587791000,121932490,121652369,-166.121,0.000,0.000,1.000,3.000,0.000,0.000,38.000,0,0,0
B3_zmq_pushpull,zmq_tcp,none,none,,1,31128,512,584,1785153467588628000,1785153467588628000,1785153467588628000,1785153467588629000,1785153467588803000,1785153467588806000,1785153467588806000,1785153467588806000,121932490,121652369,-106.121,0.000,0.000,1.000,3.000,0.000,0.000,60.000,0,0,0
B3_zmq_pushpull,zmq_tcp,none,none,,1,31129,512,584,1785153467589516000,1785153467589516000,1785153467589516000,1785153467589517000,1785153467589674000,1785153467589677000,1785153467589677000,1785153467589677000,121932490,121652369,-123.121,0.000,0.000,1.000,3.000,0.000,0.000,17.000,0,0,0
B3_zmq_pushpull,zmq_tcp,none,none,,1,31130,512,584,1785153467590505000,1785153467590505000,1785153467590505000,1785153467590506000,1785153467590663000,1785153467590666000,1785153467590666000,1785153467590666000,121932490,121652369,-123.121,0.000,0.000,1.000,3.000,0.000,0.000,0.000,0,0,0
B3_zmq_pushpull,zmq_tcp,none,none,,1,31131,512,584,1785153467591519000,1785153467591519000,1785153467591519000,1785153467591520000,1785153467591666000,1785153467591670000,1785153467591670000,1785153467591670000,121932490,121652369,-134.121,0.000,0.000,1.000,4.000,0.000,0.000,11.000,0,0,0
B3_zmq_pushpull,zmq_tcp,none,none,,1,31132,512,584,1785153467592502000,1785153467592502000,1785153467592502000,1785153467592503000,1785153467592656000,1785153467592659000,1785153467592659000,1785153467592659000,121932490,121652369,-127.121,0.000,0.000,1.000,3.000,0.000,0.000,7.000,0,0,0
B3_zmq_pushpull,zmq_tcp,none,none,,1,31133,512,584,1785153467593501000,1785153467593502000,1785153467593502000,1785153467593503000,1785153467593646000,1785153467593648000,1785153467593648000,1785153467593648000,121932490,121652369,-137.121,1.000,0.000,1.000,2.000,0.000,0.000,10.000,0,0,0
B3_zmq_pushpull,zmq_tcp,none,none,,1,31134,512,584,1785153467594672000,1785153467594672000,1785153467594672000,1785153467594673000,1785153467594775000,1785153467594778000,1785153467594778000,1785153467594778000,121932490,121652369,-178.121,0.000,0.000,1.000,3.000,0.000,0.000,41.000,0,0,0
B3_zmq_pushpull,zmq_tcp,none,none,,1,31135,512,584,1785153467595629000,1785153467595629000,1785153467595629000,1785153467595630000,1785153467595762000,1785153467595769000,1785153467595769000,1785153467595769000,121932490,121652369,-148.121,0.000,0.000,1.000,7.000,0.000,0.000,30.000,0,0,0
B3_zmq_pushpull,zmq_tcp,none,none,,1,31136,512,584,1785153467596635000,1785153467596635000,1785153467596636000,1785153467596636000,1785153467596749000,1785153467596752000,1785153467596752000,1785153467596752000,121932490,121652369,-167.121,0.000,1.000,0.000,3.000,0.000,0.000,19.000,0,0,0
B3_zmq_pushpull,zmq_tcp,none,none,,1,31137,512,584,1785153467597639000,1785153467597639000,1785153467597639000,1785153467597640000,1785153467597763000,1785153467597766000,1785153467597766000,1785153467597766000,121932490,121652369,-157.121,0.000,0.000,1.000,3.000,0.000,0.000,10.000,0,0,0
B3_zmq_pushpull,zmq_tcp,none,none,,1,31138,512,584,1785153467598456000,1785153467598456000,1785153467598456000,1785153467598457000,1785153467598613000,1785153467598616000,1785153467598616000,1785153467598616000,121932490,121652369,-124.121,0.000,0.000,1.000,3.000,0.000,0.000,33.000,0,0,0
B3_zmq_pushpull,zmq_tcp,none,none,,1,31139,512,584,1785153467599682000,1785153467599683000,1785153467599683000,1785153467599684000,1785153467599742000,1785153467599745000,1785153467599745000,1785153467599745000,121932490,121652369,-222.121,1.000,0.000,1.000,3.000,0.000,0.000,98.000,0,0,0
B3_zmq_pushpull,zmq_tcp,none,none,,1,31140,512,584,1785153467600622000,1785153467600622000,1785153467600622000,1785153467600623000,1785153467600747000,1785153467600750000,1785153467600750000,1785153467600750000,121932490,121652369,-156.121,0.000,0.000,1.000,3.000,0.000,0.000,66.000,0,0,0
B3_zmq_pushpull,zmq_tcp,none,none,,1,31141,512,584,1785153467601641000,1785153467601641000,1785153467601641000,1785153467601642000,1785153467601744000,1785153467601746000,1785153467601747000,1785153467601747000,121932490,121652369,-178.121,0.000,0.000,1.000,2.000,1.000,0.000,22.000,0,0,0
B3_zmq_pushpull,zmq_tcp,none,none,,1,31142,512,584,1785153467602636000,1785153467602636000,1785153467602636000,1785153467602637000,1785153467602723000,1785153467602725000,1785153467602725000,1785153467602725000,121932490,121652369,-194.121,0.000,0.000,1.000,2.000,0.000,0.000,16.000,0,0,0
B3_zmq_pushpull,zmq_tcp,none,none,,1,31143,512,584,1785153467603454000,1785153467603454000,1785153467603454000,1785153467603455000,1785153467603599000,1785153467603602000,1785153467603602000,1785153467603602000,121932490,121652369,-136.121,0.000,0.000,1.000,3.000,0.000,0.000,58.000,0,0,0
B3_zmq_pushpull,zmq_tcp,none,none,,1,31144,512,584,1785153467604440000,1785153467604440000,1785153467604440000,1785153467604441000,1785153467604598000,1785153467604600000,1785153467604600000,1785153467604600000,121932490,121652369,-123.121,0.000,0.000,1.000,2.000,0.000,0.000,13.000,0,0,0
B3_zmq_pushpull,zmq_tcp,none,none,,1,31145,512,584,1785153467605447000,1785153467605447000,1785153467605447000,1785153467605448000,1785153467605593000,1785153467605596000,1785153467605596000,1785153467605596000,121932490,121652369,-135.121,0.000,0.000,1.000,3.000,0.000,0.000,12.000,0,0,0
B3_zmq_pushpull,zmq_tcp,none,none,,1,31146,512,584,1785153467606448000,1785153467606448000,1785153467606448000,1785153467606449000,1785153467606588000,1785153467606591000,1785153467606591000,1785153467606591000,121932490,121652369,-141.121,0.000,0.000,1.000,3.000,0.000,0.000,6.000,0,0,0
B3_zmq_pushpull,zmq_tcp,none,none,,1,31147,512,584,1785153467607545000,1785153467607545000,1785153467607546000,1785153467607546000,1785153467607699000,1785153467607702000,1785153467607702000,1785153467607702000,121932490,121652369,-127.121,0.000,1.000,0.000,3.000,0.000,0.000,14.000,0,0,0
B3_zmq_pushpull,zmq_tcp,none,none,,1,31148,512,584,1785153467608550000,1785153467608550000,1785153467608550000,1785153467608551000,1785153467608705000,1785153467608708000,1785153467608708000,1785153467608708000,121932490,121652369,-126.121,0.000,0.000,1.000,3.000,0.000,0.000,1.000,0,0,0
B3_zmq_pushpull,zmq_tcp,none,none,,1,31149,512,584,1785153467609661000,1785153467609661000,1785153467609661000,1785153467609662000,1785153467609699000,1785153467609702000,1785153467609702000,1785153467609702000,121932490,121652369,-243.121,0.000,0.000,1.000,3.000,0.000,0.000,117.000,0,0,0
B3_zmq_pushpull,zmq_tcp,none,none,,1,31150,512,584,1785153467610633000,1785153467610633000,1785153467610633000,1785153467610634000,1785153467610711000,1785153467610714000,1785153467610714000,1785153467610714000,121932490,121652369,-203.121,0.000,0.000,1.000,3.000,0.000,0.000,40.000,0,0,0
B3_zmq_pushpull,zmq_tcp,none,none,,1,31151,512,584,1785153467611634000,1785153467611635000,1785153467611635000,1785153467611636000,1785153467611714000,1785153467611722000,1785153467611722000,1785153467611722000,121932490,121652369,-202.121,1.000,0.000,1.000,8.000,0.000,0.000,1.000,0,0,0
B3_zmq_pushpull,zmq_tcp,none,none,,1,31152,512,584,1785153467612639000,1785153467612639000,1785153467612639000,1785153467612640000,1785153467612706000,1785153467612709000,1785153467612709000,1785153467612709000,121932490,121652369,-214.121,0.000,0.000,1.000,3.000,0.000,0.000,12.000,0,0,0
B3_zmq_pushpull,zmq_tcp,none,none,,1,31153,512,584,1785153467613637000,1785153467613637000,1785153467613637000,1785153467613638000,1785153467613696000,1785153467613698000,1785153467613698000,1785153467613698000,121932490,121652369,-222.121,0.000,0.000,1.000,2.000,0.000,0.000,8.000,0,0,0
B3_zmq_pushpull,zmq_tcp,none,none,,1,31154,512,584,1785153467614634000,1785153467614635000,1785153467614635000,1785153467614636000,1785153467614690000,1785153467614692000,1785153467614692000,1785153467614692000,121932490,121652369,-226.121,1.000,0.000,1.000,2.000,0.000,0.000,4.000,0,0,0
B3_zmq_pushpull,zmq_tcp,none,none,,1,31155,512,584,1785153467615638000,1785153467615638000,1785153467615638000,1785153467615639000,1785153467615674000,1785153467615677000,1785153467615678000,1785153467615678000,121932490,121652369,-245.121,0.000,0.000,1.000,3.000,1.000,0.000,19.000,0,0,0
B3_zmq_pushpull,zmq_tcp,none,none,,1,31156,512,584,1785153467616637000,1785153467616637000,1785153467616637000,1785153467616638000,1785153467616816000,1785153467616818000,1785153467616818000,1785153467616818000,121932490,121652369,-102.121,0.000,0.000,1.000,2.000,0.000,0.000,143.000,0,0,0
B3_zmq_pushpull,zmq_tcp,none,none,,1,31157,512,584,1785153467617641000,1785153467617641000,1785153467617641000,1785153467617642000,1785153467617799000,1785153467617801000,1785153467617801000,1785153467617801000,121932490,121652369,-123.121,0.000,0.000,1.000,2.000,0.000,0.000,21.000,0,0,0
B3_zmq_pushpull,zmq_tcp,none,none,,1,31158,512,584,1785153467618637000,1785153467618637000,1785153467618637000,1785153467618638000,1785153467618761000,1785153467618764000,1785153467618764000,1785153467618764000,121932490,121652369,-157.121,0.000,0.000,1.000,3.000,0.000,0.000,34.000,0,0,0
B3_zmq_pushpull,zmq_tcp,none,none,,1,31159,512,584,1785153467619636000,1785153467619636000,1785153467619636000,1785153467619637000,1785153467619733000,1785153467619736000,1785153467619736000,1785153467619736000,121932490,121652369,-184.121,0.000,0.000,1.000,3.000,0.000,0.000,27.000,0,0,0
B3_zmq_pushpull,zmq_tcp,none,none,,1,31160,512,584,1785153467620636000,1785153467620636000,1785153467620636000,1785153467620637000,1785153467620702000,1785153467620705000,1785153467620705000,1785153467620705000,121932490,121652369,-215.121,0.000,0.000,1.000,3.000,0.000,0.000,31.000,0,0,0
B3_zmq_pushpull,zmq_tcp,none,none,,1,31161,512,584,1785153467621524000,1785153467621525000,1785153467621525000,1785153467621526000,1785153467621678000,1785153467621681000,1785153467621681000,1785153467621681000,121932490,121652369,-128.121,1.000,0.000,1.000,3.000,0.000,0.000,87.000,0,0,0
B3_zmq_pushpull,zmq_tcp,none,none,,1,31162,512,584,1785153467622477000,1785153467622477000,1785153467622477000,1785153467622478000,1785153467622622000,1785153467622625000,1785153467622625000,1785153467622625000,121932490,121652369,-136.121,0.000,0.000,1.000,3.000,0.000,0.000,8.000,0,0,0
B3_zmq_pushpull,zmq_tcp,none,none,,1,31163,512,584,1785153467623676000,1785153467623676000,1785153467623677000,1785153467623677000,1785153467623841000,1785153467623844000,1785153467623844000,1785153467623844000,121932490,121652369,-116.121,0.000,1.000,0.000,3.000,0.000,0.000,20.000,0,0,0
B3_zmq_pushpull,zmq_tcp,none,none,,1,31164,512,584,1785153467624528000,1785153467624528000,1785153467624528000,1785153467624529000,1785153467624688000,1785153467624690000,1785153467624690000,1785153467624690000,121932490,121652369,-121.121,0.000,0.000,1.000,2.000,0.000,0.000,5.000,0,0,0
B3_zmq_pushpull,zmq_tcp,none,none,,1,31165,512,584,1785153467625665000,1785153467625665000,1785153467625665000,1785153467625666000,1785153467625805000,1785153467625808000,1785153467625808000,1785153467625808000,121932490,121652369,-141.121,0.000,0.000,1.000,3.000,0.000,0.000,20.000,0,0,0
B3_zmq_pushpull,zmq_tcp,none,none,,1,31166,512,584,1785153467626630000,1785153467626630000,1785153467626630000,1785153467626631000,1785153467626780000,1785153467626783000,1785153467626783000,1785153467626783000,121932490,121652369,-131.121,0.000,0.000,1.000,3.000,0.000,0.000,10.000,0,0,0
B3_zmq_pushpull,zmq_tcp,none,none,,1,31167,512,584,1785153467627637000,1785153467627637000,1785153467627637000,1785153467627638000,1785153467627765000,1785153467627768000,1785153467627768000,1785153467627768000,121932490,121652369,-153.121,0.000,0.000,1.000,3.000,0.000,0.000,22.000,0,0,0
B3_zmq_pushpull,zmq_tcp,none,none,,1,31168,512,584,1785153467628636000,1785153467628636000,1785153467628636000,1785153467628637000,1785153467628731000,1785153467628734000,1785153467628734000,1785153467628734000,121932490,121652369,-186.121,0.000,0.000,1.000,3.000,0.000,0.000,33.000,0,0,0
B3_zmq_pushpull,zmq_tcp,none,none,,1,31169,512,584,1785153467629637000,1785153467629637000,1785153467629637000,1785153467629638000,1785153467629691000,1785153467629694000,1785153467629694000,1785153467629694000,121932490,121652369,-227.121,0.000,0.000,1.000,3.000,0.000,0.000,41.000,0,0,0
B3_zmq_pushpull,zmq_tcp,none,none,,1,31170,512,584,1785153467630636000,1785153467630636000,1785153467630637000,1785153467630637000,1785153467630825000,1785153467630828000,1785153467630828000,1785153467630828000,121932490,121652369,-92.121,0.000,1.000,0.000,3.000,0.000,0.000,135.000,0,0,0
B3_zmq_pushpull,zmq_tcp,none,none,,1,31171,512,584,1785153467631525000,1785153467631525000,1785153467631525000,1785153467631526000,1785153467631678000,1785153467631680000,1785153467631681000,1785153467631681000,121932490,121652369,-128.121,0.000,0.000,1.000,2.000,1.000,0.000,36.000,0,0,0
B3_zmq_pushpull,zmq_tcp,none,none,,1,31172,512,584,1785153467632517000,1785153467632517000,1785153467632517000,1785153467632518000,1785153467632675000,1785153467632679000,1785153467632679000,1785153467632679000,121932490,121652369,-123.121,0.000,0.000,1.000,4.000,0.000,0.000,5.000,0,0,0
B3_zmq_pushpull,zmq_tcp,none,none,,1,31173,512,584,1785153467633665000,1785153467633665000,1785153467633665000,1785153467633666000,1785153467633775000,1785153467633777000,1785153467633777000,1785153467633777000,121932490,121652369,-171.121,0.000,0.000,1.000,2.000,0.000,0.000,48.000,0,0,0
B3_zmq_pushpull,zmq_tcp,none,none,,1,31174,512,584,1785153467634486000,1785153467634487000,1785153467634487000,1785153467634488000,1785153467634627000,1785153467634631000,1785153467634631000,1785153467634631000,121932490,121652369,-141.121,1.000,0.000,1.000,4.000,0.000,0.000,30.000,0,0,0
B3_zmq_pushpull,zmq_tcp,none,none,,1,31175,512,584,1785153467635463000,1785153467635464000,1785153467635464000,1785153467635465000,1785153467635606000,1785153467635610000,1785153467635610000,1785153467635610000,121932490,121652369,-139.121,1.000,0.000,1.000,4.000,0.000,0.000,2.000,0,0,0
B3_zmq_pushpull,zmq_tcp,none,none,,1,31176,512,584,1785153467636565000,1785153467636565000,1785153467636565000,1785153467636566000,1785153467636722000,1785153467636726000,1785153467636726000,1785153467636726000,121932490,121652369,-124.121,0.000,0.000,1.000,4.000,0.000,0.000,15.000,0,0,0
B3_zmq_pushpull,zmq_tcp,none,none,,1,31177,512,584,1785153467637655000,1785153467637655000,1785153467637655000,1785153467637656000,1785153467637840000,1785153467637842000,1785153467637842000,1785153467637843000,121932490,121652369,-96.121,0.000,0.000,1.000,2.000,0.000,1.000,28.000,0,0,0
B3_zmq_pushpull,zmq_tcp,none,none,,1,31178,512,584,1785153467638516000,1785153467638517000,1785153467638517000,1785153467638518000,1785153467638677000,1785153467638680000,1785153467638680000,1785153467638680000,121932490,121652369,-121.121,1.000,0.000,1.000,3.000,0.000,0.000,25.000,0,0,0
B3_zmq_pushpull,zmq_tcp,none,none,,1,31179,512,584,1785153467639668000,1785153467639668000,1785153467639668000,1785153467639669000,1785153467639763000,1785153467639766000,1785153467639766000,1785153467639766000,121932490,121652369,-186.121,0.000,0.000,1.000,3.000,0.000,0.000,65.000,0,0,0
B3_zmq_pushpull,zmq_tcp,none,none,,1,31180,512,584,1785153467640629000,1785153467640629000,1785153467640629000,1785153467640630000,1785153467640733000,1785153467640736000,1785153467640736000,1785153467640736000,121932490,121652369,-177.121,0.000,0.000,1.000,3.000,0.000,0.000,9.000,0,0,0
B3_zmq_pushpull,zmq_tcp,none,none,,1,31181,512,584,1785153467641639000,1785153467641639000,1785153467641639000,1785153467641640000,1785153467641708000,1785153467641710000,1785153467641710000,1785153467641710000,121932490,121652369,-212.121,0.000,0.000,1.000,2.000,0.000,0.000,35.000,0,0,0
B3_zmq_pushpull,zmq_tcp,none,none,,1,31182,512,584,1785153467642634000,1785153467642634000,1785153467642634000,1785153467642635000,1785153467642784000,1785153467642787000,1785153467642787000,1785153467642787000,121932490,121652369,-131.121,0.000,0.000,1.000,3.000,0.000,0.000,81.000,0,0,0
B3_zmq_pushpull,zmq_tcp,none,none,,1,31183,512,584,1785153467643637000,1785153467643637000,1785153467643637000,1785153467643638000,1785153467643756000,1785153467643760000,1785153467643760000,1785153467643760000,121932490,121652369,-162.121,0.000,0.000,1.000,4.000,0.000,0.000,31.000,0,0,0
B3_zmq_pushpull,zmq_tcp,none,none,,1,31184,512,584,1785153467644638000,1785153467644639000,1785153467644639000,1785153467644640000,1785153467644752000,1785153467644754000,1785153467644754000,1785153467644754000,121932490,121652369,-168.121,1.000,0.000,1.000,2.000,0.000,0.000,6.000,0,0,0
B3_zmq_pushpull,zmq_tcp,none,none,,1,31185,512,584,1785153467645636000,1785153467645636000,1785153467645636000,1785153467645637000,1785153467645739000,1785153467645741000,1785153467645741000,1785153467645741000,121932490,121652369,-178.121,0.000,0.000,1.000,2.000,0.000,0.000,10.000,0,0,0
B3_zmq_pushpull,zmq_tcp,none,none,,1,31186,512,584,1785153467646637000,1785153467646637000,1785153467646637000,1785153467646638000,1785153467646716000,1785153467646719000,1785153467646719000,1785153467646719000,121932490,121652369,-202.121,0.000,0.000,1.000,3.000,0.000,0.000,24.000,0,0,0
B3_zmq_pushpull,zmq_tcp,none,none,,1,31187,512,584,1785153467647636000,1785153467647636000,1785153467647636000,1785153467647637000,1785153467647683000,1785153467647686000,1785153467647686000,1785153467647686000,121932490,121652369,-234.121,0.000,0.000,1.000,3.000,0.000,0.000,32.000,0,0,0
B3_zmq_pushpull,zmq_tcp,none,none,,1,31188,512,584,1785153467648636000,1785153467648636000,1785153467648636000,1785153467648637000,1785153467648790000,1785153467648793000,1785153467648793000,1785153467648793000,121932490,121652369,-127.121,0.000,0.000,1.000,3.000,0.000,0.000,107.000,0,0,0
B3_zmq_pushpull,zmq_tcp,none,none,,1,31189,512,584,1785153467649636000,1785153467649636000,1785153467649636000,1785153467649637000,1785153467649749000,1785153467649752000,1785153467649752000,1785153467649753000,121932490,121652369,-168.121,0.000,0.000,1.000,3.000,0.000,1.000,41.000,0,0,0
B3_zmq_pushpull,zmq_tcp,none,none,,1,31190,512,584,1785153467650451000,1785153467650451000,1785153467650451000,1785153467650452000,1785153467650596000,1785153467650598000,1785153467650599000,1785153467650599000,121932490,121652369,-136.121,0.000,0.000,1.000,2.000,1.000,0.000,32.000,0,0,0
B3_zmq_pushpull,zmq_tcp,none,none,,1,31191,512,584,1785153467651573000,1785153467651573000,1785153467651573000,1785153467651574000,1785153467651721000,1785153467651724000,1785153467651724000,1785153467651724000,121932490,121652369,-133.121,0.000,0.000,1.000,3.000,0.000,0.000,3.000,0,0,0
B3_zmq_pushpull,zmq_tcp,none,none,,1,31192,512,584,1785153467652654000,1785153467652654000,1785153467652654000,1785153467652655000,1785153467652830000,1785153467652833000,1785153467652833000,1785153467652833000,121932490,121652369,-105.121,0.000,0.000,1.000,3.000,0.000,0.000,28.000,0,0,0
B3_zmq_pushpull,zmq_tcp,none,none,,1,31193,512,584,1785153467653632000,1785153467653632000,1785153467653632000,1785153467653633000,1785153467653693000,1785153467653696000,1785153467653696000,1785153467653696000,121932490,121652369,-220.121,0.000,0.000,1.000,3.000,0.000,0.000,115.000,0,0,0
B3_zmq_pushpull,zmq_tcp,none,none,,1,31194,512,584,1785153467654637000,1785153467654638000,1785153467654638000,1785153467654639000,1785153467654799000,1785153467654801000,1785153467654801000,1785153467654801000,121932490,121652369,-120.121,1.000,0.000,1.000,2.000,0.000,0.000,100.000,0,0,0
B3_zmq_pushpull,zmq_tcp,none,none,,1,31195,512,584,1785153467655636000,1785153467655636000,1785153467655636000,1785153467655637000,1785153467655775000,1785153467655777000,1785153467655777000,1785153467655777000,121932490,121652369,-142.121,0.000,0.000,1.000,2.000,0.000,0.000,22.000,0,0,0
B3_zmq_pushpull,zmq_tcp,none,none,,1,31196,512,584,1785153467656464000,1785153467656465000,1785153467656465000,1785153467656466000,1785153467656619000,1785153467656623000,1785153467656623000,1785153467656623000,121932490,121652369,-127.121,1.000,0.000,1.000,4.000,0.000,0.000,15.000,0,0,0
B3_zmq_pushpull,zmq_tcp,none,none,,1,31197,512,584,1785153467657452000,1785153467657452000,1785153467657452000,1785153467657453000,1785153467657581000,1785153467657585000,1785153467657585000,1785153467657585000,121932490,121652369,-152.121,0.000,0.000,1.000,4.000,0.000,0.000,25.000,0,0,0
B3_zmq_pushpull,zmq_tcp,none,none,,1,31198,512,584,1785153467658683000,1785153467658683000,1785153467658683000,1785153467658684000,1785153467658833000,1785153467658836000,1785153467658836000,1785153467658836000,121932490,121652369,-131.121,0.000,0.000,1.000,3.000,0.000,0.000,21.000,0,0,0
B3_zmq_pushpull,zmq_tcp,none,none,,1,31199,512,584,1785153467659624000,1785153467659624000,1785153467659624000,1785153467659625000,1785153467659662000,1785153467659665000,1785153467659665000,1785153467659665000,121932490,121652369,-243.121,0.000,0.000,1.000,3.000,0.000,0.000,112.000,0,0,0
B3_zmq_pushpull,zmq_tcp,none,none,,1,31200,512,584,1785153467660639000,1785153467660639000,1785153467660639000,1785153467660640000,1785153467660783000,1785153467660785000,1785153467660785000,1785153467660785000,121932490,121652369,-137.121,0.000,0.000,1.000,2.000,0.000,0.000,106.000,0,0,0
B3_zmq_pushpull,zmq_tcp,none,none,,1,31201,512,584,1785153467661636000,1785153467661636000,1785153467661636000,1785153467661637000,1785153467661755000,1785153467661757000,1785153467661757000,1785153467661757000,121932490,121652369,-162.121,0.000,0.000,1.000,2.000,0.000,0.000,25.000,0,0,0
B3_zmq_pushpull,zmq_tcp,none,none,,1,31202,512,584,1785153467662636000,1785153467662636000,1785153467662636000,1785153467662637000,1785153467662723000,1785153467662725000,1785153467662725000,1785153467662725000,121932490,121652369,-194.121,0.000,0.000,1.000,2.000,0.000,0.000,32.000,0,0,0
B3_zmq_pushpull,zmq_tcp,none,none,,1,31203,512,584,1785153467663634000,1785153467663634000,1785153467663634000,1785153467663635000,1785153467663697000,1785153467663700000,1785153467663700000,1785153467663700000,121932490,121652369,-218.121,0.000,0.000,1.000,3.000,0.000,0.000,24.000,0,0,0
B3_zmq_pushpull,zmq_tcp,none,none,,1,31204,512,584,1785153467664639000,1785153467664639000,1785153467664639000,1785153467664640000,1785153467664689000,1785153467664692000,1785153467664692000,1785153467664692000,121932490,121652369,-231.121,0.000,0.000,1.000,3.000,0.000,0.000,13.000,0,0,0
B3_zmq_pushpull,zmq_tcp,none,none,,1,31205,512,584,1785153467665636000,1785153467665636000,1785153467665636000,1785153467665637000,1785153467665799000,1785153467665802000,1785153467665802000,1785153467665802000,121932490,121652369,-118.121,0.000,0.000,1.000,3.000,0.000,0.000,113.000,0,0,0
B3_zmq_pushpull,zmq_tcp,none,none,,1,31206,512,584,1785153467666486000,1785153467666486000,1785153467666486000,1785153467666487000,1785153467666647000,1785153467666649000,1785153467666649000,1785153467666649000,121932490,121652369,-120.121,0.000,0.000,1.000,2.000,0.000,0.000,2.000,0,0,0
B3_zmq_pushpull,zmq_tcp,none,none,,1,31207,512,584,1785153467667674000,1785153467667674000,1785153467667674000,1785153467667675000,1785153467667750000,1785153467667752000,1785153467667752000,1785153467667752000,121932490,121652369,-205.121,0.000,0.000,1.000,2.000,0.000,0.000,85.000,0,0,0
B3_zmq_pushpull,zmq_tcp,none,none,,1,31208,512,584,1785153467668627000,1785153467668627000,1785153467668627000,1785153467668628000,1785153467668733000,1785153467668736000,1785153467668736000,1785153467668736000,121932490,121652369,-175.121,0.000,0.000,1.000,3.000,0.000,0.000,30.000,0,0,0
B3_zmq_pushpull,zmq_tcp,none,none,,1,31209,512,584,1785153467669639000,1785153467669639000,1785153467669639000,1785153467669640000,1785153467669815000,1785153467669817000,1785153467669817000,1785153467669817000,121932490,121652369,-105.121,0.000,0.000,1.000,2.000,0.000,0.000,70.000,0,0,0
B3_zmq_pushpull,zmq_tcp,none,none,,1,31210,512,584,1785153467670513000,1785153467670513000,1785153467670513000,1785153467670515000,1785153467670656000,1785153467670659000,1785153467670659000,1785153467670659000,121932490,121652369,-139.121,0.000,0.000,2.000,3.000,0.000,0.000,34.000,0,0,0
B3_zmq_pushpull,zmq_tcp,none,none,,1,31211,512,584,1785153467671635000,1785153467671635000,1785153467671635000,1785153467671636000,1785153467671780000,1785153467671788000,1785153467671788000,1785153467671788000,121932490,121652369,-136.121,0.000,0.000,1.000,8.000,0.000,0.000,3.000,0,0,0
B3_zmq_pushpull,zmq_tcp,none,none,,1,31212,512,584,1785153467672474000,1785153467672474000,1785153467672474000,1785153467672475000,1785153467672631000,1785153467672633000,1785153467672633000,1785153467672633000,121932490,121652369,-124.121,0.000,0.000,1.000,2.000,0.000,0.000,12.000,0,0,0
B3_zmq_pushpull,zmq_tcp,none,none,,1,31213,512,584,1785153467673449000,1785153467673449000,1785153467673449000,1785153467673450000,1785153467673599000,1785153467673602000,1785153467673602000,1785153467673602000,121932490,121652369,-131.121,0.000,0.000,1.000,3.000,0.000,0.000,7.000,0,0,0
B3_zmq_pushpull,zmq_tcp,none,none,,1,31214,512,584,1785153467674686000,1785153467674686000,1785153467674686000,1785153467674687000,1785153467674863000,1785153467674865000,1785153467674865000,1785153467674865000,121932490,121652369,-104.121,0.000,0.000,1.000,2.000,0.000,0.000,27.000,0,0,0
B3_zmq_pushpull,zmq_tcp,none,none,,1,31215,512,584,1785153467675624000,1785153467675624000,1785153467675624000,1785153467675625000,1785153467675701000,1785153467675704000,1785153467675704000,1785153467675704000,121932490,121652369,-204.121,0.000,0.000,1.000,3.000,0.000,0.000,100.000,0,0,0
B3_zmq_pushpull,zmq_tcp,none,none,,1,31216,512,584,1785153467676641000,1785153467676641000,1785153467676641000,1785153467676642000,1785153467676792000,1785153467676795000,1785153467676795000,1785153467676795000,121932490,121652369,-130.121,0.000,0.000,1.000,3.000,0.000,0.000,74.000,0,0,0
B3_zmq_pushpull,zmq_tcp,none,none,,1,31217,512,584,1785153467677482000,1785153467677482000,1785153467677482000,1785153467677483000,1785153467677633000,1785153467677636000,1785153467677636000,1785153467677636000,121932490,121652369,-130.121,0.000,0.000,1.000,3.000,0.000,0.000,0.000,0,0,0
B3_zmq_pushpull,zmq_tcp,none,none,,1,31218,512,584,1785153467678456000,1785153467678457000,1785153467678457000,1785153467678458000,1785153467678612000,1785153467678615000,1785153467678615000,1785153467678615000,121932490,121652369,-126.121,1.000,0.000,1.000,3.000,0.000,0.000,4.000,0,0,0
B3_zmq_pushpull,zmq_tcp,none,none,,1,31219,512,584,1785153467679439000,1785153467679439000,1785153467679440000,1785153467679440000,1785153467679586000,1785153467679589000,1785153467679589000,1785153467679589000,121932490,121652369,-134.121,0.000,1.000,0.000,3.000,0.000,0.000,8.000,0,0,0
B3_zmq_pushpull,zmq_tcp,none,none,,1,31220,512,584,1785153467680687000,1785153467680687000,1785153467680687000,1785153467680688000,1785153467680853000,1785153467680856000,1785153467680856000,1785153467680856000,121932490,121652369,-115.121,0.000,0.000,1.000,3.000,0.000,0.000,19.000,0,0,0
B3_zmq_pushpull,zmq_tcp,none,none,,1,31221,512,584,1785153467681623000,1785153467681623000,1785153467681623000,1785153467681624000,1785153467681807000,1785153467681809000,1785153467681809000,1785153467681809000,121932490,121652369,-97.121,0.000,0.000,1.000,2.000,0.000,0.000,18.000,0,0,0
B3_zmq_pushpull,zmq_tcp,none,none,,1,31222,512,584,1785153467682640000,1785153467682640000,1785153467682640000,1785153467682641000,1785153467682761000,1785153467682764000,1785153467682764000,1785153467682764000,121932490,121652369,-160.121,0.000,0.000,1.000,3.000,0.000,0.000,63.000,0,0,0
B3_zmq_pushpull,zmq_tcp,none,none,,1,31223,512,584,1785153467683636000,1785153467683636000,1785153467683636000,1785153467683637000,1785153467683737000,1785153467683740000,1785153467683740000,1785153467683740000,121932490,121652369,-180.121,0.000,0.000,1.000,3.000,0.000,0.000,20.000,0,0,0
B3_zmq_pushpull,zmq_tcp,none,none,,1,31224,512,584,1785153467684636000,1785153467684636000,1785153467684636000,1785153467684637000,1785153467684704000,1785153467684706000,1785153467684707000,1785153467684707000,121932490,121652369,-213.121,0.000,0.000,1.000,2.000,1.000,0.000,33.000,0,0,0
B3_zmq_pushpull,zmq_tcp,none,none,,1,31225,512,584,1785153467685634000,1785153467685634000,1785153467685634000,1785153467685635000,1785153467685686000,1785153467685689000,1785153467685689000,1785153467685689000,121932490,121652369,-229.121,0.000,0.000,1.000,3.000,0.000,0.000,16.000,0,0,0
B3_zmq_pushpull,zmq_tcp,none,none,,1,31226,512,584,1785153467686638000,1785153467686638000,1785153467686639000,1785153467686639000,1785153467686797000,1785153467686800000,1785153467686801000,1785153467686801000,121932490,121652369,-122.121,0.000,1.000,0.000,3.000,1.000,0.000,107.000,0,0,0
B3_zmq_pushpull,zmq_tcp,none,none,,1,31227,512,584,1785153467687492000,1785153467687493000,1785153467687493000,1785153467687494000,1785153467687652000,1785153467687655000,1785153467687655000,1785153467687655000,121932490,121652369,-122.121,1.000,0.000,1.000,3.000,0.000,0.000,0.000,0,0,0
B3_zmq_pushpull,zmq_tcp,none,none,,1,31228,512,584,1785153467688674000,1785153467688674000,1785153467688674000,1785153467688675000,1785153467688779000,1785153467688781000,1785153467688781000,1785153467688781000,121932490,121652369,-176.121,0.000,0.000,1.000,2.000,0.000,0.000,54.000,0,0,0
B3_zmq_pushpull,zmq_tcp,none,none,,1,31229,512,584,1785153467689627000,1785153467689627000,1785153467689627000,1785153467689628000,1785153467689748000,1785153467689752000,1785153467689752000,1785153467689752000,121932490,121652369,-160.121,0.000,0.000,1.000,4.000,0.000,0.000,16.000,0,0,0
B3_zmq_pushpull,zmq_tcp,none,none,,1,31230,512,584,1785153467690639000,1785153467690639000,1785153467690639000,1785153467690640000,1785153467690699000,1785153467690702000,1785153467690702000,1785153467690702000,121932490,121652369,-221.121,0.000,0.000,1.000,3.000,0.000,0.000,61.000,0,0,0
B3_zmq_pushpull,zmq_tcp,none,none,,1,31231,512,584,1785153467691509000,1785153467691509000,1785153467691509000,1785153467691510000,1785153467691661000,1785153467691664000,1785153467691664000,1785153467691664000,121932490,121652369,-129.121,0.000,0.000,1.000,3.000,0.000,0.000,92.000,0,0,0
B3_zmq_pushpull,zmq_tcp,none,none,,1,31232,512,584,1785153467692480000,1785153467692480000,1785153467692480000,1785153467692481000,1785153467692622000,1785153467692625000,1785153467692625000,1785153467692625000,121932490,121652369,-139.121,0.000,0.000,1.000,3.000,0.000,0.000,10.000,0,0,0
B3_zmq_pushpull,zmq_tcp,none,none,,1,31233,512,584,1785153467693672000,1785153467693672000,1785153467693672000,1785153467693673000,1785153467693863000,1785153467693865000,1785153467693865000,1785153467693865000,121932490,121652369,-90.121,0.000,0.000,1.000,2.000,0.000,0.000,49.000,0,0,0
B3_zmq_pushpull,zmq_tcp,none,none,,1,31234,512,584,1785153467694630000,1785153467694630000,1785153467694630000,1785153467694631000,1785153467694712000,1785153467694715000,1785153467694715000,1785153467694715000,121932490,121652369,-199.121,0.000,0.000,1.000,3.000,0.000,0.000,109.000,0,0,0
B3_zmq_pushpull,zmq_tcp,none,none,,1,31235,512,584,1785153467695638000,1785153467695638000,1785153467695638000,1785153467695639000,1785153467695715000,1785153467695717000,1785153467695717000,1785153467695717000,121932490,121652369,-204.121,0.000,0.000,1.000,2.000,0.000,0.000,5.000,0,0,0
B3_zmq_pushpull,zmq_tcp,none,none,,1,31236,512,584,1785153467696635000,1785153467696635000,1785153467696635000,1785153467696636000,1785153467696798000,1785153467696800000,1785153467696800000,1785153467696800000,121932490,121652369,-118.121,0.000,0.000,1.000,2.000,0.000,0.000,86.000,0,0,0
B3_zmq_pushpull,zmq_tcp,none,none,,1,31237,512,584,1785153467697638000,1785153467697638000,1785153467697638000,1785153467697639000,1785153467697767000,1785153467697770000,1785153467697770000,1785153467697770000,121932490,121652369,-152.121,0.000,0.000,1.000,3.000,0.000,0.000,34.000,0,0,0
B3_zmq_pushpull,zmq_tcp,none,none,,1,31238,512,584,1785153467698636000,1785153467698636000,1785153467698637000,1785153467698637000,1785153467698735000,1785153467698737000,1785153467698737000,1785153467698737000,121932490,121652369,-182.121,0.000,1.000,0.000,2.000,0.000,0.000,30.000,0,0,0
B3_zmq_pushpull,zmq_tcp,none,none,,1,31239,512,584,1785153467699640000,1785153467699640000,1785153467699640000,1785153467699641000,1785153467699695000,1785153467699697000,1785153467699697000,1785153467699697000,121932490,121652369,-226.121,0.000,0.000,1.000,2.000,0.000,0.000,44.000,0,0,0
B3_zmq_pushpull,zmq_tcp,none,none,,1,31240,512,584,1785153467700638000,1785153467700638000,1785153467700638000,1785153467700639000,1785153467700696000,1785153467700699000,1785153467700699000,1785153467700699000,121932490,121652369,-223.121,0.000,0.000,1.000,3.000,0.000,0.000,3.000,0,0,0
B3_zmq_pushpull,zmq_tcp,none,none,,1,31241,512,584,1785153467701515000,1785153467701515000,1785153467701515000,1785153467701517000,1785153467701657000,1785153467701661000,1785153467701661000,1785153467701661000,121932490,121652369,-140.121,0.000,0.000,2.000,4.000,0.000,0.000,83.000,0,0,0
B3_zmq_pushpull,zmq_tcp,none,none,,1,31242,512,584,1785153467702483000,1785153467702483000,1785153467702483000,1785153467702484000,1785153467702636000,1785153467702639000,1785153467702639000,1785153467702639000,121932490,121652369,-128.121,0.000,0.000,1.000,3.000,0.000,0.000,12.000,0,0,0
B3_zmq_pushpull,zmq_tcp,none,none,,1,31243,512,584,1785153467703675000,1785153467703675000,1785153467703675000,1785153467703676000,1785153467703756000,1785153467703759000,1785153467703759000,1785153467703759000,121932490,121652369,-200.121,0.000,0.000,1.000,3.000,0.000,0.000,72.000,0,0,0
B3_zmq_pushpull,zmq_tcp,none,none,,1,31244,512,584,1785153467704624000,1785153467704624000,1785153467704624000,1785153467704625000,1785153467704734000,1785153467704737000,1785153467704737000,1785153467704737000,121932490,121652369,-171.121,0.000,0.000,1.000,3.000,0.000,0.000,29.000,0,0,0
B3_zmq_pushpull,zmq_tcp,none,none,,1,31245,512,584,1785153467705553000,1785153467705553000,1785153467705553000,1785153467705555000,1785153467705697000,1785153467705700000,1785153467705700000,1785153467705700000,121932490,121652369,-138.121,0.000,0.000,2.000,3.000,0.000,0.000,33.000,0,0,0
B3_zmq_pushpull,zmq_tcp,none,none,,1,31246,512,584,1785153467706658000,1785153467706658000,1785153467706658000,1785153467706659000,1785153467706810000,1785153467706812000,1785153467706812000,1785153467706812000,121932490,121652369,-129.121,0.000,0.000,1.000,2.000,0.000,0.000,9.000,0,0,0
B3_zmq_pushpull,zmq_tcp,none,none,,1,31247,512,584,1785153467707491000,1785153467707492000,1785153467707492000,1785153467707493000,1785153467707648000,1785153467707651000,1785153467707651000,1785153467707651000,121932490,121652369,-125.121,1.000,0.000,1.000,3.000,0.000,0.000,4.000,0,0,0
B3_zmq_pushpull,zmq_tcp,none,none,,1,31248,512,584,1785153467708479000,1785153467708480000,1785153467708480000,1785153467708481000,1785153467708639000,1785153467708641000,1785153467708641000,1785153467708641000,121932490,121652369,-122.121,1.000,0.000,1.000,2.000,0.000,0.000,3.000,0,0,0
B3_zmq_pushpull,zmq_tcp,none,none,,1,31249,512,584,1785153467709678000,1785153467709678000,1785153467709678000,1785153467709679000,1785153467709725000,1785153467709729000,1785153467709729000,1785153467709729000,121932490,121652369,-234.121,0.000,0.000,1.000,4.000,0.000,0.000,112.000,0,0,0
B3_zmq_pushpull,zmq_tcp,none,none,,1,31250,512,584,1785153467710627000,1785153467710627000,1785153467710627000,1785153467710628000,1785153467710719000,1785153467710722000,1785153467710722000,1785153467710722000,121932490,121652369,-189.121,0.000,0.000,1.000,3.000,0.000,0.000,45.000,0,0,0
B3_zmq_pushpull,zmq_tcp,none,none,,1,31251,512,584,1785153467711637000,1785153467711638000,1785153467711638000,1785153467711639000,1785153467711691000,1785153467711694000,1785153467711694000,1785153467711694000,121932490,121652369,-228.121,1.000,0.000,1.000,3.000,0.000,0.000,39.000,0,0,0
B3_zmq_pushpull,zmq_tcp,none,none,,1,31252,512,584,1785153467712637000,1785153467712637000,1785153467712637000,1785153467712638000,1785153467712807000,1785153467712810000,1785153467712810000,1785153467712810000,121932490,121652369,-111.121,0.000,0.000,1.000,3.000,0.000,0.000,117.000,0,0,0
B3_zmq_pushpull,zmq_tcp,none,none,,1,31253,512,584,1785153467713639000,1785153467713639000,1785153467713639000,1785153467713640000,1785153467713800000,1785153467713803000,1785153467713803000,1785153467713803000,121932490,121652369,-120.121,0.000,0.000,1.000,3.000,0.000,0.000,9.000,0,0,0
B3_zmq_pushpull,zmq_tcp,none,none,,1,31254,512,584,1785153467714634000,1785153467714634000,1785153467714634000,1785153467714635000,1785153467714767000,1785153467714769000,1785153467714769000,1785153467714769000,121932490,121652369,-148.121,0.000,0.000,1.000,2.000,0.000,0.000,28.000,0,0,0
B3_zmq_pushpull,zmq_tcp,none,none,,1,31255,512,584,1785153467715643000,1785153467715643000,1785153467715643000,1785153467715644000,1785153467715743000,1785153467715746000,1785153467715746000,1785153467715746000,121932490,121652369,-181.121,0.000,0.000,1.000,3.000,0.000,0.000,33.000,0,0,0
B3_zmq_pushpull,zmq_tcp,none,none,,1,31256,512,584,1785153467716444000,1785153467716444000,1785153467716444000,1785153467716445000,1785153467716606000,1785153467716608000,1785153467716608000,1785153467716608000,121932490,121652369,-119.121,0.000,0.000,1.000,2.000,0.000,0.000,62.000,0,0,0
B3_zmq_pushpull,zmq_tcp,none,none,,1,31257,512,584,1785153467717686000,1785153467717686000,1785153467717686000,1785153467717687000,1785153467717868000,1785153467717872000,1785153467717872000,1785153467717872000,121932490,121652369,-99.121,0.000,0.000,1.000,4.000,0.000,0.000,20.000,0,0,0
B3_zmq_pushpull,zmq_tcp,none,none,,1,31258,512,584,1785153467718622000,1785153467718622000,1785153467718622000,1785153467718623000,1785153467718687000,1785153467718690000,1785153467718690000,1785153467718690000,121932490,121652369,-216.121,0.000,0.000,1.000,3.000,0.000,0.000,117.000,0,0,0
B3_zmq_pushpull,zmq_tcp,none,none,,1,31259,512,584,1785153467719641000,1785153467719641000,1785153467719641000,1785153467719642000,1785153467719796000,1785153467719799000,1785153467719799000,1785153467719799000,121932490,121652369,-126.121,0.000,0.000,1.000,3.000,0.000,0.000,90.000,0,0,0
B3_zmq_pushpull,zmq_tcp,none,none,,1,31260,512,584,1785153467720635000,1785153467720635000,1785153467720635000,1785153467720636000,1785153467720784000,1785153467720787000,1785153467720787000,1785153467720787000,121932490,121652369,-132.121,0.000,0.000,1.000,3.000,0.000,0.000,6.000,0,0,0
B3_zmq_pushpull,zmq_tcp,none,none,,1,31261,512,584,1785153467721484000,1785153467721484000,1785153467721484000,1785153467721485000,1785153467721643000,1785153467721646000,1785153467721646000,1785153467721646000,121932490,121652369,-122.121,0.000,0.000,1.000,3.000,0.000,0.000,10.000,0,0,0
B3_zmq_pushpull,zmq_tcp,none,none,,1,31262,512,584,1785153467722474000,1785153467722474000,1785153467722474000,1785153467722475000,1785153467722634000,1785153467722636000,1785153467722636000,1785153467722636000,121932490,121652369,-121.121,0.000,0.000,1.000,2.000,0.000,0.000,1.000,0,0,0
B3_zmq_pushpull,zmq_tcp,none,none,,1,31263,512,584,1785153467723679000,1785153467723679000,1785153467723679000,1785153467723680000,1785153467723759000,1785153467723762000,1785153467723762000,1785153467723762000,121932490,121652369,-201.121,0.000,0.000,1.000,3.000,0.000,0.000,80.000,0,0,0
B3_zmq_pushpull,zmq_tcp,none,none,,1,31264,512,584,1785153467724626000,1785153467724626000,1785153467724626000,1785153467724627000,1785153467724734000,1785153467724736000,1785153467724736000,1785153467724736000,121932490,121652369,-173.121,0.000,0.000,1.000,2.000,0.000,0.000,28.000,0,0,0
B3_zmq_pushpull,zmq_tcp,none,none,,1,31265,512,584,1785153467725637000,1785153467725637000,1785153467725637000,1785153467725638000,1785153467725690000,1785153467725692000,1785153467725692000,1785153467725692000,121932490,121652369,-228.121,0.000,0.000,1.000,2.000,0.000,0.000,55.000,0,0,0
B3_zmq_pushpull,zmq_tcp,none,none,,1,31266,512,584,1785153467726637000,1785153467726637000,1785153467726637000,1785153467726638000,1785153467726810000,1785153467726812000,1785153467726812000,1785153467726812000,121932490,121652369,-108.121,0.000,0.000,1.000,2.000,0.000,0.000,120.000,0,0,0
B3_zmq_pushpull,zmq_tcp,none,none,,1,31267,512,584,1785153467727637000,1785153467727637000,1785153467727637000,1785153467727638000,1785153467727796000,1785153467727799000,1785153467727799000,1785153467727799000,121932490,121652369,-122.121,0.000,0.000,1.000,3.000,0.000,0.000,14.000,0,0,0
B3_zmq_pushpull,zmq_tcp,none,none,,1,31268,512,584,1785153467728635000,1785153467728635000,1785153467728635000,1785153467728636000,1785153467728784000,1785153467728787000,1785153467728787000,1785153467728787000,121932490,121652369,-132.121,0.000,0.000,1.000,3.000,0.000,0.000,10.000,0,0,0
B3_zmq_pushpull,zmq_tcp,none,none,,1,31269,512,584,1785153467729641000,1785153467729641000,1785153467729641000,1785153467729642000,1785153467729770000,1785153467729772000,1785153467729772000,1785153467729772000,121932490,121652369,-152.121,0.000,0.000,1.000,2.000,0.000,0.000,20.000,0,0,0
B3_zmq_pushpull,zmq_tcp,none,none,,1,31270,512,584,1785153467730638000,1785153467730638000,1785153467730638000,1785153467730639000,1785153467730754000,1785153467730756000,1785153467730756000,1785153467730756000,121932490,121652369,-165.121,0.000,0.000,1.000,2.000,0.000,0.000,13.000,0,0,0
B3_zmq_pushpull,zmq_tcp,none,none,,1,31271,512,584,1785153467731635000,1785153467731636000,1785153467731636000,1785153467731637000,1785153467731722000,1785153467731724000,1785153467731724000,1785153467731724000,121932490,121652369,-195.121,1.000,0.000,1.000,2.000,0.000,0.000,30.000,0,0,0
B3_zmq_pushpull,zmq_tcp,none,none,,1,31272,512,584,1785153467732636000,1785153467732637000,1785153467732637000,1785153467732638000,1785153467732696000,1785153467732699000,1785153467732699000,1785153467732699000,121932490,121652369,-222.121,1.000,0.000,1.000,3.000,0.000,0.000,27.000,0,0,0
B3_zmq_pushpull,zmq_tcp,none,none,,1,31273,512,584,1785153467733637000,1785153467733637000,1785153467733637000,1785153467733638000,1785153467733679000,1785153467733683000,1785153467733683000,1785153467733683000,121932490,121652369,-239.121,0.000,0.000,1.000,4.000,0.000,0.000,17.000,0,0,0
B3_zmq_pushpull,zmq_tcp,none,none,,1,31274,512,584,1785153467734637000,1785153467734637000,1785153467734637000,1785153467734638000,1785153467734814000,1785153467734816000,1785153467734816000,1785153467734816000,121932490,121652369,-104.121,0.000,0.000,1.000,2.000,0.000,0.000,135.000,0,0,0
B3_zmq_pushpull,zmq_tcp,none,none,,1,31275,512,584,1785153467735494000,1785153467735494000,1785153467735494000,1785153467735495000,1785153467735652000,1785153467735655000,1785153467735655000,1785153467735655000,121932490,121652369,-123.121,0.000,0.000,1.000,3.000,0.000,0.000,19.000,0,0,0
B3_zmq_pushpull,zmq_tcp,none,none,,1,31276,512,584,1785153467736482000,1785153467736482000,1785153467736482000,1785153467736483000,1785153467736643000,1785153467736646000,1785153467736646000,1785153467736646000,121932490,121652369,-120.121,0.000,0.000,1.000,3.000,0.000,0.000,3.000,0,0,0
B3_zmq_pushpull,zmq_tcp,none,none,,1,31277,512,584,1785153467737676000,1785153467737676000,1785153467737676000,1785153467737677000,1785153467737754000,1785153467737758000,1785153467737758000,1785153467737758000,121932490,121652369,-203.121,0.000,0.000,1.000,4.000,0.000,0.000,83.000,0,0,0
B3_zmq_pushpull,zmq_tcp,none,none,,1,31278,512,584,1785153467738627000,1785153467738627000,1785153467738627000,1785153467738628000,1785153467738723000,1785153467738726000,1785153467738726000,1785153467738726000,121932490,121652369,-185.121,0.000,0.000,1.000,3.000,0.000,0.000,18.000,0,0,0
B3_zmq_pushpull,zmq_tcp,none,none,,1,31279,512,584,1785153467739639000,1785153467739639000,1785153467739640000,1785153467739640000,1785153467739703000,1785153467739706000,1785153467739706000,1785153467739706000,121932490,121652369,-217.121,0.000,1.000,0.000,3.000,0.000,0.000,32.000,0,0,0
B3_zmq_pushpull,zmq_tcp,none,none,,1,31280,512,584,1785153467740523000,1785153467740523000,1785153467740523000,1785153467740524000,1785153467740675000,1785153467740678000,1785153467740678000,1785153467740678000,121932490,121652369,-129.121,0.000,0.000,1.000,3.000,0.000,0.000,88.000,0,0,0
B3_zmq_pushpull,zmq_tcp,none,none,,1,31281,512,584,1785153467741523000,1785153467741523000,1785153467741523000,1785153467741524000,1785153467741659000,1785153467741662000,1785153467741662000,1785153467741662000,121932490,121652369,-145.121,0.000,0.000,1.000,3.000,0.000,0.000,16.000,0,0,0
B3_zmq_pushpull,zmq_tcp,none,none,,1,31282,512,584,1785153467742662000,1785153467742662000,1785153467742662000,1785153467742663000,1785153467742756000,1785153467742759000,1785153467742759000,1785153467742759000,121932490,121652369,-187.121,0.000,0.000,1.000,3.000,0.000,0.000,42.000,0,0,0
B3_zmq_pushpull,zmq_tcp,none,none,,1,31283,512,584,1785153467743634000,1785153467743634000,1785153467743634000,1785153467743635000,1785153467743744000,1785153467743747000,1785153467743747000,1785153467743747000,121932490,121652369,-171.121,0.000,0.000,1.000,3.000,0.000,0.000,16.000,0,0,0
B3_zmq_pushpull,zmq_tcp,none,none,,1,31284,512,584,1785153467744638000,1785153467744638000,1785153467744638000,1785153467744639000,1785153467744714000,1785153467744716000,1785153467744716000,1785153467744716000,121932490,121652369,-205.121,0.000,0.000,1.000,2.000,0.000,0.000,34.000,0,0,0
B3_zmq_pushpull,zmq_tcp,none,none,,1,31285,512,584,1785153467745637000,1785153467745637000,1785153467745637000,1785153467745638000,1785153467745682000,1785153467745685000,1785153467745685000,1785153467745685000,121932490,121652369,-236.121,0.000,0.000,1.000,3.000,0.000,0.000,31.000,0,0,0
B3_zmq_pushpull,zmq_tcp,none,none,,1,31286,512,584,1785153467746637000,1785153467746637000,1785153467746637000,1785153467746638000,1785153467746792000,1785153467746795000,1785153467746795000,1785153467746795000,121932490,121652369,-126.121,0.000,0.000,1.000,3.000,0.000,0.000,110.000,0,0,0
B3_zmq_pushpull,zmq_tcp,none,none,,1,31287,512,584,1785153467747637000,1785153467747637000,1785153467747637000,1785153467747638000,1785153467747783000,1785153467747786000,1785153467747786000,1785153467747786000,121932490,121652369,-135.121,0.000,0.000,1.000,3.000,0.000,0.000,9.000,0,0,0
B3_zmq_pushpull,zmq_tcp,none,none,,1,31288,512,584,1785153467748637000,1785153467748637000,1785153467748637000,1785153467748638000,1785153467748755000,1785153467748758000,1785153467748758000,1785153467748758000,121932490,121652369,-163.121,0.000,0.000,1.000,3.000,0.000,0.000,28.000,0,0,0
B3_zmq_pushpull,zmq_tcp,none,none,,1,31289,512,584,1785153467749637000,1785153467749637000,1785153467749637000,1785153467749638000,1785153467749726000,1785153467749728000,1785153467749728000,1785153467749728000,121932490,121652369,-192.121,0.000,0.000,1.000,2.000,0.000,0.000,29.000,0,0,0
B3_zmq_pushpull,zmq_tcp,none,none,,1,31290,512,584,1785153467750637000,1785153467750637000,1785153467750637000,1785153467750638000,1785153467750703000,1785153467750706000,1785153467750706000,1785153467750706000,121932490,121652369,-215.121,0.000,0.000,1.000,3.000,0.000,0.000,23.000,0,0,0
B3_zmq_pushpull,zmq_tcp,none,none,,1,31291,512,584,1785153467751518000,1785153467751519000,1785153467751519000,1785153467751520000,1785153467751671000,1785153467751675000,1785153467751675000,1785153467751675000,121932490,121652369,-129.121,1.000,0.000,1.000,4.000,0.000,0.000,86.000,0,0,0
B3_zmq_pushpull,zmq_tcp,none,none,,1,31292,512,584,1785153467752668000,1785153467752668000,1785153467752668000,1785153467752669000,1785153467752766000,1785153467752769000,1785153467752769000,1785153467752769000,121932490,121652369,-183.121,0.000,0.000,1.000,3.000,0.000,0.000,54.000,0,0,0
B3_zmq_pushpull,zmq_tcp,none,none,,1,31293,512,584,1785153467753440000,1785153467753440000,1785153467753440000,1785153467753442000,1785153467753583000,1785153467753586000,1785153467753586000,1785153467753586000,121932490,121652369,-139.121,0.000,0.000,2.000,3.000,0.000,0.000,44.000,0,0,0
B3_zmq_pushpull,zmq_tcp,none,none,,1,31294,512,584,1785153467754686000,1785153467754686000,1785153467754686000,1785153467754687000,1785153467754822000,1785153467754824000,1785153467754824000,1785153467754824000,121932490,121652369,-145.121,0.000,0.000,1.000,2.000,0.000,0.000,6.000,0,0,0
B3_zmq_pushpull,zmq_tcp,none,none,,1,31295,512,584,1785153467755628000,1785153467755628000,1785153467755628000,1785153467755629000,1785153467755690000,1785153467755694000,1785153467755694000,1785153467755694000,121932490,121652369,-219.121,0.000,0.000,1.000,4.000,0.000,0.000,74.000,0,0,0
B3_zmq_pushpull,zmq_tcp,none,none,,1,31296,512,584,1785153467756639000,1785153467756639000,1785153467756639000,1785153467756640000,1785153467756819000,1785153467756822000,1785153467756822000,1785153467756822000,121932490,121652369,-101.121,0.000,0.000,1.000,3.000,0.000,0.000,118.000,0,0,0
B3_zmq_pushpull,zmq_tcp,none,none,,1,31297,512,584,1785153467757638000,1785153467757638000,1785153467757638000,1785153467757639000,1785153467757814000,1785153467757816000,1785153467757816000,1785153467757816000,121932490,121652369,-105.121,0.000,0.000,1.000,2.000,0.000,0.000,4.000,0,0,0
B3_zmq_pushpull,zmq_tcp,none,none,,1,31298,512,584,1785153467758637000,1785153467758637000,1785153467758637000,1785153467758638000,1785153467758764000,1785153467758768000,1785153467758768000,1785153467758768000,121932490,121652369,-154.121,0.000,0.000,1.000,4.000,0.000,0.000,49.000,0,0,0
B3_zmq_pushpull,zmq_tcp,none,none,,1,31299,512,584,1785153467759447000,1785153467759447000,1785153467759447000,1785153467759448000,1785153467759598000,1785153467759600000,1785153467759600000,1785153467759600000,121932490,121652369,-130.121,0.000,0.000,1.000,2.000,0.000,0.000,24.000,0,0,0
B3_zmq_pushpull,zmq_tcp,none,none,,1,31300,512,584,1785153467760444000,1785153467760444000,1785153467760444000,1785153467760445000,1785153467760583000,1785153467760586000,1785153467760586000,1785153467760586000,121932490,121652369,-142.121,0.000,0.000,1.000,3.000,0.000,0.000,12.000,0,0,0
B3_zmq_pushpull,zmq_tcp,none,none,,1,31301,512,584,1785153467761550000,1785153467761550000,1785153467761550000,1785153467761551000,1785153467761701000,1785153467761705000,1785153467761705000,1785153467761705000,121932490,121652369,-130.121,0.000,0.000,1.000,4.000,0.000,0.000,12.000,0,0,0
B3_zmq_pushpull,zmq_tcp,none,none,,1,31302,512,584,1785153467762659000,1785153467762659000,1785153467762660000,1785153467762660000,1785153467762824000,1785153467762826000,1785153467762826000,1785153467762826000,121932490,121652369,-116.121,0.000,1.000,0.000,2.000,0.000,0.000,14.000,0,0,0
B3_zmq_pushpull,zmq_tcp,none,none,,1,31303,512,584,1785153467763526000,1785153467763527000,1785153467763527000,1785153467763528000,1785153467763684000,1785153467763687000,1785153467763687000,1785153467763687000,121932490,121652369,-124.121,1.000,0.000,1.000,3.000,0.000,0.000,8.000,0,0,0
B3_zmq_pushpull,zmq_tcp,none,none,,1,31304,512,584,1785153467764506000,1785153467764507000,1785153467764507000,1785153467764508000,1785153467764663000,1785153467764666000,1785153467764666000,1785153467764666000,121932490,121652369,-125.121,1.000,0.000,1.000,3.000,0.000,0.000,1.000,0,0,0
B3_zmq_pushpull,zmq_tcp,none,none,,1,31305,512,584,1785153467765485000,1785153467765485000,1785153467765485000,1785153467765486000,1785153467765636000,1785153467765639000,1785153467765639000,1785153467765639000,121932490,121652369,-130.121,0.000,0.000,1.000,3.000,0.000,0.000,5.000,0,0,0
B3_zmq_pushpull,zmq_tcp,none,none,,1,31306,512,584,1785153467766461000,1785153467766462000,1785153467766462000,1785153467766463000,1785153467766604000,1785153467766607000,1785153467766607000,1785153467766607000,121932490,121652369,-139.121,1.000,0.000,1.000,3.000,0.000,0.000,9.000,0,0,0
B3_zmq_pushpull,zmq_tcp,none,none,,1,31307,512,584,1785153467767681000,1785153467767681000,1785153467767681000,1785153467767682000,1785153467767852000,1785153467767855000,1785153467767855000,1785153467767855000,121932490,121652369,-110.121,0.000,0.000,1.000,3.000,0.000,0.000,29.000,0,0,0
B3_zmq_pushpull,zmq_tcp,none,none,,1,31308,512,584,1785153467768626000,1785153467768626000,1785153467768626000,1785153467768627000,1785153467768704000,1785153467768708000,1785153467768708000,1785153467768708000,121932490,121652369,-203.121,0.000,0.000,1.000,4.000,0.000,0.000,93.000,0,0,0
B3_zmq_pushpull,zmq_tcp,none,none,,1,31309,512,584,1785153467769528000,1785153467769528000,1785153467769528000,1785153467769529000,1785153467769686000,1785153467769689000,1785153467769689000,1785153467769689000,121932490,121652369,-123.121,0.000,0.000,1.000,3.000,0.000,0.000,80.000,0,0,0
B3_zmq_pushpull,zmq_tcp,none,none,,1,31310,512,584,1785153467770665000,1785153467770665000,1785153467770665000,1785153467770666000,1785153467770811000,1785153467770814000,1785153467770814000,1785153467770814000,121932490,121652369,-135.121,0.000,0.000,1.000,3.000,0.000,0.000,12.000,0,0,0
B3_zmq_pushpull,zmq_tcp,none,none,,1,31311,512,584,1785153467771635000,1785153467771635000,1785153467771635000,1785153467771636000,1785153467771791000,1785153467771794000,1785153467771794000,1785153467771794000,121932490,121652369,-125.121,0.000,0.000,1.000,3.000,0.000,0.000,10.000,0,0,0
B3_zmq_pushpull,zmq_tcp,none,none,,1,31312,512,584,1785153467772482000,1785153467772482000,1785153467772482000,1785153467772484000,1785153467772627000,1785153467772631000,1785153467772631000,1785153467772631000,121932490,121652369,-137.121,0.000,0.000,2.000,4.000,0.000,0.000,12.000,0,0,0
B3_zmq_pushpull,zmq_tcp,none,none,,1,31313,512,584,1785153467773449000,1785153467773449000,1785153467773449000,1785153467773450000,1785153467773602000,1785153467773604000,1785153467773604000,1785153467773604000,121932490,121652369,-128.121,0.000,0.000,1.000,2.000,0.000,0.000,9.000,0,0,0
B3_zmq_pushpull,zmq_tcp,none,none,,1,31314,512,584,1785153467774440000,1785153467774440000,1785153467774440000,1785153467774441000,1785153467774581000,1785153467774584000,1785153467774584000,1785153467774584000,121932490,121652369,-140.121,0.000,0.000,1.000,3.000,0.000,0.000,12.000,0,0,0
B3_zmq_pushpull,zmq_tcp,none,none,,1,31315,512,584,1785153467775549000,1785153467775549000,1785153467775549000,1785153467775550000,1785153467775683000,1785153467775686000,1785153467775686000,1785153467775686000,121932490,121652369,-147.121,0.000,0.000,1.000,3.000,0.000,0.000,7.000,0,0,0
B3_zmq_pushpull,zmq_tcp,none,none,,1,31316,512,584,1785153467776657000,1785153467776657000,1785153467776657000,1785153467776658000,1785153467776820000,1785153467776823000,1785153467776823000,1785153467776823000,121932490,121652369,-118.121,0.000,0.000,1.000,3.000,0.000,0.000,29.000,0,0,0
B3_zmq_pushpull,zmq_tcp,none,none,,1,31317,512,584,1785153467777637000,1785153467777637000,1785153467777637000,1785153467777638000,1785153467777812000,1785153467777816000,1785153467777816000,1785153467777816000,121932490,121652369,-106.121,0.000,0.000,1.000,4.000,0.000,0.000,12.000,0,0,0
B3_zmq_pushpull,zmq_tcp,none,none,,1,31318,512,584,1785153467778490000,1785153467778491000,1785153467778491000,1785153467778492000,1785153467778642000,1785153467778645000,1785153467778645000,1785153467778645000,121932490,121652369,-130.121,1.000,0.000,1.000,3.000,0.000,0.000,24.000,0,0,0
B3_zmq_pushpull,zmq_tcp,none,none,,1,31319,512,584,1785153467779674000,1785153467779674000,1785153467779674000,1785153467779675000,1785153467779754000,1785153467779757000,1785153467779757000,1785153467779757000,121932490,121652369,-201.121,0.000,0.000,1.000,3.000,0.000,0.000,71.000,0,0,0
B3_zmq_pushpull,zmq_tcp,none,none,,1,31320,512,584,1785153467780625000,1785153467780625000,1785153467780625000,1785153467780626000,1785153467780733000,1785153467780735000,1785153467780735000,1785153467780735000,121932490,121652369,-173.121,0.000,0.000,1.000,2.000,0.000,0.000,28.000,0,0,0
B3_zmq_pushpull,zmq_tcp,none,none,,1,31321,512,584,1785153467781639000,1785153467781640000,1785153467781640000,1785153467781641000,1785153467781707000,1785153467781710000,1785153467781710000,1785153467781710000,121932490,121652369,-214.121,1.000,0.000,1.000,3.000,0.000,0.000,41.000,0,0,0
B3_zmq_pushpull,zmq_tcp,none,none,,1,31322,512,584,1785153467782638000,1785153467782638000,1785153467782638000,1785153467782639000,1785153467782688000,1785153467782691000,1785153467782691000,1785153467782691000,121932490,121652369,-231.121,0.000,0.000,1.000,3.000,0.000,0.000,17.000,0,0,0
B3_zmq_pushpull,zmq_tcp,none,none,,1,31323,512,584,1785153467783637000,1785153467783637000,1785153467783637000,1785153467783638000,1785153467783826000,1785153467783829000,1785153467783829000,1785153467783829000,121932490,121652369,-92.121,0.000,0.000,1.000,3.000,0.000,0.000,139.000,0,0,0
B3_zmq_pushpull,zmq_tcp,none,none,,1,31324,512,584,1785153467784525000,1785153467784526000,1785153467784526000,1785153467784527000,1785153467784683000,1785153467784686000,1785153467784686000,1785153467784686000,121932490,121652369,-124.121,1.000,0.000,1.000,3.000,0.000,0.000,32.000,0,0,0
B3_zmq_pushpull,zmq_tcp,none,none,,1,31325,512,584,1785153467785665000,1785153467785665000,1785153467785665000,1785153467785666000,1785153467785809000,1785153467785811000,1785153467785811000,1785153467785811000,121932490,121652369,-137.121,0.000,0.000,1.000,2.000,0.000,0.000,13.000,0,0,0
B3_zmq_pushpull,zmq_tcp,none,none,,1,31326,512,584,1785153467786630000,1785153467786630000,1785153467786630000,1785153467786631000,1785153467786674000,1785153467786677000,1785153467786677000,1785153467786677000,121932490,121652369,-237.121,0.000,0.000,1.000,3.000,0.000,0.000,100.000,0,0,0
B3_zmq_pushpull,zmq_tcp,none,none,,1,31327,512,584,1785153467787638000,1785153467787638000,1785153467787638000,1785153467787639000,1785153467787803000,1785153467787806000,1785153467787806000,1785153467787806000,121932490,121652369,-116.121,0.000,0.000,1.000,3.000,0.000,0.000,121.000,0,0,0
B3_zmq_pushpull,zmq_tcp,none,none,,1,31328,512,584,1785153467788481000,1785153467788481000,1785153467788481000,1785153467788482000,1785153467788633000,1785153467788635000,1785153467788635000,1785153467788635000,121932490,121652369,-129.121,0.000,0.000,1.000,2.000,0.000,0.000,13.000,0,0,0
B3_zmq_pushpull,zmq_tcp,none,none,,1,31329,512,584,1785153467789466000,1785153467789466000,1785153467789466000,1785153467789467000,1785153467789616000,1785153467789619000,1785153467789619000,1785153467789619000,121932490,121652369,-131.121,0.000,0.000,1.000,3.000,0.000,0.000,2.000,0,0,0
B3_zmq_pushpull,zmq_tcp,none,none,,1,31330,512,584,1785153467790682000,1785153467790682000,1785153467790682000,1785153467790683000,1785153467790867000,1785153467790870000,1785153467790870000,1785153467790870000,121932490,121652369,-96.121,0.000,0.000,1.000,3.000,0.000,0.000,35.000,0,0,0
B3_zmq_pushpull,zmq_tcp,none,none,,1,31331,512,584,1785153467791556000,1785153467791556000,1785153467791556000,1785153467791557000,1785153467791713000,1785153467791715000,1785153467791715000,1785153467791715000,121932490,121652369,-124.121,0.000,0.000,1.000,2.000,0.000,0.000,28.000,0,0,0
B3_zmq_pushpull,zmq_tcp,none,none,,1,31332,512,584,1785153467792539000,1785153467792539000,1785153467792539000,1785153467792540000,1785153467792691000,1785153467792694000,1785153467792694000,1785153467792694000,121932490,121652369,-129.121,0.000,0.000,1.000,3.000,0.000,0.000,5.000,0,0,0
B3_zmq_pushpull,zmq_tcp,none,none,,1,31333,512,584,1785153467793516000,1785153467793516000,1785153467793516000,1785153467793517000,1785153467793659000,1785153467793662000,1785153467793662000,1785153467793662000,121932490,121652369,-138.121,0.000,0.000,1.000,3.000,0.000,0.000,9.000,0,0,0
B3_zmq_pushpull,zmq_tcp,none,none,,1,31334,512,584,1785153467794494000,1785153467794494000,1785153467794494000,1785153467794495000,1785153467794645000,1785153467794647000,1785153467794647000,1785153467794647000,121932490,121652369,-130.121,0.000,0.000,1.000,2.000,0.000,0.000,8.000,0,0,0
B3_zmq_pushpull,zmq_tcp,none,none,,1,31335,512,584,1785153467795461000,1785153467795461000,1785153467795461000,1785153467795462000,1785153467795613000,1785153467795615000,1785153467795615000,1785153467795615000,121932490,121652369,-129.121,0.000,0.000,1.000,2.000,0.000,0.000,1.000,0,0,0
B3_zmq_pushpull,zmq_tcp,none,none,,1,31336,512,584,1785153467796448000,1785153467796448000,1785153467796448000,1785153467796449000,1785153467796601000,1785153467796603000,1785153467796603000,1785153467796603000,121932490,121652369,-128.121,0.000,0.000,1.000,2.000,0.000,0.000,1.000,0,0,0
B3_zmq_pushpull,zmq_tcp,none,none,,1,31337,512,584,1785153467797685000,1785153467797685000,1785153467797685000,1785153467797686000,1785153467797875000,1785153467797878000,1785153467797878000,1785153467797878000,121932490,121652369,-91.121,0.000,0.000,1.000,3.000,0.000,0.000,37.000,0,0,0
B3_zmq_pushpull,zmq_tcp,none,none,,1,31338,512,584,1785153467798453000,1785153467798453000,1785153467798453000,1785153467798454000,1785153467798598000,1785153467798601000,1785153467798601000,1785153467798601000,121932490,121652369,-136.121,0.000,0.000,1.000,3.000,0.000,0.000,45.000,0,0,0
B3_zmq_pushpull,zmq_tcp,none,none,,1,31339,512,584,1785153467799446000,1785153467799447000,1785153467799447000,1785153467799448000,1785153467799591000,1785153467799594000,1785153467799594000,1785153467799594000,121932490,121652369,-137.121,1.000,0.000,1.000,3.000,0.000,0.000,1.000,0,0,0
B3_zmq_pushpull,zmq_tcp,none,none,,1,31340,512,584,1785153467800552000,1785153467800552000,1785153467800552000,1785153467800553000,1785153467800707000,1785153467800710000,1785153467800710000,1785153467800710000,121932490,121652369,-126.121,0.000,0.000,1.000,3.000,0.000,0.000,11.000,0,0,0
B3_zmq_pushpull,zmq_tcp,none,none,,1,31341,512,584,1785153467801658000,1785153467801659000,1785153467801659000,1785153467801660000,1785153467801798000,1785153467801801000,1785153467801801000,1785153467801801000,121932490,121652369,-142.121,1.000,0.000,1.000,3.000,0.000,0.000,16.000,0,0,0
B3_zmq_pushpull,zmq_tcp,none,none,,1,31342,512,584,1785153467802629000,1785153467802629000,1785153467802629000,1785153467802630000,1785153467802775000,1785153467802778000,1785153467802778000,1785153467802778000,121932490,121652369,-135.121,0.000,0.000,1.000,3.000,0.000,0.000,7.000,0,0,0
B3_zmq_pushpull,zmq_tcp,none,none,,1,31343,512,584,1785153467803467000,1785153467803467000,1785153467803467000,1785153467803468000,1785153467803606000,1785153467803608000,1785153467803608000,1785153467803608000,121932490,121652369,-142.121,0.000,0.000,1.000,2.000,0.000,0.000,7.000,0,0,0
B3_zmq_pushpull,zmq_tcp,none,none,,1,31344,512,584,1785153467804682000,1785153467804682000,1785153467804682000,1785153467804683000,1785153467804861000,1785153467804863000,1785153467804863000,1785153467804863000,121932490,121652369,-102.121,0.000,0.000,1.000,2.000,0.000,0.000,40.000,0,0,0
B3_zmq_pushpull,zmq_tcp,none,none,,1,31345,512,584,1785153467805624000,1785153467805624000,1785153467805624000,1785153467805625000,1785153467805691000,1785153467805695000,1785153467805695000,1785153467805695000,121932490,121652369,-214.121,0.000,0.000,1.000,4.000,0.000,0.000,112.000,0,0,0
B3_zmq_pushpull,zmq_tcp,none,none,,1,31346,512,584,1785153467806523000,1785153467806523000,1785153467806523000,1785153467806524000,1785153467806682000,1785153467806685000,1785153467806685000,1785153467806685000,121932490,121652369,-122.121,0.000,0.000,1.000,3.000,0.000,0.000,92.000,0,0,0
B3_zmq_pushpull,zmq_tcp,none,none,,1,31347,512,584,1785153467807521000,1785153467807521000,1785153467807522000,1785153467807522000,1785153467807674000,1785153467807677000,1785153467807677000,1785153467807677000,121932490,121652369,-128.121,0.000,1.000,0.000,3.000,0.000,0.000,6.000,0,0,0
B3_zmq_pushpull,zmq_tcp,none,none,,1,31348,512,584,1785153467808513000,1785153467808513000,1785153467808513000,1785153467808514000,1785153467808667000,1785153467808670000,1785153467808670000,1785153467808670000,121932490,121652369,-127.121,0.000,0.000,1.000,3.000,0.000,0.000,1.000,0,0,0
B3_zmq_pushpull,zmq_tcp,none,none,,1,31349,512,584,1785153467809492000,1785153467809492000,1785153467809492000,1785153467809493000,1785153467809643000,1785153467809646000,1785153467809646000,1785153467809646000,121932490,121652369,-130.121,0.000,0.000,1.000,3.000,0.000,0.000,3.000,0,0,0
B3_zmq_pushpull,zmq_tcp,none,none,,1,31350,512,584,1785153467810469000,1785153467810469000,1785153467810469000,1785153467810470000,1785153467810625000,1785153467810628000,1785153467810628000,1785153467810628000,121932490,121652369,-125.121,0.000,0.000,1.000,3.000,0.000,0.000,5.000,0,0,0
B3_zmq_pushpull,zmq_tcp,none,none,,1,31351,512,584,1785153467811479000,1785153467811479000,1785153467811479000,1785153467811480000,1785153467811634000,1785153467811637000,1785153467811637000,1785153467811637000,121932490,121652369,-126.121,0.000,0.000,1.000,3.000,0.000,0.000,1.000,0,0,0
B3_zmq_pushpull,zmq_tcp,none,none,,1,31352,512,584,1785153467812473000,1785153467812473000,1785153467812473000,1785153467812474000,1785153467812627000,1785153467812631000,1785153467812631000,1785153467812631000,121932490,121652369,-127.121,0.000,0.000,1.000,4.000,0.000,0.000,1.000,0,0,0
B3_zmq_pushpull,zmq_tcp,none,none,,1,31353,512,584,1785153467813677000,1785153467813677000,1785153467813677000,1785153467813678000,1785153467813747000,1785153467813750000,1785153467813750000,1785153467813750000,121932490,121652369,-211.121,0.000,0.000,1.000,3.000,0.000,0.000,84.000,0,0,0
B3_zmq_pushpull,zmq_tcp,none,none,,1,31354,512,584,1785153467814460000,1785153467814460000,1785153467814460000,1785153467814461000,1785153467814615000,1785153467814618000,1785153467814618000,1785153467814618000,121932490,121652369,-126.121,0.000,0.000,1.000,3.000,0.000,0.000,85.000,0,0,0
B3_zmq_pushpull,zmq_tcp,none,none,,1,31355,512,584,1785153467815454000,1785153467815454000,1785153467815454000,1785153467815455000,1785153467815611000,1785153467815614000,1785153467815614000,1785153467815614000,121932490,121652369,-124.121,0.000,0.000,1.000,3.000,0.000,0.000,2.000,0,0,0
B3_zmq_pushpull,zmq_tcp,none,none,,1,31356,512,584,1785153467816685000,1785153467816685000,1785153467816685000,1785153467816686000,1785153467816877000,1785153467816879000,1785153467816879000,1785153467816879000,121932490,121652369,-89.121,0.000,0.000,1.000,2.000,0.000,0.000,35.000,0,0,0
B3_zmq_pushpull,zmq_tcp,none,none,,1,31357,512,584,1785153467817622000,1785153467817623000,1785153467817623000,1785153467817624000,1785153467817727000,1785153467817730000,1785153467817730000,1785153467817730000,121932490,121652369,-177.121,1.000,0.000,1.000,3.000,0.000,0.000,88.000,0,0,0
B3_zmq_pushpull,zmq_tcp,none,none,,1,31358,512,584,1785153467818642000,1785153467818642000,1785153467818642000,1785153467818643000,1785153467818711000,1785153467818714000,1785153467818714000,1785153467818714000,121932490,121652369,-212.121,0.000,0.000,1.000,3.000,0.000,0.000,35.000,0,0,0
B3_zmq_pushpull,zmq_tcp,none,none,,1,31359,512,584,1785153467819639000,1785153467819639000,1785153467819639000,1785153467819640000,1785153467819819000,1785153467819822000,1785153467819822000,1785153467819822000,121932490,121652369,-101.121,0.000,0.000,1.000,3.000,0.000,0.000,111.000,0,0,0
B3_zmq_pushpull,zmq_tcp,none,none,,1,31360,512,584,1785153467820642000,1785153467820642000,1785153467820642000,1785153467820643000,1785153467820819000,1785153467820822000,1785153467820822000,1785153467820822000,121932490,121652369,-104.121,0.000,0.000,1.000,3.000,0.000,0.000,3.000,0,0,0
B3_zmq_pushpull,zmq_tcp,none,none,,1,31361,512,584,1785153467821503000,1785153467821504000,1785153467821504000,1785153467821505000,1785153467821647000,1785153467821649000,1785153467821649000,1785153467821649000,121932490,121652369,-138.121,1.000,0.000,1.000,2.000,0.000,0.000,34.000,0,0,0
B3_zmq_pushpull,zmq_tcp,none,none,,1,31362,512,584,1785153467822485000,1785153467822485000,1785153467822485000,1785153467822486000,1785153467822639000,1785153467822642000,1785153467822642000,1785153467822642000,121932490,121652369,-127.121,0.000,0.000,1.000,3.000,0.000,0.000,11.000,0,0,0
B3_zmq_pushpull,zmq_tcp,none,none,,1,31363,512,584,1785153467823676000,1785153467823676000,1785153467823676000,1785153467823677000,1785153467823757000,1785153467823759000,1785153467823759000,1785153467823759000,121932490,121652369,-200.121,0.000,0.000,1.000,2.000,0.000,0.000,73.000,0,0,0
B3_zmq_pushpull,zmq_tcp,none,none,,1,31364,512,584,1785153467824626000,1785153467824626000,1785153467824626000,1785153467824627000,1785153467824719000,1785153467824722000,1785153467824722000,1785153467824722000,121932490,121652369,-188.121,0.000,0.000,1.000,3.000,0.000,0.000,12.000,0,0,0
B3_zmq_pushpull,zmq_tcp,none,none,,1,31365,512,584,1785153467825640000,1785153467825640000,1785153467825640000,1785153467825641000,1785153467825809000,1785153467825812000,1785153467825812000,1785153467825812000,121932490,121652369,-112.121,0.000,0.000,1.000,3.000,0.000,0.000,76.000,0,0,0
B3_zmq_pushpull,zmq_tcp,none,none,,1,31366,512,584,1785153467826638000,1785153467826639000,1785153467826639000,1785153467826640000,1785153467826794000,1785153467826797000,1785153467826797000,1785153467826797000,121932490,121652369,-126.121,1.000,0.000,1.000,3.000,0.000,0.000,14.000,0,0,0
B3_zmq_pushpull,zmq_tcp,none,none,,1,31367,512,584,1785153467827637000,1785153467827637000,1785153467827637000,1785153467827638000,1785153467827758000,1785153467827761000,1785153467827761000,1785153467827761000,121932490,121652369,-160.121,0.000,0.000,1.000,3.000,0.000,0.000,34.000,0,0,0
B3_zmq_pushpull,zmq_tcp,none,none,,1,31368,512,584,1785153467828634000,1785153467828635000,1785153467828635000,1785153467828636000,1785153467828729000,1785153467828731000,1785153467828731000,1785153467828731000,121932490,121652369,-187.121,1.000,0.000,1.000,2.000,0.000,0.000,27.000,0,0,0
B3_zmq_pushpull,zmq_tcp,none,none,,1,31369,512,584,1785153467829639000,1785153467829639000,1785153467829640000,1785153467829640000,1785153467829720000,1785153467829723000,1785153467829723000,1785153467829723000,121932490,121652369,-200.121,0.000,1.000,0.000,3.000,0.000,0.000,13.000,0,0,0
B3_zmq_pushpull,zmq_tcp,none,none,,1,31370,512,584,1785153467830637000,1785153467830637000,1785153467830637000,1785153467830638000,1785153467830704000,1785153467830708000,1785153467830708000,1785153467830708000,121932490,121652369,-214.121,0.000,0.000,1.000,4.000,0.000,0.000,14.000,0,0,0
B3_zmq_pushpull,zmq_tcp,none,none,,1,31371,512,584,1785153467831637000,1785153467831637000,1785153467831637000,1785153467831638000,1785153467831817000,1785153467831820000,1785153467831820000,1785153467831820000,121932490,121652369,-101.121,0.000,0.000,1.000,3.000,0.000,0.000,113.000,0,0,0
B3_zmq_pushpull,zmq_tcp,none,none,,1,31372,512,584,1785153467832635000,1785153467832635000,1785153467832635000,1785153467832636000,1785153467832797000,1785153467832800000,1785153467832800000,1785153467832800000,121932490,121652369,-119.121,0.000,0.000,1.000,3.000,0.000,0.000,18.000,0,0,0
B3_zmq_pushpull,zmq_tcp,none,none,,1,31373,512,584,1785153467833499000,1785153467833499000,1785153467833499000,1785153467833500000,1785153467833655000,1785153467833658000,1785153467833658000,1785153467833658000,121932490,121652369,-125.121,0.000,0.000,1.000,3.000,0.000,0.000,6.000,0,0,0
B3_zmq_pushpull,zmq_tcp,none,none,,1,31374,512,584,1785153467834499000,1785153467834499000,1785153467834499000,1785153467834500000,1785153467834654000,1785153467834657000,1785153467834657000,1785153467834658000,121932490,121652369,-126.121,0.000,0.000,1.000,3.000,0.000,1.000,1.000,0,0,0
B3_zmq_pushpull,zmq_tcp,none,none,,1,31375,512,584,1785153467835672000,1785153467835672000,1785153467835672000,1785153467835673000,1785153467835755000,1785153467835757000,1785153467835758000,1785153467835758000,121932490,121652369,-198.121,0.000,0.000,1.000,2.000,1.000,0.000,72.000,0,0,0
B3_zmq_pushpull,zmq_tcp,none,none,,1,31376,512,584,1785153467836626000,1785153467836627000,1785153467836627000,1785153467836628000,1785153467836749000,1785153467836752000,1785153467836752000,1785153467836752000,121932490,121652369,-159.121,1.000,0.000,1.000,3.000,0.000,0.000,39.000,0,0,0
B3_zmq_pushpull,zmq_tcp,none,none,,1,31377,512,584,1785153467837641000,1785153467837641000,1785153467837641000,1785153467837642000,1785153467837725000,1785153467837728000,1785153467837728000,1785153467837728000,121932490,121652369,-197.121,0.000,0.000,1.000,3.000,0.000,0.000,38.000,0,0,0
B3_zmq_pushpull,zmq_tcp,none,none,,1,31378,512,584,1785153467838637000,1785153467838637000,1785153467838637000,1785153467838638000,1785153467838700000,1785153467838702000,1785153467838702000,1785153467838702000,121932490,121652369,-218.121,0.000,0.000,1.000,2.000,0.000,0.000,21.000,0,0,0
B3_zmq_pushpull,zmq_tcp,none,none,,1,31379,512,584,1785153467839637000,1785153467839637000,1785153467839637000,1785153467839638000,1785153467839824000,1785153467839827000,1785153467839827000,1785153467839827000,121932490,121652369,-94.121,0.000,0.000,1.000,3.000,0.000,0.000,124.000,0,0,0
B3_zmq_pushpull,zmq_tcp,none,none,,1,31380,512,584,1785153467840634000,1785153467840635000,1785153467840635000,1785153467840636000,1785153467840799000,1785153467840802000,1785153467840802000,1785153467840802000,121932490,121652369,-117.121,1.000,0.000,1.000,3.000,0.000,0.000,23.000,0,0,0
B3_zmq_pushpull,zmq_tcp,none,none,,1,31381,512,584,1785153467841640000,1785153467841640000,1785153467841640000,1785153467841641000,1785153467841784000,1785153467841786000,1785153467841786000,1785153467841786000,121932490,121652369,-137.121,0.000,0.000,1.000,2.000,0.000,0.000,20.000,0,0,0
B3_zmq_pushpull,zmq_tcp,none,none,,1,31382,512,584,1785153467842637000,1785153467842637000,1785153467842637000,1785153467842638000,1785153467842750000,1785153467842753000,1785153467842753000,1785153467842753000,121932490,121652369,-168.121,0.000,0.000,1.000,3.000,0.000,0.000,31.000,0,0,0
B3_zmq_pushpull,zmq_tcp,none,none,,1,31383,512,584,1785153467843638000,1785153467843638000,1785153467843638000,1785153467843639000,1785153467843707000,1785153467843710000,1785153467843710000,1785153467843710000,121932490,121652369,-212.121,0.000,0.000,1.000,3.000,0.000,0.000,44.000,0,0,0
B3_zmq_pushpull,zmq_tcp,none,none,,1,31384,512,584,1785153467844635000,1785153467844635000,1785153467844635000,1785153467844636000,1785153467844700000,1785153467844702000,1785153467844702000,1785153467844702000,121932490,121652369,-216.121,0.000,0.000,1.000,2.000,0.000,0.000,4.000,0,0,0
B3_zmq_pushpull,zmq_tcp,none,none,,1,31385,512,584,1785153467845640000,1785153467845640000,1785153467845640000,1785153467845641000,1785153467845819000,1785153467845821000,1785153467845822000,1785153467845822000,121932490,121652369,-102.121,0.000,0.000,1.000,2.000,1.000,0.000,114.000,0,0,0
B3_zmq_pushpull,zmq_tcp,none,none,,1,31386,512,584,1785153467846637000,1785153467846637000,1785153467846638000,1785153467846638000,1785153467846813000,1785153467846815000,1785153467846816000,1785153467846816000,121932490,121652369,-105.121,0.000,1.000,0.000,2.000,1.000,0.000,3.000,0,0,0
B3_zmq_pushpull,zmq_tcp,none,none,,1,31387,512,584,1785153467847643000,1785153467847643000,1785153467847643000,1785153467847644000,1785153467847802000,1785153467847805000,1785153467847805000,1785153467847805000,121932490,121652369,-122.121,0.000,0.000,1.000,3.000,0.000,0.000,17.000,0,0,0
B3_zmq_pushpull,zmq_tcp,none,none,,1,31388,512,584,1785153467848634000,1785153467848634000,1785153467848634000,1785153467848635000,1785153467848778000,1785153467848781000,1785153467848781000,1785153467848781000,121932490,121652369,-137.121,0.000,0.000,1.000,3.000,0.000,0.000,15.000,0,0,0
B3_zmq_pushpull,zmq_tcp,none,none,,1,31389,512,584,1785153467849639000,1785153467849639000,1785153467849639000,1785153467849640000,1785153467849769000,1785153467849771000,1785153467849771000,1785153467849771000,121932490,121652369,-151.121,0.000,0.000,1.000,2.000,0.000,0.000,14.000,0,0,0
B3_zmq_pushpull,zmq_tcp,none,none,,1,31390,512,584,1785153467850637000,1785153467850637000,1785153467850637000,1785153467850638000,1785153467850744000,1785153467850746000,1785153467850746000,1785153467850746000,121932490,121652369,-174.121,0.000,0.000,1.000,2.000,0.000,0.000,23.000,0,0,0
B3_zmq_pushpull,zmq_tcp,none,none,,1,31391,512,584,1785153467851638000,1785153467851638000,1785153467851638000,1785153467851639000,1785153467851725000,1785153467851727000,1785153467851728000,1785153467851728000,121932490,121652369,-194.121,0.000,0.000,1.000,2.000,1.000,0.000,20.000,0,0,0
B3_zmq_pushpull,zmq_tcp,none,none,,1,31392,512,584,1785153467852635000,1785153467852635000,1785153467852635000,1785153467852636000,1785153467852710000,1785153467852714000,1785153467852714000,1785153467852714000,121932490,121652369,-206.121,0.000,0.000,1.000,4.000,0.000,0.000,12.000,0,0,0
B3_zmq_pushpull,zmq_tcp,none,none,,1,31393,512,584,1785153467853641000,1785153467853641000,1785153467853641000,1785153467853642000,1785153467853828000,1785153467853832000,1785153467853832000,1785153467853832000,121932490,121652369,-94.121,0.000,0.000,1.000,4.000,0.000,0.000,112.000,0,0,0
B3_zmq_pushpull,zmq_tcp,none,none,,1,31394,512,584,1785153467854530000,1785153467854530000,1785153467854530000,1785153467854531000,1785153467854690000,1785153467854693000,1785153467854693000,1785153467854693000,121932490,121652369,-121.121,0.000,0.000,1.000,3.000,0.000,0.000,27.000,0,0,0
B3_zmq_pushpull,zmq_tcp,none,none,,1,31395,512,584,1785153467855664000,1785153467855664000,1785153467855664000,1785153467855665000,1785153467855809000,1785153467855812000,1785153467855812000,1785153467855812000,121932490,121652369,-136.121,0.000,0.000,1.000,3.000,0.000,0.000,15.000,0,0,0
B3_zmq_pushpull,zmq_tcp,none,none,,1,31396,512,584,1785153467856628000,1785153467856628000,1785153467856628000,1785153467856629000,1785153467856780000,1785153467856782000,1785153467856782000,1785153467856782000,121932490,121652369,-129.121,0.000,0.000,1.000,2.000,0.000,0.000,7.000,0,0,0
B3_zmq_pushpull,zmq_tcp,none,none,,1,31397,512,584,1785153467857640000,1785153467857640000,1785153467857640000,1785153467857641000,1785153467857738000,1785153467857741000,1785153467857741000,1785153467857741000,121932490,121652369,-183.121,0.000,0.000,1.000,3.000,0.000,0.000,54.000,0,0,0
B3_zmq_pushpull,zmq_tcp,none,none,,1,31398,512,584,1785153467858638000,1785153467858638000,1785153467858638000,1785153467858639000,1785153467858691000,1785153467858694000,1785153467858694000,1785153467858694000,121932490,121652369,-228.121,0.000,0.000,1.000,3.000,0.000,0.000,45.000,0,0,0
B3_zmq_pushpull,zmq_tcp,none,none,,1,31399,512,584,1785153467859638000,1785153467859638000,1785153467859638000,1785153467859639000,1785153467859799000,1785153467859801000,1785153467859801000,1785153467859801000,121932490,121652369,-120.121,0.000,0.000,1.000,2.000,0.000,0.000,108.000,0,0,0
B3_zmq_pushpull,zmq_tcp,none,none,,1,31400,512,584,1785153467860637000,1785153467860638000,1785153467860638000,1785153467860639000,1785153467860798000,1785153467860801000,1785153467860801000,1785153467860801000,121932490,121652369,-121.121,1.000,0.000,1.000,3.000,0.000,0.000,1.000,0,0,0
B3_zmq_pushpull,zmq_tcp,none,none,,1,31401,512,584,1785153467861638000,1785153467861638000,1785153467861638000,1785153467861639000,1785153467861793000,1785153467861796000,1785153467861796000,1785153467861796000,121932490,121652369,-126.121,0.000,0.000,1.000,3.000,0.000,0.000,5.000,0,0,0
B3_zmq_pushpull,zmq_tcp,none,none,,1,31402,512,584,1785153467862638000,1785153467862639000,1785153467862639000,1785153467862640000,1785153467862767000,1785153467862771000,1785153467862771000,1785153467862771000,121932490,121652369,-153.121,1.000,0.000,1.000,4.000,0.000,0.000,27.000,0,0,0
B3_zmq_pushpull,zmq_tcp,none,none,,1,31403,512,584,1785153467863637000,1785153467863637000,1785153467863638000,1785153467863638000,1785153467863757000,1785153467863760000,1785153467863760000,1785153467863760000,121932490,121652369,-161.121,0.000,1.000,0.000,3.000,0.000,0.000,8.000,0,0,0
B3_zmq_pushpull,zmq_tcp,none,none,,1,31404,512,584,1785153467864637000,1785153467864637000,1785153467864637000,1785153467864638000,1785153467864714000,1785153467864717000,1785153467864717000,1785153467864717000,121932490,121652369,-204.121,0.000,0.000,1.000,3.000,0.000,0.000,43.000,0,0,0
B3_zmq_pushpull,zmq_tcp,none,none,,1,31405,512,584,1785153467865644000,1785153467865644000,1785153467865644000,1785153467865645000,1785153467865821000,1785153467865824000,1785153467865824000,1785153467865824000,121932490,121652369,-104.121,0.000,0.000,1.000,3.000,0.000,0.000,100.000,0,0,0
B3_zmq_pushpull,zmq_tcp,none,none,,1,31406,512,584,1785153467866633000,1785153467866634000,1785153467866634000,1785153467866635000,1785153467866816000,1785153467866819000,1785153467866819000,1785153467866819000,121932490,121652369,-99.121,1.000,0.000,1.000,3.000,0.000,0.000,5.000,0,0,0
B3_zmq_pushpull,zmq_tcp,none,none,,1,31407,512,584,1785153467867641000,1785153467867641000,1785153467867641000,1785153467867642000,1785153467867813000,1785153467867816000,1785153467867816000,1785153467867816000,121932490,121652369,-109.121,0.000,0.000,1.000,3.000,0.000,0.000,10.000,0,0,0
B3_zmq_pushpull,zmq_tcp,none,none,,1,31408,512,584,1785153467868636000,1785153467868636000,1785153467868636000,1785153467868637000,1785153467868774000,1785153467868777000,1785153467868777000,1785153467868777000,121932490,121652369,-143.121,0.000,0.000,1.000,3.000,0.000,0.000,34.000,0,0,0
B3_zmq_pushpull,zmq_tcp,none,none,,1,31409,512,584,1785153467869640000,1785153467869640000,1785153467869640000,1785153467869641000,1785153467869767000,1785153467869770000,1785153467869770000,1785153467869770000,121932490,121652369,-154.121,0.000,0.000,1.000,3.000,0.000,0.000,11.000,0,0,0
B3_zmq_pushpull,zmq_tcp,none,none,,1,31410,512,584,1785153467870635000,1785153467870635000,1785153467870635000,1785153467870636000,1785153467870744000,1785153467870746000,1785153467870746000,1785153467870746000,121932490,121652369,-172.121,0.000,0.000,1.000,2.000,0.000,0.000,18.000,0,0,0
B3_zmq_pushpull,zmq_tcp,none,none,,1,31411,512,584,1785153467871639000,1785153467871639000,1785153467871639000,1785153467871640000,1785153467871722000,1785153467871725000,1785153467871725000,1785153467871725000,121932490,121652369,-198.121,0.000,0.000,1.000,3.000,0.000,0.000,26.000,0,0,0
B3_zmq_pushpull,zmq_tcp,none,none,,1,31412,512,584,1785153467872638000,1785153467872638000,1785153467872638000,1785153467872639000,1785153467872691000,1785153467872695000,1785153467872695000,1785153467872695000,121932490,121652369,-228.121,0.000,0.000,1.000,4.000,0.000,0.000,30.000,0,0,0
B3_zmq_pushpull,zmq_tcp,none,none,,1,31413,512,584,1785153467873640000,1785153467873640000,1785153467873640000,1785153467873641000,1785153467873828000,1785153467873830000,1785153467873830000,1785153467873830000,121932490,121652369,-93.121,0.000,0.000,1.000,2.000,0.000,0.000,135.000,0,0,0
B3_zmq_pushpull,zmq_tcp,none,none,,1,31414,512,584,1785153467874637000,1785153467874637000,1785153467874637000,1785153467874638000,1785153467874808000,1785153467874811000,1785153467874811000,1785153467874811000,121932490,121652369,-110.121,0.000,0.000,1.000,3.000,0.000,0.000,17.000,0,0,0
B3_zmq_pushpull,zmq_tcp,none,none,,1,31415,512,584,1785153467875525000,1785153467875525000,1785153467875525000,1785153467875526000,1785153467875682000,1785153467875685000,1785153467875685000,1785153467875685000,121932490,121652369,-124.121,0.000,0.000,1.000,3.000,0.000,0.000,14.000,0,0,0
B3_zmq_pushpull,zmq_tcp,none,none,,1,31416,512,584,1785153467876667000,1785153467876667000,1785153467876667000,1785153467876668000,1785153467876809000,1785153467876812000,1785153467876812000,1785153467876812000,121932490,121652369,-139.121,0.000,0.000,1.000,3.000,0.000,0.000,15.000,0,0,0
B3_zmq_pushpull,zmq_tcp,none,none,,1,31417,512,584,1785153467877628000,1785153467877628000,1785153467877628000,1785153467877629000,1785153467877792000,1785153467877794000,1785153467877795000,1785153467877795000,121932490,121652369,-117.121,0.000,0.000,1.000,2.000,1.000,0.000,22.000,0,0,0
B3_zmq_pushpull,zmq_tcp,none,none,,1,31418,512,584,1785153467878640000,1785153467878640000,1785153467878640000,1785153467878641000,1785153467878778000,1785153467878781000,1785153467878781000,1785153467878781000,121932490,121652369,-143.121,0.000,0.000,1.000,3.000,0.000,0.000,26.000,0,0,0
B3_zmq_pushpull,zmq_tcp,none,none,,1,31419,512,584,1785153467879637000,1785153467879637000,1785153467879637000,1785153467879638000,1785153467879766000,1785153467879769000,1785153467879769000,1785153467879769000,121932490,121652369,-152.121,0.000,0.000,1.000,3.000,0.000,0.000,9.000,0,0,0
B3_zmq_pushpull,zmq_tcp,none,none,,1,31420,512,584,1785153467880640000,1785153467880640000,1785153467880640000,1785153467880641000,1785153467880761000,1785153467880764000,1785153467880764000,1785153467880764000,121932490,121652369,-160.121,0.000,0.000,1.000,3.000,0.000,0.000,8.000,0,0,0
B3_zmq_pushpull,zmq_tcp,none,none,,1,31421,512,584,1785153467881639000,1785153467881639000,1785153467881639000,1785153467881640000,1785153467881757000,1785153467881760000,1785153467881760000,1785153467881760000,121932490,121652369,-163.121,0.000,0.000,1.000,3.000,0.000,0.000,3.000,0,0,0
B3_zmq_pushpull,zmq_tcp,none,none,,1,31422,512,584,1785153467882637000,1785153467882637000,1785153467882637000,1785153467882638000,1785153467882716000,1785153467882718000,1785153467882718000,1785153467882718000,121932490,121652369,-202.121,0.000,0.000,1.000,2.000,0.000,0.000,39.000,0,0,0
B3_zmq_pushpull,zmq_tcp,none,none,,1,31423,512,584,1785153467883637000,1785153467883637000,1785153467883638000,1785153467883638000,1785153467883686000,1785153467883690000,1785153467883690000,1785153467883690000,121932490,121652369,-232.121,0.000,1.000,0.000,4.000,0.000,0.000,30.000,0,0,0
B3_zmq_pushpull,zmq_tcp,none,none,,1,31424,512,584,1785153467884511000,1785153467884511000,1785153467884511000,1785153467884512000,1785153467884664000,1785153467884667000,1785153467884667000,1785153467884667000,121932490,121652369,-128.121,0.000,0.000,1.000,3.000,0.000,0.000,104.000,0,0,0
B3_zmq_pushpull,zmq_tcp,none,none,,1,31425,512,584,1785153467885667000,1785153467885667000,1785153467885667000,1785153467885668000,1785153467885777000,1785153467885780000,1785153467885780000,1785153467885780000,121932490,121652369,-171.121,0.000,0.000,1.000,3.000,0.000,0.000,43.000,0,0,0
B3_zmq_pushpull,zmq_tcp,none,none,,1,31426,512,584,1785153467886631000,1785153467886631000,1785153467886631000,1785153467886632000,1785153467886781000,1785153467886784000,1785153467886784000,1785153467886784000,121932490,121652369,-131.121,0.000,0.000,1.000,3.000,0.000,0.000,40.000,0,0,0
B3_zmq_pushpull,zmq_tcp,none,none,,1,31427,512,584,1785153467887640000,1785153467887641000,1785153467887641000,1785153467887642000,1785153467887789000,1785153467887792000,1785153467887792000,1785153467887792000,121932490,121652369,-133.121,1.000,0.000,1.000,3.000,0.000,0.000,2.000,0,0,0
B3_zmq_pushpull,zmq_tcp,none,none,,1,31428,512,584,1785153467888495000,1785153467888495000,1785153467888495000,1785153467888497000,1785153467888646000,1785153467888649000,1785153467888649000,1785153467888649000,121932490,121652369,-131.121,0.000,0.000,2.000,3.000,0.000,0.000,2.000,0,0,0
B3_zmq_pushpull,zmq_tcp,none,none,,1,31429,512,584,1785153467889500000,1785153467889500000,1785153467889500000,1785153467889501000,1785153467889657000,1785153467889660000,1785153467889660000,1785153467889660000,121932490,121652369,-124.121,0.000,0.000,1.000,3.000,0.000,0.000,7.000,0,0,0
B3_zmq_pushpull,zmq_tcp,none,none,,1,31430,512,584,1785153467890673000,1785153467890673000,1785153467890673000,1785153467890674000,1785153467890783000,1785153467890786000,1785153467890786000,1785153467890786000,121932490,121652369,-171.121,0.000,0.000,1.000,3.000,0.000,0.000,47.000,0,0,0
B3_zmq_pushpull,zmq_tcp,none,none,,1,31431,512,584,1785153467891466000,1785153467891466000,1785153467891466000,1785153467891467000,1785153467891618000,1785153467891621000,1785153467891621000,1785153467891621000,121932490,121652369,-129.121,0.000,0.000,1.000,3.000,0.000,0.000,42.000,0,0,0
B3_zmq_pushpull,zmq_tcp,none,none,,1,31432,512,584,1785153467892444000,1785153467892445000,1785153467892445000,1785153467892446000,1785153467892588000,1785153467892590000,1785153467892590000,1785153467892590000,121932490,121652369,-138.121,1.000,0.000,1.000,2.000,0.000,0.000,9.000,0,0,0
B3_zmq_pushpull,zmq_tcp,none,none,,1,31433,512,584,1785153467893443000,1785153467893443000,1785153467893443000,1785153467893444000,1785153467893584000,1785153467893587000,1785153467893587000,1785153467893587000,121932490,121652369,-140.121,0.000,0.000,1.000,3.000,0.000,0.000,2.000,0,0,0
B3_zmq_pushpull,zmq_tcp,none,none,,1,31434,512,584,1785153467894692000,1785153467894692000,1785153467894692000,1785153467894693000,1785153467894857000,1785153467894864000,1785153467894864000,1785153467894864000,121932490,121652369,-116.121,0.000,0.000,1.000,7.000,0.000,0.000,24.000,0,0,0
B3_zmq_pushpull,zmq_tcp,none,none,,1,31435,512,584,1785153467895564000,1785153467895564000,1785153467895564000,1785153467895565000,1785153467895721000,1785153467895724000,1785153467895724000,1785153467895724000,121932490,121652369,-124.121,0.000,0.000,1.000,3.000,0.000,0.000,8.000,0,0,0
B3_zmq_pushpull,zmq_tcp,none,none,,1,31436,512,584,1785153467896539000,1785153467896539000,1785153467896539000,1785153467896540000,1785153467896697000,1785153467896700000,1785153467896700000,1785153467896700000,121932490,121652369,-123.121,0.000,0.000,1.000,3.000,0.000,0.000,1.000,0,0,0
B3_zmq_pushpull,zmq_tcp,none,none,,1,31437,512,584,1785153467897666000,1785153467897666000,1785153467897666000,1785153467897668000,1785153467897840000,1785153467897843000,1785153467897843000,1785153467897843000,121932490,121652369,-108.121,0.000,0.000,2.000,3.000,0.000,0.000,15.000,0,0,0
B3_zmq_pushpull,zmq_tcp,none,none,,1,31438,512,584,1785153467898539000,1785153467898539000,1785153467898539000,1785153467898540000,1785153467898693000,1785153467898696000,1785153467898696000,1785153467898696000,121932490,121652369,-127.121,0.000,0.000,1.000,3.000,0.000,0.000,19.000,0,0,0
B3_zmq_pushpull,zmq_tcp,none,none,,1,31439,512,584,1785153467899523000,1785153467899523000,1785153467899523000,1785153467899524000,1785153467899676000,1785153467899678000,1785153467899678000,1785153467899678000,121932490,121652369,-128.121,0.000,0.000,1.000,2.000,0.000,0.000,1.000,0,0,0
B3_zmq_pushpull,zmq_tcp,none,none,,1,31440,512,584,1785153467900504000,1785153467900505000,1785153467900505000,1785153467900506000,1785153467900661000,1785153467900664000,1785153467900664000,1785153467900664000,121932490,121652369,-125.121,1.000,0.000,1.000,3.000,0.000,0.000,3.000,0,0,0
B3_zmq_pushpull,zmq_tcp,none,none,,1,31441,512,584,1785153467901673000,1785153467901673000,1785153467901673000,1785153467901674000,1785153467901784000,1785153467901786000,1785153467901786000,1785153467901786000,121932490,121652369,-170.121,0.000,0.000,1.000,2.000,0.000,0.000,45.000,0,0,0
B3_zmq_pushpull,zmq_tcp,none,none,,1,31442,512,584,1785153467902625000,1785153467902625000,1785153467902626000,1785153467902626000,1785153467902766000,1785153467902769000,1785153467902769000,1785153467902769000,121932490,121652369,-140.121,0.000,1.000,0.000,3.000,0.000,0.000,30.000,0,0,0
B3_zmq_pushpull,zmq_tcp,none,none,,1,31443,512,584,1785153467903645000,1785153467903645000,1785153467903645000,1785153467903646000,1785153467903743000,1785153467903745000,1785153467903745000,1785153467903746000,121932490,121652369,-183.121,0.000,0.000,1.000,2.000,0.000,1.000,43.000,0,0,0
B3_zmq_pushpull,zmq_tcp,none,none,,1,31444,512,584,1785153467904636000,1785153467904636000,1785153467904636000,1785153467904637000,1785153467904713000,1785153467904716000,1785153467904716000,1785153467904716000,121932490,121652369,-204.121,0.000,0.000,1.000,3.000,0.000,0.000,21.000,0,0,0
B3_zmq_pushpull,zmq_tcp,none,none,,1,31445,512,584,1785153467905639000,1785153467905639000,1785153467905639000,1785153467905640000,1785153467905691000,1785153467905694000,1785153467905694000,1785153467905694000,121932490,121652369,-229.121,0.000,0.000,1.000,3.000,0.000,0.000,25.000,0,0,0
B3_zmq_pushpull,zmq_tcp,none,none,,1,31446,512,584,1785153467906636000,1785153467906636000,1785153467906636000,1785153467906637000,1785153467906803000,1785153467906806000,1785153467906806000,1785153467906806000,121932490,121652369,-114.121,0.000,0.000,1.000,3.000,0.000,0.000,115.000,0,0,0
B3_zmq_pushpull,zmq_tcp,none,none,,1,31447,512,584,1785153467907499000,1785153467907499000,1785153467907499000,1785153467907500000,1785153467907656000,1785153467907659000,1785153467907659000,1785153467907659000,121932490,121652369,-124.121,0.000,0.000,1.000,3.000,0.000,0.000,10.000,0,0,0
B3_zmq_pushpull,zmq_tcp,none,none,,1,31448,512,584,1785153467908672000,1785153467908672000,1785153467908672000,1785153467908673000,1785153467908789000,1785153467908792000,1785153467908792000,1785153467908792000,121932490,121652369,-164.121,0.000,0.000,1.000,3.000,0.000,0.000,40.000,0,0,0
B3_zmq_pushpull,zmq_tcp,none,none,,1,31449,512,584,1785153467909632000,1785153467909632000,1785153467909632000,1785153467909633000,1785153467909780000,1785153467909783000,1785153467909783000,1785153467909783000,121932490,121652369,-133.121,0.000,0.000,1.000,3.000,0.000,0.000,31.000,0,0,0
B3_zmq_pushpull,zmq_tcp,none,none,,1,31450,512,584,1785153467910639000,1785153467910639000,1785153467910639000,1785153467910640000,1785153467910763000,1785153467910766000,1785153467910766000,1785153467910766000,121932490,121652369,-157.121,0.000,0.000,1.000,3.000,0.000,0.000,24.000,0,0,0
B3_zmq_pushpull,zmq_tcp,none,none,,1,31451,512,584,1785153467911454000,1785153467911454000,1785153467911455000,1785153467911456000,1785153467911597000,1785153467911600000,1785153467911600000,1785153467911600000,121932490,121652369,-139.121,0.000,1.000,1.000,3.000,0.000,0.000,18.000,0,0,0
B3_zmq_pushpull,zmq_tcp,none,none,,1,31452,512,584,1785153467912684000,1785153467912684000,1785153467912685000,1785153467912685000,1785153467912833000,1785153467912836000,1785153467912836000,1785153467912836000,121932490,121652369,-132.121,0.000,1.000,0.000,3.000,0.000,0.000,7.000,0,0,0
B3_zmq_pushpull,zmq_tcp,none,none,,1,31453,512,584,1785153467913623000,1785153467913624000,1785153467913624000,1785153467913625000,1785153467913672000,1785153467913675000,1785153467913675000,1785153467913675000,121932490,121652369,-233.121,1.000,0.000,1.000,3.000,0.000,0.000,101.000,0,0,0
B3_zmq_pushpull,zmq_tcp,none,none,,1,31454,512,584,1785153467914643000,1785153467914643000,1785153467914643000,1785153467914644000,1785153467914815000,1785153467914818000,1785153467914818000,1785153467914818000,121932490,121652369,-109.121,0.000,0.000,1.000,3.000,0.000,0.000,124.000,0,0,0
B3_zmq_pushpull,zmq_tcp,none,none,,1,31455,512,584,1785153467915488000,1785153467915488000,1785153467915488000,1785153467915490000,1785153467915629000,1785153467915632000,1785153467915632000,1785153467915632000,121932490,121652369,-141.121,0.000,0.000,2.000,3.000,0.000,0.000,32.000,0,0,0
B3_zmq_pushpull,zmq_tcp,none,none,,1,31456,512,584,1785153467916458000,1785153467916458000,1785153467916458000,1785153467916460000,1785153467916611000,1785153467916613000,1785153467916613000,1785153467916613000,121932490,121652369,-129.121,0.000,0.000,2.000,2.000,0.000,0.000,12.000,0,0,0
B3_zmq_pushpull,zmq_tcp,none,none,,1,31457,512,584,1785153467917680000,1785153467917680000,1785153467917680000,1785153467917681000,1785153467917855000,1785153467917857000,1785153467917857000,1785153467917857000,121932490,121652369,-106.121,0.000,0.000,1.000,2.000,0.000,0.000,23.000,0,0,0
B3_zmq_pushpull,zmq_tcp,none,none,,1,31458,512,584,1785153467918627000,1785153467918627000,1785153467918627000,1785153467918628000,1785153467918707000,1785153467918710000,1785153467918710000,1785153467918710000,121932490,121652369,-201.121,0.000,0.000,1.000,3.000,0.000,0.000,95.000,0,0,0
B3_zmq_pushpull,zmq_tcp,none,none,,1,31459,512,584,1785153467919517000,1785153467919517000,1785153467919517000,1785153467919518000,1785153467919660000,1785153467919664000,1785153467919664000,1785153467919664000,121932490,121652369,-138.121,0.000,0.000,1.000,4.000,0.000,0.000,63.000,0,0,0
B3_zmq_pushpull,zmq_tcp,none,none,,1,31460,512,584,1785153467920666000,1785153467920667000,1785153467920667000,1785153467920668000,1785153467920763000,1785153467920766000,1785153467920766000,1785153467920766000,121932490,121652369,-185.121,1.000,0.000,1.000,3.000,0.000,0.000,47.000,0,0,0
B3_zmq_pushpull,zmq_tcp,none,none,,1,31461,512,584,1785153467921631000,1785153467921632000,1785153467921632000,1785153467921633000,1785153467921728000,1785153467921731000,1785153467921731000,1785153467921731000,121932490,121652369,-185.121,1.000,0.000,1.000,3.000,0.000,0.000,0.000,0,0,0
B3_zmq_pushpull,zmq_tcp,none,none,,1,31462,512,584,1785153467922641000,1785153467922641000,1785153467922641000,1785153467922642000,1785153467922707000,1785153467922709000,1785153467922709000,1785153467922709000,121932490,121652369,-215.121,0.000,0.000,1.000,2.000,0.000,0.000,30.000,0,0,0
B3_zmq_pushpull,zmq_tcp,none,none,,1,31463,512,584,1785153467923634000,1785153467923634000,1785153467923634000,1785153467923635000,1785153467923695000,1785153467923698000,1785153467923698000,1785153467923698000,121932490,121652369,-220.121,0.000,0.000,1.000,3.000,0.000,0.000,5.000,0,0,0
B3_zmq_pushpull,zmq_tcp,none,none,,1,31464,512,584,1785153467924642000,1785153467924642000,1785153467924642000,1785153467924643000,1785153467924797000,1785153467924799000,1785153467924799000,1785153467924799000,121932490,121652369,-126.121,0.000,0.000,1.000,2.000,0.000,0.000,94.000,0,0,0
B3_zmq_pushpull,zmq_tcp,none,none,,1,31465,512,584,1785153467925637000,1785153467925637000,1785153467925637000,1785153467925638000,1785153467925791000,1785153467925793000,1785153467925793000,1785153467925793000,121932490,121652369,-127.121,0.000,0.000,1.000,2.000,0.000,0.000,1.000,0,0,0
B3_zmq_pushpull,zmq_tcp,none,none,,1,31466,512,584,1785153467926638000,1785153467926638000,1785153467926638000,1785153467926639000,1785153467926767000,1785153467926769000,1785153467926769000,1785153467926769000,121932490,121652369,-152.121,0.000,0.000,1.000,2.000,0.000,0.000,25.000,0,0,0
B3_zmq_pushpull,zmq_tcp,none,none,,1,31467,512,584,1785153467927635000,1785153467927635000,1785153467927635000,1785153467927636000,1785153467927752000,1785153467927754000,1785153467927755000,1785153467927755000,121932490,121652369,-164.121,0.000,0.000,1.000,2.000,1.000,0.000,12.000,0,0,0
B3_zmq_pushpull,zmq_tcp,none,none,,1,31468,512,584,1785153467928641000,1785153467928641000,1785153467928641000,1785153467928642000,1785153467928718000,1785153467928721000,1785153467928721000,1785153467928721000,121932490,121652369,-204.121,0.000,0.000,1.000,3.000,0.000,0.000,40.000,0,0,0
B3_zmq_pushpull,zmq_tcp,none,none,,1,31469,512,584,1785153467929638000,1785153467929638000,1785153467929638000,1785153467929639000,1785153467929711000,1785153467929714000,1785153467929714000,1785153467929714000,121932490,121652369,-208.121,0.000,0.000,1.000,3.000,0.000,0.000,4.000,0,0,0
B3_zmq_pushpull,zmq_tcp,none,none,,1,31470,512,584,1785153467930640000,1785153467930640000,1785153467930640000,1785153467930641000,1785153467930825000,1785153467930828000,1785153467930828000,1785153467930828000,121932490,121652369,-96.121,0.000,0.000,1.000,3.000,0.000,0.000,112.000,0,0,0
B3_zmq_pushpull,zmq_tcp,none,none,,1,31471,512,584,1785153467931634000,1785153467931634000,1785153467931634000,1785153467931635000,1785153467931796000,1785153467931799000,1785153467931799000,1785153467931799000,121932490,121652369,-119.121,0.000,0.000,1.000,3.000,0.000,0.000,23.000,0,0,0
B3_zmq_pushpull,zmq_tcp,none,none,,1,31472,512,584,1785153467932639000,1785153467932639000,1785153467932639000,1785153467932640000,1785153467932773000,1785153467932776000,1785153467932776000,1785153467932776000,121932490,121652369,-147.121,0.000,0.000,1.000,3.000,0.000,0.000,28.000,0,0,0
B3_zmq_pushpull,zmq_tcp,none,none,,1,31473,512,584,1785153467933638000,1785153467933638000,1785153467933638000,1785153467933639000,1785153467933740000,1785153467933743000,1785153467933743000,1785153467933743000,121932490,121652369,-179.121,0.000,0.000,1.000,3.000,0.000,0.000,32.000,0,0,0
B3_zmq_pushpull,zmq_tcp,none,none,,1,31474,512,584,1785153467934638000,1785153467934638000,1785153467934638000,1785153467934639000,1785153467934723000,1785153467934725000,1785153467934725000,1785153467934725000,121932490,121652369,-196.121,0.000,0.000,1.000,2.000,0.000,0.000,17.000,0,0,0
B3_zmq_pushpull,zmq_tcp,none,none,,1,31475,512,584,1785153467935636000,1785153467935636000,1785153467935636000,1785153467935637000,1785153467935713000,1785153467935719000,1785153467935719000,1785153467935719000,121932490,121652369,-204.121,0.000,0.000,1.000,6.000,0.000,0.000,8.000,0,0,0
B3_zmq_pushpull,zmq_tcp,none,none,,1,31476,512,584,1785153467936641000,1785153467936641000,1785153467936641000,1785153467936642000,1785153467936831000,1785153467936834000,1785153467936834000,1785153467936834000,121932490,121652369,-91.121,0.000,0.000,1.000,3.000,0.000,0.000,113.000,0,0,0
B3_zmq_pushpull,zmq_tcp,none,none,,1,31477,512,584,1785153467937516000,1785153467937516000,1785153467937516000,1785153467937518000,1785153467937668000,1785153467937671000,1785153467937671000,1785153467937671000,121932490,121652369,-130.121,0.000,0.000,2.000,3.000,0.000,0.000,39.000,0,0,0
B3_zmq_pushpull,zmq_tcp,none,none,,1,31478,512,584,1785153467938674000,1785153467938675000,1785153467938675000,1785153467938676000,1785153467938797000,1785153467938801000,1785153467938801000,1785153467938801000,121932490,121652369,-159.121,1.000,0.000,1.000,4.000,0.000,0.000,29.000,0,0,0
B3_zmq_pushpull,zmq_tcp,none,none,,1,31479,512,584,1785153467939629000,1785153467939629000,1785153467939629000,1785153467939630000,1785153467939795000,1785153467939799000,1785153467939799000,1785153467939799000,121932490,121652369,-115.121,0.000,0.000,1.000,4.000,0.000,0.000,44.000,0,0,0
B3_zmq_pushpull,zmq_tcp,none,none,,1,31480,512,584,1785153467940644000,1785153467940644000,1785153467940644000,1785153467940645000,1785153467940789000,1785153467940792000,1785153467940792000,1785153467940792000,121932490,121652369,-136.121,0.000,0.000,1.000,3.000,0.000,0.000,21.000,0,0,0
B3_zmq_pushpull,zmq_tcp,none,none,,1,31481,512,584,1785153467941636000,1785153467941637000,1785153467941637000,1785153467941638000,1785153467941775000,1785153467941777000,1785153467941777000,1785153467941777000,121932490,121652369,-143.121,1.000,0.000,1.000,2.000,0.000,0.000,7.000,0,0,0
B3_zmq_pushpull,zmq_tcp,none,none,,1,31482,512,584,1785153467942639000,1785153467942640000,1785153467942640000,1785153467942641000,1785153467942773000,1785153467942776000,1785153467942776000,1785153467942776000,121932490,121652369,-148.121,1.000,0.000,1.000,3.000,0.000,0.000,5.000,0,0,0
B3_zmq_pushpull,zmq_tcp,none,none,,1,31483,512,584,1785153467943635000,1785153467943635000,1785153467943635000,1785153467943636000,1785153467943777000,1785153467943780000,1785153467943780000,1785153467943780000,121932490,121652369,-139.121,0.000,0.000,1.000,3.000,0.000,0.000,9.000,0,0,0
B3_zmq_pushpull,zmq_tcp,none,none,,1,31484,512,584,1785153467944639000,1785153467944640000,1785153467944640000,1785153467944641000,1785153467944776000,1785153467944779000,1785153467944779000,1785153467944779000,121932490,121652369,-145.121,1.000,0.000,1.000,3.000,0.000,0.000,6.000,0,0,0
B3_zmq_pushpull,zmq_tcp,none,none,,1,31485,512,584,1785153467945638000,1785153467945638000,1785153467945638000,1785153467945639000,1785153467945767000,1785153467945769000,1785153467945769000,1785153467945769000,121932490,121652369,-152.121,0.000,0.000,1.000,2.000,0.000,0.000,7.000,0,0,0
B3_zmq_pushpull,zmq_tcp,none,none,,1,31486,512,584,1785153467946638000,1785153467946638000,1785153467946638000,1785153467946639000,1785153467946756000,1785153467946759000,1785153467946759000,1785153467946759000,121932490,121652369,-163.121,0.000,0.000,1.000,3.000,0.000,0.000,11.000,0,0,0
B3_zmq_pushpull,zmq_tcp,none,none,,1,31487,512,584,1785153467947635000,1785153467947635000,1785153467947635000,1785153467947636000,1785153467947723000,1785153467947725000,1785153467947725000,1785153467947725000,121932490,121652369,-193.121,0.000,0.000,1.000,2.000,0.000,0.000,30.000,0,0,0
B3_zmq_pushpull,zmq_tcp,none,none,,1,31488,512,584,1785153467948641000,1785153467948641000,1785153467948641000,1785153467948642000,1785153467948704000,1785153467948707000,1785153467948707000,1785153467948707000,121932490,121652369,-218.121,0.000,0.000,1.000,3.000,0.000,0.000,25.000,0,0,0
B3_zmq_pushpull,zmq_tcp,none,none,,1,31489,512,584,1785153467949638000,1785153467949638000,1785153467949638000,1785153467949639000,1785153467949714000,1785153467949717000,1785153467949717000,1785153467949717000,121932490,121652369,-205.121,0.000,0.000,1.000,3.000,0.000,0.000,13.000,0,0,0
B3_zmq_pushpull,zmq_tcp,none,none,,1,31490,512,584,1785153467950640000,1785153467950641000,1785153467950641000,1785153467950642000,1785153467950717000,1785153467950721000,1785153467950722000,1785153467950722000,121932490,121652369,-205.121,1.000,0.000,1.000,4.000,1.000,0.000,0.000,0,0,0
B3_zmq_pushpull,zmq_tcp,none,none,,1,31491,512,584,1785153467951634000,1785153467951634000,1785153467951634000,1785153467951635000,1785153467951807000,1785153467951811000,1785153467951811000,1785153467951811000,121932490,121652369,-108.121,0.000,0.000,1.000,4.000,0.000,0.000,97.000,0,0,0
B3_zmq_pushpull,zmq_tcp,none,none,,1,31492,512,584,1785153467952642000,1785153467952642000,1785153467952642000,1785153467952643000,1785153467952796000,1785153467952799000,1785153467952799000,1785153467952799000,121932490,121652369,-127.121,0.000,0.000,1.000,3.000,0.000,0.000,19.000,0,0,0
B3_zmq_pushpull,zmq_tcp,none,none,,1,31493,512,584,1785153467953505000,1785153467953505000,1785153467953505000,1785153467953506000,1785153467953659000,1785153467953664000,1785153467953664000,1785153467953664000,121932490,121652369,-127.121,0.000,0.000,1.000,5.000,0.000,0.000,0.000,0,0,0
B3_zmq_pushpull,zmq_tcp,none,none,,1,31494,512,584,1785153467954494000,1785153467954495000,1785153467954495000,1785153467954496000,1785153467954647000,1785153467954650000,1785153467954650000,1785153467954650000,121932490,121652369,-129.121,1.000,0.000,1.000,3.000,0.000,0.000,2.000,0,0,0
B3_zmq_pushpull,zmq_tcp,none,none,,1,31495,512,584,1785153467955470000,1785153467955470000,1785153467955470000,1785153467955471000,1785153467955621000,1785153467955624000,1785153467955624000,1785153467955624000,121932490,121652369,-130.121,0.000,0.000,1.000,3.000,0.000,0.000,1.000,0,0,0
B3_zmq_pushpull,zmq_tcp,none,none,,1,31496,512,584,1785153467956624000,1785153467956624000,1785153467956624000,1785153467956625000,1785153467956767000,1785153467956770000,1785153467956770000,1785153467956770000,121932490,121652369,-138.121,0.000,0.000,1.000,3.000,0.000,0.000,8.000,0,0,0
B3_zmq_pushpull,zmq_tcp,none,none,,1,31497,512,584,1785153467957467000,1785153467957467000,1785153467957467000,1785153467957468000,1785153467957611000,1785153467957614000,1785153467957614000,1785153467957614000,121932490,121652369,-137.121,0.000,0.000,1.000,3.000,0.000,0.000,1.000,0,0,0
B3_zmq_pushpull,zmq_tcp,none,none,,1,31498,512,584,1785153467958682000,1785153467958682000,1785153467958682000,1785153467958683000,1785153467958757000,1785153467958761000,1785153467958761000,1785153467958761000,121932490,121652369,-206.121,0.000,0.000,1.000,4.000,0.000,0.000,69.000,0,0,0
B3_zmq_pushpull,zmq_tcp,none,none,,1,31499,512,584,1785153467959469000,1785153467959469000,1785153467959469000,1785153467959470000,1785153467959627000,1785153467959633000,1785153467959633000,1785153467959633000,121932490,121652369,-123.121,0.000,0.000,1.000,6.000,0.000,0.000,83.000,0,0,0
B3_zmq_pushpull,zmq_tcp,none,none,,1,31500,512,584,1785153467960682000,1785153467960682000,1785153467960682000,1785153467960683000,1785153467960753000,1785153467960757000,1785153467960757000,1785153467960757000,121932490,121652369,-210.121,0.000,0.000,1.000,4.000,0.000,0.000,87.000,0,0,0
B3_zmq_pushpull,zmq_tcp,none,none,,1,31501,512,584,1785153467961628000,1785153467961628000,1785153467961628000,1785153467961629000,1785153467961766000,1785153467961769000,1785153467961769000,1785153467961769000,121932490,121652369,-143.121,0.000,0.000,1.000,3.000,0.000,0.000,67.000,0,0,0
B3_zmq_pushpull,zmq_tcp,none,none,,1,31502,512,584,1785153467962644000,1785153467962644000,1785153467962644000,1785153467962646000,1785153467962773000,1785153467962780000,1785153467962780000,1785153467962780000,121932490,121652369,-153.121,0.000,0.000,2.000,7.000,0.000,0.000,10.000,0,0,0
B3_zmq_pushpull,zmq_tcp,none,none,,1,31503,512,584,1785153467963634000,1785153467963634000,1785153467963634000,1785153467963635000,1785153467963764000,1785153467963767000,1785153467963767000,1785153467963767000,121932490,121652369,-151.121,0.000,0.000,1.000,3.000,0.000,0.000,2.000,0,0,0
B3_zmq_pushpull,zmq_tcp,none,none,,1,31504,512,584,1785153467964641000,1785153467964641000,1785153467964641000,1785153467964642000,1785153467964757000,1785153467964760000,1785153467964760000,1785153467964760000,121932490,121652369,-165.121,0.000,0.000,1.000,3.000,0.000,0.000,14.000,0,0,0
B3_zmq_pushpull,zmq_tcp,none,none,,1,31505,512,584,1785153467965639000,1785153467965639000,1785153467965639000,1785153467965640000,1785153467965765000,1785153467965768000,1785153467965768000,1785153467965768000,121932490,121652369,-155.121,0.000,0.000,1.000,3.000,0.000,0.000,10.000,0,0,0
B3_zmq_pushpull,zmq_tcp,none,none,,1,31506,512,584,1785153467966640000,1785153467966640000,1785153467966640000,1785153467966641000,1785153467966749000,1785153467966752000,1785153467966752000,1785153467966752000,121932490,121652369,-172.121,0.000,0.000,1.000,3.000,0.000,0.000,17.000,0,0,0
B3_zmq_pushpull,zmq_tcp,none,none,,1,31507,512,584,1785153467967636000,1785153467967636000,1785153467967636000,1785153467967637000,1785153467967744000,1785153467967747000,1785153467967747000,1785153467967747000,121932490,121652369,-173.121,0.000,0.000,1.000,3.000,0.000,0.000,1.000,0,0,0
B3_zmq_pushpull,zmq_tcp,none,none,,1,31508,512,584,1785153467968449000,1785153467968450000,1785153467968450000,1785153467968451000,1785153467968606000,1785153467968609000,1785153467968609000,1785153467968609000,121932490,121652369,-125.121,1.000,0.000,1.000,3.000,0.000,0.000,48.000,0,0,0
B3_zmq_pushpull,zmq_tcp,none,none,,1,31509,512,584,1785153467969688000,1785153467969688000,1785153467969688000,1785153467969689000,1785153467969878000,1785153467969881000,1785153467969881000,1785153467969881000,121932490,121652369,-91.121,0.000,0.000,1.000,3.000,0.000,0.000,34.000,0,0,0
B3_zmq_pushpull,zmq_tcp,none,none,,1,31510,512,584,1785153467970443000,1785153467970443000,1785153467970443000,1785153467970444000,1785153467970586000,1785153467970589000,1785153467970589000,1785153467970589000,121932490,121652369,-138.121,0.000,0.000,1.000,3.000,0.000,0.000,47.000,0,0,0
B3_zmq_pushpull,zmq_tcp,none,none,,1,31511,512,584,1785153467971447000,1785153467971447000,1785153467971447000,1785153467971448000,1785153467971589000,1785153467971592000,1785153467971592000,1785153467971592000,121932490,121652369,-139.121,0.000,0.000,1.000,3.000,0.000,0.000,1.000,0,0,0
B3_zmq_pushpull,zmq_tcp,none,none,,1,31512,512,584,1785153467972447000,1785153467972447000,1785153467972447000,1785153467972448000,1785153467972594000,1785153467972597000,1785153467972597000,1785153467972597000,121932490,121652369,-134.121,0.000,0.000,1.000,3.000,0.000,0.000,5.000,0,0,0
B3_zmq_pushpull,zmq_tcp,none,none,,1,31513,512,584,1785153467973692000,1785153467973692000,1785153467973692000,1785153467973693000,1785153467973872000,1785153467973875000,1785153467973875000,1785153467973875000,121932490,121652369,-101.121,0.000,0.000,1.000,3.000,0.000,0.000,33.000,0,0,0
B3_zmq_pushpull,zmq_tcp,none,none,,1,31514,512,584,1785153467974443000,1785153467974443000,1785153467974443000,1785153467974444000,1785153467974585000,1785153467974588000,1785153467974588000,1785153467974588000,121932490,121652369,-139.121,0.000,0.000,1.000,3.000,0.000,0.000,38.000,0,0,0
B3_zmq_pushpull,zmq_tcp,none,none,,1,31515,512,584,1785153467975559000,1785153467975559000,1785153467975559000,1785153467975561000,1785153467975719000,1785153467975722000,1785153467975722000,1785153467975722000,121932490,121652369,-122.121,0.000,0.000,2.000,3.000,0.000,0.000,17.000,0,0,0
B3_zmq_pushpull,zmq_tcp,none,none,,1,31516,512,584,1785153467976659000,1785153467976659000,1785153467976659000,1785153467976660000,1785153467976721000,1785153467976724000,1785153467976724000,1785153467976724000,121932490,121652369,-219.121,0.000,0.000,1.000,3.000,0.000,0.000,97.000,0,0,0
B3_zmq_pushpull,zmq_tcp,none,none,,1,31517,512,584,1785153467977635000,1785153467977635000,1785153467977635000,1785153467977636000,1785153467977715000,1785153467977717000,1785153467977717000,1785153467977717000,121932490,121652369,-201.121,0.000,0.000,1.000,2.000,0.000,0.000,18.000,0,0,0
B3_zmq_pushpull,zmq_tcp,none,none,,1,31518,512,584,1785153467978638000,1785153467978638000,1785153467978638000,1785153467978639000,1785153467978724000,1785153467978726000,1785153467978726000,1785153467978726000,121932490,121652369,-195.121,0.000,0.000,1.000,2.000,0.000,0.000,6.000,0,0,0
B3_zmq_pushpull,zmq_tcp,none,none,,1,31519,512,584,1785153467979572000,1785153467979572000,1785153467979573000,1785153467979573000,1785153467979722000,1785153467979725000,1785153467979725000,1785153467979725000,121932490,121652369,-131.121,0.000,1.000,0.000,3.000,0.000,0.000,64.000,0,0,0
B3_zmq_pushpull,zmq_tcp,none,none,,1,31520,512,584,1785153467980656000,1785153467980656000,1785153467980656000,1785153467980657000,1785153467980838000,1785153467980840000,1785153467980841000,1785153467980841000,121932490,121652369,-99.121,0.000,0.000,1.000,2.000,1.000,0.000,32.000,0,0,0
B3_zmq_pushpull,zmq_tcp,none,none,,1,31521,512,584,1785153467981541000,1785153467981541000,1785153467981541000,1785153467981542000,1785153467981688000,1785153467981691000,1785153467981691000,1785153467981691000,121932490,121652369,-134.121,0.000,0.000,1.000,3.000,0.000,0.000,35.000,0,0,0
B3_zmq_pushpull,zmq_tcp,none,none,,1,31522,512,584,1785153467982663000,1785153467982663000,1785153467982663000,1785153467982664000,1785153467982798000,1785153467982800000,1785153467982800000,1785153467982800000,121932490,121652369,-146.121,0.000,0.000,1.000,2.000,0.000,0.000,12.000,0,0,0
B3_zmq_pushpull,zmq_tcp,none,none,,1,31523,512,584,1785153467983633000,1785153467983633000,1785153467983633000,1785153467983634000,1785153467983774000,1785153467983777000,1785153467983777000,1785153467983777000,121932490,121652369,-140.121,0.000,0.000,1.000,3.000,0.000,0.000,6.000,0,0,0
B3_zmq_pushpull,zmq_tcp,none,none,,1,31524,512,584,1785153467984642000,1785153467984643000,1785153467984643000,1785153467984644000,1785153467984777000,1785153467984780000,1785153467984780000,1785153467984780000,121932490,121652369,-147.121,1.000,0.000,1.000,3.000,0.000,0.000,7.000,0,0,0
B3_zmq_pushpull,zmq_tcp,none,none,,1,31525,512,584,1785153467985483000,1785153467985483000,1785153467985483000,1785153467985484000,1785153467985643000,1785153467985645000,1785153467985645000,1785153467985645000,121932490,121652369,-121.121,0.000,0.000,1.000,2.000,0.000,0.000,26.000,0,0,0
B3_zmq_pushpull,zmq_tcp,none,none,,1,31526,512,584,1785153467986678000,1785153467986678000,1785153467986678000,1785153467986679000,1785153467986789000,1785153467986792000,1785153467986792000,1785153467986792000,121932490,121652369,-170.121,0.000,0.000,1.000,3.000,0.000,0.000,49.000,0,0,0
B3_zmq_pushpull,zmq_tcp,none,none,,1,31527,512,584,1785153467987629000,1785153467987629000,1785153467987629000,1785153467987630000,1785153467987774000,1785153467987777000,1785153467987777000,1785153467987777000,121932490,121652369,-136.121,0.000,0.000,1.000,3.000,0.000,0.000,34.000,0,0,0
B3_zmq_pushpull,zmq_tcp,none,none,,1,31528,512,584,1785153467988475000,1785153467988475000,1785153467988475000,1785153467988476000,1785153467988618000,1785153467988621000,1785153467988622000,1785153467988622000,121932490,121652369,-138.121,0.000,0.000,1.000,3.000,1.000,0.000,2.000,0,0,0
B3_zmq_pushpull,zmq_tcp,none,none,,1,31529,512,584,1785153467989677000,1785153467989677000,1785153467989678000,1785153467989678000,1785153467989751000,1785153467989755000,1785153467989755000,1785153467989755000,121932490,121652369,-207.121,0.000,1.000,0.000,4.000,0.000,0.000,69.000,0,0,0
B3_zmq_pushpull,zmq_tcp,none,none,,1,31530,512,584,1785153467990450000,1785153467990450000,1785153467990450000,1785153467990451000,1785153467990597000,1785153467990600000,1785153467990600000,1785153467990600000,121932490,121652369,-134.121,0.000,0.000,1.000,3.000,0.000,0.000,73.000,0,0,0
B3_zmq_pushpull,zmq_tcp,none,none,,1,31531,512,584,1785153467991691000,1785153467991691000,1785153467991692000,1785153467991692000,1785153467991746000,1785153467991749000,1785153467991749000,1785153467991749000,121932490,121652369,-226.121,0.000,1.000,0.000,3.000,0.000,0.000,92.000,0,0,0
B3_zmq_pushpull,zmq_tcp,none,none,,1,31532,512,584,1785153467992445000,1785153467992445000,1785153467992445000,1785153467992446000,1785153467992601000,1785153467992605000,1785153467992605000,1785153467992605000,121932490,121652369,-125.121,0.000,0.000,1.000,4.000,0.000,0.000,101.000,0,0,0
B3_zmq_pushpull,zmq_tcp,none,none,,1,31533,512,584,1785153467993613000,1785153467993613000,1785153467993613000,1785153467993614000,1785153467993739000,1785153467993742000,1785153467993742000,1785153467993742000,121932490,121652369,-155.121,0.000,0.000,1.000,3.000,0.000,0.000,30.000,0,0,0
B3_zmq_pushpull,zmq_tcp,none,none,,1,31534,512,584,1785153467994647000,1785153467994647000,1785153467994647000,1785153467994648000,1785153467994749000,1785153467994752000,1785153467994752000,1785153467994752000,121932490,121652369,-179.121,0.000,0.000,1.000,3.000,0.000,0.000,24.000,0,0,0
B3_zmq_pushpull,zmq_tcp,none,none,,1,31535,512,584,1785153467995638000,1785153467995638000,1785153467995638000,1785153467995639000,1785153467995737000,1785153467995740000,1785153467995740000,1785153467995740000,121932490,121652369,-182.121,0.000,0.000,1.000,3.000,0.000,0.000,3.000,0,0,0
B3_zmq_pushpull,zmq_tcp,none,none,,1,31536,512,584,1785153467996636000,1785153467996636000,1785153467996637000,1785153467996637000,1785153467996712000,1785153467996715000,1785153467996715000,1785153467996715000,121932490,121652369,-205.121,0.000,1.000,0.000,3.000,0.000,0.000,23.000,0,0,0
B3_zmq_pushpull,zmq_tcp,none,none,,1,31537,512,584,1785153467997642000,1785153467997642000,1785153467997642000,1785153467997643000,1785153467997711000,1785153467997713000,1785153467997713000,1785153467997713000,121932490,121652369,-212.121,0.000,0.000,1.000,2.000,0.000,0.000,7.000,0,0,0
B3_zmq_pushpull,zmq_tcp,none,none,,1,31538,512,584,1785153467998643000,1785153467998644000,1785153467998644000,1785153467998645000,1785153467998708000,1785153467998711000,1785153467998711000,1785153467998711000,121932490,121652369,-217.121,1.000,0.000,1.000,3.000,0.000,0.000,5.000,0,0,0
B3_zmq_pushpull,zmq_tcp,none,none,,1,31539,512,584,1785153467999547000,1785153467999547000,1785153467999547000,1785153467999548000,1785153467999704000,1785153467999707000,1785153467999707000,1785153467999707000,121932490,121652369,-124.121,0.000,0.000,1.000,3.000,0.000,0.000,93.000,0,0,0
B3_zmq_pushpull,zmq_tcp,none,none,,1,31540,512,584,1785153468000662000,1785153468000662000,1785153468000662000,1785153468000663000,1785153468000723000,1785153468000725000,1785153468000725000,1785153468000725000,121932490,121652369,-220.121,0.000,0.000,1.000,2.000,0.000,0.000,96.000,0,0,0
B3_zmq_pushpull,zmq_tcp,none,none,,1,31541,512,584,1785153468001549000,1785153468001549000,1785153468001549000,1785153468001550000,1785153468001709000,1785153468001712000,1785153468001712000,1785153468001712000,121932490,121652369,-121.121,0.000,0.000,1.000,3.000,0.000,0.000,99.000,0,0,0
B3_zmq_pushpull,zmq_tcp,none,none,,1,31542,512,584,1785153468002662000,1785153468002662000,1785153468002662000,1785153468002663000,1785153468002823000,1785153468002825000,1785153468002825000,1785153468002825000,121932490,121652369,-120.121,0.000,0.000,1.000,2.000,0.000,0.000,1.000,0,0,0
B3_zmq_pushpull,zmq_tcp,none,none,,1,31543,512,584,1785153468003526000,1785153468003526000,1785153468003526000,1785153468003527000,1785153468003680000,1785153468003683000,1785153468003683000,1785153468003683000,121932490,121652369,-127.121,0.000,0.000,1.000,3.000,0.000,0.000,7.000,0,0,0
B3_zmq_pushpull,zmq_tcp,none,none,,1,31544,512,584,1785153468004512000,1785153468004512000,1785153468004512000,1785153468004513000,1785153468004665000,1785153468004668000,1785153468004668000,1785153468004668000,121932490,121652369,-128.121,0.000,0.000,1.000,3.000,0.000,0.000,1.000,0,0,0
B3_zmq_pushpull,zmq_tcp,none,none,,1,31545,512,584,1785153468005671000,1785153468005671000,1785153468005671000,1785153468005672000,1785153468005819000,1785153468005821000,1785153468005821000,1785153468005821000,121932490,121652369,-133.121,0.000,0.000,1.000,2.000,0.000,0.000,5.000,0,0,0
B3_zmq_pushpull,zmq_tcp,none,none,,1,31546,512,584,1785153468006628000,1785153468006629000,1785153468006629000,1785153468006630000,1785153468006813000,1785153468006816000,1785153468006816000,1785153468006816000,121932490,121652369,-97.121,1.000,0.000,1.000,3.000,0.000,0.000,36.000,0,0,0
B3_zmq_pushpull,zmq_tcp,none,none,,1,31547,512,584,1785153468007522000,1785153468007522000,1785153468007522000,1785153468007523000,1785153468007680000,1785153468007683000,1785153468007683000,1785153468007683000,121932490,121652369,-123.121,0.000,0.000,1.000,3.000,0.000,0.000,26.000,0,0,0
B3_zmq_pushpull,zmq_tcp,none,none,,1,31548,512,584,1785153468008522000,1785153468008522000,1785153468008522000,1785153468008523000,1785153468008680000,1785153468008683000,1785153468008683000,1785153468008683000,121932490,121652369,-123.121,0.000,0.000,1.000,3.000,0.000,0.000,0.000,0,0,0
B3_zmq_pushpull,zmq_tcp,none,none,,1,31549,512,584,1785153468009517000,1785153468009517000,1785153468009517000,1785153468009518000,1785153468009661000,1785153468009664000,1785153468009664000,1785153468009664000,121932490,121652369,-137.121,0.000,0.000,1.000,3.000,0.000,0.000,14.000,0,0,0
B3_zmq_pushpull,zmq_tcp,none,none,,1,31550,512,584,1785153468010667000,1785153468010667000,1785153468010667000,1785153468010668000,1785153468010789000,1785153468010792000,1785153468010792000,1785153468010792000,121932490,121652369,-159.121,0.000,0.000,1.000,3.000,0.000,0.000,22.000,0,0,0
B3_zmq_pushpull,zmq_tcp,none,none,,1,31551,512,584,1785153468011637000,1785153468011637000,1785153468011637000,1785153468011638000,1785153468011800000,1785153468011803000,1785153468011803000,1785153468011803000,121932490,121652369,-118.121,0.000,0.000,1.000,3.000,0.000,0.000,41.000,0,0,0
B3_zmq_pushpull,zmq_tcp,none,none,,1,31552,512,584,1785153468012498000,1785153468012498000,1785153468012498000,1785153468012499000,1785153468012657000,1785153468012660000,1785153468012660000,1785153468012660000,121932490,121652369,-122.121,0.000,0.000,1.000,3.000,0.000,0.000,4.000,0,0,0
B3_zmq_pushpull,zmq_tcp,none,none,,1,31553,512,584,1785153468013675000,1785153468013675000,1785153468013675000,1785153468013676000,1785153468013808000,1785153468013810000,1785153468013810000,1785153468013810000,121932490,121652369,-148.121,0.000,0.000,1.000,2.000,0.000,0.000,26.000,0,0,0
B3_zmq_pushpull,zmq_tcp,none,none,,1,31554,512,584,1785153468014627000,1785153468014627000,1785153468014627000,1785153468014628000,1785153468014804000,1785153468014807000,1785153468014807000,1785153468014807000,121932490,121652369,-104.121,0.000,0.000,1.000,3.000,0.000,0.000,44.000,0,0,0
B3_zmq_pushpull,zmq_tcp,none,none,,1,31555,512,584,1785153468015643000,1785153468015643000,1785153468015643000,1785153468015644000,1785153468015805000,1785153468015808000,1785153468015808000,1785153468015808000,121932490,121652369,-119.121,0.000,0.000,1.000,3.000,0.000,0.000,15.000,0,0,0
B3_zmq_pushpull,zmq_tcp,none,none,,1,31556,512,584,1785153468016640000,1785153468016640000,1785153468016640000,1785153468016641000,1785153468016797000,1785153468016800000,1785153468016800000,1785153468016800000,121932490,121652369,-124.121,0.000,0.000,1.000,3.000,0.000,0.000,5.000,0,0,0
B3_zmq_pushpull,zmq_tcp,none,none,,1,31557,512,584,1785153468017639000,1785153468017639000,1785153468017639000,1785153468017640000,1785153468017784000,1785153468017787000,1785153468017787000,1785153468017787000,121932490,121652369,-136.121,0.000,0.000,1.000,3.000,0.000,0.000,12.000,0,0,0
B3_zmq_pushpull,zmq_tcp,none,none,,1,31558,512,584,1785153468018636000,1785153468018636000,1785153468018636000,1785153468018637000,1785153468018765000,1785153468018768000,1785153468018768000,1785153468018768000,121932490,121652369,-152.121,0.000,0.000,1.000,3.000,0.000,0.000,16.000,0,0,0
B3_zmq_pushpull,zmq_tcp,none,none,,1,31559,512,584,1785153468019640000,1785153468019640000,1785153468019640000,1785153468019641000,1785153468019768000,1785153468019771000,1785153468019771000,1785153468019771000,121932490,121652369,-153.121,0.000,0.000,1.000,3.000,0.000,0.000,1.000,0,0,0
B3_zmq_pushpull,zmq_tcp,none,none,,1,31560,512,584,1785153468020640000,1785153468020640000,1785153468020640000,1785153468020641000,1785153468020767000,1785153468020769000,1785153468020769000,1785153468020769000,121932490,121652369,-154.121,0.000,0.000,1.000,2.000,0.000,0.000,1.000,0,0,0
B3_zmq_pushpull,zmq_tcp,none,none,,1,31561,512,584,1785153468021638000,1785153468021638000,1785153468021638000,1785153468021639000,1785153468021771000,1785153468021773000,1785153468021773000,1785153468021773000,121932490,121652369,-148.121,0.000,0.000,1.000,2.000,0.000,0.000,6.000,0,0,0
B3_zmq_pushpull,zmq_tcp,none,none,,1,31562,512,584,1785153468022638000,1785153468022639000,1785153468022639000,1785153468022640000,1785153468022776000,1785153468022779000,1785153468022779000,1785153468022779000,121932490,121652369,-144.121,1.000,0.000,1.000,3.000,0.000,0.000,4.000,0,0,0
B3_zmq_pushpull,zmq_tcp,none,none,,1,31563,512,584,1785153468023639000,1785153468023639000,1785153468023639000,1785153468023640000,1785153468023766000,1785153468023768000,1785153468023768000,1785153468023768000,121932490,121652369,-154.121,0.000,0.000,1.000,2.000,0.000,0.000,10.000,0,0,0
B3_zmq_pushpull,zmq_tcp,none,none,,1,31564,512,584,1785153468024639000,1785153468024639000,1785153468024639000,1785153468024640000,1785153468024751000,1785153468024753000,1785153468024753000,1785153468024753000,121932490,121652369,-169.121,0.000,0.000,1.000,2.000,0.000,0.000,15.000,0,0,0
B3_zmq_pushpull,zmq_tcp,none,none,,1,31565,512,584,1785153468025638000,1785153468025638000,1785153468025638000,1785153468025639000,1785153468025720000,1785153468025723000,1785153468025723000,1785153468025723000,121932490,121652369,-199.121,0.000,0.000,1.000,3.000,0.000,0.000,30.000,0,0,0
B3_zmq_pushpull,zmq_tcp,none,none,,1,31566,512,584,1785153468026640000,1785153468026640000,1785153468026640000,1785153468026641000,1785153468026707000,1785153468026710000,1785153468026710000,1785153468026710000,121932490,121652369,-214.121,0.000,0.000,1.000,3.000,0.000,0.000,15.000,0,0,0
B3_zmq_pushpull,zmq_tcp,none,none,,1,31567,512,584,1785153468027640000,1785153468027640000,1785153468027640000,1785153468027641000,1785153468027723000,1785153468027725000,1785153468027725000,1785153468027725000,121932490,121652369,-198.121,0.000,0.000,1.000,2.000,0.000,0.000,16.000,0,0,0
B3_zmq_pushpull,zmq_tcp,none,none,,1,31568,512,584,1785153468028638000,1785153468028638000,1785153468028638000,1785153468028639000,1785153468028720000,1785153468028723000,1785153468028723000,1785153468028723000,121932490,121652369,-199.121,0.000,0.000,1.000,3.000,0.000,0.000,1.000,0,0,0
B3_zmq_pushpull,zmq_tcp,none,none,,1,31569,512,584,1785153468029640000,1785153468029640000,1785153468029640000,1785153468029641000,1785153468029736000,1785153468029739000,1785153468029739000,1785153468029739000,121932490,121652369,-185.121,0.000,0.000,1.000,3.000,0.000,0.000,14.000,0,0,0
B3_zmq_pushpull,zmq_tcp,none,none,,1,31570,512,584,1785153468030639000,1785153468030639000,1785153468030639000,1785153468030640000,1785153468030737000,1785153468030740000,1785153468030740000,1785153468030740000,121932490,121652369,-183.121,0.000,0.000,1.000,3.000,0.000,0.000,2.000,0,0,0
B3_zmq_pushpull,zmq_tcp,none,none,,1,31571,512,584,1785153468031639000,1785153468031639000,1785153468031639000,1785153468031640000,1785153468031735000,1785153468031737000,1785153468031738000,1785153468031738000,121932490,121652369,-185.121,0.000,0.000,1.000,2.000,1.000,0.000,2.000,0,0,0
B3_zmq_pushpull,zmq_tcp,none,none,,1,31572,512,584,1785153468032637000,1785153468032637000,1785153468032637000,1785153468032638000,1785153468032747000,1785153468032755000,1785153468032755000,1785153468032755000,121932490,121652369,-171.121,0.000,0.000,1.000,8.000,0.000,0.000,14.000,0,0,0
B3_zmq_pushpull,zmq_tcp,none,none,,1,31573,512,584,1785153468033642000,1785153468033642000,1785153468033642000,1785153468033643000,1785153468033766000,1785153468033770000,1785153468033770000,1785153468033770000,121932490,121652369,-157.121,0.000,0.000,1.000,4.000,0.000,0.000,14.000,0,0,0
B3_zmq_pushpull,zmq_tcp,none,none,,1,31574,512,584,1785153468034639000,1785153468034639000,1785153468034639000,1785153468034640000,1785153468034761000,1785153468034764000,1785153468034764000,1785153468034764000,121932490,121652369,-159.121,0.000,0.000,1.000,3.000,0.000,0.000,2.000,0,0,0
B3_zmq_pushpull,zmq_tcp,none,none,,1,31575,512,584,1785153468035640000,1785153468035641000,1785153468035641000,1785153468035642000,1785153468035763000,1785153468035765000,1785153468035765000,1785153468035765000,121932490,121652369,-159.121,1.000,0.000,1.000,2.000,0.000,0.000,0.000,0,0,0
B3_zmq_pushpull,zmq_tcp,none,none,,1,31576,512,584,1785153468036636000,1785153468036636000,1785153468036637000,1785153468036637000,1785153468036765000,1785153468036768000,1785153468036768000,1785153468036768000,121932490,121652369,-152.121,0.000,1.000,0.000,3.000,0.000,0.000,7.000,0,0,0
B3_zmq_pushpull,zmq_tcp,none,none,,1,31577,512,584,1785153468037640000,1785153468037640000,1785153468037641000,1785153468037641000,1785153468037766000,1785153468037769000,1785153468037769000,1785153468037769000,121932490,121652369,-155.121,0.000,1.000,0.000,3.000,0.000,0.000,3.000,0,0,0
B3_zmq_pushpull,zmq_tcp,none,none,,1,31578,512,584,1785153468038639000,1785153468038639000,1785153468038639000,1785153468038640000,1785153468038765000,1785153468038768000,1785153468038768000,1785153468038768000,121932490,121652369,-155.121,0.000,0.000,1.000,3.000,0.000,0.000,0.000,0,0,0
B3_zmq_pushpull,zmq_tcp,none,none,,1,31579,512,584,1785153468039639000,1785153468039639000,1785153468039639000,1785153468039640000,1785153468039781000,1785153468039784000,1785153468039784000,1785153468039784000,121932490,121652369,-139.121,0.000,0.000,1.000,3.000,0.000,0.000,16.000,0,0,0
B3_zmq_pushpull,zmq_tcp,none,none,,1,31580,512,584,1785153468040638000,1785153468040638000,1785153468040638000,1785153468040639000,1785153468040784000,1785153468040787000,1785153468040788000,1785153468040788000,121932490,121652369,-135.121,0.000,0.000,1.000,3.000,1.000,0.000,4.000,0,0,0
B3_zmq_pushpull,zmq_tcp,none,none,,1,31581,512,584,1785153468041640000,1785153468041640000,1785153468041640000,1785153468041641000,1785153468041797000,1785153468041801000,1785153468041801000,1785153468041801000,121932490,121652369,-124.121,0.000,0.000,1.000,4.000,0.000,0.000,11.000,0,0,0
B3_zmq_pushpull,zmq_tcp,none,none,,1,31582,512,584,1785153468042501000,1785153468042501000,1785153468042501000,1785153468042502000,1785153468042660000,1785153468042669000,1785153468042669000,1785153468042669000,121932490,121652369,-122.121,0.000,0.000,1.000,9.000,0.000,0.000,2.000,0,0,0
B3_zmq_pushpull,zmq_tcp,none,none,,1,31583,512,584,1785153468043674000,1785153468043674000,1785153468043674000,1785153468043675000,1785153468043821000,1785153468043825000,1785153468043825000,1785153468043825000,121932490,121652369,-134.121,0.000,0.000,1.000,4.000,0.000,0.000,12.000,0,0,0
B3_zmq_pushpull,zmq_tcp,none,none,,1,31584,512,584,1785153468044630000,1785153468044630000,1785153468044630000,1785153468044631000,1785153468044669000,1785153468044671000,1785153468044671000,1785153468044671000,121932490,121652369,-242.121,0.000,0.000,1.000,2.000,0.000,0.000,108.000,0,0,0
B3_zmq_pushpull,zmq_tcp,none,none,,1,31585,512,584,1785153468045643000,1785153468045643000,1785153468045643000,1785153468045644000,1785153468045814000,1785153468045817000,1785153468045817000,1785153468045817000,121932490,121652369,-110.121,0.000,0.000,1.000,3.000,0.000,0.000,132.000,0,0,0
B3_zmq_pushpull,zmq_tcp,none,none,,1,31586,512,584,1785153468046512000,1785153468046512000,1785153468046512000,1785153468046513000,1785153468046658000,1785153468046661000,1785153468046661000,1785153468046661000,121932490,121652369,-135.121,0.000,0.000,1.000,3.000,0.000,0.000,25.000,0,0,0
B3_zmq_pushpull,zmq_tcp,none,none,,1,31587,512,584,1785153468047671000,1785153468047671000,1785153468047671000,1785153468047672000,1785153468047809000,1785153468047812000,1785153468047812000,1785153468047812000,121932490,121652369,-143.121,0.000,0.000,1.000,3.000,0.000,0.000,8.000,0,0,0
B3_zmq_pushpull,zmq_tcp,none,none,,1,31588,512,584,1785153468048629000,1785153468048629000,1785153468048629000,1785153468048630000,1785153468048807000,1785153468048809000,1785153468048810000,1785153468048810000,121932490,121652369,-103.121,0.000,0.000,1.000,2.000,1.000,0.000,40.000,0,0,0
B3_zmq_pushpull,zmq_tcp,none,none,,1,31589,512,584,1785153468049645000,1785153468049645000,1785153468049645000,1785153468049646000,1785153468049796000,1785153468049798000,1785153468049799000,1785153468049799000,121932490,121652369,-130.121,0.000,0.000,1.000,2.000,1.000,0.000,27.000,0,0,0
B3_zmq_pushpull,zmq_tcp,none,none,,1,31590,512,584,1785153468050501000,1785153468050502000,1785153468050502000,1785153468050503000,1785153468050648000,1785153468050652000,1785153468050652000,1785153468050652000,121932490,121652369,-135.121,1.000,0.000,1.000,4.000,0.000,0.000,5.000,0,0,0
B3_zmq_pushpull,zmq_tcp,none,none,,1,31591,512,584,1785153468051674000,1785153468051674000,1785153468051674000,1785153468051675000,1785153468051777000,1785153468051780000,1785153468051780000,1785153468051780000,121932490,121652369,-178.121,0.000,0.000,1.000,3.000,0.000,0.000,43.000,0,0,0
B3_zmq_pushpull,zmq_tcp,none,none,,1,31592,512,584,1785153468052628000,1785153468052628000,1785153468052628000,1785153468052629000,1785153468052764000,1785153468052767000,1785153468052767000,1785153468052767000,121932490,121652369,-145.121,0.000,0.000,1.000,3.000,0.000,0.000,33.000,0,0,0
B3_zmq_pushpull,zmq_tcp,none,none,,1,31593,512,584,1785153468053642000,1785153468053642000,1785153468053642000,1785153468053643000,1785153468053758000,1785153468053760000,1785153468053760000,1785153468053760000,121932490,121652369,-165.121,0.000,0.000,1.000,2.000,0.000,0.000,20.000,0,0,0
B3_zmq_pushpull,zmq_tcp,none,none,,1,31594,512,584,1785153468054639000,1785153468054639000,1785153468054639000,1785153468054640000,1785153468054774000,1785153468054776000,1785153468054776000,1785153468054776000,121932490,121652369,-146.121,0.000,0.000,1.000,2.000,0.000,0.000,19.000,0,0,0
B3_zmq_pushpull,zmq_tcp,none,none,,1,31595,512,584,1785153468055639000,1785153468055639000,1785153468055639000,1785153468055640000,1785153468055770000,1785153468055772000,1785153468055772000,1785153468055772000,121932490,121652369,-150.121,0.000,0.000,1.000,2.000,0.000,0.000,4.000,0,0,0
B3_zmq_pushpull,zmq_tcp,none,none,,1,31596,512,584,1785153468056640000,1785153468056641000,1785153468056641000,1785153468056642000,1785153468056771000,1785153468056773000,1785153468056773000,1785153468056773000,121932490,121652369,-151.121,1.000,0.000,1.000,2.000,0.000,0.000,1.000,0,0,0
B3_zmq_pushpull,zmq_tcp,none,none,,1,31597,512,584,1785153468057639000,1785153468057639000,1785153468057639000,1785153468057640000,1785153468057778000,1785153468057780000,1785153468057780000,1785153468057780000,121932490,121652369,-142.121,0.000,0.000,1.000,2.000,0.000,0.000,9.000,0,0,0
B3_zmq_pushpull,zmq_tcp,none,none,,1,31598,512,584,1785153468058639000,1785153468058639000,1785153468058639000,1785153468058640000,1785153468058766000,1785153468058768000,1785153468058768000,1785153468058768000,121932490,121652369,-154.121,0.000,0.000,1.000,2.000,0.000,0.000,12.000,0,0,0
B3_zmq_pushpull,zmq_tcp,none,none,,1,31599,512,584,1785153468059639000,1785153468059639000,1785153468059640000,1785153468059640000,1785153468059741000,1785153468059744000,1785153468059744000,1785153468059744000,121932490,121652369,-179.121,0.000,1.000,0.000,3.000,0.000,0.000,25.000,0,0,0
B3_zmq_pushpull,zmq_tcp,none,none,,1,31600,512,584,1785153468060637000,1785153468060637000,1785153468060637000,1785153468060638000,1785153468060744000,1785153468060747000,1785153468060747000,1785153468060747000,121932490,121652369,-174.121,0.000,0.000,1.000,3.000,0.000,0.000,5.000,0,0,0
B3_zmq_pushpull,zmq_tcp,none,none,,1,31601,512,584,1785153468061641000,1785153468061641000,1785153468061641000,1785153468061642000,1785153468061751000,1785153468061754000,1785153468061754000,1785153468061754000,121932490,121652369,-171.121,0.000,0.000,1.000,3.000,0.000,0.000,3.000,0,0,0
B3_zmq_pushpull,zmq_tcp,none,none,,1,31602,512,584,1785153468062640000,1785153468062640000,1785153468062640000,1785153468062641000,1785153468062746000,1785153468062748000,1785153468062748000,1785153468062748000,121932490,121652369,-175.121,0.000,0.000,1.000,2.000,0.000,0.000,4.000,0,0,0
B3_zmq_pushpull,zmq_tcp,none,none,,1,31603,512,584,1785153468063639000,1785153468063640000,1785153468063640000,1785153468063640000,1785153468063730000,1785153468063733000,1785153468063733000,1785153468063733000,121932490,121652369,-190.121,1.000,0.000,0.000,3.000,0.000,0.000,15.000,0,0,0
B3_zmq_pushpull,zmq_tcp,none,none,,1,31604,512,584,1785153468064637000,1785153468064637000,1785153468064637000,1785153468064638000,1785153468064730000,1785153468064733000,1785153468064733000,1785153468064733000,121932490,121652369,-188.121,0.000,0.000,1.000,3.000,0.000,0.000,2.000,0,0,0
B3_zmq_pushpull,zmq_tcp,none,none,,1,31605,512,584,1785153468065639000,1785153468065640000,1785153468065640000,1785153468065641000,1785153468065715000,1785153468065718000,1785153468065718000,1785153468065718000,121932490,121652369,-206.121,1.000,0.000,1.000,3.000,0.000,0.000,18.000,0,0,0
B3_zmq_pushpull,zmq_tcp,none,none,,1,31606,512,584,1785153468066639000,1785153468066640000,1785153468066640000,1785153468066641000,1785153468066711000,1785153468066713000,1785153468066713000,1785153468066713000,121932490,121652369,-210.121,1.000,0.000,1.000,2.000,0.000,0.000,4.000,0,0,0
B3_zmq_pushpull,zmq_tcp,none,none,,1,31607,512,584,1785153468067639000,1785153468067640000,1785153468067640000,1785153468067641000,1785153468067728000,1785153468067731000,1785153468067731000,1785153468067731000,121932490,121652369,-193.121,1.000,0.000,1.000,3.000,0.000,0.000,17.000,0,0,0
B3_zmq_pushpull,zmq_tcp,none,none,,1,31608,512,584,1785153468068638000,1785153468068638000,1785153468068638000,1785153468068639000,1785153468068739000,1785153468068742000,1785153468068742000,1785153468068742000,121932490,121652369,-180.121,0.000,0.000,1.000,3.000,0.000,0.000,13.000,0,0,0
B3_zmq_pushpull,zmq_tcp,none,none,,1,31609,512,584,1785153468069460000,1785153468069460000,1785153468069460000,1785153468069461000,1785153468069596000,1785153468069599000,1785153468069599000,1785153468069599000,121932490,121652369,-145.121,0.000,0.000,1.000,3.000,0.000,0.000,35.000,0,0,0
B3_zmq_pushpull,zmq_tcp,none,none,,1,31610,512,584,1785153468070456000,1785153468070456000,1785153468070456000,1785153468070457000,1785153468070606000,1785153468070608000,1785153468070608000,1785153468070608000,121932490,121652369,-131.121,0.000,0.000,1.000,2.000,0.000,0.000,14.000,0,0,0
B3_zmq_pushpull,zmq_tcp,none,none,,1,31611,512,584,1785153468071686000,1785153468071687000,1785153468071687000,1785153468071688000,1785153468071743000,1785153468071746000,1785153468071746000,1785153468071746000,121932490,121652369,-225.121,1.000,0.000,1.000,3.000,0.000,0.000,94.000,0,0,0
B3_zmq_pushpull,zmq_tcp,none,none,,1,31612,512,584,1785153468072628000,1785153468072628000,1785153468072628000,1785153468072629000,1785153468072732000,1785153468072736000,1785153468072736000,1785153468072736000,121932490,121652369,-177.121,0.000,0.000,1.000,4.000,0.000,0.000,48.000,0,0,0
B3_zmq_pushpull,zmq_tcp,none,none,,1,31613,512,584,1785153468073642000,1785153468073642000,1785153468073642000,1785153468073643000,1785153468073734000,1785153468073736000,1785153468073737000,1785153468073737000,121932490,121652369,-189.121,0.000,0.000,1.000,2.000,1.000,0.000,12.000,0,0,0
B3_zmq_pushpull,zmq_tcp,none,none,,1,31614,512,584,1785153468074642000,1785153468074642000,1785153468074642000,1785153468074643000,1785153468074731000,1785153468074734000,1785153468074734000,1785153468074734000,121932490,121652369,-192.121,0.000,0.000,1.000,3.000,0.000,0.000,3.000,0,0,0
B3_zmq_pushpull,zmq_tcp,none,none,,1,31615,512,584,1785153468075639000,1785153468075640000,1785153468075640000,1785153468075641000,1785153468075728000,1785153468075731000,1785153468075731000,1785153468075731000,121932490,121652369,-193.121,1.000,0.000,1.000,3.000,0.000,0.000,1.000,0,0,0
B3_zmq_pushpull,zmq_tcp,none,none,,1,31616,512,584,1785153468076641000,1785153468076641000,1785153468076641000,1785153468076642000,1785153468076730000,1785153468076732000,1785153468076732000,1785153468076732000,121932490,121652369,-192.121,0.000,0.000,1.000,2.000,0.000,0.000,1.000,0,0,0
B3_zmq_pushpull,zmq_tcp,none,none,,1,31617,512,584,1785153468077639000,1785153468077640000,1785153468077640000,1785153468077641000,1785153468077727000,1785153468077730000,1785153468077730000,1785153468077730000,121932490,121652369,-194.121,1.000,0.000,1.000,3.000,0.000,0.000,2.000,0,0,0
B3_zmq_pushpull,zmq_tcp,none,none,,1,31618,512,584,1785153468078640000,1785153468078640000,1785153468078640000,1785153468078641000,1785153468078727000,1785153468078730000,1785153468078730000,1785153468078730000,121932490,121652369,-194.121,0.000,0.000,1.000,3.000,0.000,0.000,0.000,0,0,0
B3_zmq_pushpull,zmq_tcp,none,none,,1,31619,512,584,1785153468079640000,1785153468079640000,1785153468079640000,1785153468079641000,1785153468079726000,1785153468079728000,1785153468079728000,1785153468079728000,121932490,121652369,-195.121,0.000,0.000,1.000,2.000,0.000,0.000,1.000,0,0,0
B3_zmq_pushpull,zmq_tcp,none,none,,1,31620,512,584,1785153468080637000,1785153468080637000,1785153468080637000,1785153468080638000,1785153468080715000,1785153468080718000,1785153468080718000,1785153468080718000,121932490,121652369,-203.121,0.000,0.000,1.000,3.000,0.000,0.000,8.000,0,0,0
B3_zmq_pushpull,zmq_tcp,none,none,,1,31621,512,584,1785153468081641000,1785153468081641000,1785153468081641000,1785153468081642000,1785153468081722000,1785153468081724000,1785153468081724000,1785153468081724000,121932490,121652369,-200.121,0.000,0.000,1.000,2.000,0.000,0.000,3.000,0,0,0
B3_zmq_pushpull,zmq_tcp,none,none,,1,31622,512,584,1785153468082642000,1785153468082642000,1785153468082642000,1785153468082643000,1785153468082735000,1785153468082738000,1785153468082738000,1785153468082738000,121932490,121652369,-188.121,0.000,0.000,1.000,3.000,0.000,0.000,12.000,0,0,0
B3_zmq_pushpull,zmq_tcp,none,none,,1,31623,512,584,1785153468083637000,1785153468083637000,1785153468083637000,1785153468083638000,1785153468083751000,1785153468083754000,1785153468083754000,1785153468083754000,121932490,121652369,-167.121,0.000,0.000,1.000,3.000,0.000,0.000,21.000,0,0,0
B3_zmq_pushpull,zmq_tcp,none,none,,1,31624,512,584,1785153468084643000,1785153468084644000,1785153468084644000,1785153468084644000,1785153468084746000,1785153468084748000,1785153468084748000,1785153468084748000,121932490,121652369,-178.121,1.000,0.000,0.000,2.000,0.000,0.000,11.000,0,0,0
B3_zmq_pushpull,zmq_tcp,none,none,,1,31625,512,584,1785153468085640000,1785153468085640000,1785153468085640000,1785153468085641000,1785153468085748000,1785153468085751000,1785153468085751000,1785153468085751000,121932490,121652369,-173.121,0.000,0.000,1.000,3.000,0.000,0.000,5.000,0,0,0
B3_zmq_pushpull,zmq_tcp,none,none,,1,31626,512,584,1785153468086640000,1785153468086640000,1785153468086640000,1785153468086641000,1785153468086746000,1785153468086748000,1785153468086748000,1785153468086748000,121932490,121652369,-175.121,0.000,0.000,1.000,2.000,0.000,0.000,2.000,0,0,0
B3_zmq_pushpull,zmq_tcp,none,none,,1,31627,512,584,1785153468087637000,1785153468087637000,1785153468087637000,1785153468087638000,1785153468087740000,1785153468087743000,1785153468087743000,1785153468087743000,121932490,121652369,-178.121,0.000,0.000,1.000,3.000,0.000,0.000,3.000,0,0,0
B3_zmq_pushpull,zmq_tcp,none,none,,1,31628,512,584,1785153468088642000,1785153468088642000,1785153468088642000,1785153468088643000,1785153468088738000,1785153468088741000,1785153468088741000,1785153468088741000,121932490,121652369,-185.121,0.000,0.000,1.000,3.000,0.000,0.000,7.000,0,0,0
B3_zmq_pushpull,zmq_tcp,none,none,,1,31629,512,584,1785153468089640000,1785153468089640000,1785153468089640000,1785153468089641000,1785153468089747000,1785153468089750000,1785153468089750000,1785153468089750000,121932490,121652369,-174.121,0.000,0.000,1.000,3.000,0.000,0.000,11.000,0,0,0
B3_zmq_pushpull,zmq_tcp,none,none,,1,31630,512,584,1785153468090640000,1785153468090641000,1785153468090641000,1785153468090642000,1785153468090754000,1785153468090756000,1785153468090756000,1785153468090756000,121932490,121652369,-168.121,1.000,0.000,1.000,2.000,0.000,0.000,6.000,0,0,0
B3_zmq_pushpull,zmq_tcp,none,none,,1,31631,512,584,1785153468091635000,1785153468091635000,1785153468091635000,1785153468091636000,1785153468091754000,1785153468091756000,1785153468091756000,1785153468091756000,121932490,121652369,-162.121,0.000,0.000,1.000,2.000,0.000,0.000,6.000,0,0,0
B3_zmq_pushpull,zmq_tcp,none,none,,1,31632,512,584,1785153468092641000,1785153468092641000,1785153468092641000,1785153468092642000,1785153468092760000,1785153468092763000,1785153468092763000,1785153468092763000,121932490,121652369,-162.121,0.000,0.000,1.000,3.000,0.000,0.000,0.000,0,0,0
B3_zmq_pushpull,zmq_tcp,none,none,,1,31633,512,584,1785153468093639000,1785153468093639000,1785153468093639000,1785153468093640000,1785153468093755000,1785153468093758000,1785153468093758000,1785153468093758000,121932490,121652369,-165.121,0.000,0.000,1.000,3.000,0.000,0.000,3.000,0,0,0
B3_zmq_pushpull,zmq_tcp,none,none,,1,31634,512,584,1785153468094640000,1785153468094640000,1785153468094640000,1785153468094641000,1785153468094760000,1785153468094764000,1785153468094764000,1785153468094764000,121932490,121652369,-161.121,0.000,0.000,1.000,4.000,0.000,0.000,4.000,0,0,0
B3_zmq_pushpull,zmq_tcp,none,none,,1,31635,512,584,1785153468095468000,1785153468095468000,1785153468095469000,1785153468095469000,1785153468095627000,1785153468095630000,1785153468095630000,1785153468095630000,121932490,121652369,-122.121,0.000,1.000,0.000,3.000,0.000,0.000,39.000,0,0,0
B3_zmq_pushpull,zmq_tcp,none,none,,1,31636,512,584,1785153468096682000,1785153468096682000,1785153468096682000,1785153468096683000,1785153468096776000,1785153468096779000,1785153468096779000,1785153468096779000,121932490,121652369,-187.121,0.000,0.000,1.000,3.000,0.000,0.000,65.000,0,0,0
B3_zmq_pushpull,zmq_tcp,none,none,,1,31637,512,584,1785153468097629000,1785153468097629000,1785153468097629000,1785153468097630000,1785153468097763000,1785153468097766000,1785153468097766000,1785153468097766000,121932490,121652369,-147.121,0.000,0.000,1.000,3.000,0.000,0.000,40.000,0,0,0
B3_zmq_pushpull,zmq_tcp,none,none,,1,31638,512,584,1785153468098643000,1785153468098644000,1785153468098644000,1785153468098645000,1785153468098768000,1785153468098771000,1785153468098771000,1785153468098771000,121932490,121652369,-157.121,1.000,0.000,1.000,3.000,0.000,0.000,10.000,0,0,0
B3_zmq_pushpull,zmq_tcp,none,none,,1,31639,512,584,1785153468099636000,1785153468099636000,1785153468099636000,1785153468099637000,1785153468099764000,1785153468099767000,1785153468099767000,1785153468099767000,121932490,121652369,-153.121,0.000,0.000,1.000,3.000,0.000,0.000,4.000,0,0,0
B3_zmq_pushpull,zmq_tcp,none,none,,1,31640,512,584,1785153468100641000,1785153468100641000,1785153468100641000,1785153468100642000,1785153468100752000,1785153468100755000,1785153468100755000,1785153468100755000,121932490,121652369,-170.121,0.000,0.000,1.000,3.000,0.000,0.000,17.000,0,0,0
B3_zmq_pushpull,zmq_tcp,none,none,,1,31641,512,584,1785153468101640000,1785153468101640000,1785153468101640000,1785153468101641000,1785153468101747000,1785153468101750000,1785153468101750000,1785153468101750000,121932490,121652369,-174.121,0.000,0.000,1.000,3.000,0.000,0.000,4.000,0,0,0
B3_zmq_pushpull,zmq_tcp,none,none,,1,31642,512,584,1785153468102640000,1785153468102640000,1785153468102640000,1785153468102641000,1785153468102741000,1785153468102744000,1785153468102744000,1785153468102744000,121932490,121652369,-180.121,0.000,0.000,1.000,3.000,0.000,0.000,6.000,0,0,0
B3_zmq_pushpull,zmq_tcp,none,none,,1,31643,512,584,1785153468103636000,1785153468103636000,1785153468103636000,1785153468103637000,1785153468103743000,1785153468103746000,1785153468103746000,1785153468103746000,121932490,121652369,-174.121,0.000,0.000,1.000,3.000,0.000,0.000,6.000,0,0,0
B3_zmq_pushpull,zmq_tcp,none,none,,1,31644,512,584,1785153468104645000,1785153468104645000,1785153468104645000,1785153468104646000,1785153468104751000,1785153468104754000,1785153468104754000,1785153468104754000,121932490,121652369,-175.121,0.000,0.000,1.000,3.000,0.000,0.000,1.000,0,0,0
B3_zmq_pushpull,zmq_tcp,none,none,,1,31645,512,584,1785153468105638000,1785153468105638000,1785153468105638000,1785153468105639000,1785153468105765000,1785153468105768000,1785153468105768000,1785153468105768000,121932490,121652369,-154.121,0.000,0.000,1.000,3.000,0.000,0.000,21.000,0,0,0
B3_zmq_pushpull,zmq_tcp,none,none,,1,31646,512,584,1785153468106641000,1785153468106641000,1785153468106641000,1785153468106642000,1785153468106732000,1785153468106735000,1785153468106735000,1785153468106735000,121932490,121652369,-190.121,0.000,0.000,1.000,3.000,0.000,0.000,36.000,0,0,0
B3_zmq_pushpull,zmq_tcp,none,none,,1,31647,512,584,1785153468107637000,1785153468107637000,1785153468107637000,1785153468107638000,1785153468107708000,1785153468107711000,1785153468107711000,1785153468107711000,121932490,121652369,-210.121,0.000,0.000,1.000,3.000,0.000,0.000,20.000,0,0,0
B3_zmq_pushpull,zmq_tcp,none,none,,1,31648,512,584,1785153468108641000,1785153468108641000,1785153468108641000,1785153468108642000,1785153468108702000,1785153468108704000,1785153468108704000,1785153468108704000,121932490,121652369,-220.121,0.000,0.000,1.000,2.000,0.000,0.000,10.000,0,0,0
B3_zmq_pushpull,zmq_tcp,none,none,,1,31649,512,584,1785153468109639000,1785153468109639000,1785153468109639000,1785153468109640000,1785153468109681000,1785153468109685000,1785153468109685000,1785153468109685000,121932490,121652369,-239.121,0.000,0.000,1.000,4.000,0.000,0.000,19.000,0,0,0
B3_zmq_pushpull,zmq_tcp,none,none,,1,31650,512,584,1785153468110529000,1785153468110529000,1785153468110529000,1785153468110530000,1785153468110686000,1785153468110688000,1785153468110688000,1785153468110689000,121932490,121652369,-124.121,0.000,0.000,1.000,2.000,0.000,1.000,115.000,0,0,0
B3_zmq_pushpull,zmq_tcp,none,none,,1,31651,512,584,1785153468111671000,1785153468111671000,1785153468111671000,1785153468111672000,1785153468111845000,1785153468111847000,1785153468111847000,1785153468111847000,121932490,121652369,-107.121,0.000,0.000,1.000,2.000,0.000,0.000,17.000,0,0,0
B3_zmq_pushpull,zmq_tcp,none,none,,1,31652,512,584,1785153468112632000,1785153468112632000,1785153468112632000,1785153468112633000,1785153468112675000,1785153468112679000,1785153468112679000,1785153468112679000,121932490,121652369,-238.121,0.000,0.000,1.000,4.000,0.000,0.000,131.000,0,0,0
B3_zmq_pushpull,zmq_tcp,none,none,,1,31653,512,584,1785153468113642000,1785153468113642000,1785153468113642000,1785153468113643000,1785153468113822000,1785153468113824000,1785153468113825000,1785153468113825000,121932490,121652369,-101.121,0.000,0.000,1.000,2.000,1.000,0.000,137.000,0,0,0
B3_zmq_pushpull,zmq_tcp,none,none,,1,31654,512,584,1785153468114636000,1785153468114636000,1785153468114636000,1785153468114637000,1785153468114686000,1785153468114689000,1785153468114690000,1785153468114690000,121932490,121652369,-231.121,0.000,0.000,1.000,3.000,1.000,0.000,130.000,0,0,0
B3_zmq_pushpull,zmq_tcp,none,none,,1,31655,512,584,1785153468115640000,1785153468115640000,1785153468115640000,1785153468115641000,1785153468115684000,1785153468115687000,1785153468115687000,1785153468115687000,121932490,121652369,-237.121,0.000,0.000,1.000,3.000,0.000,0.000,6.000,0,0,0
B3_zmq_pushpull,zmq_tcp,none,none,,1,31656,512,584,1785153468116639000,1785153468116639000,1785153468116639000,1785153468116640000,1785153468116792000,1785153468116794000,1785153468116794000,1785153468116794000,121932490,121652369,-128.121,0.000,0.000,1.000,2.000,0.000,0.000,109.000,0,0,0
B3_zmq_pushpull,zmq_tcp,none,none,,1,31657,512,584,1785153468117483000,1785153468117483000,1785153468117483000,1785153468117484000,1785153468117640000,1785153468117643000,1785153468117643000,1785153468117643000,121932490,121652369,-124.121,0.000,0.000,1.000,3.000,0.000,0.000,4.000,0,0,0
B3_zmq_pushpull,zmq_tcp,none,none,,1,31658,512,584,1785153468118677000,1785153468118677000,1785153468118677000,1785153468118678000,1785153468118769000,1785153468118772000,1785153468118772000,1785153468118772000,121932490,121652369,-189.121,0.000,0.000,1.000,3.000,0.000,0.000,65.000,0,0,0
B3_zmq_pushpull,zmq_tcp,none,none,,1,31659,512,584,1785153468119455000,1785153468119455000,1785153468119455000,1785153468119456000,1785153468119617000,1785153468119620000,1785153468119620000,1785153468119620000,121932490,121652369,-119.121,0.000,0.000,1.000,3.000,0.000,0.000,70.000,0,0,0
B3_zmq_pushpull,zmq_tcp,none,none,,1,31660,512,584,1785153468120685000,1785153468120685000,1785153468120685000,1785153468120686000,1785153468120757000,1785153468120760000,1785153468120760000,1785153468120760000,121932490,121652369,-209.121,0.000,0.000,1.000,3.000,0.000,0.000,90.000,0,0,0
B3_zmq_pushpull,zmq_tcp,none,none,,1,31661,512,584,1785153468121625000,1785153468121625000,1785153468121625000,1785153468121626000,1785153468121722000,1785153468121725000,1785153468121725000,1785153468121725000,121932490,121652369,-184.121,0.000,0.000,1.000,3.000,0.000,0.000,25.000,0,0,0
B3_zmq_pushpull,zmq_tcp,none,none,,1,31662,512,584,1785153468122643000,1785153468122643000,1785153468122643000,1785153468122644000,1785153468122698000,1785153468122701000,1785153468122701000,1785153468122701000,121932490,121652369,-226.121,0.000,0.000,1.000,3.000,0.000,0.000,42.000,0,0,0
B3_zmq_pushpull,zmq_tcp,none,none,,1,31663,512,584,1785153468123639000,1785153468123639000,1785153468123639000,1785153468123640000,1785153468123689000,1785153468123692000,1785153468123692000,1785153468123692000,121932490,121652369,-231.121,0.000,0.000,1.000,3.000,0.000,0.000,5.000,0,0,0
B3_zmq_pushpull,zmq_tcp,none,none,,1,31664,512,584,1785153468124511000,1785153468124512000,1785153468124512000,1785153468124513000,1785153468124659000,1785153468124662000,1785153468124662000,1785153468124662000,121932490,121652369,-134.121,1.000,0.000,1.000,3.000,0.000,0.000,97.000,0,0,0
B3_zmq_pushpull,zmq_tcp,none,none,,1,31665,512,584,1785153468125670000,1785153468125670000,1785153468125670000,1785153468125671000,1785153468125800000,1785153468125802000,1785153468125802000,1785153468125802000,121932490,121652369,-151.121,0.000,0.000,1.000,2.000,0.000,0.000,17.000,0,0,0
B3_zmq_pushpull,zmq_tcp,none,none,,1,31666,512,584,1785153468126632000,1785153468126632000,1785153468126632000,1785153468126633000,1785153468126790000,1785153468126793000,1785153468126793000,1785153468126793000,121932490,121652369,-123.121,0.000,0.000,1.000,3.000,0.000,0.000,28.000,0,0,0
B3_zmq_pushpull,zmq_tcp,none,none,,1,31667,512,584,1785153468127470000,1785153468127470000,1785153468127471000,1785153468127471000,1785153468127621000,1785153468127624000,1785153468127624000,1785153468127624000,121932490,121652369,-130.121,0.000,1.000,0.000,3.000,0.000,0.000,7.000,0,0,0
B3_zmq_pushpull,zmq_tcp,none,none,,1,31668,512,584,1785153468128447000,1785153468128447000,1785153468128447000,1785153468128448000,1785153468128590000,1785153468128593000,1785153468128593000,1785153468128593000,121932490,121652369,-138.121,0.000,0.000,1.000,3.000,0.000,0.000,8.000,0,0,0
B3_zmq_pushpull,zmq_tcp,none,none,,1,31669,512,584,1785153468129547000,1785153468129547000,1785153468129547000,1785153468129548000,1785153468129698000,1785153468129701000,1785153468129702000,1785153468129702000,121932490,121652369,-130.121,0.000,0.000,1.000,3.000,1.000,0.000,8.000,0,0,0
B3_zmq_pushpull,zmq_tcp,none,none,,1,31670,512,584,1785153468130663000,1785153468130663000,1785153468130663000,1785153468130664000,1785153468130802000,1785153468130804000,1785153468130804000,1785153468130804000,121932490,121652369,-142.121,0.000,0.000,1.000,2.000,0.000,0.000,12.000,0,0,0
B3_zmq_pushpull,zmq_tcp,none,none,,1,31671,512,584,1785153468131635000,1785153468131635000,1785153468131635000,1785153468131636000,1785153468131798000,1785153468131801000,1785153468131801000,1785153468131801000,121932490,121652369,-118.121,0.000,0.000,1.000,3.000,0.000,0.000,24.000,0,0,0
B3_zmq_pushpull,zmq_tcp,none,none,,1,31672,512,584,1785153468132486000,1785153468132487000,1785153468132487000,1785153468132488000,1785153468132646000,1785153468132649000,1785153468132649000,1785153468132649000,121932490,121652369,-122.121,1.000,0.000,1.000,3.000,0.000,0.000,4.000,0,0,0
B3_zmq_pushpull,zmq_tcp,none,none,,1,31673,512,584,1785153468133680000,1785153468133680000,1785153468133680000,1785153468133681000,1785153468133762000,1785153468133764000,1785153468133764000,1785153468133764000,121932490,121652369,-199.121,0.000,0.000,1.000,2.000,0.000,0.000,77.000,0,0,0
B3_zmq_pushpull,zmq_tcp,none,none,,1,31674,512,584,1785153468134629000,1785153468134629000,1785153468134630000,1785153468134630000,1785153468134742000,1785153468134746000,1785153468134746000,1785153468134746000,121932490,121652369,-168.121,0.000,1.000,0.000,4.000,0.000,0.000,31.000,0,0,0
B3_zmq_pushpull,zmq_tcp,none,none,,1,31675,512,584,1785153468135563000,1785153468135563000,1785153468135563000,1785153468135564000,1785153468135717000,1785153468135720000,1785153468135720000,1785153468135720000,121932490,121652369,-127.121,0.000,0.000,1.000,3.000,0.000,0.000,41.000,0,0,0
B3_zmq_pushpull,zmq_tcp,none,none,,1,31676,512,584,1785153468136523000,1785153468136523000,1785153468136523000,1785153468136524000,1785153468136677000,1785153468136680000,1785153468136680000,1785153468136680000,121932490,121652369,-127.121,0.000,0.000,1.000,3.000,0.000,0.000,0.000,0,0,0
B3_zmq_pushpull,zmq_tcp,none,none,,1,31677,512,584,1785153468137670000,1785153468137670000,1785153468137671000,1785153468137671000,1785153468137802000,1785153468137806000,1785153468137806000,1785153468137806000,121932490,121652369,-149.121,0.000,1.000,0.000,4.000,0.000,0.000,22.000,0,0,0
B3_zmq_pushpull,zmq_tcp,none,none,,1,31678,512,584,1785153468138631000,1785153468138631000,1785153468138631000,1785153468138632000,1785153468138793000,1785153468138797000,1785153468138797000,1785153468138797000,121932490,121652369,-119.121,0.000,0.000,1.000,4.000,0.000,0.000,30.000,0,0,0
B3_zmq_pushpull,zmq_tcp,none,none,,1,31679,512,584,1785153468139496000,1785153468139496000,1785153468139496000,1785153468139497000,1785153468139652000,1785153468139654000,1785153468139654000,1785153468139654000,121932490,121652369,-125.121,0.000,0.000,1.000,2.000,0.000,0.000,6.000,0,0,0
B3_zmq_pushpull,zmq_tcp,none,none,,1,31680,512,584,1785153468140471000,1785153468140471000,1785153468140471000,1785153468140472000,1785153468140628000,1785153468140630000,1785153468140630000,1785153468140630000,121932490,121652369,-124.121,0.000,0.000,1.000,2.000,0.000,0.000,1.000,0,0,0
B3_zmq_pushpull,zmq_tcp,none,none,,1,31681,512,584,1785153468141681000,1785153468141682000,1785153468141682000,1785153468141683000,1785153468141853000,1785153468141856000,1785153468141856000,1785153468141856000,121932490,121652369,-110.121,1.000,0.000,1.000,3.000,0.000,0.000,14.000,0,0,0
B3_zmq_pushpull,zmq_tcp,none,none,,1,31682,512,584,1785153468142530000,1785153468142530000,1785153468142530000,1785153468142532000,1785153468142673000,1785153468142676000,1785153468142676000,1785153468142676000,121932490,121652369,-139.121,0.000,0.000,2.000,3.000,0.000,0.000,29.000,0,0,0
B3_zmq_pushpull,zmq_tcp,none,none,,1,31683,512,584,1785153468143494000,1785153468143494000,1785153468143494000,1785153468143496000,1785153468143637000,1785153468143640000,1785153468143640000,1785153468143640000,121932490,121652369,-139.121,0.000,0.000,2.000,3.000,0.000,0.000,0.000,0,0,0
B3_zmq_pushpull,zmq_tcp,none,none,,1,31684,512,584,1785153468144675000,1785153468144675000,1785153468144675000,1785153468144676000,1785153468144737000,1785153468144740000,1785153468144740000,1785153468144740000,121932490,121652369,-219.121,0.000,0.000,1.000,3.000,0.000,0.000,80.000,0,0,0
B3_zmq_pushpull,zmq_tcp,none,none,,1,31685,512,584,1785153468145633000,1785153468145633000,1785153468145633000,1785153468145634000,1785153468145725000,1785153468145728000,1785153468145728000,1785153468145728000,121932490,121652369,-189.121,0.000,0.000,1.000,3.000,0.000,0.000,30.000,0,0,0
B3_zmq_pushpull,zmq_tcp,none,none,,1,31686,512,584,1785153468146558000,1785153468146558000,1785153468146559000,1785153468146559000,1785153468146714000,1785153468146717000,1785153468146717000,1785153468146717000,121932490,121652369,-125.121,0.000,1.000,0.000,3.000,0.000,0.000,64.000,0,0,0
B3_zmq_pushpull,zmq_tcp,none,none,,1,31687,512,584,1785153468147661000,1785153468147661000,1785153468147661000,1785153468147662000,1785153468147848000,1785153468147850000,1785153468147850000,1785153468147850000,121932490,121652369,-94.121,0.000,0.000,1.000,2.000,0.000,0.000,31.000,0,0,0
B3_zmq_pushpull,zmq_tcp,none,none,,1,31688,512,584,1785153468148518000,1785153468148518000,1785153468148518000,1785153468148519000,1785153468148669000,1785153468148673000,1785153468148673000,1785153468148673000,121932490,121652369,-130.121,0.000,0.000,1.000,4.000,0.000,0.000,36.000,0,0,0
B3_zmq_pushpull,zmq_tcp,none,none,,1,31689,512,584,1785153468149669000,1785153468149670000,1785153468149670000,1785153468149671000,1785153468149772000,1785153468149774000,1785153468149774000,1785153468149774000,121932490,121652369,-179.121,1.000,0.000,1.000,2.000,0.000,0.000,49.000,0,0,0
B3_zmq_pushpull,zmq_tcp,none,none,,1,31690,512,584,1785153468150628000,1785153468150629000,1785153468150629000,1785153468150630000,1785153468150738000,1785153468150741000,1785153468150741000,1785153468150741000,121932490,121652369,-172.121,1.000,0.000,1.000,3.000,0.000,0.000,7.000,0,0,0
B3_zmq_pushpull,zmq_tcp,none,none,,1,31691,512,584,1785153468151557000,1785153468151557000,1785153468151558000,1785153468151559000,1785153468151715000,1785153468151717000,1785153468151717000,1785153468151717000,121932490,121652369,-124.121,0.000,1.000,1.000,2.000,0.000,0.000,48.000,0,0,0
B3_zmq_pushpull,zmq_tcp,none,none,,1,31692,512,584,1785153468152558000,1785153468152559000,1785153468152559000,1785153468152560000,1785153468152719000,1785153468152721000,1785153468152721000,1785153468152721000,121932490,121652369,-121.121,1.000,0.000,1.000,2.000,0.000,0.000,3.000,0,0,0
B3_zmq_pushpull,zmq_tcp,none,none,,1,31693,512,584,1785153468153660000,1785153468153661000,1785153468153661000,1785153468153662000,1785153468153865000,1785153468153868000,1785153468153868000,1785153468153869000,121932490,121652369,-77.121,1.000,0.000,1.000,3.000,0.000,1.000,44.000,0,0,0
B3_zmq_pushpull,zmq_tcp,none,none,,1,31694,512,584,1785153468154565000,1785153468154565000,1785153468154565000,1785153468154566000,1785153468154723000,1785153468154725000,1785153468154726000,1785153468154726000,121932490,121652369,-123.121,0.000,0.000,1.000,2.000,1.000,0.000,46.000,0,0,0
B3_zmq_pushpull,zmq_tcp,none,none,,1,31695,512,584,1785153468155657000,1785153468155658000,1785153468155658000,1785153468155659000,1785153468155717000,1785153468155720000,1785153468155720000,1785153468155720000,121932490,121652369,-222.121,1.000,0.000,1.000,3.000,0.000,0.000,99.000,0,0,0
B3_zmq_pushpull,zmq_tcp,none,none,,1,31696,512,584,1785153468156635000,1785153468156635000,1785153468156635000,1785153468156636000,1785153468156678000,1785153468156681000,1785153468156681000,1785153468156681000,121932490,121652369,-238.121,0.000,0.000,1.000,3.000,0.000,0.000,16.000,0,0,0
B3_zmq_pushpull,zmq_tcp,none,none,,1,31697,512,584,1785153468157645000,1785153468157645000,1785153468157645000,1785153468157646000,1785153468157820000,1785153468157823000,1785153468157823000,1785153468157823000,121932490,121652369,-106.121,0.000,0.000,1.000,3.000,0.000,0.000,132.000,0,0,0
B3_zmq_pushpull,zmq_tcp,none,none,,1,31698,512,584,1785153468158639000,1785153468158639000,1785153468158639000,1785153468158640000,1785153468158805000,1785153468158808000,1785153468158808000,1785153468158808000,121932490,121652369,-115.121,0.000,0.000,1.000,3.000,0.000,0.000,9.000,0,0,0
B3_zmq_pushpull,zmq_tcp,none,none,,1,31699,512,584,1785153468159641000,1785153468159641000,1785153468159641000,1785153468159643000,1785153468159804000,1785153468159807000,1785153468159807000,1785153468159807000,121932490,121652369,-119.121,0.000,0.000,2.000,3.000,0.000,0.000,4.000,0,0,0
B3_zmq_pushpull,zmq_tcp,none,none,,1,31700,512,584,1785153468160640000,1785153468160640000,1785153468160640000,1785153468160641000,1785153468160770000,1785153468160773000,1785153468160773000,1785153468160773000,121932490,121652369,-151.121,0.000,0.000,1.000,3.000,0.000,0.000,32.000,0,0,0
B3_zmq_pushpull,zmq_tcp,none,none,,1,31701,512,584,1785153468161641000,1785153468161641000,1785153468161641000,1785153468161642000,1785153468161763000,1785153468161765000,1785153468161765000,1785153468161765000,121932490,121652369,-159.121,0.000,0.000,1.000,2.000,0.000,0.000,8.000,0,0,0
B3_zmq_pushpull,zmq_tcp,none,none,,1,31702,512,584,1785153468162463000,1785153468162463000,1785153468162463000,1785153468162465000,1785153468162621000,1785153468162624000,1785153468162625000,1785153468162625000,121932490,121652369,-124.121,0.000,0.000,2.000,3.000,1.000,0.000,35.000,0,0,0
B3_zmq_pushpull,zmq_tcp,none,none,,1,31703,512,584,1785153468163461000,1785153468163461000,1785153468163461000,1785153468163463000,1785153468163607000,1785153468163611000,1785153468163611000,1785153468163611000,121932490,121652369,-136.121,0.000,0.000,2.000,4.000,0.000,0.000,12.000,0,0,0
B3_zmq_pushpull,zmq_tcp,none,none,,1,31704,512,584,1785153468164686000,1785153468164686000,1785153468164686000,1785153468164687000,1785153468164876000,1785153468164879000,1785153468164879000,1785153468164879000,121932490,121652369,-91.121,0.000,0.000,1.000,3.000,0.000,0.000,45.000,0,0,0
B3_zmq_pushpull,zmq_tcp,none,none,,1,31705,512,584,1785153468165624000,1785153468165624000,1785153468165625000,1785153468165625000,1785153468165740000,1785153468165743000,1785153468165743000,1785153468165743000,121932490,121652369,-165.121,0.000,1.000,0.000,3.000,0.000,0.000,74.000,0,0,0
B3_zmq_pushpull,zmq_tcp,none,none,,1,31706,512,584,1785153468166643000,1785153468166643000,1785153468166643000,1785153468166644000,1785153468166732000,1785153468166735000,1785153468166735000,1785153468166735000,121932490,121652369,-192.121,0.000,0.000,1.000,3.000,0.000,0.000,27.000,0,0,0
B3_zmq_pushpull,zmq_tcp,none,none,,1,31707,512,584,1785153468167639000,1785153468167639000,1785153468167639000,1785153468167640000,1785153468167710000,1785153468167713000,1785153468167713000,1785153468167713000,121932490,121652369,-210.121,0.000,0.000,1.000,3.000,0.000,0.000,18.000,0,0,0
B3_zmq_pushpull,zmq_tcp,none,none,,1,31708,512,584,1785153468168639000,1785153468168639000,1785153468168639000,1785153468168640000,1785153468168819000,1785153468168821000,1785153468168821000,1785153468168821000,121932490,121652369,-101.121,0.000,0.000,1.000,2.000,0.000,0.000,109.000,0,0,0
B3_zmq_pushpull,zmq_tcp,none,none,,1,31709,512,584,1785153468169636000,1785153468169636000,1785153468169636000,1785153468169637000,1785153468169757000,1785153468169760000,1785153468169760000,1785153468169760000,121932490,121652369,-160.121,0.000,0.000,1.000,3.000,0.000,0.000,59.000,0,0,0
B3_zmq_pushpull,zmq_tcp,none,none,,1,31710,512,584,1785153468170640000,1785153468170640000,1785153468170640000,1785153468170641000,1785153468170715000,1785153468170717000,1785153468170717000,1785153468170717000,121932490,121652369,-206.121,0.000,0.000,1.000,2.000,0.000,0.000,46.000,0,0,0
B3_zmq_pushpull,zmq_tcp,none,none,,1,31711,512,584,1785153468171569000,1785153468171569000,1785153468171569000,1785153468171570000,1785153468171718000,1785153468171721000,1785153468171721000,1785153468171721000,121932490,121652369,-132.121,0.000,0.000,1.000,3.000,0.000,0.000,74.000,0,0,0
B3_zmq_pushpull,zmq_tcp,none,none,,1,31712,512,584,1785153468172567000,1785153468172568000,1785153468172568000,1785153468172569000,1785153468172723000,1785153468172725000,1785153468172725000,1785153468172725000,121932490,121652369,-126.121,1.000,0.000,1.000,2.000,0.000,0.000,6.000,0,0,0
B3_zmq_pushpull,zmq_tcp,none,none,,1,31713,512,584,1785153468173558000,1785153468173558000,1785153468173558000,1785153468173559000,1785153468173716000,1785153468173719000,1785153468173719000,1785153468173719000,121932490,121652369,-123.121,0.000,0.000,1.000,3.000,0.000,0.000,3.000,0,0,0
B3_zmq_pushpull,zmq_tcp,none,none,,1,31714,512,584,1785153468174560000,1785153468174560000,1785153468174560000,1785153468174561000,1785153468174717000,1785153468174720000,1785153468174720000,1785153468174720000,121932490,121652369,-124.121,0.000,0.000,1.000,3.000,0.000,0.000,1.000,0,0,0
B3_zmq_pushpull,zmq_tcp,none,none,,1,31715,512,584,1785153468175664000,1785153468175664000,1785153468175664000,1785153468175665000,1785153468175837000,1785153468175840000,1785153468175840000,1785153468175840000,121932490,121652369,-108.121,0.000,0.000,1.000,3.000,0.000,0.000,16.000,0,0,0
B3_zmq_pushpull,zmq_tcp,none,none,,1,31716,512,584,1785153468176632000,1785153468176632000,1785153468176632000,1785153468176633000,1785153468176803000,1785153468176806000,1785153468176806000,1785153468176806000,121932490,121652369,-110.121,0.000,0.000,1.000,3.000,0.000,0.000,2.000,0,0,0
B3_zmq_pushpull,zmq_tcp,none,none,,1,31717,512,584,1785153468177490000,1785153468177490000,1785153468177490000,1785153468177491000,1785153468177643000,1785153468177645000,1785153468177645000,1785153468177645000,121932490,121652369,-128.121,0.000,0.000,1.000,2.000,0.000,0.000,18.000,0,0,0
B3_zmq_pushpull,zmq_tcp,none,none,,1,31718,512,584,1785153468178479000,1785153468178480000,1785153468178480000,1785153468178481000,1785153468178633000,1785153468178636000,1785153468178636000,1785153468178636000,121932490,121652369,-128.121,1.000,0.000,1.000,3.000,0.000,0.000,0.000,0,0,0
B3_zmq_pushpull,zmq_tcp,none,none,,1,31719,512,584,1785153468179474000,1785153468179475000,1785153468179475000,1785153468179476000,1785153468179621000,1785153468179625000,1785153468179625000,1785153468179625000,121932490,121652369,-135.121,1.000,0.000,1.000,4.000,0.000,0.000,7.000,0,0,0
B3_zmq_pushpull,zmq_tcp,none,none,,1,31720,512,584,1785153468180680000,1785153468180681000,1785153468180681000,1785153468180682000,1785153468180871000,1785153468180873000,1785153468180873000,1785153468180873000,121932490,121652369,-91.121,1.000,0.000,1.000,2.000,0.000,0.000,44.000,0,0,0
B3_zmq_pushpull,zmq_tcp,none,none,,1,31721,512,584,1785153468181569000,1785153468181569000,1785153468181570000,1785153468181570000,1785153468181719000,1785153468181722000,1785153468181722000,1785153468181722000,121932490,121652369,-131.121,0.000,1.000,0.000,3.000,0.000,0.000,40.000,0,0,0
B3_zmq_pushpull,zmq_tcp,none,none,,1,31722,512,584,1785153468182658000,1785153468182658000,1785153468182658000,1785153468182659000,1785153468182836000,1785153468182841000,1785153468182841000,1785153468182841000,121932490,121652369,-103.121,0.000,0.000,1.000,5.000,0.000,0.000,28.000,0,0,0
B3_zmq_pushpull,zmq_tcp,none,none,,1,31723,512,584,1785153468183632000,1785153468183632000,1785153468183632000,1785153468183633000,1785153468183696000,1785153468183700000,1785153468183700000,1785153468183700000,121932490,121652369,-217.121,0.000,0.000,1.000,4.000,0.000,0.000,114.000,0,0,0
B3_zmq_pushpull,zmq_tcp,none,none,,1,31724,512,584,1785153468184523000,1785153468184523000,1785153468184524000,1785153468184524000,1785153468184677000,1785153468184680000,1785153468184680000,1785153468184680000,121932490,121652369,-127.121,0.000,1.000,0.000,3.000,0.000,0.000,90.000,0,0,0
B3_zmq_pushpull,zmq_tcp,none,none,,1,31725,512,584,1785153468185524000,1785153468185524000,1785153468185524000,1785153468185525000,1785153468185675000,1785153468185678000,1785153468185678000,1785153468185678000,121932490,121652369,-130.121,0.000,0.000,1.000,3.000,0.000,0.000,3.000,0,0,0
B3_zmq_pushpull,zmq_tcp,none,none,,1,31726,512,584,1785153468186673000,1785153468186673000,1785153468186673000,1785153468186674000,1785153468186814000,1785153468186818000,1785153468186818000,1785153468186818000,121932490,121652369,-140.121,0.000,0.000,1.000,4.000,0.000,0.000,10.000,0,0,0
B3_zmq_pushpull,zmq_tcp,none,none,,1,31727,512,584,1785153468187528000,1785153468187528000,1785153468187528000,1785153468187529000,1785153468187680000,1785153468187682000,1785153468187682000,1785153468187682000,121932490,121652369,-129.121,0.000,0.000,1.000,2.000,0.000,0.000,11.000,0,0,0
B3_zmq_pushpull,zmq_tcp,none,none,,1,31728,512,584,1785153468188667000,1785153468188668000,1785153468188668000,1785153468188669000,1785153468188813000,1785153468188816000,1785153468188816000,1785153468188816000,121932490,121652369,-136.121,1.000,0.000,1.000,3.000,0.000,0.000,7.000,0,0,0
B3_zmq_pushpull,zmq_tcp,none,none,,1,31729,512,584,1785153468189638000,1785153468189638000,1785153468189638000,1785153468189639000,1785153468189797000,1785153468189801000,1785153468189801000,1785153468189801000,121932490,121652369,-122.121,0.000,0.000,1.000,4.000,0.000,0.000,14.000,0,0,0
B3_zmq_pushpull,zmq_tcp,none,none,,1,31730,512,584,1785153468190493000,1785153468190493000,1785153468190493000,1785153468190494000,1785153468190638000,1785153468190641000,1785153468190641000,1785153468190641000,121932490,121652369,-136.121,0.000,0.000,1.000,3.000,0.000,0.000,14.000,0,0,0
B3_zmq_pushpull,zmq_tcp,none,none,,1,31731,512,584,1785153468191674000,1785153468191674000,1785153468191674000,1785153468191675000,1785153468191768000,1785153468191770000,1785153468191770000,1785153468191770000,121932490,121652369,-187.121,0.000,0.000,1.000,2.000,0.000,0.000,51.000,0,0,0
B3_zmq_pushpull,zmq_tcp,none,none,,1,31732,512,584,1785153468192634000,1785153468192634000,1785153468192634000,1785153468192635000,1785153468192768000,1785153468192770000,1785153468192771000,1785153468192771000,121932490,121652369,-147.121,0.000,0.000,1.000,2.000,1.000,0.000,40.000,0,0,0
B3_zmq_pushpull,zmq_tcp,none,none,,1,31733,512,584,1785153468193641000,1785153468193641000,1785153468193641000,1785153468193642000,1785153468193774000,1785153468193777000,1785153468193777000,1785153468193777000,121932490,121652369,-148.121,0.000,0.000,1.000,3.000,0.000,0.000,1.000,0,0,0
B3_zmq_pushpull,zmq_tcp,none,none,,1,31734,512,584,1785153468194639000,1785153468194639000,1785153468194639000,1785153468194640000,1785153468194784000,1785153468194786000,1785153468194786000,1785153468194786000,121932490,121652369,-136.121,0.000,0.000,1.000,2.000,0.000,0.000,12.000,0,0,0
B3_zmq_pushpull,zmq_tcp,none,none,,1,31735,512,584,1785153468195641000,1785153468195641000,1785153468195641000,1785153468195642000,1785153468195782000,1785153468195785000,1785153468195785000,1785153468195785000,121932490,121652369,-140.121,0.000,0.000,1.000,3.000,0.000,0.000,4.000,0,0,0
B3_zmq_pushpull,zmq_tcp,none,none,,1,31736,512,584,1785153468196641000,1785153468196641000,1785153468196641000,1785153468196642000,1785153468196766000,1785153468196769000,1785153468196769000,1785153468196769000,121932490,121652369,-156.121,0.000,0.000,1.000,3.000,0.000,0.000,16.000,0,0,0
B3_zmq_pushpull,zmq_tcp,none,none,,1,31737,512,584,1785153468197640000,1785153468197640000,1785153468197640000,1785153468197641000,1785153468197766000,1785153468197769000,1785153468197769000,1785153468197769000,121932490,121652369,-155.121,0.000,0.000,1.000,3.000,0.000,0.000,1.000,0,0,0
B3_zmq_pushpull,zmq_tcp,none,none,,1,31738,512,584,1785153468198473000,1785153468198473000,1785153468198473000,1785153468198475000,1785153468198614000,1785153468198617000,1785153468198617000,1785153468198617000,121932490,121652369,-141.121,0.000,0.000,2.000,3.000,0.000,0.000,14.000,0,0,0
B3_zmq_pushpull,zmq_tcp,none,none,,1,31739,512,584,1785153468199457000,1785153468199458000,1785153468199458000,1785153468199459000,1785153468199604000,1785153468199606000,1785153468199606000,1785153468199606000,121932490,121652369,-135.121,1.000,0.000,1.000,2.000,0.000,0.000,6.000,0,0,0
B3_zmq_pushpull,zmq_tcp,none,none,,1,31740,512,584,1785153468200687000,1785153468200687000,1785153468200687000,1785153468200688000,1785153468200755000,1785153468200758000,1785153468200758000,1785153468200758000,121932490,121652369,-213.121,0.000,0.000,1.000,3.000,0.000,0.000,78.000,0,0,0
B3_zmq_pushpull,zmq_tcp,none,none,,1,31741,512,584,1785153468201597000,1785153468201597000,1785153468201597000,1785153468201598000,1785153468201735000,1785153468201738000,1785153468201738000,1785153468201738000,121932490,121652369,-143.121,0.000,0.000,1.000,3.000,0.000,0.000,70.000,0,0,0
B3_zmq_pushpull,zmq_tcp,none,none,,1,31742,512,584,1785153468202652000,1785153468202652000,1785153468202652000,1785153468202653000,1785153468202736000,1785153468202738000,1785153468202739000,1785153468202739000,121932490,121652369,-197.121,0.000,0.000,1.000,2.000,1.000,0.000,54.000,0,0,0
B3_zmq_pushpull,zmq_tcp,none,none,,1,31743,512,584,1785153468203638000,1785153468203638000,1785153468203638000,1785153468203639000,1785153468203737000,1785153468203740000,1785153468203740000,1785153468203740000,121932490,121652369,-182.121,0.000,0.000,1.000,3.000,0.000,0.000,15.000,0,0,0
B3_zmq_pushpull,zmq_tcp,none,none,,1,31744,512,584,1785153468204642000,1785153468204642000,1785153468204642000,1785153468204643000,1785153468204737000,1785153468204740000,1785153468204740000,1785153468204740000,121932490,121652369,-186.121,0.000,0.000,1.000,3.000,0.000,0.000,4.000,0,0,0
B3_zmq_pushpull,zmq_tcp,none,none,,1,31745,512,584,1785153468205636000,1785153468205636000,1785153468205636000,1785153468205637000,1785153468205736000,1785153468205739000,1785153468205739000,1785153468205739000,121932490,121652369,-181.121,0.000,0.000,1.000,3.000,0.000,0.000,5.000,0,0,0
B3_zmq_pushpull,zmq_tcp,none,none,,1,31746,512,584,1785153468206644000,1785153468206644000,1785153468206644000,1785153468206645000,1785153468206731000,1785153468206733000,1785153468206733000,1785153468206733000,121932490,121652369,-194.121,0.000,0.000,1.000,2.000,0.000,0.000,13.000,0,0,0
B3_zmq_pushpull,zmq_tcp,none,none,,1,31747,512,584,1785153468207640000,1785153468207640000,1785153468207641000,1785153468207641000,1785153468207721000,1785153468207724000,1785153468207724000,1785153468207724000,121932490,121652369,-200.121,0.000,1.000,0.000,3.000,0.000,0.000,6.000,0,0,0
B3_zmq_pushpull,zmq_tcp,none,none,,1,31748,512,584,1785153468208568000,1785153468208569000,1785153468208569000,1785153468208570000,1785153468208718000,1785153468208721000,1785153468208721000,1785153468208721000,121932490,121652369,-132.121,1.000,0.000,1.000,3.000,0.000,0.000,68.000,0,0,0
B3_zmq_pushpull,zmq_tcp,none,none,,1,31749,512,584,1785153468209566000,1785153468209566000,1785153468209566000,1785153468209567000,1785153468209725000,1785153468209728000,1785153468209728000,1785153468209728000,121932490,121652369,-122.121,0.000,0.000,1.000,3.000,0.000,0.000,10.000,0,0,0
B3_zmq_pushpull,zmq_tcp,none,none,,1,31750,512,584,1785153468210660000,1785153468210660000,1785153468210660000,1785153468210661000,1785153468210846000,1785153468210849000,1785153468210849000,1785153468210849000,121932490,121652369,-95.121,0.000,0.000,1.000,3.000,0.000,0.000,27.000,0,0,0
B3_zmq_pushpull,zmq_tcp,none,none,,1,31751,512,584,1785153468211550000,1785153468211550000,1785153468211550000,1785153468211551000,1785153468211705000,1785153468211708000,1785153468211708000,1785153468211708000,121932490,121652369,-126.121,0.000,0.000,1.000,3.000,0.000,0.000,31.000,0,0,0
B3_zmq_pushpull,zmq_tcp,none,none,,1,31752,512,584,1785153468212663000,1785153468212663000,1785153468212663000,1785153468212664000,1785153468212717000,1785153468212719000,1785153468212720000,1785153468212720000,121932490,121652369,-227.121,0.000,0.000,1.000,2.000,1.000,0.000,101.000,0,0,0
B3_zmq_pushpull,zmq_tcp,none,none,,1,31753,512,584,1785153468213631000,1785153468213631000,1785153468213631000,1785153468213632000,1785153468213705000,1785153468213708000,1785153468213708000,1785153468213708000,121932490,121652369,-207.121,0.000,0.000,1.000,3.000,0.000,0.000,20.000,0,0,0
B3_zmq_pushpull,zmq_tcp,none,none,,1,31754,512,584,1785153468214646000,1785153468214646000,1785153468214646000,1785153468214647000,1785153468214707000,1785153468214710000,1785153468214710000,1785153468214710000,121932490,121652369,-220.121,0.000,0.000,1.000,3.000,0.000,0.000,13.000,0,0,0
B3_zmq_pushpull,zmq_tcp,none,none,,1,31755,512,584,1785153468215639000,1785153468215639000,1785153468215639000,1785153468215640000,1785153468215715000,1785153468215718000,1785153468215718000,1785153468215718000,121932490,121652369,-205.121,0.000,0.000,1.000,3.000,0.000,0.000,15.000,0,0,0
B3_zmq_pushpull,zmq_tcp,none,none,,1,31756,512,584,1785153468216643000,1785153468216643000,1785153468216643000,1785153468216644000,1785153468216712000,1785153468216715000,1785153468216715000,1785153468216715000,121932490,121652369,-212.121,0.000,0.000,1.000,3.000,0.000,0.000,7.000,0,0,0
B3_zmq_pushpull,zmq_tcp,none,none,,1,31757,512,584,1785153468217641000,1785153468217641000,1785153468217641000,1785153468217642000,1785153468217729000,1785153468217733000,1785153468217733000,1785153468217733000,121932490,121652369,-193.121,0.000,0.000,1.000,4.000,0.000,0.000,19.000,0,0,0
B3_zmq_pushpull,zmq_tcp,none,none,,1,31758,512,584,1785153468218560000,1785153468218560000,1785153468218560000,1785153468218561000,1785153468218716000,1785153468218719000,1785153468218719000,1785153468218719000,121932490,121652369,-125.121,0.000,0.000,1.000,3.000,0.000,0.000,68.000,0,0,0
B3_zmq_pushpull,zmq_tcp,none,none,,1,31759,512,584,1785153468219660000,1785153468219661000,1785153468219661000,1785153468219662000,1785153468219840000,1785153468219843000,1785153468219843000,1785153468219843000,121932490,121652369,-102.121,1.000,0.000,1.000,3.000,0.000,0.000,23.000,0,0,0
B3_zmq_pushpull,zmq_tcp,none,none,,1,31760,512,584,1785153468220633000,1785153468220633000,1785153468220633000,1785153468220634000,1785153468220688000,1785153468220691000,1785153468220691000,1785153468220691000,121932490,121652369,-226.121,0.000,0.000,1.000,3.000,0.000,0.000,124.000,0,0,0
B3_zmq_pushpull,zmq_tcp,none,none,,1,31761,512,584,1785153468221643000,1785153468221643000,1785153468221643000,1785153468221644000,1785153468221837000,1785153468221846000,1785153468221846000,1785153468221846000,121932490,121652369,-87.121,0.000,0.000,1.000,9.000,0.000,0.000,139.000,0,0,0
B3_zmq_pushpull,zmq_tcp,none,none,,1,31762,512,584,1785153468222640000,1785153468222640000,1785153468222640000,1785153468222641000,1785153468222704000,1785153468222707000,1785153468222707000,1785153468222707000,121932490,121652369,-217.121,0.000,0.000,1.000,3.000,0.000,0.000,130.000,0,0,0
B3_zmq_pushpull,zmq_tcp,none,none,,1,31763,512,584,1785153468223640000,1785153468223641000,1785153468223641000,1785153468223642000,1785153468223713000,1785153468223716000,1785153468223717000,1785153468223717000,121932490,121652369,-209.121,1.000,0.000,1.000,3.000,1.000,0.000,8.000,0,0,0
B3_zmq_pushpull,zmq_tcp,none,none,,1,31764,512,584,1785153468224640000,1785153468224640000,1785153468224640000,1785153468224641000,1785153468224707000,1785153468224710000,1785153468224710000,1785153468224710000,121932490,121652369,-214.121,0.000,0.000,1.000,3.000,0.000,0.000,5.000,0,0,0
B3_zmq_pushpull,zmq_tcp,none,none,,1,31765,512,584,1785153468225640000,1785153468225641000,1785153468225641000,1785153468225642000,1785153468225703000,1785153468225706000,1785153468225706000,1785153468225706000,121932490,121652369,-219.121,1.000,0.000,1.000,3.000,0.000,0.000,5.000,0,0,0
B3_zmq_pushpull,zmq_tcp,none,none,,1,31766,512,584,1785153468226641000,1785153468226641000,1785153468226641000,1785153468226642000,1785153468226711000,1785153468226713000,1785153468226713000,1785153468226713000,121932490,121652369,-211.121,0.000,0.000,1.000,2.000,0.000,0.000,8.000,0,0,0
B3_zmq_pushpull,zmq_tcp,none,none,,1,31767,512,584,1785153468227642000,1785153468227642000,1785153468227642000,1785153468227643000,1785153468227707000,1785153468227710000,1785153468227710000,1785153468227710000,121932490,121652369,-216.121,0.000,0.000,1.000,3.000,0.000,0.000,5.000,0,0,0
B3_zmq_pushpull,zmq_tcp,none,none,,1,31768,512,584,1785153468228637000,1785153468228637000,1785153468228637000,1785153468228638000,1785153468228710000,1785153468228713000,1785153468228713000,1785153468228713000,121932490,121652369,-208.121,0.000,0.000,1.000,3.000,0.000,0.000,8.000,0,0,0
B3_zmq_pushpull,zmq_tcp,none,none,,1,31769,512,584,1785153468229642000,1785153468229642000,1785153468229642000,1785153468229643000,1785153468229716000,1785153468229719000,1785153468229719000,1785153468229719000,121932490,121652369,-207.121,0.000,0.000,1.000,3.000,0.000,0.000,1.000,0,0,0
B3_zmq_pushpull,zmq_tcp,none,none,,1,31770,512,584,1785153468230641000,1785153468230642000,1785153468230642000,1785153468230643000,1785153468230728000,1785153468230731000,1785153468230731000,1785153468230731000,121932490,121652369,-195.121,1.000,0.000,1.000,3.000,0.000,0.000,12.000,0,0,0
B3_zmq_pushpull,zmq_tcp,none,none,,1,31771,512,584,1785153468231640000,1785153468231640000,1785153468231640000,1785153468231641000,1785153468231736000,1785153468231739000,1785153468231739000,1785153468231739000,121932490,121652369,-185.121,0.000,0.000,1.000,3.000,0.000,0.000,10.000,0,0,0
B3_zmq_pushpull,zmq_tcp,none,none,,1,31772,512,584,1785153468232639000,1785153468232639000,1785153468232639000,1785153468232640000,1785153468232739000,1785153468232741000,1785153468232741000,1785153468232741000,121932490,121652369,-181.121,0.000,0.000,1.000,2.000,0.000,0.000,4.000,0,0,0
B3_zmq_pushpull,zmq_tcp,none,none,,1,31773,512,584,1785153468233640000,1785153468233640000,1785153468233640000,1785153468233641000,1785153468233744000,1785153468233747000,1785153468233747000,1785153468233747000,121932490,121652369,-177.121,0.000,0.000,1.000,3.000,0.000,0.000,4.000,0,0,0
B3_zmq_pushpull,zmq_tcp,none,none,,1,31774,512,584,1785153468234641000,1785153468234641000,1785153468234641000,1785153468234642000,1785153468234760000,1785153468234763000,1785153468234763000,1785153468234763000,121932490,121652369,-162.121,0.000,0.000,1.000,3.000,0.000,0.000,15.000,0,0,0
B3_zmq_pushpull,zmq_tcp,none,none,,1,31775,512,584,1785153468235636000,1785153468235636000,1785153468235636000,1785153468235637000,1785153468235757000,1785153468235760000,1785153468235760000,1785153468235760000,121932490,121652369,-160.121,0.000,0.000,1.000,3.000,0.000,0.000,2.000,0,0,0
B3_zmq_pushpull,zmq_tcp,none,none,,1,31776,512,584,1785153468236643000,1785153468236643000,1785153468236643000,1785153468236644000,1785153468236760000,1785153468236763000,1785153468236763000,1785153468236763000,121932490,121652369,-164.121,0.000,0.000,1.000,3.000,0.000,0.000,4.000,0,0,0
B3_zmq_pushpull,zmq_tcp,none,none,,1,31777,512,584,1785153468237640000,1785153468237640000,1785153468237640000,1785153468237641000,1785153468237772000,1785153468237775000,1785153468237775000,1785153468237775000,121932490,121652369,-149.121,0.000,0.000,1.000,3.000,0.000,0.000,15.000,0,0,0
B3_zmq_pushpull,zmq_tcp,none,none,,1,31778,512,584,1785153468238640000,1785153468238640000,1785153468238640000,1785153468238641000,1785153468238773000,1785153468238776000,1785153468238776000,1785153468238776000,121932490,121652369,-148.121,0.000,0.000,1.000,3.000,0.000,0.000,1.000,0,0,0
B3_zmq_pushpull,zmq_tcp,none,none,,1,31779,512,584,1785153468239639000,1785153468239639000,1785153468239639000,1785153468239640000,1785153468239761000,1785153468239765000,1785153468239765000,1785153468239765000,121932490,121652369,-159.121,0.000,0.000,1.000,4.000,0.000,0.000,11.000,0,0,0
B3_zmq_pushpull,zmq_tcp,none,none,,1,31780,512,584,1785153468240449000,1785153468240449000,1785153468240449000,1785153468240450000,1785153468240595000,1785153468240597000,1785153468240597000,1785153468240597000,121932490,121652369,-135.121,0.000,0.000,1.000,2.000,0.000,0.000,24.000,0,0,0
B3_zmq_pushpull,zmq_tcp,none,none,,1,31781,512,584,1785153468241693000,1785153468241693000,1785153468241693000,1785153468241694000,1785153468241879000,1785153468241882000,1785153468241882000,1785153468241882000,121932490,121652369,-95.121,0.000,0.000,1.000,3.000,0.000,0.000,40.000,0,0,0
B3_zmq_pushpull,zmq_tcp,none,none,,1,31782,512,584,1785153468242554000,1785153468242555000,1785153468242555000,1785153468242556000,1785153468242715000,1785153468242718000,1785153468242718000,1785153468242718000,121932490,121652369,-121.121,1.000,0.000,1.000,3.000,0.000,0.000,26.000,0,0,0
B3_zmq_pushpull,zmq_tcp,none,none,,1,31783,512,584,1785153468243663000,1785153468243663000,1785153468243664000,1785153468243665000,1785153468243815000,1785153468243820000,1785153468243820000,1785153468243820000,121932490,121652369,-130.121,0.000,1.000,1.000,5.000,0.000,0.000,9.000,0,0,0
B3_zmq_pushpull,zmq_tcp,none,none,,1,31784,512,584,1785153468244636000,1785153468244637000,1785153468244637000,1785153468244638000,1785153468244828000,1785153468244831000,1785153468244831000,1785153468244831000,121932490,121652369,-90.121,1.000,0.000,1.000,3.000,0.000,0.000,40.000,0,0,0
B3_zmq_pushpull,zmq_tcp,none,none,,1,31785,512,584,1785153468245525000,1785153468245526000,1785153468245526000,1785153468245527000,1785153468245679000,1785153468245682000,1785153468245682000,1785153468245682000,121932490,121652369,-128.121,1.000,0.000,1.000,3.000,0.000,0.000,38.000,0,0,0
B3_zmq_pushpull,zmq_tcp,none,none,,1,31786,512,584,1785153468246477000,1785153468246477000,1785153468246477000,1785153468246478000,1785153468246628000,1785153468246631000,1785153468246631000,1785153468246631000,121932490,121652369,-130.121,0.000,0.000,1.000,3.000,0.000,0.000,2.000,0,0,0
B3_zmq_pushpull,zmq_tcp,none,none,,1,31787,512,584,1785153468247445000,1785153468247446000,1785153468247446000,1785153468247447000,1785153468247588000,1785153468247591000,1785153468247591000,1785153468247591000,121932490,121652369,-139.121,1.000,0.000,1.000,3.000,0.000,0.000,9.000,0,0,0
B3_zmq_pushpull,zmq_tcp,none,none,,1,31788,512,584,1785153468248691000,1785153468248691000,1785153468248691000,1785153468248692000,1785153468248851000,1785153468248854000,1785153468248854000,1785153468248854000,121932490,121652369,-121.121,0.000,0.000,1.000,3.000,0.000,0.000,18.000,0,0,0
B3_zmq_pushpull,zmq_tcp,none,none,,1,31789,512,584,1785153468249623000,1785153468249623000,1785153468249623000,1785153468249624000,1785153468249699000,1785153468249702000,1785153468249702000,1785153468249702000,121932490,121652369,-205.121,0.000,0.000,1.000,3.000,0.000,0.000,84.000,0,0,0
B3_zmq_pushpull,zmq_tcp,none,none,,1,31790,512,584,1785153468250645000,1785153468250645000,1785153468250645000,1785153468250646000,1785153468250824000,1785153468250827000,1785153468250827000,1785153468250827000,121932490,121652369,-102.121,0.000,0.000,1.000,3.000,0.000,0.000,103.000,0,0,0
B3_zmq_pushpull,zmq_tcp,none,none,,1,31791,512,584,1785153468251638000,1785153468251638000,1785153468251638000,1785153468251639000,1785153468251796000,1785153468251800000,1785153468251800000,1785153468251800000,121932490,121652369,-123.121,0.000,0.000,1.000,4.000,0.000,0.000,21.000,0,0,0
B3_zmq_pushpull,zmq_tcp,none,none,,1,31792,512,584,1785153468252641000,1785153468252641000,1785153468252641000,1785153468252642000,1785153468252764000,1785153468252767000,1785153468252767000,1785153468252767000,121932490,121652369,-158.121,0.000,0.000,1.000,3.000,0.000,0.000,35.000,0,0,0
B3_zmq_pushpull,zmq_tcp,none,none,,1,31793,512,584,1785153468253637000,1785153468253637000,1785153468253637000,1785153468253638000,1785153468253739000,1785153468253742000,1785153468253742000,1785153468253742000,121932490,121652369,-179.121,0.000,0.000,1.000,3.000,0.000,0.000,21.000,0,0,0
B3_zmq_pushpull,zmq_tcp,none,none,,1,31794,512,584,1785153468254641000,1785153468254641000,1785153468254641000,1785153468254642000,1785153468254716000,1785153468254719000,1785153468254719000,1785153468254719000,121932490,121652369,-206.121,0.000,0.000,1.000,3.000,0.000,0.000,27.000,0,0,0
B3_zmq_pushpull,zmq_tcp,none,none,,1,31795,512,584,1785153468255639000,1785153468255639000,1785153468255639000,1785153468255640000,1785153468255807000,1785153468255810000,1785153468255810000,1785153468255810000,121932490,121652369,-113.121,0.000,0.000,1.000,3.000,0.000,0.000,93.000,0,0,0
B3_zmq_pushpull,zmq_tcp,none,none,,1,31796,512,584,1785153468256640000,1785153468256640000,1785153468256640000,1785153468256641000,1785153468256785000,1785153468256788000,1785153468256788000,1785153468256788000,121932490,121652369,-136.121,0.000,0.000,1.000,3.000,0.000,0.000,23.000,0,0,0
B3_zmq_pushpull,zmq_tcp,none,none,,1,31797,512,584,1785153468257457000,1785153468257457000,1785153468257457000,1785153468257458000,1785153468257611000,1785153468257614000,1785153468257614000,1785153468257614000,121932490,121652369,-127.121,0.000,0.000,1.000,3.000,0.000,0.000,9.000,0,0,0
B3_zmq_pushpull,zmq_tcp,none,none,,1,31798,512,584,1785153468258443000,1785153468258443000,1785153468258443000,1785153468258444000,1785153468258591000,1785153468258593000,1785153468258593000,1785153468258593000,121932490,121652369,-133.121,0.000,0.000,1.000,2.000,0.000,0.000,6.000,0,0,0
B3_zmq_pushpull,zmq_tcp,none,none,,1,31799,512,584,1785153468259538000,1785153468259538000,1785153468259538000,1785153468259539000,1785153468259682000,1785153468259684000,1785153468259685000,1785153468259685000,121932490,121652369,-137.121,0.000,0.000,1.000,2.000,1.000,0.000,4.000,0,0,0
B3_zmq_pushpull,zmq_tcp,none,none,,1,31800,512,584,1785153468260665000,1785153468260665000,1785153468260665000,1785153468260666000,1785153468260796000,1785153468260799000,1785153468260799000,1785153468260799000,121932490,121652369,-150.121,0.000,0.000,1.000,3.000,0.000,0.000,13.000,0,0,0
B3_zmq_pushpull,zmq_tcp,none,none,,1,31801,512,584,1785153468261630000,1785153468261630000,1785153468261630000,1785153468261631000,1785153468261756000,1785153468261758000,1785153468261759000,1785153468261759000,121932490,121652369,-155.121,0.000,0.000,1.000,2.000,1.000,0.000,5.000,0,0,0
B3_zmq_pushpull,zmq_tcp,none,none,,1,31802,512,584,1785153468262642000,1785153468262642000,1785153468262642000,1785153468262643000,1785153468262736000,1785153468262739000,1785153468262739000,1785153468262739000,121932490,121652369,-187.121,0.000,0.000,1.000,3.000,0.000,0.000,32.000,0,0,0
B3_zmq_pushpull,zmq_tcp,none,none,,1,31803,512,584,1785153468263639000,1785153468263640000,1785153468263640000,1785153468263641000,1785153468263736000,1785153468263740000,1785153468263740000,1785153468263740000,121932490,121652369,-185.121,1.000,0.000,1.000,4.000,0.000,0.000,2.000,0,0,0
B3_zmq_pushpull,zmq_tcp,none,none,,1,31804,512,584,1785153468264639000,1785153468264639000,1785153468264640000,1785153468264640000,1785153468264832000,1785153468264835000,1785153468264835000,1785153468264835000,121932490,121652369,-88.121,0.000,1.000,0.000,3.000,0.000,0.000,97.000,0,0,0
B3_zmq_pushpull,zmq_tcp,none,none,,1,31805,512,584,1785153468265640000,1785153468265640000,1785153468265640000,1785153468265641000,1785153468265815000,1785153468265818000,1785153468265818000,1785153468265818000,121932490,121652369,-106.121,0.000,0.000,1.000,3.000,0.000,0.000,18.000,0,0,0
B3_zmq_pushpull,zmq_tcp,none,none,,1,31806,512,584,1785153468266639000,1785153468266639000,1785153468266639000,1785153468266640000,1785153468266796000,1785153468266800000,1785153468266800000,1785153468266800000,121932490,121652369,-124.121,0.000,0.000,1.000,4.000,0.000,0.000,18.000,0,0,0
B3_zmq_pushpull,zmq_tcp,none,none,,1,31807,512,584,1785153468267639000,1785153468267639000,1785153468267639000,1785153468267640000,1785153468267766000,1785153468267768000,1785153468267768000,1785153468267768000,121932490,121652369,-154.121,0.000,0.000,1.000,2.000,0.000,0.000,30.000,0,0,0
B3_zmq_pushpull,zmq_tcp,none,none,,1,31808,512,584,1785153468268639000,1785153468268639000,1785153468268639000,1785153468268640000,1785153468268723000,1785153468268725000,1785153468268725000,1785153468268725000,121932490,121652369,-197.121,0.000,0.000,1.000,2.000,0.000,0.000,43.000,0,0,0
B3_zmq_pushpull,zmq_tcp,none,none,,1,31809,512,584,1785153468269642000,1785153468269642000,1785153468269642000,1785153468269643000,1785153468269710000,1785153468269712000,1785153468269712000,1785153468269712000,121932490,121652369,-213.121,0.000,0.000,1.000,2.000,0.000,0.000,16.000,0,0,0
B3_zmq_pushpull,zmq_tcp,none,none,,1,31810,512,584,1785153468270639000,1785153468270639000,1785153468270639000,1785153468270640000,1785153468270827000,1785153468270830000,1785153468270830000,1785153468270830000,121932490,121652369,-93.121,0.000,0.000,1.000,3.000,0.000,0.000,120.000,0,0,0
B3_zmq_pushpull,zmq_tcp,none,none,,1,31811,512,584,1785153468271644000,1785153468271644000,1785153468271644000,1785153468271645000,1785153468271794000,1785153468271796000,1785153468271796000,1785153468271796000,121932490,121652369,-131.121,0.000,0.000,1.000,2.000,0.000,0.000,38.000,0,0,0
B3_zmq_pushpull,zmq_tcp,none,none,,1,31812,512,584,1785153468272636000,1785153468272636000,1785153468272636000,1785153468272637000,1785153468272779000,1785153468272782000,1785153468272782000,1785153468272782000,121932490,121652369,-138.121,0.000,0.000,1.000,3.000,0.000,0.000,7.000,0,0,0
B3_zmq_pushpull,zmq_tcp,none,none,,1,31813,512,584,1785153468273463000,1785153468273464000,1785153468273464000,1785153468273465000,1785153468273608000,1785153468273611000,1785153468273611000,1785153468273611000,121932490,121652369,-137.121,1.000,0.000,1.000,3.000,0.000,0.000,1.000,0,0,0
B3_zmq_pushpull,zmq_tcp,none,none,,1,31814,512,584,1785153468274683000,1785153468274683000,1785153468274684000,1785153468274684000,1785153468274855000,1785153468274858000,1785153468274858000,1785153468274858000,121932490,121652369,-109.121,0.000,1.000,0.000,3.000,0.000,0.000,28.000,0,0,0
B3_zmq_pushpull,zmq_tcp,none,none,,1,31815,512,584,1785153468275535000,1785153468275535000,1785153468275535000,1785153468275536000,1785153468275678000,1785153468275680000,1785153468275680000,1785153468275680000,121932490,121652369,-138.121,0.000,0.000,1.000,2.000,0.000,0.000,29.000,0,0,0
B3_zmq_pushpull,zmq_tcp,none,none,,1,31816,512,584,1785153468276666000,1785153468276666000,1785153468276666000,1785153468276667000,1785153468276804000,1785153468276807000,1785153468276807000,1785153468276807000,121932490,121652369,-143.121,0.000,0.000,1.000,3.000,0.000,0.000,5.000,0,0,0
B3_zmq_pushpull,zmq_tcp,none,none,,1,31817,512,584,1785153468277633000,1785153468277633000,1785153468277633000,1785153468277634000,1785153468277786000,1785153468277789000,1785153468277789000,1785153468277789000,121932490,121652369,-128.121,0.000,0.000,1.000,3.000,0.000,0.000,15.000,0,0,0
B3_zmq_pushpull,zmq_tcp,none,none,,1,31818,512,584,1785153468278478000,1785153468278478000,1785153468278478000,1785153468278479000,1785153468278624000,1785153468278627000,1785153468278627000,1785153468278627000,121932490,121652369,-135.121,0.000,0.000,1.000,3.000,0.000,0.000,7.000,0,0,0
B3_zmq_pushpull,zmq_tcp,none,none,,1,31819,512,584,1785153468279459000,1785153468279459000,1785153468279459000,1785153468279460000,1785153468279614000,1785153468279617000,1785153468279617000,1785153468279617000,121932490,121652369,-126.121,0.000,0.000,1.000,3.000,0.000,0.000,9.000,0,0,0
B3_zmq_pushpull,zmq_tcp,none,none,,1,31820,512,584,1785153468280562000,1785153468280562000,1785153468280562000,1785153468280563000,1785153468280710000,1785153468280712000,1785153468280712000,1785153468280712000,121932490,121652369,-133.121,0.000,0.000,1.000,2.000,0.000,0.000,7.000,0,0,0
B3_zmq_pushpull,zmq_tcp,none,none,,1,31821,512,584,1785153468281660000,1785153468281660000,1785153468281660000,1785153468281661000,1785153468281807000,1785153468281810000,1785153468281810000,1785153468281810000,121932490,121652369,-134.121,0.000,0.000,1.000,3.000,0.000,0.000,1.000,0,0,0
B3_zmq_pushpull,zmq_tcp,none,none,,1,31822,512,584,1785153468282633000,1785153468282633000,1785153468282634000,1785153468282634000,1785153468282787000,1785153468282790000,1785153468282790000,1785153468282790000,121932490,121652369,-127.121,0.000,1.000,0.000,3.000,0.000,0.000,7.000,0,0,0
B3_zmq_pushpull,zmq_tcp,none,none,,1,31823,512,584,1785153468283643000,1785153468283643000,1785153468283643000,1785153468283644000,1785153468283788000,1785153468283791000,1785153468283791000,1785153468283791000,121932490,121652369,-136.121,0.000,0.000,1.000,3.000,0.000,0.000,9.000,0,0,0
B3_zmq_pushpull,zmq_tcp,none,none,,1,31824,512,584,1785153468284639000,1785153468284639000,1785153468284640000,1785153468284640000,1785153468284756000,1785153468284759000,1785153468284759000,1785153468284759000,121932490,121652369,-164.121,0.000,1.000,0.000,3.000,0.000,0.000,28.000,0,0,0
B3_zmq_pushpull,zmq_tcp,none,none,,1,31825,512,584,1785153468285642000,1785153468285642000,1785153468285642000,1785153468285643000,1785153468285740000,1785153468285743000,1785153468285743000,1785153468285743000,121932490,121652369,-183.121,0.000,0.000,1.000,3.000,0.000,0.000,19.000,0,0,0
B3_zmq_pushpull,zmq_tcp,none,none,,1,31826,512,584,1785153468286643000,1785153468286643000,1785153468286643000,1785153468286644000,1785153468286742000,1785153468286744000,1785153468286744000,1785153468286744000,121932490,121652369,-182.121,0.000,0.000,1.000,2.000,0.000,0.000,1.000,0,0,0
B3_zmq_pushpull,zmq_tcp,none,none,,1,31827,512,584,1785153468287638000,1785153468287638000,1785153468287638000,1785153468287639000,1785153468287712000,1785153468287715000,1785153468287715000,1785153468287715000,121932490,121652369,-207.121,0.000,0.000,1.000,3.000,0.000,0.000,25.000,0,0,0
B3_zmq_pushpull,zmq_tcp,none,none,,1,31828,512,584,1785153468288641000,1785153468288641000,1785153468288641000,1785153468288642000,1785153468288688000,1785153468288691000,1785153468288691000,1785153468288691000,121932490,121652369,-234.121,0.000,0.000,1.000,3.000,0.000,0.000,27.000,0,0,0
B3_zmq_pushpull,zmq_tcp,none,none,,1,31829,512,584,1785153468289638000,1785153468289638000,1785153468289638000,1785153468289639000,1785153468289806000,1785153468289808000,1785153468289808000,1785153468289808000,121932490,121652369,-113.121,0.000,0.000,1.000,2.000,0.000,0.000,121.000,0,0,0
B3_zmq_pushpull,zmq_tcp,none,none,,1,31830,512,584,1785153468290642000,1785153468290642000,1785153468290642000,1785153468290643000,1785153468290809000,1785153468290811000,1785153468290812000,1785153468290812000,121932490,121652369,-114.121,0.000,0.000,1.000,2.000,1.000,0.000,1.000,0,0,0
B3_zmq_pushpull,zmq_tcp,none,none,,1,31831,512,584,1785153468291509000,1785153468291510000,1785153468291510000,1785153468291511000,1785153468291663000,1785153468291666000,1785153468291666000,1785153468291666000,121932490,121652369,-128.121,1.000,0.000,1.000,3.000,0.000,0.000,14.000,0,0,0
B3_zmq_pushpull,zmq_tcp,none,none,,1,31832,512,584,1785153468292506000,1785153468292506000,1785153468292506000,1785153468292507000,1785153468292650000,1785153468292653000,1785153468292653000,1785153468292653000,121932490,121652369,-137.121,0.000,0.000,1.000,3.000,0.000,0.000,9.000,0,0,0
B3_zmq_pushpull,zmq_tcp,none,none,,1,31833,512,584,1785153468293675000,1785153468293676000,1785153468293676000,1785153468293677000,1785153468293778000,1785153468293780000,1785153468293781000,1785153468293781000,121932490,121652369,-179.121,1.000,0.000,1.000,2.000,1.000,0.000,42.000,0,0,0
B3_zmq_pushpull,zmq_tcp,none,none,,1,31834,512,584,1785153468294630000,1785153468294630000,1785153468294630000,1785153468294631000,1785153468294749000,1785153468294752000,1785153468294752000,1785153468294752000,121932490,121652369,-162.121,0.000,0.000,1.000,3.000,0.000,0.000,17.000,0,0,0
B3_zmq_pushpull,zmq_tcp,none,none,,1,31835,512,584,1785153468295642000,1785153468295642000,1785153468295642000,1785153468295643000,1785153468295687000,1785153468295691000,1785153468295691000,1785153468295691000,121932490,121652369,-236.121,0.000,0.000,1.000,4.000,0.000,0.000,74.000,0,0,0
B3_zmq_pushpull,zmq_tcp,none,none,,1,31836,512,584,1785153468296640000,1785153468296640000,1785153468296640000,1785153468296641000,1785153468296786000,1785153468296789000,1785153468296789000,1785153468296789000,121932490,121652369,-135.121,0.000,0.000,1.000,3.000,0.000,0.000,101.000,0,0,0
B3_zmq_pushpull,zmq_tcp,none,none,,1,31837,512,584,1785153468297639000,1785153468297640000,1785153468297640000,1785153468297641000,1785153468297774000,1785153468297777000,1785153468297777000,1785153468297777000,121932490,121652369,-147.121,1.000,0.000,1.000,3.000,0.000,0.000,12.000,0,0,0
B3_zmq_pushpull,zmq_tcp,none,none,,1,31838,512,584,1785153468298637000,1785153468298637000,1785153468298637000,1785153468298638000,1785153468298746000,1785153468298749000,1785153468298749000,1785153468298749000,121932490,121652369,-172.121,0.000,0.000,1.000,3.000,0.000,0.000,25.000,0,0,0
B3_zmq_pushpull,zmq_tcp,none,none,,1,31839,512,584,1785153468299643000,1785153468299644000,1785153468299644000,1785153468299644000,1785153468299728000,1785153468299731000,1785153468299731000,1785153468299731000,121932490,121652369,-196.121,1.000,0.000,0.000,3.000,0.000,0.000,24.000,0,0,0
B3_zmq_pushpull,zmq_tcp,none,none,,1,31840,512,584,1785153468300553000,1785153468300554000,1785153468300554000,1785153468300555000,1785153468300706000,1785153468300709000,1785153468300709000,1785153468300709000,121932490,121652369,-129.121,1.000,0.000,1.000,3.000,0.000,0.000,67.000,0,0,0
B3_zmq_pushpull,zmq_tcp,none,none,,1,31841,512,584,1785153468301538000,1785153468301538000,1785153468301538000,1785153468301539000,1785153468301691000,1785153468301694000,1785153468301694000,1785153468301694000,121932490,121652369,-128.121,0.000,0.000,1.000,3.000,0.000,0.000,1.000,0,0,0
B3_zmq_pushpull,zmq_tcp,none,none,,1,31842,512,584,1785153468302511000,1785153468302511000,1785153468302511000,1785153468302512000,1785153468302662000,1785153468302665000,1785153468302665000,1785153468302665000,121932490,121652369,-130.121,0.000,0.000,1.000,3.000,0.000,0.000,2.000,0,0,0
B3_zmq_pushpull,zmq_tcp,none,none,,1,31843,512,584,1785153468303491000,1785153468303491000,1785153468303491000,1785153468303492000,1785153468303651000,1785153468303654000,1785153468303654000,1785153468303654000,121932490,121652369,-121.121,0.000,0.000,1.000,3.000,0.000,0.000,9.000,0,0,0
B3_zmq_pushpull,zmq_tcp,none,none,,1,31844,512,584,1785153468304678000,1785153468304678000,1785153468304678000,1785153468304679000,1785153468304772000,1785153468304775000,1785153468304775000,1785153468304775000,121932490,121652369,-187.121,0.000,0.000,1.000,3.000,0.000,0.000,66.000,0,0,0
B3_zmq_pushpull,zmq_tcp,none,none,,1,31845,512,584,1785153468305628000,1785153468305628000,1785153468305628000,1785153468305629000,1785153468305765000,1785153468305767000,1785153468305767000,1785153468305767000,121932490,121652369,-144.121,0.000,0.000,1.000,2.000,0.000,0.000,43.000,0,0,0
B3_zmq_pushpull,zmq_tcp,none,none,,1,31846,512,584,1785153468306642000,1785153468306642000,1785153468306642000,1785153468306643000,1785153468306750000,1785153468306752000,1785153468306752000,1785153468306752000,121932490,121652369,-173.121,0.000,0.000,1.000,2.000,0.000,0.000,29.000,0,0,0
B3_zmq_pushpull,zmq_tcp,none,none,,1,31847,512,584,1785153468307640000,1785153468307640000,1785153468307640000,1785153468307641000,1785153468307722000,1785153468307725000,1785153468307725000,1785153468307725000,121932490,121652369,-199.121,0.000,0.000,1.000,3.000,0.000,0.000,26.000,0,0,0
B3_zmq_pushpull,zmq_tcp,none,none,,1,31848,512,584,1785153468308640000,1785153468308640000,1785153468308640000,1785153468308641000,1785153468308701000,1785153468308704000,1785153468308704000,1785153468308704000,121932490,121652369,-220.121,0.000,0.000,1.000,3.000,0.000,0.000,21.000,0,0,0
B3_zmq_pushpull,zmq_tcp,none,none,,1,31849,512,584,1785153468309637000,1785153468309637000,1785153468309637000,1785153468309638000,1785153468309689000,1785153468309691000,1785153468309691000,1785153468309691000,121932490,121652369,-229.121,0.000,0.000,1.000,2.000,0.000,0.000,9.000,0,0,0
B3_zmq_pushpull,zmq_tcp,none,none,,1,31850,512,584,1785153468310642000,1785153468310642000,1785153468310642000,1785153468310643000,1785153468310806000,1785153468310809000,1785153468310809000,1785153468310809000,121932490,121652369,-117.121,0.000,0.000,1.000,3.000,0.000,0.000,112.000,0,0,0
B3_zmq_pushpull,zmq_tcp,none,none,,1,31851,512,584,1785153468311640000,1785153468311640000,1785153468311640000,1785153468311641000,1785153468311790000,1785153468311793000,1785153468311793000,1785153468311793000,121932490,121652369,-131.121,0.000,0.000,1.000,3.000,0.000,0.000,14.000,0,0,0
B3_zmq_pushpull,zmq_tcp,none,none,,1,31852,512,584,1785153468312479000,1785153468312479000,1785153468312479000,1785153468312480000,1785153468312627000,1785153468312630000,1785153468312631000,1785153468312631000,121932490,121652369,-133.121,0.000,0.000,1.000,3.000,1.000,0.000,2.000,0,0,0
B3_zmq_pushpull,zmq_tcp,none,none,,1,31853,512,584,1785153468313455000,1785153468313455000,1785153468313455000,1785153468313456000,1785153468313615000,1785153468313618000,1785153468313618000,1785153468313618000,121932490,121652369,-121.121,0.000,0.000,1.000,3.000,0.000,0.000,12.000,0,0,0
B3_zmq_pushpull,zmq_tcp,none,none,,1,31854,512,584,1785153468314686000,1785153468314686000,1785153468314686000,1785153468314687000,1785153468314877000,1785153468314881000,1785153468314881000,1785153468314881000,121932490,121652369,-90.121,0.000,0.000,1.000,4.000,0.000,0.000,31.000,0,0,0
B3_zmq_pushpull,zmq_tcp,none,none,,1,31855,512,584,1785153468315559000,1785153468315559000,1785153468315559000,1785153468315560000,1785153468315701000,1785153468315703000,1785153468315703000,1785153468315703000,121932490,121652369,-139.121,0.000,0.000,1.000,2.000,0.000,0.000,49.000,0,0,0
B3_zmq_pushpull,zmq_tcp,none,none,,1,31856,512,584,1785153468316516000,1785153468316517000,1785153468316517000,1785153468316518000,1785153468316659000,1785153468316662000,1785153468316662000,1785153468316662000,121932490,121652369,-139.121,1.000,0.000,1.000,3.000,0.000,0.000,0.000,0,0,0
B3_zmq_pushpull,zmq_tcp,none,none,,1,31857,512,584,1785153468317481000,1785153468317481000,1785153468317481000,1785153468317482000,1785153468317633000,1785153468317635000,1785153468317635000,1785153468317635000,121932490,121652369,-129.121,0.000,0.000,1.000,2.000,0.000,0.000,10.000,0,0,0
B3_zmq_pushpull,zmq_tcp,none,none,,1,31858,512,584,1785153468318462000,1785153468318462000,1785153468318462000,1785153468318463000,1785153468318614000,1785153468318617000,1785153468318617000,1785153468318617000,121932490,121652369,-129.121,0.000,0.000,1.000,3.000,0.000,0.000,0.000,0,0,0
B3_zmq_pushpull,zmq_tcp,none,none,,1,31859,512,584,1785153468319684000,1785153468319684000,1785153468319684000,1785153468319685000,1785153468319867000,1785153468319870000,1785153468319870000,1785153468319870000,121932490,121652369,-98.121,0.000,0.000,1.000,3.000,0.000,0.000,31.000,0,0,0
B3_zmq_pushpull,zmq_tcp,none,none,,1,31860,512,584,1785153468320625000,1785153468320625000,1785153468320625000,1785153468320626000,1785153468320700000,1785153468320703000,1785153468320703000,1785153468320703000,121932490,121652369,-206.121,0.000,0.000,1.000,3.000,0.000,0.000,108.000,0,0,0
B3_zmq_pushpull,zmq_tcp,none,none,,1,31861,512,584,1785153468321646000,1785153468321646000,1785153468321646000,1785153468321647000,1785153468321709000,1785153468321711000,1785153468321711000,1785153468321711000,121932490,121652369,-218.121,0.000,0.000,1.000,2.000,0.000,0.000,12.000,0,0,0
B3_zmq_pushpull,zmq_tcp,none,none,,1,31862,512,584,1785153468322638000,1785153468322638000,1785153468322639000,1785153468322639000,1785153468322686000,1785153468322690000,1785153468322690000,1785153468322690000,121932490,121652369,-233.121,0.000,1.000,0.000,4.000,0.000,0.000,15.000,0,0,0
B3_zmq_pushpull,zmq_tcp,none,none,,1,31863,512,584,1785153468323640000,1785153468323640000,1785153468323640000,1785153468323641000,1785153468323809000,1785153468323811000,1785153468323811000,1785153468323811000,121932490,121652369,-112.121,0.000,0.000,1.000,2.000,0.000,0.000,121.000,0,0,0
B3_zmq_pushpull,zmq_tcp,none,none,,1,31864,512,584,1785153468324636000,1785153468324636000,1785153468324636000,1785153468324637000,1785153468324760000,1785153468324762000,1785153468324762000,1785153468324763000,121932490,121652369,-157.121,0.000,0.000,1.000,2.000,0.000,1.000,45.000,0,0,0
B3_zmq_pushpull,zmq_tcp,none,none,,1,31865,512,584,1785153468325644000,1785153468325644000,1785153468325644000,1785153468325645000,1785153468325749000,1785153468325752000,1785153468325752000,1785153468325752000,121932490,121652369,-176.121,0.000,0.000,1.000,3.000,0.000,0.000,19.000,0,0,0
B3_zmq_pushpull,zmq_tcp,none,none,,1,31866,512,584,1785153468326561000,1785153468326561000,1785153468326561000,1785153468326562000,1785153468326720000,1785153468326723000,1785153468326723000,1785153468326723000,121932490,121652369,-122.121,0.000,0.000,1.000,3.000,0.000,0.000,54.000,0,0,0
B3_zmq_pushpull,zmq_tcp,none,none,,1,31867,512,584,1785153468327542000,1785153468327542000,1785153468327542000,1785153468327543000,1785153468327699000,1785153468327702000,1785153468327702000,1785153468327702000,121932490,121652369,-124.121,0.000,0.000,1.000,3.000,0.000,0.000,2.000,0,0,0
B3_zmq_pushpull,zmq_tcp,none,none,,1,31868,512,584,1785153468328665000,1785153468328665000,1785153468328665000,1785153468328666000,1785153468328804000,1785153468328808000,1785153468328808000,1785153468328808000,121932490,121652369,-142.121,0.000,0.000,1.000,4.000,0.000,0.000,18.000,0,0,0
B3_zmq_pushpull,zmq_tcp,none,none,,1,31869,512,584,1785153468329505000,1785153468329506000,1785153468329506000,1785153468329507000,1785153468329658000,1785153468329661000,1785153468329661000,1785153468329661000,121932490,121652369,-129.121,1.000,0.000,1.000,3.000,0.000,0.000,13.000,0,0,0
B3_zmq_pushpull,zmq_tcp,none,none,,1,31870,512,584,1785153468330487000,1785153468330487000,1785153468330487000,1785153468330488000,1785153468330639000,1785153468330642000,1785153468330642000,1785153468330642000,121932490,121652369,-129.121,0.000,0.000,1.000,3.000,0.000,0.000,0.000,0,0,0
B3_zmq_pushpull,zmq_tcp,none,none,,1,31871,512,584,1785153468331678000,1785153468331678000,1785153468331678000,1785153468331679000,1785153468331779000,1785153468331782000,1785153468331782000,1785153468331782000,121932490,121652369,-180.121,0.000,0.000,1.000,3.000,0.000,0.000,51.000,0,0,0
B3_zmq_pushpull,zmq_tcp,none,none,,1,31872,512,584,1785153468332629000,1785153468332629000,1785153468332629000,1785153468332630000,1785153468332766000,1785153468332769000,1785153468332769000,1785153468332769000,121932490,121652369,-144.121,0.000,0.000,1.000,3.000,0.000,0.000,36.000,0,0,0
B3_zmq_pushpull,zmq_tcp,none,none,,1,31873,512,584,1785153468333645000,1785153468333645000,1785153468333645000,1785153468333646000,1785153468333747000,1785153468333750000,1785153468333750000,1785153468333750000,121932490,121652369,-179.121,0.000,0.000,1.000,3.000,0.000,0.000,35.000,0,0,0
B3_zmq_pushpull,zmq_tcp,none,none,,1,31874,512,584,1785153468334639000,1785153468334639000,1785153468334639000,1785153468334640000,1785153468334739000,1785153468334742000,1785153468334742000,1785153468334742000,121932490,121652369,-181.121,0.000,0.000,1.000,3.000,0.000,0.000,2.000,0,0,0
B3_zmq_pushpull,zmq_tcp,none,none,,1,31875,512,584,1785153468335641000,1785153468335641000,1785153468335641000,1785153468335642000,1785153468335723000,1785153468335727000,1785153468335727000,1785153468335727000,121932490,121652369,-199.121,0.000,0.000,1.000,4.000,0.000,0.000,18.000,0,0,0
B3_zmq_pushpull,zmq_tcp,none,none,,1,31876,512,584,1785153468336637000,1785153468336637000,1785153468336637000,1785153468336638000,1785153468336686000,1785153468336690000,1785153468336690000,1785153468336690000,121932490,121652369,-232.121,0.000,0.000,1.000,4.000,0.000,0.000,33.000,0,0,0
B3_zmq_pushpull,zmq_tcp,none,none,,1,31877,512,584,1785153468337641000,1785153468337641000,1785153468337641000,1785153468337642000,1785153468337795000,1785153468337798000,1785153468337798000,1785153468337798000,121932490,121652369,-127.121,0.000,0.000,1.000,3.000,0.000,0.000,105.000,0,0,0
B3_zmq_pushpull,zmq_tcp,none,none,,1,31878,512,584,1785153468338641000,1785153468338641000,1785153468338641000,1785153468338642000,1785153468338784000,1785153468338787000,1785153468338787000,1785153468338787000,121932490,121652369,-138.121,0.000,0.000,1.000,3.000,0.000,0.000,11.000,0,0,0
B3_zmq_pushpull,zmq_tcp,none,none,,1,31879,512,584,1785153468339640000,1785153468339640000,1785153468339640000,1785153468339641000,1785153468339750000,1785153468339753000,1785153468339753000,1785153468339753000,121932490,121652369,-171.121,0.000,0.000,1.000,3.000,0.000,0.000,33.000,0,0,0
B3_zmq_pushpull,zmq_tcp,none,none,,1,31880,512,584,1785153468340640000,1785153468340640000,1785153468340640000,1785153468340641000,1785153468340718000,1785153468340722000,1785153468340722000,1785153468340722000,121932490,121652369,-203.121,0.000,0.000,1.000,4.000,0.000,0.000,32.000,0,0,0
B3_zmq_pushpull,zmq_tcp,none,none,,1,31881,512,584,1785153468341640000,1785153468341640000,1785153468341640000,1785153468341641000,1785153468341830000,1785153468341833000,1785153468341833000,1785153468341833000,121932490,121652369,-91.121,0.000,0.000,1.000,3.000,0.000,0.000,112.000,0,0,0
B3_zmq_pushpull,zmq_tcp,none,none,,1,31882,512,584,1785153468342508000,1785153468342508000,1785153468342509000,1785153468342509000,1785153468342668000,1785153468342672000,1785153468342672000,1785153468342672000,121932490,121652369,-121.121,0.000,1.000,0.000,4.000,0.000,0.000,30.000,0,0,0
B3_zmq_pushpull,zmq_tcp,none,none,,1,31883,512,584,1785153468343673000,1785153468343673000,1785153468343673000,1785153468343674000,1785153468343777000,1785153468343779000,1785153468343779000,1785153468343780000,121932490,121652369,-177.121,0.000,0.000,1.000,2.000,0.000,1.000,56.000,0,0,0
B3_zmq_pushpull,zmq_tcp,none,none,,1,31884,512,584,1785153468344630000,1785153468344630000,1785153468344630000,1785153468344631000,1785153468344742000,1785153468344745000,1785153468344745000,1785153468344745000,121932490,121652369,-169.121,0.000,0.000,1.000,3.000,0.000,0.000,8.000,0,0,0
B3_zmq_pushpull,zmq_tcp,none,none,,1,31885,512,584,1785153468345643000,1785153468345643000,1785153468345643000,1785153468345644000,1785153468345715000,1785153468345718000,1785153468345718000,1785153468345718000,121932490,121652369,-209.121,0.000,0.000,1.000,3.000,0.000,0.000,40.000,0,0,0
B3_zmq_pushpull,zmq_tcp,none,none,,1,31886,512,584,1785153468346643000,1785153468346643000,1785153468346643000,1785153468346644000,1785153468346709000,1785153468346712000,1785153468346712000,1785153468346712000,121932490,121652369,-215.121,0.000,0.000,1.000,3.000,0.000,0.000,6.000,0,0,0
B3_zmq_pushpull,zmq_tcp,none,none,,1,31887,512,584,1785153468347640000,1785153468347640000,1785153468347640000,1785153468347641000,1785153468347817000,1785153468347819000,1785153468347819000,1785153468347819000,121932490,121652369,-104.121,0.000,0.000,1.000,2.000,0.000,0.000,111.000,0,0,0
B3_zmq_pushpull,zmq_tcp,none,none,,1,31888,512,584,1785153468348638000,1785153468348638000,1785153468348638000,1785153468348639000,1785153468348786000,1785153468348794000,1785153468348794000,1785153468348794000,121932490,121652369,-133.121,0.000,0.000,1.000,8.000,0.000,0.000,29.000,0,0,0
B3_zmq_pushpull,zmq_tcp,none,none,,1,31889,512,584,1785153468349642000,1785153468349642000,1785153468349642000,1785153468349643000,1785153468349785000,1785153468349788000,1785153468349788000,1785153468349788000,121932490,121652369,-138.121,0.000,0.000,1.000,3.000,0.000,0.000,5.000,0,0,0
B3_zmq_pushpull,zmq_tcp,none,none,,1,31890,512,584,1785153468350640000,1785153468350640000,1785153468350640000,1785153468350641000,1785153468350765000,1785153468350768000,1785153468350768000,1785153468350768000,121932490,121652369,-156.121,0.000,0.000,1.000,3.000,0.000,0.000,18.000,0,0,0
B3_zmq_pushpull,zmq_tcp,none,none,,1,31891,512,584,1785153468351640000,1785153468351640000,1785153468351640000,1785153468351641000,1785153468351739000,1785153468351742000,1785153468351742000,1785153468351742000,121932490,121652369,-182.121,0.000,0.000,1.000,3.000,0.000,0.000,26.000,0,0,0
B3_zmq_pushpull,zmq_tcp,none,none,,1,31892,512,584,1785153468352445000,1785153468352446000,1785153468352446000,1785153468352447000,1785153468352590000,1785153468352593000,1785153468352593000,1785153468352593000,121932490,121652369,-137.121,1.000,0.000,1.000,3.000,0.000,0.000,45.000,0,0,0
B3_zmq_pushpull,zmq_tcp,none,none,,1,31893,512,584,1785153468353450000,1785153468353450000,1785153468353450000,1785153468353451000,1785153468353594000,1785153468353601000,1785153468353602000,1785153468353602000,121932490,121652369,-137.121,0.000,0.000,1.000,7.000,1.000,0.000,0.000,0,0,0
B3_zmq_pushpull,zmq_tcp,none,none,,1,31894,512,584,1785153468354564000,1785153468354564000,1785153468354565000,1785153468354565000,1785153468354722000,1785153468354725000,1785153468354725000,1785153468354725000,121932490,121652369,-123.121,0.000,1.000,0.000,3.000,0.000,0.000,14.000,0,0,0
B3_zmq_pushpull,zmq_tcp,none,none,,1,31895,512,584,1785153468355562000,1785153468355562000,1785153468355562000,1785153468355563000,1785153468355720000,1785153468355722000,1785153468355722000,1785153468355722000,121932490,121652369,-123.121,0.000,0.000,1.000,2.000,0.000,0.000,0.000,0,0,0
B3_zmq_pushpull,zmq_tcp,none,none,,1,31896,512,584,1785153468356659000,1785153468356659000,1785153468356659000,1785153468356660000,1785153468356705000,1785153468356708000,1785153468356709000,1785153468356709000,121932490,121652369,-235.121,0.000,0.000,1.000,3.000,1.000,0.000,112.000,0,0,0
B3_zmq_pushpull,zmq_tcp,none,none,,1,31897,512,584,1785153468357636000,1785153468357636000,1785153468357636000,1785153468357637000,1785153468357682000,1785153468357685000,1785153468357685000,1785153468357685000,121932490,121652369,-235.121,0.000,0.000,1.000,3.000,0.000,0.000,0.000,0,0,0
B3_zmq_pushpull,zmq_tcp,none,none,,1,31898,512,584,1785153468358641000,1785153468358641000,1785153468358641000,1785153468358642000,1785153468358812000,1785153468358814000,1785153468358814000,1785153468358814000,121932490,121652369,-110.121,0.000,0.000,1.000,2.000,0.000,0.000,125.000,0,0,0
B3_zmq_pushpull,zmq_tcp,none,none,,1,31899,512,584,1785153468359637000,1785153468359637000,1785153468359637000,1785153468359638000,1785153468359776000,1785153468359779000,1785153468359779000,1785153468359779000,121932490,121652369,-142.121,0.000,0.000,1.000,3.000,0.000,0.000,32.000,0,0,0
B3_zmq_pushpull,zmq_tcp,none,none,,1,31900,512,584,1785153468360644000,1785153468360644000,1785153468360644000,1785153468360645000,1785153468360758000,1785153468360761000,1785153468360761000,1785153468360761000,121932490,121652369,-167.121,0.000,0.000,1.000,3.000,0.000,0.000,25.000,0,0,0
B3_zmq_pushpull,zmq_tcp,none,none,,1,31901,512,584,1785153468361455000,1785153468361455000,1785153468361455000,1785153468361456000,1785153468361614000,1785153468361617000,1785153468361617000,1785153468361617000,121932490,121652369,-122.121,0.000,0.000,1.000,3.000,0.000,0.000,45.000,0,0,0
B3_zmq_pushpull,zmq_tcp,none,none,,1,31902,512,584,1785153468362689000,1785153468362689000,1785153468362689000,1785153468362690000,1785153468362865000,1785153468362868000,1785153468362868000,1785153468362868000,121932490,121652369,-105.121,0.000,0.000,1.000,3.000,0.000,0.000,17.000,0,0,0
B3_zmq_pushpull,zmq_tcp,none,none,,1,31903,512,584,1785153468363627000,1785153468363627000,1785153468363627000,1785153468363628000,1785153468363712000,1785153468363714000,1785153468363714000,1785153468363714000,121932490,121652369,-196.121,0.000,0.000,1.000,2.000,0.000,0.000,91.000,0,0,0
B3_zmq_pushpull,zmq_tcp,none,none,,1,31904,512,584,1785153468364644000,1785153468364644000,1785153468364644000,1785153468364645000,1785153468364689000,1785153468364692000,1785153468364692000,1785153468364692000,121932490,121652369,-236.121,0.000,0.000,1.000,3.000,0.000,0.000,40.000,0,0,0
B3_zmq_pushpull,zmq_tcp,none,none,,1,31905,512,584,1785153468365640000,1785153468365640000,1785153468365640000,1785153468365641000,1785153468365809000,1785153468365812000,1785153468365812000,1785153468365812000,121932490,121652369,-112.121,0.000,0.000,1.000,3.000,0.000,0.000,124.000,0,0,0
B3_zmq_pushpull,zmq_tcp,none,none,,1,31906,512,584,1785153468366509000,1785153468366509000,1785153468366509000,1785153468366510000,1785153468366671000,1785153468366674000,1785153468366674000,1785153468366674000,121932490,121652369,-119.121,0.000,0.000,1.000,3.000,0.000,0.000,7.000,0,0,0
B3_zmq_pushpull,zmq_tcp,none,none,,1,31907,512,584,1785153468367503000,1785153468367503000,1785153468367503000,1785153468367504000,1785153468367665000,1785153468367668000,1785153468367668000,1785153468367668000,121932490,121652369,-119.121,0.000,0.000,1.000,3.000,0.000,0.000,0.000,0,0,0
B3_zmq_pushpull,zmq_tcp,none,none,,1,31908,512,584,1785153468368494000,1785153468368494000,1785153468368494000,1785153468368495000,1785153468368645000,1785153468368647000,1785153468368647000,1785153468368647000,121932490,121652369,-130.121,0.000,0.000,1.000,2.000,0.000,0.000,11.000,0,0,0
B3_zmq_pushpull,zmq_tcp,none,none,,1,31909,512,584,1785153468369677000,1785153468369677000,1785153468369678000,1785153468369679000,1785153468369734000,1785153468369737000,1785153468369737000,1785153468369737000,121932490,121652369,-225.121,0.000,1.000,1.000,3.000,0.000,0.000,95.000,0,0,0
B3_zmq_pushpull,zmq_tcp,none,none,,1,31910,512,584,1785153468370629000,1785153468370629000,1785153468370630000,1785153468370630000,1785153468370704000,1785153468370707000,1785153468370707000,1785153468370707000,121932490,121652369,-206.121,0.000,1.000,0.000,3.000,0.000,0.000,19.000,0,0,0
B3_zmq_pushpull,zmq_tcp,none,none,,1,31911,512,584,1785153468371643000,1785153468371643000,1785153468371643000,1785153468371644000,1785153468371809000,1785153468371811000,1785153468371811000,1785153468371811000,121932490,121652369,-115.121,0.000,0.000,1.000,2.000,0.000,0.000,91.000,0,0,0
B3_zmq_pushpull,zmq_tcp,none,none,,1,31912,512,584,1785153468372640000,1785153468372640000,1785153468372640000,1785153468372641000,1785153468372766000,1785153468372769000,1785153468372769000,1785153468372769000,121932490,121652369,-155.121,0.000,0.000,1.000,3.000,0.000,0.000,40.000,0,0,0
B3_zmq_pushpull,zmq_tcp,none,none,,1,31913,512,584,1785153468373608000,1785153468373608000,1785153468373609000,1785153468373609000,1785153468373753000,1785153468373756000,1785153468373756000,1785153468373756000,121932490,121652369,-136.121,0.000,1.000,0.000,3.000,0.000,0.000,19.000,0,0,0
B3_zmq_pushpull,zmq_tcp,none,none,,1,31914,512,584,1785153468374459000,1785153468374459000,1785153468374459000,1785153468374460000,1785153468374620000,1785153468374622000,1785153468374622000,1785153468374622000,121932490,121652369,-120.121,0.000,0.000,1.000,2.000,0.000,0.000,16.000,0,0,0
B3_zmq_pushpull,zmq_tcp,none,none,,1,31915,512,584,1785153468375685000,1785153468375685000,1785153468375686000,1785153468375687000,1785153468375868000,1785153468375870000,1785153468375870000,1785153468375870000,121932490,121652369,-99.121,0.000,1.000,1.000,2.000,0.000,0.000,21.000,0,0,0
B3_zmq_pushpull,zmq_tcp,none,none,,1,31916,512,584,1785153468376630000,1785153468376630000,1785153468376630000,1785153468376631000,1785153468376709000,1785153468376711000,1785153468376712000,1785153468376712000,121932490,121652369,-202.121,0.000,0.000,1.000,2.000,1.000,0.000,103.000,0,0,0
B3_zmq_pushpull,zmq_tcp,none,none,,1,31917,512,584,1785153468377642000,1785153468377642000,1785153468377642000,1785153468377643000,1785153468377694000,1785153468377697000,1785153468377697000,1785153468377697000,121932490,121652369,-229.121,0.000,0.000,1.000,3.000,0.000,0.000,27.000,0,0,0
B3_zmq_pushpull,zmq_tcp,none,none,,1,31918,512,584,1785153468378641000,1785153468378641000,1785153468378641000,1785153468378642000,1785153468378794000,1785153468378797000,1785153468378797000,1785153468378797000,121932490,121652369,-128.121,0.000,0.000,1.000,3.000,0.000,0.000,101.000,0,0,0
B3_zmq_pushpull,zmq_tcp,none,none,,1,31919,512,584,1785153468379640000,1785153468379640000,1785153468379640000,1785153468379641000,1785153468379750000,1785153468379753000,1785153468379753000,1785153468379753000,121932490,121652369,-171.121,0.000,0.000,1.000,3.000,0.000,0.000,43.000,0,0,0
B3_zmq_pushpull,zmq_tcp,none,none,,1,31920,512,584,1785153468380637000,1785153468380637000,1785153468380638000,1785153468380638000,1785153468380725000,1785153468380728000,1785153468380728000,1785153468380728000,121932490,121652369,-193.121,0.000,1.000,0.000,3.000,0.000,0.000,22.000,0,0,0
B3_zmq_pushpull,zmq_tcp,none,none,,1,31921,512,584,1785153468381641000,1785153468381641000,1785153468381642000,1785153468381642000,1785153468381704000,1785153468381707000,1785153468381707000,1785153468381707000,121932490,121652369,-218.121,0.000,1.000,0.000,3.000,0.000,0.000,25.000,0,0,0
B3_zmq_pushpull,zmq_tcp,none,none,,1,31922,512,584,1785153468382643000,1785153468382643000,1785153468382643000,1785153468382644000,1785153468382828000,1785153468382830000,1785153468382830000,1785153468382830000,121932490,121652369,-96.121,0.000,0.000,1.000,2.000,0.000,0.000,122.000,0,0,0
B3_zmq_pushpull,zmq_tcp,none,none,,1,31923,512,584,1785153468383636000,1785153468383636000,1785153468383636000,1785153468383637000,1785153468383779000,1785153468383782000,1785153468383782000,1785153468383782000,121932490,121652369,-138.121,0.000,0.000,1.000,3.000,0.000,0.000,42.000,0,0,0
B3_zmq_pushpull,zmq_tcp,none,none,,1,31924,512,584,1785153468384641000,1785153468384641000,1785153468384642000,1785153468384643000,1785153468384740000,1785153468384742000,1785153468384742000,1785153468384742000,121932490,121652369,-183.121,0.000,1.000,1.000,2.000,0.000,0.000,45.000,0,0,0
B3_zmq_pushpull,zmq_tcp,none,none,,1,31925,512,584,1785153468385640000,1785153468385640000,1785153468385640000,1785153468385641000,1785153468385720000,1785153468385723000,1785153468385723000,1785153468385723000,121932490,121652369,-201.121,0.000,0.000,1.000,3.000,0.000,0.000,18.000,0,0,0
B3_zmq_pushpull,zmq_tcp,none,none,,1,31926,512,584,1785153468386640000,1785153468386640000,1785153468386640000,1785153468386641000,1785153468386694000,1785153468386699000,1785153468386699000,1785153468386699000,121932490,121652369,-227.121,0.000,0.000,1.000,5.000,0.000,0.000,26.000,0,0,0
B3_zmq_pushpull,zmq_tcp,none,none,,1,31927,512,584,1785153468387638000,1785153468387638000,1785153468387638000,1785153468387639000,1785153468387689000,1785153468387693000,1785153468387693000,1785153468387693000,121932490,121652369,-230.121,0.000,0.000,1.000,4.000,0.000,0.000,3.000,0,0,0
B3_zmq_pushpull,zmq_tcp,none,none,,1,31928,512,584,1785153468388643000,1785153468388644000,1785153468388644000,1785153468388645000,1785153468388810000,1785153468388813000,1785153468388813000,1785153468388813000,121932490,121652369,-115.121,1.000,0.000,1.000,3.000,0.000,0.000,115.000,0,0,0
B3_zmq_pushpull,zmq_tcp,none,none,,1,31929,512,584,1785153468389639000,1785153468389639000,1785153468389639000,1785153468389640000,1785153468389762000,1785153468389766000,1785153468389766000,1785153468389766000,121932490,121652369,-158.121,0.000,0.000,1.000,4.000,0.000,0.000,43.000,0,0,0
B3_zmq_pushpull,zmq_tcp,none,none,,1,31930,512,584,1785153468390640000,1785153468390640000,1785153468390640000,1785153468390641000,1785153468390746000,1785153468390749000,1785153468390749000,1785153468390749000,121932490,121652369,-175.121,0.000,0.000,1.000,3.000,0.000,0.000,17.000,0,0,0
B3_zmq_pushpull,zmq_tcp,none,none,,1,31931,512,584,1785153468391637000,1785153468391637000,1785153468391638000,1785153468391638000,1785153468391738000,1785153468391741000,1785153468391741000,1785153468391741000,121932490,121652369,-180.121,0.000,1.000,0.000,3.000,0.000,0.000,5.000,0,0,0
B3_zmq_pushpull,zmq_tcp,none,none,,1,31932,512,584,1785153468392641000,1785153468392642000,1785153468392642000,1785153468392643000,1785153468392694000,1785153468392697000,1785153468392698000,1785153468392698000,121932490,121652369,-229.121,1.000,0.000,1.000,3.000,1.000,0.000,49.000,0,0,0
B3_zmq_pushpull,zmq_tcp,none,none,,1,31933,512,584,1785153468393641000,1785153468393641000,1785153468393641000,1785153468393642000,1785153468393802000,1785153468393805000,1785153468393805000,1785153468393805000,121932490,121652369,-120.121,0.000,0.000,1.000,3.000,0.000,0.000,109.000,0,0,0
B3_zmq_pushpull,zmq_tcp,none,none,,1,31934,512,584,1785153468394638000,1785153468394638000,1785153468394638000,1785153468394639000,1785153468394790000,1785153468394794000,1785153468394794000,1785153468394794000,121932490,121652369,-129.121,0.000,0.000,1.000,4.000,0.000,0.000,9.000,0,0,0
B3_zmq_pushpull,zmq_tcp,none,none,,1,31935,512,584,1785153468395643000,1785153468395643000,1785153468395644000,1785153468395644000,1785153468395750000,1785153468395753000,1785153468395753000,1785153468395753000,121932490,121652369,-174.121,0.000,1.000,0.000,3.000,0.000,0.000,45.000,0,0,0
B3_zmq_pushpull,zmq_tcp,none,none,,1,31936,512,584,1785153468396640000,1785153468396640000,1785153468396640000,1785153468396641000,1785153468396729000,1785153468396733000,1785153468396733000,1785153468396733000,121932490,121652369,-192.121,0.000,0.000,1.000,4.000,0.000,0.000,18.000,0,0,0
B3_zmq_pushpull,zmq_tcp,none,none,,1,31937,512,584,1785153468397643000,1785153468397643000,1785153468397643000,1785153468397644000,1785153468397821000,1785153468397824000,1785153468397824000,1785153468397824000,121932490,121652369,-103.121,0.000,0.000,1.000,3.000,0.000,0.000,89.000,0,0,0
B3_zmq_pushpull,zmq_tcp,none,none,,1,31938,512,584,1785153468398639000,1785153468398639000,1785153468398639000,1785153468398640000,1785153468398789000,1785153468398792000,1785153468398792000,1785153468398792000,121932490,121652369,-131.121,0.000,0.000,1.000,3.000,0.000,0.000,28.000,0,0,0
B3_zmq_pushpull,zmq_tcp,none,none,,1,31939,512,584,1785153468399640000,1785153468399640000,1785153468399640000,1785153468399641000,1785153468399756000,1785153468399758000,1785153468399758000,1785153468399758000,121932490,121652369,-165.121,0.000,0.000,1.000,2.000,0.000,0.000,34.000,0,0,0
B3_zmq_pushpull,zmq_tcp,none,none,,1,31940,512,584,1785153468400641000,1785153468400641000,1785153468400641000,1785153468400642000,1785153468400725000,1785153468400728000,1785153468400728000,1785153468400728000,121932490,121652369,-197.121,0.000,0.000,1.000,3.000,0.000,0.000,32.000,0,0,0
B3_zmq_pushpull,zmq_tcp,none,none,,1,31941,512,584,1785153468401642000,1785153468401643000,1785153468401643000,1785153468401644000,1785153468401844000,1785153468401847000,1785153468401847000,1785153468401847000,121932490,121652369,-80.121,1.000,0.000,1.000,3.000,0.000,0.000,117.000,0,0,0
B3_zmq_pushpull,zmq_tcp,none,none,,1,31942,512,584,1785153468402636000,1785153468402636000,1785153468402636000,1785153468402637000,1785153468402828000,1785153468402830000,1785153468402831000,1785153468402831000,121932490,121652369,-89.121,0.000,0.000,1.000,2.000,1.000,0.000,9.000,0,0,0
B3_zmq_pushpull,zmq_tcp,none,none,,1,31943,512,584,1785153468403643000,1785153468403644000,1785153468403644000,1785153468403645000,1785153468403813000,1785153468403816000,1785153468403816000,1785153468403816000,121932490,121652369,-112.121,1.000,0.000,1.000,3.000,0.000,0.000,23.000,0,0,0
B3_zmq_pushpull,zmq_tcp,none,none,,1,31944,512,584,1785153468404640000,1785153468404640000,1785153468404640000,1785153468404641000,1785153468404780000,1785153468404782000,1785153468404782000,1785153468404782000,121932490,121652369,-141.121,0.000,0.000,1.000,2.000,0.000,0.000,29.000,0,0,0
B3_zmq_pushpull,zmq_tcp,none,none,,1,31945,512,584,1785153468405640000,1785153468405640000,1785153468405640000,1785153468405641000,1785153468405743000,1785153468405746000,1785153468405746000,1785153468405746000,121932490,121652369,-178.121,0.000,0.000,1.000,3.000,0.000,0.000,37.000,0,0,0
B3_zmq_pushpull,zmq_tcp,none,none,,1,31946,512,584,1785153468406637000,1785153468406638000,1785153468406638000,1785153468406639000,1785153468406722000,1785153468406726000,1785153468406726000,1785153468406726000,121932490,121652369,-197.121,1.000,0.000,1.000,4.000,0.000,0.000,19.000,0,0,0
B3_zmq_pushpull,zmq_tcp,none,none,,1,31947,512,584,1785153468407642000,1785153468407642000,1785153468407642000,1785153468407643000,1785153468407686000,1785153468407690000,1785153468407690000,1785153468407690000,121932490,121652369,-237.121,0.000,0.000,1.000,4.000,0.000,0.000,40.000,0,0,0
B3_zmq_pushpull,zmq_tcp,none,none,,1,31948,512,584,1785153468408640000,1785153468408640000,1785153468408640000,1785153468408641000,1785153468408686000,1785153468408690000,1785153468408690000,1785153468408690000,121932490,121652369,-235.121,0.000,0.000,1.000,4.000,0.000,0.000,2.000,0,0,0
B3_zmq_pushpull,zmq_tcp,none,none,,1,31949,512,584,1785153468409643000,1785153468409643000,1785153468409643000,1785153468409644000,1785153468409816000,1785153468409818000,1785153468409818000,1785153468409818000,121932490,121652369,-108.121,0.000,0.000,1.000,2.000,0.000,0.000,127.000,0,0,0
B3_zmq_pushpull,zmq_tcp,none,none,,1,31950,512,584,1785153468410636000,1785153468410637000,1785153468410637000,1785153468410638000,1785153468410792000,1785153468410794000,1785153468410795000,1785153468410795000,121932490,121652369,-126.121,1.000,0.000,1.000,2.000,1.000,0.000,18.000,0,0,0
B3_zmq_pushpull,zmq_tcp,none,none,,1,31951,512,584,1785153468411469000,1785153468411469000,1785153468411469000,1785153468411470000,1785153468411617000,1785153468411620000,1785153468411620000,1785153468411620000,121932490,121652369,-133.121,0.000,0.000,1.000,3.000,0.000,0.000,7.000,0,0,0
B3_zmq_pushpull,zmq_tcp,none,none,,1,31952,512,584,1785153468412683000,1785153468412683000,1785153468412683000,1785153468412684000,1785153468412729000,1785153468412732000,1785153468412732000,1785153468412732000,121932490,121652369,-235.121,0.000,0.000,1.000,3.000,0.000,0.000,102.000,0,0,0
B3_zmq_pushpull,zmq_tcp,none,none,,1,31953,512,584,1785153468413627000,1785153468413627000,1785153468413627000,1785153468413628000,1785153468413697000,1785153468413700000,1785153468413700000,1785153468413700000,121932490,121652369,-211.121,0.000,0.000,1.000,3.000,0.000,0.000,24.000,0,0,0
B3_zmq_pushpull,zmq_tcp,none,none,,1,31954,512,584,1785153468414644000,1785153468414644000,1785153468414644000,1785153468414645000,1785153468414783000,1785153468414786000,1785153468414786000,1785153468414786000,121932490,121652369,-142.121,0.000,0.000,1.000,3.000,0.000,0.000,69.000,0,0,0
B3_zmq_pushpull,zmq_tcp,none,none,,1,31955,512,584,1785153468415639000,1785153468415639000,1785153468415639000,1785153468415640000,1785153468415786000,1785153468415788000,1785153468415788000,1785153468415788000,121932490,121652369,-134.121,0.000,0.000,1.000,2.000,0.000,0.000,8.000,0,0,0
B3_zmq_pushpull,zmq_tcp,none,none,,1,31956,512,584,1785153468416475000,1785153468416475000,1785153468416475000,1785153468416476000,1785153468416633000,1785153468416636000,1785153468416636000,1785153468416636000,121932490,121652369,-123.121,0.000,0.000,1.000,3.000,0.000,0.000,11.000,0,0,0
B3_zmq_pushpull,zmq_tcp,none,none,,1,31957,512,584,1785153468417684000,1785153468417684000,1785153468417684000,1785153468417685000,1785153468417757000,1785153468417760000,1785153468417760000,1785153468417760000,121932490,121652369,-208.121,0.000,0.000,1.000,3.000,0.000,0.000,85.000,0,0,0
B3_zmq_pushpull,zmq_tcp,none,none,,1,31958,512,584,1785153468418632000,1785153468418632000,1785153468418632000,1785153468418633000,1785153468418744000,1785153468418747000,1785153468418747000,1785153468418747000,121932490,121652369,-169.121,0.000,0.000,1.000,3.000,0.000,0.000,39.000,0,0,0
B3_zmq_pushpull,zmq_tcp,none,none,,1,31959,512,584,1785153468419643000,1785153468419643000,1785153468419643000,1785153468419644000,1785153468419716000,1785153468419719000,1785153468419719000,1785153468419719000,121932490,121652369,-208.121,0.000,0.000,1.000,3.000,0.000,0.000,39.000,0,0,0
B3_zmq_pushpull,zmq_tcp,none,none,,1,31960,512,584,1785153468420526000,1785153468420526000,1785153468420526000,1785153468420527000,1785153468420669000,1785153468420672000,1785153468420672000,1785153468420672000,121932490,121652369,-138.121,0.000,0.000,1.000,3.000,0.000,0.000,70.000,0,0,0
B3_zmq_pushpull,zmq_tcp,none,none,,1,31961,512,584,1785153468421489000,1785153468421489000,1785153468421489000,1785153468421490000,1785153468421640000,1785153468421642000,1785153468421642000,1785153468421643000,121932490,121652369,-130.121,0.000,0.000,1.000,2.000,0.000,1.000,8.000,0,0,0
B3_zmq_pushpull,zmq_tcp,none,none,,1,31962,512,584,1785153468422480000,1785153468422480000,1785153468422480000,1785153468422481000,1785153468422634000,1785153468422637000,1785153468422637000,1785153468422637000,121932490,121652369,-127.121,0.000,0.000,1.000,3.000,0.000,0.000,3.000,0,0,0
B3_zmq_pushpull,zmq_tcp,none,none,,1,31963,512,584,1785153468423683000,1785153468423683000,1785153468423683000,1785153468423684000,1785153468423751000,1785153468423754000,1785153468423754000,1785153468423754000,121932490,121652369,-213.121,0.000,0.000,1.000,3.000,0.000,0.000,86.000,0,0,0
B3_zmq_pushpull,zmq_tcp,none,none,,1,31964,512,584,1785153468424454000,1785153468424454000,1785153468424454000,1785153468424455000,1785153468424600000,1785153468424603000,1785153468424603000,1785153468424603000,121932490,121652369,-135.121,0.000,0.000,1.000,3.000,0.000,0.000,78.000,0,0,0
B3_zmq_pushpull,zmq_tcp,none,none,,1,31965,512,584,1785153468425453000,1785153468425453000,1785153468425453000,1785153468425454000,1785153468425612000,1785153468425615000,1785153468425615000,1785153468425615000,121932490,121652369,-122.121,0.000,0.000,1.000,3.000,0.000,0.000,13.000,0,0,0
B3_zmq_pushpull,zmq_tcp,none,none,,1,31966,512,584,1785153468426687000,1785153468426687000,1785153468426687000,1785153468426688000,1785153468426843000,1785153468426845000,1785153468426845000,1785153468426845000,121932490,121652369,-125.121,0.000,0.000,1.000,2.000,0.000,0.000,3.000,0,0,0
B3_zmq_pushpull,zmq_tcp,none,none,,1,31967,512,584,1785153468427626000,1785153468427626000,1785153468427626000,1785153468427627000,1785153468427689000,1785153468427692000,1785153468427692000,1785153468427693000,121932490,121652369,-218.121,0.000,0.000,1.000,3.000,0.000,1.000,93.000,0,0,0
B3_zmq_pushpull,zmq_tcp,none,none,,1,31968,512,584,1785153468428491000,1785153468428491000,1785153468428491000,1785153468428492000,1785153468428644000,1785153468428646000,1785153468428647000,1785153468428647000,121932490,121652369,-128.121,0.000,0.000,1.000,2.000,1.000,0.000,90.000,0,0,0
B3_zmq_pushpull,zmq_tcp,none,none,,1,31969,512,584,1785153468429479000,1785153468429480000,1785153468429480000,1785153468429481000,1785153468429636000,1785153468429639000,1785153468429639000,1785153468429639000,121932490,121652369,-125.121,1.000,0.000,1.000,3.000,0.000,0.000,3.000,0,0,0
B3_zmq_pushpull,zmq_tcp,none,none,,1,31970,512,584,1785153468430466000,1785153468430466000,1785153468430466000,1785153468430467000,1785153468430615000,1785153468430618000,1785153468430618000,1785153468430618000,121932490,121652369,-132.121,0.000,0.000,1.000,3.000,0.000,0.000,7.000,0,0,0
B3_zmq_pushpull,zmq_tcp,none,none,,1,31971,512,584,1785153468431451000,1785153468431451000,1785153468431451000,1785153468431452000,1785153468431596000,1785153468431599000,1785153468431599000,1785153468431599000,121932490,121652369,-136.121,0.000,0.000,1.000,3.000,0.000,0.000,4.000,0,0,0
B3_zmq_pushpull,zmq_tcp,none,none,,1,31972,512,584,1785153468432688000,1785153468432688000,1785153468432688000,1785153468432689000,1785153468432853000,1785153468432856000,1785153468432856000,1785153468432856000,121932490,121652369,-116.121,0.000,0.000,1.000,3.000,0.000,0.000,20.000,0,0,0
B3_zmq_pushpull,zmq_tcp,none,none,,1,31973,512,584,1785153468433628000,1785153468433628000,1785153468433628000,1785153468433629000,1785153468433809000,1785153468433812000,1785153468433812000,1785153468433812000,121932490,121652369,-100.121,0.000,0.000,1.000,3.000,0.000,0.000,16.000,0,0,0
B3_zmq_pushpull,zmq_tcp,none,none,,1,31974,512,584,1785153468434640000,1785153468434640000,1785153468434640000,1785153468434641000,1785153468434775000,1785153468434777000,1785153468434777000,1785153468434777000,121932490,121652369,-146.121,0.000,0.000,1.000,2.000,0.000,0.000,46.000,0,0,0
B3_zmq_pushpull,zmq_tcp,none,none,,1,31975,512,584,1785153468435640000,1785153468435640000,1785153468435640000,1785153468435641000,1785153468435734000,1785153468435737000,1785153468435737000,1785153468435737000,121932490,121652369,-187.121,0.000,0.000,1.000,3.000,0.000,0.000,41.000,0,0,0
B3_zmq_pushpull,zmq_tcp,none,none,,1,31976,512,584,1785153468436551000,1785153468436552000,1785153468436552000,1785153468436553000,1785153468436700000,1785153468436703000,1785153468436703000,1785153468436703000,121932490,121652369,-133.121,1.000,0.000,1.000,3.000,0.000,0.000,54.000,0,0,0
B3_zmq_pushpull,zmq_tcp,none,none,,1,31977,512,584,1785153468437548000,1785153468437548000,1785153468437548000,1785153468437549000,1785153468437708000,1785153468437711000,1785153468437711000,1785153468437711000,121932490,121652369,-121.121,0.000,0.000,1.000,3.000,0.000,0.000,12.000,0,0,0
B3_zmq_pushpull,zmq_tcp,none,none,,1,31978,512,584,1785153468438663000,1785153468438663000,1785153468438663000,1785153468438664000,1785153468438821000,1785153468438824000,1785153468438824000,1785153468438824000,121932490,121652369,-123.121,0.000,0.000,1.000,3.000,0.000,0.000,2.000,0,0,0
B3_zmq_pushpull,zmq_tcp,none,none,,1,31979,512,584,1785153468439637000,1785153468439637000,1785153468439637000,1785153468439638000,1785153468439784000,1785153468439787000,1785153468439787000,1785153468439787000,121932490,121652369,-134.121,0.000,0.000,1.000,3.000,0.000,0.000,11.000,0,0,0
B3_zmq_pushpull,zmq_tcp,none,none,,1,31980,512,584,1785153468440451000,1785153468440451000,1785153468440451000,1785153468440452000,1785153468440603000,1785153468440606000,1785153468440606000,1785153468440606000,121932490,121652369,-129.121,0.000,0.000,1.000,3.000,0.000,0.000,5.000,0,0,0
B3_zmq_pushpull,zmq_tcp,none,none,,1,31981,512,584,1785153468441558000,1785153468441558000,1785153468441558000,1785153468441559000,1785153468441711000,1785153468441713000,1785153468441713000,1785153468441713000,121932490,121652369,-128.121,0.000,0.000,1.000,2.000,0.000,0.000,1.000,0,0,0
B3_zmq_pushpull,zmq_tcp,none,none,,1,31982,512,584,1785153468442535000,1785153468442536000,1785153468442536000,1785153468442537000,1785153468442688000,1785153468442691000,1785153468442691000,1785153468442691000,121932490,121652369,-129.121,1.000,0.000,1.000,3.000,0.000,0.000,1.000,0,0,0
B3_zmq_pushpull,zmq_tcp,none,none,,1,31983,512,584,1785153468443508000,1785153468443508000,1785153468443508000,1785153468443509000,1785153468443665000,1785153468443668000,1785153468443668000,1785153468443668000,121932490,121652369,-124.121,0.000,0.000,1.000,3.000,0.000,0.000,5.000,0,0,0
B3_zmq_pushpull,zmq_tcp,none,none,,1,31984,512,584,1785153468444489000,1785153468444489000,1785153468444489000,1785153468444491000,1785153468444629000,1785153468444632000,1785153468444632000,1785153468444632000,121932490,121652369,-142.121,0.000,0.000,2.000,3.000,0.000,0.000,18.000,0,0,0
B3_zmq_pushpull,zmq_tcp,none,none,,1,31985,512,584,1785153468445681000,1785153468445681000,1785153468445681000,1785153468445682000,1785153468445753000,1785153468445756000,1785153468445756000,1785153468445756000,121932490,121652369,-209.121,0.000,0.000,1.000,3.000,0.000,0.000,67.000,0,0,0
B3_zmq_pushpull,zmq_tcp,none,none,,1,31986,512,584,1785153468446630000,1785153468446630000,1785153468446630000,1785153468446631000,1785153468446729000,1785153468446732000,1785153468446732000,1785153468446732000,121932490,121652369,-182.121,0.000,0.000,1.000,3.000,0.000,0.000,27.000,0,0,0
B3_zmq_pushpull,zmq_tcp,none,none,,1,31987,512,584,1785153468447643000,1785153468447643000,1785153468447643000,1785153468447644000,1785153468447721000,1785153468447724000,1785153468447724000,1785153468447724000,121932490,121652369,-203.121,0.000,0.000,1.000,3.000,0.000,0.000,21.000,0,0,0
B3_zmq_pushpull,zmq_tcp,none,none,,1,31988,512,584,1785153468448641000,1785153468448641000,1785153468448641000,1785153468448642000,1785153468448685000,1785153468448688000,1785153468448688000,1785153468448688000,121932490,121652369,-237.121,0.000,0.000,1.000,3.000,0.000,0.000,34.000,0,0,0
B3_zmq_pushpull,zmq_tcp,none,none,,1,31989,512,584,1785153468449507000,1785153468449507000,1785153468449507000,1785153468449508000,1785153468449660000,1785153468449663000,1785153468449663000,1785153468449663000,121932490,121652369,-128.121,0.000,0.000,1.000,3.000,0.000,0.000,109.000,0,0,0
B3_zmq_pushpull,zmq_tcp,none,none,,1,31990,512,584,1785153468450500000,1785153468450500000,1785153468450501000,1785153468450502000,1785153468450647000,1785153468450650000,1785153468450650000,1785153468450650000,121932490,121652369,-135.121,0.000,1.000,1.000,3.000,0.000,0.000,7.000,0,0,0
B3_zmq_pushpull,zmq_tcp,none,none,,1,31991,512,584,1785153468451487000,1785153468451487000,1785153468451487000,1785153468451489000,1785153468451649000,1785153468451653000,1785153468451653000,1785153468451653000,121932490,121652369,-120.121,0.000,0.000,2.000,4.000,0.000,0.000,15.000,0,0,0
B3_zmq_pushpull,zmq_tcp,none,none,,1,31992,512,584,1785153468452679000,1785153468452679000,1785153468452679000,1785153468452680000,1785153468452791000,1785153468452794000,1785153468452794000,1785153468452794000,121932490,121652369,-169.121,0.000,0.000,1.000,3.000,0.000,0.000,49.000,0,0,0
B3_zmq_pushpull,zmq_tcp,none,none,,1,31993,512,584,1785153468453634000,1785153468453634000,1785153468453634000,1785153468453635000,1785153468453799000,1785153468453803000,1785153468453803000,1785153468453803000,121932490,121652369,-116.121,0.000,0.000,1.000,4.000,0.000,0.000,53.000,0,0,0
B3_zmq_pushpull,zmq_tcp,none,none,,1,31994,512,584,1785153468454643000,1785153468454643000,1785153468454643000,1785153468454644000,1785153468454798000,1785153468454801000,1785153468454801000,1785153468454801000,121932490,121652369,-126.121,0.000,0.000,1.000,3.000,0.000,0.000,10.000,0,0,0
B3_zmq_pushpull,zmq_tcp,none,none,,1,31995,512,584,1785153468455641000,1785153468455641000,1785153468455641000,1785153468455642000,1785153468455798000,1785153468455801000,1785153468455801000,1785153468455801000,121932490,121652369,-124.121,0.000,0.000,1.000,3.000,0.000,0.000,2.000,0,0,0
B3_zmq_pushpull,zmq_tcp,none,none,,1,31996,512,584,1785153468456499000,1785153468456499000,1785153468456499000,1785153468456500000,1785153468456654000,1785153468456657000,1785153468456657000,1785153468456657000,121932490,121652369,-126.121,0.000,0.000,1.000,3.000,0.000,0.000,2.000,0,0,0
B3_zmq_pushpull,zmq_tcp,none,none,,1,31997,512,584,1785153468457500000,1785153468457500000,1785153468457500000,1785153468457501000,1785153468457657000,1785153468457661000,1785153468457661000,1785153468457661000,121932490,121652369,-124.121,0.000,0.000,1.000,4.000,0.000,0.000,2.000,0,0,0
B3_zmq_pushpull,zmq_tcp,none,none,,1,31998,512,584,1785153468458678000,1785153468458678000,1785153468458678000,1785153468458679000,1785153468458799000,1785153468458804000,1785153468458804000,1785153468458804000,121932490,121652369,-160.121,0.000,0.000,1.000,5.000,0.000,0.000,36.000,0,0,0
B3_zmq_pushpull,zmq_tcp,none,none,,1,31999,512,584,1785153468459634000,1785153468459634000,1785153468459634000,1785153468459635000,1785153468459767000,1785153468459774000,1785153468459774000,1785153468459774000,121932490,121652369,-148.121,0.000,0.000,1.000,7.000,0.000,0.000,12.000,0,0,0
B3_zmq_pushpull,zmq_tcp,none,none,,1,32000,512,584,1785153468460639000,1785153468460640000,1785153468460640000,1785153468460641000,1785153468460784000,1785153468460787000,1785153468460787000,1785153468460787000,121932490,121652369,-137.121,1.000,0.000,1.000,3.000,0.000,0.000,11.000,0,0,0
B3_zmq_pushpull,zmq_tcp,none,none,,1,32001,512,584,1785153468461643000,1785153468461643000,1785153468461643000,1785153468461644000,1785153468461774000,1785153468461778000,1785153468461778000,1785153468461778000,121932490,121652369,-150.121,0.000,0.000,1.000,4.000,0.000,0.000,13.000,0,0,0
B3_zmq_pushpull,zmq_tcp,none,none,,1,32002,512,584,1785153468462450000,1785153468462450000,1785153468462450000,1785153468462451000,1785153468462598000,1785153468462601000,1785153468462601000,1785153468462601000,121932490,121652369,-133.121,0.000,0.000,1.000,3.000,0.000,0.000,17.000,0,0,0
B3_zmq_pushpull,zmq_tcp,none,none,,1,32003,512,584,1785153468463690000,1785153468463690000,1785153468463690000,1785153468463691000,1785153468463880000,1785153468463883000,1785153468463883000,1785153468463883000,121932490,121652369,-91.121,0.000,0.000,1.000,3.000,0.000,0.000,42.000,0,0,0
B3_zmq_pushpull,zmq_tcp,none,none,,1,32004,512,584,1785153468464628000,1785153468464628000,1785153468464629000,1785153468464629000,1785153468464742000,1785153468464745000,1785153468464745000,1785153468464745000,121932490,121652369,-167.121,0.000,1.000,0.000,3.000,0.000,0.000,76.000,0,0,0
B3_zmq_pushpull,zmq_tcp,none,none,,1,32005,512,584,1785153468465646000,1785153468465646000,1785153468465646000,1785153468465647000,1785153468465737000,1785153468465740000,1785153468465740000,1785153468465740000,121932490,121652369,-190.121,0.000,0.000,1.000,3.000,0.000,0.000,23.000,0,0,0
B3_zmq_pushpull,zmq_tcp,none,none,,1,32006,512,584,1785153468466640000,1785153468466640000,1785153468466640000,1785153468466641000,1785153468466738000,1785153468466741000,1785153468466741000,1785153468466741000,121932490,121652369,-183.121,0.000,0.000,1.000,3.000,0.000,0.000,7.000,0,0,0
B3_zmq_pushpull,zmq_tcp,none,none,,1,32007,512,584,1785153468467571000,1785153468467571000,1785153468467571000,1785153468467572000,1785153468467729000,1785153468467732000,1785153468467732000,1785153468467732000,121932490,121652369,-123.121,0.000,0.000,1.000,3.000,0.000,0.000,60.000,0,0,0
B3_zmq_pushpull,zmq_tcp,none,none,,1,32008,512,584,1785153468468659000,1785153468468659000,1785153468468659000,1785153468468660000,1785153468468726000,1785153468468729000,1785153468468729000,1785153468468729000,121932490,121652369,-214.121,0.000,0.000,1.000,3.000,0.000,0.000,91.000,0,0,0
B3_zmq_pushpull,zmq_tcp,none,none,,1,32009,512,584,1785153468469637000,1785153468469638000,1785153468469638000,1785153468469639000,1785153468469712000,1785153468469714000,1785153468469714000,1785153468469714000,121932490,121652369,-207.121,1.000,0.000,1.000,2.000,0.000,0.000,7.000,0,0,0
B3_zmq_pushpull,zmq_tcp,none,none,,1,32010,512,584,1785153468470644000,1785153468470644000,1785153468470644000,1785153468470645000,1785153468470708000,1785153468470711000,1785153468470711000,1785153468470711000,121932490,121652369,-217.121,0.000,0.000,1.000,3.000,0.000,0.000,10.000,0,0,0
B3_zmq_pushpull,zmq_tcp,none,none,,1,32011,512,584,1785153468471638000,1785153468471638000,1785153468471638000,1785153468471639000,1785153468471709000,1785153468471712000,1785153468471712000,1785153468471712000,121932490,121652369,-210.121,0.000,0.000,1.000,3.000,0.000,0.000,7.000,0,0,0
B3_zmq_pushpull,zmq_tcp,none,none,,1,32012,512,584,1785153468472644000,1785153468472644000,1785153468472644000,1785153468472645000,1785153468472721000,1785153468472724000,1785153468472724000,1785153468472724000,121932490,121652369,-204.121,0.000,0.000,1.000,3.000,0.000,0.000,6.000,0,0,0
B3_zmq_pushpull,zmq_tcp,none,none,,1,32013,512,584,1785153468473566000,1785153468473566000,1785153468473566000,1785153468473567000,1785153468473716000,1785153468473719000,1785153468473719000,1785153468473719000,121932490,121652369,-131.121,0.000,0.000,1.000,3.000,0.000,0.000,73.000,0,0,0
B3_zmq_pushpull,zmq_tcp,none,none,,1,32014,512,584,1785153468474663000,1785153468474663000,1785153468474664000,1785153468474665000,1785153468474853000,1785153468474856000,1785153468474856000,1785153468474856000,121932490,121652369,-92.121,0.000,1.000,1.000,3.000,0.000,0.000,39.000,0,0,0
B3_zmq_pushpull,zmq_tcp,none,none,,1,32015,512,584,1785153468475543000,1785153468475543000,1785153468475543000,1785153468475544000,1785153468475699000,1785153468475702000,1785153468475702000,1785153468475702000,121932490,121652369,-125.121,0.000,0.000,1.000,3.000,0.000,0.000,33.000,0,0,0
B3_zmq_pushpull,zmq_tcp,none,none,,1,32016,512,584,1785153468476667000,1785153468476667000,1785153468476667000,1785153468476668000,1785153468476798000,1785153468476801000,1785153468476801000,1785153468476801000,121932490,121652369,-150.121,0.000,0.000,1.000,3.000,0.000,0.000,25.000,0,0,0
B3_zmq_pushpull,zmq_tcp,none,none,,1,32017,512,584,1785153468477636000,1785153468477636000,1785153468477636000,1785153468477637000,1785153468477808000,1785153468477811000,1785153468477811000,1785153468477811000,121932490,121652369,-109.121,0.000,0.000,1.000,3.000,0.000,0.000,41.000,0,0,0
B3_zmq_pushpull,zmq_tcp,none,none,,1,32018,512,584,1785153468478644000,1785153468478644000,1785153468478644000,1785153468478645000,1785153468478822000,1785153468478825000,1785153468478825000,1785153468478825000,121932490,121652369,-103.121,0.000,0.000,1.000,3.000,0.000,0.000,6.000,0,0,0
B3_zmq_pushpull,zmq_tcp,none,none,,1,32019,512,584,1785153468479641000,1785153468479641000,1785153468479641000,1785153468479642000,1785153468479820000,1785153468479822000,1785153468479822000,1785153468479822000,121932490,121652369,-102.121,0.000,0.000,1.000,2.000,0.000,0.000,1.000,0,0,0
B3_zmq_pushpull,zmq_tcp,none,none,,1,32020,512,584,1785153468480642000,1785153468480642000,1785153468480642000,1785153468480643000,1785153468480829000,1785153468480832000,1785153468480832000,1785153468480832000,121932490,121652369,-94.121,0.000,0.000,1.000,3.000,0.000,0.000,8.000,0,0,0
B3_zmq_pushpull,zmq_tcp,none,none,,1,32021,512,584,1785153468481642000,1785153468481642000,1785153468481642000,1785153468481643000,1785153468481707000,1785153468481710000,1785153468481710000,1785153468481710000,121932490,121652369,-216.121,0.000,0.000,1.000,3.000,0.000,0.000,122.000,0,0,0
B3_zmq_pushpull,zmq_tcp,none,none,,1,32022,512,584,1785153468482642000,1785153468482642000,1785153468482642000,1785153468482643000,1785153468482708000,1785153468482711000,1785153468482711000,1785153468482711000,121932490,121652369,-215.121,0.000,0.000,1.000,3.000,0.000,0.000,1.000,0,0,0
B3_zmq_pushpull,zmq_tcp,none,none,,1,32023,512,584,1785153468483638000,1785153468483638000,1785153468483638000,1785153468483639000,1785153468483687000,1785153468483690000,1785153468483690000,1785153468483690000,121932490,121652369,-232.121,0.000,0.000,1.000,3.000,0.000,0.000,17.000,0,0,0
B3_zmq_pushpull,zmq_tcp,none,none,,1,32024,512,584,1785153468484645000,1785153468484645000,1785153468484645000,1785153468484646000,1785153468484818000,1785153468484822000,1785153468484822000,1785153468484822000,121932490,121652369,-108.121,0.000,0.000,1.000,4.000,0.000,0.000,124.000,0,0,0
B3_zmq_pushpull,zmq_tcp,none,none,,1,32025,512,584,1785153468485643000,1785153468485643000,1785153468485643000,1785153468485644000,1785153468485820000,1785153468485823000,1785153468485823000,1785153468485823000,121932490,121652369,-104.121,0.000,0.000,1.000,3.000,0.000,0.000,4.000,0,0,0
B3_zmq_pushpull,zmq_tcp,none,none,,1,32026,512,584,1785153468486640000,1785153468486641000,1785153468486641000,1785153468486642000,1785153468486814000,1785153468486817000,1785153468486817000,1785153468486817000,121932490,121652369,-108.121,1.000,0.000,1.000,3.000,0.000,0.000,4.000,0,0,0
B3_zmq_pushpull,zmq_tcp,none,none,,1,32027,512,584,1785153468487642000,1785153468487642000,1785153468487642000,1785153468487643000,1785153468487812000,1785153468487814000,1785153468487814000,1785153468487814000,121932490,121652369,-111.121,0.000,0.000,1.000,2.000,0.000,0.000,3.000,0,0,0
B3_zmq_pushpull,zmq_tcp,none,none,,1,32028,512,584,1785153468488643000,1785153468488643000,1785153468488643000,1785153468488644000,1785153468488687000,1785153468488690000,1785153468488690000,1785153468488690000,121932490,121652369,-237.121,0.000,0.000,1.000,3.000,0.000,0.000,126.000,0,0,0
B3_zmq_pushpull,zmq_tcp,none,none,,1,32029,512,584,1785153468489642000,1785153468489642000,1785153468489642000,1785153468489643000,1785153468489818000,1785153468489820000,1785153468489820000,1785153468489820000,121932490,121652369,-105.121,0.000,0.000,1.000,2.000,0.000,0.000,132.000,0,0,0
B3_zmq_pushpull,zmq_tcp,none,none,,1,32030,512,584,1785153468490639000,1785153468490639000,1785153468490639000,1785153468490640000,1785153468490678000,1785153468490681000,1785153468490681000,1785153468490681000,121932490,121652369,-242.121,0.000,0.000,1.000,3.000,0.000,0.000,137.000,0,0,0
B3_zmq_pushpull,zmq_tcp,none,none,,1,32031,512,584,1785153468491520000,1785153468491520000,1785153468491521000,1785153468491522000,1785153468491655000,1785153468491658000,1785153468491658000,1785153468491658000,121932490,121652369,-147.121,0.000,1.000,1.000,3.000,0.000,0.000,95.000,0,0,0
B3_zmq_pushpull,zmq_tcp,none,none,,1,32032,512,584,1785153468492672000,1785153468492672000,1785153468492672000,1785153468492673000,1785153468492812000,1785153468492815000,1785153468492815000,1785153468492815000,121932490,121652369,-141.121,0.000,0.000,1.000,3.000,0.000,0.000,6.000,0,0,0
B3_zmq_pushpull,zmq_tcp,none,none,,1,32033,512,584,1785153468493631000,1785153468493631000,1785153468493631000,1785153468493632000,1785153468493681000,1785153468493685000,1785153468493685000,1785153468493685000,121932490,121652369,-231.121,0.000,0.000,1.000,4.000,0.000,0.000,90.000,0,0,0
B3_zmq_pushpull,zmq_tcp,none,none,,1,32034,512,584,1785153468494515000,1785153468494515000,1785153468494515000,1785153468494516000,1785153468494673000,1785153468494676000,1785153468494676000,1785153468494676000,121932490,121652369,-123.121,0.000,0.000,1.000,3.000,0.000,0.000,108.000,0,0,0
B3_zmq_pushpull,zmq_tcp,none,none,,1,32035,512,584,1785153468495673000,1785153468495673000,1785153468495673000,1785153468495674000,1785153468495832000,1785153468495834000,1785153468495834000,1785153468495834000,121932490,121652369,-122.121,0.000,0.000,1.000,2.000,0.000,0.000,1.000,0,0,0
B3_zmq_pushpull,zmq_tcp,none,none,,1,32036,512,584,1785153468496631000,1785153468496632000,1785153468496632000,1785153468496633000,1785153468496707000,1785153468496710000,1785153468496710000,1785153468496710000,121932490,121652369,-206.121,1.000,0.000,1.000,3.000,0.000,0.000,84.000,0,0,0
B3_zmq_pushpull,zmq_tcp,none,none,,1,32037,512,584,1785153468497644000,1785153468497644000,1785153468497645000,1785153468497645000,1785153468497705000,1785153468497708000,1785153468497708000,1785153468497708000,121932490,121652369,-220.121,0.000,1.000,0.000,3.000,0.000,0.000,14.000,0,0,0
B3_zmq_pushpull,zmq_tcp,none,none,,1,32038,512,584,1785153468498642000,1785153468498643000,1785153468498643000,1785153468498644000,1785153468498686000,1785153468498689000,1785153468498690000,1785153468498690000,121932490,121652369,-238.121,1.000,0.000,1.000,3.000,1.000,0.000,18.000,0,0,0
B3_zmq_pushpull,zmq_tcp,none,none,,1,32039,512,584,1785153468499537000,1785153468499538000,1785153468499538000,1785153468499539000,1785153468499697000,1785153468499700000,1785153468499700000,1785153468499700000,121932490,121652369,-122.121,1.000,0.000,1.000,3.000,0.000,0.000,116.000,0,0,0
B3_zmq_pushpull,zmq_tcp,none,none,,1,32040,512,584,1785153468500665000,1785153468500665000,1785153468500665000,1785153468500666000,1785153468500719000,1785153468500722000,1785153468500722000,1785153468500722000,121932490,121652369,-227.121,0.000,0.000,1.000,3.000,0.000,0.000,105.000,0,0,0
B3_zmq_pushpull,zmq_tcp,none,none,,1,32041,512,584,1785153468501636000,1785153468501637000,1785153468501637000,1785153468501638000,1785153468501715000,1785153468501717000,1785153468501717000,1785153468501717000,121932490,121652369,-203.121,1.000,0.000,1.000,2.000,0.000,0.000,24.000,0,0,0
B3_zmq_pushpull,zmq_tcp,none,none,,1,32042,512,584,1785153468502646000,1785153468502646000,1785153468502646000,1785153468502647000,1785153468502720000,1785153468502722000,1785153468502723000,1785153468502723000,121932490,121652369,-207.121,0.000,0.000,1.000,2.000,1.000,0.000,4.000,0,0,0
B3_zmq_pushpull,zmq_tcp,none,none,,1,32043,512,584,1785153468503638000,1785153468503638000,1785153468503638000,1785153468503639000,1785153468503728000,1785153468503731000,1785153468503731000,1785153468503731000,121932490,121652369,-191.121,0.000,0.000,1.000,3.000,0.000,0.000,16.000,0,0,0
B3_zmq_pushpull,zmq_tcp,none,none,,1,32044,512,584,1785153468504553000,1785153468504553000,1785153468504553000,1785153468504554000,1785153468504706000,1785153468504709000,1785153468504709000,1785153468504709000,121932490,121652369,-128.121,0.000,0.000,1.000,3.000,0.000,0.000,63.000,0,0,0
B3_zmq_pushpull,zmq_tcp,none,none,,1,32045,512,584,1785153468505542000,1785153468505542000,1785153468505542000,1785153468505543000,1785153468505703000,1785153468505705000,1785153468505705000,1785153468505705000,121932490,121652369,-120.121,0.000,0.000,1.000,2.000,0.000,0.000,8.000,0,0,0
B3_zmq_pushpull,zmq_tcp,none,none,,1,32046,512,584,1785153468506667000,1785153468506667000,1785153468506667000,1785153468506668000,1785153468506822000,1785153468506824000,1785153468506824000,1785153468506824000,121932490,121652369,-126.121,0.000,0.000,1.000,2.000,0.000,0.000,6.000,0,0,0
B3_zmq_pushpull,zmq_tcp,none,none,,1,32047,512,584,1785153468507527000,1785153468507528000,1785153468507528000,1785153468507529000,1785153468507680000,1785153468507683000,1785153468507683000,1785153468507683000,121932490,121652369,-129.121,1.000,0.000,1.000,3.000,0.000,0.000,3.000,0,0,0
B3_zmq_pushpull,zmq_tcp,none,none,,1,32048,512,584,1785153468508537000,1785153468508537000,1785153468508537000,1785153468508538000,1785153468508699000,1785153468508701000,1785153468508701000,1785153468508701000,121932490,121652369,-119.121,0.000,0.000,1.000,2.000,0.000,0.000,10.000,0,0,0
B3_zmq_pushpull,zmq_tcp,none,none,,1,32049,512,584,1785153468509671000,1785153468509671000,1785153468509671000,1785153468509672000,1785153468509855000,1785153468509857000,1785153468509857000,1785153468509857000,121932490,121652369,-97.121,0.000,0.000,1.000,2.000,0.000,0.000,22.000,0,0,0
B3_zmq_pushpull,zmq_tcp,none,none,,1,32050,512,584,1785153468510634000,1785153468510634000,1785153468510634000,1785153468510635000,1785153468510697000,1785153468510700000,1785153468510700000,1785153468510700000,121932490,121652369,-218.121,0.000,0.000,1.000,3.000,0.000,0.000,121.000,0,0,0
B3_zmq_pushpull,zmq_tcp,none,none,,1,32051,512,584,1785153468511644000,1785153468511645000,1785153468511645000,1785153468511646000,1785153468511682000,1785153468511685000,1785153468511685000,1785153468511685000,121932490,121652369,-244.121,1.000,0.000,1.000,3.000,0.000,0.000,26.000,0,0,0
B3_zmq_pushpull,zmq_tcp,none,none,,1,32052,512,584,1785153468512643000,1785153468512644000,1785153468512644000,1785153468512645000,1785153468512689000,1785153468512693000,1785153468512693000,1785153468512693000,121932490,121652369,-236.121,1.000,0.000,1.000,4.000,0.000,0.000,8.000,0,0,0
B3_zmq_pushpull,zmq_tcp,none,none,,1,32053,512,584,1785153468513642000,1785153468513642000,1785153468513642000,1785153468513643000,1785153468513703000,1785153468513706000,1785153468513707000,1785153468513707000,121932490,121652369,-220.121,0.000,0.000,1.000,3.000,1.000,0.000,16.000,0,0,0
B3_zmq_pushpull,zmq_tcp,none,none,,1,32054,512,584,1785153468514639000,1785153468514639000,1785153468514639000,1785153468514640000,1785153468514697000,1785153468514701000,1785153468514701000,1785153468514701000,121932490,121652369,-223.121,0.000,0.000,1.000,4.000,0.000,0.000,3.000,0,0,0
B3_zmq_pushpull,zmq_tcp,none,none,,1,32055,512,584,1785153468515643000,1785153468515643000,1785153468515643000,1785153468515644000,1785153468515707000,1785153468515710000,1785153468515710000,1785153468515710000,121932490,121652369,-217.121,0.000,0.000,1.000,3.000,0.000,0.000,6.000,0,0,0
B3_zmq_pushpull,zmq_tcp,none,none,,1,32056,512,584,1785153468516566000,1785153468516566000,1785153468516566000,1785153468516567000,1785153468516723000,1785153468516725000,1785153468516725000,1785153468516725000,121932490,121652369,-124.121,0.000,0.000,1.000,2.000,0.000,0.000,93.000,0,0,0
B3_zmq_pushpull,zmq_tcp,none,none,,1,32057,512,584,1785153468517661000,1785153468517662000,1785153468517662000,1785153468517663000,1785153468517844000,1785153468517847000,1785153468517847000,1785153468517847000,121932490,121652369,-99.121,1.000,0.000,1.000,3.000,0.000,0.000,25.000,0,0,0
B3_zmq_pushpull,zmq_tcp,none,none,,1,32058,512,584,1785153468518634000,1785153468518634000,1785153468518634000,1785153468518635000,1785153468518688000,1785153468518690000,1785153468518690000,1785153468518690000,121932490,121652369,-227.121,0.000,0.000,1.000,2.000,0.000,0.000,128.000,0,0,0
B3_zmq_pushpull,zmq_tcp,none,none,,1,32059,512,584,1785153468519645000,1785153468519645000,1785153468519645000,1785153468519646000,1785153468519685000,1785153468519688000,1785153468519688000,1785153468519688000,121932490,121652369,-241.121,0.000,0.000,1.000,3.000,0.000,0.000,14.000,0,0,0
B3_zmq_pushpull,zmq_tcp,none,none,,1,32060,512,584,1785153468520641000,1785153468520641000,1785153468520641000,1785153468520642000,1785153468520698000,1785153468520701000,1785153468520701000,1785153468520701000,121932490,121652369,-224.121,0.000,0.000,1.000,3.000,0.000,0.000,17.000,0,0,0
B3_zmq_pushpull,zmq_tcp,none,none,,1,32061,512,584,1785153468521534000,1785153468521534000,1785153468521534000,1785153468521535000,1785153468521686000,1785153468521689000,1785153468521689000,1785153468521689000,121932490,121652369,-129.121,0.000,0.000,1.000,3.000,0.000,0.000,95.000,0,0,0
B3_zmq_pushpull,zmq_tcp,none,none,,1,32062,512,584,1785153468522518000,1785153468522519000,1785153468522519000,1785153468522520000,1785153468522668000,1785153468522670000,1785153468522670000,1785153468522670000,121932490,121652369,-132.121,1.000,0.000,1.000,2.000,0.000,0.000,3.000,0,0,0
B3_zmq_pushpull,zmq_tcp,none,none,,1,32063,512,584,1785153468523674000,1785153468523674000,1785153468523674000,1785153468523675000,1785153468523795000,1785153468523797000,1785153468523797000,1785153468523797000,121932490,121652369,-160.121,0.000,0.000,1.000,2.000,0.000,0.000,28.000,0,0,0
B3_zmq_pushpull,zmq_tcp,none,none,,1,32064,512,584,1785153468524634000,1785153468524634000,1785153468524634000,1785153468524635000,1785153468524783000,1785153468524785000,1785153468524785000,1785153468524785000,121932490,121652369,-132.121,0.000,0.000,1.000,2.000,0.000,0.000,28.000,0,0,0
B3_zmq_pushpull,zmq_tcp,none,none,,1,32065,512,584,1785153468525640000,1785153468525641000,1785153468525641000,1785153468525641000,1785153468525779000,1785153468525781000,1785153468525781000,1785153468525781000,121932490,121652369,-142.121,1.000,0.000,0.000,2.000,0.000,0.000,10.000,0,0,0
B3_zmq_pushpull,zmq_tcp,none,none,,1,32066,512,584,1785153468526642000,1785153468526642000,1785153468526642000,1785153468526643000,1785153468526792000,1785153468526795000,1785153468526795000,1785153468526795000,121932490,121652369,-131.121,0.000,0.000,1.000,3.000,0.000,0.000,11.000,0,0,0
B3_zmq_pushpull,zmq_tcp,none,none,,1,32067,512,584,1785153468527642000,1785153468527642000,1785153468527642000,1785153468527643000,1785153468527781000,1785153468527784000,1785153468527784000,1785153468527784000,121932490,121652369,-142.121,0.000,0.000,1.000,3.000,0.000,0.000,11.000,0,0,0
B3_zmq_pushpull,zmq_tcp,none,none,,1,32068,512,584,1785153468528638000,1785153468528638000,1785153468528638000,1785153468528639000,1785153468528797000,1785153468528800000,1785153468528800000,1785153468528800000,121932490,121652369,-122.121,0.000,0.000,1.000,3.000,0.000,0.000,20.000,0,0,0
B3_zmq_pushpull,zmq_tcp,none,none,,1,32069,512,584,1785153468529643000,1785153468529643000,1785153468529643000,1785153468529644000,1785153468529793000,1785153468529795000,1785153468529796000,1785153468529796000,121932490,121652369,-131.121,0.000,0.000,1.000,2.000,1.000,0.000,9.000,0,0,0
B3_zmq_pushpull,zmq_tcp,none,none,,1,32070,512,584,1785153468530641000,1785153468530641000,1785153468530641000,1785153468530642000,1785153468530799000,1785153468530801000,1785153468530801000,1785153468530801000,121932490,121652369,-123.121,0.000,0.000,1.000,2.000,0.000,0.000,8.000,0,0,0
B3_zmq_pushpull,zmq_tcp,none,none,,1,32071,512,584,1785153468531502000,1785153468531502000,1785153468531502000,1785153468531503000,1785153468531645000,1785153468531648000,1785153468531648000,1785153468531648000,121932490,121652369,-138.121,0.000,0.000,1.000,3.000,0.000,0.000,15.000,0,0,0
B3_zmq_pushpull,zmq_tcp,none,none,,1,32072,512,584,1785153468532674000,1785153468532674000,1785153468532674000,1785153468532675000,1785153468532781000,1785153468532784000,1785153468532784000,1785153468532784000,121932490,121652369,-174.121,0.000,0.000,1.000,3.000,0.000,0.000,36.000,0,0,0
B3_zmq_pushpull,zmq_tcp,none,none,,1,32073,512,584,1785153468533634000,1785153468533634000,1785153468533634000,1785153468533635000,1785153468533763000,1785153468533765000,1785153468533765000,1785153468533765000,121932490,121652369,-152.121,0.000,0.000,1.000,2.000,0.000,0.000,22.000,0,0,0
B3_zmq_pushpull,zmq_tcp,none,none,,1,32074,512,584,1785153468534646000,1785153468534646000,1785153468534646000,1785153468534647000,1785153468534757000,1785153468534760000,1785153468534760000,1785153468534760000,121932490,121652369,-170.121,0.000,0.000,1.000,3.000,0.000,0.000,18.000,0,0,0
B3_zmq_pushpull,zmq_tcp,none,none,,1,32075,512,584,1785153468535639000,1785153468535639000,1785153468535639000,1785153468535640000,1785153468535752000,1785153468535755000,1785153468535755000,1785153468535755000,121932490,121652369,-168.121,0.000,0.000,1.000,3.000,0.000,0.000,2.000,0,0,0
B3_zmq_pushpull,zmq_tcp,none,none,,1,32076,512,584,1785153468536643000,1785153468536643000,1785153468536643000,1785153468536644000,1785153468536753000,1785153468536756000,1785153468536756000,1785153468536756000,121932490,121652369,-171.121,0.000,0.000,1.000,3.000,0.000,0.000,3.000,0,0,0
B3_zmq_pushpull,zmq_tcp,none,none,,1,32077,512,584,1785153468537450000,1785153468537450000,1785153468537450000,1785153468537451000,1785153468537599000,1785153468537601000,1785153468537601000,1785153468537601000,121932490,121652369,-132.121,0.000,0.000,1.000,2.000,0.000,0.000,39.000,0,0,0
B3_zmq_pushpull,zmq_tcp,none,none,,1,32078,512,584,1785153468538690000,1785153468538690000,1785153468538690000,1785153468538691000,1785153468538863000,1785153468538865000,1785153468538866000,1785153468538866000,121932490,121652369,-108.121,0.000,0.000,1.000,2.000,1.000,0.000,24.000,0,0,0
B3_zmq_pushpull,zmq_tcp,none,none,,1,32079,512,584,1785153468539627000,1785153468539627000,1785153468539628000,1785153468539628000,1785153468539699000,1785153468539702000,1785153468539702000,1785153468539702000,121932490,121652369,-209.121,0.000,1.000,0.000,3.000,0.000,0.000,101.000,0,0,0
B3_zmq_pushpull,zmq_tcp,none,none,,1,32080,512,584,1785153468540496000,1785153468540496000,1785153468540496000,1785153468540497000,1785153468540644000,1785153468540647000,1785153468540647000,1785153468540647000,121932490,121652369,-133.121,0.000,0.000,1.000,3.000,0.000,0.000,76.000,0,0,0
B3_zmq_pushpull,zmq_tcp,none,none,,1,32081,512,584,1785153468541678000,1785153468541678000,1785153468541678000,1785153468541679000,1785153468541792000,1785153468541794000,1785153468541794000,1785153468541794000,121932490,121652369,-167.121,0.000,0.000,1.000,2.000,0.000,0.000,34.000,0,0,0
B3_zmq_pushpull,zmq_tcp,none,none,,1,32082,512,584,1785153468542633000,1785153468542633000,1785153468542633000,1785153468542634000,1785153468542789000,1785153468542793000,1785153468542793000,1785153468542793000,121932490,121652369,-125.121,0.000,0.000,1.000,4.000,0.000,0.000,42.000,0,0,0
B3_zmq_pushpull,zmq_tcp,none,none,,1,32083,512,584,1785153468543642000,1785153468543642000,1785153468543642000,1785153468543643000,1785153468543777000,1785153468543780000,1785153468543780000,1785153468543780000,121932490,121652369,-146.121,0.000,0.000,1.000,3.000,0.000,0.000,21.000,0,0,0
B3_zmq_pushpull,zmq_tcp,none,none,,1,32084,512,584,1785153468544642000,1785153468544642000,1785153468544642000,1785153468544643000,1785153468544776000,1785153468544779000,1785153468544779000,1785153468544779000,121932490,121652369,-147.121,0.000,0.000,1.000,3.000,0.000,0.000,1.000,0,0,0
B3_zmq_pushpull,zmq_tcp,none,none,,1,32085,512,584,1785153468545642000,1785153468545642000,1785153468545642000,1785153468545643000,1785153468545744000,1785153468545747000,1785153468545747000,1785153468545747000,121932490,121652369,-179.121,0.000,0.000,1.000,3.000,0.000,0.000,32.000,0,0,0
B3_zmq_pushpull,zmq_tcp,none,none,,1,32086,512,584,1785153468546639000,1785153468546639000,1785153468546639000,1785153468546640000,1785153468546739000,1785153468546741000,1785153468546741000,1785153468546741000,121932490,121652369,-181.121,0.000,0.000,1.000,2.000,0.000,0.000,2.000,0,0,0
B3_zmq_pushpull,zmq_tcp,none,none,,1,32087,512,584,1785153468547643000,1785153468547643000,1785153468547643000,1785153468547644000,1785153468547740000,1785153468547743000,1785153468547743000,1785153468547743000,121932490,121652369,-184.121,0.000,0.000,1.000,3.000,0.000,0.000,3.000,0,0,0
B3_zmq_pushpull,zmq_tcp,none,none,,1,32088,512,584,1785153468548646000,1785153468548646000,1785153468548646000,1785153468548647000,1785153468548748000,1785153468548751000,1785153468548751000,1785153468548751000,121932490,121652369,-179.121,0.000,0.000,1.000,3.000,0.000,0.000,5.000,0,0,0
B3_zmq_pushpull,zmq_tcp,none,none,,1,32089,512,584,1785153468549641000,1785153468549641000,1785153468549642000,1785153468549642000,1785153468549745000,1785153468549749000,1785153468549749000,1785153468549749000,121932490,121652369,-177.121,0.000,1.000,0.000,4.000,0.000,0.000,2.000,0,0,0
B3_zmq_pushpull,zmq_tcp,none,none,,1,32090,512,584,1785153468550642000,1785153468550642000,1785153468550642000,1785153468550643000,1785153468550724000,1785153468550727000,1785153468550727000,1785153468550727000,121932490,121652369,-199.121,0.000,0.000,1.000,3.000,0.000,0.000,22.000,0,0,0
B3_zmq_pushpull,zmq_tcp,none,none,,1,32091,512,584,1785153468551643000,1785153468551643000,1785153468551643000,1785153468551644000,1785153468551715000,1785153468551718000,1785153468551718000,1785153468551718000,121932490,121652369,-209.121,0.000,0.000,1.000,3.000,0.000,0.000,10.000,0,0,0
B3_zmq_pushpull,zmq_tcp,none,none,,1,32092,512,584,1785153468552642000,1785153468552642000,1785153468552642000,1785153468552643000,1785153468552713000,1785153468552716000,1785153468552716000,1785153468552716000,121932490,121652369,-210.121,0.000,0.000,1.000,3.000,0.000,0.000,1.000,0,0,0
B3_zmq_pushpull,zmq_tcp,none,none,,1,32093,512,584,1785153468553639000,1785153468553639000,1785153468553640000,1785153468553640000,1785153468553700000,1785153468553703000,1785153468553703000,1785153468553703000,121932490,121652369,-220.121,0.000,1.000,0.000,3.000,0.000,0.000,10.000,0,0,0
B3_zmq_pushpull,zmq_tcp,none,none,,1,32094,512,584,1785153468554643000,1785153468554643000,1785153468554643000,1785153468554644000,1785153468554688000,1785153468554692000,1785153468554692000,1785153468554692000,121932490,121652369,-236.121,0.000,0.000,1.000,4.000,0.000,0.000,16.000,0,0,0
B3_zmq_pushpull,zmq_tcp,none,none,,1,32095,512,584,1785153468555642000,1785153468555642000,1785153468555643000,1785153468555643000,1785153468555813000,1785153468555817000,1785153468555817000,1785153468555817000,121932490,121652369,-110.121,0.000,1.000,0.000,4.000,0.000,0.000,126.000,0,0,0
B3_zmq_pushpull,zmq_tcp,none,none,,1,32096,512,584,1785153468556520000,1785153468556521000,1785153468556521000,1785153468556522000,1785153468556677000,1785153468556681000,1785153468556681000,1785153468556681000,121932490,121652369,-125.121,1.000,0.000,1.000,4.000,0.000,0.000,15.000,0,0,0
B3_zmq_pushpull,zmq_tcp,none,none,,1,32097,512,584,1785153468557673000,1785153468557673000,1785153468557673000,1785153468557674000,1785153468557808000,1785153468557811000,1785153468557811000,1785153468557811000,121932490,121652369,-146.121,0.000,0.000,1.000,3.000,0.000,0.000,21.000,0,0,0
B3_zmq_pushpull,zmq_tcp,none,none,,1,32098,512,584,1785153468558634000,1785153468558634000,1785153468558634000,1785153468558635000,1785153468558679000,1785153468558682000,1785153468558682000,1785153468558682000,121932490,121652369,-236.121,0.000,0.000,1.000,3.000,0.000,0.000,90.000,0,0,0
B3_zmq_pushpull,zmq_tcp,none,none,,1,32099,512,584,1785153468559529000,1785153468559529000,1785153468559529000,1785153468559530000,1785153468559674000,1785153468559677000,1785153468559677000,1785153468559677000,121932490,121652369,-136.121,0.000,0.000,1.000,3.000,0.000,0.000,100.000,0,0,0
B3_zmq_pushpull,zmq_tcp,none,none,,1,32100,512,584,1785153468560525000,1785153468560525000,1785153468560526000,1785153468560526000,1785153468560669000,1785153468560672000,1785153468560672000,1785153468560672000,121932490,121652369,-137.121,0.000,1.000,0.000,3.000,0.000,0.000,1.000,0,0,0
B3_zmq_pushpull,zmq_tcp,none,none,,1,32101,512,584,1785153468561671000,1785153468561672000,1785153468561672000,1785153468561673000,1785153468561771000,1785153468561773000,1785153468561774000,1785153468561774000,121932490,121652369,-182.121,1.000,0.000,1.000,2.000,1.000,0.000,45.000,0,0,0
B3_zmq_pushpull,zmq_tcp,none,none,,1,32102,512,584,1785153468562635000,1785153468562635000,1785153468562635000,1785153468562636000,1785153468562772000,1785153468562780000,1785153468562780000,1785153468562780000,121932490,121652369,-144.121,0.000,0.000,1.000,8.000,0.000,0.000,38.000,0,0,0
B3_zmq_pushpull,zmq_tcp,none,none,,1,32103,512,584,1785153468563472000,1785153468563472000,1785153468563472000,1785153468563473000,1785153468563629000,1785153468563632000,1785153468563632000,1785153468563632000,121932490,121652369,-124.121,0.000,0.000,1.000,3.000,0.000,0.000,20.000,0,0,0
B3_zmq_pushpull,zmq_tcp,none,none,,1,32104,512,584,1785153468564454000,1785153468564454000,1785153468564454000,1785153468564455000,1785153468564611000,1785153468564613000,1785153468564613000,1785153468564613000,121932490,121652369,-124.121,0.000,0.000,1.000,2.000,0.000,0.000,0.000,0,0,0
B3_zmq_pushpull,zmq_tcp,none,none,,1,32105,512,584,1785153468565451000,1785153468565451000,1785153468565451000,1785153468565452000,1785153468565608000,1785153468565611000,1785153468565611000,1785153468565611000,121932490,121652369,-124.121,0.000,0.000,1.000,3.000,0.000,0.000,0.000,0,0,0
B3_zmq_pushpull,zmq_tcp,none,none,,1,32106,512,584,1785153468566690000,1785153468566690000,1785153468566690000,1785153468566691000,1785153468566852000,1785153468566855000,1785153468566855000,1785153468566855000,121932490,121652369,-119.121,0.000,0.000,1.000,3.000,0.000,0.000,5.000,0,0,0
B3_zmq_pushpull,zmq_tcp,none,none,,1,32107,512,584,1785153468567553000,1785153468567553000,1785153468567553000,1785153468567554000,1785153468567707000,1785153468567709000,1785153468567709000,1785153468567710000,121932490,121652369,-127.121,0.000,0.000,1.000,2.000,0.000,1.000,8.000,0,0,0
B3_zmq_pushpull,zmq_tcp,none,none,,1,32108,512,584,1785153468568558000,1785153468568558000,1785153468568558000,1785153468568559000,1785153468568693000,1785153468568696000,1785153468568696000,1785153468568696000,121932490,121652369,-146.121,0.000,0.000,1.000,3.000,0.000,0.000,19.000,0,0,0
B3_zmq_pushpull,zmq_tcp,none,none,,1,32109,512,584,1785153468569666000,1785153468569666000,1785153468569666000,1785153468569667000,1785153468569851000,1785153468569853000,1785153468569853000,1785153468569853000,121932490,121652369,-96.121,0.000,0.000,1.000,2.000,0.000,0.000,50.000,0,0,0
B3_zmq_pushpull,zmq_tcp,none,none,,1,32110,512,584,1785153468570570000,1785153468570570000,1785153468570570000,1785153468570571000,1785153468570731000,1785153468570734000,1785153468570734000,1785153468570734000,121932490,121652369,-120.121,0.000,0.000,1.000,3.000,0.000,0.000,24.000,0,0,0
B3_zmq_pushpull,zmq_tcp,none,none,,1,32111,512,584,1785153468571454000,1785153468571454000,1785153468571454000,1785153468571455000,1785153468571599000,1785153468571602000,1785153468571602000,1785153468571602000,121932490,121652369,-136.121,0.000,0.000,1.000,3.000,0.000,0.000,16.000,0,0,0
B3_zmq_pushpull,zmq_tcp,none,none,,1,32112,512,584,1785153468572450000,1785153468572450000,1785153468572450000,1785153468572451000,1785153468572595000,1785153468572598000,1785153468572598000,1785153468572598000,121932490,121652369,-136.121,0.000,0.000,1.000,3.000,0.000,0.000,0.000,0,0,0
B3_zmq_pushpull,zmq_tcp,none,none,,1,32113,512,584,1785153468573572000,1785153468573572000,1785153468573572000,1785153468573573000,1785153468573726000,1785153468573728000,1785153468573728000,1785153468573728000,121932490,121652369,-127.121,0.000,0.000,1.000,2.000,0.000,0.000,9.000,0,0,0
B3_zmq_pushpull,zmq_tcp,none,none,,1,32114,512,584,1785153468574538000,1785153468574538000,1785153468574538000,1785153468574539000,1785153468574683000,1785153468574686000,1785153468574686000,1785153468574686000,121932490,121652369,-136.121,0.000,0.000,1.000,3.000,0.000,0.000,9.000,0,0,0
B3_zmq_pushpull,zmq_tcp,none,none,,1,32115,512,584,1785153468575525000,1785153468575525000,1785153468575526000,1785153468575527000,1785153468575670000,1785153468575672000,1785153468575672000,1785153468575672000,121932490,121652369,-137.121,0.000,1.000,1.000,2.000,0.000,0.000,1.000,0,0,0
B3_zmq_pushpull,zmq_tcp,none,none,,1,32116,512,584,1785153468576671000,1785153468576671000,1785153468576671000,1785153468576672000,1785153468576818000,1785153468576820000,1785153468576820000,1785153468576820000,121932490,121652369,-134.121,0.000,0.000,1.000,2.000,0.000,0.000,3.000,0,0,0
B3_zmq_pushpull,zmq_tcp,none,none,,1,32117,512,584,1785153468577632000,1785153468577632000,1785153468577632000,1785153468577633000,1785153468577818000,1785153468577820000,1785153468577820000,1785153468577820000,121932490,121652369,-95.121,0.000,0.000,1.000,2.000,0.000,0.000,39.000,0,0,0
B3_zmq_pushpull,zmq_tcp,none,none,,1,32118,512,584,1785153468578517000,1785153468578517000,1785153468578517000,1785153468578518000,1785153468578676000,1785153468578679000,1785153468578679000,1785153468578679000,121932490,121652369,-122.121,0.000,0.000,1.000,3.000,0.000,0.000,27.000,0,0,0
B3_zmq_pushpull,zmq_tcp,none,none,,1,32119,512,584,1785153468579528000,1785153468579528000,1785153468579528000,1785153468579529000,1785153468579683000,1785153468579686000,1785153468579686000,1785153468579686000,121932490,121652369,-126.121,0.000,0.000,1.000,3.000,0.000,0.000,4.000,0,0,0
B3_zmq_pushpull,zmq_tcp,none,none,,1,32120,512,584,1785153468580533000,1785153468580533000,1785153468580533000,1785153468580534000,1785153468580678000,1785153468580680000,1785153468580680000,1785153468580680000,121932490,121652369,-136.121,0.000,0.000,1.000,2.000,0.000,0.000,10.000,0,0,0
B3_zmq_pushpull,zmq_tcp,none,none,,1,32121,512,584,1785153468581666000,1785153468581666000,1785153468581666000,1785153468581667000,1785153468581815000,1785153468581817000,1785153468581818000,1785153468581818000,121932490,121652369,-132.121,0.000,0.000,1.000,2.000,1.000,0.000,4.000,0,0,0
B3_zmq_pushpull,zmq_tcp,none,none,,1,32122,512,584,1785153468582637000,1785153468582637000,1785153468582637000,1785153468582638000,1785153468582809000,1785153468582812000,1785153468582812000,1785153468582812000,121932490,121652369,-109.121,0.000,0.000,1.000,3.000,0.000,0.000,23.000,0,0,0
B3_zmq_pushpull,zmq_tcp,none,none,,1,32123,512,584,1785153468583644000,1785153468583644000,1785153468583644000,1785153468583645000,1785153468583810000,1785153468583813000,1785153468583813000,1785153468583813000,121932490,121652369,-115.121,0.000,0.000,1.000,3.000,0.000,0.000,6.000,0,0,0
B3_zmq_pushpull,zmq_tcp,none,none,,1,32124,512,584,1785153468584638000,1785153468584638000,1785153468584638000,1785153468584639000,1785153468584680000,1785153468584684000,1785153468584684000,1785153468584684000,121932490,121652369,-239.121,0.000,0.000,1.000,4.000,0.000,0.000,124.000,0,0,0
B3_zmq_pushpull,zmq_tcp,none,none,,1,32125,512,584,1785153468585645000,1785153468585645000,1785153468585645000,1785153468585646000,1785153468585816000,1785153468585819000,1785153468585819000,1785153468585819000,121932490,121652369,-110.121,0.000,0.000,1.000,3.000,0.000,0.000,129.000,0,0,0
B3_zmq_pushpull,zmq_tcp,none,none,,1,32126,512,584,1785153468586643000,1785153468586643000,1785153468586643000,1785153468586644000,1785153468586785000,1785153468586788000,1785153468586788000,1785153468586788000,121932490,121652369,-139.121,0.000,0.000,1.000,3.000,0.000,0.000,29.000,0,0,0
B3_zmq_pushpull,zmq_tcp,none,none,,1,32127,512,584,1785153468587476000,1785153468587476000,1785153468587476000,1785153468587477000,1785153468587611000,1785153468587614000,1785153468587614000,1785153468587614000,121932490,121652369,-146.121,0.000,0.000,1.000,3.000,0.000,0.000,7.000,0,0,0
B3_zmq_pushpull,zmq_tcp,none,none,,1,32128,512,584,1785153468588681000,1785153468588681000,1785153468588681000,1785153468588682000,1785153468588738000,1785153468588740000,1785153468588741000,1785153468588741000,121932490,121652369,-224.121,0.000,0.000,1.000,2.000,1.000,0.000,78.000,0,0,0
B3_zmq_pushpull,zmq_tcp,none,none,,1,32129,512,584,1785153468589633000,1785153468589633000,1785153468589633000,1785153468589634000,1785153468589738000,1785153468589741000,1785153468589741000,1785153468589741000,121932490,121652369,-176.121,0.000,0.000,1.000,3.000,0.000,0.000,48.000,0,0,0
B3_zmq_pushpull,zmq_tcp,none,none,,1,32130,512,584,1785153468590456000,1785153468590456000,1785153468590456000,1785153468590457000,1785153468590592000,1785153468590595000,1785153468590595000,1785153468590595000,121932490,121652369,-145.121,0.000,0.000,1.000,3.000,0.000,0.000,31.000,0,0,0
B3_zmq_pushpull,zmq_tcp,none,none,,1,32131,512,584,1785153468591568000,1785153468591568000,1785153468591568000,1785153468591569000,1785153468591727000,1785153468591730000,1785153468591730000,1785153468591730000,121932490,121652369,-122.121,0.000,0.000,1.000,3.000,0.000,0.000,23.000,0,0,0
B3_zmq_pushpull,zmq_tcp,none,none,,1,32132,512,584,1785153468592660000,1785153468592660000,1785153468592661000,1785153468592661000,1785153468592719000,1785153468592722000,1785153468592722000,1785153468592722000,121932490,121652369,-222.121,0.000,1.000,0.000,3.000,0.000,0.000,100.000,0,0,0
B3_zmq_pushpull,zmq_tcp,none,none,,1,32133,512,584,1785153468593639000,1785153468593639000,1785153468593639000,1785153468593640000,1785153468593714000,1785153468593717000,1785153468593717000,1785153468593717000,121932490,121652369,-206.121,0.000,0.000,1.000,3.000,0.000,0.000,16.000,0,0,0
B3_zmq_pushpull,zmq_tcp,none,none,,1,32134,512,584,1785153468594644000,1785153468594644000,1785153468594644000,1785153468594645000,1785153468594819000,1785153468594822000,1785153468594822000,1785153468594822000,121932490,121652369,-106.121,0.000,0.000,1.000,3.000,0.000,0.000,100.000,0,0,0
B3_zmq_pushpull,zmq_tcp,none,none,,1,32135,512,584,1785153468595641000,1785153468595641000,1785153468595641000,1785153468595642000,1785153468595803000,1785153468595806000,1785153468595806000,1785153468595806000,121932490,121652369,-119.121,0.000,0.000,1.000,3.000,0.000,0.000,13.000,0,0,0
B3_zmq_pushpull,zmq_tcp,none,none,,1,32136,512,584,1785153468596643000,1785153468596643000,1785153468596643000,1785153468596644000,1785153468596794000,1785153468596796000,1785153468596796000,1785153468596796000,121932490,121652369,-130.121,0.000,0.000,1.000,2.000,0.000,0.000,11.000,0,0,0
B3_zmq_pushpull,zmq_tcp,none,none,,1,32137,512,584,1785153468597500000,1785153468597500000,1785153468597500000,1785153468597501000,1785153468597641000,1785153468597644000,1785153468597644000,1785153468597644000,121932490,121652369,-140.121,0.000,0.000,1.000,3.000,0.000,0.000,10.000,0,0,0
B3_zmq_pushpull,zmq_tcp,none,none,,1,32138,512,584,1785153468598679000,1785153468598679000,1785153468598679000,1785153468598680000,1785153468598796000,1785153468598803000,1785153468598803000,1785153468598803000,121932490,121652369,-164.121,0.000,0.000,1.000,7.000,0.000,0.000,24.000,0,0,0
B3_zmq_pushpull,zmq_tcp,none,none,,1,32139,512,584,1785153468599630000,1785153468599630000,1785153468599630000,1785153468599631000,1785153468599790000,1785153468599792000,1785153468599792000,1785153468599792000,121932490,121652369,-121.121,0.000,0.000,1.000,2.000,0.000,0.000,43.000,0,0,0
B3_zmq_pushpull,zmq_tcp,none,none,,1,32140,512,584,1785153468600645000,1785153468600645000,1785153468600645000,1785153468600646000,1785153468600791000,1785153468600794000,1785153468600794000,1785153468600794000,121932490,121652369,-135.121,0.000,0.000,1.000,3.000,0.000,0.000,14.000,0,0,0
B3_zmq_pushpull,zmq_tcp,none,none,,1,32141,512,584,1785153468601641000,1785153468601642000,1785153468601642000,1785153468601643000,1785153468601786000,1785153468601789000,1785153468601789000,1785153468601789000,121932490,121652369,-137.121,1.000,0.000,1.000,3.000,0.000,0.000,2.000,0,0,0
B3_zmq_pushpull,zmq_tcp,none,none,,1,32142,512,584,1785153468602476000,1785153468602476000,1785153468602476000,1785153468602477000,1785153468602630000,1785153468602632000,1785153468602632000,1785153468602632000,121932490,121652369,-127.121,0.000,0.000,1.000,2.000,0.000,0.000,10.000,0,0,0
B3_zmq_pushpull,zmq_tcp,none,none,,1,32143,512,584,1785153468603453000,1785153468603453000,1785153468603453000,1785153468603454000,1785153468603608000,1785153468603611000,1785153468603611000,1785153468603611000,121932490,121652369,-126.121,0.000,0.000,1.000,3.000,0.000,0.000,1.000,0,0,0
B3_zmq_pushpull,zmq_tcp,none,none,,1,32144,512,584,1785153468604693000,1785153468604693000,1785153468604693000,1785153468604694000,1785153468604763000,1785153468604766000,1785153468604766000,1785153468604766000,121932490,121652369,-211.121,0.000,0.000,1.000,3.000,0.000,0.000,85.000,0,0,0
B3_zmq_pushpull,zmq_tcp,none,none,,1,32145,512,584,1785153468605630000,1785153468605630000,1785153468605630000,1785153468605631000,1785153468605758000,1785153468605760000,1785153468605760000,1785153468605760000,121932490,121652369,-153.121,0.000,0.000,1.000,2.000,0.000,0.000,58.000,0,0,0
B3_zmq_pushpull,zmq_tcp,none,none,,1,32146,512,584,1785153468606646000,1785153468606646000,1785153468606646000,1785153468606647000,1785153468606763000,1785153468606766000,1785153468606766000,1785153468606766000,121932490,121652369,-164.121,0.000,0.000,1.000,3.000,0.000,0.000,11.000,0,0,0
B3_zmq_pushpull,zmq_tcp,none,none,,1,32147,512,584,1785153468607642000,1785153468607642000,1785153468607642000,1785153468607643000,1785153468607774000,1785153468607777000,1785153468607777000,1785153468607777000,121932490,121652369,-149.121,0.000,0.000,1.000,3.000,0.000,0.000,15.000,0,0,0
B3_zmq_pushpull,zmq_tcp,none,none,,1,32148,512,584,1785153468608448000,1785153468608448000,1785153468608448000,1785153468608449000,1785153468608603000,1785153468608606000,1785153468608606000,1785153468608606000,121932490,121652369,-126.121,0.000,0.000,1.000,3.000,0.000,0.000,23.000,0,0,0
B3_zmq_pushpull,zmq_tcp,none,none,,1,32149,512,584,1785153468609567000,1785153468609567000,1785153468609567000,1785153468609568000,1785153468609720000,1785153468609723000,1785153468609723000,1785153468609723000,121932490,121652369,-128.121,0.000,0.000,1.000,3.000,0.000,0.000,2.000,0,0,0
B3_zmq_pushpull,zmq_tcp,none,none,,1,32150,512,584,1785153468610563000,1785153468610563000,1785153468610563000,1785153468610564000,1785153468610711000,1785153468610714000,1785153468610714000,1785153468610714000,121932490,121652369,-133.121,0.000,0.000,1.000,3.000,0.000,0.000,5.000,0,0,0
B3_zmq_pushpull,zmq_tcp,none,none,,1,32151,512,584,1785153468611664000,1785153468611664000,1785153468611664000,1785153468611665000,1785153468611700000,1785153468611704000,1785153468611705000,1785153468611705000,121932490,121652369,-245.121,0.000,0.000,1.000,4.000,1.000,0.000,112.000,0,0,0
B3_zmq_pushpull,zmq_tcp,none,none,,1,32152,512,584,1785153468612539000,1785153468612540000,1785153468612540000,1785153468612541000,1785153468612699000,1785153468612702000,1785153468612702000,1785153468612702000,121932490,121652369,-122.121,1.000,0.000,1.000,3.000,0.000,0.000,123.000,0,0,0
B3_zmq_pushpull,zmq_tcp,none,none,,1,32153,512,584,1785153468613529000,1785153468613529000,1785153468613529000,1785153468613530000,1785153468613687000,1785153468613690000,1785153468613690000,1785153468613690000,121932490,121652369,-123.121,0.000,0.000,1.000,3.000,0.000,0.000,1.000,0,0,0
B3_zmq_pushpull,zmq_tcp,none,none,,1,32154,512,584,1785153468614670000,1785153468614670000,1785153468614670000,1785153468614671000,1785153468614806000,1785153468614808000,1785153468614808000,1785153468614808000,121932490,121652369,-145.121,0.000,0.000,1.000,2.000,0.000,0.000,22.000,0,0,0
B3_zmq_pushpull,zmq_tcp,none,none,,1,32155,512,584,1785153468615636000,1785153468615636000,1785153468615636000,1785153468615637000,1785153468615792000,1785153468615795000,1785153468615795000,1785153468615795000,121932490,121652369,-125.121,0.000,0.000,1.000,3.000,0.000,0.000,20.000,0,0,0
B3_zmq_pushpull,zmq_tcp,none,none,,1,32156,512,584,1785153468616643000,1785153468616643000,1785153468616643000,1785153468616644000,1785153468616786000,1785153468616789000,1785153468616789000,1785153468616789000,121932490,121652369,-138.121,0.000,0.000,1.000,3.000,0.000,0.000,13.000,0,0,0
B3_zmq_pushpull,zmq_tcp,none,none,,1,32157,512,584,1785153468617492000,1785153468617493000,1785153468617493000,1785153468617494000,1785153468617642000,1785153468617645000,1785153468617645000,1785153468617645000,121932490,121652369,-132.121,1.000,0.000,1.000,3.000,0.000,0.000,6.000,0,0,0
B3_zmq_pushpull,zmq_tcp,none,none,,1,32158,512,584,1785153468618680000,1785153468618681000,1785153468618681000,1785153468618682000,1785153468618775000,1785153468618778000,1785153468618778000,1785153468618778000,121932490,121652369,-187.121,1.000,0.000,1.000,3.000,0.000,0.000,55.000,0,0,0
B3_zmq_pushpull,zmq_tcp,none,none,,1,32159,512,584,1785153468619633000,1785153468619633000,1785153468619633000,1785153468619634000,1785153468619795000,1785153468619798000,1785153468619798000,1785153468619798000,121932490,121652369,-119.121,0.000,0.000,1.000,3.000,0.000,0.000,68.000,0,0,0
B3_zmq_pushpull,zmq_tcp,none,none,,1,32160,512,584,1785153468620644000,1785153468620644000,1785153468620644000,1785153468620645000,1785153468620790000,1785153468620793000,1785153468620793000,1785153468620793000,121932490,121652369,-135.121,0.000,0.000,1.000,3.000,0.000,0.000,16.000,0,0,0
B3_zmq_pushpull,zmq_tcp,none,none,,1,32161,512,584,1785153468621640000,1785153468621640000,1785153468621640000,1785153468621641000,1785153468621786000,1785153468621789000,1785153468621789000,1785153468621789000,121932490,121652369,-135.121,0.000,0.000,1.000,3.000,0.000,0.000,0.000,0,0,0
B3_zmq_pushpull,zmq_tcp,none,none,,1,32162,512,584,1785153468622483000,1785153468622483000,1785153468622483000,1785153468622484000,1785153468622636000,1785153468622638000,1785153468622638000,1785153468622638000,121932490,121652369,-128.121,0.000,0.000,1.000,2.000,0.000,0.000,7.000,0,0,0
B3_zmq_pushpull,zmq_tcp,none,none,,1,32163,512,584,1785153468623470000,1785153468623470000,1785153468623470000,1785153468623471000,1785153468623604000,1785153468623606000,1785153468623606000,1785153468623606000,121932490,121652369,-147.121,0.000,0.000,1.000,2.000,0.000,0.000,19.000,0,0,0
B3_zmq_pushpull,zmq_tcp,none,none,,1,32164,512,584,1785153468624684000,1785153468624684000,1785153468624684000,1785153468624685000,1785153468624878000,1785153468624881000,1785153468624881000,1785153468624881000,121932490,121652369,-87.121,0.000,0.000,1.000,3.000,0.000,0.000,60.000,0,0,0
B3_zmq_pushpull,zmq_tcp,none,none,,1,32165,512,584,1785153468625628000,1785153468625628000,1785153468625628000,1785153468625629000,1785153468625736000,1785153468625738000,1785153468625738000,1785153468625738000,121932490,121652369,-173.121,0.000,0.000,1.000,2.000,0.000,0.000,86.000,0,0,0
B3_zmq_pushpull,zmq_tcp,none,none,,1,32166,512,584,1785153468626647000,1785153468626647000,1785153468626647000,1785153468626648000,1785153468626731000,1785153468626733000,1785153468626733000,1785153468626733000,121932490,121652369,-197.121,0.000,0.000,1.000,2.000,0.000,0.000,24.000,0,0,0
B3_zmq_pushpull,zmq_tcp,none,none,,1,32167,512,584,1785153468627640000,1785153468627640000,1785153468627640000,1785153468627641000,1785153468627710000,1785153468627713000,1785153468627713000,1785153468627713000,121932490,121652369,-211.121,0.000,0.000,1.000,3.000,0.000,0.000,14.000,0,0,0
B3_zmq_pushpull,zmq_tcp,none,none,,1,32168,512,584,1785153468628642000,1785153468628642000,1785153468628642000,1785153468628643000,1785153468628702000,1785153468628706000,1785153468628706000,1785153468628706000,121932490,121652369,-221.121,0.000,0.000,1.000,4.000,0.000,0.000,10.000,0,0,0
B3_zmq_pushpull,zmq_tcp,none,none,,1,32169,512,584,1785153468629511000,1785153468629511000,1785153468629511000,1785153468629512000,1785153468629662000,1785153468629665000,1785153468629666000,1785153468629666000,121932490,121652369,-130.121,0.000,0.000,1.000,3.000,1.000,0.000,91.000,0,0,0
B3_zmq_pushpull,zmq_tcp,none,none,,1,32170,512,584,1785153468630675000,1785153468630675000,1785153468630675000,1785153468630676000,1785153468630753000,1785153468630756000,1785153468630756000,1785153468630756000,121932490,121652369,-203.121,0.000,0.000,1.000,3.000,0.000,0.000,73.000,0,0,0
B3_zmq_pushpull,zmq_tcp,none,none,,1,32171,512,584,1785153468631633000,1785153468631633000,1785153468631633000,1785153468631634000,1785153468631743000,1785153468631746000,1785153468631746000,1785153468631746000,121932490,121652369,-171.121,0.000,0.000,1.000,3.000,0.000,0.000,32.000,0,0,0
B3_zmq_pushpull,zmq_tcp,none,none,,1,32172,512,584,1785153468632646000,1785153468632646000,1785153468632646000,1785153468632647000,1785153468632732000,1785153468632735000,1785153468632735000,1785153468632735000,121932490,121652369,-195.121,0.000,0.000,1.000,3.000,0.000,0.000,24.000,0,0,0
B3_zmq_pushpull,zmq_tcp,none,none,,1,32173,512,584,1785153468633640000,1785153468633640000,1785153468633640000,1785153468633641000,1785153468633716000,1785153468633719000,1785153468633719000,1785153468633719000,121932490,121652369,-205.121,0.000,0.000,1.000,3.000,0.000,0.000,10.000,0,0,0
B3_zmq_pushpull,zmq_tcp,none,none,,1,32174,512,584,1785153468634643000,1785153468634643000,1785153468634643000,1785153468634644000,1785153468634821000,1785153468634824000,1785153468634824000,1785153468634824000,121932490,121652369,-103.121,0.000,0.000,1.000,3.000,0.000,0.000,102.000,0,0,0
B3_zmq_pushpull,zmq_tcp,none,none,,1,32175,512,584,1785153468635641000,1785153468635641000,1785153468635641000,1785153468635642000,1785153468635686000,1785153468635690000,1785153468635690000,1785153468635690000,121932490,121652369,-236.121,0.000,0.000,1.000,4.000,0.000,0.000,133.000,0,0,0
B3_zmq_pushpull,zmq_tcp,none,none,,1,32176,512,584,1785153468636641000,1785153468636641000,1785153468636641000,1785153468636642000,1785153468636797000,1785153468636800000,1785153468636800000,1785153468636800000,121932490,121652369,-125.121,0.000,0.000,1.000,3.000,0.000,0.000,111.000,0,0,0
B3_zmq_pushpull,zmq_tcp,none,none,,1,32177,512,584,1785153468637639000,1785153468637639000,1785153468637639000,1785153468637640000,1785153468637773000,1785153468637776000,1785153468637776000,1785153468637776000,121932490,121652369,-147.121,0.000,0.000,1.000,3.000,0.000,0.000,22.000,0,0,0
B3_zmq_pushpull,zmq_tcp,none,none,,1,32178,512,584,1785153468638643000,1785153468638643000,1785153468638643000,1785153468638644000,1785153468638745000,1785153468638748000,1785153468638748000,1785153468638748000,121932490,121652369,-179.121,0.000,0.000,1.000,3.000,0.000,0.000,32.000,0,0,0
B3_zmq_pushpull,zmq_tcp,none,none,,1,32179,512,584,1785153468639641000,1785153468639641000,1785153468639641000,1785153468639642000,1785153468639718000,1785153468639721000,1785153468639721000,1785153468639721000,121932490,121652369,-204.121,0.000,0.000,1.000,3.000,0.000,0.000,25.000,0,0,0
B3_zmq_pushpull,zmq_tcp,none,none,,1,32180,512,584,1785153468640643000,1785153468640643000,1785153468640643000,1785153468640644000,1785153468640825000,1785153468640828000,1785153468640828000,1785153468640828000,121932490,121652369,-99.121,0.000,0.000,1.000,3.000,0.000,0.000,105.000,0,0,0
B3_zmq_pushpull,zmq_tcp,none,none,,1,32181,512,584,1785153468641643000,1785153468641643000,1785153468641643000,1785153468641644000,1785153468641825000,1785153468641828000,1785153468641828000,1785153468641828000,121932490,121652369,-99.121,0.000,0.000,1.000,3.000,0.000,0.000,0.000,0,0,0
B3_zmq_pushpull,zmq_tcp,none,none,,1,32182,512,584,1785153468642641000,1785153468642641000,1785153468642642000,1785153468642643000,1785153468642689000,1785153468642693000,1785153468642693000,1785153468642693000,121932490,121652369,-234.121,0.000,1.000,1.000,4.000,0.000,0.000,135.000,0,0,0
B3_zmq_pushpull,zmq_tcp,none,none,,1,32183,512,584,1785153468643516000,1785153468643516000,1785153468643517000,1785153468643517000,1785153468643659000,1785153468643661000,1785153468643661000,1785153468643661000,121932490,121652369,-138.121,0.000,1.000,0.000,2.000,0.000,0.000,96.000,0,0,0
B3_zmq_pushpull,zmq_tcp,none,none,,1,32184,512,584,1785153468644486000,1785153468644486000,1785153468644486000,1785153468644487000,1785153468644637000,1785153468644640000,1785153468644640000,1785153468644640000,121932490,121652369,-130.121,0.000,0.000,1.000,3.000,0.000,0.000,8.000,0,0,0
B3_zmq_pushpull,zmq_tcp,none,none,,1,32185,512,584,1785153468645457000,1785153468645457000,1785153468645457000,1785153468645458000,1785153468645614000,1785153468645617000,1785153468645617000,1785153468645618000,121932490,121652369,-124.121,0.000,0.000,1.000,3.000,0.000,1.000,6.000,0,0,0
B3_zmq_pushpull,zmq_tcp,none,none,,1,32186,512,584,1785153468646690000,1785153468646690000,1785153468646690000,1785153468646691000,1785153468646874000,1785153468646877000,1785153468646877000,1785153468646877000,121932490,121652369,-97.121,0.000,0.000,1.000,3.000,0.000,0.000,27.000,0,0,0
B3_zmq_pushpull,zmq_tcp,none,none,,1,32187,512,584,1785153468647632000,1785153468647632000,1785153468647632000,1785153468647633000,1785153468647716000,1785153468647719000,1785153468647720000,1785153468647720000,121932490,121652369,-197.121,0.000,0.000,1.000,3.000,1.000,0.000,100.000,0,0,0
B3_zmq_pushpull,zmq_tcp,none,none,,1,32188,512,584,1785153468648557000,1785153468648557000,1785153468648557000,1785153468648558000,1785153468648717000,1785153468648720000,1785153468648720000,1785153468648720000,121932490,121652369,-121.121,0.000,0.000,1.000,3.000,0.000,0.000,76.000,0,0,0
B3_zmq_pushpull,zmq_tcp,none,none,,1,32189,512,584,1785153468649663000,1785153468649663000,1785153468649663000,1785153468649664000,1785153468649710000,1785153468649714000,1785153468649714000,1785153468649714000,121932490,121652369,-234.121,0.000,0.000,1.000,4.000,0.000,0.000,113.000,0,0,0
B3_zmq_pushpull,zmq_tcp,none,none,,1,32190,512,584,1785153468650530000,1785153468650530000,1785153468650530000,1785153468650531000,1785153468650684000,1785153468650686000,1785153468650686000,1785153468650686000,121932490,121652369,-127.121,0.000,0.000,1.000,2.000,0.000,0.000,107.000,0,0,0
B3_zmq_pushpull,zmq_tcp,none,none,,1,32191,512,584,1785153468651508000,1785153468651509000,1785153468651509000,1785153468651510000,1785153468651652000,1785153468651654000,1785153468651654000,1785153468651654000,121932490,121652369,-138.121,1.000,0.000,1.000,2.000,0.000,0.000,11.000,0,0,0
B3_zmq_pushpull,zmq_tcp,none,none,,1,32192,512,584,1785153468652491000,1785153468652491000,1785153468652491000,1785153468652492000,1785153468652650000,1785153468652653000,1785153468652653000,1785153468652653000,121932490,121652369,-122.121,0.000,0.000,1.000,3.000,0.000,0.000,16.000,0,0,0
B3_zmq_pushpull,zmq_tcp,none,none,,1,32193,512,584,1785153468653680000,1785153468653680000,1785153468653680000,1785153468653681000,1785153468653784000,1785153468653786000,1785153468653786000,1785153468653786000,121932490,121652369,-177.121,0.000,0.000,1.000,2.000,0.000,0.000,55.000,0,0,0
B3_zmq_pushpull,zmq_tcp,none,none,,1,32194,512,584,1785153468654634000,1785153468654634000,1785153468654634000,1785153468654635000,1785153468654773000,1785153468654776000,1785153468654776000,1785153468654776000,121932490,121652369,-142.121,0.000,0.000,1.000,3.000,0.000,0.000,35.000,0,0,0
B3_zmq_pushpull,zmq_tcp,none,none,,1,32195,512,584,1785153468655640000,1785153468655640000,1785153468655640000,1785153468655641000,1785153468655754000,1785153468655757000,1785153468655757000,1785153468655757000,121932490,121652369,-167.121,0.000,0.000,1.000,3.000,0.000,0.000,25.000,0,0,0
B3_zmq_pushpull,zmq_tcp,none,none,,1,32196,512,584,1785153468656450000,1785153468656450000,1785153468656450000,1785153468656451000,1785153468656604000,1785153468656607000,1785153468656607000,1785153468656607000,121932490,121652369,-127.121,0.000,0.000,1.000,3.000,0.000,0.000,40.000,0,0,0
B3_zmq_pushpull,zmq_tcp,none,none,,1,32197,512,584,1785153468657553000,1785153468657553000,1785153468657553000,1785153468657554000,1785153468657704000,1785153468657707000,1785153468657707000,1785153468657707000,121932490,121652369,-130.121,0.000,0.000,1.000,3.000,0.000,0.000,3.000,0,0,0
B3_zmq_pushpull,zmq_tcp,none,none,,1,32198,512,584,1785153468658523000,1785153468658523000,1785153468658523000,1785153468658524000,1785153468658677000,1785153468658680000,1785153468658680000,1785153468658680000,121932490,121652369,-127.121,0.000,0.000,1.000,3.000,0.000,0.000,3.000,0,0,0
B3_zmq_pushpull,zmq_tcp,none,none,,1,32199,512,584,1785153468659496000,1785153468659496000,1785153468659496000,1785153468659497000,1785153468659650000,1785153468659653000,1785153468659653000,1785153468659653000,121932490,121652369,-127.121,0.000,0.000,1.000,3.000,0.000,0.000,0.000,0,0,0
B3_zmq_pushpull,zmq_tcp,none,none,,1,32200,512,584,1785153468660679000,1785153468660679000,1785153468660679000,1785153468660680000,1785153468660756000,1785153468660758000,1785153468660758000,1785153468660758000,121932490,121652369,-204.121,0.000,0.000,1.000,2.000,0.000,0.000,77.000,0,0,0
B3_zmq_pushpull,zmq_tcp,none,none,,1,32201,512,584,1785153468661632000,1785153468661632000,1785153468661632000,1785153468661633000,1785153468661736000,1785153468661738000,1785153468661738000,1785153468661738000,121932490,121652369,-177.121,0.000,0.000,1.000,2.000,0.000,0.000,27.000,0,0,0
B3_zmq_pushpull,zmq_tcp,none,none,,1,32202,512,584,1785153468662644000,1785153468662644000,1785153468662644000,1785153468662645000,1785153468662693000,1785153468662697000,1785153468662697000,1785153468662697000,121932490,121652369,-232.121,0.000,0.000,1.000,4.000,0.000,0.000,55.000,0,0,0
B3_zmq_pushpull,zmq_tcp,none,none,,1,32203,512,584,1785153468663642000,1785153468663642000,1785153468663642000,1785153468663643000,1785153468663829000,1785153468663832000,1785153468663832000,1785153468663832000,121932490,121652369,-94.121,0.000,0.000,1.000,3.000,0.000,0.000,138.000,0,0,0
B3_zmq_pushpull,zmq_tcp,none,none,,1,32204,512,584,1785153468664511000,1785153468664511000,1785153468664511000,1785153468664512000,1785153468664665000,1785153468664668000,1785153468664668000,1785153468664668000,121932490,121652369,-127.121,0.000,0.000,1.000,3.000,0.000,0.000,33.000,0,0,0
B3_zmq_pushpull,zmq_tcp,none,none,,1,32205,512,584,1785153468665505000,1785153468665505000,1785153468665505000,1785153468665506000,1785153468665649000,1785153468665652000,1785153468665652000,1785153468665652000,121932490,121652369,-137.121,0.000,0.000,1.000,3.000,0.000,0.000,10.000,0,0,0
B3_zmq_pushpull,zmq_tcp,none,none,,1,32206,512,584,1785153468666673000,1785153468666674000,1785153468666674000,1785153468666675000,1785153468666765000,1785153468666767000,1785153468666768000,1785153468666768000,121932490,121652369,-190.121,1.000,0.000,1.000,2.000,1.000,0.000,53.000,0,0,0
B3_zmq_pushpull,zmq_tcp,none,none,,1,32207,512,584,1785153468667634000,1785153468667634000,1785153468667634000,1785153468667635000,1785153468667745000,1785153468667748000,1785153468667748000,1785153468667748000,121932490,121652369,-170.121,0.000,0.000,1.000,3.000,0.000,0.000,20.000,0,0,0
B3_zmq_pushpull,zmq_tcp,none,none,,1,32208,512,584,1785153468668644000,1785153468668644000,1785153468668644000,1785153468668645000,1785153468668745000,1785153468668748000,1785153468668748000,1785153468668748000,121932490,121652369,-180.121,0.000,0.000,1.000,3.000,0.000,0.000,10.000,0,0,0
B3_zmq_pushpull,zmq_tcp,none,none,,1,32209,512,584,1785153468669640000,1785153468669640000,1785153468669640000,1785153468669641000,1785153468669718000,1785153468669721000,1785153468669721000,1785153468669721000,121932490,121652369,-203.121,0.000,0.000,1.000,3.000,0.000,0.000,23.000,0,0,0
B3_zmq_pushpull,zmq_tcp,none,none,,1,32210,512,584,1785153468670641000,1785153468670642000,1785153468670642000,1785153468670643000,1785153468670678000,1785153468670682000,1785153468670682000,1785153468670682000,121932490,121652369,-245.121,1.000,0.000,1.000,4.000,0.000,0.000,42.000,0,0,0
B3_zmq_pushpull,zmq_tcp,none,none,,1,32211,512,584,1785153468671643000,1785153468671643000,1785153468671643000,1785153468671644000,1785153468671809000,1785153468671812000,1785153468671812000,1785153468671812000,121932490,121652369,-115.121,0.000,0.000,1.000,3.000,0.000,0.000,130.000,0,0,0
B3_zmq_pushpull,zmq_tcp,none,none,,1,32212,512,584,1785153468672642000,1785153468672642000,1785153468672642000,1785153468672643000,1785153468672786000,1785153468672790000,1785153468672790000,1785153468672790000,121932490,121652369,-137.121,0.000,0.000,1.000,4.000,0.000,0.000,22.000,0,0,0
B3_zmq_pushpull,zmq_tcp,none,none,,1,32213,512,584,1785153468673472000,1785153468673472000,1785153468673472000,1785153468673473000,1785153468673625000,1785153468673628000,1785153468673628000,1785153468673628000,121932490,121652369,-128.121,0.000,0.000,1.000,3.000,0.000,0.000,9.000,0,0,0
B3_zmq_pushpull,zmq_tcp,none,none,,1,32214,512,584,1785153468674461000,1785153468674461000,1785153468674461000,1785153468674462000,1785153468674621000,1785153468674624000,1785153468674624000,1785153468674624000,121932490,121652369,-121.121,0.000,0.000,1.000,3.000,0.000,0.000,7.000,0,0,0
B3_zmq_pushpull,zmq_tcp,none,none,,1,32215,512,584,1785153468675690000,1785153468675690000,1785153468675690000,1785153468675691000,1785153468675880000,1785153468675882000,1785153468675882000,1785153468675882000,121932490,121652369,-91.121,0.000,0.000,1.000,2.000,0.000,0.000,30.000,0,0,0
B3_zmq_pushpull,zmq_tcp,none,none,,1,32216,512,584,1785153468676628000,1785153468676628000,1785153468676628000,1785153468676629000,1785153468676732000,1785153468676735000,1785153468676735000,1785153468676735000,121932490,121652369,-177.121,0.000,0.000,1.000,3.000,0.000,0.000,86.000,0,0,0
B3_zmq_pushpull,zmq_tcp,none,none,,1,32217,512,584,1785153468677646000,1785153468677646000,1785153468677646000,1785153468677647000,1785153468677721000,1785153468677724000,1785153468677724000,1785153468677724000,121932490,121652369,-206.121,0.000,0.000,1.000,3.000,0.000,0.000,29.000,0,0,0
B3_zmq_pushpull,zmq_tcp,none,none,,1,32218,512,584,1785153468678642000,1785153468678642000,1785153468678642000,1785153468678643000,1785153468678701000,1785153468678704000,1785153468678704000,1785153468678704000,121932490,121652369,-222.121,0.000,0.000,1.000,3.000,0.000,0.000,16.000,0,0,0
B3_zmq_pushpull,zmq_tcp,none,none,,1,32219,512,584,1785153468679642000,1785153468679642000,1785153468679642000,1785153468679643000,1785153468679689000,1785153468679692000,1785153468679692000,1785153468679692000,121932490,121652369,-234.121,0.000,0.000,1.000,3.000,0.000,0.000,12.000,0,0,0
B3_zmq_pushpull,zmq_tcp,none,none,,1,32220,512,584,1785153468680526000,1785153468680526000,1785153468680526000,1785153468680527000,1785153468680670000,1785153468680673000,1785153468680673000,1785153468680673000,121932490,121652369,-137.121,0.000,0.000,1.000,3.000,0.000,0.000,97.000,0,0,0
B3_zmq_pushpull,zmq_tcp,none,none,,1,32221,512,584,1785153468681673000,1785153468681673000,1785153468681673000,1785153468681674000,1785153468681799000,1785153468681801000,1785153468681801000,1785153468681801000,121932490,121652369,-155.121,0.000,0.000,1.000,2.000,0.000,0.000,18.000,0,0,0
B3_zmq_pushpull,zmq_tcp,none,none,,1,32222,512,584,1785153468682634000,1785153468682634000,1785153468682634000,1785153468682635000,1785153468682792000,1785153468682795000,1785153468682795000,1785153468682795000,121932490,121652369,-123.121,0.000,0.000,1.000,3.000,0.000,0.000,32.000,0,0,0
B3_zmq_pushpull,zmq_tcp,none,none,,1,32223,512,584,1785153468683467000,1785153468683467000,1785153468683467000,1785153468683468000,1785153468683621000,1785153468683624000,1785153468683624000,1785153468683624000,121932490,121652369,-127.121,0.000,0.000,1.000,3.000,0.000,0.000,4.000,0,0,0
B3_zmq_pushpull,zmq_tcp,none,none,,1,32224,512,584,1785153468684465000,1785153468684465000,1785153468684465000,1785153468684466000,1785153468684619000,1785153468684621000,1785153468684621000,1785153468684621000,121932490,121652369,-127.121,0.000,0.000,1.000,2.000,0.000,0.000,0.000,0,0,0
B3_zmq_pushpull,zmq_tcp,none,none,,1,32225,512,584,1785153468685449000,1785153468685449000,1785153468685449000,1785153468685450000,1785153468685579000,1785153468685581000,1785153468685582000,1785153468685582000,121932490,121652369,-151.121,0.000,0.000,1.000,2.000,1.000,0.000,24.000,0,0,0
B3_zmq_pushpull,zmq_tcp,none,none,,1,32226,512,584,1785153468686547000,1785153468686548000,1785153468686548000,1785153468686549000,1785153468686703000,1785153468686705000,1785153468686705000,1785153468686705000,121932490,121652369,-126.121,1.000,0.000,1.000,2.000,0.000,0.000,25.000,0,0,0
B3_zmq_pushpull,zmq_tcp,none,none,,1,32227,512,584,1785153468687666000,1785153468687666000,1785153468687666000,1785153468687667000,1785153468687835000,1785153468687837000,1785153468687837000,1785153468687837000,121932490,121652369,-112.121,0.000,0.000,1.000,2.000,0.000,0.000,14.000,0,0,0
B3_zmq_pushpull,zmq_tcp,none,none,,1,32228,512,584,1785153468688637000,1785153468688638000,1785153468688638000,1785153468688639000,1785153468688805000,1785153468688808000,1785153468688808000,1785153468688808000,121932490,121652369,-114.121,1.000,0.000,1.000,3.000,0.000,0.000,2.000,0,0,0
B3_zmq_pushpull,zmq_tcp,none,none,,1,32229,512,584,1785153468689643000,1785153468689643000,1785153468689643000,1785153468689644000,1785153468689796000,1785153468689799000,1785153468689799000,1785153468689799000,121932490,121652369,-128.121,0.000,0.000,1.000,3.000,0.000,0.000,14.000,0,0,0
B3_zmq_pushpull,zmq_tcp,none,none,,1,32230,512,584,1785153468690638000,1785153468690638000,1785153468690638000,1785153468690639000,1785153468690766000,1785153468690769000,1785153468690769000,1785153468690769000,121932490,121652369,-153.121,0.000,0.000,1.000,3.000,0.000,0.000,25.000,0,0,0
B3_zmq_pushpull,zmq_tcp,none,none,,1,32231,512,584,1785153468691643000,1785153468691643000,1785153468691643000,1785153468691644000,1785153468691749000,1785153468691753000,1785153468691753000,1785153468691753000,121932490,121652369,-175.121,0.000,0.000,1.000,4.000,0.000,0.000,22.000,0,0,0
B3_zmq_pushpull,zmq_tcp,none,none,,1,32232,512,584,1785153468692642000,1785153468692642000,1785153468692642000,1785153468692643000,1785153468692712000,1785153468692715000,1785153468692715000,1785153468692715000,121932490,121652369,-211.121,0.000,0.000,1.000,3.000,0.000,0.000,36.000,0,0,0
B3_zmq_pushpull,zmq_tcp,none,none,,1,32233,512,584,1785153468693644000,1785153468693645000,1785153468693645000,1785153468693646000,1785153468693693000,1785153468693697000,1785153468693697000,1785153468693697000,121932490,121652369,-233.121,1.000,0.000,1.000,4.000,0.000,0.000,22.000,0,0,0
B3_zmq_pushpull,zmq_tcp,none,none,,1,32234,512,584,1785153468694640000,1785153468694640000,1785153468694641000,1785153468694641000,1785153468694820000,1785153468694823000,1785153468694823000,1785153468694823000,121932490,121652369,-101.121,0.000,1.000,0.000,3.000,0.000,0.000,132.000,0,0,0
B3_zmq_pushpull,zmq_tcp,none,none,,1,32235,512,584,1785153468695644000,1785153468695644000,1785153468695644000,1785153468695645000,1785153468695821000,1785153468695824000,1785153468695824000,1785153468695824000,121932490,121652369,-104.121,0.000,0.000,1.000,3.000,0.000,0.000,3.000,0,0,0
B3_zmq_pushpull,zmq_tcp,none,none,,1,32236,512,584,1785153468696642000,1785153468696642000,1785153468696642000,1785153468696643000,1785153468696785000,1785153468696788000,1785153468696788000,1785153468696788000,121932490,121652369,-138.121,0.000,0.000,1.000,3.000,0.000,0.000,34.000,0,0,0
B3_zmq_pushpull,zmq_tcp,none,none,,1,32237,512,584,1785153468697642000,1785153468697642000,1785153468697642000,1785153468697643000,1785153468697769000,1785153468697772000,1785153468697772000,1785153468697772000,121932490,121652369,-154.121,0.000,0.000,1.000,3.000,0.000,0.000,16.000,0,0,0
B3_zmq_pushpull,zmq_tcp,none,none,,1,32238,512,584,1785153468698639000,1785153468698639000,1785153468698639000,1785153468698640000,1785153468698737000,1785153468698740000,1785153468698740000,1785153468698740000,121932490,121652369,-183.121,0.000,0.000,1.000,3.000,0.000,0.000,29.000,0,0,0
B3_zmq_pushpull,zmq_tcp,none,none,,1,32239,512,584,1785153468699643000,1785153468699643000,1785153468699643000,1785153468699644000,1785153468699729000,1785153468699732000,1785153468699732000,1785153468699732000,121932490,121652369,-195.121,0.000,0.000,1.000,3.000,0.000,0.000,12.000,0,0,0
B3_zmq_pushpull,zmq_tcp,none,none,,1,32240,512,584,1785153468700642000,1785153468700642000,1785153468700642000,1785153468700643000,1785153468700705000,1785153468700709000,1785153468700709000,1785153468700709000,121932490,121652369,-218.121,0.000,0.000,1.000,4.000,0.000,0.000,23.000,0,0,0
B3_zmq_pushpull,zmq_tcp,none,none,,1,32241,512,584,1785153468701644000,1785153468701645000,1785153468701645000,1785153468701646000,1785153468701853000,1785153468701856000,1785153468701856000,1785153468701856000,121932490,121652369,-73.121,1.000,0.000,1.000,3.000,0.000,0.000,145.000,0,0,0
B3_zmq_pushpull,zmq_tcp,none,none,,1,32242,512,584,1785153468702638000,1785153468702638000,1785153468702638000,1785153468702639000,1785153468702825000,1785153468702828000,1785153468702828000,1785153468702828000,121932490,121652369,-94.121,0.000,0.000,1.000,3.000,0.000,0.000,21.000,0,0,0
B3_zmq_pushpull,zmq_tcp,none,none,,1,32243,512,584,1785153468703646000,1785153468703646000,1785153468703646000,1785153468703647000,1785153468703820000,1785153468703823000,1785153468703823000,1785153468703823000,121932490,121652369,-107.121,0.000,0.000,1.000,3.000,0.000,0.000,13.000,0,0,0
B3_zmq_pushpull,zmq_tcp,none,none,,1,32244,512,584,1785153468704642000,1785153468704642000,1785153468704642000,1785153468704643000,1785153468704786000,1785153468704789000,1785153468704789000,1785153468704789000,121932490,121652369,-137.121,0.000,0.000,1.000,3.000,0.000,0.000,30.000,0,0,0
B3_zmq_pushpull,zmq_tcp,none,none,,1,32245,512,584,1785153468705484000,1785153468705484000,1785153468705484000,1785153468705486000,1785153468705619000,1785153468705621000,1785153468705621000,1785153468705622000,121932490,121652369,-147.121,0.000,0.000,2.000,2.000,0.000,1.000,10.000,0,0,0
B3_zmq_pushpull,zmq_tcp,none,none,,1,32246,512,584,1785153468706680000,1785153468706680000,1785153468706681000,1785153468706682000,1785153468706740000,1785153468706742000,1785153468706742000,1785153468706742000,121932490,121652369,-222.121,0.000,1.000,1.000,2.000,0.000,0.000,75.000,0,0,0
B3_zmq_pushpull,zmq_tcp,none,none,,1,32247,512,584,1785153468707632000,1785153468707632000,1785153468707632000,1785153468707633000,1785153468707732000,1785153468707735000,1785153468707735000,1785153468707735000,121932490,121652369,-181.121,0.000,0.000,1.000,3.000,0.000,0.000,41.000,0,0,0
B3_zmq_pushpull,zmq_tcp,none,none,,1,32248,512,584,1785153468708454000,1785153468708454000,1785153468708454000,1785153468708455000,1785153468708599000,1785153468708601000,1785153468708601000,1785153468708601000,121932490,121652369,-136.121,0.000,0.000,1.000,2.000,0.000,0.000,45.000,0,0,0
B3_zmq_pushpull,zmq_tcp,none,none,,1,32249,512,584,1785153468709453000,1785153468709453000,1785153468709453000,1785153468709454000,1785153468709589000,1785153468709591000,1785153468709591000,1785153468709591000,121932490,121652369,-145.121,0.000,0.000,1.000,2.000,0.000,0.000,9.000,0,0,0
B3_zmq_pushpull,zmq_tcp,none,none,,1,32250,512,584,1785153468710561000,1785153468710561000,1785153468710561000,1785153468710562000,1785153468710719000,1785153468710721000,1785153468710722000,1785153468710722000,121932490,121652369,-123.121,0.000,0.000,1.000,2.000,1.000,0.000,22.000,0,0,0
B3_zmq_pushpull,zmq_tcp,none,none,,1,32251,512,584,1785153468711569000,1785153468711569000,1785153468711569000,1785153468711571000,1785153468711720000,1785153468711725000,1785153468711725000,1785153468711725000,121932490,121652369,-131.121,0.000,0.000,2.000,5.000,0.000,0.000,8.000,0,0,0
B3_zmq_pushpull,zmq_tcp,none,none,,1,32252,512,584,1785153468712662000,1785153468712662000,1785153468712662000,1785153468712663000,1785153468712836000,1785153468712839000,1785153468712839000,1785153468712839000,121932490,121652369,-107.121,0.000,0.000,1.000,3.000,0.000,0.000,24.000,0,0,0
B3_zmq_pushpull,zmq_tcp,none,none,,1,32253,512,584,1785153468713637000,1785153468713637000,1785153468713637000,1785153468713638000,1785153468713706000,1785153468713709000,1785153468713709000,1785153468713709000,121932490,121652369,-212.121,0.000,0.000,1.000,3.000,0.000,0.000,105.000,0,0,0
B3_zmq_pushpull,zmq_tcp,none,none,,1,32254,512,584,1785153468714568000,1785153468714568000,1785153468714568000,1785153468714569000,1785153468714725000,1785153468714728000,1785153468714728000,1785153468714728000,121932490,121652369,-124.121,0.000,0.000,1.000,3.000,0.000,0.000,88.000,0,0,0
B3_zmq_pushpull,zmq_tcp,none,none,,1,32255,512,584,1785153468715448000,1785153468715448000,1785153468715448000,1785153468715449000,1785153468715587000,1785153468715590000,1785153468715590000,1785153468715590000,121932490,121652369,-142.121,0.000,0.000,1.000,3.000,0.000,0.000,18.000,0,0,0
B3_zmq_pushpull,zmq_tcp,none,none,,1,32256,512,584,1785153468716446000,1785153468716446000,1785153468716446000,1785153468716447000,1785153468716592000,1785153468716595000,1785153468716595000,1785153468716595000,121932490,121652369,-135.121,0.000,0.000,1.000,3.000,0.000,0.000,7.000,0,0,0
B3_zmq_pushpull,zmq_tcp,none,none,,1,32257,512,584,1785153468717458000,1785153468717458000,1785153468717458000,1785153468717459000,1785153468717604000,1785153468717606000,1785153468717607000,1785153468717607000,121932490,121652369,-135.121,0.000,0.000,1.000,2.000,1.000,0.000,0.000,0,0,0
B3_zmq_pushpull,zmq_tcp,none,none,,1,32258,512,584,1785153468718446000,1785153468718447000,1785153468718447000,1785153468718448000,1785153468718601000,1785153468718604000,1785153468718604000,1785153468718604000,121932490,121652369,-127.121,1.000,0.000,1.000,3.000,0.000,0.000,8.000,0,0,0
B3_zmq_pushpull,zmq_tcp,none,none,,1,32259,512,584,1785153468719693000,1785153468719693000,1785153468719693000,1785153468719694000,1785153468719849000,1785153468719852000,1785153468719852000,1785153468719852000,121932490,121652369,-125.121,0.000,0.000,1.000,3.000,0.000,0.000,2.000,0,0,0
B3_zmq_pushpull,zmq_tcp,none,none,,1,32260,512,584,1785153468720628000,1785153468720628000,1785153468720628000,1785153468720629000,1785153468720705000,1785153468720708000,1785153468720709000,1785153468720709000,121932490,121652369,-204.121,0.000,0.000,1.000,3.000,1.000,0.000,79.000,0,0,0
B3_zmq_pushpull,zmq_tcp,none,none,,1,32261,512,584,1785153468721549000,1785153468721549000,1785153468721549000,1785153468721550000,1785153468721712000,1785153468721715000,1785153468721715000,1785153468721715000,121932490,121652369,-118.121,0.000,0.000,1.000,3.000,0.000,0.000,86.000,0,0,0
B3_zmq_pushpull,zmq_tcp,none,none,,1,32262,512,584,1785153468722667000,1785153468722667000,1785153468722667000,1785153468722668000,1785153468722742000,1785153468722746000,1785153468722746000,1785153468722746000,121932490,121652369,-206.121,0.000,0.000,1.000,4.000,0.000,0.000,88.000,0,0,0
B3_zmq_pushpull,zmq_tcp,none,none,,1,32263,512,584,1785153468723638000,1785153468723638000,1785153468723638000,1785153468723639000,1785153468723749000,1785153468723753000,1785153468723753000,1785153468723753000,121932490,121652369,-170.121,0.000,0.000,1.000,4.000,0.000,0.000,36.000,0,0,0
B3_zmq_pushpull,zmq_tcp,none,none,,1,32264,512,584,1785153468724646000,1785153468724646000,1785153468724646000,1785153468724647000,1785153468724745000,1785153468724747000,1785153468724747000,1785153468724747000,121932490,121652369,-182.121,0.000,0.000,1.000,2.000,0.000,0.000,12.000,0,0,0
B3_zmq_pushpull,zmq_tcp,none,none,,1,32265,512,584,1785153468725643000,1785153468725643000,1785153468725643000,1785153468725644000,1785153468725737000,1785153468725740000,1785153468725740000,1785153468725740000,121932490,121652369,-187.121,0.000,0.000,1.000,3.000,0.000,0.000,5.000,0,0,0
B3_zmq_pushpull,zmq_tcp,none,none,,1,32266,512,584,1785153468726643000,1785153468726643000,1785153468726643000,1785153468726644000,1785153468726717000,1785153468726719000,1785153468726719000,1785153468726719000,121932490,121652369,-207.121,0.000,0.000,1.000,2.000,0.000,0.000,20.000,0,0,0
B3_zmq_pushpull,zmq_tcp,none,none,,1,32267,512,584,1785153468727641000,1785153468727641000,1785153468727641000,1785153468727642000,1785153468727700000,1785153468727703000,1785153468727703000,1785153468727703000,121932490,121652369,-222.121,0.000,0.000,1.000,3.000,0.000,0.000,15.000,0,0,0
B3_zmq_pushpull,zmq_tcp,none,none,,1,32268,512,584,1785153468728542000,1785153468728542000,1785153468728542000,1785153468728543000,1785153468728699000,1785153468728701000,1785153468728701000,1785153468728701000,121932490,121652369,-124.121,0.000,0.000,1.000,2.000,0.000,0.000,98.000,0,0,0
B3_zmq_pushpull,zmq_tcp,none,none,,1,32269,512,584,1785153468729668000,1785153468729669000,1785153468729669000,1785153468729670000,1785153468729853000,1785153468729856000,1785153468729856000,1785153468729856000,121932490,121652369,-97.121,1.000,0.000,1.000,3.000,0.000,0.000,27.000,0,0,0
B3_zmq_pushpull,zmq_tcp,none,none,,1,32270,512,584,1785153468730562000,1785153468730562000,1785153468730562000,1785153468730563000,1785153468730721000,1785153468730724000,1785153468730724000,1785153468730724000,121932490,121652369,-122.121,0.000,0.000,1.000,3.000,0.000,0.000,25.000,0,0,0
B3_zmq_pushpull,zmq_tcp,none,none,,1,32271,512,584,1785153468731572000,1785153468731572000,1785153468731572000,1785153468731573000,1785153468731727000,1785153468731732000,1785153468731732000,1785153468731732000,121932490,121652369,-126.121,0.000,0.000,1.000,5.000,0.000,0.000,4.000,0,0,0
B3_zmq_pushpull,zmq_tcp,none,none,,1,32272,512,584,1785153468732664000,1785153468732664000,1785153468732664000,1785153468732666000,1785153468732851000,1785153468732854000,1785153468732854000,1785153468732854000,121932490,121652369,-95.121,0.000,0.000,2.000,3.000,0.000,0.000,31.000,0,0,0
B3_zmq_pushpull,zmq_tcp,none,none,,1,32273,512,584,1785153468733638000,1785153468733638000,1785153468733638000,1785153468733639000,1785153468733715000,1785153468733718000,1785153468733718000,1785153468733718000,121932490,121652369,-204.121,0.000,0.000,1.000,3.000,0.000,0.000,109.000,0,0,0
B3_zmq_pushpull,zmq_tcp,none,none,,1,32274,512,584,1785153468734649000,1785153468734649000,1785153468734649000,1785153468734650000,1785153468734715000,1785153468734717000,1785153468734717000,1785153468734717000,121932490,121652369,-215.121,0.000,0.000,1.000,2.000,0.000,0.000,11.000,0,0,0
B3_zmq_pushpull,zmq_tcp,none,none,,1,32275,512,584,1785153468735577000,1785153468735577000,1785153468735577000,1785153468735578000,1785153468735740000,1785153468735743000,1785153468735743000,1785153468735743000,121932490,121652369,-118.121,0.000,0.000,1.000,3.000,0.000,0.000,97.000,0,0,0
B3_zmq_pushpull,zmq_tcp,none,none,,1,32276,512,584,1785153468736660000,1785153468736660000,1785153468736661000,1785153468736661000,1785153468736749000,1785153468736752000,1785153468736752000,1785153468736752000,121932490,121652369,-192.121,0.000,1.000,0.000,3.000,0.000,0.000,74.000,0,0,0
B3_zmq_pushpull,zmq_tcp,none,none,,1,32277,512,584,1785153468737638000,1785153468737638000,1785153468737638000,1785153468737639000,1785153468737744000,1785153468737747000,1785153468737747000,1785153468737747000,121932490,121652369,-175.121,0.000,0.000,1.000,3.000,0.000,0.000,17.000,0,0,0
B3_zmq_pushpull,zmq_tcp,none,none,,1,32278,512,584,1785153468738645000,1785153468738645000,1785153468738645000,1785153468738646000,1785153468738721000,1785153468738725000,1785153468738725000,1785153468738725000,121932490,121652369,-205.121,0.000,0.000,1.000,4.000,0.000,0.000,30.000,0,0,0
B3_zmq_pushpull,zmq_tcp,none,none,,1,32279,512,584,1785153468739643000,1785153468739643000,1785153468739643000,1785153468739644000,1785153468739703000,1785153468739706000,1785153468739706000,1785153468739706000,121932490,121652369,-221.121,0.000,0.000,1.000,3.000,0.000,0.000,16.000,0,0,0
B3_zmq_pushpull,zmq_tcp,none,none,,1,32280,512,584,1785153468740555000,1785153468740555000,1785153468740555000,1785153468740556000,1785153468740695000,1785153468740698000,1785153468740698000,1785153468740698000,121932490,121652369,-141.121,0.000,0.000,1.000,3.000,0.000,0.000,80.000,0,0,0
B3_zmq_pushpull,zmq_tcp,none,none,,1,32281,512,584,1785153468741662000,1785153468741662000,1785153468741662000,1785153468741663000,1785153468741853000,1785153468741856000,1785153468741856000,1785153468741856000,121932490,121652369,-90.121,0.000,0.000,1.000,3.000,0.000,0.000,51.000,0,0,0
B3_zmq_pushpull,zmq_tcp,none,none,,1,32282,512,584,1785153468742641000,1785153468742641000,1785153468742641000,1785153468742642000,1785153468742715000,1785153468742718000,1785153468742718000,1785153468742718000,121932490,121652369,-207.121,0.000,0.000,1.000,3.000,0.000,0.000,117.000,0,0,0
B3_zmq_pushpull,zmq_tcp,none,none,,1,32283,512,584,1785153468743643000,1785153468743643000,1785153468743643000,1785153468743644000,1785153468743718000,1785153468743720000,1785153468743720000,1785153468743720000,121932490,121652369,-206.121,0.000,0.000,1.000,2.000,0.000,0.000,1.000,0,0,0
B3_zmq_pushpull,zmq_tcp,none,none,,1,32284,512,584,1785153468744641000,1785153468744641000,1785153468744641000,1785153468744642000,1785153468744710000,1785153468744713000,1785153468744713000,1785153468744713000,121932490,121652369,-212.121,0.000,0.000,1.000,3.000,0.000,0.000,6.000,0,0,0
B3_zmq_pushpull,zmq_tcp,none,none,,1,32285,512,584,1785153468745643000,1785153468745643000,1785153468745643000,1785153468745644000,1785153468745721000,1785153468745724000,1785153468745724000,1785153468745724000,121932490,121652369,-203.121,0.000,0.000,1.000,3.000,0.000,0.000,9.000,0,0,0
B3_zmq_pushpull,zmq_tcp,none,none,,1,32286,512,584,1785153468746643000,1785153468746643000,1785153468746643000,1785153468746644000,1785153468746723000,1785153468746725000,1785153468746725000,1785153468746725000,121932490,121652369,-201.121,0.000,0.000,1.000,2.000,0.000,0.000,2.000,0,0,0
B3_zmq_pushpull,zmq_tcp,none,none,,1,32287,512,584,1785153468747643000,1785153468747643000,1785153468747643000,1785153468747644000,1785153468747711000,1785153468747713000,1785153468747713000,1785153468747713000,121932490,121652369,-213.121,0.000,0.000,1.000,2.000,0.000,0.000,12.000,0,0,0
B3_zmq_pushpull,zmq_tcp,none,none,,1,32288,512,584,1785153468748558000,1785153468748558000,1785153468748558000,1785153468748559000,1785153468748716000,1785153468748719000,1785153468748719000,1785153468748719000,121932490,121652369,-123.121,0.000,0.000,1.000,3.000,0.000,0.000,90.000,0,0,0
B3_zmq_pushpull,zmq_tcp,none,none,,1,32289,512,584,1785153468749665000,1785153468749665000,1785153468749665000,1785153468749666000,1785153468749737000,1785153468749740000,1785153468749740000,1785153468749740000,121932490,121652369,-209.121,0.000,0.000,1.000,3.000,0.000,0.000,86.000,0,0,0
B3_zmq_pushpull,zmq_tcp,none,none,,1,32290,512,584,1785153468750639000,1785153468750639000,1785153468750639000,1785153468750640000,1785153468750759000,1785153468750761000,1785153468750761000,1785153468750761000,121932490,121652369,-161.121,0.000,0.000,1.000,2.000,0.000,0.000,48.000,0,0,0
B3_zmq_pushpull,zmq_tcp,none,none,,1,32291,512,584,1785153468751644000,1785153468751644000,1785153468751644000,1785153468751645000,1785153468751745000,1785153468751748000,1785153468751748000,1785153468751749000,121932490,121652369,-180.121,0.000,0.000,1.000,3.000,0.000,1.000,19.000,0,0,0
B3_zmq_pushpull,zmq_tcp,none,none,,1,32292,512,584,1785153468752642000,1785153468752643000,1785153468752643000,1785153468752644000,1785153468752757000,1785153468752761000,1785153468752761000,1785153468752761000,121932490,121652369,-167.121,1.000,0.000,1.000,4.000,0.000,0.000,13.000,0,0,0
B3_zmq_pushpull,zmq_tcp,none,none,,1,32293,512,584,1785153468753645000,1785153468753645000,1785153468753645000,1785153468753646000,1785153468753758000,1785153468753761000,1785153468753761000,1785153468753761000,121932490,121652369,-168.121,0.000,0.000,1.000,3.000,0.000,0.000,1.000,0,0,0
B3_zmq_pushpull,zmq_tcp,none,none,,1,32294,512,584,1785153468754646000,1785153468754646000,1785153468754646000,1785153468754647000,1785153468754739000,1785153468754742000,1785153468754742000,1785153468754742000,121932490,121652369,-188.121,0.000,0.000,1.000,3.000,0.000,0.000,20.000,0,0,0
B3_zmq_pushpull,zmq_tcp,none,none,,1,32295,512,584,1785153468755639000,1785153468755639000,1785153468755639000,1785153468755640000,1785153468755757000,1785153468755760000,1785153468755760000,1785153468755760000,121932490,121652369,-163.121,0.000,0.000,1.000,3.000,0.000,0.000,25.000,0,0,0
B3_zmq_pushpull,zmq_tcp,none,none,,1,32296,512,584,1785153468756647000,1785153468756647000,1785153468756647000,1785153468756648000,1785153468756772000,1785153468756775000,1785153468756775000,1785153468756775000,121932490,121652369,-156.121,0.000,0.000,1.000,3.000,0.000,0.000,7.000,0,0,0
B3_zmq_pushpull,zmq_tcp,none,none,,1,32297,512,584,1785153468757646000,1785153468757646000,1785153468757647000,1785153468757647000,1785153468757781000,1785153468757785000,1785153468757785000,1785153468757785000,121932490,121652369,-146.121,0.000,1.000,0.000,4.000,0.000,0.000,10.000,0,0,0
B3_zmq_pushpull,zmq_tcp,none,none,,1,32298,512,584,1785153468758644000,1785153468758645000,1785153468758645000,1785153468758646000,1785153468758783000,1785153468758785000,1785153468758785000,1785153468758785000,121932490,121652369,-143.121,1.000,0.000,1.000,2.000,0.000,0.000,3.000,0,0,0
B3_zmq_pushpull,zmq_tcp,none,none,,1,32299,512,584,1785153468759645000,1785153468759645000,1785153468759645000,1785153468759646000,1785153468759795000,1785153468759798000,1785153468759798000,1785153468759798000,121932490,121652369,-131.121,0.000,0.000,1.000,3.000,0.000,0.000,12.000,0,0,0
B3_zmq_pushpull,zmq_tcp,none,none,,1,32300,512,584,1785153468760491000,1785153468760491000,1785153468760491000,1785153468760492000,1785153468760648000,1785153468760651000,1785153468760651000,1785153468760651000,121932490,121652369,-124.121,0.000,0.000,1.000,3.000,0.000,0.000,7.000,0,0,0
B3_zmq_pushpull,zmq_tcp,none,none,,1,32301,512,584,1785153468761509000,1785153468761509000,1785153468761509000,1785153468761510000,1785153468761649000,1785153468761652000,1785153468761652000,1785153468761652000,121932490,121652369,-141.121,0.000,0.000,1.000,3.000,0.000,0.000,17.000,0,0,0
B3_zmq_pushpull,zmq_tcp,none,none,,1,32302,512,584,1785153468762484000,1785153468762484000,1785153468762484000,1785153468762485000,1785153468762643000,1785153468762646000,1785153468762646000,1785153468762646000,121932490,121652369,-122.121,0.000,0.000,1.000,3.000,0.000,0.000,19.000,0,0,0
B3_zmq_pushpull,zmq_tcp,none,none,,1,32303,512,584,1785153468763683000,1785153468763683000,1785153468763683000,1785153468763684000,1785153468763796000,1785153468763799000,1785153468763799000,1785153468763799000,121932490,121652369,-168.121,0.000,0.000,1.000,3.000,0.000,0.000,46.000,0,0,0
B3_zmq_pushpull,zmq_tcp,none,none,,1,32304,512,584,1785153468764511000,1785153468764511000,1785153468764511000,1785153468764512000,1785153468764671000,1785153468764674000,1785153468764674000,1785153468764674000,121932490,121652369,-121.121,0.000,0.000,1.000,3.000,0.000,0.000,47.000,0,0,0
B3_zmq_pushpull,zmq_tcp,none,none,,1,32305,512,584,1785153468765672000,1785153468765672000,1785153468765672000,1785153468765673000,1785153468765821000,1785153468765824000,1785153468765824000,1785153468765824000,121932490,121652369,-132.121,0.000,0.000,1.000,3.000,0.000,0.000,11.000,0,0,0
B3_zmq_pushpull,zmq_tcp,none,none,,1,32306,512,584,1785153468766640000,1785153468766640000,1785153468766640000,1785153468766641000,1785153468766816000,1785153468766819000,1785153468766819000,1785153468766819000,121932490,121652369,-105.121,0.000,0.000,1.000,3.000,0.000,0.000,27.000,0,0,0
B3_zmq_pushpull,zmq_tcp,none,none,,1,32307,512,584,1785153468767527000,1785153468767527000,1785153468767527000,1785153468767528000,1785153468767683000,1785153468767686000,1785153468767686000,1785153468767686000,121932490,121652369,-125.121,0.000,0.000,1.000,3.000,0.000,0.000,20.000,0,0,0
B3_zmq_pushpull,zmq_tcp,none,none,,1,32308,512,584,1785153468768668000,1785153468768669000,1785153468768669000,1785153468768670000,1785153468768805000,1785153468768809000,1785153468768809000,1785153468768809000,121932490,121652369,-145.121,1.000,0.000,1.000,4.000,0.000,0.000,20.000,0,0,0
B3_zmq_pushpull,zmq_tcp,none,none,,1,32309,512,584,1785153468769508000,1785153468769508000,1785153468769508000,1785153468769509000,1785153468769652000,1785153468769655000,1785153468769655000,1785153468769655000,121932490,121652369,-137.121,0.000,0.000,1.000,3.000,0.000,0.000,8.000,0,0,0
B3_zmq_pushpull,zmq_tcp,none,none,,1,32310,512,584,1785153468770677000,1785153468770678000,1785153468770678000,1785153468770679000,1785153468770795000,1785153468770797000,1785153468770797000,1785153468770797000,121932490,121652369,-164.121,1.000,0.000,1.000,2.000,0.000,0.000,27.000,0,0,0
B3_zmq_pushpull,zmq_tcp,none,none,,1,32311,512,584,1785153468771631000,1785153468771632000,1785153468771632000,1785153468771633000,1785153468771784000,1785153468771787000,1785153468771787000,1785153468771787000,121932490,121652369,-129.121,1.000,0.000,1.000,3.000,0.000,0.000,35.000,0,0,0
B3_zmq_pushpull,zmq_tcp,none,none,,1,32312,512,584,1785153468772648000,1785153468772649000,1785153468772649000,1785153468772650000,1785153468772785000,1785153468772789000,1785153468772789000,1785153468772789000,121932490,121652369,-145.121,1.000,0.000,1.000,4.000,0.000,0.000,16.000,0,0,0
B3_zmq_pushpull,zmq_tcp,none,none,,1,32313,512,584,1785153468773642000,1785153468773642000,1785153468773642000,1785153468773643000,1785153468773779000,1785153468773781000,1785153468773782000,1785153468773782000,121932490,121652369,-144.121,0.000,0.000,1.000,2.000,1.000,0.000,1.000,0,0,0
B3_zmq_pushpull,zmq_tcp,none,none,,1,32314,512,584,1785153468774643000,1785153468774644000,1785153468774644000,1785153468774645000,1785153468774792000,1785153468774795000,1785153468774795000,1785153468774795000,121932490,121652369,-133.121,1.000,0.000,1.000,3.000,0.000,0.000,11.000,0,0,0
B3_zmq_pushpull,zmq_tcp,none,none,,1,32315,512,584,1785153468775640000,1785153468775640000,1785153468775640000,1785153468775641000,1785153468775790000,1785153468775792000,1785153468775792000,1785153468775792000,121932490,121652369,-131.121,0.000,0.000,1.000,2.000,0.000,0.000,2.000,0,0,0
B3_zmq_pushpull,zmq_tcp,none,none,,1,32316,512,584,1785153468776645000,1785153468776645000,1785153468776645000,1785153468776646000,1785153468776792000,1785153468776795000,1785153468776795000,1785153468776795000,121932490,121652369,-134.121,0.000,0.000,1.000,3.000,0.000,0.000,3.000,0,0,0
B3_zmq_pushpull,zmq_tcp,none,none,,1,32317,512,584,1785153468777643000,1785153468777644000,1785153468777644000,1785153468777645000,1785153468777816000,1785153468777819000,1785153468777819000,1785153468777819000,121932490,121652369,-109.121,1.000,0.000,1.000,3.000,0.000,0.000,25.000,0,0,0
B3_zmq_pushpull,zmq_tcp,none,none,,1,32318,512,584,1785153468778528000,1785153468778528000,1785153468778528000,1785153468778529000,1785153468778684000,1785153468778688000,1785153468778688000,1785153468778688000,121932490,121652369,-125.121,0.000,0.000,1.000,4.000,0.000,0.000,16.000,0,0,0
B3_zmq_pushpull,zmq_tcp,none,none,,1,32319,512,584,1785153468779671000,1785153468779671000,1785153468779671000,1785153468779672000,1785153468779811000,1785153468779813000,1785153468779813000,1785153468779813000,121932490,121652369,-141.121,0.000,0.000,1.000,2.000,0.000,0.000,16.000,0,0,0
B3_zmq_pushpull,zmq_tcp,none,none,,1,32320,512,584,1785153468780637000,1785153468780637000,1785153468780637000,1785153468780638000,1785153468780812000,1785153468780815000,1785153468780815000,1785153468780815000,121932490,121652369,-106.121,0.000,0.000,1.000,3.000,0.000,0.000,35.000,0,0,0
B3_zmq_pushpull,zmq_tcp,none,none,,1,32321,512,584,1785153468781644000,1785153468781644000,1785153468781644000,1785153468781645000,1785153468781796000,1785153468781799000,1785153468781799000,1785153468781799000,121932490,121652369,-129.121,0.000,0.000,1.000,3.000,0.000,0.000,23.000,0,0,0
B3_zmq_pushpull,zmq_tcp,none,none,,1,32322,512,584,1785153468782504000,1785153468782504000,1785153468782504000,1785153468782505000,1785153468782664000,1785153468782667000,1785153468782667000,1785153468782667000,121932490,121652369,-121.121,0.000,0.000,1.000,3.000,0.000,0.000,8.000,0,0,0
B3_zmq_pushpull,zmq_tcp,none,none,,1,32323,512,584,1785153468783678000,1785153468783678000,1785153468783678000,1785153468783679000,1785153468783800000,1785153468783803000,1785153468783803000,1785153468783803000,121932490,121652369,-159.121,0.000,0.000,1.000,3.000,0.000,0.000,38.000,0,0,0
B3_zmq_pushpull,zmq_tcp,none,none,,1,32324,512,584,1785153468784636000,1785153468784636000,1785153468784636000,1785153468784637000,1785153468784682000,1785153468784687000,1785153468784687000,1785153468784687000,121932490,121652369,-235.121,0.000,0.000,1.000,5.000,0.000,0.000,76.000,0,0,0
B3_zmq_pushpull,zmq_tcp,none,none,,1,32325,512,584,1785153468785530000,1785153468785530000,1785153468785530000,1785153468785531000,1785153468785689000,1785153468785697000,1785153468785697000,1785153468785697000,121932490,121652369,-122.121,0.000,0.000,1.000,8.000,0.000,0.000,113.000,0,0,0
B3_zmq_pushpull,zmq_tcp,none,none,,1,32326,512,584,1785153468786674000,1785153468786674000,1785153468786674000,1785153468786675000,1785153468786851000,1785153468786854000,1785153468786854000,1785153468786854000,121932490,121652369,-104.121,0.000,0.000,1.000,3.000,0.000,0.000,18.000,0,0,0
B3_zmq_pushpull,zmq_tcp,none,none,,1,32327,512,584,1785153468787548000,1785153468787548000,1785153468787548000,1785153468787549000,1785153468787698000,1785153468787702000,1785153468787702000,1785153468787702000,121932490,121652369,-131.121,0.000,0.000,1.000,4.000,0.000,0.000,27.000,0,0,0
B3_zmq_pushpull,zmq_tcp,none,none,,1,32328,512,584,1785153468788536000,1785153468788536000,1785153468788536000,1785153468788537000,1785153468788689000,1785153468788692000,1785153468788692000,1785153468788692000,121932490,121652369,-128.121,0.000,0.000,1.000,3.000,0.000,0.000,3.000,0,0,0
B3_zmq_pushpull,zmq_tcp,none,none,,1,32329,512,584,1785153468789667000,1785153468789667000,1785153468789667000,1785153468789668000,1785153468789829000,1785153468789832000,1785153468789832000,1785153468789832000,121932490,121652369,-119.121,0.000,0.000,1.000,3.000,0.000,0.000,9.000,0,0,0
B3_zmq_pushpull,zmq_tcp,none,none,,1,32330,512,584,1785153468790515000,1785153468790515000,1785153468790515000,1785153468790516000,1785153468790676000,1785153468790679000,1785153468790679000,1785153468790679000,121932490,121652369,-120.121,0.000,0.000,1.000,3.000,0.000,0.000,1.000,0,0,0
B3_zmq_pushpull,zmq_tcp,none,none,,1,32331,512,584,1785153468791527000,1785153468791527000,1785153468791527000,1785153468791528000,1785153468791687000,1785153468791690000,1785153468791690000,1785153468791690000,121932490,121652369,-121.121,0.000,0.000,1.000,3.000,0.000,0.000,1.000,0,0,0
B3_zmq_pushpull,zmq_tcp,none,none,,1,32332,512,584,1785153468792674000,1785153468792674000,1785153468792674000,1785153468792675000,1785153468792817000,1785153468792820000,1785153468792820000,1785153468792820000,121932490,121652369,-138.121,0.000,0.000,1.000,3.000,0.000,0.000,17.000,0,0,0
B3_zmq_pushpull,zmq_tcp,none,none,,1,32333,512,584,1785153468793633000,1785153468793633000,1785153468793633000,1785153468793634000,1785153468793821000,1785153468793825000,1785153468793825000,1785153468793825000,121932490,121652369,-93.121,0.000,0.000,1.000,4.000,0.000,0.000,45.000,0,0,0
B3_zmq_pushpull,zmq_tcp,none,none,,1,32334,512,584,1785153468794647000,1785153468794647000,1785153468794647000,1785153468794648000,1785153468794706000,1785153468794709000,1785153468794709000,1785153468794709000,121932490,121652369,-222.121,0.000,0.000,1.000,3.000,0.000,0.000,129.000,0,0,0
B3_zmq_pushpull,zmq_tcp,none,none,,1,32335,512,584,1785153468795545000,1785153468795545000,1785153468795545000,1785153468795546000,1785153468795700000,1785153468795703000,1785153468795703000,1785153468795703000,121932490,121652369,-126.121,0.000,0.000,1.000,3.000,0.000,0.000,96.000,0,0,0
B3_zmq_pushpull,zmq_tcp,none,none,,1,32336,512,584,1785153468796667000,1785153468796668000,1785153468796668000,1785153468796669000,1785153468796831000,1785153468796833000,1785153468796833000,1785153468796833000,121932490,121652369,-118.121,1.000,0.000,1.000,2.000,0.000,0.000,8.000,0,0,0
B3_zmq_pushpull,zmq_tcp,none,none,,1,32337,512,584,1785153468797540000,1785153468797540000,1785153468797540000,1785153468797541000,1785153468797685000,1785153468797688000,1785153468797688000,1785153468797688000,121932490,121652369,-136.121,0.000,0.000,1.000,3.000,0.000,0.000,18.000,0,0,0
B3_zmq_pushpull,zmq_tcp,none,none,,1,32338,512,584,1785153468798668000,1785153468798668000,1785153468798668000,1785153468798669000,1785153468798829000,1785153468798832000,1785153468798832000,1785153468798832000,121932490,121652369,-120.121,0.000,0.000,1.000,3.000,0.000,0.000,16.000,0,0,0
B3_zmq_pushpull,zmq_tcp,none,none,,1,32339,512,584,1785153468799637000,1785153468799637000,1785153468799637000,1785153468799638000,1785153468799701000,1785153468799705000,1785153468799705000,1785153468799705000,121932490,121652369,-217.121,0.000,0.000,1.000,4.000,0.000,0.000,97.000,0,0,0
B3_zmq_pushpull,zmq_tcp,none,none,,1,32340,512,584,1785153468800645000,1785153468800645000,1785153468800645000,1785153468800646000,1785153468800852000,1785153468800855000,1785153468800855000,1785153468800855000,121932490,121652369,-74.121,0.000,0.000,1.000,3.000,0.000,0.000,143.000,0,0,0
B3_zmq_pushpull,zmq_tcp,none,none,,1,32341,512,584,1785153468801642000,1785153468801642000,1785153468801642000,1785153468801643000,1785153468801705000,1785153468801709000,1785153468801709000,1785153468801709000,121932490,121652369,-218.121,0.000,0.000,1.000,4.000,0.000,0.000,144.000,0,0,0
B3_zmq_pushpull,zmq_tcp,none,none,,1,32342,512,584,1785153468802646000,1785153468802647000,1785153468802647000,1785153468802648000,1785153468802835000,1785153468802838000,1785153468802838000,1785153468802838000,121932490,121652369,-93.121,1.000,0.000,1.000,3.000,0.000,0.000,125.000,0,0,0
B3_zmq_pushpull,zmq_tcp,none,none,,1,32343,512,584,1785153468803645000,1785153468803645000,1785153468803645000,1785153468803646000,1785153468803695000,1785153468803698000,1785153468803699000,1785153468803699000,121932490,121652369,-231.121,0.000,0.000,1.000,3.000,1.000,0.000,138.000,0,0,0
B3_zmq_pushpull,zmq_tcp,none,none,,1,32344,512,584,1785153468804644000,1785153468804644000,1785153468804644000,1785153468804645000,1785153468804716000,1785153468804720000,1785153468804720000,1785153468804720000,121932490,121652369,-209.121,0.000,0.000,1.000,4.000,0.000,0.000,22.000,0,0,0
B3_zmq_pushpull,zmq_tcp,none,none,,1,32345,512,584,1785153468805643000,1785153468805644000,1785153468805644000,1785153468805645000,1785153468805737000,1785153468805741000,1785153468805741000,1785153468805741000,121932490,121652369,-188.121,1.000,0.000,1.000,4.000,0.000,0.000,21.000,0,0,0
B3_zmq_pushpull,zmq_tcp,none,none,,1,32346,512,584,1785153468806646000,1785153468806646000,1785153468806646000,1785153468806647000,1785153468806744000,1785153468806747000,1785153468806747000,1785153468806747000,121932490,121652369,-183.121,0.000,0.000,1.000,3.000,0.000,0.000,5.000,0,0,0
B3_zmq_pushpull,zmq_tcp,none,none,,1,32347,512,584,1785153468807643000,1785153468807644000,1785153468807644000,1785153468807645000,1785153468807766000,1785153468807769000,1785153468807769000,1785153468807769000,121932490,121652369,-159.121,1.000,0.000,1.000,3.000,0.000,0.000,24.000,0,0,0
B3_zmq_pushpull,zmq_tcp,none,none,,1,32348,512,584,1785153468808473000,1785153468808473000,1785153468808473000,1785153468808474000,1785153468808625000,1785153468808628000,1785153468808628000,1785153468808628000,121932490,121652369,-129.121,0.000,0.000,1.000,3.000,0.000,0.000,30.000,0,0,0
B3_zmq_pushpull,zmq_tcp,none,none,,1,32349,512,584,1785153468809684000,1785153468809685000,1785153468809685000,1785153468809685000,1785153468809770000,1785153468809773000,1785153468809773000,1785153468809773000,121932490,121652369,-195.121,1.000,0.000,0.000,3.000,0.000,0.000,66.000,0,0,0
B3_zmq_pushpull,zmq_tcp,none,none,,1,32350,512,584,1785153468810633000,1785153468810634000,1785153468810634000,1785153468810635000,1785153468810780000,1785153468810783000,1785153468810783000,1785153468810783000,121932490,121652369,-135.121,1.000,0.000,1.000,3.000,0.000,0.000,60.000,0,0,0
B3_zmq_pushpull,zmq_tcp,none,none,,1,32351,512,584,1785153468811645000,1785153468811645000,1785153468811645000,1785153468811646000,1785153468811790000,1785153468811792000,1785153468811792000,1785153468811792000,121932490,121652369,-136.121,0.000,0.000,1.000,2.000,0.000,0.000,1.000,0,0,0
B3_zmq_pushpull,zmq_tcp,none,none,,1,32352,512,584,1785153468812641000,1785153468812641000,1785153468812641000,1785153468812642000,1785153468812797000,1785153468812802000,1785153468812802000,1785153468812802000,121932490,121652369,-125.121,0.000,0.000,1.000,5.000,0.000,0.000,11.000,0,0,0
B3_zmq_pushpull,zmq_tcp,none,none,,1,32353,512,584,1785153468813493000,1785153468813493000,1785153468813493000,1785153468813494000,1785153468813640000,1785153468813644000,1785153468813644000,1785153468813644000,121932490,121652369,-134.121,0.000,0.000,1.000,4.000,0.000,0.000,9.000,0,0,0
B3_zmq_pushpull,zmq_tcp,none,none,,1,32354,512,584,1785153468814682000,1785153468814682000,1785153468814682000,1785153468814683000,1785153468814778000,1785153468814781000,1785153468814781000,1785153468814781000,121932490,121652369,-185.121,0.000,0.000,1.000,3.000,0.000,0.000,51.000,0,0,0
B3_zmq_pushpull,zmq_tcp,none,none,,1,32355,512,584,1785153468815631000,1785153468815631000,1785153468815631000,1785153468815632000,1785153468815777000,1785153468815780000,1785153468815780000,1785153468815780000,121932490,121652369,-135.121,0.000,0.000,1.000,3.000,0.000,0.000,50.000,0,0,0
B3_zmq_pushpull,zmq_tcp,none,none,,1,32356,512,584,1785153468816646000,1785153468816646000,1785153468816646000,1785153468816647000,1785153468816781000,1785153468816784000,1785153468816784000,1785153468816784000,121932490,121652369,-146.121,0.000,0.000,1.000,3.000,0.000,0.000,11.000,0,0,0
B3_zmq_pushpull,zmq_tcp,none,none,,1,32357,512,584,1785153468817642000,1785153468817643000,1785153468817643000,1785153468817644000,1785153468817799000,1785153468817802000,1785153468817802000,1785153468817802000,121932490,121652369,-125.121,1.000,0.000,1.000,3.000,0.000,0.000,21.000,0,0,0
B3_zmq_pushpull,zmq_tcp,none,none,,1,32358,512,584,1785153468818644000,1785153468818644000,1785153468818644000,1785153468818645000,1785153468818791000,1785153468818794000,1785153468818794000,1785153468818794000,121932490,121652369,-134.121,0.000,0.000,1.000,3.000,0.000,0.000,9.000,0,0,0
B3_zmq_pushpull,zmq_tcp,none,none,,1,32359,512,584,1785153468819508000,1785153468819509000,1785153468819509000,1785153468819510000,1785153468819666000,1785153468819670000,1785153468819670000,1785153468819670000,121932490,121652369,-124.121,1.000,0.000,1.000,4.000,0.000,0.000,10.000,0,0,0
B3_zmq_pushpull,zmq_tcp,none,none,,1,32360,512,584,1785153468820677000,1785153468820677000,1785153468820677000,1785153468820678000,1785153468820815000,1785153468820818000,1785153468820818000,1785153468820818000,121932490,121652369,-143.121,0.000,0.000,1.000,3.000,0.000,0.000,19.000,0,0,0
B3_zmq_pushpull,zmq_tcp,none,none,,1,32361,512,584,1785153468821637000,1785153468821637000,1785153468821637000,1785153468821638000,1785153468821807000,1785153468821810000,1785153468821810000,1785153468821810000,121932490,121652369,-111.121,0.000,0.000,1.000,3.000,0.000,0.000,32.000,0,0,0
B3_zmq_pushpull,zmq_tcp,none,none,,1,32362,512,584,1785153468822646000,1785153468822646000,1785153468822646000,1785153468822647000,1785153468822820000,1785153468822823000,1785153468822823000,1785153468822823000,121932490,121652369,-107.121,0.000,0.000,1.000,3.000,0.000,0.000,4.000,0,0,0
B3_zmq_pushpull,zmq_tcp,none,none,,1,32363,512,584,1785153468823640000,1785153468823640000,1785153468823640000,1785153468823641000,1785153468823809000,1785153468823812000,1785153468823812000,1785153468823812000,121932490,121652369,-112.121,0.000,0.000,1.000,3.000,0.000,0.000,5.000,0,0,0
B3_zmq_pushpull,zmq_tcp,none,none,,1,32364,512,584,1785153468824648000,1785153468824648000,1785153468824648000,1785153468824649000,1785153468824819000,1785153468824822000,1785153468824822000,1785153468824822000,121932490,121652369,-110.121,0.000,0.000,1.000,3.000,0.000,0.000,2.000,0,0,0
B3_zmq_pushpull,zmq_tcp,none,none,,1,32365,512,584,1785153468825643000,1785153468825643000,1785153468825643000,1785153468825644000,1785153468825699000,1785153468825702000,1785153468825702000,1785153468825702000,121932490,121652369,-225.121,0.000,0.000,1.000,3.000,0.000,0.000,115.000,0,0,0
B3_zmq_pushpull,zmq_tcp,none,none,,1,32366,512,584,1785153468826551000,1785153468826551000,1785153468826551000,1785153468826552000,1785153468826712000,1785153468826716000,1785153468826716000,1785153468826716000,121932490,121652369,-120.121,0.000,0.000,1.000,4.000,0.000,0.000,105.000,0,0,0
B3_zmq_pushpull,zmq_tcp,none,none,,1,32367,512,584,1785153468827570000,1785153468827570000,1785153468827570000,1785153468827571000,1785153468827728000,1785153468827732000,1785153468827732000,1785153468827732000,121932490,121652369,-123.121,0.000,0.000,1.000,4.000,0.000,0.000,3.000,0,0,0
B3_zmq_pushpull,zmq_tcp,none,none,,1,32368,512,584,1785153468828662000,1785153468828662000,1785153468828662000,1785153468828663000,1785153468828846000,1785153468828848000,1785153468828848000,1785153468828848000,121932490,121652369,-97.121,0.000,0.000,1.000,2.000,0.000,0.000,26.000,0,0,0
B3_zmq_pushpull,zmq_tcp,none,none,,1,32369,512,584,1785153468829549000,1785153468829549000,1785153468829549000,1785153468829550000,1785153468829695000,1785153468829698000,1785153468829698000,1785153468829698000,121932490,121652369,-135.121,0.000,0.000,1.000,3.000,0.000,0.000,38.000,0,0,0
B3_zmq_pushpull,zmq_tcp,none,none,,1,32370,512,584,1785153468830669000,1785153468830669000,1785153468830669000,1785153468830670000,1785153468830844000,1785153468830847000,1785153468830847000,1785153468830848000,121932490,121652369,-106.121,0.000,0.000,1.000,3.000,0.000,1.000,29.000,0,0,0
B3_zmq_pushpull,zmq_tcp,none,none,,1,32371,512,584,1785153468831635000,1785153468831635000,1785153468831635000,1785153468831636000,1785153468831692000,1785153468831696000,1785153468831696000,1785153468831696000,121932490,121652369,-224.121,0.000,0.000,1.000,4.000,0.000,0.000,118.000,0,0,0
B3_zmq_pushpull,zmq_tcp,none,none,,1,32372,512,584,1785153468832518000,1785153468832518000,1785153468832518000,1785153468832519000,1785153468832655000,1785153468832658000,1785153468832658000,1785153468832658000,121932490,121652369,-144.121,0.000,0.000,1.000,3.000,0.000,0.000,80.000,0,0,0
B3_zmq_pushpull,zmq_tcp,none,none,,1,32373,512,584,1785153468833675000,1785153468833676000,1785153468833676000,1785153468833677000,1785153468833798000,1785153468833801000,1785153468833801000,1785153468833801000,121932490,121652369,-159.121,1.000,0.000,1.000,3.000,0.000,0.000,15.000,0,0,0
B3_zmq_pushpull,zmq_tcp,none,none,,1,32374,512,584,1785153468834633000,1785153468834633000,1785153468834633000,1785153468834634000,1785153468834688000,1785153468834691000,1785153468834691000,1785153468834691000,121932490,121652369,-226.121,0.000,0.000,1.000,3.000,0.000,0.000,67.000,0,0,0
B3_zmq_pushpull,zmq_tcp,none,none,,1,32375,512,584,1785153468835649000,1785153468835649000,1785153468835649000,1785153468835650000,1785153468835707000,1785153468835711000,1785153468835711000,1785153468835711000,121932490,121652369,-223.121,0.000,0.000,1.000,4.000,0.000,0.000,3.000,0,0,0
B3_zmq_pushpull,zmq_tcp,none,none,,1,32376,512,584,1785153468836642000,1785153468836642000,1785153468836643000,1785153468836643000,1785153468836716000,1785153468836719000,1785153468836719000,1785153468836719000,121932490,121652369,-207.121,0.000,1.000,0.000,3.000,0.000,0.000,16.000,0,0,0
B3_zmq_pushpull,zmq_tcp,none,none,,1,32377,512,584,1785153468837644000,1785153468837644000,1785153468837644000,1785153468837645000,1785153468837734000,1785153468837738000,1785153468837738000,1785153468837738000,121932490,121652369,-191.121,0.000,0.000,1.000,4.000,0.000,0.000,16.000,0,0,0
B3_zmq_pushpull,zmq_tcp,none,none,,1,32378,512,584,1785153468838639000,1785153468838640000,1785153468838640000,1785153468838641000,1785153468838740000,1785153468838743000,1785153468838743000,1785153468838743000,121932490,121652369,-181.121,1.000,0.000,1.000,3.000,0.000,0.000,10.000,0,0,0
B3_zmq_pushpull,zmq_tcp,none,none,,1,32379,512,584,1785153468839646000,1785153468839646000,1785153468839646000,1785153468839647000,1785153468839733000,1785153468839737000,1785153468839737000,1785153468839737000,121932490,121652369,-194.121,0.000,0.000,1.000,4.000,0.000,0.000,13.000,0,0,0
B3_zmq_pushpull,zmq_tcp,none,none,,1,32380,512,584,1785153468840648000,1785153468840648000,1785153468840648000,1785153468840649000,1785153468840732000,1785153468840735000,1785153468840735000,1785153468840735000,121932490,121652369,-197.121,0.000,0.000,1.000,3.000,0.000,0.000,3.000,0,0,0
B3_zmq_pushpull,zmq_tcp,none,none,,1,32381,512,584,1785153468841642000,1785153468841642000,1785153468841642000,1785153468841643000,1785153468841728000,1785153468841731000,1785153468841731000,1785153468841731000,121932490,121652369,-195.121,0.000,0.000,1.000,3.000,0.000,0.000,2.000,0,0,0
B3_zmq_pushpull,zmq_tcp,none,none,,1,32382,512,584,1785153468842644000,1785153468842644000,1785153468842644000,1785153468842645000,1785153468842748000,1785153468842751000,1785153468842751000,1785153468842751000,121932490,121652369,-177.121,0.000,0.000,1.000,3.000,0.000,0.000,18.000,0,0,0
B3_zmq_pushpull,zmq_tcp,none,none,,1,32383,512,584,1785153468843645000,1785153468843645000,1785153468843645000,1785153468843646000,1785153468843751000,1785153468843754000,1785153468843754000,1785153468843754000,121932490,121652369,-175.121,0.000,0.000,1.000,3.000,0.000,0.000,2.000,0,0,0
B3_zmq_pushpull,zmq_tcp,none,none,,1,32384,512,584,1785153468844645000,1785153468844645000,1785153468844645000,1785153468844646000,1785153468844741000,1785153468844744000,1785153468844744000,1785153468844744000,121932490,121652369,-185.121,0.000,0.000,1.000,3.000,0.000,0.000,10.000,0,0,0
B3_zmq_pushpull,zmq_tcp,none,none,,1,32385,512,584,1785153468845645000,1785153468845645000,1785153468845645000,1785153468845646000,1785153468845744000,1785153468845747000,1785153468845747000,1785153468845747000,121932490,121652369,-182.121,0.000,0.000,1.000,3.000,0.000,0.000,3.000,0,0,0
B3_zmq_pushpull,zmq_tcp,none,none,,1,32386,512,584,1785153468846643000,1785153468846644000,1785153468846644000,1785153468846645000,1785153468846739000,1785153468846742000,1785153468846742000,1785153468846742000,121932490,121652369,-186.121,1.000,0.000,1.000,3.000,0.000,0.000,4.000,0,0,0
B3_zmq_pushpull,zmq_tcp,none,none,,1,32387,512,584,1785153468847649000,1785153468847649000,1785153468847649000,1785153468847650000,1785153468847753000,1785153468847755000,1785153468847755000,1785153468847755000,121932490,121652369,-177.121,0.000,0.000,1.000,2.000,0.000,0.000,9.000,0,0,0
B3_zmq_pushpull,zmq_tcp,none,none,,1,32388,512,584,1785153468848639000,1785153468848640000,1785153468848640000,1785153468848641000,1785153468848767000,1785153468848770000,1785153468848770000,1785153468848770000,121932490,121652369,-154.121,1.000,0.000,1.000,3.000,0.000,0.000,23.000,0,0,0
B3_zmq_pushpull,zmq_tcp,none,none,,1,32389,512,584,1785153468849648000,1785153468849648000,1785153468849648000,1785153468849649000,1785153468849759000,1785153468849762000,1785153468849762000,1785153468849762000,121932490,121652369,-170.121,0.000,0.000,1.000,3.000,0.000,0.000,16.000,0,0,0
B3_zmq_pushpull,zmq_tcp,none,none,,1,32390,512,584,1785153468850642000,1785153468850642000,1785153468850642000,1785153468850643000,1785153468850775000,1785153468850778000,1785153468850778000,1785153468850778000,121932490,121652369,-148.121,0.000,0.000,1.000,3.000,0.000,0.000,22.000,0,0,0
B3_zmq_pushpull,zmq_tcp,none,none,,1,32391,512,584,1785153468851544000,1785153468851544000,1785153468851544000,1785153468851545000,1785153468851643000,1785153468851647000,1785153468851647000,1785153468851647000,121932490,121652369,-182.121,0.000,0.000,1.000,4.000,0.000,0.000,34.000,0,0,0
B3_zmq_pushpull,zmq_tcp,none,none,,1,32392,512,584,1785153468852666000,1785153468852666000,1785153468852666000,1785153468852667000,1785153468852795000,1785153468852798000,1785153468852798000,1785153468852798000,121932490,121652369,-152.121,0.000,0.000,1.000,3.000,0.000,0.000,30.000,0,0,0
B3_zmq_pushpull,zmq_tcp,none,none,,1,32393,512,584,1785153468853638000,1785153468853639000,1785153468853639000,1785153468853640000,1785153468853789000,1785153468853791000,1785153468853791000,1785153468853791000,121932490,121652369,-131.121,1.000,0.000,1.000,2.000,0.000,0.000,21.000,0,0,0
B3_zmq_pushpull,zmq_tcp,none,none,,1,32394,512,584,1785153468854493000,1785153468854493000,1785153468854493000,1785153468854494000,1785153468854639000,1785153468854642000,1785153468854642000,1785153468854642000,121932490,121652369,-135.121,0.000,0.000,1.000,3.000,0.000,0.000,4.000,0,0,0
B3_zmq_pushpull,zmq_tcp,none,none,,1,32395,512,584,1785153468855684000,1785153468855684000,1785153468855684000,1785153468855685000,1785153468855797000,1785153468855799000,1785153468855799000,1785153468855799000,121932490,121652369,-168.121,0.000,0.000,1.000,2.000,0.000,0.000,33.000,0,0,0
B3_zmq_pushpull,zmq_tcp,none,none,,1,32396,512,584,1785153468856635000,1785153468856635000,1785153468856635000,1785153468856636000,1785153468856803000,1785153468856807000,1785153468856807000,1785153468856807000,121932490,121652369,-113.121,0.000,0.000,1.000,4.000,0.000,0.000,55.000,0,0,0
B3_zmq_pushpull,zmq_tcp,none,none,,1,32397,512,584,1785153468857651000,1785153468857651000,1785153468857651000,1785153468857652000,1785153468857815000,1785153468857818000,1785153468857818000,1785153468857818000,121932490,121652369,-117.121,0.000,0.000,1.000,3.000,0.000,0.000,4.000,0,0,0
B3_zmq_pushpull,zmq_tcp,none,none,,1,32398,512,584,1785153468858643000,1785153468858643000,1785153468858643000,1785153468858644000,1785153468858809000,1785153468858811000,1785153468858811000,1785153468858812000,121932490,121652369,-115.121,0.000,0.000,1.000,2.000,0.000,1.000,2.000,0,0,0
B3_zmq_pushpull,zmq_tcp,none,none,,1,32399,512,584,1785153468859644000,1785153468859644000,1785153468859644000,1785153468859645000,1785153468859807000,1785153468859810000,1785153468859810000,1785153468859810000,121932490,121652369,-118.121,0.000,0.000,1.000,3.000,0.000,0.000,3.000,0,0,0
B3_zmq_pushpull,zmq_tcp,none,none,,1,32400,512,584,1785153468860641000,1785153468860641000,1785153468860641000,1785153468860642000,1785153468860786000,1785153468860789000,1785153468860789000,1785153468860789000,121932490,121652369,-136.121,0.000,0.000,1.000,3.000,0.000,0.000,18.000,0,0,0
B3_zmq_pushpull,zmq_tcp,none,none,,1,32401,512,584,1785153468861644000,1785153468861644000,1785153468861644000,1785153468861645000,1785153468861787000,1785153468861790000,1785153468861790000,1785153468861790000,121932490,121652369,-138.121,0.000,0.000,1.000,3.000,0.000,0.000,2.000,0,0,0
B3_zmq_pushpull,zmq_tcp,none,none,,1,32402,512,584,1785153468862644000,1785153468862644000,1785153468862644000,1785153468862645000,1785153468862795000,1785153468862798000,1785153468862798000,1785153468862798000,121932490,121652369,-130.121,0.000,0.000,1.000,3.000,0.000,0.000,8.000,0,0,0
B3_zmq_pushpull,zmq_tcp,none,none,,1,32403,512,584,1785153468863643000,1785153468863643000,1785153468863643000,1785153468863644000,1785153468863783000,1785153468863786000,1785153468863786000,1785153468863786000,121932490,121652369,-141.121,0.000,0.000,1.000,3.000,0.000,0.000,11.000,0,0,0
B3_zmq_pushpull,zmq_tcp,none,none,,1,32404,512,584,1785153468864488000,1785153468864488000,1785153468864488000,1785153468864489000,1785153468864652000,1785153468864655000,1785153468864655000,1785153468864655000,121932490,121652369,-117.121,0.000,0.000,1.000,3.000,0.000,0.000,24.000,0,0,0
B3_zmq_pushpull,zmq_tcp,none,none,,1,32405,512,584,1785153468865501000,1785153468865501000,1785153468865501000,1785153468865502000,1785153468865657000,1785153468865659000,1785153468865659000,1785153468865659000,121932490,121652369,-125.121,0.000,0.000,1.000,2.000,0.000,0.000,8.000,0,0,0
B3_zmq_pushpull,zmq_tcp,none,none,,1,32406,512,584,1785153468866680000,1785153468866680000,1785153468866680000,1785153468866681000,1785153468866778000,1785153468866781000,1785153468866781000,1785153468866781000,121932490,121652369,-183.121,0.000,0.000,1.000,3.000,0.000,0.000,58.000,0,0,0
B3_zmq_pushpull,zmq_tcp,none,none,,1,32407,512,584,1785153468867631000,1785153468867631000,1785153468867631000,1785153468867632000,1785153468867783000,1785153468867786000,1785153468867787000,1785153468867787000,121932490,121652369,-129.121,0.000,0.000,1.000,3.000,1.000,0.000,54.000,0,0,0
B3_zmq_pushpull,zmq_tcp,none,none,,1,32408,512,584,1785153468868475000,1785153468868475000,1785153468868475000,1785153468868476000,1785153468868633000,1785153468868635000,1785153468868635000,1785153468868635000,121932490,121652369,-123.121,0.000,0.000,1.000,2.000,0.000,0.000,6.000,0,0,0
B3_zmq_pushpull,zmq_tcp,none,none,,1,32409,512,584,1785153468869687000,1785153468869688000,1785153468869688000,1785153468869689000,1785153468869772000,1785153468869775000,1785153468869775000,1785153468869775000,121932490,121652369,-197.121,1.000,0.000,1.000,3.000,0.000,0.000,74.000,0,0,0
B3_zmq_pushpull,zmq_tcp,none,none,,1,32410,512,584,1785153468870632000,1785153468870632000,1785153468870632000,1785153468870633000,1785153468870767000,1785153468870770000,1785153468870770000,1785153468870770000,121932490,121652369,-146.121,0.000,0.000,1.000,3.000,0.000,0.000,51.000,0,0,0
B3_zmq_pushpull,zmq_tcp,none,none,,1,32411,512,584,1785153468871646000,1785153468871646000,1785153468871647000,1785153468871647000,1785153468871765000,1785153468871768000,1785153468871768000,1785153468871768000,121932490,121652369,-162.121,0.000,1.000,0.000,3.000,0.000,0.000,16.000,0,0,0
B3_zmq_pushpull,zmq_tcp,none,none,,1,32412,512,584,1785153468872643000,1785153468872643000,1785153468872643000,1785153468872644000,1785153468872767000,1785153468872770000,1785153468872770000,1785153468872770000,121932490,121652369,-157.121,0.000,0.000,1.000,3.000,0.000,0.000,5.000,0,0,0
B3_zmq_pushpull,zmq_tcp,none,none,,1,32413,512,584,1785153468873644000,1785153468873644000,1785153468873644000,1785153468873645000,1785153468873758000,1785153468873761000,1785153468873761000,1785153468873761000,121932490,121652369,-167.121,0.000,0.000,1.000,3.000,0.000,0.000,10.000,0,0,0
B3_zmq_pushpull,zmq_tcp,none,none,,1,32414,512,584,1785153468874641000,1785153468874641000,1785153468874641000,1785153468874642000,1785153468874762000,1785153468874765000,1785153468874765000,1785153468874765000,121932490,121652369,-160.121,0.000,0.000,1.000,3.000,0.000,0.000,7.000,0,0,0
B3_zmq_pushpull,zmq_tcp,none,none,,1,32415,512,584,1785153468875645000,1785153468875645000,1785153468875645000,1785153468875646000,1785153468875764000,1785153468875767000,1785153468875767000,1785153468875767000,121932490,121652369,-162.121,0.000,0.000,1.000,3.000,0.000,0.000,2.000,0,0,0
B3_zmq_pushpull,zmq_tcp,none,none,,1,32416,512,584,1785153468876644000,1785153468876644000,1785153468876644000,1785153468876645000,1785153468876769000,1785153468876771000,1785153468876771000,1785153468876771000,121932490,121652369,-156.121,0.000,0.000,1.000,2.000,0.000,0.000,6.000,0,0,0
B3_zmq_pushpull,zmq_tcp,none,none,,1,32417,512,584,1785153468877646000,1785153468877646000,1785153468877646000,1785153468877647000,1785153468877775000,1785153468877778000,1785153468877778000,1785153468877778000,121932490,121652369,-152.121,0.000,0.000,1.000,3.000,0.000,0.000,4.000,0,0,0
B3_zmq_pushpull,zmq_tcp,none,none,,1,32418,512,584,1785153468878639000,1785153468878640000,1785153468878640000,1785153468878641000,1785153468878772000,1785153468878776000,1785153468878776000,1785153468878776000,121932490,121652369,-149.121,1.000,0.000,1.000,4.000,0.000,0.000,3.000,0,0,0
B3_zmq_pushpull,zmq_tcp,none,none,,1,32419,512,584,1785153468879645000,1785153468879645000,1785153468879645000,1785153468879646000,1785153468879751000,1785153468879754000,1785153468879754000,1785153468879754000,121932490,121652369,-175.121,0.000,0.000,1.000,3.000,0.000,0.000,26.000,0,0,0
B3_zmq_pushpull,zmq_tcp,none,none,,1,32420,512,584,1785153468880644000,1785153468880644000,1785153468880645000,1785153468880645000,1785153468880752000,1785153468880755000,1785153468880755000,1785153468880755000,121932490,121652369,-173.121,0.000,1.000,0.000,3.000,0.000,0.000,2.000,0,0,0
B3_zmq_pushpull,zmq_tcp,none,none,,1,32421,512,584,1785153468881644000,1785153468881644000,1785153468881644000,1785153468881645000,1785153468881743000,1785153468881746000,1785153468881746000,1785153468881746000,121932490,121652369,-182.121,0.000,0.000,1.000,3.000,0.000,0.000,9.000,0,0,0
B3_zmq_pushpull,zmq_tcp,none,none,,1,32422,512,584,1785153468882642000,1785153468882642000,1785153468882642000,1785153468882643000,1785153468882750000,1785153468882753000,1785153468882753000,1785153468882753000,121932490,121652369,-173.121,0.000,0.000,1.000,3.000,0.000,0.000,9.000,0,0,0
B3_zmq_pushpull,zmq_tcp,none,none,,1,32423,512,584,1785153468883645000,1785153468883645000,1785153468883645000,1785153468883646000,1785153468883761000,1785153468883763000,1785153468883763000,1785153468883763000,121932490,121652369,-165.121,0.000,0.000,1.000,2.000,0.000,0.000,8.000,0,0,0
B3_zmq_pushpull,zmq_tcp,none,none,,1,32424,512,584,1785153468884644000,1785153468884644000,1785153468884644000,1785153468884645000,1785153468884773000,1785153468884775000,1785153468884775000,1785153468884775000,121932490,121652369,-152.121,0.000,0.000,1.000,2.000,0.000,0.000,13.000,0,0,0
B3_zmq_pushpull,zmq_tcp,none,none,,1,32425,512,584,1785153468885645000,1785153468885645000,1785153468885645000,1785153468885646000,1785153468885777000,1785153468885779000,1785153468885779000,1785153468885779000,121932490,121652369,-149.121,0.000,0.000,1.000,2.000,0.000,0.000,3.000,0,0,0
B3_zmq_pushpull,zmq_tcp,none,none,,1,32426,512,584,1785153468886640000,1785153468886640000,1785153468886640000,1785153468886641000,1785153468886773000,1785153468886777000,1785153468886777000,1785153468886777000,121932490,121652369,-148.121,0.000,0.000,1.000,4.000,0.000,0.000,1.000,0,0,0
B3_zmq_pushpull,zmq_tcp,none,none,,1,32427,512,584,1785153468887645000,1785153468887645000,1785153468887645000,1785153468887646000,1785153468887755000,1785153468887758000,1785153468887758000,1785153468887758000,121932490,121652369,-171.121,0.000,0.000,1.000,3.000,0.000,0.000,23.000,0,0,0
B3_zmq_pushpull,zmq_tcp,none,none,,1,32428,512,584,1785153468888644000,1785153468888644000,1785153468888644000,1785153468888645000,1785153468888729000,1785153468888731000,1785153468888731000,1785153468888731000,121932490,121652369,-196.121,0.000,0.000,1.000,2.000,0.000,0.000,25.000,0,0,0
B3_zmq_pushpull,zmq_tcp,none,none,,1,32429,512,584,1785153468889644000,1785153468889645000,1785153468889645000,1785153468889646000,1785153468889700000,1785153468889704000,1785153468889704000,1785153468889704000,121932490,121652369,-226.121,1.000,0.000,1.000,4.000,0.000,0.000,30.000,0,0,0
B3_zmq_pushpull,zmq_tcp,none,none,,1,32430,512,584,1785153468890643000,1785153468890643000,1785153468890643000,1785153468890644000,1785153468890709000,1785153468890711000,1785153468890711000,1785153468890711000,121932490,121652369,-215.121,0.000,0.000,1.000,2.000,0.000,0.000,11.000,0,0,0
B3_zmq_pushpull,zmq_tcp,none,none,,1,32431,512,584,1785153468891649000,1785153468891649000,1785153468891649000,1785153468891650000,1785153468891727000,1785153468891730000,1785153468891730000,1785153468891730000,121932490,121652369,-203.121,0.000,0.000,1.000,3.000,0.000,0.000,12.000,0,0,0
B3_zmq_pushpull,zmq_tcp,none,none,,1,32432,512,584,1785153468892642000,1785153468892642000,1785153468892643000,1785153468892643000,1785153468892737000,1785153468892739000,1785153468892739000,1785153468892739000,121932490,121652369,-186.121,0.000,1.000,0.000,2.000,0.000,0.000,17.000,0,0,0
B3_zmq_pushpull,zmq_tcp,none,none,,1,32433,512,584,1785153468893644000,1785153468893644000,1785153468893644000,1785153468893645000,1785153468893715000,1785153468893718000,1785153468893718000,1785153468893718000,121932490,121652369,-210.121,0.000,0.000,1.000,3.000,0.000,0.000,24.000,0,0,0
B3_zmq_pushpull,zmq_tcp,none,none,,1,32434,512,584,1785153468894641000,1785153468894641000,1785153468894641000,1785153468894642000,1785153468894694000,1785153468894697000,1785153468894697000,1785153468894697000,121932490,121652369,-228.121,0.000,0.000,1.000,3.000,0.000,0.000,18.000,0,0,0
B3_zmq_pushpull,zmq_tcp,none,none,,1,32435,512,584,1785153468895645000,1785153468895645000,1785153468895646000,1785153468895646000,1785153468895690000,1785153468895694000,1785153468895694000,1785153468895694000,121932490,121652369,-236.121,0.000,1.000,0.000,4.000,0.000,0.000,8.000,0,0,0
B3_zmq_pushpull,zmq_tcp,none,none,,1,32436,512,584,1785153468896646000,1785153468896646000,1785153468896646000,1785153468896647000,1785153468896859000,1785153468896863000,1785153468896863000,1785153468896863000,121932490,121652369,-68.121,0.000,0.000,1.000,4.000,0.000,0.000,168.000,0,0,0
B3_zmq_pushpull,zmq_tcp,none,none,,1,32437,512,584,1785153468897642000,1785153468897643000,1785153468897643000,1785153468897644000,1785153468897723000,1785153468897726000,1785153468897726000,1785153468897726000,121932490,121652369,-201.121,1.000,0.000,1.000,3.000,0.000,0.000,133.000,0,0,0
B3_zmq_pushpull,zmq_tcp,none,none,,1,32438,512,584,1785153468898649000,1785153468898649000,1785153468898649000,1785153468898650000,1785153468898720000,1785153468898723000,1785153468898723000,1785153468898723000,121932490,121652369,-210.121,0.000,0.000,1.000,3.000,0.000,0.000,9.000,0,0,0
B3_zmq_pushpull,zmq_tcp,none,none,,1,32439,512,584,1785153468899643000,1785153468899643000,1785153468899643000,1785153468899644000,1785153468899730000,1785153468899733000,1785153468899733000,1785153468899733000,121932490,121652369,-194.121,0.000,0.000,1.000,3.000,0.000,0.000,16.000,0,0,0
B3_zmq_pushpull,zmq_tcp,none,none,,1,32440,512,584,1785153468900645000,1785153468900645000,1785153468900645000,1785153468900646000,1785153468900711000,1785153468900714000,1785153468900715000,1785153468900715000,121932490,121652369,-215.121,0.000,0.000,1.000,3.000,1.000,0.000,21.000,0,0,0
B3_zmq_pushpull,zmq_tcp,none,none,,1,32441,512,584,1785153468901641000,1785153468901641000,1785153468901641000,1785153468901643000,1785153468901710000,1785153468901713000,1785153468901713000,1785153468901713000,121932490,121652369,-213.121,0.000,0.000,2.000,3.000,0.000,0.000,2.000,0,0,0
B3_zmq_pushpull,zmq_tcp,none,none,,1,32442,512,584,1785153468902646000,1785153468902646000,1785153468902647000,1785153468902647000,1785153468902703000,1785153468902706000,1785153468902706000,1785153468902706000,121932490,121652369,-224.121,0.000,1.000,0.000,3.000,0.000,0.000,11.000,0,0,0
B3_zmq_pushpull,zmq_tcp,none,none,,1,32443,512,584,1785153468903644000,1785153468903644000,1785153468903644000,1785153468903645000,1785153468903709000,1785153468903713000,1785153468903713000,1785153468903713000,121932490,121652369,-216.121,0.000,0.000,1.000,4.000,0.000,0.000,8.000,0,0,0
B3_zmq_pushpull,zmq_tcp,none,none,,1,32444,512,584,1785153468904646000,1785153468904646000,1785153468904646000,1785153468904647000,1785153468904718000,1785153468904721000,1785153468904721000,1785153468904721000,121932490,121652369,-209.121,0.000,0.000,1.000,3.000,0.000,0.000,7.000,0,0,0
B3_zmq_pushpull,zmq_tcp,none,none,,1,32445,512,584,1785153468905643000,1785153468905643000,1785153468905643000,1785153468905644000,1785153468905737000,1785153468905740000,1785153468905740000,1785153468905740000,121932490,121652369,-187.121,0.000,0.000,1.000,3.000,0.000,0.000,22.000,0,0,0
B3_zmq_pushpull,zmq_tcp,none,none,,1,32446,512,584,1785153468906645000,1785153468906645000,1785153468906645000,1785153468906646000,1785153468906746000,1785153468906749000,1785153468906749000,1785153468906749000,121932490,121652369,-180.121,0.000,0.000,1.000,3.000,0.000,0.000,7.000,0,0,0
B3_zmq_pushpull,zmq_tcp,none,none,,1,32447,512,584,1785153468907644000,1785153468907644000,1785153468907644000,1785153468907645000,1785153468907740000,1785153468907743000,1785153468907743000,1785153468907743000,121932490,121652369,-185.121,0.000,0.000,1.000,3.000,0.000,0.000,5.000,0,0,0
B3_zmq_pushpull,zmq_tcp,none,none,,1,32448,512,584,1785153468908644000,1785153468908644000,1785153468908644000,1785153468908645000,1785153468908714000,1785153468908717000,1785153468908717000,1785153468908717000,121932490,121652369,-211.121,0.000,0.000,1.000,3.000,0.000,0.000,26.000,0,0,0
B3_zmq_pushpull,zmq_tcp,none,none,,1,32449,512,584,1785153468909641000,1785153468909642000,1785153468909642000,1785153468909643000,1785153468909706000,1785153468909709000,1785153468909709000,1785153468909709000,121932490,121652369,-217.121,1.000,0.000,1.000,3.000,0.000,0.000,6.000,0,0,0
B3_zmq_pushpull,zmq_tcp,none,none,,1,32450,512,584,1785153468910646000,1785153468910647000,1785153468910647000,1785153468910648000,1785153468910718000,1785153468910721000,1785153468910721000,1785153468910721000,121932490,121652369,-210.121,1.000,0.000,1.000,3.000,0.000,0.000,7.000,0,0,0
B3_zmq_pushpull,zmq_tcp,none,none,,1,32451,512,584,1785153468911644000,1785153468911644000,1785153468911644000,1785153468911645000,1785153468911721000,1785153468911724000,1785153468911724000,1785153468911724000,121932490,121652369,-204.121,0.000,0.000,1.000,3.000,0.000,0.000,6.000,0,0,0
B3_zmq_pushpull,zmq_tcp,none,none,,1,32452,512,584,1785153468912645000,1785153468912645000,1785153468912645000,1785153468912646000,1785153468912728000,1785153468912731000,1785153468912731000,1785153468912731000,121932490,121652369,-198.121,0.000,0.000,1.000,3.000,0.000,0.000,6.000,0,0,0
B3_zmq_pushpull,zmq_tcp,none,none,,1,32453,512,584,1785153468913643000,1785153468913643000,1785153468913643000,1785153468913644000,1785153468913725000,1785153468913727000,1785153468913727000,1785153468913728000,121932490,121652369,-199.121,0.000,0.000,1.000,2.000,0.000,1.000,1.000,0,0,0
B3_zmq_pushpull,zmq_tcp,none,none,,1,32454,512,584,1785153468914644000,1785153468914644000,1785153468914644000,1785153468914645000,1785153468914713000,1785153468914716000,1785153468914716000,1785153468914716000,121932490,121652369,-212.121,0.000,0.000,1.000,3.000,0.000,0.000,13.000,0,0,0
B3_zmq_pushpull,zmq_tcp,none,none,,1,32455,512,584,1785153468915644000,1785153468915644000,1785153468915644000,1785153468915645000,1785153468915692000,1785153468915695000,1785153468915695000,1785153468915695000,121932490,121652369,-233.121,0.000,0.000,1.000,3.000,0.000,0.000,21.000,0,0,0
B3_zmq_pushpull,zmq_tcp,none,none,,1,32456,512,584,1785153468916644000,1785153468916644000,1785153468916644000,1785153468916645000,1785153468916702000,1785153468916706000,1785153468916706000,1785153468916706000,121932490,121652369,-223.121,0.000,0.000,1.000,4.000,0.000,0.000,10.000,0,0,0
B3_zmq_pushpull,zmq_tcp,none,none,,1,32457,512,584,1785153468917641000,1785153468917641000,1785153468917642000,1785153468917642000,1785153468917721000,1785153468917724000,1785153468917724000,1785153468917724000,121932490,121652369,-201.121,0.000,1.000,0.000,3.000,0.000,0.000,22.000,0,0,0
B3_zmq_pushpull,zmq_tcp,none,none,,1,32458,512,584,1785153468918646000,1785153468918646000,1785153468918646000,1785153468918647000,1785153468918720000,1785153468918723000,1785153468918723000,1785153468918723000,121932490,121652369,-207.121,0.000,0.000,1.000,3.000,0.000,0.000,6.000,0,0,0
B3_zmq_pushpull,zmq_tcp,none,none,,1,32459,512,584,1785153468919644000,1785153468919644000,1785153468919644000,1785153468919645000,1785153468919724000,1785153468919728000,1785153468919728000,1785153468919728000,121932490,121652369,-201.121,0.000,0.000,1.000,4.000,0.000,0.000,6.000,0,0,0
B3_zmq_pushpull,zmq_tcp,none,none,,1,32460,512,584,1785153468920565000,1785153468920565000,1785153468920566000,1785153468920566000,1785153468920729000,1785153468920732000,1785153468920732000,1785153468920732000,121932490,121652369,-117.121,0.000,1.000,0.000,3.000,0.000,0.000,84.000,0,0,0
B3_zmq_pushpull,zmq_tcp,none,none,,1,32461,512,584,1785153468921566000,1785153468921566000,1785153468921566000,1785153468921567000,1785153468921713000,1785153468921716000,1785153468921716000,1785153468921716000,121932490,121652369,-134.121,0.000,0.000,1.000,3.000,0.000,0.000,17.000,0,0,0
B3_zmq_pushpull,zmq_tcp,none,none,,1,32462,512,584,1785153468922535000,1785153468922535000,1785153468922536000,1785153468922536000,1785153468922692000,1785153468922694000,1785153468922694000,1785153468922694000,121932490,121652369,-124.121,0.000,1.000,0.000,2.000,0.000,0.000,10.000,0,0,0
B3_zmq_pushpull,zmq_tcp,none,none,,1,32463,512,584,1785153468923671000,1785153468923671000,1785153468923672000,1785153468923673000,1785153468923823000,1785153468923827000,1785153468923827000,1785153468923827000,121932490,121652369,-130.121,0.000,1.000,1.000,4.000,0.000,0.000,6.000,0,0,0
B3_zmq_pushpull,zmq_tcp,none,none,,1,32464,512,584,1785153468924636000,1785153468924636000,1785153468924636000,1785153468924637000,1785153468924824000,1785153468924831000,1785153468924831000,1785153468924831000,121932490,121652369,-93.121,0.000,0.000,1.000,7.000,0.000,0.000,37.000,0,0,0
B3_zmq_pushpull,zmq_tcp,none,none,,1,32465,512,584,1785153468925647000,1785153468925647000,1785153468925647000,1785153468925648000,1785153468925836000,1785153468925838000,1785153468925838000,1785153468925838000,121932490,121652369,-92.121,0.000,0.000,1.000,2.000,0.000,0.000,1.000,0,0,0
B3_zmq_pushpull,zmq_tcp,none,none,,1,32466,512,584,1785153468926542000,1785153468926542000,1785153468926542000,1785153468926543000,1785153468926704000,1785153468926706000,1785153468926706000,1785153468926706000,121932490,121652369,-119.121,0.000,0.000,1.000,2.000,0.000,0.000,27.000,0,0,0
B3_zmq_pushpull,zmq_tcp,none,none,,1,32467,512,584,1785153468927670000,1785153468927670000,1785153468927670000,1785153468927671000,1785153468927860000,1785153468927863000,1785153468927863000,1785153468927863000,121932490,121652369,-91.121,0.000,0.000,1.000,3.000,0.000,0.000,28.000,0,0,0
B3_zmq_pushpull,zmq_tcp,none,none,,1,32468,512,584,1785153468928558000,1785153468928558000,1785153468928558000,1785153468928559000,1785153468928704000,1785153468928708000,1785153468928708000,1785153468928708000,121932490,121652369,-135.121,0.000,0.000,1.000,4.000,0.000,0.000,44.000,0,0,0
B3_zmq_pushpull,zmq_tcp,none,none,,1,32469,512,584,1785153468929666000,1785153468929666000,1785153468929666000,1785153468929667000,1785153468929703000,1785153468929706000,1785153468929706000,1785153468929706000,121932490,121652369,-244.121,0.000,0.000,1.000,3.000,0.000,0.000,109.000,0,0,0
B3_zmq_pushpull,zmq_tcp,none,none,,1,32470,512,584,1785153468930531000,1785153468930532000,1785153468930532000,1785153468930533000,1785153468930686000,1785153468930689000,1785153468930690000,1785153468930690000,121932490,121652369,-127.121,1.000,0.000,1.000,3.000,1.000,0.000,117.000,0,0,0
B3_zmq_pushpull,zmq_tcp,none,none,,1,32471,512,584,1785153468931529000,1785153468931529000,1785153468931529000,1785153468931530000,1785153468931688000,1785153468931691000,1785153468931691000,1785153468931691000,121932490,121652369,-122.121,0.000,0.000,1.000,3.000,0.000,0.000,5.000,0,0,0
B3_zmq_pushpull,zmq_tcp,none,none,,1,32472,512,584,1785153468932671000,1785153468932671000,1785153468932671000,1785153468932672000,1785153468932816000,1785153468932818000,1785153468932818000,1785153468932818000,121932490,121652369,-136.121,0.000,0.000,1.000,2.000,0.000,0.000,14.000,0,0,0
B3_zmq_pushpull,zmq_tcp,none,none,,1,32473,512,584,1785153468933637000,1785153468933638000,1785153468933638000,1785153468933639000,1785153468933803000,1785153468933806000,1785153468933806000,1785153468933806000,121932490,121652369,-116.121,1.000,0.000,1.000,3.000,0.000,0.000,20.000,0,0,0
B3_zmq_pushpull,zmq_tcp,none,none,,1,32474,512,584,1785153468934648000,1785153468934649000,1785153468934649000,1785153468934650000,1785153468934810000,1785153468934815000,1785153468934815000,1785153468934815000,121932490,121652369,-120.121,1.000,0.000,1.000,5.000,0.000,0.000,4.000,0,0,0
B3_zmq_pushpull,zmq_tcp,none,none,,1,32475,512,584,1785153468935640000,1785153468935640000,1785153468935640000,1785153468935641000,1785153468935814000,1785153468935817000,1785153468935817000,1785153468935817000,121932490,121652369,-107.121,0.000,0.000,1.000,3.000,0.000,0.000,13.000,0,0,0
B3_zmq_pushpull,zmq_tcp,none,none,,1,32476,512,584,1785153468936518000,1785153468936518000,1785153468936518000,1785153468936519000,1785153468936674000,1785153468936677000,1785153468936677000,1785153468936677000,121932490,121652369,-125.121,0.000,0.000,1.000,3.000,0.000,0.000,18.000,0,0,0
B3_zmq_pushpull,zmq_tcp,none,none,,1,32477,512,584,1785153468937676000,1785153468937676000,1785153468937676000,1785153468937677000,1785153468937813000,1785153468937816000,1785153468937816000,1785153468937816000,121932490,121652369,-144.121,0.000,0.000,1.000,3.000,0.000,0.000,19.000,0,0,0
B3_zmq_pushpull,zmq_tcp,none,none,,1,32478,512,584,1785153468938638000,1785153468938638000,1785153468938638000,1785153468938639000,1785153468938818000,1785153468938821000,1785153468938821000,1785153468938821000,121932490,121652369,-101.121,0.000,0.000,1.000,3.000,0.000,0.000,43.000,0,0,0
B3_zmq_pushpull,zmq_tcp,none,none,,1,32479,512,584,1785153468939646000,1785153468939646000,1785153468939646000,1785153468939647000,1785153468939820000,1785153468939822000,1785153468939822000,1785153468939822000,121932490,121652369,-107.121,0.000,0.000,1.000,2.000,0.000,0.000,6.000,0,0,0
B3_zmq_pushpull,zmq_tcp,none,none,,1,32480,512,584,1785153468940645000,1785153468940645000,1785153468940645000,1785153468940646000,1785153468940840000,1785153468940842000,1785153468940842000,1785153468940842000,121932490,121652369,-86.121,0.000,0.000,1.000,2.000,0.000,0.000,21.000,0,0,0
B3_zmq_pushpull,zmq_tcp,none,none,,1,32481,512,584,1785153468941644000,1785153468941644000,1785153468941644000,1785153468941645000,1785153468941848000,1785153468941851000,1785153468941851000,1785153468941851000,121932490,121652369,-77.121,0.000,0.000,1.000,3.000,0.000,0.000,9.000,0,0,0
B3_zmq_pushpull,zmq_tcp,none,none,,1,32482,512,584,1785153468942640000,1785153468942640000,1785153468942641000,1785153468942642000,1785153468942708000,1785153468942711000,1785153468942711000,1785153468942711000,121932490,121652369,-214.121,0.000,1.000,1.000,3.000,0.000,0.000,137.000,0,0,0
B3_zmq_pushpull,zmq_tcp,none,none,,1,32483,512,584,1785153468943541000,1785153468943541000,1785153468943541000,1785153468943542000,1785153468943697000,1785153468943700000,1785153468943700000,1785153468943700000,121932490,121652369,-125.121,0.000,0.000,1.000,3.000,0.000,0.000,89.000,0,0,0
B3_zmq_pushpull,zmq_tcp,none,none,,1,32484,512,584,1785153468944671000,1785153468944671000,1785153468944671000,1785153468944672000,1785153468944832000,1785153468944835000,1785153468944835000,1785153468944835000,121932490,121652369,-120.121,0.000,0.000,1.000,3.000,0.000,0.000,5.000,0,0,0
B3_zmq_pushpull,zmq_tcp,none,none,,1,32485,512,584,1785153468945636000,1785153468945637000,1785153468945637000,1785153468945638000,1785153468945690000,1785153468945693000,1785153468945693000,1785153468945693000,121932490,121652369,-228.121,1.000,0.000,1.000,3.000,0.000,0.000,108.000,0,0,0
B3_zmq_pushpull,zmq_tcp,none,none,,1,32486,512,584,1785153468946648000,1785153468946648000,1785153468946648000,1785153468946649000,1785153468946834000,1785153468946838000,1785153468946838000,1785153468946838000,121932490,121652369,-95.121,0.000,0.000,1.000,4.000,0.000,0.000,133.000,0,0,0
B3_zmq_pushpull,zmq_tcp,none,none,,1,32487,512,584,1785153468947643000,1785153468947643000,1785153468947643000,1785153468947644000,1785153468947706000,1785153468947709000,1785153468947709000,1785153468947709000,121932490,121652369,-218.121,0.000,0.000,1.000,3.000,0.000,0.000,123.000,0,0,0
B3_zmq_pushpull,zmq_tcp,none,none,,1,32488,512,584,1785153468948647000,1785153468948648000,1785153468948648000,1785153468948649000,1785153468948717000,1785153468948720000,1785153468948720000,1785153468948720000,121932490,121652369,-212.121,1.000,0.000,1.000,3.000,0.000,0.000,6.000,0,0,0
B3_zmq_pushpull,zmq_tcp,none,none,,1,32489,512,584,1785153468949641000,1785153468949642000,1785153468949642000,1785153468949643000,1785153468949687000,1785153468949690000,1785153468949690000,1785153468949690000,121932490,121652369,-236.121,1.000,0.000,1.000,3.000,0.000,0.000,24.000,0,0,0
B3_zmq_pushpull,zmq_tcp,none,none,,1,32490,512,584,1785153468950645000,1785153468950645000,1785153468950645000,1785153468950646000,1785153468950796000,1785153468950799000,1785153468950799000,1785153468950799000,121932490,121652369,-130.121,0.000,0.000,1.000,3.000,0.000,0.000,106.000,0,0,0
B3_zmq_pushpull,zmq_tcp,none,none,,1,32491,512,584,1785153468951459000,1785153468951459000,1785153468951459000,1785153468951460000,1785153468951616000,1785153468951619000,1785153468951619000,1785153468951619000,121932490,121652369,-124.121,0.000,0.000,1.000,3.000,0.000,0.000,6.000,0,0,0
B3_zmq_pushpull,zmq_tcp,none,none,,1,32492,512,584,1785153468952569000,1785153468952569000,1785153468952569000,1785153468952571000,1785153468952712000,1785153468952716000,1785153468952716000,1785153468952716000,121932490,121652369,-139.121,0.000,0.000,2.000,4.000,0.000,0.000,15.000,0,0,0
B3_zmq_pushpull,zmq_tcp,none,none,,1,32493,512,584,1785153468953567000,1785153468953567000,1785153468953567000,1785153468953568000,1785153468953724000,1785153468953727000,1785153468953727000,1785153468953727000,121932490,121652369,-124.121,0.000,0.000,1.000,3.000,0.000,0.000,15.000,0,0,0
B3_zmq_pushpull,zmq_tcp,none,none,,1,32494,512,584,1785153468954665000,1785153468954665000,1785153468954665000,1785153468954666000,1785153468954725000,1785153468954729000,1785153468954729000,1785153468954729000,121932490,121652369,-221.121,0.000,0.000,1.000,4.000,0.000,0.000,97.000,0,0,0
B3_zmq_pushpull,zmq_tcp,none,none,,1,32495,512,584,1785153468955638000,1785153468955638000,1785153468955638000,1785153468955639000,1785153468955721000,1785153468955725000,1785153468955725000,1785153468955725000,121932490,121652369,-198.121,0.000,0.000,1.000,4.000,0.000,0.000,23.000,0,0,0
B3_zmq_pushpull,zmq_tcp,none,none,,1,32496,512,584,1785153468956644000,1785153468956644000,1785153468956644000,1785153468956645000,1785153468956727000,1785153468956730000,1785153468956730000,1785153468956730000,121932490,121652369,-198.121,0.000,0.000,1.000,3.000,0.000,0.000,0.000,0,0,0
B3_zmq_pushpull,zmq_tcp,none,none,,1,32497,512,584,1785153468957644000,1785153468957644000,1785153468957644000,1785153468957645000,1785153468957722000,1785153468957725000,1785153468957725000,1785153468957725000,121932490,121652369,-203.121,0.000,0.000,1.000,3.000,0.000,0.000,5.000,0,0,0
B3_zmq_pushpull,zmq_tcp,none,none,,1,32498,512,584,1785153468958648000,1785153468958648000,1785153468958648000,1785153468958649000,1785153468958728000,1785153468958731000,1785153468958731000,1785153468958731000,121932490,121652369,-201.121,0.000,0.000,1.000,3.000,0.000,0.000,2.000,0,0,0
B3_zmq_pushpull,zmq_tcp,none,none,,1,32499,512,584,1785153468959640000,1785153468959640000,1785153468959640000,1785153468959641000,1785153468959724000,1785153468959731000,1785153468959731000,1785153468959731000,121932490,121652369,-197.121,0.000,0.000,1.000,7.000,0.000,0.000,4.000,0,0,0
B3_zmq_pushpull,zmq_tcp,none,none,,1,32500,512,584,1785153468960645000,1785153468960646000,1785153468960646000,1785153468960647000,1785153468960724000,1785153468960726000,1785153468960726000,1785153468960726000,121932490,121652369,-203.121,1.000,0.000,1.000,2.000,0.000,0.000,6.000,0,0,0
B3_zmq_pushpull,zmq_tcp,none,none,,1,32501,512,584,1785153468961645000,1785153468961646000,1785153468961646000,1785153468961647000,1785153468961730000,1785153468961734000,1785153468961734000,1785153468961734000,121932490,121652369,-197.121,1.000,0.000,1.000,4.000,0.000,0.000,6.000,0,0,0
B3_zmq_pushpull,zmq_tcp,none,none,,1,32502,512,584,1785153468962647000,1785153468962647000,1785153468962647000,1785153468962648000,1785153468962734000,1785153468962738000,1785153468962738000,1785153468962738000,121932490,121652369,-194.121,0.000,0.000,1.000,4.000,0.000,0.000,3.000,0,0,0
B3_zmq_pushpull,zmq_tcp,none,none,,1,32503,512,584,1785153468963640000,1785153468963640000,1785153468963640000,1785153468963641000,1785153468963733000,1785153468963736000,1785153468963736000,1785153468963736000,121932490,121652369,-188.121,0.000,0.000,1.000,3.000,0.000,0.000,6.000,0,0,0
B3_zmq_pushpull,zmq_tcp,none,none,,1,32504,512,584,1785153468964645000,1785153468964646000,1785153468964646000,1785153468964646000,1785153468964738000,1785153468964741000,1785153468964741000,1785153468964741000,121932490,121652369,-188.121,1.000,0.000,0.000,3.000,0.000,0.000,0.000,0,0,0
B3_zmq_pushpull,zmq_tcp,none,none,,1,32505,512,584,1785153468965644000,1785153468965644000,1785153468965644000,1785153468965645000,1785153468965718000,1785153468965722000,1785153468965722000,1785153468965722000,121932490,121652369,-207.121,0.000,0.000,1.000,4.000,0.000,0.000,19.000,0,0,0
B3_zmq_pushpull,zmq_tcp,none,none,,1,32506,512,584,1785153468966644000,1785153468966644000,1785153468966644000,1785153468966645000,1785153468966706000,1785153468966709000,1785153468966709000,1785153468966709000,121932490,121652369,-219.121,0.000,0.000,1.000,3.000,0.000,0.000,12.000,0,0,0
B3_zmq_pushpull,zmq_tcp,none,none,,1,32507,512,584,1785153468967641000,1785153468967642000,1785153468967642000,1785153468967642000,1785153468967686000,1785153468967689000,1785153468967689000,1785153468967689000,121932490,121652369,-236.121,1.000,0.000,0.000,3.000,0.000,0.000,17.000,0,0,0
B3_zmq_pushpull,zmq_tcp,none,none,,1,32508,512,584,1785153468968648000,1785153468968648000,1785153468968648000,1785153468968649000,1785153468968833000,1785153468968836000,1785153468968836000,1785153468968836000,121932490,121652369,-96.121,0.000,0.000,1.000,3.000,0.000,0.000,140.000,0,0,0
B3_zmq_pushpull,zmq_tcp,none,none,,1,32509,512,584,1785153468969522000,1785153468969522000,1785153468969522000,1785153468969523000,1785153468969676000,1785153468969678000,1785153468969678000,1785153468969678000,121932490,121652369,-127.121,0.000,0.000,1.000,2.000,0.000,0.000,31.000,0,0,0
B3_zmq_pushpull,zmq_tcp,none,none,,1,32510,512,584,1785153468970675000,1785153468970675000,1785153468970675000,1785153468970676000,1785153468970804000,1785153468970806000,1785153468970806000,1785153468970806000,121932490,121652369,-152.121,0.000,0.000,1.000,2.000,0.000,0.000,25.000,0,0,0
B3_zmq_pushpull,zmq_tcp,none,none,,1,32511,512,584,1785153468971633000,1785153468971633000,1785153468971633000,1785153468971634000,1785153468971792000,1785153468971795000,1785153468971795000,1785153468971795000,121932490,121652369,-122.121,0.000,0.000,1.000,3.000,0.000,0.000,30.000,0,0,0
B3_zmq_pushpull,zmq_tcp,none,none,,1,32512,512,584,1785153468972647000,1785153468972647000,1785153468972647000,1785153468972648000,1785153468972789000,1785153468972792000,1785153468972792000,1785153468972792000,121932490,121652369,-139.121,0.000,0.000,1.000,3.000,0.000,0.000,17.000,0,0,0
B3_zmq_pushpull,zmq_tcp,none,none,,1,32513,512,584,1785153468973498000,1785153468973498000,1785153468973498000,1785153468973499000,1785153468973653000,1785153468973656000,1785153468973656000,1785153468973656000,121932490,121652369,-126.121,0.000,0.000,1.000,3.000,0.000,0.000,13.000,0,0,0
B3_zmq_pushpull,zmq_tcp,none,none,,1,32514,512,584,1785153468974485000,1785153468974485000,1785153468974485000,1785153468974486000,1785153468974648000,1785153468974650000,1785153468974650000,1785153468974650000,121932490,121652369,-118.121,0.000,0.000,1.000,2.000,0.000,0.000,8.000,0,0,0
B3_zmq_pushpull,zmq_tcp,none,none,,1,32515,512,584,1785153468975488000,1785153468975489000,1785153468975489000,1785153468975490000,1785153468975644000,1785153468975648000,1785153468975648000,1785153468975648000,121932490,121652369,-126.121,1.000,0.000,1.000,4.000,0.000,0.000,8.000,0,0,0
B3_zmq_pushpull,zmq_tcp,none,none,,1,32516,512,584,1785153468976683000,1785153468976683000,1785153468976684000,1785153468976684000,1785153468976788000,1785153468976790000,1785153468976790000,1785153468976790000,121932490,121652369,-176.121,0.000,1.000,0.000,2.000,0.000,0.000,50.000,0,0,0
B3_zmq_pushpull,zmq_tcp,none,none,,1,32517,512,584,1785153468977635000,1785153468977635000,1785153468977635000,1785153468977636000,1785153468977775000,1785153468977777000,1785153468977777000,1785153468977777000,121932490,121652369,-141.121,0.000,0.000,1.000,2.000,0.000,0.000,35.000,0,0,0
B3_zmq_pushpull,zmq_tcp,none,none,,1,32518,512,584,1785153468978644000,1785153468978644000,1785153468978644000,1785153468978645000,1785153468978750000,1785153468978753000,1785153468978753000,1785153468978754000,121932490,121652369,-175.121,0.000,0.000,1.000,3.000,0.000,1.000,34.000,0,0,0
B3_zmq_pushpull,zmq_tcp,none,none,,1,32519,512,584,1785153468979447000,1785153468979447000,1785153468979447000,1785153468979448000,1785153468979602000,1785153468979605000,1785153468979606000,1785153468979606000,121932490,121652369,-126.121,0.000,0.000,1.000,3.000,1.000,0.000,49.000,0,0,0
B3_zmq_pushpull,zmq_tcp,none,none,,1,32520,512,584,1785153468980696000,1785153468980696000,1785153468980696000,1785153468980697000,1785153468980897000,1785153468980905000,1785153468980905000,1785153468980905000,121932490,121652369,-80.121,0.000,0.000,1.000,8.000,0.000,0.000,46.000,0,0,0
B3_zmq_pushpull,zmq_tcp,none,none,,1,32521,512,584,1785153468981460000,1785153468981461000,1785153468981461000,1785153468981462000,1785153468981620000,1785153468981622000,1785153468981622000,1785153468981622000,121932490,121652369,-122.121,1.000,0.000,1.000,2.000,0.000,0.000,42.000,0,0,0
B3_zmq_pushpull,zmq_tcp,none,none,,1,32522,512,584,1785153468982455000,1785153468982455000,1785153468982455000,1785153468982456000,1785153468982607000,1785153468982611000,1785153468982611000,1785153468982611000,121932490,121652369,-129.121,0.000,0.000,1.000,4.000,0.000,0.000,7.000,0,0,0
B3_zmq_pushpull,zmq_tcp,none,none,,1,32523,512,584,1785153468983692000,1785153468983692000,1785153468983692000,1785153468983693000,1785153468983733000,1785153468983736000,1785153468983736000,1785153468983736000,121932490,121652369,-240.121,0.000,0.000,1.000,3.000,0.000,0.000,111.000,0,0,0
B3_zmq_pushpull,zmq_tcp,none,none,,1,32524,512,584,1785153468984632000,1785153468984632000,1785153468984632000,1785153468984633000,1785153468984720000,1785153468984723000,1785153468984723000,1785153468984723000,121932490,121652369,-193.121,0.000,0.000,1.000,3.000,0.000,0.000,47.000,0,0,0
B3_zmq_pushpull,zmq_tcp,none,none,,1,32525,512,584,1785153468985555000,1785153468985555000,1785153468985555000,1785153468985556000,1785153468985698000,1785153468985701000,1785153468985701000,1785153468985701000,121932490,121652369,-138.121,0.000,0.000,1.000,3.000,0.000,0.000,55.000,0,0,0
B3_zmq_pushpull,zmq_tcp,none,none,,1,32526,512,584,1785153468986668000,1785153468986668000,1785153468986668000,1785153468986669000,1785153468986832000,1785153468986834000,1785153468986834000,1785153468986834000,121932490,121652369,-117.121,0.000,0.000,1.000,2.000,0.000,0.000,21.000,0,0,0
B3_zmq_pushpull,zmq_tcp,none,none,,1,32527,512,584,1785153468987640000,1785153468987641000,1785153468987641000,1785153468987642000,1785153468987830000,1785153468987834000,1785153468987834000,1785153468987834000,121932490,121652369,-92.121,1.000,0.000,1.000,4.000,0.000,0.000,25.000,0,0,0
B3_zmq_pushpull,zmq_tcp,none,none,,1,32528,512,584,1785153468988529000,1785153468988529000,1785153468988529000,1785153468988530000,1785153468988686000,1785153468988689000,1785153468988689000,1785153468988689000,121932490,121652369,-124.121,0.000,0.000,1.000,3.000,0.000,0.000,32.000,0,0,0
B3_zmq_pushpull,zmq_tcp,none,none,,1,32529,512,584,1785153468989673000,1785153468989673000,1785153468989673000,1785153468989674000,1785153468989830000,1785153468989833000,1785153468989833000,1785153468989833000,121932490,121652369,-124.121,0.000,0.000,1.000,3.000,0.000,0.000,0.000,0,0,0
B3_zmq_pushpull,zmq_tcp,none,none,,1,32530,512,584,1785153468990521000,1785153468990521000,1785153468990521000,1785153468990522000,1785153468990678000,1785153468990681000,1785153468990681000,1785153468990681000,121932490,121652369,-124.121,0.000,0.000,1.000,3.000,0.000,0.000,0.000,0,0,0
B3_zmq_pushpull,zmq_tcp,none,none,,1,32531,512,584,1785153468991513000,1785153468991513000,1785153468991513000,1785153468991514000,1785153468991659000,1785153468991661000,1785153468991661000,1785153468991662000,121932490,121652369,-135.121,0.000,0.000,1.000,2.000,0.000,1.000,11.000,0,0,0
B3_zmq_pushpull,zmq_tcp,none,none,,1,32532,512,584,1785153468992499000,1785153468992499000,1785153468992499000,1785153468992500000,1785153468992653000,1785153468992656000,1785153468992656000,1785153468992656000,121932490,121652369,-127.121,0.000,0.000,1.000,3.000,0.000,0.000,8.000,0,0,0
B3_zmq_pushpull,zmq_tcp,none,none,,1,32533,512,584,1785153468993485000,1785153468993485000,1785153468993485000,1785153468993486000,1785153468993642000,1785153468993645000,1785153468993645000,1785153468993645000,121932490,121652369,-124.121,0.000,0.000,1.000,3.000,0.000,0.000,3.000,0,0,0
B3_zmq_pushpull,zmq_tcp,none,none,,1,32534,512,584,1785153468994486000,1785153468994486000,1785153468994486000,1785153468994487000,1785153468994634000,1785153468994637000,1785153468994637000,1785153468994637000,121932490,121652369,-133.121,0.000,0.000,1.000,3.000,0.000,0.000,9.000,0,0,0
B3_zmq_pushpull,zmq_tcp,none,none,,1,32535,512,584,1785153468995684000,1785153468995684000,1785153468995684000,1785153468995685000,1785153468995772000,1785153468995774000,1785153468995774000,1785153468995774000,121932490,121652369,-193.121,0.000,0.000,1.000,2.000,0.000,0.000,60.000,0,0,0
B3_zmq_pushpull,zmq_tcp,none,none,,1,32536,512,584,1785153468996473000,1785153468996473000,1785153468996473000,1785153468996474000,1785153468996620000,1785153468996623000,1785153468996623000,1785153468996623000,121932490,121652369,-134.121,0.000,0.000,1.000,3.000,0.000,0.000,59.000,0,0,0
B3_zmq_pushpull,zmq_tcp,none,none,,1,32537,512,584,1785153468997451000,1785153468997451000,1785153468997451000,1785153468997452000,1785153468997611000,1785153468997613000,1785153468997613000,1785153468997613000,121932490,121652369,-121.121,0.000,0.000,1.000,2.000,0.000,0.000,13.000,0,0,0
B3_zmq_pushpull,zmq_tcp,none,none,,1,32538,512,584,1785153468998692000,1785153468998692000,1785153468998692000,1785153468998693000,1785153468998744000,1785153468998747000,1785153468998747000,1785153468998747000,121932490,121652369,-229.121,0.000,0.000,1.000,3.000,0.000,0.000,108.000,0,0,0
B3_zmq_pushpull,zmq_tcp,none,none,,1,32539,512,584,1785153468999569000,1785153468999569000,1785153468999569000,1785153468999570000,1785153468999724000,1785153468999727000,1785153468999727000,1785153468999727000,121932490,121652369,-126.121,0.000,0.000,1.000,3.000,0.000,0.000,103.000,0,0,0
B3_zmq_pushpull,zmq_tcp,none,none,,1,32540,512,584,1785153469000549000,1785153469000549000,1785153469000549000,1785153469000550000,1785153469000706000,1785153469000708000,1785153469000708000,1785153469000708000,121932490,121652369,-124.121,0.000,0.000,1.000,2.000,0.000,0.000,2.000,0,0,0
B3_zmq_pushpull,zmq_tcp,none,none,,1,32541,512,584,1785153469001670000,1785153469001670000,1785153469001670000,1785153469001671000,1785153469001729000,1785153469001732000,1785153469001732000,1785153469001732000,121932490,121652369,-222.121,0.000,0.000,1.000,3.000,0.000,0.000,98.000,0,0,0
B3_zmq_pushpull,zmq_tcp,none,none,,1,32542,512,584,1785153469002638000,1785153469002638000,1785153469002638000,1785153469002639000,1785153469002730000,1785153469002734000,1785153469002734000,1785153469002734000,121932490,121652369,-189.121,0.000,0.000,1.000,4.000,0.000,0.000,33.000,0,0,0
B3_zmq_pushpull,zmq_tcp,none,none,,1,32543,512,584,1785153469003449000,1785153469003450000,1785153469003450000,1785153469003451000,1785153469003594000,1785153469003597000,1785153469003597000,1785153469003597000,121932490,121652369,-137.121,1.000,0.000,1.000,3.000,0.000,0.000,52.000,0,0,0
B3_zmq_pushpull,zmq_tcp,none,none,,1,32544,512,584,1785153469004451000,1785153469004451000,1785153469004451000,1785153469004452000,1785153469004593000,1785153469004596000,1785153469004596000,1785153469004596000,121932490,121652369,-139.121,0.000,0.000,1.000,3.000,0.000,0.000,2.000,0,0,0
B3_zmq_pushpull,zmq_tcp,none,none,,1,32545,512,584,1785153469005450000,1785153469005450000,1785153469005450000,1785153469005451000,1785153469005590000,1785153469005593000,1785153469005593000,1785153469005593000,121932490,121652369,-141.121,0.000,0.000,1.000,3.000,0.000,0.000,2.000,0,0,0
B3_zmq_pushpull,zmq_tcp,none,none,,1,32546,512,584,1785153469006555000,1785153469006555000,1785153469006555000,1785153469006556000,1785153469006710000,1785153469006713000,1785153469006713000,1785153469006713000,121932490,121652369,-126.121,0.000,0.000,1.000,3.000,0.000,0.000,15.000,0,0,0
B3_zmq_pushpull,zmq_tcp,none,none,,1,32547,512,584,1785153469007665000,1785153469007665000,1785153469007665000,1785153469007666000,1785153469007825000,1785153469007828000,1785153469007828000,1785153469007828000,121932490,121652369,-121.121,0.000,0.000,1.000,3.000,0.000,0.000,5.000,0,0,0
B3_zmq_pushpull,zmq_tcp,none,none,,1,32548,512,584,1785153469008640000,1785153469008640000,1785153469008640000,1785153469008641000,1785153469008812000,1785153469008815000,1785153469008815000,1785153469008815000,121932490,121652369,-109.121,0.000,0.000,1.000,3.000,0.000,0.000,12.000,0,0,0
B3_zmq_pushpull,zmq_tcp,none,none,,1,32549,512,584,1785153469009647000,1785153469009647000,1785153469009647000,1785153469009648000,1785153469009806000,1785153469009809000,1785153469009809000,1785153469009809000,121932490,121652369,-122.121,0.000,0.000,1.000,3.000,0.000,0.000,13.000,0,0,0
B3_zmq_pushpull,zmq_tcp,none,none,,1,32550,512,584,1785153469010643000,1785153469010643000,1785153469010643000,1785153469010644000,1785153469010814000,1785153469010817000,1785153469010817000,1785153469010817000,121932490,121652369,-110.121,0.000,0.000,1.000,3.000,0.000,0.000,12.000,0,0,0
B3_zmq_pushpull,zmq_tcp,none,none,,1,32551,512,584,1785153469011523000,1785153469011523000,1785153469011523000,1785153469011524000,1785153469011668000,1785153469011671000,1785153469011672000,1785153469011672000,121932490,121652369,-136.121,0.000,0.000,1.000,3.000,1.000,0.000,26.000,0,0,0
B3_zmq_pushpull,zmq_tcp,none,none,,1,32552,512,584,1785153469012511000,1785153469012511000,1785153469012512000,1785153469012512000,1785153469012665000,1785153469012668000,1785153469012668000,1785153469012668000,121932490,121652369,-127.121,0.000,1.000,0.000,3.000,0.000,0.000,9.000,0,0,0
B3_zmq_pushpull,zmq_tcp,none,none,,1,32553,512,584,1785153469013677000,1785153469013678000,1785153469013678000,1785153469013679000,1785153469013804000,1785153469013806000,1785153469013806000,1785153469013806000,121932490,121652369,-155.121,1.000,0.000,1.000,2.000,0.000,0.000,28.000,0,0,0
B3_zmq_pushpull,zmq_tcp,none,none,,1,32554,512,584,1785153469014634000,1785153469014634000,1785153469014634000,1785153469014635000,1785153469014785000,1785153469014788000,1785153469014788000,1785153469014788000,121932490,121652369,-130.121,0.000,0.000,1.000,3.000,0.000,0.000,25.000,0,0,0
B3_zmq_pushpull,zmq_tcp,none,none,,1,32555,512,584,1785153469015501000,1785153469015501000,1785153469015501000,1785153469015502000,1785153469015651000,1785153469015654000,1785153469015654000,1785153469015654000,121932490,121652369,-131.121,0.000,0.000,1.000,3.000,0.000,0.000,1.000,0,0,0
B3_zmq_pushpull,zmq_tcp,none,none,,1,32556,512,584,1785153469016508000,1785153469016509000,1785153469016509000,1785153469016510000,1785153469016664000,1785153469016666000,1785153469016666000,1785153469016666000,121932490,121652369,-126.121,1.000,0.000,1.000,2.000,0.000,0.000,5.000,0,0,0
B3_zmq_pushpull,zmq_tcp,none,none,,1,32557,512,584,1785153469017680000,1785153469017680000,1785153469017680000,1785153469017681000,1785153469017817000,1785153469017820000,1785153469017820000,1785153469017820000,121932490,121652369,-144.121,0.000,0.000,1.000,3.000,0.000,0.000,18.000,0,0,0
B3_zmq_pushpull,zmq_tcp,none,none,,1,32558,512,584,1785153469018633000,1785153469018633000,1785153469018633000,1785153469018634000,1785153469018677000,1785153469018680000,1785153469018680000,1785153469018680000,121932490,121652369,-237.121,0.000,0.000,1.000,3.000,0.000,0.000,93.000,0,0,0
B3_zmq_pushpull,zmq_tcp,none,none,,1,32559,512,584,1785153469019647000,1785153469019647000,1785153469019647000,1785153469019648000,1785153469019811000,1785153469019813000,1785153469019813000,1785153469019813000,121932490,121652369,-117.121,0.000,0.000,1.000,2.000,0.000,0.000,120.000,0,0,0
B3_zmq_pushpull,zmq_tcp,none,none,,1,32560,512,584,1785153469020644000,1785153469020645000,1785153469020645000,1785153469020646000,1785153469020808000,1785153469020811000,1785153469020811000,1785153469020811000,121932490,121652369,-118.121,1.000,0.000,1.000,3.000,0.000,0.000,1.000,0,0,0
B3_zmq_pushpull,zmq_tcp,none,none,,1,32561,512,584,1785153469021648000,1785153469021648000,1785153469021648000,1785153469021649000,1785153469021807000,1785153469021809000,1785153469021809000,1785153469021809000,121932490,121652369,-122.121,0.000,0.000,1.000,2.000,0.000,0.000,4.000,0,0,0
B3_zmq_pushpull,zmq_tcp,none,none,,1,32562,512,584,1785153469022643000,1785153469022643000,1785153469022643000,1785153469022644000,1785153469022824000,1785153469022826000,1785153469022827000,1785153469022827000,121932490,121652369,-100.121,0.000,0.000,1.000,2.000,1.000,0.000,22.000,0,0,0
B3_zmq_pushpull,zmq_tcp,none,none,,1,32563,512,584,1785153469023645000,1785153469023645000,1785153469023645000,1785153469023646000,1785153469023819000,1785153469023821000,1785153469023821000,1785153469023821000,121932490,121652369,-107.121,0.000,0.000,1.000,2.000,0.000,0.000,7.000,0,0,0
B3_zmq_pushpull,zmq_tcp,none,none,,1,32564,512,584,1785153469024515000,1785153469024515000,1785153469024515000,1785153469024516000,1785153469024671000,1785153469024673000,1785153469024673000,1785153469024673000,121932490,121652369,-125.121,0.000,0.000,1.000,2.000,0.000,0.000,18.000,0,0,0
B3_zmq_pushpull,zmq_tcp,none,none,,1,32565,512,584,1785153469025676000,1785153469025676000,1785153469025676000,1785153469025677000,1785153469025813000,1785153469025816000,1785153469025816000,1785153469025816000,121932490,121652369,-144.121,0.000,0.000,1.000,3.000,0.000,0.000,19.000,0,0,0
B3_zmq_pushpull,zmq_tcp,none,none,,1,32566,512,584,1785153469026634000,1785153469026634000,1785153469026634000,1785153469026635000,1785153469026676000,1785153469026679000,1785153469026679000,1785153469026679000,121932490,121652369,-239.121,0.000,0.000,1.000,3.000,0.000,0.000,95.000,0,0,0
B3_zmq_pushpull,zmq_tcp,none,none,,1,32567,512,584,1785153469027518000,1785153469027518000,1785153469027518000,1785153469027519000,1785153469027672000,1785153469027675000,1785153469027675000,1785153469027675000,121932490,121652369,-127.121,0.000,0.000,1.000,3.000,0.000,0.000,112.000,0,0,0
B3_zmq_pushpull,zmq_tcp,none,none,,1,32568,512,584,1785153469028515000,1785153469028515000,1785153469028515000,1785153469028516000,1785153469028673000,1785153469028676000,1785153469028676000,1785153469028676000,121932490,121652369,-123.121,0.000,0.000,1.000,3.000,0.000,0.000,4.000,0,0,0
B3_zmq_pushpull,zmq_tcp,none,none,,1,32569,512,584,1785153469029678000,1785153469029678000,1785153469029678000,1785153469029679000,1785153469029804000,1785153469029807000,1785153469029807000,1785153469029807000,121932490,121652369,-155.121,0.000,0.000,1.000,3.000,0.000,0.000,32.000,0,0,0
B3_zmq_pushpull,zmq_tcp,none,none,,1,32570,512,584,1785153469030635000,1785153469030635000,1785153469030635000,1785153469030636000,1785153469030789000,1785153469030792000,1785153469030792000,1785153469030792000,121932490,121652369,-127.121,0.000,0.000,1.000,3.000,0.000,0.000,28.000,0,0,0
B3_zmq_pushpull,zmq_tcp,none,none,,1,32571,512,584,1785153469031647000,1785153469031647000,1785153469031647000,1785153469031648000,1785153469031793000,1785153469031796000,1785153469031796000,1785153469031796000,121932490,121652369,-135.121,0.000,0.000,1.000,3.000,0.000,0.000,8.000,0,0,0
B3_zmq_pushpull,zmq_tcp,none,none,,1,32572,512,584,1785153469032496000,1785153469032497000,1785153469032497000,1785153469032498000,1785153469032651000,1785153469032653000,1785153469032653000,1785153469032653000,121932490,121652369,-127.121,1.000,0.000,1.000,2.000,0.000,0.000,8.000,0,0,0
B3_zmq_pushpull,zmq_tcp,none,none,,1,32573,512,584,1785153469033682000,1785153469033682000,1785153469033682000,1785153469033683000,1785153469033779000,1785153469033781000,1785153469033781000,1785153469033781000,121932490,121652369,-184.121,0.000,0.000,1.000,2.000,0.000,0.000,57.000,0,0,0
B3_zmq_pushpull,zmq_tcp,none,none,,1,32574,512,584,1785153469034632000,1785153469034633000,1785153469034633000,1785153469034634000,1785153469034783000,1785153469034785000,1785153469034785000,1785153469034785000,121932490,121652369,-131.121,1.000,0.000,1.000,2.000,0.000,0.000,53.000,0,0,0
B3_zmq_pushpull,zmq_tcp,none,none,,1,32575,512,584,1785153469035647000,1785153469035647000,1785153469035647000,1785153469035648000,1785153469035796000,1785153469035799000,1785153469035799000,1785153469035799000,121932490,121652369,-132.121,0.000,0.000,1.000,3.000,0.000,0.000,1.000,0,0,0
B3_zmq_pushpull,zmq_tcp,none,none,,1,32576,512,584,1785153469036471000,1785153469036472000,1785153469036472000,1785153469036473000,1785153469036629000,1785153469036632000,1785153469036632000,1785153469036632000,121932490,121652369,-124.121,1.000,0.000,1.000,3.000,0.000,0.000,8.000,0,0,0
B3_zmq_pushpull,zmq_tcp,none,none,,1,32577,512,584,1785153469037481000,1785153469037481000,1785153469037481000,1785153469037482000,1785153469037639000,1785153469037641000,1785153469037641000,1785153469037641000,121932490,121652369,-123.121,0.000,0.000,1.000,2.000,0.000,0.000,1.000,0,0,0
B3_zmq_pushpull,zmq_tcp,none,none,,1,32578,512,584,1785153469038477000,1785153469038477000,1785153469038477000,1785153469038478000,1785153469038635000,1785153469038637000,1785153469038637000,1785153469038637000,121932490,121652369,-123.121,0.000,0.000,1.000,2.000,0.000,0.000,0.000,0,0,0
B3_zmq_pushpull,zmq_tcp,none,none,,1,32579,512,584,1785153469039480000,1785153469039480000,1785153469039480000,1785153469039481000,1785153469039633000,1785153469039636000,1785153469039636000,1785153469039636000,121932490,121652369,-128.121,0.000,0.000,1.000,3.000,0.000,0.000,5.000,0,0,0
B3_zmq_pushpull,zmq_tcp,none,none,,1,32580,512,584,1785153469040475000,1785153469040475000,1785153469040475000,1785153469040476000,1785153469040628000,1785153469040631000,1785153469040631000,1785153469040631000,121932490,121652369,-128.121,0.000,0.000,1.000,3.000,0.000,0.000,0.000,0,0,0
B3_zmq_pushpull,zmq_tcp,none,none,,1,32581,512,584,1785153469041687000,1785153469041687000,1785153469041687000,1785153469041688000,1785153469041755000,1785153469041758000,1785153469041758000,1785153469041758000,121932490,121652369,-213.121,0.000,0.000,1.000,3.000,0.000,0.000,85.000,0,0,0
B3_zmq_pushpull,zmq_tcp,none,none,,1,32582,512,584,1785153469042631000,1785153469042631000,1785153469042631000,1785153469042632000,1785153469042764000,1785153469042767000,1785153469042767000,1785153469042767000,121932490,121652369,-148.121,0.000,0.000,1.000,3.000,0.000,0.000,65.000,0,0,0
B3_zmq_pushpull,zmq_tcp,none,none,,1,32583,512,584,1785153469043649000,1785153469043649000,1785153469043649000,1785153469043650000,1785153469043767000,1785153469043769000,1785153469043769000,1785153469043769000,121932490,121652369,-163.121,0.000,0.000,1.000,2.000,0.000,0.000,15.000,0,0,0
B3_zmq_pushpull,zmq_tcp,none,none,,1,32584,512,584,1785153469044495000,1785153469044496000,1785153469044496000,1785153469044497000,1785153469044643000,1785153469044645000,1785153469044645000,1785153469044645000,121932490,121652369,-134.121,1.000,0.000,1.000,2.000,0.000,0.000,29.000,0,0,0
B3_zmq_pushpull,zmq_tcp,none,none,,1,32585,512,584,1785153469045683000,1785153469045683000,1785153469045683000,1785153469045684000,1785153469045767000,1785153469045769000,1785153469045769000,1785153469045769000,121932490,121652369,-197.121,0.000,0.000,1.000,2.000,0.000,0.000,63.000,0,0,0
B3_zmq_pushpull,zmq_tcp,none,none,,1,32586,512,584,1785153469046634000,1785153469046634000,1785153469046634000,1785153469046635000,1785153469046772000,1785153469046775000,1785153469046775000,1785153469046775000,121932490,121652369,-143.121,0.000,0.000,1.000,3.000,0.000,0.000,54.000,0,0,0
B3_zmq_pushpull,zmq_tcp,none,none,,1,32587,512,584,1785153469047647000,1785153469047647000,1785153469047647000,1785153469047648000,1785153469047761000,1785153469047763000,1785153469047763000,1785153469047763000,121932490,121652369,-167.121,0.000,0.000,1.000,2.000,0.000,0.000,24.000,0,0,0
B3_zmq_pushpull,zmq_tcp,none,none,,1,32588,512,584,1785153469048645000,1785153469048645000,1785153469048645000,1785153469048646000,1785153469048768000,1785153469048770000,1785153469048771000,1785153469048771000,121932490,121652369,-158.121,0.000,0.000,1.000,2.000,1.000,0.000,9.000,0,0,0
B3_zmq_pushpull,zmq_tcp,none,none,,1,32589,512,584,1785153469049644000,1785153469049645000,1785153469049645000,1785153469049646000,1785153469049773000,1785153469049776000,1785153469049776000,1785153469049776000,121932490,121652369,-153.121,1.000,0.000,1.000,3.000,0.000,0.000,5.000,0,0,0
B3_zmq_pushpull,zmq_tcp,none,none,,1,32590,512,584,1785153469050642000,1785153469050642000,1785153469050642000,1785153469050643000,1785153469050765000,1785153469050768000,1785153469050768000,1785153469050768000,121932490,121652369,-158.121,0.000,0.000,1.000,3.000,0.000,0.000,5.000,0,0,0
B3_zmq_pushpull,zmq_tcp,none,none,,1,32591,512,584,1785153469051647000,1785153469051648000,1785153469051648000,1785153469051649000,1785153469051783000,1785153469051785000,1785153469051785000,1785153469051785000,121932490,121652369,-146.121,1.000,0.000,1.000,2.000,0.000,0.000,12.000,0,0,0
B3_zmq_pushpull,zmq_tcp,none,none,,1,32592,512,584,1785153469052644000,1785153469052645000,1785153469052645000,1785153469052646000,1785153469052777000,1785153469052780000,1785153469052780000,1785153469052780000,121932490,121652369,-149.121,1.000,0.000,1.000,3.000,0.000,0.000,3.000,0,0,0
B3_zmq_pushpull,zmq_tcp,none,none,,1,32593,512,584,1785153469053644000,1785153469053645000,1785153469053645000,1785153469053646000,1785153469053775000,1785153469053777000,1785153469053777000,1785153469053777000,121932490,121652369,-151.121,1.000,0.000,1.000,2.000,0.000,0.000,2.000,0,0,0
B3_zmq_pushpull,zmq_tcp,none,none,,1,32594,512,584,1785153469054642000,1785153469054642000,1785153469054642000,1785153469054643000,1785153469054779000,1785153469054781000,1785153469054781000,1785153469054781000,121932490,121652369,-144.121,0.000,0.000,1.000,2.000,0.000,0.000,7.000,0,0,0
B3_zmq_pushpull,zmq_tcp,none,none,,1,32595,512,584,1785153469055646000,1785153469055646000,1785153469055646000,1785153469055647000,1785153469055773000,1785153469055776000,1785153469055776000,1785153469055776000,121932490,121652369,-154.121,0.000,0.000,1.000,3.000,0.000,0.000,10.000,0,0,0
B3_zmq_pushpull,zmq_tcp,none,none,,1,32596,512,584,1785153469056644000,1785153469056645000,1785153469056645000,1785153469056646000,1785153469056774000,1785153469056777000,1785153469056777000,1785153469056777000,121932490,121652369,-152.121,1.000,0.000,1.000,3.000,0.000,0.000,2.000,0,0,0
B3_zmq_pushpull,zmq_tcp,none,none,,1,32597,512,584,1785153469057644000,1785153469057645000,1785153469057645000,1785153469057646000,1785153469057780000,1785153469057783000,1785153469057783000,1785153469057783000,121932490,121652369,-146.121,1.000,0.000,1.000,3.000,0.000,0.000,6.000,0,0,0
B3_zmq_pushpull,zmq_tcp,none,none,,1,32598,512,584,1785153469058644000,1785153469058644000,1785153469058644000,1785153469058645000,1785153469058781000,1785153469058784000,1785153469058784000,1785153469058784000,121932490,121652369,-144.121,0.000,0.000,1.000,3.000,0.000,0.000,2.000,0,0,0
B3_zmq_pushpull,zmq_tcp,none,none,,1,32599,512,584,1785153469059644000,1785153469059645000,1785153469059645000,1785153469059646000,1785153469059781000,1785153469059784000,1785153469059784000,1785153469059784000,121932490,121652369,-145.121,1.000,0.000,1.000,3.000,0.000,0.000,1.000,0,0,0
B3_zmq_pushpull,zmq_tcp,none,none,,1,32600,512,584,1785153469060644000,1785153469060644000,1785153469060645000,1785153469060646000,1785153469060768000,1785153469060771000,1785153469060771000,1785153469060771000,121932490,121652369,-158.121,0.000,1.000,1.000,3.000,0.000,0.000,13.000,0,0,0
B3_zmq_pushpull,zmq_tcp,none,none,,1,32601,512,584,1785153469061644000,1785153469061645000,1785153469061645000,1785153469061646000,1785153469061763000,1785153469061766000,1785153469061766000,1785153469061766000,121932490,121652369,-163.121,1.000,0.000,1.000,3.000,0.000,0.000,5.000,0,0,0
B3_zmq_pushpull,zmq_tcp,none,none,,1,32602,512,584,1785153469062642000,1785153469062642000,1785153469062642000,1785153469062643000,1785153469062752000,1785153469062755000,1785153469062755000,1785153469062755000,121932490,121652369,-171.121,0.000,0.000,1.000,3.000,0.000,0.000,8.000,0,0,0
B3_zmq_pushpull,zmq_tcp,none,none,,1,32603,512,584,1785153469063646000,1785153469063646000,1785153469063646000,1785153469063647000,1785153469063749000,1785153469063751000,1785153469063751000,1785153469063751000,121932490,121652369,-178.121,0.000,0.000,1.000,2.000,0.000,0.000,7.000,0,0,0
B3_zmq_pushpull,zmq_tcp,none,none,,1,32604,512,584,1785153469064645000,1785153469064645000,1785153469064645000,1785153469064646000,1785153469064764000,1785153469064767000,1785153469064767000,1785153469064767000,121932490,121652369,-162.121,0.000,0.000,1.000,3.000,0.000,0.000,16.000,0,0,0
B3_zmq_pushpull,zmq_tcp,none,none,,1,32605,512,584,1785153469065644000,1785153469065645000,1785153469065645000,1785153469065646000,1785153469065779000,1785153469065782000,1785153469065782000,1785153469065782000,121932490,121652369,-147.121,1.000,0.000,1.000,3.000,0.000,0.000,15.000,0,0,0
B3_zmq_pushpull,zmq_tcp,none,none,,1,32606,512,584,1785153469066641000,1785153469066641000,1785153469066641000,1785153469066642000,1785153469066779000,1785153469066782000,1785153469066782000,1785153469066782000,121932490,121652369,-143.121,0.000,0.000,1.000,3.000,0.000,0.000,4.000,0,0,0
B3_zmq_pushpull,zmq_tcp,none,none,,1,32607,512,584,1785153469067646000,1785153469067646000,1785153469067646000,1785153469067647000,1785153469067783000,1785153469067785000,1785153469067785000,1785153469067786000,121932490,121652369,-144.121,0.000,0.000,1.000,2.000,0.000,1.000,1.000,0,0,0
B3_zmq_pushpull,zmq_tcp,none,none,,1,32608,512,584,1785153469068645000,1785153469068645000,1785153469068645000,1785153469068646000,1785153469068788000,1785153469068791000,1785153469068791000,1785153469068791000,121932490,121652369,-138.121,0.000,0.000,1.000,3.000,0.000,0.000,6.000,0,0,0
B3_zmq_pushpull,zmq_tcp,none,none,,1,32609,512,584,1785153469069644000,1785153469069645000,1785153469069645000,1785153469069646000,1785153469069784000,1785153469069787000,1785153469069787000,1785153469069787000,121932490,121652369,-142.121,1.000,0.000,1.000,3.000,0.000,0.000,4.000,0,0,0
B3_zmq_pushpull,zmq_tcp,none,none,,1,32610,512,584,1785153469070641000,1785153469070642000,1785153469070642000,1785153469070643000,1785153469070801000,1785153469070805000,1785153469070805000,1785153469070805000,121932490,121652369,-122.121,1.000,0.000,1.000,4.000,0.000,0.000,20.000,0,0,0
B3_zmq_pushpull,zmq_tcp,none,none,,1,32611,512,584,1785153469071646000,1785153469071646000,1785153469071646000,1785153469071647000,1785153469071803000,1785153469071805000,1785153469071805000,1785153469071805000,121932490,121652369,-124.121,0.000,0.000,1.000,2.000,0.000,0.000,2.000,0,0,0
B3_zmq_pushpull,zmq_tcp,none,none,,1,32612,512,584,1785153469072646000,1785153469072646000,1785153469072646000,1785153469072647000,1785153469072816000,1785153469072819000,1785153469072819000,1785153469072819000,121932490,121652369,-111.121,0.000,0.000,1.000,3.000,0.000,0.000,13.000,0,0,0
B3_zmq_pushpull,zmq_tcp,none,none,,1,32613,512,584,1785153469073519000,1785153469073519000,1785153469073519000,1785153469073520000,1785153469073681000,1785153469073684000,1785153469073684000,1785153469073684000,121932490,121652369,-119.121,0.000,0.000,1.000,3.000,0.000,0.000,8.000,0,0,0
B3_zmq_pushpull,zmq_tcp,none,none,,1,32614,512,584,1785153469074676000,1785153469074676000,1785153469074676000,1785153469074677000,1785153469074832000,1785153469074835000,1785153469074835000,1785153469074835000,121932490,121652369,-125.121,0.000,0.000,1.000,3.000,0.000,0.000,6.000,0,0,0
B3_zmq_pushpull,zmq_tcp,none,none,,1,32615,512,584,1785153469075637000,1785153469075637000,1785153469075637000,1785153469075638000,1785153469075681000,1785153469075685000,1785153469075685000,1785153469075685000,121932490,121652369,-237.121,0.000,0.000,1.000,4.000,0.000,0.000,112.000,0,0,0
B3_zmq_pushpull,zmq_tcp,none,none,,1,32616,512,584,1785153469076647000,1785153469076648000,1785153469076648000,1785153469076649000,1785153469076823000,1785153469076826000,1785153469076826000,1785153469076826000,121932490,121652369,-106.121,1.000,0.000,1.000,3.000,0.000,0.000,131.000,0,0,0
B3_zmq_pushpull,zmq_tcp,none,none,,1,32617,512,584,1785153469077643000,1785153469077643000,1785153469077643000,1785153469077644000,1785153469077691000,1785153469077694000,1785153469077695000,1785153469077695000,121932490,121652369,-233.121,0.000,0.000,1.000,3.000,1.000,0.000,127.000,0,0,0
B3_zmq_pushpull,zmq_tcp,none,none,,1,32618,512,584,1785153469078648000,1785153469078648000,1785153469078648000,1785153469078649000,1785153469078707000,1785153469078710000,1785153469078710000,1785153469078710000,121932490,121652369,-222.121,0.000,0.000,1.000,3.000,0.000,0.000,11.000,0,0,0
B3_zmq_pushpull,zmq_tcp,none,none,,1,32619,512,584,1785153469079645000,1785153469079645000,1785153469079645000,1785153469079646000,1785153469079723000,1785153469079726000,1785153469079726000,1785153469079726000,121932490,121652369,-203.121,0.000,0.000,1.000,3.000,0.000,0.000,19.000,0,0,0
B3_zmq_pushpull,zmq_tcp,none,none,,1,32620,512,584,1785153469080645000,1785153469080645000,1785153469080645000,1785153469080646000,1785153469080728000,1785153469080731000,1785153469080731000,1785153469080731000,121932490,121652369,-198.121,0.000,0.000,1.000,3.000,0.000,0.000,5.000,0,0,0
B3_zmq_pushpull,zmq_tcp,none,none,,1,32621,512,584,1785153469081642000,1785153469081642000,1785153469081642000,1785153469081643000,1785153469081724000,1785153469081727000,1785153469081727000,1785153469081727000,121932490,121652369,-199.121,0.000,0.000,1.000,3.000,0.000,0.000,1.000,0,0,0
B3_zmq_pushpull,zmq_tcp,none,none,,1,32622,512,584,1785153469082646000,1785153469082646000,1785153469082646000,1785153469082647000,1785153469082713000,1785153469082716000,1785153469082716000,1785153469082716000,121932490,121652369,-214.121,0.000,0.000,1.000,3.000,0.000,0.000,15.000,0,0,0
B3_zmq_pushpull,zmq_tcp,none,none,,1,32623,512,584,1785153469083645000,1785153469083645000,1785153469083645000,1785153469083646000,1785153469083724000,1785153469083727000,1785153469083727000,1785153469083727000,121932490,121652369,-202.121,0.000,0.000,1.000,3.000,0.000,0.000,12.000,0,0,0
B3_zmq_pushpull,zmq_tcp,none,none,,1,32624,512,584,1785153469084647000,1785153469084648000,1785153469084648000,1785153469084649000,1785153469084740000,1785153469084748000,1785153469084748000,1785153469084748000,121932490,121652369,-189.121,1.000,0.000,1.000,8.000,0.000,0.000,13.000,0,0,0
B3_zmq_pushpull,zmq_tcp,none,none,,1,32625,512,584,1785153469085643000,1785153469085643000,1785153469085644000,1785153469085644000,1785153469085735000,1785153469085738000,1785153469085738000,1785153469085738000,121932490,121652369,-189.121,0.000,1.000,0.000,3.000,0.000,0.000,0.000,0,0,0
B3_zmq_pushpull,zmq_tcp,none,none,,1,32626,512,584,1785153469086647000,1785153469086648000,1785153469086648000,1785153469086649000,1785153469086735000,1785153469086737000,1785153469086737000,1785153469086738000,121932490,121652369,-194.121,1.000,0.000,1.000,2.000,0.000,1.000,5.000,0,0,0
B3_zmq_pushpull,zmq_tcp,none,none,,1,32627,512,584,1785153469087645000,1785153469087645000,1785153469087645000,1785153469087646000,1785153469087740000,1785153469087743000,1785153469087744000,1785153469087744000,121932490,121652369,-186.121,0.000,0.000,1.000,3.000,1.000,0.000,8.000,0,0,0
B3_zmq_pushpull,zmq_tcp,none,none,,1,32628,512,584,1785153469088569000,1785153469088569000,1785153469088569000,1785153469088570000,1785153469088723000,1785153469088727000,1785153469088727000,1785153469088727000,121932490,121652369,-127.121,0.000,0.000,1.000,4.000,0.000,0.000,59.000,0,0,0
B3_zmq_pushpull,zmq_tcp,none,none,,1,32629,512,584,1785153469089661000,1785153469089661000,1785153469089661000,1785153469089662000,1785153469089702000,1785153469089704000,1785153469089704000,1785153469089704000,121932490,121652369,-240.121,0.000,0.000,1.000,2.000,0.000,0.000,113.000,0,0,0
B3_zmq_pushpull,zmq_tcp,none,none,,1,32630,512,584,1785153469090641000,1785153469090641000,1785153469090641000,1785153469090642000,1785153469090698000,1785153469090700000,1785153469090700000,1785153469090700000,121932490,121652369,-224.121,0.000,0.000,1.000,2.000,0.000,0.000,16.000,0,0,0
B3_zmq_pushpull,zmq_tcp,none,none,,1,32631,512,584,1785153469091646000,1785153469091646000,1785153469091646000,1785153469091647000,1785153469091710000,1785153469091714000,1785153469091714000,1785153469091714000,121932490,121652369,-217.121,0.000,0.000,1.000,4.000,0.000,0.000,7.000,0,0,0
B3_zmq_pushpull,zmq_tcp,none,none,,1,32632,512,584,1785153469092560000,1785153469092560000,1785153469092560000,1785153469092561000,1785153469092719000,1785153469092722000,1785153469092722000,1785153469092722000,121932490,121652369,-122.121,0.000,0.000,1.000,3.000,0.000,0.000,95.000,0,0,0
B3_zmq_pushpull,zmq_tcp,none,none,,1,32633,512,584,1785153469093447000,1785153469093447000,1785153469093448000,1785153469093448000,1785153469093592000,1785153469093595000,1785153469093596000,1785153469093596000,121932490,121652369,-136.121,0.000,1.000,0.000,3.000,1.000,0.000,14.000,0,0,0
B3_zmq_pushpull,zmq_tcp,none,none,,1,32634,512,584,1785153469094454000,1785153469094454000,1785153469094454000,1785153469094455000,1785153469094599000,1785153469094602000,1785153469094602000,1785153469094602000,121932490,121652369,-136.121,0.000,0.000,1.000,3.000,0.000,0.000,0.000,0,0,0
B3_zmq_pushpull,zmq_tcp,none,none,,1,32635,512,584,1785153469095573000,1785153469095573000,1785153469095573000,1785153469095574000,1785153469095727000,1785153469095731000,1785153469095731000,1785153469095731000,121932490,121652369,-127.121,0.000,0.000,1.000,4.000,0.000,0.000,9.000,0,0,0
B3_zmq_pushpull,zmq_tcp,none,none,,1,32636,512,584,1785153469096660000,1785153469096660000,1785153469096660000,1785153469096661000,1785153469096819000,1785153469096823000,1785153469096823000,1785153469096823000,121932490,121652369,-122.121,0.000,0.000,1.000,4.000,0.000,0.000,5.000,0,0,0
B3_zmq_pushpull,zmq_tcp,none,none,,1,32637,512,584,1785153469097512000,1785153469097512000,1785153469097512000,1785153469097513000,1785153469097666000,1785153469097668000,1785153469097668000,1785153469097668000,121932490,121652369,-127.121,0.000,0.000,1.000,2.000,0.000,0.000,5.000,0,0,0
B3_zmq_pushpull,zmq_tcp,none,none,,1,32638,512,584,1785153469098502000,1785153469098502000,1785153469098502000,1785153469098503000,1785153469098646000,1785153469098648000,1785153469098648000,1785153469098648000,121932490,121652369,-137.121,0.000,0.000,1.000,2.000,0.000,0.000,10.000,0,0,0
B3_zmq_pushpull,zmq_tcp,none,none,,1,32639,512,584,1785153469099683000,1785153469099683000,1785153469099684000,1785153469099684000,1785153469099782000,1785153469099788000,1785153469099788000,1785153469099788000,121932490,121652369,-182.121,0.000,1.000,0.000,6.000,0.000,0.000,45.000,0,0,0
B3_zmq_pushpull,zmq_tcp,none,none,,1,32640,512,584,1785153469100481000,1785153469100481000,1785153469100481000,1785153469100482000,1785153469100631000,1785153469100634000,1785153469100634000,1785153469100634000,121932490,121652369,-131.121,0.000,0.000,1.000,3.000,0.000,0.000,51.000,0,0,0
B3_zmq_pushpull,zmq_tcp,none,none,,1,32641,512,584,1785153469101686000,1785153469101686000,1785153469101686000,1785153469101687000,1785153469101766000,1785153469101768000,1785153469101768000,1785153469101768000,121932490,121652369,-201.121,0.000,0.000,1.000,2.000,0.000,0.000,70.000,0,0,0
B3_zmq_pushpull,zmq_tcp,none,none,,1,32642,512,584,1785153469102634000,1785153469102634000,1785153469102634000,1785153469102635000,1785153469102766000,1785153469102768000,1785153469102768000,1785153469102768000,121932490,121652369,-149.121,0.000,0.000,1.000,2.000,0.000,0.000,52.000,0,0,0
B3_zmq_pushpull,zmq_tcp,none,none,,1,32643,512,584,1785153469103647000,1785153469103647000,1785153469103647000,1785153469103648000,1785153469103761000,1785153469103763000,1785153469103763000,1785153469103763000,121932490,121652369,-167.121,0.000,0.000,1.000,2.000,0.000,0.000,18.000,0,0,0
B3_zmq_pushpull,zmq_tcp,none,none,,1,32644,512,584,1785153469104641000,1785153469104641000,1785153469104641000,1785153469104642000,1785153469104747000,1785153469104750000,1785153469104750000,1785153469104750000,121932490,121652369,-175.121,0.000,0.000,1.000,3.000,0.000,0.000,8.000,0,0,0
B3_zmq_pushpull,zmq_tcp,none,none,,1,32645,512,584,1785153469105646000,1785153469105647000,1785153469105647000,1785153469105648000,1785153469105766000,1785153469105768000,1785153469105768000,1785153469105768000,121932490,121652369,-162.121,1.000,0.000,1.000,2.000,0.000,0.000,13.000,0,0,0
B3_zmq_pushpull,zmq_tcp,none,none,,1,32646,512,584,1785153469106645000,1785153469106645000,1785153469106645000,1785153469106646000,1785153469106743000,1785153469106746000,1785153469106746000,1785153469106746000,121932490,121652369,-183.121,0.000,0.000,1.000,3.000,0.000,0.000,21.000,0,0,0
B3_zmq_pushpull,zmq_tcp,none,none,,1,32647,512,584,1785153469107558000,1785153469107559000,1785153469107559000,1785153469107560000,1785153469107712000,1785153469107715000,1785153469107715000,1785153469107715000,121932490,121652369,-128.121,1.000,0.000,1.000,3.000,0.000,0.000,55.000,0,0,0
B3_zmq_pushpull,zmq_tcp,none,none,,1,32648,512,584,1785153469108545000,1785153469108545000,1785153469108545000,1785153469108546000,1785153469108699000,1785153469108702000,1785153469108702000,1785153469108702000,121932490,121652369,-127.121,0.000,0.000,1.000,3.000,0.000,0.000,1.000,0,0,0
B3_zmq_pushpull,zmq_tcp,none,none,,1,32649,512,584,1785153469109534000,1785153469109534000,1785153469109534000,1785153469109535000,1785153469109677000,1785153469109680000,1785153469109680000,1785153469109680000,121932490,121652369,-138.121,0.000,0.000,1.000,3.000,0.000,0.000,11.000,0,0,0
B3_zmq_pushpull,zmq_tcp,none,none,,1,32650,512,584,1785153469110673000,1785153469110673000,1785153469110673000,1785153469110674000,1785153469110806000,1785153469110808000,1785153469110808000,1785153469110808000,121932490,121652369,-148.121,0.000,0.000,1.000,2.000,0.000,0.000,10.000,0,0,0
B3_zmq_pushpull,zmq_tcp,none,none,,1,32651,512,584,1785153469111636000,1785153469111636000,1785153469111636000,1785153469111637000,1785153469111807000,1785153469111810000,1785153469111810000,1785153469111810000,121932490,121652369,-110.121,0.000,0.000,1.000,3.000,0.000,0.000,38.000,0,0,0
B3_zmq_pushpull,zmq_tcp,none,none,,1,32652,512,584,1785153469112650000,1785153469112650000,1785153469112650000,1785153469112652000,1785153469112811000,1785153469112814000,1785153469112814000,1785153469112814000,121932490,121652369,-121.121,0.000,0.000,2.000,3.000,0.000,0.000,11.000,0,0,0
B3_zmq_pushpull,zmq_tcp,none,none,,1,32653,512,584,1785153469113646000,1785153469113647000,1785153469113647000,1785153469113648000,1785153469113819000,1785153469113822000,1785153469113822000,1785153469113822000,121932490,121652369,-109.121,1.000,0.000,1.000,3.000,0.000,0.000,12.000,0,0,0
B3_zmq_pushpull,zmq_tcp,none,none,,1,32654,512,584,1785153469114646000,1785153469114646000,1785153469114646000,1785153469114647000,1785153469114815000,1785153469114819000,1785153469114819000,1785153469114819000,121932490,121652369,-112.121,0.000,0.000,1.000,4.000,0.000,0.000,3.000,0,0,0
B3_zmq_pushpull,zmq_tcp,none,none,,1,32655,512,584,1785153469115643000,1785153469115643000,1785153469115643000,1785153469115644000,1785153469115796000,1785153469115800000,1785153469115800000,1785153469115800000,121932490,121652369,-128.121,0.000,0.000,1.000,4.000,0.000,0.000,16.000,0,0,0
B3_zmq_pushpull,zmq_tcp,none,none,,1,32656,512,584,1785153469116647000,1785153469116647000,1785153469116647000,1785153469116648000,1785153469116769000,1785153469116772000,1785153469116772000,1785153469116772000,121932490,121652369,-159.121,0.000,0.000,1.000,3.000,0.000,0.000,31.000,0,0,0
B3_zmq_pushpull,zmq_tcp,none,none,,1,32657,512,584,1785153469117644000,1785153469117644000,1785153469117644000,1785153469117645000,1785153469117783000,1785153469117787000,1785153469117787000,1785153469117787000,121932490,121652369,-142.121,0.000,0.000,1.000,4.000,0.000,0.000,17.000,0,0,0
B3_zmq_pushpull,zmq_tcp,none,none,,1,32658,512,584,1785153469118645000,1785153469118645000,1785153469118645000,1785153469118646000,1785153469118776000,1785153469118779000,1785153469118779000,1785153469118779000,121932490,121652369,-150.121,0.000,0.000,1.000,3.000,0.000,0.000,8.000,0,0,0
B3_zmq_pushpull,zmq_tcp,none,none,,1,32659,512,584,1785153469119642000,1785153469119642000,1785153469119642000,1785153469119643000,1785153469119782000,1785153469119785000,1785153469119785000,1785153469119785000,121932490,121652369,-141.121,0.000,0.000,1.000,3.000,0.000,0.000,9.000,0,0,0
B3_zmq_pushpull,zmq_tcp,none,none,,1,32660,512,584,1785153469120646000,1785153469120647000,1785153469120647000,1785153469120648000,1785153469120799000,1785153469120803000,1785153469120803000,1785153469120803000,121932490,121652369,-129.121,1.000,0.000,1.000,4.000,0.000,0.000,12.000,0,0,0
B3_zmq_pushpull,zmq_tcp,none,none,,1,32661,512,584,1785153469121516000,1785153469121516000,1785153469121516000,1785153469121517000,1785153469121656000,1785153469121661000,1785153469121661000,1785153469121661000,121932490,121652369,-141.121,0.000,0.000,1.000,5.000,0.000,0.000,12.000,0,0,0
B3_zmq_pushpull,zmq_tcp,none,none,,1,32662,512,584,1785153469122501000,1785153469122501000,1785153469122501000,1785153469122502000,1785153469122656000,1785153469122659000,1785153469122659000,1785153469122659000,121932490,121652369,-126.121,0.000,0.000,1.000,3.000,0.000,0.000,15.000,0,0,0
B3_zmq_pushpull,zmq_tcp,none,none,,1,32663,512,584,1785153469123680000,1785153469123680000,1785153469123680000,1785153469123681000,1785153469123780000,1785153469123784000,1785153469123784000,1785153469123784000,121932490,121652369,-181.121,0.000,0.000,1.000,4.000,0.000,0.000,55.000,0,0,0
B3_zmq_pushpull,zmq_tcp,none,none,,1,32664,512,584,1785153469124637000,1785153469124637000,1785153469124637000,1785153469124638000,1785153469124776000,1785153469124779000,1785153469124779000,1785153469124779000,121932490,121652369,-142.121,0.000,0.000,1.000,3.000,0.000,0.000,39.000,0,0,0
B3_zmq_pushpull,zmq_tcp,none,none,,1,32665,512,584,1785153469125647000,1785153469125647000,1785153469125648000,1785153469125648000,1785153469125787000,1785153469125790000,1785153469125790000,1785153469125790000,121932490,121652369,-141.121,0.000,1.000,0.000,3.000,0.000,0.000,1.000,0,0,0
B3_zmq_pushpull,zmq_tcp,none,none,,1,32666,512,584,1785153469126495000,1785153469126495000,1785153469126495000,1785153469126496000,1785153469126649000,1785153469126652000,1785153469126652000,1785153469126652000,121932490,121652369,-127.121,0.000,0.000,1.000,3.000,0.000,0.000,14.000,0,0,0
B3_zmq_pushpull,zmq_tcp,none,none,,1,32667,512,584,1785153469127682000,1785153469127682000,1785153469127682000,1785153469127683000,1785153469127777000,1785153469127780000,1785153469127780000,1785153469127780000,121932490,121652369,-186.121,0.000,0.000,1.000,3.000,0.000,0.000,59.000,0,0,0
B3_zmq_pushpull,zmq_tcp,none,none,,1,32668,512,584,1785153469128636000,1785153469128637000,1785153469128637000,1785153469128638000,1785153469128798000,1785153469128801000,1785153469128801000,1785153469128801000,121932490,121652369,-120.121,1.000,0.000,1.000,3.000,0.000,0.000,66.000,0,0,0
B3_zmq_pushpull,zmq_tcp,none,none,,1,32669,512,584,1785153469129648000,1785153469129648000,1785153469129648000,1785153469129649000,1785153469129793000,1785153469129801000,1785153469129801000,1785153469129801000,121932490,121652369,-136.121,0.000,0.000,1.000,8.000,0.000,0.000,16.000,0,0,0
B3_zmq_pushpull,zmq_tcp,none,none,,1,32670,512,584,1785153469130648000,1785153469130648000,1785153469130648000,1785153469130649000,1785153469130770000,1785153469130772000,1785153469130773000,1785153469130773000,121932490,121652369,-159.121,0.000,0.000,1.000,2.000,1.000,0.000,23.000,0,0,0
B3_zmq_pushpull,zmq_tcp,none,none,,1,32671,512,584,1785153469131645000,1785153469131645000,1785153469131645000,1785153469131646000,1785153469131775000,1785153469131777000,1785153469131777000,1785153469131777000,121932490,121652369,-151.121,0.000,0.000,1.000,2.000,0.000,0.000,8.000,0,0,0
B3_zmq_pushpull,zmq_tcp,none,none,,1,32672,512,584,1785153469132645000,1785153469132645000,1785153469132645000,1785153469132646000,1785153469132775000,1785153469132778000,1785153469132778000,1785153469132778000,121932490,121652369,-151.121,0.000,0.000,1.000,3.000,0.000,0.000,0.000,0,0,0
B3_zmq_pushpull,zmq_tcp,none,none,,1,32673,512,584,1785153469133645000,1785153469133645000,1785153469133645000,1785153469133646000,1785153469133764000,1785153469133766000,1785153469133766000,1785153469133766000,121932490,121652369,-162.121,0.000,0.000,1.000,2.000,0.000,0.000,11.000,0,0,0
B3_zmq_pushpull,zmq_tcp,none,none,,1,32674,512,584,1785153469134642000,1785153469134642000,1785153469134642000,1785153469134643000,1785153469134757000,1785153469134759000,1785153469134759000,1785153469134759000,121932490,121652369,-166.121,0.000,0.000,1.000,2.000,0.000,0.000,4.000,0,0,0
B3_zmq_pushpull,zmq_tcp,none,none,,1,32675,512,584,1785153469135648000,1785153469135648000,1785153469135648000,1785153469135649000,1785153469135754000,1785153469135757000,1785153469135757000,1785153469135757000,121932490,121652369,-175.121,0.000,0.000,1.000,3.000,0.000,0.000,9.000,0,0,0
B3_zmq_pushpull,zmq_tcp,none,none,,1,32676,512,584,1785153469136645000,1785153469136645000,1785153469136645000,1785153469136646000,1785153469136756000,1785153469136759000,1785153469136759000,1785153469136759000,121932490,121652369,-170.121,0.000,0.000,1.000,3.000,0.000,0.000,5.000,0,0,0
B3_zmq_pushpull,zmq_tcp,none,none,,1,32677,512,584,1785153469137646000,1785153469137646000,1785153469137646000,1785153469137647000,1785153469137743000,1785153469137746000,1785153469137746000,1785153469137746000,121932490,121652369,-184.121,0.000,0.000,1.000,3.000,0.000,0.000,14.000,0,0,0
B3_zmq_pushpull,zmq_tcp,none,none,,1,32678,512,584,1785153469138602000,1785153469138603000,1785153469138603000,1785153469138604000,1785153469138745000,1785153469138748000,1785153469138748000,1785153469138748000,121932490,121652369,-139.121,1.000,0.000,1.000,3.000,0.000,0.000,45.000,0,0,0
B3_zmq_pushpull,zmq_tcp,none,none,,1,32679,512,584,1785153469139460000,1785153469139461000,1785153469139461000,1785153469139462000,1785153469139605000,1785153469139607000,1785153469139607000,1785153469139607000,121932490,121652369,-137.121,1.000,0.000,1.000,2.000,0.000,0.000,2.000,0,0,0
B3_zmq_pushpull,zmq_tcp,none,none,,1,32680,512,584,1785153469140449000,1785153469140449000,1785153469140449000,1785153469140450000,1785153469140598000,1785153469140601000,1785153469140601000,1785153469140601000,121932490,121652369,-132.121,0.000,0.000,1.000,3.000,0.000,0.000,5.000,0,0,0
B3_zmq_pushpull,zmq_tcp,none,none,,1,32681,512,584,1785153469141697000,1785153469141697000,1785153469141697000,1785153469141698000,1785153469141763000,1785153469141766000,1785153469141766000,1785153469141766000,121932490,121652369,-215.121,0.000,0.000,1.000,3.000,0.000,0.000,83.000,0,0,0
B3_zmq_pushpull,zmq_tcp,none,none,,1,32682,512,584,1785153469142474000,1785153469142474000,1785153469142474000,1785153469142475000,1785153469142633000,1785153469142635000,1785153469142635000,1785153469142635000,121932490,121652369,-122.121,0.000,0.000,1.000,2.000,0.000,0.000,93.000,0,0,0
B3_zmq_pushpull,zmq_tcp,none,none,,1,32683,512,584,1785153469143459000,1785153469143459000,1785153469143459000,1785153469143460000,1785153469143610000,1785153469143614000,1785153469143614000,1785153469143614000,121932490,121652369,-130.121,0.000,0.000,1.000,4.000,0.000,0.000,8.000,0,0,0
B3_zmq_pushpull,zmq_tcp,none,none,,1,32684,512,584,1785153469144692000,1785153469144692000,1785153469144693000,1785153469144693000,1785153469144736000,1785153469144740000,1785153469144740000,1785153469144740000,121932490,121652369,-237.121,0.000,1.000,0.000,4.000,0.000,0.000,107.000,0,0,0
B3_zmq_pushpull,zmq_tcp,none,none,,1,32685,512,584,1785153469145571000,1785153469145572000,1785153469145572000,1785153469145573000,1785153469145726000,1785153469145729000,1785153469145729000,1785153469145729000,121932490,121652369,-127.121,1.000,0.000,1.000,3.000,0.000,0.000,110.000,0,0,0
B3_zmq_pushpull,zmq_tcp,none,none,,1,32686,512,584,1785153469146565000,1785153469146565000,1785153469146565000,1785153469146566000,1785153469146717000,1785153469146719000,1785153469146719000,1785153469146719000,121932490,121652369,-129.121,0.000,0.000,1.000,2.000,0.000,0.000,2.000,0,0,0
B3_zmq_pushpull,zmq_tcp,none,none,,1,32687,512,584,1785153469147667000,1785153469147667000,1785153469147667000,1785153469147668000,1785153469147857000,1785153469147860000,1785153469147860000,1785153469147860000,121932490,121652369,-91.121,0.000,0.000,1.000,3.000,0.000,0.000,38.000,0,0,0
B3_zmq_pushpull,zmq_tcp,none,none,,1,32688,512,584,1785153469148547000,1785153469148547000,1785153469148547000,1785153469148548000,1785153469148709000,1785153469148712000,1785153469148712000,1785153469148712000,121932490,121652369,-119.121,0.000,0.000,1.000,3.000,0.000,0.000,28.000,0,0,0
B3_zmq_pushpull,zmq_tcp,none,none,,1,32689,512,584,1785153469149671000,1785153469149672000,1785153469149672000,1785153469149673000,1785153469149832000,1785153469149834000,1785153469149834000,1785153469149834000,121932490,121652369,-121.121,1.000,0.000,1.000,2.000,0.000,0.000,2.000,0,0,0
B3_zmq_pushpull,zmq_tcp,none,none,,1,32690,512,584,1785153469150638000,1785153469150638000,1785153469150638000,1785153469150639000,1785153469150683000,1785153469150687000,1785153469150687000,1785153469150687000,121932490,121652369,-236.121,0.000,0.000,1.000,4.000,0.000,0.000,115.000,0,0,0
B3_zmq_pushpull,zmq_tcp,none,none,,1,32691,512,584,1785153469151648000,1785153469151648000,1785153469151648000,1785153469151649000,1785153469151691000,1785153469151695000,1785153469151695000,1785153469151695000,121932490,121652369,-238.121,0.000,0.000,1.000,4.000,0.000,0.000,2.000,0,0,0
B3_zmq_pushpull,zmq_tcp,none,none,,1,32692,512,584,1785153469152537000,1785153469152537000,1785153469152537000,1785153469152538000,1785153469152681000,1785153469152683000,1785153469152683000,1785153469152683000,121932490,121652369,-137.121,0.000,0.000,1.000,2.000,0.000,0.000,101.000,0,0,0
B3_zmq_pushpull,zmq_tcp,none,none,,1,32693,512,584,1785153469153671000,1785153469153671000,1785153469153671000,1785153469153672000,1785153469153830000,1785153469153833000,1785153469153833000,1785153469153833000,121932490,121652369,-122.121,0.000,0.000,1.000,3.000,0.000,0.000,15.000,0,0,0
B3_zmq_pushpull,zmq_tcp,none,none,,1,32694,512,584,1785153469154636000,1785153469154636000,1785153469154636000,1785153469154637000,1785153469154693000,1785153469154696000,1785153469154696000,1785153469154696000,121932490,121652369,-224.121,0.000,0.000,1.000,3.000,0.000,0.000,102.000,0,0,0
B3_zmq_pushpull,zmq_tcp,none,none,,1,32695,512,584,1785153469155522000,1785153469155523000,1785153469155523000,1785153469155524000,1785153469155682000,1785153469155685000,1785153469155685000,1785153469155685000,121932490,121652369,-122.121,1.000,0.000,1.000,3.000,0.000,0.000,102.000,0,0,0
B3_zmq_pushpull,zmq_tcp,none,none,,1,32696,512,584,1785153469156676000,1785153469156676000,1785153469156676000,1785153469156677000,1785153469156825000,1785153469156827000,1785153469156827000,1785153469156827000,121932490,121652369,-132.121,0.000,0.000,1.000,2.000,0.000,0.000,10.000,0,0,0
B3_zmq_pushpull,zmq_tcp,none,none,,1,32697,512,584,1785153469157526000,1785153469157526000,1785153469157526000,1785153469157527000,1785153469157672000,1785153469157675000,1785153469157675000,1785153469157675000,121932490,121652369,-135.121,0.000,0.000,1.000,3.000,0.000,0.000,3.000,0,0,0
B3_zmq_pushpull,zmq_tcp,none,none,,1,32698,512,584,1785153469158675000,1785153469158675000,1785153469158675000,1785153469158676000,1785153469158818000,1785153469158821000,1785153469158821000,1785153469158821000,121932490,121652369,-138.121,0.000,0.000,1.000,3.000,0.000,0.000,3.000,0,0,0
B3_zmq_pushpull,zmq_tcp,none,none,,1,32699,512,584,1785153469159522000,1785153469159522000,1785153469159523000,1785153469159524000,1785153469159680000,1785153469159684000,1785153469159684000,1785153469159684000,121932490,121652369,-124.121,0.000,1.000,1.000,4.000,0.000,0.000,14.000,0,0,0
B3_zmq_pushpull,zmq_tcp,none,none,,1,32700,512,584,1785153469160678000,1785153469160678000,1785153469160678000,1785153469160679000,1785153469160843000,1785153469160846000,1785153469160846000,1785153469160846000,121932490,121652369,-116.121,0.000,0.000,1.000,3.000,0.000,0.000,8.000,0,0,0
B3_zmq_pushpull,zmq_tcp,none,none,,1,32701,512,584,1785153469161637000,1785153469161637000,1785153469161637000,1785153469161638000,1785153469161707000,1785153469161711000,1785153469161711000,1785153469161711000,121932490,121652369,-211.121,0.000,0.000,1.000,4.000,0.000,0.000,95.000,0,0,0
B3_zmq_pushpull,zmq_tcp,none,none,,1,32702,512,584,1785153469162648000,1785153469162648000,1785153469162648000,1785153469162649000,1785153469162841000,1785153469162844000,1785153469162844000,1785153469162845000,121932490,121652369,-88.121,0.000,0.000,1.000,3.000,0.000,1.000,123.000,0,0,0
B3_zmq_pushpull,zmq_tcp,none,none,,1,32703,512,584,1785153469163563000,1785153469163564000,1785153469163564000,1785153469163564000,1785153469163724000,1785153469163726000,1785153469163726000,1785153469163726000,121932490,121652369,-120.121,1.000,0.000,0.000,2.000,0.000,0.000,32.000,0,0,0
B3_zmq_pushpull,zmq_tcp,none,none,,1,32704,512,584,1785153469164666000,1785153469164666000,1785153469164666000,1785153469164667000,1785153469164738000,1785153469164742000,1785153469164742000,1785153469164742000,121932490,121652369,-209.121,0.000,0.000,1.000,4.000,0.000,0.000,89.000,0,0,0
B3_zmq_pushpull,zmq_tcp,none,none,,1,32705,512,584,1785153469165575000,1785153469165575000,1785153469165576000,1785153469165576000,1785153469165730000,1785153469165733000,1785153469165733000,1785153469165733000,121932490,121652369,-126.121,0.000,1.000,0.000,3.000,0.000,0.000,83.000,0,0,0
B3_zmq_pushpull,zmq_tcp,none,none,,1,32706,512,584,1785153469166663000,1785153469166663000,1785153469166663000,1785153469166664000,1785153469166710000,1785153469166714000,1785153469166714000,1785153469166714000,121932490,121652369,-234.121,0.000,0.000,1.000,4.000,0.000,0.000,108.000,0,0,0
B3_zmq_pushpull,zmq_tcp,none,none,,1,32707,512,584,1785153469167642000,1785153469167642000,1785153469167643000,1785153469167644000,1785153469167710000,1785153469167713000,1785153469167713000,1785153469167713000,121932490,121652369,-214.121,0.000,1.000,1.000,3.000,0.000,0.000,20.000,0,0,0
B3_zmq_pushpull,zmq_tcp,none,none,,1,32708,512,584,1785153469168648000,1785153469168648000,1785153469168648000,1785153469168649000,1785153469168714000,1785153469168718000,1785153469168718000,1785153469168718000,121932490,121652369,-215.121,0.000,0.000,1.000,4.000,0.000,0.000,1.000,0,0,0
B3_zmq_pushpull,zmq_tcp,none,none,,1,32709,512,584,1785153469169574000,1785153469169574000,1785153469169574000,1785153469169575000,1785153469169725000,1785153469169728000,1785153469169728000,1785153469169728000,121932490,121652369,-130.121,0.000,0.000,1.000,3.000,0.000,0.000,85.000,0,0,0
B3_zmq_pushpull,zmq_tcp,none,none,,1,32710,512,584,1785153469170562000,1785153469170562000,1785153469170562000,1785153469170563000,1785153469170721000,1785153469170724000,1785153469170724000,1785153469170724000,121932490,121652369,-122.121,0.000,0.000,1.000,3.000,0.000,0.000,8.000,0,0,0
B3_zmq_pushpull,zmq_tcp,none,none,,1,32711,512,584,1785153469171666000,1785153469171666000,1785153469171666000,1785153469171668000,1785153469171860000,1785153469171863000,1785153469171863000,1785153469171863000,121932490,121652369,-88.121,0.000,0.000,2.000,3.000,0.000,0.000,34.000,0,0,0
B3_zmq_pushpull,zmq_tcp,none,none,,1,32712,512,584,1785153469172640000,1785153469172640000,1785153469172640000,1785153469172641000,1785153469172730000,1785153469172733000,1785153469172733000,1785153469172733000,121932490,121652369,-191.121,0.000,0.000,1.000,3.000,0.000,0.000,103.000,0,0,0
B3_zmq_pushpull,zmq_tcp,none,none,,1,32713,512,584,1785153469173647000,1785153469173647000,1785153469173647000,1785153469173648000,1785153469173734000,1785153469173737000,1785153469173737000,1785153469173737000,121932490,121652369,-194.121,0.000,0.000,1.000,3.000,0.000,0.000,3.000,0,0,0
B3_zmq_pushpull,zmq_tcp,none,none,,1,32714,512,584,1785153469174646000,1785153469174646000,1785153469174646000,1785153469174647000,1785153469174727000,1785153469174730000,1785153469174730000,1785153469174730000,121932490,121652369,-200.121,0.000,0.000,1.000,3.000,0.000,0.000,6.000,0,0,0
B3_zmq_pushpull,zmq_tcp,none,none,,1,32715,512,584,1785153469175646000,1785153469175646000,1785153469175646000,1785153469175647000,1785153469175741000,1785153469175743000,1785153469175744000,1785153469175744000,121932490,121652369,-186.121,0.000,0.000,1.000,2.000,1.000,0.000,14.000,0,0,0
B3_zmq_pushpull,zmq_tcp,none,none,,1,32716,512,584,1785153469176644000,1785153469176644000,1785153469176644000,1785153469176645000,1785153469176749000,1785153469176752000,1785153469176752000,1785153469176752000,121932490,121652369,-176.121,0.000,0.000,1.000,3.000,0.000,0.000,10.000,0,0,0
B3_zmq_pushpull,zmq_tcp,none,none,,1,32717,512,584,1785153469177646000,1785153469177646000,1785153469177646000,1785153469177647000,1785153469177758000,1785153469177761000,1785153469177761000,1785153469177761000,121932490,121652369,-169.121,0.000,0.000,1.000,3.000,0.000,0.000,7.000,0,0,0
B3_zmq_pushpull,zmq_tcp,none,none,,1,32718,512,584,1785153469178645000,1785153469178646000,1785153469178646000,1785153469178647000,1785153469178748000,1785153469178751000,1785153469178751000,1785153469178751000,121932490,121652369,-179.121,1.000,0.000,1.000,3.000,0.000,0.000,10.000,0,0,0
B3_zmq_pushpull,zmq_tcp,none,none,,1,32719,512,584,1785153469179451000,1785153469179451000,1785153469179451000,1785153469179452000,1785153469179608000,1785153469179610000,1785153469179610000,1785153469179610000,121932490,121652369,-124.121,0.000,0.000,1.000,2.000,0.000,0.000,55.000,0,0,0
B3_zmq_pushpull,zmq_tcp,none,none,,1,32720,512,584,1785153469180452000,1785153469180452000,1785153469180452000,1785153469180453000,1785153469180589000,1785153469180592000,1785153469180592000,1785153469180592000,121932490,121652369,-144.121,0.000,0.000,1.000,3.000,0.000,0.000,20.000,0,0,0
B3_zmq_pushpull,zmq_tcp,none,none,,1,32721,512,584,1785153469181566000,1785153469181566000,1785153469181566000,1785153469181567000,1785153469181718000,1785153469181721000,1785153469181721000,1785153469181721000,121932490,121652369,-129.121,0.000,0.000,1.000,3.000,0.000,0.000,15.000,0,0,0
B3_zmq_pushpull,zmq_tcp,none,none,,1,32722,512,584,1785153469182665000,1785153469182666000,1785153469182666000,1785153469182667000,1785153469182846000,1785153469182849000,1785153469182849000,1785153469182849000,121932490,121652369,-101.121,1.000,0.000,1.000,3.000,0.000,0.000,28.000,0,0,0
B3_zmq_pushpull,zmq_tcp,none,none,,1,32723,512,584,1785153469183639000,1785153469183639000,1785153469183639000,1785153469183640000,1785153469183832000,1785153469183834000,1785153469183834000,1785153469183834000,121932490,121652369,-88.121,0.000,0.000,1.000,2.000,0.000,0.000,13.000,0,0,0
B3_zmq_pushpull,zmq_tcp,none,none,,1,32724,512,584,1785153469184647000,1785153469184647000,1785153469184647000,1785153469184648000,1785153469184840000,1785153469184843000,1785153469184843000,1785153469184843000,121932490,121652369,-88.121,0.000,0.000,1.000,3.000,0.000,0.000,0.000,0,0,0
B3_zmq_pushpull,zmq_tcp,none,none,,1,32725,512,584,1785153469185646000,1785153469185646000,1785153469185646000,1785153469185647000,1785153469185697000,1785153469185701000,1785153469185701000,1785153469185701000,121932490,121652369,-230.121,0.000,0.000,1.000,4.000,0.000,0.000,142.000,0,0,0
B3_zmq_pushpull,zmq_tcp,none,none,,1,32726,512,584,1785153469186646000,1785153469186646000,1785153469186646000,1785153469186647000,1785153469186704000,1785153469186707000,1785153469186707000,1785153469186707000,121932490,121652369,-223.121,0.000,0.000,1.000,3.000,0.000,0.000,7.000,0,0,0
B3_zmq_pushpull,zmq_tcp,none,none,,1,32727,512,584,1785153469187549000,1785153469187549000,1785153469187549000,1785153469187550000,1785153469187697000,1785153469187699000,1785153469187699000,1785153469187700000,121932490,121652369,-133.121,0.000,0.000,1.000,2.000,0.000,1.000,90.000,0,0,0
B3_zmq_pushpull,zmq_tcp,none,none,,1,32728,512,584,1785153469188670000,1785153469188670000,1785153469188670000,1785153469188671000,1785153469188852000,1785153469188854000,1785153469188854000,1785153469188854000,121932490,121652369,-99.121,0.000,0.000,1.000,2.000,0.000,0.000,34.000,0,0,0
B3_zmq_pushpull,zmq_tcp,none,none,,1,32729,512,584,1785153469189642000,1785153469189642000,1785153469189642000,1785153469189643000,1785153469189832000,1785153469189834000,1785153469189834000,1785153469189834000,121932490,121652369,-91.121,0.000,0.000,1.000,2.000,0.000,0.000,8.000,0,0,0
B3_zmq_pushpull,zmq_tcp,none,none,,1,32730,512,584,1785153469190647000,1785153469190647000,1785153469190647000,1785153469190648000,1785153469190832000,1785153469190834000,1785153469190834000,1785153469190834000,121932490,121652369,-96.121,0.000,0.000,1.000,2.000,0.000,0.000,5.000,0,0,0
B3_zmq_pushpull,zmq_tcp,none,none,,1,32731,512,584,1785153469191645000,1785153469191645000,1785153469191645000,1785153469191646000,1785153469191697000,1785153469191700000,1785153469191700000,1785153469191700000,121932490,121652369,-229.121,0.000,0.000,1.000,3.000,0.000,0.000,133.000,0,0,0
B3_zmq_pushpull,zmq_tcp,none,none,,1,32732,512,584,1785153469192646000,1785153469192647000,1785153469192647000,1785153469192648000,1785153469192696000,1785153469192699000,1785153469192699000,1785153469192699000,121932490,121652369,-232.121,1.000,0.000,1.000,3.000,0.000,0.000,3.000,0,0,0
B3_zmq_pushpull,zmq_tcp,none,none,,1,32733,512,584,1785153469193646000,1785153469193646000,1785153469193646000,1785153469193647000,1785153469193692000,1785153469193695000,1785153469193695000,1785153469193695000,121932490,121652369,-235.121,0.000,0.000,1.000,3.000,0.000,0.000,3.000,0,0,0
B3_zmq_pushpull,zmq_tcp,none,none,,1,32734,512,584,1785153469194646000,1785153469194646000,1785153469194646000,1785153469194647000,1785153469194693000,1785153469194696000,1785153469194696000,1785153469194696000,121932490,121652369,-234.121,0.000,0.000,1.000,3.000,0.000,0.000,1.000,0,0,0
B3_zmq_pushpull,zmq_tcp,none,none,,1,32735,512,584,1785153469195644000,1785153469195644000,1785153469195644000,1785153469195645000,1785153469195829000,1785153469195837000,1785153469195837000,1785153469195837000,121932490,121652369,-96.121,0.000,0.000,1.000,8.000,0.000,0.000,138.000,0,0,0
B3_zmq_pushpull,zmq_tcp,none,none,,1,32736,512,584,1785153469196648000,1785153469196648000,1785153469196649000,1785153469196649000,1785153469196821000,1785153469196824000,1785153469196824000,1785153469196824000,121932490,121652369,-108.121,0.000,1.000,0.000,3.000,0.000,0.000,12.000,0,0,0
B3_zmq_pushpull,zmq_tcp,none,none,,1,32737,512,584,1785153469197645000,1785153469197645000,1785153469197645000,1785153469197646000,1785153469197807000,1785153469197809000,1785153469197809000,1785153469197809000,121932490,121652369,-119.121,0.000,0.000,1.000,2.000,0.000,0.000,11.000,0,0,0
B3_zmq_pushpull,zmq_tcp,none,none,,1,32738,512,584,1785153469198645000,1785153469198645000,1785153469198645000,1785153469198646000,1785153469198777000,1785153469198780000,1785153469198780000,1785153469198780000,121932490,121652369,-149.121,0.000,0.000,1.000,3.000,0.000,0.000,30.000,0,0,0
B3_zmq_pushpull,zmq_tcp,none,none,,1,32739,512,584,1785153469199644000,1785153469199644000,1785153469199644000,1785153469199645000,1785153469199761000,1785153469199764000,1785153469199764000,1785153469199764000,121932490,121652369,-164.121,0.000,0.000,1.000,3.000,0.000,0.000,15.000,0,0,0
B3_zmq_pushpull,zmq_tcp,none,none,,1,32740,512,584,1785153469200644000,1785153469200645000,1785153469200645000,1785153469200646000,1785153469200708000,1785153469200710000,1785153469200710000,1785153469200711000,121932490,121652369,-218.121,1.000,0.000,1.000,2.000,0.000,1.000,54.000,0,0,0
B3_zmq_pushpull,zmq_tcp,none,none,,1,32741,512,584,1785153469201537000,1785153469201537000,1785153469201537000,1785153469201538000,1785153469201689000,1785153469201692000,1785153469201692000,1785153469201692000,121932490,121652369,-129.121,0.000,0.000,1.000,3.000,0.000,0.000,89.000,0,0,0
B3_zmq_pushpull,zmq_tcp,none,none,,1,32742,512,584,1785153469202526000,1785153469202526000,1785153469202526000,1785153469202527000,1785153469202688000,1785153469202691000,1785153469202691000,1785153469202691000,121932490,121652369,-119.121,0.000,0.000,1.000,3.000,0.000,0.000,10.000,0,0,0
B3_zmq_pushpull,zmq_tcp,none,none,,1,32743,512,584,1785153469203676000,1785153469203676000,1785153469203676000,1785153469203677000,1785153469203809000,1785153469203812000,1785153469203812000,1785153469203812000,121932490,121652369,-148.121,0.000,0.000,1.000,3.000,0.000,0.000,29.000,0,0,0
B3_zmq_pushpull,zmq_tcp,none,none,,1,32744,512,584,1785153469204636000,1785153469204636000,1785153469204636000,1785153469204637000,1785153469204761000,1785153469204764000,1785153469204764000,1785153469204764000,121932490,121652369,-156.121,0.000,0.000,1.000,3.000,0.000,0.000,8.000,0,0,0
B3_zmq_pushpull,zmq_tcp,none,none,,1,32745,512,584,1785153469205649000,1785153469205649000,1785153469205649000,1785153469205650000,1785153469205744000,1785153469205747000,1785153469205747000,1785153469205747000,121932490,121652369,-186.121,0.000,0.000,1.000,3.000,0.000,0.000,30.000,0,0,0
B3_zmq_pushpull,zmq_tcp,none,none,,1,32746,512,584,1785153469206640000,1785153469206640000,1785153469206640000,1785153469206641000,1785153469206716000,1785153469206719000,1785153469206719000,1785153469206719000,121932490,121652369,-205.121,0.000,0.000,1.000,3.000,0.000,0.000,19.000,0,0,0
B3_zmq_pushpull,zmq_tcp,none,none,,1,32747,512,584,1785153469207646000,1785153469207646000,1785153469207646000,1785153469207647000,1785153469207692000,1785153469207696000,1785153469207696000,1785153469207696000,121932490,121652369,-235.121,0.000,0.000,1.000,4.000,0.000,0.000,30.000,0,0,0
B3_zmq_pushpull,zmq_tcp,none,none,,1,32748,512,584,1785153469208645000,1785153469208645000,1785153469208645000,1785153469208646000,1785153469208804000,1785153469208807000,1785153469208807000,1785153469208807000,121932490,121652369,-122.121,0.000,0.000,1.000,3.000,0.000,0.000,113.000,0,0,0
B3_zmq_pushpull,zmq_tcp,none,none,,1,32749,512,584,1785153469209644000,1785153469209644000,1785153469209644000,1785153469209645000,1785153469209785000,1785153469209788000,1785153469209788000,1785153469209788000,121932490,121652369,-140.121,0.000,0.000,1.000,3.000,0.000,0.000,18.000,0,0,0
B3_zmq_pushpull,zmq_tcp,none,none,,1,32750,512,584,1785153469210643000,1785153469210643000,1785153469210643000,1785153469210644000,1785153469210757000,1785153469210760000,1785153469210760000,1785153469210760000,121932490,121652369,-167.121,0.000,0.000,1.000,3.000,0.000,0.000,27.000,0,0,0
B3_zmq_pushpull,zmq_tcp,none,none,,1,32751,512,584,1785153469211644000,1785153469211644000,1785153469211644000,1785153469211645000,1785153469211745000,1785153469211748000,1785153469211748000,1785153469211748000,121932490,121652369,-180.121,0.000,0.000,1.000,3.000,0.000,0.000,13.000,0,0,0
B3_zmq_pushpull,zmq_tcp,none,none,,1,32752,512,584,1785153469212644000,1785153469212645000,1785153469212645000,1785153469212646000,1785153469212733000,1785153469212736000,1785153469212736000,1785153469212736000,121932490,121652369,-193.121,1.000,0.000,1.000,3.000,0.000,0.000,13.000,0,0,0
B3_zmq_pushpull,zmq_tcp,none,none,,1,32753,512,584,1785153469213644000,1785153469213644000,1785153469213644000,1785153469213645000,1785153469213691000,1785153469213695000,1785153469213695000,1785153469213695000,121932490,121652369,-234.121,0.000,0.000,1.000,4.000,0.000,0.000,41.000,0,0,0
B3_zmq_pushpull,zmq_tcp,none,none,,1,32754,512,584,1785153469214518000,1785153469214518000,1785153469214518000,1785153469214519000,1785153469214672000,1785153469214675000,1785153469214675000,1785153469214675000,121932490,121652369,-127.121,0.000,0.000,1.000,3.000,0.000,0.000,107.000,0,0,0
B3_zmq_pushpull,zmq_tcp,none,none,,1,32755,512,584,1785153469215497000,1785153469215498000,1785153469215498000,1785153469215499000,1785153469215651000,1785153469215653000,1785153469215653000,1785153469215653000,121932490,121652369,-128.121,1.000,0.000,1.000,2.000,0.000,0.000,1.000,0,0,0
B3_zmq_pushpull,zmq_tcp,none,none,,1,32756,512,584,1785153469216683000,1785153469216683000,1785153469216683000,1785153469216684000,1785153469216776000,1785153469216779000,1785153469216779000,1785153469216779000,121932490,121652369,-188.121,0.000,0.000,1.000,3.000,0.000,0.000,60.000,0,0,0
B3_zmq_pushpull,zmq_tcp,none,none,,1,32757,512,584,1785153469217632000,1785153469217632000,1785153469217633000,1785153469217633000,1785153469217752000,1785153469217755000,1785153469217755000,1785153469217755000,121932490,121652369,-161.121,0.000,1.000,0.000,3.000,0.000,0.000,27.000,0,0,0
B3_zmq_pushpull,zmq_tcp,none,none,,1,32758,512,584,1785153469218649000,1785153469218649000,1785153469218649000,1785153469218650000,1785153469218726000,1785153469218728000,1785153469218728000,1785153469218729000,121932490,121652369,-204.121,0.000,0.000,1.000,2.000,0.000,1.000,43.000,0,0,0
B3_zmq_pushpull,zmq_tcp,none,none,,1,32759,512,584,1785153469219644000,1785153469219644000,1785153469219644000,1785153469219645000,1785153469219708000,1785153469219711000,1785153469219711000,1785153469219711000,121932490,121652369,-217.121,0.000,0.000,1.000,3.000,0.000,0.000,13.000,0,0,0
B3_zmq_pushpull,zmq_tcp,none,none,,1,32760,512,584,1785153469220645000,1785153469220645000,1785153469220645000,1785153469220646000,1785153469220820000,1785153469220823000,1785153469220823000,1785153469220823000,121932490,121652369,-106.121,0.000,0.000,1.000,3.000,0.000,0.000,111.000,0,0,0
B3_zmq_pushpull,zmq_tcp,none,none,,1,32761,512,584,1785153469221642000,1785153469221642000,1785153469221642000,1785153469221643000,1785153469221784000,1785153469221787000,1785153469221787000,1785153469221787000,121932490,121652369,-139.121,0.000,0.000,1.000,3.000,0.000,0.000,33.000,0,0,0
B3_zmq_pushpull,zmq_tcp,none,none,,1,32762,512,584,1785153469222646000,1785153469222647000,1785153469222647000,1785153469222647000,1785153469222735000,1785153469222738000,1785153469222738000,1785153469222738000,121932490,121652369,-192.121,1.000,0.000,0.000,3.000,0.000,0.000,53.000,0,0,0
B3_zmq_pushpull,zmq_tcp,none,none,,1,32763,512,584,1785153469223646000,1785153469223646000,1785153469223646000,1785153469223647000,1785153469223731000,1785153469223735000,1785153469223735000,1785153469223735000,121932490,121652369,-196.121,0.000,0.000,1.000,4.000,0.000,0.000,4.000,0,0,0
B3_zmq_pushpull,zmq_tcp,none,none,,1,32764,512,584,1785153469224567000,1785153469224567000,1785153469224567000,1785153469224568000,1785153469224724000,1785153469224727000,1785153469224727000,1785153469224727000,121932490,121652369,-124.121,0.000,0.000,1.000,3.000,0.000,0.000,72.000,0,0,0
B3_zmq_pushpull,zmq_tcp,none,none,,1,32765,512,584,1785153469225664000,1785153469225664000,1785153469225665000,1785153469225665000,1785153469225853000,1785153469225856000,1785153469225856000,1785153469225856000,121932490,121652369,-92.121,0.000,1.000,0.000,3.000,0.000,0.000,32.000,0,0,0
B3_zmq_pushpull,zmq_tcp,none,none,,1,32766,512,584,1785153469226552000,1785153469226552000,1785153469226552000,1785153469226553000,1785153469226695000,1785153469226699000,1785153469226699000,1785153469226699000,121932490,121652369,-138.121,0.000,0.000,1.000,4.000,0.000,0.000,46.000,0,0,0
B3_zmq_pushpull,zmq_tcp,none,none,,1,32767,512,584,1785153469227668000,1785153469227668000,1785153469227668000,1785153469227669000,1785153469227764000,1785153469227767000,1785153469227767000,1785153469227767000,121932490,121652369,-185.121,0.000,0.000,1.000,3.000,0.000,0.000,47.000,0,0,0
B3_zmq_pushpull,zmq_tcp,none,none,,1,32768,512,584,1785153469228635000,1785153469228635000,1785153469228635000,1785153469228636000,1785153469228728000,1785153469228732000,1785153469228732000,1785153469228732000,121932490,121652369,-188.121,0.000,0.000,1.000,4.000,0.000,0.000,3.000,0,0,0
B3_zmq_pushpull,zmq_tcp,none,none,,1,32769,512,584,1785153469229553000,1785153469229553000,1785153469229553000,1785153469229554000,1785153469229707000,1785153469229710000,1785153469229710000,1785153469229710000,121932490,121652369,-127.121,0.000,0.000,1.000,3.000,0.000,0.000,61.000,0,0,0
B3_zmq_pushpull,zmq_tcp,none,none,,1,32770,512,584,1785153469230670000,1785153469230670000,1785153469230671000,1785153469230671000,1785153469230820000,1785153469230823000,1785153469230823000,1785153469230823000,121932490,121652369,-131.121,0.000,1.000,0.000,3.000,0.000,0.000,4.000,0,0,0
B3_zmq_pushpull,zmq_tcp,none,none,,1,32771,512,584,1785153469231513000,1785153469231513000,1785153469231513000,1785153469231514000,1785153469231664000,1785153469231667000,1785153469231667000,1785153469231667000,121932490,121652369,-130.121,0.000,0.000,1.000,3.000,0.000,0.000,1.000,0,0,0
B3_zmq_pushpull,zmq_tcp,none,none,,1,32772,512,584,1785153469232465000,1785153469232465000,1785153469232465000,1785153469232466000,1785153469232625000,1785153469232630000,1785153469232630000,1785153469232630000,121932490,121652369,-121.121,0.000,0.000,1.000,5.000,0.000,0.000,9.000,0,0,0
B3_zmq_pushpull,zmq_tcp,none,none,,1,32773,512,584,1785153469233461000,1785153469233461000,1785153469233462000,1785153469233463000,1785153469233603000,1785153469233606000,1785153469233606000,1785153469233606000,121932490,121652369,-140.121,0.000,1.000,1.000,3.000,0.000,0.000,19.000,0,0,0
B3_zmq_pushpull,zmq_tcp,none,none,,1,32774,512,584,1785153469234561000,1785153469234561000,1785153469234561000,1785153469234563000,1785153469234704000,1785153469234707000,1785153469234707000,1785153469234707000,121932490,121652369,-139.121,0.000,0.000,2.000,3.000,0.000,0.000,1.000,0,0,0
B3_zmq_pushpull,zmq_tcp,none,none,,1,32775,512,584,1785153469235663000,1785153469235663000,1785153469235663000,1785153469235664000,1785153469235812000,1785153469235815000,1785153469235815000,1785153469235815000,121932490,121652369,-132.121,0.000,0.000,1.000,3.000,0.000,0.000,7.000,0,0,0
B3_zmq_pushpull,zmq_tcp,none,none,,1,32776,512,584,1785153469236619000,1785153469236619000,1785153469236619000,1785153469236620000,1785153469236666000,1785153469236669000,1785153469236669000,1785153469236669000,121932490,121652369,-234.121,0.000,0.000,1.000,3.000,0.000,0.000,102.000,0,0,0
B3_zmq_pushpull,zmq_tcp,none,none,,1,32777,512,584,1785153469237511000,1785153469237512000,1785153469237512000,1785153469237513000,1785153469237669000,1785153469237672000,1785153469237672000,1785153469237672000,121932490,121652369,-124.121,1.000,0.000,1.000,3.000,0.000,0.000,110.000,0,0,0
B3_zmq_pushpull,zmq_tcp,none,none,,1,32778,512,584,1785153469238489000,1785153469238489000,1785153469238489000,1785153469238491000,1785153469238639000,1785153469238641000,1785153469238641000,1785153469238641000,121932490,121652369,-132.121,0.000,0.000,2.000,2.000,0.000,0.000,8.000,0,0,0
B3_zmq_pushpull,zmq_tcp,none,none,,1,32779,512,584,1785153469239680000,1785153469239680000,1785153469239681000,1785153469239681000,1785153469239742000,1785153469239744000,1785153469239744000,1785153469239744000,121932490,121652369,-219.121,0.000,1.000,0.000,2.000,0.000,0.000,87.000,0,0,0
B3_zmq_pushpull,zmq_tcp,none,none,,1,32780,512,584,1785153469240637000,1785153469240637000,1785153469240637000,1785153469240638000,1785153469240712000,1785153469240716000,1785153469240716000,1785153469240716000,121932490,121652369,-206.121,0.000,0.000,1.000,4.000,0.000,0.000,13.000,0,0,0
B3_zmq_pushpull,zmq_tcp,none,none,,1,32781,512,584,1785153469241647000,1785153469241647000,1785153469241647000,1785153469241648000,1785153469241699000,1785153469241703000,1785153469241703000,1785153469241703000,121932490,121652369,-229.121,0.000,0.000,1.000,4.000,0.000,0.000,23.000,0,0,0
B3_zmq_pushpull,zmq_tcp,none,none,,1,32782,512,584,1785153469242645000,1785153469242645000,1785153469242645000,1785153469242646000,1785153469242686000,1785153469242689000,1785153469242689000,1785153469242689000,121932490,121652369,-240.121,0.000,0.000,1.000,3.000,0.000,0.000,11.000,0,0,0
B3_zmq_pushpull,zmq_tcp,none,none,,1,32783,512,584,1785153469243523000,1785153469243523000,1785153469243523000,1785153469243524000,1785153469243668000,1785153469243671000,1785153469243671000,1785153469243671000,121932490,121652369,-136.121,0.000,0.000,1.000,3.000,0.000,0.000,104.000,0,0,0
B3_zmq_pushpull,zmq_tcp,none,none,,1,32784,512,584,1785153469244677000,1785153469244678000,1785153469244678000,1785153469244679000,1785153469244764000,1785153469244767000,1785153469244767000,1785153469244767000,121932490,121652369,-195.121,1.000,0.000,1.000,3.000,0.000,0.000,59.000,0,0,0
B3_zmq_pushpull,zmq_tcp,none,none,,1,32785,512,584,1785153469245634000,1785153469245634000,1785153469245634000,1785153469245635000,1785153469245756000,1785153469245759000,1785153469245759000,1785153469245759000,121932490,121652369,-159.121,0.000,0.000,1.000,3.000,0.000,0.000,36.000,0,0,0
B3_zmq_pushpull,zmq_tcp,none,none,,1,32786,512,584,1785153469246649000,1785153469246649000,1785153469246650000,1785153469246650000,1785153469246727000,1785153469246730000,1785153469246730000,1785153469246730000,121932490,121652369,-203.121,0.000,1.000,0.000,3.000,0.000,0.000,44.000,0,0,0
B3_zmq_pushpull,zmq_tcp,none,none,,1,32787,512,584,1785153469247563000,1785153469247563000,1785153469247563000,1785153469247564000,1785153469247722000,1785153469247724000,1785153469247724000,1785153469247724000,121932490,121652369,-122.121,0.000,0.000,1.000,2.000,0.000,0.000,81.000,0,0,0
B3_zmq_pushpull,zmq_tcp,none,none,,1,32788,512,584,1785153469248561000,1785153469248561000,1785153469248561000,1785153469248563000,1785153469248712000,1785153469248715000,1785153469248715000,1785153469248715000,121932490,121652369,-131.121,0.000,0.000,2.000,3.000,0.000,0.000,9.000,0,0,0
B3_zmq_pushpull,zmq_tcp,none,none,,1,32789,512,584,1785153469249518000,1785153469249518000,1785153469249518000,1785153469249519000,1785153469249671000,1785153469249673000,1785153469249673000,1785153469249673000,121932490,121652369,-128.121,0.000,0.000,1.000,2.000,0.000,0.000,3.000,0,0,0
B3_zmq_pushpull,zmq_tcp,none,none,,1,32790,512,584,1785153469250676000,1785153469250677000,1785153469250677000,1785153469250678000,1785153469250813000,1785153469250815000,1785153469250816000,1785153469250816000,121932490,121652369,-145.121,1.000,0.000,1.000,2.000,1.000,0.000,17.000,0,0,0
B3_zmq_pushpull,zmq_tcp,none,none,,1,32791,512,584,1785153469251637000,1785153469251637000,1785153469251637000,1785153469251638000,1785153469251792000,1785153469251795000,1785153469251795000,1785153469251795000,121932490,121652369,-126.121,0.000,0.000,1.000,3.000,0.000,0.000,19.000,0,0,0
B3_zmq_pushpull,zmq_tcp,none,none,,1,32792,512,584,1785153469252647000,1785153469252647000,1785153469252647000,1785153469252648000,1785153469252774000,1785153469252776000,1785153469252776000,1785153469252776000,121932490,121652369,-154.121,0.000,0.000,1.000,2.000,0.000,0.000,28.000,0,0,0
B3_zmq_pushpull,zmq_tcp,none,none,,1,32793,512,584,1785153469253644000,1785153469253645000,1785153469253645000,1785153469253646000,1785153469253754000,1785153469253756000,1785153469253756000,1785153469253756000,121932490,121652369,-172.121,1.000,0.000,1.000,2.000,0.000,0.000,18.000,0,0,0
B3_zmq_pushpull,zmq_tcp,none,none,,1,32794,512,584,1785153469254646000,1785153469254647000,1785153469254647000,1785153469254647000,1785153469254738000,1785153469254742000,1785153469254742000,1785153469254742000,121932490,121652369,-189.121,1.000,0.000,0.000,4.000,0.000,0.000,17.000,0,0,0
B3_zmq_pushpull,zmq_tcp,none,none,,1,32795,512,584,1785153469255642000,1785153469255642000,1785153469255642000,1785153469255643000,1785153469255832000,1785153469255835000,1785153469255835000,1785153469255835000,121932490,121652369,-91.121,0.000,0.000,1.000,3.000,0.000,0.000,98.000,0,0,0
B3_zmq_pushpull,zmq_tcp,none,none,,1,32796,512,584,1785153469256648000,1785153469256648000,1785153469256648000,1785153469256649000,1785153469256826000,1785153469256830000,1785153469256830000,1785153469256830000,121932490,121652369,-103.121,0.000,0.000,1.000,4.000,0.000,0.000,12.000,0,0,0
B3_zmq_pushpull,zmq_tcp,none,none,,1,32797,512,584,1785153469257649000,1785153469257649000,1785153469257649000,1785153469257650000,1785153469257826000,1785153469257828000,1785153469257828000,1785153469257828000,121932490,121652369,-104.121,0.000,0.000,1.000,2.000,0.000,0.000,1.000,0,0,0
B3_zmq_pushpull,zmq_tcp,none,none,,1,32798,512,584,1785153469258646000,1785153469258646000,1785153469258646000,1785153469258647000,1785153469258818000,1785153469258820000,1785153469258820000,1785153469258820000,121932490,121652369,-109.121,0.000,0.000,1.000,2.000,0.000,0.000,5.000,0,0,0
B3_zmq_pushpull,zmq_tcp,none,none,,1,32799,512,584,1785153469259644000,1785153469259645000,1785153469259645000,1785153469259646000,1785153469259808000,1785153469259811000,1785153469259811000,1785153469259811000,121932490,121652369,-118.121,1.000,0.000,1.000,3.000,0.000,0.000,9.000,0,0,0
B3_zmq_pushpull,zmq_tcp,none,none,,1,32800,512,584,1785153469260489000,1785153469260489000,1785153469260489000,1785153469260490000,1785153469260646000,1785153469260648000,1785153469260648000,1785153469260648000,121932490,121652369,-124.121,0.000,0.000,1.000,2.000,0.000,0.000,6.000,0,0,0
B3_zmq_pushpull,zmq_tcp,none,none,,1,32801,512,584,1785153469261471000,1785153469261471000,1785153469261471000,1785153469261472000,1785153469261604000,1785153469261608000,1785153469261608000,1785153469261608000,121932490,121652369,-148.121,0.000,0.000,1.000,4.000,0.000,0.000,24.000,0,0,0
B3_zmq_pushpull,zmq_tcp,none,none,,1,32802,512,584,1785153469262686000,1785153469262686000,1785153469262686000,1785153469262687000,1785153469262731000,1785153469262734000,1785153469262734000,1785153469262734000,121932490,121652369,-236.121,0.000,0.000,1.000,3.000,0.000,0.000,88.000,0,0,0
B3_zmq_pushpull,zmq_tcp,none,none,,1,32803,512,584,1785153469263634000,1785153469263634000,1785153469263634000,1785153469263635000,1785153469263680000,1785153469263684000,1785153469263684000,1785153469263684000,121932490,121652369,-235.121,0.000,0.000,1.000,4.000,0.000,0.000,1.000,0,0,0
B3_zmq_pushpull,zmq_tcp,none,none,,1,32804,512,584,1785153469264534000,1785153469264534000,1785153469264534000,1785153469264535000,1785153469264689000,1785153469264692000,1785153469264692000,1785153469264692000,121932490,121652369,-126.121,0.000,0.000,1.000,3.000,0.000,0.000,109.000,0,0,0
B3_zmq_pushpull,zmq_tcp,none,none,,1,32805,512,584,1785153469265673000,1785153469265673000,1785153469265673000,1785153469265674000,1785153469265795000,1785153469265798000,1785153469265798000,1785153469265798000,121932490,121652369,-159.121,0.000,0.000,1.000,3.000,0.000,0.000,33.000,0,0,0
B3_zmq_pushpull,zmq_tcp,none,none,,1,32806,512,584,1785153469266458000,1785153469266458000,1785153469266459000,1785153469266459000,1785153469266611000,1785153469266614000,1785153469266614000,1785153469266614000,121932490,121652369,-128.121,0.000,1.000,0.000,3.000,0.000,0.000,31.000,0,0,0
B3_zmq_pushpull,zmq_tcp,none,none,,1,32807,512,584,1785153469267458000,1785153469267458000,1785153469267458000,1785153469267459000,1785153469267603000,1785153469267606000,1785153469267606000,1785153469267606000,121932490,121652369,-136.121,0.000,0.000,1.000,3.000,0.000,0.000,8.000,0,0,0
B3_zmq_pushpull,zmq_tcp,none,none,,1,32808,512,584,1785153469268567000,1785153469268567000,1785153469268567000,1785153469268568000,1785153469268712000,1785153469268715000,1785153469268715000,1785153469268715000,121932490,121652369,-136.121,0.000,0.000,1.000,3.000,0.000,0.000,0.000,0,0,0
B3_zmq_pushpull,zmq_tcp,none,none,,1,32809,512,584,1785153469269660000,1785153469269661000,1785153469269661000,1785153469269662000,1785153469269822000,1785153469269825000,1785153469269825000,1785153469269825000,121932490,121652369,-120.121,1.000,0.000,1.000,3.000,0.000,0.000,16.000,0,0,0
B3_zmq_pushpull,zmq_tcp,none,none,,1,32810,512,584,1785153469270513000,1785153469270513000,1785153469270513000,1785153469270514000,1785153469270666000,1785153469270668000,1785153469270668000,1785153469270668000,121932490,121652369,-128.121,0.000,0.000,1.000,2.000,0.000,0.000,8.000,0,0,0
B3_zmq_pushpull,zmq_tcp,none,none,,1,32811,512,584,1785153469271478000,1785153469271478000,1785153469271478000,1785153469271479000,1785153469271635000,1785153469271638000,1785153469271638000,1785153469271638000,121932490,121652369,-124.121,0.000,0.000,1.000,3.000,0.000,0.000,4.000,0,0,0
B3_zmq_pushpull,zmq_tcp,none,none,,1,32812,512,584,1785153469272464000,1785153469272464000,1785153469272464000,1785153469272465000,1785153469272614000,1785153469272616000,1785153469272616000,1785153469272616000,121932490,121652369,-131.121,0.000,0.000,1.000,2.000,0.000,0.000,7.000,0,0,0
B3_zmq_pushpull,zmq_tcp,none,none,,1,32813,512,584,1785153469273686000,1785153469273686000,1785153469273686000,1785153469273687000,1785153469273859000,1785153469273862000,1785153469273862000,1785153469273862000,121932490,121652369,-108.121,0.000,0.000,1.000,3.000,0.000,0.000,23.000,0,0,0
B3_zmq_pushpull,zmq_tcp,none,none,,1,32814,512,584,1785153469274538000,1785153469274538000,1785153469274538000,1785153469274540000,1785153469274691000,1785153469274694000,1785153469274694000,1785153469274694000,121932490,121652369,-129.121,0.000,0.000,2.000,3.000,0.000,0.000,21.000,0,0,0
B3_zmq_pushpull,zmq_tcp,none,none,,1,32815,512,584,1785153469275671000,1785153469275671000,1785153469275671000,1785153469275672000,1785153469275806000,1785153469275809000,1785153469275809000,1785153469275809000,121932490,121652369,-146.121,0.000,0.000,1.000,3.000,0.000,0.000,17.000,0,0,0
B3_zmq_pushpull,zmq_tcp,none,none,,1,32816,512,584,1785153469276638000,1785153469276638000,1785153469276638000,1785153469276639000,1785153469276784000,1785153469276787000,1785153469276787000,1785153469276787000,121932490,121652369,-135.121,0.000,0.000,1.000,3.000,0.000,0.000,11.000,0,0,0
B3_zmq_pushpull,zmq_tcp,none,none,,1,32817,512,584,1785153469277464000,1785153469277464000,1785153469277464000,1785153469277465000,1785153469277616000,1785153469277619000,1785153469277619000,1785153469277619000,121932490,121652369,-129.121,0.000,0.000,1.000,3.000,0.000,0.000,6.000,0,0,0
B3_zmq_pushpull,zmq_tcp,none,none,,1,32818,512,584,1785153469278690000,1785153469278690000,1785153469278690000,1785153469278691000,1785153469278757000,1785153469278761000,1785153469278761000,1785153469278761000,121932490,121652369,-214.121,0.000,0.000,1.000,4.000,0.000,0.000,85.000,0,0,0
B3_zmq_pushpull,zmq_tcp,none,none,,1,32819,512,584,1785153469279630000,1785153469279630000,1785153469279630000,1785153469279631000,1785153469279750000,1785153469279752000,1785153469279753000,1785153469279753000,121932490,121652369,-161.121,0.000,0.000,1.000,2.000,1.000,0.000,53.000,0,0,0
B3_zmq_pushpull,zmq_tcp,none,none,,1,32820,512,584,1785153469280649000,1785153469280649000,1785153469280649000,1785153469280650000,1785153469280733000,1785153469280736000,1785153469280736000,1785153469280736000,121932490,121652369,-197.121,0.000,0.000,1.000,3.000,0.000,0.000,36.000,0,0,0
B3_zmq_pushpull,zmq_tcp,none,none,,1,32821,512,584,1785153469281646000,1785153469281646000,1785153469281646000,1785153469281647000,1785153469281728000,1785153469281732000,1785153469281732000,1785153469281732000,121932490,121652369,-199.121,0.000,0.000,1.000,4.000,0.000,0.000,2.000,0,0,0
B3_zmq_pushpull,zmq_tcp,none,none,,1,32822,512,584,1785153469282563000,1785153469282563000,1785153469282563000,1785153469282564000,1785153469282708000,1785153469282711000,1785153469282711000,1785153469282711000,121932490,121652369,-136.121,0.000,0.000,1.000,3.000,0.000,0.000,63.000,0,0,0
B3_zmq_pushpull,zmq_tcp,none,none,,1,32823,512,584,1785153469283525000,1785153469283525000,1785153469283525000,1785153469283526000,1785153469283678000,1785153469283681000,1785153469283681000,1785153469283681000,121932490,121652369,-128.121,0.000,0.000,1.000,3.000,0.000,0.000,8.000,0,0,0
B3_zmq_pushpull,zmq_tcp,none,none,,1,32824,512,584,1785153469284495000,1785153469284495000,1785153469284495000,1785153469284496000,1785153469284638000,1785153469284640000,1785153469284640000,1785153469284640000,121932490,121652369,-138.121,0.000,0.000,1.000,2.000,0.000,0.000,10.000,0,0,0
B3_zmq_pushpull,zmq_tcp,none,none,,1,32825,512,584,1785153469285683000,1785153469285684000,1785153469285684000,1785153469285685000,1785153469285875000,1785153469285878000,1785153469285878000,1785153469285878000,121932490,121652369,-90.121,1.000,0.000,1.000,3.000,0.000,0.000,48.000,0,0,0
B3_zmq_pushpull,zmq_tcp,none,none,,1,32826,512,584,1785153469286567000,1785153469286567000,1785153469286567000,1785153469286568000,1785153469286710000,1785153469286712000,1785153469286712000,1785153469286712000,121932490,121652369,-138.121,0.000,0.000,1.000,2.000,0.000,0.000,48.000,0,0,0
B3_zmq_pushpull,zmq_tcp,none,none,,1,32827,512,584,1785153469287671000,1785153469287671000,1785153469287671000,1785153469287672000,1785153469287830000,1785153469287833000,1785153469287833000,1785153469287833000,121932490,121652369,-122.121,0.000,0.000,1.000,3.000,0.000,0.000,16.000,0,0,0
B3_zmq_pushpull,zmq_tcp,none,none,,1,32828,512,584,1785153469288517000,1785153469288517000,1785153469288517000,1785153469288518000,1785153469288673000,1785153469288676000,1785153469288676000,1785153469288676000,121932490,121652369,-125.121,0.000,0.000,1.000,3.000,0.000,0.000,3.000,0,0,0
B3_zmq_pushpull,zmq_tcp,none,none,,1,32829,512,584,1785153469289677000,1785153469289677000,1785153469289677000,1785153469289678000,1785153469289795000,1785153469289798000,1785153469289798000,1785153469289798000,121932490,121652369,-163.121,0.000,0.000,1.000,3.000,0.000,0.000,38.000,0,0,0
B3_zmq_pushpull,zmq_tcp,none,none,,1,32830,512,584,1785153469290634000,1785153469290634000,1785153469290634000,1785153469290635000,1785153469290770000,1785153469290773000,1785153469290773000,1785153469290773000,121932490,121652369,-145.121,0.000,0.000,1.000,3.000,0.000,0.000,18.000,0,0,0
B3_zmq_pushpull,zmq_tcp,none,none,,1,32831,512,584,1785153469291451000,1785153469291451000,1785153469291451000,1785153469291452000,1785153469291610000,1785153469291614000,1785153469291614000,1785153469291614000,121932490,121652369,-122.121,0.000,0.000,1.000,4.000,0.000,0.000,23.000,0,0,0
B3_zmq_pushpull,zmq_tcp,none,none,,1,32832,512,584,1785153469292695000,1785153469292695000,1785153469292695000,1785153469292696000,1785153469292883000,1785153469292887000,1785153469292887000,1785153469292887000,121932490,121652369,-93.121,0.000,0.000,1.000,4.000,0.000,0.000,29.000,0,0,0
B3_zmq_pushpull,zmq_tcp,none,none,,1,32833,512,584,1785153469293631000,1785153469293631000,1785153469293631000,1785153469293632000,1785153469293739000,1785153469293742000,1785153469293742000,1785153469293742000,121932490,121652369,-173.121,0.000,0.000,1.000,3.000,0.000,0.000,80.000,0,0,0
B3_zmq_pushpull,zmq_tcp,none,none,,1,32834,512,584,1785153469294649000,1785153469294649000,1785153469294649000,1785153469294650000,1785153469294730000,1785153469294732000,1785153469294732000,1785153469294732000,121932490,121652369,-200.121,0.000,0.000,1.000,2.000,0.000,0.000,27.000,0,0,0
B3_zmq_pushpull,zmq_tcp,none,none,,1,32835,512,584,1785153469295649000,1785153469295649000,1785153469295649000,1785153469295650000,1785153469295714000,1785153469295717000,1785153469295717000,1785153469295717000,121932490,121652369,-216.121,0.000,0.000,1.000,3.000,0.000,0.000,16.000,0,0,0
B3_zmq_pushpull,zmq_tcp,none,none,,1,32836,512,584,1785153469296645000,1785153469296645000,1785153469296645000,1785153469296646000,1785153469296704000,1785153469296707000,1785153469296708000,1785153469296708000,121932490,121652369,-222.121,0.000,0.000,1.000,3.000,1.000,0.000,6.000,0,0,0
B3_zmq_pushpull,zmq_tcp,none,none,,1,32837,512,584,1785153469297642000,1785153469297642000,1785153469297642000,1785153469297643000,1785153469297689000,1785153469297692000,1785153469297692000,1785153469297692000,121932490,121652369,-234.121,0.000,0.000,1.000,3.000,0.000,0.000,12.000,0,0,0
B3_zmq_pushpull,zmq_tcp,none,none,,1,32838,512,584,1785153469298516000,1785153469298516000,1785153469298516000,1785153469298517000,1785153469298667000,1785153469298670000,1785153469298670000,1785153469298670000,121932490,121652369,-130.121,0.000,0.000,1.000,3.000,0.000,0.000,104.000,0,0,0
B3_zmq_pushpull,zmq_tcp,none,none,,1,32839,512,584,1785153469299490000,1785153469299490000,1785153469299490000,1785153469299491000,1785153469299648000,1785153469299651000,1785153469299651000,1785153469299651000,121932490,121652369,-123.121,0.000,0.000,1.000,3.000,0.000,0.000,7.000,0,0,0
B3_zmq_pushpull,zmq_tcp,none,none,,1,32840,512,584,1785153469300683000,1785153469300683000,1785153469300684000,1785153469300684000,1785153469300766000,1785153469300768000,1785153469300768000,1785153469300768000,121932490,121652369,-198.121,0.000,1.000,0.000,2.000,0.000,0.000,75.000,0,0,0
B3_zmq_pushpull,zmq_tcp,none,none,,1,32841,512,584,1785153469301637000,1785153469301637000,1785153469301637000,1785153469301638000,1785153469301748000,1785153469301752000,1785153469301752000,1785153469301752000,121932490,121652369,-170.121,0.000,0.000,1.000,4.000,0.000,0.000,28.000,0,0,0
B3_zmq_pushpull,zmq_tcp,none,none,,1,32842,512,584,1785153469302648000,1785153469302648000,1785153469302648000,1785153469302649000,1785153469302815000,1785153469302817000,1785153469302818000,1785153469302818000,121932490,121652369,-114.121,0.000,0.000,1.000,2.000,1.000,0.000,56.000,0,0,0
B3_zmq_pushpull,zmq_tcp,none,none,,1,32843,512,584,1785153469303645000,1785153469303645000,1785153469303645000,1785153469303646000,1785153469303787000,1785153469303790000,1785153469303790000,1785153469303790000,121932490,121652369,-139.121,0.000,0.000,1.000,3.000,0.000,0.000,25.000,0,0,0
B3_zmq_pushpull,zmq_tcp,none,none,,1,32844,512,584,1785153469304645000,1785153469304645000,1785153469304645000,1785153469304646000,1785153469304755000,1785153469304758000,1785153469304758000,1785153469304758000,121932490,121652369,-171.121,0.000,0.000,1.000,3.000,0.000,0.000,32.000,0,0,0
B3_zmq_pushpull,zmq_tcp,none,none,,1,32845,512,584,1785153469305642000,1785153469305642000,1785153469305642000,1785153469305643000,1785153469305714000,1785153469305716000,1785153469305716000,1785153469305716000,121932490,121652369,-209.121,0.000,0.000,1.000,2.000,0.000,0.000,38.000,0,0,0
B3_zmq_pushpull,zmq_tcp,none,none,,1,32846,512,584,1785153469306646000,1785153469306646000,1785153469306646000,1785153469306647000,1785153469306701000,1785153469306705000,1785153469306705000,1785153469306705000,121932490,121652369,-226.121,0.000,0.000,1.000,4.000,0.000,0.000,17.000,0,0,0
B3_zmq_pushpull,zmq_tcp,none,none,,1,32847,512,584,1785153469307537000,1785153469307537000,1785153469307537000,1785153469307538000,1785153469307683000,1785153469307686000,1785153469307686000,1785153469307686000,121932490,121652369,-135.121,0.000,0.000,1.000,3.000,0.000,0.000,91.000,0,0,0
B3_zmq_pushpull,zmq_tcp,none,none,,1,32848,512,584,1785153469308671000,1785153469308671000,1785153469308672000,1785153469308672000,1785153469308803000,1785153469308806000,1785153469308806000,1785153469308806000,121932490,121652369,-149.121,0.000,1.000,0.000,3.000,0.000,0.000,14.000,0,0,0
B3_zmq_pushpull,zmq_tcp,none,none,,1,32849,512,584,1785153469309640000,1785153469309641000,1785153469309641000,1785153469309642000,1785153469309772000,1785153469309775000,1785153469309775000,1785153469309775000,121932490,121652369,-150.121,1.000,0.000,1.000,3.000,0.000,0.000,1.000,0,0,0
B3_zmq_pushpull,zmq_tcp,none,none,,1,32850,512,584,1785153469310646000,1785153469310646000,1785153469310646000,1785153469310647000,1785153469310754000,1785153469310757000,1785153469310757000,1785153469310757000,121932490,121652369,-173.121,0.000,0.000,1.000,3.000,0.000,0.000,23.000,0,0,0
B3_zmq_pushpull,zmq_tcp,none,none,,1,32851,512,584,1785153469311645000,1785153469311645000,1785153469311645000,1785153469311646000,1785153469311724000,1785153469311727000,1785153469311727000,1785153469311727000,121932490,121652369,-202.121,0.000,0.000,1.000,3.000,0.000,0.000,29.000,0,0,0
B3_zmq_pushpull,zmq_tcp,none,none,,1,32852,512,584,1785153469312646000,1785153469312646000,1785153469312646000,1785153469312647000,1785153469312703000,1785153469312706000,1785153469312706000,1785153469312706000,121932490,121652369,-224.121,0.000,0.000,1.000,3.000,0.000,0.000,22.000,0,0,0
B3_zmq_pushpull,zmq_tcp,none,none,,1,32853,512,584,1785153469313642000,1785153469313642000,1785153469313642000,1785153469313643000,1785153469313695000,1785153469313699000,1785153469313699000,1785153469313699000,121932490,121652369,-228.121,0.000,0.000,1.000,4.000,0.000,0.000,4.000,0,0,0
B3_zmq_pushpull,zmq_tcp,none,none,,1,32854,512,584,1785153469314515000,1785153469314515000,1785153469314515000,1785153469314516000,1785153469314673000,1785153469314675000,1785153469314675000,1785153469314675000,121932490,121652369,-123.121,0.000,0.000,1.000,2.000,0.000,0.000,105.000,0,0,0
B3_zmq_pushpull,zmq_tcp,none,none,,1,32855,512,584,1785153469315502000,1785153469315503000,1785153469315503000,1785153469315504000,1785153469315659000,1785153469315662000,1785153469315662000,1785153469315662000,121932490,121652369,-125.121,1.000,0.000,1.000,3.000,0.000,0.000,2.000,0,0,0
B3_zmq_pushpull,zmq_tcp,none,none,,1,32856,512,584,1785153469316481000,1785153469316481000,1785153469316481000,1785153469316482000,1785153469316641000,1785153469316643000,1785153469316643000,1785153469316643000,121932490,121652369,-121.121,0.000,0.000,1.000,2.000,0.000,0.000,4.000,0,0,0
B3_zmq_pushpull,zmq_tcp,none,none,,1,32857,512,584,1785153469317686000,1785153469317686000,1785153469317686000,1785153469317687000,1785153469317768000,1785153469317771000,1785153469317771000,1785153469317771000,121932490,121652369,-199.121,0.000,0.000,1.000,3.000,0.000,0.000,78.000,0,0,0
B3_zmq_pushpull,zmq_tcp,none,none,,1,32858,512,584,1785153469318636000,1785153469318636000,1785153469318636000,1785153469318637000,1785153469318735000,1785153469318738000,1785153469318738000,1785153469318738000,121932490,121652369,-182.121,0.000,0.000,1.000,3.000,0.000,0.000,17.000,0,0,0
B3_zmq_pushpull,zmq_tcp,none,none,,1,32859,512,584,1785153469319648000,1785153469319648000,1785153469319648000,1785153469319649000,1785153469319711000,1785153469319714000,1785153469319714000,1785153469319714000,121932490,121652369,-218.121,0.000,0.000,1.000,3.000,0.000,0.000,36.000,0,0,0
B3_zmq_pushpull,zmq_tcp,none,none,,1,32860,512,584,1785153469320642000,1785153469320642000,1785153469320642000,1785153469320643000,1785153469320705000,1785153469320707000,1785153469320707000,1785153469320707000,121932490,121652369,-218.121,0.000,0.000,1.000,2.000,0.000,0.000,0.000,0,0,0
B3_zmq_pushpull,zmq_tcp,none,none,,1,32861,512,584,1785153469321648000,1785153469321649000,1785153469321649000,1785153469321650000,1785153469321843000,1785153469321846000,1785153469321846000,1785153469321846000,121932490,121652369,-87.121,1.000,0.000,1.000,3.000,0.000,0.000,131.000,0,0,0
B3_zmq_pushpull,zmq_tcp,none,none,,1,32862,512,584,1785153469322647000,1785153469322647000,1785153469322647000,1785153469322648000,1785153469322825000,1785153469322827000,1785153469322827000,1785153469322827000,121932490,121652369,-103.121,0.000,0.000,1.000,2.000,0.000,0.000,16.000,0,0,0
B3_zmq_pushpull,zmq_tcp,none,none,,1,32863,512,584,1785153469323647000,1785153469323647000,1785153469323647000,1785153469323648000,1785153469323799000,1785153469323802000,1785153469323802000,1785153469323802000,121932490,121652369,-129.121,0.000,0.000,1.000,3.000,0.000,0.000,26.000,0,0,0
B3_zmq_pushpull,zmq_tcp,none,none,,1,32864,512,584,1785153469324479000,1785153469324480000,1785153469324480000,1785153469324480000,1785153469324622000,1785153469324625000,1785153469324625000,1785153469324625000,121932490,121652369,-138.121,1.000,0.000,0.000,3.000,0.000,0.000,9.000,0,0,0
B3_zmq_pushpull,zmq_tcp,none,none,,1,32865,512,584,1785153469325569000,1785153469325569000,1785153469325569000,1785153469325570000,1785153469325721000,1785153469325723000,1785153469325723000,1785153469325723000,121932490,121652369,-129.121,0.000,0.000,1.000,2.000,0.000,0.000,9.000,0,0,0
B3_zmq_pushpull,zmq_tcp,none,none,,1,32866,512,584,1785153469326546000,1785153469326546000,1785153469326546000,1785153469326548000,1785153469326698000,1785153469326701000,1785153469326701000,1785153469326701000,121932490,121652369,-130.121,0.000,0.000,2.000,3.000,0.000,0.000,1.000,0,0,0
B3_zmq_pushpull,zmq_tcp,none,none,,1,32867,512,584,1785153469327541000,1785153469327541000,1785153469327541000,1785153469327542000,1785153469327698000,1785153469327701000,1785153469327701000,1785153469327701000,121932490,121652369,-124.121,0.000,0.000,1.000,3.000,0.000,0.000,6.000,0,0,0
B3_zmq_pushpull,zmq_tcp,none,none,,1,32868,512,584,1785153469328669000,1785153469328669000,1785153469328669000,1785153469328670000,1785153469328802000,1785153469328806000,1785153469328806000,1785153469328806000,121932490,121652369,-148.121,0.000,0.000,1.000,4.000,0.000,0.000,24.000,0,0,0
B3_zmq_pushpull,zmq_tcp,none,none,,1,32869,512,584,1785153469329640000,1785153469329640000,1785153469329640000,1785153469329641000,1785153469329788000,1785153469329791000,1785153469329791000,1785153469329791000,121932490,121652369,-133.121,0.000,0.000,1.000,3.000,0.000,0.000,15.000,0,0,0
B3_zmq_pushpull,zmq_tcp,none,none,,1,32870,512,584,1785153469330486000,1785153469330486000,1785153469330486000,1785153469330487000,1785153469330646000,1785153469330649000,1785153469330649000,1785153469330649000,121932490,121652369,-121.121,0.000,0.000,1.000,3.000,0.000,0.000,12.000,0,0,0
B3_zmq_pushpull,zmq_tcp,none,none,,1,32871,512,584,1785153469331685000,1785153469331685000,1785153469331685000,1785153469331686000,1785153469331757000,1785153469331760000,1785153469331760000,1785153469331760000,121932490,121652369,-209.121,0.000,0.000,1.000,3.000,0.000,0.000,88.000,0,0,0
B3_zmq_pushpull,zmq_tcp,none,none,,1,32872,512,584,1785153469332633000,1785153469332633000,1785153469332633000,1785153469332634000,1785153469332738000,1785153469332741000,1785153469332741000,1785153469332741000,121932490,121652369,-176.121,0.000,0.000,1.000,3.000,0.000,0.000,33.000,0,0,0
B3_zmq_pushpull,zmq_tcp,none,none,,1,32873,512,584,1785153469333649000,1785153469333649000,1785153469333649000,1785153469333650000,1785153469333699000,1785153469333702000,1785153469333702000,1785153469333702000,121932490,121652369,-231.121,0.000,0.000,1.000,3.000,0.000,0.000,55.000,0,0,0
B3_zmq_pushpull,zmq_tcp,none,none,,1,32874,512,584,1785153469334546000,1785153469334546000,1785153469334546000,1785153469334547000,1785153469334705000,1785153469334708000,1785153469334708000,1785153469334708000,121932490,121652369,-122.121,0.000,0.000,1.000,3.000,0.000,0.000,109.000,0,0,0
B3_zmq_pushpull,zmq_tcp,none,none,,1,32875,512,584,1785153469335535000,1785153469335535000,1785153469335535000,1785153469335536000,1785153469335691000,1785153469335695000,1785153469335695000,1785153469335695000,121932490,121652369,-125.121,0.000,0.000,1.000,4.000,0.000,0.000,3.000,0,0,0
B3_zmq_pushpull,zmq_tcp,none,none,,1,32876,512,584,1785153469336507000,1785153469336507000,1785153469336508000,1785153469336509000,1785153469336645000,1785153469336649000,1785153469336649000,1785153469336649000,121932490,121652369,-144.121,0.000,1.000,1.000,4.000,0.000,0.000,19.000,0,0,0
B3_zmq_pushpull,zmq_tcp,none,none,,1,32877,512,584,1785153469337486000,1785153469337486000,1785153469337486000,1785153469337487000,1785153469337643000,1785153469337652000,1785153469337652000,1785153469337652000,121932490,121652369,-124.121,0.000,0.000,1.000,9.000,0.000,0.000,20.000,0,0,0
B3_zmq_pushpull,zmq_tcp,none,none,,1,32878,512,584,1785153469338685000,1785153469338685000,1785153469338685000,1785153469338686000,1785153469338765000,1785153469338768000,1785153469338768000,1785153469338768000,121932490,121652369,-201.121,0.000,0.000,1.000,3.000,0.000,0.000,77.000,0,0,0
B3_zmq_pushpull,zmq_tcp,none,none,,1,32879,512,584,1785153469339633000,1785153469339633000,1785153469339633000,1785153469339634000,1785153469339742000,1785153469339745000,1785153469339745000,1785153469339745000,121932490,121652369,-172.121,0.000,0.000,1.000,3.000,0.000,0.000,29.000,0,0,0
B3_zmq_pushpull,zmq_tcp,none,none,,1,32880,512,584,1785153469340649000,1785153469340649000,1785153469340649000,1785153469340650000,1785153469340708000,1785153469340711000,1785153469340711000,1785153469340711000,121932490,121652369,-222.121,0.000,0.000,1.000,3.000,0.000,0.000,50.000,0,0,0
B3_zmq_pushpull,zmq_tcp,none,none,,1,32881,512,584,1785153469341550000,1785153469341550000,1785153469341550000,1785153469341551000,1785153469341701000,1785153469341703000,1785153469341703000,1785153469341703000,121932490,121652369,-130.121,0.000,0.000,1.000,2.000,0.000,0.000,92.000,0,0,0
B3_zmq_pushpull,zmq_tcp,none,none,,1,32882,512,584,1785153469342523000,1785153469342523000,1785153469342523000,1785153469342524000,1785153469342679000,1785153469342682000,1785153469342682000,1785153469342682000,121932490,121652369,-125.121,0.000,0.000,1.000,3.000,0.000,0.000,5.000,0,0,0
B3_zmq_pushpull,zmq_tcp,none,none,,1,32883,512,584,1785153469343494000,1785153469343494000,1785153469343494000,1785153469343495000,1785153469343654000,1785153469343658000,1785153469343658000,1785153469343658000,121932490,121652369,-121.121,0.000,0.000,1.000,4.000,0.000,0.000,4.000,0,0,0
B3_zmq_pushpull,zmq_tcp,none,none,,1,32884,512,584,1785153469344684000,1785153469344684000,1785153469344684000,1785153469344685000,1785153469344770000,1785153469344773000,1785153469344773000,1785153469344773000,121932490,121652369,-195.121,0.000,0.000,1.000,3.000,0.000,0.000,74.000,0,0,0
B3_zmq_pushpull,zmq_tcp,none,none,,1,32885,512,584,1785153469345636000,1785153469345636000,1785153469345636000,1785153469345637000,1785153469345755000,1785153469345758000,1785153469345758000,1785153469345758000,121932490,121652369,-162.121,0.000,0.000,1.000,3.000,0.000,0.000,33.000,0,0,0
B3_zmq_pushpull,zmq_tcp,none,none,,1,32886,512,584,1785153469346645000,1785153469346645000,1785153469346645000,1785153469346646000,1785153469346725000,1785153469346728000,1785153469346728000,1785153469346728000,121932490,121652369,-201.121,0.000,0.000,1.000,3.000,0.000,0.000,39.000,0,0,0
B3_zmq_pushpull,zmq_tcp,none,none,,1,32887,512,584,1785153469347645000,1785153469347646000,1785153469347646000,1785153469347647000,1785153469347803000,1785153469347806000,1785153469347806000,1785153469347806000,121932490,121652369,-124.121,1.000,0.000,1.000,3.000,0.000,0.000,77.000,0,0,0
B3_zmq_pushpull,zmq_tcp,none,none,,1,32888,512,584,1785153469348645000,1785153469348645000,1785153469348645000,1785153469348646000,1785153469348801000,1785153469348803000,1785153469348803000,1785153469348803000,121932490,121652369,-125.121,0.000,0.000,1.000,2.000,0.000,0.000,1.000,0,0,0
B3_zmq_pushpull,zmq_tcp,none,none,,1,32889,512,584,1785153469349646000,1785153469349646000,1785153469349646000,1785153469349647000,1785153469349776000,1785153469349779000,1785153469349779000,1785153469349779000,121932490,121652369,-151.121,0.000,0.000,1.000,3.000,0.000,0.000,26.000,0,0,0
B3_zmq_pushpull,zmq_tcp,none,none,,1,32890,512,584,1785153469350645000,1785153469350645000,1785153469350645000,1785153469350646000,1785153469350767000,1785153469350770000,1785153469350770000,1785153469350770000,121932490,121652369,-159.121,0.000,0.000,1.000,3.000,0.000,0.000,8.000,0,0,0
B3_zmq_pushpull,zmq_tcp,none,none,,1,32891,512,584,1785153469351648000,1785153469351648000,1785153469351648000,1785153469351649000,1785153469351746000,1785153469351749000,1785153469351749000,1785153469351749000,121932490,121652369,-183.121,0.000,0.000,1.000,3.000,0.000,0.000,24.000,0,0,0
B3_zmq_pushpull,zmq_tcp,none,none,,1,32892,512,584,1785153469352644000,1785153469352644000,1785153469352644000,1785153469352645000,1785153469352717000,1785153469352719000,1785153469352719000,1785153469352719000,121932490,121652369,-208.121,0.000,0.000,1.000,2.000,0.000,0.000,25.000,0,0,0
B3_zmq_pushpull,zmq_tcp,none,none,,1,32893,512,584,1785153469353645000,1785153469353645000,1785153469353645000,1785153469353646000,1785153469353684000,1785153469353687000,1785153469353687000,1785153469353687000,121932490,121652369,-242.121,0.000,0.000,1.000,3.000,0.000,0.000,34.000,0,0,0
B3_zmq_pushpull,zmq_tcp,none,none,,1,32894,512,584,1785153469354647000,1785153469354647000,1785153469354647000,1785153469354649000,1785153469354811000,1785153469354814000,1785153469354814000,1785153469354814000,121932490,121652369,-118.121,0.000,0.000,2.000,3.000,0.000,0.000,124.000,0,0,0
B3_zmq_pushpull,zmq_tcp,none,none,,1,32895,512,584,1785153469355650000,1785153469355651000,1785153469355651000,1785153469355652000,1785153469355787000,1785153469355791000,1785153469355791000,1785153469355791000,121932490,121652369,-145.121,1.000,0.000,1.000,4.000,0.000,0.000,27.000,0,0,0
B3_zmq_pushpull,zmq_tcp,none,none,,1,32896,512,584,1785153469356641000,1785153469356641000,1785153469356641000,1785153469356642000,1785153469356759000,1785153469356762000,1785153469356762000,1785153469356762000,121932490,121652369,-163.121,0.000,0.000,1.000,3.000,0.000,0.000,18.000,0,0,0
B3_zmq_pushpull,zmq_tcp,none,none,,1,32897,512,584,1785153469357646000,1785153469357647000,1785153469357647000,1785153469357648000,1785153469357747000,1785153469357750000,1785153469357750000,1785153469357750000,121932490,121652369,-181.121,1.000,0.000,1.000,3.000,0.000,0.000,18.000,0,0,0
B3_zmq_pushpull,zmq_tcp,none,none,,1,32898,512,584,1785153469358648000,1785153469358648000,1785153469358648000,1785153469358649000,1785153469358737000,1785153469358739000,1785153469358739000,1785153469358739000,121932490,121652369,-192.121,0.000,0.000,1.000,2.000,0.000,0.000,11.000,0,0,0
B3_zmq_pushpull,zmq_tcp,none,none,,1,32899,512,584,1785153469359645000,1785153469359645000,1785153469359645000,1785153469359646000,1785153469359697000,1785153469359701000,1785153469359701000,1785153469359701000,121932490,121652369,-229.121,0.000,0.000,1.000,4.000,0.000,0.000,37.000,0,0,0
B3_zmq_pushpull,zmq_tcp,none,none,,1,32900,512,584,1785153469360643000,1785153469360643000,1785153469360643000,1785153469360644000,1785153469360790000,1785153469360793000,1785153469360793000,1785153469360793000,121932490,121652369,-134.121,0.000,0.000,1.000,3.000,0.000,0.000,95.000,0,0,0
B3_zmq_pushpull,zmq_tcp,none,none,,1,32901,512,584,1785153469361647000,1785153469361647000,1785153469361647000,1785153469361648000,1785153469361753000,1785153469361755000,1785153469361755000,1785153469361755000,121932490,121652369,-175.121,0.000,0.000,1.000,2.000,0.000,0.000,41.000,0,0,0
B3_zmq_pushpull,zmq_tcp,none,none,,1,32902,512,584,1785153469362647000,1785153469362647000,1785153469362647000,1785153469362648000,1785153469362729000,1785153469362732000,1785153469362732000,1785153469362732000,121932490,121652369,-199.121,0.000,0.000,1.000,3.000,0.000,0.000,24.000,0,0,0
B3_zmq_pushpull,zmq_tcp,none,none,,1,32903,512,584,1785153469363643000,1785153469363643000,1785153469363643000,1785153469363644000,1785153469363716000,1785153469363719000,1785153469363719000,1785153469363719000,121932490,121652369,-208.121,0.000,0.000,1.000,3.000,0.000,0.000,9.000,0,0,0
B3_zmq_pushpull,zmq_tcp,none,none,,1,32904,512,584,1785153469364649000,1785153469364649000,1785153469364649000,1785153469364650000,1785153469364690000,1785153469364694000,1785153469364694000,1785153469364694000,121932490,121652369,-240.121,0.000,0.000,1.000,4.000,0.000,0.000,32.000,0,0,0
B3_zmq_pushpull,zmq_tcp,none,none,,1,32905,512,584,1785153469365644000,1785153469365644000,1785153469365644000,1785153469365645000,1785153469365799000,1785153469365802000,1785153469365802000,1785153469365802000,121932490,121652369,-126.121,0.000,0.000,1.000,3.000,0.000,0.000,114.000,0,0,0
B3_zmq_pushpull,zmq_tcp,none,none,,1,32906,512,584,1785153469366646000,1785153469366647000,1785153469366647000,1785153469366648000,1785153469366774000,1785153469366778000,1785153469366778000,1785153469366778000,121932490,121652369,-154.121,1.000,0.000,1.000,4.000,0.000,0.000,28.000,0,0,0
B3_zmq_pushpull,zmq_tcp,none,none,,1,32907,512,584,1785153469367642000,1785153469367643000,1785153469367643000,1785153469367644000,1785153469367743000,1785153469367747000,1785153469367747000,1785153469367747000,121932490,121652369,-181.121,1.000,0.000,1.000,4.000,0.000,0.000,27.000,0,0,0
B3_zmq_pushpull,zmq_tcp,none,none,,1,32908,512,584,1785153469368647000,1785153469368647000,1785153469368647000,1785153469368648000,1785153469368715000,1785153469368718000,1785153469368718000,1785153469368718000,121932490,121652369,-213.121,0.000,0.000,1.000,3.000,0.000,0.000,32.000,0,0,0
B3_zmq_pushpull,zmq_tcp,none,none,,1,32909,512,584,1785153469369647000,1785153469369647000,1785153469369647000,1785153469369648000,1785153469369714000,1785153469369717000,1785153469369717000,1785153469369717000,121932490,121652369,-214.121,0.000,0.000,1.000,3.000,0.000,0.000,1.000,0,0,0
B3_zmq_pushpull,zmq_tcp,none,none,,1,32910,512,584,1785153469370647000,1785153469370648000,1785153469370648000,1785153469370649000,1785153469370831000,1785153469370834000,1785153469370834000,1785153469370834000,121932490,121652369,-98.121,1.000,0.000,1.000,3.000,0.000,0.000,116.000,0,0,0
B3_zmq_pushpull,zmq_tcp,none,none,,1,32911,512,584,1785153469371644000,1785153469371644000,1785153469371644000,1785153469371645000,1785153469371814000,1785153469371817000,1785153469371817000,1785153469371817000,121932490,121652369,-111.121,0.000,0.000,1.000,3.000,0.000,0.000,13.000,0,0,0
B3_zmq_pushpull,zmq_tcp,none,none,,1,32912,512,584,1785153469372647000,1785153469372647000,1785153469372647000,1785153469372648000,1785153469372806000,1785153469372809000,1785153469372809000,1785153469372809000,121932490,121652369,-122.121,0.000,0.000,1.000,3.000,0.000,0.000,11.000,0,0,0
B3_zmq_pushpull,zmq_tcp,none,none,,1,32913,512,584,1785153469373645000,1785153469373645000,1785153469373645000,1785153469373646000,1785153469373767000,1785153469373771000,1785153469373771000,1785153469373771000,121932490,121652369,-159.121,0.000,0.000,1.000,4.000,0.000,0.000,37.000,0,0,0
B3_zmq_pushpull,zmq_tcp,none,none,,1,32914,512,584,1785153469374645000,1785153469374645000,1785153469374645000,1785153469374646000,1785153469374746000,1785153469374749000,1785153469374749000,1785153469374749000,121932490,121652369,-180.121,0.000,0.000,1.000,3.000,0.000,0.000,21.000,0,0,0
B3_zmq_pushpull,zmq_tcp,none,none,,1,32915,512,584,1785153469375646000,1785153469375646000,1785153469375646000,1785153469375647000,1785153469375741000,1785153469375743000,1785153469375743000,1785153469375743000,121932490,121652369,-186.121,0.000,0.000,1.000,2.000,0.000,0.000,6.000,0,0,0
B3_zmq_pushpull,zmq_tcp,none,none,,1,32916,512,584,1785153469376645000,1785153469376645000,1785153469376646000,1785153469376647000,1785153469376700000,1785153469376702000,1785153469376702000,1785153469376702000,121932490,121652369,-227.121,0.000,1.000,1.000,2.000,0.000,0.000,41.000,0,0,0
B3_zmq_pushpull,zmq_tcp,none,none,,1,32917,512,584,1785153469377645000,1785153469377646000,1785153469377646000,1785153469377647000,1785153469377795000,1785153469377798000,1785153469377798000,1785153469377798000,121932490,121652369,-132.121,1.000,0.000,1.000,3.000,0.000,0.000,95.000,0,0,0
B3_zmq_pushpull,zmq_tcp,none,none,,1,32918,512,584,1785153469378642000,1785153469378642000,1785153469378642000,1785153469378643000,1785153469378778000,1785153469378781000,1785153469378781000,1785153469378781000,121932490,121652369,-145.121,0.000,0.000,1.000,3.000,0.000,0.000,13.000,0,0,0
B3_zmq_pushpull,zmq_tcp,none,none,,1,32919,512,584,1785153469379646000,1785153469379647000,1785153469379647000,1785153469379648000,1785153469379741000,1785153469379744000,1785153469379744000,1785153469379744000,121932490,121652369,-187.121,1.000,0.000,1.000,3.000,0.000,0.000,42.000,0,0,0
B3_zmq_pushpull,zmq_tcp,none,none,,1,32920,512,584,1785153469380645000,1785153469380645000,1785153469380645000,1785153469380646000,1785153469380735000,1785153469380739000,1785153469380739000,1785153469380739000,121932490,121652369,-191.121,0.000,0.000,1.000,4.000,0.000,0.000,4.000,0,0,0
B3_zmq_pushpull,zmq_tcp,none,none,,1,32921,512,584,1785153469381645000,1785153469381645000,1785153469381645000,1785153469381646000,1785153469381702000,1785153469381704000,1785153469381704000,1785153469381704000,121932490,121652369,-224.121,0.000,0.000,1.000,2.000,0.000,0.000,33.000,0,0,0
B3_zmq_pushpull,zmq_tcp,none,none,,1,32922,512,584,1785153469382643000,1785153469382643000,1785153469382643000,1785153469382644000,1785153469382809000,1785153469382811000,1785153469382811000,1785153469382811000,121932490,121652369,-115.121,0.000,0.000,1.000,2.000,0.000,0.000,109.000,0,0,0
B3_zmq_pushpull,zmq_tcp,none,none,,1,32923,512,584,1785153469383647000,1785153469383647000,1785153469383647000,1785153469383648000,1785153469383797000,1785153469383799000,1785153469383799000,1785153469383800000,121932490,121652369,-131.121,0.000,0.000,1.000,2.000,0.000,1.000,16.000,0,0,0
B3_zmq_pushpull,zmq_tcp,none,none,,1,32924,512,584,1785153469384647000,1785153469384647000,1785153469384647000,1785153469384648000,1785153469384798000,1785153469384801000,1785153469384801000,1785153469384801000,121932490,121652369,-130.121,0.000,0.000,1.000,3.000,0.000,0.000,1.000,0,0,0
B3_zmq_pushpull,zmq_tcp,none,none,,1,32925,512,584,1785153469385643000,1785153469385643000,1785153469385643000,1785153469385644000,1785153469385782000,1785153469385785000,1785153469385785000,1785153469385785000,121932490,121652369,-142.121,0.000,0.000,1.000,3.000,0.000,0.000,12.000,0,0,0
B3_zmq_pushpull,zmq_tcp,none,none,,1,32926,512,584,1785153469386649000,1785153469386649000,1785153469386649000,1785153469386650000,1785153469386758000,1785153469386762000,1785153469386762000,1785153469386762000,121932490,121652369,-172.121,0.000,0.000,1.000,4.000,0.000,0.000,30.000,0,0,0
B3_zmq_pushpull,zmq_tcp,none,none,,1,32927,512,584,1785153469387645000,1785153469387645000,1785153469387645000,1785153469387646000,1785153469387713000,1785153469387717000,1785153469387717000,1785153469387717000,121932490,121652369,-213.121,0.000,0.000,1.000,4.000,0.000,0.000,41.000,0,0,0
B3_zmq_pushpull,zmq_tcp,none,none,,1,32928,512,584,1785153469388645000,1785153469388645000,1785153469388645000,1785153469388646000,1785153469388809000,1785153469388811000,1785153469388811000,1785153469388811000,121932490,121652369,-117.121,0.000,0.000,1.000,2.000,0.000,0.000,96.000,0,0,0
B3_zmq_pushpull,zmq_tcp,none,none,,1,32929,512,584,1785153469389643000,1785153469389643000,1785153469389643000,1785153469389644000,1785153469389790000,1785153469389793000,1785153469389793000,1785153469389793000,121932490,121652369,-134.121,0.000,0.000,1.000,3.000,0.000,0.000,17.000,0,0,0
B3_zmq_pushpull,zmq_tcp,none,none,,1,32930,512,584,1785153469390646000,1785153469390647000,1785153469390647000,1785153469390648000,1785153469390782000,1785153469390785000,1785153469390785000,1785153469390785000,121932490,121652369,-146.121,1.000,0.000,1.000,3.000,0.000,0.000,12.000,0,0,0
B3_zmq_pushpull,zmq_tcp,none,none,,1,32931,512,584,1785153469391645000,1785153469391645000,1785153469391645000,1785153469391646000,1785153469391777000,1785153469391780000,1785153469391780000,1785153469391780000,121932490,121652369,-149.121,0.000,0.000,1.000,3.000,0.000,0.000,3.000,0,0,0
B3_zmq_pushpull,zmq_tcp,none,none,,1,32932,512,584,1785153469392648000,1785153469392648000,1785153469392648000,1785153469392649000,1785153469392764000,1785153469392767000,1785153469392767000,1785153469392767000,121932490,121652369,-165.121,0.000,0.000,1.000,3.000,0.000,0.000,16.000,0,0,0
B3_zmq_pushpull,zmq_tcp,none,none,,1,32933,512,584,1785153469393644000,1785153469393644000,1785153469393644000,1785153469393645000,1785153469393737000,1785153469393740000,1785153469393740000,1785153469393740000,121932490,121652369,-188.121,0.000,0.000,1.000,3.000,0.000,0.000,23.000,0,0,0
B3_zmq_pushpull,zmq_tcp,none,none,,1,32934,512,584,1785153469394646000,1785153469394647000,1785153469394647000,1785153469394648000,1785153469394697000,1785153469394700000,1785153469394700000,1785153469394700000,121932490,121652369,-231.121,1.000,0.000,1.000,3.000,0.000,0.000,43.000,0,0,0
B3_zmq_pushpull,zmq_tcp,none,none,,1,32935,512,584,1785153469395645000,1785153469395645000,1785153469395645000,1785153469395646000,1785153469395691000,1785153469395694000,1785153469395694000,1785153469395694000,121932490,121652369,-235.121,0.000,0.000,1.000,3.000,0.000,0.000,4.000,0,0,0
B3_zmq_pushpull,zmq_tcp,none,none,,1,32936,512,584,1785153469396649000,1785153469396650000,1785153469396650000,1785153469396651000,1785153469396818000,1785153469396821000,1785153469396821000,1785153469396821000,121932490,121652369,-113.121,1.000,0.000,1.000,3.000,0.000,0.000,122.000,0,0,0
B3_zmq_pushpull,zmq_tcp,none,none,,1,32937,512,584,1785153469397641000,1785153469397641000,1785153469397641000,1785153469397642000,1785153469397805000,1785153469397808000,1785153469397808000,1785153469397808000,121932490,121652369,-117.121,0.000,0.000,1.000,3.000,0.000,0.000,4.000,0,0,0
B3_zmq_pushpull,zmq_tcp,none,none,,1,32938,512,584,1785153469398649000,1785153469398649000,1785153469398649000,1785153469398650000,1785153469398809000,1785153469398812000,1785153469398812000,1785153469398812000,121932490,121652369,-121.121,0.000,0.000,1.000,3.000,0.000,0.000,4.000,0,0,0
B3_zmq_pushpull,zmq_tcp,none,none,,1,32939,512,584,1785153469399645000,1785153469399645000,1785153469399645000,1785153469399646000,1785153469399783000,1785153469399788000,1785153469399788000,1785153469399788000,121932490,121652369,-143.121,0.000,0.000,1.000,5.000,0.000,0.000,22.000,0,0,0
B3_zmq_pushpull,zmq_tcp,none,none,,1,32940,512,584,1785153469400646000,1785153469400646000,1785153469400646000,1785153469400647000,1785153469400789000,1785153469400793000,1785153469400793000,1785153469400793000,121932490,121652369,-138.121,0.000,0.000,1.000,4.000,0.000,0.000,5.000,0,0,0
B3_zmq_pushpull,zmq_tcp,none,none,,1,32941,512,584,1785153469401645000,1785153469401645000,1785153469401645000,1785153469401646000,1785153469401768000,1785153469401770000,1785153469401770000,1785153469401770000,121932490,121652369,-158.121,0.000,0.000,1.000,2.000,0.000,0.000,20.000,0,0,0
B3_zmq_pushpull,zmq_tcp,none,none,,1,32942,512,584,1785153469402646000,1785153469402646000,1785153469402646000,1785153469402647000,1785153469402748000,1785153469402750000,1785153469402750000,1785153469402750000,121932490,121652369,-179.121,0.000,0.000,1.000,2.000,0.000,0.000,21.000,0,0,0
B3_zmq_pushpull,zmq_tcp,none,none,,1,32943,512,584,1785153469403647000,1785153469403647000,1785153469403647000,1785153469403648000,1785153469403727000,1785153469403730000,1785153469403731000,1785153469403731000,121932490,121652369,-201.121,0.000,0.000,1.000,3.000,1.000,0.000,22.000,0,0,0
B3_zmq_pushpull,zmq_tcp,none,none,,1,32944,512,584,1785153469404645000,1785153469404645000,1785153469404645000,1785153469404646000,1785153469404714000,1785153469404717000,1785153469404717000,1785153469404717000,121932490,121652369,-212.121,0.000,0.000,1.000,3.000,0.000,0.000,11.000,0,0,0
B3_zmq_pushpull,zmq_tcp,none,none,,1,32945,512,584,1785153469405645000,1785153469405645000,1785153469405646000,1785153469405646000,1785153469405709000,1785153469405713000,1785153469405713000,1785153469405713000,121932490,121652369,-217.121,0.000,1.000,0.000,4.000,0.000,0.000,5.000,0,0,0
B3_zmq_pushpull,zmq_tcp,none,none,,1,32946,512,584,1785153469406647000,1785153469406647000,1785153469406647000,1785153469406648000,1785153469406840000,1785153469406843000,1785153469406843000,1785153469406843000,121932490,121652369,-88.121,0.000,0.000,1.000,3.000,0.000,0.000,129.000,0,0,0
B3_zmq_pushpull,zmq_tcp,none,none,,1,32947,512,584,1785153469407646000,1785153469407646000,1785153469407646000,1785153469407647000,1785153469407818000,1785153469407821000,1785153469407821000,1785153469407821000,121932490,121652369,-109.121,0.000,0.000,1.000,3.000,0.000,0.000,21.000,0,0,0
B3_zmq_pushpull,zmq_tcp,none,none,,1,32948,512,584,1785153469408643000,1785153469408643000,1785153469408643000,1785153469408644000,1785153469408805000,1785153469408808000,1785153469408808000,1785153469408808000,121932490,121652369,-119.121,0.000,0.000,1.000,3.000,0.000,0.000,10.000,0,0,0
B3_zmq_pushpull,zmq_tcp,none,none,,1,32949,512,584,1785153469409647000,1785153469409647000,1785153469409647000,1785153469409648000,1785153469409770000,1785153469409773000,1785153469409773000,1785153469409773000,121932490,121652369,-158.121,0.000,0.000,1.000,3.000,0.000,0.000,39.000,0,0,0
B3_zmq_pushpull,zmq_tcp,none,none,,1,32950,512,584,1785153469410645000,1785153469410645000,1785153469410645000,1785153469410646000,1785153469410764000,1785153469410766000,1785153469410766000,1785153469410766000,121932490,121652369,-162.121,0.000,0.000,1.000,2.000,0.000,0.000,4.000,0,0,0
B3_zmq_pushpull,zmq_tcp,none,none,,1,32951,512,584,1785153469411645000,1785153469411645000,1785153469411645000,1785153469411646000,1785153469411733000,1785153469411736000,1785153469411736000,1785153469411736000,121932490,121652369,-193.121,0.000,0.000,1.000,3.000,0.000,0.000,31.000,0,0,0
B3_zmq_pushpull,zmq_tcp,none,none,,1,32952,512,584,1785153469412648000,1785153469412648000,1785153469412648000,1785153469412649000,1785153469412713000,1785153469412716000,1785153469412716000,1785153469412716000,121932490,121652369,-216.121,0.000,0.000,1.000,3.000,0.000,0.000,23.000,0,0,0
B3_zmq_pushpull,zmq_tcp,none,none,,1,32953,512,584,1785153469413645000,1785153469413645000,1785153469413645000,1785153469413646000,1785153469413816000,1785153469413818000,1785153469413818000,1785153469413818000,121932490,121652369,-110.121,0.000,0.000,1.000,2.000,0.000,0.000,106.000,0,0,0
B3_zmq_pushpull,zmq_tcp,none,none,,1,32954,512,584,1785153469414645000,1785153469414645000,1785153469414646000,1785153469414646000,1785153469414802000,1785153469414805000,1785153469414805000,1785153469414805000,121932490,121652369,-124.121,0.000,1.000,0.000,3.000,0.000,0.000,14.000,0,0,0
B3_zmq_pushpull,zmq_tcp,none,none,,1,32955,512,584,1785153469415641000,1785153469415641000,1785153469415641000,1785153469415642000,1785153469415778000,1785153469415781000,1785153469415781000,1785153469415781000,121932490,121652369,-144.121,0.000,0.000,1.000,3.000,0.000,0.000,20.000,0,0,0
B3_zmq_pushpull,zmq_tcp,none,none,,1,32956,512,584,1785153469416648000,1785153469416648000,1785153469416648000,1785153469416649000,1785153469416758000,1785153469416761000,1785153469416761000,1785153469416761000,121932490,121652369,-171.121,0.000,0.000,1.000,3.000,0.000,0.000,27.000,0,0,0
B3_zmq_pushpull,zmq_tcp,none,none,,1,32957,512,584,1785153469417647000,1785153469417647000,1785153469417647000,1785153469417648000,1785153469417742000,1785153469417745000,1785153469417745000,1785153469417745000,121932490,121652369,-186.121,0.000,0.000,1.000,3.000,0.000,0.000,15.000,0,0,0
B3_zmq_pushpull,zmq_tcp,none,none,,1,32958,512,584,1785153469418648000,1785153469418648000,1785153469418648000,1785153469418649000,1785153469418744000,1785153469418747000,1785153469418747000,1785153469418747000,121932490,121652369,-185.121,0.000,0.000,1.000,3.000,0.000,0.000,1.000,0,0,0
B3_zmq_pushpull,zmq_tcp,none,none,,1,32959,512,584,1785153469419645000,1785153469419645000,1785153469419645000,1785153469419646000,1785153469419727000,1785153469419730000,1785153469419730000,1785153469419730000,121932490,121652369,-199.121,0.000,0.000,1.000,3.000,0.000,0.000,14.000,0,0,0
B3_zmq_pushpull,zmq_tcp,none,none,,1,32960,512,584,1785153469420645000,1785153469420645000,1785153469420646000,1785153469420646000,1785153469420707000,1785153469420711000,1785153469420711000,1785153469420711000,121932490,121652369,-219.121,0.000,1.000,0.000,4.000,0.000,0.000,20.000,0,0,0
B3_zmq_pushpull,zmq_tcp,none,none,,1,32961,512,584,1785153469421646000,1785153469421646000,1785153469421646000,1785153469421647000,1785153469421816000,1785153469421820000,1785153469421820000,1785153469421820000,121932490,121652369,-111.121,0.000,0.000,1.000,4.000,0.000,0.000,108.000,0,0,0
B3_zmq_pushpull,zmq_tcp,none,none,,1,32962,512,584,1785153469422643000,1785153469422643000,1785153469422643000,1785153469422644000,1785153469422778000,1785153469422781000,1785153469422781000,1785153469422781000,121932490,121652369,-146.121,0.000,0.000,1.000,3.000,0.000,0.000,35.000,0,0,0
B3_zmq_pushpull,zmq_tcp,none,none,,1,32963,512,584,1785153469423647000,1785153469423647000,1785153469423647000,1785153469423648000,1785153469423754000,1785153469423757000,1785153469423757000,1785153469423757000,121932490,121652369,-174.121,0.000,0.000,1.000,3.000,0.000,0.000,28.000,0,0,0
B3_zmq_pushpull,zmq_tcp,none,none,,1,32964,512,584,1785153469424645000,1785153469424645000,1785153469424646000,1785153469424646000,1785153469424760000,1785153469424762000,1785153469424762000,1785153469424762000,121932490,121652369,-166.121,0.000,1.000,0.000,2.000,0.000,0.000,8.000,0,0,0
B3_zmq_pushpull,zmq_tcp,none,none,,1,32965,512,584,1785153469425645000,1785153469425645000,1785153469425645000,1785153469425646000,1785153469425750000,1785153469425753000,1785153469425753000,1785153469425753000,121932490,121652369,-176.121,0.000,0.000,1.000,3.000,0.000,0.000,10.000,0,0,0
B3_zmq_pushpull,zmq_tcp,none,none,,1,32966,512,584,1785153469426648000,1785153469426648000,1785153469426648000,1785153469426649000,1785153469426738000,1785153469426742000,1785153469426742000,1785153469426742000,121932490,121652369,-191.121,0.000,0.000,1.000,4.000,0.000,0.000,15.000,0,0,0
B3_zmq_pushpull,zmq_tcp,none,none,,1,32967,512,584,1785153469427645000,1785153469427645000,1785153469427645000,1785153469427646000,1785153469427724000,1785153469427727000,1785153469427727000,1785153469427727000,121932490,121652369,-202.121,0.000,0.000,1.000,3.000,0.000,0.000,11.000,0,0,0
B3_zmq_pushpull,zmq_tcp,none,none,,1,32968,512,584,1785153469428650000,1785153469428650000,1785153469428650000,1785153469428651000,1785153469428838000,1785153469428841000,1785153469428841000,1785153469428841000,121932490,121652369,-93.121,0.000,0.000,1.000,3.000,0.000,0.000,109.000,0,0,0
B3_zmq_pushpull,zmq_tcp,none,none,,1,32969,512,584,1785153469429644000,1785153469429645000,1785153469429645000,1785153469429646000,1785153469429792000,1785153469429795000,1785153469429795000,1785153469429795000,121932490,121652369,-134.121,1.000,0.000,1.000,3.000,0.000,0.000,41.000,0,0,0
B3_zmq_pushpull,zmq_tcp,none,none,,1,32970,512,584,1785153469430650000,1785153469430650000,1785153469430650000,1785153469430651000,1785153469430760000,1785153469430762000,1785153469430762000,1785153469430762000,121932490,121652369,-171.121,0.000,0.000,1.000,2.000,0.000,0.000,37.000,0,0,0
B3_zmq_pushpull,zmq_tcp,none,none,,1,32971,512,584,1785153469431646000,1785153469431646000,1785153469431646000,1785153469431647000,1785153469431749000,1785153469431753000,1785153469431753000,1785153469431753000,121932490,121652369,-178.121,0.000,0.000,1.000,4.000,0.000,0.000,7.000,0,0,0
B3_zmq_pushpull,zmq_tcp,none,none,,1,32972,512,584,1785153469432647000,1785153469432647000,1785153469432647000,1785153469432648000,1785153469432721000,1785153469432724000,1785153469432724000,1785153469432724000,121932490,121652369,-207.121,0.000,0.000,1.000,3.000,0.000,0.000,29.000,0,0,0
B3_zmq_pushpull,zmq_tcp,none,none,,1,32973,512,584,1785153469433643000,1785153469433643000,1785153469433643000,1785153469433644000,1785153469433717000,1785153469433720000,1785153469433720000,1785153469433720000,121932490,121652369,-207.121,0.000,0.000,1.000,3.000,0.000,0.000,0.000,0,0,0
B3_zmq_pushpull,zmq_tcp,none,none,,1,32974,512,584,1785153469434649000,1785153469434649000,1785153469434649000,1785153469434650000,1785153469434719000,1785153469434723000,1785153469434723000,1785153469434723000,121932490,121652369,-211.121,0.000,0.000,1.000,4.000,0.000,0.000,4.000,0,0,0
B3_zmq_pushpull,zmq_tcp,none,none,,1,32975,512,584,1785153469435644000,1785153469435644000,1785153469435644000,1785153469435645000,1785153469435692000,1785153469435696000,1785153469435696000,1785153469435696000,121932490,121652369,-233.121,0.000,0.000,1.000,4.000,0.000,0.000,22.000,0,0,0
B3_zmq_pushpull,zmq_tcp,none,none,,1,32976,512,584,1785153469436646000,1785153469436646000,1785153469436646000,1785153469436647000,1785153469436826000,1785153469436829000,1785153469436829000,1785153469436829000,121932490,121652369,-101.121,0.000,0.000,1.000,3.000,0.000,0.000,132.000,0,0,0
B3_zmq_pushpull,zmq_tcp,none,none,,1,32977,512,584,1785153469437645000,1785153469437645000,1785153469437645000,1785153469437646000,1785153469437695000,1785153469437698000,1785153469437698000,1785153469437698000,121932490,121652369,-231.121,0.000,0.000,1.000,3.000,0.000,0.000,130.000,0,0,0
B3_zmq_pushpull,zmq_tcp,none,none,,1,32978,512,584,1785153469438652000,1785153469438652000,1785153469438652000,1785153469438653000,1785153469438825000,1785153469438833000,1785153469438833000,1785153469438833000,121932490,121652369,-108.121,0.000,0.000,1.000,8.000,0.000,0.000,123.000,0,0,0
B3_zmq_pushpull,zmq_tcp,none,none,,1,32979,512,584,1785153469439649000,1785153469439649000,1785153469439649000,1785153469439650000,1785153469439789000,1785153469439793000,1785153469439793000,1785153469439793000,121932490,121652369,-141.121,0.000,0.000,1.000,4.000,0.000,0.000,33.000,0,0,0
B3_zmq_pushpull,zmq_tcp,none,none,,1,32980,512,584,1785153469440644000,1785153469440644000,1785153469440644000,1785153469440645000,1785153469440758000,1785153469440761000,1785153469440761000,1785153469440761000,121932490,121652369,-167.121,0.000,0.000,1.000,3.000,0.000,0.000,26.000,0,0,0
B3_zmq_pushpull,zmq_tcp,none,none,,1,32981,512,584,1785153469441648000,1785153469441649000,1785153469441649000,1785153469441649000,1785153469441728000,1785153469441731000,1785153469441731000,1785153469441731000,121932490,121652369,-201.121,1.000,0.000,0.000,3.000,0.000,0.000,34.000,0,0,0
B3_zmq_pushpull,zmq_tcp,none,none,,1,32982,512,584,1785153469442646000,1785153469442646000,1785153469442646000,1785153469442647000,1785153469442693000,1785153469442697000,1785153469442697000,1785153469442697000,121932490,121652369,-234.121,0.000,0.000,1.000,4.000,0.000,0.000,33.000,0,0,0
B3_zmq_pushpull,zmq_tcp,none,none,,1,32983,512,584,1785153469443646000,1785153469443646000,1785153469443646000,1785153469443648000,1785153469443807000,1785153469443810000,1785153469443810000,1785153469443810000,121932490,121652369,-121.121,0.000,0.000,2.000,3.000,0.000,0.000,113.000,0,0,0
B3_zmq_pushpull,zmq_tcp,none,none,,1,32984,512,584,1785153469444513000,1785153469444513000,1785153469444513000,1785153469444514000,1785153469444673000,1785153469444676000,1785153469444676000,1785153469444676000,121932490,121652369,-121.121,0.000,0.000,1.000,3.000,0.000,0.000,0.000,0,0,0
B3_zmq_pushpull,zmq_tcp,none,none,,1,32985,512,584,1785153469445680000,1785153469445680000,1785153469445680000,1785153469445681000,1785153469445824000,1785153469445827000,1785153469445827000,1785153469445827000,121932490,121652369,-137.121,0.000,0.000,1.000,3.000,0.000,0.000,16.000,0,0,0
B3_zmq_pushpull,zmq_tcp,none,none,,1,32986,512,584,1785153469446638000,1785153469446638000,1785153469446638000,1785153469446639000,1785153469446805000,1785153469446808000,1785153469446808000,1785153469446808000,121932490,121652369,-114.121,0.000,0.000,1.000,3.000,0.000,0.000,23.000,0,0,0
B3_zmq_pushpull,zmq_tcp,none,none,,1,32987,512,584,1785153469447651000,1785153469447651000,1785153469447651000,1785153469447658000,1785153469447752000,1785153469447755000,1785153469447755000,1785153469447755000,121932490,121652369,-186.121,0.000,0.000,7.000,3.000,0.000,0.000,72.000,0,0,0
B3_zmq_pushpull,zmq_tcp,none,none,,1,32988,512,584,1785153469448644000,1785153469448644000,1785153469448644000,1785153469448645000,1785153469448726000,1785153469448729000,1785153469448729000,1785153469448729000,121932490,121652369,-199.121,0.000,0.000,1.000,3.000,0.000,0.000,13.000,0,0,0
B3_zmq_pushpull,zmq_tcp,none,none,,1,32989,512,584,1785153469449648000,1785153469449648000,1785153469449648000,1785153469449649000,1785153469449817000,1785153469449820000,1785153469449820000,1785153469449820000,121932490,121652369,-112.121,0.000,0.000,1.000,3.000,0.000,0.000,87.000,0,0,0
B3_zmq_pushpull,zmq_tcp,none,none,,1,32990,512,584,1785153469450646000,1785153469450646000,1785153469450646000,1785153469450647000,1785153469450807000,1785153469450813000,1785153469450813000,1785153469450813000,121932490,121652369,-120.121,0.000,0.000,1.000,6.000,0.000,0.000,8.000,0,0,0
B3_zmq_pushpull,zmq_tcp,none,none,,1,32991,512,584,1785153469451647000,1785153469451648000,1785153469451648000,1785153469451649000,1785153469451814000,1785153469451817000,1785153469451817000,1785153469451817000,121932490,121652369,-115.121,1.000,0.000,1.000,3.000,0.000,0.000,5.000,0,0,0
B3_zmq_pushpull,zmq_tcp,none,none,,1,32992,512,584,1785153469452531000,1785153469452531000,1785153469452531000,1785153469452533000,1785153469452691000,1785153469452695000,1785153469452695000,1785153469452695000,121932490,121652369,-122.121,0.000,0.000,2.000,4.000,0.000,0.000,7.000,0,0,0
B3_zmq_pushpull,zmq_tcp,none,none,,1,32993,512,584,1785153469453517000,1785153469453517000,1785153469453517000,1785153469453519000,1785153469453677000,1785153469453681000,1785153469453681000,1785153469453681000,121932490,121652369,-122.121,0.000,0.000,2.000,4.000,0.000,0.000,0.000,0,0,0
B3_zmq_pushpull,zmq_tcp,none,none,,1,32994,512,584,1785153469454679000,1785153469454679000,1785153469454679000,1785153469454680000,1785153469454807000,1785153469454810000,1785153469454810000,1785153469454810000,121932490,121652369,-153.121,0.000,0.000,1.000,3.000,0.000,0.000,31.000,0,0,0
B3_zmq_pushpull,zmq_tcp,none,none,,1,32995,512,584,1785153469455502000,1785153469455503000,1785153469455503000,1785153469455504000,1785153469455672000,1785153469455679000,1785153469455679000,1785153469455679000,121932490,121652369,-112.121,1.000,0.000,1.000,7.000,0.000,0.000,41.000,0,0,0
B3_zmq_pushpull,zmq_tcp,none,none,,1,32996,512,584,1785153469456511000,1785153469456511000,1785153469456511000,1785153469456512000,1785153469456673000,1785153469456679000,1785153469456679000,1785153469456679000,121932490,121652369,-119.121,0.000,0.000,1.000,6.000,0.000,0.000,7.000,0,0,0
B3_zmq_pushpull,zmq_tcp,none,none,,1,32997,512,584,1785153469457511000,1785153469457512000,1785153469457512000,1785153469457513000,1785153469457670000,1785153469457673000,1785153469457674000,1785153469457674000,121932490,121652369,-123.121,1.000,0.000,1.000,3.000,1.000,0.000,4.000,0,0,0
B3_zmq_pushpull,zmq_tcp,none,none,,1,32998,512,584,1785153469458514000,1785153469458514000,1785153469458514000,1785153469458515000,1785153469458665000,1785153469458668000,1785153469458668000,1785153469458668000,121932490,121652369,-130.121,0.000,0.000,1.000,3.000,0.000,0.000,7.000,0,0,0
B3_zmq_pushpull,zmq_tcp,none,none,,1,32999,512,584,1785153469459683000,1785153469459683000,1785153469459683000,1785153469459684000,1785153469459808000,1785153469459815000,1785153469459815000,1785153469459815000,121932490,121652369,-156.121,0.000,0.000,1.000,7.000,0.000,0.000,26.000,0,0,0
B3_zmq_pushpull,zmq_tcp,none,none,,1,33000,512,584,1785153469460636000,1785153469460637000,1785153469460637000,1785153469460638000,1785153469460778000,1785153469460781000,1785153469460781000,1785153469460781000,121932490,121652369,-140.121,1.000,0.000,1.000,3.000,0.000,0.000,16.000,0,0,0
B3_zmq_pushpull,zmq_tcp,none,none,,1,33001,512,584,1785153469461652000,1785153469461652000,1785153469461652000,1785153469461653000,1785153469461735000,1785153469461738000,1785153469461738000,1785153469461738000,121932490,121652369,-198.121,0.000,0.000,1.000,3.000,0.000,0.000,58.000,0,0,0
B3_zmq_pushpull,zmq_tcp,none,none,,1,33002,512,584,1785153469462577000,1785153469462577000,1785153469462577000,1785153469462578000,1785153469462732000,1785153469462735000,1785153469462735000,1785153469462735000,121932490,121652369,-126.121,0.000,0.000,1.000,3.000,0.000,0.000,72.000,0,0,0
B3_zmq_pushpull,zmq_tcp,none,none,,1,33003,512,584,1785153469463664000,1785153469463664000,1785153469463665000,1785153469463665000,1785153469463728000,1785153469463730000,1785153469463730000,1785153469463730000,121932490,121652369,-217.121,0.000,1.000,0.000,2.000,0.000,0.000,91.000,0,0,0
B3_zmq_pushpull,zmq_tcp,none,none,,1,33004,512,584,1785153469464643000,1785153469464643000,1785153469464643000,1785153469464644000,1785153469464703000,1785153469464706000,1785153469464706000,1785153469464706000,121932490,121652369,-221.121,0.000,0.000,1.000,3.000,0.000,0.000,4.000,0,0,0
B3_zmq_pushpull,zmq_tcp,none,none,,1,33005,512,584,1785153469465651000,1785153469465651000,1785153469465651000,1785153469465652000,1785153469465826000,1785153469465829000,1785153469465829000,1785153469465829000,121932490,121652369,-106.121,0.000,0.000,1.000,3.000,0.000,0.000,115.000,0,0,0
B3_zmq_pushpull,zmq_tcp,none,none,,1,33006,512,584,1785153469466643000,1785153469466643000,1785153469466643000,1785153469466644000,1785153469466813000,1785153469466816000,1785153469466817000,1785153469466817000,121932490,121652369,-111.121,0.000,0.000,1.000,3.000,1.000,0.000,5.000,0,0,0
B3_zmq_pushpull,zmq_tcp,none,none,,1,33007,512,584,1785153469467517000,1785153469467517000,1785153469467517000,1785153469467518000,1785153469467670000,1785153469467673000,1785153469467673000,1785153469467673000,121932490,121652369,-128.121,0.000,0.000,1.000,3.000,0.000,0.000,17.000,0,0,0
B3_zmq_pushpull,zmq_tcp,none,none,,1,33008,512,584,1785153469468494000,1785153469468494000,1785153469468494000,1785153469468495000,1785153469468650000,1785153469468653000,1785153469468653000,1785153469468653000,121932490,121652369,-125.121,0.000,0.000,1.000,3.000,0.000,0.000,3.000,0,0,0
B3_zmq_pushpull,zmq_tcp,none,none,,1,33009,512,584,1785153469469688000,1785153469469688000,1785153469469688000,1785153469469689000,1785153469469798000,1785153469469801000,1785153469469801000,1785153469469801000,121932490,121652369,-171.121,0.000,0.000,1.000,3.000,0.000,0.000,46.000,0,0,0
B3_zmq_pushpull,zmq_tcp,none,none,,1,33010,512,584,1785153469470636000,1785153469470637000,1785153469470637000,1785153469470638000,1785153469470789000,1785153469470792000,1785153469470792000,1785153469470792000,121932490,121652369,-129.121,1.000,0.000,1.000,3.000,0.000,0.000,42.000,0,0,0
B3_zmq_pushpull,zmq_tcp,none,none,,1,33011,512,584,1785153469471649000,1785153469471649000,1785153469471649000,1785153469471650000,1785153469471785000,1785153469471788000,1785153469471788000,1785153469471788000,121932490,121652369,-145.121,0.000,0.000,1.000,3.000,0.000,0.000,16.000,0,0,0
B3_zmq_pushpull,zmq_tcp,none,none,,1,33012,512,584,1785153469472646000,1785153469472647000,1785153469472647000,1785153469472648000,1785153469472753000,1785153469472756000,1785153469472756000,1785153469472756000,121932490,121652369,-175.121,1.000,0.000,1.000,3.000,0.000,0.000,30.000,0,0,0
B3_zmq_pushpull,zmq_tcp,none,none,,1,33013,512,584,1785153469473647000,1785153469473647000,1785153469473647000,1785153469473648000,1785153469473746000,1785153469473748000,1785153469473748000,1785153469473748000,121932490,121652369,-182.121,0.000,0.000,1.000,2.000,0.000,0.000,7.000,0,0,0
B3_zmq_pushpull,zmq_tcp,none,none,,1,33014,512,584,1785153469474647000,1785153469474647000,1785153469474647000,1785153469474648000,1785153469474760000,1785153469474763000,1785153469474763000,1785153469474763000,121932490,121652369,-168.121,0.000,0.000,1.000,3.000,0.000,0.000,14.000,0,0,0
B3_zmq_pushpull,zmq_tcp,none,none,,1,33015,512,584,1785153469475648000,1785153469475648000,1785153469475648000,1785153469475649000,1785153469475756000,1785153469475759000,1785153469475759000,1785153469475759000,121932490,121652369,-173.121,0.000,0.000,1.000,3.000,0.000,0.000,5.000,0,0,0
B3_zmq_pushpull,zmq_tcp,none,none,,1,33016,512,584,1785153469476647000,1785153469476647000,1785153469476647000,1785153469476648000,1785153469476737000,1785153469476739000,1785153469476739000,1785153469476739000,121932490,121652369,-191.121,0.000,0.000,1.000,2.000,0.000,0.000,18.000,0,0,0
B3_zmq_pushpull,zmq_tcp,none,none,,1,33017,512,584,1785153469477649000,1785153469477649000,1785153469477649000,1785153469477650000,1785153469477718000,1785153469477720000,1785153469477720000,1785153469477720000,121932490,121652369,-212.121,0.000,0.000,1.000,2.000,0.000,0.000,21.000,0,0,0
B3_zmq_pushpull,zmq_tcp,none,none,,1,33018,512,584,1785153469478559000,1785153469478559000,1785153469478559000,1785153469478560000,1785153469478717000,1785153469478719000,1785153469478720000,1785153469478720000,121932490,121652369,-123.121,0.000,0.000,1.000,2.000,1.000,0.000,89.000,0,0,0
B3_zmq_pushpull,zmq_tcp,none,none,,1,33019,512,584,1785153469479571000,1785153469479571000,1785153469479571000,1785153469479572000,1785153469479730000,1785153469479733000,1785153469479733000,1785153469479733000,121932490,121652369,-122.121,0.000,0.000,1.000,3.000,0.000,0.000,1.000,0,0,0
B3_zmq_pushpull,zmq_tcp,none,none,,1,33020,512,584,1785153469480568000,1785153469480568000,1785153469480569000,1785153469480570000,1785153469480718000,1785153469480721000,1785153469480721000,1785153469480721000,121932490,121652369,-132.121,0.000,1.000,1.000,3.000,0.000,0.000,10.000,0,0,0
B3_zmq_pushpull,zmq_tcp,none,none,,1,33021,512,584,1785153469481454000,1785153469481454000,1785153469481454000,1785153469481455000,1785153469481598000,1785153469481601000,1785153469481601000,1785153469481601000,121932490,121652369,-137.121,0.000,0.000,1.000,3.000,0.000,0.000,5.000,0,0,0
B3_zmq_pushpull,zmq_tcp,none,none,,1,33022,512,584,1785153469482695000,1785153469482695000,1785153469482695000,1785153469482696000,1785153469482870000,1785153469482873000,1785153469482873000,1785153469482873000,121932490,121652369,-106.121,0.000,0.000,1.000,3.000,0.000,0.000,31.000,0,0,0
B3_zmq_pushpull,zmq_tcp,none,none,,1,33023,512,584,1785153469483577000,1785153469483577000,1785153469483577000,1785153469483578000,1785153469483738000,1785153469483741000,1785153469483741000,1785153469483741000,121932490,121652369,-120.121,0.000,0.000,1.000,3.000,0.000,0.000,14.000,0,0,0
B3_zmq_pushpull,zmq_tcp,none,none,,1,33024,512,584,1785153469484664000,1785153469484664000,1785153469484664000,1785153469484665000,1785153469484726000,1785153469484729000,1785153469484729000,1785153469484729000,121932490,121652369,-219.121,0.000,0.000,1.000,3.000,0.000,0.000,99.000,0,0,0
B3_zmq_pushpull,zmq_tcp,none,none,,1,33025,512,584,1785153469485642000,1785153469485642000,1785153469485642000,1785153469485643000,1785153469485694000,1785153469485697000,1785153469485697000,1785153469485697000,121932490,121652369,-229.121,0.000,0.000,1.000,3.000,0.000,0.000,10.000,0,0,0
B3_zmq_pushpull,zmq_tcp,none,none,,1,33026,512,584,1785153469486653000,1785153469486653000,1785153469486653000,1785153469486654000,1785153469486818000,1785153469486821000,1785153469486821000,1785153469486821000,121932490,121652369,-116.121,0.000,0.000,1.000,3.000,0.000,0.000,113.000,0,0,0
B3_zmq_pushpull,zmq_tcp,none,none,,1,33027,512,584,1785153469487526000,1785153469487526000,1785153469487526000,1785153469487527000,1785153469487683000,1785153469487689000,1785153469487689000,1785153469487689000,121932490,121652369,-124.121,0.000,0.000,1.000,6.000,0.000,0.000,8.000,0,0,0
B3_zmq_pushpull,zmq_tcp,none,none,,1,33028,512,584,1785153469488524000,1785153469488524000,1785153469488524000,1785153469488525000,1785153469488664000,1785153469488667000,1785153469488668000,1785153469488668000,121932490,121652369,-141.121,0.000,0.000,1.000,3.000,1.000,0.000,17.000,0,0,0
B3_zmq_pushpull,zmq_tcp,none,none,,1,33029,512,584,1785153469489493000,1785153469489493000,1785153469489493000,1785153469489494000,1785153469489653000,1785153469489656000,1785153469489656000,1785153469489656000,121932490,121652369,-121.121,0.000,0.000,1.000,3.000,0.000,0.000,20.000,0,0,0
B3_zmq_pushpull,zmq_tcp,none,none,,1,33030,512,584,1785153469490685000,1785153469490686000,1785153469490686000,1785153469490687000,1785153469490789000,1785153469490791000,1785153469490791000,1785153469490792000,121932490,121652369,-178.121,1.000,0.000,1.000,2.000,0.000,1.000,57.000,0,0,0
B3_zmq_pushpull,zmq_tcp,none,none,,1,33031,512,584,1785153469491638000,1785153469491638000,1785153469491638000,1785153469491639000,1785153469491792000,1785153469491794000,1785153469491794000,1785153469491794000,121932490,121652369,-127.121,0.000,0.000,1.000,2.000,0.000,0.000,51.000,0,0,0
B3_zmq_pushpull,zmq_tcp,none,none,,1,33032,512,584,1785153469492645000,1785153469492645000,1785153469492645000,1785153469492646000,1785153469492769000,1785153469492772000,1785153469492772000,1785153469492772000,121932490,121652369,-157.121,0.000,0.000,1.000,3.000,0.000,0.000,30.000,0,0,0
B3_zmq_pushpull,zmq_tcp,none,none,,1,33033,512,584,1785153469493647000,1785153469493647000,1785153469493647000,1785153469493648000,1785153469493737000,1785153469493740000,1785153469493740000,1785153469493740000,121932490,121652369,-191.121,0.000,0.000,1.000,3.000,0.000,0.000,34.000,0,0,0
B3_zmq_pushpull,zmq_tcp,none,none,,1,33034,512,584,1785153469494652000,1785153469494652000,1785153469494652000,1785153469494653000,1785153469494716000,1785153469494719000,1785153469494719000,1785153469494719000,121932490,121652369,-217.121,0.000,0.000,1.000,3.000,0.000,0.000,26.000,0,0,0
B3_zmq_pushpull,zmq_tcp,none,none,,1,33035,512,584,1785153469495643000,1785153469495643000,1785153469495643000,1785153469495644000,1785153469495725000,1785153469495728000,1785153469495728000,1785153469495728000,121932490,121652369,-199.121,0.000,0.000,1.000,3.000,0.000,0.000,18.000,0,0,0
B3_zmq_pushpull,zmq_tcp,none,none,,1,33036,512,584,1785153469496653000,1785153469496653000,1785153469496653000,1785153469496655000,1785153469496845000,1785153469496848000,1785153469496848000,1785153469496848000,121932490,121652369,-90.121,0.000,0.000,2.000,3.000,0.000,0.000,109.000,0,0,0
B3_zmq_pushpull,zmq_tcp,none,none,,1,33037,512,584,1785153469497650000,1785153469497650000,1785153469497650000,1785153469497651000,1785153469497829000,1785153469497832000,1785153469497832000,1785153469497832000,121932490,121652369,-102.121,0.000,0.000,1.000,3.000,0.000,0.000,12.000,0,0,0
B3_zmq_pushpull,zmq_tcp,none,none,,1,33038,512,584,1785153469498647000,1785153469498647000,1785153469498647000,1785153469498648000,1785153469498809000,1785153469498812000,1785153469498812000,1785153469498812000,121932490,121652369,-119.121,0.000,0.000,1.000,3.000,0.000,0.000,17.000,0,0,0
B3_zmq_pushpull,zmq_tcp,none,none,,1,33039,512,584,1785153469499644000,1785153469499644000,1785153469499644000,1785153469499645000,1785153469499778000,1785153469499781000,1785153469499781000,1785153469499781000,121932490,121652369,-147.121,0.000,0.000,1.000,3.000,0.000,0.000,28.000,0,0,0
B3_zmq_pushpull,zmq_tcp,none,none,,1,33040,512,584,1785153469500648000,1785153469500648000,1785153469500648000,1785153469500649000,1785153469500765000,1785153469500768000,1785153469500768000,1785153469500768000,121932490,121652369,-164.121,0.000,0.000,1.000,3.000,0.000,0.000,17.000,0,0,0
B3_zmq_pushpull,zmq_tcp,none,none,,1,33041,512,584,1785153469501647000,1785153469501647000,1785153469501647000,1785153469501648000,1785153469501754000,1785153469501757000,1785153469501757000,1785153469501757000,121932490,121652369,-174.121,0.000,0.000,1.000,3.000,0.000,0.000,10.000,0,0,0
B3_zmq_pushpull,zmq_tcp,none,none,,1,33042,512,584,1785153469502648000,1785153469502648000,1785153469502648000,1785153469502649000,1785153469502756000,1785153469502758000,1785153469502758000,1785153469502758000,121932490,121652369,-173.121,0.000,0.000,1.000,2.000,0.000,0.000,1.000,0,0,0
B3_zmq_pushpull,zmq_tcp,none,none,,1,33043,512,584,1785153469503644000,1785153469503645000,1785153469503645000,1785153469503646000,1785153469503736000,1785153469503738000,1785153469503738000,1785153469503738000,121932490,121652369,-190.121,1.000,0.000,1.000,2.000,0.000,0.000,17.000,0,0,0
B3_zmq_pushpull,zmq_tcp,none,none,,1,33044,512,584,1785153469504649000,1785153469504649000,1785153469504649000,1785153469504650000,1785153469504740000,1785153469504742000,1785153469504742000,1785153469504742000,121932490,121652369,-190.121,0.000,0.000,1.000,2.000,0.000,0.000,0.000,0,0,0
B3_zmq_pushpull,zmq_tcp,none,none,,1,33045,512,584,1785153469505647000,1785153469505647000,1785153469505647000,1785153469505648000,1785153469505742000,1785153469505745000,1785153469505745000,1785153469505745000,121932490,121652369,-186.121,0.000,0.000,1.000,3.000,0.000,0.000,4.000,0,0,0
B3_zmq_pushpull,zmq_tcp,none,none,,1,33046,512,584,1785153469506647000,1785153469506647000,1785153469506647000,1785153469506648000,1785153469506729000,1785153469506732000,1785153469506732000,1785153469506732000,121932490,121652369,-199.121,0.000,0.000,1.000,3.000,0.000,0.000,13.000,0,0,0
B3_zmq_pushpull,zmq_tcp,none,none,,1,33047,512,584,1785153469507644000,1785153469507644000,1785153469507644000,1785153469507645000,1785153469507725000,1785153469507728000,1785153469507728000,1785153469507728000,121932490,121652369,-200.121,0.000,0.000,1.000,3.000,0.000,0.000,1.000,0,0,0
B3_zmq_pushpull,zmq_tcp,none,none,,1,33048,512,584,1785153469508648000,1785153469508648000,1785153469508648000,1785153469508649000,1785153469508712000,1785153469508714000,1785153469508714000,1785153469508714000,121932490,121652369,-217.121,0.000,0.000,1.000,2.000,0.000,0.000,17.000,0,0,0
B3_zmq_pushpull,zmq_tcp,none,none,,1,33049,512,584,1785153469509647000,1785153469509647000,1785153469509647000,1785153469509648000,1785153469509712000,1785153469509715000,1785153469509715000,1785153469509715000,121932490,121652369,-216.121,0.000,0.000,1.000,3.000,0.000,0.000,1.000,0,0,0
B3_zmq_pushpull,zmq_tcp,none,none,,1,33050,512,584,1785153469510648000,1785153469510648000,1785153469510648000,1785153469510649000,1785153469510840000,1785153469510842000,1785153469510842000,1785153469510842000,121932490,121652369,-89.121,0.000,0.000,1.000,2.000,0.000,0.000,127.000,0,0,0
B3_zmq_pushpull,zmq_tcp,none,none,,1,33051,512,584,1785153469511647000,1785153469511647000,1785153469511647000,1785153469511648000,1785153469511692000,1785153469511696000,1785153469511696000,1785153469511696000,121932490,121652369,-236.121,0.000,0.000,1.000,4.000,0.000,0.000,147.000,0,0,0
B3_zmq_pushpull,zmq_tcp,none,none,,1,33052,512,584,1785153469512647000,1785153469512647000,1785153469512647000,1785153469512648000,1785153469512701000,1785153469512705000,1785153469512705000,1785153469512705000,121932490,121652369,-227.121,0.000,0.000,1.000,4.000,0.000,0.000,9.000,0,0,0
B3_zmq_pushpull,zmq_tcp,none,none,,1,33053,512,584,1785153469513647000,1785153469513647000,1785153469513647000,1785153469513648000,1785153469513682000,1785153469513685000,1785153469513685000,1785153469513685000,121932490,121652369,-246.121,0.000,0.000,1.000,3.000,0.000,0.000,19.000,0,0,0
B3_zmq_pushpull,zmq_tcp,none,none,,1,33054,512,584,1785153469514647000,1785153469514647000,1785153469514647000,1785153469514648000,1785153469514812000,1785153469514815000,1785153469514815000,1785153469514815000,121932490,121652369,-116.121,0.000,0.000,1.000,3.000,0.000,0.000,130.000,0,0,0
B3_zmq_pushpull,zmq_tcp,none,none,,1,33055,512,584,1785153469515530000,1785153469515530000,1785153469515530000,1785153469515531000,1785153469515690000,1785153469515693000,1785153469515693000,1785153469515693000,121932490,121652369,-121.121,0.000,0.000,1.000,3.000,0.000,0.000,5.000,0,0,0
B3_zmq_pushpull,zmq_tcp,none,none,,1,33056,512,584,1785153469516678000,1785153469516678000,1785153469516678000,1785153469516679000,1785153469516845000,1785153469516848000,1785153469516848000,1785153469516848000,121932490,121652369,-114.121,0.000,0.000,1.000,3.000,0.000,0.000,7.000,0,0,0
B3_zmq_pushpull,zmq_tcp,none,none,,1,33057,512,584,1785153469517639000,1785153469517639000,1785153469517639000,1785153469517640000,1785153469517699000,1785153469517702000,1785153469517702000,1785153469517702000,121932490,121652369,-221.121,0.000,0.000,1.000,3.000,0.000,0.000,107.000,0,0,0
B3_zmq_pushpull,zmq_tcp,none,none,,1,33058,512,584,1785153469518650000,1785153469518650000,1785153469518650000,1785153469518651000,1785153469518852000,1785153469518854000,1785153469518854000,1785153469518854000,121932490,121652369,-79.121,0.000,0.000,1.000,2.000,0.000,0.000,142.000,0,0,0
B3_zmq_pushpull,zmq_tcp,none,none,,1,33059,512,584,1785153469519556000,1785153469519556000,1785153469519556000,1785153469519557000,1785153469519700000,1785153469519703000,1785153469519703000,1785153469519703000,121932490,121652369,-137.121,0.000,0.000,1.000,3.000,0.000,0.000,58.000,0,0,0
B3_zmq_pushpull,zmq_tcp,none,none,,1,33060,512,584,1785153469520670000,1785153469520670000,1785153469520670000,1785153469520671000,1785153469520819000,1785153469520821000,1785153469520821000,1785153469520821000,121932490,121652369,-132.121,0.000,0.000,1.000,2.000,0.000,0.000,5.000,0,0,0
B3_zmq_pushpull,zmq_tcp,none,none,,1,33061,512,584,1785153469521528000,1785153469521528000,1785153469521528000,1785153469521529000,1785153469521688000,1785153469521691000,1785153469521691000,1785153469521691000,121932490,121652369,-121.121,0.000,0.000,1.000,3.000,0.000,0.000,11.000,0,0,0
B3_zmq_pushpull,zmq_tcp,none,none,,1,33062,512,584,1785153469522677000,1785153469522677000,1785153469522677000,1785153469522678000,1785153469522832000,1785153469522835000,1785153469522835000,1785153469522835000,121932490,121652369,-126.121,0.000,0.000,1.000,3.000,0.000,0.000,5.000,0,0,0
B3_zmq_pushpull,zmq_tcp,none,none,,1,33063,512,584,1785153469523640000,1785153469523640000,1785153469523640000,1785153469523641000,1785153469523693000,1785153469523696000,1785153469523696000,1785153469523696000,121932490,121652369,-228.121,0.000,0.000,1.000,3.000,0.000,0.000,102.000,0,0,0
B3_zmq_pushpull,zmq_tcp,none,none,,1,33064,512,584,1785153469524548000,1785153469524548000,1785153469524548000,1785153469524549000,1785153469524707000,1785153469524710000,1785153469524710000,1785153469524710000,121932490,121652369,-122.121,0.000,0.000,1.000,3.000,0.000,0.000,106.000,0,0,0
B3_zmq_pushpull,zmq_tcp,none,none,,1,33065,512,584,1785153469525529000,1785153469525529000,1785153469525529000,1785153469525530000,1785153469525685000,1785153469525688000,1785153469525688000,1785153469525688000,121932490,121652369,-125.121,0.000,0.000,1.000,3.000,0.000,0.000,3.000,0,0,0
B3_zmq_pushpull,zmq_tcp,none,none,,1,33066,512,584,1785153469526515000,1785153469526515000,1785153469526515000,1785153469526516000,1785153469526671000,1785153469526673000,1785153469526673000,1785153469526673000,121932490,121652369,-125.121,0.000,0.000,1.000,2.000,0.000,0.000,0.000,0,0,0
B3_zmq_pushpull,zmq_tcp,none,none,,1,33067,512,584,1785153469527502000,1785153469527502000,1785153469527502000,1785153469527503000,1785153469527656000,1785153469527658000,1785153469527658000,1785153469527658000,121932490,121652369,-127.121,0.000,0.000,1.000,2.000,0.000,0.000,2.000,0,0,0
B3_zmq_pushpull,zmq_tcp,none,none,,1,33068,512,584,1785153469528479000,1785153469528479000,1785153469528479000,1785153469528480000,1785153469528633000,1785153469528637000,1785153469528637000,1785153469528637000,121932490,121652369,-127.121,0.000,0.000,1.000,4.000,0.000,0.000,0.000,0,0,0
B3_zmq_pushpull,zmq_tcp,none,none,,1,33069,512,584,1785153469529690000,1785153469529690000,1785153469529690000,1785153469529691000,1785153469529773000,1785153469529776000,1785153469529776000,1785153469529776000,121932490,121652369,-198.121,0.000,0.000,1.000,3.000,0.000,0.000,71.000,0,0,0
B3_zmq_pushpull,zmq_tcp,none,none,,1,33070,512,584,1785153469530637000,1785153469530638000,1785153469530638000,1785153469530639000,1785153469530787000,1785153469530789000,1785153469530789000,1785153469530789000,121932490,121652369,-132.121,1.000,0.000,1.000,2.000,0.000,0.000,66.000,0,0,0
B3_zmq_pushpull,zmq_tcp,none,none,,1,33071,512,584,1785153469531492000,1785153469531492000,1785153469531492000,1785153469531493000,1785153469531640000,1785153469531642000,1785153469531643000,1785153469531643000,121932490,121652369,-133.121,0.000,0.000,1.000,2.000,1.000,0.000,1.000,0,0,0
B3_zmq_pushpull,zmq_tcp,none,none,,1,33072,512,584,1785153469532687000,1785153469532687000,1785153469532687000,1785153469532688000,1785153469532769000,1785153469532772000,1785153469532772000,1785153469532772000,121932490,121652369,-199.121,0.000,0.000,1.000,3.000,0.000,0.000,66.000,0,0,0
B3_zmq_pushpull,zmq_tcp,none,none,,1,33073,512,584,1785153469533637000,1785153469533638000,1785153469533638000,1785153469533639000,1785153469533759000,1785153469533761000,1785153469533761000,1785153469533761000,121932490,121652369,-160.121,1.000,0.000,1.000,2.000,0.000,0.000,39.000,0,0,0
B3_zmq_pushpull,zmq_tcp,none,none,,1,33074,512,584,1785153469534646000,1785153469534646000,1785153469534646000,1785153469534647000,1785153469534745000,1785153469534748000,1785153469534748000,1785153469534748000,121932490,121652369,-182.121,0.000,0.000,1.000,3.000,0.000,0.000,22.000,0,0,0
B3_zmq_pushpull,zmq_tcp,none,none,,1,33075,512,584,1785153469535647000,1785153469535647000,1785153469535647000,1785153469535648000,1785153469535740000,1785153469535742000,1785153469535743000,1785153469535743000,121932490,121652369,-188.121,0.000,0.000,1.000,2.000,1.000,0.000,6.000,0,0,0
B3_zmq_pushpull,zmq_tcp,none,none,,1,33076,512,584,1785153469536647000,1785153469536647000,1785153469536647000,1785153469536648000,1785153469536725000,1785153469536727000,1785153469536727000,1785153469536727000,121932490,121652369,-203.121,0.000,0.000,1.000,2.000,0.000,0.000,15.000,0,0,0
B3_zmq_pushpull,zmq_tcp,none,none,,1,33077,512,584,1785153469537644000,1785153469537644000,1785153469537645000,1785153469537645000,1785153469537716000,1785153469537718000,1785153469537718000,1785153469537719000,121932490,121652369,-209.121,0.000,1.000,0.000,2.000,0.000,1.000,6.000,0,0,0
B3_zmq_pushpull,zmq_tcp,none,none,,1,33078,512,584,1785153469538652000,1785153469538652000,1785153469538652000,1785153469538653000,1785153469538727000,1785153469538729000,1785153469538729000,1785153469538729000,121932490,121652369,-206.121,0.000,0.000,1.000,2.000,0.000,0.000,3.000,0,0,0
B3_zmq_pushpull,zmq_tcp,none,none,,1,33079,512,584,1785153469539646000,1785153469539646000,1785153469539646000,1785153469539647000,1785153469539731000,1785153469539733000,1785153469539733000,1785153469539733000,121932490,121652369,-196.121,0.000,0.000,1.000,2.000,0.000,0.000,10.000,0,0,0
B3_zmq_pushpull,zmq_tcp,none,none,,1,33080,512,584,1785153469540647000,1785153469540647000,1785153469540647000,1785153469540648000,1785153469540728000,1785153469540731000,1785153469540731000,1785153469540731000,121932490,121652369,-200.121,0.000,0.000,1.000,3.000,0.000,0.000,4.000,0,0,0
B3_zmq_pushpull,zmq_tcp,none,none,,1,33081,512,584,1785153469541644000,1785153469541645000,1785153469541645000,1785153469541646000,1785153469541732000,1785153469541734000,1785153469541735000,1785153469541735000,121932490,121652369,-194.121,1.000,0.000,1.000,2.000,1.000,0.000,6.000,0,0,0
B3_zmq_pushpull,zmq_tcp,none,none,,1,33082,512,584,1785153469542649000,1785153469542649000,1785153469542649000,1785153469542650000,1785153469542718000,1785153469542721000,1785153469542721000,1785153469542721000,121932490,121652369,-212.121,0.000,0.000,1.000,3.000,0.000,0.000,18.000,0,0,0
B3_zmq_pushpull,zmq_tcp,none,none,,1,33083,512,584,1785153469543648000,1785153469543648000,1785153469543648000,1785153469543649000,1785153469543709000,1785153469543712000,1785153469543712000,1785153469543712000,121932490,121652369,-220.121,0.000,0.000,1.000,3.000,0.000,0.000,8.000,0,0,0
B3_zmq_pushpull,zmq_tcp,none,none,,1,33084,512,584,1785153469544647000,1785153469544648000,1785153469544648000,1785153469544649000,1785153469544692000,1785153469544696000,1785153469544696000,1785153469544696000,121932490,121652369,-237.121,1.000,0.000,1.000,4.000,0.000,0.000,17.000,0,0,0
B3_zmq_pushpull,zmq_tcp,none,none,,1,33085,512,584,1785153469545647000,1785153469545647000,1785153469545647000,1785153469545648000,1785153469545831000,1785153469545836000,1785153469545836000,1785153469545836000,121932490,121652369,-97.121,0.000,0.000,1.000,5.000,0.000,0.000,140.000,0,0,0
B3_zmq_pushpull,zmq_tcp,none,none,,1,33086,512,584,1785153469546648000,1785153469546648000,1785153469546648000,1785153469546649000,1785153469546708000,1785153469546711000,1785153469546711000,1785153469546711000,121932490,121652369,-221.121,0.000,0.000,1.000,3.000,0.000,0.000,124.000,0,0,0
B3_zmq_pushpull,zmq_tcp,none,none,,1,33087,512,584,1785153469547647000,1785153469547647000,1785153469547647000,1785153469547648000,1785153469547705000,1785153469547709000,1785153469547709000,1785153469547709000,121932490,121652369,-223.121,0.000,0.000,1.000,4.000,0.000,0.000,2.000,0,0,0
B3_zmq_pushpull,zmq_tcp,none,none,,1,33088,512,584,1785153469548645000,1785153469548645000,1785153469548645000,1785153469548646000,1785153469548694000,1785153469548697000,1785153469548698000,1785153469548698000,121932490,121652369,-232.121,0.000,0.000,1.000,3.000,1.000,0.000,9.000,0,0,0
B3_zmq_pushpull,zmq_tcp,none,none,,1,33089,512,584,1785153469549649000,1785153469549649000,1785153469549649000,1785153469549651000,1785153469549819000,1785153469549822000,1785153469549822000,1785153469549822000,121932490,121652369,-112.121,0.000,0.000,2.000,3.000,0.000,0.000,120.000,0,0,0
B3_zmq_pushpull,zmq_tcp,none,none,,1,33090,512,584,1785153469550651000,1785153469550651000,1785153469550651000,1785153469550652000,1785153469550837000,1785153469550840000,1785153469550840000,1785153469550840000,121932490,121652369,-95.121,0.000,0.000,1.000,3.000,0.000,0.000,17.000,0,0,0
B3_zmq_pushpull,zmq_tcp,none,none,,1,33091,512,584,1785153469551643000,1785153469551643000,1785153469551643000,1785153469551644000,1785153469551703000,1785153469551706000,1785153469551706000,1785153469551706000,121932490,121652369,-221.121,0.000,0.000,1.000,3.000,0.000,0.000,126.000,0,0,0
B3_zmq_pushpull,zmq_tcp,none,none,,1,33092,512,584,1785153469552650000,1785153469552650000,1785153469552650000,1785153469552651000,1785153469552714000,1785153469552717000,1785153469552717000,1785153469552717000,121932490,121652369,-217.121,0.000,0.000,1.000,3.000,0.000,0.000,4.000,0,0,0
B3_zmq_pushpull,zmq_tcp,none,none,,1,33093,512,584,1785153469553647000,1785153469553647000,1785153469553647000,1785153469553648000,1785153469553709000,1785153469553712000,1785153469553713000,1785153469553713000,121932490,121652369,-219.121,0.000,0.000,1.000,3.000,1.000,0.000,2.000,0,0,0
B3_zmq_pushpull,zmq_tcp,none,none,,1,33094,512,584,1785153469554647000,1785153469554647000,1785153469554647000,1785153469554648000,1785153469554718000,1785153469554720000,1785153469554720000,1785153469554720000,121932490,121652369,-210.121,0.000,0.000,1.000,2.000,0.000,0.000,9.000,0,0,0
B3_zmq_pushpull,zmq_tcp,none,none,,1,33095,512,584,1785153469555645000,1785153469555645000,1785153469555645000,1785153469555646000,1785153469555723000,1785153469555725000,1785153469555725000,1785153469555725000,121932490,121652369,-203.121,0.000,0.000,1.000,2.000,0.000,0.000,7.000,0,0,0
B3_zmq_pushpull,zmq_tcp,none,none,,1,33096,512,584,1785153469556649000,1785153469556649000,1785153469556649000,1785153469556650000,1785153469556723000,1785153469556725000,1785153469556725000,1785153469556725000,121932490,121652369,-207.121,0.000,0.000,1.000,2.000,0.000,0.000,4.000,0,0,0
B3_zmq_pushpull,zmq_tcp,none,none,,1,33097,512,584,1785153469557650000,1785153469557650000,1785153469557650000,1785153469557651000,1785153469557719000,1785153469557722000,1785153469557722000,1785153469557722000,121932490,121652369,-212.121,0.000,0.000,1.000,3.000,0.000,0.000,5.000,0,0,0
B3_zmq_pushpull,zmq_tcp,none,none,,1,33098,512,584,1785153469558643000,1785153469558643000,1785153469558643000,1785153469558644000,1785153469558723000,1785153469558726000,1785153469558726000,1785153469558726000,121932490,121652369,-201.121,0.000,0.000,1.000,3.000,0.000,0.000,11.000,0,0,0
B3_zmq_pushpull,zmq_tcp,none,none,,1,33099,512,584,1785153469559649000,1785153469559650000,1785153469559650000,1785153469559651000,1785153469559717000,1785153469559720000,1785153469559720000,1785153469559720000,121932490,121652369,-214.121,1.000,0.000,1.000,3.000,0.000,0.000,13.000,0,0,0
B3_zmq_pushpull,zmq_tcp,none,none,,1,33100,512,584,1785153469560647000,1785153469560647000,1785153469560647000,1785153469560648000,1785153469560703000,1785153469560706000,1785153469560706000,1785153469560706000,121932490,121652369,-225.121,0.000,0.000,1.000,3.000,0.000,0.000,11.000,0,0,0
B3_zmq_pushpull,zmq_tcp,none,none,,1,33101,512,584,1785153469561647000,1785153469561647000,1785153469561647000,1785153469561648000,1785153469561704000,1785153469561707000,1785153469561707000,1785153469561707000,121932490,121652369,-224.121,0.000,0.000,1.000,3.000,0.000,0.000,1.000,0,0,0
B3_zmq_pushpull,zmq_tcp,none,none,,1,33102,512,584,1785153469562645000,1785153469562645000,1785153469562645000,1785153469562646000,1785153469562694000,1785153469562697000,1785153469562697000,1785153469562697000,121932490,121652369,-232.121,0.000,0.000,1.000,3.000,0.000,0.000,8.000,0,0,0
B3_zmq_pushpull,zmq_tcp,none,none,,1,33103,512,584,1785153469563649000,1785153469563649000,1785153469563649000,1785153469563650000,1785153469563690000,1785153469563694000,1785153469563694000,1785153469563694000,121932490,121652369,-240.121,0.000,0.000,1.000,4.000,0.000,0.000,8.000,0,0,0
B3_zmq_pushpull,zmq_tcp,none,none,,1,33104,512,584,1785153469564650000,1785153469564650000,1785153469564650000,1785153469564651000,1785153469564851000,1785153469564854000,1785153469564854000,1785153469564854000,121932490,121652369,-80.121,0.000,0.000,1.000,3.000,0.000,0.000,160.000,0,0,0
B3_zmq_pushpull,zmq_tcp,none,none,,1,33105,512,584,1785153469565644000,1785153469565644000,1785153469565644000,1785153469565645000,1785153469565694000,1785153469565697000,1785153469565697000,1785153469565697000,121932490,121652369,-231.121,0.000,0.000,1.000,3.000,0.000,0.000,151.000,0,0,0
B3_zmq_pushpull,zmq_tcp,none,none,,1,33106,512,584,1785153469566555000,1785153469566555000,1785153469566555000,1785153469566556000,1785153469566705000,1785153469566708000,1785153469566708000,1785153469566708000,121932490,121652369,-131.121,0.000,0.000,1.000,3.000,0.000,0.000,100.000,0,0,0
B3_zmq_pushpull,zmq_tcp,none,none,,1,33107,512,584,1785153469567673000,1785153469567673000,1785153469567673000,1785153469567674000,1785153469567839000,1785153469567842000,1785153469567842000,1785153469567842000,121932490,121652369,-115.121,0.000,0.000,1.000,3.000,0.000,0.000,16.000,0,0,0
B3_zmq_pushpull,zmq_tcp,none,none,,1,33108,512,584,1785153469568638000,1785153469568638000,1785153469568638000,1785153469568639000,1785153469568685000,1785153469568688000,1785153469568688000,1785153469568688000,121932490,121652369,-234.121,0.000,0.000,1.000,3.000,0.000,0.000,119.000,0,0,0
B3_zmq_pushpull,zmq_tcp,none,none,,1,33109,512,584,1785153469569650000,1785153469569650000,1785153469569650000,1785153469569651000,1785153469569805000,1785153469569808000,1785153469569808000,1785153469569808000,121932490,121652369,-126.121,0.000,0.000,1.000,3.000,0.000,0.000,108.000,0,0,0
B3_zmq_pushpull,zmq_tcp,none,none,,1,33110,512,584,1785153469570505000,1785153469570505000,1785153469570505000,1785153469570506000,1785153469570659000,1785153469570661000,1785153469570661000,1785153469570661000,121932490,121652369,-127.121,0.000,0.000,1.000,2.000,0.000,0.000,1.000,0,0,0
B3_zmq_pushpull,zmq_tcp,none,none,,1,33111,512,584,1785153469571518000,1785153469571518000,1785153469571518000,1785153469571519000,1785153469571676000,1785153469571680000,1785153469571680000,1785153469571680000,121932490,121652369,-123.121,0.000,0.000,1.000,4.000,0.000,0.000,4.000,0,0,0
B3_zmq_pushpull,zmq_tcp,none,none,,1,33112,512,584,1785153469572676000,1785153469572676000,1785153469572676000,1785153469572677000,1785153469572821000,1785153469572824000,1785153469572824000,1785153469572824000,121932490,121652369,-136.121,0.000,0.000,1.000,3.000,0.000,0.000,13.000,0,0,0
B3_zmq_pushpull,zmq_tcp,none,none,,1,33113,512,584,1785153469573642000,1785153469573643000,1785153469573643000,1785153469573644000,1785153469573800000,1785153469573803000,1785153469573803000,1785153469573803000,121932490,121652369,-124.121,1.000,0.000,1.000,3.000,0.000,0.000,12.000,0,0,0
B3_zmq_pushpull,zmq_tcp,none,none,,1,33114,512,584,1785153469574649000,1785153469574649000,1785153469574649000,1785153469574650000,1785153469574796000,1785153469574799000,1785153469574799000,1785153469574799000,121932490,121652369,-134.121,0.000,0.000,1.000,3.000,0.000,0.000,10.000,0,0,0
B3_zmq_pushpull,zmq_tcp,none,none,,1,33115,512,584,1785153469575646000,1785153469575646000,1785153469575646000,1785153469575647000,1785153469575784000,1785153469575787000,1785153469575787000,1785153469575787000,121932490,121652369,-143.121,0.000,0.000,1.000,3.000,0.000,0.000,9.000,0,0,0
B3_zmq_pushpull,zmq_tcp,none,none,,1,33116,512,584,1785153469576459000,1785153469576459000,1785153469576459000,1785153469576460000,1785153469576614000,1785153469576617000,1785153469576617000,1785153469576617000,121932490,121652369,-126.121,0.000,0.000,1.000,3.000,0.000,0.000,17.000,0,0,0
B3_zmq_pushpull,zmq_tcp,none,none,,1,33117,512,584,1785153469577694000,1785153469577695000,1785153469577695000,1785153469577696000,1785153469577879000,1785153469577881000,1785153469577881000,1785153469577881000,121932490,121652369,-97.121,1.000,0.000,1.000,2.000,0.000,0.000,29.000,0,0,0
B3_zmq_pushpull,zmq_tcp,none,none,,1,33118,512,584,1785153469578633000,1785153469578633000,1785153469578633000,1785153469578634000,1785153469578739000,1785153469578742000,1785153469578742000,1785153469578742000,121932490,121652369,-175.121,0.000,0.000,1.000,3.000,0.000,0.000,78.000,0,0,0
B3_zmq_pushpull,zmq_tcp,none,none,,1,33119,512,584,1785153469579653000,1785153469579653000,1785153469579653000,1785153469579654000,1785153469579722000,1785153469579725000,1785153469579725000,1785153469579725000,121932490,121652369,-212.121,0.000,0.000,1.000,3.000,0.000,0.000,37.000,0,0,0
B3_zmq_pushpull,zmq_tcp,none,none,,1,33120,512,584,1785153469580552000,1785153469580552000,1785153469580552000,1785153469580553000,1785153469580713000,1785153469580716000,1785153469580716000,1785153469580716000,121932490,121652369,-120.121,0.000,0.000,1.000,3.000,0.000,0.000,92.000,0,0,0
B3_zmq_pushpull,zmq_tcp,none,none,,1,33121,512,584,1785153469581671000,1785153469581671000,1785153469581672000,1785153469581672000,1785153469581843000,1785153469581845000,1785153469581845000,1785153469581845000,121932490,121652369,-109.121,0.000,1.000,0.000,2.000,0.000,0.000,11.000,0,0,0
B3_zmq_pushpull,zmq_tcp,none,none,,1,33122,512,584,1785153469582638000,1785153469582638000,1785153469582638000,1785153469582639000,1785153469582799000,1785153469582801000,1785153469582801000,1785153469582801000,121932490,121652369,-120.121,0.000,0.000,1.000,2.000,0.000,0.000,11.000,0,0,0
B3_zmq_pushpull,zmq_tcp,none,none,,1,33123,512,584,1785153469583650000,1785153469583650000,1785153469583650000,1785153469583651000,1785153469583785000,1785153469583788000,1785153469583788000,1785153469583788000,121932490,121652369,-146.121,0.000,0.000,1.000,3.000,0.000,0.000,26.000,0,0,0
B3_zmq_pushpull,zmq_tcp,none,none,,1,33124,512,584,1785153469584647000,1785153469584647000,1785153469584647000,1785153469584648000,1785153469584786000,1785153469584789000,1785153469584789000,1785153469584789000,121932490,121652369,-142.121,0.000,0.000,1.000,3.000,0.000,0.000,4.000,0,0,0
B3_zmq_pushpull,zmq_tcp,none,none,,1,33125,512,584,1785153469585647000,1785153469585647000,1785153469585647000,1785153469585648000,1785153469585780000,1785153469585783000,1785153469585783000,1785153469585783000,121932490,121652369,-148.121,0.000,0.000,1.000,3.000,0.000,0.000,6.000,0,0,0
B3_zmq_pushpull,zmq_tcp,none,none,,1,33126,512,584,1785153469586646000,1785153469586646000,1785153469586646000,1785153469586647000,1785153469586776000,1785153469586779000,1785153469586779000,1785153469586779000,121932490,121652369,-151.121,0.000,0.000,1.000,3.000,0.000,0.000,3.000,0,0,0
B3_zmq_pushpull,zmq_tcp,none,none,,1,33127,512,584,1785153469587649000,1785153469587649000,1785153469587649000,1785153469587650000,1785153469587776000,1785153469587779000,1785153469587779000,1785153469587779000,121932490,121652369,-154.121,0.000,0.000,1.000,3.000,0.000,0.000,3.000,0,0,0
B3_zmq_pushpull,zmq_tcp,none,none,,1,33128,512,584,1785153469588647000,1785153469588647000,1785153469588647000,1785153469588648000,1785153469588763000,1785153469588766000,1785153469588766000,1785153469588766000,121932490,121652369,-165.121,0.000,0.000,1.000,3.000,0.000,0.000,11.000,0,0,0
B3_zmq_pushpull,zmq_tcp,none,none,,1,33129,512,584,1785153469589459000,1785153469589459000,1785153469589459000,1785153469589460000,1785153469589612000,1785153469589615000,1785153469589615000,1785153469589615000,121932490,121652369,-128.121,0.000,0.000,1.000,3.000,0.000,0.000,37.000,0,0,0
B3_zmq_pushpull,zmq_tcp,none,none,,1,33130,512,584,1785153469590450000,1785153469590450000,1785153469590450000,1785153469590451000,1785153469590591000,1785153469590593000,1785153469590593000,1785153469590593000,121932490,121652369,-140.121,0.000,0.000,1.000,2.000,0.000,0.000,12.000,0,0,0
B3_zmq_pushpull,zmq_tcp,none,none,,1,33131,512,584,1785153469591566000,1785153469591566000,1785153469591566000,1785153469591567000,1785153469591713000,1785153469591715000,1785153469591715000,1785153469591715000,121932490,121652369,-134.121,0.000,0.000,1.000,2.000,0.000,0.000,6.000,0,0,0
B3_zmq_pushpull,zmq_tcp,none,none,,1,33132,512,584,1785153469592667000,1785153469592668000,1785153469592668000,1785153469592669000,1785153469592852000,1785153469592855000,1785153469592855000,1785153469592855000,121932490,121652369,-97.121,1.000,0.000,1.000,3.000,0.000,0.000,37.000,0,0,0
B3_zmq_pushpull,zmq_tcp,none,none,,1,33133,512,584,1785153469593642000,1785153469593642000,1785153469593642000,1785153469593643000,1785153469593705000,1785153469593708000,1785153469593708000,1785153469593708000,121932490,121652369,-218.121,0.000,0.000,1.000,3.000,0.000,0.000,121.000,0,0,0
B3_zmq_pushpull,zmq_tcp,none,none,,1,33134,512,584,1785153469594649000,1785153469594649000,1785153469594649000,1785153469594650000,1785153469594840000,1785153469594843000,1785153469594843000,1785153469594843000,121932490,121652369,-90.121,0.000,0.000,1.000,3.000,0.000,0.000,128.000,0,0,0
B3_zmq_pushpull,zmq_tcp,none,none,,1,33135,512,584,1785153469595647000,1785153469595648000,1785153469595648000,1785153469595649000,1785153469595706000,1785153469595709000,1785153469595709000,1785153469595709000,121932490,121652369,-223.121,1.000,0.000,1.000,3.000,0.000,0.000,133.000,0,0,0
B3_zmq_pushpull,zmq_tcp,none,none,,1,33136,512,584,1785153469596647000,1785153469596648000,1785153469596648000,1785153469596648000,1785153469596809000,1785153469596812000,1785153469596812000,1785153469596812000,121932490,121652369,-119.121,1.000,0.000,0.000,3.000,0.000,0.000,104.000,0,0,0
B3_zmq_pushpull,zmq_tcp,none,none,,1,33137,512,584,1785153469597645000,1785153469597645000,1785153469597645000,1785153469597646000,1785153469597795000,1785153469597797000,1785153469597797000,1785153469597798000,121932490,121652369,-131.121,0.000,0.000,1.000,2.000,0.000,1.000,12.000,0,0,0
B3_zmq_pushpull,zmq_tcp,none,none,,1,33138,512,584,1785153469598649000,1785153469598649000,1785153469598649000,1785153469598650000,1785153469598772000,1785153469598775000,1785153469598775000,1785153469598775000,121932490,121652369,-158.121,0.000,0.000,1.000,3.000,0.000,0.000,27.000,0,0,0
B3_zmq_pushpull,zmq_tcp,none,none,,1,33139,512,584,1785153469599650000,1785153469599650000,1785153469599651000,1785153469599651000,1785153469599762000,1785153469599764000,1785153469599764000,1785153469599764000,121932490,121652369,-169.121,0.000,1.000,0.000,2.000,0.000,0.000,11.000,0,0,0
B3_zmq_pushpull,zmq_tcp,none,none,,1,33140,512,584,1785153469600644000,1785153469600644000,1785153469600644000,1785153469600645000,1785153469600776000,1785153469600779000,1785153469600779000,1785153469600779000,121932490,121652369,-149.121,0.000,0.000,1.000,3.000,0.000,0.000,20.000,0,0,0
B3_zmq_pushpull,zmq_tcp,none,none,,1,33141,512,584,1785153469601648000,1785153469601649000,1785153469601649000,1785153469601650000,1785153469601764000,1785153469601767000,1785153469601767000,1785153469601767000,121932490,121652369,-166.121,1.000,0.000,1.000,3.000,0.000,0.000,17.000,0,0,0
B3_zmq_pushpull,zmq_tcp,none,none,,1,33142,512,584,1785153469602648000,1785153469602648000,1785153469602648000,1785153469602649000,1785153469602760000,1785153469602763000,1785153469602763000,1785153469602763000,121932490,121652369,-169.121,0.000,0.000,1.000,3.000,0.000,0.000,3.000,0,0,0
B3_zmq_pushpull,zmq_tcp,none,none,,1,33143,512,584,1785153469603647000,1785153469603647000,1785153469603648000,1785153469603648000,1785153469603746000,1785153469603748000,1785153469603748000,1785153469603748000,121932490,121652369,-182.121,0.000,1.000,0.000,2.000,0.000,0.000,13.000,0,0,0
B3_zmq_pushpull,zmq_tcp,none,none,,1,33144,512,584,1785153469604647000,1785153469604647000,1785153469604647000,1785153469604648000,1785153469604740000,1785153469604743000,1785153469604743000,1785153469604743000,121932490,121652369,-188.121,0.000,0.000,1.000,3.000,0.000,0.000,6.000,0,0,0
B3_zmq_pushpull,zmq_tcp,none,none,,1,33145,512,584,1785153469605648000,1785153469605648000,1785153469605648000,1785153469605649000,1785153469605744000,1785153469605747000,1785153469605747000,1785153469605747000,121932490,121652369,-185.121,0.000,0.000,1.000,3.000,0.000,0.000,3.000,0,0,0
B3_zmq_pushpull,zmq_tcp,none,none,,1,33146,512,584,1785153469606453000,1785153469606454000,1785153469606454000,1785153469606455000,1785153469606593000,1785153469606596000,1785153469606596000,1785153469606596000,121932490,121652369,-142.121,1.000,0.000,1.000,3.000,0.000,0.000,43.000,0,0,0
B3_zmq_pushpull,zmq_tcp,none,none,,1,33147,512,584,1785153469607697000,1785153469607697000,1785153469607697000,1785153469607698000,1785153469607875000,1785153469607877000,1785153469607877000,1785153469607877000,121932490,121652369,-103.121,0.000,0.000,1.000,2.000,0.000,0.000,39.000,0,0,0
B3_zmq_pushpull,zmq_tcp,none,none,,1,33148,512,584,1785153469608635000,1785153469608635000,1785153469608635000,1785153469608636000,1785153469608740000,1785153469608743000,1785153469608743000,1785153469608743000,121932490,121652369,-176.121,0.000,0.000,1.000,3.000,0.000,0.000,73.000,0,0,0
B3_zmq_pushpull,zmq_tcp,none,none,,1,33149,512,584,1785153469609652000,1785153469609652000,1785153469609652000,1785153469609653000,1785153469609728000,1785153469609731000,1785153469609731000,1785153469609731000,121932490,121652369,-205.121,0.000,0.000,1.000,3.000,0.000,0.000,29.000,0,0,0
B3_zmq_pushpull,zmq_tcp,none,none,,1,33150,512,584,1785153469610646000,1785153469610646000,1785153469610646000,1785153469610647000,1785153469610715000,1785153469610718000,1785153469610718000,1785153469610718000,121932490,121652369,-212.121,0.000,0.000,1.000,3.000,0.000,0.000,7.000,0,0,0
B3_zmq_pushpull,zmq_tcp,none,none,,1,33151,512,584,1785153469611647000,1785153469611647000,1785153469611647000,1785153469611648000,1785153469611703000,1785153469611706000,1785153469611706000,1785153469611706000,121932490,121652369,-225.121,0.000,0.000,1.000,3.000,0.000,0.000,13.000,0,0,0
B3_zmq_pushpull,zmq_tcp,none,none,,1,33152,512,584,1785153469612645000,1785153469612646000,1785153469612646000,1785153469612647000,1785153469612690000,1785153469612693000,1785153469612693000,1785153469612693000,121932490,121652369,-237.121,1.000,0.000,1.000,3.000,0.000,0.000,12.000,0,0,0
B3_zmq_pushpull,zmq_tcp,none,none,,1,33153,512,584,1785153469613646000,1785153469613647000,1785153469613647000,1785153469613648000,1785153469613799000,1785153469613801000,1785153469613801000,1785153469613801000,121932490,121652369,-129.121,1.000,0.000,1.000,2.000,0.000,0.000,108.000,0,0,0
B3_zmq_pushpull,zmq_tcp,none,none,,1,33154,512,584,1785153469614526000,1785153469614526000,1785153469614526000,1785153469614528000,1785153469614671000,1785153469614674000,1785153469614674000,1785153469614674000,121932490,121652369,-137.121,0.000,0.000,2.000,3.000,0.000,0.000,8.000,0,0,0
B3_zmq_pushpull,zmq_tcp,none,none,,1,33155,512,584,1785153469615528000,1785153469615528000,1785153469615528000,1785153469615529000,1785153469615690000,1785153469615692000,1785153469615692000,1785153469615692000,121932490,121652369,-119.121,0.000,0.000,1.000,2.000,0.000,0.000,18.000,0,0,0
B3_zmq_pushpull,zmq_tcp,none,none,,1,33156,512,584,1785153469616676000,1785153469616676000,1785153469616676000,1785153469616677000,1785153469616822000,1785153469616825000,1785153469616825000,1785153469616825000,121932490,121652369,-135.121,0.000,0.000,1.000,3.000,0.000,0.000,16.000,0,0,0
B3_zmq_pushpull,zmq_tcp,none,none,,1,33157,512,584,1785153469617641000,1785153469617641000,1785153469617641000,1785153469617642000,1785153469617675000,1785153469617678000,1785153469617678000,1785153469617678000,121932490,121652369,-247.121,0.000,0.000,1.000,3.000,0.000,0.000,112.000,0,0,0
B3_zmq_pushpull,zmq_tcp,none,none,,1,33158,512,584,1785153469618649000,1785153469618649000,1785153469618649000,1785153469618650000,1785153469618823000,1785153469618826000,1785153469618826000,1785153469618826000,121932490,121652369,-107.121,0.000,0.000,1.000,3.000,0.000,0.000,140.000,0,0,0
B3_zmq_pushpull,zmq_tcp,none,none,,1,33159,512,584,1785153469619648000,1785153469619648000,1785153469619648000,1785153469619649000,1785153469619788000,1785153469619791000,1785153469619791000,1785153469619791000,121932490,121652369,-141.121,0.000,0.000,1.000,3.000,0.000,0.000,34.000,0,0,0
B3_zmq_pushpull,zmq_tcp,none,none,,1,33160,512,584,1785153469620649000,1785153469620649000,1785153469620649000,1785153469620650000,1785153469620792000,1785153469620795000,1785153469620795000,1785153469620795000,121932490,121652369,-138.121,0.000,0.000,1.000,3.000,0.000,0.000,3.000,0,0,0
B3_zmq_pushpull,zmq_tcp,none,none,,1,33161,512,584,1785153469621647000,1785153469621647000,1785153469621648000,1785153469621648000,1785153469621788000,1785153469621791000,1785153469621791000,1785153469621791000,121932490,121652369,-140.121,0.000,1.000,0.000,3.000,0.000,0.000,2.000,0,0,0
B3_zmq_pushpull,zmq_tcp,none,none,,1,33162,512,584,1785153469622649000,1785153469622649000,1785153469622649000,1785153469622650000,1785153469622774000,1785153469622777000,1785153469622777000,1785153469622777000,121932490,121652369,-156.121,0.000,0.000,1.000,3.000,0.000,0.000,16.000,0,0,0
B3_zmq_pushpull,zmq_tcp,none,none,,1,33163,512,584,1785153469623644000,1785153469623644000,1785153469623644000,1785153469623645000,1785153469623757000,1785153469623760000,1785153469623760000,1785153469623760000,121932490,121652369,-168.121,0.000,0.000,1.000,3.000,0.000,0.000,12.000,0,0,0
B3_zmq_pushpull,zmq_tcp,none,none,,1,33164,512,584,1785153469624649000,1785153469624649000,1785153469624649000,1785153469624650000,1785153469624736000,1785153469624740000,1785153469624740000,1785153469624740000,121932490,121652369,-194.121,0.000,0.000,1.000,4.000,0.000,0.000,26.000,0,0,0
B3_zmq_pushpull,zmq_tcp,none,none,,1,33165,512,584,1785153469625565000,1785153469625566000,1785153469625566000,1785153469625567000,1785153469625708000,1785153469625711000,1785153469625711000,1785153469625711000,121932490,121652369,-139.121,1.000,0.000,1.000,3.000,0.000,0.000,55.000,0,0,0
B3_zmq_pushpull,zmq_tcp,none,none,,1,33166,512,584,1785153469626668000,1785153469626668000,1785153469626668000,1785153469626669000,1785153469626794000,1785153469626797000,1785153469626797000,1785153469626797000,121932490,121652369,-155.121,0.000,0.000,1.000,3.000,0.000,0.000,16.000,0,0,0
B3_zmq_pushpull,zmq_tcp,none,none,,1,33167,512,584,1785153469627641000,1785153469627641000,1785153469627641000,1785153469627642000,1785153469627805000,1785153469627807000,1785153469627807000,1785153469627807000,121932490,121652369,-117.121,0.000,0.000,1.000,2.000,0.000,0.000,38.000,0,0,0
B3_zmq_pushpull,zmq_tcp,none,none,,1,33168,512,584,1785153469628648000,1785153469628648000,1785153469628648000,1785153469628649000,1785153469628787000,1785153469628791000,1785153469628791000,1785153469628791000,121932490,121652369,-142.121,0.000,0.000,1.000,4.000,0.000,0.000,25.000,0,0,0
B3_zmq_pushpull,zmq_tcp,none,none,,1,33169,512,584,1785153469629646000,1785153469629646000,1785153469629647000,1785153469629647000,1785153469629760000,1785153469629762000,1785153469629762000,1785153469629762000,121932490,121652369,-167.121,0.000,1.000,0.000,2.000,0.000,0.000,25.000,0,0,0
B3_zmq_pushpull,zmq_tcp,none,none,,1,33170,512,584,1785153469630647000,1785153469630647000,1785153469630647000,1785153469630648000,1785153469630751000,1785153469630754000,1785153469630754000,1785153469630754000,121932490,121652369,-177.121,0.000,0.000,1.000,3.000,0.000,0.000,10.000,0,0,0
B3_zmq_pushpull,zmq_tcp,none,none,,1,33171,512,584,1785153469631644000,1785153469631644000,1785153469631644000,1785153469631645000,1785153469631717000,1785153469631719000,1785153469631719000,1785153469631719000,121932490,121652369,-208.121,0.000,0.000,1.000,2.000,0.000,0.000,31.000,0,0,0
B3_zmq_pushpull,zmq_tcp,none,none,,1,33172,512,584,1785153469632648000,1785153469632648000,1785153469632648000,1785153469632649000,1785153469632705000,1785153469632707000,1785153469632707000,1785153469632707000,121932490,121652369,-224.121,0.000,0.000,1.000,2.000,0.000,0.000,16.000,0,0,0
B3_zmq_pushpull,zmq_tcp,none,none,,1,33173,512,584,1785153469633646000,1785153469633647000,1785153469633647000,1785153469633647000,1785153469633810000,1785153469633813000,1785153469633813000,1785153469633813000,121932490,121652369,-117.121,1.000,0.000,0.000,3.000,0.000,0.000,107.000,0,0,0
B3_zmq_pushpull,zmq_tcp,none,none,,1,33174,512,584,1785153469634502000,1785153469634502000,1785153469634502000,1785153469634503000,1785153469634650000,1785153469634654000,1785153469634654000,1785153469634654000,121932490,121652369,-133.121,0.000,0.000,1.000,4.000,0.000,0.000,16.000,0,0,0
B3_zmq_pushpull,zmq_tcp,none,none,,1,33175,512,584,1785153469635476000,1785153469635476000,1785153469635476000,1785153469635477000,1785153469635634000,1785153469635637000,1785153469635637000,1785153469635637000,121932490,121652369,-123.121,0.000,0.000,1.000,3.000,0.000,0.000,10.000,0,0,0
B3_zmq_pushpull,zmq_tcp,none,none,,1,33176,512,584,1785153469636474000,1785153469636474000,1785153469636474000,1785153469636475000,1785153469636622000,1785153469636625000,1785153469636625000,1785153469636625000,121932490,121652369,-133.121,0.000,0.000,1.000,3.000,0.000,0.000,10.000,0,0,0
B3_zmq_pushpull,zmq_tcp,none,none,,1,33177,512,584,1785153469637690000,1785153469637691000,1785153469637691000,1785153469637692000,1785153469637750000,1785153469637754000,1785153469637754000,1785153469637754000,121932490,121652369,-222.121,1.000,0.000,1.000,4.000,0.000,0.000,89.000,0,0,0
B3_zmq_pushpull,zmq_tcp,none,none,,1,33178,512,584,1785153469638633000,1785153469638633000,1785153469638633000,1785153469638634000,1785153469638729000,1785153469638732000,1785153469638732000,1785153469638732000,121932490,121652369,-185.121,0.000,0.000,1.000,3.000,0.000,0.000,37.000,0,0,0
B3_zmq_pushpull,zmq_tcp,none,none,,1,33179,512,584,1785153469639650000,1785153469639651000,1785153469639651000,1785153469639652000,1785153469639694000,1785153469639698000,1785153469639698000,1785153469639698000,121932490,121652369,-238.121,1.000,0.000,1.000,4.000,0.000,0.000,53.000,0,0,0
B3_zmq_pushpull,zmq_tcp,none,none,,1,33180,512,584,1785153469640647000,1785153469640647000,1785153469640647000,1785153469640648000,1785153469640808000,1785153469640811000,1785153469640811000,1785153469640811000,121932490,121652369,-120.121,0.000,0.000,1.000,3.000,0.000,0.000,118.000,0,0,0
B3_zmq_pushpull,zmq_tcp,none,none,,1,33181,512,584,1785153469641494000,1785153469641494000,1785153469641494000,1785153469641495000,1785153469641652000,1785153469641654000,1785153469641654000,1785153469641654000,121932490,121652369,-123.121,0.000,0.000,1.000,2.000,0.000,0.000,3.000,0,0,0
B3_zmq_pushpull,zmq_tcp,none,none,,1,33182,512,584,1785153469642471000,1785153469642471000,1785153469642471000,1785153469642472000,1785153469642632000,1785153469642634000,1785153469642634000,1785153469642634000,121932490,121652369,-120.121,0.000,0.000,1.000,2.000,0.000,0.000,3.000,0,0,0
B3_zmq_pushpull,zmq_tcp,none,none,,1,33183,512,584,1785153469643690000,1785153469643691000,1785153469643691000,1785153469643692000,1785153469643739000,1785153469643743000,1785153469643743000,1785153469643743000,121932490,121652369,-233.121,1.000,0.000,1.000,4.000,0.000,0.000,113.000,0,0,0
B3_zmq_pushpull,zmq_tcp,none,none,,1,33184,512,584,1785153469644636000,1785153469644636000,1785153469644636000,1785153469644637000,1785153469644728000,1785153469644731000,1785153469644731000,1785153469644731000,121932490,121652369,-189.121,0.000,0.000,1.000,3.000,0.000,0.000,44.000,0,0,0
B3_zmq_pushpull,zmq_tcp,none,none,,1,33185,512,584,1785153469645646000,1785153469645647000,1785153469645647000,1785153469645648000,1785153469645708000,1785153469645710000,1785153469645710000,1785153469645710000,121932490,121652369,-220.121,1.000,0.000,1.000,2.000,0.000,0.000,31.000,0,0,0
B3_zmq_pushpull,zmq_tcp,none,none,,1,33186,512,584,1785153469646647000,1785153469646647000,1785153469646647000,1785153469646648000,1785153469646690000,1785153469646694000,1785153469646694000,1785153469646694000,121932490,121652369,-238.121,0.000,0.000,1.000,4.000,0.000,0.000,18.000,0,0,0
B3_zmq_pushpull,zmq_tcp,none,none,,1,33187,512,584,1785153469647646000,1785153469647647000,1785153469647647000,1785153469647648000,1785153469647715000,1785153469647718000,1785153469647718000,1785153469647718000,121932490,121652369,-213.121,1.000,0.000,1.000,3.000,0.000,0.000,25.000,0,0,0
B3_zmq_pushpull,zmq_tcp,none,none,,1,33188,512,584,1785153469648645000,1785153469648645000,1785153469648645000,1785153469648646000,1785153469648705000,1785153469648708000,1785153469648708000,1785153469648708000,121932490,121652369,-221.121,0.000,0.000,1.000,3.000,0.000,0.000,8.000,0,0,0
B3_zmq_pushpull,zmq_tcp,none,none,,1,33189,512,584,1785153469649538000,1785153469649539000,1785153469649539000,1785153469649540000,1785153469649698000,1785153469649701000,1785153469649701000,1785153469649701000,121932490,121652369,-122.121,1.000,0.000,1.000,3.000,0.000,0.000,99.000,0,0,0
B3_zmq_pushpull,zmq_tcp,none,none,,1,33190,512,584,1785153469650676000,1785153469650676000,1785153469650676000,1785153469650677000,1785153469650798000,1785153469650801000,1785153469650801000,1785153469650801000,121932490,121652369,-159.121,0.000,0.000,1.000,3.000,0.000,0.000,37.000,0,0,0
B3_zmq_pushpull,zmq_tcp,none,none,,1,33191,512,584,1785153469651464000,1785153469651464000,1785153469651464000,1785153469651466000,1785153469651608000,1785153469651611000,1785153469651611000,1785153469651611000,121932490,121652369,-138.121,0.000,0.000,2.000,3.000,0.000,0.000,21.000,0,0,0
B3_zmq_pushpull,zmq_tcp,none,none,,1,33192,512,584,1785153469652692000,1785153469652692000,1785153469652692000,1785153469652693000,1785153469652834000,1785153469652837000,1785153469652837000,1785153469652837000,121932490,121652369,-139.121,0.000,0.000,1.000,3.000,0.000,0.000,1.000,0,0,0
B3_zmq_pushpull,zmq_tcp,none,none,,1,33193,512,584,1785153469653636000,1785153469653636000,1785153469653636000,1785153469653637000,1785153469653806000,1785153469653809000,1785153469653809000,1785153469653809000,121932490,121652369,-111.121,0.000,0.000,1.000,3.000,0.000,0.000,28.000,0,0,0
B3_zmq_pushpull,zmq_tcp,none,none,,1,33194,512,584,1785153469654649000,1785153469654649000,1785153469654649000,1785153469654650000,1785153469654787000,1785153469654790000,1785153469654790000,1785153469654790000,121932490,121652369,-143.121,0.000,0.000,1.000,3.000,0.000,0.000,32.000,0,0,0
B3_zmq_pushpull,zmq_tcp,none,none,,1,33195,512,584,1785153469655645000,1785153469655646000,1785153469655646000,1785153469655647000,1785153469655805000,1785153469655808000,1785153469655808000,1785153469655808000,121932490,121652369,-122.121,1.000,0.000,1.000,3.000,0.000,0.000,21.000,0,0,0
B3_zmq_pushpull,zmq_tcp,none,none,,1,33196,512,584,1785153469656648000,1785153469656649000,1785153469656649000,1785153469656650000,1785153469656797000,1785153469656800000,1785153469656800000,1785153469656800000,121932490,121652369,-133.121,1.000,0.000,1.000,3.000,0.000,0.000,11.000,0,0,0
B3_zmq_pushpull,zmq_tcp,none,none,,1,33197,512,584,1785153469657647000,1785153469657647000,1785153469657647000,1785153469657648000,1785153469657781000,1785153469657784000,1785153469657784000,1785153469657784000,121932490,121652369,-147.121,0.000,0.000,1.000,3.000,0.000,0.000,14.000,0,0,0
B3_zmq_pushpull,zmq_tcp,none,none,,1,33198,512,584,1785153469658646000,1785153469658647000,1785153469658647000,1785153469658648000,1785153469658764000,1785153469658766000,1785153469658766000,1785153469658766000,121932490,121652369,-164.121,1.000,0.000,1.000,2.000,0.000,0.000,17.000,0,0,0
B3_zmq_pushpull,zmq_tcp,none,none,,1,33199,512,584,1785153469659644000,1785153469659644000,1785153469659644000,1785153469659645000,1785153469659741000,1785153469659744000,1785153469659744000,1785153469659744000,121932490,121652369,-184.121,0.000,0.000,1.000,3.000,0.000,0.000,20.000,0,0,0
B3_zmq_pushpull,zmq_tcp,none,none,,1,33200,512,584,1785153469660648000,1785153469660648000,1785153469660648000,1785153469660649000,1785153469660721000,1785153469660724000,1785153469660724000,1785153469660724000,121932490,121652369,-208.121,0.000,0.000,1.000,3.000,0.000,0.000,24.000,0,0,0
B3_zmq_pushpull,zmq_tcp,none,none,,1,33201,512,584,1785153469661647000,1785153469661647000,1785153469661647000,1785153469661648000,1785153469661721000,1785153469661724000,1785153469661724000,1785153469661724000,121932490,121652369,-207.121,0.000,0.000,1.000,3.000,0.000,0.000,1.000,0,0,0
B3_zmq_pushpull,zmq_tcp,none,none,,1,33202,512,584,1785153469662649000,1785153469662649000,1785153469662649000,1785153469662650000,1785153469662722000,1785153469662725000,1785153469662725000,1785153469662725000,121932490,121652369,-208.121,0.000,0.000,1.000,3.000,0.000,0.000,1.000,0,0,0
B3_zmq_pushpull,zmq_tcp,none,none,,1,33203,512,584,1785153469663532000,1785153469663532000,1785153469663532000,1785153469663533000,1785153469663693000,1785153469663696000,1785153469663696000,1785153469663696000,121932490,121652369,-120.121,0.000,0.000,1.000,3.000,0.000,0.000,88.000,0,0,0
B3_zmq_pushpull,zmq_tcp,none,none,,1,33204,512,584,1785153469664679000,1785153469664679000,1785153469664679000,1785153469664680000,1785153469664796000,1785153469664798000,1785153469664798000,1785153469664798000,121932490,121652369,-164.121,0.000,0.000,1.000,2.000,0.000,0.000,44.000,0,0,0
B3_zmq_pushpull,zmq_tcp,none,none,,1,33205,512,584,1785153469665639000,1785153469665639000,1785153469665639000,1785153469665640000,1785153469665777000,1785153469665780000,1785153469665780000,1785153469665780000,121932490,121652369,-143.121,0.000,0.000,1.000,3.000,0.000,0.000,21.000,0,0,0
B3_zmq_pushpull,zmq_tcp,none,none,,1,33206,512,584,1785153469666649000,1785153469666649000,1785153469666649000,1785153469666650000,1785153469666744000,1785153469666746000,1785153469666746000,1785153469666746000,121932490,121652369,-186.121,0.000,0.000,1.000,2.000,0.000,0.000,43.000,0,0,0
B3_zmq_pushpull,zmq_tcp,none,none,,1,33207,512,584,1785153469667643000,1785153469667643000,1785153469667643000,1785153469667644000,1785153469667709000,1785153469667712000,1785153469667712000,1785153469667712000,121932490,121652369,-215.121,0.000,0.000,1.000,3.000,0.000,0.000,29.000,0,0,0
B3_zmq_pushpull,zmq_tcp,none,none,,1,33208,512,584,1785153469668649000,1785153469668650000,1785153469668650000,1785153469668651000,1785153469668832000,1785153469668835000,1785153469668835000,1785153469668835000,121932490,121652369,-99.121,1.000,0.000,1.000,3.000,0.000,0.000,116.000,0,0,0
B3_zmq_pushpull,zmq_tcp,none,none,,1,33209,512,584,1785153469669649000,1785153469669650000,1785153469669650000,1785153469669651000,1785153469669811000,1785153469669813000,1785153469669813000,1785153469669813000,121932490,121652369,-120.121,1.000,0.000,1.000,2.000,0.000,0.000,21.000,0,0,0
B3_zmq_pushpull,zmq_tcp,none,none,,1,33210,512,584,1785153469670643000,1785153469670643000,1785153469670643000,1785153469670644000,1785153469670794000,1785153469670797000,1785153469670797000,1785153469670797000,121932490,121652369,-130.121,0.000,0.000,1.000,3.000,0.000,0.000,10.000,0,0,0
B3_zmq_pushpull,zmq_tcp,none,none,,1,33211,512,584,1785153469671648000,1785153469671648000,1785153469671648000,1785153469671649000,1785153469671749000,1785153469671752000,1785153469671752000,1785153469671752000,121932490,121652369,-180.121,0.000,0.000,1.000,3.000,0.000,0.000,50.000,0,0,0
B3_zmq_pushpull,zmq_tcp,none,none,,1,33212,512,584,1785153469672647000,1785153469672647000,1785153469672648000,1785153469672648000,1785153469672738000,1785153469672742000,1785153469672742000,1785153469672742000,121932490,121652369,-190.121,0.000,1.000,0.000,4.000,0.000,0.000,10.000,0,0,0
B3_zmq_pushpull,zmq_tcp,none,none,,1,33213,512,584,1785153469673647000,1785153469673647000,1785153469673647000,1785153469673648000,1785153469673718000,1785153469673721000,1785153469673721000,1785153469673721000,121932490,121652369,-210.121,0.000,0.000,1.000,3.000,0.000,0.000,20.000,0,0,0
B3_zmq_pushpull,zmq_tcp,none,none,,1,33214,512,584,1785153469674647000,1785153469674647000,1785153469674647000,1785153469674648000,1785153469674700000,1785153469674703000,1785153469674703000,1785153469674703000,121932490,121652369,-228.121,0.000,0.000,1.000,3.000,0.000,0.000,18.000,0,0,0
B3_zmq_pushpull,zmq_tcp,none,none,,1,33215,512,584,1785153469675649000,1785153469675649000,1785153469675649000,1785153469675650000,1785153469675712000,1785153469675715000,1785153469675715000,1785153469675715000,121932490,121652369,-218.121,0.000,0.000,1.000,3.000,0.000,0.000,10.000,0,0,0
B3_zmq_pushpull,zmq_tcp,none,none,,1,33216,512,584,1785153469676649000,1785153469676650000,1785153469676650000,1785153469676651000,1785153469676730000,1785153469676733000,1785153469676733000,1785153469676733000,121932490,121652369,-201.121,1.000,0.000,1.000,3.000,0.000,0.000,17.000,0,0,0
B3_zmq_pushpull,zmq_tcp,none,none,,1,33217,512,584,1785153469677578000,1785153469677578000,1785153469677578000,1785153469677579000,1785153469677715000,1785153469677719000,1785153469677719000,1785153469677719000,121932490,121652369,-144.121,0.000,0.000,1.000,4.000,0.000,0.000,57.000,0,0,0
B3_zmq_pushpull,zmq_tcp,none,none,,1,33218,512,584,1785153469678664000,1785153469678664000,1785153469678664000,1785153469678665000,1785153469678824000,1785153469678827000,1785153469678828000,1785153469678828000,121932490,121652369,-121.121,0.000,0.000,1.000,3.000,1.000,0.000,23.000,0,0,0
B3_zmq_pushpull,zmq_tcp,none,none,,1,33219,512,584,1785153469679643000,1785153469679643000,1785153469679643000,1785153469679644000,1785153469679687000,1785153469679690000,1785153469679690000,1785153469679690000,121932490,121652369,-237.121,0.000,0.000,1.000,3.000,0.000,0.000,116.000,0,0,0
B3_zmq_pushpull,zmq_tcp,none,none,,1,33220,512,584,1785153469680648000,1785153469680648000,1785153469680648000,1785153469680649000,1785153469680785000,1785153469680788000,1785153469680788000,1785153469680788000,121932490,121652369,-144.121,0.000,0.000,1.000,3.000,0.000,0.000,93.000,0,0,0
B3_zmq_pushpull,zmq_tcp,none,none,,1,33221,512,584,1785153469681466000,1785153469681466000,1785153469681466000,1785153469681467000,1785153469681617000,1785153469681620000,1785153469681620000,1785153469681620000,121932490,121652369,-130.121,0.000,0.000,1.000,3.000,0.000,0.000,14.000,0,0,0
B3_zmq_pushpull,zmq_tcp,none,none,,1,33222,512,584,1785153469682454000,1785153469682454000,1785153469682454000,1785153469682455000,1785153469682612000,1785153469682614000,1785153469682614000,1785153469682614000,121932490,121652369,-123.121,0.000,0.000,1.000,2.000,0.000,0.000,7.000,0,0,0
B3_zmq_pushpull,zmq_tcp,none,none,,1,33223,512,584,1785153469683456000,1785153469683457000,1785153469683457000,1785153469683458000,1785153469683617000,1785153469683620000,1785153469683620000,1785153469683620000,121932490,121652369,-121.121,1.000,0.000,1.000,3.000,0.000,0.000,2.000,0,0,0
B3_zmq_pushpull,zmq_tcp,none,none,,1,33224,512,584,1785153469684698000,1785153469684698000,1785153469684698000,1785153469684699000,1785153469684850000,1785153469684853000,1785153469684853000,1785153469684853000,121932490,121652369,-129.121,0.000,0.000,1.000,3.000,0.000,0.000,8.000,0,0,0
B3_zmq_pushpull,zmq_tcp,none,none,,1,33225,512,584,1785153469685634000,1785153469685634000,1785153469685634000,1785153469685635000,1785153469685803000,1785153469685806000,1785153469685806000,1785153469685806000,121932490,121652369,-112.121,0.000,0.000,1.000,3.000,0.000,0.000,17.000,0,0,0
B3_zmq_pushpull,zmq_tcp,none,none,,1,33226,512,584,1785153469686651000,1785153469686651000,1785153469686651000,1785153469686652000,1785153469686771000,1785153469686774000,1785153469686774000,1785153469686774000,121932490,121652369,-161.121,0.000,0.000,1.000,3.000,0.000,0.000,49.000,0,0,0
B3_zmq_pushpull,zmq_tcp,none,none,,1,33227,512,584,1785153469687477000,1785153469687477000,1785153469687477000,1785153469687478000,1785153469687620000,1785153469687624000,1785153469687624000,1785153469687624000,121932490,121652369,-138.121,0.000,0.000,1.000,4.000,0.000,0.000,23.000,0,0,0
B3_zmq_pushpull,zmq_tcp,none,none,,1,33228,512,584,1785153469688577000,1785153469688577000,1785153469688578000,1785153469688578000,1785153469688733000,1785153469688736000,1785153469688736000,1785153469688736000,121932490,121652369,-125.121,0.000,1.000,0.000,3.000,0.000,0.000,13.000,0,0,0
B3_zmq_pushpull,zmq_tcp,none,none,,1,33229,512,584,1785153469689666000,1785153469689667000,1785153469689667000,1785153469689668000,1785153469689724000,1785153469689727000,1785153469689727000,1785153469689727000,121932490,121652369,-224.121,1.000,0.000,1.000,3.000,0.000,0.000,99.000,0,0,0
B3_zmq_pushpull,zmq_tcp,none,none,,1,33230,512,584,1785153469690526000,1785153469690526000,1785153469690526000,1785153469690527000,1785153469690682000,1785153469690685000,1785153469690685000,1785153469690685000,121932490,121652369,-125.121,0.000,0.000,1.000,3.000,0.000,0.000,99.000,0,0,0
B3_zmq_pushpull,zmq_tcp,none,none,,1,33231,512,584,1785153469691677000,1785153469691677000,1785153469691678000,1785153469691678000,1785153469691812000,1785153469691814000,1785153469691814000,1785153469691814000,121932490,121652369,-146.121,0.000,1.000,0.000,2.000,0.000,0.000,21.000,0,0,0
B3_zmq_pushpull,zmq_tcp,none,none,,1,33232,512,584,1785153469692639000,1785153469692639000,1785153469692639000,1785153469692640000,1785153469692790000,1785153469692793000,1785153469692793000,1785153469692793000,121932490,121652369,-130.121,0.000,0.000,1.000,3.000,0.000,0.000,16.000,0,0,0
B3_zmq_pushpull,zmq_tcp,none,none,,1,33233,512,584,1785153469693482000,1785153469693482000,1785153469693482000,1785153469693483000,1785153469693636000,1785153469693639000,1785153469693639000,1785153469693639000,121932490,121652369,-127.121,0.000,0.000,1.000,3.000,0.000,0.000,3.000,0,0,0
B3_zmq_pushpull,zmq_tcp,none,none,,1,33234,512,584,1785153469694452000,1785153469694453000,1785153469694453000,1785153469694454000,1785153469694605000,1785153469694608000,1785153469694608000,1785153469694608000,121932490,121652369,-129.121,1.000,0.000,1.000,3.000,0.000,0.000,2.000,0,0,0
B3_zmq_pushpull,zmq_tcp,none,none,,1,33235,512,584,1785153469695550000,1785153469695550000,1785153469695550000,1785153469695551000,1785153469695704000,1785153469695707000,1785153469695707000,1785153469695707000,121932490,121652369,-127.121,0.000,0.000,1.000,3.000,0.000,0.000,2.000,0,0,0
B3_zmq_pushpull,zmq_tcp,none,none,,1,33236,512,584,1785153469696672000,1785153469696672000,1785153469696672000,1785153469696673000,1785153469696843000,1785153469696845000,1785153469696845000,1785153469696845000,121932490,121652369,-110.121,0.000,0.000,1.000,2.000,0.000,0.000,17.000,0,0,0
B3_zmq_pushpull,zmq_tcp,none,none,,1,33237,512,584,1785153469697647000,1785153469697647000,1785153469697647000,1785153469697648000,1785153469697810000,1785153469697814000,1785153469697814000,1785153469697814000,121932490,121652369,-118.121,0.000,0.000,1.000,4.000,0.000,0.000,8.000,0,0,0
B3_zmq_pushpull,zmq_tcp,none,none,,1,33238,512,584,1785153469698647000,1785153469698647000,1785153469698647000,1785153469698648000,1785153469698769000,1785153469698772000,1785153469698772000,1785153469698772000,121932490,121652369,-159.121,0.000,0.000,1.000,3.000,0.000,0.000,41.000,0,0,0
B3_zmq_pushpull,zmq_tcp,none,none,,1,33239,512,584,1785153469699645000,1785153469699646000,1785153469699646000,1785153469699647000,1785153469699735000,1785153469699738000,1785153469699738000,1785153469699738000,121932490,121652369,-192.121,1.000,0.000,1.000,3.000,0.000,0.000,33.000,0,0,0
B3_zmq_pushpull,zmq_tcp,none,none,,1,33240,512,584,1785153469700555000,1785153469700555000,1785153469700555000,1785153469700556000,1785153469700699000,1785153469700701000,1785153469700701000,1785153469700701000,121932490,121652369,-137.121,0.000,0.000,1.000,2.000,0.000,0.000,55.000,0,0,0
B3_zmq_pushpull,zmq_tcp,none,none,,1,33241,512,584,1785153469701508000,1785153469701508000,1785153469701508000,1785153469701509000,1785153469701659000,1785153469701661000,1785153469701661000,1785153469701661000,121932490,121652369,-130.121,0.000,0.000,1.000,2.000,0.000,0.000,7.000,0,0,0
B3_zmq_pushpull,zmq_tcp,none,none,,1,33242,512,584,1785153469702500000,1785153469702500000,1785153469702500000,1785153469702501000,1785153469702660000,1785153469702662000,1785153469702662000,1785153469702662000,121932490,121652369,-121.121,0.000,0.000,1.000,2.000,0.000,0.000,9.000,0,0,0
B3_zmq_pushpull,zmq_tcp,none,none,,1,33243,512,584,1785153469703686000,1785153469703686000,1785153469703686000,1785153469703687000,1785153469703772000,1785153469703775000,1785153469703775000,1785153469703775000,121932490,121652369,-195.121,0.000,0.000,1.000,3.000,0.000,0.000,74.000,0,0,0
B3_zmq_pushpull,zmq_tcp,none,none,,1,33244,512,584,1785153469704637000,1785153469704638000,1785153469704638000,1785153469704639000,1785153469704753000,1785153469704756000,1785153469704756000,1785153469704756000,121932490,121652369,-166.121,1.000,0.000,1.000,3.000,0.000,0.000,29.000,0,0,0
B3_zmq_pushpull,zmq_tcp,none,none,,1,33245,512,584,1785153469705652000,1785153469705652000,1785153469705652000,1785153469705653000,1785153469705730000,1785153469705732000,1785153469705732000,1785153469705732000,121932490,121652369,-203.121,0.000,0.000,1.000,2.000,0.000,0.000,37.000,0,0,0
B3_zmq_pushpull,zmq_tcp,none,none,,1,33246,512,584,1785153469706549000,1785153469706550000,1785153469706550000,1785153469706551000,1785153469706706000,1785153469706710000,1785153469706710000,1785153469706710000,121932490,121652369,-125.121,1.000,0.000,1.000,4.000,0.000,0.000,78.000,0,0,0
B3_zmq_pushpull,zmq_tcp,none,none,,1,33247,512,584,1785153469707543000,1785153469707543000,1785153469707543000,1785153469707544000,1785153469707695000,1785153469707698000,1785153469707698000,1785153469707698000,121932490,121652369,-129.121,0.000,0.000,1.000,3.000,0.000,0.000,4.000,0,0,0
B3_zmq_pushpull,zmq_tcp,none,none,,1,33248,512,584,1785153469708511000,1785153469708511000,1785153469708511000,1785153469708512000,1785153469708663000,1785153469708665000,1785153469708665000,1785153469708665000,121932490,121652369,-129.121,0.000,0.000,1.000,2.000,0.000,0.000,0.000,0,0,0
B3_zmq_pushpull,zmq_tcp,none,none,,1,33249,512,584,1785153469709480000,1785153469709480000,1785153469709480000,1785153469709481000,1785153469709624000,1785153469709627000,1785153469709627000,1785153469709627000,121932490,121652369,-137.121,0.000,0.000,1.000,3.000,0.000,0.000,8.000,0,0,0
B3_zmq_pushpull,zmq_tcp,none,none,,1,33250,512,584,1785153469710686000,1785153469710686000,1785153469710686000,1785153469710687000,1785153469710759000,1785153469710762000,1785153469710762000,1785153469710762000,121932490,121652369,-208.121,0.000,0.000,1.000,3.000,0.000,0.000,71.000,0,0,0
B3_zmq_pushpull,zmq_tcp,none,none,,1,33251,512,584,1785153469711640000,1785153469711640000,1785153469711640000,1785153469711641000,1785153469711744000,1785153469711747000,1785153469711747000,1785153469711747000,121932490,121652369,-177.121,0.000,0.000,1.000,3.000,0.000,0.000,31.000,0,0,0
B3_zmq_pushpull,zmq_tcp,none,none,,1,33252,512,584,1785153469712649000,1785153469712650000,1785153469712650000,1785153469712651000,1785153469712727000,1785153469712729000,1785153469712729000,1785153469712729000,121932490,121652369,-204.121,1.000,0.000,1.000,2.000,0.000,0.000,27.000,0,0,0
B3_zmq_pushpull,zmq_tcp,none,none,,1,33253,512,584,1785153469713549000,1785153469713549000,1785153469713549000,1785153469713550000,1785153469713701000,1785153469713704000,1785153469713704000,1785153469713704000,121932490,121652369,-129.121,0.000,0.000,1.000,3.000,0.000,0.000,75.000,0,0,0
B3_zmq_pushpull,zmq_tcp,none,none,,1,33254,512,584,1785153469714672000,1785153469714672000,1785153469714672000,1785153469714673000,1785153469714809000,1785153469714812000,1785153469714812000,1785153469714812000,121932490,121652369,-144.121,0.000,0.000,1.000,3.000,0.000,0.000,15.000,0,0,0
B3_zmq_pushpull,zmq_tcp,none,none,,1,33255,512,584,1785153469715642000,1785153469715642000,1785153469715642000,1785153469715643000,1785153469715779000,1785153469715781000,1785153469715781000,1785153469715781000,121932490,121652369,-144.121,0.000,0.000,1.000,2.000,0.000,0.000,0.000,0,0,0
B3_zmq_pushpull,zmq_tcp,none,none,,1,33256,512,584,1785153469716477000,1785153469716477000,1785153469716477000,1785153469716478000,1785153469716625000,1785153469716627000,1785153469716627000,1785153469716627000,121932490,121652369,-133.121,0.000,0.000,1.000,2.000,0.000,0.000,11.000,0,0,0
B3_zmq_pushpull,zmq_tcp,none,none,,1,33257,512,584,1785153469717687000,1785153469717687000,1785153469717687000,1785153469717688000,1785153469717868000,1785153469717872000,1785153469717872000,1785153469717872000,121932490,121652369,-100.121,0.000,0.000,1.000,4.000,0.000,0.000,33.000,0,0,0
B3_zmq_pushpull,zmq_tcp,none,none,,1,33258,512,584,1785153469718568000,1785153469718568000,1785153469718569000,1785153469718569000,1785153469718720000,1785153469718723000,1785153469718723000,1785153469718723000,121932490,121652369,-129.121,0.000,1.000,0.000,3.000,0.000,0.000,29.000,0,0,0
B3_zmq_pushpull,zmq_tcp,none,none,,1,33259,512,584,1785153469719545000,1785153469719545000,1785153469719545000,1785153469719546000,1785153469719693000,1785153469719696000,1785153469719696000,1785153469719696000,121932490,121652369,-133.121,0.000,0.000,1.000,3.000,0.000,0.000,4.000,0,0,0
B3_zmq_pushpull,zmq_tcp,none,none,,1,33260,512,584,1785153469720520000,1785153469720520000,1785153469720521000,1785153469720522000,1785153469720671000,1785153469720673000,1785153469720673000,1785153469720673000,121932490,121652369,-131.121,0.000,1.000,1.000,2.000,0.000,0.000,2.000,0,0,0
B3_zmq_pushpull,zmq_tcp,none,none,,1,33261,512,584,1785153469721680000,1785153469721680000,1785153469721680000,1785153469721681000,1785153469721797000,1785153469721800000,1785153469721800000,1785153469721800000,121932490,121652369,-164.121,0.000,0.000,1.000,3.000,0.000,0.000,33.000,0,0,0
B3_zmq_pushpull,zmq_tcp,none,none,,1,33262,512,584,1785153469722639000,1785153469722639000,1785153469722639000,1785153469722640000,1785153469722760000,1785153469722763000,1785153469722763000,1785153469722763000,121932490,121652369,-160.121,0.000,0.000,1.000,3.000,0.000,0.000,4.000,0,0,0
B3_zmq_pushpull,zmq_tcp,none,none,,1,33263,512,584,1785153469723648000,1785153469723648000,1785153469723648000,1785153469723649000,1785153469723732000,1785153469723735000,1785153469723735000,1785153469723735000,121932490,121652369,-197.121,0.000,0.000,1.000,3.000,0.000,0.000,37.000,0,0,0
B3_zmq_pushpull,zmq_tcp,none,none,,1,33264,512,584,1785153469724561000,1785153469724562000,1785153469724562000,1785153469724563000,1785153469724705000,1785153469724708000,1785153469724708000,1785153469724708000,121932490,121652369,-138.121,1.000,0.000,1.000,3.000,0.000,0.000,59.000,0,0,0
B3_zmq_pushpull,zmq_tcp,none,none,,1,33265,512,584,1785153469725671000,1785153469725671000,1785153469725671000,1785153469725672000,1785153469725831000,1785153469725833000,1785153469725833000,1785153469725833000,121932490,121652369,-121.121,0.000,0.000,1.000,2.000,0.000,0.000,17.000,0,0,0
B3_zmq_pushpull,zmq_tcp,none,none,,1,33266,512,584,1785153469726642000,1785153469726643000,1785153469726643000,1785153469726644000,1785153469726800000,1785153469726803000,1785153469726803000,1785153469726803000,121932490,121652369,-124.121,1.000,0.000,1.000,3.000,0.000,0.000,3.000,0,0,0
B3_zmq_pushpull,zmq_tcp,none,none,,1,33267,512,584,1785153469727649000,1785153469727649000,1785153469727649000,1785153469727650000,1785153469727764000,1785153469727767000,1785153469727767000,1785153469727767000,121932490,121652369,-166.121,0.000,0.000,1.000,3.000,0.000,0.000,42.000,0,0,0
B3_zmq_pushpull,zmq_tcp,none,none,,1,33268,512,584,1785153469728648000,1785153469728648000,1785153469728648000,1785153469728649000,1785153469728727000,1785153469728729000,1785153469728729000,1785153469728729000,121932490,121652369,-202.121,0.000,0.000,1.000,2.000,0.000,0.000,36.000,0,0,0
B3_zmq_pushpull,zmq_tcp,none,none,,1,33269,512,584,1785153469729647000,1785153469729647000,1785153469729647000,1785153469729648000,1785153469729703000,1785153469729706000,1785153469729706000,1785153469729706000,121932490,121652369,-225.121,0.000,0.000,1.000,3.000,0.000,0.000,23.000,0,0,0
B3_zmq_pushpull,zmq_tcp,none,none,,1,33270,512,584,1785153469730644000,1785153469730645000,1785153469730645000,1785153469730646000,1785153469730691000,1785153469730695000,1785153469730695000,1785153469730695000,121932490,121652369,-235.121,1.000,0.000,1.000,4.000,0.000,0.000,10.000,0,0,0
B3_zmq_pushpull,zmq_tcp,none,none,,1,33271,512,584,1785153469731651000,1785153469731651000,1785153469731651000,1785153469731652000,1785153469731703000,1785153469731706000,1785153469731706000,1785153469731706000,121932490,121652369,-229.121,0.000,0.000,1.000,3.000,0.000,0.000,6.000,0,0,0
B3_zmq_pushpull,zmq_tcp,none,none,,1,33272,512,584,1785153469732519000,1785153469732520000,1785153469732520000,1785153469732521000,1785153469732680000,1785153469732683000,1785153469732683000,1785153469732683000,121932490,121652369,-121.121,1.000,0.000,1.000,3.000,0.000,0.000,108.000,0,0,0
B3_zmq_pushpull,zmq_tcp,none,none,,1,33273,512,584,1785153469733682000,1785153469733682000,1785153469733682000,1785153469733683000,1785153469733806000,1785153469733810000,1785153469733810000,1785153469733810000,121932490,121652369,-157.121,0.000,0.000,1.000,4.000,0.000,0.000,36.000,0,0,0
B3_zmq_pushpull,zmq_tcp,none,none,,1,33274,512,584,1785153469734489000,1785153469734489000,1785153469734489000,1785153469734490000,1785153469734647000,1785153469734650000,1785153469734650000,1785153469734651000,121932490,121652369,-123.121,0.000,0.000,1.000,3.000,0.000,1.000,34.000,0,0,0
B3_zmq_pushpull,zmq_tcp,none,none,,1,33275,512,584,1785153469735687000,1785153469735687000,1785153469735687000,1785153469735688000,1785153469735748000,1785153469735751000,1785153469735751000,1785153469735751000,121932490,121652369,-220.121,0.000,0.000,1.000,3.000,0.000,0.000,97.000,0,0,0
B3_zmq_pushpull,zmq_tcp,none,none,,1,33276,512,584,1785153469736450000,1785153469736450000,1785153469736450000,1785153469736451000,1785153469736589000,1785153469736592000,1785153469736592000,1785153469736592000,121932490,121652369,-142.121,0.000,0.000,1.000,3.000,0.000,0.000,78.000,0,0,0
B3_zmq_pushpull,zmq_tcp,none,none,,1,33277,512,584,1785153469737697000,1785153469737697000,1785153469737697000,1785153469737698000,1785153469737837000,1785153469737840000,1785153469737840000,1785153469737840000,121932490,121652369,-141.121,0.000,0.000,1.000,3.000,0.000,0.000,1.000,0,0,0
B3_zmq_pushpull,zmq_tcp,none,none,,1,33278,512,584,1785153469738532000,1785153469738532000,1785153469738532000,1785153469738534000,1785153469738679000,1785153469738681000,1785153469738681000,1785153469738681000,121932490,121652369,-135.121,0.000,0.000,2.000,2.000,0.000,0.000,6.000,0,0,0
B3_zmq_pushpull,zmq_tcp,none,none,,1,33279,512,584,1785153469739679000,1785153469739679000,1785153469739679000,1785153469739680000,1785153469739796000,1785153469739799000,1785153469739799000,1785153469739799000,121932490,121652369,-164.121,0.000,0.000,1.000,3.000,0.000,0.000,29.000,0,0,0
B3_zmq_pushpull,zmq_tcp,none,none,,1,33280,512,584,1785153469740639000,1785153469740639000,1785153469740639000,1785153469740640000,1785153469740775000,1785153469740777000,1785153469740777000,1785153469740777000,121932490,121652369,-145.121,0.000,0.000,1.000,2.000,0.000,0.000,19.000,0,0,0
B3_zmq_pushpull,zmq_tcp,none,none,,1,33281,512,584,1785153469741650000,1785153469741650000,1785153469741650000,1785153469741651000,1785153469741757000,1785153469741760000,1785153469741760000,1785153469741760000,121932490,121652369,-174.121,0.000,0.000,1.000,3.000,0.000,0.000,29.000,0,0,0
B3_zmq_pushpull,zmq_tcp,none,none,,1,33282,512,584,1785153469742646000,1785153469742646000,1785153469742646000,1785153469742647000,1785153469742724000,1785153469742727000,1785153469742727000,1785153469742727000,121932490,121652369,-203.121,0.000,0.000,1.000,3.000,0.000,0.000,29.000,0,0,0
B3_zmq_pushpull,zmq_tcp,none,none,,1,33283,512,584,1785153469743649000,1785153469743649000,1785153469743649000,1785153469743650000,1785153469743697000,1785153469743700000,1785153469743700000,1785153469743700000,121932490,121652369,-233.121,0.000,0.000,1.000,3.000,0.000,0.000,30.000,0,0,0
B3_zmq_pushpull,zmq_tcp,none,none,,1,33284,512,584,1785153469744649000,1785153469744649000,1785153469744649000,1785153469744650000,1785153469744810000,1785153469744813000,1785153469744813000,1785153469744813000,121932490,121652369,-120.121,0.000,0.000,1.000,3.000,0.000,0.000,113.000,0,0,0
B3_zmq_pushpull,zmq_tcp,none,none,,1,33285,512,584,1785153469745647000,1785153469745647000,1785153469745647000,1785153469745648000,1785153469745789000,1785153469745793000,1785153469745793000,1785153469745793000,121932490,121652369,-139.121,0.000,0.000,1.000,4.000,0.000,0.000,19.000,0,0,0
B3_zmq_pushpull,zmq_tcp,none,none,,1,33286,512,584,1785153469746650000,1785153469746650000,1785153469746650000,1785153469746651000,1785153469746759000,1785153469746761000,1785153469746761000,1785153469746761000,121932490,121652369,-172.121,0.000,0.000,1.000,2.000,0.000,0.000,33.000,0,0,0
B3_zmq_pushpull,zmq_tcp,none,none,,1,33287,512,584,1785153469747647000,1785153469747647000,1785153469747647000,1785153469747648000,1785153469747756000,1785153469747759000,1785153469747759000,1785153469747759000,121932490,121652369,-172.121,0.000,0.000,1.000,3.000,0.000,0.000,0.000,0,0,0
B3_zmq_pushpull,zmq_tcp,none,none,,1,33288,512,584,1785153469748586000,1785153469748586000,1785153469748586000,1785153469748587000,1785153469748725000,1785153469748729000,1785153469748729000,1785153469748729000,121932490,121652369,-142.121,0.000,0.000,1.000,4.000,0.000,0.000,30.000,0,0,0
B3_zmq_pushpull,zmq_tcp,none,none,,1,33289,512,584,1785153469749557000,1785153469749557000,1785153469749557000,1785153469749558000,1785153469749713000,1785153469749716000,1785153469749716000,1785153469749716000,121932490,121652369,-125.121,0.000,0.000,1.000,3.000,0.000,0.000,17.000,0,0,0
B3_zmq_pushpull,zmq_tcp,none,none,,1,33290,512,584,1785153469750553000,1785153469750553000,1785153469750553000,1785153469750554000,1785153469750701000,1785153469750704000,1785153469750704000,1785153469750704000,121932490,121652369,-133.121,0.000,0.000,1.000,3.000,0.000,0.000,8.000,0,0,0
B3_zmq_pushpull,zmq_tcp,none,none,,1,33291,512,584,1785153469751676000,1785153469751676000,1785153469751676000,1785153469751677000,1785153469751840000,1785153469751843000,1785153469751843000,1785153469751843000,121932490,121652369,-117.121,0.000,0.000,1.000,3.000,0.000,0.000,16.000,0,0,0
B3_zmq_pushpull,zmq_tcp,none,none,,1,33292,512,584,1785153469752643000,1785153469752643000,1785153469752643000,1785153469752644000,1785153469752833000,1785153469752836000,1785153469752836000,1785153469752836000,121932490,121652369,-91.121,0.000,0.000,1.000,3.000,0.000,0.000,26.000,0,0,0
B3_zmq_pushpull,zmq_tcp,none,none,,1,33293,512,584,1785153469753512000,1785153469753513000,1785153469753513000,1785153469753514000,1785153469753664000,1785153469753667000,1785153469753667000,1785153469753667000,121932490,121652369,-130.121,1.000,0.000,1.000,3.000,0.000,0.000,39.000,0,0,0
B3_zmq_pushpull,zmq_tcp,none,none,,1,33294,512,584,1785153469754683000,1785153469754683000,1785153469754683000,1785153469754684000,1785153469754769000,1785153469754772000,1785153469754772000,1785153469754772000,121932490,121652369,-195.121,0.000,0.000,1.000,3.000,0.000,0.000,65.000,0,0,0
B3_zmq_pushpull,zmq_tcp,none,none,,1,33295,512,584,1785153469755639000,1785153469755639000,1785153469755639000,1785153469755640000,1785153469755730000,1785153469755732000,1785153469755732000,1785153469755732000,121932490,121652369,-190.121,0.000,0.000,1.000,2.000,0.000,0.000,5.000,0,0,0
B3_zmq_pushpull,zmq_tcp,none,none,,1,33296,512,584,1785153469756650000,1785153469756650000,1785153469756650000,1785153469756651000,1785153469756717000,1785153469756720000,1785153469756720000,1785153469756720000,121932490,121652369,-214.121,0.000,0.000,1.000,3.000,0.000,0.000,24.000,0,0,0
B3_zmq_pushpull,zmq_tcp,none,none,,1,33297,512,584,1785153469757646000,1785153469757646000,1785153469757646000,1785153469757647000,1785153469757693000,1785153469757697000,1785153469757697000,1785153469757697000,121932490,121652369,-234.121,0.000,0.000,1.000,4.000,0.000,0.000,20.000,0,0,0
B3_zmq_pushpull,zmq_tcp,none,none,,1,33298,512,584,1785153469758539000,1785153469758539000,1785153469758539000,1785153469758540000,1785153469758695000,1785153469758698000,1785153469758698000,1785153469758698000,121932490,121652369,-125.121,0.000,0.000,1.000,3.000,0.000,0.000,109.000,0,0,0
B3_zmq_pushpull,zmq_tcp,none,none,,1,33299,512,584,1785153469759517000,1785153469759517000,1785153469759517000,1785153469759518000,1785153469759676000,1785153469759679000,1785153469759680000,1785153469759680000,121932490,121652369,-122.121,0.000,0.000,1.000,3.000,1.000,0.000,3.000,0,0,0
B3_zmq_pushpull,zmq_tcp,none,none,,1,33300,512,584,1785153469760681000,1785153469760682000,1785153469760682000,1785153469760683000,1785153469760804000,1785153469760808000,1785153469760808000,1785153469760808000,121932490,121652369,-159.121,1.000,0.000,1.000,4.000,0.000,0.000,37.000,0,0,0
B3_zmq_pushpull,zmq_tcp,none,none,,1,33301,512,584,1785153469761638000,1785153469761638000,1785153469761638000,1785153469761639000,1785153469761777000,1785153469761780000,1785153469761780000,1785153469761780000,121932490,121652369,-142.121,0.000,0.000,1.000,3.000,0.000,0.000,17.000,0,0,0
B3_zmq_pushpull,zmq_tcp,none,none,,1,33302,512,584,1785153469762651000,1785153469762651000,1785153469762651000,1785153469762652000,1785153469762746000,1785153469762748000,1785153469762748000,1785153469762748000,121932490,121652369,-186.121,0.000,0.000,1.000,2.000,0.000,0.000,44.000,0,0,0
B3_zmq_pushpull,zmq_tcp,none,none,,1,33303,512,584,1785153469763647000,1785153469763647000,1785153469763647000,1785153469763648000,1785153469763704000,1785153469763707000,1785153469763707000,1785153469763707000,121932490,121652369,-224.121,0.000,0.000,1.000,3.000,0.000,0.000,38.000,0,0,0
B3_zmq_pushpull,zmq_tcp,none,none,,1,33304,512,584,1785153469764647000,1785153469764647000,1785153469764647000,1785153469764648000,1785153469764809000,1785153469764812000,1785153469764812000,1785153469764812000,121932490,121652369,-119.121,0.000,0.000,1.000,3.000,0.000,0.000,105.000,0,0,0
B3_zmq_pushpull,zmq_tcp,none,none,,1,33305,512,584,1785153469765645000,1785153469765646000,1785153469765646000,1785153469765647000,1785153469765793000,1785153469765797000,1785153469765797000,1785153469765797000,121932490,121652369,-134.121,1.000,0.000,1.000,4.000,0.000,0.000,15.000,0,0,0
B3_zmq_pushpull,zmq_tcp,none,none,,1,33306,512,584,1785153469766649000,1785153469766649000,1785153469766649000,1785153469766650000,1785153469766783000,1785153469766785000,1785153469766786000,1785153469766786000,121932490,121652369,-147.121,0.000,0.000,1.000,2.000,1.000,0.000,13.000,0,0,0
B3_zmq_pushpull,zmq_tcp,none,none,,1,33307,512,584,1785153469767647000,1785153469767647000,1785153469767647000,1785153469767648000,1785153469767767000,1785153469767769000,1785153469767769000,1785153469767770000,121932490,121652369,-161.121,0.000,0.000,1.000,2.000,0.000,1.000,14.000,0,0,0
B3_zmq_pushpull,zmq_tcp,none,none,,1,33308,512,584,1785153469768648000,1785153469768649000,1785153469768649000,1785153469768650000,1785153469768753000,1785153469768756000,1785153469768756000,1785153469768756000,121932490,121652369,-177.121,1.000,0.000,1.000,3.000,0.000,0.000,16.000,0,0,0
B3_zmq_pushpull,zmq_tcp,none,none,,1,33309,512,584,1785153469769647000,1785153469769647000,1785153469769647000,1785153469769648000,1785153469769734000,1785153469769737000,1785153469769737000,1785153469769737000,121932490,121652369,-194.121,0.000,0.000,1.000,3.000,0.000,0.000,17.000,0,0,0
B3_zmq_pushpull,zmq_tcp,none,none,,1,33310,512,584,1785153469770647000,1785153469770648000,1785153469770648000,1785153469770649000,1785153469770711000,1785153469770713000,1785153469770713000,1785153469770713000,121932490,121652369,-218.121,1.000,0.000,1.000,2.000,0.000,0.000,24.000,0,0,0
B3_zmq_pushpull,zmq_tcp,none,none,,1,33311,512,584,1785153469771647000,1785153469771647000,1785153469771647000,1785153469771648000,1785153469771816000,1785153469771819000,1785153469771819000,1785153469771819000,121932490,121652369,-112.121,0.000,0.000,1.000,3.000,0.000,0.000,106.000,0,0,0
B3_zmq_pushpull,zmq_tcp,none,none,,1,33312,512,584,1785153469772647000,1785153469772648000,1785153469772648000,1785153469772649000,1785153469772778000,1785153469772781000,1785153469772781000,1785153469772781000,121932490,121652369,-151.121,1.000,0.000,1.000,3.000,0.000,0.000,39.000,0,0,0
B3_zmq_pushpull,zmq_tcp,none,none,,1,33313,512,584,1785153469773644000,1785153469773645000,1785153469773645000,1785153469773646000,1785153469773784000,1785153469773787000,1785153469773787000,1785153469773787000,121932490,121652369,-142.121,1.000,0.000,1.000,3.000,0.000,0.000,9.000,0,0,0
B3_zmq_pushpull,zmq_tcp,none,none,,1,33314,512,584,1785153469774649000,1785153469774649000,1785153469774649000,1785153469774650000,1785153469774763000,1785153469774766000,1785153469774766000,1785153469774766000,121932490,121652369,-167.121,0.000,0.000,1.000,3.000,0.000,0.000,25.000,0,0,0
B3_zmq_pushpull,zmq_tcp,none,none,,1,33315,512,584,1785153469775648000,1785153469775648000,1785153469775648000,1785153469775649000,1785153469775720000,1785153469775723000,1785153469775723000,1785153469775723000,121932490,121652369,-209.121,0.000,0.000,1.000,3.000,0.000,0.000,42.000,0,0,0
B3_zmq_pushpull,zmq_tcp,none,none,,1,33316,512,584,1785153469776647000,1785153469776647000,1785153469776647000,1785153469776648000,1785153469776704000,1785153469776708000,1785153469776708000,1785153469776708000,121932490,121652369,-224.121,0.000,0.000,1.000,4.000,0.000,0.000,15.000,0,0,0
B3_zmq_pushpull,zmq_tcp,none,none,,1,33317,512,584,1785153469777645000,1785153469777645000,1785153469777645000,1785153469777646000,1785153469777691000,1785153469777694000,1785153469777694000,1785153469777694000,121932490,121652369,-235.121,0.000,0.000,1.000,3.000,0.000,0.000,11.000,0,0,0
B3_zmq_pushpull,zmq_tcp,none,none,,1,33318,512,584,1785153469778649000,1785153469778649000,1785153469778649000,1785153469778650000,1785153469778812000,1785153469778815000,1785153469778815000,1785153469778815000,121932490,121652369,-118.121,0.000,0.000,1.000,3.000,0.000,0.000,117.000,0,0,0
B3_zmq_pushpull,zmq_tcp,none,none,,1,33319,512,584,1785153469779647000,1785153469779648000,1785153469779648000,1785153469779649000,1785153469779794000,1785153469779798000,1785153469779798000,1785153469779798000,121932490,121652369,-135.121,1.000,0.000,1.000,4.000,0.000,0.000,17.000,0,0,0
B3_zmq_pushpull,zmq_tcp,none,none,,1,33320,512,584,1785153469780650000,1785153469780650000,1785153469780650000,1785153469780651000,1785153469780767000,1785153469780770000,1785153469780770000,1785153469780770000,121932490,121652369,-164.121,0.000,0.000,1.000,3.000,0.000,0.000,29.000,0,0,0
B3_zmq_pushpull,zmq_tcp,none,none,,1,33321,512,584,1785153469781650000,1785153469781650000,1785153469781650000,1785153469781651000,1785153469781750000,1785153469781752000,1785153469781752000,1785153469781752000,121932490,121652369,-181.121,0.000,0.000,1.000,2.000,0.000,0.000,17.000,0,0,0
B3_zmq_pushpull,zmq_tcp,none,none,,1,33322,512,584,1785153469782649000,1785153469782650000,1785153469782650000,1785153469782651000,1785153469782747000,1785153469782750000,1785153469782750000,1785153469782750000,121932490,121652369,-184.121,1.000,0.000,1.000,3.000,0.000,0.000,3.000,0,0,0
B3_zmq_pushpull,zmq_tcp,none,none,,1,33323,512,584,1785153469783646000,1785153469783646000,1785153469783646000,1785153469783647000,1785153469783739000,1785153469783742000,1785153469783742000,1785153469783742000,121932490,121652369,-188.121,0.000,0.000,1.000,3.000,0.000,0.000,4.000,0,0,0
B3_zmq_pushpull,zmq_tcp,none,none,,1,33324,512,584,1785153469784649000,1785153469784649000,1785153469784649000,1785153469784650000,1785153469784719000,1785153469784722000,1785153469784722000,1785153469784722000,121932490,121652369,-211.121,0.000,0.000,1.000,3.000,0.000,0.000,23.000,0,0,0
B3_zmq_pushpull,zmq_tcp,none,none,,1,33325,512,584,1785153469785647000,1785153469785647000,1785153469785647000,1785153469785648000,1785153469785697000,1785153469785700000,1785153469785701000,1785153469785701000,121932490,121652369,-231.121,0.000,0.000,1.000,3.000,1.000,0.000,20.000,0,0,0
B3_zmq_pushpull,zmq_tcp,none,none,,1,33326,512,584,1785153469786647000,1785153469786648000,1785153469786648000,1785153469786649000,1785153469786824000,1785153469786827000,1785153469786827000,1785153469786827000,121932490,121652369,-105.121,1.000,0.000,1.000,3.000,0.000,0.000,126.000,0,0,0
B3_zmq_pushpull,zmq_tcp,none,none,,1,33327,512,584,1785153469787645000,1785153469787645000,1785153469787645000,1785153469787646000,1785153469787824000,1785153469787827000,1785153469787827000,1785153469787827000,121932490,121652369,-102.121,0.000,0.000,1.000,3.000,0.000,0.000,3.000,0,0,0
B3_zmq_pushpull,zmq_tcp,none,none,,1,33328,512,584,1785153469788651000,1785153469788651000,1785153469788651000,1785153469788652000,1785153469788808000,1785153469788811000,1785153469788811000,1785153469788811000,121932490,121652369,-124.121,0.000,0.000,1.000,3.000,0.000,0.000,22.000,0,0,0
B3_zmq_pushpull,zmq_tcp,none,none,,1,33329,512,584,1785153469789646000,1785153469789646000,1785153469789646000,1785153469789647000,1785153469789802000,1785153469789804000,1785153469789804000,1785153469789804000,121932490,121652369,-125.121,0.000,0.000,1.000,2.000,0.000,0.000,1.000,0,0,0
B3_zmq_pushpull,zmq_tcp,none,none,,1,33330,512,584,1785153469790647000,1785153469790647000,1785153469790647000,1785153469790648000,1785153469790775000,1785153469790778000,1785153469790778000,1785153469790778000,121932490,121652369,-153.121,0.000,0.000,1.000,3.000,0.000,0.000,28.000,0,0,0
B3_zmq_pushpull,zmq_tcp,none,none,,1,33331,512,584,1785153469791647000,1785153469791647000,1785153469791647000,1785153469791648000,1785153469791744000,1785153469791747000,1785153469791747000,1785153469791747000,121932490,121652369,-184.121,0.000,0.000,1.000,3.000,0.000,0.000,31.000,0,0,0
B3_zmq_pushpull,zmq_tcp,none,none,,1,33332,512,584,1785153469792648000,1785153469792648000,1785153469792648000,1785153469792649000,1785153469792731000,1785153469792734000,1785153469792734000,1785153469792734000,121932490,121652369,-198.121,0.000,0.000,1.000,3.000,0.000,0.000,14.000,0,0,0
B3_zmq_pushpull,zmq_tcp,none,none,,1,33333,512,584,1785153469793648000,1785153469793648000,1785153469793648000,1785153469793649000,1785153469793701000,1785153469793705000,1785153469793705000,1785153469793705000,121932490,121652369,-228.121,0.000,0.000,1.000,4.000,0.000,0.000,30.000,0,0,0
B3_zmq_pushpull,zmq_tcp,none,none,,1,33334,512,584,1785153469794646000,1785153469794646000,1785153469794646000,1785153469794647000,1785153469794820000,1785153469794823000,1785153469794823000,1785153469794823000,121932490,121652369,-107.121,0.000,0.000,1.000,3.000,0.000,0.000,121.000,0,0,0
B3_zmq_pushpull,zmq_tcp,none,none,,1,33335,512,584,1785153469795649000,1785153469795649000,1785153469795649000,1785153469795650000,1785153469795806000,1785153469795808000,1785153469795808000,1785153469795808000,121932490,121652369,-124.121,0.000,0.000,1.000,2.000,0.000,0.000,17.000,0,0,0
B3_zmq_pushpull,zmq_tcp,none,none,,1,33336,512,584,1785153469796650000,1785153469796650000,1785153469796650000,1785153469796651000,1785153469796775000,1785153469796778000,1785153469796778000,1785153469796778000,121932490,121652369,-156.121,0.000,0.000,1.000,3.000,0.000,0.000,32.000,0,0,0
B3_zmq_pushpull,zmq_tcp,none,none,,1,33337,512,584,1785153469797646000,1785153469797646000,1785153469797646000,1785153469797647000,1785153469797746000,1785153469797749000,1785153469797749000,1785153469797749000,121932490,121652369,-181.121,0.000,0.000,1.000,3.000,0.000,0.000,25.000,0,0,0
B3_zmq_pushpull,zmq_tcp,none,none,,1,33338,512,584,1785153469798649000,1785153469798649000,1785153469798649000,1785153469798650000,1785153469798695000,1785153469798698000,1785153469798698000,1785153469798698000,121932490,121652369,-235.121,0.000,0.000,1.000,3.000,0.000,0.000,54.000,0,0,0
B3_zmq_pushpull,zmq_tcp,none,none,,1,33339,512,584,1785153469799648000,1785153469799648000,1785153469799648000,1785153469799649000,1785153469799802000,1785153469799804000,1785153469799804000,1785153469799804000,121932490,121652369,-127.121,0.000,0.000,1.000,2.000,0.000,0.000,108.000,0,0,0
B3_zmq_pushpull,zmq_tcp,none,none,,1,33340,512,584,1785153469800647000,1785153469800648000,1785153469800648000,1785153469800649000,1785153469800764000,1785153469800767000,1785153469800767000,1785153469800767000,121932490,121652369,-165.121,1.000,0.000,1.000,3.000,0.000,0.000,38.000,0,0,0
B3_zmq_pushpull,zmq_tcp,none,none,,1,33341,512,584,1785153469801645000,1785153469801645000,1785153469801645000,1785153469801646000,1785153469801737000,1785153469801739000,1785153469801739000,1785153469801739000,121932490,121652369,-189.121,0.000,0.000,1.000,2.000,0.000,0.000,24.000,0,0,0
B3_zmq_pushpull,zmq_tcp,none,none,,1,33342,512,584,1785153469802651000,1785153469802651000,1785153469802651000,1785153469802652000,1785153469802732000,1785153469802735000,1785153469802735000,1785153469802735000,121932490,121652369,-200.121,0.000,0.000,1.000,3.000,0.000,0.000,11.000,0,0,0
B3_zmq_pushpull,zmq_tcp,none,none,,1,33343,512,584,1785153469803647000,1785153469803648000,1785153469803648000,1785153469803649000,1785153469803719000,1785153469803722000,1785153469803722000,1785153469803722000,121932490,121652369,-210.121,1.000,0.000,1.000,3.000,0.000,0.000,10.000,0,0,0
B3_zmq_pushpull,zmq_tcp,none,none,,1,33344,512,584,1785153469804647000,1785153469804648000,1785153469804648000,1785153469804649000,1785153469804815000,1785153469804818000,1785153469804818000,1785153469804818000,121932490,121652369,-114.121,1.000,0.000,1.000,3.000,0.000,0.000,96.000,0,0,0
B3_zmq_pushpull,zmq_tcp,none,none,,1,33345,512,584,1785153469805645000,1785153469805645000,1785153469805645000,1785153469805646000,1785153469805764000,1785153469805767000,1785153469805767000,1785153469805767000,121932490,121652369,-162.121,0.000,0.000,1.000,3.000,0.000,0.000,48.000,0,0,0
B3_zmq_pushpull,zmq_tcp,none,none,,1,33346,512,584,1785153469806475000,1785153469806475000,1785153469806475000,1785153469806476000,1785153469806635000,1785153469806638000,1785153469806638000,1785153469806638000,121932490,121652369,-121.121,0.000,0.000,1.000,3.000,0.000,0.000,41.000,0,0,0
B3_zmq_pushpull,zmq_tcp,none,none,,1,33347,512,584,1785153469807691000,1785153469807692000,1785153469807692000,1785153469807693000,1785153469807895000,1785153469807898000,1785153469807898000,1785153469807898000,121932490,121652369,-78.121,1.000,0.000,1.000,3.000,0.000,0.000,43.000,0,0,0
B3_zmq_pushpull,zmq_tcp,none,none,,1,33348,512,584,1785153469808636000,1785153469808636000,1785153469808637000,1785153469808638000,1785153469808751000,1785153469808754000,1785153469808754000,1785153469808754000,121932490,121652369,-167.121,0.000,1.000,1.000,3.000,0.000,0.000,89.000,0,0,0
B3_zmq_pushpull,zmq_tcp,none,none,,1,33349,512,584,1785153469809650000,1785153469809651000,1785153469809651000,1785153469809652000,1785153469809735000,1785153469809738000,1785153469809738000,1785153469809738000,121932490,121652369,-197.121,1.000,0.000,1.000,3.000,0.000,0.000,30.000,0,0,0
B3_zmq_pushpull,zmq_tcp,none,none,,1,33350,512,584,1785153469810649000,1785153469810649000,1785153469810649000,1785153469810650000,1785153469810726000,1785153469810729000,1785153469810729000,1785153469810729000,121932490,121652369,-204.121,0.000,0.000,1.000,3.000,0.000,0.000,7.000,0,0,0
B3_zmq_pushpull,zmq_tcp,none,none,,1,33351,512,584,1785153469811578000,1785153469811578000,1785153469811578000,1785153469811579000,1785153469811734000,1785153469811738000,1785153469811738000,1785153469811738000,121932490,121652369,-125.121,0.000,0.000,1.000,4.000,0.000,0.000,79.000,0,0,0
B3_zmq_pushpull,zmq_tcp,none,none,,1,33352,512,584,1785153469812666000,1785153469812666000,1785153469812666000,1785153469812667000,1785153469812727000,1785153469812730000,1785153469812730000,1785153469812730000,121932490,121652369,-220.121,0.000,0.000,1.000,3.000,0.000,0.000,95.000,0,0,0
B3_zmq_pushpull,zmq_tcp,none,none,,1,33353,512,584,1785153469813452000,1785153469813452000,1785153469813452000,1785153469813453000,1785153469813593000,1785153469813596000,1785153469813596000,1785153469813596000,121932490,121652369,-140.121,0.000,0.000,1.000,3.000,0.000,0.000,80.000,0,0,0
B3_zmq_pushpull,zmq_tcp,none,none,,1,33354,512,584,1785153469814451000,1785153469814451000,1785153469814451000,1785153469814452000,1785153469814610000,1785153469814612000,1785153469814612000,1785153469814613000,121932490,121652369,-122.121,0.000,0.000,1.000,2.000,0.000,1.000,18.000,0,0,0
B3_zmq_pushpull,zmq_tcp,none,none,,1,33355,512,584,1785153469815460000,1785153469815460000,1785153469815460000,1785153469815461000,1785153469815602000,1785153469815606000,1785153469815606000,1785153469815606000,121932490,121652369,-139.121,0.000,0.000,1.000,4.000,0.000,0.000,17.000,0,0,0
B3_zmq_pushpull,zmq_tcp,none,none,,1,33356,512,584,1785153469816455000,1785153469816456000,1785153469816456000,1785153469816457000,1785153469816612000,1785153469816614000,1785153469816614000,1785153469816615000,121932490,121652369,-125.121,1.000,0.000,1.000,2.000,0.000,1.000,14.000,0,0,0
B3_zmq_pushpull,zmq_tcp,none,none,,1,33357,512,584,1785153469817697000,1785153469817697000,1785153469817697000,1785153469817698000,1785153469817859000,1785153469817862000,1785153469817862000,1785153469817862000,121932490,121652369,-119.121,0.000,0.000,1.000,3.000,0.000,0.000,6.000,0,0,0
B3_zmq_pushpull,zmq_tcp,none,none,,1,33358,512,584,1785153469818636000,1785153469818636000,1785153469818637000,1785153469818638000,1785153469818828000,1785153469818831000,1785153469818831000,1785153469818831000,121932490,121652369,-90.121,0.000,1.000,1.000,3.000,0.000,0.000,29.000,0,0,0
B3_zmq_pushpull,zmq_tcp,none,none,,1,33359,512,584,1785153469819648000,1785153469819649000,1785153469819649000,1785153469819650000,1785153469819820000,1785153469819823000,1785153469819823000,1785153469819823000,121932490,121652369,-110.121,1.000,0.000,1.000,3.000,0.000,0.000,20.000,0,0,0
B3_zmq_pushpull,zmq_tcp,none,none,,1,33360,512,584,1785153469820536000,1785153469820536000,1785153469820536000,1785153469820537000,1785153469820696000,1785153469820699000,1785153469820699000,1785153469820699000,121932490,121652369,-121.121,0.000,0.000,1.000,3.000,0.000,0.000,11.000,0,0,0
B3_zmq_pushpull,zmq_tcp,none,none,,1,33361,512,584,1785153469821676000,1785153469821676000,1785153469821676000,1785153469821677000,1785153469821794000,1785153469821797000,1785153469821797000,1785153469821797000,121932490,121652369,-163.121,0.000,0.000,1.000,3.000,0.000,0.000,42.000,0,0,0
B3_zmq_pushpull,zmq_tcp,none,none,,1,33362,512,584,1785153469822638000,1785153469822639000,1785153469822639000,1785153469822640000,1785153469822786000,1785153469822788000,1785153469822789000,1785153469822789000,121932490,121652369,-134.121,1.000,0.000,1.000,2.000,1.000,0.000,29.000,0,0,0
B3_zmq_pushpull,zmq_tcp,none,none,,1,33363,512,584,1785153469823655000,1785153469823655000,1785153469823655000,1785153469823656000,1785153469823759000,1785153469823762000,1785153469823762000,1785153469823762000,121932490,121652369,-177.121,0.000,0.000,1.000,3.000,0.000,0.000,43.000,0,0,0
B3_zmq_pushpull,zmq_tcp,none,none,,1,33364,512,584,1785153469824647000,1785153469824647000,1785153469824647000,1785153469824648000,1785153469824720000,1785153469824723000,1785153469824723000,1785153469824723000,121932490,121652369,-208.121,0.000,0.000,1.000,3.000,0.000,0.000,31.000,0,0,0
B3_zmq_pushpull,zmq_tcp,none,none,,1,33365,512,584,1785153469825648000,1785153469825648000,1785153469825648000,1785153469825649000,1785153469825710000,1785153469825713000,1785153469825713000,1785153469825713000,121932490,121652369,-219.121,0.000,0.000,1.000,3.000,0.000,0.000,11.000,0,0,0
B3_zmq_pushpull,zmq_tcp,none,none,,1,33366,512,584,1785153469826645000,1785153469826645000,1785153469826645000,1785153469826646000,1785153469826689000,1785153469826692000,1785153469826692000,1785153469826692000,121932490,121652369,-237.121,0.000,0.000,1.000,3.000,0.000,0.000,18.000,0,0,0
B3_zmq_pushpull,zmq_tcp,none,none,,1,33367,512,584,1785153469827649000,1785153469827650000,1785153469827650000,1785153469827651000,1785153469827794000,1785153469827799000,1785153469827799000,1785153469827799000,121932490,121652369,-137.121,1.000,0.000,1.000,5.000,0.000,0.000,100.000,0,0,0
B3_zmq_pushpull,zmq_tcp,none,none,,1,33368,512,584,1785153469828648000,1785153469828648000,1785153469828648000,1785153469828649000,1785153469828796000,1785153469828799000,1785153469828799000,1785153469828799000,121932490,121652369,-133.121,0.000,0.000,1.000,3.000,0.000,0.000,4.000,0,0,0
B3_zmq_pushpull,zmq_tcp,none,none,,1,33369,512,584,1785153469829648000,1785153469829648000,1785153469829648000,1785153469829649000,1785153469829759000,1785153469829762000,1785153469829762000,1785153469829762000,121932490,121652369,-170.121,0.000,0.000,1.000,3.000,0.000,0.000,37.000,0,0,0
B3_zmq_pushpull,zmq_tcp,none,none,,1,33370,512,584,1785153469830648000,1785153469830648000,1785153469830648000,1785153469830649000,1785153469830726000,1785153469830729000,1785153469830729000,1785153469830729000,121932490,121652369,-203.121,0.000,0.000,1.000,3.000,0.000,0.000,33.000,0,0,0
B3_zmq_pushpull,zmq_tcp,none,none,,1,33371,512,584,1785153469831648000,1785153469831648000,1785153469831648000,1785153469831649000,1785153469831824000,1785153469831827000,1785153469831827000,1785153469831827000,121932490,121652369,-105.121,0.000,0.000,1.000,3.000,0.000,0.000,98.000,0,0,0
B3_zmq_pushpull,zmq_tcp,none,none,,1,33372,512,584,1785153469832648000,1785153469832648000,1785153469832648000,1785153469832649000,1785153469832797000,1785153469832800000,1785153469832800000,1785153469832800000,121932490,121652369,-132.121,0.000,0.000,1.000,3.000,0.000,0.000,27.000,0,0,0
B3_zmq_pushpull,zmq_tcp,none,none,,1,33373,512,584,1785153469833485000,1785153469833486000,1785153469833486000,1785153469833487000,1785153469833639000,1785153469833643000,1785153469833643000,1785153469833643000,121932490,121652369,-128.121,1.000,0.000,1.000,4.000,0.000,0.000,4.000,0,0,0
B3_zmq_pushpull,zmq_tcp,none,none,,1,33374,512,584,1785153469834687000,1785153469834687000,1785153469834687000,1785153469834688000,1785153469834768000,1785153469834771000,1785153469834771000,1785153469834771000,121932490,121652369,-200.121,0.000,0.000,1.000,3.000,0.000,0.000,72.000,0,0,0
B3_zmq_pushpull,zmq_tcp,none,none,,1,33375,512,584,1785153469835642000,1785153469835642000,1785153469835642000,1785153469835643000,1785153469835782000,1785153469835785000,1785153469835785000,1785153469835785000,121932490,121652369,-141.121,0.000,0.000,1.000,3.000,0.000,0.000,59.000,0,0,0
B3_zmq_pushpull,zmq_tcp,none,none,,1,33376,512,584,1785153469836650000,1785153469836650000,1785153469836650000,1785153469836651000,1785153469836781000,1785153469836783000,1785153469836783000,1785153469836783000,121932490,121652369,-150.121,0.000,0.000,1.000,2.000,0.000,0.000,9.000,0,0,0
B3_zmq_pushpull,zmq_tcp,none,none,,1,33377,512,584,1785153469837647000,1785153469837648000,1785153469837648000,1785153469837649000,1785153469837757000,1785153469837759000,1785153469837759000,1785153469837759000,121932490,121652369,-172.121,1.000,0.000,1.000,2.000,0.000,0.000,22.000,0,0,0
B3_zmq_pushpull,zmq_tcp,none,none,,1,33378,512,584,1785153469838652000,1785153469838653000,1785153469838653000,1785153469838654000,1785153469838733000,1785153469838736000,1785153469838736000,1785153469838736000,121932490,121652369,-201.121,1.000,0.000,1.000,3.000,0.000,0.000,29.000,0,0,0
B3_zmq_pushpull,zmq_tcp,none,none,,1,33379,512,584,1785153469839647000,1785153469839648000,1785153469839648000,1785153469839649000,1785153469839719000,1785153469839722000,1785153469839722000,1785153469839722000,121932490,121652369,-210.121,1.000,0.000,1.000,3.000,0.000,0.000,9.000,0,0,0
B3_zmq_pushpull,zmq_tcp,none,none,,1,33380,512,584,1785153469840648000,1785153469840648000,1785153469840648000,1785153469840649000,1785153469840707000,1785153469840711000,1785153469840711000,1785153469840711000,121932490,121652369,-222.121,0.000,0.000,1.000,4.000,0.000,0.000,12.000,0,0,0
B3_zmq_pushpull,zmq_tcp,none,none,,1,33381,512,584,1785153469841645000,1785153469841645000,1785153469841645000,1785153469841646000,1785153469841818000,1785153469841821000,1785153469841821000,1785153469841821000,121932490,121652369,-108.121,0.000,0.000,1.000,3.000,0.000,0.000,114.000,0,0,0
B3_zmq_pushpull,zmq_tcp,none,none,,1,33382,512,584,1785153469842650000,1785153469842650000,1785153469842650000,1785153469842651000,1785153469842816000,1785153469842819000,1785153469842819000,1785153469842819000,121932490,121652369,-115.121,0.000,0.000,1.000,3.000,0.000,0.000,7.000,0,0,0
B3_zmq_pushpull,zmq_tcp,none,none,,1,33383,512,584,1785153469843648000,1785153469843648000,1785153469843648000,1785153469843649000,1785153469843805000,1785153469843807000,1785153469843807000,1785153469843807000,121932490,121652369,-124.121,0.000,0.000,1.000,2.000,0.000,0.000,9.000,0,0,0
B3_zmq_pushpull,zmq_tcp,none,none,,1,33384,512,584,1785153469844648000,1785153469844648000,1785153469844648000,1785153469844649000,1785153469844790000,1785153469844793000,1785153469844793000,1785153469844793000,121932490,121652369,-139.121,0.000,0.000,1.000,3.000,0.000,0.000,15.000,0,0,0
B3_zmq_pushpull,zmq_tcp,none,none,,1,33385,512,584,1785153469845649000,1785153469845650000,1785153469845650000,1785153469845651000,1785153469845775000,1785153469845778000,1785153469845778000,1785153469845778000,121932490,121652369,-156.121,1.000,0.000,1.000,3.000,0.000,0.000,17.000,0,0,0
B3_zmq_pushpull,zmq_tcp,none,none,,1,33386,512,584,1785153469846648000,1785153469846648000,1785153469846648000,1785153469846649000,1785153469846742000,1785153469846745000,1785153469846745000,1785153469846745000,121932490,121652369,-187.121,0.000,0.000,1.000,3.000,0.000,0.000,31.000,0,0,0
B3_zmq_pushpull,zmq_tcp,none,none,,1,33387,512,584,1785153469847648000,1785153469847648000,1785153469847648000,1785153469847649000,1785153469847723000,1785153469847726000,1785153469847726000,1785153469847726000,121932490,121652369,-206.121,0.000,0.000,1.000,3.000,0.000,0.000,19.000,0,0,0
B3_zmq_pushpull,zmq_tcp,none,none,,1,33388,512,584,1785153469848648000,1785153469848648000,1785153469848648000,1785153469848649000,1785153469848710000,1785153469848713000,1785153469848713000,1785153469848713000,121932490,121652369,-219.121,0.000,0.000,1.000,3.000,0.000,0.000,13.000,0,0,0
B3_zmq_pushpull,zmq_tcp,none,none,,1,33389,512,584,1785153469849645000,1785153469849645000,1785153469849645000,1785153469849646000,1785153469849702000,1785153469849705000,1785153469849705000,1785153469849705000,121932490,121652369,-224.121,0.000,0.000,1.000,3.000,0.000,0.000,5.000,0,0,0
B3_zmq_pushpull,zmq_tcp,none,none,,1,33390,512,584,1785153469850649000,1785153469850649000,1785153469850649000,1785153469850650000,1785153469850705000,1785153469850708000,1785153469850708000,1785153469850708000,121932490,121652369,-225.121,0.000,0.000,1.000,3.000,0.000,0.000,1.000,0,0,0
B3_zmq_pushpull,zmq_tcp,none,none,,1,33391,512,584,1785153469851650000,1785153469851650000,1785153469851650000,1785153469851651000,1785153469851819000,1785153469851822000,1785153469851822000,1785153469851822000,121932490,121652369,-112.121,0.000,0.000,1.000,3.000,0.000,0.000,113.000,0,0,0
B3_zmq_pushpull,zmq_tcp,none,none,,1,33392,512,584,1785153469852644000,1785153469852644000,1785153469852644000,1785153469852645000,1785153469852806000,1785153469852809000,1785153469852809000,1785153469852809000,121932490,121652369,-119.121,0.000,0.000,1.000,3.000,0.000,0.000,7.000,0,0,0
B3_zmq_pushpull,zmq_tcp,none,none,,1,33393,512,584,1785153469853650000,1785153469853650000,1785153469853650000,1785153469853651000,1785153469853800000,1785153469853802000,1785153469853803000,1785153469853803000,121932490,121652369,-131.121,0.000,0.000,1.000,2.000,1.000,0.000,12.000,0,0,0
B3_zmq_pushpull,zmq_tcp,none,none,,1,33394,512,584,1785153469854648000,1785153469854648000,1785153469854648000,1785153469854649000,1785153469854790000,1785153469854793000,1785153469854793000,1785153469854793000,121932490,121652369,-139.121,0.000,0.000,1.000,3.000,0.000,0.000,8.000,0,0,0
B3_zmq_pushpull,zmq_tcp,none,none,,1,33395,512,584,1785153469855489000,1785153469855489000,1785153469855489000,1785153469855490000,1785153469855642000,1785153469855646000,1785153469855646000,1785153469855646000,121932490,121652369,-128.121,0.000,0.000,1.000,4.000,0.000,0.000,11.000,0,0,0
B3_zmq_pushpull,zmq_tcp,none,none,,1,33396,512,584,1785153469856688000,1785153469856688000,1785153469856688000,1785153469856689000,1785153469856777000,1785153469856779000,1785153469856779000,1785153469856779000,121932490,121652369,-192.121,0.000,0.000,1.000,2.000,0.000,0.000,64.000,0,0,0
B3_zmq_pushpull,zmq_tcp,none,none,,1,33397,512,584,1785153469857641000,1785153469857641000,1785153469857641000,1785153469857642000,1785153469857763000,1785153469857766000,1785153469857766000,1785153469857766000,121932490,121652369,-159.121,0.000,0.000,1.000,3.000,0.000,0.000,33.000,0,0,0
B3_zmq_pushpull,zmq_tcp,none,none,,1,33398,512,584,1785153469858650000,1785153469858650000,1785153469858650000,1785153469858651000,1785153469858740000,1785153469858743000,1785153469858743000,1785153469858743000,121932490,121652369,-191.121,0.000,0.000,1.000,3.000,0.000,0.000,32.000,0,0,0
B3_zmq_pushpull,zmq_tcp,none,none,,1,33399,512,584,1785153469859645000,1785153469859645000,1785153469859645000,1785153469859646000,1785153469859731000,1785153469859739000,1785153469859739000,1785153469859739000,121932490,121652369,-195.121,0.000,0.000,1.000,8.000,0.000,0.000,4.000,0,0,0
B3_zmq_pushpull,zmq_tcp,none,none,,1,33400,512,584,1785153469860651000,1785153469860651000,1785153469860651000,1785153469860652000,1785153469860722000,1785153469860725000,1785153469860725000,1785153469860725000,121932490,121652369,-210.121,0.000,0.000,1.000,3.000,0.000,0.000,15.000,0,0,0
B3_zmq_pushpull,zmq_tcp,none,none,,1,33401,512,584,1785153469861650000,1785153469861650000,1785153469861650000,1785153469861651000,1785153469861721000,1785153469861723000,1785153469861723000,1785153469861724000,121932490,121652369,-210.121,0.000,0.000,1.000,2.000,0.000,1.000,0.000,0,0,0
B3_zmq_pushpull,zmq_tcp,none,none,,1,33402,512,584,1785153469862645000,1785153469862645000,1785153469862645000,1785153469862646000,1785153469862699000,1785153469862702000,1785153469862702000,1785153469862702000,121932490,121652369,-227.121,0.000,0.000,1.000,3.000,0.000,0.000,17.000,0,0,0
B3_zmq_pushpull,zmq_tcp,none,none,,1,33403,512,584,1785153469863651000,1785153469863651000,1785153469863651000,1785153469863652000,1785153469863713000,1785153469863716000,1785153469863716000,1785153469863716000,121932490,121652369,-219.121,0.000,0.000,1.000,3.000,0.000,0.000,8.000,0,0,0
B3_zmq_pushpull,zmq_tcp,none,none,,1,33404,512,584,1785153469864650000,1785153469864651000,1785153469864651000,1785153469864652000,1785153469864719000,1785153469864722000,1785153469864722000,1785153469864722000,121932490,121652369,-213.121,1.000,0.000,1.000,3.000,0.000,0.000,6.000,0,0,0
B3_zmq_pushpull,zmq_tcp,none,none,,1,33405,512,584,1785153469865652000,1785153469865652000,1785153469865652000,1785153469865653000,1785153469865723000,1785153469865727000,1785153469865727000,1785153469865727000,121932490,121652369,-210.121,0.000,0.000,1.000,4.000,0.000,0.000,3.000,0,0,0
B3_zmq_pushpull,zmq_tcp,none,none,,1,33406,512,584,1785153469866456000,1785153469866456000,1785153469866456000,1785153469866457000,1785153469866603000,1785153469866607000,1785153469866607000,1785153469866607000,121932490,121652369,-134.121,0.000,0.000,1.000,4.000,0.000,0.000,76.000,0,0,0
B3_zmq_pushpull,zmq_tcp,none,none,,1,33407,512,584,1785153469867457000,1785153469867457000,1785153469867458000,1785153469867458000,1785153469867597000,1785153469867600000,1785153469867600000,1785153469867600000,121932490,121652369,-141.121,0.000,1.000,0.000,3.000,0.000,0.000,7.000,0,0,0
B3_zmq_pushpull,zmq_tcp,none,none,,1,33408,512,584,1785153469868543000,1785153469868543000,1785153469868543000,1785153469868544000,1785153469868695000,1785153469868698000,1785153469868698000,1785153469868698000,121932490,121652369,-129.121,0.000,0.000,1.000,3.000,0.000,0.000,12.000,0,0,0
B3_zmq_pushpull,zmq_tcp,none,none,,1,33409,512,584,1785153469869675000,1785153469869675000,1785153469869675000,1785153469869676000,1785153469869830000,1785153469869833000,1785153469869833000,1785153469869833000,121932490,121652369,-126.121,0.000,0.000,1.000,3.000,0.000,0.000,3.000,0,0,0
B3_zmq_pushpull,zmq_tcp,none,none,,1,33410,512,584,1785153469870644000,1785153469870644000,1785153469870644000,1785153469870645000,1785153469870697000,1785153469870700000,1785153469870700000,1785153469870700000,121932490,121652369,-228.121,0.000,0.000,1.000,3.000,0.000,0.000,102.000,0,0,0
B3_zmq_pushpull,zmq_tcp,none,none,,1,33411,512,584,1785153469871653000,1785153469871653000,1785153469871654000,1785153469871654000,1785153469871815000,1785153469871818000,1785153469871818000,1785153469871818000,121932490,121652369,-119.121,0.000,1.000,0.000,3.000,0.000,0.000,109.000,0,0,0
B3_zmq_pushpull,zmq_tcp,none,none,,1,33412,512,584,1785153469872646000,1785153469872647000,1785153469872647000,1785153469872648000,1785153469872779000,1785153469872782000,1785153469872782000,1785153469872782000,121932490,121652369,-149.121,1.000,0.000,1.000,3.000,0.000,0.000,30.000,0,0,0
B3_zmq_pushpull,zmq_tcp,none,none,,1,33413,512,584,1785153469873651000,1785153469873651000,1785153469873651000,1785153469873652000,1785153469873745000,1785153469873748000,1785153469873748000,1785153469873748000,121932490,121652369,-187.121,0.000,0.000,1.000,3.000,0.000,0.000,38.000,0,0,0
B3_zmq_pushpull,zmq_tcp,none,none,,1,33414,512,584,1785153469874644000,1785153469874644000,1785153469874644000,1785153469874645000,1785153469874717000,1785153469874720000,1785153469874720000,1785153469874720000,121932490,121652369,-208.121,0.000,0.000,1.000,3.000,0.000,0.000,21.000,0,0,0
B3_zmq_pushpull,zmq_tcp,none,none,,1,33415,512,584,1785153469875649000,1785153469875649000,1785153469875649000,1785153469875650000,1785153469875703000,1785153469875706000,1785153469875706000,1785153469875706000,121932490,121652369,-227.121,0.000,0.000,1.000,3.000,0.000,0.000,19.000,0,0,0
B3_zmq_pushpull,zmq_tcp,none,none,,1,33416,512,584,1785153469876648000,1785153469876648000,1785153469876648000,1785153469876649000,1785153469876694000,1785153469876697000,1785153469876697000,1785153469876697000,121932490,121652369,-235.121,0.000,0.000,1.000,3.000,0.000,0.000,8.000,0,0,0
B3_zmq_pushpull,zmq_tcp,none,none,,1,33417,512,584,1785153469877648000,1785153469877648000,1785153469877648000,1785153469877649000,1785153469877706000,1785153469877710000,1785153469877710000,1785153469877710000,121932490,121652369,-223.121,0.000,0.000,1.000,4.000,0.000,0.000,12.000,0,0,0
B3_zmq_pushpull,zmq_tcp,none,none,,1,33418,512,584,1785153469878523000,1785153469878523000,1785153469878523000,1785153469878525000,1785153469878671000,1785153469878674000,1785153469878674000,1785153469878674000,121932490,121652369,-134.121,0.000,0.000,2.000,3.000,0.000,0.000,89.000,0,0,0
B3_zmq_pushpull,zmq_tcp,none,none,,1,33419,512,584,1785153469879504000,1785153469879504000,1785153469879504000,1785153469879505000,1785153469879665000,1785153469879667000,1785153469879667000,1785153469879667000,121932490,121652369,-120.121,0.000,0.000,1.000,2.000,0.000,0.000,14.000,0,0,0
B3_zmq_pushpull,zmq_tcp,none,none,,1,33420,512,584,1785153469880684000,1785153469880684000,1785153469880684000,1785153469880685000,1785153469880754000,1785153469880758000,1785153469880758000,1785153469880758000,121932490,121652369,-211.121,0.000,0.000,1.000,4.000,0.000,0.000,91.000,0,0,0
B3_zmq_pushpull,zmq_tcp,none,none,,1,33421,512,584,1785153469881645000,1785153469881645000,1785153469881645000,1785153469881646000,1785153469881734000,1785153469881738000,1785153469881738000,1785153469881738000,121932490,121652369,-192.121,0.000,0.000,1.000,4.000,0.000,0.000,19.000,0,0,0
B3_zmq_pushpull,zmq_tcp,none,none,,1,33422,512,584,1785153469882652000,1785153469882652000,1785153469882652000,1785153469882653000,1785153469882728000,1785153469882733000,1785153469882733000,1785153469882733000,121932490,121652369,-205.121,0.000,0.000,1.000,5.000,0.000,0.000,13.000,0,0,0
B3_zmq_pushpull,zmq_tcp,none,none,,1,33423,512,584,1785153469883650000,1785153469883650000,1785153469883650000,1785153469883651000,1785153469883741000,1785153469883744000,1785153469883744000,1785153469883744000,121932490,121652369,-190.121,0.000,0.000,1.000,3.000,0.000,0.000,15.000,0,0,0
B3_zmq_pushpull,zmq_tcp,none,none,,1,33424,512,584,1785153469884651000,1785153469884651000,1785153469884651000,1785153469884652000,1785153469884728000,1785153469884733000,1785153469884733000,1785153469884733000,121932490,121652369,-204.121,0.000,0.000,1.000,5.000,0.000,0.000,14.000,0,0,0
B3_zmq_pushpull,zmq_tcp,none,none,,1,33425,512,584,1785153469885557000,1785153469885558000,1785153469885558000,1785153469885559000,1785153469885719000,1785153469885722000,1785153469885722000,1785153469885722000,121932490,121652369,-120.121,1.000,0.000,1.000,3.000,0.000,0.000,84.000,0,0,0
B3_zmq_pushpull,zmq_tcp,none,none,,1,33426,512,584,1785153469886674000,1785153469886674000,1785153469886674000,1785153469886675000,1785153469886870000,1785153469886873000,1785153469886873000,1785153469886873000,121932490,121652369,-85.121,0.000,0.000,1.000,3.000,0.000,0.000,35.000,0,0,0
B3_zmq_pushpull,zmq_tcp,none,none,,1,33427,512,584,1785153469887580000,1785153469887580000,1785153469887580000,1785153469887581000,1785153469887737000,1785153469887739000,1785153469887739000,1785153469887739000,121932490,121652369,-124.121,0.000,0.000,1.000,2.000,0.000,0.000,39.000,0,0,0
B3_zmq_pushpull,zmq_tcp,none,none,,1,33428,512,584,1785153469888668000,1785153469888668000,1785153469888668000,1785153469888669000,1785153469888746000,1785153469888749000,1785153469888749000,1785153469888749000,121932490,121652369,-203.121,0.000,0.000,1.000,3.000,0.000,0.000,79.000,0,0,0
B3_zmq_pushpull,zmq_tcp,none,none,,1,33429,512,584,1785153469889641000,1785153469889641000,1785153469889641000,1785153469889642000,1785153469889734000,1785153469889737000,1785153469889737000,1785153469889737000,121932490,121652369,-188.121,0.000,0.000,1.000,3.000,0.000,0.000,15.000,0,0,0
B3_zmq_pushpull,zmq_tcp,none,none,,1,33430,512,584,1785153469890653000,1785153469890653000,1785153469890653000,1785153469890654000,1785153469890727000,1785153469890730000,1785153469890730000,1785153469890730000,121932490,121652369,-207.121,0.000,0.000,1.000,3.000,0.000,0.000,19.000,0,0,0
B3_zmq_pushpull,zmq_tcp,none,none,,1,33431,512,584,1785153469891650000,1785153469891650000,1785153469891650000,1785153469891651000,1785153469891731000,1785153469891734000,1785153469891734000,1785153469891734000,121932490,121652369,-200.121,0.000,0.000,1.000,3.000,0.000,0.000,7.000,0,0,0
B3_zmq_pushpull,zmq_tcp,none,none,,1,33432,512,584,1785153469892650000,1785153469892651000,1785153469892651000,1785153469892652000,1785153469892747000,1785153469892751000,1785153469892751000,1785153469892751000,121932490,121652369,-185.121,1.000,0.000,1.000,4.000,0.000,0.000,15.000,0,0,0
B3_zmq_pushpull,zmq_tcp,none,none,,1,33433,512,584,1785153469893646000,1785153469893646000,1785153469893646000,1785153469893647000,1785153469893755000,1785153469893758000,1785153469893758000,1785153469893758000,121932490,121652369,-172.121,0.000,0.000,1.000,3.000,0.000,0.000,13.000,0,0,0
B3_zmq_pushpull,zmq_tcp,none,none,,1,33434,512,584,1785153469894651000,1785153469894652000,1785153469894652000,1785153469894652000,1785153469894743000,1785153469894746000,1785153469894746000,1785153469894746000,121932490,121652369,-189.121,1.000,0.000,0.000,3.000,0.000,0.000,17.000,0,0,0
B3_zmq_pushpull,zmq_tcp,none,none,,1,33435,512,584,1785153469895649000,1785153469895649000,1785153469895649000,1785153469895650000,1785153469895742000,1785153469895745000,1785153469895745000,1785153469895745000,121932490,121652369,-188.121,0.000,0.000,1.000,3.000,0.000,0.000,1.000,0,0,0
B3_zmq_pushpull,zmq_tcp,none,none,,1,33436,512,584,1785153469896601000,1785153469896601000,1785153469896601000,1785153469896602000,1785153469896741000,1785153469896744000,1785153469896744000,1785153469896744000,121932490,121652369,-141.121,0.000,0.000,1.000,3.000,0.000,0.000,47.000,0,0,0
B3_zmq_pushpull,zmq_tcp,none,none,,1,33437,512,584,1785153469897661000,1785153469897661000,1785153469897661000,1785153469897662000,1785153469897757000,1785153469897760000,1785153469897760000,1785153469897760000,121932490,121652369,-185.121,0.000,0.000,1.000,3.000,0.000,0.000,44.000,0,0,0
B3_zmq_pushpull,zmq_tcp,none,none,,1,33438,512,584,1785153469898458000,1785153469898458000,1785153469898458000,1785153469898459000,1785153469898607000,1785153469898610000,1785153469898610000,1785153469898610000,121932490,121652369,-132.121,0.000,0.000,1.000,3.000,0.000,0.000,53.000,0,0,0
B3_zmq_pushpull,zmq_tcp,none,none,,1,33439,512,584,1785153469899698000,1785153469899698000,1785153469899698000,1785153469899699000,1785153469899891000,1785153469899894000,1785153469899894000,1785153469899894000,121932490,121652369,-88.121,0.000,0.000,1.000,3.000,0.000,0.000,44.000,0,0,0
B3_zmq_pushpull,zmq_tcp,none,none,,1,33440,512,584,1785153469900604000,1785153469900604000,1785153469900604000,1785153469900605000,1785153469900751000,1785153469900754000,1785153469900754000,1785153469900754000,121932490,121652369,-134.121,0.000,0.000,1.000,3.000,0.000,0.000,46.000,0,0,0
B3_zmq_pushpull,zmq_tcp,none,none,,1,33441,512,584,1785153469901466000,1785153469901466000,1785153469901466000,1785153469901467000,1785153469901606000,1785153469901610000,1785153469901610000,1785153469901610000,121932490,121652369,-141.121,0.000,0.000,1.000,4.000,0.000,0.000,7.000,0,0,0
B3_zmq_pushpull,zmq_tcp,none,none,,1,33442,512,584,1785153469902456000,1785153469902456000,1785153469902456000,1785153469902457000,1785153469902599000,1785153469902602000,1785153469902602000,1785153469902602000,121932490,121652369,-138.121,0.000,0.000,1.000,3.000,0.000,0.000,3.000,0,0,0
B3_zmq_pushpull,zmq_tcp,none,none,,1,33443,512,584,1785153469903697000,1785153469903697000,1785153469903697000,1785153469903698000,1785153469903879000,1785153469903882000,1785153469903882000,1785153469903882000,121932490,121652369,-99.121,0.000,0.000,1.000,3.000,0.000,0.000,39.000,0,0,0
B3_zmq_pushpull,zmq_tcp,none,none,,1,33444,512,584,1785153469904636000,1785153469904636000,1785153469904636000,1785153469904637000,1785153469904753000,1785153469904756000,1785153469904756000,1785153469904756000,121932490,121652369,-164.121,0.000,0.000,1.000,3.000,0.000,0.000,65.000,0,0,0
B3_zmq_pushpull,zmq_tcp,none,none,,1,33445,512,584,1785153469905457000,1785153469905457000,1785153469905457000,1785153469905458000,1785153469905616000,1785153469905620000,1785153469905620000,1785153469905620000,121932490,121652369,-122.121,0.000,0.000,1.000,4.000,0.000,0.000,42.000,0,0,0
B3_zmq_pushpull,zmq_tcp,none,none,,1,33446,512,584,1785153469906698000,1785153469906698000,1785153469906698000,1785153469906699000,1785153469906905000,1785153469906908000,1785153469906908000,1785153469906908000,121932490,121652369,-74.121,0.000,0.000,1.000,3.000,0.000,0.000,48.000,0,0,0
B3_zmq_pushpull,zmq_tcp,none,none,,1,33447,512,584,1785153469907634000,1785153469907634000,1785153469907635000,1785153469907635000,1785153469907769000,1785153469907771000,1785153469907771000,1785153469907772000,121932490,121652369,-146.121,0.000,1.000,0.000,2.000,0.000,1.000,72.000,0,0,0
B3_zmq_pushpull,zmq_tcp,none,none,,1,33448,512,584,1785153469908654000,1785153469908654000,1785153469908654000,1785153469908655000,1785153469908771000,1785153469908774000,1785153469908774000,1785153469908774000,121932490,121652369,-164.121,0.000,0.000,1.000,3.000,0.000,0.000,18.000,0,0,0
B3_zmq_pushpull,zmq_tcp,none,none,,1,33449,512,584,1785153469909648000,1785153469909648000,1785153469909648000,1785153469909649000,1785153469909781000,1785153469909784000,1785153469909784000,1785153469909784000,121932490,121652369,-148.121,0.000,0.000,1.000,3.000,0.000,0.000,16.000,0,0,0
B3_zmq_pushpull,zmq_tcp,none,none,,1,33450,512,584,1785153469910649000,1785153469910649000,1785153469910649000,1785153469910650000,1785153469910771000,1785153469910774000,1785153469910774000,1785153469910774000,121932490,121652369,-159.121,0.000,0.000,1.000,3.000,0.000,0.000,11.000,0,0,0
B3_zmq_pushpull,zmq_tcp,none,none,,1,33451,512,584,1785153469911648000,1785153469911648000,1785153469911648000,1785153469911649000,1785153469911778000,1785153469911781000,1785153469911781000,1785153469911781000,121932490,121652369,-151.121,0.000,0.000,1.000,3.000,0.000,0.000,8.000,0,0,0
B3_zmq_pushpull,zmq_tcp,none,none,,1,33452,512,584,1785153469912650000,1785153469912650000,1785153469912650000,1785153469912651000,1785153469912787000,1785153469912790000,1785153469912790000,1785153469912790000,121932490,121652369,-144.121,0.000,0.000,1.000,3.000,0.000,0.000,7.000,0,0,0
B3_zmq_pushpull,zmq_tcp,none,none,,1,33453,512,584,1785153469913649000,1785153469913649000,1785153469913649000,1785153469913650000,1785153469913774000,1785153469913777000,1785153469913777000,1785153469913777000,121932490,121652369,-156.121,0.000,0.000,1.000,3.000,0.000,0.000,12.000,0,0,0
B3_zmq_pushpull,zmq_tcp,none,none,,1,33454,512,584,1785153469914648000,1785153469914648000,1785153469914649000,1785153469914649000,1785153469914795000,1785153469914798000,1785153469914798000,1785153469914798000,121932490,121652369,-134.121,0.000,1.000,0.000,3.000,0.000,0.000,22.000,0,0,0
B3_zmq_pushpull,zmq_tcp,none,none,,1,33455,512,584,1785153469915647000,1785153469915647000,1785153469915647000,1785153469915648000,1785153469915809000,1785153469915811000,1785153469915811000,1785153469915811000,121932490,121652369,-119.121,0.000,0.000,1.000,2.000,0.000,0.000,15.000,0,0,0
B3_zmq_pushpull,zmq_tcp,none,none,,1,33456,512,584,1785153469916651000,1785153469916651000,1785153469916651000,1785153469916652000,1785153469916824000,1785153469916827000,1785153469916827000,1785153469916827000,121932490,121652369,-108.121,0.000,0.000,1.000,3.000,0.000,0.000,11.000,0,0,0
B3_zmq_pushpull,zmq_tcp,none,none,,1,33457,512,584,1785153469917649000,1785153469917649000,1785153469917649000,1785153469917650000,1785153469917809000,1785153469917811000,1785153469917811000,1785153469917811000,121932490,121652369,-121.121,0.000,0.000,1.000,2.000,0.000,0.000,13.000,0,0,0
B3_zmq_pushpull,zmq_tcp,none,none,,1,33458,512,584,1785153469918650000,1785153469918650000,1785153469918650000,1785153469918651000,1785153469918800000,1785153469918802000,1785153469918802000,1785153469918802000,121932490,121652369,-131.121,0.000,0.000,1.000,2.000,0.000,0.000,10.000,0,0,0
B3_zmq_pushpull,zmq_tcp,none,none,,1,33459,512,584,1785153469919650000,1785153469919650000,1785153469919650000,1785153469919651000,1785153469919817000,1785153469919820000,1785153469919820000,1785153469919820000,121932490,121652369,-114.121,0.000,0.000,1.000,3.000,0.000,0.000,17.000,0,0,0
B3_zmq_pushpull,zmq_tcp,none,none,,1,33460,512,584,1785153469920650000,1785153469920650000,1785153469920650000,1785153469920651000,1785153469920830000,1785153469920833000,1785153469920833000,1785153469920833000,121932490,121652369,-101.121,0.000,0.000,1.000,3.000,0.000,0.000,13.000,0,0,0
B3_zmq_pushpull,zmq_tcp,none,none,,1,33461,512,584,1785153469921533000,1785153469921533000,1785153469921533000,1785153469921534000,1785153469921695000,1785153469921698000,1785153469921698000,1785153469921698000,121932490,121652369,-119.121,0.000,0.000,1.000,3.000,0.000,0.000,18.000,0,0,0
B3_zmq_pushpull,zmq_tcp,none,none,,1,33462,512,584,1785153469922549000,1785153469922549000,1785153469922549000,1785153469922550000,1785153469922693000,1785153469922696000,1785153469922696000,1785153469922696000,121932490,121652369,-137.121,0.000,0.000,1.000,3.000,0.000,0.000,18.000,0,0,0
B3_zmq_pushpull,zmq_tcp,none,none,,1,33463,512,584,1785153469923673000,1785153469923674000,1785153469923674000,1785153469923675000,1785153469923838000,1785153469923841000,1785153469923841000,1785153469923841000,121932490,121652369,-117.121,1.000,0.000,1.000,3.000,0.000,0.000,20.000,0,0,0
B3_zmq_pushpull,zmq_tcp,none,none,,1,33464,512,584,1785153469924643000,1785153469924643000,1785153469924643000,1785153469924644000,1785153469924715000,1785153469924724000,1785153469924724000,1785153469924724000,121932490,121652369,-209.121,0.000,0.000,1.000,9.000,0.000,0.000,92.000,0,0,0
B3_zmq_pushpull,zmq_tcp,none,none,,1,33465,512,584,1785153469925651000,1785153469925651000,1785153469925651000,1785153469925652000,1785153469925718000,1785153469925721000,1785153469925721000,1785153469925721000,121932490,121652369,-214.121,0.000,0.000,1.000,3.000,0.000,0.000,5.000,0,0,0
B3_zmq_pushpull,zmq_tcp,none,none,,1,33466,512,584,1785153469926648000,1785153469926648000,1785153469926648000,1785153469926649000,1785153469926733000,1785153469926735000,1785153469926735000,1785153469926735000,121932490,121652369,-196.121,0.000,0.000,1.000,2.000,0.000,0.000,18.000,0,0,0
B3_zmq_pushpull,zmq_tcp,none,none,,1,33467,512,584,1785153469927649000,1785153469927649000,1785153469927649000,1785153469927650000,1785153469927742000,1785153469927744000,1785153469927744000,1785153469927744000,121932490,121652369,-188.121,0.000,0.000,1.000,2.000,0.000,0.000,8.000,0,0,0
B3_zmq_pushpull,zmq_tcp,none,none,,1,33468,512,584,1785153469928650000,1785153469928650000,1785153469928650000,1785153469928651000,1785153469928743000,1785153469928746000,1785153469928746000,1785153469928746000,121932490,121652369,-188.121,0.000,0.000,1.000,3.000,0.000,0.000,0.000,0,0,0
B3_zmq_pushpull,zmq_tcp,none,none,,1,33469,512,584,1785153469929649000,1785153469929649000,1785153469929649000,1785153469929650000,1785153469929765000,1785153469929767000,1785153469929767000,1785153469929768000,121932490,121652369,-165.121,0.000,0.000,1.000,2.000,0.000,1.000,23.000,0,0,0
B3_zmq_pushpull,zmq_tcp,none,none,,1,33470,512,584,1785153469930648000,1785153469930648000,1785153469930648000,1785153469930649000,1785153469930741000,1785153469930744000,1785153469930744000,1785153469930744000,121932490,121652369,-188.121,0.000,0.000,1.000,3.000,0.000,0.000,23.000,0,0,0
B3_zmq_pushpull,zmq_tcp,none,none,,1,33471,512,584,1785153469931649000,1785153469931649000,1785153469931650000,1785153469931650000,1785153469931740000,1785153469931742000,1785153469931742000,1785153469931742000,121932490,121652369,-190.121,0.000,1.000,0.000,2.000,0.000,0.000,2.000,0,0,0
B3_zmq_pushpull,zmq_tcp,none,none,,1,33472,512,584,1785153469932574000,1785153469932574000,1785153469932574000,1785153469932575000,1785153469932737000,1785153469932740000,1785153469932740000,1785153469932740000,121932490,121652369,-118.121,0.000,0.000,1.000,3.000,0.000,0.000,72.000,0,0,0
B3_zmq_pushpull,zmq_tcp,none,none,,1,33473,512,584,1785153469933668000,1785153469933668000,1785153469933668000,1785153469933669000,1785153469933745000,1785153469933748000,1785153469933748000,1785153469933748000,121932490,121652369,-204.121,0.000,0.000,1.000,3.000,0.000,0.000,86.000,0,0,0
B3_zmq_pushpull,zmq_tcp,none,none,,1,33474,512,584,1785153469934645000,1785153469934645000,1785153469934645000,1785153469934646000,1785153469934758000,1785153469934761000,1785153469934761000,1785153469934761000,121932490,121652369,-168.121,0.000,0.000,1.000,3.000,0.000,0.000,36.000,0,0,0
B3_zmq_pushpull,zmq_tcp,none,none,,1,33475,512,584,1785153469935650000,1785153469935651000,1785153469935651000,1785153469935652000,1785153469935759000,1785153469935762000,1785153469935762000,1785153469935762000,121932490,121652369,-173.121,1.000,0.000,1.000,3.000,0.000,0.000,5.000,0,0,0
B3_zmq_pushpull,zmq_tcp,none,none,,1,33476,512,584,1785153469936649000,1785153469936649000,1785153469936649000,1785153469936650000,1785153469936771000,1785153469936774000,1785153469936774000,1785153469936774000,121932490,121652369,-159.121,0.000,0.000,1.000,3.000,0.000,0.000,14.000,0,0,0
B3_zmq_pushpull,zmq_tcp,none,none,,1,33477,512,584,1785153469937650000,1785153469937650000,1785153469937650000,1785153469937651000,1785153469937773000,1785153469937775000,1785153469937776000,1785153469937776000,121932490,121652369,-158.121,0.000,0.000,1.000,2.000,1.000,0.000,1.000,0,0,0
B3_zmq_pushpull,zmq_tcp,none,none,,1,33478,512,584,1785153469938645000,1785153469938645000,1785153469938645000,1785153469938646000,1785153469938764000,1785153469938766000,1785153469938766000,1785153469938766000,121932490,121652369,-162.121,0.000,0.000,1.000,2.000,0.000,0.000,4.000,0,0,0
B3_zmq_pushpull,zmq_tcp,none,none,,1,33479,512,584,1785153469939651000,1785153469939651000,1785153469939651000,1785153469939652000,1785153469939738000,1785153469939741000,1785153469939741000,1785153469939741000,121932490,121652369,-194.121,0.000,0.000,1.000,3.000,0.000,0.000,32.000,0,0,0
B3_zmq_pushpull,zmq_tcp,none,none,,1,33480,512,584,1785153469940652000,1785153469940652000,1785153469940652000,1785153469940653000,1785153469940727000,1785153469940730000,1785153469940730000,1785153469940730000,121932490,121652369,-206.121,0.000,0.000,1.000,3.000,0.000,0.000,12.000,0,0,0
B3_zmq_pushpull,zmq_tcp,none,none,,1,33481,512,584,1785153469941644000,1785153469941644000,1785153469941644000,1785153469941645000,1785153469941750000,1785153469941753000,1785153469941753000,1785153469941753000,121932490,121652369,-175.121,0.000,0.000,1.000,3.000,0.000,0.000,31.000,0,0,0
B3_zmq_pushpull,zmq_tcp,none,none,,1,33482,512,584,1785153469942653000,1785153469942653000,1785153469942653000,1785153469942654000,1785153469942753000,1785153469942756000,1785153469942756000,1785153469942756000,121932490,121652369,-181.121,0.000,0.000,1.000,3.000,0.000,0.000,6.000,0,0,0
B3_zmq_pushpull,zmq_tcp,none,none,,1,33483,512,584,1785153469943648000,1785153469943648000,1785153469943648000,1785153469943649000,1785153469943755000,1785153469943759000,1785153469943759000,1785153469943759000,121932490,121652369,-174.121,0.000,0.000,1.000,4.000,0.000,0.000,7.000,0,0,0
B3_zmq_pushpull,zmq_tcp,none,none,,1,33484,512,584,1785153469944649000,1785153469944649000,1785153469944649000,1785153469944650000,1785153469944754000,1785153469944757000,1785153469944757000,1785153469944757000,121932490,121652369,-176.121,0.000,0.000,1.000,3.000,0.000,0.000,2.000,0,0,0
B3_zmq_pushpull,zmq_tcp,none,none,,1,33485,512,584,1785153469945645000,1785153469945645000,1785153469945645000,1785153469945646000,1785153469945758000,1785153469945761000,1785153469945761000,1785153469945761000,121932490,121652369,-168.121,0.000,0.000,1.000,3.000,0.000,0.000,8.000,0,0,0
B3_zmq_pushpull,zmq_tcp,none,none,,1,33486,512,584,1785153469946650000,1785153469946650000,1785153469946650000,1785153469946651000,1785153469946722000,1785153469946725000,1785153469946725000,1785153469946725000,121932490,121652369,-209.121,0.000,0.000,1.000,3.000,0.000,0.000,41.000,0,0,0
B3_zmq_pushpull,zmq_tcp,none,none,,1,33487,512,584,1785153469947567000,1785153469947567000,1785153469947567000,1785153469947568000,1785153469947725000,1785153469947729000,1785153469947729000,1785153469947729000,121932490,121652369,-123.121,0.000,0.000,1.000,4.000,0.000,0.000,86.000,0,0,0
B3_zmq_pushpull,zmq_tcp,none,none,,1,33488,512,584,1785153469948562000,1785153469948562000,1785153469948562000,1785153469948563000,1785153469948712000,1785153469948715000,1785153469948715000,1785153469948715000,121932490,121652369,-131.121,0.000,0.000,1.000,3.000,0.000,0.000,8.000,0,0,0
B3_zmq_pushpull,zmq_tcp,none,none,,1,33489,512,584,1785153469949669000,1785153469949669000,1785153469949670000,1785153469949670000,1785153469949842000,1785153469949845000,1785153469949845000,1785153469949845000,121932490,121652369,-108.121,0.000,1.000,0.000,3.000,0.000,0.000,23.000,0,0,0
B3_zmq_pushpull,zmq_tcp,none,none,,1,33490,512,584,1785153469950533000,1785153469950533000,1785153469950534000,1785153469950535000,1785153469950692000,1785153469950695000,1785153469950695000,1785153469950695000,121932490,121652369,-123.121,0.000,1.000,1.000,3.000,0.000,0.000,15.000,0,0,0
B3_zmq_pushpull,zmq_tcp,none,none,,1,33491,512,584,1785153469951540000,1785153469951540000,1785153469951540000,1785153469951542000,1785153469951694000,1785153469951698000,1785153469951698000,1785153469951698000,121932490,121652369,-128.121,0.000,0.000,2.000,4.000,0.000,0.000,5.000,0,0,0
B3_zmq_pushpull,zmq_tcp,none,none,,1,33492,512,584,1785153469952675000,1785153469952675000,1785153469952676000,1785153469952676000,1785153469952812000,1785153469952815000,1785153469952815000,1785153469952815000,121932490,121652369,-144.121,0.000,1.000,0.000,3.000,0.000,0.000,16.000,0,0,0
B3_zmq_pushpull,zmq_tcp,none,none,,1,33493,512,584,1785153469953642000,1785153469953642000,1785153469953643000,1785153469953644000,1785153469953833000,1785153469953836000,1785153469953836000,1785153469953836000,121932490,121652369,-91.121,0.000,1.000,1.000,3.000,0.000,0.000,53.000,0,0,0
B3_zmq_pushpull,zmq_tcp,none,none,,1,33494,512,584,1785153469954541000,1785153469954541000,1785153469954541000,1785153469954542000,1785153469954697000,1785153469954700000,1785153469954700000,1785153469954700000,121932490,121652369,-125.121,0.000,0.000,1.000,3.000,0.000,0.000,34.000,0,0,0
B3_zmq_pushpull,zmq_tcp,none,none,,1,33495,512,584,1785153469955677000,1785153469955678000,1785153469955678000,1785153469955679000,1785153469955844000,1785153469955846000,1785153469955846000,1785153469955846000,121932490,121652369,-115.121,1.000,0.000,1.000,2.000,0.000,0.000,10.000,0,0,0
B3_zmq_pushpull,zmq_tcp,none,none,,1,33496,512,584,1785153469956639000,1785153469956639000,1785153469956639000,1785153469956640000,1785153469956682000,1785153469956685000,1785153469956685000,1785153469956685000,121932490,121652369,-238.121,0.000,0.000,1.000,3.000,0.000,0.000,123.000,0,0,0
B3_zmq_pushpull,zmq_tcp,none,none,,1,33497,512,584,1785153469957652000,1785153469957652000,1785153469957653000,1785153469957653000,1785153469957696000,1785153469957700000,1785153469957700000,1785153469957700000,121932490,121652369,-237.121,0.000,1.000,0.000,4.000,0.000,0.000,1.000,0,0,0
B3_zmq_pushpull,zmq_tcp,none,none,,1,33498,512,584,1785153469958532000,1785153469958532000,1785153469958532000,1785153469958533000,1785153469958677000,1785153469958680000,1785153469958680000,1785153469958680000,121932490,121652369,-136.121,0.000,0.000,1.000,3.000,0.000,0.000,101.000,0,0,0
B3_zmq_pushpull,zmq_tcp,none,none,,1,33499,512,584,1785153469959679000,1785153469959680000,1785153469959680000,1785153469959681000,1785153469959767000,1785153469959774000,1785153469959774000,1785153469959774000,121932490,121652369,-194.121,1.000,0.000,1.000,7.000,0.000,0.000,58.000,0,0,0
B3_zmq_pushpull,zmq_tcp,none,none,,1,33500,512,584,1785153469960641000,1785153469960642000,1785153469960642000,1785153469960643000,1785153469960758000,1785153469960761000,1785153469960761000,1785153469960761000,121932490,121652369,-165.121,1.000,0.000,1.000,3.000,0.000,0.000,29.000,0,0,0
B3_zmq_pushpull,zmq_tcp,none,none,,1,33501,512,584,1785153469961654000,1785153469961654000,1785153469961654000,1785153469961655000,1785153469961750000,1785153469961753000,1785153469961753000,1785153469961753000,121932490,121652369,-185.121,0.000,0.000,1.000,3.000,0.000,0.000,20.000,0,0,0
B3_zmq_pushpull,zmq_tcp,none,none,,1,33502,512,584,1785153469962648000,1785153469962648000,1785153469962648000,1785153469962649000,1785153469962758000,1785153469962761000,1785153469962761000,1785153469962761000,121932490,121652369,-171.121,0.000,0.000,1.000,3.000,0.000,0.000,14.000,0,0,0
B3_zmq_pushpull,zmq_tcp,none,none,,1,33503,512,584,1785153469963651000,1785153469963651000,1785153469963651000,1785153469963652000,1785153469963724000,1785153469963727000,1785153469963727000,1785153469963727000,121932490,121652369,-208.121,0.000,0.000,1.000,3.000,0.000,0.000,37.000,0,0,0
B3_zmq_pushpull,zmq_tcp,none,none,,1,33504,512,584,1785153469964568000,1785153469964568000,1785153469964568000,1785153469964569000,1785153469964725000,1785153469964727000,1785153469964727000,1785153469964727000,121932490,121652369,-124.121,0.000,0.000,1.000,2.000,0.000,0.000,84.000,0,0,0
B3_zmq_pushpull,zmq_tcp,none,none,,1,33505,512,584,1785153469965550000,1785153469965550000,1785153469965550000,1785153469965551000,1785153469965705000,1785153469965708000,1785153469965708000,1785153469965708000,121932490,121652369,-126.121,0.000,0.000,1.000,3.000,0.000,0.000,2.000,0,0,0
B3_zmq_pushpull,zmq_tcp,none,none,,1,33506,512,584,1785153469966675000,1785153469966675000,1785153469966675000,1785153469966676000,1785153469966833000,1785153469966836000,1785153469966836000,1785153469966836000,121932490,121652369,-123.121,0.000,0.000,1.000,3.000,0.000,0.000,3.000,0,0,0
B3_zmq_pushpull,zmq_tcp,none,none,,1,33507,512,584,1785153469967525000,1785153469967525000,1785153469967525000,1785153469967526000,1785153469967684000,1785153469967686000,1785153469967686000,1785153469967686000,121932490,121652369,-122.121,0.000,0.000,1.000,2.000,0.000,0.000,1.000,0,0,0
B3_zmq_pushpull,zmq_tcp,none,none,,1,33508,512,584,1785153469968539000,1785153469968539000,1785153469968539000,1785153469968540000,1785153469968698000,1785153469968701000,1785153469968701000,1785153469968701000,121932490,121652369,-122.121,0.000,0.000,1.000,3.000,0.000,0.000,0.000,0,0,0
B3_zmq_pushpull,zmq_tcp,none,none,,1,33509,512,584,1785153469969531000,1785153469969531000,1785153469969531000,1785153469969532000,1785153469969692000,1785153469969694000,1785153469969694000,1785153469969694000,121932490,121652369,-120.121,0.000,0.000,1.000,2.000,0.000,0.000,2.000,0,0,0
B3_zmq_pushpull,zmq_tcp,none,none,,1,33510,512,584,1785153469970679000,1785153469970679000,1785153469970679000,1785153469970680000,1785153469970829000,1785153469970831000,1785153469970832000,1785153469970832000,121932490,121652369,-131.121,0.000,0.000,1.000,2.000,1.000,0.000,11.000,0,0,0
B3_zmq_pushpull,zmq_tcp,none,none,,1,33511,512,584,1785153469971530000,1785153469971530000,1785153469971530000,1785153469971531000,1785153469971689000,1785153469971691000,1785153469971691000,1785153469971692000,121932490,121652369,-122.121,0.000,0.000,1.000,2.000,0.000,1.000,9.000,0,0,0
B3_zmq_pushpull,zmq_tcp,none,none,,1,33512,512,584,1785153469972680000,1785153469972680000,1785153469972680000,1785153469972681000,1785153469972807000,1785153469972811000,1785153469972811000,1785153469972811000,121932490,121652369,-154.121,0.000,0.000,1.000,4.000,0.000,0.000,32.000,0,0,0
B3_zmq_pushpull,zmq_tcp,none,none,,1,33513,512,584,1785153469973510000,1785153469973511000,1785153469973511000,1785153469973512000,1785153469973665000,1785153469973668000,1785153469973668000,1785153469973668000,121932490,121652369,-127.121,1.000,0.000,1.000,3.000,0.000,0.000,27.000,0,0,0
B3_zmq_pushpull,zmq_tcp,none,none,,1,33514,512,584,1785153469974684000,1785153469974684000,1785153469974684000,1785153469974685000,1785153469974800000,1785153469974803000,1785153469974803000,1785153469974803000,121932490,121652369,-165.121,0.000,0.000,1.000,3.000,0.000,0.000,38.000,0,0,0
B3_zmq_pushpull,zmq_tcp,none,none,,1,33515,512,584,1785153469975641000,1785153469975641000,1785153469975641000,1785153469975642000,1785153469975806000,1785153469975809000,1785153469975809000,1785153469975809000,121932490,121652369,-116.121,0.000,0.000,1.000,3.000,0.000,0.000,49.000,0,0,0
B3_zmq_pushpull,zmq_tcp,none,none,,1,33516,512,584,1785153469976652000,1785153469976652000,1785153469976652000,1785153469976653000,1785153469976798000,1785153469976801000,1785153469976801000,1785153469976801000,121932490,121652369,-135.121,0.000,0.000,1.000,3.000,0.000,0.000,19.000,0,0,0
B3_zmq_pushpull,zmq_tcp,none,none,,1,33517,512,584,1785153469977511000,1785153469977511000,1785153469977511000,1785153469977512000,1785153469977662000,1785153469977664000,1785153469977664000,1785153469977664000,121932490,121652369,-130.121,0.000,0.000,1.000,2.000,0.000,0.000,5.000,0,0,0
B3_zmq_pushpull,zmq_tcp,none,none,,1,33518,512,584,1785153469978684000,1785153469978684000,1785153469978684000,1785153469978685000,1785153469978793000,1785153469978796000,1785153469978796000,1785153469978796000,121932490,121652369,-172.121,0.000,0.000,1.000,3.000,0.000,0.000,42.000,0,0,0
B3_zmq_pushpull,zmq_tcp,none,none,,1,33519,512,584,1785153469979486000,1785153469979486000,1785153469979487000,1785153469979487000,1785153469979642000,1785153469979645000,1785153469979645000,1785153469979645000,121932490,121652369,-125.121,0.000,1.000,0.000,3.000,0.000,0.000,47.000,0,0,0
B3_zmq_pushpull,zmq_tcp,none,none,,1,33520,512,584,1785153469980691000,1785153469980691000,1785153469980691000,1785153469980692000,1785153469980761000,1785153469980764000,1785153469980764000,1785153469980764000,121932490,121652369,-211.121,0.000,0.000,1.000,3.000,0.000,0.000,86.000,0,0,0
B3_zmq_pushpull,zmq_tcp,none,none,,1,33521,512,584,1785153469981639000,1785153469981639000,1785153469981639000,1785153469981640000,1785153469981753000,1785153469981756000,1785153469981756000,1785153469981756000,121932490,121652369,-167.121,0.000,0.000,1.000,3.000,0.000,0.000,44.000,0,0,0
B3_zmq_pushpull,zmq_tcp,none,none,,1,33522,512,584,1785153469982652000,1785153469982652000,1785153469982652000,1785153469982653000,1785153469982737000,1785153469982740000,1785153469982740000,1785153469982740000,121932490,121652369,-196.121,0.000,0.000,1.000,3.000,0.000,0.000,29.000,0,0,0
B3_zmq_pushpull,zmq_tcp,none,none,,1,33523,512,584,1785153469983648000,1785153469983648000,1785153469983649000,1785153469983649000,1785153469983729000,1785153469983731000,1785153469983732000,1785153469983732000,121932490,121652369,-200.121,0.000,1.000,0.000,2.000,1.000,0.000,4.000,0,0,0
B3_zmq_pushpull,zmq_tcp,none,none,,1,33524,512,584,1785153469984650000,1785153469984650000,1785153469984650000,1785153469984651000,1785153469984722000,1785153469984725000,1785153469984725000,1785153469984725000,121932490,121652369,-209.121,0.000,0.000,1.000,3.000,0.000,0.000,9.000,0,0,0
B3_zmq_pushpull,zmq_tcp,none,none,,1,33525,512,584,1785153469985649000,1785153469985650000,1785153469985650000,1785153469985651000,1785153469985724000,1785153469985726000,1785153469985726000,1785153469985726000,121932490,121652369,-207.121,1.000,0.000,1.000,2.000,0.000,0.000,2.000,0,0,0
B3_zmq_pushpull,zmq_tcp,none,none,,1,33526,512,584,1785153469986650000,1785153469986650000,1785153469986650000,1785153469986651000,1785153469986706000,1785153469986709000,1785153469986709000,1785153469986709000,121932490,121652369,-225.121,0.000,0.000,1.000,3.000,0.000,0.000,18.000,0,0,0
B3_zmq_pushpull,zmq_tcp,none,none,,1,33527,512,584,1785153469987647000,1785153469987647000,1785153469987647000,1785153469987648000,1785153469987697000,1785153469987701000,1785153469987701000,1785153469987701000,121932490,121652369,-231.121,0.000,0.000,1.000,4.000,0.000,0.000,6.000,0,0,0
B3_zmq_pushpull,zmq_tcp,none,none,,1,33528,512,584,1785153469988651000,1785153469988652000,1785153469988652000,1785153469988653000,1785153469988694000,1785153469988698000,1785153469988698000,1785153469988698000,121932490,121652369,-239.121,1.000,0.000,1.000,4.000,0.000,0.000,8.000,0,0,0
B3_zmq_pushpull,zmq_tcp,none,none,,1,33529,512,584,1785153469989650000,1785153469989650000,1785153469989650000,1785153469989651000,1785153469989707000,1785153469989711000,1785153469989711000,1785153469989711000,121932490,121652369,-224.121,0.000,0.000,1.000,4.000,0.000,0.000,15.000,0,0,0
B3_zmq_pushpull,zmq_tcp,none,none,,1,33530,512,584,1785153469990651000,1785153469990651000,1785153469990651000,1785153469990652000,1785153469990829000,1785153469990832000,1785153469990832000,1785153469990832000,121932490,121652369,-103.121,0.000,0.000,1.000,3.000,0.000,0.000,121.000,0,0,0
B3_zmq_pushpull,zmq_tcp,none,none,,1,33531,512,584,1785153469991541000,1785153469991541000,1785153469991541000,1785153469991542000,1785153469991700000,1785153469991702000,1785153469991702000,1785153469991702000,121932490,121652369,-122.121,0.000,0.000,1.000,2.000,0.000,0.000,19.000,0,0,0
B3_zmq_pushpull,zmq_tcp,none,none,,1,33532,512,584,1785153469992527000,1785153469992528000,1785153469992528000,1785153469992529000,1785153469992684000,1785153469992688000,1785153469992688000,1785153469992688000,121932490,121652369,-125.121,1.000,0.000,1.000,4.000,0.000,0.000,3.000,0,0,0
B3_zmq_pushpull,zmq_tcp,none,none,,1,33533,512,584,1785153469993680000,1785153469993680000,1785153469993680000,1785153469993681000,1785153469993814000,1785153469993817000,1785153469993817000,1785153469993817000,121932490,121652369,-147.121,0.000,0.000,1.000,3.000,0.000,0.000,22.000,0,0,0
B3_zmq_pushpull,zmq_tcp,none,none,,1,33534,512,584,1785153469994639000,1785153469994639000,1785153469994639000,1785153469994640000,1785153469994802000,1785153469994805000,1785153469994805000,1785153469994805000,121932490,121652369,-118.121,0.000,0.000,1.000,3.000,0.000,0.000,29.000,0,0,0
B3_zmq_pushpull,zmq_tcp,none,none,,1,33535,512,584,1785153469995652000,1785153469995652000,1785153469995652000,1785153469995653000,1785153469995777000,1785153469995780000,1785153469995780000,1785153469995780000,121932490,121652369,-156.121,0.000,0.000,1.000,3.000,0.000,0.000,38.000,0,0,0
B3_zmq_pushpull,zmq_tcp,none,none,,1,33536,512,584,1785153469996649000,1785153469996649000,1785153469996649000,1785153469996650000,1785153469996789000,1785153469996792000,1785153469996792000,1785153469996792000,121932490,121652369,-141.121,0.000,0.000,1.000,3.000,0.000,0.000,15.000,0,0,0
B3_zmq_pushpull,zmq_tcp,none,none,,1,33537,512,584,1785153469997650000,1785153469997650000,1785153469997650000,1785153469997651000,1785153469997792000,1785153469997795000,1785153469997795000,1785153469997795000,121932490,121652369,-139.121,0.000,0.000,1.000,3.000,0.000,0.000,2.000,0,0,0
B3_zmq_pushpull,zmq_tcp,none,none,,1,33538,512,584,1785153469998646000,1785153469998646000,1785153469998646000,1785153469998647000,1785153469998780000,1785153469998782000,1785153469998782000,1785153469998782000,121932490,121652369,-147.121,0.000,0.000,1.000,2.000,0.000,0.000,8.000,0,0,0
B3_zmq_pushpull,zmq_tcp,none,none,,1,33539,512,584,1785153469999652000,1785153469999652000,1785153469999652000,1785153469999653000,1785153469999794000,1785153469999797000,1785153469999797000,1785153469999797000,121932490,121652369,-139.121,0.000,0.000,1.000,3.000,0.000,0.000,8.000,0,0,0
B3_zmq_pushpull,zmq_tcp,none,none,,1,33540,512,584,1785153470000649000,1785153470000649000,1785153470000649000,1785153470000650000,1785153470000772000,1785153470000775000,1785153470000775000,1785153470000775000,121932490,121652369,-158.121,0.000,0.000,1.000,3.000,0.000,0.000,19.000,0,0,0
B3_zmq_pushpull,zmq_tcp,none,none,,1,33541,512,584,1785153470001649000,1785153470001649000,1785153470001649000,1785153470001650000,1785153470001769000,1785153470001772000,1785153470001772000,1785153470001772000,121932490,121652369,-161.121,0.000,0.000,1.000,3.000,0.000,0.000,3.000,0,0,0
B3_zmq_pushpull,zmq_tcp,none,none,,1,33542,512,584,1785153470002648000,1785153470002648000,1785153470002648000,1785153470002649000,1785153470002762000,1785153470002764000,1785153470002764000,1785153470002764000,121932490,121652369,-167.121,0.000,0.000,1.000,2.000,0.000,0.000,6.000,0,0,0
B3_zmq_pushpull,zmq_tcp,none,none,,1,33543,512,584,1785153470003650000,1785153470003650000,1785153470003650000,1785153470003651000,1785153470003773000,1785153470003776000,1785153470003776000,1785153470003776000,121932490,121652369,-158.121,0.000,0.000,1.000,3.000,0.000,0.000,9.000,0,0,0
B3_zmq_pushpull,zmq_tcp,none,none,,1,33544,512,584,1785153470004649000,1785153470004649000,1785153470004649000,1785153470004650000,1785153470004777000,1785153470004780000,1785153470004780000,1785153470004780000,121932490,121652369,-153.121,0.000,0.000,1.000,3.000,0.000,0.000,5.000,0,0,0
B3_zmq_pushpull,zmq_tcp,none,none,,1,33545,512,584,1785153470005651000,1785153470005651000,1785153470005651000,1785153470005652000,1785153470005773000,1785153470005775000,1785153470005776000,1785153470005776000,121932490,121652369,-159.121,0.000,0.000,1.000,2.000,1.000,0.000,6.000,0,0,0
B3_zmq_pushpull,zmq_tcp,none,none,,1,33546,512,584,1785153470006649000,1785153470006649000,1785153470006649000,1785153470006650000,1785153470006769000,1785153470006772000,1785153470006772000,1785153470006772000,121932490,121652369,-161.121,0.000,0.000,1.000,3.000,0.000,0.000,2.000,0,0,0
B3_zmq_pushpull,zmq_tcp,none,none,,1,33547,512,584,1785153470007650000,1785153470007650000,1785153470007650000,1785153470007651000,1785153470007765000,1785153470007768000,1785153470007768000,1785153470007768000,121932490,121652369,-166.121,0.000,0.000,1.000,3.000,0.000,0.000,5.000,0,0,0
B3_zmq_pushpull,zmq_tcp,none,none,,1,33548,512,584,1785153470008650000,1785153470008650000,1785153470008650000,1785153470008651000,1785153470008753000,1785153470008756000,1785153470008756000,1785153470008756000,121932490,121652369,-178.121,0.000,0.000,1.000,3.000,0.000,0.000,12.000,0,0,0
B3_zmq_pushpull,zmq_tcp,none,none,,1,33549,512,584,1785153470009458000,1785153470009459000,1785153470009459000,1785153470009460000,1785153470009618000,1785153470009621000,1785153470009621000,1785153470009621000,121932490,121652369,-122.121,1.000,0.000,1.000,3.000,0.000,0.000,56.000,0,0,0
B3_zmq_pushpull,zmq_tcp,none,none,,1,33550,512,584,1785153470010695000,1785153470010695000,1785153470010695000,1785153470010696000,1785153470010751000,1785153470010754000,1785153470010755000,1785153470010755000,121932490,121652369,-225.121,0.000,0.000,1.000,3.000,1.000,0.000,103.000,0,0,0
B3_zmq_pushpull,zmq_tcp,none,none,,1,33551,512,584,1785153470011641000,1785153470011642000,1785153470011642000,1785153470011643000,1785153470011743000,1785153470011746000,1785153470011746000,1785153470011746000,121932490,121652369,-180.121,1.000,0.000,1.000,3.000,0.000,0.000,45.000,0,0,0
B3_zmq_pushpull,zmq_tcp,none,none,,1,33552,512,584,1785153470012652000,1785153470012652000,1785153470012652000,1785153470012653000,1785153470012735000,1785153470012737000,1785153470012737000,1785153470012737000,121932490,121652369,-198.121,0.000,0.000,1.000,2.000,0.000,0.000,18.000,0,0,0
B3_zmq_pushpull,zmq_tcp,none,none,,1,33553,512,584,1785153470013649000,1785153470013649000,1785153470013649000,1785153470013650000,1785153470013714000,1785153470013717000,1785153470013717000,1785153470013717000,121932490,121652369,-216.121,0.000,0.000,1.000,3.000,0.000,0.000,18.000,0,0,0
B3_zmq_pushpull,zmq_tcp,none,none,,1,33554,512,584,1785153470014650000,1785153470014650000,1785153470014650000,1785153470014651000,1785153470014701000,1785153470014704000,1785153470014704000,1785153470014704000,121932490,121652369,-230.121,0.000,0.000,1.000,3.000,0.000,0.000,14.000,0,0,0
B3_zmq_pushpull,zmq_tcp,none,none,,1,33555,512,584,1785153470015650000,1785153470015650000,1785153470015650000,1785153470015651000,1785153470015690000,1785153470015692000,1785153470015692000,1785153470015692000,121932490,121652369,-241.121,0.000,0.000,1.000,2.000,0.000,0.000,11.000,0,0,0
B3_zmq_pushpull,zmq_tcp,none,none,,1,33556,512,584,1785153470016535000,1785153470016535000,1785153470016535000,1785153470016536000,1785153470016686000,1785153470016688000,1785153470016688000,1785153470016688000,121932490,121652369,-130.121,0.000,0.000,1.000,2.000,0.000,0.000,111.000,0,0,0
B3_zmq_pushpull,zmq_tcp,none,none,,1,33557,512,584,1785153470017679000,1785153470017679000,1785153470017679000,1785153470017680000,1785153470017802000,1785153470017805000,1785153470017805000,1785153470017805000,121932490,121652369,-158.121,0.000,0.000,1.000,3.000,0.000,0.000,28.000,0,0,0
B3_zmq_pushpull,zmq_tcp,none,none,,1,33558,512,584,1785153470018642000,1785153470018642000,1785153470018642000,1785153470018643000,1785153470018801000,1785153470018804000,1785153470018804000,1785153470018804000,121932490,121652369,-122.121,0.000,0.000,1.000,3.000,0.000,0.000,36.000,0,0,0
B3_zmq_pushpull,zmq_tcp,none,none,,1,33559,512,584,1785153470019651000,1785153470019651000,1785153470019651000,1785153470019652000,1785153470019800000,1785153470019802000,1785153470019802000,1785153470019802000,121932490,121652369,-132.121,0.000,0.000,1.000,2.000,0.000,0.000,10.000,0,0,0
B3_zmq_pushpull,zmq_tcp,none,none,,1,33560,512,584,1785153470020648000,1785153470020648000,1785153470020648000,1785153470020649000,1785153470020784000,1785153470020787000,1785153470020787000,1785153470020787000,121932490,121652369,-145.121,0.000,0.000,1.000,3.000,0.000,0.000,13.000,0,0,0
B3_zmq_pushpull,zmq_tcp,none,none,,1,33561,512,584,1785153470021649000,1785153470021650000,1785153470021650000,1785153470021651000,1785153470021780000,1785153470021782000,1785153470021782000,1785153470021782000,121932490,121652369,-151.121,1.000,0.000,1.000,2.000,0.000,0.000,6.000,0,0,0
B3_zmq_pushpull,zmq_tcp,none,none,,1,33562,512,584,1785153470022649000,1785153470022649000,1785153470022650000,1785153470022650000,1785153470022774000,1785153470022777000,1785153470022777000,1785153470022777000,121932490,121652369,-156.121,0.000,1.000,0.000,3.000,0.000,0.000,5.000,0,0,0
B3_zmq_pushpull,zmq_tcp,none,none,,1,33563,512,584,1785153470023649000,1785153470023649000,1785153470023650000,1785153470023650000,1785153470023780000,1785153470023784000,1785153470023784000,1785153470023784000,121932490,121652369,-150.121,0.000,1.000,0.000,4.000,0.000,0.000,6.000,0,0,0
B3_zmq_pushpull,zmq_tcp,none,none,,1,33564,512,584,1785153470024478000,1785153470024478000,1785153470024478000,1785153470024479000,1785153470024636000,1785153470024638000,1785153470024639000,1785153470024639000,121932490,121652369,-123.121,0.000,0.000,1.000,2.000,1.000,0.000,27.000,0,0,0
B3_zmq_pushpull,zmq_tcp,none,none,,1,33565,512,584,1785153470025490000,1785153470025490000,1785153470025490000,1785153470025491000,1785153470025646000,1785153470025649000,1785153470025649000,1785153470025649000,121932490,121652369,-125.121,0.000,0.000,1.000,3.000,0.000,0.000,2.000,0,0,0
B3_zmq_pushpull,zmq_tcp,none,none,,1,33566,512,584,1785153470026503000,1785153470026503000,1785153470026504000,1785153470026505000,1785153470026656000,1785153470026658000,1785153470026658000,1785153470026658000,121932490,121652369,-129.121,0.000,1.000,1.000,2.000,0.000,0.000,4.000,0,0,0
B3_zmq_pushpull,zmq_tcp,none,none,,1,33567,512,584,1785153470027517000,1785153470027518000,1785153470027518000,1785153470027519000,1785153470027672000,1785153470027675000,1785153470027675000,1785153470027675000,121932490,121652369,-127.121,1.000,0.000,1.000,3.000,0.000,0.000,2.000,0,0,0
B3_zmq_pushpull,zmq_tcp,none,none,,1,33568,512,584,1785153470028681000,1785153470028681000,1785153470028682000,1785153470028682000,1785153470028800000,1785153470028803000,1785153470028803000,1785153470028803000,121932490,121652369,-162.121,0.000,1.000,0.000,3.000,0.000,0.000,35.000,0,0,0
B3_zmq_pushpull,zmq_tcp,none,none,,1,33569,512,584,1785153470029641000,1785153470029641000,1785153470029641000,1785153470029642000,1785153470029776000,1785153470029778000,1785153470029778000,1785153470029778000,121932490,121652369,-146.121,0.000,0.000,1.000,2.000,0.000,0.000,16.000,0,0,0
B3_zmq_pushpull,zmq_tcp,none,none,,1,33570,512,584,1785153470030652000,1785153470030652000,1785153470030652000,1785153470030653000,1785153470030771000,1785153470030773000,1785153470030773000,1785153470030773000,121932490,121652369,-162.121,0.000,0.000,1.000,2.000,0.000,0.000,16.000,0,0,0
B3_zmq_pushpull,zmq_tcp,none,none,,1,33571,512,584,1785153470031646000,1785153470031646000,1785153470031646000,1785153470031647000,1785153470031771000,1785153470031774000,1785153470031774000,1785153470031774000,121932490,121652369,-156.121,0.000,0.000,1.000,3.000,0.000,0.000,6.000,0,0,0
B3_zmq_pushpull,zmq_tcp,none,none,,1,33572,512,584,1785153470032651000,1785153470032651000,1785153470032651000,1785153470032652000,1785153470032778000,1785153470032780000,1785153470032780000,1785153470032780000,121932490,121652369,-154.121,0.000,0.000,1.000,2.000,0.000,0.000,2.000,0,0,0
B3_zmq_pushpull,zmq_tcp,none,none,,1,33573,512,584,1785153470033650000,1785153470033650000,1785153470033650000,1785153470033651000,1785153470033786000,1785153470033789000,1785153470033789000,1785153470033789000,121932490,121652369,-145.121,0.000,0.000,1.000,3.000,0.000,0.000,9.000,0,0,0
B3_zmq_pushpull,zmq_tcp,none,none,,1,33574,512,584,1785153470034649000,1785153470034649000,1785153470034649000,1785153470034650000,1785153470034775000,1785153470034777000,1785153470034777000,1785153470034777000,121932490,121652369,-155.121,0.000,0.000,1.000,2.000,0.000,0.000,10.000,0,0,0
B3_zmq_pushpull,zmq_tcp,none,none,,1,33575,512,584,1785153470035647000,1785153470035647000,1785153470035647000,1785153470035648000,1785153470035769000,1785153470035772000,1785153470035772000,1785153470035772000,121932490,121652369,-159.121,0.000,0.000,1.000,3.000,0.000,0.000,4.000,0,0,0
B3_zmq_pushpull,zmq_tcp,none,none,,1,33576,512,584,1785153470036651000,1785153470036651000,1785153470036651000,1785153470036652000,1785153470036764000,1785153470036766000,1785153470036766000,1785153470036766000,121932490,121652369,-168.121,0.000,0.000,1.000,2.000,0.000,0.000,9.000,0,0,0
B3_zmq_pushpull,zmq_tcp,none,none,,1,33577,512,584,1785153470037650000,1785153470037650000,1785153470037650000,1785153470037651000,1785153470037757000,1785153470037760000,1785153470037760000,1785153470037760000,121932490,121652369,-174.121,0.000,0.000,1.000,3.000,0.000,0.000,6.000,0,0,0
B3_zmq_pushpull,zmq_tcp,none,none,,1,33578,512,584,1785153470038649000,1785153470038649000,1785153470038649000,1785153470038650000,1785153470038725000,1785153470038728000,1785153470038728000,1785153470038728000,121932490,121652369,-205.121,0.000,0.000,1.000,3.000,0.000,0.000,31.000,0,0,0
B3_zmq_pushpull,zmq_tcp,none,none,,1,33579,512,584,1785153470039650000,1785153470039650000,1785153470039650000,1785153470039651000,1785153470039706000,1785153470039709000,1785153470039709000,1785153470039709000,121932490,121652369,-225.121,0.000,0.000,1.000,3.000,0.000,0.000,20.000,0,0,0
B3_zmq_pushpull,zmq_tcp,none,none,,1,33580,512,584,1785153470040651000,1785153470040651000,1785153470040651000,1785153470040652000,1785153470040812000,1785153470040814000,1785153470040814000,1785153470040815000,121932490,121652369,-120.121,0.000,0.000,1.000,2.000,0.000,1.000,105.000,0,0,0
B3_zmq_pushpull,zmq_tcp,none,none,,1,33581,512,584,1785153470041648000,1785153470041648000,1785153470041648000,1785153470041649000,1785153470041807000,1785153470041809000,1785153470041809000,1785153470041809000,121932490,121652369,-122.121,0.000,0.000,1.000,2.000,0.000,0.000,2.000,0,0,0
B3_zmq_pushpull,zmq_tcp,none,none,,1,33582,512,584,1785153470042649000,1785153470042649000,1785153470042649000,1785153470042650000,1785153470042803000,1785153470042806000,1785153470042806000,1785153470042806000,121932490,121652369,-127.121,0.000,0.000,1.000,3.000,0.000,0.000,5.000,0,0,0
B3_zmq_pushpull,zmq_tcp,none,none,,1,33583,512,584,1785153470043499000,1785153470043500000,1785153470043500000,1785153470043501000,1785153470043657000,1785153470043660000,1785153470043660000,1785153470043660000,121932490,121652369,-124.121,1.000,0.000,1.000,3.000,0.000,0.000,3.000,0,0,0
B3_zmq_pushpull,zmq_tcp,none,none,,1,33584,512,584,1785153470044498000,1785153470044498000,1785153470044498000,1785153470044499000,1785153470044655000,1785153470044657000,1785153470044657000,1785153470044657000,121932490,121652369,-124.121,0.000,0.000,1.000,2.000,0.000,0.000,0.000,0,0,0
B3_zmq_pushpull,zmq_tcp,none,none,,1,33585,512,584,1785153470045491000,1785153470045491000,1785153470045491000,1785153470045492000,1785153470045648000,1785153470045650000,1785153470045650000,1785153470045651000,121932490,121652369,-124.121,0.000,0.000,1.000,2.000,0.000,1.000,0.000,0,0,0
B3_zmq_pushpull,zmq_tcp,none,none,,1,33586,512,584,1785153470046691000,1785153470046691000,1785153470046691000,1785153470046692000,1785153470046780000,1785153470046783000,1785153470046783000,1785153470046783000,121932490,121652369,-192.121,0.000,0.000,1.000,3.000,0.000,0.000,68.000,0,0,0
B3_zmq_pushpull,zmq_tcp,none,none,,1,33587,512,584,1785153470047639000,1785153470047639000,1785153470047639000,1785153470047640000,1785153470047791000,1785153470047793000,1785153470047793000,1785153470047793000,121932490,121652369,-129.121,0.000,0.000,1.000,2.000,0.000,0.000,63.000,0,0,0
B3_zmq_pushpull,zmq_tcp,none,none,,1,33588,512,584,1785153470048652000,1785153470048652000,1785153470048652000,1785153470048653000,1785153470048789000,1785153470048792000,1785153470048792000,1785153470048792000,121932490,121652369,-144.121,0.000,0.000,1.000,3.000,0.000,0.000,15.000,0,0,0
B3_zmq_pushpull,zmq_tcp,none,none,,1,33589,512,584,1785153470049650000,1785153470049650000,1785153470049650000,1785153470049651000,1785153470049784000,1785153470049786000,1785153470049786000,1785153470049786000,121932490,121652369,-147.121,0.000,0.000,1.000,2.000,0.000,0.000,3.000,0,0,0
B3_zmq_pushpull,zmq_tcp,none,none,,1,33590,512,584,1785153470050650000,1785153470050650000,1785153470050650000,1785153470050651000,1785153470050780000,1785153470050783000,1785153470050783000,1785153470050783000,121932490,121652369,-151.121,0.000,0.000,1.000,3.000,0.000,0.000,4.000,0,0,0
B3_zmq_pushpull,zmq_tcp,none,none,,1,33591,512,584,1785153470051647000,1785153470051647000,1785153470051647000,1785153470051648000,1785153470051781000,1785153470051785000,1785153470051785000,1785153470051785000,121932490,121652369,-147.121,0.000,0.000,1.000,4.000,0.000,0.000,4.000,0,0,0
B3_zmq_pushpull,zmq_tcp,none,none,,1,33592,512,584,1785153470052652000,1785153470052652000,1785153470052652000,1785153470052653000,1785153470052775000,1785153470052777000,1785153470052777000,1785153470052777000,121932490,121652369,-158.121,0.000,0.000,1.000,2.000,0.000,0.000,11.000,0,0,0
B3_zmq_pushpull,zmq_tcp,none,none,,1,33593,512,584,1785153470053650000,1785153470053650000,1785153470053650000,1785153470053651000,1785153470053780000,1785153470053783000,1785153470053783000,1785153470053783000,121932490,121652369,-151.121,0.000,0.000,1.000,3.000,0.000,0.000,7.000,0,0,0
B3_zmq_pushpull,zmq_tcp,none,none,,1,33594,512,584,1785153470054651000,1785153470054651000,1785153470054651000,1785153470054652000,1785153470054785000,1785153470054788000,1785153470054789000,1785153470054789000,121932490,121652369,-147.121,0.000,0.000,1.000,3.000,1.000,0.000,4.000,0,0,0
B3_zmq_pushpull,zmq_tcp,none,none,,1,33595,512,584,1785153470055647000,1785153470055647000,1785153470055647000,1785153470055648000,1785153470055761000,1785153470055764000,1785153470055764000,1785153470055764000,121932490,121652369,-167.121,0.000,0.000,1.000,3.000,0.000,0.000,20.000,0,0,0
B3_zmq_pushpull,zmq_tcp,none,none,,1,33596,512,584,1785153470056652000,1785153470056652000,1785153470056652000,1785153470056653000,1785153470056767000,1785153470056769000,1785153470056769000,1785153470056769000,121932490,121652369,-166.121,0.000,0.000,1.000,2.000,0.000,0.000,1.000,0,0,0
B3_zmq_pushpull,zmq_tcp,none,none,,1,33597,512,584,1785153470057650000,1785153470057650000,1785153470057650000,1785153470057651000,1785153470057752000,1785153470057755000,1785153470057755000,1785153470057755000,121932490,121652369,-179.121,0.000,0.000,1.000,3.000,0.000,0.000,13.000,0,0,0
B3_zmq_pushpull,zmq_tcp,none,none,,1,33598,512,584,1785153470058651000,1785153470058651000,1785153470058651000,1785153470058652000,1785153470058760000,1785153470058763000,1785153470058763000,1785153470058763000,121932490,121652369,-172.121,0.000,0.000,1.000,3.000,0.000,0.000,7.000,0,0,0
B3_zmq_pushpull,zmq_tcp,none,none,,1,33599,512,584,1785153470059647000,1785153470059647000,1785153470059647000,1785153470059648000,1785153470059751000,1785153470059753000,1785153470059753000,1785153470059753000,121932490,121652369,-177.121,0.000,0.000,1.000,2.000,0.000,0.000,5.000,0,0,0
B3_zmq_pushpull,zmq_tcp,none,none,,1,33600,512,584,1785153470060652000,1785153470060652000,1785153470060652000,1785153470060653000,1785153470060753000,1785153470060756000,1785153470060756000,1785153470060756000,121932490,121652369,-180.121,0.000,0.000,1.000,3.000,0.000,0.000,3.000,0,0,0
B3_zmq_pushpull,zmq_tcp,none,none,,1,33601,512,584,1785153470061650000,1785153470061650000,1785153470061650000,1785153470061651000,1785153470061741000,1785153470061744000,1785153470061744000,1785153470061744000,121932490,121652369,-190.121,0.000,0.000,1.000,3.000,0.000,0.000,10.000,0,0,0
B3_zmq_pushpull,zmq_tcp,none,none,,1,33602,512,584,1785153470062650000,1785153470062650000,1785153470062650000,1785153470062651000,1785153470062753000,1785153470062756000,1785153470062756000,1785153470062756000,121932490,121652369,-178.121,0.000,0.000,1.000,3.000,0.000,0.000,12.000,0,0,0
B3_zmq_pushpull,zmq_tcp,none,none,,1,33603,512,584,1785153470063647000,1785153470063647000,1785153470063647000,1785153470063648000,1785153470063741000,1785153470063744000,1785153470063744000,1785153470063744000,121932490,121652369,-187.121,0.000,0.000,1.000,3.000,0.000,0.000,9.000,0,0,0
B3_zmq_pushpull,zmq_tcp,none,none,,1,33604,512,584,1785153470064651000,1785153470064651000,1785153470064651000,1785153470064652000,1785153470064709000,1785153470064712000,1785153470064712000,1785153470064712000,121932490,121652369,-223.121,0.000,0.000,1.000,3.000,0.000,0.000,36.000,0,0,0
B3_zmq_pushpull,zmq_tcp,none,none,,1,33605,512,584,1785153470065555000,1785153470065555000,1785153470065555000,1785153470065556000,1785153470065715000,1785153470065717000,1785153470065717000,1785153470065718000,121932490,121652369,-121.121,0.000,0.000,1.000,2.000,0.000,1.000,102.000,0,0,0
B3_zmq_pushpull,zmq_tcp,none,none,,1,33606,512,584,1785153470066675000,1785153470066675000,1785153470066675000,1785153470066676000,1785153470066844000,1785153470066847000,1785153470066847000,1785153470066847000,121932490,121652369,-112.121,0.000,0.000,1.000,3.000,0.000,0.000,9.000,0,0,0
B3_zmq_pushpull,zmq_tcp,none,none,,1,33607,512,584,1785153470067549000,1785153470067549000,1785153470067549000,1785153470067550000,1785153470067698000,1785153470067701000,1785153470067701000,1785153470067701000,121932490,121652369,-132.121,0.000,0.000,1.000,3.000,0.000,0.000,20.000,0,0,0
B3_zmq_pushpull,zmq_tcp,none,none,,1,33608,512,584,1785153470068675000,1785153470068676000,1785153470068676000,1785153470068677000,1785153470068816000,1785153470068818000,1785153470068818000,1785153470068818000,121932490,121652369,-141.121,1.000,0.000,1.000,2.000,0.000,0.000,9.000,0,0,0
B3_zmq_pushpull,zmq_tcp,none,none,,1,33609,512,584,1785153470069643000,1785153470069643000,1785153470069643000,1785153470069644000,1785153470069682000,1785153470069685000,1785153470069685000,1785153470069685000,121932490,121652369,-242.121,0.000,0.000,1.000,3.000,0.000,0.000,101.000,0,0,0
B3_zmq_pushpull,zmq_tcp,none,none,,1,33610,512,584,1785153470070651000,1785153470070651000,1785153470070651000,1785153470070652000,1785153470070812000,1785153470070815000,1785153470070815000,1785153470070815000,121932490,121652369,-120.121,0.000,0.000,1.000,3.000,0.000,0.000,122.000,0,0,0
B3_zmq_pushpull,zmq_tcp,none,none,,1,33611,512,584,1785153470071496000,1785153470071496000,1785153470071496000,1785153470071497000,1785153470071640000,1785153470071643000,1785153470071643000,1785153470071643000,121932490,121652369,-137.121,0.000,0.000,1.000,3.000,0.000,0.000,17.000,0,0,0
B3_zmq_pushpull,zmq_tcp,none,none,,1,33612,512,584,1785153470072690000,1785153470072690000,1785153470072690000,1785153470072691000,1785153470072773000,1785153470072776000,1785153470072776000,1785153470072776000,121932490,121652369,-198.121,0.000,0.000,1.000,3.000,0.000,0.000,61.000,0,0,0
B3_zmq_pushpull,zmq_tcp,none,none,,1,33613,512,584,1785153470073640000,1785153470073640000,1785153470073641000,1785153470073641000,1785153470073767000,1785153470073769000,1785153470073769000,1785153470073769000,121932490,121652369,-154.121,0.000,1.000,0.000,2.000,0.000,0.000,44.000,0,0,0
B3_zmq_pushpull,zmq_tcp,none,none,,1,33614,512,584,1785153470074654000,1785153470074654000,1785153470074654000,1785153470074655000,1785153470074756000,1785153470074759000,1785153470074759000,1785153470074759000,121932490,121652369,-179.121,0.000,0.000,1.000,3.000,0.000,0.000,25.000,0,0,0
B3_zmq_pushpull,zmq_tcp,none,none,,1,33615,512,584,1785153470075646000,1785153470075646000,1785153470075646000,1785153470075647000,1785153470075755000,1785153470075757000,1785153470075757000,1785153470075757000,121932490,121652369,-172.121,0.000,0.000,1.000,2.000,0.000,0.000,7.000,0,0,0
B3_zmq_pushpull,zmq_tcp,none,none,,1,33616,512,584,1785153470076651000,1785153470076651000,1785153470076651000,1785153470076652000,1785153470076743000,1785153470076745000,1785153470076745000,1785153470076745000,121932490,121652369,-189.121,0.000,0.000,1.000,2.000,0.000,0.000,17.000,0,0,0
B3_zmq_pushpull,zmq_tcp,none,none,,1,33617,512,584,1785153470077650000,1785153470077650000,1785153470077650000,1785153470077651000,1785153470077737000,1785153470077740000,1785153470077740000,1785153470077740000,121932490,121652369,-194.121,0.000,0.000,1.000,3.000,0.000,0.000,5.000,0,0,0
B3_zmq_pushpull,zmq_tcp,none,none,,1,33618,512,584,1785153470078650000,1785153470078650000,1785153470078650000,1785153470078651000,1785153470078724000,1785153470078727000,1785153470078727000,1785153470078727000,121932490,121652369,-207.121,0.000,0.000,1.000,3.000,0.000,0.000,13.000,0,0,0
B3_zmq_pushpull,zmq_tcp,none,none,,1,33619,512,584,1785153470079647000,1785153470079647000,1785153470079648000,1785153470079648000,1785153470079732000,1785153470079735000,1785153470079735000,1785153470079735000,121932490,121652369,-196.121,0.000,1.000,0.000,3.000,0.000,0.000,11.000,0,0,0
B3_zmq_pushpull,zmq_tcp,none,none,,1,33620,512,584,1785153470080652000,1785153470080652000,1785153470080652000,1785153470080653000,1785153470080740000,1785153470080743000,1785153470080744000,1785153470080744000,121932490,121652369,-193.121,0.000,0.000,1.000,3.000,1.000,0.000,3.000,0,0,0
B3_zmq_pushpull,zmq_tcp,none,none,,1,33621,512,584,1785153470081650000,1785153470081650000,1785153470081650000,1785153470081651000,1785153470081725000,1785153470081727000,1785153470081728000,1785153470081728000,121932490,121652369,-206.121,0.000,0.000,1.000,2.000,1.000,0.000,13.000,0,0,0
B3_zmq_pushpull,zmq_tcp,none,none,,1,33622,512,584,1785153470082651000,1785153470082651000,1785153470082651000,1785153470082652000,1785153470082856000,1785153470082859000,1785153470082859000,1785153470082859000,121932490,121652369,-76.121,0.000,0.000,1.000,3.000,0.000,0.000,130.000,0,0,0
B3_zmq_pushpull,zmq_tcp,none,none,,1,33623,512,584,1785153470083557000,1785153470083557000,1785153470083557000,1785153470083558000,1785153470083702000,1785153470083705000,1785153470083705000,1785153470083705000,121932490,121652369,-136.121,0.000,0.000,1.000,3.000,0.000,0.000,60.000,0,0,0
B3_zmq_pushpull,zmq_tcp,none,none,,1,33624,512,584,1785153470084528000,1785153470084528000,1785153470084528000,1785153470084529000,1785153470084681000,1785153470084685000,1785153470084685000,1785153470084685000,121932490,121652369,-128.121,0.000,0.000,1.000,4.000,0.000,0.000,8.000,0,0,0
B3_zmq_pushpull,zmq_tcp,none,none,,1,33625,512,584,1785153470085680000,1785153470085680000,1785153470085680000,1785153470085681000,1785153470085811000,1785153470085814000,1785153470085814000,1785153470085814000,121932490,121652369,-150.121,0.000,0.000,1.000,3.000,0.000,0.000,22.000,0,0,0
B3_zmq_pushpull,zmq_tcp,none,none,,1,33626,512,584,1785153470086639000,1785153470086639000,1785153470086639000,1785153470086640000,1785153470086682000,1785153470086685000,1785153470086685000,1785153470086685000,121932490,121652369,-238.121,0.000,0.000,1.000,3.000,0.000,0.000,88.000,0,0,0
B3_zmq_pushpull,zmq_tcp,none,none,,1,33627,512,584,1785153470087653000,1785153470087653000,1785153470087653000,1785153470087654000,1785153470087812000,1785153470087814000,1785153470087814000,1785153470087814000,121932490,121652369,-122.121,0.000,0.000,1.000,2.000,0.000,0.000,116.000,0,0,0
B3_zmq_pushpull,zmq_tcp,none,none,,1,33628,512,584,1785153470088651000,1785153470088651000,1785153470088651000,1785153470088652000,1785153470088841000,1785153470088844000,1785153470088844000,1785153470088844000,121932490,121652369,-91.121,0.000,0.000,1.000,3.000,0.000,0.000,31.000,0,0,0
B3_zmq_pushpull,zmq_tcp,none,none,,1,33629,512,584,1785153470089546000,1785153470089546000,1785153470089546000,1785153470089547000,1785153470089705000,1785153470089708000,1785153470089708000,1785153470089708000,121932490,121652369,-122.121,0.000,0.000,1.000,3.000,0.000,0.000,31.000,0,0,0
B3_zmq_pushpull,zmq_tcp,none,none,,1,33630,512,584,1785153470090675000,1785153470090675000,1785153470090675000,1785153470090676000,1785153470090827000,1785153470090830000,1785153470090830000,1785153470090830000,121932490,121652369,-129.121,0.000,0.000,1.000,3.000,0.000,0.000,7.000,0,0,0
B3_zmq_pushpull,zmq_tcp,none,none,,1,33631,512,584,1785153470091529000,1785153470091529000,1785153470091529000,1785153470091530000,1785153470091673000,1785153470091676000,1785153470091676000,1785153470091676000,121932490,121652369,-137.121,0.000,0.000,1.000,3.000,0.000,0.000,8.000,0,0,0
B3_zmq_pushpull,zmq_tcp,none,none,,1,33632,512,584,1785153470092681000,1785153470092681000,1785153470092681000,1785153470092682000,1785153470092793000,1785153470092797000,1785153470092797000,1785153470092797000,121932490,121652369,-169.121,0.000,0.000,1.000,4.000,0.000,0.000,32.000,0,0,0
B3_zmq_pushpull,zmq_tcp,none,none,,1,33633,512,584,1785153470093488000,1785153470093488000,1785153470093488000,1785153470093489000,1785153470093636000,1785153470093638000,1785153470093638000,1785153470093638000,121932490,121652369,-133.121,0.000,0.000,1.000,2.000,0.000,0.000,36.000,0,0,0
B3_zmq_pushpull,zmq_tcp,none,none,,1,33634,512,584,1785153470094480000,1785153470094480000,1785153470094480000,1785153470094481000,1785153470094632000,1785153470094635000,1785153470094635000,1785153470094635000,121932490,121652369,-129.121,0.000,0.000,1.000,3.000,0.000,0.000,4.000,0,0,0
B3_zmq_pushpull,zmq_tcp,none,none,,1,33635,512,584,1785153470095457000,1785153470095457000,1785153470095457000,1785153470095459000,1785153470095611000,1785153470095614000,1785153470095614000,1785153470095614000,121932490,121652369,-128.121,0.000,0.000,2.000,3.000,0.000,0.000,1.000,0,0,0
B3_zmq_pushpull,zmq_tcp,none,none,,1,33636,512,584,1785153470096456000,1785153470096456000,1785153470096456000,1785153470096457000,1785153470096602000,1785153470096605000,1785153470096605000,1785153470096605000,121932490,121652369,-135.121,0.000,0.000,1.000,3.000,0.000,0.000,7.000,0,0,0
B3_zmq_pushpull,zmq_tcp,none,none,,1,33637,512,584,1785153470097698000,1785153470097698000,1785153470097698000,1785153470097699000,1785153470097856000,1785153470097859000,1785153470097859000,1785153470097859000,121932490,121652369,-123.121,0.000,0.000,1.000,3.000,0.000,0.000,12.000,0,0,0
B3_zmq_pushpull,zmq_tcp,none,none,,1,33638,512,584,1785153470098638000,1785153470098638000,1785153470098638000,1785153470098639000,1785153470098700000,1785153470098703000,1785153470098703000,1785153470098703000,121932490,121652369,-219.121,0.000,0.000,1.000,3.000,0.000,0.000,96.000,0,0,0
B3_zmq_pushpull,zmq_tcp,none,none,,1,33639,512,584,1785153470099653000,1785153470099653000,1785153470099653000,1785153470099654000,1785153470099838000,1785153470099840000,1785153470099840000,1785153470099840000,121932490,121652369,-96.121,0.000,0.000,1.000,2.000,0.000,0.000,123.000,0,0,0
B3_zmq_pushpull,zmq_tcp,none,none,,1,33640,512,584,1785153470100646000,1785153470100647000,1785153470100647000,1785153470100648000,1785153470100807000,1785153470100809000,1785153470100809000,1785153470100810000,121932490,121652369,-121.121,1.000,0.000,1.000,2.000,0.000,1.000,25.000,0,0,0
B3_zmq_pushpull,zmq_tcp,none,none,,1,33641,512,584,1785153470101651000,1785153470101651000,1785153470101651000,1785153470101652000,1785153470101776000,1785153470101779000,1785153470101779000,1785153470101779000,121932490,121652369,-156.121,0.000,0.000,1.000,3.000,0.000,0.000,35.000,0,0,0
B3_zmq_pushpull,zmq_tcp,none,none,,1,33642,512,584,1785153470102650000,1785153470102650000,1785153470102650000,1785153470102651000,1785153470102766000,1785153470102769000,1785153470102769000,1785153470102769000,121932490,121652369,-165.121,0.000,0.000,1.000,3.000,0.000,0.000,9.000,0,0,0
B3_zmq_pushpull,zmq_tcp,none,none,,1,33643,512,584,1785153470103651000,1785153470103651000,1785153470103652000,1785153470103652000,1785153470103758000,1785153470103760000,1785153470103760000,1785153470103760000,121932490,121652369,-174.121,0.000,1.000,0.000,2.000,0.000,0.000,9.000,0,0,0
B3_zmq_pushpull,zmq_tcp,none,none,,1,33644,512,584,1785153470104649000,1785153470104650000,1785153470104650000,1785153470104651000,1785153470104726000,1785153470104728000,1785153470104728000,1785153470104728000,121932490,121652369,-205.121,1.000,0.000,1.000,2.000,0.000,0.000,31.000,0,0,0
B3_zmq_pushpull,zmq_tcp,none,none,,1,33645,512,584,1785153470105651000,1785153470105651000,1785153470105651000,1785153470105652000,1785153470105692000,1785153470105695000,1785153470105695000,1785153470105695000,121932490,121652369,-240.121,0.000,0.000,1.000,3.000,0.000,0.000,35.000,0,0,0
B3_zmq_pushpull,zmq_tcp,none,none,,1,33646,512,584,1785153470106651000,1785153470106651000,1785153470106651000,1785153470106652000,1785153470106692000,1785153470106696000,1785153470106696000,1785153470106696000,121932490,121652369,-240.121,0.000,0.000,1.000,4.000,0.000,0.000,0.000,0,0,0
B3_zmq_pushpull,zmq_tcp,none,none,,1,33647,512,584,1785153470107652000,1785153470107652000,1785153470107652000,1785153470107653000,1785153470107852000,1785153470107855000,1785153470107855000,1785153470107855000,121932490,121652369,-81.121,0.000,0.000,1.000,3.000,0.000,0.000,159.000,0,0,0
B3_zmq_pushpull,zmq_tcp,none,none,,1,33648,512,584,1785153470108650000,1785153470108650000,1785153470108650000,1785153470108651000,1785153470108708000,1785153470108711000,1785153470108711000,1785153470108711000,121932490,121652369,-223.121,0.000,0.000,1.000,3.000,0.000,0.000,142.000,0,0,0
B3_zmq_pushpull,zmq_tcp,none,none,,1,33649,512,584,1785153470109652000,1785153470109652000,1785153470109652000,1785153470109653000,1785153470109838000,1785153470109840000,1785153470109840000,1785153470109840000,121932490,121652369,-95.121,0.000,0.000,1.000,2.000,0.000,0.000,128.000,0,0,0
B3_zmq_pushpull,zmq_tcp,none,none,,1,33650,512,584,1785153470110650000,1785153470110650000,1785153470110650000,1785153470110651000,1785153470110711000,1785153470110714000,1785153470110714000,1785153470110714000,121932490,121652369,-220.121,0.000,0.000,1.000,3.000,0.000,0.000,125.000,0,0,0
B3_zmq_pushpull,zmq_tcp,none,none,,1,33651,512,584,1785153470111649000,1785153470111649000,1785153470111649000,1785153470111650000,1785153470111692000,1785153470111695000,1785153470111695000,1785153470111695000,121932490,121652369,-238.121,0.000,0.000,1.000,3.000,0.000,0.000,18.000,0,0,0
B3_zmq_pushpull,zmq_tcp,none,none,,1,33652,512,584,1785153470112647000,1785153470112647000,1785153470112647000,1785153470112648000,1785153470112798000,1785153470112801000,1785153470112801000,1785153470112801000,121932490,121652369,-130.121,0.000,0.000,1.000,3.000,0.000,0.000,108.000,0,0,0
B3_zmq_pushpull,zmq_tcp,none,none,,1,33653,512,584,1785153470113479000,1785153470113479000,1785153470113479000,1785153470113480000,1785153470113632000,1785153470113635000,1785153470113635000,1785153470113635000,121932490,121652369,-128.121,0.000,0.000,1.000,3.000,0.000,0.000,2.000,0,0,0
B3_zmq_pushpull,zmq_tcp,none,none,,1,33654,512,584,1785153470114459000,1785153470114459000,1785153470114459000,1785153470114460000,1785153470114609000,1785153470114612000,1785153470114612000,1785153470114613000,121932490,121652369,-131.121,0.000,0.000,1.000,3.000,0.000,1.000,3.000,0,0,0
B3_zmq_pushpull,zmq_tcp,none,none,,1,33655,512,584,1785153470115584000,1785153470115584000,1785153470115584000,1785153470115585000,1785153470115743000,1785153470115746000,1785153470115746000,1785153470115746000,121932490,121652369,-122.121,0.000,0.000,1.000,3.000,0.000,0.000,9.000,0,0,0
B3_zmq_pushpull,zmq_tcp,none,none,,1,33656,512,584,1785153470116573000,1785153470116573000,1785153470116574000,1785153470116574000,1785153470116724000,1785153470116727000,1785153470116727000,1785153470116727000,121932490,121652369,-130.121,0.000,1.000,0.000,3.000,0.000,0.000,8.000,0,0,0
B3_zmq_pushpull,zmq_tcp,none,none,,1,33657,512,584,1785153470117671000,1785153470117671000,1785153470117671000,1785153470117672000,1785153470117857000,1785153470117860000,1785153470117860000,1785153470117860000,121932490,121652369,-95.121,0.000,0.000,1.000,3.000,0.000,0.000,35.000,0,0,0
B3_zmq_pushpull,zmq_tcp,none,none,,1,33658,512,584,1785153470118644000,1785153470118644000,1785153470118644000,1785153470118645000,1785153470118809000,1785153470118811000,1785153470118811000,1785153470118811000,121932490,121652369,-116.121,0.000,0.000,1.000,2.000,0.000,0.000,21.000,0,0,0
B3_zmq_pushpull,zmq_tcp,none,none,,1,33659,512,584,1785153470119648000,1785153470119648000,1785153470119648000,1785153470119649000,1785153470119789000,1785153470119792000,1785153470119792000,1785153470119792000,121932490,121652369,-140.121,0.000,0.000,1.000,3.000,0.000,0.000,24.000,0,0,0
B3_zmq_pushpull,zmq_tcp,none,none,,1,33660,512,584,1785153470120650000,1785153470120650000,1785153470120650000,1785153470120651000,1785153470120761000,1785153470120764000,1785153470120764000,1785153470120764000,121932490,121652369,-170.121,0.000,0.000,1.000,3.000,0.000,0.000,30.000,0,0,0
B3_zmq_pushpull,zmq_tcp,none,none,,1,33661,512,584,1785153470121461000,1785153470121461000,1785153470121461000,1785153470121462000,1785153470121605000,1785153470121608000,1785153470121608000,1785153470121608000,121932490,121652369,-137.121,0.000,0.000,1.000,3.000,0.000,0.000,33.000,0,0,0
B3_zmq_pushpull,zmq_tcp,none,none,,1,33662,512,584,1785153470122696000,1785153470122696000,1785153470122696000,1785153470122697000,1785153470122871000,1785153470122874000,1785153470122874000,1785153470122874000,121932490,121652369,-106.121,0.000,0.000,1.000,3.000,0.000,0.000,31.000,0,0,0
B3_zmq_pushpull,zmq_tcp,none,none,,1,33663,512,584,1785153470123640000,1785153470123640000,1785153470123640000,1785153470123641000,1785153470123713000,1785153470123716000,1785153470123716000,1785153470123716000,121932490,121652369,-208.121,0.000,0.000,1.000,3.000,0.000,0.000,102.000,0,0,0
B3_zmq_pushpull,zmq_tcp,none,none,,1,33664,512,584,1785153470124652000,1785153470124652000,1785153470124652000,1785153470124653000,1785153470124825000,1785153470124828000,1785153470124828000,1785153470124828000,121932490,121652369,-108.121,0.000,0.000,1.000,3.000,0.000,0.000,100.000,0,0,0
B3_zmq_pushpull,zmq_tcp,none,none,,1,33665,512,584,1785153470125649000,1785153470125649000,1785153470125649000,1785153470125650000,1785153470125823000,1785153470125826000,1785153470125826000,1785153470125826000,121932490,121652369,-107.121,0.000,0.000,1.000,3.000,0.000,0.000,1.000,0,0,0
B3_zmq_pushpull,zmq_tcp,none,none,,1,33666,512,584,1785153470126649000,1785153470126649000,1785153470126649000,1785153470126650000,1785153470126793000,1785153470126795000,1785153470126795000,1785153470126795000,121932490,121652369,-137.121,0.000,0.000,1.000,2.000,0.000,0.000,30.000,0,0,0
B3_zmq_pushpull,zmq_tcp,none,none,,1,33667,512,584,1785153470127646000,1785153470127646000,1785153470127647000,1785153470127647000,1785153470127773000,1785153470127775000,1785153470127775000,1785153470127775000,121932490,121652369,-154.121,0.000,1.000,0.000,2.000,0.000,0.000,17.000,0,0,0
B3_zmq_pushpull,zmq_tcp,none,none,,1,33668,512,584,1785153470128651000,1785153470128651000,1785153470128651000,1785153470128652000,1785153470128755000,1785153470128758000,1785153470128758000,1785153470128758000,121932490,121652369,-177.121,0.000,0.000,1.000,3.000,0.000,0.000,23.000,0,0,0
B3_zmq_pushpull,zmq_tcp,none,none,,1,33669,512,584,1785153470129652000,1785153470129652000,1785153470129652000,1785153470129653000,1785153470129761000,1785153470129763000,1785153470129763000,1785153470129763000,121932490,121652369,-172.121,0.000,0.000,1.000,2.000,0.000,0.000,5.000,0,0,0
B3_zmq_pushpull,zmq_tcp,none,none,,1,33670,512,584,1785153470130645000,1785153470130645000,1785153470130645000,1785153470130646000,1785153470130757000,1785153470130760000,1785153470130760000,1785153470130760000,121932490,121652369,-169.121,0.000,0.000,1.000,3.000,0.000,0.000,3.000,0,0,0
B3_zmq_pushpull,zmq_tcp,none,none,,1,33671,512,584,1785153470131650000,1785153470131650000,1785153470131650000,1785153470131651000,1785153470131736000,1785153470131739000,1785153470131739000,1785153470131739000,121932490,121652369,-195.121,0.000,0.000,1.000,3.000,0.000,0.000,26.000,0,0,0
B3_zmq_pushpull,zmq_tcp,none,none,,1,33672,512,584,1785153470132649000,1785153470132649000,1785153470132649000,1785153470132650000,1785153470132705000,1785153470132708000,1785153470132708000,1785153470132708000,121932490,121652369,-225.121,0.000,0.000,1.000,3.000,0.000,0.000,30.000,0,0,0
B3_zmq_pushpull,zmq_tcp,none,none,,1,33673,512,584,1785153470133649000,1785153470133649000,1785153470133649000,1785153470133650000,1785153470133818000,1785153470133821000,1785153470133821000,1785153470133821000,121932490,121652369,-112.121,0.000,0.000,1.000,3.000,0.000,0.000,113.000,0,0,0
B3_zmq_pushpull,zmq_tcp,none,none,,1,33674,512,584,1785153470134651000,1785153470134651000,1785153470134652000,1785153470134652000,1785153470134806000,1785153470134808000,1785153470134808000,1785153470134808000,121932490,121652369,-126.121,0.000,1.000,0.000,2.000,0.000,0.000,14.000,0,0,0
B3_zmq_pushpull,zmq_tcp,none,none,,1,33675,512,584,1785153470135648000,1785153470135648000,1785153470135648000,1785153470135649000,1785153470135789000,1785153470135791000,1785153470135791000,1785153470135791000,121932490,121652369,-140.121,0.000,0.000,1.000,2.000,0.000,0.000,14.000,0,0,0
B3_zmq_pushpull,zmq_tcp,none,none,,1,33676,512,584,1785153470136649000,1785153470136649000,1785153470136649000,1785153470136650000,1785153470136787000,1785153470136790000,1785153470136790000,1785153470136790000,121932490,121652369,-143.121,0.000,0.000,1.000,3.000,0.000,0.000,3.000,0,0,0
B3_zmq_pushpull,zmq_tcp,none,none,,1,33677,512,584,1785153470137652000,1785153470137652000,1785153470137652000,1785153470137653000,1785153470137769000,1785153470137772000,1785153470137772000,1785153470137772000,121932490,121652369,-164.121,0.000,0.000,1.000,3.000,0.000,0.000,21.000,0,0,0
B3_zmq_pushpull,zmq_tcp,none,none,,1,33678,512,584,1785153470138650000,1785153470138650000,1785153470138650000,1785153470138651000,1785153470138736000,1785153470138739000,1785153470138739000,1785153470138739000,121932490,121652369,-195.121,0.000,0.000,1.000,3.000,0.000,0.000,31.000,0,0,0
B3_zmq_pushpull,zmq_tcp,none,none,,1,33679,512,584,1785153470139649000,1785153470139649000,1785153470139649000,1785153470139650000,1785153470139717000,1785153470139720000,1785153470139720000,1785153470139720000,121932490,121652369,-213.121,0.000,0.000,1.000,3.000,0.000,0.000,18.000,0,0,0
B3_zmq_pushpull,zmq_tcp,none,none,,1,33680,512,584,1785153470140527000,1785153470140527000,1785153470140527000,1785153470140528000,1785153470140679000,1785153470140682000,1785153470140682000,1785153470140682000,121932490,121652369,-129.121,0.000,0.000,1.000,3.000,0.000,0.000,84.000,0,0,0
B3_zmq_pushpull,zmq_tcp,none,none,,1,33681,512,584,1785153470141499000,1785153470141499000,1785153470141499000,1785153470141500000,1785153470141642000,1785153470141645000,1785153470141645000,1785153470141645000,121932490,121652369,-138.121,0.000,0.000,1.000,3.000,0.000,0.000,9.000,0,0,0
B3_zmq_pushpull,zmq_tcp,none,none,,1,33682,512,584,1785153470142472000,1785153470142472000,1785153470142472000,1785153470142473000,1785153470142630000,1785153470142633000,1785153470142633000,1785153470142633000,121932490,121652369,-123.121,0.000,0.000,1.000,3.000,0.000,0.000,15.000,0,0,0
B3_zmq_pushpull,zmq_tcp,none,none,,1,33683,512,584,1785153470143697000,1785153470143697000,1785153470143697000,1785153470143698000,1785153470143874000,1785153470143877000,1785153470143877000,1785153470143877000,121932490,121652369,-104.121,0.000,0.000,1.000,3.000,0.000,0.000,19.000,0,0,0
B3_zmq_pushpull,zmq_tcp,none,none,,1,33684,512,584,1785153470144557000,1785153470144557000,1785153470144557000,1785153470144559000,1785153470144706000,1785153470144709000,1785153470144709000,1785153470144709000,121932490,121652369,-133.121,0.000,0.000,2.000,3.000,0.000,0.000,29.000,0,0,0
B3_zmq_pushpull,zmq_tcp,none,none,,1,33685,512,584,1785153470145670000,1785153470145671000,1785153470145671000,1785153470145672000,1785153470145819000,1785153470145822000,1785153470145822000,1785153470145822000,121932490,121652369,-133.121,1.000,0.000,1.000,3.000,0.000,0.000,0.000,0,0,0
B3_zmq_pushpull,zmq_tcp,none,none,,1,33686,512,584,1785153470146496000,1785153470146496000,1785153470146496000,1785153470146497000,1785153470146649000,1785153470146651000,1785153470146651000,1785153470146652000,121932490,121652369,-128.121,0.000,0.000,1.000,2.000,0.000,1.000,5.000,0,0,0
B3_zmq_pushpull,zmq_tcp,none,none,,1,33687,512,584,1785153470147475000,1785153470147475000,1785153470147475000,1785153470147476000,1785153470147618000,1785153470147621000,1785153470147621000,1785153470147621000,121932490,121652369,-138.121,0.000,0.000,1.000,3.000,0.000,0.000,10.000,0,0,0
B3_zmq_pushpull,zmq_tcp,none,none,,1,33688,512,584,1785153470148454000,1785153470148454000,1785153470148454000,1785153470148455000,1785153470148611000,1785153470148614000,1785153470148614000,1785153470148614000,121932490,121652369,-124.121,0.000,0.000,1.000,3.000,0.000,0.000,14.000,0,0,0
B3_zmq_pushpull,zmq_tcp,none,none,,1,33689,512,584,1785153470149698000,1785153470149698000,1785153470149698000,1785153470149699000,1785153470149853000,1785153470149855000,1785153470149855000,1785153470149855000,121932490,121652369,-126.121,0.000,0.000,1.000,2.000,0.000,0.000,2.000,0,0,0
B3_zmq_pushpull,zmq_tcp,none,none,,1,33690,512,584,1785153470150637000,1785153470150637000,1785153470150637000,1785153470150638000,1785153470150810000,1785153470150813000,1785153470150813000,1785153470150813000,121932490,121652369,-108.121,0.000,0.000,1.000,3.000,0.000,0.000,18.000,0,0,0
B3_zmq_pushpull,zmq_tcp,none,none,,1,33691,512,584,1785153470151654000,1785153470151654000,1785153470151654000,1785153470151655000,1785153470151801000,1785153470151803000,1785153470151803000,1785153470151803000,121932490,121652369,-134.121,0.000,0.000,1.000,2.000,0.000,0.000,26.000,0,0,0
B3_zmq_pushpull,zmq_tcp,none,none,,1,33692,512,584,1785153470152648000,1785153470152648000,1785153470152648000,1785153470152649000,1785153470152775000,1785153470152779000,1785153470152779000,1785153470152779000,121932490,121652369,-154.121,0.000,0.000,1.000,4.000,0.000,0.000,20.000,0,0,0
B3_zmq_pushpull,zmq_tcp,none,none,,1,33693,512,584,1785153470153650000,1785153470153651000,1785153470153651000,1785153470153652000,1785153470153757000,1785153470153759000,1785153470153759000,1785153470153759000,121932490,121652369,-175.121,1.000,0.000,1.000,2.000,0.000,0.000,21.000,0,0,0
B3_zmq_pushpull,zmq_tcp,none,none,,1,33694,512,584,1785153470154649000,1785153470154649000,1785153470154649000,1785153470154650000,1785153470154722000,1785153470154725000,1785153470154725000,1785153470154725000,121932490,121652369,-208.121,0.000,0.000,1.000,3.000,0.000,0.000,33.000,0,0,0
B3_zmq_pushpull,zmq_tcp,none,none,,1,33695,512,584,1785153470155535000,1785153470155535000,1785153470155535000,1785153470155537000,1785153470155680000,1785153470155682000,1785153470155682000,1785153470155682000,121932490,121652369,-137.121,0.000,0.000,2.000,2.000,0.000,0.000,71.000,0,0,0
B3_zmq_pushpull,zmq_tcp,none,none,,1,33696,512,584,1785153470156677000,1785153470156677000,1785153470156677000,1785153470156678000,1785153470156777000,1785153470156779000,1785153470156779000,1785153470156779000,121932490,121652369,-181.121,0.000,0.000,1.000,2.000,0.000,0.000,44.000,0,0,0
B3_zmq_pushpull,zmq_tcp,none,none,,1,33697,512,584,1785153470157645000,1785153470157645000,1785153470157645000,1785153470157646000,1785153470157765000,1785153470157768000,1785153470157768000,1785153470157768000,121932490,121652369,-161.121,0.000,0.000,1.000,3.000,0.000,0.000,20.000,0,0,0
B3_zmq_pushpull,zmq_tcp,none,none,,1,33698,512,584,1785153470158650000,1785153470158651000,1785153470158651000,1785153470158652000,1785153470158744000,1785153470158746000,1785153470158746000,1785153470158746000,121932490,121652369,-188.121,1.000,0.000,1.000,2.000,0.000,0.000,27.000,0,0,0
B3_zmq_pushpull,zmq_tcp,none,none,,1,33699,512,584,1785153470159648000,1785153470159648000,1785153470159648000,1785153470159649000,1785153470159717000,1785153470159720000,1785153470159720000,1785153470159720000,121932490,121652369,-212.121,0.000,0.000,1.000,3.000,0.000,0.000,24.000,0,0,0
B3_zmq_pushpull,zmq_tcp,none,none,,1,33700,512,584,1785153470160650000,1785153470160651000,1785153470160651000,1785153470160652000,1785153470160695000,1785153470160699000,1785153470160699000,1785153470160699000,121932490,121652369,-237.121,1.000,0.000,1.000,4.000,0.000,0.000,25.000,0,0,0
B3_zmq_pushpull,zmq_tcp,none,none,,1,33701,512,584,1785153470161649000,1785153470161649000,1785153470161649000,1785153470161650000,1785153470161808000,1785153470161810000,1785153470161810000,1785153470161810000,121932490,121652369,-122.121,0.000,0.000,1.000,2.000,0.000,0.000,115.000,0,0,0
B3_zmq_pushpull,zmq_tcp,none,none,,1,33702,512,584,1785153470162649000,1785153470162649000,1785153470162649000,1785153470162650000,1785153470162810000,1785153470162813000,1785153470162813000,1785153470162813000,121932490,121652369,-120.121,0.000,0.000,1.000,3.000,0.000,0.000,2.000,0,0,0
B3_zmq_pushpull,zmq_tcp,none,none,,1,33703,512,584,1785153470163650000,1785153470163650000,1785153470163650000,1785153470163651000,1785153470163806000,1785153470163809000,1785153470163809000,1785153470163809000,121932490,121652369,-125.121,0.000,0.000,1.000,3.000,0.000,0.000,5.000,0,0,0
B3_zmq_pushpull,zmq_tcp,none,none,,1,33704,512,584,1785153470164649000,1785153470164649000,1785153470164650000,1785153470164650000,1785153470164789000,1785153470164792000,1785153470164792000,1785153470164792000,121932490,121652369,-141.121,0.000,1.000,0.000,3.000,0.000,0.000,16.000,0,0,0
B3_zmq_pushpull,zmq_tcp,none,none,,1,33705,512,584,1785153470165477000,1785153470165477000,1785153470165477000,1785153470165478000,1785153470165627000,1785153470165631000,1785153470165631000,1785153470165631000,121932490,121652369,-131.121,0.000,0.000,1.000,4.000,0.000,0.000,10.000,0,0,0
B3_zmq_pushpull,zmq_tcp,none,none,,1,33706,512,584,1785153470166459000,1785153470166459000,1785153470166459000,1785153470166460000,1785153470166613000,1785153470166616000,1785153470166617000,1785153470166617000,121932490,121652369,-127.121,0.000,0.000,1.000,3.000,1.000,0.000,4.000,0,0,0
B3_zmq_pushpull,zmq_tcp,none,none,,1,33707,512,584,1785153470167694000,1785153470167694000,1785153470167694000,1785153470167695000,1785153470167741000,1785153470167745000,1785153470167745000,1785153470167745000,121932490,121652369,-234.121,0.000,0.000,1.000,4.000,0.000,0.000,107.000,0,0,0
B3_zmq_pushpull,zmq_tcp,none,none,,1,33708,512,584,1785153470168639000,1785153470168639000,1785153470168639000,1785153470168640000,1785153470168701000,1785153470168704000,1785153470168704000,1785153470168704000,121932490,121652369,-219.121,0.000,0.000,1.000,3.000,0.000,0.000,15.000,0,0,0
B3_zmq_pushpull,zmq_tcp,none,none,,1,33709,512,584,1785153470169653000,1785153470169653000,1785153470169653000,1785153470169654000,1785153470169829000,1785153470169832000,1785153470169832000,1785153470169832000,121932490,121652369,-105.121,0.000,0.000,1.000,3.000,0.000,0.000,114.000,0,0,0
B3_zmq_pushpull,zmq_tcp,none,none,,1,33710,512,584,1785153470170645000,1785153470170646000,1785153470170646000,1785153470170647000,1785153470170802000,1785153470170805000,1785153470170805000,1785153470170805000,121932490,121652369,-125.121,1.000,0.000,1.000,3.000,0.000,0.000,20.000,0,0,0
B3_zmq_pushpull,zmq_tcp,none,none,,1,33711,512,584,1785153470171651000,1785153470171651000,1785153470171651000,1785153470171652000,1785153470171794000,1785153470171797000,1785153470171797000,1785153470171797000,121932490,121652369,-138.121,0.000,0.000,1.000,3.000,0.000,0.000,13.000,0,0,0
B3_zmq_pushpull,zmq_tcp,none,none,,1,33712,512,584,1785153470172649000,1785153470172649000,1785153470172649000,1785153470172650000,1785153470172758000,1785153470172761000,1785153470172761000,1785153470172761000,121932490,121652369,-172.121,0.000,0.000,1.000,3.000,0.000,0.000,34.000,0,0,0
B3_zmq_pushpull,zmq_tcp,none,none,,1,33713,512,584,1785153470173649000,1785153470173649000,1785153470173649000,1785153470173650000,1785153470173740000,1785153470173743000,1785153470173743000,1785153470173743000,121932490,121652369,-190.121,0.000,0.000,1.000,3.000,0.000,0.000,18.000,0,0,0
B3_zmq_pushpull,zmq_tcp,none,none,,1,33714,512,584,1785153470174647000,1785153470174647000,1785153470174647000,1785153470174648000,1785153470174705000,1785153470174708000,1785153470174708000,1785153470174708000,121932490,121652369,-223.121,0.000,0.000,1.000,3.000,0.000,0.000,33.000,0,0,0
B3_zmq_pushpull,zmq_tcp,none,none,,1,33715,512,584,1785153470175651000,1785153470175651000,1785153470175651000,1785153470175652000,1785153470175825000,1785153470175828000,1785153470175828000,1785153470175828000,121932490,121652369,-107.121,0.000,0.000,1.000,3.000,0.000,0.000,116.000,0,0,0
B3_zmq_pushpull,zmq_tcp,none,none,,1,33716,512,584,1785153470176651000,1785153470176651000,1785153470176651000,1785153470176652000,1785153470176832000,1785153470176834000,1785153470176834000,1785153470176834000,121932490,121652369,-100.121,0.000,0.000,1.000,2.000,0.000,0.000,7.000,0,0,0
B3_zmq_pushpull,zmq_tcp,none,none,,1,33717,512,584,1785153470177651000,1785153470177651000,1785153470177651000,1785153470177652000,1785153470177812000,1785153470177814000,1785153470177814000,1785153470177814000,121932490,121652369,-120.121,0.000,0.000,1.000,2.000,0.000,0.000,20.000,0,0,0
B3_zmq_pushpull,zmq_tcp,none,none,,1,33718,512,584,1785153470178652000,1785153470178652000,1785153470178652000,1785153470178653000,1785153470178757000,1785153470178759000,1785153470178759000,1785153470178759000,121932490,121652369,-176.121,0.000,0.000,1.000,2.000,0.000,0.000,56.000,0,0,0
B3_zmq_pushpull,zmq_tcp,none,none,,1,33719,512,584,1785153470179649000,1785153470179649000,1785153470179649000,1785153470179650000,1785153470179740000,1785153470179742000,1785153470179742000,1785153470179742000,121932490,121652369,-190.121,0.000,0.000,1.000,2.000,0.000,0.000,14.000,0,0,0
B3_zmq_pushpull,zmq_tcp,none,none,,1,33720,512,584,1785153470180650000,1785153470180650000,1785153470180650000,1785153470180651000,1785153470180710000,1785153470180713000,1785153470180713000,1785153470180713000,121932490,121652369,-221.121,0.000,0.000,1.000,3.000,0.000,0.000,31.000,0,0,0
B3_zmq_pushpull,zmq_tcp,none,none,,1,33721,512,584,1785153470181647000,1785153470181647000,1785153470181647000,1785153470181648000,1785153470181688000,1785153470181691000,1785153470181691000,1785153470181691000,121932490,121652369,-240.121,0.000,0.000,1.000,3.000,0.000,0.000,19.000,0,0,0
B3_zmq_pushpull,zmq_tcp,none,none,,1,33722,512,584,1785153470182651000,1785153470182651000,1785153470182651000,1785153470182652000,1785153470182797000,1785153470182800000,1785153470182800000,1785153470182800000,121932490,121652369,-135.121,0.000,0.000,1.000,3.000,0.000,0.000,105.000,0,0,0
B3_zmq_pushpull,zmq_tcp,none,none,,1,33723,512,584,1785153470183489000,1785153470183489000,1785153470183489000,1785153470183490000,1785153470183632000,1785153470183634000,1785153470183634000,1785153470183634000,121932490,121652369,-138.121,0.000,0.000,1.000,2.000,0.000,0.000,3.000,0,0,0
B3_zmq_pushpull,zmq_tcp,none,none,,1,33724,512,584,1785153470184689000,1785153470184689000,1785153470184689000,1785153470184690000,1785153470184748000,1785153470184751000,1785153470184751000,1785153470184751000,121932490,121652369,-222.121,0.000,0.000,1.000,3.000,0.000,0.000,84.000,0,0,0
B3_zmq_pushpull,zmq_tcp,none,none,,1,33725,512,584,1785153470185639000,1785153470185639000,1785153470185639000,1785153470185640000,1785153470185732000,1785153470185734000,1785153470185734000,1785153470185734000,121932490,121652369,-188.121,0.000,0.000,1.000,2.000,0.000,0.000,34.000,0,0,0
B3_zmq_pushpull,zmq_tcp,none,none,,1,33726,512,584,1785153470186654000,1785153470186655000,1785153470186655000,1785153470186656000,1785153470186845000,1785153470186848000,1785153470186848000,1785153470186848000,121932490,121652369,-91.121,1.000,0.000,1.000,3.000,0.000,0.000,97.000,0,0,0
B3_zmq_pushpull,zmq_tcp,none,none,,1,33727,512,584,1785153470187648000,1785153470187648000,1785153470187648000,1785153470187649000,1785153470187691000,1785153470187695000,1785153470187695000,1785153470187695000,121932490,121652369,-238.121,0.000,0.000,1.000,4.000,0.000,0.000,147.000,0,0,0
B3_zmq_pushpull,zmq_tcp,none,none,,1,33728,512,584,1785153470188651000,1785153470188651000,1785153470188651000,1785153470188652000,1785153470188802000,1785153470188805000,1785153470188805000,1785153470188805000,121932490,121652369,-130.121,0.000,0.000,1.000,3.000,0.000,0.000,108.000,0,0,0
B3_zmq_pushpull,zmq_tcp,none,none,,1,33729,512,584,1785153470189647000,1785153470189647000,1785153470189647000,1785153470189648000,1785153470189758000,1785153470189761000,1785153470189761000,1785153470189761000,121932490,121652369,-170.121,0.000,0.000,1.000,3.000,0.000,0.000,40.000,0,0,0
B3_zmq_pushpull,zmq_tcp,none,none,,1,33730,512,584,1785153470190653000,1785153470190653000,1785153470190653000,1785153470190654000,1785153470190741000,1785153470190744000,1785153470190744000,1785153470190744000,121932490,121652369,-193.121,0.000,0.000,1.000,3.000,0.000,0.000,23.000,0,0,0
B3_zmq_pushpull,zmq_tcp,none,none,,1,33731,512,584,1785153470191648000,1785153470191648000,1785153470191648000,1785153470191649000,1785153470191824000,1785153470191827000,1785153470191827000,1785153470191827000,121932490,121652369,-105.121,0.000,0.000,1.000,3.000,0.000,0.000,88.000,0,0,0
B3_zmq_pushpull,zmq_tcp,none,none,,1,33732,512,584,1785153470192519000,1785153470192519000,1785153470192519000,1785153470192520000,1785153470192666000,1785153470192669000,1785153470192669000,1785153470192669000,121932490,121652369,-134.121,0.000,0.000,1.000,3.000,0.000,0.000,29.000,0,0,0
B3_zmq_pushpull,zmq_tcp,none,none,,1,33733,512,584,1785153470193683000,1785153470193683000,1785153470193683000,1785153470193684000,1785153470193782000,1785153470193785000,1785153470193785000,1785153470193785000,121932490,121652369,-182.121,0.000,0.000,1.000,3.000,0.000,0.000,48.000,0,0,0
B3_zmq_pushpull,zmq_tcp,none,none,,1,33734,512,584,1785153470194483000,1785153470194483000,1785153470194483000,1785153470194484000,1785153470194634000,1785153470194637000,1785153470194637000,1785153470194637000,121932490,121652369,-130.121,0.000,0.000,1.000,3.000,0.000,0.000,52.000,0,0,0
B3_zmq_pushpull,zmq_tcp,none,none,,1,33735,512,584,1785153470195468000,1785153470195469000,1785153470195469000,1785153470195470000,1785153470195611000,1785153470195613000,1785153470195613000,1785153470195613000,121932490,121652369,-139.121,1.000,0.000,1.000,2.000,0.000,0.000,9.000,0,0,0
B3_zmq_pushpull,zmq_tcp,none,none,,1,33736,512,584,1785153470196567000,1785153470196567000,1785153470196567000,1785153470196568000,1785153470196720000,1785153470196722000,1785153470196722000,1785153470196722000,121932490,121652369,-128.121,0.000,0.000,1.000,2.000,0.000,0.000,11.000,0,0,0
B3_zmq_pushpull,zmq_tcp,none,none,,1,33737,512,584,1785153470197540000,1785153470197540000,1785153470197540000,1785153470197541000,1785153470197696000,1785153470197698000,1785153470197698000,1785153470197698000,121932490,121652369,-125.121,0.000,0.000,1.000,2.000,0.000,0.000,3.000,0,0,0
B3_zmq_pushpull,zmq_tcp,none,none,,1,33738,512,584,1785153470198678000,1785153470198678000,1785153470198678000,1785153470198679000,1785153470198812000,1785153470198814000,1785153470198814000,1785153470198814000,121932490,121652369,-147.121,0.000,0.000,1.000,2.000,0.000,0.000,22.000,0,0,0
B3_zmq_pushpull,zmq_tcp,none,none,,1,33739,512,584,1785153470199643000,1785153470199643000,1785153470199643000,1785153470199644000,1785153470199784000,1785153470199787000,1785153470199787000,1785153470199787000,121932490,121652369,-140.121,0.000,0.000,1.000,3.000,0.000,0.000,7.000,0,0,0
B3_zmq_pushpull,zmq_tcp,none,none,,1,33740,512,584,1785153470200649000,1785153470200650000,1785153470200650000,1785153470200651000,1785153470200774000,1785153470200777000,1785153470200777000,1785153470200777000,121932490,121652369,-157.121,1.000,0.000,1.000,3.000,0.000,0.000,17.000,0,0,0
B3_zmq_pushpull,zmq_tcp,none,none,,1,33741,512,584,1785153470201649000,1785153470201650000,1785153470201650000,1785153470201650000,1785153470201752000,1785153470201755000,1785153470201755000,1785153470201755000,121932490,121652369,-178.121,1.000,0.000,0.000,3.000,0.000,0.000,21.000,0,0,0
B3_zmq_pushpull,zmq_tcp,none,none,,1,33742,512,584,1785153470202649000,1785153470202649000,1785153470202650000,1785153470202650000,1785153470202728000,1785153470202731000,1785153470202731000,1785153470202731000,121932490,121652369,-202.121,0.000,1.000,0.000,3.000,0.000,0.000,24.000,0,0,0
B3_zmq_pushpull,zmq_tcp,none,none,,1,33743,512,584,1785153470203556000,1785153470203557000,1785153470203557000,1785153470203558000,1785153470203709000,1785153470203712000,1785153470203712000,1785153470203712000,121932490,121652369,-129.121,1.000,0.000,1.000,3.000,0.000,0.000,73.000,0,0,0
B3_zmq_pushpull,zmq_tcp,none,none,,1,33744,512,584,1785153470204676000,1785153470204676000,1785153470204676000,1785153470204677000,1785153470204837000,1785153470204840000,1785153470204840000,1785153470204840000,121932490,121652369,-120.121,0.000,0.000,1.000,3.000,0.000,0.000,9.000,0,0,0
B3_zmq_pushpull,zmq_tcp,none,none,,1,33745,512,584,1785153470205643000,1785153470205643000,1785153470205643000,1785153470205644000,1785153470205825000,1785153470205828000,1785153470205828000,1785153470205828000,121932490,121652369,-99.121,0.000,0.000,1.000,3.000,0.000,0.000,21.000,0,0,0
B3_zmq_pushpull,zmq_tcp,none,none,,1,33746,512,584,1785153470206653000,1785153470206654000,1785153470206654000,1785153470206655000,1785153470206813000,1785153470206816000,1785153470206816000,1785153470206816000,121932490,121652369,-122.121,1.000,0.000,1.000,3.000,0.000,0.000,23.000,0,0,0
B3_zmq_pushpull,zmq_tcp,none,none,,1,33747,512,584,1785153470207645000,1785153470207646000,1785153470207646000,1785153470207647000,1785153470207790000,1785153470207793000,1785153470207793000,1785153470207793000,121932490,121652369,-137.121,1.000,0.000,1.000,3.000,0.000,0.000,15.000,0,0,0
B3_zmq_pushpull,zmq_tcp,none,none,,1,33748,512,584,1785153470208651000,1785153470208651000,1785153470208651000,1785153470208652000,1785153470208775000,1785153470208778000,1785153470208778000,1785153470208778000,121932490,121652369,-157.121,0.000,0.000,1.000,3.000,0.000,0.000,20.000,0,0,0
B3_zmq_pushpull,zmq_tcp,none,none,,1,33749,512,584,1785153470209458000,1785153470209458000,1785153470209458000,1785153470209459000,1785153470209588000,1785153470209591000,1785153470209591000,1785153470209591000,121932490,121652369,-151.121,0.000,0.000,1.000,3.000,0.000,0.000,6.000,0,0,0
B3_zmq_pushpull,zmq_tcp,none,none,,1,33750,512,584,1785153470210526000,1785153470210526000,1785153470210526000,1785153470210528000,1785153470210669000,1785153470210672000,1785153470210672000,1785153470210672000,121932490,121652369,-139.121,0.000,0.000,2.000,3.000,0.000,0.000,12.000,0,0,0
B3_zmq_pushpull,zmq_tcp,none,none,,1,33751,512,584,1785153470211679000,1785153470211679000,1785153470211679000,1785153470211680000,1785153470211776000,1785153470211780000,1785153470211780000,1785153470211780000,121932490,121652369,-184.121,0.000,0.000,1.000,4.000,0.000,0.000,45.000,0,0,0
B3_zmq_pushpull,zmq_tcp,none,none,,1,33752,512,584,1785153470212474000,1785153470212474000,1785153470212474000,1785153470212475000,1785153470212628000,1785153470212631000,1785153470212631000,1785153470212631000,121932490,121652369,-127.121,0.000,0.000,1.000,3.000,0.000,0.000,57.000,0,0,0
B3_zmq_pushpull,zmq_tcp,none,none,,1,33753,512,584,1785153470213465000,1785153470213465000,1785153470213465000,1785153470213466000,1785153470213622000,1785153470213625000,1785153470213625000,1785153470213625000,121932490,121652369,-124.121,0.000,0.000,1.000,3.000,0.000,0.000,3.000,0,0,0
B3_zmq_pushpull,zmq_tcp,none,none,,1,33754,512,584,1785153470214455000,1785153470214455000,1785153470214455000,1785153470214456000,1785153470214613000,1785153470214616000,1785153470214616000,1785153470214616000,121932490,121652369,-123.121,0.000,0.000,1.000,3.000,0.000,0.000,1.000,0,0,0
B3_zmq_pushpull,zmq_tcp,none,none,,1,33755,512,584,1785153470215697000,1785153470215698000,1785153470215698000,1785153470215699000,1785153470215741000,1785153470215745000,1785153470215745000,1785153470215745000,121932490,121652369,-238.121,1.000,0.000,1.000,4.000,0.000,0.000,115.000,0,0,0
B3_zmq_pushpull,zmq_tcp,none,none,,1,33756,512,584,1785153470216570000,1785153470216570000,1785153470216570000,1785153470216571000,1785153470216723000,1785153470216725000,1785153470216725000,1785153470216725000,121932490,121652369,-128.121,0.000,0.000,1.000,2.000,0.000,0.000,110.000,0,0,0
B3_zmq_pushpull,zmq_tcp,none,none,,1,33757,512,584,1785153470217548000,1785153470217549000,1785153470217549000,1785153470217550000,1785153470217693000,1785153470217695000,1785153470217695000,1785153470217695000,121932490,121652369,-137.121,1.000,0.000,1.000,2.000,0.000,0.000,9.000,0,0,0
B3_zmq_pushpull,zmq_tcp,none,none,,1,33758,512,584,1785153470218544000,1785153470218544000,1785153470218544000,1785153470218545000,1785153470218697000,1785153470218700000,1785153470218700000,1785153470218700000,121932490,121652369,-128.121,0.000,0.000,1.000,3.000,0.000,0.000,9.000,0,0,0
B3_zmq_pushpull,zmq_tcp,none,none,,1,33759,512,584,1785153470219679000,1785153470219679000,1785153470219679000,1785153470219680000,1785153470219789000,1785153470219792000,1785153470219792000,1785153470219792000,121932490,121652369,-171.121,0.000,0.000,1.000,3.000,0.000,0.000,43.000,0,0,0
B3_zmq_pushpull,zmq_tcp,none,none,,1,33760,512,584,1785153470220643000,1785153470220643000,1785153470220643000,1785153470220644000,1785153470220779000,1785153470220782000,1785153470220782000,1785153470220782000,121932490,121652369,-145.121,0.000,0.000,1.000,3.000,0.000,0.000,26.000,0,0,0
B3_zmq_pushpull,zmq_tcp,none,none,,1,33761,512,584,1785153470221651000,1785153470221651000,1785153470221651000,1785153470221652000,1785153470221746000,1785153470221748000,1785153470221748000,1785153470221748000,121932490,121652369,-186.121,0.000,0.000,1.000,2.000,0.000,0.000,41.000,0,0,0
B3_zmq_pushpull,zmq_tcp,none,none,,1,33762,512,584,1785153470222650000,1785153470222650000,1785153470222650000,1785153470222651000,1785153470222821000,1785153470222824000,1785153470222824000,1785153470222824000,121932490,121652369,-110.121,0.000,0.000,1.000,3.000,0.000,0.000,76.000,0,0,0
B3_zmq_pushpull,zmq_tcp,none,none,,1,33763,512,584,1785153470223649000,1785153470223650000,1785153470223650000,1785153470223651000,1785153470223787000,1785153470223789000,1785153470223789000,1785153470223789000,121932490,121652369,-144.121,1.000,0.000,1.000,2.000,0.000,0.000,34.000,0,0,0
B3_zmq_pushpull,zmq_tcp,none,none,,1,33764,512,584,1785153470224651000,1785153470224651000,1785153470224651000,1785153470224652000,1785153470224759000,1785153470224762000,1785153470224762000,1785153470224762000,121932490,121652369,-173.121,0.000,0.000,1.000,3.000,0.000,0.000,29.000,0,0,0
B3_zmq_pushpull,zmq_tcp,none,none,,1,33765,512,584,1785153470225651000,1785153470225651000,1785153470225651000,1785153470225652000,1785153470225728000,1785153470225731000,1785153470225731000,1785153470225731000,121932490,121652369,-204.121,0.000,0.000,1.000,3.000,0.000,0.000,31.000,0,0,0
B3_zmq_pushpull,zmq_tcp,none,none,,1,33766,512,584,1785153470226652000,1785153470226652000,1785153470226652000,1785153470226653000,1785153470226720000,1785153470226723000,1785153470226723000,1785153470226723000,121932490,121652369,-213.121,0.000,0.000,1.000,3.000,0.000,0.000,9.000,0,0,0
B3_zmq_pushpull,zmq_tcp,none,none,,1,33767,512,584,1785153470227648000,1785153470227648000,1785153470227648000,1785153470227649000,1785153470227822000,1785153470227825000,1785153470227825000,1785153470227825000,121932490,121652369,-107.121,0.000,0.000,1.000,3.000,0.000,0.000,106.000,0,0,0
B3_zmq_pushpull,zmq_tcp,none,none,,1,33768,512,584,1785153470228650000,1785153470228650000,1785153470228650000,1785153470228651000,1785153470228797000,1785153470228800000,1785153470228800000,1785153470228800000,121932490,121652369,-134.121,0.000,0.000,1.000,3.000,0.000,0.000,27.000,0,0,0
B3_zmq_pushpull,zmq_tcp,none,none,,1,33769,512,584,1785153470229650000,1785153470229650000,1785153470229650000,1785153470229651000,1785153470229760000,1785153470229763000,1785153470229763000,1785153470229763000,121932490,121652369,-171.121,0.000,0.000,1.000,3.000,0.000,0.000,37.000,0,0,0
B3_zmq_pushpull,zmq_tcp,none,none,,1,33770,512,584,1785153470230650000,1785153470230650000,1785153470230650000,1785153470230651000,1785153470230709000,1785153470230712000,1785153470230712000,1785153470230712000,121932490,121652369,-222.121,0.000,0.000,1.000,3.000,0.000,0.000,51.000,0,0,0
B3_zmq_pushpull,zmq_tcp,none,none,,1,33771,512,584,1785153470231648000,1785153470231648000,1785153470231648000,1785153470231649000,1785153470231693000,1785153470231696000,1785153470231696000,1785153470231696000,121932490,121652369,-236.121,0.000,0.000,1.000,3.000,0.000,0.000,14.000,0,0,0
B3_zmq_pushpull,zmq_tcp,none,none,,1,33772,512,584,1785153470232521000,1785153470232521000,1785153470232521000,1785153470232522000,1785153470232680000,1785153470232683000,1785153470232683000,1785153470232683000,121932490,121652369,-122.121,0.000,0.000,1.000,3.000,0.000,0.000,114.000,0,0,0
B3_zmq_pushpull,zmq_tcp,none,none,,1,33773,512,584,1785153470233684000,1785153470233684000,1785153470233684000,1785153470233685000,1785153470233792000,1785153470233795000,1785153470233795000,1785153470233795000,121932490,121652369,-173.121,0.000,0.000,1.000,3.000,0.000,0.000,51.000,0,0,0
B3_zmq_pushpull,zmq_tcp,none,none,,1,33774,512,584,1785153470234642000,1785153470234642000,1785153470234642000,1785153470234643000,1785153470234776000,1785153470234778000,1785153470234778000,1785153470234778000,121932490,121652369,-147.121,0.000,0.000,1.000,2.000,0.000,0.000,26.000,0,0,0
B3_zmq_pushpull,zmq_tcp,none,none,,1,33775,512,584,1785153470235473000,1785153470235473000,1785153470235473000,1785153470235474000,1785153470235633000,1785153470235636000,1785153470235636000,1785153470235636000,121932490,121652369,-121.121,0.000,0.000,1.000,3.000,0.000,0.000,26.000,0,0,0
B3_zmq_pushpull,zmq_tcp,none,none,,1,33776,512,584,1785153470236460000,1785153470236461000,1785153470236461000,1785153470236462000,1785153470236591000,1785153470236594000,1785153470236594000,1785153470236594000,121932490,121652369,-151.121,1.000,0.000,1.000,3.000,0.000,0.000,30.000,0,0,0
B3_zmq_pushpull,zmq_tcp,none,none,,1,33777,512,584,1785153470237545000,1785153470237545000,1785153470237545000,1785153470237546000,1785153470237699000,1785153470237701000,1785153470237701000,1785153470237701000,121932490,121652369,-127.121,0.000,0.000,1.000,2.000,0.000,0.000,24.000,0,0,0
B3_zmq_pushpull,zmq_tcp,none,none,,1,33778,512,584,1785153470238528000,1785153470238528000,1785153470238528000,1785153470238529000,1785153470238680000,1785153470238683000,1785153470238683000,1785153470238683000,121932490,121652369,-129.121,0.000,0.000,1.000,3.000,0.000,0.000,2.000,0,0,0
B3_zmq_pushpull,zmq_tcp,none,none,,1,33779,512,584,1785153470239521000,1785153470239521000,1785153470239521000,1785153470239522000,1785153470239676000,1785153470239679000,1785153470239679000,1785153470239679000,121932490,121652369,-126.121,0.000,0.000,1.000,3.000,0.000,0.000,3.000,0,0,0
B3_zmq_pushpull,zmq_tcp,none,none,,1,33780,512,584,1785153470240521000,1785153470240521000,1785153470240521000,1785153470240523000,1785153470240669000,1785153470240673000,1785153470240673000,1785153470240673000,121932490,121652369,-134.121,0.000,0.000,2.000,4.000,0.000,0.000,8.000,0,0,0
B3_zmq_pushpull,zmq_tcp,none,none,,1,33781,512,584,1785153470241684000,1785153470241684000,1785153470241684000,1785153470241685000,1785153470241783000,1785153470241785000,1785153470241785000,1785153470241785000,121932490,121652369,-182.121,0.000,0.000,1.000,2.000,0.000,0.000,48.000,0,0,0
B3_zmq_pushpull,zmq_tcp,none,none,,1,33782,512,584,1785153470242640000,1785153470242640000,1785153470242640000,1785153470242641000,1785153470242778000,1785153470242780000,1785153470242780000,1785153470242780000,121932490,121652369,-143.121,0.000,0.000,1.000,2.000,0.000,0.000,39.000,0,0,0
B3_zmq_pushpull,zmq_tcp,none,none,,1,33783,512,584,1785153470243654000,1785153470243654000,1785153470243654000,1785153470243655000,1785153470243747000,1785153470243751000,1785153470243751000,1785153470243751000,121932490,121652369,-188.121,0.000,0.000,1.000,4.000,0.000,0.000,45.000,0,0,0
B3_zmq_pushpull,zmq_tcp,none,none,,1,33784,512,584,1785153470244650000,1785153470244650000,1785153470244650000,1785153470244651000,1785153470244724000,1785153470244727000,1785153470244727000,1785153470244727000,121932490,121652369,-207.121,0.000,0.000,1.000,3.000,0.000,0.000,19.000,0,0,0
B3_zmq_pushpull,zmq_tcp,none,none,,1,33785,512,584,1785153470245651000,1785153470245651000,1785153470245651000,1785153470245652000,1785153470245814000,1785153470245817000,1785153470245817000,1785153470245817000,121932490,121652369,-118.121,0.000,0.000,1.000,3.000,0.000,0.000,89.000,0,0,0
B3_zmq_pushpull,zmq_tcp,none,none,,1,33786,512,584,1785153470246505000,1785153470246505000,1785153470246505000,1785153470246507000,1785153470246653000,1785153470246656000,1785153470246656000,1785153470246656000,121932490,121652369,-134.121,0.000,0.000,2.000,3.000,0.000,0.000,16.000,0,0,0
B3_zmq_pushpull,zmq_tcp,none,none,,1,33787,512,584,1785153470247688000,1785153470247688000,1785153470247688000,1785153470247689000,1785153470247779000,1785153470247782000,1785153470247782000,1785153470247782000,121932490,121652369,-190.121,0.000,0.000,1.000,3.000,0.000,0.000,56.000,0,0,0
B3_zmq_pushpull,zmq_tcp,none,none,,1,33788,512,584,1785153470248642000,1785153470248642000,1785153470248642000,1785153470248643000,1785153470248768000,1785153470248771000,1785153470248771000,1785153470248771000,121932490,121652369,-155.121,0.000,0.000,1.000,3.000,0.000,0.000,35.000,0,0,0
B3_zmq_pushpull,zmq_tcp,none,none,,1,33789,512,584,1785153470249655000,1785153470249655000,1785153470249655000,1785153470249656000,1785153470249753000,1785153470249756000,1785153470249756000,1785153470249756000,121932490,121652369,-183.121,0.000,0.000,1.000,3.000,0.000,0.000,28.000,0,0,0
B3_zmq_pushpull,zmq_tcp,none,none,,1,33790,512,584,1785153470250646000,1785153470250646000,1785153470250646000,1785153470250647000,1785153470250725000,1785153470250728000,1785153470250728000,1785153470250728000,121932490,121652369,-202.121,0.000,0.000,1.000,3.000,0.000,0.000,19.000,0,0,0
B3_zmq_pushpull,zmq_tcp,none,none,,1,33791,512,584,1785153470251651000,1785153470251651000,1785153470251651000,1785153470251652000,1785153470251692000,1785153470251694000,1785153470251694000,1785153470251694000,121932490,121652369,-240.121,0.000,0.000,1.000,2.000,0.000,0.000,38.000,0,0,0
B3_zmq_pushpull,zmq_tcp,none,none,,1,33792,512,584,1785153470252655000,1785153470252655000,1785153470252655000,1785153470252656000,1785153470252816000,1785153470252819000,1785153470252819000,1785153470252819000,121932490,121652369,-120.121,0.000,0.000,1.000,3.000,0.000,0.000,120.000,0,0,0
B3_zmq_pushpull,zmq_tcp,none,none,,1,33793,512,584,1785153470253526000,1785153470253526000,1785153470253526000,1785153470253527000,1785153470253677000,1785153470253680000,1785153470253680000,1785153470253680000,121932490,121652369,-130.121,0.000,0.000,1.000,3.000,0.000,0.000,10.000,0,0,0
B3_zmq_pushpull,zmq_tcp,none,none,,1,33794,512,584,1785153470254678000,1785153470254678000,1785153470254678000,1785153470254679000,1785153470254810000,1785153470254812000,1785153470254812000,1785153470254812000,121932490,121652369,-149.121,0.000,0.000,1.000,2.000,0.000,0.000,19.000,0,0,0
B3_zmq_pushpull,zmq_tcp,none,none,,1,33795,512,584,1785153470255643000,1785153470255643000,1785153470255643000,1785153470255644000,1785153470255779000,1785153470255781000,1785153470255781000,1785153470255781000,121932490,121652369,-145.121,0.000,0.000,1.000,2.000,0.000,0.000,4.000,0,0,0
B3_zmq_pushpull,zmq_tcp,none,none,,1,33796,512,584,1785153470256652000,1785153470256652000,1785153470256653000,1785153470256653000,1785153470256749000,1785153470256753000,1785153470256753000,1785153470256753000,121932490,121652369,-184.121,0.000,1.000,0.000,4.000,0.000,0.000,39.000,0,0,0
B3_zmq_pushpull,zmq_tcp,none,none,,1,33797,512,584,1785153470257455000,1785153470257455000,1785153470257455000,1785153470257456000,1785153470257593000,1785153470257597000,1785153470257597000,1785153470257597000,121932490,121652369,-143.121,0.000,0.000,1.000,4.000,0.000,0.000,41.000,0,0,0
B3_zmq_pushpull,zmq_tcp,none,none,,1,33798,512,584,1785153470258699000,1785153470258699000,1785153470258699000,1785153470258700000,1785153470258821000,1785153470258824000,1785153470258824000,1785153470258824000,121932490,121652369,-159.121,0.000,0.000,1.000,3.000,0.000,0.000,16.000,0,0,0
B3_zmq_pushpull,zmq_tcp,none,none,,1,33799,512,584,1785153470259638000,1785153470259638000,1785153470259638000,1785153470259639000,1785153470259815000,1785153470259817000,1785153470259817000,1785153470259818000,121932490,121652369,-104.121,0.000,0.000,1.000,2.000,0.000,1.000,55.000,0,0,0
B3_zmq_pushpull,zmq_tcp,none,none,,1,33800,512,584,1785153470260654000,1785153470260654000,1785153470260654000,1785153470260655000,1785153470260804000,1785153470260807000,1785153470260807000,1785153470260807000,121932490,121652369,-131.121,0.000,0.000,1.000,3.000,0.000,0.000,27.000,0,0,0
B3_zmq_pushpull,zmq_tcp,none,none,,1,33801,512,584,1785153470261649000,1785153470261649000,1785153470261649000,1785153470261650000,1785153470261784000,1785153470261787000,1785153470261787000,1785153470261787000,121932490,121652369,-146.121,0.000,0.000,1.000,3.000,0.000,0.000,15.000,0,0,0
B3_zmq_pushpull,zmq_tcp,none,none,,1,33802,512,584,1785153470262650000,1785153470262650000,1785153470262650000,1785153470262651000,1785153470262781000,1785153470262784000,1785153470262784000,1785153470262784000,121932490,121652369,-150.121,0.000,0.000,1.000,3.000,0.000,0.000,4.000,0,0,0
B3_zmq_pushpull,zmq_tcp,none,none,,1,33803,512,584,1785153470263650000,1785153470263650000,1785153470263650000,1785153470263651000,1785153470263756000,1785153470263759000,1785153470263759000,1785153470263759000,121932490,121652369,-175.121,0.000,0.000,1.000,3.000,0.000,0.000,25.000,0,0,0
B3_zmq_pushpull,zmq_tcp,none,none,,1,33804,512,584,1785153470264650000,1785153470264650000,1785153470264650000,1785153470264651000,1785153470264728000,1785153470264731000,1785153470264731000,1785153470264731000,121932490,121652369,-203.121,0.000,0.000,1.000,3.000,0.000,0.000,28.000,0,0,0
B3_zmq_pushpull,zmq_tcp,none,none,,1,33805,512,584,1785153470265651000,1785153470265651000,1785153470265651000,1785153470265652000,1785153470265706000,1785153470265710000,1785153470265710000,1785153470265710000,121932490,121652369,-226.121,0.000,0.000,1.000,4.000,0.000,0.000,23.000,0,0,0
B3_zmq_pushpull,zmq_tcp,none,none,,1,33806,512,584,1785153470266542000,1785153470266542000,1785153470266542000,1785153470266543000,1785153470266689000,1785153470266692000,1785153470266692000,1785153470266692000,121932490,121652369,-134.121,0.000,0.000,1.000,3.000,0.000,0.000,92.000,0,0,0
B3_zmq_pushpull,zmq_tcp,none,none,,1,33807,512,584,1785153470267678000,1785153470267679000,1785153470267679000,1785153470267680000,1785153470267829000,1785153470267833000,1785153470267833000,1785153470267833000,121932490,121652369,-131.121,1.000,0.000,1.000,4.000,0.000,0.000,3.000,0,0,0
B3_zmq_pushpull,zmq_tcp,none,none,,1,33808,512,584,1785153470268514000,1785153470268514000,1785153470268514000,1785153470268515000,1785153470268673000,1785153470268676000,1785153470268676000,1785153470268676000,121932490,121652369,-122.121,0.000,0.000,1.000,3.000,0.000,0.000,9.000,0,0,0
B3_zmq_pushpull,zmq_tcp,none,none,,1,33809,512,584,1785153470269685000,1785153470269685000,1785153470269685000,1785153470269686000,1785153470269778000,1785153470269780000,1785153470269780000,1785153470269780000,121932490,121652369,-188.121,0.000,0.000,1.000,2.000,0.000,0.000,66.000,0,0,0
B3_zmq_pushpull,zmq_tcp,none,none,,1,33810,512,584,1785153470270641000,1785153470270641000,1785153470270641000,1785153470270642000,1785153470270772000,1785153470270775000,1785153470270775000,1785153470270775000,121932490,121652369,-150.121,0.000,0.000,1.000,3.000,0.000,0.000,38.000,0,0,0
B3_zmq_pushpull,zmq_tcp,none,none,,1,33811,512,584,1785153470271652000,1785153470271653000,1785153470271653000,1785153470271654000,1785153470271743000,1785153470271746000,1785153470271746000,1785153470271746000,121932490,121652369,-191.121,1.000,0.000,1.000,3.000,0.000,0.000,41.000,0,0,0
B3_zmq_pushpull,zmq_tcp,none,none,,1,33812,512,584,1785153470272553000,1785153470272553000,1785153470272553000,1785153470272554000,1785153470272707000,1785153470272710000,1785153470272710000,1785153470272710000,121932490,121652369,-127.121,0.000,0.000,1.000,3.000,0.000,0.000,64.000,0,0,0
B3_zmq_pushpull,zmq_tcp,none,none,,1,33813,512,584,1785153470273543000,1785153470273543000,1785153470273543000,1785153470273544000,1785153470273700000,1785153470273703000,1785153470273703000,1785153470273703000,121932490,121652369,-124.121,0.000,0.000,1.000,3.000,0.000,0.000,3.000,0,0,0
B3_zmq_pushpull,zmq_tcp,none,none,,1,33814,512,584,1785153470274676000,1785153470274677000,1785153470274677000,1785153470274678000,1785153470274831000,1785153470274833000,1785153470274833000,1785153470274833000,121932490,121652369,-127.121,1.000,0.000,1.000,2.000,0.000,0.000,3.000,0,0,0
B3_zmq_pushpull,zmq_tcp,none,none,,1,33815,512,584,1785153470275642000,1785153470275643000,1785153470275643000,1785153470275644000,1785153470275808000,1785153470275810000,1785153470275810000,1785153470275810000,121932490,121652369,-116.121,1.000,0.000,1.000,2.000,0.000,0.000,11.000,0,0,0
B3_zmq_pushpull,zmq_tcp,none,none,,1,33816,512,584,1785153470276652000,1785153470276652000,1785153470276653000,1785153470276653000,1785153470276763000,1785153470276765000,1785153470276765000,1785153470276765000,121932490,121652369,-170.121,0.000,1.000,0.000,2.000,0.000,0.000,54.000,0,0,0
B3_zmq_pushpull,zmq_tcp,none,none,,1,33817,512,584,1785153470277651000,1785153470277651000,1785153470277651000,1785153470277652000,1785153470277740000,1785153470277743000,1785153470277743000,1785153470277743000,121932490,121652369,-192.121,0.000,0.000,1.000,3.000,0.000,0.000,22.000,0,0,0
B3_zmq_pushpull,zmq_tcp,none,none,,1,33818,512,584,1785153470278650000,1785153470278650000,1785153470278650000,1785153470278651000,1785153470278708000,1785153470278712000,1785153470278712000,1785153470278712000,121932490,121652369,-223.121,0.000,0.000,1.000,4.000,0.000,0.000,31.000,0,0,0
B3_zmq_pushpull,zmq_tcp,none,none,,1,33819,512,584,1785153470279647000,1785153470279647000,1785153470279647000,1785153470279648000,1785153470279692000,1785153470279695000,1785153470279695000,1785153470279695000,121932490,121652369,-236.121,0.000,0.000,1.000,3.000,0.000,0.000,13.000,0,0,0
B3_zmq_pushpull,zmq_tcp,none,none,,1,33820,512,584,1785153470280651000,1785153470280651000,1785153470280651000,1785153470280652000,1785153470280819000,1785153470280822000,1785153470280822000,1785153470280822000,121932490,121652369,-113.121,0.000,0.000,1.000,3.000,0.000,0.000,123.000,0,0,0
B3_zmq_pushpull,zmq_tcp,none,none,,1,33821,512,584,1785153470281652000,1785153470281652000,1785153470281653000,1785153470281653000,1785153470281820000,1785153470281823000,1785153470281823000,1785153470281823000,121932490,121652369,-113.121,0.000,1.000,0.000,3.000,0.000,0.000,0.000,0,0,0
B3_zmq_pushpull,zmq_tcp,none,none,,1,33822,512,584,1785153470282648000,1785153470282649000,1785153470282649000,1785153470282650000,1785153470282811000,1785153470282814000,1785153470282814000,1785153470282814000,121932490,121652369,-119.121,1.000,0.000,1.000,3.000,0.000,0.000,6.000,0,0,0
B3_zmq_pushpull,zmq_tcp,none,none,,1,33823,512,584,1785153470283650000,1785153470283650000,1785153470283650000,1785153470283651000,1785153470283799000,1785153470283802000,1785153470283802000,1785153470283802000,121932490,121652369,-132.121,0.000,0.000,1.000,3.000,0.000,0.000,13.000,0,0,0
B3_zmq_pushpull,zmq_tcp,none,none,,1,33824,512,584,1785153470284497000,1785153470284498000,1785153470284498000,1785153470284499000,1785153470284640000,1785153470284643000,1785153470284643000,1785153470284643000,121932490,121652369,-139.121,1.000,0.000,1.000,3.000,0.000,0.000,7.000,0,0,0
B3_zmq_pushpull,zmq_tcp,none,none,,1,33825,512,584,1785153470285688000,1785153470285689000,1785153470285689000,1785153470285690000,1785153470285890000,1785153470285892000,1785153470285892000,1785153470285892000,121932490,121652369,-80.121,1.000,0.000,1.000,2.000,0.000,0.000,59.000,0,0,0
B3_zmq_pushpull,zmq_tcp,none,none,,1,33826,512,584,1785153470286638000,1785153470286638000,1785153470286638000,1785153470286639000,1785153470286727000,1785153470286730000,1785153470286730000,1785153470286730000,121932490,121652369,-192.121,0.000,0.000,1.000,3.000,0.000,0.000,112.000,0,0,0
B3_zmq_pushpull,zmq_tcp,none,none,,1,33827,512,584,1785153470287654000,1785153470287654000,1785153470287654000,1785153470287655000,1785153470287722000,1785153470287724000,1785153470287724000,1785153470287724000,121932490,121652369,-213.121,0.000,0.000,1.000,2.000,0.000,0.000,21.000,0,0,0
B3_zmq_pushpull,zmq_tcp,none,none,,1,33828,512,584,1785153470288651000,1785153470288651000,1785153470288651000,1785153470288652000,1785153470288839000,1785153470288841000,1785153470288841000,1785153470288842000,121932490,121652369,-93.121,0.000,0.000,1.000,2.000,0.000,1.000,120.000,0,0,0
B3_zmq_pushpull,zmq_tcp,none,none,,1,33829,512,584,1785153470289652000,1785153470289652000,1785153470289653000,1785153470289654000,1785153470289815000,1785153470289818000,1785153470289818000,1785153470289818000,121932490,121652369,-119.121,0.000,1.000,1.000,3.000,0.000,0.000,26.000,0,0,0
B3_zmq_pushpull,zmq_tcp,none,none,,1,33830,512,584,1785153470290503000,1785153470290503000,1785153470290503000,1785153470290504000,1785153470290663000,1785153470290666000,1785153470290666000,1785153470290666000,121932490,121652369,-121.121,0.000,0.000,1.000,3.000,0.000,0.000,2.000,0,0,0
B3_zmq_pushpull,zmq_tcp,none,none,,1,33831,512,584,1785153470291688000,1785153470291688000,1785153470291688000,1785153470291689000,1785153470291754000,1785153470291756000,1785153470291756000,1785153470291756000,121932490,121652369,-215.121,0.000,0.000,1.000,2.000,0.000,0.000,94.000,0,0,0
B3_zmq_pushpull,zmq_tcp,none,none,,1,33832,512,584,1785153470292640000,1785153470292641000,1785153470292641000,1785153470292642000,1785153470292710000,1785153470292712000,1785153470292712000,1785153470292712000,121932490,121652369,-212.121,1.000,0.000,1.000,2.000,0.000,0.000,3.000,0,0,0
B3_zmq_pushpull,zmq_tcp,none,none,,1,33833,512,584,1785153470293653000,1785153470293653000,1785153470293653000,1785153470293654000,1785153470293825000,1785153470293828000,1785153470293828000,1785153470293828000,121932490,121652369,-109.121,0.000,0.000,1.000,3.000,0.000,0.000,103.000,0,0,0
B3_zmq_pushpull,zmq_tcp,none,none,,1,33834,512,584,1785153470294648000,1785153470294648000,1785153470294648000,1785153470294649000,1785153470294818000,1785153470294821000,1785153470294821000,1785153470294821000,121932490,121652369,-111.121,0.000,0.000,1.000,3.000,0.000,0.000,2.000,0,0,0
B3_zmq_pushpull,zmq_tcp,none,none,,1,33835,512,584,1785153470295654000,1785153470295654000,1785153470295654000,1785153470295655000,1785153470295816000,1785153470295819000,1785153470295819000,1785153470295819000,121932490,121652369,-119.121,0.000,0.000,1.000,3.000,0.000,0.000,8.000,0,0,0
B3_zmq_pushpull,zmq_tcp,none,none,,1,33836,512,584,1785153470296651000,1785153470296651000,1785153470296651000,1785153470296652000,1785153470296781000,1785153470296784000,1785153470296784000,1785153470296784000,121932490,121652369,-151.121,0.000,0.000,1.000,3.000,0.000,0.000,32.000,0,0,0
B3_zmq_pushpull,zmq_tcp,none,none,,1,33837,512,584,1785153470297652000,1785153470297652000,1785153470297652000,1785153470297653000,1785153470297783000,1785153470297786000,1785153470297786000,1785153470297786000,121932490,121652369,-150.121,0.000,0.000,1.000,3.000,0.000,0.000,1.000,0,0,0
B3_zmq_pushpull,zmq_tcp,none,none,,1,33838,512,584,1785153470298459000,1785153470298459000,1785153470298459000,1785153470298460000,1785153470298613000,1785153470298616000,1785153470298616000,1785153470298616000,121932490,121652369,-127.121,0.000,0.000,1.000,3.000,0.000,0.000,23.000,0,0,0
B3_zmq_pushpull,zmq_tcp,none,none,,1,33839,512,584,1785153470299454000,1785153470299454000,1785153470299454000,1785153470299455000,1785153470299594000,1785153470299597000,1785153470299597000,1785153470299597000,121932490,121652369,-141.121,0.000,0.000,1.000,3.000,0.000,0.000,14.000,0,0,0
B3_zmq_pushpull,zmq_tcp,none,none,,1,33840,512,584,1785153470300549000,1785153470300549000,1785153470300549000,1785153470300550000,1785153470300702000,1785153470300704000,1785153470300704000,1785153470300704000,121932490,121652369,-128.121,0.000,0.000,1.000,2.000,0.000,0.000,13.000,0,0,0
B3_zmq_pushpull,zmq_tcp,none,none,,1,33841,512,584,1785153470301677000,1785153470301677000,1785153470301677000,1785153470301678000,1785153470301836000,1785153470301839000,1785153470301839000,1785153470301839000,121932490,121652369,-122.121,0.000,0.000,1.000,3.000,0.000,0.000,6.000,0,0,0
B3_zmq_pushpull,zmq_tcp,none,none,,1,33842,512,584,1785153470302641000,1785153470302641000,1785153470302641000,1785153470302642000,1785153470302830000,1785153470302832000,1785153470302832000,1785153470302832000,121932490,121652369,-92.121,0.000,0.000,1.000,2.000,0.000,0.000,30.000,0,0,0
B3_zmq_pushpull,zmq_tcp,none,none,,1,33843,512,584,1785153470303536000,1785153470303536000,1785153470303536000,1785153470303537000,1785153470303675000,1785153470303677000,1785153470303677000,1785153470303677000,121932490,121652369,-142.121,0.000,0.000,1.000,2.000,0.000,0.000,50.000,0,0,0
B3_zmq_pushpull,zmq_tcp,none,none,,1,33844,512,584,1785153470304679000,1785153470304679000,1785153470304679000,1785153470304680000,1785153470304767000,1785153470304770000,1785153470304770000,1785153470304770000,121932490,121652369,-193.121,0.000,0.000,1.000,3.000,0.000,0.000,51.000,0,0,0
B3_zmq_pushpull,zmq_tcp,none,none,,1,33845,512,584,1785153470305642000,1785153470305642000,1785153470305642000,1785153470305643000,1785153470305749000,1785153470305752000,1785153470305752000,1785153470305752000,121932490,121652369,-174.121,0.000,0.000,1.000,3.000,0.000,0.000,19.000,0,0,0
B3_zmq_pushpull,zmq_tcp,none,none,,1,33846,512,584,1785153470306653000,1785153470306653000,1785153470306653000,1785153470306654000,1785153470306696000,1785153470306700000,1785153470306700000,1785153470306700000,121932490,121652369,-238.121,0.000,0.000,1.000,4.000,0.000,0.000,64.000,0,0,0
B3_zmq_pushpull,zmq_tcp,none,none,,1,33847,512,584,1785153470307650000,1785153470307650000,1785153470307650000,1785153470307651000,1785153470307798000,1785153470307800000,1785153470307800000,1785153470307800000,121932490,121652369,-133.121,0.000,0.000,1.000,2.000,0.000,0.000,105.000,0,0,0
B3_zmq_pushpull,zmq_tcp,none,none,,1,33848,512,584,1785153470308492000,1785153470308492000,1785153470308492000,1785153470308493000,1785153470308650000,1785153470308652000,1785153470308652000,1785153470308652000,121932490,121652369,-123.121,0.000,0.000,1.000,2.000,0.000,0.000,10.000,0,0,0
B3_zmq_pushpull,zmq_tcp,none,none,,1,33849,512,584,1785153470309476000,1785153470309476000,1785153470309476000,1785153470309477000,1785153470309634000,1785153470309636000,1785153470309636000,1785153470309636000,121932490,121652369,-123.121,0.000,0.000,1.000,2.000,0.000,0.000,0.000,0,0,0
B3_zmq_pushpull,zmq_tcp,none,none,,1,33850,512,584,1785153470310461000,1785153470310461000,1785153470310461000,1785153470310462000,1785153470310622000,1785153470310624000,1785153470310624000,1785153470310624000,121932490,121652369,-120.121,0.000,0.000,1.000,2.000,0.000,0.000,3.000,0,0,0
B3_zmq_pushpull,zmq_tcp,none,none,,1,33851,512,584,1785153470311701000,1785153470311701000,1785153470311701000,1785153470311702000,1785153470311883000,1785153470311886000,1785153470311886000,1785153470311886000,121932490,121652369,-99.121,0.000,0.000,1.000,3.000,0.000,0.000,21.000,0,0,0
B3_zmq_pushpull,zmq_tcp,none,none,,1,33852,512,584,1785153470312637000,1785153470312637000,1785153470312637000,1785153470312638000,1785153470312733000,1785153470312736000,1785153470312736000,1785153470312736000,121932490,121652369,-185.121,0.000,0.000,1.000,3.000,0.000,0.000,86.000,0,0,0
B3_zmq_pushpull,zmq_tcp,none,none,,1,33853,512,584,1785153470313654000,1785153470313654000,1785153470313654000,1785153470313655000,1785153470313700000,1785153470313704000,1785153470313704000,1785153470313704000,121932490,121652369,-235.121,0.000,0.000,1.000,4.000,0.000,0.000,50.000,0,0,0
B3_zmq_pushpull,zmq_tcp,none,none,,1,33854,512,584,1785153470314649000,1785153470314649000,1785153470314649000,1785153470314650000,1785153470314815000,1785153470314818000,1785153470314818000,1785153470314818000,121932490,121652369,-115.121,0.000,0.000,1.000,3.000,0.000,0.000,120.000,0,0,0
B3_zmq_pushpull,zmq_tcp,none,none,,1,33855,512,584,1785153470315518000,1785153470315519000,1785153470315519000,1785153470315520000,1785153470315661000,1785153470315664000,1785153470315664000,1785153470315664000,121932490,121652369,-139.121,1.000,0.000,1.000,3.000,0.000,0.000,24.000,0,0,0
B3_zmq_pushpull,zmq_tcp,none,none,,1,33856,512,584,1785153470316502000,1785153470316502000,1785153470316502000,1785153470316503000,1785153470316654000,1785153470316657000,1785153470316657000,1785153470316657000,121932490,121652369,-129.121,0.000,0.000,1.000,3.000,0.000,0.000,10.000,0,0,0
B3_zmq_pushpull,zmq_tcp,none,none,,1,33857,512,584,1785153470317687000,1785153470317688000,1785153470317688000,1785153470317689000,1785153470317918000,1785153470317925000,1785153470317925000,1785153470317925000,121932490,121652369,-51.121,1.000,0.000,1.000,7.000,0.000,0.000,78.000,0,0,0
B3_zmq_pushpull,zmq_tcp,none,none,,1,33858,512,584,1785153470318532000,1785153470318532000,1785153470318532000,1785153470318533000,1785153470318691000,1785153470318696000,1785153470318696000,1785153470318696000,121932490,121652369,-122.121,0.000,0.000,1.000,5.000,0.000,0.000,71.000,0,0,0
B3_zmq_pushpull,zmq_tcp,none,none,,1,33859,512,584,1785153470319468000,1785153470319468000,1785153470319468000,1785153470319469000,1785153470319619000,1785153470319623000,1785153470319623000,1785153470319623000,121932490,121652369,-130.121,0.000,0.000,1.000,4.000,0.000,0.000,8.000,0,0,0
B3_zmq_pushpull,zmq_tcp,none,none,,1,33860,512,584,1785153470320490000,1785153470320490000,1785153470320490000,1785153470320491000,1785153470320630000,1785153470320635000,1785153470320635000,1785153470320635000,121932490,121652369,-141.121,0.000,0.000,1.000,5.000,0.000,0.000,11.000,0,0,0
B3_zmq_pushpull,zmq_tcp,none,none,,1,33861,512,584,1785153470321692000,1785153470321692000,1785153470321692000,1785153470321694000,1785153470321883000,1785153470321887000,1785153470321887000,1785153470321887000,121932490,121652369,-91.121,0.000,0.000,2.000,4.000,0.000,0.000,50.000,0,0,0
B3_zmq_pushpull,zmq_tcp,none,none,,1,33862,512,584,1785153470322643000,1785153470322643000,1785153470322643000,1785153470322644000,1785153470322729000,1785153470322732000,1785153470322732000,1785153470322732000,121932490,121652369,-195.121,0.000,0.000,1.000,3.000,0.000,0.000,104.000,0,0,0
B3_zmq_pushpull,zmq_tcp,none,none,,1,33863,512,584,1785153470323656000,1785153470323656000,1785153470323656000,1785153470323657000,1785153470323838000,1785153470323841000,1785153470323841000,1785153470323841000,121932490,121652369,-99.121,0.000,0.000,1.000,3.000,0.000,0.000,96.000,0,0,0
B3_zmq_pushpull,zmq_tcp,none,none,,1,33864,512,584,1785153470324531000,1785153470324532000,1785153470324532000,1785153470324533000,1785153470324691000,1785153470324694000,1785153470324694000,1785153470324694000,121932490,121652369,-122.121,1.000,0.000,1.000,3.000,0.000,0.000,23.000,0,0,0
B3_zmq_pushpull,zmq_tcp,none,none,,1,33865,512,584,1785153470325687000,1785153470325687000,1785153470325687000,1785153470325689000,1785153470325810000,1785153470325813000,1785153470325813000,1785153470325813000,121932490,121652369,-159.121,0.000,0.000,2.000,3.000,0.000,0.000,37.000,0,0,0
B3_zmq_pushpull,zmq_tcp,none,none,,1,33866,512,584,1785153470326640000,1785153470326640000,1785153470326640000,1785153470326641000,1785153470326810000,1785153470326813000,1785153470326813000,1785153470326813000,121932490,121652369,-111.121,0.000,0.000,1.000,3.000,0.000,0.000,48.000,0,0,0
B3_zmq_pushpull,zmq_tcp,none,none,,1,33867,512,584,1785153470327510000,1785153470327510000,1785153470327510000,1785153470327512000,1785153470327660000,1785153470327664000,1785153470327664000,1785153470327664000,121932490,121652369,-132.121,0.000,0.000,2.000,4.000,0.000,0.000,21.000,0,0,0
B3_zmq_pushpull,zmq_tcp,none,none,,1,33868,512,584,1785153470328461000,1785153470328462000,1785153470328462000,1785153470328463000,1785153470328611000,1785153470328614000,1785153470328614000,1785153470328614000,121932490,121652369,-132.121,1.000,0.000,1.000,3.000,0.000,0.000,0.000,0,0,0
B3_zmq_pushpull,zmq_tcp,none,none,,1,33869,512,584,1785153470329571000,1785153470329572000,1785153470329572000,1785153470329573000,1785153470329727000,1785153470329731000,1785153470329731000,1785153470329731000,121932490,121652369,-126.121,1.000,0.000,1.000,4.000,0.000,0.000,6.000,0,0,0
B3_zmq_pushpull,zmq_tcp,none,none,,1,33870,512,584,1785153470330560000,1785153470330560000,1785153470330561000,1785153470330562000,1785153470330712000,1785153470330716000,1785153470330716000,1785153470330716000,121932490,121652369,-130.121,0.000,1.000,1.000,4.000,0.000,0.000,4.000,0,0,0
B3_zmq_pushpull,zmq_tcp,none,none,,1,33871,512,584,1785153470331530000,1785153470331530000,1785153470331530000,1785153470331531000,1785153470331690000,1785153470331693000,1785153470331693000,1785153470331693000,121932490,121652369,-121.121,0.000,0.000,1.000,3.000,0.000,0.000,9.000,0,0,0
B3_zmq_pushpull,zmq_tcp,none,none,,1,33872,512,584,1785153470332688000,1785153470332688000,1785153470332688000,1785153470332689000,1785153470332805000,1785153470332807000,1785153470332807000,1785153470332807000,121932490,121652369,-164.121,0.000,0.000,1.000,2.000,0.000,0.000,43.000,0,0,0
B3_zmq_pushpull,zmq_tcp,none,none,,1,33873,512,584,1785153470333513000,1785153470333514000,1785153470333514000,1785153470333515000,1785153470333658000,1785153470333661000,1785153470333661000,1785153470333661000,121932490,121652369,-137.121,1.000,0.000,1.000,3.000,0.000,0.000,27.000,0,0,0
B3_zmq_pushpull,zmq_tcp,none,none,,1,33874,512,584,1785153470334684000,1785153470334684000,1785153470334685000,1785153470334686000,1785153470334795000,1785153470334798000,1785153470334798000,1785153470334798000,121932490,121652369,-171.121,0.000,1.000,1.000,3.000,0.000,0.000,34.000,0,0,0
B3_zmq_pushpull,zmq_tcp,none,none,,1,33875,512,584,1785153470335645000,1785153470335645000,1785153470335645000,1785153470335646000,1785153470335779000,1785153470335783000,1785153470335783000,1785153470335783000,121932490,121652369,-147.121,0.000,0.000,1.000,4.000,0.000,0.000,24.000,0,0,0
B3_zmq_pushpull,zmq_tcp,none,none,,1,33876,512,584,1785153470336656000,1785153470336656000,1785153470336656000,1785153470336657000,1785153470336772000,1785153470336776000,1785153470336776000,1785153470336776000,121932490,121652369,-165.121,0.000,0.000,1.000,4.000,0.000,0.000,18.000,0,0,0
B3_zmq_pushpull,zmq_tcp,none,none,,1,33877,512,584,1785153470337649000,1785153470337649000,1785153470337649000,1785153470337650000,1785153470337775000,1785153470337778000,1785153470337778000,1785153470337778000,121932490,121652369,-155.121,0.000,0.000,1.000,3.000,0.000,0.000,10.000,0,0,0
B3_zmq_pushpull,zmq_tcp,none,none,,1,33878,512,584,1785153470338657000,1785153470338657000,1785153470338657000,1785153470338658000,1785153470338752000,1785153470338755000,1785153470338756000,1785153470338756000,121932490,121652369,-186.121,0.000,0.000,1.000,3.000,1.000,0.000,31.000,0,0,0
B3_zmq_pushpull,zmq_tcp,none,none,,1,33879,512,584,1785153470339653000,1785153470339653000,1785153470339653000,1785153470339655000,1785153470339777000,1785153470339780000,1785153470339780000,1785153470339780000,121932490,121652369,-158.121,0.000,0.000,2.000,3.000,0.000,0.000,28.000,0,0,0
B3_zmq_pushpull,zmq_tcp,none,none,,1,33880,512,584,1785153470340657000,1785153470340658000,1785153470340658000,1785153470340660000,1785153470340869000,1785153470340895000,1785153470340895000,1785153470340895000,121932490,121652369,-71.121,1.000,0.000,2.000,26.000,0.000,0.000,87.000,0,0,0
B3_zmq_pushpull,zmq_tcp,none,none,,1,33881,512,584,1785153470341651000,1785153470341652000,1785153470341652000,1785153470341653000,1785153470341754000,1785153470341759000,1785153470341759000,1785153470341759000,121932490,121652369,-179.121,1.000,0.000,1.000,5.000,0.000,0.000,108.000,0,0,0
B3_zmq_pushpull,zmq_tcp,none,none,,1,33882,512,584,1785153470342471000,1785153470342471000,1785153470342471000,1785153470342472000,1785153470342619000,1785153470342623000,1785153470342623000,1785153470342623000,121932490,121652369,-133.121,0.000,0.000,1.000,4.000,0.000,0.000,46.000,0,0,0
B3_zmq_pushpull,zmq_tcp,none,none,,1,33883,512,584,1785153470343702000,1785153470343702000,1785153470343702000,1785153470343703000,1785153470343772000,1785153470343776000,1785153470343776000,1785153470343776000,121932490,121652369,-211.121,0.000,0.000,1.000,4.000,0.000,0.000,78.000,0,0,0
B3_zmq_pushpull,zmq_tcp,none,none,,1,33884,512,584,1785153470344475000,1785153470344475000,1785153470344475000,1785153470344476000,1785153470344629000,1785153470344632000,1785153470344632000,1785153470344632000,121932490,121652369,-127.121,0.000,0.000,1.000,3.000,0.000,0.000,84.000,0,0,0
B3_zmq_pushpull,zmq_tcp,none,none,,1,33885,512,584,1785153470345486000,1785153470345486000,1785153470345486000,1785153470345487000,1785153470345645000,1785153470345648000,1785153470345648000,1785153470345648000,121932490,121652369,-122.121,0.000,0.000,1.000,3.000,0.000,0.000,5.000,0,0,0
B3_zmq_pushpull,zmq_tcp,none,none,,1,33886,512,584,1785153470346692000,1785153470346692000,1785153470346693000,1785153470346694000,1785153470346750000,1785153470346753000,1785153470346753000,1785153470346753000,121932490,121652369,-224.121,0.000,1.000,1.000,3.000,0.000,0.000,102.000,0,0,0
B3_zmq_pushpull,zmq_tcp,none,none,,1,33887,512,584,1785153470347667000,1785153470347669000,1785153470347670000,1785153470347671000,1785153470347848000,1785153470347857000,1785153470347858000,1785153470347858000,121932490,121652369,-103.121,2.000,1.000,1.000,9.000,1.000,0.000,121.000,0,0,0
B3_zmq_pushpull,zmq_tcp,none,none,,1,33888,512,584,1785153470348589000,1785153470348590000,1785153470348590000,1785153470348592000,1785153470348812000,1785153470348821000,1785153470348821000,1785153470348821000,121932490,121652369,-60.121,1.000,0.000,2.000,9.000,0.000,0.000,43.000,0,0,0
B3_zmq_pushpull,zmq_tcp,none,none,,1,33889,512,584,1785153470349668000,1785153470349669000,1785153470349669000,1785153470349670000,1785153470349717000,1785153470349722000,1785153470349722000,1785153470349722000,121932490,121652369,-233.121,1.000,0.000,1.000,5.000,0.000,0.000,173.000,0,0,0
B3_zmq_pushpull,zmq_tcp,none,none,,1,33890,512,584,1785153470350571000,1785153470350571000,1785153470350571000,1785153470350573000,1785153470350727000,1785153470350731000,1785153470350731000,1785153470350731000,121932490,121652369,-126.121,0.000,0.000,2.000,4.000,0.000,0.000,107.000,0,0,0
B3_zmq_pushpull,zmq_tcp,none,none,,1,33891,512,584,1785153470351671000,1785153470351672000,1785153470351672000,1785153470351673000,1785153470351735000,1785153470351740000,1785153470351740000,1785153470351740000,121932490,121652369,-218.121,1.000,0.000,1.000,5.000,0.000,0.000,92.000,0,0,0
B3_zmq_pushpull,zmq_tcp,none,none,,1,33892,512,584,1785153470352567000,1785153470352568000,1785153470352568000,1785153470352569000,1785153470352720000,1785153470352724000,1785153470352724000,1785153470352724000,121932490,121652369,-129.121,1.000,0.000,1.000,4.000,0.000,0.000,89.000,0,0,0
B3_zmq_pushpull,zmq_tcp,none,none,,1,33893,512,584,1785153470353672000,1785153470353672000,1785153470353672000,1785153470353674000,1785153470353870000,1785153470353874000,1785153470353874000,1785153470353874000,121932490,121652369,-84.121,0.000,0.000,2.000,4.000,0.000,0.000,45.000,0,0,0
B3_zmq_pushpull,zmq_tcp,none,none,,1,33894,512,584,1785153470354648000,1785153470354648000,1785153470354648000,1785153470354649000,1785153470354735000,1785153470354739000,1785153470354739000,1785153470354739000,121932490,121652369,-194.121,0.000,0.000,1.000,4.000,0.000,0.000,110.000,0,0,0
B3_zmq_pushpull,zmq_tcp,none,none,,1,33895,512,584,1785153470355653000,1785153470355653000,1785153470355653000,1785153470355654000,1785153470355730000,1785153470355733000,1785153470355733000,1785153470355733000,121932490,121652369,-204.121,0.000,0.000,1.000,3.000,0.000,0.000,10.000,0,0,0
B3_zmq_pushpull,zmq_tcp,none,none,,1,33896,512,584,1785153470356649000,1785153470356649000,1785153470356649000,1785153470356650000,1785153470356740000,1785153470356743000,1785153470356743000,1785153470356743000,121932490,121652369,-190.121,0.000,0.000,1.000,3.000,0.000,0.000,14.000,0,0,0
B3_zmq_pushpull,zmq_tcp,none,none,,1,33897,512,584,1785153470357654000,1785153470357654000,1785153470357654000,1785153470357655000,1785153470357742000,1785153470357745000,1785153470357745000,1785153470357745000,121932490,121652369,-193.121,0.000,0.000,1.000,3.000,0.000,0.000,3.000,0,0,0
B3_zmq_pushpull,zmq_tcp,none,none,,1,33898,512,584,1785153470358652000,1785153470358652000,1785153470358652000,1785153470358653000,1785153470358723000,1785153470358726000,1785153470358726000,1785153470358726000,121932490,121652369,-210.121,0.000,0.000,1.000,3.000,0.000,0.000,17.000,0,0,0
B3_zmq_pushpull,zmq_tcp,none,none,,1,33899,512,584,1785153470359567000,1785153470359567000,1785153470359567000,1785153470359568000,1785153470359722000,1785153470359724000,1785153470359724000,1785153470359724000,121932490,121652369,-126.121,0.000,0.000,1.000,2.000,0.000,0.000,84.000,0,0,0
B3_zmq_pushpull,zmq_tcp,none,none,,1,33900,512,584,1785153470360563000,1785153470360563000,1785153470360564000,1785153470360565000,1785153470360718000,1785153470360721000,1785153470360721000,1785153470360721000,121932490,121652369,-127.121,0.000,1.000,1.000,3.000,0.000,0.000,1.000,0,0,0
B3_zmq_pushpull,zmq_tcp,none,none,,1,33901,512,584,1785153470361554000,1785153470361554000,1785153470361554000,1785153470361555000,1785153470361699000,1785153470361702000,1785153470361702000,1785153470361702000,121932490,121652369,-136.121,0.000,0.000,1.000,3.000,0.000,0.000,9.000,0,0,0
B3_zmq_pushpull,zmq_tcp,none,none,,1,33902,512,584,1785153470362675000,1785153470362676000,1785153470362676000,1785153470362677000,1785153470362840000,1785153470362843000,1785153470362843000,1785153470362843000,121932490,121652369,-117.121,1.000,0.000,1.000,3.000,0.000,0.000,19.000,0,0,0
B3_zmq_pushpull,zmq_tcp,none,none,,1,33903,512,584,1785153470363646000,1785153470363646000,1785153470363646000,1785153470363647000,1785153470363697000,1785153470363700000,1785153470363700000,1785153470363700000,121932490,121652369,-230.121,0.000,0.000,1.000,3.000,0.000,0.000,113.000,0,0,0
B3_zmq_pushpull,zmq_tcp,none,none,,1,33904,512,584,1785153470364533000,1785153470364533000,1785153470364533000,1785153470364534000,1785153470364688000,1785153470364691000,1785153470364691000,1785153470364691000,121932490,121652369,-126.121,0.000,0.000,1.000,3.000,0.000,0.000,104.000,0,0,0
B3_zmq_pushpull,zmq_tcp,none,none,,1,33905,512,584,1785153470365529000,1785153470365529000,1785153470365529000,1785153470365530000,1785153470365676000,1785153470365678000,1785153470365678000,1785153470365678000,121932490,121652369,-134.121,0.000,0.000,1.000,2.000,0.000,0.000,8.000,0,0,0
B3_zmq_pushpull,zmq_tcp,none,none,,1,33906,512,584,1785153470366519000,1785153470366519000,1785153470366519000,1785153470366520000,1785153470366664000,1785153470366667000,1785153470366667000,1785153470366667000,121932490,121652369,-136.121,0.000,0.000,1.000,3.000,0.000,0.000,2.000,0,0,0
B3_zmq_pushpull,zmq_tcp,none,none,,1,33907,512,584,1785153470367518000,1785153470367518000,1785153470367518000,1785153470367520000,1785153470367671000,1785153470367674000,1785153470367674000,1785153470367674000,121932490,121652369,-129.121,0.000,0.000,2.000,3.000,0.000,0.000,7.000,0,0,0
B3_zmq_pushpull,zmq_tcp,none,none,,1,33908,512,584,1785153470368531000,1785153470368531000,1785153470368531000,1785153470368532000,1785153470368678000,1785153470368681000,1785153470368681000,1785153470368681000,121932490,121652369,-134.121,0.000,0.000,1.000,3.000,0.000,0.000,5.000,0,0,0
B3_zmq_pushpull,zmq_tcp,none,none,,1,33909,512,584,1785153470369682000,1785153470369682000,1785153470369682000,1785153470369683000,1785153470369816000,1785153470369819000,1785153470369819000,1785153470369819000,121932490,121652369,-147.121,0.000,0.000,1.000,3.000,0.000,0.000,13.000,0,0,0
B3_zmq_pushpull,zmq_tcp,none,none,,1,33910,512,584,1785153470370643000,1785153470370643000,1785153470370643000,1785153470370644000,1785153470370693000,1785153470370697000,1785153470370697000,1785153470370697000,121932490,121652369,-231.121,0.000,0.000,1.000,4.000,0.000,0.000,84.000,0,0,0
B3_zmq_pushpull,zmq_tcp,none,none,,1,33911,512,584,1785153470371548000,1785153470371548000,1785153470371548000,1785153470371549000,1785153470371706000,1785153470371709000,1785153470371709000,1785153470371709000,121932490,121652369,-123.121,0.000,0.000,1.000,3.000,0.000,0.000,108.000,0,0,0
B3_zmq_pushpull,zmq_tcp,none,none,,1,33912,512,584,1785153470372549000,1785153470372549000,1785153470372549000,1785153470372550000,1785153470372707000,1785153470372710000,1785153470372710000,1785153470372710000,121932490,121652369,-123.121,0.000,0.000,1.000,3.000,0.000,0.000,0.000,0,0,0
B3_zmq_pushpull,zmq_tcp,none,none,,1,33913,512,584,1785153470373677000,1785153470373677000,1785153470373677000,1785153470373678000,1785153470373856000,1785153470373859000,1785153470373859000,1785153470373859000,121932490,121652369,-102.121,0.000,0.000,1.000,3.000,0.000,0.000,21.000,0,0,0
B3_zmq_pushpull,zmq_tcp,none,none,,1,33914,512,584,1785153470374644000,1785153470374644000,1785153470374644000,1785153470374646000,1785153470374837000,1785153470374840000,1785153470374840000,1785153470374840000,121932490,121652369,-89.121,0.000,0.000,2.000,3.000,0.000,0.000,13.000,0,0,0
B3_zmq_pushpull,zmq_tcp,none,none,,1,33915,512,584,1785153470375657000,1785153470375657000,1785153470375657000,1785153470375658000,1785153470375835000,1785153470375838000,1785153470375838000,1785153470375838000,121932490,121652369,-103.121,0.000,0.000,1.000,3.000,0.000,0.000,14.000,0,0,0
B3_zmq_pushpull,zmq_tcp,none,none,,1,33916,512,584,1785153470376535000,1785153470376535000,1785153470376535000,1785153470376536000,1785153470376676000,1785153470376679000,1785153470376679000,1785153470376679000,121932490,121652369,-140.121,0.000,0.000,1.000,3.000,0.000,0.000,37.000,0,0,0
B3_zmq_pushpull,zmq_tcp,none,none,,1,33917,512,584,1785153470377507000,1785153470377507000,1785153470377507000,1785153470377508000,1785153470377666000,1785153470377668000,1785153470377668000,1785153470377668000,121932490,121652369,-122.121,0.000,0.000,1.000,2.000,0.000,0.000,18.000,0,0,0
B3_zmq_pushpull,zmq_tcp,none,none,,1,33918,512,584,1785153470378519000,1785153470378519000,1785153470378519000,1785153470378520000,1785153470378668000,1785153470378671000,1785153470378671000,1785153470378671000,121932490,121652369,-132.121,0.000,0.000,1.000,3.000,0.000,0.000,10.000,0,0,0
B3_zmq_pushpull,zmq_tcp,none,none,,1,33919,512,584,1785153470379684000,1785153470379684000,1785153470379684000,1785153470379685000,1785153470379831000,1785153470379834000,1785153470379834000,1785153470379834000,121932490,121652369,-134.121,0.000,0.000,1.000,3.000,0.000,0.000,2.000,0,0,0
B3_zmq_pushpull,zmq_tcp,none,none,,1,33920,512,584,1785153470380644000,1785153470380644000,1785153470380644000,1785153470380645000,1785153470380706000,1785153470380708000,1785153470380708000,1785153470380708000,121932490,121652369,-219.121,0.000,0.000,1.000,2.000,0.000,0.000,85.000,0,0,0
B3_zmq_pushpull,zmq_tcp,none,none,,1,33921,512,584,1785153470381566000,1785153470381566000,1785153470381566000,1785153470381568000,1785153470381723000,1785153470381727000,1785153470381727000,1785153470381727000,121932490,121652369,-125.121,0.000,0.000,2.000,4.000,0.000,0.000,94.000,0,0,0
B3_zmq_pushpull,zmq_tcp,none,none,,1,33922,512,584,1785153470382561000,1785153470382561000,1785153470382561000,1785153470382562000,1785153470382719000,1785153470382722000,1785153470382722000,1785153470382722000,121932490,121652369,-123.121,0.000,0.000,1.000,3.000,0.000,0.000,2.000,0,0,0
B3_zmq_pushpull,zmq_tcp,none,none,,1,33923,512,584,1785153470383559000,1785153470383559000,1785153470383559000,1785153470383560000,1785153470383710000,1785153470383713000,1785153470383713000,1785153470383713000,121932490,121652369,-130.121,0.000,0.000,1.000,3.000,0.000,0.000,7.000,0,0,0
B3_zmq_pushpull,zmq_tcp,none,none,,1,33924,512,584,1785153470384678000,1785153470384678000,1785153470384678000,1785153470384679000,1785153470384848000,1785153470384851000,1785153470384851000,1785153470384851000,121932490,121652369,-111.121,0.000,0.000,1.000,3.000,0.000,0.000,19.000,0,0,0
B3_zmq_pushpull,zmq_tcp,none,none,,1,33925,512,584,1785153470385532000,1785153470385532000,1785153470385532000,1785153470385533000,1785153470385690000,1785153470385693000,1785153470385693000,1785153470385693000,121932490,121652369,-123.121,0.000,0.000,1.000,3.000,0.000,0.000,12.000,0,0,0
B3_zmq_pushpull,zmq_tcp,none,none,,1,33926,512,584,1785153470386528000,1785153470386528000,1785153470386528000,1785153470386529000,1785153470386680000,1785153470386684000,1785153470386684000,1785153470386684000,121932490,121652369,-129.121,0.000,0.000,1.000,4.000,0.000,0.000,6.000,0,0,0
B3_zmq_pushpull,zmq_tcp,none,none,,1,33927,512,584,1785153470387681000,1785153470387682000,1785153470387682000,1785153470387683000,1785153470387828000,1785153470387831000,1785153470387831000,1785153470387831000,121932490,121652369,-135.121,1.000,0.000,1.000,3.000,0.000,0.000,6.000,0,0,0
B3_zmq_pushpull,zmq_tcp,none,none,,1,33928,512,584,1785153470388539000,1785153470388540000,1785153470388540000,1785153470388541000,1785153470388697000,1785153470388700000,1785153470388700000,1785153470388700000,121932490,121652369,-124.121,1.000,0.000,1.000,3.000,0.000,0.000,11.000,0,0,0
B3_zmq_pushpull,zmq_tcp,none,none,,1,33929,512,584,1785153470389680000,1785153470389680000,1785153470389680000,1785153470389681000,1785153470389839000,1785153470389842000,1785153470389842000,1785153470389842000,121932490,121652369,-122.121,0.000,0.000,1.000,3.000,0.000,0.000,2.000,0,0,0
B3_zmq_pushpull,zmq_tcp,none,none,,1,33930,512,584,1785153470390645000,1785153470390645000,1785153470390645000,1785153470390646000,1785153470390704000,1785153470390707000,1785153470390707000,1785153470390707000,121932490,121652369,-222.121,0.000,0.000,1.000,3.000,0.000,0.000,100.000,0,0,0
B3_zmq_pushpull,zmq_tcp,none,none,,1,33931,512,584,1785153470391543000,1785153470391543000,1785153470391543000,1785153470391544000,1785153470391695000,1785153470391698000,1785153470391698000,1785153470391698000,121932490,121652369,-129.121,0.000,0.000,1.000,3.000,0.000,0.000,93.000,0,0,0
B3_zmq_pushpull,zmq_tcp,none,none,,1,33932,512,584,1785153470392553000,1785153470392553000,1785153470392553000,1785153470392554000,1785153470392712000,1785153470392715000,1785153470392715000,1785153470392715000,121932490,121652369,-122.121,0.000,0.000,1.000,3.000,0.000,0.000,7.000,0,0,0
B3_zmq_pushpull,zmq_tcp,none,none,,1,33933,512,584,1785153470393551000,1785153470393551000,1785153470393551000,1785153470393552000,1785153470393703000,1785153470393706000,1785153470393706000,1785153470393706000,121932490,121652369,-129.121,0.000,0.000,1.000,3.000,0.000,0.000,7.000,0,0,0
B3_zmq_pushpull,zmq_tcp,none,none,,1,33934,512,584,1785153470394550000,1785153470394551000,1785153470394551000,1785153470394552000,1785153470394712000,1785153470394715000,1785153470394715000,1785153470394715000,121932490,121652369,-120.121,1.000,0.000,1.000,3.000,0.000,0.000,9.000,0,0,0
B3_zmq_pushpull,zmq_tcp,none,none,,1,33935,512,584,1785153470395681000,1785153470395681000,1785153470395681000,1785153470395683000,1785153470395734000,1785153470395739000,1785153470395739000,1785153470395739000,121932490,121652369,-229.121,0.000,0.000,2.000,5.000,0.000,0.000,109.000,0,0,0
B3_zmq_pushpull,zmq_tcp,none,none,,1,33936,512,584,1785153470396644000,1785153470396644000,1785153470396644000,1785153470396645000,1785153470396753000,1785153470396761000,1785153470396761000,1785153470396761000,121932490,121652369,-172.121,0.000,0.000,1.000,8.000,0.000,0.000,57.000,0,0,0
B3_zmq_pushpull,zmq_tcp,none,none,,1,33937,512,584,1785153470397577000,1785153470397578000,1785153470397578000,1785153470397579000,1785153470397728000,1785153470397731000,1785153470397731000,1785153470397731000,121932490,121652369,-131.121,1.000,0.000,1.000,3.000,0.000,0.000,41.000,0,0,0
B3_zmq_pushpull,zmq_tcp,none,none,,1,33938,512,584,1785153470398572000,1785153470398572000,1785153470398573000,1785153470398574000,1785153470398724000,1785153470398727000,1785153470398727000,1785153470398727000,121932490,121652369,-130.121,0.000,1.000,1.000,3.000,0.000,0.000,1.000,0,0,0
B3_zmq_pushpull,zmq_tcp,none,none,,1,33939,512,584,1785153470399573000,1785153470399573000,1785153470399574000,1785153470399575000,1785153470399731000,1785153470399734000,1785153470399734000,1785153470399734000,121932490,121652369,-124.121,0.000,1.000,1.000,3.000,0.000,0.000,6.000,0,0,0
B3_zmq_pushpull,zmq_tcp,none,none,,1,33940,512,584,1785153470400672000,1785153470400672000,1785153470400672000,1785153470400673000,1785153470400860000,1785153470400863000,1785153470400863000,1785153470400863000,121932490,121652369,-93.121,0.000,0.000,1.000,3.000,0.000,0.000,31.000,0,0,0
B3_zmq_pushpull,zmq_tcp,none,none,,1,33941,512,584,1785153470401646000,1785153470401646000,1785153470401646000,1785153470401647000,1785153470401831000,1785153470401835000,1785153470401835000,1785153470401835000,121932490,121652369,-96.121,0.000,0.000,1.000,4.000,0.000,0.000,3.000,0,0,0
B3_zmq_pushpull,zmq_tcp,none,none,,1,33942,512,584,1785153470402537000,1785153470402537000,1785153470402537000,1785153470402539000,1785153470402701000,1785153470402708000,1785153470402708000,1785153470402708000,121932490,121652369,-118.121,0.000,0.000,2.000,7.000,0.000,0.000,22.000,0,0,0
B3_zmq_pushpull,zmq_tcp,none,none,,1,33943,512,584,1785153470403680000,1785153470403681000,1785153470403681000,1785153470403682000,1785153470403819000,1785153470403821000,1785153470403821000,1785153470403822000,121932490,121652369,-143.121,1.000,0.000,1.000,2.000,0.000,1.000,25.000,0,0,0
B3_zmq_pushpull,zmq_tcp,none,none,,1,33944,512,584,1785153470404643000,1785153470404644000,1785153470404644000,1785153470404645000,1785153470404815000,1785153470404818000,1785153470404818000,1785153470404818000,121932490,121652369,-110.121,1.000,0.000,1.000,3.000,0.000,0.000,33.000,0,0,0
B3_zmq_pushpull,zmq_tcp,none,none,,1,33945,512,584,1785153470405655000,1785153470405655000,1785153470405655000,1785153470405656000,1785153470405833000,1785153470405840000,1785153470405840000,1785153470405840000,121932490,121652369,-103.121,0.000,0.000,1.000,7.000,0.000,0.000,7.000,0,0,0
B3_zmq_pushpull,zmq_tcp,none,none,,1,33946,512,584,1785153470406652000,1785153470406652000,1785153470406652000,1785153470406653000,1785153470406844000,1785153470406847000,1785153470406847000,1785153470406847000,121932490,121652369,-89.121,0.000,0.000,1.000,3.000,0.000,0.000,14.000,0,0,0
B3_zmq_pushpull,zmq_tcp,none,none,,1,33947,512,584,1785153470407653000,1785153470407653000,1785153470407653000,1785153470407654000,1785153470407823000,1785153470407826000,1785153470407826000,1785153470407826000,121932490,121652369,-111.121,0.000,0.000,1.000,3.000,0.000,0.000,22.000,0,0,0
B3_zmq_pushpull,zmq_tcp,none,none,,1,33948,512,584,1785153470408532000,1785153470408532000,1785153470408532000,1785153470408533000,1785153470408691000,1785153470408694000,1785153470408694000,1785153470408694000,121932490,121652369,-122.121,0.000,0.000,1.000,3.000,0.000,0.000,11.000,0,0,0
B3_zmq_pushpull,zmq_tcp,none,none,,1,33949,512,584,1785153470409577000,1785153470409577000,1785153470409577000,1785153470409578000,1785153470409698000,1785153470409702000,1785153470409702000,1785153470409702000,121932490,121652369,-160.121,0.000,0.000,1.000,4.000,0.000,0.000,38.000,0,0,0
B3_zmq_pushpull,zmq_tcp,none,none,,1,33950,512,584,1785153470410534000,1785153470410534000,1785153470410534000,1785153470410535000,1785153470410694000,1785153470410697000,1785153470410697000,1785153470410697000,121932490,121652369,-121.121,0.000,0.000,1.000,3.000,0.000,0.000,39.000,0,0,0
B3_zmq_pushpull,zmq_tcp,none,none,,1,33951,512,584,1785153470411682000,1785153470411682000,1785153470411682000,1785153470411683000,1785153470411821000,1785153470411824000,1785153470411824000,1785153470411824000,121932490,121652369,-142.121,0.000,0.000,1.000,3.000,0.000,0.000,21.000,0,0,0
B3_zmq_pushpull,zmq_tcp,none,none,,1,33952,512,584,1785153470412644000,1785153470412644000,1785153470412644000,1785153470412645000,1785153470412696000,1785153470412700000,1785153470412700000,1785153470412700000,121932490,121652369,-229.121,0.000,0.000,1.000,4.000,0.000,0.000,87.000,0,0,0
B3_zmq_pushpull,zmq_tcp,none,none,,1,33953,512,584,1785153470413539000,1785153470413540000,1785153470413540000,1785153470413541000,1785153470413700000,1785153470413703000,1785153470413703000,1785153470413703000,121932490,121652369,-121.121,1.000,0.000,1.000,3.000,0.000,0.000,108.000,0,0,0
B3_zmq_pushpull,zmq_tcp,none,none,,1,33954,512,584,1785153470414680000,1785153470414680000,1785153470414680000,1785153470414681000,1785153470414843000,1785153470414846000,1785153470414846000,1785153470414846000,121932490,121652369,-118.121,0.000,0.000,1.000,3.000,0.000,0.000,3.000,0,0,0
B3_zmq_pushpull,zmq_tcp,none,none,,1,33955,512,584,1785153470415646000,1785153470415646000,1785153470415646000,1785153470415647000,1785153470415835000,1785153470415838000,1785153470415838000,1785153470415838000,121932490,121652369,-92.121,0.000,0.000,1.000,3.000,0.000,0.000,26.000,0,0,0
B3_zmq_pushpull,zmq_tcp,none,none,,1,33956,512,584,1785153470416545000,1785153470416545000,1785153470416545000,1785153470416547000,1785153470416690000,1785153470416695000,1785153470416695000,1785153470416695000,121932490,121652369,-137.121,0.000,0.000,2.000,5.000,0.000,0.000,45.000,0,0,0
B3_zmq_pushpull,zmq_tcp,none,none,,1,33957,512,584,1785153470417681000,1785153470417681000,1785153470417681000,1785153470417682000,1785153470417823000,1785153470417826000,1785153470417826000,1785153470417826000,121932490,121652369,-139.121,0.000,0.000,1.000,3.000,0.000,0.000,2.000,0,0,0
B3_zmq_pushpull,zmq_tcp,none,none,,1,33958,512,584,1785153470418645000,1785153470418645000,1785153470418645000,1785153470418646000,1785153470418831000,1785153470418834000,1785153470418834000,1785153470418834000,121932490,121652369,-95.121,0.000,0.000,1.000,3.000,0.000,0.000,44.000,0,0,0
B3_zmq_pushpull,zmq_tcp,none,none,,1,33959,512,584,1785153470419655000,1785153470419655000,1785153470419655000,1785153470419656000,1785153470419845000,1785153470419847000,1785153470419847000,1785153470419847000,121932490,121652369,-91.121,0.000,0.000,1.000,2.000,0.000,0.000,4.000,0,0,0
B3_zmq_pushpull,zmq_tcp,none,none,,1,33960,512,584,1785153470420548000,1785153470420548000,1785153470420548000,1785153470420549000,1785153470420698000,1785153470420701000,1785153470420701000,1785153470420701000,121932490,121652369,-131.121,0.000,0.000,1.000,3.000,0.000,0.000,40.000,0,0,0
B3_zmq_pushpull,zmq_tcp,none,none,,1,33961,512,584,1785153470421547000,1785153470421547000,1785153470421547000,1785153470421548000,1785153470421705000,1785153470421707000,1785153470421707000,1785153470421707000,121932490,121652369,-123.121,0.000,0.000,1.000,2.000,0.000,0.000,8.000,0,0,0
B3_zmq_pushpull,zmq_tcp,none,none,,1,33962,512,584,1785153470422562000,1785153470422562000,1785153470422562000,1785153470422563000,1785153470422726000,1785153470422730000,1785153470422730000,1785153470422730000,121932490,121652369,-117.121,0.000,0.000,1.000,4.000,0.000,0.000,6.000,0,0,0
B3_zmq_pushpull,zmq_tcp,none,none,,1,33963,512,584,1785153470423675000,1785153470423675000,1785153470423675000,1785153470423676000,1785153470423739000,1785153470423742000,1785153470423742000,1785153470423742000,121932490,121652369,-217.121,0.000,0.000,1.000,3.000,0.000,0.000,100.000,0,0,0
B3_zmq_pushpull,zmq_tcp,none,none,,1,33964,512,584,1785153470424645000,1785153470424645000,1785153470424645000,1785153470424646000,1785153470424734000,1785153470424737000,1785153470424737000,1785153470424737000,121932490,121652369,-192.121,0.000,0.000,1.000,3.000,0.000,0.000,25.000,0,0,0
B3_zmq_pushpull,zmq_tcp,none,none,,1,33965,512,584,1785153470425654000,1785153470425654000,1785153470425654000,1785153470425655000,1785153470425726000,1785153470425729000,1785153470425729000,1785153470425729000,121932490,121652369,-209.121,0.000,0.000,1.000,3.000,0.000,0.000,17.000,0,0,0
B3_zmq_pushpull,zmq_tcp,none,none,,1,33966,512,584,1785153470426656000,1785153470426656000,1785153470426656000,1785153470426657000,1785153470426729000,1785153470426731000,1785153470426731000,1785153470426731000,121932490,121652369,-208.121,0.000,0.000,1.000,2.000,0.000,0.000,1.000,0,0,0
B3_zmq_pushpull,zmq_tcp,none,none,,1,33967,512,584,1785153470427652000,1785153470427652000,1785153470427652000,1785153470427653000,1785153470427745000,1785153470427747000,1785153470427747000,1785153470427747000,121932490,121652369,-188.121,0.000,0.000,1.000,2.000,0.000,0.000,20.000,0,0,0
B3_zmq_pushpull,zmq_tcp,none,none,,1,33968,512,584,1785153470428653000,1785153470428653000,1785153470428653000,1785153470428654000,1785153470428739000,1785153470428746000,1785153470428746000,1785153470428747000,121932490,121652369,-195.121,0.000,0.000,1.000,7.000,0.000,1.000,7.000,0,0,0
B3_zmq_pushpull,zmq_tcp,none,none,,1,33969,512,584,1785153470429653000,1785153470429653000,1785153470429653000,1785153470429654000,1785153470429767000,1785153470429771000,1785153470429771000,1785153470429771000,121932490,121652369,-167.121,0.000,0.000,1.000,4.000,0.000,0.000,28.000,0,0,0
B3_zmq_pushpull,zmq_tcp,none,none,,1,33970,512,584,1785153470430654000,1785153470430654000,1785153470430654000,1785153470430655000,1785153470430767000,1785153470430770000,1785153470430770000,1785153470430770000,121932490,121652369,-168.121,0.000,0.000,1.000,3.000,0.000,0.000,1.000,0,0,0
B3_zmq_pushpull,zmq_tcp,none,none,,1,33971,512,584,1785153470431652000,1785153470431652000,1785153470431652000,1785153470431653000,1785153470431790000,1785153470431793000,1785153470431793000,1785153470431793000,121932490,121652369,-143.121,0.000,0.000,1.000,3.000,0.000,0.000,25.000,0,0,0
B3_zmq_pushpull,zmq_tcp,none,none,,1,33972,512,584,1785153470432652000,1785153470432652000,1785153470432652000,1785153470432653000,1785153470432786000,1785153470432789000,1785153470432789000,1785153470432789000,121932490,121652369,-147.121,0.000,0.000,1.000,3.000,0.000,0.000,4.000,0,0,0
B3_zmq_pushpull,zmq_tcp,none,none,,1,33973,512,584,1785153470433652000,1785153470433652000,1785153470433652000,1785153470433653000,1785153470433793000,1785153470433795000,1785153470433795000,1785153470433795000,121932490,121652369,-140.121,0.000,0.000,1.000,2.000,0.000,0.000,7.000,0,0,0
B3_zmq_pushpull,zmq_tcp,none,none,,1,33974,512,584,1785153470434652000,1785153470434652000,1785153470434652000,1785153470434653000,1785153470434791000,1785153470434794000,1785153470434794000,1785153470434794000,121932490,121652369,-142.121,0.000,0.000,1.000,3.000,0.000,0.000,2.000,0,0,0
B3_zmq_pushpull,zmq_tcp,none,none,,1,33975,512,584,1785153470435650000,1785153470435650000,1785153470435650000,1785153470435651000,1785153470435780000,1785153470435783000,1785153470435783000,1785153470435783000,121932490,121652369,-151.121,0.000,0.000,1.000,3.000,0.000,0.000,9.000,0,0,0
B3_zmq_pushpull,zmq_tcp,none,none,,1,33976,512,584,1785153470436653000,1785153470436653000,1785153470436653000,1785153470436654000,1785153470436785000,1785153470436787000,1785153470436787000,1785153470436787000,121932490,121652369,-149.121,0.000,0.000,1.000,2.000,0.000,0.000,2.000,0,0,0
B3_zmq_pushpull,zmq_tcp,none,none,,1,33977,512,584,1785153470437653000,1785153470437654000,1785153470437654000,1785153470437655000,1785153470437793000,1785153470437796000,1785153470437796000,1785153470437796000,121932490,121652369,-142.121,1.000,0.000,1.000,3.000,0.000,0.000,7.000,0,0,0
B3_zmq_pushpull,zmq_tcp,none,none,,1,33978,512,584,1785153470438651000,1785153470438651000,1785153470438651000,1785153470438652000,1785153470438803000,1785153470438807000,1785153470438807000,1785153470438807000,121932490,121652369,-129.121,0.000,0.000,1.000,4.000,0.000,0.000,13.000,0,0,0
B3_zmq_pushpull,zmq_tcp,none,none,,1,33979,512,584,1785153470439653000,1785153470439653000,1785153470439653000,1785153470439654000,1785153470439793000,1785153470439795000,1785153470439795000,1785153470439795000,121932490,121652369,-141.121,0.000,0.000,1.000,2.000,0.000,0.000,12.000,0,0,0
B3_zmq_pushpull,zmq_tcp,none,none,,1,33980,512,584,1785153470440652000,1785153470440652000,1785153470440652000,1785153470440653000,1785153470440807000,1785153470440810000,1785153470440810000,1785153470440810000,121932490,121652369,-126.121,0.000,0.000,1.000,3.000,0.000,0.000,15.000,0,0,0
B3_zmq_pushpull,zmq_tcp,none,none,,1,33981,512,584,1785153470441652000,1785153470441653000,1785153470441653000,1785153470441654000,1785153470441819000,1785153470441822000,1785153470441822000,1785153470441822000,121932490,121652369,-115.121,1.000,0.000,1.000,3.000,0.000,0.000,11.000,0,0,0
B3_zmq_pushpull,zmq_tcp,none,none,,1,33982,512,584,1785153470442651000,1785153470442651000,1785153470442651000,1785153470442652000,1785153470442819000,1785153470442821000,1785153470442821000,1785153470442821000,121932490,121652369,-113.121,0.000,0.000,1.000,2.000,0.000,0.000,2.000,0,0,0
B3_zmq_pushpull,zmq_tcp,none,none,,1,33983,512,584,1785153470443654000,1785153470443654000,1785153470443654000,1785153470443655000,1785153470443826000,1785153470443830000,1785153470443830000,1785153470443830000,121932490,121652369,-109.121,0.000,0.000,1.000,4.000,0.000,0.000,4.000,0,0,0
B3_zmq_pushpull,zmq_tcp,none,none,,1,33984,512,584,1785153470444539000,1785153470444539000,1785153470444539000,1785153470444540000,1785153470444690000,1785153470444693000,1785153470444693000,1785153470444693000,121932490,121652369,-130.121,0.000,0.000,1.000,3.000,0.000,0.000,21.000,0,0,0
B3_zmq_pushpull,zmq_tcp,none,none,,1,33985,512,584,1785153470445681000,1785153470445681000,1785153470445681000,1785153470445682000,1785153470445834000,1785153470445837000,1785153470445837000,1785153470445837000,121932490,121652369,-128.121,0.000,0.000,1.000,3.000,0.000,0.000,2.000,0,0,0
B3_zmq_pushpull,zmq_tcp,none,none,,1,33986,512,584,1785153470446645000,1785153470446645000,1785153470446645000,1785153470446646000,1785153470446830000,1785153470446833000,1785153470446833000,1785153470446833000,121932490,121652369,-96.121,0.000,0.000,1.000,3.000,0.000,0.000,32.000,0,0,0
B3_zmq_pushpull,zmq_tcp,none,none,,1,33987,512,584,1785153470447551000,1785153470447551000,1785153470447551000,1785153470447552000,1785153470447699000,1785153470447702000,1785153470447702000,1785153470447702000,121932490,121652369,-133.121,0.000,0.000,1.000,3.000,0.000,0.000,37.000,0,0,0
B3_zmq_pushpull,zmq_tcp,none,none,,1,33988,512,584,1785153470448677000,1785153470448677000,1785153470448677000,1785153470448678000,1785153470448839000,1785153470448843000,1785153470448843000,1785153470448843000,121932490,121652369,-119.121,0.000,0.000,1.000,4.000,0.000,0.000,14.000,0,0,0
B3_zmq_pushpull,zmq_tcp,none,none,,1,33989,512,584,1785153470449538000,1785153470449538000,1785153470449538000,1785153470449539000,1785153470449689000,1785153470449692000,1785153470449692000,1785153470449692000,121932490,121652369,-130.121,0.000,0.000,1.000,3.000,0.000,0.000,11.000,0,0,0
B3_zmq_pushpull,zmq_tcp,none,none,,1,33990,512,584,1785153470450685000,1785153470450686000,1785153470450686000,1785153470450687000,1785153470450829000,1785153470450838000,1785153470450838000,1785153470450838000,121932490,121652369,-138.121,1.000,0.000,1.000,9.000,0.000,0.000,8.000,0,0,0
B3_zmq_pushpull,zmq_tcp,none,none,,1,33991,512,584,1785153470451643000,1785153470451644000,1785153470451644000,1785153470451645000,1785153470451689000,1785153470451692000,1785153470451692000,1785153470451692000,121932490,121652369,-236.121,1.000,0.000,1.000,3.000,0.000,0.000,98.000,0,0,0
B3_zmq_pushpull,zmq_tcp,none,none,,1,33992,512,584,1785153470452654000,1785153470452654000,1785153470452654000,1785153470452656000,1785153470452847000,1785153470452851000,1785153470452851000,1785153470452851000,121932490,121652369,-89.121,0.000,0.000,2.000,4.000,0.000,0.000,147.000,0,0,0
B3_zmq_pushpull,zmq_tcp,none,none,,1,33993,512,584,1785153470453561000,1785153470453561000,1785153470453561000,1785153470453563000,1785153470453720000,1785153470453723000,1785153470453723000,1785153470453723000,121932490,121652369,-123.121,0.000,0.000,2.000,3.000,0.000,0.000,34.000,0,0,0
B3_zmq_pushpull,zmq_tcp,none,none,,1,33994,512,584,1785153470454674000,1785153470454674000,1785153470454674000,1785153470454676000,1785153470454719000,1785153470454723000,1785153470454723000,1785153470454723000,121932490,121652369,-237.121,0.000,0.000,2.000,4.000,0.000,0.000,114.000,0,0,0
B3_zmq_pushpull,zmq_tcp,none,none,,1,33995,512,584,1785153470455648000,1785153470455648000,1785153470455648000,1785153470455649000,1785153470455717000,1785153470455721000,1785153470455721000,1785153470455721000,121932490,121652369,-212.121,0.000,0.000,1.000,4.000,0.000,0.000,25.000,0,0,0
B3_zmq_pushpull,zmq_tcp,none,none,,1,33996,512,584,1785153470456653000,1785153470456654000,1785153470456654000,1785153470456655000,1785153470456734000,1785153470456737000,1785153470456737000,1785153470456737000,121932490,121652369,-201.121,1.000,0.000,1.000,3.000,0.000,0.000,11.000,0,0,0
B3_zmq_pushpull,zmq_tcp,none,none,,1,33997,512,584,1785153470457650000,1785153470457650000,1785153470457650000,1785153470457651000,1785153470457744000,1785153470457748000,1785153470457748000,1785153470457748000,121932490,121652369,-187.121,0.000,0.000,1.000,4.000,0.000,0.000,14.000,0,0,0
B3_zmq_pushpull,zmq_tcp,none,none,,1,33998,512,584,1785153470458652000,1785153470458652000,1785153470458652000,1785153470458653000,1785153470458731000,1785153470458734000,1785153470458734000,1785153470458734000,121932490,121652369,-202.121,0.000,0.000,1.000,3.000,0.000,0.000,15.000,0,0,0
B3_zmq_pushpull,zmq_tcp,none,none,,1,33999,512,584,1785153470459570000,1785153470459570000,1785153470459570000,1785153470459571000,1785153470459732000,1785153470459738000,1785153470459738000,1785153470459738000,121932490,121652369,-119.121,0.000,0.000,1.000,6.000,0.000,0.000,83.000,0,0,0
B3_zmq_pushpull,zmq_tcp,none,none,,1,34000,512,584,1785153470460672000,1785153470460672000,1785153470460672000,1785153470460673000,1785153470460739000,1785153470460743000,1785153470460743000,1785153470460743000,121932490,121652369,-214.121,0.000,0.000,1.000,4.000,0.000,0.000,95.000,0,0,0
B3_zmq_pushpull,zmq_tcp,none,none,,1,34001,512,584,1785153470461578000,1785153470461578000,1785153470461578000,1785153470461579000,1785153470461735000,1785153470461738000,1785153470461738000,1785153470461738000,121932490,121652369,-124.121,0.000,0.000,1.000,3.000,0.000,0.000,90.000,0,0,0
B3_zmq_pushpull,zmq_tcp,none,none,,1,34002,512,584,1785153470462671000,1785153470462671000,1785153470462671000,1785153470462672000,1785153470462739000,1785153470462742000,1785153470462742000,1785153470462742000,121932490,121652369,-213.121,0.000,0.000,1.000,3.000,0.000,0.000,89.000,0,0,0
B3_zmq_pushpull,zmq_tcp,none,none,,1,34003,512,584,1785153470463651000,1785153470463651000,1785153470463651000,1785153470463652000,1785153470463738000,1785153470463741000,1785153470463741000,1785153470463741000,121932490,121652369,-194.121,0.000,0.000,1.000,3.000,0.000,0.000,19.000,0,0,0
B3_zmq_pushpull,zmq_tcp,none,none,,1,34004,512,584,1785153470464653000,1785153470464653000,1785153470464653000,1785153470464654000,1785153470464749000,1785153470464752000,1785153470464752000,1785153470464752000,121932490,121652369,-185.121,0.000,0.000,1.000,3.000,0.000,0.000,9.000,0,0,0
B3_zmq_pushpull,zmq_tcp,none,none,,1,34005,512,584,1785153470465653000,1785153470465653000,1785153470465653000,1785153470465654000,1785153470465767000,1785153470465770000,1785153470465770000,1785153470465770000,121932490,121652369,-167.121,0.000,0.000,1.000,3.000,0.000,0.000,18.000,0,0,0
B3_zmq_pushpull,zmq_tcp,none,none,,1,34006,512,584,1785153470466460000,1785153470466460000,1785153470466460000,1785153470466461000,1785153470466618000,1785153470466621000,1785153470466621000,1785153470466621000,121932490,121652369,-123.121,0.000,0.000,1.000,3.000,0.000,0.000,44.000,0,0,0
B3_zmq_pushpull,zmq_tcp,none,none,,1,34007,512,584,1785153470467464000,1785153470467464000,1785153470467464000,1785153470467465000,1785153470467609000,1785153470467611000,1785153470467612000,1785153470467612000,121932490,121652369,-136.121,0.000,0.000,1.000,2.000,1.000,0.000,13.000,0,0,0
B3_zmq_pushpull,zmq_tcp,none,none,,1,34008,512,584,1785153470468464000,1785153470468464000,1785153470468464000,1785153470468465000,1785153470468619000,1785153470468622000,1785153470468622000,1785153470468622000,121932490,121652369,-126.121,0.000,0.000,1.000,3.000,0.000,0.000,10.000,0,0,0
B3_zmq_pushpull,zmq_tcp,none,none,,1,34009,512,584,1785153470469477000,1785153470469477000,1785153470469477000,1785153470469478000,1785153470469625000,1785153470469628000,1785153470469628000,1785153470469628000,121932490,121652369,-133.121,0.000,0.000,1.000,3.000,0.000,0.000,7.000,0,0,0
B3_zmq_pushpull,zmq_tcp,none,none,,1,34010,512,584,1785153470470698000,1785153470470698000,1785153470470698000,1785153470470699000,1785153470470886000,1785153470470889000,1785153470470889000,1785153470470889000,121932490,121652369,-93.121,0.000,0.000,1.000,3.000,0.000,0.000,40.000,0,0,0
B3_zmq_pushpull,zmq_tcp,none,none,,1,34011,512,584,1785153470471582000,1785153470471582000,1785153470471582000,1785153470471583000,1785153470471739000,1785153470471742000,1785153470471742000,1785153470471742000,121932490,121652369,-124.121,0.000,0.000,1.000,3.000,0.000,0.000,31.000,0,0,0
B3_zmq_pushpull,zmq_tcp,none,none,,1,34012,512,584,1785153470472669000,1785153470472669000,1785153470472669000,1785153470472670000,1785153470472738000,1785153470472741000,1785153470472741000,1785153470472741000,121932490,121652369,-212.121,0.000,0.000,1.000,3.000,0.000,0.000,88.000,0,0,0
B3_zmq_pushpull,zmq_tcp,none,none,,1,34013,512,584,1785153470473648000,1785153470473648000,1785153470473648000,1785153470473649000,1785153470473726000,1785153470473729000,1785153470473729000,1785153470473729000,121932490,121652369,-203.121,0.000,0.000,1.000,3.000,0.000,0.000,9.000,0,0,0
B3_zmq_pushpull,zmq_tcp,none,none,,1,34014,512,584,1785153470474655000,1785153470474655000,1785153470474655000,1785153470474656000,1785153470474729000,1785153470474732000,1785153470474732000,1785153470474732000,121932490,121652369,-207.121,0.000,0.000,1.000,3.000,0.000,0.000,4.000,0,0,0
B3_zmq_pushpull,zmq_tcp,none,none,,1,34015,512,584,1785153470475648000,1785153470475648000,1785153470475648000,1785153470475649000,1785153470475724000,1785153470475727000,1785153470475727000,1785153470475727000,121932490,121652369,-205.121,0.000,0.000,1.000,3.000,0.000,0.000,2.000,0,0,0
B3_zmq_pushpull,zmq_tcp,none,none,,1,34016,512,584,1785153470476655000,1785153470476655000,1785153470476655000,1785153470476656000,1785153470476730000,1785153470476733000,1785153470476733000,1785153470476733000,121932490,121652369,-206.121,0.000,0.000,1.000,3.000,0.000,0.000,1.000,0,0,0
B3_zmq_pushpull,zmq_tcp,none,none,,1,34017,512,584,1785153470477652000,1785153470477652000,1785153470477652000,1785153470477653000,1785153470477735000,1785153470477738000,1785153470477738000,1785153470477738000,121932490,121652369,-198.121,0.000,0.000,1.000,3.000,0.000,0.000,8.000,0,0,0
B3_zmq_pushpull,zmq_tcp,none,none,,1,34018,512,584,1785153470478657000,1785153470478657000,1785153470478657000,1785153470478658000,1785153470478726000,1785153470478729000,1785153470478729000,1785153470478729000,121932490,121652369,-212.121,0.000,0.000,1.000,3.000,0.000,0.000,14.000,0,0,0
B3_zmq_pushpull,zmq_tcp,none,none,,1,34019,512,584,1785153470479650000,1785153470479650000,1785153470479650000,1785153470479651000,1785153470479729000,1785153470479732000,1785153470479732000,1785153470479732000,121932490,121652369,-202.121,0.000,0.000,1.000,3.000,0.000,0.000,10.000,0,0,0
B3_zmq_pushpull,zmq_tcp,none,none,,1,34020,512,584,1785153470480653000,1785153470480653000,1785153470480654000,1785153470480654000,1785153470480734000,1785153470480737000,1785153470480737000,1785153470480737000,121932490,121652369,-200.121,0.000,1.000,0.000,3.000,0.000,0.000,2.000,0,0,0
B3_zmq_pushpull,zmq_tcp,none,none,,1,34021,512,584,1785153470481652000,1785153470481652000,1785153470481652000,1785153470481653000,1785153470481721000,1785153470481724000,1785153470481724000,1785153470481724000,121932490,121652369,-212.121,0.000,0.000,1.000,3.000,0.000,0.000,12.000,0,0,0
B3_zmq_pushpull,zmq_tcp,none,none,,1,34022,512,584,1785153470482652000,1785153470482652000,1785153470482652000,1785153470482653000,1785153470482728000,1785153470482731000,1785153470482731000,1785153470482731000,121932490,121652369,-205.121,0.000,0.000,1.000,3.000,0.000,0.000,7.000,0,0,0
B3_zmq_pushpull,zmq_tcp,none,none,,1,34023,512,584,1785153470483649000,1785153470483649000,1785153470483650000,1785153470483650000,1785153470483740000,1785153470483743000,1785153470483743000,1785153470483743000,121932490,121652369,-190.121,0.000,1.000,0.000,3.000,0.000,0.000,15.000,0,0,0
B3_zmq_pushpull,zmq_tcp,none,none,,1,34024,512,584,1785153470484654000,1785153470484654000,1785153470484655000,1785153470484655000,1785153470484721000,1785153470484724000,1785153470484724000,1785153470484724000,121932490,121652369,-214.121,0.000,1.000,0.000,3.000,0.000,0.000,24.000,0,0,0
B3_zmq_pushpull,zmq_tcp,none,none,,1,34025,512,584,1785153470485652000,1785153470485652000,1785153470485652000,1785153470485653000,1785153470485718000,1785153470485721000,1785153470485721000,1785153470485721000,121932490,121652369,-215.121,0.000,0.000,1.000,3.000,0.000,0.000,1.000,0,0,0
B3_zmq_pushpull,zmq_tcp,none,none,,1,34026,512,584,1785153470486652000,1785153470486652000,1785153470486653000,1785153470486653000,1785153470486700000,1785153470486705000,1785153470486705000,1785153470486705000,121932490,121652369,-233.121,0.000,1.000,0.000,5.000,0.000,0.000,18.000,0,0,0
B3_zmq_pushpull,zmq_tcp,none,none,,1,34027,512,584,1785153470487649000,1785153470487650000,1785153470487650000,1785153470487650000,1785153470487821000,1785153470487824000,1785153470487824000,1785153470487824000,121932490,121652369,-109.121,1.000,0.000,0.000,3.000,0.000,0.000,124.000,0,0,0
B3_zmq_pushpull,zmq_tcp,none,none,,1,34028,512,584,1785153470488654000,1785153470488654000,1785153470488654000,1785153470488655000,1785153470488695000,1785153470488698000,1785153470488698000,1785153470488698000,121932490,121652369,-240.121,0.000,0.000,1.000,3.000,0.000,0.000,131.000,0,0,0
B3_zmq_pushpull,zmq_tcp,none,none,,1,34029,512,584,1785153470489543000,1785153470489543000,1785153470489544000,1785153470489544000,1785153470489694000,1785153470489697000,1785153470489697000,1785153470489697000,121932490,121652369,-130.121,0.000,1.000,0.000,3.000,0.000,0.000,110.000,0,0,0
B3_zmq_pushpull,zmq_tcp,none,none,,1,34030,512,584,1785153470490531000,1785153470490531000,1785153470490531000,1785153470490532000,1785153470490690000,1785153470490693000,1785153470490693000,1785153470490693000,121932490,121652369,-122.121,0.000,0.000,1.000,3.000,0.000,0.000,8.000,0,0,0
B3_zmq_pushpull,zmq_tcp,none,none,,1,34031,512,584,1785153470491680000,1785153470491680000,1785153470491680000,1785153470491681000,1785153470491820000,1785153470491822000,1785153470491822000,1785153470491822000,121932490,121652369,-141.121,0.000,0.000,1.000,2.000,0.000,0.000,19.000,0,0,0
B3_zmq_pushpull,zmq_tcp,none,none,,1,34032,512,584,1785153470492646000,1785153470492646000,1785153470492646000,1785153470492647000,1785153470492817000,1785153470492820000,1785153470492820000,1785153470492820000,121932490,121652369,-110.121,0.000,0.000,1.000,3.000,0.000,0.000,31.000,0,0,0
B3_zmq_pushpull,zmq_tcp,none,none,,1,34033,512,584,1785153470493532000,1785153470493532000,1785153470493532000,1785153470493533000,1785153470493688000,1785153470493691000,1785153470493691000,1785153470493691000,121932490,121652369,-125.121,0.000,0.000,1.000,3.000,0.000,0.000,15.000,0,0,0
B3_zmq_pushpull,zmq_tcp,none,none,,1,34034,512,584,1785153470494523000,1785153470494523000,1785153470494523000,1785153470494524000,1785153470494677000,1785153470494680000,1785153470494680000,1785153470494680000,121932490,121652369,-127.121,0.000,0.000,1.000,3.000,0.000,0.000,2.000,0,0,0
B3_zmq_pushpull,zmq_tcp,none,none,,1,34035,512,584,1785153470495518000,1785153470495518000,1785153470495518000,1785153470495519000,1785153470495672000,1785153470495674000,1785153470495674000,1785153470495674000,121932490,121652369,-127.121,0.000,0.000,1.000,2.000,0.000,0.000,0.000,0,0,0
B3_zmq_pushpull,zmq_tcp,none,none,,1,34036,512,584,1785153470496685000,1785153470496685000,1785153470496685000,1785153470496686000,1785153470496806000,1785153470496809000,1785153470496809000,1785153470496809000,121932490,121652369,-160.121,0.000,0.000,1.000,3.000,0.000,0.000,33.000,0,0,0
B3_zmq_pushpull,zmq_tcp,none,none,,1,34037,512,584,1785153470497641000,1785153470497642000,1785153470497642000,1785153470497643000,1785153470497801000,1785153470497803000,1785153470497803000,1785153470497803000,121932490,121652369,-122.121,1.000,0.000,1.000,2.000,0.000,0.000,38.000,0,0,0
B3_zmq_pushpull,zmq_tcp,none,none,,1,34038,512,584,1785153470498654000,1785153470498654000,1785153470498654000,1785153470498655000,1785153470498805000,1785153470498808000,1785153470498808000,1785153470498808000,121932490,121652369,-130.121,0.000,0.000,1.000,3.000,0.000,0.000,8.000,0,0,0
B3_zmq_pushpull,zmq_tcp,none,none,,1,34039,512,584,1785153470499510000,1785153470499510000,1785153470499510000,1785153470499512000,1785153470499662000,1785153470499665000,1785153470499665000,1785153470499665000,121932490,121652369,-130.121,0.000,0.000,2.000,3.000,0.000,0.000,0.000,0,0,0
B3_zmq_pushpull,zmq_tcp,none,none,,1,34040,512,584,1785153470500497000,1785153470500497000,1785153470500497000,1785153470500498000,1785153470500632000,1785153470500635000,1785153470500635000,1785153470500635000,121932490,121652369,-146.121,0.000,0.000,1.000,3.000,0.000,0.000,16.000,0,0,0
B3_zmq_pushpull,zmq_tcp,none,none,,1,34041,512,584,1785153470501691000,1785153470501691000,1785153470501691000,1785153470501692000,1785153470501768000,1785153470501770000,1785153470501770000,1785153470501770000,121932490,121652369,-204.121,0.000,0.000,1.000,2.000,0.000,0.000,58.000,0,0,0
B3_zmq_pushpull,zmq_tcp,none,none,,1,34042,512,584,1785153470502643000,1785153470502643000,1785153470502643000,1785153470502644000,1785153470502754000,1785153470502757000,1785153470502757000,1785153470502757000,121932490,121652369,-170.121,0.000,0.000,1.000,3.000,0.000,0.000,34.000,0,0,0
B3_zmq_pushpull,zmq_tcp,none,none,,1,34043,512,584,1785153470503655000,1785153470503655000,1785153470503655000,1785153470503656000,1785153470503770000,1785153470503773000,1785153470503773000,1785153470503773000,121932490,121652369,-166.121,0.000,0.000,1.000,3.000,0.000,0.000,4.000,0,0,0
B3_zmq_pushpull,zmq_tcp,none,none,,1,34044,512,584,1785153470504653000,1785153470504654000,1785153470504654000,1785153470504655000,1785153470504760000,1785153470504762000,1785153470504762000,1785153470504762000,121932490,121652369,-175.121,1.000,0.000,1.000,2.000,0.000,0.000,9.000,0,0,0
B3_zmq_pushpull,zmq_tcp,none,none,,1,34045,512,584,1785153470505652000,1785153470505652000,1785153470505652000,1785153470505653000,1785153470505766000,1785153470505769000,1785153470505769000,1785153470505769000,121932490,121652369,-167.121,0.000,0.000,1.000,3.000,0.000,0.000,8.000,0,0,0
B3_zmq_pushpull,zmq_tcp,none,none,,1,34046,512,584,1785153470506655000,1785153470506655000,1785153470506655000,1785153470506656000,1785153470506756000,1785153470506758000,1785153470506758000,1785153470506758000,121932490,121652369,-180.121,0.000,0.000,1.000,2.000,0.000,0.000,13.000,0,0,0
B3_zmq_pushpull,zmq_tcp,none,none,,1,34047,512,584,1785153470507652000,1785153470507652000,1785153470507652000,1785153470507653000,1785153470507761000,1785153470507763000,1785153470507763000,1785153470507764000,121932490,121652369,-172.121,0.000,0.000,1.000,2.000,0.000,1.000,8.000,0,0,0
B3_zmq_pushpull,zmq_tcp,none,none,,1,34048,512,584,1785153470508649000,1785153470508650000,1785153470508650000,1785153470508651000,1785153470508748000,1785153470508750000,1785153470508750000,1785153470508750000,121932490,121652369,-183.121,1.000,0.000,1.000,2.000,0.000,0.000,11.000,0,0,0
B3_zmq_pushpull,zmq_tcp,none,none,,1,34049,512,584,1785153470509654000,1785153470509654000,1785153470509654000,1785153470509655000,1785153470509742000,1785153470509745000,1785153470509745000,1785153470509745000,121932490,121652369,-193.121,0.000,0.000,1.000,3.000,0.000,0.000,10.000,0,0,0
B3_zmq_pushpull,zmq_tcp,none,none,,1,34050,512,584,1785153470510657000,1785153470510657000,1785153470510657000,1785153470510658000,1785153470510744000,1785153470510746000,1785153470510746000,1785153470510746000,121932490,121652369,-194.121,0.000,0.000,1.000,2.000,0.000,0.000,1.000,0,0,0
B3_zmq_pushpull,zmq_tcp,none,none,,1,34051,512,584,1785153470511651000,1785153470511651000,1785153470511651000,1785153470511652000,1785153470511732000,1785153470511735000,1785153470511735000,1785153470511735000,121932490,121652369,-200.121,0.000,0.000,1.000,3.000,0.000,0.000,6.000,0,0,0
B3_zmq_pushpull,zmq_tcp,none,none,,1,34052,512,584,1785153470512653000,1785153470512653000,1785153470512653000,1785153470512654000,1785153470512734000,1785153470512736000,1785153470512737000,1785153470512737000,121932490,121652369,-200.121,0.000,0.000,1.000,2.000,1.000,0.000,0.000,0,0,0
B3_zmq_pushpull,zmq_tcp,none,none,,1,34053,512,584,1785153470513652000,1785153470513652000,1785153470513652000,1785153470513653000,1785153470513732000,1785153470513734000,1785153470513734000,1785153470513734000,121932490,121652369,-201.121,0.000,0.000,1.000,2.000,0.000,0.000,1.000,0,0,0
B3_zmq_pushpull,zmq_tcp,none,none,,1,34054,512,584,1785153470514652000,1785153470514652000,1785153470514652000,1785153470514653000,1785153470514720000,1785153470514722000,1785153470514722000,1785153470514722000,121932490,121652369,-213.121,0.000,0.000,1.000,2.000,0.000,0.000,12.000,0,0,0
B3_zmq_pushpull,zmq_tcp,none,none,,1,34055,512,584,1785153470515649000,1785153470515650000,1785153470515650000,1785153470515651000,1785153470515697000,1785153470515700000,1785153470515700000,1785153470515700000,121932490,121652369,-234.121,1.000,0.000,1.000,3.000,0.000,0.000,21.000,0,0,0
B3_zmq_pushpull,zmq_tcp,none,none,,1,34056,512,584,1785153470516654000,1785153470516654000,1785153470516654000,1785153470516655000,1785153470516694000,1785153470516696000,1785153470516696000,1785153470516696000,121932490,121652369,-241.121,0.000,0.000,1.000,2.000,0.000,0.000,7.000,0,0,0
B3_zmq_pushpull,zmq_tcp,none,none,,1,34057,512,584,1785153470517652000,1785153470517652000,1785153470517652000,1785153470517653000,1785153470517698000,1785153470517701000,1785153470517701000,1785153470517701000,121932490,121652369,-235.121,0.000,0.000,1.000,3.000,0.000,0.000,6.000,0,0,0
B3_zmq_pushpull,zmq_tcp,none,none,,1,34058,512,584,1785153470518655000,1785153470518655000,1785153470518655000,1785153470518656000,1785153470518811000,1785153470518814000,1785153470518814000,1785153470518814000,121932490,121652369,-125.121,0.000,0.000,1.000,3.000,0.000,0.000,110.000,0,0,0
B3_zmq_pushpull,zmq_tcp,none,none,,1,34059,512,584,1785153470519526000,1785153470519526000,1785153470519526000,1785153470519527000,1785153470519674000,1785153470519677000,1785153470519677000,1785153470519677000,121932490,121652369,-133.121,0.000,0.000,1.000,3.000,0.000,0.000,8.000,0,0,0
B3_zmq_pushpull,zmq_tcp,none,none,,1,34060,512,584,1785153470520687000,1785153470520687000,1785153470520687000,1785153470520688000,1785153470520806000,1785153470520809000,1785153470520810000,1785153470520810000,121932490,121652369,-162.121,0.000,0.000,1.000,3.000,1.000,0.000,29.000,0,0,0
B3_zmq_pushpull,zmq_tcp,none,none,,1,34061,512,584,1785153470521644000,1785153470521644000,1785153470521644000,1785153470521645000,1785153470521814000,1785153470521818000,1785153470521818000,1785153470521818000,121932490,121652369,-111.121,0.000,0.000,1.000,4.000,0.000,0.000,51.000,0,0,0
B3_zmq_pushpull,zmq_tcp,none,none,,1,34062,512,584,1785153470522522000,1785153470522523000,1785153470522523000,1785153470522524000,1785153470522677000,1785153470522680000,1785153470522680000,1785153470522680000,121932490,121652369,-127.121,1.000,0.000,1.000,3.000,0.000,0.000,16.000,0,0,0
B3_zmq_pushpull,zmq_tcp,none,none,,1,34063,512,584,1785153470523518000,1785153470523518000,1785153470523518000,1785153470523519000,1785153470523672000,1785153470523675000,1785153470523675000,1785153470523675000,121932490,121652369,-127.121,0.000,0.000,1.000,3.000,0.000,0.000,0.000,0,0,0
B3_zmq_pushpull,zmq_tcp,none,none,,1,34064,512,584,1785153470524503000,1785153470524503000,1785153470524503000,1785153470524504000,1785153470524644000,1785153470524647000,1785153470524647000,1785153470524647000,121932490,121652369,-140.121,0.000,0.000,1.000,3.000,0.000,0.000,13.000,0,0,0
B3_zmq_pushpull,zmq_tcp,none,none,,1,34065,512,584,1785153470525689000,1785153470525689000,1785153470525689000,1785153470525690000,1785153470525800000,1785153470525803000,1785153470525803000,1785153470525803000,121932490,121652369,-170.121,0.000,0.000,1.000,3.000,0.000,0.000,30.000,0,0,0
B3_zmq_pushpull,zmq_tcp,none,none,,1,34066,512,584,1785153470526641000,1785153470526641000,1785153470526641000,1785153470526642000,1785153470526785000,1785153470526788000,1785153470526788000,1785153470526788000,121932490,121652369,-137.121,0.000,0.000,1.000,3.000,0.000,0.000,33.000,0,0,0
B3_zmq_pushpull,zmq_tcp,none,none,,1,34067,512,584,1785153470527655000,1785153470527655000,1785153470527655000,1785153470527656000,1785153470527776000,1785153470527779000,1785153470527779000,1785153470527779000,121932490,121652369,-160.121,0.000,0.000,1.000,3.000,0.000,0.000,23.000,0,0,0
B3_zmq_pushpull,zmq_tcp,none,none,,1,34068,512,584,1785153470528480000,1785153470528480000,1785153470528480000,1785153470528481000,1785153470528634000,1785153470528637000,1785153470528637000,1785153470528637000,121932490,121652369,-127.121,0.000,0.000,1.000,3.000,0.000,0.000,33.000,0,0,0
B3_zmq_pushpull,zmq_tcp,none,none,,1,34069,512,584,1785153470529695000,1785153470529695000,1785153470529695000,1785153470529696000,1785153470529770000,1785153470529773000,1785153470529773000,1785153470529773000,121932490,121652369,-206.121,0.000,0.000,1.000,3.000,0.000,0.000,79.000,0,0,0
B3_zmq_pushpull,zmq_tcp,none,none,,1,34070,512,584,1785153470530639000,1785153470530639000,1785153470530639000,1785153470530640000,1785153470530748000,1785153470530750000,1785153470530750000,1785153470530750000,121932490,121652369,-172.121,0.000,0.000,1.000,2.000,0.000,0.000,34.000,0,0,0
B3_zmq_pushpull,zmq_tcp,none,none,,1,34071,512,584,1785153470531656000,1785153470531656000,1785153470531656000,1785153470531657000,1785153470531740000,1785153470531743000,1785153470531743000,1785153470531743000,121932490,121652369,-197.121,0.000,0.000,1.000,3.000,0.000,0.000,25.000,0,0,0
B3_zmq_pushpull,zmq_tcp,none,none,,1,34072,512,584,1785153470532654000,1785153470532654000,1785153470532654000,1785153470532655000,1785153470532738000,1785153470532741000,1785153470532741000,1785153470532741000,121932490,121652369,-197.121,0.000,0.000,1.000,3.000,0.000,0.000,0.000,0,0,0
B3_zmq_pushpull,zmq_tcp,none,none,,1,34073,512,584,1785153470533652000,1785153470533652000,1785153470533652000,1785153470533653000,1785153470533734000,1785153470533738000,1785153470533738000,1785153470533738000,121932490,121652369,-199.121,0.000,0.000,1.000,4.000,0.000,0.000,2.000,0,0,0
B3_zmq_pushpull,zmq_tcp,none,none,,1,34074,512,584,1785153470534653000,1785153470534653000,1785153470534653000,1785153470534654000,1785153470534714000,1785153470534718000,1785153470534718000,1785153470534718000,121932490,121652369,-220.121,0.000,0.000,1.000,4.000,0.000,0.000,21.000,0,0,0
B3_zmq_pushpull,zmq_tcp,none,none,,1,34075,512,584,1785153470535652000,1785153470535652000,1785153470535652000,1785153470535653000,1785153470535692000,1785153470535695000,1785153470535695000,1785153470535695000,121932490,121652369,-241.121,0.000,0.000,1.000,3.000,0.000,0.000,21.000,0,0,0
B3_zmq_pushpull,zmq_tcp,none,none,,1,34076,512,584,1785153470536653000,1785153470536653000,1785153470536653000,1785153470536654000,1785153470536689000,1785153470536693000,1785153470536693000,1785153470536693000,121932490,121652369,-245.121,0.000,0.000,1.000,4.000,0.000,0.000,4.000,0,0,0
B3_zmq_pushpull,zmq_tcp,none,none,,1,34077,512,584,1785153470537653000,1785153470537653000,1785153470537653000,1785153470537654000,1785153470537817000,1785153470537820000,1785153470537820000,1785153470537820000,121932490,121652369,-117.121,0.000,0.000,1.000,3.000,0.000,0.000,128.000,0,0,0
B3_zmq_pushpull,zmq_tcp,none,none,,1,34078,512,584,1785153470538651000,1785153470538651000,1785153470538651000,1785153470538652000,1785153470538813000,1785153470538816000,1785153470538816000,1785153470538816000,121932490,121652369,-119.121,0.000,0.000,1.000,3.000,0.000,0.000,2.000,0,0,0
B3_zmq_pushpull,zmq_tcp,none,none,,1,34079,512,584,1785153470539525000,1785153470539525000,1785153470539525000,1785153470539526000,1785153470539682000,1785153470539685000,1785153470539685000,1785153470539685000,121932490,121652369,-124.121,0.000,0.000,1.000,3.000,0.000,0.000,5.000,0,0,0
B3_zmq_pushpull,zmq_tcp,none,none,,1,34080,512,584,1785153470540687000,1785153470540687000,1785153470540687000,1785153470540688000,1785153470540807000,1785153470540810000,1785153470540810000,1785153470540810000,121932490,121652369,-161.121,0.000,0.000,1.000,3.000,0.000,0.000,37.000,0,0,0
B3_zmq_pushpull,zmq_tcp,none,none,,1,34081,512,584,1785153470541642000,1785153470541643000,1785153470541643000,1785153470541644000,1785153470541790000,1785153470541793000,1785153470541793000,1785153470541793000,121932490,121652369,-134.121,1.000,0.000,1.000,3.000,0.000,0.000,27.000,0,0,0
B3_zmq_pushpull,zmq_tcp,none,none,,1,34082,512,584,1785153470542655000,1785153470542655000,1785153470542655000,1785153470542656000,1785153470542778000,1785153470542781000,1785153470542781000,1785153470542781000,121932490,121652369,-158.121,0.000,0.000,1.000,3.000,0.000,0.000,24.000,0,0,0
B3_zmq_pushpull,zmq_tcp,none,none,,1,34083,512,584,1785153470543652000,1785153470543652000,1785153470543652000,1785153470543653000,1785153470543765000,1785153470543768000,1785153470543768000,1785153470543768000,121932490,121652369,-168.121,0.000,0.000,1.000,3.000,0.000,0.000,10.000,0,0,0
B3_zmq_pushpull,zmq_tcp,none,none,,1,34084,512,584,1785153470544652000,1785153470544652000,1785153470544652000,1785153470544653000,1785153470544751000,1785153470544753000,1785153470544753000,1785153470544753000,121932490,121652369,-182.121,0.000,0.000,1.000,2.000,0.000,0.000,14.000,0,0,0
B3_zmq_pushpull,zmq_tcp,none,none,,1,34085,512,584,1785153470545651000,1785153470545651000,1785153470545651000,1785153470545652000,1785153470545739000,1785153470545741000,1785153470545741000,1785153470545741000,121932490,121652369,-193.121,0.000,0.000,1.000,2.000,0.000,0.000,11.000,0,0,0
B3_zmq_pushpull,zmq_tcp,none,none,,1,34086,512,584,1785153470546654000,1785153470546654000,1785153470546654000,1785153470546655000,1785153470546748000,1785153470546750000,1785153470546750000,1785153470546750000,121932490,121652369,-187.121,0.000,0.000,1.000,2.000,0.000,0.000,6.000,0,0,0
B3_zmq_pushpull,zmq_tcp,none,none,,1,34087,512,584,1785153470547653000,1785153470547654000,1785153470547654000,1785153470547655000,1785153470547846000,1785153470547849000,1785153470547849000,1785153470547849000,121932490,121652369,-89.121,1.000,0.000,1.000,3.000,0.000,0.000,98.000,0,0,0
B3_zmq_pushpull,zmq_tcp,none,none,,1,34088,512,584,1785153470548548000,1785153470548548000,1785153470548548000,1785153470548549000,1785153470548706000,1785153470548709000,1785153470548709000,1785153470548709000,121932490,121652369,-123.121,0.000,0.000,1.000,3.000,0.000,0.000,34.000,0,0,0
B3_zmq_pushpull,zmq_tcp,none,none,,1,34089,512,584,1785153470549679000,1785153470549679000,1785153470549679000,1785153470549680000,1785153470549836000,1785153470549839000,1785153470549839000,1785153470549839000,121932490,121652369,-124.121,0.000,0.000,1.000,3.000,0.000,0.000,1.000,0,0,0
B3_zmq_pushpull,zmq_tcp,none,none,,1,34090,512,584,1785153470550646000,1785153470550646000,1785153470550646000,1785153470550647000,1785153470550686000,1785153470550690000,1785153470550690000,1785153470550690000,121932490,121652369,-241.121,0.000,0.000,1.000,4.000,0.000,0.000,117.000,0,0,0
B3_zmq_pushpull,zmq_tcp,none,none,,1,34091,512,584,1785153470551653000,1785153470551653000,1785153470551653000,1785153470551654000,1785153470551811000,1785153470551813000,1785153470551813000,1785153470551813000,121932490,121652369,-123.121,0.000,0.000,1.000,2.000,0.000,0.000,118.000,0,0,0
B3_zmq_pushpull,zmq_tcp,none,none,,1,34092,512,584,1785153470552517000,1785153470552517000,1785153470552517000,1785153470552518000,1785153470552677000,1785153470552680000,1785153470552680000,1785153470552680000,121932490,121652369,-121.121,0.000,0.000,1.000,3.000,0.000,0.000,2.000,0,0,0
B3_zmq_pushpull,zmq_tcp,none,none,,1,34093,512,584,1785153470553687000,1785153470553687000,1785153470553687000,1785153470553688000,1785153470553817000,1785153470553820000,1785153470553820000,1785153470553820000,121932490,121652369,-151.121,0.000,0.000,1.000,3.000,0.000,0.000,30.000,0,0,0
B3_zmq_pushpull,zmq_tcp,none,none,,1,34094,512,584,1785153470554644000,1785153470554644000,1785153470554645000,1785153470554645000,1785153470554824000,1785153470554827000,1785153470554827000,1785153470554827000,121932490,121652369,-101.121,0.000,1.000,0.000,3.000,0.000,0.000,50.000,0,0,0
B3_zmq_pushpull,zmq_tcp,none,none,,1,34095,512,584,1785153470555655000,1785153470555656000,1785153470555656000,1785153470555657000,1785153470555820000,1785153470555823000,1785153470555823000,1785153470555823000,121932490,121652369,-117.121,1.000,0.000,1.000,3.000,0.000,0.000,16.000,0,0,0
B3_zmq_pushpull,zmq_tcp,none,none,,1,34096,512,584,1785153470556519000,1785153470556520000,1785153470556520000,1785153470556521000,1785153470556664000,1785153470556667000,1785153470556667000,1785153470556667000,121932490,121652369,-137.121,1.000,0.000,1.000,3.000,0.000,0.000,20.000,0,0,0
B3_zmq_pushpull,zmq_tcp,none,none,,1,34097,512,584,1785153470557496000,1785153470557496000,1785153470557496000,1785153470557497000,1785153470557652000,1785153470557655000,1785153470557655000,1785153470557655000,121932490,121652369,-125.121,0.000,0.000,1.000,3.000,0.000,0.000,12.000,0,0,0
B3_zmq_pushpull,zmq_tcp,none,none,,1,34098,512,584,1785153470558691000,1785153470558691000,1785153470558691000,1785153470558692000,1785153470558767000,1785153470558769000,1785153470558769000,1785153470558769000,121932490,121652369,-205.121,0.000,0.000,1.000,2.000,0.000,0.000,80.000,0,0,0
B3_zmq_pushpull,zmq_tcp,none,none,,1,34099,512,584,1785153470559641000,1785153470559641000,1785153470559641000,1785153470559642000,1785153470559768000,1785153470559771000,1785153470559771000,1785153470559771000,121932490,121652369,-154.121,0.000,0.000,1.000,3.000,0.000,0.000,51.000,0,0,0
B3_zmq_pushpull,zmq_tcp,none,none,,1,34100,512,584,1785153470560656000,1785153470560656000,1785153470560656000,1785153470560657000,1785153470560749000,1785153470560752000,1785153470560752000,1785153470560752000,121932490,121652369,-188.121,0.000,0.000,1.000,3.000,0.000,0.000,34.000,0,0,0
B3_zmq_pushpull,zmq_tcp,none,none,,1,34101,512,584,1785153470561653000,1785153470561653000,1785153470561653000,1785153470561654000,1785153470561765000,1785153470561768000,1785153470561768000,1785153470561768000,121932490,121652369,-169.121,0.000,0.000,1.000,3.000,0.000,0.000,19.000,0,0,0
B3_zmq_pushpull,zmq_tcp,none,none,,1,34102,512,584,1785153470562652000,1785153470562653000,1785153470562653000,1785153470562654000,1785153470562755000,1785153470562757000,1785153470562757000,1785153470562757000,121932490,121652369,-179.121,1.000,0.000,1.000,2.000,0.000,0.000,10.000,0,0,0
B3_zmq_pushpull,zmq_tcp,none,none,,1,34103,512,584,1785153470563651000,1785153470563651000,1785153470563651000,1785153470563652000,1785153470563761000,1785153470563765000,1785153470563765000,1785153470563765000,121932490,121652369,-171.121,0.000,0.000,1.000,4.000,0.000,0.000,8.000,0,0,0
B3_zmq_pushpull,zmq_tcp,none,none,,1,34104,512,584,1785153470564577000,1785153470564577000,1785153470564577000,1785153470564578000,1785153470564721000,1785153470564724000,1785153470564724000,1785153470564724000,121932490,121652369,-137.121,0.000,0.000,1.000,3.000,0.000,0.000,34.000,0,0,0
B3_zmq_pushpull,zmq_tcp,none,none,,1,34105,512,584,1785153470565671000,1785153470565671000,1785153470565671000,1785153470565672000,1785153470565843000,1785153470565845000,1785153470565845000,1785153470565845000,121932490,121652369,-109.121,0.000,0.000,1.000,2.000,0.000,0.000,28.000,0,0,0
B3_zmq_pushpull,zmq_tcp,none,none,,1,34106,512,584,1785153470566644000,1785153470566645000,1785153470566645000,1785153470566646000,1785153470566703000,1785153470566707000,1785153470566707000,1785153470566707000,121932490,121652369,-223.121,1.000,0.000,1.000,4.000,0.000,0.000,114.000,0,0,0
B3_zmq_pushpull,zmq_tcp,none,none,,1,34107,512,584,1785153470567658000,1785153470567658000,1785153470567658000,1785153470567659000,1785153470567702000,1785153470567705000,1785153470567705000,1785153470567705000,121932490,121652369,-237.121,0.000,0.000,1.000,3.000,0.000,0.000,14.000,0,0,0
B3_zmq_pushpull,zmq_tcp,none,none,,1,34108,512,584,1785153470568565000,1785153470568565000,1785153470568565000,1785153470568566000,1785153470568715000,1785153470568718000,1785153470568718000,1785153470568718000,121932490,121652369,-131.121,0.000,0.000,1.000,3.000,0.000,0.000,106.000,0,0,0
B3_zmq_pushpull,zmq_tcp,none,none,,1,34109,512,584,1785153470569675000,1785153470569675000,1785153470569675000,1785153470569676000,1785153470569832000,1785153470569835000,1785153470569835000,1785153470569835000,121932490,121652369,-124.121,0.000,0.000,1.000,3.000,0.000,0.000,7.000,0,0,0
B3_zmq_pushpull,zmq_tcp,none,none,,1,34110,512,584,1785153470570544000,1785153470570544000,1785153470570544000,1785153470570545000,1785153470570688000,1785153470570691000,1785153470570691000,1785153470570691000,121932490,121652369,-137.121,0.000,0.000,1.000,3.000,0.000,0.000,13.000,0,0,0
B3_zmq_pushpull,zmq_tcp,none,none,,1,34111,512,584,1785153470571680000,1785153470571680000,1785153470571680000,1785153470571681000,1785153470571807000,1785153470571810000,1785153470571810000,1785153470571810000,121932490,121652369,-154.121,0.000,0.000,1.000,3.000,0.000,0.000,17.000,0,0,0
B3_zmq_pushpull,zmq_tcp,none,none,,1,34112,512,584,1785153470572649000,1785153470572649000,1785153470572649000,1785153470572650000,1785153470572811000,1785153470572813000,1785153470572813000,1785153470572813000,121932490,121652369,-119.121,0.000,0.000,1.000,2.000,0.000,0.000,35.000,0,0,0
B3_zmq_pushpull,zmq_tcp,none,none,,1,34113,512,584,1785153470573653000,1785153470573654000,1785153470573654000,1785153470573655000,1785153470573792000,1785153470573795000,1785153470573795000,1785153470573795000,121932490,121652369,-143.121,1.000,0.000,1.000,3.000,0.000,0.000,24.000,0,0,0
B3_zmq_pushpull,zmq_tcp,none,none,,1,34114,512,584,1785153470574651000,1785153470574651000,1785153470574651000,1785153470574652000,1785153470574788000,1785153470574791000,1785153470574791000,1785153470574791000,121932490,121652369,-144.121,0.000,0.000,1.000,3.000,0.000,0.000,1.000,0,0,0
B3_zmq_pushpull,zmq_tcp,none,none,,1,34115,512,584,1785153470575652000,1785153470575652000,1785153470575652000,1785153470575653000,1785153470575787000,1785153470575789000,1785153470575789000,1785153470575789000,121932490,121652369,-146.121,0.000,0.000,1.000,2.000,0.000,0.000,2.000,0,0,0
B3_zmq_pushpull,zmq_tcp,none,none,,1,34116,512,584,1785153470576652000,1785153470576652000,1785153470576652000,1785153470576653000,1785153470576784000,1785153470576787000,1785153470576787000,1785153470576787000,121932490,121652369,-149.121,0.000,0.000,1.000,3.000,0.000,0.000,3.000,0,0,0
B3_zmq_pushpull,zmq_tcp,none,none,,1,34117,512,584,1785153470577652000,1785153470577652000,1785153470577652000,1785153470577653000,1785153470577773000,1785153470577776000,1785153470577776000,1785153470577776000,121932490,121652369,-160.121,0.000,0.000,1.000,3.000,0.000,0.000,11.000,0,0,0
B3_zmq_pushpull,zmq_tcp,none,none,,1,34118,512,584,1785153470578650000,1785153470578650000,1785153470578650000,1785153470578651000,1785153470578761000,1785153470578764000,1785153470578764000,1785153470578764000,121932490,121652369,-170.121,0.000,0.000,1.000,3.000,0.000,0.000,10.000,0,0,0
B3_zmq_pushpull,zmq_tcp,none,none,,1,34119,512,584,1785153470579466000,1785153470579466000,1785153470579466000,1785153470579467000,1785153470579609000,1785153470579612000,1785153470579612000,1785153470579612000,121932490,121652369,-138.121,0.000,0.000,1.000,3.000,0.000,0.000,32.000,0,0,0
B3_zmq_pushpull,zmq_tcp,none,none,,1,34120,512,584,1785153470580699000,1785153470580699000,1785153470580699000,1785153470580700000,1785153470580869000,1785153470580873000,1785153470580873000,1785153470580873000,121932490,121652369,-111.121,0.000,0.000,1.000,4.000,0.000,0.000,27.000,0,0,0
B3_zmq_pushpull,zmq_tcp,none,none,,1,34121,512,584,1785153470581565000,1785153470581565000,1785153470581565000,1785153470581566000,1785153470581717000,1785153470581720000,1785153470581720000,1785153470581720000,121932490,121652369,-129.121,0.000,0.000,1.000,3.000,0.000,0.000,18.000,0,0,0
B3_zmq_pushpull,zmq_tcp,none,none,,1,34122,512,584,1785153470582572000,1785153470582572000,1785153470582572000,1785153470582573000,1785153470582721000,1785153470582724000,1785153470582724000,1785153470582724000,121932490,121652369,-132.121,0.000,0.000,1.000,3.000,0.000,0.000,3.000,0,0,0
B3_zmq_pushpull,zmq_tcp,none,none,,1,34123,512,584,1785153470583673000,1785153470583673000,1785153470583673000,1785153470583674000,1785153470583710000,1785153470583713000,1785153470583713000,1785153470583713000,121932490,121652369,-244.121,0.000,0.000,1.000,3.000,0.000,0.000,112.000,0,0,0
B3_zmq_pushpull,zmq_tcp,none,none,,1,34124,512,584,1785153470584648000,1785153470584648000,1785153470584648000,1785153470584649000,1785153470584696000,1785153470584699000,1785153470584699000,1785153470584699000,121932490,121652369,-233.121,0.000,0.000,1.000,3.000,0.000,0.000,11.000,0,0,0
B3_zmq_pushpull,zmq_tcp,none,none,,1,34125,512,584,1785153470585653000,1785153470585653000,1785153470585653000,1785153470585654000,1785153470585824000,1785153470585827000,1785153470585827000,1785153470585827000,121932490,121652369,-110.121,0.000,0.000,1.000,3.000,0.000,0.000,123.000,0,0,0
B3_zmq_pushpull,zmq_tcp,none,none,,1,34126,512,584,1785153470586654000,1785153470586654000,1785153470586654000,1785153470586655000,1785153470586826000,1785153470586829000,1785153470586829000,1785153470586829000,121932490,121652369,-109.121,0.000,0.000,1.000,3.000,0.000,0.000,1.000,0,0,0
B3_zmq_pushpull,zmq_tcp,none,none,,1,34127,512,584,1785153470587653000,1785153470587653000,1785153470587653000,1785153470587654000,1785153470587824000,1785153470587827000,1785153470587827000,1785153470587827000,121932490,121652369,-110.121,0.000,0.000,1.000,3.000,0.000,0.000,1.000,0,0,0
B3_zmq_pushpull,zmq_tcp,none,none,,1,34128,512,584,1785153470588651000,1785153470588651000,1785153470588651000,1785153470588652000,1785153470588820000,1785153470588823000,1785153470588823000,1785153470588823000,121932490,121652369,-112.121,0.000,0.000,1.000,3.000,0.000,0.000,2.000,0,0,0
B3_zmq_pushpull,zmq_tcp,none,none,,1,34129,512,584,1785153470589653000,1785153470589653000,1785153470589653000,1785153470589654000,1785153470589801000,1785153470589804000,1785153470589804000,1785153470589804000,121932490,121652369,-133.121,0.000,0.000,1.000,3.000,0.000,0.000,21.000,0,0,0
B3_zmq_pushpull,zmq_tcp,none,none,,1,34130,512,584,1785153470590652000,1785153470590653000,1785153470590653000,1785153470590654000,1785153470590791000,1785153470590793000,1785153470590793000,1785153470590793000,121932490,121652369,-143.121,1.000,0.000,1.000,2.000,0.000,0.000,10.000,0,0,0
B3_zmq_pushpull,zmq_tcp,none,none,,1,34131,512,584,1785153470591652000,1785153470591652000,1785153470591652000,1785153470591653000,1785153470591770000,1785153470591772000,1785153470591772000,1785153470591772000,121932490,121652369,-163.121,0.000,0.000,1.000,2.000,0.000,0.000,20.000,0,0,0
B3_zmq_pushpull,zmq_tcp,none,none,,1,34132,512,584,1785153470592650000,1785153470592650000,1785153470592650000,1785153470592651000,1785153470592755000,1785153470592758000,1785153470592758000,1785153470592758000,121932490,121652369,-176.121,0.000,0.000,1.000,3.000,0.000,0.000,13.000,0,0,0
B3_zmq_pushpull,zmq_tcp,none,none,,1,34133,512,584,1785153470593460000,1785153470593460000,1785153470593460000,1785153470593461000,1785153470593608000,1785153470593611000,1785153470593611000,1785153470593611000,121932490,121652369,-133.121,0.000,0.000,1.000,3.000,0.000,0.000,43.000,0,0,0
B3_zmq_pushpull,zmq_tcp,none,none,,1,34134,512,584,1785153470594701000,1785153470594701000,1785153470594701000,1785153470594702000,1785153470594872000,1785153470594880000,1785153470594880000,1785153470594880000,121932490,121652369,-110.121,0.000,0.000,1.000,8.000,0.000,0.000,23.000,0,0,0
B3_zmq_pushpull,zmq_tcp,none,none,,1,34135,512,584,1785153470595641000,1785153470595641000,1785153470595641000,1785153470595642000,1785153470595740000,1785153470595743000,1785153470595743000,1785153470595743000,121932490,121652369,-182.121,0.000,0.000,1.000,3.000,0.000,0.000,72.000,0,0,0
B3_zmq_pushpull,zmq_tcp,none,none,,1,34136,512,584,1785153470596655000,1785153470596655000,1785153470596655000,1785153470596656000,1785153470596728000,1785153470596731000,1785153470596731000,1785153470596731000,121932490,121652369,-208.121,0.000,0.000,1.000,3.000,0.000,0.000,26.000,0,0,0
B3_zmq_pushpull,zmq_tcp,none,none,,1,34137,512,584,1785153470597567000,1785153470597567000,1785153470597567000,1785153470597568000,1785153470597714000,1785153470597717000,1785153470597717000,1785153470597717000,121932490,121652369,-134.121,0.000,0.000,1.000,3.000,0.000,0.000,74.000,0,0,0
B3_zmq_pushpull,zmq_tcp,none,none,,1,34138,512,584,1785153470598674000,1785153470598674000,1785153470598674000,1785153470598675000,1785153470598835000,1785153470598837000,1785153470598837000,1785153470598837000,121932490,121652369,-120.121,0.000,0.000,1.000,2.000,0.000,0.000,14.000,0,0,0
B3_zmq_pushpull,zmq_tcp,none,none,,1,34139,512,584,1785153470599536000,1785153470599536000,1785153470599536000,1785153470599537000,1785153470599689000,1785153470599692000,1785153470599692000,1785153470599692000,121932490,121652369,-128.121,0.000,0.000,1.000,3.000,0.000,0.000,8.000,0,0,0
B3_zmq_pushpull,zmq_tcp,none,none,,1,34140,512,584,1785153470600681000,1785153470600681000,1785153470600681000,1785153470600682000,1785153470600823000,1785153470600826000,1785153470600826000,1785153470600826000,121932490,121652369,-139.121,0.000,0.000,1.000,3.000,0.000,0.000,11.000,0,0,0
B3_zmq_pushpull,zmq_tcp,none,none,,1,34141,512,584,1785153470601527000,1785153470601528000,1785153470601528000,1785153470601529000,1785153470601685000,1785153470601688000,1785153470601688000,1785153470601688000,121932490,121652369,-124.121,1.000,0.000,1.000,3.000,0.000,0.000,15.000,0,0,0
B3_zmq_pushpull,zmq_tcp,none,none,,1,34142,512,584,1785153470602517000,1785153470602517000,1785153470602517000,1785153470602519000,1785153470602664000,1785153470602667000,1785153470602667000,1785153470602667000,121932490,121652369,-135.121,0.000,0.000,2.000,3.000,0.000,0.000,11.000,0,0,0
B3_zmq_pushpull,zmq_tcp,none,none,,1,34143,512,584,1785153470603686000,1785153470603686000,1785153470603686000,1785153470603687000,1785153470603805000,1785153470603808000,1785153470603808000,1785153470603808000,121932490,121652369,-162.121,0.000,0.000,1.000,3.000,0.000,0.000,27.000,0,0,0
B3_zmq_pushpull,zmq_tcp,none,none,,1,34144,512,584,1785153470604645000,1785153470604645000,1785153470604645000,1785153470604646000,1785153470604812000,1785153470604815000,1785153470604815000,1785153470604815000,121932490,121652369,-114.121,0.000,0.000,1.000,3.000,0.000,0.000,48.000,0,0,0
B3_zmq_pushpull,zmq_tcp,none,none,,1,34145,512,584,1785153470605513000,1785153470605514000,1785153470605514000,1785153470605515000,1785153470605667000,1785153470605670000,1785153470605670000,1785153470605670000,121932490,121652369,-128.121,1.000,0.000,1.000,3.000,0.000,0.000,14.000,0,0,0
B3_zmq_pushpull,zmq_tcp,none,none,,1,34146,512,584,1785153470606492000,1785153470606492000,1785153470606492000,1785153470606493000,1785153470606637000,1785153470606640000,1785153470606640000,1785153470606640000,121932490,121652369,-136.121,0.000,0.000,1.000,3.000,0.000,0.000,8.000,0,0,0
B3_zmq_pushpull,zmq_tcp,none,none,,1,34147,512,584,1785153470607479000,1785153470607479000,1785153470607479000,1785153470607480000,1785153470607636000,1785153470607638000,1785153470607638000,1785153470607638000,121932490,121652369,-124.121,0.000,0.000,1.000,2.000,0.000,0.000,12.000,0,0,0
B3_zmq_pushpull,zmq_tcp,none,none,,1,34148,512,584,1785153470608698000,1785153470608698000,1785153470608698000,1785153470608699000,1785153470608784000,1785153470608787000,1785153470608787000,1785153470608787000,121932490,121652369,-195.121,0.000,0.000,1.000,3.000,0.000,0.000,71.000,0,0,0
B3_zmq_pushpull,zmq_tcp,none,none,,1,34149,512,584,1785153470609642000,1785153470609642000,1785153470609642000,1785153470609643000,1785153470609791000,1785153470609793000,1785153470609793000,1785153470609793000,121932490,121652369,-132.121,0.000,0.000,1.000,2.000,0.000,0.000,63.000,0,0,0
B3_zmq_pushpull,zmq_tcp,none,none,,1,34150,512,584,1785153470610656000,1785153470610657000,1785153470610657000,1785153470610658000,1785153470610772000,1785153470610775000,1785153470610775000,1785153470610775000,121932490,121652369,-166.121,1.000,0.000,1.000,3.000,0.000,0.000,34.000,0,0,0
B3_zmq_pushpull,zmq_tcp,none,none,,1,34151,512,584,1785153470611652000,1785153470611652000,1785153470611652000,1785153470611653000,1785153470611758000,1785153470611760000,1785153470611760000,1785153470611760000,121932490,121652369,-175.121,0.000,0.000,1.000,2.000,0.000,0.000,9.000,0,0,0
B3_zmq_pushpull,zmq_tcp,none,none,,1,34152,512,584,1785153470612653000,1785153470612653000,1785153470612653000,1785153470612654000,1785153470612755000,1785153470612757000,1785153470612757000,1785153470612757000,121932490,121652369,-179.121,0.000,0.000,1.000,2.000,0.000,0.000,4.000,0,0,0
B3_zmq_pushpull,zmq_tcp,none,none,,1,34153,512,584,1785153470613650000,1785153470613650000,1785153470613650000,1785153470613651000,1785153470613742000,1785153470613745000,1785153470613746000,1785153470613746000,121932490,121652369,-189.121,0.000,0.000,1.000,3.000,1.000,0.000,10.000,0,0,0
B3_zmq_pushpull,zmq_tcp,none,none,,1,34154,512,584,1785153470614656000,1785153470614656000,1785153470614656000,1785153470614657000,1785153470614735000,1785153470614739000,1785153470614739000,1785153470614739000,121932490,121652369,-202.121,0.000,0.000,1.000,4.000,0.000,0.000,13.000,0,0,0
B3_zmq_pushpull,zmq_tcp,none,none,,1,34155,512,584,1785153470615656000,1785153470615656000,1785153470615656000,1785153470615657000,1785153470615754000,1785153470615757000,1785153470615757000,1785153470615757000,121932490,121652369,-183.121,0.000,0.000,1.000,3.000,0.000,0.000,19.000,0,0,0
B3_zmq_pushpull,zmq_tcp,none,none,,1,34156,512,584,1785153470616468000,1785153470616468000,1785153470616469000,1785153470616469000,1785153470616615000,1785153470616618000,1785153470616618000,1785153470616618000,121932490,121652369,-134.121,0.000,1.000,0.000,3.000,0.000,0.000,49.000,0,0,0
B3_zmq_pushpull,zmq_tcp,none,none,,1,34157,512,584,1785153470617700000,1785153470617700000,1785153470617700000,1785153470617701000,1785153470617763000,1785153470617766000,1785153470617766000,1785153470617766000,121932490,121652369,-218.121,0.000,0.000,1.000,3.000,0.000,0.000,84.000,0,0,0
B3_zmq_pushpull,zmq_tcp,none,none,,1,34158,512,584,1785153470618460000,1785153470618460000,1785153470618461000,1785153470618461000,1785153470618616000,1785153470618619000,1785153470618619000,1785153470618619000,121932490,121652369,-125.121,0.000,1.000,0.000,3.000,0.000,0.000,93.000,0,0,0
B3_zmq_pushpull,zmq_tcp,none,none,,1,34159,512,584,1785153470619701000,1785153470619701000,1785153470619701000,1785153470619702000,1785153470619763000,1785153470619766000,1785153470619766000,1785153470619766000,121932490,121652369,-219.121,0.000,0.000,1.000,3.000,0.000,0.000,94.000,0,0,0
B3_zmq_pushpull,zmq_tcp,none,none,,1,34160,512,584,1785153470620474000,1785153470620474000,1785153470620475000,1785153470620475000,1785153470620631000,1785153470620634000,1785153470620634000,1785153470620634000,121932490,121652369,-124.121,0.000,1.000,0.000,3.000,0.000,0.000,95.000,0,0,0
B3_zmq_pushpull,zmq_tcp,none,none,,1,34161,512,584,1785153470621700000,1785153470621700000,1785153470621700000,1785153470621701000,1785153470621786000,1785153470621788000,1785153470621788000,1785153470621788000,121932490,121652369,-195.121,0.000,0.000,1.000,2.000,0.000,0.000,71.000,0,0,0
B3_zmq_pushpull,zmq_tcp,none,none,,1,34162,512,584,1785153470622645000,1785153470622645000,1785153470622645000,1785153470622646000,1785153470622778000,1785153470622781000,1785153470622781000,1785153470622781000,121932490,121652369,-148.121,0.000,0.000,1.000,3.000,0.000,0.000,47.000,0,0,0
B3_zmq_pushpull,zmq_tcp,none,none,,1,34163,512,584,1785153470623465000,1785153470623466000,1785153470623466000,1785153470623467000,1785153470623628000,1785153470623631000,1785153470623631000,1785153470623631000,121932490,121652369,-119.121,1.000,0.000,1.000,3.000,0.000,0.000,29.000,0,0,0
B3_zmq_pushpull,zmq_tcp,none,none,,1,34164,512,584,1785153470624485000,1785153470624486000,1785153470624486000,1785153470624487000,1785153470624637000,1785153470624640000,1785153470624640000,1785153470624640000,121932490,121652369,-130.121,1.000,0.000,1.000,3.000,0.000,0.000,11.000,0,0,0
B3_zmq_pushpull,zmq_tcp,none,none,,1,34165,512,584,1785153470625463000,1785153470625463000,1785153470625463000,1785153470625464000,1785153470625617000,1785153470625620000,1785153470625620000,1785153470625620000,121932490,121652369,-127.121,0.000,0.000,1.000,3.000,0.000,0.000,3.000,0,0,0
B3_zmq_pushpull,zmq_tcp,none,none,,1,34166,512,584,1785153470626547000,1785153470626547000,1785153470626547000,1785153470626548000,1785153470626698000,1785153470626701000,1785153470626701000,1785153470626701000,121932490,121652369,-130.121,0.000,0.000,1.000,3.000,0.000,0.000,3.000,0,0,0
B3_zmq_pushpull,zmq_tcp,none,none,,1,34167,512,584,1785153470627523000,1785153470627523000,1785153470627523000,1785153470627525000,1785153470627666000,1785153470627669000,1785153470627669000,1785153470627669000,121932490,121652369,-139.121,0.000,0.000,2.000,3.000,0.000,0.000,9.000,0,0,0
B3_zmq_pushpull,zmq_tcp,none,none,,1,34168,512,584,1785153470628684000,1785153470628684000,1785153470628684000,1785153470628685000,1785153470628775000,1785153470628778000,1785153470628778000,1785153470628778000,121932490,121652369,-190.121,0.000,0.000,1.000,3.000,0.000,0.000,51.000,0,0,0
B3_zmq_pushpull,zmq_tcp,none,none,,1,34169,512,584,1785153470629644000,1785153470629644000,1785153470629644000,1785153470629645000,1785153470629779000,1785153470629782000,1785153470629782000,1785153470629782000,121932490,121652369,-146.121,0.000,0.000,1.000,3.000,0.000,0.000,44.000,0,0,0
B3_zmq_pushpull,zmq_tcp,none,none,,1,34170,512,584,1785153470630656000,1785153470630656000,1785153470630656000,1785153470630657000,1785153470630758000,1785153470630761000,1785153470630761000,1785153470630761000,121932490,121652369,-179.121,0.000,0.000,1.000,3.000,0.000,0.000,33.000,0,0,0
B3_zmq_pushpull,zmq_tcp,none,none,,1,34171,512,584,1785153470631650000,1785153470631650000,1785153470631650000,1785153470631651000,1785153470631737000,1785153470631739000,1785153470631739000,1785153470631739000,121932490,121652369,-194.121,0.000,0.000,1.000,2.000,0.000,0.000,15.000,0,0,0
B3_zmq_pushpull,zmq_tcp,none,none,,1,34172,512,584,1785153470632654000,1785153470632654000,1785153470632654000,1785153470632655000,1785153470632711000,1785153470632714000,1785153470632714000,1785153470632714000,121932490,121652369,-224.121,0.000,0.000,1.000,3.000,0.000,0.000,30.000,0,0,0
B3_zmq_pushpull,zmq_tcp,none,none,,1,34173,512,584,1785153470633648000,1785153470633648000,1785153470633648000,1785153470633649000,1785153470633689000,1785153470633692000,1785153470633692000,1785153470633692000,121932490,121652369,-240.121,0.000,0.000,1.000,3.000,0.000,0.000,16.000,0,0,0
B3_zmq_pushpull,zmq_tcp,none,none,,1,34174,512,584,1785153470634654000,1785153470634654000,1785153470634654000,1785153470634655000,1785153470634807000,1785153470634810000,1785153470634810000,1785153470634810000,121932490,121652369,-128.121,0.000,0.000,1.000,3.000,0.000,0.000,112.000,0,0,0
B3_zmq_pushpull,zmq_tcp,none,none,,1,34175,512,584,1785153470635652000,1785153470635652000,1785153470635652000,1785153470635653000,1785153470635802000,1785153470635805000,1785153470635805000,1785153470635805000,121932490,121652369,-131.121,0.000,0.000,1.000,3.000,0.000,0.000,3.000,0,0,0
B3_zmq_pushpull,zmq_tcp,none,none,,1,34176,512,584,1785153470636652000,1785153470636652000,1785153470636652000,1785153470636653000,1785153470636770000,1785153470636773000,1785153470636773000,1785153470636773000,121932490,121652369,-163.121,0.000,0.000,1.000,3.000,0.000,0.000,32.000,0,0,0
B3_zmq_pushpull,zmq_tcp,none,none,,1,34177,512,584,1785153470637649000,1785153470637649000,1785153470637649000,1785153470637650000,1785153470637726000,1785153470637728000,1785153470637728000,1785153470637728000,121932490,121652369,-204.121,0.000,0.000,1.000,2.000,0.000,0.000,41.000,0,0,0
B3_zmq_pushpull,zmq_tcp,none,none,,1,34178,512,584,1785153470638656000,1785153470638656000,1785153470638656000,1785153470638657000,1785153470638846000,1785153470638849000,1785153470638849000,1785153470638849000,121932490,121652369,-91.121,0.000,0.000,1.000,3.000,0.000,0.000,113.000,0,0,0
B3_zmq_pushpull,zmq_tcp,none,none,,1,34179,512,584,1785153470639651000,1785153470639651000,1785153470639651000,1785153470639652000,1785153470639793000,1785153470639797000,1785153470639797000,1785153470639797000,121932490,121652369,-139.121,0.000,0.000,1.000,4.000,0.000,0.000,48.000,0,0,0
B3_zmq_pushpull,zmq_tcp,none,none,,1,34180,512,584,1785153470640467000,1785153470640467000,1785153470640467000,1785153470640468000,1785153470640610000,1785153470640613000,1785153470640613000,1785153470640613000,121932490,121652369,-138.121,0.000,0.000,1.000,3.000,0.000,0.000,1.000,0,0,0
B3_zmq_pushpull,zmq_tcp,none,none,,1,34181,512,584,1785153470641564000,1785153470641565000,1785153470641565000,1785153470641566000,1785153470641707000,1785153470641710000,1785153470641710000,1785153470641710000,121932490,121652369,-139.121,1.000,0.000,1.000,3.000,0.000,0.000,1.000,0,0,0
B3_zmq_pushpull,zmq_tcp,none,none,,1,34182,512,584,1785153470642679000,1785153470642679000,1785153470642679000,1785153470642680000,1785153470642806000,1785153470642809000,1785153470642809000,1785153470642809000,121932490,121652369,-154.121,0.000,0.000,1.000,3.000,0.000,0.000,15.000,0,0,0
B3_zmq_pushpull,zmq_tcp,none,none,,1,34183,512,584,1785153470643645000,1785153470643645000,1785153470643645000,1785153470643646000,1785153470643814000,1785153470643817000,1785153470643817000,1785153470643817000,121932490,121652369,-112.121,0.000,0.000,1.000,3.000,0.000,0.000,42.000,0,0,0
B3_zmq_pushpull,zmq_tcp,none,none,,1,34184,512,584,1785153470644654000,1785153470644654000,1785153470644654000,1785153470644655000,1785153470644793000,1785153470644795000,1785153470644795000,1785153470644795000,121932490,121652369,-142.121,0.000,0.000,1.000,2.000,0.000,0.000,30.000,0,0,0
B3_zmq_pushpull,zmq_tcp,none,none,,1,34185,512,584,1785153470645652000,1785153470645652000,1785153470645652000,1785153470645653000,1785153470645756000,1785153470645759000,1785153470645759000,1785153470645759000,121932490,121652369,-177.121,0.000,0.000,1.000,3.000,0.000,0.000,35.000,0,0,0
B3_zmq_pushpull,zmq_tcp,none,none,,1,34186,512,584,1785153470646652000,1785153470646652000,1785153470646652000,1785153470646653000,1785153470646754000,1785153470646757000,1785153470646757000,1785153470646757000,121932490,121652369,-179.121,0.000,0.000,1.000,3.000,0.000,0.000,2.000,0,0,0
B3_zmq_pushpull,zmq_tcp,none,none,,1,34187,512,584,1785153470647649000,1785153470647649000,1785153470647649000,1785153470647650000,1785153470647732000,1785153470647734000,1785153470647734000,1785153470647734000,121932490,121652369,-198.121,0.000,0.000,1.000,2.000,0.000,0.000,19.000,0,0,0
B3_zmq_pushpull,zmq_tcp,none,none,,1,34188,512,584,1785153470648653000,1785153470648653000,1785153470648653000,1785153470648654000,1785153470648698000,1785153470648701000,1785153470648701000,1785153470648702000,121932490,121652369,-236.121,0.000,0.000,1.000,3.000,0.000,1.000,38.000,0,0,0
B3_zmq_pushpull,zmq_tcp,none,none,,1,34189,512,584,1785153470649652000,1785153470649652000,1785153470649652000,1785153470649653000,1785153470649812000,1785153470649815000,1785153470649815000,1785153470649815000,121932490,121652369,-121.121,0.000,0.000,1.000,3.000,0.000,0.000,115.000,0,0,0
B3_zmq_pushpull,zmq_tcp,none,none,,1,34190,512,584,1785153470650519000,1785153470650519000,1785153470650519000,1785153470650521000,1785153470650669000,1785153470650672000,1785153470650672000,1785153470650672000,121932490,121652369,-132.121,0.000,0.000,2.000,3.000,0.000,0.000,11.000,0,0,0
B3_zmq_pushpull,zmq_tcp,none,none,,1,34191,512,584,1785153470651681000,1785153470651681000,1785153470651681000,1785153470651682000,1785153470651778000,1785153470651781000,1785153470651781000,1785153470651781000,121932490,121652369,-184.121,0.000,0.000,1.000,3.000,0.000,0.000,52.000,0,0,0
B3_zmq_pushpull,zmq_tcp,none,none,,1,34192,512,584,1785153470652646000,1785153470652646000,1785153470652647000,1785153470652647000,1785153470652743000,1785153470652746000,1785153470652746000,1785153470652746000,121932490,121652369,-184.121,0.000,1.000,0.000,3.000,0.000,0.000,0.000,0,0,0
B3_zmq_pushpull,zmq_tcp,none,none,,1,34193,512,584,1785153470653653000,1785153470653653000,1785153470653653000,1785153470653654000,1785153470653725000,1785153470653728000,1785153470653728000,1785153470653728000,121932490,121652369,-209.121,0.000,0.000,1.000,3.000,0.000,0.000,25.000,0,0,0
B3_zmq_pushpull,zmq_tcp,none,none,,1,34194,512,584,1785153470654649000,1785153470654649000,1785153470654649000,1785153470654650000,1785153470654709000,1785153470654711000,1785153470654711000,1785153470654711000,121932490,121652369,-221.121,0.000,0.000,1.000,2.000,0.000,0.000,12.000,0,0,0
B3_zmq_pushpull,zmq_tcp,none,none,,1,34195,512,584,1785153470655653000,1785153470655653000,1785153470655653000,1785153470655654000,1785153470655686000,1785153470655689000,1785153470655689000,1785153470655689000,121932490,121652369,-248.121,0.000,0.000,1.000,3.000,0.000,0.000,27.000,0,0,0
B3_zmq_pushpull,zmq_tcp,none,none,,1,34196,512,584,1785153470656652000,1785153470656652000,1785153470656652000,1785153470656653000,1785153470656791000,1785153470656794000,1785153470656794000,1785153470656794000,121932490,121652369,-142.121,0.000,0.000,1.000,3.000,0.000,0.000,106.000,0,0,0
B3_zmq_pushpull,zmq_tcp,none,none,,1,34197,512,584,1785153470657652000,1785153470657652000,1785153470657652000,1785153470657653000,1785153470657766000,1785153470657769000,1785153470657769000,1785153470657769000,121932490,121652369,-167.121,0.000,0.000,1.000,3.000,0.000,0.000,25.000,0,0,0
B3_zmq_pushpull,zmq_tcp,none,none,,1,34198,512,584,1785153470658653000,1785153470658653000,1785153470658653000,1785153470658654000,1785153470658762000,1785153470658765000,1785153470658765000,1785153470658765000,121932490,121652369,-172.121,0.000,0.000,1.000,3.000,0.000,0.000,5.000,0,0,0
B3_zmq_pushpull,zmq_tcp,none,none,,1,34199,512,584,1785153470659652000,1785153470659652000,1785153470659652000,1785153470659653000,1785153470659733000,1785153470659737000,1785153470659737000,1785153470659737000,121932490,121652369,-200.121,0.000,0.000,1.000,4.000,0.000,0.000,28.000,0,0,0
B3_zmq_pushpull,zmq_tcp,none,none,,1,34200,512,584,1785153470660546000,1785153470660546000,1785153470660546000,1785153470660547000,1785153470660680000,1785153470660682000,1785153470660682000,1785153470660682000,121932490,121652369,-147.121,0.000,0.000,1.000,2.000,0.000,0.000,53.000,0,0,0
B3_zmq_pushpull,zmq_tcp,none,none,,1,34201,512,584,1785153470661678000,1785153470661678000,1785153470661679000,1785153470661679000,1785153470661807000,1785153470661810000,1785153470661810000,1785153470661810000,121932490,121652369,-152.121,0.000,1.000,0.000,3.000,0.000,0.000,5.000,0,0,0
B3_zmq_pushpull,zmq_tcp,none,none,,1,34202,512,584,1785153470662643000,1785153470662643000,1785153470662643000,1785153470662644000,1785153470662785000,1785153470662788000,1785153470662788000,1785153470662788000,121932490,121652369,-139.121,0.000,0.000,1.000,3.000,0.000,0.000,13.000,0,0,0
B3_zmq_pushpull,zmq_tcp,none,none,,1,34203,512,584,1785153470663655000,1785153470663655000,1785153470663655000,1785153470663656000,1785153470663761000,1785153470663764000,1785153470663764000,1785153470663764000,121932490,121652369,-175.121,0.000,0.000,1.000,3.000,0.000,0.000,36.000,0,0,0
B3_zmq_pushpull,zmq_tcp,none,none,,1,34204,512,584,1785153470664653000,1785153470664653000,1785153470664653000,1785153470664654000,1785153470664739000,1785153470664742000,1785153470664742000,1785153470664742000,121932490,121652369,-195.121,0.000,0.000,1.000,3.000,0.000,0.000,20.000,0,0,0
B3_zmq_pushpull,zmq_tcp,none,none,,1,34205,512,584,1785153470665652000,1785153470665652000,1785153470665652000,1785153470665653000,1785153470665850000,1785153470665853000,1785153470665853000,1785153470665853000,121932490,121652369,-83.121,0.000,0.000,1.000,3.000,0.000,0.000,112.000,0,0,0
B3_zmq_pushpull,zmq_tcp,none,none,,1,34206,512,584,1785153470666652000,1785153470666652000,1785153470666652000,1785153470666653000,1785153470666814000,1785153470666817000,1785153470666817000,1785153470666817000,121932490,121652369,-119.121,0.000,0.000,1.000,3.000,0.000,0.000,36.000,0,0,0
B3_zmq_pushpull,zmq_tcp,none,none,,1,34207,512,584,1785153470667652000,1785153470667652000,1785153470667652000,1785153470667653000,1785153470667785000,1785153470667787000,1785153470667788000,1785153470667788000,121932490,121652369,-148.121,0.000,0.000,1.000,2.000,1.000,0.000,29.000,0,0,0
B3_zmq_pushpull,zmq_tcp,none,none,,1,34208,512,584,1785153470668653000,1785153470668653000,1785153470668653000,1785153470668654000,1785153470668756000,1785153470668758000,1785153470668758000,1785153470668758000,121932490,121652369,-178.121,0.000,0.000,1.000,2.000,0.000,0.000,30.000,0,0,0
B3_zmq_pushpull,zmq_tcp,none,none,,1,34209,512,584,1785153470669649000,1785153470669649000,1785153470669649000,1785153470669650000,1785153470669730000,1785153470669733000,1785153470669733000,1785153470669733000,121932490,121652369,-200.121,0.000,0.000,1.000,3.000,0.000,0.000,22.000,0,0,0
B3_zmq_pushpull,zmq_tcp,none,none,,1,34210,512,584,1785153470670654000,1785153470670654000,1785153470670654000,1785153470670655000,1785153470670701000,1785153470670705000,1785153470670705000,1785153470670705000,121932490,121652369,-234.121,0.000,0.000,1.000,4.000,0.000,0.000,34.000,0,0,0
B3_zmq_pushpull,zmq_tcp,none,none,,1,34211,512,584,1785153470671534000,1785153470671534000,1785153470671534000,1785153470671535000,1785153470671682000,1785153470671685000,1785153470671685000,1785153470671685000,121932490,121652369,-133.121,0.000,0.000,1.000,3.000,0.000,0.000,101.000,0,0,0
B3_zmq_pushpull,zmq_tcp,none,none,,1,34212,512,584,1785153470672508000,1785153470672508000,1785153470672508000,1785153470672509000,1785153470672670000,1785153470672673000,1785153470672673000,1785153470672673000,121932490,121652369,-119.121,0.000,0.000,1.000,3.000,0.000,0.000,14.000,0,0,0
B3_zmq_pushpull,zmq_tcp,none,none,,1,34213,512,584,1785153470673688000,1785153470673688000,1785153470673688000,1785153470673689000,1785153470673793000,1785153470673796000,1785153470673796000,1785153470673796000,121932490,121652369,-176.121,0.000,0.000,1.000,3.000,0.000,0.000,57.000,0,0,0
B3_zmq_pushpull,zmq_tcp,none,none,,1,34214,512,584,1785153470674494000,1785153470674494000,1785153470674494000,1785153470674496000,1785153470674637000,1785153470674640000,1785153470674640000,1785153470674640000,121932490,121652369,-139.121,0.000,0.000,2.000,3.000,0.000,0.000,37.000,0,0,0
B3_zmq_pushpull,zmq_tcp,none,none,,1,34215,512,584,1785153470675692000,1785153470675692000,1785153470675692000,1785153470675693000,1785153470675749000,1785153470675752000,1785153470675752000,1785153470675752000,121932490,121652369,-224.121,0.000,0.000,1.000,3.000,0.000,0.000,85.000,0,0,0
B3_zmq_pushpull,zmq_tcp,none,none,,1,34216,512,584,1785153470676640000,1785153470676640000,1785153470676640000,1785153470676641000,1785153470676742000,1785153470676745000,1785153470676745000,1785153470676745000,121932490,121652369,-179.121,0.000,0.000,1.000,3.000,0.000,0.000,45.000,0,0,0
B3_zmq_pushpull,zmq_tcp,none,none,,1,34217,512,584,1785153470677661000,1785153470677661000,1785153470677661000,1785153470677662000,1785153470677721000,1785153470677724000,1785153470677724000,1785153470677724000,121932490,121652369,-221.121,0.000,0.000,1.000,3.000,0.000,0.000,42.000,0,0,0
B3_zmq_pushpull,zmq_tcp,none,none,,1,34218,512,584,1785153470678653000,1785153470678654000,1785153470678654000,1785153470678655000,1785153470678692000,1785153470678696000,1785153470678696000,1785153470678696000,121932490,121652369,-243.121,1.000,0.000,1.000,4.000,0.000,0.000,22.000,0,0,0
B3_zmq_pushpull,zmq_tcp,none,none,,1,34219,512,584,1785153470679521000,1785153470679521000,1785153470679521000,1785153470679522000,1785153470679669000,1785153470679672000,1785153470679672000,1785153470679672000,121932490,121652369,-133.121,0.000,0.000,1.000,3.000,0.000,0.000,110.000,0,0,0
B3_zmq_pushpull,zmq_tcp,none,none,,1,34220,512,584,1785153470680685000,1785153470680685000,1785153470680685000,1785153470680686000,1785153470680798000,1785153470680801000,1785153470680801000,1785153470680801000,121932490,121652369,-168.121,0.000,0.000,1.000,3.000,0.000,0.000,35.000,0,0,0
B3_zmq_pushpull,zmq_tcp,none,none,,1,34221,512,584,1785153470681644000,1785153470681644000,1785153470681644000,1785153470681645000,1785153470681775000,1785153470681778000,1785153470681778000,1785153470681778000,121932490,121652369,-150.121,0.000,0.000,1.000,3.000,0.000,0.000,18.000,0,0,0
B3_zmq_pushpull,zmq_tcp,none,none,,1,34222,512,584,1785153470682655000,1785153470682655000,1785153470682655000,1785153470682656000,1785153470682754000,1785153470682757000,1785153470682757000,1785153470682757000,121932490,121652369,-182.121,0.000,0.000,1.000,3.000,0.000,0.000,32.000,0,0,0
B3_zmq_pushpull,zmq_tcp,none,none,,1,34223,512,584,1785153470683650000,1785153470683651000,1785153470683651000,1785153470683652000,1785153470683721000,1785153470683725000,1785153470683725000,1785153470683725000,121932490,121652369,-211.121,1.000,0.000,1.000,4.000,0.000,0.000,29.000,0,0,0
B3_zmq_pushpull,zmq_tcp,none,none,,1,34224,512,584,1785153470684547000,1785153470684548000,1785153470684548000,1785153470684549000,1785153470684681000,1785153470684684000,1785153470684684000,1785153470684684000,121932490,121652369,-148.121,1.000,0.000,1.000,3.000,0.000,0.000,63.000,0,0,0
B3_zmq_pushpull,zmq_tcp,none,none,,1,34225,512,584,1785153470685678000,1785153470685679000,1785153470685679000,1785153470685680000,1785153470685814000,1785153470685817000,1785153470685817000,1785153470685817000,121932490,121652369,-146.121,1.000,0.000,1.000,3.000,0.000,0.000,2.000,0,0,0
B3_zmq_pushpull,zmq_tcp,none,none,,1,34226,512,584,1785153470686643000,1785153470686643000,1785153470686643000,1785153470686644000,1785153470686789000,1785153470686792000,1785153470686792000,1785153470686792000,121932490,121652369,-135.121,0.000,0.000,1.000,3.000,0.000,0.000,11.000,0,0,0
B3_zmq_pushpull,zmq_tcp,none,none,,1,34227,512,584,1785153470687486000,1785153470687486000,1785153470687486000,1785153470687487000,1785153470687642000,1785153470687645000,1785153470687645000,1785153470687645000,121932490,121652369,-125.121,0.000,0.000,1.000,3.000,0.000,0.000,10.000,0,0,0
B3_zmq_pushpull,zmq_tcp,none,none,,1,34228,512,584,1785153470688693000,1785153470688693000,1785153470688693000,1785153470688694000,1785153470688742000,1785153470688745000,1785153470688745000,1785153470688745000,121932490,121652369,-232.121,0.000,0.000,1.000,3.000,0.000,0.000,107.000,0,0,0
B3_zmq_pushpull,zmq_tcp,none,none,,1,34229,512,584,1785153470689641000,1785153470689642000,1785153470689642000,1785153470689643000,1785153470689720000,1785153470689722000,1785153470689722000,1785153470689722000,121932490,121652369,-203.121,1.000,0.000,1.000,2.000,0.000,0.000,29.000,0,0,0
B3_zmq_pushpull,zmq_tcp,none,none,,1,34230,512,584,1785153470690655000,1785153470690655000,1785153470690655000,1785153470690656000,1785153470690698000,1785153470690701000,1785153470690701000,1785153470690701000,121932490,121652369,-238.121,0.000,0.000,1.000,3.000,0.000,0.000,35.000,0,0,0
B3_zmq_pushpull,zmq_tcp,none,none,,1,34231,512,584,1785153470691518000,1785153470691518000,1785153470691518000,1785153470691519000,1785153470691663000,1785153470691666000,1785153470691666000,1785153470691666000,121932490,121652369,-136.121,0.000,0.000,1.000,3.000,0.000,0.000,102.000,0,0,0
B3_zmq_pushpull,zmq_tcp,none,none,,1,34232,512,584,1785153470692687000,1785153470692687000,1785153470692687000,1785153470692688000,1785153470692800000,1785153470692804000,1785153470692804000,1785153470692804000,121932490,121652369,-168.121,0.000,0.000,1.000,4.000,0.000,0.000,32.000,0,0,0
B3_zmq_pushpull,zmq_tcp,none,none,,1,34233,512,584,1785153470693500000,1785153470693501000,1785153470693501000,1785153470693502000,1785153470693657000,1785153470693660000,1785153470693660000,1785153470693660000,121932490,121652369,-125.121,1.000,0.000,1.000,3.000,0.000,0.000,43.000,0,0,0
B3_zmq_pushpull,zmq_tcp,none,none,,1,34234,512,584,1785153470694497000,1785153470694497000,1785153470694497000,1785153470694498000,1785153470694646000,1785153470694649000,1785153470694649000,1785153470694649000,121932490,121652369,-132.121,0.000,0.000,1.000,3.000,0.000,0.000,7.000,0,0,0
B3_zmq_pushpull,zmq_tcp,none,none,,1,34235,512,584,1785153470695691000,1785153470695691000,1785153470695691000,1785153470695692000,1785153470695758000,1785153470695762000,1785153470695762000,1785153470695762000,121932490,121652369,-214.121,0.000,0.000,1.000,4.000,0.000,0.000,82.000,0,0,0
B3_zmq_pushpull,zmq_tcp,none,none,,1,34236,512,584,1785153470696640000,1785153470696640000,1785153470696640000,1785153470696641000,1785153470696746000,1785153470696749000,1785153470696749000,1785153470696749000,121932490,121652369,-175.121,0.000,0.000,1.000,3.000,0.000,0.000,39.000,0,0,0
B3_zmq_pushpull,zmq_tcp,none,none,,1,34237,512,584,1785153470697656000,1785153470697656000,1785153470697656000,1785153470697657000,1785153470697694000,1785153470697697000,1785153470697697000,1785153470697697000,121932490,121652369,-243.121,0.000,0.000,1.000,3.000,0.000,0.000,68.000,0,0,0
B3_zmq_pushpull,zmq_tcp,none,none,,1,34238,512,584,1785153470698652000,1785153470698652000,1785153470698652000,1785153470698653000,1785153470698820000,1785153470698822000,1785153470698822000,1785153470698822000,121932490,121652369,-113.121,0.000,0.000,1.000,2.000,0.000,0.000,130.000,0,0,0
B3_zmq_pushpull,zmq_tcp,none,none,,1,34239,512,584,1785153470699654000,1785153470699655000,1785153470699655000,1785153470699656000,1785153470699792000,1785153470699794000,1785153470699794000,1785153470699794000,121932490,121652369,-144.121,1.000,0.000,1.000,2.000,0.000,0.000,31.000,0,0,0
B3_zmq_pushpull,zmq_tcp,none,none,,1,34240,512,584,1785153470700648000,1785153470700648000,1785153470700648000,1785153470700649000,1785153470700757000,1785153470700760000,1785153470700760000,1785153470700760000,121932490,121652369,-172.121,0.000,0.000,1.000,3.000,0.000,0.000,28.000,0,0,0
B3_zmq_pushpull,zmq_tcp,none,none,,1,34241,512,584,1785153470701654000,1785153470701654000,1785153470701654000,1785153470701655000,1785153470701718000,1785153470701721000,1785153470701721000,1785153470701721000,121932490,121652369,-217.121,0.000,0.000,1.000,3.000,0.000,0.000,45.000,0,0,0
B3_zmq_pushpull,zmq_tcp,none,none,,1,34242,512,584,1785153470702652000,1785153470702652000,1785153470702652000,1785153470702653000,1785153470702698000,1785153470702701000,1785153470702701000,1785153470702701000,121932490,121652369,-235.121,0.000,0.000,1.000,3.000,0.000,0.000,18.000,0,0,0
B3_zmq_pushpull,zmq_tcp,none,none,,1,34243,512,584,1785153470703653000,1785153470703653000,1785153470703653000,1785153470703654000,1785153470703793000,1785153470703796000,1785153470703796000,1785153470703796000,121932490,121652369,-141.121,0.000,0.000,1.000,3.000,0.000,0.000,94.000,0,0,0
B3_zmq_pushpull,zmq_tcp,none,none,,1,34244,512,584,1785153470704650000,1785153470704650000,1785153470704650000,1785153470704651000,1785153470704771000,1785153470704774000,1785153470704774000,1785153470704774000,121932490,121652369,-160.121,0.000,0.000,1.000,3.000,0.000,0.000,19.000,0,0,0
B3_zmq_pushpull,zmq_tcp,none,none,,1,34245,512,584,1785153470705656000,1785153470705656000,1785153470705656000,1785153470705657000,1785153470705773000,1785153470705776000,1785153470705776000,1785153470705776000,121932490,121652369,-164.121,0.000,0.000,1.000,3.000,0.000,0.000,4.000,0,0,0
B3_zmq_pushpull,zmq_tcp,none,none,,1,34246,512,584,1785153470706651000,1785153470706651000,1785153470706651000,1785153470706652000,1785153470706741000,1785153470706744000,1785153470706744000,1785153470706744000,121932490,121652369,-191.121,0.000,0.000,1.000,3.000,0.000,0.000,27.000,0,0,0
B3_zmq_pushpull,zmq_tcp,none,none,,1,34247,512,584,1785153470707656000,1785153470707656000,1785153470707656000,1785153470707657000,1785153470707836000,1785153470707839000,1785153470707839000,1785153470707839000,121932490,121652369,-101.121,0.000,0.000,1.000,3.000,0.000,0.000,90.000,0,0,0
B3_zmq_pushpull,zmq_tcp,none,none,,1,34248,512,584,1785153470708648000,1785153470708649000,1785153470708649000,1785153470708650000,1785153470708819000,1785153470708822000,1785153470708822000,1785153470708822000,121932490,121652369,-111.121,1.000,0.000,1.000,3.000,0.000,0.000,10.000,0,0,0
B3_zmq_pushpull,zmq_tcp,none,none,,1,34249,512,584,1785153470709653000,1785153470709653000,1785153470709654000,1785153470709654000,1785153470709804000,1785153470709807000,1785153470709807000,1785153470709807000,121932490,121652369,-130.121,0.000,1.000,0.000,3.000,0.000,0.000,19.000,0,0,0
B3_zmq_pushpull,zmq_tcp,none,none,,1,34250,512,584,1785153470710652000,1785153470710652000,1785153470710652000,1785153470710653000,1785153470710780000,1785153470710783000,1785153470710783000,1785153470710783000,121932490,121652369,-153.121,0.000,0.000,1.000,3.000,0.000,0.000,23.000,0,0,0
B3_zmq_pushpull,zmq_tcp,none,none,,1,34251,512,584,1785153470711456000,1785153470711456000,1785153470711456000,1785153470711457000,1785153470711609000,1785153470711612000,1785153470711612000,1785153470711612000,121932490,121652369,-128.121,0.000,0.000,1.000,3.000,0.000,0.000,25.000,0,0,0
B3_zmq_pushpull,zmq_tcp,none,none,,1,34252,512,584,1785153470712702000,1785153470712702000,1785153470712702000,1785153470712703000,1785153470712893000,1785153470712896000,1785153470712896000,1785153470712896000,121932490,121652369,-90.121,0.000,0.000,1.000,3.000,0.000,0.000,38.000,0,0,0
B3_zmq_pushpull,zmq_tcp,none,none,,1,34253,512,584,1785153470713458000,1785153470713458000,1785153470713458000,1785153470713459000,1785153470713618000,1785153470713621000,1785153470713621000,1785153470713621000,121932490,121652369,-121.121,0.000,0.000,1.000,3.000,0.000,0.000,31.000,0,0,0
B3_zmq_pushpull,zmq_tcp,none,none,,1,34254,512,584,1785153470714458000,1785153470714458000,1785153470714458000,1785153470714459000,1785153470714593000,1785153470714596000,1785153470714596000,1785153470714596000,121932490,121652369,-146.121,0.000,0.000,1.000,3.000,0.000,0.000,25.000,0,0,0
B3_zmq_pushpull,zmq_tcp,none,none,,1,34255,512,584,1785153470715545000,1785153470715545000,1785153470715545000,1785153470715546000,1785153470715697000,1785153470715700000,1785153470715700000,1785153470715700000,121932490,121652369,-129.121,0.000,0.000,1.000,3.000,0.000,0.000,17.000,0,0,0
B3_zmq_pushpull,zmq_tcp,none,none,,1,34256,512,584,1785153470716503000,1785153470716503000,1785153470716503000,1785153470716504000,1785153470716647000,1785153470716649000,1785153470716649000,1785153470716649000,121932490,121652369,-137.121,0.000,0.000,1.000,2.000,0.000,0.000,8.000,0,0,0
B3_zmq_pushpull,zmq_tcp,none,none,,1,34257,512,584,1785153470717474000,1785153470717474000,1785153470717474000,1785153470717475000,1785153470717618000,1785153470717621000,1785153470717621000,1785153470717621000,121932490,121652369,-137.121,0.000,0.000,1.000,3.000,0.000,0.000,0.000,0,0,0
B3_zmq_pushpull,zmq_tcp,none,none,,1,34258,512,584,1785153470718693000,1785153470718694000,1785153470718694000,1785153470718695000,1785153470718751000,1785153470718755000,1785153470718755000,1785153470718755000,121932490,121652369,-224.121,1.000,0.000,1.000,4.000,0.000,0.000,87.000,0,0,0
B3_zmq_pushpull,zmq_tcp,none,none,,1,34259,512,584,1785153470719581000,1785153470719581000,1785153470719581000,1785153470719582000,1785153470719739000,1785153470719741000,1785153470719741000,1785153470719741000,121932490,121652369,-123.121,0.000,0.000,1.000,2.000,0.000,0.000,101.000,0,0,0
B3_zmq_pushpull,zmq_tcp,none,none,,1,34260,512,584,1785153470720671000,1785153470720671000,1785153470720671000,1785153470720672000,1785153470720841000,1785153470720844000,1785153470720844000,1785153470720844000,121932490,121652369,-111.121,0.000,0.000,1.000,3.000,0.000,0.000,12.000,0,0,0
B3_zmq_pushpull,zmq_tcp,none,none,,1,34261,512,584,1785153470721649000,1785153470721649000,1785153470721649000,1785153470721650000,1785153470721821000,1785153470721824000,1785153470721824000,1785153470721824000,121932490,121652369,-109.121,0.000,0.000,1.000,3.000,0.000,0.000,2.000,0,0,0
B3_zmq_pushpull,zmq_tcp,none,none,,1,34262,512,584,1785153470722653000,1785153470722654000,1785153470722654000,1785153470722655000,1785153470722805000,1785153470722808000,1785153470722808000,1785153470722808000,121932490,121652369,-130.121,1.000,0.000,1.000,3.000,0.000,0.000,21.000,0,0,0
B3_zmq_pushpull,zmq_tcp,none,none,,1,34263,512,584,1785153470723490000,1785153470723490000,1785153470723490000,1785153470723492000,1785153470723633000,1785153470723637000,1785153470723637000,1785153470723637000,121932490,121652369,-139.121,0.000,0.000,2.000,4.000,0.000,0.000,9.000,0,0,0
B3_zmq_pushpull,zmq_tcp,none,none,,1,34264,512,584,1785153470724694000,1785153470724694000,1785153470724694000,1785153470724695000,1785153470724752000,1785153470724755000,1785153470724755000,1785153470724755000,121932490,121652369,-223.121,0.000,0.000,1.000,3.000,0.000,0.000,84.000,0,0,0
B3_zmq_pushpull,zmq_tcp,none,none,,1,34265,512,584,1785153470725639000,1785153470725639000,1785153470725639000,1785153470725640000,1785153470725722000,1785153470725724000,1785153470725724000,1785153470725724000,121932490,121652369,-198.121,0.000,0.000,1.000,2.000,0.000,0.000,25.000,0,0,0
B3_zmq_pushpull,zmq_tcp,none,none,,1,34266,512,584,1785153470726656000,1785153470726656000,1785153470726656000,1785153470726657000,1785153470726704000,1785153470726707000,1785153470726707000,1785153470726707000,121932490,121652369,-233.121,0.000,0.000,1.000,3.000,0.000,0.000,35.000,0,0,0
B3_zmq_pushpull,zmq_tcp,none,none,,1,34267,512,584,1785153470727654000,1785153470727655000,1785153470727655000,1785153470727656000,1785153470727815000,1785153470727818000,1785153470727818000,1785153470727818000,121932490,121652369,-121.121,1.000,0.000,1.000,3.000,0.000,0.000,112.000,0,0,0
B3_zmq_pushpull,zmq_tcp,none,none,,1,34268,512,584,1785153470728495000,1785153470728495000,1785153470728495000,1785153470728496000,1785153470728641000,1785153470728644000,1785153470728645000,1785153470728645000,121932490,121652369,-135.121,0.000,0.000,1.000,3.000,1.000,0.000,14.000,0,0,0
B3_zmq_pushpull,zmq_tcp,none,none,,1,34269,512,584,1785153470729692000,1785153470729692000,1785153470729692000,1785153470729693000,1785153470729779000,1785153470729782000,1785153470729782000,1785153470729782000,121932490,121652369,-194.121,0.000,0.000,1.000,3.000,0.000,0.000,59.000,0,0,0
B3_zmq_pushpull,zmq_tcp,none,none,,1,34270,512,584,1785153470730643000,1785153470730643000,1785153470730643000,1785153470730644000,1785153470730745000,1785153470730748000,1785153470730748000,1785153470730748000,121932490,121652369,-179.121,0.000,0.000,1.000,3.000,0.000,0.000,15.000,0,0,0
B3_zmq_pushpull,zmq_tcp,none,none,,1,34271,512,584,1785153470731655000,1785153470731655000,1785153470731655000,1785153470731656000,1785153470731732000,1785153470731734000,1785153470731734000,1785153470731735000,121932490,121652369,-204.121,0.000,0.000,1.000,2.000,0.000,1.000,25.000,0,0,0
B3_zmq_pushpull,zmq_tcp,none,none,,1,34272,512,584,1785153470732649000,1785153470732650000,1785153470732650000,1785153470732651000,1785153470732702000,1785153470732705000,1785153470732705000,1785153470732705000,121932490,121652369,-229.121,1.000,0.000,1.000,3.000,0.000,0.000,25.000,0,0,0
B3_zmq_pushpull,zmq_tcp,none,none,,1,34273,512,584,1785153470733654000,1785153470733654000,1785153470733654000,1785153470733655000,1785153470733815000,1785153470733817000,1785153470733817000,1785153470733817000,121932490,121652369,-120.121,0.000,0.000,1.000,2.000,0.000,0.000,109.000,0,0,0
B3_zmq_pushpull,zmq_tcp,none,none,,1,34274,512,584,1785153470734652000,1785153470734652000,1785153470734652000,1785153470734653000,1785153470734791000,1785153470734793000,1785153470734793000,1785153470734793000,121932490,121652369,-142.121,0.000,0.000,1.000,2.000,0.000,0.000,22.000,0,0,0
B3_zmq_pushpull,zmq_tcp,none,none,,1,34275,512,584,1785153470735655000,1785153470735655000,1785153470735655000,1785153470735656000,1785153470735779000,1785153470735781000,1785153470735781000,1785153470735781000,121932490,121652369,-157.121,0.000,0.000,1.000,2.000,0.000,0.000,15.000,0,0,0
B3_zmq_pushpull,zmq_tcp,none,none,,1,34276,512,584,1785153470736651000,1785153470736651000,1785153470736651000,1785153470736652000,1785153470736755000,1785153470736759000,1785153470736759000,1785153470736759000,121932490,121652369,-177.121,0.000,0.000,1.000,4.000,0.000,0.000,20.000,0,0,0
B3_zmq_pushpull,zmq_tcp,none,none,,1,34277,512,584,1785153470737652000,1785153470737652000,1785153470737652000,1785153470737653000,1785153470737737000,1785153470737740000,1785153470737740000,1785153470737740000,121932490,121652369,-196.121,0.000,0.000,1.000,3.000,0.000,0.000,19.000,0,0,0
B3_zmq_pushpull,zmq_tcp,none,none,,1,34278,512,584,1785153470738652000,1785153470738652000,1785153470738652000,1785153470738653000,1785153470738712000,1785153470738714000,1785153470738714000,1785153470738715000,121932490,121652369,-221.121,0.000,0.000,1.000,2.000,0.000,1.000,25.000,0,0,0
B3_zmq_pushpull,zmq_tcp,none,none,,1,34279,512,584,1785153470739653000,1785153470739653000,1785153470739654000,1785153470739654000,1785153470739824000,1785153470739826000,1785153470739826000,1785153470739826000,121932490,121652369,-110.121,0.000,1.000,0.000,2.000,0.000,0.000,111.000,0,0,0
B3_zmq_pushpull,zmq_tcp,none,none,,1,34280,512,584,1785153470740651000,1785153470740651000,1785153470740651000,1785153470740652000,1785153470740824000,1785153470740827000,1785153470740827000,1785153470740827000,121932490,121652369,-108.121,0.000,0.000,1.000,3.000,0.000,0.000,2.000,0,0,0
B3_zmq_pushpull,zmq_tcp,none,none,,1,34281,512,584,1785153470741502000,1785153470741502000,1785153470741502000,1785153470741503000,1785153470741650000,1785153470741653000,1785153470741653000,1785153470741653000,121932490,121652369,-133.121,0.000,0.000,1.000,3.000,0.000,0.000,25.000,0,0,0
B3_zmq_pushpull,zmq_tcp,none,none,,1,34282,512,584,1785153470742489000,1785153470742489000,1785153470742489000,1785153470742490000,1785153470742645000,1785153470742648000,1785153470742648000,1785153470742648000,121932490,121652369,-125.121,0.000,0.000,1.000,3.000,0.000,0.000,8.000,0,0,0
B3_zmq_pushpull,zmq_tcp,none,none,,1,34283,512,584,1785153470743480000,1785153470743480000,1785153470743480000,1785153470743481000,1785153470743631000,1785153470743634000,1785153470743634000,1785153470743634000,121932490,121652369,-130.121,0.000,0.000,1.000,3.000,0.000,0.000,5.000,0,0,0
B3_zmq_pushpull,zmq_tcp,none,none,,1,34284,512,584,1785153470744471000,1785153470744471000,1785153470744472000,1785153470744472000,1785153470744615000,1785153470744617000,1785153470744617000,1785153470744617000,121932490,121652369,-137.121,0.000,1.000,0.000,2.000,0.000,0.000,7.000,0,0,0
B3_zmq_pushpull,zmq_tcp,none,none,,1,34285,512,584,1785153470745463000,1785153470745463000,1785153470745463000,1785153470745464000,1785153470745605000,1785153470745607000,1785153470745607000,1785153470745607000,121932490,121652369,-139.121,0.000,0.000,1.000,2.000,0.000,0.000,2.000,0,0,0
B3_zmq_pushpull,zmq_tcp,none,none,,1,34286,512,584,1785153470746578000,1785153470746578000,1785153470746578000,1785153470746579000,1785153470746739000,1785153470746742000,1785153470746742000,1785153470746742000,121932490,121652369,-120.121,0.000,0.000,1.000,3.000,0.000,0.000,19.000,0,0,0
B3_zmq_pushpull,zmq_tcp,none,none,,1,34287,512,584,1785153470747576000,1785153470747576000,1785153470747576000,1785153470747577000,1785153470747723000,1785153470747725000,1785153470747725000,1785153470747725000,121932490,121652369,-134.121,0.000,0.000,1.000,2.000,0.000,0.000,14.000,0,0,0
B3_zmq_pushpull,zmq_tcp,none,none,,1,34288,512,584,1785153470748672000,1785153470748672000,1785153470748672000,1785153470748673000,1785153470748828000,1785153470748831000,1785153470748831000,1785153470748831000,121932490,121652369,-125.121,0.000,0.000,1.000,3.000,0.000,0.000,9.000,0,0,0
B3_zmq_pushpull,zmq_tcp,none,none,,1,34289,512,584,1785153470749651000,1785153470749651000,1785153470749651000,1785153470749652000,1785153470749808000,1785153470749811000,1785153470749811000,1785153470749811000,121932490,121652369,-124.121,0.000,0.000,1.000,3.000,0.000,0.000,1.000,0,0,0
B3_zmq_pushpull,zmq_tcp,none,none,,1,34290,512,584,1785153470750653000,1785153470750653000,1785153470750653000,1785153470750654000,1785153470750760000,1785153470750763000,1785153470750763000,1785153470750763000,121932490,121652369,-174.121,0.000,0.000,1.000,3.000,0.000,0.000,50.000,0,0,0
B3_zmq_pushpull,zmq_tcp,none,none,,1,34291,512,584,1785153470751653000,1785153470751653000,1785153470751653000,1785153470751654000,1785153470751719000,1785153470751721000,1785153470751721000,1785153470751721000,121932490,121652369,-215.121,0.000,0.000,1.000,2.000,0.000,0.000,41.000,0,0,0
B3_zmq_pushpull,zmq_tcp,none,none,,1,34292,512,584,1785153470752653000,1785153470752653000,1785153470752653000,1785153470752654000,1785153470752686000,1785153470752689000,1785153470752689000,1785153470752689000,121932490,121652369,-248.121,0.000,0.000,1.000,3.000,0.000,0.000,33.000,0,0,0
B3_zmq_pushpull,zmq_tcp,none,none,,1,34293,512,584,1785153470753652000,1785153470753653000,1785153470753653000,1785153470753654000,1785153470753812000,1785153470753815000,1785153470753815000,1785153470753815000,121932490,121652369,-122.121,1.000,0.000,1.000,3.000,0.000,0.000,126.000,0,0,0
B3_zmq_pushpull,zmq_tcp,none,none,,1,34294,512,584,1785153470754652000,1785153470754652000,1785153470754652000,1785153470754653000,1785153470754791000,1785153470754793000,1785153470754793000,1785153470754793000,121932490,121652369,-142.121,0.000,0.000,1.000,2.000,0.000,0.000,20.000,0,0,0
B3_zmq_pushpull,zmq_tcp,none,none,,1,34295,512,584,1785153470755654000,1785153470755654000,1785153470755654000,1785153470755655000,1785153470755765000,1785153470755768000,1785153470755768000,1785153470755768000,121932490,121652369,-170.121,0.000,0.000,1.000,3.000,0.000,0.000,28.000,0,0,0
B3_zmq_pushpull,zmq_tcp,none,none,,1,34296,512,584,1785153470756651000,1785153470756651000,1785153470756651000,1785153470756652000,1785153470756748000,1785153470756751000,1785153470756751000,1785153470756751000,121932490,121652369,-184.121,0.000,0.000,1.000,3.000,0.000,0.000,14.000,0,0,0
B3_zmq_pushpull,zmq_tcp,none,none,,1,34297,512,584,1785153470757653000,1785153470757653000,1785153470757653000,1785153470757654000,1785153470757739000,1785153470757742000,1785153470757742000,1785153470757742000,121932490,121652369,-195.121,0.000,0.000,1.000,3.000,0.000,0.000,11.000,0,0,0
B3_zmq_pushpull,zmq_tcp,none,none,,1,34298,512,584,1785153470758652000,1785153470758653000,1785153470758653000,1785153470758654000,1785153470758717000,1785153470758720000,1785153470758720000,1785153470758720000,121932490,121652369,-217.121,1.000,0.000,1.000,3.000,0.000,0.000,22.000,0,0,0
B3_zmq_pushpull,zmq_tcp,none,none,,1,34299,512,584,1785153470759652000,1785153470759652000,1785153470759653000,1785153470759653000,1785153470759708000,1785153470759711000,1785153470759711000,1785153470759711000,121932490,121652369,-225.121,0.000,1.000,0.000,3.000,0.000,0.000,8.000,0,0,0
B3_zmq_pushpull,zmq_tcp,none,none,,1,34300,512,584,1785153470760654000,1785153470760654000,1785153470760655000,1785153470760655000,1785153470760703000,1785153470760706000,1785153470760706000,1785153470760707000,121932490,121652369,-232.121,0.000,1.000,0.000,3.000,0.000,1.000,7.000,0,0,0
B3_zmq_pushpull,zmq_tcp,none,none,,1,34301,512,584,1785153470761655000,1785153470761655000,1785153470761655000,1785153470761656000,1785153470761812000,1785153470761816000,1785153470761816000,1785153470761816000,121932490,121652369,-124.121,0.000,0.000,1.000,4.000,0.000,0.000,108.000,0,0,0
B3_zmq_pushpull,zmq_tcp,none,none,,1,34302,512,584,1785153470762653000,1785153470762653000,1785153470762653000,1785153470762654000,1785153470762797000,1785153470762801000,1785153470762801000,1785153470762801000,121932490,121652369,-137.121,0.000,0.000,1.000,4.000,0.000,0.000,13.000,0,0,0
B3_zmq_pushpull,zmq_tcp,none,none,,1,34303,512,584,1785153470763655000,1785153470763655000,1785153470763655000,1785153470763656000,1785153470763771000,1785153470763774000,1785153470763774000,1785153470763774000,121932490,121652369,-165.121,0.000,0.000,1.000,3.000,0.000,0.000,28.000,0,0,0
B3_zmq_pushpull,zmq_tcp,none,none,,1,34304,512,584,1785153470764652000,1785153470764652000,1785153470764652000,1785153470764653000,1785153470764739000,1785153470764742000,1785153470764742000,1785153470764742000,121932490,121652369,-194.121,0.000,0.000,1.000,3.000,0.000,0.000,29.000,0,0,0
B3_zmq_pushpull,zmq_tcp,none,none,,1,34305,512,584,1785153470765652000,1785153470765652000,1785153470765652000,1785153470765653000,1785153470765732000,1785153470765735000,1785153470765735000,1785153470765735000,121932490,121652369,-201.121,0.000,0.000,1.000,3.000,0.000,0.000,7.000,0,0,0
B3_zmq_pushpull,zmq_tcp,none,none,,1,34306,512,584,1785153470766652000,1785153470766652000,1785153470766652000,1785153470766653000,1785153470766702000,1785153470766706000,1785153470766706000,1785153470766706000,121932490,121652369,-231.121,0.000,0.000,1.000,4.000,0.000,0.000,30.000,0,0,0
B3_zmq_pushpull,zmq_tcp,none,none,,1,34307,512,584,1785153470767652000,1785153470767652000,1785153470767653000,1785153470767653000,1785153470767819000,1785153470767822000,1785153470767822000,1785153470767822000,121932490,121652369,-114.121,0.000,1.000,0.000,3.000,0.000,0.000,117.000,0,0,0
B3_zmq_pushpull,zmq_tcp,none,none,,1,34308,512,584,1785153470768648000,1785153470768648000,1785153470768649000,1785153470768649000,1785153470768809000,1785153470768812000,1785153470768812000,1785153470768812000,121932490,121652369,-120.121,0.000,1.000,0.000,3.000,0.000,0.000,6.000,0,0,0
B3_zmq_pushpull,zmq_tcp,none,none,,1,34309,512,584,1785153470769654000,1785153470769654000,1785153470769654000,1785153470769655000,1785153470769788000,1785153470769791000,1785153470769791000,1785153470769791000,121932490,121652369,-147.121,0.000,0.000,1.000,3.000,0.000,0.000,27.000,0,0,0
B3_zmq_pushpull,zmq_tcp,none,none,,1,34310,512,584,1785153470770489000,1785153470770489000,1785153470770489000,1785153470770490000,1785153470770631000,1785153470770633000,1785153470770633000,1785153470770633000,121932490,121652369,-139.121,0.000,0.000,1.000,2.000,0.000,0.000,8.000,0,0,0
B3_zmq_pushpull,zmq_tcp,none,none,,1,34311,512,584,1785153470771463000,1785153470771463000,1785153470771463000,1785153470771464000,1785153470771616000,1785153470771619000,1785153470771619000,1785153470771619000,121932490,121652369,-128.121,0.000,0.000,1.000,3.000,0.000,0.000,11.000,0,0,0
B3_zmq_pushpull,zmq_tcp,none,none,,1,34312,512,584,1785153470772455000,1785153470772456000,1785153470772456000,1785153470772457000,1785153470772596000,1785153470772599000,1785153470772599000,1785153470772599000,121932490,121652369,-141.121,1.000,0.000,1.000,3.000,0.000,0.000,13.000,0,0,0
B3_zmq_pushpull,zmq_tcp,none,none,,1,34313,512,584,1785153470773566000,1785153470773566000,1785153470773566000,1785153470773567000,1785153470773708000,1785153470773711000,1785153470773711000,1785153470773711000,121932490,121652369,-139.121,0.000,0.000,1.000,3.000,0.000,0.000,2.000,0,0,0
B3_zmq_pushpull,zmq_tcp,none,none,,1,34314,512,584,1785153470774537000,1785153470774538000,1785153470774538000,1785153470774539000,1785153470774692000,1785153470774695000,1785153470774695000,1785153470774695000,121932490,121652369,-127.121,1.000,0.000,1.000,3.000,0.000,0.000,12.000,0,0,0
B3_zmq_pushpull,zmq_tcp,none,none,,1,34315,512,584,1785153470775680000,1785153470775680000,1785153470775680000,1785153470775681000,1785153470775826000,1785153470775828000,1785153470775828000,1785153470775828000,121932490,121652369,-135.121,0.000,0.000,1.000,2.000,0.000,0.000,8.000,0,0,0
B3_zmq_pushpull,zmq_tcp,none,none,,1,34316,512,584,1785153470776648000,1785153470776648000,1785153470776648000,1785153470776649000,1785153470776806000,1785153470776808000,1785153470776808000,1785153470776808000,121932490,121652369,-123.121,0.000,0.000,1.000,2.000,0.000,0.000,12.000,0,0,0
B3_zmq_pushpull,zmq_tcp,none,none,,1,34317,512,584,1785153470777654000,1785153470777654000,1785153470777654000,1785153470777655000,1785153470777797000,1785153470777800000,1785153470777800000,1785153470777800000,121932490,121652369,-138.121,0.000,0.000,1.000,3.000,0.000,0.000,15.000,0,0,0
B3_zmq_pushpull,zmq_tcp,none,none,,1,34318,512,584,1785153470778500000,1785153470778500000,1785153470778501000,1785153470778501000,1785153470778653000,1785153470778656000,1785153470778656000,1785153470778656000,121932490,121652369,-128.121,0.000,1.000,0.000,3.000,0.000,0.000,10.000,0,0,0
B3_zmq_pushpull,zmq_tcp,none,none,,1,34319,512,584,1785153470779481000,1785153470779481000,1785153470779481000,1785153470779482000,1785153470779637000,1785153470779641000,1785153470779641000,1785153470779641000,121932490,121652369,-125.121,0.000,0.000,1.000,4.000,0.000,0.000,3.000,0,0,0
B3_zmq_pushpull,zmq_tcp,none,none,,1,34320,512,584,1785153470780695000,1785153470780695000,1785153470780695000,1785153470780696000,1785153470780749000,1785153470780753000,1785153470780753000,1785153470780753000,121932490,121652369,-227.121,0.000,0.000,1.000,4.000,0.000,0.000,102.000,0,0,0
B3_zmq_pushpull,zmq_tcp,none,none,,1,34321,512,584,1785153470781465000,1785153470781465000,1785153470781465000,1785153470781466000,1785153470781609000,1785153470781612000,1785153470781612000,1785153470781612000,121932490,121652369,-137.121,0.000,0.000,1.000,3.000,0.000,0.000,90.000,0,0,0
B3_zmq_pushpull,zmq_tcp,none,none,,1,34322,512,584,1785153470782459000,1785153470782460000,1785153470782460000,1785153470782461000,1785153470782596000,1785153470782599000,1785153470782599000,1785153470782599000,121932490,121652369,-145.121,1.000,0.000,1.000,3.000,0.000,0.000,8.000,0,0,0
B3_zmq_pushpull,zmq_tcp,none,none,,1,34323,512,584,1785153470783569000,1785153470783569000,1785153470783570000,1785153470783570000,1785153470783730000,1785153470783732000,1785153470783732000,1785153470783732000,121932490,121652369,-120.121,0.000,1.000,0.000,2.000,0.000,0.000,25.000,0,0,0
B3_zmq_pushpull,zmq_tcp,none,none,,1,34324,512,584,1785153470784676000,1785153470784676000,1785153470784676000,1785153470784677000,1785153470784831000,1785153470784834000,1785153470784834000,1785153470784834000,121932490,121652369,-126.121,0.000,0.000,1.000,3.000,0.000,0.000,6.000,0,0,0
B3_zmq_pushpull,zmq_tcp,none,none,,1,34325,512,584,1785153470785643000,1785153470785643000,1785153470785644000,1785153470785644000,1785153470785804000,1785153470785807000,1785153470785807000,1785153470785807000,121932490,121652369,-120.121,0.000,1.000,0.000,3.000,0.000,0.000,6.000,0,0,0
B3_zmq_pushpull,zmq_tcp,none,none,,1,34326,512,584,1785153470786506000,1785153470786506000,1785153470786506000,1785153470786508000,1785153470786655000,1785153470786657000,1785153470786658000,1785153470786658000,121932490,121652369,-133.121,0.000,0.000,2.000,2.000,1.000,0.000,13.000,0,0,0
B3_zmq_pushpull,zmq_tcp,none,none,,1,34327,512,584,1785153470787690000,1785153470787690000,1785153470787690000,1785153470787691000,1785153470787751000,1785153470787753000,1785153470787753000,1785153470787753000,121932490,121652369,-220.121,0.000,0.000,1.000,2.000,0.000,0.000,87.000,0,0,0
B3_zmq_pushpull,zmq_tcp,none,none,,1,34328,512,584,1785153470788643000,1785153470788643000,1785153470788643000,1785153470788644000,1785153470788729000,1785153470788733000,1785153470788733000,1785153470788733000,121932490,121652369,-195.121,0.000,0.000,1.000,4.000,0.000,0.000,25.000,0,0,0
B3_zmq_pushpull,zmq_tcp,none,none,,1,34329,512,584,1785153470789655000,1785153470789655000,1785153470789655000,1785153470789656000,1785153470789823000,1785153470789825000,1785153470789825000,1785153470789825000,121932490,121652369,-113.121,0.000,0.000,1.000,2.000,0.000,0.000,82.000,0,0,0
B3_zmq_pushpull,zmq_tcp,none,none,,1,34330,512,584,1785153470790655000,1785153470790655000,1785153470790655000,1785153470790656000,1785153470790792000,1785153470790795000,1785153470790795000,1785153470790795000,121932490,121652369,-144.121,0.000,0.000,1.000,3.000,0.000,0.000,31.000,0,0,0
B3_zmq_pushpull,zmq_tcp,none,none,,1,34331,512,584,1785153470791653000,1785153470791653000,1785153470791653000,1785153470791654000,1785153470791770000,1785153470791772000,1785153470791772000,1785153470791772000,121932490,121652369,-164.121,0.000,0.000,1.000,2.000,0.000,0.000,20.000,0,0,0
B3_zmq_pushpull,zmq_tcp,none,none,,1,34332,512,584,1785153470792651000,1785153470792651000,1785153470792652000,1785153470792652000,1785153470792750000,1785153470792753000,1785153470792753000,1785153470792753000,121932490,121652369,-182.121,0.000,1.000,0.000,3.000,0.000,0.000,18.000,0,0,0
B3_zmq_pushpull,zmq_tcp,none,none,,1,34333,512,584,1785153470793654000,1785153470793654000,1785153470793654000,1785153470793655000,1785153470793701000,1785153470793705000,1785153470793705000,1785153470793705000,121932490,121652369,-234.121,0.000,0.000,1.000,4.000,0.000,0.000,52.000,0,0,0
B3_zmq_pushpull,zmq_tcp,none,none,,1,34334,512,584,1785153470794531000,1785153470794532000,1785153470794532000,1785153470794533000,1785153470794675000,1785153470794678000,1785153470794678000,1785153470794678000,121932490,121652369,-138.121,1.000,0.000,1.000,3.000,0.000,0.000,96.000,0,0,0
B3_zmq_pushpull,zmq_tcp,none,none,,1,34335,512,584,1785153470795521000,1785153470795521000,1785153470795521000,1785153470795522000,1785153470795678000,1785153470795680000,1785153470795680000,1785153470795680000,121932490,121652369,-124.121,0.000,0.000,1.000,2.000,0.000,0.000,14.000,0,0,0
B3_zmq_pushpull,zmq_tcp,none,none,,1,34336,512,584,1785153470796687000,1785153470796687000,1785153470796687000,1785153470796688000,1785153470796823000,1785153470796826000,1785153470796826000,1785153470796826000,121932490,121652369,-145.121,0.000,0.000,1.000,3.000,0.000,0.000,21.000,0,0,0
B3_zmq_pushpull,zmq_tcp,none,none,,1,34337,512,584,1785153470797649000,1785153470797650000,1785153470797650000,1785153470797651000,1785153470797811000,1785153470797814000,1785153470797814000,1785153470797814000,121932490,121652369,-120.121,1.000,0.000,1.000,3.000,0.000,0.000,25.000,0,0,0
B3_zmq_pushpull,zmq_tcp,none,none,,1,34338,512,584,1785153470798657000,1785153470798657000,1785153470798657000,1785153470798658000,1785153470798774000,1785153470798776000,1785153470798776000,1785153470798776000,121932490,121652369,-164.121,0.000,0.000,1.000,2.000,0.000,0.000,44.000,0,0,0
B3_zmq_pushpull,zmq_tcp,none,none,,1,34339,512,584,1785153470799651000,1785153470799652000,1785153470799652000,1785153470799653000,1785153470799744000,1785153470799747000,1785153470799747000,1785153470799747000,121932490,121652369,-189.121,1.000,0.000,1.000,3.000,0.000,0.000,25.000,0,0,0
B3_zmq_pushpull,zmq_tcp,none,none,,1,34340,512,584,1785153470800655000,1785153470800655000,1785153470800655000,1785153470800656000,1785153470800704000,1785153470800707000,1785153470800707000,1785153470800707000,121932490,121652369,-232.121,0.000,0.000,1.000,3.000,0.000,0.000,43.000,0,0,0
B3_zmq_pushpull,zmq_tcp,none,none,,1,34341,512,584,1785153470801653000,1785153470801653000,1785153470801653000,1785153470801654000,1785153470801826000,1785153470801828000,1785153470801828000,1785153470801828000,121932490,121652369,-108.121,0.000,0.000,1.000,2.000,0.000,0.000,124.000,0,0,0
B3_zmq_pushpull,zmq_tcp,none,none,,1,34342,512,584,1785153470802532000,1785153470802532000,1785153470802532000,1785153470802533000,1785153470802686000,1785153470802688000,1785153470802688000,1785153470802688000,121932490,121652369,-127.121,0.000,0.000,1.000,2.000,0.000,0.000,19.000,0,0,0
B3_zmq_pushpull,zmq_tcp,none,none,,1,34343,512,584,1785153470803681000,1785153470803681000,1785153470803681000,1785153470803682000,1785153470803810000,1785153470803812000,1785153470803812000,1785153470803812000,121932490,121652369,-152.121,0.000,0.000,1.000,2.000,0.000,0.000,25.000,0,0,0
B3_zmq_pushpull,zmq_tcp,none,none,,1,34344,512,584,1785153470804646000,1785153470804646000,1785153470804646000,1785153470804647000,1785153470804800000,1785153470804803000,1785153470804803000,1785153470804803000,121932490,121652369,-127.121,0.000,0.000,1.000,3.000,0.000,0.000,25.000,0,0,0
B3_zmq_pushpull,zmq_tcp,none,none,,1,34345,512,584,1785153470805655000,1785153470805655000,1785153470805655000,1785153470805656000,1785153470805770000,1785153470805773000,1785153470805773000,1785153470805773000,121932490,121652369,-166.121,0.000,0.000,1.000,3.000,0.000,0.000,39.000,0,0,0
B3_zmq_pushpull,zmq_tcp,none,none,,1,34346,512,584,1785153470806649000,1785153470806649000,1785153470806649000,1785153470806650000,1785153470806716000,1785153470806719000,1785153470806719000,1785153470806719000,121932490,121652369,-214.121,0.000,0.000,1.000,3.000,0.000,0.000,48.000,0,0,0
B3_zmq_pushpull,zmq_tcp,none,none,,1,34347,512,584,1785153470807654000,1785153470807654000,1785153470807654000,1785153470807655000,1785153470807802000,1785153470807804000,1785153470807804000,1785153470807804000,121932490,121652369,-133.121,0.000,0.000,1.000,2.000,0.000,0.000,81.000,0,0,0
B3_zmq_pushpull,zmq_tcp,none,none,,1,34348,512,584,1785153470808653000,1785153470808653000,1785153470808653000,1785153470808654000,1785153470808778000,1785153470808780000,1785153470808780000,1785153470808780000,121932490,121652369,-156.121,0.000,0.000,1.000,2.000,0.000,0.000,23.000,0,0,0
B3_zmq_pushpull,zmq_tcp,none,none,,1,34349,512,584,1785153470809653000,1785153470809653000,1785153470809653000,1785153470809654000,1785153470809777000,1785153470809780000,1785153470809780000,1785153470809780000,121932490,121652369,-157.121,0.000,0.000,1.000,3.000,0.000,0.000,1.000,0,0,0
B3_zmq_pushpull,zmq_tcp,none,none,,1,34350,512,584,1785153470810651000,1785153470810651000,1785153470810651000,1785153470810652000,1785153470810760000,1785153470810763000,1785153470810763000,1785153470810763000,121932490,121652369,-172.121,0.000,0.000,1.000,3.000,0.000,0.000,15.000,0,0,0
B3_zmq_pushpull,zmq_tcp,none,none,,1,34351,512,584,1785153470811655000,1785153470811655000,1785153470811655000,1785153470811656000,1785153470811749000,1785153470811752000,1785153470811752000,1785153470811752000,121932490,121652369,-187.121,0.000,0.000,1.000,3.000,0.000,0.000,15.000,0,0,0
B3_zmq_pushpull,zmq_tcp,none,none,,1,34352,512,584,1785153470812654000,1785153470812654000,1785153470812654000,1785153470812655000,1785153470812736000,1785153470812740000,1785153470812740000,1785153470812740000,121932490,121652369,-199.121,0.000,0.000,1.000,4.000,0.000,0.000,12.000,0,0,0
B3_zmq_pushpull,zmq_tcp,none,none,,1,34353,512,584,1785153470813579000,1785153470813579000,1785153470813579000,1785153470813580000,1785153470813735000,1785153470813739000,1785153470813739000,1785153470813739000,121932490,121652369,-125.121,0.000,0.000,1.000,4.000,0.000,0.000,74.000,0,0,0
B3_zmq_pushpull,zmq_tcp,none,none,,1,34354,512,584,1785153470814560000,1785153470814560000,1785153470814561000,1785153470814561000,1785153470814714000,1785153470814716000,1785153470814716000,1785153470814716000,121932490,121652369,-127.121,0.000,1.000,0.000,2.000,0.000,0.000,2.000,0,0,0
B3_zmq_pushpull,zmq_tcp,none,none,,1,34355,512,584,1785153470815562000,1785153470815562000,1785153470815562000,1785153470815563000,1785153470815708000,1785153470815710000,1785153470815710000,1785153470815710000,121932490,121652369,-135.121,0.000,0.000,1.000,2.000,0.000,0.000,8.000,0,0,0
B3_zmq_pushpull,zmq_tcp,none,none,,1,34356,512,584,1785153470816677000,1785153470816677000,1785153470816677000,1785153470816678000,1785153470816847000,1785153470816850000,1785153470816850000,1785153470816850000,121932490,121652369,-111.121,0.000,0.000,1.000,3.000,0.000,0.000,24.000,0,0,0
B3_zmq_pushpull,zmq_tcp,none,none,,1,34357,512,584,1785153470817559000,1785153470817559000,1785153470817559000,1785153470817560000,1785153470817714000,1785153470817717000,1785153470817717000,1785153470817717000,121932490,121652369,-126.121,0.000,0.000,1.000,3.000,0.000,0.000,15.000,0,0,0
B3_zmq_pushpull,zmq_tcp,none,none,,1,34358,512,584,1785153470818557000,1785153470818558000,1785153470818558000,1785153470818559000,1785153470818696000,1785153470818698000,1785153470818698000,1785153470818698000,121932490,121652369,-143.121,1.000,0.000,1.000,2.000,0.000,0.000,17.000,0,0,0
B3_zmq_pushpull,zmq_tcp,none,none,,1,34359,512,584,1785153470819678000,1785153470819678000,1785153470819678000,1785153470819679000,1785153470819843000,1785153470819847000,1785153470819847000,1785153470819847000,121932490,121652369,-116.121,0.000,0.000,1.000,4.000,0.000,0.000,27.000,0,0,0
B3_zmq_pushpull,zmq_tcp,none,none,,1,34360,512,584,1785153470820644000,1785153470820644000,1785153470820644000,1785153470820645000,1785153470820795000,1785153470820798000,1785153470820798000,1785153470820798000,121932490,121652369,-130.121,0.000,0.000,1.000,3.000,0.000,0.000,14.000,0,0,0
B3_zmq_pushpull,zmq_tcp,none,none,,1,34361,512,584,1785153470821655000,1785153470821655000,1785153470821656000,1785153470821656000,1785153470821783000,1785153470821786000,1785153470821786000,1785153470821786000,121932490,121652369,-153.121,0.000,1.000,0.000,3.000,0.000,0.000,23.000,0,0,0
B3_zmq_pushpull,zmq_tcp,none,none,,1,34362,512,584,1785153470822629000,1785153470822629000,1785153470822629000,1785153470822630000,1785153470822771000,1785153470822774000,1785153470822774000,1785153470822774000,121932490,121652369,-139.121,0.000,0.000,1.000,3.000,0.000,0.000,14.000,0,0,0
B3_zmq_pushpull,zmq_tcp,none,none,,1,34363,512,584,1785153470823475000,1785153470823476000,1785153470823476000,1785153470823477000,1785153470823619000,1785153470823622000,1785153470823622000,1785153470823622000,121932490,121652369,-138.121,1.000,0.000,1.000,3.000,0.000,0.000,1.000,0,0,0
B3_zmq_pushpull,zmq_tcp,none,none,,1,34364,512,584,1785153470824466000,1785153470824466000,1785153470824466000,1785153470824467000,1785153470824611000,1785153470824614000,1785153470824614000,1785153470824614000,121932490,121652369,-136.121,0.000,0.000,1.000,3.000,0.000,0.000,2.000,0,0,0
B3_zmq_pushpull,zmq_tcp,none,none,,1,34365,512,584,1785153470825699000,1785153470825700000,1785153470825700000,1785153470825701000,1785153470825890000,1785153470825892000,1785153470825892000,1785153470825892000,121932490,121652369,-91.121,1.000,0.000,1.000,2.000,0.000,0.000,45.000,0,0,0
B3_zmq_pushpull,zmq_tcp,none,none,,1,34366,512,584,1785153470826642000,1785153470826642000,1785153470826642000,1785153470826643000,1785153470826726000,1785153470826730000,1785153470826730000,1785153470826730000,121932490,121652369,-197.121,0.000,0.000,1.000,4.000,0.000,0.000,106.000,0,0,0
B3_zmq_pushpull,zmq_tcp,none,none,,1,34367,512,584,1785153470827653000,1785153470827653000,1785153470827653000,1785153470827654000,1785153470827727000,1785153470827730000,1785153470827730000,1785153470827730000,121932490,121652369,-207.121,0.000,0.000,1.000,3.000,0.000,0.000,10.000,0,0,0
B3_zmq_pushpull,zmq_tcp,none,none,,1,34368,512,584,1785153470828657000,1785153470828657000,1785153470828657000,1785153470828658000,1785153470828851000,1785153470828854000,1785153470828854000,1785153470828854000,121932490,121652369,-87.121,0.000,0.000,1.000,3.000,0.000,0.000,120.000,0,0,0
B3_zmq_pushpull,zmq_tcp,none,none,,1,34369,512,584,1785153470829652000,1785153470829652000,1785153470829652000,1785153470829653000,1785153470829800000,1785153470829804000,1785153470829804000,1785153470829804000,121932490,121652369,-133.121,0.000,0.000,1.000,4.000,0.000,0.000,46.000,0,0,0
B3_zmq_pushpull,zmq_tcp,none,none,,1,34370,512,584,1785153470830650000,1785153470830650000,1785153470830650000,1785153470830651000,1785153470830807000,1785153470830810000,1785153470830810000,1785153470830810000,121932490,121652369,-124.121,0.000,0.000,1.000,3.000,0.000,0.000,9.000,0,0,0
B3_zmq_pushpull,zmq_tcp,none,none,,1,34371,512,584,1785153470831476000,1785153470831476000,1785153470831477000,1785153470831478000,1785153470831619000,1785153470831622000,1785153470831622000,1785153470831622000,121932490,121652369,-139.121,0.000,1.000,1.000,3.000,0.000,0.000,15.000,0,0,0
B3_zmq_pushpull,zmq_tcp,none,none,,1,34372,512,584,1785153470832569000,1785153470832569000,1785153470832570000,1785153470832570000,1785153470832722000,1785153470832724000,1785153470832724000,1785153470832724000,121932490,121652369,-128.121,0.000,1.000,0.000,2.000,0.000,0.000,11.000,0,0,0
B3_zmq_pushpull,zmq_tcp,none,none,,1,34373,512,584,1785153470833552000,1785153470833552000,1785153470833552000,1785153470833553000,1785153470833707000,1785153470833710000,1785153470833710000,1785153470833710000,121932490,121652369,-126.121,0.000,0.000,1.000,3.000,0.000,0.000,2.000,0,0,0
B3_zmq_pushpull,zmq_tcp,none,none,,1,34374,512,584,1785153470834540000,1785153470834540000,1785153470834540000,1785153470834541000,1785153470834692000,1785153470834695000,1785153470834695000,1785153470834695000,121932490,121652369,-129.121,0.000,0.000,1.000,3.000,0.000,0.000,3.000,0,0,0
B3_zmq_pushpull,zmq_tcp,none,none,,1,34375,512,584,1785153470835524000,1785153470835524000,1785153470835524000,1785153470835526000,1785153470835669000,1785153470835672000,1785153470835672000,1785153470835672000,121932490,121652369,-137.121,0.000,0.000,2.000,3.000,0.000,0.000,8.000,0,0,0
B3_zmq_pushpull,zmq_tcp,none,none,,1,34376,512,584,1785153470836685000,1785153470836685000,1785153470836685000,1785153470836686000,1785153470836788000,1785153470836791000,1785153470836791000,1785153470836791000,121932490,121652369,-178.121,0.000,0.000,1.000,3.000,0.000,0.000,41.000,0,0,0
B3_zmq_pushpull,zmq_tcp,none,none,,1,34377,512,584,1785153470837645000,1785153470837645000,1785153470837645000,1785153470837646000,1785153470837789000,1785153470837792000,1785153470837792000,1785153470837792000,121932490,121652369,-137.121,0.000,0.000,1.000,3.000,0.000,0.000,41.000,0,0,0
B3_zmq_pushpull,zmq_tcp,none,none,,1,34378,512,584,1785153470838658000,1785153470838658000,1785153470838658000,1785153470838659000,1785153470838770000,1785153470838773000,1785153470838773000,1785153470838773000,121932490,121652369,-169.121,0.000,0.000,1.000,3.000,0.000,0.000,32.000,0,0,0
B3_zmq_pushpull,zmq_tcp,none,none,,1,34379,512,584,1785153470839652000,1785153470839652000,1785153470839652000,1785153470839653000,1785153470839764000,1785153470839767000,1785153470839767000,1785153470839767000,121932490,121652369,-169.121,0.000,0.000,1.000,3.000,0.000,0.000,0.000,0,0,0
B3_zmq_pushpull,zmq_tcp,none,none,,1,34380,512,584,1785153470840656000,1785153470840656000,1785153470840656000,1785153470840657000,1785153470840737000,1785153470840741000,1785153470840741000,1785153470840741000,121932490,121652369,-200.121,0.000,0.000,1.000,4.000,0.000,0.000,31.000,0,0,0
B3_zmq_pushpull,zmq_tcp,none,none,,1,34381,512,584,1785153470841652000,1785153470841652000,1785153470841652000,1785153470841653000,1785153470841704000,1785153470841708000,1785153470841708000,1785153470841708000,121932490,121652369,-229.121,0.000,0.000,1.000,4.000,0.000,0.000,29.000,0,0,0
B3_zmq_pushpull,zmq_tcp,none,none,,1,34382,512,584,1785153470842653000,1785153470842653000,1785153470842653000,1785153470842654000,1785153470842699000,1785153470842703000,1785153470842703000,1785153470842703000,121932490,121652369,-235.121,0.000,0.000,1.000,4.000,0.000,0.000,6.000,0,0,0
B3_zmq_pushpull,zmq_tcp,none,none,,1,34383,512,584,1785153470843655000,1785153470843655000,1785153470843655000,1785153470843656000,1785153470843804000,1785153470843808000,1785153470843808000,1785153470843808000,121932490,121652369,-132.121,0.000,0.000,1.000,4.000,0.000,0.000,103.000,0,0,0
B3_zmq_pushpull,zmq_tcp,none,none,,1,34384,512,584,1785153470844653000,1785153470844653000,1785153470844654000,1785153470844654000,1785153470844790000,1785153470844792000,1785153470844792000,1785153470844792000,121932490,121652369,-144.121,0.000,1.000,0.000,2.000,0.000,0.000,12.000,0,0,0
B3_zmq_pushpull,zmq_tcp,none,none,,1,34385,512,584,1785153470845653000,1785153470845653000,1785153470845653000,1785153470845654000,1785153470845787000,1785153470845790000,1785153470845790000,1785153470845790000,121932490,121652369,-147.121,0.000,0.000,1.000,3.000,0.000,0.000,3.000,0,0,0
B3_zmq_pushpull,zmq_tcp,none,none,,1,34386,512,584,1785153470846653000,1785153470846653000,1785153470846653000,1785153470846654000,1785153470846766000,1785153470846768000,1785153470846769000,1785153470846769000,121932490,121652369,-168.121,0.000,0.000,1.000,2.000,1.000,0.000,21.000,0,0,0
B3_zmq_pushpull,zmq_tcp,none,none,,1,34387,512,584,1785153470847655000,1785153470847656000,1785153470847656000,1785153470847657000,1785153470847767000,1785153470847770000,1785153470847770000,1785153470847770000,121932490,121652369,-170.121,1.000,0.000,1.000,3.000,0.000,0.000,2.000,0,0,0
B3_zmq_pushpull,zmq_tcp,none,none,,1,34388,512,584,1785153470848624000,1785153470848624000,1785153470848624000,1785153470848625000,1785153470848785000,1785153470848788000,1785153470848788000,1785153470848788000,121932490,121652369,-120.121,0.000,0.000,1.000,3.000,0.000,0.000,50.000,0,0,0
B3_zmq_pushpull,zmq_tcp,none,none,,1,34389,512,584,1785153470849490000,1785153470849490000,1785153470849490000,1785153470849491000,1785153470849645000,1785153470849647000,1785153470849647000,1785153470849647000,121932490,121652369,-126.121,0.000,0.000,1.000,2.000,0.000,0.000,6.000,0,0,0
B3_zmq_pushpull,zmq_tcp,none,none,,1,34390,512,584,1785153470850697000,1785153470850697000,1785153470850697000,1785153470850698000,1785153470850763000,1785153470850766000,1785153470850766000,1785153470850766000,121932490,121652369,-215.121,0.000,0.000,1.000,3.000,0.000,0.000,89.000,0,0,0
B3_zmq_pushpull,zmq_tcp,none,none,,1,34391,512,584,1785153470851460000,1785153470851460000,1785153470851460000,1785153470851461000,1785153470851614000,1785153470851617000,1785153470851617000,1785153470851617000,121932490,121652369,-127.121,0.000,0.000,1.000,3.000,0.000,0.000,88.000,0,0,0
B3_zmq_pushpull,zmq_tcp,none,none,,1,34392,512,584,1785153470852467000,1785153470852467000,1785153470852467000,1785153470852468000,1785153470852624000,1785153470852628000,1785153470852628000,1785153470852628000,121932490,121652369,-124.121,0.000,0.000,1.000,4.000,0.000,0.000,3.000,0,0,0
B3_zmq_pushpull,zmq_tcp,none,none,,1,34393,512,584,1785153470853702000,1785153470853702000,1785153470853702000,1785153470853703000,1785153470853879000,1785153470853882000,1785153470853882000,1785153470853882000,121932490,121652369,-104.121,0.000,0.000,1.000,3.000,0.000,0.000,20.000,0,0,0
B3_zmq_pushpull,zmq_tcp,none,none,,1,34394,512,584,1785153470854577000,1785153470854577000,1785153470854577000,1785153470854578000,1785153470854738000,1785153470854741000,1785153470854741000,1785153470854741000,121932490,121652369,-120.121,0.000,0.000,1.000,3.000,0.000,0.000,16.000,0,0,0
B3_zmq_pushpull,zmq_tcp,none,none,,1,34395,512,584,1785153470855561000,1785153470855561000,1785153470855561000,1785153470855562000,1785153470855713000,1785153470855715000,1785153470855715000,1785153470855715000,121932490,121652369,-129.121,0.000,0.000,1.000,2.000,0.000,0.000,9.000,0,0,0
B3_zmq_pushpull,zmq_tcp,none,none,,1,34396,512,584,1785153470856537000,1785153470856537000,1785153470856537000,1785153470856538000,1785153470856689000,1785153470856692000,1785153470856692000,1785153470856692000,121932490,121652369,-129.121,0.000,0.000,1.000,3.000,0.000,0.000,0.000,0,0,0
B3_zmq_pushpull,zmq_tcp,none,none,,1,34397,512,584,1785153470857685000,1785153470857685000,1785153470857685000,1785153470857686000,1785153470857793000,1785153470857796000,1785153470857796000,1785153470857796000,121932490,121652369,-173.121,0.000,0.000,1.000,3.000,0.000,0.000,44.000,0,0,0
B3_zmq_pushpull,zmq_tcp,none,none,,1,34398,512,584,1785153470858643000,1785153470858643000,1785153470858643000,1785153470858644000,1785153470858802000,1785153470858804000,1785153470858804000,1785153470858804000,121932490,121652369,-122.121,0.000,0.000,1.000,2.000,0.000,0.000,51.000,0,0,0
B3_zmq_pushpull,zmq_tcp,none,none,,1,34399,512,584,1785153470859660000,1785153470859660000,1785153470859660000,1785153470859661000,1785153470859797000,1785153470859799000,1785153470859799000,1785153470859799000,121932490,121652369,-144.121,0.000,0.000,1.000,2.000,0.000,0.000,22.000,0,0,0
B3_zmq_pushpull,zmq_tcp,none,none,,1,34400,512,584,1785153470860651000,1785153470860652000,1785153470860652000,1785153470860653000,1785153470860782000,1785153470860785000,1785153470860785000,1785153470860785000,121932490,121652369,-151.121,1.000,0.000,1.000,3.000,0.000,0.000,7.000,0,0,0
B3_zmq_pushpull,zmq_tcp,none,none,,1,34401,512,584,1785153470861656000,1785153470861656000,1785153470861657000,1785153470861657000,1785153470861761000,1785153470861763000,1785153470861763000,1785153470861763000,121932490,121652369,-176.121,0.000,1.000,0.000,2.000,0.000,0.000,25.000,0,0,0
B3_zmq_pushpull,zmq_tcp,none,none,,1,34402,512,584,1785153470862651000,1785153470862651000,1785153470862651000,1785153470862652000,1785153470862758000,1785153470862761000,1785153470862761000,1785153470862761000,121932490,121652369,-174.121,0.000,0.000,1.000,3.000,0.000,0.000,2.000,0,0,0
B3_zmq_pushpull,zmq_tcp,none,none,,1,34403,512,584,1785153470863655000,1785153470863655000,1785153470863655000,1785153470863656000,1785153470863749000,1785153470863751000,1785153470863751000,1785153470863751000,121932490,121652369,-187.121,0.000,0.000,1.000,2.000,0.000,0.000,13.000,0,0,0
B3_zmq_pushpull,zmq_tcp,none,none,,1,34404,512,584,1785153470864653000,1785153470864653000,1785153470864653000,1785153470864654000,1785153470864734000,1785153470864737000,1785153470864737000,1785153470864737000,121932490,121652369,-200.121,0.000,0.000,1.000,3.000,0.000,0.000,13.000,0,0,0
B3_zmq_pushpull,zmq_tcp,none,none,,1,34405,512,584,1785153470865653000,1785153470865653000,1785153470865653000,1785153470865654000,1785153470865739000,1785153470865742000,1785153470865742000,1785153470865742000,121932490,121652369,-195.121,0.000,0.000,1.000,3.000,0.000,0.000,5.000,0,0,0
B3_zmq_pushpull,zmq_tcp,none,none,,1,34406,512,584,1785153470866653000,1785153470866653000,1785153470866653000,1785153470866654000,1785153470866729000,1785153470866731000,1785153470866731000,1785153470866731000,121932490,121652369,-205.121,0.000,0.000,1.000,2.000,0.000,0.000,10.000,0,0,0
B3_zmq_pushpull,zmq_tcp,none,none,,1,34407,512,584,1785153470867656000,1785153470867656000,1785153470867656000,1785153470867657000,1785153470867717000,1785153470867720000,1785153470867720000,1785153470867720000,121932490,121652369,-220.121,0.000,0.000,1.000,3.000,0.000,0.000,15.000,0,0,0
B3_zmq_pushpull,zmq_tcp,none,none,,1,34408,512,584,1785153470868537000,1785153470868537000,1785153470868537000,1785153470868539000,1785153470868690000,1785153470868693000,1785153470868693000,1785153470868693000,121932490,121652369,-129.121,0.000,0.000,2.000,3.000,0.000,0.000,91.000,0,0,0
B3_zmq_pushpull,zmq_tcp,none,none,,1,34409,512,584,1785153470869687000,1785153470869687000,1785153470869687000,1785153470869688000,1785153470869782000,1785153470869785000,1785153470869785000,1785153470869785000,121932490,121652369,-186.121,0.000,0.000,1.000,3.000,0.000,0.000,57.000,0,0,0
B3_zmq_pushpull,zmq_tcp,none,none,,1,34410,512,584,1785153470870645000,1785153470870645000,1785153470870645000,1785153470870646000,1785153470870778000,1785153470870781000,1785153470870781000,1785153470870781000,121932490,121652369,-148.121,0.000,0.000,1.000,3.000,0.000,0.000,38.000,0,0,0
B3_zmq_pushpull,zmq_tcp,none,none,,1,34411,512,584,1785153470871658000,1785153470871658000,1785153470871658000,1785153470871659000,1785153470871763000,1785153470871767000,1785153470871767000,1785153470871767000,121932490,121652369,-176.121,0.000,0.000,1.000,4.000,0.000,0.000,28.000,0,0,0
B3_zmq_pushpull,zmq_tcp,none,none,,1,34412,512,584,1785153470872459000,1785153470872459000,1785153470872459000,1785153470872460000,1785153470872613000,1785153470872615000,1785153470872616000,1785153470872616000,121932490,121652369,-127.121,0.000,0.000,1.000,2.000,1.000,0.000,49.000,0,0,0
B3_zmq_pushpull,zmq_tcp,none,none,,1,34413,512,584,1785153470873461000,1785153470873461000,1785153470873461000,1785153470873462000,1785153470873619000,1785153470873622000,1785153470873622000,1785153470873622000,121932490,121652369,-123.121,0.000,0.000,1.000,3.000,0.000,0.000,4.000,0,0,0
B3_zmq_pushpull,zmq_tcp,none,none,,1,34414,512,584,1785153470874699000,1785153470874700000,1785153470874700000,1785153470874701000,1785153470874887000,1785153470874890000,1785153470874890000,1785153470874890000,121932490,121652369,-94.121,1.000,0.000,1.000,3.000,0.000,0.000,29.000,0,0,0
B3_zmq_pushpull,zmq_tcp,none,none,,1,34415,512,584,1785153470875615000,1785153470875615000,1785153470875615000,1785153470875617000,1785153470875759000,1785153470875762000,1785153470875762000,1785153470875763000,121932490,121652369,-138.121,0.000,0.000,2.000,3.000,0.000,1.000,44.000,0,0,0
B3_zmq_pushpull,zmq_tcp,none,none,,1,34416,512,584,1785153470876666000,1785153470876666000,1785153470876667000,1785153470876667000,1785153470876751000,1785153470876754000,1785153470876754000,1785153470876754000,121932490,121652369,-196.121,0.000,1.000,0.000,3.000,0.000,0.000,58.000,0,0,0
B3_zmq_pushpull,zmq_tcp,none,none,,1,34417,512,584,1785153470877653000,1785153470877653000,1785153470877653000,1785153470877654000,1785153470877762000,1785153470877764000,1785153470877764000,1785153470877764000,121932490,121652369,-172.121,0.000,0.000,1.000,2.000,0.000,0.000,24.000,0,0,0
B3_zmq_pushpull,zmq_tcp,none,none,,1,34418,512,584,1785153470878654000,1785153470878654000,1785153470878654000,1785153470878655000,1785153470878758000,1785153470878761000,1785153470878761000,1785153470878761000,121932490,121652369,-177.121,0.000,0.000,1.000,3.000,0.000,0.000,5.000,0,0,0
B3_zmq_pushpull,zmq_tcp,none,none,,1,34419,512,584,1785153470879655000,1785153470879655000,1785153470879655000,1785153470879656000,1785153470879744000,1785153470879746000,1785153470879746000,1785153470879746000,121932490,121652369,-192.121,0.000,0.000,1.000,2.000,0.000,0.000,15.000,0,0,0
B3_zmq_pushpull,zmq_tcp,none,none,,1,34420,512,584,1785153470880654000,1785153470880654000,1785153470880654000,1785153470880655000,1785153470880746000,1785153470880748000,1785153470880748000,1785153470880748000,121932490,121652369,-189.121,0.000,0.000,1.000,2.000,0.000,0.000,3.000,0,0,0
B3_zmq_pushpull,zmq_tcp,none,none,,1,34421,512,584,1785153470881653000,1785153470881654000,1785153470881654000,1785153470881655000,1785153470881734000,1785153470881736000,1785153470881736000,1785153470881736000,121932490,121652369,-201.121,1.000,0.000,1.000,2.000,0.000,0.000,12.000,0,0,0
B3_zmq_pushpull,zmq_tcp,none,none,,1,34422,512,584,1785153470882655000,1785153470882655000,1785153470882655000,1785153470882656000,1785153470882727000,1785153470882730000,1785153470882730000,1785153470882730000,121932490,121652369,-209.121,0.000,0.000,1.000,3.000,0.000,0.000,8.000,0,0,0
B3_zmq_pushpull,zmq_tcp,none,none,,1,34423,512,584,1785153470883654000,1785153470883654000,1785153470883654000,1785153470883655000,1785153470883718000,1785153470883720000,1785153470883720000,1785153470883720000,121932490,121652369,-217.121,0.000,0.000,1.000,2.000,0.000,0.000,8.000,0,0,0
B3_zmq_pushpull,zmq_tcp,none,none,,1,34424,512,584,1785153470884654000,1785153470884654000,1785153470884654000,1785153470884655000,1785153470884705000,1785153470884708000,1785153470884708000,1785153470884708000,121932490,121652369,-230.121,0.000,0.000,1.000,3.000,0.000,0.000,13.000,0,0,0
B3_zmq_pushpull,zmq_tcp,none,none,,1,34425,512,584,1785153470885561000,1785153470885561000,1785153470885561000,1785153470885562000,1785153470885723000,1785153470885726000,1785153470885726000,1785153470885726000,121932490,121652369,-119.121,0.000,0.000,1.000,3.000,0.000,0.000,111.000,0,0,0
B3_zmq_pushpull,zmq_tcp,none,none,,1,34426,512,584,1785153470886680000,1785153470886680000,1785153470886680000,1785153470886681000,1785153470886859000,1785153470886862000,1785153470886862000,1785153470886862000,121932490,121652369,-102.121,0.000,0.000,1.000,3.000,0.000,0.000,17.000,0,0,0
B3_zmq_pushpull,zmq_tcp,none,none,,1,34427,512,584,1785153470887556000,1785153470887556000,1785153470887556000,1785153470887557000,1785153470887700000,1785153470887703000,1785153470887703000,1785153470887703000,121932490,121652369,-137.121,0.000,0.000,1.000,3.000,0.000,0.000,35.000,0,0,0
B3_zmq_pushpull,zmq_tcp,none,none,,1,34428,512,584,1785153470888557000,1785153470888557000,1785153470888557000,1785153470888558000,1785153470888705000,1785153470888707000,1785153470888707000,1785153470888707000,121932490,121652369,-133.121,0.000,0.000,1.000,2.000,0.000,0.000,4.000,0,0,0
B3_zmq_pushpull,zmq_tcp,none,none,,1,34429,512,584,1785153470889682000,1785153470889682000,1785153470889682000,1785153470889683000,1785153470889841000,1785153470889847000,1785153470889847000,1785153470889847000,121932490,121652369,-122.121,0.000,0.000,1.000,6.000,0.000,0.000,11.000,0,0,0
B3_zmq_pushpull,zmq_tcp,none,none,,1,34430,512,584,1785153470890649000,1785153470890649000,1785153470890649000,1785153470890650000,1785153470890832000,1785153470890835000,1785153470890835000,1785153470890835000,121932490,121652369,-98.121,0.000,0.000,1.000,3.000,0.000,0.000,24.000,0,0,0
B3_zmq_pushpull,zmq_tcp,none,none,,1,34431,512,584,1785153470891658000,1785153470891659000,1785153470891659000,1785153470891660000,1785153470891826000,1785153470891828000,1785153470891828000,1785153470891828000,121932490,121652369,-114.121,1.000,0.000,1.000,2.000,0.000,0.000,16.000,0,0,0
B3_zmq_pushpull,zmq_tcp,none,none,,1,34432,512,584,1785153470892651000,1785153470892651000,1785153470892651000,1785153470892652000,1785153470892827000,1785153470892830000,1785153470892830000,1785153470892830000,121932490,121652369,-105.121,0.000,0.000,1.000,3.000,0.000,0.000,9.000,0,0,0
B3_zmq_pushpull,zmq_tcp,none,none,,1,34433,512,584,1785153470893656000,1785153470893656000,1785153470893656000,1785153470893657000,1785153470893698000,1785153470893702000,1785153470893702000,1785153470893702000,121932490,121652369,-239.121,0.000,0.000,1.000,4.000,0.000,0.000,134.000,0,0,0
B3_zmq_pushpull,zmq_tcp,none,none,,1,34434,512,584,1785153470894656000,1785153470894656000,1785153470894656000,1785153470894657000,1785153470894850000,1785153470894852000,1785153470894852000,1785153470894852000,121932490,121652369,-87.121,0.000,0.000,1.000,2.000,0.000,0.000,152.000,0,0,0
B3_zmq_pushpull,zmq_tcp,none,none,,1,34435,512,584,1785153470895655000,1785153470895655000,1785153470895655000,1785153470895656000,1785153470895718000,1785153470895720000,1785153470895721000,1785153470895721000,121932490,121652369,-218.121,0.000,0.000,1.000,2.000,1.000,0.000,131.000,0,0,0
B3_zmq_pushpull,zmq_tcp,none,none,,1,34436,512,584,1785153470896653000,1785153470896654000,1785153470896654000,1785153470896655000,1785153470896723000,1785153470896726000,1785153470896726000,1785153470896726000,121932490,121652369,-212.121,1.000,0.000,1.000,3.000,0.000,0.000,6.000,0,0,0
B3_zmq_pushpull,zmq_tcp,none,none,,1,34437,512,584,1785153470897654000,1785153470897654000,1785153470897654000,1785153470897655000,1785153470897710000,1785153470897713000,1785153470897713000,1785153470897713000,121932490,121652369,-225.121,0.000,0.000,1.000,3.000,0.000,0.000,13.000,0,0,0
B3_zmq_pushpull,zmq_tcp,none,none,,1,34438,512,584,1785153470898574000,1785153470898574000,1785153470898574000,1785153470898576000,1785153470898714000,1785153470898716000,1785153470898716000,1785153470898716000,121932490,121652369,-142.121,0.000,0.000,2.000,2.000,0.000,0.000,83.000,0,0,0
B3_zmq_pushpull,zmq_tcp,none,none,,1,34439,512,584,1785153470899553000,1785153470899553000,1785153470899553000,1785153470899554000,1785153470899714000,1785153470899717000,1785153470899717000,1785153470899717000,121932490,121652369,-120.121,0.000,0.000,1.000,3.000,0.000,0.000,22.000,0,0,0
B3_zmq_pushpull,zmq_tcp,none,none,,1,34440,512,584,1785153470900679000,1785153470900679000,1785153470900679000,1785153470900680000,1785153470900724000,1785153470900728000,1785153470900728000,1785153470900728000,121932490,121652369,-236.121,0.000,0.000,1.000,4.000,0.000,0.000,116.000,0,0,0
B3_zmq_pushpull,zmq_tcp,none,none,,1,34441,512,584,1785153470901587000,1785153470901587000,1785153470901587000,1785153470901588000,1785153470901739000,1785153470901741000,1785153470901741000,1785153470901741000,121932490,121652369,-129.121,0.000,0.000,1.000,2.000,0.000,0.000,107.000,0,0,0
B3_zmq_pushpull,zmq_tcp,none,none,,1,34442,512,584,1785153470902673000,1785153470902673000,1785153470902673000,1785153470902674000,1785153470902872000,1785153470902875000,1785153470902875000,1785153470902875000,121932490,121652369,-82.121,0.000,0.000,1.000,3.000,0.000,0.000,47.000,0,0,0
B3_zmq_pushpull,zmq_tcp,none,none,,1,34443,512,584,1785153470903568000,1785153470903568000,1785153470903568000,1785153470903569000,1785153470903726000,1785153470903728000,1785153470903728000,1785153470903728000,121932490,121652369,-123.121,0.000,0.000,1.000,2.000,0.000,0.000,41.000,0,0,0
B3_zmq_pushpull,zmq_tcp,none,none,,1,34444,512,584,1785153470904676000,1785153470904676000,1785153470904676000,1785153470904677000,1785153470904717000,1785153470904721000,1785153470904721000,1785153470904721000,121932490,121652369,-240.121,0.000,0.000,1.000,4.000,0.000,0.000,117.000,0,0,0
B3_zmq_pushpull,zmq_tcp,none,none,,1,34445,512,584,1785153470905649000,1785153470905649000,1785153470905649000,1785153470905650000,1785153470905698000,1785153470905701000,1785153470905701000,1785153470905701000,121932490,121652369,-232.121,0.000,0.000,1.000,3.000,0.000,0.000,8.000,0,0,0
B3_zmq_pushpull,zmq_tcp,none,none,,1,34446,512,584,1785153470906656000,1785153470906656000,1785153470906656000,1785153470906657000,1785153470906703000,1785153470906707000,1785153470906707000,1785153470906707000,121932490,121652369,-234.121,0.000,0.000,1.000,4.000,0.000,0.000,2.000,0,0,0
B3_zmq_pushpull,zmq_tcp,none,none,,1,34447,512,584,1785153470907573000,1785153470907573000,1785153470907573000,1785153470907574000,1785153470907731000,1785153470907734000,1785153470907734000,1785153470907734000,121932490,121652369,-123.121,0.000,0.000,1.000,3.000,0.000,0.000,111.000,0,0,0
B3_zmq_pushpull,zmq_tcp,none,none,,1,34448,512,584,1785153470908677000,1785153470908677000,1785153470908677000,1785153470908678000,1785153470908863000,1785153470908866000,1785153470908866000,1785153470908866000,121932490,121652369,-95.121,0.000,0.000,1.000,3.000,0.000,0.000,28.000,0,0,0
B3_zmq_pushpull,zmq_tcp,none,none,,1,34449,512,584,1785153470909578000,1785153470909578000,1785153470909578000,1785153470909579000,1785153470909736000,1785153470909739000,1785153470909739000,1785153470909739000,121932490,121652369,-123.121,0.000,0.000,1.000,3.000,0.000,0.000,28.000,0,0,0
B3_zmq_pushpull,zmq_tcp,none,none,,1,34450,512,584,1785153470910673000,1785153470910673000,1785153470910673000,1785153470910674000,1785153470910729000,1785153470910733000,1785153470910733000,1785153470910733000,121932490,121652369,-225.121,0.000,0.000,1.000,4.000,0.000,0.000,102.000,0,0,0
B3_zmq_pushpull,zmq_tcp,none,none,,1,34451,512,584,1785153470911646000,1785153470911646000,1785153470911646000,1785153470911647000,1785153470911707000,1785153470911710000,1785153470911710000,1785153470911710000,121932490,121652369,-220.121,0.000,0.000,1.000,3.000,0.000,0.000,5.000,0,0,0
B3_zmq_pushpull,zmq_tcp,none,none,,1,34452,512,584,1785153470912561000,1785153470912561000,1785153470912561000,1785153470912563000,1785153470912723000,1785153470912726000,1785153470912726000,1785153470912726000,121932490,121652369,-120.121,0.000,0.000,2.000,3.000,0.000,0.000,100.000,0,0,0
B3_zmq_pushpull,zmq_tcp,none,none,,1,34453,512,584,1785153470913562000,1785153470913562000,1785153470913562000,1785153470913563000,1785153470913722000,1785153470913725000,1785153470913725000,1785153470913725000,121932490,121652369,-121.121,0.000,0.000,1.000,3.000,0.000,0.000,1.000,0,0,0
B3_zmq_pushpull,zmq_tcp,none,none,,1,34454,512,584,1785153470914573000,1785153470914573000,1785153470914573000,1785153470914574000,1785153470914734000,1785153470914736000,1785153470914736000,1785153470914736000,121932490,121652369,-120.121,0.000,0.000,1.000,2.000,0.000,0.000,1.000,0,0,0
B3_zmq_pushpull,zmq_tcp,none,none,,1,34455,512,584,1785153470915672000,1785153470915672000,1785153470915672000,1785153470915673000,1785153470915860000,1785153470915863000,1785153470915863000,1785153470915863000,121932490,121652369,-93.121,0.000,0.000,1.000,3.000,0.000,0.000,27.000,0,0,0
B3_zmq_pushpull,zmq_tcp,none,none,,1,34456,512,584,1785153470916567000,1785153470916567000,1785153470916567000,1785153470916568000,1785153470916726000,1785153470916728000,1785153470916728000,1785153470916728000,121932490,121652369,-122.121,0.000,0.000,1.000,2.000,0.000,0.000,29.000,0,0,0
B3_zmq_pushpull,zmq_tcp,none,none,,1,34457,512,584,1785153470917677000,1785153470917677000,1785153470917677000,1785153470917678000,1785153470917869000,1785153470917872000,1785153470917872000,1785153470917872000,121932490,121652369,-89.121,0.000,0.000,1.000,3.000,0.000,0.000,33.000,0,0,0
B3_zmq_pushpull,zmq_tcp,none,none,,1,34458,512,584,1785153470918584000,1785153470918584000,1785153470918584000,1785153470918585000,1785153470918745000,1785153470918747000,1785153470918747000,1785153470918747000,121932490,121652369,-120.121,0.000,0.000,1.000,2.000,0.000,0.000,31.000,0,0,0
B3_zmq_pushpull,zmq_tcp,none,none,,1,34459,512,584,1785153470919464000,1785153470919464000,1785153470919464000,1785153470919465000,1785153470919610000,1785153470919613000,1785153470919613000,1785153470919613000,121932490,121652369,-135.121,0.000,0.000,1.000,3.000,0.000,0.000,15.000,0,0,0
B3_zmq_pushpull,zmq_tcp,none,none,,1,34460,512,584,1785153470920577000,1785153470920577000,1785153470920577000,1785153470920578000,1785153470920737000,1785153470920740000,1785153470920740000,1785153470920740000,121932490,121652369,-121.121,0.000,0.000,1.000,3.000,0.000,0.000,14.000,0,0,0
B3_zmq_pushpull,zmq_tcp,none,none,,1,34461,512,584,1785153470921676000,1785153470921676000,1785153470921676000,1785153470921677000,1785153470921730000,1785153470921733000,1785153470921733000,1785153470921733000,121932490,121652369,-227.121,0.000,0.000,1.000,3.000,0.000,0.000,106.000,0,0,0
B3_zmq_pushpull,zmq_tcp,none,none,,1,34462,512,584,1785153470922572000,1785153470922572000,1785153470922572000,1785153470922573000,1785153470922731000,1785153470922734000,1785153470922734000,1785153470922734000,121932490,121652369,-122.121,0.000,0.000,1.000,3.000,0.000,0.000,105.000,0,0,0
B3_zmq_pushpull,zmq_tcp,none,none,,1,34463,512,584,1785153470923676000,1785153470923676000,1785153470923676000,1785153470923677000,1785153470923731000,1785153470923734000,1785153470923734000,1785153470923734000,121932490,121652369,-226.121,0.000,0.000,1.000,3.000,0.000,0.000,104.000,0,0,0
B3_zmq_pushpull,zmq_tcp,none,none,,1,34464,512,584,1785153470924560000,1785153470924560000,1785153470924560000,1785153470924561000,1785153470924719000,1785153470924722000,1785153470924722000,1785153470924722000,121932490,121652369,-122.121,0.000,0.000,1.000,3.000,0.000,0.000,104.000,0,0,0
B3_zmq_pushpull,zmq_tcp,none,none,,1,34465,512,584,1785153470925679000,1785153470925679000,1785153470925679000,1785153470925680000,1785153470925733000,1785153470925737000,1785153470925737000,1785153470925737000,121932490,121652369,-227.121,0.000,0.000,1.000,4.000,0.000,0.000,105.000,0,0,0
B3_zmq_pushpull,zmq_tcp,none,none,,1,34466,512,584,1785153470926645000,1785153470926645000,1785153470926645000,1785153470926646000,1785153470926718000,1785153470926720000,1785153470926720000,1785153470926720000,121932490,121652369,-208.121,0.000,0.000,1.000,2.000,0.000,0.000,19.000,0,0,0
B3_zmq_pushpull,zmq_tcp,none,none,,1,34467,512,584,1785153470927657000,1785153470927657000,1785153470927657000,1785153470927658000,1785153470927708000,1785153470927711000,1785153470927711000,1785153470927711000,121932490,121652369,-230.121,0.000,0.000,1.000,3.000,0.000,0.000,22.000,0,0,0
B3_zmq_pushpull,zmq_tcp,none,none,,1,34468,512,584,1785153470928654000,1785153470928655000,1785153470928655000,1785153470928656000,1785153470928835000,1785153470928839000,1785153470928839000,1785153470928839000,121932490,121652369,-101.121,1.000,0.000,1.000,4.000,0.000,0.000,129.000,0,0,0
B3_zmq_pushpull,zmq_tcp,none,none,,1,34469,512,584,1785153470929654000,1785153470929655000,1785153470929655000,1785153470929656000,1785153470929827000,1785153470929830000,1785153470929830000,1785153470929830000,121932490,121652369,-109.121,1.000,0.000,1.000,3.000,0.000,0.000,8.000,0,0,0
B3_zmq_pushpull,zmq_tcp,none,none,,1,34470,512,584,1785153470930654000,1785153470930654000,1785153470930654000,1785153470930655000,1785153470930819000,1785153470930822000,1785153470930822000,1785153470930822000,121932490,121652369,-116.121,0.000,0.000,1.000,3.000,0.000,0.000,7.000,0,0,0
B3_zmq_pushpull,zmq_tcp,none,none,,1,34471,512,584,1785153470931656000,1785153470931656000,1785153470931656000,1785153470931657000,1785153470931799000,1785153470931802000,1785153470931802000,1785153470931802000,121932490,121652369,-138.121,0.000,0.000,1.000,3.000,0.000,0.000,22.000,0,0,0
B3_zmq_pushpull,zmq_tcp,none,none,,1,34472,512,584,1785153470932504000,1785153470932505000,1785153470932505000,1785153470932506000,1785153470932659000,1785153470932663000,1785153470932663000,1785153470932663000,121932490,121652369,-127.121,1.000,0.000,1.000,4.000,0.000,0.000,11.000,0,0,0
B3_zmq_pushpull,zmq_tcp,none,none,,1,34473,512,584,1785153470933495000,1785153470933495000,1785153470933495000,1785153470933496000,1785153470933640000,1785153470933643000,1785153470933643000,1785153470933643000,121932490,121652369,-136.121,0.000,0.000,1.000,3.000,0.000,0.000,9.000,0,0,0
B3_zmq_pushpull,zmq_tcp,none,none,,1,34474,512,584,1785153470934469000,1785153470934469000,1785153470934469000,1785153470934470000,1785153470934613000,1785153470934615000,1785153470934615000,1785153470934615000,121932490,121652369,-137.121,0.000,0.000,1.000,2.000,0.000,0.000,1.000,0,0,0
B3_zmq_pushpull,zmq_tcp,none,none,,1,34475,512,584,1785153470935701000,1785153470935701000,1785153470935701000,1785153470935702000,1785153470935769000,1785153470935772000,1785153470935772000,1785153470935772000,121932490,121652369,-213.121,0.000,0.000,1.000,3.000,0.000,0.000,76.000,0,0,0
B3_zmq_pushpull,zmq_tcp,none,none,,1,34476,512,584,1785153470936645000,1785153470936645000,1785153470936645000,1785153470936646000,1785153470936782000,1785153470936785000,1785153470936785000,1785153470936785000,121932490,121652369,-144.121,0.000,0.000,1.000,3.000,0.000,0.000,69.000,0,0,0
B3_zmq_pushpull,zmq_tcp,none,none,,1,34477,512,584,1785153470937654000,1785153470937654000,1785153470937654000,1785153470937655000,1785153470937791000,1785153470937795000,1785153470937795000,1785153470937795000,121932490,121652369,-144.121,0.000,0.000,1.000,4.000,0.000,0.000,0.000,0,0,0
B3_zmq_pushpull,zmq_tcp,none,none,,1,34478,512,584,1785153470938654000,1785153470938655000,1785153470938655000,1785153470938656000,1785153470938791000,1785153470938794000,1785153470938794000,1785153470938794000,121932490,121652369,-145.121,1.000,0.000,1.000,3.000,0.000,0.000,1.000,0,0,0
B3_zmq_pushpull,zmq_tcp,none,none,,1,34479,512,584,1785153470939654000,1785153470939654000,1785153470939654000,1785153470939655000,1785153470939789000,1785153470939791000,1785153470939791000,1785153470939791000,121932490,121652369,-146.121,0.000,0.000,1.000,2.000,0.000,0.000,1.000,0,0,0
B3_zmq_pushpull,zmq_tcp,none,none,,1,34480,512,584,1785153470940651000,1785153470940652000,1785153470940652000,1785153470940653000,1785153470940786000,1785153470940789000,1785153470940789000,1785153470940789000,121932490,121652369,-147.121,1.000,0.000,1.000,3.000,0.000,0.000,1.000,0,0,0
B3_zmq_pushpull,zmq_tcp,none,none,,1,34481,512,584,1785153470941655000,1785153470941656000,1785153470941656000,1785153470941657000,1785153470941766000,1785153470941768000,1785153470941768000,1785153470941768000,121932490,121652369,-171.121,1.000,0.000,1.000,2.000,0.000,0.000,24.000,0,0,0
B3_zmq_pushpull,zmq_tcp,none,none,,1,34482,512,584,1785153470942659000,1785153470942659000,1785153470942659000,1785153470942660000,1785153470942783000,1785153470942787000,1785153470942787000,1785153470942787000,121932490,121652369,-157.121,0.000,0.000,1.000,4.000,0.000,0.000,14.000,0,0,0
B3_zmq_pushpull,zmq_tcp,none,none,,1,34483,512,584,1785153470943489000,1785153470943489000,1785153470943489000,1785153470943490000,1785153470943633000,1785153470943636000,1785153470943636000,1785153470943636000,121932490,121652369,-137.121,0.000,0.000,1.000,3.000,0.000,0.000,20.000,0,0,0
B3_zmq_pushpull,zmq_tcp,none,none,,1,34484,512,584,1785153470944696000,1785153470944696000,1785153470944696000,1785153470944697000,1785153470944756000,1785153470944759000,1785153470944759000,1785153470944759000,121932490,121652369,-221.121,0.000,0.000,1.000,3.000,0.000,0.000,84.000,0,0,0
B3_zmq_pushpull,zmq_tcp,none,none,,1,34485,512,584,1785153470945463000,1785153470945463000,1785153470945463000,1785153470945464000,1785153470945609000,1785153470945611000,1785153470945611000,1785153470945611000,121932490,121652369,-135.121,0.000,0.000,1.000,2.000,0.000,0.000,86.000,0,0,0
B3_zmq_pushpull,zmq_tcp,none,none,,1,34486,512,584,1785153470946702000,1785153470946703000,1785153470946703000,1785153470946704000,1785153470946874000,1785153470946877000,1785153470946877000,1785153470946877000,121932490,121652369,-110.121,1.000,0.000,1.000,3.000,0.000,0.000,25.000,0,0,0
B3_zmq_pushpull,zmq_tcp,none,none,,1,34487,512,584,1785153470947559000,1785153470947559000,1785153470947559000,1785153470947560000,1785153470947703000,1785153470947706000,1785153470947706000,1785153470947706000,121932490,121652369,-137.121,0.000,0.000,1.000,3.000,0.000,0.000,27.000,0,0,0
B3_zmq_pushpull,zmq_tcp,none,none,,1,34488,512,584,1785153470948678000,1785153470948679000,1785153470948679000,1785153470948680000,1785153470948837000,1785153470948840000,1785153470948840000,1785153470948840000,121932490,121652369,-123.121,1.000,0.000,1.000,3.000,0.000,0.000,14.000,0,0,0
B3_zmq_pushpull,zmq_tcp,none,none,,1,34489,512,584,1785153470949531000,1785153470949531000,1785153470949531000,1785153470949532000,1785153470949682000,1785153470949685000,1785153470949685000,1785153470949685000,121932490,121652369,-130.121,0.000,0.000,1.000,3.000,0.000,0.000,7.000,0,0,0
B3_zmq_pushpull,zmq_tcp,none,none,,1,34490,512,584,1785153470950684000,1785153470950684000,1785153470950685000,1785153470950685000,1785153470950824000,1785153470950827000,1785153470950827000,1785153470950827000,121932490,121652369,-141.121,0.000,1.000,0.000,3.000,0.000,0.000,11.000,0,0,0
B3_zmq_pushpull,zmq_tcp,none,none,,1,34491,512,584,1785153470951645000,1785153470951645000,1785153470951645000,1785153470951646000,1785153470951696000,1785153470951700000,1785153470951700000,1785153470951700000,121932490,121652369,-230.121,0.000,0.000,1.000,4.000,0.000,0.000,89.000,0,0,0
B3_zmq_pushpull,zmq_tcp,none,none,,1,34492,512,584,1785153470952555000,1785153470952555000,1785153470952555000,1785153470952556000,1785153470952703000,1785153470952707000,1785153470952707000,1785153470952707000,121932490,121652369,-133.121,0.000,0.000,1.000,4.000,0.000,0.000,97.000,0,0,0
B3_zmq_pushpull,zmq_tcp,none,none,,1,34493,512,584,1785153470953556000,1785153470953556000,1785153470953556000,1785153470953557000,1785153470953706000,1785153470953710000,1785153470953710000,1785153470953710000,121932490,121652369,-131.121,0.000,0.000,1.000,4.000,0.000,0.000,2.000,0,0,0
B3_zmq_pushpull,zmq_tcp,none,none,,1,34494,512,584,1785153470954544000,1785153470954544000,1785153470954545000,1785153470954545000,1785153470954693000,1785153470954697000,1785153470954697000,1785153470954697000,121932490,121652369,-132.121,0.000,1.000,0.000,4.000,0.000,0.000,1.000,0,0,0
B3_zmq_pushpull,zmq_tcp,none,none,,1,34495,512,584,1785153470955679000,1785153470955679000,1785153470955679000,1785153470955680000,1785153470955812000,1785153470955815000,1785153470955815000,1785153470955815000,121932490,121652369,-148.121,0.000,0.000,1.000,3.000,0.000,0.000,16.000,0,0,0
B3_zmq_pushpull,zmq_tcp,none,none,,1,34496,512,584,1785153470956650000,1785153470956650000,1785153470956650000,1785153470956651000,1785153470956818000,1785153470956821000,1785153470956821000,1785153470956821000,121932490,121652369,-113.121,0.000,0.000,1.000,3.000,0.000,0.000,35.000,0,0,0
B3_zmq_pushpull,zmq_tcp,none,none,,1,34497,512,584,1785153470957657000,1785153470957657000,1785153470957657000,1785153470957658000,1785153470957831000,1785153470957835000,1785153470957835000,1785153470957835000,121932490,121652369,-107.121,0.000,0.000,1.000,4.000,0.000,0.000,6.000,0,0,0
B3_zmq_pushpull,zmq_tcp,none,none,,1,34498,512,584,1785153470958654000,1785153470958654000,1785153470958654000,1785153470958655000,1785153470958699000,1785153470958703000,1785153470958703000,1785153470958703000,121932490,121652369,-236.121,0.000,0.000,1.000,4.000,0.000,0.000,129.000,0,0,0
B3_zmq_pushpull,zmq_tcp,none,none,,1,34499,512,584,1785153470959655000,1785153470959655000,1785153470959656000,1785153470959657000,1785153470959706000,1785153470959712000,1785153470959712000,1785153470959712000,121932490,121652369,-231.121,0.000,1.000,1.000,6.000,0.000,0.000,5.000,0,0,0
B3_zmq_pushpull,zmq_tcp,none,none,,1,34500,512,584,1785153470960561000,1785153470960561000,1785153470960561000,1785153470960562000,1785153470960705000,1785153470960707000,1785153470960707000,1785153470960707000,121932490,121652369,-137.121,0.000,0.000,1.000,2.000,0.000,0.000,94.000,0,0,0
B3_zmq_pushpull,zmq_tcp,none,none,,1,34501,512,584,1785153470961680000,1785153470961680000,1785153470961680000,1785153470961681000,1785153470961827000,1785153470961829000,1785153470961829000,1785153470961829000,121932490,121652369,-134.121,0.000,0.000,1.000,2.000,0.000,0.000,3.000,0,0,0
B3_zmq_pushpull,zmq_tcp,none,none,,1,34502,512,584,1785153470962646000,1785153470962646000,1785153470962646000,1785153470962647000,1785153470962811000,1785153470962813000,1785153470962813000,1785153470962813000,121932490,121652369,-116.121,0.000,0.000,1.000,2.000,0.000,0.000,18.000,0,0,0
B3_zmq_pushpull,zmq_tcp,none,none,,1,34503,512,584,1785153470963659000,1785153470963659000,1785153470963659000,1785153470963660000,1785153470963818000,1785153470963821000,1785153470963821000,1785153470963821000,121932490,121652369,-122.121,0.000,0.000,1.000,3.000,0.000,0.000,6.000,0,0,0
B3_zmq_pushpull,zmq_tcp,none,none,,1,34504,512,584,1785153470964510000,1785153470964510000,1785153470964510000,1785153470964511000,1785153470964654000,1785153470964657000,1785153470964657000,1785153470964657000,121932490,121652369,-137.121,0.000,0.000,1.000,3.000,0.000,0.000,15.000,0,0,0
B3_zmq_pushpull,zmq_tcp,none,none,,1,34505,512,584,1785153470965691000,1785153470965691000,1785153470965691000,1785153470965692000,1785153470965783000,1785153470965787000,1785153470965787000,1785153470965787000,121932490,121652369,-189.121,0.000,0.000,1.000,4.000,0.000,0.000,52.000,0,0,0
B3_zmq_pushpull,zmq_tcp,none,none,,1,34506,512,584,1785153470966487000,1785153470966487000,1785153470966487000,1785153470966488000,1785153470966634000,1785153470966637000,1785153470966637000,1785153470966637000,121932490,121652369,-134.121,0.000,0.000,1.000,3.000,0.000,0.000,55.000,0,0,0
B3_zmq_pushpull,zmq_tcp,none,none,,1,34507,512,584,1785153470967697000,1785153470967697000,1785153470967697000,1785153470967698000,1785153470967777000,1785153470967780000,1785153470967780000,1785153470967780000,121932490,121652369,-201.121,0.000,0.000,1.000,3.000,0.000,0.000,67.000,0,0,0
B3_zmq_pushpull,zmq_tcp,none,none,,1,34508,512,584,1785153470968644000,1785153470968644000,1785153470968644000,1785153470968645000,1785153470968759000,1785153470968762000,1785153470968762000,1785153470968762000,121932490,121652369,-166.121,0.000,0.000,1.000,3.000,0.000,0.000,35.000,0,0,0
B3_zmq_pushpull,zmq_tcp,none,none,,1,34509,512,584,1785153470969658000,1785153470969658000,1785153470969658000,1785153470969659000,1785153470969740000,1785153470969743000,1785153470969743000,1785153470969743000,121932490,121652369,-199.121,0.000,0.000,1.000,3.000,0.000,0.000,33.000,0,0,0
B3_zmq_pushpull,zmq_tcp,none,none,,1,34510,512,584,1785153470970651000,1785153470970651000,1785153470970651000,1785153470970652000,1785153470970738000,1785153470970741000,1785153470970741000,1785153470970741000,121932490,121652369,-194.121,0.000,0.000,1.000,3.000,0.000,0.000,5.000,0,0,0
B3_zmq_pushpull,zmq_tcp,none,none,,1,34511,512,584,1785153470971657000,1785153470971657000,1785153470971657000,1785153470971658000,1785153470971717000,1785153470971720000,1785153470971720000,1785153470971720000,121932490,121652369,-221.121,0.000,0.000,1.000,3.000,0.000,0.000,27.000,0,0,0
B3_zmq_pushpull,zmq_tcp,none,none,,1,34512,512,584,1785153470972655000,1785153470972655000,1785153470972655000,1785153470972656000,1785153470972708000,1785153470972712000,1785153470972712000,1785153470972712000,121932490,121652369,-228.121,0.000,0.000,1.000,4.000,0.000,0.000,7.000,0,0,0
B3_zmq_pushpull,zmq_tcp,none,none,,1,34513,512,584,1785153470973656000,1785153470973656000,1785153470973656000,1785153470973657000,1785153470973846000,1785153470973849000,1785153470973849000,1785153470973849000,121932490,121652369,-91.121,0.000,0.000,1.000,3.000,0.000,0.000,137.000,0,0,0
B3_zmq_pushpull,zmq_tcp,none,none,,1,34514,512,584,1785153470974651000,1785153470974651000,1785153470974651000,1785153470974652000,1785153470974697000,1785153470974700000,1785153470974700000,1785153470974700000,121932490,121652369,-235.121,0.000,0.000,1.000,3.000,0.000,0.000,144.000,0,0,0
B3_zmq_pushpull,zmq_tcp,none,none,,1,34515,512,584,1785153470975514000,1785153470975514000,1785153470975514000,1785153470975515000,1785153470975673000,1785153470975677000,1785153470975677000,1785153470975677000,121932490,121652369,-122.121,0.000,0.000,1.000,4.000,0.000,0.000,113.000,0,0,0
B3_zmq_pushpull,zmq_tcp,none,none,,1,34516,512,584,1785153470976691000,1785153470976691000,1785153470976691000,1785153470976692000,1785153470976809000,1785153470976812000,1785153470976812000,1785153470976812000,121932490,121652369,-163.121,0.000,0.000,1.000,3.000,0.000,0.000,41.000,0,0,0
B3_zmq_pushpull,zmq_tcp,none,none,,1,34517,512,584,1785153470977644000,1785153470977644000,1785153470977644000,1785153470977645000,1785153470977826000,1785153470977829000,1785153470977829000,1785153470977829000,121932490,121652369,-99.121,0.000,0.000,1.000,3.000,0.000,0.000,64.000,0,0,0
B3_zmq_pushpull,zmq_tcp,none,none,,1,34518,512,584,1785153470978657000,1785153470978657000,1785153470978657000,1785153470978658000,1785153470978816000,1785153470978818000,1785153470978818000,1785153470978818000,121932490,121652369,-122.121,0.000,0.000,1.000,2.000,0.000,0.000,23.000,0,0,0
B3_zmq_pushpull,zmq_tcp,none,none,,1,34519,512,584,1785153470979655000,1785153470979655000,1785153470979655000,1785153470979656000,1785153470979810000,1785153470979813000,1785153470979813000,1785153470979813000,121932490,121652369,-126.121,0.000,0.000,1.000,3.000,0.000,0.000,4.000,0,0,0
B3_zmq_pushpull,zmq_tcp,none,none,,1,34520,512,584,1785153470980490000,1785153470980491000,1785153470980491000,1785153470980492000,1785153470980645000,1785153470980648000,1785153470980648000,1785153470980648000,121932490,121652369,-127.121,1.000,0.000,1.000,3.000,0.000,0.000,1.000,0,0,0
B3_zmq_pushpull,zmq_tcp,none,none,,1,34521,512,584,1785153470981489000,1785153470981489000,1785153470981489000,1785153470981490000,1785153470981637000,1785153470981640000,1785153470981640000,1785153470981640000,121932490,121652369,-133.121,0.000,0.000,1.000,3.000,0.000,0.000,6.000,0,0,0
B3_zmq_pushpull,zmq_tcp,none,none,,1,34522,512,584,1785153470982481000,1785153470982481000,1785153470982481000,1785153470982482000,1785153470982637000,1785153470982640000,1785153470982640000,1785153470982640000,121932490,121652369,-125.121,0.000,0.000,1.000,3.000,0.000,0.000,8.000,0,0,0
B3_zmq_pushpull,zmq_tcp,none,none,,1,34523,512,584,1785153470983699000,1785153470983699000,1785153470983699000,1785153470983700000,1785153470983784000,1785153470983786000,1785153470983787000,1785153470983787000,121932490,121652369,-196.121,0.000,0.000,1.000,2.000,1.000,0.000,71.000,0,0,0
B3_zmq_pushpull,zmq_tcp,none,none,,1,34524,512,584,1785153470984640000,1785153470984640000,1785153470984640000,1785153470984641000,1785153470984769000,1785153470984772000,1785153470984772000,1785153470984772000,121932490,121652369,-152.121,0.000,0.000,1.000,3.000,0.000,0.000,44.000,0,0,0
B3_zmq_pushpull,zmq_tcp,none,none,,1,34525,512,584,1785153470985658000,1785153470985658000,1785153470985658000,1785153470985659000,1785153470985765000,1785153470985768000,1785153470985768000,1785153470985768000,121932490,121652369,-174.121,0.000,0.000,1.000,3.000,0.000,0.000,22.000,0,0,0
B3_zmq_pushpull,zmq_tcp,none,none,,1,34526,512,584,1785153470986654000,1785153470986655000,1785153470986655000,1785153470986656000,1785153470986756000,1785153470986759000,1785153470986759000,1785153470986759000,121932490,121652369,-180.121,1.000,0.000,1.000,3.000,0.000,0.000,6.000,0,0,0
B3_zmq_pushpull,zmq_tcp,none,none,,1,34527,512,584,1785153470987655000,1785153470987655000,1785153470987655000,1785153470987656000,1785153470987752000,1785153470987754000,1785153470987754000,1785153470987754000,121932490,121652369,-184.121,0.000,0.000,1.000,2.000,0.000,0.000,4.000,0,0,0
B3_zmq_pushpull,zmq_tcp,none,none,,1,34528,512,584,1785153470988652000,1785153470988652000,1785153470988652000,1785153470988653000,1785153470988752000,1785153470988755000,1785153470988755000,1785153470988755000,121932490,121652369,-181.121,0.000,0.000,1.000,3.000,0.000,0.000,3.000,0,0,0
B3_zmq_pushpull,zmq_tcp,none,none,,1,34529,512,584,1785153470989576000,1785153470989577000,1785153470989577000,1785153470989578000,1785153470989734000,1785153470989738000,1785153470989738000,1785153470989738000,121932490,121652369,-124.121,1.000,0.000,1.000,4.000,0.000,0.000,57.000,0,0,0
B3_zmq_pushpull,zmq_tcp,none,none,,1,34530,512,584,1785153470990675000,1785153470990675000,1785153470990675000,1785153470990676000,1785153470990745000,1785153470990750000,1785153470990750000,1785153470990750000,121932490,121652369,-211.121,0.000,0.000,1.000,5.000,0.000,0.000,87.000,0,0,0
B3_zmq_pushpull,zmq_tcp,none,none,,1,34531,512,584,1785153470991651000,1785153470991651000,1785153470991651000,1785153470991652000,1785153470991758000,1785153470991767000,1785153470991767000,1785153470991767000,121932490,121652369,-174.121,0.000,0.000,1.000,9.000,0.000,0.000,37.000,0,0,0
B3_zmq_pushpull,zmq_tcp,none,none,,1,34532,512,584,1785153470992658000,1785153470992658000,1785153470992658000,1785153470992659000,1785153470992748000,1785153470992751000,1785153470992751000,1785153470992751000,121932490,121652369,-191.121,0.000,0.000,1.000,3.000,0.000,0.000,17.000,0,0,0
B3_zmq_pushpull,zmq_tcp,none,none,,1,34533,512,584,1785153470993656000,1785153470993656000,1785153470993657000,1785153470993657000,1785153470993748000,1785153470993750000,1785153470993750000,1785153470993750000,121932490,121652369,-189.121,0.000,1.000,0.000,2.000,0.000,0.000,2.000,0,0,0
B3_zmq_pushpull,zmq_tcp,none,none,,1,34534,512,584,1785153470994655000,1785153470994655000,1785153470994655000,1785153470994656000,1785153470994741000,1785153470994744000,1785153470994744000,1785153470994744000,121932490,121652369,-195.121,0.000,0.000,1.000,3.000,0.000,0.000,6.000,0,0,0
B3_zmq_pushpull,zmq_tcp,none,none,,1,34535,512,584,1785153470995652000,1785153470995653000,1785153470995653000,1785153470995654000,1785153470995725000,1785153470995728000,1785153470995728000,1785153470995728000,121932490,121652369,-209.121,1.000,0.000,1.000,3.000,0.000,0.000,14.000,0,0,0
B3_zmq_pushpull,zmq_tcp,none,none,,1,34536,512,584,1785153470996656000,1785153470996656000,1785153470996657000,1785153470996657000,1785153470996702000,1785153470996706000,1785153470996706000,1785153470996706000,121932490,121652369,-235.121,0.000,1.000,0.000,4.000,0.000,0.000,26.000,0,0,0
B3_zmq_pushpull,zmq_tcp,none,none,,1,34537,512,584,1785153470997553000,1785153470997553000,1785153470997553000,1785153470997554000,1785153470997714000,1785153470997717000,1785153470997717000,1785153470997717000,121932490,121652369,-120.121,0.000,0.000,1.000,3.000,0.000,0.000,115.000,0,0,0
B3_zmq_pushpull,zmq_tcp,none,none,,1,34538,512,584,1785153470998680000,1785153470998680000,1785153470998681000,1785153470998681000,1785153470998845000,1785153470998848000,1785153470998848000,1785153470998848000,121932490,121652369,-116.121,0.000,1.000,0.000,3.000,0.000,0.000,4.000,0,0,0
B3_zmq_pushpull,zmq_tcp,none,none,,1,34539,512,584,1785153470999651000,1785153470999651000,1785153470999651000,1785153470999652000,1785153470999848000,1785153470999850000,1785153470999851000,1785153470999851000,121932490,121652369,-84.121,0.000,0.000,1.000,2.000,1.000,0.000,32.000,0,0,0
B3_zmq_pushpull,zmq_tcp,none,none,,1,34540,512,584,1785153471000656000,1785153471000657000,1785153471000657000,1785153471000658000,1785153471000702000,1785153471000706000,1785153471000706000,1785153471000706000,121932490,121652369,-236.121,1.000,0.000,1.000,4.000,0.000,0.000,152.000,0,0,0
B3_zmq_pushpull,zmq_tcp,none,none,,1,34541,512,584,1785153471001654000,1785153471001654000,1785153471001654000,1785153471001655000,1785153471001845000,1785153471001848000,1785153471001848000,1785153471001848000,121932490,121652369,-90.121,0.000,0.000,1.000,3.000,0.000,0.000,146.000,0,0,0
B3_zmq_pushpull,zmq_tcp,none,none,,1,34542,512,584,1785153471002657000,1785153471002657000,1785153471002657000,1785153471002658000,1785153471002828000,1785153471002831000,1785153471002831000,1785153471002831000,121932490,121652369,-110.121,0.000,0.000,1.000,3.000,0.000,0.000,20.000,0,0,0
B3_zmq_pushpull,zmq_tcp,none,none,,1,34543,512,584,1785153471003657000,1785153471003657000,1785153471003657000,1785153471003658000,1785153471003849000,1785153471003852000,1785153471003852000,1785153471003852000,121932490,121652369,-89.121,0.000,0.000,1.000,3.000,0.000,0.000,21.000,0,0,0
B3_zmq_pushpull,zmq_tcp,none,none,,1,34544,512,584,1785153471004655000,1785153471004655000,1785153471004655000,1785153471004656000,1785153471004844000,1785153471004852000,1785153471004852000,1785153471004852000,121932490,121652369,-92.121,0.000,0.000,1.000,8.000,0.000,0.000,3.000,0,0,0
B3_zmq_pushpull,zmq_tcp,none,none,,1,34545,512,584,1785153471005656000,1785153471005656000,1785153471005656000,1785153471005657000,1785153471005846000,1785153471005850000,1785153471005850000,1785153471005850000,121932490,121652369,-91.121,0.000,0.000,1.000,4.000,0.000,0.000,1.000,0,0,0
B3_zmq_pushpull,zmq_tcp,none,none,,1,34546,512,584,1785153471006655000,1785153471006655000,1785153471006655000,1785153471006656000,1785153471006842000,1785153471006845000,1785153471006845000,1785153471006845000,121932490,121652369,-94.121,0.000,0.000,1.000,3.000,0.000,0.000,3.000,0,0,0
B3_zmq_pushpull,zmq_tcp,none,none,,1,34547,512,584,1785153471007658000,1785153471007658000,1785153471007658000,1785153471007659000,1785153471007714000,1785153471007718000,1785153471007718000,1785153471007718000,121932490,121652369,-225.121,0.000,0.000,1.000,4.000,0.000,0.000,131.000,0,0,0
B3_zmq_pushpull,zmq_tcp,none,none,,1,34548,512,584,1785153471008654000,1785153471008654000,1785153471008654000,1785153471008655000,1785153471008701000,1785153471008704000,1785153471008704000,1785153471008704000,121932490,121652369,-234.121,0.000,0.000,1.000,3.000,0.000,0.000,9.000,0,0,0
B3_zmq_pushpull,zmq_tcp,none,none,,1,34549,512,584,1785153471009655000,1785153471009655000,1785153471009656000,1785153471009657000,1785153471009828000,1785153471009835000,1785153471009835000,1785153471009835000,121932490,121652369,-109.121,0.000,1.000,1.000,7.000,0.000,0.000,125.000,0,0,0
B3_zmq_pushpull,zmq_tcp,none,none,,1,34550,512,584,1785153471010553000,1785153471010553000,1785153471010553000,1785153471010554000,1785153471010705000,1785153471010708000,1785153471010708000,1785153471010708000,121932490,121652369,-129.121,0.000,0.000,1.000,3.000,0.000,0.000,20.000,0,0,0
B3_zmq_pushpull,zmq_tcp,none,none,,1,34551,512,584,1785153471011683000,1785153471011683000,1785153471011683000,1785153471011684000,1785153471011858000,1785153471011861000,1785153471011861000,1785153471011861000,121932490,121652369,-106.121,0.000,0.000,1.000,3.000,0.000,0.000,23.000,0,0,0
B3_zmq_pushpull,zmq_tcp,none,none,,1,34552,512,584,1785153471012648000,1785153471012648000,1785153471012649000,1785153471012649000,1785153471012718000,1785153471012722000,1785153471012722000,1785153471012722000,121932490,121652369,-211.121,0.000,1.000,0.000,4.000,0.000,0.000,105.000,0,0,0
B3_zmq_pushpull,zmq_tcp,none,none,,1,34553,512,584,1785153471013583000,1785153471013583000,1785153471013583000,1785153471013584000,1785153471013744000,1785153471013746000,1785153471013746000,1785153471013746000,121932490,121652369,-120.121,0.000,0.000,1.000,2.000,0.000,0.000,91.000,0,0,0
B3_zmq_pushpull,zmq_tcp,none,none,,1,34554,512,584,1785153471014672000,1785153471014673000,1785153471014673000,1785153471014674000,1785153471014845000,1785153471014848000,1785153471014848000,1785153471014848000,121932490,121652369,-109.121,1.000,0.000,1.000,3.000,0.000,0.000,11.000,0,0,0
B3_zmq_pushpull,zmq_tcp,none,none,,1,34555,512,584,1785153471015560000,1785153471015560000,1785153471015560000,1785153471015561000,1785153471015716000,1785153471015719000,1785153471015719000,1785153471015719000,121932490,121652369,-125.121,0.000,0.000,1.000,3.000,0.000,0.000,16.000,0,0,0
B3_zmq_pushpull,zmq_tcp,none,none,,1,34556,512,584,1785153471016680000,1785153471016680000,1785153471016680000,1785153471016681000,1785153471016848000,1785153471016851000,1785153471016851000,1785153471016851000,121932490,121652369,-113.121,0.000,0.000,1.000,3.000,0.000,0.000,12.000,0,0,0
B3_zmq_pushpull,zmq_tcp,none,none,,1,34557,512,584,1785153471017648000,1785153471017649000,1785153471017649000,1785153471017650000,1785153471017702000,1785153471017706000,1785153471017706000,1785153471017706000,121932490,121652369,-228.121,1.000,0.000,1.000,4.000,0.000,0.000,115.000,0,0,0
B3_zmq_pushpull,zmq_tcp,none,none,,1,34558,512,584,1785153471018657000,1785153471018657000,1785153471018658000,1785153471018658000,1785153471018713000,1785153471018717000,1785153471018717000,1785153471018717000,121932490,121652369,-225.121,0.000,1.000,0.000,4.000,0.000,0.000,3.000,0,0,0
B3_zmq_pushpull,zmq_tcp,none,none,,1,34559,512,584,1785153471019658000,1785153471019658000,1785153471019658000,1785153471019659000,1785153471019846000,1785153471019849000,1785153471019849000,1785153471019849000,121932490,121652369,-93.121,0.000,0.000,1.000,3.000,0.000,0.000,132.000,0,0,0
B3_zmq_pushpull,zmq_tcp,none,none,,1,34560,512,584,1785153471020562000,1785153471020562000,1785153471020562000,1785153471020563000,1785153471020712000,1785153471020714000,1785153471020715000,1785153471020715000,121932490,121652369,-131.121,0.000,0.000,1.000,2.000,1.000,0.000,38.000,0,0,0
B3_zmq_pushpull,zmq_tcp,none,none,,1,34561,512,584,1785153471021677000,1785153471021677000,1785153471021678000,1785153471021678000,1785153471021854000,1785153471021857000,1785153471021857000,1785153471021857000,121932490,121652369,-104.121,0.000,1.000,0.000,3.000,0.000,0.000,27.000,0,0,0
B3_zmq_pushpull,zmq_tcp,none,none,,1,34562,512,584,1785153471022549000,1785153471022549000,1785153471022549000,1785153471022550000,1785153471022707000,1785153471022710000,1785153471022710000,1785153471022710000,121932490,121652369,-123.121,0.000,0.000,1.000,3.000,0.000,0.000,19.000,0,0,0
B3_zmq_pushpull,zmq_tcp,none,none,,1,34563,512,584,1785153471023685000,1785153471023685000,1785153471023685000,1785153471023686000,1785153471023861000,1785153471023864000,1785153471023864000,1785153471023864000,121932490,121652369,-105.121,0.000,0.000,1.000,3.000,0.000,0.000,18.000,0,0,0
B3_zmq_pushpull,zmq_tcp,none,none,,1,34564,512,584,1785153471024647000,1785153471024647000,1785153471024647000,1785153471024648000,1785153471024720000,1785153471024722000,1785153471024722000,1785153471024722000,121932490,121652369,-208.121,0.000,0.000,1.000,2.000,0.000,0.000,103.000,0,0,0
B3_zmq_pushpull,zmq_tcp,none,none,,1,34565,512,584,1785153471025658000,1785153471025658000,1785153471025658000,1785153471025659000,1785153471025721000,1785153471025724000,1785153471025725000,1785153471025725000,121932490,121652369,-218.121,0.000,0.000,1.000,3.000,1.000,0.000,10.000,0,0,0
B3_zmq_pushpull,zmq_tcp,none,none,,1,34566,512,584,1785153471026655000,1785153471026655000,1785153471026655000,1785153471026656000,1785153471026740000,1785153471026743000,1785153471026743000,1785153471026743000,121932490,121652369,-196.121,0.000,0.000,1.000,3.000,0.000,0.000,22.000,0,0,0
B3_zmq_pushpull,zmq_tcp,none,none,,1,34567,512,584,1785153471027656000,1785153471027656000,1785153471027656000,1785153471027657000,1785153471027740000,1785153471027743000,1785153471027743000,1785153471027743000,121932490,121652369,-197.121,0.000,0.000,1.000,3.000,0.000,0.000,1.000,0,0,0
B3_zmq_pushpull,zmq_tcp,none,none,,1,34568,512,584,1785153471028654000,1785153471028654000,1785153471028654000,1785153471028655000,1785153471028743000,1785153471028745000,1785153471028745000,1785153471028745000,121932490,121652369,-192.121,0.000,0.000,1.000,2.000,0.000,0.000,5.000,0,0,0
B3_zmq_pushpull,zmq_tcp,none,none,,1,34569,512,584,1785153471029655000,1785153471029655000,1785153471029655000,1785153471029656000,1785153471029759000,1785153471029762000,1785153471029762000,1785153471029762000,121932490,121652369,-177.121,0.000,0.000,1.000,3.000,0.000,0.000,15.000,0,0,0
B3_zmq_pushpull,zmq_tcp,none,none,,1,34570,512,584,1785153471030655000,1785153471030655000,1785153471030655000,1785153471030656000,1785153471030748000,1785153471030751000,1785153471030751000,1785153471030751000,121932490,121652369,-188.121,0.000,0.000,1.000,3.000,0.000,0.000,11.000,0,0,0
B3_zmq_pushpull,zmq_tcp,none,none,,1,34571,512,584,1785153471031655000,1785153471031655000,1785153471031655000,1785153471031656000,1785153471031737000,1785153471031740000,1785153471031740000,1785153471031740000,121932490,121652369,-199.121,0.000,0.000,1.000,3.000,0.000,0.000,11.000,0,0,0
B3_zmq_pushpull,zmq_tcp,none,none,,1,34572,512,584,1785153471032655000,1785153471032655000,1785153471032655000,1785153471032656000,1785153471032751000,1785153471032753000,1785153471032753000,1785153471032753000,121932490,121652369,-185.121,0.000,0.000,1.000,2.000,0.000,0.000,14.000,0,0,0
B3_zmq_pushpull,zmq_tcp,none,none,,1,34573,512,584,1785153471033656000,1785153471033656000,1785153471033656000,1785153471033657000,1785153471033756000,1785153471033759000,1785153471033759000,1785153471033759000,121932490,121652369,-181.121,0.000,0.000,1.000,3.000,0.000,0.000,4.000,0,0,0
B3_zmq_pushpull,zmq_tcp,none,none,,1,34574,512,584,1785153471034655000,1785153471034655000,1785153471034655000,1785153471034656000,1785153471034755000,1785153471034757000,1785153471034757000,1785153471034757000,121932490,121652369,-181.121,0.000,0.000,1.000,2.000,0.000,0.000,0.000,0,0,0
B3_zmq_pushpull,zmq_tcp,none,none,,1,34575,512,584,1785153471035656000,1785153471035656000,1785153471035656000,1785153471035657000,1785153471035768000,1785153471035771000,1785153471035771000,1785153471035771000,121932490,121652369,-169.121,0.000,0.000,1.000,3.000,0.000,0.000,12.000,0,0,0
B3_zmq_pushpull,zmq_tcp,none,none,,1,34576,512,584,1785153471036653000,1785153471036654000,1785153471036654000,1785153471036655000,1785153471036753000,1785153471036756000,1785153471036756000,1785153471036756000,121932490,121652369,-182.121,1.000,0.000,1.000,3.000,0.000,0.000,13.000,0,0,0
B3_zmq_pushpull,zmq_tcp,none,none,,1,34577,512,584,1785153471037655000,1785153471037655000,1785153471037655000,1785153471037656000,1785153471037760000,1785153471037762000,1785153471037763000,1785153471037763000,121932490,121652369,-176.121,0.000,0.000,1.000,2.000,1.000,0.000,6.000,0,0,0
B3_zmq_pushpull,zmq_tcp,none,none,,1,34578,512,584,1785153471038655000,1785153471038655000,1785153471038655000,1785153471038656000,1785153471038733000,1785153471038735000,1785153471038736000,1785153471038736000,121932490,121652369,-203.121,0.000,0.000,1.000,2.000,1.000,0.000,27.000,0,0,0
B3_zmq_pushpull,zmq_tcp,none,none,,1,34579,512,584,1785153471039655000,1785153471039655000,1785153471039655000,1785153471039656000,1785153471039719000,1785153471039722000,1785153471039722000,1785153471039722000,121932490,121652369,-217.121,0.000,0.000,1.000,3.000,0.000,0.000,14.000,0,0,0
B3_zmq_pushpull,zmq_tcp,none,none,,1,34580,512,584,1785153471040655000,1785153471040655000,1785153471040655000,1785153471040656000,1785153471040733000,1785153471040736000,1785153471040736000,1785153471040736000,121932490,121652369,-203.121,0.000,0.000,1.000,3.000,0.000,0.000,14.000,0,0,0
B3_zmq_pushpull,zmq_tcp,none,none,,1,34581,512,584,1785153471041656000,1785153471041656000,1785153471041656000,1785153471041657000,1785153471041732000,1785153471041735000,1785153471041735000,1785153471041735000,121932490,121652369,-205.121,0.000,0.000,1.000,3.000,0.000,0.000,2.000,0,0,0
B3_zmq_pushpull,zmq_tcp,none,none,,1,34582,512,584,1785153471042655000,1785153471042655000,1785153471042656000,1785153471042656000,1785153471042735000,1785153471042738000,1785153471042738000,1785153471042738000,121932490,121652369,-201.121,0.000,1.000,0.000,3.000,0.000,0.000,4.000,0,0,0
B3_zmq_pushpull,zmq_tcp,none,none,,1,34583,512,584,1785153471043651000,1785153471043651000,1785153471043651000,1785153471043652000,1785153471043737000,1785153471043740000,1785153471043740000,1785153471043740000,121932490,121652369,-195.121,0.000,0.000,1.000,3.000,0.000,0.000,6.000,0,0,0
B3_zmq_pushpull,zmq_tcp,none,none,,1,34584,512,584,1785153471044656000,1785153471044657000,1785153471044657000,1785153471044658000,1785153471044733000,1785153471044736000,1785153471044737000,1785153471044737000,121932490,121652369,-205.121,1.000,0.000,1.000,3.000,1.000,0.000,10.000,0,0,0
B3_zmq_pushpull,zmq_tcp,none,none,,1,34585,512,584,1785153471045566000,1785153471045566000,1785153471045566000,1785153471045567000,1785153471045732000,1785153471045735000,1785153471045735000,1785153471045735000,121932490,121652369,-115.121,0.000,0.000,1.000,3.000,0.000,0.000,90.000,0,0,0
B3_zmq_pushpull,zmq_tcp,none,none,,1,34586,512,584,1785153471046678000,1785153471046678000,1785153471046678000,1785153471046679000,1785153471046741000,1785153471046744000,1785153471046744000,1785153471046745000,121932490,121652369,-218.121,0.000,0.000,1.000,3.000,0.000,1.000,103.000,0,0,0
B3_zmq_pushpull,zmq_tcp,none,none,,1,34587,512,584,1785153471047650000,1785153471047650000,1785153471047650000,1785153471047651000,1785153471047767000,1785153471047769000,1785153471047769000,1785153471047769000,121932490,121652369,-164.121,0.000,0.000,1.000,2.000,0.000,0.000,54.000,0,0,0
B3_zmq_pushpull,zmq_tcp,none,none,,1,34588,512,584,1785153471048656000,1785153471048656000,1785153471048656000,1785153471048657000,1785153471048757000,1785153471048761000,1785153471048761000,1785153471048761000,121932490,121652369,-180.121,0.000,0.000,1.000,4.000,0.000,0.000,16.000,0,0,0
B3_zmq_pushpull,zmq_tcp,none,none,,1,34589,512,584,1785153471049659000,1785153471049660000,1785153471049660000,1785153471049661000,1785153471049747000,1785153471049750000,1785153471049750000,1785153471049750000,121932490,121652369,-194.121,1.000,0.000,1.000,3.000,0.000,0.000,14.000,0,0,0
B3_zmq_pushpull,zmq_tcp,none,none,,1,34590,512,584,1785153471050654000,1785153471050654000,1785153471050654000,1785153471050655000,1785153471050733000,1785153471050735000,1785153471050735000,1785153471050735000,121932490,121652369,-202.121,0.000,0.000,1.000,2.000,0.000,0.000,8.000,0,0,0
B3_zmq_pushpull,zmq_tcp,none,none,,1,34591,512,584,1785153471051656000,1785153471051656000,1785153471051657000,1785153471051657000,1785153471051756000,1785153471051759000,1785153471051759000,1785153471051759000,121932490,121652369,-181.121,0.000,1.000,0.000,3.000,0.000,0.000,21.000,0,0,0
B3_zmq_pushpull,zmq_tcp,none,none,,1,34592,512,584,1785153471052657000,1785153471052657000,1785153471052658000,1785153471052658000,1785153471052777000,1785153471052780000,1785153471052780000,1785153471052780000,121932490,121652369,-161.121,0.000,1.000,0.000,3.000,0.000,0.000,20.000,0,0,0
B3_zmq_pushpull,zmq_tcp,none,none,,1,34593,512,584,1785153471053655000,1785153471053655000,1785153471053655000,1785153471053656000,1785153471053787000,1785153471053795000,1785153471053795000,1785153471053795000,121932490,121652369,-149.121,0.000,0.000,1.000,8.000,0.000,0.000,12.000,0,0,0
B3_zmq_pushpull,zmq_tcp,none,none,,1,34594,512,584,1785153471054654000,1785153471054654000,1785153471054654000,1785153471054655000,1785153471054796000,1785153471054799000,1785153471054799000,1785153471054799000,121932490,121652369,-139.121,0.000,0.000,1.000,3.000,0.000,0.000,10.000,0,0,0
B3_zmq_pushpull,zmq_tcp,none,none,,1,34595,512,584,1785153471055656000,1785153471055656000,1785153471055656000,1785153471055657000,1785153471055792000,1785153471055795000,1785153471055795000,1785153471055795000,121932490,121652369,-145.121,0.000,0.000,1.000,3.000,0.000,0.000,6.000,0,0,0
B3_zmq_pushpull,zmq_tcp,none,none,,1,34596,512,584,1785153471056655000,1785153471056655000,1785153471056655000,1785153471056656000,1785153471056788000,1785153471056792000,1785153471056792000,1785153471056792000,121932490,121652369,-148.121,0.000,0.000,1.000,4.000,0.000,0.000,3.000,0,0,0
B3_zmq_pushpull,zmq_tcp,none,none,,1,34597,512,584,1785153471057655000,1785153471057655000,1785153471057655000,1785153471057656000,1785153471057788000,1785153471057791000,1785153471057791000,1785153471057791000,121932490,121652369,-148.121,0.000,0.000,1.000,3.000,0.000,0.000,0.000,0,0,0
B3_zmq_pushpull,zmq_tcp,none,none,,1,34598,512,584,1785153471058654000,1785153471058654000,1785153471058654000,1785153471058655000,1785153471058785000,1785153471058789000,1785153471058789000,1785153471058789000,121932490,121652369,-150.121,0.000,0.000,1.000,4.000,0.000,0.000,2.000,0,0,0
B3_zmq_pushpull,zmq_tcp,none,none,,1,34599,512,584,1785153471059655000,1785153471059655000,1785153471059655000,1785153471059656000,1785153471059779000,1785153471059781000,1785153471059781000,1785153471059781000,121932490,121652369,-157.121,0.000,0.000,1.000,2.000,0.000,0.000,7.000,0,0,0
B3_zmq_pushpull,zmq_tcp,none,none,,1,34600,512,584,1785153471060655000,1785153471060655000,1785153471060655000,1785153471060656000,1785153471060787000,1785153471060789000,1785153471060789000,1785153471060789000,121932490,121652369,-149.121,0.000,0.000,1.000,2.000,0.000,0.000,8.000,0,0,0
B3_zmq_pushpull,zmq_tcp,none,none,,1,34601,512,584,1785153471061655000,1785153471061655000,1785153471061655000,1785153471061656000,1785153471061774000,1785153471061777000,1785153471061777000,1785153471061777000,121932490,121652369,-162.121,0.000,0.000,1.000,3.000,0.000,0.000,13.000,0,0,0
B3_zmq_pushpull,zmq_tcp,none,none,,1,34602,512,584,1785153471062653000,1785153471062653000,1785153471062653000,1785153471062654000,1785153471062798000,1785153471062800000,1785153471062800000,1785153471062800000,121932490,121652369,-136.121,0.000,0.000,1.000,2.000,0.000,0.000,26.000,0,0,0
B3_zmq_pushpull,zmq_tcp,none,none,,1,34603,512,584,1785153471063499000,1785153471063499000,1785153471063499000,1785153471063500000,1785153471063648000,1785153471063651000,1785153471063651000,1785153471063651000,121932490,121652369,-132.121,0.000,0.000,1.000,3.000,0.000,0.000,4.000,0,0,0
B3_zmq_pushpull,zmq_tcp,none,none,,1,34604,512,584,1785153471064695000,1785153471064695000,1785153471064695000,1785153471064696000,1785153471064789000,1785153471064793000,1785153471064793000,1785153471064793000,121932490,121652369,-187.121,0.000,0.000,1.000,4.000,0.000,0.000,55.000,0,0,0
B3_zmq_pushpull,zmq_tcp,none,none,,1,34605,512,584,1785153471065642000,1785153471065642000,1785153471065642000,1785153471065643000,1785153471065788000,1785153471065791000,1785153471065791000,1785153471065791000,121932490,121652369,-135.121,0.000,0.000,1.000,3.000,0.000,0.000,52.000,0,0,0
B3_zmq_pushpull,zmq_tcp,none,none,,1,34606,512,584,1785153471066659000,1785153471066659000,1785153471066659000,1785153471066660000,1785153471066791000,1785153471066793000,1785153471066793000,1785153471066793000,121932490,121652369,-149.121,0.000,0.000,1.000,2.000,0.000,0.000,14.000,0,0,0
B3_zmq_pushpull,zmq_tcp,none,none,,1,34607,512,584,1785153471067654000,1785153471067654000,1785153471067654000,1785153471067655000,1785153471067799000,1785153471067801000,1785153471067801000,1785153471067801000,121932490,121652369,-136.121,0.000,0.000,1.000,2.000,0.000,0.000,13.000,0,0,0
B3_zmq_pushpull,zmq_tcp,none,none,,1,34608,512,584,1785153471068656000,1785153471068656000,1785153471068656000,1785153471068657000,1785153471068807000,1785153471068809000,1785153471068809000,1785153471068809000,121932490,121652369,-130.121,0.000,0.000,1.000,2.000,0.000,0.000,6.000,0,0,0
B3_zmq_pushpull,zmq_tcp,none,none,,1,34609,512,584,1785153471069654000,1785153471069654000,1785153471069654000,1785153471069655000,1785153471069813000,1785153471069817000,1785153471069817000,1785153471069817000,121932490,121652369,-122.121,0.000,0.000,1.000,4.000,0.000,0.000,8.000,0,0,0
B3_zmq_pushpull,zmq_tcp,none,none,,1,34610,512,584,1785153471070517000,1785153471070517000,1785153471070517000,1785153471070518000,1785153471070680000,1785153471070683000,1785153471070683000,1785153471070683000,121932490,121652369,-118.121,0.000,0.000,1.000,3.000,0.000,0.000,4.000,0,0,0
B3_zmq_pushpull,zmq_tcp,none,none,,1,34611,512,584,1785153471071517000,1785153471071517000,1785153471071517000,1785153471071518000,1785153471071673000,1785153471071676000,1785153471071676000,1785153471071676000,121932490,121652369,-125.121,0.000,0.000,1.000,3.000,0.000,0.000,7.000,0,0,0
B3_zmq_pushpull,zmq_tcp,none,none,,1,34612,512,584,1785153471072690000,1785153471072690000,1785153471072690000,1785153471072691000,1785153471072804000,1785153471072807000,1785153471072807000,1785153471072807000,121932490,121652369,-167.121,0.000,0.000,1.000,3.000,0.000,0.000,42.000,0,0,0
B3_zmq_pushpull,zmq_tcp,none,none,,1,34613,512,584,1785153471073504000,1785153471073504000,1785153471073504000,1785153471073505000,1785153471073660000,1785153471073663000,1785153471073663000,1785153471073663000,121932490,121652369,-125.121,0.000,0.000,1.000,3.000,0.000,0.000,42.000,0,0,0
B3_zmq_pushpull,zmq_tcp,none,none,,1,34614,512,584,1785153471074695000,1785153471074696000,1785153471074696000,1785153471074697000,1785153471074809000,1785153471074812000,1785153471074812000,1785153471074812000,121932490,121652369,-168.121,1.000,0.000,1.000,3.000,0.000,0.000,43.000,0,0,0
B3_zmq_pushpull,zmq_tcp,none,none,,1,34615,512,584,1785153471075646000,1785153471075646000,1785153471075646000,1785153471075647000,1785153471075825000,1785153471075828000,1785153471075828000,1785153471075828000,121932490,121652369,-102.121,0.000,0.000,1.000,3.000,0.000,0.000,66.000,0,0,0
B3_zmq_pushpull,zmq_tcp,none,none,,1,34616,512,584,1785153471076514000,1785153471076515000,1785153471076515000,1785153471076516000,1785153471076668000,1785153471076671000,1785153471076671000,1785153471076671000,121932490,121652369,-128.121,1.000,0.000,1.000,3.000,0.000,0.000,26.000,0,0,0
B3_zmq_pushpull,zmq_tcp,none,none,,1,34617,512,584,1785153471077690000,1785153471077690000,1785153471077690000,1785153471077691000,1785153471077801000,1785153471077804000,1785153471077804000,1785153471077804000,121932490,121652369,-170.121,0.000,0.000,1.000,3.000,0.000,0.000,42.000,0,0,0
B3_zmq_pushpull,zmq_tcp,none,none,,1,34618,512,584,1785153471078647000,1785153471078647000,1785153471078647000,1785153471078648000,1785153471078785000,1785153471078788000,1785153471078788000,1785153471078788000,121932490,121652369,-143.121,0.000,0.000,1.000,3.000,0.000,0.000,27.000,0,0,0
B3_zmq_pushpull,zmq_tcp,none,none,,1,34619,512,584,1785153471079658000,1785153471079658000,1785153471079658000,1785153471079659000,1785153471079767000,1785153471079769000,1785153471079769000,1785153471079769000,121932490,121652369,-172.121,0.000,0.000,1.000,2.000,0.000,0.000,29.000,0,0,0
B3_zmq_pushpull,zmq_tcp,none,none,,1,34620,512,584,1785153471080654000,1785153471080654000,1785153471080654000,1785153471080655000,1785153471080772000,1785153471080775000,1785153471080775000,1785153471080775000,121932490,121652369,-163.121,0.000,0.000,1.000,3.000,0.000,0.000,9.000,0,0,0
B3_zmq_pushpull,zmq_tcp,none,none,,1,34621,512,584,1785153471081655000,1785153471081655000,1785153471081655000,1785153471081656000,1785153471081772000,1785153471081775000,1785153471081775000,1785153471081775000,121932490,121652369,-164.121,0.000,0.000,1.000,3.000,0.000,0.000,1.000,0,0,0
B3_zmq_pushpull,zmq_tcp,none,none,,1,34622,512,584,1785153471082656000,1785153471082656000,1785153471082656000,1785153471082657000,1785153471082764000,1785153471082767000,1785153471082767000,1785153471082767000,121932490,121652369,-173.121,0.000,0.000,1.000,3.000,0.000,0.000,9.000,0,0,0
B3_zmq_pushpull,zmq_tcp,none,none,,1,34623,512,584,1785153471083655000,1785153471083655000,1785153471083656000,1785153471083656000,1785153471083769000,1785153471083772000,1785153471083772000,1785153471083772000,121932490,121652369,-167.121,0.000,1.000,0.000,3.000,0.000,0.000,6.000,0,0,0
B3_zmq_pushpull,zmq_tcp,none,none,,1,34624,512,584,1785153471084654000,1785153471084654000,1785153471084654000,1785153471084655000,1785153471084771000,1785153471084774000,1785153471084774000,1785153471084774000,121932490,121652369,-164.121,0.000,0.000,1.000,3.000,0.000,0.000,3.000,0,0,0
B3_zmq_pushpull,zmq_tcp,none,none,,1,34625,512,584,1785153471085655000,1785153471085655000,1785153471085655000,1785153471085656000,1785153471085768000,1785153471085771000,1785153471085771000,1785153471085771000,121932490,121652369,-168.121,0.000,0.000,1.000,3.000,0.000,0.000,4.000,0,0,0
B3_zmq_pushpull,zmq_tcp,none,none,,1,34626,512,584,1785153471086655000,1785153471086655000,1785153471086655000,1785153471086656000,1785153471086762000,1785153471086764000,1785153471086764000,1785153471086764000,121932490,121652369,-174.121,0.000,0.000,1.000,2.000,0.000,0.000,6.000,0,0,0
B3_zmq_pushpull,zmq_tcp,none,none,,1,34627,512,584,1785153471087656000,1785153471087656000,1785153471087656000,1785153471087657000,1785153471087756000,1785153471087759000,1785153471087759000,1785153471087759000,121932490,121652369,-181.121,0.000,0.000,1.000,3.000,0.000,0.000,7.000,0,0,0
B3_zmq_pushpull,zmq_tcp,none,none,,1,34628,512,584,1785153471088654000,1785153471088654000,1785153471088654000,1785153471088655000,1785153471088747000,1785153471088749000,1785153471088749000,1785153471088749000,121932490,121652369,-188.121,0.000,0.000,1.000,2.000,0.000,0.000,7.000,0,0,0
B3_zmq_pushpull,zmq_tcp,none,none,,1,34629,512,584,1785153471089655000,1785153471089655000,1785153471089656000,1785153471089656000,1785153471089748000,1785153471089751000,1785153471089751000,1785153471089751000,121932490,121652369,-188.121,0.000,1.000,0.000,3.000,0.000,0.000,0.000,0,0,0
B3_zmq_pushpull,zmq_tcp,none,none,,1,34630,512,584,1785153471090656000,1785153471090656000,1785153471090656000,1785153471090657000,1785153471090751000,1785153471090753000,1785153471090754000,1785153471090754000,121932490,121652369,-186.121,0.000,0.000,1.000,2.000,1.000,0.000,2.000,0,0,0
B3_zmq_pushpull,zmq_tcp,none,none,,1,34631,512,584,1785153471091657000,1785153471091657000,1785153471091657000,1785153471091658000,1785153471091758000,1785153471091761000,1785153471091761000,1785153471091761000,121932490,121652369,-180.121,0.000,0.000,1.000,3.000,0.000,0.000,6.000,0,0,0
B3_zmq_pushpull,zmq_tcp,none,none,,1,34632,512,584,1785153471092654000,1785153471092654000,1785153471092654000,1785153471092655000,1785153471092756000,1785153471092759000,1785153471092759000,1785153471092759000,121932490,121652369,-179.121,0.000,0.000,1.000,3.000,0.000,0.000,1.000,0,0,0
B3_zmq_pushpull,zmq_tcp,none,none,,1,34633,512,584,1785153471093655000,1785153471093656000,1785153471093656000,1785153471093657000,1785153471093736000,1785153471093739000,1785153471093739000,1785153471093739000,121932490,121652369,-201.121,1.000,0.000,1.000,3.000,0.000,0.000,22.000,0,0,0
B3_zmq_pushpull,zmq_tcp,none,none,,1,34634,512,584,1785153471094659000,1785153471094659000,1785153471094659000,1785153471094660000,1785153471094725000,1785153471094728000,1785153471094728000,1785153471094728000,121932490,121652369,-215.121,0.000,0.000,1.000,3.000,0.000,0.000,14.000,0,0,0
B3_zmq_pushpull,zmq_tcp,none,none,,1,34635,512,584,1785153471095569000,1785153471095569000,1785153471095569000,1785153471095570000,1785153471095730000,1785153471095737000,1785153471095737000,1785153471095737000,121932490,121652369,-120.121,0.000,0.000,1.000,7.000,0.000,0.000,95.000,0,0,0
B3_zmq_pushpull,zmq_tcp,none,none,,1,34636,512,584,1785153471096678000,1785153471096678000,1785153471096678000,1785153471096679000,1785153471096840000,1785153471096843000,1785153471096843000,1785153471096843000,121932490,121652369,-119.121,0.000,0.000,1.000,3.000,0.000,0.000,1.000,0,0,0
B3_zmq_pushpull,zmq_tcp,none,none,,1,34637,512,584,1785153471097649000,1785153471097649000,1785153471097649000,1785153471097650000,1785153471097815000,1785153471097818000,1785153471097818000,1785153471097818000,121932490,121652369,-115.121,0.000,0.000,1.000,3.000,0.000,0.000,4.000,0,0,0
B3_zmq_pushpull,zmq_tcp,none,none,,1,34638,512,584,1785153471098516000,1785153471098516000,1785153471098516000,1785153471098517000,1785153471098670000,1785153471098673000,1785153471098673000,1785153471098673000,121932490,121652369,-127.121,0.000,0.000,1.000,3.000,0.000,0.000,12.000,0,0,0
B3_zmq_pushpull,zmq_tcp,none,none,,1,34639,512,584,1785153471099491000,1785153471099491000,1785153471099491000,1785153471099492000,1785153471099643000,1785153471099646000,1785153471099646000,1785153471099646000,121932490,121652369,-129.121,0.000,0.000,1.000,3.000,0.000,0.000,2.000,0,0,0
B3_zmq_pushpull,zmq_tcp,none,none,,1,34640,512,584,1785153471100460000,1785153471100460000,1785153471100460000,1785153471100461000,1785153471100603000,1785153471100606000,1785153471100606000,1785153471100606000,121932490,121652369,-138.121,0.000,0.000,1.000,3.000,0.000,0.000,9.000,0,0,0
B3_zmq_pushpull,zmq_tcp,none,none,,1,34641,512,584,1785153471101560000,1785153471101560000,1785153471101560000,1785153471101561000,1785153471101707000,1785153471101710000,1785153471101710000,1785153471101710000,121932490,121652369,-134.121,0.000,0.000,1.000,3.000,0.000,0.000,4.000,0,0,0
B3_zmq_pushpull,zmq_tcp,none,none,,1,34642,512,584,1785153471102675000,1785153471102675000,1785153471102675000,1785153471102676000,1785153471102819000,1785153471102822000,1785153471102822000,1785153471102822000,121932490,121652369,-137.121,0.000,0.000,1.000,3.000,0.000,0.000,3.000,0,0,0
B3_zmq_pushpull,zmq_tcp,none,none,,1,34643,512,584,1785153471103517000,1785153471103517000,1785153471103517000,1785153471103519000,1785153471103669000,1785153471103672000,1785153471103672000,1785153471103672000,121932490,121652369,-130.121,0.000,0.000,2.000,3.000,0.000,0.000,7.000,0,0,0
B3_zmq_pushpull,zmq_tcp,none,none,,1,34644,512,584,1785153471104502000,1785153471104503000,1785153471104503000,1785153471104504000,1785153471104659000,1785153471104662000,1785153471104662000,1785153471104662000,121932490,121652369,-125.121,1.000,0.000,1.000,3.000,0.000,0.000,5.000,0,0,0
B3_zmq_pushpull,zmq_tcp,none,none,,1,34645,512,584,1785153471105487000,1785153471105487000,1785153471105487000,1785153471105488000,1785153471105641000,1785153471105643000,1785153471105643000,1785153471105643000,121932490,121652369,-127.121,0.000,0.000,1.000,2.000,0.000,0.000,2.000,0,0,0
B3_zmq_pushpull,zmq_tcp,none,none,,1,34646,512,584,1785153471106468000,1785153471106468000,1785153471106468000,1785153471106470000,1785153471106602000,1785153471106604000,1785153471106604000,1785153471106605000,121932490,121652369,-148.121,0.000,0.000,2.000,2.000,0.000,1.000,21.000,0,0,0
B3_zmq_pushpull,zmq_tcp,none,none,,1,34647,512,584,1785153471107701000,1785153471107701000,1785153471107701000,1785153471107702000,1785153471107870000,1785153471107872000,1785153471107873000,1785153471107873000,121932490,121652369,-112.121,0.000,0.000,1.000,2.000,1.000,0.000,36.000,0,0,0
B3_zmq_pushpull,zmq_tcp,none,none,,1,34648,512,584,1785153471108647000,1785153471108647000,1785153471108647000,1785153471108648000,1785153471108840000,1785153471108843000,1785153471108843000,1785153471108843000,121932490,121652369,-88.121,0.000,0.000,1.000,3.000,0.000,0.000,24.000,0,0,0
B3_zmq_pushpull,zmq_tcp,none,none,,1,34649,512,584,1785153471109653000,1785153471109653000,1785153471109653000,1785153471109654000,1785153471109709000,1785153471109713000,1785153471109713000,1785153471109713000,121932490,121652369,-225.121,0.000,0.000,1.000,4.000,0.000,0.000,137.000,0,0,0
B3_zmq_pushpull,zmq_tcp,none,none,,1,34650,512,584,1785153471110657000,1785153471110658000,1785153471110658000,1785153471110659000,1785153471110859000,1785153471110862000,1785153471110862000,1785153471110862000,121932490,121652369,-80.121,1.000,0.000,1.000,3.000,0.000,0.000,145.000,0,0,0
B3_zmq_pushpull,zmq_tcp,none,none,,1,34651,512,584,1785153471111653000,1785153471111653000,1785153471111653000,1785153471111654000,1785153471111845000,1785153471111847000,1785153471111847000,1785153471111847000,121932490,121652369,-89.121,0.000,0.000,1.000,2.000,0.000,0.000,9.000,0,0,0
B3_zmq_pushpull,zmq_tcp,none,none,,1,34652,512,584,1785153471112655000,1785153471112655000,1785153471112655000,1785153471112656000,1785153471112815000,1785153471112818000,1785153471112818000,1785153471112818000,121932490,121652369,-121.121,0.000,0.000,1.000,3.000,0.000,0.000,32.000,0,0,0
B3_zmq_pushpull,zmq_tcp,none,none,,1,34653,512,584,1785153471113654000,1785153471113654000,1785153471113654000,1785153471113655000,1785153471113771000,1785153471113774000,1785153471113774000,1785153471113774000,121932490,121652369,-164.121,0.000,0.000,1.000,3.000,0.000,0.000,43.000,0,0,0
B3_zmq_pushpull,zmq_tcp,none,none,,1,34654,512,584,1785153471114463000,1785153471114463000,1785153471114463000,1785153471114464000,1785153471114607000,1785153471114610000,1785153471114610000,1785153471114610000,121932490,121652369,-137.121,0.000,0.000,1.000,3.000,0.000,0.000,27.000,0,0,0
B3_zmq_pushpull,zmq_tcp,none,none,,1,34655,512,584,1785153471115702000,1785153471115702000,1785153471115702000,1785153471115703000,1785153471115871000,1785153471115874000,1785153471115874000,1785153471115874000,121932490,121652369,-112.121,0.000,0.000,1.000,3.000,0.000,0.000,25.000,0,0,0
B3_zmq_pushpull,zmq_tcp,none,none,,1,34656,512,584,1785153471116642000,1785153471116642000,1785153471116642000,1785153471116643000,1785153471116833000,1785153471116835000,1785153471116835000,1785153471116835000,121932490,121652369,-90.121,0.000,0.000,1.000,2.000,0.000,0.000,22.000,0,0,0
B3_zmq_pushpull,zmq_tcp,none,none,,1,34657,512,584,1785153471117530000,1785153471117530000,1785153471117530000,1785153471117531000,1785153471117690000,1785153471117692000,1785153471117692000,1785153471117692000,121932490,121652369,-121.121,0.000,0.000,1.000,2.000,0.000,0.000,31.000,0,0,0
B3_zmq_pushpull,zmq_tcp,none,none,,1,34658,512,584,1785153471118687000,1785153471118687000,1785153471118687000,1785153471118688000,1785153471118814000,1785153471118816000,1785153471118816000,1785153471118817000,121932490,121652369,-154.121,0.000,0.000,1.000,2.000,0.000,1.000,33.000,0,0,0
B3_zmq_pushpull,zmq_tcp,none,none,,1,34659,512,584,1785153471119646000,1785153471119647000,1785153471119647000,1785153471119648000,1785153471119798000,1785153471119801000,1785153471119801000,1785153471119801000,121932490,121652369,-130.121,1.000,0.000,1.000,3.000,0.000,0.000,24.000,0,0,0
B3_zmq_pushpull,zmq_tcp,none,none,,1,34660,512,584,1785153471120463000,1785153471120463000,1785153471120463000,1785153471120464000,1785153471120614000,1785153471120616000,1785153471120617000,1785153471120617000,121932490,121652369,-130.121,0.000,0.000,1.000,2.000,1.000,0.000,0.000,0,0,0
B3_zmq_pushpull,zmq_tcp,none,none,,1,34661,512,584,1785153471121579000,1785153471121579000,1785153471121579000,1785153471121580000,1785153471121731000,1785153471121734000,1785153471121734000,1785153471121734000,121932490,121652369,-129.121,0.000,0.000,1.000,3.000,0.000,0.000,1.000,0,0,0
B3_zmq_pushpull,zmq_tcp,none,none,,1,34662,512,584,1785153471122674000,1785153471122674000,1785153471122674000,1785153471122675000,1785153471122853000,1785153471122855000,1785153471122855000,1785153471122855000,121932490,121652369,-102.121,0.000,0.000,1.000,2.000,0.000,0.000,27.000,0,0,0
B3_zmq_pushpull,zmq_tcp,none,none,,1,34663,512,584,1785153471123646000,1785153471123646000,1785153471123646000,1785153471123647000,1785153471123714000,1785153471123716000,1785153471123717000,1785153471123717000,121932490,121652369,-213.121,0.000,0.000,1.000,2.000,1.000,0.000,111.000,0,0,0
B3_zmq_pushpull,zmq_tcp,none,none,,1,34664,512,584,1785153471124657000,1785153471124657000,1785153471124657000,1785153471124658000,1785153471124837000,1785153471124839000,1785153471124839000,1785153471124839000,121932490,121652369,-101.121,0.000,0.000,1.000,2.000,0.000,0.000,112.000,0,0,0
B3_zmq_pushpull,zmq_tcp,none,none,,1,34665,512,584,1785153471125653000,1785153471125653000,1785153471125653000,1785153471125654000,1785153471125816000,1785153471125818000,1785153471125818000,1785153471125818000,121932490,121652369,-118.121,0.000,0.000,1.000,2.000,0.000,0.000,17.000,0,0,0
B3_zmq_pushpull,zmq_tcp,none,none,,1,34666,512,584,1785153471126520000,1785153471126520000,1785153471126520000,1785153471126521000,1785153471126662000,1785153471126665000,1785153471126665000,1785153471126665000,121932490,121652369,-139.121,0.000,0.000,1.000,3.000,0.000,0.000,21.000,0,0,0
B3_zmq_pushpull,zmq_tcp,none,none,,1,34667,512,584,1785153471127686000,1785153471127686000,1785153471127686000,1785153471127687000,1785153471127757000,1785153471127759000,1785153471127759000,1785153471127759000,121932490,121652369,-210.121,0.000,0.000,1.000,2.000,0.000,0.000,71.000,0,0,0
B3_zmq_pushpull,zmq_tcp,none,none,,1,34668,512,584,1785153471128646000,1785153471128646000,1785153471128646000,1785153471128647000,1785153471128714000,1785153471128717000,1785153471128717000,1785153471128717000,121932490,121652369,-213.121,0.000,0.000,1.000,3.000,0.000,0.000,3.000,0,0,0
B3_zmq_pushpull,zmq_tcp,none,none,,1,34669,512,584,1785153471129542000,1785153471129542000,1785153471129542000,1785153471129543000,1785153471129680000,1785153471129682000,1785153471129682000,1785153471129682000,121932490,121652369,-143.121,0.000,0.000,1.000,2.000,0.000,0.000,70.000,0,0,0
B3_zmq_pushpull,zmq_tcp,none,none,,1,34670,512,584,1785153471130680000,1785153471130680000,1785153471130680000,1785153471130681000,1785153471130786000,1785153471130789000,1785153471130789000,1785153471130789000,121932490,121652369,-175.121,0.000,0.000,1.000,3.000,0.000,0.000,32.000,0,0,0
B3_zmq_pushpull,zmq_tcp,none,none,,1,34671,512,584,1785153471131648000,1785153471131648000,1785153471131648000,1785153471131649000,1785153471131769000,1785153471131771000,1785153471131771000,1785153471131771000,121932490,121652369,-160.121,0.000,0.000,1.000,2.000,0.000,0.000,15.000,0,0,0
B3_zmq_pushpull,zmq_tcp,none,none,,1,34672,512,584,1785153471132658000,1785153471132658000,1785153471132658000,1785153471132659000,1785153471132762000,1785153471132765000,1785153471132765000,1785153471132765000,121932490,121652369,-177.121,0.000,0.000,1.000,3.000,0.000,0.000,17.000,0,0,0
B3_zmq_pushpull,zmq_tcp,none,none,,1,34673,512,584,1785153471133653000,1785153471133653000,1785153471133653000,1785153471133654000,1785153471133730000,1785153471133733000,1785153471133733000,1785153471133733000,121932490,121652369,-204.121,0.000,0.000,1.000,3.000,0.000,0.000,27.000,0,0,0
B3_zmq_pushpull,zmq_tcp,none,none,,1,34674,512,584,1785153471134560000,1785153471134560000,1785153471134560000,1785153471134561000,1785153471134711000,1785153471134714000,1785153471134714000,1785153471134714000,121932490,121652369,-130.121,0.000,0.000,1.000,3.000,0.000,0.000,74.000,0,0,0
B3_zmq_pushpull,zmq_tcp,none,none,,1,34675,512,584,1785153471135521000,1785153471135522000,1785153471135522000,1785153471135523000,1785153471135681000,1785153471135683000,1785153471135683000,1785153471135683000,121932490,121652369,-122.121,1.000,0.000,1.000,2.000,0.000,0.000,8.000,0,0,0
B3_zmq_pushpull,zmq_tcp,none,none,,1,34676,512,584,1785153471136510000,1785153471136510000,1785153471136510000,1785153471136511000,1785153471136668000,1785153471136671000,1785153471136671000,1785153471136671000,121932490,121652369,-123.121,0.000,0.000,1.000,3.000,0.000,0.000,1.000,0,0,0
B3_zmq_pushpull,zmq_tcp,none,none,,1,34677,512,584,1785153471137690000,1785153471137691000,1785153471137691000,1785153471137692000,1785153471137762000,1785153471137765000,1785153471137765000,1785153471137765000,121932490,121652369,-210.121,1.000,0.000,1.000,3.000,0.000,0.000,87.000,0,0,0
B3_zmq_pushpull,zmq_tcp,none,none,,1,34678,512,584,1785153471138646000,1785153471138646000,1785153471138646000,1785153471138647000,1785153471138744000,1785153471138747000,1785153471138747000,1785153471138747000,121932490,121652369,-183.121,0.000,0.000,1.000,3.000,0.000,0.000,27.000,0,0,0
B3_zmq_pushpull,zmq_tcp,none,none,,1,34679,512,584,1785153471139657000,1785153471139657000,1785153471139657000,1785153471139658000,1785153471139733000,1785153471139737000,1785153471139737000,1785153471139737000,121932490,121652369,-205.121,0.000,0.000,1.000,4.000,0.000,0.000,22.000,0,0,0
B3_zmq_pushpull,zmq_tcp,none,none,,1,34680,512,584,1785153471140548000,1785153471140548000,1785153471140548000,1785153471140549000,1785153471140701000,1785153471140703000,1785153471140704000,1785153471140704000,121932490,121652369,-128.121,0.000,0.000,1.000,2.000,1.000,0.000,77.000,0,0,0
B3_zmq_pushpull,zmq_tcp,none,none,,1,34681,512,584,1785153471141527000,1785153471141527000,1785153471141527000,1785153471141528000,1785153471141681000,1785153471141684000,1785153471141684000,1785153471141684000,121932490,121652369,-127.121,0.000,0.000,1.000,3.000,0.000,0.000,1.000,0,0,0
B3_zmq_pushpull,zmq_tcp,none,none,,1,34682,512,584,1785153471142499000,1785153471142499000,1785153471142499000,1785153471142500000,1785153471142653000,1785153471142656000,1785153471142656000,1785153471142656000,121932490,121652369,-127.121,0.000,0.000,1.000,3.000,0.000,0.000,0.000,0,0,0
B3_zmq_pushpull,zmq_tcp,none,none,,1,34683,512,584,1785153471143694000,1785153471143695000,1785153471143695000,1785153471143696000,1785153471143772000,1785153471143776000,1785153471143776000,1785153471143776000,121932490,121652369,-204.121,1.000,0.000,1.000,4.000,0.000,0.000,77.000,0,0,0
B3_zmq_pushpull,zmq_tcp,none,none,,1,34684,512,584,1785153471144641000,1785153471144641000,1785153471144641000,1785153471144642000,1785153471144758000,1785153471144761000,1785153471144761000,1785153471144761000,121932490,121652369,-164.121,0.000,0.000,1.000,3.000,0.000,0.000,40.000,0,0,0
B3_zmq_pushpull,zmq_tcp,none,none,,1,34685,512,584,1785153471145664000,1785153471145664000,1785153471145664000,1785153471145665000,1785153471145723000,1785153471145725000,1785153471145725000,1785153471145725000,121932490,121652369,-222.121,0.000,0.000,1.000,2.000,0.000,0.000,58.000,0,0,0
B3_zmq_pushpull,zmq_tcp,none,none,,1,34686,512,584,1785153471146652000,1785153471146652000,1785153471146652000,1785153471146653000,1785153471146839000,1785153471146842000,1785153471146842000,1785153471146842000,121932490,121652369,-94.121,0.000,0.000,1.000,3.000,0.000,0.000,128.000,0,0,0
B3_zmq_pushpull,zmq_tcp,none,none,,1,34687,512,584,1785153471147656000,1785153471147656000,1785153471147656000,1785153471147657000,1785153471147783000,1785153471147786000,1785153471147786000,1785153471147786000,121932490,121652369,-154.121,0.000,0.000,1.000,3.000,0.000,0.000,60.000,0,0,0
B3_zmq_pushpull,zmq_tcp,none,none,,1,34688,512,584,1785153471148652000,1785153471148652000,1785153471148652000,1785153471148653000,1785153471148739000,1785153471148742000,1785153471148742000,1785153471148742000,121932490,121652369,-194.121,0.000,0.000,1.000,3.000,0.000,0.000,40.000,0,0,0
B3_zmq_pushpull,zmq_tcp,none,none,,1,34689,512,584,1785153471149654000,1785153471149654000,1785153471149654000,1785153471149655000,1785153471149709000,1785153471149711000,1785153471149711000,1785153471149711000,121932490,121652369,-226.121,0.000,0.000,1.000,2.000,0.000,0.000,32.000,0,0,0
B3_zmq_pushpull,zmq_tcp,none,none,,1,34690,512,584,1785153471150659000,1785153471150660000,1785153471150660000,1785153471150660000,1785153471150819000,1785153471150822000,1785153471150822000,1785153471150822000,121932490,121652369,-121.121,1.000,0.000,0.000,3.000,0.000,0.000,105.000,0,0,0
B3_zmq_pushpull,zmq_tcp,none,none,,1,34691,512,584,1785153471151518000,1785153471151518000,1785153471151518000,1785153471151520000,1785153471151666000,1785153471151669000,1785153471151669000,1785153471151669000,121932490,121652369,-134.121,0.000,0.000,2.000,3.000,0.000,0.000,13.000,0,0,0
B3_zmq_pushpull,zmq_tcp,none,none,,1,34692,512,584,1785153471152689000,1785153471152689000,1785153471152689000,1785153471152690000,1785153471152791000,1785153471152794000,1785153471152794000,1785153471152794000,121932490,121652369,-179.121,0.000,0.000,1.000,3.000,0.000,0.000,45.000,0,0,0
B3_zmq_pushpull,zmq_tcp,none,none,,1,34693,512,584,1785153471153649000,1785153471153649000,1785153471153649000,1785153471153650000,1785153471153770000,1785153471153774000,1785153471153774000,1785153471153774000,121932490,121652369,-160.121,0.000,0.000,1.000,4.000,0.000,0.000,19.000,0,0,0
B3_zmq_pushpull,zmq_tcp,none,none,,1,34694,512,584,1785153471154656000,1785153471154656000,1785153471154656000,1785153471154657000,1785153471154738000,1785153471154741000,1785153471154741000,1785153471154741000,121932490,121652369,-199.121,0.000,0.000,1.000,3.000,0.000,0.000,39.000,0,0,0
B3_zmq_pushpull,zmq_tcp,none,none,,1,34695,512,584,1785153471155652000,1785153471155652000,1785153471155652000,1785153471155653000,1785153471155699000,1785153471155702000,1785153471155702000,1785153471155702000,121932490,121652369,-234.121,0.000,0.000,1.000,3.000,0.000,0.000,35.000,0,0,0
B3_zmq_pushpull,zmq_tcp,none,none,,1,34696,512,584,1785153471156656000,1785153471156656000,1785153471156656000,1785153471156657000,1785153471156798000,1785153471156801000,1785153471156801000,1785153471156801000,121932490,121652369,-139.121,0.000,0.000,1.000,3.000,0.000,0.000,95.000,0,0,0
B3_zmq_pushpull,zmq_tcp,none,none,,1,34697,512,584,1785153471157490000,1785153471157490000,1785153471157490000,1785153471157491000,1785153471157645000,1785153471157649000,1785153471157649000,1785153471157649000,121932490,121652369,-126.121,0.000,0.000,1.000,4.000,0.000,0.000,13.000,0,0,0
B3_zmq_pushpull,zmq_tcp,none,none,,1,34698,512,584,1785153471158482000,1785153471158482000,1785153471158482000,1785153471158483000,1785153471158630000,1785153471158632000,1785153471158632000,1785153471158632000,121932490,121652369,-133.121,0.000,0.000,1.000,2.000,0.000,0.000,7.000,0,0,0
B3_zmq_pushpull,zmq_tcp,none,none,,1,34699,512,584,1785153471159695000,1785153471159695000,1785153471159695000,1785153471159696000,1785153471159877000,1785153471159879000,1785153471159879000,1785153471159879000,121932490,121652369,-99.121,0.000,0.000,1.000,2.000,0.000,0.000,34.000,0,0,0
B3_zmq_pushpull,zmq_tcp,none,none,,1,34700,512,584,1785153471160647000,1785153471160647000,1785153471160647000,1785153471160648000,1785153471160711000,1785153471160714000,1785153471160714000,1785153471160714000,121932490,121652369,-217.121,0.000,0.000,1.000,3.000,0.000,0.000,118.000,0,0,0
B3_zmq_pushpull,zmq_tcp,none,none,,1,34701,512,584,1785153471161657000,1785153471161657000,1785153471161657000,1785153471161658000,1785153471161835000,1785153471161839000,1785153471161839000,1785153471161839000,121932490,121652369,-103.121,0.000,0.000,1.000,4.000,0.000,0.000,114.000,0,0,0
B3_zmq_pushpull,zmq_tcp,none,none,,1,34702,512,584,1785153471162526000,1785153471162526000,1785153471162526000,1785153471162527000,1785153471162678000,1785153471162681000,1785153471162681000,1785153471162681000,121932490,121652369,-129.121,0.000,0.000,1.000,3.000,0.000,0.000,26.000,0,0,0
B3_zmq_pushpull,zmq_tcp,none,none,,1,34703,512,584,1785153471163485000,1785153471163485000,1785153471163485000,1785153471163486000,1785153471163637000,1785153471163639000,1785153471163639000,1785153471163639000,121932490,121652369,-129.121,0.000,0.000,1.000,2.000,0.000,0.000,0.000,0,0,0
B3_zmq_pushpull,zmq_tcp,none,none,,1,34704,512,584,1785153471164465000,1785153471164465000,1785153471164465000,1785153471164466000,1785153471164622000,1785153471164625000,1785153471164625000,1785153471164625000,121932490,121652369,-124.121,0.000,0.000,1.000,3.000,0.000,0.000,5.000,0,0,0
B3_zmq_pushpull,zmq_tcp,none,none,,1,34705,512,584,1785153471165461000,1785153471165461000,1785153471165462000,1785153471165462000,1785153471165606000,1785153471165609000,1785153471165609000,1785153471165609000,121932490,121652369,-136.121,0.000,1.000,0.000,3.000,0.000,0.000,12.000,0,0,0
B3_zmq_pushpull,zmq_tcp,none,none,,1,34706,512,584,1785153471166554000,1785153471166554000,1785153471166554000,1785153471166556000,1785153471166704000,1785153471166706000,1785153471166706000,1785153471166706000,121932490,121652369,-132.121,0.000,0.000,2.000,2.000,0.000,0.000,4.000,0,0,0
B3_zmq_pushpull,zmq_tcp,none,none,,1,34707,512,584,1785153471167680000,1785153471167680000,1785153471167680000,1785153471167681000,1785153471167814000,1785153471167817000,1785153471167817000,1785153471167817000,121932490,121652369,-147.121,0.000,0.000,1.000,3.000,0.000,0.000,15.000,0,0,0
B3_zmq_pushpull,zmq_tcp,none,none,,1,34708,512,584,1785153471168649000,1785153471168649000,1785153471168649000,1785153471168650000,1785153471168779000,1785153471168782000,1785153471168782000,1785153471168782000,121932490,121652369,-151.121,0.000,0.000,1.000,3.000,0.000,0.000,4.000,0,0,0
B3_zmq_pushpull,zmq_tcp,none,none,,1,34709,512,584,1785153471169653000,1785153471169653000,1785153471169653000,1785153471169654000,1785153471169749000,1785153471169751000,1785153471169751000,1785153471169751000,121932490,121652369,-185.121,0.000,0.000,1.000,2.000,0.000,0.000,34.000,0,0,0
B3_zmq_pushpull,zmq_tcp,none,none,,1,34710,512,584,1785153471170656000,1785153471170656000,1785153471170656000,1785153471170657000,1785153471170714000,1785153471170717000,1785153471170717000,1785153471170717000,121932490,121652369,-223.121,0.000,0.000,1.000,3.000,0.000,0.000,38.000,0,0,0
B3_zmq_pushpull,zmq_tcp,none,none,,1,34711,512,584,1785153471171657000,1785153471171657000,1785153471171657000,1785153471171658000,1785153471171722000,1785153471171726000,1785153471171726000,1785153471171726000,121932490,121652369,-216.121,0.000,0.000,1.000,4.000,0.000,0.000,7.000,0,0,0
B3_zmq_pushpull,zmq_tcp,none,none,,1,34712,512,584,1785153471172653000,1785153471172653000,1785153471172653000,1785153471172654000,1785153471172841000,1785153471172843000,1785153471172843000,1785153471172843000,121932490,121652369,-93.121,0.000,0.000,1.000,2.000,0.000,0.000,123.000,0,0,0
B3_zmq_pushpull,zmq_tcp,none,none,,1,34713,512,584,1785153471173657000,1785153471173657000,1785153471173657000,1785153471173658000,1785153471173818000,1785153471173821000,1785153471173821000,1785153471173821000,121932490,121652369,-120.121,0.000,0.000,1.000,3.000,0.000,0.000,27.000,0,0,0
B3_zmq_pushpull,zmq_tcp,none,none,,1,34714,512,584,1785153471174653000,1785153471174653000,1785153471174654000,1785153471174654000,1785153471174802000,1785153471174805000,1785153471174805000,1785153471174805000,121932490,121652369,-132.121,0.000,1.000,0.000,3.000,0.000,0.000,12.000,0,0,0
B3_zmq_pushpull,zmq_tcp,none,none,,1,34715,512,584,1785153471175654000,1785153471175655000,1785153471175655000,1785153471175656000,1785153471175774000,1785153471175777000,1785153471175777000,1785153471175777000,121932490,121652369,-162.121,1.000,0.000,1.000,3.000,0.000,0.000,30.000,0,0,0
B3_zmq_pushpull,zmq_tcp,none,none,,1,34716,512,584,1785153471176652000,1785153471176652000,1785153471176652000,1785153471176653000,1785153471176752000,1785153471176754000,1785153471176754000,1785153471176754000,121932490,121652369,-181.121,0.000,0.000,1.000,2.000,0.000,0.000,19.000,0,0,0
B3_zmq_pushpull,zmq_tcp,none,none,,1,34717,512,584,1785153471177656000,1785153471177656000,1785153471177656000,1785153471177657000,1785153471177728000,1785153471177730000,1785153471177730000,1785153471177730000,121932490,121652369,-209.121,0.000,0.000,1.000,2.000,0.000,0.000,28.000,0,0,0
B3_zmq_pushpull,zmq_tcp,none,none,,1,34718,512,584,1785153471178654000,1785153471178655000,1785153471178655000,1785153471178656000,1785153471178714000,1785153471178717000,1785153471178717000,1785153471178717000,121932490,121652369,-222.121,1.000,0.000,1.000,3.000,0.000,0.000,13.000,0,0,0
B3_zmq_pushpull,zmq_tcp,none,none,,1,34719,512,584,1785153471179654000,1785153471179655000,1785153471179655000,1785153471179656000,1785153471179826000,1785153471179829000,1785153471179829000,1785153471179829000,121932490,121652369,-110.121,1.000,0.000,1.000,3.000,0.000,0.000,112.000,0,0,0
B3_zmq_pushpull,zmq_tcp,none,none,,1,34720,512,584,1785153471180515000,1785153471180515000,1785153471180515000,1785153471180516000,1785153471180676000,1785153471180678000,1785153471180678000,1785153471180678000,121932490,121652369,-120.121,0.000,0.000,1.000,2.000,0.000,0.000,10.000,0,0,0
B3_zmq_pushpull,zmq_tcp,none,none,,1,34721,512,584,1785153471181692000,1785153471181692000,1785153471181692000,1785153471181693000,1785153471181808000,1785153471181810000,1785153471181810000,1785153471181810000,121932490,121652369,-165.121,0.000,0.000,1.000,2.000,0.000,0.000,45.000,0,0,0
B3_zmq_pushpull,zmq_tcp,none,none,,1,34722,512,584,1785153471182645000,1785153471182646000,1785153471182646000,1785153471182647000,1785153471182782000,1785153471182786000,1785153471182786000,1785153471182786000,121932490,121652369,-145.121,1.000,0.000,1.000,4.000,0.000,0.000,20.000,0,0,0
B3_zmq_pushpull,zmq_tcp,none,none,,1,34723,512,584,1785153471183657000,1785153471183657000,1785153471183657000,1785153471183658000,1785153471183761000,1785153471183763000,1785153471183764000,1785153471183764000,121932490,121652369,-177.121,0.000,0.000,1.000,2.000,1.000,0.000,32.000,0,0,0
B3_zmq_pushpull,zmq_tcp,none,none,,1,34724,512,584,1785153471184654000,1785153471184654000,1785153471184654000,1785153471184655000,1785153471184708000,1785153471184710000,1785153471184710000,1785153471184710000,121932490,121652369,-227.121,0.000,0.000,1.000,2.000,0.000,0.000,50.000,0,0,0
B3_zmq_pushpull,zmq_tcp,none,none,,1,34725,512,584,1785153471185655000,1785153471185655000,1785153471185655000,1785153471185656000,1785153471185700000,1785153471185703000,1785153471185703000,1785153471185703000,121932490,121652369,-236.121,0.000,0.000,1.000,3.000,0.000,0.000,9.000,0,0,0
B3_zmq_pushpull,zmq_tcp,none,none,,1,34726,512,584,1785153471186654000,1785153471186655000,1785153471186655000,1785153471186656000,1785153471186804000,1785153471186807000,1785153471186807000,1785153471186807000,121932490,121652369,-132.121,1.000,0.000,1.000,3.000,0.000,0.000,104.000,0,0,0
B3_zmq_pushpull,zmq_tcp,none,none,,1,34727,512,584,1785153471187657000,1785153471187657000,1785153471187657000,1785153471187658000,1785153471187781000,1785153471187784000,1785153471187784000,1785153471187784000,121932490,121652369,-157.121,0.000,0.000,1.000,3.000,0.000,0.000,25.000,0,0,0
B3_zmq_pushpull,zmq_tcp,none,none,,1,34728,512,584,1785153471188653000,1785153471188653000,1785153471188653000,1785153471188654000,1785153471188764000,1785153471188766000,1785153471188766000,1785153471188766000,121932490,121652369,-170.121,0.000,0.000,1.000,2.000,0.000,0.000,13.000,0,0,0
B3_zmq_pushpull,zmq_tcp,none,none,,1,34729,512,584,1785153471189654000,1785153471189655000,1785153471189655000,1785153471189656000,1785153471189749000,1785153471189752000,1785153471189752000,1785153471189752000,121932490,121652369,-187.121,1.000,0.000,1.000,3.000,0.000,0.000,17.000,0,0,0
B3_zmq_pushpull,zmq_tcp,none,none,,1,34730,512,584,1785153471190654000,1785153471190655000,1785153471190655000,1785153471190656000,1785153471190733000,1785153471190736000,1785153471190736000,1785153471190736000,121932490,121652369,-203.121,1.000,0.000,1.000,3.000,0.000,0.000,16.000,0,0,0
B3_zmq_pushpull,zmq_tcp,none,none,,1,34731,512,584,1785153471191655000,1785153471191655000,1785153471191655000,1785153471191656000,1785153471191722000,1785153471191725000,1785153471191725000,1785153471191725000,121932490,121652369,-214.121,0.000,0.000,1.000,3.000,0.000,0.000,11.000,0,0,0
B3_zmq_pushpull,zmq_tcp,none,none,,1,34732,512,584,1785153471192655000,1785153471192655000,1785153471192655000,1785153471192656000,1785153471192841000,1785153471192844000,1785153471192844000,1785153471192844000,121932490,121652369,-95.121,0.000,0.000,1.000,3.000,0.000,0.000,119.000,0,0,0
B3_zmq_pushpull,zmq_tcp,none,none,,1,34733,512,584,1785153471193657000,1785153471193657000,1785153471193657000,1785153471193658000,1785153471193820000,1785153471193822000,1785153471193822000,1785153471193822000,121932490,121652369,-118.121,0.000,0.000,1.000,2.000,0.000,0.000,23.000,0,0,0
B3_zmq_pushpull,zmq_tcp,none,none,,1,34734,512,584,1785153471194655000,1785153471194655000,1785153471194655000,1785153471194656000,1785153471194802000,1785153471194805000,1785153471194805000,1785153471194805000,121932490,121652369,-134.121,0.000,0.000,1.000,3.000,0.000,0.000,16.000,0,0,0
B3_zmq_pushpull,zmq_tcp,none,none,,1,34735,512,584,1785153471195655000,1785153471195655000,1785153471195655000,1785153471195656000,1785153471195781000,1785153471195784000,1785153471195784000,1785153471195784000,121932490,121652369,-155.121,0.000,0.000,1.000,3.000,0.000,0.000,21.000,0,0,0
B3_zmq_pushpull,zmq_tcp,none,none,,1,34736,512,584,1785153471196654000,1785153471196655000,1785153471196655000,1785153471196656000,1785153471196742000,1785153471196745000,1785153471196745000,1785153471196745000,121932490,121652369,-194.121,1.000,0.000,1.000,3.000,0.000,0.000,39.000,0,0,0
B3_zmq_pushpull,zmq_tcp,none,none,,1,34737,512,584,1785153471197655000,1785153471197655000,1785153471197655000,1785153471197656000,1785153471197718000,1785153471197721000,1785153471197721000,1785153471197721000,121932490,121652369,-218.121,0.000,0.000,1.000,3.000,0.000,0.000,24.000,0,0,0
B3_zmq_pushpull,zmq_tcp,none,none,,1,34738,512,584,1785153471198655000,1785153471198655000,1785153471198655000,1785153471198656000,1785153471198825000,1785153471198828000,1785153471198828000,1785153471198828000,121932490,121652369,-111.121,0.000,0.000,1.000,3.000,0.000,0.000,107.000,0,0,0
B3_zmq_pushpull,zmq_tcp,none,none,,1,34739,512,584,1785153471199655000,1785153471199655000,1785153471199655000,1785153471199656000,1785153471199806000,1785153471199809000,1785153471199809000,1785153471199809000,121932490,121652369,-130.121,0.000,0.000,1.000,3.000,0.000,0.000,19.000,0,0,0
B3_zmq_pushpull,zmq_tcp,none,none,,1,34740,512,584,1785153471200652000,1785153471200652000,1785153471200652000,1785153471200653000,1785153471200790000,1785153471200793000,1785153471200793000,1785153471200793000,121932490,121652369,-143.121,0.000,0.000,1.000,3.000,0.000,0.000,13.000,0,0,0
B3_zmq_pushpull,zmq_tcp,none,none,,1,34741,512,584,1785153471201656000,1785153471201656000,1785153471201656000,1785153471201657000,1785153471201782000,1785153471201785000,1785153471201785000,1785153471201785000,121932490,121652369,-155.121,0.000,0.000,1.000,3.000,0.000,0.000,12.000,0,0,0
B3_zmq_pushpull,zmq_tcp,none,none,,1,34742,512,584,1785153471202656000,1785153471202656000,1785153471202656000,1785153471202657000,1785153471202757000,1785153471202760000,1785153471202760000,1785153471202760000,121932490,121652369,-180.121,0.000,0.000,1.000,3.000,0.000,0.000,25.000,0,0,0
B3_zmq_pushpull,zmq_tcp,none,none,,1,34743,512,584,1785153471203462000,1785153471203462000,1785153471203462000,1785153471203463000,1785153471203602000,1785153471203607000,1785153471203607000,1785153471203607000,121932490,121652369,-141.121,0.000,0.000,1.000,5.000,0.000,0.000,39.000,0,0,0
B3_zmq_pushpull,zmq_tcp,none,none,,1,34744,512,584,1785153471204558000,1785153471204558000,1785153471204558000,1785153471204559000,1785153471204710000,1785153471204713000,1785153471204713000,1785153471204713000,121932490,121652369,-129.121,0.000,0.000,1.000,3.000,0.000,0.000,12.000,0,0,0
B3_zmq_pushpull,zmq_tcp,none,none,,1,34745,512,584,1785153471205529000,1785153471205529000,1785153471205529000,1785153471205530000,1785153471205681000,1785153471205684000,1785153471205684000,1785153471205684000,121932490,121652369,-129.121,0.000,0.000,1.000,3.000,0.000,0.000,0.000,0,0,0
B3_zmq_pushpull,zmq_tcp,none,none,,1,34746,512,584,1785153471206689000,1785153471206689000,1785153471206690000,1785153471206690000,1785153471206793000,1785153471206796000,1785153471206796000,1785153471206796000,121932490,121652369,-177.121,0.000,1.000,0.000,3.000,0.000,0.000,48.000,0,0,0
B3_zmq_pushpull,zmq_tcp,none,none,,1,34747,512,584,1785153471207645000,1785153471207645000,1785153471207646000,1785153471207646000,1785153471207778000,1785153471207781000,1785153471207781000,1785153471207781000,121932490,121652369,-148.121,0.000,1.000,0.000,3.000,0.000,0.000,29.000,0,0,0
B3_zmq_pushpull,zmq_tcp,none,none,,1,34748,512,584,1785153471208659000,1785153471208659000,1785153471208659000,1785153471208660000,1785153471208746000,1785153471208749000,1785153471208749000,1785153471208749000,121932490,121652369,-194.121,0.000,0.000,1.000,3.000,0.000,0.000,46.000,0,0,0
B3_zmq_pushpull,zmq_tcp,none,none,,1,34749,512,584,1785153471209658000,1785153471209658000,1785153471209658000,1785153471209659000,1785153471209849000,1785153471209852000,1785153471209852000,1785153471209852000,121932490,121652369,-90.121,0.000,0.000,1.000,3.000,0.000,0.000,104.000,0,0,0
B3_zmq_pushpull,zmq_tcp,none,none,,1,34750,512,584,1785153471210654000,1785153471210654000,1785153471210655000,1785153471210655000,1785153471210818000,1785153471210822000,1785153471210822000,1785153471210822000,121932490,121652369,-117.121,0.000,1.000,0.000,4.000,0.000,0.000,27.000,0,0,0
B3_zmq_pushpull,zmq_tcp,none,none,,1,34751,512,584,1785153471211480000,1785153471211481000,1785153471211481000,1785153471211482000,1785153471211632000,1785153471211635000,1785153471211635000,1785153471211635000,121932490,121652369,-130.121,1.000,0.000,1.000,3.000,0.000,0.000,13.000,0,0,0
B3_zmq_pushpull,zmq_tcp,none,none,,1,34752,512,584,1785153471212700000,1785153471212700000,1785153471212700000,1785153471212701000,1785153471212753000,1785153471212757000,1785153471212757000,1785153471212757000,121932490,121652369,-228.121,0.000,0.000,1.000,4.000,0.000,0.000,98.000,0,0,0
B3_zmq_pushpull,zmq_tcp,none,none,,1,34753,512,584,1785153471213463000,1785153471213463000,1785153471213463000,1785153471213464000,1785153471213620000,1785153471213622000,1785153471213622000,1785153471213622000,121932490,121652369,-124.121,0.000,0.000,1.000,2.000,0.000,0.000,104.000,0,0,0
B3_zmq_pushpull,zmq_tcp,none,none,,1,34754,512,584,1785153471214469000,1785153471214469000,1785153471214469000,1785153471214470000,1785153471214613000,1785153471214616000,1785153471214616000,1785153471214616000,121932490,121652369,-137.121,0.000,0.000,1.000,3.000,0.000,0.000,13.000,0,0,0
B3_zmq_pushpull,zmq_tcp,none,none,,1,34755,512,584,1785153471215579000,1785153471215580000,1785153471215580000,1785153471215581000,1785153471215729000,1785153471215732000,1785153471215732000,1785153471215732000,121932490,121652369,-132.121,1.000,0.000,1.000,3.000,0.000,0.000,5.000,0,0,0
B3_zmq_pushpull,zmq_tcp,none,none,,1,34756,512,584,1785153471216674000,1785153471216674000,1785153471216674000,1785153471216675000,1785153471216719000,1785153471216723000,1785153471216723000,1785153471216723000,121932490,121652369,-236.121,0.000,0.000,1.000,4.000,0.000,0.000,104.000,0,0,0
B3_zmq_pushpull,zmq_tcp,none,none,,1,34757,512,584,1785153471217512000,1785153471217513000,1785153471217513000,1785153471217514000,1785153471217665000,1785153471217668000,1785153471217668000,1785153471217668000,121932490,121652369,-129.121,1.000,0.000,1.000,3.000,0.000,0.000,107.000,0,0,0
B3_zmq_pushpull,zmq_tcp,none,none,,1,34758,512,584,1785153471218482000,1785153471218482000,1785153471218482000,1785153471218483000,1785153471218634000,1785153471218637000,1785153471218637000,1785153471218637000,121932490,121652369,-129.121,0.000,0.000,1.000,3.000,0.000,0.000,0.000,0,0,0
B3_zmq_pushpull,zmq_tcp,none,none,,1,34759,512,584,1785153471219467000,1785153471219467000,1785153471219467000,1785153471219468000,1785153471219610000,1785153471219613000,1785153471219613000,1785153471219613000,121932490,121652369,-138.121,0.000,0.000,1.000,3.000,0.000,0.000,9.000,0,0,0
B3_zmq_pushpull,zmq_tcp,none,none,,1,34760,512,584,1785153471220705000,1785153471220705000,1785153471220705000,1785153471220706000,1785153471220876000,1785153471220878000,1785153471220878000,1785153471220878000,121932490,121652369,-110.121,0.000,0.000,1.000,2.000,0.000,0.000,28.000,0,0,0
B3_zmq_pushpull,zmq_tcp,none,none,,1,34761,512,584,1785153471221640000,1785153471221640000,1785153471221640000,1785153471221641000,1785153471221706000,1785153471221709000,1785153471221709000,1785153471221709000,121932490,121652369,-215.121,0.000,0.000,1.000,3.000,0.000,0.000,105.000,0,0,0
B3_zmq_pushpull,zmq_tcp,none,none,,1,34762,512,584,1785153471222661000,1785153471222661000,1785153471222661000,1785153471222662000,1785153471222825000,1785153471222828000,1785153471222828000,1785153471222828000,121932490,121652369,-117.121,0.000,0.000,1.000,3.000,0.000,0.000,98.000,0,0,0
B3_zmq_pushpull,zmq_tcp,none,none,,1,34763,512,584,1785153471223654000,1785153471223654000,1785153471223654000,1785153471223655000,1785153471223799000,1785153471223802000,1785153471223803000,1785153471223803000,121932490,121652369,-136.121,0.000,0.000,1.000,3.000,1.000,0.000,19.000,0,0,0
B3_zmq_pushpull,zmq_tcp,none,none,,1,34764,512,584,1785153471224484000,1785153471224485000,1785153471224485000,1785153471224486000,1785153471224634000,1785153471224637000,1785153471224637000,1785153471224637000,121932490,121652369,-132.121,1.000,0.000,1.000,3.000,0.000,0.000,4.000,0,0,0
B3_zmq_pushpull,zmq_tcp,none,none,,1,34765,512,584,1785153471225579000,1785153471225579000,1785153471225579000,1785153471225580000,1785153471225730000,1785153471225733000,1785153471225733000,1785153471225733000,121932490,121652369,-130.121,0.000,0.000,1.000,3.000,0.000,0.000,2.000,0,0,0
B3_zmq_pushpull,zmq_tcp,none,none,,1,34766,512,584,1785153471226561000,1785153471226562000,1785153471226562000,1785153471226563000,1785153471226718000,1785153471226722000,1785153471226722000,1785153471226722000,121932490,121652369,-125.121,1.000,0.000,1.000,4.000,0.000,0.000,5.000,0,0,0
B3_zmq_pushpull,zmq_tcp,none,none,,1,34767,512,584,1785153471227679000,1785153471227679000,1785153471227679000,1785153471227680000,1785153471227837000,1785153471227840000,1785153471227840000,1785153471227840000,121932490,121652369,-123.121,0.000,0.000,1.000,3.000,0.000,0.000,2.000,0,0,0
B3_zmq_pushpull,zmq_tcp,none,none,,1,34768,512,584,1785153471228647000,1785153471228647000,1785153471228647000,1785153471228648000,1785153471228842000,1785153471228845000,1785153471228845000,1785153471228845000,121932490,121652369,-86.121,0.000,0.000,1.000,3.000,0.000,0.000,37.000,0,0,0
B3_zmq_pushpull,zmq_tcp,none,none,,1,34769,512,584,1785153471229656000,1785153471229656000,1785153471229656000,1785153471229657000,1785153471229828000,1785153471229830000,1785153471229830000,1785153471229830000,121932490,121652369,-109.121,0.000,0.000,1.000,2.000,0.000,0.000,23.000,0,0,0
B3_zmq_pushpull,zmq_tcp,none,none,,1,34770,512,584,1785153471230656000,1785153471230656000,1785153471230656000,1785153471230657000,1785153471230803000,1785153471230805000,1785153471230805000,1785153471230805000,121932490,121652369,-134.121,0.000,0.000,1.000,2.000,0.000,0.000,25.000,0,0,0
B3_zmq_pushpull,zmq_tcp,none,none,,1,34771,512,584,1785153471231655000,1785153471231655000,1785153471231655000,1785153471231656000,1785153471231778000,1785153471231781000,1785153471231781000,1785153471231781000,121932490,121652369,-158.121,0.000,0.000,1.000,3.000,0.000,0.000,24.000,0,0,0
B3_zmq_pushpull,zmq_tcp,none,none,,1,34772,512,584,1785153471232653000,1785153471232653000,1785153471232653000,1785153471232654000,1785153471232737000,1785153471232740000,1785153471232740000,1785153471232740000,121932490,121652369,-197.121,0.000,0.000,1.000,3.000,0.000,0.000,39.000,0,0,0
B3_zmq_pushpull,zmq_tcp,none,none,,1,34773,512,584,1785153471233656000,1785153471233656000,1785153471233656000,1785153471233657000,1785153471233736000,1785153471233738000,1785153471233738000,1785153471233738000,121932490,121652369,-201.121,0.000,0.000,1.000,2.000,0.000,0.000,4.000,0,0,0
B3_zmq_pushpull,zmq_tcp,none,none,,1,34774,512,584,1785153471234655000,1785153471234655000,1785153471234655000,1785153471234656000,1785153471234729000,1785153471234732000,1785153471234732000,1785153471234732000,121932490,121652369,-207.121,0.000,0.000,1.000,3.000,0.000,0.000,6.000,0,0,0
B3_zmq_pushpull,zmq_tcp,none,none,,1,34775,512,584,1785153471235655000,1785153471235655000,1785153471235655000,1785153471235656000,1785153471235834000,1785153471235837000,1785153471235837000,1785153471235837000,121932490,121652369,-102.121,0.000,0.000,1.000,3.000,0.000,0.000,105.000,0,0,0
B3_zmq_pushpull,zmq_tcp,none,none,,1,34776,512,584,1785153471236658000,1785153471236658000,1785153471236658000,1785153471236659000,1785153471236830000,1785153471236833000,1785153471236833000,1785153471236833000,121932490,121652369,-109.121,0.000,0.000,1.000,3.000,0.000,0.000,7.000,0,0,0
B3_zmq_pushpull,zmq_tcp,none,none,,1,34777,512,584,1785153471237655000,1785153471237655000,1785153471237655000,1785153471237656000,1785153471237785000,1785153471237789000,1785153471237789000,1785153471237789000,121932490,121652369,-151.121,0.000,0.000,1.000,4.000,0.000,0.000,42.000,0,0,0
B3_zmq_pushpull,zmq_tcp,none,none,,1,34778,512,584,1785153471238467000,1785153471238467000,1785153471238467000,1785153471238468000,1785153471238623000,1785153471238625000,1785153471238625000,1785153471238625000,121932490,121652369,-125.121,0.000,0.000,1.000,2.000,0.000,0.000,26.000,0,0,0
B3_zmq_pushpull,zmq_tcp,none,none,,1,34779,512,584,1785153471239702000,1785153471239702000,1785153471239702000,1785153471239703000,1785153471239881000,1785153471239884000,1785153471239884000,1785153471239884000,121932490,121652369,-102.121,0.000,0.000,1.000,3.000,0.000,0.000,23.000,0,0,0
B3_zmq_pushpull,zmq_tcp,none,none,,1,34780,512,584,1785153471240642000,1785153471240642000,1785153471240642000,1785153471240643000,1785153471240724000,1785153471240727000,1785153471240727000,1785153471240727000,121932490,121652369,-199.121,0.000,0.000,1.000,3.000,0.000,0.000,97.000,0,0,0
B3_zmq_pushpull,zmq_tcp,none,none,,1,34781,512,584,1785153471241662000,1785153471241662000,1785153471241662000,1785153471241663000,1785153471241847000,1785153471241849000,1785153471241849000,1785153471241849000,121932490,121652369,-96.121,0.000,0.000,1.000,2.000,0.000,0.000,103.000,0,0,0
B3_zmq_pushpull,zmq_tcp,none,none,,1,34782,512,584,1785153471242655000,1785153471242656000,1785153471242656000,1785153471242657000,1785153471242841000,1785153471242844000,1785153471242844000,1785153471242844000,121932490,121652369,-96.121,1.000,0.000,1.000,3.000,0.000,0.000,0.000,0,0,0
B3_zmq_pushpull,zmq_tcp,none,none,,1,34783,512,584,1785153471243496000,1785153471243496000,1785153471243496000,1785153471243497000,1785153471243655000,1785153471243657000,1785153471243657000,1785153471243657000,121932490,121652369,-122.121,0.000,0.000,1.000,2.000,0.000,0.000,26.000,0,0,0
B3_zmq_pushpull,zmq_tcp,none,none,,1,34784,512,584,1785153471244693000,1785153471244694000,1785153471244694000,1785153471244695000,1785153471244768000,1785153471244771000,1785153471244771000,1785153471244771000,121932490,121652369,-207.121,1.000,0.000,1.000,3.000,0.000,0.000,85.000,0,0,0
B3_zmq_pushpull,zmq_tcp,none,none,,1,34785,512,584,1785153471245458000,1785153471245458000,1785153471245458000,1785153471245459000,1785153471245611000,1785153471245613000,1785153471245613000,1785153471245613000,121932490,121652369,-128.121,0.000,0.000,1.000,2.000,0.000,0.000,79.000,0,0,0
B3_zmq_pushpull,zmq_tcp,none,none,,1,34786,512,584,1785153471246567000,1785153471246568000,1785153471246568000,1785153471246569000,1785153471246719000,1785153471246721000,1785153471246721000,1785153471246721000,121932490,121652369,-130.121,1.000,0.000,1.000,2.000,0.000,0.000,2.000,0,0,0
B3_zmq_pushpull,zmq_tcp,none,none,,1,34787,512,584,1785153471247536000,1785153471247536000,1785153471247536000,1785153471247537000,1785153471247685000,1785153471247688000,1785153471247688000,1785153471247688000,121932490,121652369,-132.121,0.000,0.000,1.000,3.000,0.000,0.000,2.000,0,0,0
B3_zmq_pushpull,zmq_tcp,none,none,,1,34788,512,584,1785153471248687000,1785153471248688000,1785153471248688000,1785153471248689000,1785153471248812000,1785153471248814000,1785153471248815000,1785153471248815000,121932490,121652369,-157.121,1.000,0.000,1.000,2.000,1.000,0.000,25.000,0,0,0
B3_zmq_pushpull,zmq_tcp,none,none,,1,34789,512,584,1785153471249647000,1785153471249647000,1785153471249647000,1785153471249648000,1785153471249787000,1785153471249789000,1785153471249789000,1785153471249789000,121932490,121652369,-141.121,0.000,0.000,1.000,2.000,0.000,0.000,16.000,0,0,0
B3_zmq_pushpull,zmq_tcp,none,none,,1,34790,512,584,1785153471250656000,1785153471250656000,1785153471250656000,1785153471250657000,1785153471250776000,1785153471250778000,1785153471250779000,1785153471250779000,121932490,121652369,-161.121,0.000,0.000,1.000,2.000,1.000,0.000,20.000,0,0,0
B3_zmq_pushpull,zmq_tcp,none,none,,1,34791,512,584,1785153471251656000,1785153471251656000,1785153471251656000,1785153471251657000,1785153471251747000,1785153471251749000,1785153471251749000,1785153471251749000,121932490,121652369,-190.121,0.000,0.000,1.000,2.000,0.000,0.000,29.000,0,0,0
B3_zmq_pushpull,zmq_tcp,none,none,,1,34792,512,584,1785153471252655000,1785153471252655000,1785153471252655000,1785153471252656000,1785153471252723000,1785153471252725000,1785153471252725000,1785153471252725000,121932490,121652369,-213.121,0.000,0.000,1.000,2.000,0.000,0.000,23.000,0,0,0
B3_zmq_pushpull,zmq_tcp,none,none,,1,34793,512,584,1785153471253652000,1785153471253652000,1785153471253652000,1785153471253653000,1785153471253693000,1785153471253697000,1785153471253697000,1785153471253697000,121932490,121652369,-240.121,0.000,0.000,1.000,4.000,0.000,0.000,27.000,0,0,0
B3_zmq_pushpull,zmq_tcp,none,none,,1,34794,512,584,1785153471254516000,1785153471254516000,1785153471254516000,1785153471254517000,1785153471254664000,1785153471254667000,1785153471254667000,1785153471254667000,121932490,121652369,-133.121,0.000,0.000,1.000,3.000,0.000,0.000,107.000,0,0,0
B3_zmq_pushpull,zmq_tcp,none,none,,1,34795,512,584,1785153471255692000,1785153471255692000,1785153471255692000,1785153471255693000,1785153471255789000,1785153471255792000,1785153471255792000,1785153471255792000,121932490,121652369,-184.121,0.000,0.000,1.000,3.000,0.000,0.000,51.000,0,0,0
B3_zmq_pushpull,zmq_tcp,none,none,,1,34796,512,584,1785153471256647000,1785153471256647000,1785153471256647000,1785153471256648000,1785153471256771000,1785153471256773000,1785153471256773000,1785153471256773000,121932490,121652369,-157.121,0.000,0.000,1.000,2.000,0.000,0.000,27.000,0,0,0
B3_zmq_pushpull,zmq_tcp,none,none,,1,34797,512,584,1785153471257658000,1785153471257658000,1785153471257658000,1785153471257659000,1785153471257747000,1785153471257749000,1785153471257749000,1785153471257749000,121932490,121652369,-192.121,0.000,0.000,1.000,2.000,0.000,0.000,35.000,0,0,0
B3_zmq_pushpull,zmq_tcp,none,none,,1,34798,512,584,1785153471258656000,1785153471258656000,1785153471258656000,1785153471258657000,1785153471258729000,1785153471258732000,1785153471258732000,1785153471258732000,121932490,121652369,-208.121,0.000,0.000,1.000,3.000,0.000,0.000,16.000,0,0,0
B3_zmq_pushpull,zmq_tcp,none,none,,1,34799,512,584,1785153471259655000,1785153471259655000,1785153471259655000,1785153471259656000,1785153471259807000,1785153471259809000,1785153471259809000,1785153471259809000,121932490,121652369,-129.121,0.000,0.000,1.000,2.000,0.000,0.000,79.000,0,0,0
B3_zmq_pushpull,zmq_tcp,none,none,,1,34800,512,584,1785153471260509000,1785153471260509000,1785153471260509000,1785153471260510000,1785153471260669000,1785153471260672000,1785153471260672000,1785153471260672000,121932490,121652369,-121.121,0.000,0.000,1.000,3.000,0.000,0.000,8.000,0,0,0
B3_zmq_pushpull,zmq_tcp,none,none,,1,34801,512,584,1785153471261694000,1785153471261694000,1785153471261694000,1785153471261695000,1785153471261768000,1785153471261772000,1785153471261772000,1785153471261772000,121932490,121652369,-207.121,0.000,0.000,1.000,4.000,0.000,0.000,86.000,0,0,0
B3_zmq_pushpull,zmq_tcp,none,none,,1,34802,512,584,1785153471262479000,1785153471262479000,1785153471262479000,1785153471262480000,1785153471262610000,1785153471262613000,1785153471262613000,1785153471262613000,121932490,121652369,-150.121,0.000,0.000,1.000,3.000,0.000,0.000,57.000,0,0,0
B3_zmq_pushpull,zmq_tcp,none,none,,1,34803,512,584,1785153471263576000,1785153471263577000,1785153471263577000,1785153471263578000,1785153471263733000,1785153471263736000,1785153471263736000,1785153471263736000,121932490,121652369,-125.121,1.000,0.000,1.000,3.000,0.000,0.000,25.000,0,0,0
B3_zmq_pushpull,zmq_tcp,none,none,,1,34804,512,584,1785153471264545000,1785153471264545000,1785153471264545000,1785153471264547000,1785153471264679000,1785153471264682000,1785153471264682000,1785153471264682000,121932490,121652369,-148.121,0.000,0.000,2.000,3.000,0.000,0.000,23.000,0,0,0
B3_zmq_pushpull,zmq_tcp,none,none,,1,34805,512,584,1785153471265685000,1785153471265685000,1785153471265685000,1785153471265686000,1785153471265821000,1785153471265825000,1785153471265825000,1785153471265825000,121932490,121652369,-145.121,0.000,0.000,1.000,4.000,0.000,0.000,3.000,0,0,0
B3_zmq_pushpull,zmq_tcp,none,none,,1,34806,512,584,1785153471266648000,1785153471266648000,1785153471266648000,1785153471266649000,1785153471266815000,1785153471266817000,1785153471266817000,1785153471266817000,121932490,121652369,-114.121,0.000,0.000,1.000,2.000,0.000,0.000,31.000,0,0,0
B3_zmq_pushpull,zmq_tcp,none,none,,1,34807,512,584,1785153471267656000,1785153471267656000,1785153471267657000,1785153471267657000,1785153471267812000,1785153471267815000,1785153471267815000,1785153471267815000,121932490,121652369,-125.121,0.000,1.000,0.000,3.000,0.000,0.000,11.000,0,0,0
B3_zmq_pushpull,zmq_tcp,none,none,,1,34808,512,584,1785153471268655000,1785153471268655000,1785153471268655000,1785153471268656000,1785153471268809000,1785153471268812000,1785153471268812000,1785153471268812000,121932490,121652369,-127.121,0.000,0.000,1.000,3.000,0.000,0.000,2.000,0,0,0
B3_zmq_pushpull,zmq_tcp,none,none,,1,34809,512,584,1785153471269495000,1785153471269496000,1785153471269496000,1785153471269497000,1785153471269653000,1785153471269656000,1785153471269656000,1785153471269656000,121932490,121652369,-124.121,1.000,0.000,1.000,3.000,0.000,0.000,3.000,0,0,0
B3_zmq_pushpull,zmq_tcp,none,none,,1,34810,512,584,1785153471270697000,1785153471270697000,1785153471270697000,1785153471270698000,1785153471270763000,1785153471270766000,1785153471270766000,1785153471270766000,121932490,121652369,-215.121,0.000,0.000,1.000,3.000,0.000,0.000,91.000,0,0,0
B3_zmq_pushpull,zmq_tcp,none,none,,1,34811,512,584,1785153471271466000,1785153471271467000,1785153471271467000,1785153471271468000,1785153471271611000,1785153471271614000,1785153471271614000,1785153471271614000,121932490,121652369,-137.121,1.000,0.000,1.000,3.000,0.000,0.000,78.000,0,0,0
B3_zmq_pushpull,zmq_tcp,none,none,,1,34812,512,584,1785153471272703000,1785153471272703000,1785153471272703000,1785153471272704000,1785153471272856000,1785153471272859000,1785153471272859000,1785153471272859000,121932490,121652369,-128.121,0.000,0.000,1.000,3.000,0.000,0.000,9.000,0,0,0
B3_zmq_pushpull,zmq_tcp,none,none,,1,34813,512,584,1785153471273542000,1785153471273542000,1785153471273542000,1785153471273543000,1785153471273695000,1785153471273697000,1785153471273697000,1785153471273697000,121932490,121652369,-128.121,0.000,0.000,1.000,2.000,0.000,0.000,0.000,0,0,0
B3_zmq_pushpull,zmq_tcp,none,none,,1,34814,512,584,1785153471274523000,1785153471274524000,1785153471274524000,1785153471274525000,1785153471274676000,1785153471274679000,1785153471274679000,1785153471274679000,121932490,121652369,-129.121,1.000,0.000,1.000,3.000,0.000,0.000,1.000,0,0,0
B3_zmq_pushpull,zmq_tcp,none,none,,1,34815,512,584,1785153471275691000,1785153471275691000,1785153471275691000,1785153471275692000,1785153471275800000,1785153471275803000,1785153471275803000,1785153471275803000,121932490,121652369,-172.121,0.000,0.000,1.000,3.000,0.000,0.000,43.000,0,0,0
B3_zmq_pushpull,zmq_tcp,none,none,,1,34816,512,584,1785153471276649000,1785153471276649000,1785153471276649000,1785153471276650000,1785153471276800000,1785153471276803000,1785153471276803000,1785153471276803000,121932490,121652369,-130.121,0.000,0.000,1.000,3.000,0.000,0.000,42.000,0,0,0
B3_zmq_pushpull,zmq_tcp,none,none,,1,34817,512,584,1785153471277482000,1785153471277482000,1785153471277482000,1785153471277483000,1785153471277621000,1785153471277624000,1785153471277624000,1785153471277624000,121932490,121652369,-142.121,0.000,0.000,1.000,3.000,0.000,0.000,12.000,0,0,0
B3_zmq_pushpull,zmq_tcp,none,none,,1,34818,512,584,1785153471278704000,1785153471278704000,1785153471278704000,1785153471278705000,1785153471278749000,1785153471278753000,1785153471278753000,1785153471278753000,121932490,121652369,-236.121,0.000,0.000,1.000,4.000,0.000,0.000,94.000,0,0,0
B3_zmq_pushpull,zmq_tcp,none,none,,1,34819,512,584,1785153471279643000,1785153471279643000,1785153471279643000,1785153471279644000,1785153471279720000,1785153471279723000,1785153471279723000,1785153471279723000,121932490,121652369,-204.121,0.000,0.000,1.000,3.000,0.000,0.000,32.000,0,0,0
B3_zmq_pushpull,zmq_tcp,none,none,,1,34820,512,584,1785153471280660000,1785153471280660000,1785153471280660000,1785153471280661000,1785153471280703000,1785153471280706000,1785153471280706000,1785153471280706000,121932490,121652369,-238.121,0.000,0.000,1.000,3.000,0.000,0.000,34.000,0,0,0
B3_zmq_pushpull,zmq_tcp,none,none,,1,34821,512,584,1785153471281654000,1785153471281654000,1785153471281654000,1785153471281655000,1785153471281815000,1785153471281818000,1785153471281818000,1785153471281818000,121932490,121652369,-120.121,0.000,0.000,1.000,3.000,0.000,0.000,118.000,0,0,0
B3_zmq_pushpull,zmq_tcp,none,none,,1,34822,512,584,1785153471282657000,1785153471282657000,1785153471282657000,1785153471282659000,1785153471282808000,1785153471282811000,1785153471282811000,1785153471282811000,121932490,121652369,-131.121,0.000,0.000,2.000,3.000,0.000,0.000,11.000,0,0,0
B3_zmq_pushpull,zmq_tcp,none,none,,1,34823,512,584,1785153471283651000,1785153471283651000,1785153471283651000,1785153471283652000,1785153471283781000,1785153471283784000,1785153471283784000,1785153471283784000,121932490,121652369,-151.121,0.000,0.000,1.000,3.000,0.000,0.000,20.000,0,0,0
B3_zmq_pushpull,zmq_tcp,none,none,,1,34824,512,584,1785153471284464000,1785153471284464000,1785153471284464000,1785153471284465000,1785153471284609000,1785153471284612000,1785153471284612000,1785153471284612000,121932490,121652369,-136.121,0.000,0.000,1.000,3.000,0.000,0.000,15.000,0,0,0
B3_zmq_pushpull,zmq_tcp,none,none,,1,34825,512,584,1785153471285588000,1785153471285588000,1785153471285588000,1785153471285589000,1785153471285745000,1785153471285748000,1785153471285748000,1785153471285748000,121932490,121652369,-124.121,0.000,0.000,1.000,3.000,0.000,0.000,12.000,0,0,0
B3_zmq_pushpull,zmq_tcp,none,none,,1,34826,512,584,1785153471286672000,1785153471286673000,1785153471286673000,1785153471286674000,1785153471286860000,1785153471286863000,1785153471286863000,1785153471286863000,121932490,121652369,-94.121,1.000,0.000,1.000,3.000,0.000,0.000,30.000,0,0,0
B3_zmq_pushpull,zmq_tcp,none,none,,1,34827,512,584,1785153471287647000,1785153471287647000,1785153471287647000,1785153471287648000,1785153471287707000,1785153471287710000,1785153471287710000,1785153471287710000,121932490,121652369,-221.121,0.000,0.000,1.000,3.000,0.000,0.000,127.000,0,0,0
B3_zmq_pushpull,zmq_tcp,none,none,,1,34828,512,584,1785153471288658000,1785153471288658000,1785153471288658000,1785153471288659000,1785153471288833000,1785153471288836000,1785153471288836000,1785153471288836000,121932490,121652369,-106.121,0.000,0.000,1.000,3.000,0.000,0.000,115.000,0,0,0
B3_zmq_pushpull,zmq_tcp,none,none,,1,34829,512,584,1785153471289657000,1785153471289658000,1785153471289658000,1785153471289659000,1785153471289827000,1785153471289830000,1785153471289830000,1785153471289830000,121932490,121652369,-112.121,1.000,0.000,1.000,3.000,0.000,0.000,6.000,0,0,0
B3_zmq_pushpull,zmq_tcp,none,none,,1,34830,512,584,1785153471290655000,1785153471290655000,1785153471290655000,1785153471290656000,1785153471290825000,1785153471290829000,1785153471290829000,1785153471290829000,121932490,121652369,-111.121,0.000,0.000,1.000,4.000,0.000,0.000,1.000,0,0,0
B3_zmq_pushpull,zmq_tcp,none,none,,1,34831,512,584,1785153471291655000,1785153471291655000,1785153471291655000,1785153471291656000,1785153471291797000,1785153471291800000,1785153471291800000,1785153471291800000,121932490,121652369,-139.121,0.000,0.000,1.000,3.000,0.000,0.000,28.000,0,0,0
B3_zmq_pushpull,zmq_tcp,none,none,,1,34832,512,584,1785153471292656000,1785153471292656000,1785153471292656000,1785153471292657000,1785153471292783000,1785153471292786000,1785153471292786000,1785153471292786000,121932490,121652369,-154.121,0.000,0.000,1.000,3.000,0.000,0.000,15.000,0,0,0
B3_zmq_pushpull,zmq_tcp,none,none,,1,34833,512,584,1785153471293655000,1785153471293655000,1785153471293655000,1785153471293656000,1785153471293759000,1785153471293761000,1785153471293761000,1785153471293761000,121932490,121652369,-177.121,0.000,0.000,1.000,2.000,0.000,0.000,23.000,0,0,0
B3_zmq_pushpull,zmq_tcp,none,none,,1,34834,512,584,1785153471294655000,1785153471294655000,1785153471294655000,1785153471294656000,1785153471294724000,1785153471294727000,1785153471294727000,1785153471294727000,121932490,121652369,-212.121,0.000,0.000,1.000,3.000,0.000,0.000,35.000,0,0,0
B3_zmq_pushpull,zmq_tcp,none,none,,1,34835,512,584,1785153471295522000,1785153471295523000,1785153471295523000,1785153471295524000,1785153471295682000,1785153471295684000,1785153471295684000,1785153471295684000,121932490,121652369,-122.121,1.000,0.000,1.000,2.000,0.000,0.000,90.000,0,0,0
B3_zmq_pushpull,zmq_tcp,none,none,,1,34836,512,584,1785153471296510000,1785153471296510000,1785153471296510000,1785153471296511000,1785153471296670000,1785153471296672000,1785153471296672000,1785153471296672000,121932490,121652369,-121.121,0.000,0.000,1.000,2.000,0.000,0.000,1.000,0,0,0
B3_zmq_pushpull,zmq_tcp,none,none,,1,34837,512,584,1785153471297693000,1785153471297693000,1785153471297694000,1785153471297694000,1785153471297768000,1785153471297771000,1785153471297771000,1785153471297771000,121932490,121652369,-206.121,0.000,1.000,0.000,3.000,0.000,0.000,85.000,0,0,0
B3_zmq_pushpull,zmq_tcp,none,none,,1,34838,512,584,1785153471298646000,1785153471298646000,1785153471298646000,1785153471298647000,1785153471298759000,1785153471298761000,1785153471298762000,1785153471298762000,121932490,121652369,-168.121,0.000,0.000,1.000,2.000,1.000,0.000,38.000,0,0,0
B3_zmq_pushpull,zmq_tcp,none,none,,1,34839,512,584,1785153471299660000,1785153471299660000,1785153471299660000,1785153471299661000,1785153471299740000,1785153471299743000,1785153471299743000,1785153471299743000,121932490,121652369,-201.121,0.000,0.000,1.000,3.000,0.000,0.000,33.000,0,0,0
B3_zmq_pushpull,zmq_tcp,none,none,,1,34840,512,584,1785153471300654000,1785153471300654000,1785153471300654000,1785153471300655000,1785153471300702000,1785153471300705000,1785153471300705000,1785153471300705000,121932490,121652369,-233.121,0.000,0.000,1.000,3.000,0.000,0.000,32.000,0,0,0
B3_zmq_pushpull,zmq_tcp,none,none,,1,34841,512,584,1785153471301536000,1785153471301536000,1785153471301536000,1785153471301537000,1785153471301679000,1785153471301681000,1785153471301681000,1785153471301681000,121932490,121652369,-138.121,0.000,0.000,1.000,2.000,0.000,0.000,95.000,0,0,0
B3_zmq_pushpull,zmq_tcp,none,none,,1,34842,512,584,1785153471302682000,1785153471302682000,1785153471302682000,1785153471302683000,1785153471302774000,1785153471302776000,1785153471302776000,1785153471302776000,121932490,121652369,-189.121,0.000,0.000,1.000,2.000,0.000,0.000,51.000,0,0,0
B3_zmq_pushpull,zmq_tcp,none,none,,1,34843,512,584,1785153471303651000,1785153471303651000,1785153471303651000,1785153471303652000,1785153471303751000,1785153471303754000,1785153471303754000,1785153471303754000,121932490,121652369,-181.121,0.000,0.000,1.000,3.000,0.000,0.000,8.000,0,0,0
B3_zmq_pushpull,zmq_tcp,none,none,,1,34844,512,584,1785153471304658000,1785153471304658000,1785153471304658000,1785153471304659000,1785153471304710000,1785153471304712000,1785153471304712000,1785153471304712000,121932490,121652369,-229.121,0.000,0.000,1.000,2.000,0.000,0.000,48.000,0,0,0
B3_zmq_pushpull,zmq_tcp,none,none,,1,34845,512,584,1785153471305561000,1785153471305561000,1785153471305561000,1785153471305562000,1785153471305710000,1785153471305712000,1785153471305712000,1785153471305712000,121932490,121652369,-132.121,0.000,0.000,1.000,2.000,0.000,0.000,97.000,0,0,0
B3_zmq_pushpull,zmq_tcp,none,none,,1,34846,512,584,1785153471306681000,1785153471306681000,1785153471306681000,1785153471306682000,1785153471306828000,1785153471306831000,1785153471306831000,1785153471306831000,121932490,121652369,-134.121,0.000,0.000,1.000,3.000,0.000,0.000,2.000,0,0,0
B3_zmq_pushpull,zmq_tcp,none,none,,1,34847,512,584,1785153471307519000,1785153471307520000,1785153471307520000,1785153471307521000,1785153471307652000,1785153471307656000,1785153471307656000,1785153471307656000,121932490,121652369,-149.121,1.000,0.000,1.000,4.000,0.000,0.000,15.000,0,0,0
B3_zmq_pushpull,zmq_tcp,none,none,,1,34848,512,584,1785153471308690000,1785153471308690000,1785153471308690000,1785153471308691000,1785153471308742000,1785153471308746000,1785153471308746000,1785153471308746000,121932490,121652369,-229.121,0.000,0.000,1.000,4.000,0.000,0.000,80.000,0,0,0
B3_zmq_pushpull,zmq_tcp,none,none,,1,34849,512,584,1785153471309644000,1785153471309645000,1785153471309645000,1785153471309646000,1785153471309704000,1785153471309707000,1785153471309707000,1785153471309707000,121932490,121652369,-222.121,1.000,0.000,1.000,3.000,0.000,0.000,7.000,0,0,0
B3_zmq_pushpull,zmq_tcp,none,none,,1,34850,512,584,1785153471310658000,1785153471310658000,1785153471310658000,1785153471310659000,1785153471310816000,1785153471310820000,1785153471310820000,1785153471310820000,121932490,121652369,-123.121,0.000,0.000,1.000,4.000,0.000,0.000,99.000,0,0,0
B3_zmq_pushpull,zmq_tcp,none,none,,1,34851,512,584,1785153471311472000,1785153471311472000,1785153471311472000,1785153471311473000,1785153471311631000,1785153471311634000,1785153471311634000,1785153471311634000,121932490,121652369,-122.121,0.000,0.000,1.000,3.000,0.000,0.000,1.000,0,0,0
B3_zmq_pushpull,zmq_tcp,none,none,,1,34852,512,584,1785153471312702000,1785153471312702000,1785153471312702000,1785153471312703000,1785153471312767000,1785153471312770000,1785153471312770000,1785153471312770000,121932490,121652369,-216.121,0.000,0.000,1.000,3.000,0.000,0.000,94.000,0,0,0
B3_zmq_pushpull,zmq_tcp,none,none,,1,34853,512,584,1785153471313462000,1785153471313462000,1785153471313462000,1785153471313463000,1785153471313610000,1785153471313612000,1785153471313612000,1785153471313612000,121932490,121652369,-133.121,0.000,0.000,1.000,2.000,0.000,0.000,83.000,0,0,0
B3_zmq_pushpull,zmq_tcp,none,none,,1,34854,512,584,1785153471314705000,1785153471314705000,1785153471314705000,1785153471314706000,1785153471314852000,1785153471314856000,1785153471314856000,1785153471314856000,121932490,121652369,-134.121,0.000,0.000,1.000,4.000,0.000,0.000,1.000,0,0,0
B3_zmq_pushpull,zmq_tcp,none,none,,1,34855,512,584,1785153471315643000,1785153471315643000,1785153471315643000,1785153471315644000,1785153471315688000,1785153471315692000,1785153471315692000,1785153471315692000,121932490,121652369,-236.121,0.000,0.000,1.000,4.000,0.000,0.000,102.000,0,0,0
B3_zmq_pushpull,zmq_tcp,none,none,,1,34856,512,584,1785153471316658000,1785153471316658000,1785153471316658000,1785153471316659000,1785153471316802000,1785153471316805000,1785153471316805000,1785153471316805000,121932490,121652369,-137.121,0.000,0.000,1.000,3.000,0.000,0.000,99.000,0,0,0
B3_zmq_pushpull,zmq_tcp,none,none,,1,34857,512,584,1785153471317494000,1785153471317494000,1785153471317494000,1785153471317495000,1785153471317651000,1785153471317654000,1785153471317654000,1785153471317654000,121932490,121652369,-124.121,0.000,0.000,1.000,3.000,0.000,0.000,13.000,0,0,0
B3_zmq_pushpull,zmq_tcp,none,none,,1,34858,512,584,1785153471318696000,1785153471318696000,1785153471318696000,1785153471318697000,1785153471318762000,1785153471318765000,1785153471318765000,1785153471318765000,121932490,121652369,-215.121,0.000,0.000,1.000,3.000,0.000,0.000,91.000,0,0,0
B3_zmq_pushpull,zmq_tcp,none,none,,1,34859,512,584,1785153471319648000,1785153471319648000,1785153471319648000,1785153471319649000,1785153471319743000,1785153471319746000,1785153471319746000,1785153471319746000,121932490,121652369,-186.121,0.000,0.000,1.000,3.000,0.000,0.000,29.000,0,0,0
B3_zmq_pushpull,zmq_tcp,none,none,,1,34860,512,584,1785153471320658000,1785153471320658000,1785153471320658000,1785153471320659000,1785153471320826000,1785153471320829000,1785153471320829000,1785153471320829000,121932490,121652369,-113.121,0.000,0.000,1.000,3.000,0.000,0.000,73.000,0,0,0
B3_zmq_pushpull,zmq_tcp,none,none,,1,34861,512,584,1785153471321654000,1785153471321654000,1785153471321654000,1785153471321655000,1785153471321799000,1785153471321802000,1785153471321802000,1785153471321802000,121932490,121652369,-136.121,0.000,0.000,1.000,3.000,0.000,0.000,23.000,0,0,0
B3_zmq_pushpull,zmq_tcp,none,none,,1,34862,512,584,1785153471322657000,1785153471322657000,1785153471322657000,1785153471322658000,1785153471322767000,1785153471322770000,1785153471322770000,1785153471322770000,121932490,121652369,-171.121,0.000,0.000,1.000,3.000,0.000,0.000,35.000,0,0,0
B3_zmq_pushpull,zmq_tcp,none,none,,1,34863,512,584,1785153471323581000,1785153471323581000,1785153471323581000,1785153471323582000,1785153471323726000,1785153471323728000,1785153471323728000,1785153471323728000,121932490,121652369,-136.121,0.000,0.000,1.000,2.000,0.000,0.000,35.000,0,0,0
B3_zmq_pushpull,zmq_tcp,none,none,,1,34864,512,584,1785153471324676000,1785153471324677000,1785153471324677000,1785153471324678000,1785153471324862000,1785153471324864000,1785153471324864000,1785153471324864000,121932490,121652369,-96.121,1.000,0.000,1.000,2.000,0.000,0.000,40.000,0,0,0
B3_zmq_pushpull,zmq_tcp,none,none,,1,34865,512,584,1785153471325649000,1785153471325650000,1785153471325650000,1785153471325651000,1785153471325710000,1785153471325713000,1785153471325713000,1785153471325713000,121932490,121652369,-221.121,1.000,0.000,1.000,3.000,0.000,0.000,125.000,0,0,0
B3_zmq_pushpull,zmq_tcp,none,none,,1,34866,512,584,1785153471326657000,1785153471326657000,1785153471326657000,1785153471326658000,1785153471326813000,1785153471326816000,1785153471326816000,1785153471326816000,121932490,121652369,-125.121,0.000,0.000,1.000,3.000,0.000,0.000,96.000,0,0,0
B3_zmq_pushpull,zmq_tcp,none,none,,1,34867,512,584,1785153471327496000,1785153471327496000,1785153471327496000,1785153471327497000,1785153471327654000,1785153471327656000,1785153471327656000,1785153471327656000,121932490,121652369,-123.121,0.000,0.000,1.000,2.000,0.000,0.000,2.000,0,0,0
B3_zmq_pushpull,zmq_tcp,none,none,,1,34868,512,584,1785153471328484000,1785153471328484000,1785153471328484000,1785153471328485000,1785153471328638000,1785153471328642000,1785153471328642000,1785153471328642000,121932490,121652369,-127.121,0.000,0.000,1.000,4.000,0.000,0.000,4.000,0,0,0
B3_zmq_pushpull,zmq_tcp,none,none,,1,34869,512,584,1785153471329469000,1785153471329469000,1785153471329469000,1785153471329470000,1785153471329608000,1785153471329611000,1785153471329611000,1785153471329611000,121932490,121652369,-142.121,0.000,0.000,1.000,3.000,0.000,0.000,15.000,0,0,0
B3_zmq_pushpull,zmq_tcp,none,none,,1,34870,512,584,1785153471330554000,1785153471330554000,1785153471330554000,1785153471330555000,1785153471330708000,1785153471330711000,1785153471330711000,1785153471330711000,121932490,121652369,-127.121,0.000,0.000,1.000,3.000,0.000,0.000,15.000,0,0,0
B3_zmq_pushpull,zmq_tcp,none,none,,1,34871,512,584,1785153471331529000,1785153471331529000,1785153471331529000,1785153471331530000,1785153471331691000,1785153471331694000,1785153471331694000,1785153471331694000,121932490,121652369,-119.121,0.000,0.000,1.000,3.000,0.000,0.000,8.000,0,0,0
B3_zmq_pushpull,zmq_tcp,none,none,,1,34872,512,584,1785153471332512000,1785153471332512000,1785153471332512000,1785153471332513000,1785153471332662000,1785153471332665000,1785153471332665000,1785153471332665000,121932490,121652369,-131.121,0.000,0.000,1.000,3.000,0.000,0.000,12.000,0,0,0
B3_zmq_pushpull,zmq_tcp,none,none,,1,34873,512,584,1785153471333694000,1785153471333694000,1785153471333694000,1785153471333695000,1785153471333778000,1785153471333781000,1785153471333781000,1785153471333781000,121932490,121652369,-197.121,0.000,0.000,1.000,3.000,0.000,0.000,66.000,0,0,0
B3_zmq_pushpull,zmq_tcp,none,none,,1,34874,512,584,1785153471334646000,1785153471334646000,1785153471334646000,1785153471334647000,1785153471334758000,1785153471334761000,1785153471334761000,1785153471334761000,121932490,121652369,-169.121,0.000,0.000,1.000,3.000,0.000,0.000,28.000,0,0,0
B3_zmq_pushpull,zmq_tcp,none,none,,1,34875,512,584,1785153471335657000,1785153471335657000,1785153471335657000,1785153471335658000,1785153471335720000,1785153471335724000,1785153471335724000,1785153471335724000,121932490,121652369,-218.121,0.000,0.000,1.000,4.000,0.000,0.000,49.000,0,0,0
B3_zmq_pushpull,zmq_tcp,none,none,,1,34876,512,584,1785153471336655000,1785153471336655000,1785153471336656000,1785153471336656000,1785153471336812000,1785153471336815000,1785153471336815000,1785153471336815000,121932490,121652369,-124.121,0.000,1.000,0.000,3.000,0.000,0.000,94.000,0,0,0
B3_zmq_pushpull,zmq_tcp,none,none,,1,34877,512,584,1785153471337656000,1785153471337656000,1785153471337656000,1785153471337657000,1785153471337787000,1785153471337790000,1785153471337790000,1785153471337790000,121932490,121652369,-150.121,0.000,0.000,1.000,3.000,0.000,0.000,26.000,0,0,0
B3_zmq_pushpull,zmq_tcp,none,none,,1,34878,512,584,1785153471338655000,1785153471338655000,1785153471338655000,1785153471338656000,1785153471338736000,1785153471338740000,1785153471338740000,1785153471338740000,121932490,121652369,-200.121,0.000,0.000,1.000,4.000,0.000,0.000,50.000,0,0,0
B3_zmq_pushpull,zmq_tcp,none,none,,1,34879,512,584,1785153471339658000,1785153471339658000,1785153471339658000,1785153471339659000,1785153471339729000,1785153471339732000,1785153471339732000,1785153471339732000,121932490,121652369,-210.121,0.000,0.000,1.000,3.000,0.000,0.000,10.000,0,0,0
B3_zmq_pushpull,zmq_tcp,none,none,,1,34880,512,584,1785153471340655000,1785153471340655000,1785153471340655000,1785153471340656000,1785153471340727000,1785153471340730000,1785153471340730000,1785153471340730000,121932490,121652369,-209.121,0.000,0.000,1.000,3.000,0.000,0.000,1.000,0,0,0
B3_zmq_pushpull,zmq_tcp,none,none,,1,34881,512,584,1785153471341657000,1785153471341657000,1785153471341657000,1785153471341658000,1785153471341809000,1785153471341813000,1785153471341813000,1785153471341813000,121932490,121652369,-129.121,0.000,0.000,1.000,4.000,0.000,0.000,80.000,0,0,0
B3_zmq_pushpull,zmq_tcp,none,none,,1,34882,512,584,1785153471342654000,1785153471342654000,1785153471342654000,1785153471342655000,1785153471342768000,1785153471342771000,1785153471342771000,1785153471342771000,121932490,121652369,-167.121,0.000,0.000,1.000,3.000,0.000,0.000,38.000,0,0,0
B3_zmq_pushpull,zmq_tcp,none,none,,1,34883,512,584,1785153471343655000,1785153471343655000,1785153471343655000,1785153471343656000,1785153471343746000,1785153471343748000,1785153471343748000,1785153471343748000,121932490,121652369,-190.121,0.000,0.000,1.000,2.000,0.000,0.000,23.000,0,0,0
B3_zmq_pushpull,zmq_tcp,none,none,,1,34884,512,584,1785153471344656000,1785153471344656000,1785153471344656000,1785153471344657000,1785153471344735000,1785153471344738000,1785153471344738000,1785153471344738000,121932490,121652369,-202.121,0.000,0.000,1.000,3.000,0.000,0.000,12.000,0,0,0
B3_zmq_pushpull,zmq_tcp,none,none,,1,34885,512,584,1785153471345655000,1785153471345655000,1785153471345655000,1785153471345656000,1785153471345742000,1785153471345744000,1785153471345744000,1785153471345744000,121932490,121652369,-194.121,0.000,0.000,1.000,2.000,0.000,0.000,8.000,0,0,0
B3_zmq_pushpull,zmq_tcp,none,none,,1,34886,512,584,1785153471346655000,1785153471346655000,1785153471346655000,1785153471346656000,1785153471346739000,1785153471346742000,1785153471346742000,1785153471346742000,121932490,121652369,-197.121,0.000,0.000,1.000,3.000,0.000,0.000,3.000,0,0,0
B3_zmq_pushpull,zmq_tcp,none,none,,1,34887,512,584,1785153471347658000,1785153471347658000,1785153471347658000,1785153471347659000,1785153471347750000,1785153471347752000,1785153471347752000,1785153471347752000,121932490,121652369,-189.121,0.000,0.000,1.000,2.000,0.000,0.000,8.000,0,0,0
B3_zmq_pushpull,zmq_tcp,none,none,,1,34888,512,584,1785153471348656000,1785153471348656000,1785153471348656000,1785153471348657000,1785153471348739000,1785153471348742000,1785153471348742000,1785153471348742000,121932490,121652369,-198.121,0.000,0.000,1.000,3.000,0.000,0.000,9.000,0,0,0
B3_zmq_pushpull,zmq_tcp,none,none,,1,34889,512,584,1785153471349655000,1785153471349656000,1785153471349656000,1785153471349657000,1785153471349704000,1785153471349708000,1785153471349708000,1785153471349708000,121932490,121652369,-233.121,1.000,0.000,1.000,4.000,0.000,0.000,35.000,0,0,0
B3_zmq_pushpull,zmq_tcp,none,none,,1,34890,512,584,1785153471350656000,1785153471350656000,1785153471350656000,1785153471350657000,1785153471350797000,1785153471350800000,1785153471350800000,1785153471350800000,121932490,121652369,-140.121,0.000,0.000,1.000,3.000,0.000,0.000,93.000,0,0,0
B3_zmq_pushpull,zmq_tcp,none,none,,1,34891,512,584,1785153471351487000,1785153471351487000,1785153471351487000,1785153471351488000,1785153471351629000,1785153471351632000,1785153471351632000,1785153471351632000,121932490,121652369,-139.121,0.000,0.000,1.000,3.000,0.000,0.000,1.000,0,0,0
B3_zmq_pushpull,zmq_tcp,none,none,,1,34892,512,584,1785153471352461000,1785153471352461000,1785153471352461000,1785153471352462000,1785153471352615000,1785153471352618000,1785153471352618000,1785153471352618000,121932490,121652369,-127.121,0.000,0.000,1.000,3.000,0.000,0.000,12.000,0,0,0
B3_zmq_pushpull,zmq_tcp,none,none,,1,34893,512,584,1785153471353461000,1785153471353462000,1785153471353462000,1785153471353463000,1785153471353610000,1785153471353612000,1785153471353612000,1785153471353612000,121932490,121652369,-133.121,1.000,0.000,1.000,2.000,0.000,0.000,6.000,0,0,0
B3_zmq_pushpull,zmq_tcp,none,none,,1,34894,512,584,1785153471354705000,1785153471354705000,1785153471354705000,1785153471354706000,1785153471354864000,1785153471354867000,1785153471354867000,1785153471354867000,121932490,121652369,-122.121,0.000,0.000,1.000,3.000,0.000,0.000,11.000,0,0,0
B3_zmq_pushpull,zmq_tcp,none,none,,1,34895,512,584,1785153471355567000,1785153471355568000,1785153471355568000,1785153471355569000,1785153471355721000,1785153471355724000,1785153471355724000,1785153471355724000,121932490,121652369,-128.121,1.000,0.000,1.000,3.000,0.000,0.000,6.000,0,0,0
B3_zmq_pushpull,zmq_tcp,none,none,,1,34896,512,584,1785153471356677000,1785153471356677000,1785153471356677000,1785153471356678000,1785153471356832000,1785153471356835000,1785153471356835000,1785153471356835000,121932490,121652369,-126.121,0.000,0.000,1.000,3.000,0.000,0.000,2.000,0,0,0
B3_zmq_pushpull,zmq_tcp,none,none,,1,34897,512,584,1785153471357650000,1785153471357650000,1785153471357650000,1785153471357651000,1785153471357779000,1785153471357782000,1785153471357782000,1785153471357782000,121932490,121652369,-152.121,0.000,0.000,1.000,3.000,0.000,0.000,26.000,0,0,0
B3_zmq_pushpull,zmq_tcp,none,none,,1,34898,512,584,1785153471358657000,1785153471358657000,1785153471358657000,1785153471358658000,1785153471358739000,1785153471358742000,1785153471358742000,1785153471358742000,121932490,121652369,-199.121,0.000,0.000,1.000,3.000,0.000,0.000,47.000,0,0,0
B3_zmq_pushpull,zmq_tcp,none,none,,1,34899,512,584,1785153471359655000,1785153471359655000,1785153471359655000,1785153471359656000,1785153471359733000,1785153471359735000,1785153471359735000,1785153471359735000,121932490,121652369,-203.121,0.000,0.000,1.000,2.000,0.000,0.000,4.000,0,0,0
B3_zmq_pushpull,zmq_tcp,none,none,,1,34900,512,584,1785153471360655000,1785153471360655000,1785153471360656000,1785153471360657000,1785153471360724000,1785153471360728000,1785153471360728000,1785153471360728000,121932490,121652369,-213.121,0.000,1.000,1.000,4.000,0.000,0.000,10.000,0,0,0
B3_zmq_pushpull,zmq_tcp,none,none,,1,34901,512,584,1785153471361657000,1785153471361657000,1785153471361658000,1785153471361658000,1785153471361854000,1785153471361857000,1785153471361857000,1785153471361857000,121932490,121652369,-84.121,0.000,1.000,0.000,3.000,0.000,0.000,129.000,0,0,0
B3_zmq_pushpull,zmq_tcp,none,none,,1,34902,512,584,1785153471362654000,1785153471362654000,1785153471362654000,1785153471362655000,1785153471362698000,1785153471362703000,1785153471362703000,1785153471362703000,121932490,121652369,-237.121,0.000,0.000,1.000,5.000,0.000,0.000,153.000,0,0,0
B3_zmq_pushpull,zmq_tcp,none,none,,1,34903,512,584,1785153471363655000,1785153471363656000,1785153471363656000,1785153471363657000,1785153471363826000,1785153471363828000,1785153471363828000,1785153471363828000,121932490,121652369,-111.121,1.000,0.000,1.000,2.000,0.000,0.000,126.000,0,0,0
B3_zmq_pushpull,zmq_tcp,none,none,,1,34904,512,584,1785153471364656000,1785153471364656000,1785153471364656000,1785153471364657000,1785153471364802000,1785153471364804000,1785153471364805000,1785153471364805000,121932490,121652369,-135.121,0.000,0.000,1.000,2.000,1.000,0.000,24.000,0,0,0
B3_zmq_pushpull,zmq_tcp,none,none,,1,34905,512,584,1785153471365658000,1785153471365658000,1785153471365658000,1785153471365659000,1785153471365786000,1785153471365788000,1785153471365788000,1785153471365788000,121932490,121652369,-153.121,0.000,0.000,1.000,2.000,0.000,0.000,18.000,0,0,0
B3_zmq_pushpull,zmq_tcp,none,none,,1,34906,512,584,1785153471366653000,1785153471366653000,1785153471366653000,1785153471366654000,1785153471366765000,1785153471366773000,1785153471366773000,1785153471366773000,121932490,121652369,-169.121,0.000,0.000,1.000,8.000,0.000,0.000,16.000,0,0,0
B3_zmq_pushpull,zmq_tcp,none,none,,1,34907,512,584,1785153471367657000,1785153471367657000,1785153471367657000,1785153471367658000,1785153471367747000,1785153471367750000,1785153471367750000,1785153471367750000,121932490,121652369,-191.121,0.000,0.000,1.000,3.000,0.000,0.000,22.000,0,0,0
B3_zmq_pushpull,zmq_tcp,none,none,,1,34908,512,584,1785153471368658000,1785153471368659000,1785153471368659000,1785153471368660000,1785153471368728000,1785153471368732000,1785153471368732000,1785153471368732000,121932490,121652369,-212.121,1.000,0.000,1.000,4.000,0.000,0.000,21.000,0,0,0
B3_zmq_pushpull,zmq_tcp,none,none,,1,34909,512,584,1785153471369655000,1785153471369655000,1785153471369655000,1785153471369656000,1785153471369701000,1785153471369705000,1785153471369705000,1785153471369705000,121932490,121652369,-235.121,0.000,0.000,1.000,4.000,0.000,0.000,23.000,0,0,0
B3_zmq_pushpull,zmq_tcp,none,none,,1,34910,512,584,1785153471370657000,1785153471370657000,1785153471370657000,1785153471370658000,1785153471370826000,1785153471370828000,1785153471370828000,1785153471370828000,121932490,121652369,-112.121,0.000,0.000,1.000,2.000,0.000,0.000,123.000,0,0,0
B3_zmq_pushpull,zmq_tcp,none,none,,1,34911,512,584,1785153471371655000,1785153471371656000,1785153471371656000,1785153471371657000,1785153471371802000,1785153471371805000,1785153471371805000,1785153471371805000,121932490,121652369,-135.121,1.000,0.000,1.000,3.000,0.000,0.000,23.000,0,0,0
B3_zmq_pushpull,zmq_tcp,none,none,,1,34912,512,584,1785153471372495000,1785153471372495000,1785153471372495000,1785153471372496000,1785153471372647000,1785153471372650000,1785153471372650000,1785153471372650000,121932490,121652369,-129.121,0.000,0.000,1.000,3.000,0.000,0.000,6.000,0,0,0
B3_zmq_pushpull,zmq_tcp,none,none,,1,34913,512,584,1785153471373488000,1785153471373488000,1785153471373488000,1785153471373489000,1785153471373649000,1785153471373651000,1785153471373651000,1785153471373651000,121932490,121652369,-120.121,0.000,0.000,1.000,2.000,0.000,0.000,9.000,0,0,0
B3_zmq_pushpull,zmq_tcp,none,none,,1,34914,512,584,1785153471374700000,1785153471374700000,1785153471374700000,1785153471374701000,1785153471374877000,1785153471374881000,1785153471374881000,1785153471374881000,121932490,121652369,-104.121,0.000,0.000,1.000,4.000,0.000,0.000,16.000,0,0,0
B3_zmq_pushpull,zmq_tcp,none,none,,1,34915,512,584,1785153471375647000,1785153471375647000,1785153471375647000,1785153471375648000,1785153471375826000,1785153471375829000,1785153471375829000,1785153471375829000,121932490,121652369,-102.121,0.000,0.000,1.000,3.000,0.000,0.000,2.000,0,0,0
B3_zmq_pushpull,zmq_tcp,none,none,,1,34916,512,584,1785153471376657000,1785153471376657000,1785153471376657000,1785153471376658000,1785153471376794000,1785153471376797000,1785153471376797000,1785153471376797000,121932490,121652369,-144.121,0.000,0.000,1.000,3.000,0.000,0.000,42.000,0,0,0
B3_zmq_pushpull,zmq_tcp,none,none,,1,34917,512,584,1785153471377655000,1785153471377656000,1785153471377656000,1785153471377657000,1785153471377731000,1785153471377734000,1785153471377734000,1785153471377734000,121932490,121652369,-206.121,1.000,0.000,1.000,3.000,0.000,0.000,62.000,0,0,0
B3_zmq_pushpull,zmq_tcp,none,none,,1,34918,512,584,1785153471378552000,1785153471378552000,1785153471378552000,1785153471378553000,1785153471378702000,1785153471378705000,1785153471378705000,1785153471378705000,121932490,121652369,-131.121,0.000,0.000,1.000,3.000,0.000,0.000,75.000,0,0,0
B3_zmq_pushpull,zmq_tcp,none,none,,1,34919,512,584,1785153471379517000,1785153471379517000,1785153471379517000,1785153471379518000,1785153471379674000,1785153471379677000,1785153471379677000,1785153471379677000,121932490,121652369,-124.121,0.000,0.000,1.000,3.000,0.000,0.000,7.000,0,0,0
B3_zmq_pushpull,zmq_tcp,none,none,,1,34920,512,584,1785153471380690000,1785153471380690000,1785153471380690000,1785153471380691000,1785153471380785000,1785153471380787000,1785153471380787000,1785153471380787000,121932490,121652369,-186.121,0.000,0.000,1.000,2.000,0.000,0.000,62.000,0,0,0
B3_zmq_pushpull,zmq_tcp,none,none,,1,34921,512,584,1785153471381646000,1785153471381646000,1785153471381646000,1785153471381647000,1785153471381759000,1785153471381762000,1785153471381762000,1785153471381763000,121932490,121652369,-168.121,0.000,0.000,1.000,3.000,0.000,1.000,18.000,0,0,0
B3_zmq_pushpull,zmq_tcp,none,none,,1,34922,512,584,1785153471382586000,1785153471382586000,1785153471382586000,1785153471382587000,1785153471382734000,1785153471382737000,1785153471382737000,1785153471382737000,121932490,121652369,-133.121,0.000,0.000,1.000,3.000,0.000,0.000,35.000,0,0,0
B3_zmq_pushpull,zmq_tcp,none,none,,1,34923,512,584,1785153471383674000,1785153471383674000,1785153471383674000,1785153471383675000,1785153471383715000,1785153471383718000,1785153471383718000,1785153471383718000,121932490,121652369,-240.121,0.000,0.000,1.000,3.000,0.000,0.000,107.000,0,0,0
B3_zmq_pushpull,zmq_tcp,none,none,,1,34924,512,584,1785153471384652000,1785153471384652000,1785153471384652000,1785153471384653000,1785153471384803000,1785153471384806000,1785153471384806000,1785153471384806000,121932490,121652369,-130.121,0.000,0.000,1.000,3.000,0.000,0.000,110.000,0,0,0
B3_zmq_pushpull,zmq_tcp,none,none,,1,34925,512,584,1785153471385481000,1785153471385481000,1785153471385481000,1785153471385482000,1785153471385636000,1785153471385639000,1785153471385639000,1785153471385639000,121932490,121652369,-126.121,0.000,0.000,1.000,3.000,0.000,0.000,4.000,0,0,0
B3_zmq_pushpull,zmq_tcp,none,none,,1,34926,512,584,1785153471386483000,1785153471386483000,1785153471386483000,1785153471386484000,1785153471386639000,1785153471386643000,1785153471386643000,1785153471386643000,121932490,121652369,-125.121,0.000,0.000,1.000,4.000,0.000,0.000,1.000,0,0,0
B3_zmq_pushpull,zmq_tcp,none,none,,1,34927,512,584,1785153471387698000,1785153471387698000,1785153471387698000,1785153471387699000,1785153471387747000,1785153471387750000,1785153471387750000,1785153471387750000,121932490,121652369,-232.121,0.000,0.000,1.000,3.000,0.000,0.000,107.000,0,0,0
B3_zmq_pushpull,zmq_tcp,none,none,,1,34928,512,584,1785153471388570000,1785153471388570000,1785153471388571000,1785153471388571000,1785153471388727000,1785153471388731000,1785153471388731000,1785153471388731000,121932490,121652369,-124.121,0.000,1.000,0.000,4.000,0.000,0.000,108.000,0,0,0
B3_zmq_pushpull,zmq_tcp,none,none,,1,34929,512,584,1785153471389677000,1785153471389677000,1785153471389677000,1785153471389678000,1785153471389808000,1785153471389811000,1785153471389811000,1785153471389811000,121932490,121652369,-150.121,0.000,0.000,1.000,3.000,0.000,0.000,26.000,0,0,0
B3_zmq_pushpull,zmq_tcp,none,none,,1,34930,512,584,1785153471390651000,1785153471390651000,1785153471390651000,1785153471390652000,1785153471390787000,1785153471390790000,1785153471390790000,1785153471390790000,121932490,121652369,-145.121,0.000,0.000,1.000,3.000,0.000,0.000,5.000,0,0,0
B3_zmq_pushpull,zmq_tcp,none,none,,1,34931,512,584,1785153471391465000,1785153471391465000,1785153471391466000,1785153471391466000,1785153471391618000,1785153471391621000,1785153471391621000,1785153471391621000,121932490,121652369,-128.121,0.000,1.000,0.000,3.000,0.000,0.000,17.000,0,0,0
B3_zmq_pushpull,zmq_tcp,none,none,,1,34932,512,584,1785153471392465000,1785153471392465000,1785153471392465000,1785153471392466000,1785153471392595000,1785153471392598000,1785153471392598000,1785153471392598000,121932490,121652369,-151.121,0.000,0.000,1.000,3.000,0.000,0.000,23.000,0,0,0
B3_zmq_pushpull,zmq_tcp,none,none,,1,34933,512,584,1785153471393563000,1785153471393563000,1785153471393563000,1785153471393564000,1785153471393710000,1785153471393713000,1785153471393713000,1785153471393713000,121932490,121652369,-134.121,0.000,0.000,1.000,3.000,0.000,0.000,17.000,0,0,0
B3_zmq_pushpull,zmq_tcp,none,none,,1,34934,512,584,1785153471394676000,1785153471394676000,1785153471394676000,1785153471394677000,1785153471394829000,1785153471394832000,1785153471394832000,1785153471394832000,121932490,121652369,-128.121,0.000,0.000,1.000,3.000,0.000,0.000,6.000,0,0,0
B3_zmq_pushpull,zmq_tcp,none,none,,1,34935,512,584,1785153471395650000,1785153471395650000,1785153471395650000,1785153471395651000,1785153471395818000,1785153471395821000,1785153471395821000,1785153471395821000,121932490,121652369,-113.121,0.000,0.000,1.000,3.000,0.000,0.000,15.000,0,0,0
B3_zmq_pushpull,zmq_tcp,none,none,,1,34936,512,584,1785153471396659000,1785153471396659000,1785153471396659000,1785153471396660000,1785153471396809000,1785153471396811000,1785153471396811000,1785153471396811000,121932490,121652369,-131.121,0.000,0.000,1.000,2.000,0.000,0.000,18.000,0,0,0
B3_zmq_pushpull,zmq_tcp,none,none,,1,34937,512,584,1785153471397521000,1785153471397521000,1785153471397521000,1785153471397522000,1785153471397675000,1785153471397678000,1785153471397678000,1785153471397678000,121932490,121652369,-127.121,0.000,0.000,1.000,3.000,0.000,0.000,4.000,0,0,0
B3_zmq_pushpull,zmq_tcp,none,none,,1,34938,512,584,1785153471398501000,1785153471398502000,1785153471398502000,1785153471398502000,1785153471398654000,1785153471398657000,1785153471398657000,1785153471398657000,121932490,121652369,-128.121,1.000,0.000,0.000,3.000,0.000,0.000,1.000,0,0,0
B3_zmq_pushpull,zmq_tcp,none,none,,1,34939,512,584,1785153471399480000,1785153471399480000,1785153471399480000,1785153471399481000,1785153471399633000,1785153471399635000,1785153471399636000,1785153471399636000,121932490,121652369,-128.121,0.000,0.000,1.000,2.000,1.000,0.000,0.000,0,0,0
B3_zmq_pushpull,zmq_tcp,none,none,,1,34940,512,584,1785153471400481000,1785153471400481000,1785153471400481000,1785153471400482000,1785153471400635000,1785153471400638000,1785153471400638000,1785153471400638000,121932490,121652369,-127.121,0.000,0.000,1.000,3.000,0.000,0.000,1.000,0,0,0
B3_zmq_pushpull,zmq_tcp,none,none,,1,34941,512,584,1785153471401697000,1785153471401697000,1785153471401697000,1785153471401698000,1785153471401876000,1785153471401878000,1785153471401878000,1785153471401878000,121932490,121652369,-102.121,0.000,0.000,1.000,2.000,0.000,0.000,25.000,0,0,0
B3_zmq_pushpull,zmq_tcp,none,none,,1,34942,512,584,1785153471402647000,1785153471402647000,1785153471402647000,1785153471402648000,1785153471402726000,1785153471402729000,1785153471402729000,1785153471402729000,121932490,121652369,-202.121,0.000,0.000,1.000,3.000,0.000,0.000,100.000,0,0,0
B3_zmq_pushpull,zmq_tcp,none,none,,1,34943,512,584,1785153471403658000,1785153471403659000,1785153471403659000,1785153471403660000,1785153471403849000,1785153471403851000,1785153471403851000,1785153471403851000,121932490,121652369,-91.121,1.000,0.000,1.000,2.000,0.000,0.000,111.000,0,0,0
B3_zmq_pushpull,zmq_tcp,none,none,,1,34944,512,584,1785153471404654000,1785153471404654000,1785153471404655000,1785153471404655000,1785153471404699000,1785153471404703000,1785153471404703000,1785153471404703000,121932490,121652369,-236.121,0.000,1.000,0.000,4.000,0.000,0.000,145.000,0,0,0
B3_zmq_pushpull,zmq_tcp,none,none,,1,34945,512,584,1785153471405656000,1785153471405656000,1785153471405656000,1785153471405657000,1785153471405809000,1785153471405811000,1785153471405811000,1785153471405811000,121932490,121652369,-128.121,0.000,0.000,1.000,2.000,0.000,0.000,108.000,0,0,0
B3_zmq_pushpull,zmq_tcp,none,none,,1,34946,512,584,1785153471406656000,1785153471406656000,1785153471406656000,1785153471406657000,1785153471406779000,1785153471406782000,1785153471406782000,1785153471406782000,121932490,121652369,-158.121,0.000,0.000,1.000,3.000,0.000,0.000,30.000,0,0,0
B3_zmq_pushpull,zmq_tcp,none,none,,1,34947,512,584,1785153471407586000,1785153471407587000,1785153471407587000,1785153471407588000,1785153471407763000,1785153471407766000,1785153471407766000,1785153471407766000,121932490,121652369,-105.121,1.000,0.000,1.000,3.000,0.000,0.000,53.000,0,0,0
B3_zmq_pushpull,zmq_tcp,none,none,,1,34948,512,584,1785153471408675000,1785153471408675000,1785153471408675000,1785153471408676000,1785153471408746000,1785153471408749000,1785153471408749000,1785153471408749000,121932490,121652369,-210.121,0.000,0.000,1.000,3.000,0.000,0.000,105.000,0,0,0
B3_zmq_pushpull,zmq_tcp,none,none,,1,34949,512,584,1785153471409652000,1785153471409652000,1785153471409652000,1785153471409653000,1785153471409726000,1785153471409729000,1785153471409729000,1785153471409729000,121932490,121652369,-207.121,0.000,0.000,1.000,3.000,0.000,0.000,3.000,0,0,0
B3_zmq_pushpull,zmq_tcp,none,none,,1,34950,512,584,1785153471410659000,1785153471410659000,1785153471410659000,1785153471410660000,1785153471410865000,1785153471410867000,1785153471410867000,1785153471410867000,121932490,121652369,-75.121,0.000,0.000,1.000,2.000,0.000,0.000,132.000,0,0,0
B3_zmq_pushpull,zmq_tcp,none,none,,1,34951,512,584,1785153471411652000,1785153471411652000,1785153471411652000,1785153471411653000,1785153471411697000,1785153471411701000,1785153471411701000,1785153471411701000,121932490,121652369,-236.121,0.000,0.000,1.000,4.000,0.000,0.000,161.000,0,0,0
B3_zmq_pushpull,zmq_tcp,none,none,,1,34952,512,584,1785153471412657000,1785153471412657000,1785153471412657000,1785153471412658000,1785153471412818000,1785153471412821000,1785153471412821000,1785153471412821000,121932490,121652369,-120.121,0.000,0.000,1.000,3.000,0.000,0.000,116.000,0,0,0
B3_zmq_pushpull,zmq_tcp,none,none,,1,34953,512,584,1785153471413656000,1785153471413656000,1785153471413656000,1785153471413657000,1785153471413784000,1785153471413787000,1785153471413787000,1785153471413787000,121932490,121652369,-153.121,0.000,0.000,1.000,3.000,0.000,0.000,33.000,0,0,0
B3_zmq_pushpull,zmq_tcp,none,none,,1,34954,512,584,1785153471414661000,1785153471414661000,1785153471414661000,1785153471414662000,1785153471414772000,1785153471414775000,1785153471414775000,1785153471414775000,121932490,121652369,-170.121,0.000,0.000,1.000,3.000,0.000,0.000,17.000,0,0,0
B3_zmq_pushpull,zmq_tcp,none,none,,1,34955,512,584,1785153471415652000,1785153471415652000,1785153471415652000,1785153471415653000,1785153471415755000,1785153471415758000,1785153471415758000,1785153471415758000,121932490,121652369,-178.121,0.000,0.000,1.000,3.000,0.000,0.000,8.000,0,0,0
B3_zmq_pushpull,zmq_tcp,none,none,,1,34956,512,584,1785153471416660000,1785153471416660000,1785153471416660000,1785153471416661000,1785153471416713000,1785153471416715000,1785153471416715000,1785153471416715000,121932490,121652369,-228.121,0.000,0.000,1.000,2.000,0.000,0.000,50.000,0,0,0
B3_zmq_pushpull,zmq_tcp,none,none,,1,34957,512,584,1785153471417546000,1785153471417547000,1785153471417547000,1785153471417548000,1785153471417706000,1785153471417709000,1785153471417709000,1785153471417709000,121932490,121652369,-122.121,1.000,0.000,1.000,3.000,0.000,0.000,106.000,0,0,0
B3_zmq_pushpull,zmq_tcp,none,none,,1,34958,512,584,1785153471418685000,1785153471418685000,1785153471418685000,1785153471418686000,1785153471418843000,1785153471418846000,1785153471418847000,1785153471418847000,121932490,121652369,-123.121,0.000,0.000,1.000,3.000,1.000,0.000,1.000,0,0,0
B3_zmq_pushpull,zmq_tcp,none,none,,1,34959,512,584,1785153471419531000,1785153471419532000,1785153471419532000,1785153471419533000,1785153471419677000,1785153471419680000,1785153471419680000,1785153471419680000,121932490,121652369,-136.121,1.000,0.000,1.000,3.000,0.000,0.000,13.000,0,0,0
B3_zmq_pushpull,zmq_tcp,none,none,,1,34960,512,584,1785153471420690000,1785153471420691000,1785153471420691000,1785153471420692000,1785153471420795000,1785153471420798000,1785153471420798000,1785153471420798000,121932490,121652369,-177.121,1.000,0.000,1.000,3.000,0.000,0.000,41.000,0,0,0
B3_zmq_pushpull,zmq_tcp,none,none,,1,34961,512,584,1785153471421648000,1785153471421648000,1785153471421648000,1785153471421649000,1785153471421789000,1785153471421791000,1785153471421791000,1785153471421792000,121932490,121652369,-140.121,0.000,0.000,1.000,2.000,0.000,1.000,37.000,0,0,0
B3_zmq_pushpull,zmq_tcp,none,none,,1,34962,512,584,1785153471422661000,1785153471422661000,1785153471422661000,1785153471422662000,1785153471422768000,1785153471422770000,1785153471422770000,1785153471422770000,121932490,121652369,-174.121,0.000,0.000,1.000,2.000,0.000,0.000,34.000,0,0,0
B3_zmq_pushpull,zmq_tcp,none,none,,1,34963,512,584,1785153471423654000,1785153471423654000,1785153471423654000,1785153471423655000,1785153471423759000,1785153471423762000,1785153471423762000,1785153471423762000,121932490,121652369,-176.121,0.000,0.000,1.000,3.000,0.000,0.000,2.000,0,0,0
B3_zmq_pushpull,zmq_tcp,none,none,,1,34964,512,584,1785153471424659000,1785153471424659000,1785153471424659000,1785153471424660000,1785153471424743000,1785153471424746000,1785153471424746000,1785153471424746000,121932490,121652369,-197.121,0.000,0.000,1.000,3.000,0.000,0.000,21.000,0,0,0
B3_zmq_pushpull,zmq_tcp,none,none,,1,34965,512,584,1785153471425656000,1785153471425656000,1785153471425656000,1785153471425657000,1785153471425722000,1785153471425725000,1785153471425725000,1785153471425725000,121932490,121652369,-215.121,0.000,0.000,1.000,3.000,0.000,0.000,18.000,0,0,0
B3_zmq_pushpull,zmq_tcp,none,none,,1,34966,512,584,1785153471426656000,1785153471426656000,1785153471426656000,1785153471426657000,1785153471426819000,1785153471426822000,1785153471426822000,1785153471426822000,121932490,121652369,-118.121,0.000,0.000,1.000,3.000,0.000,0.000,97.000,0,0,0
B3_zmq_pushpull,zmq_tcp,none,none,,1,34967,512,584,1785153471427653000,1785153471427653000,1785153471427653000,1785153471427654000,1785153471427786000,1785153471427789000,1785153471427789000,1785153471427789000,121932490,121652369,-148.121,0.000,0.000,1.000,3.000,0.000,0.000,30.000,0,0,0
B3_zmq_pushpull,zmq_tcp,none,none,,1,34968,512,584,1785153471428660000,1785153471428660000,1785153471428660000,1785153471428661000,1785153471428763000,1785153471428766000,1785153471428766000,1785153471428766000,121932490,121652369,-178.121,0.000,0.000,1.000,3.000,0.000,0.000,30.000,0,0,0
B3_zmq_pushpull,zmq_tcp,none,none,,1,34969,512,584,1785153471429656000,1785153471429656000,1785153471429656000,1785153471429657000,1785153471429720000,1785153471429723000,1785153471429723000,1785153471429723000,121932490,121652369,-217.121,0.000,0.000,1.000,3.000,0.000,0.000,39.000,0,0,0
B3_zmq_pushpull,zmq_tcp,none,none,,1,34970,512,584,1785153471430658000,1785153471430658000,1785153471430658000,1785153471430659000,1785153471430844000,1785153471430846000,1785153471430846000,1785153471430846000,121932490,121652369,-95.121,0.000,0.000,1.000,2.000,0.000,0.000,122.000,0,0,0
B3_zmq_pushpull,zmq_tcp,none,none,,1,34971,512,584,1785153471431654000,1785153471431655000,1785153471431655000,1785153471431656000,1785153471431811000,1785153471431813000,1785153471431813000,1785153471431813000,121932490,121652369,-125.121,1.000,0.000,1.000,2.000,0.000,0.000,30.000,0,0,0
B3_zmq_pushpull,zmq_tcp,none,none,,1,34972,512,584,1785153471432657000,1785153471432657000,1785153471432657000,1785153471432658000,1785153471432785000,1785153471432788000,1785153471432788000,1785153471432788000,121932490,121652369,-153.121,0.000,0.000,1.000,3.000,0.000,0.000,28.000,0,0,0
B3_zmq_pushpull,zmq_tcp,none,none,,1,34973,512,584,1785153471433656000,1785153471433656000,1785153471433656000,1785153471433657000,1785153471433761000,1785153471433764000,1785153471433764000,1785153471433764000,121932490,121652369,-176.121,0.000,0.000,1.000,3.000,0.000,0.000,23.000,0,0,0
B3_zmq_pushpull,zmq_tcp,none,none,,1,34974,512,584,1785153471434571000,1785153471434571000,1785153471434571000,1785153471434572000,1785153471434724000,1785153471434726000,1785153471434726000,1785153471434726000,121932490,121652369,-128.121,0.000,0.000,1.000,2.000,0.000,0.000,48.000,0,0,0
B3_zmq_pushpull,zmq_tcp,none,none,,1,34975,512,584,1785153471435559000,1785153471435559000,1785153471435559000,1785153471435560000,1785153471435710000,1785153471435713000,1785153471435713000,1785153471435713000,121932490,121652369,-130.121,0.000,0.000,1.000,3.000,0.000,0.000,2.000,0,0,0
B3_zmq_pushpull,zmq_tcp,none,none,,1,34976,512,584,1785153471436680000,1785153471436680000,1785153471436680000,1785153471436681000,1785153471436817000,1785153471436820000,1785153471436820000,1785153471436820000,121932490,121652369,-144.121,0.000,0.000,1.000,3.000,0.000,0.000,14.000,0,0,0
B3_zmq_pushpull,zmq_tcp,none,none,,1,34977,512,584,1785153471437651000,1785153471437652000,1785153471437652000,1785153471437653000,1785153471437790000,1785153471437793000,1785153471437793000,1785153471437793000,121932490,121652369,-143.121,1.000,0.000,1.000,3.000,0.000,0.000,1.000,0,0,0
B3_zmq_pushpull,zmq_tcp,none,none,,1,34978,512,584,1785153471438654000,1785153471438655000,1785153471438655000,1785153471438656000,1785153471438762000,1785153471438765000,1785153471438765000,1785153471438765000,121932490,121652369,-174.121,1.000,0.000,1.000,3.000,0.000,0.000,31.000,0,0,0
B3_zmq_pushpull,zmq_tcp,none,none,,1,34979,512,584,1785153471439658000,1785153471439658000,1785153471439659000,1785153471439659000,1785153471439741000,1785153471439744000,1785153471439744000,1785153471439744000,121932490,121652369,-198.121,0.000,1.000,0.000,3.000,0.000,0.000,24.000,0,0,0
B3_zmq_pushpull,zmq_tcp,none,none,,1,34980,512,584,1785153471440656000,1785153471440656000,1785153471440656000,1785153471440657000,1785153471440714000,1785153471440717000,1785153471440717000,1785153471440717000,121932490,121652369,-223.121,0.000,0.000,1.000,3.000,0.000,0.000,25.000,0,0,0
B3_zmq_pushpull,zmq_tcp,none,none,,1,34981,512,584,1785153471441654000,1785153471441654000,1785153471441654000,1785153471441655000,1785153471441699000,1785153471441702000,1785153471441702000,1785153471441702000,121932490,121652369,-236.121,0.000,0.000,1.000,3.000,0.000,0.000,13.000,0,0,0
B3_zmq_pushpull,zmq_tcp,none,none,,1,34982,512,584,1785153471442657000,1785153471442657000,1785153471442657000,1785153471442658000,1785153471442826000,1785153471442830000,1785153471442830000,1785153471442830000,121932490,121652369,-112.121,0.000,0.000,1.000,4.000,0.000,0.000,124.000,0,0,0
B3_zmq_pushpull,zmq_tcp,none,none,,1,34983,512,584,1785153471443521000,1785153471443521000,1785153471443521000,1785153471443522000,1785153471443678000,1785153471443681000,1785153471443681000,1785153471443681000,121932490,121652369,-124.121,0.000,0.000,1.000,3.000,0.000,0.000,12.000,0,0,0
B3_zmq_pushpull,zmq_tcp,none,none,,1,34984,512,584,1785153471444507000,1785153471444507000,1785153471444507000,1785153471444508000,1785153471444665000,1785153471444668000,1785153471444668000,1785153471444668000,121932490,121652369,-123.121,0.000,0.000,1.000,3.000,0.000,0.000,1.000,0,0,0
B3_zmq_pushpull,zmq_tcp,none,none,,1,34985,512,584,1785153471445690000,1785153471445690000,1785153471445690000,1785153471445691000,1785153471445782000,1785153471445785000,1785153471445785000,1785153471445785000,121932490,121652369,-189.121,0.000,0.000,1.000,3.000,0.000,0.000,66.000,0,0,0
B3_zmq_pushpull,zmq_tcp,none,none,,1,34986,512,584,1785153471446648000,1785153471446648000,1785153471446648000,1785153471446649000,1785153471446749000,1785153471446752000,1785153471446752000,1785153471446752000,121932490,121652369,-180.121,0.000,0.000,1.000,3.000,0.000,0.000,9.000,0,0,0
B3_zmq_pushpull,zmq_tcp,none,none,,1,34987,512,584,1785153471447659000,1785153471447659000,1785153471447659000,1785153471447660000,1785153471447716000,1785153471447719000,1785153471447719000,1785153471447719000,121932490,121652369,-224.121,0.000,0.000,1.000,3.000,0.000,0.000,44.000,0,0,0
B3_zmq_pushpull,zmq_tcp,none,none,,1,34988,512,584,1785153471448654000,1785153471448654000,1785153471448654000,1785153471448655000,1785153471448705000,1785153471448708000,1785153471448708000,1785153471448708000,121932490,121652369,-230.121,0.000,0.000,1.000,3.000,0.000,0.000,6.000,0,0,0
B3_zmq_pushpull,zmq_tcp,none,none,,1,34989,512,584,1785153471449659000,1785153471449659000,1785153471449659000,1785153471449660000,1785153471449834000,1785153471449837000,1785153471449837000,1785153471449837000,121932490,121652369,-106.121,0.000,0.000,1.000,3.000,0.000,0.000,124.000,0,0,0
B3_zmq_pushpull,zmq_tcp,none,none,,1,34990,512,584,1785153471450656000,1785153471450656000,1785153471450656000,1785153471450657000,1785153471450782000,1785153471450785000,1785153471450785000,1785153471450785000,121932490,121652369,-155.121,0.000,0.000,1.000,3.000,0.000,0.000,49.000,0,0,0
B3_zmq_pushpull,zmq_tcp,none,none,,1,34991,512,584,1785153471451464000,1785153471451464000,1785153471451464000,1785153471451465000,1785153471451620000,1785153471451624000,1785153471451624000,1785153471451624000,121932490,121652369,-125.121,0.000,0.000,1.000,4.000,0.000,0.000,30.000,0,0,0
B3_zmq_pushpull,zmq_tcp,none,none,,1,34992,512,584,1785153471452484000,1785153471452484000,1785153471452484000,1785153471452485000,1785153471452626000,1785153471452629000,1785153471452629000,1785153471452629000,121932490,121652369,-139.121,0.000,0.000,1.000,3.000,0.000,0.000,14.000,0,0,0
B3_zmq_pushpull,zmq_tcp,none,none,,1,34993,512,584,1785153471453700000,1785153471453700000,1785153471453700000,1785153471453701000,1785153471453761000,1785153471453764000,1785153471453764000,1785153471453764000,121932490,121652369,-220.121,0.000,0.000,1.000,3.000,0.000,0.000,81.000,0,0,0
B3_zmq_pushpull,zmq_tcp,none,none,,1,34994,512,584,1785153471454648000,1785153471454648000,1785153471454648000,1785153471454649000,1785153471454756000,1785153471454759000,1785153471454759000,1785153471454759000,121932490,121652369,-173.121,0.000,0.000,1.000,3.000,0.000,0.000,47.000,0,0,0
B3_zmq_pushpull,zmq_tcp,none,none,,1,34995,512,584,1785153471455657000,1785153471455658000,1785153471455658000,1785153471455659000,1785153471455744000,1785153471455747000,1785153471455747000,1785153471455747000,121932490,121652369,-195.121,1.000,0.000,1.000,3.000,0.000,0.000,22.000,0,0,0
B3_zmq_pushpull,zmq_tcp,none,none,,1,34996,512,584,1785153471456660000,1785153471456660000,1785153471456660000,1785153471456661000,1785153471456728000,1785153471456731000,1785153471456731000,1785153471456731000,121932490,121652369,-213.121,0.000,0.000,1.000,3.000,0.000,0.000,18.000,0,0,0
B3_zmq_pushpull,zmq_tcp,none,none,,1,34997,512,584,1785153471457657000,1785153471457657000,1785153471457658000,1785153471457658000,1785153471457846000,1785153471457849000,1785153471457849000,1785153471457849000,121932490,121652369,-92.121,0.000,1.000,0.000,3.000,0.000,0.000,121.000,0,0,0
B3_zmq_pushpull,zmq_tcp,none,none,,1,34998,512,584,1785153471458653000,1785153471458653000,1785153471458653000,1785153471458654000,1785153471458704000,1785153471458707000,1785153471458707000,1785153471458707000,121932490,121652369,-230.121,0.000,0.000,1.000,3.000,0.000,0.000,138.000,0,0,0
B3_zmq_pushpull,zmq_tcp,none,none,,1,34999,512,584,1785153471459659000,1785153471459659000,1785153471459659000,1785153471459660000,1785153471459708000,1785153471459714000,1785153471459715000,1785153471459715000,121932490,121652369,-232.121,0.000,0.000,1.000,6.000,1.000,0.000,2.000,0,0,0
